{
"metadata": {
    "version": {
        "essentia": "2.1-beta5",
        "essentia_git_sha": "Undefined",
        "extractor": "music 2.0"
    },
    "audio_properties": {
        "analysis": {
            "equal_loudness": 0,
            "length": 12.7477550507,
            "sample_rate": 44100,
            "start_time": 0,
            "downmix": "mix"
        },
        "bit_rate": 192000,
        "length": 194.188476562,
        "lossless": 0,
        "number_channels": 2,
        "replay_gain": 1.37262916565,
        "sample_rate": 44100,
        "codec": "mp3",
        "md5_encoded": "aaaa549273ee411ab0e62e6560eaaa07"
    },
    "tags": {
        "file_name": "Cyprus_Genesis_Michael Hajiyanni.mp3",
        "encoding": ["Lavf58.29.100"]
    }
},
"lowlevel": {
    "average_loudness": 0.642381966114,
    "barkbands_crest": {
        "max": 26.1201229095,
        "mean": 11.4515256882,
        "min": 2.73735070229,
        "stdev": 5.49120330811
    },
    "barkbands_flatness_db": {
        "max": 0.410064905882,
        "mean": 0.187022387981,
        "min": 0.0434494204819,
        "stdev": 0.0726623982191
    },
    "barkbands_kurtosis": {
        "max": 47.693069458,
        "mean": 4.31526660919,
        "min": -1.78257238865,
        "stdev": 8.03156757355
    },
    "barkbands_skewness": {
        "max": 4.77988386154,
        "mean": -0.0248814504594,
        "min": -4.30216550827,
        "stdev": 1.53408885002
    },
    "barkbands_spread": {
        "max": 40.2472915649,
        "mean": 12.7606992722,
        "min": 0.942547142506,
        "stdev": 7.02807235718
    },
    "dissonance": {
        "max": 0.500000059605,
        "mean": 0.430144220591,
        "min": 0.187399700284,
        "stdev": 0.0737956017256
    },
    "dynamic_complexity": 6.18203783035,
    "erbbands_crest": {
        "max": 34.8013000488,
        "mean": 14.9540948868,
        "min": 3.62224078178,
        "stdev": 7.18423461914
    },
    "erbbands_flatness_db": {
        "max": 0.434771209955,
        "mean": 0.243744954467,
        "min": 0.0934377536178,
        "stdev": 0.0602139905095
    },
    "erbbands_kurtosis": {
        "max": 107.331604004,
        "mean": 7.99127483368,
        "min": -1.40113711357,
        "stdev": 14.4646930695
    },
    "erbbands_skewness": {
        "max": 5.6623711586,
        "mean": -0.0464156009257,
        "min": -6.06464576721,
        "stdev": 1.56381762028
    },
    "erbbands_spread": {
        "max": 71.0814590454,
        "mean": 14.4408578873,
        "min": 0.94889241457,
        "stdev": 9.12183856964
    },
    "hfc": {
        "max": 197.457870483,
        "mean": 18.7762851715,
        "min": 1.19126171071e-16,
        "stdev": 28.1876869202
    },
    "loudness_ebu128": {
        "integrated": -26.2450370789,
        "loudness_range": 11.6000671387,
        "momentary": {
            "max": -20.0086917877,
            "mean": -30.3871192932,
            "min": -47.3389663696,
            "stdev": 6.62596940994
        },
        "short_term": {
            "max": -23.0682010651,
            "mean": -29.0507335663,
            "min": -35.7921524048,
            "stdev": 4.20988798141
        }
    },
    "melbands_crest": {
        "max": 34.8180961609,
        "mean": 14.1037120819,
        "min": 2.52286362648,
        "stdev": 7.74159812927
    },
    "melbands_flatness_db": {
        "max": 0.425277024508,
        "mean": 0.229370042682,
        "min": 0.00516801467165,
        "stdev": 0.107971630991
    },
    "melbands_kurtosis": {
        "max": 48.5679092407,
        "mean": 3.95870614052,
        "min": -1.80943107605,
        "stdev": 8.1276216507
    },
    "melbands_skewness": {
        "max": 5.19659376144,
        "mean": 0.434657663107,
        "min": -4.61562728882,
        "stdev": 1.58625078201
    },
    "melbands_spread": {
        "max": 144.014144897,
        "mean": 26.4240856171,
        "min": 2.39115214348,
        "stdev": 17.1355628967
    },
    "pitch_salience": {
        "max": 0.874408423901,
        "mean": 0.51183027029,
        "min": 0.0941319167614,
        "stdev": 0.201343402267
    },
    "silence_rate_20dB": {
        "max": 1,
        "mean": 1,
        "min": 1,
        "stdev": 0
    },
    "silence_rate_30dB": {
        "max": 1,
        "mean": 0.994545459747,
        "min": 0,
        "stdev": 0.0736535191536
    },
    "silence_rate_60dB": {
        "max": 1,
        "mean": 0.281818181276,
        "min": 0,
        "stdev": 0.449885457754
    },
    "spectral_centroid": {
        "max": 10542.0429688,
        "mean": 1481.89599609,
        "min": 292.270935059,
        "stdev": 948.17401123
    },
    "spectral_complexity": {
        "max": 46,
        "mean": 12.3127269745,
        "min": 0,
        "stdev": 10.1737823486
    },
    "spectral_decrease": {
        "max": -6.15498742574e-29,
        "mean": -3.40261618881e-09,
        "min": -3.06467633493e-08,
        "stdev": 4.62084104313e-09
    },
    "spectral_energy": {
        "max": 0.126257896423,
        "mean": 0.0145453214645,
        "min": 1.10373924151e-20,
        "stdev": 0.0198423396796
    },
    "spectral_energyband_high": {
        "max": 0.0043243994005,
        "mean": 0.000227929922403,
        "min": 7.94386697895e-21,
        "stdev": 0.000412962923292
    },
    "spectral_energyband_low": {
        "max": 0.0108667910099,
        "mean": 0.00144374568481,
        "min": 1.45714965912e-22,
        "stdev": 0.00212799129076
    },
    "spectral_energyband_middle_high": {
        "max": 0.110823832452,
        "mean": 0.0108399037272,
        "min": 1.59863578784e-21,
        "stdev": 0.0177538599819
    },
    "spectral_energyband_middle_low": {
        "max": 0.0939384102821,
        "mean": 0.00211255415343,
        "min": 3.31354295832e-22,
        "stdev": 0.00563837587833
    },
    "spectral_entropy": {
        "max": 9.80483150482,
        "mean": 7.01179885864,
        "min": 4.90223312378,
        "stdev": 0.736862123013
    },
    "spectral_flux": {
        "max": 0.353711366653,
        "mean": 0.0502511821687,
        "min": 1.05058996225e-10,
        "stdev": 0.0428804717958
    },
    "spectral_kurtosis": {
        "max": 36.419631958,
        "mean": 9.07174301147,
        "min": -1.19631290436,
        "stdev": 5.30637073517
    },
    "spectral_rms": {
        "max": 0.0110985785723,
        "mean": 0.00312819029205,
        "min": 3.28149183174e-12,
        "stdev": 0.00209880596958
    },
    "spectral_rolloff": {
        "max": 18647.7539062,
        "mean": 1724.68835449,
        "min": 129.19921875,
        "stdev": 1324.24609375
    },
    "spectral_skewness": {
        "max": 5.08997678757,
        "mean": 2.15341329575,
        "min": 0.0894321352243,
        "stdev": 0.701764702797
    },
    "spectral_spread": {
        "max": 41005452,
        "mean": 3263359,
        "min": 1462902.625,
        "stdev": 1820824.125
    },
    "spectral_strongpeak": {
        "max": 24.0643234253,
        "mean": 2.54169130325,
        "min": 1.67304503584e-09,
        "stdev": 3.78008079529
    },
    "zerocrossingrate": {
        "max": 0.48486328125,
        "mean": 0.0632404088974,
        "min": 0.0048828125,
        "stdev": 0.0402280166745
    },
    "barkbands": {
        "max": [0.000164559809491, 0.0058834021911, 0.00575829157606, 0.00626987265423, 0.0207692459226, 0.00460204249248, 0.0452593713999, 0.0654398351908, 0.00880915485322, 0.00986520666629, 0.0280237868428, 0.0518665760756, 0.0514806434512, 0.0545952394605, 0.109293989837, 0.00705787260085, 0.00886473339051, 0.0151461884379, 0.012527144514, 0.00255312421359, 0.0020056203939, 0.00126214430202, 0.000921391882002, 0.000384919345379, 7.61803166824e-05, 4.73791333206e-05, 1.76724441303e-07],
        "mean": [1.34158863148e-05, 0.000682509737089, 0.000696315080859, 0.000104180908238, 0.000755188928451, 0.000402559991926, 0.000270924530923, 0.000321001192788, 0.00020764846704, 0.000169724502484, 0.00129698065575, 0.00266280164942, 0.00230307271704, 0.000710686552338, 0.00249712704681, 0.000283188797766, 0.000290608848445, 0.000365781073924, 0.000223188952077, 9.98008617898e-05, 9.59666067502e-05, 4.2591305828e-05, 2.79070118268e-05, 1.47101636685e-05, 5.92618062001e-06, 1.48997150973e-06, 3.37673888851e-08],
        "min": [3.24893815319e-23, 8.08063609811e-23, 2.96344592061e-23, 8.08380637232e-24, 6.13697685987e-23, 3.89031930337e-23, 5.34449161211e-23, 2.69343524106e-23, 1.09704323869e-22, 7.28163864581e-23, 5.19759340532e-23, 1.27291920953e-22, 9.44918670637e-23, 1.26902614941e-22, 1.02045241786e-22, 2.43987332112e-22, 1.24498242632e-22, 3.60311145609e-22, 1.9421260713e-22, 3.41458177768e-22, 4.55944387117e-22, 5.64832688022e-22, 6.83331157532e-22, 1.00234792124e-21, 1.28204129411e-21, 1.5380474333e-21, 2.40848943033e-21],
        "stdev": [1.71792707988e-05, 0.00109125685412, 0.00120930874255, 0.000307023379719, 0.00148911739234, 0.000714949565008, 0.00196781312115, 0.00308246281929, 0.00050865666708, 0.000599792576395, 0.00380902737379, 0.00801373645663, 0.0067929928191, 0.00331879034638, 0.0110040782019, 0.000583182380069, 0.0007448734832, 0.00136547209695, 0.00082185131032, 0.000209493184229, 0.000174868517206, 9.91074412013e-05, 6.55455951346e-05, 3.18242418871e-05, 1.16306500786e-05, 3.59545879292e-06, 2.45011779754e-08]
    },
    "erbbands": {
        "max": [0.190069511533, 1.27299320698, 5.44269371033, 8.45830154419, 30.1074867249, 95.0693054199, 29.3188705444, 46.6244544983, 319.848266602, 1077.85974121, 1046.17272949, 168.604019165, 177.267074585, 483.765625, 867.849060059, 2194.87426758, 1725.87731934, 733.137634277, 6970.39404297, 802.670715332, 342.1199646, 364.973022461, 637.143554688, 1748.63439941, 149.154251099, 113.994354248, 72.8280944824, 69.5504684448, 28.9507369995, 65.1934661865, 13.8723497391, 12.6447467804, 4.17771673203, 1.20852172375, 0.433323144913, 0.257386952639, 0.0768626108766, 0.0037464115303, 9.7476906376e-05, 0.000154329667566],
        "mean": [0.0195818450302, 0.165046870708, 0.684439003468, 0.610380828381, 1.13918459415, 3.4052567482, 2.57958006859, 3.35052132607, 2.68434691429, 7.54650020599, 5.93000411987, 4.30273771286, 5.71669960022, 22.168422699, 43.549156189, 121.479179382, 106.194831848, 31.6179008484, 168.391784668, 31.3541622162, 15.4596357346, 16.460975647, 16.6915473938, 20.6775569916, 7.3237528801, 4.4214887619, 3.43926286697, 3.8766272068, 1.64183282852, 1.13749015331, 0.709815263748, 0.405792206526, 0.217008113861, 0.0902714952826, 0.0309818200767, 0.00948311481625, 0.00240242504515, 0.000203388684895, 1.39210960697e-05, 1.86146171473e-05],
        "min": [3.60944137697e-21, 1.37416800977e-20, 3.97336594981e-20, 2.88428121451e-20, 1.01775035948e-19, 2.18455297848e-19, 2.24072784785e-19, 4.3391356524e-19, 4.98351503645e-19, 8.90794110381e-19, 6.84371033422e-19, 2.24145556e-18, 3.07447730845e-18, 2.16568684986e-18, 2.36407846836e-18, 5.32057293809e-18, 4.3205632763e-18, 6.8556406568e-18, 6.04925412407e-18, 9.69768765774e-18, 1.01507948634e-17, 7.38781723005e-18, 1.4117764484e-17, 1.80895532589e-17, 1.02168402722e-17, 1.82703087664e-17, 1.96258245254e-17, 1.66008531494e-17, 2.18951118179e-17, 2.63881848517e-17, 1.48331450194e-17, 1.4751786843e-17, 1.95894980616e-17, 1.46644067919e-17, 9.13313771685e-18, 6.12226563443e-18, 2.79026818294e-18, 1.14420647451e-18, 3.68033256492e-19, 3.48920873623e-20],
        "stdev": [0.0351780541241, 0.253241896629, 1.20983910561, 1.08808910847, 2.74912810326, 6.88539600372, 4.11653280258, 6.41305112839, 14.0677175522, 54.4834861755, 49.3329200745, 11.0119409561, 14.0509119034, 55.1049003601, 111.746589661, 342.322357178, 294.388366699, 80.5437240601, 734.553222656, 75.4235153198, 29.8222141266, 38.7458953857, 49.7997093201, 97.1528167725, 17.4003448486, 9.6489238739, 7.5037522316, 7.03980827332, 3.34662699699, 3.766238451, 1.53365778923, 0.927760779858, 0.460920393467, 0.176729500294, 0.0628626272082, 0.0226220227778, 0.0054838755168, 0.000294173136353, 1.55611578521e-05, 2.50207594945e-05]
    },
    "gfcc": {
        "mean": [-102.955406189, 99.2453384399, -139.62940979, 19.7615833282, -50.4356651306, 21.5400886536, -30.5180606842, -3.90004301071, -24.0961704254, 2.47076845169, -8.80080032349, 1.57619917393, -7.7332406044],
        "cov": [[9037.47460938, -1850.15686035, -3177.68286133, 272.840423584, 30.4522361755, 213.213012695, -611.994567871, -245.229476929, 53.4083747864, 307.874755859, 20.4731292725, -203.616226196, 74.8481216431], [-1850.15686035, 2782.05883789, 2125.20776367, -353.4375, 196.180679321, -51.5072364807, 371.817138672, -270.637329102, -173.061172485, -263.651977539, 230.145339966, 67.7489242554, 33.5784568787], [-3177.68286133, 2125.20776367, 2472.328125, -162.631072998, 52.139957428, 58.6196174622, 307.330780029, -160.252944946, -116.056884766, -163.302841187, 213.259277344, 102.290008545, -29.4703063965], [272.840423584, -353.4375, -162.631072998, 239.297698975, 22.9607620239, 45.2355079651, -76.6179885864, -1.36276566982, 49.4926223755, 74.139755249, -1.15952253342, -18.4949474335, -18.1836242676], [30.4522361755, 196.180679321, 52.139957428, 22.9607620239, 325.513641357, 144.875228882, 13.2674674988, -139.990814209, -59.7601966858, 36.5217247009, 58.5411872864, -13.5724458694, 68.3478088379], [213.213012695, -51.5072364807, 58.6196174622, 45.2355079651, 144.875228882, 261.929504395, 34.1377029419, -131.204116821, -49.1769676208, 75.4089508057, 95.829246521, 19.0646152496, 40.9554748535], [-611.994567871, 371.817138672, 307.330780029, -76.6179885864, 13.2674674988, 34.1377029419, 283.475402832, 16.9470405579, -81.8989105225, -98.7184829712, 76.7127380371, 85.2690582275, -1.51160609722], [-245.229476929, -270.637329102, -160.252944946, -1.36276566982, -139.990814209, -131.204116821, 16.9470405579, 297.221221924, 110.038825989, -58.5089683533, -144.980209351, 10.4392385483, -25.2039394379], [53.4083747864, -173.061172485, -116.056884766, 49.4926223755, -59.7601966858, -49.1769676208, -81.8989105225, 110.038825989, 183.005264282, 55.4760932922, -79.394859314, -49.5942840576, -9.22541904449], [307.874755859, -263.651977539, -163.302841187, 74.139755249, 36.5217247009, 75.4089508057, -98.7184829712, -58.5089683533, 55.4760932922, 169.738708496, 39.3405380249, -38.3540267944, 9.58863925934], [20.4731292725, 230.145339966, 213.259277344, -1.15952253342, 58.5411872864, 95.829246521, 76.7127380371, -144.980209351, -79.394859314, 39.3405380249, 201.990524292, 54.827129364, -8.06068515778], [-203.616226196, 67.7489242554, 102.290008545, -18.4949474335, -13.5724458694, 19.0646152496, 85.2690582275, 10.4392385483, -49.5942840576, -38.3540267944, 54.827129364, 89.1703643799, 5.90669584274], [74.8481216431, 33.5784568787, -29.4703063965, -18.1836242676, 68.3478088379, 40.9554748535, -1.51160609722, -25.2039394379, -9.22541904449, 9.58863925934, -8.06068515778, 5.90669584274, 78.0220794678]],
        "icov": [[0.000565837835893, -0.00120103009976, 0.00160603236873, -0.000822323083412, 0.00114584213588, -0.001741503831, 0.00134615809657, -0.000613249081653, 0.000521478941664, 0.000204158117413, -0.000781720562372, 0.000377828400815, 5.46193950868e-05], [-0.00120103009976, 0.00525894574821, -0.0052486602217, 0.00344844185747, -0.00390055426396, 0.00601534219459, -0.00405596103519, 0.00331049296074, -0.00277268281206, 0.00193462416064, 9.23187399167e-05, 0.000952986185439, -0.00166801153682], [0.00160603236873, -0.0052486602217, 0.00635813828558, -0.00329398200847, 0.00421201391146, -0.00656609237194, 0.00428217463195, -0.00267506460659, 0.00208510342054, -0.000379471923225, -0.00155936181545, -0.000200935333851, 0.00147511309478], [-0.000822323083412, 0.00344844185747, -0.00329398200847, 0.00795633811504, -0.00346059957519, 0.00288601778448, -0.00158227374777, 0.00200116680935, -0.00292233307846, -9.49959794525e-05, 0.000586785841733, -0.001083808369, 0.00185602367856], [0.00114584213588, -0.00390055426396, 0.00421201391146, -0.00346059957519, 0.00861495919526, -0.00652649765834, 0.00285085034557, -0.00147485698108, 0.00283674104139, -0.00017490866594, -0.00140793959145, 0.00276221567765, -0.00317582325079], [-0.001741503831, 0.00601534219459, -0.00656609237194, 0.00288601778448, -0.00652649765834, 0.014784052968, -0.00691480236128, 0.0053345868364, -0.00259794597514, -0.00202917354181, 0.00125961436424, -0.00147638597991, -0.0029955143109], [0.00134615809657, -0.00405596103519, 0.00428217463195, -0.00158227374777, 0.00285085034557, -0.00691480236128, 0.0113335857168, -0.00516137480736, 0.00285337050445, 0.00298700947315, -0.0045250216499, -0.00182019418571, 0.00102809816599], [-0.000613249081653, 0.00331049296074, -0.00267506460659, 0.00200116680935, -0.00147485698108, 0.0053345868364, -0.00516137480736, 0.0130820972845, -0.00718265818432, 0.0015415113885, 0.00695834727958, -0.0060943197459, 0.00137879198883], [0.000521478941664, -0.00277268281206, 0.00208510342054, -0.00292233307846, 0.00283674104139, -0.00259794597514, 0.00285337050445, -0.00718265818432, 0.0136905424297, -0.00579503923655, 0.000372945942217, 0.00432746950537, -0.000544841052033], [0.000204158117413, 0.00193462416064, -0.000379471923225, -9.49959794525e-05, -0.00017490866594, -0.00202917354181, 0.00298700947315, 0.0015415113885, -0.00579503923655, 0.0167420655489, -0.00814375001937, 0.00599669711664, -0.00345780979842], [-0.000781720562372, 9.23187399167e-05, -0.00155936181545, 0.000586785841733, -0.00140793959145, 0.00125961436424, -0.0045250216499, 0.00695834727958, 0.000372945942217, -0.00814375001937, 0.0183452665806, -0.0119436858222, 0.00683467835188], [0.000377828400815, 0.000952986185439, -0.000200935333851, -0.001083808369, 0.00276221567765, -0.00147638597991, -0.00182019418571, -0.0060943197459, 0.00432746950537, 0.00599669711664, -0.0119436858222, 0.0274276398122, -0.00828540790826], [5.46193950868e-05, -0.00166801153682, 0.00147511309478, 0.00185602367856, -0.00317582325079, -0.0029955143109, 0.00102809816599, 0.00137879198883, -0.000544841052033, -0.00345780979842, 0.00683467835188, -0.00828540790826, 0.0209857467562]]
    },
    "melbands": {
        "max": [0.00172926462255, 0.002075036522, 0.00245585502125, 0.00467682257295, 0.00178967532702, 0.000928556662984, 0.00617777789012, 0.0108034219593, 0.00694648036733, 0.000811003381386, 0.000974494847469, 0.0017945804866, 0.00411608442664, 0.00432310532779, 0.0121651962399, 0.00150343507994, 0.00151467404794, 0.0112081663683, 0.0029171439819, 0.000861485663336, 0.00030884105945, 0.000383652164601, 0.000583842396736, 0.000815786130261, 0.00159196229652, 0.000174384185812, 0.000135152193252, 5.93106160522e-05, 4.51520463685e-05, 5.62236346013e-05, 3.31654555339e-05, 2.0177805709e-05, 3.21977349813e-05, 3.23545282299e-05, 8.34987713461e-06, 1.1857260688e-05, 6.52261769574e-06, 3.04652076011e-06, 2.00743397727e-06, 1.09762697775e-06],
        "mean": [0.000186588178622, 0.000295319128782, 0.000118864547403, 0.000165573888808, 0.000104168764665, 7.43323471397e-05, 4.62152347609e-05, 8.41536093503e-05, 4.40209878434e-05, 2.76838654827e-05, 2.7252777727e-05, 7.89265104686e-05, 0.000181286159204, 0.000121492594189, 0.000607465452049, 6.72345340718e-05, 4.04221100325e-05, 0.000284901092527, 8.49105272209e-05, 2.0681625756e-05, 1.70375260495e-05, 1.64234334079e-05, 1.52796164912e-05, 1.77735946636e-05, 1.73243006429e-05, 5.7321121858e-06, 4.45259320259e-06, 2.46672493631e-06, 2.09746076507e-06, 2.14779379348e-06, 2.1755315629e-06, 9.16423744002e-07, 7.13191411705e-07, 5.80410585371e-07, 4.19898867676e-07, 3.53564701072e-07, 2.02259840876e-07, 1.68523143884e-07, 9.4773724868e-08, 7.09061680482e-08],
        "min": [2.9056896272e-23, 1.84373769837e-23, 6.45214935293e-24, 1.19206412219e-23, 8.6544391633e-24, 8.73899400829e-24, 8.98167523287e-24, 9.41123445045e-24, 5.41912850336e-24, 1.66431838522e-23, 1.55459477528e-23, 8.32161953625e-24, 6.64198320774e-24, 1.55928565777e-23, 8.69543389796e-24, 1.05003247721e-23, 1.3388067656e-23, 9.58970160848e-24, 7.11354295764e-24, 1.96793659038e-23, 9.64130810004e-24, 7.84480676159e-24, 6.86598578381e-24, 1.86154197345e-23, 1.44248186343e-23, 7.02222915242e-24, 8.0416646339e-24, 1.34519164799e-23, 1.13661863903e-23, 1.13303657943e-23, 9.07919185139e-24, 1.15287083029e-23, 1.2295882633e-23, 1.69517688834e-23, 7.50406697105e-24, 6.75106294941e-24, 1.01330697889e-23, 1.18769754042e-23, 1.70744967076e-23, 1.01125751825e-23],
        "stdev": [0.000318348611472, 0.000475069740787, 0.000202364637516, 0.00035411506542, 0.000159211136634, 0.000136991147883, 0.000268228090135, 0.000648177752737, 0.000341213220963, 6.26428372925e-05, 7.61511837482e-05, 0.000197844899958, 0.000528733478859, 0.00044266571058, 0.00190016347915, 0.000155519112013, 0.000137839146191, 0.00124493800104, 0.000296745420201, 5.32517988177e-05, 3.41553350154e-05, 3.87854888686e-05, 4.55395966128e-05, 7.12310356903e-05, 8.73057942954e-05, 1.69331306097e-05, 1.02844496723e-05, 5.87918748352e-06, 4.89338026455e-06, 4.3629324864e-06, 4.06109711548e-06, 1.97958752324e-06, 1.99578221327e-06, 2.06012077797e-06, 9.97215124698e-07, 8.54760344282e-07, 4.84782390231e-07, 3.66667080698e-07, 2.04374273949e-07, 1.44225509757e-07]
    },
    "melbands128": {
        "max": [0.00014560665295, 0.00128781585954, 0.00294319493696, 0.00168550328817, 0.00319403968751, 0.00320269633085, 0.0014275284484, 0.00420393235981, 0.00357320788316, 0.00543306302279, 0.00633360119537, 0.00302531477064, 0.00104635290336, 0.00105520209763, 0.00142779632006, 0.00132476759609, 0.00226575531997, 0.00588835868984, 0.0121387280524, 0.0161976404488, 0.020657107234, 0.0173426270485, 0.00565602816641, 0.00355814862996, 0.000552116136532, 0.000932631432079, 0.000775929482188, 0.000807794509456, 0.00295444927178, 0.00187368411571, 0.00108396203723, 0.00878385920078, 0.00801298953593, 0.00160114082973, 0.00639643892646, 0.0064694895409, 0.00297923386097, 0.0267256852239, 0.00902882218361, 0.00215925462544, 0.00175128050614, 0.000688461470418, 0.00314880115911, 0.00217089382932, 0.0116306627169, 0.0229131933302, 0.0134128127247, 0.00254381936975, 0.00164704106282, 0.00160208204761, 0.000405354454415, 0.000532167323399, 0.000458752503619, 0.000427551829489, 0.000489479280077, 0.000314001459628, 0.00066456978675, 0.00158731010742, 0.000629699497949, 0.0010105879046, 0.00104410969652, 0.00222227070481, 0.0045181484893, 0.00109866808634, 0.000715505622793, 0.000197304121684, 0.000172574844328, 0.000117001916806, 0.00017820224457, 0.000118729425594, 4.79019690829e-05, 5.52739147679e-05, 4.66506098746e-05, 5.82709835726e-05, 4.70827180834e-05, 6.09916969552e-05, 7.37492300686e-05, 7.2137961979e-05, 5.85329034948e-05, 2.00565191335e-05, 2.71389344562e-05, 1.67503185367e-05, 1.96185119421e-05, 2.39054679696e-05, 6.21816579951e-05, 5.77734790568e-05, 2.9802777135e-05, 1.65872261277e-05, 1.72455238499e-05, 6.30257545708e-06, 1.52281945702e-05, 1.49153574966e-05, 6.1439500314e-06, 6.53068082102e-06, 6.71935822538e-06, 4.07222523791e-06, 3.49786637344e-06, 8.30923272588e-06, 3.40806855093e-06, 1.38279096973e-06, 1.43454053614e-06, 1.54570102495e-06, 1.23114602957e-06, 7.1856032946e-07, 5.49299443264e-07, 5.9839004507e-07, 5.52513768071e-07, 5.92004141708e-07, 4.52239845572e-07, 5.98756514592e-07, 5.87055865253e-07, 3.07534236299e-07, 2.44510573566e-07, 1.6939645775e-07, 8.31017601399e-08, 1.80562302887e-08, 7.55684759213e-09, 1.25473564871e-09, 1.38271977201e-10, 2.92416438286e-11, 2.86447272152e-11, 2.78034296974e-11, 2.70331534935e-11, 2.66301095758e-11, 2.65578496694e-11, 2.68689688554e-11, 2.66511517716e-11, 2.55186097947e-11],
        "mean": [1.03203956314e-05, 0.000131331456942, 0.000293213379337, 0.000235801911913, 0.000336173310643, 0.000328547233948, 0.000119362637633, 5.06396681885e-05, 0.000107327898149, 0.000174803397385, 0.000226532822126, 0.000118755371659, 8.24875824037e-05, 7.22719269106e-05, 6.51348018437e-05, 9.67127052718e-05, 3.94954295189e-05, 2.5106679459e-05, 6.10908027738e-05, 0.000104583748907, 8.70543590281e-05, 6.06977955613e-05, 3.62056562153e-05, 3.18255333696e-05, 2.07518605748e-05, 3.030318112e-05, 3.18629026879e-05, 2.54092501564e-05, 2.55239519902e-05, 2.33243426919e-05, 4.06894214393e-05, 0.000292474316666, 0.000269809621386, 2.73306541203e-05, 8.38925116113e-05, 0.000120346732729, 0.0001310302614, 0.00121730659157, 0.00035848445259, 5.00744463352e-05, 3.98848023906e-05, 2.73126024695e-05, 4.60491246486e-05, 2.70398268185e-05, 8.93722317414e-05, 0.000537364627235, 0.000254876329564, 4.46161138825e-05, 2.52913450822e-05, 2.74753710983e-05, 1.80853385245e-05, 1.68975730048e-05, 1.83198844752e-05, 1.64414268511e-05, 1.53152504936e-05, 1.47901728269e-05, 1.93458981812e-05, 1.86135239346e-05, 1.26157856357e-05, 1.12422721941e-05, 1.52679094754e-05, 2.48001288128e-05, 2.52684512816e-05, 1.31279475681e-05, 8.95296670933e-06, 5.02063403474e-06, 4.09789390687e-06, 4.4474072638e-06, 5.32349304194e-06, 3.00485862681e-06, 2.49339109359e-06, 2.16444800571e-06, 1.94718654711e-06, 2.19174148697e-06, 2.15703948925e-06, 1.74354613591e-06, 1.96892483473e-06, 3.5479381495e-06, 2.0348779799e-06, 1.2238376712e-06, 9.86615418697e-07, 7.68268762386e-07, 7.44653107176e-07, 6.96374002018e-07, 6.9423521154e-07, 6.92191179041e-07, 4.83609653656e-07, 4.73848984939e-07, 4.93647803523e-07, 3.00005723375e-07, 3.46054036982e-07, 4.48378955298e-07, 2.15213475485e-07, 1.93323828057e-07, 1.85113691487e-07, 1.77342954544e-07, 1.8253930989e-07, 1.31853312269e-07, 9.06790873501e-08, 7.66243388739e-08, 7.58000169299e-08, 7.59028466746e-08, 5.82097250401e-08, 3.96189676621e-08, 3.09690975087e-08, 2.77822085337e-08, 2.12613180395e-08, 1.84451192098e-08, 1.50884549299e-08, 1.31400375025e-08, 1.12646354467e-08, 1.08445394886e-08, 7.14388637135e-09, 4.21869783551e-09, 2.14801687548e-09, 1.65896907323e-09, 1.24961929693e-09, 1.35753552497e-11, 3.70799614971e-12, 3.35154538671e-12, 3.34298430951e-12, 3.31913099436e-12, 3.25366253037e-12, 3.13456790905e-12, 3.16028648563e-12, 3.18870342457e-12, 3.17010220158e-12, 3.10269453359e-12],
        "min": [2.84863794436e-23, 3.5698657021e-23, 2.67684518067e-23, 2.11760464557e-23, 2.4472574694e-23, 1.00765621045e-23, 5.8698796803e-24, 2.45456989445e-24, 1.16552029379e-23, 1.29056366139e-23, 1.20889770393e-23, 1.22645183122e-23, 7.65419587878e-24, 3.88624436348e-24, 1.16421054803e-23, 9.83975237163e-24, 4.9623879e-24, 7.47777660366e-24, 1.65016322291e-23, 8.40707052723e-24, 8.79384350703e-24, 6.15761787877e-24, 3.77466156616e-24, 6.57320518643e-24, 5.23566470036e-24, 3.33030852448e-23, 1.71846422004e-23, 1.59575737955e-23, 9.87346434242e-24, 5.61820346925e-24, 1.04792077546e-23, 7.94441465037e-24, 6.99487540053e-24, 3.6905733324e-24, 1.09742321721e-23, 2.55879356616e-23, 1.19094464968e-23, 7.51012305622e-24, 6.32200623623e-24, 9.2130213151e-24, 1.46035129843e-23, 6.25495660916e-24, 1.579319096e-23, 1.58660391092e-23, 8.7125119477e-24, 8.76086044372e-24, 1.15831720486e-23, 2.18171572632e-24, 5.86417976583e-24, 1.73290384559e-23, 2.45745617873e-23, 2.10553081387e-23, 5.22033358309e-24, 9.91002015677e-24, 7.38886645761e-24, 8.79817987543e-24, 6.35959821937e-24, 5.82470398284e-24, 4.21393481693e-24, 1.37274734827e-23, 1.82293291194e-23, 2.36680012573e-23, 2.24973269408e-23, 7.45531063394e-24, 1.01618632119e-23, 6.66052538332e-24, 5.26391262608e-24, 6.6855346406e-24, 1.05190042095e-23, 6.3450855453e-24, 1.92544885756e-23, 1.30224495591e-23, 6.61155408161e-24, 1.29401713667e-23, 1.30887935501e-23, 1.47107286477e-23, 6.98540512536e-24, 1.10413437247e-23, 7.27175926737e-24, 1.10722008079e-23, 7.98594344386e-24, 1.30748417561e-23, 1.6898369311e-23, 1.15311301059e-23, 7.95471322948e-24, 2.14256073362e-23, 1.91274788145e-23, 7.42691164135e-24, 4.17216423756e-24, 1.1825514063e-23, 7.40483536892e-24, 3.53585443749e-24, 7.9745278377e-24, 1.21613771154e-23, 9.8538556269e-24, 9.61940379928e-24, 1.05234415521e-23, 1.84051819924e-23, 1.69847085594e-23, 1.78233134556e-23, 1.41579485678e-23, 6.32701431968e-24, 8.31848065871e-24, 1.30295587736e-23, 9.20399911293e-24, 9.01795336818e-24, 1.21227489635e-23, 1.20318138115e-23, 1.28345192256e-23, 7.82429006716e-24, 8.74616475392e-24, 7.34685014808e-24, 9.61254780916e-24, 9.75881760934e-24, 8.32608370011e-24, 8.21554377691e-24, 9.55705617764e-24, 8.15852096638e-24, 1.00202066703e-23, 1.5593342516e-23, 1.08324454684e-23, 1.01688391089e-23, 1.03783818646e-23, 1.15414010748e-23, 7.89488522957e-24, 9.64321398799e-24, 1.27339394602e-23, 1.05143743849e-23],
        "stdev": [1.38404975587e-05, 0.000236806852627, 0.000562095898204, 0.000366082735127, 0.000647815002594, 0.000579305109568, 0.000233854196267, 0.000192475752556, 0.000279507599771, 0.000488868099637, 0.000469267950393, 0.000246833951678, 0.000159815637744, 0.000155220492161, 0.000147707760334, 0.000203507879633, 0.000131536464323, 0.000252841942711, 0.000526471761987, 0.000735499605071, 0.000976411742158, 0.000764936557971, 0.000259047723375, 0.000159464776516, 5.20661415067e-05, 8.15114544821e-05, 7.08149673301e-05, 7.54030625103e-05, 0.000162507698406, 0.000102375233837, 0.00010171518079, 0.000918502628338, 0.000892140902579, 9.91101187537e-05, 0.000519093067851, 0.000662215636112, 0.000407463201554, 0.00400355877355, 0.00117014395073, 0.000185468627024, 0.000156994516146, 7.04858684912e-05, 0.000210782294744, 0.000112123285362, 0.000633384275716, 0.00259187608026, 0.00128949992359, 0.000165209756233, 8.87564310688e-05, 9.39103338169e-05, 4.33437744505e-05, 4.51694104413e-05, 3.96425602958e-05, 3.75370473193e-05, 4.20614378527e-05, 3.49680667568e-05, 5.49780052097e-05, 8.23811787996e-05, 4.25264552177e-05, 5.0476679462e-05, 6.90743763698e-05, 0.000136362519697, 0.000215148596908, 6.57546916045e-05, 4.6911478421e-05, 1.57739177666e-05, 1.48740864461e-05, 1.17918671094e-05, 1.36614198709e-05, 9.04482476471e-06, 6.02141199124e-06, 5.70251040699e-06, 5.04329773321e-06, 5.51858965991e-06, 5.49775995751e-06, 4.87964234708e-06, 4.57415399069e-06, 8.09609718999e-06, 5.20855564901e-06, 2.59773196376e-06, 2.32736829275e-06, 1.86353975096e-06, 1.92082666217e-06, 1.8629062879e-06, 2.96558846458e-06, 3.24452048517e-06, 1.62812602866e-06, 1.21470748127e-06, 1.5413526171e-06, 6.8568806455e-07, 8.91473916909e-07, 1.35450989092e-06, 5.6740321952e-07, 4.92003607633e-07, 5.02131513258e-07, 4.34725166087e-07, 4.32775465242e-07, 4.33102684383e-07, 2.22981370257e-07, 1.70072638639e-07, 1.54144927933e-07, 1.70382620013e-07, 1.41285696031e-07, 8.69194991537e-08, 6.81447360762e-08, 6.33588115306e-08, 5.27054169197e-08, 4.72459689149e-08, 3.76813957814e-08, 4.16734202702e-08, 3.57819018859e-08, 2.42823308128e-08, 1.64009534842e-08, 1.0362757763e-08, 4.75239092523e-09, 1.67997715739e-09, 9.69569646792e-10, 6.96201707395e-11, 7.20269156818e-12, 4.08081814868e-12, 3.98905301152e-12, 3.88163069395e-12, 3.80263225422e-12, 3.73643390533e-12, 3.73821806843e-12, 3.66320992637e-12, 3.63110019483e-12, 3.59137155778e-12]
    },
    "mfcc": {
        "mean": [-743.752990723, 130.69303894, -18.9725170135, 9.39494228363, -0.522387087345, 16.6669788361, 2.77101373672, 1.20426082611, -6.25402641296, 0.336941689253, -2.95451998711, -3.14414405823, 2.28390026093],
        "cov": [[9423.65820312, -3118.99023438, -3208.02539062, -518.295593262, 20.5604000092, 3.85162425041, -442.573638916, -492.978027344, 96.229927063, -163.085235596, 297.941345215, 732.163574219, -605.515319824], [-3118.99023438, 3123.2734375, 1832.35388184, 234.352722168, 111.494972229, 120.425941467, 359.467681885, 130.947143555, -206.744430542, -78.5437240601, -197.907211304, -334.295013428, 237.960723877], [-3208.02539062, 1832.35388184, 1936.44287109, 211.845611572, 88.4412918091, 156.587234497, 247.939208984, 115.977287292, -217.903640747, 7.93193483353, -87.2460861206, -240.293746948, 266.989379883], [-518.295593262, 234.352722168, 211.845611572, 170.810256958, 13.2011070251, -17.9133701324, 9.88831424713, 55.3873443604, -13.5039081573, 22.5534629822, -18.8688697815, -70.8541107178, 49.8636817932], [20.5604000092, 111.494972229, 88.4412918091, 13.2011070251, 241.327865601, 143.881225586, 45.87241745, -112.299415588, -16.1929016113, -23.744966507, 12.0703401566, 44.6330795288, -26.5537605286], [3.85162425041, 120.425941467, 156.587234497, -17.9133701324, 143.881225586, 315.708374023, 178.653579712, -104.664642334, -88.2230224609, -88.9189910889, 4.38401031494, 120.379669189, 65.0385894775], [-442.573638916, 359.467681885, 247.939208984, 9.88831424713, 45.87241745, 178.653579712, 265.788085938, 29.4458770752, -76.717590332, -136.129760742, -43.0695457458, 83.8516159058, 88.6382369995], [-492.978027344, 130.947143555, 115.977287292, 55.3873443604, -112.299415588, -104.664642334, 29.4458770752, 235.34274292, 50.2739257812, 25.6935424805, -43.2155380249, -98.8033065796, 63.9295730591], [96.229927063, -206.744430542, -217.903640747, -13.5039081573, -16.1929016113, -88.2230224609, -76.717590332, 50.2739257812, 180.004302979, 74.953918457, -19.6256370544, -37.042755127, -43.401550293], [-163.085235596, -78.5437240601, 7.93193483353, 22.5534629822, -23.744966507, -88.9189910889, -136.129760742, 25.6935424805, 74.953918457, 221.796600342, 50.6239776611, -173.721618652, -21.5611896515], [297.941345215, -197.907211304, -87.2460861206, -18.8688697815, 12.0703401566, 4.38401031494, -43.0695457458, -43.2155380249, -19.6256370544, 50.6239776611, 112.747116089, 32.4892501831, -46.0264205933], [732.163574219, -334.295013428, -240.293746948, -70.8541107178, 44.6330795288, 120.379669189, 83.8516159058, -98.8033065796, -37.042755127, -173.721618652, 32.4892501831, 325.840454102, -4.01342582703], [-605.515319824, 237.960723877, 266.989379883, 49.8636817932, -26.5537605286, 65.0385894775, 88.6382369995, 63.9295730591, -43.401550293, -21.5611896515, -46.0264205933, -4.01342582703, 175.943954468]],
        "icov": [[0.00035976653453, -8.20844798e-05, 0.000559994019568, 0.000221650872845, -2.82602491097e-06, -0.000462669500848, 0.000610988005064, -0.000279066414805, 0.000621175917331, -0.000169789185748, 7.63303396525e-05, -0.000522823480424, 0.000541230954695], [-8.20844798e-05, 0.000983980833553, -0.000855967402458, -0.000187602418009, -0.000222597955144, 0.000739244511351, -0.00119648198597, 0.000609110342339, -0.000197253699298, 0.000551478064153, 0.000439739669673, 0.000999285024591, -2.98969407595e-05], [0.000559994019568, -0.000855967402458, 0.0024349137675, 5.77277023694e-05, -0.000447293161415, -0.000946381362155, 0.00101289164741, -0.000941808219068, 0.00207781302743, -0.000980037264526, -1.77638394234e-05, -0.000749880506191, -0.000141398544656], [0.000221650872845, -0.000187602418009, 5.77277023694e-05, 0.00821077916771, -0.00205879751593, 0.000732855056413, 0.00104084040504, -0.00181994156446, 0.00111185212154, 0.000134283996886, -0.000284321286017, 0.000535507919267, -0.00161418376956], [-2.82602491097e-06, -0.000222597955144, -0.000447293161415, -0.00205879751593, 0.00822894368321, -0.0039778649807, 0.000465851306217, 0.00273003755137, -0.00244654808193, 0.000749288243242, -0.00041905415128, 0.000243760820013, 0.00242352299392], [-0.000462669500848, 0.000739244511351, -0.000946381362155, 0.000732855056413, -0.0039778649807, 0.0116588622332, -0.00805394351482, 0.00427106162533, 0.000579777290113, -0.00199291598983, -0.000104173792352, -0.000169496328454, -0.00390054984018], [0.000610988005064, -0.00119648198597, 0.00101289164741, 0.00104084040504, 0.000465851306217, -0.00805394351482, 0.0144093949348, -0.00541164679453, 0.000927967077587, 0.0052224569954, -0.000821516208816, -0.00108939805068, 0.000272637815215], [-0.000279066414805, 0.000609110342339, -0.000941808219068, -0.00181994156446, 0.00273003755137, 0.00427106162533, -0.00541164679453, 0.0110805947334, -0.00474540237337, 0.00229159439914, -0.0019281123532, 0.00379239744507, -0.00361355650239], [0.000621175917331, -0.000197253699298, 0.00207781302743, 0.00111185212154, -0.00244654808193, 0.000579777290113, 0.000927967077587, -0.00474540237337, 0.0140145905316, -0.00934481341392, 0.00845528487116, -0.00556355388835, 0.00400654645637], [-0.000169789185748, 0.000551478064153, -0.000980037264526, 0.000134283996886, 0.000749288243242, -0.00199291598983, 0.0052224569954, 0.00229159439914, -0.00934481341392, 0.0223395694047, -0.0138900894672, 0.0124045945704, -0.00541315274313], [7.63303396525e-05, 0.000439739669673, -1.77638394234e-05, -0.000284321286017, -0.00041905415128, -0.000104173792352, -0.000821516208816, -0.0019281123532, 0.00845528487116, -0.0138900894672, 0.0212468281388, -0.00855397526175, 0.00661175185814], [-0.000522823480424, 0.000999285024591, -0.000749880506191, 0.000535507919267, 0.000243760820013, -0.000169496328454, -0.00108939805068, 0.00379239744507, -0.00556355388835, 0.0124045945704, -0.00855397526175, 0.0130681563169, -0.00468625221401], [0.000541230954695, -2.98969407595e-05, -0.000141398544656, -0.00161418376956, 0.00242352299392, -0.00390054984018, 0.000272637815215, -0.00361355650239, 0.00400654645637, -0.00541315274313, 0.00661175185814, -0.00468625221401, 0.013189708814]]
    },
    "spectral_contrast_coeffs": {
        "max": [-0.450922966003, -0.516209304333, -0.396134346724, -0.408511161804, -0.657864034176, -0.652387499809],
        "mean": [-0.746040999889, -0.769342124462, -0.709701180458, -0.773487985134, -0.801776468754, -0.773041069508],
        "min": [-0.956701159477, -0.958850562572, -0.963474392891, -0.960965275764, -0.962172687054, -0.962201714516],
        "stdev": [0.0700648054481, 0.0826389342546, 0.122067160904, 0.106441535056, 0.0501486957073, 0.047876868397]
    },
    "spectral_contrast_valleys": {
        "max": [-5.94607162476, -5.13280105591, -6.27691364288, -5.66225194931, -5.76283216476, -8.91876792908],
        "mean": [-7.87304067612, -7.88078022003, -8.28300571442, -8.2450466156, -8.65217018127, -11.3955993652],
        "min": [-27.2736930847, -27.3569812775, -27.1550617218, -27.1915512085, -27.1140079498, -27.1811714172],
        "stdev": [1.22121191025, 1.17960309982, 1.34844589233, 1.55719852448, 1.55620837212, 1.25323832035]
    }
},
"rhythm": {
    "beats_count": 22,
    "beats_loudness": {
        "max": 0.0867509618402,
        "mean": 0.016377883032,
        "min": 0.00029854735476,
        "stdev": 0.0206737741828
    },
    "bpm": 120.41545105,
    "bpm_histogram_first_peak_bpm": 120,
    "bpm_histogram_first_peak_weight": 0.230769276619,
    "bpm_histogram_second_peak_bpm": 96,
    "bpm_histogram_second_peak_spread": 0.33333337307,
    "bpm_histogram_second_peak_weight": 0.190476194024,
    "danceability": 0.83303296566,
    "onset_rate": 2.19446659088,
    "beats_loudness_band_ratio": {
        "max": [0.809009253979, 0.300902962685, 0.827789485455, 0.954421401024, 0.743036806583, 0.461983263493],
        "mean": [0.235204607248, 0.0970391333103, 0.112736850977, 0.313926130533, 0.20091098547, 0.0557635985315],
        "min": [0.00182458560448, 0.00386847206391, 0.000858693325426, 0.0187956951559, 0.000490412814543, 0.000493779371027],
        "stdev": [0.260091006756, 0.086438305676, 0.179263427854, 0.295295476913, 0.239017650485, 0.110114388168]
    },
    "beats_position": [0.673378646374, 1.30031740665, 1.92725622654, 2.55419492722, 3.16952371597, 3.78485250473, 4.41179132462, 4.99229001999, 5.5727891922, 6.07201814651, 6.57124710083, 7.07047605515, 7.56970500946, 8.06893444061, 8.56816291809, 9.06739234924, 9.56662082672, 10.077460289, 10.5766887665, 11.0759181976, 11.5635375977, 12.051156044],
