{
"metadata": {
    "version": {
        "essentia": "2.1-beta5",
        "essentia_git_sha": "Undefined",
        "extractor": "music 2.0"
    },
    "audio_properties": {
        "analysis": {
            "equal_loudness": 0,
            "length": 32.4963264465,
            "sample_rate": 44100,
            "start_time": 110.248344421,
            "downmix": "mix"
        },
        "bit_rate": 192000,
        "length": 210.546951294,
        "lossless": 0,
        "number_channels": 2,
        "replay_gain": -7.51309967041,
        "sample_rate": 48000,
        "codec": "mp3",
        "md5_encoded": "b37f6499cb18254f552c8d5f991b8938"
    },
    "tags": {
        "file_name": "Hungary_A Holnap Már Ném Lesz Szomorú_Charlie.mp3",
        "encoding": ["Lavf58.29.100"]
    }
},
"lowlevel": {
    "average_loudness": 0.941025435925,
    "barkbands_crest": {
        "max": 22.7233772278,
        "mean": 9.38556957245,
        "min": 2.88232660294,
        "stdev": 3.2000143528
    },
    "barkbands_flatness_db": {
        "max": 0.363801270723,
        "mean": 0.171720206738,
        "min": 0.0404661744833,
        "stdev": 0.0547146201134
    },
    "barkbands_kurtosis": {
        "max": 70.3704681396,
        "mean": 5.77584123611,
        "min": -1.88783991337,
        "stdev": 8.67694377899
    },
    "barkbands_skewness": {
        "max": 6.81059789658,
        "mean": 1.52744865417,
        "min": -1.46912062168,
        "stdev": 1.22328472137
    },
    "barkbands_spread": {
        "max": 87.4110794067,
        "mean": 19.2090511322,
        "min": 1.3507065773,
        "stdev": 14.0394487381
    },
    "dissonance": {
        "max": 0.499999821186,
        "mean": 0.452481180429,
        "min": 0.270283967257,
        "stdev": 0.0350587181747
    },
    "dynamic_complexity": 2.08665251732,
    "erbbands_crest": {
        "max": 29.0383968353,
        "mean": 11.5602779388,
        "min": 2.92710852623,
        "stdev": 4.746966362
    },
    "erbbands_flatness_db": {
        "max": 0.30974572897,
        "mean": 0.180085584521,
        "min": 0.0757727995515,
        "stdev": 0.037404358387
    },
    "erbbands_kurtosis": {
        "max": 30.6259918213,
        "mean": 2.28351545334,
        "min": -1.81823074818,
        "stdev": 3.74451708794
    },
    "erbbands_skewness": {
        "max": 4.83085727692,
        "mean": 0.553562939167,
        "min": -2.44860124588,
        "stdev": 1.06953775883
    },
    "erbbands_spread": {
        "max": 124.626899719,
        "mean": 31.6808929443,
        "min": 4.20813798904,
        "stdev": 17.2660312653
    },
    "hfc": {
        "max": 149.563873291,
        "mean": 20.8417186737,
        "min": 0.458312004805,
        "stdev": 18.0491104126
    },
    "loudness_ebu128": {
        "integrated": -15.5029277802,
        "loudness_range": 2.12591362,
        "momentary": {
            "max": -12.073600769,
            "mean": -15.8645973206,
            "min": -22.5866661072,
            "stdev": 1.85729408264
        },
        "short_term": {
            "max": -13.962603569,
            "mean": -15.7542819977,
            "min": -17.9335746765,
            "stdev": 0.76927703619
        }
    },
    "melbands_crest": {
        "max": 27.2353954315,
        "mean": 12.3809614182,
        "min": 4.30230855942,
        "stdev": 3.61561846733
    },
    "melbands_flatness_db": {
        "max": 0.461357563734,
        "mean": 0.226710930467,
        "min": 0.0646471083164,
        "stdev": 0.0718093886971
    },
    "melbands_kurtosis": {
        "max": 102.985290527,
        "mean": 12.2977924347,
        "min": -1.75526940823,
        "stdev": 15.6303043365
    },
    "melbands_skewness": {
        "max": 8.35481929779,
        "mean": 2.32334041595,
        "min": -0.618272721767,
        "stdev": 1.40370452404
    },
    "melbands_spread": {
        "max": 135.516860962,
        "mean": 22.5593471527,
        "min": 1.25277149677,
        "stdev": 18.5516014099
    },
    "pitch_salience": {
        "max": 0.910173296928,
        "mean": 0.576292872429,
        "min": 0.313011974096,
        "stdev": 0.107903242111
    },
    "silence_rate_20dB": {
        "max": 1,
        "mean": 1,
        "min": 1,
        "stdev": 0
    },
    "silence_rate_30dB": {
        "max": 1,
        "mean": 0.997144877911,
        "min": 0,
        "stdev": 0.0533568263054
    },
    "silence_rate_60dB": {
        "max": 1,
        "mean": 0.0064239827916,
        "min": 0,
        "stdev": 0.0798914059997
    },
    "spectral_centroid": {
        "max": 3875.51586914,
        "mean": 1074.8782959,
        "min": 209.812408447,
        "stdev": 668.974853516
    },
    "spectral_complexity": {
        "max": 51,
        "mean": 15.4596719742,
        "min": 2,
        "stdev": 6.92789649963
    },
    "spectral_decrease": {
        "max": -3.10353936994e-10,
        "mean": -7.18312609393e-09,
        "min": -4.22937738165e-08,
        "stdev": 4.45116121739e-09
    },
    "spectral_energy": {
        "max": 0.165173500776,
        "mean": 0.0290011912584,
        "min": 0.00121291563846,
        "stdev": 0.0175513140857
    },
    "spectral_energyband_high": {
        "max": 0.0232859123498,
        "mean": 0.000861761160195,
        "min": 1.5173874317e-06,
        "stdev": 0.00199378654361
    },
    "spectral_energyband_low": {
        "max": 0.0620969980955,
        "mean": 0.00698054535314,
        "min": 0.000137403549161,
        "stdev": 0.00758464960381
    },
    "spectral_energyband_middle_high": {
        "max": 0.0527768731117,
        "mean": 0.00609336094931,
        "min": 2.42069218075e-05,
        "stdev": 0.006860925816
    },
    "spectral_energyband_middle_low": {
        "max": 0.15442045033,
        "mean": 0.016431318596,
        "min": 0.00072985177394,
        "stdev": 0.0141573436558
    },
    "spectral_entropy": {
        "max": 8.31296920776,
        "mean": 7.17070531845,
        "min": 5.50253677368,
        "stdev": 0.452082842588
    },
    "spectral_flux": {
        "max": 0.270538747311,
        "mean": 0.0798648521304,
        "min": 0.0131480311975,
        "stdev": 0.0403956435621
    },
    "spectral_kurtosis": {
        "max": 34.9221801758,
        "mean": 5.36016798019,
        "min": -0.736426830292,
        "stdev": 4.31314373016
    },
    "spectral_rms": {
        "max": 0.0126942852512,
        "mean": 0.00510267307982,
        "min": 0.00108781072777,
        "stdev": 0.00150217802729
    },
    "spectral_rolloff": {
        "max": 7536.62109375,
        "mean": 1235.31079102,
        "min": 150.732421875,
        "stdev": 1085.86157227
    },
    "spectral_skewness": {
        "max": 4.69392108917,
        "mean": 1.75567114353,
        "min": -0.114909075201,
        "stdev": 0.636610031128
    },
    "spectral_spread": {
        "max": 15967769,
        "mean": 4195791,
        "min": 1605471.125,
        "stdev": 1064789.125
    },
    "spectral_strongpeak": {
        "max": 10.399064064,
        "mean": 1.63917255402,
        "min": 0.00897117704153,
        "stdev": 2.12028050423
    },
    "zerocrossingrate": {
        "max": 0.2177734375,
        "mean": 0.0506662391126,
        "min": 0.0078125,
        "stdev": 0.0304373316467
    },
    "barkbands": {
        "max": [0.0040541482158, 0.0370367839932, 0.0348682291806, 0.0326628573239, 0.0928594022989, 0.0704082846642, 0.0278513599187, 0.0375148095191, 0.081186555326, 0.050518270582, 0.0131358318031, 0.0158554539084, 0.0338265821338, 0.0301992166787, 0.0175813287497, 0.0149347875267, 0.00933109596372, 0.0051201665774, 0.00752358091995, 0.00690856622532, 0.0101503292099, 0.0113642811775, 0.00727222114801, 0.00448987772688, 0.000438905175542, 0.000995797803625, 4.89710032525e-07],
        "mean": [0.000177914000233, 0.00275333714671, 0.0027786239516, 0.00296236248687, 0.0066400594078, 0.00308733247221, 0.0014829931315, 0.00090249965433, 0.00118115963414, 0.000670373789035, 0.000782841874752, 0.000564987945836, 0.00147257116623, 0.00083235243801, 0.000482533854665, 0.000460020644823, 0.000322330335621, 0.000255424471106, 0.000182041461812, 0.000258090323769, 0.000209603196708, 0.000215380496229, 0.0001931287552, 7.28377126507e-05, 3.76488424081e-05, 2.27518921747e-05, 4.16327994301e-09],
        "min": [1.66339304997e-07, 1.46786096593e-05, 2.11276637856e-05, 9.28808822209e-06, 0.000229020413826, 3.64161496691e-05, 8.80804691406e-06, 4.05808486903e-06, 4.40319990958e-06, 3.60908825314e-06, 1.44611897213e-06, 6.51691493658e-07, 4.54341403611e-07, 4.09811150348e-07, 5.3600638239e-07, 5.56864335977e-07, 1.94190477032e-07, 2.01986281922e-07, 2.69651565077e-07, 5.40256223758e-07, 2.39043032479e-07, 2.7845780437e-07, 1.92802318111e-07, 5.00185777241e-08, 1.53282631032e-08, 4.96097468661e-11, 2.90963954319e-11],
        "stdev": [0.000409228116041, 0.00411404576153, 0.00381288351491, 0.00320157199167, 0.00743498886004, 0.00522620836273, 0.00253236410208, 0.00233234860934, 0.00384809728712, 0.00303103704937, 0.00137605261989, 0.00166248274036, 0.00336465076543, 0.00275184027851, 0.00129039515741, 0.00126456934959, 0.000833786150906, 0.000563435896765, 0.000427562714322, 0.000513976323418, 0.000614306190982, 0.00073776737554, 0.000579827814363, 0.000227904136409, 5.89542287344e-05, 5.84623339819e-05, 2.72353055664e-08]
    },
    "erbbands": {
        "max": [1.10266506672, 10.1641368866, 36.7342071533, 70.9797439575, 276.377502441, 231.546051025, 583.882263184, 674.49810791, 369.01171875, 389.034851074, 1006.13415527, 2195.29394531, 1085.52893066, 961.964416504, 434.850341797, 751.934509277, 1229.18737793, 1794.99597168, 1126.58837891, 503.523498535, 353.569641113, 545.903625488, 283.909240723, 514.090942383, 317.429748535, 351.127410889, 337.826049805, 471.689697266, 502.805389404, 282.362030029, 253.857284546, 177.091384888, 22.5936031342, 6.783203125, 4.00346469879, 3.05010294914, 2.36385822296, 0.197193354368, 0.00344751076773, 0.000219060515519],
        "mean": [0.0678503513336, 0.667963862419, 2.90824270248, 6.91727256775, 17.7063331604, 22.8412494659, 17.6402835846, 29.6126060486, 24.2578735352, 19.8600463867, 18.9720649719, 28.0910797119, 22.4999389648, 22.9143466949, 32.1085968018, 28.4426631927, 63.6376304626, 61.3962287903, 32.8303947449, 20.6282844543, 17.1760520935, 18.3693790436, 17.6983642578, 9.31773662567, 10.4182882309, 12.7375144958, 7.27609395981, 9.60786437988, 8.76568031311, 8.17669391632, 3.74181842804, 2.03016400337, 0.900846421719, 0.469593077898, 0.248079895973, 0.118733078241, 0.0469571687281, 0.00203246087767, 6.23656160315e-05, 3.77090618713e-05],
        "min": [0.000233080761973, 0.00523014133796, 0.0280903745443, 0.0583343505859, 0.192289352417, 0.567923784256, 0.242384329438, 0.499188691378, 0.230285584927, 0.230823621154, 0.203732118011, 0.0905634835362, 0.0496133118868, 0.142616957426, 0.0770691856742, 0.0311031639576, 0.0245300363749, 0.0256032980978, 0.0356371663511, 0.0225024539977, 0.0347944237292, 0.0128389941528, 0.0146894752979, 0.0106856171042, 0.0186797864735, 0.0268070213497, 0.0134410765022, 0.00611392688006, 0.00820434931666, 0.00766448769718, 0.00487406132743, 0.00157615484204, 0.000896518526133, 0.000342409854056, 6.49590583635e-05, 1.12852640086e-05, 2.10070993489e-06, 2.87185429215e-07, 8.05146385119e-07, 1.37478150464e-06],
        "stdev": [0.14080105722, 0.96622222662, 3.94473695755, 6.95249462128, 19.8690433502, 26.8727035522, 28.7715473175, 50.3776054382, 39.536529541, 36.8164291382, 55.5897979736, 89.8087844849, 75.4208908081, 63.0043182373, 54.5309638977, 76.7088699341, 129.808822632, 162.127090454, 84.1144561768, 42.1177139282, 37.4444236755, 44.1446304321, 36.3196411133, 24.2140045166, 18.6942996979, 26.2524967194, 20.6080856323, 28.4345569611, 29.7313690186, 24.1816940308, 12.8438329697, 8.83184623718, 1.7862445116, 0.715551376343, 0.437540173531, 0.250467866659, 0.133646056056, 0.00945535022765, 0.00017092510825, 2.33117425523e-05]
    },
    "gfcc": {
        "mean": [-6.01290559769, 116.280914307, -113.241088867, 42.692653656, -67.8981628418, 16.6248130798, -41.5780296326, -5.23294067383, -27.5036239624, -2.64501619339, -13.6447696686, -4.86136198044, -8.24049186707],
        "cov": [[3294.73535156, -1877.47680664, -480.82119751, -35.975112915, 215.959640503, 364.036529541, -252.575759888, 234.789932251, -426.835449219, 450.442932129, -242.043838501, 343.949157715, -372.066711426], [-1877.47680664, 1603.95214844, 255.42741394, -99.8138046265, -167.454574585, -291.388824463, 238.04397583, -165.790771484, 366.307525635, -313.305877686, 185.726318359, -305.785461426, 288.36227417], [-480.82119751, 255.42741394, 584.171264648, 32.3870849609, -145.071289062, -99.9180374146, 55.4049568176, 13.3347539902, 65.2991256714, -42.9515304565, 0.749610245228, -5.48620700836, 2.23327469826], [-35.975112915, -99.8138046265, 32.3870849609, 384.762756348, -69.5689620972, -61.6938743591, 17.8428554535, -33.423614502, 74.1554489136, -73.2664871216, 31.3965873718, 1.2481200695, 37.0918693542], [215.959640503, -167.454574585, -145.071289062, -69.5689620972, 434.880187988, 134.457305908, -81.6525268555, 22.9754657745, -117.993881226, 128.719741821, -12.9880161285, 80.0191497803, -59.068069458], [364.036529541, -291.388824463, -99.9180374146, -61.6938743591, 134.457305908, 233.688018799, -16.3730697632, 46.569519043, -120.065826416, 82.7627792358, -27.8081893921, 41.7743263245, -55.1926956177], [-252.575759888, 238.04397583, 55.4049568176, 17.8428554535, -81.6525268555, -16.3730697632, 181.040908813, 9.61170578003, 49.297706604, -89.9548950195, 16.2145862579, -43.6703300476, 24.9992103577], [234.789932251, -165.790771484, 13.3347539902, -33.423614502, 22.9754657745, 46.569519043, 9.61170578003, 112.634910583, -39.0943145752, 41.197769165, -33.4450378418, 41.0002746582, -44.9099693298], [-426.835449219, 366.307525635, 65.2991256714, 74.1554489136, -117.993881226, -120.065826416, 49.297706604, -39.0943145752, 218.077529907, -77.1671600342, 50.0710983276, -74.6849365234, 81.0106201172], [450.442932129, -313.305877686, -42.9515304565, -73.2664871216, 128.719741821, 82.7627792358, -89.9548950195, 41.197769165, -77.1671600342, 194.788238525, -28.3358230591, 72.9628982544, -72.4116210938], [-242.043838501, 185.726318359, 0.749610245228, 31.3965873718, -12.9880161285, -27.8081893921, 16.2145862579, -33.4450378418, 50.0710983276, -28.3358230591, 94.9423980713, -21.5189495087, 33.2542152405], [343.949157715, -305.785461426, -5.48620700836, 1.2481200695, 80.0191497803, 41.7743263245, -43.6703300476, 41.0002746582, -74.6849365234, 72.9628982544, -21.5189495087, 149.358520508, -70.6302261353], [-372.066711426, 288.36227417, 2.23327469826, 37.0918693542, -59.068069458, -55.1926956177, 24.9992103577, -44.9099693298, 81.0106201172, -72.4116210938, 33.2542152405, -70.6302261353, 150.520980835]],
        "icov": [[0.00112697086297, 0.000983894104138, 0.000549977645278, 0.000116552626423, 0.000299346342217, 8.34928941913e-05, -0.000303465960314, -0.000352205417585, -4.68089165224e-05, -0.000939352961723, 0.000492740073241, -4.05033570132e-05, 0.00040275696665], [0.000983894104138, 0.00885924324393, -0.00224721501581, 0.00585606554523, -0.0040763146244, 0.00411887234077, -0.00540461204946, 0.00287152011879, -0.00543332006782, 0.0041839578189, -0.00690758647397, 0.00636046938598, -0.00483717815951], [0.000549977645278, -0.00224721501581, 0.00320588611066, -0.00191164575517, 0.00209474260919, -0.000627185334451, 0.001137500396, -0.00161094719078, 0.00162668246776, -0.0023342280183, 0.00285141798668, -0.00249538733624, 0.00221128133126], [0.000116552626423, 0.00585606554523, -0.00191164575517, 0.00722349435091, -0.00292149116285, 0.0028673983179, -0.00343707157299, 0.00271318643354, -0.00474800681695, 0.00463002594188, -0.00556773599237, 0.00336642190814, -0.00380460196175], [0.000299346342217, -0.0040763146244, 0.00209474260919, -0.00292149116285, 0.00592080829665, -0.00322560616769, 0.00313884788193, -0.00144984922372, 0.00348944170401, -0.00414045108482, 0.00348452897742, -0.00431217579171, 0.00276169530116], [8.34928941913e-05, 0.00411887234077, -0.000627185334451, 0.0028673983179, -0.00322560616769, 0.00946752727032, -0.00406397134066, 0.000110684726678, 0.000350918649929, 0.000657934288029, -0.00388307496905, 0.00415088655427, -0.00253468565643], [-0.000303465960314, -0.00540461204946, 0.001137500396, -0.00343707157299, 0.00313884788193, -0.00406397134066, 0.0116895185784, -0.00417647045106, 0.00234976387583, 0.0010217850795, 0.00366935203783, -0.00323381158523, 0.00388677348383], [-0.000352205417585, 0.00287152011879, -0.00161094719078, 0.00271318643354, -0.00144984922372, 0.000110684726678, -0.00417647045106, 0.0138292238116, -0.00257648504339, 0.000700659642462, -4.73330328532e-05, 0.000296339858323, -0.000851779186632], [-4.68089165224e-05, -0.00543332006782, 0.00162668246776, -0.00474800681695, 0.00348944170401, 0.000350918649929, 0.00234976387583, -0.00257648504339, 0.0124939605594, -0.00422886526212, 0.00248953117989, -0.00212067784742, 0.00147437863052], [-0.000939352961723, 0.0041839578189, -0.0023342280183, 0.00463002594188, -0.00414045108482, 0.000657934288029, 0.0010217850795, 0.000700659642462, -0.00422886526212, 0.0142504200339, -0.0048661082983, 0.00224581663497, -0.00152758345939], [0.000492740073241, -0.00690758647397, 0.00285141798668, -0.00556773599237, 0.00348452897742, -0.00388307496905, 0.00366935203783, -4.73330328532e-05, 0.00248953117989, -0.0048661082983, 0.0202151089907, -0.00642254669219, 0.00394041324034], [-4.05033570132e-05, 0.00636046938598, -0.00249538733624, 0.00336642190814, -0.00431217579171, 0.00415088655427, -0.00323381158523, 0.000296339858323, -0.00212067784742, 0.00224581663497, -0.00642254669219, 0.0160427540541, -0.00145391363185], [0.00040275696665, -0.00483717815951, 0.00221128133126, -0.00380460196175, 0.00276169530116, -0.00253468565643, 0.00388677348383, -0.000851779186632, 0.00147437863052, -0.00152758345939, 0.00394041324034, -0.00145391363185, 0.0139842638746]]
    },
    "melbands": {
        "max": [0.00971720926464, 0.0140231475234, 0.0133430473506, 0.0235246773809, 0.0169536229223, 0.014223376289, 0.00519368611276, 0.00382864987478, 0.00730705447495, 0.0130942296237, 0.00625636009499, 0.00493168924004, 0.00124564953148, 0.00204168702476, 0.00250474689528, 0.00456546293572, 0.00376569875516, 0.00184361159336, 0.000680083525367, 0.00156201445498, 0.00019714894006, 0.000470709899673, 0.00049825507449, 0.000328623165842, 0.000466967205284, 0.000261516106548, 0.000205263408134, 0.000255581428064, 0.000177216643351, 0.000306473957608, 0.00033595651621, 0.000295324978651, 0.000190119069885, 0.000173212276422, 0.000121361517813, 0.000202854076633, 8.43511152198e-05, 1.42911567309e-05, 1.38919194796e-05, 5.27955126017e-06],
        "mean": [0.000674984999932, 0.0013262629509, 0.00151596928481, 0.00155709893443, 0.000690588669386, 0.000633182935417, 0.000362461665645, 0.000213616935071, 0.000153223227244, 0.000179704307811, 0.000111091634608, 9.12420146051e-05, 9.87469975371e-05, 7.67409364926e-05, 6.91912719049e-05, 0.000179994094651, 0.000104569415271, 5.14711427968e-05, 2.45411702053e-05, 4.17274168285e-05, 1.30079042719e-05, 1.60276322276e-05, 2.39956589212e-05, 9.67492906057e-06, 7.20541675037e-06, 6.7576438596e-06, 9.1144520411e-06, 8.1438856796e-06, 4.32336537415e-06, 4.67382733405e-06, 5.93000822846e-06, 5.47128820472e-06, 3.31104047291e-06, 5.30826628165e-06, 2.06879553843e-06, 1.54652263973e-06, 1.11202916742e-06, 6.33623017166e-07, 5.15001374879e-07, 3.40782122521e-07],
        "min": [5.31296700501e-06, 1.98717407329e-05, 1.38030200105e-05, 5.80857376917e-05, 7.50186882215e-06, 8.77115508047e-06, 2.20588503907e-06, 1.56311807586e-06, 9.74529257292e-07, 5.06485889673e-07, 1.98500657689e-07, 5.05112382143e-07, 2.34184653891e-07, 9.80467547151e-08, 5.18301845887e-08, 4.73597161488e-08, 2.25417089439e-08, 4.22419432766e-08, 3.30498970413e-08, 2.92188726547e-08, 3.98451440731e-08, 1.2395894089e-08, 9.00661056846e-09, 7.73307817781e-09, 7.37792582584e-09, 1.24095720366e-08, 1.26275603307e-08, 1.50085153194e-08, 5.84917225765e-09, 6.46622089207e-09, 2.26752905341e-09, 2.42130560046e-09, 4.59453008972e-09, 4.04658972997e-09, 2.76424039214e-09, 1.69647884629e-09, 6.22931706218e-10, 4.9296294824e-10, 2.02641486924e-10, 1.1772786912e-10],
        "stdev": [0.00114572478924, 0.00165291549638, 0.00131278706249, 0.00183822854888, 0.000947290624026, 0.0010687764734, 0.000590899027884, 0.0004132334725, 0.000478876812849, 0.000562961096875, 0.000410945125623, 0.000308620772557, 0.000167576377862, 0.000179132010089, 0.000193492960534, 0.000443784694653, 0.000341645616572, 0.000145203666762, 6.19515267317e-05, 0.000122527926578, 2.40672543441e-05, 3.84262530133e-05, 5.40127221029e-05, 2.10788130062e-05, 2.10492416954e-05, 1.44767072925e-05, 1.83420725079e-05, 1.67470116139e-05, 1.24427460833e-05, 1.49182033056e-05, 1.77827296284e-05, 1.85366297956e-05, 1.18561993077e-05, 1.75439745362e-05, 6.62070988255e-06, 8.95882203622e-06, 4.19384286943e-06, 1.2177622466e-06, 9.58236228144e-07, 5.64827757898e-07]
    },
    "melbands128": {
        "max": [0.00337748369202, 0.0101362746209, 0.0153145855293, 0.0196569692343, 0.019401203841, 0.0148487091064, 0.0141317294911, 0.0170726701617, 0.031755797565, 0.0405779145658, 0.0146362874657, 0.0137798143551, 0.0217312723398, 0.0288024228066, 0.0198557879776, 0.0290803946555, 0.0115263303742, 0.00938450265676, 0.0120827499777, 0.00590440863743, 0.0068807983771, 0.0113553889096, 0.0105800488964, 0.0182853937149, 0.0254563950002, 0.00782178714871, 0.010270033963, 0.0054875491187, 0.0183515772223, 0.0099924961105, 0.00363696157001, 0.0029224769678, 0.00205202610232, 0.00277813826688, 0.00148325331975, 0.00457410607487, 0.00449311174452, 0.0056627355516, 0.00350575288758, 0.00253364257514, 0.00995674729347, 0.00682688131928, 0.00821043271571, 0.00445293774828, 0.000867678667419, 0.00394246494398, 0.00191176647786, 0.00130027031992, 0.000553509278689, 0.00026431545848, 0.00354271172546, 0.00100562698208, 0.000525520707015, 0.000207512872294, 0.000204239157028, 0.000396684568841, 0.00172234070487, 0.00137669290416, 0.000562223431189, 0.000517978973221, 0.000453550834209, 0.000349951267708, 0.000487486773636, 0.0006160986959, 0.000361698272172, 0.000214084939216, 0.000248601078056, 0.000213248320506, 0.000320002960507, 0.000450435501989, 0.000212738683331, 0.000396613817429, 0.000186150777154, 0.000165587043739, 0.000241612477112, 0.000346635933965, 0.000282692024484, 0.000354918913217, 0.00046224493417, 0.000295022968203, 0.000303783424897, 0.000349702691892, 0.000384784478229, 0.000189274389413, 0.000329267902998, 0.000318758393405, 0.000254668673733, 0.000129303822177, 6.41107690171e-05, 0.000210640355363, 0.000336681259796, 0.000152171443915, 0.000170730985701, 0.00011868411093, 4.36742739112e-05, 2.95196878142e-05, 1.34564234031e-05, 4.16664588556e-05, 2.22598227992e-05, 8.49787375046e-06, 1.03013862827e-05, 5.34344599146e-06, 1.00310144262e-05, 4.5081656026e-06, 5.43522037333e-06, 1.56064634211e-05, 8.39561835164e-06, 6.88513000568e-06, 5.84747840549e-06, 5.16445834364e-06, 7.67408073443e-06, 7.68098561821e-06, 9.60292345553e-06, 9.08931815502e-06, 6.18712238065e-06, 3.51114465502e-07, 1.64327644825e-08, 4.82421158576e-10, 5.01435559741e-10, 5.13456444029e-10, 5.14036313515e-10, 5.13102782485e-10, 5.13422082626e-10, 5.08478037453e-10, 5.03201535995e-10, 5.03926345097e-10, 5.01741259651e-10, 4.9971021765e-10],
        "mean": [0.000157067508553, 0.000526986434124, 0.000755539629608, 0.00120761082508, 0.00144910148811, 0.00134953029919, 0.00129182811361, 0.0015908194473, 0.00179875909816, 0.00184747693129, 0.00122055946849, 0.000772896630224, 0.000525759358425, 0.000562104163691, 0.000798611959908, 0.00059718824923, 0.000385503662983, 0.000356787757482, 0.000291679927614, 0.00018516027194, 0.000216977408854, 0.000155714034918, 0.000143481433042, 0.000141207652632, 0.000192744962987, 0.000208826793823, 0.000124267593492, 8.95147022675e-05, 0.000110630593554, 9.91561100818e-05, 8.86186826392e-05, 6.94694826961e-05, 8.64043395268e-05, 0.000162921758601, 3.6860416003e-05, 8.03728762548e-05, 7.91405545897e-05, 5.7297762396e-05, 6.43571911496e-05, 0.000146202306496, 0.000295154663036, 6.55506592011e-05, 0.000127669307403, 0.000113497837447, 1.709391654e-05, 7.79903130024e-05, 3.91772118746e-05, 2.4455910534e-05, 1.63993372553e-05, 1.19976511996e-05, 7.14543202776e-05, 4.28275889135e-05, 6.82580821376e-06, 4.82476070829e-06, 9.08749825612e-06, 1.04884447865e-05, 2.91112883133e-05, 2.90352709271e-05, 2.16111402551e-05, 1.90273585758e-05, 5.00769283462e-06, 5.21847414348e-06, 1.07251307782e-05, 6.2161589085e-06, 5.2269679145e-06, 6.89120224706e-06, 7.42610154703e-06, 7.41342455512e-06, 8.78253194969e-06, 1.36194303195e-05, 6.49249477647e-06, 8.3048180386e-06, 3.83164933737e-06, 3.83671613235e-06, 4.057318165e-06, 3.92945321437e-06, 5.89907085669e-06, 5.04318541061e-06, 6.65377456244e-06, 5.30085162609e-06, 6.62758748149e-06, 5.00340274812e-06, 4.093194093e-06, 2.63622496277e-06, 2.76536570709e-06, 6.67104586682e-06, 5.94484481553e-06, 2.63665606326e-06, 1.93620894606e-06, 1.53138967107e-06, 1.80934137006e-06, 1.48482604345e-06, 1.33707158056e-06, 1.05554875063e-06, 1.17176534786e-06, 5.45691023035e-07, 5.66437961425e-07, 5.95216874899e-07, 4.97328642268e-07, 5.06380843035e-07, 4.57572696178e-07, 2.57516745705e-07, 3.00608405723e-07, 2.10743579032e-07, 3.00312137824e-07, 3.22718364032e-07, 2.61731031515e-07, 1.86757404208e-07, 2.12219546825e-07, 1.77650534283e-07, 1.70515008335e-07, 2.09264271689e-07, 2.12811798406e-07, 6.93668837926e-08, 2.83687278113e-08, 2.3670303495e-09, 1.3000851784e-10, 4.87855849468e-12, 4.68807544868e-12, 4.56925469683e-12, 4.45806369251e-12, 4.36719584107e-12, 4.28534985275e-12, 4.20609944443e-12, 4.10820075875e-12, 3.98674149249e-12, 3.91318965079e-12, 3.88592977241e-12],
        "min": [4.35480451699e-09, 3.93948141664e-07, 4.55144004263e-07, 5.28674945599e-06, 1.14058766485e-05, 8.79505751072e-06, 1.14893202863e-06, 6.11962923358e-06, 9.87272142083e-06, 1.13254627649e-05, 4.47194270237e-06, 1.23025881749e-06, 2.06946788239e-06, 4.53407301393e-06, 2.41604948314e-06, 1.29089914935e-06, 4.98783379044e-07, 2.60441709088e-07, 7.23310392914e-07, 2.16036184497e-07, 1.37833325198e-07, 4.96144934914e-07, 3.28825507268e-07, 2.80516587736e-07, 3.53748589532e-07, 1.61014199307e-07, 7.90771110815e-08, 2.34694056189e-07, 1.65132675534e-07, 1.1801682831e-07, 9.91056694488e-08, 9.36994268841e-08, 4.71393093449e-08, 3.908376911e-08, 8.80258284042e-08, 3.03961869008e-08, 2.30650307742e-08, 3.8527399937e-08, 2.62287933595e-08, 2.58642707252e-08, 3.97641848338e-08, 1.63465259106e-08, 1.54025308063e-08, 1.31680728543e-08, 2.85937939992e-08, 3.07504137709e-08, 2.28161116667e-08, 1.32835680233e-08, 1.54680890319e-08, 1.56364592385e-08, 1.1183878712e-08, 2.28926477774e-08, 1.87759603421e-08, 1.45427216935e-08, 1.02664126089e-08, 6.87704604374e-09, 3.47076611895e-09, 6.76361588958e-09, 4.17427470367e-09, 6.21740348095e-09, 4.8351669335e-09, 5.5020530354e-09, 6.96591095917e-09, 5.06084019136e-09, 4.67551197758e-09, 8.92367513217e-09, 8.36210212185e-09, 1.04021813385e-08, 4.71442218597e-09, 5.04581754157e-09, 7.99717803091e-09, 6.29769880689e-09, 7.06085900859e-09, 2.60107912986e-09, 9.8966190798e-10, 3.28787019832e-09, 3.39556494033e-09, 2.2407034006e-09, 6.1676125318e-10, 2.51575360544e-09, 2.31734587075e-09, 1.9891626124e-09, 3.1876912221e-09, 1.582281417e-09, 1.70910696706e-09, 2.33890373735e-09, 1.07676145777e-09, 1.74132153141e-09, 1.5248489138e-09, 2.0881069096e-10, 3.28325672205e-10, 1.27975996467e-09, 2.02430031071e-10, 1.25130782472e-11, 3.10677907012e-11, 2.0243901e-10, 5.57191705969e-12, 1.17923587561e-11, 9.21020967826e-11, 6.20222970205e-11, 2.98329833059e-11, 4.99460238793e-12, 2.44253337174e-12, 5.20664370993e-12, 6.32899678846e-12, 4.59182171453e-12, 2.79785266136e-12, 4.54990049543e-13, 1.9036569467e-13, 1.52979991413e-13, 1.11501194562e-13, 8.60470481217e-14, 1.04229721642e-13, 8.75173414641e-14, 1.16007762207e-13, 9.93504662762e-14, 9.96153775245e-14, 1.05825680792e-13, 7.97966361499e-14, 8.87111225949e-14, 9.39325250611e-14, 8.69765346442e-14, 8.94775451107e-14, 8.68871218463e-14, 7.00910412609e-14, 2.52146377101e-14, 3.08684831067e-15, 1.64409690632e-16],
        "stdev": [0.000377245480195, 0.00126795831602, 0.00160052231513, 0.00171141827013, 0.00217171129771, 0.00181583198719, 0.00155541417189, 0.00171704136301, 0.0023443158716, 0.00311151356436, 0.00155033706687, 0.00122055015527, 0.00109772954602, 0.00141322088894, 0.0014932322083, 0.00154839886818, 0.000932138238568, 0.000718105642591, 0.00075635878602, 0.000444852368673, 0.000594558485318, 0.000580760941375, 0.000589834176935, 0.000774356361944, 0.000873214856256, 0.000641061342321, 0.00064094044501, 0.000307948765112, 0.000968637294136, 0.000475990265841, 0.000244422146352, 0.000212946644751, 0.000186736389878, 0.000351223105099, 8.83641187102e-05, 0.000325861969031, 0.000319123122608, 0.00032468297286, 0.000244511058554, 0.000329332833644, 0.000899111153558, 0.000414647802245, 0.000524327217136, 0.000413393892813, 6.22856096015e-05, 0.000309316586936, 0.000121078257507, 0.000108676293166, 5.0812268455e-05, 2.59179269051e-05, 0.000257247796981, 0.000110065251647, 2.62426638074e-05, 1.11685121738e-05, 2.05184951483e-05, 3.28583955707e-05, 0.000118179174024, 9.82044803095e-05, 6.50734073133e-05, 5.55255064683e-05, 1.78831360245e-05, 1.60319068527e-05, 2.92611293844e-05, 2.53647394857e-05, 1.8982018446e-05, 1.54354311235e-05, 1.57322592713e-05, 1.73266234924e-05, 2.14868632611e-05, 4.71933526569e-05, 1.83350002771e-05, 1.86213874258e-05, 1.31321630761e-05, 1.25196365843e-05, 1.39737285281e-05, 1.56408932526e-05, 1.71915726241e-05, 2.06289169e-05, 2.05673422897e-05, 2.04385924008e-05, 2.20209567487e-05, 2.06890563277e-05, 1.89142538147e-05, 1.0180226127e-05, 1.14203430712e-05, 2.65338749159e-05, 2.29297165788e-05, 8.86386078491e-06, 5.30561783307e-06, 8.03545299277e-06, 1.32163904709e-05, 8.2410797404e-06, 7.37458503863e-06, 4.99615680383e-06, 3.15172383125e-06, 1.51498898049e-06, 1.21286814192e-06, 2.12674831346e-06, 1.54493659466e-06, 9.67057189882e-07, 9.44769965372e-07, 5.67259746731e-07, 6.88165755491e-07, 4.39878391489e-07, 6.60253419937e-07, 1.05571371023e-06, 6.93086860792e-07, 4.67889890388e-07, 5.01757142501e-07, 4.51468366691e-07, 4.72880117286e-07, 5.43528983599e-07, 6.43875353035e-07, 4.33168992231e-07, 2.70872220653e-07, 2.03139460808e-08, 9.32765753525e-10, 1.45424297604e-11, 1.48702664765e-11, 1.50802981214e-11, 1.50282095795e-11, 1.49478589229e-11, 1.49058820842e-11, 1.47439543213e-11, 1.45818253305e-11, 1.45736443746e-11, 1.45012751807e-11, 1.44395146881e-11]
    },
    "mfcc": {
        "mean": [-648.310546875, 135.770309448, 14.706363678, 26.3554992676, -0.843748450279, 13.967168808, -3.37599158287, -0.607232153416, -8.04177856445, -3.39579248428, -5.53339195251, -3.12862491608, -3.03630661964],
        "cov": [[3243.86669922, -1570.12451172, -623.840881348, -218.982315063, 130.480606079, 75.5749893188, 166.745361328, -92.4494552612, -9.02448654175, -105.568702698, 108.077529907, 62.9415473938, 10.9687194824], [-1570.12451172, 1319.37915039, 195.706130981, -23.3965492249, -118.257064819, -75.4172515869, -88.0427246094, 24.7361965179, 27.1521129608, 110.686462402, -36.5077362061, -58.4683265686, 10.7382059097], [-623.840881348, 195.706130981, 677.59161377, 139.299331665, -210.114730835, -81.1923904419, -128.281539917, 56.976234436, 7.93921232224, 58.903793335, -40.3831100464, -14.0339832306, -6.45880460739], [-218.982315063, -23.3965492249, 139.299331665, 322.743713379, -25.0001583099, -13.6300640106, -94.3093109131, 27.3737869263, 3.46676373482, 12.4668893814, -38.7239761353, 2.89664959908, 34.4132766724], [130.480606079, -118.257064819, -210.114730835, -25.0001583099, 311.876647949, 65.7840881348, 79.8988418579, -65.5008010864, -4.87430715561, -70.7429199219, 30.1826534271, 54.497833252, 23.346578598], [75.5749893188, -75.4172515869, -81.1923904419, -13.6300640106, 65.7840881348, 129.034866333, 53.4214134216, -1.04401993752, -1.16593551636, -7.38938474655, 6.44701433182, 7.64846467972, 2.02703166008], [166.745361328, -88.0427246094, -128.281539917, -94.3093109131, 79.8988418579, 53.4214134216, 211.581634521, 16.1611099243, -5.58406257629, -47.569934845, 28.5879135132, 22.9206752777, -28.9537200928], [-92.4494552612, 24.7361965179, 56.976234436, 27.3737869263, -65.5008010864, -1.04401993752, 16.1611099243, 143.496765137, 4.84809112549, 10.0462265015, -10.8064479828, 5.56200838089, -2.02688384056], [-9.02448654175, 27.1521129608, 7.93921232224, 3.46676373482, -4.87430715561, -1.16593551636, -5.58406257629, 4.84809112549, 74.5899200439, 26.6666049957, -11.0499658585, -22.6827812195, 0.0879795327783], [-105.568702698, 110.686462402, 58.903793335, 12.4668893814, -70.7429199219, -7.38938474655, -47.569934845, 10.0462265015, 26.6666049957, 134.067214966, -14.6759653091, -44.5431060791, 1.27867341042], [108.077529907, -36.5077362061, -40.3831100464, -38.7239761353, 30.1826534271, 6.44701433182, 28.5879135132, -10.8064479828, -11.0499658585, -14.6759653091, 100.039886475, 36.390411377, -17.2998104095], [62.9415473938, -58.4683265686, -14.0339832306, 2.89664959908, 54.497833252, 7.64846467972, 22.9206752777, 5.56200838089, -22.6827812195, -44.5431060791, 36.390411377, 114.805244446, 8.32593536377], [10.9687194824, 10.7382059097, -6.45880460739, 34.4132766724, 23.346578598, 2.02703166008, -28.9537200928, -2.02688384056, 0.0879795327783, 1.27867341042, -17.2998104095, 8.32593536377, 104.401977539]],
        "icov": [[0.00110814103391, 0.00130512542091, 0.000709438580088, 0.00057259760797, 0.000640777405351, 0.000356914591976, -8.30952776596e-05, 0.000401179742767, -0.000456293142634, -0.00029717295547, -0.000488263816806, -0.000207002696698, -0.000621366431005], [0.00130512542091, 0.00241093430668, 0.000646140717436, 0.000926938490011, 0.000690945598762, 0.00077071308624, 3.35010481649e-05, 0.000348522880813, -0.000566528411582, -0.000898472208064, -0.000450883322628, -9.02280735318e-05, -0.000860114989337], [0.000709438580088, 0.000646140717436, 0.00265460647643, -0.000329042261001, 0.00154953147285, 0.000662933627609, 0.000417787552578, 8.19963097456e-05, -0.000414514448494, -0.000292670389172, -2.04986772587e-05, -0.000779688823968, -4.75148954138e-05], [0.00057259760797, 0.000926938490011, -0.000329042261001, 0.00442947540432, -0.000270363671007, -0.000102118174254, 0.00168061838485, -0.000744051299989, -0.000269823533017, -6.77943462506e-05, 0.000773634586949, -0.000413418631069, -0.000959607597906], [0.000640777405351, 0.000690945598762, 0.00154953147285, -0.000270363671007, 0.00620994763449, -0.00142291851807, -0.00122829666361, 0.00265296851285, -0.00139558478259, 0.00141707225703, -0.000560301064979, -0.00197507883422, -0.00155511370394], [0.000356914591976, 0.00077071308624, 0.000662933627609, -0.000102118174254, -0.00142291851807, 0.00982966367155, -0.00193457154091, -0.000418045616243, 0.000236948602833, -0.00147224939428, 9.37952427194e-05, 0.000185364071513, -0.000440787960542], [-8.30952776596e-05, 3.35010481649e-05, 0.000417787552578, 0.00168061838485, -0.00122829666361, -0.00193457154091, 0.00758451968431, -0.00208941427991, -0.000209701363929, 0.00162746245041, -0.000447302416433, -2.56515013461e-05, 0.00176041049417], [0.000401179742767, 0.000348522880813, 8.19963097456e-05, -0.000744051299989, 0.00265296851285, -0.000418045616243, -0.00208941427991, 0.00887314137071, -0.000948802917264, -0.000272699428024, 0.000592669588514, -0.00169678661041, -0.000582339125685], [-0.000456293142634, -0.000566528411582, -0.000414514448494, -0.000269823533017, -0.00139558478259, 0.000236948602833, -0.000209701363929, -0.000948802917264, 0.0153493648395, -0.00258154957555, 0.000897181744222, 0.00237151770853, 0.000378635304514], [-0.00029717295547, -0.000898472208064, -0.000292670389172, -6.77943462506e-05, 0.00141707225703, -0.00147224939428, 0.00162746245041, -0.000272699428024, -0.00258154957555, 0.0106868688017, -0.00068974000169, 0.0026521824766, -0.000168895101524], [-0.000488263816806, -0.000450883322628, -2.04986772587e-05, 0.000773634586949, -0.000560301064979, 9.37952427194e-05, -0.000447302416433, 0.000592669588514, 0.000897181744222, -0.00068974000169, 0.0128559609875, -0.0039964732714, 0.00230901641771], [-0.000207002696698, -9.02280735318e-05, -0.000779688823968, -0.000413418631069, -0.00197507883422, 0.000185364071513, -2.56515013461e-05, -0.00169678661041, 0.00237151770853, 0.0026521824766, -0.0039964732714, 0.0125556020066, -0.00118092505727], [-0.000621366431005, -0.000860114989337, -4.75148954138e-05, -0.000959607597906, -0.00155511370394, -0.000440787960542, 0.00176041049417, -0.000582339125685, 0.000378635304514, -0.000168895101524, 0.00230901641771, -0.00118092505727, 0.0113572441041]]
    },
    "spectral_contrast_coeffs": {
        "max": [-0.409147679806, -0.538765370846, -0.512353301048, -0.568032622337, -0.596583127975, -0.515541613102],
        "mean": [-0.674845516682, -0.741875827312, -0.751228988171, -0.759808242321, -0.777886211872, -0.722526669502],
        "min": [-0.829625844955, -0.918892145157, -0.902812838554, -0.903570175171, -0.88331669569, -0.870613753796],
        "stdev": [0.0589126311243, 0.0626321732998, 0.06383176893, 0.0710938125849, 0.0554911307991, 0.0493943057954]
    },
    "spectral_contrast_valleys": {
        "max": [-4.95890474319, -4.78551578522, -5.70340919495, -6.28366231918, -5.29401826859, -8.10932350159],
        "mean": [-6.31688165665, -6.58033895493, -7.47895050049, -7.9211101532, -8.01003742218, -10.8141880035],
        "min": [-7.91970825195, -8.21021938324, -9.63190841675, -9.91764736176, -10.1521749496, -13.6088581085],
        "stdev": [0.443120419979, 0.533252179623, 0.549490451813, 0.630408644676, 0.712200343609, 0.912826180458]
    }
},
"rhythm": {
    "beats_count": 38,
    "beats_loudness": {
        "max": 0.0858466997743,
        "mean": 0.039243798703,
        "min": 0.00525018572807,
        "stdev": 0.0194782949984
    },
    "bpm": 70.3432617188,
    "bpm_histogram_first_peak_bpm": 70,
    "bpm_histogram_first_peak_weight": 0.277777671814,
    "bpm_histogram_second_peak_bpm": 75,
    "bpm_histogram_second_peak_spread": 0,
    "bpm_histogram_second_peak_weight": 0.0270270276815,
    "danceability": 1.2351629734,
    "onset_rate": 2.95312476158,
    "beats_loudness_band_ratio": {
        "max": [0.854081630707, 0.534480810165, 0.552221357822, 0.501614570618, 0.44952377677, 0.469708234072],
        "mean": [0.401945859194, 0.266362160444, 0.130892157555, 0.124347537756, 0.0811583027244, 0.0671814903617],
        "min": [0.0630640611053, 0.0302626043558, 0.0200730934739, 0.00420935591683, 0.000709657906555, 0.00265535037033],
        "stdev": [0.226543501019, 0.152899518609, 0.133278414607, 0.124771095812, 0.0955435410142, 0.0864908546209]
    },
    "beats_position": [0.812698423862, 1.63700675964, 2.4497051239, 3.26240348816, 4.06349182129, 4.87619018555, 5.6888885498, 6.53641700745, 7.37233543396, 8.2198638916, 9.07900238037, 9.92653083801, 10.7856683731, 11.6331968307, 12.4923353195, 13.3514738083, 14.2222223282, 15.0929698944, 15.9637184143, 16.8344669342, 17.693605423, 18.575963974, 19.4351024628, 20.2942390442, 21.153377533, 22.0009059906, 22.8484344482, 23.707572937, 24.5667114258, 25.4258499146, 26.2849884033, 27.1441268921, 28.0032653809, 28.8740139008, 29.7447605133, 30.6271190643, 31.5094776154, 32.391834259],
