{
"metadata": {
    "version": {
        "essentia": "2.1-beta5",
        "essentia_git_sha": "Undefined",
        "extractor": "music 2.0"
    },
    "audio_properties": {
        "analysis": {
            "equal_loudness": 0,
            "length": 48.7502937317,
            "sample_rate": 44100,
            "start_time": 12.7477550507,
            "downmix": "mix"
        },
        "bit_rate": 192000,
        "length": 212.091079712,
        "lossless": 0,
        "number_channels": 2,
        "replay_gain": -7.90258979797,
        "sample_rate": 48000,
        "codec": "mp3",
        "md5_encoded": "b79e7a03d72eb76cbcec5800d425e2ef"
    },
    "tags": {
        "file_name": "Spain_¿Qué Voy A Hacer Sin Ti_Mikel Herzog.mp3",
        "encoding": ["Lavf58.29.100"]
    }
},
"lowlevel": {
    "average_loudness": 0.703499019146,
    "barkbands_crest": {
        "max": 23.2666778564,
        "mean": 9.69537734985,
        "min": 3.11822652817,
        "stdev": 3.75426435471
    },
    "barkbands_flatness_db": {
        "max": 0.395751625299,
        "mean": 0.196207523346,
        "min": 0.064600199461,
        "stdev": 0.0550148636103
    },
    "barkbands_kurtosis": {
        "max": 90.4781494141,
        "mean": 9.87666988373,
        "min": -1.77943503857,
        "stdev": 12.0171175003
    },
    "barkbands_skewness": {
        "max": 6.90089035034,
        "mean": 1.85972738266,
        "min": -0.966297984123,
        "stdev": 1.2658457756
    },
    "barkbands_spread": {
        "max": 71.5749282837,
        "mean": 10.0087356567,
        "min": 0.541704654694,
        "stdev": 8.31357479095
    },
    "dissonance": {
        "max": 0.499999761581,
        "mean": 0.430415302515,
        "min": 0.202115520835,
        "stdev": 0.0540578737855
    },
    "dynamic_complexity": 2.80479478836,
    "erbbands_crest": {
        "max": 26.1442317963,
        "mean": 10.8908510208,
        "min": 3.27926182747,
        "stdev": 4.36994123459
    },
    "erbbands_flatness_db": {
        "max": 0.38479962945,
        "mean": 0.216323077679,
        "min": 0.063020452857,
        "stdev": 0.0538661442697
    },
    "erbbands_kurtosis": {
        "max": 67.8168334961,
        "mean": 5.20189762115,
        "min": -1.8407998085,
        "stdev": 9.04609203339
    },
    "erbbands_skewness": {
        "max": 6.24556446075,
        "mean": 1.26986825466,
        "min": -1.76343512535,
        "stdev": 1.1884958744
    },
    "erbbands_spread": {
        "max": 98.8997116089,
        "mean": 23.8516521454,
        "min": 1.68968915939,
        "stdev": 16.3462181091
    },
    "hfc": {
        "max": 122.821365356,
        "mean": 12.91746521,
        "min": 0.157610267401,
        "stdev": 13.2443647385
    },
    "loudness_ebu128": {
        "integrated": -16.0181980133,
        "loudness_range": 8.00758457184,
        "momentary": {
            "max": -11.1401023865,
            "mean": -16.9324855804,
            "min": -26.8695869446,
            "stdev": 3.10712718964
        },
        "short_term": {
            "max": -12.6835269928,
            "mean": -16.6205005646,
            "min": -23.8323726654,
            "stdev": 2.6093044281
        }
    },
    "melbands_crest": {
        "max": 30.0056209564,
        "mean": 12.5321416855,
        "min": 3.39869213104,
        "stdev": 4.77763605118
    },
    "melbands_flatness_db": {
        "max": 0.471050053835,
        "mean": 0.248761579394,
        "min": 0.0542927533388,
        "stdev": 0.082408003509
    },
    "melbands_kurtosis": {
        "max": 95.7902832031,
        "mean": 12.7683458328,
        "min": -1.26170170307,
        "stdev": 13.4018640518
    },
    "melbands_skewness": {
        "max": 7.21328926086,
        "mean": 2.03831791878,
        "min": -0.765501201153,
        "stdev": 1.36609482765
    },
    "melbands_spread": {
        "max": 133.545074463,
        "mean": 12.5461645126,
        "min": 1.01693606377,
        "stdev": 11.3274765015
    },
    "pitch_salience": {
        "max": 0.875348269939,
        "mean": 0.605998277664,
        "min": 0.272347927094,
        "stdev": 0.115798220038
    },
    "silence_rate_20dB": {
        "max": 1,
        "mean": 1,
        "min": 1,
        "stdev": 0
    },
    "silence_rate_30dB": {
        "max": 1,
        "mean": 0.998096168041,
        "min": 0,
        "stdev": 0.0435914248228
    },
    "silence_rate_60dB": {
        "max": 1,
        "mean": 0.080913849175,
        "min": 0,
        "stdev": 0.272701144218
    },
    "spectral_centroid": {
        "max": 3751.76733398,
        "mean": 920.90447998,
        "min": 269.240966797,
        "stdev": 694.785705566
    },
    "spectral_complexity": {
        "max": 47,
        "mean": 13.7705850601,
        "min": 0,
        "stdev": 7.41185092926
    },
    "spectral_decrease": {
        "max": -7.42177846957e-11,
        "mean": -5.64345148391e-09,
        "min": -4.06688549504e-08,
        "stdev": 4.63080285229e-09
    },
    "spectral_energy": {
        "max": 0.158614560962,
        "mean": 0.0224713310599,
        "min": 0.000294410740025,
        "stdev": 0.018266050145
    },
    "spectral_energyband_high": {
        "max": 0.0170472599566,
        "mean": 0.000312853575451,
        "min": 1.82978624252e-06,
        "stdev": 0.000889033486601
    },
    "spectral_energyband_low": {
        "max": 0.0908407494426,
        "mean": 0.00499950535595,
        "min": 3.8995474938e-07,
        "stdev": 0.00792917888612
    },
    "spectral_energyband_middle_high": {
        "max": 0.0572338663042,
        "mean": 0.00297417538241,
        "min": 2.53363050433e-05,
        "stdev": 0.00446691270918
    },
    "spectral_energyband_middle_low": {
        "max": 0.103513419628,
        "mean": 0.0150209972635,
        "min": 7.53325366531e-05,
        "stdev": 0.0136755136773
    },
    "spectral_entropy": {
        "max": 8.37202739716,
        "mean": 6.95967245102,
        "min": 5.10955762863,
        "stdev": 0.631834745407
    },
    "spectral_flux": {
        "max": 0.284251749516,
        "mean": 0.0587886869907,
        "min": 0.00858529470861,
        "stdev": 0.0334853306413
    },
    "spectral_kurtosis": {
        "max": 47.1259803772,
        "mean": 7.99953222275,
        "min": -0.783593416214,
        "stdev": 5.7400021553
    },
    "spectral_rms": {
        "max": 0.0124396905303,
        "mean": 0.0043155211024,
        "min": 0.000535938423127,
        "stdev": 0.00181645026896
    },
    "spectral_rolloff": {
        "max": 9280.81054688,
        "mean": 992.928161621,
        "min": 172.265625,
        "stdev": 1011.8895874
    },
    "spectral_skewness": {
        "max": 5.66356229782,
        "mean": 2.19047689438,
        "min": -0.0377315022051,
        "stdev": 0.820628762245
    },
    "spectral_spread": {
        "max": 23875410,
        "mean": 3784783,
        "min": 1559384.25,
        "stdev": 1219891.375
    },
    "spectral_strongpeak": {
        "max": 8.61228847504,
        "mean": 0.937009334564,
        "min": 0.0047063222155,
        "stdev": 0.784997582436
    },
    "zerocrossingrate": {
        "max": 0.228515625,
        "mean": 0.0432994626462,
        "min": 0.00927734375,
        "stdev": 0.0300845932215
    },
    "barkbands": {
        "max": [0.00504864845425, 0.0492127835751, 0.0477435067296, 0.0427002683282, 0.0634702965617, 0.0714450925589, 0.0518584363163, 0.0501174591482, 0.0302686337382, 0.00882743299007, 0.0388313904405, 0.012360278517, 0.00982900895178, 0.00922488048673, 0.0102757634595, 0.00696386722848, 0.00618633534759, 0.00540913082659, 0.0107961418107, 0.00600443640724, 0.00220309803262, 0.00424016499892, 0.00565438112244, 0.0031224633567, 0.00231339526363, 0.00344596430659, 1.51728791025e-05],
        "mean": [5.37043888471e-05, 0.00166708254255, 0.00262472219765, 0.00137065572198, 0.00376998772845, 0.00446231616661, 0.00267574610189, 0.00184167537373, 0.000566986156628, 0.000516088912264, 0.000560355139896, 0.000260748638539, 0.000256707920926, 0.00027674305602, 0.000324288062984, 0.000283195608063, 0.00025609327713, 0.000139915660839, 0.000158911847393, 0.000140884658322, 6.28096458968e-05, 8.9457629656e-05, 4.71460552944e-05, 3.14363132929e-05, 1.77499059646e-05, 1.59014216479e-05, 3.54051543638e-08],
        "min": [1.63423585775e-09, 2.92153234938e-08, 3.68840389342e-08, 5.68342493068e-08, 7.29970452085e-07, 9.51308379626e-07, 2.09065251511e-06, 2.42221426561e-06, 2.60013734987e-06, 1.76603293767e-06, 5.0546282182e-07, 2.66796746473e-07, 1.62720908747e-07, 7.21995334629e-08, 2.26209948551e-07, 1.77166867843e-07, 2.08855468031e-07, 2.59335479313e-07, 3.75296366428e-07, 1.85723038726e-07, 2.40322833633e-07, 2.60278454789e-07, 1.70345842321e-07, 1.24800394019e-07, 1.32716962753e-07, 1.71487102296e-10, 2.61688951758e-11],
        "stdev": [0.000319529412081, 0.00375835853629, 0.00421636458486, 0.00245575909503, 0.00494973640889, 0.00639854185283, 0.00411808351055, 0.00338824116625, 0.00148388440721, 0.000852878380101, 0.00246410025284, 0.000582357461099, 0.000620037026238, 0.000583781045862, 0.000659435347188, 0.000594207202084, 0.000534216407686, 0.000342022744007, 0.000567445997149, 0.000448866107035, 0.000150857420522, 0.000267653726041, 0.000229424869758, 0.00013129285071, 9.51066467678e-05, 0.000146520251292, 3.78412835289e-07]
    },
    "erbbands": {
        "max": [1.8250041008, 12.3438873291, 48.9126319885, 108.576629639, 105.447296143, 209.110824585, 461.235412598, 712.368896484, 726.836914062, 782.174194336, 914.739318848, 849.068908691, 380.512969971, 219.751327515, 1896.85595703, 400.191192627, 517.027160645, 497.086029053, 459.96774292, 538.343688965, 357.459106445, 316.755889893, 350.188659668, 174.40953064, 761.13885498, 219.807678223, 117.192970276, 95.6902542114, 178.539550781, 136.894638062, 144.027008057, 95.6556015015, 39.4938926697, 23.2623081207, 19.3318500519, 14.6626682281, 7.4940366745, 0.715828239918, 0.0123216072097, 0.000570255506318],
        "mean": [0.0241041053087, 0.480780124664, 2.82113051414, 3.89592576027, 7.78889322281, 12.1896505356, 25.3498153687, 39.26537323, 40.200881958, 46.6198577881, 25.2356719971, 15.6691179276, 18.9266357422, 10.4236793518, 25.7601909637, 12.4624786377, 13.2144107819, 14.3962869644, 14.6200761795, 17.7209873199, 15.3184928894, 13.1464672089, 9.02086925507, 5.98769521713, 10.6050920486, 6.17835235596, 2.7586042881, 2.71566462517, 3.17917585373, 2.25840783119, 1.2976218462, 0.851129889488, 0.392100483179, 0.206908509135, 0.125083506107, 0.0807974860072, 0.0281676054001, 0.00212643039413, 5.29681929038e-05, 2.81689062831e-05],
        "min": [9.82172309705e-07, 9.9149719972e-06, 7.29374223738e-05, 0.000122675730381, 0.00121385557577, 0.00176198547706, 0.00721754599363, 0.00908462610096, 0.0228178426623, 0.0306819006801, 0.127307578921, 0.125945344567, 0.130269557238, 0.0679545402527, 0.0773679837584, 0.0370319597423, 0.0172166768461, 0.00784647837281, 0.0159063953906, 0.012364721857, 0.010935372673, 0.0133998813108, 0.021280631423, 0.0218773707747, 0.0203021299094, 0.0107051199302, 0.00670979637653, 0.006454014685, 0.0083383563906, 0.00750683806837, 0.00446192687377, 0.00295030861162, 0.00193041271996, 0.00137227005325, 0.000778358313255, 5.27320589754e-05, 5.34996297574e-06, 1.61811340149e-06, 6.17248019807e-07, 7.7914484109e-07],
        "stdev": [0.104383543134, 0.989391028881, 4.75507545471, 6.19534873962, 11.1248111725, 18.7559909821, 36.5335350037, 60.5576324463, 59.6386985779, 75.7042999268, 51.0542793274, 36.8336029053, 36.2777137756, 17.361082077, 121.390449524, 22.8893375397, 31.4650630951, 30.5441093445, 29.762588501, 33.4892921448, 31.4574565887, 27.5449504852, 21.2882900238, 11.0461835861, 41.5731506348, 17.6754074097, 6.99888706207, 6.6154999733, 9.93905067444, 7.76261520386, 6.13855743408, 3.93897795677, 1.57881081104, 0.92181789875, 0.782327711582, 0.628566205502, 0.284719020128, 0.0265950653702, 0.000468668615213, 3.07452828565e-05]
    },
    "gfcc": {
        "mean": [-54.1147575378, 115.200424194, -121.10824585, 21.5414199829, -84.5591278076, 1.32221210003, -47.6696281433, 0.988727807999, -21.7371425629, -5.83570051193, -11.2070941925, -5.78116703033, -6.97511529922],
        "cov": [[4069.97045898, -409.667999268, -115.809959412, 780.780822754, 690.723693848, 422.167053223, -0.72572696209, 123.15953064, -54.6349449158, 301.893066406, -87.490234375, 153.937271118, -134.418502808], [-409.667999268, 1843.92333984, 1607.84521484, 23.9127883911, -162.352630615, -247.733566284, 20.5770816803, -84.0656204224, 100.013145447, -203.294036865, 227.513183594, -103.406333923, 21.3300094604], [-115.809959412, 1607.84521484, 2573.18017578, 91.5557327271, -351.098297119, -226.020797729, -26.5615196228, 44.2831268311, -69.5189285278, -52.5984344482, 136.388244629, 25.6625118256, -88.3904266357], [780.780822754, 23.9127883911, 91.5557327271, 400.342468262, 235.741287231, 76.5109100342, -14.5075378418, 20.0541706085, 24.7216396332, 38.5241584778, -17.2222499847, 7.97415733337, 23.5259227753], [690.723693848, -162.352630615, -351.098297119, 235.741287231, 577.589538574, 220.878295898, -57.7970733643, 36.8952026367, 41.7024078369, 137.232040405, -62.1689453125, 10.0896959305, 0.304799854755], [422.167053223, -247.733566284, -226.020797729, 76.5109100342, 220.878295898, 247.646347046, 36.1784439087, 34.3534202576, -33.7538452148, 100.858703613, -42.0762634277, 5.75926780701, -31.5413684845], [-0.72572696209, 20.5770816803, -26.5615196228, -14.5075378418, -57.7970733643, 36.1784439087, 170.448226929, 17.3864688873, -38.7015457153, -9.04899978638, 30.7116909027, 7.0527381897, -15.0924978256], [123.15953064, -84.0656204224, 44.2831268311, 20.0541706085, 36.8952026367, 34.3534202576, 17.3864688873, 101.740753174, -7.73753643036, 41.7459564209, -18.5707416534, 26.3999767303, -20.2818984985], [-54.6349449158, 100.013145447, -69.5189285278, 24.7216396332, 41.7024078369, -33.7538452148, -38.7015457153, -7.73753643036, 125.680374146, -7.25736856461, 22.7541065216, -23.465959549, 30.9381370544], [301.893066406, -203.294036865, -52.5984344482, 38.5241584778, 137.232040405, 100.858703613, -9.04899978638, 41.7459564209, -7.25736856461, 190.394729614, -8.92722034454, 32.1867713928, -40.5189399719], [-87.490234375, 227.513183594, 136.388244629, -17.2222499847, -62.1689453125, -42.0762634277, 30.7116909027, -18.5707416534, 22.7541065216, -8.92722034454, 103.017303467, -5.37441253662, 8.1687746048], [153.937271118, -103.406333923, 25.6625118256, 7.97415733337, 10.0896959305, 5.75926780701, 7.0527381897, 26.3999767303, -23.465959549, 32.1867713928, -5.37441253662, 86.38646698, -3.04419159889], [-134.418502808, 21.3300094604, -88.3904266357, 23.5259227753, 0.304799854755, -31.5413684845, -15.0924978256, -20.2818984985, 30.9381370544, -40.5189399719, 8.1687746048, -3.04419159889, 85.2390441895]],
        "icov": [[0.000606700312346, -0.000406508886954, 0.000369487999706, -0.00131343561225, 0.000315040582791, -0.000590009614825, 0.000412447145209, -0.000155791029101, 0.000293249904644, -0.000385225896025, 0.00023844873067, -0.0012572176056, 0.00126332195941], [-0.000406508886954, 0.0055133649148, -0.00383156002499, 0.00269962055609, -0.00419773440808, 0.00207671849057, -0.0030265331734, 0.00273069133982, -0.00336724682711, 0.00449896231294, -0.00575628923252, 0.00496663618833, -0.00175187690184], [0.000369487999706, -0.00383156002499, 0.0032652344089, -0.00253376201726, 0.00326558831148, -0.00116501376033, 0.00263249734417, -0.00238918187097, 0.00284067378379, -0.00302247749642, 0.00305740046315, -0.00360425002873, 0.00219207233749], [-0.00131343561225, 0.00269962055609, -0.00253376201726, 0.0072795888409, -0.00387825537473, 0.00174376694486, -0.00250356714241, 0.00125611270778, -0.00211271108128, 0.00243223481812, -0.0019066267414, 0.00404847180471, -0.00461835460737], [0.000315040582791, -0.00419773440808, 0.00326558831148, -0.00387825537473, 0.00755165377632, -0.00451666116714, 0.00390888517722, -0.00229760468937, 0.00118968030438, -0.0044165449217, 0.00473608542234, -0.00408623926342, 0.0013199984096], [-0.000590009614825, 0.00207671849057, -0.00116501376033, 0.00174376694486, -0.00451666116714, 0.0102918874472, -0.00396114215255, 0.000550484866835, 0.00115781906061, -0.000841383705847, -0.000560636224691, 0.00429447926581, -0.000498433597386], [0.000412447145209, -0.0030265331734, 0.00263249734417, -0.00250356714241, 0.00390888517722, -0.00396114215255, 0.0104462364689, -0.00372289982624, 0.00412331474945, -0.000881499785464, -0.00126645644195, -0.00336207775399, 0.00239830603823], [-0.000155791029101, 0.00273069133982, -0.00238918187097, 0.00125611270778, -0.00229760468937, 0.000550484866835, -0.00372289982624, 0.0143059138209, -0.00351975415833, 0.000449439015938, 0.0004640276602, -0.000768979138229, 0.000622738851234], [0.000293249904644, -0.00336724682711, 0.00284067378379, -0.00211271108128, 0.00118968030438, 0.00115781906061, 0.00412331474945, -0.00351975415833, 0.0139840198681, -0.0031690010801, -0.000342491897754, 0.000229847850278, -0.00139035785105], [-0.000385225896025, 0.00449896231294, -0.00302247749642, 0.00243223481812, -0.0044165449217, -0.000841383705847, -0.000881499785464, 0.000449439015938, -0.0031690010801, 0.0125735951588, -0.00681426003575, 0.00135068967938, 0.00194492831361], [0.00023844873067, -0.00575628923252, 0.00305740046315, -0.0019066267414, 0.00473608542234, -0.000560636224691, -0.00126645644195, 0.0004640276602, -0.000342491897754, -0.00681426003575, 0.0205836854875, -0.00487833144143, -8.68181887199e-05], [-0.0012572176056, 0.00496663618833, -0.00360425002873, 0.00404847180471, -0.00408623926342, 0.00429447926581, -0.00336207775399, -0.000768979138229, 0.000229847850278, 0.00135068967938, -0.00487833144143, 0.0202204361558, -0.00550655974075], [0.00126332195941, -0.00175187690184, 0.00219207233749, -0.00461835460737, 0.0013199984096, -0.000498433597386, 0.00239830603823, 0.000622738851234, -0.00139035785105, 0.00194492831361, -8.68181887199e-05, -0.00550655974075, 0.0193345844746]]
    },
    "melbands": {
        "max": [0.0126447286457, 0.0192152839154, 0.0185341928154, 0.0108735114336, 0.0173264797777, 0.0157528053969, 0.0118747642264, 0.0101135289297, 0.00655377376825, 0.00576994288713, 0.00194238498807, 0.000968242005911, 0.00574591709301, 0.00307548581623, 0.00094436010113, 0.000748096616007, 0.001128562144, 0.00070658948971, 0.00105680141132, 0.000433972716564, 0.000475846434711, 0.000394937378587, 0.000708642124664, 0.00037215903285, 0.000143980447319, 0.000453004671726, 0.00034371871152, 0.000168791491888, 7.08547522663e-05, 7.69758044044e-05, 5.49522228539e-05, 0.0001005723243, 8.29413838801e-05, 9.18873993214e-05, 7.91525308159e-05, 9.24988489714e-05, 4.68923899462e-05, 3.26995213982e-05, 1.63515451277e-05, 2.18367822526e-05],
        "mean": [0.000325575179886, 0.00117453071289, 0.000797930464614, 0.000696746632457, 0.000864149595145, 0.000868355971761, 0.000601267209277, 0.000504592491779, 0.000173389649717, 9.13470212254e-05, 9.17081124499e-05, 3.65802625311e-05, 8.19740307634e-05, 4.171994442e-05, 3.01574073092e-05, 2.35181651078e-05, 2.77330618701e-05, 2.21219743253e-05, 2.30868135986e-05, 2.27159889619e-05, 1.72801010194e-05, 1.40822194226e-05, 1.11149956865e-05, 6.26651126368e-06, 4.46356170869e-06, 5.92881497141e-06, 8.0140598584e-06, 3.31746036863e-06, 1.71139333816e-06, 1.5438755554e-06, 1.57736189976e-06, 1.79172343451e-06, 1.74708418399e-06, 1.04001117052e-06, 7.60992463711e-07, 6.04791011938e-07, 4.84657164179e-07, 2.8634087812e-07, 2.10031132042e-07, 1.64442752748e-07],
        "min": [7.79051578803e-09, 3.68655896921e-08, 5.0733213186e-08, 1.48548849666e-07, 2.48075934906e-07, 2.30587659189e-07, 3.72341730781e-07, 4.22095155272e-07, 1.24754058106e-06, 5.86321903029e-07, 3.3270615063e-07, 9.50601091176e-08, 9.03514632e-08, 5.98797740281e-08, 4.02812432299e-08, 1.2962762419e-08, 1.1122499366e-08, 1.4222880651e-08, 1.47340610823e-08, 1.26208377083e-08, 9.05900154891e-09, 1.16238743075e-08, 1.02047774675e-08, 1.54591894841e-08, 1.25523529348e-08, 6.94505741805e-09, 6.85212819818e-09, 5.99703264825e-09, 2.68929833958e-09, 5.45697931287e-09, 2.93850233035e-09, 3.84118203911e-09, 4.41416680985e-09, 3.55522966622e-09, 2.05989003632e-09, 2.04870764797e-09, 1.75510428413e-09, 1.16777476578e-09, 9.54195278347e-10, 1.12827902576e-09],
        "stdev": [0.000906684668735, 0.00195604446344, 0.00112074369099, 0.000874270510394, 0.00122110254597, 0.00131346320268, 0.000907409354113, 0.000828727497719, 0.000360042322427, 0.000232901293202, 0.000179056980414, 6.32237788523e-05, 0.000353179231752, 0.000147110855323, 5.96510762989e-05, 5.02811199112e-05, 6.34570096736e-05, 4.58228496427e-05, 5.04292765982e-05, 4.30461368524e-05, 3.69664012396e-05, 3.01504842355e-05, 2.85742280539e-05, 1.81380146387e-05, 8.6192467279e-06, 2.24801842705e-05, 2.91922897304e-05, 1.09179354695e-05, 4.73711952509e-06, 3.98739348384e-06, 3.88876105717e-06, 5.52468554815e-06, 5.83751443628e-06, 4.17014780396e-06, 3.60206968253e-06, 3.2665782328e-06, 2.15583077079e-06, 1.17926686016e-06, 8.65949459694e-07, 8.02328145255e-07]
    },
    "melbands128": {
        "max": [0.00470835110173, 0.0178045518696, 0.0214283298701, 0.0233844909817, 0.0271554309875, 0.0219107270241, 0.0232240818441, 0.0200682394207, 0.0142489774153, 0.0178778655827, 0.0150725189596, 0.0306342430413, 0.019049115479, 0.0179252289236, 0.0205905772746, 0.0298049300909, 0.0153435152024, 0.0187761373818, 0.0155736999586, 0.0131345521659, 0.0212830640376, 0.0115642510355, 0.00818540342152, 0.00584475789219, 0.0077675357461, 0.00952757522464, 0.00602424144745, 0.00339976046234, 0.000935048679821, 0.00194723531604, 0.00084191939095, 0.00254155835137, 0.00819801539183, 0.0149437719956, 0.00354567053728, 0.0010140046943, 0.00234317965806, 0.00123606587294, 0.00231761019677, 0.00196454371326, 0.000600738625508, 0.00114224257413, 0.00143320753705, 0.0017926634755, 0.000413914356614, 0.0012326069409, 0.00115141901188, 0.000888969283551, 0.00221320032142, 0.000531254161615, 0.000514955085237, 0.00111539277714, 0.000604436150752, 0.00056626368314, 0.000591538264416, 0.000440451753093, 0.000295312784147, 0.00130262039602, 0.000678834272549, 0.000505470845383, 0.000727639417164, 0.000215678679524, 0.000287647708319, 0.000145862053614, 0.000120791519294, 0.00064026954351, 0.00138997484464, 0.000843182497192, 0.000400519114919, 0.000314646400511, 0.000353164359694, 0.000360595120583, 9.49009117903e-05, 4.96452485095e-05, 0.000117497060273, 9.59269091254e-05, 8.9063483756e-05, 0.000106523177237, 5.5077176512e-05, 5.64769507037e-05, 6.49943758617e-05, 0.000176230270881, 0.000109185471956, 9.21292521525e-05, 8.77438360476e-05, 0.000103369886347, 0.000141025026096, 0.000116630901175, 7.57923553465e-05, 0.000102339407022, 0.000119118005387, 0.000101344856375, 5.11497419211e-05, 4.8098503612e-05, 5.35596082045e-05, 4.07351835747e-05, 2.49722452281e-05, 2.96779380733e-05, 2.14670963032e-05, 1.99511123355e-05, 1.20101249195e-05, 2.75343081739e-05, 2.58741183643e-05, 2.34053077293e-05, 2.45664487011e-05, 2.65542767011e-05, 2.0571411369e-05, 3.4796212276e-05, 3.14201461151e-05, 3.19736282108e-05, 3.44319305441e-05, 2.81637931039e-05, 3.35349905072e-05, 2.84026937152e-05, 2.42568457907e-05, 2.75932075056e-06, 4.42130414058e-07, 1.32560407096e-09, 2.43762832142e-09, 1.75641490241e-09, 1.50643086894e-09, 1.1824790036e-09, 1.16223397573e-09, 1.14056086797e-09, 1.12383080619e-09, 1.11136699843e-09, 1.1036050962e-09, 1.09741160603e-09],
        "mean": [4.51950290881e-05, 0.0001498710335, 0.000286367197987, 0.000939988764003, 0.00149543548469, 0.00118110061157, 0.000749681086745, 0.000698519987054, 0.000852115103044, 0.000620773935225, 0.00061402580468, 0.000890476803761, 0.000805283722002, 0.0010061833309, 0.00102511886507, 0.000719212694094, 0.000601657724474, 0.000681096105836, 0.00044004098163, 0.000567696522921, 0.000565515714698, 0.000209007775993, 0.000144737277878, 7.54300926928e-05, 0.000121401892102, 7.30730171199e-05, 8.21162102511e-05, 0.000142177130328, 4.09679923905e-05, 4.2040446715e-05, 2.66218667093e-05, 3.84951708838e-05, 9.60604593274e-05, 0.000124725702335, 2.99591174553e-05, 2.66566239588e-05, 3.63016006304e-05, 1.74656852323e-05, 4.26058541052e-05, 3.10878567689e-05, 1.31924798552e-05, 2.13855655602e-05, 3.00931678794e-05, 3.39090838679e-05, 1.52612683451e-05, 2.16336775338e-05, 2.81541706499e-05, 1.83121464943e-05, 2.20925303438e-05, 3.05323665089e-05, 1.97312529053e-05, 2.10691705433e-05, 1.51460299094e-05, 1.72818308783e-05, 1.82026942639e-05, 1.24908165162e-05, 1.10215514724e-05, 1.56161204359e-05, 9.01659223018e-06, 6.83465350448e-06, 7.27290080249e-06, 4.26849555879e-06, 5.73306715523e-06, 4.17422506871e-06, 3.08061612486e-06, 3.77054834644e-06, 8.44533224154e-06, 1.33079602165e-05, 5.75214062337e-06, 4.6038489927e-06, 3.29086606143e-06, 3.15019678965e-06, 1.86943771041e-06, 1.43842760281e-06, 1.33108062528e-06, 1.73520072622e-06, 1.44350519804e-06, 1.56986061484e-06, 1.49098548263e-06, 1.72696024947e-06, 1.79823973667e-06, 1.77122512923e-06, 1.94077665583e-06, 1.85889700788e-06, 1.52607037762e-06, 1.13747705655e-06, 9.18469936551e-07, 6.88268471549e-07, 8.37473862703e-07, 7.16735996775e-07, 6.37321363683e-07, 5.4504300806e-07, 6.05993761837e-07, 4.77523258269e-07, 4.58355600585e-07, 3.27411157741e-07, 2.46017577865e-07, 2.0613420304e-07, 2.59906983047e-07, 1.75151498638e-07, 1.42100617495e-07, 1.46944486801e-07, 2.2559376589e-07, 1.60902146717e-07, 1.18601583665e-07, 1.2227684465e-07, 1.26637843323e-07, 1.36281997243e-07, 1.73640387402e-07, 1.29354859268e-07, 1.23827348375e-07, 9.96429108113e-08, 9.35574675509e-08, 7.34950944548e-08, 5.8295007932e-08, 6.76313272052e-09, 1.24336618779e-09, 2.40659419476e-11, 4.19906678872e-11, 1.84992160479e-11, 6.99674606447e-12, 4.71934210461e-12, 4.5943205837e-12, 4.50561723347e-12, 4.40222077541e-12, 4.28338224265e-12, 4.21141637189e-12, 4.18257269097e-12],
        "min": [4.77046679936e-10, 1.53292689653e-09, 3.90859611343e-09, 4.72167194232e-09, 5.37339683859e-09, 1.65983067291e-08, 7.26499749248e-09, 4.32706315223e-08, 4.03271442906e-08, 6.28595344665e-08, 4.05812556892e-08, 7.20878432503e-08, 7.27863209704e-08, 1.07755539602e-07, 5.76620742265e-08, 4.96310548215e-08, 2.40108192884e-07, 1.75381927647e-07, 3.9589387768e-08, 9.58368104875e-08, 3.24755518477e-07, 1.31928217684e-07, 1.34324295686e-07, 3.3214234918e-07, 1.93272740034e-07, 5.42781144475e-08, 7.11598886483e-08, 1.28992624582e-07, 1.67288419561e-07, 3.99210122737e-08, 3.85152745253e-08, 2.14102744422e-08, 7.84758213968e-08, 2.58160017808e-08, 1.3543091093e-08, 2.72687339375e-09, 1.11015454607e-08, 8.27680590731e-09, 9.40371691627e-09, 7.14894010656e-09, 6.80650380502e-09, 5.27308330334e-09, 5.95037441542e-09, 5.60938273608e-09, 4.34525926352e-09, 8.80381367807e-09, 9.56508383609e-09, 4.6931880604e-09, 5.54268808628e-09, 5.48204059925e-09, 5.80580650222e-09, 6.08899730636e-09, 3.18488302398e-09, 3.54275631054e-09, 7.1295493953e-09, 3.80437858993e-09, 4.27735891151e-09, 3.56014862035e-09, 5.63153479405e-09, 4.28220081616e-09, 3.04652658656e-09, 2.71640709926e-09, 8.41196534651e-09, 2.92925261824e-09, 3.1774698428e-09, 3.49764084362e-09, 1.62215130217e-09, 2.98874436311e-09, 1.91730720189e-09, 4.71466643504e-09, 2.52981369187e-09, 2.07997019608e-09, 2.09269490625e-09, 1.05917985493e-09, 2.0596235828e-09, 3.19242166036e-09, 1.89378956961e-09, 8.49579406825e-10, 2.31063612688e-09, 2.34017116796e-09, 1.78550474406e-09, 7.20174087032e-10, 1.63477831272e-09, 1.94743621229e-09, 2.30020313907e-09, 1.9390646866e-09, 1.14125597861e-09, 6.38237684925e-10, 5.64429947225e-10, 1.63677293941e-09, 1.49903245372e-09, 5.06541308898e-10, 2.26772253753e-10, 1.12174569633e-09, 7.93386634168e-10, 7.97630572702e-10, 1.84855006302e-10, 5.14863707224e-10, 8.81893169602e-10, 4.83355265535e-11, 2.41592967853e-10, 4.88551477051e-10, 6.31371399606e-10, 4.36627817235e-10, 3.07381120557e-10, 1.48792408949e-10, 2.15798962033e-10, 7.55806528474e-12, 1.31726945432e-13, 1.0879170557e-13, 1.0156831024e-13, 9.81378200276e-14, 8.03911990688e-14, 5.5863920125e-14, 9.83524852814e-14, 1.28812921701e-13, 9.78004840741e-14, 9.07943289779e-14, 7.7356801791e-14, 7.11737052216e-14, 9.08580258556e-14, 8.42404081604e-14, 9.51120353808e-14, 8.25378177263e-14, 5.67006836448e-14, 2.29969258832e-14, 2.59956486743e-15, 1.06569761279e-16],
        "stdev": [0.0002935740049, 0.000940931611694, 0.00116714579053, 0.00197729561478, 0.00280001712963, 0.00187489890959, 0.00135702034459, 0.00127160514239, 0.00140954344533, 0.00106098153628, 0.00117322325241, 0.00182951916941, 0.00150644499809, 0.00176538212691, 0.00180561584421, 0.00169640709646, 0.00122080789879, 0.00132739997935, 0.000913906667847, 0.00119749864098, 0.00121251225937, 0.000609519076534, 0.000443149969215, 0.000212873812416, 0.000371492787963, 0.000284356763586, 0.000312790070893, 0.000307798327412, 6.8162480602e-05, 0.000106435378257, 6.36854310869e-05, 0.000129223801196, 0.000403944461141, 0.00081754225539, 0.00013546248374, 6.04712658969e-05, 8.22024521767e-05, 4.92679428135e-05, 0.000136511502205, 9.45709034568e-05, 3.67601423932e-05, 6.75102419336e-05, 9.29036687012e-05, 8.30694916658e-05, 4.09475032939e-05, 6.042129462e-05, 7.49432001612e-05, 5.58882202313e-05, 7.04963676981e-05, 6.17202167632e-05, 4.69226433779e-05, 5.95967721893e-05, 4.30689142377e-05, 4.36248301412e-05, 3.98070078518e-05, 3.46751548932e-05, 2.68770927505e-05, 4.97253677167e-05, 2.8713424399e-05, 2.06837285077e-05, 3.27986490447e-05, 1.08452431959e-05, 1.41300597534e-05, 9.28849658521e-06, 7.1773365562e-06, 1.69982868101e-05, 5.3046955145e-05, 6.08480368101e-05, 2.37512758758e-05, 1.582380537e-05, 1.34250813062e-05, 1.4759422811e-05, 5.94960556555e-06, 3.51768608198e-06, 4.57624537376e-06, 4.60770161226e-06, 4.06406570619e-06, 5.55671113034e-06, 3.83809901905e-06, 4.34449930253e-06, 5.76425190957e-06, 7.33065007807e-06, 7.05925822331e-06, 6.69769406159e-06, 5.12242468176e-06, 4.54185192211e-06, 5.0082985581e-06, 3.86553165299e-06, 3.77027913601e-06, 3.69645135834e-06, 3.86542569686e-06, 3.40380893249e-06, 2.60437400357e-06, 2.40011604546e-06, 2.20564379561e-06, 1.46749607666e-06, 9.3447999916e-07, 1.07955975182e-06, 1.1752242699e-06, 7.74949342031e-07, 6.07643528383e-07, 8.97582708603e-07, 1.15966554404e-06, 8.95322102679e-07, 8.39635504235e-07, 9.78089360615e-07, 8.56630606449e-07, 1.19588867165e-06, 1.28873648464e-06, 1.07540677163e-06, 1.18183311315e-06, 1.01729131075e-06, 9.63537786447e-07, 9.50553044277e-07, 8.72402836194e-07, 9.16667204365e-08, 1.23993144641e-08, 7.77704081689e-11, 1.69795816296e-10, 9.11182032604e-11, 5.78873685098e-11, 3.7636647271e-11, 3.6960157157e-11, 3.62559704481e-11, 3.57047898192e-11, 3.53276019549e-11, 3.50647913483e-11, 3.48688126983e-11]
    },
    "mfcc": {
        "mean": [-692.728027344, 139.713165283, 10.6685733795, 13.6633472443, -11.0117826462, -7.74993228912, -16.1735935211, -3.09502339363, -9.12817192078, -5.06469631195, -5.58012104034, -3.44995093346, -0.605480909348],
        "cov": [[4429.87597656, -1122.79650879, -1106.65148926, 374.282562256, 541.134643555, 606.911804199, 192.777114868, 128.550460815, 124.476707458, 198.895095825, 117.999214172, -5.24628162384, 52.9478225708], [-1122.79650879, 1754.16113281, 1549.0177002, 236.186172485, 63.472820282, -203.276504517, -18.8272647858, 2.17054128647, -144.152282715, -73.5443725586, 61.1517906189, -2.70408415794, 11.2892856598], [-1106.65148926, 1549.0177002, 2409.20043945, 374.569091797, -108.189804077, -311.194061279, 1.76383936405, 15.1789398193, -180.757476807, -119.613922119, 39.005241394, -29.817193985, 33.5252380371], [374.282562256, 236.186172485, 374.569091797, 361.855377197, 181.444122314, 37.764957428, 17.5975971222, 22.2952537537, 12.0089187622, 20.8497829437, -1.69935560226, -9.17162227631, 31.4152641296], [541.134643555, 63.472820282, -108.189804077, 181.444122314, 485.197998047, 178.191757202, 14.3557004929, -25.8815803528, 86.1587753296, 66.3053283691, 25.9570865631, 47.4525718689, -25.0536174774], [606.911804199, -203.276504517, -311.194061279, 37.764957428, 178.191757202, 257.30090332, 99.2660522461, -5.27548122406, 50.0509796143, 74.1034240723, 31.475692749, 17.0623264313, -0.316735714674], [192.777114868, -18.8272647858, 1.76383936405, 17.5975971222, 14.3557004929, 99.2660522461, 190.041763306, 33.8404846191, 11.1752748489, 36.3286743164, 29.3314723969, 4.22199821472, 23.7632579803], [128.550460815, 2.17054128647, 15.1789398193, 22.2952537537, -25.8815803528, -5.27548122406, 33.8404846191, 109.442253113, 13.2630882263, -24.3723678589, -0.104678861797, -14.984746933, 2.12003874779], [124.476707458, -144.152282715, -180.757476807, 12.0089187622, 86.1587753296, 50.0509796143, 11.1752748489, 13.2630882263, 100.152732849, 31.5567779541, -4.03207969666, 12.1012039185, -1.58735287189], [198.895095825, -73.5443725586, -119.613922119, 20.8497829437, 66.3053283691, 74.1034240723, 36.3286743164, -24.3723678589, 31.5567779541, 99.74584198, 27.2052574158, 6.46043157578, 14.7214813232], [117.999214172, 61.1517906189, 39.005241394, -1.69935560226, 25.9570865631, 31.475692749, 29.3314723969, -0.104678861797, -4.03207969666, 27.2052574158, 88.0656433105, 28.2115001678, 6.76507902145], [-5.24628162384, -2.70408415794, -29.817193985, -9.17162227631, 47.4525718689, 17.0623264313, 4.22199821472, -14.984746933, 12.1012039185, 6.46043157578, 28.2115001678, 85.9032363892, 19.2728290558], [52.9478225708, 11.2892856598, 33.5252380371, 31.4152641296, -25.0536174774, -0.316735714674, 23.7632579803, 2.12003874779, -1.58735287189, 14.7214813232, 6.76507902145, 19.2728290558, 98.2005691528]],
        "icov": [[0.00056416465668, 0.000414108362747, 5.30910947418e-05, -0.000597772945184, -0.00035768453381, -0.000750063743908, 0.000216378073674, -0.000796893145889, 0.000770120648667, -0.00011104522855, -0.000825465889648, 0.000439008785179, -0.000307713460643], [0.000414108362747, 0.00184952118434, -0.000895328645129, -5.59079744562e-05, -0.00120993715245, 5.14121154538e-07, 0.000182126837899, -0.000882096530404, 0.00160991214216, -0.000166893267306, -0.00116247171536, 0.000533909420483, -0.000419730204158], [5.30910947418e-05, -0.000895328645129, 0.00140409672167, -0.00134409137536, 0.000536329578608, 0.000781595648732, -0.000661415106151, 0.000511645921506, 0.000271615426755, 0.00064650119748, -0.000526400806848, 1.82993753697e-05, 0.000253443053225], [-0.000597772945184, -5.59079744562e-05, -0.00134409137536, 0.00622789980844, -0.00221618451178, 0.000242116017034, 0.000394521135604, -0.00103611743543, -0.000351958587999, -0.00110629305709, 0.00214407965541, 0.00102026783861, -0.00203027529642], [-0.00035768453381, -0.00120993715245, 0.000536329578608, -0.00221618451178, 0.00552307628095, -0.00246132863685, 0.000888307637069, 0.00175441079773, -0.00353683624417, -1.45180565596e-05, 0.000491460959893, -0.00261754007079, 0.00243100919761], [-0.000750063743908, 5.14121154538e-07, 0.000781595648732, 0.000242116017034, -0.00246132863685, 0.010676513426, -0.00465703522786, 0.00170167465694, -6.02542422712e-05, -0.00179709983058, -0.000421404227382, 0.000111391855171, 0.000832363904919], [0.000216378073674, 0.000182126837899, -0.000661415106151, 0.000394521135604, 0.000888307637069, -0.00465703522786, 0.00867140013725, -0.00339719001204, 0.000358478166163, -0.00194875884335, -0.000859550549649, -4.12185108871e-05, -0.00148618302774], [-0.000796893145889, -0.000882096530404, 0.000511645921506, -0.00103611743543, 0.00175441079773, 0.00170167465694, -0.00339719001204, 0.013922537677, -0.00512893032283, 0.00573725719005, -0.00118004647084, 0.00185980845708, 0.000435752444901], [0.000770120648667, 0.00160991214216, 0.000271615426755, -0.000351958587999, -0.00353683624417, -6.02542422712e-05, 0.000358478166163, -0.00512893032283, 0.0172376651317, -0.00461468566209, 0.00129402847961, -0.0012225988321, -0.000337765668519], [-0.00011104522855, -0.000166893267306, 0.00064650119748, -0.00110629305709, -1.45180565596e-05, -0.00179709983058, -0.00194875884335, 0.00573725719005, -0.00461468566209, 0.0176233928651, -0.00521474238485, 0.0031365302857, -0.0024224142544], [-0.000825465889648, -0.00116247171536, -0.000526400806848, 0.00214407965541, 0.000491460959893, -0.000421404227382, -0.000859550549649, -0.00118004647084, 0.00129402847961, -0.00521474238485, 0.0173849835992, -0.00617129215971, 0.00124620599672], [0.000439008785179, 0.000533909420483, 1.82993753697e-05, 0.00102026783861, -0.00261754007079, 0.000111391855171, -4.12185108871e-05, 0.00185980845708, -0.0012225988321, 0.0031365302857, -0.00617129215971, 0.0165547020733, -0.00464219460264], [-0.000307713460643, -0.000419730204158, 0.000253443053225, -0.00203027529642, 0.00243100919761, 0.000832363904919, -0.00148618302774, 0.000435752444901, -0.000337765668519, -0.0024224142544, 0.00124620599672, -0.00464219460264, 0.0131164304912]]
    },
    "spectral_contrast_coeffs": {
        "max": [-0.318392276764, -0.469705551863, -0.469321072102, -0.601695179939, -0.613759994507, -0.589295387268],
        "mean": [-0.654267549515, -0.704697608948, -0.738729417324, -0.794583559036, -0.79187053442, -0.777357459068],
        "min": [-0.872011899948, -0.94297504425, -0.904183983803, -0.935099601746, -0.89479470253, -0.909125030041],
        "stdev": [0.0780829936266, 0.0805678516626, 0.06663005054, 0.0568364299834, 0.0527299568057, 0.0488775968552]
    },
    "spectral_contrast_valleys": {
        "max": [-4.87868261337, -4.9716629982, -5.5744843483, -5.55306005478, -5.69507694244, -7.85111427307],
        "mean": [-7.25238370895, -6.68039464951, -7.86982488632, -8.31816101074, -8.37127780914, -10.7846708298],
        "min": [-10.9059906006, -8.96382236481, -9.89071846008, -10.3511734009, -10.2716341019, -12.8496379852],
        "stdev": [1.24643433094, 0.606484532356, 0.711416006088, 1.06605494022, 0.911577403545, 0.696339905262]
    }
},
"rhythm": {
    "beats_count": 107,
    "beats_loudness": {
        "max": 0.0941880494356,
        "mean": 0.026412229985,
        "min": 0.000810766068753,
        "stdev": 0.0205865912139
    },
    "bpm": 144.082366943,
    "bpm_histogram_first_peak_bpm": 144,
    "bpm_histogram_first_peak_weight": 0.439999997616,
    "bpm_histogram_second_peak_bpm": 120,
    "bpm_histogram_second_peak_spread": 0.5,
    "bpm_histogram_second_peak_weight": 0.0849056616426,
    "danceability": 0.92475938797,
    "onset_rate": 2.2763671875,
    "beats_loudness_band_ratio": {
        "max": [0.83390390873, 0.899722397327, 0.922813594341, 0.459212422371, 0.594694852829, 0.617272853851],
        "mean": [0.278008878231, 0.336179405451, 0.263564914465, 0.0901875272393, 0.0757033526897, 0.0314835496247],
        "min": [0.000621358980425, 0.00332541228272, 0.0201879516244, 0.00399636803195, 0.000185737007996, 0.000338902580552],
        "stdev": [0.237745836377, 0.213488012552, 0.196824088693, 0.115365676582, 0.150954693556, 0.0678988844156]
    },
