{
"metadata": {
    "version": {
        "essentia": "2.1-beta5",
        "essentia_git_sha": "Undefined",
        "extractor": "music 2.0"
    },
    "audio_properties": {
        "analysis": {
            "equal_loudness": 0,
            "length": 12.7477550507,
            "sample_rate": 44100,
            "start_time": 0,
            "downmix": "mix"
        },
        "bit_rate": 192000,
        "length": 216.60736084,
        "lossless": 0,
        "number_channels": 2,
        "replay_gain": 20.77277565,
        "sample_rate": 48000,
        "codec": "mp3",
        "md5_encoded": "e4c235fe602503c5e319db9807c66626"
    },
    "tags": {
        "file_name": "Estonia_Mere Lapsed_Koit Toome.mp3",
        "encoding": ["Lavf58.29.100"]
    }
},
"lowlevel": {
    "average_loudness": 0.000263126246864,
    "barkbands_crest": {
        "max": 17.5210342407,
        "mean": 6.85138368607,
        "min": 3.42007422447,
        "stdev": 1.49812912941
    },
    "barkbands_flatness_db": {
        "max": 0.239078730345,
        "mean": 0.0811810195446,
        "min": 0.0474029555917,
        "stdev": 0.0243412777781
    },
    "barkbands_kurtosis": {
        "max": 24.5063285828,
        "mean": 3.28663897514,
        "min": -1.77128982544,
        "stdev": 1.87154459953
    },
    "barkbands_skewness": {
        "max": 3.12445688248,
        "mean": -1.58550488949,
        "min": -2.16985750198,
        "stdev": 0.88497453928
    },
    "barkbands_spread": {
        "max": 72.4971847534,
        "mean": 25.8436851501,
        "min": 2.62626457214,
        "stdev": 6.26363563538
    },
    "dissonance": {
        "max": 0.500000059605,
        "mean": 0.489720284939,
        "min": 0.275019228458,
        "stdev": 0.0203589946032
    },
    "dynamic_complexity": 16.2792720795,
    "erbbands_crest": {
        "max": 23.4508857727,
        "mean": 4.08191251755,
        "min": 2.6756913662,
        "stdev": 2.28223490715
    },
    "erbbands_flatness_db": {
        "max": 0.279442220926,
        "mean": 0.108338497579,
        "min": 0.0743906274438,
        "stdev": 0.0333925746381
    },
    "erbbands_kurtosis": {
        "max": 21.2719116211,
        "mean": 0.278232246637,
        "min": -1.5326114893,
        "stdev": 1.59177839756
    },
    "erbbands_skewness": {
        "max": 3.08796286583,
        "mean": -0.528113245964,
        "min": -1.42603850365,
        "stdev": 0.473203003407
    },
    "erbbands_spread": {
        "max": 111.696266174,
        "mean": 35.4134750366,
        "min": 5.10143947601,
        "stdev": 7.7158613205
    },
    "hfc": {
        "max": 985.09588623,
        "mean": 12.0566997528,
        "min": 1.0710519198e-16,
        "stdev": 66.8982467651
    },
    "loudness_ebu128": {
        "integrated": -36.3118476868,
        "loudness_range": 15.8616294861,
        "momentary": {
            "max": -34.5534362793,
            "mean": -274.209533691,
            "min": -300.691009521,
            "stdev": 78.0148391724
        },
        "short_term": {
            "max": -40.7392959595,
            "mean": -268.28314209,
            "min": -300.691009521,
            "stdev": 83.707359314
        }
    },
    "melbands_crest": {
        "max": 30.379196167,
        "mean": 3.26425051689,
        "min": 1.52725505829,
        "stdev": 3.38040804863
    },
    "melbands_flatness_db": {
        "max": 0.310316473246,
        "mean": 0.0239083766937,
        "min": 0.00262241787277,
        "stdev": 0.056980907917
    },
    "melbands_kurtosis": {
        "max": 38.3997993469,
        "mean": -0.409813135862,
        "min": -1.5579572916,
        "stdev": 3.64693164825
    },
    "melbands_skewness": {
        "max": 5.78592729568,
        "mean": 0.143288463354,
        "min": -0.397129893303,
        "stdev": 0.637878894806
    },
    "melbands_spread": {
        "max": 161.695449829,
        "mean": 122.40120697,
        "min": 3.65477776527,
        "stdev": 32.5762023926
    },
    "pitch_salience": {
        "max": 0.943839550018,
        "mean": 0.78377777338,
        "min": 0.340339183807,
        "stdev": 0.0425656214356
    },
    "silence_rate_20dB": {
        "max": 1,
        "mean": 0.98727273941,
        "min": 0,
        "stdev": 0.112095013261
    },
    "silence_rate_30dB": {
        "max": 1,
        "mean": 0.956363618374,
        "min": 0,
        "stdev": 0.204284638166
    },
    "silence_rate_60dB": {
        "max": 1,
        "mean": 0.912727296352,
        "min": 0,
        "stdev": 0.282234340906
    },
    "spectral_centroid": {
        "max": 11790.2773438,
        "mean": 10115.7880859,
        "min": 542.460266113,
        "stdev": 2823.34741211
    },
    "spectral_complexity": {
        "max": 61,
        "mean": 2.60545444489,
        "min": 0,
        "stdev": 9.65696811676
    },
    "spectral_decrease": {
        "max": 2.15401253139e-28,
        "mean": -3.06368996839e-09,
        "min": -1.11913792011e-07,
        "stdev": 1.41399141285e-08
    },
    "spectral_energy": {
        "max": 0.449688792229,
        "mean": 0.0126566337422,
        "min": 9.92505097993e-21,
        "stdev": 0.0584520511329
    },
    "spectral_energyband_high": {
        "max": 0.0728252381086,
        "mean": 0.000327697984176,
        "min": 6.909974416e-21,
        "stdev": 0.00404415372759
    },
    "spectral_energyband_low": {
        "max": 0.237973317504,
        "mean": 0.00147930241656,
        "min": 8.11174467014e-24,
        "stdev": 0.0123392315581
    },
    "spectral_energyband_middle_high": {
        "max": 0.188185617328,
        "mean": 0.00340214278549,
        "min": 1.01945769581e-21,
        "stdev": 0.0177166555077
    },
    "spectral_energyband_middle_low": {
        "max": 0.373989582062,
        "mean": 0.00760925980285,
        "min": 1.48403201928e-22,
        "stdev": 0.0384301245213
    },
    "spectral_entropy": {
        "max": 9.82421112061,
        "mean": 9.58860492706,
        "min": 6.41390895844,
        "stdev": 0.678518950939
    },
    "spectral_flux": {
        "max": 0.495847582817,
        "mean": 0.0225095469505,
        "min": 6.34384419995e-11,
        "stdev": 0.0833581164479
    },
    "spectral_kurtosis": {
        "max": 19.2662391663,
        "mean": -0.451600968838,
        "min": -1.26282596588,
        "stdev": 2.75972175598
    },
    "spectral_rms": {
        "max": 0.0209456626326,
        "mean": 0.000886870257091,
        "min": 3.11174805541e-12,
        "stdev": 0.00340020516887
    },
    "spectral_rolloff": {
        "max": 20025.8789062,
        "mean": 17217.0996094,
        "min": 150.732421875,
        "stdev": 4859.83056641
    },
    "spectral_skewness": {
        "max": 3.38513565063,
        "mean": 0.174825668335,
        "min": -0.100472740829,
        "stdev": 0.584834516048
    },
    "spectral_spread": {
        "max": 42945656,
        "mean": 37175568,
        "min": 2259348,
        "stdev": 10672495
    },
    "spectral_strongpeak": {
        "max": 9.49824237823,
        "mean": 0.226473748684,
        "min": 0,
        "stdev": 1.04198217392
    },
    "zerocrossingrate": {
        "max": 0.697265625,
        "mean": 0.46178355813,
        "min": 0.0224609375,
        "stdev": 0.124941140413
    },
    "barkbands": {
        "max": [0.0254911333323, 0.208118319511, 0.0174275785685, 0.0304936096072, 0.0214074272662, 0.0413790047169, 0.127431795001, 0.200287163258, 0.274175941944, 0.0233921296895, 0.00439760228619, 0.0134855471551, 0.149205252528, 0.0567685812712, 0.0403890237212, 0.0110696181655, 0.0117189409211, 0.0576956570148, 0.0892291665077, 0.0279824249446, 0.0298276431859, 0.0205855313689, 0.0101883066818, 0.00381848867983, 0.000416582741309, 8.87488931767e-05, 1.39614367072e-05],
        "mean": [9.71788322204e-05, 0.00111330510117, 0.000188347243238, 0.000337489909725, 0.000408353400417, 0.000550930853933, 0.00169728149194, 0.00228600855917, 0.00214208220132, 0.000286078167846, 6.87285064487e-05, 0.000175581211806, 0.00120414094999, 0.00050887191901, 0.000275929778581, 0.000222518719966, 0.000189848462469, 0.000199765578145, 0.000303812557831, 0.000125435719383, 0.000129615611513, 7.77825989644e-05, 4.17653900513e-05, 1.74341021193e-05, 6.74337979945e-06, 1.43216868764e-06, 1.81683773803e-07],
        "min": [2.55490328874e-25, 1.02087278606e-24, 4.63543098859e-25, 7.18943078508e-25, 3.34935154784e-24, 6.47918085514e-24, 4.39560908897e-24, 2.67707126821e-24, 1.21933330819e-23, 1.07855161332e-23, 1.05347049081e-23, 1.68793230533e-23, 1.82113856893e-23, 1.54199777103e-23, 3.10494579444e-23, 3.75980605314e-23, 5.47893181193e-23, 8.02538932902e-23, 1.22172289409e-22, 1.5370170926e-22, 2.01537590842e-22, 2.73444736221e-22, 3.35170161181e-22, 5.45902702113e-22, 7.87812035761e-22, 1.21938579583e-21, 1.87098359088e-21],
        "stdev": [0.00114713551011, 0.0104796579108, 0.00101940205786, 0.00205903174356, 0.00193555268925, 0.00304717500694, 0.0107841836289, 0.0139998588711, 0.0173346605152, 0.00170568982139, 0.000387536041671, 0.00113394483924, 0.00937093328685, 0.00330212339759, 0.00224968162365, 0.00114898837637, 0.00110209349077, 0.00278636161238, 0.00421721255407, 0.00152984098531, 0.00170646491461, 0.00105507753324, 0.000492004852276, 0.000177806752617, 3.75385461666e-05, 8.48736453918e-06, 9.76710566647e-07]
    },
    "erbbands": {
        "max": [10.6453170776, 27.8718833923, 21.3237400055, 43.1522789001, 83.1882171631, 117.315643311, 125.71031189, 464.446166992, 1143.60339355, 3622.6184082, 4466.76269531, 4936.89941406, 2095.88500977, 230.63734436, 195.042114258, 946.205078125, 7058.9609375, 2097.14135742, 2009.38098145, 1096.43273926, 690.94934082, 591.802490234, 2846.76733398, 5202.60693359, 3034.23828125, 1130.73449707, 1026.02392578, 1393.27026367, 758.349731445, 454.578948975, 314.773620605, 142.535476685, 23.6583900452, 7.21602869034, 2.87058830261, 0.865720450878, 0.156307682395, 0.0179915148765, 0.00228582858108, 0.000646120694],
        "mean": [0.0419201850891, 0.203601047397, 0.295253813267, 0.56492882967, 1.46093189716, 1.28293526173, 2.05154561996, 5.90828037262, 17.3784999847, 38.3264732361, 53.5424957275, 49.038356781, 19.2013816833, 4.25601434708, 2.98460555077, 11.729640007, 55.7611808777, 29.6947307587, 23.0144672394, 10.0641174316, 13.5016813278, 10.6414527893, 10.2110033035, 16.8509292603, 11.7171421051, 5.2386507988, 4.6214184761, 5.66028261185, 3.14127373695, 1.53825449944, 1.25260794163, 0.557821035385, 0.198272541165, 0.0992459431291, 0.0342920310795, 0.010840526782, 0.00229207938537, 0.000282151420834, 2.93037537631e-05, 1.6938405679e-05],
        "min": [3.81171562505e-23, 2.56641014442e-22, 7.92903811049e-22, 3.52258296978e-21, 8.27197980115e-21, 1.12307943509e-20, 4.00492289018e-20, 5.71452620927e-20, 1.05107365358e-19, 1.29195504568e-19, 1.44151149762e-19, 2.59097550625e-19, 3.51392967507e-19, 5.66943594784e-19, 6.95549707316e-19, 9.13478194512e-19, 1.21507610406e-18, 1.18089110749e-18, 1.56236881482e-18, 2.20999912207e-18, 2.69612365549e-18, 4.12320584036e-18, 3.35342267013e-18, 5.09856179758e-18, 6.49793343193e-18, 8.24957647375e-18, 7.18933027898e-18, 9.28707685603e-18, 9.34174439553e-18, 8.56943480891e-18, 9.03733779421e-18, 9.24529348175e-18, 9.49188925724e-18, 8.01344287864e-18, 5.71873053568e-18, 4.06864087126e-18, 2.03322835042e-18, 8.91103786123e-19, 2.36339459679e-19, 2.4720363692e-20],
        "stdev": [0.50933855772, 1.56655824184, 1.52298939228, 3.09256148338, 7.33568382263, 7.05571937561, 10.3394174576, 33.7355232239, 106.593399048, 241.76852417, 327.587921143, 368.389801025, 131.667022705, 22.1001186371, 16.7920684814, 79.6821289062, 437.732757568, 166.101455688, 157.944091797, 62.611415863, 69.4198684692, 60.9642524719, 133.567398071, 250.857833862, 146.066680908, 61.930519104, 58.0348320007, 77.806640625, 42.1257019043, 20.8951148987, 15.2685861588, 6.64437675476, 1.32588255405, 0.574018120766, 0.198099240661, 0.0662004947662, 0.0143712200224, 0.0012819514377, 0.000159849616466, 7.90762860561e-05]
    },
    "gfcc": {
        "mean": [-1144.91833496, 8.26103782654, -11.7356824875, 2.1728105545, -5.98699760437, 0.872944772243, -3.88383483887, 1.06426632404, -1.00762701035, 0.723587155342, -1.00101494789, -0.794296622276, -1.04522097111],
        "cov": [[142012.578125, 10381.6220703, -13780.2509766, 2616.90356445, -6899.01367188, 1062.26367188, -4505.78271484, 1221.33239746, -1090.4609375, 849.97088623, -1112.71679688, -1011.00946045, -1252.66015625], [10381.6220703, 982.080627441, -981.551086426, 105.296020508, -497.535125732, 48.2780570984, -329.745483398, 81.5442047119, -63.343421936, 60.5247764587, -72.4512634277, -100.830162048, -103.831092834], [-13780.2509766, -981.551086426, 1418.73059082, -253.327133179, 636.089355469, -105.900436401, 421.917755127, -109.911407471, 83.7543106079, -83.7441101074, 99.0967254639, 114.981826782, 128.209457397], [2616.90356445, 105.296020508, -253.327133179, 163.76210022, -97.927947998, 47.5661048889, -74.1756973267, 16.8268604279, -12.0215806961, 14.3750753403, -11.0408582687, -0.851513624191, -10.1626720428], [-6899.01367188, -497.535125732, 636.089355469, -97.927947998, 383.055633545, -38.8483161926, 229.914672852, -74.0099487305, 74.9772567749, -36.8984489441, 64.502532959, 37.1727790833, 57.1475410461], [1062.26367188, 48.2780570984, -105.900436401, 47.5661048889, -38.8483161926, 35.5789794922, -21.4910640717, 4.80776548386, -10.0818319321, 4.78227615356, -7.80966901779, -2.00322365761, -4.78901958466], [-4505.78271484, -329.745483398, 421.917755127, -74.1756973267, 229.914672852, -21.4910640717, 171.494171143, -39.0911254883, 41.185874939, -31.8328037262, 41.1640357971, 28.8932228088, 42.9108848572], [1221.33239746, 81.5442047119, -109.911407471, 16.8268604279, -74.0099487305, 4.80776548386, -39.0911254883, 24.1051273346, -12.8377008438, 4.96367263794, -14.3489961624, -5.95761728287, -8.12194824219], [-1090.4609375, -63.343421936, 83.7543106079, -12.0215806961, 74.9772567749, -10.0818319321, 41.185874939, -12.8377008438, 30.0799827576, -3.11309027672, 14.689702034, -1.73129105568, 8.63908195496], [849.97088623, 60.5247764587, -83.7441101074, 14.3750753403, -36.8984489441, 4.78227615356, -31.8328037262, 4.96367263794, -3.11309027672, 11.5456972122, -6.20770740509, -8.40079879761, -9.42606258392], [-1112.71679688, -72.4512634277, 99.0967254639, -11.0408582687, 64.502532959, -7.80966901779, 41.1640357971, -14.3489961624, 14.689702034, -6.20770740509, 19.4418888092, 6.2318239212, 7.8311123848], [-1011.00946045, -100.830162048, 114.981826782, -0.851513624191, 37.1727790833, -2.00322365761, 28.8932228088, -5.95761728287, -1.73129105568, -8.40079879761, 6.2318239212, 21.2306900024, 14.8131904602], [-1252.66015625, -103.831092834, 128.209457397, -10.1626720428, 57.1475410461, -4.78901958466, 42.9108848572, -8.12194824219, 8.63908195496, -9.42606258392, 7.8311123848, 14.8131904602, 18.0686016083]],
        "icov": [[0.00278893136419, -0.00715545471758, 0.0110356211662, -0.00999956112355, 0.0136915389448, -0.00520254345611, 0.000310788251227, -0.00209329719655, 0.0061870184727, -0.0154070546851, 0.00885150581598, 8.03448347142e-05, 0.00704289600253], [-0.00715545471758, 0.0275263842195, -0.0325550958514, 0.0281307138503, -0.0175662003458, 0.00120231928304, 0.0124804507941, 0.0149883804843, -0.0317647866905, 0.0583698004484, -0.0407769083977, 0.0335387922823, -0.0222798157483], [0.0110356211662, -0.0325550958514, 0.0601462908089, -0.0341907478869, 0.0267769955099, 4.22636076109e-05, -0.00875026639551, -0.0196650531143, 0.0515007451177, -0.0784908160567, 0.0455951057374, -0.0437909998, 0.0098198261112], [-0.00999956112355, 0.0281307138503, -0.0341907478869, 0.058064699173, -0.0531235523522, -0.00292563322, 0.019980404526, -0.000780606118497, -0.0319542139769, 0.062333099544, -0.0584406927228, -0.0141384191811, -0.0521725788713], [0.0136915389448, -0.0175662003458, 0.0267769955099, -0.0531235523522, 0.161699742079, -0.0612392649055, 0.00314214476384, 0.0623177401721, -0.0615795776248, -0.0303180702031, 0.015818618238, 0.0811420381069, 0.0615231543779], [-0.00520254345611, 0.00120231928304, 4.22636076109e-05, -0.00292563322, -0.0612392649055, 0.109341613948, -0.0554382652044, 0.00677016237751, 0.051591001451, -0.0272198598832, 0.0496831722558, -0.0646113082767, -0.0057767033577], [0.000310788251227, 0.0124804507941, -0.00875026639551, 0.019980404526, 0.00314214476384, -0.0554382652044, 0.105217456818, -0.0140935694799, -0.0208964403719, 0.0863345563412, -0.093978472054, 0.0872238203883, -0.0900012254715], [-0.00209329719655, 0.0149883804843, -0.0196650531143, -0.000780606118497, 0.0623177401721, 0.00677016237751, -0.0140935694799, 0.158377856016, -0.0652089491487, 0.052848238498, 0.0310270562768, 0.0358734577894, 0.00535311596468], [0.0061870184727, -0.0317647866905, 0.0515007451177, -0.0319542139769, -0.0615795776248, 0.051591001451, -0.0208964403719, -0.0652089491487, 0.225451603532, -0.129624798894, -0.00186505436432, 0.0276920069009, -0.105567596853], [-0.0154070546851, 0.0583698004484, -0.0784908160567, 0.062333099544, -0.0303180702031, -0.0272198598832, 0.0863345563412, 0.052848238498, -0.129624798894, 0.368244856596, -0.0907491445541, 0.0906952098012, -0.0142547348514], [0.00885150581598, -0.0407769083977, 0.0455951057374, -0.0584406927228, 0.015818618238, 0.0496831722558, -0.093978472054, 0.0310270562768, -0.00186505436432, -0.0907491445541, 0.278174489737, -0.151300445199, 0.180232569575], [8.03448347142e-05, 0.0335387922823, -0.0437909998, -0.0141384191811, 0.0811420381069, -0.0646113082767, 0.0872238203883, 0.0358734577894, 0.0276920069009, 0.0906952098012, -0.151300445199, 0.415227204561, -0.204473733902], [0.00704289600253, -0.0222798157483, 0.0098198261112, -0.0521725788713, 0.0615231543779, -0.0057767033577, -0.0900012254715, 0.00535311596468, -0.105567596853, -0.0142547348514, 0.180232569575, -0.204473733902, 0.469150096178]]
    },
    "melbands": {
        "max": [0.0735722705722, 0.0138743072748, 0.0101177208126, 0.00488828634843, 0.00460549676791, 0.0114308120683, 0.0180267095566, 0.0374158397317, 0.035158790648, 0.0315626561642, 0.0102201262489, 0.000826943956781, 0.000659892975818, 0.00104502984323, 0.00801932625473, 0.0152273476124, 0.00468219770119, 0.00384187116288, 0.00262225675397, 0.000691106833983, 0.000838146021124, 0.000761420989875, 0.00130544381682, 0.0032303344924, 0.00455497018993, 0.00244744052179, 0.0014250727836, 0.000702647201251, 0.000717640796211, 0.000635277945548, 0.000919861893635, 0.000471914216178, 0.000279703293927, 0.00022298147087, 0.000186089993804, 0.000137242226629, 6.44386527711e-05, 1.80101651495e-05, 6.03722537562e-06, 6.35846072328e-06],
        "mean": [0.000332284223987, 0.000189642509213, 0.000137746159453, 9.3223847216e-05, 7.05045677023e-05, 0.000130051426822, 0.000288662180537, 0.00045628551743, 0.000436862406787, 0.000295848731184, 8.74432589626e-05, 1.57233171194e-05, 9.21319860936e-06, 1.33733828989e-05, 7.65221047914e-05, 0.00011970273772, 4.77713583678e-05, 4.16194925492e-05, 1.57014746947e-05, 1.37146589623e-05, 1.58758666657e-05, 1.22864585137e-05, 6.6253719524e-06, 1.07003033918e-05, 1.45057047121e-05, 9.64870650932e-06, 6.14510190644e-06, 2.84877637569e-06, 2.90388766189e-06, 2.76810033029e-06, 3.53627524419e-06, 1.94224071492e-06, 1.03924662653e-06, 7.47581964333e-07, 7.52781943447e-07, 5.48722084659e-07, 2.55881531075e-07, 1.44347140463e-07, 9.08249120357e-08, 8.24804970989e-08],
        "min": [4.62291127298e-25, 5.68673654925e-25, 7.67649717379e-25, 6.84490564548e-25, 1.74143687512e-24, 1.25268597255e-24, 1.28126886834e-24, 1.3286905514e-24, 1.01742852074e-24, 1.61343729071e-24, 1.16965727759e-24, 1.79083002019e-24, 1.58508020636e-24, 1.83096844634e-24, 2.05374039939e-24, 2.85860670073e-24, 1.62807509785e-24, 1.59407164296e-24, 2.43689921296e-24, 1.85258362957e-24, 2.54574190192e-24, 3.22716981262e-24, 2.26722548744e-24, 3.39343230637e-24, 2.80305353807e-24, 4.03865307923e-24, 3.92039217992e-24, 3.59819890369e-24, 3.99551027632e-24, 4.24049260816e-24, 5.05735334235e-24, 4.54786910444e-24, 4.48003061646e-24, 4.63123908035e-24, 4.53901887394e-24, 4.20483372866e-24, 5.29168881298e-24, 4.95984342915e-24, 5.63451829606e-24, 5.88174493718e-24],
        "stdev": [0.00357994902879, 0.00109942338895, 0.000732852029614, 0.000442374468548, 0.000360085308785, 0.000755507033318, 0.00175151322037, 0.00277375197038, 0.00275267055258, 0.0022957092151, 0.000612150935922, 7.94846564531e-05, 5.18281703989e-05, 8.16958709038e-05, 0.000573840050492, 0.000937043165322, 0.000284626352368, 0.000292768003419, 0.000130270651425, 7.23184930393e-05, 8.19875785965e-05, 7.18304145266e-05, 6.18735066382e-05, 0.000155353278387, 0.000219506531721, 0.000120180826343, 7.25991194486e-05, 3.48738358298e-05, 3.74339178961e-05, 3.55646698154e-05, 4.94701234857e-05, 2.57601404883e-05, 1.43122642839e-05, 9.97691040538e-06, 9.19926696952e-06, 6.53850383969e-06, 2.98853456115e-06, 9.86371333056e-07, 4.73395544986e-07, 4.939693099e-07]
    },
    "melbands128": {
        "max": [0.0253454502672, 0.102307327092, 0.0874228700995, 0.0324722789228, 0.0120391827077, 0.00731342658401, 0.00589445000514, 0.0195039771497, 0.008067230694, 0.00471369270235, 0.00859516859055, 0.00398721033707, 0.00322142988443, 0.00991861429065, 0.0105957025662, 0.0111207477748, 0.0275756344199, 0.0272704400122, 0.0366142988205, 0.0648318752646, 0.0488714836538, 0.0698618292809, 0.0280448645353, 0.0707688704133, 0.0300106275827, 0.0402437113225, 0.0258129127324, 0.00789926946163, 0.00163086678367, 0.000914004340302, 0.000622033956461, 0.000705800252035, 0.00103196676355, 0.000655157433357, 0.000475342880236, 0.00091586029157, 0.00217292108573, 0.0042899120599, 0.0157710220665, 0.0217664334923, 0.0175461433828, 0.0055974079296, 0.00252020009793, 0.00992013048381, 0.00466099008918, 0.00737338373438, 0.00621618330479, 0.00233189691789, 0.00153888866771, 0.00125692214351, 0.000700438860804, 0.00169781572185, 0.000853139383253, 0.000782547460403, 0.00145367917139, 0.00108678662218, 0.000519177934621, 0.000317862955853, 0.00168329372536, 0.00313480943441, 0.00328800198622, 0.00291040423326, 0.0059177307412, 0.00487631000578, 0.0028299454134, 0.00200105528347, 0.00299781188369, 0.00163105782121, 0.00132854806725, 0.000927007582504, 0.000638498459011, 0.00049339258112, 0.00116256193724, 0.00061466509942, 0.000595808494836, 0.00065050041303, 0.000640232698061, 0.000934994313866, 0.00113714952022, 0.000828281627037, 0.000627763511147, 0.000352962291799, 0.000348731089616, 0.000259117601672, 0.000306329660816, 0.000265476090135, 0.000201596572879, 9.61817495408e-05, 0.000236643361859, 0.000185760931345, 0.000173652326339, 0.000107595718873, 0.000125140752061, 5.58571555302e-05, 3.82533326047e-05, 2.37845251831e-05, 1.34349356813e-05, 9.21400533116e-06, 5.62061995879e-06, 3.91944695366e-06, 8.42099143483e-06, 9.02252122614e-06, 5.31799287273e-06, 1.44312184602e-06, 2.39081646214e-06, 5.68200630369e-06, 4.44994702775e-06, 1.50631387896e-06, 1.14816532459e-06, 1.43754425608e-06, 2.16285638999e-06, 6.32460171346e-07, 5.78525657602e-07, 1.76732967816e-07, 1.03491025527e-07, 1.45940418861e-07, 2.23412072842e-07, 7.2335339496e-08, 6.40159996124e-08, 5.61240973695e-08, 7.08201710609e-08, 3.67013903713e-08, 2.95964763808e-08, 3.04597342904e-08, 2.5896303768e-08, 2.38196786739e-08, 1.61438560298e-08, 1.78095636016e-08],
        "mean": [8.14284139778e-05, 0.000372329755919, 0.000402855599532, 0.000325419212459, 0.000191574479686, 7.27435981389e-05, 8.19745255285e-05, 0.000210669400985, 0.0001537642529, 6.62164020468e-05, 7.00758027961e-05, 6.82425670675e-05, 5.80045925744e-05, 8.76628982951e-05, 0.000128353582113, 0.000139365467476, 0.000205862292205, 0.000320380058838, 0.000376569310902, 0.000427760678576, 0.000504494819324, 0.000543076661415, 0.000367962085875, 0.000450561754405, 0.000307202251861, 0.00029046452255, 0.000124656537082, 8.17808540887e-05, 2.90834286716e-05, 1.8278205971e-05, 1.03949796539e-05, 1.0941625078e-05, 9.68672793533e-06, 7.81373546488e-06, 6.81338633512e-06, 1.4397232917e-05, 2.36433697864e-05, 4.94240448461e-05, 0.000128540283185, 0.000165384757565, 0.000120425414934, 5.35572726221e-05, 3.84625564038e-05, 5.04547933815e-05, 4.96286193084e-05, 4.36834998254e-05, 2.86855283775e-05, 1.3741400835e-05, 1.09262709884e-05, 1.17088638945e-05, 1.12333864308e-05, 2.02972969419e-05, 1.64178982232e-05, 1.31782926474e-05, 1.59870141943e-05, 1.35474801937e-05, 8.74449233379e-06, 4.57729584014e-06, 5.89785713601e-06, 1.02820413304e-05, 1.02206231531e-05, 1.16691471703e-05, 1.42217304528e-05, 1.68088845385e-05, 1.25961942103e-05, 8.00014731794e-06, 9.55760788202e-06, 8.1118532762e-06, 5.09764004164e-06, 3.29180716108e-06, 2.64540176431e-06, 2.41894190367e-06, 3.8283392314e-06, 2.46954914473e-06, 2.89026183964e-06, 2.35302741203e-06, 2.84790144178e-06, 3.5794755604e-06, 4.19049229095e-06, 2.75497654911e-06, 2.35693869399e-06, 1.35122047595e-06, 1.43579597989e-06, 9.16367753234e-07, 8.61445926148e-07, 8.59580552515e-07, 6.94523237144e-07, 5.03617229697e-07, 9.17024976843e-07, 7.22083143501e-07, 7.41217263567e-07, 4.26355228456e-07, 4.15935289766e-07, 2.32694944202e-07, 1.84707587891e-07, 1.51792534098e-07, 1.25595306599e-07, 1.52365160488e-07, 6.68774404744e-08, 7.80599549444e-08, 9.94936044663e-08, 8.37205078597e-08, 6.8850042112e-08, 3.03352045705e-08, 2.50304790228e-08, 4.47939747517e-08, 3.72241082403e-08, 1.68801381761e-08, 1.44079717046e-08, 1.38212348233e-08, 1.82113559788e-08, 8.04610689187e-09, 6.9433720995e-09, 1.9071699775e-09, 9.98490290449e-10, 2.26491936317e-09, 3.33125216301e-09, 6.41093511611e-10, 5.61811319688e-10, 5.51462042697e-10, 5.11504172351e-10, 3.86781856543e-10, 3.34902910959e-10, 3.45326878204e-10, 3.01560415528e-10, 2.5165200479e-10, 2.10994680061e-10, 2.12924691767e-10],
        "min": [5.84223876763e-27, 1.86828652219e-25, 1.35727734219e-25, 9.79189930492e-26, 2.33176633961e-25, 1.79596634285e-25, 1.75492955204e-25, 2.37287881176e-25, 4.34613202882e-25, 2.44236488504e-25, 1.05441367263e-25, 1.60693295998e-25, 1.61609668873e-25, 5.16675986965e-25, 3.32019845353e-25, 2.89209041954e-26, 6.72461569731e-25, 5.721937495e-25, 2.9218069331e-25, 5.81347050494e-25, 3.07038691245e-25, 2.79014259676e-25, 3.78359063344e-25, 6.19078168983e-25, 2.70302646832e-25, 4.3241829602e-25, 1.80993756252e-25, 5.46739229544e-25, 5.10143774936e-25, 8.02700878157e-25, 4.40263123292e-25, 6.41120619005e-25, 7.17501829634e-25, 5.21967764525e-25, 6.84743394468e-25, 6.29035023418e-25, 9.14938331423e-25, 1.09924118661e-24, 5.81929180539e-25, 9.90457169171e-25, 1.00159272971e-24, 1.06836359306e-24, 6.43971513012e-25, 7.99246061823e-25, 9.66667490852e-25, 1.37326602432e-24, 8.14485671221e-25, 6.40643259549e-25, 9.94632609942e-25, 1.00810487509e-24, 1.04628801088e-24, 1.40002359458e-24, 1.4766999871e-24, 6.11666377045e-25, 1.13225718486e-24, 9.1210109457e-25, 1.43860757031e-24, 1.33842312282e-24, 1.29982563784e-24, 9.56859287395e-25, 1.1614132867e-24, 1.64371978732e-24, 1.97123540947e-24, 1.63369070281e-24, 1.1923730204e-24, 2.11431328121e-24, 1.38912479092e-24, 1.71333054992e-24, 1.83000485274e-24, 2.23167744289e-24, 1.21297856028e-24, 1.91576448555e-24, 2.2020543354e-24, 1.61673916664e-24, 2.35816261158e-24, 2.08939987053e-24, 2.30934474332e-24, 2.04067784888e-24, 1.7704302744e-24, 2.53916674628e-24, 2.18452880431e-24, 2.05839842582e-24, 2.78505902917e-24, 2.56398332428e-24, 3.03911700851e-24, 3.70698321695e-24, 2.93240799107e-24, 3.19579089796e-24, 2.96164297901e-24, 2.19265584657e-24, 3.12975752095e-24, 2.71080966583e-24, 3.16939935916e-24, 3.90967156021e-24, 2.94542222386e-24, 3.08334725617e-24, 3.95285735604e-24, 3.46088780237e-24, 3.32206327141e-24, 3.11148848846e-24, 3.90337645019e-24, 3.44591956113e-24, 3.37670569416e-24, 3.70300025824e-24, 3.53337228665e-24, 2.98629448786e-24, 3.11397261145e-24, 3.48012693656e-24, 4.01167324741e-24, 4.28661059997e-24, 4.19068708605e-24, 4.35029928516e-24, 2.90815170153e-24, 3.34295585806e-24, 4.52845405427e-24, 4.80106190058e-24, 3.97601476234e-24, 4.44619794996e-24, 4.71587715016e-24, 4.31590139981e-24, 5.01121010699e-24, 4.93898673568e-24, 4.90577293055e-24, 4.73607553921e-24, 4.82098063843e-24, 3.55899724986e-24, 5.60606605536e-24, 4.87284903181e-24],
        "stdev": [0.00112348177936, 0.00483300862834, 0.00436253426597, 0.00214039464481, 0.000997911207378, 0.000408338673878, 0.000468271056889, 0.00130632147193, 0.00079350505257, 0.00035937721259, 0.000463216449134, 0.000367389759049, 0.000296161655569, 0.000560674467124, 0.000752731168177, 0.000851291522849, 0.0015415843809, 0.00212910678238, 0.00258662621491, 0.00358671834692, 0.00326238432899, 0.00409947987646, 0.00239861872979, 0.00402488699183, 0.00231268745847, 0.00250655342825, 0.00120018143207, 0.000545702991076, 0.00015548079682, 9.73977003014e-05, 5.57256826141e-05, 6.24397289357e-05, 6.11442301306e-05, 5.01950307807e-05, 4.01176512241e-05, 8.88896829565e-05, 0.000158359762281, 0.000357373093721, 0.00104060862213, 0.0013518598862, 0.00105889944825, 0.000356870528776, 0.000215966618271, 0.000469949853141, 0.000354736141162, 0.000379881239496, 0.000291346863378, 0.000116394978249, 8.12418657006e-05, 7.39443930797e-05, 6.14617092651e-05, 0.000126547878608, 8.74611723702e-05, 7.22146360204e-05, 0.00010130427836, 8.52659286465e-05, 5.26237636223e-05, 2.71033277386e-05, 7.3506438639e-05, 0.000146856109495, 0.000151692176587, 0.000168516242411, 0.00025667634327, 0.000251535879215, 0.00016600539675, 9.30782625801e-05, 0.000133984940476, 8.91108502401e-05, 6.26591208857e-05, 4.3339561671e-05, 3.03681681544e-05, 2.86769263766e-05, 5.56727100047e-05, 3.09300085064e-05, 3.5406639654e-05, 3.0273984521e-05, 3.73533512175e-05, 5.21855981788e-05, 5.95275923843e-05, 3.857066622e-05, 3.21809784509e-05, 1.79584985744e-05, 1.99531805265e-05, 1.2803957361e-05, 1.34992023959e-05, 1.18813286463e-05, 8.92734988156e-06, 5.15469491802e-06, 1.19670430649e-05, 8.82086806087e-06, 8.61073021952e-06, 5.06580818183e-06, 5.64961419514e-06, 2.65747121375e-06, 1.85893782145e-06, 1.2276623238e-06, 7.91819275037e-07, 8.34901584312e-07, 3.73618576077e-07, 3.68937634221e-07, 6.56407053157e-07, 5.47694810393e-07, 3.82872713089e-07, 1.43570630939e-07, 1.420024347e-07, 3.56963994363e-07, 2.63095245145e-07, 1.05813640516e-07, 8.86663542587e-08, 9.22322413999e-08, 1.37682150125e-07, 5.41159899115e-08, 5.00504881984e-08, 1.15447038596e-08, 6.77289158091e-09, 1.12472777758e-08, 1.77764043485e-08, 4.51232073928e-09, 3.90957088925e-09, 4.18883994158e-09, 4.12938128136e-09, 2.6795614616e-09, 2.31468022527e-09, 2.46786546754e-09, 2.18540563424e-09, 1.82796733306e-09, 1.45307110788e-09, 1.52813572907e-09]
    },
    "mfcc": {
        "mean": [-1204.63244629, 11.2971582413, -0.32810857892, 1.1875565052, 0.150764241815, -0.249218031764, -0.950681567192, -0.353838384151, -0.0401654466987, 0.94748467207, 0.488563746214, 0.395365029573, 0.18357668817],
        "cov": [[37895.9257812, 7007.30908203, -370.153656006, 750.012695312, 120.092826843, -101.087730408, -599.026245117, -226.760498047, -4.98580789566, 646.244506836, 363.884765625, 266.937042236, 93.5948410034], [7007.30908203, 1514.89880371, -57.7149467468, 61.6609230042, -13.8490877151, -79.3743362427, -137.211013794, -74.7352828979, -12.7071647644, 121.302894592, 62.5430183411, 48.1723175049, 31.4948768616], [-370.153656006, -57.7149467468, 99.7833251953, -1.50948750973, -15.3438053131, -20.8817157745, 6.11485671997, 4.5636882782, 1.67714512348, -26.8759555817, -29.6511478424, -12.506316185, 6.69721889496], [750.012695312, 61.6609230042, -1.50948750973, 64.7245254517, 22.4035320282, 16.8253765106, -10.081360817, 5.37389612198, 0.238310411572, 11.8856267929, 6.99599647522, 5.59428501129, 1.03140234947], [120.092826843, -13.8490877151, -15.3438053131, 22.4035320282, 28.7702827454, 19.2677097321, -7.43111753464, -2.43782734871, -2.27808213234, 4.40416526794, 7.44999027252, 0.0469411425292, -0.571473419666], [-101.087730408, -79.3743362427, -20.8817157745, 16.8253765106, 19.2677097321, 43.1921958923, 14.1930389404, 6.86576318741, 3.53218722343, -2.53296256065, 5.38171291351, 6.17121648788, -6.7358751297], [-599.026245117, -137.211013794, 6.11485671997, -10.081360817, -7.43111753464, 14.1930389404, 28.0569763184, 13.0872573853, 3.13141417503, -14.071182251, -6.86705303192, -0.432749271393, -4.96916389465], [-226.760498047, -74.7352828979, 4.5636882782, 5.37389612198, -2.43782734871, 6.86576318741, 13.0872573853, 16.0060539246, 5.99322271347, -6.53116607666, -3.3071141243, -1.18680608273, -4.03108072281], [-4.98580789566, -12.7071647644, 1.67714512348, 0.238310411572, -2.27808213234, 3.53218722343, 3.13141417503, 5.99322271347, 11.1536560059, 1.33615541458, -1.13209593296, -1.10061907768, -2.72770476341], [646.244506836, 121.302894592, -26.8759555817, 11.8856267929, 4.40416526794, -2.53296256065, -14.071182251, -6.53116607666, 1.33615541458, 24.6662445068, 13.7765130997, 3.83641147614, -0.296625703573], [363.884765625, 62.5430183411, -29.6511478424, 6.99599647522, 7.44999027252, 5.38171291351, -6.86705303192, -3.3071141243, -1.13209593296, 13.7765130997, 15.0879335403, 5.98242425919, -2.17884945869], [266.937042236, 48.1723175049, -12.506316185, 5.59428501129, 0.0469411425292, 6.17121648788, -0.432749271393, -1.18680608273, -1.10061907768, 3.83641147614, 5.98242425919, 11.7300281525, 0.528940498829], [93.5948410034, 31.4948768616, 6.69721889496, 1.03140234947, -0.571473419666, -6.7358751297, -4.96916389465, -4.03108072281, -2.72770476341, -0.296625703573, -2.17884945869, 0.528940498829, 6.14960098267]],
        "icov": [[0.000876170233823, -0.00422787247226, -0.000263406749582, -0.00517960963771, -0.000837118714117, -0.00194459885824, -0.00202625128441, -0.00280754128471, -0.000805703923106, -0.00156987423543, -0.000720123702195, 0.000950101180933, 0.00301800458692], [-0.00422787247226, 0.0228140242398, -0.00106919871178, 0.0247848704457, 0.0103238262236, 0.00696747982875, 0.0188476480544, 0.0143648823723, 0.00466262781993, 0.000510663434397, -0.000871896918397, -0.0103998994455, -0.0195711031556], [-0.000263406749582, -0.00106919871178, 0.0348757281899, -0.0143919587135, -0.00050563190598, 0.0176174286753, -0.0115835061297, 0.0177170224488, -0.0147354807705, 0.030582042411, 0.0457700565457, 0.0115517796949, 0.00558293052018], [-0.00517960963771, 0.0247848704457, -0.0143919587135, 0.0772463157773, -0.0208635926247, -0.00783888809383, 0.0376757830381, -0.042182661593, 0.0327107459307, -0.0350161753595, 0.0208116006106, -0.0294918045402, -0.0303863119334], [-0.000837118714117, 0.0103238262236, -0.00050563190598, -0.0208635926247, 0.15626744926, -0.0849157497287, 0.0881361812353, 0.00821699853987, 0.022139577195, 0.0280573386699, -0.0795847699046, 0.0704388022423, -0.0610500797629], [-0.00194459885824, 0.00696747982875, 0.0176174286753, -0.00783888809383, -0.0849157497287, 0.119277283549, -0.0867365598679, 0.0554673485458, -0.0464938655496, 0.0269905775785, 0.0300715696067, -0.0531157292426, 0.0609727054834], [-0.00202625128441, 0.0188476480544, -0.0115835061297, 0.0376757830381, 0.0881361812353, -0.0867365598679, 0.194209560752, -0.0892932116985, 0.0550449192524, -0.00968594104052, -0.000160130701261, -0.0087410043925, -0.0231656692922], [-0.00280754128471, 0.0143648823723, 0.0177170224488, -0.042182661593, 0.00821699853987, 0.0554673485458, -0.0892932116985, 0.221100181341, -0.0961182117462, 0.0725640356541, -0.025751709938, 0.0122578069568, 0.0419263318181], [-0.000805703923106, 0.00466262781993, -0.0147354807705, 0.0327107459307, 0.022139577195, -0.0464938655496, 0.0550449192524, -0.0961182117462, 0.169642791152, -0.0713052749634, 0.0467055775225, -0.000929248519242, 0.0199837926775], [-0.00156987423543, 0.000510663434397, 0.030582042411, -0.0350161753595, 0.0280573386699, 0.0269905775785, -0.00968594104052, 0.0725640356541, -0.0713052749634, 0.195191428065, -0.107064761221, 0.0596590973437, 0.000477198365843], [-0.000720123702195, -0.000871896918397, 0.0457700565457, 0.0208116006106, -0.0795847699046, 0.0300715696067, -0.000160130701261, -0.025751709938, 0.0467055775225, -0.107064761221, 0.350014895201, -0.103754840791, 0.119111552835], [0.000950101180933, -0.0103998994455, 0.0115517796949, -0.0294918045402, 0.0704388022423, -0.0531157292426, -0.0087410043925, 0.0122578069568, -0.000929248519242, 0.0596590973437, -0.103754840791, 0.197811096907, -0.0708034485579], [0.00301800458692, -0.0195711031556, 0.00558293052018, -0.0303863119334, -0.0610500797629, 0.0609727054834, -0.0231656692922, 0.0419263318181, 0.0199837926775, 0.000477198365843, 0.119111552835, -0.0708034485579, 0.342983067036]]
    },
    "spectral_contrast_coeffs": {
        "max": [-0.593270719051, -0.557111382484, -0.573593437672, -0.625145077705, -0.603143393993, -0.548424720764],
        "mean": [-0.940851509571, -0.941542088985, -0.941999971867, -0.944695353508, -0.944098472595, -0.942251741886],
        "min": [-0.984283804893, -0.982593774796, -0.979604721069, -0.973955988884, -0.968955457211, -0.965764284134],
        "stdev": [0.0724189653993, 0.0768717080355, 0.0620830431581, 0.0578622594476, 0.0545150339603, 0.0584053657949]
    },
    "spectral_contrast_valleys": {
        "max": [-5.01012659073, -3.98396992683, -5.01521348953, -5.35243320465, -4.47351789474, -8.11280155182],
        "mean": [-25.2838344574, -25.2167034149, -25.3568058014, -25.3175907135, -25.3652763367, -25.6207332611],
        "min": [-28.2394599915, -28.4529361725, -27.9506149292, -27.773853302, -27.4968318939, -27.4502449036],
        "stdev": [6.00597047806, 6.20505952835, 5.89727783203, 5.9155626297, 5.82836103439, 5.07123327255]
    }
},
"rhythm": {
    "beats_count": 24,
    "beats_loudness": {
        "max": 0.399620234966,
        "mean": 0.0186832845211,
        "min": 0,
        "stdev": 0.0814471170306
    },
    "bpm": 109.193199158,
    "bpm_histogram_first_peak_bpm": 110,
    "bpm_histogram_first_peak_weight": 0.333333313465,
    "bpm_histogram_second_peak_bpm": 117,
    "bpm_histogram_second_peak_spread": 0.45454543829,
    "bpm_histogram_second_peak_weight": 0.260869562626,
    "danceability": 1.57554674149,
    "onset_rate": 0.626990437508,
    "beats_loudness_band_ratio": {
        "max": [0.0914047807455, 0.233219787478, 0.727625608444, 0.208979457617, 0.0186116937548, 0.0136818839237],
        "mean": [0.00529984850436, 0.01114258077, 0.0628302022815, 0.0117647079751, 0.000963042315561, 0.00075084506534],
        "min": [0, 0, 0, 0, 0, 0],
        "stdev": [0.0193801168352, 0.0475794970989, 0.203598603606, 0.0438796132803, 0.00383112649433, 0.00285213743336]
    },
    "beats_position": [0.545668900013, 1.10294783115, 1.66022670269, 2.21750569344, 2.77478456497, 3.32045340538, 3.86612248421, 4.41179132462, 4.95746040344, 5.50312900543, 6.04879808426, 6.59446716309, 7.14013576508, 7.65097475052, 8.16181373596, 8.67265319824, 9.18349170685, 9.69433116913, 10.1935596466, 10.6927890778, 11.1920175552, 11.6912469864, 12.1904764175, 12.7013149261],
    "bpm_histogram": [0, 0, 0, 0, 0, 0, 0, 0, 0, 0, 0, 0, 0, 0, 0, 0, 0, 0, 0, 0, 0, 0, 0, 0, 0, 0, 0, 0, 0, 0, 0, 0, 0, 0, 0, 0, 0, 0, 0, 0, 0, 0, 0, 0, 0, 0, 0, 0, 0, 0, 0, 0, 0, 0, 0, 0, 0, 0, 0, 0, 0, 0, 0, 0, 0, 0, 0, 0, 0, 0, 0, 0, 0, 0, 0, 0, 0, 0, 0, 0, 0, 0, 0, 0, 0, 0, 0, 0, 0, 0, 0, 0, 0, 0, 0, 0, 0, 0, 0, 0, 0, 0, 0, 0, 0, 0, 0, 0, 0.173913046718, 0, 0.347826093435, 0, 0, 0, 0, 0, 0, 0.260869562626, 0, 0, 0.217391297221, 0, 0, 0, 0, 0, 0, 0, 0, 0, 0, 0, 0, 0, 0, 0, 0, 0, 0, 0, 0, 0, 0, 0, 0, 0, 0, 0, 0, 0, 0, 0, 0, 0, 0, 0, 0, 0, 0, 0, 0, 0, 0, 0, 0, 0, 0, 0, 0, 0, 0, 0, 0, 0, 0, 0, 0, 0, 0, 0, 0, 0, 0, 0, 0, 0, 0, 0, 0, 0, 0, 0, 0, 0, 0, 0, 0, 0, 0, 0, 0, 0, 0, 0, 0, 0, 0, 0, 0, 0, 0, 0, 0, 0, 0, 0, 0, 0, 0, 0, 0, 0, 0, 0, 0, 0, 0, 0, 0, 0, 0, 0, 0, 0, 0, 0, 0, 0, 0, 0, 0, 0, 0, 0, 0, 0, 0, 0, 0, 0]
},
"tonal": {
    "chords_changes_rate": 0.0144927538931,
    "chords_number_rate": 0.0144927538931,
    "chords_strength": {
        "max": 0.487432688475,
        "mean": -0.766954004765,
        "min": -1,
