{
"metadata": {
    "version": {
        "essentia": "2.1-beta5",
        "essentia_git_sha": "Undefined",
        "extractor": "music 2.0"
    },
    "audio_properties": {
        "analysis": {
            "equal_loudness": 0,
            "length": 48.7502937317,
            "sample_rate": 44100,
            "start_time": 110.236732483,
            "downmix": "mix"
        },
        "bit_rate": 192000,
        "length": 193.631210327,
        "lossless": 0,
        "number_channels": 2,
        "replay_gain": -11.1637573242,
        "sample_rate": 48000,
        "codec": "mp3",
        "md5_encoded": "92b04625365066abca15b13adae27e64"
    },
    "tags": {
        "file_name": "Norway_Alltid Sommer_Lars A. Fredriksen.mp3",
        "encoding": ["Lavf58.29.100"]
    }
},
"lowlevel": {
    "average_loudness": 0.975124359131,
    "barkbands_crest": {
        "max": 23.7915363312,
        "mean": 8.72432994843,
        "min": 2.80955910683,
        "stdev": 3.76222538948
    },
    "barkbands_flatness_db": {
        "max": 0.311678558588,
        "mean": 0.125400468707,
        "min": 0.0453639179468,
        "stdev": 0.0404741428792
    },
    "barkbands_kurtosis": {
        "max": 35.8177261353,
        "mean": 2.31092143059,
        "min": -1.84613502026,
        "stdev": 4.0011677742
    },
    "barkbands_skewness": {
        "max": 4.90363550186,
        "mean": 1.31043553352,
        "min": -1.38754832745,
        "stdev": 0.796088039875
    },
    "barkbands_spread": {
        "max": 87.3216094971,
        "mean": 23.6197185516,
        "min": 2.10329461098,
        "stdev": 11.7738714218
    },
    "dissonance": {
        "max": 0.49985408783,
        "mean": 0.466321885586,
        "min": 0.318812340498,
        "stdev": 0.0226096212864
    },
    "dynamic_complexity": 1.60852098465,
    "erbbands_crest": {
        "max": 27.8345584869,
        "mean": 8.56919670105,
        "min": 2.34203267097,
        "stdev": 3.92954421043
    },
    "erbbands_flatness_db": {
        "max": 0.335490316153,
        "mean": 0.161203548312,
        "min": 0.0812922418118,
        "stdev": 0.0429892800748
    },
    "erbbands_kurtosis": {
        "max": 10.9387874603,
        "mean": 0.105196617544,
        "min": -1.75864088535,
        "stdev": 1.43862211704
    },
    "erbbands_skewness": {
        "max": 3.0841114521,
        "mean": 0.459985435009,
        "min": -2.55795168877,
        "stdev": 0.672859668732
    },
    "erbbands_spread": {
        "max": 132.646575928,
        "mean": 40.3250617981,
        "min": 8.04514026642,
        "stdev": 16.4253959656
    },
    "hfc": {
        "max": 145.38293457,
        "mean": 26.1444759369,
        "min": 0.631997585297,
        "stdev": 16.6791133881
    },
    "loudness_ebu128": {
        "integrated": -11.7476959229,
        "loudness_range": 1.58524417877,
        "momentary": {
            "max": -8.27918624878,
            "mean": -11.8829755783,
            "min": -17.2165260315,
            "stdev": 1.12928438187
        },
        "short_term": {
            "max": -10.8989152908,
            "mean": -11.7987251282,
            "min": -13.4758472443,
            "stdev": 0.601726233959
        }
    },
    "melbands_crest": {
        "max": 30.7924385071,
        "mean": 11.6728563309,
        "min": 4.02900934219,
        "stdev": 4.50389289856
    },
    "melbands_flatness_db": {
        "max": 0.381805717945,
        "mean": 0.15525226295,
        "min": 0.0257134642452,
        "stdev": 0.0473712347448
    },
    "melbands_kurtosis": {
        "max": 93.1901626587,
        "mean": 8.44010543823,
        "min": -1.54110968113,
        "stdev": 8.94594764709
    },
    "melbands_skewness": {
        "max": 7.80813217163,
        "mean": 2.19709706306,
        "min": 0.00288224336691,
        "stdev": 1.05860567093
    },
    "melbands_spread": {
        "max": 166.358016968,
        "mean": 26.5415763855,
        "min": 2.01060795784,
        "stdev": 16.8355922699
    },
    "pitch_salience": {
        "max": 0.821571648121,
        "mean": 0.614524900913,
        "min": 0.213456377387,
        "stdev": 0.095359839499
    },
    "silence_rate_20dB": {
        "max": 1,
        "mean": 1,
        "min": 1,
        "stdev": 0
    },
    "silence_rate_30dB": {
        "max": 1,
        "mean": 0.997620165348,
        "min": 0,
        "stdev": 0.0487255342305
    },
    "silence_rate_60dB": {
        "max": 1,
        "mean": 0.00142789143138,
        "min": 0,
        "stdev": 0.0377605445683
    },
    "spectral_centroid": {
        "max": 4180.81201172,
        "mean": 1392.98571777,
        "min": 239.787109375,
        "stdev": 530.806762695
    },
    "spectral_complexity": {
        "max": 53,
        "mean": 23.5406951904,
        "min": 1,
        "stdev": 8.31031227112
    },
    "spectral_decrease": {
        "max": -1.5138805487e-10,
        "mean": -6.59541710135e-09,
        "min": -3.69094870223e-08,
        "stdev": 3.69071595507e-09
    },
    "spectral_energy": {
        "max": 0.152491658926,
        "mean": 0.0272640194744,
        "min": 0.000628703564871,
        "stdev": 0.0149628026411
    },
    "spectral_energyband_high": {
        "max": 0.0198486335576,
        "mean": 0.00112214882392,
        "min": 1.09686989163e-05,
        "stdev": 0.00153451878577
    },
    "spectral_energyband_low": {
        "max": 0.0479809381068,
        "mean": 0.00349906086922,
        "min": 4.47725687991e-06,
        "stdev": 0.00393453007564
    },
    "spectral_energyband_middle_high": {
        "max": 0.145369157195,
        "mean": 0.00723028834909,
        "min": 0.000295343081234,
        "stdev": 0.00799196958542
    },
    "spectral_energyband_middle_low": {
        "max": 0.0866314396262,
        "mean": 0.0163081921637,
        "min": 0.000287063303404,
        "stdev": 0.0108740031719
    },
    "spectral_entropy": {
        "max": 8.53311347961,
        "mean": 7.71218347549,
        "min": 6.10666370392,
        "stdev": 0.3553121984
    },
    "spectral_flux": {
        "max": 0.413615435362,
        "mean": 0.0931695103645,
        "min": 0.0266780238599,
        "stdev": 0.0361025780439
    },
    "spectral_kurtosis": {
        "max": 19.3841075897,
        "mean": 3.36352443695,
        "min": -1.05245745182,
        "stdev": 2.18389081955
    },
    "spectral_rms": {
        "max": 0.0121972272173,
        "mean": 0.00498969946057,
        "min": 0.000783178955317,
        "stdev": 0.0013045714004
    },
    "spectral_rolloff": {
        "max": 8957.8125,
        "mean": 1765.28051758,
        "min": 193.798828125,
        "stdev": 1306.72253418
    },
    "spectral_skewness": {
        "max": 3.53114295006,
        "mean": 1.4018843174,
        "min": -0.11172427237,
        "stdev": 0.375377386808
    },
    "spectral_spread": {
        "max": 10030582,
        "mean": 4781379,
        "min": 2065277.625,
        "stdev": 1268301.25
    },
    "spectral_strongpeak": {
        "max": 11.2099599838,
        "mean": 1.2444177866,
        "min": 0.0401186607778,
        "stdev": 1.14628815651
    },
    "zerocrossingrate": {
        "max": 0.2548828125,
        "mean": 0.0724503844976,
        "min": 0.01220703125,
        "stdev": 0.0316825658083
    },
    "barkbands": {
        "max": [0.00148286379408, 0.0244480334222, 0.0256301425397, 0.0226914286613, 0.0516993142664, 0.0403033792973, 0.068063378334, 0.0440403372049, 0.0481209717691, 0.128971844912, 0.0298327282071, 0.0163819361478, 0.021999033168, 0.0236443486065, 0.00901422742754, 0.0101359728724, 0.0105408700183, 0.00965565722436, 0.0127653852105, 0.00373153761029, 0.00472353305668, 0.0114237749949, 0.00435055512935, 0.00342222908512, 0.000761205388699, 0.000339009915479, 3.92416694694e-07],
        "mean": [7.25203135516e-05, 0.00133432552684, 0.00138133170549, 0.00156355113722, 0.00407164776698, 0.00245390832424, 0.00341874291189, 0.00257828715257, 0.00184497679584, 0.00188882125076, 0.000759119924624, 0.000848238472827, 0.000674035225529, 0.000514429120813, 0.000548505922779, 0.000529220676981, 0.000572277698666, 0.000470561877592, 0.00050481793005, 0.000231770682149, 0.000207064207643, 0.000289236777462, 0.000211069098441, 0.000180779214134, 9.06557907001e-05, 2.41229281528e-05, 2.56800092302e-09],
        "min": [7.83279361372e-08, 7.98299083726e-07, 1.79449259008e-07, 7.34895593268e-08, 4.64480581286e-06, 6.27608244486e-07, 3.69611461792e-06, 5.46531964574e-06, 2.05713204195e-05, 5.71091140955e-06, 3.62521745956e-06, 1.02452850115e-05, 6.11889754509e-06, 1.87168529919e-06, 2.94153096547e-06, 3.84887789551e-06, 3.52682309313e-06, 4.02377054343e-06, 3.47948071067e-06, 1.53555356519e-06, 2.48176320383e-07, 2.95047584586e-06, 5.87449562772e-07, 2.26022464744e-07, 4.46798615883e-08, 1.23205985345e-11, 1.35948812971e-11],
        "stdev": [0.000123665085994, 0.0017713442212, 0.00214980705641, 0.00191027577966, 0.00429843692109, 0.00399252166972, 0.00562173314393, 0.00498883379623, 0.0032197709661, 0.00561391189694, 0.00183944567107, 0.00160893658176, 0.00114478392061, 0.000974923255853, 0.000691534369253, 0.000737711437978, 0.00076467305189, 0.000643643259536, 0.000687246501911, 0.000260952336248, 0.000333852483891, 0.000597549136728, 0.000363261700841, 0.000259476481006, 9.3929367722e-05, 3.23629392369e-05, 1.31595925268e-08]
    },
    "erbbands": {
        "max": [0.288783967495, 7.09722805023, 25.8245773315, 37.5253448486, 136.275894165, 289.041778564, 340.768096924, 329.26864624, 1049.83984375, 1372.51318359, 1110.84448242, 1121.89123535, 2839.73632812, 2118.50634766, 1352.66015625, 730.320739746, 1107.42785645, 1438.8737793, 592.141174316, 307.813232422, 517.249328613, 512.218200684, 439.843383789, 760.695495605, 525.21673584, 206.036239624, 112.831260681, 289.659210205, 413.002563477, 249.058776855, 135.099578857, 84.607963562, 44.7369232178, 11.7165470123, 3.07459998131, 2.66549491882, 0.261847615242, 0.0053340466693, 0.000318380189128, 0.000182112111361],
        "mean": [0.0287843253464, 0.339297384024, 1.40201818943, 3.72803759575, 8.76124477386, 15.2314186096, 16.8951797485, 21.1590194702, 44.5477600098, 50.9212112427, 53.9463844299, 43.4627571106, 48.3513565063, 53.4261703491, 37.1333808899, 33.028678894, 33.3668670654, 23.6935195923, 30.8292713165, 29.0744724274, 30.6027736664, 30.9775333405, 26.2224140167, 27.6755199432, 20.8333396912, 11.5761899948, 8.57829093933, 8.64717388153, 10.4132022858, 7.84781074524, 6.02967882156, 4.7356300354, 2.41426897049, 1.27202665806, 0.503992974758, 0.203503474593, 0.0186079181731, 0.000440042087575, 4.09898275393e-05, 3.70687412214e-05],
        "min": [4.00483331759e-05, 0.000230734192883, 0.000653796887491, 0.00175228330772, 0.0125804506242, 0.0112317511812, 0.00257468945347, 0.00673082983121, 0.0333472527564, 0.0871640518308, 0.218645632267, 0.618027091026, 0.452190220356, 0.843988776207, 0.629379332066, 0.539994955063, 0.601951956749, 0.221146076918, 0.0913853421807, 0.23329924047, 0.227421939373, 0.205981254578, 0.212840825319, 0.196989357471, 0.156421378255, 0.0770867839456, 0.0631364881992, 0.0543271899223, 0.119620643556, 0.0388792008162, 0.0140637783334, 0.00692986045033, 0.00200254702941, 0.000578941369895, 0.000230991543503, 1.36374401336e-05, 2.39576297645e-06, 4.8208323733e-07, 7.20975776858e-07, 8.90007584076e-07],
        "stdev": [0.0409500934184, 0.478377312422, 2.11498570442, 4.3204536438, 9.7657957077, 19.3073806763, 26.9698028564, 33.8337211609, 70.9967880249, 94.6722793579, 102.352272034, 76.2841873169, 131.248397827, 121.489746094, 84.9218215942, 60.9823570251, 54.5328063965, 44.8457069397, 46.1174125671, 34.1010665894, 42.3093605042, 40.2369613647, 32.8024482727, 40.0225753784, 27.3376045227, 13.2554721832, 11.2101993561, 16.0392456055, 21.7728710175, 15.1190719604, 10.6727104187, 7.27382802963, 3.34029912949, 1.42622613907, 0.49725523591, 0.249728709459, 0.029375590384, 0.000630897760857, 3.37984711223e-05, 1.90708396985e-05]
    },
    "gfcc": {
        "mean": [27.3237495422, 90.1404190063, -136.714080811, 35.3233718872, -81.733039856, 15.3321332932, -51.0588607788, 10.8011293411, -24.9227657318, -3.33749723434, -13.359872818, -4.13569974899, -7.96099710464],
        "cov": [[1516.63525391, -511.359039307, 266.726531982, 62.5134315491, 40.1706008911, 178.517150879, -96.1605758667, 175.560394287, -127.8489151, 246.376953125, -133.40045166, 132.978652954, -120.298873901], [-511.359039307, 788.438354492, -60.9202156067, -4.88384771347, 154.213867188, -101.513420105, 164.266204834, -58.4649391174, 62.3497085571, -177.238174438, 86.5127563477, -137.09942627, 27.8425350189], [266.726531982, -60.9202156067, 733.912414551, 178.003311157, 50.2719078064, 240.444793701, -93.0976257324, 31.6957149506, -101.519081116, 124.921424866, -135.911834717, 40.0298233032, -50.4692726135], [62.5134315491, -4.88384771347, 178.003311157, 265.074432373, 60.4519805908, 41.8259391785, -26.1930027008, -47.4466362, 30.9259777069, 1.35919010639, -37.9817199707, -12.365404129, 33.2725067139], [40.1706008911, 154.213867188, 50.2719078064, 60.4519805908, 190.437271118, 27.6731739044, -14.2496700287, 22.8830490112, 5.39088106155, 8.24566841125, -22.8391208649, -12.6143331528, -11.5454826355], [178.517150879, -101.513420105, 240.444793701, 41.8259391785, 27.6731739044, 226.381103516, 38.6921615601, 29.2213191986, -70.2294769287, 52.4919395447, -61.6980857849, 19.0090522766, -18.2937583923], [-96.1605758667, 164.266204834, -93.0976257324, -26.1930027008, -14.2496700287, 38.6921615601, 225.709945679, 25.9157772064, -23.6403064728, -83.8629989624, 45.8906478882, -36.2227058411, 0.855434060097], [175.560394287, -58.4649391174, 31.6957149506, -47.4466362, 22.8830490112, 29.2213191986, 25.9157772064, 134.428894043, -2.48222398758, 44.9359893799, -10.5278396606, 20.9213619232, -34.1370239258], [-127.8489151, 62.3497085571, -101.519081116, 30.9259777069, 5.39088106155, -70.2294769287, -23.6403064728, -2.48222398758, 153.951324463, 8.69806861877, 30.4309577942, -28.3003959656, 20.3549613953], [246.376953125, -177.238174438, 124.921424866, 1.35919010639, 8.24566841125, 52.4919395447, -83.8629989624, 44.9359893799, 8.69806861877, 157.792861938, -20.3157176971, 41.8293380737, -36.9645233154], [-133.40045166, 86.5127563477, -135.911834717, -37.9817199707, -22.8391208649, -61.6980857849, 45.8906478882, -10.5278396606, 30.4309577942, -20.3157176971, 100.955253601, -1.85984766483, 7.56507158279], [132.978652954, -137.09942627, 40.0298233032, -12.365404129, -12.6143331528, 19.0090522766, -36.2227058411, 20.9213619232, -28.3003959656, 41.8293380737, -1.85984766483, 93.9208450317, 8.38703346252], [-120.298873901, 27.8425350189, -50.4692726135, 33.2725067139, -11.5454826355, -18.2937583923, 0.855434060097, -34.1370239258, 20.3549613953, -36.9645233154, 7.56507158279, 8.38703346252, 86.3509292603]],
        "icov": [[0.00152804073878, -0.000653143273667, 0.00132244464476, -0.00186503876466, 0.00108500779606, -0.000745557248592, 0.000571661104914, -0.00176872080192, 0.00165216671303, -0.00212245900184, 0.00191084470134, -0.00169590220321, 0.00181244767737], [-0.000653143273667, 0.00958815217018, -0.00751376524568, 0.00770163815469, -0.0111979851499, 0.00729802111164, -0.00770195573568, 0.00610530655831, -0.00512985046953, 0.00608422420919, -0.00692961458117, 0.00789463240653, -0.00516776693985], [0.00132244464476, -0.00751376524568, 0.00986609514803, -0.00906970351934, 0.00954239536077, -0.00845295935869, 0.00760799646378, -0.00637634890154, 0.0062169614248, -0.00624017091468, 0.00720187323168, -0.00665956176817, 0.00629425840452], [-0.00186503876466, 0.00770163815469, -0.00906970351934, 0.0142659777775, -0.0113302739337, 0.00672604655847, -0.00754503207281, 0.00903782621026, -0.00794013310224, 0.00633732136339, -0.00559080764651, 0.00720456801355, -0.00794715620577], [0.00108500779606, -0.0111979851499, 0.00954239536077, -0.0113302739337, 0.0195135008544, -0.00970785599202, 0.0104077486321, -0.00959716551006, 0.00655568996444, -0.00660733971745, 0.00834910199046, -0.00828278623521, 0.00741967884824], [-0.000745557248592, 0.00729802111164, -0.00845295935869, 0.00672604655847, -0.00970785599202, 0.0162522327155, -0.0114200143144, 0.0062267659232, -0.00243053631857, 0.000437192153186, -0.00115238863509, 0.00538632972166, -0.00586618762463], [0.000571661104914, -0.00770195573568, 0.00760799646378, -0.00754503207281, 0.0104077486321, -0.0114200143144, 0.0168359037489, -0.00959472823888, 0.00575961358845, 0.00108873972204, -0.000476772955153, -0.00316308788024, 0.00510333990678], [-0.00176872080192, 0.00610530655831, -0.00637634890154, 0.00903782621026, -0.00959716551006, 0.0062267659232, -0.00959472823888, 0.0173327010125, -0.0068841362372, 0.00188854709268, -0.00227965181693, 0.00245510833338, -0.00226623401977], [0.00165216671303, -0.00512985046953, 0.0062169614248, -0.00794013310224, 0.00655568996444, -0.00243053631857, 0.00575961358845, -0.0068841362372, 0.0147430943325, -0.00774792162701, 0.00251406687312, -0.000566285394598, 0.0012746428838], [-0.00212245900184, 0.00608422420919, -0.00624017091468, 0.00633732136339, -0.00660733971745, 0.000437192153186, 0.00108873972204, 0.00188854709268, -0.00774792162701, 0.0200403556228, -0.00912646204233, 0.002976187272, -0.000147100945469], [0.00191084470134, -0.00692961458117, 0.00720187323168, -0.00559080764651, 0.00834910199046, -0.00115238863509, -0.000476772955153, -0.00227965181693, 0.00251406687312, -0.00912646204233, 0.0239212494344, -0.0101545238867, 0.00562675483525], [-0.00169590220321, 0.00789463240653, -0.00665956176817, 0.00720456801355, -0.00828278623521, 0.00538632972166, -0.00316308788024, 0.00245510833338, -0.000566285394598, 0.002976187272, -0.0101545238867, 0.0236338935792, -0.0105392513797], [0.00181244767737, -0.00516776693985, 0.00629425840452, -0.00794715620577, 0.00741967884824, -0.00586618762463, 0.00510333990678, -0.00226623401977, 0.0012746428838, -0.000147100945469, 0.00562675483525, -0.0105392513797, 0.0214829426259]]
    },
    "melbands": {
        "max": [0.00466319452971, 0.0118165900931, 0.00826734304428, 0.0131774954498, 0.00953764934093, 0.00681481231004, 0.0154613526538, 0.0148190967739, 0.0105155771598, 0.00620736228302, 0.015909453854, 0.0109737450257, 0.00468241376802, 0.00247441837564, 0.00278634298593, 0.00175998255145, 0.00293573061936, 0.00109998101834, 0.000603686727118, 0.000920523365494, 0.000805723771919, 0.000584838038776, 0.000404235732276, 0.000489893369377, 0.000660955964122, 0.000460369512439, 0.000191462095245, 0.000138667106512, 7.3611845437e-05, 9.11171227926e-05, 0.000197923567612, 0.000190635444596, 0.000298927654512, 9.52560512815e-05, 8.87950809556e-05, 6.5344509494e-05, 5.36417028343e-05, 3.30636648869e-05, 1.88392896234e-05, 1.04072723843e-05],
        "mean": [0.000315999175655, 0.000658696633764, 0.000780084810685, 0.000899248407222, 0.000607345078606, 0.000471171166282, 0.000701763026882, 0.000571052951273, 0.000409243017202, 0.000264132773736, 0.000245702336542, 0.000230083431234, 0.000117294264783, 0.000102524682006, 8.07839460322e-05, 6.07869660598e-05, 4.09959357057e-05, 5.10395911988e-05, 3.73179682356e-05, 3.58498218702e-05, 3.6702840589e-05, 3.14101307595e-05, 2.87198399747e-05, 2.22291491809e-05, 2.24089289986e-05, 1.88603171409e-05, 9.48893193708e-06, 7.1913868851e-06, 5.45019747733e-06, 4.67853260488e-06, 5.15025703862e-06, 5.95926258029e-06, 5.55606357011e-06, 3.8513076106e-06, 3.49104675479e-06, 3.21189918395e-06, 2.74830586022e-06, 1.79153380486e-06, 1.28931742438e-06, 9.851064533e-07],
        "min": [5.96468851199e-07, 2.59734889596e-07, 4.34962373674e-07, 1.3499944771e-06, 1.1874423933e-07, 1.54450887635e-07, 5.82701318308e-07, 9.75505258793e-07, 1.91504409486e-06, 2.6835166409e-06, 1.86324894003e-06, 1.00104034573e-06, 1.23828715459e-06, 1.49916672854e-06, 1.29776299218e-06, 5.78954768571e-07, 2.0145104429e-07, 9.76804841457e-08, 3.50654147496e-07, 2.18672525421e-07, 2.64163531938e-07, 2.01358957952e-07, 1.22399754332e-07, 1.57086631702e-07, 1.18748147315e-07, 1.45372212046e-07, 5.75935743541e-08, 4.11493665808e-08, 3.56466300921e-09, 6.12753403573e-09, 3.25538129786e-09, 1.92594225012e-08, 2.37272264059e-08, 1.73056236008e-08, 7.58382778798e-09, 5.45897904658e-09, 2.97860069942e-09, 2.36297259537e-10, 1.49015209894e-11, 4.26856355817e-10],
        "stdev": [0.000405732513173, 0.000889713584911, 0.000814369239379, 0.0010229900945, 0.000820252986159, 0.000741221010685, 0.00112188828643, 0.00104056322016, 0.000770916230977, 0.000478719623061, 0.000711423170287, 0.000591847754549, 0.000275727390544, 0.00019808592333, 0.000151864558575, 9.84592625173e-05, 8.7340711616e-05, 8.7227585027e-05, 4.71742641821e-05, 4.87707511638e-05, 5.52985584363e-05, 4.3339914555e-05, 3.66991189367e-05, 3.1991276046e-05, 3.45523549186e-05, 2.70451346296e-05, 1.12759862532e-05, 9.13204985409e-06, 7.11641723683e-06, 7.3777923717e-06, 1.03439515442e-05, 1.17542876978e-05, 1.34267356771e-05, 6.80138191456e-06, 6.48171362627e-06, 5.49990454601e-06, 4.12515009884e-06, 2.57745114141e-06, 1.6837673229e-06, 1.08625965822e-06]
    },
    "melbands128": {
        "max": [0.00109533115756, 0.00282646273263, 0.00560683663934, 0.0139609612525, 0.0161844342947, 0.0123140485957, 0.00798737443984, 0.0132239963859, 0.0182410236448, 0.0174122210592, 0.0212661828846, 0.0114291850477, 0.0150337191299, 0.013412732631, 0.0116708073765, 0.0123815797269, 0.0121199833229, 0.026589108631, 0.0190686173737, 0.0239779483527, 0.0151458792388, 0.0149069428444, 0.0176718980074, 0.0136624891311, 0.00878855865449, 0.00962008815259, 0.0151890302077, 0.0228525064886, 0.0450169891119, 0.0220230761915, 0.00710698077455, 0.00391135690734, 0.0094225872308, 0.00963284168392, 0.00447552790865, 0.00356139685027, 0.00397287495434, 0.00275892834179, 0.00311202625744, 0.00317675387487, 0.00226919655688, 0.00243651960045, 0.00396388536319, 0.00300482404418, 0.00256838812493, 0.00173346058, 0.00138572393917, 0.00133557792287, 0.000841427769046, 0.0011134298984, 0.00169249263126, 0.0010978813516, 0.00107565976214, 0.00194433005527, 0.000580358377192, 0.000588998897001, 0.00111792201642, 0.00056064047385, 0.000531382276677, 0.000475724198623, 0.000482801813632, 0.000622679130174, 0.00165274180472, 0.000686919607688, 0.000477728870464, 0.000619308731984, 0.000631259987131, 0.000220729853027, 0.000179651455255, 0.000286368391244, 0.000174810251337, 0.000278411025647, 0.00011598085257, 9.24994747038e-05, 0.000114472240966, 9.00659360923e-05, 0.000144602396176, 0.000268909701845, 0.000317248952342, 0.000145463927765, 0.000142865770613, 0.000254646409303, 0.000452577893157, 0.000333472824423, 0.000184305899893, 0.000125515187392, 0.000107769643364, 9.17138968362e-05, 0.000114978764032, 9.60463803494e-05, 8.55205144035e-05, 7.56923400331e-05, 8.91570089152e-05, 5.53011232114e-05, 5.29496974195e-05, 3.68523833458e-05, 3.62644423149e-05, 3.65535306628e-05, 2.24175946641e-05, 2.97708356811e-05, 1.36310791277e-05, 1.4547936189e-05, 7.25333848095e-06, 4.78224956169e-06, 5.33455249752e-06, 3.88619173464e-06, 4.54673363492e-06, 4.51719415651e-06, 7.40146242606e-06, 6.3792012952e-06, 3.28431997332e-06, 1.41577447721e-06, 3.22017569943e-07, 1.82248811598e-08, 1.93205700327e-08, 1.70836464974e-08, 5.88916915234e-09, 2.1453532284e-09, 1.85564508204e-09, 1.78213066526e-09, 1.69311709097e-09, 1.67174218912e-09, 1.65420110942e-09, 1.64747393505e-09, 1.64293956217e-09, 1.63204794124e-09, 1.62747504362e-09, 1.62298252615e-09],
        "mean": [5.73751640331e-05, 0.000194955733605, 0.000388776243199, 0.000611959723756, 0.000671537127346, 0.000699847645592, 0.000722587690689, 0.000814003695268, 0.000825929979328, 0.00104127661325, 0.000865770911332, 0.000613963056821, 0.000581541389693, 0.00053165666759, 0.00045747650438, 0.000448300881544, 0.000491838494781, 0.0009599471814, 0.000669088447466, 0.000526090036146, 0.000538039079402, 0.000600873900112, 0.000359281315468, 0.000263569963863, 0.000316487625241, 0.000214627900277, 0.000262036570348, 0.000196953347768, 0.000289330695523, 0.000336095457897, 0.00017516441585, 8.94972181413e-05, 0.000132881250465, 0.000111140885565, 0.000125118196593, 9.45431311266e-05, 7.60131370043e-05, 6.82148165652e-05, 0.000102634090581, 7.57489615353e-05, 3.90875029552e-05, 5.78950530326e-05, 3.94042726839e-05, 2.68528619927e-05, 5.7903394918e-05, 5.49922151549e-05, 4.97108412674e-05, 2.72352008324e-05, 3.35152508342e-05, 5.39687498531e-05, 2.92468794214e-05, 2.62065386778e-05, 4.15018366766e-05, 3.99359960284e-05, 3.1174011383e-05, 2.81071352219e-05, 3.20482868119e-05, 3.82703292416e-05, 2.35891111515e-05, 1.89582297025e-05, 2.24298801186e-05, 2.44051207119e-05, 2.27063046623e-05, 2.21015543502e-05, 2.17155666178e-05, 1.99028199859e-05, 1.77884485311e-05, 9.97644929157e-06, 7.74709496909e-06, 7.75342050474e-06, 8.24097514851e-06, 6.23636924502e-06, 5.59610134587e-06, 5.69151961827e-06, 4.64507638753e-06, 4.71504290545e-06, 4.67864765596e-06, 4.57825854028e-06, 5.24848292116e-06, 5.52245774088e-06, 6.1625660237e-06, 6.01971532888e-06, 5.88471129959e-06, 5.94392986386e-06, 4.94904497828e-06, 3.83047108699e-06, 3.62154787581e-06, 3.4894046621e-06, 3.49090350937e-06, 3.55847760147e-06, 3.1352840324e-06, 3.0268665796e-06, 3.46801812157e-06, 2.71447834166e-06, 2.48767946687e-06, 2.05359810934e-06, 1.65342407854e-06, 1.38208486078e-06, 1.21781670259e-06, 1.36849348564e-06, 1.11726274099e-06, 9.92682544165e-07, 6.82117104134e-07, 6.49210392112e-07, 5.56683289687e-07, 4.6606234605e-07, 4.33194031757e-07, 3.99730140543e-07, 3.5627510897e-07, 3.70181624021e-07, 1.87977832411e-07, 4.63819134211e-08, 2.84977286213e-09, 3.06762976132e-10, 3.20717757907e-10, 3.08699843465e-10, 6.49966538924e-11, 6.67826818151e-12, 6.01153935659e-12, 6.15082767705e-12, 6.07962031413e-12, 5.53413955287e-12, 5.24174714051e-12, 5.22234772787e-12, 4.88457104625e-12, 4.40425083556e-12, 4.2395687655e-12, 4.20098201018e-12],
        "min": [1.37124009925e-08, 3.63441792217e-08, 2.00049612431e-07, 1.94500614725e-07, 1.08196154258e-07, 1.04879163132e-07, 9.48958316371e-08, 2.03919512387e-08, 2.13502232782e-07, 1.2755294847e-06, 4.57334749626e-07, 9.9175785806e-08, 4.64077132278e-08, 9.80078382895e-08, 1.07021847384e-07, 1.16876030631e-07, 1.07296379781e-07, 3.56281937286e-08, 4.85892599045e-07, 7.46002342566e-07, 4.55094465224e-07, 5.30554984834e-07, 3.25024302583e-07, 8.17165300759e-07, 8.64051230565e-07, 6.47052559088e-07, 4.89069577725e-07, 3.69559302271e-07, 8.71583623052e-08, 6.84290029085e-08, 8.16533116677e-08, 4.60702153759e-07, 1.05389403871e-07, 3.34101201815e-07, 6.75520311688e-07, 3.32533261371e-07, 1.25958038666e-07, 2.43024487645e-07, 2.52070663009e-07, 1.11673671199e-07, 1.2099894775e-07, 2.12646042996e-07, 1.09144288274e-07, 3.73689665878e-08, 1.29560859818e-07, 2.72478857255e-08, 1.00544575332e-07, 4.82392579215e-08, 6.3004442552e-08, 1.26050863969e-07, 9.77150591552e-08, 1.80228507674e-08, 1.56563288556e-07, 1.78685496621e-07, 1.4202771581e-07, 6.30792342804e-08, 1.125444129e-07, 1.09815665894e-07, 3.65503645128e-08, 1.76084267167e-08, 5.32088755278e-08, 4.98948651284e-08, 8.97859067095e-08, 5.82244652492e-08, 6.17563884475e-08, 9.62916359981e-08, 7.44004040598e-08, 3.32894991573e-08, 3.66751784497e-08, 2.87996595461e-08, 1.30293713596e-08, 1.77642522914e-08, 6.44268061123e-09, 5.30048449576e-10, 4.03853978037e-10, 1.85515403039e-09, 4.89339413434e-09, 7.89677823132e-10, 8.21992734296e-12, 2.37218600319e-09, 6.48645537282e-09, 7.54979190276e-09, 8.10703948417e-09, 2.15778381829e-08, 1.689957152e-08, 1.4429095252e-08, 1.22352394882e-08, 1.58137525297e-09, 1.65578606381e-09, 2.65766630925e-09, 1.38686473417e-09, 2.98098568052e-09, 4.22210222339e-09, 4.51098935983e-10, 3.21191601094e-10, 3.78464100337e-11, 3.56401258332e-12, 6.49425229305e-13, 5.84308588927e-13, 2.99606693621e-13, 4.4090807394e-12, 1.82479309441e-10, 1.39338115698e-11, 1.26711987257e-12, 3.81924282781e-13, 1.79400873497e-13, 1.68111523508e-13, 1.21822541746e-13, 7.71975257156e-14, 6.22975385471e-14, 5.84742893212e-14, 6.461839527e-14, 5.04623401984e-14, 3.98219800776e-14, 3.79908168184e-14, 5.12115781097e-14, 3.76223337694e-14, 4.59868315574e-14, 5.01608913368e-14, 4.59678105855e-14, 3.17646435414e-14, 3.87396921996e-14, 4.26598826522e-14, 4.30657334067e-14, 3.47922374504e-14, 1.24110469216e-14, 1.66835992687e-15, 4.82581172918e-17],
        "stdev": [0.000106143204903, 0.000348928064341, 0.00056482857326, 0.000933161762077, 0.00112098315731, 0.00107323587872, 0.000958068820182, 0.00103392382152, 0.00112488062587, 0.00154453807045, 0.00130828679539, 0.000961827521678, 0.00119895965327, 0.0011063645361, 0.000916898017749, 0.000987899373285, 0.000907785666641, 0.00190681312233, 0.00139455683529, 0.00153655430768, 0.00129468028899, 0.0014926767908, 0.000983137404546, 0.000669963075779, 0.000702328514308, 0.000571241369471, 0.000717039394658, 0.000803259026725, 0.00148747395724, 0.00109071005136, 0.000410003034631, 0.000219397916226, 0.000409936939832, 0.000464068580186, 0.000294152705465, 0.000242699810769, 0.000233862432651, 0.000197234941879, 0.000211285820114, 0.000159062503371, 0.000102006757515, 0.00013311560906, 0.000114099275379, 9.37087970669e-05, 0.000158161754371, 0.000122401266708, 9.90638509393e-05, 6.25003958703e-05, 5.74287987547e-05, 8.70934454724e-05, 6.46876505925e-05, 5.82727225265e-05, 7.46355508454e-05, 8.53091987665e-05, 5.91648531554e-05, 5.12672704645e-05, 6.84381957399e-05, 6.02946493018e-05, 3.91987596231e-05, 3.44231484632e-05, 4.0116996388e-05, 3.9685430238e-05, 5.50830736756e-05, 4.01224933739e-05, 3.56494056177e-05, 3.95145398215e-05, 3.49161309714e-05, 1.57032809511e-05, 1.10845476229e-05, 1.21957664305e-05, 1.2585609511e-05, 1.05327908386e-05, 7.79858237365e-06, 8.61428725329e-06, 8.0338513726e-06, 7.55992823542e-06, 8.62557044456e-06, 1.0552987078e-05, 1.29067630041e-05, 1.03605398181e-05, 1.09283646452e-05, 1.45759031511e-05, 1.64571756613e-05, 1.60450399562e-05, 1.07889200081e-05, 7.53493259253e-06, 6.43807288725e-06, 6.95735207046e-06, 7.54425173e-06, 6.74105876897e-06, 5.93681170358e-06, 5.80129244554e-06, 5.9458366195e-06, 4.3558602556e-06, 3.93542040911e-06, 3.2408070183e-06, 2.59860985352e-06, 2.20509150495e-06, 1.82480607691e-06, 1.94950962396e-06, 1.37681627166e-06, 1.23456402434e-06, 8.11039058135e-07, 7.18692888313e-07, 6.11328687228e-07, 5.15460328643e-07, 5.35718982064e-07, 4.8549981102e-07, 5.28647888132e-07, 5.83263727094e-07, 3.59002058303e-07, 1.14244755878e-07, 1.19466498916e-08, 1.23323062873e-09, 1.34704936094e-09, 1.21191623403e-09, 2.94075291896e-10, 6.29501242799e-11, 5.56576208732e-11, 5.61602986338e-11, 5.42925218672e-11, 4.76132293314e-11, 4.50545781239e-11, 4.27706203787e-11, 3.91661043875e-11, 3.61403233728e-11, 3.57868318313e-11, 3.56831474091e-11]
    },
    "mfcc": {
        "mean": [-602.072143555, 107.984382629, -0.7652105093, 12.7613592148, -3.60523748398, -4.4553527832, -9.98176956177, 2.83648657799, -7.02424812317, -1.74362516403, -1.58575797081, -3.75236201286, -2.33511257172],
        "cov": [[1417.1920166, -445.408966064, 30.2871284485, -16.0616073608, 44.8900794983, 9.32300376892, 52.3495903015, -51.0175819397, 54.8376121521, 19.2909431458, 28.8062705994, 87.2882232666, -15.9076337814], [-445.408966064, 704.029052734, -123.927238464, 47.9851646423, 6.33062601089, -41.8594398499, 84.1859359741, 86.7094268799, -26.9562358856, 13.5421733856, 57.3874855042, -47.5767707825, -0.997705638409], [30.2871284485, -123.927238464, 624.992675781, 35.1800460815, 114.926017761, 170.202774048, 66.5609283447, -45.0543670654, 79.5369110107, -6.39381885529, -52.3209190369, 37.4650306702, -11.8385982513], [-16.0616073608, 47.9851646423, 35.1800460815, 210.135879517, 81.6014022827, 28.0909385681, -36.7417259216, -1.2605894804, 14.0331630707, 5.29644775391, -18.1300983429, -12.7976579666, 5.65604162216], [44.8900794983, 6.33062601089, 114.926017761, 81.6014022827, 254.820861816, 62.1315803528, -57.2095031738, -54.9007530212, 47.7591209412, 14.7821178436, -11.1556100845, 15.8060178757, 3.97977113724], [9.32300376892, -41.8594398499, 170.202774048, 28.0909385681, 62.1315803528, 174.282867432, 49.9986457825, -13.9519262314, 34.0722045898, -0.880492210388, -23.6241378784, 3.64485883713, -20.6450099945], [52.3495903015, 84.1859359741, 66.5609283447, -36.7417259216, -57.2095031738, 49.9986457825, 225.628952026, 76.6036987305, 13.0974082947, -6.76472473145, 6.91746139526, -8.58084869385, -25.6274833679], [-51.0175819397, 86.7094268799, -45.0543670654, -1.2605894804, -54.9007530212, -13.9519262314, 76.6036987305, 127.618881226, 8.06159687042, -1.48318707943, 16.7833366394, -22.0142593384, -3.46367168427], [54.8376121521, -26.9562358856, 79.5369110107, 14.0331630707, 47.7591209412, 34.0722045898, 13.0974082947, 8.06159687042, 103.232696533, 20.7048149109, -10.7306146622, 6.47967386246, -8.55651950836], [19.2909431458, 13.5421733856, -6.39381885529, 5.29644775391, 14.7821178436, -0.880492210388, -6.76472473145, -1.48318707943, 20.7048149109, 85.5007324219, 34.2663917542, 7.51236391068, 9.91072463989], [28.8062705994, 57.3874855042, -52.3209190369, -18.1300983429, -11.1556100845, -23.6241378784, 6.91746139526, 16.7833366394, -10.7306146622, 34.2663917542, 89.0246124268, 24.2804107666, 10.5695009232], [87.2882232666, -47.5767707825, 37.4650306702, -12.7976579666, 15.8060178757, 3.64485883713, -8.58084869385, -22.0142593384, 6.47967386246, 7.51236391068, 24.2804107666, 75.0404815674, 23.7784843445], [-15.9076337814, -0.997705638409, -11.8385982513, 5.65604162216, 3.97977113724, -20.6450099945, -25.6274833679, -3.46367168427, -8.55651950836, 9.91072463989, 10.5695009232, 23.7784843445, 68.683555603]],
        "icov": [[0.00110392190982, 0.000848912924994, 0.000266683608061, -0.000321013299981, -0.000388664397178, 0.00044716487173, -0.000973949441686, 0.000410816486692, -0.000387341715395, 2.42473743128e-05, -0.00064576411387, -0.000773454317823, 0.000470047380077], [0.000848912924994, 0.00256319600157, 0.000410172593547, -0.000747283454984, -0.000931923801545, 0.000792164355516, -0.00164423650131, -0.000227592579904, 0.000139034280437, 0.000139539348311, -0.00182319793385, 0.000756880326662, 4.89304984512e-05], [0.000266683608061, 0.000410172593547, 0.00266597117297, -0.000208595098229, -0.000593802367803, -0.00156354939099, -0.00111254421063, 0.000750411534682, -0.0010652334895, 0.000160765906912, 0.000798478373326, -0.00127135869116, -0.000107050909719], [-0.000321013299981, -0.000747283454984, -0.000208595098229, 0.00612738914788, -0.00153542670887, -0.000951537687797, 0.00159017811529, -0.00143562199082, 0.000380252924515, -0.000536726322025, 0.0014937747037, 0.000949749024585, -0.00073571538087], [-0.000388664397178, -0.000931923801545, -0.000593802367803, -0.00153542670887, 0.00641239667311, -0.00166951457504, 0.0018167020753, 0.00185575545765, -0.00220240280032, 2.33197642956e-05, -0.000231406200328, -0.000252322410233, -0.000336179189617], [0.00044716487173, 0.000792164355516, -0.00156354939099, -0.000951537687797, -0.00166951457504, 0.00942813418806, -0.00274557457305, 0.00102599104866, -0.000481765484437, -0.000363864586689, 0.000453796121292, -0.000179079113877, 0.00186654413119], [-0.000973949441686, -0.00164423650131, -0.00111254421063, 0.00159017811529, 0.0018167020753, -0.00274557457305, 0.00855674128979, -0.00442186230794, 0.000246418640018, 0.000104012076918, 0.000622006889898, -0.000363278086297, 0.00151276635006], [0.000410816486692, -0.000227592579904, 0.000750411534682, -0.00143562199082, 0.00185575545765, 0.00102599104866, -0.00442186230794, 0.0131683312356, -0.00336084258743, 0.0016768585192, -0.00324068497866, 0.00341293797828, -0.00178908277303], [-0.000387341715395, 0.000139034280437, -0.0010652334895, 0.000380252924515, -0.00220240280032, -0.000481765484437, 0.000246418640018, -0.00336084258743, 0.0136072738096, -0.00438646459952, 0.00326803862117, -0.00177558977157, 0.00204258365557], [2.42473743128e-05, 0.000139539348311, 0.000160765906912, -0.000536726322025, 2.33197642956e-05, -0.000363864586689, 0.000104012076918, 0.0016768585192, -0.00438646459952, 0.0158990677446, -0.00754640530795, 0.00240012048744, -0.00241805869155], [-0.00064576411387, -0.00182319793385, 0.000798478373326, 0.0014937747037, -0.000231406200328, 0.000453796121292, 0.000622006889898, -0.00324068497866, 0.00326803862117, -0.00754640530795, 0.0192570220679, -0.00753933982924, 0.00119982322212], [-0.000773454317823, 0.000756880326662, -0.00127135869116, 0.000949749024585, -0.000252322410233, -0.000179079113877, -0.000363278086297, 0.00341293797828, -0.00177558977157, 0.00240012048744, -0.00753933982924, 0.0211581215262, -0.00720047065988], [0.000470047380077, 4.89304984512e-05, -0.000107050909719, -0.00073571538087, -0.000336179189617, 0.00186654413119, 0.00151276635006, -0.00178908277303, 0.00204258365557, -0.00241805869155, 0.00119982322212, -0.00720047065988, 0.0186775606126]]
    },
    "spectral_contrast_coeffs": {
        "max": [-0.320704370737, -0.456337034702, -0.447521209717, -0.632640302181, -0.531527340412, -0.594173312187],
        "mean": [-0.670254051685, -0.735215187073, -0.757563471794, -0.784493863583, -0.776139557362, -0.751248657703],
        "min": [-0.910640954971, -0.924949467182, -0.903309345245, -0.912127375603, -0.871132194996, -0.832548677921],
        "stdev": [0.0691492557526, 0.0748251453042, 0.0591861531138, 0.0426083058119, 0.0462356507778, 0.0413767918944]
    },
    "spectral_contrast_valleys": {
        "max": [-5.28046274185, -4.84107732773, -4.60422611237, -5.82319307327, -5.93416452408, -8.04774665833],
        "mean": [-6.75532817841, -6.20993089676, -6.97266864777, -7.23360729218, -7.21674346924, -9.78052711487],
        "min": [-10.1017522812, -8.42882537842, -8.55931854248, -9.17275714874, -9.18783092499, -13.7368803024],
        "stdev": [0.738317430019, 0.479771196842, 0.495830416679, 0.492007285357, 0.55305147171, 0.873076319695]
    }
},
"rhythm": {
    "beats_count": 100,
    "beats_loudness": {
        "max": 0.0699142590165,
        "mean": 0.0332210585475,
        "min": 0.00611349893734,
        "stdev": 0.0127740371972
    },
    "bpm": 124.973068237,
    "bpm_histogram_first_peak_bpm": 126,
    "bpm_histogram_first_peak_weight": 0.380434811115,
    "bpm_histogram_second_peak_bpm": 117,
    "bpm_histogram_second_peak_spread": 0.428571403027,
    "bpm_histogram_second_peak_weight": 0.0404040403664,
    "danceability": 1.49242174625,
    "onset_rate": 3.5478515625,
    "beats_loudness_band_ratio": {
        "max": [0.609461724758, 0.694067239761, 0.70039910078, 0.535428643227, 0.525943756104, 0.49735814333],
        "mean": [0.167256638408, 0.235117703676, 0.27611514926, 0.148928359151, 0.105388142169, 0.113048106432],
        "min": [0.000431802298408, 0.0124386623502, 0.0407166592777, 0.0111813545227, 0.0212062802166, 0.0261476039886],
        "stdev": [0.127718746662, 0.147954985499, 0.147567242384, 0.134405359626, 0.0813138261437, 0.0718245133758]
    },
