{
"metadata": {
    "version": {
        "essentia": "2.1-beta5",
        "essentia_git_sha": "Undefined",
        "extractor": "music 2.0"
    },
    "audio_properties": {
        "analysis": {
            "equal_loudness": 0,
            "length": 12.7477550507,
            "sample_rate": 44100,
            "start_time": 0,
            "downmix": "mix"
        },
        "bit_rate": 192000,
        "length": 193.631210327,
        "lossless": 0,
        "number_channels": 2,
        "replay_gain": -8.3422794342,
        "sample_rate": 48000,
        "codec": "mp3",
        "md5_encoded": "92b04625365066abca15b13adae27e64"
    },
    "tags": {
        "file_name": "Norway_Alltid Sommer_Lars A. Fredriksen.mp3",
        "encoding": ["Lavf58.29.100"]
    }
},
"lowlevel": {
    "average_loudness": 0.808661282063,
    "barkbands_crest": {
        "max": 20.8088207245,
        "mean": 6.5015707016,
        "min": 2.37709784508,
        "stdev": 2.50575613976
    },
    "barkbands_flatness_db": {
        "max": 0.253401577473,
        "mean": 0.139880865812,
        "min": 0.0259958673269,
        "stdev": 0.0298480745405
    },
    "barkbands_kurtosis": {
        "max": 8.21669864655,
        "mean": 0.539142429829,
        "min": -1.59575343132,
        "stdev": 1.18479728699
    },
    "barkbands_skewness": {
        "max": 2.54591321945,
        "mean": -0.0180342830718,
        "min": -1.89508199692,
        "stdev": 0.799855291843
    },
    "barkbands_spread": {
        "max": 49.2628974915,
        "mean": 16.5952358246,
        "min": 4.57500553131,
        "stdev": 8.02374649048
    },
    "dissonance": {
        "max": 0.5,
        "mean": 0.486816674471,
        "min": 0.394191592932,
        "stdev": 0.0153147652745
    },
    "dynamic_complexity": 2.54943752289,
    "erbbands_crest": {
        "max": 29.1373901367,
        "mean": 7.75864887238,
        "min": 2.49554681778,
        "stdev": 3.15354251862
    },
    "erbbands_flatness_db": {
        "max": 0.356453984976,
        "mean": 0.230131953955,
        "min": 0.0926170796156,
        "stdev": 0.0470662899315
    },
    "erbbands_kurtosis": {
        "max": 13.2333469391,
        "mean": 0.654071688652,
        "min": -1.36301887035,
        "stdev": 1.4621155262
    },
    "erbbands_skewness": {
        "max": 1.0010509491,
        "mean": -0.109090477228,
        "min": -1.91575133801,
        "stdev": 0.434107482433
    },
    "erbbands_spread": {
        "max": 74.3467407227,
        "mean": 20.2180480957,
        "min": 3.87099933624,
        "stdev": 12.1345643997
    },
    "hfc": {
        "max": 243.098129272,
        "mean": 27.8741645813,
        "min": 1.16815663715e-16,
        "stdev": 24.0062675476
    },
    "loudness_ebu128": {
        "integrated": -14.0169467926,
        "loudness_range": 4.32323932648,
        "momentary": {
            "max": -9.05302238464,
            "mean": -14.905954361,
            "min": -21.1256427765,
            "stdev": 2.98242497444
        },
        "short_term": {
            "max": -12.2638645172,
            "mean": -14.1971998215,
            "min": -17.6399307251,
            "stdev": 1.52964234352
        }
    },
    "melbands_crest": {
        "max": 23.1020545959,
        "mean": 8.00812721252,
        "min": 1.7379219532,
        "stdev": 4.24352645874
    },
    "melbands_flatness_db": {
        "max": 0.256238788366,
        "mean": 0.12582680583,
        "min": 0.00411870796233,
        "stdev": 0.0414514094591
    },
    "melbands_kurtosis": {
        "max": 23.6887054443,
        "mean": 1.432533741,
        "min": -1.30610656738,
        "stdev": 3.13851976395
    },
    "melbands_skewness": {
        "max": 4.42564058304,
        "mean": 0.525791287422,
        "min": -1.60085737705,
        "stdev": 1.02597594261
    },
    "melbands_spread": {
        "max": 127.14906311,
        "mean": 32.108165741,
        "min": 10.3225593567,
        "stdev": 13.4759902954
    },
    "pitch_salience": {
        "max": 0.908982694149,
        "mean": 0.719454526901,
        "min": 0.367582976818,
        "stdev": 0.0911089479923
    },
    "silence_rate_20dB": {
        "max": 1,
        "mean": 1,
        "min": 1,
        "stdev": 0
    },
    "silence_rate_30dB": {
        "max": 1,
        "mean": 0.990909099579,
        "min": 0,
        "stdev": 0.0949117988348
    },
    "silence_rate_60dB": {
        "max": 1,
        "mean": 0.0472727268934,
        "min": 0,
        "stdev": 0.212221607566
    },
    "spectral_centroid": {
        "max": 11232.3105469,
        "mean": 2094.5012207,
        "min": 644.191894531,
        "stdev": 841.431152344
    },
    "spectral_complexity": {
        "max": 61,
        "mean": 31.0290908813,
        "min": 0,
        "stdev": 11.375374794
    },
    "spectral_decrease": {
        "max": 9.0792526476e-29,
        "mean": -4.4702082036e-09,
        "min": -5.56921442296e-08,
        "stdev": 5.01486363547e-09
    },
    "spectral_energy": {
        "max": 0.23074029386,
        "mean": 0.0193998683244,
        "min": 1.05029303418e-20,
        "stdev": 0.0208382476121
    },
    "spectral_energyband_high": {
        "max": 0.0188898257911,
        "mean": 0.000880224513821,
        "min": 7.30249827384e-21,
        "stdev": 0.00167357502505
    },
    "spectral_energyband_low": {
        "max": 0.0762312188745,
        "mean": 0.00195776671171,
        "min": 2.07707186785e-23,
        "stdev": 0.0065302895382
    },
    "spectral_energyband_middle_high": {
        "max": 0.0506611354649,
        "mean": 0.0114033436403,
        "min": 1.51033435842e-21,
        "stdev": 0.00780554115772
    },
    "spectral_energyband_middle_low": {
        "max": 0.134176343679,
        "mean": 0.00551220914349,
        "min": 1.95474570008e-22,
        "stdev": 0.011278392747
    },
    "spectral_entropy": {
        "max": 9.80093574524,
        "mean": 7.7615404129,
        "min": 6.89930772781,
        "stdev": 0.28280583024
    },
    "spectral_flux": {
        "max": 0.388521432877,
        "mean": 0.0817683786154,
        "min": 6.73691658015e-11,
        "stdev": 0.036375593394
    },
    "spectral_kurtosis": {
        "max": 22.8613548279,
        "mean": 5.02947902679,
        "min": -1.18268811703,
        "stdev": 2.88971209526
    },
    "spectral_rms": {
        "max": 0.0150037491694,
        "mean": 0.00397936627269,
        "min": 3.2010561736e-12,
        "stdev": 0.001758225495
    },
    "spectral_rolloff": {
        "max": 19293.75,
        "mean": 2510.96484375,
        "min": 409.130859375,
        "stdev": 1716.10742188
    },
    "spectral_skewness": {
        "max": 2.63539505005,
        "mean": 1.36780941486,
        "min": -0.0315262936056,
        "stdev": 0.312674820423
    },
    "spectral_spread": {
        "max": 40737564,
        "mean": 3094036.75,
        "min": 1556493.375,
        "stdev": 2973015.75
    },
    "spectral_strongpeak": {
        "max": 6.2841758728,
        "mean": 1.31085026264,
        "min": 0,
        "stdev": 0.939230799675
    },
    "zerocrossingrate": {
        "max": 0.8056640625,
        "mean": 0.0895410180092,
        "min": 0.0263671875,
        "stdev": 0.0585024543107
    },
    "barkbands": {
        "max": [0.00267616054043, 0.0456469394267, 0.0279720425606, 0.0264676697552, 0.0716139376163, 0.00861512962729, 0.0214273333549, 0.0121206734329, 0.016202872619, 0.0137603729963, 0.0131885297596, 0.00995817966759, 0.0121264215559, 0.011039619334, 0.0159220322967, 0.00959264207631, 0.00573325110599, 0.00481853401288, 0.00363164930604, 0.00537672778592, 0.0051555307582, 0.0058512003161, 0.00437284493819, 0.00298776943237, 0.0019764509052, 0.00065380113665, 2.31052285926e-06],
        "mean": [4.16141701862e-05, 0.000507822434884, 0.00116817269009, 0.000763760064729, 0.00194194703363, 0.000413536385167, 0.000733439810574, 0.0004683076113, 0.000979760894552, 0.000941809732467, 0.00137182488106, 0.00103192590177, 0.00116396334488, 0.00129855668638, 0.00170473149046, 0.00144496455323, 0.00102637382224, 0.000757824745961, 0.00055490079103, 0.000389137218008, 0.000290927535389, 0.000172371088411, 0.000103123609733, 7.65160002629e-05, 4.08984415117e-05, 1.16587743832e-05, 1.02864330387e-08],
        "min": [4.62823904232e-24, 3.83307277189e-24, 2.66784751208e-24, 7.51707528737e-24, 2.11629450538e-23, 3.89906713972e-23, 1.49495341986e-23, 3.65947115015e-23, 5.07991965518e-23, 6.03190437383e-23, 2.36468992281e-23, 8.72616602557e-23, 6.51756564349e-23, 5.64985335763e-23, 1.79635543074e-22, 1.01243620266e-22, 9.46910639086e-23, 1.44911703562e-22, 2.00178818954e-22, 2.65708295282e-22, 3.14229375136e-22, 5.53222674981e-22, 4.37759843209e-22, 6.75552054995e-22, 1.1282771828e-21, 1.45838030737e-21, 2.25978897299e-21],
        "stdev": [0.000193575935555, 0.00264517217875, 0.00386102381162, 0.00241091707721, 0.00627701636404, 0.000759247632232, 0.00210422766395, 0.000945782929193, 0.00134162104223, 0.00143839209341, 0.00202877027914, 0.00122262968216, 0.00111238961108, 0.00124497793149, 0.001673954539, 0.00148359453306, 0.000965839368291, 0.000761650619097, 0.00057009345619, 0.000534449878614, 0.000444155506557, 0.000414243200794, 0.000306059460854, 0.000247962743742, 0.000138297313242, 5.08919147251e-05, 1.18110179415e-07]
    },
    "erbbands": {
        "max": [0.91195499897, 12.9032173157, 31.5765113831, 49.7584991455, 137.620758057, 316.236694336, 189.001052856, 68.7148132324, 303.757354736, 306.246551514, 241.561843872, 335.100219727, 289.91696167, 436.275726318, 516.688903809, 413.528594971, 612.697937012, 610.494689941, 954.699157715, 403.929962158, 499.747344971, 382.193939209, 288.405822754, 261.145141602, 171.040176392, 199.430892944, 157.241943359, 234.056884766, 218.902877808, 162.633407593, 132.237747192, 86.8925323486, 37.3596534729, 24.5668125153, 10.4071455002, 5.18606615067, 0.487458467484, 0.01525237225, 0.000790258811321, 0.000372218928533],
        "mean": [0.0118487523869, 0.145195543766, 1.22687029839, 1.743516922, 4.66836643219, 7.93746519089, 3.32128453255, 3.82695579529, 9.40329551697, 10.0047063828, 12.0711288452, 23.4337158203, 22.4480800629, 42.5506134033, 56.1287155151, 44.2887268066, 53.8262023926, 63.6257820129, 83.8069076538, 87.6276321411, 73.25730896, 56.3496589661, 44.7308692932, 33.9689712524, 23.7858161926, 18.0508441925, 13.9081306458, 9.79981136322, 6.64179754257, 3.8854944706, 2.86423158646, 2.13167452812, 0.977217793465, 0.574660658836, 0.22087366879, 0.0924811735749, 0.00945293251425, 0.000242170586716, 2.59578373516e-05, 2.70011460088e-05],
        "min": [1.20765239233e-22, 1.37762740592e-21, 3.18614684462e-21, 1.34961092378e-20, 3.17153260692e-20, 4.8470825804e-20, 1.32209130334e-19, 2.88387059688e-19, 3.42474202745e-19, 5.2356293474e-19, 6.23946316855e-19, 8.30190929597e-19, 1.39094131974e-18, 2.75610396928e-18, 1.97507631259e-18, 3.17314527307e-18, 2.90249074266e-18, 2.86158335265e-18, 7.98286780166e-18, 7.81437524679e-18, 6.36085264723e-18, 5.96058822062e-18, 8.62999187438e-18, 8.71954989212e-18, 1.1310263027e-17, 1.32409786773e-17, 1.54595986758e-17, 1.30170989358e-17, 1.98951363349e-17, 1.77521363609e-17, 1.25046944608e-17, 1.12577056253e-17, 1.30425430115e-17, 1.12217513928e-17, 8.15755428496e-18, 4.13231227173e-18, 2.88450949051e-18, 1.09172134765e-18, 3.04080123475e-19, 3.28923103768e-20],
        "stdev": [0.0722019001842, 0.692659795284, 4.06657123566, 4.87446975708, 13.2988004684, 27.612323761, 10.0578451157, 6.67272806168, 27.9023551941, 24.8151683807, 19.8175868988, 33.1164283752, 27.8272132874, 57.5547218323, 77.5501861572, 51.483455658, 50.1266593933, 61.6571807861, 88.1392822266, 77.7977523804, 75.2743453979, 51.6937484741, 43.241519928, 36.1977424622, 24.8343372345, 23.1376819611, 19.379781723, 17.1361198425, 16.4365329742, 10.3992090225, 8.91279983521, 7.36193084717, 2.98633408546, 1.86650288105, 0.757927238941, 0.382564693689, 0.0455538369715, 0.00113173760474, 6.60875521135e-05, 3.16716323141e-05]
    },
    "gfcc": {
        "mean": [-36.6481170654, 90.2429046631, -202.088134766, 31.6324176788, -65.3730697632, 14.1709413528, -35.5296783447, -2.66127061844, -16.5779647827, -11.6111059189, -6.44368886948, -13.9739999771, 2.51244783401],
        "cov": [[17623.7460938, -14.9751176834, -1362.20397949, 332.138763428, -959.425415039, 432.828582764, -741.566772461, 423.208465576, -493.671112061, 223.865844727, -534.28314209, 50.7132568359, -118.254371643], [-14.9751176834, 1690.96704102, 167.820831299, 192.830612183, 83.0652084351, -242.134078979, 242.919876099, -405.884338379, 54.0115585327, -323.792449951, 220.874465942, -232.449035645, 5.06026697159], [-1362.20397949, 167.820831299, 1371.6192627, 186.209671021, 63.2041282654, 31.7231693268, -23.8915081024, 3.56551933289, -156.528945923, 76.1421737671, -112.229393005, 13.9687185287, -163.614761353], [332.138763428, 192.830612183, 186.209671021, 210.744110107, 26.4440402985, -10.4447517395, -23.0521736145, -33.4977340698, -19.3163700104, -28.1759281158, -7.69123125076, -36.4464645386, -17.9416370392], [-959.425415039, 83.0652084351, 63.2041282654, 26.4440402985, 144.53994751, -11.5676259995, 49.145904541, -40.6182174683, 35.1227798462, -26.6473770142, 46.3476753235, -1.02037799358, 7.98937702179], [432.828582764, -242.134078979, 31.7231693268, -10.4447517395, -11.5676259995, 109.132110596, -48.4664649963, 80.9022140503, -28.0468425751, 62.6260108948, -56.0374336243, 42.569694519, -11.162938118], [-741.566772461, 242.919876099, -23.8915081024, -23.0521736145, 49.145904541, -48.4664649963, 163.938919067, -48.5872764587, 35.1531829834, -72.7440948486, 84.3967819214, -28.2468986511, 6.48420238495], [423.208465576, -405.884338379, 3.56551933289, -33.4977340698, -40.6182174683, 80.9022140503, -48.5872764587, 174.029663086, -26.7148990631, 81.9426116943, -72.4705352783, 69.01121521, -19.3583450317], [-493.671112061, 54.0115585327, -156.528945923, -19.3163700104, 35.1227798462, -28.0468425751, 35.1531829834, -26.7148990631, 107.188461304, -15.3102178574, 45.9628410339, -17.477771759, 38.8035964966], [223.865844727, -323.792449951, 76.1421737671, -28.1759281158, -26.6473770142, 62.6260108948, -72.7440948486, 81.9426116943, -15.3102178574, 130.246032715, -60.9767036438, 49.0381698608, -18.0584754944], [-534.28314209, 220.874465942, -112.229393005, -7.69123125076, 46.3476753235, -56.0374336243, 84.3967819214, -72.4705352783, 45.9628410339, -60.9767036438, 116.760368347, -17.0688762665, 18.9033699036], [50.7132568359, -232.449035645, 13.9687185287, -36.4464645386, -1.02037799358, 42.569694519, -28.2468986511, 69.01121521, -17.477771759, 49.0381698608, -17.0688762665, 88.2852630615, 1.20077121258], [-118.254371643, 5.06026697159, -163.614761353, -17.9416370392, 7.98937702179, -11.162938118, 6.48420238495, -19.3583450317, 38.8035964966, -18.0584754944, 18.9033699036, 1.20077121258, 64.9746170044]],
        "icov": [[0.000690149900038, -0.00209384295158, 0.00196444359608, -0.00157488754485, 0.00225680018775, -0.00191920285579, 0.0014529961627, -0.00169714423828, 0.00231151049957, -0.00223561143503, 0.00227971328422, -0.00201503117569, 0.00204531289637], [-0.00209384295158, 0.00903467368335, -0.00651048962027, 0.00368375098333, -0.00549493497238, 0.00578813673928, -0.00566113507375, 0.00858207326382, -0.00750333396718, 0.00976919569075, -0.00820526387542, 0.00774591974914, -0.00565925706178], [0.00196444359608, -0.00651048962027, 0.00733041064814, -0.0054190675728, 0.00514991953969, -0.00479975342751, 0.00309607875533, -0.00418548146263, 0.00767590571195, -0.00820523127913, 0.009028124623, -0.007326180581, 0.00867523439229], [-0.00157488754485, 0.00368375098333, -0.0054190675728, 0.0109838442877, -0.00694509083405, 0.00385623821057, 0.000391039880924, 0.00142218859401, -0.0046835555695, 0.00638187257573, -0.00627805618569, 0.00745971733704, -0.00560549972579], [0.00225680018775, -0.00549493497238, 0.00514991953969, -0.00694509083405, 0.018416909501, -0.00893293693662, 0.00248728366569, -0.00179304555058, 0.00342335924506, -0.0048147495836, 0.00454282667488, -0.00858598388731, 0.00645840447396], [-0.00191920285579, 0.00578813673928, -0.00479975342751, 0.00385623821057, -0.00893293693662, 0.0228660125285, -0.00404230086133, 0.000571279088035, -0.00372503651306, 0.00231640413404, -0.00215083290823, 0.00346562452614, -0.00593469012529], [0.0014529961627, -0.00566113507375, 0.00309607875533, 0.000391039880924, 0.00248728366569, -0.00404230086133, 0.0171315036714, -0.00908135529608, 0.00416409643367, -0.000755477987695, -0.00339221628383, -0.000975243223365, 0.00388214411214], [-0.00169714423828, 0.00858207326382, -0.00418548146263, 0.00142218859401, -0.00179304555058, 0.000571279088035, -0.00908135529608, 0.0240116585046, -0.00851722620428, 0.00661778682843, 0.000788259378169, -0.00237719784491, 0.00121526245493], [0.00231151049957, -0.00750333396718, 0.00767590571195, -0.0046835555695, 0.00342335924506, -0.00372503651306, 0.00416409643367, -0.00851722620428, 0.0251406934112, -0.0127506889403, 0.00373627524823, -0.00161299447063, -0.00080240436364], [-0.00223561143503, 0.00976919569075, -0.00820523127913, 0.00638187257573, -0.0048147495836, 0.00231640413404, -0.000755477987695, 0.00661778682843, -0.0127506889403, 0.0279395263642, -0.00766430329531, 0.00486940564588, -0.00317226210609], [0.00227971328422, -0.00820526387542, 0.009028124623, -0.00627805618569, 0.00454282667488, -0.00215083290823, -0.00339221628383, 0.000788259378169, 0.00373627524823, -0.00766430329531, 0.033131595701, -0.0163027253002, 0.0117344977334], [-0.00201503117569, 0.00774591974914, -0.007326180581, 0.00745971733704, -0.00858598388731, 0.00346562452614, -0.000975243223365, -0.00237719784491, -0.00161299447063, 0.00486940564588, -0.0163027253002, 0.0308961067349, -0.0131301246583], [0.00204531289637, -0.00565925706178, 0.00867523439229, -0.00560549972579, 0.00645840447396, -0.00593469012529, 0.00388214411214, 0.00121526245493, -0.00080240436364, -0.00317226210609, 0.0117344977334, -0.0131301246583, 0.0344385169446]]
    },
    "melbands": {
        "max": [0.00887675583363, 0.0170754957944, 0.0117295654491, 0.0149294119328, 0.00868436973542, 0.00150777748786, 0.00452562002465, 0.00300309015438, 0.00233547668904, 0.00227664923295, 0.0013970307773, 0.00187547446694, 0.00181138806511, 0.00124320830218, 0.000753422093112, 0.00140552467201, 0.0012405536836, 0.00141767296009, 0.000683667836711, 0.000545941409655, 0.000668232969474, 0.000420450291131, 0.000336278637405, 0.000225610128837, 0.000257733103354, 0.000140271295095, 0.00025642287801, 0.000140720425406, 9.4033224741e-05, 0.000151857937453, 0.000118451913295, 0.000124591766507, 0.000114123227831, 8.23903392302e-05, 6.63443279336e-05, 8.06855532574e-05, 4.49882281828e-05, 2.92357035505e-05, 2.74381382042e-05, 1.64238372236e-05],
        "mean": [0.000119150281535, 0.000461407034891, 0.000400037533836, 0.00049407716142, 0.000156577298185, 8.43820889713e-05, 0.000148584629642, 0.000109174441604, 0.00010823312914, 0.000146075806697, 0.000109931796032, 0.000164921366377, 0.000193216095795, 0.000125569073134, 0.000114042566565, 0.000115190363431, 0.000117433992273, 0.000130119195092, 0.00012712975149, 0.000108791740786, 8.04784067441e-05, 5.86403839407e-05, 4.96840439155e-05, 3.37532655976e-05, 2.70601431112e-05, 1.99984351639e-05, 1.45278736454e-05, 1.11413037303e-05, 9.13102121558e-06, 6.74522379995e-06, 5.3270191529e-06, 4.00213502871e-06, 2.71620297099e-06, 1.94651602214e-06, 1.63401796272e-06, 1.50889172801e-06, 1.20831225559e-06, 7.14204077212e-07, 5.41288841305e-07, 4.58673866888e-07],
        "min": [1.73110102232e-24, 2.46743325758e-24, 2.8441955925e-24, 4.48187063452e-24, 4.14775964217e-24, 7.53025557538e-24, 4.90007696039e-24, 6.93441552303e-24, 5.18183677649e-24, 6.08421949914e-24, 6.76962090221e-24, 1.30991307834e-23, 3.97175609675e-24, 8.80208158146e-24, 6.89884894026e-24, 7.24672792199e-24, 4.85723984108e-24, 1.17149638846e-23, 1.21601654251e-23, 5.78438845742e-24, 8.05847525979e-24, 5.3137583801e-24, 8.30987497509e-24, 5.87783258152e-24, 7.09392004262e-24, 8.2243577198e-24, 5.81360668206e-24, 9.88432222392e-24, 9.07870433535e-24, 7.01388142632e-24, 7.50801127557e-24, 1.20638084321e-23, 9.23586751577e-24, 8.86187013833e-24, 6.53440979597e-24, 7.89830730818e-24, 5.88884626304e-24, 7.86298448343e-24, 9.00772420882e-24, 9.56802844397e-24],
        "stdev": [0.000646116677672, 0.00155528692994, 0.00109943922143, 0.00158070155885, 0.000497907865793, 0.000147216094774, 0.000439226772869, 0.000258119369391, 0.000169523249497, 0.00020784024673, 0.000140880278195, 0.000238155000261, 0.000275537138805, 0.000149325336679, 0.000106067302113, 0.000118479336379, 0.000120015873108, 0.000139944502735, 0.000117542287626, 0.000107645981188, 8.85945482878e-05, 5.59258223802e-05, 5.19117456861e-05, 3.488341099e-05, 3.1266870792e-05, 2.14356441575e-05, 2.25064704864e-05, 1.45800513565e-05, 1.30786384034e-05, 1.0762153579e-05, 9.63871207205e-06, 9.79901142273e-06, 7.4020813372e-06, 5.29977842234e-06, 4.81166671307e-06, 5.4030897445e-06, 4.0866116251e-06, 2.22095445679e-06, 1.81250118203e-06, 1.48246658682e-06]
    },
    "melbands128": {
        "max": [0.00258801109158, 0.00838433392346, 0.0118296695873, 0.0256927721202, 0.0203396081924, 0.0122774094343, 0.00780894560739, 0.0159259177744, 0.01228436362, 0.0194773059338, 0.020517161116, 0.0128506775945, 0.00638136453927, 0.0018950831145, 0.00158794305753, 0.00236094743013, 0.00332745304331, 0.00747096352279, 0.00561225833371, 0.00382565543987, 0.00351662468165, 0.00323781161569, 0.00192225910723, 0.00411408953369, 0.00224932655692, 0.00397051777691, 0.00176671822555, 0.00192050111946, 0.00244997628033, 0.00367737933993, 0.00186393212061, 0.0031080795452, 0.00264328112826, 0.00238520675339, 0.00140584260225, 0.00181919161696, 0.00157366518397, 0.000936284428462, 0.00121654744726, 0.00283240713179, 0.00147064065095, 0.00164220877923, 0.00203128810972, 0.000949220382608, 0.000853442994412, 0.00199879170395, 0.00284645915963, 0.00117584015243, 0.000839856860694, 0.000945786072407, 0.00104525440838, 0.000944440253079, 0.000859044084791, 0.000967058935203, 0.000493959232699, 0.000515992636792, 0.000620160019025, 0.000724213488866, 0.000610744114965, 0.000504350580741, 0.00025553823798, 0.000441622483777, 0.000353898387402, 0.000501791364513, 0.000313905533403, 0.000232946695178, 0.000132444620249, 0.000213388746488, 0.000511713384185, 0.000185990968021, 0.000217381355469, 0.000148868668475, 0.000126951010316, 0.000140127667692, 0.000130344560603, 0.000218404806219, 0.000118198957352, 0.000236692110775, 7.45301003917e-05, 0.000119974916743, 0.000144529491081, 0.000243780959863, 0.0001142529145, 0.000136828239192, 7.512295997e-05, 9.79240576271e-05, 9.2388203484e-05, 4.94785854244e-05, 4.29108331446e-05, 0.000119083189929, 0.000108030755655, 5.81358872296e-05, 0.000104322869447, 4.47200145572e-05, 3.86564388464e-05, 4.86257777084e-05, 2.86091599264e-05, 1.46646980284e-05, 1.73114513018e-05, 5.4163261666e-05, 1.96382407012e-05, 1.9884082576e-05, 1.41917644214e-05, 1.229868667e-05, 1.03285037767e-05, 1.47747632582e-05, 7.814314813e-06, 1.34830079332e-05, 8.42907411425e-06, 9.83858262771e-06, 6.20610990154e-06, 2.10586904359e-06, 3.09388468622e-07, 1.22940377878e-07, 9.33474169074e-08, 8.65587423959e-08, 3.46092008385e-08, 1.09255759995e-08, 1.05421475993e-08, 1.02305417471e-08, 9.96044757784e-09, 9.71181091103e-09, 9.51263601223e-09, 9.33638233391e-09, 9.19717635384e-09, 9.08332342675e-09, 8.9862899344e-09, 8.93616824982e-09],
        "mean": [3.23599124386e-05, 9.23630868783e-05, 0.000117746778415, 0.000238675725996, 0.000631161441561, 0.000503234798089, 0.000285828631604, 0.000458457565401, 0.000400297460146, 0.000636370154098, 0.000474220723845, 0.000170264596818, 7.99112094683e-05, 0.000109991909994, 9.23143161344e-05, 5.76627608098e-05, 0.000100037817901, 0.000209760808502, 0.000153936605784, 9.35602583922e-05, 0.000101262558019, 9.93173598545e-05, 8.37954721646e-05, 0.000145793121192, 0.000184418313438, 0.000129775362439, 0.00010554453911, 0.000101803743746, 0.000105442843051, 0.000178839021828, 0.00017148470215, 0.000174172979314, 0.000228446500842, 0.000180696457392, 0.000125789418234, 0.000114935828606, 0.000115175032988, 9.82782876235e-05, 0.000131375869387, 0.000121770484839, 0.000104637969343, 0.000115164897579, 0.000122858138639, 0.000112985260785, 0.000117969524581, 0.000137020339025, 0.000142165605212, 0.000127918567159, 0.000118935815408, 0.000120640681416, 0.000109675216663, 9.6788549854e-05, 8.31999423099e-05, 7.58814276196e-05, 6.7418004619e-05, 5.38290514669e-05, 5.28262753505e-05, 5.87334543525e-05, 4.64986551378e-05, 3.78305194317e-05, 3.34232900059e-05, 3.05823050439e-05, 2.82538567262e-05, 2.58355630649e-05, 2.46311119554e-05, 2.32706515817e-05, 1.39970261444e-05, 1.40607289723e-05, 1.65913152159e-05, 1.21236616906e-05, 1.2043328752e-05, 9.71158715402e-06, 9.18192199606e-06, 9.74530757958e-06, 8.2997876234e-06, 6.56079055261e-06, 6.33541230854e-06, 5.77578748562e-06, 5.24304732608e-06, 4.87338138555e-06, 4.24914742325e-06, 3.69353983842e-06, 3.20776189255e-06, 2.76472678706e-06, 2.12601025851e-06, 1.97572421712e-06, 2.03209924621e-06, 1.62078890753e-06, 1.49502830027e-06, 1.75985724127e-06, 1.58253851623e-06, 1.29830209517e-06, 1.65786173056e-06, 1.20112122204e-06, 1.01625710158e-06, 8.25048175557e-07, 6.55760800328e-07, 5.42117220448e-07, 4.57334948578e-07, 6.53900485759e-07, 5.07516745074e-07, 4.47377885848e-07, 3.53774282758e-07, 2.77998367437e-07, 2.31040672816e-07, 2.0802627887e-07, 1.62190644915e-07, 2.08772306109e-07, 1.59170639336e-07, 1.58852770937e-07, 9.4310962595e-08, 3.2718826759e-08, 1.92417148881e-09, 4.64605770523e-10, 4.60009086378e-10, 4.35267211163e-10, 1.44561751458e-10, 3.94934467074e-11, 3.98199632989e-11, 3.29628616069e-11, 3.18227319496e-11, 3.23122396895e-11, 2.95732154043e-11, 2.87315189001e-11, 2.37215021931e-11, 2.07296176752e-11, 1.91981014419e-11, 1.8859755771e-11],
        "min": [2.22041743955e-24, 7.50762917107e-25, 2.07325011287e-24, 1.41049276487e-24, 1.55913052827e-24, 1.4419231527e-24, 2.31260155556e-24, 4.44637031607e-24, 1.29568352644e-24, 5.25475395097e-24, 1.18126625328e-24, 3.27742754924e-24, 2.9072226206e-24, 6.76965561209e-24, 2.59959230833e-24, 9.09957128401e-24, 3.15318668983e-24, 1.56802493498e-24, 8.3616958396e-25, 5.0908653369e-24, 1.02482592582e-23, 5.3393663828e-24, 3.16639932114e-24, 6.66175837291e-24, 1.9763714856e-24, 6.20527848808e-24, 1.94798728416e-24, 5.496930699e-24, 6.16026608483e-24, 1.04382942726e-23, 7.09483275469e-24, 2.66389019134e-24, 4.88390925614e-24, 1.86450292342e-24, 9.38458120704e-24, 5.57956545654e-24, 5.29053194847e-24, 7.7623061104e-24, 6.69627971499e-24, 4.5630771594e-24, 5.90859697353e-24, 2.02524950451e-24, 5.28876292789e-24, 4.96978583757e-24, 6.24608941815e-24, 1.37566487144e-23, 1.09153650048e-23, 9.01556233077e-24, 4.87132258596e-24, 7.29599780755e-24, 3.30215261938e-24, 4.37274001133e-24, 4.35419901904e-24, 2.16561803348e-24, 4.94447286884e-24, 1.95064002617e-24, 4.55527019745e-24, 5.56479324723e-24, 7.87630913298e-24, 1.29962625325e-23, 2.70256113899e-24, 3.88902707032e-24, 7.00645508975e-24, 7.00638014797e-24, 9.68241958611e-24, 7.2090550806e-24, 3.30904469989e-24, 6.41242192331e-24, 6.41712629532e-24, 4.52891987663e-24, 1.04599066948e-23, 6.71624262906e-24, 6.16843750052e-24, 9.25558824954e-24, 7.1448118262e-24, 5.22724321576e-24, 5.0961952756e-24, 6.0891084646e-24, 5.02883128746e-24, 9.43294626914e-24, 1.45410888432e-23, 1.22622219381e-23, 6.99648862108e-24, 9.03797150251e-24, 8.0402864939e-24, 8.15866217248e-24, 9.58625034202e-24, 4.24255429614e-24, 6.69105430035e-24, 6.4521166152e-24, 6.36548706603e-24, 6.62806533479e-24, 8.65194399626e-24, 5.17911520637e-24, 4.28850938817e-24, 4.31282878659e-24, 9.57391413518e-24, 7.21739965125e-24, 1.00448207083e-23, 9.521517205e-24, 6.10299714969e-24, 7.16052514657e-24, 8.55363378367e-24, 1.25096820821e-23, 7.31142713799e-24, 8.78225750692e-24, 5.18314746888e-24, 4.10710687871e-24, 5.44360606839e-24, 6.50683161316e-24, 1.13947802316e-23, 7.65025236311e-24, 5.98331156758e-24, 8.82345497883e-24, 7.13999030835e-24, 5.49903064673e-24, 6.97541183541e-24, 7.65818357066e-24, 8.83159996768e-24, 1.15344882867e-23, 8.70042896522e-24, 7.28679811167e-24, 6.79141239585e-24, 9.71317885053e-24, 7.4464895913e-24, 1.02167592534e-23, 1.13602943882e-23, 1.05580283696e-23],
        "stdev": [0.000177017820533, 0.000643201521598, 0.000797873130068, 0.00128339836374, 0.00215955451131, 0.00165260536596, 0.000825250346679, 0.00150840356946, 0.00119391467888, 0.00229404703714, 0.00173073704354, 0.000701158656739, 0.00031585781835, 0.000222328701057, 0.000174046028405, 0.000140159696457, 0.00027637500898, 0.000713493092917, 0.000468053855002, 0.000281900458504, 0.000258171989117, 0.000218188142753, 0.000151804793859, 0.000263422436547, 0.000290402967948, 0.000258656975348, 0.000171801933902, 0.000171141553437, 0.000168002996361, 0.000408805412007, 0.000262221758021, 0.00030486099422, 0.000402163801482, 0.000335906282999, 0.000181637893547, 0.000182105286513, 0.000199347909074, 0.000113925561891, 0.000152778462507, 0.000173260094016, 0.000142419041367, 0.000158162452863, 0.000165568708326, 0.00014127320901, 0.00013234996004, 0.000199042508029, 0.000212710991036, 0.000156847076141, 0.000127409017296, 0.000130273372633, 0.000140049465699, 0.000118042124086, 0.000107365674921, 0.000102764970507, 7.87754252087e-05, 6.24270032858e-05, 6.76153649692e-05, 8.6929401732e-05, 5.84697882005e-05, 4.99116904393e-05, 3.79178745789e-05, 4.04611928388e-05, 3.86751016777e-05, 3.96488612751e-05, 3.21673796861e-05, 3.07279515255e-05, 1.70643834281e-05, 2.32682377828e-05, 3.65778287232e-05, 1.70791008713e-05, 1.86323177331e-05, 1.35419077196e-05, 1.43893194036e-05, 1.677549335e-05, 1.40605679917e-05, 1.2174406038e-05, 1.09969305413e-05, 1.34678875838e-05, 9.63184538705e-06, 9.66000152403e-06, 9.69003849605e-06, 1.38052946568e-05, 8.46835609991e-06, 8.0017171058e-06, 5.5882255765e-06, 5.84532790526e-06, 5.91946718487e-06, 4.43423459728e-06, 3.93330901716e-06, 6.68434722684e-06, 6.19073352937e-06, 4.29055671702e-06, 7.01669750924e-06, 4.02746945838e-06, 3.16873411066e-06, 3.06106926473e-06, 2.08434516935e-06, 1.56231726578e-06, 1.47213859236e-06, 2.8893837225e-06, 1.62567459938e-06, 1.51525182446e-06, 1.24475104712e-06, 9.6932615179e-07, 8.5338530198e-07, 8.41523160489e-07, 5.8749890286e-07, 8.4848682036e-07, 6.87731699145e-07, 7.80943878453e-07, 5.11350492616e-07, 1.86055771678e-07, 1.56798893869e-08, 5.41763256479e-09, 4.38370317823e-09, 4.01673005967e-09, 1.62694058226e-09, 5.45183342915e-10, 5.49009337991e-10, 4.76465145116e-10, 4.62072990981e-10, 4.61434279675e-10, 4.36334912646e-10, 4.25808166504e-10, 3.97870486557e-10, 3.87690157755e-10, 3.82778947428e-10, 3.80625142515e-10]
    },
    "mfcc": {
        "mean": [-636.700927734, 101.33014679, -63.8800125122, 6.91657590866, -9.70122337341, 5.65740680695, -5.40798187256, 1.44021260738, -2.61864542961, -0.381450176239, -5.4527888298, -2.77709722519, -4.26034879684],
        "cov": [[7228.20361328, -498.274597168, -62.0163421631, -163.650436401, -15.9267702103, -99.0375900269, -119.486297607, -34.4472389221, 180.891235352, 67.5822219849, -44.6592102051, -5.58181142807, -49.8990402222], [-498.274597168, 1226.65661621, 260.060791016, 279.112792969, -50.3781814575, 106.023849487, 112.031974792, -8.36672782898, -149.982940674, -56.4470977783, -34.7066459656, -25.7210330963, -3.45706796646], [-62.0163421631, 260.060791016, 944.358642578, 236.473403931, 114.192863464, 49.7821311951, 94.2141418457, -55.0998077393, -36.5322113037, -11.5127944946, -28.3465919495, -23.7558059692, -17.6194419861], [-163.650436401, 279.112792969, 236.473403931, 229.177688599, 55.8052978516, 39.6022338867, 41.2017364502, -15.0835752487, -34.5505981445, -22.6524410248, -8.25326919556, -10.7205410004, -12.8153533936], [-15.9267702103, -50.3781814575, 114.192863464, 55.8052978516, 134.854904175, 32.1356506348, -12.6205196381, -14.6928167343, 10.2643594742, -4.06650686264, -4.89272451401, 1.91696798801, -12.661315918], [-99.0375900269, 106.023849487, 49.7821311951, 39.6022338867, 32.1356506348, 73.0980682373, 13.9026670456, -17.7838764191, -11.2424535751, -3.15036034584, -10.0251932144, 3.53892731667, 2.25308132172], [-119.486297607, 112.031974792, 94.2141418457, 41.2017364502, -12.6205196381, 13.9026670456, 94.4712142944, 30.906129837, -32.9792785645, -7.35678815842, 8.45066738129, -16.5203838348, -2.3542342186], [-34.4472389221, -8.36672782898, -55.0998077393, -15.0835752487, -14.6928167343, -17.7838764191, 30.906129837, 88.1710968018, -1.67418122292, -4.98720359802, 19.4183616638, -10.3155107498, 0.8410166502], [180.891235352, -149.982940674, -36.5322113037, -34.5505981445, 10.2643594742, -11.2424535751, -32.9792785645, -1.67418122292, 84.3659744263, 19.7372951508, -10.0544281006, 11.6288290024, 6.89250421524], [67.5822219849, -56.4470977783, -11.5127944946, -22.6524410248, -4.06650686264, -3.15036034584, -7.35678815842, -4.98720359802, 19.7372951508, 50.7546958923, 8.74387931824, 2.89593601227, 1.68895816803], [-44.6592102051, -34.7066459656, -28.3465919495, -8.25326919556, -4.89272451401, -10.0251932144, 8.45066738129, 19.4183616638, -10.0544281006, 8.74387931824, 54.9836044312, 7.89871788025, -2.26752758026], [-5.58181142807, -25.7210330963, -23.7558059692, -10.7205410004, 1.91696798801, 3.53892731667, -16.5203838348, -10.3155107498, 11.6288290024, 2.89593601227, 7.89871788025, 41.848991394, 13.6323871613], [-49.8990402222, -3.45706796646, -17.6194419861, -12.8153533936, -12.661315918, 2.25308132172, -2.3542342186, 0.8410166502, 6.89250421524, 1.68895816803, -2.26752758026, 13.6323871613, 37.6329841614]],
        "icov": [[0.000152688269736, 1.06949601104e-05, -2.58960444626e-05, 5.39555912837e-05, 5.0272406952e-05, 0.000114109061542, 6.86253697495e-05, 2.76078098977e-05, -0.00025449792156, -7.86568270996e-05, 0.000105672079371, 1.47682821989e-05, 0.000274604331935], [1.06949601104e-05, 0.00177819514647, -5.78617837164e-05, -0.00190318957902, 0.00181149295531, -0.00194556615315, 6.22444858891e-05, -0.000552626908757, 0.00202007219195, 0.000101365971204, 0.00120033218991, -0.000263342575636, 3.77167998522e-05], [-2.58960444626e-05, -5.78617837164e-05, 0.00178437493742, -0.00119288975839, -0.00128662528004, 0.000828338321298, -0.00208776444197, 0.00147444661707, -0.000140250878758, -0.000405866740039, 0.000510705052875, 0.000256638217252, -0.000274759455351], [5.39555912837e-05, -0.00190318957902, -0.00119288975839, 0.00905198790133, -0.00336463027634, 0.000400268967496, -0.00128644926008, 0.00102385412902, -0.00105377449654, 0.00182630296331, -0.00130404508673, 0.000416843104176, 0.00104286579881], [5.0272406952e-05, 0.00181149295531, -0.00128662528004, -0.00336463027634, 0.0127668501809, -0.00675620883703, 0.00396339176223, -0.00184542266652, -0.000262597633991, 0.0011698853923, -3.73149559891e-05, -0.000574117468204, 0.00367519888096], [0.000114109061542, -0.00194556615315, 0.000828338321298, 0.000400268967496, -0.00675620883703, 0.0212782453746, -0.00492997141555, 0.00448682485148, -0.000204739641049, -0.00153710553423, 0.00226510851644, -0.00244279392064, -0.0023311174009], [6.86253697495e-05, 6.22444858891e-05, -0.00208776444197, -0.00128644926008, 0.00396339176223, -0.00492997141555, 0.0192501917481, -0.00770608521998, 0.00421953527257, -0.000579240382649, -0.00166658381931, 0.00382840330712, -0.000547827628907], [2.76078098977e-05, -0.000552626908757, 0.00147444661707, 0.00102385412902, -0.00184542266652, 0.00448682485148, -0.00770608521998, 0.0175676681101, -0.00364246545359, 0.00309293461032, -0.00564244063571, 0.00430754106492, -0.00211141281761], [-0.00025449792156, 0.00202007219195, -0.000140250878758, -0.00105377449654, -0.000262597633991, -0.000204739641049, 0.00421953527257, -0.00364246545359, 0.020070752129, -0.00634506437927, 0.00661574536934, -0.00414584716782, -0.00179788318928], [-7.86568270996e-05, 0.000101365971204, -0.000405866740039, 0.00182630296331, 0.0011698853923, -0.00153710553423, -0.000579240382649, 0.00309293461032, -0.00634506437927, 0.0243296660483, -0.00650097522885, 0.00235493737273, -0.000457397341961], [0.000105672079371, 0.00120033218991, 0.000510705052875, -0.00130404508673, -3.73149559891e-05, 0.00226510851644, -0.00166658381931, -0.00564244063571, 0.00661574536934, -0.00650097522885, 0.025441955775, -0.00895095616579, 0.00377459009178], [1.47682821989e-05, -0.000263342575636, 0.000256638217252, 0.000416843104176, -0.000574117468204, -0.00244279392064, 0.00382840330712, 0.00430754106492, -0.00414584716782, 0.00235493737273, -0.00895095616579, 0.0332427062094, -0.0115739107132], [0.000274604331935, 3.77167998522e-05, -0.000274759455351, 0.00104286579881, 0.00367519888096, -0.0023311174009, -0.000547827628907, -0.00211141281761, -0.00179788318928, -0.000457397341961, 0.00377459009178, -0.0115739107132, 0.0333253145218]]
    },
    "spectral_contrast_coeffs": {
        "max": [-0.468017786741, -0.646613955498, -0.627856135368, -0.594990611076, -0.650653958321, -0.600125908852],
        "mean": [-0.722402513027, -0.81989210844, -0.800324320793, -0.80429315567, -0.784981966019, -0.710299432278],
        "min": [-0.974437594414, -0.9670830369, -0.964002847672, -0.965636312962, -0.956672072411, -0.961807549],
        "stdev": [0.068081073463, 0.0509258769453, 0.0493646152318, 0.0398691222072, 0.0386879295111, 0.0400264188647]
    },
    "spectral_contrast_valleys": {
        "max": [-4.4526309967, -4.38435077667, -5.25163459778, -5.41549682617, -5.40395212173, -7.87146615982],
        "mean": [-7.95982599258, -6.78548431396, -6.73747253418, -6.65100097656, -7.07999038696, -10.8371286392],
        "min": [-27.4427566528, -27.5823497772, -27.3501605988, -27.1627616882, -27.6363983154, -27.2312316895],
        "stdev": [1.8357758522, 1.78576266766, 1.78645062447, 1.83188509941, 1.80721771717, 1.75983870029]
    }
},
"rhythm": {
    "beats_count": 26,
    "beats_loudness": {
        "max": 0.11374630034,
        "mean": 0.0244624447078,
        "min": 0.00296974717639,
        "stdev": 0.0245755463839
    },
    "bpm": 123.066810608,
    "bpm_histogram_first_peak_bpm": 123,
    "bpm_histogram_first_peak_weight": 0.285714268684,
    "bpm_histogram_second_peak_bpm": 133,
    "bpm_histogram_second_peak_spread": 0.45454543829,
    "bpm_histogram_second_peak_weight": 0.239999994636,
    "danceability": 0.945506870747,
    "onset_rate": 2.7430832386,
    "beats_loudness_band_ratio": {
        "max": [0.485621869564, 0.516646265984, 0.263106793165, 0.639415919781, 0.641760468483, 0.283986896276],
        "mean": [0.0851008445024, 0.0872237682343, 0.103856049478, 0.310180217028, 0.3511274755, 0.0857288762927],
        "min": [0.00201376061887, 0.00254590599798, 0.033203843981, 0.0801203921437, 0.0520747490227, 0.00982143077999],
        "stdev": [0.128973156214, 0.127180695534, 0.0641569122672, 0.14423827827, 0.200237542391, 0.055473819375]
    },
    "beats_position": [0.441179126501, 0.893968224525, 1.34675729275, 1.79954648018, 2.2523355484, 2.70512461662, 3.15791368484, 3.62231278419, 4.08671188354, 4.55111122131, 5.01551008224, 5.47990942001, 5.9675283432, 6.45514726639, 6.94276618958, 7.4303855896, 7.91800451279, 8.4172334671, 8.90485286713, 9.39247131348, 9.8800907135, 10.379319191, 10.866938591, 11.354557991, 11.8305664062, 12.3065757751],
