{
"metadata": {
    "version": {
        "essentia": "2.1-beta5",
        "essentia_git_sha": "Undefined",
        "extractor": "music 2.0"
    },
    "audio_properties": {
        "analysis": {
            "equal_loudness": 0,
            "length": 28.4792518616,
            "sample_rate": 44100,
            "start_time": 142.744674683,
            "downmix": "mix"
        },
        "bit_rate": 192000,
        "length": 171.247161865,
        "lossless": 0,
        "number_channels": 2,
        "replay_gain": -12.2045764923,
        "sample_rate": 48000,
        "codec": "mp3",
        "md5_encoded": "b8e9ee6a02bf4f65469999c68dca5bfe"
    },
    "tags": {
        "file_name": "Portugal_Se Eu Te Pudesse Abraçar_Alma Lusa.mp3",
        "encoding": ["Lavf58.29.100"]
    }
},
"lowlevel": {
    "average_loudness": 0.982562720776,
    "barkbands_crest": {
        "max": 25.2717494965,
        "mean": 6.46710205078,
        "min": 2.35320043564,
        "stdev": 2.71192121506
    },
    "barkbands_flatness_db": {
        "max": 0.262798070908,
        "mean": 0.109129942954,
        "min": 0.0438983701169,
        "stdev": 0.0233792942017
    },
    "barkbands_kurtosis": {
        "max": 13.9111118317,
        "mean": -0.360419750214,
        "min": -1.79357254505,
        "stdev": 1.0540304184
    },
    "barkbands_skewness": {
        "max": 3.95310401917,
        "mean": 0.365399122238,
        "min": -1.86166715622,
        "stdev": 0.523548007011
    },
    "barkbands_spread": {
        "max": 121.619483948,
        "mean": 28.0882873535,
        "min": 8.71187877655,
        "stdev": 10.654551506
    },
    "dissonance": {
        "max": 0.500000059605,
        "mean": 0.474441379309,
        "min": 0.392816901207,
        "stdev": 0.0172806363553
    },
    "dynamic_complexity": 1.28029727936,
    "erbbands_crest": {
        "max": 24.1262168884,
        "mean": 8.03195953369,
        "min": 2.48787212372,
        "stdev": 3.29893183708
    },
    "erbbands_flatness_db": {
        "max": 0.26708599925,
        "mean": 0.180334791541,
        "min": 0.0542800091207,
        "stdev": 0.0332828760147
    },
    "erbbands_kurtosis": {
        "max": 5.35685062408,
        "mean": -0.166363105178,
        "min": -1.59101915359,
        "stdev": 0.849297344685
    },
    "erbbands_skewness": {
        "max": 1.83752739429,
        "mean": 0.0184214003384,
        "min": -1.8624881506,
        "stdev": 0.517653644085
    },
    "erbbands_spread": {
        "max": 72.7313613892,
        "mean": 31.2553596497,
        "min": 10.6182489395,
        "stdev": 10.9645357132
    },
    "hfc": {
        "max": 110.529342651,
        "mean": 32.6581192017,
        "min": 1.20669501058e-08,
        "stdev": 13.3615694046
    },
    "loudness_ebu128": {
        "integrated": -10.5589704514,
        "loudness_range": 1.34491539001,
        "momentary": {
            "max": -8.96202087402,
            "mean": -10.644364357,
            "min": -13.8938827515,
            "stdev": 0.883646547794
        },
        "short_term": {
            "max": -9.98216629028,
            "mean": -10.5349330902,
            "min": -11.7970180511,
            "stdev": 0.476130157709
        }
    },
    "melbands_crest": {
        "max": 38.2979316711,
        "mean": 8.67669773102,
        "min": 3.24086475372,
        "stdev": 3.5581638813
    },
    "melbands_flatness_db": {
        "max": 0.226107984781,
        "mean": 0.113974057138,
        "min": 0.0460937507451,
        "stdev": 0.0273562669754
    },
    "melbands_kurtosis": {
        "max": 29.9202270508,
        "mean": 1.736536026,
        "min": -1.60268580914,
        "stdev": 2.60919356346
    },
    "melbands_skewness": {
        "max": 5.4894618988,
        "mean": 1.12849199772,
        "min": -0.847662687302,
        "stdev": 0.668686628342
    },
    "melbands_spread": {
        "max": 116.834320068,
        "mean": 42.3051757812,
        "min": 9.13413333893,
        "stdev": 15.4569444656
    },
    "pitch_salience": {
        "max": 0.882989048958,
        "mean": 0.609369277954,
        "min": 0.0619393102825,
        "stdev": 0.0964054465294
    },
    "silence_rate_20dB": {
        "max": 1,
        "mean": 1,
        "min": 1,
        "stdev": 0
    },
    "silence_rate_30dB": {
        "max": 1,
        "mean": 1,
        "min": 1,
        "stdev": 0
    },
    "silence_rate_60dB": {
        "max": 1,
        "mean": 0.00325732887723,
        "min": 0,
        "stdev": 0.0569799877703
    },
    "spectral_centroid": {
        "max": 4148.75830078,
        "mean": 2118.65820312,
        "min": 688.761535645,
        "stdev": 417.904327393
    },
    "spectral_complexity": {
        "max": 52,
        "mean": 29.6897392273,
        "min": 0,
        "stdev": 7.49640369415
    },
    "spectral_decrease": {
        "max": -3.83947978833e-19,
        "mean": -5.3781787912e-09,
        "min": -1.75654122359e-08,
        "stdev": 2.39130715229e-09
    },
    "spectral_energy": {
        "max": 0.0746839791536,
        "mean": 0.023260673508,
        "min": 2.54361397396e-12,
        "stdev": 0.00993356574327
    },
    "spectral_energyband_high": {
        "max": 0.0122984908521,
        "mean": 0.00152640941087,
        "min": 9.90680085709e-13,
        "stdev": 0.00114722549915
    },
    "spectral_energyband_low": {
        "max": 0.0204043164849,
        "mean": 0.00199248222634,
        "min": 8.43974412926e-13,
        "stdev": 0.00233808392659
    },
    "spectral_energyband_middle_high": {
        "max": 0.0516734942794,
        "mean": 0.0111845266074,
        "min": 2.1635796453e-13,
        "stdev": 0.00591065641493
    },
    "spectral_energyband_middle_low": {
        "max": 0.0592339299619,
        "mean": 0.00911272037774,
        "min": 1.49727886339e-13,
        "stdev": 0.00690659880638
    },
    "spectral_entropy": {
        "max": 9.1764497757,
        "mean": 7.78605270386,
        "min": 7.04712247849,
        "stdev": 0.199142634869
    },
    "spectral_flux": {
        "max": 0.228111252189,
        "mean": 0.0865450575948,
        "min": 6.62316870148e-06,
        "stdev": 0.0277249682695
    },
    "spectral_kurtosis": {
        "max": 14.2758407593,
        "mean": 3.06167578697,
        "min": 0.145446538925,
        "stdev": 1.41406714916
    },
    "spectral_rms": {
        "max": 0.00853594858199,
        "mean": 0.00465619564056,
        "min": 4.98154051343e-08,
        "stdev": 0.00100656086579
    },
    "spectral_rolloff": {
        "max": 12596.9238281,
        "mean": 2665.29077148,
        "min": 21.533203125,
        "stdev": 927.218933105
    },
    "spectral_skewness": {
        "max": 2.44923663139,
        "mean": 1.141274333,
        "min": 0.0395317897201,
        "stdev": 0.219410702586
    },
    "spectral_spread": {
        "max": 19435802,
        "mean": 3846278.25,
        "min": 2174645.75,
        "stdev": 979779.4375
    },
    "spectral_strongpeak": {
        "max": 15.2245779037,
        "mean": 2.05599021912,
        "min": 0,
        "stdev": 1.88596117496
    },
    "zerocrossingrate": {
        "max": 0.4833984375,
        "mean": 0.0912441760302,
        "min": 0.02783203125,
        "stdev": 0.0242749843746
    },
    "barkbands": {
        "max": [0.00061398325488, 0.0172571018338, 0.00892826914787, 0.00792122166604, 0.0343165546656, 0.0495812259614, 0.0331184566021, 0.0227931402624, 0.0278303343803, 0.0336415730417, 0.0210910346359, 0.0169652998447, 0.0120701938868, 0.0185456890613, 0.012751435861, 0.0085814492777, 0.0131061384454, 0.00953206885606, 0.0117895882577, 0.0045901578851, 0.00912733376026, 0.0032725315541, 0.00148219254334, 0.00100126478355, 0.000717457674909, 0.000401912577217, 1.28679505451e-06],
        "mean": [3.65054620488e-05, 0.00122588372324, 0.000542844587471, 0.000486949371407, 0.00141905574128, 0.00192962505389, 0.00170747004449, 0.00141900544986, 0.00140761490911, 0.00183202035259, 0.00135400390718, 0.00144688086584, 0.000842743786052, 0.00110245379619, 0.00103022030089, 0.000579331303015, 0.00157757557463, 0.000726443948224, 0.000764647265896, 0.000577616447117, 0.00058312137844, 0.000362863094779, 0.00015327228175, 8.20276327431e-05, 5.81524836889e-05, 1.23608169815e-05, 3.53241480511e-09],
        "min": [6.79414098766e-13, 1.90616660368e-13, 2.66524134577e-14, 3.27804223924e-14, 3.25563042508e-14, 2.81173687984e-14, 1.97477667899e-14, 1.18637645348e-14, 1.54386950408e-14, 1.26622658824e-14, 1.32404056794e-14, 2.70713762822e-14, 1.03437613699e-14, 4.53770999725e-14, 2.14156830832e-14, 1.18403533912e-14, 1.81331796909e-14, 1.66118187321e-14, 2.84579556643e-14, 3.17033657898e-14, 4.05891818636e-14, 3.65893872546e-14, 1.36198140981e-13, 1.8313760339e-13, 1.08284651319e-13, 2.55946143186e-13, 2.16843470263e-13],
        "stdev": [5.24393290107e-05, 0.00172488996759, 0.00077343324665, 0.000619683763944, 0.00193026068155, 0.00308480113745, 0.00263198115863, 0.00200234050862, 0.00250542513095, 0.0031470565591, 0.00244324654341, 0.00180065957829, 0.000925790634938, 0.0012881422881, 0.00121745455544, 0.000790254212916, 0.001467462047, 0.0007569816662, 0.000838479376398, 0.000490876147524, 0.000643805076834, 0.000305670255329, 0.000173655702383, 0.000106393774331, 6.81659876136e-05, 2.74411995633e-05, 4.03554274442e-08]
    },
    "erbbands": {
        "max": [0.287531673908, 4.46648693085, 10.0959072113, 14.4948444366, 29.1508102417, 127.845947266, 352.48336792, 228.809143066, 463.936859131, 863.046203613, 494.202911377, 729.69732666, 1398.65612793, 1084.39318848, 889.487121582, 865.237915039, 575.48223877, 1015.03955078, 564.279724121, 789.570739746, 569.735656738, 377.347961426, 463.296173096, 782.908996582, 279.203887939, 229.61265564, 223.866104126, 433.073303223, 122.006080627, 84.0875930786, 44.3616256714, 28.0432529449, 11.2798147202, 8.26912975311, 7.19367599487, 3.1495423317, 0.27014580369, 0.00603868952021, 0.00029826091486, 0.000100837823993],
        "mean": [0.0275597088039, 0.298693269491, 0.67079180479, 1.15076732635, 3.56899952888, 3.9866566658, 10.3305387497, 15.5999002457, 18.6220302582, 36.1424064636, 31.0198230743, 31.0014896393, 56.9669761658, 53.5035820007, 56.3788223267, 66.4668960571, 41.604637146, 61.7685508728, 45.3351020813, 49.8847160339, 56.4272460938, 64.2537307739, 40.8883361816, 47.3231544495, 30.8347949982, 30.0233078003, 25.156785965, 19.6873893738, 12.8688993454, 7.55551052094, 4.28448915482, 2.12196874619, 1.18556892872, 0.648365437984, 0.404379189014, 0.126007497311, 0.00642083445564, 0.000193270287127, 2.90839689114e-05, 3.2536820072e-05],
        "min": [2.2898474783e-11, 5.06026297253e-11, 3.49349611739e-11, 7.41131114812e-11, 9.99779772859e-11, 1.11273303072e-10, 2.13095249779e-10, 2.14992731951e-10, 2.21933693645e-10, 3.56937118751e-10, 2.11655235005e-10, 3.20140802756e-10, 5.79481296281e-10, 2.66944438776e-10, 6.09490125036e-10, 1.23504406702e-09, 6.00872740453e-10, 1.37713640491e-09, 1.98204785917e-09, 9.74182734481e-10, 6.51995957224e-10, 1.1368986863e-09, 8.39463498714e-10, 1.12895248705e-09, 1.69783753723e-09, 1.21526166907e-09, 2.25112617436e-09, 1.08538833477e-09, 1.38734312927e-09, 1.74906311656e-09, 4.58486937305e-09, 4.3077537093e-09, 2.72521338829e-09, 1.47928602701e-09, 8.09862399365e-10, 1.33832955829e-09, 2.97175367647e-10, 1.13697620763e-10, 3.56132935642e-11, 3.22337447532e-12],
        "stdev": [0.0385545827448, 0.429840385914, 0.907484710217, 1.34663534164, 3.64370441437, 7.41595125198, 20.5852642059, 24.0105018616, 32.5944023132, 55.032661438, 45.0018310547, 54.6754150391, 100.231765747, 102.408355713, 91.1876831055, 77.6658096313, 43.0551109314, 70.1168212891, 46.99061203, 71.8720474243, 52.6988182068, 48.1014060974, 37.0058746338, 65.1659164429, 25.51197052, 26.7113780975, 23.1052799225, 25.6490020752, 11.0165061951, 6.83542108536, 4.9723982811, 2.81267356873, 1.45276772976, 0.76200902462, 0.54042083025, 0.231621265411, 0.0170486140996, 0.000424518511863, 2.36771393247e-05, 1.3033565665e-05]
    },
    "gfcc": {
        "mean": [27.0646476746, 81.1359100342, -168.428878784, 42.0719223022, -74.5192108154, 16.7387561798, -39.1500740051, 9.51485729218, -22.4964828491, 3.47187924385, -12.1750640869, -2.8352997303, -3.34445095062],
        "cov": [[4711.26806641, 482.537689209, 81.1776580811, 191.445755005, -226.120315552, 3.618901968, -183.347091675, 58.8671798706, -136.155151367, 105.323364258, -67.0595474243, 24.765542984, -64.776763916], [482.537689209, 586.997253418, 16.7947177887, 48.5621948242, 42.9535598755, -68.2213363647, 44.2784500122, -86.2859725952, 8.67697048187, -70.7545776367, 32.5570068359, -58.1432609558, 26.4906578064], [81.1776580811, 16.7947177887, 658.142150879, 197.733139038, 16.9442138672, 28.7271347046, -104.327796936, 57.3129463196, -21.3055000305, 160.088470459, -17.5258674622, 95.0444793701, -67.3988800049], [191.445755005, 48.5621948242, 197.733139038, 238.296600342, 52.260307312, 18.5967960358, -38.6850280762, -4.49532413483, 44.1930770874, 47.225982666, -5.06731700897, 14.4782962799, -7.37507581711], [-226.120315552, 42.9535598755, 16.9442138672, 52.260307312, 136.986083984, 56.440032959, 39.4346809387, 6.7602519989, 12.3790159225, 2.02354431152, -2.57193613052, 0.18403288722, 4.79041337967], [3.618901968, -68.2213363647, 28.7271347046, 18.5967960358, 56.440032959, 137.344390869, 61.6441459656, 42.783164978, -2.95160412788, 13.0734586716, 0.538767158985, 13.2886142731, -5.29218816757], [-183.347091675, 44.2784500122, -104.327796936, -38.6850280762, 39.4346809387, 61.6441459656, 151.846115112, 31.5135803223, 7.58847236633, -30.3425216675, 19.194065094, -19.5635108948, 10.9731121063], [58.8671798706, -86.2859725952, 57.3129463196, -4.49532413483, 6.7602519989, 42.783164978, 31.5135803223, 115.05355835, 23.5504875183, 35.6085357666, 2.88549017906, 20.4844837189, -22.5365657806], [-136.155151367, 8.67697048187, -21.3055000305, 44.1930770874, 12.3790159225, -2.95160412788, 7.58847236633, 23.5504875183, 99.0905151367, 14.9639177322, 12.6914997101, -10.0414390564, 3.42084264755], [105.323364258, -70.7545776367, 160.088470459, 47.225982666, 2.02354431152, 13.0734586716, -30.3425216675, 35.6085357666, 14.9639177322, 148.733581543, 22.2705078125, 47.6926078796, -21.1804580688], [-67.0595474243, 32.5570068359, -17.5258674622, -5.06731700897, -2.57193613052, 0.538767158985, 19.194065094, 2.88549017906, 12.6914997101, 22.2705078125, 85.8808670044, 11.9722032547, 0.823252737522], [24.765542984, -58.1432609558, 95.0444793701, 14.4782962799, 0.18403288722, 13.2886142731, -19.5635108948, 20.4844837189, -10.0414390564, 47.6926078796, 11.9722032547, 77.554901123, 5.59333276749], [-64.776763916, 26.4906578064, -67.3988800049, -7.37507581711, 4.79041337967, -5.29218816757, 10.9731121063, -22.5365657806, 3.42084264755, -21.1804580688, 0.823252737522, 5.59333276749, 67.0704956055]],
        "icov": [[0.00116943987086, -0.00297622126527, 0.00289765256457, -0.00283671263605, 0.00378035195172, -0.00301029509865, 0.00320583209395, -0.00372396199964, 0.00369471265003, -0.00263428199105, 0.00236623804085, -0.00171780784149, 0.00171542353928], [-0.00297622126527, 0.0106297051534, -0.00881066918373, 0.00716816913337, -0.0108040692285, 0.0099078649655, -0.0101704224944, 0.0113522792235, -0.00978199858218, 0.00814751815051, -0.00773741398007, 0.00645556300879, -0.00547805568203], [0.00289765256457, -0.00881066918373, 0.0116209285334, -0.00979426223785, 0.0100618917495, -0.00850372482091, 0.00990592408925, -0.011362680234, 0.0114409644157, -0.00912337750196, 0.00758562097326, -0.00760391168296, 0.00712739350274], [-0.00283671263605, 0.00716816913337, -0.00979426223785, 0.0148918731138, -0.0114309508353, 0.00617792317644, -0.00658269366249, 0.0113598052412, -0.0133902020752, 0.00654636509717, -0.00575382029638, 0.00531421462074, -0.00519998231903], [0.00378035195172, -0.0108040692285, 0.0100618917495, -0.0114309508353, 0.0228087492287, -0.0139075806364, 0.00907575059682, -0.011674345471, 0.0115762297064, -0.00909205153584, 0.00906222406775, -0.00651568779722, 0.00560899125412], [-0.00301029509865, 0.0099078649655, -0.00850372482091, 0.00617792317644, -0.0139075806364, 0.0212715696543, -0.0139186764136, 0.00798202492297, -0.0077336919494, 0.00733493827283, -0.00649213697761, 0.00424965890124, -0.00461960351095], [0.00320583209395, -0.0101704224944, 0.00990592408925, -0.00658269366249, 0.00907575059682, -0.0139186764136, 0.0217251740396, -0.0146520081908, 0.0106217106804, -0.00684541231021, 0.00460938084871, -0.00323429470882, 0.00362933054566], [-0.00372396199964, 0.0113522792235, -0.011362680234, 0.0113598052412, -0.011674345471, 0.00798202492297, -0.0146520081908, 0.0271532144397, -0.0171741582453, 0.00802012532949, -0.00688666477799, 0.00335189839825, -0.00205129245296], [0.00369471265003, -0.00978199858218, 0.0114409644157, -0.0133902020752, 0.0115762297064, -0.0077336919494, 0.0106217106804, -0.0171741582453, 0.0264802929014, -0.0106372237206, 0.00592718692496, -0.00275202654302, 0.00395795376971], [-0.00263428199105, 0.00814751815051, -0.00912337750196, 0.00654636509717, -0.00909205153584, 0.00733493827283, -0.00684541231021, 0.00802012532949, -0.0106372237206, 0.0180623345077, -0.00889210682362, 0.000924071646295, -0.00288884295151], [0.00236623804085, -0.00773741398007, 0.00758562097326, -0.00575382029638, 0.00906222406775, -0.00649213697761, 0.00460938084871, -0.00688666477799, 0.00592718692496, -0.00889210682362, 0.0196247529238, -0.00788996182382, 0.00541048124433], [-0.00171780784149, 0.00645556300879, -0.00760391168296, 0.00531421462074, -0.00651568779722, 0.00424965890124, -0.00323429470882, 0.00335189839825, -0.00275202654302, 0.000924071646295, -0.00788996182382, 0.0252375006676, -0.0103851165622], [0.00171542353928, -0.00547805568203, 0.00712739350274, -0.00519998231903, 0.00560899125412, -0.00461960351095, 0.00362933054566, -0.00205129245296, 0.00395795376971, -0.00288884295151, 0.00541048124433, -0.0103851165622, 0.0229579377919]]
    },
    "melbands": {
        "max": [0.00381884910166, 0.00415309192613, 0.00255718338303, 0.00373643450439, 0.00932277552783, 0.00637671537697, 0.00665917946026, 0.00789623521268, 0.00338363996707, 0.00501262722537, 0.0068049300462, 0.00458419090137, 0.00295295496471, 0.00183898408432, 0.00114814401604, 0.000762202660553, 0.00228737201542, 0.000896391866263, 0.000992718851194, 0.000794412742835, 0.000821299152449, 0.000618420483079, 0.000529833429027, 0.000467428064439, 0.0007309949724, 0.000256385334069, 0.000210232828977, 0.000162042284501, 0.000146779886563, 0.000319462124025, 0.000180274961167, 9.5825700555e-05, 7.19494928489e-05, 4.1700903239e-05, 3.43597894243e-05, 1.64575885719e-05, 1.76109369932e-05, 8.41310884425e-06, 7.05216871211e-06, 8.55204143591e-06],
        "mean": [0.000300837069517, 0.000369804067304, 0.0002761016367, 0.000268898467766, 0.000317232770612, 0.000362174585462, 0.000302705069771, 0.000369644083548, 0.00023594792583, 0.000203385134228, 0.00028234362253, 0.00021110875241, 0.000188446341781, 0.000176571920747, 0.000121794713777, 8.71443626238e-05, 0.000116903334856, 6.77528223605e-05, 7.02315446688e-05, 5.18692359037e-05, 8.06980169727e-05, 7.96161257313e-05, 4.34323446825e-05, 3.75634590455e-05, 3.88873377233e-05, 2.29574015975e-05, 1.97387744265e-05, 1.89952770597e-05, 1.52412276293e-05, 1.53932687681e-05, 1.03006486825e-05, 7.57405041441e-06, 6.08989876127e-06, 3.42207044923e-06, 2.65199741989e-06, 1.67352584413e-06, 1.13773864996e-06, 8.64305548021e-07, 6.51769312299e-07, 5.09933215653e-07],
        "min": [1.9449641008e-13, 2.07588259733e-14, 1.61170871164e-14, 7.26535310727e-15, 6.99570059203e-15, 4.88872688804e-15, 3.63710611243e-15, 3.74156433307e-15, 1.48697533863e-15, 2.28716175231e-15, 2.892415074e-15, 9.64364162866e-16, 1.96456501918e-15, 2.39225207128e-15, 3.0496949045e-15, 7.11937386096e-16, 3.04540743548e-15, 3.94957953129e-15, 1.53963167119e-15, 9.89891194798e-16, 6.48250619918e-16, 1.08276306351e-15, 1.17791694486e-15, 6.10732566069e-16, 9.04653634041e-16, 1.22757763952e-15, 1.16576604547e-15, 7.17207836852e-16, 1.46553905232e-15, 9.9670292788e-16, 4.76310713741e-16, 7.95790630319e-16, 6.49085529706e-16, 1.1022224808e-15, 2.36644784782e-15, 3.41189233374e-15, 2.23356807191e-15, 2.06975422925e-15, 1.16998395191e-15, 1.28593588025e-15],
        "stdev": [0.000416903465521, 0.000473622669233, 0.000262804765953, 0.000320156075759, 0.000621641403995, 0.000557791325264, 0.000486005563289, 0.000542099645827, 0.000346418702975, 0.000376877695089, 0.000502751267049, 0.000428421597462, 0.000327211164404, 0.000231372876442, 0.000121586228488, 8.83842512849e-05, 0.000146501173731, 7.56544977776e-05, 8.74137112987e-05, 7.63166171964e-05, 8.59262727317e-05, 7.27854421712e-05, 5.23195703863e-05, 4.0217066271e-05, 6.10946881352e-05, 2.39893070102e-05, 1.68652113643e-05, 1.82642597792e-05, 1.56387177412e-05, 2.15881082113e-05, 1.3029351976e-05, 7.0200603659e-06, 6.16653778707e-06, 3.56855161954e-06, 3.35122922479e-06, 2.13244265979e-06, 1.61858156389e-06, 1.13416604108e-06, 7.87434714766e-07, 6.36724109881e-07]
    },
    "melbands128": {
        "max": [0.000439573195763, 0.00208478490822, 0.00562199624255, 0.00843897182494, 0.00569416768849, 0.00399322248995, 0.00352112483233, 0.00400106189772, 0.00347055122256, 0.00673410436139, 0.00844899006188, 0.0160874109715, 0.0127489445731, 0.022722395137, 0.00728908926249, 0.0102587677538, 0.00980873592198, 0.0087398532778, 0.0103107681498, 0.0162602271885, 0.00737905967981, 0.00733287632465, 0.00472913868725, 0.00347286020406, 0.006829012651, 0.00784422084689, 0.0116343339905, 0.00986702553928, 0.0099927270785, 0.0068206647411, 0.00801133085042, 0.00495148915797, 0.00482898484915, 0.00586360087618, 0.00360708055086, 0.00386185385287, 0.00396464532241, 0.00132563500665, 0.0032214995008, 0.00125428440515, 0.0008409707807, 0.00199422473088, 0.00345681793988, 0.00371413957328, 0.00127021677326, 0.00178860756569, 0.0017202248564, 0.00159778853413, 0.00239663152024, 0.00264571746811, 0.000946347019635, 0.000741730211303, 0.00133254029788, 0.00115673569962, 0.00225816527382, 0.000441328302259, 0.000248823896982, 0.000835859274957, 0.000991832464933, 0.000312897172989, 0.000723416625988, 0.000906680244952, 0.00158252799883, 0.00078715820564, 0.000380537181627, 0.000517936714459, 0.000265740789473, 0.000225962387049, 0.000234431732679, 0.000385129795177, 0.000357829441782, 0.000162315787748, 0.000180722592631, 0.000287568080239, 0.000224452393013, 0.000528515724, 0.000735547044314, 0.000346124841599, 0.000131627981318, 0.000194677093532, 0.0001501498773, 7.33025808586e-05, 7.95612213551e-05, 0.000131565728225, 5.98430960963e-05, 4.24733916589e-05, 4.11225410062e-05, 5.37055857421e-05, 4.37562484876e-05, 4.16591610701e-05, 1.87482019101e-05, 2.40748813667e-05, 2.36805080931e-05, 2.05059932341e-05, 1.34413639898e-05, 1.53285163833e-05, 8.65147103468e-06, 1.17075323942e-05, 9.32773218665e-06, 8.40704251459e-06, 6.63530317979e-06, 1.39259618663e-05, 5.73664874537e-06, 3.50808950316e-05, 5.21672291143e-06, 4.32997876487e-06, 8.25991355669e-06, 1.01572186395e-05, 5.1392739806e-06, 5.09689061801e-06, 2.85957321466e-06, 7.43969849282e-07, 9.43685734001e-08, 2.49522660312e-08, 2.20413731711e-08, 1.82358679268e-08, 1.5148739152e-08, 6.10224892839e-09, 5.88158011183e-09, 5.70017855139e-09, 5.55301138405e-09, 5.42208766774e-09, 5.29065236066e-09, 5.18429477125e-09, 5.10514341912e-09, 5.04339059404e-09, 4.99411800803e-09, 4.96296248542e-09],
        "mean": [2.76980372291e-05, 0.000172577507328, 0.000428452447522, 0.000523729482666, 0.000389188731788, 0.00024860931444, 0.000201311660931, 0.00027088605566, 0.000427662103903, 0.000245537259616, 0.000184509597602, 0.000259672611719, 0.000404170888942, 0.000329411705025, 0.000289455521852, 0.000470547558507, 0.000344727362972, 0.000193285115529, 0.000300230807625, 0.000577846367378, 0.000240901761572, 0.000252433994319, 0.000283688947093, 0.000148560895468, 0.000183553958777, 0.000189053695067, 0.000326727604261, 0.000336372177117, 0.000195770757273, 0.000227108597755, 0.000217099674046, 0.000171282328665, 0.000223649272812, 0.000175187000423, 0.000114471789857, 0.00021676949109, 0.000222166636377, 7.69239777583e-05, 0.000106874795165, 7.99295594334e-05, 5.55574515602e-05, 0.000143526689499, 0.000127572842757, 0.000119830270705, 4.20968535764e-05, 6.39269128442e-05, 8.95495832083e-05, 5.31800615136e-05, 6.96556235198e-05, 8.89908187673e-05, 3.58456381946e-05, 3.51481285179e-05, 3.88941407437e-05, 9.77089439402e-05, 0.000188258723938, 4.06394392485e-05, 3.15063625749e-05, 6.80978264427e-05, 3.64713669114e-05, 2.12112317968e-05, 3.99789569201e-05, 3.95152965211e-05, 6.31111106486e-05, 2.93721659546e-05, 1.71652136487e-05, 2.55249342445e-05, 2.6513782359e-05, 1.64642970049e-05, 1.53396686073e-05, 2.82931941911e-05, 2.15595446207e-05, 1.27897101265e-05, 1.35365808092e-05, 1.89320144273e-05, 9.53003927862e-06, 2.38696648012e-05, 1.16738947327e-05, 1.00911120171e-05, 1.00118759292e-05, 1.0931064935e-05, 8.83230859472e-06, 4.66171695734e-06, 7.58447549742e-06, 6.8821327659e-06, 4.46910280516e-06, 3.6512474253e-06, 2.96914799947e-06, 3.0967028124e-06, 2.70031773653e-06, 2.39209566644e-06, 1.79248695531e-06, 1.52056929892e-06, 1.35952643632e-06, 1.13926614631e-06, 9.7283316336e-07, 9.83708218882e-07, 8.4417575863e-07, 7.14515294931e-07, 7.05560637471e-07, 5.84362453537e-07, 4.71875466701e-07, 5.14320561251e-07, 5.22233790434e-07, 5.82370432767e-07, 4.67106133328e-07, 3.50366150315e-07, 4.57335687543e-07, 3.36795153544e-07, 1.8817034686e-07, 1.24068421314e-07, 3.15883283974e-08, 1.14569962406e-08, 8.56246296088e-10, 2.40789360673e-10, 1.92944535349e-10, 1.73209196985e-10, 7.17961731733e-11, 1.12102722938e-11, 8.5603399369e-12, 8.27769103262e-12, 8.04864768583e-12, 7.83984249048e-12, 7.6386952319e-12, 7.4290773186e-12, 7.17321254479e-12, 6.86876814107e-12, 6.6933524695e-12, 6.63717995494e-12],
        "min": [3.19760982016e-13, 2.38766363451e-13, 3.61489199577e-14, 3.88095351483e-14, 1.72083349089e-14, 1.76385531073e-14, 1.13113237174e-14, 1.43137895471e-14, 9.51599249296e-15, 3.63545185709e-15, 5.60363455399e-15, 4.25821927903e-15, 7.03729795655e-15, 7.1972719871e-15, 5.12303144785e-15, 3.58507923123e-15, 2.8449606884e-15, 3.54809607869e-15, 4.73009794581e-15, 4.42265802025e-15, 3.12379546431e-15, 2.09990076712e-15, 1.21105636777e-15, 8.77624653875e-16, 1.54754772348e-15, 3.07294913528e-15, 3.5926419649e-15, 3.37637391292e-15, 1.9792053484e-15, 5.55838266581e-16, 6.39575255533e-16, 1.48833927343e-15, 2.58908241119e-15, 1.97765739569e-15, 1.01771792118e-15, 2.45246679647e-15, 4.72946605923e-15, 3.98501007244e-15, 1.43237273611e-15, 6.4738802274e-16, 7.78837689396e-16, 3.18168471348e-16, 1.71659570036e-15, 5.10897874774e-15, 6.58580398468e-15, 3.85374071793e-15, 6.54145228077e-16, 1.66671647119e-15, 2.17520051382e-15, 5.3244898699e-16, 1.04802613646e-15, 1.20214918105e-15, 3.85839151114e-16, 7.65859450578e-16, 3.76208624732e-16, 1.27896914014e-15, 1.46739172513e-15, 1.42897920449e-15, 1.19228347068e-15, 2.81359516425e-16, 5.52112592163e-16, 8.84977005736e-16, 6.91909609695e-16, 8.73103986096e-16, 1.34055267057e-15, 1.27104451164e-15, 8.91355640285e-16, 1.85323863189e-15, 1.12101930657e-15, 3.86632503348e-16, 6.2494736711e-16, 7.68713792792e-16, 1.41330496568e-15, 1.43214393134e-15, 2.10502785755e-15, 7.34985787865e-16, 7.33318032932e-16, 6.88731383258e-16, 3.37944017219e-16, 4.13288630198e-16, 6.01769686937e-16, 1.1553649044e-15, 8.43740741947e-16, 3.53551155137e-16, 8.29195650995e-16, 5.04806013817e-16, 1.59734849622e-15, 1.56358046898e-15, 2.09095969909e-15, 2.90497932546e-15, 4.0488670393e-15, 3.24219478847e-15, 3.2009586835e-15, 2.26435496669e-15, 1.7700897485e-15, 1.24005263489e-15, 2.95809739686e-15, 1.99141130493e-15, 8.35322769698e-16, 5.60015833077e-16, 1.77917640032e-15, 1.12582674794e-15, 1.45037515086e-15, 8.52831099536e-16, 6.32523441549e-16, 4.28324047347e-16, 1.03579635713e-15, 2.65833646023e-15, 4.04873109051e-15, 2.10026287371e-15, 6.5940043224e-16, 1.00736781384e-15, 6.28578438537e-16, 8.71096306253e-16, 8.53685385203e-16, 1.44518199186e-15, 4.97061379822e-16, 7.3417570673e-16, 1.30615010978e-15, 2.44053935496e-16, 9.72769164923e-16, 2.68744072406e-15, 9.80071753598e-16, 1.16279274807e-15, 4.97684107857e-16, 2.67238550752e-16, 6.46266948165e-17, 1.68711906629e-17],
        "stdev": [4.40610929218e-05, 0.000261569133727, 0.000642466009595, 0.000793867686298, 0.000565589580219, 0.000356524222298, 0.000303830776829, 0.000345307344105, 0.000472874351544, 0.000358544959454, 0.000478002330055, 0.000730339554138, 0.000809257850051, 0.00111024582293, 0.000576544145588, 0.000836654100567, 0.000760211260058, 0.000598134298343, 0.000605403445661, 0.00100098724943, 0.000483253970742, 0.000537375221029, 0.000493129366077, 0.000296885496937, 0.000458578288089, 0.000533176353201, 0.00079726887634, 0.000741501920857, 0.000499617483001, 0.000563813664485, 0.000651961483527, 0.00043413109961, 0.000488361052703, 0.000503950926941, 0.000293546210742, 0.000372386246454, 0.00032875710167, 0.000120067124953, 0.000188292673556, 0.000125969250803, 8.40071079438e-05, 0.000233160739299, 0.000219027497224, 0.000236542429775, 6.58266071696e-05, 0.000114876951557, 0.00013739480346, 0.00011466761498, 0.000133333203848, 0.000199938862352, 7.54892389523e-05, 6.86568455421e-05, 8.4708990471e-05, 0.000125090300571, 0.000265138602117, 4.77486391901e-05, 3.41741870216e-05, 0.000105532417365, 5.9789581428e-05, 2.99027233268e-05, 5.40012806596e-05, 6.11547075096e-05, 0.000144415811519, 4.75786218885e-05, 2.57157807937e-05, 4.07535662816e-05, 2.86102986138e-05, 1.76167377504e-05, 1.90098944586e-05, 3.80648343707e-05, 2.76300124824e-05, 1.56825481099e-05, 1.64669017977e-05, 2.98859358736e-05, 1.18531033877e-05, 3.61035454262e-05, 3.15932193189e-05, 2.13918592635e-05, 1.4592237676e-05, 1.6017780581e-05, 1.22284845929e-05, 5.28582768311e-06, 8.75625846675e-06, 9.11195729714e-06, 5.6378703448e-06, 3.94178687202e-06, 3.73979332835e-06, 5.38435415365e-06, 3.5646867218e-06, 3.12576275974e-06, 2.41106090471e-06, 2.34334902416e-06, 2.03902891371e-06, 1.77565300419e-06, 1.50762684825e-06, 1.52777624862e-06, 1.12933264518e-06, 9.72429802459e-07, 9.85090423455e-07, 7.834914868e-07, 6.36355821371e-07, 7.96685981186e-07, 7.06077685209e-07, 1.57856266014e-06, 6.24003916982e-07, 4.97269923017e-07, 7.26841790311e-07, 7.20263130916e-07, 3.92683290329e-07, 3.29835501134e-07, 1.4834674289e-07, 6.31257108807e-08, 5.09459452402e-09, 1.36703581788e-09, 1.06147735046e-09, 9.63529478426e-10, 6.21785956056e-10, 1.86529611201e-10, 1.68002556311e-10, 1.62814928206e-10, 1.58604546163e-10, 1.54858487145e-10, 1.51098633605e-10, 1.48038081793e-10, 1.45698994536e-10, 1.43858855384e-10, 1.42440226281e-10, 1.41551284583e-10]
    },
    "mfcc": {
        "mean": [-591.00567627, 95.2839126587, -31.6785049438, 19.1470489502, -11.721575737, 4.60579967499, -5.98529529572, 0.921094357967, -1.04813992977, -2.2385225296, 0.24578730762, 2.75513243675, 0.369909882545],
        "cov": [[2138.89916992, 160.953491211, 155.415649414, 73.9524917603, -11.8554334641, -31.7900295258, 9.01243972778, -33.8203697205, -16.3526287079, 1.27731633186, 22.5150585175, 29.4112510681, 4.7249546051], [160.953491211, 475.010742188, 4.96074819565, 63.4689483643, -22.511888504, 11.1574354172, 34.8038749695, -6.66544532776, -29.857667923, -12.100271225, -22.7474555969, -16.8777923584, 7.69579172134], [155.415649414, 4.96074819565, 533.769104004, 174.999511719, 121.27280426, 21.1676692963, -38.4387016296, -64.0226135254, -12.8321218491, -28.5415744781, 28.626750946, 98.5735397339, 54.7213935852], [73.9524917603, 63.4689483643, 174.999511719, 208.826919556, 82.5861282349, 40.4387702942, -40.9676399231, -43.7166557312, 10.6326179504, -18.7446689606, 14.7384376526, 35.971862793, 30.6761436462], [-11.8554334641, -22.511888504, 121.27280426, 82.5861282349, 146.17640686, 41.6773490906, -20.2900924683, -11.2253875732, 16.3959159851, -2.65761971474, 10.7691297531, 39.2544174194, 16.9217739105], [-31.7900295258, 11.1574354172, 21.1676692963, 40.4387702942, 41.6773490906, 119.825553894, 35.0512809753, 3.99205493927, 24.9479598999, -6.12846899033, -6.27475404739, 20.3812007904, 17.6967315674], [9.01243972778, 34.8038749695, -38.4387016296, -40.9676399231, -20.2900924683, 35.0512809753, 135.214447021, 47.366355896, 3.95298528671, 17.0022163391, 8.56622123718, -6.18645715714, -5.04158449173], [-33.8203697205, -6.66544532776, -64.0226135254, -43.7166557312, -11.2253875732, 3.99205493927, 47.366355896, 122.179222107, 22.4827346802, 30.9121723175, 1.02521753311, -21.0692653656, -16.1632137299], [-16.3526287079, -29.857667923, -12.8321218491, 10.6326179504, 16.3959159851, 24.9479598999, 3.95298528671, 22.4827346802, 96.2107696533, 16.076423645, 4.19785547256, 7.61162424088, 0.964300751686], [1.27731633186, -12.100271225, -28.5415744781, -18.7446689606, -2.65761971474, -6.12846899033, 17.0022163391, 30.9121723175, 16.076423645, 76.4413528442, 23.5610713959, -6.21577358246, 0.468769550323], [22.5150585175, -22.7474555969, 28.626750946, 14.7384376526, 10.7691297531, -6.27475404739, 8.56622123718, 1.02521753311, 4.19785547256, 23.5610713959, 88.5362930298, 38.372089386, 4.68894338608], [29.4112510681, -16.8777923584, 98.5735397339, 35.971862793, 39.2544174194, 20.3812007904, -6.18645715714, -21.0692653656, 7.61162424088, -6.21577358246, 38.372089386, 94.2020263672, 36.2856330872], [4.7249546051, 7.69579172134, 54.7213935852, 30.6761436462, 16.9217739105, 17.6967315674, -5.04158449173, -16.1632137299, 0.964300751686, 0.468769550323, 4.68894338608, 36.2856330872, 76.1611099243]],
        "icov": [[0.000500550551806, -0.000151666419697, -0.000140837873914, -0.000119975928101, 0.000162837910466, 0.00019023110508, -0.000114486203529, 9.41450925893e-05, -3.42535204254e-05, -0.000105575971247, -1.62338910741e-05, -0.000134082816658, 0.000131770662847], [-0.000151666419697, 0.002564919414, 0.000263619673206, -0.00155037932564, 0.000692913657986, 0.000145350612001, -0.00105037982576, -1.49077532114e-05, 0.000829163938761, -2.06800177693e-05, 0.000834102393128, 9.20558522921e-05, -0.000180719187483], [-0.000140837873914, 0.000263619673206, 0.00335611193441, -0.00214413367212, -0.00133287056815, 0.00103041098919, -0.000562125525903, 0.000359793251846, 0.000764432887081, 0.00025007588556, 0.000604421948083, -0.00236690300517, -0.000390534463804], [-0.000119975928101, -0.00155037932564, -0.00214413367212, 0.00965651869774, -0.00281537137926, -0.00256595597602, 0.00265373103321, 0.0011700358009, -0.00135014532134, 0.00122452049982, -0.0025622730609, 0.0022743861191, -0.00145535019692], [0.000162837910466, 0.000692913657986, -0.00133287056815, -0.00281537137926, 0.011013969779, -0.00276675680652, 0.00132927414961, -0.000941024918575, -0.000275225145742, -0.00118237442803, 0.000669070112053, -0.0023569855839, 0.00118807097897], [0.00019023110508, 0.000145350612001, 0.00103041098919, -0.00256595597602, -0.00276675680652, 0.0126680545509, -0.00477288477123, 0.000431421620306, -0.00232683471404, 0.00108841981273, 0.00262993318029, -0.00222134916112, -0.00136734847911], [-0.000114486203529, -0.00105037982576, -0.000562125525903, 0.00265373103321, 0.00132927414961, -0.00477288477123, 0.0111447600648, -0.00331272883341, 0.000763932534028, -0.000634625845123, -0.00218850467354, 0.000632024544757, 0.000124491169117], [9.41450925893e-05, -1.49077532114e-05, 0.000359793251846, 0.0011700358009, -0.000941024918575, 0.000431421620306, -0.00331272883341, 0.0115246651694, -0.00219348119572, -0.00304160639644, 0.00030661013443, 0.00125872634817, 0.00102916359901], [-3.42535204254e-05, 0.000829163938761, 0.000764432887081, -0.00135014532134, -0.000275225145742, -0.00232683471404, 0.000763932534028, -0.00219348119572, 0.0125247398391, -0.00240749237128, 0.000769132864662, -0.00171024608426, 0.000723485660274], [-0.000105575971247, -2.06800177693e-05, 0.00025007588556, 0.00122452049982, -0.00118237442803, 0.00108841981273, -0.000634625845123, -0.00304160639644, -0.00240749237128, 0.0175514109433, -0.00595589913428, 0.00369813689031, -0.00281473994255], [-1.62338910741e-05, 0.000834102393128, 0.000604421948083, -0.0025622730609, 0.000669070112053, 0.00262993318029, -0.00218850467354, 0.00030661013443, 0.000769132864662, -0.00595589913428, 0.0173961017281, -0.00910776760429, 0.0029700815212], [-0.000134082816658, 9.20558522921e-05, -0.00236690300517, 0.0022743861191, -0.0023569855839, -0.00222134916112, 0.000632024544757, 0.00125872634817, -0.00171024608426, 0.00369813689031, -0.00910776760429, 0.0209717936814, -0.00729967001826], [0.000131770662847, -0.000180719187483, -0.000390534463804, -0.00145535019692, 0.00118807097897, -0.00136734847911, 0.000124491169117, 0.00102916359901, 0.000723485660274, -0.00281473994255, 0.0029700815212, -0.00729967001826, 0.0175904370844]]
    },
    "spectral_contrast_coeffs": {
        "max": [-0.380665421486, -0.511510193348, -0.56806230545, -0.613559663296, -0.657594203949, -0.498270899057],
        "mean": [-0.71728605032, -0.741741895676, -0.733776926994, -0.776018619537, -0.762950062752, -0.698989570141],
        "min": [-0.942899465561, -0.953175902367, -0.952027857304, -0.94737559557, -0.949239730835, -0.93781298399],
        "stdev": [0.0692491158843, 0.0650953277946, 0.0616903752089, 0.044984575361, 0.0344959758222, 0.0419009923935]
    },
    "spectral_contrast_valleys": {
        "max": [-5.38127660751, -5.18094921112, -5.43241548538, -5.73921918869, -5.59352779388, -8.4402551651],
        "mean": [-7.10320329666, -6.49700212479, -6.89210319519, -6.99606609344, -6.79509782791, -10.0619134903],
        "min": [-20.0613651276, -19.6028900146, -18.9597454071, -18.752576828, -18.0649585724, -19.2863960266],
        "stdev": [0.970184624195, 0.783726632595, 0.790884435177, 0.741763174534, 0.664715588093, 0.81198400259]
    }
},
"rhythm": {
    "beats_count": 77,
    "beats_loudness": {
        "max": 0.0661145970225,
        "mean": 0.0288057569414,
        "min": 0.00747577380389,
        "stdev": 0.0108006326482
    },
    "bpm": 172.265625,
    "bpm_histogram_first_peak_bpm": 172,
    "bpm_histogram_first_peak_weight": 0,
    "bpm_histogram_second_peak_bpm": 167,
    "bpm_histogram_second_peak_spread": 0,
    "bpm_histogram_second_peak_weight": 0.315789461136,
    "danceability": 1.49172365665,
    "onset_rate": 3.50989460945,
    "beats_loudness_band_ratio": {
        "max": [0.552076637745, 0.798265993595, 0.529694437981, 0.665592551231, 0.52349627018, 0.239106908441],
        "mean": [0.12848366797, 0.143952548504, 0.247309029102, 0.244934275746, 0.186774462461, 0.0980241671205],
        "min": [0.00290870899335, 0.00482558039948, 0.0375293344259, 0.0372937656939, 0.038951318711, 0.0168877057731],
        "stdev": [0.11967369169, 0.132127940655, 0.11907017231, 0.152278617024, 0.103210940957, 0.0409814566374]
    },
