{
"metadata": {
    "version": {
        "essentia": "2.1-beta5",
        "essentia_git_sha": "Undefined",
        "extractor": "music 2.0"
    },
    "audio_properties": {
        "analysis": {
            "equal_loudness": 0,
            "length": 32.4963264465,
            "sample_rate": 44100,
            "start_time": 93.9943771362,
            "downmix": "mix"
        },
        "bit_rate": 192000,
        "length": 212.091079712,
        "lossless": 0,
        "number_channels": 2,
        "replay_gain": -8.27163314819,
        "sample_rate": 48000,
        "codec": "mp3",
        "md5_encoded": "b79e7a03d72eb76cbcec5800d425e2ef"
    },
    "tags": {
        "file_name": "Spain_¿Qué Voy A Hacer Sin Ti_Mikel Herzog.mp3",
        "encoding": ["Lavf58.29.100"]
    }
},
"lowlevel": {
    "average_loudness": 0.822202444077,
    "barkbands_crest": {
        "max": 23.1347675323,
        "mean": 9.25904083252,
        "min": 3.23796343803,
        "stdev": 3.23171830177
    },
    "barkbands_flatness_db": {
        "max": 0.273098319769,
        "mean": 0.159130945802,
        "min": 0.0414804331958,
        "stdev": 0.0349595360458
    },
    "barkbands_kurtosis": {
        "max": 41.6219100952,
        "mean": 4.07725000381,
        "min": -1.65947902203,
        "stdev": 4.64438533783
    },
    "barkbands_skewness": {
        "max": 5.68459320068,
        "mean": 1.66405844688,
        "min": -0.241891533136,
        "stdev": 0.763987779617
    },
    "barkbands_spread": {
        "max": 80.587562561,
        "mean": 16.770357132,
        "min": 2.76681542397,
        "stdev": 9.98487186432
    },
    "dissonance": {
        "max": 0.499864846468,
        "mean": 0.447213768959,
        "min": 0.327081024647,
        "stdev": 0.0288725942373
    },
    "dynamic_complexity": 2.44109463692,
    "erbbands_crest": {
        "max": 28.0007953644,
        "mean": 9.85695838928,
        "min": 2.63979148865,
        "stdev": 4.14675855637
    },
    "erbbands_flatness_db": {
        "max": 0.290085613728,
        "mean": 0.177461758256,
        "min": 0.0602550543845,
        "stdev": 0.0316936001182
    },
    "erbbands_kurtosis": {
        "max": 10.419672966,
        "mean": 0.117355652153,
        "min": -1.63485908508,
        "stdev": 1.39071667194
    },
    "erbbands_skewness": {
        "max": 2.46312189102,
        "mean": 0.562324106693,
        "min": -1.37693357468,
        "stdev": 0.595370471478
    },
    "erbbands_spread": {
        "max": 101.595108032,
        "mean": 36.2700958252,
        "min": 7.9209561348,
        "stdev": 14.0305614471
    },
    "hfc": {
        "max": 91.138092041,
        "mean": 15.265165329,
        "min": 0.579426348209,
        "stdev": 14.6266317368
    },
    "loudness_ebu128": {
        "integrated": -15.7780761719,
        "loudness_range": 5.58634185791,
        "momentary": {
            "max": -11.0437440872,
            "mean": -16.4268913269,
            "min": -24.877117157,
            "stdev": 2.56324791908
        },
        "short_term": {
            "max": -12.8214168549,
            "mean": -16.4840393066,
            "min": -21.983083725,
            "stdev": 2.01252651215
        }
    },
    "melbands_crest": {
        "max": 34.834728241,
        "mean": 12.9509296417,
        "min": 4.78115463257,
        "stdev": 4.27326774597
    },
    "melbands_flatness_db": {
        "max": 0.354559719563,
        "mean": 0.217059925199,
        "min": 0.0779116675258,
        "stdev": 0.0511475764215
    },
    "melbands_kurtosis": {
        "max": 98.3160247803,
        "mean": 10.4944705963,
        "min": -0.663367271423,
        "stdev": 9.64567565918
    },
    "melbands_skewness": {
        "max": 8.22945594788,
        "mean": 2.44677972794,
        "min": 0.0293336790055,
        "stdev": 1.01455926895
    },
    "melbands_spread": {
        "max": 84.3141403198,
        "mean": 17.1577243805,
        "min": 2.37600398064,
        "stdev": 10.112736702
    },
    "pitch_salience": {
        "max": 0.845186710358,
        "mean": 0.553858697414,
        "min": 0.188806802034,
        "stdev": 0.100300818682
    },
    "silence_rate_20dB": {
        "max": 1,
        "mean": 1,
        "min": 1,
        "stdev": 0
    },
    "silence_rate_30dB": {
        "max": 1,
        "mean": 0.999286234379,
        "min": 0,
        "stdev": 0.0267070773989
    },
    "silence_rate_60dB": {
        "max": 1,
        "mean": 0.0185581725091,
        "min": 0,
        "stdev": 0.134960278869
    },
    "spectral_centroid": {
        "max": 3333.17749023,
        "mean": 1005.10223389,
        "min": 304.155578613,
        "stdev": 502.239654541
    },
    "spectral_complexity": {
        "max": 44,
        "mean": 14.8836545944,
        "min": 1,
        "stdev": 6.25635623932
    },
    "spectral_decrease": {
        "max": -1.94456076241e-10,
        "mean": -5.78017012032e-09,
        "min": -4.1542417506e-08,
        "stdev": 3.93231758267e-09
    },
    "spectral_energy": {
        "max": 0.163077682257,
        "mean": 0.023200288415,
        "min": 0.00093067943817,
        "stdev": 0.0158506799489
    },
    "spectral_energyband_high": {
        "max": 0.007826782763,
        "mean": 0.000557327875867,
        "min": 4.05729088016e-06,
        "stdev": 0.000957964046393
    },
    "spectral_energyband_low": {
        "max": 0.0841207876801,
        "mean": 0.00592357525602,
        "min": 8.89431885298e-06,
        "stdev": 0.00765020819381
    },
    "spectral_energyband_middle_high": {
        "max": 0.0365476347506,
        "mean": 0.00365477404557,
        "min": 6.8705281592e-05,
        "stdev": 0.00393404299393
    },
    "spectral_energyband_middle_low": {
        "max": 0.0719154402614,
        "mean": 0.0137551054358,
        "min": 0.000242390640778,
        "stdev": 0.010347450152
    },
    "spectral_entropy": {
        "max": 8.85713577271,
        "mean": 7.27463626862,
        "min": 6.1140294075,
        "stdev": 0.367380827665
    },
    "spectral_flux": {
        "max": 0.293172001839,
        "mean": 0.0715239271522,
        "min": 0.00992220360786,
        "stdev": 0.0386083312333
    },
    "spectral_kurtosis": {
        "max": 22.3415431976,
        "mean": 4.864361763,
        "min": -0.629064798355,
        "stdev": 3.33320760727
    },
    "spectral_rms": {
        "max": 0.0126134920865,
        "mean": 0.00450562685728,
        "min": 0.000952879840042,
        "stdev": 0.00152766797692
    },
    "spectral_rolloff": {
        "max": 12295.4589844,
        "mean": 1067.96435547,
        "min": 64.599609375,
        "stdev": 986.518066406
    },
    "spectral_skewness": {
        "max": 3.44738268852,
        "mean": 1.64445436001,
        "min": 0.292181462049,
        "stdev": 0.563589453697
    },
    "spectral_spread": {
        "max": 19507012,
        "mean": 4114409.75,
        "min": 2330324,
        "stdev": 1092050.75
    },
    "spectral_strongpeak": {
        "max": 8.65894031525,
        "mean": 0.941429138184,
        "min": 0,
        "stdev": 0.991858780384
    },
    "zerocrossingrate": {
        "max": 0.24560546875,
        "mean": 0.0446315556765,
        "min": 0.00927734375,
        "stdev": 0.0230164360255
    },
    "barkbands": {
        "max": [0.00349860498682, 0.0376874506474, 0.0468498691916, 0.014481542632, 0.0397540554404, 0.0280356556177, 0.0299369301647, 0.0647370442748, 0.0345017984509, 0.0248631536961, 0.0161147303879, 0.0116406036541, 0.00905003491789, 0.00729789538309, 0.00714614149183, 0.0100459717214, 0.0107684079558, 0.00552268698812, 0.00352425593883, 0.00839564669877, 0.00395458005369, 0.00201297854073, 0.00193256826606, 0.00249243434519, 0.000520604779013, 0.000848846160807, 2.6892889764e-06],
        "mean": [0.000143413621117, 0.0028157455381, 0.00251655443572, 0.00125087599736, 0.00381722464226, 0.00210231216624, 0.00216023880057, 0.00332885817625, 0.000656298943795, 0.000885319837835, 0.000331080897013, 0.000314506556606, 0.000318646081723, 0.00042997620767, 0.000348106172169, 0.000334297277732, 0.000401894038077, 0.000197947476408, 0.000145708138007, 0.000265299022431, 0.000135773589136, 0.000180524933967, 5.63470239285e-05, 4.14646347053e-05, 1.39172161653e-05, 7.94518291514e-06, 2.55195207188e-08],
        "min": [3.43026549388e-08, 1.7762514517e-06, 1.57815736657e-06, 3.02507316974e-07, 2.065947956e-05, 6.44444889986e-06, 8.80714765117e-07, 3.1366996609e-06, 1.14132319595e-06, 1.86478496289e-06, 4.12761835378e-07, 1.20094443901e-06, 2.05951749876e-07, 5.91407854245e-07, 3.94300343487e-07, 1.68362521435e-06, 1.5583888171e-06, 9.83038148661e-07, 8.59060719449e-07, 9.53139647208e-07, 8.78288119566e-07, 5.9279608422e-07, 4.25409211857e-07, 2.85689111479e-07, 1.84255455338e-07, 8.3734069678e-10, 2.67638480822e-11],
        "stdev": [0.000437126582256, 0.00463764043525, 0.00340378005058, 0.00149742339272, 0.00349887670018, 0.0027683172375, 0.00313135259785, 0.00650216313079, 0.00199116324075, 0.00207051634789, 0.000861145323142, 0.000742766365875, 0.000662670237944, 0.000837191881146, 0.000570760399569, 0.00081276288256, 0.00097936228849, 0.000481285038404, 0.000294430210488, 0.000620306585915, 0.000311193027301, 0.000291237462079, 0.00012436263205, 0.000123891688418, 3.39824619005e-05, 4.01221986976e-05, 1.27005719719e-07]
    },
    "erbbands": {
        "max": [1.14218521118, 10.2902526855, 51.0927848816, 45.6803398132, 113.889060974, 126.036476135, 390.345031738, 325.032562256, 433.969207764, 1084.71105957, 1070.39343262, 528.892700195, 1256.26086426, 528.333618164, 531.159057617, 606.890869141, 481.362731934, 366.022399902, 335.421112061, 666.42791748, 348.752441406, 648.020141602, 333.129516602, 150.963485718, 246.4165802, 478.398223877, 207.601699829, 129.163894653, 76.1624832153, 40.0485649109, 55.1534461975, 65.2424468994, 30.6680908203, 9.29986858368, 3.60303115845, 4.07231807709, 1.48701584339, 0.11914832145, 0.00220506754704, 0.00018816710508],
        "mean": [0.0564680024981, 0.724153578281, 2.98331713676, 3.21700191498, 8.42796802521, 12.3822307587, 19.1893138885, 15.4606542587, 27.1385917664, 58.6560211182, 52.1276817322, 17.8783073425, 26.3006534576, 18.4132633209, 15.6893663406, 15.2120723724, 16.6198368073, 22.7043743134, 17.867483139, 19.6142368317, 17.3937778473, 19.8398799896, 13.6314153671, 6.11220932007, 9.60266590118, 13.3081712723, 6.59560203552, 5.74665117264, 7.05281925201, 3.16567063332, 1.60719048977, 1.04220640659, 0.573529481888, 0.189855128527, 0.0854112580419, 0.0459335148335, 0.0133448569104, 0.00071930460399, 2.96175221592e-05, 2.8466585718e-05],
        "min": [7.74134896346e-05, 0.000328760041157, 0.00225683464669, 0.00130291632377, 0.00764788873494, 0.0754418969154, 0.0504013299942, 0.110458813608, 0.0510899014771, 0.108304977417, 0.0490411520004, 0.0590295307338, 0.0860805884004, 0.0893452987075, 0.0804644599557, 0.09939712286, 0.051352519542, 0.0539349578321, 0.0379834622145, 0.0624363683164, 0.143248707056, 0.0887371152639, 0.0752632990479, 0.0749357566237, 0.0492138676345, 0.0581463836133, 0.050154928118, 0.0338747017086, 0.0188860427588, 0.0193648841232, 0.0163748841733, 0.00826727226377, 0.00356853054836, 0.00210150610656, 0.000522362533957, 7.0106536441e-05, 5.83001474297e-06, 1.56447424615e-06, 1.38669804528e-06, 1.36553944685e-06],
        "stdev": [0.141199871898, 1.1539965868, 3.97150325775, 3.70509195328, 9.55191802979, 12.7054109573, 23.5449771881, 24.7235660553, 37.8962059021, 107.188522339, 118.353340149, 43.6597671509, 73.4747390747, 40.3931884766, 32.9035568237, 33.7984466553, 33.1047821045, 39.549041748, 30.3372745514, 44.1576843262, 32.3972358704, 48.8629684448, 30.6194534302, 10.3939828873, 21.5864887238, 32.0876922607, 17.186756134, 11.0387477875, 11.6989498138, 5.12394094467, 3.64356446266, 3.14309644699, 1.67942726612, 0.518266320229, 0.21642395854, 0.189164564013, 0.0775485411286, 0.00551868602633, 0.000104336089862, 1.99012210942e-05]
    },
    "gfcc": {
        "mean": [-19.1732368469, 122.220542908, -124.70136261, 40.1728286743, -68.1110305786, 9.94783687592, -44.257610321, 1.03671705723, -16.9841499329, -1.31112241745, -12.851565361, -6.46825933456, -5.93556642532],
        "cov": [[2361.32373047, -669.53338623, -348.697479248, 212.816925049, -312.591278076, 12.6187992096, 80.0708007812, 83.1084747314, 70.6606445312, 180.443832397, -126.09715271, -49.4762763977, -193.389938354], [-669.53338623, 744.340942383, 35.3332214355, -139.095901489, 210.825332642, -57.804397583, -24.7851428986, -111.05997467, 84.5223007202, -86.1177597046, 143.272842407, -105.796707153, 65.3984985352], [-348.697479248, 35.3332214355, 478.225952148, 18.626411438, 178.757949829, 79.9600219727, -52.7210159302, 72.3500442505, -75.2847747803, 38.3120002747, -35.4054450989, 71.0291748047, -4.66003370285], [212.816925049, -139.095901489, 18.626411438, 349.993682861, -1.73346352577, -24.5539951324, 18.4443969727, 11.0645093918, 58.283164978, -32.4147033691, -19.5949897766, 23.7355308533, 32.5627098083], [-312.591278076, 210.825332642, 178.757949829, -1.73346352577, 282.191131592, 24.2880687714, -41.6625213623, 17.4170570374, -10.6457118988, 13.8348064423, 19.0236797333, 20.5559921265, 11.0025205612], [12.6187992096, -57.804397583, 79.9600219727, -24.5539951324, 24.2880687714, 166.210372925, 58.5511169434, 26.251914978, -33.9048080444, 28.8685016632, -6.77725076675, 1.33613777161, -17.8797969818], [80.0708007812, -24.7851428986, -52.7210159302, 18.4443969727, -41.6625213623, 58.5511169434, 188.529953003, 19.3851470947, -11.9113674164, 4.49452161789, 5.01215171814, -4.57381534576, -12.4810352325], [83.1084747314, -111.05997467, 72.3500442505, 11.0645093918, 17.4170570374, 26.251914978, 19.3851470947, 111.329299927, -2.00266385078, 45.1455459595, -34.0397377014, 31.6585769653, -18.4189796448], [70.6606445312, 84.5223007202, -75.2847747803, 58.283164978, -10.6457118988, -33.9048080444, -11.9113674164, -2.00266385078, 179.323883057, 9.62745094299, 23.9107475281, -49.8492927551, 0.631522893906], [180.443832397, -86.1177597046, 38.3120002747, -32.4147033691, 13.8348064423, 28.8685016632, 4.49452161789, 45.1455459595, 9.62745094299, 123.031929016, -0.661348342896, -3.07139396667, -53.6439628601], [-126.09715271, 143.272842407, -35.4054450989, -19.5949897766, 19.0236797333, -6.77725076675, 5.01215171814, -34.0397377014, 23.9107475281, -0.661348342896, 88.9382171631, -17.0443210602, 15.0301418304], [-49.4762763977, -105.796707153, 71.0291748047, 23.7355308533, 20.5559921265, 1.33613777161, -4.57381534576, 31.6585769653, -49.8492927551, -3.07139396667, -17.0443210602, 123.469139099, 25.3075809479], [-193.389938354, 65.3984985352, -4.66003370285, 32.5627098083, 11.0025205612, -17.8797969818, -12.4810352325, -18.4189796448, 0.631522893906, -53.6439628601, 15.0301418304, 25.3075809479, 92.6448287964]],
        "icov": [[0.000947850116063, -0.00012529209198, 0.00089571805438, -0.000919354031794, 0.000618716410827, -0.000374276190996, 0.000301812426187, -0.000232078935369, 0.000214972751564, -0.00131575099658, 0.00109722046182, -0.000173774024006, 0.00139015575405], [-0.00012529209198, 0.00797582790256, -0.00265382160433, 0.00426555098966, -0.00551695469767, 0.00364997750148, -0.0029510371387, 0.00309212575667, -0.00369183393195, 0.00552504183725, -0.00770367635414, 0.00567052001134, -0.00302253570408], [0.00089571805438, -0.00265382160433, 0.00549145974219, -0.00268006371334, 0.000382190803066, -0.00306560262106, 0.00258976384066, -0.00260868039913, 0.00250389659777, -0.0032628714107, 0.00404362566769, -0.00282091810368, 0.00236273696646], [-0.000919354031794, 0.00426555098966, -0.00268006371334, 0.0065572024323, -0.00336386472918, 0.00276467693038, -0.00267913751304, 0.00194252526853, -0.0038324072957, 0.00476767960936, -0.00385728827678, 0.00228191167116, -0.00362218520604], [0.000618716410827, -0.00551695469767, 0.000382190803066, -0.00336386472918, 0.00913245603442, -0.00285082659684, 0.00282459147274, -0.00250661885366, 0.00238996418193, -0.00453509809449, 0.00406412174925, -0.00387174682692, 0.00239100400358], [-0.000374276190996, 0.00364997750148, -0.00306560262106, 0.00276467693038, -0.00285082659684, 0.0101071484387, -0.00443098787218, 0.00128931750078, -0.00087988760788, 0.0017145551974, -0.00361644802615, 0.00366841303185, -0.00195178273134], [0.000301812426187, -0.0029510371387, 0.00258976384066, -0.00267913751304, 0.00282459147274, -0.00443098787218, 0.00838287081569, -0.00335173634812, 0.00239915354177, -0.00152983888984, 0.00146778195631, -0.00200700620189, 0.00246541085653], [-0.000232078935369, 0.00309212575667, -0.00260868039913, 0.00194252526853, -0.00250661885366, 0.00128931750078, -0.00335173634812, 0.0159266125411, -0.00344266020693, -0.00236762687564, 0.00199753162451, -0.000959848519415, -0.00162910739891], [0.000214972751564, -0.00369183393195, 0.00250389659777, -0.0038324072957, 0.00238996418193, -0.00087988760788, 0.00239915354177, -0.00344266020693, 0.0098044257611, -0.00392011739314, 0.00169111485593, 0.000710553780664, 0.000907758367248], [-0.00131575099658, 0.00552504183725, -0.0032628714107, 0.00476767960936, -0.00453509809449, 0.0017145551974, -0.00152983888984, -0.00236762687564, -0.00392011739314, 0.0190434511751, -0.00946859735996, 0.00334514002316, 0.00338187115267], [0.00109722046182, -0.00770367635414, 0.00404362566769, -0.00385728827678, 0.00406412174925, -0.00361644802615, 0.00146778195631, 0.00199753162451, 0.00169111485593, -0.00946859735996, 0.0238413605839, -0.00526226591319, 0.000777351553552], [-0.000173774024006, 0.00567052001134, -0.00282091810368, 0.00228191167116, -0.00387174682692, 0.00366841303185, -0.00200700620189, -0.000959848519415, 0.000710553780664, 0.00334514002316, -0.00526226591319, 0.0157470703125, -0.00611874135211], [0.00139015575405, -0.00302253570408, 0.00236273696646, -0.00362218520604, 0.00239100400358, -0.00195178273134, 0.00246541085653, -0.00162910739891, 0.000907758367248, 0.00338187115267, 0.000777351553552, -0.00611874135211, 0.0200663153082]]
    },
    "melbands": {
        "max": [0.00921957846731, 0.0216662380844, 0.00676520494744, 0.00823886692524, 0.0120034934953, 0.00661686761305, 0.00676183495671, 0.0137266749516, 0.00841094926, 0.0031960522756, 0.00615883758292, 0.00247394712642, 0.00247121718712, 0.00115854712203, 0.00105401466135, 0.000674121023621, 0.000831082288641, 0.000563403533306, 0.000526478863321, 0.000775652239099, 0.000552283134311, 0.000901284161955, 0.000405832222896, 0.00019256187079, 0.000125821461552, 0.000196746215806, 0.000304477114696, 0.000282862980384, 0.000151121479576, 0.000118185067549, 5.68410287087e-05, 5.32526210009e-05, 3.24019747495e-05, 2.58786440099e-05, 3.30053298967e-05, 3.24070533679e-05, 4.25824582635e-05, 2.50784469245e-05, 1.20676695587e-05, 6.64212939228e-06],
        "mean": [0.000630434777122, 0.00132644025143, 0.000738866336178, 0.00074305938324, 0.000672333873808, 0.000357026176061, 0.000419834104832, 0.00068903376814, 0.000372585520381, 9.54005445237e-05, 0.000129976237076, 7.47708472773e-05, 4.91826540383e-05, 3.9460730477e-05, 3.87209693145e-05, 3.06566435029e-05, 4.43049430032e-05, 2.73103087238e-05, 2.41840843955e-05, 2.85629139398e-05, 1.92213992705e-05, 2.15092841245e-05, 1.87108362297e-05, 7.74412637838e-06, 4.29970850746e-06, 5.82744178246e-06, 8.63836703502e-06, 8.74595843925e-06, 4.31938087786e-06, 3.24392317452e-06, 3.37107462656e-06, 4.20573996962e-06, 3.11064263769e-06, 1.24998018691e-06, 9.62494823398e-07, 6.71962880006e-07, 6.4187196358e-07, 4.71570388072e-07, 2.16218111859e-07, 1.35760927833e-07],
        "min": [7.75918806539e-07, 8.72980081112e-07, 2.66229619683e-07, 4.57660325992e-06, 2.58205864156e-06, 1.04141349766e-06, 4.16553262994e-07, 5.81971562497e-07, 2.63621558361e-07, 2.62458144107e-07, 2.83024348846e-07, 2.03040968927e-07, 6.54997975857e-08, 1.71255479131e-07, 6.72769928656e-08, 2.7157467386e-08, 6.14909865249e-08, 6.05231917916e-08, 3.49744375683e-08, 9.77207861297e-08, 1.43835421795e-07, 7.48593933508e-08, 5.3648953724e-08, 7.22806348108e-08, 5.43298668276e-08, 2.42688784624e-08, 2.29913670324e-08, 3.11503995931e-08, 2.86996240106e-08, 1.53036907591e-08, 1.34323485668e-08, 9.65839141998e-09, 1.19876704119e-08, 9.53373646695e-09, 4.14190592934e-09, 5.33966115768e-09, 3.39934902449e-09, 2.21891527374e-09, 1.44156286908e-09, 1.32169197808e-09],
        "stdev": [0.00119579362217, 0.00176472193561, 0.00073562306352, 0.000706137274392, 0.000759436399676, 0.000532281643245, 0.000591348216403, 0.00129404326435, 0.000913499796297, 0.000255037506577, 0.000368932902347, 0.000176026995177, 0.000125957260025, 7.96703607193e-05, 7.62923300499e-05, 5.36799561814e-05, 8.22158690426e-05, 5.31792793481e-05, 4.77270041301e-05, 7.08504594513e-05, 4.06025283155e-05, 6.05528366577e-05, 4.29558822361e-05, 1.63502554642e-05, 8.48437503009e-06, 1.37098504638e-05, 2.16231346712e-05, 2.12971572182e-05, 1.27164257719e-05, 8.23246136861e-06, 6.30590102446e-06, 7.19919580661e-06, 5.21513447893e-06, 2.2789686227e-06, 2.15961404137e-06, 1.98861289391e-06, 1.91055050891e-06, 1.31429180783e-06, 7.21127662473e-07, 3.60543822353e-07]
    },
    "melbands128": {
        "max": [0.00349796260707, 0.0096723344177, 0.0146766547114, 0.019676014781, 0.0282015837729, 0.0206488333642, 0.0106286266819, 0.00599451037124, 0.0143135534599, 0.0115329343826, 0.00782952550799, 0.0185465719551, 0.0185256414115, 0.00715548731387, 0.00997603032738, 0.0111390203238, 0.00887160468847, 0.0126429181546, 0.00967708509415, 0.0190534107387, 0.0269182678312, 0.0135693307966, 0.016325943172, 0.0142850391567, 0.00614224746823, 0.00461200578138, 0.00941441208124, 0.00922074448317, 0.0068915495649, 0.00580844609067, 0.00311982003041, 0.00289054494351, 0.00482337083668, 0.00141698739026, 0.00320463092066, 0.00196305499412, 0.00358132272959, 0.000600911735091, 0.00203757267445, 0.00158799195196, 0.000403668207582, 0.00145353400148, 0.00110733008478, 0.00175907358062, 0.0014739545295, 0.00100011366885, 0.00169259216636, 0.00103962712456, 0.000984219717793, 0.00252120941877, 0.00131612457335, 0.00078145286534, 0.000275323778624, 0.00121587363537, 0.00168064900208, 0.0017687168438, 0.000868999341037, 0.000780376256444, 0.000894627184607, 0.000756096444093, 0.000152870459715, 0.000160952738952, 0.000161806499818, 0.000102319558209, 0.000133124718559, 0.000171631283592, 0.000524238217622, 0.000488662277348, 0.000383653707104, 0.00109784677625, 0.000304726389004, 0.000330994225806, 0.000296757440083, 0.000176683010068, 0.000256997853285, 0.000217149659875, 7.61526607675e-05, 0.000138889285154, 7.15863861842e-05, 6.04637170909e-05, 7.50818144297e-05, 6.14297241555e-05, 6.61587182549e-05, 4.28654966527e-05, 3.69530425814e-05, 2.81763586827e-05, 3.64265761164e-05, 5.20977519045e-05, 2.83584067802e-05, 3.18184829666e-05, 3.27079906128e-05, 3.05930880131e-05, 4.6234948968e-05, 6.28839552519e-05, 2.31113808695e-05, 3.83063779736e-05, 2.99867751892e-05, 2.51729870797e-05, 1.57059057528e-05, 1.03776665128e-05, 7.61579349273e-06, 8.8192655312e-06, 6.71770067129e-06, 3.47720265381e-06, 3.61144293493e-06, 4.14678333982e-06, 4.47675074611e-06, 1.1596328477e-05, 8.88100748853e-06, 8.1334319475e-06, 3.81498193747e-06, 4.29179044659e-06, 5.95280516791e-06, 7.57433508625e-06, 2.72562897408e-06, 3.59513052217e-07, 8.87467663802e-08, 1.11678462034e-08, 1.0731614708e-08, 1.03440083166e-08, 1.00051078533e-08, 9.71187574805e-09, 9.44928757463e-09, 9.23024146005e-09, 9.05192010237e-09, 8.90861695524e-09, 8.80757689004e-09, 8.74404992857e-09],
        "mean": [0.000126532511786, 0.000409897067584, 0.000655156443827, 0.00138718669768, 0.00172336795367, 0.00105345842894, 0.000542701454833, 0.000718332885299, 0.000929836300202, 0.000693917681929, 0.000644398387522, 0.000792836886831, 0.00071806187043, 0.000493709172588, 0.000337246921845, 0.000286832859274, 0.000329443719238, 0.000531369179953, 0.000381715246476, 0.000707238563336, 0.000910001108423, 0.00044842902571, 0.000401206722017, 0.000122705823742, 0.00010020051559, 6.41897349851e-05, 0.00010742226732, 0.000191321203602, 7.84740914241e-05, 0.000108539250505, 6.05679124419e-05, 3.14329190587e-05, 5.42173074791e-05, 6.47094784654e-05, 2.72193883575e-05, 3.52735041815e-05, 5.53717727598e-05, 1.44252198879e-05, 6.02101135883e-05, 3.54580479325e-05, 1.15258262667e-05, 4.21457843913e-05, 4.43545759481e-05, 5.88316179346e-05, 1.58511975314e-05, 2.22328908421e-05, 3.91230896639e-05, 1.8455875761e-05, 1.75147542905e-05, 3.45288499375e-05, 3.11306903313e-05, 2.49357362918e-05, 1.18804491649e-05, 1.85871012945e-05, 3.10174182232e-05, 1.92339994101e-05, 1.39484964166e-05, 2.78206134681e-05, 1.63391450769e-05, 1.05652707134e-05, 8.14573013486e-06, 4.4999351303e-06, 5.27879046786e-06, 3.89633578379e-06, 3.16451519211e-06, 5.59435829928e-06, 7.82700863056e-06, 7.19817944628e-06, 7.3675355452e-06, 1.33985786306e-05, 8.86629459274e-06, 7.03674641045e-06, 5.57067278351e-06, 3.45686567016e-06, 3.33397997565e-06, 3.39401276506e-06, 3.10289715344e-06, 2.95751124213e-06, 3.30090210809e-06, 3.89445767723e-06, 4.23910978498e-06, 4.21455524702e-06, 4.4554840315e-06, 3.1258814488e-06, 2.02275441552e-06, 1.2437968735e-06, 1.07046525955e-06, 9.87295948107e-07, 1.00140084669e-06, 9.25874758195e-07, 7.4197049571e-07, 5.5820697753e-07, 6.04150329764e-07, 6.68619122735e-07, 6.58020212541e-07, 5.98032215748e-07, 4.43500738356e-07, 2.78885153193e-07, 2.06931375146e-07, 1.96755792103e-07, 1.48410151724e-07, 1.24519246469e-07, 1.20514314972e-07, 1.07423026918e-07, 8.86917703724e-08, 8.51274108982e-08, 8.08996460933e-08, 8.68307594715e-08, 8.6450704373e-08, 7.64517551488e-08, 6.00926384209e-08, 4.94402243589e-08, 4.99865713266e-08, 2.703478863e-08, 1.05683062301e-08, 2.26509544454e-09, 8.56315462983e-10, 3.4137446342e-11, 4.04417506428e-11, 2.28515262268e-11, 1.83238112184e-11, 1.75860576102e-11, 1.70046893233e-11, 1.6624101401e-11, 1.62794222547e-11, 1.59747198109e-11, 1.57654930777e-11, 1.56516414412e-11],
        "min": [1.25441488308e-08, 1.67059837963e-07, 1.11097797628e-07, 1.61517320407e-07, 2.74207621942e-07, 6.80368657413e-07, 1.71407407379e-07, 2.12680049572e-07, 2.9887570463e-07, 1.02712897387e-06, 1.75045443029e-06, 3.4699569369e-06, 1.10983160084e-06, 8.87660078774e-08, 4.24535585353e-07, 1.89290943808e-07, 2.20628692205e-07, 4.73518539934e-08, 4.95833312186e-08, 1.29056161313e-07, 2.74698038538e-07, 8.64038725013e-08, 1.96080431891e-08, 2.32505996678e-08, 6.15282900185e-08, 1.8962566628e-08, 4.3729674104e-08, 2.52915498322e-07, 5.15266656009e-08, 3.17681738693e-08, 3.53598039737e-08, 5.67764431025e-08, 5.01182775281e-08, 2.6848107737e-08, 2.66186219733e-08, 5.78649625993e-08, 1.4747918442e-08, 1.36111317772e-08, 2.99744300492e-08, 1.71161236295e-08, 5.66625235621e-09, 7.1883135e-09, 4.18558769866e-08, 4.82869424445e-08, 1.27012702578e-08, 7.41694750062e-09, 5.78236480919e-09, 7.46135064844e-09, 3.49947057998e-08, 2.02902530333e-08, 4.17943404329e-08, 5.58139419127e-08, 5.61707302893e-08, 2.19888853792e-08, 7.60256355647e-08, 2.49881644265e-08, 3.31529292907e-08, 3.09951744271e-08, 4.80392010616e-08, 2.31629133651e-08, 3.74261190927e-08, 3.7550929477e-08, 2.02418544148e-08, 2.81992331708e-08, 6.42414832441e-09, 6.80024037081e-09, 1.01721484569e-08, 2.12014628076e-09, 5.97014215842e-09, 1.49606833588e-08, 1.74554593002e-08, 7.3208838991e-09, 2.83722680905e-08, 1.02608392893e-08, 5.0671644658e-09, 8.98310492659e-09, 1.08871951454e-08, 6.84092382741e-09, 1.25518555549e-08, 8.57910897878e-09, 5.00388130931e-09, 4.34069225008e-09, 8.31583868433e-09, 9.53297440986e-09, 9.10604303073e-09, 4.00998523276e-09, 1.33257138657e-09, 4.63983906851e-10, 3.54294454885e-10, 7.37164640441e-09, 4.74165995357e-09, 2.05160666233e-09, 4.15463929926e-09, 3.36546679414e-09, 2.07227915383e-10, 1.89866811162e-09, 1.2375798164e-09, 6.23830764823e-10, 2.41535569323e-10, 1.04088804243e-09, 4.17679307807e-10, 2.95695939956e-10, 4.77621053818e-10, 3.97152394305e-10, 2.44976483543e-10, 3.49500116348e-12, 5.771875599e-12, 5.45778136227e-12, 2.19992318633e-13, 1.47038617718e-13, 1.22449007314e-13, 1.20558118068e-13, 9.86019534251e-14, 9.45400577485e-14, 9.80984228311e-14, 1.07114092444e-13, 8.43506579688e-14, 9.57352551184e-14, 8.36691284832e-14, 9.00284485633e-14, 7.91896387874e-14, 8.03779108159e-14, 8.10680732613e-14, 8.14306033627e-14, 5.91945722582e-14, 2.49779326589e-14, 3.67405496014e-15, 1.25337662197e-16],
        "stdev": [0.000407627521781, 0.00128465821035, 0.00161364709493, 0.00220860890113, 0.00239029456861, 0.00146782863885, 0.000788730976637, 0.000886070134584, 0.00122985523194, 0.000939839752391, 0.000809633464087, 0.00109747052193, 0.00108303700108, 0.000822159345262, 0.000785991083831, 0.000631317263469, 0.000561703927815, 0.00103432754986, 0.000706128776073, 0.00155966333114, 0.00221416796558, 0.00120333197992, 0.00142264261376, 0.000633157382254, 0.000367689499399, 0.000255521590589, 0.000392258545617, 0.000656445045024, 0.000283279485302, 0.000304604589473, 0.000199417365366, 0.000135871581733, 0.000217799606617, 0.000144421122968, 0.000115402915981, 0.000102701240394, 0.000177260182681, 3.57563876605e-05, 0.000161645788467, 9.05264241737e-05, 2.80347321677e-05, 0.00012297934154, 9.34748386499e-05, 0.000157265079906, 9.63622151176e-05, 4.84521624458e-05, 8.9029505034e-05, 6.71664238325e-05, 4.93899351568e-05, 0.000137646653457, 0.000101268509752, 7.68583995523e-05, 2.35672087001e-05, 6.69951259624e-05, 0.000111807312351, 8.96117853699e-05, 3.76922143914e-05, 7.35899157007e-05, 5.92083306401e-05, 4.10519642173e-05, 1.75190762093e-05, 1.09176080514e-05, 1.21687089631e-05, 8.12851612864e-06, 7.72951716499e-06, 1.52277689267e-05, 3.10567520501e-05, 2.26096490223e-05, 2.58304953604e-05, 5.15036263096e-05, 2.5171910238e-05, 2.4325448976e-05, 2.29777033383e-05, 1.05764484033e-05, 1.29684794956e-05, 1.18297366498e-05, 7.17694047125e-06, 8.18442458694e-06, 7.15423311703e-06, 7.77419973019e-06, 8.54870540934e-06, 7.77492459747e-06, 8.23911886982e-06, 5.90987565374e-06, 3.80537471756e-06, 2.38158963839e-06, 2.50531729762e-06, 2.45875207838e-06, 2.29523084272e-06, 2.35171569329e-06, 2.19525122702e-06, 1.77503420673e-06, 2.34667481891e-06, 2.39742166741e-06, 1.55639111199e-06, 1.60890544976e-06, 1.43705619848e-06, 1.08900724172e-06, 8.28303143408e-07, 6.00645137183e-07, 3.83236908874e-07, 4.0034043991e-07, 3.42589174807e-07, 2.47435110623e-07, 2.25423093525e-07, 2.62037417542e-07, 2.49259699103e-07, 4.00936869482e-07, 3.88804636486e-07, 3.79091602554e-07, 2.45548477551e-07, 2.55473423749e-07, 3.1692917446e-07, 2.96501980301e-07, 1.1455038873e-07, 1.68093059472e-08, 3.71160790991e-09, 4.25075113997e-10, 4.25089491385e-10, 3.91544713318e-10, 3.77510939176e-10, 3.66295521692e-10, 3.56346230301e-10, 3.48097523029e-10, 3.41314115859e-10, 3.36004529755e-10, 3.32139898918e-10, 3.29755167616e-10]
    },
    "mfcc": {
        "mean": [-655.21862793, 138.512283325, 3.58775043488, 27.1918392181, 1.60467267036, 6.28312635422, -12.5369005203, -1.27641952038, -2.7717590332, -0.257004141808, -3.06875920296, -0.183188825846, 0.149095058441],
        "cov": [[2844.51757812, -881.59185791, -234.373657227, 34.4026374817, -411.537994385, 47.057674408, -145.773544312, -42.0007324219, 24.0921516418, 137.992660522, 194.410690308, 74.8004150391, -53.6914634705], [-881.59185791, 847.025512695, -48.876663208, -116.508865356, 208.009017944, -22.245262146, 53.6001777649, -67.6335067749, -68.4369430542, 6.05857229233, 30.2629985809, -74.8497009277, 40.4682922363], [-234.373657227, -48.876663208, 271.83303833, 33.6911506653, 74.6857528687, 25.4023628235, 38.8649177551, 32.1608467102, 27.2269020081, -12.9042539597, -23.4175338745, 5.9783616066, -1.53737187386], [34.4026374817, -116.508865356, 33.6911506653, 290.013092041, 69.8094100952, 0.876318156719, -38.192035675, 42.499256134, 48.3325881958, -43.7770271301, -55.0753555298, 67.2743835449, 28.5798778534], [-411.537994385, 208.009017944, 74.6857528687, 69.8094100952, 321.800628662, 3.18972206116, -17.9788513184, -19.5024871826, 18.7945137024, -32.9568519592, -25.7608699799, 20.1316413879, 35.9115066528], [47.057674408, -22.245262146, 25.4023628235, 0.876318156719, 3.18972206116, 113.314529419, 49.1504898071, 21.6895046234, 1.92604541779, 28.9538192749, 14.5633478165, -3.00932383537, -4.7789106369], [-145.773544312, 53.6001777649, 38.8649177551, -38.192035675, -17.9788513184, 49.1504898071, 197.036987305, 29.9604434967, -18.4344177246, 21.2140522003, 1.70443582535, -40.4072608948, -1.5618121624], [-42.0007324219, -67.6335067749, 32.1608467102, 42.499256134, -19.5024871826, 21.6895046234, 29.9604434967, 114.962913513, 41.4302635193, -19.8709774017, -36.7892036438, 13.3549718857, -0.257445037365], [24.0921516418, -68.4369430542, 27.2269020081, 48.3325881958, 18.7945137024, 1.92604541779, -18.4344177246, 41.4302635193, 94.8329925537, 9.58916854858, -9.78782463074, 26.0603847504, -0.539976000786], [137.992660522, 6.05857229233, -12.9042539597, -43.7770271301, -32.9568519592, 28.9538192749, 21.2140522003, -19.8709774017, 9.58916854858, 122.312889099, 78.7162322998, -22.1135158539, -10.8903093338], [194.410690308, 30.2629985809, -23.4175338745, -55.0753555298, -25.7608699799, 14.5633478165, 1.70443582535, -36.7892036438, -9.78782463074, 78.7162322998, 140.89503479, 4.65232133865, -1.74604594707], [74.8004150391, -74.8497009277, 5.9783616066, 67.2743835449, 20.1316413879, -3.00932383537, -40.4072608948, 13.3549718857, 26.0603847504, -22.1135158539, 4.65232133865, 114.230354309, 27.7119846344], [-53.6914634705, 40.4682922363, -1.53737187386, 28.5798778534, 35.9115066528, -4.7789106369, -1.5618121624, -0.257445037365, -0.539976000786, -10.8903093338, -1.74604594707, 27.7119846344, 77.2503585815]],
        "icov": [[0.000803389470093, 0.000810331199318, 0.00061400688719, -0.000156039444846, 0.000345494539943, -0.000377806107281, 0.00033813083428, 0.000341796985595, 1.8571567125e-05, -0.000101912788523, -0.000999833107926, 0.000101213678136, -4.53211869171e-05], [0.000810331199318, 0.00278757908382, 0.00122843077406, 0.000535083992872, -0.00129949173424, 0.000168205922819, -0.000183559212019, 0.00029385482776, 0.000810395576991, -5.18015876878e-05, -0.00144287280273, 0.00113274203613, -0.000899434729945], [0.00061400688719, 0.00122843077406, 0.00500108208507, 1.02256690298e-05, -0.00128000567202, -0.000626881665085, -0.000800668669399, -0.000335158401867, -0.000610719958786, 0.000237308515352, -0.000701191660482, 0.000229296289035, 0.000349008972989], [-0.000156039444846, 0.000535083992872, 1.02256690298e-05, 0.00511904573068, -0.00128291721921, -0.000106066720036, 0.000302822474623, -0.000881917250808, -0.000871641095728, 0.000131491207867, 0.00155560567509, -0.00171938468702, -0.00102500955109], [0.000345494539943, -0.00129949173424, -0.00128000567202, -0.00128291721921, 0.00549055915326, -0.00126132194418, 0.000748626072891, 0.00205996609293, -0.00181478029117, 0.00100829778239, 6.27618355793e-05, -0.000390741013689, -0.000967346015386], [-0.000377806107281, 0.000168205922819, -0.000626881665085, -0.000106066720036, -0.00126132194418, 0.0114931873977, -0.0024951340165, -0.00253127259202, 0.00161058455706, -0.0029838103801, 0.000103319944174, -0.000746029254515, 0.000775107881054], [0.00033813083428, -0.000183559212019, -0.000800668669399, 0.000302822474623, 0.000748626072891, -0.0024951340165, 0.00724597508088, -0.00219884165563, 0.00172250752803, -0.000999650917947, -0.000101309997262, 0.00178833282553, -0.000932702096179], [0.000341796985595, 0.00029385482776, -0.000335158401867, -0.000881917250808, 0.00205996609293, -0.00253127259202, -0.00219884165563, 0.0140407830477, -0.00618506409228, 0.00238302652724, 0.00164848275017, -0.0004888526164, -0.00020330712141], [1.8571567125e-05, 0.000810395576991, -0.000610719958786, -0.000871641095728, -0.00181478029117, 0.00161058455706, 0.00172250752803, -0.00618506409228, 0.0163726415485, -0.00500964559615, 0.00124867947306, -0.00226517324336, 0.00110520515591], [-0.000101912788523, -5.18015876878e-05, 0.000237308515352, 0.000131491207867, 0.00100829778239, -0.0029838103801, -0.000999650917947, 0.00238302652724, -0.00500964559615, 0.016207292676, -0.00815428420901, 0.00366776715964, -3.45411103808e-06], [-0.000999833107926, -0.00144287280273, -0.000701191660482, 0.00155560567509, 6.27618355793e-05, 0.000103319944174, -0.000101309997262, 0.00164848275017, 0.00124867947306, -0.00815428420901, 0.0144814196974, -0.0038665519096, 2.56796211033e-05], [0.000101213678136, 0.00113274203613, 0.000229296289035, -0.00171938468702, -0.000390741013689, -0.000746029254515, 0.00178833282553, -0.0004888526164, -0.00226517324336, 0.00366776715964, -0.0038665519096, 0.0135643268004, -0.00416444707662], [-4.53211869171e-05, -0.000899434729945, 0.000349008972989, -0.00102500955109, -0.000967346015386, 0.000775107881054, -0.000932702096179, -0.00020330712141, 0.00110520515591, -3.45411103808e-06, 2.56796211033e-05, -0.00416444707662, 0.0157506000251]]
    },
    "spectral_contrast_coeffs": {
        "max": [-0.453889220953, -0.441985815763, -0.492973387241, -0.593796491623, -0.600732624531, -0.60801422596],
        "mean": [-0.689332067966, -0.6912073493, -0.730425596237, -0.752309203148, -0.773655056953, -0.751721560955],
        "min": [-0.902842879295, -0.942662715912, -0.894180119038, -0.89102435112, -0.874925434589, -0.861788511276],
        "stdev": [0.0575914718211, 0.0751218125224, 0.0644938498735, 0.0495962835848, 0.0484384857118, 0.0536735393107]
    },
    "spectral_contrast_valleys": {
        "max": [-5.08670759201, -5.07567310333, -5.64238977432, -6.20308828354, -5.66742372513, -8.10294818878],
        "mean": [-6.51492786407, -6.82038784027, -7.81592607498, -8.02596092224, -8.00751590729, -10.6360931396],
        "min": [-9.07426357269, -9.36909484863, -9.77296161652, -10.2648887634, -9.60353946686, -12.322883606],
        "stdev": [0.543624699116, 0.649062275887, 0.64075678587, 0.629667818546, 0.656065285206, 0.678243458271]
    }
},
"rhythm": {
    "beats_count": 78,
    "beats_loudness": {
        "max": 0.0794930160046,
        "mean": 0.0274884495884,
        "min": 0.0039058001712,
        "stdev": 0.0160072334111
    },
    "bpm": 146.453353882,
    "bpm_histogram_first_peak_bpm": 148,
    "bpm_histogram_first_peak_weight": 0.528571367264,
    "bpm_histogram_second_peak_bpm": 133,
    "bpm_histogram_second_peak_spread": 0.400000035763,
    "bpm_histogram_second_peak_weight": 0.0389610379934,
    "danceability": 0.978040099144,
    "onset_rate": 2.92236304283,
    "beats_loudness_band_ratio": {
        "max": [0.907577633858, 0.729163765907, 0.653101921082, 0.361570030451, 0.221009612083, 0.305674344301],
        "mean": [0.418389648199, 0.256826162338, 0.229613006115, 0.075324781239, 0.0517848469317, 0.0412244349718],
        "min": [0.0431400500238, 0.00730326585472, 0.0215997174382, 0.00439017312601, 0.00322530046105, 0.000782020855695],
        "stdev": [0.247718304396, 0.177269026637, 0.174733236432, 0.0719369798899, 0.0473597943783, 0.051136482507]
    },
