{
"metadata": {
    "version": {
        "essentia": "2.1-beta5",
        "essentia_git_sha": "Undefined",
        "extractor": "music 2.0"
    },
    "audio_properties": {
        "analysis": {
            "equal_loudness": 0,
            "length": 32.4963264465,
            "sample_rate": 44100,
            "start_time": 129.985305786,
            "downmix": "mix"
        },
        "bit_rate": 192000,
        "length": 183.08934021,
        "lossless": 0,
        "number_channels": 2,
        "replay_gain": 0.260528564453,
        "sample_rate": 44100,
        "codec": "mp3",
        "md5_encoded": "260141f16e5b59d9dc3afedb43bfce00"
    },
    "tags": {
        "file_name": "Poland_To Takie Proste_Sixteen.mp3",
        "encoding": ["Lavf58.29.100"]
    }
},
"lowlevel": {
    "average_loudness": 0.982963085175,
    "barkbands_crest": {
        "max": 20.6510295868,
        "mean": 6.92446041107,
        "min": 2.42637681961,
        "stdev": 2.73192453384
    },
    "barkbands_flatness_db": {
        "max": 0.15183673799,
        "mean": 0.0872902199626,
        "min": 0.0473802089691,
        "stdev": 0.0179985202849
    },
    "barkbands_kurtosis": {
        "max": 10.0100421906,
        "mean": -0.0147448666394,
        "min": -1.83580827713,
        "stdev": 1.27959036827
    },
    "barkbands_skewness": {
        "max": 2.98529601097,
        "mean": 0.746679186821,
        "min": -0.714509487152,
        "stdev": 0.537707448006
    },
    "barkbands_spread": {
        "max": 83.19581604,
        "mean": 33.1474647522,
        "min": 9.71544361115,
        "stdev": 9.7679901123
    },
    "dissonance": {
        "max": 0.499993473291,
        "mean": 0.4708378613,
        "min": 0.211341544986,
        "stdev": 0.018587814644
    },
    "dynamic_complexity": 1.11293852329,
    "erbbands_crest": {
        "max": 20.7838401794,
        "mean": 7.62598276138,
        "min": 2.50319552422,
        "stdev": 3.19568824768
    },
    "erbbands_flatness_db": {
        "max": 0.221422255039,
        "mean": 0.14245390892,
        "min": 0.0825913250446,
        "stdev": 0.0225222148001
    },
    "erbbands_kurtosis": {
        "max": 4.91648864746,
        "mean": -0.342030465603,
        "min": -1.59201359749,
        "stdev": 0.819408774376
    },
    "erbbands_skewness": {
        "max": 1.98716688156,
        "mean": 0.104143574834,
        "min": -1.46065425873,
        "stdev": 0.441616266966
    },
    "erbbands_spread": {
        "max": 94.8701019287,
        "mean": 42.680393219,
        "min": 12.7428264618,
        "stdev": 13.6427726746
    },
    "hfc": {
        "max": 107.922218323,
        "mean": 38.8812522888,
        "min": 1.20851373672,
        "stdev": 15.9118776321
    },
    "loudness_ebu128": {
        "integrated": -23.0369548798,
        "loudness_range": 1.36953735352,
        "momentary": {
            "max": -21.4073581696,
            "mean": -23.1169185638,
            "min": -26.2874546051,
            "stdev": 0.861604809761
        },
        "short_term": {
            "max": -22.2135314941,
            "mean": -23.0984477997,
            "min": -24.2754421234,
            "stdev": 0.492652654648
        }
    },
    "melbands_crest": {
        "max": 24.3177032471,
        "mean": 10.1502523422,
        "min": 4.06475830078,
        "stdev": 3.7918176651
    },
    "melbands_flatness_db": {
        "max": 0.208065807819,
        "mean": 0.116209641099,
        "min": 0.03927994892,
        "stdev": 0.0266592912376
    },
    "melbands_kurtosis": {
        "max": 37.3546295166,
        "mean": 4.53665924072,
        "min": -1.13912785053,
        "stdev": 4.69610881805
    },
    "melbands_skewness": {
        "max": 5.59683179855,
        "mean": 1.78822374344,
        "min": -0.108899898827,
        "stdev": 0.818791270256
    },
    "melbands_spread": {
        "max": 103.449783325,
        "mean": 39.2190666199,
        "min": 9.2688999176,
        "stdev": 13.141951561
    },
    "pitch_salience": {
        "max": 0.829516112804,
        "mean": 0.570807874203,
        "min": 0.328359425068,
        "stdev": 0.0708716362715
    },
    "silence_rate_20dB": {
        "max": 1,
        "mean": 1,
        "min": 1,
        "stdev": 0
    },
    "silence_rate_30dB": {
        "max": 1,
        "mean": 1,
        "min": 1,
        "stdev": 0
    },
    "silence_rate_60dB": {
        "max": 0,
        "mean": 0,
        "min": 0,
        "stdev": 0
    },
    "spectral_centroid": {
        "max": 3441.49584961,
        "mean": 1866.96984863,
        "min": 709.553405762,
        "stdev": 416.946594238
    },
    "spectral_complexity": {
        "max": 52,
        "mean": 28.9243392944,
        "min": 1,
        "stdev": 6.60521268845
    },
    "spectral_decrease": {
        "max": -2.28555133153e-10,
        "mean": -7.00716018542e-09,
        "min": -1.71847407415e-08,
        "stdev": 2.37790742652e-09
    },
    "spectral_energy": {
        "max": 0.0707675740123,
        "mean": 0.0299732740968,
        "min": 0.000972235982772,
        "stdev": 0.00988650508225
    },
    "spectral_energyband_high": {
        "max": 0.0146224843338,
        "mean": 0.00237766094506,
        "min": 3.99204982386e-05,
        "stdev": 0.00165959878359
    },
    "spectral_energyband_low": {
        "max": 0.0395221151412,
        "mean": 0.00496905203909,
        "min": 8.22331494419e-05,
        "stdev": 0.00392640614882
    },
    "spectral_energyband_middle_high": {
        "max": 0.04685953632,
        "mean": 0.0102168601006,
        "min": 0.00043625687249,
        "stdev": 0.00589718902484
    },
    "spectral_energyband_middle_low": {
        "max": 0.0452328883111,
        "mean": 0.0136124696583,
        "min": 0.000435328460298,
        "stdev": 0.00731963990256
    },
    "spectral_entropy": {
        "max": 8.485455513,
        "mean": 7.87891674042,
        "min": 7.28116846085,
        "stdev": 0.193259939551
    },
    "spectral_flux": {
        "max": 0.205300122499,
        "mean": 0.0906315892935,
        "min": 0.0327025204897,
        "stdev": 0.0279763638973
    },
    "spectral_kurtosis": {
        "max": 9.32204151154,
        "mean": 2.16065764427,
        "min": -0.289076089859,
        "stdev": 1.03039717674
    },
    "spectral_rms": {
        "max": 0.0083091231063,
        "mean": 0.00533126108348,
        "min": 0.000973921443801,
        "stdev": 0.00090548285516
    },
    "spectral_rolloff": {
        "max": 7859.61914062,
        "mean": 2517.03735352,
        "min": 387.59765625,
        "stdev": 1144.50610352
    },
    "spectral_skewness": {
        "max": 2.47087669373,
        "mean": 1.15662264824,
        "min": 0.281582176685,
        "stdev": 0.223231717944
    },
    "spectral_spread": {
        "max": 9611290,
        "mean": 5123081,
        "min": 3360477,
        "stdev": 910165.3125
    },
    "spectral_strongpeak": {
        "max": 10.8160657883,
        "mean": 1.64763534069,
        "min": 0.0398385934532,
        "stdev": 1.63752222061
    },
    "zerocrossingrate": {
        "max": 0.18994140625,
        "mean": 0.0922151058912,
        "min": 0.0234375,
        "stdev": 0.023294441402
    },
    "barkbands": {
        "max": [0.000781041802838, 0.0133456522599, 0.0207275375724, 0.015472760424, 0.0367059856653, 0.0305164381862, 0.0352580137551, 0.0148833887652, 0.0258784331381, 0.0318513028324, 0.0199636556208, 0.016566850245, 0.0217594690621, 0.0227198842913, 0.0218777880073, 0.0133058950305, 0.00925414264202, 0.00704138586298, 0.00728138443083, 0.0033605650533, 0.00337026803754, 0.00364143028855, 0.00654624309391, 0.00363428215496, 0.00177229207475, 0.000379354256438, 1.43062538882e-06],
        "mean": [5.23679227626e-05, 0.00167683430482, 0.00238240626641, 0.00145848863758, 0.00267431535758, 0.00285094045103, 0.00272952811792, 0.00131336529739, 0.00192723644432, 0.00145296670962, 0.00148083618842, 0.00086246378487, 0.000897002697457, 0.000890708819497, 0.00166884798091, 0.000858044892084, 0.000882989668753, 0.000582745939028, 0.000722224998754, 0.000599133549258, 0.00063214241527, 0.000426079524914, 0.000366500928067, 0.000390887638787, 0.00017680968449, 1.73700427695e-05, 7.03882605535e-08],
        "min": [1.00857349139e-07, 1.05037306639e-05, 2.48760752584e-05, 1.38842426622e-06, 3.4839296859e-05, 1.29376248879e-05, 5.59644067835e-05, 2.12639333768e-05, 3.58047691407e-05, 2.05495762202e-05, 2.30214354815e-05, 1.84412365343e-05, 1.87556397577e-05, 1.13341802717e-05, 3.10576615448e-05, 1.67605976458e-05, 2.46729850915e-05, 2.21994669118e-05, 3.52204278897e-06, 3.05369712805e-06, 9.87482781056e-06, 3.358510412e-06, 7.54272787162e-06, 8.33835747471e-06, 8.30143017083e-06, 4.54187329524e-07, 1.42156814098e-10],
        "stdev": [6.76994823152e-05, 0.00162961508613, 0.00260480027646, 0.00183298101183, 0.00329496525228, 0.00413645105436, 0.00340034486726, 0.00169032171834, 0.0027639111504, 0.00215247063898, 0.00197301548906, 0.00156502658501, 0.00163737835828, 0.00193782965653, 0.0021455779206, 0.00131001649424, 0.00108425191138, 0.000651330512483, 0.0006991623668, 0.000439802184701, 0.000525835552253, 0.000423042307375, 0.000384721206501, 0.000381786347134, 0.000184474367416, 2.61985223915e-05, 7.93584007397e-08]
    },
    "erbbands": {
        "max": [0.303704380989, 3.72858381271, 20.34715271, 36.5469970703, 39.0770950317, 214.183914185, 290.559448242, 379.723388672, 501.598815918, 431.668182373, 398.710357666, 515.105712891, 852.848815918, 730.385131836, 561.673583984, 813.291870117, 749.714233398, 932.183410645, 959.000976562, 860.604064941, 431.259490967, 485.456237793, 323.183319092, 411.628448486, 268.972015381, 134.617477417, 192.300811768, 142.838897705, 139.229110718, 217.622177124, 169.042236328, 97.8137893677, 58.7062759399, 28.4810886383, 8.52381324768, 2.94339394569, 0.34988874197, 0.0173621848226, 0.000448852370027, 0.000114646281872],
        "mean": [0.0268532522023, 0.474881738424, 2.46294546127, 4.26586866379, 5.11674118042, 11.5120105743, 18.1768341064, 21.7984733582, 33.5092582703, 38.3715667725, 33.9018478394, 39.3157043457, 48.4825897217, 56.64868927, 39.6110877991, 38.9942741394, 41.2113647461, 48.1400566101, 62.431476593, 71.5947952271, 50.5676422119, 45.8688087463, 33.6205177307, 39.8688240051, 29.228843689, 27.3721847534, 29.5422096252, 20.993057251, 14.7360725403, 14.4947528839, 9.9143037796, 8.61747455597, 5.7682299614, 2.84259366989, 0.825345337391, 0.153557315469, 0.0234361812472, 0.0011235732818, 6.2252736825e-05, 4.46725680376e-05],
        "min": [0.00036141378223, 0.00329384324141, 0.0316878482699, 0.0745830312371, 0.072835072875, 0.142310678959, 0.0992789790034, 0.153995573521, 0.901878595352, 0.973987042904, 1.39037263393, 1.26259124279, 1.64359986782, 1.26035904884, 1.4369751215, 1.46255970001, 1.02251470089, 1.66894543171, 2.38056564331, 1.46542811394, 1.48097896576, 1.41731500626, 1.44332170486, 0.29134747386, 0.121608130634, 0.137633949518, 0.206862479448, 0.505728721619, 0.146592587233, 0.143996790051, 0.218729808927, 0.168863907456, 0.166430264711, 0.11568826437, 0.025862455368, 0.00410173460841, 0.000906619708985, 0.000155462796101, 1.51074882524e-05, 6.49009098197e-06],
        "stdev": [0.027342973277, 0.458418339491, 2.61648011208, 4.48487758636, 5.06814146042, 17.0410919189, 28.5633335114, 36.2777519226, 39.1120872498, 46.9496955872, 40.8577270508, 53.987651825, 74.6910858154, 72.8826370239, 58.2919616699, 71.1734542847, 65.4129638672, 85.152633667, 79.9092712402, 80.9700317383, 57.5088882446, 48.7258872986, 33.8180580139, 40.0713729858, 26.2753372192, 19.525308609, 24.2111644745, 18.8727626801, 15.1833400726, 14.8346595764, 9.97981739044, 9.30212688446, 5.39409399033, 2.87718963623, 0.949118494987, 0.201732233167, 0.0375834554434, 0.00148854556028, 4.78233123431e-05, 1.50207624756e-05]
    },
    "gfcc": {
        "mean": [60.5596885681, 74.3456039429, -137.57901001, 44.8920822144, -78.3893661499, 22.6423587799, -47.8581161499, 12.6502971649, -23.2804546356, 2.18978118896, -15.5394887924, -6.77247619629, -6.20737791061],
        "cov": [[410.241149902, -125.937286377, -17.7020225525, 26.8832092285, -9.87460899353, 0.32609218359, -7.07292318344, -4.51132822037, -17.175994873, 29.1180744171, -6.98841047287, 22.5356502533, -14.0020980835], [-125.937286377, 243.485824585, -57.64478302, -38.8047561646, 48.3830909729, -31.9388370514, 32.9855804443, -17.4965686798, 17.9559211731, -35.0498313904, 15.9595117569, -14.9457998276, 34.9421730042], [-17.7020225525, -57.64478302, 264.223968506, 75.8795852661, -36.7505340576, 43.9057312012, -23.5356941223, 23.3685245514, -11.6335763931, 38.0363845825, -19.6087665558, -3.02771472931, -38.7045860291], [26.8832092285, -38.8047561646, 75.8795852661, 130.751190186, 14.6564884186, 1.96424925327, 4.97086429596, 5.14218044281, 18.4532203674, 0.63381510973, -15.2679328918, 0.886940419674, -21.1795196533], [-9.87460899353, 48.3830909729, -36.7505340576, 14.6564884186, 108.873908997, 19.2089557648, 8.63744163513, -0.209706261754, 1.96767485142, 0.162371754646, -14.4417200089, -7.46720218658, 4.59151315689], [0.32609218359, -31.9388370514, 43.9057312012, 1.96424925327, 19.2089557648, 127.08795929, 45.8906745911, -4.91426038742, -18.343542099, 14.6516389847, 0.677015423775, -18.823890686, -8.85568237305], [-7.07292318344, 32.9855804443, -23.5356941223, 4.97086429596, 8.63744163513, 45.8906745911, 108.37676239, 18.6069564819, -9.65856742859, -11.7563419342, 3.54754281044, -0.386044561863, -7.01077032089], [-4.51132822037, -17.4965686798, 23.3685245514, 5.14218044281, -0.209706261754, -4.91426038742, 18.6069564819, 97.4862289429, 32.1745414734, -5.99736404419, 0.437270015478, 11.0020141602, 4.96326875687], [-17.175994873, 17.9559211731, -11.6335763931, 18.4532203674, 1.96767485142, -18.343542099, -9.65856742859, 32.1745414734, 85.3319168091, 13.7795972824, -1.83582532406, 5.25530052185, 2.83208060265], [29.1180744171, -35.0498313904, 38.0363845825, 0.63381510973, 0.162371754646, 14.6516389847, -11.7563419342, -5.99736404419, 13.7795972824, 74.2476272583, 15.2216653824, -7.59611272812, -14.5946025848], [-6.98841047287, 15.9595117569, -19.6087665558, -15.2679328918, -14.4417200089, 0.677015423775, 3.54754281044, 0.437270015478, -1.83582532406, 15.2216653824, 61.4699401855, 11.3806581497, 2.62748193741], [22.5356502533, -14.9457998276, -3.02771472931, 0.886940419674, -7.46720218658, -18.823890686, -0.386044561863, 11.0020141602, 5.25530052185, -7.59611272812, 11.3806581497, 52.1333808899, 16.4794368744], [-14.0020980835, 34.9421730042, -38.7045860291, -21.1795196533, 4.59151315689, -8.85568237305, -7.01077032089, 4.96326875687, 2.83208060265, -14.5946025848, 2.62748193741, 16.4794368744, 66.0129623413]],
        "icov": [[0.00325897475705, 0.000593326112721, 0.00181968661491, -0.00156269641593, 0.000909699418116, -0.000600932806265, 0.000713411020115, -0.0008508702158, 0.00191876187455, -0.00251892767847, 0.00164420797955, -0.00217301747762, 0.000776403117925], [0.000593326112721, 0.0199883226305, -0.0136442976072, 0.0136047266424, -0.0169792007655, 0.0163772832602, -0.0177839193493, 0.0157648399472, -0.0166075564921, 0.0169689059258, -0.0165125951171, 0.0162446200848, -0.0127193517983], [0.00181968661491, -0.0136442976072, 0.0198386777192, -0.015966406092, 0.0169324036688, -0.0163702666759, 0.0174314007163, -0.016269126907, 0.0174489207566, -0.0183761492372, 0.0167325884104, -0.015115997754, 0.0121142473072], [-0.00156269641593, 0.0136047266424, -0.015966406092, 0.022463131696, -0.0160903986543, 0.0141908079386, -0.0157478936017, 0.0145621253178, -0.0175326988101, 0.016621530056, -0.0129489833489, 0.012301562354, -0.00756014464423], [0.000909699418116, -0.0169792007655, 0.0169324036688, -0.0160903986543, 0.0271863583475, -0.0178390070796, 0.0173355471343, -0.016074616462, 0.0170602295548, -0.0184626560658, 0.0190133228898, -0.0150343477726, 0.0108940284699], [-0.000600932806265, 0.0163772832602, -0.0163702666759, 0.0141908079386, -0.0178390070796, 0.0268385335803, -0.0218788143247, 0.0158731136471, -0.0145028689876, 0.0141890756786, -0.0161769799888, 0.018469620496, -0.0127250365913], [0.000713411020115, -0.0177839193493, 0.0174314007163, -0.0157478936017, 0.0173355471343, -0.0218788143247, 0.0307801403105, -0.0194656923413, 0.018836401403, -0.0155609594658, 0.0160575080663, -0.0175638869405, 0.0148213021457], [-0.0008508702158, 0.0157648399472, -0.016269126907, 0.0145621253178, -0.016074616462, 0.0158731136471, -0.0194656923413, 0.0281111374497, -0.0215897429734, 0.0183310229331, -0.0158977992833, 0.0131574729457, -0.0119982501492], [0.00191876187455, -0.0166075564921, 0.0174489207566, -0.0175326988101, 0.0170602295548, -0.0145028689876, 0.018836401403, -0.0215897429734, 0.0332329496741, -0.0226918049157, 0.018171813339, -0.0165596175939, 0.0112627726048], [-0.00251892767847, 0.0169689059258, -0.0183761492372, 0.016621530056, -0.0184626560658, 0.0141890756786, -0.0155609594658, 0.0183310229331, -0.0226918049157, 0.0370082221925, -0.0230702720582, 0.0187917593867, -0.00941833481193], [0.00164420797955, -0.0165125951171, 0.0167325884104, -0.0129489833489, 0.0190133228898, -0.0161769799888, 0.0160575080663, -0.0158977992833, 0.018171813339, -0.0230702720582, 0.0362900085747, -0.0208126623183, 0.0120244491845], [-0.00217301747762, 0.0162446200848, -0.015115997754, 0.012301562354, -0.0150343477726, 0.018469620496, -0.0175638869405, 0.0131574729457, -0.0165596175939, 0.0187917593867, -0.0208126623183, 0.0397972390056, -0.0175482220948], [0.000776403117925, -0.0127193517983, 0.0121142473072, -0.00756014464423, 0.0108940284699, -0.0127250365913, 0.0148213021457, -0.0119982501492, 0.0112627726048, -0.00941833481193, 0.0120244491845, -0.0175482220948, 0.0280711073428]]
    },
    "melbands": {
        "max": [0.00274685490876, 0.00875296443701, 0.00565100135282, 0.00939156766981, 0.00838828738779, 0.00731382705271, 0.00762876635417, 0.00381016056053, 0.00423489511013, 0.0033258816693, 0.00410579843447, 0.00360102555715, 0.00169815670233, 0.00183520861901, 0.00299042603001, 0.00150389794726, 0.00204602116719, 0.00215449347161, 0.00242544873618, 0.00120584166143, 0.000541283749044, 0.000572418910451, 0.000471072009532, 0.000315828219755, 0.000413522095187, 0.000302405504044, 0.000151261425344, 0.000104438644485, 0.000168631828274, 0.000110984932689, 9.14028933039e-05, 8.10264464235e-05, 6.99817901477e-05, 0.000143245939398, 0.000100936566014, 7.54756547394e-05, 5.23743583472e-05, 3.67852007912e-05, 3.13058772008e-05, 2.26901920541e-05],
        "mean": [0.000355647673132, 0.00107025052421, 0.000740124378353, 0.000589944014791, 0.000602061511017, 0.000511713849846, 0.00054387858836, 0.000386356929084, 0.000306207395624, 0.000247676856816, 0.000237091022427, 0.000220000176341, 0.000152155596879, 8.71932643349e-05, 0.000105570463347, 9.36715587159e-05, 9.02845931705e-05, 8.03586153779e-05, 0.000151143525727, 6.92903631716e-05, 5.54156358703e-05, 5.3353018302e-05, 3.12387492158e-05, 2.60259730567e-05, 3.38976497005e-05, 2.38235770667e-05, 1.70569910551e-05, 1.88394151337e-05, 1.90826758626e-05, 1.71224946826e-05, 1.02311460068e-05, 8.6805994215e-06, 7.07991421223e-06, 8.44659007271e-06, 5.77297896598e-06, 5.8134610299e-06, 4.65279572381e-06, 4.08308551414e-06, 3.24904408444e-06, 2.24406039706e-06],
        "min": [3.70603356714e-06, 1.41090740726e-05, 1.24421158034e-05, 7.3856454037e-06, 4.44132228949e-06, 3.32523927682e-06, 1.02031226561e-05, 3.68204246115e-06, 7.57629504733e-06, 4.89701142214e-06, 4.5523775043e-06, 5.133583727e-06, 3.02163562083e-06, 3.12824818138e-06, 2.60732235802e-06, 1.98287307285e-06, 1.54773329086e-06, 2.59186754192e-06, 2.4782445962e-06, 1.16899730074e-06, 1.59303783676e-06, 1.30015178001e-06, 1.20492165934e-06, 7.58330145345e-07, 1.83564537792e-07, 1.24146509961e-07, 6.59133547742e-08, 9.10001531906e-08, 1.12523821372e-07, 1.97911461441e-07, 3.19187023479e-07, 6.9860845997e-08, 5.221377819e-08, 9.91108279891e-08, 1.30723321945e-07, 1.12945897968e-07, 1.04449021876e-07, 1.20426918215e-07, 1.36810584195e-07, 8.03589372822e-08],
        "stdev": [0.000332250405336, 0.00099525693804, 0.000687869323883, 0.0007804435445, 0.000804530864116, 0.000769631704316, 0.000635789940134, 0.000477788969874, 0.000423153163865, 0.000362346356269, 0.000381250312785, 0.000296495854855, 0.00020824886451, 0.000161670264788, 0.000200573485927, 0.000194301857846, 0.000187099605682, 0.000136428163387, 0.000217570282985, 0.000110469532956, 7.12897744961e-05, 6.53950410197e-05, 3.47335189872e-05, 2.7173988201e-05, 3.72494905605e-05, 2.62796656898e-05, 1.38897539728e-05, 1.4779175217e-05, 1.66726495081e-05, 1.44342584463e-05, 1.05664903458e-05, 9.18794285099e-06, 7.8243911048e-06, 8.99635324458e-06, 6.30248405287e-06, 5.77824630454e-06, 5.10372501594e-06, 3.66975950783e-06, 3.29989029524e-06, 2.54517317444e-06]
    },
    "melbands128": {
        "max": [0.000776448810939, 0.00293605029583, 0.00370253296569, 0.00714648282155, 0.011804821901, 0.0105461450294, 0.00854353234172, 0.0062408153899, 0.00355050549842, 0.0113068399951, 0.0162439867854, 0.00728103565052, 0.0139400456101, 0.0128275258467, 0.0140668042004, 0.00933318026364, 0.0123011423275, 0.0123399160802, 0.0143506340683, 0.00576203223318, 0.00643837824464, 0.00280525907874, 0.00625889655203, 0.00794504582882, 0.00484255794436, 0.00646645994857, 0.0103296833113, 0.00523198815063, 0.00836014840752, 0.00601231539622, 0.00520166149363, 0.00480585545301, 0.00297130760737, 0.00379494065419, 0.0030668254476, 0.00420625973493, 0.00516087701544, 0.00371851958334, 0.00524994637817, 0.00141030573286, 0.00279290531762, 0.00215508788824, 0.00429668603465, 0.00428165495396, 0.00562618114054, 0.00153794710059, 0.00254117674194, 0.00438495073467, 0.00219918042421, 0.000529445474967, 0.00224587111734, 0.00189387227874, 0.000832751451526, 0.00139427662361, 0.00159512134269, 0.000732236832846, 0.00079585070489, 0.000759152579121, 0.000973354675807, 0.000602280779276, 0.000347147200955, 0.000626784167252, 0.000720363925211, 0.00062022334896, 0.000602665531915, 0.000463564443635, 0.00047914928291, 0.000195938366232, 0.000250917539233, 0.000132124318043, 0.000210817146581, 0.000252809404628, 0.000290459720418, 0.00017967983149, 0.000212775790715, 0.000166081546922, 0.000165369652677, 0.000206234224606, 0.000131784632686, 0.000129305219161, 0.000145011174027, 0.000140523829032, 0.000121984121506, 0.00010172137263, 8.72473392519e-05, 0.000175842884346, 0.000185951721505, 0.000120427415823, 0.000102054684248, 0.000142165998113, 7.6580705354e-05, 7.94122752268e-05, 0.000208066165214, 6.74240509397e-05, 4.69007500215e-05, 3.42739731423e-05, 3.25305372826e-05, 0.000119563170301, 4.6148954425e-05, 2.58839190792e-05, 3.44817963196e-05, 3.52594324795e-05, 2.27538002946e-05, 2.0864432372e-05, 1.16445044114e-05, 7.95801042841e-06, 6.13386828263e-06, 1.00175066109e-05, 5.97916641709e-06, 3.25802693624e-06, 8.11296740721e-06, 1.95200982489e-06, 1.87845330402e-06, 1.35090658659e-06, 1.70027888657e-07, 4.45030572394e-08, 4.40294734005e-08, 1.61188795644e-09, 1.61181867853e-09, 1.59306523528e-09, 1.56113255656e-09, 1.53815293835e-09, 1.51142343086e-09, 1.48545520329e-09, 1.47269052508e-09, 1.45930989515e-09, 1.44233736066e-09, 1.44210243747e-09],
        "mean": [4.38190545538e-05, 0.000142431992572, 0.000423334131483, 0.000873847049661, 0.00124056823552, 0.00113156263251, 0.000913488445804, 0.000650189991575, 0.000404602527851, 0.000634393189102, 0.000715465750545, 0.000443592813099, 0.000643081206363, 0.000715396541636, 0.000471522973385, 0.000413452362409, 0.000470243539894, 0.00054572179215, 0.000737232563552, 0.000355083437171, 0.000317749305395, 0.00013133106404, 0.00036775652552, 0.000416431401391, 0.000181262919796, 0.000246199633693, 0.000209892736166, 0.00030204129871, 0.000186317163752, 0.000133811379783, 0.000302989355987, 0.000260892265942, 8.58062849147e-05, 0.000155510235345, 5.29285243829e-05, 7.33378910809e-05, 0.000117693496577, 0.000151412183186, 5.60307016713e-05, 7.22654440324e-05, 0.000149334882735, 3.44915024471e-05, 8.7988380983e-05, 0.000130873653688, 6.48221102892e-05, 5.85736233916e-05, 9.71541157924e-05, 0.000243324961048, 0.000122271245345, 2.68024396064e-05, 8.93074320629e-05, 8.89581060619e-05, 3.25031578541e-05, 5.34946811968e-05, 7.45858051232e-05, 5.13026716362e-05, 4.24648533226e-05, 2.29850083997e-05, 2.96434463962e-05, 4.201588672e-05, 1.69899594766e-05, 1.93139348994e-05, 4.3464708142e-05, 3.37941091857e-05, 2.88322316919e-05, 2.37231215579e-05, 2.17428023461e-05, 1.72409072547e-05, 1.6639703972e-05, 1.52509546751e-05, 1.54084154929e-05, 2.5074923542e-05, 2.05325832212e-05, 1.82609892363e-05, 1.60416093422e-05, 1.9445156795e-05, 1.69001850736e-05, 1.15392103908e-05, 9.42052429309e-06, 8.69462201081e-06, 9.50521734921e-06, 8.4040020738e-06, 7.1918066169e-06, 5.3379367273e-06, 9.06996501726e-06, 8.75087152963e-06, 7.54718485041e-06, 9.13745134312e-06, 4.74854869026e-06, 4.483549219e-06, 5.11663574798e-06, 5.45466809854e-06, 8.67516428116e-06, 3.45363196175e-06, 3.64151424037e-06, 3.72201975551e-06, 3.91801904698e-06, 5.11004554937e-06, 3.25405812873e-06, 2.51612891589e-06, 2.26123324865e-06, 2.34501976593e-06, 1.92309380509e-06, 1.2196909438e-06, 7.53296433231e-07, 5.52723633973e-07, 4.93979030125e-07, 2.79829293959e-07, 2.07743582337e-07, 1.69999623267e-07, 1.384736521e-07, 8.95555913871e-08, 6.01033534053e-08, 3.09077243799e-08, 1.0209548762e-08, 3.6449152585e-09, 2.48508547074e-09, 1.18066528776e-11, 8.67593757253e-12, 8.53170745857e-12, 8.36430057161e-12, 8.22079383733e-12, 8.0684564932e-12, 7.91247189297e-12, 7.84815528537e-12, 7.79096058501e-12, 7.71984906556e-12, 7.69112811633e-12],
        "min": [4.19749524028e-09, 4.4395420673e-07, 1.56391354267e-06, 3.32776608047e-06, 9.69957272901e-06, 9.23888728721e-06, 7.98016935732e-06, 5.11397161063e-07, 3.37178607879e-06, 2.48955257121e-06, 3.45667922375e-06, 4.03577558927e-07, 3.67338088836e-07, 1.02631156551e-06, 6.73284716868e-07, 1.49671507188e-06, 2.59004946201e-06, 2.98503528029e-06, 2.17980937123e-06, 1.41397651987e-06, 1.97471450747e-07, 5.06651701926e-07, 4.16313127971e-07, 9.53427502282e-07, 1.52559903199e-06, 2.82628860759e-07, 2.52160134551e-07, 8.02373051556e-07, 6.00989324084e-07, 5.36404400009e-07, 1.96550399778e-06, 4.52989297628e-07, 5.31492503342e-07, 1.37209070772e-07, 2.62411418817e-07, 1.9660060957e-07, 5.69143139728e-07, 4.59164283484e-07, 3.77354524517e-07, 4.54552889551e-07, 8.09298057902e-07, 6.51043308153e-07, 3.87073498587e-07, 3.02953083064e-07, 6.59688794258e-07, 3.66169444987e-07, 1.10924554519e-06, 8.30694375509e-07, 6.42371617232e-07, 3.67617616348e-07, 4.75828755953e-07, 1.03562967979e-06, 3.00043581092e-07, 5.09755409439e-07, 3.33704718969e-07, 5.35693743586e-07, 5.64929905522e-07, 4.72949807317e-07, 6.35093840629e-07, 5.37068615358e-07, 3.40585444292e-07, 1.24473856999e-07, 1.64618910503e-07, 2.31135473427e-07, 1.66733258311e-07, 1.81238078767e-07, 3.06757819146e-08, 3.75176725242e-08, 6.90420307592e-08, 1.2077215672e-07, 7.14979222494e-08, 8.17948873078e-08, 1.38538609917e-07, 1.08057378156e-07, 7.26018782871e-08, 1.91850062947e-07, 1.85271957776e-07, 4.50597042345e-07, 3.98749278929e-07, 1.33727425577e-07, 3.67593457895e-08, 6.89576395985e-08, 7.10003220661e-08, 4.08767313331e-08, 4.23023713836e-08, 7.45678576664e-08, 1.01499018967e-07, 1.88386266586e-07, 9.44199740616e-08, 1.3145846367e-07, 1.52862895675e-07, 7.64776757478e-08, 1.05294098773e-07, 8.06108459983e-08, 1.07107837266e-07, 1.94154836208e-07, 9.83966543799e-08, 7.25552382619e-08, 1.16340025613e-07, 1.40233467505e-07, 8.53389536815e-08, 4.64385543353e-08, 7.82415341405e-08, 2.72751652375e-08, 1.27177592901e-08, 1.80380244075e-08, 1.88930329159e-08, 3.47140383106e-09, 2.00273331252e-09, 3.14466919171e-09, 3.94774701817e-09, 2.81194512119e-09, 1.39528788523e-09, 1.45620027148e-09, 3.02481123482e-10, 2.04205749532e-11, 7.42430043225e-13, 4.96901131353e-13, 4.14486316363e-13, 4.8687388756e-13, 3.54873763838e-13, 6.2226867539e-13, 4.57486533465e-13, 4.39448499291e-13, 5.31553208567e-13, 5.50489829502e-13, 4.8497235958e-13, 3.97319303109e-13],
        "stdev": [6.10645365668e-05, 0.000203617470106, 0.000465498946141, 0.00094384298427, 0.00142147950828, 0.00122582446784, 0.00107328430749, 0.000808165816125, 0.000473335792776, 0.00104361225385, 0.00125721271615, 0.000691553286742, 0.00122931541409, 0.0013653638307, 0.00119044538587, 0.000759137386922, 0.000749499537051, 0.000878108956385, 0.00123875436839, 0.000506621028762, 0.000633894000202, 0.000210925078136, 0.000622101826593, 0.000800337758847, 0.000402383739129, 0.000567647453863, 0.000655982643366, 0.000543458329048, 0.000483099836856, 0.000322110194247, 0.000483716372401, 0.000463273143396, 0.000207299453905, 0.000370400492102, 0.000164361015777, 0.000259396416368, 0.000326785986545, 0.000339269463439, 0.00018852451467, 0.000161236763233, 0.000356485397788, 0.000107717947685, 0.000259341788478, 0.000316548772389, 0.000306848553009, 0.000133807872771, 0.00020181875152, 0.00041668699123, 0.00020176533144, 4.82280593133e-05, 0.000195895845536, 0.00017543323338, 5.65490736335e-05, 0.000127431834699, 0.000156776848598, 8.37635598145e-05, 6.8847577495e-05, 3.91827488784e-05, 5.67488896195e-05, 6.2412036641e-05, 2.96676062135e-05, 3.8226495235e-05, 6.70229565003e-05, 5.24238676007e-05, 5.2029176004e-05, 3.54291951226e-05, 3.59330879292e-05, 2.05905780604e-05, 1.8899452698e-05, 1.53689743456e-05, 1.62179912877e-05, 2.68216681434e-05, 2.410144225e-05, 2.07998600672e-05, 2.16937187361e-05, 1.88023677765e-05, 1.80544629984e-05, 1.75079512701e-05, 1.18876005217e-05, 1.05457938844e-05, 1.26343984448e-05, 1.10550818135e-05, 9.97601091512e-06, 7.57841826271e-06, 1.11258150355e-05, 1.0458993529e-05, 1.00982333606e-05, 1.30583011924e-05, 6.15716999164e-06, 6.67594531478e-06, 5.23811058883e-06, 5.72010276301e-06, 1.45972016981e-05, 4.08631785831e-06, 4.18419767811e-06, 3.7392348986e-06, 3.53113478013e-06, 7.36506899557e-06, 3.56258578904e-06, 2.63734727923e-06, 3.00689998767e-06, 3.16274963552e-06, 2.25258577302e-06, 1.74464628344e-06, 1.02384251477e-06, 7.50072615574e-07, 6.02687407536e-07, 4.82262521473e-07, 3.250289069e-07, 2.84724762878e-07, 3.12916114353e-07, 1.62021876804e-07, 1.29296836349e-07, 7.70495418578e-08, 1.44369893817e-08, 3.08919223535e-09, 2.65199373573e-09, 6.5145992767e-11, 6.52896001152e-11, 6.46481410072e-11, 6.34167302005e-11, 6.24349044687e-11, 6.1310227728e-11, 6.03629576879e-11, 5.97746713238e-11, 5.91719173659e-11, 5.85093015704e-11, 5.86109702438e-11]
    },
    "mfcc": {
        "mean": [-567.172363281, 88.25440979, 0.853845357895, 15.5161294937, -0.928862988949, 0.831988632679, -4.72855043411, -1.13991856575, 0.788777291775, 3.64840650558, -5.07943296432, -0.55157327652, -1.87596988678],
        "cov": [[437.430389404, -124.655990601, -68.7711181641, 17.3672447205, -25.7335128784, 9.07990550995, -15.1049060822, -3.0435051918, -18.7554073334, 2.61482620239, -7.61091327667, -6.58688831329, -8.96664142609], [-124.655990601, 250.1353302, -86.6043777466, -23.6421794891, -1.84825897217, -18.2133083344, 14.976184845, -0.209358930588, 2.6268517971, -2.37242293358, -18.1985797882, -19.1605834961, -0.983344435692], [-68.7711181641, -86.6043777466, 272.544036865, 20.5582065582, 9.30954170227, 20.3164196014, -0.817491948605, -12.7859258652, 6.21519470215, -1.80807721615, 30.2836437225, 27.5960102081, 12.6966238022], [17.3672447205, -23.6421794891, 20.5582065582, 132.221115112, 21.8424110413, -10.9704370499, -29.4061069489, 10.7811422348, 13.1516227722, -9.05348014832, 2.92530107498, 13.5140695572, 6.23966932297], [-25.7335128784, -1.84825897217, 9.30954170227, 21.8424110413, 100.505264282, 3.53257369995, -19.1177387238, -11.8504962921, 15.9417953491, 4.57872772217, 5.4867978096, -5.05509614944, 5.41451931], [9.07990550995, -18.2133083344, 20.3164196014, -10.9704370499, 3.53257369995, 127.567077637, 42.8477973938, -13.3465824127, 2.52081012726, 8.46268177032, 8.10604286194, -4.41356468201, 0.922147452831], [-15.1049060822, 14.976184845, -0.817491948605, -29.4061069489, -19.1177387238, 42.8477973938, 121.648674011, 19.7152938843, -5.91989612579, 5.98123311996, 3.68152976036, -7.63782501221, -3.16073513031], [-3.0435051918, -0.209358930588, -12.7859258652, 10.7811422348, -11.8504962921, -13.3465824127, 19.7152938843, 95.668838501, 25.7424583435, -0.628543674946, -8.45219135284, 5.71928215027, 3.55910015106], [-18.7554073334, 2.6268517971, 6.21519470215, 13.1516227722, 15.9417953491, 2.52081012726, -5.91989612579, 25.7424583435, 74.7984313965, 19.0657749176, -2.88320326805, 0.888757765293, 12.6924762726], [2.61482620239, -2.37242293358, -1.80807721615, -9.05348014832, 4.57872772217, 8.46268177032, 5.98123311996, -0.628543674946, 19.0657749176, 58.3207015991, 18.6676292419, -0.52047508955, -1.25650143623], [-7.61091327667, -18.1985797882, 30.2836437225, 2.92530107498, 5.4867978096, 8.10604286194, 3.68152976036, -8.45219135284, -2.88320326805, 18.6676292419, 56.1860084534, 25.7180519104, 1.72658729553], [-6.58688831329, -19.1605834961, 27.5960102081, 13.5140695572, -5.05509614944, -4.41356468201, -7.63782501221, 5.71928215027, 0.888757765293, -0.52047508955, 25.7180519104, 61.705280304, 22.7350959778], [-8.96664142609, -0.983344435692, 12.6966238022, 6.23966932297, 5.41451931, 0.922147452831, -3.16073513031, 3.55910015106, 12.6924762726, -1.25650143623, 1.72658729553, 22.7350959778, 62.8236846924]],
        "icov": [[0.00322725786828, 0.00206063408405, 0.00141952862032, -0.000533474842086, 0.000868992123287, -0.000302055443171, 0.000307607289869, 0.000191367405932, 0.000641682127025, -0.000468146754429, 0.000331991759595, 0.000424769765232, -0.000108703563455], [0.00206063408405, 0.00603523291647, 0.00226667756215, 0.000178093177965, 0.000396094343159, 0.000672412686981, -0.000713703804649, 0.000737447815482, -0.000262305431534, 0.000102985388367, 0.000573767581955, 0.000915179261938, -0.000500807305798], [0.00141952862032, 0.00226667756215, 0.00513933831826, -0.000541248708032, 0.000274161284324, -0.000440087693278, -0.000217351756874, 0.000894171069376, -0.000644373591058, 0.000918099307455, -0.00169806042686, -0.000561121327337, -0.000427298684372], [-0.000533474842086, 0.000178093177965, -0.000541248708032, 0.00893573556095, -0.00181016384158, 0.000129757710965, 0.00172096712049, -0.00127035751939, -0.00122459756676, 0.0018417640822, -0.000355228083208, -0.00144626502879, 0.000278583931504], [0.000868992123287, 0.000396094343159, 0.000274161284324, -0.00181016384158, 0.0117475371808, -0.000575494777877, 0.001486297464, 0.00166970805731, -0.00240125646815, 0.000210720230825, -0.00217388593592, 0.00284257740714, -0.0012488332577], [-0.000302055443171, 0.000672412686981, -0.000440087693278, 0.000129757710965, -0.000575494777877, 0.00974010489881, -0.00398107105866, 0.00229061371647, -0.00129847903736, -0.00026539422106, -0.000622971099801, 0.000697496230714, -0.000358228455298], [0.000307607289869, -0.000713703804649, -0.000217351756874, 0.00172096712049, 0.001486297464, -0.00398107105866, 0.0112720010802, -0.00367053947411, 0.00194678700063, -0.000648519140668, -0.00155416480266, 0.0018773295451, -0.000431833148468], [0.000191367405932, 0.000737447815482, 0.000894171069376, -0.00127035751939, 0.00166970805731, 0.00229061371647, -0.00367053947411, 0.013820393011, -0.00560830300674, 0.00107130780816, 0.00209912681021, -0.00238664471544, 0.000799660978373], [0.000641682127025, -0.000262305431534, -0.000644373591058, -0.00122459756676, -0.00240125646815, -0.00129847903736, 0.00194678700063, -0.00560830300674, 0.0190141759813, -0.00741828931496, 0.00313546485268, 0.000590430980083, -0.00330869108438], [-0.000468146754429, 0.000102985388367, 0.000918099307455, 0.0018417640822, 0.000210720230825, -0.00026539422106, -0.000648519140668, 0.00107130780816, -0.00741828931496, 0.0232605356723, -0.0100253550336, 0.00327987596393, 0.00051128200721], [0.000331991759595, 0.000573767581955, -0.00169806042686, -0.000355228083208, -0.00217388593592, -0.000622971099801, -0.00155416480266, 0.00209912681021, 0.00313546485268, -0.0100253550336, 0.0290655698627, -0.0131089799106, 0.00354539696127], [0.000424769765232, 0.000915179261938, -0.000561121327337, -0.00144626502879, 0.00284257740714, 0.000697496230714, 0.0018773295451, -0.00238664471544, 0.000590430980083, 0.00327987596393, -0.0131089799106, 0.0266500115395, -0.00903128646314], [-0.000108703563455, -0.000500807305798, -0.000427298684372, 0.000278583931504, -0.0012488332577, -0.000358228455298, -0.000431833148468, 0.000799660978373, -0.00330869108438, 0.00051128200721, 0.00354539696127, -0.00903128646314, 0.0198483206332]]
    },
    "spectral_contrast_coeffs": {
        "max": [-0.415104836226, -0.52243989706, -0.535774707794, -0.586466908455, -0.662388563156, -0.651344716549],
        "mean": [-0.701512813568, -0.720163166523, -0.713681042194, -0.740911185741, -0.769329428673, -0.748256146908],
        "min": [-0.879275739193, -0.899807453156, -0.89626544714, -0.871357381344, -0.8585242033, -0.850823819637],
        "stdev": [0.0598193928599, 0.0605852045119, 0.0576229207218, 0.0506129860878, 0.033401157707, 0.0261803586036]
    },
    "spectral_contrast_valleys": {
        "max": [-5.31795358658, -5.07863903046, -5.46376037598, -6.24257612228, -5.74425601959, -7.90244865417],
        "mean": [-6.48788881302, -6.33563232422, -7.09607553482, -7.18007946014, -6.82452106476, -9.16210842133],
        "min": [-7.97997760773, -7.70011901855, -8.22143936157, -8.25417613983, -8.74046611786, -10.4051570892],
        "stdev": [0.388982206583, 0.375651896, 0.367097526789, 0.303831845522, 0.314212411642, 0.396670877934]
    }
},
"rhythm": {
    "beats_count": 54,
    "beats_loudness": {
        "max": 0.0567492358387,
        "mean": 0.0340228490531,
        "min": 0.00999380741268,
        "stdev": 0.010255667381
    },
    "bpm": 100.265213013,
    "bpm_histogram_first_peak_bpm": 99,
    "bpm_histogram_first_peak_weight": 0.408163249493,
    "bpm_histogram_second_peak_bpm": 108,
    "bpm_histogram_second_peak_spread": 0.25,
    "bpm_histogram_second_peak_weight": 0.0566037744284,
    "danceability": 1.34047186375,
    "onset_rate": 3.04540991783,
    "beats_loudness_band_ratio": {
        "max": [0.667115807533, 0.560434579849, 0.561056435108, 0.635028660297, 0.453284263611, 0.280524998903],
        "mean": [0.169733539224, 0.192967057228, 0.230167597532, 0.153438106179, 0.160239055753, 0.139406442642],
        "min": [0.0283807367086, 0.0264317151159, 0.038344476372, 0.0284269601107, 0.0332626067102, 0.0423196293414],
        "stdev": [0.128057926893, 0.125012665987, 0.12520506978, 0.113011926413, 0.0878865197301, 0.0527707189322]
    },
    "beats_position": [0.545668900013, 1.10294783115, 1.66022670269, 2.21750569344, 2.7863945961, 3.36689329147, 3.94739222527, 4.55111122131, 5.14321994781, 5.73532867432, 6.33904743195, 6.94276618958, 7.53487491608, 8.13859367371, 8.73070240021, 9.33442115784, 9.93814086914, 10.5302495956, 11.1223583221, 11.7260770798, 12.3297958374, 12.933514595, 13.5140132904, 14.117732048, 14.7214508057, 15.3251695633, 15.9172782898, 16.5209980011, 17.1131057739, 17.7168254852, 18.3205432892, 18.9242630005, 19.5279808044, 20.1200904846, 20.7121982574, 21.3159179688, 21.9080276489, 22.5001354218, 23.1038551331, 23.7191829681, 24.3229026794, 24.9150104523, 25.5187301636, 26.1224479675, 26.7145576477, 27.3066654205, 27.9103851318, 28.5141029358, 29.1178226471, 29.7099323273, 30.3020401001, 30.9057598114, 31.5094776154, 32.1131973267],
