{
"metadata": {
    "version": {
        "essentia": "2.1-beta5",
        "essentia_git_sha": "Undefined",
        "extractor": "music 2.0"
    },
    "audio_properties": {
        "analysis": {
            "equal_loudness": 0,
            "length": 12.7477550507,
            "sample_rate": 44100,
            "start_time": 0,
            "downmix": "mix"
        },
        "bit_rate": 192000,
        "length": 186.850982666,
        "lossless": 0,
        "number_channels": 2,
        "replay_gain": 7.24816322327,
        "sample_rate": 48000,
        "codec": "mp3",
        "md5_encoded": "3c29995ac267d25fe0d088cca3bf07b9"
    },
    "tags": {
        "file_name": "Slovenia_Naj Bogovi Sliijo_Vili Resnik.mp3",
        "encoding": ["Lavf58.29.100"]
    }
},
"lowlevel": {
    "average_loudness": 0.701473593712,
    "barkbands_crest": {
        "max": 25.5659294128,
        "mean": 12.8366012573,
        "min": 2.94380307198,
        "stdev": 5.11024951935
    },
    "barkbands_flatness_db": {
        "max": 0.359523028135,
        "mean": 0.204048916698,
        "min": 0.0430792011321,
        "stdev": 0.054290253669
    },
    "barkbands_kurtosis": {
        "max": 74.8636932373,
        "mean": 11.5565748215,
        "min": -1.46806681156,
        "stdev": 11.6779098511
    },
    "barkbands_skewness": {
        "max": 6.78116798401,
        "mean": 2.10608530045,
        "min": -1.27920818329,
        "stdev": 1.26369333267
    },
    "barkbands_spread": {
        "max": 37.8466377258,
        "mean": 6.35172796249,
        "min": 0.669667720795,
        "stdev": 4.93580675125
    },
    "dissonance": {
        "max": 0.499999850988,
        "mean": 0.415829867125,
        "min": 0.185540542006,
        "stdev": 0.0564355030656
    },
    "dynamic_complexity": 5.55408906937,
    "erbbands_crest": {
        "max": 30.6396942139,
        "mean": 12.9316892624,
        "min": 3.83429741859,
        "stdev": 6.15211105347
    },
    "erbbands_flatness_db": {
        "max": 0.400975495577,
        "mean": 0.235140100121,
        "min": 0.118277668953,
        "stdev": 0.050342194736
    },
    "erbbands_kurtosis": {
        "max": 48.1514167786,
        "mean": 4.51541566849,
        "min": -1.46637499332,
        "stdev": 7.11657333374
    },
    "erbbands_skewness": {
        "max": 5.58947753906,
        "mean": 1.45554018021,
        "min": -1.24588131905,
        "stdev": 1.04799461365
    },
    "erbbands_spread": {
        "max": 61.6304588318,
        "mean": 16.7614994049,
        "min": 1.66554009914,
        "stdev": 8.86008548737
    },
    "hfc": {
        "max": 135.819549561,
        "mean": 8.47785568237,
        "min": 0.156470000744,
        "stdev": 14.3278474808
    },
    "loudness_ebu128": {
        "integrated": -33.6239280701,
        "loudness_range": 5.65553474426,
        "momentary": {
            "max": -27.3258686066,
            "mean": -36.3993377686,
            "min": -51.532951355,
            "stdev": 5.12392663956
        },
        "short_term": {
            "max": -30.791021347,
            "mean": -33.9539031982,
            "min": -36.9603881836,
            "stdev": 2.08811998367
        }
    },
    "melbands_crest": {
        "max": 29.3564224243,
        "mean": 15.1666688919,
        "min": 2.84813928604,
        "stdev": 6.04780435562
    },
    "melbands_flatness_db": {
        "max": 0.428678512573,
        "mean": 0.287618964911,
        "min": 0.0469910129905,
        "stdev": 0.0723695382476
    },
    "melbands_kurtosis": {
        "max": 72.3907852173,
        "mean": 12.3969402313,
        "min": -0.9189016819,
        "stdev": 11.3327169418
    },
    "melbands_skewness": {
        "max": 5.74418926239,
        "mean": 1.99476742744,
        "min": -0.789574205875,
        "stdev": 1.27663230896
    },
    "melbands_spread": {
        "max": 71.1092681885,
        "mean": 9.57276821136,
        "min": 1.15345656872,
        "stdev": 10.5319824219
    },
    "pitch_salience": {
        "max": 0.855347454548,
        "mean": 0.532343327999,
        "min": 0.137414515018,
        "stdev": 0.14077539742
    },
    "silence_rate_20dB": {
        "max": 1,
        "mean": 1,
        "min": 1,
        "stdev": 0
    },
    "silence_rate_30dB": {
        "max": 1,
        "mean": 0.98727273941,
        "min": 0,
        "stdev": 0.112095221877
    },
    "silence_rate_60dB": {
        "max": 1,
        "mean": 0.267272740602,
        "min": 0,
        "stdev": 0.44253513217
    },
    "spectral_centroid": {
        "max": 3020.0234375,
        "mean": 684.245178223,
        "min": 224.775985718,
        "stdev": 514.59576416
    },
    "spectral_complexity": {
        "max": 34,
        "mean": 8.76181793213,
        "min": 0,
        "stdev": 5.52050113678
    },
    "spectral_decrease": {
        "max": -3.78216728769e-11,
        "mean": -3.89238508092e-09,
        "min": -4.33703242209e-08,
        "stdev": 5.48613821039e-09
    },
    "spectral_energy": {
        "max": 0.175426661968,
        "mean": 0.0154597060755,
        "min": 0.000157482936629,
        "stdev": 0.0219452623278
    },
    "spectral_energyband_high": {
        "max": 0.00828269030899,
        "mean": 6.82187455823e-05,
        "min": 1.79402491085e-06,
        "stdev": 0.00045650350512
    },
    "spectral_energyband_low": {
        "max": 0.0179754570127,
        "mean": 0.000885974906851,
        "min": 3.25867426909e-06,
        "stdev": 0.00160887755919
    },
    "spectral_energyband_middle_high": {
        "max": 0.0335129275918,
        "mean": 0.00183471024502,
        "min": 1.65718211065e-05,
        "stdev": 0.00372481578961
    },
    "spectral_energyband_middle_low": {
        "max": 0.153860911727,
        "mean": 0.0130854202434,
        "min": 2.85169317067e-05,
        "stdev": 0.0189743135124
    },
    "spectral_entropy": {
        "max": 8.24247264862,
        "mean": 6.55936336517,
        "min": 4.93903303146,
        "stdev": 0.581197857857
    },
    "spectral_flux": {
        "max": 0.31706699729,
        "mean": 0.0358439870179,
        "min": 0.00345155363902,
        "stdev": 0.0360800623894
    },
    "spectral_kurtosis": {
        "max": 45.5584373474,
        "mean": 14.9454116821,
        "min": 1.91100931168,
        "stdev": 6.95143842697
    },
    "spectral_rms": {
        "max": 0.0130823524669,
        "mean": 0.00323472893797,
        "min": 0.000391971814679,
        "stdev": 0.00214922754094
    },
    "spectral_rolloff": {
        "max": 5383.30078125,
        "mean": 762.433898926,
        "min": 193.798828125,
        "stdev": 668.40057373
    },
    "spectral_skewness": {
        "max": 5.39790678024,
        "mean": 2.93729925156,
        "min": 0.985432326794,
        "stdev": 0.754936814308
    },
    "spectral_spread": {
        "max": 23774548,
        "mean": 2931517.75,
        "min": 1709204,
        "stdev": 1171293.25
    },
    "spectral_strongpeak": {
        "max": 6.8712053299,
        "mean": 1.0680359602,
        "min": 0,
        "stdev": 1.13916361332
    },
    "zerocrossingrate": {
        "max": 0.11865234375,
        "mean": 0.0317498221993,
        "min": 0.0078125,
        "stdev": 0.0211718622595
    },
    "barkbands": {
        "max": [0.000391282490455, 0.00440147332847, 0.0123242866248, 0.00877974927425, 0.103856630623, 0.0247737430036, 0.0265056341887, 0.126248091459, 0.0128346625715, 0.0170768704265, 0.0302592478693, 0.00496851792559, 0.00275217997842, 0.00254777818918, 0.00192681350745, 0.0032199441921, 0.00530769024044, 0.00253078970127, 0.00331657845527, 0.000406767358072, 0.00127010792494, 0.00191870727576, 0.00212990515865, 0.00181090948172, 0.000770481477957, 0.000144687699503, 2.8879085221e-06],
        "mean": [1.27608609546e-05, 0.000116480616271, 0.000402830337407, 0.000597631151322, 0.00364645733498, 0.00127385661472, 0.00215926859528, 0.0048092068173, 0.000482782779727, 0.000637452059891, 0.000408337073168, 0.000149813073222, 0.000149460684042, 0.000148011633428, 8.44876194606e-05, 8.708252426e-05, 0.000100981276773, 5.63813628105e-05, 5.95147248532e-05, 1.60065737873e-05, 1.73572880158e-05, 1.79769740498e-05, 1.1385275684e-05, 7.50228082325e-06, 5.30153829459e-06, 1.08856215775e-06, 3.21723518937e-07],
        "min": [6.37050945329e-08, 8.64423952862e-07, 1.52022465727e-07, 1.08523110498e-07, 6.5546123551e-07, 2.00159320229e-06, 2.08043888961e-06, 1.98904876925e-06, 7.73320550707e-07, 5.31696173312e-07, 1.30413513943e-06, 7.75750024218e-08, 2.83374589571e-07, 5.54369478323e-07, 3.14986522199e-07, 1.01539349373e-07, 1.82900294021e-07, 1.42713730611e-07, 1.87937445162e-07, 1.40775298973e-07, 1.5523939112e-07, 1.79487088303e-07, 1.68794485944e-07, 2.41867581963e-07, 2.73002143558e-07, 1.64310392847e-07, 3.54429339211e-08],
        "stdev": [2.78883708233e-05, 0.000289087416604, 0.000786901975516, 0.0012214431772, 0.00693640485406, 0.00227148481645, 0.00397762656212, 0.0120133310556, 0.00113014853559, 0.00195376761258, 0.00177871249616, 0.000390122382669, 0.000375163654098, 0.000290108990157, 0.000175861336174, 0.00023503889679, 0.000378827244276, 0.000188892605365, 0.000231767771766, 4.42159325758e-05, 8.52910088724e-05, 0.000127343068016, 0.000108616543002, 8.2930760982e-05, 4.86685130454e-05, 7.92489117885e-06, 2.46465930331e-07]
    },
    "erbbands": {
        "max": [0.0440773814917, 1.48747491837, 12.0089969635, 22.3736534119, 148.567306519, 351.840881348, 517.646972656, 90.567817688, 305.659515381, 1849.21875, 2439.58398438, 378.226257324, 188.715515137, 971.061767578, 443.953399658, 256.309356689, 130.766387939, 127.235870361, 109.216896057, 102.150047302, 120.935714722, 212.044540405, 285.447601318, 247.168197632, 31.132440567, 21.6699771881, 40.8657226562, 74.0936431885, 68.8348922729, 64.6035385132, 71.3226623535, 58.3321609497, 14.6295757294, 11.7637033463, 4.53464078903, 0.77637398243, 0.273242771626, 0.0103098060936, 0.000910421658773, 0.000229569050134],
        "mean": [0.00188284553587, 0.0358057878911, 0.342046827078, 1.57648670673, 4.82487535477, 15.0423297882, 14.6388511658, 7.7188706398, 22.7023448944, 56.0063705444, 102.252471924, 18.7908763885, 9.26192951202, 31.3322505951, 8.83653736115, 7.65519809723, 6.94547271729, 8.29501819611, 4.9752831459, 4.11415052414, 5.28985452652, 4.62427759171, 4.92886829376, 4.01578140259, 1.1804265976, 0.717110753059, 0.714085280895, 0.652980089188, 0.624170422554, 0.446326255798, 0.36204341054, 0.229802563787, 0.0871359109879, 0.070891417563, 0.0266996100545, 0.00645910669118, 0.00182773021515, 0.000397838739445, 5.86977257626e-05, 1.94684380403e-05],
        "min": [2.66342467512e-05, 0.000215416424908, 0.000355970172677, 0.000923421466723, 0.000691990717314, 0.0017322251806, 0.00424529146403, 0.0297536756843, 0.0266131591052, 0.0168992970139, 0.0665723755956, 0.068765245378, 0.0349554494023, 0.0814241021872, 0.0459795035422, 0.00720997806638, 0.0501623414457, 0.0453954786062, 0.0246010795236, 0.0169130843133, 0.0121326800436, 0.0161441452801, 0.00810507871211, 0.00836135819554, 0.00833278428763, 0.00651733810082, 0.00599948875606, 0.00627436256036, 0.00559696368873, 0.0061532962136, 0.00520037394017, 0.00488670310006, 0.00377526809461, 0.00304391398095, 0.00160264631268, 0.00074495311128, 0.000229712823057, 9.69811735558e-05, 5.50956110601e-06, 4.90442459977e-07],
        "stdev": [0.00325223547406, 0.0913184136152, 0.707451999187, 3.00716376305, 9.02871990204, 27.4995441437, 36.6160049438, 11.0153980255, 35.0681304932, 135.216156006, 264.874755859, 40.4207801819, 20.1520118713, 96.9489364624, 30.8565597534, 19.9667568207, 16.1758174896, 15.1248416901, 9.13406944275, 8.5678730011, 12.3277168274, 16.3562831879, 17.7498054504, 16.4970283508, 3.28969955444, 1.99579489231, 2.57020449638, 4.1029458046, 4.41710042953, 3.65905737877, 3.61768078804, 2.70691156387, 0.721101045609, 0.660288333893, 0.252232283354, 0.0489108152688, 0.0138548007235, 0.000632848765235, 6.6811182478e-05, 2.70513664873e-05]
    },
    "gfcc": {
        "mean": [-113.077545166, 124.257843018, -116.090515137, -12.6350545883, -58.7541275024, -13.1064577103, -42.70885849, 0.739544928074, -18.468711853, -1.14774882793, -14.4828662872, -5.69423151016, -15.6800537109],
        "cov": [[4391.47021484, 541.488647461, -1007.75817871, 266.942871094, -18.7238445282, -419.640228271, 103.593063354, -197.351959229, -173.73387146, -318.165618896, -57.7144470215, -40.4701881409, 108.536117554], [541.488647461, 1065.4552002, 503.337249756, -176.855834961, 27.7605800629, -269.841888428, -105.907463074, -187.510772705, -174.223068237, -208.67906189, -43.1873626709, -113.572158813, -9.20805549622], [-1007.75817871, 503.337249756, 955.147399902, -27.3927021027, -4.46065616608, 67.9303512573, -189.042892456, -147.351394653, -135.965652466, -86.8593063354, -68.0726928711, -70.034324646, -49.5237121582], [266.942871094, -176.855834961, -27.3927021027, 336.452606201, 108.4168396, 109.391471863, -23.4160385132, -101.447975159, -82.2973403931, -41.7192382812, -52.92628479, 10.2915372849, 26.1209716797], [-18.7238445282, 27.7605800629, -4.46065616608, 108.4168396, 159.413375854, 55.906578064, -6.12153339386, -59.7220802307, -54.9038238525, -17.6556148529, -18.159362793, -14.6770000458, 18.5533180237], [-419.640228271, -269.841888428, 67.9303512573, 109.391471863, 55.906578064, 253.658676147, 10.6715335846, -17.3752784729, -8.5638217926, 34.6063575745, -29.9854888916, 22.401802063, 21.2103691101], [103.593063354, -105.907463074, -189.042892456, -23.4160385132, -6.12153339386, 10.6715335846, 182.615921021, 147.410354614, 80.9806060791, 36.830406189, 19.9872303009, -17.0261955261, -24.8633346558], [-197.351959229, -187.510772705, -147.351394653, -101.447975159, -59.7220802307, -17.3752784729, 147.410354614, 258.24798584, 163.016311646, 99.0947723389, 58.2572631836, -13.4245662689, -70.5020294189], [-173.73387146, -174.223068237, -135.965652466, -82.2973403931, -54.9038238525, -8.5638217926, 80.9806060791, 163.016311646, 173.09715271, 106.538803101, 47.2144393921, 4.81791400909, -43.9720497131], [-318.165618896, -208.67906189, -86.8593063354, -41.7192382812, -17.6556148529, 34.6063575745, 36.830406189, 99.0947723389, 106.538803101, 130.663619995, 57.7477836609, 16.2828845978, -23.8275814056], [-57.7144470215, -43.1873626709, -68.0726928711, -52.92628479, -18.159362793, -29.9854888916, 19.9872303009, 58.2572631836, 47.2144393921, 57.7477836609, 77.0175018311, 24.9352626801, -22.1802883148], [-40.4701881409, -113.572158813, -70.034324646, 10.2915372849, -14.6770000458, 22.401802063, -17.0261955261, -13.4245662689, 4.81791400909, 16.2828845978, 24.9352626801, 75.0847930908, 36.548625946], [108.536117554, -9.20805549622, -49.5237121582, 26.1209716797, 18.5533180237, 21.2103691101, -24.8633346558, -70.5020294189, -43.9720497131, -23.8275814056, -22.1802883148, 36.548625946, 90.1229171753]],
        "icov": [[0.00176320283208, -0.00395078677684, 0.00436184601858, -0.00394729245454, 0.00440390268341, -0.0020929435268, 0.00164569146, -0.00110836711247, 0.000550340686459, 0.000727029459085, -0.000318129285006, 0.00109623046592, 0.000124641606817], [-0.00395078677684, 0.0161494575441, -0.0137120932341, 0.0124185159802, -0.0137938875705, 0.0111371008679, -0.00792242120951, 0.00849997345358, -0.00440042372793, 0.00692369602621, -0.00533555122092, 0.00358538818546, -0.00312758563086], [0.00436184601858, -0.0137120932341, 0.0149231590331, -0.0109413815662, 0.0134630342945, -0.0100232120603, 0.00860383920372, -0.00636889319867, 0.00428920704871, -0.00219959812239, 0.00278373714536, 0.00105439405888, 0.00346509017982], [-0.00394729245454, 0.0124185159802, -0.0109413815662, 0.0158712603152, -0.0141982994974, 0.00650195311755, -0.00599803216755, 0.00655339006335, -0.00128744891845, 0.00206514168531, 0.0013476308668, -0.0021130668465, 0.00138114346191], [0.00440390268341, -0.0137938875705, 0.0134630342945, -0.0141982994974, 0.0231088008732, -0.010463536717, 0.00574183696881, -0.0045882682316, 0.00497710192576, -0.00334764597937, -0.00122683274094, 0.00510805239901, -0.000329902104568], [-0.0020929435268, 0.0111371008679, -0.0100232120603, 0.00650195311755, -0.010463536717, 0.0158168170601, -0.00859007891268, 0.00681185908616, -0.00164229108486, 6.69492073939e-05, 0.00195429683663, -0.00160351791419, -0.00199565989897], [0.00164569146, -0.00792242120951, 0.00860383920372, -0.00599803216755, 0.00574183696881, -0.00859007891268, 0.019065214321, -0.0141290361062, 0.00238326448016, 0.000712996872608, 0.00067753175972, 0.00321967876516, -0.00106623093598], [-0.00110836711247, 0.00849997345358, -0.00636889319867, 0.00655339006335, -0.0045882682316, 0.00681185908616, -0.0141290361062, 0.0237645339221, -0.0119259040803, 0.00507593015209, -0.00682622520253, 0.00397366844118, 0.00306995562278], [0.000550340686459, -0.00440042372793, 0.00428920704871, -0.00128744891845, 0.00497710192576, -0.00164229108486, 0.00238326448016, -0.0119259040803, 0.0258864313364, -0.0179490726441, 0.0110521316528, -0.00643887463957, 0.00552368862554], [0.000727029459085, 0.00692369602621, -0.00219959812239, 0.00206514168531, -0.00334764597937, 6.69492073939e-05, 0.000712996872608, 0.00507593015209, -0.0179490726441, 0.0376216284931, -0.0248026400805, 0.0138952117413, -0.00768456980586], [-0.000318129285006, -0.00533555122092, 0.00278373714536, 0.0013476308668, -0.00122683274094, 0.00195429683663, 0.00067753175972, -0.00682622520253, 0.0110521316528, -0.0248026400805, 0.0426020920277, -0.0244221370667, 0.0148405283689], [0.00109623046592, 0.00358538818546, 0.00105439405888, -0.0021130668465, 0.00510805239901, -0.00160351791419, 0.00321967876516, 0.00397366844118, -0.00643887463957, 0.0138952117413, -0.0244221370667, 0.0373372398317, -0.0170596539974], [0.000124641606817, -0.00312758563086, 0.00346509017982, 0.00138114346191, -0.000329902104568, -0.00199565989897, -0.00106623093598, 0.00306995562278, 0.00552368862554, -0.00768456980586, 0.0148405283689, -0.0170596539974, 0.0260093118995]]
    },
    "melbands": {
        "max": [0.000719887204468, 0.00469513982534, 0.00629340019077, 0.0173537731171, 0.0191970895976, 0.00245937821455, 0.00525652663782, 0.0247836951166, 0.0187063589692, 0.00217238930054, 0.000936821161304, 0.00357782631181, 0.00237417477183, 0.000620662525762, 0.000301927531837, 0.000381374527933, 0.000286607217276, 0.00015129816893, 0.000158252951223, 0.000299671373796, 0.000179717550054, 0.000185336932191, 0.000432402070146, 0.000130968954181, 0.000235120722209, 2.54344267887e-05, 2.39657274506e-05, 1.28806977955e-05, 2.11230999412e-05, 3.37796700478e-05, 6.29026617389e-05, 3.91923094867e-05, 2.58124382526e-05, 4.3459047447e-05, 5.93754812144e-05, 1.99030382646e-05, 3.40282131219e-05, 8.69839641382e-06, 5.99819259151e-06, 1.4000082956e-05],
        "mean": [2.43997710641e-05, 0.000149279105244, 0.000330508250045, 0.000715591188055, 0.000577352126129, 0.000199017202249, 0.000397681258619, 0.000673862290569, 0.000765618286096, 6.98875883245e-05, 4.22853408963e-05, 0.000127411462017, 3.76173193217e-05, 1.82655439858e-05, 1.46273760038e-05, 1.68589285749e-05, 1.56020105351e-05, 8.09436915006e-06, 6.25935399512e-06, 5.97092912358e-06, 6.15659928371e-06, 4.3538425416e-06, 6.05776631346e-06, 2.72111083177e-06, 3.69109329768e-06, 7.6937516269e-07, 6.58678743548e-07, 4.22528927402e-07, 4.51825115988e-07, 4.18837146299e-07, 3.93698371681e-07, 3.54621363385e-07, 2.85382157017e-07, 2.38794768848e-07, 2.62979455101e-07, 1.23126994822e-07, 1.27757843416e-07, 5.52891030736e-08, 5.09142523697e-08, 6.95804445172e-08],
        "min": [3.33467824021e-07, 3.75784736661e-07, 2.09712595733e-07, 6.11366317571e-08, 9.43874809423e-08, 6.91730349445e-07, 4.02585726533e-07, 1.41203386761e-07, 2.36337243109e-07, 2.2587641979e-07, 4.2081513385e-08, 2.61269946122e-07, 2.31912949289e-07, 1.20512222423e-08, 7.42245198637e-09, 3.6564692607e-08, 7.07369949282e-08, 3.98101072108e-08, 2.4946938737e-08, 9.92968463009e-09, 1.46329863782e-08, 9.21770748619e-09, 7.81861508869e-09, 6.20639273308e-09, 6.04301275686e-09, 4.46742021154e-09, 4.58310056572e-09, 3.40053252224e-09, 2.67553046385e-09, 2.49278464537e-09, 2.83166934345e-09, 2.40549336006e-09, 3.06862335542e-09, 2.84124390681e-09, 2.72477329588e-09, 2.67415933841e-09, 2.62278421204e-09, 2.17421836091e-09, 2.46483233823e-09, 2.38836483923e-09],
        "stdev": [5.06375581608e-05, 0.000293930410407, 0.000552975747269, 0.00124882464297, 0.00137934077065, 0.000298566534184, 0.000668064574711, 0.00172881537583, 0.00200949795544, 0.000171321022208, 9.90758344415e-05, 0.000398618489271, 0.000146238511661, 5.1302191423e-05, 2.99988387269e-05, 4.62635107397e-05, 3.14685566991e-05, 1.43919296534e-05, 1.28794899865e-05, 1.77841338882e-05, 1.48662356878e-05, 1.37617835207e-05, 2.65401558863e-05, 9.22727031138e-06, 1.59918999998e-05, 2.05416699828e-06, 2.09356926462e-06, 1.1834832776e-06, 1.3993480934e-06, 2.12464692595e-06, 3.07172558678e-06, 2.50382117883e-06, 1.92673269339e-06, 2.27817645282e-06, 2.88808632831e-06, 1.19890455608e-06, 1.56112582772e-06, 4.42545825763e-07, 3.62613519655e-07, 7.36550816782e-07]
    },
    "melbands128": {
        "max": [0.000255798659055, 0.000374660565285, 0.000576278020162, 0.00282633374445, 0.0059223449789, 0.00585638079792, 0.00563475955278, 0.00624777888879, 0.0177197959274, 0.0141088264063, 0.0192658472806, 0.028026567772, 0.0205948501825, 0.00758910318837, 0.000939512276091, 0.00257386220619, 0.00277495966293, 0.00746673904359, 0.00990749616176, 0.0202630534768, 0.0459871776402, 0.0204020347446, 0.0322593562305, 0.00289861857891, 0.00190407724585, 0.00368710863404, 0.00128842308186, 0.00183692248538, 0.000523759284988, 0.00507989898324, 0.00640631886199, 0.00807476881891, 0.00090056163026, 0.00323560484685, 0.000433931185398, 0.000923487299588, 0.00117355701514, 0.000258695392404, 0.000665461004246, 0.000322213891195, 0.000727670092601, 0.000283875124296, 0.000241510773776, 0.000626698310953, 0.000109028078441, 0.000132704386488, 0.000457500660559, 0.000253103818977, 0.000161083677085, 7.64189899201e-05, 0.000533543410711, 0.000365467043594, 0.000324538501445, 0.000163136894116, 0.000192396633793, 0.000199100817554, 0.000268063828116, 0.000954222050495, 0.000139832598506, 0.000406493694754, 5.21067486261e-05, 1.46307957039e-05, 0.000411260232795, 0.000273186946288, 3.41048325936e-05, 1.48299695866e-05, 5.56424201932e-05, 3.24029097101e-05, 2.35815459746e-05, 3.38682220899e-05, 1.62132273545e-05, 3.84609411412e-05, 1.68563765328e-05, 4.15996364609e-05, 1.15252378237e-05, 5.76801357965e-05, 2.34260787693e-05, 1.96163546207e-05, 0.000102920472273, 0.000102473182778, 8.14957911643e-06, 8.90115479706e-05, 5.54047182959e-05, 3.26468907588e-05, 2.66922652372e-05, 4.58406066173e-05, 7.2643756539e-06, 0.000139781725011, 7.28136583348e-05, 3.21931984217e-05, 2.02737046493e-05, 1.61793777806e-05, 8.92240495887e-05, 3.54306321242e-05, 7.1708905125e-06, 7.93795516074e-06, 7.01646831658e-06, 1.56061232701e-05, 4.51124333267e-06, 4.95723497806e-06, 4.24940435551e-06, 2.59692315012e-05, 1.52716092998e-05, 1.59462124429e-05, 1.19837568491e-06, 1.30437592816e-06, 1.15593957162e-06, 1.19421360978e-06, 1.19512196761e-06, 1.99981695914e-06, 2.47156003752e-06, 1.02114211131e-06, 7.34058517082e-07, 4.40664791768e-07, 8.8041986146e-08, 1.86220994181e-08, 3.05588123695e-08, 1.63471760573e-08, 3.40275150279e-08, 3.31428857692e-08, 3.60473499939e-08, 1.90587012838e-08, 5.82713477471e-09, 3.84754983429e-09, 3.84270082421e-09, 3.84367870865e-09, 3.83961795691e-09, 3.81444742459e-09],
        "mean": [8.41054406919e-06, 1.16001274364e-05, 2.2549120331e-05, 6.39409699943e-05, 0.000118132884381, 0.000228741846513, 0.000334430689691, 0.000264455593424, 0.000447012047516, 0.000734283355996, 0.000932431197725, 0.000781421782449, 0.00052644405514, 0.000289313815301, 5.95247547608e-05, 0.000255370221566, 0.000275909522315, 0.000344677711837, 0.000730636238586, 0.000519120367244, 0.000727262406144, 0.000824406102765, 0.00115939427633, 0.000145649668411, 4.04911770602e-05, 5.44177091797e-05, 2.19049798034e-05, 4.81751594634e-05, 2.15828877117e-05, 0.000157715534442, 0.000163617514772, 8.28671982163e-05, 1.40441843541e-05, 2.50929733738e-05, 6.58276167087e-06, 2.21834980039e-05, 2.80625718005e-05, 8.52575794852e-06, 1.27274633996e-05, 1.38098021125e-05, 2.27882210311e-05, 1.15906386782e-05, 1.26243303384e-05, 2.40617373493e-05, 7.82360348239e-06, 4.41209340352e-06, 8.76430658536e-06, 6.41339829599e-06, 5.42427733308e-06, 3.84523491448e-06, 6.62308366373e-06, 7.32956959837e-06, 7.2489779086e-06, 3.91914682041e-06, 7.32301077733e-06, 2.09605286727e-06, 3.2604145872e-06, 1.01964960777e-05, 3.08756352752e-06, 7.05922229827e-06, 1.61412629041e-06, 6.50176275485e-07, 4.67199470222e-06, 5.00660098623e-06, 9.1389034651e-07, 4.42042221493e-07, 9.37184836403e-07, 6.50580432193e-07, 6.74171189985e-07, 4.97746043493e-07, 3.32033437189e-07, 4.74861423072e-07, 4.33857536564e-07, 5.4643646763e-07, 2.5584253649e-07, 6.47594902148e-07, 3.10622425559e-07, 2.11631970615e-07, 4.87348302158e-07, 5.58198962608e-07, 1.46282502556e-07, 4.62338903162e-07, 3.86343202763e-07, 1.95541431935e-07, 2.49560997645e-07, 2.765322904e-07, 8.02418611556e-08, 4.86844953684e-07, 3.04570477283e-07, 1.10103648865e-07, 9.49784606519e-08, 6.65177850578e-08, 2.73217409585e-07, 1.31699437134e-07, 5.41460316583e-08, 5.9406826125e-08, 5.25180574584e-08, 6.38477217763e-08, 4.90482712223e-08, 4.36169997897e-08, 4.29246753697e-08, 8.77109442854e-08, 8.11278297874e-08, 6.19813462777e-08, 1.40151330541e-08, 9.42007982729e-09, 1.12552509535e-08, 9.73052127762e-09, 9.65314317369e-09, 1.35561961656e-08, 9.9568602252e-09, 5.52892265304e-09, 6.20648599181e-09, 3.37493721858e-09, 1.88119941846e-09, 2.94614821428e-09, 4.79958250921e-09, 1.70378500197e-09, 1.56382518046e-09, 1.54079038417e-09, 1.46962919612e-09, 1.34604494217e-09, 8.91037243989e-10, 5.26281657143e-11, 1.27236398501e-11, 1.05095021227e-11, 9.32097368039e-12, 9.0969107247e-12],
        "min": [1.28450849957e-08, 1.67465401546e-07, 2.09905280713e-07, 4.7917794177e-08, 7.76841844186e-08, 9.14003521757e-08, 8.84169750748e-08, 5.76440122302e-08, 3.53335209979e-08, 2.80159788701e-08, 2.44827713658e-08, 5.00820505067e-08, 2.39233521881e-08, 5.28492165586e-08, 1.41412286325e-07, 3.64557621424e-07, 1.63198421888e-07, 1.25472212176e-07, 2.1207522849e-08, 4.13464249505e-08, 4.12484162382e-08, 1.32567365085e-07, 1.87461409951e-07, 5.53986652108e-08, 1.4506642998e-08, 1.23525403239e-08, 1.54690074083e-08, 1.58314534815e-08, 2.03526315801e-08, 4.39665512886e-08, 1.02539750912e-07, 1.42618802101e-07, 1.29172441632e-08, 3.95781940554e-09, 2.77411649208e-09, 4.0742498264e-09, 4.41099201609e-09, 2.79065126563e-09, 3.81509979164e-09, 9.91052395705e-09, 1.06227355801e-08, 4.25044710539e-09, 1.98062206636e-08, 2.51399008278e-08, 9.17261200328e-09, 8.26442470014e-09, 8.72251071371e-09, 2.1398644634e-08, 9.63474544591e-09, 1.09093256651e-09, 2.11210227086e-09, 3.63837315831e-09, 1.46631895515e-09, 3.79768394509e-09, 4.01774036263e-09, 2.5090156619e-09, 2.92767521337e-09, 3.9544381103e-09, 4.36921876457e-09, 3.37405081652e-09, 2.47122411423e-09, 2.79035905493e-09, 4.59433291411e-09, 4.03940747518e-09, 1.95139704395e-09, 2.10586814653e-09, 2.96576452286e-09, 2.34769803598e-09, 2.17646078937e-09, 2.21693663427e-09, 1.09292463968e-09, 1.71044478581e-09, 1.93474680721e-09, 1.32107369488e-09, 1.62864921549e-09, 1.54499990579e-09, 1.2502707758e-09, 1.39680544908e-09, 2.71209388281e-09, 2.37779573808e-09, 1.62266233783e-09, 1.44656675527e-09, 1.60104307589e-09, 1.65682356723e-09, 1.468364208e-09, 2.00160288344e-09, 1.52975865308e-09, 1.77423331582e-09, 1.15612874829e-09, 1.54541945907e-09, 1.59853763559e-09, 1.65036184718e-09, 1.84825210692e-09, 1.46825451797e-09, 1.6798716862e-09, 1.73027714379e-09, 1.51869139486e-09, 1.20080578814e-09, 1.68188851735e-09, 1.53680845827e-09, 1.45780199023e-09, 1.99715533e-09, 1.55498414145e-09, 7.67054253448e-10, 9.45889588877e-10, 1.00380226353e-09, 6.63287813563e-10, 8.25264023785e-10, 6.1413135688e-10, 6.15970996432e-10, 6.75486833135e-10, 4.68408478671e-10, 5.02175856454e-10, 3.50998896614e-10, 2.20103990589e-10, 4.20915108323e-10, 5.21807597131e-10, 3.18885404194e-11, 4.80782514495e-12, 4.86534857541e-12, 5.1408521537e-12, 3.0472764069e-12, 3.68057667677e-12, 3.1644548093e-12, 1.82286585999e-12, 6.36035820366e-13, 8.96945413992e-14, 2.35979821567e-15],
        "stdev": [1.67068628798e-05, 2.16592125071e-05, 4.78859074065e-05, 0.000183714757441, 0.000327604822814, 0.000432469998486, 0.000708198000211, 0.0005477553932, 0.0010183918057, 0.00145953602623, 0.00171218102332, 0.00223896582611, 0.00141156546306, 0.000795600528363, 0.000111075649329, 0.000383055041311, 0.000423725578003, 0.000704530626535, 0.00159072945826, 0.00146365736146, 0.00295730796643, 0.00219543231651, 0.00339551782236, 0.000343276100466, 0.000141316806548, 0.000267669645837, 8.12807193142e-05, 0.000157947084517, 5.3684500017e-05, 0.000594195560552, 0.000539768021554, 0.000434306246461, 5.74766272621e-05, 0.000166512894793, 2.54828009929e-05, 6.83808248141e-05, 9.11886309041e-05, 2.13474759221e-05, 4.80539674754e-05, 3.94407543354e-05, 8.11093268567e-05, 2.90474217763e-05, 2.79357846011e-05, 6.42641607556e-05, 1.75582772499e-05, 1.2296355635e-05, 2.94865549222e-05, 1.69615086634e-05, 1.22447336253e-05, 8.98421239981e-06, 2.90281059279e-05, 2.30293335335e-05, 2.45616338361e-05, 1.25282977024e-05, 1.76573248609e-05, 9.41626331041e-06, 1.64971243066e-05, 6.11787545495e-05, 1.10339287858e-05, 2.93931643682e-05, 4.45991008746e-06, 1.51011431626e-06, 2.68510193564e-05, 1.98139878194e-05, 2.70637656286e-06, 1.3598167925e-06, 4.20927153755e-06, 2.6244347282e-06, 2.13110365621e-06, 2.23655047193e-06, 9.63889192462e-07, 2.05023775379e-06, 1.33359310439e-06, 2.29072270486e-06, 8.29204793718e-07, 3.92286256101e-06, 1.57785848387e-06, 1.07767584723e-06, 4.73378167953e-06, 5.0343824114e-06, 6.03418413903e-07, 4.24897916673e-06, 3.20918343277e-06, 1.59902117502e-06, 1.84646376056e-06, 2.76988726e-06, 4.54136284134e-07, 6.50867013974e-06, 3.56671762347e-06, 1.40580948482e-06, 9.20242541724e-07, 7.02331362845e-07, 3.99857026423e-06, 1.63814115695e-06, 4.08639408533e-07, 4.83547978547e-07, 3.95616353899e-07, 7.01217231835e-07, 3.32178444751e-07, 3.10135220616e-07, 3.19500230717e-07, 1.16688613616e-06, 8.81779442352e-07, 7.46289288145e-07, 8.2068495999e-08, 6.13739459254e-08, 7.27987483629e-08, 6.24531111271e-08, 6.64536443651e-08, 1.23803715724e-07, 1.09223627476e-07, 4.47961987504e-08, 4.93180642991e-08, 2.31045422794e-08, 5.51319478959e-09, 1.86112081302e-09, 3.3964677737e-09, 1.47580403453e-09, 2.22147700235e-09, 2.31306218623e-09, 2.08139327995e-09, 1.32632327343e-09, 9.01620333948e-10, 1.74133887865e-10, 1.63562510758e-10, 1.63694349742e-10, 1.63570684775e-10, 1.62505633949e-10]
    },
    "mfcc": {
        "mean": [-766.434631348, 173.4478302, -9.32923698425, 3.89491915703, -4.25244808197, -13.1572637558, -14.7253570557, -8.38051891327, -6.07335519791, -2.94415259361, 0.759150087833, -0.429655700922, -3.88927149773],
        "cov": [[5276.89453125, 8.245677948, -1093.47106934, 468.304290771, -285.356140137, -63.2136688232, -27.2749195099, 59.5288467407, -61.2505111694, -255.87121582, -188.802078247, -62.6749076843, -117.638763428], [8.245677948, 1245.19152832, 436.768737793, 35.8733215332, 36.3236122131, -186.59765625, -15.7883329391, -119.592071533, -142.681259155, -125.111808777, -119.646087646, -101.127716064, -72.5380325317], [-1093.47106934, 436.768737793, 791.432739258, -26.3588523865, 154.877761841, 56.8718070984, -3.34142041206, -79.4950332642, -76.719619751, -71.7015151978, -84.512046814, -63.0836830139, -20.4947566986], [468.304290771, 35.8733215332, -26.3588523865, 204.975250244, 55.6050643921, 42.1897087097, 25.6725349426, -15.7377080917, -21.2948760986, -53.5048370361, -66.1810836792, -18.2210102081, -22.8214607239], [-285.356140137, 36.3236122131, 154.877761841, 55.6050643921, 190.065673828, 131.446380615, 25.8967056274, -55.0189857483, -48.5902938843, -43.0275535583, -83.2094726562, -53.9505958557, -20.4201927185], [-63.2136688232, -186.59765625, 56.8718070984, 42.1897087097, 131.446380615, 243.950912476, 60.2421798706, -22.3868503571, -11.2737989426, -45.371711731, -98.3795928955, -62.6675720215, -26.3642406464], [-27.2749195099, -15.7883329391, -3.34142041206, 25.6725349426, 25.8967056274, 60.2421798706, 107.007995605, 32.802230835, 14.1750202179, 12.2018384933, -20.0946769714, -18.0345954895, -11.1210536957], [59.5288467407, -119.592071533, -79.4950332642, -15.7377080917, -55.0189857483, -22.3868503571, 32.802230835, 103.528884888, 61.2670211792, 35.9043045044, 53.3417854309, 37.0706214905, 21.4823188782], [-61.2505111694, -142.681259155, -76.719619751, -21.2948760986, -48.5902938843, -11.2737989426, 14.1750202179, 61.2670211792, 108.611579895, 77.8941497803, 48.5615768433, 35.8099021912, 20.2615852356], [-255.87121582, -125.111808777, -71.7015151978, -53.5048370361, -43.0275535583, -45.371711731, 12.2018384933, 35.9043045044, 77.8941497803, 151.018051147, 113.096893311, 41.2250137329, 19.5438804626], [-188.802078247, -119.646087646, -84.512046814, -66.1810836792, -83.2094726562, -98.3795928955, -20.0946769714, 53.3417854309, 48.5615768433, 113.096893311, 190.021728516, 99.4918518066, 28.7098426819], [-62.6749076843, -101.127716064, -63.0836830139, -18.2210102081, -53.9505958557, -62.6675720215, -18.0345954895, 37.0706214905, 35.8099021912, 41.2250137329, 99.4918518066, 136.368591309, 60.4408950806], [-117.638763428, -72.5380325317, -20.4947566986, -22.8214607239, -20.4201927185, -26.3642406464, -11.1210536957, 21.4823188782, 20.2615852356, 19.5438804626, 28.7098426819, 60.4408950806, 78.1751098633]],
        "icov": [[0.000569810217712, -0.00026013905881, 0.000776370812673, -0.00115957751404, 0.00118325080257, -0.00060064974241, 0.000698183197528, -0.000700999516994, 0.000591212359723, 0.000272705045063, 0.000460370531073, -6.41525548417e-05, 0.000538686756045], [-0.00026013905881, 0.00214479072019, -0.00123435992282, 0.000519250927027, -0.000963824451901, 0.00354694062844, -0.00202535092831, 0.00175163988024, -3.33644275088e-05, 0.00080069899559, 0.000623418251052, 0.000399129989091, 0.000872546923347], [0.000776370812673, -0.00123435992282, 0.00313931237906, -0.000763201736845, 3.75022245862e-05, -0.00153306149878, 0.00132385769393, -0.00093028426636, 0.000376824609702, 0.000888162816409, 8.84430264705e-05, 9.07144203666e-06, 0.00020070069877], [-0.00115957751404, 0.000519250927027, -0.000763201736845, 0.00906762667, -0.00489177182317, 0.00236882339232, -0.0029767730739, 0.00170845317189, -0.00211271434091, 0.00119605439249, 0.00103505933657, -0.00215186947025, 0.00134416017681], [0.00118325080257, -0.000963824451901, 3.75022245862e-05, -0.00489177182317, 0.0155089208856, -0.0078982366249, 0.00206135516055, -1.60048602993e-05, 0.00574574526399, -0.00336941168644, 0.00250340416096, -0.000239927670918, -0.000227586002438], [-0.00060064974241, 0.00354694062844, -0.00153306149878, 0.00236882339232, -0.0078982366249, 0.0148138739169, -0.00715213501826, 0.00426091812551, -0.00427667517215, 0.00414688279852, 0.00165605300572, 0.00140401965473, 0.00179940706585], [0.000698183197528, -0.00202535092831, 0.00132385769393, -0.0029767730739, 0.00206135516055, -0.00715213501826, 0.0181382987648, -0.0117407022044, 0.00611308170483, -0.00805480126292, 0.00529058184475, -0.00205545104109, 0.00265795993619], [-0.000700999516994, 0.00175163988024, -0.00093028426636, 0.00170845317189, -1.60048602993e-05, 0.00426091812551, -0.0117407022044, 0.0260989125818, -0.0152948237956, 0.0114242583513, -0.0101568941027, 0.00429894775152, -0.00506954453886], [0.000591212359723, -3.33644275088e-05, 0.000376824609702, -0.00211271434091, 0.00574574526399, -0.00427667517215, 0.00611308170483, -0.0152948237956, 0.028829395771, -0.0184885952622, 0.0119168963283, -0.00682303356007, 0.00352074764669], [0.000272705045063, 0.00080069899559, 0.000888162816409, 0.00119605439249, -0.00336941168644, 0.00414688279852, -0.00805480126292, 0.0114242583513, -0.0184885952622, 0.027647247538, -0.017592901364, 0.0091286804527, -0.00474824151024], [0.000460370531073, 0.000623418251052, 8.84430264705e-05, 0.00103505933657, 0.00250340416096, 0.00165605300572, 0.00529058184475, -0.0101568941027, 0.0119168963283, -0.017592901364, 0.0254950914532, -0.0145932110026, 0.00958194024861], [-6.41525548417e-05, 0.000399129989091, 9.07144203666e-06, -0.00215186947025, -0.000239927670918, 0.00140401965473, -0.00205545104109, 0.00429894775152, -0.00682303356007, 0.0091286804527, -0.0145932110026, 0.02218757011, -0.0137235932052], [0.000538686756045, 0.000872546923347, 0.00020070069877, 0.00134416017681, -0.000227586002438, 0.00179940706585, 0.00265795993619, -0.00506954453886, 0.00352074764669, -0.00474824151024, 0.00958194024861, -0.0137235932052, 0.0245416127145]]
    },
    "spectral_contrast_coeffs": {
        "max": [-0.353707790375, -0.364526033401, -0.515560567379, -0.586478769779, -0.627808451653, -0.632133245468],
        "mean": [-0.665323495865, -0.686596333981, -0.7501552701, -0.774928331375, -0.795641481876, -0.820659518242],
        "min": [-0.891997814178, -0.93463408947, -0.907171368599, -0.90360212326, -0.905212759972, -0.94860291481],
        "stdev": [0.101384043694, 0.119646653533, 0.0797711089253, 0.0524476133287, 0.0603159405291, 0.0435803718865]
    },
    "spectral_contrast_valleys": {
        "max": [-5.27868652344, -5.21944332123, -6.33653640747, -6.20552921295, -6.59458351135, -8.9746427536],
        "mean": [-7.83081769943, -7.22493982315, -8.31980991364, -8.86811542511, -9.27805995941, -11.7841901779],
        "min": [-9.83332538605, -9.2745513916, -10.3294219971, -10.7285451889, -10.4077281952, -12.2227096558],
        "stdev": [0.967612683773, 0.850297510624, 0.752959012985, 0.90679615736, 0.812667369843, 0.437657475471]
    }
},
"rhythm": {
    "beats_count": 15,
    "beats_loudness": {
        "max": 0.110650219023,
        "mean": 0.0331543907523,
        "min": 0.000298307189951,
        "stdev": 0.0383970998228
    },
    "bpm": 75.9395675659,
    "bpm_histogram_first_peak_bpm": 76,
    "bpm_histogram_first_peak_weight": 0.214285671711,
    "bpm_histogram_second_peak_bpm": 0,
    "bpm_histogram_second_peak_spread": 0,
    "bpm_histogram_second_peak_weight": 0,
    "danceability": 0.925138771534,
    "onset_rate": 1.95934510231,
    "beats_loudness_band_ratio": {
        "max": [0.754558265209, 0.718786895275, 0.925881505013, 0.344555675983, 0.0856599211693, 0.032718770206],
        "mean": [0.188484176993, 0.278569489717, 0.504823148251, 0.102536208928, 0.0282323099673, 0.00796218030155],
        "min": [0.00565557507798, 0.0104469358921, 0.0787090137601, 0.00467656785622, 0.0036270446144, 0.000395181385102],
        "stdev": [0.233444914222, 0.242301046848, 0.291017651558, 0.100499503314, 0.023664271459, 0.00920319650322]
    },
    "beats_position": [0.789478421211, 1.60217678547, 2.39165520668, 3.1811337471, 3.97061228752, 4.77170038223, 5.54956912994, 6.33904743195, 7.12852573395, 7.91800451279, 8.6958732605, 9.47374153137, 10.2399997711, 11.0526981354, 11.8537864685],
    "bpm_histogram": [0, 0, 0, 0, 0, 0, 0, 0, 0, 0, 0, 0, 0, 0, 0, 0, 0, 0, 0, 0, 0, 0, 0, 0, 0, 0, 0, 0, 0, 0, 0, 0, 0, 0, 0, 0, 0, 0, 0, 0, 0, 0, 0, 0, 0, 0, 0, 0, 0, 0, 0, 0, 0, 0, 0, 0, 0, 0, 0, 0, 0, 0, 0, 0, 0, 0, 0, 0, 0, 0, 0, 0, 0, 0, 0.142857149243, 0.142857149243, 0.428571432829, 0.214285716414, 0.0714285746217, 0, 0, 0, 0, 0, 0, 0, 0, 0, 0, 0, 0, 0, 0, 0, 0, 0, 0, 0, 0, 0, 0, 0, 0, 0, 0, 0, 0, 0, 0, 0, 0, 0, 0, 0, 0, 0, 0, 0, 0, 0, 0, 0, 0, 0, 0, 0, 0, 0, 0, 0, 0, 0, 0, 0, 0, 0, 0, 0, 0, 0, 0, 0, 0, 0, 0, 0, 0, 0, 0, 0, 0, 0, 0, 0, 0, 0, 0, 0, 0, 0, 0, 0, 0, 0, 0, 0, 0, 0, 0, 0, 0, 0, 0, 0, 0, 0, 0, 0, 0, 0, 0, 0, 0, 0, 0, 0, 0, 0, 0, 0, 0, 0, 0, 0, 0, 0, 0, 0, 0, 0, 0, 0, 0, 0, 0, 0, 0, 0, 0, 0, 0, 0, 0, 0, 0, 0, 0, 0, 0, 0, 0, 0, 0, 0, 0, 0, 0, 0, 0, 0, 0, 0, 0, 0, 0, 0, 0, 0, 0, 0, 0, 0, 0, 0, 0, 0, 0, 0, 0, 0]
},
