{
"metadata": {
    "version": {
        "essentia": "2.1-beta5",
        "essentia_git_sha": "Undefined",
        "extractor": "music 2.0"
    },
    "audio_properties": {
        "analysis": {
            "equal_loudness": 0,
            "length": 12.7477550507,
            "sample_rate": 44100,
            "start_time": 0,
            "downmix": "mix"
        },
        "bit_rate": 192000,
        "length": 206.692443848,
        "lossless": 0,
        "number_channels": 2,
        "replay_gain": -3.74234008789,
        "sample_rate": 48000,
        "codec": "mp3",
        "md5_encoded": "0875e44f372c6a6d900ef94751427c92"
    },
    "tags": {
        "file_name": "France_Où Aller_Marie-Line.mp3",
        "encoding": ["Lavf58.29.100"]
    }
},
"lowlevel": {
    "average_loudness": 0.000299456529319,
    "barkbands_crest": {
        "max": 19.4135303497,
        "mean": 6.68597745895,
        "min": 3.75293064117,
        "stdev": 1.24688434601
    },
    "barkbands_flatness_db": {
        "max": 0.195129215717,
        "mean": 0.0803031474352,
        "min": 0.0544207952917,
        "stdev": 0.0204179547727
    },
    "barkbands_kurtosis": {
        "max": 5.84587574005,
        "mean": 2.9860765934,
        "min": -1.24802196026,
        "stdev": 1.0710991621
    },
    "barkbands_skewness": {
        "max": 2.56136918068,
        "mean": -1.6749740839,
        "min": -2.26113080978,
        "stdev": 0.600110948086
    },
    "barkbands_spread": {
        "max": 41.3574676514,
        "mean": 25.6783447266,
        "min": 8.80646896362,
        "stdev": 4.51807498932
    },
    "dissonance": {
        "max": 0.49991312623,
        "mean": 0.492559701204,
        "min": 0.355000257492,
        "stdev": 0.00816755276173
    },
    "dynamic_complexity": 0.867835998535,
    "erbbands_crest": {
        "max": 16.6052265167,
        "mean": 3.77843165398,
        "min": 2.6155424118,
        "stdev": 1.38549089432
    },
    "erbbands_flatness_db": {
        "max": 0.28165987134,
        "mean": 0.110257148743,
        "min": 0.0738641768694,
        "stdev": 0.0381204597652
    },
    "erbbands_kurtosis": {
        "max": 1.4842672348,
        "mean": 0.0917545035481,
        "min": -1.04164719582,
        "stdev": 0.329739391804
    },
    "erbbands_skewness": {
        "max": 0.903901934624,
        "mean": -0.608934760094,
        "min": -1.35536003113,
        "stdev": 0.174253284931
    },
    "erbbands_spread": {
        "max": 50.2081871033,
        "mean": 34.9748878479,
        "min": 10.1870117188,
        "stdev": 6.04252767563
    },
    "hfc": {
        "max": 109.598487854,
        "mean": 4.91009569168,
        "min": 1.04566217339e-16,
        "stdev": 16.3052825928
    },
    "loudness_ebu128": {
        "integrated": -17.2791957855,
        "loudness_range": 8.54666900635,
        "momentary": {
            "max": -15.4318084717,
            "mean": -273.532440186,
            "min": -300.691009521,
            "stdev": 83.3446960449
        },
        "short_term": {
            "max": -20.5880374908,
            "mean": -267.2421875,
            "min": -300.691009521,
            "stdev": 90.0733566284
        }
    },
    "melbands_crest": {
        "max": 29.9751605988,
        "mean": 3.03607797623,
        "min": 1.43916296959,
        "stdev": 3.18577051163
    },
    "melbands_flatness_db": {
        "max": 0.259614706039,
        "mean": 0.0170600749552,
        "min": 0.00108756159898,
        "stdev": 0.035570949316
    },
    "melbands_kurtosis": {
        "max": 24.7082557678,
        "mean": -0.882706940174,
        "min": -1.42602586746,
        "stdev": 1.88437438011
    },
    "melbands_skewness": {
        "max": 4.58946228027,
        "mean": 0.0662315189838,
        "min": -0.542259216309,
        "stdev": 0.452004253864
    },
    "melbands_spread": {
        "max": 162.748062134,
        "mean": 123.337997437,
        "min": 10.6660013199,
        "stdev": 30.0880241394
    },
    "pitch_salience": {
        "max": 0.9572006464,
        "mean": 0.777768909931,
        "min": 0.289141952991,
        "stdev": 0.0604024492204
    },
    "silence_rate_20dB": {
        "max": 1,
        "mean": 1,
        "min": 1,
        "stdev": 0
    },
    "silence_rate_30dB": {
        "max": 1,
        "mean": 0.985454559326,
        "min": 0,
        "stdev": 0.119724206626
    },
    "silence_rate_60dB": {
        "max": 1,
        "mean": 0.910909116268,
        "min": 0,
        "stdev": 0.284874886274
    },
    "spectral_centroid": {
        "max": 11934.3076172,
        "mean": 10232.6015625,
        "min": 1431.16418457,
        "stdev": 2461.18701172
    },
    "spectral_complexity": {
        "max": 54,
        "mean": 3.81454539299,
        "min": 0,
        "stdev": 12.2754077911
    },
    "spectral_decrease": {
        "max": 2.67922614577e-28,
        "mean": -9.80340586487e-10,
        "min": -5.02880652675e-08,
        "stdev": 4.87987694697e-09
    },
    "spectral_energy": {
        "max": 0.196784764528,
        "mean": 0.00414539314806,
        "min": 9.88184371762e-21,
        "stdev": 0.0194380879402
    },
    "spectral_energyband_high": {
        "max": 0.0022340239957,
        "mean": 0.000107638188638,
        "min": 6.74093028352e-21,
        "stdev": 0.000364383420674
    },
    "spectral_energyband_low": {
        "max": 0.143011495471,
        "mean": 0.00158658670262,
        "min": 9.06783462094e-24,
        "stdev": 0.0127909798175
    },
    "spectral_energyband_middle_high": {
        "max": 0.0392201170325,
        "mean": 0.00185150303878,
        "min": 1.13081587603e-21,
        "stdev": 0.00612997682765
    },
    "spectral_energyband_middle_low": {
        "max": 0.0381996594369,
        "mean": 0.000613534881268,
        "min": 1.458737857e-22,
        "stdev": 0.00340270530432
    },
    "spectral_entropy": {
        "max": 9.82505321503,
        "mean": 9.61468982697,
        "min": 7.27722358704,
        "stdev": 0.584692120552
    },
    "spectral_flux": {
        "max": 0.33594045043,
        "mean": 0.0107148494571,
        "min": 6.30748647756e-11,
        "stdev": 0.0369283594191
    },
    "spectral_kurtosis": {
        "max": 12.8174667358,
        "mean": -0.609351813793,
        "min": -1.27518320084,
        "stdev": 1.95506238937
    },
    "spectral_rms": {
        "max": 0.0138558698818,
        "mean": 0.000549743999727,
        "min": 3.10496745502e-12,
        "stdev": 0.00193444255274
    },
    "spectral_rolloff": {
        "max": 19724.4140625,
        "mean": 17284.9042969,
        "min": 322.998046875,
        "stdev": 4601.90136719
    },
    "spectral_skewness": {
        "max": 2.65491247177,
        "mean": 0.123058304191,
        "min": -0.0963770598173,
        "stdev": 0.397859185934
    },
    "spectral_spread": {
        "max": 43000096,
        "mean": 37011592,
        "min": 1920816.875,
        "stdev": 10895415
    },
    "spectral_strongpeak": {
        "max": 12.529499054,
        "mean": 0.354888468981,
        "min": 0,
        "stdev": 1.56398737431
    },
    "zerocrossingrate": {
        "max": 0.5537109375,
        "mean": 0.463498771191,
        "min": 0.0146484375,
        "stdev": 0.11557815969
    },
    "barkbands": {
        "max": [0.035178527236, 0.116925939918, 0.0224795546383, 0.00997460074723, 0.00896170642227, 0.0240176990628, 0.00414859643206, 0.00101581471972, 0.00463773589581, 0.00536695728078, 0.00263082748279, 0.0050696535036, 0.00497981440276, 0.00460505951196, 0.00700988713652, 0.00889992341399, 0.0108841033652, 0.00330160511658, 0.0223322045058, 0.00126744853333, 0.00102808640804, 0.000655865413137, 0.000237769636442, 9.83058562269e-05, 4.49116705568e-05, 1.24473954202e-05, 1.08081185317e-05],
        "mean": [0.000329033995513, 0.00115690159146, 0.000106267005322, 3.49118454324e-05, 0.000123840596643, 0.000218155837501, 4.97319597343e-05, 2.55509603448e-05, 0.000120618518849, 9.53841445153e-05, 7.30948886485e-05, 0.000183367112186, 0.000148642197018, 0.000181193114258, 0.00020807236433, 0.000297863269225, 0.000130113898194, 0.000108190681203, 0.000422839075327, 5.66830167372e-05, 3.75322561013e-05, 2.22880553338e-05, 9.78947900876e-06, 3.6556239138e-06, 1.33306627959e-06, 3.14967678605e-07, 2.01269418909e-08],
        "min": [2.09631305308e-25, 2.17066950428e-24, 3.56536089218e-25, 5.10610435465e-25, 3.82054368856e-24, 5.3370802639e-24, 6.13276560481e-24, 7.53326507973e-24, 7.19606569693e-24, 1.16543123139e-23, 9.9883430006e-24, 2.02993285337e-23, 1.12754090105e-23, 1.56650357728e-23, 3.55174556711e-23, 3.57234682742e-23, 4.33199652886e-23, 7.12100889502e-23, 1.06349910595e-22, 1.17525721972e-22, 2.10212687906e-22, 2.92477943002e-22, 3.65940381298e-22, 5.2774920777e-22, 8.10174084101e-22, 1.23180562193e-21, 1.87773735095e-21],
        "stdev": [0.00283506279811, 0.0099532129243, 0.00124197173864, 0.000454943365185, 0.000900144514162, 0.00178198865615, 0.000327298941556, 0.000105979641376, 0.000470666913316, 0.000391791778384, 0.000272133824183, 0.000678181066178, 0.000560897344258, 0.000634787371382, 0.000791536527686, 0.0010945321992, 0.00060824805405, 0.000397211086238, 0.00174625625368, 0.000196925640921, 0.000131352178869, 7.84826115705e-05, 3.39432481269e-05, 1.27883968162e-05, 4.95136509926e-06, 1.26163649838e-06, 4.60440446659e-07]
    },
    "erbbands": {
        "max": [7.01512813568, 29.5204601288, 39.7589874268, 34.4394378662, 27.5183029175, 37.8234329224, 208.563873291, 109.762954712, 97.7557220459, 24.7804279327, 26.1564311981, 61.1002655029, 268.63104248, 66.3572235107, 137.198623657, 169.811767578, 180.451126099, 246.579376221, 244.351455688, 310.619995117, 364.704986572, 557.888977051, 220.022476196, 533.191345215, 942.768676758, 73.3902359009, 50.4889297485, 36.2741737366, 21.2754535675, 14.0712757111, 5.49893426895, 2.79715299606, 1.29108273983, 0.683356285095, 0.275139272213, 0.107450507581, 0.0213544908911, 0.00679380213842, 0.00156140711624, 0.000224070216063],
        "mean": [0.0654617622495, 0.12990963459, 0.134162709117, 0.138287767768, 0.121505483985, 0.431259155273, 1.85482263565, 1.12698793411, 1.17062962055, 0.484669804573, 0.669699549675, 2.20517992973, 4.04031944275, 2.42590022087, 5.01830768585, 6.48489236832, 6.39322137833, 9.18784427643, 10.2384147644, 13.042842865, 13.9698648453, 7.4613904953, 6.1869354248, 16.1866359711, 14.60455513, 2.94248771667, 2.00844502449, 1.2825731039, 0.83723038435, 0.512124598026, 0.24443808198, 0.10485445708, 0.047783151269, 0.0197015125304, 0.00744706066325, 0.00272076716647, 0.000256517203525, 2.01423954422e-05, 5.83783457841e-06, 5.59418640478e-06],
        "min": [8.38625532784e-23, 2.27373542795e-22, 9.92008264559e-22, 2.80253355567e-21, 6.4461336953e-21, 1.3848021274e-20, 1.79433149386e-20, 4.9167483132e-20, 8.45211469696e-20, 1.59769056435e-19, 2.29417431368e-19, 1.80890247422e-19, 4.18767345387e-19, 4.70049880878e-19, 6.15477486648e-19, 9.70141514038e-19, 9.07460869146e-19, 1.12828148996e-18, 2.03914682771e-18, 2.49225858288e-18, 3.08326775682e-18, 3.19821132717e-18, 4.12249529222e-18, 5.19214528978e-18, 6.77881501663e-18, 6.59341695799e-18, 8.29934627684e-18, 7.75628235237e-18, 8.41855292928e-18, 8.91953073137e-18, 1.0736905267e-17, 9.45262712947e-18, 8.38013369855e-18, 7.52214143536e-18, 5.50390263161e-18, 3.92861160126e-18, 2.20424732168e-18, 8.88627931152e-19, 2.23303997954e-19, 2.66484279958e-20],
        "stdev": [0.56178188324, 1.48116695881, 1.81352424622, 1.61965620518, 1.26086378098, 3.2153699398, 15.8148841858, 8.57234859467, 8.74317455292, 2.25547504425, 2.65948057175, 8.09603023529, 17.5211048126, 8.60870075226, 17.658164978, 23.5673027039, 23.2170753479, 32.395866394, 36.3435401917, 45.8077163696, 49.4682693481, 32.9119110107, 23.269908905, 61.3567695618, 66.8406600952, 10.1238956451, 7.02501630783, 4.51110982895, 2.93733143806, 1.81564497948, 0.834251105785, 0.367505431175, 0.166345402598, 0.0723440945148, 0.027949988842, 0.0103890374303, 0.00124208652414, 0.000290707190288, 6.73947506584e-05, 2.44821458182e-05]
    },
    "gfcc": {
        "mean": [-1148.05712891, 5.54398775101, -18.5629291534, 3.31770563126, -5.16290187836, 1.57123374939, -2.7683172226, 0.833529651165, -1.93707942963, -0.242998272181, -0.973957538605, -0.662935078144, -0.561470806599],
        "cov": [[137023.171875, 6587.33496094, -21663.6542969, 3924.20849609, -6020.22998047, 1828.1060791, -3251.23461914, 975.512756348, -2259.44580078, -273.377075195, -1111.81176758, -760.471801758, -629.856506348], [6587.33496094, 397.265350342, -956.977600098, 221.920913696, -263.532165527, 84.4407348633, -155.33253479, 36.7040290833, -99.1530761719, -1.67215621471, -27.3007488251, -21.6949195862, -7.98320817947], [-21663.6542969, -956.977600098, 3531.36572266, -585.314086914, 980.749572754, -293.752716064, 514.381591797, -164.985046387, 366.782348633, 60.4266204834, 204.717163086, 140.977325439, 124.601249695], [3924.20849609, 221.920913696, -585.314086914, 130.922637939, -160.99180603, 52.9868278503, -91.5704421997, 24.1838989258, -60.7354011536, -3.57285928726, -21.4305458069, -17.2240467072, -8.89067459106], [-6020.22998047, -263.532165527, 980.749572754, -160.99180603, 277.962280273, -80.4946746826, 144.684249878, -45.687877655, 102.17250824, 15.4544019699, 56.9111862183, 38.0293617249, 34.0009460449], [1828.1060791, 84.4407348633, -293.752716064, 52.9868278503, -80.4946746826, 29.2853031158, -41.2710533142, 13.0831670761, -30.2670154572, -3.85687398911, -17.0141582489, -12.6260318756, -10.7715167999], [-3251.23461914, -155.33253479, 514.381591797, -91.5704421997, 144.684249878, -41.2710533142, 80.6201324463, -22.3820571899, 54.1632614136, 6.63830757141, 25.9319000244, 16.2376823425, 13.7320957184], [975.512756348, 36.7040290833, -164.985046387, 24.1838989258, -45.687877655, 13.0831670761, -22.3820571899, 11.1364898682, -16.433719635, -2.85405492783, -11.2136974335, -8.63404655457, -8.1500787735], [-2259.44580078, -99.1530761719, 366.782348633, -60.7354011536, 102.17250824, -30.2670154572, 54.1632614136, -16.433719635, 42.079624176, 8.40686702728, 23.0503559113, 16.3158054352, 14.5954685211], [-273.377075195, -1.67215621471, 60.4266204834, -3.57285928726, 15.4544019699, -3.85687398911, 6.63830757141, -2.85405492783, 8.40686702728, 7.82063627243, 8.54220104218, 7.62715768814, 6.45437145233], [-1111.81176758, -27.3007488251, 204.717163086, -21.4305458069, 56.9111862183, -17.0141582489, 25.9319000244, -11.2136974335, 23.0503559113, 8.54220104218, 21.1252861023, 14.403752327, 14.913895607], [-760.471801758, -21.6949195862, 140.977325439, -17.2240467072, 38.0293617249, -12.6260318756, 16.2376823425, -8.63404655457, 16.3158054352, 7.62715768814, 14.403752327, 14.3096475601, 11.7208967209], [-629.856506348, -7.98320817947, 124.601249695, -8.89067459106, 34.0009460449, -10.7715167999, 13.7320957184, -8.1500787735, 14.5954685211, 6.45437145233, 14.913895607, 11.7208967209, 13.4836864471]],
        "icov": [[0.00795775745064, -0.0340111814439, 0.0290758647025, -0.0164952483028, 0.00586189283058, -0.000788088596892, 0.00658386619762, -0.0236387625337, 0.0399937257171, -0.0322740897536, 0.0258921403438, -0.0359327755868, 0.0103762708604], [-0.0340111814439, 0.232178211212, -0.111947894096, -0.0573877096176, -0.0547170713544, 0.0500498600304, 0.0172462370247, 0.165696084499, -0.154813215137, 0.085163064301, -0.179249703884, 0.182566106319, -0.0276986379176], [0.0290758647025, -0.111947894096, 0.142196968198, -0.0719878897071, -0.0447311401367, 0.0707092657685, -0.0129246450961, -0.0104517266154, 0.143225774169, -0.186701133847, 0.088851056993, -0.0995808243752, 0.0291818231344], [-0.0164952483028, -0.0573877096176, -0.0719878897071, 0.35662561655, -0.00793644506484, -0.205284774303, 0.00903317704797, -0.093415312469, -0.0336921662092, 0.133583560586, -0.0636687502265, 0.130243480206, -0.184043839574], [0.00586189283058, -0.0547170713544, -0.0447311401367, -0.00793644506484, 0.276191622019, -0.0547242350876, -0.125651195645, -0.0768438577652, -0.00105139624793, 0.141430839896, -0.0253760926425, -0.125112488866, 0.0611587651074], [-0.000788088596892, 0.0500498600304, 0.0707092657685, -0.205284774303, -0.0547242350876, 0.552806437016, -0.172912806273, 0.318106144667, -0.0467872731388, -0.290638208389, 0.109184414148, 0.100505687296, 0.133662611246], [0.00658386619762, 0.0172462370247, -0.0129246450961, 0.00903317704797, -0.125651195645, -0.172912806273, 0.570996046066, -0.0597023665905, -0.106083273888, -0.0391586720943, -0.0281018260866, 0.150725394487, 0.0379002206028], [-0.0236387625337, 0.165696084499, -0.0104517266154, -0.093415312469, -0.0768438577652, 0.318106144667, -0.0597023665905, 0.733526408672, -0.236138701439, -0.233314335346, -0.0639423727989, 0.331694126129, 0.130620524287], [0.0399937257171, -0.154813215137, 0.143225774169, -0.0336921662092, -0.00105139624793, -0.0467872731388, -0.106083273888, -0.236138701439, 0.663724303246, -0.251527547836, 0.0469437353313, -0.19117449224, -0.122412517667], [-0.0322740897536, 0.085163064301, -0.186701133847, 0.133583560586, 0.141430839896, -0.290638208389, -0.0391586720943, -0.233314335346, -0.251527547836, 0.771663248539, -0.243772551417, -0.213917061687, 0.0246916599572], [0.0258921403438, -0.179249703884, 0.088851056993, -0.0636687502265, -0.0253760926425, 0.109184414148, -0.0281018260866, -0.0639423727989, 0.0469437353313, -0.243772551417, 0.699121832848, -0.177152350545, -0.171913281083], [-0.0359327755868, 0.182566106319, -0.0995808243752, 0.130243480206, -0.125112488866, 0.100505687296, 0.150725394487, 0.331694126129, -0.19117449224, -0.213917061687, -0.177152350545, 0.768028020859, -0.283902019262], [0.0103762708604, -0.0276986379176, 0.0291818231344, -0.184043839574, 0.0611587651074, 0.133662611246, 0.0379002206028, 0.130620524287, -0.122412517667, 0.0246916599572, -0.171913281083, -0.283902019262, 0.7019790411]]
    },
    "melbands": {
        "max": [0.0434391386807, 0.0271803662181, 0.00566689111292, 0.00204211799428, 0.00566970091313, 0.00310595333576, 0.00133759598248, 0.000236317675444, 0.000283749977825, 0.000554402766284, 0.00131251022685, 0.000272171397228, 0.000437526585301, 0.00072151015047, 0.000522819231264, 0.000489760772325, 0.00048167956993, 0.000396823306801, 0.000569433206692, 0.000679660355672, 0.0004074225144, 0.000597786332946, 0.000427370367106, 0.000150443171151, 0.000498557870742, 0.00138244312257, 4.29707724834e-05, 4.60153423774e-05, 3.60797785106e-05, 2.83675217361e-05, 1.8930693841e-05, 1.38833966048e-05, 9.76596675173e-06, 7.04796138962e-06, 3.71429155166e-06, 2.31480612456e-06, 1.41716213875e-06, 9.18213686418e-07, 6.41039832772e-07, 6.09060919032e-07],
        "mean": [0.000439409457613, 9.62287886068e-05, 2.22945545829e-05, 1.78632271854e-05, 5.32013436896e-05, 3.09224597004e-05, 1.60511135618e-05, 5.09903748025e-06, 5.96541212872e-06, 1.65155579452e-05, 2.03994386538e-05, 9.41740199778e-06, 1.32506092996e-05, 2.19889043365e-05, 1.32127179313e-05, 1.56968126248e-05, 1.69001086761e-05, 1.6026364392e-05, 1.58202565217e-05, 2.25834101002e-05, 1.41783675645e-05, 7.77278728492e-06, 5.73469242227e-06, 5.49491505808e-06, 1.33301518872e-05, 1.96378405235e-05, 1.9759463612e-06, 1.74887497906e-06, 1.43440399825e-06, 8.55262442201e-07, 7.07537594735e-07, 4.97966937019e-07, 3.57315684596e-07, 2.54216161011e-07, 1.50631791485e-07, 8.75733832117e-08, 5.53554713179e-08, 3.66734234092e-08, 2.14702762236e-08, 1.49382479719e-08],
        "min": [6.81520256721e-25, 7.12555375935e-25, 7.42403703221e-25, 7.50035094314e-25, 6.70322326868e-25, 1.21968999164e-24, 1.43780204472e-24, 1.76995774671e-24, 1.33597933034e-24, 8.57204855821e-25, 1.82835692231e-24, 1.38766036926e-24, 1.5012458872e-24, 2.40761156856e-24, 2.08597010053e-24, 2.28003836347e-24, 1.40846134943e-24, 2.88777660764e-24, 2.45350039628e-24, 2.03298665227e-24, 3.00834946105e-24, 2.1899129772e-24, 3.01302129255e-24, 3.29718871213e-24, 3.27755633078e-24, 3.86090378462e-24, 3.6953565905e-24, 4.16268410164e-24, 3.85389791092e-24, 3.48260987626e-24, 3.6361932059e-24, 3.71417802283e-24, 4.82038386516e-24, 4.72312125985e-24, 4.96026310315e-24, 5.18649342241e-24, 5.2567722516e-24, 5.4983632704e-24, 5.10508455471e-24, 5.90165065883e-24],
        "stdev": [0.00368587160483, 0.00122879561968, 0.000263845780864, 0.000137188078952, 0.000440468109446, 0.000239553992287, 0.000118342330097, 2.28672779485e-05, 2.47020016104e-05, 6.25718457741e-05, 8.75653640833e-05, 3.38565514539e-05, 4.75433334941e-05, 8.34849706735e-05, 5.12098777108e-05, 5.84436638746e-05, 6.02973086643e-05, 5.69985095353e-05, 6.16066390648e-05, 8.36332255858e-05, 5.02046314068e-05, 3.48306493834e-05, 2.69441461569e-05, 2.00961549126e-05, 5.22583941347e-05, 9.44728817558e-05, 7.00330156178e-06, 6.17048226559e-06, 5.0831408771e-06, 3.08951575789e-06, 2.52755216934e-06, 1.7764639324e-06, 1.27433486341e-06, 9.13566907457e-07, 5.21753577232e-07, 3.06911402959e-07, 1.94446613477e-07, 1.27997367372e-07, 7.70988464183e-08, 5.71167078078e-08]
    },
    "melbands128": {
        "max": [0.0351778380573, 0.0772306919098, 0.0493293553591, 0.0519737415016, 0.0286531485617, 0.010181888938, 0.00767386704683, 0.00427968706936, 0.00249014422297, 0.00189551757649, 0.00220774533227, 0.00292925396934, 0.0100538022816, 0.00587596930563, 0.00142401945777, 0.00372381461784, 0.00304264435545, 0.000387136387872, 0.0002874910424, 0.000257104606135, 0.000281457905658, 0.000219180510612, 0.000282005086774, 0.00066292413976, 0.000414518668549, 0.000797592801973, 0.00205390132032, 0.00186750653666, 0.00077128445264, 0.000349831447238, 0.000327427842421, 0.000420067983214, 0.000562723434996, 0.000544573355, 0.00097526848549, 0.00104450702202, 0.000575874175411, 0.000899216509424, 0.000612466130406, 0.000537107000127, 0.000796142034233, 0.000783205730841, 0.000834217178635, 0.000493408122566, 0.00039439406828, 0.000680013094097, 0.000594843004365, 0.000903215899598, 0.00093252438819, 0.00053690263303, 0.00111944321543, 0.00106081657577, 0.000518563378137, 0.000434857385699, 0.000340539962053, 0.000757324218284, 0.000546694558579, 0.000941234233323, 0.000237708896748, 0.000160888885148, 0.00019175952184, 0.000274473102763, 0.000290073920041, 0.000754980836064, 0.00173102167901, 0.0032218422275, 0.000286782509647, 8.16116662463e-05, 6.39721183688e-05, 6.57456257613e-05, 6.27727858955e-05, 7.64520955272e-05, 6.88069339958e-05, 3.92839647247e-05, 4.33483801316e-05, 3.06118017761e-05, 2.51823039434e-05, 3.13295713568e-05, 1.95736338355e-05, 2.00509148272e-05, 2.379965008e-05, 1.36904909596e-05, 1.15368693514e-05, 1.13417418106e-05, 1.08388503577e-05, 1.07200512502e-05, 7.47073318053e-06, 8.08230015537e-06, 3.58042257176e-06, 3.71352825823e-06, 3.39673147209e-06, 2.07612583836e-06, 2.87457191916e-06, 1.51783262936e-06, 1.61141576882e-06, 1.05134574824e-06, 1.17158981539e-06, 7.58135286105e-07, 7.32059618258e-07, 5.11449115947e-07, 7.85863619512e-07, 6.64128037897e-07, 4.46508579444e-07, 2.90410127946e-07, 3.68636563053e-07, 3.86089254789e-07, 2.54216416806e-07, 2.75371036196e-07, 1.92408180055e-07, 1.62064935694e-07, 1.10561948929e-07, 6.50389608836e-08, 5.88778590327e-08, 5.77649821309e-08, 5.60530075688e-08, 5.42402780468e-08, 5.24173842109e-08, 5.06973485415e-08, 4.93274470159e-08, 4.79149591115e-08, 4.66507792396e-08, 4.56079511935e-08, 4.46501395857e-08, 4.39167813227e-08, 4.32105835557e-08, 4.26699351408e-08, 4.226340522e-08, 4.20282688651e-08],
        "mean": [0.000299252395052, 0.000682041514665, 0.00039857410593, 0.000167412275914, 7.65736549511e-05, 5.05671632709e-05, 3.01526597468e-05, 1.35770733323e-05, 8.79746130522e-06, 1.75523164216e-05, 2.20332422032e-05, 3.41794439009e-05, 8.5501029389e-05, 4.75752640341e-05, 1.04963946796e-05, 3.67391185137e-05, 3.44854561263e-05, 4.92223762194e-06, 3.95597498937e-06, 5.28133386979e-06, 5.90490753893e-06, 3.93471100324e-06, 5.58391047889e-06, 8.37915649754e-06, 9.60918987403e-06, 2.1138241209e-05, 3.03600281768e-05, 1.94370459212e-05, 1.43436072904e-05, 9.45736610447e-06, 7.73115880293e-06, 8.78056653164e-06, 1.09851680463e-05, 1.59271621669e-05, 2.99337098113e-05, 2.19324338104e-05, 1.25403948914e-05, 1.38672749017e-05, 1.30467551571e-05, 1.15330585686e-05, 1.76014837052e-05, 1.96041401068e-05, 1.72837699211e-05, 1.51846234075e-05, 1.52214415721e-05, 1.76916091732e-05, 1.40212350743e-05, 1.79116523213e-05, 1.57027607202e-05, 1.29286527226e-05, 2.74470476143e-05, 3.06381552946e-05, 1.13497117127e-05, 1.10748387669e-05, 8.2874794316e-06, 7.69032885728e-06, 6.86978592057e-06, 6.71102770866e-06, 4.87265697302e-06, 4.82501900478e-06, 5.41104827789e-06, 5.16761019753e-06, 9.00480154087e-06, 1.18833204397e-05, 2.61674322246e-05, 3.2775937143e-05, 4.88250725539e-06, 1.99159762815e-06, 1.63690447152e-06, 1.68817041413e-06, 1.41788609653e-06, 2.21961226998e-06, 1.77241577148e-06, 1.25732958622e-06, 1.03275465335e-06, 8.91662295999e-07, 7.34290324544e-07, 7.59087811275e-07, 7.36234994747e-07, 6.45100215024e-07, 5.2217552593e-07, 4.3443907316e-07, 4.22419304869e-07, 3.4492424561e-07, 3.13416819608e-07, 2.83096483145e-07, 2.2849856407e-07, 2.10208966678e-07, 1.3402957677e-07, 1.23766611182e-07, 1.07732780918e-07, 7.15616224056e-08, 6.34049825976e-08, 5.46118030798e-08, 5.31557802219e-08, 4.4153239287e-08, 3.26291278441e-08, 2.61094612597e-08, 2.33456738385e-08, 1.72478937799e-08, 1.69784257764e-08, 1.47302339215e-08, 1.27950867679e-08, 8.70828387178e-09, 7.42108463569e-09, 7.52143680671e-09, 6.331978053e-09, 5.55174928252e-09, 5.45643263905e-09, 3.34838712313e-09, 2.41545339286e-09, 6.51016129893e-10, 1.42361025746e-10, 1.26008758983e-10, 1.2150760953e-10, 1.17244325359e-10, 1.08317674274e-10, 9.42469643994e-11, 9.02336538822e-11, 8.76278424822e-11, 8.53161846726e-11, 8.34106117509e-11, 8.1658221851e-11, 8.03181410269e-11, 7.9019318866e-11, 7.80149000956e-11, 7.72636954416e-11, 7.68326860467e-11],
        "min": [2.67463829176e-27, 3.20847799998e-25, 3.67896672329e-25, 1.31407562123e-25, 3.03357743002e-25, 1.49593197223e-25, 2.3318089874e-25, 1.70995770117e-25, 2.81026471281e-25, 4.89560329322e-26, 1.85937658478e-25, 3.32118181796e-25, 1.51718462458e-25, 4.2075165953e-26, 1.39050564263e-25, 3.78935449495e-25, 6.28502986041e-25, 4.15982625579e-25, 2.6511186812e-25, 8.60239505116e-25, 3.53850239703e-25, 5.74335654769e-25, 4.09138887448e-25, 5.03403007804e-25, 4.24946550653e-25, 3.48334795424e-25, 4.72616083953e-25, 4.14547095947e-25, 5.19278537699e-25, 4.5499293133e-25, 4.50518857402e-25, 5.67515755028e-25, 5.04865950353e-25, 6.07377734733e-25, 6.66933084596e-25, 8.35470258768e-25, 3.24280478924e-25, 4.83110547094e-25, 9.29830644807e-25, 5.76418050343e-25, 6.84475674799e-25, 9.87168112234e-25, 6.07582049708e-25, 9.93749085729e-25, 6.74572364298e-25, 2.32428892431e-25, 9.66873383549e-25, 1.32577768251e-24, 1.15956518282e-24, 1.07651449836e-24, 9.95751411921e-25, 1.33507618321e-24, 1.29087620809e-24, 1.8281391967e-24, 1.47299618654e-24, 1.24459186523e-24, 1.43101507992e-24, 1.78976367746e-24, 1.05244299948e-24, 7.77592470924e-25, 1.58459791652e-24, 1.40115275036e-24, 1.95623699429e-24, 1.36631487784e-24, 1.77115839301e-24, 1.79341511738e-24, 1.4173501355e-24, 1.93122083448e-24, 1.53581456093e-24, 1.90298533331e-24, 2.48570248729e-24, 2.02379030905e-24, 2.31546867052e-24, 1.65929436678e-24, 2.44151897963e-24, 1.55100161247e-24, 1.76831809932e-24, 2.41353571674e-24, 2.77233904151e-24, 1.83366023696e-24, 2.67990742038e-24, 2.73594021048e-24, 2.11116750114e-24, 2.39417509798e-24, 2.68761754965e-24, 2.35456027825e-24, 2.4081898036e-24, 3.46598423825e-24, 2.29087257915e-24, 3.08777671016e-24, 3.55973956798e-24, 3.10508885437e-24, 3.33216147986e-24, 2.56577009423e-24, 3.02185199874e-24, 3.01414403883e-24, 3.96478887723e-24, 3.58831960414e-24, 3.35271801176e-24, 2.79840695012e-24, 2.69619069275e-24, 3.65409837629e-24, 3.96908383043e-24, 3.48756944477e-24, 3.02898211803e-24, 4.44967169896e-24, 4.57279316474e-24, 3.68669095345e-24, 4.3725337242e-24, 3.6899335662e-24, 3.66727038126e-24, 4.57453654734e-24, 3.94676853314e-24, 4.28108975693e-24, 3.92407773806e-24, 4.5667102583e-24, 4.33357148966e-24, 4.88556191973e-24, 3.98905936627e-24, 3.55581261839e-24, 4.83713966522e-24, 4.67081899297e-24, 5.1124387105e-24, 4.69057246447e-24, 5.08359322264e-24, 4.35903473639e-24, 5.35639867861e-24, 4.61020016e-24],
        "stdev": [0.00264496845193, 0.0059796073474, 0.00360328215174, 0.00234711030498, 0.00124421331566, 0.00056134024635, 0.000354190706275, 0.000191531013115, 0.000109796885226, 0.000136449161801, 0.000171765714185, 0.000253580365097, 0.000745652825572, 0.000429467763752, 8.10906421975e-05, 0.000301582505926, 0.000275298312772, 2.66002480203e-05, 2.03598719963e-05, 2.4974669941e-05, 2.85491896648e-05, 1.69586965058e-05, 2.50595385296e-05, 4.19041825808e-05, 3.86137726309e-05, 8.75476907822e-05, 0.000150574385771, 0.000102855381556, 6.18796257186e-05, 3.70395100617e-05, 3.35885633831e-05, 3.71447458747e-05, 4.56702473457e-05, 6.04862943874e-05, 0.000120179800433, 9.88527099253e-05, 5.32097692485e-05, 6.71877060086e-05, 5.62050954613e-05, 4.57434325654e-05, 7.52101041144e-05, 8.01316200523e-05, 7.15386777301e-05, 5.7932396885e-05, 5.66771923332e-05, 7.02697143424e-05, 5.91624630033e-05, 8.11173958937e-05, 7.26860162104e-05, 5.26532930962e-05, 0.00011353877926, 0.000124362297356, 4.48471146228e-05, 4.37049493485e-05, 3.36550401698e-05, 4.02695695811e-05, 3.33238531312e-05, 4.66216442874e-05, 2.08642832149e-05, 1.89681377378e-05, 2.12851555261e-05, 2.26433276111e-05, 3.51915114152e-05, 5.92047108512e-05, 0.000129558422486, 0.00020219104772, 2.32868369494e-05, 7.94028892415e-06, 6.39721611151e-06, 6.62205684421e-06, 5.43484702575e-06, 8.28117299534e-06, 7.08435300112e-06, 4.68656753583e-06, 4.06313938583e-06, 3.34118772116e-06, 2.81731900031e-06, 3.03319757222e-06, 2.66423307949e-06, 2.42396322392e-06, 2.0732691155e-06, 1.67827238329e-06, 1.589144631e-06, 1.33721482598e-06, 1.20348261134e-06, 1.11489964638e-06, 8.73004580626e-07, 8.28946440379e-07, 4.81634970129e-07, 4.4446994707e-07, 3.90379227611e-07, 2.62824556785e-07, 2.57470901488e-07, 1.95916413759e-07, 1.96107990291e-07, 1.59909248509e-07, 1.1959799906e-07, 9.67129452079e-08, 8.92849172374e-08, 6.38193640157e-08, 6.87098733465e-08, 5.87345105885e-08, 4.93545613267e-08, 3.28613403155e-08, 2.9229422438e-08, 3.1928738764e-08, 2.50516851708e-08, 2.23059508642e-08, 2.14010409394e-08, 1.39855940162e-08, 1.04106305798e-08, 3.70576569431e-09, 2.52133025569e-09, 2.46898013145e-09, 2.39500819177e-09, 2.31664865069e-09, 2.23742513406e-09, 2.15989737207e-09, 2.10139616819e-09, 2.04122385661e-09, 1.98736871404e-09, 1.94294313971e-09, 1.90213933493e-09, 1.87089743697e-09, 1.84081316856e-09, 1.81778170294e-09, 1.80046333398e-09, 1.79044645776e-09]
    },
    "mfcc": {
        "mean": [-1203.47558594, 7.21302604675, -6.68403768539, 1.1303858757, -0.797635138035, 0.661813020706, 0.0194541104138, 0.718855440617, -0.214762151241, 0.585547924042, -0.0275576971471, -0.612675666809, -0.0734588876367],
        "cov": [[38023.78125, 4492.67919922, -4073.97998047, 738.899353027, -466.690582275, 411.387237549, 7.96721839905, 439.179046631, -135.355255127, 356.518371582, -19.1446208954, -374.730865479, -30.3787612915], [4492.67919922, 584.842163086, -430.007995605, 119.562332153, -31.4300365448, 60.2367248535, 6.05161809921, 45.3220024109, -21.1245288849, 40.5374908447, -4.3457069397, -39.0396232605, 9.22773075104], [-4073.97998047, -430.007995605, 501.973754883, -42.1045074463, 75.4133453369, -31.3401470184, 3.55649113655, -55.8233795166, 9.69454860687, -40.5139465332, -0.248754844069, 46.4668731689, 17.790309906], [738.899353027, 119.562332153, -42.1045074463, 39.5410003662, 8.16805648804, 15.8942060471, 3.55004096031, 4.64444637299, -4.99863147736, 5.53835439682, -1.70710074902, -3.65263366699, 7.90176582336], [-466.690582275, -31.4300365448, 75.4133453369, 8.16805648804, 20.0645027161, 1.01656138897, 2.87194824219, -8.06285953522, -0.295418828726, -5.52854013443, -1.19491374493, 7.45292139053, 6.87003469467], [411.387237549, 60.2367248535, -31.3401470184, 15.8942060471, 1.01656138897, 12.6668672562, 3.09422063828, 3.71074509621, -1.64862537384, 4.38246202469, -0.731437206268, -2.06488204002, 2.88083910942], [7.96721839905, 6.05161809921, 3.55649113655, 3.55004096031, 2.87194824219, 3.09422063828, 4.38172292709, 0.498249381781, 0.218997120857, 1.40598165989, -0.0620317161083, -0.227067291737, 0.3093316257], [439.179046631, 45.3220024109, -55.8233795166, 4.64444637299, -8.06285953522, 3.71074509621, 0.498249381781, 8.04749202728, -0.453209877014, 4.86476898193, -0.0552019961178, -5.21262836456, -2.50287246704], [-135.355255127, -21.1245288849, 9.69454860687, -4.99863147736, -0.295418828726, -1.64862537384, 0.218997120857, -0.453209877014, 3.20786428452, 0.151245325804, 0.858830928802, 1.44816219807, -0.948557496071], [356.518371582, 40.5374908447, -40.5139465332, 5.53835439682, -5.52854013443, 4.38246202469, 1.40598165989, 4.86476898193, 0.151245325804, 7.1411356926, 1.21594464779, -4.47247123718, -0.562162160873], [-19.1446208954, -4.3457069397, -0.248754844069, -1.70710074902, -1.19491374493, -0.731437206268, -0.0620317161083, -0.0552019961178, 0.858830928802, 1.21594464779, 2.46615147591, 0.659418582916, 0.0198882203549], [-374.730865479, -39.0396232605, 46.4668731689, -3.65263366699, 7.45292139053, -2.06488204002, -0.227067291737, -5.21262836456, 1.44816219807, -4.47247123718, 0.659418582916, 8.017786026, 3.01114273071], [-30.3787612915, 9.22773075104, 17.790309906, 7.90176582336, 6.87003469467, 2.88083910942, 0.3093316257, -2.50287246704, -0.948557496071, -0.562162160873, 0.0198882203549, 3.01114273071, 5.99829339981]],
        "icov": [[0.00477949948981, -0.0142456078902, 0.0221098866314, -0.0256447214633, 0.0219094641507, -0.00373157509603, 0.00236189761199, 0.0116213597357, -0.000570409349166, -0.00358070316724, 0.00841596536338, -0.000404876365792, -0.00449594901875], [-0.0142456078902, 0.121035963297, -0.0105033367872, -0.0747287720442, -0.0387531146407, -0.0111422035843, -0.0327323190868, 0.0422863848507, 0.107009850442, -0.0460108481348, 0.0198628623039, -0.0232184175402, -0.0354849696159], [0.0221098866314, -0.0105033367872, 0.169391795993, -0.203221380711, 0.0531364567578, -0.0185974258929, -0.0292541962117, 0.195169731975, 0.0427577979863, -0.0379594042897, 0.0666859596968, -0.0336779393256, -0.05564397946], [-0.0256447214633, -0.0747287720442, -0.203221380711, 0.553449332714, -0.302980333567, -0.000459064205643, 0.0594086684287, -0.219493091106, -0.154158040881, 0.117609985173, -0.14848293364, 0.0944560319185, 0.0510402470827], [0.0219094641507, -0.0387531146407, 0.0531364567578, -0.302980333567, 0.538113892078, 0.00146860128734, -0.138789907098, 0.0233578402549, 0.0321639217436, 0.0244973246008, 0.145268574357, -0.0435309298337, -0.159258216619], [-0.00373157509603, -0.0111422035843, -0.0185974258929, -0.000459064205643, 0.00146860128734, 0.248384460807, -0.123896114528, -0.00255108531564, -0.0336817614734, -0.041280053556, 0.072492621839, -0.0737671405077, -0.034049782902], [0.00236189761199, -0.0327323190868, -0.0292541962117, 0.0594086684287, -0.138789907098, -0.123896114528, 0.471095830202, -0.135365501046, -0.00778620364144, -0.13595187664, -0.0364540219307, 0.0314504764974, 0.178868144751], [0.0116213597357, 0.0422863848507, 0.195169731975, -0.219493091106, 0.0233578402549, -0.00255108531564, -0.135365501046, 0.789696156979, -0.0335651636124, -0.0939940139651, 0.132308706641, -0.0644271597266, 0.0328492484987], [-0.000570409349166, 0.107009850442, 0.0427577979863, -0.154158040881, 0.0321639217436, -0.0336817614734, -0.00778620364144, -0.0335651636124, 0.718177139759, -0.288062989712, 0.03139173612, -0.200354278088, 0.061532266438], [-0.00358070316724, -0.0460108481348, -0.0379594042897, 0.117609985173, 0.0244973246008, -0.041280053556, -0.13595187664, -0.0939940139651, -0.288062989712, 0.621779501438, -0.312948465347, 0.264441072941, -0.149133250117], [0.00841596536338, 0.0198628623039, 0.0666859596968, -0.14848293364, 0.145268574357, 0.072492621839, -0.0364540219307, 0.132308706641, 0.03139173612, -0.312948465347, 0.704570949078, -0.213430076838, -0.0537846088409], [-0.000404876365792, -0.0232184175402, -0.0336779393256, 0.0944560319185, -0.0435309298337, -0.0737671405077, 0.0314504764974, -0.0644271597266, -0.200354278088, 0.264441072941, -0.213430076838, 0.480922102928, -0.181710883975], [-0.00449594901875, -0.0354849696159, -0.05564397946, 0.0510402470827, -0.159258216619, -0.034049782902, 0.178868144751, 0.0328492484987, 0.061532266438, -0.149133250117, -0.0537846088409, -0.181710883975, 0.586721241474]]
    },
    "spectral_contrast_coeffs": {
        "max": [-0.610653340816, -0.657057642937, -0.723320603371, -0.741859793663, -0.635083556175, -0.655107676983],
        "mean": [-0.943591892719, -0.950075447559, -0.945844531059, -0.946809768677, -0.940778613091, -0.936518132687],
        "min": [-0.983163714409, -0.985400259495, -0.979543924332, -0.976186037064, -0.97156393528, -0.964851677418],
        "stdev": [0.0619189962745, 0.0453916825354, 0.0469217039645, 0.0476711764932, 0.0615990236402, 0.0741620510817]
    },
    "spectral_contrast_valleys": {
        "max": [-5.20050477982, -5.44086360931, -5.77706956863, -5.48479270935, -5.94482707977, -8.8654499054],
        "mean": [-25.4264240265, -25.3299560547, -25.3388290405, -25.2885818481, -25.3368015289, -25.6653137207],
        "min": [-28.0722103119, -28.4760856628, -27.9652557373, -27.8230705261, -27.59973526, -27.5273914337],
        "stdev": [5.64712238312, 5.92782926559, 6.0659995079, 6.10700702667, 6.01135444641, 4.97470855713]
    }
},
"rhythm": {
    "beats_count": 29,
    "beats_loudness": {
        "max": 0.151431247592,
        "mean": 0.00658077839762,
        "min": 0,
        "stdev": 0.0278610382229
    },
    "bpm": 126.8358078,
    "bpm_histogram_first_peak_bpm": 126,
    "bpm_histogram_first_peak_weight": 0.25,
    "bpm_histogram_second_peak_bpm": 157,
    "bpm_histogram_second_peak_spread": 0,
    "bpm_histogram_second_peak_weight": 0.214285716414,
    "danceability": 1.23188745975,
    "onset_rate": 0.156747609377,
    "beats_loudness_band_ratio": {
        "max": [0.786718547344, 0.0735573247075, 0.108866415918, 0.368166744709, 0.448142051697, 0.218988448381],
        "mean": [0.0275654736906, 0.00360536877997, 0.00803306046873, 0.02160118334, 0.0324800349772, 0.0123304994777],
        "min": [0, 0, 0, 0, 0, 0],
        "stdev": [0.143475726247, 0.0140337944031, 0.0259918216616, 0.0763762444258, 0.113127551973, 0.0438552238047]
    },
    "beats_position": [0.371519267559, 0.754648506641, 1.13777780533, 1.52090704441, 1.90403628349, 2.28716540337, 2.67029476166, 3.06503391266, 3.45977306366, 3.85451245308, 4.2492518425, 4.66721057892, 5.08516979218, 5.4915189743, 5.94430828094, 6.39709758759, 6.83827638626, 7.27945566177, 7.77868461609, 8.27791404724, 8.77714252472, 9.25315189362, 9.72916126251, 10.2051696777, 10.6811790466, 11.1571884155, 11.6331968307, 12.0975961685, 12.5619955063],
    "bpm_histogram": [0, 0, 0, 0, 0, 0, 0, 0, 0, 0, 0, 0, 0, 0, 0, 0, 0, 0, 0, 0, 0, 0, 0, 0, 0, 0, 0, 0, 0, 0, 0, 0, 0, 0, 0, 0, 0, 0, 0, 0, 0, 0, 0, 0, 0, 0, 0, 0, 0, 0, 0, 0, 0, 0, 0, 0, 0, 0, 0, 0, 0, 0, 0, 0, 0, 0, 0, 0, 0, 0, 0, 0, 0, 0, 0, 0, 0, 0, 0, 0, 0, 0, 0, 0, 0, 0, 0, 0, 0, 0, 0, 0, 0, 0, 0, 0, 0, 0, 0, 0, 0, 0, 0, 0, 0, 0, 0, 0, 0, 0, 0, 0, 0, 0, 0, 0, 0, 0, 0, 0, 0.107142858207, 0, 0, 0, 0, 0, 0.214285716414, 0, 0, 0.0714285746217, 0, 0, 0, 0.0714285746217, 0, 0, 0.0714285746217, 0, 0, 0, 0, 0, 0, 0, 0.0714285746217, 0, 0, 0, 0.0357142873108, 0, 0, 0, 0.142857149243, 0, 0, 0, 0, 0.214285716414, 0, 0, 0, 0, 0, 0, 0, 0, 0, 0, 0, 0, 0, 0, 0, 0, 0, 0, 0, 0, 0, 0, 0, 0, 0, 0, 0, 0, 0, 0, 0, 0, 0, 0, 0, 0, 0, 0, 0, 0, 0, 0, 0, 0, 0, 0, 0, 0, 0, 0, 0, 0, 0, 0, 0, 0, 0, 0, 0, 0, 0, 0, 0, 0, 0, 0, 0, 0, 0, 0, 0, 0, 0, 0, 0, 0, 0, 0, 0, 0, 0, 0, 0, 0, 0, 0, 0, 0, 0, 0, 0, 0]
},
"tonal": {
    "chords_changes_rate": 0.0181159414351,
