{
"metadata": {
    "version": {
        "essentia": "2.1-beta5",
        "essentia_git_sha": "Undefined",
        "extractor": "music 2.0"
    },
    "audio_properties": {
        "analysis": {
            "equal_loudness": 0,
            "length": 45.2556915283,
            "sample_rate": 44100,
            "start_time": 16.2423591614,
            "downmix": "mix"
        },
        "bit_rate": 192000,
        "length": 249.022415161,
        "lossless": 0,
        "number_channels": 1,
        "replay_gain": -11.4547977448,
        "sample_rate": 48000,
        "codec": "mp3",
        "md5_encoded": "10058ec952ede4f6894303bfc33246f3"
    },
    "tags": {
        "file_name": "Turkey_Unutamazsin_Tüzmen.mp3",
        "encoding": ["Lavf58.29.100"]
    }
},
"lowlevel": {
    "average_loudness": 0.907621026039,
    "barkbands_crest": {
        "max": 24.5694293976,
        "mean": 8.64659690857,
        "min": 2.26059389114,
        "stdev": 3.55215287209
    },
    "barkbands_flatness_db": {
        "max": 0.370994210243,
        "mean": 0.188017070293,
        "min": 0.0706793144345,
        "stdev": 0.0523831173778
    },
    "barkbands_kurtosis": {
        "max": 43.2739830017,
        "mean": 2.85848093033,
        "min": -1.71684634686,
        "stdev": 5.34558343887
    },
    "barkbands_skewness": {
        "max": 6.38563489914,
        "mean": 0.795552134514,
        "min": -3.83108854294,
        "stdev": 1.14537775517
    },
    "barkbands_spread": {
        "max": 65.7168197632,
        "mean": 16.4547157288,
        "min": 1.18976461887,
        "stdev": 10.6413259506
    },
    "dissonance": {
        "max": 0.499996572733,
        "mean": 0.449737668037,
        "min": 0.170092657208,
        "stdev": 0.0453753173351
    },
    "dynamic_complexity": 5.44792175293,
    "erbbands_crest": {
        "max": 26.7246265411,
        "mean": 10.1740980148,
        "min": 3.49583387375,
        "stdev": 3.81195616722
    },
    "erbbands_flatness_db": {
        "max": 0.38434407115,
        "mean": 0.244767650962,
        "min": 0.149254873395,
        "stdev": 0.0402028672397
    },
    "erbbands_kurtosis": {
        "max": 31.6840667725,
        "mean": 1.23879170418,
        "min": -1.73448479176,
        "stdev": 3.00634169579
    },
    "erbbands_skewness": {
        "max": 4.35406589508,
        "mean": 0.423282951117,
        "min": -2.15263533592,
        "stdev": 0.92438608408
    },
    "erbbands_spread": {
        "max": 64.2863922119,
        "mean": 22.7733669281,
        "min": 2.54513859749,
        "stdev": 10.692193985
    },
    "hfc": {
        "max": 90.8313903809,
        "mean": 9.15146541595,
        "min": 0.241565540433,
        "stdev": 12.9227809906
    },
    "loudness_ebu128": {
        "integrated": -18.4926147461,
        "loudness_range": 3.60210800171,
        "momentary": {
            "max": -12.2563591003,
            "mean": -20.1638946533,
            "min": -30.8180961609,
            "stdev": 4.01434898376
        },
        "short_term": {
            "max": -16.5845088959,
            "mean": -18.8356723785,
            "min": -24.7996845245,
            "stdev": 1.58571374416
        }
    },
    "melbands_crest": {
        "max": 28.9910526276,
        "mean": 11.0058765411,
        "min": 3.03135323524,
        "stdev": 4.42837905884
    },
    "melbands_flatness_db": {
        "max": 0.430209815502,
        "mean": 0.210435524583,
        "min": 0.0255109928548,
        "stdev": 0.078755274415
    },
    "melbands_kurtosis": {
        "max": 82.0494842529,
        "mean": 4.70354652405,
        "min": -1.64855372906,
        "stdev": 6.85032892227
    },
    "melbands_skewness": {
        "max": 7.3772687912,
        "mean": 1.28711998463,
        "min": -2.96094059944,
        "stdev": 1.07735133171
    },
    "melbands_spread": {
        "max": 167.270721436,
        "mean": 27.1938610077,
        "min": 1.82299900055,
        "stdev": 24.318447113
    },
    "pitch_salience": {
        "max": 0.877097904682,
        "mean": 0.659829497337,
        "min": 0.253003895283,
        "stdev": 0.111397609115
    },
    "silence_rate_20dB": {
        "max": 1,
        "mean": 1,
        "min": 1,
        "stdev": 0
    },
    "silence_rate_30dB": {
        "max": 1,
        "mean": 0.994871795177,
        "min": 0,
        "stdev": 0.0714278742671
    },
    "silence_rate_60dB": {
        "max": 1,
        "mean": 0.434871792793,
        "min": 0,
        "stdev": 0.495740145445
    },
    "spectral_centroid": {
        "max": 3869.8527832,
        "mean": 1282.65087891,
        "min": 340.139099121,
        "stdev": 793.433776855
    },
    "spectral_complexity": {
        "max": 42,
        "mean": 10.9399995804,
        "min": 0,
        "stdev": 6.52497768402
    },
    "spectral_decrease": {
        "max": -9.24869694718e-11,
        "mean": -3.20322524061e-09,
        "min": -4.86540550071e-08,
        "stdev": 5.29186161558e-09
    },
    "spectral_energy": {
        "max": 0.191870346665,
        "mean": 0.0129197537899,
        "min": 0.0003714231716,
        "stdev": 0.0210102628917
    },
    "spectral_energyband_high": {
        "max": 0.00569278979674,
        "mean": 0.000141018754221,
        "min": 1.55313432515e-06,
        "stdev": 0.000415348593378
    },
    "spectral_energyband_low": {
        "max": 0.016319539398,
        "mean": 0.000808230775874,
        "min": 9.76256501417e-07,
        "stdev": 0.00111669092439
    },
    "spectral_energyband_middle_high": {
        "max": 0.0348456092179,
        "mean": 0.00249427114613,
        "min": 4.0858561988e-05,
        "stdev": 0.0038695614785
    },
    "spectral_energyband_middle_low": {
        "max": 0.17795188725,
        "mean": 0.00971430260688,
        "min": 9.61935220403e-05,
        "stdev": 0.0183797813952
    },
    "spectral_entropy": {
        "max": 8.26934432983,
        "mean": 7.23158931732,
        "min": 5.33675098419,
        "stdev": 0.503758430481
    },
    "spectral_flux": {
        "max": 0.36698409915,
        "mean": 0.063117980957,
        "min": 0.00852276291698,
        "stdev": 0.0545856468379
    },
    "spectral_kurtosis": {
        "max": 58.0706939697,
        "mean": 7.54894113541,
        "min": -0.447365045547,
        "stdev": 6.84202194214
    },
    "spectral_rms": {
        "max": 0.0136817609891,
        "mean": 0.00280314846896,
        "min": 0.000601966807153,
        "stdev": 0.00217875954695
    },
    "spectral_rolloff": {
        "max": 7687.35351562,
        "mean": 1559.37792969,
        "min": 301.46484375,
        "stdev": 1216.76843262
    },
    "spectral_skewness": {
        "max": 5.48197555542,
        "mean": 1.72969794273,
        "min": -0.0753076896071,
        "stdev": 0.7992156744
    },
    "spectral_spread": {
        "max": 5970240,
        "mean": 2657698.25,
        "min": 889178.5625,
        "stdev": 621173.625
    },
    "spectral_strongpeak": {
        "max": 6.27115154266,
        "mean": 0.791507065296,
        "min": 0,
        "stdev": 0.87265920639
    },
    "zerocrossingrate": {
        "max": 0.224609375,
        "mean": 0.0535056106746,
        "min": 0.01171875,
        "stdev": 0.0345975533128
    },
    "barkbands": {
        "max": [0.00135448493529, 0.00610085297376, 0.0138992005959, 0.0151937119663, 0.0522857159376, 0.163837969303, 0.120715796947, 0.047562289983, 0.0424336418509, 0.0169721357524, 0.0183720942587, 0.0125622889027, 0.0117715997621, 0.0145481918007, 0.00970314722508, 0.0124933915213, 0.0141190849245, 0.00459815328941, 0.00451685953885, 0.00385879399255, 0.0017475138884, 0.00275249104016, 0.00160812726244, 0.000888922542799, 1.2341260117e-05, 8.5904542857e-07, 7.7323647929e-07],
        "mean": [2.2872000045e-05, 0.000271277036518, 0.000361908809282, 0.00036852384801, 0.00148384831846, 0.00251665897667, 0.00283351307735, 0.00161516095977, 0.000723135308363, 0.00041281565791, 0.00021069565264, 0.000263487629127, 0.000346613873262, 0.000279677420622, 0.000288284587441, 0.000306440750137, 0.000192112129298, 0.000108869680844, 0.000119073563837, 8.16031024442e-05, 4.5053940994e-05, 3.85626372008e-05, 1.99951391551e-05, 9.32760030992e-06, 2.58419902366e-07, 1.0344533008e-09, 8.61493210103e-10],
        "min": [2.17742446296e-08, 1.57028949843e-07, 1.6130056224e-07, 1.3921467712e-07, 9.88615738606e-07, 2.04399867698e-07, 1.9688015982e-06, 1.30119690311e-06, 2.40403824137e-06, 1.04064110928e-06, 3.41921065683e-07, 7.68372899529e-07, 1.1430398672e-06, 5.12264932695e-07, 6.22860909516e-07, 5.08184882619e-07, 6.27996769254e-07, 3.70156527651e-07, 2.04678570981e-07, 3.2904733871e-07, 8.22958412527e-08, 1.44866660889e-07, 2.47625166594e-07, 3.0012768093e-07, 2.16323137181e-09, 2.60883190051e-11, 2.40053688733e-11],
        "stdev": [4.86565550091e-05, 0.000356071221177, 0.000735900888685, 0.00098844524473, 0.00328840943985, 0.00816238671541, 0.00809938181192, 0.00488558085635, 0.00266141095199, 0.00123253103811, 0.000812413636595, 0.000936165335588, 0.00106014648918, 0.000819115666673, 0.00077583163511, 0.000967504631262, 0.000535289756954, 0.00031281838892, 0.000325505883666, 0.000230557983741, 0.000143158322317, 0.000145579047967, 7.82408969826e-05, 3.80136625608e-05, 6.52740936857e-07, 1.94805078735e-08, 1.75476699837e-08]
    },
    "erbbands": {
        "max": [0.315642237663, 1.05178415775, 13.3179388046, 23.2566356659, 129.527328491, 215.949768066, 515.884460449, 1883.98168945, 1838.84899902, 1331.23083496, 1209.85058594, 825.745788574, 778.966247559, 591.189331055, 729.531860352, 478.602416992, 411.987213135, 506.216918945, 493.324615479, 549.097106934, 695.539428711, 677.741760254, 231.047546387, 279.388397217, 213.223815918, 174.54486084, 61.8446998596, 84.4684906006, 100.006164551, 44.892578125, 56.3216247559, 40.5018577576, 4.59947490692, 0.482862472534, 0.0144900763407, 0.00378666212782, 0.00154756591655, 0.000510533689521, 0.000112190915388, 0.000216214146349],
        "mean": [0.00910749752074, 0.0595407150686, 0.351950764656, 0.882636606693, 2.71825575829, 5.00406265259, 11.2487850189, 23.7220840454, 41.3480606079, 35.7908744812, 32.6847839355, 16.9533252716, 14.887919426, 9.83684158325, 9.28388977051, 11.8061647415, 16.2330341339, 15.3468675613, 13.7369642258, 16.4653606415, 16.3122615814, 10.5338058472, 6.28239440918, 6.29207420349, 5.67971086502, 3.82334661484, 1.68908929825, 2.08207273483, 1.4601765871, 0.711342990398, 0.566543459892, 0.366782397032, 0.0703633725643, 0.00836093816906, 0.000285416434053, 3.31094233843e-05, 1.0201085388e-05, 3.00094802697e-06, 7.13453664503e-06, 1.51829099195e-05],
        "min": [7.22754475646e-06, 4.1700044676e-05, 0.000224255476496, 0.0008748153341, 0.00319860060699, 0.00590992486104, 0.00654781935737, 0.00346927926876, 0.0245036352426, 0.0307392030954, 0.068824455142, 0.0827968791127, 0.0596736259758, 0.0712041780353, 0.0726775974035, 0.0657287910581, 0.0666008740664, 0.0410176999867, 0.0770072489977, 0.0649051815271, 0.0293657202274, 0.050133369863, 0.0407464317977, 0.0164229664952, 0.011520572938, 0.0169619880617, 0.0101130688563, 0.00620218925178, 0.00485253939405, 0.00870158430189, 0.00886153243482, 0.00566180050373, 0.00328856427222, 0.000691252294928, 2.47853949986e-05, 2.07030643651e-06, 4.94394839734e-07, 1.11688578386e-07, 2.11272109141e-07, 4.35386283471e-07],
        "stdev": [0.0126063805073, 0.0853143110871, 0.661392271519, 1.83242285252, 7.70221328735, 11.8181066513, 34.3732833862, 84.8499908447, 120.172798157, 97.6116790771, 99.9713439941, 55.6507453918, 50.6779441833, 27.4133052826, 34.489490509, 39.2719650269, 48.1463317871, 41.5966949463, 34.9302444458, 46.2529602051, 47.6967430115, 28.5218334198, 16.3298816681, 19.1423034668, 13.8093519211, 10.925737381, 4.53300619125, 7.23050737381, 5.42900705338, 2.67787265778, 2.4217736721, 1.58552098274, 0.234345331788, 0.0220252200961, 0.00076542183524, 0.000108755390102, 3.79608100047e-05, 1.23729878396e-05, 1.07275500341e-05, 2.38938118855e-05]
    },
    "gfcc": {
        "mean": [-119.7395401, 152.525878906, -169.375717163, 41.3615493774, -68.9500350952, 1.61009728909, -30.755109787, -9.81204509735, 8.65500831604, -17.8521747589, 14.4059381485, -18.382610321, 5.23996734619],
        "cov": [[2975.35498047, -91.6171798706, -210.387359619, -53.0183258057, 4.85389566422, -637.076843262, -128.358184814, -269.132202148, 11.8398790359, -136.352249146, -174.35786438, -79.9830245972, -255.310150146], [-91.6171798706, 1658.28369141, 794.671875, -708.691162109, 89.4345703125, -360.447662354, -81.9880599976, -149.009506226, -62.8371047974, -90.9264602661, 117.81136322, -152.886932373, -92.3669052124], [-210.387359619, 794.671875, 763.723754883, -136.643844604, -65.9767913818, -210.78112793, -66.1216430664, -29.1646633148, -54.6573867798, -60.20129776, 109.359954834, -18.3067722321, -33.943901062], [-53.0183258057, -708.691162109, -136.643844604, 675.333435059, 6.17629146576, 89.2641906738, -30.2666378021, 64.913444519, 33.9145355225, 49.5428657532, -22.1111278534, 97.2575531006, 86.8295898438], [4.85389566422, 89.4345703125, -65.9767913818, 6.17629146576, 169.916687012, 9.65183067322, -48.730266571, -30.4463710785, 21.6990661621, 17.4232501984, -12.1586923599, -24.9797801971, 14.6241359711], [-637.076843262, -360.447662354, -210.78112793, 89.2641906738, 9.65183067322, 452.938354492, 141.153305054, 107.246574402, 15.5758590698, 56.5416564941, 3.61849665642, 40.4510421753, 56.0552215576], [-128.358184814, -81.9880599976, -66.1216430664, -30.2666378021, -48.730266571, 141.153305054, 174.575592041, 88.917755127, -13.4910154343, 1.6040225029, 5.41941642761, 14.3524131775, -4.34875202179], [-269.132202148, -149.009506226, -29.1646633148, 64.913444519, -30.4463710785, 107.246574402, 88.917755127, 138.044876099, 25.9126014709, 17.1489009857, 16.0510177612, 29.7608947754, 29.8317775726], [11.8398790359, -62.8371047974, -54.6573867798, 33.9145355225, 21.6990661621, 15.5758590698, -13.4910154343, 25.9126014709, 89.398399353, 42.5042648315, -17.1804847717, 5.13194799423, 13.8199262619], [-136.352249146, -90.9264602661, -60.20129776, 49.5428657532, 17.4232501984, 56.5416564941, 1.6040225029, 17.1489009857, 42.5042648315, 95.5176391602, 34.3247528076, -4.04168748856, 13.7288637161], [-174.35786438, 117.81136322, 109.359954834, -22.1111278534, -12.1586923599, 3.61849665642, 5.41941642761, 16.0510177612, -17.1804847717, 34.3247528076, 104.054016113, 22.478937149, -10.7718248367], [-79.9830245972, -152.886932373, -18.3067722321, 97.2575531006, -24.9797801971, 40.4510421753, 14.3524131775, 29.7608947754, 5.13194799423, -4.04168748856, 22.478937149, 92.6803283691, 40.7193222046], [-255.310150146, -92.3669052124, -33.943901062, 86.8295898438, 14.6241359711, 56.0552215576, -4.34875202179, 29.8317775726, 13.8199262619, 13.7288637161, -10.7718248367, 40.7193222046, 104.10206604]],
        "icov": [[0.00110828236211, 0.00101029244252, -0.000251542252954, 0.000291940581519, -0.000938782352023, 0.001898553106, -0.00186125666369, 0.00233586528338, -0.00171266298275, 0.0014408059651, -2.87016009679e-05, 0.000178065121872, 0.00161612755619], [0.00101029244252, 0.0102277295664, -0.00771263660863, 0.00637535192072, -0.00832177698612, 0.0043530780822, -0.00792082119733, 0.00891496241093, -0.00808578636497, 0.00838162750006, -0.00901680532843, 0.00884476024657, -0.00476492661983], [-0.000251542252954, -0.00771263660863, 0.00847212132066, -0.00509327184409, 0.00722187245265, -0.00201567844488, 0.00585120823234, -0.00579040776938, 0.00432949652895, -0.00248214951716, 0.00270865252241, -0.0046267490834, 0.00336773460731], [0.000291940581519, 0.00637535192072, -0.00509327184409, 0.00647514313459, -0.00540830474347, 0.00217474997044, -0.00281856302172, 0.00304240174592, -0.00260243890807, 0.00189320556819, -0.00293171964586, 0.00237583112903, -0.00322657055221], [-0.000938782352023, -0.00832177698612, 0.00722187245265, -0.00540830474347, 0.0146845867857, -0.00458564097062, 0.00833661947399, -0.00559557136148, 0.00384356011637, -0.00457634264603, 0.0043309610337, -0.00298073887825, 0.00124510179739], [0.001898553106, 0.0043530780822, -0.00201567844488, 0.00217474997044, -0.00458564097062, 0.00796684995294, -0.00754938134924, 0.00487637938932, -0.00368873029947, 0.0023284133058, -0.00213360367343, 0.00189153570682, -8.90443625394e-05], [-0.00186125666369, -0.00792082119733, 0.00585120823234, -0.00281856302172, 0.00833661947399, -0.00754938134924, 0.0211806427687, -0.0171911846846, 0.012934545055, -0.00970306806266, 0.00962066464126, -0.00856998283416, 0.00528136594221], [0.00233586528338, 0.00891496241093, -0.00579040776938, 0.00304240174592, -0.00559557136148, 0.00487637938932, -0.0171911846846, 0.0271238964051, -0.0180455911905, 0.0146665414795, -0.0143085364252, 0.010565219447, -0.00626919511706], [-0.00171266298275, -0.00808578636497, 0.00432949652895, -0.00260243890807, 0.00384356011637, -0.00368873029947, 0.012934545055, -0.0180455911905, 0.0324249565601, -0.0255110561848, 0.0218273866922, -0.0160542409867, 0.00696355430409], [0.0014408059651, 0.00838162750006, -0.00248214951716, 0.00189320556819, -0.00457634264603, 0.0023284133058, -0.00970306806266, 0.0146665414795, -0.0255110561848, 0.039174720645, -0.0292974933982, 0.0217344816774, -0.00994972512126], [-2.87016009679e-05, -0.00901680532843, 0.00270865252241, -0.00293171964586, 0.0043309610337, -0.00213360367343, 0.00962066464126, -0.0143085364252, 0.0218273866922, -0.0292974933982, 0.0386794619262, -0.0244722794741, 0.0148410256952], [0.000178065121872, 0.00884476024657, -0.0046267490834, 0.00237583112903, -0.00298073887825, 0.00189153570682, -0.00856998283416, 0.010565219447, -0.0160542409867, 0.0217344816774, -0.0244722794741, 0.0329468697309, -0.015345630236], [0.00161612755619, -0.00476492661983, 0.00336773460731, -0.00322657055221, 0.00124510179739, -8.90443625394e-05, 0.00528136594221, -0.00626919511706, 0.00696355430409, -0.00994972512126, 0.0148410256952, -0.015345630236, 0.0229470059276]]
    },
    "melbands": {
        "max": [0.00219148234464, 0.00465467013419, 0.00573350209743, 0.0106716714799, 0.0135603044182, 0.0381551943719, 0.0281082373112, 0.0137698436156, 0.00878664664924, 0.00479051657021, 0.00376459793188, 0.00241265981458, 0.00297100213356, 0.00188233342487, 0.00160226016305, 0.00089440139709, 0.00098473939579, 0.00111064058729, 0.000969638873357, 0.000948180328123, 0.000776306435, 0.000943141116295, 0.000191418657778, 0.000306403584545, 0.000258081709035, 0.00018493256357, 0.000173050691956, 9.10997987376e-05, 4.0793158405e-05, 3.20638828271e-05, 6.46343105473e-05, 5.81852400501e-05, 4.84174852318e-05, 1.77612546395e-05, 3.13031450787e-05, 3.71743008145e-05, 1.89395996131e-05, 2.95990025734e-06, 1.21762138861e-06, 8.81499460093e-08],
        "mean": [7.48970996938e-05, 0.000148005230585, 0.000204544936423, 0.000278346735286, 0.000360892998287, 0.000532211444806, 0.000629036570899, 0.000385551044019, 0.000243164700805, 9.79894903139e-05, 7.27529113647e-05, 3.97782096115e-05, 3.06476613332e-05, 2.78202569461e-05, 3.56806813215e-05, 3.32548879669e-05, 2.79854612018e-05, 2.11147307709e-05, 2.21677819354e-05, 2.1543353796e-05, 1.860298471e-05, 1.17761610454e-05, 6.4862065301e-06, 5.13091799803e-06, 5.1213523875e-06, 4.23025448981e-06, 3.91593448512e-06, 2.14185592995e-06, 9.97936467684e-07, 9.65492631622e-07, 1.33800017466e-06, 9.24353287246e-07, 5.2614973356e-07, 3.29311575342e-07, 2.92874545949e-07, 3.6027591932e-07, 1.68955125446e-07, 4.99490226957e-08, 1.88963618086e-08, 2.10884976148e-09],
        "min": [6.61179484496e-08, 9.84281314231e-08, 3.11718395096e-07, 2.15830283423e-07, 2.76520381703e-07, 7.66580114941e-08, 3.69500611441e-07, 3.0861679079e-07, 3.98136137392e-07, 4.11209271078e-07, 1.81164239166e-07, 2.00669489914e-07, 1.07589258391e-07, 1.0286832719e-07, 9.08885908757e-08, 1.00706550654e-07, 6.20335214307e-08, 7.72215500433e-08, 6.69920794394e-08, 3.7045136736e-08, 3.04501135417e-08, 2.07368966443e-08, 1.95836094008e-08, 2.32848389459e-08, 9.1660590229e-09, 6.36812425014e-09, 1.2979339381e-08, 1.1374626574e-08, 2.14033279988e-09, 7.33603955361e-10, 1.3562744261e-09, 2.26354890387e-09, 2.621036721e-09, 4.32144453555e-09, 4.14992618047e-09, 2.9308264704e-09, 2.29762830983e-09, 1.94928762021e-09, 1.80265447014e-09, 2.21567417191e-11],
        "stdev": [9.93575158645e-05, 0.000246730982326, 0.000435975758592, 0.000637238554191, 0.00101108767558, 0.0017839174252, 0.00179706641939, 0.00105755776167, 0.000759345944971, 0.000333515374223, 0.000249430333497, 0.000111349989311, 0.000122816680232, 0.000101373669168, 0.000118822317745, 9.74393697106e-05, 8.04697338026e-05, 5.98752230871e-05, 6.61914164084e-05, 6.91736131557e-05, 5.37982814421e-05, 3.48478170054e-05, 1.51298081619e-05, 1.67697871802e-05, 1.65569963428e-05, 1.11163890324e-05, 1.08681651909e-05, 6.45798991172e-06, 2.78356606032e-06, 2.94955748359e-06, 4.93768311571e-06, 3.48288790519e-06, 2.14983151636e-06, 1.24384280298e-06, 1.28795204546e-06, 1.58902548719e-06, 7.49555908897e-07, 1.68519292743e-07, 4.81431854382e-08, 5.18646814385e-09]
    },
    "melbands128": {
        "max": [0.00111631280743, 0.00295218895189, 0.00282521941699, 0.00224484200589, 0.00649336073548, 0.0063113658689, 0.00374771538191, 0.00957444123924, 0.0182094313204, 0.0197142846882, 0.0132799604908, 0.0234418418258, 0.0192306898534, 0.0292507838458, 0.040857180953, 0.0712070316076, 0.0305047798902, 0.0542635582387, 0.0267153419554, 0.0234962999821, 0.0173635408282, 0.0182326696813, 0.0165929030627, 0.0139564257115, 0.00598797574639, 0.00596638116986, 0.00840310472995, 0.00521454308182, 0.00337377772667, 0.00474101956934, 0.00233332742937, 0.00308408890851, 0.00592769682407, 0.00269894488156, 0.00208382052369, 0.00353991473094, 0.00202070572414, 0.00318877957761, 0.00258713262156, 0.00208505173214, 0.00119040522259, 0.00176814722363, 0.00178902386688, 0.0013631072361, 0.0033611189574, 0.00146447820589, 0.00107913953252, 0.00189613783732, 0.00118507328443, 0.00128051557112, 0.00143697333988, 0.00125805765856, 0.00149868673179, 0.000709827814717, 0.00170986959711, 0.00103955331724, 0.000454653258203, 0.000330707145622, 0.000244832102908, 0.000435367954196, 0.000497821136378, 0.000363169732736, 0.000303795502987, 0.000320829654811, 0.000194250955246, 0.000169917853782, 0.000273729412584, 0.000200564274564, 0.00023008036078, 0.000273571757134, 0.000119330077723, 7.94690349721e-05, 5.15265091963e-05, 4.32155247836e-05, 5.14229504915e-05, 3.20421277138e-05, 4.41587544628e-05, 6.88740765327e-05, 0.000103081591078, 9.02598621906e-05, 5.87391550653e-05, 5.27700758539e-05, 5.68542127439e-05, 5.86551868764e-05, 3.47367604263e-05, 2.22514809138e-05, 2.49765471381e-05, 1.39337871587e-05, 3.85894927604e-05, 3.94678645534e-05, 4.14149762946e-05, 3.45452499459e-05, 3.54929579771e-05, 2.28212447837e-05, 7.08428433427e-06, 5.46612136532e-06, 2.39134169533e-06, 1.83525003195e-06, 1.87369062132e-06, 6.35821493233e-07, 1.67868122958e-07, 2.01909386988e-08, 1.2083856582e-08, 1.04047481742e-08, 9.21448695124e-09, 8.33522939558e-09, 7.73345920635e-09, 6.98574220692e-09, 6.25499074758e-09, 5.85994763824e-09, 5.4848330322e-09, 5.13760323173e-09, 4.82835638138e-09, 4.55071491601e-09, 4.30502611337e-09, 4.09716127692e-09, 3.91599064287e-09, 3.732989029e-09, 3.58191054595e-09, 3.45549544534e-09, 3.33600902458e-09, 3.24381699279e-09, 3.14712300664e-09, 3.07346259554e-09, 3.00509261919e-09, 2.95604163369e-09, 2.92191315587e-09, 2.90146440207e-09],
        "mean": [1.84350883501e-05, 8.02556314738e-05, 8.22285583126e-05, 9.54201968852e-05, 0.000161279414897, 0.000178460148163, 0.000161425210536, 0.000200247144676, 0.000285588146653, 0.000289428571705, 0.000257549458183, 0.000316186342388, 0.000390900444472, 0.000408828083891, 0.000501547881868, 0.000625811400823, 0.000640106911305, 0.000712803739589, 0.000515032734256, 0.000350115937181, 0.000361491605872, 0.00034622734529, 0.000230921519687, 0.000141640179208, 0.000100185308838, 8.03462316981e-05, 8.4280691226e-05, 8.18880289444e-05, 5.17520238645e-05, 4.81471579405e-05, 3.19873179251e-05, 2.83950084849e-05, 3.60250887752e-05, 2.77101880783e-05, 2.38079719566e-05, 2.84516827378e-05, 3.28485693899e-05, 3.38227546308e-05, 3.97343828809e-05, 3.89698179788e-05, 2.87452985503e-05, 3.06453839585e-05, 2.85256028292e-05, 2.86231206701e-05, 2.00152953767e-05, 1.94096573978e-05, 2.28271364904e-05, 2.10611142393e-05, 2.19592311623e-05, 2.41914731305e-05, 2.07528937608e-05, 2.00821050385e-05, 2.053519529e-05, 1.7787600882e-05, 1.46419160956e-05, 1.18882398965e-05, 8.64072808326e-06, 7.24047959011e-06, 5.54153302801e-06, 5.22214531884e-06, 5.14189969181e-06, 5.00870146425e-06, 5.18708111485e-06, 5.46583942196e-06, 4.47690035799e-06, 4.09191716244e-06, 4.17718092649e-06, 4.01493252866e-06, 4.08289179177e-06, 3.48755952473e-06, 2.29469537771e-06, 1.36832488806e-06, 1.07125049453e-06, 9.0801307806e-07, 9.44966529914e-07, 9.34030367716e-07, 8.9815875981e-07, 1.24232053622e-06, 1.46852812577e-06, 1.43127215324e-06, 1.00812110304e-06, 7.38689834634e-07, 6.01566227942e-07, 5.37193898253e-07, 4.34386208781e-07, 3.65634178934e-07, 3.04471541313e-07, 2.136977173e-07, 2.69246754669e-07, 3.51779249286e-07, 4.28292594279e-07, 3.55509740757e-07, 2.74134890788e-07, 1.80585388421e-07, 9.38478734724e-08, 6.10811383694e-08, 3.88383583072e-08, 3.65671226632e-08, 1.9062948553e-08, 1.21437739864e-08, 3.72827102524e-09, 7.50272691197e-11, 1.38691358745e-11, 9.17423342156e-12, 8.35980590308e-12, 8.05047261493e-12, 9.33240724282e-12, 1.36869257247e-11, 7.35973434973e-12, 5.88106386507e-12, 5.57732549381e-12, 5.31680558954e-12, 5.08478502359e-12, 4.85408024539e-12, 4.65187740759e-12, 4.49950450163e-12, 4.32750059745e-12, 4.10289120387e-12, 3.95666312214e-12, 3.83756394717e-12, 3.72694930473e-12, 3.63652706038e-12, 3.54685053029e-12, 3.47452318653e-12, 3.37475815522e-12, 3.25782586671e-12, 3.19254757179e-12, 3.16832714578e-12],
        "min": [1.58218753654e-08, 5.48792584709e-08, 5.17847595916e-08, 2.65699782176e-08, 4.07437319438e-08, 6.37503489997e-08, 1.71537362093e-08, 5.78621914826e-08, 1.12800876195e-07, 7.58696785397e-08, 7.46734372115e-08, 2.63499231323e-08, 1.14687729535e-07, 3.45001858193e-08, 3.43031416605e-08, 9.00288910088e-09, 2.05821081067e-07, 1.65575514188e-07, 1.72676166699e-07, 4.77068482496e-08, 1.27430226371e-07, 9.53520640223e-08, 3.59810528039e-08, 7.06868306111e-08, 5.68921336708e-08, 6.58206644744e-08, 3.7908705508e-08, 5.07053385945e-08, 3.56785108124e-08, 3.70579940068e-08, 2.77330940435e-08, 1.01315587031e-08, 2.70652513734e-08, 2.3242810343e-08, 1.78470518364e-08, 1.24477548269e-08, 2.44316078479e-09, 1.72157808009e-08, 4.63739802115e-08, 1.17540563949e-08, 1.33678685899e-08, 1.96844816003e-08, 8.21129919615e-09, 1.71265668314e-08, 1.20575887053e-08, 8.94760532333e-09, 3.90850907195e-09, 2.3352451084e-09, 5.76473491165e-09, 2.81033809557e-08, 1.67507376858e-08, 1.3659148479e-08, 7.01266023029e-09, 1.90518911758e-09, 2.76213474315e-09, 2.63136401557e-09, 7.04495883852e-09, 5.89174131704e-09, 2.00711824938e-09, 3.61008356542e-09, 1.96954386134e-09, 7.27747639928e-09, 5.67224267556e-09, 4.1491556857e-09, 2.84442003284e-09, 3.18679060918e-09, 5.04601738172e-09, 2.98446201086e-09, 2.2312516279e-09, 1.87869231283e-09, 4.52922810368e-09, 1.61447388791e-09, 2.69494676575e-10, 3.55999646429e-10, 1.66477151509e-10, 3.49370365971e-10, 1.02810628066e-10, 3.71228409124e-10, 5.27999921562e-10, 1.2794449944e-09, 4.36898073275e-10, 1.9400302198e-10, 7.06629921243e-10, 4.039877044e-10, 1.78439041321e-09, 1.78448922306e-09, 1.81538550859e-09, 1.00885266807e-09, 1.46408829504e-09, 1.46457679318e-09, 8.23395462923e-10, 1.10160225386e-09, 1.15357967623e-09, 7.75290331934e-10, 2.51502901838e-10, 2.22508123038e-10, 6.35859004339e-11, 2.64403654526e-09, 8.6448842529e-10, 9.66690616444e-11, 2.44558821978e-12, 1.15684100754e-13, 5.77011786333e-14, 6.4100749719e-14, 6.17204922696e-14, 5.40406512128e-14, 7.95596905414e-14, 1.04134318627e-13, 8.88618063681e-14, 7.26722555831e-14, 6.6761734216e-14, 8.27845550357e-14, 8.46402686979e-14, 7.36303447141e-14, 6.5577948074e-14, 7.01742944352e-14, 8.40106589438e-14, 6.20820262602e-14, 6.61991213799e-14, 5.60174702577e-14, 7.23482146588e-14, 6.06116448264e-14, 6.9036214191e-14, 6.97146875818e-14, 4.73691656104e-14, 1.87656083706e-14, 2.75882124932e-15, 9.61928201989e-17],
        "stdev": [4.09500207752e-05, 0.00011633514805, 0.000123139543575, 0.000160617069923, 0.000321936386172, 0.000379807665013, 0.000383761362173, 0.000603228225373, 0.000976614654064, 0.000904503918719, 0.000722030177712, 0.00110150408, 0.00143348379061, 0.00158293824643, 0.00204446795397, 0.00302950199693, 0.00208327616565, 0.00274704233743, 0.00189885881264, 0.00128243002109, 0.0013693299843, 0.00128223944921, 0.000974755268544, 0.000704619451426, 0.00040264314157, 0.000329242815496, 0.000411896704463, 0.000331789138727, 0.00019150209846, 0.00015596866433, 0.000101128542155, 0.000126182800159, 0.000196030785446, 0.000114305788884, 0.000103012702311, 0.000138516057632, 0.000126775034005, 0.000154008346726, 0.000158258917509, 0.000145038211485, 9.47969601839e-05, 0.000113869718916, 0.000104757156805, 8.99917067727e-05, 0.000102896614408, 6.23062878731e-05, 6.27233239356e-05, 8.90373557922e-05, 7.42774354876e-05, 7.61067785788e-05, 8.39738568175e-05, 7.36077854526e-05, 7.22156182746e-05, 4.86668577651e-05, 5.17195985594e-05, 4.10971442761e-05, 2.47824482358e-05, 1.87765745068e-05, 1.45911562868e-05, 1.80945098691e-05, 2.04857096833e-05, 2.0276334908e-05, 1.80981933227e-05, 2.04628213396e-05, 1.4322979041e-05, 1.17247236631e-05, 1.17665003927e-05, 1.14885924631e-05, 1.31139222503e-05, 1.24997941384e-05, 7.97176653577e-06, 4.26126234743e-06, 3.29959516421e-06, 2.78500624518e-06, 3.15596480505e-06, 2.94378241961e-06, 2.92459912998e-06, 4.55507097286e-06, 6.03101352681e-06, 5.88262582824e-06, 3.89970227843e-06, 2.9136658668e-06, 2.53116922977e-06, 2.48814376391e-06, 1.89373042758e-06, 1.45201670421e-06, 1.23220854675e-06, 7.20200262094e-07, 1.31800118197e-06, 1.8569068061e-06, 2.08233996091e-06, 1.57310796567e-06, 1.32325646973e-06, 9.11592678676e-07, 3.70361192381e-07, 2.46526496994e-07, 1.33170388494e-07, 8.11499347719e-08, 6.11703327991e-08, 3.09928473996e-08, 9.7350740802e-09, 7.74322994612e-10, 2.7635119193e-10, 2.35738678578e-10, 2.08809428082e-10, 1.8892483411e-10, 1.75529674129e-10, 1.59191243521e-10, 1.41820416522e-10, 1.3286959033e-10, 1.24377369515e-10, 1.16513118598e-10, 1.09511115454e-10, 1.03226129033e-10, 9.76583397483e-11, 9.29509247349e-11, 8.88418366651e-11, 8.47007811111e-11, 8.12790598714e-11, 7.84133105669e-11, 7.57064272383e-11, 7.36168764837e-11, 7.14269823843e-11, 6.97595314847e-11, 6.82112560879e-11, 6.71001171293e-11, 6.63270618984e-11, 6.58637866469e-11]
    },
    "mfcc": {
        "mean": [-733.606628418, 151.711746216, -26.0472202301, 21.9722061157, -4.8979473114, 1.21125471592, -17.3515472412, 3.6611969471, -11.4434499741, 11.2701339722, -4.69539117813, 4.47996330261, -0.835890889168],
        "cov": [[3052.39477539, -455.960571289, -573.395324707, 345.110137939, -161.201431274, -67.1645050049, -370.98034668, -30.8016109467, -172.157104492, 31.372209549, -139.221740723, -96.4421005249, 10.430978775], [-455.960571289, 2432.54052734, 527.976989746, -324.763549805, 38.8439826965, -345.735473633, -50.310874939, -196.438034058, -298.001647949, 6.74590015411, -58.5133514404, -131.957565308, 191.077056885], [-573.395324707, 527.976989746, 648.772766113, 93.0950698853, -3.01188588142, -124.249855042, 30.7884082794, 0.85394513607, -105.359443665, -40.2842407227, 3.08132529259, 2.03936696053, 9.42321014404], [345.110137939, -324.763549805, 93.0950698853, 463.584381104, 88.7269592285, -60.3236579895, -114.673103333, -25.6712036133, -41.343460083, -21.3656425476, -53.2138595581, -24.2558765411, -21.6635017395], [-161.201431274, 38.8439826965, -3.01188588142, 88.7269592285, 214.807525635, 35.7434082031, -46.866519928, -58.7962379456, -1.80715930462, 2.13223695755, -21.0252056122, -9.17789554596, 1.66604840755], [-67.1645050049, -345.735473633, -124.249855042, -60.3236579895, 35.7434082031, 207.260787964, 58.8995666504, 24.935754776, 77.1870422363, 7.36240577698, 25.3003311157, 38.6780204773, -38.0000915527], [-370.98034668, -50.310874939, 30.7884082794, -114.673103333, -46.866519928, 58.8995666504, 202.108261108, 69.9585952759, 35.0055274963, 2.91542387009, 53.6322975159, 32.2002220154, -7.57848930359], [-30.8016109467, -196.438034058, 0.85394513607, -25.6712036133, -58.7962379456, 24.935754776, 69.9585952759, 147.211044312, 59.8027038574, -18.1766204834, 16.4296073914, 26.6043148041, -13.9530706406], [-172.157104492, -298.001647949, -105.359443665, -41.343460083, -1.80715930462, 77.1870422363, 35.0055274963, 59.8027038574, 177.402282715, 22.5167331696, 3.52524352074, 12.2008714676, -17.4065685272], [31.372209549, 6.74590015411, -40.2842407227, -21.3656425476, 2.13223695755, 7.36240577698, 2.91542387009, -18.1766204834, 22.5167331696, 118.237579346, 20.3696842194, -20.9915008545, 9.00430870056], [-139.221740723, -58.5133514404, 3.08132529259, -53.2138595581, -21.0252056122, 25.3003311157, 53.6322975159, 16.4296073914, 3.52524352074, 20.3696842194, 124.258514404, 43.2556114197, -31.4878768921], [-96.4421005249, -131.957565308, 2.03936696053, -24.2558765411, -9.17789554596, 38.6780204773, 32.2002220154, 26.6043148041, 12.2008714676, -20.9915008545, 43.2556114197, 108.864517212, -1.55695104599], [10.430978775, 191.077056885, 9.42321014404, -21.6635017395, 1.66604840755, -38.0000915527, -7.57848930359, -13.9530706406, -17.4065685272, 9.00430870056, -31.4878768921, -1.55695104599, 105.97681427]],
        "icov": [[0.000975832517724, -0.000145361176692, 0.0011262370972, -0.000918585748877, 0.00140975182876, -0.000725831021555, 0.00153150246479, -0.000981690711342, 0.00156757351942, -0.000549890624825, 0.000450932333479, 0.000165511504747, 1.65726232808e-05], [-0.000145361176692, 0.0014804903185, -0.00113292981405, 0.00192212627735, -0.0011618352728, 0.00163200078532, -8.1612066424e-05, 0.000907689158339, 0.000890804920346, 0.000106080602563, 6.00951943852e-06, 0.0011396020418, -0.00128842366394], [0.0011262370972, -0.00113292981405, 0.00396428350359, -0.00259745470248, 0.00196126964875, -0.000616729143076, 0.000689173350111, -0.00179735547863, 0.00189364759717, -0.000323116750224, 0.000488192948978, -0.000861737702508, 0.00107991218101], [-0.000918585748877, 0.00192212627735, -0.00259745470248, 0.00605029938743, -0.00368609395809, 0.00315400282852, 0.000110950793896, 0.00105782377068, 0.00023950135801, 0.000446646648925, 0.000539358705282, 0.00102947931737, -0.000394594448153], [0.00140975182876, -0.0011618352728, 0.00196126964875, -0.00368609395809, 0.00898612197489, -0.00412577344105, 0.00267741340213, 0.000628648442216, 0.00094394874759, -0.000521607638802, 0.00068106740946, -0.000215420557652, 8.02879148978e-05], [-0.000725831021555, 0.00163200078532, -0.000616729143076, 0.00315400282852, -0.00412577344105, 0.0104606449604, -0.00320336758159, 0.00184034637641, -0.00196211785078, 0.000153472647071, 0.000542566180229, -0.00146229227539, 0.00146187085193], [0.00153150246479, -8.1612066424e-05, 0.000689173350111, 0.000110950793896, 0.00267741340213, -0.00320336758159, 0.0106221716851, -0.00443296460435, 0.0026067760773, -0.000951095891651, -0.00161388528068, 0.0007261033752, -0.00101684755646], [-0.000981690711342, 0.000907689158339, -0.00179735547863, 0.00105782377068, 0.000628648442216, 0.00184034637641, -0.00443296460435, 0.012357275933, -0.00462151458487, 0.00248863990419, -0.000258887506789, -0.000712667242624, -0.000261825276539], [0.00156757351942, 0.000890804920346, 0.00189364759717, 0.00023950135801, 0.00094394874759, -0.00196211785078, 0.0026067760773, -0.00462151458487, 0.0119915353134, -0.00291312136687, 0.0020566736348, 0.000896017358173, -0.000178947142558], [-0.000549890624825, 0.000106080602563, -0.000323116750224, 0.000446646648925, -0.000521607638802, 0.000153472647071, -0.000951095891651, 0.00248863990419, -0.00291312136687, 0.0109202424064, -0.00378813548014, 0.00322780013084, -0.00217865710147], [0.000450932333479, 6.00951943852e-06, 0.000488192948978, 0.000539358705282, 0.00068106740946, 0.000542566180229, -0.00161388528068, -0.000258887506789, 0.0020566736348, -0.00378813548014, 0.0130003811792, -0.00513911200687, 0.00449281418696], [0.000165511504747, 0.0011396020418, -0.000861737702508, 0.00102947931737, -0.000215420557652, -0.00146229227539, 0.0007261033752, -0.000712667242624, 0.000896017358173, 0.00322780013084, -0.00513911200687, 0.0139296045527, -0.00379615859129], [1.65726232808e-05, -0.00128842366394, 0.00107991218101, -0.000394594448153, 8.02879148978e-05, 0.00146187085193, -0.00101684755646, -0.000261825276539, -0.000178947142558, -0.00217865710147, 0.00449281418696, -0.00379615859129, 0.0134313339368]]
    },
    "spectral_contrast_coeffs": {
        "max": [-0.372236937284, -0.389554917812, -0.475658833981, -0.579084634781, -0.561267733574, -0.557305812836],
        "mean": [-0.729692816734, -0.751375615597, -0.777032077312, -0.792990028858, -0.781363666058, -0.724878430367],
        "min": [-0.927356183529, -0.938854813576, -0.910586714745, -0.903582572937, -0.890473127365, -0.819568932056],
        "stdev": [0.102908037603, 0.0848715826869, 0.0555815733969, 0.0518110506237, 0.0472671948373, 0.0459220185876]
    },
    "spectral_contrast_valleys": {
        "max": [-5.88756036758, -4.42074966431, -5.24985647202, -5.86611843109, -5.83813381195, -9.53688049316],
        "mean": [-7.68206596375, -7.02093410492, -7.99707174301, -8.04656982422, -8.51688671112, -12.2520236969],
        "min": [-10.2913255692, -9.06392002106, -9.75227928162, -9.92865657806, -10.1547498703, -13.7393779755],
        "stdev": [0.663125395775, 0.814535975456, 0.803988158703, 0.846475839615, 0.905866205692, 0.728283941746]
    }
},
"rhythm": {
    "beats_count": 77,
    "beats_loudness": {
        "max": 0.179218962789,
        "mean": 0.0252511221915,
        "min": 0.000727838720195,
        "stdev": 0.0314183793962
    },
    "bpm": 113.49887085,
    "bpm_histogram_first_peak_bpm": 115,
    "bpm_histogram_first_peak_weight": 0.307692289352,
    "bpm_histogram_second_peak_bpm": 88,
    "bpm_histogram_second_peak_spread": 0.33333337307,
    "bpm_histogram_second_peak_weight": 0.157894730568,
    "danceability": 1.41753876209,
    "onset_rate": 4.0426530838,
    "beats_loudness_band_ratio": {
        "max": [0.441062599421, 0.941696226597, 0.83037519455, 0.603356719017, 0.875525414944, 0.657633543015],
        "mean": [0.123571038246, 0.261084407568, 0.34238293767, 0.124950408936, 0.145773231983, 0.0652041584253],
        "min": [0.00121507258154, 0.0092599298805, 0.00798718445003, 0.00112063565757, 0.000966067542322, 0.000270236894721],
        "stdev": [0.103668488562, 0.232513174415, 0.213295102119, 0.13569188118, 0.184234514832, 0.138856753707]
    },
