{
"metadata": {
    "version": {
        "essentia": "2.1-beta5",
        "essentia_git_sha": "Undefined",
        "extractor": "music 2.0"
    },
    "audio_properties": {
        "analysis": {
            "equal_loudness": 0,
            "length": 29.0017242432,
            "sample_rate": 44100,
            "start_time": 0,
            "downmix": "mix"
        },
        "bit_rate": 192000,
        "length": 188.128067017,
        "lossless": 0,
        "number_channels": 2,
        "replay_gain": 0.0260410308838,
        "sample_rate": 44100,
        "codec": "mp3",
        "md5_encoded": "5abb3780fdef89bd2e42d12745b34f63"
    },
    "tags": {
        "file_name": "Israel_Diva_Dana International.mp3",
        "encoding": ["Lavf58.29.100"]
    }
},
"lowlevel": {
    "average_loudness": 0.970013856888,
    "barkbands_crest": {
        "max": 25.2107982635,
        "mean": 9.18403339386,
        "min": 2.40745520592,
        "stdev": 4.44747543335
    },
    "barkbands_flatness_db": {
        "max": 0.262704253197,
        "mean": 0.111893862486,
        "min": 0.0361749902368,
        "stdev": 0.0361129529774
    },
    "barkbands_kurtosis": {
        "max": 40.3134727478,
        "mean": 1.90936839581,
        "min": -1.86962246895,
        "stdev": 3.7378385067
    },
    "barkbands_skewness": {
        "max": 5.9345664978,
        "mean": 1.05759060383,
        "min": -3.24972558022,
        "stdev": 1.04245448112
    },
    "barkbands_spread": {
        "max": 82.7831878662,
        "mean": 26.8158035278,
        "min": 2.61485242844,
        "stdev": 14.3479413986
    },
    "dissonance": {
        "max": 0.499857187271,
        "mean": 0.472072958946,
        "min": 0.337130516768,
        "stdev": 0.0230598300695
    },
    "dynamic_complexity": 1.98711657524,
    "erbbands_crest": {
        "max": 27.2992553711,
        "mean": 8.46779632568,
        "min": 2.70251464844,
        "stdev": 4.46636962891
    },
    "erbbands_flatness_db": {
        "max": 0.26678660512,
        "mean": 0.15554612875,
        "min": 0.0823506191373,
        "stdev": 0.0372115783393
    },
    "erbbands_kurtosis": {
        "max": 24.6690673828,
        "mean": 0.23539082706,
        "min": -1.64825928211,
        "stdev": 2.39845848083
    },
    "erbbands_skewness": {
        "max": 2.90231919289,
        "mean": 0.319866299629,
        "min": -4.12596178055,
        "stdev": 0.86668741703
    },
    "erbbands_spread": {
        "max": 98.4586257935,
        "mean": 40.8400115967,
        "min": 7.89635515213,
        "stdev": 17.9616546631
    },
    "hfc": {
        "max": 245.747909546,
        "mean": 34.981502533,
        "min": 1.17585431375e-16,
        "stdev": 33.6050186157
    },
    "loudness_ebu128": {
        "integrated": -23.4958057404,
        "loudness_range": 3.24859237671,
        "momentary": {
            "max": -20.5962562561,
            "mean": -23.869134903,
            "min": -28.5397319794,
            "stdev": 1.86813926697
        },
        "short_term": {
            "max": -21.567024231,
            "mean": -23.5494041443,
            "min": -25.8654117584,
            "stdev": 1.11699318886
        }
    },
    "melbands_crest": {
        "max": 28.2474002838,
        "mean": 12.1772661209,
        "min": 1.5159099102,
        "stdev": 5.46359634399
    },
    "melbands_flatness_db": {
        "max": 0.312370717525,
        "mean": 0.140906766057,
        "min": 0.00315634883009,
        "stdev": 0.0542678385973
    },
    "melbands_kurtosis": {
        "max": 77.9149932861,
        "mean": 8.17326641083,
        "min": -1.90261316299,
        "stdev": 9.56610870361
    },
    "melbands_skewness": {
        "max": 7.42639875412,
        "mean": 2.05447101593,
        "min": -0.924400508404,
        "stdev": 1.29028987885
    },
    "melbands_spread": {
        "max": 218.140396118,
        "mean": 35.0364112854,
        "min": 2.39545226097,
        "stdev": 31.4150562286
    },
    "pitch_salience": {
        "max": 0.883745372295,
        "mean": 0.608558475971,
        "min": 0.187119856477,
        "stdev": 0.127376005054
    },
    "silence_rate_20dB": {
        "max": 1,
        "mean": 1,
        "min": 1,
        "stdev": 0
    },
    "silence_rate_30dB": {
        "max": 1,
        "mean": 1,
        "min": 1,
        "stdev": 0
    },
    "silence_rate_60dB": {
        "max": 1,
        "mean": 0.00480000022799,
        "min": 0,
        "stdev": 0.0691155716777
    },
    "spectral_centroid": {
        "max": 11561.6240234,
        "mean": 1710.37219238,
        "min": 447.887939453,
        "stdev": 854.584350586
    },
    "spectral_complexity": {
        "max": 58,
        "mean": 26.6888008118,
        "min": 0,
        "stdev": 12.5503807068
    },
    "spectral_decrease": {
        "max": -7.63729686118e-29,
        "mean": -6.08841022043e-09,
        "min": -2.12151878287e-08,
        "stdev": 3.00109248563e-09
    },
    "spectral_energy": {
        "max": 0.0847400352359,
        "mean": 0.026151990518,
        "min": 1.09536072586e-20,
        "stdev": 0.0125140734017
    },
    "spectral_energyband_high": {
        "max": 0.0425698794425,
        "mean": 0.00261915381998,
        "min": 8.17793001173e-21,
        "stdev": 0.00532928947359
    },
    "spectral_energyband_low": {
        "max": 0.0194646473974,
        "mean": 0.00344939087518,
        "min": 7.65572342904e-23,
        "stdev": 0.00368377077393
    },
    "spectral_energyband_middle_high": {
        "max": 0.0383455865085,
        "mean": 0.00767962727696,
        "min": 1.5520445773e-21,
        "stdev": 0.00729282340035
    },
    "spectral_energyband_middle_low": {
        "max": 0.0750474110246,
        "mean": 0.0131793897599,
        "min": 3.02736163996e-22,
        "stdev": 0.011082793586
    },
    "spectral_entropy": {
        "max": 9.81249809265,
        "mean": 7.89190244675,
        "min": 6.72738742828,
        "stdev": 0.321777403355
    },
    "spectral_flux": {
        "max": 0.210320875049,
        "mean": 0.0896537676454,
        "min": 1.04659482469e-10,
        "stdev": 0.0306950975209
    },
    "spectral_kurtosis": {
        "max": 22.2480297089,
        "mean": 2.67248010635,
        "min": -1.2186524868,
        "stdev": 1.64371907711
    },
    "spectral_rms": {
        "max": 0.00909248087555,
        "mean": 0.00489323958755,
        "min": 3.26901309841e-12,
        "stdev": 0.00125312176533
    },
    "spectral_rolloff": {
        "max": 18475.4882812,
        "mean": 2273.8046875,
        "min": 172.265625,
        "stdev": 1838.95166016
    },
    "spectral_skewness": {
        "max": 3.42994308472,
        "mean": 1.20480453968,
        "min": -0.292965084314,
        "stdev": 0.360209017992
    },
    "spectral_spread": {
        "max": 41179148,
        "mean": 4943725.5,
        "min": 2646679.5,
        "stdev": 1773723.25
    },
    "spectral_strongpeak": {
        "max": 11.2786846161,
        "mean": 1.32228028774,
        "min": 1.25848531596e-09,
        "stdev": 1.3486315012
    },
    "zerocrossingrate": {
        "max": 0.4990234375,
        "mean": 0.0845945328474,
        "min": 0.017578125,
        "stdev": 0.0468199811876
    },
    "barkbands": {
        "max": [0.00064047134947, 0.0166232474148, 0.0144414929673, 0.0152960540727, 0.0394014418125, 0.0642498135567, 0.0409352108836, 0.0427822060883, 0.0170275680721, 0.0410267524421, 0.0177644491196, 0.0136577729136, 0.00290595158003, 0.0135416584089, 0.00567742902786, 0.00456539727747, 0.00415471056476, 0.00525490241125, 0.00630573462695, 0.00539633724838, 0.0152847887948, 0.0247839726508, 0.0101110646501, 0.00490909861401, 0.00164898764342, 0.000471873936476, 6.62890170133e-06],
        "mean": [3.96536488552e-05, 0.00224045896903, 0.000874783901963, 0.000774100131821, 0.00328261684626, 0.00278615462594, 0.00279071531259, 0.000861714826897, 0.0017267705407, 0.00222150911577, 0.00111248693429, 0.00059584149858, 0.000431517895777, 0.0008126188186, 0.000741938187275, 0.000525642710272, 0.000503548420966, 0.00060207338538, 0.000432273343904, 0.000362131162547, 0.000626655353699, 0.000815159582999, 0.000505197735038, 0.000273392448435, 0.000171807128936, 4.12067311117e-05, 4.28467892277e-08],
        "min": [1.42961696202e-23, 4.8461725959e-23, 9.75478731898e-24, 1.63896471127e-23, 5.94201209595e-23, 7.29842560587e-23, 5.40985094691e-23, 1.88992503105e-23, 4.41433467471e-23, 8.46496345134e-23, 6.37849703897e-23, 8.48773881231e-23, 1.2808243531e-22, 1.29471840246e-22, 1.35477166949e-22, 1.53084012239e-22, 2.40621584485e-22, 2.07452659236e-22, 2.0198220547e-22, 3.61085844883e-22, 4.48018367126e-22, 7.99624653526e-22, 8.46992406115e-22, 8.13845758298e-22, 1.18982277272e-21, 1.55264991761e-21, 2.54010707321e-21],
        "stdev": [5.07622680743e-05, 0.00286262831651, 0.00179292680696, 0.00179718877189, 0.00499545456842, 0.00719957519323, 0.00460681179538, 0.00256734434515, 0.00245492183603, 0.00328599708155, 0.0017771004932, 0.000968544278294, 0.000466880068416, 0.00109629041981, 0.000870172865689, 0.000589712930378, 0.000529221491888, 0.00070868775947, 0.000609656446613, 0.000473588617751, 0.00154413830023, 0.00245382683352, 0.000972790527157, 0.000475570763228, 0.000282105436781, 6.6416701884e-05, 1.95577669615e-07]
    },
    "erbbands": {
        "max": [0.291847109795, 4.32607078552, 15.6271734238, 35.1742401123, 89.2715454102, 168.217666626, 199.532928467, 644.741638184, 670.055664062, 713.101501465, 688.007995605, 533.803833008, 1537.64135742, 697.869934082, 387.613342285, 675.294006348, 132.106948853, 474.968933105, 377.076019287, 379.13848877, 270.193908691, 229.254165649, 242.546279907, 405.835845947, 116.394180298, 248.15953064, 445.635864258, 839.531982422, 830.026245117, 616.658630371, 209.084289551, 146.220397949, 56.4389419556, 24.2729511261, 10.0575799942, 3.27201843262, 0.63720959425, 0.0252990219742, 0.00124972185586, 0.000158456910867],
        "mean": [0.0497691482306, 0.550278902054, 1.11683380604, 1.78486800194, 6.12649726868, 14.3533496857, 7.42953824997, 28.6029930115, 37.0692100525, 42.3040237427, 17.0830192566, 38.4603614807, 72.6514205933, 54.9809112549, 37.4716262817, 25.5580291748, 20.7185382843, 38.2075576782, 39.2142486572, 35.9195213318, 29.7101383209, 28.4286651611, 29.061208725, 32.2718315125, 17.9476909637, 17.2804355621, 20.3519859314, 28.8217563629, 29.4874820709, 23.1399936676, 12.2706432343, 6.85063838959, 4.25033950806, 2.32655334473, 0.98187071085, 0.312884420156, 0.0493901371956, 0.00190917029977, 8.21191861178e-05, 4.17525807279e-05],
        "min": [1.75729189699e-21, 9.23023138229e-21, 1.15453394724e-20, 3.87411461606e-20, 8.43373965513e-20, 2.42716970503e-19, 2.46281214215e-19, 7.3684106423e-19, 9.64242165306e-19, 4.31384434668e-19, 7.93315062793e-19, 9.86742201751e-19, 2.28208150181e-18, 2.51513736465e-18, 3.02410304312e-18, 3.11852198773e-18, 6.77132985927e-18, 5.50627788074e-18, 6.05066363984e-18, 7.07245710305e-18, 1.21802990399e-17, 1.20154593146e-17, 1.15195678461e-17, 1.25923425185e-17, 8.4692516562e-18, 1.44618153706e-17, 1.77213205744e-17, 2.23671143103e-17, 2.74297442093e-17, 2.71777982296e-17, 2.387613163e-17, 1.70001845163e-17, 1.47435431611e-17, 1.39356722527e-17, 7.53063492589e-18, 5.38012704706e-18, 2.92286337397e-18, 1.44376507366e-18, 3.21657116955e-19, 3.69656675992e-20],
        "stdev": [0.0615949034691, 0.741477370262, 1.87865531445, 3.60806941986, 10.8737287521, 23.3446044922, 14.6876363754, 77.0286102295, 71.2757492065, 80.6264648438, 33.0509910583, 58.8117370605, 111.523666382, 78.1409301758, 52.8751449585, 44.4324531555, 20.8265285492, 44.2855033875, 44.638469696, 45.8795509338, 32.2211494446, 29.2578258514, 30.4436321259, 44.9307479858, 18.1470031738, 22.6498031616, 41.4762916565, 79.1190338135, 87.2433700562, 62.5240135193, 22.0320205688, 12.0927534103, 7.46252012253, 4.02187919617, 1.53826534748, 0.49632576108, 0.0836278498173, 0.00302597880363, 0.000106912899355, 2.51288092841e-05]
    },
    "gfcc": {
        "mean": [31.6157932281, 74.637878418, -137.613723755, 36.7495765686, -76.3764419556, 19.129360199, -40.5480537415, 10.8492450714, -20.1651344299, 4.7404794693, -17.7959041595, 4.12790060043, -8.21450233459],
        "cov": [[2964.51538086, -707.937561035, -39.6342964172, 14.8938589096, -260.276184082, 240.327133179, -182.18649292, 166.362380981, -181.696960449, -49.5873527527, -157.438095093, -98.7551574707, -72.1057128906], [-707.937561035, 845.493408203, -93.4205245972, -27.165178299, 228.731140137, -142.502029419, 142.943786621, -38.0801506042, 111.024391174, -15.7885026932, 74.4072647095, 23.6729602814, 29.9155006409], [-39.6342964172, -93.4205245972, 818.126342773, 261.455993652, -53.5938072205, 105.192176819, -173.279998779, -20.6849536896, 17.5288333893, 88.7482528687, -5.68967485428, 61.6267585754, -82.2403335571], [14.8938589096, -27.165178299, 261.455993652, 315.132720947, -2.49912810326, 11.2326469421, 19.741859436, -36.4425430298, 81.9565124512, 51.0274963379, 38.082321167, 66.1968841553, 1.20207619667], [-260.276184082, 228.731140137, -53.5938072205, -2.49912810326, 175.638320923, 18.5607662201, 76.9766845703, 29.7058372498, 10.4265470505, 4.96530818939, 11.5968437195, 7.90584039688, 16.5136432648], [240.327133179, -142.502029419, 105.192176819, 11.2326469421, 18.5607662201, 208.122680664, 41.1085968018, 41.1966094971, -43.2891197205, 37.5813980103, -29.5378780365, -35.163974762, -11.7946977615], [-182.18649292, 142.943786621, -173.279998779, 19.741859436, 76.9766845703, 41.1085968018, 200.370819092, 15.3230819702, 52.5780944824, 20.0642032623, 28.2166614532, -9.13887405396, 43.0516700745], [166.362380981, -38.0801506042, -20.6849536896, -36.4425430298, 29.7058372498, 41.1966094971, 15.3230819702, 107.851165771, 8.1473493576, 8.36949825287, -8.15719413757, -10.2356014252, 0.102471753955], [-181.696960449, 111.024391174, 17.5288333893, 81.9565124512, 10.4265470505, -43.2891197205, 52.5780944824, 8.1473493576, 115.432762146, 36.2576332092, 52.7444877625, 40.8104553223, 23.0954551697], [-49.5873527527, -15.7885026932, 88.7482528687, 51.0274963379, 4.96530818939, 37.5813980103, 20.0642032623, 8.36949825287, 36.2576332092, 98.7584686279, 50.6962127686, 41.0675086975, 20.7117557526], [-157.438095093, 74.4072647095, -5.68967485428, 38.082321167, 11.5968437195, -29.5378780365, 28.2166614532, -8.15719413757, 52.7444877625, 50.6962127686, 97.6580505371, 64.7662658691, 40.9943275452], [-98.7551574707, 23.6729602814, 61.6267585754, 66.1968841553, 7.90584039688, -35.163974762, -9.13887405396, -10.2356014252, 40.8104553223, 41.0675086975, 64.7662658691, 101.251815796, 45.3756866455], [-72.1057128906, 29.9155006409, -82.2403335571, 1.20207619667, 16.5136432648, -11.7946977615, 43.0516700745, 0.102471753955, 23.0954551697, 20.7117557526, 40.9943275452, 45.3756866455, 77.719619751]],
        "icov": [[0.000924587831832, -0.000902730156668, 0.0014222554164, -0.00195055850782, 0.00262843212113, -0.00191657443065, 0.00177844427526, -0.00247573223896, 0.00176549691241, -0.000436952075688, 0.00106134125963, -0.000846563489176, 0.000435449503129], [-0.000902730156668, 0.00526676978916, -0.00344014749862, 0.00469580525532, -0.00830302201211, 0.00515972590074, -0.00441257469356, 0.00534248398617, -0.00510798161849, 0.00249574007466, -0.00354757951573, 0.00311906402931, -0.000690184591804], [0.0014222554164, -0.00344014749862, 0.0069522256963, -0.00650490494445, 0.00617811735719, -0.00715828081593, 0.00785413943231, -0.00440993485972, 0.00266624288633, -0.0035428549163, 0.00401583639905, -0.00449931621552, 0.00401749322191], [-0.00195055850782, 0.00469580525532, -0.00650490494445, 0.0126908160746, -0.00885758921504, 0.0056607183069, -0.00793075095862, 0.00938253849745, -0.00945108197629, 0.00302773155272, -0.00247196597047, -0.000223208582611, -0.000139015770401], [0.00262843212113, -0.00830302201211, 0.00617811735719, -0.00885758921504, 0.0225655753165, -0.00895406864583, 0.00426155468449, -0.0130754318088, 0.0114491935819, -0.00317318132147, 0.00616896012798, -0.00765391206369, 0.00247017852962], [-0.00191657443065, 0.00515972590074, -0.00715828081593, 0.0056607183069, -0.00895406864583, 0.0176832508296, -0.0113910511136, 0.00319000706077, 0.00157654471695, -0.00236427690834, -0.00277196639217, 0.007210040465, -0.00312037440017], [0.00177844427526, -0.00441257469356, 0.00785413943231, -0.00793075095862, 0.00426155468449, -0.0113910511136, 0.0195131748915, -0.00433462532237, -0.0020319360774, -0.00291567808017, 0.00224426505156, 0.00192958198022, -0.00258491421118], [-0.00247573223896, 0.00534248398617, -0.00440993485972, 0.00938253849745, -0.0130754318088, 0.00319000706077, -0.00433462532237, 0.0211998857558, -0.0126393204555, 0.00201628985815, -0.00217413879, 0.0027892710641, -0.000792459817603], [0.00176549691241, -0.00510798161849, 0.00266624288633, -0.00945108197629, 0.0114491935819, 0.00157654471695, -0.0020319360774, -0.0126393204555, 0.0270541142672, -0.0055712047033, -0.00115033437032, -0.00277974596247, 0.00119527918287], [-0.000436952075688, 0.00249574007466, -0.0035428549163, 0.00302773155272, -0.00317318132147, -0.00236427690834, -0.00291567808017, 0.00201628985815, -0.0055712047033, 0.0213295239955, -0.010398154147, -0.000573137775064, -0.00144327362068], [0.00106134125963, -0.00354757951573, 0.00401583639905, -0.00247196597047, 0.00616896012798, -0.00277196639217, 0.00224426505156, -0.00217413879, -0.00115033437032, -0.010398154147, 0.0289602354169, -0.0141677707434, -0.000224820687436], [-0.000846563489176, 0.00311906402931, -0.00449931621552, -0.000223208582611, -0.00765391206369, 0.007210040465, 0.00192958198022, 0.0027892710641, -0.00277974596247, -0.000573137775064, -0.0141677707434, 0.0320644304156, -0.0153643032536], [0.000435449503129, -0.000690184591804, 0.00401749322191, -0.000139015770401, 0.00247017852962, -0.00312037440017, -0.00258491421118, -0.000792459817603, 0.00119527918287, -0.00144327362068, -0.000224820687436, -0.0153643032536, 0.0273425504565]]
    },
    "melbands": {
        "max": [0.00392506970093, 0.00557036604732, 0.00574931316078, 0.0106894792989, 0.00584208592772, 0.0142728192732, 0.00872606039047, 0.00862832088023, 0.00448485510424, 0.00327482656576, 0.00774612370878, 0.00262579089031, 0.00199954910204, 0.00127134670038, 0.00120670965407, 0.000309674738673, 0.00112236011773, 0.000900658313185, 0.000447407219326, 0.000370934227249, 0.000437565613538, 0.000285818765406, 0.00028094931622, 0.000246353272814, 0.000392469606595, 0.000124423240777, 9.76193332463e-05, 0.00019140940276, 0.000306059344439, 0.000410751905292, 0.000627794419415, 0.000509997655172, 0.000454774417449, 0.000308181683067, 0.000122251061839, 9.10344606382e-05, 8.78142964211e-05, 4.6684013796e-05, 3.49976726284e-05, 1.71033298102e-05],
        "mean": [0.000553325575311, 0.000635828066152, 0.00042016748921, 0.000789646815974, 0.000331709074089, 0.000624831940513, 0.000591925403569, 0.000403866288252, 0.000134785252158, 0.000257722771494, 0.000363610044587, 0.000224824354518, 0.000145279293065, 7.08043589839e-05, 5.27943193447e-05, 4.61730815005e-05, 7.47699596104e-05, 6.50300135021e-05, 5.01715185237e-05, 4.08356972912e-05, 3.39133257512e-05, 3.01176642097e-05, 2.44997700065e-05, 3.03331398754e-05, 2.62881549133e-05, 1.37310862556e-05, 1.19426931633e-05, 1.10260916699e-05, 1.15032826216e-05, 1.47704586198e-05, 1.74953111127e-05, 1.71650208358e-05, 1.49690058606e-05, 1.20173563118e-05, 7.19331637811e-06, 5.25712539456e-06, 3.78385630029e-06, 3.18543698086e-06, 2.36394498643e-06, 1.79983544513e-06],
        "min": [1.54320567485e-23, 8.65450463876e-24, 7.91347315908e-24, 1.05514082489e-23, 1.07798292349e-23, 1.67397072949e-23, 1.4146814585e-23, 3.69809590999e-24, 7.47999409166e-24, 5.79591253195e-24, 1.19312190577e-23, 1.03166456101e-23, 9.1301293889e-24, 9.55468328404e-24, 1.34767845311e-23, 1.12843042061e-23, 1.058589567e-23, 9.41160915938e-24, 1.12244990831e-23, 8.59127822607e-24, 1.65215351898e-23, 1.46707176225e-23, 8.68583267189e-24, 1.00139368038e-23, 1.08854474549e-23, 5.22797646197e-24, 8.03243732789e-24, 1.01371261116e-23, 1.14168304716e-23, 1.25303675927e-23, 1.29791213739e-23, 1.61730795507e-23, 1.40799886e-23, 1.51024312193e-23, 1.35029573582e-23, 1.3376775901e-23, 8.87646485394e-24, 9.74916037414e-24, 1.08055516225e-23, 1.22405897944e-23],
        "stdev": [0.000684349681251, 0.000839248648845, 0.000762505631428, 0.00126977509353, 0.000539170403499, 0.00164700252935, 0.00103156850673, 0.000812572834548, 0.000238973530941, 0.000385446328437, 0.000563800218515, 0.000326402951032, 0.000218728047912, 0.00011024458945, 7.40860705264e-05, 5.02956754644e-05, 9.52468399191e-05, 8.16728643258e-05, 6.01638603257e-05, 5.18009037478e-05, 3.96461728087e-05, 3.22533924191e-05, 2.77977396763e-05, 3.59494915756e-05, 4.0611204895e-05, 1.65469482454e-05, 1.25857959574e-05, 1.60337604029e-05, 2.24731702474e-05, 3.68767759937e-05, 5.1396953495e-05, 4.99838024552e-05, 4.84595657326e-05, 2.97544229397e-05, 1.28366509671e-05, 9.28292593017e-06, 6.98304302205e-06, 5.59366981179e-06, 4.56866473542e-06, 3.03852402794e-06]
    },
    "melbands128": {
        "max": [0.000577972561587, 0.00266320654191, 0.00690163159743, 0.00787326879799, 0.00855039898306, 0.0067416196689, 0.00788877904415, 0.00928684324026, 0.0106422714889, 0.0171002764255, 0.0129854269326, 0.00708780949935, 0.0100149102509, 0.0161582212895, 0.0193275008351, 0.0316741019487, 0.0225312504917, 0.015682078898, 0.0145743619651, 0.0141001762822, 0.017615891993, 0.0129042360932, 0.00203183642589, 0.00346246641129, 0.0060223643668, 0.00574926706031, 0.00744810234755, 0.0155054815114, 0.00636975979432, 0.00342931551859, 0.00496490113437, 0.00460628001019, 0.00254101166502, 0.00217225402594, 0.000935620628297, 0.00262157409452, 0.00436513265595, 0.000763394345995, 0.000538965163287, 0.000509609933943, 0.000599297462031, 0.000962813326623, 0.000598361191805, 0.00335437851027, 0.00258652330376, 0.000803918577731, 0.000868178729434, 0.000751641171519, 0.00107421318535, 0.00118991464842, 0.000451972795418, 0.000476424000226, 0.000409274565754, 0.00107440713327, 0.000350565853296, 0.000450510327937, 0.000351679249434, 0.00044740451267, 0.000731160922442, 0.000220697605982, 0.00029038489447, 0.000640079728328, 0.000437285343651, 0.000889250135515, 0.000392272660974, 0.000168775062775, 0.000116779017844, 0.000113102090836, 0.000118914125778, 0.000228124612477, 0.000183451120392, 0.000248733791523, 0.000256058672676, 0.000463652424514, 0.00029777866439, 0.000423295947257, 0.000704765261617, 0.000524675764609, 0.000989692751318, 0.00101520342287, 0.000613257172517, 0.000606296933256, 0.000487807468744, 0.000650007161312, 0.000545997580048, 0.000450870691566, 0.0003190881107, 0.000250553945079, 0.000132933695568, 0.000129657055368, 0.000131984663312, 8.68779243319e-05, 0.000142494958709, 0.000102254321973, 9.28610534174e-05, 6.39433274046e-05, 5.29977405677e-05, 4.2876075895e-05, 4.45033801952e-05, 3.9981554437e-05, 2.88469200314e-05, 2.44454513449e-05, 1.95529992197e-05, 2.27731070481e-05, 1.6551823137e-05, 1.24157977552e-05, 1.44707519212e-05, 9.1603551482e-06, 5.37569439985e-06, 4.2684773689e-06, 4.4962607717e-06, 3.48694720742e-06, 2.87571629087e-06, 1.26856468796e-06, 4.57560673794e-07, 4.88898699302e-08, 4.18443839578e-08, 3.64004399955e-08, 3.27094298314e-08, 2.98628997086e-08, 2.77160285833e-08, 2.60262087437e-08, 2.47122677877e-08, 2.36983801472e-08, 2.2862638005e-08, 2.22265672534e-08, 2.1755713675e-08, 2.14738982152e-08],
        "mean": [3.19989521813e-05, 0.000290418014629, 0.000836408056784, 0.000942131504416, 0.000661704281811, 0.000391801615478, 0.000308604328893, 0.000436128815636, 0.000523892696947, 0.000979447504506, 0.000902701867744, 0.000388410699088, 0.000152394830366, 0.000258776184637, 0.000570796779357, 0.000979724223725, 0.000625431595836, 0.000485213560751, 0.000555397418793, 0.000602107087616, 0.000229800731177, 0.000113404443255, 9.79567994364e-05, 0.000170881336089, 0.000264745613094, 0.000243466638494, 0.000374339026166, 0.000445661018603, 0.000283099943772, 0.000249019562034, 0.000188302365132, 0.000199396439712, 0.000169708830072, 8.91983363545e-05, 6.19319180259e-05, 7.11634929758e-05, 7.68441896071e-05, 4.34448520537e-05, 5.13925078849e-05, 3.67270185961e-05, 3.65357373084e-05, 7.29507228243e-05, 6.95189810358e-05, 8.76503327163e-05, 6.69886940159e-05, 6.22619409114e-05, 6.14163727732e-05, 4.24735117122e-05, 4.74973639939e-05, 6.07709407632e-05, 3.19789542118e-05, 3.18821294059e-05, 3.73619986931e-05, 3.28869427904e-05, 3.08713097183e-05, 3.27324305545e-05, 2.44318671321e-05, 2.91872347589e-05, 2.20625952352e-05, 2.1278145141e-05, 3.01499185298e-05, 3.84454324376e-05, 3.15336546919e-05, 2.32813872572e-05, 1.69448176166e-05, 1.32268787638e-05, 1.17963973025e-05, 1.14257773021e-05, 1.19763408293e-05, 1.26170871226e-05, 1.10630871859e-05, 1.02966059785e-05, 1.03194079202e-05, 1.17221270557e-05, 1.28020401462e-05, 1.37858050948e-05, 1.61915668286e-05, 1.68477890838e-05, 1.7501779439e-05, 1.82341937034e-05, 1.82062140084e-05, 1.63153108588e-05, 1.57714421221e-05, 1.55815523613e-05, 1.3210801626e-05, 1.40751080835e-05, 1.14295971798e-05, 8.11915379018e-06, 7.09183495928e-06, 6.677838428e-06, 5.44365229871e-06, 5.14026078235e-06, 3.95824554289e-06, 3.70791894966e-06, 3.740090051e-06, 3.67990583072e-06, 3.09438178192e-06, 2.48817195825e-06, 2.2188105504e-06, 2.54468750427e-06, 1.99966052605e-06, 1.60853824127e-06, 1.63804202202e-06, 1.27839814468e-06, 1.13857731776e-06, 9.02032297745e-07, 6.69480698434e-07, 6.75884450629e-07, 5.37085952601e-07, 4.05504920309e-07, 3.28137588212e-07, 1.99790164856e-07, 1.10910846729e-07, 5.67476021729e-08, 1.89117699279e-08, 3.23422821857e-09, 1.40791522885e-09, 3.87924553591e-11, 3.12716900985e-11, 2.88819558547e-11, 2.70830632226e-11, 2.56345257521e-11, 2.446058113e-11, 2.3553001563e-11, 2.28438708921e-11, 2.23187024417e-11, 2.19258586981e-11, 2.16489413202e-11],
        "min": [1.0392262661e-23, 1.5513784316e-23, 1.76586671406e-23, 1.52020059759e-23, 6.12051932812e-24, 5.7770469234e-24, 7.71518429308e-24, 8.3372405599e-24, 9.07370769038e-24, 5.83579378945e-24, 1.52124126289e-23, 1.84442116746e-23, 4.39956483198e-24, 9.19307023394e-24, 1.36324914743e-23, 2.48976050611e-23, 2.13989296381e-23, 9.66399416195e-24, 8.99135771162e-24, 3.82071723796e-24, 9.59032895012e-25, 3.45116154184e-24, 9.80653343892e-24, 1.02982296523e-23, 5.28856058506e-24, 4.86186729915e-24, 3.96033733514e-24, 1.72698975538e-23, 1.22248985621e-23, 1.20863611765e-23, 6.71813826181e-24, 1.39288239179e-23, 3.21695307782e-24, 1.12489987363e-23, 1.70960452321e-23, 4.45129872457e-24, 5.00116278007e-24, 1.02460969905e-23, 2.34995415887e-23, 1.79005792258e-23, 2.79044931574e-24, 1.13953994874e-23, 9.64985461909e-24, 9.524483322e-24, 1.56240213166e-23, 4.47176414304e-24, 9.14378220459e-24, 1.4572316691e-23, 1.18146277825e-23, 6.04365745468e-24, 7.48587347199e-24, 1.01242921336e-23, 1.48565385419e-23, 1.43512920648e-23, 3.26472893971e-23, 9.31177171207e-24, 8.80371767898e-24, 3.49641336438e-24, 1.28055751301e-23, 1.16157614704e-23, 8.0005113382e-24, 1.16781438019e-23, 8.27877334505e-24, 1.5662380467e-23, 5.06844512111e-24, 4.15561866894e-24, 5.58766074715e-24, 4.53268668746e-24, 1.05483348468e-23, 1.06214030882e-23, 7.43423227055e-24, 7.59189479993e-24, 2.17502993294e-23, 8.83639308654e-24, 6.01733671615e-24, 1.30517415422e-23, 1.43024757743e-23, 1.30912839839e-23, 9.87423111522e-24, 1.53692949749e-23, 2.00076598358e-23, 1.38977853967e-23, 1.6525441629e-23, 8.49783134096e-24, 1.93101774224e-23, 1.53202341375e-23, 1.51007793445e-23, 1.27770152099e-23, 1.31943660161e-23, 1.34653034495e-23, 1.4396798295e-23, 1.38605969159e-23, 1.08838831438e-23, 8.79010430634e-24, 6.98789319266e-24, 9.01051283212e-24, 1.0158833986e-23, 1.17277773523e-23, 1.0364796102e-23, 8.9575455555e-24, 1.48577029006e-23, 1.37173176874e-23, 8.79304123549e-24, 7.09765845445e-24, 6.47765598701e-24, 7.3363953745e-24, 1.46369780416e-23, 1.08061558899e-23, 5.60225151846e-24, 7.67138673563e-24, 1.57505293623e-23, 1.04607578757e-23, 7.53132684849e-24, 7.72987682744e-24, 8.46943944812e-24, 1.19571347162e-23, 1.32542026935e-23, 1.29907318287e-23, 8.90897144526e-24, 7.79060255107e-24, 1.09880388157e-23, 1.02662602752e-23, 1.15983307998e-23, 9.58683488795e-24, 1.18152525604e-23, 1.21502005341e-23, 9.75334449238e-24, 6.95554042921e-24],
        "stdev": [4.50469924544e-05, 0.000414192763856, 0.0011606089538, 0.00139127310831, 0.00109645794146, 0.000838878215291, 0.000733813561965, 0.00103626330383, 0.00109720125329, 0.00196965457872, 0.00158509484027, 0.000813178543467, 0.000513276434503, 0.00094947591424, 0.00185344158672, 0.00300779589452, 0.00195186957717, 0.00117441744078, 0.00124083587434, 0.00134009914473, 0.000949275912717, 0.000487607496325, 0.000197747707716, 0.000333935808158, 0.000563920708373, 0.000520995701663, 0.000651495764032, 0.000905106717255, 0.000542948837392, 0.000418629788328, 0.000359183351975, 0.000394438276999, 0.000273394834949, 0.00020753685385, 9.85039878287e-05, 0.000174046814209, 0.000219801542698, 6.79514123476e-05, 6.65801780997e-05, 4.89845187985e-05, 5.21316396771e-05, 0.000103198326542, 8.57163395267e-05, 0.00019965825777, 0.000144619407365, 9.03143009054e-05, 9.10544185899e-05, 6.49995854474e-05, 7.50523759052e-05, 0.000103780213976, 4.66343444714e-05, 4.50612205896e-05, 5.28483724338e-05, 5.70389420318e-05, 4.37274757132e-05, 4.41036063421e-05, 3.52031347575e-05, 4.25779908255e-05, 3.68495711882e-05, 2.94316814689e-05, 4.03673766414e-05, 6.9273301051e-05, 5.27778647665e-05, 6.56462580082e-05, 3.10267787427e-05, 1.92470288312e-05, 1.43922579809e-05, 1.34109204737e-05, 1.46592174133e-05, 1.8471491785e-05, 1.67766338564e-05, 1.98347206606e-05, 2.11176266021e-05, 2.54986389336e-05, 3.03351152979e-05, 3.70044253941e-05, 4.61645940959e-05, 4.74505322927e-05, 5.99791201239e-05, 5.94090015511e-05, 5.11758407811e-05, 5.42553170817e-05, 4.91429345857e-05, 5.70314987272e-05, 4.38830938947e-05, 3.98197335016e-05, 2.65859125648e-05, 1.79506932909e-05, 1.23379413708e-05, 1.1852971511e-05, 1.0505955288e-05, 9.27444125409e-06, 8.8281585704e-06, 7.20575462765e-06, 7.71166742197e-06, 6.56489419271e-06, 5.91933257965e-06, 4.85885584567e-06, 4.64047843707e-06, 5.18714568898e-06, 3.80074629902e-06, 2.78517632069e-06, 2.78568177237e-06, 2.25180838243e-06, 1.84223495125e-06, 1.45377248373e-06, 1.15159400593e-06, 1.05587014332e-06, 8.99992471659e-07, 7.08069137545e-07, 5.77271293878e-07, 3.69238193798e-07, 2.1271227979e-07, 1.05258031624e-07, 3.26375477755e-08, 4.05462774467e-09, 2.50265519419e-09, 1.02906017041e-09, 9.24666565538e-10, 8.44190328753e-10, 7.83494658041e-10, 7.35721428224e-10, 6.98576196889e-10, 6.69913291507e-10, 6.46285747141e-10, 6.28302576633e-10, 6.14990669501e-10, 6.07024430721e-10]
    },
    "mfcc": {
        "mean": [-598.351623535, 96.563659668, -6.98108053207, 15.6640300751, -9.11782360077, 6.43021774292, -10.2991886139, 5.96340847015, -1.01451551914, 2.03179359436, -0.653448164463, -2.44591140747, -2.60906243324],
        "cov": [[2058.6237793, -735.903747559, 26.5953769684, -305.764129639, -1.30256104469, -140.238830566, 126.546150208, -1.39550185204, 99.4474105835, 12.8030920029, -32.9193305969, -112.290969849, -85.5039138794], [-735.903747559, 869.986877441, -268.749053955, 111.220222473, 20.7214107513, 11.5025568008, -2.46356678009, 63.4367790222, -23.1624183655, 40.0309867859, 18.2375450134, 5.01953220367, 0.89046472311], [26.5953769684, -268.749053955, 808.02545166, 126.55506897, 165.001281738, 109.029914856, -90.7055664062, -42.5816001892, -55.8597564697, -28.5561008453, 43.1052360535, 58.0305137634, 58.6483764648], [-305.764129639, 111.220222473, 126.55506897, 314.849945068, 23.7896289825, 76.9670715332, -86.3032836914, 31.1248931885, -15.3693294525, -35.6762771606, 31.0291442871, 91.0843429565, 43.6103439331], [-1.30256104469, 20.7214107513, 165.001281738, 23.7896289825, 149.768508911, 2.89791703224, 0.392163783312, 4.9840221405, -9.43333816528, -13.8631982803, 8.66451358795, 9.61171245575, 14.6136283875], [-140.238830566, 11.5025568008, 109.029914856, 76.9670715332, 2.89791703224, 165.911651611, 42.6762580872, 8.1718454361, 15.1249027252, 25.0827541351, 17.0258560181, 20.9881000519, 33.7223701477], [126.546150208, -2.46356678009, -90.7055664062, -86.3032836914, 0.392163783312, 42.6762580872, 143.812805176, 19.2160930634, 45.7407951355, 48.8651771545, 3.25486159325, -36.0493507385, -4.58059072495], [-1.39550185204, 63.4367790222, -42.5816001892, 31.1248931885, 4.9840221405, 8.1718454361, 19.2160930634, 73.6323471069, 32.6214866638, 17.346496582, 14.161699295, 3.84731650352, -2.9316213131], [99.4474105835, -23.1624183655, -55.8597564697, -15.3693294525, -9.43333816528, 15.1249027252, 45.7407951355, 32.6214866638, 84.3816986084, 38.2541999817, 9.87087631226, -1.86553812027, -0.490650981665], [12.8030920029, 40.0309867859, -28.5561008453, -35.6762771606, -13.8631982803, 25.0827541351, 48.8651771545, 17.346496582, 38.2541999817, 83.9759750366, 26.1526260376, -16.5440330505, -3.49732685089], [-32.9193305969, 18.2375450134, 43.1052360535, 31.0291442871, 8.66451358795, 17.0258560181, 3.25486159325, 14.161699295, 9.87087631226, 26.1526260376, 53.2319869995, 25.317949295, 13.2072515488], [-112.290969849, 5.01953220367, 58.0305137634, 91.0843429565, 9.61171245575, 20.9881000519, -36.0493507385, 3.84731650352, -1.86553812027, -16.5440330505, 25.317949295, 84.6705169678, 49.8380088806], [-85.5039138794, 0.89046472311, 58.6483764648, 43.6103439331, 14.6136283875, 33.7223701477, -4.58059072495, -2.9316213131, -0.490650981665, -3.49732685089, 13.2072515488, 49.8380088806, 68.7809524536]],
        "icov": [[0.000944926345255, 0.000740883639082, -0.000101609824924, 0.000149215731653, -9.4223258202e-05, 0.000856905826367, -0.000734140514396, -0.000400896824431, -0.000619934347924, 0.00016659424, -4.72074643767e-05, 0.000419972260715, 0.000399825919885], [0.000740883639082, 0.0024840014521, 0.00115926179569, -0.000692814355716, -0.00156834546942, 0.000117819974548, 0.000209605015698, -0.0014047579607, 0.00154024246149, -0.00181638007052, -0.000129671112518, 0.000878808670677, -0.000124056139612], [-0.000101609824924, 0.00115926179569, 0.00327150244266, -0.000155918125529, -0.00358015601523, -0.0026832271833, 0.00291956146248, 0.000570058822632, 0.0015813105274, -0.00108729710337, -0.00188308814541, 0.000916114717256, -0.000883301079739], [0.000149215731653, -0.000692814355716, -0.000155918125529, 0.00778341805562, -0.000342003564583, -0.00416621379554, 0.00411979295313, -0.00318021187559, -0.000522818532772, 0.00269613205455, -0.00129233766347, -0.00522170122713, 0.0018115893472], [-9.4223258202e-05, -0.00156834546942, -0.00358015601523, -0.000342003564583, 0.0112243704498, 0.00321277161129, -0.00399098405614, -0.00104406627361, -0.00102030020207, 0.00338823231868, -0.000153305416461, 0.000495701620821, -0.00126224593259], [0.000856905826367, 0.000117819974548, -0.0026832271833, -0.00416621379554, 0.00321277161129, 0.0129509996623, -0.00778295053169, 0.00080482091289, -0.000924740626942, -0.00187992560677, 0.0018932193052, 0.00129353930242, -0.00292608654127], [-0.000734140514396, 0.000209605015698, 0.00291956146248, 0.00411979295313, -0.00399098405614, -0.00778295053169, 0.0172193069011, -0.00177204224747, -0.00255129137076, -0.00265914248303, -0.00222650659271, 0.00430649193004, -0.00312822591513], [-0.000400896824431, -0.0014047579607, 0.000570058822632, -0.00318021187559, -0.00104406627361, 0.00080482091289, -0.00177204224747, 0.0206858590245, -0.00721940305084, 0.000571023731027, -0.0036202094052, 0.000836555089336, 0.00170757458545], [-0.000619934347924, 0.00154024246149, 0.0015813105274, -0.000522818532772, -0.00102030020207, -0.000924740626942, -0.00255129137076, -0.00721940305084, 0.0217860229313, -0.00890427827835, 0.0028998486232, -0.00439683813602, 0.000716814713087], [0.00016659424, -0.00181638007052, -0.00108729710337, 0.00269613205455, 0.00338823231868, -0.00187992560677, -0.00265914248303, 0.000571023731027, -0.00890427827835, 0.0257781576365, -0.0138682555407, 0.00711169512942, -0.00174553866964], [-4.72074643767e-05, -0.000129671112518, -0.00188308814541, -0.00129233766347, -0.000153305416461, 0.0018932193052, -0.00222650659271, -0.0036202094052, 0.0028998486232, -0.0138682555407, 0.0333342701197, -0.0134977279231, 0.00386487622745], [0.000419972260715, 0.000878808670677, 0.000916114717256, -0.00522170122713, 0.000495701620821, 0.00129353930242, 0.00430649193004, 0.000836555089336, -0.00439683813602, 0.00711169512942, -0.0134977279231, 0.0362477935851, -0.0207194499671], [0.000399825919885, -0.000124056139612, -0.000883301079739, 0.0018115893472, -0.00126224593259, -0.00292608654127, -0.00312822591513, 0.00170757458545, 0.000716814713087, -0.00174553866964, 0.00386487622745, -0.0207194499671, 0.0303966924548]]
    },
    "spectral_contrast_coeffs": {
        "max": [-0.396761000156, -0.426745295525, -0.517770946026, -0.608173787594, -0.658688306808, -0.535458564758],
        "mean": [-0.705260276794, -0.733551859856, -0.761382699013, -0.814813554287, -0.797965884209, -0.73104095459],
        "min": [-0.961128592491, -0.9666056633, -0.959716677666, -0.957060396671, -0.966978430748, -0.959833085537],
        "stdev": [0.0809311196208, 0.0891940966249, 0.0648937746882, 0.035941362381, 0.0332551412284, 0.0489316731691]
    },
    "spectral_contrast_valleys": {
        "max": [-5.67818832397, -5.12066459656, -5.17408895493, -5.76174259186, -5.71817398071, -7.68993854523],
        "mean": [-6.94717979431, -6.46793031693, -6.86141490936, -6.95215368271, -6.99175786972, -9.60517311096],
        "min": [-27.2898483276, -27.3593349457, -27.160036087, -27.3788223267, -27.1098117828, -27.2912158966],
        "stdev": [0.786982655525, 0.740138351917, 0.846698820591, 0.789295136929, 0.771507143974, 1.03018426895]
    }
},
"rhythm": {
    "beats_count": 64,
    "beats_loudness": {
        "max": 0.0595068857074,
        "mean": 0.0282555185258,
        "min": 0.0112023754045,
        "stdev": 0.0109335416928
    },
    "bpm": 133.837677002,
    "bpm_histogram_first_peak_bpm": 133,
    "bpm_histogram_first_peak_weight": 0.413793087006,
    "bpm_histogram_second_peak_bpm": 140,
    "bpm_histogram_second_peak_spread": 0,
    "bpm_histogram_second_peak_weight": 0.0793650820851,
    "danceability": 1.08447277546,
    "onset_rate": 3.515625,
    "beats_loudness_band_ratio": {
        "max": [0.576938271523, 0.803165972233, 0.79850846529, 0.507005751133, 0.352275937796, 0.847194969654],
        "mean": [0.173381835222, 0.184274449944, 0.230790957808, 0.162490025163, 0.103973023593, 0.195419207215],
        "min": [0.0231381971389, 0.0120623325929, 0.0374244339764, 0.00942869670689, 0.0105801299214, 0.0169922448695],
        "stdev": [0.13160520792, 0.191862344742, 0.157536521554, 0.139676719904, 0.0838049948215, 0.190454557538]
    },
    "beats_position": [0.406349211931, 0.835918366909, 1.26548755169, 1.69505667686, 2.13623571396, 2.56580495834, 2.99537420273, 3.43655323982, 3.87773227692, 4.31891155243, 4.77170038223, 5.23609972, 5.6888885498, 6.14167785645, 6.59446716309, 7.04725599289, 7.50004529953, 7.95283412933, 8.40562343597, 8.84680271149, 9.287981987, 9.74077033997, 10.1935596466, 10.6347389221, 11.0875282288, 11.5403175354, 11.9814968109, 12.4226751328, 12.8754644394, 13.328253746, 13.7694330215, 14.2222223282, 14.6750106812, 15.1161899567, 15.5573692322, 15.9985485077, 16.4513378143, 16.904127121, 17.3569164276, 17.8097057343, 18.2624931335, 18.7036724091, 19.1448516846, 19.5976409912, 20.0388202667, 20.4799995422, 20.9327888489, 21.3855781555, 21.826757431, 22.2795467377, 22.7323360443, 23.1735134125, 23.614692688, 24.0674819946, 24.5202713013, 24.9730606079, 25.4258499146, 25.8670291901, 26.3082084656, 26.7493877411, 27.2021770477, 27.6549663544, 28.1077537537, 28.5605430603],
