{
"metadata": {
    "version": {
        "essentia": "2.1-beta5",
        "essentia_git_sha": "Undefined",
        "extractor": "music 2.0"
    },
    "audio_properties": {
        "analysis": {
            "equal_loudness": 0,
            "length": 36.8268470764,
            "sample_rate": 44100,
            "start_time": 175.240997314,
            "downmix": "mix"
        },
        "bit_rate": 192000,
        "length": 212.091079712,
        "lossless": 0,
        "number_channels": 2,
        "replay_gain": -8.0038394928,
        "sample_rate": 48000,
        "codec": "mp3",
        "md5_encoded": "b79e7a03d72eb76cbcec5800d425e2ef"
    },
    "tags": {
        "file_name": "Spain_¿Qué Voy A Hacer Sin Ti_Mikel Herzog.mp3",
        "encoding": ["Lavf58.29.100"]
    }
},
"lowlevel": {
    "average_loudness": 0.543473124504,
    "barkbands_crest": {
        "max": 26.6185379028,
        "mean": 8.67867183685,
        "min": 2.3781273365,
        "stdev": 4.86011123657
    },
    "barkbands_flatness_db": {
        "max": 0.509063959122,
        "mean": 0.136303514242,
        "min": 0.0543389879167,
        "stdev": 0.0912569388747
    },
    "barkbands_kurtosis": {
        "max": 423.38848877,
        "mean": 11.345448494,
        "min": -1.8485802412,
        "stdev": 40.9782943726
    },
    "barkbands_skewness": {
        "max": 16.5660266876,
        "mean": 0.794220983982,
        "min": -2.20852041245,
        "stdev": 2.73685526848
    },
    "barkbands_spread": {
        "max": 91.8946914673,
        "mean": 22.2590904236,
        "min": 0.218601763248,
        "stdev": 10.7769079208
    },
    "dissonance": {
        "max": 0.499987274408,
        "mean": 0.461757153273,
        "min": 0.159981057048,
        "stdev": 0.0515201129019
    },
    "dynamic_complexity": 5.35590934753,
    "erbbands_crest": {
        "max": 32.0584640503,
        "mean": 8.48276996613,
        "min": 2.62051224709,
        "stdev": 6.58514547348
    },
    "erbbands_flatness_db": {
        "max": 0.467903524637,
        "mean": 0.173696830869,
        "min": 0.0705662593246,
        "stdev": 0.0748861655593
    },
    "erbbands_kurtosis": {
        "max": 278.472259521,
        "mean": 3.82156586647,
        "min": -1.92508411407,
        "stdev": 20.9246749878
    },
    "erbbands_skewness": {
        "max": 12.7099933624,
        "mean": 0.394177228212,
        "min": -2.52311182022,
        "stdev": 1.80026686192
    },
    "erbbands_spread": {
        "max": 122.38609314,
        "mean": 32.6631774902,
        "min": 0.696383714676,
        "stdev": 12.593829155
    },
    "hfc": {
        "max": 95.8966903687,
        "mean": 15.5215864182,
        "min": 1.02504003132e-16,
        "stdev": 18.5268344879
    },
    "loudness_ebu128": {
        "integrated": -15.0521030426,
        "loudness_range": 7.92681026459,
        "momentary": {
            "max": -11.3858833313,
            "mean": -93.3457870483,
            "min": -300.691009521,
            "stdev": 124.857315063
        },
        "short_term": {
            "max": -12.7142753601,
            "mean": -77.4585189819,
            "min": -300.691009521,
            "stdev": 115.139083862
        }
    },
    "melbands_crest": {
        "max": 32.7340202332,
        "mean": 10.8427200317,
        "min": 1.48287498951,
        "stdev": 8.27930355072
    },
    "melbands_flatness_db": {
        "max": 0.582446932793,
        "mean": 0.142185777426,
        "min": 0.00284602190368,
        "stdev": 0.123465426266
    },
    "melbands_kurtosis": {
        "max": 511.273254395,
        "mean": 19.2612361908,
        "min": -1.62265646458,
        "stdev": 64.9580078125
    },
    "melbands_skewness": {
        "max": 14.7894248962,
        "mean": 1.94574308395,
        "min": -0.753824710846,
        "stdev": 2.63758611679
    },
    "melbands_spread": {
        "max": 161.541564941,
        "mean": 55.9302177429,
        "min": 0.246756121516,
        "stdev": 49.9389457703
    },
    "pitch_salience": {
        "max": 0.980291008949,
        "mean": 0.610194087029,
        "min": 0.049544274807,
        "stdev": 0.181795030832
    },
    "silence_rate_20dB": {
        "max": 1,
        "mean": 1,
        "min": 1,
        "stdev": 0
    },
    "silence_rate_30dB": {
        "max": 1,
        "mean": 1,
        "min": 1,
        "stdev": 0
    },
    "silence_rate_60dB": {
        "max": 1,
        "mean": 0.368620038033,
        "min": 0,
        "stdev": 0.482431471348
    },
    "spectral_centroid": {
        "max": 11778.8359375,
        "mean": 4038.9230957,
        "min": 283.062561035,
        "stdev": 4307.54882812
    },
    "spectral_complexity": {
        "max": 57,
        "mean": 14.5816001892,
        "min": 0,
        "stdev": 14.6954212189
    },
    "spectral_decrease": {
        "max": 2.92231822706e-28,
        "mean": -3.89698895376e-09,
        "min": -2.01898462393e-08,
        "stdev": 4.02223454543e-09
    },
    "spectral_energy": {
        "max": 0.0829739868641,
        "mean": 0.0161159988493,
        "min": 9.93906700611e-21,
        "stdev": 0.0166824795306
    },
    "spectral_energyband_high": {
        "max": 0.00969926267862,
        "mean": 0.000573441851884,
        "min": 6.69206200389e-21,
        "stdev": 0.000962350401096
    },
    "spectral_energyband_low": {
        "max": 0.0379747748375,
        "mean": 0.00237337430008,
        "min": 9.22961421538e-24,
        "stdev": 0.0043127364479
    },
    "spectral_energyband_middle_high": {
        "max": 0.0353426598012,
        "mean": 0.00458921911195,
        "min": 1.15502484339e-21,
        "stdev": 0.00606877077371
    },
    "spectral_energyband_middle_low": {
        "max": 0.0590506158769,
        "mean": 0.00893981195986,
        "min": 1.29698981699e-22,
        "stdev": 0.0100716156885
    },
    "spectral_entropy": {
        "max": 9.83064746857,
        "mean": 8.01536369324,
        "min": 3.85118031502,
        "stdev": 1.29433858395
    },
    "spectral_flux": {
        "max": 0.249461233616,
        "mean": 0.0503043830395,
        "min": 6.27798993347e-11,
        "stdev": 0.0473854988813
    },
    "spectral_kurtosis": {
        "max": 40.2865638733,
        "mean": 3.00893545151,
        "min": -1.27421379089,
        "stdev": 4.00849866867
    },
    "spectral_rms": {
        "max": 0.00899723451585,
        "mean": 0.00307136587799,
        "min": 3.11394464901e-12,
        "stdev": 0.00250792107545
    },
    "spectral_rolloff": {
        "max": 20004.3457031,
        "mean": 6364.23876953,
        "min": 258.3984375,
        "stdev": 7664.50146484
    },
    "spectral_skewness": {
        "max": 5.31423139572,
        "mean": 1.06677341461,
        "min": -0.221696838737,
        "stdev": 0.804339230061
    },
    "spectral_spread": {
        "max": 43219740,
        "mean": 13800040,
        "min": 1836201.5,
        "stdev": 16389818
    },
    "spectral_strongpeak": {
        "max": 8.38454627991,
        "mean": 0.801412343979,
        "min": 0,
        "stdev": 1.05739343166
    },
    "zerocrossingrate": {
        "max": 0.68994140625,
        "mean": 0.180353313684,
        "min": 0.009765625,
        "stdev": 0.198651239276
    },
    "barkbands": {
        "max": [0.00193064077757, 0.0161776579916, 0.0277242995799, 0.00921665690839, 0.0305142235011, 0.031442258507, 0.0457798503339, 0.0310754813254, 0.0448006615043, 0.020943922922, 0.0121678104624, 0.0117939449847, 0.0135583356023, 0.011611471884, 0.0129331108183, 0.00590324029326, 0.00998833868653, 0.00737954536453, 0.00520706595853, 0.00343653280288, 0.00187670963351, 0.00219662347808, 0.00295593286864, 0.00361822615378, 0.000664037186652, 0.000187392768566, 1.55492634804e-05],
        "mean": [4.10644679505e-05, 0.000843639543746, 0.00133070209995, 0.000356945500243, 0.00175930408295, 0.00270491396077, 0.00108755391557, 0.00125013757497, 0.00138855201658, 0.000888282200322, 0.000339738995535, 0.000435700174421, 0.000428819330409, 0.000502175651491, 0.000532651727553, 0.000443167111371, 0.000477863533888, 0.000315033976221, 0.000241467321757, 0.00028545683017, 0.00015322258696, 0.000170636791154, 7.53288841224e-05, 4.60396295239e-05, 1.33862859002e-05, 4.20115929956e-06, 2.1147926077e-08],
        "min": [1.85083420726e-25, 1.71020784403e-24, 3.49963349459e-25, 2.15348525415e-25, 6.07618140094e-24, 5.02341930722e-24, 7.51807319642e-24, 6.13490893989e-24, 5.8087177166e-24, 8.06433334087e-24, 9.28237402158e-24, 1.53014450484e-23, 2.32499286433e-23, 2.16065010304e-23, 3.17039789929e-23, 4.05286030636e-23, 6.65569645017e-23, 7.73851469658e-23, 1.11365046468e-22, 1.52152323334e-22, 2.03497992233e-22, 2.63512056035e-22, 3.76893481464e-22, 5.16130763384e-22, 7.915962457e-22, 1.19876373484e-21, 1.80886143831e-21],
        "stdev": [0.000148344101035, 0.00176430516876, 0.00286169489846, 0.000719606410712, 0.00280115474015, 0.00438197236508, 0.00290935696103, 0.00341717572883, 0.00339181884192, 0.00179920543451, 0.000807462842204, 0.00100314535666, 0.00102578673977, 0.00102405634243, 0.00106509798206, 0.00084545701975, 0.000828348449431, 0.000576880644076, 0.000448706647148, 0.000541503191926, 0.000259666383499, 0.000302500033285, 0.000189991667867, 0.000172820742591, 3.88299886254e-05, 1.12414772957e-05, 3.91276444134e-07]
    },
    "erbbands": {
        "max": [0.518139660358, 4.50805425644, 28.0686225891, 25.4525871277, 29.1473770142, 124.469230652, 458.769561768, 349.197601318, 568.184936523, 321.561553955, 844.417541504, 1219.79370117, 892.465332031, 628.693969727, 520.599487305, 599.052734375, 737.315979004, 527.307250977, 729.328918457, 737.101074219, 333.902526855, 556.76940918, 327.136779785, 372.160949707, 184.866104126, 186.151535034, 105.028671265, 83.2555999756, 95.5909957886, 69.7870330811, 78.7721252441, 110.227455139, 39.756652832, 11.0139408112, 3.56388354301, 0.875545740128, 0.512039244175, 0.0296844504774, 0.00224579242058, 0.000258683518041],
        "mean": [0.0165069252253, 0.237303182483, 1.44012951851, 1.25931572914, 2.33601999283, 5.69398212433, 23.0070762634, 17.1116771698, 15.6057538986, 13.9586877823, 34.666015625, 33.892375946, 31.1305103302, 22.8736858368, 14.3639554977, 19.6073627472, 20.8273468018, 26.6711025238, 24.4638156891, 28.2015419006, 25.7687625885, 22.8218402863, 18.390630722, 14.4237089157, 13.0916824341, 13.2691297531, 6.61728954315, 6.50657081604, 6.47270679474, 3.52296423912, 2.0364716053, 1.25650846958, 0.604457437992, 0.195851743221, 0.073159173131, 0.0291640739888, 0.00587875628844, 0.000241666406509, 1.83522079169e-05, 2.0699304514e-05],
        "min": [3.02593569499e-23, 2.02440805025e-22, 8.98325415375e-22, 4.99690074131e-21, 1.00194957804e-20, 1.46229909572e-20, 2.57033482966e-20, 5.99156644475e-20, 1.00606501161e-19, 1.31083221198e-19, 1.76593031215e-19, 1.66218880939e-19, 3.12962285495e-19, 4.21080400874e-19, 7.75523958781e-19, 1.07021744346e-18, 1.12094832703e-18, 1.85008477254e-18, 2.23871759217e-18, 2.34552211889e-18, 2.92119102157e-18, 4.08146341152e-18, 3.17138110362e-18, 5.58871718213e-18, 5.94943079493e-18, 6.4692546665e-18, 7.39197463981e-18, 7.78384897346e-18, 8.59372414042e-18, 9.4405428479e-18, 1.06367378307e-17, 9.68350978204e-18, 9.48218725584e-18, 7.94296295455e-18, 6.011882104e-18, 3.72231110213e-18, 2.15073969619e-18, 8.18449876284e-19, 2.13436056364e-19, 2.56874412256e-20],
        "stdev": [0.048246242106, 0.472789645195, 3.01803040504, 2.29385447502, 3.8626036644, 10.0391016006, 44.7280960083, 33.0770797729, 39.0048217773, 32.8861808777, 87.6569442749, 82.4100036621, 70.2613677979, 46.1681404114, 34.0541191101, 42.6688156128, 49.1559028625, 52.3585510254, 47.6765327454, 56.93227005, 41.4433746338, 38.8114242554, 31.9255561829, 30.5088863373, 21.5556545258, 24.6964092255, 11.6195793152, 11.3300695419, 11.582324028, 6.95962619781, 5.15371274948, 4.92432498932, 2.09996652603, 0.608634471893, 0.202920094132, 0.0672979578376, 0.0217234157026, 0.00117496913299, 6.33219096926e-05, 2.2357709895e-05]
    },
    "gfcc": {
        "mean": [-378.782409668, 73.4047546387, -108.446922302, 25.7928771973, -54.9608650208, 0.793484628201, -31.2722587585, -0.470208346844, -11.2992925644, -3.25369358063, -10.3892736435, -1.58502149582, -0.0881333872676],
        "cov": [[306830.78125, 24543.6210938, -37013.0703125, 9107.56152344, -17977.0703125, 1370.92700195, -10208.25, 346.114532471, -4186.55126953, -842.477905273, -3738.30761719, -760.049255371, -557.647583008], [24543.6210938, 2772.04638672, -2870.91674805, 697.890625, -1354.6114502, -140.538375854, -801.76361084, -147.498199463, -264.721557617, -173.752151489, -233.178085327, -105.782333374, 20.6697616577], [-37013.0703125, -2870.91674805, 4959.16796875, -1036.27587891, 2183.53979492, -185.955963135, 1219.68347168, -84.041053772, 487.30368042, 110.456031799, 429.215362549, 111.374656677, 36.7493171692], [9107.56152344, 697.890625, -1036.27587891, 484.42477417, -399.28012085, 141.964569092, -279.998962402, 61.0820770264, -143.783798218, -12.8917331696, -144.991912842, -34.7063751221, -50.8279266357], [-17977.0703125, -1354.6114502, 2183.53979492, -399.28012085, 1502.50378418, 210.043884277, 751.076477051, 136.367874146, 142.293045044, 109.246574402, 172.420501709, 5.98841094971, -112.371658325], [1370.92700195, -140.538375854, -185.955963135, 141.964569092, 210.043884277, 469.566680908, 152.663665771, 217.47605896, -136.32208252, 119.156486511, -73.5851593018, -36.8388671875, -171.515274048], [-10208.25, -801.76361084, 1219.68347168, -279.998962402, 751.076477051, 152.663665771, 534.062683105, 83.1030960083, 103.370353699, 79.0959243774, 112.311309814, -6.30180692673, -56.2181358337], [346.114532471, -147.498199463, -84.041053772, 61.0820770264, 136.367874146, 217.47605896, 83.1030960083, 182.452362061, -39.2301330566, 74.311050415, -38.7794723511, -9.65727424622, -85.4397583008], [-4186.55126953, -264.721557617, 487.30368042, -143.783798218, 142.293045044, -136.32208252, 103.370353699, -39.2301330566, 167.240737915, -3.46731591225, 78.6046447754, 7.67132282257, 63.8147659302], [-842.477905273, -173.752151489, 110.456031799, -12.8917331696, 109.246574402, 119.156486511, 79.0959243774, 74.311050415, -3.46731591225, 87.284828186, 3.60999941826, -1.85960972309, -57.4266662598], [-3738.30761719, -233.178085327, 429.215362549, -144.991912842, 172.420501709, -73.5851593018, 112.311309814, -38.7794723511, 78.6046447754, 3.60999941826, 106.161483765, 18.6025619507, 30.9471664429], [-760.049255371, -105.782333374, 111.374656677, -34.7063751221, 5.98841094971, -36.8388671875, -6.30180692673, -9.65727424622, 7.67132282257, -1.85960972309, 18.6025619507, 53.0682373047, 27.2331771851], [-557.647583008, 20.6697616577, 36.7493171692, -50.8279266357, -112.371658325, -171.515274048, -56.2181358337, -85.4397583008, 63.8147659302, -57.4266662598, 30.9471664429, 27.2331771851, 128.392669678]],
        "icov": [[0.000258644897258, -0.000856760307215, 0.000488538760692, -0.000574718578719, 0.00120437052101, -0.000534907449037, 0.000624463602435, -0.000655480718706, 0.000703159079421, -0.000373163376935, 0.000682347337715, -0.000573357800022, 0.000511454883963], [-0.000856760307215, 0.00427771918476, -0.000789692974649, 0.000914865755476, -0.00413261819631, 0.00284651434049, -0.00258822436444, 0.00344473891892, -0.0019579816144, 0.00166987883858, -0.00254346919246, 0.00289594940841, -0.00075809052214], [0.000488538760692, -0.000789692974649, 0.00275009986944, -0.00117579009384, 0.000779878697358, 0.000169080813066, -0.000142301811138, 0.00122263398953, 0.000205830991035, -0.00144333671778, 0.00197506276891, -0.00268247188069, 0.00200116052292], [-0.000574718578719, 0.000914865755476, -0.00117579009384, 0.0072379829362, -0.00314685725607, -0.00175821001176, 0.00148292072117, 0.000829424359836, -0.00274496525526, 0.00186221150216, 0.00130348454695, 0.0011330882553, -0.00170049234293], [0.00120437052101, -0.00413261819631, 0.000779878697358, -0.00314685725607, 0.00957736372948, -0.00273876846768, 0.000706614519004, -0.0056922910735, 0.00448391912505, 0.000335264398018, 0.0015124209458, -0.00161687890068, 0.00357206491753], [-0.000534907449037, 0.00284651434049, 0.000169080813066, -0.00175821001176, -0.00273876846768, 0.0135908834636, -0.00674789585173, -0.00307410256937, 0.00529516581446, -0.00477584498003, -0.000670019071549, 0.00319329695776, 0.00194850715343], [0.000624463602435, -0.00258822436444, -0.000142301811138, 0.00148292072117, 0.000706614519004, -0.00674789585173, 0.0126488916576, -0.00265528284945, -0.000695638824254, -6.00028797635e-05, -0.000897929130588, 0.0021225803066, -0.000782532675657], [-0.000655480718706, 0.00344473891892, 0.00122263398953, 0.000829424359836, -0.0056922910735, -0.00307410256937, -0.00265528284945, 0.0203108601272, -0.00741344271228, -0.00387324462645, 0.00383030925877, -0.00393790798262, 0.00170597038232], [0.000703159079421, -0.0019579816144, 0.000205830991035, -0.00274496525526, 0.00448391912505, 0.00529516581446, -0.000695638824254, -0.00741344271228, 0.0201644487679, -0.00591782247648, -0.00410700542852, 0.00661234557629, -0.00509801320732], [-0.000373163376935, 0.00166987883858, -0.00144333671778, 0.00186221150216, 0.000335264398018, -0.00477584498003, -6.00028797635e-05, -0.00387324462645, -0.00591782247648, 0.0275068581104, -0.004625715781, -0.00218744995072, 0.00739389192313], [0.000682347337715, -0.00254346919246, 0.00197506276891, 0.00130348454695, 0.0015124209458, -0.000670019071549, -0.000897929130588, 0.00383030925877, -0.00410700542852, -0.004625715781, 0.0252239722759, -0.00779151171446, 0.00145330931991], [-0.000573357800022, 0.00289594940841, -0.00268247188069, 0.0011330882553, -0.00161687890068, 0.00319329695776, 0.0021225803066, -0.00393790798262, 0.00661234557629, -0.00218744995072, -0.00779151171446, 0.0313430912793, -0.00961555819958], [0.000511454883963, -0.00075809052214, 0.00200116052292, -0.00170049234293, 0.00357206491753, 0.00194850715343, -0.000782532675657, 0.00170597038232, -0.00509801320732, 0.00739389192313, 0.00145330931991, -0.00961555819958, 0.0229381602257]]
    },
    "melbands": {
        "max": [0.00435706507415, 0.0104402936995, 0.00435847137123, 0.00537534244359, 0.0125462654978, 0.00666303373873, 0.00949863065034, 0.00451279897243, 0.00620894320309, 0.00809563603252, 0.00439909566194, 0.0027044294402, 0.00199015787803, 0.00162809109315, 0.00129980663769, 0.00131824484561, 0.00111241545528, 0.00137474492658, 0.00117205828428, 0.000623942760285, 0.000381274352549, 0.000552325276658, 0.000532473786734, 0.000517307722475, 0.000348078290699, 0.000151384767378, 0.000175048990059, 0.000141480370075, 0.000102112535387, 8.60962827574e-05, 4.9453421525e-05, 5.90034178458e-05, 4.62854695797e-05, 3.917662616e-05, 3.91840512748e-05, 7.41998883313e-05, 6.13614247413e-05, 3.10332325171e-05, 2.0166804461e-05, 5.61569686397e-06],
        "mean": [0.000190413120436, 0.000573285215069, 0.000253817299381, 0.000272551958915, 0.000677811272908, 0.000404591264669, 0.000241890185862, 0.00015737429203, 0.000286689231871, 0.000207439559745, 0.000150525025674, 9.19405429158e-05, 4.8181242164e-05, 5.01012327732e-05, 4.66689234599e-05, 4.64559707325e-05, 4.79287882627e-05, 3.66359636246e-05, 3.9024376747e-05, 3.51458402292e-05, 3.08357011818e-05, 2.40856024902e-05, 2.23706738325e-05, 1.37797524076e-05, 1.15069287858e-05, 8.09263292467e-06, 1.12761354103e-05, 8.04999035608e-06, 4.07781180911e-06, 3.58852298632e-06, 3.87002955904e-06, 3.89319120586e-06, 2.868313004e-06, 1.60084334766e-06, 1.20712343232e-06, 9.09432458229e-07, 7.1838093163e-07, 4.78604533782e-07, 2.42379286419e-07, 1.33498630817e-07],
        "min": [4.53920080499e-25, 1.02204641387e-24, 1.38086886851e-24, 1.38158042104e-24, 8.74660079678e-25, 1.29339129387e-24, 1.63049966184e-24, 8.63871617939e-25, 1.56131833539e-24, 9.68923140003e-25, 6.43234470408e-25, 1.41095345963e-24, 2.28185372963e-24, 1.52691561827e-24, 2.35445496532e-24, 2.15074820263e-24, 2.68309698223e-24, 2.9836579175e-24, 1.76887779613e-24, 3.22063015571e-24, 2.87143535399e-24, 3.88896238373e-24, 1.84649737047e-24, 3.51034228138e-24, 3.66207770435e-24, 3.99075028962e-24, 3.08603944123e-24, 3.22296912829e-24, 3.15384617755e-24, 3.90033973014e-24, 4.46208126986e-24, 3.68458153939e-24, 4.37285281844e-24, 4.03912205704e-24, 5.40230091696e-24, 5.03066262806e-24, 4.93335387438e-24, 5.7059350571e-24, 5.64375270182e-24, 5.85504396769e-24],
        "stdev": [0.000436945381807, 0.00113225798123, 0.000416176073486, 0.000468225131044, 0.00124615081586, 0.000711959903128, 0.000623221043497, 0.000388216198189, 0.000696290342603, 0.000534729158971, 0.000350132293534, 0.000195350236027, 0.000117387069622, 0.000117949515698, 0.000105667066236, 0.000102598329249, 9.78775715339e-05, 8.00045236247e-05, 8.14813683974e-05, 7.42431220715e-05, 5.07059667143e-05, 4.27076265623e-05, 4.19744683313e-05, 2.91705837299e-05, 2.7345986382e-05, 1.38884006446e-05, 2.17741071538e-05, 1.54030112753e-05, 8.20563855086e-06, 7.00742839399e-06, 6.97167297403e-06, 7.21660671843e-06, 5.37679125046e-06, 3.5366845168e-06, 2.94179199045e-06, 3.37012988894e-06, 2.91665469376e-06, 1.6274951804e-06, 8.73701992532e-07, 3.89242671872e-07]
    },
    "melbands128": {
        "max": [0.00179970066529, 0.00517967855558, 0.00725659681484, 0.00897550582886, 0.0154395960271, 0.0121999876574, 0.00539589021355, 0.00460027297959, 0.00285281892866, 0.00723421759903, 0.00909485761076, 0.0114975590259, 0.0233599320054, 0.0118661811575, 0.0123881753534, 0.00687333522364, 0.00519219925627, 0.0163250565529, 0.0120893502608, 0.0053327511996, 0.00945711135864, 0.00901194289327, 0.0100603839383, 0.00795100163668, 0.00967538915575, 0.0136996023357, 0.0086956564337, 0.00719153136015, 0.00247754948214, 0.00458258856088, 0.0030633197166, 0.00126960966736, 0.00389437377453, 0.00293587124906, 0.00261329812929, 0.00248046498746, 0.00266891974024, 0.00231699156575, 0.00214767851867, 0.00301263062283, 0.00152252533007, 0.00200993102044, 0.00167871941812, 0.0019990617875, 0.00172084453516, 0.00314579182304, 0.00160137470812, 0.00149918394163, 0.00291211390868, 0.00163099938072, 0.00139447231777, 0.000553487741854, 0.000710660708137, 0.000956612580922, 0.00141117477324, 0.000642823870294, 0.000623742991593, 0.00122596847359, 0.000409413740272, 0.000544148148037, 0.000785909127444, 0.00088161311578, 0.000820989836939, 0.000548219250049, 0.000155870176968, 0.000221571142902, 0.000219367590034, 0.000273527432, 0.000396366871428, 0.000452072737971, 0.000282751221675, 0.000171838779352, 0.000311187905027, 9.22647086554e-05, 7.93992585386e-05, 0.000166953497683, 7.23104167264e-05, 8.25592069305e-05, 8.65372057888e-05, 0.000121347962704, 7.34086570446e-05, 7.2848633863e-05, 9.60711549851e-05, 6.82176105329e-05, 8.65587498993e-05, 4.75114320579e-05, 4.29933752457e-05, 4.20743344876e-05, 7.13198023732e-05, 3.70362904505e-05, 6.32503579254e-05, 9.54108836595e-05, 7.83759678598e-05, 7.7169846918e-05, 7.05230777385e-05, 3.06164183712e-05, 3.07105001411e-05, 2.8279471735e-05, 2.84105681203e-05, 1.43227543958e-05, 7.79395213613e-06, 4.84348174723e-06, 5.24621191289e-06, 5.66732751395e-06, 6.07624906479e-06, 3.28638498104e-06, 4.86477028971e-06, 2.45081446337e-06, 1.72878878857e-06, 1.10993426006e-06, 1.77614549557e-06, 2.88335377263e-06, 2.20095603254e-06, 8.01990552191e-07, 1.05828075903e-06, 2.38705808897e-07, 7.34897795951e-08, 7.20385457953e-08, 7.04252940409e-08, 6.88120564973e-08, 6.73064306511e-08, 6.60213572701e-08, 6.48015046067e-08, 6.37947863424e-08, 6.28495513411e-08, 6.21726954364e-08, 6.16469932879e-08, 6.13299278029e-08],
        "mean": [3.50529007846e-05, 0.000107052714156, 0.000220534202526, 0.000412315537687, 0.000776212313212, 0.00056642817799, 0.000232736114413, 0.000186851000763, 0.000225149706239, 0.000273965735687, 0.000269451586064, 0.000460285431473, 0.000984860700555, 0.000701766635757, 0.000394834263716, 0.000250045326538, 0.000180953604286, 0.000305064051645, 0.000232673090068, 0.000116896633699, 0.000108184438432, 0.000278586492641, 0.000380516052246, 0.0001873884612, 0.000233957864111, 0.000193678904907, 0.000192098479602, 0.000174382264959, 7.27922233636e-05, 0.000121149219922, 8.92493844731e-05, 5.18774504599e-05, 5.67177121411e-05, 3.11517396767e-05, 4.30581167166e-05, 5.89619594393e-05, 6.02574691584e-05, 3.07965674438e-05, 5.70837910345e-05, 4.41902120656e-05, 2.80972635665e-05, 7.66239390941e-05, 5.1903174608e-05, 3.49451911461e-05, 2.94683250104e-05, 3.71599380742e-05, 4.51507185062e-05, 3.76801690436e-05, 3.58114411938e-05, 4.24018471676e-05, 3.6928577174e-05, 2.61431760009e-05, 2.46439740295e-05, 3.60300073226e-05, 3.91590765503e-05, 1.51561498569e-05, 1.77908477781e-05, 3.13831478707e-05, 2.13822768274e-05, 1.11707067845e-05, 1.48169538079e-05, 1.35124691951e-05, 1.37012748382e-05, 1.12056122816e-05, 7.27003589418e-06, 6.96087090546e-06, 9.17907254916e-06, 1.05594917841e-05, 1.21251669043e-05, 1.2059040273e-05, 8.74624674907e-06, 5.57991961614e-06, 4.55492227047e-06, 3.96859923057e-06, 3.23549147652e-06, 3.96343466491e-06, 3.30151124217e-06, 3.64372658623e-06, 3.89025171899e-06, 4.34377852798e-06, 3.93276377508e-06, 3.71370310859e-06, 3.59353202839e-06, 3.00715100821e-06, 2.08634969567e-06, 1.71777958258e-06, 1.48650326537e-06, 1.21953678445e-06, 1.24909206534e-06, 1.15443538107e-06, 9.65840172285e-07, 8.63647073857e-07, 7.57588452416e-07, 7.64878791415e-07, 6.74742409501e-07, 5.382105428e-07, 4.79791538055e-07, 3.1960004776e-07, 2.27843713674e-07, 2.24462965548e-07, 1.54910281935e-07, 1.13259552847e-07, 1.10765590478e-07, 9.55213934617e-08, 7.93990295733e-08, 6.61525660917e-08, 6.39634123445e-08, 5.32433723777e-08, 4.9490004983e-08, 4.71667718216e-08, 3.93713470714e-08, 2.58213486148e-08, 1.61157895917e-08, 4.26943103093e-09, 1.8375622135e-09, 1.10038145262e-09, 4.63223903679e-10, 5.22589332919e-11, 4.90414930887e-11, 4.63395918859e-11, 4.49861745078e-11, 4.41074364532e-11, 4.32731003808e-11, 4.25895360645e-11, 4.19320966838e-11, 4.1428586256e-11, 4.10520506477e-11, 4.08362059445e-11],
        "min": [1.18098332339e-25, 9.27754658727e-26, 3.80246265148e-25, 1.73150432746e-25, 2.39167983232e-25, 1.61769856941e-25, 1.43625316564e-25, 7.70552676206e-26, 2.1257032987e-25, 5.52882089413e-25, 9.26198507332e-26, 9.94642914438e-26, 6.26325545053e-26, 4.22335322449e-25, 4.42283938413e-25, 2.17809179793e-25, 5.48319465849e-25, 2.47924758363e-25, 3.65465945361e-25, 3.67798952185e-25, 6.40836136041e-25, 1.11968525652e-25, 2.65501590059e-25, 5.71277388951e-25, 4.17455034459e-25, 2.229228227e-25, 2.60095822098e-25, 4.61818846135e-25, 2.64260440684e-25, 6.85392232563e-25, 7.53239693831e-25, 1.3597241422e-24, 5.4307847121e-25, 4.5091698564e-25, 4.02051982942e-25, 5.92251524091e-25, 6.1017745139e-25, 8.92859791015e-25, 4.90489354786e-25, 5.66791975147e-25, 7.06940609138e-25, 1.16317678525e-24, 1.24248008459e-24, 5.45173044824e-25, 6.43180433436e-25, 1.63083413886e-24, 5.76536083656e-25, 7.06983552754e-25, 7.17449222472e-25, 6.07800366963e-25, 1.03665394846e-24, 1.6418104481e-24, 1.29135455362e-24, 9.64680646055e-25, 1.54978479452e-24, 1.24627568883e-24, 1.89569310311e-24, 1.27864048241e-24, 1.20102307744e-24, 1.62951693836e-24, 1.50291846953e-24, 1.93127782968e-24, 1.88758045756e-24, 2.34225227319e-24, 1.8043497156e-24, 1.48084229571e-24, 1.96232364782e-24, 2.00054987513e-24, 1.40648801387e-24, 1.71571271264e-24, 2.12204037099e-24, 2.07508243954e-24, 2.72380674089e-24, 1.67299845842e-24, 1.8939225048e-24, 1.27780665643e-24, 1.73154495379e-24, 1.66309075988e-24, 2.78496752131e-24, 1.88001370375e-24, 2.12331793123e-24, 2.11884449825e-24, 1.71767204592e-24, 2.71067634834e-24, 2.92042618e-24, 2.56090282245e-24, 2.31783900033e-24, 2.65057895243e-24, 2.36809910354e-24, 3.27493297384e-24, 3.4369821615e-24, 2.72437827062e-24, 3.3009444789e-24, 2.49293476407e-24, 3.95443507785e-24, 3.43813034855e-24, 3.38454736599e-24, 3.83718076505e-24, 3.42065668507e-24, 3.08220281621e-24, 4.21595272312e-24, 3.77397722932e-24, 4.48059701859e-24, 3.66272062599e-24, 4.17527905485e-24, 2.78784193323e-24, 4.38087435055e-24, 4.01194579885e-24, 3.63362467479e-24, 3.07869889329e-24, 4.38629619155e-24, 4.37115676749e-24, 4.34764950138e-24, 3.53851487089e-24, 4.89691560031e-24, 5.0338417375e-24, 4.2805687143e-24, 4.32103333443e-24, 4.95463300287e-24, 5.51631103929e-24, 4.27331829372e-24, 5.44174987868e-24, 4.3544561877e-24, 3.64331859202e-24, 5.55094321632e-24, 4.94406739434e-24, 5.13396988005e-24, 4.68286923773e-24],
        "stdev": [0.000135969356052, 0.000420280994149, 0.000597038422711, 0.000857964216266, 0.00162623077631, 0.00121446477715, 0.000463998352643, 0.000371714879293, 0.000421484961407, 0.000586370937526, 0.000620120030362, 0.000914059288334, 0.00220884708688, 0.00137670105323, 0.00111280067358, 0.000565710361116, 0.000436135596829, 0.00105248903856, 0.000730292755179, 0.000371492060367, 0.000572183751501, 0.000849649310112, 0.00110749271698, 0.00055416097166, 0.00073906313628, 0.000736192276236, 0.000627981266007, 0.000490560662001, 0.000195846616407, 0.000334068434313, 0.000211252932786, 0.000118193900562, 0.000184499804163, 0.000129518288304, 0.000150895153638, 0.000169507038663, 0.000161723524798, 0.000116682858788, 0.000168501966982, 0.000161883217515, 8.06868702057e-05, 0.000197752175154, 0.000123877602164, 0.000109320601041, 9.08915462787e-05, 0.000121512632177, 0.000107117222797, 9.95397494989e-05, 0.000130166037707, 0.000112377209007, 0.000117887509987, 6.55263429508e-05, 5.68098621443e-05, 7.18573282938e-05, 9.42806000239e-05, 3.93198461097e-05, 4.23783640144e-05, 7.32071057428e-05, 4.91440368933e-05, 2.86181930278e-05, 3.95507413486e-05, 3.91766225221e-05, 4.28351886512e-05, 3.44158579537e-05, 1.48695316966e-05, 1.64363063959e-05, 1.88201101992e-05, 2.69005904556e-05, 3.16343612212e-05, 3.16032237606e-05, 2.03135296033e-05, 1.29892387122e-05, 1.61797233886e-05, 8.29279997561e-06, 6.44829924568e-06, 1.0629892131e-05, 6.92349613018e-06, 7.86740565673e-06, 8.02296199254e-06, 9.57873271545e-06, 8.0388645074e-06, 8.05653053249e-06, 7.20048592484e-06, 6.22839115749e-06, 4.76822833662e-06, 4.10780103266e-06, 3.63397407455e-06, 3.11306007461e-06, 3.39026883012e-06, 3.09636811835e-06, 3.23840527017e-06, 4.2426077016e-06, 3.01869772557e-06, 3.3511669244e-06, 2.99146313409e-06, 1.73874661868e-06, 1.5665968931e-06, 1.37214749429e-06, 9.61934006227e-07, 7.80789150667e-07, 5.12857923241e-07, 3.39004117222e-07, 3.00213201854e-07, 3.01661259527e-07, 2.57405247339e-07, 1.92188153392e-07, 1.94221016159e-07, 1.37842448567e-07, 1.15847292648e-07, 1.10573452616e-07, 1.01428987875e-07, 1.19880283478e-07, 8.72426113574e-08, 3.14406563007e-08, 2.80238410255e-08, 7.6598070109e-09, 2.2043598058e-09, 1.80762760316e-09, 1.76727932288e-09, 1.72673297882e-09, 1.68896929775e-09, 1.65672320307e-09, 1.62606406118e-09, 1.60081492506e-09, 1.57710777771e-09, 1.56013224561e-09, 1.54694679289e-09, 1.53899426536e-09]
    },
    "mfcc": {
        "mean": [-835.309570312, 85.4286422729, -12.5157194138, 16.711435318, -7.58547639847, 0.334159702063, -13.6578216553, -0.932040035725, -2.10160064697, -1.64608287811, -5.51696634293, -2.38700652122, -2.11319088936],
        "cov": [[82379.1484375, 13477.7587891, -2905.65234375, 2549.73535156, -1008.60656738, 611.47857666, -1433.69470215, 271.803955078, -254.328125, 177.265060425, -472.423858643, -395.046966553, -525.610351562], [13477.7587891, 3506.59375, -382.516113281, 675.16784668, -191.551055908, 23.1349334717, -427.413330078, -56.5194625854, -101.759506226, -104.424255371, -194.336853027, -75.1575241089, -42.795501709], [-2905.65234375, -382.516113281, 545.404418945, -4.7753443718, -24.0180931091, -61.9954719543, -104.190635681, -85.6066970825, -33.3021965027, -59.0022544861, -54.2759513855, 8.30455493927, 42.0998497009], [2549.73535156, 675.16784668, -4.7753443718, 291.958496094, 29.0673809052, 4.89840745926, -111.050743103, -13.9768705368, -1.1136879921, -61.8254928589, -54.7725944519, 4.47952985764, -23.7074356079], [-1008.60656738, -191.551055908, -24.0180931091, 29.0673809052, 230.561019897, 68.9738845825, 156.327026367, 59.238658905, 37.1807289124, 10.9484777451, 68.9039230347, 26.1743202209, -16.4228210449], [611.47857666, 23.1349334717, -61.9954719543, 4.89840745926, 68.9738845825, 162.968414307, 180.237335205, 76.3756484985, 32.8653678894, 59.2205238342, 76.1760787964, 2.23026919365, -8.18867778778], [-1433.69470215, -427.413330078, -104.190635681, -111.050743103, 156.327026367, 180.237335205, 407.187469482, 146.487228394, 67.4230957031, 107.241142273, 154.614898682, 12.2729930878, -2.2720849514], [271.803955078, -56.5194625854, -85.6066970825, -13.9768705368, 59.238658905, 76.3756484985, 146.487228394, 107.221427917, 47.8348197937, 49.8571472168, 59.5932922363, 4.93710327148, -1.37007009983], [-254.328125, -101.759506226, -33.3021965027, -1.1136879921, 37.1807289124, 32.8653678894, 67.4230957031, 47.8348197937, 90.0881576538, 44.907787323, 25.1704978943, 17.4244403839, 12.6209039688], [177.265060425, -104.424255371, -59.0022544861, -61.8254928589, 10.9484777451, 59.2205238342, 107.241142273, 49.8571472168, 44.907787323, 112.293418884, 67.170715332, 6.53073406219, 12.2639341354], [-472.423858643, -194.336853027, -54.2759513855, -54.7725944519, 68.9039230347, 76.1760787964, 154.614898682, 59.5932922363, 25.1704978943, 67.170715332, 115.444198608, 25.678396225, 4.42876195908], [-395.046966553, -75.1575241089, 8.30455493927, 4.47952985764, 26.1743202209, 2.23026919365, 12.2729930878, 4.93710327148, 17.4244403839, 6.53073406219, 25.678396225, 55.7301139832, 26.9471244812], [-525.610351562, -42.795501709, 42.0998497009, -23.7074356079, -16.4228210449, -8.18867778778, -2.2720849514, -1.37007009983, 12.6209039688, 12.2639341354, 4.42876195908, 26.9471244812, 75.754196167]],
        "icov": [[5.6189535826e-05, -0.000135999653139, 0.00014281507174, -0.000126745391754, 0.000123497666209, -0.000283113622572, 0.000297928083455, -0.000346765678842, 0.000197489993297, -0.000335663411533, 5.18493943673e-05, -3.16490404657e-05, 0.000222499613301], [-0.000135999653139, 0.00124879891519, 0.000387031468563, -0.0017691780813, 0.000232964215684, -0.000160342751769, -5.24485876667e-05, 0.00055675272597, 0.000724653014913, 0.000153610424604, 0.000215955180465, 0.00104226230178, -0.00149420055095], [0.00014281507174, 0.000387031468563, 0.00322722550482, -0.00174310209695, 0.000359844765626, -0.00161394919269, 0.00120843469631, 0.000721222430002, 0.00133596628439, -0.000627899775282, 0.000727623177227, 0.000878829858266, -0.00165270769503], [-0.000126745391754, -0.0017691780813, -0.00174310209695, 0.0108961984515, -0.00332668004557, -0.00139619724359, 0.00156353355851, -0.000411596003687, -0.00406257947907, 0.00435118936002, 0.000935083779041, -0.00365569465794, 0.00288532814011], [0.000123497666209, 0.000232964215684, 0.000359844765626, -0.00332668004557, 0.00858197920024, -1.04338741949e-05, -0.00257515674457, -0.000602640910074, -0.000809086137451, 0.00197048089467, -0.00250388961285, -0.00186788418796, 0.00214525451884], [-0.000283113622572, -0.000160342751769, -0.00161394919269, -0.00139619724359, -1.04338741949e-05, 0.0176307987422, -0.00855638086796, 0.000674744078424, -0.00104467908386, -0.000602380314376, -0.00300607969984, 0.000952245376538, 0.000172767191543], [0.000297928083455, -5.24485876667e-05, 0.00120843469631, 0.00156353355851, -0.00257515674457, -0.00855638086796, 0.0138739133254, -0.00832166243345, 0.000993512570858, -0.0016326312907, -0.00459242518991, 0.00299509637989, -6.04635861237e-05], [-0.000346765678842, 0.00055675272597, 0.000721222430002, -0.000411596003687, -0.000602640910074, 0.000674744078424, -0.00832166243345, 0.0264153033495, -0.00847217440605, 0.00240881438367, -0.00300663337111, 0.00280783837661, -0.00225214473903], [0.000197489993297, 0.000724653014913, 0.00133596628439, -0.00406257947907, -0.000809086137451, -0.00104467908386, 0.000993512570858, -0.00847217440605, 0.0216191057116, -0.0103853745386, 0.00740833487362, -0.0048879859969, -0.00126084731892], [-0.000335663411533, 0.000153610424604, -0.000627899775282, 0.00435118936002, 0.00197048089467, -0.000602380314376, -0.0016326312907, 0.00240881438367, -0.0103853745386, 0.0231826435775, -0.0111626842991, 0.00390972336754, -0.00293583632447], [5.18493943673e-05, 0.000215955180465, 0.000727623177227, 0.000935083779041, -0.00250388961285, -0.00300607969984, -0.00459242518991, -0.00300663337111, 0.00740833487362, -0.0111626842991, 0.0287607088685, -0.0124894883484, 0.00264433771372], [-3.16490404657e-05, 0.00104226230178, 0.000878829858266, -0.00365569465794, -0.00186788418796, 0.000952245376538, 0.00299509637989, 0.00280783837661, -0.0048879859969, 0.00390972336754, -0.0124894883484, 0.0317529886961, -0.0118081839755], [0.000222499613301, -0.00149420055095, -0.00165270769503, 0.00288532814011, 0.00214525451884, 0.000172767191543, -6.04635861237e-05, -0.00225214473903, -0.00126084731892, -0.00293583632447, 0.00264433771372, -0.0118081839755, 0.0208940468729]]
    },
    "spectral_contrast_coeffs": {
        "max": [-0.259879559278, -0.324738025665, -0.506235480309, -0.580599069595, -0.658833265305, -0.598055064678],
        "mean": [-0.740783333778, -0.797631442547, -0.812526702881, -0.829729437828, -0.826383471489, -0.793407678604],
        "min": [-0.98801356554, -0.996550142765, -0.980054438114, -0.979215025902, -0.968170404434, -0.967548131943],
        "stdev": [0.179007336497, 0.131040498614, 0.112141869962, 0.0950772538781, 0.0914447158575, 0.108445800841]
    },
    "spectral_contrast_valleys": {
        "max": [-5.19046068192, -4.91984987259, -5.54238414764, -5.44227409363, -5.77220010757, -8.00272274017],
        "mean": [-12.8977689743, -12.4959411621, -13.0479221344, -13.1215076447, -13.1277742386, -15.28195858],
        "min": [-28.1598186493, -28.0527763367, -27.8585338593, -27.7618408203, -27.5434074402, -27.4515380859],
        "stdev": [8.84062576294, 9.05675411224, 8.77237510681, 8.71246528625, 8.70598983765, 7.39837694168]
    }
},
"rhythm": {
    "beats_count": 83,
    "beats_loudness": {
        "max": 0.0732563734055,
        "mean": 0.0173212382942,
        "min": 0,
        "stdev": 0.0176161732525
    },
    "bpm": 148.97517395,
    "bpm_histogram_first_peak_bpm": 148,
    "bpm_histogram_first_peak_weight": 0.433333337307,
    "bpm_histogram_second_peak_bpm": 129,
    "bpm_histogram_second_peak_spread": 0.54545456171,
    "bpm_histogram_second_peak_weight": 0.18292683363,
    "danceability": 0.775478184223,
    "onset_rate": 1.52015042305,
    "beats_loudness_band_ratio": {
        "max": [0.665082454681, 0.989946186543, 0.943618416786, 0.404197096825, 0.584103405476, 0.693102538586],
        "mean": [0.135055094957, 0.236615166068, 0.168801188469, 0.0887838229537, 0.0909055024385, 0.0510028749704],
        "min": [0, 0, 0, 0, 0, 0],
        "stdev": [0.177279233932, 0.281513899565, 0.18923997879, 0.099580578506, 0.113253638148, 0.0978331193328]
    },
