{
"metadata": {
    "version": {
        "essentia": "2.1-beta5",
        "essentia_git_sha": "Undefined",
        "extractor": "music 2.0"
    },
    "audio_properties": {
        "analysis": {
            "equal_loudness": 0,
            "length": 48.7502937317,
            "sample_rate": 44100,
            "start_time": 61.4980506897,
            "downmix": "mix"
        },
        "bit_rate": 192000,
        "length": 218.882919312,
        "lossless": 0,
        "number_channels": 2,
        "replay_gain": -8.96037483215,
        "sample_rate": 48000,
        "codec": "mp3",
        "md5_encoded": "2221b054771f80ed1e83866e9bf43689"
    },
    "tags": {
        "file_name": "North MacedoniaNorth MacedoniaN_Ne Zori, Zoro_Vlado Janevski.mp3",
        "encoding": ["Lavf58.29.100"]
    }
},
"lowlevel": {
    "average_loudness": 0.918821394444,
    "barkbands_crest": {
        "max": 21.0042152405,
        "mean": 8.52708435059,
        "min": 2.66885828972,
        "stdev": 3.02376246452
    },
    "barkbands_flatness_db": {
        "max": 0.264912843704,
        "mean": 0.139690622687,
        "min": 0.0484240017831,
        "stdev": 0.034884672612
    },
    "barkbands_kurtosis": {
        "max": 45.668800354,
        "mean": 4.14705467224,
        "min": -1.88097012043,
        "stdev": 5.52590942383
    },
    "barkbands_skewness": {
        "max": 5.91453075409,
        "mean": 1.61361062527,
        "min": -1.16576206684,
        "stdev": 0.992735505104
    },
    "barkbands_spread": {
        "max": 94.6502685547,
        "mean": 19.1264896393,
        "min": 3.06254220009,
        "stdev": 11.6462860107
    },
    "dissonance": {
        "max": 0.499999940395,
        "mean": 0.459867417812,
        "min": 0.290509790182,
        "stdev": 0.0254035778344
    },
    "dynamic_complexity": 2.03234004974,
    "erbbands_crest": {
        "max": 24.8969116211,
        "mean": 8.89303302765,
        "min": 2.29294776917,
        "stdev": 3.56940364838
    },
    "erbbands_flatness_db": {
        "max": 0.28785982728,
        "mean": 0.158585429192,
        "min": 0.05708238855,
        "stdev": 0.0374157950282
    },
    "erbbands_kurtosis": {
        "max": 12.8751068115,
        "mean": 0.575471043587,
        "min": -1.58160042763,
        "stdev": 1.69612562656
    },
    "erbbands_skewness": {
        "max": 2.80371642113,
        "mean": 0.497557908297,
        "min": -2.94174170494,
        "stdev": 0.700354635715
    },
    "erbbands_spread": {
        "max": 108.886680603,
        "mean": 36.8798942566,
        "min": 5.71798372269,
        "stdev": 15.9218702316
    },
    "hfc": {
        "max": 180.330200195,
        "mean": 21.6128902435,
        "min": 0.290437221527,
        "stdev": 19.1063346863
    },
    "loudness_ebu128": {
        "integrated": -14.1658792496,
        "loudness_range": 3.2933177948,
        "momentary": {
            "max": -10.9532489777,
            "mean": -14.5486869812,
            "min": -21.0910949707,
            "stdev": 1.88052737713
        },
        "short_term": {
            "max": -11.7931957245,
            "mean": -14.2438058853,
            "min": -18.3147563934,
            "stdev": 1.25744438171
        }
    },
    "melbands_crest": {
        "max": 27.9176330566,
        "mean": 12.4877929688,
        "min": 4.38829898834,
        "stdev": 3.94855427742
    },
    "melbands_flatness_db": {
        "max": 0.346031188965,
        "mean": 0.197161465883,
        "min": 0.0525534674525,
        "stdev": 0.0508776269853
    },
    "melbands_kurtosis": {
        "max": 137.123382568,
        "mean": 11.3468065262,
        "min": -1.67709076405,
        "stdev": 13.1056985855
    },
    "melbands_skewness": {
        "max": 9.65809345245,
        "mean": 2.43678212166,
        "min": -0.469501167536,
        "stdev": 1.32956206799
    },
    "melbands_spread": {
        "max": 181.894973755,
        "mean": 20.4594287872,
        "min": 2.4614470005,
        "stdev": 15.8172340393
    },
    "pitch_salience": {
        "max": 0.834088861942,
        "mean": 0.56745326519,
        "min": 0.189377635717,
        "stdev": 0.0827302411199
    },
    "silence_rate_20dB": {
        "max": 1,
        "mean": 1,
        "min": 1,
        "stdev": 0
    },
    "silence_rate_30dB": {
        "max": 1,
        "mean": 1,
        "min": 1,
        "stdev": 0
    },
    "silence_rate_60dB": {
        "max": 1,
        "mean": 0.000475963839563,
        "min": 0,
        "stdev": 0.0218114089221
    },
    "spectral_centroid": {
        "max": 4279.55615234,
        "mean": 1119.1541748,
        "min": 291.300689697,
        "stdev": 557.898071289
    },
    "spectral_complexity": {
        "max": 44,
        "mean": 19.0023803711,
        "min": 1,
        "stdev": 6.76894283295
    },
    "spectral_decrease": {
        "max": -1.06475911421e-10,
        "mean": -7.1638206478e-09,
        "min": -3.08758743017e-08,
        "stdev": 3.6743816878e-09
    },
    "spectral_energy": {
        "max": 0.118918217719,
        "mean": 0.0289982948452,
        "min": 0.000428208237281,
        "stdev": 0.0147709213197
    },
    "spectral_energyband_high": {
        "max": 0.0259045455605,
        "mean": 0.000854446261656,
        "min": 3.7117863485e-06,
        "stdev": 0.00220846175216
    },
    "spectral_energyband_low": {
        "max": 0.104187563062,
        "mean": 0.0077458252199,
        "min": 1.02304829852e-06,
        "stdev": 0.00683084735647
    },
    "spectral_energyband_middle_high": {
        "max": 0.0598447881639,
        "mean": 0.00597419915721,
        "min": 0.000122121957247,
        "stdev": 0.00641891453415
    },
    "spectral_energyband_middle_low": {
        "max": 0.088320158422,
        "mean": 0.0164964497089,
        "min": 0.000144324207213,
        "stdev": 0.0115357628092
    },
    "spectral_entropy": {
        "max": 8.50346851349,
        "mean": 7.49440431595,
        "min": 6.47864341736,
        "stdev": 0.332006305456
    },
    "spectral_flux": {
        "max": 0.238432690501,
        "mean": 0.0837121754885,
        "min": 0.0196690130979,
        "stdev": 0.0309746079147
    },
    "spectral_kurtosis": {
        "max": 22.9234333038,
        "mean": 4.44889354706,
        "min": -0.504490375519,
        "stdev": 2.74428701401
    },
    "spectral_rms": {
        "max": 0.010771154426,
        "mean": 0.00515293655917,
        "min": 0.000646346772555,
        "stdev": 0.00131842016708
    },
    "spectral_rolloff": {
        "max": 8828.61328125,
        "mean": 1225.27990723,
        "min": 107.666015625,
        "stdev": 1124.00769043
    },
    "spectral_skewness": {
        "max": 3.60549473763,
        "mean": 1.63992512226,
        "min": -0.187949985266,
        "stdev": 0.466591984034
    },
    "spectral_spread": {
        "max": 18830924,
        "mean": 4621301,
        "min": 1673128.25,
        "stdev": 1332377.25
    },
    "spectral_strongpeak": {
        "max": 8.28494358063,
        "mean": 0.951410710812,
        "min": 0,
        "stdev": 1.05126237869
    },
    "zerocrossingrate": {
        "max": 0.2314453125,
        "mean": 0.0545854754746,
        "min": 0.0087890625,
        "stdev": 0.0295729264617
    },
    "barkbands": {
        "max": [0.00168300885707, 0.0495844855905, 0.0505999065936, 0.0414002947509, 0.0427694953978, 0.055985443294, 0.0313126891851, 0.0519727393985, 0.0543999038637, 0.0491513572633, 0.0336029194295, 0.00836791563779, 0.0169282425195, 0.00897600967437, 0.0224530622363, 0.014122787863, 0.00618310971186, 0.00393605045974, 0.00710331555456, 0.0035879642237, 0.00867330282927, 0.0075406441465, 0.00944221951067, 0.00994046125561, 0.00255816010758, 0.00142320757732, 9.11383176572e-06],
        "mean": [2.94573383144e-05, 0.00267088529654, 0.00321738701314, 0.00381478667259, 0.00347253517248, 0.00312225846574, 0.00144348340109, 0.00255792308599, 0.00166531361174, 0.00155740301125, 0.00094898295356, 0.000408775027608, 0.000756197026931, 0.000361145008355, 0.000636587967165, 0.000474610453239, 0.000348102854332, 0.000270013842965, 0.000304200715618, 0.000155526984599, 0.000174120592419, 0.000189393147593, 0.000194748616195, 0.00011769876437, 6.07568654232e-05, 4.58743343188e-05, 1.17566216318e-07],
        "min": [2.52345166984e-09, 5.80106025438e-08, 3.24685323072e-09, 1.28699227275e-07, 6.9980239914e-07, 6.60546947984e-06, 7.28031136532e-06, 2.61665695689e-06, 4.22748598794e-06, 1.11606950668e-05, 2.60182059719e-06, 1.98898942472e-06, 1.93558753381e-06, 1.40584950259e-06, 3.5368520912e-06, 1.85258340935e-06, 4.46346666649e-06, 2.29814372688e-06, 2.10495136344e-06, 1.22911364997e-06, 1.06074890027e-06, 5.59049851745e-07, 4.23503820457e-07, 2.54305490444e-07, 2.31058550071e-07, 7.19753900924e-09, 2.27646373974e-11],
        "stdev": [5.30933466507e-05, 0.00412900932133, 0.00324513856322, 0.00439694803208, 0.00356381433085, 0.00494159990922, 0.0024618213065, 0.00459710368887, 0.00341491191648, 0.00273556541651, 0.00222740881145, 0.000613016600255, 0.0014778439654, 0.000699942233041, 0.001241269405, 0.00100714270957, 0.00053021433996, 0.0003850805806, 0.000487640325446, 0.000237200802076, 0.000502559007145, 0.000609589566011, 0.000728005601559, 0.000453800195828, 0.000159119255841, 0.000116808063467, 4.94408936902e-07]
    },
    "erbbands": {
        "max": [0.832739830017, 12.8317422867, 45.5759735107, 80.513130188, 122.836753845, 249.129272461, 291.22265625, 448.472351074, 655.018737793, 661.069885254, 1110.84338379, 1246.25732422, 436.602233887, 2315.23388672, 684.118713379, 310.704864502, 814.008422852, 533.902648926, 1365.53894043, 663.794250488, 699.297729492, 252.215957642, 263.409606934, 457.255401611, 331.749603271, 210.919296265, 221.10609436, 396.342559814, 256.367828369, 429.101348877, 300.032897949, 330.079803467, 48.3368911743, 37.4508094788, 12.7723989487, 8.86260032654, 1.5816911459, 0.139706641436, 0.00237213354558, 0.000171243606019],
        "mean": [0.0488006286323, 0.73333543539, 3.1350646019, 8.98553085327, 12.7533435822, 11.3022880554, 15.1647071838, 29.6467266083, 21.1320133209, 34.6327705383, 51.2925872803, 46.3743667603, 35.2693557739, 56.5656242371, 33.0527305603, 19.0241394043, 35.7600135803, 21.9028129578, 31.0422687531, 26.8961486816, 25.8226547241, 17.1948318481, 16.4850254059, 13.7988891602, 14.3130674362, 7.63797473907, 6.07940292358, 7.60830068588, 6.7023601532, 6.15315818787, 5.5718588829, 3.29151391983, 1.47375273705, 0.778463482857, 0.398184776306, 0.268238455057, 0.0673219710588, 0.00437478488311, 0.000110192602733, 4.03951380576e-05],
        "min": [3.05717117044e-06, 1.27338480524e-05, 0.000205477612326, 0.000688767468091, 0.000939560588449, 0.00441091367975, 0.0602152124047, 0.110814109445, 0.0798569992185, 0.154655203223, 0.15432086587, 0.213052347302, 0.29768499732, 0.467026382685, 0.438900768757, 0.228041738272, 0.166862085462, 0.135576501489, 0.171371757984, 0.150806948543, 0.170990034938, 0.221672818065, 0.295633763075, 0.183387413621, 0.152388095856, 0.0740433484316, 0.0482877194881, 0.0361339114606, 0.0223761424422, 0.0144284833223, 0.00953507982194, 0.00582531699911, 0.00406561838463, 0.00217886897735, 0.00141113845166, 0.000142970486195, 1.28094479805e-05, 4.72326610179e-06, 2.36665437114e-06, 2.72228294307e-06],
        "stdev": [0.0822166278958, 1.06045389175, 3.03314566612, 8.81623744965, 13.036488533, 15.1925945282, 23.2362689972, 45.6104812622, 35.3284606934, 56.9710044861, 110.838287354, 91.5733032227, 55.1702766418, 127.467391968, 56.5384254456, 27.7714729309, 69.0985412598, 39.2385635376, 60.0909118652, 51.3923950195, 48.4369773865, 24.9074001312, 23.0104007721, 21.9829826355, 23.9312572479, 11.5854539871, 14.5649681091, 23.9336471558, 21.3321437836, 22.6354866028, 21.2592544556, 15.3678569794, 4.22069549561, 2.33637809753, 0.928314089775, 0.687783837318, 0.165638491511, 0.0127531168982, 0.000248730153544, 2.43033900915e-05]
    },
    "gfcc": {
        "mean": [15.9170894623, 102.381965637, -119.848182678, 32.2679901123, -67.1778717041, 14.5449476242, -44.8231124878, 8.46944522858, -25.9756088257, -2.57008600235, -21.3338336945, -4.73924827576, -13.4214611053],
        "cov": [[1582.078125, -598.627075195, 32.638053894, 43.5425262451, -82.0128707886, 80.3344039917, -18.8910331726, 85.6522903442, -50.9020118713, 51.7140274048, -117.644744873, 35.7247581482, -172.053283691], [-598.627075195, 926.181518555, -5.86715936661, -40.9306869507, 146.390625, -75.3643875122, 82.1754379272, -32.9713058472, 106.027610779, -84.0143127441, 117.144508362, -115.62046051, 81.614402771], [32.638053894, -5.86715936661, 855.35748291, 145.730255127, 182.951812744, 84.0709533691, -36.0780792236, 86.4303741455, -7.91890048981, 149.295120239, -94.4801864624, 48.4520721436, -40.1713485718], [43.5425262451, -40.9306869507, 145.730255127, 364.445404053, 33.6019248962, 29.2461700439, -35.1666755676, -52.3492393494, 73.8725585938, 32.0898132324, 16.8682193756, -11.7962179184, 56.3410682678], [-82.0128707886, 146.390625, 182.951812744, 33.6019248962, 284.976837158, 39.4551925659, 13.8971290588, 62.4036445618, 6.40618944168, 63.6703720093, -3.84365415573, 15.0746202469, -4.81129741669], [80.3344039917, -75.3643875122, 84.0709533691, 29.2461700439, 39.4551925659, 201.060043335, 93.3117904663, 23.1784210205, -27.4893417358, 18.0742721558, 14.659031868, 14.6576366425, -11.8504199982], [-18.8910331726, 82.1754379272, -36.0780792236, -35.1666755676, 13.8971290588, 93.3117904663, 198.566146851, 51.9773101807, -15.8004560471, -6.40781259537, 35.4968109131, 1.02204704285, -20.3156719208], [85.6522903442, -32.9713058472, 86.4303741455, -52.3492393494, 62.4036445618, 23.1784210205, 51.9773101807, 148.421508789, 6.36953449249, 38.9551048279, -11.7685222626, 11.3934583664, -36.3641815186], [-50.9020118713, 106.027610779, -7.91890048981, 73.8725585938, 6.40618944168, -27.4893417358, -15.8004560471, 6.36953449249, 125.059043884, 14.2710618973, 22.1159534454, -21.5473480225, 19.420955658], [51.7140274048, -84.0143127441, 149.295120239, 32.0898132324, 63.6703720093, 18.0742721558, -6.40781259537, 38.9551048279, 14.2710618973, 118.450286865, -1.58598041534, 33.6131095886, -22.2950305939], [-117.644744873, 117.144508362, -94.4801864624, 16.8682193756, -3.84365415573, 14.659031868, 35.4968109131, -11.7685222626, 22.1159534454, -1.58598041534, 110.7237854, 10.0273666382, 27.5851840973], [35.7247581482, -115.62046051, 48.4520721436, -11.7962179184, 15.0746202469, 14.6576366425, 1.02204704285, 11.3934583664, -21.5473480225, 33.6131095886, 10.0273666382, 102.36390686, 13.4953699112], [-172.053283691, 81.614402771, -40.1713485718, 56.3410682678, -4.81129741669, -11.8504199982, -20.3156719208, -36.3641815186, 19.420955658, -22.2950305939, 27.5851840973, 13.4953699112, 111.799446106]],
        "icov": [[0.001033802866, 0.000183585347258, 0.000309219292831, -0.000601907609962, 0.000324631546391, -0.000455936824437, 0.000373005052097, -0.000676296593156, 0.000131519889692, 2.79655268969e-05, 0.00077922368655, -0.000541070709005, 0.00154061347712], [0.000183585347258, 0.00515908375382, -0.0023762176279, 0.00304790888913, -0.00370283122174, 0.00338111817837, -0.00369465933181, 0.00326047022827, -0.00394850410521, 0.00414425041527, -0.00571084814146, 0.00574474269524, -0.00305728730746], [0.000309219292831, -0.0023762176279, 0.00334533676505, -0.00252435915172, 0.00124851439614, -0.00242705713026, 0.00237252190709, -0.00251769577153, 0.00233429763466, -0.00354760535993, 0.0046461885795, -0.00333979772404, 0.00223718350753], [-0.000601907609962, 0.00304790888913, -0.00252435915172, 0.0066104568541, -0.00261558708735, 0.00142780470196, -0.00229333853349, 0.00440845964476, -0.00483600748703, 0.00172265339643, -0.00438645528629, 0.00478070462123, -0.00464488193393], [0.000324631546391, -0.00370283122174, 0.00124851439614, -0.00261558708735, 0.00741642853245, -0.00305329472758, 0.00294354162179, -0.00414058286697, 0.00317697576247, -0.00441894913092, 0.00412314385176, -0.00398350413889, 0.00218345783651], [-0.000455936824437, 0.00338111817837, -0.00242705713026, 0.00142780470196, -0.00305329472758, 0.00995668303221, -0.00625538639724, 0.00289804209024, -0.00100678391755, 0.00258489162661, -0.00492397649214, 0.00381798110902, -0.00258718430996], [0.000373005052097, -0.00369465933181, 0.00237252190709, -0.00229333853349, 0.00294354162179, -0.00625538639724, 0.0110802352428, -0.0055853468366, 0.00345384515822, -0.00181840290315, 0.00213760393672, -0.00412298133597, 0.00394739443436], [-0.000676296593156, 0.00326047022827, -0.00251769577153, 0.00440845964476, -0.00414058286697, 0.00289804209024, -0.0055853468366, 0.0131196826696, -0.00497949076816, 0.000962304184213, -0.00321116182022, 0.00358986365609, -0.00174995558336], [0.000131519889692, -0.00394850410521, 0.00233429763466, -0.00483600748703, 0.00317697576247, -0.00100678391755, 0.00345384515822, -0.00497949076816, 0.0143315736204, -0.00515337474644, 0.00250464212149, -0.00170191726647, 0.00146885437425], [2.79655268969e-05, 0.00414425041527, -0.00354760535993, 0.00172265339643, -0.00441894913092, 0.00258489162661, -0.00181840290315, 0.000962304184213, -0.00515337474644, 0.0175193287432, -0.00642813788727, 0.000418549258029, 0.000865707872435], [0.00077922368655, -0.00571084814146, 0.0046461885795, -0.00438645528629, 0.00412314385176, -0.00492397649214, 0.00213760393672, -0.00321116182022, 0.00250464212149, -0.00642813788727, 0.0198252908885, -0.00865087565035, 0.00268322601914], [-0.000541070709005, 0.00574474269524, -0.00333979772404, 0.00478070462123, -0.00398350413889, 0.00381798110902, -0.00412298133597, 0.00358986365609, -0.00170191726647, 0.000418549258029, -0.00865087565035, 0.0196454618126, -0.00784174818546], [0.00154061347712, -0.00305728730746, 0.00223718350753, -0.00464488193393, 0.00218345783651, -0.00258718430996, 0.00394739443436, -0.00174995558336, 0.00146885437425, 0.000865707872435, 0.00268322601914, -0.00784174818546, 0.0168618299067]]
    },
    "melbands": {
        "max": [0.0111220180988, 0.0213556271046, 0.0132861798629, 0.0109395673499, 0.00851274933666, 0.00916240923107, 0.00847979914397, 0.00969480816275, 0.00967178866267, 0.0079960776493, 0.00211046519689, 0.00963317602873, 0.0036593535915, 0.000639565929305, 0.00164251110982, 0.00163989909925, 0.00116792123299, 0.00205799099058, 0.00141962605994, 0.00123580812942, 0.000795853266027, 0.000340165919624, 0.000295482430374, 0.000250841432717, 0.000432192144217, 0.000336115801474, 0.00013474804291, 0.00014025841665, 0.000149894345668, 0.000255904975347, 0.000225135183427, 0.000158887545695, 0.000209839854506, 0.000253162987065, 0.000229138488066, 0.000262290908722, 0.000195034823264, 3.78421827918e-05, 3.62039245374e-05, 3.60642370651e-05],
        "mean": [0.000617528625298, 0.00146392872557, 0.00169740116689, 0.000853396137245, 0.000527304247953, 0.000631806557067, 0.000317554979119, 0.000412604567828, 0.000410162989283, 0.000272833480267, 0.000167846388649, 0.000230065110372, 0.000117169533041, 5.61712658964e-05, 6.02747932135e-05, 7.31634936528e-05, 3.6173958506e-05, 4.54950786661e-05, 4.40581497969e-05, 3.44268737535e-05, 2.9639359127e-05, 1.79715443664e-05, 1.8190830815e-05, 1.12020379675e-05, 1.10182218123e-05, 1.1817426639e-05, 7.30000783733e-06, 4.50811194241e-06, 3.60006629307e-06, 4.19445223088e-06, 4.50386141893e-06, 3.87057480111e-06, 3.43001192959e-06, 3.41043300978e-06, 3.35975755661e-06, 2.67758036898e-06, 1.71472015609e-06, 1.08241908947e-06, 7.60081547924e-07, 6.17884097665e-07],
        "min": [2.16589448598e-08, 1.02340415253e-07, 1.42237468026e-07, 1.14715845712e-07, 1.24898542708e-06, 2.41707903115e-06, 1.31952867832e-06, 1.25015094454e-06, 6.56904717289e-07, 5.5520257547e-07, 1.22550886772e-06, 1.45061471812e-06, 9.60795091487e-07, 3.02123709162e-07, 3.10368790224e-07, 2.1129869765e-07, 2.48142384862e-07, 2.54764216834e-07, 2.51819813002e-07, 1.48417939272e-07, 2.44325462972e-07, 3.01647929746e-07, 1.14637501269e-07, 1.11481611498e-07, 1.41160711564e-07, 6.41362376541e-08, 5.8771480127e-08, 4.19477963476e-08, 2.27771579375e-08, 2.47155789168e-08, 1.6299997796e-08, 1.17266543143e-08, 9.78510339422e-09, 6.72647759714e-09, 5.55749624098e-09, 4.31171764959e-09, 3.219624789e-09, 2.93279045493e-09, 1.72358827211e-09, 1.69460334654e-09],
        "stdev": [0.000999560579658, 0.00137921317946, 0.00155968451872, 0.000843711895868, 0.000730585888959, 0.000977579737082, 0.000523339491338, 0.000690759683494, 0.000929872156121, 0.000562491477467, 0.000272360513918, 0.000518931425177, 0.000235816944041, 7.29280800442e-05, 0.000118661031593, 0.000149852538016, 7.3335810157e-05, 9.02126266737e-05, 9.24971318454e-05, 7.48404709157e-05, 5.68616706005e-05, 3.00639385387e-05, 2.52268673648e-05, 1.61834814207e-05, 1.94946424017e-05, 2.22119033424e-05, 1.19621408885e-05, 7.59356771596e-06, 8.41857763589e-06, 1.33306621137e-05, 1.42107937791e-05, 1.21315633805e-05, 1.2671789591e-05, 1.29903337438e-05, 1.28799447339e-05, 1.32976138048e-05, 7.7336526374e-06, 3.0815615446e-06, 2.19730895878e-06, 1.96275937014e-06]
    },
    "melbands128": {
        "max": [0.00112050480675, 0.00369236269034, 0.0166416149586, 0.0238068196923, 0.0200817231089, 0.0272220745683, 0.0183290801942, 0.0202626567334, 0.0168873835355, 0.0175682287663, 0.0188898891211, 0.0125527400523, 0.00811687670648, 0.025936326012, 0.016481962055, 0.0134899485856, 0.0202421825379, 0.0110799428076, 0.00780028663576, 0.0101290503517, 0.0213133040816, 0.0130188362673, 0.0188406240195, 0.0113284094259, 0.0108987074345, 0.0104639157653, 0.00364487804472, 0.00361667084508, 0.00448282714933, 0.0115543790162, 0.0152281830087, 0.0108580943197, 0.00437353551388, 0.00293635413982, 0.00131316657644, 0.000719013100024, 0.00104345695581, 0.00242606690153, 0.00484762480482, 0.00366749963723, 0.00235032336786, 0.0017368447734, 0.00203482899815, 0.00116682378575, 0.00148368359078, 0.0025422712788, 0.00458989851177, 0.00278370617889, 0.00157490116544, 0.00150207499973, 0.00193124590442, 0.00103984819725, 0.00140250194818, 0.00124543928541, 0.0008467201842, 0.00045565853361, 0.000581665430218, 0.000518842600286, 0.000327950285282, 0.000506596290506, 0.000308592250803, 0.000439371244283, 0.000360070174793, 0.000639045319986, 0.000514061423019, 0.000600736530032, 0.000379482662538, 0.000233546321397, 0.000125069200294, 0.000149651750689, 0.000247796531767, 0.000134756715852, 0.000173916312633, 0.000187870522495, 0.000140798045322, 0.000348688656231, 0.00035031652078, 0.000276132515864, 0.000236695894273, 0.000278821622487, 0.000229457116802, 0.000158696202561, 0.000190973150893, 0.000264472881099, 0.000175505556399, 0.000452650769148, 0.000274612481007, 0.000264654896455, 0.000318798120134, 0.00024216005113, 0.00033915496897, 0.000288900948362, 0.000364404346328, 0.000243191825575, 6.47934139124e-05, 4.87087854708e-05, 5.70759293623e-05, 3.79323100788e-05, 4.0624938265e-05, 3.96579307562e-05, 3.85718485632e-05, 4.87644756504e-05, 5.00200440001e-05, 3.3041153074e-05, 1.19964879559e-05, 9.68648782873e-06, 1.63593686011e-05, 4.06754625146e-05, 2.77772160189e-05, 9.81452558335e-06, 9.61795649346e-06, 9.16574208532e-06, 4.3679187911e-06, 6.3870552367e-06, 4.93990319228e-06, 1.56314581545e-06, 3.04329688561e-07, 3.74466289088e-08, 3.7355476934e-08, 3.62143097732e-08, 3.50794131521e-08, 3.40778818497e-08, 3.31916112373e-08, 3.24651736605e-08, 3.18799813215e-08, 3.13825658793e-08, 3.10506571566e-08, 3.08446459485e-08],
        "mean": [2.33208647842e-05, 0.000219945679419, 0.000942544196732, 0.00123930594418, 0.0014191911323, 0.00166140322108, 0.00180855486542, 0.00194968748838, 0.00120972713921, 0.000830281816889, 0.000586756970733, 0.000439373892732, 0.000426205748226, 0.000718235038221, 0.000856665836181, 0.000462345517008, 0.000277439743513, 0.000342836079653, 0.000295097794151, 0.000355271185981, 0.000546090537682, 0.000364227977116, 0.000522802292835, 0.000228047385463, 0.000334192998707, 0.000294134864816, 0.000106003761175, 0.000194676176761, 0.000138068207889, 0.000269273936283, 0.000277517247014, 0.000126947561512, 0.000104139049654, 0.000123496865854, 5.55563892704e-05, 3.89836568502e-05, 4.8135403631e-05, 3.48175053659e-05, 9.62369304034e-05, 9.4208313385e-05, 7.11194588803e-05, 3.31440751324e-05, 3.52505012415e-05, 4.23231394961e-05, 2.40290955844e-05, 4.56395209767e-05, 7.44047647459e-05, 4.39095201727e-05, 3.03821198031e-05, 3.41358172591e-05, 3.55812626367e-05, 3.69705230696e-05, 2.55065278907e-05, 3.17510457535e-05, 2.75744168903e-05, 1.30582720885e-05, 1.12095467557e-05, 2.18036420847e-05, 1.84345590242e-05, 1.73775497387e-05, 8.02375416242e-06, 9.54841198109e-06, 1.12389197966e-05, 1.138441894e-05, 1.11404269774e-05, 1.13605847218e-05, 1.39735202538e-05, 8.20327022666e-06, 5.69490202906e-06, 5.66331800655e-06, 4.39607265434e-06, 4.40614940089e-06, 3.55386737283e-06, 3.54874009645e-06, 3.08325320475e-06, 4.35744414062e-06, 4.63561309516e-06, 4.35908214058e-06, 4.58516115032e-06, 4.57591704617e-06, 3.92479751099e-06, 3.65281971426e-06, 3.48475555256e-06, 3.37224628311e-06, 3.43791134583e-06, 3.37868937095e-06, 3.46228443959e-06, 3.32994841301e-06, 3.55157817467e-06, 3.22998539559e-06, 2.78650259133e-06, 2.61728041551e-06, 2.36371010942e-06, 1.66307427207e-06, 1.38430948482e-06, 1.18772277347e-06, 1.05460310351e-06, 8.49806610859e-07, 7.88359727721e-07, 6.59407305648e-07, 7.26667451545e-07, 5.90662978084e-07, 5.435319963e-07, 4.53767313502e-07, 3.56047110017e-07, 4.26709789281e-07, 4.76202103528e-07, 6.08978325545e-07, 5.21771312378e-07, 3.96689330273e-07, 3.22836626765e-07, 2.6679271059e-07, 1.88514761135e-07, 1.61243619345e-07, 8.21800725248e-08, 2.14162643175e-08, 4.71982986028e-09, 3.55232683547e-11, 3.45388752321e-11, 2.75026459939e-11, 2.33472546851e-11, 2.12059970278e-11, 2.06475062742e-11, 2.02115858772e-11, 1.98356314013e-11, 1.94874168885e-11, 1.92590474818e-11, 1.91313614256e-11],
        "min": [2.33755237389e-09, 4.49975701144e-09, 1.68422751301e-08, 1.08354258899e-08, 2.73497455794e-08, 2.21206986062e-09, 7.91250016619e-08, 8.70333138892e-08, 3.15095114445e-08, 3.83124998393e-08, 6.11870945022e-08, 3.83335745369e-08, 4.01119351068e-08, 6.8865654157e-07, 5.06344804307e-07, 6.85941529355e-07, 9.34411048092e-07, 5.23190465174e-07, 1.03980096355e-06, 5.40681696748e-07, 3.78857009764e-07, 9.51583132291e-08, 3.14113748345e-08, 2.20333447487e-07, 4.2342588813e-07, 1.49116957004e-07, 1.49195230392e-07, 6.99807714e-08, 5.17978264725e-07, 3.18476196526e-07, 1.9167919163e-07, 9.26298895365e-08, 3.48912649883e-08, 3.235940369e-07, 1.7842960176e-07, 4.63518361471e-08, 1.01301971256e-07, 7.30934317517e-08, 1.13431305238e-07, 2.08514464362e-07, 4.28159907528e-08, 8.26339672244e-08, 1.35675676916e-07, 1.64610867159e-07, 6.56434409052e-08, 1.59691609269e-07, 2.88337929533e-07, 3.76963065207e-08, 6.16075510607e-08, 5.47614007473e-08, 1.56739702106e-07, 6.45214655037e-08, 4.77844537272e-08, 8.28577242373e-08, 4.50494255233e-08, 3.77546172103e-08, 2.49305571742e-08, 3.43360575528e-08, 9.27537442408e-08, 5.41801981058e-08, 1.22734862273e-08, 3.70388142379e-09, 3.12424859317e-08, 2.11359481028e-08, 9.6155501339e-09, 2.06656718404e-08, 1.53719312834e-08, 1.96036005207e-08, 2.83797501055e-08, 2.6735051506e-08, 2.08730188689e-08, 1.09868620868e-08, 1.23495267346e-08, 7.44861949897e-09, 9.86366632816e-09, 1.30951027799e-08, 1.12818625553e-08, 8.16370260281e-09, 1.01830064381e-08, 8.56726156684e-09, 9.02257468738e-09, 9.59987822569e-09, 7.35386107564e-09, 4.84258322331e-09, 6.2762266495e-09, 4.64487515117e-09, 5.41086464523e-09, 4.27402024883e-09, 5.11772713097e-09, 4.96742691425e-09, 4.24109281028e-09, 3.30050653474e-09, 3.14690762337e-09, 1.92001747834e-09, 2.49225307059e-09, 1.35628941411e-09, 2.21921414578e-09, 9.45293399113e-10, 1.72318226355e-09, 1.92006344157e-09, 1.90472793093e-09, 2.3454993503e-10, 4.20141949009e-10, 2.00439692621e-10, 1.23207866132e-09, 8.1520146189e-10, 5.11993003549e-10, 2.07051625845e-10, 1.21291149867e-12, 1.07294826236e-12, 1.20812363477e-13, 2.06271116724e-13, 2.56531097363e-13, 6.99663783399e-14, 5.6203275405e-14, 9.20607923119e-14, 9.77454404851e-14, 9.58756186421e-14, 7.28632784533e-14, 8.39071515176e-14, 7.08363895969e-14, 7.84111206411e-14, 7.45005457065e-14, 7.42143366618e-14, 4.76175935976e-14, 2.08611882109e-14, 2.78555636199e-15, 1.09182447639e-16],
        "stdev": [3.999785622e-05, 0.000397039606469, 0.00168865651358, 0.0018456375692, 0.0015678035561, 0.00170813011937, 0.00196901592426, 0.00239331671037, 0.00148513668682, 0.00111910759006, 0.00104700459633, 0.000806482334156, 0.000712148204912, 0.00175639730878, 0.00143901794218, 0.000917827012017, 0.000780017697252, 0.000705676560756, 0.000601181294769, 0.000797880871687, 0.00119087379426, 0.00082173460396, 0.00171905907337, 0.000625752029009, 0.000787349650636, 0.000763758551329, 0.000262991408817, 0.000424844911322, 0.000341900857165, 0.000635625969153, 0.000857989827637, 0.000461453513708, 0.000284262583591, 0.000248183205258, 9.49352761381e-05, 7.22234399291e-05, 0.000103405145637, 0.000125591628603, 0.000250363518717, 0.000228041069931, 0.000195434011403, 0.000117203002446, 0.000103849619336, 8.77000056789e-05, 7.29944440536e-05, 0.000117279865663, 0.000188362915651, 0.000151460626512, 8.45137838041e-05, 9.22976978472e-05, 9.60491597652e-05, 8.23541704449e-05, 7.29046951164e-05, 8.48549389048e-05, 5.85174457228e-05, 3.09881688736e-05, 2.77426752291e-05, 3.46092201653e-05, 3.50531954609e-05, 3.55502488674e-05, 1.52127104229e-05, 1.94635522348e-05, 2.09299159906e-05, 2.7231835702e-05, 2.67972318397e-05, 3.20469735016e-05, 2.94376422971e-05, 1.64078210219e-05, 1.13323576443e-05, 1.00593770185e-05, 1.01140713014e-05, 8.46950661071e-06, 8.63600507728e-06, 1.02085714389e-05, 8.95133689482e-06, 1.45725207403e-05, 1.63776167028e-05, 1.66251720657e-05, 1.45164631249e-05, 1.50212599692e-05, 1.28452265926e-05, 1.21325001601e-05, 1.34452411658e-05, 1.40826241477e-05, 1.20799668366e-05, 1.58002294484e-05, 1.37490678753e-05, 1.34459169203e-05, 1.46982101796e-05, 1.2888925994e-05, 1.47306291183e-05, 1.50210053107e-05, 1.38152126965e-05, 8.62640899868e-06, 4.45574505648e-06, 3.53824589183e-06, 3.27282805301e-06, 2.50693665294e-06, 2.35345419242e-06, 2.06488448384e-06, 2.26360248234e-06, 2.13871794585e-06, 1.84122336577e-06, 1.60397348736e-06, 8.79004062426e-07, 9.37753554808e-07, 1.30527803321e-06, 2.09784957406e-06, 1.53035489348e-06, 9.41711277846e-07, 8.13584222215e-07, 6.88063494181e-07, 4.6521557806e-07, 5.47557135633e-07, 3.15340628276e-07, 7.77530146934e-08, 1.78454175881e-08, 8.18737744268e-10, 8.27185486774e-10, 7.93570875679e-10, 7.67007513058e-10, 7.43990591356e-10, 7.24654614093e-10, 7.08804070992e-10, 6.9603367514e-10, 6.85178025428e-10, 6.77923051029e-10, 6.73426481246e-10]
    },
    "mfcc": {
        "mean": [-623.924804688, 127.325080872, 3.59512352943, 18.4887676239, 1.30227780342, 2.46115040779, -6.92881679535, 3.84412813187, -2.33634209633, 1.09725379944, -3.94343781471, -5.71225643158, -3.69287824631],
        "cov": [[1690.12182617, -629.361022949, -132.193374634, -75.0827026367, -148.937011719, -1.21747231483, -56.5325164795, 76.1625900269, -82.2959671021, 64.2105865479, 45.5834655762, -49.4706726074, -66.8629150391], [-629.361022949, 898.907226562, -43.4602241516, -1.00235033035, 85.4342956543, -60.6364059448, 73.4829406738, 18.0993804932, 25.8667926788, 37.0585098267, 47.6409797668, -3.10025644302, 5.01747131348], [-132.193374634, -43.4602241516, 569.573974609, 138.083251953, 132.556213379, 94.0319824219, 9.09611701965, -34.6706466675, 76.2162628174, 21.9182167053, 4.75610685349, 19.5366363525, 16.960931778], [-75.0827026367, -1.00235033035, 138.083251953, 269.603973389, 128.579879761, 39.5555229187, -54.8901748657, -50.9502716064, 44.5663375854, 27.0551204681, -14.5347480774, 4.35080623627, 54.3715438843], [-148.937011719, 85.4342956543, 132.556213379, 128.579879761, 279.140014648, 43.8379402161, -13.7734632492, -41.5868644714, 45.6282920837, 44.9317817688, -9.23939609528, -3.07407450676, 44.2132530212], [-1.21747231483, -60.6364059448, 94.0319824219, 39.5555229187, 43.8379402161, 184.631439209, 55.2402114868, 5.34038972855, 8.41204738617, 8.42063713074, 6.14698457718, 19.8239803314, -1.83662331104], [-56.5325164795, 73.4829406738, 9.09611701965, -54.8901748657, -13.7734632492, 55.2402114868, 222.970001221, 74.4461669922, 14.266658783, 11.941321373, 40.8002586365, 32.8172912598, -17.6589984894], [76.1625900269, 18.0993804932, -34.6706466675, -50.9502716064, -41.5868644714, 5.34038972855, 74.4461669922, 119.606002808, 13.5328741074, 8.12238693237, 32.546661377, 14.0661058426, -17.7021541595], [-82.2959671021, 25.8667926788, 76.2162628174, 44.5663375854, 45.6282920837, 8.41204738617, 14.266658783, 13.5328741074, 103.378143311, 31.6200523376, 2.89589476585, 10.0759620667, 5.38778829575], [64.2105865479, 37.0585098267, 21.9182167053, 27.0551204681, 44.9317817688, 8.42063713074, 11.941321373, 8.12238693237, 31.6200523376, 103.818344116, 39.9725723267, 1.4033370018, -3.37490129471], [45.5834655762, 47.6409797668, 4.75610685349, -14.5347480774, -9.23939609528, 6.14698457718, 40.8002586365, 32.546661377, 2.89589476585, 39.9725723267, 102.827758789, 40.7530479431, -9.80689716339], [-49.4706726074, -3.10025644302, 19.5366363525, 4.35080623627, -3.07407450676, 19.8239803314, 32.8172912598, 14.0661058426, 10.0759620667, 1.4033370018, 40.7530479431, 98.8991699219, 24.7498130798], [-66.8629150391, 5.01747131348, 16.960931778, 54.3715438843, 44.2132530212, -1.83662331104, -17.6589984894, -17.7021541595, 5.38778829575, -3.37490129471, -9.80689716339, 24.7498130798, 92.8252334595]],
        "icov": [[0.00108226202428, 0.000795727944933, 0.000123404970509, -7.91085840319e-05, 0.000164190365467, 8.23938898975e-05, 0.000287106551696, -0.00084735348355, 0.00085898215184, -0.00105445925146, -0.000547621923033, 0.000647776876576, 0.00025802545133], [0.000795727944933, 0.0018911564257, 0.000257897598203, -5.67144343222e-05, -0.000453529122751, 0.000708231411409, -0.000395463837776, -0.000466901925392, 0.000409368891269, -0.000700751144905, -0.00108224235009, 0.000830122153275, 0.000137894152431], [0.000123404970509, 0.000257897598203, 0.00242283265106, -0.000670295092277, -0.00059332465753, -0.00077172217425, -0.000147782178828, 0.000563161622267, -0.0013304563472, 0.000437821465312, -0.000604011816904, 4.0756085582e-06, 0.000399730837671], [-7.91085840319e-05, -5.67144343222e-05, -0.000670295092277, 0.00608913786709, -0.00142414378934, -0.000993915367872, 0.00123598391656, 0.00107151712291, -0.00151241233107, -0.000527773809154, 9.79605283646e-06, 0.000167504113051, -0.00237499154173], [0.000164190365467, -0.000453529122751, -0.00059332465753, -0.00142414378934, 0.00576399685815, -0.000906740664504, -9.22959152376e-05, 0.00100042799022, -0.00067970098462, -0.00201850058511, 0.000593308417592, 0.000771273334976, -0.00168166542426], [8.23938898975e-05, 0.000708231411409, -0.00077172217425, -0.000993915367872, -0.000906740664504, 0.00718899955973, -0.00213888823055, -5.78946928727e-05, 0.00113408034667, -0.000319414190017, 0.000533557904419, -0.001117107342, 0.00117722223513], [0.000287106551696, -0.000395463837776, -0.000147782178828, 0.00123598391656, -9.22959152376e-05, -0.00213888823055, 0.00705909263343, -0.00353714288212, -0.000205275733606, -0.000271165219601, -0.000746559991967, -0.00107808678877, 0.000411858316511], [-0.00084735348355, -0.000466901925392, 0.000563161622267, 0.00107151712291, 0.00100042799022, -5.78946928727e-05, -0.00353714288212, 0.0130690345541, -0.00338940438814, 0.00116232049186, -0.00228865724057, 2.87607454084e-05, 1.56334863277e-05], [0.00085898215184, 0.000409368891269, -0.0013304563472, -0.00151241233107, -0.00067970098462, 0.00113408034667, -0.000205275733606, -0.00338940438814, 0.0140229957178, -0.0046680229716, 0.00244627450593, -0.00156688236166, 0.0010789235821], [-0.00105445925146, -0.000700751144905, 0.000437821465312, -0.000527773809154, -0.00201850058511, -0.000319414190017, -0.000271165219601, 0.00116232049186, -0.0046680229716, 0.0152657376602, -0.00635390775278, 0.00213594804518, 0.000217838925892], [-0.000547621923033, -0.00108224235009, -0.000604011816904, 9.79605283646e-06, 0.000593308417592, 0.000533557904419, -0.000746559991967, -0.00228865724057, 0.00244627450593, -0.00635390775278, 0.0171472933143, -0.00752019323409, 0.00236183591187], [0.000647776876576, 0.000830122153275, 4.0756085582e-06, 0.000167504113051, 0.000771273334976, -0.001117107342, -0.00107808678877, 2.87607454084e-05, -0.00156688236166, 0.00213594804518, -0.00752019323409, 0.0155432373285, -0.00503636524081], [0.00025802545133, 0.000137894152431, 0.000399730837671, -0.00237499154173, -0.00168166542426, 0.00117722223513, 0.000411858316511, 1.56334863277e-05, 0.0010789235821, 0.000217838925892, 0.00236183591187, -0.00503636524081, 0.0147127015516]]
    },
    "spectral_contrast_coeffs": {
        "max": [-0.356041073799, -0.474510729313, -0.507722020149, -0.600015342236, -0.606297433376, -0.580875635147],
        "mean": [-0.682810604572, -0.727008283138, -0.732030332088, -0.763462781906, -0.771832346916, -0.763961553574],
        "min": [-0.913868606091, -0.950133800507, -0.898034691811, -0.937148869038, -0.881809175014, -0.882761240005],
        "stdev": [0.0679317489266, 0.0666071549058, 0.0624333806336, 0.0490662306547, 0.0424788109958, 0.0432464592159]
    },
    "spectral_contrast_valleys": {
        "max": [-5.16722393036, -4.96021461487, -5.73829603195, -5.91476821899, -6.10848331451, -7.75613212585],
        "mean": [-6.44176864624, -6.39235448837, -7.33569669724, -7.56047964096, -7.64840936661, -10.0696153641],
        "min": [-10.6223802567, -8.59096050262, -9.12737751007, -9.31801986694, -9.35066795349, -12.2603216171],
        "stdev": [0.665376782417, 0.536483228207, 0.579971313477, 0.502155423164, 0.538887023926, 0.680313825607]
    }
},
"rhythm": {
    "beats_count": 95,
    "beats_loudness": {
        "max": 0.0747307017446,
        "mean": 0.0329581536353,
        "min": 0.00763034261763,
        "stdev": 0.013629318215
    },
    "bpm": 117.920005798,
    "bpm_histogram_first_peak_bpm": 117,
    "bpm_histogram_first_peak_weight": 0.191489338875,
    "bpm_histogram_second_peak_bpm": 0,
    "bpm_histogram_second_peak_spread": 0,
    "bpm_histogram_second_peak_weight": 0,
    "danceability": 0.951354026794,
    "onset_rate": 3.2607421875,
    "beats_loudness_band_ratio": {
        "max": [0.907408893108, 0.575112164021, 0.604042768478, 0.485346764326, 0.52613222599, 0.649097323418],
        "mean": [0.475305855274, 0.180777773261, 0.167632088065, 0.108080916107, 0.0678401440382, 0.0560688227415],
        "min": [0.00593917770311, 0.0132290180773, 0.00804561190307, 0.00648714229465, 0.00521786510944, 0.00202888180502],
        "stdev": [0.22865639627, 0.127798289061, 0.132032588124, 0.117272764444, 0.0746847838163, 0.0843415036798]
    },
