{
"metadata": {
    "version": {
        "essentia": "2.1-beta5",
        "essentia_git_sha": "Undefined",
        "extractor": "music 2.0"
    },
    "audio_properties": {
        "analysis": {
            "equal_loudness": 0,
            "length": 52.2448997498,
            "sample_rate": 44100,
            "start_time": 110.248344421,
            "downmix": "mix"
        },
        "bit_rate": 192000,
        "length": 215.295425415,
        "lossless": 0,
        "number_channels": 2,
        "replay_gain": -10.1392784119,
        "sample_rate": 44100,
        "codec": "mp3",
        "md5_encoded": "4b6bbd1fdfd0e6895a7f870bedf7fc8f"
    },
    "tags": {
        "file_name": "Romania_Eu Cred_Malina Olinescu.mp3",
        "encoding": ["Lavf58.29.100"]
    }
},
"lowlevel": {
    "average_loudness": 0.96051877737,
    "barkbands_crest": {
        "max": 22.0926952362,
        "mean": 8.51257801056,
        "min": 2.7899324894,
        "stdev": 3.38610601425
    },
    "barkbands_flatness_db": {
        "max": 0.30597820878,
        "mean": 0.145066142082,
        "min": 0.0569893270731,
        "stdev": 0.0390540994704
    },
    "barkbands_kurtosis": {
        "max": 34.2081794739,
        "mean": 1.79838168621,
        "min": -1.83938729763,
        "stdev": 3.77648139
    },
    "barkbands_skewness": {
        "max": 4.56986141205,
        "mean": 0.897310912609,
        "min": -1.96298837662,
        "stdev": 1.03317797184
    },
    "barkbands_spread": {
        "max": 82.9333267212,
        "mean": 21.5406188965,
        "min": 1.80416464806,
        "stdev": 11.4429855347
    },
    "dissonance": {
        "max": 0.499894231558,
        "mean": 0.46302190423,
        "min": 0.34678208828,
        "stdev": 0.0231194980443
    },
    "dynamic_complexity": 1.7570836544,
    "erbbands_crest": {
        "max": 26.551651001,
        "mean": 9.49557113647,
        "min": 2.68170452118,
        "stdev": 4.0848236084
    },
    "erbbands_flatness_db": {
        "max": 0.297552704811,
        "mean": 0.19024951756,
        "min": 0.0764820128679,
        "stdev": 0.0382237248123
    },
    "erbbands_kurtosis": {
        "max": 11.6917057037,
        "mean": 0.195994615555,
        "min": -1.76564478874,
        "stdev": 1.23156344891
    },
    "erbbands_skewness": {
        "max": 2.45316147804,
        "mean": 0.202917650342,
        "min": -2.45938825607,
        "stdev": 0.690403282642
    },
    "erbbands_spread": {
        "max": 109.375190735,
        "mean": 30.9363689423,
        "min": 7.83775281906,
        "stdev": 14.0974435806
    },
    "hfc": {
        "max": 114.327217102,
        "mean": 22.5683097839,
        "min": 1.79071652889,
        "stdev": 16.0459480286
    },
    "loudness_ebu128": {
        "integrated": -13.5496196747,
        "loudness_range": 2.20279884338,
        "momentary": {
            "max": -10.3247356415,
            "mean": -13.7588329315,
            "min": -18.0643177032,
            "stdev": 1.37366437912
        },
        "short_term": {
            "max": -12.0495100021,
            "mean": -13.593747139,
            "min": -15.6857376099,
            "stdev": 0.794690847397
        }
    },
    "melbands_crest": {
        "max": 27.7810077667,
        "mean": 11.2669324875,
        "min": 3.0867254734,
        "stdev": 4.00133609772
    },
    "melbands_flatness_db": {
        "max": 0.392974644899,
        "mean": 0.176943555474,
        "min": 0.0290603265166,
        "stdev": 0.0567607916892
    },
    "melbands_kurtosis": {
        "max": 53.4766769409,
        "mean": 5.63568115234,
        "min": -1.69601273537,
        "stdev": 7.59649944305
    },
    "melbands_skewness": {
        "max": 6.53590106964,
        "mean": 1.67069172859,
        "min": -1.07867276669,
        "stdev": 1.18216526508
    },
    "melbands_spread": {
        "max": 171.537719727,
        "mean": 30.8288574219,
        "min": 2.09125709534,
        "stdev": 20.5890808105
    },
    "pitch_salience": {
        "max": 0.850316345692,
        "mean": 0.573980629444,
        "min": 0.284930258989,
        "stdev": 0.0846119746566
    },
    "silence_rate_20dB": {
        "max": 1,
        "mean": 1,
        "min": 1,
        "stdev": 0
    },
    "silence_rate_30dB": {
        "max": 1,
        "mean": 1,
        "min": 1,
        "stdev": 0
    },
    "silence_rate_60dB": {
        "max": 1,
        "mean": 0.000444247009,
        "min": 0,
        "stdev": 0.0210722871125
    },
    "spectral_centroid": {
        "max": 4440.46923828,
        "mean": 1513.44006348,
        "min": 287.245910645,
        "stdev": 705.669799805
    },
    "spectral_complexity": {
        "max": 42,
        "mean": 20.0621948242,
        "min": 6,
        "stdev": 5.46493864059
    },
    "spectral_decrease": {
        "max": -5.80343550993e-10,
        "mean": -5.43153610977e-09,
        "min": -1.90167099845e-08,
        "stdev": 2.63288968405e-09
    },
    "spectral_energy": {
        "max": 0.0766785740852,
        "mean": 0.0225469470024,
        "min": 0.00271696434356,
        "stdev": 0.0107292579487
    },
    "spectral_energyband_high": {
        "max": 0.0161249488592,
        "mean": 0.000766425218899,
        "min": 2.44027478402e-06,
        "stdev": 0.00136692111846
    },
    "spectral_energyband_low": {
        "max": 0.0402925722301,
        "mean": 0.00338339316659,
        "min": 1.04479995571e-05,
        "stdev": 0.0036920926068
    },
    "spectral_energyband_middle_high": {
        "max": 0.055911898613,
        "mean": 0.00812429282814,
        "min": 0.000328193767928,
        "stdev": 0.00788836739957
    },
    "spectral_energyband_middle_low": {
        "max": 0.064764328301,
        "mean": 0.010988984257,
        "min": 0.000566079921555,
        "stdev": 0.00853361748159
    },
    "spectral_entropy": {
        "max": 8.493309021,
        "mean": 7.3679265976,
        "min": 5.99655103683,
        "stdev": 0.365654438734
    },
    "spectral_flux": {
        "max": 0.215863093734,
        "mean": 0.075662471354,
        "min": 0.0228790324181,
        "stdev": 0.0322674661875
    },
    "spectral_kurtosis": {
        "max": 27.7806224823,
        "mean": 5.25879859924,
        "min": -0.749447584152,
        "stdev": 3.2436170578
    },
    "spectral_rms": {
        "max": 0.00864918250591,
        "mean": 0.00456041144207,
        "min": 0.00162809609901,
        "stdev": 0.00109528715257
    },
    "spectral_rolloff": {
        "max": 9151.61132812,
        "mean": 1784.27050781,
        "min": 172.265625,
        "stdev": 1287.47558594
    },
    "spectral_skewness": {
        "max": 3.8148291111,
        "mean": 1.48449110985,
        "min": -0.0780292749405,
        "stdev": 0.471389263868
    },
    "spectral_spread": {
        "max": 20218556,
        "mean": 3508323.75,
        "min": 1612454.375,
        "stdev": 1256659.5
    },
    "spectral_strongpeak": {
        "max": 11.7564764023,
        "mean": 1.74591374397,
        "min": 0,
        "stdev": 1.78885424137
    },
    "zerocrossingrate": {
        "max": 0.26220703125,
        "mean": 0.062598913908,
        "min": 0.01171875,
        "stdev": 0.031574562192
    },
    "barkbands": {
        "max": [0.00249105109833, 0.0207840800285, 0.0186644215137, 0.0124553171918, 0.0377086736262, 0.0416372418404, 0.0326691940427, 0.0409278385341, 0.0533002056181, 0.0297329388559, 0.0323837324977, 0.0306172482669, 0.0270579196513, 0.0233053397387, 0.0174307543784, 0.0130631579086, 0.00843362882733, 0.00689988397062, 0.0131350662559, 0.0049355761148, 0.00418716017157, 0.00484179425985, 0.0080355219543, 0.00353632098995, 0.00197502714582, 0.000259047577856, 1.06930792754e-05],
        "mean": [6.71091547702e-05, 0.00116044003516, 0.00164500868414, 0.00109468516894, 0.00329107651487, 0.0021630639676, 0.00150670821313, 0.00155111309141, 0.00106617726851, 0.00134887348395, 0.000900771527085, 0.00086071412079, 0.00101535406429, 0.000951366731897, 0.0006878390559, 0.000540440378245, 0.000712353677955, 0.000486522709252, 0.000567609269638, 0.000410416745581, 0.000216934509808, 0.000103356389445, 9.93773719529e-05, 6.11692012171e-05, 2.95351273962e-05, 8.88635895535e-06, 5.66934810209e-09],
        "min": [8.14162692819e-09, 6.09992753198e-07, 5.07064953581e-07, 1.31811918891e-06, 2.15334075619e-05, 4.10476786783e-06, 1.58573311637e-05, 6.26592645858e-06, 1.04529490272e-05, 5.44119984625e-06, 7.36210949981e-06, 5.50740969629e-06, 5.82413895245e-06, 4.87689703732e-06, 8.91697254701e-06, 1.06957386379e-05, 3.58172883352e-06, 4.3150134843e-06, 6.05341938353e-06, 1.60229910762e-06, 5.09427025008e-07, 1.92782110275e-07, 1.75893092091e-07, 5.46576295335e-08, 6.06371974854e-09, 2.26908110357e-11, 1.71847727021e-11],
        "stdev": [0.00018972918042, 0.00184265628923, 0.00199249899015, 0.00142391619738, 0.00407096557319, 0.00352933234535, 0.00235040928237, 0.00262538460083, 0.00326747703366, 0.00281656859443, 0.0021669161506, 0.00220698793419, 0.00212436774746, 0.00202206941321, 0.00118220213335, 0.0011476703221, 0.000988373183645, 0.000780002796091, 0.000971439585555, 0.000592514232267, 0.000416248454712, 0.000342263170751, 0.000484079937451, 0.000191619445104, 8.95723569556e-05, 2.19173725782e-05, 2.25451557867e-07]
    },
    "erbbands": {
        "max": [0.623121619225, 6.01349782944, 21.1229782104, 29.0575294495, 55.8806114197, 192.975906372, 421.170043945, 432.897216797, 394.385955811, 1008.37115479, 751.535217285, 1426.04980469, 853.474975586, 1149.59753418, 1285.96362305, 1576.57348633, 1461.54846191, 1369.83679199, 1089.25622559, 853.149047852, 568.570861816, 469.55947876, 379.685180664, 748.214233398, 509.436737061, 272.537414551, 252.580062866, 163.565826416, 189.400314331, 213.352050781, 243.2681427, 74.4598083496, 72.3814697266, 30.3216896057, 9.66185188293, 2.36417651176, 0.420132607222, 0.0263398531824, 0.00152910128236, 0.000169133258169],
        "mean": [0.0244718473405, 0.30605173111, 1.709856987, 2.91686964035, 6.05720329285, 11.7412872314, 17.7054615021, 16.8805713654, 22.3381881714, 27.6003742218, 28.8077125549, 28.7058315277, 29.1011505127, 44.9936294556, 37.5292282104, 41.5764884949, 52.1657066345, 52.0222587585, 39.8365707397, 32.3958969116, 33.1052932739, 32.5288352966, 26.8819541931, 30.8985099792, 25.3894271851, 21.0629959106, 13.373916626, 5.71210193634, 3.83791708946, 3.04488039017, 2.80811166763, 1.66167962551, 0.85915851593, 0.4272800982, 0.148027643561, 0.060023907572, 0.0129030914977, 0.000435235415353, 2.75456422969e-05, 2.92029762932e-05],
        "min": [3.28864662151e-05, 0.000470884668175, 0.00326937669888, 0.0117915635929, 0.0724307969213, 0.055456854403, 0.0637396723032, 0.108452960849, 0.204603224993, 0.449973762035, 0.320087462664, 0.289544373751, 0.301083534956, 0.390472114086, 0.620824992657, 0.306628078222, 0.417828440666, 0.527160823345, 0.655180513859, 0.957149147987, 0.75916826725, 0.308805823326, 0.330712258816, 0.457493901253, 0.109321035445, 0.0974696725607, 0.0353148318827, 0.0167288053781, 0.00782345235348, 0.00568444933742, 0.00486925709993, 0.00183534331154, 0.000446461519459, 0.000135995695018, 2.78483657894e-05, 4.54379232906e-06, 1.9808851448e-06, 4.22225213015e-07, 2.48011519943e-06, 5.09011942995e-06],
        "stdev": [0.059785861522, 0.453992277384, 2.07403111458, 3.4133682251, 6.01279067993, 16.6970119476, 32.8758506775, 28.4088478088, 34.1701507568, 44.9672546387, 54.7510986328, 87.6746902466, 66.7765274048, 98.4003829956, 80.7151260376, 98.5701065063, 104.871887207, 108.908843994, 65.645866394, 56.2794647217, 50.8782691956, 43.8417625427, 37.9759025574, 49.0346031189, 51.2152137756, 30.1921253204, 23.8794174194, 10.315369606, 12.3690414429, 13.8394012451, 13.6601772308, 6.03062820435, 2.65038728714, 1.29564118385, 0.49831533432, 0.154471367598, 0.0327198877931, 0.00152915960643, 4.89666381327e-05, 1.4144281522e-05]
    },
    "gfcc": {
        "mean": [-0.716443240643, 113.564155579, -150.676361084, 36.0671310425, -61.4798088074, 7.17303180695, -42.4265136719, 5.77421283722, -27.2215194702, -2.00407457352, -10.3942613602, -10.2468929291, -5.56959438324],
        "cov": [[1491.74707031, -925.833190918, -69.7080993652, 82.5043182373, -88.0417327881, 253.478363037, 30.5115909576, 193.529067993, -156.314163208, 194.359954834, -113.107192993, 71.5989303589, -140.650817871], [-925.833190918, 1184.69665527, 37.4487342834, -42.5769042969, 161.852508545, -274.516235352, 75.2995529175, -137.313415527, 163.561325073, -186.738250732, 138.50541687, -137.219009399, 186.862442017], [-69.7080993652, 37.4487342834, 674.034118652, 9.66100597382, -138.507858276, 9.61086750031, -149.76625061, 5.11497926712, 36.0644569397, 16.7338924408, -103.64553833, 116.009605408, -38.2726898193], [82.5043182373, -42.5769042969, 9.66100597382, 248.770111084, 29.7183532715, 11.7027206421, 39.5935211182, 1.25979936123, 32.0147018433, -7.66784620285, 16.4664611816, -30.8484592438, 9.85841560364], [-88.0417327881, 161.852508545, -138.507858276, 29.7183532715, 243.129699707, 15.2884683609, 88.1354827881, 14.8990345001, -18.0654354095, 3.26355314255, 41.7120742798, -47.0984573364, -1.86518621445], [253.478363037, -274.516235352, 9.61086750031, 11.7027206421, 15.2884683609, 247.124862671, 40.5778274536, 41.8890419006, -27.894733429, 43.7391777039, -27.3034896851, 27.4532661438, -58.9696655273], [30.5115909576, 75.2995529175, -149.76625061, 39.5935211182, 88.1354827881, 40.5778274536, 167.754272461, 16.9444141388, -2.59602642059, 0.172940462828, 32.7692184448, -43.4986877441, 10.4768180847], [193.529067993, -137.313415527, 5.11497926712, 1.25979936123, 14.8990345001, 41.8890419006, 16.9444141388, 127.666915894, -5.4600815773, 36.086681366, -15.2694005966, 2.50995326042, -15.4624128342], [-156.314163208, 163.561325073, 36.0644569397, 32.0147018433, -18.0654354095, -27.894733429, -2.59602642059, -5.4600815773, 124.197624207, -17.656036377, 18.9616794586, -7.42918491364, 28.7896652222], [194.359954834, -186.738250732, 16.7338924408, -7.66784620285, 3.26355314255, 43.7391777039, 0.172940462828, 36.086681366, -17.656036377, 111.758918762, -7.72615289688, 38.9203453064, -49.9105567932], [-113.107192993, 138.50541687, -103.64553833, 16.4664611816, 41.7120742798, -27.3034896851, 32.7692184448, -15.2694005966, 18.9616794586, -7.72615289688, 120.781600952, -28.8318729401, 40.9888305664], [71.5989303589, -137.219009399, 116.009605408, -30.8484592438, -47.0984573364, 27.4532661438, -43.4986877441, 2.50995326042, -7.42918491364, 38.9203453064, -28.8318729401, 126.97543335, -24.8919887543], [-140.650817871, 186.862442017, -38.2726898193, 9.85841560364, -1.86518621445, -58.9696655273, 10.4768180847, -15.4624128342, 28.7896652222, -49.9105567932, 40.9888305664, -24.8919887543, 109.757759094]],
        "icov": [[0.00171853147913, 0.000305791560095, 0.000443579192506, -0.000874421151821, 0.000962023506872, -0.000630411959719, -0.000186926714377, -0.00155951862689, 0.00143540278077, -0.00159317359794, 0.000806724769063, -4.51464220532e-05, -2.18527602556e-05], [0.000305791560095, 0.00684393150732, -0.00374486157671, 0.00407947273925, -0.00524244364351, 0.00433965632692, -0.00435024686158, 0.00428582215682, -0.00599014433101, 0.00453771138564, -0.00332724372856, 0.00391586311162, -0.00390536128543], [0.000443579192506, -0.00374486157671, 0.00465123029426, -0.00313436868601, 0.00364534463733, -0.00275102746673, 0.00383957405575, -0.00316634750925, 0.00309344776906, -0.0028898792807, 0.00345499371178, -0.00366706284694, 0.00237134471536], [-0.000874421151821, 0.00407947273925, -0.00313436868601, 0.00762072391808, -0.00416108733043, 0.00279177981429, -0.00359286973253, 0.00380897568539, -0.00565868802369, 0.00368963531218, -0.00288256048225, 0.00355913350359, -0.00248875468969], [0.000962023506872, -0.00524244364351, 0.00364534463733, -0.00416108733043, 0.0104405283928, -0.00374985905364, 0.00122072093654, -0.00496726669371, 0.00657182792202, -0.0047326949425, 0.00194945698604, -0.00228205462918, 0.00402788352221], [-0.000630411959719, 0.00433965632692, -0.00275102746673, 0.00279177981429, -0.00374985905364, 0.00847112387419, -0.00448301248252, 0.00246675801463, -0.00405685091391, 0.0034794122912, -0.00223365519196, 0.00155825924594, -0.000309278722852], [-0.000186926714377, -0.00435024686158, 0.00383957405575, -0.00359286973253, 0.00122072093654, -0.00448301248252, 0.0122417062521, -0.00334125920199, 0.00343099189922, -0.00317806843668, 0.00184925866779, -0.00141693546902, 0.00144416815601], [-0.00155951862689, 0.00428582215682, -0.00316634750925, 0.00380897568539, -0.00496726669371, 0.00246675801463, -0.00334125920199, 0.0137609681115, -0.00579397659749, 0.00140554166865, -0.00156897271518, 0.00369309261441, -0.00366044789553], [0.00143540278077, -0.00599014433101, 0.00309344776906, -0.00565868802369, 0.00657182792202, -0.00405685091391, 0.00343099189922, -0.00579397659749, 0.0163773391396, -0.00524024572223, 0.00237171514891, -0.00336747430265, 0.00208474509418], [-0.00159317359794, 0.00453771138564, -0.0028898792807, 0.00368963531218, -0.0047326949425, 0.0034794122912, -0.00317806843668, 0.00140554166865, -0.00524024572223, 0.0187458563596, -0.00541124492884, -0.00100280519109, 0.0028764703311], [0.000806724769063, -0.00332724372856, 0.00345499371178, -0.00288256048225, 0.00194945698604, -0.00223365519196, 0.00184925866779, -0.00156897271518, 0.00237171514891, -0.00541124492884, 0.0139486864209, -0.00146971852519, -0.00202762125991], [-4.51464220532e-05, 0.00391586311162, -0.00366706284694, 0.00355913350359, -0.00228205462918, 0.00155825924594, -0.00141693546902, 0.00369309261441, -0.00336747430265, -0.00100280519109, -0.00146971852519, 0.013842872344, -0.00275346566923], [-2.18527602556e-05, -0.00390536128543, 0.00237134471536, -0.00248875468969, 0.00402788352221, -0.000309278722852, 0.00144416815601, -0.00366044789553, 0.00208474509418, 0.0028764703311, -0.00202762125991, -0.00275346566923, 0.0169249754399]]
    },
    "melbands": {
        "max": [0.00531790079549, 0.00975079741329, 0.00480355648324, 0.00741527695209, 0.0116981435567, 0.00887263566256, 0.00635033799335, 0.0107995662838, 0.00555226579309, 0.00769880134612, 0.0044137253426, 0.00425290735438, 0.00537057733163, 0.00339133897796, 0.00314833549783, 0.00295222899877, 0.00265194056556, 0.00169748743065, 0.00111604155973, 0.00103725551162, 0.000850870157592, 0.000648271350656, 0.000523180002347, 0.000384190498153, 0.000748542137444, 0.000383387407055, 0.000321972212987, 0.000217826280277, 0.0001533193863, 0.000113235146273, 9.01972744032e-05, 0.000118887990538, 0.000105673156213, 0.000151765460032, 0.000164542085258, 0.000103420352389, 4.93523220939e-05, 4.5894732466e-05, 5.11901926075e-05, 1.91608069144e-05],
        "mean": [0.000263532856479, 0.000723462493625, 0.000593381118961, 0.000645303807687, 0.000623403815553, 0.000391935900552, 0.000328951486154, 0.000315246259561, 0.000228635341045, 0.000166990852449, 0.000143447672599, 0.000184941061889, 0.000126415252453, 9.86204540823e-05, 0.00011342039943, 9.8341901321e-05, 9.79435790214e-05, 6.28241323284e-05, 4.30440813943e-05, 4.44589713879e-05, 3.99929558625e-05, 3.66902640963e-05, 2.79391206277e-05, 2.39646815317e-05, 2.53964844887e-05, 1.85667959158e-05, 1.40949032357e-05, 1.43327642945e-05, 9.43755276239e-06, 5.1627753237e-06, 2.65633229901e-06, 2.20582251131e-06, 1.83053566616e-06, 1.64799632785e-06, 1.65210053638e-06, 1.39519522691e-06, 8.71326335528e-07, 6.39257393686e-07, 4.7366461331e-07, 3.14966939641e-07],
        "min": [2.79467315067e-07, 1.12799409635e-06, 3.54785788659e-06, 4.6013337851e-06, 1.71630085788e-06, 1.48109472775e-06, 3.10706127493e-06, 1.51689971517e-06, 2.58141471932e-06, 1.36872097301e-06, 9.66943161984e-07, 8.41115138428e-07, 1.59328556038e-06, 6.8775722184e-07, 7.90869989942e-07, 4.56473799204e-07, 7.1733927598e-07, 7.74542513682e-07, 4.3046318865e-07, 7.77664354246e-07, 3.95595520786e-07, 2.12796336996e-07, 3.30280499838e-07, 2.20240622184e-07, 1.35688267733e-07, 5.11272872927e-08, 6.18022113485e-08, 2.47921789764e-08, 1.89806037554e-08, 1.3430955903e-08, 6.28896446031e-09, 3.99396959949e-09, 6.88359048581e-12, 7.96790688984e-11, 1.63007818355e-09, 8.31645974309e-10, 6.94262813905e-10, 1.34144736985e-10, 1.02406548519e-10, 5.35391835033e-11],
        "stdev": [0.000490009027999, 0.000848997675348, 0.00058696733322, 0.000733176362701, 0.00103353837039, 0.000619325612206, 0.000501728791278, 0.00051243492635, 0.000456652283901, 0.000533969432581, 0.00035353624844, 0.000414232723415, 0.000298117636703, 0.000231613754295, 0.000230997044127, 0.000205781980185, 0.000214836501982, 0.000109665044874, 7.45714060031e-05, 9.48895904003e-05, 6.45173131488e-05, 5.78246617806e-05, 4.72490319225e-05, 4.13539128203e-05, 4.55669833173e-05, 3.84173181374e-05, 2.69571610261e-05, 2.22685794142e-05, 1.77378042281e-05, 1.01594005173e-05, 5.62421610084e-06, 7.11885513738e-06, 7.04947615304e-06, 8.30657336337e-06, 8.36210620037e-06, 6.11690256846e-06, 2.93146445074e-06, 1.93928985937e-06, 1.55986208483e-06, 1.00216846022e-06]
    },
    "melbands128": {
        "max": [0.00212940317579, 0.00616570748389, 0.00922189094126, 0.0118014039472, 0.0132825458422, 0.00979798380286, 0.0071288398467, 0.00662685930729, 0.00547027215362, 0.0111843701452, 0.0136948144063, 0.0143716242164, 0.021437086165, 0.0130465794355, 0.0161922480911, 0.00880713760853, 0.00901215802878, 0.0113750435412, 0.0101808141917, 0.0171486660838, 0.01114800293, 0.01260176301, 0.0108036566526, 0.0147066358477, 0.01617872715, 0.0094815576449, 0.00779198016971, 0.00808912329376, 0.00957894604653, 0.00681240437552, 0.00923901889473, 0.00582121405751, 0.0112700192258, 0.00628249999136, 0.00626252964139, 0.0072886524722, 0.00829884409904, 0.00564159126952, 0.00473151728511, 0.00762746063992, 0.00306584336795, 0.00447506038472, 0.00596463587135, 0.00444265594706, 0.00230096187443, 0.00301716057584, 0.00267528113909, 0.00143860792741, 0.00299761863425, 0.00232140813023, 0.00199673790485, 0.00236936355941, 0.00185105926357, 0.00132460799068, 0.00154625112191, 0.00142239162233, 0.000589593371842, 0.000948738481384, 0.00103533058427, 0.000913566444069, 0.000714735593647, 0.000851423304994, 0.00123941944912, 0.000881772488356, 0.000734127010219, 0.000685803533997, 0.00117289833724, 0.00100283592474, 0.000653139664792, 0.000358174555004, 0.000443099386757, 0.000414419744629, 0.000323794520227, 0.000369026034605, 0.000430452084402, 0.0002045838919, 0.000130867323605, 0.000122475001263, 7.94195148046e-05, 0.000114202834084, 0.000130400803755, 0.000199150381377, 9.76716328296e-05, 0.000106154679088, 0.000138286501169, 0.00015614523727, 0.000246726500336, 0.000201263130293, 0.000235069455812, 0.000244315393502, 0.000162429103511, 9.89366744761e-05, 6.48041095701e-05, 5.84365225222e-05, 3.99461678171e-05, 2.37195217778e-05, 4.96545399074e-05, 7.77873574407e-05, 6.4687221311e-05, 2.99462299154e-05, 1.9391931346e-05, 2.3347327442e-05, 2.82637211058e-05, 1.93607975234e-05, 1.07035411929e-05, 5.62454852115e-06, 1.10120163299e-05, 6.00651492277e-06, 4.53125630884e-06, 2.8949893931e-06, 2.30077171182e-06, 5.30786564923e-06, 1.47799016759e-06, 1.22278925119e-06, 7.57000350404e-07, 1.8528433543e-07, 5.2612787016e-08, 5.07047381859e-08, 4.90114757667e-08, 4.74644359372e-08, 4.61725839784e-08, 4.49752448617e-08, 4.39788401252e-08, 4.31050075633e-08, 4.23952464246e-08, 4.182717106e-08, 4.14300806995e-08, 4.11591436489e-08],
        "mean": [5.7557670516e-05, 0.000182406860404, 0.000269613869023, 0.000563190842513, 0.000867883907631, 0.000768675585277, 0.000565520487726, 0.000562922505196, 0.00057746184757, 0.000685566919856, 0.000628501293249, 0.000714867317583, 0.000642797385808, 0.000493735366035, 0.000379516772227, 0.00032695705886, 0.000383000238799, 0.000351744674845, 0.000231385361985, 0.000310454197461, 0.000391406618292, 0.000230118414038, 0.000228998324019, 0.000167797130416, 0.000232114703977, 0.000140038740938, 8.39839776745e-05, 0.000158658760483, 0.000163309858181, 0.00022287358297, 0.000190824444871, 0.000107415762614, 0.000143250596011, 0.000130008687847, 6.56505944789e-05, 9.66688530752e-05, 0.000146047314047, 6.19067577645e-05, 0.000153355838847, 0.000131182416226, 6.48658533464e-05, 8.01327478257e-05, 0.000112658919534, 0.000112825473479, 4.55875087937e-05, 5.47590316273e-05, 8.67096605361e-05, 2.50589255302e-05, 3.22905580106e-05, 5.5874370446e-05, 4.33074419561e-05, 4.20665019192e-05, 2.5602093956e-05, 4.29713218182e-05, 6.35253963992e-05, 2.83080753434e-05, 1.86208271771e-05, 4.31169464719e-05, 2.24515388254e-05, 1.94404165086e-05, 2.22059843509e-05, 2.6963862183e-05, 3.61866987078e-05, 2.21980899369e-05, 1.27055282064e-05, 1.63312688528e-05, 2.67147515842e-05, 1.58212205861e-05, 8.81915730133e-06, 1.37769529829e-05, 1.71165138454e-05, 1.32119757836e-05, 1.0989778275e-05, 9.4278175311e-06, 6.55930261928e-06, 5.91045318288e-06, 4.45396926807e-06, 2.61041850536e-06, 2.46541026172e-06, 2.63672018264e-06, 2.14417946154e-06, 2.02369710678e-06, 2.24534687732e-06, 1.725851007e-06, 1.6127875142e-06, 1.62587389241e-06, 1.773850272e-06, 1.49688389683e-06, 1.67944472196e-06, 1.72651891717e-06, 1.54126541929e-06, 1.35599646001e-06, 1.05653225546e-06, 8.4007734813e-07, 7.43963710192e-07, 7.87648957612e-07, 5.95077040089e-07, 4.85069904244e-07, 4.34402238625e-07, 5.63193623293e-07, 3.39176381203e-07, 2.63691305236e-07, 2.79550505411e-07, 2.08551625747e-07, 1.48383762166e-07, 1.17233575736e-07, 1.11769416833e-07, 1.01087586302e-07, 1.24133222812e-07, 9.08077737449e-08, 7.69810881707e-08, 5.78600172219e-08, 4.03166673379e-08, 1.01718420353e-08, 3.54714235762e-09, 3.66581431877e-10, 2.79457845753e-11, 2.68307875917e-11, 2.59511127865e-11, 2.51513566918e-11, 2.44768025293e-11, 2.38606547714e-11, 2.33351896833e-11, 2.28772278899e-11, 2.25045988789e-11, 2.22101295688e-11, 2.20047799426e-11, 2.18623400633e-11],
        "min": [2.3210378064e-09, 6.75368516667e-09, 7.79934126172e-08, 2.50433117799e-07, 2.00277824547e-07, 2.65011408374e-07, 3.39319228715e-07, 5.54299560918e-07, 3.07403024635e-06, 3.49985384673e-06, 1.77419269676e-06, 3.93198746451e-07, 1.99753856123e-07, 2.03513138786e-07, 2.38512342321e-07, 7.93364307583e-08, 1.21411619602e-06, 1.00206443676e-06, 1.06945276457e-06, 1.10192479497e-06, 3.76883264153e-07, 5.50358549845e-07, 2.31224035474e-07, 3.74258036118e-07, 4.1455535893e-07, 1.03642243232e-07, 1.27211620793e-07, 2.59525904767e-07, 3.06804764705e-07, 1.12841092914e-07, 2.20143363094e-07, 1.16230800984e-07, 3.78556705982e-07, 3.30556815697e-07, 2.62747619217e-07, 9.14250080086e-08, 1.58536991535e-07, 2.45885928507e-07, 2.06702765126e-07, 2.05615037885e-07, 9.9598096881e-08, 5.07327371224e-08, 2.92744687158e-07, 4.09420977121e-07, 5.56087726977e-08, 2.54775045505e-07, 1.5341797166e-07, 9.41664737297e-08, 2.86407043859e-07, 4.59547862874e-07, 3.31416288191e-07, 1.9244549776e-07, 1.14234474324e-07, 1.07003337746e-07, 1.81399684607e-07, 1.13361132037e-07, 5.89345781066e-08, 6.91107402417e-08, 1.90343499185e-07, 7.16370607279e-08, 6.777619177e-08, 6.2180852467e-08, 9.28314136672e-08, 8.78924666381e-08, 1.17887699602e-08, 2.00424672414e-08, 3.50561926155e-08, 1.19197851589e-08, 1.9896937431e-08, 2.94748470075e-09, 9.00965790862e-09, 1.396321192e-08, 1.1748979567e-08, 6.28606899866e-09, 2.83762635611e-09, 5.5417612721e-09, 4.84539075529e-09, 1.20164422857e-09, 5.08400765931e-10, 1.60116453429e-09, 2.13576448194e-10, 5.27749371981e-11, 8.70144928333e-12, 3.42664807119e-12, 2.47985182736e-12, 2.00414511375e-12, 7.75212012638e-12, 4.13814191247e-11, 3.38742978112e-10, 2.25270579968e-10, 1.06623191179e-11, 3.56446677729e-11, 2.95762803137e-10, 1.50545631517e-10, 3.50775918728e-12, 1.89264316025e-12, 7.85422237231e-13, 6.90585089114e-11, 3.98687333147e-11, 5.6078744079e-12, 4.56175592092e-12, 1.20610101767e-11, 7.18516554848e-13, 3.34611613591e-12, 8.41296921451e-13, 2.91582404922e-13, 2.87260883483e-13, 1.30093499992e-13, 7.11968461617e-14, 9.48504309491e-14, 7.36496367365e-14, 7.81453488074e-14, 6.69666755317e-14, 5.30495955595e-14, 6.7720772024e-14, 7.19786372432e-14, 6.01966867737e-14, 5.52090349078e-14, 5.77525901451e-14, 4.38001651821e-14, 5.32814081484e-14, 6.70476315526e-14, 5.91787496828e-14, 5.00017609511e-14, 4.24333928184e-14, 6.58205247576e-14, 5.35093209976e-14, 5.62708347529e-14],
        "stdev": [0.00017052955809, 0.000549069489352, 0.000656096788589, 0.000853827339597, 0.00116301584058, 0.000949619803578, 0.000783998752013, 0.000735735462513, 0.000661961559672, 0.00101434940007, 0.00106788484845, 0.00147031387314, 0.00151344272308, 0.00106372276787, 0.000917026016396, 0.000663160928525, 0.000767314399127, 0.000732002838049, 0.000534564256668, 0.000696551869623, 0.000758168403991, 0.000593155564275, 0.000672731257509, 0.000650625210255, 0.00092464312911, 0.000637733435724, 0.000395727867726, 0.000499117595609, 0.000633684569038, 0.000557687482797, 0.000645957363304, 0.000388757878682, 0.000499220681377, 0.000400218443247, 0.000290772208245, 0.000317482743412, 0.000494489038829, 0.000279738887912, 0.000370381778339, 0.000420208467403, 0.000208726560231, 0.000313810160151, 0.000366452295566, 0.000290405820124, 0.000144115707371, 0.000160928088007, 0.000204879630473, 8.50463402458e-05, 0.000102930753201, 0.000159463234013, 0.000135243273689, 0.000150895881234, 8.59439387568e-05, 9.14432457648e-05, 0.000140345131513, 8.20661371108e-05, 4.15268586949e-05, 9.30727692321e-05, 6.1594073486e-05, 5.77134233026e-05, 5.71224190935e-05, 7.83566720202e-05, 8.31710567581e-05, 6.15169847151e-05, 3.85680395993e-05, 4.67162681161e-05, 8.65178808453e-05, 5.66033158975e-05, 2.65300186584e-05, 2.7654292353e-05, 4.10876273236e-05, 3.09845599986e-05, 2.70527634711e-05, 2.72996712738e-05, 2.11439237319e-05, 1.57588729053e-05, 9.82484107226e-06, 6.19529737378e-06, 6.1412301875e-06, 7.27195129002e-06, 7.00013788446e-06, 8.69201085152e-06, 7.54848088036e-06, 7.42350675864e-06, 6.95023163644e-06, 8.68202459969e-06, 9.95401114778e-06, 8.22274068923e-06, 8.88022350409e-06, 1.03995607788e-05, 7.38384460419e-06, 6.07681340625e-06, 4.07155039284e-06, 3.17724607157e-06, 2.43752265305e-06, 2.2514225293e-06, 2.08051574191e-06, 2.12006420952e-06, 1.73553439708e-06, 1.84077464382e-06, 1.04632715647e-06, 9.99538656288e-07, 1.21101550121e-06, 9.08429967694e-07, 5.3904136621e-07, 3.2215186252e-07, 3.87790777268e-07, 3.30336973775e-07, 3.28351944745e-07, 2.39094134713e-07, 1.75119723167e-07, 1.83882931992e-07, 1.19980654745e-07, 6.14981701119e-08, 3.6810845927e-08, 5.08794428811e-09, 1.10927067531e-09, 1.06904307628e-09, 1.0333471856e-09, 1.00073327403e-09, 9.73496394607e-10, 9.48258693789e-10, 9.27250887184e-10, 9.08828623469e-10, 8.93859597451e-10, 8.81881789816e-10, 8.73512429056e-10, 8.67801386306e-10]
    },
    "mfcc": {
        "mean": [-629.867431641, 132.195632935, -24.2708854675, 24.1254043579, 0.778937101364, -1.79968643188, 0.247354388237, -4.17529058456, -4.79129981995, -1.03897118568, -5.34389209747, 1.94135284424, -2.98209691048],
        "cov": [[1583.60632324, -936.867858887, -141.362121582, -103.545936584, -92.263092041, 63.4536590576, 189.746612549, 21.9510765076, 37.5514755249, 105.535110474, 46.4707641602, 52.936290741, -18.3401126862], [-936.867858887, 1090.03369141, -44.1589508057, 125.902458191, 64.5209503174, -95.7836227417, -68.0912399292, -39.0799713135, 13.3993721008, -58.6683731079, -29.1793956757, -33.7200660706, 7.12366914749], [-141.362121582, -44.1589508057, 653.725219727, -20.1617336273, 33.9820899963, -1.14351451397, -196.3152771, 26.0165042877, 14.7167081833, -54.6022224426, -6.66208744049, -27.8032875061, -1.989179492], [-103.545936584, 125.902458191, -20.1617336273, 256.151519775, 20.6681213379, -25.6868591309, 9.10285663605, -18.6738967896, 22.7824115753, -3.20940971375, -18.1356067657, 38.0054283142, 3.59650182724], [-92.263092041, 64.5209503174, 33.9820899963, 20.6681213379, 134.621520996, -2.16940140724, 9.20727062225, 4.24021339417, 6.86088752747, 6.42129659653, 5.49947118759, 2.29627203941, 0.735193431377], [63.4536590576, -95.7836227417, -1.14351451397, -25.6868591309, -2.16940140724, 188.903961182, 23.5195083618, 50.0287475586, -17.6644897461, 28.016828537, 24.6933822632, -15.9203109741, 17.4143848419], [189.746612549, -68.0912399292, -196.3152771, 9.10285663605, 9.20727062225, 23.5195083618, 227.762481689, 10.6615247726, 9.11206817627, 51.4550018311, 4.37236976624, 21.1023483276, 0.879662752151], [21.9510765076, -39.0799713135, 26.0165042877, -18.6738967896, 4.24021339417, 50.0287475586, 10.6615247726, 98.5162582397, 17.8498516083, 14.7540922165, 11.2048797607, -11.79479599, 9.5583782196], [37.5514755249, 13.3993721008, 14.7167081833, 22.7824115753, 6.86088752747, -17.6644897461, 9.11206817627, 17.8498516083, 101.671920776, 16.7031822205, 0.924752831459, 9.54828166962, -12.3062238693], [105.535110474, -58.6683731079, -54.6022224426, -3.20940971375, 6.42129659653, 28.016828537, 51.4550018311, 14.7540922165, 16.7031822205, 87.6338348389, 24.3705768585, 9.83055782318, 0.216558769345], [46.4707641602, -29.1793956757, -6.66208744049, -18.1356067657, 5.49947118759, 24.6933822632, 4.37236976624, 11.2048797607, 0.924752831459, 24.3705768585, 78.6585159302, 7.44317960739, 11.6686630249], [52.936290741, -33.7200660706, -27.8032875061, 38.0054283142, 2.29627203941, -15.9203109741, 21.1023483276, -11.79479599, 9.54828166962, 9.83055782318, 7.44317960739, 96.6797943115, 1.97557222843], [-18.3401126862, 7.12366914749, -1.989179492, 3.59650182724, 0.735193431377, 17.4143848419, 0.879662752151, 9.5583782196, -12.3062238693, 0.216558769345, 11.6686630249, 1.97557222843, 75.3690414429]],
        "icov": [[0.00156033074018, 0.0012600022601, 0.000142563003465, 7.89861296653e-05, 0.000531061086804, 0.000173953958438, -0.000723029661458, 0.000307865237119, -0.000681121542584, -0.000419582152972, -0.000396634888602, -5.58675892535e-05, 0.000137474315125], [0.0012600022601, 0.00216159643605, 0.000405456317822, -0.000463918666355, -0.000163339151186, 0.000539130473044, -0.000167921578395, 0.000359734462108, -0.000751770450734, 0.000203466668609, -0.000309118942823, 0.000616059405729, -0.00012312468607], [0.000142563003465, 0.000405456317822, 0.00230583082885, 2.29626766668e-05, -0.000804051698651, -6.45252584945e-05, 0.00190902338363, -0.000590875395574, -0.000597524631303, 0.000655918440316, 0.0001026150494, 0.000221350521315, 1.03986340036e-05], [7.89861296653e-05, -0.000463918666355, 2.29626766668e-05, 0.00470039993525, -0.000419868854806, -0.000130880507641, -0.000158696580911, 0.000667288375553, -0.00100044813007, -7.68083336879e-05, 0.00114168284927, -0.0019128266722, -0.000498808280099], [0.000531061086804, -0.000163339151186, -0.000804051698651, -0.000419868854806, 0.00831784773618, 0.000157830218086, -0.00128000753466, -0.000128712083097, -0.000175451554242, -0.000874167366419, -0.000817164138425, -0.000155985544552, 0.000161604781169], [0.000173953958438, 0.000539130473044, -6.45252584945e-05, -0.000130880507641, 0.000157830218086, 0.00709482096136, -0.00043158812332, -0.00314436038025, 0.00177728175186, -0.00150281086098, -0.00124725268688, 0.00109012448229, -0.000782071903814], [-0.000723029661458, -0.000167921578395, 0.00190902338363, -0.000158696580911, -0.00128000753466, -0.00043158812332, 0.00726565904915, -0.000809256103821, -5.53942518309e-05, -0.002205272438, 0.00119156285655, -0.000635685399175, -0.000142599266837], [0.000307865237119, 0.000359734462108, -0.000590875395574, 0.000667288375553, -0.000128712083097, -0.00314436038025, -0.000809256103821, 0.0132059194148, -0.00319394958206, -0.000604322704021, -0.000465943623567, 0.00123953679577, -0.00142421375494], [-0.000681121542584, -0.000751770450734, -0.000597524631303, -0.00100044813007, -0.000175451554242, 0.00177728175186, -5.53942518309e-05, -0.00319394958206, 0.0120671233162, -0.00233158818446, 0.00012268149294, -0.000751750951167, 0.00191177602392], [-0.000419582152972, 0.000203466668609, 0.000655918440316, -7.68083336879e-05, -0.000874167366419, -0.00150281086098, -0.002205272438, -0.000604322704021, -0.00233158818446, 0.0159606859088, -0.0038563713897, -0.000406313076383, 0.000538918131497], [-0.000396634888602, -0.000309118942823, 0.0001026150494, 0.00114168284927, -0.000817164138425, -0.00124725268688, 0.00119156285655, -0.000465943623567, 0.00012268149294, -0.0038563713897, 0.0152001008391, -0.00156098243315, -0.0020589879714], [-5.58675892535e-05, 0.000616059405729, 0.000221350521315, -0.0019128266722, -0.000155985544552, 0.00109012448229, -0.000635685399175, 0.00123953679577, -0.000751750951167, -0.000406313076383, -0.00156098243315, 0.0121251074597, -0.000572569901124], [0.000137474315125, -0.00012312468607, 1.03986340036e-05, -0.000498808280099, 0.000161604781169, -0.000782071903814, -0.000142599266837, -0.00142421375494, 0.00191177602392, 0.000538918131497, -0.0020589879714, -0.000572569901124, 0.014343011193]]
    },
    "spectral_contrast_coeffs": {
        "max": [-0.394165843725, -0.489803045988, -0.472808539867, -0.556975126266, -0.553424715996, -0.55080974102],
        "mean": [-0.68451666832, -0.740557730198, -0.729848563671, -0.745782375336, -0.744137585163, -0.723521471024],
        "min": [-0.873540401459, -0.906112134457, -0.871792912483, -0.905966937542, -0.858322620392, -0.893054425716],
        "stdev": [0.0670039057732, 0.0627701431513, 0.0636554807425, 0.0556440651417, 0.0555156432092, 0.0480097196996]
    },
    "spectral_contrast_valleys": {
        "max": [-5.04250717163, -5.08015632629, -5.96057033539, -6.33666181564, -6.12710285187, -7.8705072403],
        "mean": [-6.77805948257, -6.50414943695, -7.3361082077, -7.52389144897, -7.55653142929, -10.9765253067],
        "min": [-9.2783613205, -8.23905181885, -8.8024930954, -8.77207660675, -9.46797084808, -14.2198848724],
        "stdev": [0.572930634022, 0.426424443722, 0.420383274555, 0.37003916502, 0.515885472298, 0.99056828022]
    }
},
"rhythm": {
    "beats_count": 129,
    "beats_loudness": {
        "max": 0.0543851219118,
        "mean": 0.0255992207676,
        "min": 0.00730230752379,
        "stdev": 0.0095886643976
    },
    "bpm": 149.067550659,
    "bpm_histogram_first_peak_bpm": 148,
    "bpm_histogram_first_peak_weight": 0.548672556877,
    "bpm_histogram_second_peak_bpm": 157,
    "bpm_histogram_second_peak_spread": 0,
    "bpm_histogram_second_peak_weight": 0.0703125,
    "danceability": 1.20598578453,
    "onset_rate": 2.67909216881,
    "beats_loudness_band_ratio": {
        "max": [0.745268404484, 0.786989092827, 0.678655862808, 0.678227782249, 0.545168042183, 0.452220588923],
        "mean": [0.22414444387, 0.247139185667, 0.197607204318, 0.199387818575, 0.127391383052, 0.0657010301948],
        "min": [0.0128671973944, 0.00621155882254, 0.0115363039076, 0.00979526154697, 0.00693214777857, 0.00233424641192],
        "stdev": [0.159928023815, 0.201076298952, 0.143270507455, 0.175199583173, 0.114825494587, 0.0702970921993]
    },
