{
"metadata": {
    "version": {
        "essentia": "2.1-beta5",
        "essentia_git_sha": "Undefined",
        "extractor": "music 2.0"
    },
    "audio_properties": {
        "analysis": {
            "equal_loudness": 0,
            "length": 34.6209526062,
            "sample_rate": 44100,
            "start_time": 158.987030029,
            "downmix": "mix"
        },
        "bit_rate": 192000,
        "length": 193.631210327,
        "lossless": 0,
        "number_channels": 2,
        "replay_gain": -11.5548248291,
        "sample_rate": 48000,
        "codec": "mp3",
        "md5_encoded": "92b04625365066abca15b13adae27e64"
    },
    "tags": {
        "file_name": "Norway_Alltid Sommer_Lars A. Fredriksen.mp3",
        "encoding": ["Lavf58.29.100"]
    }
},
"lowlevel": {
    "average_loudness": 0.971207857132,
    "barkbands_crest": {
        "max": 26.8628501892,
        "mean": 8.71043109894,
        "min": 2.51196122169,
        "stdev": 4.23631763458
    },
    "barkbands_flatness_db": {
        "max": 0.482074916363,
        "mean": 0.117971979082,
        "min": 0.0447184257209,
        "stdev": 0.0456442609429
    },
    "barkbands_kurtosis": {
        "max": 687.645507812,
        "mean": 4.38877773285,
        "min": -1.74528074265,
        "stdev": 33.5837631226
    },
    "barkbands_skewness": {
        "max": 25.9514732361,
        "mean": 1.35313248634,
        "min": -1.81748485565,
        "stdev": 1.67426776886
    },
    "barkbands_spread": {
        "max": 80.196182251,
        "mean": 23.6076259613,
        "min": 0.808882236481,
        "stdev": 10.7272377014
    },
    "dissonance": {
        "max": 0.499998956919,
        "mean": 0.46929526329,
        "min": 0.319840490818,
        "stdev": 0.0209307596087
    },
    "dynamic_complexity": 2.09337258339,
    "erbbands_crest": {
        "max": 30.3225326538,
        "mean": 8.33498191833,
        "min": 2.55734777451,
        "stdev": 3.71895503998
    },
    "erbbands_flatness_db": {
        "max": 0.305239081383,
        "mean": 0.158752143383,
        "min": 0.050385992974,
        "stdev": 0.0407284274697
    },
    "erbbands_kurtosis": {
        "max": 16.370721817,
        "mean": 0.0701202750206,
        "min": -1.63146483898,
        "stdev": 1.26304876804
    },
    "erbbands_skewness": {
        "max": 3.90770220757,
        "mean": 0.442649871111,
        "min": -2.53150200844,
        "stdev": 0.647731363773
    },
    "erbbands_spread": {
        "max": 95.2277908325,
        "mean": 38.0563316345,
        "min": 10.312502861,
        "stdev": 13.4817342758
    },
    "hfc": {
        "max": 159.331787109,
        "mean": 24.6330184937,
        "min": 3.25252642597e-07,
        "stdev": 14.2161331177
    },
    "loudness_ebu128": {
        "integrated": -11.5642967224,
        "loudness_range": 0.779210090637,
        "momentary": {
            "max": -9.32402992249,
            "mean": -12.1282615662,
            "min": -92.6006393433,
            "stdev": 5.71920442581
        },
        "short_term": {
            "max": -11.0149526596,
            "mean": -11.5459709167,
            "min": -12.6488685608,
            "stdev": 0.357612043619
        }
    },
    "melbands_crest": {
        "max": 39.9332771301,
        "mean": 11.6639156342,
        "min": 3.18157815933,
        "stdev": 5.49538421631
    },
    "melbands_flatness_db": {
        "max": 0.449979931116,
        "mean": 0.141559451818,
        "min": 0.0279013123363,
        "stdev": 0.044032111764
    },
    "melbands_kurtosis": {
        "max": 1100.75927734,
        "mean": 11.5356168747,
        "min": -1.77661323547,
        "stdev": 55.8556480408
    },
    "melbands_skewness": {
        "max": 31.7402095795,
        "mean": 2.21277999878,
        "min": -0.194284528494,
        "stdev": 2.08678293228
    },
    "melbands_spread": {
        "max": 169.738418579,
        "mean": 27.4477100372,
        "min": 0.784238100052,
        "stdev": 15.7390546799
    },
    "pitch_salience": {
        "max": 0.985634148121,
        "mean": 0.621158480644,
        "min": 0.00534224137664,
        "stdev": 0.113662749529
    },
    "silence_rate_20dB": {
        "max": 1,
        "mean": 1,
        "min": 1,
        "stdev": 0
    },
    "silence_rate_30dB": {
        "max": 1,
        "mean": 0.99932974577,
        "min": 0,
        "stdev": 0.0258804205805
    },
    "silence_rate_60dB": {
        "max": 1,
        "mean": 0.0187667552382,
        "min": 0,
        "stdev": 0.13570022583
    },
    "spectral_centroid": {
        "max": 4387.79443359,
        "mean": 1511.20996094,
        "min": 313.569458008,
        "stdev": 542.614868164
    },
    "spectral_complexity": {
        "max": 56,
        "mean": 24.3083114624,
        "min": 0,
        "stdev": 7.95825529099
    },
    "spectral_decrease": {
        "max": -6.9039518096e-17,
        "mean": -5.88539750268e-09,
        "min": -3.4293805129e-08,
        "stdev": 3.66864760792e-09
    },
    "spectral_energy": {
        "max": 0.143884658813,
        "mean": 0.0244471188635,
        "min": 2.90072077469e-10,
        "stdev": 0.0148233668879
    },
    "spectral_energyband_high": {
        "max": 0.0124105932191,
        "mean": 0.000995220965706,
        "min": 2.95998989208e-11,
        "stdev": 0.00104746490251
    },
    "spectral_energyband_low": {
        "max": 0.031416207552,
        "mean": 0.00228853174485,
        "min": 1.23076798753e-10,
        "stdev": 0.00312538142316
    },
    "spectral_energyband_middle_high": {
        "max": 0.0961046814919,
        "mean": 0.00704139890149,
        "min": 2.9213695265e-12,
        "stdev": 0.00628921668977
    },
    "spectral_energyband_middle_low": {
        "max": 0.084608271718,
        "mean": 0.014706610702,
        "min": 2.16815009956e-13,
        "stdev": 0.0113893542439
    },
    "spectral_entropy": {
        "max": 8.89321899414,
        "mean": 7.82234287262,
        "min": 6.40729522705,
        "stdev": 0.255590051413
    },
    "spectral_flux": {
        "max": 0.283066689968,
        "mean": 0.0898305550218,
        "min": 5.42680163562e-06,
        "stdev": 0.0350442938507
    },
    "spectral_kurtosis": {
        "max": 9.65966129303,
        "mean": 3.06048035622,
        "min": -0.581018924713,
        "stdev": 1.33797729015
    },
    "spectral_rms": {
        "max": 0.0118480073288,
        "mean": 0.00466883648187,
        "min": 5.31974762907e-07,
        "stdev": 0.00143275689334
    },
    "spectral_rolloff": {
        "max": 9173.14453125,
        "mean": 1861.03161621,
        "min": 21.533203125,
        "stdev": 1142.07775879
    },
    "spectral_skewness": {
        "max": 2.37455868721,
        "mean": 1.38628983498,
        "min": 0.088537491858,
        "stdev": 0.272784978151
    },
    "spectral_spread": {
        "max": 12427930,
        "mean": 4874918,
        "min": 2143404.5,
        "stdev": 1199478.875
    },
    "spectral_strongpeak": {
        "max": 6.89122581482,
        "mean": 1.22714841366,
        "min": 0,
        "stdev": 0.927615046501
    },
    "zerocrossingrate": {
        "max": 0.2724609375,
        "mean": 0.0761384963989,
        "min": 0,
        "stdev": 0.0292349141091
    },
    "barkbands": {
        "max": [0.000662572565489, 0.0130111761391, 0.0235412530601, 0.0118796490133, 0.0686495155096, 0.0632850602269, 0.044095158577, 0.0415836200118, 0.0415161401033, 0.0422899127007, 0.0272404048592, 0.0345259942114, 0.0213069282472, 0.00635792966932, 0.0089207990095, 0.00567484972998, 0.00459711952135, 0.00680983113125, 0.00495251454413, 0.00578128360212, 0.00323565374129, 0.00481659732759, 0.00334561103955, 0.00269145797938, 0.000872033706401, 0.000301756314002, 8.27010211424e-08],
        "mean": [6.11140712863e-05, 0.000967037398368, 0.000809546676464, 0.000975501141511, 0.00329663185403, 0.00251719146036, 0.00360112194903, 0.00240082084201, 0.00161463196855, 0.00143563630991, 0.000813679478597, 0.000923649640754, 0.000774272077251, 0.000523363705724, 0.000619179219939, 0.000580931082368, 0.000480017683003, 0.000481711758766, 0.000464720360469, 0.000232463207794, 0.000188250502106, 0.000231913159951, 0.000176574132638, 0.000160415307619, 8.84660184965e-05, 2.82833079837e-05, 2.40640063431e-09],
        "min": [2.04860711728e-10, 2.88083402619e-12, 1.47705753573e-15, 5.55626243647e-16, 9.52241639083e-15, 8.99821904e-15, 1.12133779096e-14, 2.71309514975e-14, 5.91387832802e-14, 1.32202002167e-13, 1.42894959645e-13, 1.19262591339e-13, 2.88566235794e-13, 2.29098668205e-13, 1.82044876678e-13, 1.2310340464e-13, 2.97203586611e-13, 2.23308838868e-13, 5.02227870836e-13, 1.00162207087e-12, 9.8445221159e-13, 1.21290510188e-12, 1.67771894467e-12, 2.57805018652e-12, 3.24455783421e-12, 4.18183369877e-12, 5.2232198601e-12],
        "stdev": [9.98660179903e-05, 0.00143185071647, 0.00157741946168, 0.00142178067472, 0.00483019743115, 0.00511870952323, 0.00515587441623, 0.004728583619, 0.00259599927813, 0.00283034704626, 0.00157750188373, 0.00182067521382, 0.00120527599938, 0.000577976694331, 0.000714064983185, 0.000736547051929, 0.000507646880578, 0.000574621139094, 0.000540048931725, 0.00027089600917, 0.000237616957747, 0.000305590510834, 0.0002616768179, 0.000206361248274, 8.44358291943e-05, 3.13984382956e-05, 6.68275390581e-09]
    },
    "erbbands": {
        "max": [0.315163731575, 3.62821364403, 23.3508224487, 31.3213291168, 83.8188934326, 392.566925049, 365.39944458, 797.972595215, 598.137268066, 1494.79699707, 966.73651123, 1016.69464111, 974.830505371, 1166.28625488, 668.757507324, 1733.3840332, 921.009216309, 341.61932373, 606.75567627, 366.952941895, 374.568634033, 252.044006348, 325.155303955, 331.61605835, 274.126251221, 217.176254272, 121.814117432, 105.234313965, 168.03477478, 152.129867554, 79.0275802612, 53.2750053406, 54.0561180115, 15.9346513748, 3.75007009506, 2.26358795166, 0.29301661253, 0.00696635013446, 0.000343427906046, 0.000182661460713],
        "mean": [0.0227320566773, 0.236893206835, 0.875756204128, 2.25496602058, 5.30036878586, 13.1821212769, 17.1000976562, 22.3906459808, 48.0069122314, 51.8981895447, 47.3618583679, 37.1609954834, 38.5903816223, 47.3635864258, 36.1851959229, 38.7095718384, 38.9644165039, 24.7643413544, 32.1890830994, 32.5772438049, 32.6993980408, 26.3036422729, 25.1188011169, 28.8641033173, 17.4832344055, 11.9228277206, 7.97608470917, 7.71100902557, 8.42181777954, 6.46308755875, 4.94627952576, 4.2743396759, 2.04527544975, 1.22992861271, 0.49307307601, 0.229661852121, 0.0221028700471, 0.000511371355969, 4.15571776102e-05, 3.38089084835e-05],
        "min": [2.09520600869e-09, 1.93222993161e-10, 2.652560116e-11, 1.27286540683e-11, 1.81636355262e-11, 4.11542189216e-11, 5.89669910123e-11, 8.23734899735e-11, 1.14558931785e-10, 7.59718454812e-10, 1.02628716636e-09, 1.53041146422e-09, 2.04546268812e-09, 4.23183399434e-09, 3.45650819078e-09, 6.3457039623e-09, 1.40039553287e-08, 8.86288198387e-09, 1.20864012132e-08, 8.52842862997e-09, 6.08142203262e-09, 1.77140062618e-08, 1.7340326508e-08, 1.68666005607e-08, 2.95573059361e-08, 4.04554008071e-08, 4.41355787473e-08, 4.15216483418e-08, 4.0244600541e-08, 4.29609912089e-08, 4.64503493447e-08, 5.71070799538e-08, 4.07485778453e-08, 3.68873145362e-08, 2.29027996568e-08, 1.24185257633e-08, 8.60517079815e-09, 2.99144975457e-09, 8.27209745147e-10, 6.96194074612e-11],
        "stdev": [0.0358314476907, 0.377887964249, 1.63718259335, 3.24119257927, 6.80753707886, 22.7822227478, 30.3102340698, 50.6854629517, 66.0308456421, 103.589897156, 88.1999053955, 59.8969802856, 70.1721420288, 87.2982788086, 56.8247528076, 78.7803726196, 58.0447769165, 25.9364204407, 40.3431091309, 31.8736057281, 42.3403701782, 27.9747924805, 28.5780143738, 34.1933021545, 20.7504081726, 12.7465991974, 9.16932964325, 9.68862438202, 10.4284086227, 10.3535718918, 7.18126487732, 5.49117708206, 2.83892130852, 1.34254646301, 0.416505068541, 0.238978669047, 0.0286399144679, 0.00061897712294, 3.18849160976e-05, 1.87612404261e-05]
    },
    "gfcc": {
        "mean": [16.6629753113, 77.9796142578, -141.888656616, 29.942440033, -81.0604400635, 16.2260761261, -52.0049362183, 11.4038238525, -26.2812194824, 1.3520925045, -14.0778551102, -1.83497285843, -8.88683986664],
        "cov": [[13830.0107422, 1514.07055664, -403.477081299, 160.853408813, -729.438049316, -132.161346436, -795.704833984, 0.213806599379, -373.010101318, 26.412197113, -208.525619507, -20.3607845306, -224.833892822], [1514.07055664, 627.730529785, -129.905258179, 42.3509559631, -36.7951393127, -106.501213074, -62.2552223206, -66.0518035889, -24.8233299255, -102.095375061, 13.99933815, -97.1567764282, -13.2085962296], [-403.477081299, -129.905258179, 861.046020508, 208.093902588, 110.844665527, 110.734039307, -166.561538696, 57.667804718, -14.5735712051, 211.318283081, -46.4750213623, 102.768013, -94.2428817749], [160.853408813, 42.3509559631, 208.093902588, 272.234924316, 86.9153594971, 10.5558738708, -65.2233047485, -29.5469436646, 20.1812992096, -1.01355278492, -34.9900512695, -9.31482219696, 8.34878826141], [-729.438049316, -36.7951393127, 110.844665527, 86.9153594971, 215.641952515, 52.1712837219, 16.8381099701, 36.4967002869, 30.5393867493, 27.6197547913, -12.4742136002, 12.1709356308, 11.7621536255], [-132.161346436, -106.501213074, 110.734039307, 10.5558738708, 52.1712837219, 163.129302979, 58.0464096069, 34.1150245667, -14.0967588425, 41.1242332458, -20.5100879669, 14.6999597549, -9.2888917923], [-795.704833984, -62.2552223206, -166.561538696, -65.2233047485, 16.8381099701, 58.0464096069, 249.128753662, 39.7819633484, 1.83844935894, -66.2301864624, 32.4329452515, -21.577709198, 23.0599536896], [0.213806599379, -66.0518035889, 57.667804718, -29.5469436646, 36.4967002869, 34.1150245667, 39.7819633484, 119.214225769, 8.23525714874, 46.4066963196, 2.25367712975, 35.6503944397, -21.4740715027], [-373.010101318, -24.8233299255, -14.5735712051, 20.1812992096, 30.5393867493, -14.0967588425, 1.83844935894, 8.23525714874, 97.8596191406, 32.3318939209, 12.7578544617, -5.93293952942, 23.3160648346], [26.412197113, -102.095375061, 211.318283081, -1.01355278492, 27.6197547913, 41.1242332458, -66.2301864624, 46.4066963196, 32.3318939209, 167.884460449, 13.0263195038, 58.6878547668, -33.9693832397], [-208.525619507, 13.99933815, -46.4750213623, -34.9900512695, -12.4742136002, -20.5100879669, 32.4329452515, 2.25367712975, 12.7578544617, 13.0263195038, 71.9480819702, 19.3791999817, 6.70943498611], [-20.3607845306, -97.1567764282, 102.768013, -9.31482219696, 12.1709356308, 14.6999597549, -21.577709198, 35.6503944397, -5.93293952942, 58.6878547668, 19.3791999817, 100.734764099, 14.0984792709], [-224.833892822, -13.2085962296, -94.2428817749, 8.34878826141, 11.7621536255, -9.2888917923, 23.0599536896, -21.4740715027, 23.3160648346, -33.9693832397, 6.70943498611, 14.0984792709, 81.997467041]],
        "icov": [[0.000801232177764, -0.00219291984104, 0.00231183785945, -0.00247885589488, 0.0030679020565, -0.00207524769939, 0.00222281017341, -0.00229795929044, 0.00212891888805, -0.00226405751891, 0.00263546127826, -0.00259717972949, 0.00153869774658], [-0.00219291984104, 0.00842811446637, -0.0063289324753, 0.006419417914, -0.00852787308395, 0.00634352071211, -0.00489233806729, 0.005814534612, -0.00489803217351, 0.00722904875875, -0.00924044754356, 0.00960716884583, -0.00425062188879], [0.00231183785945, -0.0063289324753, 0.00993010215461, -0.00944526586682, 0.00851695705205, -0.00695852097124, 0.00690967822447, -0.00639674207196, 0.00683250371367, -0.0089697195217, 0.00874675903469, -0.0100022461265, 0.00741112139076], [-0.00247885589488, 0.006419417914, -0.00944526586682, 0.0144776040688, -0.0114026684314, 0.00639271456748, -0.00597192207351, 0.00851047690958, -0.00851696077734, 0.009650609456, -0.0072879223153, 0.00898594781756, -0.00635353615507], [0.0030679020565, -0.00852787308395, 0.00851695705205, -0.0114026684314, 0.0183166246861, -0.0093508400023, 0.00805156771094, -0.0108161084354, 0.00676496885717, -0.00882144831121, 0.0103258499876, -0.00971588212997, 0.00445207115263], [-0.00207524769939, 0.00634352071211, -0.00695852097124, 0.00639271456748, -0.0093508400023, 0.0163003038615, -0.0102289142087, 0.00628812704235, -0.00197609281167, 0.00135967775714, -0.00275541841984, 0.00813638232648, -0.00565399089828], [0.00222281017341, -0.00489233806729, 0.00690967822447, -0.00597192207351, 0.00805156771094, -0.0102289142087, 0.0153989102691, -0.0104109756649, 0.00523488922045, -0.00087689619977, 0.000866853224579, -0.00417450070381, 0.00328057166189], [-0.00229795929044, 0.005814534612, -0.00639674207196, 0.00851047690958, -0.0108161084354, 0.00628812704235, -0.0104109756649, 0.0208371337503, -0.00858192518353, 0.00436649564654, -0.00340639753267, 0.000639441655949, 0.00148385157809], [0.00212891888805, -0.00489803217351, 0.00683250371367, -0.00851696077734, 0.00676496885717, -0.00197609281167, 0.00523488922045, -0.00858192518353, 0.0231989976019, -0.0141096748412, 0.00450199097395, 0.000872963340953, -0.00410589436069], [-0.00226405751891, 0.00722904875875, -0.0089697195217, 0.009650609456, -0.00882144831121, 0.00135967775714, -0.00087689619977, 0.00436649564654, -0.0141096748412, 0.0245977919549, -0.0127777876332, 0.00281533203088, 0.00123803899623], [0.00263546127826, -0.00924044754356, 0.00874675903469, -0.0072879223153, 0.0103258499876, -0.00275541841984, 0.000866853224579, -0.00340639753267, 0.00450199097395, -0.0127777876332, 0.0315206944942, -0.0168129839003, 0.00734161864966], [-0.00259717972949, 0.00960716884583, -0.0100022461265, 0.00898594781756, -0.00971588212997, 0.00813638232648, -0.00417450070381, 0.000639441655949, 0.000872963340953, 0.00281533203088, -0.0168129839003, 0.0326856151223, -0.0176539234817], [0.00153869774658, -0.00425062188879, 0.00741112139076, -0.00635353615507, 0.00445207115263, -0.00565399089828, 0.00328057166189, 0.00148385157809, -0.00410589436069, 0.00123803899623, 0.00734161864966, -0.0176539234817, 0.0271965693682]]
    },
    "melbands": {
        "max": [0.00333333481103, 0.00872219819576, 0.00572698283941, 0.0141727924347, 0.0130978515372, 0.0154229458421, 0.00939879193902, 0.0147014884278, 0.00716240797192, 0.00560725992545, 0.0051091928035, 0.00537863606587, 0.00265723699704, 0.00394158437848, 0.00246538058855, 0.00124573567882, 0.000600362196565, 0.00102817337029, 0.000484027725179, 0.000403789337724, 0.000518614600878, 0.000246919225901, 0.000383542006603, 0.000352497940185, 0.000321486964822, 0.000179608265171, 0.000320591265336, 8.83461470949e-05, 7.17435250408e-05, 8.4222505393e-05, 6.07268921158e-05, 0.000102962447272, 0.000109491586045, 8.6658350483e-05, 5.62170171179e-05, 3.50637783413e-05, 3.11331168632e-05, 3.76541538571e-05, 3.12729316647e-05, 1.22978353829e-05],
        "mean": [0.000236723368289, 0.000419679970946, 0.000462669122498, 0.000677928386722, 0.00060607038904, 0.00049665820552, 0.000748729682527, 0.000571724376641, 0.000349296431523, 0.000230718127568, 0.000192027029698, 0.000196623339434, 0.000120851596876, 0.000109619177238, 9.61464975262e-05, 6.8592838943e-05, 4.20915821451e-05, 5.17502448929e-05, 4.35264555563e-05, 3.88856205973e-05, 3.9212161937e-05, 2.63058682322e-05, 2.51623114309e-05, 2.28590088227e-05, 2.38621523749e-05, 1.59474802786e-05, 8.50951801112e-06, 7.66752600612e-06, 4.992522463e-06, 4.34657795267e-06, 4.56924726677e-06, 5.04111994815e-06, 4.08835921917e-06, 3.38052564075e-06, 2.89153558697e-06, 2.60622755377e-06, 2.58797581409e-06, 1.49071115629e-06, 1.14831959763e-06, 9.82228812063e-07],
        "min": [2.75033416181e-11, 1.04789590515e-15, 9.76963672077e-16, 1.56091951498e-15, 2.16480996066e-15, 1.82609419055e-15, 1.73660283033e-15, 9.58496553882e-15, 1.07407030318e-14, 9.38581962259e-15, 9.69548385668e-15, 1.62213704247e-14, 1.79327649193e-14, 1.04624569438e-14, 1.7838844212e-14, 2.57148276061e-14, 1.43787078462e-14, 2.05063118992e-14, 1.36044714516e-14, 9.79254282101e-15, 5.44623126843e-15, 1.70143101539e-14, 2.17172505294e-14, 8.96888205387e-15, 1.32330746092e-14, 2.30861489458e-14, 2.24351753267e-14, 2.8630069371e-14, 2.89145335279e-14, 2.81182818999e-14, 2.01019807218e-14, 1.99847225628e-14, 2.85315323342e-14, 2.04868081185e-14, 2.18983021278e-14, 3.65109215105e-14, 2.15866075557e-14, 3.04374953789e-14, 2.58147554711e-14, 3.03919554996e-14],
        "stdev": [0.000342868035659, 0.000691464112606, 0.000579355692025, 0.00107010826468, 0.000962589110713, 0.00106774352025, 0.00102240475826, 0.0011269407114, 0.000642609375063, 0.000381243356969, 0.000364721257938, 0.000380428740755, 0.000213179911952, 0.00022197967337, 0.000168052385561, 9.22394465306e-05, 4.61241797893e-05, 7.00605160091e-05, 5.09518176841e-05, 4.15501963289e-05, 5.6001044868e-05, 2.95131103485e-05, 3.20011313306e-05, 2.71579592663e-05, 3.00066240015e-05, 1.97028293769e-05, 1.38634914038e-05, 7.99039662525e-06, 5.62737614018e-06, 5.99205441176e-06, 5.83411792832e-06, 6.2137041823e-06, 6.16844590695e-06, 5.76201182412e-06, 4.51944470115e-06, 3.42363159689e-06, 3.31635374096e-06, 2.11489259527e-06, 1.66014103797e-06, 1.00400495739e-06]
    },
    "melbands128": {
        "max": [0.000642544706352, 0.00261244527064, 0.00546565512195, 0.00715363491327, 0.0118151623756, 0.0107144899666, 0.00700082769617, 0.00628055585548, 0.0064100632444, 0.0242345519364, 0.0299575589597, 0.0208919458091, 0.0159803293645, 0.013467782177, 0.0231585707515, 0.0206825714558, 0.0154808135703, 0.0173526331782, 0.0128556527197, 0.0286898985505, 0.0164266880602, 0.0137688089162, 0.0117997378111, 0.0118470909074, 0.0103142429143, 0.00628639990464, 0.00753222499043, 0.00811429880559, 0.00806712731719, 0.011993970722, 0.00745345605537, 0.00545266689733, 0.00389957800508, 0.00218984181993, 0.00338255590759, 0.00725483847782, 0.00698684947565, 0.00300364219584, 0.00614819861948, 0.00250161276199, 0.00110350677278, 0.00124957447406, 0.000868184433784, 0.000461106421426, 0.00115445768461, 0.00197212048806, 0.00107205286622, 0.000900144223124, 0.000780877599027, 0.000877591257449, 0.000837430066895, 0.000735479930881, 0.000963253201917, 0.00131106493063, 0.00064934900729, 0.000552402751055, 0.000366056483472, 0.000580024614464, 0.000424037658377, 0.000474965811009, 0.000418955722125, 0.000354541756678, 0.000446890975581, 0.000477861816762, 0.00029816525057, 0.000327418238157, 0.000253292644629, 0.000318186212098, 0.00048218111624, 0.000287683826173, 9.29074667511e-05, 9.73268251983e-05, 5.88010589126e-05, 8.21195862954e-05, 0.000100172677776, 0.000109988483018, 7.13831541361e-05, 6.79107470205e-05, 8.18603512016e-05, 9.77015224635e-05, 8.57860868564e-05, 0.00016311154468, 0.000101891819213, 0.000125458973343, 0.000163840086316, 0.000117219948152, 0.000100004406704, 9.51130641624e-05, 6.7876848334e-05, 4.32243687101e-05, 4.17320916313e-05, 3.47270834027e-05, 5.30000361323e-05, 4.54680121038e-05, 4.32845990872e-05, 3.30546026817e-05, 5.17106745974e-05, 6.63731843815e-05, 2.9887936762e-05, 3.50961563527e-05, 2.20476740651e-05, 1.14177901196e-05, 9.73197165877e-06, 7.03116666045e-06, 3.87315822081e-06, 3.31657156494e-06, 3.27349198415e-06, 3.18463139592e-06, 6.25006714472e-06, 4.64316508442e-06, 2.69442352874e-06, 1.56746943958e-06, 1.93863158415e-07, 6.47518234587e-08, 2.98277527122e-08, 1.97220675346e-08, 2.71561684251e-09, 2.67310507063e-10, 2.5092317113e-10, 2.37892566757e-10, 2.24181923025e-10, 2.15307896512e-10, 2.0495147246e-10, 1.97717120454e-10, 1.91916718628e-10, 1.87498697124e-10, 1.84054813057e-10, 1.81957907075e-10],
        "mean": [4.87524448545e-05, 0.000163710225024, 0.000289244315354, 0.000424559722887, 0.000444296456408, 0.000392131420085, 0.000439724593889, 0.000501944916323, 0.000437848444562, 0.000766841811128, 0.000778282701503, 0.000634426192846, 0.000613076612353, 0.00048798834905, 0.000479214941151, 0.000506153621245, 0.000564408313949, 0.00101216777693, 0.000673986854963, 0.000554086931515, 0.000526703894138, 0.000537969463039, 0.000294522178592, 0.000204007097636, 0.000264632690232, 0.000199354501092, 0.000255973893218, 0.000150556559674, 0.000174104425241, 0.000272158096777, 0.00017518979439, 0.000109029031591, 0.000152574066306, 8.4279148723e-05, 0.000114595124614, 0.000123749399791, 9.36519500101e-05, 7.44390054024e-05, 0.000126690298202, 8.97318168427e-05, 3.74395131075e-05, 6.64054387016e-05, 4.03517842642e-05, 2.4534709155e-05, 5.69706062379e-05, 5.4155701946e-05, 5.52681631234e-05, 3.50898262695e-05, 3.91407047573e-05, 5.89026458329e-05, 3.1054882129e-05, 2.82445234916e-05, 4.68748730782e-05, 4.20658143412e-05, 2.77485669358e-05, 2.31435133173e-05, 2.4400287657e-05, 3.23355088767e-05, 2.23080551223e-05, 1.81704908755e-05, 2.31420144701e-05, 2.582009256e-05, 2.48738251685e-05, 2.38960910792e-05, 2.18038621824e-05, 1.62005744642e-05, 1.27028879433e-05, 8.84393739398e-06, 6.84556562192e-06, 8.78381342773e-06, 9.03148247744e-06, 6.492661214e-06, 4.96884604217e-06, 5.08518814968e-06, 4.30858244727e-06, 4.57182932223e-06, 4.31478838436e-06, 3.88511534766e-06, 4.69803217129e-06, 4.95530503031e-06, 5.62625928069e-06, 4.85623695567e-06, 4.19057369072e-06, 4.12954750573e-06, 4.02448858949e-06, 3.24297343468e-06, 3.39007510775e-06, 3.08292169393e-06, 2.85388910015e-06, 2.81888924292e-06, 2.44268176175e-06, 2.31441572396e-06, 3.26248573401e-06, 2.70075338449e-06, 2.28870658248e-06, 1.7254164959e-06, 1.33323271712e-06, 1.10002122256e-06, 1.03161085008e-06, 1.32550792387e-06, 1.1351150988e-06, 1.00711099549e-06, 6.34205434835e-07, 6.24209064881e-07, 5.35384458544e-07, 4.71744414199e-07, 4.13964528434e-07, 4.50457690704e-07, 4.13367786223e-07, 4.53012290791e-07, 2.2577050629e-07, 5.66133628865e-08, 3.31163807488e-09, 5.34471356062e-10, 4.94765062253e-10, 4.1648121063e-10, 7.44940220621e-11, 4.14368712953e-12, 3.98290688625e-12, 3.86807426367e-12, 3.76153969084e-12, 3.67189048264e-12, 3.5911228418e-12, 3.50786088545e-12, 3.3982447932e-12, 3.2658227251e-12, 3.19030088805e-12, 3.1650715035e-12],
        "min": [8.16073736365e-11, 3.1296510522e-11, 6.51203917179e-13, 1.43392619454e-15, 9.90643360055e-16, 6.34300516672e-16, 3.63588469092e-16, 2.55087545486e-16, 1.2992004162e-15, 3.70920333344e-16, 2.3222924438e-15, 1.17034034102e-15, 1.3472520659e-15, 1.11675650738e-15, 1.58099970154e-15, 1.06646329087e-15, 1.8931927525e-15, 9.9942200952e-16, 2.27043878083e-15, 4.15852561872e-15, 4.21888899819e-15, 4.80875681343e-15, 2.51502039138e-15, 4.83292435748e-15, 8.78881301368e-15, 7.90508829321e-15, 4.39981015353e-15, 6.86612530341e-15, 1.48421619233e-14, 6.26531170491e-15, 1.20271529552e-14, 4.3719745333e-15, 1.06752036681e-14, 2.92658544188e-15, 2.56708200094e-15, 8.84452152359e-15, 1.09033951911e-14, 6.55579403087e-15, 1.46679407986e-14, 3.19714483295e-14, 1.53392787838e-14, 7.22571196534e-15, 6.23759466929e-15, 8.87759053688e-15, 1.81065845504e-14, 1.21235885033e-14, 1.07631468638e-14, 1.50797461947e-14, 1.29811559993e-14, 7.23343775285e-15, 1.07787102472e-14, 3.1672853122e-15, 6.48689594743e-15, 3.69323602123e-15, 3.3775534063e-15, 8.95783759127e-15, 1.72676221331e-14, 2.13575529061e-14, 9.9593845947e-15, 1.26638108704e-14, 3.74435318905e-15, 4.63649318185e-15, 7.17521186103e-15, 1.21759715618e-14, 8.69541069058e-15, 2.62375587429e-14, 1.10349715951e-14, 8.92049444972e-15, 1.67721468224e-14, 1.07493215921e-14, 2.03505086589e-14, 2.65034610198e-14, 2.35789052806e-14, 1.48491143697e-14, 2.31402506342e-14, 1.51662418111e-14, 1.80790119339e-14, 2.62952349104e-14, 1.45095117561e-14, 1.14244729196e-14, 1.87265449051e-14, 1.81732934772e-14, 2.74073620651e-14, 2.48990196815e-14, 3.11582357138e-14, 2.28044020706e-14, 1.60888012982e-14, 1.44929708967e-14, 2.23524557831e-14, 2.00951383897e-14, 3.08647659026e-14, 3.6519778087e-14, 1.9095925809e-14, 1.98228359319e-14, 1.77021127655e-14, 2.6089656626e-14, 2.91371337864e-14, 1.7440203402e-14, 1.94663417872e-14, 1.73431029331e-14, 2.92669941017e-14, 3.0323118826e-14, 1.21616736457e-14, 2.1618776173e-14, 2.11053759511e-14, 1.814210403e-14, 1.4758393753e-14, 2.27921658326e-14, 1.88397813517e-14, 1.35888148946e-14, 2.83019660767e-14, 4.10295712336e-14, 2.5901469622e-14, 1.61483155271e-14, 2.28774688267e-14, 2.52404552744e-14, 1.51037951541e-14, 2.75921965126e-14, 2.50794021238e-14, 2.89011809005e-14, 2.82000307437e-14, 1.71014020816e-14, 2.69173467288e-14, 2.06924270606e-14, 1.34499828064e-14, 6.19412197383e-15, 5.82089988139e-16, 2.40438044489e-17],
        "stdev": [8.82309032022e-05, 0.000306005909806, 0.000487225013785, 0.000714530644473, 0.000876566220541, 0.000742857751902, 0.000710216525476, 0.000729715509806, 0.000611146329902, 0.0015148029197, 0.00158476643264, 0.00123181811068, 0.00135023356415, 0.00119390839245, 0.00138723489363, 0.00143286259845, 0.0010459247278, 0.00166955799796, 0.00122721551452, 0.00173826899845, 0.00134754180908, 0.00127631030045, 0.00078094919445, 0.000502168433741, 0.000566016067751, 0.000452769629192, 0.000606190878898, 0.000416761467932, 0.000560827786103, 0.000624014704954, 0.000429968291428, 0.000256708823144, 0.00033387899748, 0.000184994845768, 0.000231000158237, 0.000361766607966, 0.000294086348731, 0.000204269206733, 0.000269128067885, 0.000167982841958, 7.28568702471e-05, 0.000104585451481, 5.84339177294e-05, 3.83570622944e-05, 9.35905554798e-05, 0.000105811603134, 9.64389619185e-05, 7.2781513154e-05, 6.00750099693e-05, 7.37035443308e-05, 5.21172551089e-05, 5.57176826987e-05, 8.66703921929e-05, 7.71968552726e-05, 4.36620539404e-05, 3.85706189263e-05, 3.70165253116e-05, 4.87016113766e-05, 3.70808957086e-05, 3.11423464154e-05, 3.33747666446e-05, 3.50299014826e-05, 4.36711161456e-05, 3.86755127693e-05, 3.15667130053e-05, 2.77075669146e-05, 1.9271943529e-05, 1.57195154316e-05, 1.70610819623e-05, 1.3466227756e-05, 1.05613444248e-05, 8.73410044733e-06, 5.78155231779e-06, 6.48172090223e-06, 6.84315045874e-06, 6.93004085406e-06, 6.53584766042e-06, 5.908372259e-06, 6.56131533106e-06, 7.39474717193e-06, 7.0856003731e-06, 7.22194363334e-06, 6.10177630733e-06, 6.7495066105e-06, 7.7968743426e-06, 5.96166501055e-06, 6.3427578425e-06, 5.76151933274e-06, 5.01481554238e-06, 4.28191469837e-06, 3.59082923751e-06, 3.25528981193e-06, 4.81260667584e-06, 3.90862533095e-06, 2.97702467833e-06, 2.40447957367e-06, 2.30702084991e-06, 2.30912223742e-06, 1.66630820786e-06, 2.14001443055e-06, 1.40547672345e-06, 1.08845267732e-06, 6.7415481908e-07, 6.61052752093e-07, 5.08256903231e-07, 4.37064358039e-07, 4.32125858651e-07, 4.43502358394e-07, 5.15143369739e-07, 5.84728979902e-07, 3.42447037838e-07, 1.16194918576e-07, 1.11672218139e-08, 2.43173192693e-09, 1.76517789274e-09, 1.40562239626e-09, 2.50236775745e-10, 9.71981523046e-12, 9.32397301728e-12, 9.01982655233e-12, 8.6978774877e-12, 8.46082665734e-12, 8.18702831223e-12, 7.87522217577e-12, 7.41348388927e-12, 6.98352573686e-12, 6.80843229017e-12, 6.74378435039e-12]
    },
    "mfcc": {
        "mean": [-607.465881348, 99.8383178711, -7.63128137589, 7.59688186646, -5.01058101654, -4.43578195572, -9.94349575043, -0.328689575195, -7.17727899551, -1.74698698521, -1.42858052254, -2.49334907532, -1.92111456394],
        "cov": [[6333.79394531, 712.967529297, 131.337982178, 111.706848145, 45.0519714355, -71.3834228516, -91.4250946045, -36.5060653687, -88.6533966064, -27.4867687225, 35.813785553, 33.4159812927, 3.90523147583], [712.967529297, 460.591796875, -36.7788887024, 31.1625118256, 14.7801198959, -47.8712272644, 6.53107452393, -6.59867334366, -41.0222396851, -13.2060947418, 22.8238945007, -10.273859024, 2.02283334732], [131.337982178, -36.7788887024, 621.292114258, 125.99987793, 190.154006958, 73.3345413208, -36.9750518799, -90.8771972656, -20.8510246277, -4.78949117661, 19.5337486267, 67.7075958252, 38.7189559937], [111.706848145, 31.1625118256, 125.99987793, 232.704345703, 132.813110352, 16.4147090912, -42.5591621399, -18.3317947388, 5.13788700104, -11.0605325699, -17.024143219, 0.925031006336, -3.55167889595], [45.0519714355, 14.7801198959, 190.154006958, 132.813110352, 277.333282471, 53.878944397, -58.6157455444, -60.6807785034, 24.0455684662, 7.41235303879, -0.213778465986, 24.3870353699, 15.9006605148], [-71.3834228516, -47.8712272644, 73.3345413208, 16.4147090912, 53.878944397, 126.226264954, 27.2243900299, -9.29856777191, 27.636264801, 16.1759338379, -11.4897327423, 1.94720387459, -5.89374065399], [-91.4250946045, 6.53107452393, -36.9750518799, -42.5591621399, -58.6157455444, 27.2243900299, 149.518463135, 77.786567688, 9.06831073761, 11.8477134705, 14.4147987366, -8.37930583954, -15.2179441452], [-36.5060653687, -6.59867334366, -90.8771972656, -18.3317947388, -60.6807785034, -9.29856777191, 77.786567688, 115.82862854, 27.9122753143, 1.01055312157, -2.12901735306, -24.0101203918, -20.3983535767], [-88.6533966064, -41.0222396851, -20.8510246277, 5.13788700104, 24.0455684662, 27.636264801, 9.06831073761, 27.9122753143, 82.2930526733, 32.0601043701, -8.47318744659, -2.02866077423, 1.03530657291], [-27.4867687225, -13.2060947418, -4.78949117661, -11.0605325699, 7.41235303879, 16.1759338379, 11.8477134705, 1.01055312157, 32.0601043701, 63.7047195435, 24.9064044952, 8.644323349, 3.47988200188], [35.813785553, 22.8238945007, 19.5337486267, -17.024143219, -0.213778465986, -11.4897327423, 14.4147987366, -2.12901735306, -8.47318744659, 24.9064044952, 73.7459106445, 33.729724884, 12.6110401154], [33.4159812927, -10.273859024, 67.7075958252, 0.925031006336, 24.3870353699, 1.94720387459, -8.37930583954, -24.0101203918, -2.02866077423, 8.644323349, 33.729724884, 73.4888763428, 32.969493866], [3.90523147583, 2.02283334732, 38.7189559937, -3.55167889595, 15.9006605148, -5.89374065399, -15.2179441452, -20.3983535767, 1.03530657291, 3.47988200188, 12.6110401154, 32.969493866, 69.4216842651]],
        "icov": [[0.000199639267521, -0.000329179660184, -6.91378954798e-05, -1.76460835064e-05, 6.69815854053e-05, -6.60196164972e-05, 0.000247439689701, -0.000197064247914, 0.000111461158667, -8.61778316903e-05, 6.73945760354e-05, -0.000188151083421, 9.11807001103e-05], [-0.000329179660184, 0.00305913644843, 0.000422108307248, -0.000450713181635, -0.000594291544985, 0.000990350963548, -0.00115724676289, 0.000827248033602, 0.000770879036281, 0.000373164279154, -0.00110832380597, 0.00122798315715, -0.000531569239683], [-6.91378954798e-05, 0.000422108307248, 0.00258455285802, -0.000813531572931, -0.00106844375841, -0.000868490431458, -0.000701698183548, 0.00116722052917, 0.000898126221728, 0.000439416791778, -0.000322728912579, -0.00124943477567, -0.000514809449669], [-1.76460835064e-05, -0.000450713181635, -0.000813531572931, 0.00666572945192, -0.00287744216621, 0.000214157495066, 0.00152686377987, -0.00206418870948, 0.000502859125845, 0.000167847407283, 0.00141890207306, -2.48849864875e-05, 0.000952458300162], [6.69815854053e-05, -0.000594291544985, -0.00106844375841, -0.00287744216621, 0.00707325525582, -0.00188256532419, 0.00125302304514, 0.00204047863372, -0.00297557073645, 0.000700618082192, -0.00117916532326, -0.000133945752168, -0.000156361871632], [-6.60196164972e-05, 0.000990350963548, -0.000868490431458, 0.000214157495066, -0.00188256532419, 0.0121230790392, -0.00499586388469, 0.00387800531462, -0.00330450339243, -0.00135166279506, 0.00275461329147, 7.14828274795e-05, 0.00155764212832], [0.000247439689701, -0.00115724676289, -0.000701698183548, 0.00152686377987, 0.00125302304514, -0.00499586388469, 0.0141144944355, -0.0104312924668, 0.00339405471459, -0.00225133774802, -0.00159620819613, -0.000901645282283, 0.000587537768297], [-0.000197064247914, 0.000827248033602, 0.00116722052917, -0.00206418870948, 0.00204047863372, 0.00387800531462, -0.0104312924668, 0.0207825303078, -0.00944997183979, 0.00536285201088, -0.00247001065873, 0.00351763982326, 0.00156240782235], [0.000111461158667, 0.000770879036281, 0.000898126221728, 0.000502859125845, -0.00297557073645, -0.00330450339243, 0.00339405471459, -0.00944997183979, 0.023277066648, -0.0127745065838, 0.00654081441462, -0.0024137319997, -0.00188429455739], [-8.61778316903e-05, 0.000373164279154, 0.000439416791778, 0.000167847407283, 0.000700618082192, -0.00135166279506, -0.00225133774802, 0.00536285201088, -0.0127745065838, 0.026987971738, -0.0116136725992, 0.00267884857021, 0.000239706743741], [6.73945760354e-05, -0.00110832380597, -0.000322728912579, 0.00141890207306, -0.00117916532326, 0.00275461329147, -0.00159620819613, -0.00247001065873, 0.00654081441462, -0.0116136725992, 0.024310214445, -0.010539307259, 0.000783102761488], [-0.000188151083421, 0.00122798315715, -0.00124943477567, -2.48849864875e-05, -0.000133945752168, 7.14828274795e-05, -0.000901645282283, 0.00351763982326, -0.0024137319997, 0.00267884857021, -0.010539307259, 0.0242124330252, -0.00813953112811], [9.11807001103e-05, -0.000531569239683, -0.000514809449669, 0.000952458300162, -0.000156361871632, 0.00155764212832, 0.000587537768297, 0.00156240782235, -0.00188429455739, 0.000239706743741, 0.000783102761488, -0.00813953112811, 0.0192462969571]]
    },
    "spectral_contrast_coeffs": {
        "max": [-0.290299326181, -0.493481636047, -0.560739815235, -0.650668144226, -0.676800251007, -0.601103484631],
        "mean": [-0.680317461491, -0.74093079567, -0.771356761456, -0.787748992443, -0.785869061947, -0.761618852615],
        "min": [-0.980968356133, -0.966722607613, -0.976305544376, -0.97854757309, -0.941452860832, -0.924666345119],
        "stdev": [0.0771340727806, 0.0757602974772, 0.0576915331185, 0.0416020005941, 0.0363800041378, 0.0395281650126]
    },
    "spectral_contrast_valleys": {
        "max": [-5.19137954712, -4.85865926743, -4.78788948059, -5.92106294632, -5.7670788765, -8.00710010529],
        "mean": [-7.09260988235, -6.34936904907, -6.97395992279, -7.18938970566, -7.20184135437, -9.69284629822],
        "min": [-19.5058803558, -17.9669818878, -17.7898826599, -17.5522785187, -16.9762821198, -17.9471378326],
        "stdev": [1.44213271141, 1.26608371735, 1.1954407692, 1.13092911243, 1.061383605, 1.07932424545]
    }
},
"rhythm": {
    "beats_count": 72,
    "beats_loudness": {
        "max": 0.0890484675765,
        "mean": 0.0306700002402,
        "min": 0.00330662704073,
        "stdev": 0.0156845580786
    },
    "bpm": 124.837028503,
    "bpm_histogram_first_peak_bpm": 126,
    "bpm_histogram_first_peak_weight": 0.403508782387,
    "bpm_histogram_second_peak_bpm": 117,
    "bpm_histogram_second_peak_spread": 0,
    "bpm_histogram_second_peak_weight": 0.0845070406795,
    "danceability": 1.46515011787,
    "onset_rate": 3.20507621765,
    "beats_loudness_band_ratio": {
        "max": [0.440516203642, 0.842699885368, 0.871018648148, 0.625692546368, 0.453542053699, 0.265218377113],
        "mean": [0.12195866555, 0.221418753266, 0.326044291258, 0.170577839017, 0.114812649786, 0.0897702500224],
        "min": [0.000616327102762, 0.00374030997045, 0.0588494352996, 0.0179190896451, 0.0158378500491, 0.0110686104745],
        "stdev": [0.0963160023093, 0.187342897058, 0.181246176362, 0.144834905863, 0.0851978957653, 0.0452658161521]
    },
