{
"metadata": {
    "version": {
        "essentia": "2.1-beta5",
        "essentia_git_sha": "Undefined",
        "extractor": "music 2.0"
    },
    "audio_properties": {
        "analysis": {
            "equal_loudness": 0,
            "length": 23.7772331238,
            "sample_rate": 44100,
            "start_time": 191.4949646,
            "downmix": "mix"
        },
        "bit_rate": 192000,
        "length": 215.295425415,
        "lossless": 0,
        "number_channels": 2,
        "replay_gain": -8.58465003967,
        "sample_rate": 44100,
        "codec": "mp3",
        "md5_encoded": "4b6bbd1fdfd0e6895a7f870bedf7fc8f"
    },
    "tags": {
        "file_name": "Romania_Eu Cred_Malina Olinescu.mp3",
        "encoding": ["Lavf58.29.100"]
    }
},
"lowlevel": {
    "average_loudness": 0.303691208363,
    "barkbands_crest": {
        "max": 23.8814659119,
        "mean": 8.90991592407,
        "min": 2.83775925636,
        "stdev": 4.61561107635
    },
    "barkbands_flatness_db": {
        "max": 0.275725364685,
        "mean": 0.123990744352,
        "min": 0.0408463589847,
        "stdev": 0.0560364350677
    },
    "barkbands_kurtosis": {
        "max": 70.6682357788,
        "mean": 5.93994617462,
        "min": -1.64069926739,
        "stdev": 9.58256244659
    },
    "barkbands_skewness": {
        "max": 6.50522232056,
        "mean": 0.122060410678,
        "min": -2.25214910507,
        "stdev": 2.1232509613
    },
    "barkbands_spread": {
        "max": 74.7055664062,
        "mean": 19.3631076813,
        "min": 1.72067594528,
        "stdev": 9.04982185364
    },
    "dissonance": {
        "max": 0.500000178814,
        "mean": 0.468035101891,
        "min": 0.304318517447,
        "stdev": 0.0419833399355
    },
    "dynamic_complexity": 5.89965248108,
    "erbbands_crest": {
        "max": 30.3298835754,
        "mean": 8.71946144104,
        "min": 2.62922024727,
        "stdev": 6.98652362823
    },
    "erbbands_flatness_db": {
        "max": 0.325024545193,
        "mean": 0.159200191498,
        "min": 0.0841794759035,
        "stdev": 0.0591962821782
    },
    "erbbands_kurtosis": {
        "max": 27.4063339233,
        "mean": 1.7149630785,
        "min": -1.61600768566,
        "stdev": 4.06777858734
    },
    "erbbands_skewness": {
        "max": 4.66982126236,
        "mean": 0.323432356119,
        "min": -1.72917664051,
        "stdev": 1.26141893864
    },
    "erbbands_spread": {
        "max": 68.7493209839,
        "mean": 29.5041446686,
        "min": 5.08940076828,
        "stdev": 10.7422599792
    },
    "hfc": {
        "max": 78.4179458618,
        "mean": 10.3654432297,
        "min": 1.07302616832e-16,
        "stdev": 15.5094518661
    },
    "loudness_ebu128": {
        "integrated": -15.0303497314,
        "loudness_range": 10.7140312195,
        "momentary": {
            "max": -11.48183918,
            "mean": -134.417648315,
            "min": -300.691009521,
            "stdev": 138.417388916
        },
        "short_term": {
            "max": -12.7257022858,
            "mean": -114.497329712,
            "min": -300.691009521,
            "stdev": 132.653549194
        }
    },
    "melbands_crest": {
        "max": 30.8440761566,
        "mean": 8.50246620178,
        "min": 1.48520672321,
        "stdev": 7.15532922745
    },
    "melbands_flatness_db": {
        "max": 0.338781356812,
        "mean": 0.109344944358,
        "min": 0.00256224302575,
        "stdev": 0.105966500938
    },
    "melbands_kurtosis": {
        "max": 91.5909576416,
        "mean": 6.42540740967,
        "min": -1.41917037964,
        "stdev": 14.1601991653
    },
    "melbands_skewness": {
        "max": 6.0329041481,
        "mean": 1.03533518314,
        "min": -1.62013578415,
        "stdev": 1.43545424938
    },
    "melbands_spread": {
        "max": 164.989852905,
        "mean": 68.5442352295,
        "min": 1.8033708334,
        "stdev": 56.2198371887
    },
    "pitch_salience": {
        "max": 0.871978580952,
        "mean": 0.670400679111,
        "min": 0.188162341714,
        "stdev": 0.16844907403
    },
    "silence_rate_20dB": {
        "max": 1,
        "mean": 1,
        "min": 1,
        "stdev": 0
    },
    "silence_rate_30dB": {
        "max": 1,
        "mean": 1,
        "min": 1,
        "stdev": 0
    },
    "silence_rate_60dB": {
        "max": 1,
        "mean": 0.502439022064,
        "min": 0,
        "stdev": 0.499996572733
    },
    "spectral_centroid": {
        "max": 11898.1621094,
        "mean": 5417.64550781,
        "min": 370.448486328,
        "stdev": 4815.84716797
    },
    "spectral_complexity": {
        "max": 55,
        "mean": 10.8731708527,
        "min": 0,
        "stdev": 14.4148349762
    },
    "spectral_decrease": {
        "max": 2.26163084853e-28,
        "mean": -2.82913026339e-09,
        "min": -2.52616825236e-08,
        "stdev": 4.20736601114e-09
    },
    "spectral_energy": {
        "max": 0.101508274674,
        "mean": 0.0116179771721,
        "min": 9.80812770787e-21,
        "stdev": 0.0169855523854
    },
    "spectral_energyband_high": {
        "max": 0.00461770314723,
        "mean": 0.000237422791542,
        "min": 6.90768028227e-21,
        "stdev": 0.000452842825325
    },
    "spectral_energyband_low": {
        "max": 0.00530285900459,
        "mean": 0.000607563415542,
        "min": 1.00991172155e-23,
        "stdev": 0.000943135994021
    },
    "spectral_energyband_middle_high": {
        "max": 0.0354367755353,
        "mean": 0.00320166954771,
        "min": 1.11805909905e-21,
        "stdev": 0.00641088560224
    },
    "spectral_energyband_middle_low": {
        "max": 0.0838485136628,
        "mean": 0.00778862647712,
        "min": 1.60419055506e-22,
        "stdev": 0.0143637619913
    },
    "spectral_entropy": {
        "max": 9.83574390411,
        "mean": 8.40336894989,
        "min": 5.96773052216,
        "stdev": 1.25455975533
    },
    "spectral_flux": {
        "max": 0.225975215435,
        "mean": 0.0344250127673,
        "min": 6.23764026542e-11,
        "stdev": 0.0407688952982
    },
    "spectral_kurtosis": {
        "max": 18.3286762238,
        "mean": 2.66306138039,
        "min": -1.31212627888,
        "stdev": 3.82650113106
    },
    "spectral_rms": {
        "max": 0.00995150581002,
        "mean": 0.0022691602353,
        "min": 3.09336475705e-12,
        "stdev": 0.00248708855361
    },
    "spectral_rolloff": {
        "max": 19939.7460938,
        "mean": 8855.37695312,
        "min": 344.53125,
        "stdev": 8521.94238281
    },
    "spectral_skewness": {
        "max": 3.30638790131,
        "mean": 0.989115476608,
        "min": -0.111788317561,
        "stdev": 0.925023198128
    },
    "spectral_spread": {
        "max": 43078308,
        "mean": 19194082,
        "min": 2085298.875,
        "stdev": 18177406
    },
    "spectral_strongpeak": {
        "max": 6.57211875916,
        "mean": 0.870101630688,
        "min": 0,
        "stdev": 1.19305992126
    },
    "zerocrossingrate": {
        "max": 0.52978515625,
        "mean": 0.247702941298,
        "min": 0.01806640625,
        "stdev": 0.217268809676
    },
    "barkbands": {
        "max": [8.0905854702e-05, 0.0013664837461, 0.00435058632866, 0.00459098024294, 0.0167586226016, 0.0582184568048, 0.0589992776513, 0.0285608880222, 0.0122692100704, 0.0135657889768, 0.00946466065943, 0.00486901402473, 0.0075599970296, 0.00558571796864, 0.0136136002839, 0.00745894946158, 0.0100127998739, 0.00866993516684, 0.00559736089781, 0.00150925351772, 0.00176175392698, 0.00156126683578, 0.000349748384906, 0.000347853376297, 0.000140821954119, 9.58808523137e-05, 3.45959279002e-08],
        "mean": [4.74920580018e-06, 0.000149438958033, 0.0003543443745, 0.000162102718605, 0.000650517060421, 0.00282712955959, 0.00230243499391, 0.00101395417005, 0.000597886100877, 0.000561099441256, 0.000381397810997, 0.000254833925283, 0.00029628755874, 0.000375451199943, 0.000389700755477, 0.000337921752362, 0.000270350807114, 0.000207528821193, 0.000189261481864, 0.000102964244434, 7.87047392805e-05, 5.1478145906e-05, 2.7350281016e-05, 1.86868510355e-05, 8.40616939968e-06, 3.99720784117e-06, 4.07099770561e-10],
        "min": [1.21330320119e-25, 1.45449010135e-24, 5.06342106322e-25, 4.3168440886e-25, 6.69386106745e-24, 6.45802321123e-24, 4.11538873492e-24, 5.18655258698e-24, 8.3355192654e-24, 1.18609733607e-23, 6.75724761891e-24, 1.65211360261e-23, 2.70289589212e-23, 2.20300183623e-23, 2.6373006879e-23, 4.71015435872e-23, 4.96405208097e-23, 8.23653394565e-23, 9.40273668301e-23, 1.54152066796e-22, 1.81832350301e-22, 2.96887763815e-22, 3.65753225626e-22, 4.52446489511e-22, 8.15912902036e-22, 1.16276481842e-21, 1.78453715842e-21],
        "stdev": [9.72144607658e-06, 0.000228032135055, 0.000687727762852, 0.000362908525858, 0.00147508620284, 0.00753107434139, 0.00808007828891, 0.00283502135426, 0.00141802651342, 0.00144035823178, 0.00114442862105, 0.000600964645855, 0.000788961711805, 0.000824099755846, 0.000977851101197, 0.000835212529637, 0.000690631277394, 0.000540987122804, 0.000498780515045, 0.000229130499065, 0.000169938997715, 0.000118794836453, 4.57697860838e-05, 3.87793879781e-05, 1.43732031574e-05, 9.43541363085e-06, 1.46163825487e-09]
    },
    "erbbands": {
        "max": [0.035197917372, 0.422105848789, 3.44920420647, 7.90396165848, 12.8867692947, 80.9191665649, 209.098724365, 560.244567871, 855.857849121, 1528.31518555, 650.851806641, 259.253753662, 379.914642334, 362.9402771, 382.199920654, 240.604873657, 280.240631104, 312.981109619, 309.814727783, 847.475097656, 387.924316406, 514.21484375, 263.449005127, 503.840148926, 325.967041016, 72.1226730347, 79.2535629272, 80.6914672852, 60.3563461304, 16.3500003815, 8.36015033722, 9.62522983551, 7.4613404274, 1.65282511711, 1.01733386517, 0.546142935753, 0.349660485983, 0.0197699479759, 0.000354664312908, 0.000118190873764],
        "mean": [0.00298552657478, 0.0447716116905, 0.352579623461, 0.528661429882, 1.04171454906, 2.68172860146, 5.75513696671, 26.797208786, 35.0756950378, 30.889339447, 23.1985034943, 13.6949672699, 20.5553264618, 13.5804100037, 15.2756786346, 11.7011613846, 13.0330963135, 19.7571640015, 18.602312088, 21.1228580475, 18.5075969696, 14.2512540817, 10.8969745636, 12.3537912369, 7.49335956573, 4.7946805954, 3.59343671799, 2.85443282127, 1.89589107037, 1.42399561405, 0.586295902729, 0.425559014082, 0.277382344007, 0.0922474339604, 0.0632925778627, 0.0180482808501, 0.0108836777508, 0.000459613103885, 1.6719539417e-05, 1.46832680912e-05],
        "min": [4.9554001701e-23, 5.5730071983e-22, 1.52139941373e-21, 2.45282861337e-21, 6.60666449138e-21, 2.53511018337e-20, 4.18704059608e-20, 6.7335694262e-20, 8.6390000005e-20, 1.28144791319e-19, 1.53186986431e-19, 2.1610624708e-19, 3.32923988982e-19, 5.68025960616e-19, 5.39689027577e-19, 1.05034029334e-18, 1.22208387482e-18, 1.51361365215e-18, 1.70081961741e-18, 2.70143808413e-18, 2.63626617803e-18, 3.53158227803e-18, 4.01684199412e-18, 5.60218037378e-18, 5.80596376231e-18, 7.91637654248e-18, 7.84534406174e-18, 8.61856189267e-18, 9.17171990216e-18, 9.30489019052e-18, 1.04652798333e-17, 1.02210605477e-17, 8.15402139657e-18, 7.23853015464e-18, 6.03157024335e-18, 3.88601138612e-18, 2.09608104888e-18, 8.61133688361e-19, 1.88399948785e-19, 2.48110110549e-20],
        "stdev": [0.00462045287713, 0.0680134147406, 0.681668102741, 0.956000447273, 1.61618864536, 6.54390573502, 20.0675773621, 72.5604476929, 107.411315918, 158.757385254, 58.6962928772, 30.5428714752, 49.7289543152, 36.2108230591, 43.9621925354, 28.4282035828, 31.3189468384, 43.5603561401, 40.1738128662, 57.5273284912, 44.2023429871, 36.6870193481, 26.4856796265, 34.9031219482, 21.7943916321, 10.4905023575, 7.92836475372, 6.31982707977, 4.62306261063, 2.36575984955, 1.08782207966, 0.924266159534, 0.600623369217, 0.170233488083, 0.107006005943, 0.0409625954926, 0.0311699938029, 0.00144121295307, 3.06774854835e-05, 2.04816988116e-05]
    },
    "gfcc": {
        "mean": [-563.572692871, 51.5535202026, -85.052116394, 14.1430912018, -42.0629920959, 5.5228729248, -26.6661682129, 4.49956178665, -10.0735197067, 1.86871886253, -8.89199066162, -3.10097575188, -4.18175792694],
        "cov": [[366684.125, 27477.2714844, -43420.1210938, 7150.67773438, -21773.6132812, 2774.26049805, -13685.6669922, 2272.84204102, -5219.00097656, 909.631591797, -4595.38476562, -1666.35290527, -2103.28198242], [27477.2714844, 2686.58935547, -2837.18432617, 565.909362793, -1668.66223145, 43.8827781677, -1164.11535645, 54.6331062317, -374.709716797, 42.1910820007, -281.892944336, -193.750488281, -177.4165802], [-43420.1210938, -2837.18432617, 6464.82470703, -1085.78308105, 2477.63061523, -546.337890625, 1360.45251465, -383.815887451, 556.66217041, -3.56693482399, 420.862945557, 218.759552002, 36.060005188], [7150.67773438, 565.909362793, -1085.78308105, 401.021362305, -378.77432251, 86.3134765625, -254.880615234, 34.4900283813, -68.0718154907, -4.4447517395, -23.6049365997, -47.2235527039, 65.1915588379], [-21773.6132812, -1668.66223145, 2477.63061523, -378.77432251, 1382.76379395, -116.148727417, 866.820678711, -109.101570129, 318.964935303, -74.4411239624, 261.741607666, 102.289649963, 134.753204346], [2774.26049805, 43.8827781677, -546.337890625, 86.3134765625, -116.148727417, 167.19960022, 7.9952750206, 80.2272567749, -34.6098937988, -11.2498397827, -43.6000061035, -14.9407091141, 7.56939888], [-13685.6669922, -1164.11535645, 1360.45251465, -254.880615234, 866.820678711, 7.9952750206, 666.874328613, -12.921833992, 214.726196289, -69.3867874146, 185.793014526, 46.6212539673, 96.4666366577], [2272.84204102, 54.6331062317, -383.815887451, 34.4900283813, -109.101570129, 80.2272567749, -12.921833992, 95.2654342651, -16.6476802826, -2.82304859161, -38.2276802063, -26.441740036, -27.6158924103], [-5219.00097656, -374.709716797, 556.66217041, -68.0718154907, 318.964935303, -34.6098937988, 214.726196289, -16.6476802826, 133.625152588, -16.155582428, 94.7128982544, 12.8827543259, 43.5773391724], [909.631591797, 42.1910820007, -3.56693482399, -4.4447517395, -74.4411239624, -11.2498397827, -69.3867874146, -2.82304859161, -16.155582428, 60.4021034241, -11.4253578186, 16.9902439117, -17.3630237579], [-4595.38476562, -281.892944336, 420.862945557, -23.6049365997, 261.741607666, -43.6000061035, 185.793014526, -38.2276802063, 94.7128982544, -11.4253578186, 169.788986206, 12.8971605301, 80.8165206909], [-1666.35290527, -193.750488281, 218.759552002, -47.2235527039, 102.289649963, -14.9407091141, 46.6212539673, -26.441740036, 12.8827543259, 16.9902439117, 12.8971605301, 92.1285476685, 29.2966747284], [-2103.28198242, -177.4165802, 36.060005188, 65.1915588379, 134.753204346, 7.56939888, 96.4666366577, -27.6158924103, 43.5773391724, -17.3630237579, 80.8165206909, 29.2966747284, 136.359710693]],
        "icov": [[0.000261453998974, -0.000838497304358, 0.000573678466026, -0.000296490237815, 0.00130547664594, -0.000591800664552, 0.000427587976446, -0.000937913602684, 0.000430847139796, -0.000703427474946, 0.000854523910675, -0.00082899373956, 0.000626588531304], [-0.000838497304358, 0.00550230918452, -0.00204997835681, 6.33526869933e-05, -0.00219969195314, 0.001389886369, 0.00165957573336, 0.00429451419041, -0.00182081805542, 0.00563480285928, -0.00421639718115, 0.00436574826017, -0.000609922397416], [0.000573678466026, -0.00204997835681, 0.00261151255108, 0.000480588991195, 0.000567571900319, -4.31170046795e-05, 0.000897868536413, -0.000199010508368, 0.000529723998625, -0.00362288742326, 0.00223923870362, -0.00151957862545, 0.00239588972181], [-0.000296490237815, 6.33526869933e-05, 0.000480588991195, 0.00864926539361, -0.00517099210992, -0.00286634359509, 0.00517579633743, 0.00101337675005, -0.0023370354902, 0.000620650418568, -0.00246070534922, 0.00327188195661, -0.0053588077426], [0.00130547664594, -0.00219969195314, 0.000567571900319, -0.00517099210992, 0.0196187477559, -0.00077462173067, -0.00715581560507, -0.00203467695974, -0.000391954788938, 0.000672793597914, 0.00580244371668, -0.00568511290476, 0.00289548980072], [-0.000591800664552, 0.001389886369, -4.31170046795e-05, -0.00286634359509, -0.00077462173067, 0.0204103831202, -0.0121448757127, -0.00409825704992, 0.00332853547297, -0.00265865470283, 0.00382338976488, 0.00019837160653, -0.00225467956625], [0.000427587976446, 0.00165957573336, 0.000897868536413, 0.00517579633743, -0.00715581560507, -0.0121448757127, 0.0264635402709, -0.00646466109902, -0.00286646024324, 0.00893201865256, -0.00755407009274, 0.00235366728157, -0.000217513486859], [-0.000937913602684, 0.00429451419041, -0.000199010508368, 0.00101337675005, -0.00203467695974, -0.00409825704992, -0.00646466109902, 0.031340572983, -0.00730711501092, -0.000479524402181, -0.000145777870785, 0.00652224058285, 0.00480681844056], [0.000430847139796, -0.00182081805542, 0.000529723998625, -0.0023370354902, -0.000391954788938, 0.00332853547297, -0.00286646024324, -0.00730711501092, 0.0232327952981, -0.003064150922, -0.00329581764527, -0.000463194795884, 0.00024237735488], [-0.000703427474946, 0.00563480285928, -0.00362288742326, 0.000620650418568, 0.000672793597914, -0.00265865470283, 0.00893201865256, -0.000479524402181, -0.003064150922, 0.0320839323103, -0.00858423300087, -0.00235018739477, 0.000866549729835], [0.000854523910675, -0.00421639718115, 0.00223923870362, -0.00246070534922, 0.00580244371668, 0.00382338976488, -0.00755407009274, -0.000145777870785, -0.00329581764527, -0.00858423300087, 0.0194923244417, -0.00156857445836, -0.00360814505257], [-0.00082899373956, 0.00436574826017, -0.00151957862545, 0.00327188195661, -0.00568511290476, 0.00019837160653, 0.00235366728157, 0.00652224058285, -0.000463194795884, -0.00235018739477, -0.00156857445836, 0.0201552733779, -0.00655794143677], [0.000626588531304, -0.000609922397416, 0.00239588972181, -0.0053588077426, 0.00289548980072, -0.00225467956625, -0.000217513486859, 0.00480681844056, 0.00024237735488, 0.000866549729835, -0.00360814505257, -0.00655794143677, 0.0201046187431]]
    },
    "melbands": {
        "max": [0.000365789834177, 0.00126336165704, 0.00146302732173, 0.00249975267798, 0.00568591197953, 0.0126975821331, 0.0117651438341, 0.0144543452188, 0.00594604155049, 0.00191571074538, 0.00189647206571, 0.00169467006344, 0.00135816098191, 0.000581878994126, 0.00042513909284, 0.000964001286775, 0.000559713109396, 0.000606174580753, 0.00121611508075, 0.000730721512809, 0.000534254708327, 0.000584471155889, 0.000430616812082, 0.000394046277506, 0.00046802390716, 0.000239672910539, 0.00015381067351, 4.96514621773e-05, 7.30599276721e-05, 5.62685672776e-05, 4.05576902267e-05, 4.93477637065e-05, 1.14309186756e-05, 8.95786706678e-06, 4.42650980403e-06, 4.30971294918e-06, 8.35420269141e-06, 7.11834400136e-06, 2.20472861656e-06, 1.52804443587e-06],
        "mean": [3.40802762366e-05, 0.000137248178362, 9.82625133474e-05, 0.000147149898112, 0.000172738495166, 0.000617426761892, 0.000535716477316, 0.000292758981232, 0.000174003114807, 8.46540788189e-05, 0.00010303689487, 5.44579743291e-05, 5.12803526362e-05, 3.31186784024e-05, 2.46476265602e-05, 3.44833242707e-05, 3.62859682355e-05, 2.88691826427e-05, 2.97277256323e-05, 2.55142913375e-05, 2.14692354348e-05, 1.57961458171e-05, 1.06565303213e-05, 9.62092690315e-06, 1.03335723907e-05, 5.78625849812e-06, 4.34802950622e-06, 2.91466812996e-06, 2.31790772887e-06, 1.93729897546e-06, 1.56574719767e-06, 1.19091203032e-06, 7.70740939515e-07, 7.74470720444e-07, 3.19644897218e-07, 2.46225084766e-07, 2.73163209386e-07, 2.37996857777e-07, 9.61291419799e-08, 6.84822936137e-08],
        "min": [4.17047390586e-25, 1.42162595882e-24, 8.14676822079e-25, 1.06045506527e-24, 1.2146639616e-24, 1.59249392115e-24, 9.33468871302e-25, 1.25619946041e-24, 1.30716155122e-24, 1.09452498169e-24, 1.61095050531e-24, 2.16851611123e-24, 1.97755063544e-24, 1.80993761182e-24, 1.57628963347e-24, 2.33594966899e-24, 1.87443310449e-24, 2.07545517631e-24, 2.82158683896e-24, 3.41336445486e-24, 2.84957089071e-24, 3.13669397489e-24, 3.2170447829e-24, 3.08036161486e-24, 3.5279019307e-24, 3.14611810169e-24, 3.86574541843e-24, 4.28098799387e-24, 4.28386694174e-24, 3.68659274027e-24, 4.31427358534e-24, 4.62449629176e-24, 4.74344389449e-24, 4.59976471352e-24, 4.99069459586e-24, 5.09007844815e-24, 5.29253052757e-24, 3.45632148102e-24, 5.32460797856e-24, 4.52791802328e-24],
        "stdev": [5.25965369889e-05, 0.000240753419348, 0.0001647676836, 0.000266762188403, 0.000585647008847, 0.00167619576678, 0.0015952627873, 0.00148130778689, 0.000467764824862, 0.00020782383217, 0.000252250232734, 0.000150842097355, 0.000149940198753, 7.7675387729e-05, 5.51584817003e-05, 9.11524475669e-05, 8.01094138296e-05, 6.48200148134e-05, 8.02808863227e-05, 6.81816309225e-05, 5.18613815075e-05, 4.10129541706e-05, 2.9285054552e-05, 2.47454609053e-05, 3.12517004204e-05, 1.67495581991e-05, 1.18356883831e-05, 6.6613592935e-06, 5.42295993e-06, 4.34511821368e-06, 3.4883889839e-06, 3.28321220877e-06, 1.50058917825e-06, 1.30759349304e-06, 6.43664861855e-07, 5.06635331021e-07, 6.99973782048e-07, 6.00288501573e-07, 1.91588597431e-07, 1.48904305775e-07]
    },
    "melbands128": {
        "max": [5.30558427272e-05, 0.000207508841413, 0.000608851667494, 0.000828125339467, 0.00192041392438, 0.00251569552347, 0.00182856945321, 0.00246503367089, 0.0013996824855, 0.00237340130843, 0.00569067429751, 0.00736366491765, 0.00959735922515, 0.0173110309988, 0.0147851034999, 0.029495254159, 0.0270891226828, 0.0209186412394, 0.0214718431234, 0.0302687119693, 0.010602532886, 0.00361216277815, 0.0117557654157, 0.00346802757122, 0.0022263857536, 0.00382413645275, 0.00314275734127, 0.00361564778723, 0.00367652461864, 0.00325526320376, 0.00146022054832, 0.00179501867387, 0.00249765464105, 0.00253416225314, 0.000548009644262, 0.000939408724662, 0.00127950776368, 0.000530765624717, 0.000401478173444, 0.00119812518824, 0.00164697144646, 0.0011600186117, 0.000677227275446, 0.000687788822688, 0.00095483509358, 0.000820995832328, 0.000605781795457, 0.00089783599833, 0.00286987354048, 0.000716251379345, 0.00118362123612, 0.000693033100106, 0.000575066660531, 0.000818406697363, 0.000885565939825, 0.000744614575524, 0.000472290877951, 0.000738786358852, 0.000383556704037, 0.000353662122507, 0.000191374274436, 0.00117729685735, 0.00121176231187, 0.000372444133973, 0.000174234650331, 0.000244541384745, 0.000384693121305, 0.000273979443591, 9.14847405511e-05, 7.05590136931e-05, 6.76796553307e-05, 8.17638720036e-05, 0.000109347893158, 8.01534115453e-05, 4.57776841358e-05, 4.06873041356e-05, 0.000118082403787, 3.72814356524e-05, 3.2557931263e-05, 6.22830702923e-05, 0.000107334759377, 2.97929127555e-05, 1.61653006217e-05, 1.50544055941e-05, 1.29258314701e-05, 1.39246285471e-05, 8.89264265425e-06, 4.89268268211e-06, 5.26036183146e-06, 6.3964025685e-06, 4.2179567572e-06, 4.55174267699e-06, 5.13204486197e-06, 1.70830026036e-05, 8.19791875983e-06, 1.78477675945e-05, 1.08170670501e-05, 2.0385202788e-06, 2.86055569632e-06, 2.99988687402e-06, 2.30700698012e-06, 9.89780346572e-07, 5.99619579589e-06, 2.18372338168e-06, 1.72782381469e-06, 1.23687198084e-06, 3.40148767464e-06, 1.79675510026e-06, 1.56958833486e-06, 1.86301645044e-06, 6.62103730065e-07, 1.17712079373e-06, 3.04288869302e-06, 1.31292483729e-06, 3.92643158875e-07, 4.72020367237e-10, 2.60177657196e-10, 2.04476824361e-10, 1.71552494432e-10, 1.5216983229e-10, 1.36151409591e-10, 1.26855581595e-10, 1.19883436511e-10, 1.14940043594e-10, 1.11551774762e-10, 1.09381941005e-10, 1.06354897111e-10, 1.06929957944e-10],
        "mean": [3.1274205412e-06, 1.7519118046e-05, 4.42425698566e-05, 7.07859944669e-05, 0.000171315376065, 0.000163128162967, 0.000111820350867, 6.97201685398e-05, 7.1136157203e-05, 0.000215767722693, 0.000142206670716, 9.41597536439e-05, 0.00015810826153, 0.000296778074699, 0.000456685811514, 0.00100630917586, 0.000750442268327, 0.000350272690412, 0.0003801806306, 0.000456444628071, 0.000125755614135, 0.000155773916049, 0.000268486357527, 7.09380838089e-05, 6.19092388661e-05, 9.05064152903e-05, 0.000121235665574, 0.000113632937428, 8.25879178592e-05, 5.70132033317e-05, 4.54178698419e-05, 4.43236640422e-05, 5.63984613109e-05, 6.00340754318e-05, 2.30258865486e-05, 3.14069147862e-05, 3.67169668607e-05, 1.99697988137e-05, 1.97726294573e-05, 2.86218019028e-05, 3.63677354471e-05, 4.68729413114e-05, 3.73086731997e-05, 3.02704083879e-05, 3.08015769406e-05, 2.71053595498e-05, 2.97069036606e-05, 2.81704888039e-05, 3.25762630382e-05, 2.78084098682e-05, 2.64438840532e-05, 2.00181275432e-05, 2.00103932002e-05, 2.40444696828e-05, 2.10154794331e-05, 1.42447215694e-05, 1.18994839795e-05, 1.18700727398e-05, 9.80644472293e-06, 9.14314205147e-06, 8.54741938383e-06, 9.91535671346e-06, 1.45956264532e-05, 9.16499175219e-06, 6.12415124124e-06, 5.68580799154e-06, 5.69365738556e-06, 4.97969995195e-06, 4.20007199864e-06, 3.25407017954e-06, 2.82839141619e-06, 2.84559268948e-06, 2.49027766586e-06, 2.27029818234e-06, 2.01819625545e-06, 1.96331279767e-06, 1.98848351829e-06, 1.63085906024e-06, 1.43810768805e-06, 1.54991505497e-06, 1.49147831507e-06, 9.28583233417e-07, 7.48823538288e-07, 7.01608257714e-07, 7.86905900441e-07, 1.12150178211e-06, 6.36101333384e-07, 3.36133979317e-07, 3.20671404097e-07, 2.98998884318e-07, 2.7062509389e-07, 2.21266461153e-07, 2.14336765225e-07, 3.21928837366e-07, 2.21239162101e-07, 3.54427839966e-07, 2.40944984853e-07, 9.45845783917e-08, 1.10019712452e-07, 8.64009876977e-08, 5.90792055277e-08, 4.92971956589e-08, 1.08871638815e-07, 5.70679610234e-08, 1.13322812467e-07, 4.47928023561e-08, 5.28700674352e-08, 2.84107368742e-08, 2.59946837389e-08, 2.75112377324e-08, 1.50434349422e-08, 1.30305091162e-08, 8.80531700886e-08, 2.32748131879e-08, 4.77060113635e-10, 3.02076202593e-12, 2.06049825639e-12, 1.94397124266e-12, 1.85919747479e-12, 1.79853918217e-12, 1.74540200001e-12, 1.70216998049e-12, 1.66486117427e-12, 1.63011574725e-12, 1.60782899581e-12, 1.58885599989e-12, 1.57402281313e-12, 1.56563520828e-12],
        "min": [2.43902587719e-26, 1.29237529032e-25, 1.81612543676e-25, 1.39934704774e-25, 3.56592665336e-25, 2.54857908947e-25, 2.77369854467e-25, 1.23185647013e-25, 2.16750602414e-25, 6.92970868583e-25, 2.83197835575e-25, 3.17770995949e-25, 2.55036635246e-25, 5.10547622415e-25, 5.46241556921e-25, 4.8055320795e-25, 7.1203048761e-25, 2.16554767694e-25, 1.94369854324e-25, 2.86092634622e-25, 3.92159765799e-25, 4.58199996036e-25, 6.41528805219e-25, 3.15351485597e-25, 6.98429983262e-25, 5.68417077916e-25, 2.1248148441e-25, 4.74329539143e-25, 2.60193394332e-25, 1.23306788931e-24, 6.90868406359e-25, 7.28421439499e-25, 4.69833031983e-25, 2.02879999488e-25, 5.42138346226e-25, 5.85557447664e-25, 7.49076135277e-25, 1.9394050445e-25, 5.39123418454e-25, 1.24531909638e-24, 8.98542449154e-25, 1.10643845769e-24, 9.72606923215e-25, 1.25074991067e-24, 1.06961906519e-24, 1.34793816584e-24, 7.48045340592e-25, 6.93455771521e-25, 6.9707708681e-25, 1.31592047107e-24, 1.11150679039e-24, 1.56037673129e-24, 9.4455236702e-25, 1.19910013037e-24, 4.80495966231e-25, 1.56021659252e-24, 1.33993980652e-24, 1.25337247875e-24, 1.07759109628e-24, 1.31130790275e-24, 1.48705960433e-24, 1.78865020029e-24, 1.97447979715e-24, 2.26265719393e-24, 8.12654527844e-25, 1.85372866118e-24, 2.2122387269e-24, 8.91635183067e-25, 2.57042102091e-24, 1.86834191501e-24, 2.49446949296e-24, 2.62444911824e-24, 1.72026660943e-24, 2.08254979686e-24, 2.46489825307e-24, 2.57474812019e-24, 2.40587272191e-24, 2.43854221301e-24, 1.80559611583e-24, 2.05608252742e-24, 2.35008092882e-24, 1.74353918943e-24, 2.52126611183e-24, 2.59472365604e-24, 2.86327498235e-24, 3.4505328197e-24, 2.81719860296e-24, 2.86027021117e-24, 3.08887973492e-24, 2.4938677893e-24, 2.24467708175e-24, 3.3728943127e-24, 2.92281958399e-24, 3.19487384716e-24, 3.27987558185e-24, 2.52935272497e-24, 2.81002568796e-24, 3.61251475696e-24, 4.25777931161e-24, 2.96020034963e-24, 3.44318142492e-24, 3.12067122383e-24, 3.92455815436e-24, 3.59502649956e-24, 3.885813251e-24, 3.56661291304e-24, 4.95083108774e-24, 4.43455041869e-24, 4.38708939119e-24, 5.01372972872e-24, 4.23228687703e-24, 4.23490195093e-24, 3.65668662892e-24, 4.6089502099e-24, 3.74285430003e-24, 4.33546160039e-24, 4.42295416339e-24, 4.12236660406e-24, 4.17780459304e-24, 4.28843641854e-24, 5.01962212526e-24, 4.65980965018e-24, 6.00976325703e-24, 5.08751622793e-24, 4.88538758147e-24, 5.03977081607e-24, 4.95990141043e-24, 5.14688116649e-24],
        "stdev": [6.36989943814e-06, 3.02193820971e-05, 8.25681781862e-05, 0.000112982976134, 0.000347825698555, 0.000311350595439, 0.000216812215513, 0.000172697022208, 0.000121079021483, 0.000370184832718, 0.000418912561145, 0.000548641721252, 0.000674473878462, 0.00141433987301, 0.0014483674895, 0.00327697489411, 0.00290105375461, 0.00184914958663, 0.00194065261167, 0.00298091000877, 0.000685359467752, 0.000427086954005, 0.000854933809023, 0.000202966548386, 0.000200699883862, 0.000295949168503, 0.000331886694767, 0.000330847426085, 0.00027107441565, 0.000185422570212, 0.000142490505823, 0.000155058514792, 0.000186537828995, 0.000231491547311, 5.80715386604e-05, 9.16997960303e-05, 0.000120188160508, 5.52453238924e-05, 4.83162984892e-05, 8.3830607764e-05, 0.000132432920509, 0.000135365335154, 9.23329644138e-05, 7.76076558395e-05, 8.59619758558e-05, 7.03644182067e-05, 6.6779764893e-05, 7.68651807448e-05, 0.000135653521284, 7.58478126954e-05, 8.31399665913e-05, 5.64050678804e-05, 5.50091826881e-05, 6.41184160486e-05, 5.20648900419e-05, 4.3271593313e-05, 3.42583152815e-05, 3.90257082472e-05, 2.88585797534e-05, 2.5963263397e-05, 2.14189894905e-05, 4.37627350038e-05, 6.05846325925e-05, 3.03695960611e-05, 1.68867372849e-05, 1.80261522473e-05, 2.27804594033e-05, 1.84638047358e-05, 1.06853985926e-05, 7.87759654486e-06, 6.85463919581e-06, 7.37858272259e-06, 6.74224065733e-06, 5.71081454837e-06, 4.92465551361e-06, 4.4171515583e-06, 5.53338168174e-06, 4.0138188524e-06, 3.32585955221e-06, 4.02567957281e-06, 5.35308481631e-06, 2.51327946899e-06, 1.7286226921e-06, 1.65373865002e-06, 1.49331663124e-06, 2.11212022805e-06, 1.13236387733e-06, 7.27638791886e-07, 6.69641792683e-07, 6.74403736411e-07, 5.94511845975e-07, 5.0264230822e-07, 4.95952576784e-07, 1.16855392207e-06, 5.06823255364e-07, 1.41243037888e-06, 6.00789007876e-07, 1.89625581015e-07, 2.69651849294e-07, 1.92062231008e-07, 1.39179761049e-07, 1.02912274258e-07, 4.29956514836e-07, 1.49455075871e-07, 2.26633773082e-07, 1.02560917981e-07, 2.00415527729e-07, 9.12071342896e-08, 8.20687660052e-08, 9.91707622688e-08, 4.42246985699e-08, 5.57665025269e-08, 2.68850641305e-07, 8.88708697744e-08, 1.23609389391e-08, 2.08541985763e-11, 9.3930202158e-12, 7.86371575495e-12, 6.97633357333e-12, 6.44904832661e-12, 6.01835985561e-12, 5.75031819036e-12, 5.54261844754e-12, 5.38694306176e-12, 5.27440591203e-12, 5.19453056957e-12, 5.10843580978e-12, 5.10311844865e-12]
    },
    "mfcc": {
        "mean": [-928.041687012, 67.5431594849, -11.7774190903, 6.96382379532, -3.71456313133, -0.735643744469, -8.43282222748, -1.92458713055, -1.08897662163, 1.80571436882, -0.324487626553, -1.58458781242, -1.59253776073],
        "cov": [[89316.4921875, 16838.6015625, -3407.82641602, 1639.52624512, -1138.42883301, -183.403640747, -2028.62524414, -393.742889404, -217.871932983, 494.504333496, -137.871963501, -404.728240967, -447.077484131], [16838.6015625, 4107.12060547, -46.0133323669, 427.493774414, -131.576141357, -128.91003418, -578.982116699, -239.265441895, -181.87336731, 50.2897453308, -28.3793525696, -82.3280410767, -68.933380127], [-3407.82641602, -46.0133323669, 904.039733887, 37.073638916, 120.403312683, -65.6647415161, -89.6478729248, -176.511749268, -103.836257935, -56.3489074707, -16.4609165192, 24.1867198944, 32.1861228943], [1639.52624512, 427.493774414, 37.073638916, 185.88609314, 49.7996253967, 2.92254447937, -91.0249252319, -55.6769790649, -38.6368331909, -13.62758255, -17.1326332092, -7.93992376328, 2.44344711304], [-1138.42883301, -131.576141357, 120.403312683, 49.7996253967, 94.5436859131, 15.7062292099, 0.314749449492, -19.3470554352, -0.695358633995, -20.7320327759, -3.17142081261, 1.49318242073, 12.1644592285], [-183.403640747, -128.91003418, -65.6647415161, 2.92254447937, 15.7062292099, 70.8890533447, 36.1586532593, 34.1498832703, 30.5734329224, -10.6100826263, -6.97543334961, 0.544487118721, 6.70132446289], [-2028.62524414, -578.982116699, -89.6478729248, -91.0249252319, 0.314749449492, 36.1586532593, 165.001296997, 82.8420410156, 51.1416740417, 17.1598186493, 26.2738933563, 8.23497581482, -11.9949817657], [-393.742889404, -239.265441895, -176.511749268, -55.6769790649, -19.3470554352, 34.1498832703, 82.8420410156, 126.449264526, 54.5191078186, 31.0726242065, 24.2777709961, 5.66949892044, -12.9361114502], [-217.871932983, -181.87336731, -103.836257935, -38.6368331909, -0.695358633995, 30.5734329224, 51.1416740417, 54.5191078186, 85.2236022949, 15.0190162659, 14.3387813568, -12.0247354507, -3.34960627556], [494.504333496, 50.2897453308, -56.3489074707, -13.62758255, -20.7320327759, -10.6100826263, 17.1598186493, 31.0726242065, 15.0190162659, 73.8930358887, 33.9234008789, 14.4594955444, -29.5039424896], [-137.871963501, -28.3793525696, -16.4609165192, -17.1326332092, -3.17142081261, -6.97543334961, 26.2738933563, 24.2777709961, 14.3387813568, 33.9234008789, 52.9748535156, 12.8350830078, -8.65541648865], [-404.728240967, -82.3280410767, 24.1867198944, -7.93992376328, 1.49318242073, 0.544487118721, 8.23497581482, 5.66949892044, -12.0247354507, 14.4594955444, 12.8350830078, 44.2183189392, 1.0779838562], [-447.077484131, -68.933380127, 32.1861228943, 2.44344711304, 12.1644592285, 6.70132446289, -11.9949817657, -12.9361114502, -3.34960627556, -29.5039424896, -8.65541648865, 1.0779838562, 61.5102767944]],
        "icov": [[0.000151764281327, -0.000584639434237, 0.000419423246058, -0.000306048896164, 0.000684713304508, -0.000303734239424, -5.44233407709e-05, 0.000301909545669, -0.000573240453377, -0.000337955367286, 0.000434128887719, -0.000204661002499, 6.24847743893e-05], [-0.000584639434237, 0.00300277001224, -0.00156823010184, 0.00025221996475, -0.00133749702945, 0.000672455702443, 0.00249406159855, -0.00113527744543, 0.00272590550594, 0.00081238639541, -0.00271793361753, 0.00211335206404, 0.000483837298816], [0.000419423246058, -0.00156823010184, 0.00333773647435, 0.000556955812499, -0.00118881114759, -2.94615947496e-05, 0.000380318844691, 0.00308309146203, -0.000316978344927, -0.000717266579159, 0.000689168402459, -0.00128973950632, 0.000241533911321], [-0.000306048896164, 0.00025221996475, 0.000556955812499, 0.0131653062999, -0.0105171203613, -0.00255494425073, 0.0032852711156, 0.00117270799819, 0.00486404821277, -0.000703807803802, -0.000420640863013, 0.00101879914291, 0.000339552003425], [0.000684713304508, -0.00133749702945, -0.00118881114759, -0.0105171203613, 0.025233566761, -0.00467114336789, -0.000399081152864, 0.00123190111481, -0.00600624829531, 0.00153205206152, -0.00144703092519, -6.41017541056e-05, 0.000422849989263], [-0.000303734239424, 0.000672455702443, -2.94615947496e-05, -0.00255494425073, -0.00467114336789, 0.0248036254197, -0.00543403206393, -0.00440019974485, -0.00616916501895, 0.00541066518053, 0.00567356543615, -0.00558858178556, -0.00194506708067], [-5.44233407709e-05, 0.00249406159855, 0.000380318844691, 0.0032852711156, -0.000399081152864, -0.00543403206393, 0.020333096385, -0.0043888729997, 0.00160199322272, -0.000230129473493, -0.00686522992328, 0.00377210159786, 0.00472771190107], [0.000301909545669, -0.00113527744543, 0.00308309146203, 0.00117270799819, 0.00123190111481, -0.00440019974485, -0.0043888729997, 0.0191702935845, -0.00479922257364, -0.00388633133844, -0.00122512923554, -0.00214291084558, 0.000413508532802], [-0.000573240453377, 0.00272590550594, -0.000316978344927, 0.00486404821277, -0.00600624829531, -0.00616916501895, 0.00160199322272, -0.00479922257364, 0.0253074131906, -0.0034206865821, -0.00590830342844, 0.0112174833193, -0.00126658158842], [-0.000337955367286, 0.00081238639541, -0.000717266579159, -0.000703807803802, 0.00153205206152, 0.00541066518053, -0.000230129473493, -0.00388633133844, -0.0034206865821, 0.0291533675045, -0.0124946739525, -0.00795492716134, 0.00928128603846], [0.000434128887719, -0.00271793361753, 0.000689168402459, -0.000420640863013, -0.00144703092519, 0.00567356543615, -0.00686522992328, -0.00122512923554, -0.00590830342844, -0.0124946739525, 0.034081235528, -0.00745167071, -0.0035514109768], [-0.000204661002499, 0.00211335206404, -0.00128973950632, 0.00101879914291, -6.41017541056e-05, -0.00558858178556, 0.00377210159786, -0.00214291084558, 0.0112174833193, -0.00795492716134, -0.00745167071, 0.0330817252398, -0.00241141696461], [6.24847743893e-05, 0.000483837298816, 0.000241533911321, 0.000339552003425, 0.000422849989263, -0.00194506708067, 0.00472771190107, 0.000413508532802, -0.00126658158842, 0.00928128603846, -0.0035514109768, -0.00241141696461, 0.0221765488386]]
    },
    "spectral_contrast_coeffs": {
        "max": [-0.410980552435, -0.424760729074, -0.526281416416, -0.656462013721, -0.66365301609, -0.592525601387],
        "mean": [-0.817320883274, -0.813599288464, -0.854524433613, -0.874050855637, -0.866791188717, -0.825805544853],
        "min": [-0.984961688519, -0.985767662525, -0.977798044682, -0.973265349865, -0.972660660744, -0.966033756733],
        "stdev": [0.143596157432, 0.153573170304, 0.103927589953, 0.0811116024852, 0.0840423703194, 0.119028933346]
    },
    "spectral_contrast_valleys": {
        "max": [-6.17343044281, -5.09392547607, -5.39976119995, -5.53900432587, -5.96317386627, -9.28048992157],
        "mean": [-15.9423027039, -15.5396518707, -15.8630971909, -15.8485774994, -16.0126075745, -17.8894348145],
        "min": [-28.1328163147, -28.1308231354, -27.8978233337, -27.7429656982, -27.5864028931, -27.4431324005],
        "stdev": [9.65298461914, 9.97152996063, 9.73677349091, 9.72700119019, 9.59723091125, 8.01117134094]
    }
},
"rhythm": {
    "beats_count": 51,
    "beats_loudness": {
        "max": 0.0772696360946,
        "mean": 0.0101789515465,
        "min": 0,
        "stdev": 0.0168852042407
    },
    "bpm": 116.732711792,
    "bpm_histogram_first_peak_bpm": 117,
    "bpm_histogram_first_peak_weight": 0.439999997616,
    "bpm_histogram_second_peak_bpm": 152,
    "bpm_histogram_second_peak_spread": 0.230769217014,
    "bpm_histogram_second_peak_weight": 0.20000000298,
    "danceability": 0.76350402832,
    "onset_rate": 1.21905887127,
    "beats_loudness_band_ratio": {
        "max": [0.426033914089, 0.845000088215, 0.910349726677, 0.477424740791, 0.670261442661, 0.427510917187],
        "mean": [0.0466138832271, 0.161463826895, 0.169846102595, 0.0657259002328, 0.0822475403547, 0.0371931307018],
        "min": [0, 0, 0, 0, 0, 0],
        "stdev": [0.0893983617425, 0.260495871305, 0.233418866992, 0.110532380641, 0.147048607469, 0.0815870687366]
    },
    "beats_position": [0.510838985443, 1.02167797089, 1.54412698746, 2.0549659729, 2.56580495834, 3.08825397491, 3.59909296036, 4.1099319458, 4.62077093124, 5.13160991669, 5.64244890213, 6.15328788757, 6.65251684189, 7.16335582733, 7.66258478165, 8.17342376709, 8.6958732605, 9.21832180023, 9.72916126251, 10.2399997711, 10.7508392334, 11.2732877731, 11.7957363129, 12.3181858063, 12.840634346, 13.3630838394, 13.7810430527, 14.2106122971, 14.6401815414, 15.0000905991, 15.3599996567, 15.7199087143, 16.0798187256, 16.4629478455, 16.8460769653, 17.2292060852, 17.6123352051, 18.0186843872, 18.4250335693, 18.8313827515, 19.2261219025, 19.6092510223, 20.0039901733, 20.3987293243, 20.7934684753, 21.1882076263, 21.5829467773, 21.9776859283, 22.3724250793, 22.7671642303, 23.1619052887],
