{
"metadata": {
    "version": {
        "essentia": "2.1-beta5",
        "essentia_git_sha": "Undefined",
        "extractor": "music 2.0"
    },
    "audio_properties": {
        "analysis": {
            "equal_loudness": 0,
            "length": 12.7477550507,
            "sample_rate": 44100,
            "start_time": 0,
            "downmix": "mix"
        },
        "bit_rate": 192000,
        "length": 191.727172852,
        "lossless": 0,
        "number_channels": 2,
        "replay_gain": -0.0557327270508,
        "sample_rate": 44100,
        "codec": "mp3",
        "md5_encoded": "468da86eaba86079e2625aa5ecdfcb34"
    },
    "tags": {
        "file_name": "Ireland_Is Always Over Now_Dawn.mp3",
        "encoding": ["Lavf58.29.100"]
    }
},
"lowlevel": {
    "average_loudness": 0.966428995132,
    "barkbands_crest": {
        "max": 22.095243454,
        "mean": 11.5715026855,
        "min": 3.33756732941,
        "stdev": 4.13772678375
    },
    "barkbands_flatness_db": {
        "max": 0.361222237349,
        "mean": 0.185268297791,
        "min": 0.0553284399211,
        "stdev": 0.0655776262283
    },
    "barkbands_kurtosis": {
        "max": 108.224632263,
        "mean": 8.95151901245,
        "min": -1.70248794556,
        "stdev": 13.0516290665
    },
    "barkbands_skewness": {
        "max": 6.80171108246,
        "mean": 2.00011277199,
        "min": -1.82022249699,
        "stdev": 1.5310240984
    },
    "barkbands_spread": {
        "max": 78.2400894165,
        "mean": 14.437256813,
        "min": 1.2717487812,
        "stdev": 12.3930158615
    },
    "dissonance": {
        "max": 0.500000059605,
        "mean": 0.456799656153,
        "min": 0.244199305773,
        "stdev": 0.0429950319231
    },
    "dynamic_complexity": 2.92369151115,
    "erbbands_crest": {
        "max": 30.7634449005,
        "mean": 11.185008049,
        "min": 2.92879700661,
        "stdev": 6.13695573807
    },
    "erbbands_flatness_db": {
        "max": 0.34326723218,
        "mean": 0.182315930724,
        "min": 0.0567759498954,
        "stdev": 0.0593248903751
    },
    "erbbands_kurtosis": {
        "max": 28.2913188934,
        "mean": 1.89535796642,
        "min": -1.78233277798,
        "stdev": 4.13006210327
    },
    "erbbands_skewness": {
        "max": 4.98034238815,
        "mean": 0.773593485355,
        "min": -2.13881802559,
        "stdev": 1.01765489578
    },
    "erbbands_spread": {
        "max": 132.816955566,
        "mean": 33.05235672,
        "min": 4.27469921112,
        "stdev": 20.7176971436
    },
    "hfc": {
        "max": 109.316291809,
        "mean": 14.128077507,
        "min": 1.12682831146e-16,
        "stdev": 17.8165435791
    },
    "loudness_ebu128": {
        "integrated": -25.8533554077,
        "loudness_range": 4.46117019653,
        "momentary": {
            "max": -21.8692760468,
            "mean": -26.4429550171,
            "min": -30.8433666229,
            "stdev": 2.18787336349
        },
        "short_term": {
            "max": -23.0040531158,
            "mean": -26.4892978668,
            "min": -28.2195358276,
            "stdev": 1.56254553795
        }
    },
    "melbands_crest": {
        "max": 31.1040706635,
        "mean": 17.258852005,
        "min": 2.44131302834,
        "stdev": 5.41036367416
    },
    "melbands_flatness_db": {
        "max": 0.491051793098,
        "mean": 0.251597166061,
        "min": 0.00729214446619,
        "stdev": 0.104425236583
    },
    "melbands_kurtosis": {
        "max": 206.128158569,
        "mean": 20.3353691101,
        "min": -1.44821166992,
        "stdev": 27.5511856079
    },
    "melbands_skewness": {
        "max": 9.31309604645,
        "mean": 2.8794529438,
        "min": -0.285165518522,
        "stdev": 1.90713334084
    },
    "melbands_spread": {
        "max": 134.825714111,
        "mean": 16.2918052673,
        "min": 0.831892609596,
        "stdev": 15.2963466644
    },
    "pitch_salience": {
        "max": 0.893541753292,
        "mean": 0.5298396945,
        "min": 0.265073210001,
        "stdev": 0.112906515598
    },
    "silence_rate_20dB": {
        "max": 1,
        "mean": 1,
        "min": 1,
        "stdev": 0
    },
    "silence_rate_30dB": {
        "max": 1,
        "mean": 1,
        "min": 1,
        "stdev": 0
    },
    "silence_rate_60dB": {
        "max": 1,
        "mean": 0.00181818183046,
        "min": 0,
        "stdev": 0.0426010377705
    },
    "spectral_centroid": {
        "max": 10720.9501953,
        "mean": 1197.55932617,
        "min": 168.269195557,
        "stdev": 898.898376465
    },
    "spectral_complexity": {
        "max": 42,
        "mean": 14.7036361694,
        "min": 0,
        "stdev": 9.88007831573
    },
    "spectral_decrease": {
        "max": -1.8661228983e-29,
        "mean": -4.97906516017e-09,
        "min": -2.66970996421e-08,
        "stdev": 3.61371910174e-09
    },
    "spectral_energy": {
        "max": 0.107636742294,
        "mean": 0.0200735945255,
        "min": 1.02911042504e-20,
        "stdev": 0.0147219570354
    },
    "spectral_energyband_high": {
        "max": 0.0110422428697,
        "mean": 0.000422934041126,
        "min": 7.3631659941e-21,
        "stdev": 0.000954010232817
    },
    "spectral_energyband_low": {
        "max": 0.0376228056848,
        "mean": 0.00780237279832,
        "min": 1.09714926159e-22,
        "stdev": 0.00664103450254
    },
    "spectral_energyband_middle_high": {
        "max": 0.0438970178366,
        "mean": 0.00436655525118,
        "min": 1.54497254657e-21,
        "stdev": 0.00695191323757
    },
    "spectral_energyband_middle_low": {
        "max": 0.0860394537449,
        "mean": 0.00830252841115,
        "min": 1.75288932108e-22,
        "stdev": 0.0124143604189
    },
    "spectral_entropy": {
        "max": 9.81694126129,
        "mean": 7.35204935074,
        "min": 5.58349561691,
        "stdev": 0.603015601635
    },
    "spectral_flux": {
        "max": 0.29254540801,
        "mean": 0.0693915784359,
        "min": 1.01445081502e-10,
        "stdev": 0.0540361367166
    },
    "spectral_kurtosis": {
        "max": 32.8673057556,
        "mean": 5.87545919418,
        "min": -1.16615724564,
        "stdev": 4.91124343872
    },
    "spectral_rms": {
        "max": 0.0102475099266,
        "mean": 0.00420591235161,
        "min": 3.16861185727e-12,
        "stdev": 0.00137633574195
    },
    "spectral_rolloff": {
        "max": 18949.21875,
        "mean": 1195.99255371,
        "min": 107.666015625,
        "stdev": 1424.02490234
    },
    "spectral_skewness": {
        "max": 4.47779607773,
        "mean": 1.76328969002,
        "min": 0.021168012172,
        "stdev": 0.693908035755
    },
    "spectral_spread": {
        "max": 39951584,
        "mean": 4369056,
        "min": 2052277.5,
        "stdev": 2473586.5
    },
    "spectral_strongpeak": {
        "max": 6.6949262619,
        "mean": 0.812476217747,
        "min": 1.19072374183e-09,
        "stdev": 1.12703168392
    },
    "zerocrossingrate": {
        "max": 0.48974609375,
        "mean": 0.0472203493118,
        "min": 0.0048828125,
        "stdev": 0.0381101556122
    },
    "barkbands": {
        "max": [0.0054470198229, 0.0267770364881, 0.0284502916038, 0.0407641194761, 0.0586219020188, 0.0143416458741, 0.0757170319557, 0.0528351515532, 0.0384861975908, 0.0296210031956, 0.0311441197991, 0.0203000083566, 0.0135179171339, 0.0162119772285, 0.0055539146997, 0.0179653353989, 0.0079324003309, 0.00429586647078, 0.0178944263607, 0.00585172092542, 0.00204985588789, 0.00231599970721, 0.00364570575766, 0.00188345566858, 0.00243380269967, 0.00155200436711, 2.34317053582e-06],
        "mean": [0.000713469518814, 0.00507127121091, 0.00140172441024, 0.00114628614392, 0.00191783776972, 0.000726274796762, 0.0012377994135, 0.00165074458346, 0.0011135408422, 0.00117191986647, 0.000752322783228, 0.000363375525922, 0.000302257132716, 0.000306203233777, 0.000443773926236, 0.000316127639962, 0.000255786289927, 0.000381122110412, 0.000317848927807, 0.00011385504331, 9.35555726755e-05, 8.12359867268e-05, 6.83540274622e-05, 4.84577030875e-05, 5.27888005308e-05, 2.56514049397e-05, 3.22955102661e-08],
        "min": [6.59271647763e-24, 2.15462746557e-23, 7.74077020768e-23, 1.53776348124e-23, 1.17011170092e-23, 4.66394162472e-23, 1.11789155446e-23, 2.13426633452e-23, 4.34291720369e-23, 1.35496225828e-22, 5.81276386307e-23, 1.29194792296e-22, 5.76408294106e-23, 1.07925309999e-22, 1.64397400958e-22, 2.26289534315e-22, 1.21376612745e-22, 2.35062929759e-22, 2.06752011913e-22, 2.22529558184e-22, 4.87897822861e-22, 6.42717770854e-22, 6.75238934014e-22, 9.82083611822e-22, 1.10883752964e-21, 1.48620142464e-21, 2.06650578285e-21],
        "stdev": [0.000870534626301, 0.00442108139396, 0.00261009135284, 0.00344835198484, 0.00555067369714, 0.00154949119315, 0.00432690186426, 0.00522681185976, 0.00415093032643, 0.00309949438088, 0.00225514359772, 0.00115613616072, 0.00109084590804, 0.00110851821955, 0.000690130051225, 0.00128268275876, 0.000574524805415, 0.000636415323243, 0.00104121875484, 0.000352706323611, 0.000153549670358, 0.000190228965948, 0.000229997720453, 0.000164456258062, 0.00022181282111, 0.000120957520267, 1.02253437717e-07]
    },
    "erbbands": {
        "max": [0.831123888493, 6.19358825684, 23.8560428619, 76.0147323608, 126.382354736, 282.983642578, 204.437103271, 81.1897201538, 390.541229248, 1553.9041748, 1470.82324219, 1038.69116211, 1014.12176514, 1157.39038086, 1407.26086426, 917.471740723, 703.061584473, 942.846130371, 559.637084961, 407.151794434, 1046.92773438, 430.040985107, 223.867111206, 351.842315674, 1174.42895508, 237.084381104, 103.22127533, 62.4906997681, 82.9694671631, 70.201675415, 159.41242981, 34.7688407898, 52.3680229187, 31.1600856781, 11.8605518341, 7.55951929092, 3.58843827248, 0.179150685668, 0.00373622123152, 0.000292374403216],
        "mean": [0.233848184347, 0.804341554642, 1.53713345528, 3.0480287075, 4.26819133759, 7.14063072205, 8.03988838196, 4.87682914734, 12.6939439774, 27.5469112396, 35.3482398987, 23.4454994202, 38.8044395447, 37.5159568787, 25.3304977417, 16.2064151764, 14.5082616806, 15.2312326431, 23.9607048035, 16.1906471252, 17.3572692871, 16.1365661621, 19.5867137909, 15.8711538315, 15.319943428, 5.71406412125, 4.08534002304, 3.53882455826, 2.96252703667, 2.35534501076, 1.96683466434, 1.04519867897, 0.946776151657, 0.690368890762, 0.232690215111, 0.147036865354, 0.0454884842038, 0.00224210694432, 6.16484830971e-05, 2.71481767413e-05],
        "min": [5.75548625046e-22, 6.83074359957e-21, 6.57387057672e-20, 8.04899921143e-20, 4.52038888994e-20, 4.36243939821e-20, 1.37376850738e-19, 4.95837391571e-19, 2.02212507921e-19, 1.95583934857e-19, 5.33072668351e-19, 1.16800663208e-18, 3.41203668833e-18, 2.64599464922e-18, 2.84863838966e-18, 5.52476991692e-18, 3.90473916878e-18, 4.68767637191e-18, 8.50601818007e-18, 9.00165818567e-18, 1.12757141744e-17, 8.36701378685e-18, 9.89343746816e-18, 1.06852643813e-17, 1.38629382615e-17, 1.15007933278e-17, 1.45475261713e-17, 2.55837268906e-17, 2.28459972911e-17, 1.55061226221e-17, 2.17049065991e-17, 1.82255682214e-17, 1.66068154673e-17, 1.20236351678e-17, 8.02627658585e-18, 5.84410754189e-18, 2.84464207332e-18, 1.03801623279e-18, 2.6435164678e-19, 3.23677615461e-20],
        "stdev": [0.190693408251, 0.832507193089, 2.48978877068, 6.97945976257, 13.1048469543, 23.4234638214, 19.4690952301, 9.86883735657, 30.626449585, 111.326049805, 119.849449158, 84.8995666504, 128.906692505, 85.0751800537, 91.1547317505, 51.4389343262, 53.6949996948, 53.1520767212, 44.2146072388, 28.6827049255, 70.1436080933, 35.3207588196, 33.0688056946, 31.7770175934, 61.2575340271, 15.0785388947, 6.85916280746, 6.18007040024, 6.76630496979, 5.826359272, 9.00253772736, 3.05796480179, 3.69040250778, 2.9638261795, 0.950843393803, 0.630782902241, 0.25048699975, 0.0130382813513, 0.000270464428468, 2.66479437414e-05]
    },
    "gfcc": {
        "mean": [-51.3767814636, 99.7250747681, -116.194641113, 33.7659492493, -59.5816459656, 14.3751840591, -31.8279075623, 11.804318428, -15.5850868225, 4.0953669548, -14.1691513062, -1.21177268028, -8.63210105896],
        "cov": [[6274.44140625, -1584.88818359, -1700.56005859, 4.19310903549, -744.621032715, 164.611846924, -329.123474121, 154.110076904, -468.688568115, -120.487991333, -132.748733521, 270.431152344, -13.0083856583], [-1584.88818359, 2220.4765625, 1908.50427246, 340.017028809, 457.479858398, -153.143066406, 118.133628845, -162.665008545, 352.663818359, 121.872909546, 121.338798523, -238.20199585, -70.0495681763], [-1700.56005859, 1908.50427246, 3970.25463867, 884.742248535, 481.038696289, 288.400756836, -79.6283340454, -45.7048339844, 277.009490967, 405.251159668, 61.4565124512, -109.238723755, -206.186721802], [4.19310903549, 340.017028809, 884.742248535, 564.904052734, 202.011886597, 175.969863892, -22.1316795349, -31.7872409821, 22.9947032928, 96.1366043091, 50.1577033997, 42.6721992493, -15.0959539413], [-744.621032715, 457.479858398, 481.038696289, 202.011886597, 396.878173828, 104.005912781, 37.5789527893, -47.6477966309, 77.6144104004, 27.4568519592, -30.2785110474, -44.9180679321, 43.0716247559], [164.611846924, -153.143066406, 288.400756836, 175.969863892, 104.005912781, 258.537719727, 3.55693984032, 36.3278312683, -26.3770294189, 45.6074295044, -51.7943992615, 37.4323196411, 20.8811817169], [-329.123474121, 118.133628845, -79.6283340454, -22.1316795349, 37.5789527893, 3.55693984032, 149.59576416, 28.8678760529, 48.395980835, -16.559595108, 21.2623004913, -24.8183441162, 2.18002557755], [154.110076904, -162.665008545, -45.7048339844, -31.7872409821, -47.6477966309, 36.3278312683, 28.8678760529, 95.1221389771, 4.82636547089, 16.2548751831, -10.1861200333, 12.7413349152, -23.0245342255], [-468.688568115, 352.663818359, 277.009490967, 22.9947032928, 77.6144104004, -26.3770294189, 48.395980835, 4.82636547089, 155.613891602, 74.1981735229, 22.2105903625, -70.6960601807, -14.6260690689], [-120.487991333, 121.872909546, 405.251159668, 96.1366043091, 27.4568519592, 45.6074295044, -16.559595108, 16.2548751831, 74.1981735229, 139.946716309, 28.2569141388, -4.63463640213, -38.0907249451], [-132.748733521, 121.338798523, 61.4565124512, 50.1577033997, -30.2785110474, -51.7943992615, 21.2623004913, -10.1861200333, 22.2105903625, 28.2569141388, 110.399589539, 26.3387832642, -18.6672153473], [270.431152344, -238.20199585, -109.238723755, 42.6721992493, -44.9180679321, 37.4323196411, -24.8183441162, 12.7413349152, -70.6960601807, -4.63463640213, 26.3387832642, 112.479507446, 29.9397697449], [-13.0083856583, -70.0495681763, -206.186721802, -15.0959539413, 43.0716247559, 20.8811817169, 2.18002557755, -23.0245342255, -14.6260690689, -38.0907249451, -18.6672153473, 29.9397697449, 97.433013916]],
        "icov": [[0.000597882200964, -0.00106798612978, 0.00086473923875, -0.000884968263563, 0.00148466636892, -0.0011147686746, 0.00152773421723, -0.00150838901754, 0.00146397273056, -0.000976065988652, 0.00146201811731, -0.000651360373013, 0.000515231513418], [-0.00106798612978, 0.00489607173949, -0.0029916013591, 0.00160886906087, -0.00397460069507, 0.00425078812987, -0.00429551582783, 0.00517894653603, -0.00537013402209, 0.00409162789583, -0.00450740708038, 0.00315281213261, -0.0015770222526], [0.00086473923875, -0.0029916013591, 0.00256990431808, -0.00190810032655, 0.00246751098894, -0.00291256047785, 0.0033140485175, -0.00305993645452, 0.00288854935206, -0.0032090768218, 0.00319665577263, -0.00181080028415, 0.0021914888639], [-0.000884968263563, 0.00160886906087, -0.00190810032655, 0.00563381612301, -0.00341576710343, -0.000797331042122, -0.00165325391572, 0.00360203278251, -0.0022968929261, 0.00202970765531, -0.00488702673465, -0.000578088103794, 0.000132621629746], [0.00148466636892, -0.00397460069507, 0.00246751098894, -0.00341576710343, 0.0092989616096, -0.00493412464857, 0.00321669876575, -0.00260198395699, 0.00276445178315, -0.0025053950958, 0.00605500815436, -0.00154882657807, -0.000635439937469], [-0.0011147686746, 0.00425078812987, -0.00291256047785, -0.000797331042122, -0.00493412464857, 0.0135228838772, -0.00675417715684, 0.000808693119325, 0.000243302973104, -0.0016449210234, 0.00140069471672, 0.00212372117676, -0.00474527617916], [0.00152773421723, -0.00429551582783, 0.0033140485175, -0.00165325391572, 0.00321669876575, -0.00675417715684, 0.0160702932626, -0.0091300746426, 0.000191565210116, 0.00173807272222, -0.000589946925174, -0.00109732931014, 0.0023135333322], [-0.00150838901754, 0.00517894653603, -0.00305993645452, 0.00360203278251, -0.00260198395699, 0.000808693119325, -0.0091300746426, 0.0243234504014, -0.0110407145694, 0.00432975078002, -0.000778279325459, -0.003896006383, 0.00561721902341], [0.00146397273056, -0.00537013402209, 0.00288854935206, -0.0022968929261, 0.00276445178315, 0.000243302973104, 0.000191565210116, -0.0110407145694, 0.0292595010251, -0.0176536329091, 0.00191870122217, 0.0101960496977, -0.00707089388743], [-0.000976065988652, 0.00409162789583, -0.0032090768218, 0.00202970765531, -0.0025053950958, -0.0016449210234, 0.00173807272222, 0.00432975078002, -0.0176536329091, 0.0233811475337, -0.00703204004094, -0.00322884903289, 0.00491471914575], [0.00146201811731, -0.00450740708038, 0.00319665577263, -0.00488702673465, 0.00605500815436, 0.00140069471672, -0.000589946925174, -0.000778279325459, 0.00191870122217, -0.00703204004094, 0.0239160079509, -0.0124061536044, 0.00574774201959], [-0.000651360373013, 0.00315281213261, -0.00181080028415, -0.000578088103794, -0.00154882657807, 0.00212372117676, -0.00109732931014, -0.003896006383, 0.0101960496977, -0.00322884903289, -0.0124061536044, 0.0270645394921, -0.0128335570917], [0.000515231513418, -0.0015770222526, 0.0021914888639, 0.000132621629746, -0.000635439937469, -0.00474527617916, 0.0023135333322, 0.00561721902341, -0.00707089388743, 0.00491471914575, 0.00574774201959, -0.0128335570917, 0.022334843874]]
    },
    "melbands": {
        "max": [0.00710107991472, 0.00839060265571, 0.0144627215341, 0.0136930374429, 0.00910596176982, 0.00185499782674, 0.00795294158161, 0.0138793336228, 0.0123393889517, 0.00722004612908, 0.0051603615284, 0.00498829036951, 0.00475004501641, 0.00139251362998, 0.00202643522061, 0.00164710206445, 0.00174007192254, 0.0012146619847, 0.000357131037163, 0.00117983331438, 0.001217399491, 0.000608402944636, 0.000324524356984, 0.000208332639886, 0.000316433259286, 0.0011340866331, 0.000364063656889, 0.000119670992717, 6.42501472612e-05, 4.80159142171e-05, 3.53946743417e-05, 4.39167670265e-05, 5.10448371642e-05, 3.68038745364e-05, 0.000101321253169, 3.2693540561e-05, 2.47969765041e-05, 2.90687894449e-05, 4.90473576065e-05, 2.47653351835e-05],
        "mean": [0.00171591970138, 0.000851848861203, 0.000547259580344, 0.000412547087763, 0.000293296441669, 0.000115218797873, 0.000211107500945, 0.000313074531732, 0.000266339688096, 0.000152910099132, 0.000187431171071, 0.000145227793837, 9.66343432083e-05, 4.55492518086e-05, 3.46973029082e-05, 3.08079979732e-05, 2.71234675893e-05, 3.60414851457e-05, 3.17940321111e-05, 2.00397134904e-05, 1.92186125787e-05, 1.54092176672e-05, 2.0181918444e-05, 1.54002464114e-05, 1.22658666442e-05, 1.28872434288e-05, 6.70613371767e-06, 3.19367063639e-06, 2.50673792834e-06, 2.29430384024e-06, 1.96949099518e-06, 1.76415323949e-06, 1.39194821713e-06, 1.26957422708e-06, 1.15850161819e-06, 7.93672995769e-07, 6.02962188623e-07, 5.90931222177e-07, 8.57416466715e-07, 4.72128846241e-07],
        "min": [6.42245781175e-24, 2.47333926197e-23, 1.33568098315e-23, 3.0876386595e-24, 4.22634517669e-24, 9.99345324155e-24, 2.98714921866e-24, 2.47855797129e-24, 4.3094134133e-24, 7.37180024079e-24, 1.86821415899e-23, 1.2224417357e-23, 8.50821196161e-24, 1.00982045034e-23, 1.62133934984e-23, 6.16343730567e-24, 8.27159313309e-24, 1.32902031498e-23, 1.23837372831e-23, 1.25407939673e-23, 1.29737168878e-23, 7.8106711725e-24, 8.50884305033e-24, 9.33502812042e-24, 8.22263326986e-24, 9.02013851288e-24, 9.32363696895e-24, 7.10490177528e-24, 8.72127777008e-24, 1.1762964493e-23, 1.5846281299e-23, 1.43061218894e-23, 8.4603273158e-24, 8.64208717925e-24, 1.19401907728e-23, 1.28274746977e-23, 1.01053973372e-23, 1.17469009184e-23, 1.125146156e-23, 9.99414270598e-24],
        "stdev": [0.00141554966103, 0.00107389921322, 0.00131371116731, 0.00123842037283, 0.000755889574066, 0.000235720173805, 0.000565968104638, 0.00114688428584, 0.000933852570597, 0.000593579607084, 0.000636367069092, 0.000344092695741, 0.000310064177029, 0.000129556938191, 0.000119609649119, 0.000122679048218, 9.87551829894e-05, 7.85436568549e-05, 4.91202517878e-05, 7.33355918783e-05, 7.56404988351e-05, 3.92299007217e-05, 3.79716548196e-05, 2.82288074231e-05, 2.59173848463e-05, 5.72463468416e-05, 2.36798241531e-05, 7.81985363574e-06, 4.2418182602e-06, 3.84744271287e-06, 3.53086852556e-06, 3.78789741262e-06, 3.92700576413e-06, 3.13980103783e-06, 5.65834807276e-06, 2.37012295656e-06, 2.07707785194e-06, 2.2534393338e-06, 4.31591342931e-06, 1.99710939341e-06]
    },
    "melbands128": {
        "max": [0.00422818399966, 0.00716215046123, 0.011542217806, 0.00988795049489, 0.0113330790773, 0.0155345480889, 0.0170047488064, 0.022328492254, 0.0143215209246, 0.0183881185949, 0.019148921594, 0.0135134160519, 0.008251035586, 0.00485955970362, 0.00182713475078, 0.0037725251168, 0.00626753270626, 0.00857233162969, 0.0258089676499, 0.0249582659453, 0.0119570894167, 0.0178542919457, 0.0233706627041, 0.0113738616928, 0.00888363085687, 0.0132905691862, 0.0133708715439, 0.00794895831496, 0.0059275845997, 0.00761069171131, 0.005948795937, 0.00346823851578, 0.00747444201261, 0.00808588322252, 0.00160334317479, 0.00232941121794, 0.0052662556991, 0.00241841399111, 0.00156991870608, 0.00343197910115, 0.00157156970818, 0.00211417768151, 0.00370089290664, 0.000859423249494, 0.00271913711913, 0.00100784376264, 0.00132814701647, 0.000477989786305, 0.000163054413861, 0.000417811679654, 0.00182330375537, 0.00291297980584, 0.00173130037729, 0.000758078182116, 0.00084743660409, 0.000988891348243, 0.000285628950223, 0.000339525955496, 0.000739497772884, 0.000272308796411, 0.000382726575481, 0.000452073989436, 0.00027480814606, 0.00065079232445, 0.000444303470431, 0.00172607204877, 0.00143482012209, 0.000247339601628, 0.000431916385423, 0.000229970741202, 0.00011575150711, 8.80573061295e-05, 3.88912085327e-05, 7.2174021625e-05, 7.60136972531e-05, 5.63104986213e-05, 4.57362657471e-05, 5.93378972553e-05, 3.07794070977e-05, 3.98934316763e-05, 4.69385195174e-05, 4.04461607104e-05, 7.45668803575e-05, 5.04389281559e-05, 4.00905955757e-05, 3.25129913108e-05, 4.85211094201e-05, 2.39834898821e-05, 8.97334684851e-05, 0.000244358321652, 2.89503695967e-05, 1.62747437571e-05, 2.77735653071e-05, 2.23500919674e-05, 3.8478498027e-05, 3.63422077498e-05, 2.27887976507e-05, 8.94988552318e-05, 3.47499080817e-05, 0.000111788591312, 3.39230173267e-05, 1.80313691089e-05, 1.86577162822e-05, 1.31391125251e-05, 1.12107663881e-05, 9.25242784433e-06, 2.58261243289e-05, 1.41263744808e-05, 1.31447250169e-05, 1.11421541078e-05, 1.09181200969e-05, 1.45073454405e-05, 1.57804006449e-05, 9.46429008764e-06, 2.80710855805e-06, 2.73830352171e-07, 1.15525855549e-08, 1.104113867e-08, 1.05830864072e-08, 1.03176587274e-08, 1.00916075496e-08, 9.84651915559e-09, 9.6573407049e-09, 9.57140500191e-09, 9.38115896076e-09, 9.26158971737e-09, 9.23502785355e-09, 9.17060738459e-09],
        "mean": [0.000662587583065, 0.00218385690823, 0.00205606338568, 0.0010492852889, 0.000774113868829, 0.000657702621538, 0.000648157205433, 0.000519005465321, 0.000383307226002, 0.000444751232862, 0.000406689039664, 0.000334723008564, 0.000301911088172, 0.000193119325559, 9.02217798284e-05, 8.08259646874e-05, 0.00012480308942, 0.000263523164904, 0.000262680987362, 0.000351342168869, 0.000282740802504, 0.000340603524819, 0.000314569828333, 0.000131054097437, 0.000113740876259, 0.000144014615216, 0.000268428673735, 0.000224101895583, 8.65124893608e-05, 0.000126061815536, 0.000203835268621, 9.99947951641e-05, 0.00011816539336, 6.53848401271e-05, 3.55168158421e-05, 4.87885881739e-05, 4.44280303782e-05, 3.27517009282e-05, 2.75432903436e-05, 3.60101767001e-05, 2.85051155515e-05, 2.89566814899e-05, 3.01925974782e-05, 2.20982001338e-05, 2.84538218693e-05, 2.97525293718e-05, 5.95420788159e-05, 4.06094222853e-05, 1.47854016177e-05, 1.57200120157e-05, 1.95431894099e-05, 2.67986433755e-05, 2.19759531319e-05, 1.4782429389e-05, 1.4906200704e-05, 1.64720222529e-05, 1.46136571857e-05, 1.77282654477e-05, 2.70840737358e-05, 1.55154302774e-05, 1.34948213599e-05, 1.57791910169e-05, 1.48556073327e-05, 1.00508041214e-05, 9.99279382086e-06, 1.34838774102e-05, 1.62614232977e-05, 7.92931405158e-06, 4.9699583542e-06, 3.45710122929e-06, 3.32831109517e-06, 2.98285181088e-06, 2.41682596425e-06, 2.48633045885e-06, 2.5274609925e-06, 2.35707329921e-06, 2.14618694372e-06, 2.16709622691e-06, 1.80263009497e-06, 1.8934124455e-06, 2.07622110793e-06, 1.51461983933e-06, 1.54549945819e-06, 1.34817469188e-06, 1.3536393908e-06, 1.22394624213e-06, 1.49527670601e-06, 8.48334479997e-07, 1.03075046809e-06, 1.65308938449e-06, 7.6225671819e-07, 6.52610879115e-07, 5.35946469427e-07, 5.97534096869e-07, 6.64066419631e-07, 5.61142314837e-07, 5.20822482031e-07, 7.46848343169e-07, 6.35720198261e-07, 1.38753296142e-06, 4.4844034619e-07, 3.35574810606e-07, 3.50583832187e-07, 2.80685526377e-07, 2.00651399496e-07, 2.03993863579e-07, 3.2138422057e-07, 2.49830208077e-07, 3.00993690416e-07, 2.28481553677e-07, 1.95021897298e-07, 1.70993061488e-07, 1.73308038143e-07, 1.02564861493e-07, 3.05366256725e-08, 3.83150089434e-09, 1.03815367414e-09, 3.04677949536e-11, 2.34486752931e-11, 2.28355147291e-11, 2.23687544182e-11, 2.18604873786e-11, 2.14146009953e-11, 2.1168117606e-11, 2.08250135886e-11, 2.05972652129e-11, 2.05302632533e-11, 2.0366945977e-11],
        "min": [2.37145807327e-24, 2.70617175536e-24, 1.15824549741e-23, 7.29142399202e-24, 2.70529655363e-23, 3.95343953539e-23, 1.69038376948e-23, 7.28376809693e-24, 3.66934626873e-24, 3.4517464822e-24, 2.1088498278e-24, 1.4086215868e-24, 3.05605089392e-24, 9.28094539448e-24, 1.60404846543e-23, 7.13521691101e-24, 1.27780912162e-24, 4.06524991908e-24, 2.47464995436e-24, 1.37910182008e-24, 2.59207466112e-24, 4.7253419033e-24, 5.01435647871e-24, 2.64234876661e-24, 6.54407334206e-24, 1.20733355053e-23, 4.39050476448e-24, 1.69256970305e-23, 3.64631042589e-23, 1.50168098343e-23, 4.87735816075e-24, 2.90754132041e-24, 1.07986530338e-23, 1.11553183483e-23, 5.14137333965e-24, 6.96806280722e-24, 2.15559176914e-23, 2.14305613827e-23, 1.04301776827e-23, 6.05503677324e-24, 1.90880476021e-24, 1.10287077508e-23, 1.09295329466e-23, 3.79477673038e-24, 9.3640266473e-24, 1.83117067083e-23, 1.17988426758e-23, 1.79615976168e-23, 5.12692811318e-24, 1.5322318308e-23, 1.45665059415e-23, 5.86625801988e-24, 2.49029361831e-23, 7.0343807658e-24, 5.83331361076e-24, 8.79127576478e-24, 9.82024226373e-24, 6.11368108736e-24, 9.0495235816e-24, 1.16265073336e-23, 4.0407794538e-24, 1.1921661219e-23, 1.66417023715e-23, 1.73333724577e-24, 5.19662476302e-24, 8.45844193824e-24, 1.21294574366e-23, 1.28533209364e-23, 7.52464914092e-24, 5.65219193578e-24, 8.71386878846e-24, 6.84865608744e-24, 6.152693809e-24, 1.32207187035e-23, 5.33973517528e-24, 5.98482381394e-24, 2.09359850382e-23, 1.44242822089e-23, 9.96431666401e-24, 2.5808272401e-23, 1.10204191892e-23, 1.27680474392e-23, 1.32965755682e-23, 5.57572094292e-24, 7.62276529373e-24, 8.45327884361e-24, 9.57173293478e-24, 7.15662975142e-24, 1.20283767445e-23, 1.45553956245e-23, 1.62977085297e-23, 6.8652655538e-24, 1.77479583065e-23, 6.80199180945e-24, 8.49115915542e-24, 1.39025485389e-23, 1.21000297694e-23, 8.46808655166e-24, 1.62328909845e-23, 7.9135031358e-24, 9.44479653766e-24, 1.10876127834e-23, 1.02920418273e-23, 7.89715083809e-24, 8.5650217797e-24, 7.34938239159e-24, 1.35050935935e-23, 9.48167184068e-24, 1.00105975556e-23, 9.4702041697e-24, 1.11333982704e-23, 1.0320746898e-23, 8.33872046295e-24, 8.14809301407e-24, 9.28500566156e-24, 5.99565250758e-24, 7.7933643531e-24, 1.06650199965e-23, 7.52193467055e-24, 7.81320104942e-24, 6.92920746333e-24, 8.89216160823e-24, 1.28106025407e-23, 8.54014268447e-24, 7.96746595488e-24, 1.07239786717e-23, 1.081893307e-23, 1.54236411804e-23],
        "stdev": [0.000787226075772, 0.00173589866608, 0.00203628116287, 0.00122203549836, 0.00126096094027, 0.00130586721934, 0.00148130848538, 0.00181674817577, 0.00136580644175, 0.0015079138102, 0.00149486085866, 0.00109688704833, 0.000756980269216, 0.000511254649609, 0.00021960392769, 0.000277653423836, 0.000403538229875, 0.000666627020109, 0.00134092336521, 0.00187600695062, 0.00112577632535, 0.00139433343429, 0.00145827746019, 0.000677310803439, 0.000600693805609, 0.000906529196072, 0.00119923450984, 0.00091396830976, 0.00037876990973, 0.000396396702854, 0.000518123677466, 0.000283130386379, 0.000445998361101, 0.000462485622847, 0.000109360931674, 0.000138338684337, 0.000247115793172, 0.000138469651574, 0.000103423328255, 0.000214441228309, 0.0001289092761, 0.000138350398629, 0.000166480152984, 6.12520889263e-05, 0.000145714046084, 6.88338041073e-05, 0.000125466147438, 7.4972755101e-05, 2.37900203501e-05, 3.04859404423e-05, 8.44412061269e-05, 0.00016726567992, 0.00010893074068, 4.38904935436e-05, 4.68301695946e-05, 5.52977871848e-05, 3.46167034877e-05, 3.72929462173e-05, 6.07277979725e-05, 3.27121415467e-05, 3.53953291778e-05, 4.20727810706e-05, 3.38789832313e-05, 3.55301308446e-05, 3.36437042279e-05, 8.1013662566e-05, 7.96759195509e-05, 2.20898291445e-05, 2.77602212009e-05, 1.20748800327e-05, 8.91081981536e-06, 6.22407515039e-06, 4.02951218348e-06, 4.74679427498e-06, 4.70468557978e-06, 4.17599903813e-06, 4.25693497164e-06, 4.53432267022e-06, 3.20133494824e-06, 3.83739916288e-06, 4.24029258284e-06, 3.46061324308e-06, 5.14457224199e-06, 3.94955031879e-06, 3.50696291207e-06, 2.95955055662e-06, 4.36507662016e-06, 2.08729306905e-06, 4.96619713886e-06, 1.31341794258e-05, 2.12104760067e-06, 1.62696289863e-06, 1.70607654582e-06, 1.87352441117e-06, 2.93775815408e-06, 2.41101656684e-06, 1.72067871063e-06, 4.67415020466e-06, 3.02562034449e-06, 8.5779975052e-06, 2.27620580517e-06, 1.47007290252e-06, 1.50682933509e-06, 1.15296893455e-06, 8.01536486961e-07, 7.69818484514e-07, 1.73504258782e-06, 1.1121139778e-06, 1.24952032365e-06, 9.24258870327e-07, 8.51347010666e-07, 9.26565974169e-07, 1.11183692297e-06, 7.09822074896e-07, 2.01941119826e-07, 1.61083058003e-08, 1.05886655e-09, 4.70595673541e-10, 4.50699449983e-10, 4.3939532568e-10, 4.29767138543e-10, 4.19328322065e-10, 4.11272876866e-10, 4.07614969555e-10, 3.9951006392e-10, 3.94416665994e-10, 3.93285265465e-10, 3.90542570505e-10]
    },
    "mfcc": {
        "mean": [-692.093322754, 125.773521423, 2.70255827904, 23.3357658386, -0.79802942276, 5.71281909943, -2.77508974075, 5.94172382355, 2.42033457756, 6.51836967468, 5.5455956459, -2.89139389992, -3.71712112427],
        "cov": [[5867.98632812, -2422.15795898, -2100.3359375, -791.501037598, -688.888366699, -408.504302979, -54.8906478882, 126.336135864, -138.517410278, -463.155029297, -401.971160889, 0.560988128185, -1.81761491299], [-2422.15795898, 2129.12036133, 1440.38830566, 605.010437012, 419.923858643, 189.754898071, -26.9875717163, -122.478752136, 34.6880683899, 236.864822388, 254.202331543, 20.8215446472, -19.6363048553], [-2100.3359375, 1440.38830566, 2968.95825195, 854.462646484, 747.836791992, 427.044036865, 85.106010437, -125.682090759, -10.3618078232, 231.058410645, 340.100646973, 91.2729644775, 81.9191131592], [-791.501037598, 605.010437012, 854.462646484, 497.143951416, 317.844390869, 199.766540527, 41.4426574707, -34.3287010193, -16.7634468079, 62.4610443115, 103.144165039, 49.6612052917, 38.4225730896], [-688.888366699, 419.923858643, 747.836791992, 317.844390869, 436.226409912, 243.630065918, 62.0778198242, -24.2868232727, 54.2048416138, 62.5510787964, 32.9351577759, -16.2638702393, 36.5212860107], [-408.504302979, 189.754898071, 427.044036865, 199.766540527, 243.630065918, 244.540496826, 77.0260238647, 4.58845233917, 58.1220932007, 49.4376678467, 19.0421562195, -10.7808427811, 30.7203369141], [-54.8906478882, -26.9875717163, 85.106010437, 41.4426574707, 62.0778198242, 77.0260238647, 101.132522583, 49.8665237427, 19.227558136, -4.67653036118, -5.50640392303, -6.58896112442, 17.9374389648], [126.336135864, -122.478752136, -125.682090759, -34.3287010193, -24.2868232727, 4.58845233917, 49.8665237427, 86.1104202271, 28.2842998505, -23.757856369, -27.0292491913, -5.18736505508, -4.42812538147], [-138.517410278, 34.6880683899, -10.3618078232, -16.7634468079, 54.2048416138, 58.1220932007, 19.227558136, 28.2842998505, 119.129837036, 58.4476852417, -8.68214797974, -33.0494346619, -3.67849707603], [-463.155029297, 236.864822388, 231.058410645, 62.4610443115, 62.5510787964, 49.4376678467, -4.67653036118, -23.757856369, 58.4476852417, 128.368255615, 74.1399993896, 4.96329641342, 2.96054840088], [-401.971160889, 254.202331543, 340.100646973, 103.144165039, 32.9351577759, 19.0421562195, -5.50640392303, -27.0292491913, -8.68214797974, 74.1399993896, 149.141799927, 72.742767334, 8.97890090942], [0.560988128185, 20.8215446472, 91.2729644775, 49.6612052917, -16.2638702393, -10.7808427811, -6.58896112442, -5.18736505508, -33.0494346619, 4.96329641342, 72.742767334, 110.11000824, 31.7975444794], [-1.81761491299, -19.6363048553, 81.9191131592, 38.4225730896, 36.5212860107, 30.7203369141, 17.9374389648, -4.42812538147, -3.67849707603, 2.96054840088, 8.97890090942, 31.7975444794, 73.6875534058]],
        "icov": [[0.000392121670302, 0.000320448278217, -3.82752341466e-06, -4.90699567308e-05, 0.000176298563019, 0.000119587879453, 9.01919411262e-05, 0.00021045509493, -0.000255384598859, 0.000700120814145, 0.000333021715051, -0.00032291651587, 3.6252753489e-05], [0.000320448278217, 0.00128967827186, -0.00013245754235, -0.00105225865263, -7.05047714291e-05, 0.00073581392644, 0.000239662505919, 0.000586219015531, -0.000497392436955, -0.000127450068248, -0.000488509715069, 0.000448733044323, 0.000598757644184], [-3.82752341466e-06, -0.00013245754235, 0.00105428975075, -0.000528685690369, -0.00109118805267, -0.000113685120596, -0.000145292942761, 0.000118215044495, 0.000732818618417, -0.000161361997016, -0.00174697022885, 0.00069516536314, -0.000345140317222], [-4.90699567308e-05, -0.00105225865263, -0.000528685690369, 0.00684246793389, -0.0023013879545, -0.00273240101524, 0.00103769323323, -0.00186800467782, 0.0033381015528, -0.000130101572722, -9.5914954727e-05, -0.00191328581423, -0.000337634352036], [0.000176298563019, -7.05047714291e-05, -0.00109118805267, -0.0023013879545, 0.00873231608421, -0.00412889942527, -0.000485509546706, 0.00232733832672, -0.00308318156749, 0.00150347419549, 0.00259374571033, 0.00040329125477, -0.000654310453683], [0.000119587879453, 0.00073581392644, -0.000113685120596, -0.00273240101524, -0.00412889942527, 0.0136105334386, -0.00718979630619, 0.00347763160244, -0.00455023767427, -0.000755523040425, 0.00104367884342, -0.000351822498487, -9.06792120077e-05], [9.01919411262e-05, 0.000239662505919, -0.000145292942761, 0.00103769323323, -0.000485509546706, -0.00718979630619, 0.0229948870838, -0.0148765882477, 0.00421174196526, 0.000625286193099, -0.0032325242646, 0.00427295453846, -0.00483178161085], [0.00021045509493, 0.000586219015531, 0.000118215044495, -0.00186800467782, 0.00232733832672, 0.00347763160244, -0.0148765882477, 0.0264469720423, -0.010639583692, 0.00579872354865, 0.00237897899933, -0.00467500649393, 0.00457469699904], [-0.000255384598859, -0.000497392436955, 0.000732818618417, 0.0033381015528, -0.00308318156749, -0.00455023767427, 0.00421174196526, -0.010639583692, 0.0210640598089, -0.0120602007955, 0.00150139629841, 0.00295322411694, -0.000854871701449], [0.000700120814145, -0.000127450068248, -0.000161361997016, -0.000130101572722, 0.00150347419549, -0.000755523040425, 0.000625286193099, 0.00579872354865, -0.0120602007955, 0.0227777455002, -0.0100610191002, 0.0031492956914, -0.00165361829568], [0.000333021715051, -0.000488509715069, -0.00174697022885, -9.5914954727e-05, 0.00259374571033, 0.00104367884342, -0.0032325242646, 0.00237897899933, 0.00150139629841, -0.0100610191002, 0.0238388199359, -0.0142450388521, 0.00480076670647], [-0.00032291651587, 0.000448733044323, 0.00069516536314, -0.00191328581423, 0.00040329125477, -0.000351822498487, 0.00427295453846, -0.00467500649393, 0.00295322411694, 0.0031492956914, -0.0142450388521, 0.0220400374383, -0.00879187788814], [3.6252753489e-05, 0.000598757644184, -0.000345140317222, -0.000337634352036, -0.000654310453683, -9.06792120077e-05, -0.00483178161085, 0.00457469699904, -0.000854871701449, -0.00165361829568, 0.00480076670647, -0.00879187788814, 0.0193368364125]]
    },
    "spectral_contrast_coeffs": {
        "max": [-0.357872098684, -0.449811160564, -0.535135626793, -0.622108340263, -0.59874945879, -0.649061143398],
        "mean": [-0.755700051785, -0.751857876778, -0.782195985317, -0.812728047371, -0.810923695564, -0.770210564137],
        "min": [-0.970343351364, -0.961647808552, -0.965625286102, -0.948447704315, -0.96013957262, -0.959364593029],
        "stdev": [0.097895026207, 0.0911769121885, 0.0620938837528, 0.0460617914796, 0.0406309999526, 0.0445559695363]
    },
    "spectral_contrast_valleys": {
        "max": [-5.36141061783, -5.32359457016, -5.30020093918, -6.06566238403, -5.96691894531, -7.76326560974],
        "mean": [-7.00632762909, -7.11811733246, -7.72402524948, -8.03726005554, -8.03850364685, -10.6872167587],
        "min": [-26.8472156525, -27.4844322205, -27.1292629242, -27.3923435211, -27.2823696136, -27.1888446808],
        "stdev": [1.54410672188, 1.02372360229, 1.24452376366, 1.46817851067, 1.38723134995, 1.19583129883]
    }
},
"rhythm": {
    "beats_count": 33,
    "beats_loudness": {
        "max": 0.0622240006924,
        "mean": 0.0286594126374,
        "min": 0.00504608126357,
        "stdev": 0.0162796452641
    },
    "bpm": 161.899749756,
    "bpm_histogram_first_peak_bpm": 161,
    "bpm_histogram_first_peak_weight": 0.172413766384,
    "bpm_histogram_second_peak_bpm": 167,
    "bpm_histogram_second_peak_spread": 0,
    "bpm_histogram_second_peak_weight": 0.0625,
    "danceability": 1.33947265148,
    "onset_rate": 3.60519504547,
    "beats_loudness_band_ratio": {
        "max": [0.961143791676, 0.444329112768, 0.840202450752, 0.600205302238, 0.402137547731, 0.15249183774],
        "mean": [0.541112482548, 0.102691702545, 0.178144901991, 0.111136630177, 0.0722437873483, 0.0422423109412],
        "min": [0.00134183489718, 0.000924343417864, 0.00347433635034, 0.000957801414188, 0.000496414722875, 0.00138738867827],
        "stdev": [0.350511521101, 0.0941396653652, 0.216627806425, 0.176365911961, 0.111161924899, 0.0438733361661]
    },
    "beats_position": [0.371519267559, 0.743038535118, 1.11455774307, 1.49768710136, 1.88081634045, 2.2523355484, 2.65868473053, 3.04181408882, 3.42494320869, 3.80807256699, 4.17959165573, 4.55111122131, 4.92263031006, 5.2941493988, 5.66566896439, 6.03718805313, 6.40870714188, 6.78022670746, 7.1517457962, 7.52326536179, 7.89478445053, 8.26630401611, 8.62621307373, 8.98612213135, 9.35764122009, 9.72916126251, 10.1006803513, 10.47219944, 10.8437185287, 11.2152376175, 11.5867567062, 11.9582767487, 12.3297958374],
