{
"metadata": {
    "version": {
        "essentia": "2.1-beta5",
        "essentia_git_sha": "Undefined",
        "extractor": "music 2.0"
    },
    "audio_properties": {
        "analysis": {
            "equal_loudness": 0,
            "length": 32.4963264465,
            "sample_rate": 44100,
            "start_time": 12.7477550507,
            "downmix": "mix"
        },
        "bit_rate": 192000,
        "length": 148.003997803,
        "lossless": 0,
        "number_channels": 2,
        "replay_gain": -8.18874168396,
        "sample_rate": 48000,
        "codec": "mp3",
        "md5_encoded": "8b132b5fe198f9fa1bdf21cd56f078ef"
    },
    "tags": {
        "file_name": "Finland_Tipi-tii_Marion Rung.mp3",
        "encoding": ["Lavf58.29.100"]
    }
},
"lowlevel": {
    "average_loudness": 0.965419888496,
    "barkbands_crest": {
        "max": 25.5935764313,
        "mean": 9.90478515625,
        "min": 2.83740711212,
        "stdev": 4.15426445007
    },
    "barkbands_flatness_db": {
        "max": 0.365662395954,
        "mean": 0.168939143419,
        "min": 0.0766674429178,
        "stdev": 0.0375323146582
    },
    "barkbands_kurtosis": {
        "max": 40.204120636,
        "mean": 1.64261102676,
        "min": -1.89417552948,
        "stdev": 4.428647995
    },
    "barkbands_skewness": {
        "max": 5.83619070053,
        "mean": 1.10854756832,
        "min": -2.11826944351,
        "stdev": 1.04423522949
    },
    "barkbands_spread": {
        "max": 92.182762146,
        "mean": 31.902048111,
        "min": 3.04755544662,
        "stdev": 15.8320264816
    },
    "dissonance": {
        "max": 0.499711364508,
        "mean": 0.466168612242,
        "min": 0.34934052825,
        "stdev": 0.0227367021143
    },
    "dynamic_complexity": 2.32802152634,
    "erbbands_crest": {
        "max": 30.8072719574,
        "mean": 10.5261316299,
        "min": 2.98183298111,
        "stdev": 4.99644899368
    },
    "erbbands_flatness_db": {
        "max": 0.339475512505,
        "mean": 0.198455542326,
        "min": 0.1091902107,
        "stdev": 0.0421629957855
    },
    "erbbands_kurtosis": {
        "max": 26.2266941071,
        "mean": -0.145397573709,
        "min": -1.81818246841,
        "stdev": 2.08740496635
    },
    "erbbands_skewness": {
        "max": 4.33514928818,
        "mean": 0.0951278656721,
        "min": -4.11053800583,
        "stdev": 0.971174299717
    },
    "erbbands_spread": {
        "max": 133.197021484,
        "mean": 52.3645324707,
        "min": 4.48972129822,
        "stdev": 24.2638034821
    },
    "hfc": {
        "max": 146.889373779,
        "mean": 23.6857414246,
        "min": 0.167459145188,
        "stdev": 18.2624759674
    },
    "loudness_ebu128": {
        "integrated": -16.6372661591,
        "loudness_range": 2.69874763489,
        "momentary": {
            "max": -13.9299869537,
            "mean": -16.901468277,
            "min": -22.4427471161,
            "stdev": 1.57177555561
        },
        "short_term": {
            "max": -15.3183755875,
            "mean": -16.7770195007,
            "min": -18.841468811,
            "stdev": 0.978505253792
        }
    },
    "melbands_crest": {
        "max": 32.2934951782,
        "mean": 13.8778104782,
        "min": 4.01351547241,
        "stdev": 5.34838867188
    },
    "melbands_flatness_db": {
        "max": 0.363551139832,
        "mean": 0.16092069447,
        "min": 0.0437020175159,
        "stdev": 0.0479523204267
    },
    "melbands_kurtosis": {
        "max": 110.789512634,
        "mean": 11.720492363,
        "min": -1.72797048092,
        "stdev": 16.1005115509
    },
    "melbands_skewness": {
        "max": 9.45010471344,
        "mean": 2.56178474426,
        "min": -0.739441037178,
        "stdev": 1.65864539146
    },
    "melbands_spread": {
        "max": 229.812103271,
        "mean": 37.0354919434,
        "min": 2.78462266922,
        "stdev": 25.5343284607
    },
    "pitch_salience": {
        "max": 0.840802788734,
        "mean": 0.559252679348,
        "min": 0.131864532828,
        "stdev": 0.124378591776
    },
    "silence_rate_20dB": {
        "max": 1,
        "mean": 1,
        "min": 1,
        "stdev": 0
    },
    "silence_rate_30dB": {
        "max": 1,
        "mean": 1,
        "min": 1,
        "stdev": 0
    },
    "silence_rate_60dB": {
        "max": 1,
        "mean": 0.0356887951493,
        "min": 0,
        "stdev": 0.185514122248
    },
    "spectral_centroid": {
        "max": 4922.87207031,
        "mean": 1979.67260742,
        "min": 468.653656006,
        "stdev": 762.822753906
    },
    "spectral_complexity": {
        "max": 51,
        "mean": 15.7980012894,
        "min": 0,
        "stdev": 8.26124954224
    },
    "spectral_decrease": {
        "max": -8.57048251812e-11,
        "mean": -4.04123268183e-09,
        "min": -1.75610992414e-08,
        "stdev": 2.46832865258e-09
    },
    "spectral_energy": {
        "max": 0.074322104454,
        "mean": 0.0174009017646,
        "min": 0.000339148537023,
        "stdev": 0.0104590719566
    },
    "spectral_energyband_high": {
        "max": 0.0217775516212,
        "mean": 0.00192069087643,
        "min": 2.56429802903e-06,
        "stdev": 0.00213347538374
    },
    "spectral_energyband_low": {
        "max": 0.015039794147,
        "mean": 0.00186538556591,
        "min": 9.1599777079e-06,
        "stdev": 0.00215522223152
    },
    "spectral_energyband_middle_high": {
        "max": 0.0415751039982,
        "mean": 0.00466782785952,
        "min": 1.70028415596e-05,
        "stdev": 0.00581406196579
    },
    "spectral_energyband_middle_low": {
        "max": 0.059289496392,
        "mean": 0.00948071759194,
        "min": 3.60396879842e-05,
        "stdev": 0.00763303879648
    },
    "spectral_entropy": {
        "max": 8.52248477936,
        "mean": 7.63395690918,
        "min": 6.59423875809,
        "stdev": 0.347500026226
    },
    "spectral_flux": {
        "max": 0.23792026937,
        "mean": 0.0772044509649,
        "min": 0.00831978209317,
        "stdev": 0.0364286340773
    },
    "spectral_kurtosis": {
        "max": 16.050359726,
        "mean": 1.45512187481,
        "min": -1.0024638176,
        "stdev": 1.55532574654
    },
    "spectral_rms": {
        "max": 0.00851524341851,
        "mean": 0.00392187247053,
        "min": 0.000575218757149,
        "stdev": 0.00126309937332
    },
    "spectral_rolloff": {
        "max": 9022.41210938,
        "mean": 2681.47460938,
        "min": 129.19921875,
        "stdev": 1896.40466309
    },
    "spectral_skewness": {
        "max": 3.18136811256,
        "mean": 0.745502829552,
        "min": -0.445928514004,
        "stdev": 0.29404887557
    },
    "spectral_spread": {
        "max": 9370986,
        "mean": 4591378,
        "min": 1869185.5,
        "stdev": 1321407.875
    },
    "spectral_strongpeak": {
        "max": 12.5271635056,
        "mean": 1.38356649876,
        "min": 0.0134203583002,
        "stdev": 1.55469059944
    },
    "zerocrossingrate": {
        "max": 0.26025390625,
        "mean": 0.0898441001773,
        "min": 0.0166015625,
        "stdev": 0.0386752076447
    },
    "barkbands": {
        "max": [0.000493795494549, 0.00677063968033, 0.0123911444098, 0.00627899356186, 0.0211530029774, 0.0429363548756, 0.054917331785, 0.0428994558752, 0.0548266097903, 0.0375337526202, 0.0175945591182, 0.0224202349782, 0.012346226722, 0.0201633833349, 0.0123091461137, 0.00835587922484, 0.00790615007281, 0.00771394604817, 0.00572813488543, 0.00954405125231, 0.00650751823559, 0.0138831017539, 0.00762141728774, 0.0039229686372, 0.0014475453645, 2.15050732777e-07, 2.1086525237e-07],
        "mean": [2.15928776015e-05, 0.000719043484423, 0.000901517167222, 0.00039093545638, 0.00179816852324, 0.00237963045947, 0.00164206291083, 0.00131445296574, 0.00141400098801, 0.00114457984455, 0.000381085963454, 0.000544853624888, 0.000261700799456, 0.00035581033444, 0.000225706011406, 0.000273166515399, 0.000468774611363, 0.000477374705952, 0.000449110957561, 0.00106123858131, 0.000365019601304, 0.000228431526921, 0.000382750818972, 0.000166083409567, 3.38183672284e-05, 1.18212084566e-09, 9.35078459108e-10],
        "min": [3.21645359236e-08, 3.92783795178e-06, 7.09871073923e-07, 3.13445667643e-07, 2.28207227337e-06, 5.69660642213e-06, 2.64788627646e-06, 6.58124747588e-07, 9.77394165602e-07, 7.30624037715e-07, 1.48928322119e-07, 1.17231331842e-06, 2.04830200801e-07, 1.26462941807e-06, 6.59980855744e-07, 7.88801003182e-07, 4.55984832115e-07, 1.48003755385e-06, 1.71941212557e-06, 1.97303688765e-06, 9.82088067758e-07, 4.1166902065e-07, 2.84383361304e-07, 1.31624432242e-07, 3.91126455668e-08, 2.19146333025e-11, 2.56077364175e-11],
        "stdev": [3.37416422553e-05, 0.00094225408975, 0.00152468786109, 0.00062986597186, 0.00238830968738, 0.0037088743411, 0.00368135399185, 0.00274833361618, 0.00406594155356, 0.00293989689089, 0.00123098609038, 0.00177241244819, 0.000883571279701, 0.00130713300314, 0.000782943796366, 0.000698627554812, 0.000848816125654, 0.000676219176967, 0.00056869344553, 0.00156393356156, 0.000632709183265, 0.00057540537091, 0.000621341809165, 0.000311750394758, 0.000100377954368, 8.41225311632e-09, 8.25894908019e-09]
    },
    "erbbands": {
        "max": [0.165236666799, 1.84354031086, 13.292301178, 16.8812065125, 57.7114524841, 100.525062561, 250.532012939, 480.846466064, 966.763549805, 630.208740234, 1168.74182129, 1546.18188477, 1495.24926758, 1246.5645752, 823.240661621, 1000.8694458, 546.795593262, 1120.83618164, 698.178161621, 797.434936523, 612.413818359, 515.952819824, 345.922546387, 273.517883301, 394.534179688, 585.741882324, 502.990020752, 161.224380493, 277.219909668, 509.063201904, 208.644805908, 147.697570801, 50.3522987366, 26.4347114563, 1.96528673172, 0.0560501553118, 0.00401368224993, 0.000613049021922, 0.00015958736185, 0.000100497287349],
        "mean": [0.0143644465134, 0.192659959197, 0.950191915035, 1.2791185379, 2.41651725769, 6.33722162247, 14.0570087433, 19.6701831818, 29.9805850983, 15.7434492111, 36.5189743042, 35.7473945618, 35.8495445251, 24.8995304108, 16.0928039551, 25.2659034729, 13.6512413025, 17.8513374329, 13.7303972244, 13.7231941223, 17.1464118958, 25.2119350433, 24.1055545807, 25.3298740387, 24.5971717834, 53.7298965454, 29.8549747467, 8.69001293182, 7.77488231659, 8.97026634216, 11.6256771088, 5.45410490036, 2.02009248734, 0.744890153408, 0.0455374643207, 0.00153991882689, 0.000141484764754, 2.86331978714e-05, 1.744445035e-05, 2.45164646913e-05],
        "min": [0.000164945260622, 0.000417263945565, 0.00218393630348, 0.00326851266436, 0.00156468013301, 0.00665890611708, 0.0122571606189, 0.0460814870894, 0.0957153066993, 0.0467924885452, 0.0360063165426, 0.0241908002645, 0.0155632803217, 0.0132275838405, 0.0175264440477, 0.0555870831013, 0.031396586448, 0.0468464791775, 0.0774992406368, 0.0400686599314, 0.0490037724376, 0.0435819029808, 0.0841638743877, 0.0615418292582, 0.0993091613054, 0.068741582334, 0.0482224747539, 0.0247688796371, 0.0125591242686, 0.0128515874967, 0.0073320325464, 0.00505447480828, 0.00141885562334, 0.000710418564267, 0.000139728901559, 4.57171427115e-06, 4.63155373609e-07, 8.89038886953e-08, 1.82500969004e-07, 3.90142531614e-07],
        "stdev": [0.0185705646873, 0.260179936886, 1.56661069393, 1.73139989376, 3.3324649334, 9.38369941711, 23.9151916504, 35.8945617676, 66.7703399658, 33.7753944397, 78.1470489502, 106.27179718, 96.9473800659, 71.0499572754, 50.1212882996, 80.8755493164, 37.2687110901, 61.547996521, 39.4501609802, 44.2865600586, 36.0279426575, 47.2108917236, 32.8886756897, 33.8976745605, 28.6474304199, 80.7010421753, 48.3014335632, 11.836268425, 15.22793293, 25.4737453461, 19.0134239197, 10.03931427, 4.13496541977, 2.07726430893, 0.120738625526, 0.00378970103338, 0.000287427275907, 4.69400947622e-05, 1.42428525578e-05, 1.45327958307e-05]
    },
    "gfcc": {
        "mean": [-26.6360721588, 96.1435241699, -149.24256897, 73.3437271118, -97.4443283081, 5.25269842148, -33.9717674255, 1.99592387676, -6.48770904541, -18.8963813782, 8.02537536621, -18.2536716461, 3.4971613884],
        "cov": [[1819.45446777, -64.9804611206, -537.372131348, -312.401153564, -23.427028656, 28.7911376953, 55.199016571, 31.107175827, -43.0621757507, -72.3362808228, -88.5207061768, -101.004203796, -28.2670478821], [-64.9804611206, 748.823791504, -218.402252197, -266.523101807, 110.588188171, 2.56931829453, 249.836990356, -64.5583953857, 8.39435863495, -69.9804153442, 1.36632108688, -87.1287307739, -7.1131939888], [-537.372131348, -218.402252197, 1007.42053223, 425.391418457, -205.770584106, 62.5078239441, -294.641143799, 57.5908813477, -48.5951004028, 36.9456977844, -44.3265609741, 50.4002342224, -3.26779866219], [-312.401153564, -266.523101807, 425.391418457, 469.549743652, -4.21432876587, -142.588088989, -184.736938477, 80.7308654785, 35.6370620728, 25.4235687256, 11.5783042908, 59.4649200439, 17.0046195984], [-23.427028656, 110.588188171, -205.770584106, -4.21432876587, 204.220199585, 39.2541160583, 98.4627914429, 2.74979782104, 27.3837413788, 7.78227901459, 23.7175502777, -18.8719081879, -0.314943194389], [28.7911376953, 2.56931829453, 62.5078239441, -142.588088989, 39.2541160583, 452.176818848, 113.303527832, -87.8322906494, -82.5721664429, 24.759601593, -58.2178077698, -17.4059295654, -68.1154708862], [55.199016571, 249.836990356, -294.641143799, -184.736938477, 98.4627914429, 113.303527832, 304.372375488, -17.4672698975, -17.0020713806, -30.665851593, 7.16616439819, -57.6372528076, -37.2528915405], [31.107175827, -64.5583953857, 57.5908813477, 80.7308654785, 2.74979782104, -87.8322906494, -17.4672698975, 162.69682312, 61.8654174805, 10.7547245026, -2.98543667793, -19.9273662567, 20.6718978882], [-43.0621757507, 8.39435863495, -48.5951004028, 35.6370620728, 27.3837413788, -82.5721664429, -17.0020713806, 61.8654174805, 125.285354614, 25.5006923676, 16.4847354889, 24.2381057739, 18.0523815155], [-72.3362808228, -69.9804153442, 36.9456977844, 25.4235687256, 7.78227901459, 24.759601593, -30.665851593, 10.7547245026, 25.5006923676, 73.6097106934, 33.0601882935, 14.0697488785, 2.45046448708], [-88.5207061768, 1.36632108688, -44.3265609741, 11.5783042908, 23.7175502777, -58.2178077698, 7.16616439819, -2.98543667793, 16.4847354889, 33.0601882935, 98.1605224609, 46.3838233948, 13.3137969971], [-101.004203796, -87.1287307739, 50.4002342224, 59.4649200439, -18.8719081879, -17.4059295654, -57.6372528076, -19.9273662567, 24.2381057739, 14.0697488785, 46.3838233948, 115.255714417, 42.4334335327], [-28.2670478821, -7.1131939888, -3.26779866219, 17.0046195984, -0.314943194389, -68.1154708862, -37.2528915405, 20.6718978882, 18.0523815155, 2.45046448708, 13.3137969971, 42.4334335327, 84.0380783081]],
        "icov": [[0.000914000265766, -0.000135540089104, 0.00115811172873, -0.000317028985592, 0.000956488831434, -0.000735331093892, 0.000979151111096, -0.000999820651487, 0.000542226072866, 0.000690790533554, 6.50266738376e-05, 0.000449796498287, 0.00011866314162], [-0.000135540089104, 0.00484157307073, -0.00421968987212, 0.0051768287085, -0.00507706450298, 0.00358799565583, -0.00405838387087, 0.00384017778561, -0.00319863157347, 0.00268359459005, -8.16809279058e-06, 0.00177208543755, -0.000986489700153], [0.00115811172873, -0.00421968987212, 0.00904019363225, -0.00905768759549, 0.00986436754465, -0.00743556395173, 0.00633359979838, -0.00492214411497, 0.00302512058988, 0.000289822899504, -0.00261876475997, 0.0021314828191, -0.00107441237196], [-0.000317028985592, 0.0051768287085, -0.00905768759549, 0.0141249150038, -0.0122541729361, 0.00935907382518, -0.00457864720374, 0.00240330491215, -0.000991639913991, -0.000971109198872, 0.00534174498171, -0.00553921749815, 0.00423230417073], [0.000956488831434, -0.00507706450298, 0.00986436754465, -0.0122541729361, 0.0186996310949, -0.010407092981, 0.004770509433, -0.00359886558726, -0.000572368793655, 0.00181042891927, -0.00745471380651, 0.00695533165708, -0.00487089483067], [-0.000735331093892, 0.00358799565583, -0.00743556395173, 0.00935907382518, -0.010407092981, 0.0124850682914, -0.00713397376239, 0.00359099241905, 0.00263558747247, -0.00771102309227, 0.0106890508905, -0.0084497500211, 0.00614010868594], [0.000979151111096, -0.00405838387087, 0.00633359979838, -0.00457864720374, 0.004770509433, -0.00713397376239, 0.0119534442201, -0.00525430729613, 0.00197270163335, 0.00428055413067, -0.00543074635789, 0.00314233498648, 0.000710541149601], [-0.000999820651487, 0.00384017778561, -0.00492214411497, 0.00240330491215, -0.00359886558726, 0.00359099241905, -0.00525430729613, 0.0144785167649, -0.0086408816278, 0.00160008226521, -0.0012290161103, 0.0067587941885, -0.00509095657617], [0.000542226072866, -0.00319863157347, 0.00302512058988, -0.000991639913991, -0.000572368793655, 0.00263558747247, 0.00197270163335, -0.0086408816278, 0.0186016634107, -0.0106303431094, 0.0081855840981, -0.0110626015812, 0.00596713786945], [0.000690790533554, 0.00268359459005, 0.000289822899504, -0.000971109198872, 0.00181042891927, -0.00771102309227, 0.00428055413067, 0.00160008226521, -0.0106303431094, 0.0305498465896, -0.0180682651699, 0.0126124024391, -0.00618524570018], [6.50266738376e-05, -8.16809279058e-06, -0.00261876475997, 0.00534174498171, -0.00745471380651, 0.0106890508905, -0.00543074635789, -0.0012290161103, 0.0081855840981, -0.0180682651699, 0.0292560067028, -0.0186725184321, 0.00893121398985], [0.000449796498287, 0.00177208543755, 0.0021314828191, -0.00553921749815, 0.00695533165708, -0.0084497500211, 0.00314233498648, 0.0067587941885, -0.0110626015812, 0.0126124024391, -0.0186725184321, 0.0288276728243, -0.015176477842], [0.00011866314162, -0.000986489700153, -0.00107441237196, 0.00423230417073, -0.00487089483067, 0.00614010868594, 0.000710541149601, -0.00509095657617, 0.00596713786945, -0.00618524570018, 0.00893121398985, -0.015176477842, 0.022630058229]]
    },
    "melbands": {
        "max": [0.00179023237433, 0.00461430801079, 0.0029194559902, 0.00510433316231, 0.00721202697605, 0.00998240057379, 0.0131565760821, 0.00647211819887, 0.00863080937415, 0.00835693534464, 0.00737224379554, 0.00499136000872, 0.00260272901505, 0.00289951357991, 0.00172961840872, 0.00104837561958, 0.00232575740665, 0.00145489175338, 0.00110929855146, 0.000595163786784, 0.000973379821517, 0.000735306879506, 0.000306245055981, 0.000611520779785, 0.000241769565037, 0.000318071746733, 0.000229900411796, 0.000442770950031, 0.000406356848544, 0.000213207531488, 0.000113594942377, 0.000178682501428, 0.000374971801648, 0.00031514436705, 0.000126650193124, 0.000216461674427, 6.33121235296e-05, 2.9128676033e-05, 4.41490883532e-05, 1.57722843142e-05],
        "mean": [0.000163574790349, 0.000408430380048, 0.000248216645559, 0.000294002733426, 0.000465277815238, 0.000477113237139, 0.000418603623984, 0.000165342338732, 0.000321384170093, 0.000203410978429, 0.000173354681465, 0.000101299730886, 5.29361022927e-05, 5.82332650083e-05, 4.92947146995e-05, 2.45827195613e-05, 3.54578805855e-05, 2.3225966288e-05, 1.57098093041e-05, 2.03379258892e-05, 2.11584610952e-05, 2.9056913263e-05, 1.98690613615e-05, 2.39485452767e-05, 2.02190512937e-05, 1.56687547133e-05, 2.0724886781e-05, 4.06604413001e-05, 2.40700464929e-05, 6.77278239891e-06, 4.34809635408e-06, 4.32799379269e-06, 4.44523448095e-06, 5.09943538418e-06, 6.74319744576e-06, 6.00909197601e-06, 2.21646450882e-06, 1.18285458939e-06, 1.41884549976e-06, 3.59973370223e-07],
        "min": [1.25386634409e-06, 1.08558469947e-06, 5.84239330692e-07, 2.41374436882e-07, 3.14758295872e-07, 1.32100865358e-06, 5.46662931811e-07, 3.1541617318e-07, 2.03225127393e-07, 1.19897549666e-07, 7.20480386462e-08, 4.40336584973e-08, 2.40773783133e-08, 1.39192437132e-07, 1.06328933214e-07, 2.38730937241e-08, 1.02919671008e-07, 1.13710576954e-07, 5.57734587403e-08, 3.11867545122e-08, 5.75803404956e-08, 1.84651547386e-08, 8.15996727965e-08, 8.42727985173e-08, 3.74090092237e-08, 6.16955304622e-08, 5.17921776577e-08, 2.73464628719e-08, 2.63955737267e-08, 2.3931121973e-08, 1.16466045696e-08, 5.92572879654e-09, 6.80272416176e-09, 6.18870776847e-09, 2.90889334842e-09, 4.52688420083e-09, 2.34996844206e-09, 9.19758103013e-10, 6.99868885068e-10, 5.97269178559e-10],
        "stdev": [0.000210303915082, 0.000581879401579, 0.000295552104944, 0.000369086454157, 0.000727042381186, 0.000816318730358, 0.000896774232388, 0.000362814578693, 0.000696989533026, 0.000607648049481, 0.000487141543999, 0.000303017906845, 0.000169432489201, 0.000191977436771, 0.000143286000821, 8.61507869558e-05, 0.000130957370857, 7.67488672864e-05, 5.98959486524e-05, 5.85906236665e-05, 4.97054352309e-05, 6.1773978814e-05, 3.24825414282e-05, 3.7712721678e-05, 2.99551393255e-05, 2.06597887882e-05, 2.82081855403e-05, 6.38025740045e-05, 4.19523057644e-05, 1.33278390422e-05, 6.85945587975e-06, 8.01602163847e-06, 1.48044000525e-05, 1.37877996167e-05, 1.10602240966e-05, 1.20358208733e-05, 4.26681799581e-06, 2.27941063713e-06, 3.78215690944e-06, 1.0728789448e-06]
    },
    "melbands128": {
        "max": [0.000467255827971, 0.000996420043521, 0.00306047080085, 0.00379934650846, 0.00722573604435, 0.00507595157251, 0.00417556194589, 0.00306111946702, 0.00662861950696, 0.00638891197741, 0.00765724200755, 0.00738990167156, 0.0124191194773, 0.00899723172188, 0.0132525488734, 0.0163640398532, 0.016826801002, 0.0201654881239, 0.0107886232436, 0.0108548123389, 0.00770858069882, 0.0122947609052, 0.0131374122575, 0.0153048997745, 0.0187991969287, 0.0141594540328, 0.00882631633431, 0.0143160009757, 0.0122113451362, 0.00517307594419, 0.00920972600579, 0.0031802742742, 0.00363967195153, 0.00432775774971, 0.00301708444022, 0.0055155614391, 0.00633971951902, 0.00260109989904, 0.00320708681829, 0.00193973304704, 0.0021030921489, 0.00213113054633, 0.00398364895955, 0.00344273587689, 0.00230343663134, 0.00174742622767, 0.00223926571198, 0.00116783205885, 0.00263006216846, 0.00160212651826, 0.00126261927653, 0.000691578316037, 0.000671646848787, 0.00212012976408, 0.000743522774428, 0.00170728005469, 0.000851984834298, 0.000758067821153, 0.000697167182807, 0.000554564234335, 0.00123659614474, 0.00086199468933, 0.000534130493179, 0.000595260586124, 0.000342331913998, 0.000204750656849, 0.000842538254801, 0.000206185970455, 0.000282623601379, 0.000746046658605, 0.00109057629015, 0.000928964698687, 0.000781560782343, 0.000765527831391, 0.000373276299797, 0.000290260824841, 0.000234269435168, 6.42534141662e-05, 0.000168333033798, 0.000139481475344, 0.000153972127009, 0.000299239851302, 0.000139100447996, 0.00028192679747, 0.000971962814219, 0.00051096722018, 0.000271352939308, 0.000122975106933, 0.000177954803803, 0.0001744190522, 0.00020298275922, 0.000334690674208, 9.61085752351e-05, 7.57719390094e-05, 7.57721718401e-05, 3.52007518813e-05, 3.33293210133e-05, 6.60200603306e-05, 6.58853750792e-05, 6.13047013758e-05, 2.58684685832e-05, 1.54864719661e-05, 6.34550497125e-06, 2.39596829488e-06, 2.91099524929e-07, 2.7474408526e-08, 3.32980931717e-08, 2.14370365903e-09, 1.54167367761e-09, 1.45130096829e-09, 1.37014211088e-09, 1.29927513193e-09, 1.23185928125e-09, 1.1768364061e-09, 1.12700371258e-09, 1.08047815139e-09, 1.040637021e-09, 1.00284158755e-09, 9.66182023276e-10, 9.37517286026e-10, 9.11707986884e-10, 8.86413775714e-10, 8.64422755598e-10, 8.48103975937e-10, 8.35638169772e-10, 8.23668133698e-10, 8.15376099972e-10, 8.10230993409e-10],
        "mean": [2.00351623789e-05, 9.23044208321e-05, 0.000199688001885, 0.000343098130543, 0.000493682804517, 0.000414352631196, 0.000261011300609, 0.000178515620064, 0.000254122773185, 0.000240981040406, 0.000346458691638, 0.000502524431795, 0.000533604586963, 0.000389631895814, 0.000323313986883, 0.000612736330368, 0.000713493151125, 0.000321150349919, 0.000153566128574, 0.000170432627783, 0.000137630020618, 0.000228882650845, 0.00042664463399, 0.000286742113531, 0.000285363639705, 0.000104332495539, 0.000158318391186, 0.000241396643105, 0.000118718890008, 0.000120156786579, 9.94664515019e-05, 4.80164781038e-05, 6.15546305198e-05, 4.61833624286e-05, 3.17035883199e-05, 6.62178936182e-05, 0.000100066063169, 3.81042336812e-05, 3.14578137477e-05, 2.69075135293e-05, 1.87362766155e-05, 2.91055439448e-05, 3.07216687361e-05, 5.00462556374e-05, 2.51908459177e-05, 1.59441169671e-05, 2.46520139626e-05, 9.21749779081e-06, 1.60068666446e-05, 2.0496234356e-05, 2.49245822488e-05, 1.57131180458e-05, 1.24399848573e-05, 2.42588357651e-05, 3.86321080441e-05, 3.28001879097e-05, 1.71677784238e-05, 2.03614363272e-05, 2.13683633774e-05, 1.80289334821e-05, 2.53931393672e-05, 2.78387597064e-05, 2.15347499761e-05, 1.97947447305e-05, 1.40218362503e-05, 1.31748975036e-05, 2.01125330932e-05, 1.52974571392e-05, 1.7113665308e-05, 3.15181678161e-05, 4.69592159789e-05, 4.40323601651e-05, 3.22471023537e-05, 2.27420296142e-05, 1.02945841718e-05, 7.66874291003e-06, 4.58441854789e-06, 3.71646706299e-06, 4.46157901024e-06, 4.94361347592e-06, 4.2093402044e-06, 3.90956301999e-06, 4.64195818495e-06, 4.05699483963e-06, 5.09786195835e-06, 5.06058904648e-06, 4.84681731905e-06, 5.12663882546e-06, 7.08227526047e-06, 8.28930114949e-06, 6.1890973484e-06, 6.33025865682e-06, 3.78411391466e-06, 2.03577769753e-06, 1.34473975777e-06, 7.32590137886e-07, 1.09303107365e-06, 1.86974637018e-06, 1.60859838161e-06, 1.26756697227e-06, 5.10873860549e-07, 2.09623408409e-07, 1.1586853077e-07, 6.05857906066e-08, 7.95512633545e-09, 4.51749471164e-10, 3.87799625745e-10, 3.76324214846e-11, 6.4956924388e-12, 6.15185766911e-12, 5.85710169601e-12, 5.59493510549e-12, 5.32752314486e-12, 5.10557134764e-12, 4.90663109101e-12, 4.72901882584e-12, 4.56649345074e-12, 4.41658255107e-12, 4.2849473969e-12, 4.16237660658e-12, 4.05069380816e-12, 3.95122216196e-12, 3.87541301133e-12, 3.79916454199e-12, 3.70750825873e-12, 3.59721128752e-12, 3.52964922914e-12, 3.50381529346e-12],
        "min": [4.19860590739e-09, 4.58991280539e-08, 7.72346879785e-07, 5.70503004838e-07, 1.55840254479e-07, 3.17252101922e-07, 3.13828479648e-07, 2.19088207132e-07, 9.98927518481e-08, 5.50304122271e-08, 1.37376062526e-07, 6.6240176011e-08, 6.42527950845e-08, 1.23265408547e-07, 4.07006837122e-07, 1.67215489455e-07, 2.24511182978e-07, 3.93464887338e-08, 1.44496411281e-07, 7.83608271604e-08, 3.86826357612e-08, 1.52851271196e-07, 6.21095281872e-08, 3.77385838135e-08, 3.98554149683e-08, 3.74195536779e-08, 6.35510062352e-08, 7.68918582139e-08, 3.16519610521e-08, 1.73539866921e-08, 3.1594140637e-09, 9.63703161716e-09, 1.1611730244e-08, 1.97918552658e-08, 2.25318466107e-08, 2.2725727078e-08, 7.64543770515e-08, 3.15685753094e-08, 6.03331606897e-09, 8.31597457562e-09, 7.97261723307e-09, 7.25148119329e-09, 1.49986743025e-08, 8.59794511143e-08, 6.72745699148e-08, 1.68534590728e-08, 1.80604047273e-08, 9.68068292195e-09, 1.66996834139e-08, 2.22484910495e-08, 1.9597329981e-08, 1.01278212483e-08, 2.20854712296e-08, 2.36684698507e-08, 1.56674726526e-08, 1.24068213481e-08, 6.21322460148e-09, 4.71624836962e-08, 7.30412708094e-09, 3.24375939442e-08, 9.38808852879e-08, 7.44712593814e-08, 4.02253093057e-08, 3.0048632027e-08, 1.6770352218e-08, 1.55826551662e-08, 5.59813209122e-08, 4.83376787486e-08, 4.27009716475e-08, 1.13958762427e-08, 1.6993910279e-08, 1.97900860144e-08, 3.30594396303e-08, 1.52889914062e-08, 3.02830329701e-08, 1.89349727009e-08, 2.1852590848e-08, 5.80573944475e-09, 1.261896454e-08, 7.7165003276e-09, 3.20757065353e-09, 5.53650059132e-09, 3.24692672748e-09, 4.10182554589e-09, 9.16520104255e-09, 3.92482535361e-09, 4.38955538584e-09, 2.9962332615e-09, 1.88594784234e-09, 4.12627132462e-09, 3.97438926214e-09, 3.81257647675e-09, 3.37129213435e-09, 2.95674640327e-09, 7.95655097363e-10, 8.29310842221e-10, 9.49458511812e-10, 9.42784961211e-10, 5.94622850958e-10, 4.64046440163e-10, 5.14800757578e-10, 2.39424147175e-10, 2.35776315138e-10, 1.66162458792e-10, 3.71414054026e-12, 3.07505946704e-13, 1.08506370664e-13, 8.60861200575e-14, 6.99828243316e-14, 8.57859790149e-14, 9.67223398813e-14, 8.68851635061e-14, 8.56330861798e-14, 9.02667426483e-14, 7.59251805849e-14, 9.35401184136e-14, 6.97124107572e-14, 9.47075331028e-14, 7.34582615005e-14, 8.68244346319e-14, 7.91677446797e-14, 8.63289542391e-14, 8.81968109656e-14, 7.99994700476e-14, 5.87154226606e-14, 2.17195917284e-14, 3.10691282712e-15, 1.24623507543e-16],
        "stdev": [3.16706755257e-05, 0.000130029307911, 0.000329519127263, 0.000501975649968, 0.000852708762977, 0.000682001234964, 0.000403301470215, 0.000299451756291, 0.000409005238907, 0.000354659510776, 0.000626198831014, 0.000941374513786, 0.00111093162559, 0.000872588832863, 0.000863996276166, 0.00140437937807, 0.00180466321763, 0.000986903905869, 0.000484258460347, 0.000516933039762, 0.000399321113946, 0.000679149408825, 0.00106636132114, 0.00104418292176, 0.0011583159212, 0.000493241648655, 0.000505613628775, 0.000815983337816, 0.000531195604708, 0.000420698983362, 0.00043531038682, 0.00018649068079, 0.000238926862949, 0.000239115208387, 0.000176101937541, 0.000291704956908, 0.000385252002161, 0.000182818330359, 0.000125825899886, 0.00011529862968, 0.000117544201203, 0.000150901469169, 0.000162297859788, 0.000245267729042, 0.00014141878637, 7.21004689694e-05, 0.000107322448457, 4.66864439659e-05, 0.00012996395526, 7.53395142965e-05, 9.96423623292e-05, 6.47858323646e-05, 4.37914750364e-05, 9.13042749744e-05, 9.08468064154e-05, 0.00010783214384, 5.26337244082e-05, 5.1239712775e-05, 4.55951267213e-05, 4.4788546802e-05, 5.85437774134e-05, 5.90917152294e-05, 4.33418572356e-05, 4.44953257102e-05, 2.98986124108e-05, 2.24388040806e-05, 3.94368216803e-05, 2.32526545005e-05, 3.02540229313e-05, 6.65411862428e-05, 0.000101294746855, 8.84038527147e-05, 7.2158909461e-05, 5.65794653085e-05, 2.96517882816e-05, 2.08102337638e-05, 9.77178115136e-06, 5.70643805986e-06, 8.72103828442e-06, 9.55626728683e-06, 8.22172660264e-06, 1.04557148006e-05, 1.08210797407e-05, 1.26347340483e-05, 3.35443655786e-05, 1.77294969035e-05, 1.13571277325e-05, 8.94802451512e-06, 1.34683486976e-05, 1.56668556883e-05, 1.26770573843e-05, 1.54036188178e-05, 7.88588658907e-06, 4.55510826214e-06, 3.16757655128e-06, 1.7291910126e-06, 2.29450097322e-06, 4.5215551836e-06, 4.4570801947e-06, 3.97683515985e-06, 1.6534390852e-06, 6.49432138289e-07, 3.52779437662e-07, 1.58460707667e-07, 2.10923740696e-08, 1.87931226137e-09, 1.81789194809e-09, 1.49846440811e-10, 5.94522625574e-11, 5.60688474815e-11, 5.30466122417e-11, 5.03448914502e-11, 4.78240710922e-11, 4.57588619773e-11, 4.38697307648e-11, 4.21257612127e-11, 4.05908154311e-11, 3.91586554849e-11, 3.77811913699e-11, 3.66746424896e-11, 3.56982499117e-11, 3.47190436123e-11, 3.39430150653e-11, 3.32982010021e-11, 3.28163642094e-11, 3.23757722021e-11, 3.20560869516e-11, 3.18577178526e-11]
    },
    "mfcc": {
        "mean": [-640.037536621, 83.1109619141, 10.0374507904, 39.3550071716, -15.134057045, -6.50158214569, -9.21682929993, 6.75574016571, -11.5634794235, 8.57717227936, -8.79134273529, 4.87306070328, -2.74595022202],
        "cov": [[2124.47509766, 86.5087966919, -672.182006836, -350.685119629, -206.898925781, -60.8498344421, 35.1381263733, 34.2728233337, 38.5645980835, 74.3305969238, -82.9250106812, -26.701757431, -32.467212677], [86.5087966919, 834.244445801, -374.103485107, -224.447540283, -214.877975464, 88.5237808228, 129.195022583, 54.1129951477, 31.9391098022, 56.9602127075, 39.4084129333, -59.1899375916, -72.2126693726], [-672.182006836, -374.103485107, 1111.28271484, 195.418304443, 226.614883423, -6.99514722824, -91.4221420288, -69.5886611938, 3.76669216156, -136.446975708, 71.7995071411, -50.147228241, -34.0771865845], [-350.685119629, -224.447540283, 195.418304443, 517.614379883, 166.882965088, -236.895263672, -119.533683777, -16.5296459198, -26.4917125702, 5.26779842377, -73.8872451782, 76.8229522705, 70.2399139404], [-206.898925781, -214.877975464, 226.614883423, 166.882965088, 243.130645752, -46.0748405457, -70.9740600586, -35.4645996094, 17.9152793884, -14.9503793716, -6.59384632111, 20.1939964294, 41.0542869568], [-60.8498344421, 88.5237808228, -6.99514722824, -236.895263672, -46.0748405457, 354.566497803, 122.679077148, 35.5476074219, 3.0272564888, -42.344909668, 87.6790390015, -59.5191116333, -27.4537658691], [35.1381263733, 129.195022583, -91.4221420288, -119.533683777, -70.9740600586, 122.679077148, 209.879714966, 42.826385498, 8.43943500519, 38.3052215576, 41.9509086609, -28.9595069885, -29.1003341675], [34.2728233337, 54.1129951477, -69.5886611938, -16.5296459198, -35.4645996094, 35.5476074219, 42.826385498, 104.353561401, 31.8998737335, 15.0787057877, 3.57313919067, 5.08639764786, 15.2412137985], [38.5645980835, 31.9391098022, 3.76669216156, -26.4917125702, 17.9152793884, 3.0272564888, 8.43943500519, 31.8998737335, 119.58405304, 29.3480224609, 11.8861551285, -7.50433301926, -0.381779879332], [74.3305969238, 56.9602127075, -136.446975708, 5.26779842377, -14.9503793716, -42.344909668, 38.3052215576, 15.0787057877, 29.3480224609, 125.733558655, 12.970085144, 8.22573184967, -7.31036186218], [-82.9250106812, 39.4084129333, 71.7995071411, -73.8872451782, -6.59384632111, 87.6790390015, 41.9509086609, 3.57313919067, 11.8861551285, 12.970085144, 113.124832153, -8.26114273071, -29.0561943054], [-26.701757431, -59.1899375916, -50.147228241, 76.8229522705, 20.1939964294, -59.5191116333, -28.9595069885, 5.08639764786, -7.50433301926, 8.22573184967, -8.26114273071, 103.268333435, 45.1095085144], [-32.467212677, -72.2126693726, -34.0771865845, 70.2399139404, 41.0542869568, -27.4537658691, -29.1003341675, 15.2412137985, -0.381779879332, -7.31036186218, -29.0561943054, 45.1095085144, 104.454612732]],
        "icov": [[0.000741594762076, 0.000291248114081, 0.000419524702011, 0.000620831269771, 0.000114048343676, 0.000508050492499, 1.66646641446e-05, -0.000161506293807, -0.000207994729863, 7.14445923222e-05, 0.000286439200863, 0.000285962742055, 0.000228584482102], [0.000291248114081, 0.00198019691743, 0.000691056950018, 0.000210300306208, 0.00100061460398, 0.000377066753572, -0.00036368885776, -0.000232046848396, -0.000606807414442, 0.000235361163504, -0.000603964494076, 0.000937004515436, 0.000623494735919], [0.000419524702011, 0.000691056950018, 0.00209573470056, -0.000322157866322, -0.000806544616353, 0.000710051041096, -0.000146220903844, 0.000124105034047, -0.000634377298411, 0.00219543254934, -0.00185473484453, 0.00150174531154, 0.000940128287766], [0.000620831269771, 0.000210300306208, -0.000322157866322, 0.0048041776754, -0.00193794397637, 0.0024323144462, 0.000183827476576, -0.00158319401089, 0.00142682122532, -0.000733512744773, 0.0014344524825, -0.00103799195495, -0.000512934755534], [0.000114048343676, 0.00100061460398, -0.000806544616353, -0.00193794397637, 0.00800503231585, -0.00120348995551, 0.000853671808727, 0.00252532609738, -0.00235915486701, -0.000903009728063, -0.000175872963155, 0.000302955886582, -0.00207755668089], [0.000508050492499, 0.000377066753572, 0.000710051041096, 0.0024323144462, -0.00120348995551, 0.00694723846391, -0.00242991838604, -0.00181099318434, 0.000590883602854, 0.0033767959103, -0.00362427718937, 0.00241171102971, -0.000910309900064], [1.66646641446e-05, -0.00036368885776, -0.000146220903844, 0.000183827476576, 0.000853671808727, -0.00242991838604, 0.00779455341399, -0.00188465928659, 0.000795934523921, -0.00303244893439, -8.15989915282e-05, 0.000286915368633, 0.000698835588992], [-0.000161506293807, -0.000232046848396, 0.000124105034047, -0.00158319401089, 0.00252532609738, -0.00181099318434, -0.00188465928659, 0.0135258520022, -0.00410767970607, -0.000141283890116, 0.000380397192203, -0.000762921059504, -0.0026623015292], [-0.000207994729863, -0.000606807414442, -0.000634377298411, 0.00142682122532, -0.00235915486701, 0.000590883602854, 0.000795934523921, -0.00410767970607, 0.0110447928309, -0.00278475042433, -0.000219904031837, 0.000550742784981, -0.000200475275051], [7.14445923222e-05, 0.000235361163504, 0.00219543254934, -0.000733512744773, -0.000903009728063, 0.0033767959103, -0.00303244893439, -0.000141283890116, -0.00278475042433, 0.013286809437, -0.00431629875675, 0.000948370608967, 0.00112211820669], [0.000286439200863, -0.000603964494076, -0.00185473484453, 0.0014344524825, -0.000175872963155, -0.00362427718937, -8.15989915282e-05, 0.000380397192203, -0.000219904031837, -0.00431629875675, 0.0151299545541, -0.00401141773909, 0.00277832010761], [0.000285962742055, 0.000937004515436, 0.00150174531154, -0.00103799195495, 0.000302955886582, 0.00241171102971, 0.000286915368633, -0.000762921059504, 0.000550742784981, 0.000948370608967, -0.00401141773909, 0.0150325465947, -0.00490875681862], [0.000228584482102, 0.000623494735919, 0.000940128287766, -0.000512934755534, -0.00207755668089, -0.000910309900064, 0.000698835588992, -0.0026623015292, -0.000200475275051, 0.00112211820669, 0.00277832010761, -0.00490875681862, 0.0148582328111]]
    },
    "spectral_contrast_coeffs": {
        "max": [-0.451700478792, -0.359535157681, -0.504403293133, -0.570150375366, -0.630166053772, -0.562077045441],
        "mean": [-0.699874401093, -0.722233235836, -0.752391397953, -0.781708657742, -0.762409806252, -0.725642740726],
        "min": [-0.904598593712, -0.914677321911, -0.916255712509, -0.904663622379, -0.873457789421, -0.819726467133],
        "stdev": [0.0772844031453, 0.0965814962983, 0.0727267339826, 0.0629333853722, 0.0536921732128, 0.0391275323927]
    },
    "spectral_contrast_valleys": {
        "max": [-5.72640752792, -5.17485952377, -5.94972515106, -6.15343379974, -5.53119897842, -7.89626455307],
        "mean": [-7.14231061935, -6.85085582733, -7.86028862, -8.2425737381, -7.26208686829, -10.0539531708],
        "min": [-9.74915790558, -9.18364334106, -10.2652244568, -9.95312213898, -9.46938228607, -12.7066459656],
        "stdev": [0.544035196304, 0.672941982746, 0.80597281456, 0.654267072678, 0.537253141403, 0.68349725008]
    }
},
"rhythm": {
    "beats_count": 46,
    "beats_loudness": {
        "max": 0.0462591461837,
        "mean": 0.0227965451777,
        "min": 0.00288797868416,
        "stdev": 0.00935842189938
    },
    "bpm": 85.2164611816,
    "bpm_histogram_first_peak_bpm": 86,
    "bpm_histogram_first_peak_weight": 0.325581431389,
    "bpm_histogram_second_peak_bpm": 92,
    "bpm_histogram_second_peak_spread": 0,
    "bpm_histogram_second_peak_weight": 0.0444444455206,
    "danceability": 1.13777458668,
    "onset_rate": 4.15283155441,
    "beats_loudness_band_ratio": {
        "max": [0.319352567196, 0.821265518665, 0.763504683971, 0.584308087826, 0.419821798801, 0.647264838219],
        "mean": [0.07797870785, 0.276613622904, 0.294779598713, 0.10514651984, 0.0980697721243, 0.220713466406],
        "min": [0.0063315583393, 0.00992353353649, 0.0157965198159, 0.00251615257002, 0.00932764913887, 0.0185379963368],
        "stdev": [0.0663741901517, 0.210305988789, 0.21854031086, 0.150821939111, 0.0775991380215, 0.144419521093]
    },
    "beats_position": [0.626938760281, 1.27709746361, 1.92725622654, 2.60063481331, 3.27401351929, 3.95900225639, 4.6439909935, 5.34058952332, 6.03718805313, 6.73378658295, 7.44199514389, 8.16181373596, 8.87002277374, 9.56662082672, 10.2632198334, 10.95981884, 11.6448068619, 12.3530158997, 13.0496139526, 13.7694330215, 14.4660310745, 15.1626300812, 15.8592290878, 16.5790481567, 17.2872562408, 17.995464325, 18.7036724091, 19.4118824005, 20.1084804535, 20.8050785065, 21.5016784668, 22.1982765198, 22.9064846039, 23.6263027191, 24.3461227417, 25.0543308258, 25.774148941, 26.4939670563, 27.2137870789, 27.9336051941, 28.6302032471, 29.3268013, 30.0350112915, 30.7316093445, 31.4398174286, 32.1480255127],
