{
"metadata": {
    "version": {
        "essentia": "2.1-beta5",
        "essentia_git_sha": "Undefined",
        "extractor": "music 2.0"
    },
    "audio_properties": {
        "analysis": {
            "equal_loudness": 0,
            "length": 30.0117683411,
            "sample_rate": 44100,
            "start_time": 126.490699768,
            "downmix": "mix"
        },
        "bit_rate": 192000,
        "length": 156.525726318,
        "lossless": 0,
        "number_channels": 1,
        "replay_gain": -12.2825107574,
        "sample_rate": 48000,
        "codec": "mp3",
        "md5_encoded": "82dd518b5757355d356dd74375db7671"
    },
    "tags": {
        "file_name": "France_Un Premier Amour_Isabelle Aubret.mp3",
        "encoding": ["Lavf58.29.100"]
    }
},
"lowlevel": {
    "average_loudness": 0.656860947609,
    "barkbands_crest": {
        "max": 26.2212047577,
        "mean": 10.8556079865,
        "min": 2.12603926659,
        "stdev": 5.41230535507
    },
    "barkbands_flatness_db": {
        "max": 0.372848689556,
        "mean": 0.201271191239,
        "min": 0.0724230185151,
        "stdev": 0.0484921038151
    },
    "barkbands_kurtosis": {
        "max": 157.273010254,
        "mean": 3.76956558228,
        "min": -1.91769850254,
        "stdev": 7.8672580719
    },
    "barkbands_skewness": {
        "max": 11.6114549637,
        "mean": 1.42473602295,
        "min": -2.07126092911,
        "stdev": 1.22507095337
    },
    "barkbands_spread": {
        "max": 130.309799194,
        "mean": 21.9296035767,
        "min": 1.02611613274,
        "stdev": 14.0296268463
    },
    "dissonance": {
        "max": 0.499948740005,
        "mean": 0.44187349081,
        "min": 0.318405777216,
        "stdev": 0.0385854355991
    },
    "dynamic_complexity": 4.80313539505,
    "erbbands_crest": {
        "max": 29.1713161469,
        "mean": 12.0956535339,
        "min": 3.10157394409,
        "stdev": 5.9513092041
    },
    "erbbands_flatness_db": {
        "max": 0.362228542566,
        "mean": 0.239831864834,
        "min": 0.089787133038,
        "stdev": 0.0400784425437
    },
    "erbbands_kurtosis": {
        "max": 36.5177078247,
        "mean": 0.491183817387,
        "min": -1.84064757824,
        "stdev": 2.23766636848
    },
    "erbbands_skewness": {
        "max": 5.80293655396,
        "mean": 0.668675720692,
        "min": -3.25511002541,
        "stdev": 0.927267611027
    },
    "erbbands_spread": {
        "max": 114.613342285,
        "mean": 37.2001800537,
        "min": 6.76981306076,
        "stdev": 16.0285148621
    },
    "hfc": {
        "max": 83.5838012695,
        "mean": 15.4363555908,
        "min": 3.77973243815e-08,
        "stdev": 16.8262176514
    },
    "loudness_ebu128": {
        "integrated": -16.3831062317,
        "loudness_range": 9.51753616333,
        "momentary": {
            "max": -11.5882053375,
            "mean": -18.5466251373,
            "min": -33.2975311279,
            "stdev": 4.63841199875
        },
        "short_term": {
            "max": -12.404088974,
            "mean": -17.4037742615,
            "min": -24.4249210358,
            "stdev": 3.42474889755
        }
    },
    "melbands_crest": {
        "max": 37.5139808655,
        "mean": 14.1778039932,
        "min": 2.86342406273,
        "stdev": 6.36238098145
    },
    "melbands_flatness_db": {
        "max": 0.407202333212,
        "mean": 0.211840316653,
        "min": 0.0236343238503,
        "stdev": 0.0603183545172
    },
    "melbands_kurtosis": {
        "max": 239.888565063,
        "mean": 11.6905508041,
        "min": -1.29529440403,
        "stdev": 17.1659927368
    },
    "melbands_skewness": {
        "max": 11.0423364639,
        "mean": 2.29530715942,
        "min": -0.437148362398,
        "stdev": 1.59806740284
    },
    "melbands_spread": {
        "max": 178.397720337,
        "mean": 27.0737476349,
        "min": 0.966185152531,
        "stdev": 19.9083042145
    },
    "pitch_salience": {
        "max": 0.894208312035,
        "mean": 0.528699278831,
        "min": 0.0804646611214,
        "stdev": 0.127380594611
    },
    "silence_rate_20dB": {
        "max": 1,
        "mean": 1,
        "min": 1,
        "stdev": 0
    },
    "silence_rate_30dB": {
        "max": 1,
        "mean": 1,
        "min": 1,
        "stdev": 0
    },
    "silence_rate_60dB": {
        "max": 1,
        "mean": 0.234157651663,
        "min": 0,
        "stdev": 0.42347073555
    },
    "spectral_centroid": {
        "max": 4266.71484375,
        "mean": 1681.82336426,
        "min": 386.977752686,
        "stdev": 716.822631836
    },
    "spectral_complexity": {
        "max": 52,
        "mean": 13.1414222717,
        "min": 0,
        "stdev": 7.68321704865
    },
    "spectral_decrease": {
        "max": -5.13119585636e-20,
        "mean": -3.94079080479e-09,
        "min": -1.96648635153e-08,
        "stdev": 3.69560781976e-09
    },
    "spectral_energy": {
        "max": 0.0782211795449,
        "mean": 0.0162735898048,
        "min": 3.62199072818e-12,
        "stdev": 0.0153041761369
    },
    "spectral_energyband_high": {
        "max": 0.0052377381362,
        "mean": 0.000662401900627,
        "min": 3.16316742764e-12,
        "stdev": 0.000778538873419
    },
    "spectral_energyband_low": {
        "max": 0.0242788009346,
        "mean": 0.00146765646059,
        "min": 8.4655157843e-15,
        "stdev": 0.00256971106865
    },
    "spectral_energyband_middle_high": {
        "max": 0.0647105425596,
        "mean": 0.00611263513565,
        "min": 3.90252039668e-13,
        "stdev": 0.0105443252251
    },
    "spectral_energyband_middle_low": {
        "max": 0.060012742877,
        "mean": 0.00850324891508,
        "min": 5.49101711908e-14,
        "stdev": 0.0092753181234
    },
    "spectral_entropy": {
        "max": 8.82393360138,
        "mean": 7.12400627136,
        "min": 5.83123970032,
        "stdev": 0.468706786633
    },
    "spectral_flux": {
        "max": 0.187634691596,
        "mean": 0.0581570640206,
        "min": 1.03894999484e-05,
        "stdev": 0.0359337665141
    },
    "spectral_kurtosis": {
        "max": 14.125202179,
        "mean": 1.91408324242,
        "min": -1.40219581127,
        "stdev": 2.11933898926
    },
    "spectral_rms": {
        "max": 0.00873575080186,
        "mean": 0.00350248208269,
        "min": 5.94445062063e-08,
        "stdev": 0.00189980911091
    },
    "spectral_rolloff": {
        "max": 17183.4960938,
        "mean": 1730.41040039,
        "min": 21.533203125,
        "stdev": 1490.73388672
    },
    "spectral_skewness": {
        "max": 2.43037748337,
        "mean": 0.781598985195,
        "min": -0.821696341038,
        "stdev": 0.415147125721
    },
    "spectral_spread": {
        "max": 10093499,
        "mean": 3549573,
        "min": 2317182.5,
        "stdev": 800199.625
    },
    "spectral_strongpeak": {
        "max": 8.775806427,
        "mean": 1.47285938263,
        "min": 0,
        "stdev": 1.55266141891
    },
    "zerocrossingrate": {
        "max": 0.58984375,
        "mean": 0.0663145557046,
        "min": 0.001953125,
        "stdev": 0.0361272394657
    },
    "barkbands": {
        "max": [0.000221245951252, 0.00790300499648, 0.0131248161197, 0.0179947279394, 0.0312428958714, 0.0441691763699, 0.0579275898635, 0.0118739744648, 0.024735763669, 0.0583411119878, 0.0113765392452, 0.0141799654812, 0.0182845089585, 0.00352897658013, 0.00387656828389, 0.00180486903992, 0.00256572151557, 0.00496697891504, 0.00380479800515, 0.00399992242455, 0.0022141977679, 0.00183130067308, 0.000690174347255, 2.03425570362e-05, 1.66500353771e-06, 7.46378390204e-08, 7.78842377258e-08],
        "mean": [1.26172944874e-05, 0.000410663837101, 0.000736429530662, 0.000469483900815, 0.000800271402113, 0.00303772417828, 0.00236852932721, 0.000404885271564, 0.00116422679275, 0.00284666521475, 0.000466555444291, 0.000233486614889, 0.00134124909528, 8.71974480106e-05, 0.000162849115441, 0.000115313152492, 0.00013974691683, 0.000308306887746, 0.000347010412952, 0.000446694437414, 0.000205364194699, 0.000114803326142, 5.1973049267e-05, 1.44753823861e-06, 9.4758561886e-08, 5.94074844873e-10, 5.91397375516e-10],
        "min": [8.62202883823e-16, 4.8515662821e-15, 2.28054218983e-15, 1.13511996992e-15, 7.08870332733e-16, 1.56389196535e-15, 3.9703602141e-15, 2.30911294995e-14, 1.99224470064e-14, 3.3414724709e-14, 2.7771909799e-14, 1.70490351166e-14, 1.78520545379e-14, 4.5994456548e-15, 1.38357783618e-14, 5.29853226995e-14, 4.75000152601e-14, 5.01105809679e-14, 5.11126920953e-14, 1.33641239893e-13, 1.80789465429e-13, 4.25233795658e-13, 1.86321539252e-13, 1.90070886547e-13, 7.69571255679e-13, 4.64788472467e-13, 8.93867120079e-13],
        "stdev": [1.68621481862e-05, 0.000619849655777, 0.00156646699179, 0.00137543329038, 0.0014631281374, 0.00578875700012, 0.00499087013304, 0.0010928506963, 0.0026658307761, 0.00718104327098, 0.00126712187193, 0.000604508386459, 0.00310980156064, 0.000263218127657, 0.000368795008399, 0.000182283489266, 0.000241832211032, 0.000552220037207, 0.000584039546084, 0.000628857291304, 0.000284640380414, 0.000205202028155, 6.80682205711e-05, 1.92683432942e-06, 1.80560405738e-07, 2.2474715422e-09, 2.34610797456e-09]
    },
    "erbbands": {
        "max": [0.143574178219, 2.05068707466, 13.3625183105, 51.0816116333, 111.515678406, 71.6963729858, 101.169151306, 549.902893066, 945.573547363, 486.225341797, 303.675079346, 669.12701416, 1816.20690918, 2293.59716797, 560.874023438, 708.762573242, 1010.77703857, 239.204086304, 206.83265686, 61.6537284851, 122.019744873, 100.693763733, 166.570175171, 277.732452393, 216.0443573, 224.734954834, 145.360321045, 57.2702713013, 51.333732605, 42.4882583618, 14.9883785248, 0.838125824928, 0.374713301659, 0.0553716830909, 0.00189041590784, 0.000313576369081, 0.000140813688631, 4.96907159686e-05, 4.39963841927e-05, 9.18681034818e-05],
        "mean": [0.00751739321277, 0.116277821362, 0.722606897354, 1.44905781746, 2.0210916996, 2.80020475388, 7.43213319778, 32.2494392395, 40.3516273499, 14.4562549591, 13.5848503113, 31.7273254395, 31.1854896545, 108.659103394, 16.4326667786, 15.0040636063, 68.5128326416, 10.6941747665, 9.39319133759, 5.10224962234, 7.23866319656, 7.30937576294, 11.295542717, 24.0213432312, 15.511133194, 24.4368515015, 14.9497308731, 4.20477151871, 3.94875264168, 3.23672628403, 1.19397127628, 0.0634430199862, 0.0353444963694, 0.00420577218756, 0.000173968161107, 3.33806056005e-05, 1.36570770337e-05, 4.8954484555e-06, 9.87371822703e-06, 1.99264013645e-05],
        "min": [1.53760373032e-13, 1.03116517061e-12, 2.58412063449e-12, 3.58948049235e-12, 2.28869722653e-12, 2.18961459207e-12, 8.44516123699e-12, 1.38785406778e-11, 3.2812363937e-11, 1.98106628324e-10, 5.73995684316e-10, 4.60989912909e-10, 5.87259851859e-10, 1.58052859689e-09, 9.00133911852e-10, 7.08951952699e-10, 8.02608701722e-10, 2.51334619783e-10, 4.16633227918e-10, 1.18262211135e-09, 3.52974960371e-09, 2.42376896331e-09, 2.77769851564e-09, 2.74183142857e-09, 4.39497593874e-09, 6.34602637106e-09, 1.1385195009e-08, 2.49818410403e-09, 1.19724914427e-08, 1.32056632296e-08, 5.52014878252e-09, 3.59874929856e-09, 4.56043469654e-09, 9.16011710927e-09, 4.31834035197e-09, 2.17355000665e-09, 8.27210633325e-10, 4.91565177452e-10, 1.7417563225e-10, 8.93368625604e-12],
        "stdev": [0.00865244492888, 0.186559677124, 1.47309291363, 3.71630096436, 4.86256551743, 4.61784553528, 12.7227315903, 65.43724823, 86.6233978271, 29.5123214722, 30.1989154816, 71.5413665771, 100.967506409, 270.688781738, 34.2660293579, 31.6734294891, 162.867431641, 21.2475032806, 19.4466667175, 7.68659162521, 11.5125799179, 11.3015451431, 15.6341218948, 42.2354316711, 25.6440982819, 35.1841888428, 20.0867805481, 6.35659170151, 6.85304927826, 5.19357919693, 1.49242711067, 0.0872396230698, 0.0459855236113, 0.00555686280131, 0.00021007367468, 3.39223734045e-05, 1.34103174787e-05, 5.19068316862e-06, 9.24554478843e-06, 1.87444984476e-05]
    },
    "gfcc": {
        "mean": [-88.169052124, 139.770187378, -172.954772949, 63.6819076538, -84.0873641968, -10.6464948654, -1.71535730362, -19.3868083954, 1.17320215702, -20.5169258118, 6.29213094711, -10.8420267105, -2.11079931259],
        "cov": [[8727.41796875, 1391.81604004, -1250.94445801, -221.878158569, -281.049987793, -374.531982422, 181.169418335, -314.341583252, -265.019805908, -230.637420654, 361.586883545, -170.176086426, -62.946598053], [1391.81604004, 745.438598633, 76.6169433594, -17.5936164856, -133.38848877, -258.421630859, 13.5770511627, -110.320327759, -45.1835632324, -75.1985549927, 74.8904647827, -44.8881187439, 6.21796989441], [-1250.94445801, 76.6169433594, 753.17388916, 198.376235962, -207.550613403, -146.529510498, -122.491104126, 2.96314811707, 55.5789871216, -12.5962934494, -43.2813072205, 50.0834655762, 48.131778717], [-221.878158569, -17.5936164856, 198.376235962, 375.953308105, 2.33451581001, 6.89750766754, -72.4887237549, 24.119808197, 111.022987366, -1.16121697426, -111.943580627, -8.13217926025, 17.5282440186], [-281.049987793, -133.38848877, -207.550613403, 2.33451581001, 266.532348633, 133.6224823, 35.8054733276, 31.7438678741, 13.0124635696, 46.4619674683, -19.2608184814, -27.0344314575, -27.3389225006], [-374.531982422, -258.421630859, -146.529510498, 6.89750766754, 133.6224823, 383.236999512, 76.1557540894, -0.625025510788, 33.8590927124, 45.0118865967, -62.8600463867, -13.5014982224, -47.0134239197], [181.169418335, 13.5770511627, -122.491104126, -72.4887237549, 35.8054733276, 76.1557540894, 220.6328125, 15.999206543, -94.6969528198, 16.3322525024, 31.830116272, -3.05426764488, -35.9239768982], [-314.341583252, -110.320327759, 2.96314811707, 24.119808197, 31.7438678741, -0.625025510788, 15.999206543, 125.94065094, 68.1986465454, -12.8712768555, -31.2377433777, -1.91379570961, 8.86277866364], [-265.019805908, -45.1835632324, 55.5789871216, 111.022987366, 13.0124635696, 33.8590927124, -94.6969528198, 68.1986465454, 187.730270386, 22.2908763885, -90.5462493896, -18.6707344055, 18.478603363], [-230.637420654, -75.1985549927, -12.5962934494, -1.16121697426, 46.4619674683, 45.0118865967, 16.3322525024, -12.8712768555, 22.2908763885, 89.6616516113, 22.732383728, -4.95189094543, -17.7486114502], [361.586883545, 74.8904647827, -43.2813072205, -111.943580627, -19.2608184814, -62.8600463867, 31.830116272, -31.2377433777, -90.5462493896, 22.732383728, 165.398498535, 37.5499267578, -2.34839820862], [-170.176086426, -44.8881187439, 50.0834655762, -8.13217926025, -27.0344314575, -13.5014982224, -3.05426764488, -1.91379570961, -18.6707344055, -4.95189094543, 37.5499267578, 84.4777526855, 43.1355133057], [-62.946598053, 6.21796989441, 48.131778717, 17.5282440186, -27.3389225006, -47.0134239197, -35.9239768982, 8.86277866364, 18.478603363, -17.7486114502, -2.34839820862, 43.1355133057, 89.2938690186]],
        "icov": [[0.000531849800609, -0.000320943887345, 0.00123385875486, -0.000719067058526, 0.000888137728907, 0.000255741353612, -0.000682616198901, 0.0014192473609, -0.00113795674406, 0.00175087386742, -0.00169747311156, 0.00110497151036, -0.00013050463167], [-0.000320943887345, 0.00786273088306, -0.00264589488506, 0.000736466608942, -0.0036863447167, 0.00580707704648, -0.0103293284774, 0.0159852225333, -0.0148223824799, 0.014468992129, -0.00779668986797, 0.00624375091866, -0.000583463930525], [0.00123385875486, -0.00264589488506, 0.00575736165047, -0.00287099345587, 0.00482824351639, -0.000639442179818, 0.00238585891202, -0.00215896498412, 0.00268533849157, -0.0016913888976, -0.000693288107868, -0.000380091019906, 0.000103450474853], [-0.000719067058526, 0.000736466608942, -0.00287099345587, 0.00520574022084, -0.00241268845275, 0.000264375790721, 5.11641592311e-05, -9.27633373067e-05, -0.00115981383715, -0.00115713384002, 0.00372733944096, -0.00174249894917, 0.000347577501088], [0.000888137728907, -0.0036863447167, 0.00482824351639, -0.00241268845275, 0.00998181570321, -0.00378830218688, 0.00556236086413, -0.00875944364816, 0.00839657243341, -0.00840781349689, 0.00211075809784, -3.74758601538e-05, -0.000412562105339], [0.000255741353612, 0.00580707704648, -0.000639442179818, 0.000264375790721, -0.00378830218688, 0.00923742633313, -0.0107636712492, 0.0159539990127, -0.0149092776701, 0.0126818278804, -0.00566089572385, 0.00333596626297, 0.00170417502522], [-0.000682616198901, -0.0103293284774, 0.00238585891202, 5.11641592311e-05, 0.00556236086413, -0.0107636712492, 0.0261808354408, -0.0324697159231, 0.0326615869999, -0.0295805316418, 0.0166394524276, -0.0108097465709, 0.00175439019222], [0.0014192473609, 0.0159852225333, -0.00215896498412, -9.27633373067e-05, -0.00875944364816, 0.0159539990127, -0.0324697159231, 0.0573557578027, -0.0493619330227, 0.0470176003873, -0.0260838605464, 0.0164736937732, -0.00105194468051], [-0.00113795674406, -0.0148223824799, 0.00268533849157, -0.00115981383715, 0.00839657243341, -0.0149092776701, 0.0326615869999, -0.0493619330227, 0.0543983466923, -0.046584431082, 0.0281986631453, -0.0141505859792, -0.00116862298455], [0.00175087386742, 0.014468992129, -0.0016913888976, -0.00115713384002, -0.00840781349689, 0.0126818278804, -0.0295805316418, 0.0470176003873, -0.046584431082, 0.0581590272486, -0.0307371541858, 0.0178794842213, 0.000655900104903], [-0.00169747311156, -0.00779668986797, -0.000693288107868, 0.00372733944096, 0.00211075809784, -0.00566089572385, 0.0166394524276, -0.0260838605464, 0.0281986631453, -0.0307371541858, 0.0291787777096, -0.0170900784433, 0.0030154644046], [0.00110497151036, 0.00624375091866, -0.000380091019906, -0.00174249894917, -3.74758601538e-05, 0.00333596626297, -0.0108097465709, 0.0164736937732, -0.0141505859792, 0.0178794842213, -0.0170900784433, 0.029320705682, -0.0114793088287], [-0.00013050463167, -0.000583463930525, 0.000103450474853, 0.000347577501088, -0.000412562105339, 0.00170417502522, 0.00175439019222, -0.00105194468051, -0.00116862298455, 0.000655900104903, 0.0030154644046, -0.0114793088287, 0.0186016429216]]
    },
    "melbands": {
        "max": [0.00189535110258, 0.00479739671573, 0.00769863370806, 0.00773638579994, 0.00283599179238, 0.0105024920776, 0.0135673005134, 0.00432823458686, 0.00239746551961, 0.004558224231, 0.00880538858473, 0.00988398864865, 0.00184816250112, 0.00115698680747, 0.00184105616063, 0.0021958318539, 0.000318638136378, 0.000274319434538, 0.000252531928709, 9.79164178716e-05, 0.000136263115564, 0.000138713003253, 0.000294241850497, 0.000185060314834, 0.000250790413702, 0.000162700700457, 0.000123605408589, 0.000196472043172, 0.000147489539813, 4.12874833273e-05, 3.89327942685e-05, 3.12377596856e-05, 4.66636702185e-05, 2.40325589402e-05, 1.16812343549e-05, 1.35944731028e-06, 3.29436716129e-07, 3.07009401013e-07, 1.62790385616e-07, 1.21953220855e-08],
        "mean": [9.0192501375e-05, 0.000305072637275, 0.000254321814282, 0.000182197851245, 0.000231589292525, 0.000698668474797, 0.000589485105593, 0.000126522034407, 0.000125711085275, 0.000191133818589, 0.000152951251948, 0.000465026125312, 5.63154608244e-05, 2.79564992525e-05, 9.21368482523e-05, 0.000122675002785, 9.23813604459e-06, 1.39807380037e-05, 1.02510803117e-05, 6.84393262418e-06, 8.93498872756e-06, 7.14329098628e-06, 9.68419681158e-06, 1.3130977095e-05, 2.08811106859e-05, 9.97131701297e-06, 1.10966775537e-05, 1.71578412846e-05, 1.19662736324e-05, 3.22768232763e-06, 2.05437004297e-06, 2.2958572572e-06, 2.04586308428e-06, 1.67211862845e-06, 8.779475138e-07, 7.69700676528e-08, 7.42843431212e-09, 2.73530016415e-08, 1.18108332003e-08, 7.00120850183e-10],
        "min": [1.40210602545e-15, 1.35403701157e-15, 5.7993407753e-16, 1.31005490519e-16, 2.59449659285e-16, 3.08560894265e-16, 5.63946542408e-16, 2.77218679395e-15, 4.68714786967e-15, 2.76128315058e-15, 2.91374505768e-15, 6.44177026716e-15, 3.27126072405e-15, 1.96340288998e-15, 2.57129006062e-15, 9.61033523438e-16, 4.35822168285e-16, 5.13529394382e-16, 1.18737375008e-15, 2.75654865992e-15, 4.32035803956e-15, 2.41731641147e-15, 2.38899904125e-15, 2.66975869953e-15, 2.18745856288e-15, 1.75053144011e-15, 5.13017108856e-15, 3.65646166231e-15, 7.6233481943e-15, 3.3067810507e-15, 7.30799274584e-16, 4.63440905728e-15, 1.23654511381e-14, 4.89893194099e-15, 3.30526210886e-15, 2.51454033546e-15, 2.06147638802e-15, 2.76284020889e-15, 5.26862455302e-15, 8.27978941106e-15],
        "stdev": [0.000121542434499, 0.000562828034163, 0.000590914685745, 0.000351263646735, 0.000387421168853, 0.00136981683318, 0.00120732397772, 0.00026629579952, 0.000270014541456, 0.000443927274318, 0.00051868124865, 0.00117707171012, 0.000131363995024, 6.6888598667e-05, 0.000210225931369, 0.000300297513604, 2.46122817771e-05, 2.84067773464e-05, 2.28345361393e-05, 1.0918537555e-05, 1.47704122355e-05, 1.30408352561e-05, 1.83271040441e-05, 2.18335044337e-05, 3.87277723348e-05, 1.76084122359e-05, 1.78701029654e-05, 2.48240339715e-05, 1.77401598194e-05, 4.99815450894e-06, 3.7209315451e-06, 4.29681904279e-06, 3.75532317776e-06, 2.4902997211e-06, 1.07344362732e-06, 1.32566455591e-07, 1.72406675603e-08, 3.83866449738e-08, 1.47957379681e-08, 1.32234334593e-09]
    },
    "melbands128": {
        "max": [0.000141671102028, 0.000517289037816, 0.00323919043876, 0.00438589928672, 0.00692281499505, 0.00593288382515, 0.0130767486989, 0.00697436323389, 0.0128659987822, 0.0108311958611, 0.00282419333234, 0.00310286832973, 0.0027833590284, 0.0094528272748, 0.0206467993557, 0.0183042641729, 0.0196210946888, 0.023162715137, 0.0125137045979, 0.00570798758417, 0.00418410077691, 0.00473075453192, 0.00326618179679, 0.00651179999113, 0.00823858287185, 0.00979699753225, 0.0122627783567, 0.014638023451, 0.00954862684011, 0.0205836426467, 0.011656826362, 0.00269866851158, 0.00386075815186, 0.00438334979117, 0.00111649732571, 0.00155210297089, 0.00443068472669, 0.000832413730677, 0.00555936805904, 0.00552956061438, 0.00459639169276, 0.00068950332934, 0.000134283531224, 0.000951188209001, 0.000546989613213, 0.000339122110745, 0.00102134700865, 0.000428466533776, 0.000211369231693, 0.000130485510454, 0.000111616129288, 0.000319494516589, 0.000351574475644, 0.000208890502108, 0.000421060074586, 0.00020988281176, 0.000166957106558, 0.000348592526279, 0.000406054168707, 0.000212447863305, 0.000217653549043, 0.000611019611824, 0.000756427878514, 0.000302663946059, 0.00010869804828, 0.000227222408284, 0.000449816026958, 0.000139695490361, 0.000192534906091, 0.000419477379182, 0.000275828380836, 0.000364146369975, 0.000317547091981, 0.000212972387089, 0.000109282176709, 6.79787481204e-05, 5.15001338499e-05, 4.5837732614e-05, 4.81511306134e-05, 9.49876412051e-05, 3.68484797946e-05, 6.181174831e-05, 5.4844236729e-05, 6.47150664008e-05, 4.75940432807e-05, 4.34226603829e-05, 1.97652680072e-05, 2.72656307061e-05, 1.61709376698e-05, 9.27401561057e-06, 5.76424326937e-07, 3.85919975088e-07, 5.33449338036e-07, 4.48023996569e-07, 1.20489900723e-07, 3.31524887542e-07, 6.58060685055e-07, 3.65771768429e-07, 1.53513340706e-07, 8.08945088693e-08, 2.89683423915e-08, 3.62166341361e-09, 6.91101786909e-10, 6.46161957274e-10, 6.23324947213e-10, 5.99852945093e-10, 5.73102565404e-10, 5.44754241716e-10, 5.13172448979e-10, 4.96168439668e-10, 4.77107853225e-10, 4.57734850023e-10, 4.37614999793e-10, 4.11761513774e-10, 4.0188463668e-10, 3.90951021556e-10, 3.77155362496e-10, 3.67613467445e-10, 3.55315110667e-10, 3.46492001757e-10, 3.36909000698e-10, 3.29463345494e-10, 3.21714016538e-10, 3.14848647154e-10, 3.11032838374e-10, 3.06078190571e-10, 3.03655933731e-10, 3.02234709482e-10],
        "mean": [9.75321927399e-06, 4.48115024483e-05, 0.000108520893264, 0.000204359152121, 0.000340959231835, 0.000360672420356, 0.000321102823364, 0.000190768580069, 0.000193322324776, 0.000232727747061, 0.000140668431413, 9.09901500563e-05, 0.000160964278621, 0.000483412935864, 0.000849265663419, 0.000709393410943, 0.000692720001098, 0.00066044961568, 0.000379163480829, 7.89939367678e-05, 4.13010820921e-05, 8.26773248264e-05, 0.000129014326376, 0.000158564362209, 0.000273941695923, 0.000181501294719, 7.01865501469e-05, 0.000112983405415, 0.000150774023496, 0.000731467676815, 0.000524298404343, 6.58443677821e-05, 3.13514829031e-05, 3.75191630155e-05, 2.52113186434e-05, 2.46106646955e-05, 3.51230046363e-05, 2.18427630898e-05, 0.00017286351067, 0.000259816413745, 6.86650600983e-05, 9.87125349639e-06, 4.76919331049e-06, 1.29721211124e-05, 7.86058262747e-06, 1.01502600955e-05, 2.91355954687e-05, 8.51461754792e-06, 3.93789878217e-06, 5.15225383424e-06, 6.82812333253e-06, 9.1731262728e-06, 8.92682146514e-06, 6.7947567004e-06, 1.32223003675e-05, 5.30821216671e-06, 3.34617971021e-06, 1.27693192553e-05, 1.03146494439e-05, 6.72884743835e-06, 7.27111091692e-06, 1.97799727175e-05, 3.76343414246e-05, 1.54502304213e-05, 5.38289941687e-06, 7.79855326982e-06, 1.69625564013e-05, 7.68091740611e-06, 6.2921008066e-06, 1.93957475858e-05, 2.24994146265e-05, 1.20302311188e-05, 1.35946238515e-05, 1.56843088917e-05, 4.71275734526e-06, 3.12304564432e-06, 2.56649946095e-06, 1.8102807644e-06, 1.78562413566e-06, 2.81498660115e-06, 1.77223466835e-06, 2.68368580691e-06, 1.949094667e-06, 1.85899114058e-06, 2.31739886658e-06, 1.84254702162e-06, 1.39532983212e-06, 1.39703843161e-06, 9.64340415521e-07, 4.97487349094e-07, 2.72466174067e-08, 1.32486794868e-08, 9.89927517736e-09, 7.15753412095e-09, 4.58914461987e-09, 1.46139580437e-08, 4.38780567436e-08, 2.74692837365e-08, 1.11108802159e-08, 4.40536407353e-09, 9.90784010391e-10, 1.53136406333e-10, 1.41847271776e-11, 5.01626561469e-12, 4.69679763831e-12, 4.57080033545e-12, 4.42388096641e-12, 4.16969583861e-12, 4.04469773646e-12, 3.92985297082e-12, 3.74720090027e-12, 3.67332336423e-12, 3.59803137805e-12, 3.3402417117e-12, 3.24874589036e-12, 3.11919370541e-12, 3.0235102616e-12, 2.80160877136e-12, 2.68794079876e-12, 2.61478447401e-12, 2.54527193592e-12, 2.49009818841e-12, 2.44024397043e-12, 2.39010720937e-12, 2.32421655706e-12, 2.24407471772e-12, 2.19853649175e-12, 2.18285263996e-12],
        "min": [6.20679168089e-16, 1.26980858469e-15, 1.70472559239e-15, 1.71306272593e-15, 1.41514398009e-15, 1.07372119855e-15, 7.82749816942e-16, 4.83640778047e-16, 1.9638404619e-16, 6.79026675319e-17, 1.04801467505e-16, 1.95755772737e-16, 2.94322164542e-16, 3.54573550374e-16, 3.18747656596e-16, 2.66986955496e-16, 3.11171370399e-16, 5.0389767686e-16, 9.58341229216e-16, 1.88252945472e-15, 3.72992610038e-15, 5.39740405419e-15, 5.2361154285e-15, 3.55652998574e-15, 2.78865099686e-15, 2.56343171245e-15, 2.19884628558e-15, 2.37133946309e-15, 3.66470668102e-15, 6.65701235049e-15, 8.16924568221e-15, 4.91322689253e-15, 2.10632741785e-15, 2.9008000649e-15, 2.67699447848e-15, 1.38241992096e-15, 1.22386710582e-15, 2.78268428502e-15, 3.84771450202e-15, 1.15295446039e-15, 4.1201892781e-16, 3.13299778907e-16, 4.07998115349e-16, 5.16213377094e-16, 4.54656951719e-16, 3.70306631504e-16, 7.13658715863e-16, 1.34287512903e-15, 1.60443011517e-15, 5.38097161501e-16, 2.3645140716e-15, 5.73897898401e-15, 4.5001403591e-15, 3.89112028189e-15, 3.73149141726e-15, 1.06932530932e-15, 2.7635474814e-15, 2.72984467571e-15, 1.89537428585e-15, 2.36775799603e-15, 3.26289457963e-15, 2.63797950565e-15, 1.45238643059e-15, 2.82850177945e-15, 1.99979206067e-15, 8.08375634091e-16, 1.36519095318e-15, 5.97454392884e-15, 7.0162487643e-15, 2.12040595247e-15, 5.12403772299e-15, 3.17567390299e-15, 2.33262518696e-15, 1.12264721919e-14, 1.07781020776e-14, 2.81233128521e-15, 3.02189062449e-16, 9.42795315897e-16, 5.70869713263e-16, 7.88826960701e-16, 2.39711954611e-15, 6.92206632386e-15, 8.61315616811e-15, 1.79592719683e-14, 9.26017414333e-15, 6.80941178891e-15, 2.3118483158e-15, 3.4190307039e-15, 4.46759354161e-15, 1.35127483713e-15, 4.11788709549e-15, 1.92395254222e-15, 1.92584820195e-15, 1.95380050097e-15, 2.00175230666e-15, 2.90951751624e-15, 3.06708893783e-15, 2.65056726228e-15, 1.7843534657e-15, 8.5301630329e-15, 1.26376807511e-14, 6.17977365922e-15, 5.60564329262e-15, 8.1389193616e-15, 1.71191774915e-15, 5.00764734922e-15, 6.10572138029e-15, 2.1929223489e-15, 4.93373356018e-15, 3.69872860638e-15, 1.97621066341e-15, 2.03024353039e-15, 2.7765354611e-15, 2.92096304894e-15, 2.30027488112e-15, 3.22085760501e-15, 3.78884444164e-15, 5.15173104168e-15, 4.76966878401e-15, 9.5557700072e-15, 4.80551140669e-15, 3.77163315567e-15, 1.2377313411e-15, 3.43574414626e-15, 2.23153815745e-15, 5.41940097043e-16, 4.93309176067e-17, 3.80587288761e-17],
        "stdev": [1.18483358165e-05, 4.89290687256e-05, 0.000170109473402, 0.000363388302503, 0.000719019153621, 0.000779319030698, 0.000894714787137, 0.000546302471776, 0.000554569531232, 0.000477802561363, 0.000261555309407, 0.000226412899792, 0.000325926113874, 0.00113434239756, 0.00209369999357, 0.00185908656567, 0.00228611030616, 0.00151109450962, 0.000878416351043, 0.000293397519272, 0.000158480281243, 0.000325973698637, 0.000355793687049, 0.000483391806483, 0.000764260417782, 0.000634343421552, 0.000518003362231, 0.000809106451925, 0.00057879392989, 0.00211244565435, 0.00139893498272, 0.000215599939111, 0.000177814377821, 0.00017612442025, 7.81277776696e-05, 6.73789691064e-05, 0.000155055953655, 6.94168702466e-05, 0.000493822211865, 0.000710551743396, 0.000286412192509, 3.32090712618e-05, 1.18787911561e-05, 5.78523322474e-05, 3.07856462314e-05, 2.26947395277e-05, 8.57935010572e-05, 2.50156681432e-05, 1.15458269647e-05, 1.21502362163e-05, 1.29913278215e-05, 2.1145620849e-05, 2.64075442828e-05, 1.41628806887e-05, 3.29414033331e-05, 1.37058823384e-05, 9.05910565052e-06, 3.08122653223e-05, 2.14634546865e-05, 1.62715732586e-05, 1.59035698744e-05, 5.08315715706e-05, 9.21318569453e-05, 3.77973119612e-05, 1.08685617306e-05, 1.75722907443e-05, 3.963187919e-05, 1.79777325684e-05, 1.61638272402e-05, 4.40432886535e-05, 4.23875790148e-05, 2.6327690648e-05, 2.79585729004e-05, 3.06996698782e-05, 9.66708103078e-06, 6.86506564307e-06, 5.31146724825e-06, 3.89645538235e-06, 3.59541968464e-06, 7.26645157556e-06, 3.62189507541e-06, 6.04628485235e-06, 4.09960148318e-06, 4.09243466493e-06, 5.05298658027e-06, 3.7456645714e-06, 1.96153814613e-06, 1.86786223821e-06, 1.42681381021e-06, 9.05503384274e-07, 5.40414824002e-08, 2.97024218554e-08, 2.57450345487e-08, 1.98341609803e-08, 1.11592095564e-08, 2.75890652546e-08, 7.1640272381e-08, 3.37871099987e-08, 1.55948143288e-08, 8.72658212359e-09, 2.0407115997e-09, 3.62980812074e-10, 4.27242755063e-11, 1.95636111477e-11, 1.87260762452e-11, 1.79918753507e-11, 1.71855862874e-11, 1.63590634095e-11, 1.54587627421e-11, 1.49327807064e-11, 1.43460937574e-11, 1.37847684656e-11, 1.31913551263e-11, 1.2434819667e-11, 1.21206438983e-11, 1.1775650767e-11, 1.13607543512e-11, 1.10606393836e-11, 1.06982400369e-11, 1.04291219757e-11, 1.01457496918e-11, 9.92130162747e-12, 9.69443969545e-12, 9.49434020986e-12, 9.37505628684e-12, 9.23316718221e-12, 9.15926102324e-12, 9.11526323172e-12]
    },
    "mfcc": {
        "mean": [-704.100036621, 134.531967163, -26.320110321, 57.9803962708, -43.5956306458, 12.6850671768, -12.2575092316, 12.2277345657, -9.95337677002, 2.2191362381, -2.40178656578, -2.70437240601, 6.81454515457],
        "cov": [[5892.46142578, 672.448730469, -940.649475098, -104.762130737, -352.621948242, -74.9408798218, 212.789810181, 24.814289093, -433.286773682, 82.8891296387, -166.545227051, 28.7912349701, -53.6763648987], [672.448730469, 692.11517334, 101.76688385, 74.4925308228, -162.093383789, -153.992874146, 18.9264240265, -61.3855133057, -177.937240601, -27.6339035034, -88.3826141357, 38.472038269, 3.1397459507], [-940.649475098, 101.76688385, 811.180114746, 232.306533813, -90.5609207153, -68.612197876, -168.794387817, -36.8479270935, 30.1631145477, -122.319038391, 1.71413338184, -11.7767190933, 35.7744903564], [-104.762130737, 74.4925308228, 232.306533813, 403.131378174, 5.51006269455, -110.338417053, -79.9419937134, -24.7269515991, 33.1917190552, -27.7099494934, -11.1303091049, -29.8687820435, 3.39968061447], [-352.621948242, -162.093383789, -90.5609207153, 5.51006269455, 280.906860352, 66.7137145996, -109.339157104, 2.62375259399, 78.6801681519, 65.4823913574, 17.5565719604, -6.9863448143, -29.432144165], [-74.9408798218, -153.992874146, -68.612197876, -110.338417053, 66.7137145996, 289.357971191, 47.020149231, -2.58670091629, 100.146102905, -0.860385477543, 115.005218506, -37.2163162231, -22.4765491486], [212.789810181, 18.9264240265, -168.794387817, -79.9419937134, -109.339157104, 47.020149231, 272.317443848, 41.0577354431, -92.4169235229, 13.2438173294, 1.7776376009, 4.50232601166, 12.5450611115], [24.814289093, -61.3855133057, -36.8479270935, -24.7269515991, 2.62375259399, -2.58670091629, 41.0577354431, 119.516159058, 50.8535919189, -8.43062210083, 0.821328043938, 1.38206899166, 13.6562261581], [-433.286773682, -177.937240601, 30.1631145477, 33.1917190552, 78.6801681519, 100.146102905, -92.4169235229, 50.8535919189, 245.003112793, 19.4072265625, 65.508644104, -39.4174346924, -3.78689527512], [82.8891296387, -27.6339035034, -122.319038391, -27.7099494934, 65.4823913574, -0.860385477543, 13.2438173294, -8.43062210083, 19.4072265625, 152.00617981, 19.3821849823, -2.60296344757, -26.203962326], [-166.545227051, -88.3826141357, 1.71413338184, -11.1303091049, 17.5565719604, 115.005218506, 1.7776376009, 0.821328043938, 65.508644104, 19.3821849823, 187.794799805, -26.6136188507, -26.3755588531], [28.7912349701, 38.472038269, -11.7767190933, -29.8687820435, -6.9863448143, -37.2163162231, 4.50232601166, 1.38206899166, -39.4174346924, -2.60296344757, -26.6136188507, 118.570968628, 40.6203079224], [-53.6763648987, 3.1397459507, 35.7744903564, 3.39968061447, -29.432144165, -22.4765491486, 12.5450611115, 13.6562261581, -3.78689527512, -26.203962326, -26.3755588531, 40.6203079224, 129.966384888]],
        "icov": [[0.000535697850864, -0.000240525783738, 0.00103759381454, -0.00080978818005, 0.00169210019521, -0.00164511380717, 0.00190116779413, -0.00168351270258, 0.00188447569963, -0.000960882578511, 0.00060172873782, 0.000117844945635, 1.15700811421e-06], [-0.000240525783738, 0.00228779157624, -0.000458333757706, -0.000122870071209, 0.000559438485652, 0.000565799477044, -9.74188151304e-05, 0.000811094185337, 0.000570550793782, -8.8370667072e-05, 0.000252761528827, -0.000415019487264, 0.000303301319946], [0.00103759381454, -0.000458333757706, 0.00407126592472, -0.00259787682444, 0.00447200937197, -0.00378034473397, 0.00542388064787, -0.00356940133497, 0.00409861467779, -0.00118518515956, 0.00104979705065, 0.000265813927399, -0.000392200046917], [-0.00080978818005, -0.000122870071209, -0.00259787682444, 0.00534371845424, -0.0042451932095, 0.00549743510783, -0.00460236892104, 0.00456615304574, -0.00508995354176, 0.0026988175232, -0.00176262168679, 0.000909646798391, -4.85262899019e-05], [0.00169210019521, 0.000559438485652, 0.00447200937197, -0.0042451932095, 0.0132397878915, -0.00916306860745, 0.0114413760602, -0.00812171120197, 0.00845311768353, -0.00665458897129, 0.00352460518479, -0.000355422438588, 0.000458990747575], [-0.00164511380717, 0.000565799477044, -0.00378034473397, 0.00549743510783, -0.00916306860745, 0.0148870795965, -0.0114524876699, 0.0103360777721, -0.0113059775904, 0.00680807232857, -0.00563666969538, 0.00065527408151, 0.000417093426222], [0.00190116779413, -9.74188151304e-05, 0.00542388064787, -0.00460236892104, 0.0114413760602, -0.0114524876699, 0.0174370072782, -0.0122266327962, 0.0131655400619, -0.00697151012719, 0.00325221871026, 0.000800373556558, -0.00098517909646], [-0.00168351270258, 0.000811094185337, -0.00356940133497, 0.00456615304574, -0.00812171120197, 0.0103360777721, -0.0122266327962, 0.0195264164358, -0.0127730919048, 0.00667231529951, -0.00270079215989, -0.000719388539437, -0.000125241131173], [0.00188447569963, 0.000570550793782, 0.00409861467779, -0.00508995354176, 0.00845311768353, -0.0113059775904, 0.0131655400619, -0.0127730919048, 0.0177322234958, -0.00683496659622, 0.00226967362687, 0.00172544363886, -0.00114025443327], [-0.000960882578511, -8.8370667072e-05, -0.00118518515956, 0.0026988175232, -0.00665458897129, 0.00680807232857, -0.00697151012719, 0.00667231529951, -0.00683496659622, 0.011962223798, -0.00295991427265, -0.000336125871399, 0.0012202084763], [0.00060172873782, 0.000252761528827, 0.00104979705065, -0.00176262168679, 0.00352460518479, -0.00563666969538, 0.00325221871026, -0.00270079215989, 0.00226967362687, -0.00295991427265, 0.00862934067845, 6.47874257993e-05, 0.000993134221062], [0.000117844945635, -0.000415019487264, 0.000265813927399, 0.000909646798391, -0.000355422438588, 0.00065527408151, 0.000800373556558, -0.000719388539437, 0.00172544363886, -0.000336125871399, 6.47874257993e-05, 0.0106870569289, -0.00335162808187], [1.15700811421e-06, 0.000303301319946, -0.000392200046917, -4.85262899019e-05, 0.000458990747575, 0.000417093426222, -0.00098517909646, -0.000125241131173, -0.00114025443327, 0.0012202084763, 0.000993134221062, -0.00335162808187, 0.00954288151115]]
    },
    "spectral_contrast_coeffs": {
        "max": [-0.464818030596, -0.385091513395, -0.388761937618, -0.527896761894, -0.553860008717, -0.436180382967],
        "mean": [-0.71795386076, -0.687663495541, -0.680498421192, -0.715252518654, -0.69963824749, -0.58968937397],
        "min": [-0.956925451756, -0.949414551258, -0.968525767326, -0.938692688942, -0.951313793659, -0.928623497486],
        "stdev": [0.066745556891, 0.112686932087, 0.0977795794606, 0.0680152401328, 0.0591494143009, 0.0516596250236]
    },
    "spectral_contrast_valleys": {
        "max": [-5.3234295845, -5.04130554199, -5.65134906769, -6.5486164093, -6.07458877563, -10.8299865723],
        "mean": [-7.51883935928, -7.33622646332, -8.47013950348, -9.08546829224, -8.4548034668, -12.9719285965],
        "min": [-19.4277992249, -18.5476150513, -17.9637088776, -18.6683940887, -17.3161792755, -18.8619384766],
        "stdev": [1.08270096779, 1.14801156521, 1.08829760551, 1.09161245823, 0.956056833267, 0.741710722446]
    }
},
"rhythm": {
    "beats_count": 46,
    "beats_loudness": {
        "max": 0.0714952871203,
        "mean": 0.021421847865,
        "min": 0.000865303969476,
        "stdev": 0.0183019395918
    },
    "bpm": 92.8957366943,
    "bpm_histogram_first_peak_bpm": 94,
    "bpm_histogram_first_peak_weight": 0.5,
    "bpm_histogram_second_peak_bpm": 82,
    "bpm_histogram_second_peak_spread": 0.142857134342,
    "bpm_histogram_second_peak_weight": 0.133333340287,
    "danceability": 0.887079417706,
    "onset_rate": 2.56466603279,
    "beats_loudness_band_ratio": {
        "max": [0.647574961185, 0.887937247753, 0.829158365726, 0.833069503307, 0.348990142345, 0.461144447327],
        "mean": [0.162803635001, 0.265972286463, 0.284085988998, 0.211593717337, 0.060858219862, 0.0745112597942],
        "min": [0.00356834614649, 0.000606296816841, 0.0333852171898, 0.00779076432809, 0.00240496825427, 0.0136209558696],
        "stdev": [0.146015197039, 0.250447005033, 0.226796239614, 0.254622161388, 0.0755399465561, 0.0717590153217]
    },
    "beats_position": [0.626938760281, 1.26548755169, 1.91564619541, 2.56580495834, 3.21596360207, 3.87773227692, 4.51628112793, 5.15482997894, 5.80498838425, 6.44353723526, 7.0936961174, 7.73224496841, 8.35918331146, 8.99773216248, 9.63628101349, 10.2748298645, 10.9133787155, 11.5519275665, 12.1904764175, 12.8290243149, 13.479183197, 14.117732048, 14.7678909302, 15.3251695633, 15.8592290878, 16.4048976898, 16.9505672455, 17.4962348938, 18.0651245117, 18.6456241608, 19.3190021515, 19.9807701111, 20.642539978, 21.2926979065, 21.9312477112, 22.5697956085, 23.219953537, 23.8701133728, 24.5318813324, 25.286529541, 26.0063495636, 26.7261676788, 27.4459857941, 28.1774139404, 28.9088420868, 29.6402721405],
