{
"metadata": {
    "version": {
        "essentia": "2.1-beta5",
        "essentia_git_sha": "Undefined",
        "extractor": "music 2.0"
    },
    "audio_properties": {
        "analysis": {
            "equal_loudness": 0,
            "length": 12.7477550507,
            "sample_rate": 44100,
            "start_time": 0,
            "downmix": "mix"
        },
        "bit_rate": 192000,
        "length": 148.003997803,
        "lossless": 0,
        "number_channels": 2,
        "replay_gain": -4.86479377747,
        "sample_rate": 48000,
        "codec": "mp3",
        "md5_encoded": "8b132b5fe198f9fa1bdf21cd56f078ef"
    },
    "tags": {
        "file_name": "Finland_Tipi-tii_Marion Rung.mp3",
        "encoding": ["Lavf58.29.100"]
    }
},
"lowlevel": {
    "average_loudness": 0.883881211281,
    "barkbands_crest": {
        "max": 23.5756282806,
        "mean": 8.01670360565,
        "min": 2.59694457054,
        "stdev": 4.22758197784
    },
    "barkbands_flatness_db": {
        "max": 0.346578627825,
        "mean": 0.157623514533,
        "min": 0.084953546524,
        "stdev": 0.0419592820108
    },
    "barkbands_kurtosis": {
        "max": 99.9935684204,
        "mean": 4.21424388885,
        "min": -1.75870513916,
        "stdev": 11.600935936
    },
    "barkbands_skewness": {
        "max": 9.13017272949,
        "mean": 1.52581655979,
        "min": -0.68762588501,
        "stdev": 1.39322602749
    },
    "barkbands_spread": {
        "max": 64.6917114258,
        "mean": 23.800901413,
        "min": 1.79130518436,
        "stdev": 11.3570632935
    },
    "dissonance": {
        "max": 0.5,
        "mean": 0.476021051407,
        "min": 0.327103763819,
        "stdev": 0.0195517297834
    },
    "dynamic_complexity": 8.19907855988,
    "erbbands_crest": {
        "max": 20.0828266144,
        "mean": 7.9466342926,
        "min": 2.79043197632,
        "stdev": 2.74647808075
    },
    "erbbands_flatness_db": {
        "max": 0.258890062571,
        "mean": 0.178085282445,
        "min": 0.112678207457,
        "stdev": 0.0351359918714
    },
    "erbbands_kurtosis": {
        "max": 11.045334816,
        "mean": -0.165750235319,
        "min": -1.70593440533,
        "stdev": 1.09290122986
    },
    "erbbands_skewness": {
        "max": 2.99375200272,
        "mean": 0.174434885383,
        "min": -1.26703429222,
        "stdev": 0.561428546906
    },
    "erbbands_spread": {
        "max": 90.6015472412,
        "mean": 41.2674942017,
        "min": 13.8496131897,
        "stdev": 12.5310430527
    },
    "hfc": {
        "max": 131.343978882,
        "mean": 24.0885715485,
        "min": 0.000542700639926,
        "stdev": 24.0476741791
    },
    "loudness_ebu128": {
        "integrated": -18.109544754,
        "loudness_range": 9.84621238708,
        "momentary": {
            "max": -15.411740303,
            "mean": -24.7577457428,
            "min": -46.7680892944,
            "stdev": 11.2565078735
        },
        "short_term": {
            "max": -16.9311618805,
            "mean": -21.0954341888,
            "min": -44.6970367432,
            "stdev": 6.1408572197
        }
    },
    "melbands_crest": {
        "max": 36.6913948059,
        "mean": 13.0880594254,
        "min": 4.08350563049,
        "stdev": 7.25848293304
    },
    "melbands_flatness_db": {
        "max": 0.428837507963,
        "mean": 0.177601858974,
        "min": 0.0527154356241,
        "stdev": 0.070613399148
    },
    "melbands_kurtosis": {
        "max": 293.768768311,
        "mean": 15.5450019836,
        "min": -0.695760250092,
        "stdev": 34.5109062195
    },
    "melbands_skewness": {
        "max": 15.2617254257,
        "mean": 2.7630712986,
        "min": 0.0844034701586,
        "stdev": 2.19053840637
    },
    "melbands_spread": {
        "max": 119.26461792,
        "mean": 26.9141483307,
        "min": 1.220084548,
        "stdev": 18.0712013245
    },
    "pitch_salience": {
        "max": 0.788080215454,
        "mean": 0.568209588528,
        "min": 0.0879260823131,
        "stdev": 0.12278252095
    },
    "silence_rate_20dB": {
        "max": 1,
        "mean": 1,
        "min": 1,
        "stdev": 0
    },
    "silence_rate_30dB": {
        "max": 1,
        "mean": 1,
        "min": 1,
        "stdev": 0
    },
    "silence_rate_60dB": {
        "max": 1,
        "mean": 0.249090909958,
        "min": 0,
        "stdev": 0.432489842176
    },
    "spectral_centroid": {
        "max": 3568.4909668,
        "mean": 1597.05175781,
        "min": 204.079040527,
        "stdev": 623.401611328
    },
    "spectral_complexity": {
        "max": 51,
        "mean": 19.4945449829,
        "min": 0,
        "stdev": 13.4162387848
    },
    "spectral_decrease": {
        "max": -1.87024603703e-13,
        "mean": -5.26925791888e-09,
        "min": -1.99001330969e-08,
        "stdev": 4.10709866117e-09
    },
    "spectral_energy": {
        "max": 0.0791720077395,
        "mean": 0.0220723059028,
        "min": 7.5509638009e-07,
        "stdev": 0.016948254779
    },
    "spectral_energyband_high": {
        "max": 0.0176458843052,
        "mean": 0.00142684218008,
        "min": 2.56191423631e-08,
        "stdev": 0.00235977396369
    },
    "spectral_energyband_low": {
        "max": 0.0360908024013,
        "mean": 0.00470596319064,
        "min": 2.95328931088e-07,
        "stdev": 0.00685983104631
    },
    "spectral_energyband_middle_high": {
        "max": 0.0352609045804,
        "mean": 0.00602460838854,
        "min": 1.57123579925e-07,
        "stdev": 0.00585759524256
    },
    "spectral_energyband_middle_low": {
        "max": 0.0570212714374,
        "mean": 0.0109422393143,
        "min": 2.53174619047e-07,
        "stdev": 0.00937753450125
    },
    "spectral_entropy": {
        "max": 8.20328712463,
        "mean": 7.7050204277,
        "min": 6.27416849136,
        "stdev": 0.319009542465
    },
    "spectral_flux": {
        "max": 0.17661973834,
        "mean": 0.0615006685257,
        "min": 0.000868962844834,
        "stdev": 0.0403087697923
    },
    "spectral_kurtosis": {
        "max": 19.3246746063,
        "mean": 2.11895942688,
        "min": -0.763004779816,
        "stdev": 2.18904185295
    },
    "spectral_rms": {
        "max": 0.00878868531436,
        "mean": 0.00400935905054,
        "min": 2.71418375632e-05,
        "stdev": 0.00233645085245
    },
    "spectral_rolloff": {
        "max": 7299.75585938,
        "mean": 1776.41088867,
        "min": 64.599609375,
        "stdev": 1501.10571289
    },
    "spectral_skewness": {
        "max": 2.98838734627,
        "mean": 1.03004598618,
        "min": 0.102899119258,
        "stdev": 0.380700856447
    },
    "spectral_spread": {
        "max": 6522070,
        "mean": 4140250.75,
        "min": 2063660.75,
        "stdev": 934329.8125
    },
    "spectral_strongpeak": {
        "max": 35.0171089172,
        "mean": 0.978591620922,
        "min": 0,
        "stdev": 2.1720688343
    },
    "zerocrossingrate": {
        "max": 0.22314453125,
        "mean": 0.0670117214322,
        "min": 0.00390625,
        "stdev": 0.0366341732442
    },
    "barkbands": {
        "max": [0.000423923775088, 0.0128217944875, 0.0231828503311, 0.0274103283882, 0.0292252209038, 0.0159989967942, 0.01360989362, 0.0188314709812, 0.0123240929097, 0.00855518877506, 0.0125513738021, 0.0149257760495, 0.00809558108449, 0.012142335996, 0.0071097323671, 0.00386200030334, 0.00468619214371, 0.00479105859995, 0.00535824848339, 0.00425420375541, 0.00377258309163, 0.00757436174899, 0.0174383856356, 0.00253913388588, 0.000246253388468, 1.45780063576e-07, 1.73765315026e-07],
        "mean": [4.53442407888e-05, 0.00156021793373, 0.00238189427182, 0.00118755537551, 0.00235556974076, 0.00226237555034, 0.00160968839191, 0.00170974212233, 0.00135454139672, 0.000810163212009, 0.000903171196114, 0.00102024257649, 0.000541805813555, 0.000521355599631, 0.000340138794854, 0.000190433624084, 0.00049626006512, 0.000509911158588, 0.000531427212991, 0.000459199858597, 0.000339111604262, 0.000405944738304, 0.000424827885581, 0.000104950020614, 6.44296869723e-06, 1.10077780224e-09, 1.13544862401e-09],
        "min": [4.32917204307e-08, 1.7175624123e-07, 6.63002168722e-08, 2.37248798385e-08, 5.9256713314e-08, 6.04906489343e-08, 6.19719457973e-08, 1.22864811658e-08, 2.58796948316e-08, 1.87889455106e-08, 3.9071776925e-09, 8.31916224797e-09, 5.52827295053e-09, 8.16704854856e-08, 1.9890665115e-08, 4.34538138805e-09, 3.96945853964e-09, 7.41738803711e-09, 7.37249683525e-09, 2.60486832104e-09, 7.5539965394e-09, 7.88533949247e-09, 3.11463876912e-09, 3.7759240179e-09, 1.52866042047e-09, 2.05832260958e-11, 4.07734471186e-11],
        "stdev": [6.07839210716e-05, 0.00235302280635, 0.00369622814469, 0.00283486931585, 0.00320050748996, 0.00245031481609, 0.00183570210356, 0.00212838733569, 0.00168473029044, 0.000999226234853, 0.00145858153701, 0.00160160055384, 0.0010602978291, 0.00113267335109, 0.000642063852865, 0.000397481227992, 0.000767865683883, 0.000762513431255, 0.000701012148056, 0.000683681922965, 0.000515323015861, 0.000824379210826, 0.00108637940139, 0.000224343020818, 1.75804925675e-05, 6.31292129682e-09, 7.48793382854e-09]
    },
    "erbbands": {
        "max": [0.172937393188, 3.87460231781, 22.7587528229, 61.1503944397, 105.203132629, 79.2677307129, 142.025680542, 156.556716919, 172.785873413, 304.009094238, 335.865631104, 260.035217285, 359.965148926, 255.301849365, 384.400909424, 756.397033691, 425.899536133, 736.217651367, 385.771057129, 125.885665894, 263.188720703, 209.805358887, 221.891967773, 126.786964417, 360.463470459, 185.235397339, 102.062568665, 177.386367798, 227.743713379, 288.596160889, 444.87210083, 44.8287353516, 43.6264457703, 3.39284658432, 0.192804798484, 0.00620570918545, 0.000650091387797, 0.000215601321543, 0.000102593556221, 0.000106172519736],
        "mean": [0.0197603963315, 0.457215100527, 2.75689220428, 3.46805095673, 6.25613546371, 7.3171672821, 12.2411584854, 18.1524295807, 19.7858257294, 31.874961853, 42.6675300598, 32.4633560181, 28.5334453583, 23.7041416168, 34.405670166, 49.8225479126, 30.7660751343, 30.8292503357, 17.9351081848, 12.8177947998, 18.322353363, 23.4920482635, 23.6340198517, 22.7249774933, 34.264667511, 24.2436141968, 12.896818161, 13.733083725, 14.4449701309, 14.957775116, 10.8667564392, 3.58667445183, 1.04932355881, 0.151486024261, 0.0133254267275, 0.000526221760083, 7.19659510651e-05, 1.91277777049e-05, 1.75650511665e-05, 2.89989948214e-05],
        "min": [5.96060999669e-06, 3.49461734004e-05, 8.03793373052e-05, 7.91187558207e-05, 0.000138964838698, 0.000205229924177, 0.000310840696329, 0.000546779541764, 0.000788265140727, 0.000795725849457, 0.000188237318071, 0.00056915456662, 0.000801488989964, 0.000250507437158, 0.000287342321826, 0.000290440832032, 0.000289341696771, 0.00276346714236, 0.00314567564055, 0.00032429562998, 0.000238085878664, 0.000232295205933, 0.000493831466883, 0.00035207986366, 0.000258826912614, 0.000155861533131, 0.000419893651269, 0.000168737125932, 0.000363493221812, 0.000115642258606, 7.31888285372e-05, 0.00010597918299, 5.20195389981e-05, 2.70287946478e-05, 7.1519298217e-06, 2.63841172909e-07, 5.75700696004e-08, 2.32648122989e-08, 8.18620105036e-09, 1.31333699471e-09],
        "stdev": [0.022916931659, 0.737639605999, 4.29717826843, 7.06289720535, 10.9667930603, 9.73578071594, 14.2046947479, 20.1373195648, 22.4660434723, 42.2729606628, 48.2941207886, 35.0171012878, 42.2810630798, 30.4865036011, 47.689125061, 79.2689056396, 54.305480957, 65.330657959, 34.947265625, 17.5979976654, 30.2864971161, 33.9504241943, 34.0298347473, 26.3793411255, 47.2500190735, 34.5778465271, 17.8919677734, 23.0790882111, 28.4607830048, 32.5449981689, 27.4723625183, 6.11646652222, 3.09875488281, 0.310265779495, 0.0238140914589, 0.000861042528413, 0.000106304578367, 2.81903976429e-05, 1.60485960805e-05, 2.25724033953e-05]
    },
    "gfcc": {
        "mean": [-72.4020843506, 123.605865479, -155.481079102, 59.9898872375, -80.5040588379, 17.304473877, -26.1945018768, -5.49620389938, -4.23572206497, -14.4281921387, 7.6265835762, -17.7713088989, -2.40989351273],
        "cov": [[21625.1054688, 973.668579102, -3211.37597656, -896.68536377, -2365.14575195, -2251.21362305, 441.588806152, -966.947998047, 48.6625862122, -1551.40234375, 511.033874512, 524.665588379, -143.899353027], [973.668579102, 1138.44641113, 8.71177959442, -204.094787598, 234.873062134, -372.823394775, 178.811843872, -169.811691284, 15.3115854263, -185.496520996, 0.4941842556, -110.61013031, -72.2382507324], [-3211.37597656, 8.71177959442, 791.575805664, 224.997497559, 402.168426514, 374.777069092, -39.4587898254, 155.223068237, -20.1773815155, 199.262756348, -116.539634705, -141.875793457, -23.7938270569], [-896.68536377, -204.094787598, 224.997497559, 214.643295288, 114.112358093, 188.444549561, -5.56528329849, 59.655002594, -23.2386474609, 88.3191680908, -53.2545585632, -30.3509902954, 19.314031601], [-2365.14575195, 234.873062134, 402.168426514, 114.112358093, 484.276580811, 214.072845459, 28.1411552429, 61.6025733948, -4.63651132584, 153.866867065, -68.3350372314, -106.336715698, 18.2567653656], [-2251.21362305, -372.823394775, 374.777069092, 188.444549561, 214.072845459, 401.193206787, -63.5697593689, 141.498764038, -20.0138568878, 192.064025879, -57.0152702332, -48.2504959106, 18.2129878998], [441.588806152, 178.811843872, -39.4587898254, -5.56528329849, 28.1411552429, -63.5697593689, 103.963691711, -26.2933998108, 13.1586303711, -36.7897605896, 11.4956274033, -8.48735046387, -5.67076635361], [-966.947998047, -169.811691284, 155.223068237, 59.655002594, 61.6025733948, 141.498764038, -26.2933998108, 115.392112732, 6.3817987442, 93.207359314, -14.0182237625, -23.1928596497, 18.0886955261], [48.6625862122, 15.3115854263, -20.1773815155, -23.2386474609, -4.63651132584, -20.0138568878, 13.1586303711, 6.3817987442, 63.4238395691, 6.22159004211, 23.156955719, 21.4537696838, -2.76098966599], [-1551.40234375, -185.496520996, 199.262756348, 88.3191680908, 153.866867065, 192.064025879, -36.7897605896, 93.207359314, 6.22159004211, 172.364776611, -13.7450122833, -24.2351932526, 31.8574008942], [511.033874512, 0.4941842556, -116.539634705, -53.2545585632, -68.3350372314, -57.0152702332, 11.4956274033, -14.0182237625, 23.156955719, -13.7450122833, 75.9257278442, 41.8910942078, 2.63995313644], [524.665588379, -110.61013031, -141.875793457, -30.3509902954, -106.336715698, -48.2504959106, -8.48735046387, -23.1928596497, 21.4537696838, -24.2351932526, 41.8910942078, 86.7561569214, 22.7359981537], [-143.899353027, -72.2382507324, -23.7938270569, 19.314031601, 18.2567653656, 18.2129878998, -5.67076635361, 18.0886955261, -2.76098966599, 31.8574008942, 2.63995313644, 22.7359981537, 65.6203155518]],
        "icov": [[0.00052200636128, -0.000517498992849, 0.00099194527138, -0.00143364968244, 0.00163200125098, 7.22047043382e-05, -0.000381070014555, 0.00049313827185, -0.000329113187036, 0.00195695459843, -0.00130414182786, 0.000823355454486, -0.000483014067868], [-0.000517498992849, 0.0123873101547, -0.00589909544215, 0.00851906370372, -0.0111325262114, 0.011337351054, -0.00689725996926, 0.00498925428838, 0.000171309700818, 0.00504704238847, -0.00287858769298, 0.00815425720066, 0.000682057638187], [0.00099194527138, -0.00589909544215, 0.008310100995, -0.00745509564877, 0.00472896406427, -0.00538753438741, 0.00360789499246, -0.00403690664098, -0.0011351496214, 0.00112056150101, 0.000708825653419, -0.000774110434577, 0.00214084633626], [-0.00143364968244, 0.00851906370372, -0.00745509564877, 0.0187224764377, -0.00841563381255, 0.00244181207381, -0.00746223097667, 0.00404633907601, 0.00257709273137, -0.00289136916399, 0.00523875188082, 0.0016641196562, -0.00135124963708], [0.00163200125098, -0.0111325262114, 0.00472896406427, -0.00841563381255, 0.0192419439554, -0.0107041727751, 0.00118266663048, 0.00237194937654, -0.00268611358479, -0.00347933685407, 0.000248884782195, 0.000234771257965, -0.00593411270529], [7.22047043382e-05, 0.011337351054, -0.00538753438741, 0.00244181207381, -0.0107041727751, 0.0214333534241, -0.00439251866192, -0.000437186594354, 0.00288154440932, 0.00231707259081, -0.00328700896353, 0.00472962576896, 0.00422691460699], [-0.000381070014555, -0.00689725996926, 0.00360789499246, -0.00746223097667, 0.00118266663048, -0.00439251866192, 0.0198478195816, -0.00485826376826, -0.00323133938946, -0.000866660266183, -0.000976265466306, -0.00258460477926, 0.000240163732087], [0.00049313827185, 0.00498925428838, -0.00403690664098, 0.00404633907601, 0.00237194937654, -0.000437186594354, -0.00485826376826, 0.0263812113553, -0.00590251712129, -0.00136536126956, -0.00454923324287, 0.0128489481285, -0.00816583354026], [-0.000329113187036, 0.000171309700818, -0.0011351496214, 0.00257709273137, -0.00268611358479, 0.00288154440932, -0.00323133938946, -0.00590251712129, 0.0232214592397, -0.00473288632929, -0.000823590555228, -0.0107310758904, 0.0066181155853], [0.00195695459843, 0.00504704238847, 0.00112056150101, -0.00289136916399, -0.00347933685407, 0.00231707259081, -0.000866660266183, -0.00136536126956, -0.00473288632929, 0.0319814756513, -0.0132553400472, 0.0103464694694, -0.00704589532688], [-0.00130414182786, -0.00287858769298, 0.000708825653419, 0.00523875188082, 0.000248884782195, -0.00328700896353, -0.000976265466306, -0.00454923324287, -0.000823590555228, -0.0132553400472, 0.029597947374, -0.0147304935381, 0.00501266913489], [0.000823355454486, 0.00815425720066, -0.000774110434577, 0.0016641196562, 0.000234771257965, 0.00472962576896, -0.00258460477926, 0.0128489481285, -0.0107310758904, 0.0103464694694, -0.0147304935381, 0.0385177917778, -0.0133590819314], [-0.000483014067868, 0.000682057638187, 0.00214084633626, -0.00135124963708, -0.00593411270529, 0.00422691460699, 0.000240163732087, -0.00816583354026, 0.0066181155853, -0.00704589532688, 0.00501266913489, -0.0133590819314, 0.0269803889096]]
    },
    "melbands": {
        "max": [0.00217399559915, 0.00896233692765, 0.00964735541493, 0.00739571312442, 0.00391287356615, 0.00331797939725, 0.00264387903735, 0.00320046790875, 0.00287151313387, 0.00176799611654, 0.00179598538671, 0.000937719945796, 0.00185362156481, 0.00171938573476, 0.000863130670041, 0.00105712283403, 0.00123383989558, 0.000528798787855, 0.000373208633391, 0.000194295396795, 0.000391675886931, 0.000293141638394, 0.000135850743391, 0.000357412151061, 0.000100337492768, 0.000272205856163, 0.000240769324591, 0.000115429997095, 5.73670949962e-05, 9.38925732044e-05, 9.40633472055e-05, 0.000131210952532, 0.000210636208067, 0.000303497625282, 0.000418722571339, 6.2009334215e-05, 3.28100832121e-05, 5.27220799995e-05, 6.30481372355e-06, 1.41334328418e-06],
        "mean": [0.000283221859718, 0.00113406509627, 0.000669167726301, 0.000497886736412, 0.000408074265579, 0.000426216516644, 0.000309332535835, 0.000339258695021, 0.00036075557, 0.000179753376869, 0.000136797330924, 8.79052822711e-05, 0.00012711402087, 0.000111440029286, 8.34511884023e-05, 7.11533357389e-05, 5.24110837432e-05, 2.62291814579e-05, 2.18202821998e-05, 1.2719078768e-05, 2.57554347627e-05, 3.00232532027e-05, 1.18772759379e-05, 3.14265598718e-05, 1.52385891852e-05, 2.26499469136e-05, 2.30361783906e-05, 1.38304694701e-05, 6.95587414157e-06, 9.25007134356e-06, 7.2661878221e-06, 8.09220000519e-06, 7.87379303802e-06, 9.07294179342e-06, 7.26067037249e-06, 3.4507907003e-06, 1.70066437022e-06, 9.23896777749e-07, 2.32409959722e-07, 7.3972110215e-08],
        "min": [5.46802674251e-08, 4.26901962669e-08, 1.542272976e-08, 1.28417427803e-08, 1.04255049038e-08, 1.22226930799e-08, 1.2445644515e-08, 7.47561568204e-09, 1.37513411769e-09, 3.91107279896e-09, 3.99494348713e-09, 1.05547881546e-09, 7.37792493766e-10, 1.04973663095e-09, 4.07408773384e-10, 8.00855992633e-10, 6.19311535388e-09, 6.4613754347e-09, 8.37659774877e-10, 2.23949317424e-10, 2.77110612235e-10, 2.0656741595e-10, 3.16068948791e-10, 4.5890422018e-10, 2.64440414011e-10, 2.7744526121e-10, 8.67183824749e-11, 9.87339099368e-11, 2.38112640716e-10, 1.81553133638e-10, 8.45802317073e-11, 2.2559520918e-10, 1.06262949828e-10, 4.94816201901e-11, 2.09096871762e-11, 9.00212196453e-11, 5.29636924596e-11, 3.64588984003e-11, 2.98880885319e-11, 1.93159186562e-11],
        "stdev": [0.00036678602919, 0.00174587510992, 0.00121090339962, 0.000742106873076, 0.000439664145233, 0.000460586394183, 0.00034041996696, 0.000441117183072, 0.000400985358283, 0.000207902790862, 0.000209485733649, 0.00011486159201, 0.000202801209525, 0.000173678214196, 0.000115938979434, 0.000135802547447, 0.000115238159196, 5.10793106514e-05, 3.72483264073e-05, 2.12744071177e-05, 4.59424882138e-05, 4.78964866488e-05, 1.70387484104e-05, 5.50917939108e-05, 1.7915321223e-05, 3.48740504705e-05, 3.31773662765e-05, 2.07821467484e-05, 9.96207472781e-06, 1.41169512062e-05, 1.2634878658e-05, 1.56383739522e-05, 1.79362068593e-05, 2.2676998924e-05, 2.30413843383e-05, 6.76304671288e-06, 3.33863795277e-06, 3.56925124834e-06, 5.2038802778e-07, 1.54152388632e-07]
    },
    "melbands128": {
        "max": [0.000379372999305, 0.00158251309767, 0.00258916500024, 0.00864769425243, 0.0130426529795, 0.0108055947348, 0.0149018792436, 0.0121424328536, 0.0127746416256, 0.0104937721044, 0.00370826083235, 0.00342055573128, 0.00653841439635, 0.00414301315323, 0.00396281154826, 0.00385599443689, 0.00334625248797, 0.00496118282899, 0.00312069780193, 0.00557994283736, 0.00735265854746, 0.00382474204525, 0.00501526612788, 0.00499485991895, 0.00191818946041, 0.00205431785434, 0.00331712607294, 0.0032783781644, 0.000689282431267, 0.000804660317954, 0.00168045377359, 0.00233238982037, 0.00342024164274, 0.00206836266443, 0.00146445375867, 0.00294170458801, 0.00330936722457, 0.000343127583619, 0.000943550898228, 0.0022191775497, 0.000797000888269, 0.00412597227842, 0.00132796750404, 0.000914003874641, 0.000298761326121, 0.000458944559796, 0.00157510954887, 0.000367246684618, 0.000218656088691, 0.000330871407641, 0.000220257032197, 0.000442392920377, 0.000686163082719, 0.000508262834046, 0.000852663128171, 0.000633225776255, 0.000159437448019, 0.000301798019791, 0.000143381403177, 0.000186583536561, 0.000768071447965, 0.000362757098628, 0.000268643314485, 0.000116987990623, 0.000104900420411, 0.00034190423321, 0.000577537866775, 0.000269000593107, 0.000351933122147, 0.00035058168578, 0.000154259934789, 0.000200014634174, 4.0785434976e-05, 9.64779756032e-05, 8.70006624609e-05, 9.86642407952e-05, 0.000107050240331, 0.000199582325877, 5.55602418899e-05, 0.000123039528262, 0.000114251459308, 0.000194923457457, 0.000179731141543, 0.000294029974611, 0.000195449305465, 0.000164553843206, 0.000185478027561, 0.00159729039297, 0.000167567282915, 0.000200926559046, 0.00011995377281, 4.07297920901e-05, 5.60737171327e-05, 1.66043373611e-05, 4.87917714054e-05, 0.000163279240951, 9.9181315818e-06, 7.00865984982e-06, 5.95473557041e-06, 1.2757276636e-05, 1.71058070464e-06, 1.06302604763e-06, 5.90592264871e-07, 4.24712794711e-07, 9.68451558947e-08, 2.72677391777e-09, 4.11032852199e-09, 9.67208979574e-10, 9.54346157656e-10, 9.40277411488e-10, 9.21246190444e-10, 8.95122198585e-10, 8.70323646485e-10, 8.62208415775e-10, 8.3848977761e-10, 8.16259559944e-10, 8.10293665499e-10, 8.04747046779e-10, 7.79943332141e-10, 7.60137119915e-10, 7.57190754541e-10, 7.40073058392e-10, 7.22542414788e-10, 7.14727221851e-10, 7.07854830306e-10, 7.06623148883e-10, 7.03643421307e-10, 7.00379310103e-10],
        "mean": [4.21278782596e-05, 0.000132003784529, 0.000180086979526, 0.000935527728871, 0.00154931144789, 0.00098589353729, 0.000714124762453, 0.000519816647284, 0.000699232623447, 0.000523012829944, 0.000365718791727, 0.000350599206286, 0.000386063329643, 0.000542122172192, 0.000379383040126, 0.000423805351602, 0.000379669421818, 0.000219069683226, 0.000289408519166, 0.000444922479801, 0.000283135246718, 0.000286253460217, 0.000444402307039, 0.000334042328177, 0.000233799626585, 8.16373358248e-05, 0.000115920018288, 0.000210453246837, 7.61115734349e-05, 7.49075625208e-05, 7.32373955543e-05, 0.000143426193972, 0.000175767825567, 8.02338327048e-05, 4.78338261019e-05, 0.000124020545627, 0.00023127203167, 3.11104304274e-05, 3.2441028452e-05, 9.66164298006e-05, 4.71226703667e-05, 9.71553672571e-05, 5.26629737578e-05, 4.44897195848e-05, 1.15219672807e-05, 2.24471223191e-05, 4.55825502286e-05, 1.48282215378e-05, 1.56152709678e-05, 2.13821003854e-05, 6.99440488461e-06, 1.10893070087e-05, 1.85378139577e-05, 2.62519115495e-05, 5.6264030718e-05, 3.02443786495e-05, 9.75189141172e-06, 1.28045739984e-05, 1.29992131406e-05, 9.76119372353e-06, 4.65599005111e-05, 3.11206749757e-05, 2.08783530979e-05, 8.60866839503e-06, 1.02697795228e-05, 1.84382934094e-05, 3.8838985347e-05, 2.34978488152e-05, 1.61500120157e-05, 2.55264239968e-05, 1.508360765e-05, 9.48262550082e-06, 4.11666269429e-06, 8.7516318672e-06, 5.88063039686e-06, 1.02027806861e-05, 1.01537307273e-05, 8.11188147054e-06, 5.71124792259e-06, 8.28684096632e-06, 7.60787406762e-06, 7.60681768952e-06, 9.66717834672e-06, 7.5234625001e-06, 7.0861419772e-06, 8.52249104355e-06, 7.99337703938e-06, 1.29596901388e-05, 6.3899901761e-06, 4.8450315262e-06, 4.29084047937e-06, 3.09069423565e-06, 2.24097607315e-06, 1.31609544951e-06, 1.58068428391e-06, 1.61562513767e-06, 6.03430351021e-07, 2.95229256153e-07, 2.54163495583e-07, 1.90599067196e-07, 9.11528346137e-08, 6.20931999151e-08, 3.63929686387e-08, 2.35830341921e-08, 2.86738277566e-09, 3.95889848681e-11, 4.09843305127e-11, 1.07058580751e-11, 7.28867400462e-12, 7.00318449065e-12, 6.74721693447e-12, 6.50307412087e-12, 6.2436379851e-12, 6.06320072274e-12, 5.86731965097e-12, 5.69123480981e-12, 5.54086420843e-12, 5.3280097348e-12, 5.17131650002e-12, 5.03546293204e-12, 4.92698893836e-12, 4.82677092739e-12, 4.73080342261e-12, 4.64414834714e-12, 4.50856843179e-12, 4.33468755681e-12, 4.22950173148e-12, 4.19631560403e-12],
        "min": [3.47230226794e-08, 5.26729095895e-08, 5.90696735969e-08, 5.8203870168e-08, 4.68888465832e-08, 2.93330515433e-08, 1.54484425252e-08, 1.15315677007e-08, 1.42070391007e-08, 1.46697578529e-08, 7.86738940661e-09, 8.71915872835e-09, 1.01380939199e-08, 1.25749117785e-08, 1.27899877356e-08, 9.69675362228e-09, 4.97612973049e-09, 8.13196443517e-09, 1.31436044271e-08, 9.56922630024e-09, 4.32329194666e-09, 1.00549291115e-09, 4.49463105623e-10, 2.1920212312e-09, 3.80254494559e-09, 2.24300711338e-09, 4.86538231925e-09, 3.42013173338e-09, 2.85008683321e-09, 1.38766398372e-09, 4.27740148856e-10, 2.02518585235e-10, 6.83894274545e-10, 1.12987241785e-09, 1.33979161099e-09, 9.91862258992e-10, 6.61010524095e-10, 4.26061269598e-10, 1.63870597647e-10, 3.81325360177e-10, 9.05107433447e-10, 1.33184130391e-09, 4.03549504924e-09, 1.04330899475e-08, 1.05316990684e-08, 4.55868587323e-09, 2.96513480436e-09, 6.27030205536e-10, 1.89604755507e-11, 1.61977445345e-10, 2.82698309206e-10, 2.45665265908e-10, 3.11674880349e-10, 3.07119912835e-10, 1.58287771779e-10, 1.29491112277e-10, 3.15716841559e-10, 3.06422692775e-10, 1.47229090031e-10, 6.50158926696e-10, 7.25744353502e-10, 9.23568790889e-11, 1.24912427624e-10, 3.62179702895e-10, 4.00668942468e-10, 3.34589356221e-10, 1.71519090597e-10, 8.19166193211e-11, 7.83871648147e-11, 6.93967452947e-11, 1.13527728884e-10, 1.09541452298e-10, 6.00335683942e-11, 2.43778441877e-10, 5.17675569078e-10, 2.05369762862e-10, 3.76815800784e-11, 1.33742071237e-11, 1.03898542547e-10, 1.62748398091e-10, 7.08804542837e-11, 4.71983174766e-10, 1.31828756245e-10, 4.92084151205e-11, 6.50795459189e-11, 7.2548120289e-11, 4.55499284124e-11, 7.6470375171e-12, 9.80874236001e-12, 1.99339555279e-11, 1.040332126e-10, 1.11679096526e-10, 6.89514417784e-11, 6.4087526952e-11, 3.23287265014e-11, 2.4655876299e-11, 5.04407557389e-11, 2.56764800394e-11, 4.03774687296e-11, 1.74099883815e-11, 3.3801766941e-11, 1.75750924231e-11, 5.89729914208e-12, 2.12686691176e-11, 5.08419651865e-12, 1.91817373617e-13, 1.34460950946e-13, 1.1060324477e-13, 8.64233069332e-14, 1.14551339876e-13, 1.19678098269e-13, 1.6100212526e-13, 1.64438937727e-13, 1.66439060342e-13, 1.30710573658e-13, 9.26256751963e-14, 1.78804995983e-13, 1.17276563352e-13, 1.54578810147e-13, 1.36854516977e-13, 1.61208340514e-13, 1.50240171866e-13, 1.58006745708e-13, 8.25439231398e-14, 6.57308205803e-14, 3.44141219428e-14, 7.20097097999e-15, 1.96206208976e-16],
        "stdev": [5.7881235989e-05, 0.000196381122805, 0.000276591832517, 0.00160183303524, 0.00252276682295, 0.00157161557581, 0.00161206827033, 0.00123705691658, 0.00134228018578, 0.000896565266885, 0.000549467164092, 0.000445978279458, 0.000557975377887, 0.000691476976499, 0.000519730558153, 0.00055845460156, 0.000521205889527, 0.00038664942258, 0.000399081967771, 0.000737957074307, 0.000540819135495, 0.000419638614403, 0.000609457842074, 0.000515354506206, 0.000305118213873, 0.000170793122379, 0.000294514495181, 0.000345491280314, 0.000101588062535, 0.00013001858315, 0.000144305711729, 0.00028281455161, 0.000352096627466, 0.000159247763804, 0.00010580077651, 0.000247725198278, 0.000403376820032, 4.15008253185e-05, 9.47168882703e-05, 0.000250506738666, 0.000104245613329, 0.000325676635839, 0.000137479873956, 9.89843392745e-05, 2.5890303732e-05, 5.48214557057e-05, 0.000129795182147, 3.173481673e-05, 2.78296138276e-05, 3.88797379856e-05, 1.7945185391e-05, 3.74813644157e-05, 6.4441926952e-05, 5.59873551538e-05, 0.00011502030975, 7.41251569707e-05, 1.71221345227e-05, 3.23303538607e-05, 2.0513385607e-05, 1.85417611647e-05, 9.98915129458e-05, 5.62870009162e-05, 3.80882629543e-05, 1.34918573167e-05, 1.59303654073e-05, 3.79244629585e-05, 6.7154163844e-05, 3.78106196877e-05, 3.68048858945e-05, 4.90023739985e-05, 2.30687910516e-05, 2.1303552785e-05, 6.08042091699e-06, 1.5024561435e-05, 1.01882797026e-05, 1.6105152099e-05, 1.76123994606e-05, 1.94674066734e-05, 1.01747718873e-05, 1.62045071193e-05, 1.47992959683e-05, 1.74839024112e-05, 2.21011669055e-05, 1.95149750652e-05, 1.88513258763e-05, 1.9208257072e-05, 1.92424649867e-05, 8.08184267953e-05, 1.37527713377e-05, 1.31877559397e-05, 1.02021367638e-05, 6.3797851908e-06, 4.59935336039e-06, 2.48246669798e-06, 3.9937681322e-06, 1.07885243779e-05, 1.19000242194e-06, 6.59495185573e-07, 5.37997834726e-07, 8.11302584225e-07, 1.81985413406e-07, 1.25226279124e-07, 7.05168190507e-08, 4.74919659155e-08, 6.88828505346e-09, 1.86481302622e-10, 2.25988283642e-10, 4.69594085839e-11, 4.14061111786e-11, 4.07326082585e-11, 3.98693474069e-11, 3.87174979577e-11, 3.76289763238e-11, 3.72376816882e-11, 3.62023293288e-11, 3.52309049989e-11, 3.49447207282e-11, 3.46921033567e-11, 3.36257306721e-11, 3.27677988909e-11, 3.26224117164e-11, 3.1884446472e-11, 3.11303587075e-11, 3.07876640848e-11, 3.04901208448e-11, 3.04340476431e-11, 3.03044568606e-11, 3.01635001698e-11]
    },
    "mfcc": {
        "mean": [-686.593688965, 117.091125488, -5.43172979355, 28.8687362671, -13.8781290054, 11.4659204483, -5.60207366943, 8.85581111908, -10.5316848755, 8.10500240326, 0.866258561611, 3.797052145, -1.46866321564],
        "cov": [[24127.9453125, 410.683868408, -1955.29528809, -44.0092887878, -3008.0715332, -1395.75341797, -1334.4786377, 527.559875488, -1364.17529297, -875.819152832, -1145.06213379, 195.712020874, 317.702423096], [410.683868408, 1313.61999512, -215.171096802, 191.813674927, -12.8897476196, -59.2061653137, -3.88152551651, 20.1353206635, -42.0591888428, -41.5619049072, -13.2404165268, 34.1140174866, -0.229651272297], [-1955.29528809, -215.171096802, 428.072265625, 29.6712970734, 274.114776611, 140.237640381, 131.621673584, -17.545375824, 130.798141479, 94.7419967651, 95.0743789673, -31.4246463776, -26.8025836945], [-44.0092887878, 191.813674927, 29.6712970734, 141.954864502, 46.1564865112, 35.6133041382, 41.8026275635, 1.19931900501, 44.6446342468, -8.27571392059, 6.7483663559, -7.8519244194, 16.9723644257], [-3008.0715332, -12.8897476196, 274.114776611, 46.1564865112, 473.191131592, 220.511764526, 207.640457153, -68.907875061, 204.130187988, 108.379974365, 151.969985962, -25.0984840393, -51.2231483459], [-1395.75341797, -59.2061653137, 140.237640381, 35.6133041382, 220.511764526, 180.231842041, 119.983474731, -15.3754873276, 98.5639419556, 52.8591918945, 72.6909255981, -11.0904197693, -6.4967455864], [-1334.4786377, -3.88152551651, 131.621673584, 41.8026275635, 207.640457153, 119.983474731, 172.243621826, -32.0931053162, 115.568000793, 51.5028152466, 75.6767196655, -10.9892072678, -22.7712440491], [527.559875488, 20.1353206635, -17.545375824, 1.19931900501, -68.907875061, -15.3754873276, -32.0931053162, 71.0297775269, -35.9137611389, -8.02075481415, -27.6547660828, 10.4311714172, 14.4285907745], [-1364.17529297, -42.0591888428, 130.798141479, 44.6446342468, 204.130187988, 98.5639419556, 115.568000793, -35.9137611389, 162.023742676, 50.8502349854, 68.5493392944, -21.9857254028, -16.2510051727], [-875.819152832, -41.5619049072, 94.7419967651, -8.27571392059, 108.379974365, 52.8591918945, 51.5028152466, -8.02075481415, 50.8502349854, 89.0268783569, 54.794631958, -4.16391849518, -18.6561317444], [-1145.06213379, -13.2404165268, 95.0743789673, 6.7483663559, 151.969985962, 72.6909255981, 75.6767196655, -27.6547660828, 68.5493392944, 54.794631958, 101.200576782, 7.13707971573, -16.3837928772], [195.712020874, 34.1140174866, -31.4246463776, -7.8519244194, -25.0984840393, -11.0904197693, -10.9892072678, 10.4311714172, -21.9857254028, -4.16391849518, 7.13707971573, 52.4059791565, 11.1111469269], [317.702423096, -0.229651272297, -26.8025836945, 16.9723644257, -51.2231483459, -6.4967455864, -22.7712440491, 14.4285907745, -16.2510051727, -18.6561317444, -16.3837928772, 11.1111469269, 61.1895866394]],
        "icov": [[0.000302447122522, 0.000129993306473, 0.00025599487708, -0.000760010792874, 0.00125214073341, 0.00013536332699, -5.58467436349e-05, -0.000460447801743, 0.000356410659151, 0.000446436111815, 0.000809831602965, -0.000484603398945, 0.000439053634182], [0.000129993306473, 0.0014277031878, 0.00115156173706, -0.00268601207063, -0.000741080904845, 0.00134577904828, -0.000300655403407, -0.000907509180252, 0.0013261877466, -9.81757402769e-05, 0.000197337183636, -0.000707727624103, 0.00070811167825], [0.00025599487708, 0.00115156173706, 0.0052273129113, -0.00245435605757, -0.00164802826475, 0.00102748523932, -0.000631930131931, -0.00245311670005, 0.000921482744161, -0.00166879920289, 9.36121723498e-05, 0.00102408416569, 0.000293447461445], [-0.000760010792874, -0.00268601207063, -0.00245435605757, 0.0149150881916, -0.00119258242194, -0.00265546166338, -0.00122408638708, 0.000900870305486, -0.0051672947593, 0.00198753876612, -0.00136007450055, 0.00299458298832, -0.00489869806916], [0.00125214073341, -0.000741080904845, -0.00164802826475, -0.00119258242194, 0.0177199058235, -0.00741618266329, -0.00101911847014, 0.00240919785574, -0.00424387352541, 0.0013723539887, -0.00100072368514, -0.00185151561163, 0.00556343048811], [0.00013536332699, 0.00134577904828, 0.00102748523932, -0.00265546166338, -0.00741618266329, 0.0177194178104, -0.00545213324949, -0.00498559931293, 0.00269860122353, -0.000350449729012, -0.000367799948435, 0.00096151343314, -0.00435463571921], [-5.58467436349e-05, -0.000300655403407, -0.000631930131931, -0.00122408638708, -0.00101911847014, -0.00545213324949, 0.0162906683981, 0.00165082002059, -0.00534446397796, -6.45635809633e-05, -0.00207704212517, -0.0012767734006, 0.00282935798168], [-0.000460447801743, -0.000907509180252, -0.00245311670005, 0.000900870305486, 0.00240919785574, -0.00498559931293, 0.00165082002059, 0.0208746325225, 0.0004014816368, -0.0039435364306, 0.00318910717033, -0.00300685409456, -0.00145341642201], [0.000356410659151, 0.0013261877466, 0.000921482744161, -0.0051672947593, -0.00424387352541, 0.00269860122353, -0.00534446397796, 0.0004014816368, 0.0184661671519, -0.00136761448812, 3.39669313689e-05, 0.00284816976637, -0.00137906707823], [0.000446436111815, -9.81757402769e-05, -0.00166879920289, 0.00198753876612, 0.0013723539887, -0.000350449729012, -6.45635809633e-05, -0.0039435364306, -0.00136761448812, 0.0210992321372, -0.00646266341209, 0.000464619952254, 0.00267187249847], [0.000809831602965, 0.000197337183636, 9.36121723498e-05, -0.00136007450055, -0.00100072368514, -0.000367799948435, -0.00207704212517, 0.00318910717033, 3.39669313689e-05, -0.00646266341209, 0.0275528524071, -0.00937694031745, 0.000931272516027], [-0.000484603398945, -0.000707727624103, 0.00102408416569, 0.00299458298832, -0.00185151561163, 0.00096151343314, -0.0012767734006, -0.00300685409456, 0.00284816976637, 0.000464619952254, -0.00937694031745, 0.0257085319608, -0.00536349741742], [0.000439053634182, 0.00070811167825, 0.000293447461445, -0.00489869806916, 0.00556343048811, -0.00435463571921, 0.00282935798168, -0.00145341642201, -0.00137906707823, 0.00267187249847, 0.000931272516027, -0.00536349741742, 0.0228152219206]]
    },
    "spectral_contrast_coeffs": {
        "max": [-0.485866069794, -0.607200503349, -0.609366238117, -0.619133532047, -0.662576973438, -0.527402758598],
        "mean": [-0.727251470089, -0.804140985012, -0.77653247118, -0.789048433304, -0.79287648201, -0.71121263504],
        "min": [-0.941457390785, -0.948612332344, -0.934594750404, -0.880128502846, -0.917241990566, -0.864844858646],
        "stdev": [0.0810644254088, 0.0644229874015, 0.081104516983, 0.0533935055137, 0.0628753378987, 0.0795033797622]
    },
    "spectral_contrast_valleys": {
        "max": [-4.99619007111, -4.79142141342, -5.63996553421, -6.42851257324, -5.98195075989, -8.85138893127],
        "mean": [-7.19481658936, -6.73481607437, -7.71560192108, -8.22894573212, -7.85849332809, -11.0081501007],
        "min": [-10.8450298309, -11.0732164383, -11.7447900772, -12.0602436066, -11.9912214279, -14.4905042648],
        "stdev": [1.25665974617, 1.67555904388, 1.4560482502, 1.24297189713, 1.37486040592, 1.09171378613]
    }
},
"rhythm": {
    "beats_count": 16,
    "beats_loudness": {
        "max": 0.069887816906,
        "mean": 0.0236529149115,
        "min": 2.69509200734e-05,
        "stdev": 0.0192028749734
    },
    "bpm": 77.7758560181,
    "bpm_histogram_first_peak_bpm": 77,
    "bpm_histogram_first_peak_weight": 0.571428537369,
    "bpm_histogram_second_peak_bpm": 72,
    "bpm_histogram_second_peak_spread": 0,
    "bpm_histogram_second_peak_weight": 0.0666666701436,
    "danceability": 0.709066390991,
    "onset_rate": 1.41072845459,
    "beats_loudness_band_ratio": {
        "max": [0.962371170521, 0.314077317715, 0.512030661106, 0.423904299736, 0.243558391929, 0.180797144771],
        "mean": [0.361390829086, 0.15355566144, 0.228505417705, 0.142042607069, 0.0915690660477, 0.0761665999889],
        "min": [0.0133331576362, 0.00330340722576, 0.00516306282952, 0.00575137278065, 0.0151530876756, 0.00307752774097],
        "stdev": [0.309645622969, 0.0971185341477, 0.153572425246, 0.125047370791, 0.0780577361584, 0.060288015753]
    },
    "beats_position": [0.743038535118, 1.48607707024, 2.24072551727, 2.9837641716, 3.73841261864, 4.5046710968, 5.27092981339, 6.04879808426, 6.82666635513, 7.60453510284, 8.38240337372, 9.21832180023, 10.0426301956, 10.8553285599, 11.6796369553, 12.4923353195],
