{
"metadata": {
    "version": {
        "essentia": "2.1-beta5",
        "essentia_git_sha": "Undefined",
        "extractor": "music 2.0"
    },
    "audio_properties": {
        "analysis": {
            "equal_loudness": 0,
            "length": 12.7477550507,
            "sample_rate": 44100,
            "start_time": 0,
            "downmix": "mix"
        },
        "bit_rate": 192000,
        "length": 207.609619141,
        "lossless": 0,
        "number_channels": 2,
        "replay_gain": -4.72525215149,
        "sample_rate": 44100,
        "codec": "mp3",
        "md5_encoded": "1b8f040153cff45a35702fe2c8f829aa"
    },
    "tags": {
        "file_name": "Yugoslavia_Ne Pali Svetlo U Sumrak_Lola Novaković.mp3",
        "encoding": ["Lavf58.29.100"]
    }
},
"lowlevel": {
    "average_loudness": 0.886823713779,
    "barkbands_crest": {
        "max": 24.4171352386,
        "mean": 8.87012767792,
        "min": 2.58079886436,
        "stdev": 5.00657272339
    },
    "barkbands_flatness_db": {
        "max": 0.377680182457,
        "mean": 0.131110742688,
        "min": 0.0454735979438,
        "stdev": 0.0568032413721
    },
    "barkbands_kurtosis": {
        "max": 98.498260498,
        "mean": 3.01912212372,
        "min": -1.75803422928,
        "stdev": 8.24306583405
    },
    "barkbands_skewness": {
        "max": 9.49459934235,
        "mean": 0.452545940876,
        "min": -4.82220602036,
        "stdev": 1.71148991585
    },
    "barkbands_spread": {
        "max": 81.2207489014,
        "mean": 28.8845386505,
        "min": 2.00967216492,
        "stdev": 16.6276473999
    },
    "dissonance": {
        "max": 0.499957680702,
        "mean": 0.470775038004,
        "min": 0.127407222986,
        "stdev": 0.0524619705975
    },
    "dynamic_complexity": 6.80799770355,
    "erbbands_crest": {
        "max": 25.476688385,
        "mean": 9.13571834564,
        "min": 3.27573609352,
        "stdev": 4.22063398361
    },
    "erbbands_flatness_db": {
        "max": 0.416232734919,
        "mean": 0.176142841578,
        "min": 0.0807231515646,
        "stdev": 0.0594992302358
    },
    "erbbands_kurtosis": {
        "max": 21.0381565094,
        "mean": 1.24654519558,
        "min": -1.62277972698,
        "stdev": 2.2771191597
    },
    "erbbands_skewness": {
        "max": 2.72028374672,
        "mean": -0.282969176769,
        "min": -2.92619204521,
        "stdev": 0.913336098194
    },
    "erbbands_spread": {
        "max": 69.9928512573,
        "mean": 29.1534690857,
        "min": 2.2207672596,
        "stdev": 12.8501958847
    },
    "hfc": {
        "max": 137.041290283,
        "mean": 27.4643745422,
        "min": 1.16463933283e-16,
        "stdev": 34.5978050232
    },
    "loudness_ebu128": {
        "integrated": -19.9779472351,
        "loudness_range": 9.51567459106,
        "momentary": {
            "max": -16.7073001862,
            "mean": -24.5861873627,
            "min": -40.657371521,
            "stdev": 6.91244220734
        },
        "short_term": {
            "max": -17.6399173737,
            "mean": -22.1514263153,
            "min": -27.4657859802,
            "stdev": 3.30682063103
        }
    },
    "melbands_crest": {
        "max": 37.4036026001,
        "mean": 13.8305339813,
        "min": 2.05910491943,
        "stdev": 9.07824325562
    },
    "melbands_flatness_db": {
        "max": 0.458968758583,
        "mean": 0.143102571368,
        "min": 0.00509842345491,
        "stdev": 0.094350464642
    },
    "melbands_kurtosis": {
        "max": 316.678375244,
        "mean": 9.22213363647,
        "min": -1.83877670765,
        "stdev": 27.6021938324
    },
    "melbands_skewness": {
        "max": 16.8526439667,
        "mean": 1.70441353321,
        "min": -3.68317484856,
        "stdev": 2.30971980095
    },
    "melbands_spread": {
        "max": 133.857330322,
        "mean": 51.4009399414,
        "min": 1.14196503162,
        "stdev": 35.5632019043
    },
    "pitch_salience": {
        "max": 0.892038583755,
        "mean": 0.573687791824,
        "min": 0.0433739125729,
        "stdev": 0.155828565359
    },
    "silence_rate_20dB": {
        "max": 1,
        "mean": 1,
        "min": 1,
        "stdev": 0
    },
    "silence_rate_30dB": {
        "max": 1,
        "mean": 0.989090919495,
        "min": 0,
        "stdev": 0.103875897825
    },
    "silence_rate_60dB": {
        "max": 1,
        "mean": 0.403636366129,
        "min": 0,
        "stdev": 0.490627646446
    },
    "spectral_centroid": {
        "max": 11028.5566406,
        "mean": 2406.21362305,
        "min": 335.326660156,
        "stdev": 1112.51831055
    },
    "spectral_complexity": {
        "max": 53,
        "mean": 16.9927272797,
        "min": 0,
        "stdev": 16.3355674744
    },
    "spectral_decrease": {
        "max": -3.615104117e-29,
        "mean": -2.96244873077e-09,
        "min": -7.51815107947e-08,
        "stdev": 5.44067191299e-09
    },
    "spectral_energy": {
        "max": 0.285706490278,
        "mean": 0.0136720724404,
        "min": 1.07000658995e-20,
        "stdev": 0.0215740837157
    },
    "spectral_energyband_high": {
        "max": 0.0188438147306,
        "mean": 0.00279691722244,
        "min": 7.71797881706e-21,
        "stdev": 0.00437343493104
    },
    "spectral_energyband_low": {
        "max": 0.282224804163,
        "mean": 0.00278144399635,
        "min": 4.90388029547e-23,
        "stdev": 0.0163049399853
    },
    "spectral_energyband_middle_high": {
        "max": 0.0543376393616,
        "mean": 0.00419611344114,
        "min": 1.72142545872e-21,
        "stdev": 0.00497955642641
    },
    "spectral_energyband_middle_low": {
        "max": 0.181264907122,
        "mean": 0.00398941105232,
        "min": 3.50375183761e-22,
        "stdev": 0.0105862710625
    },
    "spectral_entropy": {
        "max": 9.80300045013,
        "mean": 7.82773160934,
        "min": 5.29993724823,
        "stdev": 0.562931239605
    },
    "spectral_flux": {
        "max": 0.425457984209,
        "mean": 0.0567424707115,
        "min": 1.03441123722e-10,
        "stdev": 0.0424065217376
    },
    "spectral_kurtosis": {
        "max": 49.2880020142,
        "mean": 4.62599754333,
        "min": -1.22522723675,
        "stdev": 6.96489191055
    },
    "spectral_rms": {
        "max": 0.0166954491287,
        "mean": 0.0029676752165,
        "min": 3.230957819e-12,
        "stdev": 0.00212873332202
    },
    "spectral_rolloff": {
        "max": 18669.2871094,
        "mean": 3139.69628906,
        "min": 64.599609375,
        "stdev": 2452.33935547
    },
    "spectral_skewness": {
        "max": 5.5162024498,
        "mean": 1.30577766895,
        "min": -0.0113912699744,
        "stdev": 0.939174592495
    },
    "spectral_spread": {
        "max": 41447276,
        "mean": 4396375.5,
        "min": 905533.625,
        "stdev": 2134137
    },
    "spectral_strongpeak": {
        "max": 10.5526609421,
        "mean": 1.17942178249,
        "min": 0,
        "stdev": 1.73484694958
    },
    "zerocrossingrate": {
        "max": 0.5,
        "mean": 0.109684839845,
        "min": 0.0068359375,
        "stdev": 0.0663111358881
    },
    "barkbands": {
        "max": [0.031278423965, 0.250893235207, 0.00859596487135, 0.00108119507786, 0.0179684292525, 0.0218430310488, 0.139516800642, 0.0742557197809, 0.0363108478487, 0.00753594050184, 0.0504199676216, 0.00939415488392, 0.00535992672667, 0.00384259899147, 0.00237411237322, 0.00360120902769, 0.00539078889415, 0.00432820431888, 0.00793688558042, 0.00520415278152, 0.00681780464947, 0.00751178804785, 0.00555321807042, 0.00201735156588, 0.000296983926091, 0.000203719057026, 1.76655248652e-05],
        "mean": [0.00031228188891, 0.00185865862295, 0.000620098260697, 3.26802364725e-05, 0.000839317915961, 0.000799151952378, 0.000809403078165, 0.000753562373575, 0.000603606807999, 0.000374869356165, 0.000429842912126, 0.000366318970919, 0.00026169148623, 0.000240448178374, 0.00021667353576, 0.000270207208814, 0.000318594189594, 0.000619171245489, 0.000880334177054, 0.00054425408598, 0.00089479633607, 0.000860670290422, 0.000596909376327, 0.000144896766869, 1.59514238476e-05, 7.55425617172e-06, 1.26404728462e-07],
        "min": [2.08937415367e-23, 2.13176375218e-23, 1.62114339679e-23, 8.06419607908e-24, 3.13085324875e-23, 9.27232030489e-23, 2.93288481805e-23, 4.18812849459e-23, 9.97150224023e-23, 5.25546297915e-23, 1.11494356548e-22, 8.14013514303e-23, 1.03786529172e-22, 1.69802057413e-22, 1.03387226714e-22, 1.75594404294e-22, 4.14517224151e-22, 1.58446310019e-22, 1.90070860185e-22, 3.4305604393e-22, 4.37867330241e-22, 5.20013928035e-22, 6.16750034954e-22, 8.94756179499e-22, 1.14191182944e-21, 1.64508654327e-21, 2.41392285181e-21],
        "stdev": [0.00210506189615, 0.0142031954601, 0.00157056073658, 6.88704676577e-05, 0.00218901201151, 0.00229061534628, 0.00614180369303, 0.00366360857151, 0.00209960900247, 0.000973901478574, 0.00264735613018, 0.000819950946607, 0.000511772639584, 0.000410764303524, 0.000285612070002, 0.000407791085308, 0.000572308083065, 0.000868884380907, 0.00128393422347, 0.000835456012283, 0.00137026747689, 0.00144484522752, 0.00107527966611, 0.000289922492811, 3.70741545339e-05, 2.33560640481e-05, 1.01086084214e-06]
    },
    "erbbands": {
        "max": [14.2932062149, 27.921792984, 10.2809143066, 3.43538379669, 45.8797645569, 62.5563468933, 199.819824219, 267.773925781, 625.802246094, 2642.90136719, 687.429870605, 1034.6307373, 259.801208496, 1665.42285156, 654.967956543, 391.149902344, 219.827758789, 265.335357666, 131.001358032, 138.36151123, 176.029815674, 351.607788086, 273.589813232, 555.059570312, 327.89944458, 256.377929688, 249.183746338, 259.578277588, 258.145507812, 247.761672974, 191.135391235, 81.4529876709, 19.2887325287, 4.24067592621, 2.56101679802, 1.01761817932, 0.380702137947, 0.0866018533707, 0.00182200758718, 0.000309270253638],
        "mean": [0.0963759720325, 0.253400087357, 0.740270376205, 0.290878415108, 1.23866033554, 2.85804867744, 5.41487121582, 6.46153593063, 10.2917032242, 15.0894231796, 15.7210388184, 13.2227916718, 12.9778432846, 14.9381637573, 14.6548728943, 14.8858537674, 11.1108541489, 11.9140090942, 12.5334749222, 12.0115337372, 14.6345186234, 20.6972503662, 36.4875488281, 32.3505859375, 40.640586853, 27.0384845734, 31.8084907532, 37.4871292114, 30.9740619659, 22.1558704376, 17.5271930695, 6.1278128624, 1.25206100941, 0.244468048215, 0.0961256995797, 0.0418571233749, 0.0125433951616, 0.00113728467841, 4.12111949117e-05, 2.30756540986e-05],
        "min": [6.76091459149e-22, 4.8564149387e-21, 1.61787254345e-20, 2.33206868538e-20, 1.24655898592e-19, 5.84446206633e-20, 3.73309195385e-19, 7.82382061541e-19, 4.1617568513e-19, 7.57572226633e-19, 8.05089461825e-19, 2.82817249373e-18, 2.48041211574e-18, 1.51153980695e-18, 5.07396351412e-18, 2.88120469717e-18, 4.10353465822e-18, 7.69006654433e-18, 7.08631485986e-18, 7.71543121064e-18, 1.00239376175e-17, 2.53434822078e-17, 8.76257321014e-18, 8.53010154361e-18, 1.15041847683e-17, 1.62454202577e-17, 1.5636863481e-17, 1.96119493978e-17, 2.04614126017e-17, 1.94732361722e-17, 1.87483877276e-17, 1.53899153266e-17, 1.63557297554e-17, 1.33117431516e-17, 7.91941229533e-18, 5.31414119524e-18, 3.23019922864e-18, 1.30961374909e-18, 3.62124007443e-19, 3.51564394226e-20],
        "stdev": [0.831058084965, 1.50631713867, 1.83833384514, 0.586139440536, 4.43683195114, 6.90627193451, 16.6912193298, 20.184709549, 36.8783569336, 126.936546326, 49.6052131653, 53.1780319214, 32.0689964294, 80.9127578735, 49.1176452637, 30.6895809174, 20.6077919006, 20.848072052, 16.0576972961, 17.2210578918, 20.2862300873, 36.2718391418, 50.8219108582, 49.4865722656, 58.9543037415, 40.4411697388, 48.4615325928, 58.7175636292, 50.9967842102, 38.7813110352, 32.1181526184, 11.9813423157, 2.5354578495, 0.523820221424, 0.238592892885, 0.109114974737, 0.0440855361521, 0.00601999927312, 0.000131329972646, 2.94605888485e-05]
    },
    "gfcc": {
        "mean": [-72.1576766968, 60.1467056274, -142.823104858, 47.2276954651, -67.0570907593, 22.9960651398, -36.6833114624, 11.7753601074, -16.0491962433, 6.57357025146, -8.8907585144, 3.7096927166, -7.66630315781],
        "cov": [[12279.1123047, 57.4334449768, -2636.13696289, 873.166809082, -1555.05358887, -889.080505371, 472.300598145, -809.744506836, 135.665405273, -926.909301758, 314.088104248, -212.903747559, -163.417404175], [57.4334449768, 1936.19848633, 438.223846436, -780.817382812, 25.5263881683, -314.861785889, -97.6591339111, -22.0728816986, -54.9804611206, -70.4318084717, 20.717338562, -70.4777832031, 66.1613922119], [-2636.13696289, 438.223846436, 1343.48571777, -301.252563477, 456.911956787, 272.849639893, -214.265945435, 267.205474854, -143.434387207, 383.161621094, -180.423660278, 80.5778198242, 7.74804592133], [873.166809082, -780.817382812, -301.252563477, 1021.01287842, -61.9302864075, 63.7684059143, 125.825523376, -139.333511353, 50.8032722473, -85.2578887939, 19.4830417633, -36.5212097168, -43.1047515869], [-1555.05358887, 25.5263881683, 456.911956787, -61.9302864075, 654.344055176, 273.849182129, -68.2013626099, 321.835266113, -18.7212181091, 230.521072388, -54.3907318115, 72.5110397339, -1.45990478992], [-889.080505371, -314.861785889, 272.849639893, 63.7684059143, 273.849182129, 364.321380615, 17.0376472473, 172.644790649, -14.222738266, 180.842132568, -56.175567627, 44.7831573486, -13.5331516266], [472.300598145, -97.6591339111, -214.265945435, 125.825523376, -68.2013626099, 17.0376472473, 212.510101318, -2.6545689106, 40.7083930969, -84.9817733765, 37.3656082153, -37.633518219, -17.4663734436], [-809.744506836, -22.0728816986, 267.205474854, -139.333511353, 321.835266113, 172.644790649, -2.6545689106, 280.674957275, -8.16295146942, 145.878570557, -47.4902610779, 48.8589630127, -2.44122600555], [135.665405273, -54.9804611206, -143.434387207, 50.8032722473, -18.7212181091, -14.222738266, 40.7083930969, -8.16295146942, 102.11466217, -26.1845684052, 35.6898536682, -17.0368595123, 22.5576725006], [-926.909301758, -70.4318084717, 383.161621094, -85.2578887939, 230.521072388, 180.842132568, -84.9817733765, 145.878570557, -26.1845684052, 220.680206299, -49.107257843, 53.9745826721, -10.916135788], [314.088104248, 20.717338562, -180.423660278, 19.4830417633, -54.3907318115, -56.175567627, 37.3656082153, -47.4902610779, 35.6898536682, -49.107257843, 92.4370956421, -2.40296459198, 11.2831964493], [-212.903747559, -70.4777832031, 80.5778198242, -36.5212097168, 72.5110397339, 44.7831573486, -37.633518219, 48.8589630127, -17.0368595123, 53.9745826721, -2.40296459198, 80.3298721313, 30.5002059937], [-163.417404175, 66.1613922119, 7.74804592133, -43.1047515869, -1.45990478992, -13.5331516266, -17.4663734436, -2.44122600555, 22.5576725006, -10.916135788, 11.2831964493, 30.5002059937, 71.3029174805]],
        "icov": [[0.000244983239099, -0.000355636148015, 0.000526486663148, -0.000336924305884, 0.000534536608029, -7.74469735916e-05, 4.42211094196e-05, -0.000301902822684, -4.18838026235e-05, -8.75085315784e-05, 0.000269363023108, -0.000887040572707, 0.000963978236541], [-0.000355636148015, 0.00201379973441, -0.00166022696067, 0.00147911265958, -0.00165126868524, 0.00134579266887, -0.000515788560733, 0.00110966956709, 0.000600408529863, 0.00109419249929, -0.00140172068495, 0.00336756091565, -0.0027169350069], [0.000526486663148, -0.00166022696067, 0.00404219748452, -0.00115530798212, 0.00100162590388, -0.000222990871407, -9.75168313744e-06, -0.000638336932752, 0.00208065356128, -0.00491650169715, 0.00338004040532, -0.00124913197942, 0.000151953165187], [-0.000336924305884, 0.00147911265958, -0.00115530798212, 0.00254477420822, -0.00194437522441, 0.000280618638499, -0.0010448313551, 0.00258638849482, -0.000425449863542, 0.00113608932588, -0.000257404579315, 0.00179529190063, -0.00105333933607], [0.000534536608029, -0.00165126868524, 0.00100162590388, -0.00194437522441, 0.00640998687595, -0.00220246962272, 0.00232467707247, -0.00601555360481, -0.000656797958072, -0.000214560102904, -0.000999311334454, -0.00295007554814, 0.00314471474849], [-7.74469735916e-05, 0.00134579266887, -0.000222990871407, 0.000280618638499, -0.00220246962272, 0.00819163490087, -0.00377965020016, 0.000640735495836, 0.00162755511701, -0.00577360298485, 0.00175427936483, 0.0020763061475, -0.00319120544009], [4.42211094196e-05, -0.000515788560733, -9.75168313744e-06, -0.0010448313551, 0.00232467707247, -0.00377965020016, 0.00980070233345, -0.00456015020609, -0.00208031991497, 0.00608980888501, -0.00342368311249, 0.000656060699839, 0.00337585341185], [-0.000301902822684, 0.00110966956709, -0.000638336932752, 0.00258638849482, -0.00601555360481, 0.000640735495836, -0.00456015020609, 0.0133167766035, -0.00131686835084, -0.00268306653015, 0.00366887357086, -0.00123790313955, -0.000796552281827], [-4.18838026235e-05, 0.000600408529863, 0.00208065356128, -0.000425449863542, -0.000656797958072, 0.00162755511701, -0.00208031991497, -0.00131686835084, 0.0180507451296, -0.00595510564744, -0.00353100709617, 0.00979394465685, -0.0116485757753], [-8.75085315784e-05, 0.00109419249929, -0.00491650169715, 0.00113608932588, -0.000214560102904, -0.00577360298485, 0.00608980888501, -0.00268306653015, -0.00595510564744, 0.0228828508407, -0.004051303491, -0.00607758108526, 0.00893292762339], [0.000269363023108, -0.00140172068495, 0.00338004040532, -0.000257404579315, -0.000999311334454, 0.00175427936483, -0.00342368311249, 0.00366887357086, -0.00353100709617, -0.004051303491, 0.0195777900517, -0.00569003494456, 0.000827280164231], [-0.000887040572707, 0.00336756091565, -0.00124913197942, 0.00179529190063, -0.00295007554814, 0.0020763061475, 0.000656060699839, -0.00123790313955, 0.00979394465685, -0.00607758108526, -0.00569003494456, 0.031266734004, -0.0199876762927], [0.000963978236541, -0.0027169350069, 0.000151953165187, -0.00105333933607, 0.00314471474849, -0.00319120544009, 0.00337585341185, -0.000796552281827, -0.0116485757753, 0.00893292762339, 0.000827280164231, -0.0199876762927, 0.0318318083882]]
    },
    "melbands": {
        "max": [0.0927458107471, 0.0105429366231, 0.00149461103138, 0.00420138100162, 0.00640668300912, 0.00515453051776, 0.0157593637705, 0.0233811121434, 0.00401883246377, 0.00563969695941, 0.00130751857068, 0.00615518912673, 0.00402691401541, 0.00121752242558, 0.000877850630786, 0.000663055980112, 0.000444553472335, 0.000239521235926, 0.000224866365897, 0.000234398641624, 0.000173931126483, 0.000348821311491, 0.000298545724945, 0.000244344380917, 0.000521300768014, 0.000451486819657, 0.000185219148989, 0.000167668607901, 0.000156738824444, 0.000199442962185, 0.000200751193915, 0.00014142881264, 0.000183390628081, 0.00015094630362, 0.000114995527838, 7.68837708165e-05, 4.75132801512e-05, 1.35752434289e-05, 6.04545539318e-06, 2.72055331152e-06],
        "mean": [0.000650092668366, 0.000329001748469, 7.56879453547e-05, 0.000159834671649, 0.000178627975401, 0.000152729611727, 0.00015723692195, 0.000172654297785, 0.000125138714793, 7.92278005974e-05, 6.37099146843e-05, 5.86341120652e-05, 5.06491887791e-05, 4.7446701501e-05, 3.1486597436e-05, 2.26590709644e-05, 2.1519315851e-05, 2.07862722164e-05, 1.56461755978e-05, 1.82188869076e-05, 1.5898824131e-05, 1.62529158843e-05, 3.91178982682e-05, 2.37353906414e-05, 2.43717859121e-05, 4.30103391409e-05, 1.6646232325e-05, 1.73367134266e-05, 1.93146624952e-05, 1.84709642781e-05, 2.42304140556e-05, 1.67359503394e-05, 1.63499316841e-05, 1.09315915324e-05, 1.07085425043e-05, 6.4280134211e-06, 2.91006040243e-06, 9.16194323963e-07, 3.36361154041e-07, 1.47555397234e-07],
        "min": [7.35286442362e-24, 7.68962046659e-24, 7.52111662179e-24, 6.47275873851e-24, 1.06708362679e-23, 1.73471869899e-23, 6.47231894855e-24, 9.52665032291e-24, 6.59810834192e-24, 1.81910977645e-23, 1.15230482259e-23, 4.27326307346e-24, 1.74926955393e-23, 9.1545146572e-24, 6.06273092808e-24, 1.20537370449e-23, 1.53457869199e-23, 1.26732610682e-23, 9.44948789346e-24, 1.36742411488e-23, 1.0526493655e-23, 3.25242239404e-23, 8.36156350819e-24, 6.79964731484e-24, 6.77075055102e-24, 7.18351491993e-24, 9.94506372476e-24, 1.05533070371e-23, 1.04640079827e-23, 9.39792242267e-24, 1.10552789526e-23, 1.17914218613e-23, 9.85738893489e-24, 1.12670928389e-23, 1.12966696008e-23, 1.02003288585e-23, 7.87932968138e-24, 1.05565863319e-23, 1.1196613639e-23, 1.15715623827e-23],
        "stdev": [0.00532044330612, 0.000858408107888, 0.000177445544978, 0.000452420877991, 0.000527171068825, 0.000437773822341, 0.00076064246241, 0.00125205470249, 0.000363210972864, 0.000293972785585, 0.000157514339662, 0.000301874970319, 0.000249741802691, 0.000113971720566, 6.71736270306e-05, 4.54596192867e-05, 3.86376450479e-05, 2.97934966511e-05, 2.38963239099e-05, 2.87076945824e-05, 2.31469402934e-05, 3.3721105865e-05, 5.75812227908e-05, 3.51802009391e-05, 4.07837396779e-05, 6.62029633531e-05, 2.6304693165e-05, 2.65479484369e-05, 3.01890740957e-05, 2.89883446385e-05, 3.95212518924e-05, 2.75425500149e-05, 2.97264869005e-05, 1.98491543415e-05, 1.99162786885e-05, 1.19473934319e-05, 6.06903131484e-06, 1.91242861547e-06, 7.06012713181e-07, 3.36608081852e-07]
    },
    "melbands128": {
        "max": [0.031132671982, 0.142428085208, 0.104474678636, 0.0266544111073, 0.00608896557242, 0.0030904286541, 0.000649095047265, 0.000606555840932, 0.00499090133235, 0.00765503942966, 0.00334281846881, 0.00799911469221, 0.0086341528222, 0.00966024119407, 0.00837884843349, 0.00600447505713, 0.00620868895203, 0.00803886167705, 0.0485782288015, 0.040153503418, 0.0288632903248, 0.00755420140922, 0.00218290742487, 0.00824546255171, 0.012476913631, 0.0017210196238, 0.00191127997823, 0.00267707579769, 0.00188986724243, 0.00180301477667, 0.0107562486082, 0.0138612687588, 0.0031434581615, 0.00379941333085, 0.00150124949869, 0.00186940783169, 0.000691681343596, 0.00124860263895, 0.000742776202969, 0.000437463866547, 0.00071035430301, 0.00107183039654, 0.000434022746049, 0.000373268965632, 0.000261531822616, 0.000402754114475, 0.00035358365858, 0.000330173934344, 0.000292464945232, 0.000428422616096, 0.000391507754102, 0.000395059440052, 0.000315264129313, 0.000178596441401, 0.000387639447581, 0.000388304353692, 0.000977897667326, 0.000309371796902, 0.000613799318671, 0.000340810714988, 0.000397610972868, 0.000338501180522, 0.000751721556298, 0.000575108279008, 0.000329825707013, 0.0010566546116, 0.000272674747976, 0.000317516882205, 0.000249941978836, 0.000278577033896, 0.000140045027365, 0.000226731295697, 0.000184678647202, 0.000238608394284, 0.000263721507508, 0.000284881651169, 0.000182781252079, 0.000234852006542, 0.000382524565794, 0.000263988273218, 0.000155999558046, 0.000153258457431, 0.000283527508145, 0.000283375644358, 0.000135069552925, 0.000186109682545, 0.000164666489582, 0.000141068027006, 0.000193042738829, 0.000208072291571, 0.000117364419566, 8.37375191622e-05, 4.68800099043e-05, 6.89038715791e-05, 4.29607280239e-05, 1.58606344485e-05, 1.2962753317e-05, 8.73818135005e-06, 5.79260859013e-06, 5.59978707315e-06, 4.37029029854e-06, 2.47056482294e-06, 2.29049214795e-06, 4.13070665672e-06, 3.74529804503e-06, 2.29936335927e-06, 2.01638135877e-06, 2.93858897749e-06, 2.47123466579e-06, 1.7589068193e-06, 2.00570434572e-06, 1.34554875331e-06, 1.52098471062e-06, 1.37330266625e-06, 1.24629059428e-06, 1.09919244551e-06, 6.7793848757e-07, 1.13502780508e-08, 1.07491811008e-08, 1.01995576429e-08, 9.78447545208e-09, 9.43255962227e-09, 9.11106745605e-09, 8.83770212567e-09, 8.61767457394e-09, 8.46065617566e-09, 8.36027425066e-09, 8.27418844551e-09],
        "mean": [0.000286901282379, 0.000971118861344, 0.000650370086078, 0.000330658600433, 0.000426349026384, 0.000231869809795, 4.32694832853e-05, 1.66611935128e-05, 0.000124584214063, 0.000210060446989, 0.000134967034683, 0.000175294248038, 0.000190790175111, 0.000193543106434, 0.000126353814267, 0.000139555369969, 0.000180887029273, 0.000145343947224, 0.000148143546539, 0.000172166692209, 0.000191087601706, 0.000167480946402, 8.78669525264e-05, 0.000131254360895, 8.42963418108e-05, 6.01462088525e-05, 6.35313481325e-05, 7.2855502367e-05, 5.64141628274e-05, 3.90719542338e-05, 6.52862217976e-05, 8.79829458427e-05, 2.92924105452e-05, 4.86616954731e-05, 4.95885906275e-05, 5.51882149011e-05, 2.74703343166e-05, 3.550961992e-05, 3.10981122311e-05, 1.5585193978e-05, 2.47835232585e-05, 2.57980354945e-05, 1.93484265765e-05, 2.26394749916e-05, 1.91963899852e-05, 2.45297524089e-05, 1.60163908731e-05, 1.4896421817e-05, 1.60783565661e-05, 1.40548745549e-05, 1.89101501746e-05, 2.25705898629e-05, 1.89648726518e-05, 1.13218129627e-05, 1.14221311378e-05, 1.31590459205e-05, 2.40517310885e-05, 3.15328616125e-05, 5.43669702893e-05, 3.73384500563e-05, 1.73682637978e-05, 1.55009656737e-05, 2.36147043324e-05, 2.06536515179e-05, 3.15323050017e-05, 7.64906581026e-05, 2.09283225558e-05, 1.28182227854e-05, 1.63077784237e-05, 2.2568858185e-05, 1.30024391183e-05, 2.04246189242e-05, 1.56997193699e-05, 1.8960727175e-05, 2.36756495724e-05, 1.86115466931e-05, 1.45992080434e-05, 2.03720010177e-05, 3.04191962641e-05, 2.36665127886e-05, 1.36900162033e-05, 1.25583619592e-05, 2.39058481384e-05, 1.67634952959e-05, 1.08105714389e-05, 1.17460940601e-05, 1.11521139843e-05, 9.17543093237e-06, 1.03534111986e-05, 1.3312423107e-05, 7.76608703745e-06, 4.52198082712e-06, 3.13514556183e-06, 3.57383260052e-06, 2.51036635746e-06, 1.04513685528e-06, 5.76952515985e-07, 5.66966548377e-07, 3.39803932548e-07, 2.14852860836e-07, 1.71755459633e-07, 1.36660062822e-07, 1.23119633599e-07, 1.18165651486e-07, 1.10289313682e-07, 9.46010914049e-08, 8.04407420674e-08, 7.41157677453e-08, 6.94752841923e-08, 6.80813343479e-08, 6.88137049565e-08, 5.09468804921e-08, 3.64614898274e-08, 2.44306868069e-08, 1.68137219703e-08, 1.04904733789e-08, 4.81973128075e-09, 2.94125418465e-11, 2.18137227032e-11, 2.07607975949e-11, 1.99454272543e-11, 1.9257101122e-11, 1.86222773313e-11, 1.80793383736e-11, 1.76638668969e-11, 1.73635394257e-11, 1.71699911233e-11, 1.69998529143e-11],
        "min": [1.02382438802e-23, 5.86662799565e-24, 7.18593514519e-24, 8.19740392039e-24, 8.07652991933e-24, 8.16847560214e-24, 3.11138061173e-24, 5.62795773434e-24, 1.78952417929e-23, 4.61571981976e-24, 1.99502429892e-24, 1.76476467537e-24, 1.02326753111e-23, 2.54201701906e-23, 2.20670222496e-23, 1.14085695202e-23, 5.24362746233e-24, 6.48649832889e-24, 6.77152836788e-24, 7.39593228474e-24, 1.35573461622e-23, 8.89695630481e-24, 2.52924938419e-24, 5.28359312794e-24, 2.55503732607e-23, 2.01032603112e-23, 1.02710794265e-23, 1.88611751501e-23, 2.58339857167e-24, 1.07076882996e-24, 4.92415181192e-24, 1.01912956123e-23, 2.43627226575e-23, 1.67606420856e-23, 1.14901385266e-23, 5.63687265143e-24, 7.26868586529e-24, 7.9328499495e-24, 3.14967251172e-24, 7.05325820726e-24, 1.9868873959e-23, 1.06229050793e-23, 5.4817920638e-24, 3.10634207824e-23, 1.43090327861e-23, 7.895274138e-24, 7.13315640633e-24, 1.77534030244e-23, 4.6387352311e-24, 5.30436423001e-24, 2.68605055635e-23, 5.85665837153e-24, 4.21491261002e-24, 1.32295933887e-23, 2.25858608002e-23, 5.58672365928e-23, 1.66927511384e-23, 4.7177467505e-24, 9.22592471293e-24, 7.36311882653e-24, 5.98393240112e-24, 5.99386455434e-24, 7.49365085165e-24, 7.30962537968e-24, 6.10999079605e-24, 6.22015088273e-24, 6.96173219846e-24, 1.20609496002e-23, 6.32724782251e-24, 1.46838868665e-23, 1.10022564558e-23, 6.38676580009e-24, 1.50157858929e-23, 9.80412741316e-24, 8.39043976162e-24, 6.19800795155e-24, 1.07586207095e-23, 1.57525740897e-23, 1.08696986358e-23, 6.98870966369e-24, 9.98559539807e-24, 1.81340930978e-23, 7.05778705772e-24, 9.05878165319e-24, 1.22903858502e-23, 8.43309110419e-24, 1.37804565366e-23, 1.04417518499e-23, 1.2748953061e-23, 1.10670243027e-23, 5.13462700118e-24, 1.18191597884e-23, 1.59352111665e-23, 4.97920878108e-24, 6.30435113474e-24, 4.9505754968e-24, 1.30445392421e-23, 1.65867171886e-23, 9.77713495956e-24, 9.17707923453e-24, 1.15979584574e-23, 1.29963848059e-23, 1.00335494636e-23, 1.12360148746e-23, 7.28871741025e-24, 6.87247574247e-24, 9.69744028661e-24, 1.24173601126e-23, 7.17960216984e-24, 8.84870957185e-24, 9.50475154418e-24, 9.22399042599e-24, 8.58771178591e-24, 1.46551249979e-23, 1.15477316836e-23, 8.13230790736e-24, 8.08340010895e-24, 1.35735288548e-23, 1.17519362175e-23, 1.156020673e-23, 1.13989359508e-23, 1.11565174169e-23, 8.21561635211e-24, 1.23452172051e-23, 1.02563711149e-23, 7.62717029303e-24, 9.18528654339e-24, 1.20634305677e-23],
        "stdev": [0.00207777787, 0.00842815171927, 0.00571971433237, 0.00147502194159, 0.00107118231244, 0.000577870639972, 8.55438702274e-05, 3.63633334928e-05, 0.000471148523502, 0.000767582620028, 0.00033665142837, 0.000647671811748, 0.000664369552396, 0.000703179743141, 0.000534153892659, 0.000594813027419, 0.000559124338906, 0.000603770953603, 0.00208733067848, 0.00185676629189, 0.00130665116012, 0.000698500545695, 0.000220218702452, 0.000617048237473, 0.000580617052037, 0.00015865000023, 0.000189779544598, 0.00027334142942, 0.000170299230376, 0.000120069264085, 0.000491189945024, 0.000763955060393, 0.000156026391778, 0.000186862802366, 0.000153018336277, 0.000160068215337, 6.87885549269e-05, 9.91553752101e-05, 7.4803843745e-05, 3.62705759471e-05, 5.97413127252e-05, 7.03679252183e-05, 4.85917371407e-05, 4.56526431662e-05, 3.64129737136e-05, 4.43012831965e-05, 3.18937491102e-05, 3.21124898619e-05, 3.3442149288e-05, 3.46544038621e-05, 3.91755493183e-05, 4.33000423072e-05, 3.85361490771e-05, 2.14696156036e-05, 2.94232722808e-05, 3.50156187778e-05, 7.99175395514e-05, 5.11999132868e-05, 9.52612972469e-05, 6.37474586256e-05, 3.83663245884e-05, 3.90656932723e-05, 4.96702850796e-05, 4.29504834756e-05, 4.96105276397e-05, 0.000131342050736, 3.67177271983e-05, 2.54394617514e-05, 3.24927168549e-05, 3.87909276469e-05, 2.27675081987e-05, 3.68780165445e-05, 2.87645252683e-05, 3.36936209351e-05, 4.00936769438e-05, 3.30143084284e-05, 2.54897313425e-05, 3.53856776201e-05, 5.58755491511e-05, 4.28286257375e-05, 2.45939481829e-05, 2.262772432e-05, 4.48542014055e-05, 3.50860718754e-05, 2.0692945327e-05, 2.18093646254e-05, 2.23110600928e-05, 1.87752175407e-05, 2.11918359128e-05, 2.73476107395e-05, 1.49643537952e-05, 9.58151758823e-06, 6.67212862027e-06, 8.18296757643e-06, 5.67115557715e-06, 2.19285493586e-06, 1.35465643325e-06, 1.21058076274e-06, 7.39352174151e-07, 4.93365632792e-07, 4.36411596638e-07, 3.1130528555e-07, 2.95050284649e-07, 3.29217243689e-07, 3.0834678455e-07, 2.5714737717e-07, 1.73103885004e-07, 1.9114033023e-07, 2.03953206324e-07, 1.94582511881e-07, 2.10257823596e-07, 1.571033863e-07, 1.52031901735e-07, 1.34896765758e-07, 9.83662928888e-08, 7.08978618036e-08, 3.8775414879e-08, 4.85620710311e-10, 4.57850590774e-10, 4.3443795783e-10, 4.16757267585e-10, 4.01767008551e-10, 3.88073018165e-10, 3.76429137861e-10, 3.67056190997e-10, 3.60367430341e-10, 3.56091434117e-10, 3.52424589511e-10]
    },
    "mfcc": {
        "mean": [-698.483947754, 79.2079238892, -12.8194284439, 21.5075473785, -3.059207201, 10.5869569778, -5.31983995438, 8.52140045166, -3.99205303192, 7.49965381622, 2.06704068184, 0.699312269688, -0.426446557045],
        "cov": [[11860.5068359, -1655.13244629, -1413.01708984, 833.914245605, -1985.5847168, -70.6095657349, -650.126403809, 330.697357178, -810.135742188, -383.6355896, -268.065185547, 361.642089844, -327.452423096], [-1655.13244629, 2782.98168945, 344.728149414, -588.734436035, 227.019088745, -400.325408936, 44.2647018433, -211.55569458, 86.2222213745, -76.0385818481, 40.6453437805, -114.709503174, 69.4251403809], [-1413.01708984, 344.728149414, 674.45111084, 6.85054254532, 163.634613037, 64.1644058228, 57.4394378662, -149.705764771, 82.7956390381, 16.4150123596, -7.32980108261, -51.200756073, -8.77113342285], [833.914245605, -588.734436035, 6.85054254532, 543.925964355, -36.7256965637, 128.532165527, -22.8386631012, 59.9500808716, -56.5676307678, -11.1479415894, -15.9609909058, 15.9064083099, -51.1347351074], [-1985.5847168, 227.019088745, 163.634613037, -36.7256965637, 660.573913574, 74.7215194702, 188.718566895, -11.4934463501, 184.714431763, 114.305480957, 112.96156311, -66.7235031128, 93.5857009888], [-70.6095657349, -400.325408936, 64.1644058228, 128.532165527, 74.7215194702, 216.711669922, 69.2349319458, 25.027431488, 26.1135349274, 40.1553611755, 20.3119258881, 28.3023586273, -9.72202301025], [-650.126403809, 44.2647018433, 57.4394378662, -22.8386631012, 188.718566895, 69.2349319458, 198.09336853, 63.8593978882, 89.8874664307, 70.3112564087, 79.0780487061, -14.9540147781, 22.4688835144], [330.697357178, -211.55569458, -149.705764771, 59.9500808716, -11.4934463501, 25.027431488, 63.8593978882, 140.296401978, 38.5173721313, 32.5184364319, 22.448184967, 14.5978956223, 4.27619552612], [-810.135742188, 86.2222213745, 82.7956390381, -56.5676307678, 184.714431763, 26.1135349274, 89.8874664307, 38.5173721313, 151.530654907, 80.518699646, 41.6377296448, -23.1434803009, 35.3000640869], [-383.6355896, -76.0385818481, 16.4150123596, -11.1479415894, 114.305480957, 40.1553611755, 70.3112564087, 32.5184364319, 80.518699646, 100.651809692, 62.8356666565, -4.80311822891, 14.2910776138], [-268.065185547, 40.6453437805, -7.32980108261, -15.9609909058, 112.96156311, 20.3119258881, 79.0780487061, 22.448184967, 41.6377296448, 62.8356666565, 94.2392501831, 13.4897165298, 12.5544710159], [361.642089844, -114.709503174, -51.200756073, 15.9064083099, -66.7235031128, 28.3023586273, -14.9540147781, 14.5978956223, -23.1434803009, -4.80311822891, 13.4897165298, 64.1259994507, -0.126060128212], [-327.452423096, 69.4251403809, -8.77113342285, -51.1347351074, 93.5857009888, -9.72202301025, 22.4688835144, 4.27619552612, 35.3000640869, 14.2910776138, 12.5544710159, -0.126060128212, 69.6530685425]],
        "icov": [[0.000342767307302, -0.000103609811049, 0.000337038654834, -0.000348496163497, 0.000585842004512, -0.00019236827211, 0.000367848260794, -0.000667059968691, 0.000821853347588, -0.000215141917579, 4.12610597778e-06, -0.000550643366296, 0.000235476749367], [-0.000103609811049, 0.000870424031746, -0.000361771410098, 0.000506454030983, -0.000205094693229, 0.00136308465153, -0.00059610925382, 0.000979231903329, -0.00108612223994, 0.00181363278534, -0.0011962238932, 0.000545353454072, -3.54877192876e-05], [0.000337038654834, -0.000361771410098, 0.00382209499367, -0.00143523991574, 0.00117370591033, -0.000875223253388, -0.00211548665538, 0.00506202597171, -0.00277731358074, 0.000142817603773, 0.0015714749461, -0.00049829215277, 0.00113929668441], [-0.000348496163497, 0.000506454030983, -0.00143523991574, 0.00367296882905, -0.00143193418626, -0.00108364375774, 0.00173063471448, -0.00287747033872, 0.0014693129342, 0.000988809391856, -0.0012092582183, 0.00172200833913, 0.00103720161133], [0.000585842004512, -0.000205094693229, 0.00117370591033, -0.00143193418626, 0.00555750960484, -0.00179543416016, -0.00077201530803, 0.00211463496089, -0.00269644032232, 0.00161151285283, -0.00443332456052, 0.00360806239769, -0.00370178278536], [-0.00019236827211, 0.00136308465153, -0.000875223253388, -0.00108364375774, -0.00179543416016, 0.0111208632588, -0.00560852326453, 0.00306862941943, -0.000616137869656, -0.00240771309473, 0.00493210693821, -0.00712537812069, 0.00232103792951], [0.000367848260794, -0.00059610925382, -0.00211548665538, 0.00173063471448, -0.00077201530803, -0.00560852326453, 0.0168430674821, -0.0113648874685, 0.00172832317185, 0.00234267604537, -0.01098029688, 0.00603582616895, -0.000520027824678], [-0.000667059968691, 0.000979231903329, 0.00506202597171, -0.00287747033872, 0.00211463496089, 0.00306862941943, -0.0113648874685, 0.0244085993618, -0.0123474514112, 0.00149651279207, 0.00291870604269, -0.00205071270466, -0.00041148046148], [0.000821853347588, -0.00108612223994, -0.00277731358074, 0.0014693129342, -0.00269644032232, -0.000616137869656, 0.00172832317185, -0.0123474514112, 0.0258199386299, -0.0162594728172, 0.00764187611639, -0.0019898195751, -0.00171781505924], [-0.000215141917579, 0.00181363278534, 0.000142817603773, 0.000988809391856, 0.00161151285283, -0.00240771309473, 0.00234267604537, 0.00149651279207, -0.0162594728172, 0.0349600799382, -0.022280100733, 0.00870806444436, -0.000325161818182], [4.12610597778e-06, -0.0011962238932, 0.0015714749461, -0.0012092582183, -0.00443332456052, 0.00493210693821, -0.01098029688, 0.00291870604269, 0.00764187611639, -0.022280100733, 0.0371898822486, -0.0173484589905, 0.00449354574084], [-0.000550643366296, 0.000545353454072, -0.00049829215277, 0.00172200833913, 0.00360806239769, -0.00712537812069, 0.00603582616895, -0.00205071270466, -0.0019898195751, 0.00870806444436, -0.0173484589905, 0.031193068251, -0.00718914484605], [0.000235476749367, -3.54877192876e-05, 0.00113929668441, 0.00103720161133, -0.00370178278536, 0.00232103792951, -0.000520027824678, -0.00041148046148, -0.00171781505924, -0.000325161818182, 0.00449354574084, -0.00718914484605, 0.0220092218369]]
    },
    "spectral_contrast_coeffs": {
        "max": [-0.453092753887, -0.432300806046, -0.469891220331, -0.631254315376, -0.502576768398, -0.511612296104],
        "mean": [-0.757529854774, -0.803287744522, -0.800154626369, -0.800563037395, -0.792640209198, -0.738064527512],
        "min": [-0.967611074448, -0.963456273079, -0.962589383125, -0.960925340652, -0.963388800621, -0.95843398571],
        "stdev": [0.0955081135035, 0.0890205949545, 0.0777484402061, 0.0466461963952, 0.0664600208402, 0.109348244965]
    },
    "spectral_contrast_valleys": {
        "max": [-6.08402109146, -5.17894601822, -5.52181768417, -6.05863142014, -5.58300113678, -8.35944080353],
        "mean": [-8.00985240936, -7.54788684845, -7.98623037338, -8.03553199768, -7.82313108444, -10.4898872375],
        "min": [-26.964630127, -27.2089653015, -27.179649353, -27.0748348236, -27.1703147888, -27.2923374176],
        "stdev": [1.18614971638, 1.37959969044, 1.27791512012, 1.26079583168, 1.4986563921, 1.10370123386]
    }
},
"rhythm": {
    "beats_count": 18,
    "beats_loudness": {
        "max": 0.142027676105,
        "mean": 0.0268324632198,
        "min": 0.000143009456224,
        "stdev": 0.040730368346
    },
    "bpm": 85.4954910278,
    "bpm_histogram_first_peak_bpm": 86,
    "bpm_histogram_first_peak_weight": 0.357142806053,
    "bpm_histogram_second_peak_bpm": 91,
    "bpm_histogram_second_peak_spread": 0,
    "bpm_histogram_second_peak_weight": 0.176470592618,
    "danceability": 0.915378689766,
    "onset_rate": 2.89983081818,
    "beats_loudness_band_ratio": {
        "max": [0.981651008129, 0.457929074764, 0.735999286175, 0.566065967083, 0.731817364693, 0.749194025993],
        "mean": [0.215386942029, 0.0889215841889, 0.147521883249, 0.134555950761, 0.160991340876, 0.279560446739],
        "min": [0.0035860708449, 0.000352150003891, 0.000969080603682, 0.00271982699633, 0.000945936597418, 0.00183366844431],
        "stdev": [0.276211172342, 0.127729445696, 0.197174280882, 0.149389252067, 0.160849913955, 0.277184873819]
    },
    "beats_position": [0.708208620548, 1.4164172411, 2.12462592125, 2.82122445107, 3.48299312592, 4.14476203918, 4.80653047562, 5.50312900543, 6.21133756638, 6.93115615845, 7.65097475052, 8.35918331146, 9.05578231812, 9.75238037109, 10.4373693466, 11.1339683533, 11.8189563751, 12.4923353195],
