{
"metadata": {
    "version": {
        "essentia": "2.1-beta5",
        "essentia_git_sha": "Undefined",
        "extractor": "music 2.0"
    },
    "audio_properties": {
        "analysis": {
            "equal_loudness": 0,
            "length": 97.5005874634,
            "sample_rate": 44100,
            "start_time": 12.7477550507,
            "downmix": "mix"
        },
        "bit_rate": 192000,
        "length": 181.881912231,
        "lossless": 0,
        "number_channels": 2,
        "replay_gain": -4.34610557556,
        "sample_rate": 44100,
        "codec": "mp3",
        "md5_encoded": "96cc6f7223cf204a3a19373a537eb0a8"
    },
    "tags": {
        "file_name": "Sweden_Sol Och Vår_Inger Berggren.mp3",
        "encoding": ["Lavf58.29.100"]
    }
},
"lowlevel": {
    "average_loudness": 0.971215307713,
    "barkbands_crest": {
        "max": 24.1711330414,
        "mean": 9.08964443207,
        "min": 2.33600878716,
        "stdev": 4.26653194427
    },
    "barkbands_flatness_db": {
        "max": 0.295910656452,
        "mean": 0.139720067382,
        "min": 0.0406960658729,
        "stdev": 0.0423369668424
    },
    "barkbands_kurtosis": {
        "max": 60.2363510132,
        "mean": 0.633279561996,
        "min": -1.91619849205,
        "stdev": 4.12072038651
    },
    "barkbands_skewness": {
        "max": 6.71740627289,
        "mean": 0.400701224804,
        "min": -6.45269870758,
        "stdev": 1.11062526703
    },
    "barkbands_spread": {
        "max": 96.2958450317,
        "mean": 30.8163032532,
        "min": 2.15650057793,
        "stdev": 14.6257705688
    },
    "dissonance": {
        "max": 0.499999970198,
        "mean": 0.467037975788,
        "min": 0.311875075102,
        "stdev": 0.0259310249239
    },
    "dynamic_complexity": 2.59561228752,
    "erbbands_crest": {
        "max": 32.1617240906,
        "mean": 9.41490650177,
        "min": 2.57087063789,
        "stdev": 4.29764938354
    },
    "erbbands_flatness_db": {
        "max": 0.386148244143,
        "mean": 0.203861862421,
        "min": 0.0986150726676,
        "stdev": 0.0418787635863
    },
    "erbbands_kurtosis": {
        "max": 53.7670173645,
        "mean": 0.247889608145,
        "min": -1.86321341991,
        "stdev": 2.97690057755
    },
    "erbbands_skewness": {
        "max": 3.80159497261,
        "mean": -0.24046368897,
        "min": -6.25091600418,
        "stdev": 0.904357492924
    },
    "erbbands_spread": {
        "max": 103.505851746,
        "mean": 37.0112342834,
        "min": 1.55958545208,
        "stdev": 15.3535585403
    },
    "hfc": {
        "max": 318.724212646,
        "mean": 26.3783340454,
        "min": 0.0739753395319,
        "stdev": 26.2680492401
    },
    "loudness_ebu128": {
        "integrated": -21.1227760315,
        "loudness_range": 1.69429206848,
        "momentary": {
            "max": -17.1611480713,
            "mean": -21.554605484,
            "min": -29.7043838501,
            "stdev": 2.01551580429
        },
        "short_term": {
            "max": -19.6966991425,
            "mean": -21.1778259277,
            "min": -22.9707775116,
            "stdev": 0.57122451067
        }
    },
    "melbands_crest": {
        "max": 35.6010360718,
        "mean": 12.6318311691,
        "min": 2.6627137661,
        "stdev": 5.7858505249
    },
    "melbands_flatness_db": {
        "max": 0.357352733612,
        "mean": 0.137516140938,
        "min": 0.0227682236582,
        "stdev": 0.059033293277
    },
    "melbands_kurtosis": {
        "max": 138.901992798,
        "mean": 4.47153091431,
        "min": -1.92225801945,
        "stdev": 9.96943569183
    },
    "melbands_skewness": {
        "max": 10.0964069366,
        "mean": 1.51514971256,
        "min": -2.75768661499,
        "stdev": 1.28741908073
    },
    "melbands_spread": {
        "max": 264.443084717,
        "mean": 52.5728378296,
        "min": 1.71811878681,
        "stdev": 35.2917938232
    },
    "pitch_salience": {
        "max": 0.839235246181,
        "mean": 0.569548070431,
        "min": 0.161945790052,
        "stdev": 0.111314512789
    },
    "silence_rate_20dB": {
        "max": 1,
        "mean": 1,
        "min": 1,
        "stdev": 0
    },
    "silence_rate_30dB": {
        "max": 1,
        "mean": 1,
        "min": 1,
        "stdev": 0
    },
    "silence_rate_60dB": {
        "max": 1,
        "mean": 0.0809523835778,
        "min": 0,
        "stdev": 0.272759050131
    },
    "spectral_centroid": {
        "max": 6706.17382812,
        "mean": 2399.91918945,
        "min": 332.582519531,
        "stdev": 802.22479248
    },
    "spectral_complexity": {
        "max": 51,
        "mean": 15.9633331299,
        "min": 0,
        "stdev": 9.01150131226
    },
    "spectral_decrease": {
        "max": -2.14424259598e-11,
        "mean": -2.9138020885e-09,
        "min": -1.35995881223e-08,
        "stdev": 1.98976968235e-09
    },
    "spectral_energy": {
        "max": 0.0594374351203,
        "mean": 0.0133900009096,
        "min": 8.88200665941e-05,
        "stdev": 0.0091928197071
    },
    "spectral_energyband_high": {
        "max": 0.0398731119931,
        "mean": 0.00215856265277,
        "min": 4.90430056743e-06,
        "stdev": 0.00335465907119
    },
    "spectral_energyband_low": {
        "max": 0.0493677929044,
        "mean": 0.00123812595848,
        "min": 5.54277585252e-06,
        "stdev": 0.00267303991131
    },
    "spectral_energyband_middle_high": {
        "max": 0.0539675503969,
        "mean": 0.00611414946616,
        "min": 9.56577696343e-06,
        "stdev": 0.00632270611823
    },
    "spectral_energyband_middle_low": {
        "max": 0.0356288105249,
        "mean": 0.00404158420861,
        "min": 1.04427617771e-05,
        "stdev": 0.00418166443706
    },
    "spectral_entropy": {
        "max": 8.69892311096,
        "mean": 7.59049606323,
        "min": 6.07202196121,
        "stdev": 0.447277188301
    },
    "spectral_flux": {
        "max": 0.228976741433,
        "mean": 0.0700164362788,
        "min": 0.00461054313928,
        "stdev": 0.0335627235472
    },
    "spectral_kurtosis": {
        "max": 17.0869350433,
        "mean": 2.46808218956,
        "min": -1.30428004265,
        "stdev": 2.18180084229
    },
    "spectral_rms": {
        "max": 0.00761496834457,
        "mean": 0.00338641786948,
        "min": 0.00029437005287,
        "stdev": 0.00126316444948
    },
    "spectral_rolloff": {
        "max": 9625.34179688,
        "mean": 3375.30151367,
        "min": 64.599609375,
        "stdev": 1847.87841797
    },
    "spectral_skewness": {
        "max": 2.43971180916,
        "mean": 0.822180569172,
        "min": -0.420779943466,
        "stdev": 0.370657384396
    },
    "spectral_spread": {
        "max": 10603657,
        "mean": 3831329.5,
        "min": 1835790.875,
        "stdev": 970018.6875
    },
    "spectral_strongpeak": {
        "max": 20.689781189,
        "mean": 1.95744299889,
        "min": 0,
        "stdev": 2.63755083084
    },
    "zerocrossingrate": {
        "max": 0.3583984375,
        "mean": 0.103478305042,
        "min": 0.0068359375,
        "stdev": 0.0491255670786
    },
    "barkbands": {
        "max": [0.0032936304342, 0.0256294906139, 0.0361599773169, 0.00541951414198, 0.0123470528051, 0.0188869070262, 0.032687947154, 0.0269025824964, 0.0319298356771, 0.0213060416281, 0.0246201548725, 0.032533634454, 0.0393570065498, 0.0206297691911, 0.0156045267358, 0.0161844417453, 0.0203474164009, 0.0247182901949, 0.0141881769523, 0.0157297551632, 0.015900073573, 0.0149539047852, 0.00909406319261, 0.0327924340963, 0.00125640281476, 3.7570931454e-05, 7.64854030422e-06],
        "mean": [5.09957135364e-05, 0.00047714903485, 0.000639089616016, 0.000165077814017, 0.000716091424692, 0.000761757604778, 0.00081470690202, 0.000454163207905, 0.000982925994322, 0.000851642282214, 0.000625310814939, 0.000667317246553, 0.000535910832696, 0.000385735096643, 0.000311358133331, 0.000386446830817, 0.000548017444089, 0.000888610200491, 0.00075095630018, 0.000628034176771, 0.000529057753738, 0.000636749202386, 0.000369251269149, 0.000193090265384, 1.97918070626e-05, 6.85042323312e-07, 6.08856822737e-08],
        "min": [1.98908381321e-07, 1.37433551117e-06, 9.74984857294e-08, 7.26339806079e-08, 1.44048627249e-07, 7.60394073041e-07, 7.09665997078e-08, 1.30159946821e-07, 7.11348377536e-07, 1.83427228961e-08, 8.82460327034e-08, 6.89048107461e-08, 1.10852958812e-07, 5.35495132681e-07, 1.76353481152e-07, 2.53242490089e-07, 5.83975918289e-07, 1.0335013485e-06, 1.2633223605e-06, 5.30643546881e-07, 7.44070007386e-07, 4.67736867904e-07, 3.86924511986e-07, 2.05931385722e-07, 8.74796342032e-08, 9.3823254721e-11, 6.81435949335e-11],
        "stdev": [0.000119753320178, 0.00107220944483, 0.00195731129497, 0.00030864882865, 0.0011924848659, 0.00170243985485, 0.00195776391774, 0.001643527532, 0.00258786394261, 0.00160969549324, 0.00178311939817, 0.00187259237282, 0.00161014695186, 0.00113153341226, 0.000824932183605, 0.000970236316789, 0.00149185990449, 0.00150761171244, 0.00110002502333, 0.000902639352717, 0.00105714052916, 0.0014790565474, 0.000753205444198, 0.000703650235664, 6.44598767394e-05, 1.85335591141e-06, 4.28839001643e-07]
    },
    "erbbands": {
        "max": [1.21081471443, 5.39095258713, 40.344581604, 27.334985733, 23.7872066498, 71.0869598389, 110.849189758, 196.596130371, 412.518432617, 515.109558105, 598.214660645, 860.42767334, 1156.61401367, 620.286865234, 1222.79882812, 1085.56176758, 2154.25512695, 967.047912598, 982.332885742, 609.596862793, 1036.15515137, 1430.1003418, 1390.1262207, 614.017578125, 501.658050537, 715.303100586, 1018.38427734, 651.094055176, 502.869415283, 444.214599609, 297.938659668, 1063.97705078, 246.276916504, 33.5667686462, 2.69073796272, 0.287023931742, 0.0502490960062, 0.0140302348882, 0.000739734910894, 0.000231485784752],
        "mean": [0.0107248201966, 0.124777801335, 0.672756969929, 0.641612589359, 0.974589586258, 2.85491156578, 4.80280303955, 6.75608158112, 11.1285381317, 10.4578227997, 13.2241573334, 20.7229347229, 22.6291828156, 28.349647522, 26.4623241425, 25.7057228088, 25.7363986969, 17.0919265747, 19.4869918823, 17.8893547058, 22.0852527618, 34.9142341614, 42.266708374, 46.6916885376, 31.7337875366, 30.9442958832, 27.1041202545, 20.4236373901, 22.7367801666, 16.1274585724, 9.10974121094, 5.95255327225, 2.00479888916, 0.387240439653, 0.0607442967594, 0.00858933385462, 0.00075953907799, 0.00014700704196, 1.95729371626e-05, 2.10675880226e-05],
        "min": [7.82532442827e-05, 0.000177280453499, 0.00032290793024, 0.000497629691381, 0.000651879061479, 0.00174542632885, 0.00534228561446, 0.00356599595398, 0.0024493446108, 0.002458228264, 0.0150685878471, 0.019974116236, 0.00553596392274, 0.00318209035322, 0.00607934547588, 0.0126141039655, 0.0139114521444, 0.017355248332, 0.0239821784198, 0.00991202797741, 0.0179800949991, 0.0482510589063, 0.0490747950971, 0.068225838244, 0.0540843456984, 0.0338823236525, 0.0422514975071, 0.0197549443692, 0.0125797446817, 0.0164822489023, 0.011933779344, 0.00671408372, 0.00199716142379, 0.00128506892361, 0.000408161518862, 2.58452018898e-05, 1.5714631445e-06, 2.11788957927e-07, 2.28423388648e-07, 1.56281657837e-07],
        "stdev": [0.036887910217, 0.276856660843, 2.04123020172, 1.2972432375, 1.59815335274, 5.44870948792, 9.76990032196, 16.3066368103, 26.5131244659, 28.2580699921, 39.946521759, 64.1307678223, 45.6401901245, 54.433807373, 65.155380249, 68.8947067261, 77.6351699829, 48.530960083, 51.1984367371, 44.0405540466, 54.6560821533, 94.6983642578, 73.6435623169, 61.6794815063, 43.1232261658, 42.4765663147, 48.0995674133, 45.1708297729, 53.0182876587, 35.9280166626, 18.8930492401, 21.3035316467, 7.63072776794, 1.26002442837, 0.159265324473, 0.0198411066085, 0.00262957485393, 0.000745914760046, 3.17870290019e-05, 1.66152040038e-05]
    },
    "gfcc": {
        "mean": [-34.907749176, 79.3956985474, -166.446105957, 60.0117797852, -83.081489563, 12.0168457031, -28.2815513611, 5.81132507324, -16.1959438324, -13.0901088715, -0.155563443899, -5.77442789078, -1.31697487831],
        "cov": [[2658.71313477, -710.758728027, -483.90322876, 93.1314468384, -267.90057373, 243.080596924, 38.5460891724, -46.2683105469, 112.947860718, -74.7950668335, 13.7186813354, -84.4623641968, -56.929359436], [-710.758728027, 975.265869141, 163.283462524, -108.972244263, 225.899749756, -182.533309937, 58.4804878235, -17.8215427399, -51.7998161316, -34.269203186, -26.1151866913, -31.8476047516, -14.6564760208], [-483.90322876, 163.283462524, 711.001220703, 213.06401062, -17.7558460236, 67.0623474121, -72.9196395874, -0.677109777927, 4.3802189827, 9.6477804184, -111.797431946, 36.8135223389, -18.1957569122], [93.1314468384, -108.972244263, 213.06401062, 392.971923828, -0.348698824644, -3.66344833374, -57.0589828491, -42.3459777832, 85.1116714478, -9.35184860229, -80.5369949341, 7.00666904449, 27.6683921814], [-267.90057373, 225.899749756, -17.7558460236, -0.348698824644, 287.836517334, -14.8849611282, 21.8975353241, 44.4239006042, -32.5845832825, 5.22899246216, -21.1808986664, -10.4165115356, 2.72229671478], [243.080596924, -182.533309937, 67.0623474121, -3.66344833374, -14.8849611282, 347.035675049, 120.0415802, -31.5698604584, -40.5452804565, -15.231965065, -38.7247810364, -0.785964310169, -63.8953475952], [38.5460891724, 58.4804878235, -72.9196395874, -57.0589828491, 21.8975353241, 120.0415802, 217.536529541, 11.2608394623, -55.1554794312, -21.6850528717, 15.4553852081, -14.5107774734, -33.9597511292], [-46.2683105469, -17.8215427399, -0.677109777927, -42.3459777832, 44.4239006042, -31.5698604584, 11.2608394623, 146.96496582, 39.2284202576, -1.18370437622, 19.800573349, -15.4946584702, 7.87026500702], [112.947860718, -51.7998161316, 4.3802189827, 85.1116714478, -32.5845832825, -40.5452804565, -55.1554794312, 39.2284202576, 146.942703247, 23.4049434662, -11.2424201965, -12.2696256638, 12.8215456009], [-74.7950668335, -34.269203186, 9.6477804184, -9.35184860229, 5.22899246216, -15.231965065, -21.6850528717, -1.18370437622, 23.4049434662, 112.250663757, 17.5999717712, 4.45566558838, -7.50131225586], [13.7186813354, -26.1151866913, -111.797431946, -80.5369949341, -21.1808986664, -38.7247810364, 15.4553852081, 19.800573349, -11.2424201965, 17.5999717712, 171.386642456, 27.120967865, 6.00249147415], [-84.4623641968, -31.8476047516, 36.8135223389, 7.00666904449, -10.4165115356, -0.785964310169, -14.5107774734, -15.4946584702, -12.2696256638, 4.45566558838, 27.120967865, 106.421669006, 35.0005226135], [-56.929359436, -14.6564760208, -18.1957569122, 27.6683921814, 2.72229671478, -63.8953475952, -33.9597511292, 7.87026500702, 12.8215456009, -7.50131225586, 6.00249147415, 35.0005226135, 108.291633606]],
        "icov": [[0.000673314265441, 8.67083290359e-05, 0.000658365839627, -0.000442458316684, 0.000543728936464, -0.000608712784015, 0.000299887353322, -0.000143069613841, -0.000207131641218, 0.000381288758945, -1.03007751022e-05, 0.00030298193451, 0.00027456387761], [8.67083290359e-05, 0.00336857838556, -0.00231902534142, 0.00275690178387, -0.00323848053813, 0.00327052222565, -0.00299980049022, 0.00398882897571, -0.00269795511849, 0.00213379203342, -0.000145351252286, 0.00111335120164, 0.000303409440676], [0.000658365839627, -0.00231902534142, 0.00459036137909, -0.00380773795769, 0.00336592295207, -0.0034351143986, 0.00342482654378, -0.00441228644922, 0.0031524982769, -0.00170934875496, 0.00123879988678, -0.0015944072511, 0.00101465720218], [-0.000442458316684, 0.00275690178387, -0.00380773795769, 0.00713311275467, -0.00392305059358, 0.00332888262346, -0.00314646982588, 0.00599795067683, -0.00563399773091, 0.00254918099381, 0.000445778801804, 0.000917650468182, -0.00115930545144], [0.000543728936464, -0.00323848053813, 0.00336592295207, -0.00392305059358, 0.00789643637836, -0.00352783175185, 0.00313608767465, -0.00623295363039, 0.00467034662142, -0.00266611948609, 0.00114139402285, -0.000830443517771, 3.93475966121e-05], [-0.000608712784015, 0.00327052222565, -0.0034351143986, 0.00332888262346, -0.00352783175185, 0.00822673086077, -0.00571903772652, 0.00490346131846, -0.00259484350681, 0.00193737400696, 0.000823189446237, -0.000106566003524, 0.00191804114729], [0.000299887353322, -0.00299980049022, 0.00342482654378, -0.00314646982588, 0.00313608767465, -0.00571903772652, 0.0100151486695, -0.00540937809274, 0.00482549052685, -0.00119601131883, -0.000445758196292, -0.000297637016047, 0.000678354525007], [-0.000143069613841, 0.00398882897571, -0.00441228644922, 0.00599795067683, -0.00623295363039, 0.00490346131846, -0.00540937809274, 0.0151467742398, -0.00835393369198, 0.00389866391197, -0.0017142809229, 0.00277773616835, -0.00110010348726], [-0.000207131641218, -0.00269795511849, 0.0031524982769, -0.00563399773091, 0.00467034662142, -0.00259484350681, 0.00482549052685, -0.00835393369198, 0.0143312215805, -0.00456303870305, 0.000977798714302, -0.000206677636015, -3.3184496715e-05], [0.000381288758945, 0.00213379203342, -0.00170934875496, 0.00254918099381, -0.00266611948609, 0.00193737400696, -0.00119601131883, 0.00389866391197, -0.00456303870305, 0.0116280242801, -0.00146632851101, 0.000425518635893, 0.00139190861955], [-1.03007751022e-05, -0.000145351252286, 0.00123879988678, 0.000445778801804, 0.00114139402285, 0.000823189446237, -0.000445758196292, -0.0017142809229, 0.000977798714302, -0.00146632851101, 0.00803143437952, -0.00282524526119, 0.00076160178287], [0.00030298193451, 0.00111335120164, -0.0015944072511, 0.000917650468182, -0.000830443517771, -0.000106566003524, -0.000297637016047, 0.00277773616835, -0.000206677636015, 0.000425518635893, -0.00282524526119, 0.0128973769024, -0.00448757736012], [0.00027456387761, 0.000303409440676, 0.00101465720218, -0.00115930545144, 3.93475966121e-05, 0.00191804114729, 0.000678354525007, -0.00110010348726, -3.3184496715e-05, 0.00139190861955, 0.00076160178287, -0.00448757736012, 0.0128183541819]]
    },
    "melbands": {
        "max": [0.00871432945132, 0.0150370616466, 0.00401501171291, 0.00265383394435, 0.00348697556183, 0.00378996296786, 0.00690534152091, 0.00519024627283, 0.00517139676958, 0.00507340952754, 0.00560200307518, 0.00246715638787, 0.00342933554202, 0.00493241520599, 0.00370629201643, 0.00434896443039, 0.00220439629629, 0.00180552282836, 0.000952053698711, 0.00128341186792, 0.00162373459898, 0.0015666638501, 0.00222341390327, 0.00191435823217, 0.000597937905695, 0.000789345765952, 0.000222463975661, 0.000686593120918, 0.000785287236795, 0.000296110170893, 0.000434126501204, 0.000317058817018, 0.000551996810827, 0.000209057106986, 0.000188979043742, 0.000260590604739, 0.000817838707007, 0.000246938376222, 8.6780921265e-05, 1.66667014128e-05],
        "mean": [0.000114728100016, 0.000279081927147, 0.000121524273709, 0.000131242384668, 0.00016870550462, 0.000152050779434, 0.000169771257788, 0.00010989067232, 0.000122874364024, 0.000128712199512, 0.000115337134048, 0.000118867334095, 9.31043323362e-05, 7.34080967959e-05, 7.36715155654e-05, 4.1882518417e-05, 3.04981967929e-05, 3.34813339578e-05, 2.32493548538e-05, 2.1846499294e-05, 2.60621964117e-05, 3.31427909259e-05, 3.43273568433e-05, 4.62844873255e-05, 3.68578621419e-05, 2.94186575047e-05, 1.63618533406e-05, 2.16579392145e-05, 1.9688912289e-05, 1.02327912828e-05, 1.27481698655e-05, 1.29778836708e-05, 1.15254260891e-05, 8.53569599713e-06, 5.68019095226e-06, 4.07298784921e-06, 3.390010761e-06, 1.61772857155e-06, 5.95677931869e-07, 2.02586832643e-07],
        "min": [9.0601889724e-07, 3.15624106406e-07, 6.45356834639e-08, 4.66971634694e-08, 1.37750774343e-07, 9.81854029192e-08, 2.75953127016e-08, 1.96322940127e-08, 5.71187825926e-08, 1.08402375076e-07, 8.94001050966e-09, 1.18149614536e-08, 1.45103333793e-08, 1.80859238696e-08, 1.54752068937e-08, 1.0214064261e-08, 3.82942317856e-08, 4.18523598e-08, 1.40624267786e-08, 1.44596166152e-08, 1.74634049444e-08, 4.56613129529e-08, 3.63967913586e-08, 5.80790171512e-08, 4.14956673467e-08, 3.36478400698e-08, 2.19519247224e-08, 2.02767367341e-08, 1.71620992973e-08, 1.06696163016e-08, 1.84629589395e-09, 6.1650333727e-09, 6.24079810052e-09, 6.49984377432e-09, 5.83289505585e-09, 6.12143757905e-09, 3.08913739033e-09, 1.18915044478e-09, 6.07508432449e-10, 6.32950358792e-10],
        "stdev": [0.000285979680484, 0.000743641518056, 0.000213833118323, 0.000215512423893, 0.00031028673402, 0.000344382337062, 0.000400342949433, 0.000314685632475, 0.000372779992176, 0.000374838185962, 0.000235074345255, 0.000228374759899, 0.000248511321843, 0.000230348305195, 0.000224134739256, 0.000142637858517, 9.71355257207e-05, 9.83467180049e-05, 6.28425477771e-05, 5.86931746511e-05, 7.73791762185e-05, 0.000100323224615, 8.338841144e-05, 9.11141687538e-05, 5.17898588441e-05, 4.94223895657e-05, 2.28579010582e-05, 3.39083781e-05, 3.72940485249e-05, 2.08039091376e-05, 3.29394024448e-05, 3.07932823489e-05, 3.11533876811e-05, 1.89890070033e-05, 1.18180014397e-05, 1.13220057756e-05, 1.50074038174e-05, 6.96410234013e-06, 2.20362858272e-06, 6.91633488259e-07]
    },
    "melbands128": {
        "max": [0.00325699918903, 0.0107301147655, 0.0123971486464, 0.0103921433911, 0.0237250700593, 0.0142863616347, 0.0063444217667, 0.002412061207, 0.00342773692682, 0.00298943510279, 0.0055866301991, 0.00555832311511, 0.00526165775955, 0.00782627891749, 0.00708801485598, 0.00597336515784, 0.00772294728085, 0.0123868789524, 0.00856435764581, 0.00904022995383, 0.0100448448211, 0.0113448370248, 0.00854391604662, 0.0130211329088, 0.0106656532735, 0.0059989686124, 0.00981183536351, 0.00813515298069, 0.00427551195025, 0.00490917731076, 0.00486656790599, 0.00750816706568, 0.00699780229479, 0.00887295603752, 0.00623285630718, 0.00828729849309, 0.00552255287766, 0.00729616405442, 0.00559002533555, 0.0119210705161, 0.00221066968516, 0.00351694901474, 0.00417001638561, 0.00430580507964, 0.00402750447392, 0.00361167918891, 0.00229217880405, 0.00181216944475, 0.00206012791023, 0.00235608313233, 0.00248645013198, 0.00171311711892, 0.00227712653577, 0.00205282098614, 0.00194701645523, 0.00231640622951, 0.00275838794187, 0.00450871279463, 0.00183044828009, 0.00130366533995, 0.00443731667474, 0.00276373303495, 0.000847744056955, 0.00131771923043, 0.00194986118004, 0.00140270404518, 0.000778364366852, 0.000572829216253, 0.000496673106682, 0.000403939018724, 0.000593963020947, 0.00201469776221, 0.00118948717136, 0.00173676072154, 0.0010092536686, 0.000338456040481, 0.000671540794428, 0.00061529118102, 0.000799413130153, 0.00125787721481, 0.000431013875641, 0.000665538886096, 0.000669891072903, 0.00100686075166, 0.000458333117422, 0.000587923568673, 0.000338215613738, 0.000384991813917, 0.000238493972574, 0.000249121396337, 0.000262891087914, 0.000416295661125, 0.000885986431967, 0.000981807825156, 0.000867478083819, 0.000209366044146, 0.00050690973876, 0.000113249094284, 0.000130470827571, 6.35678734398e-05, 3.16300502163e-05, 1.53526307258e-05, 4.95102585774e-06, 4.40391340817e-06, 2.4832750114e-06, 3.43065244124e-06, 1.91887306755e-06, 7.0212212222e-07, 4.74119275395e-07, 5.39066547844e-07, 4.76203297239e-07, 2.9205821761e-07, 1.9290489206e-07, 1.80596387622e-07, 1.51171946072e-07, 1.40450964636e-07, 2.63096637809e-07, 4.19284118536e-09, 4.05458067121e-09, 3.91266441468e-09, 3.81767017998e-09, 3.71175779001e-09, 3.62089203065e-09, 3.53517304319e-09, 3.49436524161e-09, 3.43969031036e-09, 3.39640537916e-09, 3.39035977071e-09],
        "mean": [3.90497480112e-05, 8.00948109827e-05, 0.000123408739455, 0.000222347603994, 0.000354891788447, 0.000287585018668, 0.000124730620882, 8.236530266e-05, 9.00810482563e-05, 0.000117114461318, 0.000173084015842, 0.000175775116077, 0.000152714375872, 0.000184682678082, 0.000152161199367, 0.000130650558276, 0.000156476075063, 0.000208966928767, 0.000140115327667, 0.000112186557089, 9.54083152465e-05, 9.90175321931e-05, 0.000101789046312, 0.000184615812032, 0.000151767599164, 8.70417788974e-05, 0.000124151905766, 8.47736882861e-05, 0.00015385876759, 0.000141683645779, 8.96415585885e-05, 0.000103992315417, 0.000118010357255, 4.85391610709e-05, 0.000101088633528, 7.1637579822e-05, 4.34177236457e-05, 9.28099470912e-05, 7.56937588449e-05, 5.61130109418e-05, 2.74810063274e-05, 3.29883587256e-05, 3.12231895805e-05, 2.33431328525e-05, 4.4575172069e-05, 3.4370317735e-05, 2.43235990638e-05, 1.99410569621e-05, 2.23658935283e-05, 3.09005154122e-05, 1.71227238752e-05, 1.77587953658e-05, 3.35476470354e-05, 2.69660395134e-05, 1.50045825649e-05, 3.45566259057e-05, 5.08621888002e-05, 3.3984248148e-05, 2.84991219814e-05, 3.0477245673e-05, 5.05160205648e-05, 5.92320575379e-05, 3.59599143849e-05, 2.50598968705e-05, 4.67853169539e-05, 3.04131317534e-05, 2.10727102967e-05, 1.58195762197e-05, 1.39660796776e-05, 1.77300062205e-05, 2.34537983488e-05, 2.316073369e-05, 2.1097373974e-05, 2.21195004997e-05, 1.41796181197e-05, 8.29115106171e-06, 9.25320091483e-06, 1.11382423711e-05, 1.12393499876e-05, 1.94448184629e-05, 8.29490181786e-06, 1.40718839248e-05, 1.40849651871e-05, 1.21117118397e-05, 8.32005844131e-06, 7.12935070624e-06, 1.00358674899e-05, 9.24010510062e-06, 4.26812903243e-06, 4.27087024946e-06, 3.78591312256e-06, 4.09519134337e-06, 4.39017730969e-06, 3.63020808436e-06, 2.76414971268e-06, 1.88299304682e-06, 1.63169886491e-06, 7.69974235482e-07, 5.46632008991e-07, 5.78088247494e-07, 2.76161301827e-07, 1.29314528863e-07, 1.05095828928e-07, 6.35857446696e-08, 5.5537981325e-08, 5.64955087157e-08, 3.12134140756e-08, 1.53252059931e-08, 8.11543277024e-09, 5.72458791481e-09, 4.66987870595e-09, 2.14612305705e-09, 8.70874872216e-10, 3.77254283368e-10, 2.52365017772e-10, 1.01152508591e-09, 2.08198946972e-09, 4.66212398548e-12, 3.30671471108e-12, 3.22372098634e-12, 3.14970272086e-12, 3.08338402553e-12, 3.01082184358e-12, 2.94404236233e-12, 2.91497208316e-12, 2.88490889164e-12, 2.86179760445e-12, 2.84337332325e-12],
        "min": [9.06213237784e-09, 1.83723898317e-07, 2.90277625936e-07, 1.64579574857e-07, 6.95765152159e-08, 4.12817087181e-08, 2.74027662783e-08, 3.19488471234e-08, 5.31868860065e-09, 9.20385989645e-09, 1.15798242106e-08, 5.65670887909e-09, 2.74156075619e-08, 1.56078726832e-07, 3.7692345245e-08, 5.70880231976e-09, 9.35041377659e-09, 3.16876835882e-09, 3.62274743537e-09, 1.0710194509e-08, 1.06915925002e-08, 1.36411610896e-08, 9.43180999968e-09, 5.00820505067e-08, 3.97354220638e-08, 1.86117676826e-09, 5.72350788985e-09, 2.2453892079e-09, 4.96939767114e-10, 2.03152805689e-09, 9.98208804504e-09, 1.0472284373e-08, 1.45593483936e-08, 2.6934561248e-09, 1.16008269657e-09, 2.21318074978e-09, 3.01996494478e-09, 4.95995378103e-09, 1.0108918147e-08, 5.18637799374e-09, 3.01358982213e-09, 3.51481466154e-09, 5.24920373834e-09, 2.48877576325e-08, 1.9362730086e-08, 6.39826414073e-09, 2.1077317669e-09, 4.10103195847e-09, 1.05013953089e-08, 6.9225793986e-09, 4.81430406651e-09, 4.58580107221e-09, 8.43520364668e-09, 1.83362647288e-09, 5.81687409351e-09, 9.45337674807e-09, 1.48807490774e-08, 5.16069054157e-09, 4.33119318188e-09, 1.15235456732e-08, 2.95399580352e-08, 1.87735782475e-08, 1.62898103895e-08, 8.21079115809e-09, 1.38296698537e-08, 1.81852559678e-08, 2.6720087476e-08, 5.75141179127e-09, 8.64013216528e-09, 4.79883688342e-09, 1.03337649549e-08, 1.52617918303e-08, 5.6686397798e-09, 1.83464834436e-08, 8.53045545313e-09, 7.93277443734e-09, 2.05581707213e-09, 2.87475904193e-10, 3.0840377474e-10, 1.92170793167e-10, 7.03880287389e-10, 2.72911648835e-09, 5.77021053161e-09, 4.7147583615e-09, 3.06291436658e-09, 3.71568420476e-09, 1.80432468966e-09, 3.19515747194e-10, 2.94552493507e-09, 4.95859975302e-09, 2.27030949596e-09, 2.42996578415e-09, 5.06888664376e-09, 2.12510786746e-09, 1.20084864275e-09, 6.16368289741e-10, 3.63929442138e-11, 1.69189900805e-12, 2.59442380773e-11, 5.13718234618e-10, 1.93008803384e-10, 2.2850125958e-10, 5.94615814919e-11, 1.22242992638e-12, 1.138754889e-12, 1.14594632394e-10, 1.03266982639e-12, 3.94248923872e-13, 5.49443520195e-13, 3.54074489997e-13, 2.84536310529e-13, 1.76061625673e-13, 1.94285166839e-13, 1.62888975854e-13, 1.49239995362e-13, 1.84203740043e-13, 1.54976061823e-13, 1.74812678981e-13, 1.46194728957e-13, 1.85070193762e-13, 1.77634410002e-13, 1.82777092615e-13, 1.91752118199e-13, 1.98237110863e-13, 1.91670179619e-13, 1.73521692349e-13, 1.74874925738e-13, 2.08577716188e-13],
        "stdev": [0.000109993292426, 0.000353032140993, 0.000362804945325, 0.000525059236679, 0.00110927387141, 0.000846982176881, 0.000278428487945, 0.000160302617587, 0.000184010335943, 0.00022110149439, 0.000393732334487, 0.00042316224426, 0.000396899122279, 0.000549577409402, 0.000471642764751, 0.000458885449916, 0.000412286171922, 0.000651694717817, 0.000454079709016, 0.000437014939962, 0.000439918600023, 0.000500107009429, 0.000437883398263, 0.000719197501894, 0.000712937559001, 0.000296779384371, 0.000391370180296, 0.000304493150907, 0.000362733146176, 0.000341506005498, 0.000322438514559, 0.000367915054085, 0.000416426861193, 0.00026778987376, 0.000347606575815, 0.000353214039933, 0.000208137425943, 0.000391430425225, 0.000274074729532, 0.00033328239806, 0.000119150070532, 0.000149377287016, 0.000148115635966, 0.000141207681736, 0.000175891109393, 0.000143159166328, 0.000108526925032, 9.14652628126e-05, 8.80388397491e-05, 0.000121029443108, 7.90620761109e-05, 7.13651097612e-05, 0.000110955050332, 0.000112476001959, 6.91761888447e-05, 0.000141964148497, 0.000198666573851, 0.000139468524139, 8.78273494891e-05, 8.90772644198e-05, 0.000159106566571, 0.000142542819958, 8.46934126457e-05, 5.78803155804e-05, 0.000105389939563, 7.40458635846e-05, 4.83186195197e-05, 3.38932004524e-05, 2.86973736365e-05, 3.4855598642e-05, 4.59703587694e-05, 6.07975271123e-05, 5.33801685378e-05, 5.70913034608e-05, 4.23590754508e-05, 2.01433522307e-05, 3.09648494294e-05, 3.16279110848e-05, 4.20170035795e-05, 7.73066640249e-05, 2.24776831601e-05, 5.04641902808e-05, 4.83377771161e-05, 4.47381207778e-05, 2.28785102081e-05, 2.49407112278e-05, 2.63458678091e-05, 2.49800086749e-05, 1.01422438092e-05, 1.25476626636e-05, 1.1039893252e-05, 1.29178379211e-05, 1.7624017346e-05, 1.78238569788e-05, 1.59648534463e-05, 7.8084440247e-06, 9.93286994344e-06, 3.02723037748e-06, 2.63557740254e-06, 2.50737275564e-06, 1.10943062737e-06, 4.83374492433e-07, 3.12777956424e-07, 1.83619917493e-07, 1.6824058946e-07, 1.8516495004e-07, 9.31957870876e-08, 4.08228615356e-08, 2.27516263607e-08, 1.78293433351e-08, 1.50486041406e-08, 1.15275646806e-08, 9.22096621281e-09, 5.43719824719e-09, 4.03641164937e-09, 7.11287606592e-09, 1.47670444761e-08, 6.80928299857e-11, 6.2625266084e-11, 6.04335539944e-11, 5.89642362714e-11, 5.73293461315e-11, 5.59255038113e-11, 5.46022289882e-11, 5.39693741086e-11, 5.31245047952e-11, 5.24580795469e-11, 5.23643142736e-11]
    },
    "mfcc": {
        "mean": [-651.404907227, 79.6887893677, -18.5463848114, 32.4108810425, -17.2976760864, 2.06954431534, -3.18412399292, 14.60019207, -10.9682636261, 6.64572095871, -8.07965183258, 0.947897195816, -5.42432928085],
        "cov": [[3276.76318359, -977.829467773, -209.885894775, -300.573028564, -248.554412842, 131.912017822, -112.396774292, 56.9497489929, 33.5956459045, -27.1690483093, 118.196479797, -27.6797294617, 43.1149597168], [-977.829467773, 1148.53466797, -122.469322205, 108.259628296, 57.9581871033, -72.795715332, 99.3794937134, -8.66722774506, -32.8759727478, 27.1940288544, -83.9892883301, 12.0491714478, -10.4311313629], [-209.885894775, -122.469322205, 695.875, 79.4450836182, 13.0711145401, 123.604606628, -84.5701293945, 22.3685684204, 82.1516189575, -66.0754776001, 5.58045101166, 10.6842327118, 5.38718748093], [-300.573028564, 108.259628296, 79.4450836182, 364.619384766, 116.938041687, -47.4728431702, -91.8005523682, -38.1993370056, 48.9970169067, 10.0059976578, -87.1035995483, 32.4920921326, 13.2009916306], [-248.554412842, 57.9581871033, 13.0711145401, 116.938041687, 264.081268311, -53.0931930542, -35.1384048462, -10.7023639679, 33.3988418579, 39.0410728455, -56.3016738892, 24.8928318024, 3.63713669777], [131.912017822, -72.795715332, 123.604606628, -47.4728431702, -53.0931930542, 288.245758057, 50.2588615417, 33.1474952698, 54.6419181824, -53.2052650452, 50.6644210815, -43.6939239502, 11.4713754654], [-112.396774292, 99.3794937134, -84.5701293945, -91.8005523682, -35.1384048462, 50.2588615417, 243.628646851, 65.4691925049, -39.905216217, 14.1897630692, 16.6487770081, -15.0094652176, 3.52180624008], [56.9497489929, -8.66722774506, 22.3685684204, -38.1993370056, -10.7023639679, 33.1474952698, 65.4691925049, 148.866012573, 22.6537895203, 0.772966980934, -3.48013973236, -12.8688087463, 9.41934394836], [33.5956459045, -32.8759727478, 82.1516189575, 48.9970169067, 33.3988418579, 54.6419181824, -39.905216217, 22.6537895203, 154.41204834, 13.6971063614, -8.30967140198, -20.5210266113, 3.38482069969], [-27.1690483093, 27.1940288544, -66.0754776001, 10.0059976578, 39.0410728455, -53.2052650452, 14.1897630692, 0.772966980934, 13.6971063614, 155.255203247, -4.0411233902, -8.61360836029, -18.1438770294], [118.196479797, -83.9892883301, 5.58045101166, -87.1035995483, -56.3016738892, 50.6644210815, 16.6487770081, -3.48013973236, -8.30967140198, -4.0411233902, 161.923049927, 17.5371570587, -19.4573574066], [-27.6797294617, 12.0491714478, 10.6842327118, 32.4920921326, 24.8928318024, -43.6939239502, -15.0094652176, -12.8688087463, -20.5210266113, -8.61360836029, 17.5371570587, 125.809402466, 26.8580665588], [43.1149597168, -10.4311313629, 5.38718748093, 13.2009916306, 3.63713669777, 11.4713754654, 3.52180624008, 9.41934394836, 3.38482069969, -18.1438770294, -19.4573574066, 26.8580665588, 110.676834106]],
        "icov": [[0.00051001063548, 0.000378757249564, 0.000293440651149, 0.000236389125348, 0.000331883464241, -0.000224162708037, 0.000405884813517, -0.000243287722697, -0.000117097872135, -7.63781936257e-05, 6.80869925418e-05, -0.000131743043312, -0.000150342064444], [0.000378757249564, 0.00129310169723, 0.000325983128278, -0.000165635065059, 0.000203009491088, -3.00050651276e-05, -0.000314300705213, -9.29233647184e-06, -4.52466010756e-05, -2.66338520305e-05, 0.000438829243649, -0.000208348821616, 0.000110170287371], [0.000293440651149, 0.000325983128278, 0.00199302681722, -0.000193853746168, 0.000153868168127, -0.000898564583622, 0.000832381367218, -0.000573053199332, -0.000516278494615, 0.000476539571537, 7.84997173469e-05, -0.000488446676172, 0.000179127746378], [0.000236389125348, -0.000165635065059, -0.000193853746168, 0.00428365077823, -0.00085773144383, -9.73893693299e-05, 0.0011305619264, 0.000589318980929, -0.000951846246608, -0.000152968830662, 0.00173519831151, -0.00108021835331, -8.58191342559e-05], [0.000331883464241, 0.000203009491088, 0.000153868168127, -0.00085773144383, 0.00511149549857, 0.000219355526497, 0.000280988344457, -8.80470397533e-05, -0.000926414038986, -0.00102698605042, 0.00112740241457, -0.00104971800465, 0.000105411498225], [-0.000224162708037, -3.00050651276e-05, -0.000898564583622, -9.73893693299e-05, 0.000219355526497, 0.00558858178556, -0.001785824541, 0.000221131165745, -0.00193293974735, 0.00174856209196, -0.0017304419307, 0.00198916089721, -0.000849757459946], [0.000405884813517, -0.000314300705213, 0.000832381367218, 0.0011305619264, 0.000280988344457, -0.001785824541, 0.00664387643337, -0.00277165882289, 0.00182911125012, -0.00107607187238, 7.1468144597e-05, -0.000119786403957, -0.000353478098987], [-0.000243287722697, -9.29233647184e-06, -0.000573053199332, 0.000589318980929, -8.80470397533e-05, 0.000221131165745, -0.00277165882289, 0.00854573585093, -0.00179692707025, 0.000120632343169, 0.000713505025487, 0.000194258784177, -0.000454602239188], [-0.000117097872135, -4.52466010756e-05, -0.000516278494615, -0.000951846246608, -0.000926414038986, -0.00193293974735, 0.00182911125012, -0.00179692707025, 0.0089942747727, -0.00152614573017, -0.000132605040562, 0.00127073517069, -0.000351414695615], [-7.63781936257e-05, -2.66338520305e-05, 0.000476539571537, -0.000152968830662, -0.00102698605042, 0.00174856209196, -0.00107607187238, 0.000120632343169, -0.00152614573017, 0.00786964595318, -0.000716975948308, 0.000877637066878, 0.00089654896874], [6.80869925418e-05, 0.000438829243649, 7.84997173469e-05, 0.00173519831151, 0.00112740241457, -0.0017304419307, 7.1468144597e-05, 0.000713505025487, -0.000132605040562, -0.000716975948308, 0.00876406952739, -0.00294937402941, 0.00202635442838], [-0.000131743043312, -0.000208348821616, -0.000488446676172, -0.00108021835331, -0.00104971800465, 0.00198916089721, -0.000119786403957, 0.000194258784177, 0.00127073517069, 0.000877637066878, -0.00294937402941, 0.0104734506458, -0.00295519293286], [-0.000150342064444, 0.000110170287371, 0.000179127746378, -8.58191342559e-05, 0.000105411498225, -0.000849757459946, -0.000353478098987, -0.000454602239188, -0.000351414695615, 0.00089654896874, 0.00202635442838, -0.00295519293286, 0.0104714334011]]
    },
    "spectral_contrast_coeffs": {
        "max": [-0.463595837355, -0.391095072031, -0.439720392227, -0.492732852697, -0.532507121563, -0.513142824173],
        "mean": [-0.715948224068, -0.738808333874, -0.716827690601, -0.76825517416, -0.747086048126, -0.699134767056],
        "min": [-0.908247172832, -0.935567438602, -0.915922701359, -0.909489154816, -0.885745763779, -0.85267663002],
        "stdev": [0.0724939405918, 0.0937956348062, 0.0838234871626, 0.0692088827491, 0.0663205757737, 0.053671784699]
    },
    "spectral_contrast_valleys": {
        "max": [-5.84936857224, -5.50722455978, -5.95709753036, -5.74168634415, -5.62956237793, -7.69428443909],
        "mean": [-7.65719747543, -7.35905408859, -7.89962720871, -8.00236797333, -7.34793663025, -10.52318573],
        "min": [-10.2044439316, -10.2194385529, -10.897942543, -10.5408630371, -9.61143016815, -12.4950170517],
        "stdev": [0.619530558586, 0.693603634834, 0.707809209824, 0.650063812733, 0.61552220583, 0.810061335564]
    }
},
"rhythm": {
    "beats_count": 189,
    "beats_loudness": {
        "max": 0.0618793778121,
        "mean": 0.0188023466617,
        "min": 0.00265969592147,
        "stdev": 0.0100747868419
    },
    "bpm": 117.353469849,
    "bpm_histogram_first_peak_bpm": 117,
    "bpm_histogram_first_peak_weight": 0.518518567085,
    "bpm_histogram_second_peak_bpm": 112,
    "bpm_histogram_second_peak_spread": 0.0434782505035,
    "bpm_histogram_second_peak_weight": 0.117021277547,
    "danceability": 1.53514492512,
    "onset_rate": 4.14307117462,
    "beats_loudness_band_ratio": {
        "max": [0.826390683651, 0.734403252602, 0.854887127876, 0.789067804813, 0.630179405212, 0.913242816925],
        "mean": [0.0791009441018, 0.104350954294, 0.175370529294, 0.216117754579, 0.190882563591, 0.255321621895],
        "min": [0.00211594393477, 0.00212958711199, 0.00282000401057, 0.00230815657414, 0.00462793279439, 0.0266380812973],
        "stdev": [0.116209939122, 0.127584084868, 0.162988319993, 0.184129029512, 0.147994711995, 0.177389711142]
    },
