{
"metadata": {
    "version": {
        "essentia": "2.1-beta5",
        "essentia_git_sha": "Undefined",
        "extractor": "music 2.0"
    },
    "audio_properties": {
        "analysis": {
            "equal_loudness": 0,
            "length": 48.7502937317,
            "sample_rate": 44100,
            "start_time": 45.2440834045,
            "downmix": "mix"
        },
        "bit_rate": 192000,
        "length": 144.88092041,
        "lossless": 0,
        "number_channels": 2,
        "replay_gain": -6.95402526855,
        "sample_rate": 48000,
        "codec": "mp3",
        "md5_encoded": "8d8a4d991b1bb16a2e4659619a093858"
    },
    "tags": {
        "file_name": "Luxembourg_Petit Bonhomme_Camillo Felgen.mp3",
        "encoding": ["Lavf58.29.100"]
    }
},
"lowlevel": {
    "average_loudness": 0.872967123985,
    "barkbands_crest": {
        "max": 23.8433036804,
        "mean": 9.54261302948,
        "min": 2.74085378647,
        "stdev": 3.72722959518
    },
    "barkbands_flatness_db": {
        "max": 0.348584741354,
        "mean": 0.184062600136,
        "min": 0.0928055122495,
        "stdev": 0.0317491926253
    },
    "barkbands_kurtosis": {
        "max": 197.846557617,
        "mean": 3.82942581177,
        "min": -1.79738998413,
        "stdev": 6.44028043747
    },
    "barkbands_skewness": {
        "max": 12.4365816116,
        "mean": 1.57523047924,
        "min": -1.14214253426,
        "stdev": 0.886202633381
    },
    "barkbands_spread": {
        "max": 91.262840271,
        "mean": 18.0612602234,
        "min": 1.15398573875,
        "stdev": 10.4545631409
    },
    "dissonance": {
        "max": 0.499670982361,
        "mean": 0.445608377457,
        "min": 0.306260615587,
        "stdev": 0.0311376154423
    },
    "dynamic_complexity": 3.15963602066,
    "erbbands_crest": {
        "max": 27.5161724091,
        "mean": 9.86319255829,
        "min": 2.4157037735,
        "stdev": 3.92427182198
    },
    "erbbands_flatness_db": {
        "max": 0.350761979818,
        "mean": 0.212900742888,
        "min": 0.100101694465,
        "stdev": 0.0436338558793
    },
    "erbbands_kurtosis": {
        "max": 19.8533401489,
        "mean": 0.618671119213,
        "min": -1.80690765381,
        "stdev": 2.21004629135
    },
    "erbbands_skewness": {
        "max": 3.12193727493,
        "mean": 0.747420489788,
        "min": -3.8536837101,
        "stdev": 0.849546194077
    },
    "erbbands_spread": {
        "max": 118.70425415,
        "mean": 37.5317649841,
        "min": 8.27400779724,
        "stdev": 18.2015838623
    },
    "hfc": {
        "max": 78.9182434082,
        "mean": 15.9679632187,
        "min": 0.0526575408876,
        "stdev": 13.7484331131
    },
    "loudness_ebu128": {
        "integrated": -18.2137145996,
        "loudness_range": 5.20148658752,
        "momentary": {
            "max": -13.5594043732,
            "mean": -19.2425918579,
            "min": -34.1314849854,
            "stdev": 3.25416970253
        },
        "short_term": {
            "max": -15.8569097519,
            "mean": -18.6914253235,
            "min": -25.7561168671,
            "stdev": 2.06549358368
        }
    },
    "melbands_crest": {
        "max": 36.6785583496,
        "mean": 12.8984079361,
        "min": 4.61326646805,
        "stdev": 4.59278917313
    },
    "melbands_flatness_db": {
        "max": 0.42843362689,
        "mean": 0.195816278458,
        "min": 0.0659023299813,
        "stdev": 0.0412939153612
    },
    "melbands_kurtosis": {
        "max": 321.007904053,
        "mean": 11.2969083786,
        "min": -1.64175224304,
        "stdev": 14.4715614319
    },
    "melbands_skewness": {
        "max": 12.4493188858,
        "mean": 2.36088109016,
        "min": 0.00924648251384,
        "stdev": 1.19905102253
    },
    "melbands_spread": {
        "max": 157.747497559,
        "mean": 19.9906463623,
        "min": 0.806788086891,
        "stdev": 13.0388879776
    },
    "pitch_salience": {
        "max": 0.874987244606,
        "mean": 0.608827292919,
        "min": 0.156816929579,
        "stdev": 0.0975006371737
    },
    "silence_rate_20dB": {
        "max": 1,
        "mean": 1,
        "min": 1,
        "stdev": 0
    },
    "silence_rate_30dB": {
        "max": 1,
        "mean": 1,
        "min": 1,
        "stdev": 0
    },
    "silence_rate_60dB": {
        "max": 1,
        "mean": 0.0447405986488,
        "min": 0,
        "stdev": 0.206730499864
    },
    "spectral_centroid": {
        "max": 4223.24462891,
        "mean": 1213.50927734,
        "min": 352.719421387,
        "stdev": 496.492797852
    },
    "spectral_complexity": {
        "max": 37,
        "mean": 15.290813446,
        "min": 0,
        "stdev": 6.22004127502
    },
    "spectral_decrease": {
        "max": -2.5032833445e-11,
        "mean": -4.49370496369e-09,
        "min": -1.66582623251e-08,
        "stdev": 3.1116329513e-09
    },
    "spectral_energy": {
        "max": 0.0674286708236,
        "mean": 0.0184086430818,
        "min": 9.94976726361e-05,
        "stdev": 0.0128299854696
    },
    "spectral_energyband_high": {
        "max": 0.0105610657483,
        "mean": 0.000379396544304,
        "min": 2.87409216071e-06,
        "stdev": 0.000670600216836
    },
    "spectral_energyband_low": {
        "max": 0.0259679052979,
        "mean": 0.00199339026585,
        "min": 5.04478703078e-06,
        "stdev": 0.00251629715785
    },
    "spectral_energyband_middle_high": {
        "max": 0.0243083760142,
        "mean": 0.00423544598743,
        "min": 4.70664554086e-06,
        "stdev": 0.00452469056472
    },
    "spectral_energyband_middle_low": {
        "max": 0.0504642389715,
        "mean": 0.0123762106523,
        "min": 1.5806816009e-05,
        "stdev": 0.00954650528729
    },
    "spectral_entropy": {
        "max": 8.4200668335,
        "mean": 7.36346817017,
        "min": 6.51608133316,
        "stdev": 0.312956571579
    },
    "spectral_flux": {
        "max": 0.214569225907,
        "mean": 0.0679833441973,
        "min": 0.00583669729531,
        "stdev": 0.0346923060715
    },
    "spectral_kurtosis": {
        "max": 22.6793193817,
        "mean": 3.33654904366,
        "min": -0.905879020691,
        "stdev": 2.86040687561
    },
    "spectral_rms": {
        "max": 0.00811073835939,
        "mean": 0.0039755566977,
        "min": 0.000311562034767,
        "stdev": 0.00146785285324
    },
    "spectral_rolloff": {
        "max": 7407.421875,
        "mean": 1360.13635254,
        "min": 64.599609375,
        "stdev": 1055.79589844
    },
    "spectral_skewness": {
        "max": 3.35360145569,
        "mean": 1.27350378036,
        "min": -0.00297253532335,
        "stdev": 0.392004728317
    },
    "spectral_spread": {
        "max": 24672636,
        "mean": 3903635.25,
        "min": 1878426,
        "stdev": 1223421
    },
    "spectral_strongpeak": {
        "max": 8.4486989975,
        "mean": 1.19390666485,
        "min": 0.00889887940139,
        "stdev": 1.03058636189
    },
    "zerocrossingrate": {
        "max": 0.21728515625,
        "mean": 0.0533825494349,
        "min": 0.0087890625,
        "stdev": 0.021555621177
    },
    "barkbands": {
        "max": [0.000898622442037, 0.00891199894249, 0.0215643588454, 0.0102962888777, 0.00887525640428, 0.0320985391736, 0.0437438674271, 0.0448428541422, 0.0323442816734, 0.0119821690023, 0.00790526904166, 0.0119255622849, 0.00888930168003, 0.00690910965204, 0.00618013413623, 0.00609114067629, 0.00823855306953, 0.0114135220647, 0.0021476035472, 0.00214868760668, 0.00303242518567, 0.00196057674475, 0.00368769303896, 0.00206227437593, 9.43337872741e-05, 3.52086118482e-07, 3.66987109146e-07],
        "mean": [9.33791397983e-06, 0.000630490540061, 0.00100173812825, 0.000781954848208, 0.00110439176206, 0.00223303982057, 0.00261319964193, 0.00375643162988, 0.0015330533497, 0.000667002866976, 0.000470576051157, 0.000544612819795, 0.00027459312696, 0.000202245035325, 0.0001845703664, 0.000347838795278, 0.000667901651468, 0.000821007182822, 0.00015665133833, 8.25814058771e-05, 9.69712491496e-05, 8.96108103916e-05, 9.44403291214e-05, 4.12704757764e-05, 3.13026635013e-06, 9.6721164411e-10, 1.00670338732e-09],
        "min": [2.22726761478e-08, 1.40526094583e-06, 8.18853436613e-07, 7.81661867677e-07, 1.09990571673e-06, 2.49842082667e-06, 9.13608459996e-07, 1.04993137029e-06, 2.90305877115e-07, 1.5551472643e-07, 2.09562685427e-07, 1.54752029857e-07, 1.86143495284e-07, 3.77641981686e-07, 1.53972649741e-07, 1.78258062533e-07, 2.53440560982e-07, 1.94667080677e-07, 2.39292489823e-07, 4.65868055244e-07, 3.42500470651e-07, 5.45390093976e-07, 4.20461532258e-07, 2.96355040064e-07, 1.15224786157e-07, 2.49542001646e-11, 3.09544612165e-11],
        "stdev": [3.41085724358e-05, 0.000844151363708, 0.00206218031235, 0.00101538305171, 0.00109356665052, 0.00299493572675, 0.00449992530048, 0.00669537950307, 0.00314545142464, 0.0011079676915, 0.000935667951126, 0.00123765075114, 0.000587264425121, 0.000614457181655, 0.00041768833762, 0.000616802659351, 0.00103966030292, 0.00136654963717, 0.000220649599214, 0.00013835511345, 0.000189741622307, 0.000141165102832, 0.000210475947824, 0.000116436058306, 6.83130429024e-06, 9.92236870445e-09, 1.02853805473e-08]
    },
    "erbbands": {
        "max": [0.172547549009, 2.32232522964, 21.4394283295, 22.1217937469, 27.2059688568, 38.3568840027, 160.533706665, 384.675018311, 612.591369629, 710.738708496, 1121.72509766, 861.679992676, 450.517700195, 322.347442627, 363.398345947, 512.192321777, 482.69418335, 406.646270752, 338.387145996, 199.547515869, 298.788726807, 669.048278809, 541.45300293, 292.545196533, 136.832977295, 116.354217529, 112.781669617, 110.255775452, 64.604133606, 101.103050232, 114.492538452, 62.3743896484, 23.9079685211, 2.95637631416, 0.159726753831, 0.00646320683882, 0.00075449194992, 0.000231554775382, 6.24304666417e-05, 7.97559478087e-05],
        "mean": [0.00837087538093, 0.186981126666, 1.0419716835, 1.93686509132, 3.26362228394, 3.64605975151, 7.61802577972, 22.1084632874, 34.4075775146, 57.0637893677, 77.3411178589, 37.3746871948, 23.7264709473, 16.8822689056, 21.4874172211, 21.969291687, 13.7370624542, 12.019197464, 8.88595104218, 11.9138555527, 24.2398929596, 38.0675125122, 47.6931228638, 19.3082847595, 4.93449115753, 4.18133640289, 3.28998708725, 4.55091285706, 2.99338746071, 3.37722277641, 2.31673574448, 1.41622579098, 0.401533871889, 0.0713926032186, 0.00745994225144, 0.000256497762166, 3.15127981594e-05, 7.82182178227e-06, 1.14714148367e-05, 2.24295072258e-05],
        "min": [4.61608142359e-05, 0.000429740699474, 0.00204898742959, 0.00385569501668, 0.00756882503629, 0.00527515634894, 0.0116949779913, 0.0210094172508, 0.00690364884213, 0.0135511960834, 0.0198898781091, 0.00631120195612, 0.00446410756558, 0.00749652087688, 0.0096137188375, 0.00687670521438, 0.00885465182364, 0.0223580114543, 0.0201573558152, 0.010400983505, 0.012987931259, 0.0136475330219, 0.0131572736427, 0.0111574539915, 0.015656221658, 0.0239091236144, 0.0192664004862, 0.0145204477012, 0.0154078826308, 0.0139634096995, 0.0115197552368, 0.00736811803654, 0.00451254099607, 0.00226502958685, 0.00036091770744, 1.06750057967e-05, 8.72644307037e-07, 1.47309791032e-07, 7.98205164187e-08, 1.21880503912e-07],
        "stdev": [0.0133240465075, 0.241074681282, 1.89994037151, 2.33978629112, 3.53741526604, 4.32062387466, 11.0362911224, 32.3831825256, 56.2012214661, 93.2428588867, 140.485992432, 73.1875839233, 39.8052711487, 29.4094104767, 39.3642349243, 51.7857284546, 27.170955658, 31.3872318268, 22.1212177277, 21.0750160217, 40.0783348083, 59.0586929321, 76.7359924316, 33.4266662598, 6.87730503082, 7.16610336304, 6.33792495728, 8.05635356903, 4.71302747726, 6.28725767136, 5.54528474808, 3.79442310333, 1.18738770485, 0.172525495291, 0.0149738974869, 0.000506296812091, 5.26249277755e-05, 1.25494416352e-05, 8.05763556855e-06, 1.55146790348e-05]
    },
    "gfcc": {
        "mean": [-46.3838043213, 131.975982666, -156.266296387, 50.9950294495, -92.8827896118, 1.52427887917, -34.8470802307, -3.41909337044, 2.85336065292, -24.5599746704, 5.26651716232, -15.5799760818, -3.71182107925],
        "cov": [[1959.58044434, -201.87399292, -753.383483887, -167.131271362, 104.251693726, -250.359939575, -142.47442627, 32.1530609131, 136.392990112, -175.467071533, -28.1632385254, 70.7045059204, -156.872207642], [-201.87399292, 423.5965271, 4.31838798523, -168.577041626, 108.165237427, -76.445892334, 73.5074691772, 14.6401309967, 46.8183479309, -29.6608352661, 51.9647140503, 9.25562953949, 6.69092082977], [-753.383483887, 4.31838798523, 893.43359375, 390.321777344, -157.274673462, 311.509002686, 6.87345933914, -24.03515625, -145.388519287, 110.723213196, 20.8917732239, -63.8212928772, 97.1439361572], [-167.131271362, -168.577041626, 390.321777344, 419.083557129, 43.1594429016, 152.330505371, -119.057662964, -49.5420875549, -55.8000602722, 81.2187576294, -5.90644025803, -39.6481781006, 36.0784721375], [104.251693726, 108.165237427, -157.274673462, 43.1594429016, 314.719390869, -83.5018157959, -128.25843811, -8.57501125336, 89.7405853271, -0.318736433983, 28.9678192139, 9.28776264191, -52.6988830566], [-250.359939575, -76.445892334, 311.509002686, 152.330505371, -83.5018157959, 276.442047119, 63.914516449, -27.0235309601, -81.3629302979, 73.2911453247, -4.7781701088, -44.0449981689, 45.3752365112], [-142.47442627, 73.5074691772, 6.87345933914, -119.057662964, -128.25843811, 63.914516449, 261.12902832, 66.3818206787, -29.9517250061, -17.4860935211, -9.77766609192, 12.0118093491, 32.8478813171], [32.1530609131, 14.6401309967, -24.03515625, -49.5420875549, -8.57501125336, -27.0235309601, 66.3818206787, 108.685569763, 28.8403778076, -32.8772773743, 7.49858665466, 26.8192844391, -8.97695064545], [136.392990112, 46.8183479309, -145.388519287, -55.8000602722, 89.7405853271, -81.3629302979, -29.9517250061, 28.8403778076, 106.850189209, 5.35451698303, 15.1910495758, 19.0702590942, -28.5523815155], [-175.467071533, -29.6608352661, 110.723213196, 81.2187576294, -0.318736433983, 73.2911453247, -17.4860935211, -32.8772773743, 5.35451698303, 117.722587585, 33.231880188, -28.8722686768, 24.9256038666], [-28.1632385254, 51.9647140503, 20.8917732239, -5.90644025803, 28.9678192139, -4.7781701088, -9.77766609192, 7.49858665466, 15.1910495758, 33.231880188, 73.3342971802, 24.5140037537, -4.00586891174], [70.7045059204, 9.25562953949, -63.8212928772, -39.6481781006, 9.28776264191, -44.0449981689, 12.0118093491, 26.8192844391, 19.0702590942, -28.8722686768, 24.5140037537, 68.6640777588, 8.16753101349], [-156.872207642, 6.69092082977, 97.1439361572, 36.0784721375, -52.6988830566, 45.3752365112, 32.8478813171, -8.97695064545, -28.5523815155, 24.9256038666, -4.00586891174, 8.16753101349, 81.462387085]],
        "icov": [[0.00118856341578, -0.000431959575508, 0.00176441145595, -0.00151632749476, 0.00152079667896, -0.000950915447902, 0.000923032173887, -0.000304893852444, -0.00105561001692, 0.00176395126618, -0.000882584427018, -3.41958511854e-05, 0.00104980170727], [-0.000431959575508, 0.0134081020951, -0.00851655751467, 0.0100829135627, -0.0106309205294, 0.00535069731995, -0.00762352813035, 0.00805522501469, -0.00588389998302, 0.00877051614225, -0.01011621207, 0.00952656846493, -0.00833710469306], [0.00176441145595, -0.00851655751467, 0.0108900042251, -0.0106074046344, 0.0097442753613, -0.00611703144386, 0.00606364198029, -0.00656197313219, 0.00293245026842, -0.00165817153174, 0.00133405486122, -0.00290414667688, 0.00424348982051], [-0.00151632749476, 0.0100829135627, -0.0106074046344, 0.0158818289638, -0.011659742333, 0.00373020977713, -0.00350088533014, 0.00508103426546, -0.000629028305411, 0.000580391089898, -0.00132554827724, 0.0037912754342, -0.00662500364706], [0.00152079667896, -0.0106309205294, 0.0097442753613, -0.011659742333, 0.0159908570349, -0.00558617059141, 0.00800948496908, -0.00575129408389, -0.00131127750501, -0.00199740589596, 0.00266671273857, -0.0050565903075, 0.00772809609771], [-0.000950915447902, 0.00535069731995, -0.00611703144386, 0.00373020977713, -0.00558617059141, 0.0113963540643, -0.00657068844885, 0.00416386080906, 0.0018088411307, -0.00204646307975, -0.00130767095834, 0.00373558234423, -0.00266011222266], [0.000923032173887, -0.00762352813035, 0.00606364198029, -0.00350088533014, 0.00800948496908, -0.00657068844885, 0.0130514074117, -0.00972851738334, 0.00429570395499, -0.00441080797464, 0.00604793382809, -0.00564756104723, 0.00294871651568], [-0.000304893852444, 0.00805522501469, -0.00656197313219, 0.00508103426546, -0.00575129408389, 0.00416386080906, -0.00972851738334, 0.020994592458, -0.0106875607744, 0.0105632934719, -0.00848118495196, 0.00383878103457, -0.00325745809823], [-0.00105561001692, -0.00588389998302, 0.00293245026842, -0.000629028305411, -0.00131127750501, 0.0018088411307, 0.00429570395499, -0.0106875607744, 0.0263706576079, -0.0171909630299, 0.0113343829289, -0.0103771016002, 0.00656709307805], [0.00176395126618, 0.00877051614225, -0.00165817153174, 0.000580391089898, -0.00199740589596, -0.00204646307975, -0.00441080797464, 0.0105632934719, -0.0171909630299, 0.0338563881814, -0.0255228728056, 0.021015079692, -0.0125595768914], [-0.000882584427018, -0.01011621207, 0.00133405486122, -0.00132554827724, 0.00266671273857, -0.00130767095834, 0.00604793382809, -0.00848118495196, 0.0113343829289, -0.0255228728056, 0.0390305779874, -0.0256153810769, 0.0134773403406], [-3.41958511854e-05, 0.00952656846493, -0.00290414667688, 0.0037912754342, -0.0050565903075, 0.00373558234423, -0.00564756104723, 0.00383878103457, -0.0103771016002, 0.021015079692, -0.0256153810769, 0.0382445119321, -0.0168772041798], [0.00104980170727, -0.00833710469306, 0.00424348982051, -0.00662500364706, 0.00772809609771, -0.00266011222266, 0.00294871651568, -0.00325745809823, 0.00656709307805, -0.0125595768914, 0.0134773403406, -0.0168772041798, 0.0262884162366]]
    },
    "melbands": {
        "max": [0.00199359189719, 0.00756822386757, 0.00330809084699, 0.00210913782939, 0.00447756703943, 0.00765778496861, 0.00942855421454, 0.00733469100669, 0.00821429397911, 0.00479084812105, 0.0022283915896, 0.00135170004796, 0.00119575369172, 0.00182720983867, 0.000782874063589, 0.000949818408117, 0.000899575068615, 0.000567694194615, 0.000377087300876, 0.000298297702102, 0.000383570441045, 0.000675496063195, 0.000606178538874, 0.000697987386957, 0.000243818765739, 0.000105667961179, 7.99140179879e-05, 7.54991560825e-05, 7.68524114392e-05, 8.21667781565e-05, 5.92255528318e-05, 3.76963616873e-05, 3.93569243897e-05, 6.31367074675e-05, 6.40629586997e-05, 7.38444941817e-05, 3.06393449137e-05, 1.95769553102e-05, 7.28958320906e-06, 1.35321408834e-06],
        "mean": [0.000125679842313, 0.000443739583716, 0.000385619292501, 0.000240816603764, 0.000244046270382, 0.000489282887429, 0.000530645658728, 0.000681888195686, 0.000599741470069, 0.000203235424124, 0.000112272187835, 6.47090564598e-05, 6.73923132126e-05, 6.76089257468e-05, 3.71285714209e-05, 2.81453758362e-05, 2.16940334212e-05, 1.35378204504e-05, 1.35154668897e-05, 1.96191303985e-05, 3.06683105009e-05, 3.87282343581e-05, 4.4712160161e-05, 3.79439043172e-05, 1.34914489536e-05, 3.84107170248e-06, 2.24756649914e-06, 2.99728731079e-06, 2.00245835913e-06, 2.3595773655e-06, 2.74829403679e-06, 1.7445784124e-06, 1.52809980136e-06, 2.02402111427e-06, 1.3149657434e-06, 1.2672135199e-06, 6.54090854368e-07, 3.23429247828e-07, 1.04909432252e-07, 4.11534735179e-08],
        "min": [3.65525579582e-07, 9.48830177094e-07, 6.92671676461e-07, 4.19785408212e-07, 3.92983309894e-07, 4.48971462674e-07, 1.28726000526e-07, 1.44546660863e-07, 1.4288031025e-07, 3.75257869223e-08, 1.81857977566e-08, 2.72450897398e-08, 3.10051539998e-08, 1.83192785386e-08, 9.32068822124e-09, 1.46257663758e-08, 4.14337186783e-08, 3.32672911441e-08, 1.12311626665e-08, 1.1859735416e-08, 1.33710731376e-08, 1.26156800562e-08, 1.11815960935e-08, 1.0668627759e-08, 8.88922624398e-09, 7.93725352111e-09, 1.05674571316e-08, 1.57085526808e-08, 1.35021469561e-08, 8.36902369628e-09, 9.21568954482e-09, 6.68787869529e-09, 5.86385340284e-09, 6.97447122278e-09, 5.94564708578e-09, 4.41548753116e-09, 3.95322707902e-09, 3.35398686602e-09, 2.63284971602e-09, 1.48641698949e-09],
        "stdev": [0.000178583723027, 0.000677659467328, 0.000408414955018, 0.000237262283918, 0.000322551029967, 0.000682298152242, 0.000872551638167, 0.00112400448415, 0.00106205698103, 0.000429285690188, 0.000197529312572, 0.000117468618555, 0.000129342719447, 0.000158743365319, 7.45696743252e-05, 6.10291644989e-05, 6.48967179586e-05, 3.7859314034e-05, 2.80422227661e-05, 3.35309596267e-05, 5.35554972885e-05, 6.22442748863e-05, 7.00167438481e-05, 6.75210612826e-05, 2.45938099397e-05, 5.48035450265e-06, 4.20971946369e-06, 5.12895576321e-06, 3.81278528039e-06, 5.19125524079e-06, 4.678555797e-06, 2.67931386588e-06, 2.80771769212e-06, 3.98614201913e-06, 3.19971377394e-06, 3.50842083208e-06, 1.74723845703e-06, 9.84390567282e-07, 3.1929528177e-07, 8.59552642396e-08]
    },
    "melbands128": {
        "max": [0.000878557795659, 0.0019008659292, 0.00302279274911, 0.0042939321138, 0.010875236243, 0.00996669195592, 0.00552412634715, 0.00534654594958, 0.00329818064347, 0.00281070033088, 0.00253718835302, 0.00378601136617, 0.00773831084371, 0.00973420776427, 0.0112373279408, 0.00991765875369, 0.0159328207374, 0.0181629043072, 0.0128141175956, 0.0133398426697, 0.0164210684597, 0.0169185232371, 0.0123980175704, 0.0108910370618, 0.0096797356382, 0.00668180547655, 0.00298292632215, 0.00453128106892, 0.0014454118209, 0.00210325908847, 0.00243597966619, 0.00212405133061, 0.00235212896951, 0.00276103476062, 0.00256510474719, 0.00354565633461, 0.00254005612805, 0.00101465522312, 0.000998536590487, 0.00251588481478, 0.0011293097632, 0.000937793462072, 0.00165551726241, 0.00150774791837, 0.00128257391043, 0.0012284393888, 0.00107746408321, 0.000934233074076, 0.000419620249886, 0.000486409233417, 0.000541168090422, 0.000542850873899, 0.000579827872571, 0.000695104536135, 0.00117660139222, 0.00121160084382, 0.000725920603145, 0.000810350524262, 0.00109989533667, 0.0010136757046, 0.000934054143727, 0.000672249821946, 0.000468238082249, 0.000233029160881, 9.56084695645e-05, 0.00012379072723, 0.00016886596859, 9.58743185038e-05, 5.84172375966e-05, 0.000109206550405, 0.000100665034552, 9.27871296881e-05, 0.000105066894321, 0.00010285506869, 8.64903777256e-05, 9.49952591327e-05, 0.000139884694363, 7.4904441135e-05, 0.000101111741969, 4.3401538278e-05, 4.49867075076e-05, 3.68600340153e-05, 3.36899138347e-05, 5.37470696145e-05, 5.94583616476e-05, 7.61846386013e-05, 6.06726825936e-05, 6.59625438857e-05, 6.66535634082e-05, 5.99311424594e-05, 9.18885998544e-05, 8.25793176773e-05, 7.13485860615e-05, 2.61321529251e-05, 1.60949985002e-05, 2.52098070632e-05, 2.27515138249e-05, 1.97293047677e-05, 8.04210503702e-06, 3.56583473149e-06, 2.69831889455e-06, 1.11780877887e-06, 6.81848121076e-07, 5.39604627647e-07, 6.18477642433e-08, 5.30760457806e-09, 4.46093473272e-09, 2.56891574679e-09, 2.45438003255e-09, 2.34718844361e-09, 2.23414420297e-09, 2.14040785096e-09, 2.04918548796e-09, 1.96724236901e-09, 1.89910265291e-09, 1.8343130348e-09, 1.77241499255e-09, 1.7207169023e-09, 1.67241664961e-09, 1.62083191313e-09, 1.59060564719e-09, 1.55389068279e-09, 1.51536105886e-09, 1.48777390407e-09, 1.46766243603e-09, 1.45431500176e-09, 1.44106138134e-09, 1.43227774085e-09],
        "mean": [8.30598219181e-06, 3.41833474522e-05, 0.000147918457515, 0.000347493187292, 0.000526398420334, 0.000470189814223, 0.00037221040111, 0.00041301434976, 0.000335293501848, 0.000217064633034, 0.000194337699213, 0.000180295697646, 0.000238339940552, 0.000328537513269, 0.00051413528854, 0.000565257738344, 0.000548416457605, 0.000527759373654, 0.000498979410622, 0.000617594807409, 0.000830427394249, 0.000729634833988, 0.000641776889097, 0.00038190552732, 0.000212390848901, 0.000156466296175, 8.2160855527e-05, 0.000162966258358, 6.8548200943e-05, 5.67016177229e-05, 6.94498812663e-05, 6.33321178611e-05, 6.14808886894e-05, 8.15098683233e-05, 6.20760692982e-05, 7.02523248037e-05, 6.69683213346e-05, 2.65874077741e-05, 2.76147275144e-05, 3.08374947053e-05, 3.11534386128e-05, 1.9090501155e-05, 2.24586619879e-05, 2.60476190306e-05, 1.03841939563e-05, 1.10266655611e-05, 1.74873548531e-05, 1.02570493254e-05, 1.34304254971e-05, 1.69350532815e-05, 1.76656740223e-05, 2.72667111858e-05, 2.46526051342e-05, 3.29898393829e-05, 4.21875047323e-05, 3.91037137888e-05, 3.53566429112e-05, 4.14572896261e-05, 4.94522464578e-05, 4.99984016642e-05, 4.05834871344e-05, 2.73447112704e-05, 1.8390464902e-05, 9.42209771893e-06, 4.84453858007e-06, 3.32098102263e-06, 3.99877990276e-06, 2.14209399019e-06, 1.74870797309e-06, 2.25606959248e-06, 2.81038296635e-06, 4.26835549661e-06, 2.00860995392e-06, 1.74126978436e-06, 1.37078723128e-06, 2.23818506129e-06, 2.91565834232e-06, 2.70770988209e-06, 2.88321302833e-06, 2.70675332104e-06, 1.78891093583e-06, 1.49365371271e-06, 1.11657391244e-06, 1.55236830324e-06, 1.70832004187e-06, 2.36040364143e-06, 1.93197570297e-06, 1.75834259153e-06, 1.16786213766e-06, 1.05732772226e-06, 1.41723933211e-06, 1.22528888369e-06, 1.32707305056e-06, 5.56446764222e-07, 3.18283497336e-07, 4.03201227073e-07, 3.48956405105e-07, 1.78265267436e-07, 1.01597088076e-07, 6.70763000699e-08, 5.26614201135e-08, 4.14508498636e-08, 2.24937455329e-08, 1.41205829252e-08, 1.68956348912e-09, 2.42433278314e-11, 2.14039289764e-11, 8.04117102765e-12, 6.62215551492e-12, 6.32969761674e-12, 6.06635314898e-12, 5.83110643104e-12, 5.59787806387e-12, 5.38837767808e-12, 5.19877196847e-12, 5.02894557594e-12, 4.87304554347e-12, 4.72851618971e-12, 4.60102745833e-12, 4.47871210604e-12, 4.3663610054e-12, 4.26784692656e-12, 4.18921928397e-12, 4.11062199904e-12, 4.00397987335e-12, 3.87622833137e-12, 3.79795847549e-12, 3.76995179865e-12],
        "min": [1.59485036288e-09, 1.59191895222e-08, 2.35397678239e-07, 6.03320245318e-07, 5.43986971024e-07, 2.77863705378e-07, 2.01491559437e-07, 3.21828963479e-07, 2.79780238088e-07, 3.0985779631e-07, 1.32430557187e-07, 1.28339578964e-07, 4.04737562576e-07, 4.32634550407e-07, 1.35358959596e-07, 1.90701513247e-07, 5.11800024583e-08, 5.89001878382e-08, 8.56119939385e-08, 3.26169988796e-08, 1.06189190774e-07, 1.27973919462e-07, 4.63592542133e-08, 4.44685319678e-08, 7.52451789765e-09, 2.52631551234e-08, 2.5490564326e-08, 5.69962077535e-09, 7.23495574562e-09, 2.57251819846e-08, 1.72017742273e-08, 1.61226871853e-08, 2.0893075714e-08, 2.61589310213e-08, 4.7736992137e-09, 1.02448574069e-08, 4.51309523086e-09, 5.97874993957e-09, 8.47994385822e-09, 8.78420980399e-09, 9.39393807187e-09, 4.65131755334e-09, 7.29817850598e-09, 3.92244139391e-08, 2.16609503667e-08, 7.36645899835e-09, 7.02081370818e-09, 5.37470778994e-09, 6.49197673397e-09, 6.77455824771e-09, 9.75333591668e-09, 9.27209242718e-09, 2.87929524667e-09, 5.31441646245e-09, 5.75840974903e-09, 8.57062687487e-09, 5.16483567026e-09, 4.13976986025e-09, 4.51715331806e-09, 6.810715103e-09, 9.9108961038e-09, 5.56006396479e-09, 9.30250010356e-09, 9.36677668761e-09, 6.76172851044e-09, 3.621610567e-09, 7.21294224348e-09, 3.76307118799e-09, 5.51556311734e-09, 8.03679789385e-09, 1.28278685452e-08, 5.98431437737e-09, 3.90187215871e-09, 2.45281994715e-09, 8.64907612197e-09, 4.8227954963e-09, 3.92407528693e-09, 3.81331810573e-09, 5.68532732004e-09, 8.00070409923e-09, 4.97311436476e-09, 4.95203078543e-09, 5.68830671455e-09, 4.35121583209e-09, 2.59392107793e-09, 5.9386535689e-09, 6.92919677192e-09, 4.33038138681e-09, 5.17609910489e-09, 4.61939952956e-09, 3.19702886387e-09, 4.01964372898e-09, 3.80685394319e-09, 2.60806842789e-09, 2.738378857e-09, 3.27197402505e-09, 2.37604180775e-09, 2.23577489855e-09, 1.3617134087e-09, 1.0726128874e-09, 1.19256859943e-09, 1.01059571822e-09, 7.67079566533e-10, 3.22685628218e-10, 7.54186383484e-12, 2.07109936839e-13, 9.00881474454e-14, 9.33499425763e-14, 7.69638327136e-14, 9.76429698272e-14, 1.02815257935e-13, 9.46800146964e-14, 8.28694683946e-14, 8.42683873527e-14, 9.26436797286e-14, 7.7471923733e-14, 8.81784743964e-14, 1.04246072766e-13, 1.11196025532e-13, 9.20446851333e-14, 9.93634292684e-14, 8.03993305851e-14, 1.12630208166e-13, 9.7858455009e-14, 7.72241225502e-14, 2.42684578623e-14, 3.55900671008e-15, 1.12872923868e-16],
        "stdev": [3.23069507431e-05, 8.29991404316e-05, 0.00027920352295, 0.000463349773781, 0.00092157907784, 0.000991272623651, 0.000516438332852, 0.000562657194678, 0.00041654612869, 0.000269607611699, 0.000300798739772, 0.000278784369584, 0.000465294579044, 0.000623041531071, 0.000980578246526, 0.00104856176767, 0.00107415614184, 0.00138326920569, 0.00121633301023, 0.00143769104034, 0.00191297591664, 0.00196972070262, 0.00146946602035, 0.0010278490372, 0.000673541973811, 0.000490698614158, 0.0002241654729, 0.000355389056494, 0.000140180069138, 0.00015521037858, 0.000173010703293, 0.000180203089258, 0.000190430146176, 0.000202971961698, 0.000190470411326, 0.000277975981589, 0.000199079120648, 7.64987271396e-05, 8.59588617459e-05, 9.71444460447e-05, 9.06273853616e-05, 6.37178309262e-05, 9.62415797403e-05, 0.0001020355121, 5.81822750974e-05, 4.72929677926e-05, 5.60427288292e-05, 3.3542572055e-05, 3.62323844456e-05, 4.23775491072e-05, 3.93644841097e-05, 5.73024881305e-05, 6.00078928983e-05, 7.46936930227e-05, 8.99127771845e-05, 8.38909254526e-05, 6.88703075866e-05, 7.9097757407e-05, 9.24416744965e-05, 9.53245034907e-05, 8.47906630952e-05, 6.08302725595e-05, 3.79767443519e-05, 1.7477415895e-05, 8.04962564871e-06, 5.83206110605e-06, 8.27995791042e-06, 4.35967740486e-06, 3.98380961997e-06, 6.25946540822e-06, 6.80013044985e-06, 6.53888264424e-06, 4.49204571851e-06, 4.33564991908e-06, 3.84287022825e-06, 5.16647287441e-06, 7.03303248883e-06, 5.93148160988e-06, 5.84865802011e-06, 4.34730645793e-06, 2.96320968118e-06, 2.70416876447e-06, 2.27679856835e-06, 3.41664917869e-06, 3.13382565764e-06, 4.49138451586e-06, 4.3648810788e-06, 4.40018175141e-06, 3.1838153518e-06, 2.63697074843e-06, 3.80047481485e-06, 4.16727971242e-06, 3.82057487514e-06, 1.4955428469e-06, 8.57839438595e-07, 1.22926212498e-06, 1.10617088467e-06, 6.84481335611e-07, 3.14128641321e-07, 1.79686921342e-07, 1.28339763705e-07, 7.92559831098e-08, 4.58574405116e-08, 3.1480805518e-08, 3.79510156634e-09, 1.63282942722e-10, 1.64783672818e-10, 7.32824217975e-11, 6.92368315458e-11, 6.6058873649e-11, 6.29625240833e-11, 6.03350008843e-11, 5.77242836863e-11, 5.54490828253e-11, 5.34377889161e-11, 5.15276987745e-11, 4.97711837022e-11, 4.8317443796e-11, 4.68927466302e-11, 4.55285011081e-11, 4.45232149759e-11, 4.34489770551e-11, 4.24827915901e-11, 4.17206998116e-11, 4.10924419492e-11, 4.06629695193e-11, 4.03003845573e-11, 4.0058248385e-11]
    },
    "mfcc": {
        "mean": [-660.401977539, 125.748886108, -0.906374692917, 26.1787967682, -16.715555191, -5.44280958176, -22.9350414276, 12.269695282, -9.64577674866, -1.1271469593, -0.632338583469, 8.19877815247, -4.23554420471],
        "cov": [[2385.25732422, -187.999084473, -918.641113281, -97.7601394653, 37.9716415405, -257.073760986, -327.873687744, 151.062957764, -37.3854827881, -203.317550659, 37.2453308105, 176.226715088, -46.3109016418], [-187.999084473, 612.284484863, -255.25553894, -97.9964294434, -43.791633606, -128.122314453, -19.6600570679, 72.2605667114, 22.176410675, -58.1722679138, 56.1233329773, 49.0784416199, 36.8794174194], [-918.641113281, -255.25553894, 1102.39672852, 110.194458008, -47.8910293579, 263.113006592, 277.863494873, -93.7043838501, -13.271323204, 189.531326294, -116.691253662, -148.093353271, 20.9690818787], [-97.7601394653, -97.9964294434, 110.194458008, 226.443832397, 186.492843628, 33.1391677856, -22.6665763855, -42.8825874329, -17.656337738, 13.3070859909, 2.42670655251, -25.8070888519, -8.4216594696], [37.9716415405, -43.791633606, -47.8910293579, 186.492843628, 442.716033936, 53.1058540344, -115.031738281, -74.0416488647, -73.9519195557, 0.40953630209, 41.8217201233, 3.96123099327, -2.80180120468], [-257.073760986, -128.122314453, 263.113006592, 33.1391677856, 53.1058540344, 229.90536499, 97.9042892456, -89.7485809326, -9.67632961273, 94.7175369263, -33.1731376648, -58.1655273438, 12.3240623474], [-327.873687744, -19.6600570679, 277.863494873, -22.6665763855, -115.031738281, 97.9042892456, 196.667694092, 15.9728775024, 24.7801265717, 64.5831985474, -35.6862220764, -31.3122062683, 19.2001285553], [151.062957764, 72.2605667114, -93.7043838501, -42.8825874329, -74.0416488647, -89.7485809326, 15.9728775024, 166.585403442, 47.7631874084, -65.2594604492, 11.936923027, 58.5035667419, -7.12863445282], [-37.3854827881, 22.176410675, -13.271323204, -17.656337738, -73.9519195557, -9.67632961273, 24.7801265717, 47.7631874084, 92.267288208, 8.53799724579, -9.61556816101, 4.66774749756, -4.80530261993], [-203.317550659, -58.1722679138, 189.531326294, 13.3070859909, 0.40953630209, 94.7175369263, 64.5831985474, -65.2594604492, 8.53799724579, 135.453567505, -4.9036450386, -59.8058433533, 12.6677360535], [37.2453308105, 56.1233329773, -116.691253662, 2.42670655251, 41.8217201233, -33.1731376648, -35.6862220764, 11.936923027, -9.61556816101, -4.9036450386, 89.1946029663, 51.6069488525, -2.84218072891], [176.226715088, 49.0784416199, -148.093353271, -25.8070888519, 3.96123099327, -58.1655273438, -31.3122062683, 58.5035667419, 4.66774749756, -59.8058433533, 51.6069488525, 120.88659668, 14.8586177826], [-46.3109016418, 36.8794174194, 20.9690818787, -8.4216594696, -2.80180120468, 12.3240623474, 19.2001285553, -7.12863445282, -4.80530261993, 12.6677360535, -2.84218072891, 14.8586177826, 68.9200897217]],
        "icov": [[0.000977605697699, 0.000634655996691, 0.000779697147664, 7.97442044131e-05, 0.000185152879567, -6.44025276415e-05, 0.00102606066503, -0.00113434181549, 0.00109140924178, -0.00080890103709, 0.0012902833987, -0.000949216075242, 0.000188312507817], [0.000634655996691, 0.00280380272307, 0.000746167148463, 0.00123775179964, -0.000577443046495, 0.00130412448198, -0.000570192351006, -0.000529692973942, -0.000254225567915, 0.000581168977078, -0.000994915841147, 0.000793414073996, -0.00163888849784], [0.000779697147664, 0.000746167148463, 0.00282212090679, -0.00113673217129, 0.000441717362264, -0.000567942508496, -0.00129342218861, -0.00114702596329, 0.00208686059341, -0.00222819508053, 0.00262186094187, -0.000630156544503, 0.000287335104076], [7.97442044131e-05, 0.00123775179964, -0.00113673217129, 0.00892389472574, -0.00445644650608, 0.002158066025, -0.00120953470469, 0.00146583397873, -0.00301208510064, 0.00222625839524, -0.0017380726058, 0.0020626608748, -0.000386501953471], [0.000185152879567, -0.000577443046495, 0.000441717362264, -0.00445644650608, 0.00598298246041, -0.00334560894407, 0.00412198901176, -0.00148630002514, 0.0036797800567, -0.00124866806436, -0.000237163782003, -0.00112469494343, 1.26449613163e-05], [-6.44025276415e-05, 0.00130412448198, -0.000567942508496, 0.002158066025, -0.00334560894407, 0.0111213671044, -0.00592211028561, 0.00483786687255, -0.00223897676915, -0.00137728371192, 0.000763146090321, 1.30121552502e-05, -0.000153393440996], [0.00102606066503, -0.000570192351006, -0.00129342218861, -0.00120953470469, 0.00412198901176, -0.00592211028561, 0.0154951885343, -0.00641153613105, 0.00261497916654, -0.00392488902435, 0.00230258866213, -0.00186404690612, -0.00111249356996], [-0.00113434181549, -0.000529692973942, -0.00114702596329, 0.00146583397873, -0.00148630002514, 0.00483786687255, -0.00641153613105, 0.0147913014516, -0.00748622510582, 0.00591718172655, -0.00230446760543, -0.0015986287035, 0.00107994128484], [0.00109140924178, -0.000254225567915, 0.00208686059341, -0.00301208510064, 0.0036797800567, -0.00223897676915, 0.00261497916654, -0.00748622510582, 0.0185030698776, -0.00709900027141, 0.00567113049328, -0.00342432316393, 0.002480590716], [-0.00080890103709, 0.000581168977078, -0.00222819508053, 0.00222625839524, -0.00124866806436, -0.00137728371192, -0.00392488902435, 0.00591718172655, -0.00709900027141, 0.0195153634995, -0.0103948228061, 0.00910354219377, -0.00447685783729], [0.0012902833987, -0.000994915841147, 0.00262186094187, -0.0017380726058, -0.000237163782003, 0.000763146090321, 0.00230258866213, -0.00230446760543, 0.00567113049328, -0.0103948228061, 0.024044631049, -0.0128432223573, 0.00542984576896], [-0.000949216075242, 0.000793414073996, -0.000630156544503, 0.0020626608748, -0.00112469494343, 1.30121552502e-05, -0.00186404690612, -0.0015986287035, -0.00342432316393, 0.00910354219377, -0.0128432223573, 0.0203323122114, -0.00713785365224], [0.000188312507817, -0.00163888849784, 0.000287335104076, -0.000386501953471, 1.26449613163e-05, -0.000153393440996, -0.00111249356996, 0.00107994128484, 0.002480590716, -0.00447685783729, 0.00542984576896, -0.00713785365224, 0.0185865871608]]
    },
    "spectral_contrast_coeffs": {
        "max": [-0.412198960781, -0.437182873487, -0.502976059914, -0.581297278404, -0.519788682461, -0.540147602558],
        "mean": [-0.708583712578, -0.700708568096, -0.728750526905, -0.771317958832, -0.745540857315, -0.715308666229],
        "min": [-0.902755439281, -0.91011762619, -0.905844151974, -0.933697223663, -0.894108831882, -0.892683923244],
        "stdev": [0.0621166527271, 0.0845117717981, 0.0659021735191, 0.0554676912725, 0.0743421390653, 0.0376375354826]
    },
    "spectral_contrast_valleys": {
        "max": [-5.60502243042, -4.86101770401, -5.85272932053, -6.05309677124, -6.33071231842, -8.45044231415],
        "mean": [-7.07221603394, -6.51388549805, -7.81494474411, -8.21836566925, -7.97368335724, -10.8336400986],
        "min": [-9.12851524353, -9.71168327332, -10.5530138016, -10.5168600082, -9.92475032806, -12.158864975],
        "stdev": [0.569276630878, 0.56570738554, 0.663062274456, 0.694223821163, 0.572598934174, 0.560614049435]
    }
},
"rhythm": {
    "beats_count": 68,
    "beats_loudness": {
        "max": 0.062721863389,
        "mean": 0.0225592646748,
        "min": 0.000617745041382,
        "stdev": 0.013715473935
    },
    "bpm": 78.7540130615,
    "bpm_histogram_first_peak_bpm": 80,
    "bpm_histogram_first_peak_weight": 0.641025662422,
    "bpm_histogram_second_peak_bpm": 85,
    "bpm_histogram_second_peak_spread": 0.272727251053,
    "bpm_histogram_second_peak_weight": 0.119402982295,
    "danceability": 0.955357134342,
    "onset_rate": 3.0966796875,
    "beats_loudness_band_ratio": {
        "max": [0.777844429016, 0.640353500843, 0.844118654728, 0.31331846118, 0.45717176795, 0.370282500982],
        "mean": [0.218418061733, 0.232441186905, 0.388118237257, 0.0876603722572, 0.0842841938138, 0.0571579635143],
        "min": [0.00743599003181, 0.0151715949178, 0.00911425426602, 0.00582903483883, 0.0037026128266, 0.00289827235974],
        "stdev": [0.178706899285, 0.173431575298, 0.222375720739, 0.0638593658805, 0.085234478116, 0.0742030441761]
    },
    "beats_position": [0.545668900013, 1.11455774307, 1.69505667686, 2.2523355484, 2.82122445107, 3.43655323982, 4.04027223587, 4.6439909935, 5.24770975113, 5.85142850876, 6.47836732864, 7.0936961174, 7.84834432602, 8.6146030426, 9.39247131348, 10.1703395844, 10.9365987778, 11.7028570175, 12.4807252884, 13.2585935593, 14.0364627838, 14.8143310547, 15.4877090454, 16.1610889435, 16.8692970276, 17.5775051117, 18.2392749786, 18.9010429382, 19.5512008667, 20.2245807648, 20.8631286621, 21.5016784668, 22.1518363953, 22.8600444794, 23.5682544708, 24.2648525238, 24.9730606079, 25.6696586609, 26.3662586212, 27.1209068298, 27.8871650696, 28.6534233093, 29.4196815491, 30.1975498199, 30.9754180908, 31.7416782379, 32.5079345703, 33.2625846863, 34.0172348022, 34.783493042, 35.5497512817, 36.3160095215, 37.0706558228, 37.8253059387, 38.6031723022, 39.3578224182, 40.1124725342, 40.8903388977, 41.6217689514, 42.3531951904, 43.0962333679, 43.8508834839, 44.5823135376, 45.3485717773, 46.1032180786, 46.8578681946, 47.6125144958, 48.3671646118],
