{
"metadata": {
    "version": {
        "essentia": "2.1-beta5",
        "essentia_git_sha": "Undefined",
        "extractor": "music 2.0"
    },
    "audio_properties": {
        "analysis": {
            "equal_loudness": 0,
            "length": 50.8632888794,
            "sample_rate": 44100,
            "start_time": 93.9943771362,
            "downmix": "mix"
        },
        "bit_rate": 192000,
        "length": 144.88092041,
        "lossless": 0,
        "number_channels": 2,
        "replay_gain": -7.57233810425,
        "sample_rate": 48000,
        "codec": "mp3",
        "md5_encoded": "8d8a4d991b1bb16a2e4659619a093858"
    },
    "tags": {
        "file_name": "Luxembourg_Petit Bonhomme_Camillo Felgen.mp3",
        "encoding": ["Lavf58.29.100"]
    }
},
"lowlevel": {
    "average_loudness": 0.952366054058,
    "barkbands_crest": {
        "max": 26.7773647308,
        "mean": 7.82289218903,
        "min": 2.25225734711,
        "stdev": 4.05820035934
    },
    "barkbands_flatness_db": {
        "max": 0.452654033899,
        "mean": 0.165727034211,
        "min": 0.0817023962736,
        "stdev": 0.0439163260162
    },
    "barkbands_kurtosis": {
        "max": 2085.59692383,
        "mean": 2.37050008774,
        "min": -1.88895308971,
        "stdev": 47.0611038208
    },
    "barkbands_skewness": {
        "max": 41.6822319031,
        "mean": 0.760484278202,
        "min": -2.72671341896,
        "stdev": 1.40118288994
    },
    "barkbands_spread": {
        "max": 89.2449188232,
        "mean": 23.1448879242,
        "min": 0.188989177346,
        "stdev": 11.0893583298
    },
    "dissonance": {
        "max": 0.500000059605,
        "mean": 0.460352867842,
        "min": 0.289900153875,
        "stdev": 0.0321480147541
    },
    "dynamic_complexity": 2.38040065765,
    "erbbands_crest": {
        "max": 25.8152351379,
        "mean": 8.86573982239,
        "min": 2.1930782795,
        "stdev": 4.10834980011
    },
    "erbbands_flatness_db": {
        "max": 0.369172841311,
        "mean": 0.218727692962,
        "min": 0.0334750451148,
        "stdev": 0.0419358983636
    },
    "erbbands_kurtosis": {
        "max": 26.212726593,
        "mean": 0.361654996872,
        "min": -1.71366941929,
        "stdev": 2.65406036377
    },
    "erbbands_skewness": {
        "max": 2.8876054287,
        "mean": 0.319579452276,
        "min": -4.19259643555,
        "stdev": 0.88412219286
    },
    "erbbands_spread": {
        "max": 113.95198822,
        "mean": 33.0842170715,
        "min": 4.66260242462,
        "stdev": 12.2790241241
    },
    "hfc": {
        "max": 159.472457886,
        "mean": 33.2425880432,
        "min": 1.11815347736e-06,
        "stdev": 23.8752689362
    },
    "loudness_ebu128": {
        "integrated": -16.0050182343,
        "loudness_range": 4.6493434906,
        "momentary": {
            "max": -13.074971199,
            "mean": -16.8600883484,
            "min": -27.439157486,
            "stdev": 3.07576489449
        },
        "short_term": {
            "max": -14.3444681168,
            "mean": -16.3481578827,
            "min": -22.8848819733,
            "stdev": 2.17557668686
        }
    },
    "melbands_crest": {
        "max": 39.4086418152,
        "mean": 11.151049614,
        "min": 2.27572703362,
        "stdev": 5.68643903732
    },
    "melbands_flatness_db": {
        "max": 0.455327838659,
        "mean": 0.138985708356,
        "min": 0.02113269642,
        "stdev": 0.0700522214174
    },
    "melbands_kurtosis": {
        "max": 1204.1706543,
        "mean": 5.36137771606,
        "min": -1.85203576088,
        "stdev": 27.9722747803
    },
    "melbands_skewness": {
        "max": 28.8108215332,
        "mean": 1.5417714119,
        "min": -0.657819867134,
        "stdev": 1.19334459305
    },
    "melbands_spread": {
        "max": 217.290298462,
        "mean": 39.948474884,
        "min": 0.349827885628,
        "stdev": 29.6650543213
    },
    "pitch_salience": {
        "max": 0.845817089081,
        "mean": 0.624852836132,
        "min": 0.0250164512545,
        "stdev": 0.100281059742
    },
    "silence_rate_20dB": {
        "max": 1,
        "mean": 1,
        "min": 1,
        "stdev": 0
    },
    "silence_rate_30dB": {
        "max": 1,
        "mean": 1,
        "min": 1,
        "stdev": 0
    },
    "silence_rate_60dB": {
        "max": 1,
        "mean": 0.0301094893366,
        "min": 0,
        "stdev": 0.17088739574
    },
    "spectral_centroid": {
        "max": 4691.21826172,
        "mean": 1933.63867188,
        "min": 339.310638428,
        "stdev": 824.963684082
    },
    "spectral_complexity": {
        "max": 52,
        "mean": 22.0492706299,
        "min": 0,
        "stdev": 9.81476306915
    },
    "spectral_decrease": {
        "max": -2.2860188931e-15,
        "mean": -4.7720445373e-09,
        "min": -1.92889615391e-08,
        "stdev": 2.75159539598e-09
    },
    "spectral_energy": {
        "max": 0.0786937922239,
        "mean": 0.0210259892046,
        "min": 8.72940209007e-09,
        "stdev": 0.0115378201008
    },
    "spectral_energyband_high": {
        "max": 0.0216175541282,
        "mean": 0.0020776251331,
        "min": 3.72703257145e-11,
        "stdev": 0.00287702446803
    },
    "spectral_energyband_low": {
        "max": 0.00998201686889,
        "mean": 0.000950032786932,
        "min": 5.4677653516e-09,
        "stdev": 0.00131461094134
    },
    "spectral_energyband_middle_high": {
        "max": 0.0271462146193,
        "mean": 0.00842165295035,
        "min": 1.53359616673e-10,
        "stdev": 0.00569561682642
    },
    "spectral_energyband_middle_low": {
        "max": 0.0612032152712,
        "mean": 0.0102777387947,
        "min": 8.76813344153e-10,
        "stdev": 0.00881806854159
    },
    "spectral_entropy": {
        "max": 9.08743667603,
        "mean": 7.59813547134,
        "min": 6.25008535385,
        "stdev": 0.421308875084
    },
    "spectral_flux": {
        "max": 0.207619205117,
        "mean": 0.0800006464124,
        "min": 0.000559099658858,
        "stdev": 0.0340669862926
    },
    "spectral_kurtosis": {
        "max": 29.8761901855,
        "mean": 2.55082583427,
        "min": -0.627325057983,
        "stdev": 2.6304602623
    },
    "spectral_rms": {
        "max": 0.00876210257411,
        "mean": 0.00432330556214,
        "min": 2.91830247079e-06,
        "stdev": 0.00134988711216
    },
    "spectral_rolloff": {
        "max": 7493.5546875,
        "mean": 2907.67749023,
        "min": 21.533203125,
        "stdev": 1912.47460938
    },
    "spectral_skewness": {
        "max": 3.35197234154,
        "mean": 1.05310583115,
        "min": -0.371310174465,
        "stdev": 0.430208593607
    },
    "spectral_spread": {
        "max": 16847402,
        "mean": 3871542.25,
        "min": 1696490.25,
        "stdev": 918413.875
    },
    "spectral_strongpeak": {
        "max": 11.1631860733,
        "mean": 1.7579600811,
        "min": 0,
        "stdev": 1.42939209938
    },
    "zerocrossingrate": {
        "max": 0.26611328125,
        "mean": 0.0929799303412,
        "min": 0.00048828125,
        "stdev": 0.0492567010224
    },
    "barkbands": {
        "max": [0.000940097379498, 0.00502663711086, 0.00873181317002, 0.00753649044782, 0.0172016452998, 0.0248882565647, 0.0443549901247, 0.059430077672, 0.0264905169606, 0.0133441472426, 0.0124315544963, 0.0158982388675, 0.00679627340287, 0.00959233567119, 0.00874981004745, 0.00736366864294, 0.00776548078284, 0.00954135041684, 0.00788334850222, 0.00408073281869, 0.00519156176597, 0.00796760804951, 0.0100456513464, 0.00296396715567, 0.000340371072525, 1.40986503538e-06, 1.17257150123e-06],
        "mean": [9.68427775661e-06, 0.000264301052084, 0.000435576686868, 0.000506109034177, 0.00102164386772, 0.000783602881711, 0.0018251723377, 0.00396159291267, 0.00144273927435, 0.00146661431063, 0.000841532542836, 0.00123864179477, 0.000525893818121, 0.000433986599091, 0.000380064884666, 0.000697488547303, 0.00114815193228, 0.00116799050011, 0.000603269552812, 0.000445690820925, 0.000411862129113, 0.000625809538178, 0.000554384372663, 0.000214427927858, 1.97674471565e-05, 1.89457782795e-09, 1.69091352031e-09],
        "min": [4.41624159464e-09, 2.75896261392e-09, 1.69322375565e-10, 1.2537780536e-10, 3.01771385658e-10, 1.41730252534e-10, 8.02571689662e-11, 4.97202383432e-11, 4.78008119198e-11, 3.28550485429e-11, 2.13617578487e-11, 2.04947239735e-11, 1.74003311759e-11, 1.48208719603e-11, 1.10582645471e-11, 1.02678594793e-11, 9.41584657466e-12, 8.67273960981e-12, 7.46881202718e-12, 7.18208522169e-12, 5.8637552279e-12, 5.94899346798e-12, 4.36952644206e-12, 4.70823423651e-12, 4.32433819655e-12, 4.11137530271e-12, 4.52692267353e-12],
        "stdev": [4.59560433228e-05, 0.000522788090166, 0.0008169398061, 0.000858165032696, 0.0014836153714, 0.00144429807551, 0.00408476172015, 0.00648257322609, 0.00273596402258, 0.00166565808468, 0.00128265761305, 0.0019992091693, 0.000765258911997, 0.000787093129475, 0.000804985640571, 0.000887739413884, 0.00118816329632, 0.00128764496185, 0.000825825962238, 0.000645416846965, 0.000558165484108, 0.000932386668865, 0.000924473395571, 0.000344083004165, 3.48296380253e-05, 3.87252683254e-08, 3.31103855444e-08]
    },
    "erbbands": {
        "max": [0.176562085748, 1.28162920475, 7.75187397003, 17.2188472748, 45.4308929443, 76.9988479614, 113.800865173, 284.02520752, 422.928009033, 1044.06628418, 1196.84387207, 597.370788574, 508.230865479, 548.460754395, 677.62286377, 397.602844238, 327.506988525, 433.226379395, 392.34173584, 492.557769775, 353.532318115, 401.792510986, 594.322814941, 557.469421387, 268.195739746, 277.432403564, 223.487548828, 243.123260498, 262.005218506, 281.411346436, 270.322753906, 91.5007553101, 26.5705871582, 6.47634077072, 0.539455831051, 0.0165821537375, 0.00276370812207, 0.000925693660975, 0.000211682156078, 0.000103315804154],
        "mean": [0.00471625616774, 0.0743520110846, 0.431699573994, 1.18681502342, 2.2190887928, 3.87032651901, 4.30870580673, 7.66845703125, 16.9054145813, 61.849067688, 73.6519012451, 34.982383728, 49.2872848511, 27.7134819031, 58.7804336548, 37.9576072693, 27.0031890869, 23.6669387817, 19.3649673462, 24.5995960236, 44.9524497986, 61.4738464355, 69.801574707, 45.6164741516, 21.6197433472, 22.9955863953, 15.110575676, 19.2110233307, 21.4610977173, 20.9226150513, 15.4248247147, 7.44606399536, 2.11478114128, 0.402453869581, 0.041806910187, 0.0013543064706, 0.000139331954415, 3.25921391777e-05, 2.15825693886e-05, 3.03674114548e-05],
        "min": [1.47542962736e-07, 3.95814680587e-07, 2.4318933356e-07, 3.60240278496e-07, 5.01459282987e-07, 9.98671907837e-07, 1.10684868559e-06, 1.1307006389e-06, 1.15696718694e-06, 1.15502405151e-06, 1.10101836981e-06, 1.07555115392e-06, 1.05181925392e-06, 1.01597095181e-06, 8.88669376309e-07, 8.20703235149e-07, 8.10327435374e-07, 7.78547359914e-07, 6.65321124416e-07, 5.61835349799e-07, 5.58086640012e-07, 5.40274243122e-07, 4.79831612665e-07, 4.09859552519e-07, 3.72740117882e-07, 3.4434248164e-07, 2.61994415496e-07, 2.25733302273e-07, 2.12576878766e-07, 1.75033619598e-07, 1.23884845493e-07, 1.01539100683e-07, 7.35238927518e-08, 4.98198176047e-08, 3.03167517757e-08, 1.66994542639e-08, 7.22579462931e-09, 2.63516852783e-09, 6.59929111357e-10, 7.47569506299e-11],
        "stdev": [0.0118972267956, 0.138319611549, 0.78190523386, 1.78385949135, 3.57918691635, 6.39471244812, 7.59130716324, 14.8517055511, 36.1425895691, 111.537788391, 138.480911255, 55.1881904602, 65.1749191284, 35.9681777954, 82.2786941528, 52.8411598206, 34.5384864807, 41.2788085938, 35.467628479, 39.7292327881, 48.773273468, 61.3594894409, 73.5100479126, 56.1880989075, 29.1406059265, 36.1795349121, 20.3052749634, 25.3596973419, 31.6696491241, 34.1091194153, 26.0119876862, 11.9753465652, 3.33516931534, 0.653560042381, 0.0699402242899, 0.00213843886741, 0.000206546188565, 4.85998207296e-05, 1.72090913111e-05, 1.66805148183e-05]
    },
    "gfcc": {
        "mean": [-16.3070487976, 95.5647201538, -180.314483643, 46.95262146, -98.2567214966, 9.94285106659, -32.2866592407, -0.743808209896, -1.69060504436, -28.5836086273, 0.755452036858, -14.1284036636, -4.40714788437],
        "cov": [[3183.26953125, -982.868530273, -788.082946777, 234.555923462, -55.5836372375, 105.028411865, -200.146392822, -47.3170471191, -94.3182601929, -36.0436897278, -110.431282043, -38.755027771, -127.461105347], [-982.868530273, 1340.21411133, 464.190124512, -217.644485474, 158.596954346, -329.008850098, 46.8632545471, 69.5298309326, 158.24269104, -108.438468933, 81.5147018433, -7.08614635468, 20.777431488], [-788.082946777, 464.190124512, 950.798522949, 291.539093018, -89.306137085, 81.0650634766, 31.9936676025, 20.2736186981, -81.7251052856, 52.1318588257, 24.4857902527, -101.380172729, 28.0836982727], [234.555923462, -217.644485474, 291.539093018, 426.894195557, 32.5598373413, 142.006881714, -78.8031082153, -56.0991821289, -64.5655212402, 103.410568237, -26.8842201233, -83.4754714966, -1.58503103256], [-55.5836372375, 158.596954346, -89.306137085, 32.5598373413, 249.500564575, -41.8053855896, -71.2341918945, -6.87426424026, 86.4443969727, 25.3649959564, 14.8911237717, -1.29188072681, -23.3989391327], [105.028411865, -329.008850098, 81.0650634766, 142.006881714, -41.8053855896, 317.130859375, 55.1118774414, -15.0347623825, -106.489326477, 84.3950500488, -14.5280952454, -43.895072937, 27.5189247131], [-200.146392822, 46.8632545471, 31.9936676025, -78.8031082153, -71.2341918945, 55.1118774414, 183.70123291, 65.2633590698, -19.1045742035, -20.2105884552, 15.8555650711, 23.3028144836, 19.9376392365], [-47.3170471191, 69.5298309326, 20.2736186981, -56.0991821289, -6.87426424026, -15.0347623825, 65.2633590698, 90.5175857544, 24.236415863, -23.4246006012, 18.4698905945, 17.8116817474, -7.62978887558], [-94.3182601929, 158.24269104, -81.7251052856, -64.5655212402, 86.4443969727, -106.489326477, -19.1045742035, 24.236415863, 133.146392822, 6.2626914978, 23.6055431366, 30.0056343079, -17.9438724518], [-36.0436897278, -108.438468933, 52.1318588257, 103.410568237, 25.3649959564, 84.3950500488, -20.2105884552, -23.4246006012, 6.2626914978, 121.982574463, 26.6721858978, -32.7430114746, 8.63989067078], [-110.431282043, 81.5147018433, 24.4857902527, -26.8842201233, 14.8911237717, -14.5280952454, 15.8555650711, 18.4698905945, 23.6055431366, 26.6721858978, 72.5044021606, 32.0355567932, 0.162177979946], [-38.755027771, -7.08614635468, -101.380172729, -83.4754714966, -1.29188072681, -43.895072937, 23.3028144836, 17.8116817474, 30.0056343079, -32.7430114746, 32.0355567932, 96.0791702271, 21.4863929749], [-127.461105347, 20.777431488, 28.0836982727, -1.58503103256, -23.3989391327, 27.5189247131, 19.9376392365, -7.62978887558, -17.9438724518, 8.63989067078, 0.162177979946, 21.4863929749, 77.974105835]],
        "icov": [[0.000954544113483, -0.000998970936053, 0.00217760074884, -0.00228365371004, 0.00197648978792, -0.000924389867578, 0.00159147416707, -0.0018308107974, 0.000906237924937, 0.000124254263937, 0.000433156790677, -0.000578663370106, 0.00168243807275], [-0.000998970936053, 0.00719237327576, -0.00690651964396, 0.00659179268405, -0.00756187224761, 0.00447859754786, -0.00457753567025, 0.00550639582798, -0.00549991242588, 0.00710412114859, -0.00754136545584, 0.0089471898973, -0.00757118780166], [0.00217760074884, -0.00690651964396, 0.0104483813047, -0.0101160863414, 0.00947289448231, -0.004433975555, 0.00543039664626, -0.00764660537243, 0.00523518072441, -0.00357504095882, 0.00337542919442, -0.00464221928269, 0.00657503912225], [-0.00228365371004, 0.00659179268405, -0.0101160863414, 0.0139099229127, -0.00986773893237, 0.00375589681789, -0.0040472978726, 0.00715461326763, -0.00312919239514, 0.00035523463157, -0.00194992334582, 0.00538395345211, -0.00635401206091], [0.00197648978792, -0.00756187224761, 0.00947289448231, -0.00986773893237, 0.015550814569, -0.00616368092597, 0.00775112118572, -0.00706565892324, 0.000774649844971, -0.00422860961407, 0.00450626853853, -0.00654400000349, 0.0082427393645], [-0.000924389867578, 0.00447859754786, -0.004433975555, 0.00375589681789, -0.00616368092597, 0.0105050848797, -0.00609701965004, 0.00270730536431, 0.00294684781693, -0.00248941336758, -0.00134465855081, 0.00401392858475, -0.00491366209462], [0.00159147416707, -0.00457753567025, 0.00543039664626, -0.0040472978726, 0.00775112118572, -0.00609701965004, 0.0144887408242, -0.0109562920406, 0.00340109318495, -0.00215822528116, 0.00309275020845, -0.00536468997598, 0.00397782819346], [-0.0018308107974, 0.00550639582798, -0.00764660537243, 0.00715461326763, -0.00706565892324, 0.00270730536431, -0.0109562920406, 0.0246206019074, -0.00934078637511, 0.00858456920832, -0.00873013865203, 0.00678255269304, -0.00437729340047], [0.000906237924937, -0.00549991242588, 0.00523518072441, -0.00312919239514, 0.000774649844971, 0.00294684781693, 0.00340109318495, -0.00934078637511, 0.0234435498714, -0.0152307190001, 0.0103818066418, -0.0129666244611, 0.00904065556824], [0.000124254263937, 0.00710412114859, -0.00357504095882, 0.00035523463157, -0.00422860961407, -0.00248941336758, -0.00215822528116, 0.00858456920832, -0.0152307190001, 0.0323903374374, -0.024225557223, 0.0214841626585, -0.0123573122546], [0.000433156790677, -0.00754136545584, 0.00337542919442, -0.00194992334582, 0.00450626853853, -0.00134465855081, 0.00309275020845, -0.00873013865203, 0.0103818066418, -0.024225557223, 0.0381809584796, -0.025482930243, 0.0136600472033], [-0.000578663370106, 0.0089471898973, -0.00464221928269, 0.00538395345211, -0.00654400000349, 0.00401392858475, -0.00536468997598, 0.00678255269304, -0.0129666244611, 0.0214841626585, -0.025482930243, 0.0363460332155, -0.0182205345482], [0.00168243807275, -0.00757118780166, 0.00657503912225, -0.00635401206091, 0.0082427393645, -0.00491366209462, 0.00397782819346, -0.00437729340047, 0.00904065556824, -0.0123573122546, 0.0136600472033, -0.0182205345482, 0.0262995604426]]
    },
    "melbands": {
        "max": [0.00147230131552, 0.00268467678688, 0.00249891798012, 0.00349640077911, 0.00360487494618, 0.00563639588654, 0.00569993909448, 0.0104840099812, 0.00861896201968, 0.0033271391876, 0.00247691874392, 0.0023562759161, 0.00172313058283, 0.00206165085547, 0.000806462427136, 0.000629904796369, 0.000886529916897, 0.00075420824578, 0.000949223875068, 0.000624141364824, 0.000432986736996, 0.000401326629799, 0.000814763945527, 0.000395366776502, 0.000563747016713, 0.000154368724907, 0.000198985217139, 0.000195750166313, 0.000143038923852, 0.000158767565154, 0.000141105469083, 0.00015387921303, 0.000198863854166, 0.000175781256985, 0.000163847886142, 0.000127300241729, 4.65627199446e-05, 2.35085663007e-05, 6.63735499984e-06, 4.55216013506e-06],
        "mean": [5.82191823923e-05, 0.000187219455256, 0.000236338426475, 0.000212091428693, 0.000165955294506, 0.000167138292454, 0.000286204740405, 0.000746190082282, 0.0005554415402, 0.000197554152692, 0.000243110756855, 0.000108217725938, 0.000154718887643, 0.000167668127688, 6.25300817774e-05, 4.90680176881e-05, 4.45435653091e-05, 2.95114205073e-05, 2.96300659102e-05, 4.30640029663e-05, 5.55888836971e-05, 6.33338931948e-05, 6.94493137416e-05, 5.42320485692e-05, 3.7008048821e-05, 1.44108571476e-05, 1.37967354021e-05, 1.5368734239e-05, 8.62259730638e-06, 1.13068999781e-05, 1.08836275103e-05, 1.31433307615e-05, 1.0787813153e-05, 1.12571369755e-05, 9.2726895673e-06, 6.56417341816e-06, 3.59567070518e-06, 1.74438605427e-06, 5.80331686706e-07, 2.30810400126e-07],
        "min": [1.25339938428e-09, 8.8996914005e-11, 6.31670965534e-11, 5.05323283218e-11, 3.97555807718e-11, 2.57572088658e-11, 1.75676105607e-11, 1.23246699305e-11, 8.68430414386e-12, 6.66847219805e-12, 5.21011098847e-12, 4.1447305657e-12, 3.03866437221e-12, 2.3639805391e-12, 1.93371924376e-12, 1.69888864261e-12, 1.41208507561e-12, 1.10213444274e-12, 8.1556490077e-13, 7.14965142212e-13, 6.33406846938e-13, 5.69080915204e-13, 4.73644290021e-13, 4.01445261582e-13, 3.23103767049e-13, 2.72390671217e-13, 2.53799178939e-13, 2.23867108119e-13, 1.70451448637e-13, 1.35700288896e-13, 1.25656226418e-13, 1.23675158656e-13, 1.07672890244e-13, 9.01157403907e-14, 7.47000592351e-14, 5.94234541131e-14, 6.21872413048e-14, 5.12042699094e-14, 4.56515250949e-14, 4.27001777036e-14],
        "stdev": [0.000122379380628, 0.000301612366457, 0.0003284944396, 0.0003025662445, 0.000274900376098, 0.000316790828947, 0.000623518193606, 0.00125875917729, 0.00108065083623, 0.000330314534949, 0.00032661439036, 0.000155115412781, 0.000209840538446, 0.000263470574282, 9.63221100392e-05, 7.08922962076e-05, 8.33947415231e-05, 5.40070104762e-05, 6.52510570944e-05, 5.87710674154e-05, 6.27085173619e-05, 6.72690366628e-05, 7.17397342669e-05, 6.41456936137e-05, 5.29846511199e-05, 1.85095523193e-05, 2.13874209294e-05, 2.46840991167e-05, 1.25064871099e-05, 1.62077958521e-05, 1.45907879414e-05, 1.94925396499e-05, 1.8641101633e-05, 1.87143323274e-05, 1.61009902513e-05, 1.10399751065e-05, 5.78766639592e-06, 2.83641384158e-06, 9.29149678086e-07, 3.96934751734e-07]
    },
    "melbands128": {
        "max": [0.000843142450321, 0.00180553738028, 0.00198541628197, 0.00288188271224, 0.00396125996485, 0.00437849713489, 0.00419339444488, 0.00429804855958, 0.00548595562577, 0.00457926373929, 0.00596760259941, 0.00758882332593, 0.00549774523824, 0.00636696908623, 0.0106753967702, 0.00687505863607, 0.0132870124653, 0.00913811847568, 0.0148259019479, 0.020245378837, 0.0215505789965, 0.0222722180188, 0.0138307306916, 0.011163784191, 0.00751065695658, 0.00638374593109, 0.00741911260411, 0.0044201798737, 0.00278288545087, 0.00384235824458, 0.0029755984433, 0.0018358475063, 0.0021427217871, 0.00535348337144, 0.00492926547304, 0.00304268253967, 0.00231497664936, 0.00152022845577, 0.0014958223328, 0.00133565021679, 0.00129334337544, 0.00205325311981, 0.00198283954524, 0.00201038829982, 0.00121445092373, 0.00164749892429, 0.00159155600704, 0.00126077560708, 0.00158472999465, 0.00104234181345, 0.00141270447057, 0.000704609847162, 0.000850816082675, 0.000958527845796, 0.00114762329031, 0.000732224609237, 0.00114801328164, 0.00120670732576, 0.0010186699219, 0.000862495217007, 0.00089456565911, 0.000663212616928, 0.000882098102011, 0.000652463000733, 0.000133159992401, 0.000125482620206, 0.000440344185336, 0.000332924799295, 0.000245820789132, 0.000303273904137, 0.000379525765311, 0.000156496680574, 0.000163496733876, 0.000192611099919, 0.000184674616321, 0.000239633096498, 0.000202355178772, 0.000234981271205, 0.000195093423827, 0.000203379444429, 0.000178477494046, 0.000196431778022, 0.000341146660503, 0.000211029619095, 0.00027213836438, 0.000371924572391, 0.000190347302123, 0.000214155268623, 0.000250869081356, 0.000157667513122, 0.000215496693272, 0.0001335976267, 0.000140344214742, 4.96636675962e-05, 2.73848545476e-05, 3.5859120544e-05, 3.55598567694e-05, 1.23336249089e-05, 8.26676205179e-06, 7.72110888647e-06, 4.0189174797e-06, 6.35668129689e-06, 2.45751471084e-06, 9.18401212857e-07, 1.57251818678e-07, 1.15561729075e-08, 1.0750506263e-08, 9.42283673311e-09, 8.33271851519e-09, 9.43420896959e-09, 8.06999000957e-09, 9.59637169728e-09, 8.74432171116e-09, 9.27336252232e-09, 7.84365550288e-09, 6.88729073772e-09, 6.00155569686e-09, 7.65296537253e-09, 8.34091640201e-09, 9.38033206666e-09, 5.06069142148e-09, 4.94913310334e-09, 4.84038631399e-09, 4.74361305791e-09, 4.67680205674e-09, 4.62179539085e-09, 4.57719107061e-09, 4.55131310417e-09],
        "mean": [8.70200983627e-06, 2.72826637229e-05, 7.04020640114e-05, 0.000132496250444, 0.000200121110538, 0.000216548651224, 0.00023442976817, 0.000259759719484, 0.000218549263082, 0.00018735996855, 0.000231402387726, 0.000208389916224, 0.000127019753563, 0.000140108226333, 0.000176127854502, 0.000176006462425, 0.000184780496056, 0.000284541049041, 0.000411036191508, 0.000751778890844, 0.000943974184338, 0.00068618147634, 0.000598688144237, 0.000279245607089, 0.000202127936063, 0.000139529860462, 0.000210824626265, 0.00034458594746, 0.00017683499027, 0.000121056160424, 9.3273796665e-05, 4.72139181511e-05, 0.000107700769149, 0.000284630485112, 0.000264231784968, 9.49703608057e-05, 7.54730790504e-05, 4.82088580611e-05, 6.66194100631e-05, 7.10449821781e-05, 3.71981113858e-05, 3.27890520566e-05, 4.12362423958e-05, 6.72288806527e-05, 1.93875875993e-05, 1.9218896341e-05, 4.32639571954e-05, 2.76992741419e-05, 2.30322839343e-05, 3.21340157825e-05, 4.42094133177e-05, 6.09173075645e-05, 4.2210562242e-05, 5.14323000971e-05, 8.81154337549e-05, 5.38769709237e-05, 5.34943101229e-05, 7.64319702284e-05, 6.89781372785e-05, 7.02604011167e-05, 5.63171015528e-05, 3.97878502554e-05, 4.81136266899e-05, 3.73338370991e-05, 1.26627764985e-05, 1.03993825178e-05, 2.13297953451e-05, 1.25968654174e-05, 9.06797140487e-06, 1.72245836438e-05, 1.93011637748e-05, 1.33559478854e-05, 9.82050096354e-06, 7.97599659563e-06, 5.48556636204e-06, 1.32783643494e-05, 1.26755357996e-05, 9.55757877819e-06, 1.02064595922e-05, 1.33633802761e-05, 1.38458526635e-05, 1.29009094962e-05, 1.00059423858e-05, 9.26359007281e-06, 1.20641670946e-05, 1.59318224178e-05, 8.20289824333e-06, 8.7233247541e-06, 9.45870124269e-06, 1.02516560219e-05, 7.11315124136e-06, 5.08840003022e-06, 6.27692634225e-06, 3.46049091604e-06, 2.27719829127e-06, 2.20759784497e-06, 1.79309267878e-06, 6.6983926672e-07, 6.75353987845e-07, 4.71174246286e-07, 2.22862581722e-07, 2.50764799148e-07, 1.67213812574e-07, 6.36637693674e-08, 7.49914974563e-09, 8.7568730045e-11, 7.74341285537e-11, 1.86114925554e-11, 1.21697391747e-11, 1.2261559823e-11, 1.12693621795e-11, 1.16255182564e-11, 1.09241565446e-11, 1.0896053157e-11, 9.98436142791e-12, 9.32027632156e-12, 8.71963612425e-12, 9.29349045636e-12, 9.43596242808e-12, 9.75049468249e-12, 7.24468185095e-12, 7.23494354704e-12, 7.29102628966e-12, 5.10186554462e-12, 4.85870631922e-12, 4.72764275644e-12, 4.64431618163e-12, 4.61197703291e-12],
        "min": [1.01703900857e-09, 1.54109336403e-09, 9.81641323783e-10, 9.65633129013e-11, 9.59679696821e-11, 8.16492290445e-11, 7.00104418883e-11, 5.99722216332e-11, 5.19053584835e-11, 2.58749063842e-11, 5.2828380559e-11, 4.11979096671e-11, 3.93089796824e-11, 3.15864487344e-11, 2.47899652195e-11, 2.37649379342e-11, 1.9755008393e-11, 1.592469559e-11, 1.54267449509e-11, 1.26406177192e-11, 1.10018461355e-11, 1.02968935461e-11, 7.73130344467e-12, 7.89738153345e-12, 6.23280767276e-12, 6.37286447572e-12, 5.73743309806e-12, 4.12690021045e-12, 4.92018405185e-12, 4.32543584283e-12, 4.02362778512e-12, 3.37826468189e-12, 3.08384004097e-12, 2.36584428263e-12, 2.51964378181e-12, 2.16166732951e-12, 2.06142329769e-12, 1.96832220661e-12, 1.68935622869e-12, 1.7909516101e-12, 1.72383060517e-12, 1.49926880806e-12, 1.42562567654e-12, 1.39472786619e-12, 1.22246711452e-12, 1.06321787312e-12, 9.34003200302e-13, 8.36673287076e-13, 7.64062641281e-13, 6.85304623379e-13, 7.31575065284e-13, 6.89636607369e-13, 6.54145682934e-13, 6.0267063692e-13, 5.97817964836e-13, 5.82463114199e-13, 5.36124638607e-13, 4.86195881732e-13, 4.54128244341e-13, 4.33847646393e-13, 4.00642924869e-13, 3.79367896689e-13, 3.57930780284e-13, 3.07748862201e-13, 2.67357262631e-13, 2.62123276643e-13, 2.86856069497e-13, 2.64954128516e-13, 2.46610105384e-13, 2.3515008842e-13, 2.40174281288e-13, 2.09898057594e-13, 1.81163054393e-13, 1.68643270464e-13, 1.50714456106e-13, 1.33318459354e-13, 1.23977108961e-13, 1.48987823489e-13, 1.195149665e-13, 1.17118866146e-13, 1.14995144483e-13, 1.43826086024e-13, 9.98075862409e-14, 1.01214264021e-13, 1.20037321554e-13, 9.29490249417e-14, 8.44264911345e-14, 7.41948277989e-14, 8.32400893548e-14, 6.63879216357e-14, 5.30206371971e-14, 5.94297560382e-14, 6.43142833369e-14, 7.33223093244e-14, 4.72043905971e-14, 5.73075590346e-14, 5.03790870241e-14, 4.70322735022e-14, 5.56737070182e-14, 3.60893735415e-14, 3.40080950055e-14, 4.51190530792e-14, 5.03572810079e-14, 5.07337600479e-14, 2.67726972184e-14, 2.57397134341e-14, 2.5938540866e-14, 3.86557105769e-14, 2.90828491389e-14, 2.52992834066e-14, 2.00821177992e-14, 3.12647077552e-14, 2.05234101063e-14, 1.67212553889e-14, 2.71527490433e-14, 2.19485006884e-14, 1.83538622668e-14, 2.15056413704e-14, 1.48733615349e-14, 2.53978136672e-14, 2.02153781047e-14, 1.66091759893e-14, 2.21928188717e-14, 2.03707730751e-14, 1.75487100166e-14, 1.6521963783e-14, 3.56725088176e-15, 1.43049266708e-16],
        "stdev": [4.26620827056e-05, 0.00010059565102, 0.000172888001543, 0.000266636168817, 0.000396602001274, 0.000399276585085, 0.000391050067265, 0.000455640227301, 0.000429674837505, 0.000338813115377, 0.00043977968744, 0.000463441450847, 0.000288582232315, 0.000376363663236, 0.000457445479697, 0.000418123352574, 0.000541114248335, 0.000893777469173, 0.00123673735652, 0.00183527497575, 0.00192050822079, 0.001683649607, 0.00169667950831, 0.000886002671905, 0.000481457827846, 0.000370183755876, 0.000568632036448, 0.000541158951819, 0.000277516635833, 0.00024309651053, 0.000200526541448, 0.000132476212457, 0.000213843406527, 0.000532893755008, 0.000565037655178, 0.000242699781666, 0.000191637562239, 0.000138000890729, 0.000128969724756, 0.000125958395074, 0.000100887235021, 9.54168790486e-05, 0.000132699075039, 0.000136577902595, 5.2221264923e-05, 7.09513260517e-05, 0.000123905047076, 9.06033455976e-05, 8.64009125507e-05, 7.15960559319e-05, 8.09649573057e-05, 9.38614975894e-05, 8.81139712874e-05, 9.51431647991e-05, 0.000133516150527, 8.7013002485e-05, 9.77376839728e-05, 0.000105259983684, 9.66333827819e-05, 0.000111754037789, 9.28543158807e-05, 6.52825983707e-05, 7.99857079983e-05, 6.57690616208e-05, 1.78981099452e-05, 1.44261684909e-05, 4.05134669563e-05, 2.51847068284e-05, 2.00313024834e-05, 3.56314812962e-05, 4.05784521718e-05, 1.99554779101e-05, 1.71933970705e-05, 1.47584250954e-05, 9.87122712104e-06, 2.21305017476e-05, 1.94367130462e-05, 1.78853733814e-05, 1.58532948262e-05, 1.9655613869e-05, 2.37504336837e-05, 2.23987608479e-05, 2.09249337786e-05, 1.83094089152e-05, 2.38729026023e-05, 2.91032356472e-05, 1.58227576321e-05, 1.76322573679e-05, 1.83261981874e-05, 2.0570549168e-05, 1.37767947308e-05, 1.08348276626e-05, 1.15345164886e-05, 6.17811019765e-06, 3.69990880245e-06, 3.68371297554e-06, 3.46399292539e-06, 1.19932815323e-06, 1.17967965707e-06, 9.05836316178e-07, 4.04809043175e-07, 5.12387998697e-07, 3.18314306469e-07, 1.14499620452e-07, 1.49840566621e-08, 5.13378561884e-10, 4.81367445904e-10, 2.7191068841e-10, 2.46321185671e-10, 2.58466081871e-10, 2.31560090547e-10, 2.52609461127e-10, 2.34192137905e-10, 2.40246322836e-10, 2.12510786746e-10, 1.9352769387e-10, 1.76778786054e-10, 2.01483274509e-10, 2.11593229049e-10, 2.28905297495e-10, 1.40871606047e-10, 1.42180128782e-10, 1.45641596005e-10, 1.01499725291e-10, 9.99038352045e-11, 9.87301837507e-11, 9.77785283296e-11, 9.72258940024e-11]
    },
    "mfcc": {
        "mean": [-622.112609863, 90.0002441406, -19.5027256012, 13.3399534225, -23.4569797516, -4.35453939438, -19.8127498627, 18.3016929626, -7.61206150055, -2.85075426102, -3.82575631142, 7.29980897903, -6.37579679489],
        "cov": [[3556.77832031, -1259.29199219, -766.545166016, -101.949356079, 38.3897972107, 99.9562149048, -85.3865203857, -42.9928741455, -59.2913284302, -50.0845909119, -8.4289226532, -84.009147644, -56.4346656799], [-1259.29199219, 1542.09899902, 161.418319702, 102.917251587, 60.6344833374, -312.688079834, -127.016227722, 106.457435608, 36.0312728882, -110.360778809, 81.397315979, 127.991386414, -12.6520080566], [-766.545166016, 161.418319702, 1004.60064697, 222.507751465, -22.9352455139, 86.4305953979, 197.18522644, -73.5828323364, -34.8345451355, 172.576980591, -79.3496704102, -104.908721924, 44.8810997009], [-101.949356079, 102.917251587, 222.507751465, 285.024047852, 130.039077759, 4.98039054871, -38.1387176514, -55.165184021, -15.78120327, 37.3383674622, 31.2934455872, -21.8237037659, -8.62860488892], [38.3897972107, 60.6344833374, -22.9352455139, 130.039077759, 282.723876953, 60.5170860291, -70.6766052246, -71.3596954346, -27.0700836182, 36.1605072021, 56.278968811, -21.123134613, -6.70411205292], [99.9562149048, -312.688079834, 86.4305953979, 4.98039054871, 60.5170860291, 228.858566284, 93.2186508179, -82.2551956177, -6.87421512604, 104.013519287, -25.4039287567, -68.9104537964, 24.371805191], [-85.3865203857, -127.016227722, 197.18522644, -38.1387176514, -70.6766052246, 93.2186508179, 206.411743164, 6.18331575394, 9.0329246521, 78.5864486694, -48.3632240295, -38.9310760498, 42.5055427551], [-42.9928741455, 106.457435608, -73.5828323364, -55.165184021, -71.3596954346, -82.2551956177, 6.18331575394, 157.093307495, 40.333770752, -81.0415039062, 3.0346827507, 65.8947219849, -3.57564997673], [-59.2913284302, 36.0312728882, -34.8345451355, -15.78120327, -27.0700836182, -6.87421512604, 9.0329246521, 40.333770752, 75.4493179321, -4.72456645966, -5.89023208618, 12.0905017853, -6.5692358017], [-50.0845909119, -110.360778809, 172.576980591, 37.3383674622, 36.1605072021, 104.013519287, 78.5864486694, -81.0415039062, -4.72456645966, 164.868255615, 1.73623812199, -75.3680267334, 24.9418640137], [-8.4289226532, 81.397315979, -79.3496704102, 31.2934455872, 56.278968811, -25.4039287567, -48.3632240295, 3.0346827507, -5.89023208618, 1.73623812199, 99.5046157837, 51.5436134338, -3.45797872543], [-84.009147644, 127.991386414, -104.908721924, -21.8237037659, -21.123134613, -68.9104537964, -38.9310760498, 65.8947219849, 12.0905017853, -75.3680267334, 51.5436134338, 138.85925293, 12.2356328964], [-56.4346656799, -12.6520080566, 44.8810997009, -8.62860488892, -6.70411205292, 24.371805191, 42.5055427551, -3.57564997673, -6.5692358017, 24.9418640137, -3.45797872543, 12.2356328964, 67.9257888794]],
        "icov": [[0.000517376931384, 0.000433725479525, 0.000399701442802, -0.000242887224886, -9.81594566838e-05, 0.000330148643116, -0.000101828154584, -0.00013687145838, 0.000379262841307, 1.06161396616e-05, 4.61718846054e-05, 0.000307029025862, 0.000123882084154], [0.000433725479525, 0.00153223704547, -0.000247082032729, 0.000152006628923, -0.000942647340707, 0.00205994630232, -3.1359235436e-05, 1.89405964193e-05, -0.000651755079161, 0.000300021376461, -0.000440120318672, -5.37362138857e-05, -0.000169135586475], [0.000399701442802, -0.000247082032729, 0.00277121271938, -0.00249675265513, 0.000897708174307, -6.93672554917e-05, -0.00165819830727, -0.000410768348956, 0.00199822848663, -0.00197857711464, 0.00210256641731, -5.21096153534e-05, 0.000303560955217], [-0.000242887224886, 0.000152006628923, -0.00249675265513, 0.00706020789221, -0.00287337577902, 0.0010593283223, 0.00139507593121, 0.00126308586914, -0.00184888904914, 0.00104368606117, -0.00210262555629, 0.000308838643832, 0.000178171845619], [-9.81594566838e-05, -0.000942647340707, 0.000897708174307, -0.00287337577902, 0.00726988725364, -0.00386916776188, 0.00205903174356, 0.000118045121781, 0.00166797090787, -0.000245207949774, -0.00235080905259, 0.00138228677679, -0.00050908094272], [0.000330148643116, 0.00205994630232, -6.93672554917e-05, 0.0010593283223, -0.00386916776188, 0.0117186745629, -0.00388844544068, 0.00317905587144, -0.00214854814112, -0.00186455319636, 0.00110507686622, -0.000139950949233, -0.000589231203776], [-0.000101828154584, -3.1359235436e-05, -0.00165819830727, 0.00139507593121, 0.00205903174356, -0.00388844544068, 0.0116847315803, -0.00388919538818, 0.000130485190311, -0.00356322247535, 0.00178491359111, 0.000125861726701, -0.00334660988301], [-0.00013687145838, 1.89405964193e-05, -0.000410768348956, 0.00126308586914, 0.000118045121781, 0.00317905587144, -0.00388919538818, 0.0137851955369, -0.00607734359801, 0.00564546743408, -0.00173754582647, -0.00200713030063, -3.55780284735e-05], [0.000379262841307, -0.000651755079161, 0.00199822848663, -0.00184888904914, 0.00166797090787, -0.00214854814112, 0.000130485190311, -0.00607734359801, 0.0185864344239, -0.00485905446112, 0.0037081418559, -0.00176205893513, 0.00326041295193], [1.06161396616e-05, 0.000300021376461, -0.00197857711464, 0.00104368606117, -0.000245207949774, -0.00186455319636, -0.00356322247535, 0.00564546743408, -0.00485905446112, 0.0178923476487, -0.00909495912492, 0.00763920042664, -0.00420262478292], [4.61718846054e-05, -0.000440120318672, 0.00210256641731, -0.00210262555629, -0.00235080905259, 0.00110507686622, 0.00178491359111, -0.00173754582647, 0.0037081418559, -0.00909495912492, 0.0210103839636, -0.0101198870689, 0.00305386609398], [0.000307029025862, -5.37362138857e-05, -5.21096153534e-05, 0.000308838643832, 0.00138228677679, -0.000139950949233, 0.000125861726701, -0.00200713030063, -0.00176205893513, 0.00763920042664, -0.0101198870689, 0.0171827469021, -0.0062648570165], [0.000123882084154, -0.000169135586475, 0.000303560955217, 0.000178171845619, -0.00050908094272, -0.000589231203776, -0.00334660988301, -3.55780284735e-05, 0.00326041295193, -0.00420262478292, 0.00305386609398, -0.0062648570165, 0.0200113821775]]
    },
    "spectral_contrast_coeffs": {
        "max": [-0.422454804182, -0.34613764286, -0.481035798788, -0.582322955132, -0.503714084625, -0.54149889946],
        "mean": [-0.703703582287, -0.718265593052, -0.707633376122, -0.760412573814, -0.736483156681, -0.691433191299],
        "min": [-0.942651629448, -0.982784748077, -0.967561662197, -0.961092591286, -0.940013825893, -0.920453310013],
        "stdev": [0.0704577565193, 0.104906238616, 0.0786059573293, 0.0616683326662, 0.0682936906815, 0.0411861948669]
    },
    "spectral_contrast_valleys": {
        "max": [-5.69462394714, -5.12299919128, -5.76894044876, -6.1023349762, -5.84317302704, -8.33965682983],
        "mean": [-7.52793073654, -6.65009260178, -7.38081407547, -7.76258230209, -7.38598108292, -10.2193431854],
        "min": [-19.2491092682, -18.1092777252, -18.1354885101, -17.9431934357, -18.0468769073, -19.1247234344],
        "stdev": [0.749704360962, 0.693771481514, 0.702042758465, 0.821494340897, 0.809571921825, 0.835482954979]
    }
},
"rhythm": {
    "beats_count": 65,
    "beats_loudness": {
        "max": 0.0564345531166,
        "mean": 0.0246402528137,
        "min": 0.00175683049019,
        "stdev": 0.01259327773
    },
    "bpm": 76.8979873657,
    "bpm_histogram_first_peak_bpm": 77,
    "bpm_histogram_first_peak_weight": 0.462962985039,
    "bpm_histogram_second_peak_bpm": 94,
    "bpm_histogram_second_peak_spread": 0.285714268684,
    "bpm_histogram_second_peak_weight": 0.078125,
    "danceability": 1.02678608894,
    "onset_rate": 2.33907008171,
    "beats_loudness_band_ratio": {
        "max": [0.562345027924, 0.740412056446, 0.873189628124, 0.578132808208, 0.363472521305, 0.803705334663],
        "mean": [0.115875594318, 0.125757932663, 0.323949486017, 0.176584213972, 0.152546525002, 0.160687014461],
        "min": [8.62440938363e-05, 0.00298108882271, 0.00971598550677, 0.00094633968547, 0.00171736674383, 0.00561599154025],
        "stdev": [0.139188036323, 0.150542244315, 0.242686152458, 0.128222227097, 0.101569876075, 0.164954558015]
    },
