{
"metadata": {
    "version": {
        "essentia": "2.1-beta5",
        "essentia_git_sha": "Undefined",
        "extractor": "music 2.0"
    },
    "audio_properties": {
        "analysis": {
            "equal_loudness": 0,
            "length": 27.2602272034,
            "sample_rate": 44100,
            "start_time": 158.998641968,
            "downmix": "mix"
        },
        "bit_rate": 192000,
        "length": 186.282104492,
        "lossless": 0,
        "number_channels": 2,
        "replay_gain": -7.7716178894,
        "sample_rate": 48000,
        "codec": "mp3",
        "md5_encoded": "3223e8fae9b57274a7a73479bc05ac0e"
    },
    "tags": {
        "file_name": "Monaco_Dis Rien_François Deguelt.mp3",
        "encoding": ["Lavf58.29.100"]
    }
},
"lowlevel": {
    "average_loudness": 0.966595113277,
    "barkbands_crest": {
        "max": 26.8748512268,
        "mean": 8.5154209137,
        "min": 2.3358900547,
        "stdev": 4.39214706421
    },
    "barkbands_flatness_db": {
        "max": 0.51050055027,
        "mean": 0.16239002347,
        "min": 0.0877702310681,
        "stdev": 0.0508093461394
    },
    "barkbands_kurtosis": {
        "max": 779.359313965,
        "mean": 1.46451199055,
        "min": -1.78164148331,
        "stdev": 25.5490207672
    },
    "barkbands_skewness": {
        "max": 27.6991329193,
        "mean": 0.463488042355,
        "min": -9.12482738495,
        "stdev": 1.3981218338
    },
    "barkbands_spread": {
        "max": 62.9131240845,
        "mean": 26.22996521,
        "min": 0.712557375431,
        "stdev": 11.0655841827
    },
    "dissonance": {
        "max": 0.499999970198,
        "mean": 0.46702221036,
        "min": 0.332886070013,
        "stdev": 0.0268725734204
    },
    "dynamic_complexity": 2.2858569622,
    "erbbands_crest": {
        "max": 26.7301464081,
        "mean": 9.2881526947,
        "min": 1.69853913784,
        "stdev": 4.55596256256
    },
    "erbbands_flatness_db": {
        "max": 0.367756158113,
        "mean": 0.218538865447,
        "min": 0.0255968049169,
        "stdev": 0.0509286001325
    },
    "erbbands_kurtosis": {
        "max": 53.2238311768,
        "mean": 0.20574015379,
        "min": -1.77810442448,
        "stdev": 3.40800070763
    },
    "erbbands_skewness": {
        "max": 2.3973865509,
        "mean": 0.0144140999764,
        "min": -4.58011865616,
        "stdev": 0.82413649559
    },
    "erbbands_spread": {
        "max": 87.6963195801,
        "mean": 33.7348480225,
        "min": 2.19623351097,
        "stdev": 12.893860817
    },
    "hfc": {
        "max": 108.164634705,
        "mean": 33.4274482727,
        "min": 8.49992943586e-07,
        "stdev": 16.9198093414
    },
    "loudness_ebu128": {
        "integrated": -15.691534996,
        "loudness_range": 2.34245300293,
        "momentary": {
            "max": -12.964017868,
            "mean": -16.3612976074,
            "min": -32.5950584412,
            "stdev": 2.87078309059
        },
        "short_term": {
            "max": -14.5406990051,
            "mean": -15.7362852097,
            "min": -21.7663803101,
            "stdev": 1.20096707344
        }
    },
    "melbands_crest": {
        "max": 39.9545707703,
        "mean": 11.8207187653,
        "min": 2.76504707336,
        "stdev": 6.32364463806
    },
    "melbands_flatness_db": {
        "max": 0.480966180563,
        "mean": 0.128052175045,
        "min": 0.033304836601,
        "stdev": 0.0547411441803
    },
    "melbands_kurtosis": {
        "max": 1308.07885742,
        "mean": 4.53553199768,
        "min": -1.88637053967,
        "stdev": 41.8790473938
    },
    "melbands_skewness": {
        "max": 35.3354759216,
        "mean": 1.38778984547,
        "min": -4.08099794388,
        "stdev": 1.50568580627
    },
    "melbands_spread": {
        "max": 173.39553833,
        "mean": 42.3366394043,
        "min": 0.750768065453,
        "stdev": 20.6626338959
    },
    "pitch_salience": {
        "max": 0.927553236485,
        "mean": 0.580804467201,
        "min": 0.00442400714383,
        "stdev": 0.109212651849
    },
    "silence_rate_20dB": {
        "max": 1,
        "mean": 1,
        "min": 1,
        "stdev": 0
    },
    "silence_rate_30dB": {
        "max": 1,
        "mean": 1,
        "min": 1,
        "stdev": 0
    },
    "silence_rate_60dB": {
        "max": 1,
        "mean": 0.0493617020547,
        "min": 0,
        "stdev": 0.216621384025
    },
    "spectral_centroid": {
        "max": 5961.82666016,
        "mean": 2160.48852539,
        "min": 592.518493652,
        "stdev": 595.174743652
    },
    "spectral_complexity": {
        "max": 47,
        "mean": 21.9234046936,
        "min": 0,
        "stdev": 8.21918106079
    },
    "spectral_decrease": {
        "max": -1.66110688962e-15,
        "mean": -4.8422585941e-09,
        "min": -1.55235415633e-08,
        "stdev": 2.3757598111e-09
    },
    "spectral_energy": {
        "max": 0.0651673451066,
        "mean": 0.0213077906519,
        "min": 6.34650199061e-09,
        "stdev": 0.0101043926552
    },
    "spectral_energyband_high": {
        "max": 0.00947225559503,
        "mean": 0.00174757489003,
        "min": 5.24069433683e-11,
        "stdev": 0.00160433899146
    },
    "spectral_energyband_low": {
        "max": 0.0162775721401,
        "mean": 0.0011418875074,
        "min": 2.97450686304e-09,
        "stdev": 0.00189466180746
    },
    "spectral_energyband_middle_high": {
        "max": 0.0399978868663,
        "mean": 0.00888792145997,
        "min": 1.86601567531e-11,
        "stdev": 0.00536760594696
    },
    "spectral_energyband_middle_low": {
        "max": 0.0513786710799,
        "mean": 0.00994666758925,
        "min": 1.52215360542e-12,
        "stdev": 0.00694604450837
    },
    "spectral_entropy": {
        "max": 8.8892583847,
        "mean": 7.61738967896,
        "min": 6.55906105042,
        "stdev": 0.40128198266
    },
    "spectral_flux": {
        "max": 0.20436757803,
        "mean": 0.0799750760198,
        "min": 0.000114633214253,
        "stdev": 0.0315068922937
    },
    "spectral_kurtosis": {
        "max": 21.6627616882,
        "mean": 2.20397138596,
        "min": -0.714035272598,
        "stdev": 2.26515102386
    },
    "spectral_rms": {
        "max": 0.00797357503325,
        "mean": 0.00437160255387,
        "min": 2.48831452154e-06,
        "stdev": 0.00129504897632
    },
    "spectral_rolloff": {
        "max": 7902.68554688,
        "mean": 3049.31518555,
        "min": 21.533203125,
        "stdev": 1286.66796875
    },
    "spectral_skewness": {
        "max": 2.6059024334,
        "mean": 0.933455467224,
        "min": -0.689743936062,
        "stdev": 0.313576042652
    },
    "spectral_spread": {
        "max": 12537474,
        "mean": 3816484.25,
        "min": 1722903.625,
        "stdev": 829308.875
    },
    "spectral_strongpeak": {
        "max": 13.6643886566,
        "mean": 1.96495258808,
        "min": 0,
        "stdev": 1.86054706573
    },
    "zerocrossingrate": {
        "max": 0.3154296875,
        "mean": 0.0977522432804,
        "min": 0,
        "stdev": 0.0347971692681
    },
    "barkbands": {
        "max": [0.000393875146983, 0.00500936387107, 0.0121950339526, 0.0190052650869, 0.0177660435438, 0.0162328109145, 0.00928287394345, 0.0208634361625, 0.0495875924826, 0.00522345257923, 0.0357915870845, 0.00927448086441, 0.0164541713893, 0.00204960932024, 0.0055954833515, 0.00614784052595, 0.00824577081949, 0.0269290972501, 0.00651183538139, 0.00338753429241, 0.00332396035083, 0.003402344184, 0.00424832617864, 0.00170778459869, 0.000149389205035, 1.6408640704e-06, 1.66175004779e-06],
        "mean": [7.71039049141e-06, 0.000162004696904, 0.000653041526675, 0.000739950803109, 0.00129851140082, 0.00103261647746, 0.000663825194351, 0.00143364747055, 0.00468003470451, 0.00057454733178, 0.000792180013377, 0.000382951810025, 0.00210809148848, 0.00031991204014, 0.000404369347962, 0.000507158227265, 0.000902571482584, 0.0022400461603, 0.000540818669833, 0.000344101252267, 0.000471871258924, 0.000475797511172, 0.000381869991543, 0.000173716805875, 1.64443881658e-05, 2.23410956401e-09, 2.20348050917e-09],
        "min": [5.20602050358e-09, 1.46710046889e-10, 4.61647931796e-14, 3.75694721372e-14, 5.74609126556e-14, 2.09997058805e-13, 1.0255033991e-13, 1.80706198703e-13, 4.05268781858e-13, 5.99049672714e-13, 5.31429392679e-13, 9.99512321867e-13, 4.28059958356e-13, 1.18905449722e-12, 5.4313785457e-13, 1.30293909342e-12, 1.80106016906e-12, 3.08601451685e-12, 2.2152288684e-12, 2.54581642226e-12, 3.56028639729e-12, 2.21120105733e-12, 2.88447781285e-12, 5.10761615294e-12, 1.12428850951e-11, 1.15993464833e-11, 1.44647783334e-11],
        "stdev": [2.59404750977e-05, 0.000429105130024, 0.00136488396674, 0.00145891902503, 0.00162265647668, 0.00146715261508, 0.000846041890327, 0.00321429152973, 0.00651627359912, 0.000706841179635, 0.00151325191837, 0.000717482820619, 0.0027826866135, 0.000346502987668, 0.00057138374541, 0.000692119006999, 0.00104004377499, 0.00261433538981, 0.000586808891967, 0.000455679779407, 0.000401844241424, 0.000473045074614, 0.000474382861285, 0.000228190852795, 2.11252263398e-05, 4.78796380321e-08, 4.84731934591e-08]
    },
    "erbbands": {
        "max": [0.223361819983, 1.06712031364, 9.33093547821, 32.2351493835, 57.7324981689, 47.0695838928, 96.8485641479, 194.895675659, 167.836685181, 165.646743774, 584.211303711, 1462.23730469, 279.586547852, 211.53288269, 1619.18652344, 193.079193115, 903.950073242, 126.845680237, 326.33807373, 342.234680176, 403.8956604, 321.58013916, 887.047912598, 827.452697754, 182.077224731, 230.025558472, 89.420791626, 190.421203613, 99.0684280396, 148.654922485, 118.445220947, 70.4902801514, 21.3178882599, 3.03747653961, 0.41816341877, 0.0122443633154, 0.00302518578246, 0.00105266901664, 0.000243227186729, 8.15522580524e-05],
        "mean": [0.00393938785419, 0.0490165613592, 0.551262140274, 1.74540996552, 2.76695919037, 4.91248369217, 7.23302030563, 9.27414608002, 8.90872478485, 12.4341993332, 51.5375862122, 133.186309814, 23.2201824188, 22.4302177429, 33.316368103, 24.5829162598, 107.89944458, 21.0740451813, 24.5878105164, 26.8571128845, 26.8438339233, 51.9376945496, 103.3695755, 67.5454788208, 22.3058662415, 19.5867919922, 15.2410593033, 21.6762390137, 15.6740226746, 13.816365242, 11.4875583649, 6.02947378159, 1.65181696415, 0.372123271227, 0.0408651232719, 0.00130345765501, 0.000122057514091, 2.81597895082e-05, 2.02942173928e-05, 3.01220279653e-05],
        "min": [6.50599218943e-08, 8.44638670117e-09, 1.11864262298e-09, 4.73754702135e-10, 3.4526159709e-10, 3.46071810098e-10, 6.76999400984e-10, 2.49543918862e-09, 1.86060056251e-09, 3.2634877023e-09, 4.87384577141e-09, 9.49579881393e-09, 1.37721780646e-08, 1.87638082849e-08, 2.45564262258e-08, 4.52307169496e-08, 1.86170687755e-08, 6.39732036234e-08, 2.98319413616e-08, 4.34142499728e-08, 8.02650390597e-08, 1.06264714361e-07, 1.62941191206e-07, 1.22167421068e-07, 1.17061588867e-07, 1.13778895638e-07, 1.0707439202e-07, 1.65967875887e-07, 8.9095287592e-08, 5.47518439475e-08, 9.75689076199e-08, 1.20759139577e-07, 7.60823439805e-08, 8.97140139955e-08, 8.76612560319e-08, 5.03723285306e-08, 2.45780302777e-08, 4.71875782893e-09, 2.84924239757e-09, 2.04673222814e-10],
        "stdev": [0.0139111215249, 0.1089560166, 1.08170580864, 2.94304656982, 4.76649713516, 6.55681419373, 9.32789802551, 15.1009054184, 11.9870681763, 16.4429798126, 92.2664794922, 193.918258667, 25.7659263611, 22.5704231262, 66.4537963867, 23.0187892914, 145.615859985, 18.7584877014, 28.6770801544, 37.9774208069, 40.7551727295, 48.8087501526, 109.89339447, 80.6026992798, 22.6194591522, 28.1587944031, 13.5636711121, 20.4380817413, 14.1400241852, 15.6191005707, 14.6966371536, 7.93673610687, 2.1526081562, 0.465463161469, 0.0552243702114, 0.00166331720538, 0.000151500556967, 3.88732914871e-05, 1.24667549244e-05, 1.37080869536e-05]
    },
    "gfcc": {
        "mean": [-11.6339082718, 87.6808013916, -187.938400269, 49.4087791443, -95.1656417847, 9.82432365417, -34.4585762024, -5.37555503845, -7.86990785599, -26.782169342, 1.15219080448, -14.1177854538, -5.2469201088],
        "cov": [[5161.55175781, 147.562133789, -190.769317627, 270.896575928, -329.208709717, 44.1699333191, -377.423522949, -141.437561035, -236.937789917, -223.139129639, -171.615890503, -311.621582031, -126.039489746], [147.562133789, 678.592407227, 7.02877378464, -110.786361694, 48.5805587769, -97.7468795776, 81.9386825562, -28.7817726135, 15.7445068359, -47.9088859558, 22.3142414093, -27.6997451782, -28.9602718353], [-190.769317627, 7.02877378464, 579.819091797, 290.506835938, -59.3182945251, 115.830200195, -72.923828125, -15.0567617416, -67.2820892334, 50.1059036255, -40.2025413513, -43.6741714478, 28.5603599548], [270.896575928, -110.786361694, 290.506835938, 334.133666992, 21.2227115631, 121.422157288, -118.961242676, -42.2006912231, -38.8386650085, 51.9542312622, -42.3047332764, -51.0762863159, 56.4563598633], [-329.208709717, 48.5805587769, -59.3182945251, 21.2227115631, 209.14805603, 24.3543148041, -27.0028152466, -0.51145786047, 38.2989082336, 22.006319046, 11.3755502701, 17.3500041962, 22.0965251923], [44.1699333191, -97.7468795776, 115.830200195, 121.422157288, 24.3543148041, 264.873474121, 12.2006473541, -35.0985717773, -7.58278560638, 77.0425186157, -21.0821418762, -61.6867599487, 20.1390151978], [-377.423522949, 81.9386825562, -72.923828125, -118.961242676, -27.0028152466, 12.2006473541, 264.335906982, 76.1815872192, 72.9986953735, 21.1491928101, 28.991109848, 28.7739524841, -38.8990478516], [-141.437561035, -28.7817726135, -15.0567617416, -42.2006912231, -0.51145786047, -35.0985717773, 76.1815872192, 112.384742737, 36.8233985901, 2.30936360359, 20.4889640808, 34.9747695923, -12.1107292175], [-236.937789917, 15.7445068359, -67.2820892334, -38.8386650085, 38.2989082336, -7.58278560638, 72.9986953735, 36.8233985901, 89.9049835205, 35.2788238525, 31.0997333527, 39.1482849121, 6.87149047852], [-223.139129639, -47.9088859558, 50.1059036255, 51.9542312622, 22.006319046, 77.0425186157, 21.1491928101, 2.30936360359, 35.2788238525, 99.3019256592, 17.974565506, -5.62023830414, 32.339717865], [-171.615890503, 22.3142414093, -40.2025413513, -42.3047332764, 11.3755502701, -21.0821418762, 28.991109848, 20.4889640808, 31.0997333527, 17.974565506, 65.4064178467, 52.9225120544, 11.6931581497], [-311.621582031, -27.6997451782, -43.6741714478, -51.0762863159, 17.3500041962, -61.6867599487, 28.7739524841, 34.9747695923, 39.1482849121, -5.62023830414, 52.9225120544, 109.601623535, 37.0303001404], [-126.039489746, -28.9602718353, 28.5603599548, 56.4563598633, 22.0965251923, 20.1390151978, -38.8990478516, -12.1107292175, 6.87149047852, 32.339717865, 11.6931581497, 37.0303001404, 88.7345046997]],
        "icov": [[0.000689816195518, -0.000964542443398, 0.00178377388511, -0.00208674650639, 0.00204949406907, -0.00100946053863, 0.00147607317194, -0.001220298931, 0.000330058246618, 0.000627750239801, 0.000569514173549, -0.000268732313998, 0.0014005836565], [-0.000964542443398, 0.00450445665047, -0.00449863448739, 0.00480693858117, -0.00483070220798, 0.0033776180353, -0.00417391955853, 0.00403248937801, -0.00233748694882, 0.00291746365838, -0.00535808410496, 0.00668751029298, -0.00532037205994], [0.00178377388511, -0.00449863448739, 0.00972143840045, -0.010031843558, 0.00759273022413, -0.0040396656841, 0.00477408478037, -0.00539825018495, 0.00484442105517, -0.00276454654522, 0.00530222803354, -0.00683483947068, 0.00748731335625], [-0.00208674650639, 0.00480693858117, -0.010031843558, 0.0158451832831, -0.00827858131379, 0.00279455631971, -0.00332690868527, 0.00484194047749, -0.00392046337947, 0.000203359551961, -0.00282342545688, 0.00701366784051, -0.0099433362484], [0.00204949406907, -0.00483070220798, 0.00759273022413, -0.00827858131379, 0.0134397260845, -0.00525433663279, 0.00732893263921, -0.00534440437332, -0.00106811302248, -0.000493599276524, 0.00482437945902, -0.00569588737562, 0.0064908969216], [-0.00100946053863, 0.0033776180353, -0.0040396656841, 0.00279455631971, -0.00525433663279, 0.0095612667501, -0.00567226950079, 0.00480441469699, 0.000164827069966, -0.00252694846131, -0.00376985385083, 0.00720078218728, -0.00510175386444], [0.00147607317194, -0.00417391955853, 0.00477408478037, -0.00332690868527, 0.00732893263921, -0.00567226950079, 0.012277001515, -0.00708707096055, -0.00294672674499, -0.00183312781155, 0.00509816873819, -0.00599924055859, 0.00791954062879], [-0.001220298931, 0.00403248937801, -0.00539825018495, 0.00484194047749, -0.00534440437332, 0.00480441469699, -0.00708707096055, 0.0168797038496, -0.00411890726537, 0.00116643635556, -0.00396655546501, 0.00205997377634, -0.00276604364626], [0.000330058246618, -0.00233748694882, 0.00484442105517, -0.00392046337947, -0.00106811302248, 0.000164827069966, -0.00294672674499, -0.00411890726537, 0.0270689595491, -0.0127266366035, 0.00360596459359, -0.0112075377256, 0.00575967831537], [0.000627750239801, 0.00291746365838, -0.00276454654522, 0.000203359551961, -0.000493599276524, -0.00252694846131, -0.00183312781155, 0.00116643635556, -0.0127266366035, 0.0289586633444, -0.0153952063993, 0.0179216209799, -0.0123625472188], [0.000569514173549, -0.00535808410496, 0.00530222803354, -0.00282342545688, 0.00482437945902, -0.00376985385083, 0.00509816873819, -0.00396655546501, 0.00360596459359, -0.0153952063993, 0.0391087755561, -0.0268751904368, 0.0118912160397], [-0.000268732313998, 0.00668751029298, -0.00683483947068, 0.00701366784051, -0.00569588737562, 0.00720078218728, -0.00599924055859, 0.00205997377634, -0.0112075377256, 0.0179216209799, -0.0268751904368, 0.0420320704579, -0.0226890966296], [0.0014005836565, -0.00532037205994, 0.00748731335625, -0.0099433362484, 0.0064908969216, -0.00510175386444, 0.00791954062879, -0.00276604364626, 0.00575967831537, -0.0123625472188, 0.0118912160397, -0.0226890966296, 0.0300358626992]]
    },
    "melbands": {
        "max": [0.00156833289657, 0.00361521262676, 0.00631963368505, 0.00450566783547, 0.00316677358933, 0.00380698265508, 0.00219811545685, 0.00187182659283, 0.00458266679198, 0.00806630589068, 0.00136161304545, 0.000906479603145, 0.00563779659569, 0.00112570892088, 0.00127856386825, 0.0015188875841, 0.000167766527738, 0.000460698414827, 0.000542125548236, 0.000421415606979, 0.000585103931371, 0.000397141004214, 0.000636458978988, 0.00142239150591, 0.000611424620729, 0.000127986160805, 9.66044099187e-05, 0.000151876593009, 7.08837542334e-05, 8.53706078487e-05, 9.26694701775e-05, 4.24634818046e-05, 0.000138766437885, 0.000101273501059, 8.06964599178e-05, 6.39011486783e-05, 3.14255230478e-05, 1.8468412236e-05, 4.08425512433e-06, 1.70193379745e-06],
        "mean": [3.93244481529e-05, 0.000220128757064, 0.00034221180249, 0.000254116690485, 0.00027032091748, 0.000204658965231, 0.000130377753521, 0.000148825987708, 0.000517152249813, 0.000774734595325, 7.95101295807e-05, 8.64372486831e-05, 0.000123078847537, 4.95275271533e-05, 0.000150713836774, 0.000191546205315, 2.17375927605e-05, 4.00898425141e-05, 2.97434016829e-05, 3.4185959521e-05, 3.25990949932e-05, 4.19209245592e-05, 9.15672135307e-05, 0.000108258536784, 4.90561178594e-05, 1.89274032891e-05, 1.02670128399e-05, 1.31219212562e-05, 9.14410611585e-06, 1.06779161797e-05, 1.25858796309e-05, 7.92777245806e-06, 1.04626196844e-05, 6.49630055705e-06, 7.70863152866e-06, 4.25161533713e-06, 3.18267734656e-06, 1.18545767691e-06, 4.9943423619e-07, 2.35386821146e-07],
        "min": [6.62073562641e-10, 6.29403755677e-14, 1.8136344206e-14, 1.25267880446e-14, 1.88505420583e-14, 4.83130042591e-14, 2.49942499016e-14, 4.58282093914e-14, 4.84166472105e-14, 5.67167942115e-14, 6.76115318788e-14, 7.3874574806e-14, 7.67545342605e-14, 8.99179073755e-14, 6.53763271275e-14, 5.7588746868e-14, 1.26911380168e-13, 4.72377704715e-14, 5.6291482028e-14, 7.61229390612e-14, 1.04063100097e-13, 1.07077473516e-13, 1.28931967099e-13, 1.59318847177e-13, 8.69526279863e-14, 7.96516173331e-14, 7.41046899408e-14, 8.44037364414e-14, 6.64460348722e-14, 8.35321666438e-14, 8.41499856992e-14, 5.7010941649e-14, 2.66636603611e-14, 3.06951729659e-14, 5.19190742373e-14, 6.54801462618e-14, 7.73887450975e-14, 5.13772204847e-14, 5.96242212504e-14, 7.79987714499e-14],
        "stdev": [0.00011689963867, 0.000410467560869, 0.000560800253879, 0.000342674844433, 0.000315139681334, 0.000310000003083, 0.000170415922184, 0.000232411272009, 0.000811908801552, 0.0011639300501, 0.000104408682091, 9.62082922342e-05, 0.000238057866227, 9.3918722996e-05, 0.000198104215087, 0.000264231261099, 2.4143660994e-05, 4.76663881273e-05, 4.56584821222e-05, 4.68661055493e-05, 5.79374136578e-05, 5.21077345184e-05, 9.14965057746e-05, 0.000147204569657, 6.2555896875e-05, 1.94240947167e-05, 1.18780117191e-05, 2.01623333851e-05, 1.02176290966e-05, 9.52224672801e-06, 1.1817783161e-05, 6.99649672242e-06, 1.30315847855e-05, 8.01402165962e-06, 1.02642225102e-05, 5.74275054532e-06, 4.36284517491e-06, 1.57086992658e-06, 6.26146061222e-07, 3.06712280462e-07]
    },
    "melbands128": {
        "max": [0.00036901520798, 0.00205080304295, 0.0027387032751, 0.00195833551697, 0.00423375284299, 0.00680624973029, 0.00608003512025, 0.0104014165699, 0.00692063616589, 0.00688319792971, 0.00296436040662, 0.00473573897034, 0.00463252374902, 0.00433882651851, 0.00722434837371, 0.00335867214017, 0.00426161056384, 0.0022112110164, 0.001744043082, 0.00302147632465, 0.00404144311324, 0.00684777228162, 0.00905551016331, 0.0113222692162, 0.0183276142925, 0.0104810297489, 0.00315926969051, 0.00151189020835, 0.00122177053709, 0.00144349457696, 0.001243086881, 0.0022574539762, 0.00948639586568, 0.00660215690732, 0.00315824779682, 0.00109529716428, 0.000708136882167, 0.000981292803772, 0.00375712802634, 0.00441849417984, 0.00197385577485, 0.000583346525673, 0.000370004330762, 0.000235522908042, 0.000412986672018, 0.000607520109043, 0.00132038420998, 0.000945486826822, 0.000868440547492, 0.00134255527519, 0.000396276504034, 0.00052073696861, 0.00111987045966, 0.00105970201548, 0.00118794199079, 0.000755766464863, 0.000581519852858, 0.00103053753264, 0.00124637212139, 0.00112792605069, 0.00222222227603, 0.0032307067886, 0.00125228462275, 0.000857014150824, 0.000350055837771, 0.000143104887684, 0.000400174903916, 0.000111785891932, 9.31144459173e-05, 0.000294741272228, 0.000323803338688, 0.000103389676951, 0.000110142005724, 0.000158646565978, 5.76581842324e-05, 0.000128495390527, 0.000125994440168, 0.000305154477246, 0.000124661339214, 0.000167015168699, 5.38979002158e-05, 4.46314588771e-05, 9.59320750553e-05, 0.000292634038487, 9.154741565e-05, 0.00013278836559, 8.06103635114e-05, 0.000134147878271, 0.000128755666083, 0.000114231130283, 7.79781621532e-05, 7.64149590395e-05, 5.92726391915e-05, 5.27959673491e-05, 1.74257966137e-05, 1.39764215419e-05, 3.71799833374e-05, 1.00606839624e-05, 5.89108094573e-06, 6.86172461428e-06, 4.55589815829e-06, 2.30994010053e-06, 2.45872274718e-06, 1.41391126363e-06, 6.86520820636e-07, 1.39697045043e-08, 1.26818102686e-08, 1.2170469077e-08, 1.15201155282e-08, 1.09538476067e-08, 1.04367110509e-08, 9.97547466852e-09, 9.51405887406e-09, 9.11999720188e-09, 8.74805383688e-09, 8.41662739504e-09, 8.11227707231e-09, 7.85327980424e-09, 7.61562990448e-09, 7.37769045855e-09, 7.16987402782e-09, 6.98680313604e-09, 6.85051881888e-09, 6.71657662821e-09, 6.61109922362e-09, 6.52853016092e-09, 6.46394004988e-09, 6.42349506919e-09],
        "mean": [6.93547281116e-06, 2.74290359812e-05, 4.78418442071e-05, 7.13597037247e-05, 0.000206070384593, 0.000353545270627, 0.000338934187312, 0.000398919830332, 0.000263928901404, 0.000181396651897, 0.000290882831905, 0.000330313894665, 0.000214548315853, 0.000267530791461, 0.000262997637037, 0.000115194205137, 0.000150560110342, 0.000135305817821, 9.6650190244e-05, 0.00013546764967, 0.000132515284349, 0.000304021959892, 0.000488413264975, 0.000726353086066, 0.00137999630533, 0.000512273632921, 6.31332513876e-05, 4.865468145e-05, 8.38481864776e-05, 0.000110186068923, 6.49672583677e-05, 8.08815020719e-05, 0.000199482805328, 8.0488549429e-05, 4.97060100315e-05, 4.49195758847e-05, 4.40930889454e-05, 4.82630312035e-05, 0.000283558765659, 0.00040256200009, 9.51897382038e-05, 3.12984011543e-05, 2.23426177399e-05, 1.12742800411e-05, 3.31852570525e-05, 5.02969196532e-05, 4.50794541393e-05, 1.55061406986e-05, 2.00887716346e-05, 6.58410499454e-05, 2.67128543783e-05, 1.83028787433e-05, 3.07650625473e-05, 3.69051886082e-05, 4.09050589951e-05, 3.06082547468e-05, 4.60789669887e-05, 0.00010838660819, 0.000110739776574, 5.57498788112e-05, 0.000118068979646, 0.000151789645315, 5.48476346012e-05, 2.23789593292e-05, 2.51897290582e-05, 1.71273568412e-05, 2.11626211239e-05, 7.52410414862e-06, 5.85816997045e-06, 1.32984032462e-05, 1.96212022274e-05, 8.73066892382e-06, 8.20470722829e-06, 1.12635561891e-05, 6.76613399264e-06, 8.60942600411e-06, 1.11493127406e-05, 1.9401542886e-05, 9.65044910117e-06, 1.18032412502e-05, 6.90114302415e-06, 5.99580107519e-06, 1.01064442788e-05, 1.35655545819e-05, 8.30433782539e-06, 5.79717834626e-06, 6.00960720476e-06, 6.88592717779e-06, 1.07490668597e-05, 5.26496296516e-06, 4.34073490396e-06, 3.48603748535e-06, 4.90398315378e-06, 4.17764613303e-06, 1.45782223626e-06, 9.67159621723e-07, 1.50169023527e-06, 9.26313362015e-07, 3.43348602883e-07, 3.44821245335e-07, 4.13283913758e-07, 1.67880841673e-07, 1.08299872181e-07, 8.22165802106e-08, 1.71897802659e-08, 1.24625032516e-10, 8.32110838567e-11, 2.14421778943e-11, 1.53469095071e-11, 1.44970598026e-11, 1.38186120532e-11, 1.32717196608e-11, 1.26475349291e-11, 1.21344028575e-11, 1.16605076289e-11, 1.12151442647e-11, 1.09655479141e-11, 1.05446675697e-11, 1.0275003938e-11, 9.97565398342e-12, 9.57416784741e-12, 9.37715790433e-12, 8.98133997729e-12, 8.71519609952e-12, 8.54249570387e-12, 8.36753409617e-12, 8.2494844289e-12, 8.19373301847e-12],
        "min": [3.84942383524e-10, 7.81439135622e-10, 3.31930281872e-11, 1.1928286592e-13, 5.32192969164e-14, 1.67622365369e-14, 2.81401963363e-14, 9.1588139457e-15, 1.98928652278e-14, 1.05271550144e-14, 1.4426314486e-14, 2.96829461475e-15, 8.73504082109e-15, 1.90311244004e-14, 7.51945299646e-14, 4.79847044532e-14, 2.33611924022e-14, 2.97833555507e-14, 5.58848452269e-15, 2.17400729851e-14, 5.1240638116e-14, 1.84441000748e-14, 3.72967038113e-14, 8.37874623741e-14, 3.55161389122e-14, 5.62668435336e-14, 1.03189466927e-14, 9.54971236637e-14, 6.96074057768e-14, 5.84866085684e-14, 9.30403079883e-14, 4.2884288785e-14, 3.68248488614e-14, 5.86092792679e-14, 4.23378136206e-14, 1.03644489638e-13, 1.3386050623e-13, 4.13532767328e-14, 7.41660693363e-15, 1.80648952828e-14, 5.64053537493e-14, 1.25493555434e-13, 1.68432582877e-13, 8.82438246823e-14, 5.6464605398e-14, 2.44297092186e-14, 2.22574813669e-14, 5.02590421266e-14, 2.0579217719e-14, 5.36188965678e-14, 1.1271614474e-13, 5.97352096715e-14, 6.97492397498e-14, 1.29616220643e-13, 6.92936783257e-14, 8.64027477495e-14, 8.29237191608e-14, 9.09362916999e-14, 9.4486159348e-14, 1.40073770725e-13, 1.38786578801e-13, 9.49422832019e-14, 1.15110395174e-13, 5.17896238861e-14, 3.6337039199e-14, 5.92613929934e-14, 7.77764151368e-14, 1.28147058936e-13, 5.82574014528e-14, 1.91185060134e-14, 8.04177281407e-14, 4.88954444424e-14, 7.24419100553e-14, 5.97218604323e-14, 4.41693699031e-14, 5.8192207021e-14, 1.22255409464e-13, 1.07198748305e-13, 5.1040701071e-14, 5.07658185509e-14, 4.9890515032e-14, 5.85895467884e-14, 2.59573416093e-14, 2.25863876484e-14, 2.19311246545e-14, 3.26612753499e-14, 3.09772755949e-14, 3.38945993668e-14, 4.67385699099e-14, 8.17547527072e-14, 4.60972270555e-14, 6.27085866957e-14, 8.79748883334e-14, 8.99817465547e-14, 5.65614483689e-14, 6.43254302905e-14, 4.5913139691e-14, 4.18371731031e-14, 3.97802891159e-14, 9.05978512155e-14, 8.05897706966e-14, 7.04956451829e-14, 8.60238936291e-14, 6.10189457013e-14, 9.74779949142e-14, 1.01980950811e-13, 8.22809837842e-14, 8.19770277051e-14, 6.40006981873e-14, 6.07806651689e-14, 5.94323784522e-14, 7.56069401422e-14, 7.18127136532e-14, 7.62134021799e-14, 5.10904828914e-14, 1.60709119623e-14, 1.56725506732e-14, 4.54588183231e-14, 5.65210550617e-14, 6.00221031189e-14, 8.46735401521e-14, 9.84017080601e-14, 6.90859316369e-14, 4.60220003654e-14, 5.02943905056e-14, 1.62601001592e-14, 3.52090653284e-15, 1.18928785925e-16],
        "stdev": [2.46279269049e-05, 0.000118931377074, 0.000172759013367, 0.00018213049043, 0.000419367075665, 0.000755762041081, 0.000608125759754, 0.000833419326227, 0.000501682283357, 0.000374200491933, 0.000438093062257, 0.000482163013658, 0.00040429038927, 0.000406364531955, 0.000528165372089, 0.000241411486058, 0.000270635238849, 0.000186986973858, 0.000142863762449, 0.000241776360781, 0.000348546600435, 0.000869173847605, 0.00135412369855, 0.00125380139798, 0.00224951119162, 0.00116622331552, 0.000142729084473, 0.00010733223462, 0.000150585736264, 0.00016352822422, 0.000115632705274, 0.000123107340187, 0.000419635965955, 0.000272662466159, 0.000210911108297, 8.89962102519e-05, 7.65020013205e-05, 0.000105962331872, 0.000520689063706, 0.000648288114462, 0.000226260890486, 5.16746549692e-05, 3.76758798666e-05, 1.88230751519e-05, 4.68600301247e-05, 7.68636309658e-05, 0.000100597695564, 5.80189916946e-05, 5.84562294534e-05, 0.000120723932923, 4.27673949162e-05, 4.08863779739e-05, 8.20680579636e-05, 9.21532482607e-05, 9.900432633e-05, 6.56246047583e-05, 7.42359261494e-05, 0.000150379972183, 0.000173947715666, 0.00010960875079, 0.000232433434576, 0.000266866816673, 0.000104277482023, 5.39866923646e-05, 3.5502936953e-05, 2.03823601623e-05, 4.08216692449e-05, 1.07147443487e-05, 1.00432243926e-05, 2.66903698503e-05, 3.93802947656e-05, 1.20970071293e-05, 1.34226847877e-05, 1.96145629161e-05, 8.3292625277e-06, 1.13100531962e-05, 1.24617918118e-05, 2.94765977742e-05, 1.08771419036e-05, 1.77482434083e-05, 7.20742264093e-06, 6.28389261692e-06, 1.24879234136e-05, 2.28680983128e-05, 1.2642944057e-05, 8.89524471859e-06, 8.16539886728e-06, 9.71737699729e-06, 1.7844073227e-05, 8.61221815285e-06, 7.240112609e-06, 5.54840607947e-06, 7.66361881688e-06, 6.72467422191e-06, 2.04605839826e-06, 1.33278274461e-06, 2.48935725722e-06, 1.54197516622e-06, 4.52211025959e-07, 6.36587969893e-07, 6.56645283925e-07, 2.43856618454e-07, 2.06626495469e-07, 1.36794241712e-07, 4.57895552586e-08, 5.38697531027e-10, 4.60096155619e-10, 3.56260937417e-10, 3.36157296443e-10, 3.19578891128e-10, 3.04500258341e-10, 2.91117713269e-10, 2.77611461597e-10, 2.66129340787e-10, 2.5528890113e-10, 2.45594378168e-10, 2.36919095453e-10, 2.29238794613e-10, 2.22369636593e-10, 2.15436585238e-10, 2.09198519618e-10, 2.0389209765e-10, 1.99748426133e-10, 1.95829616412e-10, 1.92755270079e-10, 1.90350249452e-10, 1.88467852436e-10, 1.8728875395e-10]
    },
    "mfcc": {
        "mean": [-616.186279297, 81.6653518677, -26.6969604492, 15.7162818909, -22.3337631226, -1.64695513248, -16.9923667908, 13.575097084, -12.7313709259, -7.93008899689, 2.18543386459, 3.30639815331, -14.5752954483],
        "cov": [[4199.72607422, -186.422698975, 149.838638306, 32.8319549561, 103.365104675, -3.13221240044, -17.3000564575, -116.535362244, -149.105285645, 131.326873779, -217.870040894, -191.782730103, -128.577529907], [-186.422698975, 699.927734375, -119.738632202, 15.2217149734, -68.8055496216, -96.1357345581, -6.62309789658, 47.7669067383, 18.1852684021, -123.808853149, 96.1514816284, 92.7705612183, -38.8429718018], [149.838638306, -119.738632202, 632.384094238, 128.826049805, 20.8456439972, 101.172363281, 71.1391372681, -72.2207794189, -20.2073020935, 120.592979431, -141.832290649, -66.7398605347, 49.5082092285], [32.8319549561, 15.2217149734, 128.826049805, 165.599975586, 65.1196594238, -7.90300655365, -12.4044160843, -22.9806251526, 6.47646141052, 1.57621693611, -30.3211479187, -33.8325080872, 15.1188726425], [103.365104675, -68.8055496216, 20.8456439972, 65.1196594238, 268.303009033, 66.6222686768, -25.9020404816, -62.3152618408, -32.7717132568, 69.3296127319, -103.726539612, -94.7008056641, 47.4750595093], [-3.13221240044, -96.1357345581, 101.172363281, -7.90300655365, 66.6222686768, 222.874038696, 56.8935470581, -56.4316444397, 14.5190172195, 149.503631592, -95.2744140625, -35.3366584778, 69.1891403198], [-17.3000564575, -6.62309789658, 71.1391372681, -12.4044160843, -25.9020404816, 56.8935470581, 95.0946121216, 6.50525760651, 25.4107131958, 51.8165016174, -4.71638965607, 13.3200550079, 10.5647640228], [-116.535362244, 47.7669067383, -72.2207794189, -22.9806251526, -62.3152618408, -56.4316444397, 6.50525760651, 121.940345764, 26.6533470154, -74.4816436768, 92.4968414307, 61.2063064575, -30.5162734985], [-149.105285645, 18.1852684021, -20.2073020935, 6.47646141052, -32.7717132568, 14.5190172195, 25.4107131958, 26.6533470154, 88.5939788818, 9.76578235626, 31.5844573975, 33.0074615479, 12.5970468521], [131.326873779, -123.808853149, 120.592979431, 1.57621693611, 69.3296127319, 149.503631592, 51.8165016174, -74.4816436768, 9.76578235626, 189.646270752, -92.5040435791, -51.3124732971, 61.1434211731], [-217.870040894, 96.1514816284, -141.832290649, -30.3211479187, -103.726539612, -95.2744140625, -4.71638965607, 92.4968414307, 31.5844573975, -92.5040435791, 191.174575806, 110.187530518, -54.082408905], [-191.782730103, 92.7705612183, -66.7398605347, -33.8325080872, -94.7008056641, -35.3366584778, 13.3200550079, 61.2063064575, 33.0074615479, -51.3124732971, 110.187530518, 116.725166321, -18.5458927155], [-128.577529907, -38.8429718018, 49.5082092285, 15.1188726425, 47.4750595093, 69.1891403198, 10.5647640228, -30.5162734985, 12.5970468521, 61.1434211731, -54.082408905, -18.5458927155, 89.0835037231]],
        "icov": [[0.00031193337054, 1.30458065541e-05, 5.74135556235e-05, -0.000124973725178, 5.48593779968e-05, 0.000211201724596, 2.76410319202e-05, -0.000141905518831, 0.0003255061456, -0.00053067994304, 0.000477935827803, 3.14370445267e-05, 0.000814962724689], [1.30458065541e-05, 0.0018069089856, 0.000306392350467, -0.000617812387645, -6.78724973113e-05, 0.000149375206092, -0.000666095234919, 0.000563650624827, 4.32474698755e-05, 0.00101724208798, 0.000436264585005, -0.0015992136905, 0.000161112955539], [5.74135556235e-05, 0.000306392350467, 0.00300932885148, -0.00289661763236, 0.00127051747404, 0.00018009931955, -0.00188743125182, -0.000338554207701, 0.00166418985464, -0.0012125254143, 0.00229674694128, -0.000942312413827, 0.000121594734082], [-0.000124973725178, -0.000617812387645, -0.00289661763236, 0.0101955123246, -0.00286899670027, 0.000846259645186, 0.00155566190369, 0.00147076474968, -0.00376553786919, 0.00209869677201, -0.00236559170298, 0.00259701209143, -0.00118275254499], [5.48593779968e-05, -6.78724973113e-05, 0.00127051747404, -0.00286899670027, 0.00688436813653, -0.00106642383616, 0.00126850709785, -0.000771783699747, 0.00206317333505, -0.00154029834084, 0.000743578362744, 0.00335923884995, -0.00150878890418], [0.000211201724596, 0.000149375206092, 0.00018009931955, 0.000846259645186, -0.00106642383616, 0.0116738770157, -0.00259181391448, -0.000558764557354, -0.000338603334967, -0.00682773254812, 0.00383648881689, -0.00298131885938, -0.00181366654579], [2.76410319202e-05, -0.000666095234919, -0.00188743125182, 0.00155566190369, 0.00126850709785, -0.00259181391448, 0.0172598622739, -0.00304755056277, -0.00295409071259, -0.00434130430222, -2.33297282648e-06, -0.000936560856644, 0.00198151776567], [-0.000141905518831, 0.000563650624827, -0.000338554207701, 0.00147076474968, -0.000771783699747, -0.000558764557354, -0.00304755056277, 0.0161062888801, -0.00312931882218, 0.00605472689494, -0.00504061300308, -0.00108356238343, -0.000295411329716], [0.0003255061456, 4.32474698755e-05, 0.00166418985464, -0.00376553786919, 0.00206317333505, -0.000338603334967, -0.00295409071259, -0.00312931882218, 0.016636133194, -0.00294560776092, -2.86312661046e-05, -0.00241274922155, -0.00220570410602], [-0.00053067994304, 0.00101724208798, -0.0012125254143, 0.00209869677201, -0.00154029834084, -0.00682773254812, -0.00434130430222, 0.00605472689494, -0.00294560776092, 0.0173754263669, -0.00266384053975, 0.00260860589333, -0.00387538131326], [0.000477935827803, 0.000436264585005, 0.00229674694128, -0.00236559170298, 0.000743578362744, 0.00383648881689, -2.33297282648e-06, -0.00504061300308, -2.86312661046e-05, -0.00266384053975, 0.0197545457631, -0.0133931413293, 0.00593978259712], [3.14370445267e-05, -0.0015992136905, -0.000942312413827, 0.00259701209143, 0.00335923884995, -0.00298131885938, -0.000936560856644, -0.00108356238343, -0.00241274922155, 0.00260860589333, -0.0133931413293, 0.0263757128268, -0.00439298525453], [0.000814962724689, 0.000161112955539, 0.000121594734082, -0.00118275254499, -0.00150878890418, -0.00181366654579, 0.00198151776567, -0.000295411329716, -0.00220570410602, -0.00387538131326, 0.00593978259712, -0.00439298525453, 0.0201448965818]]
    },
    "spectral_contrast_coeffs": {
        "max": [-0.424358040094, -0.405191063881, -0.535728096962, -0.584355950356, -0.528694331646, -0.592856228352],
        "mean": [-0.680524408817, -0.732042551041, -0.747782349586, -0.743456125259, -0.726459681988, -0.676822125912],
        "min": [-0.964875459671, -0.971277177334, -0.944634318352, -0.935120105743, -0.942002892494, -0.918275952339],
        "stdev": [0.0816603973508, 0.105351433158, 0.0658713206649, 0.0636359974742, 0.0695834010839, 0.035991422832]
    },
    "spectral_contrast_valleys": {
        "max": [-5.84906482697, -5.16334867477, -6.04526329041, -6.2484254837, -6.19213199615, -8.67994403839],
        "mean": [-7.6311712265, -6.64472675323, -7.34844732285, -7.65949392319, -7.27589035034, -10.2123994827],
        "min": [-17.6481075287, -16.9914016724, -16.6480998993, -16.9023895264, -16.1964225769, -17.6358947754],
        "stdev": [0.920120596886, 0.862773895264, 0.783034205437, 0.845056116581, 0.716057360172, 0.791339337826]
    }
},
"rhythm": {
    "beats_count": 35,
    "beats_loudness": {
        "max": 0.0700818151236,
        "mean": 0.02563964203,
        "min": 0.00393396476284,
        "stdev": 0.0132235111669
    },
    "bpm": 78.6639404297,
    "bpm_histogram_first_peak_bpm": 78,
    "bpm_histogram_first_peak_weight": 0.499999940395,
    "bpm_histogram_second_peak_bpm": 83,
    "bpm_histogram_second_peak_spread": 0,
    "bpm_histogram_second_peak_weight": 0.0588235296309,
    "danceability": 0.913937091827,
    "onset_rate": 1.98006463051,
    "beats_loudness_band_ratio": {
        "max": [0.281171053648, 0.40242639184, 0.791333794594, 0.389818221331, 0.655886888504, 0.276488155127],
        "mean": [0.0882426425815, 0.121806241572, 0.353890150785, 0.158477976918, 0.185514941812, 0.119534000754],
        "min": [0.00114598637447, 0.010323186405, 0.0606940574944, 0.0291239023209, 0.0351592674851, 0.0225015506148],
        "stdev": [0.084028750658, 0.107873946428, 0.216701686382, 0.0861660093069, 0.13714709878, 0.0705505162477]
    },
    "beats_position": [0.766258478165, 1.54412698746, 2.32199549675, 3.11147379875, 3.87773227692, 4.6439909935, 5.41024923325, 6.17650794983, 6.94276618958, 7.6858048439, 8.42884349823, 9.17188167572, 9.91492080688, 10.6811790466, 11.4474372864, 12.2136955261, 12.9799547195, 13.7694330215, 14.5589113235, 15.3367795944, 16.114648819, 16.9157371521, 17.693605423, 18.4714736938, 19.2377319336, 20.0504302979, 20.8050785065, 21.5365066528, 22.2679367065, 22.9877548218, 23.707572937, 24.4390010834, 25.1704311371, 25.9018592834, 26.6332874298],
