{
"metadata": {
    "version": {
        "essentia": "2.1-beta5",
        "essentia_git_sha": "Undefined",
        "extractor": "music 2.0"
    },
    "audio_properties": {
        "analysis": {
            "equal_loudness": 0,
            "length": 32.4963264465,
            "sample_rate": 44100,
            "start_time": 110.248344421,
            "downmix": "mix"
        },
        "bit_rate": 192000,
        "length": 165.163543701,
        "lossless": 0,
        "number_channels": 2,
        "replay_gain": -14.0439453125,
        "sample_rate": 48000,
        "codec": "mp3",
        "md5_encoded": "abba73bd1e7cde75c48a7de9b4958136"
    },
    "tags": {
        "file_name": "Germany_Primaballerina_Siw Malmkvist.mp3",
        "encoding": ["Lavf58.29.100"]
    }
},
"lowlevel": {
    "average_loudness": 0.959998130798,
    "barkbands_crest": {
        "max": 25.0584354401,
        "mean": 10.1521062851,
        "min": 3.30275273323,
        "stdev": 4.07692956924
    },
    "barkbands_flatness_db": {
        "max": 0.399404853582,
        "mean": 0.212995588779,
        "min": 0.0688780173659,
        "stdev": 0.0356451012194
    },
    "barkbands_kurtosis": {
        "max": 143.688339233,
        "mean": 3.35637760162,
        "min": -1.65335917473,
        "stdev": 8.43152332306
    },
    "barkbands_skewness": {
        "max": 6.13074493408,
        "mean": 1.15687680244,
        "min": -1.24875092506,
        "stdev": 0.919810533524
    },
    "barkbands_spread": {
        "max": 34.4217071533,
        "mean": 11.5666723251,
        "min": 0.426118969917,
        "stdev": 5.66161632538
    },
    "dissonance": {
        "max": 0.499325692654,
        "mean": 0.435407996178,
        "min": 0.257892161608,
        "stdev": 0.0374779887497
    },
    "dynamic_complexity": 1.91804480553,
    "erbbands_crest": {
        "max": 31.3247451782,
        "mean": 11.5214624405,
        "min": 3.59606599808,
        "stdev": 4.8584523201
    },
    "erbbands_flatness_db": {
        "max": 0.436560362577,
        "mean": 0.263006269932,
        "min": 0.119624733925,
        "stdev": 0.0344532988966
    },
    "erbbands_kurtosis": {
        "max": 105.276031494,
        "mean": 1.21170556545,
        "min": -1.72496688366,
        "stdev": 5.75326013565
    },
    "erbbands_skewness": {
        "max": 8.19278144836,
        "mean": 0.571398735046,
        "min": -1.89948284626,
        "stdev": 0.955102741718
    },
    "erbbands_spread": {
        "max": 71.488609314,
        "mean": 20.8575325012,
        "min": 1.00307095051,
        "stdev": 9.72182369232
    },
    "hfc": {
        "max": 71.2581558228,
        "mean": 20.6673240662,
        "min": 0.335367709398,
        "stdev": 12.134601593
    },
    "loudness_ebu128": {
        "integrated": -9.39714241028,
        "loudness_range": 3.03841781616,
        "momentary": {
            "max": -7.17290973663,
            "mean": -9.83735656738,
            "min": -22.427854538,
            "stdev": 2.21913909912
        },
        "short_term": {
            "max": -8.17026901245,
            "mean": -9.67257976532,
            "min": -14.1092758179,
            "stdev": 1.32512652874
        }
    },
    "melbands_crest": {
        "max": 32.794090271,
        "mean": 12.8885269165,
        "min": 4.66098880768,
        "stdev": 5.30474090576
    },
    "melbands_flatness_db": {
        "max": 0.453328877687,
        "mean": 0.242196053267,
        "min": 0.112879186869,
        "stdev": 0.0450779870152
    },
    "melbands_kurtosis": {
        "max": 138.392410278,
        "mean": 5.72450399399,
        "min": -1.62225723267,
        "stdev": 9.55153656006
    },
    "melbands_skewness": {
        "max": 5.06694936752,
        "mean": 1.50668811798,
        "min": -1.11541414261,
        "stdev": 0.950518190861
    },
    "melbands_spread": {
        "max": 55.5289039612,
        "mean": 16.7630500793,
        "min": 0.609023451805,
        "stdev": 8.96130084991
    },
    "pitch_salience": {
        "max": 0.83717751503,
        "mean": 0.563175141811,
        "min": 0.129500687122,
        "stdev": 0.104776106775
    },
    "silence_rate_20dB": {
        "max": 1,
        "mean": 1,
        "min": 1,
        "stdev": 0
    },
    "silence_rate_30dB": {
        "max": 1,
        "mean": 1,
        "min": 1,
        "stdev": 0
    },
    "silence_rate_60dB": {
        "max": 1,
        "mean": 0.0242683794349,
        "min": 0,
        "stdev": 0.153881505132
    },
    "spectral_centroid": {
        "max": 2138.34887695,
        "mean": 945.968078613,
        "min": 355.035980225,
        "stdev": 344.485168457
    },
    "spectral_complexity": {
        "max": 35,
        "mean": 18.5274810791,
        "min": 0,
        "stdev": 5.65806341171
    },
    "spectral_decrease": {
        "max": -9.59026538738e-11,
        "mean": -7.26921278726e-09,
        "min": -3.05586489446e-08,
        "stdev": 4.0633887366e-09
    },
    "spectral_energy": {
        "max": 0.121458813548,
        "mean": 0.0293102581054,
        "min": 0.000392377492972,
        "stdev": 0.0162397827953
    },
    "spectral_energyband_high": {
        "max": 0.00107970321551,
        "mean": 6.08589798503e-05,
        "min": 9.41731684634e-07,
        "stdev": 9.05782653717e-05
    },
    "spectral_energyband_low": {
        "max": 0.0135802999139,
        "mean": 0.00174775288906,
        "min": 9.13698113436e-06,
        "stdev": 0.00174568907823
    },
    "spectral_energyband_middle_high": {
        "max": 0.0511576160789,
        "mean": 0.00832237955183,
        "min": 5.14600105816e-05,
        "stdev": 0.00750805530697
    },
    "spectral_energyband_middle_low": {
        "max": 0.118152312934,
        "mean": 0.0203561969101,
        "min": 0.00021110502712,
        "stdev": 0.0149350333959
    },
    "spectral_entropy": {
        "max": 7.95645236969,
        "mean": 6.96302652359,
        "min": 4.96975755692,
        "stdev": 0.316787421703
    },
    "spectral_flux": {
        "max": 0.302313804626,
        "mean": 0.0807240977883,
        "min": 0.00982169248164,
        "stdev": 0.0331698320806
    },
    "spectral_kurtosis": {
        "max": 44.4027442932,
        "mean": 11.5417089462,
        "min": -0.165315628052,
        "stdev": 6.53015708923
    },
    "spectral_rms": {
        "max": 0.0108856055886,
        "mean": 0.00513343513012,
        "min": 0.000618714257143,
        "stdev": 0.00149773387238
    },
    "spectral_rolloff": {
        "max": 2820.84960938,
        "mean": 1127.27124023,
        "min": 344.53125,
        "stdev": 511.034881592
    },
    "spectral_skewness": {
        "max": 5.34818553925,
        "mean": 2.2181494236,
        "min": 0.572420597076,
        "stdev": 0.668072521687
    },
    "spectral_spread": {
        "max": 7176083,
        "mean": 2360617,
        "min": 1482054.125,
        "stdev": 605299.875
    },
    "spectral_strongpeak": {
        "max": 8.51556396484,
        "mean": 1.77759170532,
        "min": 0,
        "stdev": 1.30578863621
    },
    "zerocrossingrate": {
        "max": 0.08447265625,
        "mean": 0.0414620824158,
        "min": 0.01513671875,
        "stdev": 0.0126399043947
    },
    "barkbands": {
        "max": [0.000129747728352, 0.00340045033954, 0.00525120506063, 0.0199273750186, 0.0196500122547, 0.0444641783834, 0.0451967269182, 0.109392024577, 0.0520256124437, 0.025683036074, 0.0275609306991, 0.0242022611201, 0.0215816665441, 0.0246839374304, 0.0113380430266, 0.00980861578137, 0.00452721538022, 0.0029333466664, 0.00291877239943, 0.000307332607917, 0.000368342414731, 0.00029827124672, 0.000248889409704, 0.000496452557854, 0.000180190982064, 9.76617047854e-06, 1.02557251012e-05],
        "mean": [1.38748982863e-05, 0.000300299696391, 0.000648453540634, 0.00191677303519, 0.00286721461453, 0.00389795424417, 0.00444654282182, 0.00466596335173, 0.00187634082977, 0.00237050955184, 0.00109114998486, 0.00122159253806, 0.000851458462421, 0.00113616068847, 0.000488680496346, 0.000511124264449, 0.000429228501162, 0.000315979152219, 0.000185120472452, 3.51325688825e-05, 1.41929940582e-05, 7.897742762e-06, 8.03643251857e-06, 7.98012115411e-06, 2.57248620983e-06, 8.70207106374e-09, 8.89858409181e-09],
        "min": [4.66060399162e-08, 9.89006593954e-07, 1.75671652869e-06, 3.68664643702e-07, 4.54366045233e-06, 8.75996374816e-06, 5.66150174564e-06, 1.31109402446e-06, 2.80945369013e-06, 1.37371921483e-06, 9.76204887593e-07, 2.02133293215e-07, 9.00662655567e-07, 8.20287368697e-07, 1.12627367344e-06, 1.05242361315e-06, 1.34248989525e-06, 1.22522533275e-06, 5.48273078493e-07, 1.85002065223e-07, 1.6137488501e-07, 1.46156565961e-07, 1.01315926315e-07, 1.95601728592e-07, 8.0368593558e-08, 5.15782165242e-12, 6.73699204062e-12],
        "stdev": [1.47743839989e-05, 0.00035474714241, 0.000782598217484, 0.00296652922407, 0.00277162226848, 0.00541601795703, 0.00552168022841, 0.0114007452503, 0.00374038727023, 0.00341816991568, 0.0020467499271, 0.00225206301548, 0.00136376603041, 0.00228723138571, 0.000806940894108, 0.00090007937979, 0.000571468437556, 0.00037190518924, 0.000246101350058, 4.45014993602e-05, 2.8726128221e-05, 2.01944239961e-05, 1.78021618922e-05, 2.43105896516e-05, 9.31419162953e-06, 2.61217564912e-07, 2.74336429129e-07]
    },
    "erbbands": {
        "max": [0.0542037114501, 0.903589785099, 5.3263874054, 33.3239097595, 80.07371521, 108.395828247, 277.470611572, 562.988525391, 676.589599609, 1810.30749512, 921.569946289, 1612.4041748, 816.934387207, 892.830200195, 1227.390625, 1228.17944336, 973.766601562, 1173.52392578, 577.530334473, 813.208435059, 374.824676514, 229.610900879, 161.090942383, 240.829849243, 34.1666908264, 17.3935108185, 15.5654373169, 16.3878593445, 10.3477249146, 9.90892028809, 7.94918870926, 7.47013473511, 11.5031738281, 4.46695137024, 0.236345216632, 0.0393337979913, 0.0180466845632, 0.00638935342431, 0.00146303675137, 0.000165266028489],
        "mean": [0.00472772121429, 0.0909234881401, 0.681383132935, 3.57878255844, 6.95768451691, 10.9913978577, 19.8135948181, 36.2166824341, 54.6745948792, 106.978263855, 60.1385154724, 53.2241630554, 51.2553825378, 68.163269043, 57.2787971497, 51.7730979919, 45.4986495972, 55.2993507385, 34.2857131958, 31.427072525, 23.0102405548, 22.6086711884, 17.117565155, 17.2354412079, 3.55824899673, 1.85476922989, 0.886821389198, 0.428520858288, 0.274321347475, 0.231888204813, 0.233728721738, 0.177566096187, 0.12995301187, 0.0532195530832, 0.00531039759517, 0.000200598893571, 3.59419536835e-05, 1.0003411262e-05, 1.65679084603e-05, 3.42165658367e-05],
        "min": [3.17040794471e-05, 0.00028128339909, 0.0023466385901, 0.00101132539567, 0.00724751548842, 0.0346321202815, 0.0962920188904, 0.221282809973, 0.140203028917, 0.0611402131617, 0.0677556321025, 0.0713085979223, 0.0783715471625, 0.0737047046423, 0.097006611526, 0.0250024739653, 0.0478460080922, 0.0384357534349, 0.0770079344511, 0.0954830273986, 0.0549968257546, 0.123555608094, 0.0717546194792, 0.0554375983775, 0.0254756938666, 0.00951867923141, 0.00776635855436, 0.00566622521728, 0.00523105729371, 0.00407797982916, 0.00314418459311, 0.00301295518875, 0.00296783004887, 0.00173370877746, 0.000178250047611, 7.60566035751e-06, 9.53222865974e-07, 1.48361195329e-07, 4.96393738558e-07, 1.04851574179e-06],
        "stdev": [0.0050961538218, 0.100249297917, 0.737026929855, 5.02398061752, 8.61897754669, 11.9774208069, 25.3810329437, 55.3317527771, 77.3978805542, 202.247253418, 106.777046204, 108.063011169, 92.1449737549, 102.476890564, 93.0027008057, 103.669662476, 65.964050293, 104.428916931, 55.5769386292, 56.9192047119, 34.3351173401, 28.7814941406, 19.0123519897, 22.328004837, 3.91380620003, 2.32088518143, 1.38189947605, 1.09228956699, 0.753254652023, 0.569084882736, 0.514246106148, 0.440754324198, 0.476913392544, 0.204002141953, 0.0148676633835, 0.00113315542694, 0.00048300655908, 0.000170840401552, 3.9559439756e-05, 1.89254333236e-05]
    },
    "gfcc": {
        "mean": [-46.0877113342, 165.326553345, -169.854293823, 12.7263050079, -63.9119720459, -3.67579770088, -45.4332466125, -4.14242458344, -8.55070400238, -27.1785945892, 10.5729455948, -23.4144077301, 1.03340017796],
        "cov": [[1545.45019531, 1.22955989838, -322.897216797, -77.8311843872, 165.035171509, 157.274475098, 117.83731842, 26.9546375275, -123.530914307, -82.8748397827, -22.1103134155, -19.4931774139, -79.1313705444], [1.22955989838, 377.458831787, 94.2906723022, -156.381500244, 61.6110267639, -101.032752991, 18.8741149902, -34.6037406921, 11.3388843536, -23.0429401398, 69.0455093384, -23.159034729, -9.84603404999], [-322.897216797, 94.2906723022, 366.72277832, 14.8884334564, -117.165802002, -36.7406539917, -107.667518616, 7.27068281174, 23.0426769257, 8.53938579559, 14.4668579102, -4.93288230896, 1.95092391968], [-77.8311843872, -156.381500244, 14.8884334564, 322.601043701, 20.3034038544, 16.4703769684, -18.6736831665, -8.21436500549, -29.0011577606, -62.5463218689, -87.1168060303, 17.9095096588, 30.4690227509], [165.035171509, 61.6110267639, -117.165802002, 20.3034038544, 184.852539062, 27.9125423431, 56.1122169495, -2.53271722794, -44.2671279907, -32.0742759705, -19.3054294586, -12.0342922211, -13.6314840317], [157.274475098, -101.032752991, -36.7406539917, 16.4703769684, 27.9125423431, 191.51171875, 46.0307998657, 1.08143556118, -56.5950775146, -3.91900920868, -36.5051879883, -8.60022640228, -7.42788553238], [117.83731842, 18.8741149902, -107.667518616, -18.6736831665, 56.1122169495, 46.0307998657, 132.77482605, 2.02249383926, -17.3082847595, 6.16707849503, -9.11270999908, -11.5170478821, -9.50986862183], [26.9546375275, -34.6037406921, 7.27068281174, -8.21436500549, -2.53271722794, 1.08143556118, 2.02249383926, 85.0914840698, 21.4845199585, 9.90868473053, -4.14764261246, -7.80733108521, -6.93879032135], [-123.530914307, 11.3388843536, 23.0426769257, -29.0011577606, -44.2671279907, -56.5950775146, -17.3082847595, 21.4845199585, 119.179153442, 58.3636894226, 20.1000423431, -0.278282403946, -17.9331760406], [-82.8748397827, -23.0429401398, 8.53938579559, -62.5463218689, -32.0742759705, -3.91900920868, 6.16707849503, 9.90868473053, 58.3636894226, 126.872879028, 44.9653625488, -9.40824794769, -14.1171340942], [-22.1103134155, 69.0455093384, 14.4668579102, -87.1168060303, -19.3054294586, -36.5051879883, -9.11270999908, -4.14764261246, 20.1000423431, 44.9653625488, 104.350784302, 24.7577838898, -4.61304950714], [-19.4931774139, -23.159034729, -4.93288230896, 17.9095096588, -12.0342922211, -8.60022640228, -11.5170478821, -7.80733108521, -0.278282403946, -9.40824794769, 24.7577838898, 72.286605835, 31.4403171539], [-79.1313705444, -9.84603404999, 1.95092391968, 30.4690227509, -13.6314840317, -7.42788553238, -9.50986862183, -6.93879032135, -17.9331760406, -14.1171340942, -4.61304950714, 31.4403171539, 76.5791397095]],
        "icov": [[0.00112894747872, -0.00111839629244, 0.00151744077448, -0.000223989874939, 0.000683177262545, -0.000981936347671, 0.000673223927151, -0.00116566929501, 0.00124314299319, -7.51665429561e-05, 0.000440512172645, -0.000819595181383, 0.00171787617728], [-0.00111839629244, 0.0138966664672, -0.00878450926393, 0.00621166173369, -0.00931314751506, 0.00618255697191, -0.00700874626637, 0.00748915877193, -0.00581630179659, 0.00812017824501, -0.00721636228263, 0.00702755479142, -0.00605155481026], [0.00151744077448, -0.00878450926393, 0.0103730345145, -0.00413561752066, 0.00788188818842, -0.00434351479635, 0.00712749594823, -0.00558551587164, 0.00464799627662, -0.0045134969987, 0.00365027715452, -0.00335410772823, 0.00503385299817], [-0.000223989874939, 0.00621166173369, -0.00413561752066, 0.00744322268292, -0.00480578606948, 0.00286774616688, -0.00255697406828, 0.00352586759254, -0.0022287289612, 0.00403907336295, 0.0010500557255, 0.000726528931409, -0.00287663424388], [0.000683177262545, -0.00931314751506, 0.00788188818842, -0.00480578606948, 0.0143071133643, -0.00372416083701, 0.00316054956056, -0.0054429336451, 0.00616213167086, -0.00443995231763, 0.00449289381504, -0.0038178761024, 0.00576731190085], [-0.000981936347671, 0.00618255697191, -0.00434351479635, 0.00286774616688, -0.00372416083701, 0.0105664972216, -0.00499904341996, 0.00287056714296, 0.00178062659688, 0.000586735317484, 0.000411947199609, 0.00134624063503, -0.00125156191643], [0.000673223927151, -0.00700874626637, 0.00712749594823, -0.00255697406828, 0.00316054956056, -0.00499904341996, 0.0147717241198, -0.0041466797702, 0.00337618449703, -0.00507947662845, 0.00390085857362, -0.00252276123501, 0.0032916571945], [-0.00116566929501, 0.00748915877193, -0.00558551587164, 0.00352586759254, -0.0054429336451, 0.00287056714296, -0.0041466797702, 0.0169807039201, -0.00647794175893, 0.00427909148857, -0.00308566284366, 0.00478897197172, -0.00404914235696], [0.00124314299319, -0.00581630179659, 0.00464799627662, -0.0022287289612, 0.00616213167086, 0.00178062659688, 0.00337618449703, -0.00647794175893, 0.0186320450157, -0.00997040141374, 0.00594884902239, -0.0062662656419, 0.00786324683577], [-7.51665429561e-05, 0.00812017824501, -0.0045134969987, 0.00403907336295, -0.00443995231763, 0.000586735317484, -0.00507947662845, 0.00427909148857, -0.00997040141374, 0.0188942085952, -0.0106464559212, 0.00822471920401, -0.00437201652676], [0.000440512172645, -0.00721636228263, 0.00365027715452, 0.0010500557255, 0.00449289381504, 0.000411947199609, 0.00390085857362, -0.00308566284366, 0.00594884902239, -0.0106464559212, 0.0228133015335, -0.0129916938022, 0.00619969051331], [-0.000819595181383, 0.00702755479142, -0.00335410772823, 0.000726528931409, -0.0038178761024, 0.00134624063503, -0.00252276123501, 0.00478897197172, -0.0062662656419, 0.00822471920401, -0.0129916938022, 0.0257606413215, -0.0118854669854], [0.00171787617728, -0.00605155481026, 0.00503385299817, -0.00287663424388, 0.00576731190085, -0.00125156191643, 0.0032916571945, -0.00404914235696, 0.00786324683577, -0.00437201652676, 0.00619969051331, -0.0118854669854, 0.0223074369133]]
    },
    "melbands": {
        "max": [0.000711248256266, 0.00182534055784, 0.00646873004735, 0.00450112903491, 0.00750883016735, 0.0107263242826, 0.0089507875964, 0.0237986668944, 0.00627881381661, 0.00914969108999, 0.00410877680406, 0.00374063919298, 0.0045634903945, 0.00250830408186, 0.00238752830774, 0.00195121241268, 0.00269265868701, 0.00145261990838, 0.000764574680943, 0.00100388005376, 0.000443299126346, 0.0003319598909, 0.000272391043836, 0.000158257651492, 0.000222413204028, 5.70038791921e-05, 1.86136967386e-05, 1.33715930133e-05, 1.09516195153e-05, 9.26402208279e-06, 9.84566941042e-06, 7.05538104739e-06, 7.36184392736e-06, 5.91331581745e-06, 5.6327976381e-06, 4.00243197873e-06, 5.87394197282e-06, 8.73127100931e-06, 6.02739828537e-06, 2.89865829473e-06],
        "mean": [6.25990578556e-05, 0.000293774122838, 0.000741737545468, 0.000622750842012, 0.000690339307766, 0.000788300239947, 0.000852573255543, 0.00120752782095, 0.000442502467195, 0.000300516956486, 0.000248785945587, 0.000282349967165, 0.000170803017681, 0.000150221676449, 0.000109009670268, 8.64586108946e-05, 0.000108844928036, 5.97287908022e-05, 3.66028325516e-05, 4.54855762655e-05, 2.26401916734e-05, 2.35717870964e-05, 2.0614164896e-05, 1.3937427866e-05, 1.48319013533e-05, 3.40056453751e-06, 1.13131807211e-06, 1.23657832773e-06, 6.33015702078e-07, 3.1497839359e-07, 2.2092473273e-07, 1.56498089154e-07, 1.42545985682e-07, 1.19980796853e-07, 1.28783085529e-07, 1.37433900704e-07, 9.95035449591e-08, 9.90102648757e-08, 6.77286351447e-08, 3.74111444046e-08],
        "min": [3.05136694578e-07, 1.43469992508e-06, 2.75970364783e-07, 1.23662198348e-06, 2.79899427369e-06, 4.48591799795e-06, 1.41240616358e-06, 5.06301546466e-07, 4.92748199576e-07, 3.52291124273e-07, 1.58891481306e-07, 2.19994760187e-07, 2.83352420638e-07, 3.42841346423e-08, 2.69660151986e-08, 8.28780386541e-08, 4.70183749712e-08, 1.05913649406e-07, 8.57494057982e-08, 5.06071664574e-08, 1.2705617003e-08, 5.66032589688e-08, 3.83703948614e-08, 2.92083122133e-08, 2.96375972653e-08, 2.36321877622e-08, 8.73347083541e-09, 4.8585153678e-09, 4.05097599909e-09, 2.85835044522e-09, 3.25068416629e-09, 2.65757904572e-09, 2.44202569277e-09, 2.17916373835e-09, 1.71707970065e-09, 1.75659320423e-09, 1.85821746879e-09, 1.76483927472e-09, 2.14107176433e-09, 1.24970334081e-09],
        "stdev": [7.12451947038e-05, 0.00027736267657, 0.000968114414718, 0.000607371970546, 0.000785734446254, 0.00115689879749, 0.00116203841753, 0.0025510895066, 0.000722235883586, 0.000619181548245, 0.000471281789942, 0.000440260249889, 0.000310871371767, 0.000253551203059, 0.000183334821486, 0.000133147666929, 0.000225061594392, 0.000120215430798, 6.29684727755e-05, 8.41442742967e-05, 3.51886046701e-05, 3.3447126043e-05, 2.75892762147e-05, 1.71380143001e-05, 2.05253709282e-05, 4.25270263804e-06, 1.53327459884e-06, 1.71361728007e-06, 1.02687943127e-06, 6.98392852883e-07, 6.15768271928e-07, 4.43445486553e-07, 3.86480252246e-07, 2.99173052554e-07, 3.01596969621e-07, 3.01807602909e-07, 2.90116162205e-07, 3.62095875062e-07, 2.87386569653e-07, 1.36978940191e-07]
    },
    "melbands128": {
        "max": [8.92919342732e-05, 0.000453415908851, 0.000940703263041, 0.00179577013478, 0.00280917668715, 0.00319248670712, 0.0073352297768, 0.0109883081168, 0.0110096223652, 0.00607092585415, 0.00826714094728, 0.00760015519336, 0.0129578448832, 0.0116916792467, 0.0189806595445, 0.0205799899995, 0.0215006489307, 0.0168446153402, 0.0139469187707, 0.0207287315279, 0.0450984351337, 0.0118412747979, 0.00806778017431, 0.00668758805841, 0.0205062814057, 0.00566437235102, 0.00495261652395, 0.00835602264851, 0.00811922177672, 0.00674204807729, 0.00569128943607, 0.00520749064162, 0.00941043440253, 0.00853777304292, 0.00265753339045, 0.00582174677402, 0.00686415983364, 0.00295276450925, 0.00619901064783, 0.00312260049395, 0.00304357428104, 0.00249567325227, 0.00388237019069, 0.00650285417214, 0.00458902074024, 0.0021996430587, 0.000959062250331, 0.00134082185104, 0.00187927868683, 0.00212953961454, 0.00187933910638, 0.00119718338829, 0.000578152248636, 0.000665959902108, 0.00071301573189, 0.000471750245197, 0.000489542202558, 0.000736773130484, 0.000338199082762, 0.00021583592752, 0.000300395331578, 0.00036924239248, 0.000552340119611, 0.000237151311012, 0.000238052394707, 9.66612860793e-05, 3.965761789e-05, 3.19145910908e-05, 4.21867698606e-05, 3.41069098795e-05, 3.09179449687e-05, 2.61585792032e-05, 1.4087553609e-05, 1.25060796563e-05, 1.22316459965e-05, 9.42379119806e-06, 1.33637731778e-05, 1.81228260772e-05, 1.09595184767e-05, 7.2278976404e-06, 8.56105543789e-06, 8.60134514369e-06, 4.92079743708e-06, 9.84053713182e-06, 8.53169694892e-06, 8.73903081811e-06, 5.16840918863e-06, 7.57203906687e-06, 6.50540005154e-06, 4.44591159976e-06, 9.07472258405e-06, 3.40490009876e-06, 3.66309814126e-06, 7.050127806e-06, 6.68683060212e-06, 5.45207876712e-06, 1.18766793094e-05, 1.1397898561e-05, 6.28211773801e-06, 5.31329487785e-06, 6.73871045365e-06, 1.67773566773e-06, 5.69331461975e-07, 3.24303670141e-07, 8.11228204611e-08, 7.58702682901e-08, 7.49130109057e-08, 7.06032849962e-08, 6.75138949191e-08, 6.46069082677e-08, 6.19262152668e-08, 5.94332334458e-08, 5.71547715822e-08, 5.50247065689e-08, 5.30514796537e-08, 5.12459159552e-08, 4.95925682742e-08, 4.80824198235e-08, 4.66814107369e-08, 4.54449349263e-08, 4.43284271512e-08, 4.33213678264e-08, 4.24351043193e-08, 4.1662577388e-08, 4.10652596372e-08, 4.05697022643e-08, 4.02002626743e-08, 3.99762960512e-08],
        "mean": [1.04151831692e-05, 2.51141664194e-05, 6.9477056968e-05, 0.000160616124049, 0.000297734921332, 0.00031627973658, 0.000661216326989, 0.00105654459912, 0.000609288690612, 0.000575940648559, 0.000628612411674, 0.000587234797422, 0.000496485095937, 0.00109712744597, 0.00101789925247, 0.00044227426406, 0.000574467238039, 0.00114538765047, 0.000875113764778, 0.00128301675431, 0.0015585240908, 0.000429233972682, 0.000318048347253, 0.000308776274323, 0.000493584724609, 0.000185981596587, 0.00014565497986, 0.000322043517372, 0.000223639901378, 0.000399673474021, 0.000280378386378, 8.64162575454e-05, 0.000165364923305, 0.000253828708082, 0.000127838909975, 0.000122786383145, 0.000185560405953, 5.46897754248e-05, 0.000118314797874, 0.000117871393741, 5.48922580492e-05, 7.92480714153e-05, 0.000115062626719, 0.000134879126563, 7.86610835348e-05, 3.65488376701e-05, 5.12827573402e-05, 2.59155094682e-05, 3.12657793984e-05, 5.74121258978e-05, 4.43080170953e-05, 4.60703849967e-05, 1.46645825225e-05, 1.57440299517e-05, 2.97531041724e-05, 2.18118220801e-05, 2.09064019145e-05, 2.82891451207e-05, 1.81080213224e-05, 9.98641371552e-06, 1.29635463963e-05, 1.67940106621e-05, 1.97535719053e-05, 1.43755214594e-05, 6.67665472065e-06, 2.6477175652e-06, 1.80910706149e-06, 1.12302734578e-06, 8.38942469272e-07, 1.27166981656e-06, 1.44695366089e-06, 1.21020991628e-06, 7.10590427389e-07, 6.10147935731e-07, 3.85615152254e-07, 3.32256036017e-07, 2.65706205482e-07, 2.5593050168e-07, 2.01125473609e-07, 2.17279605863e-07, 1.62505045864e-07, 1.29134605231e-07, 1.3534638299e-07, 1.54787429096e-07, 1.39260336596e-07, 1.2148460371e-07, 1.13068381324e-07, 1.17168283964e-07, 1.21050504731e-07, 1.39330055049e-07, 1.67132597539e-07, 1.33019653958e-07, 9.84950077054e-08, 9.44841218598e-08, 1.01293288424e-07, 1.07207469568e-07, 1.00770769507e-07, 8.53900274933e-08, 7.03963891624e-08, 5.74573526535e-08, 4.94451022348e-08, 3.66531729412e-08, 2.08645598576e-08, 7.22804571751e-09, 8.50537640318e-10, 1.54913068484e-10, 1.58146190588e-10, 7.04589372957e-11, 5.9623646298e-11, 5.67673755225e-11, 5.45166932431e-11, 5.23325827118e-11, 5.03250427442e-11, 4.83981743571e-11, 4.65464437827e-11, 4.48655348984e-11, 4.33186403415e-11, 4.17033595157e-11, 4.04503652796e-11, 3.93867299886e-11, 3.84277748511e-11, 3.75596602431e-11, 3.68017734342e-11, 3.61368331092e-11, 3.56037248295e-11, 3.51528806064e-11, 3.48233733516e-11, 3.46288553388e-11],
        "min": [2.27824759058e-10, 8.40979907935e-08, 1.41949499266e-07, 6.37985166918e-08, 4.24814004418e-07, 6.42227291792e-07, 8.46984278269e-08, 2.46240261959e-07, 3.05836806547e-07, 4.33147761214e-07, 3.55842246336e-07, 4.40140354385e-07, 1.23275412989e-06, 1.00424222182e-06, 4.17157167476e-07, 1.37596344985e-07, 1.75483080511e-07, 2.46128962544e-07, 3.72630495349e-07, 2.034784643e-07, 1.17650856168e-07, 9.78769705284e-08, 1.29270006255e-07, 8.79473702753e-08, 2.23411007028e-07, 6.58566960965e-08, 4.10386817862e-08, 3.27829781099e-08, 4.22153370039e-08, 2.26644843337e-07, 1.61448909353e-07, 5.98616978209e-08, 1.09965982986e-08, 3.44970416677e-08, 1.74019305632e-08, 1.12948521647e-08, 9.43035871614e-09, 1.580569986e-08, 2.78294329803e-08, 4.48246915141e-08, 1.26359287478e-08, 7.53079731908e-09, 2.0277537871e-08, 6.67463595505e-09, 5.44053762042e-08, 4.31624691544e-08, 3.81003353311e-08, 1.5036340173e-08, 1.72243659335e-08, 3.98360420206e-08, 2.25897487383e-08, 1.06878150774e-08, 6.81417322568e-09, 8.54014814422e-09, 1.08621867057e-08, 1.47671261885e-08, 2.29952181741e-08, 1.88169906323e-08, 1.56614046176e-08, 1.1075611539e-08, 1.20468133247e-08, 1.22404948399e-08, 5.25606846935e-09, 1.54033248378e-08, 1.22994752161e-08, 2.04417496263e-08, 1.58748232337e-08, 2.15161044537e-09, 2.06359440647e-09, 3.88589738165e-09, 4.67294825057e-09, 3.47145734381e-09, 4.4387848952e-09, 3.56525053924e-09, 3.26052740363e-09, 1.58089985547e-09, 3.20417270494e-09, 1.37777489417e-09, 2.38135955399e-09, 1.88414173152e-09, 2.37378272594e-09, 1.78896386593e-09, 1.81837944702e-09, 2.34132535581e-09, 1.75328263019e-09, 1.67905234161e-09, 1.10146558541e-09, 1.68474212359e-09, 1.59171398284e-09, 8.79748440763e-10, 8.41223979364e-10, 1.5108641005e-09, 8.87701356866e-10, 8.37872604631e-10, 1.51120072012e-09, 1.67349178959e-09, 1.44771317157e-09, 2.09128359074e-09, 1.40512201874e-09, 1.35361799547e-09, 8.34265601046e-10, 7.19972303997e-10, 4.12530842819e-10, 8.42545894164e-11, 1.85108807622e-12, 3.45875807379e-14, 2.9463776796e-14, 2.69996393678e-14, 2.42428351157e-14, 2.24407216984e-14, 3.00766085214e-14, 2.97482680579e-14, 2.36548638072e-14, 2.35881413279e-14, 3.12277805069e-14, 2.3042091374e-14, 2.78584426849e-14, 2.27571579609e-14, 2.59542041992e-14, 2.05808389401e-14, 2.35436399109e-14, 2.45349428979e-14, 2.272443369e-14, 2.49966317583e-14, 1.92310868564e-14, 6.8014522203e-15, 1.16876856551e-15, 6.6379305246e-17],
        "stdev": [1.10992386908e-05, 3.11651347147e-05, 0.000100571065559, 0.000203769654036, 0.000380641111406, 0.000390763598261, 0.00102420756593, 0.00168280745856, 0.00096227665199, 0.000781138252933, 0.000829804921523, 0.000845447182655, 0.000965391576756, 0.00163147214334, 0.00174469547346, 0.00141498248558, 0.00133526383433, 0.00197051255964, 0.00125546043273, 0.00260841869749, 0.00464825285599, 0.000954936724156, 0.000831771758385, 0.000700907374267, 0.00130506744608, 0.000487999466714, 0.000386819621781, 0.000831658719108, 0.000557128281798, 0.000724179670215, 0.00054635561537, 0.000245880481089, 0.000505446747411, 0.000508097582497, 0.000265457929345, 0.000405868777307, 0.00052566640079, 0.000151875152369, 0.000266847899184, 0.000228441524087, 0.000157332746312, 0.000203337345738, 0.000306700967485, 0.000411304470617, 0.000271422264632, 0.000108993284812, 9.68815438682e-05, 7.08504448994e-05, 9.87072999123e-05, 0.000150226376718, 0.000105992141471, 0.000112484332931, 3.44335894624e-05, 3.85368402931e-05, 5.90870149608e-05, 4.28478488175e-05, 4.51411906397e-05, 5.21751717315e-05, 3.15822799166e-05, 1.76534249476e-05, 2.14458759729e-05, 2.86410340777e-05, 3.78661570721e-05, 2.22107337322e-05, 1.25315073092e-05, 4.54670862382e-06, 3.34926380674e-06, 2.33645141634e-06, 1.87897376236e-06, 2.3651432457e-06, 2.62495609604e-06, 2.34551794165e-06, 1.30894795802e-06, 1.17557738122e-06, 8.58813564264e-07, 7.42699796774e-07, 7.79373351634e-07, 8.63869217937e-07, 6.17661953584e-07, 5.18968192864e-07, 5.0638857374e-07, 4.62885139996e-07, 3.96524910684e-07, 4.94035759857e-07, 3.56689156433e-07, 3.370032573e-07, 3.02013631881e-07, 3.39364419233e-07, 3.06394809968e-07, 3.16330016403e-07, 4.27888153354e-07, 3.0724893918e-07, 2.55184914977e-07, 3.25493829223e-07, 3.10850339247e-07, 3.51850275138e-07, 4.40714700289e-07, 4.07392747093e-07, 2.92598258511e-07, 2.56335965787e-07, 2.48432911576e-07, 1.18475064426e-07, 5.62586102149e-08, 1.94104465834e-08, 3.13284709286e-09, 2.09894479575e-09, 2.04321470854e-09, 1.88874160756e-09, 1.80562298446e-09, 1.7279161435e-09, 1.65627411786e-09, 1.58963509023e-09, 1.52872603465e-09, 1.47177492416e-09, 1.41901923545e-09, 1.37073374873e-09, 1.32653688034e-09, 1.286153406e-09, 1.24870214169e-09, 1.2156257112e-09, 1.18577669905e-09, 1.15884468688e-09, 1.13513465294e-09, 1.11448139606e-09, 1.09850895047e-09, 1.0852581056e-09, 1.07537245775e-09, 1.06938480293e-09]
    },
    "mfcc": {
        "mean": [-666.323669434, 178.517196655, -34.5436973572, 3.02846431732, 5.11764001846, -16.7504730225, -10.6626462936, 0.696474254131, -15.2741889954, -2.10895991325, -4.28938579559, -0.389225631952, -6.89353847504],
        "cov": [[1778.46679688, -36.45545578, -457.890441895, -114.364059448, -0.927731394768, 117.151687622, 203.01739502, 167.848129272, -9.32423782349, -1.35257482529, -16.6310138702, -19.3601531982, -11.0376243591], [-36.45545578, 570.493652344, -27.6765270233, -111.318077087, 3.44820976257, -97.5955123901, 23.6054553986, -53.9140281677, -79.7111206055, 21.2752132416, 26.7308864594, 24.7583503723, 7.98914909363], [-457.890441895, -27.6765270233, 455.214019775, 11.6055231094, 12.3515405655, -53.5477294922, -103.759735107, -52.5380516052, -12.6944980621, -18.9561157227, -13.7280359268, 19.3809242249, -23.4110431671], [-114.364059448, -111.318077087, 11.6055231094, 253.581176758, 39.7287483215, -1.98850214481, -36.5074577332, 26.3612537384, 30.6493663788, -26.6189880371, -47.9784889221, -8.16068458557, -14.2064819336], [-0.927731394768, 3.44820976257, 12.3515405655, 39.7287483215, 120.086738586, -4.08557081223, 3.575974226, 20.4410915375, 1.95297777653, -21.6609115601, -20.7516689301, -6.93517494202, -3.53663754463], [117.151687622, -97.5955123901, -53.5477294922, -1.98850214481, -4.08557081223, 165.656112671, 68.4561309814, 26.4913959503, 26.6100559235, -10.5146389008, -1.03766405582, -33.9120750427, 0.710262835026], [203.01739502, 23.6054553986, -103.759735107, -36.5074577332, 3.575974226, 68.4561309814, 172.200057983, 37.7664756775, 5.37058925629, -1.73410475254, -10.9380750656, -33.1274185181, -8.91659450531], [167.848129272, -53.9140281677, -52.5380516052, 26.3612537384, 20.4410915375, 26.4913959503, 37.7664756775, 117.375862122, 19.3374252319, -21.7858161926, -29.9296646118, -32.5482330322, -13.2275333405], [-9.32423782349, -79.7111206055, -12.6944980621, 30.6493663788, 1.95297777653, 26.6100559235, 5.37058925629, 19.3374252319, 101.273750305, 8.31764698029, 2.64242506027, -15.2174682617, 2.59019160271], [-1.35257482529, 21.2752132416, -18.9561157227, -26.6189880371, -21.6609115601, -10.5146389008, -1.73410475254, -21.7858161926, 8.31764698029, 86.1376190186, 32.122215271, 7.29015636444, -3.15667200089], [-16.6310138702, 26.7308864594, -13.7280359268, -47.9784889221, -20.7516689301, -1.03766405582, -10.9380750656, -29.9296646118, 2.64242506027, 32.122215271, 111.623504639, 38.8713569641, 24.4795417786], [-19.3601531982, 24.7583503723, 19.3809242249, -8.16068458557, -6.93517494202, -33.9120750427, -33.1274185181, -32.5482330322, -15.2174682617, 7.29015636444, 38.8713569641, 97.1660842896, 28.4210853577], [-11.0376243591, 7.98914909363, -23.4110431671, -14.2064819336, -3.53663754463, 0.710262835026, -8.91659450531, -13.2275333405, 2.59019160271, -3.15667200089, 24.4795417786, 28.4210853577, 70.4652633667]],
        "icov": [[0.000954489398282, 0.00013842927001, 0.000803373346571, 0.000535091443453, -7.27847582311e-05, -0.000215711581404, -0.000337237055646, -0.0010194563074, 0.000288265116978, -3.68615292246e-05, 0.000260018336121, -0.000684023019858, 0.000446395308245], [0.00013842927001, 0.00250851386227, 0.000358441233402, 0.00082365894923, -0.000490058329888, 0.00156193657313, -0.000912591523957, 0.000693775713444, 0.00133315031417, -0.00012923819304, -0.000190479695448, 0.00012446945766, -4.19890711783e-05], [0.000803373346571, 0.000358441233402, 0.00352054298855, 0.000822622096166, -0.000469668739242, 9.51756883296e-05, 0.00116612005513, 0.000343355350196, 0.000145511672599, 0.000857437378727, 0.000597154605202, -0.000852495373692, 0.0017776315799], [0.000535091443453, 0.00082365894923, 0.000822622096166, 0.00557801639661, -0.00139368837699, 6.74730035826e-05, 0.00111877149902, -0.000764489581343, -0.00109547097236, 0.000696926785167, 0.00198606937192, -0.00110175425652, 0.00114165595733], [-7.27847582311e-05, -0.000490058329888, -0.000469668739242, -0.00139368837699, 0.00942668691278, 0.000351021997631, -0.000449160957942, -0.00117715541273, -0.000166230413015, 0.00152127561159, 0.000444439530838, 0.000112429566798, -0.000326568959281], [-0.000215711581404, 0.00156193657313, 9.51756883296e-05, 6.74730035826e-05, 0.000351021997631, 0.00911791156977, -0.00327719119377, 0.000579136190936, -0.000817334686872, 0.00128160323948, -0.00136689154897, 0.00243482692167, -0.000965655664913], [-0.000337237055646, -0.000912591523957, 0.00116612005513, 0.00111877149902, -0.000449160957942, -0.00327719119377, 0.0091336434707, -0.00120983202942, -0.000216364744119, -0.000114701360872, 0.000743707525544, 0.000955450115725, 0.000961853715125], [-0.0010194563074, 0.000693775713444, 0.000343355350196, -0.000764489581343, -0.00117715541273, 0.000579136190936, -0.00120983202942, 0.0127682443708, -0.00163369451184, 0.0022979490459, 0.000830075354315, 0.00248353998177, 0.000773338775616], [0.000288265116978, 0.00133315031417, 0.000145511672599, -0.00109547097236, -0.000166230413015, -0.000817334686872, -0.000216364744119, -0.00163369451184, 0.0123321544379, -0.00213793898001, -0.00116747687571, 0.00165367987938, -0.00142315565608], [-3.68615292246e-05, -0.00012923819304, 0.000857437378727, 0.000696926785167, 0.00152127561159, 0.00128160323948, -0.000114701360872, 0.0022979490459, -0.00213793898001, 0.0147845800966, -0.00361557048745, 0.000397194526158, 0.00275128381327], [0.000260018336121, -0.000190479695448, 0.000597154605202, 0.00198606937192, 0.000444439530838, -0.00136689154897, 0.000743707525544, 0.000830075354315, -0.00116747687571, -0.00361557048745, 0.0133964400738, -0.004441448953, -0.0020344266668], [-0.000684023019858, 0.00012446945766, -0.000852495373692, -0.00110175425652, 0.000112429566798, 0.00243482692167, 0.000955450115725, 0.00248353998177, 0.00165367987938, 0.000397194526158, -0.004441448953, 0.0156469270587, -0.00486939307302], [0.000446395308245, -4.19890711783e-05, 0.0017776315799, 0.00114165595733, -0.000326568959281, -0.000965655664913, 0.000961853715125, 0.000773338775616, -0.00142315565608, 0.00275128381327, -0.0020344266668, -0.00486939307302, 0.0181933734566]]
    },
    "spectral_contrast_coeffs": {
        "max": [-0.439302712679, -0.422569096088, -0.542986154556, -0.591636300087, -0.61276781559, -0.669578313828],
        "mean": [-0.645913124084, -0.682775318623, -0.713859260082, -0.758883059025, -0.732341349125, -0.802665352821],
        "min": [-0.945282876492, -0.975699722767, -0.882319927216, -0.890865802765, -0.864828407764, -0.874879479408],
        "stdev": [0.06476701051, 0.0784437358379, 0.063506372273, 0.0484351702034, 0.0443546064198, 0.0311531890184]
    },
    "spectral_contrast_valleys": {
        "max": [-5.82122325897, -4.69447374344, -5.88845491409, -6.14148235321, -6.80132722855, -9.50563907623],
        "mean": [-7.01288700104, -6.37678384781, -7.20997858047, -7.44620943069, -8.18795204163, -11.2867794037],
        "min": [-9.73154735565, -8.5734128952, -10.1002368927, -9.98388957977, -10.26126194, -12.6360712051],
        "stdev": [0.515830159187, 0.560188472271, 0.629019916058, 0.544519662857, 0.492568850517, 0.460859507322]
    }
},
"rhythm": {
    "beats_count": 62,
    "beats_loudness": {
        "max": 0.0949691906571,
        "mean": 0.0387019962072,
        "min": 0.00297515839338,
        "stdev": 0.0197166092694
    },
    "bpm": 122.136749268,
    "bpm_histogram_first_peak_bpm": 123,
    "bpm_histogram_first_peak_weight": 0.400000035763,
    "bpm_histogram_second_peak_bpm": 110,
    "bpm_histogram_second_peak_spread": 0.409090876579,
    "bpm_histogram_second_peak_weight": 0.213114753366,
    "danceability": 1.02346479893,
    "onset_rate": 2.86083960533,
    "beats_loudness_band_ratio": {
        "max": [0.472485214472, 0.752975463867, 0.962526023388, 0.601484596729, 0.509527266026, 0.0255327895284],
        "mean": [0.110234700143, 0.230402901769, 0.405178338289, 0.198117405176, 0.0975401178002, 0.0067082112655],
        "min": [0.00553536694497, 0.00794483628124, 0.0238563679159, 0.00776496622711, 0.00156376592349, 0.000217318607611],
        "stdev": [0.104286327958, 0.165959388018, 0.274443775415, 0.160224303603, 0.109985277057, 0.00594311580062]
    },
    "beats_position": [0.49922901392, 1.02167797089, 1.53251695633, 2.03174591064, 2.53097510338, 3.03020405769, 3.51782298088, 4.01705217361, 4.5046710968, 4.99229001999, 5.47990942001, 5.9675283432, 6.45514726639, 6.94276618958, 7.4303855896, 7.91800451279, 8.4172334671, 8.93968200684, 9.47374153137, 9.99619007111, 10.5418596268, 11.0875282288, 11.6331968307, 12.1672563553, 12.689704895, 13.2121543884, 13.7462129593, 14.2802715302, 14.8259410858, 15.3716096878, 15.9056682587, 16.4629478455, 17.031835556, 17.600725174, 18.181224823, 18.7617225647, 19.3190021515, 19.8762817383, 20.4219493866, 20.9676189423, 21.5132884979, 22.0589561462, 22.6046257019, 23.1502952576, 23.6843528748, 24.2300224304, 24.7756919861, 25.2981395721, 25.8089790344, 26.3082084656, 26.7958278656, 27.2950553894, 27.7942848206, 28.2702941895, 28.7579135895, 29.2455329895, 29.7563705444, 30.2555999756, 30.7664394379, 31.2540588379, 31.7416782379, 32.2292976379],
