{
"metadata": {
    "version": {
        "essentia": "2.1-beta5",
        "essentia_git_sha": "Undefined",
        "extractor": "music 2.0"
    },
    "audio_properties": {
        "analysis": {
            "equal_loudness": 0,
            "length": 12.7477550507,
            "sample_rate": 44100,
            "start_time": 0,
            "downmix": "mix"
        },
        "bit_rate": 192000,
        "length": 172.80291748,
        "lossless": 0,
        "number_channels": 2,
        "replay_gain": -11.7380962372,
        "sample_rate": 48000,
        "codec": "mp3",
        "md5_encoded": "e3f1280ad21faa62cf5b7a5594861282"
    },
    "tags": {
        "file_name": "Ireland_The Wages Of Love_Muriel Day and the Lindsays.mp3",
        "encoding": ["Lavf58.29.100"]
    }
},
"lowlevel": {
    "average_loudness": 0.952736377716,
    "barkbands_crest": {
        "max": 18.5755958557,
        "mean": 6.2264084816,
        "min": 2.65373039246,
        "stdev": 2.83683276176
    },
    "barkbands_flatness_db": {
        "max": 0.225867018104,
        "mean": 0.139854744077,
        "min": 0.0574159957469,
        "stdev": 0.0250833164901
    },
    "barkbands_kurtosis": {
        "max": 5.49038314819,
        "mean": 0.489944458008,
        "min": -1.21587157249,
        "stdev": 1.02544176579
    },
    "barkbands_skewness": {
        "max": 2.26966834068,
        "mean": -0.146544337273,
        "min": -1.93647861481,
        "stdev": 0.692405700684
    },
    "barkbands_spread": {
        "max": 43.5400772095,
        "mean": 17.8337612152,
        "min": 6.42592763901,
        "stdev": 7.11171627045
    },
    "dissonance": {
        "max": 0.5,
        "mean": 0.486780107021,
        "min": 0.430039584637,
        "stdev": 0.0122497528791
    },
    "dynamic_complexity": 1.67374360561,
    "erbbands_crest": {
        "max": 22.5634250641,
        "mean": 7.76554584503,
        "min": 2.90908098221,
        "stdev": 2.99034905434
    },
    "erbbands_flatness_db": {
        "max": 0.316297590733,
        "mean": 0.227017149329,
        "min": 0.0897114798427,
        "stdev": 0.0333990342915
    },
    "erbbands_kurtosis": {
        "max": 5.92486190796,
        "mean": 0.714586853981,
        "min": -1.50022268295,
        "stdev": 0.971906542778
    },
    "erbbands_skewness": {
        "max": 1.44878077507,
        "mean": 0.0299448911101,
        "min": -1.52500092983,
        "stdev": 0.424314051867
    },
    "erbbands_spread": {
        "max": 78.8329162598,
        "mean": 19.1003303528,
        "min": 6.2121629715,
        "stdev": 9.89414024353
    },
    "hfc": {
        "max": 90.5594558716,
        "mean": 31.1768436432,
        "min": 1.13612820383e-16,
        "stdev": 17.4499492645
    },
    "loudness_ebu128": {
        "integrated": -12.0354824066,
        "loudness_range": 2.1806344986,
        "momentary": {
            "max": -9.08169651031,
            "mean": -12.3327112198,
            "min": -16.7115058899,
            "stdev": 1.659309268
        },
        "short_term": {
            "max": -10.9887952805,
            "mean": -12.1558704376,
            "min": -13.8317337036,
            "stdev": 0.795072078705
        }
    },
    "melbands_crest": {
        "max": 25.0025558472,
        "mean": 7.10043001175,
        "min": 2.12734127045,
        "stdev": 3.95299839973
    },
    "melbands_flatness_db": {
        "max": 0.256538659334,
        "mean": 0.108326792717,
        "min": 0.00378822814673,
        "stdev": 0.0327986069024
    },
    "melbands_kurtosis": {
        "max": 16.2998256683,
        "mean": 0.843713462353,
        "min": -1.50497364998,
        "stdev": 2.23315525055
    },
    "melbands_skewness": {
        "max": 3.37301874161,
        "mean": 0.336907029152,
        "min": -0.998055398464,
        "stdev": 0.768322706223
    },
    "melbands_spread": {
        "max": 142.462173462,
        "mean": 37.5847167969,
        "min": 9.54078197479,
        "stdev": 15.8696966171
    },
    "pitch_salience": {
        "max": 0.90328347683,
        "mean": 0.704761385918,
        "min": 0.37186691165,
        "stdev": 0.105549275875
    },
    "silence_rate_20dB": {
        "max": 1,
        "mean": 1,
        "min": 1,
        "stdev": 0
    },
    "silence_rate_30dB": {
        "max": 1,
        "mean": 1,
        "min": 1,
        "stdev": 0
    },
    "silence_rate_60dB": {
        "max": 1,
        "mean": 0.00727272732183,
        "min": 0,
        "stdev": 0.0849698185921
    },
    "spectral_centroid": {
        "max": 11016.6259766,
        "mean": 2031.30432129,
        "min": 512.9140625,
        "stdev": 749.83380127
    },
    "spectral_complexity": {
        "max": 55,
        "mean": 32.4981803894,
        "min": 0,
        "stdev": 6.98381519318
    },
    "spectral_decrease": {
        "max": 1.97372806495e-29,
        "mean": -4.58098403655e-09,
        "min": -1.75602004049e-08,
        "stdev": 2.3750663658e-09
    },
    "spectral_energy": {
        "max": 0.0714364349842,
        "mean": 0.0201175324619,
        "min": 1.03143452791e-20,
        "stdev": 0.0102548282593
    },
    "spectral_energyband_high": {
        "max": 0.00851044338197,
        "mean": 0.000947922060732,
        "min": 7.26323950649e-21,
        "stdev": 0.00134402664844
    },
    "spectral_energyband_low": {
        "max": 0.00707748206332,
        "mean": 0.000708875828423,
        "min": 6.30224069516e-23,
        "stdev": 0.000846173381433
    },
    "spectral_energyband_middle_high": {
        "max": 0.0538710579276,
        "mean": 0.0142303043976,
        "min": 1.43119310611e-21,
        "stdev": 0.0080902967602
    },
    "spectral_energyband_middle_low": {
        "max": 0.0543235763907,
        "mean": 0.00458965077996,
        "min": 2.49292642581e-22,
        "stdev": 0.00612095044926
    },
    "spectral_entropy": {
        "max": 9.81739521027,
        "mean": 7.76904582977,
        "min": 6.75434446335,
        "stdev": 0.230658814311
    },
    "spectral_flux": {
        "max": 0.221103906631,
        "mean": 0.0881274417043,
        "min": 6.61093332854e-11,
        "stdev": 0.0247056800872
    },
    "spectral_kurtosis": {
        "max": 16.9483547211,
        "mean": 4.49111700058,
        "min": -1.23523294926,
        "stdev": 2.49039006233
    },
    "spectral_rms": {
        "max": 0.00834829825908,
        "mean": 0.00427951896563,
        "min": 3.17218798972e-12,
        "stdev": 0.00114567461424
    },
    "spectral_rolloff": {
        "max": 18518.5546875,
        "mean": 2540.80102539,
        "min": 344.53125,
        "stdev": 1506.34155273
    },
    "spectral_skewness": {
        "max": 2.63977622986,
        "mean": 1.40787994862,
        "min": 0.0229905825108,
        "stdev": 0.322095394135
    },
    "spectral_spread": {
        "max": 41271936,
        "mean": 3144279,
        "min": 1901177.875,
        "stdev": 2891862
    },
    "spectral_strongpeak": {
        "max": 10.7771043777,
        "mean": 1.7365552187,
        "min": 0,
        "stdev": 1.47588455677
    },
    "zerocrossingrate": {
        "max": 0.5615234375,
        "mean": 0.0891495049,
        "min": 0.02490234375,
        "stdev": 0.0419379770756
    },
    "barkbands": {
        "max": [0.000284603098407, 0.00203362083994, 0.00592042319477, 0.0211756210774, 0.0312860831618, 0.0113957673311, 0.0084569575265, 0.0105101587251, 0.0166253857315, 0.0263259001076, 0.0164557751268, 0.0211302228272, 0.0112471273169, 0.0166979972273, 0.0222536567599, 0.007817896083, 0.01470568683, 0.00645897677168, 0.00402682460845, 0.00539868464693, 0.00236691837199, 0.00283391564153, 0.00181664677802, 0.00266885966994, 0.000393409689423, 9.17424529234e-07, 6.51652896977e-07],
        "mean": [3.00878455164e-05, 0.000294758094242, 0.000216289889067, 0.000447807367891, 0.00084435561439, 0.000888937036507, 0.000506147393025, 0.00059552048333, 0.000980086042546, 0.00221795332618, 0.00154268823098, 0.00149133428931, 0.00136854033917, 0.00148700969294, 0.00224300846457, 0.0016100439243, 0.00115637399722, 0.000661478494294, 0.000430936255725, 0.00033146169153, 0.000271552242339, 0.000219748588279, 0.00014147858019, 0.000119035408716, 2.08968231163e-05, 2.41828246317e-09, 1.84817483539e-09],
        "min": [6.60715105447e-24, 6.87247889792e-24, 1.87552153533e-23, 3.95977187965e-23, 2.24237151743e-23, 3.48567152432e-23, 1.57528265252e-23, 1.34552407398e-23, 3.70240253833e-23, 6.89505136386e-23, 4.87686496491e-23, 7.48587915179e-23, 1.10108069191e-22, 4.530572698e-23, 9.02022244768e-23, 1.05682698352e-22, 1.49242057682e-22, 1.71253422639e-22, 1.01660807778e-22, 3.07879436124e-22, 3.6171496461e-22, 3.94146790851e-22, 5.82422796839e-22, 7.80959977317e-22, 1.06669009249e-21, 1.51772577053e-21, 2.22124086203e-21],
        "stdev": [3.76378557121e-05, 0.000330411334289, 0.000486039090902, 0.00188832974527, 0.00220826664008, 0.00161153788213, 0.00083308928879, 0.000992332003079, 0.00134726567194, 0.00349711067975, 0.00215395935811, 0.00176871090662, 0.00113914324902, 0.00143923307769, 0.00249412562698, 0.00120367191266, 0.00113206612878, 0.000720141339116, 0.000447687198175, 0.000475974433357, 0.000379971344955, 0.000356115633622, 0.000243458678597, 0.000214127459913, 3.98884003516e-05, 3.90682082241e-08, 2.77521685632e-08]
    },
    "erbbands": {
        "max": [0.079602651298, 0.573643386364, 5.77291679382, 28.008928299, 73.5884094238, 132.043029785, 76.6304244995, 100.98890686, 136.705734253, 72.3337631226, 280.725250244, 347.382537842, 320.28012085, 1257.20056152, 332.393280029, 1092.56323242, 409.107391357, 630.479675293, 1769.49816895, 490.430511475, 411.237579346, 791.706665039, 456.073516846, 338.523345947, 136.59928894, 153.633926392, 175.814331055, 116.492530823, 129.356796265, 86.3593902588, 50.9620437622, 36.6238517761, 38.5103569031, 17.6239013672, 0.558872163296, 0.021783106029, 0.00208206404932, 0.000497831846587, 0.000111710272904, 9.26982538658e-05],
        "mean": [0.0105187501758, 0.0587068870664, 0.229334428906, 0.871357262135, 2.16406226158, 2.82012104988, 6.16872310638, 6.5009021759, 7.03504371643, 8.08535861969, 15.5585460663, 22.5322589874, 41.5806427002, 90.867477417, 52.4747200012, 65.9319000244, 63.4583587646, 72.6835327148, 109.203414917, 102.239692688, 82.8919830322, 63.232421875, 42.43567276, 28.1013526917, 18.1434822083, 14.2976942062, 11.5686321259, 10.3016176224, 8.04451751709, 5.83130025864, 3.94442510605, 2.82363510132, 1.72239100933, 0.552160859108, 0.0212155021727, 0.000829983677249, 9.68791428022e-05, 2.17532124225e-05, 1.7150059648e-05, 2.74406429526e-05],
        "min": [3.31033324107e-22, 1.73418698149e-21, 1.42700400984e-20, 1.12094269186e-19, 5.77346670532e-20, 1.06604853072e-19, 2.44532347604e-19, 2.54308226578e-19, 2.98432987282e-19, 1.20213589736e-19, 3.8578783531e-19, 8.83742809249e-19, 1.31098893686e-18, 1.61319348e-18, 2.77997495419e-18, 3.04996505176e-18, 4.51579196293e-18, 3.03994748096e-18, 3.00362122397e-18, 5.81186280085e-18, 6.00198695592e-18, 8.40832566819e-18, 8.06328381927e-18, 5.37353607194e-18, 1.28764104029e-17, 1.32988689125e-17, 1.21645180882e-17, 1.34533721889e-17, 1.52072837735e-17, 1.26087033238e-17, 1.59217742625e-17, 1.60981142798e-17, 1.39775557159e-17, 9.36502539387e-18, 9.55108643778e-18, 4.82274049028e-18, 2.96959266793e-18, 1.29027809208e-18, 3.36757686778e-19, 3.09753483877e-20],
        "stdev": [0.011874621734, 0.0805894434452, 0.445285648108, 2.61019539833, 7.41330575943, 7.89536046982, 11.3292074203, 11.4225921631, 12.7132959366, 9.21172428131, 25.299243927, 30.9071941376, 47.4768486023, 144.335769653, 41.3103027344, 84.5851516724, 48.3266487122, 56.8754615784, 144.851928711, 75.3074645996, 57.4723777771, 57.5698471069, 46.8529090881, 30.3875789642, 20.276424408, 17.6152496338, 15.5572881699, 16.3754367828, 13.5934562683, 10.3046712875, 6.92646551132, 4.82338285446, 3.02714681625, 1.13306605816, 0.0411392003298, 0.00155078223906, 0.000167662743479, 3.48946232407e-05, 1.24174312077e-05, 1.45163230627e-05]
    },
    "gfcc": {
        "mean": [-14.2872562408, 98.9940872192, -202.6381073, 39.091091156, -69.8414993286, 26.8313846588, -35.1900596619, -3.05765962601, -2.16134119034, -20.1295623779, 4.34382343292, -16.6607551575, 10.2976350784],
        "cov": [[12594.328125, 580.047363281, -1620.40759277, 472.116729736, -960.456420898, 193.870071411, -427.106628418, -50.3456306458, -220.698944092, -207.569152832, -5.06208133698, -121.306594849, 99.8865585327], [580.047363281, 445.80770874, -78.0643310547, -0.0441231355071, 72.7164459229, -27.2132339478, -28.8859977722, -30.3676929474, 64.9354400635, -16.5330867767, 29.9696884155, -35.085647583, -4.72138643265], [-1620.40759277, -78.0643310547, 651.803222656, 83.097038269, -42.3520393372, -87.5973052979, -50.6791191101, -18.035861969, -93.0810317993, 8.93273258209, -17.1843776703, 45.0225791931, -38.4765815735], [472.116729736, -0.0441231355071, 83.097038269, 153.295547485, -37.8752593994, 11.29337883, -50.0506896973, 1.72023046017, -34.5777282715, 3.96056485176, 8.49618721008, 24.0681552887, -9.92852497101], [-960.456420898, 72.7164459229, -42.3520393372, -37.8752593994, 263.279571533, 44.1423377991, 76.4138412476, 20.7826004028, 105.299438477, 38.5123062134, 30.1113567352, 2.04863548279, -1.0670427084], [193.870071411, -27.2132339478, -87.5973052979, 11.29337883, 44.1423377991, 87.7909927368, 38.069896698, 26.1748962402, 28.9230766296, 12.6618347168, 5.57956218719, 1.75576996803, 3.58014941216], [-427.106628418, -28.8859977722, -50.6791191101, -50.0506896973, 76.4138412476, 38.069896698, 98.5830688477, 26.0887775421, 38.1217803955, 10.5879268646, -0.135542050004, -5.77085828781, 10.8079824448], [-50.3456306458, -30.3676929474, -18.035861969, 1.72023046017, 20.7826004028, 26.1748962402, 26.0887775421, 50.846282959, 25.1096515656, 13.2431182861, 7.06802129745, 3.82265973091, -1.79637885094], [-220.698944092, 64.9354400635, -93.0810317993, -34.5777282715, 105.299438477, 28.9230766296, 38.1217803955, 25.1096515656, 97.6278305054, 35.4466934204, 22.8986606598, -0.783667743206, 1.43475914001], [-207.569152832, -16.5330867767, 8.93273258209, 3.96056485176, 38.5123062134, 12.6618347168, 10.5879268646, 13.2431182861, 35.4466934204, 46.6677589417, 22.2086677551, 10.8911991119, 0.186368390918], [-5.06208133698, 29.9696884155, -17.1843776703, 8.49618721008, 30.1113567352, 5.57956218719, -0.135542050004, 7.06802129745, 22.8986606598, 22.2086677551, 39.0539550781, 20.6221542358, 2.53994131088], [-121.306594849, -35.085647583, 45.0225791931, 24.0681552887, 2.04863548279, 1.75576996803, -5.77085828781, 3.82265973091, -0.783667743206, 10.8911991119, 20.6221542358, 41.5258178711, 14.8247346878], [99.8865585327, -4.72138643265, -38.4765815735, -9.92852497101, -1.0670427084, 3.58014941216, 10.8079824448, -1.79637885094, 1.43475914001, 0.186368390918, 2.53994131088, 14.8247346878, 42.6618995667]],
        "icov": [[0.00132281309925, -0.00200585881248, 0.00354322139174, -0.00374972028658, 0.00458549009636, -0.00316218566149, 0.00265758601017, -0.0011629316723, 0.00181497074664, 0.000194229913177, -0.000902642903384, 0.00205189967528, -0.00205955374986], [-0.00200585881248, 0.00935398973525, -0.00724891619757, 0.00278580817394, -0.0065601230599, 0.0054554133676, -0.00214834325016, 0.00612576398998, -0.0129450364038, 0.0115441121161, -0.0130765978247, 0.0117786712945, -0.00290705310181], [0.00354322139174, -0.00724891619757, 0.0135595286265, -0.00978249777108, 0.0106073021889, -0.00501530617476, 0.00596713181585, -0.00517041096464, 0.0121579254046, -0.00739644607529, 0.00769787700847, -0.00582188833505, 0.000999422743917], [-0.00374972028658, 0.00278580817394, -0.00978249777108, 0.0229626540095, -0.0139448903501, 0.00379370874725, -0.00202526850626, -0.000965447106864, 0.00386529113166, -0.00780704943463, 0.00897950772196, -0.017140833661, 0.0107400463894], [0.00458549009636, -0.0065601230599, 0.0106073021889, -0.0139448903501, 0.0247726980597, -0.0128580117598, 0.00459507480264, 0.000111151923193, -0.00404883967713, 0.00410830974579, -0.00886083208025, 0.0103237628937, -0.00754339247942], [-0.00316218566149, 0.0054554133676, -0.00501530617476, 0.00379370874725, -0.0128580117598, 0.0282802395523, -0.0127247385681, -0.00176979182288, -0.00384273566306, -0.00352340075187, 0.00698015699163, -0.0088995732367, 0.00764306681231], [0.00265758601017, -0.00214834325016, 0.00596713181585, -0.00202526850626, 0.00459507480264, -0.0127247385681, 0.0271367765963, -0.0085783386603, 0.00265656691045, 0.00310450349934, -0.00301343621686, 0.0102107683197, -0.0110746501014], [-0.0011629316723, 0.00612576398998, -0.00517041096464, -0.000965447106864, 0.000111151923193, -0.00176979182288, -0.0085783386603, 0.033104468137, -0.0169327221811, 0.00736050819978, -0.0104135638103, 0.0062622288242, 0.00121260737069], [0.00181497074664, -0.0129450364038, 0.0121579254046, 0.00386529113166, -0.00404883967713, -0.00384273566306, 0.00265656691045, -0.0169327221811, 0.0519020445645, -0.035458445549, 0.0229074265808, -0.0235182140023, 0.0102358097211], [0.000194229913177, 0.0115441121161, -0.00739644607529, -0.00780704943463, 0.00410830974579, -0.00352340075187, 0.00310450349934, 0.00736050819978, -0.035458445549, 0.0648438930511, -0.0474402010441, 0.0341117791831, -0.0158629976213], [-0.000902642903384, -0.0130765978247, 0.00769787700847, 0.00897950772196, -0.00886083208025, 0.00698015699163, -0.00301343621686, -0.0104135638103, 0.0229074265808, -0.0474402010441, 0.0932697281241, -0.0697588250041, 0.0273408424109], [0.00205189967528, 0.0117786712945, -0.00582188833505, -0.017140833661, 0.0103237628937, -0.0088995732367, 0.0102107683197, 0.0062622288242, -0.0235182140023, 0.0341117791831, -0.0697588250041, 0.0976583361626, -0.0431991033256], [-0.00205955374986, -0.00290705310181, 0.000999422743917, 0.0107400463894, -0.00754339247942, 0.00764306681231, -0.0110746501014, 0.00121260737069, 0.0102358097211, -0.0158629976213, 0.0273408424109, -0.0431991033256, 0.0464767329395]]
    },
    "melbands": {
        "max": [0.000536638719495, 0.00203450280242, 0.00716932723299, 0.00745136057958, 0.00274556386285, 0.0020240591839, 0.00200037099421, 0.00104241003282, 0.002026632661, 0.00252201431431, 0.00172600476071, 0.00492826523259, 0.00125563563779, 0.00194010953419, 0.00187124148943, 0.00090975407511, 0.0013020747574, 0.00356317474507, 0.00185080477968, 0.000598445360083, 0.000499575515278, 0.000716274429578, 0.000777850858867, 0.000287461356493, 0.00028404960176, 9.79159085546e-05, 0.000169794075191, 0.000144869889482, 0.000184980570339, 8.69036302902e-05, 0.000103380720248, 8.81874002516e-05, 4.04941420129e-05, 4.14464229834e-05, 2.72856559604e-05, 3.93811096728e-05, 2.35424067796e-05, 1.5664856619e-05, 4.70026789117e-05, 4.78699757878e-06],
        "mean": [8.48611016409e-05, 0.000108372078103, 0.000194989057491, 0.000180064802407, 0.000195995395188, 0.000152295076987, 0.000107677340566, 9.45617211983e-05, 0.000129365769681, 0.0001449038391, 0.00021377702069, 0.000377885735361, 0.0001828167442, 0.000168942264281, 0.000156341746333, 0.00013086720719, 0.000133612717036, 0.000167262915056, 0.000165158096934, 0.000124033249449, 8.94288023119e-05, 6.78333817632e-05, 4.76210952911e-05, 3.0878582038e-05, 2.2262604034e-05, 1.31246079036e-05, 1.20398954095e-05, 9.1992878879e-06, 7.30968486096e-06, 6.58322051095e-06, 6.16205761617e-06, 4.70684153697e-06, 3.6324370285e-06, 2.95649101645e-06, 2.00410045181e-06, 2.4379403385e-06, 1.5170505776e-06, 1.2505632867e-06, 1.03751949609e-06, 2.61592447259e-07],
        "min": [2.77370041821e-24, 7.90655484894e-24, 1.75992801139e-23, 4.74403514574e-24, 7.69371465469e-24, 5.82062951627e-24, 4.16935589274e-24, 1.50146775433e-24, 3.48496580935e-24, 5.93177607351e-24, 6.32866067239e-24, 6.90217162239e-24, 8.41465858027e-24, 8.09611812447e-24, 9.22593654584e-24, 1.13390093433e-23, 4.51427940709e-24, 3.70533489209e-24, 7.19388607425e-24, 7.6944893161e-24, 5.72462553853e-24, 9.40988470944e-24, 5.75355346236e-24, 8.10960370164e-24, 2.92320513975e-24, 5.44852895487e-24, 1.09015212847e-23, 8.30598115767e-24, 7.4007616912e-24, 7.9554594919e-24, 7.50298780933e-24, 8.97751083615e-24, 6.71989978821e-24, 7.01508049489e-24, 9.46704951494e-24, 8.86484019964e-24, 9.40715051754e-24, 9.87233311588e-24, 7.83796181551e-24, 7.51529167287e-24],
        "stdev": [8.8548673375e-05, 0.000175545006641, 0.000667672837153, 0.000523579423316, 0.000357532320777, 0.000266259565251, 0.000191524377442, 0.000119039425044, 0.000188932885067, 0.000210189886275, 0.000264195987256, 0.000610212853644, 0.00018401532725, 0.000194945750991, 0.000152340289787, 0.000110852051876, 0.000111849563837, 0.000249196280492, 0.00018368117162, 9.35727803153e-05, 6.62428647047e-05, 6.20371647528e-05, 5.35599428986e-05, 3.65302948921e-05, 2.60770539171e-05, 1.41433920362e-05, 1.87626083061e-05, 1.30583193823e-05, 1.18466632557e-05, 9.63260663411e-06, 1.20286804304e-05, 8.1917451098e-06, 5.94950915911e-06, 5.50039658265e-06, 3.36836001225e-06, 4.85300051878e-06, 2.58957402366e-06, 2.04272214432e-06, 2.56377325059e-06, 4.8897771876e-07]
    },
    "melbands128": {
        "max": [0.000242131893174, 0.000778557558078, 0.000646358646918, 0.00120670569595, 0.00286911451258, 0.00265456968918, 0.00345892156474, 0.0140035199001, 0.00851067341864, 0.010280941613, 0.00797915551811, 0.00393770821393, 0.00349373044446, 0.004887891002, 0.00346664036624, 0.00260984362103, 0.00236714654602, 0.00227579241619, 0.00216142088175, 0.000677020812873, 0.00165496685077, 0.0041681015864, 0.00236770673655, 0.00121638923883, 0.00224253069609, 0.00363779859617, 0.00277581834234, 0.00232651620172, 0.00473356014118, 0.00821363925934, 0.0100727668032, 0.00435059238225, 0.00159245065879, 0.00231675524265, 0.00118080072571, 0.00356292258948, 0.00637570070103, 0.00288951746188, 0.0023831797298, 0.000827231386211, 0.00186547101475, 0.000992586486973, 0.00231073005125, 0.0011156827677, 0.00205104635097, 0.00753558473662, 0.00357839884236, 0.00421782815829, 0.00103325082455, 0.00102721201256, 0.00084549584426, 0.00133920519147, 0.00101866887417, 0.000522125337739, 0.00137066852767, 0.000393234135117, 0.00158547214232, 0.00129623315297, 0.000381852383725, 0.00104844593443, 0.000360060337698, 0.000370262860088, 0.00043999121408, 0.000293546298053, 0.000211284059333, 0.000124754791614, 0.000173404769157, 0.000168725629919, 0.000319543614751, 0.000155838570208, 0.000140114367241, 0.000156670750584, 0.000627210480161, 0.000156097856234, 5.31046825927e-05, 0.000214277592022, 7.04016129021e-05, 9.18891237234e-05, 0.000176437519258, 0.000152270906256, 5.25453142473e-05, 0.000184044416528, 7.73349456722e-05, 7.80514237704e-05, 9.31475951802e-05, 8.4222665464e-05, 6.35596661596e-05, 4.85357959406e-05, 3.43361243722e-05, 4.90724560223e-05, 7.80299960752e-05, 3.60485464626e-05, 3.50130940205e-05, 3.05807770928e-05, 2.60991655523e-05, 1.63423810591e-05, 1.22527453641e-05, 2.19860867219e-05, 0.000102304322354, 2.07937282539e-05, 7.31184991309e-06, 3.81112909054e-06, 3.97662660134e-07, 1.8697665638e-08, 1.43545690889e-08, 1.17058949201e-08, 9.87677672981e-09, 8.50213943693e-09, 7.45174677519e-09, 6.59436638628e-09, 5.90369220177e-09, 5.33021582427e-09, 4.83783990646e-09, 4.42616077123e-09, 4.08260447671e-09, 3.78079390018e-09, 3.52217011113e-09, 3.29962168699e-09, 3.09859338188e-09, 2.94627056086e-09, 2.80923395657e-09, 2.68389266367e-09, 2.57261212333e-09, 2.49573650635e-09, 2.42670661343e-09, 2.3754018752e-09, 2.3359529866e-09, 2.3121147219e-09],
        "mean": [2.60348188021e-05, 9.48699162109e-05, 9.31542963372e-05, 9.6813084383e-05, 0.000108367567009, 0.000106508079625, 0.000153984947246, 0.000254028011113, 0.000213100080146, 0.000187951576663, 0.000142432894791, 0.000147060869494, 0.000214156229049, 0.000264805392362, 0.000143967801705, 0.000100644676422, 9.69917455222e-05, 0.000123983816593, 0.00010303563613, 7.41109761293e-05, 9.55987270572e-05, 0.00013338784629, 0.000139097915962, 0.0001183309505, 0.000136766568176, 0.000163980119396, 0.000142630466144, 0.000172064144863, 0.000304829183733, 0.000427246995969, 0.000413899630075, 0.000277679413557, 0.000126625222038, 0.00016235280782, 0.000139885261888, 0.000184549135156, 0.000199102316401, 0.000138636591146, 0.000148848092067, 0.00013595042401, 0.000132425586344, 0.000114933456643, 0.000134087778861, 0.00014843691315, 0.0001219487458, 0.000183732598089, 0.000198456313228, 0.000185341064935, 0.000144244622788, 0.000113065339974, 0.000131259308546, 0.000128306390252, 8.46585389809e-05, 8.02069407655e-05, 7.83744180808e-05, 6.24116219115e-05, 6.56762786093e-05, 5.35874496563e-05, 3.78971235477e-05, 4.31842308899e-05, 2.80615040538e-05, 2.38152315433e-05, 2.85677433567e-05, 2.09496793104e-05, 1.44146606544e-05, 1.2192590475e-05, 1.31017286549e-05, 1.29444943013e-05, 1.34620877361e-05, 7.20752996131e-06, 8.46033799462e-06, 1.11003500933e-05, 9.24560390558e-06, 5.6120870795e-06, 5.52485653316e-06, 9.99958501779e-06, 4.66249775855e-06, 4.06262415709e-06, 8.05780473456e-06, 6.69926566843e-06, 3.33693333232e-06, 5.49689821128e-06, 3.75049262402e-06, 3.04448622046e-06, 3.83899214285e-06, 3.56987538908e-06, 2.70934242508e-06, 1.69885231571e-06, 1.58445720899e-06, 2.25948497246e-06, 3.39422422257e-06, 2.08293045034e-06, 1.78852667432e-06, 1.11086592369e-06, 1.90236539765e-06, 1.31956096538e-06, 1.15364082376e-06, 8.96078972801e-07, 1.57434658377e-06, 6.69741268666e-07, 4.62807207668e-07, 2.09866641399e-07, 9.5764427499e-09, 8.80417891369e-11, 3.55559783005e-11, 2.96879916484e-11, 2.42813737866e-11, 2.22643587594e-11, 1.95832100536e-11, 1.73683584875e-11, 1.54777770461e-11, 1.39665648838e-11, 1.26181729995e-11, 1.17001087638e-11, 1.09117688843e-11, 1.02451979192e-11, 9.64892488825e-12, 9.12494906025e-12, 8.66706272723e-12, 8.30250798667e-12, 7.97626895088e-12, 7.68268955398e-12, 7.42399544618e-12, 7.23117876342e-12, 7.04791129971e-12, 6.89265701806e-12, 6.78176872299e-12, 6.72156731316e-12],
        "min": [3.70116102904e-24, 3.761059632e-24, 7.94605834067e-25, 2.4255133863e-24, 3.16196513399e-24, 1.24172165399e-23, 2.32396829179e-23, 1.07560876771e-23, 5.37833295608e-24, 2.44706191078e-24, 8.23621666579e-24, 2.49320573779e-24, 7.14518180196e-24, 9.01878167213e-24, 6.61101726177e-24, 3.30122491895e-24, 3.68012526414e-24, 2.07537372642e-24, 1.79849005679e-24, 4.89646358301e-25, 1.33304950094e-24, 3.77491242393e-24, 2.94459608928e-24, 5.05520527411e-24, 4.12447483483e-24, 4.2676475671e-24, 5.11367051681e-24, 5.37507101624e-24, 5.63431043121e-24, 9.4070424436e-24, 2.31442007717e-24, 1.85255759716e-24, 1.21810173854e-23, 9.81880732574e-24, 5.87321537864e-24, 1.81825812222e-24, 7.4459507993e-24, 6.19052363371e-24, 9.37884461054e-24, 6.16733309525e-24, 1.44137824703e-23, 4.20238549884e-24, 5.70834344945e-24, 2.11651045605e-24, 1.63123931754e-24, 3.51727676317e-24, 5.62328452234e-24, 6.76027211162e-24, 3.10465774188e-24, 5.16643426731e-24, 8.82003763339e-24, 5.24921890843e-24, 2.48176469086e-24, 3.89738031845e-24, 8.50936290967e-24, 9.02420272427e-24, 8.54915463145e-24, 5.08388943991e-24, 3.12119167481e-24, 7.09089002788e-24, 5.54511629524e-24, 8.33763104604e-24, 1.08632496979e-24, 2.22467216084e-24, 3.56197480535e-24, 6.52173240679e-24, 4.43652848741e-24, 9.19343468768e-24, 1.01237233649e-23, 2.46598569782e-24, 9.19073993883e-24, 4.81079644415e-24, 3.15576291234e-24, 7.56579612574e-24, 3.70376032572e-24, 6.52668645328e-24, 7.21006482256e-24, 9.64702418616e-24, 4.09978861609e-24, 5.74255674134e-24, 8.38553541338e-24, 7.00689921844e-24, 7.6548593108e-24, 5.55238762064e-24, 6.03585088716e-24, 7.15496604377e-24, 4.20802348773e-24, 8.61768376715e-24, 1.26572132708e-23, 5.34822095203e-24, 8.39802623695e-24, 5.89695851416e-24, 6.63564628809e-24, 7.88499764699e-24, 9.2032086743e-24, 1.01467849246e-23, 9.72600099568e-24, 7.20047227395e-24, 7.84061791018e-24, 6.56558479008e-24, 6.37371251869e-24, 6.64634718627e-24, 6.04981490848e-24, 1.01215184986e-23, 9.8411675881e-24, 1.091358849e-23, 9.4593178892e-24, 7.14283572963e-24, 8.87281479453e-24, 6.72670923555e-24, 5.90975896564e-24, 4.86147444642e-24, 1.08120755021e-23, 6.64427169323e-24, 1.13853486106e-23, 1.04016335397e-23, 7.41139080304e-24, 9.04082165696e-24, 1.21813124194e-23, 8.72984874382e-24, 9.99734627011e-24, 1.04469173111e-23, 9.76360283959e-24, 5.54257734642e-24, 6.13240588424e-24, 8.88177388783e-24, 6.53023119976e-24, 7.29197303921e-24],
        "stdev": [3.37987221428e-05, 0.000117198665976, 0.000104120597825, 0.000164126089658, 0.000217039851123, 0.000248620024649, 0.000353641196853, 0.00123976112809, 0.000763593241572, 0.000659757293761, 0.000450354767963, 0.000349151116097, 0.000400026387069, 0.000646543514449, 0.000286587164737, 0.000228087534197, 0.000205464282772, 0.000259539752733, 0.000185632452485, 8.19979395601e-05, 0.00015258663916, 0.000336408469593, 0.000217385284486, 0.000154624300194, 0.000227911630645, 0.000308802089421, 0.000270099902991, 0.000237718544668, 0.000606564164627, 0.000857627193909, 0.000855383521412, 0.000559442909434, 0.000138146380777, 0.000220917921979, 0.000155728761456, 0.000316074758302, 0.000406408216804, 0.000177803551196, 0.000176719229785, 0.000139298717841, 0.000180057628313, 0.000116654060548, 0.000152473090566, 0.000164971585036, 0.000163502932992, 0.000458294525743, 0.000377255491912, 0.000349747569999, 0.000149031140609, 0.000123137826449, 0.000126076629385, 0.000157167683938, 8.75090408954e-05, 8.20382119855e-05, 0.000115443508548, 5.65063528484e-05, 0.00010576301429, 8.16177634988e-05, 4.26545229857e-05, 8.41339351609e-05, 3.73008697352e-05, 3.66686908819e-05, 5.04469171574e-05, 2.80678013951e-05, 1.91693816305e-05, 1.41559712574e-05, 1.94979784283e-05, 1.9728053303e-05, 2.99109960906e-05, 1.01203168015e-05, 1.36576672958e-05, 2.00843187486e-05, 3.08498492814e-05, 9.09935624804e-06, 7.29661633159e-06, 1.94208023458e-05, 6.88130967319e-06, 6.69499922878e-06, 2.01864186238e-05, 1.55551006173e-05, 5.2204613894e-06, 1.44171199281e-05, 7.4169815889e-06, 5.86668465985e-06, 8.85774079507e-06, 8.23991649668e-06, 6.84571296006e-06, 3.19695072903e-06, 2.81439429273e-06, 5.00781925439e-06, 8.33255580801e-06, 4.34498224422e-06, 3.71634337171e-06, 2.37177891904e-06, 3.87063073504e-06, 2.42707073994e-06, 1.9549395347e-06, 1.65206438396e-06, 5.19593641002e-06, 1.60727495313e-06, 9.03962018128e-07, 4.35155044443e-07, 3.14967145698e-08, 8.50400361241e-10, 6.16572737311e-10, 5.01141628195e-10, 4.2064537964e-10, 3.6208419596e-10, 3.17343235023e-10, 2.80845402489e-10, 2.51411752528e-10, 2.26995658381e-10, 2.06020492333e-10, 1.88489931996e-10, 1.73859468489e-10, 1.61007845945e-10, 1.49994808241e-10, 1.40518638392e-10, 1.31958693972e-10, 1.25472771062e-10, 1.19637785789e-10, 1.14300797993e-10, 1.09562511841e-10, 1.06289255175e-10, 1.03350723812e-10, 1.01167414723e-10, 9.94883619931e-11, 9.84734446763e-11]
    },
    "mfcc": {
        "mean": [-608.526733398, 96.1995544434, -51.7469100952, -2.81237077713, -1.64949822426, 7.47135829926, -6.86225652695, 6.89329862595, 0.850743293762, 1.29702758789, -6.13575029373, 1.1220523119, -2.83902168274],
        "cov": [[4281.96679688, 42.1731147766, 51.7172393799, 22.2823104858, -164.880828857, -41.273311615, -21.516872406, -18.0714988708, -77.861541748, -72.1746444702, -119.059547424, -59.3359794617, -56.5725440979], [42.1731147766, 465.480316162, -101.884109497, 10.1651649475, 76.6957321167, 18.2678546906, -35.4061737061, -5.03494262695, 13.4950771332, 22.7758274078, 30.6623725891, 26.1180438995, 3.1559073925], [51.7172393799, -101.884109497, 514.549438477, 132.984298706, -41.9094734192, -72.7745513916, -14.1895704269, -47.4794082642, -87.6504440308, -101.620666504, -60.4823455811, -24.5485935211, 1.15193104744], [22.2823104858, 10.1651649475, 132.984298706, 115.596305847, 36.3552093506, -7.75710439682, -6.02532529831, -14.078289032, -29.5493144989, -34.6018676758, -9.02695560455, 6.34928655624, 12.7358198166], [-164.880828857, 76.6957321167, -41.9094734192, 36.3552093506, 116.175315857, 38.4300575256, -6.28989839554, 11.7762508392, 7.25034952164, 9.63711452484, 35.8703308105, 34.7165603638, 20.3383483887], [-41.273311615, 18.2678546906, -72.7745513916, -7.75710439682, 38.4300575256, 70.7101135254, 17.1421470642, 15.6848669052, 22.5029582977, 19.2138328552, 18.1736755371, 15.177321434, 7.1969537735], [-21.516872406, -35.4061737061, -14.1895704269, -6.02532529831, -6.28989839554, 17.1421470642, 50.9848670959, 20.4844417572, 11.9499435425, 8.09415817261, -3.69072318077, -5.25908994675, 2.28518891335], [-18.0714988708, -5.03494262695, -47.4794082642, -14.078289032, 11.7762508392, 15.6848669052, 20.4844417572, 48.9881401062, 22.4711914062, 15.5595932007, 9.46363735199, 7.14705038071, 4.67557621002], [-77.861541748, 13.4950771332, -87.6504440308, -29.5493144989, 7.25034952164, 22.5029582977, 11.9499435425, 22.4711914062, 54.8152122498, 33.9717254639, 13.7770757675, 6.37404203415, 1.80928146839], [-72.1746444702, 22.7758274078, -101.620666504, -34.6018676758, 9.63711452484, 19.2138328552, 8.09415817261, 15.5595932007, 33.9717254639, 57.9632263184, 28.0484867096, 5.31210136414, -0.581868052483], [-119.059547424, 30.6623725891, -60.4823455811, -9.02695560455, 35.8703308105, 18.1736755371, -3.69072318077, 9.46363735199, 13.7770757675, 28.0484867096, 64.9652481079, 29.8116893768, 7.76850509644], [-59.3359794617, 26.1180438995, -24.5485935211, 6.34928655624, 34.7165603638, 15.177321434, -5.25908994675, 7.14705038071, 6.37404203415, 5.31210136414, 29.8116893768, 53.0824775696, 23.6412982941], [-56.5725440979, 3.1559073925, 1.15193104744, 12.7358198166, 20.3383483887, 7.1969537735, 2.28518891335, 4.67557621002, 1.80928146839, -0.581868052483, 7.76850509644, 23.6412982941, 39.5585479736]],
        "icov": [[0.000274857971817, -9.17924771784e-05, 0.000145439378684, -0.000286190945189, 0.000571535085328, -0.000243896007305, 0.000208370722248, -0.000305442488752, 0.000476818386232, 5.87633658142e-05, 0.000378352822736, -0.000188980353414, 0.000280587235466], [-9.17924771784e-05, 0.00269811158068, 0.000459394505015, -0.000338466663379, -0.00174066750333, 0.000392134941649, 0.00147927366197, 0.000593350210693, -0.00038683458115, -0.00062772462843, 0.000243744652835, -0.0003816561657, 0.000605758861639], [0.000145439378684, 0.000459394505015, 0.0045062690042, -0.00416626641527, 0.00172340404242, 0.0015721739037, -0.000299891544273, 0.000479388836538, 0.00197751214728, 0.00318162818439, 0.000351483700797, 9.42454425967e-05, 1.02714147943e-06], [-0.000286190945189, -0.000338466663379, -0.00416626641527, 0.0176542531699, -0.00803867168725, 0.000840969907586, -0.0019637120422, 0.00208602286875, 0.000867556140292, 0.0029470063746, 0.000447678263299, 0.00091451453045, -0.00272867758758], [0.000571535085328, -0.00174066750333, 0.00172340404242, -0.00803867168725, 0.0194140616804, -0.00780639098957, 0.00410115718842, -0.00422525824979, 0.00233150809072, 0.000546704977751, -0.00434972485527, -0.00316757895052, -0.00215597939678], [-0.000243896007305, 0.000392134941649, 0.0015721739037, 0.000840969907586, -0.00780639098957, 0.0232977438718, -0.00802045874298, 0.00194544333499, -0.0048485188745, 6.89044391038e-05, -8.61157750478e-05, -0.00221845926717, 0.000877189682797], [0.000208370722248, 0.00147927366197, -0.000299891544273, -0.0019637120422, 0.00410115718842, -0.00802045874298, 0.029191955924, -0.0111569995061, 2.96785838145e-05, -0.00248640961945, 0.00192943646107, 0.00414433795959, -0.00308969640173], [-0.000305442488752, 0.000593350210693, 0.000479388836538, 0.00208602286875, -0.00422525824979, 0.00194544333499, -0.0111569995061, 0.0309714470059, -0.00919876806438, 0.000760649272706, -0.000875481171533, -0.00194030092098, -0.000604003085755], [0.000476818386232, -0.00038683458115, 0.00197751214728, 0.000867556140292, 0.00233150809072, -0.0048485188745, 2.96785838145e-05, -0.00919876806438, 0.0365068055689, -0.0148260900751, 0.00432513700798, -0.00270201847889, 2.24316863751e-05], [5.87633658142e-05, -0.00062772462843, 0.00318162818439, 0.0029470063746, 0.000546704977751, 6.89044391038e-05, -0.00248640961945, 0.000760649272706, -0.0148260900751, 0.0396529994905, -0.0137847894803, 0.00690174102783, -0.00130346510559], [0.000378352822736, 0.000243744652835, 0.000351483700797, 0.000447678263299, -0.00434972485527, -8.61157750478e-05, 0.00192943646107, -0.000875481171533, 0.00432513700798, -0.0137847894803, 0.030244929716, -0.0148189263418, 0.00512742297724], [-0.000188980353414, -0.0003816561657, 9.42454425967e-05, 0.00091451453045, -0.00316757895052, -0.00221845926717, 0.00414433795959, -0.00194030092098, -0.00270201847889, 0.00690174102783, -0.0148189263418, 0.0381906181574, -0.0182034410536], [0.000280587235466, 0.000605758861639, 1.02714147943e-06, -0.00272867758758, -0.00215597939678, 0.000877189682797, -0.00308969640173, -0.000604003085755, 2.24316863751e-05, -0.00130346510559, 0.00512742297724, -0.0182034410536, 0.0375608988106]]
    },
    "spectral_contrast_coeffs": {
        "max": [-0.409081697464, -0.614387989044, -0.527368068695, -0.642871201038, -0.625617921352, -0.538903474808],
        "mean": [-0.742879152298, -0.817955613136, -0.781748354435, -0.793084383011, -0.769155800343, -0.687243640423],
        "min": [-0.972699344158, -0.979226410389, -0.966040790081, -0.963516771793, -0.963137209415, -0.96067661047],
        "stdev": [0.0768773704767, 0.0472143180668, 0.0641066730022, 0.047001812607, 0.036024171859, 0.0436196513474]
    },
    "spectral_contrast_valleys": {
        "max": [-6.06871938705, -4.91417312622, -5.3333978653, -5.42148447037, -5.89932346344, -8.37557029724],
        "mean": [-7.57170724869, -6.6129527092, -6.51461029053, -6.48901224136, -7.10892772675, -10.7917671204],
        "min": [-27.2276630402, -27.3156871796, -27.6558513641, -27.618106842, -27.1638088226, -27.3582210541],
        "stdev": [1.63065862656, 1.67119801044, 1.69761359692, 1.71967351437, 1.62940371037, 1.47835838795]
    }
},
"rhythm": {
    "beats_count": 27,
    "beats_loudness": {
        "max": 0.040485356003,
        "mean": 0.0218819119036,
        "min": 0.00490865530446,
        "stdev": 0.00997956003994
    },
    "bpm": 147.686416626,
    "bpm_histogram_first_peak_bpm": 148,
    "bpm_histogram_first_peak_weight": 0.25,
    "bpm_histogram_second_peak_bpm": 112,
    "bpm_histogram_second_peak_spread": 0.199999988079,
    "bpm_histogram_second_peak_weight": 0.153846159577,
    "danceability": 0.929507911205,
    "onset_rate": 2.50796175003,
    "beats_loudness_band_ratio": {
        "max": [0.240111291409, 0.341183751822, 0.305621445179, 0.618156254292, 0.506669104099, 0.283542454243],
        "mean": [0.0547802038491, 0.0921806767583, 0.131011515856, 0.378867775202, 0.302500456572, 0.0847498849034],
        "min": [0.00629600696266, 0.00380101427436, 0.0398281551898, 0.0778328999877, 0.0617675483227, 0.0225419923663],
        "stdev": [0.0500130094588, 0.10165105015, 0.0672944262624, 0.135124862194, 0.111870579422, 0.0753961950541]
    },
    "beats_position": [0.441179126501, 0.905578196049, 1.39319729805, 1.88081634045, 2.35682535172, 2.8444442749, 3.3785033226, 3.9125623703, 4.446621418, 4.96907043457, 5.50312900543, 6.01396799088, 6.51319694519, 7.02403593063, 7.46521520615, 7.89478445053, 8.33596324921, 8.77714252472, 9.19510173798, 9.63628101349, 10.0310201645, 10.4373693466, 10.8437185287, 11.2500677109, 11.656416893, 12.0627660751, 12.4691152573],
