{
"metadata": {
    "version": {
        "essentia": "2.1-beta5",
        "essentia_git_sha": "Undefined",
        "extractor": "music 2.0"
    },
    "audio_properties": {
        "analysis": {
            "equal_loudness": 0,
            "length": 21.9080276489,
            "sample_rate": 44100,
            "start_time": 175.240997314,
            "downmix": "mix"
        },
        "bit_rate": 192000,
        "length": 197.160980225,
        "lossless": 0,
        "number_channels": 2,
        "replay_gain": -10.3408851624,
        "sample_rate": 48000,
        "codec": "mp3",
        "md5_encoded": "df3cead179528426bc86a56ed810c82f"
    },
    "tags": {
        "file_name": "France_Un Jour, Un Enfant_Frida Boccara.mp3",
        "encoding": ["Lavf58.29.100"]
    }
},
"lowlevel": {
    "average_loudness": 0.801376461983,
    "barkbands_crest": {
        "max": 26.7870540619,
        "mean": 11.706870079,
        "min": 2.67122888565,
        "stdev": 6.29279661179
    },
    "barkbands_flatness_db": {
        "max": 0.43095818162,
        "mean": 0.204986393452,
        "min": 0.0461299531162,
        "stdev": 0.0769091323018
    },
    "barkbands_kurtosis": {
        "max": 226.731445312,
        "mean": 8.84655570984,
        "min": -1.71159315109,
        "stdev": 19.974149704
    },
    "barkbands_skewness": {
        "max": 14.9950122833,
        "mean": 1.60255610943,
        "min": -2.33379673958,
        "stdev": 2.21418619156
    },
    "barkbands_spread": {
        "max": 117.990631104,
        "mean": 11.8850955963,
        "min": 0.504569351673,
        "stdev": 10.0938129425
    },
    "dissonance": {
        "max": 0.500000059605,
        "mean": 0.44961091876,
        "min": 0.233062058687,
        "stdev": 0.0470653437078
    },
    "dynamic_complexity": 5.53178739548,
    "erbbands_crest": {
        "max": 31.0822486877,
        "mean": 10.9727945328,
        "min": 2.58552670479,
        "stdev": 5.73948717117
    },
    "erbbands_flatness_db": {
        "max": 0.39683625102,
        "mean": 0.247945979238,
        "min": 0.0649743005633,
        "stdev": 0.048811212182
    },
    "erbbands_kurtosis": {
        "max": 36.3862991333,
        "mean": 1.41332566738,
        "min": -1.76223182678,
        "stdev": 4.02406454086
    },
    "erbbands_skewness": {
        "max": 5.67228126526,
        "mean": 0.458703517914,
        "min": -2.08001422882,
        "stdev": 1.1464574337
    },
    "erbbands_spread": {
        "max": 119.237495422,
        "mean": 22.8254375458,
        "min": 4.01909446716,
        "stdev": 13.0574502945
    },
    "hfc": {
        "max": 43.874458313,
        "mean": 6.17795133591,
        "min": 1.11756124162e-16,
        "stdev": 7.46201038361
    },
    "loudness_ebu128": {
        "integrated": -16.9945297241,
        "loudness_range": 6.21621990204,
        "momentary": {
            "max": -10.8948230743,
            "mean": -19.1648654938,
            "min": -44.3009033203,
            "stdev": 4.8018693924
        },
        "short_term": {
            "max": -14.529668808,
            "mean": -17.6694793701,
            "min": -22.0574512482,
            "stdev": 1.98155903816
        }
    },
    "melbands_crest": {
        "max": 39.8325195312,
        "mean": 14.6209669113,
        "min": 1.87336301804,
        "stdev": 8.0306930542
    },
    "melbands_flatness_db": {
        "max": 0.487212300301,
        "mean": 0.242522224784,
        "min": 0.00452548917383,
        "stdev": 0.0970443114638
    },
    "melbands_kurtosis": {
        "max": 385.427886963,
        "mean": 15.2847690582,
        "min": -1.74304294586,
        "stdev": 31.3408584595
    },
    "melbands_skewness": {
        "max": 19.056558609,
        "mean": 2.24986124039,
        "min": -0.973500728607,
        "stdev": 2.47139954567
    },
    "melbands_spread": {
        "max": 256.98526001,
        "mean": 21.1536617279,
        "min": 0.559803903103,
        "stdev": 25.4534683228
    },
    "pitch_salience": {
        "max": 0.89969587326,
        "mean": 0.586003601551,
        "min": 0.0110177397728,
        "stdev": 0.203320547938
    },
    "silence_rate_20dB": {
        "max": 1,
        "mean": 1,
        "min": 1,
        "stdev": 0
    },
    "silence_rate_30dB": {
        "max": 1,
        "mean": 1,
        "min": 1,
        "stdev": 0
    },
    "silence_rate_60dB": {
        "max": 1,
        "mean": 0.395767182112,
        "min": 0,
        "stdev": 0.489014655352
    },
    "spectral_centroid": {
        "max": 11088.5351562,
        "mean": 1118.37683105,
        "min": 249.278778076,
        "stdev": 982.153320312
    },
    "spectral_complexity": {
        "max": 27,
        "mean": 6.48148155212,
        "min": 0,
        "stdev": 4.32953739166
    },
    "spectral_decrease": {
        "max": 1.07117226278e-28,
        "mean": -3.20586246438e-09,
        "min": -2.66857220765e-08,
        "stdev": 4.66952343459e-09
    },
    "spectral_energy": {
        "max": 0.103224858642,
        "mean": 0.0126600172371,
        "min": 1.0352854414e-20,
        "stdev": 0.0182249695063
    },
    "spectral_energyband_high": {
        "max": 0.00484125409275,
        "mean": 4.57823771285e-05,
        "min": 7.64013578999e-21,
        "stdev": 0.000248408410698
    },
    "spectral_energyband_low": {
        "max": 0.00313815940171,
        "mean": 5.9805890487e-05,
        "min": 3.91641923974e-23,
        "stdev": 0.000131673921715
    },
    "spectral_energyband_middle_high": {
        "max": 0.015879387036,
        "mean": 0.0012199251214,
        "min": 1.22455628051e-21,
        "stdev": 0.00149564316962
    },
    "spectral_energyband_middle_low": {
        "max": 0.101955160499,
        "mean": 0.0113721564412,
        "min": 2.75537527405e-22,
        "stdev": 0.0177669301629
    },
    "spectral_entropy": {
        "max": 9.81020641327,
        "mean": 7.07370328903,
        "min": 5.10302352905,
        "stdev": 0.670747637749
    },
    "spectral_flux": {
        "max": 0.248429372907,
        "mean": 0.0518904030323,
        "min": 6.59044763207e-11,
        "stdev": 0.040922280401
    },
    "spectral_kurtosis": {
        "max": 43.622882843,
        "mean": 11.7018594742,
        "min": -1.28827571869,
        "stdev": 6.69960594177
    },
    "spectral_rms": {
        "max": 0.0100352969021,
        "mean": 0.00279316818342,
        "min": 3.17810404729e-12,
        "stdev": 0.00213294615969
    },
    "spectral_rolloff": {
        "max": 19056.8847656,
        "mean": 1456.44177246,
        "min": 21.533203125,
        "stdev": 1853.0645752
    },
    "spectral_skewness": {
        "max": 5.07084560394,
        "mean": 2.33557844162,
        "min": -0.052292495966,
        "stdev": 0.694497227669
    },
    "spectral_spread": {
        "max": 41959416,
        "mean": 2907854.75,
        "min": 1430847.5,
        "stdev": 2856313.5
    },
    "spectral_strongpeak": {
        "max": 4.45041036606,
        "mean": 0.789849698544,
        "min": 0,
        "stdev": 0.814346969128
    },
    "zerocrossingrate": {
        "max": 0.60888671875,
        "mean": 0.0528470166028,
        "min": 0,
        "stdev": 0.0550339184701
    },
    "barkbands": {
        "max": [0.000263200025074, 0.000678679323755, 0.00218990514986, 0.00502456817776, 0.0998159125447, 0.0886748656631, 0.0204718951136, 0.0367839895189, 0.027975263074, 0.00893552415073, 0.00513062113896, 0.00384327233769, 0.00640737405047, 0.0033959960565, 0.00508518423885, 0.00221319473349, 0.00167314475402, 0.0043642106466, 0.00158499344252, 0.000443706725491, 0.000392130692489, 0.00149636366405, 0.00113736325875, 0.0011457108194, 0.00131623214111, 0.000152943641297, 2.76445291547e-07],
        "mean": [7.45276656744e-06, 2.02607880055e-05, 1.38121877171e-05, 0.000217230801354, 0.00536866066977, 0.00314284674823, 0.000944243685808, 0.00105658720713, 0.000594778452069, 0.000144703561091, 0.000120835553389, 0.000157931805006, 0.000175453838892, 0.000150505002239, 0.000158973998623, 0.000114227666927, 7.37780283089e-05, 0.000120412340038, 2.95492172881e-05, 5.09103301738e-06, 5.75214789933e-06, 9.69918255578e-06, 8.73003773449e-06, 1.00416891655e-05, 7.28920258553e-06, 1.18647301406e-06, 1.49702972241e-09],
        "min": [2.39548125442e-24, 6.30273594203e-24, 2.7018501781e-24, 7.82486514676e-24, 3.03432696621e-23, 2.25907138725e-23, 4.37317128158e-23, 3.968388134e-23, 4.40402678703e-23, 3.41889918186e-23, 3.99644854748e-23, 2.8768046963e-23, 3.67984269416e-23, 4.53033540864e-23, 5.48192001704e-23, 1.04576431373e-22, 6.14179206683e-23, 1.84218269575e-22, 1.95605293726e-22, 2.47064445001e-22, 2.68159014746e-22, 4.74701606177e-22, 6.15318574266e-22, 8.08690823651e-22, 1.0620138765e-21, 1.31758299937e-21, 1.88302637933e-21],
        "stdev": [1.4167118934e-05, 3.87499712815e-05, 7.82381976023e-05, 0.000540296139661, 0.0106946500018, 0.0103058405221, 0.00219587702304, 0.00349899032153, 0.00193470926024, 0.000483201962197, 0.000298011058476, 0.000293204066111, 0.000416742288508, 0.000253933743807, 0.000305213005049, 0.000175169450813, 0.000120186545246, 0.000341099628713, 0.000115639355499, 2.14226129174e-05, 1.76311059477e-05, 6.50718357065e-05, 7.27590668248e-05, 7.02906399965e-05, 5.99889099249e-05, 7.03690693626e-06, 1.04978798987e-08]
    },
    "erbbands": {
        "max": [0.0216147359461, 0.207406803966, 1.61246156693, 5.97952127457, 91.1897583008, 606.462524414, 767.210327148, 466.441894531, 149.780990601, 684.696960449, 969.058227539, 623.103210449, 463.176361084, 241.521560669, 128.833618164, 186.935668945, 241.310150146, 164.2371521, 284.979675293, 123.420204163, 133.561431885, 105.613769531, 184.683349609, 176.712432861, 37.7095336914, 21.735584259, 23.0108318329, 11.8800487518, 45.5946121216, 37.8361778259, 30.156463623, 24.4929027557, 22.8863658905, 23.0521030426, 6.13291978836, 1.31576383114, 0.127112865448, 0.00550263701007, 0.000244044713327, 0.00011358554184],
        "mean": [0.000815671577584, 0.00405920343474, 0.0194956213236, 0.378116548061, 6.1677069664, 19.9014701843, 40.4033622742, 13.8311777115, 11.8055734634, 17.3537082672, 23.5624771118, 14.8383054733, 5.79557132721, 5.01232194901, 5.15856409073, 6.74967432022, 8.17243480682, 7.51388025284, 8.24281311035, 8.04640674591, 5.4605679512, 4.36440086365, 6.37487697601, 3.93625378609, 0.548106372356, 0.249036565423, 0.270731121302, 0.208424925804, 0.325468719006, 0.360431611538, 0.223776862025, 0.185672670603, 0.170273765922, 0.107309967279, 0.0369860567153, 0.010359659791, 0.00102323014289, 4.03747981181e-05, 7.89067416918e-06, 1.45664544107e-05],
        "min": [2.94340386801e-22, 1.22751997413e-21, 4.21035941531e-21, 1.86037604966e-20, 3.37543521285e-20, 1.34813249999e-19, 1.23469411401e-19, 2.44211375677e-19, 5.63363350298e-19, 4.34123824212e-19, 1.17252086687e-18, 1.0108931873e-18, 1.09034336815e-18, 1.11916492563e-18, 1.99655509117e-18, 1.08343609984e-18, 1.70606042698e-18, 1.7603644206e-18, 3.2127422022e-18, 3.44438069106e-18, 6.86194418665e-18, 4.22406479963e-18, 8.88043817562e-18, 9.6593114404e-18, 1.03040937648e-17, 1.15426511483e-17, 9.66704144323e-18, 1.13480668354e-17, 1.56851774462e-17, 1.50014746197e-17, 1.75066887121e-17, 1.45859966872e-17, 1.44413840095e-17, 1.07229019264e-17, 6.85469643013e-18, 5.7416157281e-18, 2.50077006459e-18, 1.09587968799e-18, 2.52067187503e-19, 2.81629019933e-20],
        "stdev": [0.00133873557206, 0.00929907243699, 0.0651651695371, 0.755778253078, 11.9634542465, 49.8345031738, 121.680671692, 41.5436019897, 24.1659870148, 55.2667236328, 76.2570037842, 46.7942810059, 22.0262947083, 14.2855958939, 9.53194999695, 13.0435380936, 18.9979152679, 12.4068603516, 16.0834083557, 10.698975563, 9.10591220856, 6.79462194443, 16.8756904602, 13.9653367996, 2.02175712585, 1.0138810873, 0.927688837051, 0.70643723011, 2.03543758392, 2.53248310089, 1.70227241516, 1.31176042557, 1.25334465504, 0.944591641426, 0.294369935989, 0.0628368705511, 0.00609443429857, 0.000241244895733, 1.36621110869e-05, 2.03132876777e-05]
    },
    "gfcc": {
        "mean": [-144.264785767, 122.976776123, -160.251815796, 5.12712049484, -59.8138771057, 2.04423284531, -59.5697669983, -4.717669487, -16.6686306, -12.5276279449, -8.03764915466, -8.34011363983, -0.784973204136],
        "cov": [[14131.8798828, 1633.1427002, -1027.59350586, -547.491516113, -655.53729248, -778.80279541, -1043.5703125, -316.344421387, -498.486785889, -240.335678101, -263.928314209, -11.5755405426, -104.242965698], [1633.1427002, 1316.23681641, -122.619720459, -276.094818115, -84.5055007935, -440.826873779, -172.234603882, -301.789733887, -21.328874588, -242.379455566, 64.6579055786, -222.832382202, 60.3620872498], [-1027.59350586, -122.619720459, 1005.77490234, 59.2200584412, -156.965744019, -279.207763672, -177.230789185, -59.3859977722, -125.464622498, 46.3512687683, -50.091217041, -20.7004184723, -34.5463027954], [-547.491516113, -276.094818115, 59.2200584412, 395.194091797, 28.0603752136, 148.785003662, 39.5496025085, 71.1704711914, 19.2992897034, 32.1142921448, 8.76863193512, 12.1324100494, -5.96201944351], [-655.53729248, -84.5055007935, -156.965744019, 28.0603752136, 240.869369507, 135.754562378, 90.3141479492, -6.73733329773, 3.15850925446, -26.0073070526, -26.4052944183, 23.4444675446, -26.4559803009], [-778.80279541, -440.826873779, -279.207763672, 148.785003662, 135.754562378, 624.365905762, 242.609024048, 124.232009888, 93.7720336914, 57.0540542603, -29.0413589478, 42.5115089417, -48.1452560425], [-1043.5703125, -172.234603882, -177.230789185, 39.5496025085, 90.3141479492, 242.609024048, 256.117553711, 84.1331787109, 89.4866104126, 27.7350921631, 26.1345500946, 17.3178405762, 7.33264493942], [-316.344421387, -301.789733887, -59.3859977722, 71.1704711914, -6.73733329773, 124.232009888, 84.1331787109, 231.821334839, 60.1009979248, 109.948173523, -0.754035949707, 30.7311592102, -6.09622716904], [-498.486785889, -21.328874588, -125.464622498, 19.2992897034, 3.15850925446, 93.7720336914, 89.4866104126, 60.1009979248, 151.346130371, 29.0722503662, 63.4062538147, -10.1738920212, 49.7230491638], [-240.335678101, -242.379455566, 46.3512687683, 32.1142921448, -26.0073070526, 57.0540542603, 27.7350921631, 109.948173523, 29.0722503662, 142.628143311, 9.64353179932, 59.9221229553, -0.276710778475], [-263.928314209, 64.6579055786, -50.091217041, 8.76863193512, -26.4052944183, -29.0413589478, 26.1345500946, -0.754035949707, 63.4062538147, 9.64353179932, 138.045639038, 12.0328722, 77.8562927246], [-11.5755405426, -222.832382202, -20.7004184723, 12.1324100494, 23.4444675446, 42.5115089417, 17.3178405762, 30.7311592102, -10.1738920212, 59.9221229553, 12.0328722, 128.215713501, 22.7005634308], [-104.242965698, 60.3620872498, -34.5463027954, -5.96201944351, -26.4559803009, -48.1452560425, 7.33264493942, -6.09622716904, 49.7230491638, -0.276710778475, 77.8562927246, 22.7005634308, 125.926521301]],
        "icov": [[0.000320148159517, -0.000437536567915, 0.000662013422698, -3.1328843761e-05, 0.00100190856028, -0.000225022275117, 0.00117682456039, -0.000318127451465, 0.000699995725881, 6.19617931079e-05, 0.000620312814135, -0.000878950580955, 0.000194080581423], [-0.000437536567915, 0.00326456897892, -0.000147357946844, 0.000819211592898, -0.00111045234371, 0.00144540297333, -0.00142162363045, 0.00236910604872, -0.00102034595329, 0.00063651020173, -0.00158929650206, 0.00480947177857, -0.000891987758223], [0.000662013422698, -0.000147357946844, 0.00309501448646, -0.000393422873458, 0.00276949629188, 0.000413543049945, 0.00242801406421, 0.000582813285291, 0.00223736930639, -0.00107455416583, 0.0015585484216, -0.000286350288661, 0.000278108258499], [-3.1328843761e-05, 0.000819211592898, -0.000393422873458, 0.003368958598, -0.0004888229887, -0.000698048097547, 0.000552680168767, -0.000493735482451, 0.00012143208005, 0.000697219220456, -0.00116846128367, 0.00125737255439, -0.000343368592439], [0.00100190856028, -0.00111045234371, 0.00276949629188, -0.0004888229887, 0.00922645255923, -0.00085999967996, 0.00179103098344, 1.47477103383e-05, 0.00239928648807, 0.00174655253068, 0.00296525750309, -0.00417743204162, 0.00158051715698], [-0.000225022275117, 0.00144540297333, 0.000413543049945, -0.000698048097547, -0.00085999967996, 0.00413372879848, -0.00311537110247, 0.00120323849842, -0.00167026964482, -0.000284773443127, 0.000536279927474, 0.00132945226505, 0.000928370864131], [0.00117682456039, -0.00142162363045, 0.00242801406421, 0.000552680168767, 0.00179103098344, -0.00311537110247, 0.0124458381906, -0.00276786927134, 0.000315605080687, 0.0010853188578, 0.000770605693106, -0.00300060934387, 0.000616605742835], [-0.000318127451465, 0.00236910604872, 0.000582813285291, -0.000493735482451, 1.47477103383e-05, 0.00120323849842, -0.00276786927134, 0.0104285301641, -0.00206082337536, -0.00603737821802, 0.000641243415885, 0.00439228443429, -0.000521080219187], [0.000699995725881, -0.00102034595329, 0.00223736930639, 0.00012143208005, 0.00239928648807, -0.00167026964482, 0.000315605080687, -0.00206082337536, 0.0150082595646, -0.00262238294818, -0.00227503874339, 0.00246164272539, -0.00353362853639], [6.19617931079e-05, 0.00063651020173, -0.00107455416583, 0.000697219220456, 0.00174655253068, -0.000284773443127, 0.0010853188578, -0.00603737821802, -0.00262238294818, 0.0165393315256, -0.00134971528314, -0.00629308680072, 0.00242773070931], [0.000620312814135, -0.00158929650206, 0.0015585484216, -0.00116846128367, 0.00296525750309, 0.000536279927474, 0.000770605693106, 0.000641243415885, -0.00227503874339, -0.00134971528314, 0.014661539346, -0.00334358261898, -0.00510491849855], [-0.000878950580955, 0.00480947177857, -0.000286350288661, 0.00125737255439, -0.00417743204162, 0.00132945226505, -0.00300060934387, 0.00439228443429, 0.00246164272539, -0.00629308680072, -0.00334358261898, 0.0200240202248, -0.0055623059161], [0.000194080581423, -0.000891987758223, 0.000278108258499, -0.000343368592439, 0.00158051715698, 0.000928370864131, 0.000616605742835, -0.000521080219187, -0.00353362853639, 0.00242773070931, -0.00510491849855, -0.0055623059161, 0.0147747993469]]
    },
    "melbands": {
        "max": [0.000175932436832, 0.000624289794359, 0.00329921394587, 0.0212134104222, 0.0221107769758, 0.0109749175608, 0.00249935477041, 0.00726189650595, 0.00845499243587, 0.00335363321938, 0.00226072734222, 0.0010178781813, 0.000478407077026, 0.000466526515083, 0.00084069930017, 0.000630039954558, 0.000369626504835, 0.00042408509762, 0.000290682684863, 0.000156630965648, 0.000160439289175, 9.40782192629e-05, 0.000113841815619, 0.000234640188864, 0.000151514395839, 4.40511976194e-05, 1.81142331712e-05, 1.48601538967e-05, 1.47082073454e-05, 1.22745486806e-05, 9.06650075194e-06, 1.7571135686e-05, 4.64748736704e-05, 3.42076309607e-05, 2.65145536105e-05, 1.05624631033e-05, 1.83975407708e-05, 1.56430069183e-05, 1.52854499902e-05, 2.38086377067e-05],
        "mean": [6.65576499159e-06, 7.42270503906e-06, 0.000208103389014, 0.000926401698962, 0.00132257887162, 0.00037287347368, 0.000181068709935, 0.000197870715056, 0.00018585305952, 8.26019677334e-05, 2.63388974417e-05, 1.98310353881e-05, 1.71194842551e-05, 1.76724461198e-05, 1.81593295565e-05, 1.65263681993e-05, 1.38008936119e-05, 1.31668175527e-05, 1.20452696137e-05, 9.49413606577e-06, 5.54893631488e-06, 4.31728813055e-06, 5.04188437844e-06, 5.96998415858e-06, 3.01482077703e-06, 5.17730143201e-07, 1.56573051413e-07, 1.59609214734e-07, 1.79424674229e-07, 1.2922770054e-07, 1.17728880866e-07, 1.58811005235e-07, 2.36590267377e-07, 2.01528052912e-07, 1.57678400114e-07, 7.03675908653e-08, 1.27484341306e-07, 1.24996049067e-07, 1.02534897906e-07, 9.07049440002e-08],
        "min": [2.43193431963e-24, 4.60265391658e-24, 3.17055937912e-24, 6.21044631587e-24, 5.7272130023e-24, 6.14011108313e-24, 9.17953259195e-24, 4.76271576641e-24, 9.60229813942e-24, 5.51101778261e-24, 5.46673941444e-24, 4.24747876034e-24, 6.43936467867e-24, 4.35312537935e-24, 2.14471558607e-24, 4.08082676651e-24, 3.17190123152e-24, 5.17833936166e-24, 4.63213049317e-24, 4.57748097067e-24, 7.64046969903e-24, 3.98974212538e-24, 6.63900446896e-24, 7.97246417757e-24, 7.42291842745e-24, 6.5190526463e-24, 5.10521826664e-24, 7.3277975795e-24, 5.36927683289e-24, 7.15243695571e-24, 6.35086197928e-24, 9.21254720969e-24, 8.13835137075e-24, 8.99485788746e-24, 1.05587060012e-23, 9.25542337761e-24, 8.83703600817e-24, 9.88229011823e-24, 8.47370245245e-24, 7.82988151326e-24],
        "stdev": [1.09627790152e-05, 2.5999661375e-05, 0.000427905702963, 0.001893965411, 0.00354552781209, 0.00113785208669, 0.000381148798624, 0.000635551812593, 0.000591927382629, 0.000269509997452, 0.000108217420348, 5.99908635195e-05, 3.73199000023e-05, 3.62497812603e-05, 4.13275593019e-05, 3.97559633711e-05, 2.44295715675e-05, 2.52512436418e-05, 2.12842387555e-05, 1.26340801216e-05, 1.02908916233e-05, 6.90458591635e-06, 1.07828700493e-05, 1.82501316885e-05, 1.17320914796e-05, 2.24562927542e-06, 8.15590965431e-07, 6.67014035116e-07, 6.19953880232e-07, 4.7276179771e-07, 4.55003089428e-07, 9.03219813608e-07, 1.88269882528e-06, 1.7841296085e-06, 1.32104798922e-06, 4.66416793188e-07, 9.3863428674e-07, 9.43259465203e-07, 7.97831489763e-07, 9.00827160422e-07]
    },
    "melbands128": {
        "max": [0.000171732594026, 0.000182102754479, 0.00023889154545, 0.000438554561697, 0.000631847884506, 0.00127533683553, 0.00104086054489, 0.00367611926049, 0.0125199761242, 0.019543716684, 0.0481644272804, 0.036689132452, 0.0382642820477, 0.0376753844321, 0.0131069775671, 0.00388772785664, 0.00455147633329, 0.00398347666487, 0.00718080811203, 0.0126591939479, 0.0119027290493, 0.0152133721858, 0.016389336437, 0.0100001338869, 0.00551876472309, 0.00423939526081, 0.00354529265314, 0.00342107214965, 0.000701615703292, 0.00165745057166, 0.00145494099706, 0.00140604283661, 0.000908826244995, 0.00056936283363, 0.000638162193354, 0.00096381775802, 0.00062329514185, 0.000929380243178, 0.00161464535631, 0.00129423558246, 0.000867940369062, 0.000446369114798, 0.000537585525308, 0.000535339233465, 0.000666332431138, 0.000694607966579, 0.00102071277797, 0.000649438123219, 0.000385743449442, 0.000210437181522, 0.00014899582311, 0.000419614632847, 0.000304087210679, 0.000125345861306, 0.000262283836491, 8.74334291439e-05, 0.000310121744405, 0.000107761989057, 0.000200857364689, 0.00038206303725, 0.000300595827866, 0.000409548520111, 0.000382682017516, 0.000133388559334, 0.000121824850794, 2.39265846176e-05, 1.81284540304e-05, 1.78281679837e-05, 2.15506879613e-05, 1.63159056683e-05, 1.27229195641e-05, 1.84361160791e-05, 1.69064078364e-05, 1.16121564133e-05, 1.72823929461e-05, 9.98135692498e-06, 1.6124737158e-05, 3.27967200064e-06, 8.31412307889e-06, 1.63694712683e-05, 1.69181967067e-05, 2.25881030929e-05, 3.98948759539e-05, 6.89804801368e-05, 3.40284314007e-05, 1.46710017361e-05, 8.47082774271e-05, 6.13487645751e-05, 2.94308574667e-05, 6.08241725786e-06, 6.84143560647e-06, 1.62692558661e-05, 1.91589751921e-05, 3.09986789944e-05, 1.40432493936e-05, 2.0833547751e-05, 1.70843886735e-05, 1.55338657351e-05, 2.25300882448e-05, 1.79285434569e-05, 9.8155642263e-06, 4.31081971328e-05, 1.77112015081e-05, 8.41075870994e-06, 1.13120831884e-05, 6.55520398141e-06, 2.5282884053e-06, 3.02102193928e-06, 2.45479100158e-06, 1.75864124685e-06, 1.0509168078e-06, 2.72620297892e-07, 9.83698313917e-08, 1.56666416729e-07, 7.97969619271e-08, 1.34474635871e-08, 8.73287397951e-09, 7.52507153812e-11, 7.36017705116e-11, 7.08824526852e-11, 6.9257613533e-11, 6.75646621984e-11, 6.63662458322e-11, 6.56335055749e-11, 6.46940348514e-11, 6.38050653978e-11, 6.31709337617e-11, 6.28404620007e-11],
        "mean": [5.18730757904e-06, 7.4567478805e-06, 6.74694319969e-06, 6.131615919e-06, 6.43905696052e-06, 7.02305305822e-06, 1.70285693457e-05, 0.000159527029609, 0.000629811780527, 0.000939765246585, 0.00112142600119, 0.00130938680377, 0.00170012505259, 0.000977261341177, 0.000207195233088, 0.000120597833302, 0.000173346779775, 0.000192023027921, 0.000193665793631, 0.000193940286408, 0.000192817256902, 0.000222664137254, 0.000202231633011, 0.000128089130158, 0.000107773201307, 5.62182103749e-05, 3.77335964004e-05, 2.22877079068e-05, 1.67315720319e-05, 2.21246955334e-05, 1.84927721421e-05, 2.05255964829e-05, 1.76328430825e-05, 1.35016216518e-05, 1.78583595698e-05, 1.93380001292e-05, 1.70692565007e-05, 1.71412084455e-05, 1.96696237253e-05, 1.95608263311e-05, 1.57515751198e-05, 1.21358561955e-05, 1.34372212415e-05, 1.50041496454e-05, 1.39094809128e-05, 1.23810823425e-05, 1.3084886632e-05, 1.22770907183e-05, 1.16806286314e-05, 1.0817767361e-05, 9.10725793801e-06, 8.68398637976e-06, 5.99293025516e-06, 3.78561890102e-06, 5.0884968914e-06, 4.11284963775e-06, 4.09686344938e-06, 4.44317447545e-06, 5.01510112372e-06, 6.92278399583e-06, 6.27726421953e-06, 5.31627165401e-06, 4.20816195401e-06, 2.31246394833e-06, 1.22362769162e-06, 3.10653632596e-07, 1.97919689526e-07, 1.6293060412e-07, 1.46328488881e-07, 1.45845348243e-07, 1.50981989577e-07, 1.68804191958e-07, 1.88496585452e-07, 1.82028912832e-07, 1.77844242444e-07, 1.26942282463e-07, 1.14014589769e-07, 1.02220205633e-07, 1.25245193772e-07, 1.20086667721e-07, 1.3687385092e-07, 1.7090364679e-07, 2.21307701054e-07, 3.05837545511e-07, 1.90789066323e-07, 1.21673039644e-07, 2.6334438985e-07, 2.42393525696e-07, 1.73254917968e-07, 7.4734565203e-08, 4.32563496133e-08, 6.59672636516e-08, 1.16221599455e-07, 1.3679105848e-07, 1.27539593109e-07, 1.37064006367e-07, 1.27879857814e-07, 9.88596582374e-08, 1.18141848304e-07, 1.00394430547e-07, 6.64740724687e-08, 1.17774710873e-07, 7.95626604599e-08, 4.29013056191e-08, 3.7725698121e-08, 3.0405242768e-08, 2.41369342291e-08, 2.31309797982e-08, 1.87115301031e-08, 1.21720162838e-08, 7.62932117482e-09, 3.2436830999e-09, 1.23366417082e-09, 7.07494729468e-10, 3.32968458361e-10, 1.50718840186e-10, 4.26173332735e-11, 2.04879060765e-12, 1.97217155801e-12, 1.92030657868e-12, 1.87013013582e-12, 1.8308134956e-12, 1.79854438634e-12, 1.76427416513e-12, 1.72057301132e-12, 1.66140690615e-12, 1.62704615406e-12, 1.615318556e-12],
        "min": [4.81991794419e-25, 2.71068206758e-24, 2.73880062012e-24, 1.35174925148e-24, 2.00097290179e-24, 1.09237484268e-24, 4.38508134576e-24, 2.88239598462e-24, 2.88672623934e-24, 1.80304730624e-24, 7.94540388194e-24, 7.40470441801e-24, 1.36369221116e-24, 3.73991815974e-24, 4.88823260833e-24, 3.73520077153e-24, 5.21327801116e-24, 4.99816826408e-24, 5.06583044164e-24, 3.22423189739e-24, 5.73580488085e-24, 5.10424639e-24, 3.30966040583e-24, 5.35573248557e-24, 7.68914715005e-24, 1.50419326876e-24, 1.81867049926e-24, 4.71688728655e-24, 7.05967480186e-24, 5.12525612249e-24, 2.13679680309e-24, 3.16999021598e-24, 9.60149429015e-24, 5.77008009832e-24, 3.96721856882e-24, 4.38681052886e-24, 1.17176176127e-24, 1.54878442029e-24, 1.71010095338e-24, 2.37577176192e-24, 3.59808412443e-24, 3.36245137204e-24, 1.91370260036e-24, 3.44609389939e-24, 6.50081339331e-24, 3.46879613295e-24, 4.04063666998e-24, 4.21023979245e-24, 2.72580315063e-24, 4.94545776168e-24, 3.4366997493e-24, 4.36085345521e-24, 3.99547043885e-24, 5.28837875263e-24, 3.93629956007e-24, 3.50163049597e-24, 1.70804478743e-24, 4.50558142675e-24, 8.19849254844e-24, 8.17575126627e-24, 7.10165561266e-24, 7.48745671583e-24, 5.97256964864e-24, 6.45010501989e-24, 2.98091761193e-24, 6.52390019656e-24, 5.34076976635e-24, 3.06752980616e-24, 3.07712235477e-24, 6.66306472657e-24, 5.38050942332e-24, 6.88520401318e-24, 6.56683829006e-24, 4.09145824493e-24, 4.08034280035e-24, 4.68216005178e-24, 7.06462095974e-24, 6.16890135073e-24, 3.32025796323e-24, 5.55112978192e-24, 5.34534594847e-24, 7.16263219405e-24, 6.60568377319e-24, 7.08806590584e-24, 4.98021773418e-24, 6.06755441808e-24, 8.0031808435e-24, 9.05683711106e-24, 9.91898792754e-24, 6.98979750288e-24, 8.91782562006e-24, 8.45913061381e-24, 8.24474109673e-24, 7.13648461048e-24, 6.44042490772e-24, 8.11090847758e-24, 7.69468337588e-24, 7.12544292439e-24, 8.91099171804e-24, 6.36362850974e-24, 5.33381871849e-24, 6.34157590313e-24, 7.90526111706e-24, 7.61751779099e-24, 4.59449196723e-24, 5.12998573805e-24, 5.20610134907e-24, 7.21817983469e-24, 7.06339428103e-24, 6.9720221001e-24, 8.12401303494e-24, 7.02508798434e-24, 5.96633606976e-24, 5.48585706404e-24, 5.00692698671e-24, 7.32827484034e-24, 7.83112870235e-24, 5.4085845885e-24, 9.0552885771e-24, 7.51861198842e-24, 6.34897068526e-24, 7.05157162265e-24, 6.61590662166e-24, 8.07392036746e-24, 7.96629449643e-24, 7.850555191e-24, 7.46803417148e-24, 9.72034722958e-24],
        "stdev": [9.1743795565e-06, 1.28291358124e-05, 1.2980779502e-05, 1.74196029548e-05, 2.72054658126e-05, 4.3697480578e-05, 5.06701217091e-05, 0.000404037738917, 0.00146735832095, 0.00209302012809, 0.00366387609392, 0.00390138826333, 0.00577265117317, 0.00374253117479, 0.000952460803092, 0.000351744150976, 0.000464138342068, 0.000538548047189, 0.000653621740639, 0.000842588371597, 0.000866515620146, 0.00100191798992, 0.000859223247971, 0.0005771642318, 0.000467502686661, 0.000261759007117, 0.000223679366172, 0.000132253495394, 5.20219546161e-05, 9.62612830335e-05, 7.34928398742e-05, 7.09989690222e-05, 5.31966179551e-05, 3.23995045619e-05, 4.80386224808e-05, 6.12909716438e-05, 4.25603502663e-05, 5.08097837155e-05, 6.96149872965e-05, 7.07879153197e-05, 5.0222115533e-05, 2.52121644735e-05, 3.21266998071e-05, 3.51804883394e-05, 3.38927166013e-05, 2.9484877814e-05, 4.61847339466e-05, 3.0314153264e-05, 2.37006570387e-05, 1.75813220267e-05, 1.35105474328e-05, 2.19207013288e-05, 1.53093806148e-05, 7.8358243627e-06, 1.51207268573e-05, 5.97486541665e-06, 1.20076638268e-05, 9.65476647252e-06, 1.33090670715e-05, 2.71805292869e-05, 2.26157681027e-05, 2.30953573919e-05, 2.46899653575e-05, 9.15141572477e-06, 6.26843393547e-06, 1.36798803396e-06, 9.89852424027e-07, 8.7594952447e-07, 8.60134377945e-07, 7.5246225606e-07, 6.4412449774e-07, 7.69203779782e-07, 7.73483577632e-07, 6.1979937982e-07, 6.99871918641e-07, 4.17389571794e-07, 5.77451203299e-07, 2.78988039781e-07, 5.12451663326e-07, 6.80551124788e-07, 7.91064053374e-07, 1.08147241917e-06, 1.69915836068e-06, 2.66540700977e-06, 1.5786796439e-06, 7.93523781795e-07, 3.32594390784e-06, 2.73529053629e-06, 1.5082854361e-06, 4.45957596185e-07, 2.60302556399e-07, 6.02332193012e-07, 8.75098351116e-07, 1.23891686599e-06, 9.55394625635e-07, 1.08943413579e-06, 1.04647358512e-06, 7.36918309485e-07, 1.0108880133e-06, 8.85499218839e-07, 5.20110347679e-07, 1.52152983901e-06, 7.81329674737e-07, 3.48951260776e-07, 4.00375569143e-07, 2.59067633124e-07, 1.39239062946e-07, 1.36147647822e-07, 1.06862778182e-07, 8.53098214293e-08, 5.67155282738e-08, 1.74253962371e-08, 6.87072354566e-09, 6.18744122605e-09, 3.03912761623e-09, 8.08598632496e-10, 3.48893136604e-10, 4.91167957001e-12, 4.77591577397e-12, 4.63640931203e-12, 4.52702892534e-12, 4.42454970231e-12, 4.33935960081e-12, 4.27359406543e-12, 4.21169696341e-12, 4.15965569281e-12, 4.12197793259e-12, 4.09975005333e-12]
    },
    "mfcc": {
        "mean": [-767.654724121, 150.692108154, -38.0794639587, -4.84145069122, 10.1611375809, -6.81587314606, -19.7910175323, -6.18354272842, -8.73716926575, -11.9486703873, -3.52573609352, -2.65218615532, -12.3465576172],
        "cov": [[5246.10498047, 1038.12207031, -361.430084229, -64.9320297241, -16.876625061, -295.949554443, -306.629943848, -184.940414429, -216.578430176, -320.896209717, -57.4392547607, -158.28364563, -238.799285889], [1038.12207031, 1381.01928711, -61.80235672, 10.6187124252, -56.4020729065, -245.479293823, -187.479553223, -234.783813477, -170.911972046, -157.359619141, -123.418907166, -62.9472846985, -154.280807495], [-361.430084229, -61.80235672, 790.641540527, 185.138046265, -0.939102709293, -137.656860352, -78.1321029663, -168.875900269, -57.5696754456, -68.1034469604, -8.76299381256, 4.14661169052, -38.8031730652], [-64.9320297241, 10.6187124252, 185.138046265, 322.536102295, 32.9342460632, -129.742996216, -52.9061050415, -95.5505142212, -53.0605430603, -74.2468948364, -21.7549953461, -10.6142072678, -31.5690460205], [-16.876625061, -56.4020729065, -0.939102709293, 32.9342460632, 135.349761963, 39.7373352051, 3.31859636307, 13.0016813278, -2.44587373734, -6.70915555954, -18.0695362091, -6.89524650574, 2.33192968369], [-295.949554443, -245.479293823, -137.656860352, -129.742996216, 39.7373352051, 322.80770874, 107.225082397, 153.471466064, 47.5497627258, 73.508430481, -4.44912290573, -5.15198135376, 64.8075790405], [-306.629943848, -187.479553223, -78.1321029663, -52.9061050415, 3.31859636307, 107.225082397, 146.51574707, 96.8487854004, 51.7345275879, 64.6481246948, 22.7723312378, 11.705283165, 37.3791389465], [-184.940414429, -234.783813477, -168.875900269, -95.5505142212, 13.0016813278, 153.471466064, 96.8487854004, 175.753601074, 73.9465484619, 76.643119812, 28.6718425751, 11.1028289795, 49.8909034729], [-216.578430176, -170.911972046, -57.5696754456, -53.0605430603, -2.44587373734, 47.5497627258, 51.7345275879, 73.9465484619, 145.803771973, 78.9313812256, 44.8412475586, 40.4356079102, 29.3955860138], [-320.896209717, -157.359619141, -68.1034469604, -74.2468948364, -6.70915555954, 73.508430481, 64.6481246948, 76.643119812, 78.9313812256, 144.293716431, 43.5800590515, 40.6787528992, 48.5368804932], [-57.4392547607, -123.418907166, -8.76299381256, -21.7549953461, -18.0695362091, -4.44912290573, 22.7723312378, 28.6718425751, 44.8412475586, 43.5800590515, 91.71900177, 36.4799728394, 22.7616691589], [-158.28364563, -62.9472846985, 4.14661169052, -10.6142072678, -6.89524650574, -5.15198135376, 11.705283165, 11.1028289795, 40.4356079102, 40.6787528992, 36.4799728394, 88.0857543945, 32.8199272156], [-238.799285889, -154.280807495, -38.8031730652, -31.5690460205, 2.33192968369, 64.8075790405, 37.3791389465, 49.8909034729, 29.3955860138, 48.5368804932, 22.7616691589, 32.8199272156, 85.4066085815]],
        "icov": [[0.000297494698316, -9.35063289944e-05, 0.000172553161974, 0.000172690954059, -9.08007859834e-05, 9.83296267805e-05, 0.000396479706978, -0.000147171173012, 0.000105755214463, 0.000450376857771, -0.000390165572753, 0.000209728023037, 0.000376471929485], [-9.35063289944e-05, 0.00143494375516, 0.000430314423284, 0.000460333365481, 0.000381671765354, 0.000315014855005, 0.000331808783812, 0.00128348660655, 0.0005902837147, -0.000194639331312, 0.00129761651624, -0.000464877201011, 0.00129216269124], [0.000172553161974, 0.000430314423284, 0.00198497227393, -0.000398583360948, 0.00011154209642, -0.000157939502969, 0.000250340410275, 0.00212301290594, 0.000131150576635, 0.000226369447773, -0.000213180988794, -0.000174215369043, 0.00073134584818], [0.000172690954059, 0.000460333365481, -0.000398583360948, 0.0048509016633, -0.00140548159834, 0.00171944242902, -0.000192539111595, 0.000786549993791, 0.00053873762954, 0.00143192056566, 0.000465359858936, -2.2841579721e-06, 0.000162470852956], [-9.08007859834e-05, 0.000381671765354, 0.00011154209642, -0.00140548159834, 0.00853953510523, -0.00151421281043, 0.000578903185669, -0.000227299693506, -0.000186778386706, 0.000104472921521, 0.00175574945752, -0.000390323373722, 0.00044898581109], [9.83296267805e-05, 0.000315014855005, -0.000157939502969, 0.00171944242902, -0.00151421281043, 0.00703643448651, -0.00137795170303, -0.00404176488519, 0.000848962226883, -0.000302031548927, 0.0023097647354, 0.00118406349793, -0.00211723614484], [0.000396479706978, 0.000331808783812, 0.000250340410275, -0.000192539111595, 0.000578903185669, -0.00137795170303, 0.012463320978, -0.00409214105457, -0.000134936693939, -0.00148909527343, -0.000686588929966, 0.000557721068617, 0.000577435595915], [-0.000147171173012, 0.00128348660655, 0.00212301290594, 0.000786549993791, -0.000227299693506, -0.00404176488519, -0.00409214105457, 0.017601063475, -0.00303932582028, -0.00112494896166, -0.00102006306406, 0.00136185146403, -0.00082142604515], [0.000105755214463, 0.0005902837147, 0.000131150576635, 0.00053873762954, -0.000186778386706, 0.000848962226883, -0.000134936693939, -0.00303932582028, 0.0120626874268, -0.00359679246321, -0.00158592744265, -0.00295778317377, 0.00226768176071], [0.000450376857771, -0.000194639331312, 0.000226369447773, 0.00143192056566, 0.000104472921521, -0.000302031548927, -0.00148909527343, -0.00112494896166, -0.00359679246321, 0.0139747904614, -0.00250963913277, -0.00174836674705, -0.00228826724924], [-0.000390165572753, 0.00129761651624, -0.000213180988794, 0.000465359858936, 0.00175574945752, 0.0023097647354, -0.000686588929966, -0.00102006306406, -0.00158592744265, -0.00250963913277, 0.0172437150031, -0.00426015676931, -0.000562392175198], [0.000209728023037, -0.000464877201011, -0.000174215369043, -2.2841579721e-06, -0.000390323373722, 0.00118406349793, 0.000557721068617, 0.00136185146403, -0.00295778317377, -0.00174836674705, -0.00426015676931, 0.0172700956464, -0.0057503413409], [0.000376471929485, 0.00129216269124, 0.00073134584818, 0.000162470852956, 0.00044898581109, -0.00211723614484, 0.000577435595915, -0.00082142604515, 0.00226768176071, -0.00228826724924, -0.000562392175198, -0.0057503413409, 0.0201888419688]]
    },
    "spectral_contrast_coeffs": {
        "max": [-0.261230885983, -0.380062043667, -0.593098700047, -0.653669476509, -0.612880825996, -0.641544520855],
        "mean": [-0.606541395187, -0.754294037819, -0.831345915794, -0.84075564146, -0.768356144428, -0.799120366573],
        "min": [-0.977006196976, -0.977712392807, -0.964428067207, -0.962085068226, -0.958731770515, -0.96169936657],
        "stdev": [0.165931925178, 0.116919085383, 0.0558365732431, 0.0378350280225, 0.0472136996686, 0.0326702706516]
    },
    "spectral_contrast_valleys": {
        "max": [-6.67801761627, -5.42532444, -6.29483699799, -6.38702011108, -6.59777450562, -8.20041370392],
        "mean": [-8.79381465912, -7.63346195221, -7.87293052673, -7.79517936707, -9.10900878906, -11.9884777069],
        "min": [-27.0475025177, -27.3996143341, -27.2325172424, -27.2750816345, -27.4814987183, -27.345741272],
        "stdev": [1.47643208504, 1.59342837334, 1.61150717735, 1.62640881538, 1.43543887138, 1.2959703207]
    }
},
"rhythm": {
    "beats_count": 48,
    "beats_loudness": {
        "max": 0.0783935934305,
        "mean": 0.0184827819467,
        "min": 0.000188056321349,
        "stdev": 0.0207737218589
    },
    "bpm": 148.150848389,
    "bpm_histogram_first_peak_bpm": 148,
    "bpm_histogram_first_peak_weight": 0.600000023842,
    "bpm_histogram_second_peak_bpm": 117,
    "bpm_histogram_second_peak_spread": 0.461538493633,
    "bpm_histogram_second_peak_weight": 0.148936167359,
    "danceability": 1.16018223763,
    "onset_rate": 3.74093770981,
    "beats_loudness_band_ratio": {
        "max": [0.88276797533, 0.984192669392, 0.735580444336, 0.475037962198, 0.503361463547, 0.790920197964],
        "mean": [0.135700255632, 0.422377079725, 0.224620103836, 0.118283472955, 0.137115463614, 0.0433186106384],
        "min": [0.000621945364401, 0.0106854094192, 0.00985408388078, 0.00215562619269, 0.00301163364202, 8.09968842077e-05],
        "stdev": [0.206529736519, 0.319283396006, 0.20311704278, 0.131822571158, 0.166344299912, 0.149805381894]
    },
    "beats_position": [0.371519267559, 0.812698423862, 1.25387752056, 1.71827661991, 2.15945577621, 2.58902478218, 2.99537420273, 3.40172338486, 3.8196823597, 4.23764181137, 4.6439909935, 5.05034017563, 5.46829938889, 5.87464857101, 6.29260778427, 6.71056699753, 7.11691617966, 7.51165533066, 7.91800451279, 8.32435321808, 8.71909236908, 9.10222244263, 9.4853515625, 9.86848068237, 10.2632198334, 10.6579589844, 11.0526981354, 11.4474372864, 11.8421764374, 12.3181858063, 12.8058052063, 13.2934236526, 13.7926530838, 14.2918815613, 14.7911109924, 15.2787294388, 15.7895689011, 16.3004074097, 16.8112468719, 17.3104763031, 17.8213157654, 18.3437633514, 18.8546028137, 19.365442276, 19.853061676, 20.3406791687, 20.851518631, 21.3507480621],
