{
"metadata": {
    "version": {
        "essentia": "2.1-beta5",
        "essentia_git_sha": "Undefined",
        "extractor": "music 2.0"
    },
    "audio_properties": {
        "analysis": {
            "equal_loudness": 0,
            "length": 48.7502937317,
            "sample_rate": 44100,
            "start_time": 45.2440834045,
            "downmix": "mix"
        },
        "bit_rate": 192000,
        "length": 172.54750061,
        "lossless": 0,
        "number_channels": 2,
        "replay_gain": -13.744348526,
        "sample_rate": 48000,
        "codec": "mp3",
        "md5_encoded": "88bfb37a2e5999b11840201873e88a72"
    },
    "tags": {
        "file_name": "Belgium_Jennifer Jennings_Louis Neefs.mp3",
        "encoding": ["Lavf58.29.100"]
    }
},
"lowlevel": {
    "average_loudness": 0.923021614552,
    "barkbands_crest": {
        "max": 24.8862705231,
        "mean": 9.94319343567,
        "min": 2.81222462654,
        "stdev": 4.39486265182
    },
    "barkbands_flatness_db": {
        "max": 0.38306748867,
        "mean": 0.202906370163,
        "min": 0.0976022854447,
        "stdev": 0.0511080026627
    },
    "barkbands_kurtosis": {
        "max": 41.4381217957,
        "mean": 3.33674645424,
        "min": -1.7955173254,
        "stdev": 5.45453119278
    },
    "barkbands_skewness": {
        "max": 4.92671871185,
        "mean": 1.21549141407,
        "min": -1.11954653263,
        "stdev": 0.800753593445
    },
    "barkbands_spread": {
        "max": 47.4633712769,
        "mean": 12.765376091,
        "min": 1.07022476196,
        "stdev": 7.16834115982
    },
    "dissonance": {
        "max": 0.499997168779,
        "mean": 0.438075900078,
        "min": 0.235866725445,
        "stdev": 0.0443120114505
    },
    "dynamic_complexity": 3.06285738945,
    "erbbands_crest": {
        "max": 27.7746334076,
        "mean": 10.6989746094,
        "min": 3.51701450348,
        "stdev": 4.67920303345
    },
    "erbbands_flatness_db": {
        "max": 0.374397486448,
        "mean": 0.240472406149,
        "min": 0.116602160037,
        "stdev": 0.040321521461
    },
    "erbbands_kurtosis": {
        "max": 25.5944271088,
        "mean": 1.04376649857,
        "min": -1.77627515793,
        "stdev": 3.32142901421
    },
    "erbbands_skewness": {
        "max": 3.9551961422,
        "mean": 0.633207201958,
        "min": -1.85872972012,
        "stdev": 0.839536011219
    },
    "erbbands_spread": {
        "max": 107.322471619,
        "mean": 23.3986339569,
        "min": 2.46903514862,
        "stdev": 10.462931633
    },
    "hfc": {
        "max": 63.8757781982,
        "mean": 18.585691452,
        "min": 0.0169645063579,
        "stdev": 12.9389839172
    },
    "loudness_ebu128": {
        "integrated": -10.1473007202,
        "loudness_range": 4.8143863678,
        "momentary": {
            "max": -6.83079338074,
            "mean": -10.9611530304,
            "min": -35.2416152954,
            "stdev": 3.22472643852
        },
        "short_term": {
            "max": -7.96509647369,
            "mean": -10.536532402,
            "min": -15.483669281,
            "stdev": 1.72688341141
        }
    },
    "melbands_crest": {
        "max": 29.3397750854,
        "mean": 12.4169120789,
        "min": 3.7519030571,
        "stdev": 4.66682338715
    },
    "melbands_flatness_db": {
        "max": 0.473304063082,
        "mean": 0.231196433306,
        "min": 0.0925643444061,
        "stdev": 0.0683758929372
    },
    "melbands_kurtosis": {
        "max": 73.40259552,
        "mean": 6.01174116135,
        "min": -1.56364059448,
        "stdev": 7.49904537201
    },
    "melbands_skewness": {
        "max": 7.26924514771,
        "mean": 1.62832033634,
        "min": -0.900309383869,
        "stdev": 0.898662626743
    },
    "melbands_spread": {
        "max": 60.6670227051,
        "mean": 17.2270641327,
        "min": 1.44559633732,
        "stdev": 10.2804365158
    },
    "pitch_salience": {
        "max": 0.834783494473,
        "mean": 0.609278857708,
        "min": 0.179147019982,
        "stdev": 0.0971044898033
    },
    "silence_rate_20dB": {
        "max": 1,
        "mean": 1,
        "min": 1,
        "stdev": 0
    },
    "silence_rate_30dB": {
        "max": 1,
        "mean": 1,
        "min": 1,
        "stdev": 0
    },
    "silence_rate_60dB": {
        "max": 1,
        "mean": 0.0409328900278,
        "min": 0,
        "stdev": 0.198135331273
    },
    "spectral_centroid": {
        "max": 2737.24658203,
        "mean": 953.743652344,
        "min": 206.091598511,
        "stdev": 421.110198975
    },
    "spectral_complexity": {
        "max": 45,
        "mean": 19.1775341034,
        "min": 0,
        "stdev": 8.99226474762
    },
    "spectral_decrease": {
        "max": -1.16981077602e-11,
        "mean": -6.38864250391e-09,
        "min": -2.58758898752e-08,
        "stdev": 3.80308629033e-09
    },
    "spectral_energy": {
        "max": 0.10279340297,
        "mean": 0.0257979687303,
        "min": 4.5962009608e-05,
        "stdev": 0.0153594240546
    },
    "spectral_energyband_high": {
        "max": 0.00236662919633,
        "mean": 0.000138308649184,
        "min": 6.2084950514e-07,
        "stdev": 0.000218635264901
    },
    "spectral_energyband_low": {
        "max": 0.0248301103711,
        "mean": 0.00210541207343,
        "min": 1.35732661874e-05,
        "stdev": 0.00225010467693
    },
    "spectral_energyband_middle_high": {
        "max": 0.0354927033186,
        "mean": 0.00607774406672,
        "min": 1.18849732189e-06,
        "stdev": 0.00539862038568
    },
    "spectral_energyband_middle_low": {
        "max": 0.0992619767785,
        "mean": 0.0181226432323,
        "min": 2.48661326623e-05,
        "stdev": 0.0125449458137
    },
    "spectral_entropy": {
        "max": 8.11588573456,
        "mean": 7.07656812668,
        "min": 5.15715742111,
        "stdev": 0.455012142658
    },
    "spectral_flux": {
        "max": 0.263654917479,
        "mean": 0.0781347379088,
        "min": 0.00331716053188,
        "stdev": 0.036146633327
    },
    "spectral_kurtosis": {
        "max": 52.5634880066,
        "mean": 9.57891464233,
        "min": -0.415673971176,
        "stdev": 6.41000080109
    },
    "spectral_rms": {
        "max": 0.0100143020973,
        "mean": 0.00474422099069,
        "min": 0.000211756894714,
        "stdev": 0.00163127714768
    },
    "spectral_rolloff": {
        "max": 4220.5078125,
        "mean": 1157.29711914,
        "min": 129.19921875,
        "stdev": 620.065551758
    },
    "spectral_skewness": {
        "max": 5.92808532715,
        "mean": 2.1039659977,
        "min": 0.243514820933,
        "stdev": 0.709497511387
    },
    "spectral_spread": {
        "max": 8686540,
        "mean": 2694291,
        "min": 1363127.875,
        "stdev": 716371.8125
    },
    "spectral_strongpeak": {
        "max": 9.96021556854,
        "mean": 1.46436989307,
        "min": 0.00669769663364,
        "stdev": 1.18933272362
    },
    "zerocrossingrate": {
        "max": 0.08935546875,
        "mean": 0.0416328907013,
        "min": 0.0048828125,
        "stdev": 0.0165779925883
    },
    "barkbands": {
        "max": [0.000149850384332, 0.0114709893242, 0.011930802837, 0.0255245026201, 0.0344660133123, 0.0358784422278, 0.0608623027802, 0.0947461202741, 0.0522742122412, 0.0173001568764, 0.0195546988398, 0.0147358821705, 0.00946786254644, 0.010293873027, 0.0108915269375, 0.00570889236405, 0.0064051495865, 0.00534678529948, 0.00778604159132, 0.00070752640022, 0.000785062438808, 0.00103091949131, 0.000586029607803, 0.000234289036598, 0.000120266493468, 7.8767307059e-06, 8.37312927615e-06],
        "mean": [1.36174949148e-05, 0.000675110146403, 0.00090012763394, 0.00124564277939, 0.00286923185922, 0.00341771030799, 0.00346938637085, 0.00452089589089, 0.00235237972811, 0.00107726629358, 0.000591231568251, 0.000831536890473, 0.000731784268282, 0.000740817922633, 0.000722729717381, 0.000504778232425, 0.000395005656173, 0.000311440235237, 0.000268694711849, 4.47751008323e-05, 4.2696519813e-05, 3.2540421671e-05, 1.76627072506e-05, 1.55569978233e-05, 5.33876209374e-06, 5.4403628269e-09, 5.03334307567e-09],
        "min": [3.25015427904e-08, 4.39110522166e-07, 9.17915258469e-07, 7.2322569622e-07, 1.73377111423e-06, 3.77134665541e-06, 1.15573016046e-06, 2.80149805576e-07, 1.7984865508e-07, 6.70181776741e-08, 3.2955586704e-08, 6.92631516586e-08, 9.48795886302e-08, 4.3025760732e-08, 5.26899803788e-08, 4.2517349641e-08, 6.28763743293e-08, 6.13630035673e-08, 7.19273387517e-08, 6.30543439684e-08, 8.0513842704e-08, 4.72393431039e-08, 6.66169910346e-08, 1.2350621148e-07, 8.27986212926e-08, 5.60165065375e-12, 6.41179383892e-12],
        "stdev": [1.56136338774e-05, 0.00102393422276, 0.00117361429147, 0.00174434948713, 0.00290324050002, 0.00463144527748, 0.00573489256203, 0.00856916140765, 0.00470156501979, 0.00160808907822, 0.0011932955822, 0.00143949117046, 0.00113563495688, 0.00117453781422, 0.00105032522697, 0.000675107527059, 0.000619494996499, 0.000425465987064, 0.000518479559105, 7.1465576184e-05, 7.24630299374e-05, 7.00718228472e-05, 3.77339747502e-05, 2.59864900727e-05, 1.06383713501e-05, 1.71844646957e-07, 1.82637336366e-07]
    },
    "erbbands": {
        "max": [0.0755370855331, 3.39466786385, 15.6381378174, 60.6095352173, 97.188117981, 115.091285706, 221.636962891, 420.160247803, 722.228515625, 1347.31506348, 1500.1574707, 1209.85388184, 449.84387207, 544.851806641, 886.066345215, 594.285705566, 497.462799072, 482.801086426, 524.040649414, 424.277893066, 374.426055908, 346.849365234, 208.245895386, 587.240783691, 79.2338562012, 29.805355072, 40.7852554321, 25.9484062195, 41.3480415344, 20.1590003967, 19.8200817108, 8.09507846832, 3.93601179123, 2.4063782692, 0.23266197741, 0.0313524529338, 0.0145768513903, 0.00519343651831, 0.00119589979295, 0.000142077638884],
        "mean": [0.00741447042674, 0.199512168765, 1.01603245735, 2.61708068848, 6.86108541489, 9.39118289948, 17.3022689819, 31.4934711456, 48.8168563843, 66.4050445557, 89.5512313843, 58.899230957, 31.9194126129, 37.5741539001, 27.1594219208, 36.0992546082, 38.3580436707, 31.1837425232, 48.3828010559, 26.7383613586, 28.9702854156, 21.334980011, 17.4797058105, 19.2697658539, 6.05837106705, 2.48744058609, 2.01099920273, 1.48362517357, 1.09026241302, 0.6784760952, 0.52951592207, 0.358571946621, 0.250743597746, 0.108753986657, 0.0104287480935, 0.000355587544618, 3.82074213121e-05, 8.86028101377e-06, 1.46878182932e-05, 3.0308667192e-05],
        "min": [5.3769286751e-05, 0.000431986001786, 0.00137084000744, 0.00394712155685, 0.00496745156124, 0.00707554630935, 0.0252696741372, 0.0146904699504, 0.0221533365548, 0.0201413724571, 0.00708221504465, 0.00482893688604, 0.00312115810812, 0.00233495701104, 0.00162004120648, 0.00365068134852, 0.00358371413313, 0.00193104939535, 0.00417505251244, 0.00395824853331, 0.00214495044202, 0.00340550066903, 0.00436564395204, 0.00315580074675, 0.00432221731171, 0.00320614059456, 0.0034661241807, 0.00246766093187, 0.00152838299982, 0.00213294127025, 0.00210879347287, 0.00211548642255, 0.00210991688073, 0.00149711582344, 0.000154597059009, 5.27400698047e-06, 3.29159661305e-07, 4.4101447827e-08, 3.487965472e-08, 5.50021397316e-08],
        "stdev": [0.00853059161454, 0.30228254199, 1.34710896015, 3.30950498581, 8.20239543915, 9.84862136841, 20.9680099487, 50.1715698242, 80.8857192993, 112.184959412, 147.352767944, 118.293731689, 47.1665534973, 57.1433677673, 47.0200233459, 58.6206893921, 58.3828659058, 47.1454620361, 63.9406700134, 36.2764701843, 38.5511245728, 30.7877445221, 22.0096035004, 37.4032897949, 8.72442245483, 3.74574446678, 3.22975897789, 2.61200141907, 2.48158335686, 1.39088642597, 1.20628106594, 0.661932229996, 0.421765863895, 0.208409786224, 0.0218029748648, 0.0009393383516, 0.000319968501572, 0.000113367663289, 2.71419812634e-05, 1.81668528967e-05]
    },
    "gfcc": {
        "mean": [-48.8744392395, 158.798278809, -159.190948486, 25.0497741699, -70.1546554565, -0.320612818003, -45.9126663208, -4.12295532227, -5.47205924988, -21.1490745544, 4.44149208069, -24.3056602478, 3.02387714386],
        "cov": [[4578.33837891, -749.994445801, -1404.92919922, -131.484069824, -113.763175964, 124.499023438, 15.9566812515, 84.3403244019, -88.4520721436, -86.958984375, -86.9830551147, -26.5829620361, -161.835418701], [-749.994445801, 593.42565918, 329.511749268, -186.715179443, 158.304382324, -135.56477356, 61.0852546692, -56.1251449585, 93.7859725952, -21.1182365417, 58.8718566895, 13.6670923233, 31.6808547974], [-1404.92919922, 329.511749268, 861.413024902, 161.623123169, -28.9899959564, 18.0229873657, 29.5776596069, -27.2377662659, 25.0337238312, 23.2190494537, 22.4753074646, 35.7228469849, 66.8101959229], [-131.484069824, -186.715179443, 161.623123169, 377.247558594, -5.81532335281, 94.4217910767, -24.4081268311, -2.38850641251, -56.4343338013, -1.10759711266, -24.8666534424, 13.6844453812, 19.3239059448], [-113.763175964, 158.304382324, -28.9899959564, -5.81532335281, 190.807449341, -34.469745636, -24.4571399689, -10.2848186493, 40.5834732056, -4.99320554733, 16.1865139008, -12.8518295288, -7.27383995056], [124.499023438, -135.56477356, 18.0229873657, 94.4217910767, -34.469745636, 172.118896484, 36.3083839417, 25.4806137085, -39.2350578308, -7.63013744354, -26.2267913818, -2.30437445641, -7.01706218719], [15.9566812515, 61.0852546692, 29.5776596069, -24.4081268311, -24.4571399689, 36.3083839417, 158.228240967, 32.4461288452, -7.5466966629, -20.3374767303, -4.36052942276, 9.09836769104, -2.02929329872], [84.3403244019, -56.1251449585, -27.2377662659, -2.38850641251, -10.2848186493, 25.4806137085, 32.4461288452, 80.2889633179, 20.284954071, 3.80672931671, -11.0072546005, -12.0099868774, -9.18273544312], [-88.4520721436, 93.7859725952, 25.0337238312, -56.4343338013, 40.5834732056, -39.2350578308, -7.5466966629, 20.284954071, 104.035766602, 42.9269142151, 4.10370969772, -18.9198493958, -1.1462688446], [-86.958984375, -21.1182365417, 23.2190494537, -1.10759711266, -4.99320554733, -7.63013744354, -20.3374767303, 3.80672931671, 42.9269142151, 78.8794708252, 20.1869297028, -14.1049051285, -2.02111506462], [-86.9830551147, 58.8718566895, 22.4753074646, -24.8666534424, 16.1865139008, -26.2267913818, -4.36052942276, -11.0072546005, 4.10370969772, 20.1869297028, 66.3948974609, 32.5825309753, 1.34370136261], [-26.5829620361, 13.6670923233, 35.7228469849, 13.6844453812, -12.8518295288, -2.30437445641, 9.09836769104, -12.0099868774, -18.9198493958, -14.1049051285, 32.5825309753, 88.3233795166, 35.2846298218], [-161.835418701, 31.6808547974, 66.8101959229, 19.3239059448, -7.27383995056, -7.01706218719, -2.02929329872, -9.18273544312, -1.1462688446, -2.02111506462, 1.34370136261, 35.2846298218, 64.6372756958]],
        "icov": [[0.000539238157216, -0.000397266325308, 0.0010669081239, -0.00036354950862, 0.000732560118195, -0.000409820815548, 0.000165112913237, -0.000219272027607, -0.000203336268896, 0.000119103555335, 0.000483249430545, -0.00067268719431, 0.000920004385989], [-0.000397266325308, 0.021206766367, -0.00994547083974, 0.00988819077611, -0.0144238881767, 0.0058682677336, -0.0105749405921, 0.0136253545061, -0.0118627464399, 0.0152576267719, -0.0121600534767, 0.00720891403034, -0.0068633062765], [0.0010669081239, -0.00994547083974, 0.00767507217824, -0.00583664467558, 0.00810534693301, -0.00336415693164, 0.0043090688996, -0.00539704505354, 0.00342821842059, -0.00594347342849, 0.00483327079564, -0.00363500998355, 0.0030319376383], [-0.00036354950862, 0.00988819077611, -0.00583664467558, 0.00884581636637, -0.00812558829784, 0.0012897613924, -0.00374621432275, 0.00546636013314, -0.00218455330469, 0.0047494485043, -0.00310316565447, 0.00216014659964, -0.00348877557553], [0.000732560118195, -0.0144238881767, 0.00810534693301, -0.00812558829784, 0.0174620058388, -0.00419476255774, 0.00771356606856, -0.00757090421394, 0.00247049587779, -0.00520450575277, 0.00393909076229, -0.00266661867499, 0.0048862923868], [-0.000409820815548, 0.0058682677336, -0.00336415693164, 0.0012897613924, -0.00419476255774, 0.0104303052649, -0.00455517182127, 0.0013290887, 0.000369043351384, 0.00162442470901, -7.71823397372e-05, 0.00105677102692, -0.000622511492111], [0.000165112913237, -0.0105749405921, 0.0043090688996, -0.00374621432275, 0.00771356606856, -0.00455517182127, 0.0133110135794, -0.00986705999821, 0.00602716486901, -0.00542315095663, 0.00564037961885, -0.00438607530668, 0.00386657216586], [-0.000219272027607, 0.0136253545061, -0.00539704505354, 0.00546636013314, -0.00757090421394, 0.0013290887, -0.00986705999821, 0.0254565551877, -0.0138271590695, 0.0114547461271, -0.00795432087034, 0.00580145744607, -0.00357256038114], [-0.000203336268896, -0.0118627464399, 0.00342821842059, -0.00218455330469, 0.00247049587779, 0.000369043351384, 0.00602716486901, -0.0138271590695, 0.0278531033546, -0.0213219895959, 0.0130392843857, -0.00493619777262, 0.00320855714381], [0.000119103555335, 0.0152576267719, -0.00594347342849, 0.0047494485043, -0.00520450575277, 0.00162442470901, -0.00542315095663, 0.0114547461271, -0.0213219895959, 0.0359165407717, -0.0219096690416, 0.0128891943023, -0.00724457763135], [0.000483249430545, -0.0121600534767, 0.00483327079564, -0.00310316565447, 0.00393909076229, -7.71823397372e-05, 0.00564037961885, -0.00795432087034, 0.0130392843857, -0.0219096690416, 0.0370484106243, -0.0197649020702, 0.012149265036], [-0.00067268719431, 0.00720891403034, -0.00363500998355, 0.00216014659964, -0.00266661867499, 0.00105677102692, -0.00438607530668, 0.00580145744607, -0.00493619777262, 0.0128891943023, -0.0197649020702, 0.0264260321856, -0.0153042757884], [0.000920004385989, -0.0068633062765, 0.0030319376383, -0.00348877557553, 0.0048862923868, -0.000622511492111, 0.00386657216586, -0.00357256038114, 0.00320855714381, -0.00724457763135, 0.012149265036, -0.0153042757884, 0.0270758327097]]
    },
    "melbands": {
        "max": [0.00184740393888, 0.00630881777033, 0.00945349410176, 0.00840409006923, 0.00695097260177, 0.00825907103717, 0.0122030004859, 0.0188903901726, 0.00995032768697, 0.00647938391194, 0.00224600732327, 0.00226962869056, 0.00299729965627, 0.00179542053957, 0.00144672009628, 0.00113947351929, 0.000891424017027, 0.000973023066763, 0.000756076129619, 0.000418232899392, 0.000541072280612, 0.000448791746749, 0.000326390058035, 0.000254440587014, 0.000565943366382, 0.000106996114482, 2.79228461295e-05, 2.08713154279e-05, 3.14966382575e-05, 2.48045016633e-05, 1.4027893485e-05, 2.34401686612e-05, 2.74966860161e-05, 5.73693569095e-06, 9.01796920516e-06, 1.43067136378e-05, 3.2469567941e-06, 2.98631243822e-06, 2.94799178846e-06, 1.92752804651e-06],
        "mean": [0.00012462081213, 0.000448662001872, 0.00058393139625, 0.000604699540418, 0.000559019099455, 0.000693320296705, 0.000747739395592, 0.000834279286209, 0.000677163188811, 0.000339400052326, 0.000150540436152, 0.000153077460709, 8.81900341483e-05, 9.61091500358e-05, 8.74635152286e-05, 6.65916013531e-05, 5.8562054619e-05, 8.08180484455e-05, 4.59616603621e-05, 3.12897827826e-05, 3.43844294548e-05, 2.20690963033e-05, 2.05333217309e-05, 1.27541488837e-05, 1.68267670233e-05, 7.12076280251e-06, 1.61516175012e-06, 1.51960261974e-06, 1.34745744163e-06, 9.58882424129e-07, 8.3468955836e-07, 6.34218736195e-07, 5.54475377612e-07, 2.94828026881e-07, 2.89149397759e-07, 2.95971688047e-07, 1.88514661659e-07, 1.89286339491e-07, 1.40655785685e-07, 7.40778105524e-08],
        "min": [1.4958641259e-07, 8.93567005278e-07, 1.34957190312e-06, 2.65167159341e-07, 9.65572212408e-07, 3.97078110836e-07, 2.45687772349e-07, 1.77890939312e-07, 4.84388067434e-08, 2.4784615249e-08, 1.13369846844e-08, 9.1423073556e-09, 4.94449681199e-09, 7.18028969615e-09, 6.76288447465e-09, 1.06877608985e-08, 2.69195021829e-09, 5.68464120221e-09, 5.59199353489e-09, 3.4061684584e-09, 2.10365658226e-09, 3.04240543869e-09, 3.68896202474e-09, 2.87911272601e-09, 2.20223861369e-09, 2.51406584439e-09, 1.5726703273e-09, 1.93488958189e-09, 2.03373162755e-09, 1.60294899576e-09, 1.13371501076e-09, 8.24212309514e-10, 7.62974128321e-10, 8.26501478368e-10, 9.86084325305e-10, 8.27022728078e-10, 1.35189692774e-09, 1.25488508473e-09, 1.36540134754e-09, 1.08773101637e-09],
        "stdev": [0.000169124745298, 0.000568135175854, 0.000664018269163, 0.000648924848065, 0.000632553535979, 0.00104400143027, 0.00122271862347, 0.00147572124843, 0.00105968955904, 0.000672847440001, 0.000235864936258, 0.000240456312895, 0.000168445636518, 0.000160705196322, 0.000140706048114, 0.00010381431639, 9.90361586446e-05, 0.000110456690891, 6.4821637352e-05, 4.33015302406e-05, 4.93429506605e-05, 4.0253806219e-05, 2.87460970867e-05, 1.89346792467e-05, 3.55736956408e-05, 1.13749892989e-05, 2.54037126979e-06, 2.42576334131e-06, 2.38827578869e-06, 1.72149805167e-06, 1.52194138536e-06, 1.3609051166e-06, 1.54463987201e-06, 5.3435587688e-07, 6.33040087905e-07, 7.59069166634e-07, 3.30355447886e-07, 3.27828985291e-07, 2.63506308329e-07, 1.52973228751e-07]
    },
    "melbands128": {
        "max": [0.000100730547274, 0.00038198864786, 0.00157032301649, 0.00744074117392, 0.00988397188485, 0.00614365795627, 0.0142306154594, 0.0122208511457, 0.0125719187781, 0.0122514497489, 0.00717215752229, 0.00899560470134, 0.0108333928511, 0.00884715747088, 0.0150196757168, 0.0136883715168, 0.0167492348701, 0.0210277475417, 0.021294541657, 0.0199391432106, 0.0403624810278, 0.0263427384198, 0.0112244877964, 0.019480785355, 0.0133049413562, 0.0097923129797, 0.00542597053573, 0.00441285362467, 0.00284118484706, 0.00454066693783, 0.00343401636928, 0.00548002496362, 0.00512031791732, 0.00387479178607, 0.00454578315839, 0.00297391414642, 0.00271083461121, 0.00324770854786, 0.00159949995577, 0.0025465390645, 0.00116067472845, 0.00149996532127, 0.00175779010169, 0.00252321595326, 0.00276518985629, 0.00173071713652, 0.00239841151051, 0.000923938292544, 0.000703051919118, 0.00109197385609, 0.000692616507877, 0.000418298266595, 0.00100503186695, 0.000453180342447, 0.00105361104943, 0.000766816956457, 0.000274607591564, 0.000522959337104, 0.000393423833884, 0.000334936252329, 0.000369022891391, 0.000447797152447, 0.00121554138605, 0.00118468352593, 0.000349684385583, 0.000100420074887, 9.85856677289e-05, 3.45565313182e-05, 3.81360405299e-05, 4.90527891088e-05, 4.10933607782e-05, 3.48374778696e-05, 5.87396934861e-05, 7.31396794436e-05, 1.74305678229e-05, 6.56002011965e-05, 1.37949027703e-05, 4.03681515309e-05, 1.72919862962e-05, 2.72477827821e-05, 1.4018886759e-05, 5.2698658692e-05, 2.94364526781e-05, 4.38874121755e-05, 2.12123159145e-05, 7.66540597397e-06, 6.95791868566e-06, 6.19581896899e-06, 1.03268666862e-05, 1.51294307216e-05, 2.73472069239e-05, 1.38323903229e-05, 4.75689103041e-06, 3.84803388442e-06, 5.11190000907e-06, 3.44717864209e-06, 4.3127902245e-06, 2.32957359003e-06, 4.90500951855e-06, 3.11121516461e-06, 3.57531007467e-06, 1.96878113456e-06, 1.38859843446e-06, 5.39976213076e-07, 6.79142502236e-08, 6.20133278062e-08, 5.83959760547e-08, 5.61572264246e-08, 5.40998357224e-08, 5.19011891242e-08, 4.98619741052e-08, 4.798044273e-08, 4.62149927216e-08, 4.45518892889e-08, 4.30491056136e-08, 4.16665422165e-08, 4.0348233199e-08, 3.91668102395e-08, 3.80567790614e-08, 3.70828239227e-08, 3.61729384224e-08, 3.5390932851e-08, 3.46923378913e-08, 3.41036709983e-08, 3.35891172654e-08, 3.32072147557e-08, 3.29186882198e-08, 3.27419193979e-08],
        "mean": [1.03253350971e-05, 2.94801084237e-05, 0.000119790398458, 0.00039910900523, 0.000536252977327, 0.000407708605053, 0.000474378321087, 0.000682347454131, 0.000684654514771, 0.000685871287715, 0.000471369072329, 0.000462558062281, 0.000616899516899, 0.000608911272138, 0.000724293058738, 0.000745613127947, 0.000659880286548, 0.000905760214664, 0.000625762389973, 0.000597722828388, 0.00110231107101, 0.00111206097063, 0.000486565957544, 0.000414038659073, 0.000461103423731, 0.000255355902482, 0.000211909835343, 0.000122546407511, 0.000100425386336, 0.000202612907742, 0.000158683062182, 8.08218173916e-05, 0.000103602200397, 6.43312232569e-05, 9.14533156902e-05, 0.000107126332296, 0.000109471635369, 5.29343669768e-05, 0.000105857208837, 0.000109756372694, 3.54067742592e-05, 4.36273694504e-05, 5.20615576534e-05, 6.62022648612e-05, 8.72930177138e-05, 7.05165366526e-05, 0.000103547237813, 3.68092951248e-05, 2.54397309618e-05, 4.0588191041e-05, 2.52410154644e-05, 2.82262790279e-05, 4.89094963996e-05, 2.24676277867e-05, 3.49521615135e-05, 2.04722418857e-05, 1.22271358123e-05, 2.7641244742e-05, 2.08715337067e-05, 1.23475765577e-05, 1.12919206003e-05, 1.32846389533e-05, 1.67059370142e-05, 1.81138293556e-05, 1.78712271008e-05, 4.7774142331e-06, 3.14452199746e-06, 1.38898712976e-06, 1.11076155918e-06, 1.92926904674e-06, 1.84869577424e-06, 1.13715361749e-06, 1.10741814296e-06, 1.8239752535e-06, 9.01569023881e-07, 1.0828618997e-06, 8.32093292047e-07, 8.79785091001e-07, 7.19193167242e-07, 1.07555467821e-06, 5.42891370969e-07, 5.45807267827e-07, 5.44911074485e-07, 6.59346312659e-07, 4.77369951568e-07, 2.63674564849e-07, 2.91769509886e-07, 2.15851102325e-07, 2.55009268813e-07, 3.65874711861e-07, 3.63241781542e-07, 2.5344269261e-07, 2.29566211374e-07, 1.78884889124e-07, 1.7236659744e-07, 1.86349510045e-07, 2.2311493808e-07, 1.35655042754e-07, 1.55546715064e-07, 1.35545477065e-07, 9.99330609375e-08, 6.28666896318e-08, 4.66116993891e-08, 1.27732304733e-08, 1.14848375254e-09, 4.8229598093e-10, 5.58329715794e-10, 8.11428146896e-11, 3.41501896206e-11, 3.22490853466e-11, 3.07175014591e-11, 3.00304087153e-11, 2.90619629056e-11, 2.79290410243e-11, 2.71533490137e-11, 2.57192669939e-11, 2.46560064032e-11, 2.36468882669e-11, 2.29542287955e-11, 2.23500454255e-11, 2.17855230383e-11, 2.12914946091e-11, 2.0851226995e-11, 2.04514391533e-11, 1.99946899315e-11, 1.95363360905e-11, 1.92506618285e-11, 1.91303795721e-11],
        "min": [8.83721096301e-09, 1.70525979115e-07, 1.33364224553e-07, 1.09782860136e-07, 1.59123956678e-07, 5.29468593413e-07, 4.18202432684e-07, 4.47684186611e-07, 1.88127444289e-07, 6.49574829481e-08, 1.50520506281e-07, 1.27360749502e-07, 1.79893646646e-07, 2.30194444839e-07, 1.59087306884e-07, 8.37111713281e-08, 9.17429261449e-08, 1.49303289732e-07, 2.6882295856e-07, 1.50795884224e-07, 1.36767370762e-08, 2.19562039661e-08, 3.15013259922e-08, 1.35810687141e-08, 1.92775839736e-08, 1.62417705951e-08, 3.40781225461e-09, 3.00334468406e-09, 1.00429611294e-08, 1.04720268013e-08, 5.42137179593e-09, 2.45950304567e-09, 3.80931819421e-09, 4.34621094669e-09, 2.67106470275e-09, 2.47495468564e-09, 2.26591945207e-09, 3.16243187193e-09, 1.83214288185e-09, 2.13649298253e-09, 4.71880889918e-09, 1.51361145839e-09, 1.27493904323e-09, 3.1300446679e-09, 4.64883509466e-09, 2.18860551904e-09, 2.81413581327e-09, 4.40776704025e-09, 3.39028360941e-09, 2.03701744361e-09, 3.522796721e-09, 2.02158978446e-09, 1.70048886083e-09, 1.45800371776e-09, 2.2843831271e-09, 1.05915620718e-09, 1.80602821587e-09, 3.1437970005e-09, 1.69886549273e-09, 2.31519226013e-09, 1.66686231484e-09, 1.57421620184e-09, 1.3092186224e-09, 2.16992801505e-09, 7.76511743794e-10, 1.56825874509e-09, 1.66246671984e-09, 9.55236334477e-10, 1.20999821274e-09, 1.0758406388e-09, 1.2896713697e-09, 9.31249688474e-10, 1.32341260173e-09, 8.97108776154e-10, 1.65186686552e-09, 1.14738152313e-09, 6.03945782274e-10, 8.81314188295e-10, 7.56845752736e-10, 8.39382618967e-10, 3.67235575283e-10, 3.18714749037e-10, 4.45169345831e-10, 4.61335830648e-10, 5.94228777295e-10, 5.96879878856e-10, 6.41068809148e-10, 7.01940561232e-10, 6.66785848757e-10, 6.03522398723e-10, 5.22987986251e-10, 5.97800253743e-10, 1.07122288817e-09, 1.21986809543e-09, 7.63002661053e-10, 6.97131186111e-10, 5.67796198947e-10, 9.68265023715e-10, 6.94145851909e-10, 1.44642775535e-09, 9.31318355768e-10, 7.07484959506e-10, 3.30948990435e-10, 1.24168925142e-10, 1.46680692766e-12, 3.25683829406e-14, 2.88171077983e-14, 2.78301636429e-14, 2.51608714468e-14, 2.49819306545e-14, 1.8739524838e-14, 2.20734634591e-14, 1.93890957706e-14, 2.16426963834e-14, 2.17683825203e-14, 2.21736318814e-14, 2.20865450359e-14, 1.73295199127e-14, 2.54512749987e-14, 2.12217464196e-14, 2.63412779273e-14, 2.59218509288e-14, 2.55105605287e-14, 2.15675493144e-14, 1.63692759299e-14, 5.3003408547e-15, 9.97722226153e-16, 3.18896919683e-17],
        "stdev": [1.2065305782e-05, 3.77461619792e-05, 0.000174990491359, 0.000667060434353, 0.0008318303735, 0.000543542322703, 0.000696502800565, 0.000982319121249, 0.000968963606283, 0.000948348199017, 0.000586883572396, 0.000689682608936, 0.000949417881202, 0.000916857155971, 0.00144960382022, 0.00164075801149, 0.00138227350544, 0.00209856266156, 0.00127684464678, 0.00159393122885, 0.00281401956454, 0.00247153989039, 0.00106406351551, 0.00137737882324, 0.00126810499933, 0.00062871928094, 0.000444403820438, 0.000326990091708, 0.000184572272701, 0.00037254273775, 0.000298737781122, 0.000213419087231, 0.000267541850917, 0.000174306303961, 0.000240541034145, 0.0002131016372, 0.000250274693826, 0.000192682389752, 0.000198093897779, 0.000227724274737, 8.80264778971e-05, 9.40737518249e-05, 0.000117329014756, 0.000178000103915, 0.000175408858922, 0.000138371280627, 0.000190874707187, 7.57739762776e-05, 4.69127990073e-05, 8.17935288069e-05, 4.54756227555e-05, 4.87735924253e-05, 9.14829579415e-05, 3.81347817893e-05, 8.7017120677e-05, 4.96989923704e-05, 2.19545709115e-05, 4.66205056e-05, 3.51934104401e-05, 2.37801741605e-05, 2.05384330911e-05, 2.53877933574e-05, 4.95371205034e-05, 5.10625432071e-05, 3.36664161296e-05, 8.83201209945e-06, 5.97346888753e-06, 2.8408212529e-06, 2.58286740973e-06, 3.7647132558e-06, 3.62013429367e-06, 2.35085781242e-06, 2.43380281972e-06, 4.24066865889e-06, 1.43735030633e-06, 3.05212165586e-06, 1.51270330662e-06, 2.65509743258e-06, 1.35003961077e-06, 2.42448300014e-06, 1.20226354738e-06, 1.83126451248e-06, 1.76648973138e-06, 2.23272490985e-06, 1.10250766738e-06, 5.40050621112e-07, 5.74222156047e-07, 4.37063846448e-07, 6.22003597073e-07, 9.56531039265e-07, 1.2437130863e-06, 6.77460661791e-07, 4.68106492235e-07, 3.56576151717e-07, 3.50844715058e-07, 3.41026492379e-07, 4.45066604016e-07, 2.41727462935e-07, 3.38992350635e-07, 2.89989003477e-07, 2.34224174278e-07, 1.46627698427e-07, 1.15431852521e-07, 3.05789171762e-08, 3.73963260358e-09, 1.95491800525e-09, 1.83490511674e-09, 1.23409771291e-09, 1.18028498086e-09, 1.1321790172e-09, 1.08765163542e-09, 1.04672004397e-09, 1.00824193439e-09, 9.71954405848e-10, 9.39302857716e-10, 9.08904507213e-10, 8.80137629444e-10, 8.54327664168e-10, 8.3011797436e-10, 8.0887369025e-10, 7.89012410962e-10, 7.71958552637e-10, 7.56723184114e-10, 7.43880401721e-10, 7.32640226264e-10, 7.24292736898e-10, 7.17983505982e-10, 7.14129810842e-10]
    },
    "mfcc": {
        "mean": [-668.657836914, 166.61239624, -19.8812026978, 9.929063797, 2.78934860229, -11.1819171906, -14.1145896912, -3.41053819656, -6.40810823441, -2.33612656593, 0.130616351962, -1.3012522459, -6.81675958633],
        "cov": [[5638.96484375, -1021.29168701, -1351.87524414, -397.223876953, -280.100799561, -52.7448158264, -4.41375732422, 160.671478271, -71.0467605591, 13.2304735184, 72.8872680664, -43.8325386047, -160.482788086], [-1021.29168701, 890.602478027, 99.4577178955, -39.5344276428, 59.9369049072, -71.8035430908, -52.8831214905, -29.2168807983, 18.7976665497, -28.1743221283, 11.9782400131, 63.4610176086, 58.6963615417], [-1351.87524414, 99.4577178955, 786.655700684, 181.513381958, 21.203245163, 88.9335174561, 53.8973846436, 2.80771255493, 41.1053466797, -19.6024265289, -44.8610076904, 24.6081047058, 57.6342544556], [-397.223876953, -39.5344276428, 181.513381958, 234.414749146, 73.1449508667, 44.5211639404, 13.9099750519, -3.85899806023, 2.30800867081, -10.8270158768, -24.2733631134, -13.1653909683, 16.2570476532], [-280.100799561, 59.9369049072, 21.203245163, 73.1449508667, 206.593444824, 25.4805698395, -43.5974884033, -33.7748527527, -14.4410591125, 16.7397441864, 4.68684768677, -24.0312633514, 5.24483823776], [-52.7448158264, -71.8035430908, 88.9335174561, 44.5211639404, 25.4805698395, 112.770523071, 42.0729370117, 16.024187088, 4.94581031799, 1.32053780556, -13.0088787079, -2.3187417984, 5.88996982574], [-4.41375732422, -52.8831214905, 53.8973846436, 13.9099750519, -43.5974884033, 42.0729370117, 120.471389771, 61.1579589844, 3.91672563553, -10.9774885178, -12.5056343079, 8.84954833984, 0.235770985484], [160.671478271, -29.2168807983, 2.80771255493, -3.85899806023, -33.7748527527, 16.024187088, 61.1579589844, 113.220870972, 22.7332363129, -18.1344299316, -14.3390750885, 3.91046977043, 3.9076218605], [-71.0467605591, 18.7976665497, 41.1053466797, 2.30800867081, -14.4410591125, 4.94581031799, 3.91672563553, 22.7332363129, 86.8636398315, 31.9417228699, 3.00217318535, 2.41834068298, -8.31340789795], [13.2304735184, -28.1743221283, -19.6024265289, -10.8270158768, 16.7397441864, 1.32053780556, -10.9774885178, -18.1344299316, 31.9417228699, 111.090492249, 43.4804267883, -15.0566768646, -23.1448287964], [72.8872680664, 11.9782400131, -44.8610076904, -24.2733631134, 4.68684768677, -13.0088787079, -12.5056343079, -14.3390750885, 3.00217318535, 43.4804267883, 80.6240615845, 21.0189743042, -13.8073368073], [-43.8325386047, 63.4610176086, 24.6081047058, -13.1653909683, -24.0312633514, -2.3187417984, 8.84954833984, 3.91046977043, 2.41834068298, -15.0566768646, 21.0189743042, 83.6978149414, 23.3640213013], [-160.482788086, 58.6963615417, 57.6342544556, 16.2570476532, 5.24483823776, 5.88996982574, 0.235770985484, 3.9076218605, -8.31340789795, -23.1448287964, -13.8073368073, 23.3640213013, 70.736114502]],
        "icov": [[0.000488933816087, 0.000439755560365, 0.000699072086718, 0.000217924825847, 0.000400867167627, -0.000352822244167, 0.000523820111994, -0.000757099071052, 0.000230792589718, 9.04076514416e-05, -0.000151872620336, -0.000186207151273, 0.000252988422289], [0.000439755560365, 0.00188122782856, 0.000332855328452, 0.000762393756304, -0.000503351446241, 0.000841365603264, 0.00045789842261, -0.000419258867623, -0.000505813804921, 0.000583539542276, -0.000249862525379, -0.000969202548731, -0.000618015707005], [0.000699072086718, 0.000332855328452, 0.00290063186549, -0.000981785706244, 0.000947729335167, -0.00149934960064, 0.00015207377146, -0.000384790560929, -0.000596859725192, 0.000106673258415, 0.000309737573843, -0.000550073047634, -0.00054568174528], [0.000217924825847, 0.000762393756304, -0.000981785706244, 0.00647460576147, -0.00221779174171, -0.000397138530388, -0.000582537322771, 0.00011904531857, -0.000420180876972, 0.000823689450044, 0.00047085506958, 0.000422125973273, -0.000460826471681], [0.000400867167627, -0.000503351446241, 0.000947729335167, -0.00221779174171, 0.00765348831192, -0.00304535124451, 0.00340159842744, -0.000643091625534, 0.00187409482896, -0.00107365532313, -0.000922390725464, 0.00176518806256, -0.000119177813758], [-0.000352822244167, 0.000841365603264, -0.00149934960064, -0.000397138530388, -0.00304535124451, 0.0132211437449, -0.00497467024252, 0.000958730641287, -0.000931439222768, -0.000607336638495, 0.00131109450012, -0.000619079975877, -0.000944966392126], [0.000523820111994, 0.00045789842261, 0.00015207377146, -0.000582537322771, 0.00340159842744, -0.00497467024252, 0.0155794816092, -0.00810841098428, 0.00319905811921, -0.00119083980098, 0.000653131108265, -0.00168038730044, 0.00204529124312], [-0.000757099071052, -0.000419258867623, -0.000384790560929, 0.00011904531857, -0.000643091625534, 0.000958730641287, -0.00810841098428, 0.0155105860904, -0.00554837100208, 0.00302705867216, 0.000171479216078, 0.00124357640743, -0.00198448495939], [0.000230792589718, -0.000505813804921, -0.000596859725192, -0.000420180876972, 0.00187409482896, -0.000931439222768, 0.00319905811921, -0.00554837100208, 0.0164368264377, -0.00662187067792, 0.0026096960064, -0.00202973326668, 0.00270556728356], [9.04076514416e-05, 0.000583539542276, 0.000106673258415, 0.000823689450044, -0.00107365532313, -0.000607336638495, -0.00119083980098, 0.00302705867216, -0.00662187067792, 0.0159293860197, -0.00895479414612, 0.00449737068266, 0.000612035335507], [-0.000151872620336, -0.000249862525379, 0.000309737573843, 0.00047085506958, -0.000922390725464, 0.00131109450012, 0.000653131108265, 0.000171479216078, 0.0026096960064, -0.00895479414612, 0.0207400284708, -0.0080982921645, 0.00354966917075], [-0.000186207151273, -0.000969202548731, -0.000550073047634, 0.000422125973273, 0.00176518806256, -0.000619079975877, -0.00168038730044, 0.00124357640743, -0.00202973326668, 0.00449737068266, -0.0080982921645, 0.0179071761668, -0.00567194679752], [0.000252988422289, -0.000618015707005, -0.00054568174528, -0.000460826471681, -0.000119177813758, -0.000944966392126, 0.00204529124312, -0.00198448495939, 0.00270556728356, 0.000612035335507, 0.00354966917075, -0.00567194679752, 0.0190492421389]]
    },
    "spectral_contrast_coeffs": {
        "max": [-0.408086955547, -0.454346626997, -0.554169237614, -0.624057948589, -0.579220592976, -0.665921568871],
        "mean": [-0.672797203064, -0.70691215992, -0.759735882282, -0.781922757626, -0.759282171726, -0.783953607082],
        "min": [-0.886293828487, -0.887352108955, -0.919371843338, -0.911464095116, -0.903683543205, -0.880726456642],
        "stdev": [0.0625643059611, 0.0856687948108, 0.056203044951, 0.0511538572609, 0.0516757294536, 0.0368085801601]
    },
    "spectral_contrast_valleys": {
        "max": [-5.48577976227, -4.62672185898, -5.47167491913, -5.79186487198, -6.29761314392, -8.91364097595],
        "mean": [-6.86574220657, -6.32966470718, -7.23862075806, -7.47964191437, -8.14728736877, -11.1082963943],
        "min": [-9.79036617279, -9.66320323944, -11.0329351425, -11.1317195892, -10.8672704697, -12.9339942932],
        "stdev": [0.586757361889, 0.69987642765, 0.870836794376, 0.903290092945, 0.822939753532, 0.733219146729]
    }
},
"rhythm": {
    "beats_count": 91,
    "beats_loudness": {
        "max": 0.0780532360077,
        "mean": 0.0324227847159,
        "min": 0.000355322059477,
        "stdev": 0.0145913856104
    },
    "bpm": 112.778205872,
    "bpm_histogram_first_peak_bpm": 112,
    "bpm_histogram_first_peak_weight": 0.544303774834,
    "bpm_histogram_second_peak_bpm": 117,
    "bpm_histogram_second_peak_spread": 0.0909090638161,
    "bpm_histogram_second_peak_weight": 0.111111111939,
    "danceability": 0.97111672163,
    "onset_rate": 3.158203125,
    "beats_loudness_band_ratio": {
        "max": [0.695261776447, 0.75254034996, 0.840274453163, 0.405409812927, 0.357395678759, 0.0721636712551],
        "mean": [0.166010960937, 0.252941250801, 0.380841225386, 0.144509226084, 0.0892188847065, 0.0147088952363],
        "min": [0.00768161844462, 0.0168195515871, 0.0393253341317, 0.00518692377955, 0.00656612729654, 0.00074007071089],
        "stdev": [0.130020678043, 0.163737595081, 0.176940307021, 0.092815220356, 0.0718319118023, 0.0145062757656]
    },
