{
"metadata": {
    "version": {
        "essentia": "2.1-beta5",
        "essentia_git_sha": "Undefined",
        "extractor": "music 2.0"
    },
    "audio_properties": {
        "analysis": {
            "equal_loudness": 0,
            "length": 48.7502937317,
            "sample_rate": 44100,
            "start_time": 77.7404098511,
            "downmix": "mix"
        },
        "bit_rate": 192000,
        "length": 157.605453491,
        "lossless": 0,
        "number_channels": 2,
        "replay_gain": -13.7327899933,
        "sample_rate": 48000,
        "codec": "mp3",
        "md5_encoded": "97ac904fb8b79b07876d01a07797b4a6"
    },
    "tags": {
        "file_name": "Monaco_Maman, Maman_Jean-Jacques.mp3",
        "encoding": ["Lavf58.29.100"]
    }
},
"lowlevel": {
    "average_loudness": 0.383398622274,
    "barkbands_crest": {
        "max": 23.6562824249,
        "mean": 9.83845329285,
        "min": 3.04761171341,
        "stdev": 4.45294713974
    },
    "barkbands_flatness_db": {
        "max": 0.332060486078,
        "mean": 0.19159463048,
        "min": 0.0931688249111,
        "stdev": 0.0379965789616
    },
    "barkbands_kurtosis": {
        "max": 42.4720802307,
        "mean": 1.76029551029,
        "min": -1.91130340099,
        "stdev": 4.12442541122
    },
    "barkbands_skewness": {
        "max": 5.13676452637,
        "mean": 0.907460272312,
        "min": -1.82819449902,
        "stdev": 0.85760986805
    },
    "barkbands_spread": {
        "max": 88.4183197021,
        "mean": 16.9347610474,
        "min": 1.91729283333,
        "stdev": 9.07915115356
    },
    "dissonance": {
        "max": 0.499142378569,
        "mean": 0.448106378317,
        "min": 0.284825056791,
        "stdev": 0.0335024446249
    },
    "dynamic_complexity": 3.56161546707,
    "erbbands_crest": {
        "max": 30.0415058136,
        "mean": 11.3073091507,
        "min": 3.14840841293,
        "stdev": 5.27732229233
    },
    "erbbands_flatness_db": {
        "max": 0.359438538551,
        "mean": 0.243705764413,
        "min": 0.110635608435,
        "stdev": 0.0415472276509
    },
    "erbbands_kurtosis": {
        "max": 30.6698799133,
        "mean": 0.635616004467,
        "min": -1.77407848835,
        "stdev": 2.38137340546
    },
    "erbbands_skewness": {
        "max": 5.03727197647,
        "mean": 0.292077183723,
        "min": -2.58957648277,
        "stdev": 0.961088895798
    },
    "erbbands_spread": {
        "max": 102.78112793,
        "mean": 24.8038463593,
        "min": 4.63572645187,
        "stdev": 10.7662744522
    },
    "hfc": {
        "max": 102.595420837,
        "mean": 15.2310523987,
        "min": 0.0920867472887,
        "stdev": 14.4336767197
    },
    "loudness_ebu128": {
        "integrated": -11.4426326752,
        "loudness_range": 9.38047218323,
        "momentary": {
            "max": -5.49019050598,
            "mean": -13.2875537872,
            "min": -27.0683174133,
            "stdev": 4.24907302856
        },
        "short_term": {
            "max": -6.8571844101,
            "mean": -12.798617363,
            "min": -22.7814769745,
            "stdev": 3.46091866493
        }
    },
    "melbands_crest": {
        "max": 31.0013465881,
        "mean": 12.8742513657,
        "min": 3.23178195953,
        "stdev": 5.43895101547
    },
    "melbands_flatness_db": {
        "max": 0.363472372293,
        "mean": 0.212519437075,
        "min": 0.0882739499211,
        "stdev": 0.0436613485217
    },
    "melbands_kurtosis": {
        "max": 101.660255432,
        "mean": 4.60856628418,
        "min": -1.64005541801,
        "stdev": 7.35080528259
    },
    "melbands_skewness": {
        "max": 7.87003040314,
        "mean": 1.45809936523,
        "min": -0.768006742001,
        "stdev": 0.94551807642
    },
    "melbands_spread": {
        "max": 102.823913574,
        "mean": 24.2347869873,
        "min": 2.05517745018,
        "stdev": 13.9652824402
    },
    "pitch_salience": {
        "max": 0.841118693352,
        "mean": 0.550415873528,
        "min": 0.166610151529,
        "stdev": 0.101621113718
    },
    "silence_rate_20dB": {
        "max": 1,
        "mean": 1,
        "min": 1,
        "stdev": 0
    },
    "silence_rate_30dB": {
        "max": 1,
        "mean": 1,
        "min": 1,
        "stdev": 0
    },
    "silence_rate_60dB": {
        "max": 1,
        "mean": 0.138505473733,
        "min": 0,
        "stdev": 0.345426410437
    },
    "spectral_centroid": {
        "max": 3566.17529297,
        "mean": 1304.53063965,
        "min": 319.335357666,
        "stdev": 485.436798096
    },
    "spectral_complexity": {
        "max": 36,
        "mean": 15.4450263977,
        "min": 1,
        "stdev": 6.63708877563
    },
    "spectral_decrease": {
        "max": -6.35761582268e-11,
        "mean": -4.10439016107e-09,
        "min": -3.39386332371e-08,
        "stdev": 3.86079612724e-09
    },
    "spectral_energy": {
        "max": 0.137397810817,
        "mean": 0.0168724246323,
        "min": 0.000252594036283,
        "stdev": 0.0157807972282
    },
    "spectral_energyband_high": {
        "max": 0.00111919199117,
        "mean": 8.28281263239e-05,
        "min": 9.02538943137e-07,
        "stdev": 0.000124589787447
    },
    "spectral_energyband_low": {
        "max": 0.0122807826847,
        "mean": 0.0013575485209,
        "min": 2.08508517971e-05,
        "stdev": 0.00170315150172
    },
    "spectral_energyband_middle_high": {
        "max": 0.0806896686554,
        "mean": 0.00688481656834,
        "min": 5.2259451877e-06,
        "stdev": 0.00932743959129
    },
    "spectral_energyband_middle_low": {
        "max": 0.128883674741,
        "mean": 0.00990868266672,
        "min": 9.18561054277e-05,
        "stdev": 0.0116770286113
    },
    "spectral_entropy": {
        "max": 8.25149440765,
        "mean": 7.09769058228,
        "min": 5.87292575836,
        "stdev": 0.314519912004
    },
    "spectral_flux": {
        "max": 0.239740222692,
        "mean": 0.0644763037562,
        "min": 0.00450031133369,
        "stdev": 0.0373408533633
    },
    "spectral_kurtosis": {
        "max": 26.8144283295,
        "mean": 7.78163385391,
        "min": -0.601233482361,
        "stdev": 4.03896474838
    },
    "spectral_rms": {
        "max": 0.011577851139,
        "mean": 0.00366471661255,
        "min": 0.000496420427226,
        "stdev": 0.0017409096472
    },
    "spectral_rolloff": {
        "max": 8225.68359375,
        "mean": 1515.09521484,
        "min": 172.265625,
        "stdev": 805.115844727
    },
    "spectral_skewness": {
        "max": 3.49966335297,
        "mean": 1.75117456913,
        "min": 0.17082259059,
        "stdev": 0.490611404181
    },
    "spectral_spread": {
        "max": 16299593,
        "mean": 2769143.5,
        "min": 1366101.125,
        "stdev": 791429.25
    },
    "spectral_strongpeak": {
        "max": 12.8228530884,
        "mean": 1.54767298698,
        "min": 0.0105835692957,
        "stdev": 1.73674738407
    },
    "zerocrossingrate": {
        "max": 0.185546875,
        "mean": 0.0522068180144,
        "min": 0.0107421875,
        "stdev": 0.017622821033
    },
    "barkbands": {
        "max": [0.000230697798543, 0.00572003098205, 0.00702414289117, 0.0145181091502, 0.0207955744117, 0.0610031224787, 0.037074316293, 0.0244575589895, 0.109884768724, 0.0755676776171, 0.0157688930631, 0.0135161615908, 0.0250019580126, 0.0183191895485, 0.0151568613946, 0.0101028606296, 0.0124123245478, 0.00689400779083, 0.0101525038481, 0.00095589295961, 0.000901670835447, 0.000352042523446, 0.000261158391368, 0.000552984944079, 8.82487001945e-05, 2.89013769361e-07, 2.79629546185e-07],
        "mean": [1.67127345776e-05, 0.000463047676021, 0.00059657508973, 0.000568510615267, 0.00114794762339, 0.00231444044039, 0.00106977671385, 0.000989439198747, 0.00211192620918, 0.00282152369618, 0.000537617772352, 0.0007814981509, 0.000635664036963, 0.000556128565222, 0.000534323218744, 0.000357789947884, 0.000433795008576, 0.000370345485862, 0.000437277165474, 7.39838578738e-05, 2.20435631491e-05, 1.01173227449e-05, 1.17527461043e-05, 6.56586325931e-06, 3.63400249626e-06, 1.20169585394e-09, 8.84075146423e-10],
        "min": [3.00291240762e-08, 1.53506107381e-06, 1.95274037651e-06, 1.25829512854e-06, 7.71158738644e-07, 2.16716966861e-06, 9.47948933572e-07, 5.30735746906e-07, 6.89509590757e-07, 2.12783916709e-07, 4.60679956404e-08, 1.20858203445e-07, 3.29272381805e-07, 1.08674754529e-07, 3.7862815816e-07, 1.51354726086e-07, 2.15029075434e-07, 1.87598857337e-07, 2.54979255487e-07, 1.41006211152e-07, 1.46470412687e-07, 9.84548904626e-08, 6.0950213765e-08, 1.05664028638e-07, 5.32350341587e-08, 4.97816328091e-12, 6.65290825902e-12],
        "stdev": [1.87626028492e-05, 0.000774079351686, 0.000879152154084, 0.00109227770008, 0.00192803901155, 0.00415326887742, 0.00200479151681, 0.00189573829994, 0.00604244507849, 0.00855258945376, 0.00129155244213, 0.0014486721484, 0.00191362062469, 0.00131612922996, 0.00118016952183, 0.000834894366562, 0.000612963456661, 0.000683875987306, 0.000795311527327, 0.000120570628496, 4.54839682789e-05, 2.13957573578e-05, 2.47886891884e-05, 2.51838391705e-05, 7.56645158617e-06, 1.0202828804e-08, 9.3278469393e-09]
    },
    "erbbands": {
        "max": [0.0490740649402, 1.74457371235, 9.21317195892, 22.1606655121, 74.8689041138, 73.3637542725, 461.730651855, 476.517181396, 621.96661377, 399.274169922, 702.495727539, 1964.62609863, 2596.41064453, 834.893188477, 765.820251465, 686.706604004, 1323.55505371, 1088.55554199, 640.696594238, 686.918457031, 581.543823242, 696.374084473, 414.514801025, 707.404418945, 100.233222961, 58.9687004089, 49.322265625, 14.852684021, 10.3396167755, 7.9662899971, 7.41529464722, 11.6726961136, 13.5800218582, 1.85286939144, 0.289552867413, 0.00673257233575, 0.000639737874735, 0.000193112937268, 7.10442182026e-05, 0.00015955651179],
        "mean": [0.00668264785782, 0.12932151556, 0.644574224949, 1.40980911255, 3.16183829308, 3.63676071167, 11.5416717529, 18.8989715576, 16.3563117981, 18.8605556488, 21.3957843781, 46.8353385925, 110.884223938, 32.5020179749, 24.1471996307, 34.3259315491, 28.2874279022, 31.5870265961, 21.5046291351, 28.4544239044, 19.2919616699, 24.9929618835, 22.2868556976, 30.8417053223, 9.53631687164, 3.66525745392, 1.50440299511, 0.530119657516, 0.377730190754, 0.26626521349, 0.354370951653, 0.174575120211, 0.116149574518, 0.068930760026, 0.0103150689974, 0.00027567151119, 2.3662330932e-05, 5.03351293446e-06, 9.72591260506e-06, 2.02578339668e-05],
        "min": [5.44934991922e-05, 0.00040305472794, 0.00259814690799, 0.00953599344939, 0.00944001786411, 0.00759538682178, 0.0128335859627, 0.0317848287523, 0.0434983335435, 0.0406185388565, 0.0252097975463, 0.0250772405416, 0.0129341799766, 0.0110979434103, 0.0119617870077, 0.0066164447926, 0.0266728717834, 0.0209048483521, 0.0139714730904, 0.0237962026149, 0.0119593506679, 0.0143471714109, 0.0133110340685, 0.0120797492564, 0.0146363591775, 0.00648612668738, 0.00905212759972, 0.00533146038651, 0.0044709709473, 0.00193323369604, 0.00166407285724, 0.00209745648317, 0.00168979784939, 0.000978532829322, 0.000173687192728, 5.71398095417e-06, 4.68147106858e-07, 7.41177785812e-08, 1.36258108796e-07, 2.90760254984e-07],
        "stdev": [0.00694025820121, 0.228169515729, 1.0173459053, 2.03644704819, 6.03281497955, 6.48558855057, 23.7101078033, 40.1638565063, 32.3248405457, 29.9963817596, 41.1278572083, 119.688949585, 307.592987061, 72.1078567505, 48.1196708679, 65.8836288452, 79.0628890991, 67.3930358887, 45.8120918274, 49.57787323, 41.2005348206, 36.7982063293, 38.3555793762, 52.7694473267, 14.7579813004, 5.8963265419, 2.99978327751, 1.05549943447, 0.76264500618, 0.53195977211, 0.771942317486, 0.461873978376, 0.534148752689, 0.147054836154, 0.0236500259489, 0.000574762118049, 3.70664711227e-05, 7.79997026257e-06, 8.68378629093e-06, 1.8664783056e-05]
    },
    "gfcc": {
        "mean": [-71.8066329956, 146.697189331, -171.000534058, 28.1085853577, -62.8360366821, 0.657056331635, -40.9669113159, 6.18874597549, -10.2760868073, -19.9621181488, 9.31678009033, -21.856086731, 3.44207644463],
        "cov": [[3502.02392578, 29.9052314758, -741.59753418, -163.322540283, 355.839569092, -59.5657234192, 79.6987533569, -74.5783081055, -218.25843811, -278.041229248, -25.6951065063, 70.2910079956, 26.4616165161], [29.9052314758, 477.088928223, -13.9041509628, -160.361541748, 138.230239868, -54.3620872498, 120.127693176, -65.7984085083, -5.37698078156, -90.1362686157, 4.29565763474, -33.3863563538, 25.0529766083], [-741.59753418, -13.9041509628, 456.469177246, 143.804885864, -157.09854126, 131.463623047, -102.87272644, -4.10489797592, 42.0745391846, 61.281993866, -52.8255233765, -3.93579292297, -24.7355480194], [-163.322540283, -160.361541748, 143.804885864, 365.619293213, 49.0518455505, 55.488609314, -82.5834274292, -26.224275589, 79.5443572998, 57.2608299255, -63.5467948914, 22.8789157867, -23.5661773682], [355.839569092, 138.230239868, -157.09854126, 49.0518455505, 307.330596924, -12.299279213, 38.0891113281, -7.38078451157, 10.6326913834, -54.3980827332, -4.80749082565, 4.4740858078, 10.8593130112], [-59.5657234192, -54.3620872498, 131.463623047, 55.488609314, -12.299279213, 233.359222412, -30.9615192413, 1.2645740509, 19.6114845276, 17.0253677368, -60.406917572, -4.45803117752, -30.185218811], [79.6987533569, 120.127693176, -102.87272644, -82.5834274292, 38.0891113281, -30.9615192413, 221.362960815, 26.5863304138, -60.7849311829, -40.2360839844, 46.8853530884, -36.2151031494, 5.35100650787], [-74.5783081055, -65.7984085083, -4.10489797592, -26.224275589, -7.38078451157, 1.2645740509, 26.5863304138, 126.008453369, 16.8330764771, 9.0216884613, 16.9997062683, -9.05799770355, 2.48314738274], [-218.25843811, -5.37698078156, 42.0745391846, 79.5443572998, 10.6326913834, 19.6114845276, -60.7849311829, 16.8330764771, 203.255203247, 80.6767272949, -68.4098434448, -2.5126645565, -13.1786136627], [-278.041229248, -90.1362686157, 61.281993866, 57.2608299255, -54.3980827332, 17.0253677368, -40.2360839844, 9.0216884613, 80.6767272949, 143.447174072, 11.5594081879, -14.2930450439, -10.0428142548], [-25.6951065063, 4.29565763474, -52.8255233765, -63.5467948914, -4.80749082565, -60.406917572, 46.8853530884, 16.9997062683, -68.4098434448, 11.5594081879, 140.199615479, 27.4003696442, 0.0657655671239], [70.2910079956, -33.3863563538, -3.93579292297, 22.8789157867, 4.4740858078, -4.45803117752, -36.2151031494, -9.05799770355, -2.5126645565, -14.2930450439, 27.4003696442, 90.1167526245, 25.3587856293], [26.4616165161, 25.0529766083, -24.7355480194, -23.5661773682, 10.8593130112, -30.185218811, 5.35100650787, 2.48314738274, -13.1786136627, -10.0428142548, 0.0657655671239, 25.3587856293, 86.4313430786]],
        "icov": [[0.000594597775489, -0.000278084451566, 0.00123740371782, -0.000240099063376, 5.29399039806e-05, -0.000361898855772, 0.000376606942154, -0.000142652483191, 0.000811395177152, 0.000173908512807, 0.000711044645868, -0.000601144274697, 0.00035472898162], [-0.000278084451566, 0.0103872688487, -0.00721701793373, 0.00698257982731, -0.00702969171107, 0.00296320556663, -0.00544303422794, 0.00823498237878, -0.0063840742223, 0.00513242837042, -0.00220536626875, 0.00308047095314, -0.00234798085876], [0.00123740371782, -0.00721701793373, 0.0110209183767, -0.0066562644206, 0.00695322221145, -0.00453046429902, 0.00526007683948, -0.00564540037885, 0.00518922880292, -0.00231622043066, 0.0018463851884, -0.00168190745171, 0.0014471183531], [-0.000240099063376, 0.00698257982731, -0.0066562644206, 0.00938043091446, -0.00679892953485, 0.00285877287388, -0.00377622060478, 0.00579000636935, -0.00361903454177, 0.000539038446732, 0.00141294498462, -0.000912131217774, 0.000399673474021], [5.29399039806e-05, -0.00702969171107, 0.00695322221145, -0.00679892953485, 0.0101767107844, -0.00325834262185, 0.0036308132112, -0.00514192646369, 0.00217621400952, -0.000149267405504, -0.000796486041509, -5.9878162574e-05, -3.40357973982e-06], [-0.000361898855772, 0.00296320556663, -0.00453046429902, 0.00285877287388, -0.00325834262185, 0.00754057243466, -0.00242547527887, 0.00146465119906, -7.32933913241e-05, -0.00121609680355, 0.00361003959551, -0.00176121364348, 0.00224722898565], [0.000376606942154, -0.00544303422794, 0.00526007683948, -0.00377622060478, 0.0036308132112, -0.00242547527887, 0.00974755734205, -0.00507921958342, 0.00358543707989, -0.000330439506797, -0.00178914575372, 0.00259728240781, -7.50163962948e-05], [-0.000142652483191, 0.00823498237878, -0.00564540037885, 0.00579000636935, -0.00514192646369, 0.00146465119906, -0.00507921958342, 0.0154758254066, -0.00734713627025, 0.00514714512974, -0.00430815760046, 0.00407206546515, -0.00306652113795], [0.000811395177152, -0.0063840742223, 0.00518922880292, -0.00361903454177, 0.00217621400952, -7.32933913241e-05, 0.00358543707989, -0.00734713627025, 0.0155047019944, -0.0108085311949, 0.0102259134874, -0.00704855890945, 0.0049589346163], [0.000173908512807, 0.00513242837042, -0.00231622043066, 0.000539038446732, -0.000149267405504, -0.00121609680355, -0.000330439506797, 0.00514714512974, -0.0108085311949, 0.0184533670545, -0.0103399455547, 0.00895539019257, -0.00471368432045], [0.000711044645868, -0.00220536626875, 0.0018463851884, 0.00141294498462, -0.000796486041509, 0.00361003959551, -0.00178914575372, -0.00430815760046, 0.0102259134874, -0.0103399455547, 0.0194496102631, -0.0117429187521, 0.00671890005469], [-0.000601144274697, 0.00308047095314, -0.00168190745171, -0.000912131217774, -5.9878162574e-05, -0.00176121364348, 0.00259728240781, 0.00407206546515, -0.00704855890945, 0.00895539019257, -0.0117429187521, 0.0214612409472, -0.00864616595209], [0.00035472898162, -0.00234798085876, 0.0014471183531, 0.000399673474021, -3.40357973982e-06, 0.00224722898565, -7.50163962948e-05, -0.00306652113795, 0.0049589346163, -0.00471368432045, 0.00671890005469, -0.00864616595209, 0.0162830390036]]
    },
    "melbands": {
        "max": [0.00094710313715, 0.00370670296252, 0.00614283140749, 0.00470101414248, 0.0120981996879, 0.00915391556919, 0.00881635118276, 0.00502567831427, 0.00624180026352, 0.0161562319845, 0.0132426787168, 0.00479588331655, 0.00204582302831, 0.00162733567413, 0.00377188436687, 0.00325773772784, 0.00213354709558, 0.000923564366531, 0.00163730455097, 0.000752495077904, 0.000571972166654, 0.00065874052234, 0.000551241508219, 0.000384974991903, 0.000724602490664, 0.000135553840664, 4.98114459333e-05, 3.86008978239e-05, 2.98542145174e-05, 2.18289096665e-05, 5.94161292611e-06, 4.84897009301e-06, 1.18297539302e-05, 3.97130543206e-06, 6.80448192725e-06, 5.29365615876e-06, 8.26194172987e-06, 8.44812075229e-06, 7.21976402929e-06, 1.41280861499e-06],
        "mean": [9.11393653951e-05, 0.000287605973426, 0.000294135039439, 0.000244489812758, 0.000340355443768, 0.000433819484897, 0.000240048844717, 0.000209020261536, 0.000176002868102, 0.000323966640281, 0.00056218681857, 0.00013543816749, 7.45901998016e-05, 7.90457197581e-05, 8.48132767715e-05, 5.90443523834e-05, 6.06778485235e-05, 3.16019686579e-05, 4.80960516143e-05, 3.14345015795e-05, 1.83869105967e-05, 2.58331238001e-05, 2.09338231798e-05, 1.93336072698e-05, 2.75822476397e-05, 8.68605911819e-06, 3.86657120544e-06, 2.00773638426e-06, 1.0863341231e-06, 5.24409244917e-07, 2.20569233988e-07, 2.0628716868e-07, 2.01915213438e-07, 1.25992968947e-07, 1.91314939002e-07, 2.05121594377e-07, 7.66466143887e-08, 8.48714805102e-08, 6.38446664425e-08, 5.93700058005e-08],
        "min": [6.20112018623e-07, 1.36023959385e-06, 1.90001071587e-06, 2.36699818856e-07, 1.70290121559e-07, 7.37957464025e-07, 3.66613591041e-07, 1.27659035343e-07, 2.32520307009e-07, 1.02711908312e-07, 6.55788525705e-08, 2.96347142381e-08, 1.26524790645e-08, 2.49363694138e-08, 1.24601333695e-08, 2.66357869094e-08, 1.7706490496e-08, 1.9366284576e-08, 3.25107762933e-08, 2.2802966626e-08, 1.06619992835e-08, 1.38074724987e-08, 1.12844338318e-08, 9.69531743777e-09, 9.55526946456e-09, 6.53482068458e-09, 4.43337055955e-09, 3.84776610574e-09, 5.22794740832e-09, 3.21723492291e-09, 1.3367610352e-09, 1.78754144819e-09, 1.16115994597e-09, 8.32080626623e-10, 7.73608843652e-10, 1.05578912279e-09, 9.69573643594e-10, 1.07840836261e-09, 1.00575536788e-09, 6.97459590082e-10],
        "stdev": [0.000128856598167, 0.000436572823673, 0.000464918441139, 0.000430584856076, 0.000651160080452, 0.000825361406896, 0.000451646046713, 0.000346661894582, 0.000358612334821, 0.000919994083233, 0.00157525390387, 0.000349042995367, 0.000168609665707, 0.000141838798299, 0.000205277392524, 0.000202293143957, 0.000138818650157, 7.52389969421e-05, 0.000109013242763, 6.05017085036e-05, 3.93393966078e-05, 3.83817423426e-05, 3.501113315e-05, 3.81743193429e-05, 5.07457734784e-05, 1.54585613927e-05, 6.17492059973e-06, 3.65849837181e-06, 2.33219725487e-06, 1.24358393805e-06, 5.20026446793e-07, 4.16355447896e-07, 5.07103834479e-07, 2.75604321587e-07, 4.3825400553e-07, 4.98459712617e-07, 2.8604677027e-07, 3.89865192574e-07, 2.4477765237e-07, 1.32426208665e-07]
    },
    "melbands128": {
        "max": [0.000169963677763, 0.000334487238433, 0.00105573236942, 0.00375877670012, 0.00582025200129, 0.00270104734227, 0.00432708766311, 0.0100595504045, 0.00909919291735, 0.00483864732087, 0.00453662034124, 0.00532923080027, 0.0183019731194, 0.0233049783856, 0.0165499225259, 0.00936415232718, 0.0121095227078, 0.015560714528, 0.00440747104585, 0.00569478608668, 0.00896973349154, 0.00685955584049, 0.0120742144063, 0.0100332051516, 0.00767565425485, 0.0365836620331, 0.0208521839231, 0.0267044268548, 0.0234174393117, 0.00646500242874, 0.00440747244284, 0.00482402881607, 0.00338157569058, 0.00583082390949, 0.00248334743083, 0.00338413706049, 0.00427587889135, 0.00695061963052, 0.00599615089595, 0.00642792554572, 0.00586531078443, 0.0067282859236, 0.00440062582493, 0.00425895908847, 0.00209928094409, 0.00173211237416, 0.00312384404242, 0.00226550037041, 0.00234426814131, 0.0012677841587, 0.00151324120816, 0.00208148476668, 0.000715397822205, 0.000167593389051, 0.000386511674151, 0.000649628229439, 0.00198083184659, 0.000614254910033, 0.000987728242762, 0.00102495145984, 0.000836929830257, 0.000459552422399, 0.000786892371252, 0.00172262336127, 0.000427886465332, 0.000265065667918, 0.000165259974892, 0.000101854464447, 0.000122413373902, 0.000119279095088, 7.50019171392e-05, 7.49316895963e-05, 8.33619487821e-05, 4.29508218076e-05, 5.43476380699e-05, 4.63352444058e-05, 1.77162528416e-05, 1.01640680441e-05, 9.58694363362e-06, 6.26720930086e-06, 6.05257355346e-06, 5.16841873832e-06, 9.83670815913e-06, 1.8880218704e-05, 7.44241651773e-06, 3.1220317851e-06, 5.23261223861e-06, 2.13659277506e-05, 5.40582232134e-06, 6.86381054038e-06, 1.35502696139e-05, 5.63121056985e-06, 5.61285651202e-06, 9.6324711194e-06, 1.16397859529e-05, 1.19915630421e-05, 9.64791979641e-06, 3.33009338647e-05, 2.97940823657e-06, 2.57109900303e-06, 2.06588197216e-06, 1.67498819792e-06, 1.47441403442e-06, 8.12885105006e-07, 7.98408166247e-08, 3.84242415663e-09, 3.31149374588e-09, 2.30694796599e-09, 2.09573314258e-09, 1.9440959953e-09, 1.82417980721e-09, 1.72086023209e-09, 1.6312243778e-09, 1.55457380302e-09, 1.48836276637e-09, 1.42391376468e-09, 1.36997535538e-09, 1.32219424298e-09, 1.28046406811e-09, 1.24024013282e-09, 1.20649523705e-09, 1.1782317344e-09, 1.15100295961e-09, 1.12918829842e-09, 1.11193654284e-09, 1.09646680624e-09, 1.08506870156e-09, 1.07863951104e-09],
        "mean": [1.33305711643e-05, 4.1104038246e-05, 8.26643663459e-05, 0.000259739288595, 0.000333717558533, 0.000281999731669, 0.000277782091871, 0.00028405955527, 0.000350664311554, 0.000252971425653, 0.000176387649844, 0.000161659816513, 0.000401567347581, 0.000553991820198, 0.000443027587608, 0.00037170338328, 0.000316882273182, 0.000187181882211, 0.000191586077563, 0.000206031952985, 0.000248513970291, 0.000136388101964, 0.000187892699614, 0.000179119830136, 0.000200686074095, 0.000472147250548, 0.000415670045186, 0.000817348307464, 0.000431255379226, 0.000101766934677, 7.33433262212e-05, 7.59708127589e-05, 6.15371609456e-05, 9.69206303125e-05, 5.90309682593e-05, 6.8026012741e-05, 0.000121698474686, 9.73197820713e-05, 5.47761010239e-05, 4.69955703011e-05, 8.02036738605e-05, 4.60369010398e-05, 4.43914468633e-05, 9.94158763206e-05, 2.868390402e-05, 1.65170149558e-05, 3.17606318276e-05, 5.29749158886e-05, 5.90125237068e-05, 2.32572529058e-05, 2.45588489634e-05, 5.00838796142e-05, 1.21994744404e-05, 7.58039413995e-06, 2.27385462495e-05, 2.64489153778e-05, 3.26494409819e-05, 2.23425722652e-05, 1.40887896123e-05, 2.20729543798e-05, 2.06197328225e-05, 1.41411255754e-05, 2.95728605124e-05, 3.7255751522e-05, 1.52712946146e-05, 5.55182577955e-06, 6.30551267022e-06, 4.50239349448e-06, 3.11411054099e-06, 3.12885367748e-06, 2.03327249437e-06, 1.46033562487e-06, 1.46644765664e-06, 1.0372931456e-06, 5.29820340489e-07, 7.69643122567e-07, 3.54437986516e-07, 2.46571005391e-07, 2.12611212191e-07, 1.89544110185e-07, 1.98880371727e-07, 2.07138626251e-07, 2.31107947002e-07, 2.33879404732e-07, 1.45660138173e-07, 1.16155867147e-07, 9.77335474772e-08, 1.82478203214e-07, 1.44542539715e-07, 2.38155578813e-07, 3.27331235894e-07, 1.64023205684e-07, 6.9206812725e-08, 6.90484966981e-08, 8.30841528909e-08, 8.48616465987e-08, 8.12322724641e-08, 9.59603738693e-08, 5.60114337134e-08, 5.11499642641e-08, 6.43176818471e-08, 6.60953460851e-08, 5.24308880756e-08, 1.67009446272e-08, 1.3940646415e-09, 6.51808121366e-11, 8.09965011728e-11, 1.52572260381e-11, 8.03836684715e-12, 7.64567662653e-12, 7.40736465221e-12, 7.15984346464e-12, 6.49883705878e-12, 6.07547345766e-12, 5.80568622691e-12, 5.63196971698e-12, 4.69326097083e-12, 4.11858221139e-12, 3.98215791939e-12, 3.87046471262e-12, 3.77440223173e-12, 3.69345266177e-12, 3.61769620337e-12, 3.54863837967e-12, 3.47625530792e-12, 3.39742318479e-12, 3.34758110988e-12, 3.32616486437e-12],
        "min": [9.94595250603e-09, 6.62050823053e-08, 2.18863988266e-07, 1.66179759731e-07, 2.4714609026e-07, 1.04734453998e-06, 1.21116318041e-06, 3.69674637568e-07, 2.84282123175e-07, 3.15309165444e-08, 2.43348239337e-08, 3.05393932365e-09, 7.02509250772e-09, 1.26386424881e-07, 1.16081359636e-07, 8.05706648066e-08, 1.37169720915e-07, 1.571015531e-07, 5.81066572636e-08, 6.25986871228e-08, 4.98081433875e-08, 4.01044353282e-08, 1.19701880408e-07, 4.24473078908e-08, 3.12103516364e-08, 4.88165641244e-09, 3.79797384653e-08, 1.67106062321e-08, 1.37940947553e-08, 1.37175986126e-08, 4.80365258682e-09, 4.38614033982e-09, 2.30109220567e-09, 5.26082732932e-09, 1.31268560466e-08, 1.08851994085e-09, 7.66638841299e-09, 1.58862363264e-08, 7.76006547909e-09, 9.59941015566e-09, 9.78041558852e-09, 7.04903513338e-09, 4.56439641638e-09, 6.16471274029e-09, 2.85991630378e-09, 2.12227080354e-09, 6.85115963961e-09, 1.87884285907e-08, 2.89461112857e-08, 5.74043435009e-09, 1.10268709719e-08, 7.37700700526e-09, 1.91319671217e-09, 3.82014242462e-09, 3.80436437908e-09, 5.54905099648e-09, 4.40798331169e-09, 6.13809847394e-09, 6.87092072127e-09, 4.18733492324e-09, 5.07451014542e-09, 4.25118651393e-09, 7.07451475179e-09, 7.8027735384e-09, 2.48227527422e-09, 3.6420777505e-09, 2.89817392307e-09, 4.42895409236e-09, 1.77401449086e-09, 3.44604567104e-09, 3.05318703653e-09, 3.49320306015e-09, 4.11529788025e-09, 2.27010388265e-09, 1.24096866116e-09, 1.87746840297e-09, 1.78316894583e-09, 6.5458077847e-10, 7.54277862391e-10, 7.32423621752e-10, 6.84108047988e-10, 1.44692968718e-09, 8.76332506561e-10, 5.38977362741e-10, 4.66686189693e-10, 5.95464066944e-10, 5.68855185179e-10, 5.69361002789e-10, 7.43170691653e-10, 5.55611445741e-10, 7.62518492792e-10, 6.39607089514e-10, 1.00358377164e-09, 7.90824794539e-10, 3.51864398729e-10, 7.29805327282e-10, 7.86152365428e-10, 7.41310235419e-10, 8.56853754616e-10, 8.9042012652e-10, 5.97165428218e-10, 5.897928812e-10, 5.1537657475e-10, 2.33007724226e-10, 2.52190044021e-12, 5.54035882114e-14, 1.35618927994e-14, 2.43065828153e-14, 1.99440124653e-14, 1.74114551038e-14, 1.98713929426e-14, 1.52493560721e-14, 1.88730545e-14, 1.73706145632e-14, 1.54175615688e-14, 2.35608787254e-14, 2.00210382534e-14, 1.90759764891e-14, 2.12749299243e-14, 1.78976537096e-14, 2.27301782675e-14, 2.47436738389e-14, 2.53356397548e-14, 2.02128861337e-14, 1.92325945751e-14, 6.26796757672e-15, 6.84120453531e-16, 2.6015912217e-17],
        "stdev": [1.52365064423e-05, 4.21683434979e-05, 0.000114765389299, 0.000498998851981, 0.00061790808104, 0.000404295744374, 0.000394617498387, 0.000665614148602, 0.000721722084563, 0.000510327285156, 0.000387044885429, 0.000359130906872, 0.000931464892346, 0.001273550326, 0.00128736812621, 0.000820371729787, 0.000732556334697, 0.000582390348427, 0.000387515377952, 0.000416047958424, 0.000555139908101, 0.000322167557897, 0.000558683124837, 0.000494413485285, 0.00063576863613, 0.00191744533367, 0.00146792293526, 0.00279237702489, 0.00165611854754, 0.000373493123334, 0.000247699237661, 0.000267036317382, 0.000227015087148, 0.000270193675533, 0.000151205982547, 0.000210172584048, 0.000325651519233, 0.000333437666995, 0.000259320164332, 0.000250122539001, 0.000355175201548, 0.000214211671846, 0.000152106804308, 0.000274101650575, 0.000110526649223, 6.45468753646e-05, 0.000178131551365, 0.000151588115841, 0.000147436541738, 7.00239470461e-05, 6.53102179058e-05, 0.000158730501425, 4.30257423432e-05, 1.49479601532e-05, 4.55377667095e-05, 4.8448509915e-05, 7.99365152488e-05, 5.17405605933e-05, 4.42293785454e-05, 6.54105097055e-05, 6.22604275122e-05, 3.74168303097e-05, 6.02077307121e-05, 9.88150641206e-05, 3.91021676478e-05, 1.27084131236e-05, 1.60865020007e-05, 9.94549736788e-06, 8.09198627394e-06, 8.23832124297e-06, 5.42764109923e-06, 3.74645469492e-06, 4.30443560617e-06, 2.73878276857e-06, 2.09376207749e-06, 2.16917874241e-06, 8.94533513929e-07, 5.7769580053e-07, 6.15974670382e-07, 5.01903912209e-07, 4.370228055e-07, 4.32068901546e-07, 5.85858572322e-07, 7.26792677597e-07, 3.56152185077e-07, 2.3878334332e-07, 2.28895004284e-07, 8.97708900993e-07, 3.39963293072e-07, 6.30556087344e-07, 8.94360425718e-07, 4.16769381673e-07, 1.97340469299e-07, 2.85661627686e-07, 3.52616808641e-07, 4.04924037412e-07, 3.57086491931e-07, 9.23012805742e-07, 1.62678858828e-07, 1.10389976271e-07, 1.57719185268e-07, 1.60146868211e-07, 1.33897614774e-07, 4.49929444812e-08, 3.99529387352e-09, 2.42902975511e-10, 2.74943429135e-10, 8.60268592473e-11, 7.31004770604e-11, 6.9383644663e-11, 6.54743273487e-11, 6.32922880772e-11, 5.77308409411e-11, 5.4468627525e-11, 5.21440980672e-11, 5.03069981506e-11, 4.61536885099e-11, 4.39665422125e-11, 4.25966102668e-11, 4.13457323933e-11, 4.02739612493e-11, 3.93378038477e-11, 3.84448861634e-11, 3.77489046965e-11, 3.71668598675e-11, 3.66502488081e-11, 3.62892875472e-11, 3.60791986564e-11]
    },
    "mfcc": {
        "mean": [-692.247558594, 155.661865234, -34.1138381958, 14.3339672089, 5.1831946373, -17.1454639435, -3.96631813049, 2.43891477585, -8.63334465027, 2.61806988716, -0.216887101531, -3.35449671745, -2.32238960266],
        "cov": [[3882.80224609, 70.1501083374, -921.475708008, -48.2793579102, 49.6999206543, 11.7219486237, 153.319046021, 184.596328735, -115.571868896, -131.348770142, -171.221618652, -150.904388428, -166.517150879], [70.1501083374, 619.947387695, -178.804840088, -102.108634949, -37.0645065308, -43.2743873596, 99.5106811523, 38.583114624, -13.4226207733, -21.5371303558, -33.099811554, -45.9305801392, -18.5993423462], [-921.475708008, -178.804840088, 640.518737793, -29.2119941711, -17.5983543396, 107.369560242, -117.893096924, -63.2360267639, 53.3733863831, 2.98649573326, 36.7223205566, 65.7451782227, 36.4107704163], [-48.2793579102, -102.108634949, -29.2119941711, 272.246368408, 65.6314697266, 19.4094238281, -24.5379676819, -7.37116670609, 16.432636261, 2.23747086525, 0.666411995888, 5.87672710419, 14.1784934998], [49.6999206543, -37.0645065308, -17.5983543396, 65.6314697266, 250.537445068, 72.7899093628, -78.4652099609, 32.4278373718, 49.2569274902, -20.7841949463, -10.788277626, 19.1663169861, 25.8188438416], [11.7219486237, -43.2743873596, 107.369560242, 19.4094238281, 72.7899093628, 223.274047852, -58.1977386475, -0.929491341114, 72.6609649658, -25.8161487579, 3.75878787041, 59.7311859131, 0.878489792347], [153.319046021, 99.5106811523, -117.893096924, -24.5379676819, -78.4652099609, -58.1977386475, 284.650939941, 45.4201545715, -100.025497437, 8.73346424103, -26.4717102051, -59.9410324097, -32.1187973022], [184.596328735, 38.583114624, -63.2360267639, -7.37116670609, 32.4278373718, -0.929491341114, 45.4201545715, 137.027832031, 1.5880818367, -17.0331859589, -9.1693611145, -32.2677841187, -1.869125247], [-115.571868896, -13.4226207733, 53.3733863831, 16.432636261, 49.2569274902, 72.6609649658, -100.025497437, 1.5880818367, 195.236831665, 36.3123588562, -7.13124418259, 51.0141601562, 8.82134437561], [-131.348770142, -21.5371303558, 2.98649573326, 2.23747086525, -20.7841949463, -25.8161487579, 8.73346424103, -17.0331859589, 36.3123588562, 111.036590576, 41.5687866211, 6.07692956924, 6.49485349655], [-171.221618652, -33.099811554, 36.7223205566, 0.666411995888, -10.788277626, 3.75878787041, -26.4717102051, -9.1693611145, -7.13124418259, 41.5687866211, 106.203353882, 31.9086170197, 3.3381114006], [-150.904388428, -45.9305801392, 65.7451782227, 5.87672710419, 19.1663169861, 59.7311859131, -59.9410324097, -32.2677841187, 51.0141601562, 6.07692956924, 31.9086170197, 110.768760681, 35.5284233093], [-166.517150879, -18.5993423462, 36.4107704163, 14.1784934998, 25.8188438416, 0.878489792347, -32.1187973022, -1.869125247, 8.82134437561, 6.49485349655, 3.3381114006, 35.5284233093, 93.7761077881]],
        "icov": [[0.000534550636075, 0.000243401824264, 0.000830837176181, 0.000239709348534, 0.000104541431938, -0.00050041184295, 0.000249580247328, -0.000441522715846, 0.000357436161721, 6.07612128078e-05, 0.000676177442074, 1.92663355847e-05, 0.000622022838797], [0.000243401824264, 0.00213743117638, 0.000899260863662, 0.000890059978701, 0.000143548066262, -0.000183050899068, -0.000502833165228, -7.75999797042e-05, -0.000558110885322, 0.000788267352618, 9.90240587271e-05, 0.000627866131254, -8.26651084935e-05], [0.000830837176181, 0.000899260863662, 0.00340449158102, 0.000839901389554, 0.000710214138962, -0.00175364944153, 0.000777541834395, -2.8867745641e-05, 0.000272942706943, 0.00040173358866, 0.000515892286785, 0.000350420566974, 8.68033966981e-05], [0.000239709348534, 0.000890059978701, 0.000839901389554, 0.00441862922162, -0.00094021653058, -0.000411137822084, -0.000161066040164, 0.000514720799401, -0.000307616195641, 0.00027139170561, -5.08978228027e-05, 0.000686808547471, -0.000422450742917], [0.000104541431938, 0.000143548066262, 0.000710214138962, -0.00094021653058, 0.00563520891592, -0.00171925779432, 0.00153516104911, -0.00161705270875, -8.4523591795e-05, 0.000258563988609, 0.000678932177834, 0.000330625509378, -0.00112071831245], [-0.00050041184295, -0.000183050899068, -0.00175364944153, -0.000411137822084, -0.00171925779432, 0.0075029595755, -0.000877926417161, 0.00018661186914, -0.00232578767464, 0.00219954061322, -0.00105565949343, -0.00298085296527, 0.00115762837231], [0.000249580247328, -0.000502833165228, 0.000777541834395, -0.000161066040164, 0.00153516104911, -0.000877926417161, 0.00637253792956, -0.0026514811907, 0.00389720872045, -0.00316041847691, 0.00312186172232, -0.000508488214109, 0.0017150399508], [-0.000441522715846, -7.75999797042e-05, -2.8867745641e-05, 0.000514720799401, -0.00161705270875, 0.00018661186914, -0.0026514811907, 0.0103240245953, -0.00305803283118, 0.00312257790938, -0.00324367987923, 0.00407554768026, -0.00248213578016], [0.000357436161721, -0.000558110885322, 0.000272942706943, -0.000307616195641, -8.4523591795e-05, -0.00232578767464, 0.00389720872045, -0.00305803283118, 0.0105933640152, -0.00648929364979, 0.00557946367189, -0.00440090242773, 0.00270513538271], [6.07612128078e-05, 0.000788267352618, 0.00040173358866, 0.00027139170561, 0.000258563988609, 0.00219954061322, -0.00316041847691, 0.00312257790938, -0.00648929364979, 0.0155028467998, -0.00778444902971, 0.00330200465396, -0.00248198444024], [0.000676177442074, 9.90240587271e-05, 0.000515892286785, -5.08978228027e-05, 0.000678932177834, -0.00105565949343, 0.00312186172232, -0.00324367987923, 0.00557946367189, -0.00778444902971, 0.0160982254893, -0.00607953500003, 0.00359984440729], [1.92663355847e-05, 0.000627866131254, 0.000350420566974, 0.000686808547471, 0.000330625509378, -0.00298085296527, -0.000508488214109, 0.00407554768026, -0.00440090242773, 0.00330200465396, -0.00607953500003, 0.0171619541943, -0.00633754301816], [0.000622022838797, -8.26651084935e-05, 8.68033966981e-05, -0.000422450742917, -0.00112071831245, 0.00115762837231, 0.0017150399508, -0.00248213578016, 0.00270513538271, -0.00248198444024, 0.00359984440729, -0.00633754301816, 0.014808001928]]
    },
    "spectral_contrast_coeffs": {
        "max": [-0.416404485703, -0.459941029549, -0.45178937912, -0.580599784851, -0.539916992188, -0.641831338406],
        "mean": [-0.699194669724, -0.725387573242, -0.713563859463, -0.740887403488, -0.726569414139, -0.801558673382],
        "min": [-0.891918957233, -0.926215469837, -0.914574623108, -0.905110538006, -0.902567088604, -0.89824026823],
        "stdev": [0.0679210945964, 0.0766632482409, 0.0818831920624, 0.0588656030595, 0.0570989772677, 0.0354847460985]
    },
    "spectral_contrast_valleys": {
        "max": [-5.63599824905, -4.85592937469, -5.68730974197, -6.47197723389, -6.68562793732, -9.20940113068],
        "mean": [-7.36245822906, -6.86605358124, -7.690782547, -8.07992839813, -8.26962947845, -11.2940292358],
        "min": [-9.50809955597, -9.24185943604, -10.480966568, -10.4460954666, -10.3046636581, -12.7153234482],
        "stdev": [0.719740331173, 0.704733490944, 0.865887343884, 0.776615977287, 0.688934385777, 0.574994802475]
    }
},
"rhythm": {
    "beats_count": 104,
    "beats_loudness": {
        "max": 0.0605084262788,
        "mean": 0.0200406350195,
        "min": 0.000526994641405,
        "stdev": 0.014450869523
    },
    "bpm": 139.394470215,
    "bpm_histogram_first_peak_bpm": 140,
    "bpm_histogram_first_peak_weight": 0.389830470085,
    "bpm_histogram_second_peak_bpm": 133,
    "bpm_histogram_second_peak_spread": 0.400000035763,
    "bpm_histogram_second_peak_weight": 0.0873786434531,
    "danceability": 0.85316824913,
    "onset_rate": 3.1171875,
    "beats_loudness_band_ratio": {
        "max": [0.66007065773, 0.739800632, 0.841252148151, 0.831627309322, 0.53590297699, 0.431794077158],
        "mean": [0.175823196769, 0.195341289043, 0.345059514046, 0.197908744216, 0.134282127023, 0.0363489277661],
        "min": [0.00331337773241, 0.0141483973712, 0.00931259337813, 0.00379179790616, 0.00422939332202, 0.00113531411625],
        "stdev": [0.165490970016, 0.140079542994, 0.220158725977, 0.169973909855, 0.113829553127, 0.062396902591]
    },
