{
"metadata": {
    "version": {
        "essentia": "2.1-beta5",
        "essentia_git_sha": "Undefined",
        "extractor": "music 2.0"
    },
    "audio_properties": {
        "analysis": {
            "equal_loudness": 0,
            "length": 32.4963264465,
            "sample_rate": 44100,
            "start_time": 61.4980506897,
            "downmix": "mix"
        },
        "bit_rate": 192000,
        "length": 179.734069824,
        "lossless": 0,
        "number_channels": 2,
        "replay_gain": -4.98210906982,
        "sample_rate": 48000,
        "codec": "mp3",
        "md5_encoded": "3a570f93d40863597e2a1d761cb33482"
    },
    "tags": {
        "file_name": "United KingdomUK_Boom Bang-a-bang_Lulu.mp3",
        "encoding": ["Lavf58.29.100"]
    }
},
"lowlevel": {
    "average_loudness": 0.934934079647,
    "barkbands_crest": {
        "max": 24.5128803253,
        "mean": 9.96830272675,
        "min": 3.13265275955,
        "stdev": 4.41605186462
    },
    "barkbands_flatness_db": {
        "max": 0.308435887098,
        "mean": 0.176046863198,
        "min": 0.0688320025802,
        "stdev": 0.0403046198189
    },
    "barkbands_kurtosis": {
        "max": 29.957195282,
        "mean": 1.96987557411,
        "min": -1.57491075993,
        "stdev": 3.87890911102
    },
    "barkbands_skewness": {
        "max": 4.84786176682,
        "mean": 0.705512344837,
        "min": -2.14963984489,
        "stdev": 1.00063633919
    },
    "barkbands_spread": {
        "max": 54.304233551,
        "mean": 14.0027294159,
        "min": 1.54796719551,
        "stdev": 7.01438713074
    },
    "dissonance": {
        "max": 0.499938219786,
        "mean": 0.448189944029,
        "min": 0.266724169254,
        "stdev": 0.0370214246213
    },
    "dynamic_complexity": 3.34146428108,
    "erbbands_crest": {
        "max": 30.7064189911,
        "mean": 11.4482536316,
        "min": 3.4377822876,
        "stdev": 5.47204685211
    },
    "erbbands_flatness_db": {
        "max": 0.38810312748,
        "mean": 0.237646073103,
        "min": 0.114119432867,
        "stdev": 0.0460734926164
    },
    "erbbands_kurtosis": {
        "max": 24.5231552124,
        "mean": 1.16356861591,
        "min": -1.57297110558,
        "stdev": 2.92393708229
    },
    "erbbands_skewness": {
        "max": 3.21792721748,
        "mean": 0.279203176498,
        "min": -1.77225005627,
        "stdev": 0.662566840649
    },
    "erbbands_spread": {
        "max": 62.0099182129,
        "mean": 21.2636795044,
        "min": 1.94401693344,
        "stdev": 10.9864711761
    },
    "hfc": {
        "max": 90.0175323486,
        "mean": 23.8030395508,
        "min": 0.0226021558046,
        "stdev": 17.7219467163
    },
    "loudness_ebu128": {
        "integrated": -18.4162101746,
        "loudness_range": 5.00847434998,
        "momentary": {
            "max": -15.4240074158,
            "mean": -19.6885147095,
            "min": -38.0419082642,
            "stdev": 3.87205696106
        },
        "short_term": {
            "max": -16.567407608,
            "mean": -19.1262626648,
            "min": -27.0055522919,
            "stdev": 2.01363945007
        }
    },
    "melbands_crest": {
        "max": 29.2123298645,
        "mean": 12.2254934311,
        "min": 3.53663229942,
        "stdev": 5.01656913757
    },
    "melbands_flatness_db": {
        "max": 0.379476219416,
        "mean": 0.207176297903,
        "min": 0.0620372891426,
        "stdev": 0.0491139665246
    },
    "melbands_kurtosis": {
        "max": 56.4472808838,
        "mean": 4.09411048889,
        "min": -1.57491636276,
        "stdev": 7.0038061142
    },
    "melbands_skewness": {
        "max": 6.26939678192,
        "mean": 1.14906215668,
        "min": -2.09590339661,
        "stdev": 1.23109483719
    },
    "melbands_spread": {
        "max": 61.6378440857,
        "mean": 21.1515331268,
        "min": 2.57236480713,
        "stdev": 10.3595724106
    },
    "pitch_salience": {
        "max": 0.836121499538,
        "mean": 0.576408922672,
        "min": 0.174450904131,
        "stdev": 0.0989979729056
    },
    "silence_rate_20dB": {
        "max": 1,
        "mean": 1,
        "min": 1,
        "stdev": 0
    },
    "silence_rate_30dB": {
        "max": 1,
        "mean": 1,
        "min": 1,
        "stdev": 0
    },
    "silence_rate_60dB": {
        "max": 1,
        "mean": 0.0571020692587,
        "min": 0,
        "stdev": 0.232034355402
    },
    "spectral_centroid": {
        "max": 2724.72241211,
        "mean": 1147.24291992,
        "min": 276.467254639,
        "stdev": 384.237731934
    },
    "spectral_complexity": {
        "max": 37,
        "mean": 19.2077083588,
        "min": 0,
        "stdev": 6.63166236877
    },
    "spectral_decrease": {
        "max": -1.02498148857e-11,
        "mean": -6.44236664016e-09,
        "min": -2.17210391895e-08,
        "stdev": 4.27295665517e-09
    },
    "spectral_energy": {
        "max": 0.0900321602821,
        "mean": 0.026473980397,
        "min": 4.1250117647e-05,
        "stdev": 0.017592754215
    },
    "spectral_energyband_high": {
        "max": 0.00144169025589,
        "mean": 0.000111306646431,
        "min": 5.16075374435e-07,
        "stdev": 0.000129542517243
    },
    "spectral_energyband_low": {
        "max": 0.021108135581,
        "mean": 0.00164176279213,
        "min": 4.01448733101e-06,
        "stdev": 0.00198131497018
    },
    "spectral_energyband_middle_high": {
        "max": 0.0809730291367,
        "mean": 0.0132034635171,
        "min": 4.30169075116e-06,
        "stdev": 0.0141474744305
    },
    "spectral_energyband_middle_low": {
        "max": 0.0749828591943,
        "mean": 0.0121299503371,
        "min": 1.93791456695e-05,
        "stdev": 0.0104232821614
    },
    "spectral_entropy": {
        "max": 8.55815029144,
        "mean": 7.17224931717,
        "min": 5.94278621674,
        "stdev": 0.314007222652
    },
    "spectral_flux": {
        "max": 0.264105051756,
        "mean": 0.0816851332784,
        "min": 0.00317722768523,
        "stdev": 0.0426285900176
    },
    "spectral_kurtosis": {
        "max": 37.9137229919,
        "mean": 9.20836448669,
        "min": 0.571724414825,
        "stdev": 5.10762262344
    },
    "spectral_rms": {
        "max": 0.00937210023403,
        "mean": 0.00474262237549,
        "min": 0.000200609123567,
        "stdev": 0.00182641134597
    },
    "spectral_rolloff": {
        "max": 7235.15625,
        "mean": 1372.88452148,
        "min": 236.865234375,
        "stdev": 614.978027344
    },
    "spectral_skewness": {
        "max": 4.96039485931,
        "mean": 2.10971164703,
        "min": 1.08477699757,
        "stdev": 0.520558536053
    },
    "spectral_spread": {
        "max": 26244730,
        "mean": 2819375.75,
        "min": 1253873.125,
        "stdev": 1024791.8125
    },
    "spectral_strongpeak": {
        "max": 10.9814901352,
        "mean": 2.26065921783,
        "min": 0.00302287563682,
        "stdev": 2.18109869957
    },
    "zerocrossingrate": {
        "max": 0.13134765625,
        "mean": 0.049990799278,
        "min": 0.0087890625,
        "stdev": 0.0154208661988
    },
    "barkbands": {
        "max": [0.000248866330367, 0.00458677392453, 0.0135059477761, 0.015797637403, 0.0337172038853, 0.0276955049485, 0.0693511143327, 0.0343247279525, 0.0638191327453, 0.064239770174, 0.0770614817739, 0.064457885921, 0.0356971025467, 0.024357939139, 0.0200012754649, 0.00786362215877, 0.00705388979986, 0.00501939095557, 0.00374307669699, 0.000339162390446, 0.000338024023222, 0.000233581857174, 0.000912762014195, 0.000766629527789, 0.000210607337067, 2.29955803661e-05, 2.43941613007e-05],
        "mean": [1.90258215298e-05, 0.000422766373958, 0.00077532895375, 0.0010349896038, 0.00179838214535, 0.00252497452311, 0.00237363320775, 0.00149095838424, 0.00248167174868, 0.00271849310957, 0.00296616833657, 0.00281642237678, 0.00157613481861, 0.000730686995666, 0.000966980063822, 0.000605869397987, 0.000405107421102, 0.000373301154468, 0.00026491121389, 3.69083645637e-05, 3.07351256197e-05, 1.44529913086e-05, 1.68333917827e-05, 2.04286807275e-05, 8.69380892254e-06, 1.13872467011e-07, 2.11900363922e-08],
        "min": [6.15589925701e-08, 9.77725903795e-07, 7.41708845453e-07, 3.25652251831e-07, 8.02877366368e-07, 2.52194297445e-07, 8.05109038993e-07, 2.64982077169e-07, 9.38662765293e-07, 2.04173034035e-07, 3.34128060331e-07, 2.29738517987e-07, 1.74664151587e-07, 3.19701229046e-07, 3.25830171732e-07, 3.28200457034e-07, 1.42689913218e-07, 7.44328758628e-08, 8.60156035287e-08, 5.89688333719e-08, 7.46917621086e-08, 5.37139293044e-08, 3.72935140547e-08, 1.00906127898e-07, 6.32021155411e-08, 4.98505903224e-10, 4.98964654316e-11],
        "stdev": [2.4489732823e-05, 0.000583729881328, 0.00132185628172, 0.00153659691568, 0.00221200590022, 0.00357994623482, 0.00624728295952, 0.003279148601, 0.00517199374735, 0.00627153040841, 0.00779672758654, 0.00639420095831, 0.00345142022707, 0.00165217777248, 0.00157391687389, 0.000960958423093, 0.000649172870908, 0.000495347310789, 0.000379555363907, 3.74110204575e-05, 3.91084067815e-05, 1.90778919205e-05, 4.07142615586e-05, 4.6768655011e-05, 1.5598074242e-05, 6.29050362022e-07, 6.5554752382e-07]
    },
    "erbbands": {
        "max": [0.120071515441, 1.31112360954, 11.4824399948, 34.0155677795, 99.2036437988, 124.337913513, 127.213378906, 314.128845215, 909.304931641, 651.342407227, 951.878356934, 1269.80725098, 1557.22631836, 2566.71044922, 2620.98754883, 2935.86547852, 1602.08740234, 868.096740723, 1018.07836914, 558.052734375, 478.097015381, 340.801727295, 288.477416992, 236.467987061, 59.4726676941, 18.4873371124, 15.0719556808, 12.6172599792, 9.07746696472, 4.54570055008, 25.2670612335, 21.551820755, 9.46113777161, 3.9875125885, 0.544427156448, 0.091097779572, 0.0426150523126, 0.0151284513995, 0.00347078614868, 0.000381391844712],
        "mean": [0.00694963848218, 0.122060626745, 0.764435231686, 2.23740792274, 4.35343885422, 6.546043396, 13.9180498123, 22.4327411652, 32.1278762817, 25.534532547, 41.8846282959, 57.6180725098, 60.2988548279, 123.805007935, 124.348838806, 108.067642212, 76.532371521, 44.3772277832, 50.756942749, 41.3148345947, 29.683763504, 22.2294960022, 20.5156803131, 21.3877296448, 5.36655426025, 1.87867617607, 1.66250252724, 0.775281369686, 0.512881457806, 0.394133418798, 0.499385297298, 0.45988586545, 0.339915424585, 0.175036713481, 0.0174907967448, 0.00128668243997, 0.000165588586242, 2.36121395574e-05, 1.81344294106e-05, 3.19807986671e-05],
        "min": [2.71373755822e-05, 0.000254677142948, 0.00130992184859, 0.00147616653703, 0.00212458963506, 0.00299562257715, 0.00342911295593, 0.00534533150494, 0.0188749730587, 0.00751734897494, 0.0137553401291, 0.0302613917738, 0.0361263118684, 0.0107401814312, 0.014113268815, 0.0106226187199, 0.0162733308971, 0.0210721828043, 0.0251055713743, 0.0137296551839, 0.0176564510912, 0.00812307465822, 0.00445096194744, 0.00487973308191, 0.00613541621715, 0.00371349905618, 0.00304315122776, 0.00273258984089, 0.0020589469932, 0.00187257013749, 0.00137909443583, 0.00185022514779, 0.0016683882568, 0.0008839998045, 0.000247329153353, 2.43600934482e-05, 1.61067953286e-06, 2.76814972722e-07, 1.52465958081e-07, 5.46791056877e-08],
        "stdev": [0.00995887629688, 0.165129572153, 1.17401206493, 3.12718868256, 6.19005393982, 7.9411649704, 17.4982757568, 36.6275558472, 82.0651855469, 60.0804252625, 92.3137664795, 123.966682434, 124.110710144, 278.97177124, 272.791534424, 244.666809082, 156.571395874, 87.5398635864, 86.6934814453, 57.8832244873, 44.9007644653, 33.9369049072, 27.9779777527, 26.6830234528, 5.95081233978, 1.93064236641, 1.9686434269, 0.979616701603, 0.665919601917, 0.53696835041, 1.22164726257, 1.15726017952, 0.734782338142, 0.312703579664, 0.0342264212668, 0.00283869449049, 0.00115980498958, 0.000406435836339, 9.33623232413e-05, 2.28968565352e-05]
    },
    "gfcc": {
        "mean": [-36.3126411438, 138.996704102, -166.262924194, 15.9343538284, -63.4479942322, 12.6057405472, -46.5969657898, 2.3505795002, -18.7647171021, -21.3224639893, 2.31715559959, -16.3378562927, 3.84722685814],
        "cov": [[3555.59619141, -384.580932617, -868.645874023, -115.74797821, -155.40625, -6.68829584122, 111.046783447, -47.6281013489, -123.792373657, -116.161743164, 141.14201355, -6.76320028305, -60.1598548889], [-384.580932617, 406.359466553, 163.054580688, -45.2113456726, 110.453536987, -55.1349067688, 54.0006790161, -42.3561630249, 38.4330062866, -35.5167427063, -14.600566864, -36.5287399292, 18.9073219299], [-868.645874023, 163.054580688, 593.222290039, 199.172317505, -7.0979681015, 67.0451202393, -120.046051025, 28.7126426697, 17.1926345825, -2.29361367226, -79.6714477539, -60.4323196411, -12.5697813034], [-115.74797821, -45.2113456726, 199.172317505, 322.063934326, 21.0431499481, 18.0406246185, -114.67666626, 30.1181354523, 11.7386665344, 7.99014139175, -47.5322723389, -41.0624542236, -26.7587413788], [-155.40625, 110.453536987, -7.0979681015, 21.0431499481, 200.899993896, 48.851940155, 46.2280387878, -32.6526794434, 7.5750246048, 13.5993509293, -12.6724948883, 8.09560966492, 12.9844388962], [-6.68829584122, -55.1349067688, 67.0451202393, 18.0406246185, 48.851940155, 190.200180054, 30.6912250519, -2.60117053986, -33.3849258423, 0.231233894825, -25.2432117462, -12.6485996246, -3.05225872993], [111.046783447, 54.0006790161, -120.046051025, -114.67666626, 46.2280387878, 30.6912250519, 170.544891357, 15.2937107086, -11.7007236481, -12.8241891861, 7.67531394958, 29.0533790588, 10.4129209518], [-47.6281013489, -42.3561630249, 28.7126426697, 30.1181354523, -32.6526794434, -2.60117053986, 15.2937107086, 95.3596572876, 31.9666652679, 2.60898900032, -9.94883155823, 4.6505522728, -3.48167347908], [-123.792373657, 38.4330062866, 17.1926345825, 11.7386665344, 7.5750246048, -33.3849258423, -11.7007236481, 31.9666652679, 85.0921096802, 36.9466629028, -2.18943929672, 1.22910344601, 2.11877346039], [-116.161743164, -35.5167427063, -2.29361367226, 7.99014139175, 13.5993509293, 0.231233894825, -12.8241891861, 2.60898900032, 36.9466629028, 91.1967697144, 31.4154853821, 11.7102661133, -14.2423677444], [141.14201355, -14.600566864, -79.6714477539, -47.5322723389, -12.6724948883, -25.2432117462, 7.67531394958, -9.94883155823, -2.18943929672, 31.4154853821, 106.015098572, 36.0446662903, -8.06912708282], [-6.76320028305, -36.5287399292, -60.4323196411, -41.0624542236, 8.09560966492, -12.6485996246, 29.0533790588, 4.6505522728, 1.22910344601, 11.7102661133, 36.0446662903, 81.6251983643, 33.7100791931], [-60.1598548889, 18.9073219299, -12.5697813034, -26.7587413788, 12.9844388962, -3.05225872993, 10.4129209518, -3.48167347908, 2.11877346039, -14.2423677444, -8.06912708282, 33.7100791931, 73.7022476196]],
        "icov": [[0.000641841907054, -2.73321020359e-05, 0.0011506639421, -0.000612220086623, 0.000676826864947, -0.00056133500766, -0.000122007390019, 0.000300892454106, -9.62368940236e-05, 0.00103690370452, -0.000752202002332, 0.000529352575541, 0.000272522098385], [-2.73321020359e-05, 0.0125646218657, -0.00696952966973, 0.00247378647327, -0.00672092568129, 0.00722740683705, -0.00846082903445, 0.00770906824619, -0.00895751081407, 0.00802323594689, -0.00606781151146, 0.00919560901821, -0.0035554652568], [0.0011506639421, -0.00696952966973, 0.00842501781881, -0.00326215079986, 0.00500035751611, -0.00595161039382, 0.00573480548337, -0.0042199967429, 0.00433742953464, -0.00253513548523, 0.00296193384565, -0.00355539796874, 0.00217854534276], [-0.000612220086623, 0.00247378647327, -0.00326215079986, 0.00689603714272, -0.00415097782388, 0.00201521953568, 0.00261056702584, -0.00210045231506, -8.76622798387e-05, 0.00019312389486, 0.000953922513872, 0.00128044630401, 0.000718336727004], [0.000676826864947, -0.00672092568129, 0.00500035751611, -0.00415097782388, 0.0118244262412, -0.00604124786332, 0.000673730450217, 0.00109444081318, 0.00164008932188, -0.00385648454539, 0.0030658999458, -0.00502265058458, 0.00108606752474], [-0.00056133500766, 0.00722740683705, -0.00595161039382, 0.00201521953568, -0.00604124786332, 0.0118818823248, -0.00623452663422, 0.00293478788808, -0.000532337056939, 0.00127813918516, -0.00158844364341, 0.00589976226911, -0.00262986845337], [-0.000122007390019, -0.00846082903445, 0.00573480548337, 0.00261056702584, 0.000673730450217, -0.00623452663422, 0.017480397597, -0.0105438577011, 0.00798598211259, -0.00424068886787, 0.0054371887818, -0.00848992075771, 0.00408147741109], [0.000300892454106, 0.00770906824619, -0.0042199967429, -0.00210045231506, 0.00109444081318, 0.00293478788808, -0.0105438577011, 0.0220957249403, -0.0139748323709, 0.00751284603029, -0.00338028976694, 0.00302975578234, -0.00065446679946], [-9.62368940236e-05, -0.00895751081407, 0.00433742953464, -8.76622798387e-05, 0.00164008932188, -0.000532337056939, 0.00798598211259, -0.0139748323709, 0.0276503618807, -0.015248361975, 0.00683324178681, -0.00430620647967, -0.000195959975827], [0.00103690370452, 0.00802323594689, -0.00253513548523, 0.00019312389486, -0.00385648454539, 0.00127813918516, -0.00424068886787, 0.00751284603029, -0.015248361975, 0.024616677314, -0.00984712783247, 0.00352389016189, 0.00261774542741], [-0.000752202002332, -0.00606781151146, 0.00296193384565, 0.000953922513872, 0.0030658999458, -0.00158844364341, 0.0054371887818, -0.00338028976694, 0.00683324178681, -0.00984712783247, 0.0190427303314, -0.0118340309709, 0.00565853482112], [0.000529352575541, 0.00919560901821, -0.00355539796874, 0.00128044630401, -0.00502265058458, 0.00589976226911, -0.00848992075771, 0.00302975578234, -0.00430620647967, 0.00352389016189, -0.0118340309709, 0.0289786886424, -0.0133417965844], [0.000272522098385, -0.0035554652568, 0.00217854534276, 0.000718336727004, 0.00108606752474, -0.00262986845337, 0.00408147741109, -0.00065446679946, -0.000195959975827, 0.00261774542741, 0.00565853482112, -0.0133417965844, 0.0216605011374]]
    },
    "melbands": {
        "max": [0.00106408679858, 0.00429814029485, 0.00563290668651, 0.0080621112138, 0.0036303314846, 0.00599871575832, 0.0149275772274, 0.0057182717137, 0.00768995610997, 0.00873764697462, 0.0075539406389, 0.0107291275635, 0.0120290610939, 0.00877631083131, 0.00442714011297, 0.00468259165064, 0.00194875209127, 0.00159860553686, 0.00123184570111, 0.000678463024087, 0.000633675837889, 0.000365392159438, 0.000663278857246, 0.000209982361412, 0.000231487792917, 9.3965587439e-05, 9.55436917138e-06, 1.30290773086e-05, 1.15492375699e-05, 1.55823254318e-05, 7.31877980797e-06, 4.40039229943e-06, 5.7582901718e-06, 2.80810331788e-06, 8.9530922196e-06, 2.54322021647e-05, 1.27898474602e-05, 7.23407993064e-06, 5.13359555043e-06, 4.64098502562e-06],
        "mean": [8.97998543223e-05, 0.000327125424519, 0.000461379502667, 0.000384991202736, 0.000445862562628, 0.000497455475852, 0.000500489433762, 0.000268832314759, 0.000346375367371, 0.00037219322985, 0.000296677666483, 0.000492653693072, 0.00042026527808, 0.000345338281477, 0.000202388313483, 0.000148289604113, 7.16944559827e-05, 7.71268751123e-05, 6.87779174768e-05, 4.69979531772e-05, 3.15960496664e-05, 2.28373810387e-05, 2.06183285627e-05, 1.77931742655e-05, 1.82079274964e-05, 6.33662239125e-06, 1.40644328894e-06, 1.14019485409e-06, 1.10762334771e-06, 7.83312486874e-07, 3.42544126397e-07, 2.8023666232e-07, 2.82961934772e-07, 1.88059473771e-07, 2.41529647838e-07, 3.76128724611e-07, 2.48206106335e-07, 2.47348594939e-07, 2.08567456639e-07, 1.27447947307e-07],
        "min": [2.84220931235e-07, 6.47614285754e-07, 4.91399703151e-07, 1.48890720197e-07, 1.38980880138e-07, 8.53864321471e-08, 1.82526832759e-07, 6.54798242294e-08, 1.42999269315e-07, 1.93780920199e-07, 1.71487656075e-07, 3.15710195764e-08, 4.03463857879e-08, 3.34347198816e-08, 2.42492763647e-08, 4.06392857144e-08, 3.35665362172e-08, 3.59788536741e-08, 2.40188775535e-08, 2.00178007503e-08, 1.34799424956e-08, 6.36243990826e-09, 3.27816773726e-09, 3.08095970958e-09, 2.99132851822e-09, 3.51870821369e-09, 2.80464318436e-09, 2.2926043286e-09, 1.87811854957e-09, 1.13823994674e-09, 1.31780908408e-09, 9.98285676346e-10, 1.13784170974e-09, 9.48052414351e-10, 6.80045630919e-10, 8.23772494662e-10, 9.04950780978e-10, 8.95103213772e-10, 8.89506801549e-10, 6.1337335211e-10],
        "stdev": [0.000117985160614, 0.000444615841843, 0.000601147825364, 0.000497259199619, 0.000518048589583, 0.000763536372688, 0.00126715388615, 0.000568424526136, 0.000781814334914, 0.000829649565276, 0.000642748549581, 0.00114796007983, 0.00106141669676, 0.000813163642306, 0.000453301443486, 0.000318755861372, 0.000159022092703, 0.000142531542224, 0.000110170782136, 7.56670342525e-05, 5.56760533073e-05, 3.85125058529e-05, 4.60873707198e-05, 2.4089931685e-05, 2.44037419179e-05, 9.09535719984e-06, 1.42305759709e-06, 1.37090353292e-06, 1.32181799017e-06, 1.36239282256e-06, 4.54791859283e-07, 3.60006083611e-07, 4.54197390809e-07, 2.65558924184e-07, 5.10419226885e-07, 1.15202897177e-06, 6.44120632387e-07, 5.74305602186e-07, 3.78290280878e-07, 2.63061167516e-07]
    },
    "melbands128": {
        "max": [0.000209327292396, 0.00103536632378, 0.00161840335932, 0.00261124107055, 0.00595149351284, 0.00842083245516, 0.00820492953062, 0.00766669819131, 0.0113796833903, 0.0113930543885, 0.00703305099159, 0.00388631783426, 0.00558559363708, 0.0118466680869, 0.0113735198975, 0.0102283926681, 0.0154725257307, 0.0274622030556, 0.0195383802056, 0.00632787682116, 0.00536345923319, 0.0124448817223, 0.0136808538809, 0.0113576874137, 0.0164089035243, 0.0162366069853, 0.0236422587186, 0.0110964532942, 0.0116573423147, 0.0230667442083, 0.0165690109134, 0.0198567714542, 0.0241172444075, 0.0140719786286, 0.0207969006151, 0.0166901070625, 0.0117789600044, 0.00911442842335, 0.00786179676652, 0.00784451235086, 0.00951479747891, 0.0060999575071, 0.00197938387282, 0.00331152649596, 0.00358042912558, 0.00224529998377, 0.00497117312625, 0.00247830548324, 0.00101734220516, 0.0018753123004, 0.00115561042912, 0.00123673514463, 0.00117216445506, 0.00125359557569, 0.000745747354813, 0.000568216666579, 0.000773745821789, 0.00145377684385, 0.000710959138814, 0.000405262398999, 0.000347871362465, 0.000357263925252, 0.00043931833352, 0.000577804399654, 0.000376982148737, 5.35489089089e-05, 4.05267128372e-05, 1.95089614863e-05, 1.88448848348e-05, 2.03600011446e-05, 1.81299164979e-05, 2.17985434574e-05, 1.38689474625e-05, 2.13048406295e-05, 1.50741489051e-05, 3.96619398089e-05, 1.41314394568e-05, 1.14388776637e-05, 9.28838380787e-06, 7.31715545044e-06, 3.15839770337e-06, 6.28144425718e-06, 9.32249713514e-06, 7.2121147241e-06, 5.2698987929e-06, 3.75673630515e-06, 3.87185446016e-06, 2.78309607893e-06, 4.35732908954e-06, 1.7734211724e-05, 3.75571362383e-05, 2.63605488726e-05, 1.25968153952e-05, 1.84088985407e-05, 6.83852522343e-06, 9.89681939245e-06, 9.81443827186e-06, 5.90912759435e-06, 7.76830165705e-06, 5.15429155712e-06, 5.11145981363e-06, 8.03536386229e-06, 2.96970983982e-06, 6.01454303251e-07, 1.92328371895e-07, 1.8183867212e-07, 1.71766487256e-07, 1.70315956893e-07, 1.54507375782e-07, 1.44533842672e-07, 1.47271236983e-07, 1.42840065109e-07, 1.34937408802e-07, 1.29286959805e-07, 1.25384715943e-07, 1.21339311931e-07, 1.1754571716e-07, 1.14102270743e-07, 1.10915003404e-07, 1.07931839466e-07, 1.05422742536e-07, 1.0316361454e-07, 1.01065239733e-07, 9.93903768176e-08, 9.78349206093e-08, 9.66792015333e-08, 9.58659711614e-08, 9.53465075781e-08],
        "mean": [1.35736545417e-05, 3.88147018384e-05, 0.000102691890788, 0.000220865826122, 0.000350993999746, 0.000386638566852, 0.00041826456436, 0.000568020273931, 0.000404213264119, 0.000384562648833, 0.000365812593373, 0.000312049523927, 0.000470664992463, 0.000597785459831, 0.000576068181545, 0.000366837630281, 0.000420055410359, 0.000606950721703, 0.000529231096152, 0.000191065162653, 0.000172292930074, 0.000350217887899, 0.000417758477852, 0.000267279072432, 0.000364636885934, 0.000444275821792, 0.000323350803228, 0.000218372573727, 0.000299894687487, 0.000539082975592, 0.000561799504794, 0.000410259497585, 0.000461299205199, 0.000352982082404, 0.000399899989134, 0.000342532584909, 0.000272710632998, 0.000174947519554, 0.000187764395378, 0.000167154401424, 0.000145300524309, 0.00011154620006, 6.01462488703e-05, 5.96077334194e-05, 6.44466854283e-05, 7.14207926649e-05, 0.000112333262223, 6.63736864226e-05, 5.0870814448e-05, 5.703410352e-05, 4.61911440652e-05, 3.89644046663e-05, 3.68778310076e-05, 2.46245599556e-05, 2.68581843557e-05, 2.36595078604e-05, 1.68076476257e-05, 2.66918032139e-05, 1.81746363523e-05, 1.62725973496e-05, 1.88394133147e-05, 1.8278376956e-05, 1.60119361681e-05, 2.19312350964e-05, 1.69497761817e-05, 3.02853095491e-06, 2.45417095357e-06, 1.43594513702e-06, 1.22510493838e-06, 1.1201924508e-06, 1.14808563012e-06, 1.2174875792e-06, 1.01861758139e-06, 1.24584880723e-06, 8.48919398777e-07, 1.16045771392e-06, 4.94553319186e-07, 3.67054781236e-07, 3.14148451253e-07, 3.6101229739e-07, 2.41236278953e-07, 2.6330431524e-07, 3.11201461045e-07, 3.10462041853e-07, 2.49132057206e-07, 1.74328476987e-07, 1.89159010233e-07, 1.54977954026e-07, 2.06485097465e-07, 3.17508323633e-07, 4.35402768062e-07, 4.08959039078e-07, 2.53877118439e-07, 2.40010450625e-07, 2.32406222267e-07, 2.67081105676e-07, 2.62379330707e-07, 2.03917053909e-07, 2.22447624765e-07, 2.06865109931e-07, 1.65558319054e-07, 1.22638866173e-07, 7.15452657118e-08, 1.72749476945e-08, 3.78693298941e-09, 2.46498510492e-09, 2.31818253482e-09, 1.65045288547e-09, 1.30182509217e-09, 1.41271239151e-09, 1.06730202454e-09, 3.68820751717e-10, 2.23769530683e-10, 1.43220199589e-10, 1.29178029384e-10, 1.22939436409e-10, 1.05793644678e-10, 9.88125553603e-11, 9.61938445565e-11, 9.34570545952e-11, 9.11857117591e-11, 8.92111176598e-11, 8.74093714076e-11, 8.59132556763e-11, 8.45069708655e-11, 8.33855762217e-11, 8.26107030005e-11, 8.2152076808e-11],
        "min": [1.68864122685e-09, 2.10871977657e-08, 6.74311237958e-08, 2.49377961836e-07, 6.810381592e-08, 4.37475904391e-07, 2.25668514986e-07, 1.70404760524e-07, 1.25668719875e-07, 1.10674385212e-07, 1.60462121812e-07, 1.94807739717e-07, 5.4850147535e-08, 2.17292210891e-08, 2.88158155115e-08, 4.32189963817e-08, 8.03407971262e-08, 1.60091445878e-07, 9.10356803274e-08, 7.44332311342e-08, 6.14141271171e-08, 2.80642815653e-08, 1.14434854481e-07, 1.9901900572e-08, 7.6066591248e-08, 7.28753590806e-08, 1.02540568037e-07, 4.89938685178e-08, 4.70402428121e-09, 2.92273192315e-08, 1.75732779439e-08, 1.80684640583e-08, 8.1509732297e-09, 1.27794077542e-08, 1.37950646462e-08, 1.55330397433e-08, 1.35271402968e-08, 5.31090638134e-09, 9.15668252333e-09, 1.61087747585e-08, 7.22136306308e-09, 1.18697291995e-08, 1.25439925114e-08, 1.65644564731e-08, 2.07510737482e-08, 2.61877382002e-08, 1.60773279134e-08, 7.3002848211e-09, 3.45620199127e-09, 1.9332428991e-08, 1.61302349255e-08, 1.50380348174e-08, 6.06140870829e-09, 7.96329047148e-09, 7.04887703762e-09, 2.12762563123e-09, 2.36906605444e-09, 1.47284795471e-09, 3.34634719934e-09, 2.18547069331e-09, 2.11942352557e-09, 2.22012808138e-09, 1.36936539885e-09, 1.7810476427e-09, 1.3111406405e-09, 1.67429525799e-09, 2.40039410571e-09, 1.6595135266e-09, 7.43930639313e-10, 1.56288015862e-09, 9.79794467781e-10, 1.90816917822e-10, 1.06003816835e-09, 1.23426091569e-09, 8.6638246577e-10, 6.19786832967e-10, 9.49652134707e-10, 6.99082569611e-10, 6.46688647077e-10, 5.35585020778e-10, 4.87922591219e-10, 4.62985677574e-10, 4.14314804686e-10, 6.90625501232e-10, 1.58332971734e-10, 8.58127319203e-11, 3.26152299612e-10, 3.31833976963e-10, 3.49340500971e-10, 2.40313574595e-10, 2.24255600201e-10, 2.47218551186e-10, 4.10901729309e-10, 3.01780211931e-10, 2.21573329129e-10, 5.78760539494e-10, 4.08182626588e-10, 1.4910142565e-10, 5.26002130741e-10, 7.30535562599e-11, 2.32341326734e-10, 3.00613672843e-10, 2.4755941741e-10, 3.17186901744e-11, 2.13946720583e-12, 2.72558776764e-12, 3.51021607614e-11, 4.06792611748e-12, 6.859439774e-13, 4.74176308028e-13, 2.50180139192e-13, 2.66986601013e-13, 1.96212322648e-13, 2.08130835158e-13, 1.93582183703e-13, 1.75788935275e-13, 1.58690701096e-13, 1.6590518564e-13, 1.58860419394e-13, 1.41593483357e-13, 1.6828705584e-13, 1.52959689728e-13, 1.59133164003e-13, 1.33292587579e-13, 1.26772263477e-13, 4.534592916e-14, 7.00292620659e-15, 2.0478632186e-16],
        "stdev": [1.79914350156e-05, 7.08153675077e-05, 0.000156791691552, 0.000340165977832, 0.000556920422241, 0.000686835905071, 0.000660320511088, 0.000853769248351, 0.000684511091094, 0.000657138472889, 0.000490910431836, 0.0004481972137, 0.000680754252244, 0.00113679829519, 0.00122412689961, 0.0007771627279, 0.00131585169584, 0.00197342876345, 0.0018053711392, 0.000568288087379, 0.000418050709413, 0.000929476635065, 0.0012395195663, 0.000813524588011, 0.00108201254625, 0.00133815745357, 0.00111358275171, 0.00079501606524, 0.000989766442217, 0.00168842822313, 0.00173654314131, 0.00147061794996, 0.00186628592201, 0.00107640854549, 0.00129314803053, 0.00121828122064, 0.000941362988669, 0.00061604991788, 0.000649667403195, 0.000495219894219, 0.000465282995719, 0.000423049874371, 0.000142543387483, 0.000208376222872, 0.000220124959014, 0.000155762041686, 0.000297003163723, 0.000178035203135, 0.000105685801827, 0.000147970262333, 0.000101933313999, 0.00010090458818, 8.82773165358e-05, 6.82810859871e-05, 6.4056897827e-05, 5.78071594646e-05, 4.60476876469e-05, 8.37290717755e-05, 4.60826558992e-05, 3.33868447342e-05, 3.4807366319e-05, 3.04250243062e-05, 3.02587650367e-05, 4.55499430245e-05, 3.08631424559e-05, 4.5595352276e-06, 3.81347945222e-06, 1.95841471395e-06, 1.82070027677e-06, 1.61274670063e-06, 1.94031622414e-06, 1.88159708614e-06, 1.49048105413e-06, 2.03389708986e-06, 1.32091611249e-06, 3.06918263959e-06, 8.19755143766e-07, 6.04356216627e-07, 5.17389082688e-07, 6.26353141797e-07, 3.40458484516e-07, 4.35674365917e-07, 5.9583805978e-07, 5.77737978347e-07, 4.4041576075e-07, 3.00627533534e-07, 3.02377060279e-07, 2.16444689727e-07, 3.70829098983e-07, 9.55559471549e-07, 1.58764873959e-06, 1.29337672661e-06, 6.89311377755e-07, 8.29249756862e-07, 4.99834982293e-07, 6.29911312444e-07, 6.97033669894e-07, 4.70041896961e-07, 4.36694591599e-07, 3.53820411192e-07, 3.47254399458e-07, 3.32526127522e-07, 1.84753588428e-07, 3.8762014043e-08, 7.83597542409e-09, 6.06422156935e-09, 5.48609513373e-09, 5.07882180756e-09, 4.52362369785e-09, 4.34244640246e-09, 4.1672767459e-09, 3.97344779302e-09, 3.67637897902e-09, 3.47564466097e-09, 3.369373891e-09, 3.26078719581e-09, 3.15884629565e-09, 3.06632119695e-09, 2.98059488202e-09, 2.90047097451e-09, 2.83306689219e-09, 2.77228306977e-09, 2.7159463567e-09, 2.67091415651e-09, 2.62908583792e-09, 2.59806154368e-09, 2.57621168842e-09, 2.56225529682e-09]
    },
    "mfcc": {
        "mean": [-658.251098633, 154.468963623, -30.8431758881, -2.95373272896, 7.50975656509, -9.86982917786, -2.18778848648, 2.83031415939, -8.24437618256, -4.65909099579, -5.60000133514, -4.77483844757, -7.0859041214],
        "cov": [[4174.96533203, -551.990234375, -741.330688477, -224.05682373, -299.732269287, -97.8740081787, 112.629341125, 53.1529960632, -217.637832642, -63.6179084778, 22.7324085236, 0.451595276594, -71.8584747314], [-551.990234375, 504.191558838, -10.9694252014, -5.43685817719, -8.60347175598, 35.0669059753, 14.2076101303, 12.5932397842, 38.1535606384, 2.90251612663, -18.0865421295, -11.5277166367, 18.2632026672], [-741.330688477, -10.9694252014, 573.97479248, 112.485649109, 154.75604248, -5.95006275177, -48.6554450989, -20.2318954468, 36.1903381348, 26.5398540497, 2.7424993515, -24.820350647, -47.5562438965], [-224.05682373, -5.43685817719, 112.485649109, 225.976364136, 103.814910889, -16.9476737976, -52.0151824951, -19.8791885376, 27.5189571381, 1.19587492943, 2.48431229591, 16.2406387329, -7.93414497375], [-299.732269287, -8.60347175598, 154.75604248, 103.814910889, 204.88420105, 60.6337661743, -20.4621391296, -25.0526199341, 21.6410427094, 21.7788963318, -9.80406761169, -12.8706407547, -7.89790964127], [-97.8740081787, 35.0669059753, -5.95006275177, -16.9476737976, 60.6337661743, 161.798416138, 62.8040161133, 3.02375721931, 20.8457679749, 13.7150096893, -9.1500120163, -22.1294078827, 16.6768836975], [112.629341125, 14.2076101303, -48.6554450989, -52.0151824951, -20.4621391296, 62.8040161133, 127.372032166, 41.2467918396, -9.761510849, -7.4178404808, -5.77470350266, -5.66713380814, 3.33077979088], [53.1529960632, 12.5932397842, -20.2318954468, -19.8791885376, -25.0526199341, 3.02375721931, 41.2467918396, 92.0451049805, 32.7375183105, -3.72038578987, -8.61368751526, -6.84105205536, 4.20703840256], [-217.637832642, 38.1535606384, 36.1903381348, 27.5189571381, 21.6410427094, 20.8457679749, -9.761510849, 32.7375183105, 103.123100281, 28.7913398743, -10.8704586029, -16.4755992889, -2.23113250732], [-63.6179084778, 2.90251612663, 26.5398540497, 1.19587492943, 21.7788963318, 13.7150096893, -7.4178404808, -3.72038578987, 28.7913398743, 69.2531814575, 27.9833755493, -8.22414302826, -10.7796850204], [22.7324085236, -18.0865421295, 2.7424993515, 2.48431229591, -9.80406761169, -9.1500120163, -5.77470350266, -8.61368751526, -10.8704586029, 27.9833755493, 74.8990707397, 29.9893894196, -6.03117656708], [0.451595276594, -11.5277166367, -24.820350647, 16.2406387329, -12.8706407547, -22.1294078827, -5.66713380814, -6.84105205536, -16.4755992889, -8.22414302826, 29.9893894196, 89.112701416, 33.5940246582], [-71.8584747314, 18.2632026672, -47.5562438965, -7.93414497375, -7.89790964127, 16.6768836975, 3.33077979088, 4.20703840256, -2.23113250732, -10.7796850204, -6.03117656708, 33.5940246582, 84.0294113159]],
        "icov": [[0.000470894650789, 0.000465080025606, 0.000559563515708, -2.49539225479e-05, 0.000202801180421, 1.42313529068e-05, -4.97087530675e-05, -0.000449919432867, 0.000813877093606, -0.000184116172022, 0.000137365204864, 5.89246956224e-05, 0.000640960701276], [0.000465080025606, 0.00256118038669, 0.000520163157489, -9.62913836702e-05, 0.000556127401069, -0.000355765310815, -0.000174492510268, -0.000248178781476, 1.86171582754e-05, -0.000137645489303, 0.000426836137194, 0.000228405275266, 0.000190733582713], [0.000559563515708, 0.000520163157489, 0.00307720829733, -0.000227962751524, -0.00159137160517, 0.000730990373995, 5.55648002774e-05, -0.000468863989227, 0.000417975737946, -0.000115690825623, -0.000252862024354, 0.00042285915697, 0.00162115227431], [-2.49539225479e-05, -9.62913836702e-05, -0.000227962751524, 0.0071377675049, -0.00386347691528, 0.0015488313511, 0.00108348461799, 0.000656013668049, -0.002428334672, 0.00229609338567, -0.000932798546273, -0.00157703831792, 0.000591829535551], [0.000202801180421, 0.000556127401069, -0.00159137160517, -0.00386347691528, 0.0102610932663, -0.00485446490347, 0.00156168302055, 0.00031874270644, 0.00178075535223, -0.00305024557747, 0.00277752242982, -0.000401019380661, 0.000652809743769], [1.42313529068e-05, -0.000355765310815, 0.000730990373995, 0.0015488313511, -0.00485446490347, 0.0120870834216, -0.00701150624081, 0.00346484547481, -0.00349535769783, 0.000252173369518, -0.00168008904438, 0.00329524930567, -0.00359969143756], [-4.97087530675e-05, -0.000174492510268, 5.55648002774e-05, 0.00108348461799, 0.00156168302055, -0.00701150624081, 0.0146974781528, -0.00733225326985, 0.00438650185242, -0.000160022056662, 0.00120168097783, -0.00185139174573, 0.00237435940653], [-0.000449919432867, -0.000248178781476, -0.000468863989227, 0.000656013668049, 0.00031874270644, 0.00346484547481, -0.00733225326985, 0.0178088527173, -0.00878962129354, 0.00309519516304, -0.00117677683011, 0.0014482641127, -0.00229267659597], [0.000813877093606, 1.86171582754e-05, 0.000417975737946, -0.002428334672, 0.00178075535223, -0.00349535769783, 0.00438650185242, -0.00878962129354, 0.0184286125004, -0.00872856471688, 0.00509456172585, -0.00017775168817, 0.00163277809042], [-0.000184116172022, -0.000137645489303, -0.000115690825623, 0.00229609338567, -0.00305024557747, 0.000252173369518, -0.000160022056662, 0.00309519516304, -0.00872856471688, 0.0243254713714, -0.0120818028226, 0.004110455513, -8.32242149045e-05], [0.000137365204864, 0.000426836137194, -0.000252862024354, -0.000932798546273, 0.00277752242982, -0.00168008904438, 0.00120168097783, -0.00117677683011, 0.00509456172585, -0.0120818028226, 0.0229537244886, -0.00943380407989, 0.00440368242562], [5.89246956224e-05, 0.000228405275266, 0.00042285915697, -0.00157703831792, -0.000401019380661, 0.00329524930567, -0.00185139174573, 0.0014482641127, -0.00017775168817, 0.004110455513, -0.00943380407989, 0.0190932117403, -0.00838742032647], [0.000640960701276, 0.000190733582713, 0.00162115227431, 0.000591829535551, 0.000652809743769, -0.00359969143756, 0.00237435940653, -0.00229267659597, 0.00163277809042, -8.32242149045e-05, 0.00440368242562, -0.00838742032647, 0.0178790185601]]
    },
    "spectral_contrast_coeffs": {
        "max": [-0.443945646286, -0.501861810684, -0.449188321829, -0.601517796516, -0.58079969883, -0.71385884285],
        "mean": [-0.684001028538, -0.735882520676, -0.708233952522, -0.756279528141, -0.743450284004, -0.794539034367],
        "min": [-0.862087726593, -0.91072177887, -0.912446439266, -0.892690658569, -0.904301702976, -0.943494737148],
        "stdev": [0.0645928457379, 0.0789356678724, 0.0805081129074, 0.0534609742463, 0.0437481850386, 0.0270165912807]
    },
    "spectral_contrast_valleys": {
        "max": [-5.50201511383, -5.00252628326, -5.46861839294, -5.69572114944, -6.73844861984, -9.2800951004],
        "mean": [-7.04944562912, -6.5543422699, -7.0670466423, -7.40290689468, -8.09150218964, -10.9650621414],
        "min": [-9.74290752411, -9.45266914368, -10.4268817902, -10.2253704071, -10.7976007462, -13.5198364258],
        "stdev": [0.615854382515, 0.619539797306, 0.705199956894, 0.67046892643, 0.713919818401, 0.767681419849]
    }
},
"rhythm": {
    "beats_count": 99,
    "beats_loudness": {
        "max": 0.0838093981147,
        "mean": 0.034039452672,
        "min": 0.000329348520609,
        "stdev": 0.0178552381694
    },
    "bpm": 184.57019043,
    "bpm_histogram_first_peak_bpm": 185,
    "bpm_histogram_first_peak_weight": 0,
    "bpm_histogram_second_peak_bpm": 191,
    "bpm_histogram_second_peak_spread": 0,
    "bpm_histogram_second_peak_weight": 0.224489793181,
    "danceability": 0.977482020855,
    "onset_rate": 2.89160132408,
    "beats_loudness_band_ratio": {
        "max": [0.796623885632, 0.661496818066, 0.783875644207, 0.842897355556, 0.382426947355, 0.147234395146],
        "mean": [0.153383418918, 0.161432743073, 0.264431804419, 0.336647868156, 0.1027803123, 0.0151694063097],
        "min": [0.00237770169042, 0.00756526412442, 0.0235569141805, 0.0106817036867, 0.00532976677641, 0.00042336867773],
        "stdev": [0.179994389415, 0.14260712266, 0.205129787326, 0.259719014168, 0.074030674994, 0.0196814481169]
    },
