{
"metadata": {
    "version": {
        "essentia": "2.1-beta5",
        "essentia_git_sha": "Undefined",
        "extractor": "music 2.0"
    },
    "audio_properties": {
        "analysis": {
            "equal_loudness": 0,
            "length": 32.4963264465,
            "sample_rate": 44100,
            "start_time": 12.7477550507,
            "downmix": "mix"
        },
        "bit_rate": 192000,
        "length": 157.605453491,
        "lossless": 0,
        "number_channels": 2,
        "replay_gain": -15.2633323669,
        "sample_rate": 48000,
        "codec": "mp3",
        "md5_encoded": "97ac904fb8b79b07876d01a07797b4a6"
    },
    "tags": {
        "file_name": "Monaco_Maman, Maman_Jean-Jacques.mp3",
        "encoding": ["Lavf58.29.100"]
    }
},
"lowlevel": {
    "average_loudness": 0.922469496727,
    "barkbands_crest": {
        "max": 23.3753967285,
        "mean": 9.66081428528,
        "min": 2.94215488434,
        "stdev": 3.79593396187
    },
    "barkbands_flatness_db": {
        "max": 0.32525703311,
        "mean": 0.20015026629,
        "min": 0.0936278551817,
        "stdev": 0.0375702902675
    },
    "barkbands_kurtosis": {
        "max": 35.275680542,
        "mean": 2.70825958252,
        "min": -1.81906116009,
        "stdev": 4.45297288895
    },
    "barkbands_skewness": {
        "max": 4.67471837997,
        "mean": 1.08910942078,
        "min": -3.22890543938,
        "stdev": 1.0530807972
    },
    "barkbands_spread": {
        "max": 64.4374237061,
        "mean": 14.6240491867,
        "min": 1.96557712555,
        "stdev": 8.52836036682
    },
    "dissonance": {
        "max": 0.499533236027,
        "mean": 0.448898851871,
        "min": 0.205055743456,
        "stdev": 0.0338399931788
    },
    "dynamic_complexity": 2.74624991417,
    "erbbands_crest": {
        "max": 32.1553688049,
        "mean": 10.6633958817,
        "min": 3.41336560249,
        "stdev": 4.85192108154
    },
    "erbbands_flatness_db": {
        "max": 0.386950433254,
        "mean": 0.23512519896,
        "min": 0.11195858568,
        "stdev": 0.0442352220416
    },
    "erbbands_kurtosis": {
        "max": 56.1893043518,
        "mean": 0.887428879738,
        "min": -1.81844842434,
        "stdev": 3.11257958412
    },
    "erbbands_skewness": {
        "max": 2.61529111862,
        "mean": 0.251317560673,
        "min": -6.44033384323,
        "stdev": 0.876676678658
    },
    "erbbands_spread": {
        "max": 99.8484573364,
        "mean": 25.2863140106,
        "min": 2.92611408234,
        "stdev": 12.0756387711
    },
    "hfc": {
        "max": 165.628601074,
        "mean": 17.0521678925,
        "min": 0.265069067478,
        "stdev": 15.2712154388
    },
    "loudness_ebu128": {
        "integrated": -9.38584136963,
        "loudness_range": 3.84734153748,
        "momentary": {
            "max": -5.54196548462,
            "mean": -9.92670154572,
            "min": -16.9956035614,
            "stdev": 2.31466460228
        },
        "short_term": {
            "max": -7.36589622498,
            "mean": -9.67680168152,
            "min": -13.1506977081,
            "stdev": 1.37578368187
        }
    },
    "melbands_crest": {
        "max": 29.4033508301,
        "mean": 12.6088867188,
        "min": 3.42777061462,
        "stdev": 4.60858631134
    },
    "melbands_flatness_db": {
        "max": 0.395834892988,
        "mean": 0.229943543673,
        "min": 0.0733831003308,
        "stdev": 0.0511848554015
    },
    "melbands_kurtosis": {
        "max": 80.4644699097,
        "mean": 6.35961675644,
        "min": -1.84767174721,
        "stdev": 9.68215942383
    },
    "melbands_skewness": {
        "max": 7.07899808884,
        "mean": 1.69507980347,
        "min": -1.72800469398,
        "stdev": 1.27477419376
    },
    "melbands_spread": {
        "max": 153.275741577,
        "mean": 21.3808441162,
        "min": 1.50964236259,
        "stdev": 16.6591758728
    },
    "pitch_salience": {
        "max": 0.865045309067,
        "mean": 0.566215932369,
        "min": 0.216155841947,
        "stdev": 0.100339874625
    },
    "silence_rate_20dB": {
        "max": 1,
        "mean": 1,
        "min": 1,
        "stdev": 0
    },
    "silence_rate_30dB": {
        "max": 1,
        "mean": 1,
        "min": 1,
        "stdev": 0
    },
    "silence_rate_60dB": {
        "max": 1,
        "mean": 0.0521056391299,
        "min": 0,
        "stdev": 0.222240820527
    },
    "spectral_centroid": {
        "max": 3813.46655273,
        "mean": 1085.41699219,
        "min": 211.119338989,
        "stdev": 589.277770996
    },
    "spectral_complexity": {
        "max": 35,
        "mean": 15.5017843246,
        "min": 2,
        "stdev": 6.05590009689
    },
    "spectral_decrease": {
        "max": -1.50701728874e-10,
        "mean": -5.24399368373e-09,
        "min": -2.12159978474e-08,
        "stdev": 3.68066621625e-09
    },
    "spectral_energy": {
        "max": 0.0862584188581,
        "mean": 0.0213387254626,
        "min": 0.000597146921791,
        "stdev": 0.014989670366
    },
    "spectral_energyband_high": {
        "max": 0.00305718206801,
        "mean": 0.000121016892081,
        "min": 1.60111449077e-06,
        "stdev": 0.000217715569306
    },
    "spectral_energyband_low": {
        "max": 0.0324230417609,
        "mean": 0.00279312254861,
        "min": 1.61050447787e-05,
        "stdev": 0.00376358814538
    },
    "spectral_energyband_middle_high": {
        "max": 0.0680386424065,
        "mean": 0.00723666744307,
        "min": 4.5683587814e-05,
        "stdev": 0.00917046424001
    },
    "spectral_energyband_middle_low": {
        "max": 0.0730412602425,
        "mean": 0.0123408436775,
        "min": 0.000290653289994,
        "stdev": 0.0103726591915
    },
    "spectral_entropy": {
        "max": 8.20564746857,
        "mean": 7.06115674973,
        "min": 6.02710103989,
        "stdev": 0.341553658247
    },
    "spectral_flux": {
        "max": 0.283345460892,
        "mean": 0.0764273554087,
        "min": 0.0124119622633,
        "stdev": 0.0401218794286
    },
    "spectral_kurtosis": {
        "max": 30.544719696,
        "mean": 8.64999389648,
        "min": -0.685384988785,
        "stdev": 5.06857872009
    },
    "spectral_rms": {
        "max": 0.00917357951403,
        "mean": 0.00427731825039,
        "min": 0.000763270829339,
        "stdev": 0.00158833328169
    },
    "spectral_rolloff": {
        "max": 6180.02929688,
        "mean": 1255.56677246,
        "min": 150.732421875,
        "stdev": 798.993896484
    },
    "spectral_skewness": {
        "max": 4.81628608704,
        "mean": 1.99250173569,
        "min": 0.2873878479,
        "stdev": 0.630382657051
    },
    "spectral_spread": {
        "max": 7872235,
        "mean": 2906423.25,
        "min": 1537886.875,
        "stdev": 881489.625
    },
    "spectral_strongpeak": {
        "max": 17.214471817,
        "mean": 1.68048369884,
        "min": 0.0203383415937,
        "stdev": 1.95804417133
    },
    "zerocrossingrate": {
        "max": 0.1689453125,
        "mean": 0.0471980795264,
        "min": 0.00830078125,
        "stdev": 0.0214065201581
    },
    "barkbands": {
        "max": [0.000299821927911, 0.0116645665839, 0.0189359579235, 0.0266235359013, 0.0397504456341, 0.053375415504, 0.0392228886485, 0.0355128869414, 0.0446011126041, 0.0621858425438, 0.0314565300941, 0.042547352612, 0.027498004958, 0.0296735782176, 0.0128970807418, 0.023616341874, 0.0599291846156, 0.00588075118139, 0.0177227463573, 0.00111895450391, 0.00162801938131, 0.000395516457502, 0.000559659092687, 0.00288564013317, 9.23440384213e-05, 5.63750006677e-07, 5.52659713549e-08],
        "mean": [2.14006522583e-05, 0.000731702428311, 0.00131740188226, 0.00143514596857, 0.00232532713562, 0.00319341407157, 0.00165656884201, 0.000929969595745, 0.0021620884072, 0.00156244251411, 0.000744840421248, 0.00099016178865, 0.0010017293971, 0.000967544387095, 0.000548408017494, 0.000484712218167, 0.000326453795424, 0.000321297033224, 0.000450222927611, 8.27995681902e-05, 3.09301212837e-05, 1.6169697119e-05, 1.96148102987e-05, 1.31447422973e-05, 5.2264599617e-06, 3.89576637616e-09, 1.09477982235e-09],
        "min": [3.42362476147e-08, 3.68820383301e-06, 1.31438093831e-06, 2.06724416785e-06, 1.35149343805e-06, 1.97747212951e-05, 1.23825680021e-06, 8.73276349012e-07, 3.97776102545e-06, 4.29620627074e-07, 7.98530891188e-07, 7.84241592555e-07, 9.33127864755e-07, 4.68479328219e-07, 6.68838538331e-07, 2.93830538567e-07, 4.71364387522e-07, 4.79224240735e-07, 2.97328710985e-07, 4.5923786729e-07, 1.80457234933e-07, 6.60484715809e-08, 1.08744039551e-07, 4.81628717353e-07, 1.70021877466e-07, 4.22167118971e-12, 5.06743778883e-12],
        "stdev": [2.52907666436e-05, 0.00131274736486, 0.00205749692395, 0.0021673485171, 0.00344698922709, 0.00496286805719, 0.00326549215242, 0.00191991019528, 0.00459206895903, 0.00484501430765, 0.00211669970304, 0.00262602441944, 0.00271138339303, 0.00267724739388, 0.00126062694471, 0.00165495066904, 0.0018429576885, 0.000619399070274, 0.00120562687516, 0.000164057448274, 8.33168887766e-05, 3.97358599002e-05, 4.05626560678e-05, 8.01497008069e-05, 8.92219031812e-06, 2.2660714194e-08, 3.03418778991e-09]
    },
    "erbbands": {
        "max": [0.129886835814, 3.71047592163, 23.3963661194, 38.5933151245, 89.2803497314, 114.361694336, 321.654296875, 700.945495605, 685.184936523, 610.25604248, 401.011566162, 1286.4329834, 2329.44702148, 1574.49719238, 1141.62792969, 1643.73266602, 1079.90490723, 1007.15588379, 801.038085938, 745.549987793, 1154.17956543, 3409.37060547, 750.643920898, 1044.56225586, 223.555786133, 76.22215271, 93.7961425781, 25.6690826416, 15.716375351, 11.4439544678, 13.9245147705, 4.11232709885, 81.3102645874, 10.176574707, 0.335981339216, 0.0161236058921, 0.00170426489785, 0.000291437725537, 8.33105295897e-05, 0.000109228407382],
        "mean": [0.0113854175434, 0.207782924175, 1.28047728539, 3.56422948837, 7.08336257935, 6.82813739777, 13.7619180679, 31.2674293518, 27.7056980133, 19.3043479919, 23.9433383942, 48.5652923584, 56.4144821167, 35.7825469971, 34.6048355103, 41.4702072144, 39.7530441284, 48.6643180847, 35.3801727295, 29.9273738861, 21.7393703461, 20.1606044769, 20.7429771423, 29.561050415, 8.97583580017, 4.08382749557, 2.01432561874, 0.819185316563, 0.573371529579, 0.46093967557, 0.589939415455, 0.299519091845, 0.242160618305, 0.107234433293, 0.0139464214444, 0.000407867570175, 3.63978797395e-05, 7.21430114936e-06, 1.21145340017e-05, 2.53407415585e-05],
        "min": [8.90853261808e-05, 0.0012735594064, 0.0016716895625, 0.00448123598471, 0.00770234130323, 0.00782282091677, 0.0286509357393, 0.137818232179, 0.0831314101815, 0.0291344467551, 0.0875072777271, 0.092632599175, 0.151599600911, 0.0823089927435, 0.0466674752533, 0.109347492456, 0.0529486909509, 0.0345242545009, 0.0501515343785, 0.0389833450317, 0.0222910847515, 0.0287596806884, 0.0417424552143, 0.0183687210083, 0.0205455161631, 0.0180904604495, 0.0161878690124, 0.00461051613092, 0.00171368930023, 0.00351370405406, 0.00284847756848, 0.00867805443704, 0.00779610034078, 0.00393685512245, 0.000365686137229, 2.44230359385e-05, 2.0653340016e-06, 3.10176773155e-07, 3.85031597716e-07, 7.06559092123e-07],
        "stdev": [0.0128895211965, 0.390706658363, 2.09169363976, 4.52083015442, 11.3305263519, 10.6074666977, 21.5605869293, 61.2145805359, 56.543258667, 33.2153129578, 36.9239273071, 103.768341064, 153.55645752, 101.682037354, 80.7244338989, 107.718444824, 98.00415802, 108.304748535, 78.6500854492, 62.9617652893, 76.255569458, 107.268341064, 44.5641479492, 72.380569458, 19.0612545013, 8.11097145081, 4.9096198082, 2.00238633156, 1.4161798954, 1.02592372894, 1.20702183247, 0.524270772934, 2.219591856, 0.317442983389, 0.026612482965, 0.000790571677499, 7.04787235009e-05, 1.29141317302e-05, 8.626955605e-06, 1.77677538886e-05]
    },
    "gfcc": {
        "mean": [-55.063747406, 152.487548828, -156.183334351, 26.7446880341, -63.7580871582, 8.01446628571, -43.1888809204, 1.12641918659, -13.9299678802, -21.6808757782, 7.4965634346, -23.7056083679, 3.23930072784],
        "cov": [[2177.39526367, -254.869369507, -651.711791992, -46.7997932434, 7.39495754242, -214.806427002, 46.8395690918, -24.3123264313, -58.0051574707, 16.6173305511, 52.442035675, 5.97229146957, -82.6201705933], [-254.869369507, 659.860595703, 116.507385254, -248.596984863, 200.246765137, -80.1258621216, 42.9351882935, -89.6991271973, 36.920791626, -65.5322952271, 10.1115264893, -28.990650177, 27.7313499451], [-651.711791992, 116.507385254, 689.883728027, 152.570739746, -129.509033203, 263.494171143, -82.1238174438, -12.7975254059, 34.6801834106, -28.4166069031, -116.493225098, 8.29884338379, -16.4713802338], [-46.7997932434, -248.596984863, 152.570739746, 391.772674561, -12.1804990768, 56.8651275635, -31.7009544373, 11.0413827896, 18.2656402588, 18.0028438568, -74.1324310303, -12.4840288162, -37.5770530701], [7.39495754242, 200.246765137, -129.509033203, -12.1804990768, 325.602294922, -67.6789932251, 34.8474655151, -18.195476532, 15.882478714, -20.7687416077, 5.56016635895, -47.4032440186, -5.41953229904], [-214.806427002, -80.1258621216, 263.494171143, 56.8651275635, -67.6789932251, 293.375366211, 17.5600280762, 0.309679567814, -15.9421834946, 11.915725708, -46.7639579773, -7.46963262558, -15.8846445084], [46.8395690918, 42.9351882935, -82.1238174438, -31.7009544373, 34.8474655151, 17.5600280762, 207.966567993, 26.9343452454, -76.4387893677, 6.35975503922, 57.5167121887, -40.0129432678, -10.8834686279], [-24.3123264313, -89.6991271973, -12.7975254059, 11.0413827896, -18.195476532, 0.309679567814, 26.9343452454, 123.903846741, 13.2025165558, -0.142415985465, 17.3696517944, 1.06957364082, -13.4562501907], [-58.0051574707, 36.920791626, 34.6801834106, 18.2656402588, 15.882478714, -15.9421834946, -76.4387893677, 13.2025165558, 122.12273407, 2.47113776207, -38.6669960022, 26.2308292389, -0.649594604969], [16.6173305511, -65.5322952271, -28.4166069031, 18.0028438568, -20.7687416077, 11.915725708, 6.35975503922, -0.142415985465, 2.47113776207, 96.2439193726, 41.5293922424, -20.1668548584, -0.471984416246], [52.442035675, 10.1115264893, -116.493225098, -74.1324310303, 5.56016635895, -46.7639579773, 57.5167121887, 17.3696517944, -38.6669960022, 41.5293922424, 121.64743042, 3.67426538467, -5.09854841232], [5.97229146957, -28.990650177, 8.29884338379, -12.4840288162, -47.4032440186, -7.46963262558, -40.0129432678, 1.06957364082, 26.2308292389, -20.1668548584, 3.67426538467, 104.286849976, 36.8025474548], [-82.6201705933, 27.7313499451, -16.4713802338, -37.5770530701, -5.41953229904, -15.8846445084, -10.8834686279, -13.4562501907, -0.649594604969, -0.471984416246, -5.09854841232, 36.8025474548, 111.904907227]],
        "icov": [[0.000772337487433, -0.000344309548382, 0.00116499420255, -0.000307783746393, 0.000443647557404, -0.000214440748096, 0.000209863021155, 2.809003945e-06, 0.000621742452495, -0.000335209158948, 0.000792007951532, -0.000593781995121, 0.000969024607912], [-0.000344309548382, 0.0106492619962, -0.00795130897313, 0.00749034574255, -0.00598696200177, 0.006239767652, -0.00589061202481, 0.00750121707097, -0.00693861208856, 0.00411098031327, -0.00318302772939, 0.00320121366531, -0.00184424372856], [0.00116499420255, -0.00795130897313, 0.00990280136466, -0.00636955210939, 0.005564766936, -0.00707024848089, 0.00522745540366, -0.00496310321614, 0.00484000565484, -0.00179370597471, 0.00333615276031, -0.00221610441804, 0.00222813966684], [-0.000307783746393, 0.00749034574255, -0.00636955210939, 0.00883922725916, -0.00474314438179, 0.00500131072477, -0.0043062325567, 0.00439581600949, -0.00368017074652, 8.35875107441e-05, 0.00112694920972, 0.000986087485217, 0.000243217626121], [0.000443647557404, -0.00598696200177, 0.005564766936, -0.00474314438179, 0.00767065444961, -0.00353050976992, 0.00263466965407, -0.00290760956705, 0.00165575672872, 0.000167824633536, 0.00066835276084, 0.000978308147751, 0.000533526588697], [-0.000214440748096, 0.006239767652, -0.00707024848089, 0.00500131072477, -0.00353050976992, 0.00993837695569, -0.00509817898273, 0.00393854919821, -0.00226758187637, -0.000775313994382, 0.00121646863408, 0.000372292037355, 6.81966703269e-05], [0.000209863021155, -0.00589061202481, 0.00522745540366, -0.0043062325567, 0.00263466965407, -0.00509817898273, 0.0112948818132, -0.00590763939545, 0.00727033428848, -0.000813024118543, -0.00120017060544, 0.000509021047037, 0.000546864117496], [2.809003945e-06, 0.00750121707097, -0.00496310321614, 0.00439581600949, -0.00290760956705, 0.00393854919821, -0.00590763939545, 0.0149012459442, -0.00821626093239, 0.00504404213279, -0.00484069855884, 0.00301144295372, -0.000713070854545], [0.000621742452495, -0.00693861208856, 0.00484000565484, -0.00368017074652, 0.00165575672872, -0.00226758187637, 0.00727033428848, -0.00821626093239, 0.0193421989679, -0.00849581509829, 0.00893986877054, -0.00760179292411, 0.00411633076146], [-0.000335209158948, 0.00411098031327, -0.00179370597471, 8.35875107441e-05, 0.000167824633536, -0.000775313994382, -0.000813024118543, 0.00504404213279, -0.00849581509829, 0.0204723589122, -0.0126651478931, 0.0091458549723, -0.00462449295446], [0.000792007951532, -0.00318302772939, 0.00333615276031, 0.00112694920972, 0.00066835276084, 0.00121646863408, -0.00120017060544, -0.00484069855884, 0.00893986877054, -0.0126651478931, 0.021373225376, -0.00847557466477, 0.00550891226158], [-0.000593781995121, 0.00320121366531, -0.00221610441804, 0.000986087485217, 0.000978308147751, 0.000372292037355, 0.000509021047037, 0.00301144295372, -0.00760179292411, 0.0091458549723, -0.00847557466477, 0.0178889743984, -0.00698983110487], [0.000969024607912, -0.00184424372856, 0.00222813966684, 0.000243217626121, 0.000533526588697, 6.81966703269e-05, 0.000546864117496, -0.000713070854545, 0.00411633076146, -0.00462449295446, 0.00550891226158, -0.00698983110487, 0.0130753684789]]
    },
    "melbands": {
        "max": [0.00219548423775, 0.00925547629595, 0.00865805242211, 0.00689977733418, 0.00964396260679, 0.0133019378409, 0.00937123224139, 0.00789490900934, 0.00562243396416, 0.00860727857798, 0.011768382974, 0.00677545974031, 0.00321393180639, 0.0053794416599, 0.00685478188097, 0.00271555990912, 0.00227921665646, 0.00188219395932, 0.0013577148784, 0.00199985061772, 0.00103578087874, 0.0029018537607, 0.00283108069561, 0.000265411945293, 0.00100136140827, 0.000402195291827, 8.32333389553e-05, 5.52224373678e-05, 7.18128794688e-05, 1.95568336494e-05, 1.44226287375e-05, 8.53700930747e-06, 8.33105696074e-06, 1.00654988273e-05, 1.31596470965e-05, 6.03698117629e-06, 2.52742893281e-06, 4.72187093692e-05, 4.61171002826e-05, 1.79615494744e-06],
        "mean": [0.000147003811435, 0.000558611238375, 0.000719560484868, 0.00050462782383, 0.000435888039647, 0.000676004390698, 0.000398036965635, 0.000199788977625, 0.000209550955333, 0.000322685285937, 0.000285776768578, 0.000147960963659, 0.000106971296191, 0.000104064405605, 0.000122206751257, 8.00481357146e-05, 9.60035249591e-05, 6.26555411145e-05, 4.27141894761e-05, 4.20574142481e-05, 1.88718386198e-05, 1.90442351595e-05, 2.00367830985e-05, 1.6101896108e-05, 2.68075818894e-05, 9.5445993793e-06, 3.42283146892e-06, 2.41771135734e-06, 1.47047171595e-06, 7.03304010585e-07, 3.8128024471e-07, 2.99261785131e-07, 3.41828553019e-07, 2.25959084332e-07, 3.28313205955e-07, 3.31004429199e-07, 1.34029718879e-07, 1.66753935105e-07, 1.37131877409e-07, 8.14870517729e-08],
        "min": [1.45727744894e-06, 1.14053295874e-06, 8.87383407644e-07, 6.27933616215e-07, 8.22083165986e-07, 3.76232196686e-06, 4.16232353473e-07, 1.97379236511e-07, 5.97861173901e-07, 5.42369207324e-07, 9.95035236429e-08, 7.2989521982e-08, 1.25395615669e-07, 8.78509638369e-08, 4.52237181037e-08, 1.27983085463e-07, 4.83933213502e-08, 5.69216318524e-08, 5.75544838455e-08, 2.83824324043e-08, 2.49346374659e-08, 2.54977585712e-08, 2.87664647658e-08, 1.88405984147e-08, 1.32955886301e-08, 1.21362333516e-08, 7.20833970291e-09, 9.77351888309e-09, 7.17011916507e-09, 3.23943094571e-09, 1.89502080694e-09, 7.1358680076e-10, 1.58958513019e-09, 2.22396434602e-09, 1.46708556414e-09, 2.66172395236e-09, 4.15779455309e-09, 5.26729504458e-09, 4.52283677177e-09, 2.94724133987e-09],
        "stdev": [0.000221791604417, 0.00088293175213, 0.000950219575316, 0.000757169385906, 0.000654239964206, 0.00118785409722, 0.000774617772549, 0.00039377642679, 0.000373617484001, 0.000717784918379, 0.000795987201855, 0.000438469898654, 0.000258641055552, 0.000276275124634, 0.000420948577812, 0.000207457764191, 0.000234629347688, 0.000167733553099, 9.99159674393e-05, 0.000124880913063, 7.19611125533e-05, 9.54393399297e-05, 8.99540464161e-05, 3.14059398079e-05, 6.94705013302e-05, 2.75922702713e-05, 7.05619413566e-06, 5.31982959728e-06, 3.89495653508e-06, 1.7069930891e-06, 1.01996124613e-06, 7.89780813193e-07, 8.74246552485e-07, 5.87549209285e-07, 7.85204804288e-07, 6.96558402069e-07, 2.5298461992e-07, 1.29826651118e-06, 1.25787471461e-06, 1.49507826563e-07]
    },
    "melbands128": {
        "max": [0.000184012256796, 0.00090463378001, 0.00284330337308, 0.00796615146101, 0.0140758929774, 0.00718195084482, 0.00684916693717, 0.0166053976864, 0.0112967742607, 0.0075668846257, 0.00645457301289, 0.0105893891305, 0.0159211922437, 0.00577316898853, 0.0234848856926, 0.0134526016191, 0.0110800722614, 0.0151099562645, 0.00506199663505, 0.00714267650619, 0.0147304274142, 0.00642299465835, 0.00349022820592, 0.0176845882088, 0.00994251575321, 0.0167119838297, 0.00920451804996, 0.0240219049156, 0.0164437368512, 0.0109969163314, 0.0129483994097, 0.00629817694426, 0.00553165888414, 0.00708464952186, 0.00566754862666, 0.00895349681377, 0.00882335565984, 0.0145373037085, 0.00800188072026, 0.00292854034342, 0.00625329231843, 0.00487309927121, 0.00450983829796, 0.0058714421466, 0.00558935245499, 0.00265512615442, 0.00251038302667, 0.00144251249731, 0.00262328027748, 0.00232815067284, 0.00436694268137, 0.00553188472986, 0.00235495832749, 0.000493609113619, 0.0012692209566, 0.00106082821731, 0.0102580478415, 0.00422241911292, 0.000640500104055, 0.000844836991746, 0.000458165974123, 0.000370240944903, 0.000518749759067, 0.00213122670539, 0.00133793009445, 0.000117737028631, 0.000183855372597, 0.000167059843079, 0.00010656149243, 0.000107079787995, 0.000119195217849, 5.91424977756e-05, 7.84475196269e-05, 0.000164272263646, 4.45278274128e-05, 2.68643689196e-05, 2.31967242144e-05, 1.92627321667e-05, 1.37075585371e-05, 1.53468572535e-05, 1.00945126178e-05, 1.00102615761e-05, 1.37493061629e-05, 1.41377904583e-05, 8.81739015313e-06, 3.81116683457e-06, 8.75702880876e-06, 5.17994667462e-05, 7.69692542235e-06, 9.54920324148e-06, 1.22218771139e-05, 7.10271388016e-06, 3.0181938655e-06, 2.76262790067e-06, 2.92308959615e-06, 4.72420424558e-06, 1.31673368742e-05, 0.000206301236176, 1.48041217471e-05, 3.16390901389e-06, 2.52387258115e-06, 2.70103259936e-06, 1.87446528344e-06, 4.44265879196e-07, 4.56903137547e-08, 1.29689032846e-08, 1.49467780375e-08, 7.03958535908e-09, 7.42123118513e-09, 6.28882546039e-09, 1.82802917248e-09, 1.99926586397e-09, 2.39938557911e-09, 2.25457030822e-09, 1.15371978637e-09, 1.91320315146e-09, 1.23769605676e-09, 3.26947996454e-10, 3.79460962652e-10, 2.5602087117e-10, 2.41207886997e-10, 2.14605083704e-10, 1.91145141382e-10, 1.55269241908e-10, 9.81533673783e-11, 6.52831677606e-11, 6.47060252601e-11, 6.43540915002e-11],
        "mean": [1.75790992216e-05, 7.11056345608e-05, 0.000140466465382, 0.000400289136451, 0.000584402587265, 0.000673297734465, 0.000717940274626, 0.000712445238605, 0.000784244970419, 0.000506148731802, 0.000326167355524, 0.000318988750223, 0.000463653850602, 0.000552879995666, 0.000819093256723, 0.000651429989375, 0.00051704607904, 0.000360622769222, 0.000244755035965, 0.00019443887868, 0.00019944133237, 0.000149575425894, 0.000214435858652, 0.000271895551123, 0.000234108578297, 0.000483097945107, 0.000229495373787, 0.000322366860928, 0.000252605241258, 0.000148662555148, 0.000123371952213, 0.000110410874186, 7.85083175288e-05, 0.000137229915708, 0.000118457421195, 7.42193587939e-05, 0.000113910748041, 0.00015139716561, 0.000121539633255, 3.69847366528e-05, 0.000104149024992, 8.55586331454e-05, 6.55585972709e-05, 0.000138546820381, 9.18511505006e-05, 2.89466461254e-05, 5.65343143535e-05, 3.65200539818e-05, 4.49761137133e-05, 3.44006475643e-05, 3.8596590457e-05, 6.15483804722e-05, 1.46316842802e-05, 5.21704487255e-06, 1.30313446789e-05, 1.58336424647e-05, 3.35642871505e-05, 1.8131431716e-05, 1.36937178468e-05, 2.4484243113e-05, 1.6504449377e-05, 9.95340633381e-06, 1.75058412424e-05, 4.50917214039e-05, 2.05699325306e-05, 4.90123647978e-06, 4.82227642351e-06, 2.9687209917e-06, 3.29697741108e-06, 3.65939831681e-06, 2.31140370488e-06, 1.85625833637e-06, 1.93705750462e-06, 1.4819494254e-06, 8.19752983716e-07, 8.0414815784e-07, 6.10869392403e-07, 4.13270072386e-07, 3.61947030569e-07, 3.46849077459e-07, 2.59416196968e-07, 2.81998410401e-07, 3.67168979665e-07, 4.11982910009e-07, 2.644162862e-07, 1.81332879379e-07, 1.74295450961e-07, 3.74255108682e-07, 2.46839960028e-07, 3.80445698056e-07, 5.01038073253e-07, 2.71737434332e-07, 1.41496030892e-07, 1.21515753904e-07, 1.35772211252e-07, 1.35468511075e-07, 1.32681861942e-07, 2.96755985119e-07, 1.07999952093e-07, 8.95431497838e-08, 9.20279461525e-08, 8.6202888383e-08, 6.73108218052e-08, 2.18089848403e-08, 2.01093741659e-09, 2.600594462e-10, 3.25608762175e-10, 5.49463460842e-11, 2.99389228686e-11, 3.00783946361e-11, 2.06465556457e-11, 1.92431782314e-11, 2.04408746873e-11, 1.88132287526e-11, 1.62812853477e-11, 1.56525278849e-11, 1.22423555668e-11, 5.29161263418e-12, 4.53328433819e-12, 4.185444092e-12, 3.96891026988e-12, 3.84986703975e-12, 3.72855695971e-12, 3.5190082185e-12, 3.29694843475e-12, 3.00332198347e-12, 2.84950080025e-12, 2.81581572295e-12],
        "min": [2.29498304805e-08, 2.03920123454e-07, 1.60048827524e-07, 5.11725716024e-07, 3.43696456184e-07, 6.45731006443e-07, 8.72814098329e-07, 1.07627033685e-06, 8.04624846751e-07, 2.37461549091e-07, 4.57222242289e-08, 4.45470043076e-08, 2.49129954e-07, 5.87149600051e-07, 9.56865733315e-07, 2.24012296712e-07, 2.35742252386e-08, 3.77007324914e-07, 2.00190001465e-07, 6.40226360815e-08, 4.45101946411e-08, 7.05330336359e-08, 3.03201488805e-07, 4.76914806313e-07, 5.05465209244e-07, 1.40295128404e-07, 4.41706831111e-08, 5.81668579969e-08, 4.51531150247e-08, 2.3528285098e-08, 3.25954232494e-08, 3.26755937863e-08, 8.43831813313e-08, 4.70261554142e-08, 3.79153739516e-08, 4.59179609891e-08, 4.82277933145e-08, 1.67840372711e-08, 6.64031629682e-09, 7.23047008933e-08, 1.07565739427e-07, 5.47539578122e-08, 2.69495465943e-08, 4.19723491518e-08, 2.55149146255e-08, 3.02042728606e-08, 2.92458040008e-08, 5.87114925565e-08, 7.60521317034e-08, 2.84500636383e-08, 1.61964361922e-08, 1.08356390527e-08, 1.6428371552e-08, 1.22635608335e-08, 7.20568715806e-09, 1.17191643056e-08, 1.94950509069e-08, 2.32629773222e-08, 1.58431525676e-08, 8.12003886352e-09, 5.70919134191e-09, 4.85243623061e-09, 1.87242576999e-08, 7.38478211915e-09, 3.61034424579e-09, 5.07372011072e-09, 7.73989139446e-09, 3.56653639955e-09, 3.44145667519e-09, 7.044951289e-09, 6.56219567574e-09, 5.37442357285e-09, 2.34308328295e-09, 3.36587624439e-09, 3.95270749465e-09, 1.71436254082e-09, 2.48891152133e-09, 1.37824507362e-09, 2.00933647498e-09, 1.2503539315e-09, 8.64035898385e-10, 2.49861714652e-10, 8.15385758912e-10, 1.46421674785e-09, 2.19020068748e-09, 5.97766669497e-10, 1.96932181673e-09, 2.00971195241e-09, 6.24239937519e-10, 3.63086394284e-10, 1.63281677068e-09, 2.08802863888e-09, 1.96557481402e-09, 2.78353784466e-09, 1.76562964249e-09, 4.03878752664e-09, 3.09131298337e-09, 3.49321016557e-09, 3.74811381931e-09, 2.3592148235e-09, 1.575610864e-09, 1.69696756647e-09, 6.73087641179e-10, 3.03172986715e-10, 4.7363940027e-12, 9.37851684334e-14, 2.06956423976e-14, 2.19479111534e-14, 1.4408396351e-14, 1.70205053529e-14, 1.88081226483e-14, 1.72646727643e-14, 2.02977097071e-14, 1.68115169138e-14, 1.14371013338e-14, 2.02055355818e-14, 1.19170471424e-14, 1.39215379066e-14, 1.88246059094e-14, 1.76110194543e-14, 2.03377523427e-14, 2.15413743023e-14, 1.93213331348e-14, 1.69993108945e-14, 8.07552826286e-15, 4.63030772375e-15, 8.19425920042e-16, 3.62445067258e-17],
        "stdev": [2.01641050808e-05, 7.97623579274e-05, 0.000203296222026, 0.000839357846417, 0.00113840482663, 0.0010448161047, 0.000946556800045, 0.0013078879565, 0.00135657179635, 0.000907656271011, 0.000604138884228, 0.000687068677507, 0.000966255669482, 0.000822180474643, 0.00204137479886, 0.00133039965294, 0.0011406148551, 0.00114297890104, 0.00045019359095, 0.000425030011684, 0.000663564773276, 0.000341983046383, 0.000396275427192, 0.000945332983974, 0.00067370897159, 0.00139931135345, 0.000624250620604, 0.00137425214052, 0.00101385999005, 0.000589562754612, 0.000617872457951, 0.000432952685514, 0.000295536534395, 0.000472611660371, 0.000416412978666, 0.000354184419848, 0.00042368035065, 0.000717985676602, 0.000540571345482, 0.000132838977152, 0.000382058700779, 0.000318634905852, 0.000274277059361, 0.000466175290057, 0.000403148093028, 0.0001230899652, 0.00021659390768, 0.000117414812848, 0.00015240443463, 0.000139285068144, 0.000170723520569, 0.000305447902065, 8.56824044604e-05, 1.99096466531e-05, 5.77313003305e-05, 5.07066142745e-05, 0.000314278935548, 0.00013099804346, 4.58625654574e-05, 7.37927257433e-05, 4.21103359258e-05, 2.80435015156e-05, 3.5295230191e-05, 0.000147907587234, 8.6439154984e-05, 1.12941143016e-05, 1.33763278427e-05, 8.7090247689e-06, 9.64272294368e-06, 1.09083448478e-05, 7.5950365499e-06, 4.99784437125e-06, 5.9190065258e-06, 6.05400191489e-06, 2.48827245741e-06, 2.25567532652e-06, 1.72005138666e-06, 1.19255662412e-06, 1.06824109025e-06, 1.0720643786e-06, 7.4620641044e-07, 7.9513995388e-07, 1.04002469925e-06, 1.18562479656e-06, 7.35217099646e-07, 4.01671485406e-07, 4.75075808026e-07, 2.13654652725e-06, 5.99051304562e-07, 9.18581349652e-07, 1.22170820305e-06, 5.73862962483e-07, 2.87446198399e-07, 2.71840235655e-07, 2.75355830581e-07, 2.87396886733e-07, 4.39024319121e-07, 5.58135616302e-06, 4.44937626298e-07, 1.72496172013e-07, 1.76029146814e-07, 1.83219555083e-07, 1.43660557228e-07, 4.45083081502e-08, 3.90778476245e-09, 8.44531888866e-10, 1.00127739433e-09, 2.57718291152e-10, 2.46043102559e-10, 2.43240705355e-10, 1.14092443826e-10, 1.08194585235e-10, 1.1702808167e-10, 1.11137897496e-10, 8.08608249803e-11, 8.80402833969e-11, 6.67022895251e-11, 1.63645121759e-11, 1.48164449459e-11, 1.08410355346e-11, 9.7745258068e-12, 9.2243105515e-12, 8.67200408705e-12, 7.46843125538e-12, 6.23240825268e-12, 5.12039195766e-12, 4.88312905736e-12, 4.84572494977e-12]
    },
    "mfcc": {
        "mean": [-679.3671875, 162.136535645, -19.3957118988, 9.23396205902, 7.81528329849, -10.1714658737, -1.64014041424, 0.850615501404, -10.2763948441, 1.66493153572, -2.2889778614, -5.20399999619, -5.93577671051],
        "cov": [[2556.31176758, -332.835693359, -701.120056152, 91.3250656128, -223.340148926, -156.940765381, -32.4008598328, -48.8155288696, -160.000289917, 41.8664550781, 14.4667673111, -62.6657714844, -21.0601406097], [-332.835693359, 934.998474121, -149.285324097, -144.283599854, 82.4375991821, -23.7581920624, 3.78340983391, -18.9788074493, 5.45560741425, -54.6302680969, -22.9292926788, -12.6452522278, 11.131726265], [-701.120056152, -149.285324097, 844.286132812, -81.9806671143, 20.8186588287, 198.494827271, -66.0131454468, 67.9261627197, 93.9409561157, -48.5301971436, -5.87387275696, 44.4194526672, 15.5310907364], [91.3250656128, -144.283599854, -81.9806671143, 286.561187744, 47.4953193665, -17.2752609253, 6.43929815292, -9.64117145538, 15.0723838806, 10.601770401, 17.2228393555, 5.63074302673, -25.9609088898], [-223.340148926, 82.4375991821, 20.8186588287, 47.4953193665, 227.102233887, 46.7772254944, -77.6480102539, 19.4000091553, 51.1011390686, -5.70103120804, 8.78375720978, -11.2546453476, -6.40203475952], [-156.940765381, -23.7581920624, 198.494827271, -17.2752609253, 46.7772254944, 211.42930603, 20.0555992126, 4.45557832718, 56.7809257507, -20.3019561768, -4.79810523987, 18.9707107544, -9.20001411438], [-32.4008598328, 3.78340983391, -66.0131454468, 6.43929815292, -77.6480102539, 20.0555992126, 279.229858398, -6.29984664917, -31.1213874817, 61.1662597656, 12.5588188171, 1.71256935596, -25.1780014038], [-48.8155288696, -18.9788074493, 67.9261627197, -9.64117145538, 19.4000091553, 4.45557832718, -6.29984664917, 134.221755981, 24.2632026672, -21.4413528442, 12.1594781876, 2.15911269188, 22.2950286865], [-160.000289917, 5.45560741425, 93.9409561157, 15.0723838806, 51.1011390686, 56.7809257507, -31.1213874817, 24.2632026672, 124.045410156, -18.9493713379, -49.6543960571, 23.4077568054, 9.11597061157], [41.8664550781, -54.6302680969, -48.5301971436, 10.601770401, -5.70103120804, -20.3019561768, 61.1662597656, -21.4413528442, -18.9493713379, 143.894973755, 53.3350830078, -30.2701530457, -13.1373100281], [14.4667673111, -22.9292926788, -5.87387275696, 17.2228393555, 8.78375720978, -4.79810523987, 12.5588188171, 12.1594781876, -49.6543960571, 53.3350830078, 139.979995728, -10.1423587799, -39.9591445923], [-62.6657714844, -12.6452522278, 44.4194526672, 5.63074302673, -11.2546453476, 18.9707107544, 1.71256935596, 2.15911269188, 23.4077568054, -30.2701530457, -10.1423587799, 85.5470733643, 27.9254417419], [-21.0601406097, 11.131726265, 15.5310907364, -25.9609088898, -6.40203475952, -9.20001411438, -25.1780014038, 22.2950286865, 9.11597061157, -13.1373100281, -39.9591445923, 27.9254417419, 107.485862732]],
        "icov": [[0.000697607174516, 0.000251096847933, 0.000707367085852, -9.63162819971e-05, 0.000766526791267, -0.000497891218401, 0.000583458633628, -0.000308033457259, 0.000501468719449, -0.000158826980623, 0.000217178545427, 0.000173838401679, 0.00016244375729], [0.000251096847933, 0.00152337958571, 0.000551177421585, 0.000956322648562, -0.000618143123575, 0.000207362667425, -0.000320865918184, 0.000449475366622, -0.000341916049365, 0.000984204234555, -0.000370268593542, 0.000403296464356, -0.00023783321376], [0.000707367085852, 0.000551177421585, 0.00255008321255, 0.000462022551801, 0.00107731530443, -0.00202539376915, 0.00110387185123, -0.000957397802267, -0.00016853363195, -4.0456012357e-05, -8.68495408213e-05, -0.000206824362976, 0.000203399715247], [-9.63162819971e-05, 0.000956322648562, 0.000462022551801, 0.00465572066605, -0.00161168084014, 0.000879536150023, -0.00073479214916, 0.000716771988664, -0.00131819257513, 0.000774040818214, -0.000876794394571, -0.000559063919354, 0.000624001142569], [0.000766526791267, -0.000618143123575, 0.00107731530443, -0.00161168084014, 0.0075293504633, -0.00241859257221, 0.00275271828286, -0.00130283483304, -0.00129351625219, -0.00105516647454, -0.000509052886628, 0.00135517225135, 0.00026517760125], [-0.000497891218401, 0.000207362667425, -0.00202539376915, 0.000879536150023, -0.00241859257221, 0.00812838505954, -0.00252979272045, 0.00199261610396, -0.00330057227984, 0.0020558363758, -0.00161710847169, 2.54238530033e-05, -0.000144755860674], [0.000583458633628, -0.000320865918184, 0.00110387185123, -0.00073479214916, 0.00275271828286, -0.00252979272045, 0.00599329173565, -0.0020028736908, 0.00239192973822, -0.00357854762115, 0.00210657599382, -0.00166483130306, 0.00215276959352], [-0.000308033457259, 0.000449475366622, -0.000957397802267, 0.000716771988664, -0.00130283483304, 0.00199261610396, -0.0020028736908, 0.0102895097807, -0.00405514845625, 0.00378882838413, -0.00436462229118, 0.00263289199211, -0.00380556797609], [0.000501468719449, -0.000341916049365, -0.00016853363195, -0.00131819257513, -0.00129351625219, -0.00330057227984, 0.00239192973822, -0.00405514845625, 0.0155939599499, -0.0038723682519, 0.00772693799809, -0.00464706635103, 0.00316559779458], [-0.000158826980623, 0.000984204234555, -4.0456012357e-05, 0.000774040818214, -0.00105516647454, 0.0020558363758, -0.00357854762115, 0.00378882838413, -0.0038723682519, 0.0122741386294, -0.00642372621223, 0.00511146476492, -0.00333875394426], [0.000217178545427, -0.000370268593542, -8.68495408213e-05, -0.000876794394571, -0.000509052886628, -0.00161710847169, 0.00210657599382, -0.00436462229118, 0.00772693799809, -0.00642372621223, 0.0139094656333, -0.00409976532683, 0.00590741401538], [0.000173838401679, 0.000403296464356, -0.000206824362976, -0.000559063919354, 0.00135517225135, 2.54238530033e-05, -0.00166483130306, 0.00263289199211, -0.00464706635103, 0.00511146476492, -0.00409976532683, 0.0166463367641, -0.00579614564776], [0.00016244375729, -0.00023783321376, 0.000203399715247, 0.000624001142569, 0.00026517760125, -0.000144755860674, 0.00215276959352, -0.00380556797609, 0.00316559779458, -0.00333875394426, 0.00590741401538, -0.00579614564776, 0.0138038452715]]
    },
    "spectral_contrast_coeffs": {
        "max": [-0.386605381966, -0.463536083698, -0.456402629614, -0.565627217293, -0.541534364223, -0.677177190781],
        "mean": [-0.683840751648, -0.734696745872, -0.728600859642, -0.754952609539, -0.750996887684, -0.80863237381],
        "min": [-0.886294960976, -0.911195874214, -0.908109068871, -0.900492787361, -0.88198196888, -0.890924692154],
        "stdev": [0.0663177147508, 0.0843672007322, 0.0812917798758, 0.0690598413348, 0.0644062384963, 0.036359783262]
    },
    "spectral_contrast_valleys": {
        "max": [-5.40199518204, -4.79639005661, -5.69920444489, -6.43276405334, -6.46496009827, -9.27344703674],
        "mean": [-6.9479060173, -6.61732959747, -7.40257930756, -7.81322622299, -8.2518415451, -11.0305671692],
        "min": [-9.12805652618, -9.0521364212, -9.65426540375, -9.89297771454, -9.87741756439, -12.1776418686],
        "stdev": [0.595022618771, 0.609762728214, 0.606595933437, 0.561470270157, 0.653235554695, 0.572879970074]
    }
},
"rhythm": {
    "beats_count": 73,
    "beats_loudness": {
        "max": 0.0681448280811,
        "mean": 0.0265860632062,
        "min": 0.00277291494422,
        "stdev": 0.0154366036877
    },
    "bpm": 138.813079834,
    "bpm_histogram_first_peak_bpm": 140,
    "bpm_histogram_first_peak_weight": 0.439999997616,
    "bpm_histogram_second_peak_bpm": 129,
    "bpm_histogram_second_peak_spread": 0.450000047684,
    "bpm_histogram_second_peak_weight": 0.152777776122,
    "danceability": 1.09821176529,
    "onset_rate": 3.56835913658,
    "beats_loudness_band_ratio": {
        "max": [0.902403831482, 0.716744542122, 0.743645608425, 0.844952106476, 0.571638226509, 0.143280029297],
        "mean": [0.297087520361, 0.243286505342, 0.221008017659, 0.185923695564, 0.108258903027, 0.0249634627253],
        "min": [0.00667506828904, 0.0125659946352, 0.0300606749952, 0.00574500020593, 0.00342044560239, 0.000368689827155],
        "stdev": [0.249953821301, 0.172248393297, 0.162114143372, 0.191835671663, 0.119154274464, 0.0294748563319]
    },
