{
"metadata": {
    "version": {
        "essentia": "2.1-beta5",
        "essentia_git_sha": "Undefined",
        "extractor": "music 2.0"
    },
    "audio_properties": {
        "analysis": {
            "equal_loudness": 0,
            "length": 40.3795013428,
            "sample_rate": 44100,
            "start_time": 110.248344421,
            "downmix": "mix"
        },
        "bit_rate": 192000,
        "length": 150.651062012,
        "lossless": 0,
        "number_channels": 2,
        "replay_gain": -10.4889335632,
        "sample_rate": 44100,
        "codec": "mp3",
        "md5_encoded": "5ba22215220096e3f195ba2b54317188"
    },
    "tags": {
        "file_name": "Spain_Vivo Cantando_Salomé.mp3",
        "encoding": ["Lavf58.29.100"]
    }
},
"lowlevel": {
    "average_loudness": 0.935612857342,
    "barkbands_crest": {
        "max": 26.8317337036,
        "mean": 6.65787696838,
        "min": 1.89469730854,
        "stdev": 2.93933534622
    },
    "barkbands_flatness_db": {
        "max": 0.449774175882,
        "mean": 0.109758645296,
        "min": 0.049315854907,
        "stdev": 0.0378624089062
    },
    "barkbands_kurtosis": {
        "max": 405.390808105,
        "mean": 2.20643639565,
        "min": -1.81579637527,
        "stdev": 16.816078186
    },
    "barkbands_skewness": {
        "max": 20.0460281372,
        "mean": 0.199767678976,
        "min": -2.60598063469,
        "stdev": 1.51347565651
    },
    "barkbands_spread": {
        "max": 120.642082214,
        "mean": 21.3392086029,
        "min": 1.43211865425,
        "stdev": 9.05070114136
    },
    "dissonance": {
        "max": 0.500000178814,
        "mean": 0.479196131229,
        "min": 0.350450754166,
        "stdev": 0.0183269549161
    },
    "dynamic_complexity": 2.67931318283,
    "erbbands_crest": {
        "max": 26.5149555206,
        "mean": 7.51535797119,
        "min": 2.14792323112,
        "stdev": 3.04044270515
    },
    "erbbands_flatness_db": {
        "max": 0.341130763292,
        "mean": 0.189546957612,
        "min": 0.0227637309581,
        "stdev": 0.0527797117829
    },
    "erbbands_kurtosis": {
        "max": 15.8556346893,
        "mean": 0.335046470165,
        "min": -1.58425295353,
        "stdev": 1.43578886986
    },
    "erbbands_skewness": {
        "max": 2.71039891243,
        "mean": -0.093493193388,
        "min": -1.88822305202,
        "stdev": 0.584976434708
    },
    "erbbands_spread": {
        "max": 103.100105286,
        "mean": 27.268037796,
        "min": 4.01101016998,
        "stdev": 12.9469194412
    },
    "hfc": {
        "max": 76.3831481934,
        "mean": 22.8095474243,
        "min": 1.06018210481e-16,
        "stdev": 16.4814682007
    },
    "loudness_ebu128": {
        "integrated": -14.1801300049,
        "loudness_range": 4.72839355469,
        "momentary": {
            "max": -10.6790447235,
            "mean": -25.8886623383,
            "min": -300.691009521,
            "stdev": 53.0648803711
        },
        "short_term": {
            "max": -11.0451231003,
            "mean": -14.5545549393,
            "min": -21.2157688141,
            "stdev": 1.67554104328
        }
    },
    "melbands_crest": {
        "max": 39.8533248901,
        "mean": 8.29347419739,
        "min": 1.59430348873,
        "stdev": 4.24813842773
    },
    "melbands_flatness_db": {
        "max": 0.437288612127,
        "mean": 0.126814827323,
        "min": 0.00315602007322,
        "stdev": 0.0486872382462
    },
    "melbands_kurtosis": {
        "max": 1200.16918945,
        "mean": 4.91100883484,
        "min": -1.46157097816,
        "stdev": 39.9319229126
    },
    "melbands_skewness": {
        "max": 33.5096855164,
        "mean": 0.937158226967,
        "min": -2.08847236633,
        "stdev": 1.86100912094
    },
    "melbands_spread": {
        "max": 160.743667603,
        "mean": 38.8519363403,
        "min": 0.813844501972,
        "stdev": 23.8689880371
    },
    "pitch_salience": {
        "max": 0.884299993515,
        "mean": 0.660719454288,
        "min": 0.0140756359324,
        "stdev": 0.107194438577
    },
    "silence_rate_20dB": {
        "max": 1,
        "mean": 1,
        "min": 1,
        "stdev": 0
    },
    "silence_rate_30dB": {
        "max": 1,
        "mean": 1,
        "min": 1,
        "stdev": 0
    },
    "silence_rate_60dB": {
        "max": 1,
        "mean": 0.129885062575,
        "min": 0,
        "stdev": 0.33617657423
    },
    "spectral_centroid": {
        "max": 11530.5830078,
        "mean": 2289.57177734,
        "min": 443.746032715,
        "stdev": 1931.56640625
    },
    "spectral_complexity": {
        "max": 44,
        "mean": 23.7287349701,
        "min": 0,
        "stdev": 9.9296875
    },
    "spectral_decrease": {
        "max": 1.5654302848e-28,
        "mean": -3.8402441227e-09,
        "min": -1.08938014165e-08,
        "stdev": 2.13380202396e-09
    },
    "spectral_energy": {
        "max": 0.0451084710658,
        "mean": 0.0165628846735,
        "min": 1.0085347112e-20,
        "stdev": 0.00927105173469
    },
    "spectral_energyband_high": {
        "max": 0.00377170066349,
        "mean": 0.00052424921887,
        "min": 7.007942812e-21,
        "stdev": 0.000584814348258
    },
    "spectral_energyband_low": {
        "max": 0.0118755679578,
        "mean": 0.00127052387688,
        "min": 1.14198912519e-23,
        "stdev": 0.00141334836371
    },
    "spectral_energyband_middle_high": {
        "max": 0.0341462530196,
        "mean": 0.00916712731123,
        "min": 1.21137702749e-21,
        "stdev": 0.00764828547835
    },
    "spectral_energyband_middle_low": {
        "max": 0.0305810198188,
        "mean": 0.00616934895515,
        "min": 1.83522102982e-22,
        "stdev": 0.0052705835551
    },
    "spectral_entropy": {
        "max": 9.81913089752,
        "mean": 7.73298120499,
        "min": 6.79077196121,
        "stdev": 0.515260279179
    },
    "spectral_flux": {
        "max": 0.195212036371,
        "mean": 0.0737611353397,
        "min": 6.46045231201e-11,
        "stdev": 0.0323393382132
    },
    "spectral_kurtosis": {
        "max": 37.4050445557,
        "mean": 5.63723754883,
        "min": -1.26150262356,
        "stdev": 6.12750482559
    },
    "spectral_rms": {
        "max": 0.00663387263194,
        "mean": 0.00375123671256,
        "min": 3.13677577836e-12,
        "stdev": 0.00144468003418
    },
    "spectral_rolloff": {
        "max": 19509.0820312,
        "mean": 3009.86254883,
        "min": 21.533203125,
        "stdev": 3574.40795898
    },
    "spectral_skewness": {
        "max": 3.59179234505,
        "mean": 1.46009421349,
        "min": -0.0819125920534,
        "stdev": 0.584496974945
    },
    "spectral_spread": {
        "max": 42669336,
        "mean": 5026890.5,
        "min": 1042101.4375,
        "stdev": 7660493
    },
    "spectral_strongpeak": {
        "max": 7.37250995636,
        "mean": 1.30709004402,
        "min": 0,
        "stdev": 1.24678528309
    },
    "zerocrossingrate": {
        "max": 0.5390625,
        "mean": 0.0980266705155,
        "min": 0,
        "stdev": 0.0911489203572
    },
    "barkbands": {
        "max": [7.51085608499e-05, 0.00605596229434, 0.00737473415211, 0.0075439279899, 0.0119396941736, 0.0195525158197, 0.0187078118324, 0.0162481218576, 0.0207773651928, 0.0219020955265, 0.0184506848454, 0.0127283660695, 0.00829545874149, 0.0134432185441, 0.0099015859887, 0.0137528581545, 0.011006523855, 0.0100513370708, 0.00509609282017, 0.0030365891289, 0.00195015885402, 0.00104990263935, 0.000547756906599, 0.000457600865047, 0.00015559210442, 2.35300512941e-06, 1.89669162864e-06],
        "mean": [8.81379219209e-06, 0.000415807968238, 0.000498443900142, 0.000591284711845, 0.00107106321957, 0.00116110884119, 0.0010853044223, 0.000732098647859, 0.00113522575703, 0.00122644694056, 0.000782289193012, 0.000806710042525, 0.000807653006632, 0.000993176363409, 0.00087635969976, 0.00109393312596, 0.0011879337253, 0.000825035618618, 0.00060524221044, 0.00024148634111, 0.000160550946021, 0.000108142419776, 6.44387982902e-05, 6.27392728347e-05, 2.10491707548e-05, 4.21845101073e-07, 1.27905579461e-07],
        "min": [1.53571854176e-25, 3.18463029109e-24, 1.43132638416e-24, 4.60001212002e-25, 8.90273471094e-24, 7.72726648671e-24, 3.54763449738e-24, 9.49167380809e-24, 1.44031012936e-23, 1.34678767138e-23, 1.98131314697e-23, 2.85597435078e-23, 2.40231022606e-23, 4.3144399561e-23, 2.88869503895e-23, 5.57555212669e-23, 6.32089189131e-23, 1.13000803198e-22, 1.13475558623e-22, 1.77391984794e-22, 2.2215183896e-22, 3.06387340431e-22, 3.80481422809e-22, 5.66642246586e-22, 8.28762474306e-22, 1.28215186086e-21, 1.8587574333e-21],
        "stdev": [9.64632181422e-06, 0.000671723566484, 0.000733018969186, 0.000803198490757, 0.00137761770748, 0.00178709148895, 0.00160013418645, 0.00136905279942, 0.00176308129448, 0.00212666182779, 0.00155542662833, 0.00106240366586, 0.00103609042708, 0.00139602308627, 0.00127301970497, 0.00184061808977, 0.00166346307378, 0.00121856457554, 0.000589168514125, 0.000299392821034, 0.000224019924644, 0.000139343814226, 7.45232246118e-05, 7.78806570452e-05, 2.64298232651e-05, 2.34322286019e-07, 7.27296693981e-08]
    },
    "erbbands": {
        "max": [0.0660925507545, 1.71629106998, 4.88746261597, 19.2075119019, 46.4094390869, 37.1612243652, 115.344680786, 222.526306152, 276.094573975, 176.569259644, 430.535491943, 617.771118164, 567.355224609, 912.149353027, 935.87689209, 532.605407715, 312.5546875, 656.808166504, 548.912963867, 549.726623535, 698.316101074, 563.514282227, 543.940429688, 373.268585205, 136.001586914, 106.640769958, 108.560432434, 102.756736755, 57.871219635, 25.3833942413, 14.34649086, 10.9524049759, 7.45484924316, 3.27651071548, 0.344917982817, 0.0122326184064, 0.00426988536492, 0.00122656638268, 0.000271198834525, 5.70025731577e-05],
        "mean": [0.00708543369547, 0.112978458405, 0.520662486553, 1.5001513958, 2.76593565941, 3.4382557869, 6.839407444, 9.60279178619, 15.7891197205, 13.6176300049, 19.1033477783, 23.5695400238, 37.4511032104, 34.1128082275, 29.3952674866, 36.5782546997, 35.5028419495, 44.4696540833, 44.86095047, 56.2289924622, 60.7445220947, 69.8832702637, 49.4550170898, 42.0915107727, 18.9475479126, 10.6945905685, 7.76165723801, 5.3614783287, 4.07014417648, 2.63682365417, 1.80228888988, 1.42894387245, 1.00213074684, 0.438687980175, 0.0393962301314, 0.00276490324177, 0.00085517874686, 0.000309866794851, 1.97193894564e-05, 2.20674228331e-05],
        "min": [9.86667083008e-23, 9.60794616262e-22, 1.828752951e-21, 6.97703016778e-21, 1.27294638673e-20, 2.87647598995e-20, 3.47375047541e-20, 6.67926760392e-20, 9.89219413815e-20, 2.16370893177e-19, 2.06479338165e-19, 3.39760455799e-19, 3.68916245946e-19, 8.64253555138e-19, 7.92303937892e-19, 1.33819356304e-18, 1.51695825355e-18, 2.48146470307e-18, 1.87933987606e-18, 2.83312213573e-18, 4.10468568004e-18, 5.47776248348e-18, 4.76474106727e-18, 5.82847424191e-18, 5.6991160154e-18, 7.92022045079e-18, 8.52896168872e-18, 1.10101337766e-17, 9.96384873626e-18, 1.22981846849e-17, 1.12985278157e-17, 1.20561954783e-17, 9.09248344411e-18, 7.68699025964e-18, 5.56718649797e-18, 4.01269202898e-18, 2.19675285854e-18, 9.92296822962e-19, 2.37987151761e-19, 2.64079963185e-20],
        "stdev": [0.00778344366699, 0.188321113586, 0.706716001034, 1.99478697777, 4.2418179512, 4.3675699234, 10.4200258255, 15.6086387634, 24.0744800568, 19.7073230743, 30.1679191589, 35.7357368469, 59.8975563049, 58.2028846741, 54.7175865173, 46.1325683594, 41.5765686035, 58.0428199768, 59.3838577271, 82.2671127319, 101.854148865, 93.2202148438, 70.2152557373, 45.2304000854, 18.3378448486, 12.3021736145, 10.4475793839, 7.55586719513, 5.26627635956, 3.27009153366, 2.07871675491, 1.74205172062, 1.26007187366, 0.551335394382, 0.0463338457048, 0.00185933313332, 0.000412954308558, 0.000126017941511, 1.07300347736e-05, 1.24920425151e-05]
    },
    "gfcc": {
        "mean": [-71.8690795898, 86.6661224365, -160.544952393, 31.7037811279, -58.4251022339, 12.8324327469, -38.1346740723, 6.90151882172, -16.6107997894, -11.5723161697, -6.68401479721, -8.58401107788, -7.65862369537],
        "cov": [[79170.9140625, 6199.97998047, -10303.2919922, 2067.59179688, -4264.98339844, 581.256958008, -2494.59521484, 255.235549927, -1015.28607178, -923.923583984, -206.666244507, -738.261047363, -256.641967773], [6199.97998047, 933.61328125, -424.207183838, 174.817276001, -471.159362793, -67.6628875732, -181.511352539, -39.5414962769, -117.677963257, -57.2607727051, 13.9055252075, -76.2119598389, -6.84397554398], [-10303.2919922, -424.207183838, 1969.80078125, -105.87336731, 153.338165283, -162.618896484, 295.416442871, -115.799423218, 70.8613586426, 160.524047852, 88.1319580078, 57.9114990234, 104.406723022], [2067.59179688, 174.817276001, -105.87336731, 203.776565552, -236.214492798, 11.7831516266, -77.2003936768, -17.3368453979, -36.9342956543, -3.39915585518, 17.2825469971, -29.057472229, 31.6206741333], [-4264.98339844, -471.159362793, 153.338165283, -236.214492798, 793.754394531, 48.012714386, 164.870742798, 88.5602340698, 108.191886902, 2.48598694801, -79.2832260132, 92.6827774048, -99.8455276489], [581.256958008, -67.6628875732, -162.618896484, 11.7831516266, 48.012714386, 132.742538452, 23.3905391693, 19.3356800079, -3.61171507835, -0.778344452381, -28.7522106171, -7.33628416061, -10.6626291275], [-2494.59521484, -181.511352539, 295.416442871, -77.2003936768, 164.870742798, 23.3905391693, 155.999664307, 9.83342647552, 34.2338905334, 37.6377029419, -3.02804470062, 16.2887363434, 3.15944695473], [255.235549927, -39.5414962769, -115.799423218, -17.3368453979, 88.5602340698, 19.3356800079, 9.83342647552, 80.7802886963, 32.9529151917, -14.9284629822, -19.2849407196, 11.5769472122, -23.404920578], [-1015.28607178, -117.677963257, 70.8613586426, -36.9342956543, 108.191886902, -3.61171507835, 34.2338905334, 32.9529151917, 71.9396820068, 22.9017486572, -4.72372674942, 15.8796758652, -2.17666578293], [-923.923583984, -57.2607727051, 160.524047852, -3.39915585518, 2.48598694801, -0.778344452381, 37.6377029419, -14.9284629822, 22.9017486572, 69.8336715698, 22.6200027466, 6.00515079498, 13.4712572098], [-206.666244507, 13.9055252075, 88.1319580078, 17.2825469971, -79.2832260132, -28.7522106171, -3.02804470062, -19.2849407196, -4.72372674942, 22.6200027466, 67.8600463867, 7.51864910126, 27.1507511139], [-738.261047363, -76.2119598389, 57.9114990234, -29.057472229, 92.6827774048, -7.33628416061, 16.2887363434, 11.5769472122, 15.8796758652, 6.00515079498, 7.51864910126, 54.4388084412, 8.14088249207], [-256.641967773, -6.84397554398, 104.406723022, 31.6206741333, -99.8455276489, -10.6626291275, 3.15944695473, -23.404920578, -2.17666578293, 13.4712572098, 27.1507511139, 8.14088249207, 70.6776351929]],
        "icov": [[0.00190891500097, -0.00635703653097, 0.00650366023183, -0.00438648276031, 0.00354904960841, -0.0045327800326, 0.00553660141304, -0.004584309645, 0.00209985719994, -0.000396820658352, 0.000844462425448, -0.000457425019704, 0.00110399560072], [-0.00635703653097, 0.0232805535197, -0.0213588960469, 0.0140033215284, -0.0109299272299, 0.0165836978704, -0.0183960571885, 0.0149897420779, -0.00526188313961, 0.00122725986876, -0.00226640817709, 0.00181348272599, -0.00242893118411], [0.00650366023183, -0.0213588960469, 0.0234097521752, -0.015425841324, 0.0120784146711, -0.0135573027655, 0.0165309850127, -0.0141820618883, 0.00708533404395, -0.00229255412705, 0.00297678587958, -0.00186119857244, 0.00317594734952], [-0.00438648276031, 0.0140033215284, -0.015425841324, 0.0189960431308, -0.00671633239836, 0.00774541357532, -0.00905760750175, 0.00852594804019, -0.00375330052339, -0.000521113048308, -0.00195141020231, 0.00219606026076, -0.00489421794191], [0.00354904960841, -0.0109299272299, 0.0120784146711, -0.00671633239836, 0.0113581381738, -0.00889297947288, 0.00788412615657, -0.00799418985844, 0.000992767163552, 0.000886160356458, 0.00407876633108, -0.00691542588174, 0.00778664182872], [-0.0045327800326, 0.0165836978704, -0.0135573027655, 0.00774541357532, -0.00889297947288, 0.023750403896, -0.0178690478206, 0.00970253441483, -0.000669684959576, -0.00248616538011, 0.00212191813625, 0.002691231668, -0.00393152050674], [0.00553660141304, -0.0183960571885, 0.0165309850127, -0.00905760750175, 0.00788412615657, -0.0178690478206, 0.0324527397752, -0.0175602547824, 0.00806943513453, -0.00538426544517, 0.00183639850002, 0.00318906689063, -0.000666488253046], [-0.004584309645, 0.0149897420779, -0.0141820618883, 0.00852594804019, -0.00799418985844, 0.00970253441483, -0.0175602547824, 0.0345164760947, -0.018440309912, 0.00827955361456, -0.00190688238945, -0.00449895858765, 0.00343107851222], [0.00209985719994, -0.00526188313961, 0.00708533404395, -0.00375330052339, 0.000992767163552, -0.000669684959576, 0.00806943513453, -0.018440309912, 0.032283321023, -0.0122820083052, 0.0032320888713, 0.00355851720087, -0.0051541137509], [-0.000396820658352, 0.00122725986876, -0.00229255412705, -0.000521113048308, 0.000886160356458, -0.00248616538011, -0.00538426544517, 0.00827955361456, -0.0122820083052, 0.0256730187684, -0.00693538505584, -0.00235902774148, 0.00382132222876], [0.000844462425448, -0.00226640817709, 0.00297678587958, -0.00195141020231, 0.00407876633108, 0.00212191813625, 0.00183639850002, -0.00190688238945, 0.0032320888713, -0.00693538505584, 0.0237228274345, -0.00583728821948, -0.00232813833281], [-0.000457425019704, 0.00181348272599, -0.00186119857244, 0.00219606026076, -0.00691542588174, 0.002691231668, 0.00318906689063, -0.00449895858765, 0.00355851720087, -0.00235902774148, -0.00583728821948, 0.0317543260753, -0.0115701546893], [0.00110399560072, -0.00242893118411, 0.00317594734952, -0.00489421794191, 0.00778664182872, -0.00393152050674, -0.000666488253046, 0.00343107851222, -0.0051541137509, 0.00382132222876, -0.00232813833281, -0.0115701546893, 0.028333324939]]
    },
    "melbands": {
        "max": [0.00103100063279, 0.00220257253386, 0.00279252580367, 0.0027888417244, 0.00318992696702, 0.00437251199037, 0.00429198611528, 0.00211741239764, 0.00306670856662, 0.00399501435459, 0.00297528365627, 0.00371579336934, 0.00277337664738, 0.00149114558008, 0.00158294383436, 0.00087931152666, 0.00145485368557, 0.00125127891079, 0.000705051759724, 0.000980905489996, 0.000902862171642, 0.000717960938346, 0.000537266139872, 0.000497010478284, 0.000332045921823, 0.000198624460609, 0.00019463514036, 8.09762568679e-05, 0.000103187616332, 5.22183581779e-05, 5.67302922718e-05, 4.70085105917e-05, 2.49229633482e-05, 1.44044734043e-05, 8.71914471645e-06, 1.24473845062e-05, 7.06621494828e-06, 6.38225856164e-06, 6.24358335699e-06, 2.79102778222e-06],
        "mean": [8.88462891453e-05, 0.000241753659793, 0.000285253598122, 0.000230968580581, 0.000217163818888, 0.000225985364523, 0.000233810817008, 0.000148805615027, 0.000165411882335, 0.000150647843839, 0.00019169288862, 0.000142376811709, 0.000100127101177, 8.03956063464e-05, 0.000116904608149, 6.16431207163e-05, 8.80195584614e-05, 7.41751937312e-05, 7.23348130123e-05, 7.61047340347e-05, 6.80955054122e-05, 7.45054712752e-05, 5.16514337505e-05, 3.97345429519e-05, 3.4789856727e-05, 1.74596279976e-05, 9.90238459053e-06, 6.259760994e-06, 5.58683450436e-06, 3.28962528329e-06, 2.90961543215e-06, 2.29862689594e-06, 1.98164912035e-06, 1.21816947285e-06, 1.0034141269e-06, 1.0214583881e-06, 8.15337500626e-07, 7.46468174384e-07, 5.56974100618e-07, 3.08740567334e-07],
        "min": [1.4645378227e-24, 1.27402475864e-24, 1.75422667697e-24, 1.89293958412e-24, 1.0200275216e-24, 1.46725347636e-24, 1.45748284241e-24, 3.10669438352e-24, 1.5973348647e-24, 2.02732282818e-24, 1.47808581849e-24, 2.88041890198e-24, 2.69488867783e-24, 3.19244908595e-24, 3.66130501509e-24, 2.69348273048e-24, 3.66360454463e-24, 2.93077149913e-24, 2.20443235659e-24, 4.84552052347e-24, 3.86525750796e-24, 4.20720741113e-24, 4.06686432292e-24, 4.99685323295e-24, 4.16286475078e-24, 4.00971332249e-24, 3.93489223221e-24, 4.40801787101e-24, 4.580215557e-24, 5.5882299103e-24, 5.6663697384e-24, 5.18973603516e-24, 4.97287698903e-24, 6.47177147908e-24, 6.52642573475e-24, 5.91132840441e-24, 6.89161350803e-24, 4.80058345644e-24, 6.64663590936e-24, 5.39452472059e-24],
        "stdev": [0.000124299302115, 0.000309352035401, 0.000352177681634, 0.000310218543746, 0.000307303533191, 0.000340858387062, 0.000350036338205, 0.000233336540987, 0.000248782918788, 0.000241885849391, 0.000313153985189, 0.000250441400567, 0.000198711859412, 0.000114114220196, 0.000171236111782, 8.31682700664e-05, 0.00012484632316, 0.000110133179987, 0.000105373328552, 0.000123237128719, 0.000123403733596, 0.000103155856777, 7.65593140386e-05, 5.65142872802e-05, 3.84099294024e-05, 1.91647868633e-05, 1.4653006474e-05, 8.03216607892e-06, 8.48046147439e-06, 4.65130460725e-06, 4.31216722063e-06, 3.17551439366e-06, 2.75551019513e-06, 1.52115183027e-06, 1.21097298234e-06, 1.23465963497e-06, 1.03526269868e-06, 9.628506632e-07, 7.22163804312e-07, 4.0167654447e-07]
    },
    "melbands128": {
        "max": [6.5815038397e-05, 0.000468173500849, 0.00129077676684, 0.00383008411154, 0.00299569917843, 0.00466518942267, 0.00482987752184, 0.0045733503066, 0.00641673477367, 0.0041998247616, 0.00249115913175, 0.00394905172288, 0.00532341049984, 0.00708294007927, 0.00652078632265, 0.00557078421116, 0.00420383503661, 0.00763108674437, 0.00355780450627, 0.00300904479809, 0.0036021922715, 0.00537686608732, 0.00405625067651, 0.00530971679837, 0.00562252430245, 0.00530994450673, 0.00546173751354, 0.00494693685323, 0.00501100998372, 0.00569522986189, 0.00648600887507, 0.00560752023011, 0.00461970735341, 0.00692658498883, 0.00343673117459, 0.0020158670377, 0.00239417352714, 0.00297650252469, 0.00222311774269, 0.00171399570536, 0.00173192843795, 0.00141263566911, 0.00217422400601, 0.00255262083374, 0.00330400117673, 0.00140894495416, 0.00120589847211, 0.00107946328353, 0.00153936468996, 0.00214328034781, 0.00126595993061, 0.00165153678972, 0.00131550792139, 0.00197977595963, 0.00164125033189, 0.00116523273755, 0.000834009377286, 0.000886198307853, 0.000813471095171, 0.000650119211059, 0.000674898328725, 0.000712327891961, 0.000486903270939, 0.000546189083252, 0.000491651415359, 0.000347496243194, 0.000265704467893, 0.000200311624212, 0.000454742810689, 0.000154533059685, 0.000190918930457, 0.000171855455847, 0.00014156816178, 0.000200988128199, 8.37579500512e-05, 0.000109954991785, 4.4890693971e-05, 0.000191817511222, 5.66312592127e-05, 6.80091688992e-05, 5.53602876607e-05, 6.92402827553e-05, 4.95639869769e-05, 3.64775514754e-05, 2.13060338865e-05, 4.1504514229e-05, 1.19010192066e-05, 2.18807799683e-05, 1.34340843942e-05, 1.16349538075e-05, 1.51834301505e-05, 1.69439044839e-05, 1.24798662e-05, 9.46970158111e-06, 1.38142941069e-05, 7.64345259086e-06, 1.38906325446e-05, 8.72065356816e-06, 1.33481917146e-05, 7.31809677745e-06, 4.20384139943e-06, 3.97820758735e-06, 2.35781953961e-06, 3.38170110581e-07, 5.75022589544e-08, 4.04038047463e-08, 2.57211887345e-08, 2.28445173889e-08, 1.86665616297e-08, 1.71513381275e-08, 1.61812128141e-08, 1.65372355809e-08, 1.26387682542e-08, 1.22957137805e-08, 1.13249756239e-08, 1.46409862012e-08, 1.43773499772e-08, 8.90893048222e-09, 8.61952909048e-09, 8.35001667809e-09, 8.12444689302e-09, 7.94332777332e-09, 7.74523911673e-09, 7.604636032e-09, 7.49935402666e-09, 7.4163390984e-09, 7.33693372723e-09, 7.28605797917e-09],
        "mean": [8.04614865046e-06, 4.13996858697e-05, 0.000103985563328, 0.000212832310353, 0.00025245352299, 0.000247192889219, 0.00032085593557, 0.000265244976617, 0.000284277251922, 0.000266798830125, 0.000166055440786, 0.00015805856674, 0.000229665922234, 0.000303340988467, 0.000201848917641, 0.000180831018952, 0.000267509283731, 0.000259662541794, 0.000181984869414, 0.000128242376377, 0.00014995309175, 0.000150023028255, 0.000160701805726, 0.000204830386792, 0.000123096528114, 0.000149300773046, 0.000161632051459, 0.000200737413252, 0.000225064824917, 0.0001405038347, 0.000120158139907, 0.000129157488118, 8.20539571578e-05, 0.000106309365947, 7.11991888238e-05, 6.94764239597e-05, 9.50028988882e-05, 0.000158528288011, 0.000101010322396, 4.99573725392e-05, 6.55258336337e-05, 5.47941199329e-05, 7.97863467596e-05, 0.000117092036817, 9.23317566048e-05, 6.5563202952e-05, 5.09837445861e-05, 6.76102863508e-05, 8.74886463862e-05, 7.33431807021e-05, 7.30514875613e-05, 8.22424699436e-05, 7.10630192771e-05, 5.99155282544e-05, 6.44189640298e-05, 8.02666909294e-05, 8.53431702126e-05, 4.97973851452e-05, 4.22917146352e-05, 4.60854971607e-05, 4.15480353695e-05, 3.21391526086e-05, 3.80801684514e-05, 3.51057678927e-05, 3.09401912091e-05, 1.69690192706e-05, 1.00513570942e-05, 8.78595619724e-06, 1.30950520543e-05, 5.98808173891e-06, 5.42419820704e-06, 7.24883420844e-06, 5.75346666665e-06, 6.13357133261e-06, 3.64448919754e-06, 3.59053751708e-06, 2.21898585551e-06, 4.327725037e-06, 2.66596339316e-06, 2.26739052778e-06, 2.05564060707e-06, 2.65615472017e-06, 2.11617998502e-06, 2.03229660656e-06, 1.67074608726e-06, 1.44868454299e-06, 9.58185864874e-07, 1.00195131836e-06, 1.00177567219e-06, 9.85512087937e-07, 1.12008979158e-06, 1.01486784843e-06, 8.77148295331e-07, 8.08015386156e-07, 7.99319252565e-07, 7.36644153676e-07, 8.38516200474e-07, 5.74630178107e-07, 6.40917846795e-07, 4.68119992547e-07, 4.12202666666e-07, 3.08487130951e-07, 1.66474492858e-07, 3.6278983373e-08, 3.91725007987e-09, 2.08571138138e-09, 3.02923930384e-09, 3.67420338598e-09, 3.06050695897e-09, 2.84783308047e-09, 2.69777666873e-09, 2.61831134551e-09, 2.40030217924e-09, 2.29195529222e-09, 1.92068738691e-09, 3.12875925168e-09, 4.42895764508e-09, 9.09942347166e-12, 7.43720102864e-12, 7.21634861242e-12, 7.02762457602e-12, 6.87252034795e-12, 6.71048156278e-12, 6.58690376548e-12, 6.496411048e-12, 6.42503151377e-12, 6.36089098061e-12, 6.31877276197e-12],
        "min": [4.32372073702e-26, 4.98389057195e-25, 3.19708758807e-25, 6.17346323474e-25, 4.41864067196e-25, 8.15559803951e-25, 3.11981373202e-25, 1.79878356236e-25, 6.9501599048e-25, 5.50585518103e-25, 2.22877068767e-25, 4.26187231642e-25, 4.12721942983e-25, 1.03559421245e-24, 6.67539126986e-25, 4.50231120387e-25, 7.45254695836e-25, 7.15828754261e-25, 4.60787213286e-25, 8.71225872335e-25, 1.25675324077e-24, 7.48468268645e-25, 1.11103426271e-24, 1.76196047207e-24, 9.06092341055e-25, 6.22124207457e-25, 8.98033436654e-25, 7.30882488308e-25, 5.01145485109e-25, 1.8058146303e-24, 7.34797555677e-25, 1.33172539791e-24, 4.90720392424e-25, 6.68131906653e-25, 1.85307410384e-24, 1.68258035741e-24, 1.11958748708e-24, 1.33820865126e-24, 1.10752511358e-24, 1.27612934093e-24, 1.88189967296e-24, 1.90862983031e-24, 9.88802829245e-25, 1.16145716709e-24, 1.05863851582e-24, 1.00846173604e-24, 1.38368894764e-24, 1.35685406901e-24, 1.567587413e-24, 1.65455055172e-24, 2.26060812773e-24, 1.12520575444e-24, 2.46187533808e-24, 2.24579174221e-24, 2.80418555346e-24, 1.87027758246e-24, 2.44368617775e-24, 1.34792771343e-24, 3.23116519588e-24, 3.09851290986e-24, 2.58555452852e-24, 1.74189895039e-24, 2.65449959113e-24, 2.24865826552e-24, 1.95533295969e-24, 2.29211720444e-24, 2.23965341829e-24, 3.12236668313e-24, 1.8978522154e-24, 2.84202011134e-24, 3.75278526997e-24, 2.79500873455e-24, 2.08875537118e-24, 2.7626041035e-24, 2.83107742729e-24, 3.03791813715e-24, 3.61331742294e-24, 4.32346460374e-24, 3.43043422156e-24, 3.27377512325e-24, 2.60227621034e-24, 3.20004088608e-24, 3.63070312843e-24, 3.01030879433e-24, 4.34421282884e-24, 3.16951177184e-24, 3.64918337842e-24, 3.73733227369e-24, 4.63196877668e-24, 3.93890280106e-24, 4.0407108229e-24, 4.38810820505e-24, 4.02294409759e-24, 4.42172590696e-24, 4.48273956481e-24, 3.9083139306e-24, 3.75466039234e-24, 4.33931518591e-24, 4.00333380435e-24, 4.45858898263e-24, 5.25149871645e-24, 3.50198075022e-24, 3.67607998542e-24, 4.00309556836e-24, 4.13340789572e-24, 5.17090710865e-24, 5.08819346501e-24, 4.42732524166e-24, 3.53331036107e-24, 5.18720931368e-24, 4.8383466224e-24, 4.52821700157e-24, 5.17450115893e-24, 5.23077336831e-24, 3.77637931078e-24, 4.70351648863e-24, 5.65780428669e-24, 5.71990460044e-24, 5.33227570656e-24, 4.93185267208e-24, 5.34451212249e-24, 6.35910912561e-24, 5.51371450362e-24, 5.11385905456e-24, 5.44094129625e-24, 4.90223922813e-24, 6.41574184443e-24, 5.58019970071e-24],
        "stdev": [9.02035390027e-06, 4.55366898677e-05, 0.000152527776663, 0.000405332073569, 0.000400929857278, 0.000399020587793, 0.000473162683193, 0.000404566177167, 0.000526805699337, 0.000417488015955, 0.000249730801443, 0.000256676925346, 0.000384497194318, 0.000598209735472, 0.000424857833423, 0.000397698633606, 0.0004608129384, 0.000496800232213, 0.000332436698955, 0.000229797529755, 0.000358434888767, 0.000360026519047, 0.000310226721922, 0.000397590512875, 0.000256326544331, 0.000355401716661, 0.000403089332394, 0.000423098506872, 0.000506443437189, 0.000351414841134, 0.000328336900566, 0.000340282887919, 0.000248965079663, 0.000292338896543, 0.00016185392451, 0.000139370720717, 0.000188938240171, 0.000307250389596, 0.000173061154783, 0.000106670704554, 0.000132900444441, 0.000104051468952, 0.000157685848535, 0.000224314004299, 0.000206089025596, 0.000130590968183, 0.000106472376501, 0.00011465625721, 0.000151768079377, 0.000156689042342, 0.000140986376209, 0.000167841659277, 0.000144881254528, 0.000140155636473, 0.000139805692015, 0.00012347791926, 0.000125798644149, 9.39453093451e-05, 8.4712242824e-05, 7.54746361054e-05, 7.08938750904e-05, 5.67116185266e-05, 5.477367813e-05, 4.6887260396e-05, 4.36215523223e-05, 2.75227157545e-05, 1.96440123545e-05, 1.41348045872e-05, 2.90853258775e-05, 1.05594681372e-05, 1.09838820208e-05, 1.40427346196e-05, 9.73744317889e-06, 1.45933754538e-05, 6.9581428761e-06, 7.00114014762e-06, 3.71931650989e-06, 9.63940328802e-06, 4.59620605398e-06, 4.71082057629e-06, 3.71783539777e-06, 4.57028409073e-06, 3.82483676731e-06, 3.659709364e-06, 2.46057743425e-06, 2.48628566624e-06, 1.33551122872e-06, 1.5965122202e-06, 1.45488252201e-06, 1.32932950692e-06, 1.50629216478e-06, 1.44666262258e-06, 1.42419503391e-06, 1.11340136755e-06, 1.13350154152e-06, 1.0810575759e-06, 1.24777011479e-06, 8.46876503147e-07, 9.5492600849e-07, 7.21609126231e-07, 5.72172496049e-07, 4.53511006526e-07, 2.49130721386e-07, 4.3908116254e-08, 5.06808461864e-09, 3.94267996029e-09, 3.55371509997e-09, 2.9698392634e-09, 2.53231657865e-09, 2.15295559158e-09, 1.8579965344e-09, 1.68543146106e-09, 1.37714772919e-09, 1.23272214658e-09, 1.12352771531e-09, 1.45729650569e-09, 2.04756878119e-09, 2.13486506251e-10, 2.06552525084e-10, 2.00094787961e-10, 1.94688126731e-10, 1.90349139229e-10, 1.85602255787e-10, 1.82232132162e-10, 1.79709122583e-10, 1.77720033134e-10, 1.75817582715e-10, 1.74598446812e-10]
    },
    "mfcc": {
        "mean": [-659.466796875, 101.273521423, -34.1120910645, 9.79831695557, 2.94758939743, -3.53201365471, -2.91967082024, 6.39913415909, -3.82545399666, 0.0126040522009, -1.08582866192, -1.39942014217, -4.82034444809],
        "cov": [[23878.8554688, 3256.8996582, -825.756958008, 330.7237854, -244.050857544, -289.93145752, -176.036437988, 37.4312362671, -249.00440979, -83.4491348267, -72.9116516113, -72.2028808594, -204.293075562], [3256.8996582, 1024.6126709, -45.7418746948, 127.435112, 17.9997406006, -52.2914047241, -5.33655166626, 15.1279773712, -60.9350891113, 17.9879684448, -19.9599819183, -26.3924427032, -15.5163478851], [-825.756958008, -45.7418746948, 1148.16113281, 163.904830933, -356.323059082, -96.4543838501, 10.2448997498, -285.161437988, -86.9020843506, -40.4498138428, -87.3097229004, 6.44048690796, 45.6120109558], [330.7237854, 127.435112, 163.904830933, 135.867218018, -17.2347450256, -31.1781692505, -8.08564567566, -36.7735443115, -23.5695495605, -5.01281023026, -20.1324615479, 0.00774525012821, 13.3886833191], [-244.050857544, 17.9997406006, -356.323059082, -17.2347450256, 245.521148682, 51.5666618347, -7.87422370911, 127.348770142, 39.1587371826, 10.2058229446, 36.3221549988, -0.524460792542, -11.2069892883], [-289.93145752, -52.2914047241, -96.4543838501, -31.1781692505, 51.5666618347, 111.363563538, 40.1061401367, 23.4200782776, 36.0860671997, 18.193655014, 4.37429141998, 0.888228297234, 1.90337753296], [-176.036437988, -5.33655166626, 10.2448997498, -8.08564567566, -7.87422370911, 40.1061401367, 74.0665740967, 12.0180845261, 6.09816169739, 13.5174703598, -1.42604613304, -6.00801753998, 2.43250846863], [37.4312362671, 15.1279773712, -285.161437988, -36.7735443115, 127.348770142, 23.4200782776, 12.0180845261, 140.139389038, 46.89818573, 8.30772972107, 28.5694770813, -1.2818261385, -14.6199522018], [-249.00440979, -60.9350891113, -86.9020843506, -23.5695495605, 39.1587371826, 36.0860671997, 6.09816169739, 46.89818573, 79.2886810303, 21.6673278809, 8.47277736664, 11.4750318527, 1.08904755116], [-83.4491348267, 17.9879684448, -40.4498138428, -5.01281023026, 10.2058229446, 18.193655014, 13.5174703598, 8.30772972107, 21.6673278809, 60.2119026184, 14.1325712204, -4.83282375336, 6.53160142899], [-72.9116516113, -19.9599819183, -87.3097229004, -20.1324615479, 36.3221549988, 4.37429141998, -1.42604613304, 28.5694770813, 8.47277736664, 14.1325712204, 53.1364974976, 15.2110261917, -12.0767087936], [-72.2028808594, -26.3924427032, 6.44048690796, 0.00774525012821, -0.524460792542, 0.888228297234, -6.00801753998, -1.2818261385, 11.4750318527, -4.83282375336, 15.2110261917, 51.8405647278, 16.3436927795], [-204.293075562, -15.5163478851, 45.6120109558, 13.3886833191, -11.2069892883, 1.90337753296, 2.43250846863, -14.6199522018, 1.08904755116, 6.53160142899, -12.0767087936, 16.3436927795, 54.1099624634]],
        "icov": [[0.000100618650322, -0.000296522048302, 0.000216831918806, -0.000183435913641, 0.000440535746748, -5.80591877224e-05, 0.000194689055206, -1.44176692629e-05, 2.18972636503e-05, 0.000203462230274, 5.66316666664e-05, -9.25531130633e-05, 0.00025369823561], [-0.000296522048302, 0.00217567128129, -0.000356418342562, -0.000884039967787, -0.00101855641697, 0.000350179820089, -0.000559826730751, -0.000677358359098, 0.00126905029174, -0.0017298423918, 0.000774748332333, -3.08584239974e-05, 7.9256369645e-06], [0.000216831918806, -0.000356418342562, 0.00318167498335, -0.00270931702107, 0.00270819291472, 0.000930389971472, -0.00124110048637, 0.00345197413117, -0.00110752414912, 0.00168625090737, 0.000320310296956, -5.32843332621e-05, 0.000127821491333], [-0.000183435913641, -0.000884039967787, -0.00270931702107, 0.0126875406131, -0.00476542813703, 0.00251677935012, -0.000572542427108, 0.00124235427938, 0.000321785337292, -0.00131059170235, 0.00232749781571, -0.00087607849855, -0.0015798889799], [0.000440535746748, -0.00101855641697, 0.00270819291472, -0.00476542813703, 0.013690918684, -0.00579514773563, 0.00553161557764, -0.00791676715016, 0.00197840132751, 0.00165158626623, -0.00271338876337, 0.00102915556636, -0.00023645166948], [-5.80591877224e-05, 0.000350179820089, 0.000930389971472, 0.00251677935012, -0.00579514773563, 0.017751313746, -0.0108156166971, 0.00779746752232, -0.00721478788182, -0.000252089404967, 0.00187611742876, -0.000406230654335, -4.04065613111e-05], [0.000194689055206, -0.000559826730751, -0.00124110048637, -0.000572542427108, 0.00553161557764, -0.0108156166971, 0.0223652031273, -0.00955419428647, 0.00562306726351, -0.00383536494337, 0.000425449281465, 0.0010657242965, -0.000175515873707], [-1.44176692629e-05, -0.000677358359098, 0.00345197413117, 0.00124235427938, -0.00791676715016, 0.00779746752232, -0.00955419428647, 0.0258243251592, -0.0121676614508, 0.0057547390461, -0.00400162953883, 0.00299728335813, -0.000221101785428], [2.18972636503e-05, 0.00126905029174, -0.00110752414912, 0.000321785337292, 0.00197840132751, -0.00721478788182, 0.00562306726351, -0.0121676614508, 0.024827376008, -0.0102291163057, 0.00647989381105, -0.00799392536283, 0.00301956571639], [0.000203462230274, -0.0017298423918, 0.00168625090737, -0.00131059170235, 0.00165158626623, -0.000252089404967, -0.00383536494337, 0.0057547390461, -0.0102291163057, 0.0263908226043, -0.0121776936576, 0.00951741542667, -0.00731915002689], [5.66316666664e-05, 0.000774748332333, 0.000320310296956, 0.00232749781571, -0.00271338876337, 0.00187611742876, 0.000425449281465, -0.00400162953883, 0.00647989381105, -0.0121776936576, 0.0338044837117, -0.0157955251634, 0.011517050676], [-9.25531130633e-05, -3.08584239974e-05, -5.32843332621e-05, -0.00087607849855, 0.00102915556636, -0.000406230654335, 0.0010657242965, 0.00299728335813, -0.00799392536283, 0.00951741542667, -0.0157955251634, 0.0307258181274, -0.012901166454], [0.00025369823561, 7.9256369645e-06, 0.000127821491333, -0.0015798889799, -0.00023645166948, -4.04065613111e-05, -0.000175515873707, -0.000221101785428, 0.00301956571639, -0.00731915002689, 0.011517050676, -0.012901166454, 0.0269147064537]]
    },
    "spectral_contrast_coeffs": {
        "max": [-0.513588607311, -0.531823635101, -0.530620634556, -0.588346719742, -0.501970946789, -0.667667984962],
        "mean": [-0.731279313564, -0.80121165514, -0.772212028503, -0.783549666405, -0.745664596558, -0.776369452477],
        "min": [-0.979316473007, -0.981117010117, -0.976341068745, -0.973438501358, -0.969550430775, -0.964084208012],
        "stdev": [0.0779742896557, 0.0694554746151, 0.0800781399012, 0.0666299462318, 0.0867979750037, 0.0509849339724]
    },
    "spectral_contrast_valleys": {
        "max": [-5.86653232574, -5.10229301453, -5.62189340591, -5.41543102264, -6.2230052948, -8.80422115326],
        "mean": [-8.21983528137, -7.55780410767, -7.94523239136, -8.04978370667, -8.32301902771, -11.0253953934],
        "min": [-27.7807750702, -27.9979457855, -28.0896453857, -27.5480155945, -27.5903606415, -27.3741359711],
        "stdev": [4.24251174927, 4.3933839798, 4.30866575241, 4.27963018417, 4.20479822159, 3.62456798553]
    }
},
"rhythm": {
    "beats_count": 94,
    "beats_loudness": {
        "max": 0.0347987152636,
        "mean": 0.02100244537,
        "min": 0,
        "stdev": 0.00886496901512
    },
    "bpm": 147.376052856,
    "bpm_histogram_first_peak_bpm": 148,
    "bpm_histogram_first_peak_weight": 0.499999940395,
    "bpm_histogram_second_peak_bpm": 126,
    "bpm_histogram_second_peak_spread": 0.375,
    "bpm_histogram_second_peak_weight": 0.107526883483,
    "danceability": 0.936134934425,
    "onset_rate": 2.59958195686,
    "beats_loudness_band_ratio": {
        "max": [0.981397747993, 0.684180557728, 0.694640874863, 0.576572597027, 0.845402598381, 0.266324520111],
        "mean": [0.10323215276, 0.116303056479, 0.180052012205, 0.257069975138, 0.278738170862, 0.0709469914436],
        "min": [0, 0, 0, 0, 0, 0],
        "stdev": [0.126837342978, 0.122066244483, 0.135945767164, 0.147401064634, 0.210256367922, 0.0488072745502]
    },
