{
"metadata": {
    "version": {
        "essentia": "2.1-beta5",
        "essentia_git_sha": "Undefined",
        "extractor": "music 2.0"
    },
    "audio_properties": {
        "analysis": {
            "equal_loudness": 0,
            "length": 48.7502937317,
            "sample_rate": 44100,
            "start_time": 110.248344421,
            "downmix": "mix"
        },
        "bit_rate": 192000,
        "length": 192.760452271,
        "lossless": 0,
        "number_channels": 1,
        "replay_gain": -6.59290122986,
        "sample_rate": 48000,
        "codec": "mp3",
        "md5_encoded": "cd4465c74d869d403285f34a51e62834"
    },
    "tags": {
        "file_name": "Italy_Due Grosse Lacrime Bianche_Iva Zanicchi.mp3",
        "encoding": ["Lavf58.29.100"]
    }
},
"lowlevel": {
    "average_loudness": 0.937978208065,
    "barkbands_crest": {
        "max": 24.7109985352,
        "mean": 12.1342992783,
        "min": 3.69227671623,
        "stdev": 4.66083192825
    },
    "barkbands_flatness_db": {
        "max": 0.384755432606,
        "mean": 0.281064093113,
        "min": 0.155974656343,
        "stdev": 0.032495174557
    },
    "barkbands_kurtosis": {
        "max": 61.4252929688,
        "mean": 2.67463135719,
        "min": -1.69024395943,
        "stdev": 3.71042871475
    },
    "barkbands_skewness": {
        "max": 6.51352214813,
        "mean": 0.932687938213,
        "min": -1.402166605,
        "stdev": 0.938471972942
    },
    "barkbands_spread": {
        "max": 37.4380340576,
        "mean": 10.5911102295,
        "min": 1.71232640743,
        "stdev": 5.17365121841
    },
    "dissonance": {
        "max": 0.499230474234,
        "mean": 0.433212190866,
        "min": 0.2244361341,
        "stdev": 0.0393400937319
    },
    "dynamic_complexity": 2.50230169296,
    "erbbands_crest": {
        "max": 32.4614486694,
        "mean": 14.5611095428,
        "min": 3.66337108612,
        "stdev": 6.97613811493
    },
    "erbbands_flatness_db": {
        "max": 0.433875262737,
        "mean": 0.325129300356,
        "min": 0.20228292048,
        "stdev": 0.041528429836
    },
    "erbbands_kurtosis": {
        "max": 22.8664741516,
        "mean": 1.4040043354,
        "min": -1.62817621231,
        "stdev": 2.75397729874
    },
    "erbbands_skewness": {
        "max": 3.97286105156,
        "mean": 0.57928621769,
        "min": -2.46181488037,
        "stdev": 0.751828670502
    },
    "erbbands_spread": {
        "max": 66.6504974365,
        "mean": 19.1730918884,
        "min": 2.62021064758,
        "stdev": 10.6075601578
    },
    "hfc": {
        "max": 79.4807739258,
        "mean": 22.4721240997,
        "min": 0.106368266046,
        "stdev": 15.5309944153
    },
    "loudness_ebu128": {
        "integrated": -19.9533309937,
        "loudness_range": 3.8405456543,
        "momentary": {
            "max": -16.7857246399,
            "mean": -20.4781932831,
            "min": -28.1976585388,
            "stdev": 2.31447505951
        },
        "short_term": {
            "max": -17.9592170715,
            "mean": -20.0873146057,
            "min": -23.6082038879,
            "stdev": 1.30967080593
        }
    },
    "melbands_crest": {
        "max": 32.5097007751,
        "mean": 14.7337112427,
        "min": 4.19683933258,
        "stdev": 5.74602365494
    },
    "melbands_flatness_db": {
        "max": 0.489290416241,
        "mean": 0.341142326593,
        "min": 0.235429853201,
        "stdev": 0.0336687266827
    },
    "melbands_kurtosis": {
        "max": 146.426925659,
        "mean": 4.62132692337,
        "min": -1.63450241089,
        "stdev": 6.90030241013
    },
    "melbands_skewness": {
        "max": 8.88126182556,
        "mean": 1.1912804842,
        "min": -1.37577843666,
        "stdev": 1.20987701416
    },
    "melbands_spread": {
        "max": 70.1307907104,
        "mean": 16.3046951294,
        "min": 1.63584983349,
        "stdev": 8.39841747284
    },
    "pitch_salience": {
        "max": 0.908715188503,
        "mean": 0.525845527649,
        "min": 0.166991561651,
        "stdev": 0.116711065173
    },
    "silence_rate_20dB": {
        "max": 1,
        "mean": 1,
        "min": 1,
        "stdev": 0
    },
    "silence_rate_30dB": {
        "max": 1,
        "mean": 1,
        "min": 1,
        "stdev": 0
    },
    "silence_rate_60dB": {
        "max": 1,
        "mean": 0.0199904814363,
        "min": 0,
        "stdev": 0.139970555902
    },
    "spectral_centroid": {
        "max": 2625.80493164,
        "mean": 958.441955566,
        "min": 250.646087646,
        "stdev": 306.582366943
    },
    "spectral_complexity": {
        "max": 39,
        "mean": 16.4888153076,
        "min": 1,
        "stdev": 4.55455207825
    },
    "spectral_decrease": {
        "max": -7.42945080456e-11,
        "mean": -7.15181780464e-09,
        "min": -2.29938308394e-08,
        "stdev": 4.0710848026e-09
    },
    "spectral_energy": {
        "max": 0.0936754271388,
        "mean": 0.0290309358388,
        "min": 0.000290051655611,
        "stdev": 0.0166286695749
    },
    "spectral_energyband_high": {
        "max": 0.000507801538333,
        "mean": 4.61481176899e-05,
        "min": 1.94022788946e-07,
        "stdev": 5.80771265959e-05
    },
    "spectral_energyband_low": {
        "max": 0.0249180458486,
        "mean": 0.00160936452448,
        "min": 8.12716916698e-06,
        "stdev": 0.00210419599898
    },
    "spectral_energyband_middle_high": {
        "max": 0.0782242640853,
        "mean": 0.0123376492411,
        "min": 2.35550633079e-05,
        "stdev": 0.0140647180378
    },
    "spectral_energyband_middle_low": {
        "max": 0.0771868377924,
        "mean": 0.0173418354243,
        "min": 0.000166544996318,
        "stdev": 0.0128323333338
    },
    "spectral_entropy": {
        "max": 7.70140314102,
        "mean": 6.81055307388,
        "min": 5.658452034,
        "stdev": 0.258280605078
    },
    "spectral_flux": {
        "max": 0.227837875485,
        "mean": 0.0839280560613,
        "min": 0.00863461662084,
        "stdev": 0.0406271964312
    },
    "spectral_kurtosis": {
        "max": 59.6052284241,
        "mean": 11.3824300766,
        "min": -0.600436210632,
        "stdev": 8.07268714905
    },
    "spectral_rms": {
        "max": 0.00955984648317,
        "mean": 0.005066790618,
        "min": 0.00053195602959,
        "stdev": 0.00162806222215
    },
    "spectral_rolloff": {
        "max": 3079.24804688,
        "mean": 1070.98132324,
        "min": 193.798828125,
        "stdev": 478.061737061
    },
    "spectral_skewness": {
        "max": 5.6185631752,
        "mean": 1.79568433762,
        "min": 0.0282573942095,
        "stdev": 0.692458570004
    },
    "spectral_spread": {
        "max": 6561042,
        "mean": 1868471.875,
        "min": 945484.9375,
        "stdev": 337915.625
    },
    "spectral_strongpeak": {
        "max": 9.7337064743,
        "mean": 2.60162329674,
        "min": 0.0162816252559,
        "stdev": 2.19275712967
    },
    "zerocrossingrate": {
        "max": 0.09716796875,
        "mean": 0.0407829880714,
        "min": 0.01123046875,
        "stdev": 0.0115116443485
    },
    "barkbands": {
        "max": [0.000166147190612, 0.0025239745155, 0.0131254661828, 0.0289595797658, 0.0341045297682, 0.0334796793759, 0.0625573918223, 0.0459192469716, 0.0691296309233, 0.0849530920386, 0.0326380170882, 0.0328287482262, 0.0235908497125, 0.0231596101075, 0.0162845216691, 0.0158243887126, 0.00622688699514, 0.00425736838952, 0.00207427004352, 0.000539572793059, 0.000153780201799, 0.000437916314695, 9.68129029388e-07, 9.04228670606e-07, 8.65578442699e-07, 8.45155113893e-07, 8.99466726878e-07],
        "mean": [1.46492657223e-05, 0.000216731321416, 0.000760971743148, 0.00151047017425, 0.00371604110114, 0.00245227105916, 0.0012125299545, 0.00153069209773, 0.00422425568104, 0.00687231076881, 0.00139224436134, 0.00147590704728, 0.000816990796011, 0.000607163994573, 0.000761963136028, 0.000613192038145, 0.000315920682624, 0.000293364166282, 0.000175301247509, 4.58513495687e-05, 1.15426091725e-05, 1.054895165e-05, 3.41830874717e-09, 1.51619883315e-09, 1.43798684071e-09, 1.38385103376e-09, 1.47054091126e-09],
        "min": [9.83074670557e-08, 4.73372466558e-07, 3.47273612533e-07, 9.64651690083e-07, 1.30134333176e-06, 1.13337446237e-05, 6.8596618803e-06, 2.92686877401e-06, 6.73176100463e-06, 1.42389046687e-06, 2.76260539067e-06, 7.75294154209e-07, 1.88160970538e-06, 2.38486563831e-07, 3.51695319978e-07, 2.95197992273e-07, 1.39511811881e-07, 1.44594366702e-07, 9.44344833442e-08, 6.9994904095e-08, 1.01393766272e-07, 3.81015397011e-08, 8.27080209875e-11, 8.57754492434e-11, 8.84890494213e-11, 8.32993951594e-11, 8.83916620453e-11],
        "stdev": [1.65397814271e-05, 0.000226877673413, 0.00129460659809, 0.0022033196874, 0.0038294182159, 0.00330162327737, 0.00373897235841, 0.0037990892306, 0.00823947414756, 0.0127671202645, 0.00357954297215, 0.00353219802491, 0.00188712438103, 0.00186970853247, 0.00153464195319, 0.00128182407934, 0.000440169184003, 0.00037220978993, 0.000220664878725, 6.30083013675e-05, 1.32757240863e-05, 3.05777539324e-05, 2.19867750673e-08, 1.98579499511e-08, 1.89945854601e-08, 1.85372517336e-08, 1.97230143328e-08]
    },
    "erbbands": {
        "max": [0.073651984334, 0.936202347279, 11.383687973, 53.8487854004, 142.345367432, 90.1517791748, 271.031341553, 409.958526611, 909.905944824, 386.12487793, 1395.96350098, 2073.40795898, 3175.51831055, 2740.94873047, 2315.01953125, 1588.06445312, 1272.93041992, 864.022827148, 816.012756348, 645.527038574, 652.03125, 342.691162109, 305.717987061, 147.766372681, 33.767375946, 23.0309486389, 15.8366756439, 4.76522493362, 16.7708873749, 11.8144254684, 0.317262709141, 0.0200748667121, 0.0144731374457, 0.00980669353157, 0.00609703036025, 0.00336927548051, 0.00156274519395, 0.000557048944756, 0.000128682091599, 0.000109267020889],
        "mean": [0.00521004805341, 0.0616992078722, 0.598107278347, 3.28817462921, 9.63810348511, 11.4061126709, 16.6437091827, 22.4118938446, 18.5119953156, 18.5764694214, 41.53125, 109.24256134, 190.897964478, 142.226242065, 82.7545852661, 49.6002578735, 43.483039856, 30.5754375458, 38.726600647, 38.5893630981, 27.9138088226, 16.0809078217, 17.5064754486, 14.0238723755, 4.06972122192, 2.23230886459, 0.888359844685, 0.36169731617, 0.35375520587, 0.154988124967, 0.00425745081156, 0.000290450640023, 8.263001655e-05, 4.9317623052e-05, 3.47120767401e-05, 2.40656881942e-05, 1.37239376272e-05, 4.34099547419e-06, 1.53187702381e-05, 3.39489706676e-05],
        "min": [2.1368432499e-05, 0.00036567056668, 0.000563246023376, 0.00288911745884, 0.00350143900141, 0.00458300905302, 0.128589630127, 0.179277315736, 0.123897172511, 0.126999124885, 0.0660920739174, 0.210033833981, 0.215680509806, 0.140551507473, 0.0639145821333, 0.10375135392, 0.0904699042439, 0.0540093518794, 0.0298306159675, 0.0143729429692, 0.0113106435165, 0.00969259999692, 0.00786084868014, 0.00534439645708, 0.00526224542409, 0.00371683598496, 0.00263056275435, 0.00332156638615, 0.00147563172504, 0.000520551810041, 1.67836515175e-05, 3.77810670216e-06, 2.3183824851e-06, 1.74748413428e-06, 1.0062203728e-06, 5.94086088768e-07, 3.78430939918e-07, 1.21029984257e-07, 1.82490722977e-07, 3.27562247548e-07],
        "stdev": [0.00604930799454, 0.0643229261041, 0.910264134407, 4.37710809708, 12.7707281113, 11.7796907425, 24.4208965302, 33.0986824036, 51.8411750793, 34.5728530884, 105.65877533, 212.97164917, 375.166778564, 324.733917236, 217.10508728, 106.405349731, 96.2090988159, 73.2157669067, 73.9746398926, 65.6637878418, 56.1560897827, 20.5122203827, 23.1189861298, 17.4504947662, 4.00431108475, 2.74130797386, 1.09211015701, 0.412641435862, 0.936930835247, 0.624361932278, 0.0163955800235, 0.000899284263141, 0.000328935682774, 0.000216107524466, 0.00013434025459, 7.45312718209e-05, 3.47849272657e-05, 1.24045855046e-05, 9.14051724976e-06, 1.95423817786e-05]
    },
    "gfcc": {
        "mean": [-93.9208145142, 211.848815918, -195.119033813, 6.64179134369, -25.5017910004, -49.5348587036, 3.20211362839, -28.395357132, -14.1145114899, -17.7088356018, -20.9765491486, -2.45669054985, -3.82901763916],
        "cov": [[1449.07641602, -194.806777954, -326.811950684, -55.4479942322, 97.0115661621, 31.7153720856, 41.2231140137, 10.181312561, -72.8323287964, -104.446434021, -63.1449241638, -10.4588222504, 66.5198822021], [-194.806777954, 227.746643066, 163.81022644, 11.220536232, 41.9012794495, -29.4665184021, -14.2540769577, 1.87342298031, 9.36894893646, 7.68963575363, -9.1880531311, -20.6161499023, -29.1990337372], [-326.811950684, 163.81022644, 328.936889648, 135.961029053, -54.7623901367, 17.7637367249, -20.9260520935, -35.5994644165, 36.2361793518, -20.5975093842, -26.4073467255, -22.2486877441, -62.7886238098], [-55.4479942322, 11.220536232, 135.961029053, 343.47354126, -42.1602096558, -4.46037387848, -50.7742500305, -94.0749664307, 67.8869094849, -32.2386322021, -31.2314033508, 4.2253651619, -62.3744812012], [97.0115661621, 41.9012794495, -54.7623901367, -42.1602096558, 215.900604248, 19.1644077301, 6.22575950623, 50.1274299622, -64.2804107666, 10.7745456696, -6.17869663239, -31.6765174866, 41.3110961914], [31.7153720856, -29.4665184021, 17.7637367249, -4.46037387848, 19.1644077301, 132.628005981, 58.8264656067, -26.353975296, -21.3631820679, -20.7416210175, -0.0180216468871, 3.0319776535, -7.84553098679], [41.2231140137, -14.2540769577, -20.9260520935, -50.7742500305, 6.22575950623, 58.8264656067, 103.59312439, 39.9761962891, -31.4163131714, -17.2803535461, -6.99952888489, -8.78228282928, 17.049539566], [10.181312561, 1.87342298031, -35.5994644165, -94.0749664307, 50.1274299622, -26.353975296, 39.9761962891, 129.579284668, 11.6122226715, 1.00041592121, -24.287191391, -24.8604717255, 36.640460968], [-72.8323287964, 9.36894893646, 36.2361793518, 67.8869094849, -64.2804107666, -21.3631820679, -31.4163131714, 11.6122226715, 123.712928772, 16.0078639984, -31.0661697388, 0.947426080704, -22.7014732361], [-104.446434021, 7.68963575363, -20.5975093842, -32.2386322021, 10.7745456696, -20.7416210175, -17.2803535461, 1.00041592121, 16.0078639984, 93.6384048462, 64.7271881104, 1.16482055187, -3.8237555027], [-63.1449241638, -9.1880531311, -26.4073467255, -31.2314033508, -6.17869663239, -0.0180216468871, -6.99952888489, -24.287191391, -31.0661697388, 64.7271881104, 123.001426697, 52.8255805969, -18.2792186737], [-10.4588222504, -20.6161499023, -22.2486877441, 4.2253651619, -31.6765174866, 3.0319776535, -8.78228282928, -24.8604717255, 0.947426080704, 1.16482055187, 52.8255805969, 78.8804931641, 17.8463497162], [66.5198822021, -29.1990337372, -62.7886238098, -62.3744812012, 41.3110961914, -7.84553098679, 17.049539566, 36.640460968, -22.7014732361, -3.8237555027, -18.2792186737, 17.8463497162, 91.759475708]],
        "icov": [[0.001138668973, 0.00022511757561, 0.00109636224806, 4.71339808428e-05, -0.000595018616877, 0.000237519067014, -0.000326466251863, 0.00100327050313, -0.00118107628077, 0.00298383692279, -0.00186052406207, 0.00197857315652, -0.000946645450313], [0.00022511757561, 0.0169584657997, -0.0118254683912, 0.00779672991484, -0.0138414483517, 0.0152842896059, -0.0131505643949, 0.0133196599782, -0.0105137676001, 0.00338648143224, 4.43387616542e-05, -0.00388003257103, 0.00540789309889], [0.00109636224806, -0.0118254683912, 0.0139377629384, -0.00735409557819, 0.0109214000404, -0.0126645863056, 0.0110700810328, -0.0107825566083, 0.00845634285361, -0.00088921142742, 0.000155845220434, 0.00447169039398, -0.00255426159129], [4.71339808428e-05, 0.00779672991484, -0.00735409557819, 0.0102514997125, -0.0100137693807, 0.0108535662293, -0.00955178961158, 0.0141182653606, -0.0126400748268, 0.00780871277675, -0.00374748487957, 0.000386539439205, 0.00233323662542], [-0.000595018616877, -0.0138414483517, 0.0109214000404, -0.0100137693807, 0.0227966252714, -0.0199488271028, 0.019669899717, -0.0219278093427, 0.0209176186472, -0.0122399944812, 0.00681988708675, 0.00148771249224, -0.00444042216986], [0.000237519067014, 0.0152842896059, -0.0126645863056, 0.0108535662293, -0.0199488271028, 0.0322092100978, -0.0276079755276, 0.0261162370443, -0.0201309174299, 0.0124316792935, -0.00694615067914, -0.000431679829489, 0.00407747365534], [-0.000326466251863, -0.0131505643949, 0.0110700810328, -0.00955178961158, 0.019669899717, -0.0276079755276, 0.037084504962, -0.0278299599886, 0.0222298391163, -0.0093494458124, 0.00578601192683, 0.00134072126821, -0.00385789852589], [0.00100327050313, 0.0133196599782, -0.0107825566083, 0.0141182653606, -0.0219278093427, 0.0261162370443, -0.0278299599886, 0.0412375852466, -0.0331636816263, 0.0253657680005, -0.0216758400202, 0.0162759590894, -0.00809173192829], [-0.00118107628077, -0.0105137676001, 0.00845634285361, -0.0126400748268, 0.0209176186472, -0.0201309174299, 0.0222298391163, -0.0331636816263, 0.0506766289473, -0.0459518805146, 0.0479938499629, -0.0351743549109, 0.0197028499097], [0.00298383692279, 0.00338648143224, -0.00088921142742, 0.00780871277675, -0.0122399944812, 0.0124316792935, -0.0093494458124, 0.0253657680005, -0.0459518805146, 0.0748464092612, -0.0732651725411, 0.0579979233444, -0.0323286689818], [-0.00186052406207, 4.43387616542e-05, 0.000155845220434, -0.00374748487957, 0.00681988708675, -0.00694615067914, 0.00578601192683, -0.0216758400202, 0.0479938499629, -0.0732651725411, 0.0917700827122, -0.0741612911224, 0.0443638302386], [0.00197857315652, -0.00388003257103, 0.00447169039398, 0.000386539439205, 0.00148771249224, -0.000431679829489, 0.00134072126821, 0.0162759590894, -0.0351743549109, 0.0579979233444, -0.0741612911224, 0.0780269876122, -0.0430357344449], [-0.000946645450313, 0.00540789309889, -0.00255426159129, 0.00233323662542, -0.00444042216986, 0.00407747365534, -0.00385789852589, -0.00809173192829, 0.0197028499097, -0.0323286689818, 0.0443638302386, -0.0430357344449, 0.040174100548]]
    },
    "melbands": {
        "max": [0.000583730987273, 0.00441226409748, 0.0109356148168, 0.00801173225045, 0.00791971944273, 0.00808330066502, 0.0137513596565, 0.00584363145754, 0.0123149044812, 0.0136212036014, 0.0160405095667, 0.0116793988273, 0.00553135061637, 0.00439287070185, 0.003023076104, 0.00211474578828, 0.0020761564374, 0.00120306957979, 0.00174962717574, 0.0014067911543, 0.000617773155682, 0.000492518593092, 0.000257071194937, 0.000208193654544, 0.000153541026521, 4.85053533339e-05, 2.98696086247e-05, 1.94223339349e-05, 1.76348603418e-05, 2.95684503726e-06, 2.35228321799e-06, 6.78898732076e-06, 1.68290735019e-05, 1.93364053303e-06, 1.56099062565e-08, 1.35608271279e-08, 1.17391305565e-08, 1.0288500718e-08, 9.04717190053e-09, 8.00766564168e-09],
        "mean": [5.43420246686e-05, 0.000261097651673, 0.000764086900745, 0.000770888174884, 0.000576968537644, 0.000474780070363, 0.000280323176412, 0.000214699379285, 0.000369899149518, 0.000706436636392, 0.000954629445914, 0.000605206994805, 0.000226170857786, 0.000188120422536, 9.53226626734e-05, 7.91474885773e-05, 5.77990394959e-05, 6.19771381025e-05, 5.48613243154e-05, 5.39348438906e-05, 2.65464859694e-05, 1.6481788407e-05, 1.99069472728e-05, 1.10049950308e-05, 1.23057507153e-05, 3.26072927237e-06, 1.87403998098e-06, 1.40403835758e-06, 6.74611953855e-07, 2.64449937504e-07, 1.83272121035e-07, 1.60651836723e-07, 2.73586209687e-07, 1.48698804381e-08, 3.00382496654e-11, 2.23697432106e-11, 1.96670821989e-11, 1.72856173819e-11, 1.53053195118e-11, 1.35178682484e-11],
        "min": [1.91486279277e-07, 5.60632486213e-07, 5.25239954641e-07, 1.60348164968e-07, 3.59632895197e-06, 3.4573308767e-06, 1.41084251482e-06, 1.09538052584e-06, 3.77457467948e-07, 8.90466026249e-07, 3.05856588056e-07, 4.15222132233e-07, 2.94031735848e-07, 5.72557361522e-08, 1.1833189717e-07, 1.84834021866e-07, 3.75978963518e-08, 4.89229883271e-08, 1.48017473833e-08, 2.17268389946e-08, 1.00223758182e-08, 8.08781575046e-09, 5.09037834107e-09, 6.70220456911e-09, 2.59600518859e-09, 3.72035602325e-09, 3.05768410591e-09, 1.95984672935e-09, 1.58646418225e-09, 1.68401770306e-09, 1.62660840353e-09, 6.91485979587e-10, 9.37906419196e-10, 3.06925734828e-11, 8.37128923039e-13, 7.34461157257e-13, 8.81186941991e-13, 7.91581481353e-13, 9.39013406961e-13, 7.34306929498e-13],
        "stdev": [5.6854893046e-05, 0.000365896295989, 0.000942500191741, 0.000839581363834, 0.0007297838456, 0.000673039932735, 0.00081034709001, 0.000410437904065, 0.000945754174609, 0.00142503867391, 0.00192903820425, 0.00141319818795, 0.000559689186048, 0.000461431365693, 0.000215999549255, 0.00018459027342, 0.000171997278812, 0.00012802182755, 0.000118634794489, 0.000104358048702, 5.21732799825e-05, 2.78359239019e-05, 2.67813793471e-05, 1.47619985e-05, 1.70166513271e-05, 3.25112705468e-06, 2.52091194852e-06, 1.98317798095e-06, 1.10573193979e-06, 3.02115807926e-07, 2.28921791745e-07, 3.26407757711e-07, 1.07743790068e-06, 7.20390787023e-08, 3.43587269747e-10, 2.9797520007e-10, 2.57871474174e-10, 2.25911719887e-10, 1.98585065059e-10, 1.75732386976e-10]
    },
    "melbands128": {
        "max": [0.000132071523694, 0.000614990305621, 0.000935922435019, 0.00168393319473, 0.00492898654193, 0.00713121797889, 0.0122131220996, 0.0163331180811, 0.0186347551644, 0.0117188328877, 0.00643427297473, 0.00748099805787, 0.0124226007611, 0.00849422626197, 0.0134626235813, 0.012240675278, 0.0135644543916, 0.0258547626436, 0.0149252926931, 0.00411938503385, 0.0129030253738, 0.0171527657658, 0.0241964738816, 0.0140588786453, 0.0180568899959, 0.023508630693, 0.0143961105496, 0.0317507870495, 0.0247382596135, 0.0177756138146, 0.0184345524758, 0.0100260591134, 0.0072266580537, 0.01787394844, 0.00849686935544, 0.00245930533856, 0.0102292578667, 0.00453356280923, 0.00502634095028, 0.00541051058099, 0.00263441051356, 0.0022924724035, 0.000922281993553, 0.00615422055125, 0.00286321504973, 0.00272923056036, 0.00407422054559, 0.00385646917857, 0.00210872711614, 0.0018791774055, 0.00305101252161, 0.00297446805052, 0.00102721969597, 0.0002827119024, 0.00102792785037, 0.000785114825703, 0.000366960914107, 0.00054617022397, 0.000475461391034, 0.000794243591372, 0.000167723148479, 0.000339892518241, 0.000320346473018, 0.000332570285536, 0.00010945264512, 6.6498927481e-05, 4.60740047856e-05, 7.95510131866e-05, 3.83510159736e-05, 4.3589672714e-05, 4.60817864223e-05, 4.12091685575e-05, 5.9784953919e-05, 1.41956788866e-05, 4.22795801569e-06, 5.10976360601e-06, 4.6278469199e-06, 4.00204817197e-06, 2.62006642515e-06, 5.28648888576e-06, 2.854108061e-06, 3.7888330553e-06, 3.31441297021e-05, 3.55970951205e-05, 1.28145284179e-05, 4.7459487007e-08, 1.78588326349e-08, 1.66025486692e-08, 1.56833941389e-08, 1.47592524868e-08, 1.40497977696e-08, 1.3357649209e-08, 1.24899370846e-08, 1.18641638736e-08, 1.12152758192e-08, 1.06266275779e-08, 1.01363593075e-08, 9.73131797366e-09, 9.14601105961e-09, 8.70584848656e-09, 8.28525514862e-09, 7.95306664969e-09, 7.59874563272e-09, 7.24346005399e-09, 6.88957424444e-09, 6.56249454778e-09, 6.27456975266e-09, 6.04515193459e-09, 5.82207704269e-09, 5.56826007525e-09, 5.34799005081e-09, 5.1674513557e-09, 4.92765250826e-09, 4.77937778243e-09, 4.61862281753e-09, 4.47815740046e-09, 4.32609548184e-09, 4.20244283816e-09, 4.06424227606e-09, 3.97700095078e-09, 3.89435772519e-09, 3.79008113782e-09, 3.75486486348e-09, 3.67757224673e-09, 3.60811469591e-09, 3.5749734284e-09, 3.53930040831e-09, 3.51985796065e-09],
        "mean": [1.1019978956e-05, 3.33220887114e-05, 7.38067901693e-05, 9.23419138417e-05, 0.000173332489794, 0.000451972562587, 0.000603126245551, 0.000833040394355, 0.00107963185292, 0.000772346567828, 0.00057420541998, 0.000610103015788, 0.000595613033511, 0.000484220974613, 0.000639714533463, 0.000365411659004, 0.000221866852371, 0.000344449363183, 0.000257160922047, 0.000138598217745, 0.00025858686422, 0.000236388237681, 0.000437380222138, 0.000365524931112, 0.00070927827619, 0.000933141564019, 0.00053920946084, 0.00132668949664, 0.000839953310788, 0.000756442546844, 0.000581195869017, 0.000109002095996, 0.000105061553768, 0.000455016386695, 0.000232658872847, 7.26050784579e-05, 0.000169798382558, 4.75652122987e-05, 9.09672235139e-05, 0.000137333699968, 6.24689346296e-05, 2.69021365966e-05, 2.65014459728e-05, 0.00012293108739, 4.46755293524e-05, 4.28200037277e-05, 9.01823295862e-05, 4.41609045083e-05, 4.61219642602e-05, 5.69879011891e-05, 4.68318794447e-05, 7.24969504518e-05, 1.71828614839e-05, 1.16800329124e-05, 3.15735560434e-05, 1.35873006002e-05, 5.98350789005e-06, 2.42587848334e-05, 2.18179411604e-05, 1.85105818673e-05, 7.46840396459e-06, 7.70865062805e-06, 1.51696194735e-05, 1.52406109919e-05, 5.29718136022e-06, 1.60494039392e-06, 3.08621861222e-06, 2.26303313866e-06, 1.32750562898e-06, 1.52945574428e-06, 1.72731995463e-06, 1.0960252439e-06, 1.11598080821e-06, 5.3362680319e-07, 2.81237873878e-07, 2.84400101691e-07, 2.51775162496e-07, 1.81436178082e-07, 1.62024193173e-07, 2.17723069795e-07, 1.14684240771e-07, 1.2233222435e-07, 2.82739733848e-07, 4.47547137128e-07, 9.78144498731e-08, 5.69704450282e-10, 1.02868928653e-10, 3.58748412921e-11, 2.60837913768e-11, 2.42989465354e-11, 2.30797655293e-11, 2.199036786e-11, 2.08488781794e-11, 1.99001006645e-11, 1.8829819648e-11, 1.78710587995e-11, 1.70304517016e-11, 1.63282061483e-11, 1.547966616e-11, 1.47729987965e-11, 1.4104074679e-11, 1.34285230505e-11, 1.26889445132e-11, 1.19267920193e-11, 1.11975897304e-11, 1.06006575046e-11, 1.01470212441e-11, 9.78513537558e-12, 9.42114355279e-12, 9.04718747835e-12, 8.77174114594e-12, 8.46015531936e-12, 8.1172629382e-12, 7.86110933293e-12, 7.63125066611e-12, 7.4544303022e-12, 7.22295096997e-12, 6.89316225627e-12, 6.72137085572e-12, 6.5888483905e-12, 6.42239863721e-12, 6.2784326349e-12, 6.17341767983e-12, 6.03758189277e-12, 5.79636425663e-12, 5.39811988512e-12, 5.23430647784e-12, 5.19215052897e-12],
        "min": [5.22710763562e-09, 8.65160103558e-08, 2.57080159827e-07, 1.29212409661e-07, 3.17802204108e-07, 2.04550090643e-07, 5.95313338181e-07, 3.83931023862e-07, 1.65542402897e-07, 3.78571662907e-08, 4.13393905774e-08, 4.43140208972e-07, 1.7463507902e-06, 1.45884462199e-06, 6.85808117851e-07, 1.44381556311e-06, 4.75904414543e-07, 6.1435190446e-07, 3.12963635452e-07, 6.66202083721e-07, 4.35571251955e-07, 3.71146171574e-07, 2.42980604526e-07, 1.40085219869e-07, 2.15090750544e-07, 1.92351620854e-07, 9.02717687268e-08, 1.59979691716e-07, 6.36569907897e-08, 5.4478238809e-08, 1.33906709721e-07, 1.39819874789e-07, 7.47053618966e-08, 7.93273429167e-08, 1.33846986827e-08, 3.63373153789e-08, 1.44867541962e-07, 4.09892564335e-08, 5.85381592089e-08, 9.1914678535e-08, 1.55809644298e-07, 8.38497058453e-08, 1.07004973771e-08, 1.19009158084e-08, 2.0987140914e-08, 5.74812659693e-08, 9.22269816073e-09, 1.15652172283e-08, 1.12773932415e-08, 2.40738557977e-08, 1.63955178323e-08, 1.30321389236e-08, 9.59227985931e-09, 8.39120506413e-09, 5.65938496067e-09, 9.10189346115e-09, 2.36917974128e-09, 1.19174081714e-09, 4.625629213e-09, 5.93322280196e-09, 3.31184568658e-09, 3.24647198013e-09, 1.963548657e-09, 2.37276975845e-09, 1.79729675587e-09, 2.97727820175e-09, 2.38180453138e-09, 2.27231411465e-09, 2.5689625982e-09, 1.75238024092e-09, 1.5642290796e-09, 8.89449069952e-10, 1.24942367563e-09, 1.86834259175e-09, 1.04987440963e-09, 1.08792175268e-09, 1.63965951927e-09, 1.13542075741e-09, 8.8804436027e-10, 7.30773497271e-10, 7.09340919336e-10, 4.95245011667e-10, 8.73618954955e-10, 1.62832158868e-09, 1.88470253293e-10, 4.19444860789e-12, 6.21404024157e-13, 6.88676383715e-13, 7.15512067997e-13, 5.82330678903e-13, 5.96795779028e-13, 6.70915796877e-13, 7.05504773525e-13, 5.54148740783e-13, 3.94967722807e-13, 4.45684748872e-13, 5.08883733763e-13, 5.15302806935e-13, 6.6507845238e-13, 5.10086222393e-13, 4.3703766734e-13, 5.68852582226e-13, 4.35231928622e-13, 4.02772650301e-13, 2.84644757851e-13, 2.48576549969e-13, 2.51198747133e-13, 3.05978793734e-13, 2.58524836738e-13, 3.52736205045e-13, 3.3358968257e-13, 3.3955854079e-13, 3.0445681783e-13, 2.61028693235e-13, 3.39095586463e-13, 3.9524102307e-13, 3.25866124449e-13, 2.72241322367e-13, 2.40156446162e-13, 2.60662775002e-13, 2.87050060371e-13, 2.0523860389e-13, 2.45102251212e-13, 2.78396609151e-13, 1.63042593749e-13, 5.68635104823e-14, 7.780498217e-15, 2.4875780062e-16],
        "stdev": [1.2675644939e-05, 4.53074317193e-05, 9.04009357328e-05, 0.000109952459752, 0.000276353443041, 0.000790974823758, 0.000917933532037, 0.00129823258612, 0.00165216752794, 0.00108675961383, 0.000725878053345, 0.000805175572168, 0.00112607143819, 0.000784788688179, 0.00106365862302, 0.000736941001378, 0.000713442917913, 0.00138317421079, 0.000917500990909, 0.000289028947009, 0.000706017308403, 0.000721477495972, 0.00170414731838, 0.00102404307108, 0.0018634860171, 0.00247598998249, 0.00137083500158, 0.00346210016869, 0.00240070233122, 0.00224472978152, 0.00178559531923, 0.000506353448145, 0.000397449533921, 0.00157455552835, 0.000838266278151, 0.000164525466971, 0.000596459198277, 0.000206727127079, 0.000282449909719, 0.00042011262849, 0.000201815142646, 0.000108537322376, 6.49116627756e-05, 0.000484586285893, 0.000160301613505, 0.000159542832989, 0.00025640099193, 0.000196962850168, 0.00014848432329, 0.000147688871948, 0.00012811999477, 0.00023077520018, 5.33208221896e-05, 2.41205416387e-05, 6.80672455928e-05, 3.39425168931e-05, 1.40960355566e-05, 4.44039214926e-05, 3.5480796214e-05, 4.74190565001e-05, 1.13867099572e-05, 1.70551866177e-05, 2.85962360067e-05, 2.85388177872e-05, 8.00733687356e-06, 2.45638079832e-06, 4.80347580378e-06, 4.89627836942e-06, 3.10575319418e-06, 2.91750734505e-06, 3.7681681988e-06, 2.4186497285e-06, 3.10794121106e-06, 8.66279833645e-07, 4.03703012353e-07, 3.57695341791e-07, 3.55298197974e-07, 2.69610183068e-07, 2.34862213233e-07, 3.50825729356e-07, 1.87655160744e-07, 2.55581795727e-07, 1.17254649012e-06, 1.98502289095e-06, 4.77167020563e-07, 1.92657978459e-09, 4.79712936041e-10, 3.67464836337e-10, 3.44817674414e-10, 3.24438337307e-10, 3.0876806667e-10, 2.93463031653e-10, 2.74381128929e-10, 2.6062624281e-10, 2.46354076028e-10, 2.33384311876e-10, 2.2255258747e-10, 2.13607978528e-10, 2.00768887626e-10, 1.91072879741e-10, 1.81849008074e-10, 1.74527794994e-10, 1.66738706175e-10, 1.58935961614e-10, 1.51182150132e-10, 1.44010386949e-10, 1.37669459166e-10, 1.32636526762e-10, 1.27713700726e-10, 1.22131763036e-10, 1.1729607563e-10, 1.13342668584e-10, 1.08083271499e-10, 1.04816808011e-10, 1.01290684174e-10, 9.81977416048e-11, 9.48617295826e-11, 9.21560536216e-11, 8.91351506493e-11, 8.72138680719e-11, 8.53814657864e-11, 8.31093943665e-11, 8.23189988397e-11, 8.06284553012e-11, 7.91159915359e-11, 7.83955539374e-11, 7.76153169513e-11, 7.71888941653e-11]
    },
    "mfcc": {
        "mean": [-723.612609863, 242.554489136, -96.0555648804, 53.21717453, -26.8860626221, -1.42497706413, -2.83013796806, -7.14902019501, 8.99135684967, -22.4993286133, 4.48709344864, -20.3711643219, -6.69608259201],
        "cov": [[1160.42175293, 87.2535858154, -542.8515625, 152.398117065, -132.667877197, 59.5186500549, 7.08625173569, 28.6661586761, 83.05418396, -60.1103019714, -34.0546913147, -140.36807251, -5.17985296249], [87.2535858154, 186.805282593, 5.8199300766, -62.0406646729, 37.7326545715, -34.71352005, 30.5202217102, 17.002407074, -2.28137731552, 18.2231445312, -4.32525157928, 10.6587295532, -37.0154495239], [-542.8515625, 5.8199300766, 492.705108643, 31.3251266479, 36.4456100464, 44.3523712158, -60.0365409851, -3.87060499191, -40.7639656067, -18.103225708, 66.7136535645, 54.4164199829, -1.55770039558], [152.398117065, -62.0406646729, 31.3251266479, 232.146224976, 29.3311653137, 45.304145813, -45.4404830933, -16.057718277, 21.2312431335, -34.8899230957, 0.901534974575, -25.2064399719, 25.196269989], [-132.667877197, 37.7326545715, 36.4456100464, 29.3311653137, 168.707931519, -1.89745819569, 7.39626264572, -7.24774456024, -5.95915746689, 28.9131965637, -28.3672389984, 26.0566253662, 3.14397716522], [59.5186500549, -34.71352005, 44.3523712158, 45.304145813, -1.89745819569, 151.077255249, 16.1411437988, 0.929380476475, 0.323191285133, -35.4771575928, 11.8069295883, -36.6919288635, 8.54526329041], [7.08625173569, 30.5202217102, -60.0365409851, -45.4404830933, 7.39626264572, 16.1411437988, 148.737487793, 31.0108585358, -26.1475734711, 23.6832351685, -32.108341217, -9.26944160461, -15.6834602356], [28.6661586761, 17.002407074, -3.87060499191, -16.057718277, -7.24774456024, 0.929380476475, 31.0108585358, 91.0350036621, 43.3382606506, -1.89619982243, -8.76340484619, -31.2240505219, -15.5144729614], [83.05418396, -2.28137731552, -40.7639656067, 21.2312431335, -5.95915746689, 0.323191285133, -26.1475734711, 43.3382606506, 123.624031067, 38.8109474182, -27.5552883148, -38.7068252563, -33.3246612549], [-60.1103019714, 18.2231445312, -18.103225708, -34.8899230957, 28.9131965637, -35.4771575928, 23.6832351685, -1.89619982243, 38.8109474182, 106.859672546, 9.85905647278, -12.9591436386, -26.8126621246], [-34.0546913147, -4.32525157928, 66.7136535645, 0.901534974575, -28.3672389984, 11.8069295883, -32.108341217, -8.76340484619, -27.5552883148, 9.85905647278, 92.1637802124, 27.8536815643, 5.41952514648], [-140.36807251, 10.6587295532, 54.4164199829, -25.2064399719, 26.0566253662, -36.6919288635, -9.26944160461, -31.2240505219, -38.7068252563, -12.9591436386, 27.8536815643, 108.81854248, 39.4679832458], [-5.17985296249, -37.0154495239, -1.55770039558, 25.196269989, 3.14397716522, 8.54526329041, -15.6834602356, -15.5144729614, -33.3246612549, -26.8126621246, 5.41952514648, 39.4679832458, 86.7637405396]],
        "icov": [[0.0271643847227, -0.0348200239241, 0.0358120650053, -0.0324460789561, 0.0310688205063, -0.0282672587782, 0.0248802453279, -0.022186383605, 0.0192322470248, -0.0148895001039, 0.011989868246, -0.00787465646863, 0.00463905138895], [-0.0348200239241, 0.0521931499243, -0.0465468093753, 0.0443780422211, -0.0440448857844, 0.0402545072138, -0.0363398976624, 0.0316880866885, -0.0292560085654, 0.0248760376126, -0.0206596460193, 0.0133534567431, -0.00513947149739], [0.0358120650053, -0.0465468093753, 0.0511788390577, -0.0455645807087, 0.0443160310388, -0.0436992533505, 0.0409083925188, -0.0382269322872, 0.035394012928, -0.0287465471774, 0.0230766963214, -0.0192050021142, 0.0116935530677], [-0.0324460789561, 0.0443780422211, -0.0455645807087, 0.0501699820161, -0.047630302608, 0.0442817509174, -0.0432101860642, 0.0441724583507, -0.0434614941478, 0.0389181524515, -0.0329506695271, 0.0268653389066, -0.0157677922398], [0.0310688205063, -0.0440448857844, 0.0443160310388, -0.047630302608, 0.0575528331101, -0.0511916801333, 0.0516432859004, -0.0517050139606, 0.053264785558, -0.0512514635921, 0.0463746376336, -0.0361697301269, 0.0189141146839], [-0.0282672587782, 0.0402545072138, -0.0436992533505, 0.0442817509174, -0.0511916801333, 0.0621241219342, -0.0587481185794, 0.0588827133179, -0.0608987994492, 0.059005908668, -0.0524696670473, 0.0445364825428, -0.0246494505554], [0.0248802453279, -0.0363398976624, 0.0409083925188, -0.0432101860642, 0.0516432859004, -0.0587481185794, 0.072074778378, -0.0692103132606, 0.0737671554089, -0.0688657090068, 0.0628824904561, -0.0494455620646, 0.0294476244599], [-0.022186383605, 0.0316880866885, -0.0382269322872, 0.0441724583507, -0.0517050139606, 0.0588827133179, -0.0692103132606, 0.0848203897476, -0.0808352380991, 0.0747500956059, -0.0665335059166, 0.0572400614619, -0.0324185080826], [0.0192322470248, -0.0292560085654, 0.035394012928, -0.0434614941478, 0.053264785558, -0.0608987994492, 0.0737671554089, -0.0808352380991, 0.0953501015902, -0.0841796770692, 0.0760441422462, -0.0595884546638, 0.0378358438611], [-0.0148895001039, 0.0248760376126, -0.0287465471774, 0.0389181524515, -0.0512514635921, 0.059005908668, -0.0688657090068, 0.0747500956059, -0.0841796770692, 0.0915142446756, -0.0758000388741, 0.0616376027465, -0.0324854701757], [0.011989868246, -0.0206596460193, 0.0230766963214, -0.0329506695271, 0.0463746376336, -0.0524696670473, 0.0628824904561, -0.0665335059166, 0.0760441422462, -0.0758000388741, 0.0811836868525, -0.0586651079357, 0.0322400853038], [-0.00787465646863, 0.0133534567431, -0.0192050021142, 0.0268653389066, -0.0361697301269, 0.0445364825428, -0.0494455620646, 0.0572400614619, -0.0595884546638, 0.0616376027465, -0.0586651079357, 0.0627165585756, -0.0334018617868], [0.00463905138895, -0.00513947149739, 0.0116935530677, -0.0157677922398, 0.0189141146839, -0.0246494505554, 0.0294476244599, -0.0324185080826, 0.0378358438611, -0.0324854701757, 0.0322400853038, -0.0334018617868, 0.0333407968283]]
    },
    "spectral_contrast_coeffs": {
        "max": [-0.427464574575, -0.457835108042, -0.41104644537, -0.584035336971, -0.615498304367, -0.406082719564],
        "mean": [-0.643189430237, -0.71608299017, -0.673121988773, -0.754924535751, -0.732946813107, -0.623970448971],
        "min": [-0.828608512878, -0.899104058743, -0.875407099724, -0.904104292393, -0.895350694656, -0.917824745178],
        "stdev": [0.0620104260743, 0.0742696523666, 0.0916847735643, 0.0587917715311, 0.0429208725691, 0.065111041069]
    },
    "spectral_contrast_valleys": {
        "max": [-5.6460185051, -5.06959295273, -5.32885980606, -6.32378911972, -6.82298707962, -11.1236028671],
        "mean": [-7.05144548416, -6.62152194977, -7.27279520035, -7.62942838669, -8.26331138611, -14.2491397858],
        "min": [-9.70513248444, -8.52680397034, -9.66516590118, -10.2972135544, -10.8377561569, -16.0908966064],
        "stdev": [0.523847222328, 0.47796151042, 0.505534052849, 0.459126651287, 0.491170287132, 0.876893281937]
    }
},
"rhythm": {
    "beats_count": 70,
    "beats_loudness": {
        "max": 0.0677941814065,
        "mean": 0.0330335497856,
        "min": 0.00906558800489,
        "stdev": 0.0143331345171
    },
    "bpm": 86.5896759033,
    "bpm_histogram_first_peak_bpm": 86,
    "bpm_histogram_first_peak_weight": 0.449275374413,
    "bpm_histogram_second_peak_bpm": 0,
    "bpm_histogram_second_peak_spread": 0,
    "bpm_histogram_second_peak_weight": 0,
    "danceability": 1.0283895731,
    "onset_rate": 3.076171875,
    "beats_loudness_band_ratio": {
        "max": [0.643323123455, 0.615398824215, 0.799043536186, 0.825915515423, 0.351667016745, 0.0406954325736],
        "mean": [0.222162798047, 0.247041866183, 0.281701385975, 0.245629698038, 0.0842217281461, 0.00949882995337],
        "min": [0.0260253809392, 0.0160194337368, 0.00817866250873, 0.012774287723, 0.0121194990352, 0.00123666180298],
        "stdev": [0.1596442312, 0.147557169199, 0.20913721621, 0.22311642766, 0.0697722360492, 0.00673817237839]
    },
    "beats_position": [0.719818592072, 1.42802715302, 2.13623571396, 2.82122445107, 3.50621318817, 4.19120168686, 4.87619018555, 5.5727891922, 6.26938772202, 6.97759628296, 7.6858048439, 8.40562343597, 9.10222244263, 9.79882049561, 10.4954195023, 11.1920175552, 11.8886165619, 12.5852155685, 13.2818136215, 14.0016326904, 14.7098407745, 15.4180498123, 16.114648819, 16.8112468719, 17.5194549561, 18.2160549164, 18.9242630005, 19.6208610535, 20.3174591064, 21.0140590668, 21.7106571198, 22.4072551727, 23.0922451019, 23.7772331238, 24.4738311768, 25.1704311371, 25.8670291901, 26.563627243, 27.2486171722, 27.9452152252, 28.6302032471, 29.3268013, 30.0001811981, 30.68516922, 31.3701572418, 32.0435371399, 32.7401351929, 33.4251251221, 34.1101112366, 34.8067131042, 35.5033111572, 36.1999092102, 36.8965072632, 37.5814971924, 38.2664833069, 38.9514732361, 39.6248512268, 40.3214492798, 41.006439209, 41.6914291382, 42.3764152527, 43.0614051819, 43.7463951111, 44.4313812256, 45.1163711548, 45.801361084, 46.4863471985, 47.1829452515, 47.8563270569, 48.5413131714],
