{
"metadata": {
    "version": {
        "essentia": "2.1-beta5",
        "essentia_git_sha": "Undefined",
        "extractor": "music 2.0"
    },
    "audio_properties": {
        "analysis": {
            "equal_loudness": 0,
            "length": 12.7477550507,
            "sample_rate": 44100,
            "start_time": 0,
            "downmix": "mix"
        },
        "bit_rate": 192000,
        "length": 172.54750061,
        "lossless": 0,
        "number_channels": 2,
        "replay_gain": -14.6320438385,
        "sample_rate": 48000,
        "codec": "mp3",
        "md5_encoded": "88bfb37a2e5999b11840201873e88a72"
    },
    "tags": {
        "file_name": "Belgium_Jennifer Jennings_Louis Neefs.mp3",
        "encoding": ["Lavf58.29.100"]
    }
},
"lowlevel": {
    "average_loudness": 0.933497130871,
    "barkbands_crest": {
        "max": 17.6402645111,
        "mean": 7.62168836594,
        "min": 2.98648786545,
        "stdev": 3.04620957375
    },
    "barkbands_flatness_db": {
        "max": 0.267264813185,
        "mean": 0.152149155736,
        "min": 0.0656704232097,
        "stdev": 0.0280439406633
    },
    "barkbands_kurtosis": {
        "max": 25.5212402344,
        "mean": 1.55473804474,
        "min": -1.47398602962,
        "stdev": 3.57927823067
    },
    "barkbands_skewness": {
        "max": 4.15795755386,
        "mean": 1.04591524601,
        "min": -2.08144831657,
        "stdev": 0.907700181007
    },
    "barkbands_spread": {
        "max": 38.5822563171,
        "mean": 19.4320087433,
        "min": 3.82185435295,
        "stdev": 7.17189836502
    },
    "dissonance": {
        "max": 0.49895375967,
        "mean": 0.475851655006,
        "min": 0.38442376256,
        "stdev": 0.0172075498849
    },
    "dynamic_complexity": 7.18671560287,
    "erbbands_crest": {
        "max": 22.3004264832,
        "mean": 7.30444669724,
        "min": 2.76288580894,
        "stdev": 2.85808539391
    },
    "erbbands_flatness_db": {
        "max": 0.276937097311,
        "mean": 0.194535925984,
        "min": 0.0970407426357,
        "stdev": 0.0313339307904
    },
    "erbbands_kurtosis": {
        "max": 7.2740688324,
        "mean": 0.449067354202,
        "min": -1.29998922348,
        "stdev": 1.32058763504
    },
    "erbbands_skewness": {
        "max": 1.43334531784,
        "mean": 0.070345826447,
        "min": -1.24533486366,
        "stdev": 0.433195322752
    },
    "erbbands_spread": {
        "max": 89.6572799683,
        "mean": 29.2109470367,
        "min": 8.4228811264,
        "stdev": 13.5123825073
    },
    "hfc": {
        "max": 75.5868225098,
        "mean": 18.0968208313,
        "min": 1.19534361543e-16,
        "stdev": 14.9938211441
    },
    "loudness_ebu128": {
        "integrated": -8.45823192596,
        "loudness_range": 6.3897819519,
        "momentary": {
            "max": -6.38076019287,
            "mean": -13.9449386597,
            "min": -38.7993545532,
            "stdev": 10.4005479813
        },
        "short_term": {
            "max": -7.34334754944,
            "mean": -9.79305839539,
            "min": -25.4543762207,
            "stdev": 3.54059767723
        }
    },
    "melbands_crest": {
        "max": 26.1273345947,
        "mean": 11.8057117462,
        "min": 1.71536529064,
        "stdev": 4.53005218506
    },
    "melbands_flatness_db": {
        "max": 0.327550768852,
        "mean": 0.174636438489,
        "min": 0.00509583111852,
        "stdev": 0.0397408604622
    },
    "melbands_kurtosis": {
        "max": 69.8679962158,
        "mean": 5.94090747833,
        "min": -1.38972353935,
        "stdev": 9.73208045959
    },
    "melbands_skewness": {
        "max": 7.42629432678,
        "mean": 1.83887815475,
        "min": -0.0586740970612,
        "stdev": 1.22042298317
    },
    "melbands_spread": {
        "max": 149.550704956,
        "mean": 25.9721317291,
        "min": 3.33488798141,
        "stdev": 13.8970565796
    },
    "pitch_salience": {
        "max": 0.848707616329,
        "mean": 0.642590761185,
        "min": 0.308376997709,
        "stdev": 0.0873056203127
    },
    "silence_rate_20dB": {
        "max": 1,
        "mean": 1,
        "min": 1,
        "stdev": 0
    },
    "silence_rate_30dB": {
        "max": 1,
        "mean": 1,
        "min": 1,
        "stdev": 0
    },
    "silence_rate_60dB": {
        "max": 1,
        "mean": 0.223636358976,
        "min": 0,
        "stdev": 0.416678756475
    },
    "spectral_centroid": {
        "max": 10785.6914062,
        "mean": 1236.36889648,
        "min": 322.728149414,
        "stdev": 584.952697754
    },
    "spectral_complexity": {
        "max": 45,
        "mean": 20.2290916443,
        "min": 0,
        "stdev": 12.0879383087
    },
    "spectral_decrease": {
        "max": 4.0325000805e-29,
        "mean": -5.90670845568e-09,
        "min": -2.3438103014e-08,
        "stdev": 4.64103289133e-09
    },
    "spectral_energy": {
        "max": 0.0953166410327,
        "mean": 0.0239347238094,
        "min": 1.0689936976e-20,
        "stdev": 0.0187057647854
    },
    "spectral_energyband_high": {
        "max": 0.00158143369481,
        "mean": 0.000254974991549,
        "min": 7.7058699915e-21,
        "stdev": 0.000268033472821
    },
    "spectral_energyband_low": {
        "max": 0.0230102688074,
        "mean": 0.0036301324144,
        "min": 6.4117011411e-23,
        "stdev": 0.00376551132649
    },
    "spectral_energyband_middle_high": {
        "max": 0.0343966782093,
        "mean": 0.00730172591284,
        "min": 1.65353333767e-21,
        "stdev": 0.00687140971422
    },
    "spectral_energyband_middle_low": {
        "max": 0.0673516094685,
        "mean": 0.0149906557053,
        "min": 3.23990399189e-22,
        "stdev": 0.0133788539097
    },
    "spectral_entropy": {
        "max": 9.78547000885,
        "mean": 7.55855131149,
        "min": 6.61722707748,
        "stdev": 0.282505303621
    },
    "spectral_flux": {
        "max": 0.208279371262,
        "mean": 0.0730722695589,
        "min": 1.03392149009e-10,
        "stdev": 0.0472936816514
    },
    "spectral_kurtosis": {
        "max": 26.8509597778,
        "mean": 4.89711666107,
        "min": -1.17756903172,
        "stdev": 2.94458389282
    },
    "spectral_rms": {
        "max": 0.00964322779328,
        "mean": 0.0041901175864,
        "min": 3.22942822657e-12,
        "stdev": 0.00240704300813
    },
    "spectral_rolloff": {
        "max": 18712.3535156,
        "mean": 1399.0324707,
        "min": 172.265625,
        "stdev": 1089.4720459
    },
    "spectral_skewness": {
        "max": 3.75623893738,
        "mean": 1.61324644089,
        "min": -0.00215649232268,
        "stdev": 0.396615207195
    },
    "spectral_spread": {
        "max": 40314108,
        "mean": 3506071.25,
        "min": 1746948.125,
        "stdev": 1840543.75
    },
    "spectral_strongpeak": {
        "max": 6.97702980042,
        "mean": 0.875424146652,
        "min": 1.9608510371e-09,
        "stdev": 1.22218155861
    },
    "zerocrossingrate": {
        "max": 0.5869140625,
        "mean": 0.0543421506882,
        "min": 0.0107421875,
        "stdev": 0.0344152674079
    },
    "barkbands": {
        "max": [0.000144150442793, 0.00617668684572, 0.00790903903544, 0.0249419994652, 0.0324191749096, 0.0119825322181, 0.0148573014885, 0.0221359282732, 0.0187467671931, 0.00892757903785, 0.0105475997552, 0.0178737789392, 0.0202908869833, 0.00576959410682, 0.00947051495314, 0.00360525166616, 0.00376123655587, 0.00330563192256, 0.00440703518689, 0.00101216952316, 0.000630193331745, 0.000402645149734, 0.000162807933521, 0.000245556788286, 8.46516122692e-05, 2.06256956403e-07, 1.12076897096e-07],
        "mean": [1.46240654431e-05, 0.000488161487738, 0.00104566174559, 0.00328004639596, 0.00503916898742, 0.00142968411092, 0.00176996632945, 0.00135765969753, 0.00176996621303, 0.00129492511041, 0.000631437229458, 0.00131777836941, 0.00142653065268, 0.000583470624406, 0.000686645391397, 0.000430793152191, 0.000370607798686, 0.000325316010276, 0.000361151644029, 0.000120315577078, 7.91784696048e-05, 5.12928418175e-05, 2.32424936257e-05, 2.95494592137e-05, 7.55696873966e-06, 5.59299229153e-09, 2.23585949755e-09],
        "min": [5.35394689892e-24, 9.50407864583e-24, 1.94221420284e-23, 4.08132177673e-23, 3.18479050874e-23, 6.86654319292e-23, 3.85780876775e-23, 2.34381335004e-23, 8.99623855181e-23, 1.17481735088e-22, 2.0650108157e-23, 1.23016484173e-22, 1.68078036615e-22, 1.68666413254e-22, 1.93237827486e-22, 1.07974875707e-22, 1.75550190218e-22, 2.44042489267e-22, 1.65374490386e-22, 3.5282792271e-22, 2.98472604306e-22, 4.95147214766e-22, 9.79438390812e-22, 7.2096323059e-22, 8.95379796133e-22, 1.68633591592e-21, 2.62012185329e-21],
        "stdev": [1.88977464859e-05, 0.000781173526775, 0.00123388727661, 0.00408083526418, 0.00593881495297, 0.00180780794472, 0.00229743123055, 0.00234788656235, 0.00217842846178, 0.00147460377775, 0.000958720047493, 0.00221251463518, 0.0023358729668, 0.000721348216757, 0.00093169300817, 0.000579237181228, 0.000496503838804, 0.000453257729532, 0.000511529389769, 0.000139444207889, 9.05004417291e-05, 6.45201726002e-05, 2.74710673693e-05, 3.49380279658e-05, 1.05481149149e-05, 1.90880697915e-08, 9.11361919265e-09]
    },
    "erbbands": {
        "max": [0.0677905231714, 1.78672122955, 7.06317949295, 58.9743843079, 97.0038452148, 162.507080078, 146.36630249, 132.444091797, 232.106704712, 168.144470215, 634.025024414, 436.85534668, 235.96395874, 348.211181641, 348.266387939, 899.293579102, 1056.52490234, 311.696838379, 578.292602539, 360.243652344, 186.968154907, 133.129882812, 139.306503296, 218.665145874, 80.842590332, 45.9105529785, 32.9335823059, 31.9036159515, 20.6055545807, 7.98776245117, 5.40411472321, 5.40549468994, 3.56709551811, 1.69187891483, 0.152833551168, 0.00581118697301, 0.000448306149337, 0.0001327318314, 6.53516399325e-05, 0.000112217363494],
        "mean": [0.00779079692438, 0.137999787927, 0.890261471272, 7.72402715683, 12.1838626862, 19.4207820892, 12.5069408417, 12.3003282547, 25.7063446045, 19.136423111, 35.7359809875, 44.1404266357, 34.5286254883, 41.4128303528, 31.4534130096, 64.3582763672, 74.8226318359, 33.7262763977, 34.7344703674, 34.1840591431, 19.078496933, 17.7707576752, 18.5935821533, 24.8292255402, 9.60743522644, 6.27106571198, 4.2436041832, 2.4943344593, 1.91587090492, 0.955353140831, 0.648495793343, 0.588366389275, 0.478722304106, 0.163543432951, 0.0136519372463, 0.000492805498652, 4.62799071101e-05, 9.80333879852e-06, 1.39590301842e-05, 2.84265552182e-05],
        "min": [4.42346293134e-22, 1.70538853499e-21, 1.23762238184e-20, 1.16661559863e-19, 1.15304311574e-19, 7.64245868117e-20, 1.40201853476e-19, 8.73330052903e-19, 7.03016615007e-19, 3.80387509133e-19, 9.85997015417e-19, 2.4218123664e-18, 3.08279171437e-18, 2.24165697848e-18, 1.93186729252e-18, 5.90286259439e-18, 7.10207513207e-18, 8.17832396296e-18, 1.08014071568e-17, 8.1064179795e-18, 6.17647202074e-18, 1.04490546856e-17, 1.51636549593e-17, 7.65952951766e-18, 1.24764528603e-17, 1.51637459491e-17, 1.45113634893e-17, 1.11359189965e-17, 1.95881514116e-17, 2.39465726766e-17, 2.64919579683e-17, 1.38700296808e-17, 1.43608712117e-17, 9.20855673638e-18, 6.71260003578e-18, 5.82232291328e-18, 2.87376751628e-18, 1.39177687555e-18, 3.96505821302e-19, 3.81078069235e-20],
        "stdev": [0.00902771018445, 0.221005901694, 1.01420271397, 8.90404987335, 15.3786153793, 23.6202735901, 18.5740013123, 16.7087993622, 32.6872787476, 24.1566925049, 61.7977714539, 55.4971046448, 39.7592124939, 52.6504592896, 37.4416313171, 107.175598145, 120.669799805, 39.8458900452, 50.6182937622, 50.9686965942, 24.1366977692, 21.3930015564, 21.7448215485, 29.8916893005, 11.7925920486, 7.18164110184, 4.82499933243, 3.07341480255, 2.62581467628, 1.13085019588, 0.818912565708, 0.712409734726, 0.575811803341, 0.217283666134, 0.0176258422434, 0.000639575184323, 5.77989849262e-05, 1.44162559081e-05, 1.11326608021e-05, 2.20689526031e-05]
    },
    "gfcc": {
        "mean": [-68.2767410278, 135.914749146, -163.240585327, 39.4512672424, -69.3566589355, 20.3664531708, -41.2594604492, -5.56421232224, -17.6008281708, -22.2159862518, -0.288709372282, -26.7342281342, 1.41548812389],
        "cov": [[21506.546875, 2130.27954102, -2044.99291992, -745.313720703, -1200.90600586, -1963.51757812, -58.0588302612, -693.9921875, -415.05657959, -745.695556641, 299.857818604, -452.460083008, -268.657989502], [2130.27954102, 544.321838379, -156.855682373, -178.865371704, -54.5148086548, -284.908111572, 19.7224388123, -108.96118927, -6.4770898819, -120.042480469, 38.6179466248, -53.4578475952, -3.31442379951], [-2044.99291992, -156.855682373, 506.829864502, 106.720291138, 42.2295532227, 152.697921753, -30.920173645, 51.3436355591, -8.14118003845, 46.4989700317, -44.3764190674, 32.3347587585, 22.4911613464], [-745.313720703, -178.865371704, 106.720291138, 220.521057129, 34.5592498779, 131.604019165, -2.67764306068, 36.0637779236, -14.2922124863, 46.2293281555, -5.26459217072, 19.5162601471, -0.123773962259], [-1200.90600586, -54.5148086548, 42.2295532227, 34.5592498779, 199.625473022, 145.173141479, 27.8246536255, 30.1130180359, 38.2551765442, 39.139125824, -6.53750610352, 29.6602210999, 18.9316635132], [-1963.51757812, -284.908111572, 152.697921753, 131.604019165, 145.173141479, 392.301452637, -21.3645000458, 108.374572754, 36.2611160278, 100.616615295, -48.3322792053, 46.7016372681, 37.9140815735], [-58.0588302612, 19.7224388123, -30.920173645, -2.67764306068, 27.8246536255, -21.3645000458, 62.7097854614, 7.06617975235, 11.0761165619, -3.25072169304, 12.5450248718, 3.54865670204, -2.09847617149], [-693.9921875, -108.96118927, 51.3436355591, 36.0637779236, 30.1130180359, 108.374572754, 7.06617975235, 81.5844421387, 32.0386123657, 41.3192214966, -14.1689863205, 21.5840988159, 15.5776767731], [-415.05657959, -6.4770898819, -8.14118003845, -14.2922124863, 38.2551765442, 36.2611160278, 11.0761165619, 32.0386123657, 61.730682373, 29.9309120178, -5.1605758667, 14.5031042099, 16.2956180573], [-745.695556641, -120.042480469, 46.4989700317, 46.2293281555, 39.139125824, 100.616615295, -3.25072169304, 41.3192214966, 29.9309120178, 68.584197998, 1.97238147259, 25.74650383, 14.3263597488], [299.857818604, 38.6179466248, -44.3764190674, -5.26459217072, -6.53750610352, -48.3322792053, 12.5450248718, -14.1689863205, -5.1605758667, 1.97238147259, 44.5149002075, 13.5644140244, -1.7246888876], [-452.460083008, -53.4578475952, 32.3347587585, 19.5162601471, 29.6602210999, 46.7016372681, 3.54865670204, 21.5840988159, 14.5031042099, 25.74650383, 13.5644140244, 50.8574333191, 24.0094051361], [-268.657989502, -3.31442379951, 22.4911613464, -0.123773962259, 18.9316635132, 37.9140815735, -2.09847617149, 15.5776767731, 16.2956180573, 14.3263597488, -1.7246888876, 24.0094051361, 38.0638465881]],
        "icov": [[0.000324061635183, -0.000814169005025, 0.000949183246121, -0.000273018260486, 0.0010613281047, 0.000144764722791, 0.000532367208507, -0.00027873320505, 0.00109061971307, 0.000358059682185, -0.000478205794934, 0.000364218401955, 0.000272900244454], [-0.000814169005025, 0.008231096901, -0.00295379641466, 0.00203644228168, -0.0036616276484, 0.000509154808242, -0.000618573569227, 0.00336124515161, -0.00843986216933, 0.00859483517706, -0.00652827415615, 0.00589586421847, -0.00700986851007], [0.000949183246121, -0.00295379641466, 0.00560432486236, -0.00163965206593, 0.00272088870406, 0.000886730500497, 0.00223273225129, -0.00189898267854, 0.00585455866531, -0.00140951748472, 0.00292419060133, -0.00150311971083, 0.00089384772582], [-0.000273018260486, 0.00203644228168, -0.00163965206593, 0.00756774842739, -0.000781178008765, -0.00179471552838, -0.00176569714677, 0.000484775635414, 0.00196479144506, -0.00178070331458, -0.00188082433306, 0.000433110399172, 0.000594880606513], [0.0010613281047, -0.0036616276484, 0.00272088870406, -0.000781178008765, 0.0133500015363, -0.00502711208537, -0.00376784731634, 0.00405309069902, -0.00110167101957, 0.00153785210568, -0.0020281940233, -0.00180391804315, 0.00300167128444], [0.000144764722791, 0.000509154808242, 0.000886730500497, -0.00179471552838, -0.00502711208537, 0.0103845223784, 0.0039804209955, -0.00678566657007, 0.0054552317597, -0.00666488241404, 0.00749800819904, -0.000630120630376, -0.00340030272491], [0.000532367208507, -0.000618573569227, 0.00223273225129, -0.00176569714677, -0.00376784731634, 0.0039804209955, 0.0234373137355, -0.00742876157165, -0.00129431276582, 0.00601415662095, -0.0072227246128, 0.00204351940192, 0.00129446550272], [-0.00027873320505, 0.00336124515161, -0.00189898267854, 0.000484775635414, 0.00405309069902, -0.00678566657007, -0.00742876157165, 0.0296695884317, -0.0133862933144, 5.58254068892e-05, 0.000863509601913, -0.00190840917639, -0.00140704482328], [0.00109061971307, -0.00843986216933, 0.00585455866531, 0.00196479144506, -0.00110167101957, 0.0054552317597, -0.00129431276582, -0.0133862933144, 0.0433755405247, -0.0245313830674, 0.0158386193216, -0.00605115434155, -0.000771049177274], [0.000358059682185, 0.00859483517706, -0.00140951748472, -0.00178070331458, 0.00153785210568, -0.00666488241404, 0.00601415662095, 5.58254068892e-05, -0.0245313830674, 0.0544640161097, -0.0282872542739, 0.00856748968363, -0.00639742380008], [-0.000478205794934, -0.00652827415615, 0.00292419060133, -0.00188082433306, -0.0020281940233, 0.00749800819904, -0.0072227246128, 0.000863509601913, 0.0158386193216, -0.0282872542739, 0.0564128048718, -0.0284930039197, 0.0115055153146], [0.000364218401955, 0.00589586421847, -0.00150311971083, 0.000433110399172, -0.00180391804315, -0.000630120630376, 0.00204351940192, -0.00190840917639, -0.00605115434155, 0.00856748968363, -0.0284930039197, 0.0499372072518, -0.0270316153765], [0.000272900244454, -0.00700986851007, 0.00089384772582, 0.000594880606513, 0.00300167128444, -0.00340030272491, 0.00129446550272, -0.00140704482328, -0.000771049177274, -0.00639742380008, 0.0115055153146, -0.0270316153765, 0.049912288785]]
    },
    "melbands": {
        "max": [0.00103794806637, 0.00311826192774, 0.00860406085849, 0.00787116587162, 0.0049565974623, 0.00269572832622, 0.00355384708382, 0.0019230232574, 0.00493658194318, 0.0030013343785, 0.00119629886467, 0.00136426812969, 0.00139984698035, 0.00165625568479, 0.00168156938162, 0.00146137911361, 0.000541466695722, 0.000873220851645, 0.000362857623259, 0.000420176860644, 0.000252028607065, 0.000141368669574, 0.000288828159682, 0.00025135994656, 0.000207302218769, 0.000125973427203, 3.57522258128e-05, 3.82616053685e-05, 1.84882283065e-05, 1.75365021278e-05, 2.26955835387e-05, 1.18387888506e-05, 7.13518193152e-06, 4.76716422781e-06, 3.87757972931e-06, 3.02745411318e-06, 3.31503861162e-06, 2.96233315566e-06, 2.1030825792e-06, 1.16471312595e-06],
        "mean": [0.000105228813482, 0.000469338527182, 0.00135119399056, 0.00124662462622, 0.000487985671498, 0.000269438693067, 0.000394041970139, 0.000217423410504, 0.0003012244415, 0.000263831490884, 0.000166595447809, 0.000170585975866, 9.12903342396e-05, 0.000151079511852, 0.00017456326168, 0.000117101531941, 5.75834565097e-05, 5.32549347554e-05, 4.51301821158e-05, 3.97668845835e-05, 1.9228853489e-05, 1.65143501363e-05, 1.96672317543e-05, 1.88285848708e-05, 2.10567341128e-05, 9.87622206594e-06, 4.10191478295e-06, 4.16871307607e-06, 2.65350695372e-06, 2.0493230295e-06, 1.36162884701e-06, 1.11831388949e-06, 7.91553532054e-07, 4.54033454389e-07, 3.71662054022e-07, 3.39358905421e-07, 3.64539403108e-07, 3.80587351856e-07, 2.31459665656e-07, 1.04180820415e-07],
        "min": [3.54791493744e-24, 6.82171175436e-24, 1.81025102626e-23, 7.39479316959e-24, 3.99150365179e-24, 1.75689563007e-23, 9.61343448881e-24, 3.95963327678e-24, 1.01902361721e-23, 1.37011302617e-23, 1.57626683539e-23, 1.03336439849e-23, 3.54359789613e-24, 1.65371767238e-23, 1.63689300477e-23, 1.42561317738e-23, 1.43397794288e-23, 1.70761785591e-23, 1.25958951127e-23, 1.02709642528e-23, 6.44901481412e-24, 1.07177316822e-23, 1.22907116497e-23, 1.18728898935e-23, 5.36064393357e-24, 6.71281029526e-24, 1.23013336618e-23, 9.48070706379e-24, 9.58772077875e-24, 6.93411023386e-24, 6.47720278642e-24, 1.18961108032e-23, 8.99748084996e-24, 1.55095670656e-23, 1.42719168805e-23, 1.26999356109e-23, 7.64478397932e-24, 1.00026884362e-23, 9.98236185722e-24, 6.95957939704e-24],
        "stdev": [0.000145754776895, 0.000498650362715, 0.00152835715562, 0.00143390102312, 0.000696631381288, 0.000352248753188, 0.000503470539115, 0.000280182895949, 0.000471256906167, 0.000333433854394, 0.000197635861696, 0.000221585331019, 0.000125682621729, 0.000234284438193, 0.000243782080361, 0.000167708727531, 7.39462484489e-05, 7.55276123527e-05, 5.24908973603e-05, 6.33477975498e-05, 2.99463736155e-05, 2.12534469028e-05, 2.99388739222e-05, 3.05720241158e-05, 2.68705334747e-05, 1.44833666127e-05, 5.39965049029e-06, 5.05803382111e-06, 3.15313945976e-06, 2.52165568781e-06, 1.90103355635e-06, 1.55008035563e-06, 1.00091142485e-06, 5.88128330037e-07, 5.20944070104e-07, 4.08848279676e-07, 4.59240169448e-07, 4.68832411116e-07, 3.02002376884e-07, 1.44352839015e-07]
    },
    "melbands128": {
        "max": [9.25762724364e-05, 0.000311428972054, 0.00132905121427, 0.00389874540269, 0.00432224245742, 0.00531279295683, 0.0144791547209, 0.0149971647188, 0.0105065749958, 0.0144345266744, 0.0113089103252, 0.00998280569911, 0.0067468509078, 0.0035640350543, 0.00415995949879, 0.00370962568559, 0.00296619371511, 0.00532340910286, 0.00383228296414, 0.00208138534799, 0.00228930055164, 0.00689397752285, 0.00605044607073, 0.00265650823712, 0.00360287283547, 0.00685317022726, 0.002467678627, 0.00206762598827, 0.00159773835912, 0.00283830892295, 0.00200706999749, 0.00161341170315, 0.0018603898352, 0.00150078570005, 0.0026419761125, 0.00303715583868, 0.00521058123559, 0.000779092370067, 0.00472449371591, 0.00312818097882, 0.000269299460342, 0.00134045863524, 0.000819196400698, 0.0010842216434, 0.000317449157592, 0.00136086880229, 0.00157945835963, 0.000207266682992, 0.000351897790097, 0.00130997376982, 0.000255679246038, 0.0002207756188, 0.000495095620863, 0.000205350239412, 0.000533603306394, 9.07738431124e-05, 0.000212865576032, 0.000750414968934, 0.000122782992548, 0.000110705528641, 0.000452120177215, 0.000300388084725, 0.000188404839719, 0.000227129188715, 0.000508583558258, 6.29040077911e-05, 4.45287332695e-05, 0.000112783905934, 2.60905017058e-05, 4.88957630296e-05, 3.46528540831e-05, 9.42913393374e-05, 2.52626014117e-05, 2.76901428151e-05, 5.71937962377e-05, 2.59634998656e-05, 1.91507406271e-05, 1.61272419064e-05, 3.58871220669e-05, 2.96695616271e-05, 8.76551348483e-06, 2.81816828647e-05, 1.33850171551e-05, 7.76809611125e-06, 5.57884777663e-06, 4.77430648971e-06, 5.50669756194e-06, 4.59902321381e-06, 7.93956860434e-06, 5.00711803397e-06, 3.25579640048e-06, 2.99770795209e-06, 4.01334227718e-06, 3.86579949918e-06, 2.98452937386e-06, 4.06153503718e-06, 3.75513468498e-06, 2.7342721296e-06, 2.45694218393e-06, 2.72581701211e-06, 2.17902038457e-06, 1.22146445847e-06, 4.77221590245e-07, 2.93742402846e-07, 5.24758760889e-08, 5.53257315516e-08, 1.35052413697e-08, 2.90530266511e-09, 1.85711446221e-09, 3.20114401653e-09, 2.62309196586e-09, 8.77765748974e-10, 9.05547026253e-10, 1.23033061517e-09, 2.27949992215e-09, 2.13782413994e-09, 8.85754303237e-10, 6.47642606211e-10, 5.9177418521e-10, 5.48342260487e-10, 5.44815914605e-10, 5.39680966583e-10, 5.3001197875e-10, 4.97844432346e-10, 3.60732721472e-10, 2.08519562728e-10, 2.07920083928e-10, 2.07781014616e-10],
        "mean": [1.12729867396e-05, 3.52800489054e-05, 0.000137904396979, 0.00025012716651, 0.000227024487685, 0.00065441429615, 0.00175780698191, 0.00138276896905, 0.000974262424279, 0.00172666378785, 0.00106692546979, 0.00048276380403, 0.000444964127382, 0.000293205754133, 0.000285885384073, 0.000228733551921, 0.000281423679553, 0.00058272795286, 0.000330557348207, 0.000131766151753, 0.000187891797395, 0.000338961515808, 0.000297303980915, 0.000269493524684, 0.000372923648683, 0.000191218307009, 0.000202713155886, 0.000162112992257, 0.000118235511763, 0.000240104229306, 0.00016665844305, 8.10754645499e-05, 8.69896393851e-05, 9.62465710472e-05, 0.000104981998447, 0.000171862193383, 0.000238519554841, 5.13577833772e-05, 0.000286569527816, 0.000191553946934, 3.37633173331e-05, 7.95522864792e-05, 5.23767666891e-05, 6.18153862888e-05, 3.39350226568e-05, 5.2076728025e-05, 8.16359024611e-05, 2.37026815739e-05, 3.21637344314e-05, 7.81677154009e-05, 2.81505290332e-05, 2.31121885008e-05, 2.34895233007e-05, 1.26283348436e-05, 2.09097051993e-05, 9.01029488887e-06, 1.7597745682e-05, 3.77658798243e-05, 1.01634132079e-05, 8.19947945274e-06, 2.43828126258e-05, 2.10899888771e-05, 1.79259495781e-05, 2.28693006648e-05, 2.49228887697e-05, 5.30672650711e-06, 4.1618927753e-06, 6.62056163492e-06, 2.07959101317e-06, 4.05967330153e-06, 4.81391543872e-06, 4.59478951598e-06, 2.11613496504e-06, 2.42986197918e-06, 2.81856341644e-06, 2.67941504717e-06, 1.38851714837e-06, 8.50031938171e-07, 1.55344935138e-06, 1.8189483626e-06, 7.16933413969e-07, 1.17193826554e-06, 1.18380080494e-06, 7.31252782771e-07, 4.80970868466e-07, 4.38882693743e-07, 5.08770426677e-07, 3.47639058873e-07, 3.67957710523e-07, 3.86567819533e-07, 3.07449909087e-07, 3.32855933038e-07, 3.76852369754e-07, 3.52881954768e-07, 3.32578366624e-07, 4.78003755688e-07, 3.81189380505e-07, 2.77037941032e-07, 2.50231096288e-07, 2.04804507575e-07, 1.43977302969e-07, 9.25766059368e-08, 4.81474273784e-08, 1.60192268339e-08, 1.83429749168e-09, 9.23170317968e-10, 9.19258114074e-10, 1.17103840513e-10, 3.42159495181e-11, 3.10387167357e-11, 2.47171779572e-11, 2.14056671693e-11, 2.33918370784e-11, 2.73119894756e-11, 2.91045590406e-11, 2.65016168732e-11, 1.71164245971e-11, 1.14539636456e-11, 1.08949082395e-11, 1.03255182182e-11, 9.75066381803e-12, 9.17511119164e-12, 8.76568002212e-12, 8.2389251671e-12, 6.76313085396e-12, 4.47320435901e-12, 3.2981907136e-12, 3.11844040174e-12],
        "min": [2.61103611626e-24, 3.92230161774e-24, 4.52867059659e-24, 1.8241913423e-24, 5.88011988371e-25, 1.34924071325e-23, 2.89761958014e-23, 1.33695262693e-23, 1.17034780698e-23, 1.00195495492e-23, 2.02526804274e-24, 2.94853526621e-24, 4.51812904831e-24, 4.10355108818e-24, 2.27830192285e-23, 2.22056156444e-23, 1.29703200527e-23, 9.34886395184e-24, 1.68955191566e-24, 5.13275463983e-24, 2.74128375703e-24, 7.08763913209e-24, 6.79021017183e-24, 1.86140281839e-23, 2.45729935318e-23, 5.26722820847e-24, 4.16299491283e-24, 1.84006618194e-23, 2.72543270155e-23, 1.10694587274e-23, 6.72123454086e-24, 2.79464743626e-24, 1.71999484685e-24, 3.80018871062e-24, 1.48751525039e-23, 2.59490856503e-23, 9.47141033802e-24, 1.36835465521e-23, 2.54946197274e-23, 1.11934100749e-23, 1.42777355186e-23, 9.83305494255e-24, 2.45289814042e-23, 7.41392462427e-24, 1.02881614205e-23, 2.61703863778e-23, 1.49738200704e-23, 1.31380082154e-23, 1.19833469864e-23, 6.44809066357e-24, 1.58945532755e-23, 5.98878271239e-24, 5.22874284034e-24, 5.86740068491e-24, 1.07708543644e-23, 1.03603043281e-23, 1.38217186951e-23, 5.13540363475e-24, 1.58005194778e-23, 1.84791645236e-23, 1.34880100218e-23, 5.38781309201e-24, 3.7236715694e-24, 6.38581403941e-24, 5.72585931699e-24, 7.12612844452e-24, 4.53290046876e-24, 1.51383985434e-23, 1.5060691011e-23, 5.26314506442e-24, 1.17161108884e-23, 1.06035614211e-23, 8.61485491194e-24, 9.97763184723e-24, 9.29976446024e-24, 7.96314615256e-24, 5.66659890249e-24, 3.90485595882e-24, 5.50120277523e-24, 1.01795991716e-23, 1.20876217763e-23, 1.23227851564e-23, 1.23020538918e-23, 5.89634911911e-24, 7.08063089181e-24, 2.06272785224e-23, 1.5470284948e-23, 1.23542031197e-23, 8.62319238285e-24, 2.03711795627e-23, 2.35159151856e-23, 4.67005695334e-24, 7.11969449498e-24, 5.95570498578e-24, 9.77115460504e-24, 9.89587982504e-24, 1.06441435815e-23, 1.00139880798e-23, 1.0409690965e-23, 9.31401444363e-24, 7.46926400563e-24, 5.87209637944e-24, 8.02348691206e-24, 6.46295477518e-24, 7.44569678609e-24, 8.14965890297e-24, 6.2860542949e-24, 1.21296830509e-23, 1.18566606581e-23, 9.77974056713e-24, 7.59567423253e-24, 9.39672808726e-24, 7.67628319527e-24, 8.95947668699e-24, 1.31397421316e-23, 1.38042249156e-23, 9.07270268158e-24, 9.38948792187e-24, 1.25628639289e-23, 1.09355282895e-23, 1.43787286471e-23, 1.20966715886e-23, 1.62507949717e-23, 7.85146395877e-24, 9.63999306891e-24, 1.11319956757e-23, 1.09948963835e-23, 1.1136984432e-23],
        "stdev": [1.45505418914e-05, 4.45326768386e-05, 0.000183834694326, 0.000468218466267, 0.000446530902991, 0.000788474397268, 0.00211318721995, 0.00203469046392, 0.00167270633392, 0.00219182134606, 0.00141451519448, 0.00105469382834, 0.000741974043194, 0.00043046308565, 0.00047431740677, 0.000354566349415, 0.00038861433859, 0.000815540552139, 0.000511412741616, 0.000232636128203, 0.000287870701868, 0.000718216761015, 0.000610014772974, 0.000381300837034, 0.000534295570105, 0.00041103179683, 0.000319041137118, 0.000233825063333, 0.000191533850739, 0.000346595566953, 0.000245373696089, 0.000156105612405, 0.000149525352754, 0.000156742986292, 0.000196138731553, 0.000329042872181, 0.00056608626619, 7.34062050469e-05, 0.000572894874495, 0.000342452782206, 4.11476030422e-05, 0.00015751979663, 8.17642867332e-05, 0.000122686949908, 4.14012647525e-05, 0.000103651138488, 0.000165148885571, 2.80664844468e-05, 4.70950981253e-05, 0.00016830865934, 4.11120527133e-05, 3.56968412234e-05, 4.7866938985e-05, 2.35513743974e-05, 5.44077520317e-05, 1.28252813738e-05, 2.66302322416e-05, 7.39169990993e-05, 1.45113463077e-05, 1.21837265397e-05, 4.99137677252e-05, 3.90509485442e-05, 2.70722302957e-05, 3.50686423189e-05, 4.91000428156e-05, 7.94997231424e-06, 6.38282153886e-06, 1.31179067466e-05, 3.37292158292e-06, 6.92453340889e-06, 6.16414945398e-06, 8.1596435848e-06, 3.19526839121e-06, 3.74223805011e-06, 5.23893868376e-06, 3.855187515e-06, 2.34547746913e-06, 1.36936387207e-06, 2.49978188549e-06, 2.86381919068e-06, 1.01755119886e-06, 2.71930821327e-06, 1.72054399172e-06, 9.8861130482e-07, 6.85189831984e-07, 6.08831953741e-07, 7.24502569938e-07, 5.37852258731e-07, 7.62448905789e-07, 6.08160121374e-07, 4.460928551e-07, 4.46528417797e-07, 5.29497413027e-07, 5.2088813618e-07, 4.36713150975e-07, 6.93683261943e-07, 5.09655137648e-07, 3.78581518135e-07, 3.45262549217e-07, 3.27276183043e-07, 2.15140659066e-07, 1.35647439947e-07, 6.37492760802e-08, 2.4596973347e-08, 4.4086703177e-09, 3.06505532066e-09, 1.72750413974e-09, 3.00657693186e-10, 1.40796374559e-10, 1.68897285047e-10, 1.35009503577e-10, 8.10225289638e-11, 8.62934515511e-11, 1.11992706775e-10, 1.44557060766e-10, 1.35308708682e-10, 7.33029192901e-11, 5.22738519138e-11, 4.96425366092e-11, 4.55450434311e-11, 4.24323319537e-11, 4.04908745422e-11, 3.92095245161e-11, 3.64985576484e-11, 2.74069985456e-11, 1.40399939938e-11, 1.01340125527e-11, 1.00187705354e-11]
    },
    "mfcc": {
        "mean": [-679.707580566, 136.720474243, -19.3347492218, 8.11934185028, 3.57333040237, 4.21564817429, 1.17205834389, -0.146498739719, -5.24868869781, -1.80306065083, -2.50626349449, -3.35216832161, -9.74130535126],
        "cov": [[18340.96875, 1825.23400879, -1158.55175781, 419.296539307, -1470.02868652, -1224.65686035, -435.548034668, -414.322784424, -969.549743652, -295.024902344, -137.280929565, -191.519622803, -611.109069824], [1825.23400879, 668.368652344, -151.425827026, 14.509314537, -133.284210205, -161.836257935, -77.567817688, -36.0644798279, -94.484664917, -38.1217651367, -37.5385360718, -49.3511734009, -71.1248626709], [-1158.55175781, -151.425827026, 403.378448486, 22.4343318939, 85.410446167, 49.7976226807, 27.513710022, 6.76893615723, 42.3114089966, -5.89428806305, -2.7092525959, -18.841709137, 11.3294582367], [419.296539307, 14.509314537, 22.4343318939, 162.223052979, -52.6503562927, -35.4674720764, 4.22911548615, -13.3205881119, -60.405090332, -6.23883008957, -5.67318153381, -11.1583166122, -19.3453578949], [-1470.02868652, -133.284210205, 85.410446167, -52.6503562927, 212.506988525, 149.776428223, 54.3492889404, 41.6586837769, 96.5594863892, 17.5371284485, 15.9105405807, 23.9923648834, 52.8531532288], [-1224.65686035, -161.836257935, 49.7976226807, -35.4674720764, 149.776428223, 166.16003418, 60.0342330933, 35.5381622314, 77.6164169312, 19.4832954407, 15.8066921234, 24.6088256836, 48.2104415894], [-435.548034668, -77.567817688, 27.513710022, 4.22911548615, 54.3492889404, 60.0342330933, 69.0194778442, 25.4728622437, 19.1260967255, 5.76748323441, 7.78589868546, 10.3257427216, 17.0392074585], [-414.322784424, -36.0644798279, 6.76893615723, -13.3205881119, 41.6586837769, 35.5381622314, 25.4728622437, 51.3140525818, 38.043636322, 8.19135665894, 6.97992324829, 6.137403965, 18.5416851044], [-969.549743652, -94.484664917, 42.3114089966, -60.405090332, 96.5594863892, 77.6164169312, 19.1260967255, 38.043636322, 109.021606445, 32.2429618835, 9.48373794556, 18.0716114044, 36.0904426575], [-295.024902344, -38.1217651367, -5.89428806305, -6.23883008957, 17.5371284485, 19.4832954407, 5.76748323441, 8.19135665894, 32.2429618835, 45.9562301636, 12.3367443085, 4.82037496567, 12.7003946304], [-137.280929565, -37.5385360718, -2.7092525959, -5.67318153381, 15.9105405807, 15.8066921234, 7.78589868546, 6.97992324829, 9.48373794556, 12.3367443085, 32.7582397461, 12.0846090317, 6.32407236099], [-191.519622803, -49.3511734009, -18.841709137, -11.1583166122, 23.9923648834, 24.6088256836, 10.3257427216, 6.137403965, 18.0716114044, 4.82037496567, 12.0846090317, 41.3195037842, 23.7422389984], [-611.109069824, -71.1248626709, 11.3294582367, -19.3453578949, 52.8531532288, 48.2104415894, 17.0392074585, 18.5416851044, 36.0904426575, 12.7003946304, 6.32407236099, 23.7422389984, 56.5370941162]],
        "icov": [[0.000235910032643, -0.000181392679224, 0.000336345896358, -2.60484284809e-05, 0.000621272949502, 0.000331243732944, -9.41201069509e-05, 0.00023424574465, 0.00055349530885, 0.000360334932338, -2.57378505921e-05, -0.000449745712103, 0.00109121156856], [-0.000181392679224, 0.00254176766612, 0.000545304268599, 0.000231653728406, -0.00160095398314, 0.00167360052001, 0.00103045033757, -0.000760609633289, 0.000343677267665, 0.000148536360939, 0.00133046554402, 0.00167425244581, 0.000110663146188], [0.000336345896358, 0.000545304268599, 0.00401823222637, -0.0013301941799, -0.000816163839772, 0.00194535288028, -0.00105396041181, 0.00222523510456, -0.00173375068698, 0.00292746047489, -0.00049946072977, 0.00289551750757, 0.00104224099778], [-2.60484284809e-05, 0.000231653728406, -0.0013301941799, 0.00893041584641, 0.000624759937637, -0.000483926589368, -0.00103917706292, -0.00231487466954, 0.00717160943896, -0.00411228556186, 0.00203329371288, -0.00126989383716, 0.000884748704266], [0.000621272949502, -0.00160095398314, -0.000816163839772, 0.000624759937637, 0.0183370262384, -0.010534664616, -0.00174517114647, 0.000795981206466, -0.00481156772003, 0.00439460435882, -0.00269504403695, -0.000875812838785, -6.19892671239e-05], [0.000331243732944, 0.00167360052001, 0.00194535288028, -0.000483926589368, -0.010534664616, 0.0231289155781, -0.00855458620936, 0.00303357793018, -0.00321945105679, 0.00128470279742, -0.000785117503256, 0.000735787965823, -0.00161520554684], [-9.41201069509e-05, 0.00103045033757, -0.00105396041181, -0.00103917706292, -0.00174517114647, -0.00855458620936, 0.0266791488975, -0.0117004737258, 0.00756875704974, -0.00284983846359, 0.00136253668461, -0.00324129266664, 0.00187481730245], [0.00023424574465, -0.000760609633289, 0.00222523510456, -0.00231487466954, 0.000795981206466, 0.00303357793018, -0.0117004737258, 0.0346130244434, -0.0145622100681, 0.00724422093481, -0.00644845934585, 0.00644041178748, -0.0051338984631], [0.00055349530885, 0.000343677267665, -0.00173375068698, 0.00717160943896, -0.00481156772003, -0.00321945105679, 0.00756875704974, -0.0145622100681, 0.0336460620165, -0.0164133589715, 0.00771211180836, -0.00807201396674, 0.0036906816531], [0.000360334932338, 0.000148536360939, 0.00292746047489, -0.00411228556186, 0.00439460435882, 0.00128470279742, -0.00284983846359, 0.00724422093481, -0.0164133589715, 0.0362572073936, -0.0133194541559, 0.00751420063898, -0.00396560272202], [-2.57378505921e-05, 0.00133046554402, -0.00049946072977, 0.00203329371288, -0.00269504403695, -0.000785117503256, 0.00136253668461, -0.00644845934585, 0.00771211180836, -0.0133194541559, 0.0413860082626, -0.0128949992359, 0.00593932205811], [-0.000449745712103, 0.00167425244581, 0.00289551750757, -0.00126989383716, -0.000875812838785, 0.000735787965823, -0.00324129266664, 0.00644041178748, -0.00807201396674, 0.00751420063898, -0.0128949992359, 0.0412967130542, -0.0171487834305], [0.00109121156856, 0.000110663146188, 0.00104224099778, 0.000884748704266, -6.19892671239e-05, -0.00161520554684, 0.00187481730245, -0.0051338984631, 0.0036906816531, -0.00396560272202, 0.00593932205811, -0.0171487834305, 0.0373414307833]]
    },
    "spectral_contrast_coeffs": {
        "max": [-0.463485598564, -0.635434627533, -0.599657893181, -0.603363931179, -0.671970784664, -0.686378955841],
        "mean": [-0.674211621284, -0.81446903944, -0.795770406723, -0.802362561226, -0.785423517227, -0.779249966145],
        "min": [-0.970906257629, -0.955739200115, -0.954839289188, -0.961325824261, -0.957404375076, -0.960519969463],
        "stdev": [0.0910934135318, 0.0584265738726, 0.0650750100613, 0.0640009641647, 0.0557181276381, 0.0477585233748]
    },
    "spectral_contrast_valleys": {
        "max": [-5.34993886948, -4.7058839798, -5.23728704453, -5.88834142685, -6.51973056793, -9.08341693878],
        "mean": [-7.2607383728, -6.68233251572, -7.17661952972, -7.52155447006, -8.0742893219, -10.9092912674],
        "min": [-26.5941143036, -27.2995033264, -27.4642868042, -27.2455692291, -27.3582134247, -27.2176589966],
        "stdev": [1.52445924282, 1.82314288616, 1.60145378113, 1.44166731834, 1.49011361599, 1.17735254765]
    }
},
"rhythm": {
    "beats_count": 22,
    "beats_loudness": {
        "max": 0.0671764761209,
        "mean": 0.0355064421892,
        "min": 6.9281202741e-05,
        "stdev": 0.0198128875345
    },
    "bpm": 109.511909485,
    "bpm_histogram_first_peak_bpm": 110,
    "bpm_histogram_first_peak_weight": 0.466666698456,
    "bpm_histogram_second_peak_bpm": 103,
    "bpm_histogram_second_peak_spread": 0.166666686535,
    "bpm_histogram_second_peak_weight": 0.238095238805,
    "danceability": 0.821827113628,
    "onset_rate": 2.42958807945,
    "beats_loudness_band_ratio": {
        "max": [0.820808708668, 0.420807301998, 0.606310486794, 0.389017522335, 0.287709116936, 0.055662650615],
        "mean": [0.304340928793, 0.202411696315, 0.259527742863, 0.189611285925, 0.0874199569225, 0.0220367815346],
        "min": [0.0481295213103, 0.0182286314666, 0.0354267321527, 0.0652180463076, 0.0278422571719, 0.003192367265],
        "stdev": [0.21262472868, 0.114857792854, 0.163742855191, 0.0912566706538, 0.0614366009831, 0.0101956101134]
    },
    "beats_position": [0.568888902664, 1.14938771725, 1.72988653183, 2.31038546562, 2.89088439941, 3.48299312592, 4.06349182129, 4.62077093124, 5.17804956436, 5.72371864319, 6.26938772202, 6.82666635513, 7.37233543396, 7.91800451279, 8.47528362274, 9.0093421936, 9.55501079559, 10.1006803513, 10.6347389221, 11.1804075241, 11.7260770798, 12.2833557129],
