{
"metadata": {
    "version": {
        "essentia": "2.1-beta5",
        "essentia_git_sha": "Undefined",
        "extractor": "music 2.0"
    },
    "audio_properties": {
        "analysis": {
            "equal_loudness": 0,
            "length": 32.4963264465,
            "sample_rate": 44100,
            "start_time": 12.7477550507,
            "downmix": "mix"
        },
        "bit_rate": 192000,
        "length": 165.906570435,
        "lossless": 0,
        "number_channels": 2,
        "replay_gain": 6.61468315125,
        "sample_rate": 44100,
        "codec": "mp3",
        "md5_encoded": "0dadbdf674b03514380d3c0a33f37ef9"
    },
    "tags": {
        "file_name": "Portugal_Desfolhada Portuguesa_Simone de Oliveira.mp3",
        "encoding": ["Lavf58.29.100"]
    }
},
"lowlevel": {
    "average_loudness": 0.907827973366,
    "barkbands_crest": {
        "max": 25.6509361267,
        "mean": 13.2885494232,
        "min": 3.77474665642,
        "stdev": 5.01785564423
    },
    "barkbands_flatness_db": {
        "max": 0.376977294683,
        "mean": 0.189262390137,
        "min": 0.049955856055,
        "stdev": 0.0607113838196
    },
    "barkbands_kurtosis": {
        "max": 159.108886719,
        "mean": 13.1477823257,
        "min": -1.83286929131,
        "stdev": 20.0406913757
    },
    "barkbands_skewness": {
        "max": 8.5188369751,
        "mean": 2.35496783257,
        "min": -1.39921534061,
        "stdev": 1.59767866135
    },
    "barkbands_spread": {
        "max": 81.4965133667,
        "mean": 12.5904626846,
        "min": 0.496806651354,
        "stdev": 11.4746446609
    },
    "dissonance": {
        "max": 0.498139441013,
        "mean": 0.424151778221,
        "min": 0.205373764038,
        "stdev": 0.0513166189194
    },
    "dynamic_complexity": 4.69356822968,
    "erbbands_crest": {
        "max": 31.2744369507,
        "mean": 13.9454364777,
        "min": 2.80928516388,
        "stdev": 6.12583017349
    },
    "erbbands_flatness_db": {
        "max": 0.392325252295,
        "mean": 0.219220742583,
        "min": 0.0665959715843,
        "stdev": 0.0571308396757
    },
    "erbbands_kurtosis": {
        "max": 80.8638076782,
        "mean": 4.50385046005,
        "min": -1.74714910984,
        "stdev": 9.65277099609
    },
    "erbbands_skewness": {
        "max": 7.85858345032,
        "mean": 1.39954447746,
        "min": -2.19924855232,
        "stdev": 1.34207725525
    },
    "erbbands_spread": {
        "max": 143.277496338,
        "mean": 30.0829257965,
        "min": 1.85699701309,
        "stdev": 20.1745223999
    },
    "hfc": {
        "max": 76.9786682129,
        "mean": 14.9636068344,
        "min": 0.0153147159144,
        "stdev": 14.2843112946
    },
    "loudness_ebu128": {
        "integrated": -31.2575378418,
        "loudness_range": 6.28632545471,
        "momentary": {
            "max": -26.5863571167,
            "mean": -33.5746688843,
            "min": -59.7516174316,
            "stdev": 5.96424102783
        },
        "short_term": {
            "max": -28.9724941254,
            "mean": -31.9648246765,
            "min": -41.8407211304,
            "stdev": 2.59927344322
        }
    },
    "melbands_crest": {
        "max": 32.5285797119,
        "mean": 16.2336006165,
        "min": 4.92684221268,
        "stdev": 5.77366447449
    },
    "melbands_flatness_db": {
        "max": 0.471993029118,
        "mean": 0.239843457937,
        "min": 0.0547740086913,
        "stdev": 0.0727421045303
    },
    "melbands_kurtosis": {
        "max": 191.766952515,
        "mean": 23.5010795593,
        "min": -1.39496457577,
        "stdev": 27.6664447784
    },
    "melbands_skewness": {
        "max": 11.2635307312,
        "mean": 3.00265598297,
        "min": -0.722122788429,
        "stdev": 1.94468772411
    },
    "melbands_spread": {
        "max": 192.943344116,
        "mean": 14.1303949356,
        "min": 0.652491152287,
        "stdev": 14.931139946
    },
    "pitch_salience": {
        "max": 0.826023280621,
        "mean": 0.510357737541,
        "min": 0.101416751742,
        "stdev": 0.138705149293
    },
    "silence_rate_20dB": {
        "max": 1,
        "mean": 1,
        "min": 1,
        "stdev": 0
    },
    "silence_rate_30dB": {
        "max": 1,
        "mean": 1,
        "min": 1,
        "stdev": 0
    },
    "silence_rate_60dB": {
        "max": 1,
        "mean": 0.154175594449,
        "min": 0,
        "stdev": 0.361120700836
    },
    "spectral_centroid": {
        "max": 3863.51757812,
        "mean": 860.919189453,
        "min": 211.468170166,
        "stdev": 464.654144287
    },
    "spectral_complexity": {
        "max": 30,
        "mean": 11.0870809555,
        "min": 0,
        "stdev": 6.82342433929
    },
    "spectral_decrease": {
        "max": -6.35845022467e-12,
        "mean": -5.23420240484e-09,
        "min": -2.58305625778e-08,
        "stdev": 4.30224744719e-09
    },
    "spectral_energy": {
        "max": 0.102636963129,
        "mean": 0.0211123097688,
        "min": 2.67715349764e-05,
        "stdev": 0.0173601713032
    },
    "spectral_energyband_high": {
        "max": 0.00283372169361,
        "mean": 0.00023289717501,
        "min": 9.50923890741e-07,
        "stdev": 0.000337697856594
    },
    "spectral_energyband_low": {
        "max": 0.00929250009358,
        "mean": 0.000745981466025,
        "min": 7.44354792914e-06,
        "stdev": 0.00106774002779
    },
    "spectral_energyband_middle_high": {
        "max": 0.0618713758886,
        "mean": 0.00496552605182,
        "min": 1.38858501941e-06,
        "stdev": 0.009008734487
    },
    "spectral_energyband_middle_low": {
        "max": 0.094468690455,
        "mean": 0.0158392246813,
        "min": 8.82303174876e-06,
        "stdev": 0.0143570788205
    },
    "spectral_entropy": {
        "max": 8.46166038513,
        "mean": 6.99168777466,
        "min": 4.83888292313,
        "stdev": 0.6425319314
    },
    "spectral_flux": {
        "max": 0.259555786848,
        "mean": 0.0717462003231,
        "min": 0.00205834861845,
        "stdev": 0.0473452880979
    },
    "spectral_kurtosis": {
        "max": 39.163318634,
        "mean": 6.55917072296,
        "min": -0.552372217178,
        "stdev": 5.50248098373
    },
    "spectral_rms": {
        "max": 0.010006679222,
        "mean": 0.00405628420413,
        "min": 0.000161612406373,
        "stdev": 0.00203567603603
    },
    "spectral_rolloff": {
        "max": 9108.54492188,
        "mean": 1060.30810547,
        "min": 172.265625,
        "stdev": 1206.2845459
    },
    "spectral_skewness": {
        "max": 5.0623793602,
        "mean": 1.88700091839,
        "min": 0.115931421518,
        "stdev": 0.688346326351
    },
    "spectral_spread": {
        "max": 9900251,
        "mean": 4039761.5,
        "min": 1566641.875,
        "stdev": 1568143.625
    },
    "spectral_strongpeak": {
        "max": 10.6338205338,
        "mean": 1.51124644279,
        "min": 0.00507592596114,
        "stdev": 1.38443911076
    },
    "zerocrossingrate": {
        "max": 0.2607421875,
        "mean": 0.0479522868991,
        "min": 0.00732421875,
        "stdev": 0.0324791297317
    },
    "barkbands": {
        "max": [0.000146754813613, 0.00118730566464, 0.00529554346576, 0.0122979935259, 0.015423358418, 0.0636709108949, 0.085821300745, 0.0652362331748, 0.0361269749701, 0.0441050119698, 0.0433613546193, 0.0289318766445, 0.0184877961874, 0.0260012894869, 0.0143311470747, 0.00966985616833, 0.00527282804251, 0.0035293197725, 0.00197828840464, 0.00111575447954, 0.00117318448611, 0.000958011718467, 0.0015670718858, 0.000485526805278, 0.000476107787108, 1.71521480752e-06, 1.63992766034e-07],
        "mean": [1.35646250783e-05, 0.000106651437818, 0.000398334726924, 0.000619877071586, 0.00169120111968, 0.00559976696968, 0.00395254138857, 0.00169087853283, 0.0014930885518, 0.00180790328886, 0.000615432159975, 0.00071932800347, 0.000313950120471, 0.000816463725641, 0.000282492226688, 0.000299028964946, 0.000156178342877, 0.000149537474499, 0.00013373985712, 4.37987728219e-05, 2.43840131589e-05, 4.56685957033e-05, 9.03065811144e-05, 2.39971959672e-05, 2.40240697167e-05, 1.96390885776e-07, 2.08843804472e-08],
        "min": [1.21149481558e-08, 1.36176242904e-06, 4.35747153915e-08, 3.30978707552e-07, 2.73271922424e-07, 8.12923559579e-08, 2.23617803385e-07, 1.35164214043e-07, 1.65051432077e-07, 1.34253497208e-07, 1.08994244741e-08, 9.31752524025e-08, 7.44650776596e-08, 4.75886281492e-08, 4.62676688073e-08, 7.36097476306e-08, 5.18887510736e-08, 6.65399753075e-08, 4.96712857512e-08, 8.96566731967e-08, 7.02278768472e-08, 9.3146148572e-08, 9.85132047049e-08, 8.00200510298e-08, 5.3150046142e-08, 1.56574895271e-08, 9.57072643359e-10],
        "stdev": [1.8091786842e-05, 0.000124252226669, 0.000694839225616, 0.00129695551004, 0.00174927012995, 0.00792201887816, 0.0077929967083, 0.00576586415991, 0.00421140342951, 0.00479996949434, 0.0026731248945, 0.0022227067966, 0.00136065925471, 0.00303381122649, 0.000905124412384, 0.000736986752599, 0.000423911842518, 0.00028635468334, 0.000205639196793, 7.48960155761e-05, 6.00860803388e-05, 8.2476712123e-05, 0.000156621812494, 4.25695798185e-05, 5.09090714331e-05, 1.71726341591e-07, 2.29448975375e-08]
    },
    "erbbands": {
        "max": [0.0239247921854, 0.434805214405, 4.91535806656, 25.9894256592, 50.1247711182, 34.8647460938, 256.558502197, 658.893859863, 1512.93383789, 1122.8782959, 1403.26013184, 1087.75915527, 1393.58764648, 1628.43994141, 1357.83032227, 1406.84033203, 750.630126953, 1492.74560547, 1292.10424805, 505.440887451, 434.417266846, 372.210083008, 227.117385864, 116.488059998, 54.9429473877, 45.3901863098, 38.4182014465, 45.8837242126, 34.8557510376, 35.1452064514, 52.4910163879, 15.016295433, 11.5506381989, 9.63313007355, 1.25948083401, 0.0293750278652, 0.00305770686828, 0.000564398476854, 5.14716921316e-05, 0.000116918577987],
        "mean": [0.00268203113228, 0.0316702127457, 0.352735489607, 1.3526340723, 5.11887121201, 4.37159538269, 14.0450496674, 55.9326782227, 79.0470733643, 31.7165527344, 32.7754249573, 35.1146240234, 61.8656387329, 33.1641426086, 25.4617233276, 29.3510856628, 16.7583217621, 33.2174415588, 27.5216274261, 14.9054384232, 14.2637071609, 9.70706748962, 8.54883384705, 9.38577747345, 3.597209692, 1.83806037903, 1.26693892479, 1.03204572201, 1.44100654125, 1.56773972511, 2.84881663322, 1.1089348793, 0.367521762848, 0.442469596863, 0.0617492161691, 0.00234994478524, 0.000453552347608, 8.13253500382e-05, 1.46106376633e-05, 2.52037480095e-05],
        "min": [4.86422977701e-05, 8.33032027003e-05, 0.000628811947536, 0.00242621940561, 0.00207812571898, 0.00120934168808, 0.000596312398557, 0.000833454250824, 0.00340847461484, 0.00565409753472, 0.00199634139426, 0.00436848914251, 0.00380148482509, 0.00311264861375, 0.00164102728013, 0.00500095589086, 0.00525599811226, 0.00352961523458, 0.00332547398284, 0.0032718165312, 0.00422603683546, 0.00339273922145, 0.00331326713786, 0.00375348213129, 0.00388190592639, 0.00440453179181, 0.00361875165254, 0.00353941554204, 0.00347799900919, 0.00317265209742, 0.00255766371265, 0.00317302532494, 0.000971870380454, 0.000986625673249, 0.000251330784522, 0.000149161103764, 6.48069835734e-05, 8.56494079926e-06, 4.51074072316e-07, 6.8068366943e-08],
        "stdev": [0.00291377352551, 0.0427514612675, 0.599414408207, 2.33160591125, 6.62875699997, 4.48997211456, 25.1239433289, 81.1081466675, 143.462860107, 84.1384735107, 104.864585876, 102.802993774, 161.523239136, 98.4608764648, 85.1162185669, 98.2366256714, 59.4128036499, 114.485160828, 91.9848403931, 34.6023025513, 31.6650409698, 28.239988327, 16.1029758453, 13.8653087616, 5.6270365715, 3.12322187424, 2.21828055382, 2.5018787384, 2.6790459156, 2.50084137917, 5.19270181656, 1.78325390816, 0.784166693687, 0.935544610023, 0.134070262313, 0.00349284172989, 0.000386152794817, 6.27555855317e-05, 1.03625870906e-05, 2.03042291105e-05]
    },
    "gfcc": {
        "mean": [-71.568145752, 112.630462646, -130.381851196, 21.0884571075, -83.4656066895, 1.81706106663, -50.5786552429, -3.64829206467, -16.9353313446, -13.8074464798, -2.55298852921, -3.94132232666, -5.34892177582],
        "cov": [[6650.40625, 214.638168335, -1976.1184082, -307.438446045, -536.861755371, -10.575627327, -159.180511475, -142.67074585, 202.206802368, -347.413116455, 352.985992432, -233.298675537, 107.300033569], [214.638168335, 811.922058105, -105.389030457, -222.06187439, 376.941741943, -255.730712891, 64.2547454834, -127.922935486, 47.9115753174, -75.2000274658, -22.1682910919, -0.356283187866, 19.4158725739], [-1976.1184082, -105.389030457, 1103.11450195, 267.983154297, -18.6191082001, 66.8763656616, -62.011932373, -0.953989624977, -151.674972534, 71.3878097534, -114.407600403, -10.7111778259, -20.3075389862], [-307.438446045, -222.06187439, 267.983154297, 370.316345215, -8.05850124359, 58.7395095825, -54.4777336121, -4.58064842224, -58.8972816467, 37.5823020935, -66.2981491089, -42.5614776611, -2.46646142006], [-536.861755371, 376.941741943, -18.6191082001, -8.05850124359, 526.239562988, -83.4691543579, 45.5007095337, -46.8086738586, 8.31693172455, 39.7868995667, -96.7905654907, 11.6863870621, -13.1521654129], [-10.575627327, -255.730712891, 66.8763656616, 58.7395095825, -83.4691543579, 340.087585449, 17.7076759338, 34.3673477173, -77.9591369629, -4.14370059967, -21.3207855225, -80.7846755981, -16.0677032471], [-159.180511475, 64.2547454834, -62.011932373, -54.4777336121, 45.5007095337, 17.7076759338, 163.866622925, 31.0443019867, -8.36944293976, -17.7256755829, -19.0525341034, 13.806432724, -20.2965240479], [-142.67074585, -127.922935486, -0.953989624977, -4.58064842224, -46.8086738586, 34.3673477173, 31.0443019867, 116.883659363, 32.4803123474, 10.5259494781, -11.3582162857, 6.42313814163, -3.18710422516], [202.206802368, 47.9115753174, -151.674972534, -58.8972816467, 8.31693172455, -77.9591369629, -8.36944293976, 32.4803123474, 143.762817383, 28.6137104034, 8.20408725739, 15.9555549622, -5.21376943588], [-347.413116455, -75.2000274658, 71.3878097534, 37.5823020935, 39.7868995667, -4.14370059967, -17.7256755829, 10.5259494781, 28.6137104034, 149.140808105, -0.945283174515, 23.3992271423, 13.5046567917], [352.985992432, -22.1682910919, -114.407600403, -66.2981491089, -96.7905654907, -21.3207855225, -19.0525341034, -11.3582162857, 8.20408725739, -0.945283174515, 148.961212158, 46.4530715942, -5.53579759598], [-233.298675537, -0.356283187866, -10.7111778259, -42.5614776611, 11.6863870621, -80.7846755981, 13.806432724, 6.42313814163, 15.9555549622, 23.3992271423, 46.4530715942, 130.426971436, 21.9536514282], [107.300033569, 19.4158725739, -20.3075389862, -2.46646142006, -13.1521654129, -16.0677032471, -20.2965240479, -3.18710422516, -5.21376943588, 13.5046567917, -5.53579759598, 21.9536514282, 87.872756958]],
        "icov": [[0.00100559205748, -0.00122425565496, 0.00194798375014, -0.00107983569615, 0.00150488968939, -0.000542877533007, 0.00124701065943, 4.54084038211e-05, 4.78935653518e-05, 0.000627714733128, -0.000914632750209, 0.00130582856946, -0.000599372433499], [-0.00122425565496, 0.00881759915501, -0.00421002926305, 0.00486225821078, -0.00675668474287, 0.00437111081555, -0.00522113824263, 0.00588963227347, -0.00376713182777, 0.00377100054175, -0.00198115129024, 0.00387968239374, -0.00439135357738], [0.00194798375014, -0.00421002926305, 0.00577274989337, -0.00343917682767, 0.00449606124312, -0.00172538205516, 0.00409046420828, -0.00177670549601, 0.00293070822954, -0.000857022532728, 0.000470211933134, 0.000423988996772, 0.00125623482745], [-0.00107983569615, 0.00486225821078, -0.00343917682767, 0.00671534752473, -0.00376814231277, 0.00231563299894, -0.00190370169003, 0.00263518770225, -0.000606113520917, 0.000522064510733, 0.000924264371861, 0.00170982233249, -0.00133192155045], [0.00150488968939, -0.00675668474287, 0.00449606124312, -0.00376814231277, 0.00832176487893, -0.00271046021953, 0.00386401428841, -0.00257410015911, 0.0030598861631, -0.00327073899098, 0.00322952773422, -0.00244349474087, 0.00363580323756], [-0.000542877533007, 0.00437111081555, -0.00172538205516, 0.00231563299894, -0.00271046021953, 0.00677121197805, -0.00288758752868, 0.00108489289414, 0.00115182658192, 0.00086468301015, -0.00102616753429, 0.00470569077879, -0.00173666514456], [0.00124701065943, -0.00522113824263, 0.00409046420828, -0.00190370169003, 0.00386401428841, -0.00288758752868, 0.0117736365646, -0.00548128644004, 0.00426787510514, -0.00124043785036, 0.00266591878608, -0.00318692298606, 0.004501784686], [4.54084038211e-05, 0.00588963227347, -0.00177670549601, 0.00263518770225, -0.00257410015911, 0.00108489289414, -0.00548128644004, 0.0165863391012, -0.00725575909019, 0.0034884873312, -0.000990482512861, 0.00281166331843, -0.00427626958117], [4.78935653518e-05, -0.00376713182777, 0.00293070822954, -0.000606113520917, 0.0030598861631, 0.00115182658192, 0.00426787510514, -0.00725575909019, 0.0147286951542, -0.00570415193215, 0.00358898635022, -0.00250736507587, 0.00542843481526], [0.000627714733128, 0.00377100054175, -0.000857022532728, 0.000522064510733, -0.00327073899098, 0.00086468301015, -0.00124043785036, 0.0034884873312, -0.00570415193215, 0.0119560528547, -0.00396153656766, 0.00289799831808, -0.00542402593419], [-0.000914632750209, -0.00198115129024, 0.000470211933134, 0.000924264371861, 0.00322952773422, -0.00102616753429, 0.00266591878608, -0.000990482512861, 0.00358898635022, -0.00396153656766, 0.0141793666407, -0.00830783322453, 0.00635539833456], [0.00130582856946, 0.00387968239374, 0.000423988996772, 0.00170982233249, -0.00244349474087, 0.00470569077879, -0.00318692298606, 0.00281166331843, -0.00250736507587, 0.00289799831808, -0.00830783322453, 0.0180429238826, -0.00807045679539], [-0.000599372433499, -0.00439135357738, 0.00125623482745, -0.00133192155045, 0.00363580323756, -0.00173666514456, 0.004501784686, -0.00427626958117, 0.00542843481526, -0.00542402593419, 0.00635539833456, -0.00807045679539, 0.0180188622326]]
    },
    "melbands": {
        "max": [0.000217046472244, 0.00173965923022, 0.00402880180627, 0.0025426116772, 0.00754155637696, 0.0126300649717, 0.0202070251107, 0.0144697874784, 0.0115661313757, 0.00668438058347, 0.0073312795721, 0.00681346701458, 0.0061125094071, 0.00346269342117, 0.00266461097635, 0.00166158133652, 0.0027551681269, 0.00284499349073, 0.000972637615632, 0.000876183272339, 0.000431598775322, 0.000389234861359, 0.000120707241877, 0.000238514025114, 0.000106672574475, 8.04783194326e-05, 6.49065332254e-05, 3.01564959955e-05, 2.48353971983e-05, 3.21660045302e-05, 2.2954402084e-05, 1.6351839804e-05, 3.83773949579e-05, 1.88272206287e-05, 2.51229121204e-05, 3.53926661774e-05, 5.72694807488e-06, 9.03487580217e-06, 7.4791228144e-06, 1.04081864265e-05],
        "mean": [2.63507699856e-05, 0.000140028161695, 0.000352072063833, 0.000354541349225, 0.00040805854951, 0.00128278322518, 0.00108915928286, 0.000335010467097, 0.000255662074778, 0.000223405848374, 0.000312288524583, 0.000140714648296, 8.49850475788e-05, 7.4951305578e-05, 6.15154931438e-05, 3.12024531013e-05, 6.96050847182e-05, 5.24652969034e-05, 2.12190152524e-05, 2.29583711189e-05, 1.33885387186e-05, 1.00224988273e-05, 7.20466960047e-06, 7.72224393586e-06, 8.05974559626e-06, 3.25825089931e-06, 1.63814991083e-06, 1.16811588668e-06, 9.43424424804e-07, 6.10716654137e-07, 5.62578179597e-07, 6.26117525826e-07, 1.23593804346e-06, 6.67531708132e-07, 1.46806519297e-06, 1.74545675691e-06, 3.43423238292e-07, 2.44630911084e-07, 2.59768000888e-07, 4.26273885523e-07],
        "min": [4.36786677938e-07, 1.6877396547e-07, 4.67213595812e-07, 1.47239575199e-07, 3.00940428133e-08, 1.70607261651e-08, 4.102818707e-08, 5.51945475991e-08, 1.31739605891e-08, 2.62543018437e-08, 1.84120700908e-08, 1.21952981047e-08, 3.51969919876e-09, 1.03912585203e-08, 8.06271582832e-09, 6.64399957273e-09, 5.21788612318e-09, 4.60282434389e-09, 3.82857567871e-09, 5.37186251037e-09, 4.15465617465e-09, 3.38411876299e-09, 2.73711431298e-09, 2.90313173501e-09, 2.83048895433e-09, 2.51206411228e-09, 2.25512630792e-09, 2.71603006752e-09, 1.86658022372e-09, 1.67641434068e-09, 1.05882802526e-09, 1.36032274334e-09, 1.40767941748e-09, 1.55539447988e-09, 9.55332146724e-10, 1.35783717603e-09, 1.09283848637e-09, 6.30916152655e-10, 5.7933224884e-10, 5.66368507648e-10],
        "stdev": [2.74582871498e-05, 0.000218753091758, 0.000496069085784, 0.000375012226868, 0.000704040052369, 0.00180560734589, 0.00196318724193, 0.00104829738848, 0.000823863025289, 0.000659645476844, 0.000825061579235, 0.000421083939727, 0.000353851180989, 0.000221632915782, 0.000226452801144, 0.000129216874484, 0.000251533812843, 0.000204477561056, 6.89921580488e-05, 5.81741187489e-05, 3.05306857626e-05, 3.06905785692e-05, 1.36623975777e-05, 1.68161259353e-05, 1.25374481286e-05, 5.80411733608e-06, 3.74240084966e-06, 2.04092452805e-06, 1.6226349544e-06, 1.59923138199e-06, 1.34577157951e-06, 1.2046637039e-06, 2.58218437921e-06, 1.10092844352e-06, 2.61595869233e-06, 3.42038629242e-06, 5.72955457301e-07, 5.97252210355e-07, 5.4471297517e-07, 9.46322302298e-07]
    },
    "melbands128": {
        "max": [9.15142300073e-05, 0.000198797948542, 0.000325587665429, 0.000694777583703, 0.00256097386591, 0.00319913448766, 0.00602945499122, 0.0063136536628, 0.00650838715956, 0.0033514695242, 0.00231044832617, 0.00678238086402, 0.0129454052076, 0.0261006951332, 0.0226072520018, 0.0282307360321, 0.0291547067463, 0.0302810352296, 0.010247644037, 0.0131841441616, 0.026715612039, 0.0146217839792, 0.0214362740517, 0.0106716537848, 0.0137632135302, 0.0119110578671, 0.0110683441162, 0.012578706257, 0.0114623876289, 0.0091747790575, 0.00975887756795, 0.00803778972477, 0.00972385145724, 0.00433991802856, 0.00291251670569, 0.00688605755568, 0.0075092962943, 0.00532872136682, 0.0045950235799, 0.00383244850673, 0.00346682290547, 0.00340058957227, 0.00604258058593, 0.00480841938406, 0.00610377872363, 0.00375364976935, 0.00326248980127, 0.00181356701069, 0.00136833416764, 0.00161337666214, 0.00139795057476, 0.00134608452208, 0.00071992498124, 0.000535335333552, 0.000359300494893, 0.000592280412093, 0.000770501210354, 0.000207808130654, 0.000164029814187, 0.000352093135007, 0.000522112590261, 0.000199493893888, 0.000203909556149, 0.000209762947634, 0.000333721458446, 6.35138494545e-05, 6.4054322138e-05, 9.5562027127e-05, 0.000126043771161, 5.05071366206e-05, 5.74460427742e-05, 6.52796006761e-05, 7.34331915737e-05, 1.79327653314e-05, 3.01920990751e-05, 3.04168279399e-05, 4.7992583859e-05, 3.968062083e-05, 2.90913449135e-05, 1.55034995259e-05, 2.29241759371e-05, 2.15442651097e-05, 3.03629858536e-05, 8.64537141751e-05, 2.20134224946e-05, 1.73540120159e-05, 2.18426703213e-05, 1.50611795107e-05, 2.39443543251e-05, 3.87173095078e-05, 7.73332285462e-05, 1.89158417925e-05, 5.37426785741e-06, 7.32867511033e-06, 8.2272781583e-06, 8.24049402581e-06, 1.41259233715e-05, 8.35262108012e-06, 8.09487482911e-06, 9.53681137617e-06, 1.43537017721e-05, 1.47009604916e-05, 8.76754165802e-06, 2.2995643576e-06, 4.80125343927e-08, 3.14594430506e-08, 1.85696897859e-08, 2.12541113598e-08, 5.14818552233e-08, 3.49726434479e-08, 1.98424423559e-08, 1.61640851815e-08, 1.4679137017e-08, 1.12949853914e-08, 9.81765690966e-09, 1.69716329879e-08, 5.75496983402e-09, 3.97792132567e-10, 3.74341779796e-10, 3.5739708415e-10, 3.56423501824e-10, 3.46152412289e-10, 3.35161731702e-10, 3.33820276976e-10, 3.22008558706e-10, 3.21259047142e-10, 3.20572707269e-10, 3.24481858049e-10],
        "mean": [9.78092248261e-06, 2.06035510928e-05, 2.73603618552e-05, 4.80750495626e-05, 0.000136749906233, 0.000210494734347, 0.000230020319577, 0.000355448224582, 0.000618882244453, 0.000377209973522, 0.000166967263795, 0.000222355316509, 0.000437573704403, 0.000656057673041, 0.00111677777022, 0.00173831032589, 0.00181210611481, 0.000916499237064, 0.000299007078866, 0.000268821953796, 0.000434722576756, 0.000288908806397, 0.000243956659688, 0.000191790182726, 0.000203922245419, 0.000248436699621, 0.000237571308389, 0.000396852527047, 0.000311144511215, 0.000134568166686, 9.80249242275e-05, 9.64549471973e-05, 8.19982378744e-05, 8.38094128994e-05, 6.54346076772e-05, 6.59406287014e-05, 0.000102892729046, 6.91479799571e-05, 3.31349037879e-05, 2.58996569755e-05, 3.31557348545e-05, 3.16991427098e-05, 6.25619650236e-05, 9.47770968196e-05, 9.09359368961e-05, 3.06264373648e-05, 2.95144600386e-05, 2.2570058718e-05, 1.72523759829e-05, 1.56908863573e-05, 2.13994208025e-05, 3.74424344045e-05, 1.26733475554e-05, 5.0088979151e-06, 8.60104410094e-06, 1.07168852992e-05, 1.29269119498e-05, 5.02206103192e-06, 5.91025036556e-06, 8.90604223969e-06, 8.48923809826e-06, 5.96262361796e-06, 8.44512032927e-06, 9.81834637059e-06, 5.47201079826e-06, 2.76063565252e-06, 2.06437198358e-06, 2.00321687771e-06, 1.64266157299e-06, 9.67765458881e-07, 7.76266688263e-07, 1.57909585141e-06, 1.60219508416e-06, 6.08340712915e-07, 4.83496080506e-07, 5.94188861669e-07, 6.88996465215e-07, 6.38704307221e-07, 5.16743966728e-07, 5.28249813669e-07, 4.78455774555e-07, 5.72321198433e-07, 1.17061085803e-06, 1.66492372955e-06, 9.24809455682e-07, 6.66663083848e-07, 5.96924962792e-07, 5.81564620461e-07, 1.28314468384e-06, 2.01157149604e-06, 3.14910676025e-06, 1.24321456951e-06, 3.85459486552e-07, 3.18274857136e-07, 3.0430624065e-07, 2.54510723607e-07, 2.47292092581e-07, 2.00874083589e-07, 1.85204626746e-07, 2.99635303236e-07, 4.88642172058e-07, 4.88130922349e-07, 3.57210154789e-07, 6.76576732417e-08, 2.49894327453e-09, 1.60142221706e-09, 1.56459933898e-09, 1.44258838208e-09, 1.72236991336e-09, 1.62571534013e-09, 1.36047251242e-09, 1.26136312506e-09, 1.26867527594e-09, 1.03583908118e-09, 6.22884632762e-10, 7.85493170508e-10, 7.04222014036e-10, 8.70827455285e-12, 8.1191511847e-12, 8.12462250255e-12, 8.10807584267e-12, 8.12243414888e-12, 7.90390582844e-12, 7.73043521557e-12, 7.73047511421e-12, 7.82209106515e-12, 7.88171524574e-12, 7.7604164414e-12],
        "min": [7.78472042384e-09, 1.3239625396e-08, 1.98320577738e-07, 5.13736502228e-08, 6.53984386645e-08, 2.48822473736e-08, 1.38139910177e-07, 2.0916337462e-07, 9.66902504729e-08, 2.07033430399e-08, 4.85236526515e-08, 5.01368973005e-08, 1.20002514592e-08, 3.22357229798e-09, 6.44993036758e-09, 2.30046257599e-08, 1.21923005025e-08, 1.07587903031e-08, 2.05784740359e-08, 2.13476489819e-08, 9.55088985677e-09, 8.85749251722e-09, 1.22886314458e-08, 7.47843031945e-09, 8.90508378149e-09, 5.29727728349e-09, 2.79667133896e-09, 7.21028925454e-09, 1.35189406336e-08, 4.60042981487e-09, 5.36869304568e-09, 1.41912437357e-09, 2.61905164223e-10, 1.60714996866e-09, 3.1856701721e-09, 2.57160559514e-09, 1.3312080327e-09, 2.27878116377e-09, 7.51176953973e-10, 3.72592151576e-10, 1.7784909101e-09, 3.04377478777e-09, 1.09711284502e-09, 1.80344172929e-09, 2.11027417762e-09, 2.03959782397e-09, 2.62375143834e-09, 1.30034316648e-09, 3.93659771447e-10, 2.85161649849e-09, 3.1596808503e-10, 2.54896748153e-09, 3.70730474097e-10, 2.9772401211e-10, 6.53655518601e-10, 1.79590919913e-09, 4.65847638242e-10, 3.81341180855e-10, 2.04254524405e-09, 9.94475835014e-10, 1.18080067946e-09, 9.23318296819e-11, 1.72820979749e-09, 2.16704987288e-09, 3.28414989648e-10, 8.76666655936e-11, 1.29590815856e-09, 1.78499715009e-10, 4.05813216364e-10, 3.38474581696e-10, 1.39752001638e-10, 8.71553801352e-11, 3.61750407407e-10, 6.40163866361e-10, 4.68356950445e-11, 5.67292428311e-11, 3.53029994127e-10, 2.94357038744e-11, 1.62614116617e-10, 4.08580169697e-10, 3.81208620226e-10, 1.56798130035e-10, 2.14005604904e-10, 2.02948755024e-10, 1.92667357762e-11, 1.28217853002e-11, 4.24618729067e-10, 1.51908763346e-11, 6.6114530517e-11, 1.89337295842e-10, 9.04369218402e-11, 1.59879109951e-10, 2.79139850123e-10, 1.10852828653e-11, 1.26158927055e-11, 3.09452394265e-11, 7.80760872621e-12, 8.05226024747e-12, 5.77240893973e-11, 1.58249385818e-11, 2.15536616333e-10, 1.72823370198e-11, 9.03229227522e-12, 2.83850070185e-12, 2.71410715083e-12, 2.26978071755e-12, 2.79024980204e-12, 3.05701948131e-12, 3.3768962019e-12, 2.74341378607e-12, 4.68821856336e-12, 2.46221424326e-12, 5.57748465468e-12, 4.41092041364e-12, 3.45497480451e-12, 3.96382666273e-12, 3.1185919732e-12, 1.88428526254e-12, 2.07624629295e-12, 2.24853729386e-12, 2.11323168166e-12, 2.33821252291e-12, 2.09243950292e-12, 2.02384701879e-12, 2.27737446956e-12, 2.46198395872e-12, 2.28583233071e-12, 2.50113384864e-12],
        "stdev": [1.26252343762e-05, 2.44271850534e-05, 3.61983002222e-05, 7.03700279701e-05, 0.00027406445588, 0.000367250351701, 0.000486235541757, 0.00075524271233, 0.000863796682097, 0.000465457327664, 0.000257849227637, 0.000439817784354, 0.00105568103027, 0.00141456385609, 0.00200567021966, 0.00329816248268, 0.00350097403862, 0.00257078395225, 0.000931558082812, 0.00103269692045, 0.00189718080219, 0.00116932031233, 0.00122770795133, 0.000869036302902, 0.000933280447498, 0.000953667680733, 0.000904406595509, 0.00132028583903, 0.00104780984111, 0.000536390347406, 0.000523704045918, 0.000566620554309, 0.000551680685021, 0.00029719970189, 0.000221840818995, 0.000343438907294, 0.000459441420389, 0.000330454378854, 0.0002229968959, 0.00019370650989, 0.000185511365999, 0.00019064245862, 0.000343606865499, 0.000416976574343, 0.000515286112204, 0.00016421051987, 0.000155152447405, 0.000106475112261, 6.45980544505e-05, 6.74179245834e-05, 8.00773923402e-05, 9.65349390754e-05, 4.62641110062e-05, 1.97621720872e-05, 2.39460532612e-05, 4.18049021391e-05, 5.73533725401e-05, 1.30763737616e-05, 1.57458198373e-05, 2.42921869358e-05, 2.85543701466e-05, 1.68613460119e-05, 1.83179945452e-05, 1.86914385267e-05, 1.63185941346e-05, 6.26953396932e-06, 4.78460788145e-06, 5.21313268109e-06, 5.49665492144e-06, 2.48832748184e-06, 2.21754362428e-06, 3.62404148291e-06, 3.53436689693e-06, 1.26894724417e-06, 1.32544676035e-06, 1.43565534927e-06, 2.20089964387e-06, 1.89165007214e-06, 1.36455491884e-06, 1.03472837054e-06, 1.19470519166e-06, 1.29567183649e-06, 2.58744216808e-06, 4.40010171587e-06, 1.78108882665e-06, 1.15858847494e-06, 1.27153452922e-06, 1.09824350147e-06, 2.52465406447e-06, 4.22365883423e-06, 7.00958298694e-06, 2.39919677369e-06, 5.97764937993e-07, 6.06226990385e-07, 6.35255503312e-07, 6.55182361697e-07, 7.26425582798e-07, 4.81131337438e-07, 4.43985243237e-07, 7.3977298598e-07, 1.14881856916e-06, 1.18308116726e-06, 8.62511001287e-07, 1.84496627753e-07, 5.34890975956e-09, 2.92453394835e-09, 2.31712005139e-09, 2.04761785305e-09, 2.70300604122e-09, 2.70895994525e-09, 1.77180881078e-09, 1.58348656409e-09, 1.41721134828e-09, 1.27358645852e-09, 8.81901052185e-10, 1.05821007512e-09, 7.86984477585e-10, 1.63916241691e-11, 1.54492391102e-11, 1.47886043689e-11, 1.46779879917e-11, 1.43046286621e-11, 1.3902792112e-11, 1.37359186525e-11, 1.32971307576e-11, 1.326129484e-11, 1.31187291932e-11, 1.33061946878e-11]
    },
    "mfcc": {
        "mean": [-706.497619629, 132.444992065, 5.57839298248, 8.08372020721, -4.44830513, -8.73249530792, -16.6309089661, -0.0920886620879, -16.369436264, -5.56200122833, -6.75693273544, -8.4969959259, -1.69616186619],
        "cov": [[8179.47119141, -277.344696045, -1419.49169922, -643.916992188, -458.389160156, -251.909820557, -368.787384033, 86.8772964478, -393.994415283, 111.93006897, -74.0425415039, -189.531646729, 29.0731639862], [-277.344696045, 1120.71252441, -400.565795898, 82.0643615723, 133.362548828, -11.9445924759, -44.0952682495, -23.6767272949, 43.4148483276, -50.6193962097, -97.3944168091, 19.3542098999, 20.522644043], [-1419.49169922, -400.565795898, 997.346130371, 82.3504333496, 21.4606552124, 45.4560241699, 120.374931335, -66.5908737183, -5.50256538391, -24.6531105042, 7.69206666946, -7.09514808655, -60.6125564575], [-643.916992188, 82.0643615723, 82.3504333496, 362.047088623, 117.162765503, 24.8684043884, -13.3918085098, -54.7644691467, 57.5473442078, -50.7049064636, -34.4400100708, 11.25578022, 42.2914161682], [-458.389160156, 133.362548828, 21.4606552124, 117.162765503, 256.016052246, 65.585357666, 18.0204200745, -48.9775428772, 41.8451042175, 17.1636543274, -60.336517334, 13.0884189606, 33.4801292419], [-251.909820557, -11.9445924759, 45.4560241699, 24.8684043884, 65.585357666, 159.401412964, 75.2793807983, -24.3537006378, 40.3200111389, 21.3365287781, -19.2081203461, -1.90937924385, -7.76291275024], [-368.787384033, -44.0952682495, 120.374931335, -13.3918085098, 18.0204200745, 75.2793807983, 191.294662476, 17.2358398438, 4.1333117485, 9.90298080444, -20.1547966003, 0.242806509137, -34.7167396545], [86.8772964478, -23.6767272949, -66.5908737183, -54.7644691467, -48.9775428772, -24.3537006378, 17.2358398438, 160.411102295, -23.2324295044, 9.04172611237, 30.9722213745, -26.6837558746, -51.488494873], [-393.994415283, 43.4148483276, -5.50256538391, 57.5473442078, 41.8451042175, 40.3200111389, 4.1333117485, -23.2324295044, 180.545074463, 33.7617759705, -9.42566394806, 9.02623653412, 0.119764178991], [111.93006897, -50.6193962097, -24.6531105042, -50.7049064636, 17.1636543274, 21.3365287781, 9.90298080444, 9.04172611237, 33.7617759705, 121.471473694, 20.1613693237, -10.5476922989, -24.1905860901], [-74.0425415039, -97.3944168091, 7.69206666946, -34.4400100708, -60.336517334, -19.2081203461, -20.1547966003, 30.9722213745, -9.42566394806, 20.1613693237, 119.888374329, 14.7207126617, -30.6891517639], [-189.531646729, 19.3542098999, -7.09514808655, 11.25578022, 13.0884189606, -1.90937924385, 0.242806509137, -26.6837558746, 9.02623653412, -10.5476922989, 14.7207126617, 87.4441833496, 44.1732940674], [29.0731639862, 20.522644043, -60.6125564575, 42.2914161682, 33.4801292419, -7.76291275024, -34.7167396545, -51.488494873, 0.119764178991, -24.1905860901, -30.6891517639, 44.1732940674, 146.383682251]],
        "icov": [[0.00031763894367, 0.000224539704504, 0.00048478631652, 0.000238699241891, 0.000371867354261, 3.66477506759e-05, 0.000396444549551, 0.000298598781228, 0.00059019762557, -0.000332914263709, 0.000680998258758, 0.000407484098105, 0.000117455369036], [0.000224539704504, 0.00145244644955, 0.000928187393583, 8.92878815648e-05, -0.000360517529771, 0.000331861490849, 0.000314208475174, 0.000404133519623, 0.000187039666343, 0.00044489413267, 0.00127833080478, -0.000184438744327, 0.000824056915008], [0.00048478631652, 0.000928187393583, 0.00223485031165, 3.76529023924e-05, 0.000270715041552, 0.000346056825947, -0.000261763198068, 0.00137389835436, 0.000940004072618, 7.65403383411e-05, 0.000983634148724, 0.000598080980126, 0.00110330851749], [0.000238699241891, 8.92878815648e-05, 3.76529023924e-05, 0.00415792083368, -0.00143272080459, 5.13890881848e-05, 0.000639488222077, 0.000573537894525, -0.000837556493934, 0.00186233664863, 3.10523500957e-05, 0.000925975677092, -0.000526255578734], [0.000371867354261, -0.000360517529771, 0.000270715041552, -0.00143272080459, 0.00675619253889, -0.00191029522102, 0.000801714952104, 0.000530880817678, 0.000960795208812, -0.00266569922678, 0.00308801489882, -0.000540650915354, -0.000397732423153], [3.66477506759e-05, 0.000331861490849, 0.000346056825947, 5.13890881848e-05, -0.00191029522102, 0.00939385406673, -0.00365648628213, 0.00155808974523, -0.00135981920175, -0.000438703544205, -0.000280405161902, 0.00100955180824, 0.000255757127889], [0.000396444549551, 0.000314208475174, -0.000261763198068, 0.000639488222077, 0.000801714952104, -0.00365648628213, 0.00841964874417, -0.00136799330357, 0.00121728586964, -0.000727172126062, 0.00314234825782, -0.00157320301514, 0.00173481157981], [0.000298598781228, 0.000404133519623, 0.00137389835436, 0.000573537894525, 0.000530880817678, 0.00155808974523, -0.00136799330357, 0.00884532928467, 0.000930110341869, 5.81576496188e-05, -0.0010777892312, 0.00226742518134, 0.00213388423435], [0.00059019762557, 0.000187039666343, 0.000940004072618, -0.000837556493934, 0.000960795208812, -0.00135981920175, 0.00121728586964, 0.000930110341869, 0.00793923810124, -0.00307560502551, 0.00183590385132, -0.000371851725504, 0.000794099643826], [-0.000332914263709, 0.00044489413267, 7.65403383411e-05, 0.00186233664863, -0.00266569922678, -0.000438703544205, -0.000727172126062, 5.81576496188e-05, -0.00307560502551, 0.0116507494822, -0.00297308061272, 0.00112602149602, 0.000896575802471], [0.000680998258758, 0.00127833080478, 0.000983634148724, 3.10523500957e-05, 0.00308801489882, -0.000280405161902, 0.00314234825782, -0.0010777892312, 0.00183590385132, -0.00297308061272, 0.0141101628542, -0.00421084277332, 0.00346489134245], [0.000407484098105, -0.000184438744327, 0.000598080980126, 0.000925975677092, -0.000540650915354, 0.00100955180824, -0.00157320301514, 0.00226742518134, -0.000371851725504, 0.00112602149602, -0.00421084277332, 0.0165855865926, -0.0051746671088], [0.000117455369036, 0.000824056915008, 0.00110330851749, -0.000526255578734, -0.000397732423153, 0.000255757127889, 0.00173481157981, 0.00213388423435, 0.000794099643826, 0.000896575802471, 0.00346489134245, -0.0051746671088, 0.0110033648089]]
    },
    "spectral_contrast_coeffs": {
        "max": [-0.384584307671, -0.337092280388, -0.430787861347, -0.534606397152, -0.554653763771, -0.568002402782],
        "mean": [-0.653426408768, -0.668801605701, -0.730906367302, -0.780539095402, -0.761821746826, -0.724988996983],
        "min": [-0.944810688496, -0.907551646233, -0.918681681156, -0.922583162785, -0.892345905304, -0.86761111021],
        "stdev": [0.0793669074774, 0.114477716386, 0.0898085683584, 0.0709617137909, 0.0763763561845, 0.0587467961013]
    },
    "spectral_contrast_valleys": {
        "max": [-6.05718183517, -4.99095487595, -5.67746639252, -6.43410396576, -6.90261411667, -8.92810630798],
        "mean": [-7.62791633606, -7.11258745193, -7.93788290024, -8.42361831665, -8.72913074493, -11.6683759689],
        "min": [-10.1288557053, -10.2796201706, -10.9385948181, -11.1755304337, -11.4902305603, -14.1244821548],
        "stdev": [0.704431712627, 0.934448897839, 1.01948583126, 1.03260421753, 0.941064298153, 1.24783968925]
    }
},
"rhythm": {
    "beats_count": 42,
    "beats_loudness": {
        "max": 0.0637737587094,
        "mean": 0.0254119243473,
        "min": 0.000120700817206,
        "stdev": 0.0157827492803
    },
    "bpm": 78.5925292969,
    "bpm_histogram_first_peak_bpm": 78,
    "bpm_histogram_first_peak_weight": 0.314285635948,
    "bpm_histogram_second_peak_bpm": 86,
    "bpm_histogram_second_peak_spread": 0,
    "bpm_histogram_second_peak_weight": 0.146341472864,
    "danceability": 1.05778217316,
    "onset_rate": 2.89160132408,
    "beats_loudness_band_ratio": {
        "max": [0.768243432045, 0.925349473953, 0.924798071384, 0.549165308475, 0.608443677425, 0.645656526089],
        "mean": [0.0961341708899, 0.362208992243, 0.40700417757, 0.121047750115, 0.0663994699717, 0.0603227429092],
        "min": [0.0012437569676, 0.00875804387033, 0.0388692095876, 0.00460597407073, 0.00117121567018, 0.00151232874487],
        "stdev": [0.127992495894, 0.2585272789, 0.253331929445, 0.124505147338, 0.104719735682, 0.123793303967]
    },
    "beats_position": [0.777868449688, 1.54412698746, 2.32199549675, 3.08825397491, 3.85451245308, 4.58594083786, 5.32897949219, 6.07201814651, 6.82666635513, 7.59292507172, 8.35918331146, 9.12544155121, 9.89170074463, 10.6579589844, 11.4242172241, 12.1904764175, 12.933514595, 13.6997728348, 14.4660310745, 15.2322902679, 15.9985485077, 16.7648067474, 17.5194549561, 18.2857131958, 19.0403633118, 19.8066215515, 20.5612697601, 21.339138031, 22.1053962708, 22.8948745728, 23.6843528748, 24.3925609589, 25.0891609192, 25.7857589722, 26.4823570251, 27.1789569855, 27.8755550385, 28.6418132782, 29.4080715179, 30.1743297577, 30.9289798737, 31.6952381134],
