{
"metadata": {
    "version": {
        "essentia": "2.1-beta5",
        "essentia_git_sha": "Undefined",
        "extractor": "music 2.0"
    },
    "audio_properties": {
        "analysis": {
            "equal_loudness": 0,
            "length": 51.0490493774,
            "sample_rate": 44100,
            "start_time": 110.248344421,
            "downmix": "mix"
        },
        "bit_rate": 192000,
        "length": 161.320648193,
        "lossless": 0,
        "number_channels": 2,
        "replay_gain": -13.9977416992,
        "sample_rate": 48000,
        "codec": "mp3",
        "md5_encoded": "920e2b582c0384a159dc909b85e76747"
    },
    "tags": {
        "file_name": "Luxembourg_Cathérine_Romuald.mp3",
        "encoding": ["Lavf58.29.100"]
    }
},
"lowlevel": {
    "average_loudness": 0.689992010593,
    "barkbands_crest": {
        "max": 26.7022724152,
        "mean": 9.62179279327,
        "min": 2.79021477699,
        "stdev": 3.68393921852
    },
    "barkbands_flatness_db": {
        "max": 0.455370038748,
        "mean": 0.200646787882,
        "min": 0.110843107104,
        "stdev": 0.030152503401
    },
    "barkbands_kurtosis": {
        "max": 2113.78955078,
        "mean": 3.6217622757,
        "min": -1.75849270821,
        "stdev": 45.2686958313
    },
    "barkbands_skewness": {
        "max": 40.9215278625,
        "mean": 1.10180556774,
        "min": -3.17849421501,
        "stdev": 1.4199192524
    },
    "barkbands_spread": {
        "max": 37.2518997192,
        "mean": 13.7333869934,
        "min": 0.15511956811,
        "stdev": 5.9914355278
    },
    "dissonance": {
        "max": 0.49998742342,
        "mean": 0.448960334063,
        "min": 0.272137224674,
        "stdev": 0.0344675630331
    },
    "dynamic_complexity": 3.26339793205,
    "erbbands_crest": {
        "max": 26.7557792664,
        "mean": 10.0967760086,
        "min": 2.19151639938,
        "stdev": 3.98258757591
    },
    "erbbands_flatness_db": {
        "max": 0.368386089802,
        "mean": 0.241078600287,
        "min": 0.0417952090502,
        "stdev": 0.0403388030827
    },
    "erbbands_kurtosis": {
        "max": 15.5807857513,
        "mean": 0.192633673549,
        "min": -1.66333317757,
        "stdev": 1.59848034382
    },
    "erbbands_skewness": {
        "max": 3.65600800514,
        "mean": 0.165447741747,
        "min": -2.54136419296,
        "stdev": 0.747927069664
    },
    "erbbands_spread": {
        "max": 74.1965103149,
        "mean": 26.075176239,
        "min": 3.50692415237,
        "stdev": 10.8395643234
    },
    "hfc": {
        "max": 218.031845093,
        "mean": 14.177986145,
        "min": 6.59166460082e-07,
        "stdev": 20.876531601
    },
    "loudness_ebu128": {
        "integrated": -11.5502567291,
        "loudness_range": 6.65170764923,
        "momentary": {
            "max": -3.03213262558,
            "mean": -12.8266620636,
            "min": -21.2713775635,
            "stdev": 3.33350539207
        },
        "short_term": {
            "max": -5.56564950943,
            "mean": -12.4499979019,
            "min": -19.7503376007,
            "stdev": 2.54824566841
        }
    },
    "melbands_crest": {
        "max": 39.3124732971,
        "mean": 11.5993642807,
        "min": 2.9766561985,
        "stdev": 4.31369924545
    },
    "melbands_flatness_db": {
        "max": 0.458233863115,
        "mean": 0.229583188891,
        "min": 0.113337226212,
        "stdev": 0.0382439903915
    },
    "melbands_kurtosis": {
        "max": 973.930053711,
        "mean": 6.18003463745,
        "min": -1.47942638397,
        "stdev": 21.8379650116
    },
    "melbands_skewness": {
        "max": 25.9439582825,
        "mean": 1.68711793423,
        "min": -2.27521657944,
        "stdev": 1.33146619797
    },
    "melbands_spread": {
        "max": 76.5234298706,
        "mean": 19.0649375916,
        "min": 0.353480786085,
        "stdev": 9.46100234985
    },
    "pitch_salience": {
        "max": 0.868746042252,
        "mean": 0.58606082201,
        "min": 0.0345184579492,
        "stdev": 0.101147130132
    },
    "silence_rate_20dB": {
        "max": 1,
        "mean": 1,
        "min": 1,
        "stdev": 0
    },
    "silence_rate_30dB": {
        "max": 1,
        "mean": 1,
        "min": 1,
        "stdev": 0
    },
    "silence_rate_60dB": {
        "max": 1,
        "mean": 0.0786363631487,
        "min": 0,
        "stdev": 0.269170194864
    },
    "spectral_centroid": {
        "max": 3480.15869141,
        "mean": 1055.50402832,
        "min": 267.159057617,
        "stdev": 486.832305908
    },
    "spectral_complexity": {
        "max": 44,
        "mean": 15.0663633347,
        "min": 0,
        "stdev": 7.05413961411
    },
    "spectral_decrease": {
        "max": -1.36515834241e-15,
        "mean": -4.00580901783e-09,
        "min": -2.07599857305e-08,
        "stdev": 2.97890290213e-09
    },
    "spectral_energy": {
        "max": 0.0981289744377,
        "mean": 0.0164048671722,
        "min": 5.21221465988e-09,
        "stdev": 0.0126560889184
    },
    "spectral_energyband_high": {
        "max": 0.000747337238863,
        "mean": 3.31192059093e-05,
        "min": 2.09196219375e-11,
        "stdev": 5.29167264176e-05
    },
    "spectral_energyband_low": {
        "max": 0.014350887388,
        "mean": 0.000996184069663,
        "min": 3.26650018145e-09,
        "stdev": 0.00113306171261
    },
    "spectral_energyband_middle_high": {
        "max": 0.0958123058081,
        "mean": 0.00533460592851,
        "min": 9.39767777486e-11,
        "stdev": 0.00961943250149
    },
    "spectral_energyband_middle_low": {
        "max": 0.0542426072061,
        "mean": 0.0104501182213,
        "min": 5.26987065097e-10,
        "stdev": 0.00904021598399
    },
    "spectral_entropy": {
        "max": 8.84400558472,
        "mean": 7.01534461975,
        "min": 5.75487947464,
        "stdev": 0.260269105434
    },
    "spectral_flux": {
        "max": 0.223286822438,
        "mean": 0.0584084801376,
        "min": 0.000611396098975,
        "stdev": 0.0317523255944
    },
    "spectral_kurtosis": {
        "max": 57.9487190247,
        "mean": 9.87874889374,
        "min": 1.35942745209,
        "stdev": 6.61385202408
    },
    "spectral_rms": {
        "max": 0.00978445634246,
        "mean": 0.00371458148584,
        "min": 2.2550138965e-06,
        "stdev": 0.00148546381388
    },
    "spectral_rolloff": {
        "max": 3122.31445312,
        "mean": 1256.4284668,
        "min": 21.533203125,
        "stdev": 662.859008789
    },
    "spectral_skewness": {
        "max": 4.27220821381,
        "mean": 2.02570009232,
        "min": 0.741263091564,
        "stdev": 0.46816855669
    },
    "spectral_spread": {
        "max": 14372996,
        "mean": 2592704.25,
        "min": 866062.625,
        "stdev": 718016.6875
    },
    "spectral_strongpeak": {
        "max": 8.56209278107,
        "mean": 1.12370526791,
        "min": 0,
        "stdev": 1.17377698421
    },
    "zerocrossingrate": {
        "max": 0.109375,
        "mean": 0.0454385653138,
        "min": 0,
        "stdev": 0.0183230023831
    },
    "barkbands": {
        "max": [0.000284909561742, 0.00254511460662, 0.00935053266585, 0.0110274637118, 0.0423232465982, 0.0243744086474, 0.0322821103036, 0.0255906339735, 0.0314897447824, 0.0120686804876, 0.00951818656176, 0.00755221862346, 0.00674818456173, 0.0175362601876, 0.0160550680012, 0.0364174619317, 0.0268201101571, 0.0142357423902, 0.00748114520684, 0.000225611045607, 0.000146500140545, 0.000462028780021, 0.000151762840687, 0.000273216952337, 0.000109634034743, 1.80995050414e-06, 2.48935492664e-07],
        "mean": [1.64626726473e-05, 0.000285295303911, 0.000394508271711, 0.000668734079227, 0.0037196080666, 0.00134029414039, 0.00189215340652, 0.00137057038955, 0.00120205956046, 0.000567766663153, 0.000518711924087, 0.000378452066798, 0.000346671615262, 0.000760820985306, 0.000657992379274, 0.000858014042024, 0.0006848424091, 0.00047464761883, 0.000222861563088, 1.72459876921e-05, 6.83259895595e-06, 7.7851855167e-06, 6.26020482741e-06, 3.89337446904e-06, 2.35255311054e-06, 4.58152982219e-09, 1.17585896575e-09],
        "min": [2.62686494779e-09, 1.6501449096e-09, 2.95450386378e-10, 1.44520478917e-10, 1.78951936602e-10, 8.50635395455e-11, 4.80400025316e-11, 2.9958844433e-11, 2.81666946711e-11, 1.78890253305e-11, 1.41343438689e-11, 1.38346677864e-11, 9.93124332771e-12, 8.89292632589e-12, 7.96131563452e-12, 7.0717299204e-12, 5.33381932372e-12, 5.21460262123e-12, 4.15183295729e-12, 3.6074695748e-12, 3.37618648316e-12, 3.24065839268e-12, 2.70241359672e-12, 2.51479869914e-12, 2.51103261448e-12, 2.22081034118e-12, 2.56028705181e-12],
        "stdev": [1.9628481823e-05, 0.000279509607935, 0.000670637236908, 0.00090197310783, 0.00423439126462, 0.00213627703488, 0.00360185606405, 0.00265223928727, 0.00293595669791, 0.000963867467362, 0.000888968352228, 0.000615605385974, 0.000630129943602, 0.00162221293431, 0.00167110562325, 0.00249069323763, 0.00230884621851, 0.00145981914829, 0.000477585272165, 2.12760442082e-05, 8.00443012849e-06, 2.28547651204e-05, 1.22835608636e-05, 1.17470935947e-05, 6.47343085802e-06, 5.69460034683e-08, 8.63795079908e-09]
    },
    "erbbands": {
        "max": [0.042678527534, 0.801183342934, 6.71468162537, 22.311164856, 81.4848251343, 169.957733154, 144.478424072, 299.466064453, 576.512878418, 521.973022461, 700.503540039, 1004.85955811, 819.16027832, 325.53604126, 457.751861572, 292.74911499, 358.680755615, 794.470703125, 694.830078125, 1391.44042969, 1520.24145508, 1719.91809082, 892.010803223, 750.722839355, 104.712295532, 10.5133132935, 7.60044002533, 9.63777351379, 11.7842311859, 7.57993507385, 4.02463102341, 9.38674354553, 2.65567612648, 2.04671955109, 0.166215106845, 0.00981809198856, 0.00307846907526, 0.00040654966142, 9.96373128146e-05, 0.000140244679642],
        "mean": [0.00705102644861, 0.070663459599, 0.384795755148, 1.57211339474, 7.76872491837, 12.8654727936, 9.86383152008, 11.7644128799, 25.7761230469, 27.0467891693, 31.8954582214, 27.2392787933, 24.957403183, 17.267118454, 20.896490097, 16.4833316803, 17.6901035309, 36.7854652405, 31.5049991608, 45.8096542358, 40.78490448, 39.2901344299, 27.4787769318, 19.6262950897, 5.10636234283, 0.920534551144, 0.343952864408, 0.280457675457, 0.252445906401, 0.196252763271, 0.180571451783, 0.120081692934, 0.0555733703077, 0.0416606217623, 0.00616394169629, 0.000185949567822, 2.26952852245e-05, 5.09480105393e-06, 9.29632551561e-06, 1.95822940441e-05],
        "min": [8.80237607248e-08, 2.37428750438e-07, 3.59487557944e-07, 4.4891086759e-07, 5.30005991095e-07, 6.03994180892e-07, 6.63881166929e-07, 6.79826882788e-07, 6.95846551935e-07, 6.88196621468e-07, 6.60880630221e-07, 6.3423294705e-07, 6.05932768849e-07, 5.88362752296e-07, 5.88311479532e-07, 5.46019123249e-07, 4.68328153147e-07, 4.53198879313e-07, 4.50663492302e-07, 4.05092720257e-07, 3.68047381016e-07, 3.03697106574e-07, 2.91882003012e-07, 2.2187892057e-07, 2.04966497108e-07, 1.69246760606e-07, 1.4487265787e-07, 1.36214637791e-07, 1.22710730466e-07, 9.0573259115e-08, 7.43336201481e-08, 5.60338584421e-08, 4.08897840032e-08, 2.94992208438e-08, 1.71851635145e-08, 8.93084450837e-09, 4.13203515848e-09, 1.43994149937e-09, 3.51447038138e-10, 4.28029174604e-11],
        "stdev": [0.00586226209998, 0.0793366357684, 0.53520834446, 2.01806402206, 9.66146469116, 16.8046703339, 12.8088874817, 20.8096580505, 51.7011756897, 51.8531684875, 68.42137146, 68.1953964233, 59.6920433044, 25.0362606049, 34.2242736816, 25.4764194489, 29.2549438477, 74.0898742676, 69.8088226318, 115.546661377, 128.282180786, 132.7940979, 87.2537307739, 50.2383995056, 7.72432804108, 0.927511751652, 0.386797726154, 0.522536277771, 0.643699705601, 0.431336909533, 0.353446483612, 0.382063955069, 0.136986345053, 0.113123901188, 0.0148214949295, 0.00047917853226, 9.7791031294e-05, 1.81256400538e-05, 8.60840918904e-06, 1.60758172569e-05]
    },
    "gfcc": {
        "mean": [-73.8009643555, 157.356643677, -164.307098389, 28.3887233734, -58.9055862427, 1.3032656908, -47.3229408264, -2.83024168015, -9.1006565094, -26.7166290283, 4.7016043663, -21.3553295135, 2.33858561516],
        "cov": [[1894.42541504, -46.2839202881, -398.507659912, -262.690307617, 33.5208511353, -152.839538574, -6.84085273743, 36.8704986572, -16.087480545, -24.7463150024, 3.84692668915, -77.9111328125, -77.626991272], [-46.2839202881, 415.746063232, 212.812713623, -75.2348175049, -178.308349609, -143.538024902, 50.7112693787, -76.710975647, -0.629160583019, -0.556441128254, 28.7147502899, -62.3083572388, 28.6850204468], [-398.507659912, 212.812713623, 593.018737793, 159.80305481, -280.526672363, 38.4893455505, -63.8433036804, -59.2242736816, -61.7075958252, 28.9428100586, -29.5826435089, -34.3004608154, 48.9307098389], [-262.690307617, -75.2348175049, 159.80305481, 261.67678833, 16.2652759552, 62.7308731079, -54.5578079224, -18.5519752502, -18.4206104279, -8.09361171722, -28.4045886993, 24.1456546783, 29.8446140289], [33.5208511353, -178.308349609, -280.526672363, 16.2652759552, 356.282348633, 66.4217147827, 19.0486717224, 41.3674125671, 39.5315933228, -31.3556442261, -4.45093202591, 33.6524200439, -40.321849823], [-152.839538574, -143.538024902, 38.4893455505, 62.7308731079, 66.4217147827, 219.945068359, -6.64991474152, 25.2398471832, -20.9689159393, 2.87087965012, -27.6982955933, 21.0645713806, -1.6383048296], [-6.84085273743, 50.7112693787, -63.8433036804, -54.5578079224, 19.0486717224, -6.64991474152, 128.78036499, 44.3016891479, 4.39369487762, -32.3412628174, -2.17874574661, -0.658937036991, -6.43102169037], [36.8704986572, -76.710975647, -59.2242736816, -18.5519752502, 41.3674125671, 25.2398471832, 44.3016891479, 121.262252808, 18.0702838898, -23.1723403931, -6.82245969772, 10.6330356598, -19.7916622162], [-16.087480545, -0.629160583019, -61.7075958252, -18.4206104279, 39.5315933228, -20.9689159393, 4.39369487762, 18.0702838898, 79.6081085205, 26.4164848328, 7.88938522339, 2.47689080238, -10.2645931244], [-24.7463150024, -0.556441128254, 28.9428100586, -8.09361171722, -31.3556442261, 2.87087965012, -32.3412628174, -23.1723403931, 26.4164848328, 83.2490921021, 31.2203731537, -4.2970867157, -6.59817028046], [3.84692668915, 28.7147502899, -29.5826435089, -28.4045886993, -4.45093202591, -27.6982955933, -2.17874574661, -6.82245969772, 7.88938522339, 31.2203731537, 70.6092224121, 12.2117481232, -19.3553543091], [-77.9111328125, -62.3083572388, -34.3004608154, 24.1456546783, 33.6524200439, 21.0645713806, -0.658937036991, 10.6330356598, 2.47689080238, -4.2970867157, 12.2117481232, 72.6553573608, 28.4041404724], [-77.626991272, 28.6850204468, 48.9307098389, 29.8446140289, -40.321849823, -1.6383048296, -6.43102169037, -19.7916622162, -10.2645931244, -6.59817028046, -19.3553543091, 28.4041404724, 82.1566314697]],
        "icov": [[0.000814833852928, -0.000256349128904, 0.000851475459058, 0.000301280408166, 0.000294656900223, 0.00029800561606, 0.000780195638072, -0.000527006806806, 0.000963016005699, -0.000275577040156, 0.000691492808983, 0.000487543497002, 0.000420057738665], [-0.000256349128904, 0.0128725795075, -0.00750030064955, 0.00461307400838, -0.00134512409568, 0.00458356132731, -0.00728980544955, 0.0073387301527, -0.00676768273115, 0.0075727943331, -0.010430383496, 0.00907055288553, -0.00714756641537], [0.000851475459058, -0.00750030064955, 0.00933798402548, -0.00491380225867, 0.00438652699813, -0.00342712318525, 0.0050147860311, -0.00429167319089, 0.00547984009609, -0.00517414696515, 0.00693404767662, -0.00308783189394, 0.00406024139374], [0.000301280408166, 0.00461307400838, -0.00491380225867, 0.00827842671424, -0.00245623779483, 0.00141992454883, -0.000388520595152, 0.0026570004411, -0.00220218091272, 0.00369458994828, -0.00243558757938, 0.00142511597369, -0.00301914708689], [0.000294656900223, -0.00134512409568, 0.00438652699813, -0.00245623779483, 0.00697381561622, -0.00253690546378, 0.00117043009959, -0.000142148972373, -0.00142675475217, 0.0014594028471, 0.00163149775472, -0.00189625192434, 0.00343619729392], [0.00029800561606, 0.00458356132731, -0.00342712318525, 0.00141992454883, -0.00253690546378, 0.00868243444711, -0.00274603511207, 0.000701269542333, 0.00156463566236, -0.00139746523928, 0.00050092395395, 0.00086519389879, -0.00100929732434], [0.000780195638072, -0.00728980544955, 0.0050147860311, -0.000388520595152, 0.00117043009959, -0.00274603511207, 0.0153058124706, -0.00727212801576, 0.00343456072733, 6.4699590439e-05, 0.00472441408783, -0.0036203651689, 0.00320178130642], [-0.000527006806806, 0.0073387301527, -0.00429167319089, 0.0026570004411, -0.000142148972373, 0.000701269542333, -0.00727212801576, 0.016014456749, -0.00791636295617, 0.00769177405164, -0.00511283660308, 0.00206173444167, -0.000525223324075], [0.000963016005699, -0.00676768273115, 0.00547984009609, -0.00220218091272, -0.00142675475217, 0.00156463566236, 0.00343456072733, -0.00791636295617, 0.0237139184028, -0.0144496932626, 0.0097864260897, -0.00506871100515, 0.0043622283265], [-0.000275577040156, 0.0075727943331, -0.00517414696515, 0.00369458994828, 0.0014594028471, -0.00139746523928, 6.4699590439e-05, 0.00769177405164, -0.0144496932626, 0.0278518218547, -0.0169077776372, 0.00805068481714, -0.00495370151475], [0.000691492808983, -0.010430383496, 0.00693404767662, -0.00243558757938, 0.00163149775472, 0.00050092395395, 0.00472441408783, -0.00511283660308, 0.0097864260897, -0.0169077776372, 0.0335592292249, -0.016919972375, 0.0146198039874], [0.000487543497002, 0.00907055288553, -0.00308783189394, 0.00142511597369, -0.00189625192434, 0.00086519389879, -0.0036203651689, 0.00206173444167, -0.00506871100515, 0.00805068481714, -0.016919972375, 0.0303963068873, -0.0165669713169], [0.000420057738665, -0.00714756641537, 0.00406024139374, -0.00301914708689, 0.00343619729392, -0.00100929732434, 0.00320178130642, -0.000525223324075, 0.0043622283265, -0.00495370151475, 0.0146198039874, -0.0165669713169, 0.0248525273055]]
    },
    "melbands": {
        "max": [0.000452967302408, 0.00252062780783, 0.0044295960106, 0.00829349644482, 0.00617998978123, 0.00587962055579, 0.00760079966858, 0.00510521605611, 0.00569962104782, 0.00607527326792, 0.00395195418969, 0.00137672654819, 0.00141018955037, 0.000926222593989, 0.000623916566838, 0.000675576273352, 0.00183326611295, 0.00131142325699, 0.00138894899283, 0.00307865510695, 0.00181032391265, 0.00184155453462, 0.00109927123412, 0.000800278910901, 0.000663363258354, 0.000163002681802, 1.29517420646e-05, 6.58030012346e-06, 5.4375173022e-06, 2.4257608402e-06, 9.53150265559e-06, 1.05362341856e-05, 3.16234900311e-06, 3.62592959391e-06, 1.90301204839e-06, 3.61671754945e-06, 6.1883761191e-06, 2.33396622207e-06, 1.62736296261e-06, 1.86341640074e-06],
        "mean": [6.91890745657e-05, 0.000173349006218, 0.000430283078458, 0.000789995014202, 0.000403629906941, 0.000277284911135, 0.000394827598939, 0.000281130312942, 0.000252681289567, 0.000169307750184, 0.000119937059935, 6.51747541269e-05, 7.65062213759e-05, 4.27290142397e-05, 3.90222958231e-05, 3.76321549993e-05, 7.48438978917e-05, 4.96409265907e-05, 5.39413704246e-05, 6.52429807815e-05, 4.32740307588e-05, 4.15035319747e-05, 3.16296354868e-05, 2.11741753446e-05, 1.60239142133e-05, 5.55726182938e-06, 1.18777597891e-06, 4.12520876125e-07, 2.17880966602e-07, 1.54356143867e-07, 1.67081608993e-07, 1.54027716803e-07, 1.30801581122e-07, 9.30893975237e-08, 9.15920566058e-08, 1.14558403652e-07, 5.99723364303e-08, 3.96334378649e-08, 3.41319719155e-08, 3.67073695884e-08],
        "min": [7.4798039984e-10, 2.10663070321e-10, 8.08232231142e-11, 4.12547600248e-11, 2.38923932722e-11, 1.54837236782e-11, 1.0549034736e-11, 7.3438304049e-12, 5.26004326901e-12, 3.92091610915e-12, 2.99081744613e-12, 2.37391833621e-12, 1.97925746973e-12, 1.60456684831e-12, 1.22847684716e-12, 9.48301658553e-13, 8.21172502826e-13, 7.33361830464e-13, 5.92590484062e-13, 5.05394337491e-13, 4.14596742354e-13, 3.15598160669e-13, 2.85611757769e-13, 2.39437132231e-13, 1.71064930884e-13, 1.57480975417e-13, 1.25916936383e-13, 1.10228964628e-13, 9.60779646488e-14, 7.76985626446e-14, 7.95788063809e-14, 7.39106855146e-14, 5.24103160773e-14, 4.9928384181e-14, 4.34443740748e-14, 3.81743824106e-14, 3.25510289296e-14, 2.91273082043e-14, 2.56228228874e-14, 2.45682736443e-14],
        "stdev": [5.87234826526e-05, 0.000219557783566, 0.000493186526, 0.000901926134247, 0.000550536205992, 0.000480022834381, 0.000761171686463, 0.000516169471666, 0.000561377673876, 0.000443327473477, 0.000294433120871, 0.000103234284325, 0.000131544686155, 6.93487963872e-05, 6.47160486551e-05, 6.81512028677e-05, 0.000161553180078, 0.000109400665679, 0.000136913251481, 0.000184362259461, 0.00014306466619, 0.000145474346937, 0.000101638986962, 6.67192580295e-05, 4.06270555686e-05, 1.03150468931e-05, 1.47619516611e-06, 5.33496063326e-07, 2.9697065429e-07, 1.86554231618e-07, 4.46476605021e-07, 5.32680360266e-07, 2.16478738935e-07, 2.20974456511e-07, 1.63828360655e-07, 2.74173288517e-07, 2.31853860555e-07, 1.05568418007e-07, 8.97671981193e-08, 1.03642264548e-07]
    },
    "melbands128": {
        "max": [0.000237017025938, 0.000360290898243, 0.000750954612158, 0.00163212791085, 0.00271694362164, 0.00595225580037, 0.00533184874803, 0.00675348751247, 0.01094561629, 0.0137153631076, 0.0110172042623, 0.0122455181554, 0.00543094240129, 0.00335325393826, 0.00763632543385, 0.00942265707999, 0.0142669845372, 0.0130426334217, 0.0133626507595, 0.00893937703222, 0.00670882314444, 0.00697495602071, 0.0110560366884, 0.00845437124372, 0.011796630919, 0.00871929712594, 0.00961097981781, 0.00436404673383, 0.00274147745222, 0.00202792137861, 0.00184519495815, 0.00234228069894, 0.00285623781383, 0.00250164302997, 0.00248117488809, 0.00106459634844, 0.00151756161358, 0.00129760208074, 0.0011191254016, 0.00134702958167, 0.0011814951431, 0.0021189826075, 0.00121965329163, 0.00500311423093, 0.0028405750636, 0.00186343467794, 0.00257261516526, 0.00236961478367, 0.00201214896515, 0.00289752148092, 0.004205792211, 0.00499449390918, 0.00217319047078, 0.00192115758546, 0.00199481821619, 0.00272059603594, 0.00239889207296, 0.00141320668627, 0.00154287973419, 0.00115564640146, 0.00123476563022, 0.00111446739174, 0.00129627785645, 0.000603251159191, 0.000468453712529, 0.000149957049871, 5.63995017728e-05, 2.72424222203e-05, 1.88754329429e-05, 8.21192315925e-06, 1.17225163194e-05, 1.37574834298e-05, 6.21828212388e-06, 9.97365987132e-06, 3.77250307793e-06, 2.99743737742e-06, 2.5068177365e-06, 4.17821865994e-06, 2.19243270294e-06, 3.43034080288e-05, 1.65002857102e-05, 5.42641510037e-06, 2.66466190624e-06, 3.66799417861e-06, 5.55463020646e-06, 8.825565601e-06, 2.32999286709e-06, 1.96588234758e-06, 1.72315469626e-06, 3.90937930206e-06, 7.02740999259e-06, 4.30059481005e-06, 6.3072852754e-06, 1.27969724417e-05, 2.53095981861e-06, 3.5588850551e-06, 3.43807869285e-06, 6.30341560282e-07, 1.14072861379e-06, 3.90809464079e-06, 2.79434698314e-06, 2.96338134831e-06, 8.625152077e-07, 2.33836601637e-07, 3.34304637306e-08, 1.79378876197e-08, 2.15532747205e-08, 1.83383406238e-08, 1.71217671152e-08, 1.83521340347e-08, 1.39888074457e-08, 1.04250448274e-08, 9.84544179516e-09, 7.35029415111e-09, 4.1364587311e-09, 4.32780566939e-09, 2.53203857881e-09, 1.1704655023e-09, 1.13191822582e-09, 1.10682929488e-09, 1.44216272258e-09, 1.05034314579e-09, 1.02521346967e-09, 1.01069042024e-09, 9.9554220423e-10, 9.83752523886e-10, 9.75027059091e-10, 9.69245461668e-10],
        "mean": [1.38705609061e-05, 5.48675016034e-05, 7.6385011198e-05, 0.000125813821796, 0.000165807126905, 0.000206209471799, 0.000280520383967, 0.00035278260475, 0.000870992895216, 0.000903148611542, 0.000701642304193, 0.000578618957661, 0.00032261852175, 0.000190838778508, 0.000190563834622, 0.000376253039576, 0.000451497500762, 0.000395871407818, 0.000323290209053, 0.0003412454098, 0.000199973073904, 0.000254014448728, 0.000324278982589, 0.000153619374032, 0.00018432844081, 0.000142490345752, 0.000205501710298, 0.00011768440163, 5.18822780577e-05, 6.82470708853e-05, 6.23314263066e-05, 7.05348720658e-05, 0.000105570863525, 5.45000075363e-05, 3.87834625144e-05, 3.80936180591e-05, 5.33964739589e-05, 3.29499562213e-05, 3.55659030902e-05, 4.22590746894e-05, 3.22852865793e-05, 3.95394308725e-05, 6.57289274386e-05, 0.000127031424199, 3.79302764486e-05, 3.39354264725e-05, 5.72914432269e-05, 4.61019590148e-05, 4.80093258375e-05, 8.37199477246e-05, 6.1790808104e-05, 6.15507669863e-05, 4.28390303568e-05, 3.4299762774e-05, 4.33295790572e-05, 4.31820008089e-05, 4.0946626541e-05, 3.59998266504e-05, 2.87516577373e-05, 2.09425597859e-05, 2.1103389372e-05, 2.17969627556e-05, 1.72617765202e-05, 1.58080638357e-05, 1.1028562767e-05, 4.92247590955e-06, 2.82029805021e-06, 1.38727602916e-06, 9.37678976243e-07, 5.49345543277e-07, 5.14389000728e-07, 2.58939508058e-07, 2.19974808147e-07, 2.53277050888e-07, 1.52595532654e-07, 1.50888112671e-07, 1.36585839527e-07, 1.81960302825e-07, 1.17693630841e-07, 2.42470520107e-07, 1.76283279529e-07, 1.0858100552e-07, 1.11283853244e-07, 1.52489079142e-07, 1.22168458461e-07, 1.18709841956e-07, 7.36138474622e-08, 6.66770958446e-08, 7.20514492514e-08, 1.16848191567e-07, 1.69321182852e-07, 9.32317831825e-08, 6.56574812297e-08, 7.01846403217e-08, 4.63591369737e-08, 4.51617587771e-08, 4.09380440658e-08, 2.67618105454e-08, 3.04358955816e-08, 4.29399875657e-08, 3.4492657619e-08, 4.21832595521e-08, 3.13756096659e-08, 9.47614253732e-09, 8.70946703646e-10, 5.71308451935e-11, 6.38285674315e-11, 4.7288600119e-11, 4.24364605955e-11, 3.81857635789e-11, 2.88931153308e-11, 2.46233519685e-11, 2.26292058009e-11, 1.8711209665e-11, 1.69461077115e-11, 1.65886453879e-11, 1.24424342357e-11, 5.78443152752e-12, 4.80177703155e-12, 4.58793983707e-12, 4.91278458886e-12, 4.54234609995e-12, 4.06522298463e-12, 3.58453544624e-12, 3.1870400416e-12, 2.73953299282e-12, 2.52312233606e-12, 2.48463467682e-12],
        "min": [1.23519039441e-09, 9.18699505359e-10, 5.87105419836e-10, 3.06726560817e-10, 1.973202296e-10, 1.37432967784e-10, 8.80301664896e-11, 6.69808097875e-11, 4.51172328664e-11, 4.31261068523e-11, 3.09704831225e-11, 2.5735677478e-11, 2.35409677862e-11, 1.85587517576e-11, 1.46034469239e-11, 1.43331423119e-11, 1.19381362435e-11, 8.66975848751e-12, 9.16571245985e-12, 7.11523331573e-12, 6.57306674368e-12, 6.14733567869e-12, 4.70204214106e-12, 4.7232096706e-12, 4.06707176617e-12, 3.69131114564e-12, 3.34464053675e-12, 2.8545796369e-12, 2.74870274111e-12, 2.27305761019e-12, 2.26603913585e-12, 2.10266005995e-12, 1.99243052612e-12, 1.84883033362e-12, 1.72876632714e-12, 1.49779635309e-12, 1.37937350344e-12, 1.28901392598e-12, 9.62988694862e-13, 9.77273925847e-13, 8.69235781444e-13, 8.96400521085e-13, 8.31773126937e-13, 7.77974364617e-13, 7.73392472026e-13, 7.39396337126e-13, 6.1531172952e-13, 6.21506264422e-13, 5.41257143272e-13, 5.30607513222e-13, 5.20705820042e-13, 4.59137068642e-13, 4.23857319685e-13, 4.04903432831e-13, 3.66961669385e-13, 2.95950167584e-13, 2.84843573424e-13, 2.85069195896e-13, 2.9822598926e-13, 2.64917265642e-13, 2.45431333677e-13, 2.14089013986e-13, 1.8451776565e-13, 1.56733472229e-13, 1.48570188812e-13, 1.62388359053e-13, 1.61527827789e-13, 1.4418590562e-13, 1.10583207359e-13, 1.11159122e-13, 1.0908590383e-13, 1.10725576657e-13, 1.12587300865e-13, 9.55341559442e-14, 7.22451205847e-14, 8.08989580512e-14, 7.51772233874e-14, 7.99533033638e-14, 8.09906341211e-14, 7.78412097692e-14, 7.96895779616e-14, 6.83355078795e-14, 6.98969013094e-14, 4.05332031502e-14, 5.11963755623e-14, 5.18408388862e-14, 4.89155089589e-14, 4.67735693113e-14, 4.38857934368e-14, 3.98422309413e-14, 4.19326980907e-14, 3.56164852114e-14, 3.57046613412e-14, 3.3792874098e-14, 2.92662859821e-14, 3.00309365049e-14, 3.02730795076e-14, 2.6653296066e-14, 2.48518246997e-14, 2.51759960671e-14, 2.6161564641e-14, 2.38262050199e-14, 2.33857563577e-14, 2.53560752717e-14, 1.91946356406e-14, 1.43435458145e-14, 1.6820107522e-14, 1.65237171412e-14, 1.31320345901e-14, 1.71085747565e-14, 1.44057417498e-14, 1.47191557987e-14, 1.35856800256e-14, 1.09718600172e-14, 1.07860370822e-14, 1.10212682961e-14, 1.20422936691e-14, 9.95485550953e-15, 1.35997924416e-14, 1.04662203112e-14, 8.03324437813e-15, 1.28710086819e-14, 1.32183142131e-14, 9.73905099632e-15, 1.07579299879e-14, 5.70354759583e-15, 8.76989802681e-16, 4.2217256983e-17],
        "stdev": [1.67202069861e-05, 4.95061249239e-05, 8.00741254352e-05, 0.000165103730978, 0.000242300317041, 0.00039979320718, 0.000445678422693, 0.000539194908924, 0.00124402286019, 0.00122859550174, 0.00106711371336, 0.00101431377698, 0.000477729859995, 0.000292991957394, 0.000434146961197, 0.000894743017852, 0.00101204658858, 0.00118339271285, 0.000864751462359, 0.000861847016495, 0.000473486230476, 0.000634198426269, 0.00096648564795, 0.000486424192786, 0.00069582730066, 0.000580693478696, 0.000773045932874, 0.000309541093884, 0.000124736339785, 0.000150735446368, 0.000120643875562, 0.00016702368157, 0.000223047973122, 0.000126933140564, 0.000107757827209, 7.80385817052e-05, 0.000112483816338, 8.67937851581e-05, 8.37595580379e-05, 9.34368581511e-05, 8.56195038068e-05, 0.000118564246804, 0.000140626259963, 0.000378185388399, 0.000124022044474, 0.000110943838081, 0.000159888950293, 0.000158131006174, 0.000151179454406, 0.000229850455071, 0.000216563639697, 0.000232447011513, 0.0001531689486, 0.000130835658638, 0.000155211339006, 0.000171333944309, 0.000155775545863, 0.000118485055282, 0.000100747558463, 8.24474773253e-05, 7.73667852627e-05, 6.21605213382e-05, 5.54973812541e-05, 4.13841553382e-05, 2.77861890936e-05, 9.8093505585e-06, 4.43886710855e-06, 2.24169821195e-06, 1.91077424461e-06, 8.0689716242e-07, 9.04032503968e-07, 6.86134796979e-07, 4.04271702337e-07, 4.72127624107e-07, 2.30746707075e-07, 2.26872970188e-07, 2.03078570848e-07, 3.66200481494e-07, 1.73397069148e-07, 1.39223573115e-06, 8.33102035358e-07, 2.3230734314e-07, 1.62008205962e-07, 2.68163461214e-07, 2.86730909238e-07, 4.65520940907e-07, 1.26668311395e-07, 1.21732753655e-07, 1.23171091104e-07, 2.67839851631e-07, 4.42324790129e-07, 2.35105844126e-07, 2.90032915018e-07, 4.09026768011e-07, 1.31495838218e-07, 1.4953735672e-07, 1.30179486746e-07, 4.31834052961e-08, 7.18868591321e-08, 1.739502693e-07, 1.01371171013e-07, 1.35420151537e-07, 8.45317558174e-08, 2.2036783065e-08, 2.15937823178e-09, 6.30794694256e-10, 7.52707729479e-10, 5.98731231261e-10, 5.58936952277e-10, 5.40867739485e-10, 3.92892413048e-10, 3.1392216604e-10, 2.98176316971e-10, 2.25778118423e-10, 1.7804784036e-10, 1.71958419726e-10, 1.13607734331e-10, 4.35100393215e-11, 3.71821393119e-11, 3.55749110725e-11, 4.4405420313e-11, 3.70526352655e-11, 3.10589887142e-11, 2.68210800791e-11, 2.36238806295e-11, 2.14687261024e-11, 2.10166398174e-11, 2.08855641115e-11]
    },
    "mfcc": {
        "mean": [-695.691955566, 166.440185547, -28.5629119873, 12.9982213974, 11.4550132751, -9.93171787262, -11.5938777924, 4.24068832397, -11.356379509, -2.21634697914, -0.769949138165, -9.9208574295, -4.87714672089],
        "cov": [[1708.23254395, 72.6942901611, -549.370422363, -136.480743408, -40.9477882385, -154.885070801, -33.3002281189, 8.84014797211, -64.6357116699, 57.1457366943, 61.371711731, -41.1957511902, -89.4526596069], [72.6942901611, 455.861450195, 107.367004395, -13.549955368, -171.761245728, -107.808067322, -12.6212024689, -81.2012405396, -42.3488044739, 27.0112056732, -16.58385849, -19.5145168304, 36.2351036072], [-549.370422363, 107.367004395, 908.341369629, 123.532173157, -174.265258789, 16.4097995758, -7.72747755051, -152.771530151, -27.8421936035, -4.03064966202, -76.3265151978, -58.3414649963, 4.83788108826], [-136.480743408, -13.549955368, 123.532173157, 187.091995239, 14.2748146057, -5.01071691513, -21.5770530701, -23.4955177307, -0.172623962164, -18.8732509613, -19.5141906738, -21.0816879272, -4.99438905716], [-40.9477882385, -171.761245728, -174.265258789, 14.2748146057, 249.719619751, 95.3717269897, -0.780999958515, 58.4103889465, 18.8770179749, -14.2701797485, 23.3871841431, 22.5016269684, -15.8754348755], [-154.885070801, -107.808067322, 16.4097995758, -5.01071691513, 95.3717269897, 155.805160522, 22.5221576691, -2.22257351875, 20.5423316956, -27.4685306549, 0.521465599537, 10.1319131851, -18.0595664978], [-33.3002281189, -12.6212024689, -7.72747755051, -21.5770530701, -0.780999958515, 22.5221576691, 97.1604232788, 51.0725593567, 12.1571235657, -5.5784907341, -3.71093392372, 7.17951965332, -6.33433866501], [8.84014797211, -81.2012405396, -152.771530151, -23.4955177307, 58.4103889465, -2.22257351875, 51.0725593567, 167.547592163, 57.1981735229, -7.24540948868, 7.71543073654, 8.49270629883, 1.06753242016], [-64.6357116699, -42.3488044739, -27.8421936035, -0.172623962164, 18.8770179749, 20.5423316956, 12.1571235657, 57.1981735229, 98.7966461182, 3.89659905434, -23.187713623, -7.47271585464, -9.84569263458], [57.1457366943, 27.0112056732, -4.03064966202, -18.8732509613, -14.2701797485, -27.4685306549, -5.5784907341, -7.24540948868, 3.89659905434, 71.3832168579, 29.8887996674, -6.38547945023, -11.2810096741], [61.371711731, -16.58385849, -76.3265151978, -19.5141906738, 23.3871841431, 0.521465599537, -3.71093392372, 7.71543073654, -23.187713623, 29.8887996674, 93.2511749268, 31.2329292297, -15.3169288635], [-41.1957511902, -19.5145168304, -58.3414649963, -21.0816879272, 22.5016269684, 10.1319131851, 7.17951965332, 8.49270629883, -7.47271585464, -6.38547945023, 31.2329292297, 83.9693832397, 27.141960144], [-89.4526596069, 36.2351036072, 4.83788108826, -4.99438905716, -15.8754348755, -18.0595664978, -6.33433866501, 1.06753242016, -9.84569263458, -11.2810096741, -15.3169288635, 27.141960144, 103.616226196]],
        "icov": [[0.00100074196234, 3.58007891919e-05, 0.000678913434967, 0.000420690776082, 0.00021631558775, 0.000771967577748, 9.57764568739e-05, 0.000282281864202, 0.00064248801209, -0.000151943895617, 6.24903477728e-05, 0.000619547907263, 0.000902100931853], [3.58007891919e-05, 0.00340169272386, 0.000113429377961, 0.000225242038141, 0.00138444756158, 0.00139636569656, -0.000691432389431, 0.00140279962216, 0.000225301686442, -0.000495340849739, 9.7106792964e-05, 0.000565043708775, -0.000920527323615], [0.000678913434967, 0.000113429377961, 0.00227779429406, -0.000920786580537, 0.0015792446211, -0.000678187527228, -0.000334785640007, 0.00113190093543, 0.000732931483071, -0.000893481774256, 0.00102489488199, 0.000767088669818, 0.00041027602856], [0.000420690776082, 0.000225242038141, -0.000920786580537, 0.00709773506969, -0.00185943080578, 0.00249585253187, 0.000676456955262, 0.00105365377385, -0.000809002842288, 0.00269116414711, -0.000630740018096, 0.00162393087521, 0.000547643692698], [0.00021631558775, 0.00138444756158, 0.0015792446211, -0.00185943080578, 0.00864476244897, -0.00525526469573, 0.00248197466135, -0.00281624007039, 0.00217238022014, -0.00192704750225, 0.000752690248191, -0.000940811645705, 0.000482849805849], [0.000771967577748, 0.00139636569656, -0.000678187527228, 0.00249585253187, -0.00525526469573, 0.0138656282797, -0.00446278043091, 0.00550805777311, -0.00427173823118, 0.0056309197098, -0.00274599413387, 0.00112636538688, 0.00111820769962], [9.57764568739e-05, -0.000691432389431, -0.000334785640007, 0.000676456955262, 0.00248197466135, -0.00446278043091, 0.0151766147465, -0.0072967573069, 0.0032365496736, -0.00165657431353, 0.00279891584069, -0.00243928609416, 0.00215801782906], [0.000282281864202, 0.00140279962216, 0.00113190093543, 0.00105365377385, -0.00281624007039, 0.00550805777311, -0.0072967573069, 0.0139806745574, -0.00776395061985, 0.00397621234879, -0.00389510649256, 0.00246979063377, -0.00183809094597], [0.00064248801209, 0.000225301686442, 0.000732931483071, -0.000809002842288, 0.00217238022014, -0.00427173823118, 0.0032365496736, -0.00776395061985, 0.0176412407309, -0.00641609821469, 0.00773294782266, -0.00158544094302, 0.00280497269705], [-0.000151943895617, -0.000495340849739, -0.000893481774256, 0.00269116414711, -0.00192704750225, 0.0056309197098, -0.00165657431353, 0.00397621234879, -0.00641609821469, 0.0220548734069, -0.0102580953389, 0.0044023883529, -0.000120639575471], [6.24903477728e-05, 9.7106792964e-05, 0.00102489488199, -0.000630740018096, 0.000752690248191, -0.00274599413387, 0.00279891584069, -0.00389510649256, 0.00773294782266, -0.0102580953389, 0.0204029791057, -0.0082736350596, 0.0045909434557], [0.000619547907263, 0.000565043708775, 0.000767088669818, 0.00162393087521, -0.000940811645705, 0.00112636538688, -0.00243928609416, 0.00246979063377, -0.00158544094302, 0.0044023883529, -0.0082736350596, 0.0183945409954, -0.00545545527712], [0.000902100931853, -0.000920527323615, 0.00041027602856, 0.000547643692698, 0.000482849805849, 0.00111820769962, 0.00215801782906, -0.00183809094597, 0.00280497269705, -0.000120639575471, 0.0045909434557, -0.00545545527712, 0.0135397668928]]
    },
    "spectral_contrast_coeffs": {
        "max": [-0.453585594893, -0.470267087221, -0.522972524166, -0.608527481556, -0.439359933138, -0.685480773449],
        "mean": [-0.665194690228, -0.725609779358, -0.735484600067, -0.751033425331, -0.718462109566, -0.798702418804],
        "min": [-0.960510015488, -0.983658492565, -0.965785205364, -0.959603071213, -0.951869606972, -0.914733767509],
        "stdev": [0.0732071399689, 0.0834696739912, 0.0621411837637, 0.0493051856756, 0.0687664821744, 0.0253985859454]
    },
    "spectral_contrast_valleys": {
        "max": [-5.71790409088, -5.20204496384, -5.56555223465, -4.94685220718, -6.87730073929, -9.49584388733],
        "mean": [-7.14921331406, -6.87578964233, -7.66264486313, -7.89557170868, -8.58270549774, -11.4115962982],
        "min": [-19.4267730713, -18.2653484344, -18.1665534973, -18.2027244568, -17.9430408478, -20.0800476074],
        "stdev": [0.571130096912, 0.645487427711, 0.711763203144, 0.818318367004, 0.50582665205, 0.463154137135]
    }
},
"rhythm": {
    "beats_count": 95,
    "beats_loudness": {
        "max": 0.0603358410299,
        "mean": 0.0210964754224,
        "min": 0.00195699394681,
        "stdev": 0.0127705559134
    },
    "bpm": 112.815635681,
    "bpm_histogram_first_peak_bpm": 112,
    "bpm_histogram_first_peak_weight": 0.564516186714,
    "bpm_histogram_second_peak_bpm": 117,
    "bpm_histogram_second_peak_spread": 0.181818187237,
    "bpm_histogram_second_peak_weight": 0.0957446843386,
    "danceability": 0.948619067669,
    "onset_rate": 2.38931393623,
    "beats_loudness_band_ratio": {
        "max": [0.772277355194, 0.673872113228, 0.770391106606, 0.470186412334, 0.80434769392, 0.0599226057529],
        "mean": [0.196362286806, 0.299764811993, 0.283768087626, 0.163034811616, 0.160096675158, 0.0128601724282],
        "min": [0.00945556908846, 0.00249709491618, 0.00932867266238, 0.00968685466796, 0.0186430159956, 0.00186540884897],
        "stdev": [0.15142570436, 0.168705895543, 0.202675834298, 0.107701301575, 0.17980901897, 0.010648845695]
    },
