{
"metadata": {
    "version": {
        "essentia": "2.1-beta5",
        "essentia_git_sha": "Undefined",
        "extractor": "music 2.0"
    },
    "audio_properties": {
        "analysis": {
            "equal_loudness": 0,
            "length": 48.7502937317,
            "sample_rate": 44100,
            "start_time": 77.7404098511,
            "downmix": "mix"
        },
        "bit_rate": 192000,
        "length": 197.160980225,
        "lossless": 0,
        "number_channels": 2,
        "replay_gain": -7.53094100952,
        "sample_rate": 48000,
        "codec": "mp3",
        "md5_encoded": "df3cead179528426bc86a56ed810c82f"
    },
    "tags": {
        "file_name": "France_Un Jour, Un Enfant_Frida Boccara.mp3",
        "encoding": ["Lavf58.29.100"]
    }
},
"lowlevel": {
    "average_loudness": 0.892601191998,
    "barkbands_crest": {
        "max": 23.7840499878,
        "mean": 10.4125499725,
        "min": 3.70219397545,
        "stdev": 4.05891084671
    },
    "barkbands_flatness_db": {
        "max": 0.315319269896,
        "mean": 0.204884380102,
        "min": 0.105257079005,
        "stdev": 0.0324699431658
    },
    "barkbands_kurtosis": {
        "max": 37.2702903748,
        "mean": 2.48529911041,
        "min": -1.78321433067,
        "stdev": 3.9188811779
    },
    "barkbands_skewness": {
        "max": 4.99376153946,
        "mean": 1.01371395588,
        "min": -1.76569449902,
        "stdev": 0.982230365276
    },
    "barkbands_spread": {
        "max": 40.674156189,
        "mean": 11.8746118546,
        "min": 2.14774703979,
        "stdev": 5.88030338287
    },
    "dissonance": {
        "max": 0.499588638544,
        "mean": 0.435601383448,
        "min": 0.256150275469,
        "stdev": 0.0383555591106
    },
    "dynamic_complexity": 3.08316302299,
    "erbbands_crest": {
        "max": 30.2067050934,
        "mean": 11.3502559662,
        "min": 3.45802688599,
        "stdev": 5.32378292084
    },
    "erbbands_flatness_db": {
        "max": 0.374466150999,
        "mean": 0.258613437414,
        "min": 0.154438570142,
        "stdev": 0.0351392999291
    },
    "erbbands_kurtosis": {
        "max": 14.3938980103,
        "mean": 0.696092247963,
        "min": -1.71401202679,
        "stdev": 2.19440555573
    },
    "erbbands_skewness": {
        "max": 3.16658163071,
        "mean": 0.426159054041,
        "min": -2.04274630547,
        "stdev": 0.694569528103
    },
    "erbbands_spread": {
        "max": 64.5277175903,
        "mean": 22.7702217102,
        "min": 2.70982217789,
        "stdev": 11.3624801636
    },
    "hfc": {
        "max": 75.9412689209,
        "mean": 19.0005016327,
        "min": 0.281936585903,
        "stdev": 15.6941566467
    },
    "loudness_ebu128": {
        "integrated": -16.5494976044,
        "loudness_range": 5.66823768616,
        "momentary": {
            "max": -12.7405138016,
            "mean": -17.6588973999,
            "min": -28.827627182,
            "stdev": 3.32378268242
        },
        "short_term": {
            "max": -13.5640468597,
            "mean": -17.0401191711,
            "min": -24.9308853149,
            "stdev": 2.30430984497
        }
    },
    "melbands_crest": {
        "max": 26.8886165619,
        "mean": 12.2769565582,
        "min": 4.41220092773,
        "stdev": 4.11929893494
    },
    "melbands_flatness_db": {
        "max": 0.389900743961,
        "mean": 0.248108834028,
        "min": 0.107311032712,
        "stdev": 0.0411938838661
    },
    "melbands_kurtosis": {
        "max": 72.4997634888,
        "mean": 5.05166339874,
        "min": -1.66133308411,
        "stdev": 6.41113471985
    },
    "melbands_skewness": {
        "max": 5.66647720337,
        "mean": 1.45878469944,
        "min": -1.54484093189,
        "stdev": 1.17262554169
    },
    "melbands_spread": {
        "max": 63.5842666626,
        "mean": 17.1165542603,
        "min": 2.72241663933,
        "stdev": 8.57238388062
    },
    "pitch_salience": {
        "max": 0.855211913586,
        "mean": 0.561372697353,
        "min": 0.25471368432,
        "stdev": 0.0955653637648
    },
    "silence_rate_20dB": {
        "max": 1,
        "mean": 1,
        "min": 1,
        "stdev": 0
    },
    "silence_rate_30dB": {
        "max": 1,
        "mean": 1,
        "min": 1,
        "stdev": 0
    },
    "silence_rate_60dB": {
        "max": 1,
        "mean": 0.042360778898,
        "min": 0,
        "stdev": 0.201408758759
    },
    "spectral_centroid": {
        "max": 2629.81030273,
        "mean": 993.246459961,
        "min": 322.004943848,
        "stdev": 380.738037109
    },
    "spectral_complexity": {
        "max": 39,
        "mean": 16.4626369476,
        "min": 1,
        "stdev": 6.1365737915
    },
    "spectral_decrease": {
        "max": -1.08127659604e-10,
        "mean": -6.00024163688e-09,
        "min": -2.42633255709e-08,
        "stdev": 3.91504517694e-09
    },
    "spectral_energy": {
        "max": 0.0983555018902,
        "mean": 0.0243696831167,
        "min": 0.00043366997852,
        "stdev": 0.016048822552
    },
    "spectral_energyband_high": {
        "max": 0.000833939993754,
        "mean": 6.17948389845e-05,
        "min": 4.14556978967e-07,
        "stdev": 9.2816837423e-05
    },
    "spectral_energyband_low": {
        "max": 0.0233810022473,
        "mean": 0.00146984786261,
        "min": 6.34095977148e-06,
        "stdev": 0.00165709806606
    },
    "spectral_energyband_middle_high": {
        "max": 0.0770202279091,
        "mean": 0.0103752072901,
        "min": 0.000106667364889,
        "stdev": 0.0129810972139
    },
    "spectral_energyband_middle_low": {
        "max": 0.0739959776402,
        "mean": 0.0134867951274,
        "min": 0.000241741683567,
        "stdev": 0.0101898191497
    },
    "spectral_entropy": {
        "max": 8.19770622253,
        "mean": 6.87439441681,
        "min": 5.90682601929,
        "stdev": 0.272351831198
    },
    "spectral_flux": {
        "max": 0.21737191081,
        "mean": 0.0684138089418,
        "min": 0.00973891094327,
        "stdev": 0.0330728814006
    },
    "spectral_kurtosis": {
        "max": 42.0680351257,
        "mean": 11.247754097,
        "min": 0.466053724289,
        "stdev": 6.25960350037
    },
    "spectral_rms": {
        "max": 0.00979574304074,
        "mean": 0.00458972947672,
        "min": 0.000650455767754,
        "stdev": 0.0016461154446
    },
    "spectral_rolloff": {
        "max": 3337.64648438,
        "mean": 1145.37231445,
        "min": 301.46484375,
        "stdev": 548.25793457
    },
    "spectral_skewness": {
        "max": 4.90452766418,
        "mean": 2.15816497803,
        "min": 0.42807200551,
        "stdev": 0.687756061554
    },
    "spectral_spread": {
        "max": 17405530,
        "mean": 2313688,
        "min": 1371074.75,
        "stdev": 565897.4375
    },
    "spectral_strongpeak": {
        "max": 9.30778884888,
        "mean": 1.99012887478,
        "min": 0.00496970256791,
        "stdev": 1.90683805943
    },
    "zerocrossingrate": {
        "max": 0.0908203125,
        "mean": 0.0420149639249,
        "min": 0.0126953125,
        "stdev": 0.012857304886
    },
    "barkbands": {
        "max": [0.00012019276619, 0.00207302323543, 0.0158675685525, 0.0158251784742, 0.027237072587, 0.0563420318067, 0.0490266382694, 0.0376683846116, 0.0467704497278, 0.0687247887254, 0.0447468236089, 0.0404715426266, 0.0288496725261, 0.0119576733559, 0.0144573720172, 0.00880374852568, 0.00784090068191, 0.00597494374961, 0.00693396758288, 0.000975772272795, 0.000344222353306, 0.000224440052989, 0.000158366194228, 0.000180108938366, 5.64539368497e-05, 1.17885304007e-06, 1.2066183217e-06],
        "mean": [1.23262761917e-05, 0.000226469419431, 0.00057297386229, 0.00128689303529, 0.00293793366291, 0.00350876385346, 0.00182074413169, 0.00161488680169, 0.0017512680497, 0.00238384050317, 0.00359486695379, 0.00123372906819, 0.000939549296163, 0.000452639011201, 0.000572675839067, 0.000504727067892, 0.000317963800626, 0.000253276433796, 0.000271021213848, 8.78358841874e-05, 1.0868066056e-05, 6.31287593933e-06, 3.24436450683e-06, 3.75626814275e-06, 1.11121426016e-06, 4.03011242156e-08, 1.39396560961e-09],
        "min": [1.15912630605e-08, 1.04638797893e-06, 3.44552859133e-07, 1.33300318339e-06, 3.64409679605e-05, 1.99034366233e-05, 9.36472770263e-06, 5.58289502806e-06, 7.76857632445e-06, 5.70642123421e-06, 3.46108572558e-06, 5.52937581233e-06, 1.67699067788e-06, 1.11722863494e-06, 8.73947044511e-07, 1.91946560335e-06, 9.15761233955e-07, 4.36562856976e-07, 5.53781319468e-07, 1.63996688229e-07, 1.88023506098e-07, 1.03071570834e-07, 8.98445584596e-09, 9.80545422635e-09, 6.35274455263e-09, 7.72359676215e-11, 2.81170885186e-11],
        "stdev": [1.37500783239e-05, 0.000287444156129, 0.000862647721078, 0.00197867490351, 0.00306150573306, 0.00472976732999, 0.00370674836449, 0.0028219348751, 0.00397098017856, 0.00595024460927, 0.00761377019808, 0.0034489245154, 0.00194719864521, 0.000910678936634, 0.00134579243604, 0.000933371833526, 0.000582744076382, 0.000441684213001, 0.000464472512249, 0.000125884704175, 2.55724498857e-05, 1.47343225763e-05, 8.04430328571e-06, 8.67046674102e-06, 2.42708529186e-06, 5.19112575148e-08, 2.63284931634e-08]
    },
    "erbbands": {
        "max": [0.0680438503623, 0.596728563309, 10.237156868, 33.9182357788, 110.328765869, 89.4745025635, 296.832427979, 718.847229004, 422.62512207, 770.06072998, 1003.78216553, 930.020568848, 1786.22741699, 1983.01428223, 1778.53149414, 1278.41369629, 1366.60095215, 668.406494141, 657.118408203, 493.336334229, 447.867156982, 552.296386719, 348.81362915, 360.266265869, 114.712036133, 45.7200927734, 14.4324102402, 11.518239975, 8.41264915466, 8.92269134521, 3.27093720436, 2.79881429672, 3.62564706802, 1.14903795719, 0.0621014982462, 0.00476370472461, 0.00214896420948, 0.000751706189476, 0.000174234592123, 0.000114210153697],
        "mean": [0.00523715931922, 0.0615517534316, 0.460094451904, 2.92724537849, 6.21920681, 9.75237178802, 24.988401413, 26.1363525391, 25.8380146027, 24.142911911, 48.1483383179, 36.5217170715, 58.4363899231, 128.009811401, 97.5400314331, 40.9090881348, 39.7963981628, 26.4917907715, 28.5300159454, 29.2572364807, 24.8386936188, 20.5388965607, 17.0145683289, 17.1732559204, 6.48159742355, 3.86555194855, 1.06981539726, 0.362781465054, 0.253875315189, 0.147353351116, 0.085471816361, 0.0657484158874, 0.0680919364095, 0.0244146771729, 0.00220614578575, 0.000384694081731, 4.80907474412e-05, 5.40615292266e-06, 1.31235710796e-05, 2.860888344e-05],
        "min": [4.18060371885e-05, 0.00037203906686, 0.00085073109949, 0.00661655003205, 0.0210694298148, 0.195866987109, 0.241024509072, 0.299731999636, 0.248000949621, 0.0904832556844, 0.135478064418, 0.172678142786, 0.213458329439, 0.177695795894, 0.20775359869, 0.173692941666, 0.0853695943952, 0.247276455164, 0.246916249394, 0.211338832974, 0.214463576674, 0.0763366296887, 0.0260920934379, 0.0307041369379, 0.0498979128897, 0.0128199094906, 0.00457929680124, 0.00939325522631, 0.00413459772244, 0.0013546932023, 0.000296359881759, 0.000114913120342, 0.000253732374404, 0.000119598458696, 1.5800291294e-05, 3.73673333343e-06, 7.89140472079e-07, 1.94528809061e-07, 2.62001094598e-07, 5.07251570525e-07],
        "stdev": [0.00650885468349, 0.0766782537103, 0.58841663599, 3.82495093346, 8.80556488037, 11.3608407974, 32.5847320557, 40.3434028625, 38.3108787537, 55.2440032959, 83.1058044434, 69.8207626343, 155.303268433, 264.446655273, 207.477432251, 87.4651641846, 80.8286972046, 46.5468864441, 59.4822425842, 53.1836738586, 42.3490600586, 38.835067749, 26.5995063782, 27.4664592743, 9.28228092194, 5.7775554657, 1.58427155018, 0.900527358055, 0.564345777035, 0.399812906981, 0.207407325506, 0.156496211886, 0.158460199833, 0.0528832711279, 0.00331728975289, 0.000384329614462, 7.55696164561e-05, 1.68895312527e-05, 9.39258006838e-06, 1.90088885574e-05]
    },
    "gfcc": {
        "mean": [-59.6553535461, 162.090499878, -165.539779663, 11.6508655548, -60.0567588806, -8.06557846069, -44.1773948669, -1.95546066761, -20.5610313416, -24.0549621582, 3.01049995422, -17.3725261688, 5.84962081909],
        "cov": [[1813.36816406, -186.076843262, -544.59362793, -4.33948612213, 153.21105957, -114.293006897, 276.473297119, 1.05596745014, -177.48651123, -27.0768680573, 29.4520168304, 4.14398336411, -19.7137203217], [-186.076843262, 293.235717773, 219.910171509, -85.1329650879, 35.1675262451, 19.163394928, 3.94950389862, 7.23210763931, 36.1460876465, -25.6826152802, -9.32549285889, -39.1915550232, -13.2383575439], [-544.59362793, 219.910171509, 467.939941406, 57.1062316895, -51.9113845825, 43.5436782837, -155.363739014, 3.32902169228, 79.1347808838, -14.2018346786, -20.802816391, -32.3989639282, 4.89138031006], [-4.33948612213, -85.1329650879, 57.1062316895, 316.626098633, 53.0157852173, -64.8652114868, -95.3289871216, -3.90535759926, 28.6469478607, 13.0017709732, -16.7002182007, 29.853269577, 14.6423492432], [153.21105957, 35.1675262451, -51.9113845825, 53.0157852173, 154.131210327, 7.06510829926, 42.1796913147, 16.5437088013, -16.854549408, -4.12795829773, 5.32988548279, 13.1265907288, 10.001247406], [-114.293006897, 19.163394928, 43.5436782837, -64.8652114868, 7.06510829926, 195.429428101, 75.7099838257, -4.86567926407, -3.21987104416, -15.7236127853, -13.9223842621, 15.4070577621, -0.898062288761], [276.473297119, 3.94950389862, -155.363739014, -95.3289871216, 42.1796913147, 75.7099838257, 246.603042603, 25.4356193542, -85.5968399048, -20.656879425, 14.7643032074, 17.8332443237, -14.6628570557], [1.05596745014, 7.23210763931, 3.32902169228, -3.90535759926, 16.5437088013, -4.86567926407, 25.4356193542, 104.035102844, 13.1536064148, 9.11283397675, 19.9206256866, -18.896894455, 5.15631580353], [-177.48651123, 36.1460876465, 79.1347808838, 28.6469478607, -16.854549408, -3.21987104416, -85.5968399048, 13.1536064148, 121.684188843, 35.7304534912, -15.8492822647, 6.2459731102, 4.98281764984], [-27.0768680573, -25.6826152802, -14.2018346786, 13.0017709732, -4.12795829773, -15.7236127853, -20.656879425, 9.11283397675, 35.7304534912, 68.2341842651, 22.9109687805, -4.82100057602, -0.838578343391], [29.4520168304, -9.32549285889, -20.802816391, -16.7002182007, 5.32988548279, -13.9223842621, 14.7643032074, 19.9206256866, -15.8492822647, 22.9109687805, 76.8745422363, 13.8898839951, 6.18594455719], [4.14398336411, -39.1915550232, -32.3989639282, 29.853269577, 13.1265907288, 15.4070577621, 17.8332443237, -18.896894455, 6.2459731102, -4.82100057602, 13.8898839951, 99.4468765259, 33.0002441406], [-19.7137203217, -13.2383575439, 4.89138031006, 14.6423492432, 10.001247406, -0.898062288761, -14.6628570557, 5.15631580353, 4.98281764984, -0.838578343391, 6.18594455719, 33.0002441406, 70.425743103]],
        "icov": [[0.00104799843393, 0.000191549072042, 0.00075629982166, -0.000179953072802, -0.000618284160737, 0.000728051702026, -0.000899740203749, 0.000402659061365, 4.83842268295e-05, 0.000581968459301, -0.000239475237322, 0.000621470215265, -7.21408359823e-05], [0.000191549072042, 0.0180208366364, -0.0120821325108, 0.00766657106578, -0.0107101853937, 0.00756861129776, -0.00932699814439, 0.00567771261558, -0.0099721653387, 0.00665219314396, -0.00202738726512, 0.00487319612876, 0.000625515822321], [0.00075629982166, -0.0120821325108, 0.0124405436218, -0.00609544012696, 0.00759403361008, -0.00644963094965, 0.00763364741579, -0.00385167263448, 0.00522319041193, -0.00149556738324, -8.33316516946e-05, -0.00114053592551, -0.000791121739894], [-0.000179953072802, 0.00766657106578, -0.00609544012696, 0.0081498157233, -0.00660175457597, 0.00439434451982, -0.00179631938227, 0.00136137544177, -0.00265695434064, 0.000630370224826, 0.00172792421654, -0.00106894830242, 0.00118416501209], [-0.000618284160737, -0.0107101853937, 0.00759403361008, -0.00660175457597, 0.014694920741, -0.00549101457, 0.00443494832143, -0.00430824840441, 0.00555062666535, -0.0031561513897, 0.00047067986452, -0.00249051325954, -0.00156388338655], [0.000728051702026, 0.00756861129776, -0.00644963094965, 0.00439434451982, -0.00549101457, 0.0111339921132, -0.00781332794577, 0.00357652571984, -0.00518472585827, 0.00289336428978, 0.000709447078407, 0.000950317829847, 8.76498161233e-05], [-0.000899740203749, -0.00932699814439, 0.00763364741579, -0.00179631938227, 0.00443494832143, -0.00781332794577, 0.015665538609, -0.00738704856485, 0.011176195927, -0.00495244609192, 0.00279299472459, -0.00647825747728, 0.00285174627788], [0.000402659061365, 0.00567771261558, -0.00385167263448, 0.00136137544177, -0.00430824840441, 0.00357652571984, -0.00738704856485, 0.0154271060601, -0.00867752358317, 0.00458563212305, -0.0061005204916, 0.00749348243698, -0.00315254111774], [4.83842268295e-05, -0.0099721653387, 0.00522319041193, -0.00265695434064, 0.00555062666535, -0.00518472585827, 0.011176195927, -0.00867752358317, 0.0237706266344, -0.0145926699042, 0.00912758894265, -0.00918111298233, 0.00208131573163], [0.000581968459301, 0.00665219314396, -0.00149556738324, 0.000630370224826, -0.0031561513897, 0.00289336428978, -0.00495244609192, 0.00458563212305, -0.0145926699042, 0.0274361204356, -0.0117086432874, 0.00778077915311, -0.000753908767365], [-0.000239475237322, -0.00202738726512, -8.33316516946e-05, 0.00172792421654, 0.00047067986452, 0.000709447078407, 0.00279299472459, -0.0061005204916, 0.00912758894265, -0.0117086432874, 0.0210042838007, -0.00760773569345, 0.00110345776193], [0.000621470215265, 0.00487319612876, -0.00114053592551, -0.00106894830242, -0.00249051325954, 0.000950317829847, -0.00647825747728, 0.00749348243698, -0.00918111298233, 0.00778077915311, -0.00760773569345, 0.0192556846887, -0.00775256520137], [-7.21408359823e-05, 0.000625515822321, -0.000791121739894, 0.00118416501209, -0.00156388338655, 8.76498161233e-05, 0.00285174627788, -0.00315254111774, 0.00208131573163, -0.000753908767365, 0.00110345776193, -0.00775256520137, 0.0185328070074]]
    },
    "melbands": {
        "max": [0.000610290211625, 0.00424429867417, 0.00502274837345, 0.00647010793909, 0.00881364382803, 0.0137432441115, 0.00700132409111, 0.00792887061834, 0.00894492678344, 0.00502136675641, 0.00977606233209, 0.00769479712471, 0.00582800619304, 0.00593504263088, 0.00175732525531, 0.00385853508487, 0.00151124689728, 0.00131649698596, 0.00154026085511, 0.000809999764897, 0.000565732596442, 0.000575158046558, 0.000220567701035, 0.000414804235334, 0.000343004765455, 0.000199925736524, 3.80341261916e-05, 2.7732898161e-05, 1.36144317366e-05, 8.64902722242e-06, 5.98193582846e-06, 5.18820979778e-06, 5.1321335377e-06, 4.81002916786e-06, 2.12594909499e-06, 2.06038930628e-06, 2.10350526686e-06, 3.10747759613e-06, 1.78804668849e-06, 6.38829476429e-07],
        "mean": [5.66289054404e-05, 0.000216616375837, 0.00058990099933, 0.00056186929578, 0.000791124475654, 0.000614782737102, 0.000385403080145, 0.000259800552158, 0.000437688373495, 0.00020348119142, 0.000294608791592, 0.000507214863319, 0.000384321378078, 0.000167509526364, 7.38023154554e-05, 9.89895925159e-05, 4.19155148847e-05, 4.44540019089e-05, 4.97929322592e-05, 3.76477546524e-05, 2.40312929236e-05, 2.0236166165e-05, 1.72183317773e-05, 1.19272981465e-05, 1.51557242134e-05, 6.87796637067e-06, 3.28769715452e-06, 2.36324285652e-06, 8.58382691149e-07, 2.37138365833e-07, 1.79092097596e-07, 1.53076953779e-07, 9.81449517212e-08, 7.31735738668e-08, 4.97358207951e-08, 4.00860180605e-08, 4.10578842036e-08, 5.14968085952e-08, 3.74367026268e-08, 1.49312562314e-08],
        "min": [2.36318555835e-07, 7.3175971238e-07, 1.7259235392e-06, 4.86488488605e-06, 6.99108522895e-06, 6.18470267e-06, 1.98722000277e-06, 8.4899858166e-07, 1.03314698663e-06, 1.1659167285e-06, 7.56012411784e-07, 3.94223320654e-07, 4.45570691454e-07, 6.30481281405e-07, 1.68680813317e-07, 2.27047834755e-07, 1.80288580509e-07, 2.80479923731e-07, 6.48049223173e-08, 3.02234269611e-07, 1.06235368946e-07, 5.46966525405e-08, 2.57303938156e-08, 1.81222841178e-08, 1.47595402566e-08, 2.04931129844e-08, 6.07523942264e-09, 5.75820013893e-09, 2.5771942358e-09, 2.2202586436e-09, 2.32928787369e-09, 2.15027595729e-09, 1.80700032715e-09, 3.0721900024e-10, 1.47511780568e-10, 1.34011662878e-10, 4.12833170427e-11, 1.74890865678e-10, 1.65228150606e-10, 8.01950103546e-11],
        "stdev": [7.03623227309e-05, 0.000252193858614, 0.000711504602805, 0.000634317053482, 0.000938362209126, 0.000851533201057, 0.000636337674223, 0.000564216868952, 0.00082844652934, 0.000401733064791, 0.000830645498354, 0.00103563617449, 0.000761455914471, 0.000480888673337, 0.000146827354911, 0.000232704056543, 8.558393165e-05, 0.000102979036456, 0.000129218489747, 7.1307134931e-05, 4.34270914411e-05, 4.10117609135e-05, 2.37349067902e-05, 2.50630437222e-05, 2.61239110841e-05, 1.28759729705e-05, 4.90217553306e-06, 3.86032570532e-06, 1.33562843985e-06, 6.0781189859e-07, 4.78114202451e-07, 3.34257606482e-07, 2.72605319651e-07, 2.03641974394e-07, 1.2688735751e-07, 9.96380151719e-08, 1.02512522915e-07, 1.27003829675e-07, 8.14358216417e-08, 3.33076108916e-08]
    },
    "melbands128": {
        "max": [8.75198093127e-05, 0.000439707364421, 0.00106491323095, 0.00119053886738, 0.00208534998819, 0.0100321918726, 0.00845576543361, 0.00954226497561, 0.0153788831085, 0.00801009405404, 0.0070290681906, 0.00847152527422, 0.0120548140258, 0.015103681013, 0.0267213750631, 0.00984747614712, 0.00969780422747, 0.0121348183602, 0.0208829157054, 0.00851147808135, 0.0152386920527, 0.00876767933369, 0.0139421802014, 0.0195132289082, 0.00808564014733, 0.00526685174555, 0.0155567871407, 0.0139153609052, 0.0233495272696, 0.0130402799696, 0.0167007744312, 0.0144359916449, 0.00905583612621, 0.013036351651, 0.0114773958921, 0.0102188726887, 0.00332444603555, 0.00366456829943, 0.00361333182082, 0.00555987004191, 0.00530250649899, 0.00173595512751, 0.00225388328545, 0.00222566118464, 0.00248526735231, 0.00284068495966, 0.00139524415135, 0.00342716020532, 0.00157794717234, 0.000743637676351, 0.00154236005619, 0.00178857555147, 0.000782544142567, 0.000802282302175, 0.000274665246252, 0.000691582914442, 0.00124049268197, 0.000472537387395, 0.000590740935877, 0.000384621176636, 0.000832858087961, 0.000403745623771, 0.000381210469641, 0.000663282116875, 0.000759681628551, 0.000105769788206, 4.66921883344e-05, 5.33652710146e-05, 9.34528216021e-05, 9.463934839e-05, 5.49068390683e-05, 6.61621015752e-05, 2.87582934106e-05, 1.84551572602e-05, 1.11088502308e-05, 1.15521697808e-05, 1.06722372948e-05, 7.87979479355e-06, 9.22204162634e-06, 5.07434106112e-06, 6.84531414663e-06, 3.78704953619e-06, 6.61718740957e-06, 5.00817714055e-06, 4.85588179799e-06, 6.96917641108e-06, 4.75307024317e-06, 2.97704514196e-06, 2.77301842289e-06, 1.57894533004e-06, 2.66905794888e-06, 2.21103641707e-06, 1.98496536541e-06, 2.22735525313e-06, 2.86185854748e-06, 2.83260169454e-06, 4.04055163017e-06, 2.30818000091e-06, 2.29097645388e-06, 2.25785970542e-06, 9.7400300092e-07, 5.4779485481e-07, 2.07366014138e-07, 2.67278394972e-08, 2.49029739052e-08, 1.82656663128e-08, 1.20436425277e-08, 1.14980940324e-08, 1.02972803617e-08, 1.19639347318e-08, 1.00032355732e-08, 7.04510139116e-09, 6.74813094292e-09, 6.4778422626e-09, 6.22057338973e-09, 6.02793859272e-09, 5.82445336406e-09, 5.65047697521e-09, 5.48953282831e-09, 5.33379473922e-09, 5.21698551026e-09, 5.10059150471e-09, 4.99889241112e-09, 4.90651430596e-09, 4.83896256398e-09, 4.78127182291e-09, 4.73542494106e-09, 4.7102188816e-09],
        "mean": [9.19872582017e-06, 3.15427896567e-05, 8.12797152321e-05, 9.61487967288e-05, 0.000128091225633, 0.000346142594935, 0.000600684783421, 0.000633180839941, 0.000639398873318, 0.000551287434064, 0.000490804377478, 0.000626900291536, 0.00088264682563, 0.00103215326089, 0.000603376422077, 0.000370608235244, 0.000446915189968, 0.000368704844732, 0.000370414200006, 0.000207003118703, 0.000256368337432, 0.000262770132395, 0.000555505452212, 0.000527225784026, 0.000162856740644, 0.000132957109599, 0.000104046725028, 0.000325103668729, 0.000479211303173, 0.000258842599578, 0.000666365842335, 0.000731551612262, 0.000183857424418, 0.000358505378244, 0.000234817853197, 9.04199332581e-05, 7.78024987085e-05, 8.70846924954e-05, 5.35551080247e-05, 8.30493372632e-05, 0.000155615081894, 4.53294014733e-05, 2.802626841e-05, 4.31869921158e-05, 5.35273138667e-05, 4.333904144e-05, 3.07952286676e-05, 7.15913774911e-05, 4.85513046442e-05, 1.74775923369e-05, 4.01655379392e-05, 5.74667174078e-05, 2.44448619924e-05, 1.22290448417e-05, 1.24534699353e-05, 2.1029401978e-05, 3.12209740514e-05, 1.20170361697e-05, 1.43843826663e-05, 2.12850281969e-05, 1.14196063805e-05, 5.10130394105e-06, 1.11351819214e-05, 2.12522390939e-05, 1.73619027919e-05, 4.74620628665e-06, 1.83515555818e-06, 2.68358712674e-06, 4.5052825044e-06, 2.81917937173e-06, 2.07402422348e-06, 2.58886075244e-06, 1.39004066568e-06, 4.6224110406e-07, 2.63312216475e-07, 2.51179756106e-07, 1.91311670505e-07, 2.53250561855e-07, 1.62277288496e-07, 1.37043997483e-07, 1.46200719087e-07, 1.80971014174e-07, 1.19972142443e-07, 7.51415285549e-08, 9.39865429928e-08, 9.04053507611e-08, 5.74552458943e-08, 5.74089931149e-08, 4.9628269494e-08, 4.49788366552e-08, 4.27953708027e-08, 3.94703754125e-08, 3.31543112964e-08, 3.45833548465e-08, 5.11085893606e-08, 5.52439480828e-08, 4.93277596547e-08, 5.07081701073e-08, 4.17104537576e-08, 2.86024235407e-08, 2.26397531833e-08, 1.27592088006e-08, 5.73968739204e-09, 2.03207273231e-09, 8.38698166472e-10, 6.87989110126e-10, 7.88917986494e-10, 6.49151621346e-10, 5.88113446831e-10, 5.19080334271e-10, 3.53349877136e-10, 8.26252954944e-11, 3.54628722221e-11, 1.44624381915e-11, 1.39085236384e-11, 1.16765442801e-11, 7.67595795953e-12, 6.40732389021e-12, 6.24425728138e-12, 6.07038724842e-12, 5.92031111635e-12, 5.79335277667e-12, 5.68951136204e-12, 5.58468028766e-12, 5.46449257371e-12, 5.32677851481e-12, 5.23961603272e-12, 5.20579889959e-12],
        "min": [1.25673815798e-09, 7.67325190054e-08, 1.42406832992e-07, 1.22206813558e-07, 1.44993705931e-07, 1.73178506202e-07, 3.27945144818e-07, 4.4859280024e-07, 2.65993918447e-07, 7.92148625806e-07, 8.71000111147e-07, 8.33391084143e-07, 2.84839234155e-06, 1.34806202823e-06, 1.50439927893e-06, 2.31595166156e-07, 2.36630228301e-07, 9.10207575089e-07, 2.1305777409e-07, 2.03869888082e-07, 3.86375035077e-07, 2.09966941611e-07, 2.17497373001e-07, 1.24360113318e-07, 3.10794916913e-07, 9.51863157184e-08, 7.37940695217e-08, 1.86122761647e-07, 2.12297663893e-07, 9.77707230732e-08, 2.16560103183e-08, 7.74085862076e-08, 1.18167548635e-07, 9.98260603069e-08, 4.66118095233e-08, 3.91163545999e-08, 1.2945380945e-07, 1.35723183803e-07, 3.89945391532e-08, 5.10322202274e-08, 5.16444700338e-08, 5.72653604536e-08, 5.51729435472e-08, 5.29785353365e-08, 2.38773854022e-08, 4.28495319227e-08, 1.67824047992e-08, 3.95087162985e-08, 1.13383883615e-07, 1.94139921916e-08, 5.40180415953e-08, 1.24201037011e-07, 9.26863918949e-09, 1.68191469641e-08, 3.56968499204e-08, 1.75169869721e-08, 3.33783134465e-08, 3.08031467e-08, 1.18670078209e-08, 8.61822169185e-09, 1.63363189642e-08, 3.67776031851e-09, 8.98678020889e-09, 1.84452133567e-08, 1.64798699132e-08, 4.60470239716e-09, 3.02460567703e-09, 1.75573910965e-09, 4.50107284777e-09, 4.12812406481e-09, 3.37666827832e-09, 3.14898263021e-09, 2.46799158887e-09, 3.17123460825e-09, 1.18070175859e-09, 9.11585529284e-10, 1.31884503318e-10, 5.33194099983e-10, 5.24337240293e-10, 1.7943793118e-09, 9.22634080247e-10, 8.85819029239e-10, 1.20376097978e-09, 4.84251305721e-10, 5.47749012814e-10, 1.70408395728e-10, 1.52609674897e-10, 2.32770511199e-10, 4.20694139247e-11, 1.76994849332e-10, 3.2944154349e-11, 8.58007762061e-11, 4.82495501886e-11, 1.11734536554e-11, 5.44904572852e-11, 9.56330500901e-11, 1.85168394506e-10, 2.80721224044e-10, 1.16613690926e-10, 7.05719302441e-11, 1.16029776065e-10, 6.20800910678e-11, 3.54854600565e-12, 6.5260150799e-13, 2.48154442958e-13, 4.11358962301e-13, 4.25892773739e-13, 4.46673459938e-13, 1.37775302777e-13, 1.32872161082e-13, 9.94536619942e-14, 8.39209954241e-14, 1.01685248221e-13, 8.41171953598e-14, 9.56132010588e-14, 7.89485935394e-14, 7.9049824141e-14, 9.35535692968e-14, 1.02762050713e-13, 8.69840630731e-14, 6.87557920754e-14, 8.6230332499e-14, 8.55346067412e-14, 8.61614992136e-14, 6.85570171596e-14, 2.29599478129e-14, 2.90301611485e-15, 1.00755753599e-16],
        "stdev": [1.02478770714e-05, 3.99620512326e-05, 0.000121259829029, 0.000137432667543, 0.000192222214537, 0.000542342604604, 0.000857882259879, 0.00106803094968, 0.00112713780254, 0.00082744268002, 0.000773272011429, 0.000920868013054, 0.00128968222998, 0.00174880772829, 0.00135460135061, 0.000710167805664, 0.000773541047238, 0.000738689152058, 0.00139837386087, 0.000596644822508, 0.000760609575082, 0.00048309203703, 0.00122870469932, 0.00154666497838, 0.000434857502114, 0.000360675156116, 0.000599842576776, 0.0011278007878, 0.00167140970007, 0.000798781227786, 0.00187080120668, 0.00198671640828, 0.000585263653193, 0.00123223953415, 0.000928062188905, 0.000483699375764, 0.000218572749873, 0.000232143109315, 0.000186374338227, 0.000278268213151, 0.000413044530433, 0.000120668351883, 0.000103025631688, 0.000123612393509, 0.000146908321767, 0.000160711235367, 9.54417628236e-05, 0.000254857033724, 0.000140224699862, 4.93084698974e-05, 0.000113370173494, 0.000138191840961, 5.95764249738e-05, 3.54541371053e-05, 2.79418854916e-05, 5.21652909811e-05, 8.64423927851e-05, 2.32054972003e-05, 3.48070352629e-05, 4.32800952694e-05, 4.07326006098e-05, 1.70711136889e-05, 2.46618947131e-05, 4.53597604064e-05, 4.13009438489e-05, 1.00693641798e-05, 4.29055671702e-06, 5.3242215472e-06, 8.44298938318e-06, 6.81409028402e-06, 5.09950041305e-06, 5.43954456589e-06, 2.50463085649e-06, 1.06864149529e-06, 6.40568430299e-07, 7.28282259388e-07, 6.09118274042e-07, 7.54875031816e-07, 4.95376980325e-07, 3.55234931249e-07, 3.77651758754e-07, 4.05382024837e-07, 3.64778145467e-07, 2.77209892374e-07, 2.8977291322e-07, 2.59991253415e-07, 1.85668227459e-07, 1.62560539252e-07, 1.41798011555e-07, 1.12041405487e-07, 1.25187028743e-07, 1.01590217128e-07, 8.46488674711e-08, 9.8115435776e-08, 1.37257117672e-07, 1.47235638792e-07, 1.37988635629e-07, 1.12070459579e-07, 9.41630418083e-08, 7.85148017712e-08, 5.57897159581e-08, 2.8271744057e-08, 1.06176907266e-08, 2.66754751621e-09, 1.65644042927e-09, 1.19638454699e-09, 9.98023663712e-10, 8.48791537056e-10, 7.64274976639e-10, 8.6036910929e-10, 5.67841995647e-10, 3.08771674895e-10, 2.31386063088e-10, 1.43279485498e-10, 1.37201777717e-10, 1.32633043437e-10, 1.27168803266e-10, 1.23292820398e-10, 1.19780615981e-10, 1.16383229443e-10, 1.13834129623e-10, 1.11294473637e-10, 1.0907539455e-10, 1.07060013632e-10, 1.05586664412e-10, 1.04329607453e-10, 1.03329990397e-10, 1.02779985911e-10]
    },
    "mfcc": {
        "mean": [-685.67791748, 181.573806763, -36.0124511719, 9.33207988739, 2.55405902863, -18.6621112823, -3.85579895973, -1.83895206451, -11.4318494797, -6.49017190933, -11.3871793747, -7.94361686707, -2.49745202065],
        "cov": [[2077.20263672, -255.181335449, -694.494445801, 153.589126587, -216.847717285, -16.80727005, 246.512115479, 50.8957633972, -94.7347335815, 59.3692169189, -19.6782894135, -91.9636764526, -101.241409302], [-255.181335449, 400.258148193, 124.594650269, -112.461540222, 17.0307292938, -16.3584346771, 29.1433086395, 14.5808267593, 38.0455093384, -8.54376411438, 42.6313209534, 4.13817453384, -7.03785610199], [-694.494445801, 124.594650269, 509.35559082, -35.4719047546, 121.843910217, 7.24965620041, -138.041763306, -31.2705993652, 51.9129066467, -49.3208770752, -1.87014615536, 49.0224189758, 23.850358963], [153.589126587, -112.461540222, -35.4719047546, 290.563598633, 85.9203948975, -33.2458610535, -33.0632171631, -23.8133621216, -17.0785903931, 1.86313092709, -46.3487167358, 5.16302537918, 36.3367004395], [-216.847717285, 17.0307292938, 121.843910217, 85.9203948975, 218.559143066, -18.756357193, -84.4173278809, -30.8252487183, 24.0213718414, -5.53203678131, -21.4133796692, 31.7153987885, 28.3363609314], [-16.80727005, -16.3584346771, 7.24965620041, -33.2458610535, -18.756357193, 181.146133423, 5.93625354767, 41.0636138916, 18.2581291199, -24.9101848602, 8.53497314453, -35.8883705139, -0.993546187878], [246.512115479, 29.1433086395, -138.041763306, -33.0632171631, -84.4173278809, 5.93625354767, 238.569900513, 64.7096481323, -16.0108032227, 22.1767578125, -5.12706565857, -12.9692316055, -6.88221597672], [50.8957633972, 14.5808267593, -31.2705993652, -23.8133621216, -30.8252487183, 41.0636138916, 64.7096481323, 111.176383972, 25.0089073181, -15.7035636902, -1.80337619781, -13.6140937805, 8.88134479523], [-94.7347335815, 38.0455093384, 51.9129066467, -17.0785903931, 24.0213718414, 18.2581291199, -16.0108032227, 25.0089073181, 92.1999359131, 3.3573114872, 0.192353069782, 3.84036803246, 8.56138706207], [59.3692169189, -8.54376411438, -49.3208770752, 1.86313092709, -5.53203678131, -24.9101848602, 22.1767578125, -15.7035636902, 3.3573114872, 82.0046234131, 23.1162967682, -2.81042385101, -15.1925497055], [-19.6782894135, 42.6313209534, -1.87014615536, -46.3487167358, -21.4133796692, 8.53497314453, -5.12706565857, -1.80337619781, 0.192353069782, 23.1162967682, 108.513450623, 13.2324934006, -35.4286804199], [-91.9636764526, 4.13817453384, 49.0224189758, 5.16302537918, 31.7153987885, -35.8883705139, -12.9692316055, -13.6140937805, 3.84036803246, -2.81042385101, 13.2324934006, 80.7133865356, 15.1188554764], [-101.241409302, -7.03785610199, 23.850358963, 36.3367004395, 28.3363609314, -0.993546187878, -6.88221597672, 8.88134479523, 8.56138706207, -15.1925497055, -35.4286804199, 15.1188554764, 98.5322265625]],
        "icov": [[0.00106170692015, 0.000174770058948, 0.00112425803673, -0.000604229921009, 0.000371720438125, 7.99414410722e-05, -0.000387591688195, -4.84730007884e-05, -1.51154483774e-06, 0.000221409602091, 0.000193869345821, 0.000163477379829, 0.00100417272188], [0.000174770058948, 0.00357053382322, -0.00065977696795, 0.00108593574259, -0.000734785338864, 0.00107676128391, -0.00133421039209, 0.000223765571718, -0.00110176764429, 0.00102044956293, -0.00166926835664, 0.00134684960358, -0.000251147779636], [0.00112425803673, -0.00065977696795, 0.00437209336087, -0.00010093410674, -0.000614204502199, -0.00030440671253, 0.00090485526016, 0.000378473429009, -0.000874129065778, 0.00144886004273, 0.000613131793216, -0.0012139712926, 0.000995710259303], [-0.000604229921009, 0.00108593574259, -0.00010093410674, 0.00534872757271, -0.00237822951749, 0.000702770252246, 0.000300614512525, 0.000212730970816, 0.000595487072133, -0.000126414903207, 0.000647235196084, 0.00048801311641, -0.00171188998502], [0.000371720438125, -0.000734785338864, -0.000614204502199, -0.00237822951749, 0.00737935304642, -0.000302910601022, 0.00147079594899, 0.000419705698732, -0.0010180567624, -0.000972143490799, 0.00133683381137, -0.00194781553, 1.29466279759e-05], [7.99414410722e-05, 0.00107676128391, -0.00030440671253, 0.000702770252246, -0.000302910601022, 0.00744272628799, -0.000303584121866, -0.00165005750023, -0.00125755660702, 0.00250216946006, -0.00197840528563, 0.00385024119169, -0.000543821661267], [-0.000387591688195, -0.00133421039209, 0.00090485526016, 0.000300614512525, 0.00147079594899, -0.000303584121866, 0.00727582676336, -0.00403159437701, 0.00189799757209, -0.00274530891329, 0.0019749419298, -0.00167574943043, 1.15349962471e-06], [-4.84730007884e-05, 0.000223765571718, 0.000378473429009, 0.000212730970816, 0.000419705698732, -0.00165005750023, -0.00403159437701, 0.0140837058425, -0.00467202905566, 0.00389643432572, -0.0012341865804, 0.0013675543014, -0.00153914967086], [-1.51154483774e-06, -0.00110176764429, -0.000874129065778, 0.000595487072133, -0.0010180567624, -0.00125755660702, 0.00189799757209, -0.00467202905566, 0.0142214121297, -0.00357475108467, 0.00130974978674, -0.00103331310675, -0.000411858432926], [0.000221409602091, 0.00102044956293, 0.00144886004273, -0.000126414903207, -0.000972143490799, 0.00250216946006, -0.00274530891329, 0.00389643432572, -0.00357475108467, 0.0168182700872, -0.00449150195345, 0.00240373658016, 0.000678117503412], [0.000193869345821, -0.00166926835664, 0.000613131793216, 0.000647235196084, 0.00133683381137, -0.00197840528563, 0.0019749419298, -0.0012341865804, 0.00130974978674, -0.00449150195345, 0.0136295249686, -0.00467089982703, 0.00434871343896], [0.000163477379829, 0.00134684960358, -0.0012139712926, 0.00048801311641, -0.00194781553, 0.00385024119169, -0.00167574943043, 0.0013675543014, -0.00103331310675, 0.00240373658016, -0.00467089982703, 0.0171329956502, -0.00311124953441], [0.00100417272188, -0.000251147779636, 0.000995710259303, -0.00171188998502, 1.29466279759e-05, -0.000543821661267, 1.15349962471e-06, -0.00153914967086, -0.000411858432926, 0.000678117503412, 0.00434871343896, -0.00311124953441, 0.0138640869409]]
    },
    "spectral_contrast_coeffs": {
        "max": [-0.426369696856, -0.457223534584, -0.455650389194, -0.575698971748, -0.616882681847, -0.60355079174],
        "mean": [-0.627186536789, -0.71089464426, -0.693887114525, -0.747566282749, -0.734615623951, -0.787867605686],
        "min": [-0.87208378315, -0.886047005653, -0.878378212452, -0.87768560648, -0.870551288128, -0.938772380352],
        "stdev": [0.0700636729598, 0.0605978220701, 0.0778455287218, 0.0481684990227, 0.04900944978, 0.038788434118]
    },
    "spectral_contrast_valleys": {
        "max": [-5.65261077881, -5.13749885559, -5.71420907974, -6.09504747391, -6.53655958176, -9.48303222656],
        "mean": [-7.17647218704, -6.58699464798, -7.4321103096, -7.77090787888, -8.38581466675, -11.7693710327],
        "min": [-9.32208633423, -8.17874240875, -9.23165607452, -9.76962947845, -10.1288261414, -12.9095411301],
        "stdev": [0.58255648613, 0.492920011282, 0.578919410706, 0.549680650234, 0.601092875004, 0.416450291872]
    }
},
"rhythm": {
    "beats_count": 74,
    "beats_loudness": {
        "max": 0.0634195283055,
        "mean": 0.0258649624884,
        "min": 0.00174603133928,
        "stdev": 0.0163634065539
    },
    "bpm": 89.1183700562,
    "bpm_histogram_first_peak_bpm": 89,
    "bpm_histogram_first_peak_weight": 0.452830195427,
    "bpm_histogram_second_peak_bpm": 101,
    "bpm_histogram_second_peak_spread": 0.384615421295,
    "bpm_histogram_second_peak_weight": 0.109589040279,
    "danceability": 0.817735075951,
    "onset_rate": 0.943359375,
    "beats_loudness_band_ratio": {
        "max": [0.654352128506, 0.764535725117, 0.809707999229, 0.828537523746, 0.329944133759, 0.0919141545892],
        "mean": [0.148772239685, 0.310862660408, 0.268791973591, 0.247093871236, 0.0811306983232, 0.0126984706149],
        "min": [0.00614078482613, 0.0175013188273, 0.0274617187679, 0.0117346476763, 0.00612147478387, 0.000284013949567],
        "stdev": [0.13562951982, 0.19815133512, 0.191907346249, 0.223354652524, 0.0687870010734, 0.0152003876865]
    },
