{
"metadata": {
    "version": {
        "essentia": "2.1-beta5",
        "essentia_git_sha": "Undefined",
        "extractor": "music 2.0"
    },
    "audio_properties": {
        "analysis": {
            "equal_loudness": 0,
            "length": 51.316078186,
            "sample_rate": 44100,
            "start_time": 126.502311707,
            "downmix": "mix"
        },
        "bit_rate": 192000,
        "length": 177.841644287,
        "lossless": 0,
        "number_channels": 2,
        "replay_gain": -5.02306556702,
        "sample_rate": 48000,
        "codec": "mp3",
        "md5_encoded": "1cc9ab411f0ed9ead452e7b70d5b8f29"
    },
    "tags": {
        "file_name": "Sweden_Judy, Min Vän_Tommy Körberg.mp3",
        "encoding": ["Lavf58.29.100"]
    }
},
"lowlevel": {
    "average_loudness": 0.617539465427,
    "barkbands_crest": {
        "max": 26.8989658356,
        "mean": 8.96248626709,
        "min": 2.32071447372,
        "stdev": 4.68417739868
    },
    "barkbands_flatness_db": {
        "max": 0.589619994164,
        "mean": 0.160975277424,
        "min": 0.0480122305453,
        "stdev": 0.0497376583517
    },
    "barkbands_kurtosis": {
        "max": 2693.42089844,
        "mean": 4.81570005417,
        "min": -1.81951630116,
        "stdev": 65.5610122681
    },
    "barkbands_skewness": {
        "max": 51.1793136597,
        "mean": 0.588171601295,
        "min": -2.75623965263,
        "stdev": 1.97686767578
    },
    "barkbands_spread": {
        "max": 120.173240662,
        "mean": 16.4490318298,
        "min": 0.182745009661,
        "stdev": 9.49000644684
    },
    "dissonance": {
        "max": 0.500000059605,
        "mean": 0.461121350527,
        "min": 0.274721056223,
        "stdev": 0.0337272174656
    },
    "dynamic_complexity": 4.77216482162,
    "erbbands_crest": {
        "max": 32.3404655457,
        "mean": 10.4886779785,
        "min": 2.62003207207,
        "stdev": 5.08914470673
    },
    "erbbands_flatness_db": {
        "max": 0.381599217653,
        "mean": 0.233351781964,
        "min": 0.0592217594385,
        "stdev": 0.0417911112309
    },
    "erbbands_kurtosis": {
        "max": 93.6594772339,
        "mean": 1.05783092976,
        "min": -1.8226954937,
        "stdev": 3.33083724976
    },
    "erbbands_skewness": {
        "max": 8.38663959503,
        "mean": 0.0957701951265,
        "min": -2.30001330376,
        "stdev": 0.917269825935
    },
    "erbbands_spread": {
        "max": 134.27696228,
        "mean": 21.0649433136,
        "min": 2.71264481544,
        "stdev": 11.1570224762
    },
    "hfc": {
        "max": 155.039993286,
        "mean": 21.2283725739,
        "min": 1.10956829463e-16,
        "stdev": 17.9962024689
    },
    "loudness_ebu128": {
        "integrated": -18.4624214172,
        "loudness_range": 10.4204998016,
        "momentary": {
            "max": -12.1334495544,
            "mean": -21.6890048981,
            "min": -209.158279419,
            "stdev": 11.7784328461
        },
        "short_term": {
            "max": -15.9701976776,
            "mean": -19.8260326385,
            "min": -31.5276584625,
            "stdev": 3.5638859272
        }
    },
    "melbands_crest": {
        "max": 39.9876022339,
        "mean": 10.7167463303,
        "min": 1.75895273685,
        "stdev": 5.61110448837
    },
    "melbands_flatness_db": {
        "max": 0.56836181879,
        "mean": 0.182416111231,
        "min": 0.00409720093012,
        "stdev": 0.0633290559053
    },
    "melbands_kurtosis": {
        "max": 5251.00976562,
        "mean": 7.79642248154,
        "min": -1.73659169674,
        "stdev": 118.022018433
    },
    "melbands_skewness": {
        "max": 70.3531036377,
        "mean": 1.10694050789,
        "min": -1.51581120491,
        "stdev": 2.22994422913
    },
    "melbands_spread": {
        "max": 240.002822876,
        "mean": 28.7182807922,
        "min": 0.182315215468,
        "stdev": 20.4121742249
    },
    "pitch_salience": {
        "max": 0.949282109737,
        "mean": 0.612673938274,
        "min": 0.00178208621219,
        "stdev": 0.140816047788
    },
    "silence_rate_20dB": {
        "max": 1,
        "mean": 1,
        "min": 1,
        "stdev": 0
    },
    "silence_rate_30dB": {
        "max": 1,
        "mean": 0.990049779415,
        "min": 0,
        "stdev": 0.0992536470294
    },
    "silence_rate_60dB": {
        "max": 1,
        "mean": 0.21935775876,
        "min": 0,
        "stdev": 0.413812935352
    },
    "spectral_centroid": {
        "max": 11551.59375,
        "mean": 1472.2590332,
        "min": 228.940444946,
        "stdev": 971.386901855
    },
    "spectral_complexity": {
        "max": 43,
        "mean": 18.0529174805,
        "min": 0,
        "stdev": 8.76371002197
    },
    "spectral_decrease": {
        "max": 8.90100422013e-29,
        "mean": -5.7864677494e-09,
        "min": -8.70322338642e-08,
        "stdev": 6.28177110329e-09
    },
    "spectral_energy": {
        "max": 0.339054435492,
        "mean": 0.0237649194896,
        "min": 1.03441698254e-20,
        "stdev": 0.0250104926527
    },
    "spectral_energyband_high": {
        "max": 0.0169633571059,
        "mean": 0.000199003552552,
        "min": 7.19144846881e-21,
        "stdev": 0.000754770473577
    },
    "spectral_energyband_low": {
        "max": 0.0202947910875,
        "mean": 0.00106121972203,
        "min": 1.14410027474e-23,
        "stdev": 0.00139624485746
    },
    "spectral_energyband_middle_high": {
        "max": 0.0537994652987,
        "mean": 0.00857042707503,
        "min": 1.25059479932e-21,
        "stdev": 0.00843443628401
    },
    "spectral_energyband_middle_low": {
        "max": 0.334576040506,
        "mean": 0.0145005425438,
        "min": 1.82343607898e-22,
        "stdev": 0.0221618190408
    },
    "spectral_entropy": {
        "max": 9.81732845306,
        "mean": 7.33227968216,
        "min": 4.69725513458,
        "stdev": 0.467667579651
    },
    "spectral_flux": {
        "max": 0.359211236238,
        "mean": 0.0761916860938,
        "min": 6.44973102704e-11,
        "stdev": 0.0458955168724
    },
    "spectral_kurtosis": {
        "max": 42.0816841125,
        "mean": 7.77320861816,
        "min": -1.2396389246,
        "stdev": 4.41921281815
    },
    "spectral_rms": {
        "max": 0.0181874912232,
        "mean": 0.00421088701114,
        "min": 3.1767709123e-12,
        "stdev": 0.00233532907441
    },
    "spectral_rolloff": {
        "max": 19143.0175781,
        "mean": 1867.4934082,
        "min": 21.533203125,
        "stdev": 1759.88745117
    },
    "spectral_skewness": {
        "max": 4.82116937637,
        "mean": 1.87296402454,
        "min": -0.0639209970832,
        "stdev": 0.508886635303
    },
    "spectral_spread": {
        "max": 42051984,
        "mean": 3119440.75,
        "min": 1478230.5,
        "stdev": 3284675
    },
    "spectral_strongpeak": {
        "max": 10.1422691345,
        "mean": 1.71071600914,
        "min": 0,
        "stdev": 1.70796787739
    },
    "zerocrossingrate": {
        "max": 0.60986328125,
        "mean": 0.0642945617437,
        "min": 0,
        "stdev": 0.0497222132981
    },
    "barkbands": {
        "max": [0.000844941241667, 0.005058970768, 0.0110833160579, 0.0159847196192, 0.102182909846, 0.287917196751, 0.069334462285, 0.0772113800049, 0.0922785103321, 0.0412547141314, 0.0175870526582, 0.0241815168411, 0.0315992496908, 0.0178331714123, 0.0220694560558, 0.0112591376528, 0.00492852553725, 0.00384494429454, 0.00412232987583, 0.00464518880472, 0.00200474308804, 0.005258444231, 0.00382920634001, 0.00391298299655, 0.00706431549042, 0.00101062119938, 3.44676152508e-07],
        "mean": [2.13804978557e-05, 0.000258150335867, 0.000462692434667, 0.000799879373517, 0.00289815897122, 0.00264227902517, 0.00163842306938, 0.0024330180604, 0.00364264985546, 0.00197064224631, 0.000575678073801, 0.000991870183498, 0.00117235584185, 0.000884642300662, 0.00129991862923, 0.000698479590937, 0.000609394977801, 0.000284410984023, 0.000246945768595, 6.70340450597e-05, 4.05544014939e-05, 3.80885066988e-05, 3.97922776756e-05, 2.60779634118e-05, 2.08171168197e-05, 1.61785749242e-06, 1.56609958335e-09],
        "min": [7.55567770273e-25, 2.94010628743e-24, 9.58072358252e-25, 3.44475678015e-24, 1.63801949814e-23, 8.3896169797e-24, 1.20575046446e-23, 1.99570086548e-23, 4.83584041131e-24, 3.28981881857e-23, 2.61150067645e-23, 3.71682039132e-23, 3.82308121743e-23, 5.10442356816e-23, 6.08728367155e-23, 5.25216427839e-23, 7.91456510035e-23, 1.05705354437e-22, 1.89650580339e-22, 2.21839601503e-22, 2.93102973274e-22, 3.72797311747e-22, 3.60173139127e-22, 7.0265867885e-22, 9.89950915319e-22, 1.47499349084e-21, 2.13144450964e-21],
        "stdev": [4.25383186666e-05, 0.000403497775551, 0.000833794474602, 0.00143578217831, 0.00740278791636, 0.0129558974877, 0.00474012177438, 0.00643460452557, 0.00831152778119, 0.00416518189013, 0.00114088086411, 0.00187981163617, 0.00246652215719, 0.00169592665043, 0.00218747509643, 0.000988660380244, 0.000764378521126, 0.000360119534889, 0.000364695646567, 0.000134114932735, 8.22932270239e-05, 0.000167681151652, 0.000181454583071, 0.00014881012612, 0.000260704313405, 2.93826760753e-05, 1.03670068086e-08]
    },
    "erbbands": {
        "max": [0.0981367751956, 1.65488386154, 12.1668720245, 20.4035987854, 206.206054688, 618.135742188, 2747.58520508, 897.215759277, 721.616271973, 2559.71337891, 2034.10791016, 2432.81982422, 1088.65087891, 984.980773926, 607.536010742, 596.130371094, 1511.74584961, 577.334411621, 1408.22070312, 940.076904297, 677.083862305, 349.032348633, 185.512496948, 269.687957764, 89.4945068359, 260.453979492, 82.0804367065, 76.6013183594, 260.569854736, 121.556022644, 121.078971863, 75.1988372803, 66.0395278931, 73.8205337524, 51.319229126, 10.8973674774, 1.34283196926, 0.0374991558492, 0.00168188742828, 0.000376798619982],
        "mean": [0.00459831906483, 0.0739947780967, 0.475939959288, 1.66910338402, 5.66058015823, 10.3940610886, 21.7150707245, 16.8918533325, 21.2135467529, 30.1993236542, 67.2528076172, 89.2636489868, 56.9356803894, 48.7416152954, 30.1462612152, 41.045627594, 56.7126312256, 35.131690979, 66.5437698364, 57.9949798584, 39.5615272522, 36.0944480896, 19.0871734619, 16.1401443481, 7.45548439026, 3.24885725975, 2.18353319168, 1.35167813301, 1.37504506111, 1.10112333298, 1.17301106453, 0.637101113796, 0.42524933815, 0.279603272676, 0.119138002396, 0.0181816946715, 0.00209356867708, 8.5682120698e-05, 1.69006234501e-05, 2.89400541078e-05],
        "min": [1.08575609064e-22, 6.02193140494e-22, 2.47991675895e-21, 7.77161630991e-21, 2.09451259166e-20, 6.78972658874e-20, 1.30060825961e-19, 9.49475259463e-20, 1.60343507521e-19, 2.83287439513e-19, 4.23266354889e-19, 1.55340421908e-19, 5.1128286986e-19, 1.29643800271e-18, 1.34741714386e-18, 1.42509002376e-18, 1.91760152888e-18, 3.40301462939e-18, 2.97349571965e-18, 5.38090418325e-18, 4.91409183559e-18, 4.49547309837e-18, 7.32613850767e-18, 6.97096535062e-18, 9.38001638811e-18, 8.8019511432e-18, 1.24693258721e-17, 1.24390237647e-17, 1.10572086253e-17, 1.29329093203e-17, 1.09968385027e-17, 1.12967601307e-17, 1.16320735084e-17, 7.39404259134e-18, 5.67566958094e-18, 5.21797524517e-18, 2.77581671725e-18, 1.09214879323e-18, 2.95333800021e-19, 3.08925366224e-20],
        "stdev": [0.00571655109525, 0.120074704289, 0.849866747856, 2.44218254089, 16.6515808105, 31.7880954742, 123.766647339, 50.6077079773, 51.1211585999, 102.314552307, 153.144775391, 211.546951294, 132.047836304, 85.1618499756, 55.2004508972, 65.6663131714, 118.504997253, 51.2644042969, 127.612945557, 86.1868362427, 55.4411010742, 47.8361091614, 20.5912742615, 22.2129573822, 9.67539691925, 6.8869638443, 3.659968853, 3.16142034531, 7.09931993484, 5.52239274979, 5.21015453339, 2.60963797569, 2.78340435028, 2.62237381935, 1.93180441856, 0.334495872259, 0.037627927959, 0.00127341900952, 5.64425972698e-05, 2.96938324027e-05]
    },
    "gfcc": {
        "mean": [-62.6754570007, 123.451828003, -172.064407349, 21.9302330017, -62.2101135254, 11.3601961136, -47.4117355347, 3.63148021698, -10.9761123657, -17.3632144928, -4.31010246277, -16.0211105347, -0.0791733264923],
        "cov": [[21040.7734375, 2630.69140625, -2140.66674805, 23.4421977997, -1193.62414551, -417.959320068, -628.170043945, -129.967254639, -307.547912598, -473.275024414, -241.493148804, -543.8984375, -86.3864822388], [2630.69140625, 1025.53344727, -229.893432617, -92.3793716431, -80.2615737915, -310.774505615, -84.8503570557, -94.4359741211, -11.3801755905, -154.244018555, 22.5113105774, -143.476257324, 7.87748670578], [-2140.66674805, -229.893432617, 835.69921875, 79.7350311279, -49.3009605408, -129.436401367, -10.3472108841, -11.182721138, -70.1047744751, 68.8780593872, -14.0275144577, 35.906452179, -27.4915294647], [23.4421977997, -92.3793716431, 79.7350311279, 316.533172607, 2.07619810104, 14.039352417, -57.7544898987, -14.0175418854, -10.8027448654, 8.06962776184, -10.7728347778, 33.7370529175, 17.9547653198], [-1193.62414551, -80.2615737915, -49.3009605408, 2.07619810104, 267.914733887, 60.9271202087, 44.7327346802, -7.33032369614, 51.9554786682, 14.6709280014, -0.684095978737, 32.3080863953, 9.19202899933], [-417.959320068, -310.774505615, -129.436401367, 14.039352417, 60.9271202087, 459.810241699, 113.499664307, 65.5647659302, 0.999332785606, 34.1254577637, 21.7942523956, 22.9677314758, -47.1515960693], [-628.170043945, -84.8503570557, -10.3472108841, -57.7544898987, 44.7327346802, 113.499664307, 197.05581665, 45.5812339783, 3.53102564812, 2.63212513924, 19.500951767, -0.636046051979, -26.5526847839], [-129.967254639, -94.4359741211, -11.182721138, -14.0175418854, -7.33032369614, 65.5647659302, 45.5812339783, 110.186576843, 37.8687553406, 21.6335334778, 4.5964012146, -9.99641132355, -6.79553365707], [-307.547912598, -11.3801755905, -70.1047744751, -10.8027448654, 51.9554786682, 0.999332785606, 3.53102564812, 37.8687553406, 113.004142761, 27.3794803619, 1.97161257267, -5.50432300568, 14.1391201019], [-473.275024414, -154.244018555, 68.8780593872, 8.06962776184, 14.6709280014, 34.1254577637, 2.63212513924, 21.6335334778, 27.3794803619, 91.6573944092, 8.35823249817, 21.2905216217, -1.33951473236], [-241.493148804, 22.5113105774, -14.0275144577, -10.7728347778, -0.684095978737, 21.7942523956, 19.500951767, 4.5964012146, 1.97161257267, 8.35823249817, 89.3289489746, 27.2099685669, 6.30021333694], [-543.8984375, -143.476257324, 35.906452179, 33.7370529175, 32.3080863953, 22.9677314758, -0.636046051979, -9.99641132355, -5.50432300568, 21.2905216217, 27.2099685669, 104.758911133, 33.2753601074], [-86.3864822388, 7.87748670578, -27.4915294647, 17.9547653198, 9.19202899933, -47.1515960693, -26.5526847839, -6.79553365707, 14.1391201019, -1.33951473236, 6.30021333694, 33.2753601074, 78.5078582764]],
        "icov": [[0.000293319404591, -0.000682804791722, 0.000803678878583, -0.000282829569187, 0.00104213622399, -9.38336233958e-05, 0.000489799305797, -0.000511883001309, 0.00091840326786, -0.000550888013095, 0.00107086065691, -0.000224836709094, 0.000514914921951], [-0.000682804791722, 0.00410569086671, -0.00139031594153, 0.000847082177643, -0.00233432510868, 0.00151810946409, -0.000883717846591, 0.00251582940109, -0.00249563110992, 0.0038996830117, -0.00463773496449, 0.00362548674457, -0.00138839439023], [0.000803678878583, -0.00139031594153, 0.00398992095143, -0.00117100216448, 0.00291255349293, 0.000873188255355, 0.00103040714748, -0.0015527610667, 0.0038289942313, -0.00274563929997, 0.00289186299779, -0.000714387046173, 0.00242061330937], [-0.000282829569187, 0.000847082177643, -0.00117100216448, 0.00395269086584, -0.00106905156281, -0.000421633740189, 0.000818153494038, 0.000642568222247, -0.000911768700462, 0.00106952432543, -0.000672427064274, -0.000437712413259, -0.00108403502963], [0.00104213622399, -0.00233432510868, 0.00291255349293, -0.00106905156281, 0.00862378813326, -0.000853955862112, 0.000430682179285, 0.000253922858974, 0.000242333699134, -0.00170828797854, 0.00463022245094, -0.00230814190581, 0.00182432984002], [-9.38336233958e-05, 0.00151810946409, 0.000873188255355, -0.000421633740189, -0.000853955862112, 0.00418554479256, -0.00133527850267, -0.000847627350595, 0.00086441624444, 6.80173834553e-05, -0.00155711220577, 0.000486019504024, 0.00199988717213], [0.000489799305797, -0.000883717846591, 0.00103040714748, 0.000818153494038, 0.000430682179285, -0.00133527850267, 0.00818386301398, -0.00329920020886, 0.00222720927559, 0.000531008816324, 0.000310585222906, -0.000116231720312, 0.00206357706338], [-0.000511883001309, 0.00251582940109, -0.0015527610667, 0.000642568222247, 0.000253922858974, -0.000847627350595, -0.00329920020886, 0.0149004906416, -0.00685471668839, 0.00105332105886, -0.00286764325574, 0.00337043264881, -0.00181720661931], [0.00091840326786, -0.00249563110992, 0.0038289942313, -0.000911768700462, 0.000242333699134, 0.00086441624444, 0.00222720927559, -0.00685471668839, 0.0171669851989, -0.00672042137012, 0.00323944422416, 0.000987759674899, -0.000423970399424], [-0.000550888013095, 0.0038996830117, -0.00274563929997, 0.00106952432543, -0.00170828797854, 6.80173834553e-05, 0.000531008816324, 0.00105332105886, -0.00672042137012, 0.0188416745514, -0.00482418667525, 0.000799233210273, -0.000111687324534], [0.00107086065691, -0.00463773496449, 0.00289186299779, -0.000672427064274, 0.00463022245094, -0.00155711220577, 0.000310585222906, -0.00286764325574, 0.00323944422416, -0.00482418667525, 0.0185715705156, -0.00726981880143, 0.00211483100429], [-0.000224836709094, 0.00362548674457, -0.000714387046173, -0.000437712413259, -0.00230814190581, 0.000486019504024, -0.000116231720312, 0.00337043264881, 0.000987759674899, 0.000799233210273, -0.00726981880143, 0.0188167709857, -0.00750296004117], [0.000514914921951, -0.00138839439023, 0.00242061330937, -0.00108403502963, 0.00182432984002, 0.00199988717213, 0.00206357706338, -0.00181720661931, -0.000423970399424, -0.000111687324534, 0.00211483100429, -0.00750296004117, 0.0191520527005]]
    },
    "melbands": {
        "max": [0.000889530871063, 0.00480997376144, 0.00956191308796, 0.0241997558624, 0.0709252804518, 0.0285720005631, 0.0112923560664, 0.0258122291416, 0.0145511962473, 0.0130460262299, 0.00591141078621, 0.00388496089727, 0.00211333064362, 0.00300405710004, 0.00316284480505, 0.00263425917365, 0.00128608348314, 0.00235722446814, 0.00194600026589, 0.000997742870823, 0.000860729836859, 0.000357364187948, 0.000330846407451, 0.000225384443183, 0.00026568947942, 0.000114719790872, 0.000112031091703, 0.000188634541701, 6.27983463346e-05, 3.84564009437e-05, 4.45416808361e-05, 0.00017120251141, 6.69835644658e-05, 8.18197222543e-05, 8.75086116139e-05, 3.30674010911e-05, 5.64366819162e-05, 4.69681035611e-05, 8.02114082035e-05, 6.48303248454e-05],
        "mean": [5.69752992305e-05, 0.000202200302738, 0.000401309167501, 0.000584926747251, 0.000688343599904, 0.000411084532971, 0.000329175760271, 0.000376531039365, 0.000600227329414, 0.000518260814715, 0.000282338558463, 0.000214801548282, 8.80059087649e-05, 0.000121446231788, 0.000114301838039, 0.000101901183371, 6.10700735706e-05, 0.000109213455289, 9.42223268794e-05, 5.33061102033e-05, 4.32344349974e-05, 3.52433271473e-05, 2.80157091765e-05, 1.25151582324e-05, 1.34789424919e-05, 8.09804896562e-06, 2.69466386271e-06, 1.96062910618e-06, 1.55706766236e-06, 8.67952564931e-07, 7.53657673158e-07, 7.91566890257e-07, 7.06861271738e-07, 5.69604537759e-07, 6.89661703746e-07, 5.70046836401e-07, 3.28442837372e-07, 3.03778193711e-07, 2.65966434654e-07, 2.28746444009e-07],
        "min": [9.9373912636e-25, 1.38995082689e-24, 1.80617060378e-24, 3.06998355801e-24, 5.82622608996e-24, 1.77141161736e-24, 2.64113825955e-24, 3.62420843659e-24, 3.17675075393e-24, 7.018667051e-25, 1.6275849194e-24, 5.09594362898e-24, 3.97806382854e-24, 3.69960381761e-24, 3.97249328726e-24, 3.88989284517e-24, 5.67073568908e-24, 3.95363280631e-24, 4.66223421417e-24, 4.59177868014e-24, 5.83266595596e-24, 3.79047586073e-24, 5.8074070242e-24, 4.61544371844e-24, 4.80009554597e-24, 6.18457956679e-24, 4.21544509113e-24, 5.1745421797e-24, 7.47269633943e-24, 5.07972740978e-24, 5.69242896954e-24, 6.14130068538e-24, 6.34954970916e-24, 6.42081737549e-24, 6.4304643555e-24, 5.56230360222e-24, 7.0274616668e-24, 7.63092921524e-24, 7.72625043386e-24, 4.68257144274e-24],
        "stdev": [7.77457025833e-05, 0.000320850376738, 0.000775676453486, 0.00158381997608, 0.00330532505177, 0.00143513164949, 0.00081195688108, 0.00112496397924, 0.00129838963039, 0.00119970703963, 0.000680070312228, 0.000388329877751, 0.000161902353284, 0.000241616842686, 0.000220388319576, 0.000206499666092, 0.00010062349611, 0.000231100231758, 0.000152819528012, 7.7204174886e-05, 6.50148285786e-05, 4.72071806144e-05, 3.73667971871e-05, 1.75448130904e-05, 2.00569593289e-05, 1.20227859952e-05, 4.81406277686e-06, 4.86938870381e-06, 2.70972009275e-06, 1.65177073086e-06, 2.0071236122e-06, 4.6412114898e-06, 2.89248532681e-06, 3.4533352391e-06, 3.6289432046e-06, 1.67555731423e-06, 1.72332636339e-06, 1.89668958228e-06, 2.26563906836e-06, 2.26948509408e-06]
    },
    "melbands128": {
        "max": [0.000604625558481, 0.000944056431763, 0.000975488801487, 0.00309262075461, 0.0064354846254, 0.00472454261035, 0.00397220486775, 0.0121294716373, 0.0288906246424, 0.0367541983724, 0.0486938618124, 0.0450817346573, 0.124383419752, 0.105809748173, 0.023286903277, 0.0118233915418, 0.0192037839442, 0.0186780802906, 0.0269816908985, 0.0481224805117, 0.0206197239459, 0.0255186296999, 0.0232019647956, 0.026736497879, 0.0279255211353, 0.0151858832687, 0.0127037540078, 0.00989457033575, 0.0144399516284, 0.0054711853154, 0.00809121970087, 0.00541043654084, 0.00273792259395, 0.0038265872281, 0.0078168977052, 0.00411683414131, 0.00318694603629, 0.00453491043299, 0.00854764599353, 0.00473412452266, 0.00538371829316, 0.00396120501682, 0.00165728095453, 0.00223899260163, 0.0048021604307, 0.00551976356655, 0.00420995708555, 0.00396248092875, 0.00283698644489, 0.00288875983097, 0.00120214966591, 0.00148409279063, 0.00194929528516, 0.000564914254937, 0.000684064929374, 0.00057318067411, 0.000981372781098, 0.000870913674589, 0.000445216428488, 0.00027644529473, 0.000249622768024, 0.000540869194083, 0.000460969109554, 0.000329974136548, 0.000406024977565, 0.000114653383207, 0.000128984916955, 0.000190218925127, 0.00013073599257, 0.000256082537817, 0.000257325358689, 0.000124134530779, 4.75855049444e-05, 0.000103469530586, 3.26130611938e-05, 2.11640563066e-05, 7.21010219422e-05, 4.69677615911e-05, 5.7494329667e-05, 0.000128818137455, 0.000199774396606, 0.000210730271647, 0.000184611126315, 7.48557285988e-05, 7.31354302843e-05, 0.000114935508464, 0.00011222705507, 0.000124552709167, 0.00011745273514, 0.000116853872896, 5.83805449423e-05, 3.31813280354e-05, 3.39062862622e-05, 8.07722026366e-05, 5.57597850275e-05, 4.56696652691e-05, 5.30574761797e-05, 5.58708998142e-05, 0.000106367544504, 0.000107973421109, 5.15541651112e-05, 6.37076373096e-05, 9.5300587418e-05, 9.53566195676e-05, 7.5451687735e-05, 8.27505500638e-05, 6.20386927039e-05, 1.8581014956e-05, 1.44615523823e-05, 8.57987924974e-06, 7.88142733654e-06, 9.32890907279e-06, 1.37559345603e-06, 1.00842669326e-06, 2.77000623328e-07, 1.30979373125e-07, 1.32229693861e-08, 3.41216443989e-10, 3.08654185543e-10, 2.8558100329e-10, 2.67012106869e-10, 2.47165982126e-10, 2.40201386559e-10, 2.30605951002e-10, 2.16657886076e-10, 2.09919165384e-10, 2.0523295563e-10, 2.02104485925e-10],
        "mean": [1.51114400069e-05, 2.81713164441e-05, 6.3057821535e-05, 0.000132234519697, 0.000221579772187, 0.000223643655772, 0.000295605801512, 0.000443107419414, 0.000576594378799, 0.000633068673778, 0.000565047899727, 0.000526155810803, 0.000823486887384, 0.000800792186055, 0.000333668489475, 0.000248549360549, 0.000276505597867, 0.000391440582462, 0.000330508890329, 0.000273790705251, 0.000409598171245, 0.000644238025416, 0.000487973826239, 0.00074342568405, 0.000752035470214, 0.000342229934176, 0.000241836445639, 0.000243615970248, 0.000364228413673, 0.000284769223072, 0.000151109692524, 8.80094085005e-05, 7.78093817644e-05, 7.95940941316e-05, 0.000144368546898, 0.000134618254378, 8.88678405317e-05, 6.80823650328e-05, 0.000184717267985, 0.000140652744449, 7.57350280765e-05, 5.53655409021e-05, 4.68032703793e-05, 5.96990648773e-05, 0.000118074764032, 0.000120781631267, 0.000101510857348, 8.30255812616e-05, 0.000108628759335, 7.6318399806e-05, 3.10040231852e-05, 4.21196164098e-05, 6.9471738243e-05, 2.72731595032e-05, 2.23134939006e-05, 3.4921860788e-05, 4.9696820497e-05, 3.89859378629e-05, 1.67953148775e-05, 1.29842519527e-05, 1.16865221571e-05, 1.29400677906e-05, 1.21072480397e-05, 1.3138610484e-05, 1.77231358975e-05, 6.42929990136e-06, 4.42852297056e-06, 2.86733347821e-06, 2.30975456361e-06, 2.2634646939e-06, 1.9226454242e-06, 1.98886641556e-06, 1.64235643751e-06, 1.71052818132e-06, 1.07730670607e-06, 8.53274968904e-07, 7.87963926996e-07, 7.2636277082e-07, 6.9066601327e-07, 8.70984251833e-07, 7.92576088315e-07, 7.66440393818e-07, 7.7859351677e-07, 7.45983072648e-07, 5.94592393099e-07, 5.53890117772e-07, 5.87834961152e-07, 5.54171833755e-07, 7.11545737886e-07, 7.60936075039e-07, 7.25906772914e-07, 5.00189514696e-07, 3.34118823275e-07, 3.28935698235e-07, 3.25036609183e-07, 2.97067657584e-07, 3.25658277234e-07, 2.57978513218e-07, 2.83598581063e-07, 2.59087727272e-07, 2.30359461284e-07, 2.17568540961e-07, 2.46297162221e-07, 1.67230481907e-07, 1.26845804971e-07, 1.16867752809e-07, 6.93762984838e-08, 2.41959554614e-08, 2.3383593728e-08, 1.5621656857e-08, 1.17056737636e-08, 1.00397805625e-08, 3.44324924129e-09, 1.85131365793e-09, 6.03614991324e-10, 2.45591991188e-10, 3.40689768064e-11, 3.95287058294e-12, 4.35009667177e-12, 3.76546320166e-12, 3.36868467149e-12, 3.29496087532e-12, 3.23194856294e-12, 3.16192579931e-12, 3.04407779365e-12, 2.87710675596e-12, 2.78225576258e-12, 2.75628890371e-12],
        "min": [4.61713927635e-25, 8.91453547844e-25, 1.28982386764e-24, 5.72697535795e-25, 3.02347557309e-25, 3.52059229625e-25, 4.44062622539e-25, 1.00188214305e-24, 1.03336203191e-24, 2.0115381159e-24, 3.17851208312e-24, 1.87873219921e-24, 2.5376594303e-24, 1.74676148901e-24, 2.79401812247e-24, 1.16607939896e-24, 9.60223877763e-25, 1.06947135098e-24, 1.27556500956e-24, 2.43451507809e-24, 1.55432064612e-24, 2.91187335007e-24, 1.5272139063e-24, 6.19854112291e-25, 6.23745908263e-25, 6.79313664858e-25, 3.18824297821e-25, 5.1031441541e-25, 2.75946463432e-24, 2.18625049324e-24, 1.97988901638e-24, 1.05743855977e-24, 2.57410697349e-24, 2.06254112886e-24, 1.28765351407e-24, 2.39773424116e-24, 6.81487568297e-25, 6.99255279681e-25, 1.87885565594e-24, 1.9248058176e-24, 1.26568778077e-24, 4.48344677861e-24, 2.93277441697e-24, 2.56582866715e-24, 1.16562087355e-24, 1.70173251968e-24, 1.83108539497e-24, 3.8219261673e-24, 2.40782120834e-24, 3.70176095776e-24, 4.04702920432e-24, 2.63940631543e-24, 2.89852424583e-24, 3.58523160813e-24, 3.31125863802e-24, 3.40957082277e-24, 3.86826267358e-24, 2.07759259494e-24, 3.88321040444e-24, 4.73339183441e-24, 3.46517841684e-24, 1.75995479322e-24, 2.28367067351e-24, 2.46186744947e-24, 6.50171979449e-24, 3.57305080689e-24, 4.14120815235e-24, 2.81891555872e-24, 3.40005084936e-24, 5.66053177327e-24, 2.4055151707e-24, 4.42650443189e-24, 3.41082787262e-24, 6.61347495792e-24, 4.96457580572e-24, 2.46849190892e-24, 4.34852198154e-24, 3.3187965984e-24, 2.65216377399e-24, 4.93572242925e-24, 5.16103254227e-24, 3.81554033827e-24, 2.44601272578e-24, 5.03576182495e-24, 5.04295268653e-24, 4.19343350529e-24, 6.50299301599e-24, 6.93890256386e-24, 4.36816067377e-24, 5.06124242662e-24, 3.76116178949e-24, 4.71482835958e-24, 3.5789830409e-24, 7.66694623759e-24, 4.50489196232e-24, 6.01559451684e-24, 6.3682934387e-24, 8.24935672189e-24, 4.59903383389e-24, 6.89819734115e-24, 3.59720533338e-24, 4.14465192463e-24, 4.40759740815e-24, 4.09710254471e-24, 5.04616650586e-24, 5.39143159698e-24, 7.64890025552e-24, 8.04831867564e-24, 6.02254240926e-24, 6.77196539682e-24, 6.30100991437e-24, 6.75206638048e-24, 6.51580411709e-24, 6.6662966897e-24, 6.43740712033e-24, 8.05855966791e-24, 6.00912625185e-24, 7.67396867737e-24, 8.67776656913e-24, 6.58897254377e-24, 6.61677200207e-24, 7.50293574451e-24, 5.7051008367e-24, 7.46425868319e-24, 6.18460362705e-24, 6.57027180715e-24, 7.03600897471e-24, 6.49875170533e-24],
        "stdev": [2.99091552733e-05, 4.44211145805e-05, 9.36047508731e-05, 0.000240869732806, 0.000445791316452, 0.000382071826607, 0.000454523396911, 0.000933073053602, 0.00215687928721, 0.00212044571526, 0.00222597410902, 0.00196150550619, 0.00561195472255, 0.00484341243282, 0.000936512486078, 0.000740355462767, 0.000885735731572, 0.00116923300084, 0.00130915420596, 0.00167389854323, 0.0013321666047, 0.00205318327062, 0.00166451977566, 0.0022806909401, 0.00234331190586, 0.00110088498332, 0.000923607149161, 0.000966337800492, 0.00098910741508, 0.000608278962318, 0.000412747496739, 0.000234163351706, 0.000190614693565, 0.00025249394821, 0.000446551537607, 0.000308113667415, 0.000221095513552, 0.000187450394151, 0.000532631995156, 0.000367889268091, 0.00025824320619, 0.000161122225109, 0.000108282809379, 0.000157314905664, 0.000332478870405, 0.00037942151539, 0.000332801690092, 0.000221142865485, 0.000240901514189, 0.000177435082151, 7.37720547477e-05, 9.11068636924e-05, 0.000138463088661, 4.4630629418e-05, 4.49271537946e-05, 6.21942308499e-05, 0.000112287860247, 7.48360689613e-05, 2.75515321846e-05, 2.02871287911e-05, 2.07498906093e-05, 2.89912641165e-05, 2.45189785346e-05, 2.5660117899e-05, 3.55142947228e-05, 1.12715997602e-05, 8.49973366712e-06, 6.51146774544e-06, 5.24982942807e-06, 6.81772417011e-06, 6.27336930847e-06, 5.11891221322e-06, 3.16328828376e-06, 3.9229767026e-06, 2.08477626984e-06, 1.54737574576e-06, 2.24509358304e-06, 1.89347247215e-06, 1.89132776995e-06, 3.50449909092e-06, 5.76478487346e-06, 5.37423329661e-06, 4.61492936665e-06, 2.97714905173e-06, 2.68958137895e-06, 4.08110599892e-06, 4.03842068408e-06, 3.98717247663e-06, 4.71217617815e-06, 3.53225982508e-06, 2.150815817e-06, 1.63205891113e-06, 1.35303491788e-06, 2.16262537833e-06, 1.82925657555e-06, 1.75006812242e-06, 2.26848396778e-06, 1.76505614036e-06, 2.7727237466e-06, 2.73485989055e-06, 1.70559439994e-06, 2.25784106078e-06, 3.05743628815e-06, 2.83983126792e-06, 2.41011184698e-06, 2.48700916927e-06, 1.58125192229e-06, 4.73034532433e-07, 4.40247191591e-07, 2.83778575749e-07, 2.14718895108e-07, 2.2717992465e-07, 4.84027644632e-08, 3.07077421269e-08, 8.68063043669e-09, 3.83290066353e-09, 3.81091436186e-10, 9.35279891728e-12, 9.23761848265e-12, 8.36989852426e-12, 7.78481792918e-12, 7.41063200388e-12, 7.22344883561e-12, 7.01687709673e-12, 6.76490330767e-12, 6.6243048373e-12, 6.52693871173e-12, 6.46336760154e-12]
    },
    "mfcc": {
        "mean": [-674.709655762, 138.148986816, -38.3147201538, 1.50986516476, 6.92712831497, -6.70527744293, -11.4628534317, 3.92037367821, -4.04928779602, 0.014498625882, -2.99630427361, -2.78313422203, -6.18528652191],
        "cov": [[9940.38671875, 1392.24694824, -340.202667236, 52.7249946594, -409.522491455, -342.050994873, -141.096130371, -33.5567855835, -120.31603241, 99.5439300537, -118.946365356, -204.553070068, -216.272521973], [1392.24694824, 1010.74694824, -122.55305481, 85.3596191406, -51.9300842285, -201.041137695, -89.2440795898, -65.5258178711, -67.8264694214, -20.9486522675, -37.732257843, -44.7676277161, -57.5884590149], [-340.202667236, -122.55305481, 613.256713867, 141.132629395, -56.5221214294, -64.0917510986, 9.04317569733, -76.5591964722, -59.4388084412, -39.156627655, -10.423119545, -0.460289895535, 0.453243285418], [52.7249946594, 85.3596191406, 141.132629395, 371.681976318, 28.2911586761, -100.630172729, -103.192176819, -83.2795257568, -24.7031841278, -40.1268577576, -78.3081512451, -34.3075408936, 23.2387695312], [-409.522491455, -51.9300842285, -56.5221214294, 28.2911586761, 191.087554932, 56.3808326721, -38.8944206238, -0.848361074924, 18.0838508606, 0.879734218121, -6.11374902725, -0.86926651001, 32.8272171021], [-342.050994873, -201.041137695, -64.0917510986, -100.630172729, 56.3808326721, 221.923126221, 81.891784668, 65.9971160889, 17.826215744, 12.8200464249, 22.2041053772, 15.7712316513, 31.3647136688], [-141.096130371, -89.2440795898, 9.04317569733, -103.192176819, -38.8944206238, 81.891784668, 171.263809204, 71.3674240112, -1.71772253513, 5.58036231995, 36.5055541992, 29.2517204285, 1.68616485596], [-33.5567855835, -65.5258178711, -76.5591964722, -83.2795257568, -0.848361074924, 65.9971160889, 71.3674240112, 126.548614502, 24.6902980804, 17.4585666656, 20.7546539307, 14.5874938965, 21.1575088501], [-120.31603241, -67.8264694214, -59.4388084412, -24.7031841278, 18.0838508606, 17.826215744, -1.71772253513, 24.6902980804, 94.7453689575, 37.2412910461, 10.5350446701, 7.43850374222, -12.8383922577], [99.5439300537, -20.9486522675, -39.156627655, -40.1268577576, 0.879734218121, 12.8200464249, 5.58036231995, 17.4585666656, 37.2412910461, 108.903862, 39.9440727234, -9.3046913147, -14.9387388229], [-118.946365356, -37.732257843, -10.423119545, -78.3081512451, -6.11374902725, 22.2041053772, 36.5055541992, 20.7546539307, 10.5350446701, 39.9440727234, 95.862701416, 26.9046192169, -13.9986400604], [-204.553070068, -44.7676277161, -0.460289895535, -34.3075408936, -0.86926651001, 15.7712316513, 29.2517204285, 14.5874938965, 7.43850374222, -9.3046913147, 26.9046192169, 83.4130554199, 24.0031280518], [-216.272521973, -57.5884590149, 0.453243285418, 23.2387695312, 32.8272171021, 31.3647136688, 1.68616485596, 21.1575088501, -12.8383922577, -14.9387388229, -13.9986400604, 24.0031280518, 92.3957824707]],
        "icov": [[0.000150525695062, -0.000156519789016, 6.63661412545e-05, -9.0268895292e-06, 0.000289552321192, -2.55265185842e-05, 0.000113360358228, -0.000138117000461, 0.000192693943973, -0.000238721506321, 0.000210526457522, 0.000109441622044, 0.000183718992048], [-0.000156519789016, 0.00159763137344, 0.000483648647787, -0.000129194188048, -0.000293434626656, 0.00119832251221, -8.1272009993e-05, 0.000109930231702, 0.0010298055131, 0.000139999989187, -2.53840198638e-07, -1.83041483979e-05, 0.000503749935888], [6.63661412545e-05, 0.000483648647787, 0.00234713335522, -0.00089307356393, 0.000618123507593, 0.000567270442843, -0.000865388370585, 0.0010875276057, 0.00115549459588, 0.000111775705591, -0.000375409203116, 7.44262433727e-05, 0.000126898914459], [-9.0268895292e-06, -0.000129194188048, -0.00089307356393, 0.0045673828572, -0.000766515498981, 0.0011693109991, 0.000922698935028, 0.00112620485015, -0.000419385614805, 0.000196720575332, 0.00215457892045, 0.000847437942866, -0.00156554172281], [0.000289552321192, -0.000293434626656, 0.000618123507593, -0.000766515498981, 0.00771014997736, -0.00264490931295, 0.00251544918865, 0.000263469555648, -0.000869130017236, 2.64614955086e-05, -0.000552102457732, 0.000618813210167, -0.00162399560213], [-2.55265185842e-05, 0.00119832251221, 0.000567270442843, 0.0011693109991, -0.00264490931295, 0.00845238659531, -0.00322405970655, -0.000831593002658, 0.00028225837741, -8.55291291373e-05, 0.00023315566068, 0.00103627645876, -0.00149851536844], [0.000113360358228, -8.1272009993e-05, -0.000865388370585, 0.000922698935028, 0.00251544918865, -0.00322405970655, 0.0111776534468, -0.00480761891231, 0.00177583144978, 0.000282187480479, -0.000986372120678, -0.00215738639235, 0.00178788602352], [-0.000138117000461, 0.000109930231702, 0.0010875276057, 0.00112620485015, 0.000263469555648, -0.000831593002658, -0.00480761891231, 0.0137982368469, -0.00331853423268, -3.5104762901e-06, -0.000699329946656, 0.00139732053503, -0.00435720896348], [0.000192693943973, 0.0010298055131, 0.00115549459588, -0.000419385614805, -0.000869130017236, 0.00028225837741, 0.00177583144978, -0.00331853423268, 0.0158695373684, -0.00526677118614, 0.00244652945548, -0.00340184802189, 0.00474113458768], [-0.000238721506321, 0.000139999989187, 0.000111775705591, 0.000196720575332, 2.64614955086e-05, -8.55291291373e-05, 0.000282187480479, -3.5104762901e-06, -0.00526677118614, 0.013978256844, -0.00665816059336, 0.0039579491131, -0.00101502507459], [0.000210526457522, -2.53840198638e-07, -0.000375409203116, 0.00215457892045, -0.000552102457732, 0.00023315566068, -0.000986372120678, -0.000699329946656, 0.00244652945548, -0.00665816059336, 0.017539370805, -0.00586176803336, 0.00369129772298], [0.000109441622044, -1.83041483979e-05, 7.44262433727e-05, 0.000847437942866, 0.000618813210167, 0.00103627645876, -0.00215738639235, 0.00139732053503, -0.00340184802189, 0.0039579491131, -0.00586176803336, 0.0172905977815, -0.00603368738666], [0.000183718992048, 0.000503749935888, 0.000126898914459, -0.00156554172281, -0.00162399560213, -0.00149851536844, 0.00178788602352, -0.00435720896348, 0.00474113458768, -0.00101502507459, 0.00369129772298, -0.00603368738666, 0.0166323389858]]
    },
    "spectral_contrast_coeffs": {
        "max": [-0.204838737845, -0.419433236122, -0.486672610044, -0.570409238338, -0.585829854012, -0.652967095375],
        "mean": [-0.694018125534, -0.750374555588, -0.758832871914, -0.766738057137, -0.744894742966, -0.775320827961],
        "min": [-0.981850624084, -0.977633297443, -0.973412334919, -0.966739952564, -0.964531362057, -0.964230239391],
        "stdev": [0.106955841184, 0.098437666893, 0.081054598093, 0.0734012424946, 0.0521436370909, 0.040942452848]
    },
    "spectral_contrast_valleys": {
        "max": [-5.64757156372, -4.71504688263, -5.1096162796, -5.88972616196, -6.23719882965, -7.58581590652],
        "mean": [-7.6066031456, -6.89917182922, -7.3953037262, -7.49098777771, -8.21450424194, -11.2137985229],
        "min": [-28.0325984955, -27.4063091278, -27.6163444519, -27.5248641968, -27.3811950684, -27.3489170074],
        "stdev": [2.0150001049, 2.03470993042, 1.96322250366, 1.92742860317, 1.83618724346, 1.63091731071]
    }
},
"rhythm": {
    "beats_count": 138,
    "beats_loudness": {
        "max": 0.282121896744,
        "mean": 0.0301841385663,
        "min": 1.55057067186e-09,
        "stdev": 0.0283945798874
    },
    "bpm": 178.205871582,
    "bpm_histogram_first_peak_bpm": 178,
    "bpm_histogram_first_peak_weight": 0,
    "bpm_histogram_second_peak_bpm": 172,
    "bpm_histogram_second_peak_spread": 0,
    "bpm_histogram_second_peak_weight": 0.131386861205,
    "danceability": 1.03314757347,
    "onset_rate": 2.64964103699,
    "beats_loudness_band_ratio": {
        "max": [0.738784849644, 0.925716400146, 0.895845532417, 0.786869168282, 0.598766386509, 0.746098577976],
        "mean": [0.1072781533, 0.179822966456, 0.288015067577, 0.229191482067, 0.199924126267, 0.0342302620411],
        "min": [0.000151036176248, 0.000766850484069, 0.0111954957247, 0.00337084033526, 0.00806395802647, 0.000420985976234],
        "stdev": [0.113097816706, 0.186856001616, 0.210917845368, 0.161685526371, 0.150521561503, 0.0836295858026]
    },
