{
"metadata": {
    "version": {
        "essentia": "2.1-beta5",
        "essentia_git_sha": "Undefined",
        "extractor": "music 2.0"
    },
    "audio_properties": {
        "analysis": {
            "equal_loudness": 0,
            "length": 29.0017242432,
            "sample_rate": 44100,
            "start_time": 97.4889831543,
            "downmix": "mix"
        },
        "bit_rate": 192000,
        "length": 157.059768677,
        "lossless": 0,
        "number_channels": 2,
        "replay_gain": -10.0160675049,
        "sample_rate": 44100,
        "codec": "mp3",
        "md5_encoded": "3c1f16b463496954dc79023b537fbfce"
    },
    "tags": {
        "file_name": "Finland_Kuin Silloin Ennen_Jarkko and Laura.mp3",
        "encoding": ["Lavf58.29.100"]
    }
},
"lowlevel": {
    "average_loudness": 0.95935177803,
    "barkbands_crest": {
        "max": 22.6855945587,
        "mean": 8.37250900269,
        "min": 2.5439209938,
        "stdev": 3.38889145851
    },
    "barkbands_flatness_db": {
        "max": 0.290371567011,
        "mean": 0.157020568848,
        "min": 0.0657440871,
        "stdev": 0.0390392318368
    },
    "barkbands_kurtosis": {
        "max": 45.8663330078,
        "mean": 2.99976563454,
        "min": -1.77590179443,
        "stdev": 5.76857566833
    },
    "barkbands_skewness": {
        "max": 5.69697380066,
        "mean": 1.26962804794,
        "min": -0.77823472023,
        "stdev": 1.0356913805
    },
    "barkbands_spread": {
        "max": 68.8881072998,
        "mean": 19.5084533691,
        "min": 2.32882523537,
        "stdev": 10.5079603195
    },
    "dissonance": {
        "max": 0.500000059605,
        "mean": 0.46186619997,
        "min": 0.336398512125,
        "stdev": 0.0278272368014
    },
    "dynamic_complexity": 2.46845817566,
    "erbbands_crest": {
        "max": 26.0949459076,
        "mean": 8.87829208374,
        "min": 2.57889175415,
        "stdev": 4.10511112213
    },
    "erbbands_flatness_db": {
        "max": 0.311004132032,
        "mean": 0.195909321308,
        "min": 0.118565604091,
        "stdev": 0.0339471139014
    },
    "erbbands_kurtosis": {
        "max": 16.690952301,
        "mean": 0.59995174408,
        "min": -1.64646363258,
        "stdev": 2.00795102119
    },
    "erbbands_skewness": {
        "max": 3.40028500557,
        "mean": 0.555823206902,
        "min": -2.16658234596,
        "stdev": 0.717389941216
    },
    "erbbands_spread": {
        "max": 97.5672607422,
        "mean": 33.1537590027,
        "min": 7.92209863663,
        "stdev": 15.3639955521
    },
    "hfc": {
        "max": 88.5858459473,
        "mean": 23.4029998779,
        "min": 0.161929637194,
        "stdev": 17.8669109344
    },
    "loudness_ebu128": {
        "integrated": -14.0603132248,
        "loudness_range": 4.13799762726,
        "momentary": {
            "max": -11.0145101547,
            "mean": -14.4795246124,
            "min": -23.5735778809,
            "stdev": 2.06692767143
        },
        "short_term": {
            "max": -12.130695343,
            "mean": -14.2451477051,
            "min": -17.7446117401,
            "stdev": 1.3982872963
        }
    },
    "melbands_crest": {
        "max": 27.6266345978,
        "mean": 11.314163208,
        "min": 3.41431379318,
        "stdev": 4.31857538223
    },
    "melbands_flatness_db": {
        "max": 0.332200795412,
        "mean": 0.162819057703,
        "min": 0.0424171946943,
        "stdev": 0.0582341663539
    },
    "melbands_kurtosis": {
        "max": 86.7520294189,
        "mean": 8.37975883484,
        "min": -1.55666160583,
        "stdev": 11.8637733459
    },
    "melbands_skewness": {
        "max": 7.82638311386,
        "mean": 1.96552300453,
        "min": -0.427015721798,
        "stdev": 1.26236283779
    },
    "melbands_spread": {
        "max": 122.530670166,
        "mean": 25.4990768433,
        "min": 2.32473349571,
        "stdev": 15.8253889084
    },
    "pitch_salience": {
        "max": 0.844355583191,
        "mean": 0.617346167564,
        "min": 0.176630198956,
        "stdev": 0.100420832634
    },
    "silence_rate_20dB": {
        "max": 1,
        "mean": 1,
        "min": 1,
        "stdev": 0
    },
    "silence_rate_30dB": {
        "max": 1,
        "mean": 1,
        "min": 1,
        "stdev": 0
    },
    "silence_rate_60dB": {
        "max": 1,
        "mean": 0.0287999995053,
        "min": 0,
        "stdev": 0.167244061828
    },
    "spectral_centroid": {
        "max": 3455.35766602,
        "mean": 1379.24145508,
        "min": 310.60269165,
        "stdev": 623.90222168
    },
    "spectral_complexity": {
        "max": 47,
        "mean": 21.5247993469,
        "min": 1,
        "stdev": 9.78863716125
    },
    "spectral_decrease": {
        "max": -1.21458176849e-10,
        "mean": -5.69940317163e-09,
        "min": -1.78359780278e-08,
        "stdev": 3.47848128079e-09
    },
    "spectral_energy": {
        "max": 0.0731779932976,
        "mean": 0.0236336067319,
        "min": 0.000479494541651,
        "stdev": 0.0143065806478
    },
    "spectral_energyband_high": {
        "max": 0.00790290441364,
        "mean": 0.00087426538812,
        "min": 7.40336702165e-07,
        "stdev": 0.00113290327135
    },
    "spectral_energyband_low": {
        "max": 0.0260510966182,
        "mean": 0.00217290734872,
        "min": 2.33819955611e-05,
        "stdev": 0.00292220315896
    },
    "spectral_energyband_middle_high": {
        "max": 0.0475566834211,
        "mean": 0.00818419177085,
        "min": 4.22494595114e-05,
        "stdev": 0.00797505863011
    },
    "spectral_energyband_middle_low": {
        "max": 0.0529600977898,
        "mean": 0.0138260601088,
        "min": 0.000299794890452,
        "stdev": 0.00951617117971
    },
    "spectral_entropy": {
        "max": 8.28601837158,
        "mean": 7.58240938187,
        "min": 6.41305446625,
        "stdev": 0.326923877001
    },
    "spectral_flux": {
        "max": 0.193293780088,
        "mean": 0.0798767283559,
        "min": 0.00975911691785,
        "stdev": 0.0314383581281
    },
    "spectral_kurtosis": {
        "max": 19.7152233124,
        "mean": 3.39816761017,
        "min": -0.558238267899,
        "stdev": 2.53561377525
    },
    "spectral_rms": {
        "max": 0.00844944734126,
        "mean": 0.00455060368404,
        "min": 0.0006839587586,
        "stdev": 0.00153270806186
    },
    "spectral_rolloff": {
        "max": 7428.95507812,
        "mean": 1672.69934082,
        "min": 215.33203125,
        "stdev": 1114.33410645
    },
    "spectral_skewness": {
        "max": 3.355073452,
        "mean": 1.35307955742,
        "min": 0.350891709328,
        "stdev": 0.411374270916
    },
    "spectral_spread": {
        "max": 9613920,
        "mean": 3967767.75,
        "min": 2128147,
        "stdev": 909192.75
    },
    "spectral_strongpeak": {
        "max": 9.96327972412,
        "mean": 1.4158822298,
        "min": 0.0158959962428,
        "stdev": 1.3553391695
    },
    "zerocrossingrate": {
        "max": 0.1875,
        "mean": 0.0650796890259,
        "min": 0.0126953125,
        "stdev": 0.0284630190581
    },
    "barkbands": {
        "max": [0.00022215610079, 0.00339683890343, 0.0146536771208, 0.0293968319893, 0.0242941323668, 0.0301669575274, 0.0235838219523, 0.0337384715676, 0.0313214957714, 0.0342186428607, 0.0193660780787, 0.0150605868548, 0.0191769264638, 0.0151207512245, 0.00626917602494, 0.0149570629001, 0.012023512274, 0.0040079485625, 0.0074963294901, 0.00373009755276, 0.00240137823857, 0.00239633349702, 0.00295064831153, 0.000813518301584, 0.000640986545477, 6.14031705481e-06, 7.59554495744e-07],
        "mean": [1.98010257009e-05, 0.000311447365675, 0.00106479600072, 0.00174047716428, 0.0028729129117, 0.00209440314211, 0.00194372539409, 0.00221105339006, 0.00194286170881, 0.00225692521781, 0.00111326784827, 0.000981491524726, 0.00092000386212, 0.000808494689409, 0.000512757804245, 0.000450449937489, 0.000596414029133, 0.00030769361183, 0.000500845140778, 0.000305338617181, 0.000224354225793, 0.000168188315001, 0.00016889545077, 7.91519341874e-05, 3.77816832042e-05, 8.04314623792e-08, 1.5560108757e-09],
        "min": [5.58738726397e-08, 1.48188621552e-06, 8.09304310678e-07, 1.20996378428e-06, 3.67894972442e-05, 5.24649749423e-06, 4.3720733629e-06, 7.27742599338e-06, 1.04004175228e-05, 2.87610873784e-06, 1.8706841729e-06, 2.61353648057e-06, 7.84154792655e-07, 1.10298481104e-06, 9.45342151226e-07, 8.3863716327e-07, 2.84513703264e-07, 2.54373361486e-07, 1.60587205755e-07, 2.28061580287e-07, 1.51893303268e-07, 1.30413795318e-07, 5.17441627323e-08, 1.05313027632e-07, 3.61874050725e-08, 1.46770408327e-11, 1.96605214747e-11],
        "stdev": [2.27221225941e-05, 0.000400738033932, 0.00190241867676, 0.00260284985416, 0.00323097826913, 0.00327672902495, 0.00314282928593, 0.00385279790498, 0.00286199944094, 0.00411203037947, 0.00170310691465, 0.00168896559626, 0.00157690874767, 0.00149067305028, 0.000735721085221, 0.000849215837661, 0.00116882019211, 0.000385278312024, 0.000742197909858, 0.000432712113252, 0.000307438458549, 0.000270240067039, 0.000276880367892, 0.000111907320388, 6.03897606197e-05, 3.69830814861e-07, 2.23031975111e-08]
    },
    "erbbands": {
        "max": [0.0525215305388, 0.954476296902, 9.64642333984, 56.3645515442, 125.650009155, 70.3394927979, 86.3555679321, 312.774627686, 485.558776855, 699.658325195, 626.300231934, 505.983123779, 1086.82666016, 758.7890625, 468.236358643, 734.80847168, 442.356445312, 719.116210938, 601.021850586, 766.916870117, 272.929748535, 798.280944824, 204.062026978, 509.108337402, 183.928741455, 196.351898193, 115.862754822, 150.900039673, 99.672454834, 54.7101669312, 101.986846924, 27.796869278, 16.6825389862, 12.8202524185, 1.28567695618, 0.0585964173079, 0.00260246009566, 0.000471936509712, 0.000114647038572, 8.7885047833e-05],
        "mean": [0.00548145966604, 0.0931769832969, 0.870045721531, 3.99775362015, 9.61450099945, 7.71531963348, 9.9794216156, 18.8884029388, 27.8620491028, 37.0778884888, 48.4114456177, 43.1314048767, 73.4187927246, 49.1124382019, 46.6773872375, 40.3253211975, 38.2482795715, 40.9870223999, 34.376499176, 28.2762718201, 25.0945892334, 31.1041316986, 19.1200313568, 27.1228713989, 16.4364147186, 14.1803283691, 10.9033231735, 8.45116043091, 6.65138673782, 3.89823675156, 5.18712186813, 2.60840392113, 1.18794953823, 0.741028010845, 0.0850150734186, 0.00285686249845, 0.000184068718227, 2.46287218033e-05, 1.78201189556e-05, 2.99978637486e-05],
        "min": [0.000109810222057, 0.000554497994017, 0.0023897846695, 0.00502266222611, 0.0776051431894, 0.0919366106391, 0.0465942546725, 0.0577903650701, 0.14387588203, 0.221034690738, 0.223426282406, 0.238887399435, 0.216540783644, 0.0973032787442, 0.144975394011, 0.123752720654, 0.0492461174726, 0.0804674997926, 0.0536730065942, 0.0505752973258, 0.0400467291474, 0.0142569635063, 0.0154990777373, 0.00899243261665, 0.0116214603186, 0.0118792075664, 0.0085454788059, 0.00682826433331, 0.00506655685604, 0.00233830953948, 0.00147638877388, 0.00209158938378, 0.00189866800793, 0.000705533428118, 0.000114403766929, 5.83119754083e-06, 1.20952825e-06, 2.23812975264e-07, 2.46242024105e-07, 5.47773140624e-07],
        "stdev": [0.00553031172603, 0.120166189969, 1.30970752239, 5.62649774551, 13.2927112579, 8.10674571991, 11.1678705215, 33.6378288269, 53.0068626404, 72.3167724609, 68.1661911011, 56.8156204224, 126.906097412, 77.3976593018, 68.4054946899, 66.3209152222, 56.4337806702, 66.2908325195, 55.3145332336, 45.7872085571, 34.3679466248, 59.9700660706, 23.2643013, 39.1455993652, 21.6688117981, 19.4810390472, 13.8663406372, 14.7591867447, 11.4875831604, 5.9260931015, 9.14447402954, 3.78829813004, 1.75390827656, 1.17980349064, 0.134383752942, 0.00498892972246, 0.000310915900627, 3.30276161549e-05, 1.20090508062e-05, 1.78975678864e-05]
    },
    "gfcc": {
        "mean": [-10.0081882477, 115.660636902, -161.702056885, 41.3224906921, -89.5309143066, 12.5512170792, -41.8396949768, -1.90704238415, -17.2807941437, -20.2122135162, -2.46293330193, -24.0381813049, 2.30180287361],
        "cov": [[2834.69799805, -798.71484375, -658.648193359, 19.1310443878, -55.4948654175, 285.269378662, 52.2019386292, 134.074188232, -87.6220550537, 25.5801334381, -122.516403198, 11.9964151382, -80.4071044922], [-798.71484375, 917.561279297, 120.734336853, -194.600097656, 201.89175415, -204.265228271, 128.171981812, -144.721954346, 88.8424377441, -85.3785247803, 51.9553489685, -79.2224960327, 53.9664230347], [-658.648193359, 120.734336853, 550.898742676, 182.228820801, -71.5104446411, -35.7920722961, -84.2808227539, -9.08540058136, -28.8979816437, -33.4091567993, 1.25125896931, -1.51004397869, -25.6035938263], [19.1310443878, -194.600097656, 182.228820801, 347.691070557, 42.665019989, 32.7761688232, -49.0712127686, 39.2597618103, -23.2519626617, -6.09982156754, -34.4134521484, -6.32618761063, -33.1948661804], [-55.4948654175, 201.89175415, -71.5104446411, 42.665019989, 217.589797974, 4.82639837265, 46.8296089172, -30.5729827881, 31.6296825409, -24.8580112457, -16.6378250122, -37.4888343811, 12.0715045929], [285.269378662, -204.265228271, -35.7920722961, 32.7761688232, 4.82639837265, 186.551467896, 32.3634109497, 40.0542449951, -48.9496688843, 0.512643039227, -31.8423137665, -4.44297170639, -37.6597137451], [52.2019386292, 128.171981812, -84.2808227539, -49.0712127686, 46.8296089172, 32.3634109497, 169.353713989, 1.85646724701, -14.7647666931, -18.5404987335, 3.46449708939, -32.2826538086, -21.3845767975], [134.074188232, -144.721954346, -9.08540058136, 39.2597618103, -30.5729827881, 40.0542449951, 1.85646724701, 86.714225769, 10.4342699051, 19.0080947876, -13.1485652924, 7.58603429794, -11.0161342621], [-87.6220550537, 88.8424377441, -28.8979816437, -23.2519626617, 31.6296825409, -48.9496688843, -14.7647666931, 10.4342699051, 102.236549377, 38.0043830872, 19.1070785522, 1.8484402895, 28.6281967163], [25.5801334381, -85.3785247803, -33.4091567993, -6.09982156754, -24.8580112457, 0.512643039227, -18.5404987335, 19.0080947876, 38.0043830872, 86.3280029297, 38.9984321594, 21.1177101135, 2.23478198051], [-122.516403198, 51.9553489685, 1.25125896931, -34.4134521484, -16.6378250122, -31.8423137665, 3.46449708939, -13.1485652924, 19.1070785522, 38.9984321594, 76.3265304565, 29.0184764862, 7.27562046051], [11.9964151382, -79.2224960327, -1.51004397869, -6.32618761063, -37.4888343811, -4.44297170639, -32.2826538086, 7.58603429794, 1.8484402895, 21.1177101135, 29.0184764862, 71.3284835815, 32.677520752], [-80.4071044922, 53.9664230347, -25.6035938263, -33.1948661804, 12.0715045929, -37.6597137451, -21.3845767975, -11.0161342621, 28.6281967163, 2.23478198051, 7.27562046051, 32.677520752, 75.0186080933]],
        "icov": [[0.000771665712819, -0.000316092133289, 0.00136983965058, -0.000690130516887, 0.000833467405755, -0.000742600706872, 0.000343076331774, -0.000270134565653, 0.000217306427658, -0.000129268883029, 0.00115725491196, -0.000799003872089, 0.000924579624552], [-0.000316092133289, 0.0144820511341, -0.00912137236446, 0.00988346338272, -0.012176358141, 0.00869317539036, -0.00913741160184, 0.00689900945872, -0.00796769093722, 0.0101421410218, -0.00951285287738, 0.00958663132042, -0.00527962762862], [0.00136983965058, -0.00912137236446, 0.0104618258774, -0.00880589708686, 0.0101726688445, -0.00623156270012, 0.00687700277194, -0.00363144418225, 0.00446367170662, -0.00394705403596, 0.00563151109964, -0.0059032686986, 0.00480529898778], [-0.000690130516887, 0.00988346338272, -0.00880589708686, 0.0122238295153, -0.0117384456098, 0.00683812936768, -0.00508894305676, 0.00178573571611, -0.00338134798221, 0.00497410958633, -0.00484985625371, 0.00525350822136, -0.00198872177862], [0.000833467405755, -0.012176358141, 0.0101726688445, -0.0117384456098, 0.0192779619247, -0.00972066540271, 0.00598313799128, -0.00131956068799, 0.00182143785059, -0.00511091575027, 0.0075653498061, -0.00476111192256, 0.00225766538642], [-0.000742600706872, 0.00869317539036, -0.00623156270012, 0.00683812936768, -0.00972066540271, 0.0145187405869, -0.00667988834903, 0.000719691102859, -4.0975983211e-06, 0.00256667169742, -0.00204728241079, 0.00318919075653, -0.000361930578947], [0.000343076331774, -0.00913741160184, 0.00687700277194, -0.00508894305676, 0.00598313799128, -0.00667988834903, 0.0146408081055, -0.00691860169172, 0.0067417989485, -0.0037094510626, 0.00161928148009, -0.00206064945087, 0.00415592035279], [-0.000270134565653, 0.00689900945872, -0.00363144418225, 0.00178573571611, -0.00131956068799, 0.000719691102859, -0.00691860169172, 0.0222086794674, -0.0104870134965, 0.00294970418327, 0.000681087141857, 0.000955400930252, -0.000407160550822], [0.000217306427658, -0.00796769093722, 0.00446367170662, -0.00338134798221, 0.00182143785059, -4.0975983211e-06, 0.0067417989485, -0.0104870134965, 0.0242726672441, -0.014584784396, 0.00439467607066, -0.000764134456404, -0.00284312176518], [-0.000129268883029, 0.0101421410218, -0.00394705403596, 0.00497410958633, -0.00511091575027, 0.00256667169742, -0.0037094510626, 0.00294970418327, -0.014584784396, 0.0307930447161, -0.0186454784125, 0.0066806958057, -0.00154732319061], [0.00115725491196, -0.00951285287738, 0.00563151109964, -0.00484985625371, 0.0075653498061, -0.00204728241079, 0.00161928148009, 0.000681087141857, 0.00439467607066, -0.0186454784125, 0.0351171456277, -0.0202359613031, 0.0104633653536], [-0.000799003872089, 0.00958663132042, -0.0059032686986, 0.00525350822136, -0.00476111192256, 0.00318919075653, -0.00206064945087, 0.000955400930252, -0.000764134456404, 0.0066806958057, -0.0202359613031, 0.037064190954, -0.019612621516], [0.000924579624552, -0.00527962762862, 0.00480529898778, -0.00198872177862, 0.00225766538642, -0.000361930578947, 0.00415592035279, -0.000407160550822, -0.00284312176518, -0.00154732319061, 0.0104633653536, -0.019612621516, 0.0281183887273]]
    },
    "melbands": {
        "max": [0.000715296366252, 0.00410107243806, 0.0129657052457, 0.00567762926221, 0.00274389563128, 0.00671198824421, 0.00622358173132, 0.00727321160957, 0.00521732820198, 0.00286460109055, 0.00538814393803, 0.0031835755799, 0.00141663267277, 0.00220509967767, 0.00145958911162, 0.00198522722349, 0.00150080828462, 0.00132809963543, 0.000407767598517, 0.00143158913124, 0.000388327462133, 0.000868137227371, 0.000395012903027, 0.000286438938929, 0.000511019374244, 0.000286444468657, 7.50046747271e-05, 0.000153677363414, 0.000118380819913, 8.39470303617e-05, 0.000101355661172, 6.70786394039e-05, 8.54106328916e-05, 2.43919294007e-05, 5.84070876357e-05, 6.77079442539e-05, 1.00183015093e-05, 1.22605461002e-05, 9.14388147066e-06, 1.14214371933e-05],
        "mean": [6.67259300826e-05, 0.000377797958208, 0.000868765229825, 0.000639810576104, 0.00034116700408, 0.000444714358309, 0.000415072834585, 0.000421709963121, 0.000391626701457, 0.000271592463832, 0.000374487339286, 0.000203011280973, 0.000149940125993, 0.000115040696983, 9.59085155046e-05, 8.73920871527e-05, 7.62951458455e-05, 6.10071365372e-05, 3.90951390727e-05, 3.76085954485e-05, 2.84819489025e-05, 3.65132545994e-05, 1.87155656022e-05, 1.5371822883e-05, 2.37580970861e-05, 1.53933669935e-05, 8.1755397332e-06, 9.94943820842e-06, 7.66285847931e-06, 5.87329077462e-06, 4.15652266383e-06, 3.73414786736e-06, 3.22989217239e-06, 1.67980567767e-06, 2.57511578639e-06, 3.25013593283e-06, 1.09223185518e-06, 8.66200934979e-07, 6.86103817316e-07, 6.19453203399e-07],
        "min": [5.0797024187e-07, 1.59076330419e-06, 2.25082681027e-06, 1.38600598802e-05, 1.5802256712e-06, 1.6615297227e-06, 2.08461619877e-06, 1.4475996295e-06, 2.54325709648e-06, 1.20545996651e-06, 8.57753718719e-07, 3.47005681078e-07, 3.39522586046e-07, 4.50250780659e-07, 1.60748285793e-07, 9.06787605004e-08, 1.38102635105e-07, 1.03140273211e-07, 6.13087181023e-08, 1.07419907636e-07, 3.60708440894e-08, 1.34770292703e-08, 1.83867694403e-08, 9.88992443496e-09, 5.94659788078e-09, 6.90436019468e-09, 7.27593718608e-09, 5.1709414528e-09, 6.35212549227e-09, 3.49533579858e-09, 4.03190059117e-09, 3.16706838532e-09, 1.63119795449e-09, 9.11903441647e-10, 6.99826974149e-10, 1.09794628944e-09, 1.28747179584e-09, 1.29214738909e-09, 9.15260256473e-10, 3.86760873328e-10],
        "stdev": [7.27410442778e-05, 0.000533004640602, 0.00115334417205, 0.00074288691394, 0.000358148070518, 0.000778145040385, 0.000723307370208, 0.000835906306747, 0.000564703834243, 0.000387652136851, 0.000653574243188, 0.000347122346284, 0.000207754288567, 0.000195588931092, 0.000160667754244, 0.000163079457707, 0.000137065479066, 0.000111063585791, 5.55834412808e-05, 7.55495057092e-05, 4.38160604972e-05, 7.70133119659e-05, 2.59435801127e-05, 2.240766662e-05, 3.77972792194e-05, 2.57656538452e-05, 9.6729654615e-06, 1.51552121679e-05, 1.20943504953e-05, 1.01411933429e-05, 7.76654451329e-06, 6.58246335661e-06, 7.00149712429e-06, 2.55997042586e-06, 4.46594822279e-06, 6.08088794252e-06, 1.5663844124e-06, 1.34335255098e-06, 1.01636464933e-06, 1.09098550638e-06]
    },
    "melbands128": {
        "max": [0.000154414141434, 0.00035046870471, 0.000879309431184, 0.00208724406548, 0.00345436809584, 0.00932702980936, 0.0114952865988, 0.0178315769881, 0.0146374553442, 0.00657144188881, 0.00499359285459, 0.00392745062709, 0.00407984154299, 0.00391330802813, 0.00858119130135, 0.0155510976911, 0.0155828548595, 0.00401312950999, 0.00724206492305, 0.0123464530334, 0.0137987695634, 0.00726059312001, 0.00576068414375, 0.0130863133818, 0.00223811483011, 0.0062610488385, 0.00771800754592, 0.0107465079054, 0.0116084124893, 0.0059585548006, 0.00603333581239, 0.00410649878904, 0.00271867890842, 0.00347207277082, 0.00414755567908, 0.0048403465189, 0.00428014062345, 0.00264625460841, 0.00209655496292, 0.00101667561103, 0.00382608151995, 0.005114892032, 0.00100081134588, 0.00352396443486, 0.00232025841251, 0.00167817552574, 0.00102526752744, 0.000692979141604, 0.000683032383677, 0.00199388945475, 0.00218300824054, 0.00124516617507, 0.000469580612844, 0.000431347521953, 0.0018666543765, 0.00114988023415, 0.00238131335936, 0.000363371538697, 0.000222569462494, 0.000511902093422, 0.000529967132024, 0.000352996314177, 0.000569125113543, 0.00100797088817, 0.000662666279823, 0.000440056319349, 0.000364370993339, 0.000157366492203, 9.6105854027e-05, 0.000255705876043, 0.000379306817194, 0.000299403793178, 0.000325517437886, 6.69902874506e-05, 5.89536430198e-05, 0.000125588121591, 0.000157700807904, 0.000229849509196, 0.000145281941514, 6.89389271429e-05, 7.16179420124e-05, 0.000166545316461, 0.000177253910806, 0.00013653957285, 5.29502140125e-05, 5.09702404088e-05, 2.63306974375e-05, 5.66211310797e-05, 3.84263767046e-05, 0.000128558254801, 0.000175742374267, 4.00457392971e-05, 2.56600978901e-05, 1.93328287423e-05, 2.86261038127e-05, 1.61451880558e-05, 2.96558755508e-05, 1.4992967408e-05, 1.72082072822e-05, 9.00386294234e-06, 1.95812517632e-05, 1.22577375805e-05, 8.09017001302e-06, 1.93468463294e-06, 1.32396934305e-07, 6.30633962828e-08, 2.02794794291e-07, 1.5437200318e-07, 1.73022257854e-07, 8.42947756041e-08, 2.3029750551e-08, 4.31782520849e-09, 4.15920853314e-09, 4.01301880615e-09, 3.88902021697e-09, 3.75682640552e-09, 3.65234176236e-09, 3.54419138482e-09, 3.4508751412e-09, 3.35038041754e-09, 3.27768678865e-09, 3.20640269891e-09, 3.15025716624e-09, 3.10562264794e-09, 3.06177860843e-09, 3.01205660413e-09, 2.98513480601e-09, 2.97316149478e-09],
        "mean": [1.48381559484e-05, 3.39836078638e-05, 6.94985792506e-05, 0.000162977608852, 0.000287803879473, 0.00061676785117, 0.000770106620621, 0.000921350205317, 0.00110326637514, 0.000634307041764, 0.000343186140526, 0.00036300465581, 0.000343300198438, 0.000309623079374, 0.000358343560947, 0.000567129813135, 0.000622278545052, 0.000263201043708, 0.000347053282894, 0.000422544922912, 0.000484476564452, 0.000365887070075, 0.000452971842606, 0.00032970320899, 0.00017749381368, 0.000342729937984, 0.000250632932875, 0.000484331074404, 0.000359588681022, 0.000204104260774, 0.000164912242326, 0.000155311674462, 0.000113110887469, 0.000203823903576, 0.000116267074191, 8.11188365333e-05, 0.000122681463836, 0.000101834608358, 8.25145616545e-05, 5.86777023273e-05, 0.000122461424326, 7.47801386751e-05, 4.59138827864e-05, 0.00011211339006, 7.2871305747e-05, 5.1742677897e-05, 4.05293540098e-05, 4.11017717852e-05, 3.54493568011e-05, 3.75921263185e-05, 4.05599894293e-05, 3.9375765482e-05, 1.47903647303e-05, 2.34421022469e-05, 5.74930891162e-05, 3.17059275403e-05, 3.18890633935e-05, 1.76250887307e-05, 1.4003618162e-05, 1.89568363567e-05, 1.57114664034e-05, 1.24170910567e-05, 1.77844267455e-05, 3.20862964145e-05, 2.51775272773e-05, 1.35981481435e-05, 1.14410058814e-05, 7.77297100285e-06, 6.93757920089e-06, 8.64100547915e-06, 9.6456205938e-06, 1.09169350253e-05, 1.15392795124e-05, 6.36037566437e-06, 4.17533465225e-06, 5.90575837123e-06, 6.33076115264e-06, 6.20991522737e-06, 3.41363102052e-06, 2.9823731893e-06, 3.16237515108e-06, 4.49735398433e-06, 3.93567324863e-06, 3.5422426663e-06, 2.0424424747e-06, 2.06522508961e-06, 1.30277533117e-06, 1.4133414652e-06, 1.62480478139e-06, 4.40198800788e-06, 4.93782818012e-06, 2.50751645581e-06, 1.19752030514e-06, 9.9010685517e-07, 1.11514555101e-06, 9.5168985581e-07, 8.420490758e-07, 6.63256912503e-07, 7.01967110217e-07, 6.46863099973e-07, 7.41749261124e-07, 6.78034155044e-07, 4.42212723328e-07, 8.93300580174e-08, 6.43314113091e-09, 8.4079992968e-10, 1.54768386995e-09, 1.57279189672e-09, 1.57926693944e-09, 1.25958932173e-09, 1.31971100714e-10, 1.32819909585e-11, 8.67683268985e-12, 8.29285858733e-12, 8.04532308829e-12, 7.80101764436e-12, 7.50099374974e-12, 7.27200981723e-12, 7.07563304822e-12, 6.88286103459e-12, 6.72379556546e-12, 6.5796287689e-12, 6.44958652457e-12, 6.34018011703e-12, 6.24611907335e-12, 6.16326911382e-12, 6.10964924486e-12, 6.0810172002e-12],
        "min": [2.89591217673e-09, 2.09559317454e-07, 1.78976648613e-07, 4.34148546447e-07, 3.24783457017e-07, 3.93129084841e-07, 6.27580504897e-07, 5.40064547749e-07, 1.37451138471e-06, 3.87967884308e-06, 1.25139672491e-06, 1.35664060963e-06, 8.13091730834e-07, 9.57335942076e-07, 4.26552588806e-07, 6.24915230674e-07, 1.19773346796e-06, 1.36198366363e-07, 3.57394128514e-07, 5.71562964069e-07, 9.08693891688e-07, 9.13235055577e-07, 4.99229031448e-07, 2.85680243906e-07, 5.06681487877e-07, 2.11409378892e-08, 1.91613366951e-07, 1.01961575183e-07, 2.60564064547e-07, 2.77155805861e-07, 2.04454494224e-07, 1.20790033975e-07, 1.52101861772e-07, 2.56097109741e-07, 9.27166752263e-08, 6.32969232583e-08, 8.15486842498e-08, 3.7722880819e-08, 5.69584699406e-08, 7.10738632392e-08, 4.60412010739e-08, 4.00298567627e-08, 3.06575920206e-08, 1.10134351416e-07, 1.87541147056e-08, 4.92437699506e-08, 2.39806379199e-08, 5.21343181958e-08, 2.93331154921e-08, 2.59864112451e-08, 6.05341199389e-08, 5.65470656966e-08, 5.74930636432e-09, 1.32290987054e-08, 2.34924648623e-08, 5.61309754232e-09, 6.81889034126e-09, 1.97318303918e-08, 2.35843362617e-08, 9.25576770783e-09, 3.64860919255e-09, 9.13736641905e-09, 4.88059015424e-09, 3.21185833485e-09, 3.09937764342e-09, 4.77890171879e-09, 4.50207426894e-09, 7.02576263834e-09, 3.06475245182e-09, 5.56020163245e-09, 4.38113945123e-09, 3.40794792386e-09, 4.55179138825e-09, 3.31125593611e-09, 4.1224774705e-09, 3.65216656917e-09, 2.77594325304e-09, 3.49566553481e-09, 2.2624324636e-09, 2.85974421921e-09, 3.37649153082e-09, 1.62666924375e-09, 2.37381581059e-09, 1.47306755682e-09, 9.55571066719e-10, 7.84354137195e-10, 9.07244945836e-10, 9.44802791558e-10, 6.14254092035e-10, 4.74508432546e-10, 7.64649121798e-10, 6.08047001638e-10, 1.34594058121e-09, 1.2923032644e-09, 9.05147956587e-10, 9.65165170008e-10, 1.24201160467e-09, 8.96432317266e-10, 1.02117936329e-09, 5.14627618298e-10, 4.01332356237e-10, 3.92855886711e-10, 9.29358742741e-11, 3.56998736128e-11, 1.14253268305e-11, 8.19847661981e-14, 7.35968903008e-14, 7.34482529592e-14, 6.85942256229e-14, 5.38749817328e-14, 6.52905328543e-14, 6.60269365224e-14, 7.03393371109e-14, 6.41971285159e-14, 6.35286704427e-14, 5.55429793413e-14, 5.54113233162e-14, 5.15475350935e-14, 4.50048730379e-14, 6.49505473818e-14, 4.97201224962e-14, 5.91472061758e-14, 6.21831416654e-14, 6.22434368587e-14, 6.23914304552e-14, 5.61438306327e-14, 6.85788977147e-14, 5.10207720798e-14],
        "stdev": [1.73182543222e-05, 4.03353406e-05, 8.41993460199e-05, 0.000252239668043, 0.000421609642217, 0.00118465966079, 0.00118715246208, 0.00152479589451, 0.00169857882429, 0.000883178494405, 0.000457808346255, 0.00052299950039, 0.000475147709949, 0.000460754614323, 0.000823123264126, 0.00137891958002, 0.00166853191331, 0.000451408530353, 0.000830086879432, 0.00110867002513, 0.00128791120369, 0.000754377280828, 0.000764846627135, 0.000836532912217, 0.000265319045866, 0.000755784334615, 0.000521574169397, 0.00116421247367, 0.000903395703062, 0.000506658689119, 0.000398648175178, 0.000370702851797, 0.000211631617276, 0.000427236373071, 0.000333532283548, 0.000239482251345, 0.000305427558487, 0.000231521524256, 0.000216899163206, 0.000114741706057, 0.000315648474498, 0.00023295354913, 9.96891249088e-05, 0.000305601948639, 0.00016067501565, 0.000146040634718, 8.90320152394e-05, 7.91658894741e-05, 5.85330817557e-05, 0.000108870452095, 0.000105145438283, 8.39769272716e-05, 2.95246591122e-05, 4.87832330691e-05, 0.000165908684721, 8.20797067718e-05, 0.000112870155135, 2.96080870612e-05, 1.8626669771e-05, 4.01144570787e-05, 3.45111402567e-05, 2.49707627518e-05, 3.35163749696e-05, 6.68452194077e-05, 5.21784932062e-05, 3.45502776327e-05, 2.290444354e-05, 1.17196168503e-05, 8.90719275048e-06, 1.6251924535e-05, 2.02640658244e-05, 2.50192115345e-05, 2.94079964078e-05, 8.54534391692e-06, 5.04784111399e-06, 1.27535167849e-05, 1.43191473398e-05, 1.90848895727e-05, 7.16557815394e-06, 4.55550662082e-06, 5.85790712648e-06, 1.1827223716e-05, 1.18268571896e-05, 9.81067569228e-06, 3.69348322238e-06, 4.22012135459e-06, 2.11951646634e-06, 3.53382233698e-06, 2.62830394604e-06, 9.57272004598e-06, 1.11774052129e-05, 4.73423506264e-06, 2.11412407225e-06, 1.89529464478e-06, 2.20499646275e-06, 1.50812161337e-06, 2.01550074053e-06, 1.13379519462e-06, 1.35437801418e-06, 1.07635958102e-06, 1.58330283284e-06, 1.267678158e-06, 7.96151994109e-07, 1.47510448301e-07, 1.15571534565e-08, 3.77330211521e-09, 8.58847304386e-09, 8.49595416241e-09, 8.88415385703e-09, 7.06741687395e-09, 1.06192687976e-09, 1.53516574453e-10, 1.22289789406e-10, 1.17982845715e-10, 1.14321767331e-10, 1.104435432e-10, 1.07282370487e-10, 1.04103489718e-10, 1.01387530316e-10, 9.84373416113e-11, 9.62730867249e-11, 9.41920361153e-11, 9.25019089104e-11, 9.1152300985e-11, 8.98043514552e-11, 8.83804765484e-11, 8.75789024635e-11, 8.72477992631e-11]
    },
    "mfcc": {
        "mean": [-623.555725098, 115.965110779, -9.45148563385, 11.0299015045, -11.4046592712, -4.88624334335, -5.72260856628, -0.884625613689, -6.06893062592, -0.0421590022743, -7.2524523735, -4.44539356232, -7.77522754669],
        "cov": [[3344.50756836, -904.118164062, -635.09552002, -289.613555908, -119.539428711, 86.7200012207, 106.041770935, 121.22870636, 85.1305541992, 47.5390892029, 62.3081207275, -39.8177452087, -38.2283439636], [-904.118164062, 1035.39025879, -103.340385437, -4.02452945709, -22.8875980377, -13.8732404709, -18.5843334198, -49.4349555969, 19.8739871979, -37.55443573, -58.60338974, 50.1339416504, 35.3962898254], [-635.09552002, -103.340385437, 569.864562988, 149.338989258, 44.2690620422, -32.4519119263, -22.4501132965, 1.03196752071, -63.1871452332, -22.8577709198, -14.9021377563, -12.7382316589, -7.10709810257], [-289.613555908, -4.02452945709, 149.338989258, 280.552001953, 103.415405273, 2.43185544014, -10.3873195648, -1.72265017033, 8.78208827972, -9.05755805969, -6.75779819489, 11.5327806473, -8.57717037201], [-119.539428711, -22.8875980377, 44.2690620422, 103.415405273, 186.327362061, 31.9663543701, -39.6714134216, -5.57960414886, 21.8189983368, 8.05408191681, -15.3551883698, -13.330696106, -3.54896998405], [86.7200012207, -13.8732404709, -32.4519119263, 2.43185544014, 31.9663543701, 104.468444824, 64.1102294922, 26.8477535248, 11.6976909637, 6.26380109787, 11.8640861511, -3.95872092247, -14.3394670486], [106.041770935, -18.5843334198, -22.4501132965, -10.3873195648, -39.6714134216, 64.1102294922, 141.646713257, 59.5541915894, 1.94474112988, 2.90336894989, 17.341255188, 2.49324727058, -22.8851337433], [121.22870636, -49.4349555969, 1.03196752071, -1.72265017033, -5.57960414886, 26.8477535248, 59.5541915894, 82.7074890137, 22.2523078918, 0.776222884655, 1.52664589882, -7.19680213928, -13.0872373581], [85.1305541992, 19.8739871979, -63.1871452332, 8.78208827972, 21.8189983368, 11.6976909637, 1.94474112988, 22.2523078918, 84.7341461182, 21.6006736755, -10.5965175629, 3.07034182549, -3.5608189106], [47.5390892029, -37.55443573, -22.8577709198, -9.05755805969, 8.05408191681, 6.26380109787, 2.90336894989, 0.776222884655, 21.6006736755, 73.6684875488, 34.3509521484, -4.89342594147, -9.52374172211], [62.3081207275, -58.60338974, -14.9021377563, -6.75779819489, -15.3551883698, 11.8640861511, 17.341255188, 1.52664589882, -10.5965175629, 34.3509521484, 78.7432632446, 18.6565551758, -10.3959369659], [-39.8177452087, 50.1339416504, -12.7382316589, 11.5327806473, -13.330696106, -3.95872092247, 2.49324727058, -7.19680213928, 3.07034182549, -4.89342594147, 18.6565551758, 79.9938049316, 25.8889350891], [-38.2283439636, 35.3962898254, -7.10709810257, -8.57717037201, -3.54896998405, -14.3394670486, -22.8851337433, -13.0872373581, -3.5608189106, -9.52374172211, -10.3959369659, 25.8889350891, 64.87159729]],
        "icov": [[0.000679321936332, 0.000667701475322, 0.000778955873102, 0.000207057819352, 0.000309853843646, -0.000281964807073, 0.000161929332535, -0.000543169677258, -0.000203114250326, 0.000169766470208, 0.000125784499687, -4.70478917123e-05, 0.000103591293737], [0.000667701475322, 0.00178605411202, 0.000952007598244, 0.000118683288747, 0.000485144963022, -0.000331562798237, -6.43167441012e-05, 0.000303757027723, -0.000456449488411, 0.000319197279168, 0.00114214722998, -0.000806702009868, 5.75467420276e-05], [0.000778955873102, 0.000952007598244, 0.00335645209998, -0.00111231382471, 0.000320700608427, 0.000223703245865, 0.000584927620366, -0.0016428262461, 0.00211765128188, -0.000220584624913, 0.0010103834793, -6.72968890285e-05, 0.000374782277504], [0.000207057819352, 0.000118683288747, -0.00111231382471, 0.00567877199501, -0.00327706616372, 0.00132793514058, -0.00147636560723, 0.00075114594074, -0.00149946543388, 0.00136715837289, -0.000675322313327, -0.00135284417775, 0.000981269171461], [0.000309853843646, 0.000485144963022, 0.000320700608427, -0.00327706616372, 0.00994852092117, -0.00613934546709, 0.0055621555075, -0.00132606050465, -0.000680182944052, -0.00170110329054, 0.00202228757553, 0.000853836536407, 9.7857991932e-05], [-0.000281964807073, -0.000331562798237, 0.000223703245865, 0.00132793514058, -0.00613934546709, 0.0176974143833, -0.00983574334532, 0.0016725162277, -0.00145279162098, 0.00153270678129, -0.00270598195493, 0.00101304450072, -3.41843879141e-05], [0.000161929332535, -6.43167441012e-05, 0.000584927620366, -0.00147636560723, 0.0055621555075, -0.00983574334532, 0.0175448451191, -0.00991684757173, 0.00323302159086, -0.00147577351891, 0.000666930282023, -0.00196828902699, 0.00317151355557], [-0.000543169677258, 0.000303757027723, -0.0016428262461, 0.00075114594074, -0.00132606050465, 0.0016725162277, -0.00991684757173, 0.0216640923172, -0.00718594249338, 0.0029997639358, -0.00117521756329, 0.0021515917033, -0.000398272386519], [-0.000203114250326, -0.000456449488411, 0.00211765128188, -0.00149946543388, -0.000680182944052, -0.00145279162098, 0.00323302159086, -0.00718594249338, 0.0192615948617, -0.00838550832123, 0.00698540313169, -0.00369571824558, 0.00191613170318], [0.000169766470208, 0.000319197279168, -0.000220584624913, 0.00136715837289, -0.00170110329054, 0.00153270678129, -0.00147577351891, 0.0029997639358, -0.00838550832123, 0.0220838822424, -0.0119796367362, 0.00438038259745, -0.000473313062685], [0.000125784499687, 0.00114214722998, 0.0010103834793, -0.000675322313327, 0.00202228757553, -0.00270598195493, 0.000666930282023, -0.00117521756329, 0.00698540313169, -0.0119796367362, 0.022954730317, -0.00814064219594, 0.0045350776054], [-4.70478917123e-05, -0.000806702009868, -6.72968890285e-05, -0.00135284417775, 0.000853836536407, 0.00101304450072, -0.00196828902699, 0.0021515917033, -0.00369571824558, 0.00438038259745, -0.00814064219594, 0.0185181330889, -0.00801802426577], [0.000103591293737, 5.75467420276e-05, 0.000374782277504, 0.000981269171461, 9.7857991932e-05, -3.41843879141e-05, 0.00317151355557, -0.000398272386519, 0.00191613170318, -0.000473313062685, 0.0045350776054, -0.00801802426577, 0.0206140819937]]
    },
    "spectral_contrast_coeffs": {
        "max": [-0.447613894939, -0.448586255312, -0.502833604813, -0.635167956352, -0.66123944521, -0.653201401234],
        "mean": [-0.661276161671, -0.742514312267, -0.748919069767, -0.787849009037, -0.793108701706, -0.758542656898],
        "min": [-0.8328525424, -0.911289095879, -0.893108725548, -0.890039503574, -0.882144868374, -0.852653324604],
        "stdev": [0.067067950964, 0.0795595943928, 0.067070402205, 0.0492915846407, 0.0382106266916, 0.0306364446878]
    },
    "spectral_contrast_valleys": {
        "max": [-5.44553089142, -4.81116199493, -5.43991136551, -5.84291124344, -6.01317834854, -8.30892086029],
        "mean": [-7.05702400208, -6.37518405914, -6.97689771652, -7.38232040405, -7.28971195221, -10.0762720108],
        "min": [-8.85565376282, -8.1104593277, -9.20000648499, -10.113866806, -10.2564668655, -13.0056180954],
        "stdev": [0.569077908993, 0.5395373106, 0.674965322018, 0.696052849293, 0.637109279633, 0.759502708912]
    }
},
"rhythm": {
    "beats_count": 44,
    "beats_loudness": {
        "max": 0.0668220371008,
        "mean": 0.0294329412282,
        "min": 0.0039989692159,
        "stdev": 0.0141560556367
    },
    "bpm": 91.2078857422,
    "bpm_histogram_first_peak_bpm": 92,
    "bpm_histogram_first_peak_weight": 0.309523820877,
    "bpm_histogram_second_peak_bpm": 98,
    "bpm_histogram_second_peak_spread": 0,
    "bpm_histogram_second_peak_weight": 0.0232558138669,
    "danceability": 1.1594260931,
    "onset_rate": 4.58409929276,
    "beats_loudness_band_ratio": {
        "max": [0.760140001774, 0.798427343369, 0.745785415173, 0.666830897331, 0.336508274078, 0.379474312067],
        "mean": [0.151486217976, 0.184000983834, 0.331734538078, 0.2037640661, 0.097889855504, 0.105758622289],
        "min": [0.00957311596721, 0.0212239660323, 0.0765539109707, 0.0397297479212, 0.00731022376567, 0.00347419339232],
        "stdev": [0.156510278583, 0.13915245235, 0.18359772861, 0.127171680331, 0.0757363289595, 0.0967046096921]
    },
    "beats_position": [0.615328788757, 1.23065757751, 1.8575963974, 2.50775504112, 3.16952371597, 3.83129239082, 4.5046710968, 5.17804956436, 5.85142850876, 6.52480697632, 7.19818592072, 7.84834432602, 8.498503685, 9.14866161346, 9.79882049561, 10.4489793777, 11.0759181976, 11.7376871109, 12.3994560242, 13.0496139526, 13.6881628036, 14.3267116547, 14.9768705368, 15.6270294189, 16.2887973785, 16.9273471832, 17.5891151428, 18.2624931335, 18.9358730316, 19.5976409912, 20.247800827, 20.9095687866, 21.5597267151, 22.221496582, 22.8716545105, 23.5218143463, 24.1835823059, 24.8453502655, 25.4955101013, 26.1456680298, 26.8074378967, 27.4692058563, 28.142583847, 28.804353714],
