{
"metadata": {
    "version": {
        "essentia": "2.1-beta5",
        "essentia_git_sha": "Undefined",
        "extractor": "music 2.0"
    },
    "audio_properties": {
        "analysis": {
            "equal_loudness": 0,
            "length": 48.7502937317,
            "sample_rate": 44100,
            "start_time": 126.490699768,
            "downmix": "mix"
        },
        "bit_rate": 192000,
        "length": 197.160980225,
        "lossless": 0,
        "number_channels": 2,
        "replay_gain": -8.2363243103,
        "sample_rate": 48000,
        "codec": "mp3",
        "md5_encoded": "df3cead179528426bc86a56ed810c82f"
    },
    "tags": {
        "file_name": "France_Un Jour, Un Enfant_Frida Boccara.mp3",
        "encoding": ["Lavf58.29.100"]
    }
},
"lowlevel": {
    "average_loudness": 0.907601773739,
    "barkbands_crest": {
        "max": 23.1778659821,
        "mean": 9.25530529022,
        "min": 3.07184672356,
        "stdev": 3.60780620575
    },
    "barkbands_flatness_db": {
        "max": 0.317463517189,
        "mean": 0.188700661063,
        "min": 0.102711305022,
        "stdev": 0.0280165113509
    },
    "barkbands_kurtosis": {
        "max": 31.0208320618,
        "mean": 0.678405761719,
        "min": -1.77189040184,
        "stdev": 2.1036491394
    },
    "barkbands_skewness": {
        "max": 4.94987249374,
        "mean": 0.541070461273,
        "min": -1.78861629963,
        "stdev": 0.779336810112
    },
    "barkbands_spread": {
        "max": 35.4566001892,
        "mean": 14.5063934326,
        "min": 2.41166567802,
        "stdev": 5.49492788315
    },
    "dissonance": {
        "max": 0.499698638916,
        "mean": 0.454869627953,
        "min": 0.264694720507,
        "stdev": 0.029636785388
    },
    "dynamic_complexity": 2.67240643501,
    "erbbands_crest": {
        "max": 29.839679718,
        "mean": 10.4460639954,
        "min": 3.31699633598,
        "stdev": 4.62082958221
    },
    "erbbands_flatness_db": {
        "max": 0.370038837194,
        "mean": 0.260163336992,
        "min": 0.142945542932,
        "stdev": 0.028793502599
    },
    "erbbands_kurtosis": {
        "max": 14.7941608429,
        "mean": 0.390954524279,
        "min": -1.83201873302,
        "stdev": 1.72587168217
    },
    "erbbands_skewness": {
        "max": 2.63401055336,
        "mean": 0.0266059190035,
        "min": -2.76030826569,
        "stdev": 0.603567838669
    },
    "erbbands_spread": {
        "max": 69.5011444092,
        "mean": 21.5457115173,
        "min": 3.05295681953,
        "stdev": 9.45866203308
    },
    "hfc": {
        "max": 87.4518814087,
        "mean": 24.9063987732,
        "min": 0.0757639557123,
        "stdev": 16.8445911407
    },
    "loudness_ebu128": {
        "integrated": -15.1605243683,
        "loudness_range": 4.42805099487,
        "momentary": {
            "max": -12.0861911774,
            "mean": -15.909277916,
            "min": -27.0985946655,
            "stdev": 2.77372932434
        },
        "short_term": {
            "max": -12.6770982742,
            "mean": -15.4665031433,
            "min": -22.1097126007,
            "stdev": 1.7040309906
        }
    },
    "melbands_crest": {
        "max": 27.125043869,
        "mean": 10.9405384064,
        "min": 3.22371315956,
        "stdev": 3.90802431107
    },
    "melbands_flatness_db": {
        "max": 0.37936720252,
        "mean": 0.219453379512,
        "min": 0.117207318544,
        "stdev": 0.0343946255744
    },
    "melbands_kurtosis": {
        "max": 34.6342201233,
        "mean": 2.07683467865,
        "min": -1.5782763958,
        "stdev": 3.45272874832
    },
    "melbands_skewness": {
        "max": 5.13685369492,
        "mean": 1.02767896652,
        "min": -1.6515712738,
        "stdev": 0.924655914307
    },
    "melbands_spread": {
        "max": 59.0652008057,
        "mean": 23.5994167328,
        "min": 2.96176481247,
        "stdev": 9.12172985077
    },
    "pitch_salience": {
        "max": 0.866571247578,
        "mean": 0.58595842123,
        "min": 0.222718074918,
        "stdev": 0.100233778358
    },
    "silence_rate_20dB": {
        "max": 1,
        "mean": 1,
        "min": 1,
        "stdev": 0
    },
    "silence_rate_30dB": {
        "max": 1,
        "mean": 1,
        "min": 1,
        "stdev": 0
    },
    "silence_rate_60dB": {
        "max": 1,
        "mean": 0.0285578295588,
        "min": 0,
        "stdev": 0.166561722755
    },
    "spectral_centroid": {
        "max": 2555.39990234,
        "mean": 1255.9473877,
        "min": 373.171722412,
        "stdev": 366.561859131
    },
    "spectral_complexity": {
        "max": 37,
        "mean": 21.3417415619,
        "min": 0,
        "stdev": 6.01834487915
    },
    "spectral_decrease": {
        "max": -1.10290891003e-11,
        "mean": -6.51898401927e-09,
        "min": -1.81974453284e-08,
        "stdev": 3.72578057295e-09
    },
    "spectral_energy": {
        "max": 0.0759375318885,
        "mean": 0.0268632229418,
        "min": 4.84984848299e-05,
        "stdev": 0.0154405813664
    },
    "spectral_energyband_high": {
        "max": 0.000787926779594,
        "mean": 8.32137375255e-05,
        "min": 2.6554155852e-07,
        "stdev": 9.47718290263e-05
    },
    "spectral_energyband_low": {
        "max": 0.0104691339657,
        "mean": 0.00121233600657,
        "min": 2.0794093416e-06,
        "stdev": 0.00136825884692
    },
    "spectral_energyband_middle_high": {
        "max": 0.071304358542,
        "mean": 0.0141003699973,
        "min": 3.92523143091e-05,
        "stdev": 0.0133439917117
    },
    "spectral_energyband_middle_low": {
        "max": 0.0644849389791,
        "mean": 0.0122922183946,
        "min": 7.34554259907e-06,
        "stdev": 0.00835254974663
    },
    "spectral_entropy": {
        "max": 7.81303739548,
        "mean": 7.06266736984,
        "min": 5.9276971817,
        "stdev": 0.234258890152
    },
    "spectral_flux": {
        "max": 0.227356389165,
        "mean": 0.0810969471931,
        "min": 0.00954909529537,
        "stdev": 0.0336731001735
    },
    "spectral_kurtosis": {
        "max": 51.6261482239,
        "mean": 9.71112251282,
        "min": 0.584218740463,
        "stdev": 5.18602657318
    },
    "spectral_rms": {
        "max": 0.00860728695989,
        "mean": 0.00487104104832,
        "min": 0.000217521475861,
        "stdev": 0.00157509930432
    },
    "spectral_rolloff": {
        "max": 3208.44726562,
        "mean": 1496.96655273,
        "min": 322.998046875,
        "stdev": 491.480743408
    },
    "spectral_skewness": {
        "max": 5.36623811722,
        "mean": 1.84903681278,
        "min": 0.651345193386,
        "stdev": 0.516466975212
    },
    "spectral_spread": {
        "max": 4981228,
        "mean": 2191022.25,
        "min": 1258526.625,
        "stdev": 317043.90625
    },
    "spectral_strongpeak": {
        "max": 11.3034687042,
        "mean": 2.27423596382,
        "min": 0.0176430903375,
        "stdev": 2.13490891457
    },
    "zerocrossingrate": {
        "max": 0.09130859375,
        "mean": 0.0517038963735,
        "min": 0.01806640625,
        "stdev": 0.0123517559841
    },
    "barkbands": {
        "max": [0.000130337197334, 0.00247289589606, 0.00468767480925, 0.0125599550083, 0.0202565845102, 0.0402251966298, 0.0335850715637, 0.0386264361441, 0.0391255989671, 0.0387625657022, 0.0574990138412, 0.0618225187063, 0.0295307338238, 0.0323180370033, 0.021974330768, 0.0110591202974, 0.0117557002231, 0.00549392867833, 0.00501834508032, 0.00156829145271, 0.00020522972045, 0.000135189737193, 0.000195453991182, 8.42521258164e-05, 5.28434611624e-05, 4.38845916051e-07, 1.75024741367e-08],
        "mean": [1.37391198223e-05, 0.000202569412068, 0.000553632155061, 0.000976361974608, 0.00285801058635, 0.00342618743889, 0.0018120497698, 0.00120258738752, 0.00143663294148, 0.00247587030753, 0.00345881655812, 0.00159440678544, 0.00239342032, 0.00164104287978, 0.000697715266142, 0.000626194581855, 0.00046266883146, 0.000440828414867, 0.000414668553276, 0.000145887199324, 1.39326321005e-05, 7.34781406209e-06, 3.92430729335e-06, 3.65026767213e-06, 1.04503817511e-06, 5.22331973229e-08, 8.92238782857e-10],
        "min": [5.97411329295e-08, 1.02272235836e-06, 4.91029823024e-07, 6.71362442972e-07, 1.66160089066e-06, 1.06811121725e-07, 9.16564772524e-07, 7.13305269073e-07, 2.42483247348e-06, 2.07296216104e-06, 1.03729655621e-06, 3.9939313865e-06, 2.89074387183e-06, 3.16429668601e-06, 1.90511411802e-06, 1.6115291146e-06, 9.27835117182e-07, 5.50064726212e-07, 3.5668244891e-07, 1.111751331e-07, 7.92955177076e-08, 5.99933258627e-08, 2.2400303834e-08, 4.28810160713e-08, 7.39181960085e-09, 1.82091466905e-10, 2.32268041606e-11],
        "stdev": [1.48097151396e-05, 0.000235026294831, 0.000728368759155, 0.00145938200876, 0.00288481381722, 0.00424804212525, 0.00358456955291, 0.00257206172682, 0.0023839790374, 0.00481838267297, 0.00745417643338, 0.00369036430493, 0.00437814975157, 0.00375394755974, 0.00129152601585, 0.00106388970744, 0.000647824897896, 0.000553924124688, 0.000510742305778, 0.000184570701094, 1.67188354681e-05, 8.76953436091e-06, 8.53062192618e-06, 5.50252661924e-06, 1.95862094188e-06, 4.8538957742e-08, 1.40283162864e-09]
    },
    "erbbands": {
        "max": [0.0511682890356, 0.671933174133, 3.61294651031, 25.8016433716, 61.8696632385, 90.2906112671, 279.659637451, 472.531097412, 627.501831055, 727.844055176, 966.794250488, 1098.07543945, 1370.92236328, 1372.328125, 1161.78051758, 2714.06396484, 1257.32519531, 1735.12744141, 944.615600586, 995.635437012, 575.236877441, 542.51159668, 306.589508057, 326.48526001, 107.141693115, 76.8078308105, 12.6231584549, 6.82356357574, 5.06332921982, 6.74435901642, 5.31613349915, 2.31812214851, 1.29385876656, 0.990942895412, 0.0807835385203, 0.0031320087146, 0.00121022085659, 5.38298227184e-05, 4.32462984463e-05, 9.14794800337e-05],
        "mean": [0.00414000404999, 0.0585944764316, 0.489138364792, 2.19023704529, 6.21021175385, 9.49352741241, 21.9562320709, 27.7312469482, 26.4643516541, 23.2932872772, 30.7294044495, 32.60572052, 61.472820282, 126.038597107, 85.892036438, 68.7497787476, 99.2376251221, 91.4695663452, 58.3674049377, 36.5652275085, 31.3105335236, 29.3856182098, 27.7526702881, 27.6351089478, 10.5200710297, 6.25319337845, 1.48404181004, 0.437435656786, 0.290150016546, 0.173604205251, 0.10427685082, 0.0721476897597, 0.0626005977392, 0.0224139075726, 0.00215544481762, 0.000457614223706, 6.62054299028e-05, 6.81314440953e-06, 1.4974354599e-05, 3.21307634294e-05],
        "min": [1.86233555723e-05, 0.000206644355785, 0.000551424105652, 0.00146229343954, 0.00462471880019, 0.00576856127009, 0.00189811410382, 0.00114432699047, 0.00607725558802, 0.0245122611523, 0.0118528082967, 0.0516190119088, 0.0916869565845, 0.0812757462263, 0.0577527806163, 0.202819645405, 0.23239697516, 0.290654093027, 0.176293283701, 0.229589983821, 0.156208172441, 0.0687698721886, 0.0498319603503, 0.0253286845982, 0.013454971835, 0.00563931604847, 0.00411239080131, 0.00274846563116, 0.00193524628412, 0.000907814363018, 0.000787622004282, 0.000910607341211, 0.00060356449103, 0.000138159928611, 4.11232904298e-05, 1.74842607521e-05, 1.24641360344e-06, 1.79227058084e-07, 3.24267972474e-07, 1.2180798592e-07],
        "stdev": [0.00496673444286, 0.0664268285036, 0.568795323372, 3.00203561783, 7.59331512451, 10.8761463165, 29.7846813202, 37.3247337341, 45.865562439, 54.9226150513, 60.0448684692, 52.7762145996, 114.97215271, 231.147003174, 136.882858276, 156.371871948, 176.175949097, 175.31161499, 92.4768600464, 61.4383811951, 47.5990562439, 38.340221405, 32.9514007568, 31.5302429199, 11.4881372452, 8.21751022339, 1.56165492535, 0.518665850163, 0.344715833664, 0.29659357667, 0.224594503641, 0.127233207226, 0.101178519428, 0.0394933968782, 0.00326155265793, 0.000383904814953, 7.54144639359e-05, 5.19261402587e-06, 8.65203946887e-06, 1.8560078388e-05]
    },
    "gfcc": {
        "mean": [-40.7561187744, 155.350082397, -182.620849609, 13.4620733261, -54.2774047852, -6.81173419952, -40.2834091187, -6.93584537506, -22.6790409088, -21.7703113556, 4.5457611084, -16.294128418, 2.24642920494],
        "cov": [[1598.14440918, -78.6853561401, -244.812850952, 15.0772762299, 122.746810913, -27.1745758057, 171.411987305, -10.2171649933, -148.859436035, 13.1625709534, 57.7260093689, -39.2138595581, -50.6534347534], [-78.6853561401, 319.903717041, 160.797653198, -43.6447143555, 10.130692482, -43.100025177, 7.82594394684, -54.3249168396, 43.4564476013, -31.0240688324, -10.9879817963, 8.07672405243, -12.4041080475], [-244.812850952, 160.797653198, 232.83480835, 71.99168396, -37.0222930908, -36.7082443237, -53.7079391479, -15.1033258438, 19.0015201569, -28.7455310822, -20.6154747009, -7.73897695541, 9.40323543549], [15.0772762299, -43.6447143555, 71.99168396, 202.589080811, 23.4213752747, -20.5894203186, -56.5689353943, 8.0205116272, 5.46626663208, -5.11949491501, -7.86911201477, -5.01889896393, 13.0101394653], [122.746810913, 10.130692482, -37.0222930908, 23.4213752747, 115.324180603, 37.3279495239, 18.7572956085, -9.61830234528, -13.6449327469, 5.52690219879, 9.22906017303, 11.2797317505, -3.39559698105], [-27.1745758057, -43.100025177, -36.7082443237, -20.5894203186, 37.3279495239, 146.571807861, 54.1980323792, -24.0755443573, -9.74257946014, 1.39445114136, -0.510496079922, 15.1643009186, -8.34644889832], [171.411987305, 7.82594394684, -53.7079391479, -56.5689353943, 18.7572956085, 54.1980323792, 159.05796814, -4.32194566727, -65.2862930298, 1.12806904316, 27.9376544952, 11.3872175217, -36.9067840576], [-10.2171649933, -54.3249168396, -15.1033258438, 8.0205116272, -9.61830234528, -24.0755443573, -4.32194566727, 104.524002075, 26.4146270752, 11.77460289, 4.26731300354, -23.4009075165, 9.5179901123], [-148.859436035, 43.4564476013, 19.0015201569, 5.46626663208, -13.6449327469, -9.74257946014, -65.2862930298, 26.4146270752, 121.952903748, 17.1258411407, -16.9426116943, 9.70905017853, 16.4558353424], [13.1625709534, -31.0240688324, -28.7455310822, -5.11949491501, 5.52690219879, 1.39445114136, 1.12806904316, 11.77460289, 17.1258411407, 65.2191162109, 30.5017223358, -4.28834915161, -5.91558456421], [57.7260093689, -10.9879817963, -20.6154747009, -7.86911201477, 9.22906017303, -0.510496079922, 27.9376544952, 4.26731300354, -16.9426116943, 30.5017223358, 67.6772918701, 20.2455635071, -7.94069862366], [-39.2138595581, 8.07672405243, -7.73897695541, -5.01889896393, 11.2797317505, 15.1643009186, 11.3872175217, -23.4009075165, 9.70905017853, -4.28834915161, 20.2455635071, 84.0740356445, 19.1982841492], [-50.6534347534, -12.4041080475, 9.40323543549, 13.0101394653, -3.39559698105, -8.34644889832, -36.9067840576, 9.5179901123, 16.4558353424, -5.91558456421, -7.94069862366, 19.1982841492, 72.3621063232]],
        "icov": [[0.00111033930443, -0.000935647112783, 0.00197751377709, -0.00109371717554, -0.000252859230386, 0.00055794097716, -0.000662556325551, 1.40700121847e-05, 0.000995352980681, 6.8617897341e-05, -0.000346487620845, 0.000767553283367, -0.00019316757971], [-0.000935647112783, 0.0202227178961, -0.017865665257, 0.0102543504909, -0.0115882186219, 0.01000817772, -0.0108668440953, 0.0125510329381, -0.0171337462962, 0.00822550151497, -0.00432375818491, 0.00485379947349, -0.000486594537506], [0.00197751377709, -0.017865665257, 0.022978508845, -0.0118604609743, 0.0112902605906, -0.00711950380355, 0.0087073603645, -0.00881866645068, 0.0140652181581, -0.00403134990484, 0.00242911279202, -0.00226003676653, 0.000115811446449], [-0.00109371717554, 0.0102543504909, -0.0118604609743, 0.0122268442065, -0.00773578090593, 0.00446676136926, -0.00222765980288, 0.00457347789779, -0.00717705860734, 0.00329784117639, -0.00152276526205, 0.00128053734079, 0.000144473859109], [-0.000252859230386, -0.0115882186219, 0.0112902605906, -0.00773578090593, 0.0180109273642, -0.0087778037414, 0.00687591917813, -0.00700051663443, 0.0102152004838, -0.00522970501333, 0.00222193822265, -0.00426935451105, 0.000646661268547], [0.00055794097716, 0.01000817772, -0.00711950380355, 0.00446676136926, -0.0087778037414, 0.0151323601604, -0.0102399494499, 0.00904386211187, -0.00994887389243, 0.00393587490544, -0.000859190360643, 0.00308854342438, -0.00118000106886], [-0.000662556325551, -0.0108668440953, 0.0087073603645, -0.00222765980288, 0.00687591917813, -0.0102399494499, 0.0200729425997, -0.0107258222997, 0.0154728693888, -0.00480746338144, 0.00141672755126, -0.00708678131923, 0.00585656100884], [1.40700121847e-05, 0.0125510329381, -0.00881866645068, 0.00457347789779, -0.00700051663443, 0.00904386211187, -0.0107258222997, 0.021502468735, -0.0157120451331, 0.00643756985664, -0.00624441634864, 0.0096219656989, -0.00423780735582], [0.000995352980681, -0.0171337462962, 0.0140652181581, -0.00717705860734, 0.0102152004838, -0.00994887389243, 0.0154728693888, -0.0157120451331, 0.0293917842209, -0.0134825427085, 0.00968077871948, -0.0100416997448, 0.00245276303031], [6.8617897341e-05, 0.00822550151497, -0.00403134990484, 0.00329784117639, -0.00522970501333, 0.00393587490544, -0.00480746338144, 0.00643756985664, -0.0134825427085, 0.0285760834813, -0.0160656273365, 0.00845524854958, -0.000305240828311], [-0.000346487620845, -0.00432375818491, 0.00242911279202, -0.00152276526205, 0.00222193822265, -0.000859190360643, 0.00141672755126, -0.00624441634864, 0.00968077871948, -0.0160656273365, 0.0277278199792, -0.0109778670594, 0.00296388659626], [0.000767553283367, 0.00485379947349, -0.00226003676653, 0.00128053734079, -0.00426935451105, 0.00308854342438, -0.00708678131923, 0.0096219656989, -0.0100416997448, 0.00845524854958, -0.0109778670594, 0.0211726613343, -0.00713855912909], [-0.00019316757971, -0.000486594537506, 0.000115811446449, 0.000144473859109, 0.000646661268547, -0.00118000106886, 0.00585656100884, -0.00423780735582, 0.00245276303031, -0.000305240828311, 0.00296388659626, -0.00713855912909, 0.0186348315328]]
    },
    "melbands": {
        "max": [0.000521643494722, 0.00130721379537, 0.0049132197164, 0.00496219377965, 0.00795561168343, 0.00930928159505, 0.00839168857783, 0.00657496834174, 0.00752112641931, 0.00751623744145, 0.00701496563852, 0.00577638065442, 0.00580723816529, 0.00366482441314, 0.00672894762829, 0.00378410890698, 0.00392002752051, 0.00210804818198, 0.0023806116078, 0.000917405239306, 0.000664086895995, 0.000776904867962, 0.000421589327743, 0.00024597538868, 0.000331523770001, 0.000172625659616, 8.00464695203e-05, 4.09243439208e-05, 1.38276000143e-05, 5.61406568522e-06, 3.40670089827e-06, 3.39098642144e-06, 3.17249919135e-06, 3.94639891965e-06, 3.38037466463e-06, 3.24920415551e-06, 1.52268364673e-06, 1.10434177714e-06, 1.1993777207e-06, 7.08057825705e-07],
        "mean": [4.67991194455e-05, 0.00020988547476, 0.000490448379423, 0.000570595206227, 0.000696358270943, 0.000632609182503, 0.000389720196836, 0.000248794560321, 0.000262008485151, 0.000197647983441, 0.000313967117108, 0.000506461423356, 0.000360510166502, 0.000169854611158, 0.000187724479474, 0.000253496866208, 0.000163687713211, 0.000107180239866, 5.5347201851e-05, 4.76857385365e-05, 3.11016083288e-05, 3.04000950564e-05, 2.5894252758e-05, 2.01071143238e-05, 2.42983642238e-05, 1.02541716842e-05, 6.06889125265e-06, 3.63790627489e-06, 1.13864689411e-06, 3.18028611446e-07, 2.07917963735e-07, 1.73167364892e-07, 1.16008088469e-07, 8.63699796128e-08, 5.97380847012e-08, 5.04234236587e-08, 4.17999395097e-08, 4.58370088552e-08, 3.62973935353e-08, 1.29820243444e-08],
        "min": [3.32531101321e-07, 2.86079966827e-07, 3.46366675785e-07, 4.03084726486e-07, 1.00993993613e-07, 2.16267519448e-08, 1.21573592082e-07, 2.61459291551e-07, 9.41359061812e-08, 3.65270238945e-07, 3.25015918179e-07, 3.66732933799e-07, 1.6213587628e-07, 2.96837015412e-07, 2.97218150536e-07, 3.31191330361e-07, 2.34870256577e-07, 1.86778450484e-07, 1.70937937582e-07, 2.19669814783e-07, 9.06277151103e-08, 5.37708046977e-08, 5.27451859966e-08, 2.59280579229e-08, 1.93149922723e-08, 8.5046059084e-09, 6.02707661557e-09, 3.1451246052e-09, 2.64243338322e-09, 1.47982825993e-09, 1.75415693082e-09, 1.19624787853e-09, 8.55020332313e-10, 3.43652883927e-10, 4.58577703588e-10, 4.82994311213e-10, 5.57318913241e-10, 4.15280337895e-10, 2.74536893219e-10, 7.43205913478e-11],
        "stdev": [5.41312656424e-05, 0.000228144985158, 0.000553746824153, 0.000639006786514, 0.000847380200867, 0.000804995244835, 0.000696030270774, 0.000557186198421, 0.000501357193571, 0.000353824987542, 0.000621429935563, 0.000904119340703, 0.000720782496501, 0.000282270106254, 0.000502159062307, 0.000527523981873, 0.000381562625989, 0.000204668744118, 0.000120224874991, 8.5453306383e-05, 4.96385546285e-05, 4.6422577725e-05, 3.26239460264e-05, 2.55911290878e-05, 3.03304095723e-05, 1.38881505336e-05, 8.25679217087e-06, 5.30763509232e-06, 1.3763633433e-06, 4.14125395309e-07, 2.7185046747e-07, 2.12525975485e-07, 1.71000223759e-07, 1.6781562806e-07, 1.3209275096e-07, 1.18757803591e-07, 6.93468606983e-08, 7.35191036938e-08, 6.89319392677e-08, 2.46819809036e-08]
    },
    "melbands128": {
        "max": [0.000128296320327, 0.000341905571986, 0.000891069998033, 0.0014145639725, 0.0018409936456, 0.00298197823577, 0.00624592509121, 0.00898227188736, 0.00719750160351, 0.00669147446752, 0.00605630548671, 0.00658995937556, 0.0141991330311, 0.0120110642165, 0.0163819659501, 0.020457867533, 0.0205096360296, 0.013680412434, 0.0127926757559, 0.0127205774188, 0.00945463310927, 0.0142280198634, 0.0138590633869, 0.00874124187976, 0.00744390487671, 0.0134936235845, 0.010180731304, 0.0133709274232, 0.0131813082844, 0.00933751743287, 0.0103576835245, 0.0191927868873, 0.00612702732906, 0.00583677366376, 0.00655856076628, 0.00398913724348, 0.0159483719617, 0.0136648314074, 0.00712581118569, 0.0064199892804, 0.00807806383818, 0.00358060281724, 0.00699520390481, 0.00722288386896, 0.00646263780072, 0.00298058474436, 0.0020462567918, 0.00449943263084, 0.00331599125639, 0.00284928036854, 0.00197928096168, 0.0020885032136, 0.000711057859007, 0.000481801689602, 0.00220690434799, 0.0016476494493, 0.000823360809591, 0.000596319674514, 0.00108352396637, 0.000484315212816, 0.000468891288619, 0.000418554409407, 0.000381392659619, 0.000608497764915, 0.000666423758958, 0.000170825253008, 7.68806421547e-05, 0.00016408416559, 0.000147973783896, 0.000174835004145, 8.14568702481e-05, 8.00238049123e-05, 3.67600405298e-05, 2.26156898862e-05, 8.39888525661e-06, 6.73594422551e-06, 6.75456749377e-06, 6.30329122941e-06, 4.03200101573e-06, 3.09026290779e-06, 5.59752879781e-06, 4.13607949667e-06, 2.57739725384e-06, 3.93252230424e-06, 4.43980616183e-06, 5.26417943547e-06, 4.82113864564e-06, 2.72100373877e-06, 3.91163666791e-06, 2.90126854452e-06, 5.25652239958e-06, 3.50925506609e-06, 1.46783202126e-06, 2.71943031294e-06, 1.25028327602e-06, 1.32979334921e-06, 1.43763793403e-06, 1.1198054608e-06, 1.64032383054e-06, 1.30032412926e-06, 9.90248622657e-07, 6.79920560742e-07, 3.14581598104e-07, 8.73308110272e-08, 2.14643449681e-08, 1.49996317589e-08, 8.0029689542e-09, 1.1499381003e-08, 8.65475513478e-09, 1.15324221284e-08, 5.24375876054e-09, 1.04941779711e-08, 4.58044002727e-09, 1.60027435747e-09, 3.28592653087e-10, 3.59684698692e-10, 8.83022613363e-11, 8.17265977116e-11, 7.94620688693e-11, 7.73494254758e-11, 7.55313589451e-11, 7.38380606657e-11, 7.24018345277e-11, 7.11475253712e-11, 7.00919669527e-11, 6.92264023883e-11, 6.85769219189e-11, 6.82064196789e-11],
        "mean": [1.0386645954e-05, 2.63564634224e-05, 5.57360253879e-05, 9.71511617536e-05, 0.000181786526809, 0.000303266453557, 0.000418180163251, 0.000512710772455, 0.000660295423586, 0.000604246801231, 0.000482576171635, 0.000524404866155, 0.000767016143072, 0.000913563533686, 0.000689387030434, 0.000416195864091, 0.000454924505902, 0.000384311686503, 0.000328571448335, 0.000220536938286, 0.00024698569905, 0.000225944531849, 0.000283033819869, 0.000289877789328, 0.000164051816682, 0.000218435496208, 0.000126526414533, 0.000329305097694, 0.000490544887725, 0.000302968808683, 0.000575089477934, 0.000810420257039, 0.000173383392394, 0.000275138532743, 0.000149837767822, 0.000133775742142, 0.000190688835573, 0.000243131144089, 0.000124707643408, 0.000195382337552, 0.000410441047279, 0.000124652782688, 0.000125896243844, 0.000209098405321, 0.000166048877873, 8.03598522907e-05, 4.54294749943e-05, 6.62937673042e-05, 5.67678653169e-05, 3.12436859531e-05, 5.05009593326e-05, 6.34879615973e-05, 3.17921112583e-05, 1.7793445295e-05, 2.25380044867e-05, 3.72711911041e-05, 3.43732208421e-05, 1.75923032657e-05, 2.63632646238e-05, 3.47476998286e-05, 1.75321529241e-05, 1.04668170025e-05, 2.10178859561e-05, 3.14028584398e-05, 2.63322945102e-05, 6.23157256996e-06, 3.06862443722e-06, 5.85207089898e-06, 7.97830671218e-06, 4.59942157249e-06, 3.42955718224e-06, 3.63142225979e-06, 1.78180334842e-06, 6.03030287039e-07, 3.94484175104e-07, 3.5412148236e-07, 2.41170795334e-07, 2.68837737849e-07, 1.93603327148e-07, 1.76788361728e-07, 1.58731850775e-07, 2.03470392535e-07, 1.32119083673e-07, 9.7926061926e-08, 1.08986668579e-07, 1.02905474364e-07, 7.34864755714e-08, 6.4191851834e-08, 5.74993563873e-08, 5.82707322394e-08, 5.63443194324e-08, 4.72126160389e-08, 4.22197814487e-08, 3.80353135654e-08, 4.43165006914e-08, 4.73680934476e-08, 4.57433770862e-08, 4.44729373328e-08, 4.32453397536e-08, 2.82382774941e-08, 1.91379569969e-08, 1.06520117171e-08, 5.29054711151e-09, 2.09238892879e-09, 1.0035566822e-09, 8.23601076227e-10, 8.64327720507e-10, 7.98848542871e-10, 6.830950805e-10, 7.01229518896e-10, 4.89262519388e-10, 1.50645593222e-10, 7.39578745468e-11, 2.2005881492e-11, 1.61068276772e-11, 1.25782318589e-11, 5.81348814574e-12, 4.00143633505e-12, 3.89906986906e-12, 3.79304573861e-12, 3.6976502589e-12, 3.61893934958e-12, 3.55241986001e-12, 3.4884324162e-12, 3.40378376526e-12, 3.30044997408e-12, 3.23878185556e-12, 3.21639373121e-12],
        "min": [4.72948569197e-10, 1.47246597137e-08, 1.57933314426e-07, 1.94735434889e-07, 2.80916282236e-07, 2.36818891608e-07, 2.55276688677e-07, 3.71910402919e-07, 4.88935711473e-07, 4.75713335391e-07, 3.21996793673e-07, 1.50623264972e-07, 4.69064502795e-08, 2.30177690241e-08, 2.81765402121e-08, 1.44601894903e-08, 2.27798988561e-08, 1.19233305895e-07, 9.386537414e-08, 3.3373549968e-07, 1.16347607104e-07, 8.9359247113e-08, 2.47353710847e-08, 1.42943250125e-07, 2.97685971873e-07, 1.06366229602e-07, 1.17356350415e-07, 1.76013315922e-07, 2.01386455956e-07, 1.94186227986e-07, 7.69816139723e-08, 3.08357712697e-08, 2.17085599274e-07, 6.75691822494e-08, 5.44616227671e-08, 3.06101100023e-08, 1.206895206e-07, 8.28066717418e-08, 9.75186864594e-08, 4.67600855814e-08, 1.07290688334e-07, 1.75914763645e-07, 1.05857814958e-07, 8.69444889418e-08, 1.10593965985e-07, 1.10290628186e-07, 5.44900480293e-08, 1.50519255726e-07, 3.27645253151e-08, 4.19826626796e-08, 9.44006472992e-08, 2.12437960556e-08, 1.91571665198e-08, 1.36579423327e-08, 1.53700394634e-08, 2.35720349906e-08, 2.4536117138e-08, 3.41532242487e-08, 3.32517977597e-08, 2.48657663349e-08, 1.2065651589e-08, 1.49505456903e-08, 2.17879634334e-08, 2.1835889541e-08, 8.47704928475e-09, 3.53414830734e-09, 5.96373261885e-09, 6.0800484647e-09, 1.78438575027e-09, 2.91789392648e-09, 3.45820372338e-09, 3.20857296288e-09, 8.63253690753e-10, 3.78498032916e-09, 2.00032634901e-09, 6.24950924344e-10, 1.1807526068e-09, 7.76253950008e-10, 1.29632971024e-09, 8.86182516258e-10, 7.73338060256e-10, 3.30970528761e-10, 6.72361888387e-11, 7.32726879171e-10, 2.28573424077e-10, 1.39294326074e-10, 8.87806217431e-11, 1.06970682312e-11, 2.02896602297e-10, 5.11783726509e-10, 1.81090170637e-10, 3.10358905242e-10, 3.65062036156e-10, 9.28394687516e-12, 1.58513688286e-11, 3.23519266932e-10, 8.53749987373e-11, 1.70798250543e-10, 1.98235011739e-10, 1.80957419188e-11, 8.10666672679e-11, 1.08183930564e-11, 6.1206924945e-12, 1.77774082347e-12, 2.88520807723e-13, 1.75254206763e-13, 2.45886075173e-13, 9.34477430332e-13, 1.45181149004e-13, 1.1258362813e-13, 9.02691685506e-14, 9.81683267662e-14, 7.95793688108e-14, 9.1254620234e-14, 5.29480024278e-14, 1.02913825465e-13, 9.05091228202e-14, 8.34762082591e-14, 9.17812104529e-14, 7.78196273697e-14, 7.5634031644e-14, 6.13380399532e-14, 7.14492348749e-14, 7.52210048264e-14, 5.29486631135e-14, 1.8680830537e-14, 3.22928261822e-15, 1.18154796334e-16],
        "stdev": [1.15836846817e-05, 3.33248754032e-05, 8.86126654223e-05, 0.000123731893837, 0.000242491529207, 0.000429319945397, 0.000689406995662, 0.00076185684884, 0.000970229797531, 0.000879009312484, 0.000716745096724, 0.000676683557685, 0.00125468021724, 0.00134569150396, 0.0011068606982, 0.00113982579205, 0.00100440368988, 0.000875131518114, 0.00112572312355, 0.000757728179451, 0.000685317732859, 0.000639093806967, 0.000792204926256, 0.000602600863203, 0.000407619867474, 0.000600294268224, 0.00043120214832, 0.000853040954098, 0.00124697957654, 0.000861756037921, 0.00138198514469, 0.00232765078545, 0.000497467524838, 0.000595501391217, 0.000356383301551, 0.000342871673638, 0.000793839339167, 0.000911627081223, 0.000420410884544, 0.00057649082737, 0.000976767390966, 0.000319168815622, 0.000553045829292, 0.00064699043287, 0.000481282069813, 0.000213691455428, 9.31865797611e-05, 0.000212435508729, 0.000159919334692, 0.000107202045911, 0.000135036811116, 0.000153411499923, 6.59670840832e-05, 3.62333848898e-05, 7.06672726665e-05, 7.32817497919e-05, 6.1778620875e-05, 3.79433950002e-05, 6.25557659077e-05, 5.89257251704e-05, 3.82608632208e-05, 2.85727765004e-05, 3.67575339624e-05, 5.23658636666e-05, 4.60752598883e-05, 1.09089805846e-05, 6.5308295234e-06, 1.09323800643e-05, 1.35992177093e-05, 1.10439386845e-05, 7.78606317908e-06, 7.12750397724e-06, 2.88907676804e-06, 1.00664567526e-06, 6.90284537086e-07, 5.79251832278e-07, 3.95041809043e-07, 4.53308501847e-07, 2.80482453263e-07, 2.44586033205e-07, 2.45443061431e-07, 3.15502660442e-07, 1.93511766611e-07, 1.89132265405e-07, 2.16237339146e-07, 2.03700722068e-07, 1.88895640463e-07, 1.46982600313e-07, 1.36318263344e-07, 1.33544034497e-07, 1.69507089254e-07, 1.17450817072e-07, 8.17314003143e-08, 8.6667796495e-08, 6.83797267698e-08, 7.98153863002e-08, 8.26120256647e-08, 9.27643597493e-08, 9.59641965892e-08, 5.73528495806e-08, 3.7341269632e-08, 2.28138521408e-08, 1.30054704783e-08, 4.09144229607e-09, 1.70171143843e-09, 1.24075261176e-09, 9.68155555725e-10, 9.10576891666e-10, 7.60640550546e-10, 8.12245826154e-10, 5.52339118887e-10, 4.3056280763e-10, 2.70884231712e-10, 6.08681022252e-11, 2.80228080324e-11, 2.51660220441e-11, 9.06522686778e-12, 6.4709921449e-12, 6.28862109955e-12, 6.12521535229e-12, 5.97877346589e-12, 5.84802128598e-12, 5.73189282496e-12, 5.63406049245e-12, 5.55082499062e-12, 5.4842397984e-12, 5.43680074919e-12, 5.40746093736e-12]
    },
    "mfcc": {
        "mean": [-661.763244629, 173.946350098, -54.1500587463, 11.0775938034, 0.22652797401, -11.9464092255, -1.17425179482, -1.81828963757, -16.3799304962, -5.30892515182, -8.40787124634, -8.08055591583, -6.45140028],
        "cov": [[1731.11877441, -140.176132202, -347.497131348, 99.8555374146, -78.8207778931, 8.17951393127, 205.025390625, 6.94795942307, -86.4922561646, 65.960975647, 3.96278142929, -39.9585342407, -30.7967967987], [-140.176132202, 378.439117432, 75.7365646362, -25.5414733887, -31.3058071136, 19.5298652649, -42.4996261597, 8.61886978149, -4.18216848373, -33.6015701294, 12.9506549835, 9.60143280029, 5.39617538452], [-347.497131348, 75.7365646362, 259.80355835, 52.5807914734, 28.6311683655, -14.4280462265, -67.9089508057, -12.6676502228, 17.8540382385, -22.7646102905, -28.1473369598, 9.35482597351, -1.94089841843], [99.8555374146, -25.5414733887, 52.5807914734, 186.588027954, 46.2859382629, -43.0007247925, 7.10304880142, -17.3276538849, -17.5836086273, 2.52804112434, -38.26512146, 4.13066101074, 26.0461921692], [-78.8207778931, -31.3058071136, 28.6311683655, 46.2859382629, 154.799957275, -9.55485725403, -60.2711334229, -15.4201040268, 36.9334869385, -3.07057189941, -29.6150379181, 19.290391922, 8.68368816376], [8.17951393127, 19.5298652649, -14.4280462265, -43.0007247925, -9.55485725403, 179.051147461, 26.4243850708, 29.0674552917, -13.5261154175, -35.4025306702, 17.2505626678, -19.5849666595, -13.8128051758], [205.025390625, -42.4996261597, -67.9089508057, 7.10304880142, -60.2711334229, 26.4243850708, 187.7472229, 21.4740180969, -49.7731399536, 20.5855998993, 14.4852180481, -26.2190742493, -6.81084346771], [6.94795942307, 8.61886978149, -12.6676502228, -17.3276538849, -15.4201040268, 29.0674552917, 21.4740180969, 75.8287963867, 9.12644100189, -17.2392578125, 9.28729915619, -1.49920988083, 1.11328911781], [-86.4922561646, -4.18216848373, 17.8540382385, -17.5836086273, 36.9334869385, -13.5261154175, -49.7731399536, 9.12644100189, 84.2176742554, 7.73172521591, -15.8920574188, 10.7891254425, 1.64423966408], [65.960975647, -33.6015701294, -22.7646102905, 2.52804112434, -3.07057189941, -35.4025306702, 20.5855998993, -17.2392578125, 7.73172521591, 86.9888153076, 16.8853626251, -7.97105360031, -13.8386468887], [3.96278142929, 12.9506549835, -28.1473369598, -38.26512146, -29.6150379181, 17.2505626678, 14.4852180481, 9.28729915619, -15.8920574188, 16.8853626251, 89.7562103271, 9.10164451599, -20.3929538727], [-39.9585342407, 9.60143280029, 9.35482597351, 4.13066101074, 19.290391922, -19.5849666595, -26.2190742493, -1.49920988083, 10.7891254425, -7.97105360031, 9.10164451599, 75.621055603, 34.9370918274], [-30.7967967987, 5.39617538452, -1.94089841843, 26.0461921692, 8.68368816376, -13.8128051758, -6.81084346771, 1.11328911781, 1.64423966408, -13.8386468887, -20.3929538727, 34.9370918274, 104.192657471]],
        "icov": [[0.0010211704066, -2.58276140812e-05, 0.00145830237307, -0.0010582357645, 0.000448285340099, -0.000197047484107, -0.00032026131521, -3.49882429873e-05, 0.000263407855527, -0.000413428468164, 0.000508967088535, -0.000300567073282, 0.000652163173072], [-2.58276140812e-05, 0.00309738563374, -0.000955432071351, 0.000390782894101, 0.000774714513682, -0.000159904564498, 0.000687178398948, -0.000201366769033, 0.000324033317156, 0.000731350795832, -0.000524229893927, -7.94330844656e-05, -0.000306175439619], [0.00145830237307, -0.000955432071351, 0.00711562670767, -0.00321044004522, 0.000949199136812, -0.000391636654967, 0.000926891283598, 0.000348962377757, -0.000342042942066, 0.000161739895702, 0.00158226815984, -0.000861591193825, 0.00196692091413], [-0.0010582357645, 0.000390782894101, -0.00321044004522, 0.00899711158127, -0.00313691538759, 0.00180850992911, -0.000811909907497, -7.97959146439e-05, 0.00296148867346, -0.000202417126275, 0.00157723459415, 0.000654681643937, -0.00217740656808], [0.000448285340099, 0.000774714513682, 0.000949199136812, -0.00313691538759, 0.00978009682149, -0.0014051545877, 0.00213637505658, 0.00125705159735, -0.00310760503635, -0.0002888450108, 0.00184069445822, -0.00223584473133, 0.00113971950486], [-0.000197047484107, -0.000159904564498, -0.000391636654967, 0.00180850992911, -0.0014051545877, 0.00745249912143, -0.0011065005092, -0.0015255943872, 0.000676954165101, 0.00332163693383, -0.00163403409533, 0.00223675463349, -9.96328308247e-05], [-0.00032026131521, 0.000687178398948, 0.000926891283598, -0.000811909907497, 0.00213637505658, -0.0011065005092, 0.00879752915353, -0.00286669307388, 0.00398997962475, -0.00268932711333, 0.00070664670784, 0.00101306627039, -0.000250598648563], [-3.49882429873e-05, -0.000201366769033, 0.000348962377757, -7.97959146439e-05, 0.00125705159735, -0.0015255943872, -0.00286669307388, 0.016852626577, -0.00534452404827, 0.00436787540093, -0.00240447116084, 0.000372488808353, -0.000578975945245], [0.000263407855527, 0.000324033317156, -0.000342042942066, 0.00296148867346, -0.00310760503635, 0.000676954165101, 0.00398997962475, -0.00534452404827, 0.0187090598047, -0.00466715544462, 0.00431848363951, -0.00167543452699, 0.000472946820082], [-0.000413428468164, 0.000731350795832, 0.000161739895702, -0.000202417126275, -0.0002888450108, 0.00332163693383, -0.00268932711333, 0.00436787540093, -0.00466715544462, 0.0166875813156, -0.00495414016768, 0.00250431755558, 0.000616183155216], [0.000508967088535, -0.000524229893927, 0.00158226815984, 0.00157723459415, 0.00184069445822, -0.00163403409533, 0.00070664670784, -0.00240447116084, 0.00431848363951, -0.00495414016768, 0.0165676306933, -0.00557647366077, 0.0039010241162], [-0.000300567073282, -7.94330844656e-05, -0.000861591193825, 0.000654681643937, -0.00223584473133, 0.00223675463349, 0.00101306627039, 0.000372488808353, -0.00167543452699, 0.00250431755558, -0.00557647366077, 0.0189768802375, -0.00681489799172], [0.000652163173072, -0.000306175439619, 0.00196692091413, -0.00217740656808, 0.00113971950486, -9.96328308247e-05, -0.000250598648563, -0.000578975945245, 0.000472946820082, 0.000616183155216, 0.0039010241162, -0.00681489799172, 0.0133918039501]]
    },
    "spectral_contrast_coeffs": {
        "max": [-0.447244435549, -0.424996912479, -0.476444780827, -0.569192826748, -0.587554991245, -0.674168527126],
        "mean": [-0.638311624527, -0.73434728384, -0.699968159199, -0.737142622471, -0.712676048279, -0.765040695667],
        "min": [-0.899644732475, -0.920142948627, -0.897781431675, -0.918644368649, -0.868713617325, -0.86397254467],
        "stdev": [0.0656091794372, 0.0651816427708, 0.0791023373604, 0.0612029246986, 0.0404598526657, 0.0295016486198]
    },
    "spectral_contrast_valleys": {
        "max": [-5.846804142, -5.2249584198, -5.59080982208, -5.89510726929, -6.92061853409, -9.50267887115],
        "mean": [-7.16681718826, -6.4944190979, -7.07294750214, -7.3268122673, -8.04052639008, -11.7155332565],
        "min": [-9.39977645874, -9.73200798035, -9.34282112122, -9.44463729858, -10.190079689, -13.5512599945],
        "stdev": [0.586901009083, 0.513302206993, 0.570305645466, 0.562269926071, 0.5326628685, 0.436368048191]
    }
},
"rhythm": {
    "beats_count": 122,
    "beats_loudness": {
        "max": 0.0678295865655,
        "mean": 0.0306775346398,
        "min": 0.00124581169803,
        "stdev": 0.0153122767806
    },
    "bpm": 178.205871582,
    "bpm_histogram_first_peak_bpm": 178,
    "bpm_histogram_first_peak_weight": 0,
    "bpm_histogram_second_peak_bpm": 172,
    "bpm_histogram_second_peak_spread": 0,
    "bpm_histogram_second_peak_weight": 0.173553720117,
    "danceability": 0.863611996174,
    "onset_rate": 1.0869140625,
    "beats_loudness_band_ratio": {
        "max": [0.582388103008, 0.681596636772, 0.65853279829, 0.902277946472, 0.518367528915, 0.0718693956733],
        "mean": [0.108112610877, 0.23282854259, 0.220017626882, 0.351016610861, 0.139597430825, 0.0172526594251],
        "min": [0.00902885384858, 0.0198430363089, 0.0180436465889, 0.0123912934214, 0.0159512087703, 0.000430500047514],
        "stdev": [0.0982082560658, 0.158580154181, 0.163585469127, 0.230742707849, 0.121403731406, 0.0139680402353]
    },
