{
"metadata": {
    "version": {
        "essentia": "2.1-beta5",
        "essentia_git_sha": "Undefined",
        "extractor": "music 2.0"
    },
    "audio_properties": {
        "analysis": {
            "equal_loudness": 0,
            "length": 48.7502937317,
            "sample_rate": 44100,
            "start_time": 29.0017242432,
            "downmix": "mix"
        },
        "bit_rate": 192000,
        "length": 192.760452271,
        "lossless": 0,
        "number_channels": 1,
        "replay_gain": -8.08238983154,
        "sample_rate": 48000,
        "codec": "mp3",
        "md5_encoded": "cd4465c74d869d403285f34a51e62834"
    },
    "tags": {
        "file_name": "Italy_Due Grosse Lacrime Bianche_Iva Zanicchi.mp3",
        "encoding": ["Lavf58.29.100"]
    }
},
"lowlevel": {
    "average_loudness": 0.909961998463,
    "barkbands_crest": {
        "max": 25.622379303,
        "mean": 11.7469911575,
        "min": 3.65785574913,
        "stdev": 4.54305362701
    },
    "barkbands_flatness_db": {
        "max": 0.407121628523,
        "mean": 0.28797146678,
        "min": 0.147811681032,
        "stdev": 0.0360659882426
    },
    "barkbands_kurtosis": {
        "max": 68.610710144,
        "mean": 3.0796661377,
        "min": -1.77944588661,
        "stdev": 4.46090698242
    },
    "barkbands_skewness": {
        "max": 7.78861999512,
        "mean": 1.02454841137,
        "min": -2.32646131516,
        "stdev": 1.02001440525
    },
    "barkbands_spread": {
        "max": 28.4739227295,
        "mean": 10.1930818558,
        "min": 1.41362702847,
        "stdev": 5.05565309525
    },
    "dissonance": {
        "max": 0.499800920486,
        "mean": 0.428198873997,
        "min": 0.232245013118,
        "stdev": 0.0427337959409
    },
    "dynamic_complexity": 3.26244068146,
    "erbbands_crest": {
        "max": 30.5982685089,
        "mean": 13.8421897888,
        "min": 3.29407501221,
        "stdev": 6.81973743439
    },
    "erbbands_flatness_db": {
        "max": 0.435360223055,
        "mean": 0.326000183821,
        "min": 0.165606409311,
        "stdev": 0.0413593426347
    },
    "erbbands_kurtosis": {
        "max": 28.035326004,
        "mean": 1.30225670338,
        "min": -1.69009160995,
        "stdev": 3.02289557457
    },
    "erbbands_skewness": {
        "max": 3.48340439796,
        "mean": 0.582117795944,
        "min": -2.01051783562,
        "stdev": 0.704966723919
    },
    "erbbands_spread": {
        "max": 61.2992668152,
        "mean": 19.7399806976,
        "min": 1.82561612129,
        "stdev": 10.5747356415
    },
    "hfc": {
        "max": 86.1057891846,
        "mean": 19.0150127411,
        "min": 0.0199460722506,
        "stdev": 15.6880474091
    },
    "loudness_ebu128": {
        "integrated": -19.005947113,
        "loudness_range": 5.43914031982,
        "momentary": {
            "max": -15.0804080963,
            "mean": -20.0738143921,
            "min": -42.1224212646,
            "stdev": 3.47835493088
        },
        "short_term": {
            "max": -16.5624771118,
            "mean": -19.4885749817,
            "min": -25.6231174469,
            "stdev": 1.9794754982
        }
    },
    "melbands_crest": {
        "max": 31.229593277,
        "mean": 14.4328517914,
        "min": 4.37460708618,
        "stdev": 5.36132621765
    },
    "melbands_flatness_db": {
        "max": 0.509777843952,
        "mean": 0.354094594717,
        "min": 0.226638525724,
        "stdev": 0.0405188649893
    },
    "melbands_kurtosis": {
        "max": 101.218086243,
        "mean": 5.27020120621,
        "min": -1.63328444958,
        "stdev": 7.1493935585
    },
    "melbands_skewness": {
        "max": 8.2569065094,
        "mean": 1.33561635017,
        "min": -2.32931494713,
        "stdev": 1.27173483372
    },
    "melbands_spread": {
        "max": 67.6857147217,
        "mean": 15.0612001419,
        "min": 1.43685173988,
        "stdev": 7.55096817017
    },
    "pitch_salience": {
        "max": 0.851130902767,
        "mean": 0.540563285351,
        "min": 0.17563174665,
        "stdev": 0.11844150722
    },
    "silence_rate_20dB": {
        "max": 1,
        "mean": 1,
        "min": 1,
        "stdev": 0
    },
    "silence_rate_30dB": {
        "max": 1,
        "mean": 1,
        "min": 1,
        "stdev": 0
    },
    "silence_rate_60dB": {
        "max": 1,
        "mean": 0.0475963838398,
        "min": 0,
        "stdev": 0.212911590934
    },
    "spectral_centroid": {
        "max": 2414.2043457,
        "mean": 886.296936035,
        "min": 252.970230103,
        "stdev": 307.95401001
    },
    "spectral_complexity": {
        "max": 35,
        "mean": 14.9909563065,
        "min": 0,
        "stdev": 5.08363342285
    },
    "spectral_decrease": {
        "max": -1.58742498313e-11,
        "mean": -6.29528740248e-09,
        "min": -2.18886242465e-08,
        "stdev": 4.23294421736e-09
    },
    "spectral_energy": {
        "max": 0.0904227420688,
        "mean": 0.0254846066236,
        "min": 6.17631885689e-05,
        "stdev": 0.017272753641
    },
    "spectral_energyband_high": {
        "max": 0.000727206876036,
        "mean": 3.12995434797e-05,
        "min": 1.47373896198e-07,
        "stdev": 4.88699733978e-05
    },
    "spectral_energyband_low": {
        "max": 0.0176057554781,
        "mean": 0.00155595177785,
        "min": 1.47456112245e-05,
        "stdev": 0.00180403713603
    },
    "spectral_energyband_middle_high": {
        "max": 0.0857657566667,
        "mean": 0.0101796062663,
        "min": 3.03302203974e-06,
        "stdev": 0.012979241088
    },
    "spectral_energyband_middle_low": {
        "max": 0.076993085444,
        "mean": 0.0158011168242,
        "min": 3.43022402376e-05,
        "stdev": 0.0129374433309
    },
    "spectral_entropy": {
        "max": 7.70042800903,
        "mean": 6.717897892,
        "min": 5.51922941208,
        "stdev": 0.319178283215
    },
    "spectral_flux": {
        "max": 0.268341392279,
        "mean": 0.0789040923119,
        "min": 0.00259026978165,
        "stdev": 0.042215064168
    },
    "spectral_kurtosis": {
        "max": 77.542137146,
        "mean": 13.1633024216,
        "min": -0.92144536972,
        "stdev": 9.76162910461
    },
    "spectral_rms": {
        "max": 0.00939240679145,
        "mean": 0.00464964006096,
        "min": 0.000245472532697,
        "stdev": 0.00180107017513
    },
    "spectral_rolloff": {
        "max": 3208.44726562,
        "mean": 1007.56079102,
        "min": 172.265625,
        "stdev": 482.791290283
    },
    "spectral_skewness": {
        "max": 6.30862474442,
        "mean": 1.95294606686,
        "min": 0.212413132191,
        "stdev": 0.816770255566
    },
    "spectral_spread": {
        "max": 4436868.5,
        "mean": 1789025.375,
        "min": 888543.0625,
        "stdev": 340169.53125
    },
    "spectral_strongpeak": {
        "max": 10.9504671097,
        "mean": 2.20246696472,
        "min": 0.0101166944951,
        "stdev": 2.07344126701
    },
    "zerocrossingrate": {
        "max": 0.08837890625,
        "mean": 0.0380722247064,
        "min": 0.01171875,
        "stdev": 0.011855147779
    },
    "barkbands": {
        "max": [0.000119521231682, 0.00259391218424, 0.0102285239846, 0.029681513086, 0.0409431345761, 0.0466709695756, 0.0634747520089, 0.0570106841624, 0.0736933797598, 0.0732268542051, 0.0398271717131, 0.0396515466273, 0.0302634760737, 0.0324747227132, 0.0207283943892, 0.0185401029885, 0.00421659927815, 0.00316886976361, 0.00364270014688, 0.00067067774944, 0.000345053209458, 0.000128268700792, 3.73321938696e-07, 3.7067374592e-07, 3.66152306697e-07, 3.63226547506e-07, 3.90723073451e-07],
        "mean": [1.23595109471e-05, 0.000199480346055, 0.000733647262678, 0.00143301126081, 0.00332288793288, 0.00204101158306, 0.00203369464725, 0.00130842928775, 0.0031555108726, 0.00571361603215, 0.00121081480756, 0.00134177261498, 0.000630397524219, 0.000526762683876, 0.000707191939, 0.000454816763522, 0.000223298135097, 0.000249311182415, 0.000136100366944, 3.78742151952e-05, 8.6439149527e-06, 3.95545566789e-06, 1.802310301e-09, 1.02767860888e-09, 9.75225011857e-10, 9.38799815664e-10, 1.00086960941e-09],
        "min": [8.18735390595e-09, 1.09610164145e-06, 3.43423238292e-07, 1.65702908816e-06, 5.91851085119e-06, 7.92355149315e-06, 2.04104708246e-06, 1.46667821355e-06, 7.48293700781e-07, 3.30171673113e-07, 2.1112577997e-07, 6.28084819709e-08, 9.16797091577e-08, 1.15228047548e-07, 1.03481660574e-07, 7.99173847099e-08, 7.66164447441e-08, 1.16842059583e-07, 7.11689267519e-08, 7.31532949771e-08, 4.47145325211e-08, 6.41785291577e-08, 4.99479277383e-11, 6.45075104444e-11, 6.57659759984e-11, 6.24492887957e-11, 5.28347886275e-11],
        "stdev": [1.46748261614e-05, 0.000212808168726, 0.00107608828694, 0.00214359653182, 0.00360459205694, 0.00320511474274, 0.00600074464455, 0.00373714440502, 0.00713122496381, 0.0107019674033, 0.00340540404432, 0.00417342875153, 0.00168777897488, 0.00168201467022, 0.00151170161553, 0.00114215968642, 0.000362272781786, 0.000324687047396, 0.000234651815845, 5.60820044484e-05, 1.5823807189e-05, 8.02442446002e-06, 8.70962857391e-09, 8.17764522765e-09, 8.055789813e-09, 7.98256571954e-09, 8.58226201217e-09]
    },
    "erbbands": {
        "max": [0.0540115758777, 0.78765296936, 7.91011142731, 45.4126091003, 152.640151978, 128.484573364, 235.644134521, 497.242004395, 825.671203613, 759.418884277, 1613.95056152, 2011.95056152, 2264.80273438, 3193.71313477, 2207.23168945, 1836.32702637, 1207.33361816, 1203.74462891, 905.929992676, 629.123657227, 632.622253418, 222.603042603, 181.807647705, 256.292053223, 28.2734527588, 48.3392448425, 14.0418138504, 12.5232543945, 4.98844099045, 1.26526749134, 0.0358746275306, 0.00812290515751, 0.00597668113187, 0.00412198761478, 0.00259127747267, 0.0014427867718, 0.000675097166095, 0.000241227680817, 5.71378732275e-05, 0.000107307751023],
        "mean": [0.00451188208535, 0.0582744777203, 0.585948705673, 3.11964583397, 7.71289396286, 11.2282857895, 14.8088541031, 18.7435588837, 26.2866134644, 26.8547725677, 34.0845413208, 81.0361938477, 169.089035034, 110.113769531, 68.2149658203, 43.5942726135, 32.6306762695, 27.3777523041, 37.5827598572, 29.394285202, 20.8634529114, 11.696726799, 14.3857879639, 11.9187698364, 2.9895939827, 1.92611944675, 0.683494269848, 0.25755751133, 0.157201826572, 0.0354975797236, 0.00109292531852, 0.000117640891403, 5.23054877704e-05, 3.65898667951e-05, 2.72931029031e-05, 1.94993299374e-05, 1.12805282697e-05, 3.46731781065e-06, 1.32944487632e-05, 2.96887719742e-05],
        "min": [3.1603329262e-05, 0.000727114966139, 0.00226231967099, 0.00757121574134, 0.0125993611291, 0.0115493955091, 0.0257101003081, 0.0900453999639, 0.0250322986394, 0.0318859890103, 0.0487751625478, 0.0194823611528, 0.00766384601593, 0.0231443271041, 0.00827291235328, 0.00419687991962, 0.0065158768557, 0.0151053899899, 0.00630266591907, 0.00511174974963, 0.00623815786093, 0.00533290673047, 0.00604514963925, 0.00470963027328, 0.00455992249772, 0.00435666320845, 0.00308681442402, 0.00162044994067, 0.00250419788063, 0.000613392505329, 2.39865275944e-05, 2.85853798232e-06, 1.58029615704e-06, 9.26411985347e-07, 4.79759989958e-07, 2.56361971651e-07, 1.45746753333e-07, 5.95084728161e-08, 4.55641178121e-08, 7.02565472466e-08],
        "stdev": [0.0050818072632, 0.060866240412, 0.785273551941, 3.99005508423, 10.5297718048, 13.5647125244, 20.8841018677, 34.1991195679, 74.8709182739, 65.6362457275, 105.011070251, 187.726745605, 330.375366211, 273.396270752, 197.521377563, 128.563430786, 79.8223571777, 69.6504440308, 78.9179153442, 51.7675437927, 49.3972892761, 17.2722091675, 17.6585788727, 18.3858833313, 3.31668567657, 3.13769030571, 1.04763686657, 0.546981751919, 0.325161963701, 0.0762665420771, 0.00216258200817, 0.00021995093266, 0.000134820278618, 9.2723108537e-05, 5.90179661231e-05, 3.37686760759e-05, 1.63684253494e-05, 5.82021357332e-06, 9.16639237403e-06, 2.02857499971e-05]
    },
    "gfcc": {
        "mean": [-113.737701416, 218.703384399, -188.325881958, 4.07896614075, -21.9113750458, -50.9889564514, 0.875969350338, -27.3033008575, -15.2230854034, -15.5378189087, -20.2466526031, -4.88482379913, -4.06023311615],
        "cov": [[2711.84863281, -274.352294922, -768.886291504, -289.575256348, 146.880706787, -113.014305115, 105.095863342, 128.204910278, -140.885009766, -139.657608032, -59.1251678467, -40.1282539368, 101.620483398], [-274.352294922, 254.463989258, 236.10987854, -14.5525341034, 40.1244316101, -6.1177816391, -43.4998893738, -1.6328369379, 14.8654022217, -15.643986702, -8.01019477844, -18.8136634827, -34.042224884], [-768.886291504, 236.10987854, 490.992492676, 115.597854614, -30.1954669952, 21.5593681335, -77.3232574463, -38.3468208313, 46.8273353577, 8.27765369415, -9.88401508331, -11.5734863281, -55.4686851501], [-289.575256348, -14.5525341034, 115.597854614, 353.37399292, -30.638671875, -15.2604761124, -48.8781204224, -92.6922454834, 84.0275726318, -0.945420503616, -49.9786453247, 32.1256752014, -26.0802211761], [146.880706787, 40.1244316101, -30.1954669952, -30.638671875, 156.680328369, 12.2290239334, -15.4177207947, 39.8811340332, -42.8028488159, -19.448720932, 3.29572033882, -14.9005899429, 16.2739715576], [-113.014305115, -6.1177816391, 21.5593681335, -15.2604761124, 12.2290239334, 150.728515625, 92.0625534058, -21.8262271881, -38.5726737976, -24.9812660217, -0.447901368141, 13.2276630402, -7.15468406677], [105.095863342, -43.4998893738, -77.3232574463, -48.8781204224, -15.4177207947, 92.0625534058, 151.838272095, 33.0810775757, -49.0484237671, -27.4599018097, -3.58723044395, 4.2526884079, 19.5090198517], [128.204910278, -1.6328369379, -38.3468208313, -92.6922454834, 39.8811340332, -21.8262271881, 33.0810775757, 127.790206909, 9.08910083771, -4.41216850281, -0.727848052979, -22.516292572, 24.1854991913], [-140.885009766, 14.8654022217, 46.8273353577, 84.0275726318, -42.8028488159, -38.5726737976, -49.0484237671, 9.08910083771, 129.972412109, 39.409160614, -30.7615909576, -2.20114398003, -18.3040008545], [-139.657608032, -15.643986702, 8.27765369415, -0.945420503616, -19.448720932, -24.9812660217, -27.4599018097, -4.41216850281, 39.409160614, 94.3118209839, 48.2623939514, -10.6591463089, -7.46062755585], [-59.1251678467, -8.01019477844, -9.88401508331, -49.9786453247, 3.29572033882, -0.447901368141, -3.58723044395, -0.727848052979, -30.7615909576, 48.2623939514, 98.6118850708, 31.3135299683, -12.9078063965], [-40.1282539368, -18.8136634827, -11.5734863281, 32.1256752014, -14.9005899429, 13.2276630402, 4.2526884079, -22.516292572, -2.20114398003, -10.6591463089, 31.3135299683, 72.9586791992, 21.4836158752], [101.620483398, -34.042224884, -55.4686851501, -26.0802211761, 16.2739715576, -7.15468406677, 19.5090198517, 24.1854991913, -18.3040008545, -7.46062755585, -12.9078063965, 21.4836158752, 82.5901107788]],
        "icov": [[0.000909462105483, 0.000300730956951, 0.00100620370358, 0.000478793488583, -0.000849008618388, 0.00132012018003, -0.00085707299877, 0.000899509061128, -0.000944723200519, 0.00226770760491, -0.000943099847063, 0.0012759345118, -0.000431213295087], [0.000300730956951, 0.0147413332015, -0.00911713112146, 0.00681011844426, -0.0110233873129, 0.0102140353993, -0.010622613132, 0.011446017772, -0.0117519525811, 0.0094058951363, -0.00492458185181, 0.00247386004776, 0.000779708498158], [0.00100620370358, -0.00911713112146, 0.0103092864156, -0.00522645702586, 0.00801806524396, -0.00829033646733, 0.00988862849772, -0.00838812906295, 0.00712024094537, -0.00232494901866, 0.000890806084499, 0.00186607777141, -0.000878292310517], [0.000478793488583, 0.00681011844426, -0.00522645702586, 0.00968068093061, -0.00862844474614, 0.00910267047584, -0.0091767385602, 0.010690562427, -0.00816565286368, 0.0018701251829, 0.00405083363876, -0.00545222545043, 0.00370108988136], [-0.000849008618388, -0.0110233873129, 0.00801806524396, -0.00862844474614, 0.0216335430741, -0.0166146401316, 0.0192429237068, -0.0180992409587, 0.0158236920834, -0.0066677890718, 0.00192371255253, 0.0020819241181, -0.00312237255275], [0.00132012018003, 0.0102140353993, -0.00829033646733, 0.00910267047584, -0.0166146401316, 0.0285599585623, -0.0256125796586, 0.0190407391638, -0.0121012590826, 0.00703292712569, 2.76310347544e-05, -0.00402197102085, 0.00511834630743], [-0.00085707299877, -0.010622613132, 0.00988862849772, -0.0091767385602, 0.0192429237068, -0.0256125796586, 0.0342841409147, -0.0247046928853, 0.0218091029674, -0.0122045185417, 0.00913806445897, -0.00359080755152, -0.00036166945938], [0.000899509061128, 0.011446017772, -0.00838812906295, 0.010690562427, -0.0180992409587, 0.0190407391638, -0.0247046928853, 0.0372814126313, -0.033404327929, 0.0294356215745, -0.0275205168873, 0.0222387239337, -0.0133427288383], [-0.000944723200519, -0.0117519525811, 0.00712024094537, -0.00816565286368, 0.0158236920834, -0.0121012590826, 0.0218091029674, -0.033404327929, 0.054877396673, -0.0529275238514, 0.0548418387771, -0.0422277785838, 0.0259226765484], [0.00226770760491, 0.0094058951363, -0.00232494901866, 0.0018701251829, -0.0066677890718, 0.00703292712569, -0.0122045185417, 0.0294356215745, -0.0529275238514, 0.0806584730744, -0.0784463882446, 0.0644388869405, -0.0371642224491], [-0.000943099847063, -0.00492458185181, 0.000890806084499, 0.00405083363876, 0.00192371255253, 2.76310347544e-05, 0.00913806445897, -0.0275205168873, 0.0548418387771, -0.0784463882446, 0.0977103859186, -0.0776742696762, 0.0470756553113], [0.0012759345118, 0.00247386004776, 0.00186607777141, -0.00545222545043, 0.0020819241181, -0.00402197102085, -0.00359080755152, 0.0222387239337, -0.0422277785838, 0.0644388869405, -0.0776742696762, 0.0804147869349, -0.0440364815295], [-0.000431213295087, 0.000779708498158, -0.000878292310517, 0.00370108988136, -0.00312237255275, 0.00511834630743, -0.00036166945938, -0.0133427288383, 0.0259226765484, -0.0371642224491, 0.0470756553113, -0.0440364815295, 0.0397903211415]]
    },
    "melbands": {
        "max": [0.000502501381561, 0.00299373688176, 0.0104390718043, 0.00985110830516, 0.00721628405154, 0.0105301793665, 0.0129863834009, 0.00660885637626, 0.0132861277089, 0.0138263562694, 0.0113314259797, 0.0134885124862, 0.00507515575737, 0.00515965931118, 0.0037836660631, 0.00330389849842, 0.00289516127668, 0.00151932577137, 0.00149983051233, 0.00163298437838, 0.000703689875081, 0.000321112602251, 0.000275176978903, 0.000137432958581, 0.000265489827143, 2.81242810161e-05, 1.79230937647e-05, 3.4183209209e-05, 1.55958805408e-05, 6.76604395267e-06, 7.89756268205e-06, 2.97962901641e-06, 1.83829183698e-06, 1.84999265684e-07, 5.97065907826e-09, 5.33217958676e-09, 4.79028061662e-09, 4.22872803441e-09, 3.78944076118e-09, 3.36462990802e-09],
        "mean": [4.82801915496e-05, 0.000254440383287, 0.000680436263792, 0.000679209770169, 0.000537574233022, 0.000398376345402, 0.000421264237957, 0.000281137647107, 0.000286498601781, 0.000528526841663, 0.000845715054311, 0.000465461605927, 0.00018986541545, 0.000167445250554, 7.79738620622e-05, 6.15080934949e-05, 5.14591374667e-05, 5.88351067563e-05, 4.73079198855e-05, 3.87700420106e-05, 1.99054793484e-05, 1.09658876681e-05, 1.66159297805e-05, 9.40753398027e-06, 1.04309037852e-05, 2.37480094256e-06, 1.41622763294e-06, 1.22417338844e-06, 5.2054696198e-07, 1.8546523961e-07, 1.2898944135e-07, 9.23024359167e-08, 6.21011722046e-08, 3.64533958574e-09, 1.85848766932e-11, 1.51023794165e-11, 1.3332525188e-11, 1.17220478116e-11, 1.03905859611e-11, 9.15912398008e-12],
        "min": [3.32708935957e-07, 1.88820547464e-06, 1.20780180168e-06, 1.1306116221e-06, 7.40485802453e-07, 1.75027321347e-06, 2.48912300549e-07, 2.67133998477e-07, 4.31858438787e-07, 9.45502947047e-08, 2.9964368764e-08, 9.2806537566e-08, 3.71824064871e-08, 9.99901850207e-09, 9.61688328971e-09, 1.34524293927e-08, 2.24471072841e-08, 8.3870945744e-09, 1.11794360436e-08, 4.54442616871e-09, 5.84106940593e-09, 4.5684496186e-09, 5.27414334428e-09, 5.49044010256e-09, 3.26187388211e-09, 2.29683783104e-09, 2.77507550273e-09, 2.3040438446e-09, 1.76346337533e-09, 7.44272754538e-10, 6.77416400752e-10, 1.15240550436e-09, 9.32207089299e-10, 2.67341773719e-11, 6.00329844429e-13, 6.15931296851e-13, 5.74503118689e-13, 7.31844489524e-13, 7.00843463125e-13, 6.45568939018e-13],
        "stdev": [5.00122187077e-05, 0.000312254822347, 0.000845554459374, 0.000765294651501, 0.000671059824526, 0.000688500120305, 0.00120918883476, 0.000620188715402, 0.000888568756636, 0.00124287116341, 0.00168650469277, 0.00117298634723, 0.000517473672517, 0.000496294174809, 0.000263622991042, 0.000154114124598, 0.000161319912877, 0.000127502979012, 0.00010369993106, 9.07879148144e-05, 4.8175228585e-05, 2.09124045796e-05, 2.37676940742e-05, 1.25611422845e-05, 1.78322625288e-05, 3.03966248794e-06, 1.80471818112e-06, 2.22632888836e-06, 9.37252366384e-07, 3.54775352207e-07, 3.1804231071e-07, 1.94548718468e-07, 1.32844348855e-07, 9.15071662888e-09, 1.32749006232e-10, 1.18028253837e-10, 1.05763564573e-10, 9.32450297531e-11, 8.34549235273e-11, 7.40436253976e-11]
    },
    "melbands128": {
        "max": [9.0555047791e-05, 0.000398045114707, 0.000751960440539, 0.0016018699389, 0.00305946380831, 0.00641519995406, 0.00936940219253, 0.0195695701987, 0.0202204491943, 0.0115273818374, 0.0100864833221, 0.0126182232052, 0.0114723332226, 0.00950061064214, 0.0178453158587, 0.0210428517312, 0.0139342062175, 0.0239625610411, 0.0186880342662, 0.0119781494141, 0.00705586420372, 0.01429294236, 0.0252831745893, 0.0140497656539, 0.0224156845361, 0.0251979567111, 0.01941704005, 0.0227890349925, 0.0148012638092, 0.0184620581567, 0.0193771868944, 0.0131648313254, 0.00934182014316, 0.015057425946, 0.0105268293992, 0.00554985692725, 0.0118532171473, 0.00642880285159, 0.00824587233365, 0.00347910285927, 0.00551953772083, 0.00116782367695, 0.00407619541511, 0.00864737480879, 0.00226074177772, 0.00268185813911, 0.00432104198262, 0.00294664967805, 0.001819425961, 0.00218389881775, 0.0027983749751, 0.00242937798612, 0.00101499771699, 0.000985722756013, 0.000687087187544, 0.000587838760111, 0.00023546552984, 0.000441773416242, 0.000576596532483, 0.000399957032641, 0.000233274084167, 0.000400457065552, 0.000363822677173, 0.000610755989328, 7.95870073489e-05, 2.58667096205e-05, 5.33475649718e-05, 1.83083648153e-05, 3.50416448782e-05, 5.46821211174e-05, 8.03980510682e-05, 2.57001829596e-05, 5.47705676581e-05, 9.67402320384e-06, 8.27598432807e-06, 8.85606732481e-06, 6.29451687928e-06, 8.76745161804e-06, 1.0007021956e-05, 7.32186117602e-06, 3.12647898681e-06, 3.67190750694e-06, 4.10934444517e-06, 2.8359204407e-06, 1.2203776123e-06, 1.04923092437e-08, 6.96922919374e-09, 6.2481291252e-09, 5.99268723533e-09, 5.6996514175e-09, 5.40015765438e-09, 5.30982324776e-09, 5.05596409184e-09, 4.8459791735e-09, 4.60610571906e-09, 4.35159019929e-09, 4.18182377615e-09, 3.98996657935e-09, 3.86091913995e-09, 3.65359831278e-09, 3.49090489848e-09, 3.34021077464e-09, 3.18456638837e-09, 3.07096525987e-09, 2.92701862747e-09, 2.79582890172e-09, 2.70111510936e-09, 2.57092702682e-09, 2.48344655951e-09, 2.38899011684e-09, 2.31535257633e-09, 2.20076934454e-09, 2.14024398204e-09, 2.07248929129e-09, 2.00143968065e-09, 1.92764648688e-09, 1.87380377881e-09, 1.81628223572e-09, 1.77664860601e-09, 1.72695402423e-09, 1.68650704513e-09, 1.65941438368e-09, 1.61781255059e-09, 1.59251389853e-09, 1.57543844637e-09, 1.55365287302e-09, 1.54016621678e-09, 1.53290968807e-09],
        "mean": [9.33793126023e-06, 2.8490441764e-05, 6.28645211691e-05, 8.93002652447e-05, 0.000176562985871, 0.000430899846833, 0.000589516188484, 0.000776058877818, 0.000808139855508, 0.000653368479107, 0.000609760929365, 0.000634351919871, 0.000513236329425, 0.000406597595429, 0.000511382822879, 0.000316783669405, 0.000265326962108, 0.000553795835003, 0.000480006681755, 0.000244058042881, 0.000221988768317, 0.000231810045079, 0.000326031382428, 0.000259060499957, 0.000517889391631, 0.000658792559989, 0.00051580282161, 0.0012116136495, 0.000725079909898, 0.000547036936041, 0.000436293979874, 0.000119512915262, 8.74869801919e-05, 0.000354213640094, 0.000216274289414, 8.64003741299e-05, 0.000128905317979, 5.2133724239e-05, 7.14996858733e-05, 8.58485145727e-05, 6.10540300841e-05, 2.40653080255e-05, 3.60538906534e-05, 9.38817756833e-05, 3.60414742318e-05, 4.74218395539e-05, 9.46853397181e-05, 3.63225371984e-05, 3.57347234967e-05, 3.96895193262e-05, 3.29564281856e-05, 5.34268438059e-05, 1.53103337652e-05, 9.0627490863e-06, 1.84166237887e-05, 8.84382370714e-06, 5.13412805958e-06, 2.13885032281e-05, 1.74666129169e-05, 1.46657985169e-05, 6.32180353932e-06, 7.48827505959e-06, 1.40830170494e-05, 1.19726792036e-05, 3.64138759323e-06, 1.40436964102e-06, 2.18017703446e-06, 1.29503928292e-06, 1.11562917482e-06, 1.63974254974e-06, 1.44084026488e-06, 8.85274175744e-07, 8.23797279281e-07, 4.36936005599e-07, 2.11327247257e-07, 1.76036934363e-07, 1.85560807608e-07, 1.43160917787e-07, 1.12196204327e-07, 1.36827367214e-07, 7.58128990697e-08, 9.1363695276e-08, 8.54039541309e-08, 7.72161570239e-08, 2.38157529253e-08, 2.15431630868e-10, 4.54320123189e-11, 2.08475615243e-11, 1.73089632904e-11, 1.63721432245e-11, 1.55166712812e-11, 1.48677702094e-11, 1.41570010923e-11, 1.34670573304e-11, 1.27796289176e-11, 1.21209110457e-11, 1.15638002646e-11, 1.10351901228e-11, 1.05239150727e-11, 1.00397294645e-11, 9.5702100758e-12, 9.09338403188e-12, 8.58338834037e-12, 8.06814164089e-12, 7.59088625291e-12, 7.18606858047e-12, 6.89775363563e-12, 6.620437705e-12, 6.37636341297e-12, 6.13696680279e-12, 5.9648952444e-12, 5.72492313972e-12, 5.5174068439e-12, 5.33590706342e-12, 5.19055935386e-12, 5.06375497089e-12, 4.92170974115e-12, 4.6972399928e-12, 4.58283975005e-12, 4.48826002405e-12, 4.37292953584e-12, 4.28320746926e-12, 4.20090134554e-12, 4.10899092529e-12, 3.94060955741e-12, 3.64344101764e-12, 3.52902733078e-12, 3.50072249834e-12],
        "min": [5.44378897516e-09, 5.26958601199e-08, 1.08110924657e-07, 4.15026505607e-07, 6.73669546813e-07, 2.12146090917e-07, 3.00493496752e-07, 8.5012851514e-07, 5.79605739404e-07, 3.43258591329e-07, 7.66858292423e-08, 2.84886937152e-07, 5.1348422403e-07, 9.36668186569e-07, 1.17665081234e-06, 2.39122954326e-07, 5.07553394868e-08, 1.10980955981e-07, 3.04063348722e-07, 1.86030050031e-07, 2.74095057762e-08, 4.97306373859e-08, 1.55348644171e-07, 1.54896085292e-07, 1.85035240463e-08, 5.75354341947e-09, 5.15100584408e-09, 4.85208362377e-09, 2.44783979753e-08, 2.65361510543e-08, 4.41965610776e-08, 1.99992005179e-08, 6.26914431479e-09, 6.52201226359e-09, 5.16268716666e-09, 9.36878308266e-09, 7.49419637458e-09, 3.30595217868e-09, 3.38985217674e-09, 8.21663626027e-09, 1.5517651164e-08, 1.71639360502e-08, 1.26859767136e-08, 1.13416929182e-08, 4.79504969064e-09, 2.229504803e-09, 3.06311731535e-09, 6.80253187113e-09, 6.6819270117e-09, 1.35691946568e-09, 3.50662743287e-09, 4.64152183355e-09, 3.44295880694e-09, 3.48917605919e-09, 5.70098057651e-09, 2.81485323939e-09, 1.3463248294e-09, 2.49352916093e-09, 3.51787132757e-09, 4.29047242179e-09, 2.53581444731e-09, 3.98428401382e-09, 2.39929232038e-09, 2.5457316255e-09, 1.2795405846e-09, 1.98353999892e-09, 1.88799686995e-09, 9.01036523171e-10, 7.23206272646e-10, 1.06988673476e-09, 1.3015036826e-09, 7.82817866085e-10, 5.3503734776e-10, 8.74772421167e-10, 6.94669821666e-10, 7.89253051803e-10, 4.45167097629e-10, 6.46587783315e-10, 4.60985027928e-10, 4.95199437012e-10, 5.77281167313e-10, 7.72857611242e-10, 1.11708220452e-09, 6.16814210819e-10, 1.12230051641e-10, 2.43602924291e-12, 3.40666622516e-13, 3.5656631185e-13, 4.47359787019e-13, 4.4016152485e-13, 3.74944622876e-13, 4.75452251354e-13, 3.45588276962e-13, 3.60405119377e-13, 5.37848411641e-13, 3.86389027328e-13, 4.92288935311e-13, 2.77206399111e-13, 4.31295732635e-13, 4.88475037329e-13, 3.9868718678e-13, 4.66412932582e-13, 3.90818128727e-13, 2.91461136909e-13, 2.29924315264e-13, 1.74473147518e-13, 1.67453887128e-13, 2.25992876214e-13, 2.25474031264e-13, 2.04758126145e-13, 2.32498102801e-13, 2.25267748248e-13, 2.61769772525e-13, 2.50728013655e-13, 2.71428577314e-13, 1.61892187481e-13, 2.42612028557e-13, 1.85920682604e-13, 1.8093554812e-13, 1.52477124893e-13, 1.72968830556e-13, 2.13893762728e-13, 1.83957477072e-13, 1.75546073988e-13, 1.43494116871e-13, 4.68344506514e-14, 5.78919744987e-15, 2.03876727588e-16],
        "stdev": [1.13169044198e-05, 3.84712038795e-05, 7.56769513828e-05, 0.000110807653982, 0.000265900744125, 0.000646019878332, 0.000829393044114, 0.00128838710953, 0.00131371780299, 0.000939302088227, 0.000904607528355, 0.000956164090894, 0.000944868894294, 0.000651571841445, 0.00111247075256, 0.000782706774771, 0.000757039757445, 0.00208971160464, 0.00168360641692, 0.000859612366185, 0.000531517842319, 0.000911849085242, 0.00148092058953, 0.000939211458899, 0.00167050887831, 0.00208985968493, 0.00139480957296, 0.00300731719472, 0.00190403638408, 0.00177459896076, 0.00158673012629, 0.000646109692752, 0.000367886270396, 0.0013320815051, 0.000959919590969, 0.000355516676791, 0.000647342880256, 0.000316415971611, 0.00033373318729, 0.000266892719083, 0.000213118895772, 7.0940463047e-05, 0.000145555997733, 0.000416238472098, 0.000126130267745, 0.000149617917486, 0.000298459402984, 0.000153684828547, 0.000115047529107, 0.000113991802209, 0.000108599713712, 0.000188445599633, 6.14248128841e-05, 3.23792992276e-05, 4.86529170303e-05, 2.47744155786e-05, 1.32798386403e-05, 4.02857767767e-05, 3.29458962369e-05, 3.04509430862e-05, 1.33250987346e-05, 1.79861908691e-05, 2.68715375569e-05, 3.13927521347e-05, 7.3735004662e-06, 2.32134539147e-06, 3.76895604859e-06, 2.14927240449e-06, 2.26119186664e-06, 3.86404872188e-06, 3.95483175453e-06, 2.09093059311e-06, 2.43216300078e-06, 8.27839926387e-07, 4.89298884077e-07, 3.85307259876e-07, 3.68429596165e-07, 3.79969776532e-07, 3.59890464097e-07, 3.42083154692e-07, 1.86651732292e-07, 2.10341056572e-07, 2.03554407108e-07, 1.85202281955e-07, 6.00857603672e-08, 5.58894597269e-10, 1.98034519339e-10, 1.39559544476e-10, 1.33077007747e-10, 1.26415891644e-10, 1.19676019095e-10, 1.17445345116e-10, 1.11728640229e-10, 1.06995634575e-10, 1.01637323557e-10, 9.59971060976e-11, 9.21949044885e-11, 8.79327166636e-11, 8.50235368222e-11, 8.04481342653e-11, 7.68362318215e-11, 7.34993593765e-11, 7.00665983566e-11, 6.75451777843e-11, 6.43796682631e-11, 6.14856221492e-11, 5.93888133116e-11, 5.65273314268e-11, 5.4594821719e-11, 5.25126123141e-11, 5.0881361624e-11, 4.83674940377e-11, 4.7028107103e-11, 4.55341563066e-11, 4.39713092326e-11, 4.23517783343e-11, 4.11639090869e-11, 3.98998681317e-11, 3.90253836191e-11, 3.79350509339e-11, 3.70450649323e-11, 3.64445557066e-11, 3.55341173153e-11, 3.49759735063e-11, 3.46021267195e-11, 3.41288872163e-11, 3.38338766726e-11, 3.36742057849e-11]
    },
    "mfcc": {
        "mean": [-742.7109375, 245.931442261, -87.9202346802, 49.9128646851, -20.3079204559, -4.26896762848, -1.94658088684, -8.82943725586, 6.68686771393, -19.4483089447, 3.54732966423, -18.2121448517, -9.01249885559],
        "cov": [[2332.08203125, 237.93649292, -1168.27124023, 205.897979736, -325.900085449, -46.7511100769, 46.9805717468, 45.9428672791, 133.241943359, -61.6126556396, -44.5047264099, -231.242279053, 3.97873330116], [237.93649292, 293.641265869, -31.9379425049, -94.9738998413, 44.6811141968, -69.342086792, 29.5097770691, 39.1681289673, -28.8496017456, 26.2248573303, -8.62832069397, -11.2389621735, -30.1493034363], [-1168.27124023, -31.9379425049, 782.507385254, -39.1175079346, 163.972198486, 59.5319252014, -75.1449737549, -15.9502515793, -55.7490386963, -5.23363018036, 43.2833023071, 117.153022766, -22.6763839722], [205.897979736, -94.9738998413, -39.1175079346, 240.611434937, 17.8142032623, 17.0232257843, -74.8110046387, -36.5910110474, 50.7153778076, -46.9781684875, -14.9781036377, -4.41051387787, 27.3766365051], [-325.900085449, 44.6811141968, 163.972198486, 17.8142032623, 215.415786743, -17.4569664001, -43.8848876953, -6.97207975388, -29.4033432007, 13.6814336777, -17.9047470093, 47.7929344177, 9.3944606781], [-46.7511100769, -69.342086792, 59.5319252014, 17.0232257843, -17.4569664001, 144.116348267, 30.1419696808, 4.89427518845, 15.4972486496, -42.1791343689, 12.208065033, -19.1053562164, -15.975818634], [46.9805717468, 29.5097770691, -75.1449737549, -74.8110046387, -43.8848876953, 30.1419696808, 173.833251953, 60.908908844, -25.2994747162, 13.710231781, -24.0199737549, -23.6137447357, -14.1013975143], [45.9428672791, 39.1681289673, -15.9502515793, -36.5910110474, -6.97207975388, 4.89427518845, 60.908908844, 113.336624146, 31.0500144958, -10.4507637024, -8.10681724548, -31.8603496552, -15.2884750366], [133.241943359, -28.8496017456, -55.7490386963, 50.7153778076, -29.4033432007, 15.4972486496, -25.2994747162, 31.0500144958, 117.656257629, 16.9731388092, -21.2916641235, -28.5142650604, -15.8367023468], [-61.6126556396, 26.2248573303, -5.23363018036, -46.9781684875, 13.6814336777, -42.1791343689, 13.710231781, -10.4507637024, 16.9731388092, 106.513824463, 20.5906352997, -7.7486782074, -10.4030265808], [-44.5047264099, -8.62832069397, 43.2833023071, -14.9781036377, -17.9047470093, 12.208065033, -24.0199737549, -8.10681724548, -21.2916641235, 20.5906352997, 94.7058029175, 24.0243415833, -20.6008968353], [-231.242279053, -11.2389621735, 117.153022766, -4.41051387787, 47.7929344177, -19.1053562164, -23.6137447357, -31.8603496552, -28.5142650604, -7.7486782074, 24.0243415833, 103.439407349, 36.954864502], [3.97873330116, -30.1493034363, -22.6763839722, 27.3766365051, 9.3944606781, -15.975818634, -14.1013975143, -15.2884750366, -15.8367023468, -10.4030265808, -20.6008968353, 36.954864502, 101.594551086]],
        "icov": [[0.0489920862019, -0.0658452287316, 0.0656482428312, -0.0604059062898, 0.0552870817482, -0.0485680215061, 0.0427334792912, -0.035624243319, 0.02910037525, -0.0223074201494, 0.017522091046, -0.0104774776846, 0.00690854107961], [-0.0658452287316, 0.0936124324799, -0.0880448296666, 0.0832245349884, -0.076407328248, 0.0684788897634, -0.0586381368339, 0.0480636283755, -0.039887368679, 0.0319096185267, -0.0248129963875, 0.0158104375005, -0.00852441973984], [0.0656482428312, -0.0880448296666, 0.0916221663356, -0.0831375494599, 0.0772082433105, -0.0730244591832, 0.0661952346563, -0.0574951767921, 0.0495462603867, -0.0400721058249, 0.0330221168697, -0.0243364684284, 0.0152359483764], [-0.0604059062898, 0.0832245349884, -0.0831375494599, 0.0867062583566, -0.0778775662184, 0.0723780542612, -0.0657015293837, 0.0624727457762, -0.0571918785572, 0.049015391618, -0.0393757373095, 0.0290999729186, -0.0184588767588], [0.0552870817482, -0.076407328248, 0.0772082433105, -0.0778775662184, 0.0820557102561, -0.0744179263711, 0.0723752826452, -0.0674911662936, 0.0634468346834, -0.0560400560498, 0.0498149096966, -0.0374839529395, 0.0218661054969], [-0.0485680215061, 0.0684788897634, -0.0730244591832, 0.0723780542612, -0.0744179263711, 0.0884122774005, -0.0804228261113, 0.0767429098487, -0.0748575031757, 0.0706154033542, -0.0617171451449, 0.0494018644094, -0.0273315422237], [0.0427334792912, -0.0586381368339, 0.0661952346563, -0.0657015293837, 0.0723752826452, -0.0804228261113, 0.0883111134171, -0.0831822305918, 0.0810299441218, -0.0740355625749, 0.06804613024, -0.052756447345, 0.0318436026573], [-0.035624243319, 0.0480636283755, -0.0574951767921, 0.0624727457762, -0.0674911662936, 0.0767429098487, -0.0831822305918, 0.0940131396055, -0.0863020569086, 0.0797969996929, -0.0713597908616, 0.059815376997, -0.0346081666648], [0.02910037525, -0.039887368679, 0.0495462603867, -0.0571918785572, 0.0634468346834, -0.0748575031757, 0.0810299441218, -0.0863020569086, 0.0962485820055, -0.0836158245802, 0.0764735341072, -0.0600995272398, 0.0379246510565], [-0.0223074201494, 0.0319096185267, -0.0400721058249, 0.049015391618, -0.0560400560498, 0.0706154033542, -0.0740355625749, 0.0797969996929, -0.0836158245802, 0.0895663946867, -0.0745631977916, 0.0611759535968, -0.0350258909166], [0.017522091046, -0.0248129963875, 0.0330221168697, -0.0393757373095, 0.0498149096966, -0.0617171451449, 0.06804613024, -0.0713597908616, 0.0764735341072, -0.0745631977916, 0.0802382975817, -0.0596776083112, 0.0365900397301], [-0.0104774776846, 0.0158104375005, -0.0243364684284, 0.0290999729186, -0.0374839529395, 0.0494018644094, -0.052756447345, 0.059815376997, -0.0600995272398, 0.0611759535968, -0.0596776083112, 0.063449665904, -0.0335430204868], [0.00690854107961, -0.00852441973984, 0.0152359483764, -0.0184588767588, 0.0218661054969, -0.0273315422237, 0.0318436026573, -0.0346081666648, 0.0379246510565, -0.0350258909166, 0.0365900397301, -0.0335430204868, 0.0302556212991]]
    },
    "spectral_contrast_coeffs": {
        "max": [-0.376656323671, -0.396197408438, -0.434968173504, -0.592431664467, -0.60040563345, -0.390200614929],
        "mean": [-0.65022289753, -0.71209615469, -0.677586257458, -0.750690996647, -0.73658823967, -0.648217260838],
        "min": [-0.874196708202, -0.937624514103, -0.885161876678, -0.904107987881, -0.90306198597, -0.878951668739],
        "stdev": [0.0642260760069, 0.0862912237644, 0.0918828472495, 0.0554712377489, 0.0456535927951, 0.0669417604804]
    },
    "spectral_contrast_valleys": {
        "max": [-5.28151845932, -5.01960849762, -5.35244560242, -6.42611598969, -7.02968263626, -11.569360733],
        "mean": [-7.07257223129, -6.80865859985, -7.5521440506, -7.88273334503, -8.54505825043, -14.3934011459],
        "min": [-9.24200439453, -9.56050205231, -10.7016239166, -10.654955864, -10.6797847748, -16.2837314606],
        "stdev": [0.549234092236, 0.595055580139, 0.737577736378, 0.699191987514, 0.681060016155, 0.930242657661]
    }
},
"rhythm": {
    "beats_count": 72,
    "beats_loudness": {
        "max": 0.073550760746,
        "mean": 0.0286092590541,
        "min": 0.000825217051897,
        "stdev": 0.0170500222594
    },
    "bpm": 85.0730819702,
    "bpm_histogram_first_peak_bpm": 85,
    "bpm_histogram_first_peak_weight": 0.191489398479,
    "bpm_histogram_second_peak_bpm": 99,
    "bpm_histogram_second_peak_spread": 0.421052634716,
    "bpm_histogram_second_peak_weight": 0.154929578304,
    "danceability": 0.960219800472,
    "onset_rate": 2.7275390625,
    "beats_loudness_band_ratio": {
        "max": [0.772353827953, 0.900821805, 0.826529145241, 0.85691767931, 0.359105974436, 0.0305728483945],
        "mean": [0.213732749224, 0.253094166517, 0.300899237394, 0.241215914488, 0.0747813731432, 0.00637843040749],
        "min": [0.00978678651154, 0.0314372479916, 0.0246971361339, 0.00620931200683, 0.00502414768562, 0.000309714727337],
        "stdev": [0.166776835918, 0.171976134181, 0.218883931637, 0.233678981662, 0.0753143057227, 0.00676894234493]
    },
    "beats_position": [0.626938760281, 1.27709746361, 1.92725622654, 2.58902478218, 3.23918366432, 3.88934230804, 4.58594083786, 5.28253936768, 5.9675283432, 6.64090681076, 7.31428575516, 7.92961454391, 8.54494285583, 9.16027164459, 9.76399040222, 10.379319191, 10.9830379486, 11.5867567062, 12.1672563553, 12.7709751129, 13.3746938705, 13.9784126282, 14.5937414169, 15.1858501434, 15.7779588699, 16.3700675964, 16.9505672455, 17.5310649872, 18.1115646362, 18.7036724091, 19.4118824005, 20.1200904846, 20.8282985687, 21.548116684, 22.2447166443, 22.9529247284, 23.6611328125, 24.3809528351, 25.1007709503, 25.8089790344, 26.5171871185, 27.22539711, 27.9336051941, 28.6418132782, 29.3500213623, 30.0582313538, 30.7664394379, 31.4862575531, 32.1828575134, 32.8910636902, 33.5992736816, 34.3074836731, 35.0156898499, 35.7122879028, 36.4088897705, 37.1170959473, 37.8253059387, 38.545124054, 39.2417221069, 39.9383201599, 40.6349182129, 41.3315200806, 42.0281181335, 42.7363243103, 43.4445343018, 44.1411323547, 44.86095047, 45.5575485229, 46.2541503906, 46.9507484436, 47.6589546204, 48.3671646118],
