{
"metadata": {
    "version": {
        "essentia": "2.1-beta5",
        "essentia_git_sha": "Undefined",
        "extractor": "music 2.0"
    },
    "audio_properties": {
        "analysis": {
            "equal_loudness": 0,
            "length": 48.7502937317,
            "sample_rate": 44100,
            "start_time": 12.7477550507,
            "downmix": "mix"
        },
        "bit_rate": 192000,
        "length": 179.734069824,
        "lossless": 0,
        "number_channels": 2,
        "replay_gain": -5.10842323303,
        "sample_rate": 48000,
        "codec": "mp3",
        "md5_encoded": "3a570f93d40863597e2a1d761cb33482"
    },
    "tags": {
        "file_name": "United KingdomUK_Boom Bang-a-bang_Lulu.mp3",
        "encoding": ["Lavf58.29.100"]
    }
},
"lowlevel": {
    "average_loudness": 0.910428106785,
    "barkbands_crest": {
        "max": 24.3080444336,
        "mean": 9.4220790863,
        "min": 2.74736857414,
        "stdev": 4.34332513809
    },
    "barkbands_flatness_db": {
        "max": 0.334280341864,
        "mean": 0.161092579365,
        "min": 0.06379558146,
        "stdev": 0.0407222285867
    },
    "barkbands_kurtosis": {
        "max": 49.7651519775,
        "mean": 2.51929569244,
        "min": -1.68111252785,
        "stdev": 5.33886671066
    },
    "barkbands_skewness": {
        "max": 5.5199213028,
        "mean": 0.728997409344,
        "min": -2.41182470322,
        "stdev": 1.15163874626
    },
    "barkbands_spread": {
        "max": 75.5076370239,
        "mean": 15.7486038208,
        "min": 0.961117506027,
        "stdev": 8.79795646667
    },
    "dissonance": {
        "max": 0.499999940395,
        "mean": 0.45865675807,
        "min": 0.273641526699,
        "stdev": 0.0324926711619
    },
    "dynamic_complexity": 3.98154783249,
    "erbbands_crest": {
        "max": 30.189655304,
        "mean": 10.3280677795,
        "min": 3.29128909111,
        "stdev": 5.06343126297
    },
    "erbbands_flatness_db": {
        "max": 0.382782995701,
        "mean": 0.21911765635,
        "min": 0.116298213601,
        "stdev": 0.0461846105754
    },
    "erbbands_kurtosis": {
        "max": 26.9575366974,
        "mean": 1.2702883482,
        "min": -1.78046309948,
        "stdev": 2.92877531052
    },
    "erbbands_skewness": {
        "max": 3.22482609749,
        "mean": 0.22616687417,
        "min": -2.35622859001,
        "stdev": 0.75937885046
    },
    "erbbands_spread": {
        "max": 108.24962616,
        "mean": 23.8660469055,
        "min": 1.7807302475,
        "stdev": 13.5706539154
    },
    "hfc": {
        "max": 144.923614502,
        "mean": 19.5579948425,
        "min": 0.0808484628797,
        "stdev": 17.8103199005
    },
    "loudness_ebu128": {
        "integrated": -19.159204483,
        "loudness_range": 5.90214538574,
        "momentary": {
            "max": -15.5703868866,
            "mean": -20.4509277344,
            "min": -37.271270752,
            "stdev": 3.84492373466
        },
        "short_term": {
            "max": -16.971157074,
            "mean": -19.8463363647,
            "min": -29.222360611,
            "stdev": 2.68563270569
        }
    },
    "melbands_crest": {
        "max": 30.8642463684,
        "mean": 11.5634393692,
        "min": 3.05340671539,
        "stdev": 5.10155439377
    },
    "melbands_flatness_db": {
        "max": 0.439732372761,
        "mean": 0.188797473907,
        "min": 0.0393953770399,
        "stdev": 0.0532677695155
    },
    "melbands_kurtosis": {
        "max": 105.641868591,
        "mean": 5.42630720139,
        "min": -1.5367000103,
        "stdev": 9.70574760437
    },
    "melbands_skewness": {
        "max": 7.14843177795,
        "mean": 1.27805125713,
        "min": -1.95966076851,
        "stdev": 1.41604244709
    },
    "melbands_spread": {
        "max": 117.768791199,
        "mean": 23.403881073,
        "min": 1.37447452545,
        "stdev": 12.8064908981
    },
    "pitch_salience": {
        "max": 0.858398139477,
        "mean": 0.614417493343,
        "min": 0.22087611258,
        "stdev": 0.110764548182
    },
    "silence_rate_20dB": {
        "max": 1,
        "mean": 1,
        "min": 1,
        "stdev": 0
    },
    "silence_rate_30dB": {
        "max": 1,
        "mean": 0.998096168041,
        "min": 0,
        "stdev": 0.0435912236571
    },
    "silence_rate_60dB": {
        "max": 1,
        "mean": 0.0990004763007,
        "min": 0,
        "stdev": 0.29866078496
    },
    "spectral_centroid": {
        "max": 3384.12207031,
        "mean": 1243.57739258,
        "min": 192.810958862,
        "stdev": 476.475708008
    },
    "spectral_complexity": {
        "max": 42,
        "mean": 18.2084712982,
        "min": 0,
        "stdev": 7.48442220688
    },
    "spectral_decrease": {
        "max": -3.52108585344e-11,
        "mean": -5.30265520382e-09,
        "min": -5.04375563537e-08,
        "stdev": 4.50196280255e-09
    },
    "spectral_energy": {
        "max": 0.19497294724,
        "mean": 0.0217874143273,
        "min": 0.000140227028169,
        "stdev": 0.018414195627
    },
    "spectral_energyband_high": {
        "max": 0.00221911328845,
        "mean": 0.000159097238793,
        "min": 1.85823500942e-06,
        "stdev": 0.000227704935241
    },
    "spectral_energyband_low": {
        "max": 0.0335379838943,
        "mean": 0.00196361471899,
        "min": 7.93840717961e-06,
        "stdev": 0.00323900487274
    },
    "spectral_energyband_middle_high": {
        "max": 0.095316156745,
        "mean": 0.00977697782218,
        "min": 1.56472415256e-05,
        "stdev": 0.0123698329553
    },
    "spectral_energyband_middle_low": {
        "max": 0.183011680841,
        "mean": 0.0104292389005,
        "min": 6.84098922648e-05,
        "stdev": 0.0119710089639
    },
    "spectral_entropy": {
        "max": 8.7620344162,
        "mean": 7.31636428833,
        "min": 5.81414604187,
        "stdev": 0.313062280416
    },
    "spectral_flux": {
        "max": 0.386562377214,
        "mean": 0.0789312720299,
        "min": 0.00608354154974,
        "stdev": 0.046467974782
    },
    "spectral_kurtosis": {
        "max": 29.6843109131,
        "mean": 7.44006061554,
        "min": -0.559921741486,
        "stdev": 4.1188120842
    },
    "spectral_rms": {
        "max": 0.0137919364497,
        "mean": 0.00417711026967,
        "min": 0.000369874120224,
        "stdev": 0.00195134640671
    },
    "spectral_rolloff": {
        "max": 8182.6171875,
        "mean": 1478.56396484,
        "min": 150.732421875,
        "stdev": 745.344970703
    },
    "spectral_skewness": {
        "max": 3.96893024445,
        "mean": 1.97230672836,
        "min": 0.607390999794,
        "stdev": 0.46409073472
    },
    "spectral_spread": {
        "max": 26975134,
        "mean": 3219407.5,
        "min": 1401639,
        "stdev": 1112500.125
    },
    "spectral_strongpeak": {
        "max": 11.5965900421,
        "mean": 1.71719801426,
        "min": 0.0134032983333,
        "stdev": 1.93603003025
    },
    "zerocrossingrate": {
        "max": 0.1826171875,
        "mean": 0.055171597749,
        "min": 0.00537109375,
        "stdev": 0.0197923798114
    },
    "barkbands": {
        "max": [0.000413111236412, 0.0152433132753, 0.0247533135116, 0.0300086308271, 0.144603416324, 0.0354260317981, 0.0299153625965, 0.0581532493234, 0.0585554838181, 0.0696169063449, 0.0574063435197, 0.0795087739825, 0.0448683053255, 0.0206014886498, 0.0146322641522, 0.0104103470221, 0.00712886732072, 0.00660499557853, 0.00443888781592, 0.000522542337421, 0.00116842717398, 0.00050577102229, 0.00107220269274, 0.00125892856158, 0.000244214083068, 3.51928702003e-06, 3.6705284856e-06],
        "mean": [2.07705525099e-05, 0.000608575821389, 0.000960958597716, 0.000873805372976, 0.00261284271255, 0.00161432975437, 0.00106420449447, 0.00130314100534, 0.00257117720321, 0.00182701996528, 0.00147450726945, 0.00235983682796, 0.00112734024879, 0.000930485490244, 0.000833753554616, 0.00054982182337, 0.000293460208923, 0.000307026057271, 0.000279407890048, 3.58269899152e-05, 4.05382888857e-05, 2.27205200645e-05, 2.78250663541e-05, 3.43291576428e-05, 1.35753925861e-05, 1.32306695377e-07, 6.04732530718e-09],
        "min": [2.30332464213e-08, 6.1133005147e-07, 1.1390968524e-07, 1.91382483195e-07, 1.02153273929e-06, 3.11546364173e-06, 1.13292321657e-06, 5.63199193948e-07, 1.9230531052e-06, 4.42189758587e-07, 3.04114593064e-07, 1.02771741695e-06, 5.32603905867e-07, 1.33894423016e-06, 4.42128708755e-07, 5.59161946967e-07, 3.93858101688e-07, 4.06322442359e-07, 3.20625758832e-07, 2.91098615435e-07, 3.34798954782e-07, 2.0023249192e-07, 2.09764166925e-07, 3.01544559989e-07, 1.31059650244e-07, 1.96245264483e-09, 4.45954245754e-11],
        "stdev": [2.7619093089e-05, 0.00115279841702, 0.00210786610842, 0.00202009198256, 0.00517144426703, 0.00304024945945, 0.00207196874544, 0.00385244749486, 0.00651937583461, 0.00457349373028, 0.00423938734457, 0.00639839982614, 0.00322148180567, 0.00169188645668, 0.001365662436, 0.000916012621019, 0.00044497352792, 0.000492317136377, 0.000470283848699, 4.87796969537e-05, 7.85756710684e-05, 4.38310453319e-05, 6.35520191281e-05, 6.81691453792e-05, 2.31136673392e-05, 2.45722247882e-07, 1.38036142516e-07]
    },
    "erbbands": {
        "max": [0.166374817491, 4.34190225601, 27.9836292267, 58.2045326233, 366.275085449, 504.133575439, 361.07434082, 342.12890625, 477.865325928, 490.907165527, 1234.43408203, 1614.1574707, 2294.875, 2559.51171875, 2535.13476562, 2855.40820312, 2424.17749023, 1378.32177734, 1105.28649902, 565.080749512, 672.642944336, 296.80355835, 241.638549805, 454.299346924, 131.285919189, 27.6152324677, 38.1005134583, 48.71692276, 21.7382678986, 12.148560524, 36.5828437805, 28.3799858093, 16.7529029846, 6.3165435791, 0.674528360367, 0.0283050462604, 0.00644789915532, 0.00228368164971, 0.000537961954251, 0.000214538682485],
        "mean": [0.00855382997543, 0.179454475641, 1.02945744991, 2.04648447037, 5.42123508453, 9.46740245819, 11.9168052673, 13.1402215958, 16.7212905884, 15.5417728424, 32.1900520325, 56.0720100403, 59.9067192078, 60.09349823, 84.5689544678, 83.0858917236, 56.8345031738, 42.1503868103, 53.0920562744, 39.2623825073, 25.7068080902, 17.5503635406, 16.0795841217, 21.1309452057, 6.25562238693, 2.01563024521, 1.82644188404, 1.28298413754, 0.785760402679, 0.636645376682, 0.828386664391, 0.768429756165, 0.563160359859, 0.28145095706, 0.0265325214714, 0.00173152016941, 0.000201241418836, 1.76438516064e-05, 1.40627143992e-05, 2.63944421022e-05],
        "min": [3.151132114e-05, 0.000192575578694, 0.000282049411908, 0.00142242608126, 0.008749560453, 0.00511804642156, 0.0269584618509, 0.0275107435882, 0.02031413652, 0.0192299112678, 0.0217845682055, 0.0452957041562, 0.0129746841267, 0.0172726474702, 0.0348839424551, 0.0408829152584, 0.0459140017629, 0.0612794458866, 0.0745010972023, 0.0432137474418, 0.0278196521103, 0.0243887957186, 0.0275090988725, 0.0186347067356, 0.0221557859331, 0.0155780939385, 0.0135518619791, 0.0119605902582, 0.00820285081863, 0.00694462889805, 0.00557397166267, 0.00449915695935, 0.00591257819906, 0.0029362719506, 0.00042714830488, 6.29863861832e-05, 2.88839009954e-06, 3.60326907867e-07, 1.80668024541e-07, 1.69867476529e-07],
        "stdev": [0.0134462881833, 0.339036077261, 2.17050385475, 3.8444006443, 12.8165540695, 18.5102157593, 23.8443870544, 25.3583660126, 33.1221694946, 32.8669509888, 83.0521850586, 142.63835144, 151.193359375, 148.864852905, 198.797897339, 213.152999878, 156.860153198, 85.1103897095, 88.7490463257, 64.1603851318, 43.2022285461, 25.8265857697, 21.981262207, 36.8903579712, 10.5779418945, 2.82577776909, 2.99480462074, 2.92193841934, 1.5221477747, 1.05214726925, 1.98079228401, 1.5123308897, 1.12191176414, 0.483664512634, 0.0498714521527, 0.00244216271676, 0.000459043891169, 8.78875434864e-05, 2.20328565774e-05, 2.19195353566e-05]
    },
    "gfcc": {
        "mean": [-41.2960319519, 127.61895752, -161.549133301, 24.0090103149, -65.9665374756, 19.3149623871, -49.5778656006, 3.48117351532, -18.0020256042, -19.0382156372, 0.771305322647, -17.9253997803, 3.30835580826],
        "cov": [[3595.69189453, -127.76020813, -449.931518555, -140.967941284, -198.376647949, -126.678794861, 27.0664901733, 21.8582706451, -70.9405593872, -184.247360229, 31.2854537964, -65.646232605, -60.9915275574], [-127.76020813, 444.556121826, 177.226348877, -87.3354797363, 103.881774902, -37.0827293396, 71.1392593384, -33.0234184265, 30.7020111084, -49.8700332642, -21.1754341125, -31.732131958, 29.4334182739], [-449.931518555, 177.226348877, 787.895324707, 329.55569458, -73.9465637207, 24.6520938873, -96.4982452393, 3.4414396286, -42.685634613, 15.6672058105, -34.8736190796, -72.129989624, -18.9573822021], [-140.967941284, -87.3354797363, 329.55569458, 451.68258667, 1.43861782551, -19.8150615692, -107.437477112, 29.6746387482, 0.804643452168, 35.8600997925, -16.5752334595, -44.6228179932, -29.5379962921], [-198.376647949, 103.881774902, -73.9465637207, 1.43861782551, 266.50680542, 76.342048645, 59.3348274231, -25.1924629211, 28.3116722107, 2.32127928734, -17.3852653503, 6.58606386185, 12.4552202225], [-126.678794861, -37.0827293396, 24.6520938873, -19.8150615692, 76.342048645, 173.899856567, 40.2895622253, -12.8710393906, -14.4049577713, 8.54443645477, -4.55887889862, -2.82697439194, -12.1209421158], [27.0664901733, 71.1392593384, -96.4982452393, -107.437477112, 59.3348274231, 40.2895622253, 136.670578003, 16.0139636993, 2.65308570862, -17.4210186005, -4.97021913528, 5.05509185791, -3.2256925106], [21.8582706451, -33.0234184265, 3.4414396286, 29.6746387482, -25.1924629211, -12.8710393906, 16.0139636993, 99.0542831421, 39.4252357483, -4.7391834259, -8.99032402039, -5.22835254669, -7.25681447983], [-70.9405593872, 30.7020111084, -42.685634613, 0.804643452168, 28.3116722107, -14.4049577713, 2.65308570862, 39.4252357483, 97.6346359253, 22.3461074829, -12.4644479752, -2.42115426064, -0.414632856846], [-184.247360229, -49.8700332642, 15.6672058105, 35.8600997925, 2.32127928734, 8.54443645477, -17.4210186005, -4.7391834259, 22.3461074829, 87.8236312866, 24.7080135345, 0.352952539921, -5.66575336456], [31.2854537964, -21.1754341125, -34.8736190796, -16.5752334595, -17.3852653503, -4.55887889862, -4.97021913528, -8.99032402039, -12.4644479752, 24.7080135345, 72.879196167, 21.2438983917, 0.223546236753], [-65.646232605, -31.732131958, -72.129989624, -44.6228179932, 6.58606386185, -2.82697439194, 5.05509185791, -5.22835254669, -2.42115426064, 0.352952539921, 21.2438983917, 82.1637954712, 27.0489768982], [-60.9915275574, 29.4334182739, -18.9573822021, -29.5379962921, 12.4552202225, -12.1209421158, -3.2256925106, -7.25681447983, -0.414632856846, -5.66575336456, 0.223546236753, 27.0489768982, 61.463306427]],
        "icov": [[0.000402003701311, -1.5783813069e-05, 0.000348522356944, -0.000161364121595, 0.000326680485159, 6.67301137582e-05, -3.35903641826e-05, 5.44071990589e-05, 9.40732425079e-05, 0.000925895292312, -0.00041770999087, 0.000544130220078, 0.000236086008954], [-1.5783813069e-05, 0.00994957238436, -0.00582215748727, 0.00433151610196, -0.00503114191815, 0.00615475652739, -0.00557875400409, 0.0054794033058, -0.0073047298938, 0.00638753036037, -0.00406594807282, 0.00424744142219, -0.00322186853737], [0.000348522356944, -0.00582215748727, 0.00586797250435, -0.00419703498483, 0.00405629165471, -0.00436582928523, 0.00334735424258, -0.00286868307739, 0.00495189474896, -0.00302187609486, 0.00271334638819, -0.000908021931536, 0.00122542842291], [-0.000161364121595, 0.00433151610196, -0.00419703498483, 0.00655015464872, -0.00420281942934, 0.00362400873564, 0.00079944555182, -0.000261872803094, -0.00183019554242, 0.000898681173567, -0.00111750839278, 0.00190063926857, 0.000434480869444], [0.000326680485159, -0.00503114191815, 0.00405629165471, -0.00420281942934, 0.00902654603124, -0.00556497555226, -0.00034260735265, 0.000808949873317, 0.000539758475497, -0.00174156180583, 0.00246438500471, -0.00177071499638, -0.000270912889391], [6.67301137582e-05, 0.00615475652739, -0.00436582928523, 0.00362400873564, -0.00556497555226, 0.0115683022887, -0.00459021050483, 0.00291267037392, -0.0022708773613, 0.00231674918905, -0.00187878496945, 0.00220006587915, 0.000262799672782], [-3.35903641826e-05, -0.00557875400409, 0.00334735424258, 0.00079944555182, -0.00034260735265, -0.00459021050483, 0.015352296643, -0.00762502616271, 0.00630213366821, -0.00317442300729, 0.00267173512839, -0.00210891058668, 0.0037927723024], [5.44071990589e-05, 0.0054794033058, -0.00286868307739, -0.000261872803094, 0.000808949873317, 0.00291267037392, -0.00762502616271, 0.0187093857676, -0.0119032366201, 0.00667529599741, -0.00259185349569, 0.00205086381175, -0.00171945116017], [9.40732425079e-05, -0.0073047298938, 0.00495189474896, -0.00183019554242, 0.000539758475497, -0.0022708773613, 0.00630213366821, -0.0119032366201, 0.0222053136677, -0.0106735937297, 0.00693985447288, -0.0027235399466, 0.00294659333304], [0.000925895292312, 0.00638753036037, -0.00302187609486, 0.000898681173567, -0.00174156180583, 0.00231674918905, -0.00317442300729, 0.00667529599741, -0.0106735937297, 0.0221359934658, -0.0100734662265, 0.00446027237922, -0.00116662750952], [-0.00041770999087, -0.00406594807282, 0.00271334638819, -0.00111750839278, 0.00246438500471, -0.00187878496945, 0.00267173512839, -0.00259185349569, 0.00693985447288, -0.0100734662265, 0.0206532590091, -0.00673583382741, 0.00280417129397], [0.000544130220078, 0.00424744142219, -0.000908021931536, 0.00190063926857, -0.00177071499638, 0.00220006587915, -0.00210891058668, 0.00205086381175, -0.0027235399466, 0.00446027237922, -0.00673583382741, 0.0192286614329, -0.00798149034381], [0.000236086008954, -0.00322186853737, 0.00122542842291, 0.000434480869444, -0.000270912889391, 0.000262799672782, 0.0037927723024, -0.00171945116017, 0.00294659333304, -0.00116662750952, 0.00280417129397, -0.00798149034381, 0.0221512150019]]
    },
    "melbands": {
        "max": [0.00292445113882, 0.00996165256947, 0.0160980913788, 0.0348938256502, 0.00997115951031, 0.00694566266611, 0.00676578795537, 0.00830941367894, 0.00804411806166, 0.0105153471231, 0.011564350687, 0.00977090001106, 0.00916074030101, 0.011842450127, 0.00547292968258, 0.00354927452281, 0.00227830884978, 0.00222372543067, 0.000939578749239, 0.00115795782767, 0.000932987080887, 0.000356848089723, 0.000572759308852, 0.000343134190189, 0.000414778798586, 0.00014137312246, 2.62730318354e-05, 1.86717243196e-05, 3.18085731124e-05, 4.14654059568e-05, 2.42826608883e-05, 1.5214501218e-05, 1.36272274176e-05, 7.32447642804e-06, 1.69073719007e-05, 2.69157499133e-05, 1.9802211682e-05, 1.21289403978e-05, 1.39561716423e-05, 5.19039940627e-06],
        "mean": [0.000122789439047, 0.000433401000919, 0.000447527883807, 0.000574380508624, 0.000415142654674, 0.000298078899505, 0.00024487983319, 0.000200084701646, 0.000261611508904, 0.000374968803953, 0.000299968669424, 0.000243824499194, 0.000249988224823, 0.000304488377878, 0.000132758825202, 0.000106734631117, 7.47523954487e-05, 9.07318171812e-05, 5.68299474253e-05, 4.40258118033e-05, 2.60827182501e-05, 1.62474752869e-05, 1.74264532689e-05, 1.43359902722e-05, 1.82887670235e-05, 7.48661977923e-06, 1.42752776355e-06, 1.20925142255e-06, 1.22186804674e-06, 9.19596743643e-07, 6.61312412831e-07, 4.27212427212e-07, 4.31705217352e-07, 3.14212769581e-07, 3.94522174929e-07, 6.29595433566e-07, 4.15415001953e-07, 3.97395183427e-07, 3.61756207212e-07, 1.97213651632e-07],
        "min": [5.10988172664e-07, 3.66583407185e-07, 4.50186036005e-07, 3.76906882593e-07, 1.33197374907e-06, 6.32215403584e-07, 2.45593810178e-07, 1.98087235503e-07, 2.40394427919e-07, 2.56440614521e-07, 5.90372053466e-08, 6.5128034521e-08, 8.3349760871e-08, 6.58483472193e-08, 6.74368365594e-08, 4.92223293236e-08, 8.49047196994e-08, 1.13457367945e-07, 3.65719223794e-08, 4.80433115513e-08, 2.79020397898e-08, 2.23241549691e-08, 2.44515341308e-08, 1.45398324491e-08, 1.44203013974e-08, 1.37753692897e-08, 9.33102040079e-09, 8.65676685891e-09, 8.00337129903e-09, 7.11543490794e-09, 5.1823545455e-09, 2.58069343673e-09, 3.04260816542e-09, 3.57940810325e-09, 2.70440470018e-09, 2.54745069483e-09, 2.37936426117e-09, 3.75114117546e-09, 3.00716629376e-09, 1.50712620162e-09],
        "stdev": [0.000216684638872, 0.000817171181552, 0.000868946546689, 0.00122630875558, 0.000742139469367, 0.000553227728233, 0.000474509521155, 0.000498759618495, 0.000612698495388, 0.000992119545117, 0.000772522646002, 0.000635505828541, 0.000628469162621, 0.000830231292639, 0.000355928204954, 0.000300747371512, 0.000158020178787, 0.000164262455655, 9.06573404791e-05, 8.089417679e-05, 5.10296486027e-05, 2.73716050287e-05, 2.74296799034e-05, 2.46421259362e-05, 3.32977760991e-05, 1.24003317978e-05, 2.34895151152e-06, 1.8180465986e-06, 2.10716416404e-06, 2.11357928492e-06, 1.56155624609e-06, 9.15102532417e-07, 8.65061451805e-07, 5.20972548657e-07, 8.77656475495e-07, 1.65846324762e-06, 8.89457339781e-07, 8.37961863454e-07, 7.02406850905e-07, 3.60683003464e-07]
    },
    "melbands128": {
        "max": [0.00023756166047, 0.000857807463035, 0.00365663389675, 0.00867917668074, 0.0159057024866, 0.0117363436148, 0.0116297407076, 0.0169053077698, 0.0407753735781, 0.043932966888, 0.0282680094242, 0.0115077476948, 0.0183770377189, 0.0164231471717, 0.0126683665439, 0.00839873217046, 0.00737270060927, 0.0124685941264, 0.00523641658947, 0.00736149773002, 0.0173456855118, 0.0239356439561, 0.0129837207496, 0.0125315357, 0.0185558050871, 0.0201144386083, 0.0241126716137, 0.0229082927108, 0.0127078332007, 0.0193012580276, 0.020744394511, 0.0149956168607, 0.0165808461607, 0.0141261303797, 0.0223184656352, 0.0153485676274, 0.0159404091537, 0.00691218068823, 0.0103032840416, 0.00905793625861, 0.00684951618314, 0.00836246460676, 0.00382100511342, 0.00528387958184, 0.003846087493, 0.00458269752562, 0.0026919443626, 0.00137563957833, 0.00155592488591, 0.00139941880479, 0.00198680232279, 0.00160691258498, 0.0019515499007, 0.00137006491423, 0.000455846980913, 0.000679399527144, 0.000532455742359, 0.00149230984971, 0.000351928581949, 0.000282850814983, 0.000393625348806, 0.000703416997567, 0.00121282273903, 0.000429554260336, 0.000368465407519, 0.00013327387569, 0.000214407526073, 2.1326886781e-05, 3.18322017847e-05, 5.56929044251e-05, 4.22409721068e-05, 3.57043900294e-05, 2.38479897234e-05, 6.92825342412e-05, 1.91168091987e-05, 2.88850351353e-05, 9.20579695958e-05, 3.24702341459e-05, 2.93721514026e-05, 3.67859065591e-05, 1.69729501067e-05, 2.49883578363e-05, 1.41550308399e-05, 2.48452106462e-05, 1.14530503197e-05, 5.89631144976e-06, 9.66230254562e-06, 8.18142962089e-06, 7.84319126979e-06, 4.69564656669e-05, 4.62911666546e-05, 4.02512887376e-05, 2.0462581233e-05, 2.89923063974e-05, 1.48262133735e-05, 1.89446345757e-05, 1.19851993077e-05, 1.38227014759e-05, 2.74975300272e-05, 7.46523437556e-06, 9.32119291974e-06, 7.33134538677e-06, 4.84655038235e-06, 8.0257945001e-07, 1.37547331747e-07, 1.68501372855e-07, 6.13431367924e-08, 6.21316402771e-08, 4.18261834056e-08, 4.08108071781e-08, 5.09597519738e-08, 4.4976147251e-08, 2.03657393172e-08, 1.96425027355e-08, 1.88939228707e-08, 1.8323621731e-08, 1.77661743095e-08, 1.71896683554e-08, 1.66971396709e-08, 1.62334696796e-08, 1.58401540773e-08, 1.55200172713e-08, 1.51682932881e-08, 1.49211718536e-08, 1.47280863061e-08, 1.45369662974e-08, 1.44032021865e-08, 1.43211025261e-08],
        "mean": [1.513314146e-05, 4.11285946029e-05, 0.000136376955197, 0.000334155163728, 0.00052993663121, 0.000437209440861, 0.00037800669088, 0.000470406695968, 0.000490393955261, 0.000729189312551, 0.000501991657075, 0.000396097428165, 0.000413809233578, 0.000404295511544, 0.000308065762511, 0.000230232617469, 0.00024803110864, 0.000308555550873, 0.000153956294525, 0.000120445285575, 0.000242386042373, 0.000375257222913, 0.000192142251763, 0.000235007697484, 0.000395856593968, 0.00039268823457, 0.000442508957349, 0.000208980141906, 0.000279545551166, 0.00030977037386, 0.000198809779249, 0.00017547281459, 0.000275059166597, 0.000233653801843, 0.000416008551838, 0.000308074580971, 0.000174136308488, 8.73768149177e-05, 0.000138600007631, 0.000152296022861, 7.68832396716e-05, 8.47376722959e-05, 6.91432578606e-05, 6.19694401394e-05, 0.000109517161036, 9.58644159255e-05, 7.79859401518e-05, 4.5598950237e-05, 5.2085302741e-05, 6.42142549623e-05, 3.71817586711e-05, 3.03580563923e-05, 4.11897162849e-05, 1.56160476763e-05, 1.12153693408e-05, 1.73685875779e-05, 1.81116647582e-05, 2.42031856033e-05, 1.38781670103e-05, 1.07289206426e-05, 1.4049523088e-05, 1.61974930961e-05, 1.98100733542e-05, 1.8350821847e-05, 1.90603877854e-05, 4.67197878606e-06, 3.53482073479e-06, 1.25119890981e-06, 9.61248701969e-07, 1.36958090025e-06, 1.36512403515e-06, 1.10504652184e-06, 8.92061564173e-07, 1.73654939317e-06, 8.39810752495e-07, 8.17845091206e-07, 1.11180440854e-06, 7.40359269003e-07, 5.67000938645e-07, 6.50232038879e-07, 3.33896508664e-07, 3.87200799423e-07, 4.73188947581e-07, 4.45196576493e-07, 4.25099869972e-07, 2.77449117903e-07, 3.25495648212e-07, 2.64845937181e-07, 2.89137773279e-07, 5.78085348479e-07, 7.0469820912e-07, 6.88944737703e-07, 4.27332338404e-07, 4.06789553153e-07, 3.89851805949e-07, 4.03660266102e-07, 4.1881904167e-07, 3.52550671323e-07, 4.1630380565e-07, 3.41598166642e-07, 2.51748815572e-07, 1.88370492538e-07, 1.09200065879e-07, 2.56559253842e-08, 4.51235493415e-09, 3.39736949684e-09, 3.36379346599e-09, 1.97732763496e-09, 1.61471092053e-09, 1.65089286686e-09, 1.26200705441e-09, 4.89009666094e-10, 2.99473362775e-10, 8.86700643465e-11, 6.04644875835e-11, 5.73323298558e-11, 3.33342277392e-11, 2.79341150905e-11, 2.73873475981e-11, 2.6478068002e-11, 2.56607651794e-11, 2.51106305887e-11, 2.45858819414e-11, 2.41594626249e-11, 2.37521634305e-11, 2.33374864572e-11, 2.30601267248e-11, 2.29230696924e-11],
        "min": [3.26834642683e-10, 1.02100386812e-07, 8.90209221893e-08, 2.06685243143e-07, 1.13865510798e-07, 7.04532396867e-08, 2.14284597178e-07, 7.51279216615e-08, 3.79782676418e-07, 1.28638760089e-07, 5.9698194832e-08, 1.01902990934e-07, 2.44036300501e-07, 3.35516318728e-07, 1.2662383142e-07, 2.10198123796e-07, 2.56963687661e-07, 7.22784250229e-08, 1.19655183539e-07, 8.70946976761e-08, 1.40861459386e-07, 1.03107872462e-07, 1.20015727134e-07, 6.37942605408e-08, 1.54565455546e-07, 1.24803818835e-07, 1.68366049991e-08, 1.66017724013e-08, 5.50111529662e-08, 9.24233631849e-08, 2.35605135401e-08, 4.44643291075e-08, 3.32517480217e-08, 3.13529469054e-08, 3.41267671899e-08, 2.31365362424e-08, 1.63888866922e-08, 3.15212247415e-08, 1.85879009962e-08, 2.53979877129e-08, 3.25804343504e-08, 2.10055119965e-08, 4.31802256173e-08, 2.32552146429e-08, 6.79940868054e-08, 2.63901576147e-08, 3.24995212964e-08, 1.94128748632e-08, 1.83680768373e-08, 1.61248987496e-08, 2.65164086244e-08, 2.38550104115e-08, 1.66705547144e-08, 2.96134716748e-09, 5.27160093355e-09, 7.67542562841e-09, 1.1063320926e-08, 1.40057903053e-08, 1.17434906244e-08, 8.65913207804e-09, 4.04664657339e-09, 7.6029937901e-09, 2.88459878206e-09, 3.88942344998e-09, 9.66670032909e-09, 7.64155583255e-09, 7.60664242705e-09, 3.51113804697e-09, 6.07705130662e-09, 3.2880582701e-09, 3.37163430508e-09, 9.5112873133e-10, 4.8600177216e-09, 2.69424238475e-09, 3.02270719565e-09, 6.49723497226e-10, 2.11046180532e-09, 1.50679180244e-09, 1.1014998913e-09, 1.36150202223e-09, 5.24768839494e-10, 1.66036562277e-09, 1.23734067436e-09, 1.77768477716e-09, 1.31995159247e-09, 9.07081965096e-10, 7.09309389002e-10, 1.26687726976e-09, 1.40632927526e-09, 1.94911708995e-09, 7.23436699435e-10, 8.18989376317e-10, 1.79321812954e-09, 1.51126189341e-09, 8.25920609682e-10, 9.92330995153e-10, 8.49274595094e-10, 1.14386777827e-09, 1.43562262078e-09, 4.83280471197e-10, 1.41713440982e-09, 3.50780460234e-10, 5.13946052383e-10, 1.01441320621e-11, 6.49025212913e-13, 1.05088611424e-11, 3.23977060457e-11, 2.3068773454e-12, 4.35004679847e-13, 4.32997225314e-13, 1.72854406569e-13, 1.59370915987e-13, 1.74785777214e-13, 1.46709738542e-13, 1.46809620667e-13, 1.80252216148e-13, 1.58869851953e-13, 1.25178120365e-13, 1.51357659045e-13, 1.56984099114e-13, 1.6217967724e-13, 1.36982832304e-13, 1.43307376599e-13, 1.46593403649e-13, 8.21235711813e-14, 3.23007781275e-14, 5.01323099041e-15, 1.47037600749e-16],
        "stdev": [2.0158227926e-05, 6.96251663612e-05, 0.000271010911092, 0.000684462545905, 0.00115505163558, 0.00093957275385, 0.000728209328372, 0.00118487293366, 0.00138413335662, 0.00176618725527, 0.00103394675534, 0.000797654560301, 0.00104360841215, 0.00102417252492, 0.000768570287619, 0.000580209831242, 0.000565354479477, 0.000744557299186, 0.000309906521579, 0.000372651877115, 0.000864604196977, 0.00133045460097, 0.000629061018117, 0.000711596512701, 0.00127854279708, 0.00146297574975, 0.00176017940976, 0.000871098658536, 0.000927841290832, 0.000981089659035, 0.000830083095934, 0.000729680235963, 0.000948922825046, 0.000833630969282, 0.00157979270443, 0.00104132283013, 0.000793348706793, 0.000368295673979, 0.000523837807123, 0.000609756680205, 0.000355390453478, 0.000316511694109, 0.000226386240683, 0.000190122518688, 0.000278261053609, 0.000240477689658, 0.000193192550796, 0.000108745392936, 0.00012532575056, 0.000153261586092, 0.000103080601548, 8.0772297224e-05, 9.86923259916e-05, 4.49723011116e-05, 2.12776812987e-05, 4.20355609094e-05, 3.77517098968e-05, 5.35667022632e-05, 2.72278430202e-05, 2.20424863073e-05, 3.14394237648e-05, 3.93855953007e-05, 6.79256190779e-05, 3.63422805094e-05, 3.33455282089e-05, 9.88594183582e-06, 1.22004303194e-05, 2.00604927159e-06, 1.80705842467e-06, 3.38114500664e-06, 2.69212159765e-06, 2.19074468077e-06, 1.49511424752e-06, 4.0299369175e-06, 1.45099568272e-06, 1.92785432773e-06, 4.15415706811e-06, 1.68490214492e-06, 1.57445265359e-06, 1.97412077796e-06, 8.39840879507e-07, 1.11874874165e-06, 1.03588081402e-06, 1.16129194794e-06, 8.46709156122e-07, 4.71244135269e-07, 6.28673546998e-07, 5.33275169801e-07, 5.24296069671e-07, 1.89892102753e-06, 2.32919251175e-06, 2.00888484869e-06, 9.03801833374e-07, 1.07295159069e-06, 9.12828852506e-07, 9.72315547187e-07, 9.33138551318e-07, 8.04999160664e-07, 1.01650414308e-06, 6.0202523855e-07, 4.85734176436e-07, 3.98589946826e-07, 2.80881153003e-07, 5.55737003083e-08, 8.63774118898e-09, 7.28669968808e-09, 5.38445688036e-09, 3.39283645623e-09, 3.00723446145e-09, 2.94231394804e-09, 2.62744359603e-09, 2.19180673611e-09, 1.49401313543e-09, 7.73427544232e-10, 7.16828374436e-10, 6.97586155507e-10, 6.66472321775e-10, 6.45897502149e-10, 6.27620899696e-10, 6.1125704498e-10, 5.96170113276e-10, 5.8335175579e-10, 5.71198255361e-10, 5.6175208929e-10, 5.53890044941e-10, 5.47139500373e-10, 5.4220655743e-10, 5.39203404148e-10]
    },
    "mfcc": {
        "mean": [-661.992492676, 139.724899292, -22.9116439819, -2.7931330204, 10.5807609558, -5.86503505707, -2.36366701126, 2.11309242249, -7.33045291901, -1.51295888424, -3.38101100922, -5.63774967194, -9.46572875977],
        "cov": [[3905.75732422, -254.378814697, -428.536773682, -159.711669922, -234.06539917, -237.483230591, -20.2521800995, 73.7695541382, -116.900482178, -43.0393676758, 8.85364246368, -57.3321075439, -104.31047821], [-254.378814697, 575.996765137, -44.2154388428, -81.2772750854, -13.1232070923, 37.28698349, 31.7559566498, 35.2531204224, 62.3418807983, -25.7424297333, -44.0191383362, 11.6024198532, 21.4344024658], [-428.536773682, -44.2154388428, 835.709411621, 267.6043396, 97.565574646, -24.4745807648, 3.02367925644, -66.5293807983, -34.1045455933, 29.6185779572, 16.10846138, -45.9396743774, -60.764465332], [-159.711669922, -81.2772750854, 267.6043396, 343.183624268, 113.709754944, -16.8752288818, -28.7188549042, -32.569896698, 9.4521074295, 23.8312149048, 21.9599151611, -16.3248348236, -35.691192627], [-234.06539917, -13.1232070923, 97.565574646, 113.709754944, 192.755722046, 74.9245986938, 4.52846097946, -5.94000720978, 23.3591251373, 24.2486495972, 4.21801710129, -7.7156867981, -6.32570886612], [-237.483230591, 37.28698349, -24.4745807648, -16.8752288818, 74.9245986938, 175.977157593, 59.2637557983, 0.160379528999, 12.1807756424, 8.6579875946, -1.17286598682, 1.09222829342, 11.8586158752], [-20.2521800995, 31.7559566498, 3.02367925644, -28.7188549042, 4.52846097946, 59.2637557983, 122.008369446, 20.3138790131, -13.635345459, 1.41617548466, -3.3445019722, -3.85473012924, -7.34085130692], [73.7695541382, 35.2531204224, -66.5293807983, -32.569896698, -5.94000720978, 0.160379528999, 20.3138790131, 110.251205444, 41.2308807373, -6.896463871, -8.23127651215, 2.02800536156, 9.93717861176], [-116.900482178, 62.3418807983, -34.1045455933, 9.4521074295, 23.3591251373, 12.1807756424, -13.635345459, 41.2308807373, 96.2139358521, 25.8771972656, -3.42136788368, -1.78564548492, 1.77214407921], [-43.0393676758, -25.7424297333, 29.6185779572, 23.8312149048, 24.2486495972, 8.6579875946, 1.41617548466, -6.896463871, 25.8771972656, 89.9697647095, 33.7392959595, -9.61594676971, -7.15409040451], [8.85364246368, -44.0191383362, 16.10846138, 21.9599151611, 4.21801710129, -1.17286598682, -3.3445019722, -8.23127651215, -3.42136788368, 33.7392959595, 69.7880630493, 21.8885402679, -12.3147716522], [-57.3321075439, 11.6024198532, -45.9396743774, -16.3248348236, -7.7156867981, 1.09222829342, -3.85473012924, 2.02800536156, -1.78564548492, -9.61594676971, 21.8885402679, 67.6933441162, 20.666053772], [-104.31047821, 21.4344024658, -60.764465332, -35.691192627, -6.32570886612, 11.8586158752, -7.34085130692, 9.93717861176, 1.77214407921, -7.15409040451, -12.3147716522, 20.666053772, 77.1781921387]],
        "icov": [[0.00036161908065, 8.66462432896e-05, 0.000234646722674, 4.79951131638e-06, 0.000141045544297, 0.000357938668458, 2.6409921702e-05, -0.000399582204409, 0.00056893681176, -4.94905580126e-05, -5.14037092216e-05, 0.000333166914061, 0.000547104165889], [8.66462432896e-05, 0.00217065913603, -0.000146442544064, 0.000481391063659, 0.000183294047019, -7.90992780821e-05, -0.0006342130946, 0.00021514207765, -0.00176174670924, 0.000633350398857, 0.00100701069459, -0.000576840655413, -2.49630920734e-05], [0.000234646722674, -0.000146442544064, 0.00192851247266, -0.00120279658586, -0.00023602899455, 0.000604098895565, -0.00037114310544, 0.000220691072172, 0.00110522052273, -0.000337269477313, -8.74547695275e-05, 0.000936506781727, 0.000822694448289], [4.79951131638e-06, 0.000481391063659, -0.00120279658586, 0.00520115531981, -0.002791891573, 0.00131132220849, 0.000329690956278, 0.000809949764516, -0.00126776040997, 0.000699559750501, -0.00110541528556, 0.000229262601351, 0.000684019294567], [0.000141045544297, 0.000183294047019, -0.00023602899455, -0.002791891573, 0.0089722238481, -0.00428319070488, 0.00119818316307, -0.000694729038514, -0.000499960151501, -0.00146690453403, 0.00125075469259, -0.0003188890405, 0.00042016923544], [0.000357938668458, -7.90992780821e-05, 0.000604098895565, 0.00131132220849, -0.00428319070488, 0.00996775273234, -0.00483898771927, 0.00173645408358, -0.00131345249247, 0.000856844766531, -0.00126526807435, 0.000968652078882, -0.00133036600892], [2.6409921702e-05, -0.0006342130946, -0.00037114310544, 0.000329690956278, 0.00119818316307, -0.00483898771927, 0.0121801178902, -0.00412980047986, 0.00469103921205, -0.00223274156451, 0.00144882465247, -0.000479980633827, 0.00264909584075], [-0.000399582204409, 0.00021514207765, 0.000220691072172, 0.000809949764516, -0.000694729038514, 0.00173645408358, -0.00412980047986, 0.0136852012947, -0.0080274567008, 0.00338580622338, -0.0012875853572, 0.000638206140138, -0.00240827468224], [0.00056893681176, -0.00176174670924, 0.00110522052273, -0.00126776040997, -0.000499960151501, -0.00131345249247, 0.00469103921205, -0.0080274567008, 0.0191813521087, -0.0073952418752, 0.00353408255614, -0.000857483071741, 0.00285031017847], [-4.94905580126e-05, 0.000633350398857, -0.000337269477313, 0.000699559750501, -0.00146690453403, 0.000856844766531, -0.00223274156451, 0.00338580622338, -0.0073952418752, 0.0185397639871, -0.0110744722188, 0.00620026374236, -0.0026239734143], [-5.14037092216e-05, 0.00100701069459, -8.74547695275e-05, -0.00110541528556, 0.00125075469259, -0.00126526807435, 0.00144882465247, -0.0012875853572, 0.00353408255614, -0.0110744722188, 0.0253677666187, -0.0116937169805, 0.00574259413406], [0.000333166914061, -0.000576840655413, 0.000936506781727, 0.000229262601351, -0.0003188890405, 0.000968652078882, -0.000479980633827, 0.000638206140138, -0.000857483071741, 0.00620026374236, -0.0116937169805, 0.0222400669008, -0.00607563508675], [0.000547104165889, -2.49630920734e-05, 0.000822694448289, 0.000684019294567, 0.00042016923544, -0.00133036600892, 0.00264909584075, -0.00240827468224, 0.00285031017847, -0.0026239734143, 0.00574259413406, -0.00607563508675, 0.0177028626204]]
    },
    "spectral_contrast_coeffs": {
        "max": [-0.445099830627, -0.468954026699, -0.487619251013, -0.561904907227, -0.60729187727, -0.687912464142],
        "mean": [-0.690620720387, -0.770444452763, -0.739791035652, -0.770227432251, -0.752647519112, -0.792238116264],
        "min": [-0.879742383957, -0.929257154465, -0.916574597359, -0.90493875742, -0.89367878437, -0.951505899429],
        "stdev": [0.0714941397309, 0.0710757374763, 0.0864933133125, 0.0603046640754, 0.0467894598842, 0.0264000892639]
    },
    "spectral_contrast_valleys": {
        "max": [-5.17215299606, -4.61650562286, -5.29991912842, -5.722032547, -6.46670246124, -8.91987419128],
        "mean": [-7.13582134247, -6.6237912178, -7.17511320114, -7.39540815353, -8.10069465637, -10.7579240799],
        "min": [-9.69715023041, -8.98152637482, -9.88248062134, -9.83210468292, -10.1594486237, -12.9993553162],
        "stdev": [0.722058951855, 0.65607136488, 0.716149628162, 0.670477151871, 0.624281585217, 0.746370315552]
    }
},
"rhythm": {
    "beats_count": 149,
    "beats_loudness": {
        "max": 0.107752047479,
        "mean": 0.0323304235935,
        "min": 0.000363862753147,
        "stdev": 0.0210297890007
    },
    "bpm": 184.570114136,
    "bpm_histogram_first_peak_bpm": 185,
    "bpm_histogram_first_peak_weight": 0,
    "bpm_histogram_second_peak_bpm": 191,
    "bpm_histogram_second_peak_spread": 0,
    "bpm_histogram_second_peak_weight": 0.256756752729,
    "danceability": 1.10457456112,
    "onset_rate": 3.0966796875,
    "beats_loudness_band_ratio": {
        "max": [0.854331433773, 0.792666554451, 0.811813533306, 0.862833976746, 0.518315553665, 0.263032644987],
        "mean": [0.176498308778, 0.200423717499, 0.214932441711, 0.300203382969, 0.131164774299, 0.0217523630708],
        "min": [0.00371175981127, 0.00968597363681, 0.0160340350121, 0.00307677756064, 0.00171024212614, 0.000570633332245],
        "stdev": [0.205138683319, 0.188609525561, 0.20018735528, 0.241482466459, 0.114398829639, 0.0315773449838]
    },
