{
"metadata": {
    "version": {
        "essentia": "2.1-beta5",
        "essentia_git_sha": "Undefined",
        "extractor": "music 2.0"
    },
    "audio_properties": {
        "analysis": {
            "equal_loudness": 0,
            "length": 12.7477550507,
            "sample_rate": 44100,
            "start_time": 0,
            "downmix": "mix"
        },
        "bit_rate": 192000,
        "length": 143.209075928,
        "lossless": 0,
        "number_channels": 2,
        "replay_gain": -16.6301364899,
        "sample_rate": 48000,
        "codec": "mp3",
        "md5_encoded": "e4c86fe530923cccd70c5304ed102c42"
    },
    "tags": {
        "file_name": "Norway_Oj, Oj, Oj, Så Glad, Jeg Skal Bli_Kirsti Sparboe.mp3",
        "encoding": ["Lavf58.29.100"]
    }
},
"lowlevel": {
    "average_loudness": 0.872713506222,
    "barkbands_crest": {
        "max": 19.1935844421,
        "mean": 6.22575283051,
        "min": 2.72207283974,
        "stdev": 2.68396520615
    },
    "barkbands_flatness_db": {
        "max": 0.255199432373,
        "mean": 0.137722745538,
        "min": 0.0689231231809,
        "stdev": 0.0288411229849
    },
    "barkbands_kurtosis": {
        "max": 10.668264389,
        "mean": 0.407517433167,
        "min": -1.613098979,
        "stdev": 1.91570699215
    },
    "barkbands_skewness": {
        "max": 3.03526234627,
        "mean": 0.475575327873,
        "min": -1.24540913105,
        "stdev": 0.847894668579
    },
    "barkbands_spread": {
        "max": 44.0379104614,
        "mean": 21.5173091888,
        "min": 2.36629796028,
        "stdev": 6.97644805908
    },
    "dissonance": {
        "max": 0.499801456928,
        "mean": 0.477625906467,
        "min": 0.214386194944,
        "stdev": 0.0207782592624
    },
    "dynamic_complexity": 6.78416204453,
    "erbbands_crest": {
        "max": 25.1751804352,
        "mean": 7.31342983246,
        "min": 3.21079349518,
        "stdev": 3.28689312935
    },
    "erbbands_flatness_db": {
        "max": 0.347390174866,
        "mean": 0.203276887536,
        "min": 0.108366169035,
        "stdev": 0.0406830497086
    },
    "erbbands_kurtosis": {
        "max": 12.5459680557,
        "mean": 0.140070721507,
        "min": -1.71628785133,
        "stdev": 1.44226264954
    },
    "erbbands_skewness": {
        "max": 2.33656072617,
        "mean": -0.0602732300758,
        "min": -2.01410341263,
        "stdev": 0.472210884094
    },
    "erbbands_spread": {
        "max": 76.269821167,
        "mean": 28.2560272217,
        "min": 3.30609846115,
        "stdev": 13.7093667984
    },
    "hfc": {
        "max": 82.6334228516,
        "mean": 17.6667079926,
        "min": 0.0073480703868,
        "stdev": 17.5663795471
    },
    "loudness_ebu128": {
        "integrated": -7.50986909866,
        "loudness_range": 12.0507183075,
        "momentary": {
            "max": -4.08934736252,
            "mean": -12.155831337,
            "min": -32.5194778442,
            "stdev": 8.27415275574
        },
        "short_term": {
            "max": -5.65075922012,
            "mean": -9.72541999817,
            "min": -23.0185642242,
            "stdev": 4.86800765991
        }
    },
    "melbands_crest": {
        "max": 25.7532806396,
        "mean": 8.64854049683,
        "min": 3.26361703873,
        "stdev": 4.15538549423
    },
    "melbands_flatness_db": {
        "max": 0.2575096488,
        "mean": 0.145315274596,
        "min": 0.0513224750757,
        "stdev": 0.0355341657996
    },
    "melbands_kurtosis": {
        "max": 39.0854606628,
        "mean": 3.11660146713,
        "min": -1.39743757248,
        "stdev": 6.15234947205
    },
    "melbands_skewness": {
        "max": 5.6724114418,
        "mean": 1.20764279366,
        "min": -1.02680158615,
        "stdev": 1.16947138309
    },
    "melbands_spread": {
        "max": 81.3603820801,
        "mean": 32.4305038452,
        "min": 5.37722110748,
        "stdev": 12.0898666382
    },
    "pitch_salience": {
        "max": 0.892242431641,
        "mean": 0.678608059883,
        "min": 0.357784241438,
        "stdev": 0.0896850377321
    },
    "silence_rate_20dB": {
        "max": 1,
        "mean": 1,
        "min": 1,
        "stdev": 0
    },
    "silence_rate_30dB": {
        "max": 1,
        "mean": 1,
        "min": 1,
        "stdev": 0
    },
    "silence_rate_60dB": {
        "max": 1,
        "mean": 0.341818183661,
        "min": 0,
        "stdev": 0.474317103624
    },
    "spectral_centroid": {
        "max": 3167.94506836,
        "mean": 1660.97302246,
        "min": 620.607543945,
        "stdev": 436.373535156
    },
    "spectral_complexity": {
        "max": 45,
        "mean": 19.4690914154,
        "min": 0,
        "stdev": 13.0011930466
    },
    "spectral_decrease": {
        "max": -1.10252377974e-12,
        "mean": -4.03388344949e-09,
        "min": -1.82060428955e-08,
        "stdev": 4.00715860494e-09
    },
    "spectral_energy": {
        "max": 0.0751339271665,
        "mean": 0.0168272163719,
        "min": 4.82764698972e-06,
        "stdev": 0.0165955983102
    },
    "spectral_energyband_high": {
        "max": 0.00206059962511,
        "mean": 0.000293303659419,
        "min": 2.81260703616e-08,
        "stdev": 0.000328760565026
    },
    "spectral_energyband_low": {
        "max": 0.0266857594252,
        "mean": 0.0019719125703,
        "min": 1.22708954109e-07,
        "stdev": 0.003953976091
    },
    "spectral_energyband_middle_high": {
        "max": 0.0683039575815,
        "mean": 0.00770304491743,
        "min": 3.48106163983e-06,
        "stdev": 0.00896563660353
    },
    "spectral_energyband_middle_low": {
        "max": 0.0472613275051,
        "mean": 0.00784597732127,
        "min": 1.24038479044e-06,
        "stdev": 0.00889646913856
    },
    "spectral_entropy": {
        "max": 8.10684967041,
        "mean": 7.62601470947,
        "min": 6.69065475464,
        "stdev": 0.25512573123
    },
    "spectral_flux": {
        "max": 0.268890053034,
        "mean": 0.0621997416019,
        "min": 0.00219719065353,
        "stdev": 0.0435042716563
    },
    "spectral_kurtosis": {
        "max": 27.9619808197,
        "mean": 4.97588157654,
        "min": 0.89852976799,
        "stdev": 3.04784750938
    },
    "spectral_rms": {
        "max": 0.00856162328273,
        "mean": 0.00338711868972,
        "min": 6.8628709414e-05,
        "stdev": 0.00222356361337
    },
    "spectral_rolloff": {
        "max": 4155.90820312,
        "mean": 1947.07226562,
        "min": 215.33203125,
        "stdev": 741.739868164
    },
    "spectral_skewness": {
        "max": 4.26512527466,
        "mean": 1.49468648434,
        "min": 0.654298841953,
        "stdev": 0.423239678144
    },
    "spectral_spread": {
        "max": 11568402,
        "mean": 3221910.25,
        "min": 1604729.875,
        "stdev": 880591.9375
    },
    "spectral_strongpeak": {
        "max": 11.5701026917,
        "mean": 1.02429163456,
        "min": 0.00370124005713,
        "stdev": 1.46127426624
    },
    "zerocrossingrate": {
        "max": 0.18603515625,
        "mean": 0.0688529834151,
        "min": 0.03125,
        "stdev": 0.0175517424941
    },
    "barkbands": {
        "max": [0.000147730184835, 0.00947647541761, 0.0123526426032, 0.0306212734431, 0.0159845370799, 0.0133827673271, 0.0218356829137, 0.0184245537966, 0.0188078135252, 0.0211166590452, 0.0089749796316, 0.0379752404988, 0.0432049632072, 0.0195132978261, 0.00865410082042, 0.00499829510227, 0.00964587647468, 0.00417784834281, 0.00531385513023, 0.000802277645562, 0.000883570581209, 0.000364711042494, 0.000283002882497, 0.000370646506781, 6.52484450256e-05, 2.47467687586e-06, 5.385184636e-07],
        "mean": [1.43461184052e-05, 0.000501815113239, 0.000838540436234, 0.00121151644271, 0.00158918614034, 0.00101883162279, 0.00120472931303, 0.00081723369658, 0.00137100485153, 0.0014932253398, 0.000621809216682, 0.00141553452704, 0.000880835636053, 0.000881851883605, 0.000537559739314, 0.000500664231367, 0.000512942264322, 0.000439675553935, 0.000636737735476, 0.000125397520605, 8.68662755238e-05, 5.35796498298e-05, 2.95131721941e-05, 3.5567827581e-05, 8.20845980343e-06, 5.73207223908e-08, 1.25745449608e-08],
        "min": [7.13691505894e-09, 5.16590077382e-08, 4.80094293209e-08, 3.1308182713e-08, 1.95296969707e-08, 4.91586860107e-08, 1.9933000317e-07, 2.43489409968e-07, 1.58393476113e-07, 1.43055032709e-07, 8.26053039304e-08, 2.29730659385e-07, 1.19859265624e-07, 1.94364375261e-07, 2.88037824703e-07, 2.0406854162e-07, 1.31873505893e-07, 1.02492954568e-07, 4.8060016411e-08, 3.74971387274e-09, 4.30940616525e-09, 1.04640767162e-08, 5.43035572065e-09, 3.44546680076e-09, 2.23663421117e-09, 3.03142884059e-12, 3.91586242598e-12],
        "stdev": [1.97601111722e-05, 0.00123147724662, 0.00176364870276, 0.00332692731172, 0.00258631096222, 0.00142966478597, 0.00186482048593, 0.00144665024709, 0.00227003800683, 0.0025437020231, 0.000918072764762, 0.00303895911202, 0.00229473691434, 0.00199066055939, 0.000892332463991, 0.000786626769695, 0.000872752221767, 0.000582394481171, 0.000850588839967, 0.000135795111419, 0.000115738876048, 6.66296255076e-05, 4.21747572545e-05, 5.05352654727e-05, 1.15831562653e-05, 1.88395105738e-07, 4.14415879391e-08]
    },
    "erbbands": {
        "max": [0.146430149674, 2.58486890793, 10.1859970093, 61.3550949097, 62.9512062073, 71.321472168, 76.825592041, 125.354751587, 334.293395996, 113.963684082, 499.762237549, 394.882751465, 944.820251465, 303.253723145, 386.490692139, 1786.0411377, 1431.5838623, 1027.51477051, 389.297485352, 495.511962891, 194.683258057, 654.415222168, 281.527130127, 382.647125244, 125.193977356, 40.4989967346, 25.1908073425, 51.4885673523, 20.0716381073, 9.32345294952, 6.81504392624, 7.40131664276, 4.99313116074, 1.61205387115, 0.125237479806, 0.014064706862, 0.00385910761543, 0.00113178801257, 0.000127691193484, 9.33962946874e-05],
        "mean": [0.0102947195992, 0.137471780181, 0.759846329689, 2.86261153221, 4.72756576538, 5.39936733246, 5.39497900009, 9.04702472687, 18.1153182983, 12.6691627502, 22.5695323944, 33.4104270935, 49.9623756409, 31.8196411133, 27.9158363342, 68.0646972656, 41.4146232605, 43.4946937561, 30.6923217773, 34.0823974609, 24.6876926422, 28.939081192, 26.0587005615, 40.815662384, 13.4097900391, 5.45148181915, 4.68163061142, 3.24831175804, 2.14040851593, 1.19831156731, 0.783973932266, 0.84331035614, 0.475832909346, 0.173245385289, 0.0166789721698, 0.000793468148913, 0.000141879354487, 3.29959511873e-05, 1.25234282677e-05, 2.09990957956e-05],
        "min": [1.31394097025e-06, 1.24869784486e-05, 4.9258243962e-05, 9.10062881303e-05, 9.09972150112e-05, 5.66077178519e-05, 4.47568163509e-05, 0.000650249479804, 0.00464780302718, 0.00845526065677, 0.00586208188906, 0.00408099172637, 0.00497544137761, 0.00290891504847, 0.00634349929169, 0.0107971252874, 0.00652562873438, 0.011362879537, 0.0111492145807, 0.0143759297207, 0.0158864427358, 0.0106252999976, 0.0065394109115, 0.00476843910292, 0.000558185798582, 0.000150323758135, 0.000168805170688, 0.000247931369813, 0.00042743285303, 0.000256266474025, 0.000116240546049, 4.53365937574e-05, 7.95829764684e-05, 4.00920616812e-05, 2.35175230046e-06, 2.33011945738e-07, 8.17193424041e-08, 2.86153589713e-08, 9.4076089141e-09, 6.85835344072e-09],
        "stdev": [0.0192420817912, 0.331629574299, 1.4702129364, 6.85444879532, 8.04795455933, 9.2646150589, 9.0133228302, 12.9705867767, 30.2523422241, 17.3979129791, 39.2301826477, 53.1700592041, 87.9688110352, 48.5745201111, 39.730594635, 146.342880249, 88.6878356934, 94.0358886719, 47.2883415222, 55.8008041382, 34.0759010315, 55.0323448181, 35.5223350525, 50.6129379272, 17.2127876282, 5.6060667038, 5.09024095535, 5.16291713715, 2.84794712067, 1.64261353016, 1.04400765896, 1.17105722427, 0.7000477314, 0.246388748288, 0.0233934409916, 0.00147151725832, 0.000353518378688, 8.65615802468e-05, 1.46318943735e-05, 2.05758242373e-05]
    },
    "gfcc": {
        "mean": [-68.5291137695, 123.057373047, -176.336288452, 38.4275169373, -70.5503005981, 16.3096103668, -39.872718811, 2.81289887428, -13.2277994156, -18.3464756012, 4.21144485474, -20.5394554138, 2.15502524376],
        "cov": [[12006.2226562, 23.7140865326, -819.707458496, -234.57244873, -255.923095703, -781.476867676, 307.363708496, -211.905654907, -327.494171143, -403.412780762, -122.295295715, 8.39752292633, -278.780914307], [23.7140865326, 320.094573975, -8.76728248596, -110.448791504, 109.448287964, -1.43830084801, 50.3872871399, -35.2482833862, 36.6766471863, -26.5928592682, 17.4990634918, -14.375711441, 20.8596324921], [-819.707458496, -8.76728248596, 485.510192871, 239.484115601, -43.4415359497, 77.9867706299, -42.4617576599, 46.8119697571, -101.304199219, 51.4781837463, -33.2038955688, -26.1081733704, -35.2020606995], [-234.57244873, -110.448791504, 239.484115601, 306.27255249, -60.1147613525, -29.5468597412, -23.8596153259, 32.6822128296, -65.3839797974, 8.99732017517, -12.9644145966, -19.7343425751, -39.2164611816], [-255.923095703, 109.448287964, -43.4415359497, -60.1147613525, 213.907546997, 110.378677368, 47.6393852234, 13.3219156265, 57.8391304016, 9.41151618958, 0.0737931728363, 9.05874729156, 10.3885421753], [-781.476867676, -1.43830084801, 77.9867706299, -29.5468597412, 110.378677368, 241.867141724, 33.8634872437, 16.104385376, 34.6154174805, 51.6713943481, -17.3944702148, -1.65029668808, 1.96146667004], [307.363708496, 50.3872871399, -42.4617576599, -23.8596153259, 47.6393852234, 33.8634872437, 93.6874465942, 3.47361135483, 0.191246762872, -5.63702201843, 0.732487738132, -12.3438253403, -11.7066354752], [-211.905654907, -35.2482833862, 46.8119697571, 32.6822128296, 13.3219156265, 16.104385376, 3.47361135483, 87.3238296509, 25.5982894897, 21.4406661987, 1.77445232868, 8.29227828979, 6.69521045685], [-327.494171143, 36.6766471863, -101.304199219, -65.3839797974, 57.8391304016, 34.6154174805, 0.191246762872, 25.5982894897, 108.341896057, 13.7474946976, 8.89632034302, 19.0378780365, 22.2706451416], [-403.412780762, -26.5928592682, 51.4781837463, 8.99732017517, 9.41151618958, 51.6713943481, -5.63702201843, 21.4406661987, 13.7474946976, 64.2348022461, 18.6132450104, 0.145606651902, 15.9101848602], [-122.295295715, 17.4990634918, -33.2038955688, -12.9644145966, 0.0737931728363, -17.3944702148, 0.732487738132, 1.77445232868, 8.89632034302, 18.6132450104, 51.3653678894, 7.53626823425, 18.5475406647], [8.39752292633, -14.375711441, -26.1081733704, -19.7343425751, 9.05874729156, -1.65029668808, -12.3438253403, 8.29227828979, 19.0378780365, 0.145606651902, 7.53626823425, 46.6041297913, 15.5366344452], [-278.780914307, 20.8596324921, -35.2020606995, -39.2164611816, 10.3885421753, 1.96146667004, -11.7066354752, 6.69521045685, 22.2706451416, 15.9101848602, 18.5475406647, 15.5366344452, 60.3292503357]],
        "icov": [[0.000227916229051, -0.000339141639415, 0.000704964739271, -4.68473044748e-05, 0.000126957442262, 0.000521400943398, -0.000520039640833, -0.000293429213343, 0.00118185230531, -0.000452557869721, 0.00100569345523, -0.000852229481097, 0.00103754701559], [-0.000339141639415, 0.0156286098063, -0.0140795856714, 0.00902019813657, -0.00734628736973, 0.0072107007727, -0.0095318313688, 0.011068395339, -0.0157498251647, 0.0137395253405, -0.0114341024309, 0.00889516156167, -0.0079551236704], [0.000704964739271, -0.0140795856714, 0.0196943320334, -0.0110227242112, 0.00626964634284, -0.00766029162332, 0.0103372260928, -0.0128054730594, 0.0212507266551, -0.0161652360111, 0.0141902593896, -0.00861096475273, 0.00932205189019], [-4.68473044748e-05, 0.00902019813657, -0.0110227242112, 0.0116702374071, -0.00399165041745, 0.00621822429821, -0.00607524672523, 0.00501951668411, -0.00853871833533, 0.008271609433, -0.00702899834141, 0.00519638694823, -0.00163827615324], [0.000126957442262, -0.00734628736973, 0.00626964634284, -0.00399165041745, 0.0112701803446, -0.00670470343903, 0.00169901608024, -0.00517340237275, 0.0040754606016, -0.00384206557646, 0.00407418562099, -0.00478994706646, 0.00286122737452], [0.000521400943398, 0.0072107007727, -0.00766029162332, 0.00621822429821, -0.00670470343903, 0.0144104994833, -0.0094824815169, 0.00691867619753, -0.00706187868491, -0.0011303704232, 0.00177962810267, 0.00127834139857, -0.00040465692291], [-0.000520039640833, -0.0095318313688, 0.0103372260928, -0.00607524672523, 0.00169901608024, -0.0094824815169, 0.0239795427769, -0.0102598359808, 0.0114901326597, -0.00610714219511, 0.0021349566523, 0.00112772826105, 0.00520493695512], [-0.000293429213343, 0.011068395339, -0.0128054730594, 0.00501951668411, -0.00517340237275, 0.00691867619753, -0.0102598359808, 0.0242783501744, -0.0181052964181, 0.0061015994288, -0.00683341035619, 0.00349289085716, -0.00713560450822], [0.00118185230531, -0.0157498251647, 0.0212507266551, -0.00853871833533, 0.0040754606016, -0.00706187868491, 0.0114901326597, -0.0181052964181, 0.0383319370449, -0.0182263106108, 0.0158700160682, -0.0133033646271, 0.0107263782993], [-0.000452557869721, 0.0137395253405, -0.0161652360111, 0.008271609433, -0.00384206557646, -0.0011303704232, -0.00610714219511, 0.0061015994288, -0.0182263106108, 0.0431102961302, -0.0244180392474, 0.0121366651729, -0.0123206693679], [0.00100569345523, -0.0114341024309, 0.0141902593896, -0.00702899834141, 0.00407418562099, 0.00177962810267, 0.0021349566523, -0.00683341035619, 0.0158700160682, -0.0244180392474, 0.0403786227107, -0.0119414571673, 0.00396736012772], [-0.000852229481097, 0.00889516156167, -0.00861096475273, 0.00519638694823, -0.00478994706646, 0.00127834139857, 0.00112772826105, 0.00349289085716, -0.0133033646271, 0.0121366651729, -0.0119414571673, 0.0334744155407, -0.0112851178274], [0.00103754701559, -0.0079551236704, 0.00932205189019, -0.00163827615324, 0.00286122737452, -0.00040465692291, 0.00520493695512, -0.00713560450822, 0.0107263782993, -0.0123206693679, 0.00396736012772, -0.0112851178274, 0.0307937283069]]
    },
    "melbands": {
        "max": [0.00200429093093, 0.00377973052673, 0.00965682696551, 0.00401257304475, 0.00271434593014, 0.00262879882939, 0.00494864117354, 0.001536757336, 0.00378156872466, 0.00273581640795, 0.00455726310611, 0.00149259658065, 0.00123301928397, 0.00317516829818, 0.00707939639688, 0.00083994877059, 0.00233893934637, 0.000844580121338, 0.000903131149244, 0.000498633831739, 0.00019767593767, 0.000704255129676, 0.000257922773017, 0.000247307500103, 0.000382976053515, 0.000201316244784, 4.25518774136e-05, 3.07542577502e-05, 2.32929487538e-05, 1.50287878569e-05, 3.26728550135e-05, 1.19516125778e-05, 8.51988625072e-06, 6.09729977441e-06, 3.85753537557e-06, 4.86253566123e-06, 6.17846853856e-06, 4.81785082229e-06, 3.08955850414e-06, 1.41871453252e-06],
        "mean": [0.00012016560504, 0.000345285225194, 0.000545692339074, 0.000375527015422, 0.000192644074559, 0.000216284330236, 0.000271937286016, 0.000136723043397, 0.000177731810254, 0.000219985100557, 0.000252885452937, 0.000133490757435, 8.16836982267e-05, 0.000146755381138, 0.000147988088429, 7.48120728531e-05, 8.49205171107e-05, 5.25620889675e-05, 4.34821558883e-05, 4.71247985843e-05, 2.39624296228e-05, 3.03058932332e-05, 2.43048161792e-05, 2.24350169447e-05, 3.65225605492e-05, 1.59744104167e-05, 3.79792800231e-06, 3.5651548842e-06, 3.53661698682e-06, 1.90645243947e-06, 1.83007489341e-06, 1.28382760067e-06, 8.13162898794e-07, 6.14009934452e-07, 4.50057399348e-07, 4.42273488943e-07, 5.50187280624e-07, 3.61502969781e-07, 2.34579644598e-07, 1.15848777682e-07],
        "min": [1.33840512007e-08, 2.29152501419e-08, 1.56979478305e-08, 5.204484399e-09, 1.41025702227e-09, 1.51439571994e-08, 7.54617062171e-08, 8.84411264224e-08, 4.26463770964e-08, 2.43904576536e-08, 2.49743496994e-08, 1.186318066e-08, 1.51554075956e-08, 3.53873659265e-08, 2.05517203256e-08, 1.34304736221e-08, 2.03339158844e-08, 1.38053612986e-08, 2.22999823052e-08, 1.2573206476e-08, 1.46942280566e-08, 9.06963748548e-09, 3.58836249603e-09, 5.24117327316e-09, 4.03816891037e-09, 4.63266452977e-10, 1.11034403893e-10, 9.16358239289e-11, 1.00310607043e-10, 1.27337057565e-10, 1.54086243764e-10, 2.72078609642e-10, 1.48919362952e-10, 1.50159759627e-10, 7.92787641091e-11, 1.94499225753e-11, 2.68020345501e-11, 4.85568564523e-11, 7.71463309901e-11, 1.77728665118e-11],
        "stdev": [0.00026858918136, 0.000648729386739, 0.0011389432475, 0.000615046999883, 0.000320462044328, 0.000313995202305, 0.000431015912909, 0.000187425612239, 0.000297075195704, 0.000369466462871, 0.000446491147159, 0.000217706474359, 0.000120852339023, 0.000265809852863, 0.000471153121907, 0.000124797399621, 0.000210984551813, 9.83651407296e-05, 8.07160686236e-05, 7.26340877009e-05, 3.1813611713e-05, 5.88062539464e-05, 3.37949350069e-05, 3.2245676266e-05, 4.74789667351e-05, 2.45355295192e-05, 4.9036711971e-06, 3.90588456867e-06, 4.39909763372e-06, 2.39783798861e-06, 3.18698630508e-06, 1.71504848367e-06, 1.07136077077e-06, 9.17759166441e-07, 6.42671011519e-07, 6.06238302225e-07, 8.10131552953e-07, 5.74188163682e-07, 3.4354209788e-07, 1.73776285806e-07]
    },
    "melbands128": {
        "max": [0.000127911742311, 0.000757609843276, 0.00306673813611, 0.00495113804936, 0.00464530289173, 0.00680260779336, 0.013971705921, 0.0136132203043, 0.00744541548193, 0.00751484697685, 0.00454696733505, 0.00410508224741, 0.00337164243683, 0.00363471056335, 0.00405304133892, 0.00310733425431, 0.00573168648407, 0.00849581044167, 0.00287681864575, 0.00164228538051, 0.00106223730836, 0.00494052004069, 0.00553059624508, 0.00118159397971, 0.00230225478299, 0.00591739267111, 0.00778722576797, 0.0077135739848, 0.00523379538208, 0.00323880976066, 0.00165900122374, 0.00143047655001, 0.00152733293362, 0.00174344039988, 0.00122746406123, 0.00472642574459, 0.00999324116856, 0.0144958216697, 0.00863747671247, 0.00100590870716, 0.00175682164263, 0.000480618939037, 0.00272001768462, 0.00410288386047, 0.00145670690108, 0.00108019588515, 0.000669671222568, 0.00090866361279, 0.00174077204429, 0.00172986695543, 0.000748470250983, 0.000756745401304, 0.000214442188735, 0.000187455370906, 0.000527626194526, 0.000877938058693, 0.00149960780982, 0.000245924282353, 0.00019453796267, 0.000639963080175, 0.00047520865337, 0.000305643829051, 0.00056011416018, 0.000709586718585, 0.000612538773566, 0.000175315857632, 9.68950844253e-05, 5.40480214113e-05, 5.95452402194e-05, 2.4247514375e-05, 4.66788551421e-05, 4.50368897873e-05, 7.65768054407e-05, 4.23019300797e-05, 1.41624677781e-05, 2.00346421479e-05, 2.56865332631e-05, 6.14274904365e-05, 3.16460063914e-05, 1.97137305804e-05, 1.09669517769e-05, 2.87662860501e-05, 1.94163676497e-05, 8.42175086291e-06, 6.31634702586e-06, 1.22979909065e-05, 1.09590000648e-05, 1.14540944196e-05, 6.94480377206e-06, 5.41498320672e-06, 4.22986340709e-06, 7.47471403884e-06, 6.05626792094e-06, 6.60038040223e-06, 1.47349001054e-05, 7.78616504249e-06, 4.41297015641e-06, 2.06483059628e-06, 4.99788347952e-06, 2.54345536632e-06, 1.6265225895e-06, 2.32097681874e-06, 6.77927289416e-07, 2.64050072474e-07, 7.15938313078e-08, 4.77370463159e-08, 4.83487703207e-08, 1.76526153695e-08, 2.48659990376e-08, 1.87496009829e-08, 1.70906027108e-08, 1.12201021807e-08, 9.23885945525e-09, 8.84925288602e-09, 1.40767104639e-08, 1.45357184067e-08, 6.75406752748e-09, 3.2909908132e-09, 3.28003912919e-09, 2.56767207496e-09, 1.50113299568e-09, 2.60898347371e-09, 2.4957651501e-09, 1.83241577467e-09, 1.0611012069e-09, 4.62337362839e-10, 1.18856216536e-10, 1.18243026481e-10],
        "mean": [1.11213203127e-05, 5.50589320483e-05, 0.000177409980097, 0.000223881812417, 0.000301600550301, 0.000454842986073, 0.000590214622207, 0.000597272708546, 0.000449037237559, 0.000421607721364, 0.000286335794954, 0.00019631991745, 0.000191004190128, 0.000149185681948, 0.000152455890202, 0.00028350672801, 0.000356482691132, 0.000244103881414, 0.000225691474043, 0.000106212122773, 9.17157958611e-05, 0.00021006463794, 0.00020783864602, 0.000122503915918, 0.000179800801561, 0.00031475655851, 0.000186420089449, 0.000303820357658, 0.000244931026828, 0.000140627395012, 0.000102802696347, 9.31899703573e-05, 6.21853978373e-05, 0.000102448961115, 6.79581426084e-05, 0.000176659304998, 0.000261335400864, 0.00013835784921, 9.55736177275e-05, 6.79134827806e-05, 9.59004246397e-05, 4.07291881857e-05, 7.55341970944e-05, 0.000130559521494, 5.99389531999e-05, 4.26861588494e-05, 2.99091607303e-05, 3.93349509977e-05, 5.64631154703e-05, 3.91075300286e-05, 5.20602079632e-05, 5.37676860404e-05, 1.26494778669e-05, 1.66785848705e-05, 3.15886682074e-05, 2.74159428955e-05, 3.86507927033e-05, 2.26222564379e-05, 1.92372608581e-05, 2.56618623098e-05, 2.27894561249e-05, 1.87252826436e-05, 2.84205580101e-05, 4.88519071951e-05, 4.01311299356e-05, 1.06902461994e-05, 5.27261863681e-06, 4.42455484517e-06, 3.55548172593e-06, 2.44626698986e-06, 3.28940200234e-06, 3.87619820685e-06, 5.411588063e-06, 3.34492619913e-06, 1.72218017269e-06, 1.94607423509e-06, 1.74203921688e-06, 2.13452926801e-06, 1.88137175883e-06, 1.68170186043e-06, 1.0976334579e-06, 1.36954542995e-06, 1.07047992515e-06, 6.85443410475e-07, 6.30936199286e-07, 7.17745649581e-07, 5.25319137523e-07, 6.07479364589e-07, 4.1700675979e-07, 3.87894857568e-07, 3.58793784017e-07, 4.73264208267e-07, 5.4345667877e-07, 5.78865183343e-07, 5.58275417006e-07, 4.30739817148e-07, 3.13534940233e-07, 2.63265661715e-07, 2.74096606745e-07, 1.92923025111e-07, 1.53803611624e-07, 1.12667926544e-07, 5.60671615801e-08, 2.33634960267e-08, 3.44398864982e-09, 1.30746924398e-09, 1.54982460199e-09, 5.43340428205e-10, 4.4491979545e-10, 3.82512049812e-10, 3.59623220092e-10, 3.35489025449e-10, 3.28607335787e-10, 2.9599558915e-10, 2.73708944398e-10, 2.5269689119e-10, 2.25034074708e-10, 7.91045978721e-11, 4.77605142934e-11, 4.09947874258e-11, 3.66014406283e-11, 3.51509168994e-11, 3.26144181106e-11, 2.84938878048e-11, 1.9432183293e-11, 8.76065626293e-12, 3.16235752862e-12, 2.33296259915e-12],
        "min": [4.72717687217e-09, 9.85581305457e-09, 1.61566831025e-08, 2.17134257241e-08, 2.45104594399e-08, 2.35725075015e-08, 1.95356637533e-08, 1.4116828595e-08, 8.88603857163e-09, 5.0554018749e-09, 2.74400147049e-09, 1.36728695033e-09, 6.40949515684e-10, 1.60427027218e-09, 7.40146521849e-09, 2.17534754654e-08, 5.10783131347e-08, 4.56420004014e-08, 3.71031596558e-08, 3.10976133733e-08, 4.58754030319e-08, 1.53534340797e-08, 1.36338131895e-08, 2.1501341152e-08, 9.58179846577e-09, 1.84997421826e-08, 1.80871406741e-08, 2.13789697057e-08, 1.45507170757e-08, 1.44659164647e-08, 7.16703763004e-09, 4.36107416846e-09, 1.24260601808e-08, 2.28581704675e-08, 8.59470628001e-09, 1.55843036254e-08, 1.0346394852e-08, 7.60127871757e-09, 2.71454436707e-09, 6.55220144807e-09, 1.52835628597e-08, 1.28767565499e-08, 1.49881902445e-08, 1.47801619832e-08, 1.0183732968e-08, 6.03847727376e-09, 1.27121717597e-08, 5.84795101233e-09, 9.71863300947e-09, 6.34506847064e-09, 1.32342252712e-08, 6.16524387098e-09, 9.57726964401e-09, 7.07376734965e-09, 8.49044123896e-09, 5.2001380979e-09, 1.74811343179e-09, 1.21334131631e-09, 3.09515479913e-09, 5.60481838718e-09, 4.86621276607e-09, 1.56738688695e-09, 5.5202442617e-09, 3.39487127299e-09, 8.62092730536e-10, 4.06072397929e-10, 8.8571934509e-11, 1.36906083692e-10, 1.35963365566e-10, 5.69871233536e-11, 4.55236924546e-11, 1.37221164986e-10, 1.59981472514e-10, 5.36894140257e-11, 8.35925911824e-11, 1.37429845282e-10, 1.69806349537e-10, 7.31492991179e-11, 1.13620703124e-10, 2.84716028531e-10, 2.46856590724e-10, 3.10180492402e-10, 2.4576010671e-10, 1.06716961656e-10, 6.94725527106e-11, 1.83641518658e-10, 1.85081089343e-10, 9.03442737288e-11, 8.69350355592e-11, 5.98844585031e-11, 8.93715136618e-12, 7.61099169799e-12, 3.17558548901e-11, 3.29729091253e-11, 8.86368582698e-12, 5.2425012248e-11, 6.20913806482e-11, 3.59800522709e-11, 1.07869782551e-10, 8.08250966156e-11, 2.36947458182e-11, 9.89741621993e-12, 6.3086753703e-12, 1.85890539073e-12, 7.5582227109e-13, 2.69482888424e-14, 1.50781046448e-14, 1.2469235544e-14, 1.40502962319e-14, 1.58718439731e-14, 9.31104694214e-15, 1.33434989064e-14, 1.21613289033e-14, 1.40270553419e-14, 1.29976519659e-14, 1.45972406526e-14, 1.12133236995e-14, 1.18805196936e-14, 1.30580250863e-14, 1.39452997218e-14, 1.05716013742e-14, 1.3624125157e-14, 1.31527835091e-14, 1.33601236221e-14, 9.11264048568e-15, 3.64349782305e-15, 5.04983890736e-16, 4.98774490723e-17],
        "stdev": [1.59322189575e-05, 9.15770942811e-05, 0.000410244276281, 0.000626651744824, 0.000594166282099, 0.000971716013737, 0.00154384970665, 0.00155576993711, 0.000826190633234, 0.000841183704324, 0.00054358394118, 0.000408878666349, 0.000361269252608, 0.000265983253485, 0.000280861713691, 0.000497934175655, 0.000734515662771, 0.000546051072888, 0.000387660402339, 0.000172994972672, 0.000143086959724, 0.000415106711444, 0.000411870249081, 0.000184131698916, 0.000306592148263, 0.000676470575854, 0.000528267468326, 0.000698460906278, 0.000531684898306, 0.000316341844155, 0.000196863038582, 0.000155137473485, 0.000121515906358, 0.000205141637707, 0.000122548779473, 0.000396861229092, 0.00066232989775, 0.000816384796053, 0.000418307405198, 0.000130333239213, 0.000216518412344, 6.86684652464e-05, 0.000245194882154, 0.000436889124103, 0.000151454485604, 0.000109347762191, 5.53585814487e-05, 8.15948515083e-05, 0.000153004235472, 0.000112176901894, 9.64238934102e-05, 0.00011100620759, 1.9456821974e-05, 2.74623926089e-05, 6.59894867567e-05, 6.76188792568e-05, 0.000116582741612, 3.38734498655e-05, 2.67548239208e-05, 6.09495655226e-05, 4.32393353549e-05, 2.85460428131e-05, 4.99257257616e-05, 7.48912643758e-05, 6.98400544934e-05, 2.05575797736e-05, 9.8690534287e-06, 6.80539551468e-06, 6.47218530503e-06, 3.24429083776e-06, 4.71071780339e-06, 5.62554532735e-06, 9.89695399767e-06, 5.08161838297e-06, 2.29254374062e-06, 2.8288222893e-06, 2.47563298217e-06, 5.28392183696e-06, 3.62402033716e-06, 2.51672872764e-06, 1.54392444074e-06, 2.50143034464e-06, 1.73784758317e-06, 9.52689447331e-07, 8.64727837779e-07, 1.3887112118e-06, 8.7551507022e-07, 1.28142642097e-06, 6.75719888932e-07, 5.62913214708e-07, 5.22455650298e-07, 7.79681897711e-07, 8.66415746259e-07, 8.70134442721e-07, 1.21502739603e-06, 7.97437053279e-07, 5.20180208241e-07, 3.99092698444e-07, 4.65181756226e-07, 3.00351274518e-07, 2.40677138663e-07, 2.09572007748e-07, 8.0737400765e-08, 3.64330006164e-08, 7.6533286375e-09, 3.97221455728e-09, 4.08994127454e-09, 1.7472577829e-09, 1.72006298094e-09, 1.36437405818e-09, 1.35709377069e-09, 1.09255848812e-09, 9.9883556981e-10, 9.20212017697e-10, 9.41698274914e-10, 8.83879913705e-10, 7.42165329193e-10, 2.6659888186e-10, 2.03592878667e-10, 1.63361504879e-10, 1.31123889524e-10, 1.52373211271e-10, 1.41786374308e-10, 1.1525856658e-10, 7.19461989984e-11, 2.97213607892e-11, 7.89697647552e-12, 6.44092201449e-12]
    },
    "mfcc": {
        "mean": [-679.46282959, 125.088806152, -31.5000667572, 8.34152126312, 0.813781738281, -4.06017780304, -1.3867405653, 3.57463240623, -5.76511240005, 0.374760448933, -0.823502004147, -1.20617115498, -6.21314048767],
        "cov": [[12341.8183594, 73.6922683716, -825.17791748, 290.70513916, -772.209777832, -405.546875, -71.1297149658, 174.621200562, -349.883331299, -217.287780762, -84.3153152466, -164.224258423, -485.485595703], [73.6922683716, 434.562957764, -160.291183472, -128.668182373, 46.0104598999, 36.102306366, 3.21456837654, 29.0540752411, 24.2777061462, 4.5076956749, -4.10211229324, -10.9081315994, 28.5075874329], [-825.17791748, -160.291183472, 517.784912109, 194.035049438, 24.6088123322, 7.94871711731, 78.8422241211, -61.0514564514, -13.7634515762, -7.33633327484, 7.33332633972, -8.52839756012, -6.94843673706], [290.70513916, -128.668182373, 194.035049438, 292.877532959, -25.9334754944, -74.3935623169, 32.90284729, -16.082649231, -51.6876068115, -13.5271081924, -13.590429306, -16.3010597229, -38.4999084473], [-772.209777832, 46.0104598999, 24.6088123322, -25.9334754944, 164.300140381, 63.8120079041, 15.2592430115, 21.4115180969, 52.7302703857, 20.8314418793, 10.2970323563, 19.3227577209, 49.6068000793], [-405.546875, 36.102306366, 7.94871711731, -74.3935623169, 63.8120079041, 158.920059204, 43.7919998169, 16.218919754, 34.1712760925, 18.7926979065, 30.2474422455, 3.99008989334, 15.1661043167], [-71.1297149658, 3.21456837654, 78.8422241211, 32.90284729, 15.2592430115, 43.7919998169, 106.172668457, 6.81874418259, -0.00664074160159, 25.6501846313, 5.14468812943, -4.03898143768, -1.55064356327], [174.621200562, 29.0540752411, -61.0514564514, -16.082649231, 21.4115180969, 16.218919754, 6.81874418259, 70.1920471191, 28.5220756531, 0.847620427608, 14.9380464554, 0.456801325083, 2.48784613609], [-349.883331299, 24.2777061462, -13.7634515762, -51.6876068115, 52.7302703857, 34.1712760925, -0.00664074160159, 28.5220756531, 74.9603881836, 24.3327636719, 10.2697372437, 13.0990066528, 28.3980712891], [-217.287780762, 4.5076956749, -7.33633327484, -13.5271081924, 20.8314418793, 18.7926979065, 25.6501846313, 0.847620427608, 24.3327636719, 69.8437805176, 11.9588088989, 1.96147441864, 8.12595272064], [-84.3153152466, -4.10211229324, 7.33332633972, -13.590429306, 10.2970323563, 30.2474422455, 5.14468812943, 14.9380464554, 10.2697372437, 11.9588088989, 53.6661758423, 11.4538507462, 1.95460808277], [-164.224258423, -10.9081315994, -8.52839756012, -16.3010597229, 19.3227577209, 3.99008989334, -4.03898143768, 0.456801325083, 13.0990066528, 1.96147441864, 11.4538507462, 48.5091171265, 23.02592659], [-485.485595703, 28.5075874329, -6.94843673706, -38.4999084473, 49.6068000793, 15.1661043167, -1.55064356327, 2.48784613609, 28.3980712891, 8.12595272064, 1.95460808277, 23.02592659, 61.3771400452]],
        "icov": [[0.000203246367164, -8.61335138325e-05, 0.000340474274708, -0.000209653648199, 0.00053407921223, 0.000135948808747, -0.000224526433158, -0.000521078531165, 0.000167577323737, 0.000336073746439, 8.81863234099e-05, -0.000151430809638, 0.00103686586954], [-8.61335138325e-05, 0.00309315300547, 0.000669714121614, 0.00104986026417, -0.00113177043386, 0.000268387404503, -0.00100438692607, 0.000144891237142, 9.96495509753e-05, 0.000525467970874, -8.1570695329e-05, 0.00183945952449, -0.00136960309464], [0.000340474274708, 0.000669714121614, 0.00477812299505, -0.00274292915128, 4.54436303698e-05, 0.000201805800316, -0.00347981252708, 0.00424706749618, -0.00289661739953, 0.00335438153706, -0.00227778940462, 0.00143017142545, 0.00128788070288], [-0.000209653648199, 0.00104986026417, -0.00274292915128, 0.00738991424441, -0.00217198254541, 0.00322850071825, -0.00105024920776, -0.00236238841899, 0.00387860904448, -0.00103712989949, 0.000747873215005, 0.000189811456949, 0.00145362666808], [0.00053407921223, -0.00113177043386, 4.54436303698e-05, -0.00217198254541, 0.0125172445551, -0.00358552765101, 0.000866487214807, -0.0034811720252, -0.00284678000025, -0.000572495162487, 0.00185772427358, -0.00163107155822, -0.00372924446128], [0.000135948808747, 0.000268387404503, 0.000201805800316, 0.00322850071825, -0.00358552765101, 0.0118079045787, -0.00564981391653, 0.00114326737821, -0.00186408078298, 0.00219494546764, -0.00537542486563, 0.00197544158436, 0.00279178214259], [-0.000224526433158, -0.00100438692607, -0.00347981252708, -0.00105024920776, 0.000866487214807, -0.00564981391653, 0.016451779753, -0.00558181060478, 0.00505226291716, -0.0081031024456, 0.00400378368795, -0.0015129125677, -0.00184929813258], [-0.000521078531165, 0.000144891237142, 0.00424706749618, -0.00236238841899, -0.0034811720252, 0.00114326737821, -0.00558181060478, 0.0272778812796, -0.0136196892709, 0.00693005463108, -0.00886001437902, 0.0041927723214, 0.000187682744581], [0.000167577323737, 9.96495509753e-05, -0.00289661739953, 0.00387860904448, -0.00284678000025, -0.00186408078298, 0.00505226291716, -0.0136196892709, 0.0290001053363, -0.00957345869392, 0.00395974889398, -0.00312837981619, -0.00427742861211], [0.000336073746439, 0.000525467970874, 0.00335438153706, -0.00103712989949, -0.000572495162487, 0.00219494546764, -0.0081031024456, 0.00693005463108, -0.00957345869392, 0.0220139008015, -0.00620990758762, 0.00292469118722, 0.00219365791418], [8.81863234099e-05, -8.1570695329e-05, -0.00227778940462, 0.000747873215005, 0.00185772427358, -0.00537542486563, 0.00400378368795, -0.00886001437902, 0.00395974889398, -0.00620990758762, 0.0262442007661, -0.00787708256394, 0.0023431526497], [-0.000151430809638, 0.00183945952449, 0.00143017142545, 0.000189811456949, -0.00163107155822, 0.00197544158436, -0.0015129125677, 0.0041927723214, -0.00312837981619, 0.00292469118722, -0.00787708256394, 0.0287888143212, -0.0106383878738], [0.00103686586954, -0.00136960309464, 0.00128788070288, 0.00145362666808, -0.00372924446128, 0.00279178214259, -0.00184929813258, 0.000187682744581, -0.00427742861211, 0.00219365791418, 0.0023431526497, -0.0106383878738, 0.034062936902]]
    },
    "spectral_contrast_coeffs": {
        "max": [-0.481748223305, -0.510204315186, -0.52751737833, -0.61081880331, -0.642013549805, -0.700016856194],
        "mean": [-0.72494661808, -0.809639811516, -0.78750026226, -0.805213630199, -0.76730120182, -0.777948021889],
        "min": [-0.917932868004, -0.935020923615, -0.94009488821, -0.915011763573, -0.894231379032, -0.90000140667],
        "stdev": [0.0752545148134, 0.0672767236829, 0.0779231414199, 0.0591111555696, 0.0534845776856, 0.0451819524169]
    },
    "spectral_contrast_valleys": {
        "max": [-5.4299864769, -4.86484622955, -5.11292743683, -5.91528367996, -6.42278862, -9.1764125824],
        "mean": [-7.51105833054, -6.72679042816, -7.17185592651, -7.45813369751, -7.8534488678, -10.8051528931],
        "min": [-11.561088562, -9.86643218994, -10.5476455688, -10.3417634964, -11.938331604, -14.4528474808],
        "stdev": [0.986072301865, 1.0540522337, 1.05326473713, 0.978772819042, 1.03620588779, 0.875320315361]
    }
},
"rhythm": {
    "beats_count": 25,
    "beats_loudness": {
        "max": 0.0546621568501,
        "mean": 0.026954350993,
        "min": 7.12555629434e-05,
        "stdev": 0.0175377056003
    },
    "bpm": 122.848236084,
    "bpm_histogram_first_peak_bpm": 123,
    "bpm_histogram_first_peak_weight": 0.384615361691,
    "bpm_histogram_second_peak_bpm": 112,
    "bpm_histogram_second_peak_spread": 0.166666686535,
    "bpm_histogram_second_peak_weight": 0.208333328366,
    "danceability": 0.842511415482,
    "onset_rate": 2.50796175003,
    "beats_loudness_band_ratio": {
        "max": [0.733809709549, 0.444459050894, 0.505370914936, 0.739283382893, 0.533251523972, 0.0854867473245],
        "mean": [0.178462907672, 0.135849580169, 0.251161009073, 0.30299821496, 0.150486767292, 0.037502668798],
        "min": [0.0381853505969, 0.0182957723737, 0.0633062571287, 0.0528330504894, 0.01261451561, 0.00638849753886],
        "stdev": [0.158761799335, 0.0972777679563, 0.101401887834, 0.164164215326, 0.127336025238, 0.0205363426358]
    },
    "beats_position": [0.522448956966, 1.05650794506, 1.59056687355, 2.11301589012, 2.6470746994, 3.1811337471, 3.7151927948, 4.22603178024, 4.71365070343, 5.20126962662, 5.70049858093, 6.17650794983, 6.66412687302, 7.1517457962, 7.61614513397, 8.08054447174, 8.55655288696, 9.05578231812, 9.54340076447, 10.0310201645, 10.5186395645, 11.0294780731, 11.5403175354, 12.0279359818, 12.5271654129],
