{
"metadata": {
    "version": {
        "essentia": "2.1-beta5",
        "essentia_git_sha": "Undefined",
        "extractor": "music 2.0"
    },
    "audio_properties": {
        "analysis": {
            "equal_loudness": 0,
            "length": 12.7477550507,
            "sample_rate": 44100,
            "start_time": 0,
            "downmix": "mix"
        },
        "bit_rate": 192000,
        "length": 157.605453491,
        "lossless": 0,
        "number_channels": 2,
        "replay_gain": -12.773853302,
        "sample_rate": 48000,
        "codec": "mp3",
        "md5_encoded": "97ac904fb8b79b07876d01a07797b4a6"
    },
    "tags": {
        "file_name": "Monaco_Maman, Maman_Jean-Jacques.mp3",
        "encoding": ["Lavf58.29.100"]
    }
},
"lowlevel": {
    "average_loudness": 0.959373295307,
    "barkbands_crest": {
        "max": 22.7938518524,
        "mean": 8.71469593048,
        "min": 2.63442969322,
        "stdev": 3.6978495121
    },
    "barkbands_flatness_db": {
        "max": 0.287597745657,
        "mean": 0.195585563779,
        "min": 0.122186213732,
        "stdev": 0.0288800280541
    },
    "barkbands_kurtosis": {
        "max": 21.1196308136,
        "mean": 1.71600866318,
        "min": -1.68922054768,
        "stdev": 3.38540816307
    },
    "barkbands_skewness": {
        "max": 4.08465194702,
        "mean": 0.459259182215,
        "min": -3.06742525101,
        "stdev": 1.2809804678
    },
    "barkbands_spread": {
        "max": 39.349571228,
        "mean": 16.0013828278,
        "min": 1.84389197826,
        "stdev": 6.84451818466
    },
    "dissonance": {
        "max": 0.49979069829,
        "mean": 0.457710832357,
        "min": 0.321772217751,
        "stdev": 0.0324385501444
    },
    "dynamic_complexity": 2.60961985588,
    "erbbands_crest": {
        "max": 26.5261592865,
        "mean": 10.2087450027,
        "min": 4.30472373962,
        "stdev": 4.04757976532
    },
    "erbbands_flatness_db": {
        "max": 0.361421376467,
        "mean": 0.26039275527,
        "min": 0.169700801373,
        "stdev": 0.0394904389977
    },
    "erbbands_kurtosis": {
        "max": 23.2522697449,
        "mean": 0.611529231071,
        "min": -1.73254871368,
        "stdev": 2.51061272621
    },
    "erbbands_skewness": {
        "max": 4.04817390442,
        "mean": -0.146301031113,
        "min": -2.57868289948,
        "stdev": 0.913913249969
    },
    "erbbands_spread": {
        "max": 52.2954139709,
        "mean": 23.0534992218,
        "min": 3.84581851959,
        "stdev": 10.1499538422
    },
    "hfc": {
        "max": 67.4586334229,
        "mean": 18.4164352417,
        "min": 0.0801781713963,
        "stdev": 11.8006801605
    },
    "loudness_ebu128": {
        "integrated": -11.7446184158,
        "loudness_range": 4.43665504456,
        "momentary": {
            "max": -8.85137748718,
            "mean": -12.3336458206,
            "min": -17.9555969238,
            "stdev": 2.42460036278
        },
        "short_term": {
            "max": -10.3497447968,
            "mean": -12.1442613602,
            "min": -15.7590637207,
            "stdev": 1.67394673824
        }
    },
    "melbands_crest": {
        "max": 27.8647956848,
        "mean": 11.0545196533,
        "min": 3.6566901207,
        "stdev": 5.02404117584
    },
    "melbands_flatness_db": {
        "max": 0.344183564186,
        "mean": 0.21791626513,
        "min": 0.135524168611,
        "stdev": 0.0360911078751
    },
    "melbands_kurtosis": {
        "max": 42.010383606,
        "mean": 3.28067326546,
        "min": -1.68534326553,
        "stdev": 4.7042093277
    },
    "melbands_skewness": {
        "max": 5.43088006973,
        "mean": 1.11523163319,
        "min": -1.92108368874,
        "stdev": 1.21034455299
    },
    "melbands_spread": {
        "max": 77.7484741211,
        "mean": 27.2835121155,
        "min": 3.13644814491,
        "stdev": 14.6327085495
    },
    "pitch_salience": {
        "max": 0.901415109634,
        "mean": 0.573744177818,
        "min": 0.241617009044,
        "stdev": 0.120626248419
    },
    "silence_rate_20dB": {
        "max": 1,
        "mean": 1,
        "min": 1,
        "stdev": 0
    },
    "silence_rate_30dB": {
        "max": 1,
        "mean": 0.998181819916,
        "min": 0,
        "stdev": 0.0426013022661
    },
    "silence_rate_60dB": {
        "max": 1,
        "mean": 0.00727272732183,
        "min": 0,
        "stdev": 0.0849697887897
    },
    "spectral_centroid": {
        "max": 2699.18139648,
        "mean": 1388.07495117,
        "min": 417.020568848,
        "stdev": 588.374206543
    },
    "spectral_complexity": {
        "max": 37,
        "mean": 19.1963634491,
        "min": 0,
        "stdev": 5.67110538483
    },
    "spectral_decrease": {
        "max": -3.83006508453e-11,
        "mean": -5.11375075618e-09,
        "min": -3.01553129134e-08,
        "stdev": 4.01299837804e-09
    },
    "spectral_energy": {
        "max": 0.119922205806,
        "mean": 0.0209709107876,
        "min": 0.00015182653442,
        "stdev": 0.0159291140735
    },
    "spectral_energyband_high": {
        "max": 0.00172819802538,
        "mean": 5.57094717806e-05,
        "min": 1.34651907402e-08,
        "stdev": 0.000142568096635
    },
    "spectral_energyband_low": {
        "max": 0.0132771395147,
        "mean": 0.00148476671893,
        "min": 9.63290767686e-06,
        "stdev": 0.00143784913234
    },
    "spectral_energyband_middle_high": {
        "max": 0.0310444105417,
        "mean": 0.00726591795683,
        "min": 9.33069622988e-06,
        "stdev": 0.00514134345576
    },
    "spectral_energyband_middle_low": {
        "max": 0.111861929297,
        "mean": 0.0132942087948,
        "min": 0.000132041837787,
        "stdev": 0.0146285574883
    },
    "spectral_entropy": {
        "max": 7.80743789673,
        "mean": 7.02631902695,
        "min": 6.15361213684,
        "stdev": 0.220160037279
    },
    "spectral_flux": {
        "max": 0.274787068367,
        "mean": 0.0688064023852,
        "min": 0.0123217906803,
        "stdev": 0.0284952502698
    },
    "spectral_kurtosis": {
        "max": 58.2006988525,
        "mean": 12.5606708527,
        "min": 2.6167755127,
        "stdev": 8.34238433838
    },
    "spectral_rms": {
        "max": 0.0108165275306,
        "mean": 0.00424176454544,
        "min": 0.000384868093533,
        "stdev": 0.00157062441576
    },
    "spectral_rolloff": {
        "max": 3251.51367188,
        "mean": 1710.04882812,
        "min": 322.998046875,
        "stdev": 763.200134277
    },
    "spectral_skewness": {
        "max": 5.0783624649,
        "mean": 2.08415818214,
        "min": 0.896258592606,
        "stdev": 0.560981690884
    },
    "spectral_spread": {
        "max": 13136374,
        "mean": 2182000.25,
        "min": 854090.625,
        "stdev": 738028.8125
    },
    "spectral_strongpeak": {
        "max": 9.72317409515,
        "mean": 1.50531339645,
        "min": 0.0110677219927,
        "stdev": 1.27609813213
    },
    "zerocrossingrate": {
        "max": 0.1416015625,
        "mean": 0.0584392771125,
        "min": 0.0205078125,
        "stdev": 0.0228487364948
    },
    "barkbands": {
        "max": [0.000167551683262, 0.00198303884827, 0.00284081860445, 0.01728467457, 0.0102814268321, 0.0517537742853, 0.0561512447894, 0.0861078500748, 0.0288318749517, 0.0204927418381, 0.00748004950583, 0.0102536110207, 0.017106410116, 0.00597448972985, 0.0201476532966, 0.00909485481679, 0.010667049326, 0.00371298380196, 0.00473646400496, 0.000283239176497, 4.64034310426e-05, 3.56357741111e-05, 0.00166918511968, 0.00097361713415, 8.0701058323e-05, 7.40792245324e-08, 2.77368972235e-08],
        "mean": [2.6323064958e-05, 0.000265216280241, 0.000454303284641, 0.00118266604841, 0.0017470640596, 0.00350418896414, 0.0028492200654, 0.00272275577299, 0.00072485889541, 0.00110692367889, 0.000669630710036, 0.000714146648534, 0.000767752237152, 0.000491298967972, 0.0010341021698, 0.000824526126962, 0.00098436686676, 0.000420000927988, 0.000410331122112, 2.50281846093e-05, 5.83011797062e-06, 4.68881989946e-06, 2.46525614784e-05, 9.09953905648e-06, 1.93806545212e-06, 9.42999345277e-10, 7.09669822907e-10],
        "min": [3.42429373745e-08, 4.10734946854e-06, 2.23554957302e-06, 1.3554808902e-06, 3.48117237081e-06, 2.28662884183e-06, 6.2024178078e-06, 4.60047431261e-06, 5.9342851273e-06, 8.65666379468e-07, 5.97577979988e-07, 7.47801095713e-07, 3.10959717353e-06, 9.22261733649e-07, 2.49963704846e-07, 1.49693971707e-06, 1.34436461963e-07, 8.21439584797e-07, 5.59682518997e-07, 4.84315556548e-08, 2.75248046577e-09, 1.38152256302e-09, 1.84090032107e-09, 2.89729684688e-09, 2.18483453551e-09, 7.54168255623e-12, 9.44901535488e-12],
        "stdev": [2.5170189474e-05, 0.000255916442256, 0.00042357572238, 0.00168831867632, 0.00197983742692, 0.00683240359649, 0.00565108889714, 0.00770374620333, 0.00179149257019, 0.00211559189484, 0.00107331771869, 0.00121156964451, 0.00146136363037, 0.00061501696473, 0.00170101143885, 0.00123610335868, 0.00145452318247, 0.000645458407234, 0.000532016041689, 3.64351362805e-05, 6.40037205812e-06, 4.92978051625e-06, 0.000113586582302, 6.28663401585e-05, 5.41248255104e-06, 4.17783052598e-09, 1.61034396928e-09]
    },
    "erbbands": {
        "max": [0.049275174737, 0.51031845808, 2.17008256912, 36.5322341919, 36.2659111023, 60.9415969849, 205.878814697, 666.260681152, 958.599182129, 1658.64160156, 710.351074219, 929.441711426, 732.742248535, 236.100708008, 342.819000244, 527.304016113, 600.791137695, 276.027984619, 229.984512329, 1027.22973633, 494.995391846, 734.665771484, 216.494628906, 303.630859375, 56.7247695923, 10.5983934402, 6.02818536758, 2.2286324501, 1.72805500031, 24.8755073547, 46.337146759, 1.93434894085, 28.267911911, 3.30876970291, 0.398478358984, 0.0116075882688, 0.000811376085039, 0.000122850469779, 5.8839446865e-05, 0.000136310074595],
        "mean": [0.0088382512331, 0.0589655041695, 0.404004633427, 2.81141257286, 4.62447309494, 6.2103433609, 13.7099142075, 33.5931129456, 46.7146644592, 57.0484733582, 31.9117012024, 17.3556880951, 34.1568565369, 23.6805591583, 29.8686466217, 34.1269989014, 29.7848167419, 24.2487239838, 30.422208786, 63.2989692688, 46.4286956787, 57.76770401, 28.8141517639, 31.7271308899, 5.40590524673, 1.20080804825, 0.405383557081, 0.216324284673, 0.183818936348, 0.467824548483, 0.655492544174, 0.074208535254, 0.233516842127, 0.0495844222605, 0.00768606271595, 0.000220811518375, 2.30743607972e-05, 5.42492625755e-06, 1.19017850011e-05, 2.50959201367e-05],
        "min": [0.000172845917405, 0.000966797524597, 0.00249871029519, 0.00391144538298, 0.00670942151919, 0.0176749695092, 0.0212171375751, 0.0272286273539, 0.0736738964915, 0.0929360389709, 0.168474987149, 0.177307710052, 0.0520379543304, 0.0286410413682, 0.0236216988415, 0.0409575551748, 0.144134998322, 0.0776893869042, 0.0172658525407, 0.0356280244887, 0.0753313750029, 0.0127487154678, 0.0319433957338, 0.0454273745418, 0.0188679303974, 0.00204584305175, 0.000160294919624, 0.000115867100249, 4.90475140396e-05, 6.21435465291e-05, 5.16398067703e-05, 5.16308355145e-05, 5.34366372449e-05, 4.08696105296e-05, 6.44566307528e-06, 2.40084500547e-06, 1.11642532374e-06, 3.95026177102e-07, 1.61789671438e-07, 1.80742532052e-07],
        "stdev": [0.00828919652849, 0.0591126121581, 0.346485584974, 3.54106855392, 6.33616495132, 8.87229633331, 27.9285240173, 79.5606307983, 98.3460388184, 141.702224731, 73.2876663208, 49.1747932434, 72.1662750244, 34.9845085144, 48.830078125, 57.7094688416, 52.0596542358, 27.184431076, 31.9244709015, 92.8301467896, 61.9582061768, 94.331199646, 38.1455116272, 38.5349617004, 6.42238235474, 1.5952783823, 0.539774656296, 0.264474093914, 0.214542582631, 1.75180590153, 3.05697035789, 0.155147507787, 1.77759039402, 0.233652055264, 0.0290984977037, 0.0007994256448, 5.42374546058e-05, 8.50203196023e-06, 8.25116330816e-06, 1.81962168426e-05]
    },
    "gfcc": {
        "mean": [-57.0109024048, 153.21534729, -178.102005005, 23.4638690948, -46.3334388733, 0.828131854534, -50.1811408997, 3.97215723991, -4.65030860901, -27.2392711639, 7.89686965942, -17.6439723969, -2.21445679665],
        "cov": [[1316.28442383, 298.031005859, 221.294464111, -79.5258483887, -446.657623291, -240.565261841, 6.49978542328, -209.268203735, -19.907169342, 27.5209712982, 45.6053962708, 91.3657531738, 65.7074432373], [298.031005859, 417.767456055, 250.174087524, -85.8183059692, -286.653076172, -161.417251587, 33.8138122559, -148.111160278, -2.51353788376, 54.6822433472, 19.4386005402, -3.67299842834, 47.042514801], [221.294464111, 250.174087524, 444.446868896, 23.1073417664, -372.168731689, -52.7712173462, -62.9333229065, -88.6240921021, -19.0431404114, 46.9906005859, 16.0161800385, 26.1169338226, 37.3529624939], [-79.5258483887, -85.8183059692, 23.1073417664, 191.729598999, 51.3211402893, 26.4356536865, -11.3963775635, 4.88374423981, -23.0455207825, -20.0073204041, -15.1793193817, 24.5491867065, 31.6356906891], [-446.657623291, -286.653076172, -372.168731689, 51.3211402893, 506.509918213, 120.94959259, 24.9599075317, 124.169128418, 10.1442308426, -49.3229637146, -27.4242649078, -35.3031463623, -33.3674926758], [-240.565261841, -161.417251587, -52.7712173462, 26.4356536865, 120.94959259, 174.370223999, -19.1544246674, 72.2483825684, -4.96886539459, -25.3842849731, -19.166469574, -10.8637065887, -28.5200424194], [6.49978542328, 33.8138122559, -62.9333229065, -11.3963775635, 24.9599075317, -19.1544246674, 85.1828765869, 8.3066034317, -0.560855388641, -8.5097618103, -6.21368169785, -3.8554713726, 13.206281662], [-209.268203735, -148.111160278, -88.6240921021, 4.88374423981, 124.169128418, 72.2483825684, 8.3066034317, 136.078414917, 20.7778301239, -19.9004306793, -7.34558820724, -19.7456016541, -26.3507442474], [-19.907169342, -2.51353788376, -19.0431404114, -23.0455207825, 10.1442308426, -4.96886539459, -0.560855388641, 20.7778301239, 85.0093078613, 20.7625865936, 14.3720207214, 5.80248022079, -35.7525672913], [27.5209712982, 54.6822433472, 46.9906005859, -20.0073204041, -49.3229637146, -25.3842849731, -8.5097618103, -19.9004306793, 20.7625865936, 65.8957977295, 28.7512531281, -1.71228051186, 0.376651793718], [45.6053962708, 19.4386005402, 16.0161800385, -15.1793193817, -27.4242649078, -19.166469574, -6.21368169785, -7.34558820724, 14.3720207214, 28.7512531281, 59.9623908997, 31.6542892456, -12.6062192917], [91.3657531738, -3.67299842834, 26.1169338226, 24.5491867065, -35.3031463623, -10.8637065887, -3.8554713726, -19.7456016541, 5.80248022079, -1.71228051186, 31.6542892456, 77.7844009399, 24.7445354462], [65.7074432373, 47.042514801, 37.3529624939, 31.6356906891, -33.3674926758, -28.5200424194, 13.206281662, -26.3507442474, -35.7525672913, 0.376651793718, -12.6062192917, 24.7445354462, 100.737380981]],
        "icov": [[0.00150864920579, 0.000572233344428, 0.000266778632067, 0.000522186805028, 0.00117528648116, 0.00122506124899, -0.00022834505944, 0.00129989546258, 3.42165694747e-05, 0.000575388839934, -6.83287362335e-05, -0.000877539278008, -0.000191090730368], [0.000572233344428, 0.0157959200442, -0.0102490978315, 0.00641376292333, -0.00222224835306, 0.00629252567887, -0.0111892642453, 0.0115369064733, -0.00439328653738, 0.00253213918768, -0.00507712131366, 0.00761902891099, -0.00450895400718], [0.000266778632067, -0.0102490978315, 0.0151195814833, -0.00637447834015, 0.00823395885527, -0.005122134462, 0.0109807094559, -0.00728808622807, 0.00325442990288, -0.00354967871681, 0.00340366689488, -0.00436276011169, 0.00160485762171], [0.000522186805028, 0.00641376292333, -0.00637447834015, 0.00980014447123, -0.00325031229295, 0.00288149598055, -0.00431844778359, 0.00471582543105, -0.000503913557623, 0.00141591287684, 0.000599609746132, -0.000753536238335, -0.00243487372063], [0.00117528648116, -0.00222224835306, 0.00823395885527, -0.00325031229295, 0.00912578962743, -0.00241055502556, 0.00355959148146, -0.00250424421392, 0.000353629846359, 4.10519533034e-05, -9.57711454248e-05, 0.000294717843644, -0.000501662259921], [0.00122506124899, 0.00629252567887, -0.005122134462, 0.00288149598055, -0.00241055502556, 0.0127772763371, -0.0025893652346, 0.00105834484566, 0.00111326284241, 0.000466610101284, 0.00238938489929, -0.00106976763345, 0.00164718914311], [-0.00022834505944, -0.0111892642453, 0.0109807094559, -0.00431844778359, 0.00355959148146, -0.0025893652346, 0.0230538584292, -0.00938510522246, 0.00259641651064, -0.000511438411195, 0.00373444682918, -0.00431981123984, 7.92744976934e-05], [0.00129989546258, 0.0115369064733, -0.00728808622807, 0.00471582543105, -0.00250424421392, 0.00105834484566, -0.00938510522246, 0.0213812943548, -0.0074643236585, 0.00638661067933, -0.00796060077846, 0.00938053429127, -0.004693986848], [3.42165694747e-05, -0.00439328653738, 0.00325442990288, -0.000503913557623, 0.000353629846359, 0.00111326284241, 0.00259641651064, -0.0074643236585, 0.0202157311141, -0.0104096755385, 0.00831988826394, -0.0109566906467, 0.0100663546473], [0.000575388839934, 0.00253213918768, -0.00354967871681, 0.00141591287684, 4.10519533034e-05, 0.000466610101284, -0.000511438411195, 0.00638661067933, -0.0104096755385, 0.0306573621929, -0.0208102781326, 0.0145877432078, -0.00879941321909], [-6.83287362335e-05, -0.00507712131366, 0.00340366689488, 0.000599609746132, -9.57711454248e-05, 0.00238938489929, 0.00373444682918, -0.00796060077846, 0.00831988826394, -0.0208102781326, 0.0421020686626, -0.0255822278559, 0.0136210788041], [-0.000877539278008, 0.00761902891099, -0.00436276011169, -0.000753536238335, 0.000294717843644, -0.00106976763345, -0.00431981123984, 0.00938053429127, -0.0109566906467, 0.0145877432078, -0.0255822278559, 0.0340475551784, -0.01382416673], [-0.000191090730368, -0.00450895400718, 0.00160485762171, -0.00243487372063, -0.000501662259921, 0.00164718914311, 7.92744976934e-05, -0.004693986848, 0.0100663546473, -0.00879941321909, 0.0136210788041, -0.01382416673, 0.0200943108648]]
    },
    "melbands": {
        "max": [0.000481010327348, 0.00115708948579, 0.0056035304442, 0.0023605232127, 0.00545467203483, 0.0127145377919, 0.0127424746752, 0.0205827988684, 0.00526241259649, 0.00563498260453, 0.00375343556516, 0.00104479119182, 0.000911842624191, 0.00102075736504, 0.00230866437778, 0.000528501463123, 0.000637143093627, 0.000288583396468, 0.0020788568072, 0.000577810453251, 0.000503609830048, 0.000747182872146, 0.000284750043647, 0.000182788644452, 0.000297437421978, 8.74725519679e-05, 1.6201633116e-05, 5.49226160729e-06, 6.38845631329e-06, 1.63754145888e-06, 1.85758324278e-06, 9.24545872749e-07, 1.1516547147e-06, 2.59846037807e-05, 4.35595648014e-05, 5.7606075643e-07, 9.31869294618e-07, 1.76479061338e-05, 1.35404352477e-05, 6.62755724079e-07],
        "mean": [7.44184071664e-05, 0.000195489337784, 0.000510216748808, 0.000378466967959, 0.000431813474279, 0.000774273416027, 0.000642222817987, 0.000657075841445, 0.000225482144742, 0.000100926692539, 0.00017429793661, 9.64539140114e-05, 9.16230055736e-05, 7.84323201515e-05, 0.000111890047265, 4.50028346677e-05, 4.68255348096e-05, 4.10124666814e-05, 9.43031991483e-05, 7.1871370892e-05, 4.69384867756e-05, 6.2677434471e-05, 3.48549983755e-05, 2.07756584132e-05, 2.85907026409e-05, 5.87142585573e-06, 1.06233130737e-06, 6.16418446953e-07, 3.00477239534e-07, 1.54616472514e-07, 1.0531316974e-07, 1.02250133693e-07, 8.38978522211e-08, 4.22005143719e-07, 5.89993135236e-07, 3.7069096237e-08, 2.8947043873e-08, 1.4501912915e-07, 1.29243673541e-07, 2.3564913576e-08],
        "min": [1.22564074445e-06, 1.28893611873e-06, 7.38124697364e-07, 8.55772896102e-07, 6.6440225055e-07, 6.27036570222e-07, 1.07471282718e-06, 9.97508323053e-07, 1.26559825731e-06, 1.07230903268e-06, 2.05457411084e-07, 1.08351429162e-07, 7.69271366607e-08, 6.85161367642e-08, 1.95837358774e-07, 3.25572671045e-07, 1.2012256434e-07, 2.53505927361e-08, 2.08706634197e-08, 8.70646701401e-08, 7.90778713622e-08, 8.28475865688e-09, 1.44920218048e-08, 4.23951433959e-08, 3.70621577872e-08, 2.02374117464e-08, 5.44027312088e-09, 2.83893963893e-10, 5.38627961677e-11, 8.47752701372e-11, 4.98973119767e-11, 2.3799059945e-11, 3.19658084724e-11, 3.45743121632e-11, 3.031292925e-11, 2.738156403e-11, 3.18433855673e-11, 3.53808718434e-11, 4.26599137959e-11, 2.97676189254e-11],
        "stdev": [7.09343512426e-05, 0.000166128855199, 0.000585418194532, 0.000447646540124, 0.000759700604249, 0.00159244134557, 0.00130665209144, 0.00177511852235, 0.000490028702188, 0.000293161690934, 0.000368391280062, 0.0001517963683, 0.000143662415212, 0.000132910732646, 0.000219747875235, 6.56609918224e-05, 5.90211930103e-05, 4.82541181555e-05, 0.000169131133589, 8.83370521478e-05, 6.41589504085e-05, 0.000101967802038, 4.86458884552e-05, 3.05442772515e-05, 3.67820503016e-05, 9.64808441495e-06, 1.79225230568e-06, 9.49454317833e-07, 5.29728367837e-07, 2.18109349248e-07, 1.57599785666e-07, 1.28272645838e-07, 1.04995663719e-07, 1.82773328561e-06, 2.86798899651e-06, 4.41790319883e-08, 4.36708980089e-08, 1.09387087832e-06, 9.39807080158e-07, 4.80489958932e-08]
    },
    "melbands128": {
        "max": [0.000149920859258, 0.000399684358854, 0.000764492433518, 0.000864329165779, 0.000766351178754, 0.00160313444212, 0.00852151494473, 0.00736032612622, 0.00508995167911, 0.00263126916252, 0.00475125946105, 0.00282132043503, 0.0101426821202, 0.0135153234005, 0.0235998705029, 0.0104678813368, 0.019842594862, 0.0169085897505, 0.00604868633673, 0.0220244433731, 0.034169960767, 0.00610013585538, 0.0088068395853, 0.00493666389957, 0.0103880055249, 0.00489958049729, 0.00164110120386, 0.00726835662499, 0.00298857386224, 0.00222588982433, 0.00156530446839, 0.00249808328226, 0.000647537002806, 0.00213857553899, 0.00231474987231, 0.00179325859062, 0.00282719242387, 0.00287416065112, 0.00430498132482, 0.000351532973582, 0.000940581900068, 0.000729174003936, 0.000394348928239, 0.00158888858277, 0.00039159716107, 0.000443552678917, 0.0005177045241, 0.00201215408742, 0.00396096985787, 0.000758499605581, 0.000711951230187, 0.00188572565094, 0.000804065144621, 0.000483215611894, 0.000679416989442, 0.000924880965613, 0.00184075080324, 0.000481708120788, 0.000305920431856, 0.000370921654394, 0.00030008784961, 0.000210820551729, 0.000510887068231, 0.000715026282705, 0.000240601351834, 0.000110240609501, 4.35331021436e-05, 1.01466848719e-05, 3.70441157429e-05, 1.58891580213e-05, 9.98490031634e-06, 1.50484765982e-05, 1.64724024216e-05, 4.7365260798e-06, 7.75803869146e-07, 3.22350888382e-06, 2.15260047298e-06, 1.87357113646e-06, 3.06285119223e-06, 2.04971729545e-06, 2.01081547857e-06, 1.801380904e-06, 1.80066524536e-06, 1.91265507965e-06, 8.10212611668e-07, 1.74999536284e-06, 4.53344091511e-06, 0.000135727867018, 3.55143747583e-05, 9.59646172305e-07, 1.06670438527e-06, 4.32058413935e-07, 2.80643632777e-07, 4.9757557008e-07, 1.51827009631e-06, 3.30392140313e-06, 1.433311445e-05, 6.0632275563e-05, 1.10117643999e-05, 2.24296604756e-06, 2.23667584009e-07, 2.75264312677e-07, 2.07433254218e-06, 9.62600211096e-07, 9.0676110176e-08, 5.09258457626e-09, 2.91112622897e-09, 5.24532584034e-10, 4.75321726423e-10, 5.35083144459e-10, 4.10049216804e-10, 5.25451682165e-10, 5.0760945447e-10, 5.18385057102e-10, 5.39393085752e-10, 2.9925251166e-10, 1.87706988841e-10, 1.64753669041e-10, 1.48579260006e-10, 1.31931673919e-10, 1.18945506222e-10, 1.08793619946e-10, 9.76760616833e-11, 9.02831628902e-11, 8.30553542608e-11, 7.76547021131e-11, 7.37370928205e-11, 7.16652917565e-11],
        "mean": [2.18379445869e-05, 7.56705703679e-05, 8.57387203723e-05, 9.250081348e-05, 0.000126018188894, 0.000263287802227, 0.000630570983049, 0.000503420887981, 0.000488998135552, 0.000358154327841, 0.000350701389834, 0.000261996930931, 0.000432989589171, 0.000650395522825, 0.000795654836111, 0.00071873649722, 0.00105267355684, 0.00052876729751, 0.00029562151758, 0.000660474761389, 0.000999837997369, 0.00022656955116, 0.000142126416904, 0.000160138166393, 8.66206828505e-05, 9.89805848803e-05, 7.48441088945e-05, 0.000264263420831, 0.000162734853802, 9.72003108473e-05, 6.77998759784e-05, 0.000102401449112, 5.01234608237e-05, 0.000151237676619, 7.3244831583e-05, 4.37392154709e-05, 0.000105550563603, 0.000133388166432, 0.000120755881653, 2.11886508623e-05, 5.34422615601e-05, 3.33374264301e-05, 2.63525453192e-05, 8.20499117253e-05, 3.98260854126e-05, 3.24979009747e-05, 3.51879898517e-05, 8.82731765159e-05, 0.000149189581862, 5.48931893718e-05, 5.40316214028e-05, 0.000103354454041, 3.72500689991e-05, 2.35167717619e-05, 6.10245697317e-05, 6.13632291788e-05, 8.50508658914e-05, 2.97356200463e-05, 2.204305747e-05, 2.74710055237e-05, 1.94378390006e-05, 1.40300671774e-05, 3.58020151907e-05, 3.43242172676e-05, 1.39512039823e-05, 4.6344484872e-06, 1.2812249679e-06, 6.40147845843e-07, 1.46881075125e-06, 8.93975709459e-07, 5.47801448647e-07, 4.63184449018e-07, 5.72117130559e-07, 1.99394904143e-07, 8.69794902769e-08, 1.96998442448e-07, 1.43637464589e-07, 1.30978605739e-07, 9.8017721939e-08, 9.08626702767e-08, 9.19627041185e-08, 1.19590382042e-07, 9.81606120831e-08, 6.79540264059e-08, 7.74741408804e-08, 1.12830591092e-07, 1.1819373924e-07, 1.87817056485e-06, 4.1162812181e-07, 5.09209172606e-08, 3.82898619478e-08, 3.39507408853e-08, 3.1487058294e-08, 2.76695644175e-08, 2.71486637615e-08, 3.40552865907e-08, 1.09307549678e-07, 4.47243337476e-07, 7.60056124705e-08, 3.31167839818e-08, 1.93098124157e-08, 1.76309864486e-08, 3.68448844767e-08, 1.87253554884e-08, 1.11768339028e-09, 3.65716207318e-11, 3.45456302453e-11, 9.02239220835e-12, 5.87568275284e-12, 6.00853264712e-12, 5.77991690967e-12, 5.82510385413e-12, 5.65340916442e-12, 5.58674244019e-12, 5.19297755838e-12, 4.5478785668e-12, 4.0893820448e-12, 3.41254346829e-12, 3.19474915272e-12, 3.08734656763e-12, 2.99591753315e-12, 2.91476153109e-12, 2.8438471196e-12, 2.78308647829e-12, 2.71972114968e-12, 2.65590674453e-12, 2.61481743376e-12, 2.59567454336e-12],
        "min": [1.06177431292e-08, 4.06137303344e-07, 7.15790520189e-07, 8.20529407974e-07, 1.9814569896e-07, 1.05747130874e-06, 7.99485803782e-07, 6.42867803435e-07, 6.21461424544e-07, 6.18031208433e-07, 2.35831407736e-07, 1.79604995765e-07, 1.21393952668e-07, 8.6693866308e-08, 1.72875843418e-07, 3.93156938117e-07, 3.21445668305e-07, 4.17131673203e-07, 7.88816009845e-07, 5.36729885425e-07, 4.15137776599e-07, 3.35933208362e-07, 4.02583310688e-07, 3.92822499862e-07, 4.76016111861e-07, 3.78621336949e-07, 3.41311221064e-07, 1.62475771504e-07, 7.54427560423e-08, 1.10227588834e-07, 1.36940457196e-07, 7.32688505423e-08, 6.68029827011e-08, 9.3062865858e-08, 4.46027819123e-08, 4.91522769153e-08, 1.25605481571e-07, 7.92233549873e-08, 2.63395747879e-07, 1.67147845787e-07, 2.29149776487e-07, 1.69091634916e-07, 1.46342131302e-07, 8.52823234254e-08, 1.63389408669e-08, 2.85574497383e-08, 1.1285709256e-08, 1.35780195976e-08, 1.65618541104e-08, 6.18730240376e-08, 7.01368492173e-08, 1.50252418507e-07, 1.30353313921e-07, 2.86720869269e-08, 8.29946511516e-09, 4.41853886812e-09, 1.3084694217e-08, 4.90032547873e-09, 1.74763545857e-08, 2.81079604036e-08, 3.73107837959e-08, 6.27080538607e-08, 4.622918226e-08, 2.14883861815e-08, 3.67582302374e-08, 2.17229789712e-08, 1.00250350243e-08, 9.57786028266e-09, 3.46500650394e-09, 8.80489348098e-10, 8.41290162534e-11, 5.0100427279e-11, 8.86573800485e-11, 4.2194608918e-11, 3.81500039892e-11, 7.23431453631e-11, 1.20842238993e-10, 8.12869077604e-11, 3.71931513365e-11, 2.37970355227e-11, 2.27798110236e-11, 2.1122648769e-11, 2.72783445138e-11, 3.17514244064e-11, 3.67915593824e-11, 4.19439621924e-11, 2.35945742111e-11, 4.23393611837e-11, 2.52614387741e-11, 3.28269321448e-11, 1.98501839965e-11, 2.20920764321e-11, 4.51142873059e-11, 2.92198799878e-11, 1.99984664245e-11, 4.7951257548e-11, 2.63014124369e-11, 4.34439116626e-11, 3.91570838254e-11, 3.77937230123e-11, 6.45057757209e-11, 1.76360176463e-11, 8.24565936364e-12, 8.25952761047e-12, 5.14787908482e-12, 2.10265412395e-13, 4.16351286401e-14, 3.18633703136e-14, 3.38039702296e-14, 3.81456273361e-14, 3.33229910408e-14, 3.47112238312e-14, 3.09650512154e-14, 3.30771210931e-14, 2.53710067685e-14, 3.00488664983e-14, 2.73703687481e-14, 2.80155977898e-14, 3.2486586663e-14, 4.3204104709e-14, 2.72630242627e-14, 2.72765767899e-14, 3.44696805279e-14, 2.9465630104e-14, 2.75865061453e-14, 9.71099048885e-15, 1.21656441126e-15, 1.45297411264e-16],
        "stdev": [2.15214931814e-05, 7.15276837582e-05, 0.00010485349776, 0.000104108992673, 0.00012254549074, 0.000255301536527, 0.000829818658531, 0.000771366874687, 0.000867097696755, 0.000503596733324, 0.000702736142557, 0.00040989057743, 0.00111598917283, 0.00154121476226, 0.00271143042482, 0.00143502012361, 0.00221055210568, 0.00164412031882, 0.000628471374512, 0.00175650883466, 0.00312700658105, 0.000626292661764, 0.000435839581769, 0.000416370661696, 0.000504621537402, 0.000286042661173, 0.00014721712796, 0.000714913650881, 0.000324197229929, 0.000253995036473, 0.000146970429341, 0.000264868780505, 8.36418694234e-05, 0.000321148254443, 0.000200062931981, 0.000137480019475, 0.000284777313937, 0.000294744037092, 0.000353795447154, 3.1736188248e-05, 0.000108240928967, 6.81799792801e-05, 4.00337594328e-05, 0.000145531841554, 5.84888948651e-05, 5.92854885326e-05, 6.87015271978e-05, 0.000167354417499, 0.000333939649863, 0.000103312631836, 8.25012539281e-05, 0.000194017891772, 7.78076864663e-05, 4.41723350377e-05, 0.000103691010736, 0.000125855731312, 0.000202528506634, 5.218401202e-05, 4.25544567406e-05, 5.07880286023e-05, 3.52153438143e-05, 2.75160782621e-05, 5.08643934154e-05, 5.63184657949e-05, 2.58288018813e-05, 9.96295329969e-06, 2.85434953184e-06, 9.48300282744e-07, 3.94173366658e-06, 2.00175577447e-06, 1.42482031151e-06, 1.10781911644e-06, 1.30893806727e-06, 4.09981424809e-07, 9.72519842435e-08, 3.55016283038e-07, 2.51176089705e-07, 2.15088277855e-07, 2.15843499518e-07, 2.13608373656e-07, 1.59648493536e-07, 1.92478765371e-07, 1.84923450774e-07, 1.35748180696e-07, 9.05886849978e-08, 1.7198536284e-07, 3.1416203683e-07, 9.50602498051e-06, 2.02720912057e-06, 7.36323144679e-08, 7.29529290311e-08, 4.016431987e-08, 2.57410128768e-08, 2.8245271011e-08, 6.86729748622e-08, 1.43187136814e-07, 8.32162982078e-07, 3.75230069949e-06, 5.46021738046e-07, 1.13613694452e-07, 1.54508636996e-08, 1.77846679605e-08, 1.53023606231e-07, 7.98135388891e-08, 4.2164716163e-09, 2.53258081173e-10, 1.83421666744e-10, 3.49341458539e-11, 2.49170857558e-11, 2.98792449116e-11, 2.55732900134e-11, 2.80746224879e-11, 2.67245166968e-11, 2.64869567251e-11, 2.61661040057e-11, 1.70406362632e-11, 1.26279065329e-11, 8.69165503459e-12, 7.89358075431e-12, 7.26924857114e-12, 6.78413662053e-12, 6.40491349194e-12, 6.01485961732e-12, 5.7510836371e-12, 5.50755665032e-12, 5.32795639205e-12, 5.2002607949e-12, 5.1308232836e-12]
    },
    "mfcc": {
        "mean": [-677.874572754, 167.60585022, -49.082736969, 9.12643718719, 22.3021850586, -14.1899404526, -14.2899971008, 10.0534477234, -10.6554985046, -4.11781311035, 2.52844500542, -5.39584493637, 1.61458790302],
        "cov": [[1178.69824219, 248.097167969, 284.110229492, 96.068939209, -400.562927246, -61.3213996887, -106.100883484, -163.076049805, -124.879371643, -61.2583808899, -156.250457764, -34.6746292114, 94.4492645264], [248.097167969, 358.258544922, 228.981109619, 5.79282808304, -241.623260498, -50.3736000061, -59.8374900818, -142.657653809, -56.268196106, -4.63794517517, -53.377243042, 17.0626182556, 51.0992279053], [284.110229492, 228.981109619, 787.321655273, 89.7829971313, -352.644866943, -46.3104400635, -101.160888672, -203.280044556, -95.4162521362, -24.7937850952, -141.593231201, -15.3409147263, 97.4915313721], [96.068939209, 5.79282808304, 89.7829971313, 183.522842407, -60.0338478088, 3.20008182526, -6.30232715607, -47.8295097351, -3.27120900154, -34.3518486023, -53.1003265381, -3.8635931015, 7.52914762497], [-400.562927246, -241.623260498, -352.644866943, -60.0338478088, 367.554229736, 56.2670669556, 63.6589317322, 148.272979736, 63.7319488525, 17.3265838623, 97.4307174683, 7.49749565125, -65.9322738647], [-61.3213996887, -50.3736000061, -46.3104400635, 3.20008182526, 56.2670669556, 93.2568206787, 16.6158275604, 14.7524709702, 7.51991891861, -16.0455875397, -0.408237695694, 3.20626521111, -4.16156148911], [-106.100883484, -59.8374900818, -101.160888672, -6.30232715607, 63.6589317322, 16.6158275604, 99.215637207, 30.722454071, 38.2779579163, -8.55682182312, 2.51707911491, -8.40198230743, -45.9808235168], [-163.076049805, -142.657653809, -203.280044556, -47.8295097351, 148.272979736, 14.7524709702, 30.722454071, 173.389846802, 35.4709625244, 19.2186584473, 56.8268814087, -25.7635593414, -30.2443675995], [-124.879371643, -56.268196106, -95.4162521362, -3.27120900154, 63.7319488525, 7.51991891861, 38.2779579163, 35.4709625244, 92.1186141968, 11.1791744232, 6.45058822632, -0.205473676324, -48.3480453491], [-61.2583808899, -4.63794517517, -24.7937850952, -34.3518486023, 17.3265838623, -16.0455875397, -8.55682182312, 19.2186584473, 11.1791744232, 70.1358718872, 38.8074760437, -4.42741203308, -0.558009088039], [-156.250457764, -53.377243042, -141.593231201, -53.1003265381, 97.4307174683, -0.408237695694, 2.51707911491, 56.8268814087, 6.45058822632, 38.8074760437, 105.17980957, 33.1516494751, -11.9601068497], [-34.6746292114, 17.0626182556, -15.3409147263, -3.8635931015, 7.49749565125, 3.20626521111, -8.40198230743, -25.7635593414, -0.205473676324, -4.42741203308, 33.1516494751, 81.6367874146, 29.1110420227], [94.4492645264, 51.0992279053, 97.4915313721, 7.52914762497, -65.9322738647, -4.16156148911, -45.9808235168, -30.2443675995, -48.3480453491, -0.558009088039, -11.9601068497, 29.1110420227, 101.848464966]],
        "icov": [[0.00176637247205, 0.000267172930762, 0.000810092955362, -6.10185306869e-05, 0.00185524777044, 0.0003291653411, 0.00103928789031, 0.000107881693111, 0.00148780993186, 0.000298645347357, 0.00180692889262, 6.07302463322e-05, 7.54107677494e-05], [0.000267172930762, 0.00617403490469, 0.000551471952349, 0.00136198406108, 0.00341711519286, 0.000961867976002, 0.0011518097017, 0.0027197774034, 0.000957612879574, -0.000271739001619, 0.000628298847005, -0.00077733566286, 0.000354150368366], [0.000810092955362, 0.000551471952349, 0.00318502541631, -8.17846739665e-05, 0.00235526193865, 0.00023785266967, 0.00154643377755, 0.00140444177669, 0.00158310018014, -0.000699156429619, 0.0028195430059, 0.000159600283951, -0.000387868087273], [-6.10185306869e-05, 0.00136198406108, -8.17846739665e-05, 0.00703106168658, 0.000743173412047, 5.23353010067e-05, 0.000618038990069, 0.00140355830081, -0.000729062710889, 0.00195776647888, 0.00200767838396, -0.000302757922327, 9.77546005743e-05], [0.00185524777044, 0.00341711519286, 0.00235526193865, 0.000743173412047, 0.0102253323421, -0.00180077122059, 0.000916255114134, -0.00105921179056, 0.000858351239003, 0.000834047561511, -0.000891824194696, -0.00064355507493, 0.00139188452158], [0.0003291653411, 0.000961867976002, 0.00023785266967, 5.23353010067e-05, -0.00180077122059, 0.0130374245346, -0.000655883166473, 0.000845807313453, 0.000278213177808, 0.00269211968407, 0.00148310768418, -0.000140359901707, -0.00133625383023], [0.00103928789031, 0.0011518097017, 0.00154643377755, 0.000618038990069, 0.000916255114134, -0.000655883166473, 0.015659512952, -3.33592179231e-05, -0.00134307064582, 0.00152763677761, 0.00368004129268, -0.00100984470919, 0.00465008988976], [0.000107881693111, 0.0027197774034, 0.00140444177669, 0.00140355830081, -0.00105921179056, 0.000845807313453, -3.33592179231e-05, 0.0140268616378, -0.00350286648609, 0.00267303781584, -0.00640387320891, 0.008549942635, -0.00425757234916], [0.00148780993186, 0.000957612879574, 0.00158310018014, -0.000729062710889, 0.000858351239003, 0.000278213177808, -0.00134307064582, -0.00350286648609, 0.0215929131955, -0.0078516965732, 0.0110862348229, -0.00895999837667, 0.0096689639613], [0.000298645347357, -0.000271739001619, -0.000699156429619, 0.00195776647888, 0.000834047561511, 0.00269211968407, 0.00152763677761, 0.00267303781584, -0.0078516965732, 0.0249327234924, -0.0144693823531, 0.0101998960599, -0.00568791804835], [0.00180692889262, 0.000628298847005, 0.0028195430059, 0.00200767838396, -0.000891824194696, 0.00148310768418, 0.00368004129268, -0.00640387320891, 0.0110862348229, -0.0144693823531, 0.0325990989804, -0.0173378270119, 0.00837195292115], [6.07302463322e-05, -0.00077733566286, 0.000159600283951, -0.000302757922327, -0.00064355507493, -0.000140359901707, -0.00100984470919, 0.008549942635, -0.00895999837667, 0.0101998960599, -0.0173378270119, 0.0269928704947, -0.0120847728103], [7.54107677494e-05, 0.000354150368366, -0.000387868087273, 9.77546005743e-05, 0.00139188452158, -0.00133625383023, 0.00465008988976, -0.00425757234916, 0.0096689639613, -0.00568791804835, 0.00837195292115, -0.0120847728103, 0.0206124521792]]
    },
    "spectral_contrast_coeffs": {
        "max": [-0.479322373867, -0.467504739761, -0.559339463711, -0.585607886314, -0.430521756411, -0.718599081039],
        "mean": [-0.682024180889, -0.728348731995, -0.733063459396, -0.744572877884, -0.661173164845, -0.809192538261],
        "min": [-0.868491530418, -0.94109171629, -0.918355762959, -0.890468299389, -0.834496498108, -0.918525576591],
        "stdev": [0.0724161416292, 0.0866654887795, 0.0734571963549, 0.0555117465556, 0.0729018822312, 0.0332107618451]
    },
    "spectral_contrast_valleys": {
        "max": [-5.96351242065, -4.98795366287, -5.74644374847, -5.67877864838, -7.44139957428, -9.59238243103],
        "mean": [-7.25687122345, -6.6389040947, -7.39299821854, -7.38575649261, -8.51969528198, -11.3041830063],
        "min": [-9.15586185455, -8.29518222809, -9.35317802429, -9.68109798431, -11.7106733322, -14.0818185806],
        "stdev": [0.529188394547, 0.61106979847, 0.421537727118, 0.565348684788, 0.386023104191, 0.291119724512]
    }
},
"rhythm": {
    "beats_count": 27,
    "beats_loudness": {
        "max": 0.0735891908407,
        "mean": 0.0208937693387,
        "min": 0.00353256938979,
        "stdev": 0.0160656012595
    },
    "bpm": 126.479446411,
    "bpm_histogram_first_peak_bpm": 126,
    "bpm_histogram_first_peak_weight": 0.625,
    "bpm_histogram_second_peak_bpm": 148,
    "bpm_histogram_second_peak_spread": 0.16666662693,
    "bpm_histogram_second_peak_weight": 0.192307695746,
    "danceability": 0.902898788452,
    "onset_rate": 1.41072845459,
    "beats_loudness_band_ratio": {
        "max": [0.373826414347, 0.595408201218, 0.764908254147, 0.443728893995, 0.805855035782, 0.126069143414],
        "mean": [0.126985639334, 0.201106533408, 0.280836254358, 0.192763969302, 0.266597896814, 0.0279645007104],
        "min": [0.0105277337134, 0.00261976453476, 0.0187654513866, 0.0448774956167, 0.0216256938875, 0.00126042217016],
        "stdev": [0.0902279987931, 0.17228834331, 0.211844593287, 0.0995454564691, 0.254189133644, 0.0295711755753]
    },
    "beats_position": [0.406349211931, 0.812698423862, 1.21904754639, 1.62539684772, 2.03174591064, 2.43809509277, 2.85605430603, 3.32045340538, 3.79646253586, 4.27247142792, 4.76009082794, 5.24770975113, 5.73532867432, 6.2229475975, 6.6989569664, 7.17496585846, 7.65097475052, 8.12698364258, 8.59138298035, 9.04417228699, 9.49696159363, 9.96135997772, 10.4257593155, 10.8901586533, 11.3429479599, 11.7957363129, 12.2601356506],
