{
"metadata": {
    "version": {
        "essentia": "2.1-beta5",
        "essentia_git_sha": "Undefined",
        "extractor": "music 2.0"
    },
    "audio_properties": {
        "analysis": {
            "equal_loudness": 0,
            "length": 32.4963264465,
            "sample_rate": 44100,
            "start_time": 12.7477550507,
            "downmix": "mix"
        },
        "bit_rate": 192000,
        "length": 163.363998413,
        "lossless": 0,
        "number_channels": 2,
        "replay_gain": -14.7544670105,
        "sample_rate": 48000,
        "codec": "mp3",
        "md5_encoded": "f6eaca535c8793c0027e99b4ea0aee7f"
    },
    "tags": {
        "file_name": "Switzerland_Bonjour, Bonjour_Paola del Medico.mp3",
        "encoding": ["Lavf58.29.100"]
    }
},
"lowlevel": {
    "average_loudness": 0.939362764359,
    "barkbands_crest": {
        "max": 25.1301746368,
        "mean": 10.7759199142,
        "min": 2.81023216248,
        "stdev": 4.79559612274
    },
    "barkbands_flatness_db": {
        "max": 0.343600749969,
        "mean": 0.177282378078,
        "min": 0.0752029493451,
        "stdev": 0.0490704737604
    },
    "barkbands_kurtosis": {
        "max": 80.5306777954,
        "mean": 3.81348633766,
        "min": -1.73055124283,
        "stdev": 5.25784635544
    },
    "barkbands_skewness": {
        "max": 7.74640750885,
        "mean": 1.23729777336,
        "min": -2.01009297371,
        "stdev": 1.10771536827
    },
    "barkbands_spread": {
        "max": 64.3132553101,
        "mean": 15.8705444336,
        "min": 1.135658741,
        "stdev": 10.1683807373
    },
    "dissonance": {
        "max": 0.499783575535,
        "mean": 0.44400626421,
        "min": 0.249814599752,
        "stdev": 0.0387275218964
    },
    "dynamic_complexity": 3.00571250916,
    "erbbands_crest": {
        "max": 31.1389255524,
        "mean": 11.2873535156,
        "min": 2.92767548561,
        "stdev": 5.93232393265
    },
    "erbbands_flatness_db": {
        "max": 0.386772572994,
        "mean": 0.214150190353,
        "min": 0.115579873323,
        "stdev": 0.0524780601263
    },
    "erbbands_kurtosis": {
        "max": 35.4684753418,
        "mean": 1.78764772415,
        "min": -1.7641531229,
        "stdev": 3.72300577164
    },
    "erbbands_skewness": {
        "max": 3.67931771278,
        "mean": 0.735012352467,
        "min": -1.69379043579,
        "stdev": 0.791404366493
    },
    "erbbands_spread": {
        "max": 90.4543533325,
        "mean": 28.1538219452,
        "min": 2.2096221447,
        "stdev": 15.4717922211
    },
    "hfc": {
        "max": 85.5080490112,
        "mean": 20.2243614197,
        "min": 1.19538593292,
        "stdev": 17.2764453888
    },
    "loudness_ebu128": {
        "integrated": -9.48047161102,
        "loudness_range": 4.18140077591,
        "momentary": {
            "max": -5.49462938309,
            "mean": -10.0887031555,
            "min": -17.7351303101,
            "stdev": 2.40263104439
        },
        "short_term": {
            "max": -6.79187583923,
            "mean": -9.80126094818,
            "min": -12.1095523834,
            "stdev": 1.3518781662
        }
    },
    "melbands_crest": {
        "max": 30.6661052704,
        "mean": 13.5347490311,
        "min": 4.10895872116,
        "stdev": 5.46409082413
    },
    "melbands_flatness_db": {
        "max": 0.372565239668,
        "mean": 0.192934691906,
        "min": 0.0494596473873,
        "stdev": 0.0574122145772
    },
    "melbands_kurtosis": {
        "max": 103.094352722,
        "mean": 8.25361251831,
        "min": -1.33619248867,
        "stdev": 9.13432598114
    },
    "melbands_skewness": {
        "max": 8.08904457092,
        "mean": 1.80315446854,
        "min": -1.89759230614,
        "stdev": 1.33849203587
    },
    "melbands_spread": {
        "max": 78.9662017822,
        "mean": 20.0099411011,
        "min": 1.48129034042,
        "stdev": 12.4248657227
    },
    "pitch_salience": {
        "max": 0.838404715061,
        "mean": 0.578805923462,
        "min": 0.15626475215,
        "stdev": 0.110686942935
    },
    "silence_rate_20dB": {
        "max": 1,
        "mean": 1,
        "min": 1,
        "stdev": 0
    },
    "silence_rate_30dB": {
        "max": 1,
        "mean": 1,
        "min": 1,
        "stdev": 0
    },
    "silence_rate_60dB": {
        "max": 1,
        "mean": 0.046395432204,
        "min": 0,
        "stdev": 0.210339143872
    },
    "spectral_centroid": {
        "max": 3035.98486328,
        "mean": 1081.1517334,
        "min": 352.246673584,
        "stdev": 440.856567383
    },
    "spectral_complexity": {
        "max": 50,
        "mean": 16.4639549255,
        "min": 2,
        "stdev": 7.76338338852
    },
    "spectral_decrease": {
        "max": -2.67932315223e-10,
        "mean": -5.58379698035e-09,
        "min": -2.0968826675e-08,
        "stdev": 4.00194766215e-09
    },
    "spectral_energy": {
        "max": 0.0862427651882,
        "mean": 0.0229089483619,
        "min": 0.00116105889902,
        "stdev": 0.0164679139853
    },
    "spectral_energyband_high": {
        "max": 0.00482239387929,
        "mean": 0.000352072587702,
        "min": 2.88019555228e-06,
        "stdev": 0.000551375094801
    },
    "spectral_energyband_low": {
        "max": 0.014463622123,
        "mean": 0.00133738829754,
        "min": 2.90517868962e-06,
        "stdev": 0.00177219568286
    },
    "spectral_energyband_middle_high": {
        "max": 0.0641512721777,
        "mean": 0.00827654171735,
        "min": 0.000238366963458,
        "stdev": 0.0109883425757
    },
    "spectral_energyband_middle_low": {
        "max": 0.0694092288613,
        "mean": 0.013814041391,
        "min": 2.77206127066e-05,
        "stdev": 0.0116921700537
    },
    "spectral_entropy": {
        "max": 8.52575969696,
        "mean": 7.33235692978,
        "min": 5.89630651474,
        "stdev": 0.441262692213
    },
    "spectral_flux": {
        "max": 0.22508341074,
        "mean": 0.0763162598014,
        "min": 0.016492580995,
        "stdev": 0.0388424918056
    },
    "spectral_kurtosis": {
        "max": 29.9602203369,
        "mean": 5.88907623291,
        "min": -0.41890335083,
        "stdev": 3.99043869972
    },
    "spectral_rms": {
        "max": 0.00917274691164,
        "mean": 0.0043954057619,
        "min": 0.001064302749,
        "stdev": 0.00174087239429
    },
    "spectral_rolloff": {
        "max": 7428.95507812,
        "mean": 1361.51037598,
        "min": 301.46484375,
        "stdev": 935.672790527
    },
    "spectral_skewness": {
        "max": 4.21704149246,
        "mean": 1.86810517311,
        "min": 0.309096992016,
        "stdev": 0.50064188242
    },
    "spectral_spread": {
        "max": 25646082,
        "mean": 3947450.25,
        "min": 1692597.75,
        "stdev": 1276398.75
    },
    "spectral_strongpeak": {
        "max": 10.9565401077,
        "mean": 1.85066378117,
        "min": 0.0243848375976,
        "stdev": 1.89852762222
    },
    "zerocrossingrate": {
        "max": 0.16748046875,
        "mean": 0.056760866195,
        "min": 0.009765625,
        "stdev": 0.0234710164368
    },
    "barkbands": {
        "max": [0.000276936800219, 0.0059731034562, 0.0093897273764, 0.0171672925353, 0.0246309433132, 0.0609140843153, 0.0308128688484, 0.0519957058132, 0.0645542815328, 0.0427520014346, 0.0571061708033, 0.0319871157408, 0.0184753909707, 0.0307560469955, 0.0206291899085, 0.00984488241374, 0.0114516662434, 0.00597854331136, 0.0052055278793, 0.00156523426995, 0.00106416654307, 0.00225413241424, 0.0023394250311, 0.000624746491667, 0.000585188507102, 2.3405527827e-06, 2.47272964771e-06],
        "mean": [1.72611653397e-05, 0.000448003440397, 0.000555033853743, 0.000707927742042, 0.00200927397236, 0.00339252990671, 0.00120063475333, 0.00275346962735, 0.00263213738799, 0.00173641182482, 0.002133799484, 0.00152395491023, 0.000487157114549, 0.00111920724157, 0.000586180074606, 0.000364946812624, 0.000354008196155, 0.000270563497907, 0.000234137100051, 6.7555847636e-05, 5.22147747688e-05, 6.20565915597e-05, 0.00011913531489, 4.52336971648e-05, 3.61074926332e-05, 1.06776818498e-08, 5.32828270394e-09],
        "min": [5.4474082134e-08, 1.522690809e-06, 8.26969312584e-07, 7.48338720769e-07, 3.96565928895e-06, 9.76344199444e-06, 2.65159496848e-06, 4.66522715215e-06, 4.22612174589e-06, 1.2138607417e-05, 2.82889118353e-06, 7.21634387446e-06, 1.05840808828e-06, 4.75995011584e-06, 7.87441786088e-06, 6.47941033094e-06, 7.88077613834e-06, 6.31515649729e-06, 3.52796882908e-06, 9.35830598792e-07, 4.16332170516e-07, 1.9421455022e-07, 2.0974046322e-07, 4.08465211876e-07, 1.43047984125e-07, 5.20269374457e-12, 5.46172352137e-12],
        "stdev": [2.23609949899e-05, 0.000625752843916, 0.000974004738964, 0.00138473836705, 0.0025233628694, 0.0053867767565, 0.00231828540564, 0.0059405057691, 0.00595372961834, 0.00480424007401, 0.00633830856532, 0.00385514460504, 0.00115418876521, 0.00319796684198, 0.00140036758967, 0.000795034458861, 0.000910853967071, 0.000511365069542, 0.00049225211842, 0.000126169397845, 9.99483600026e-05, 0.000161623873282, 0.000208466051845, 7.04030535417e-05, 5.88527764194e-05, 9.4118277616e-08, 9.36081505643e-08]
    },
    "erbbands": {
        "max": [0.060932803899, 1.73486340046, 9.92612361908, 29.6904754639, 64.6251602173, 80.0301818848, 256.215179443, 641.727478027, 431.606628418, 961.922180176, 1080.00793457, 1994.86816406, 1751.18164062, 2193.82763672, 2884.01806641, 1409.56762695, 722.563781738, 1731.95800781, 1614.03308105, 653.126403809, 490.120513916, 650.561828613, 338.554473877, 379.20892334, 96.5113449097, 57.6995735168, 77.2768173218, 37.3549385071, 76.8523406982, 45.2855491638, 83.6844177246, 29.0189399719, 8.89753913879, 9.76733970642, 1.79212296009, 0.0443909801543, 0.00455773156136, 0.00156987283845, 0.0003835898533, 0.000101915866253],
        "mean": [0.0059307795018, 0.127782016993, 0.629235982895, 1.54155516624, 3.30396294594, 6.71148347855, 20.0284404755, 28.8690853119, 18.7020740509, 36.4023971558, 61.903881073, 58.4673042297, 66.0596542358, 60.0386009216, 77.391960144, 57.1296615601, 23.5180263519, 41.9555702209, 46.4151039124, 29.5381584167, 18.9159030914, 19.9807319641, 15.5861644745, 18.8053455353, 4.57247924805, 3.03712844849, 2.74674630165, 1.69701850414, 2.14918708801, 1.65034997463, 3.86438751221, 1.86878824234, 0.640161335468, 0.651701331139, 0.102523550391, 0.00267358566634, 0.0001611635671, 2.42120731855e-05, 1.63102322404e-05, 2.82159235212e-05],
        "min": [4.85341879539e-05, 0.000221406298806, 0.000919998565223, 0.00185246125329, 0.00785184185952, 0.0162513777614, 0.0231799874455, 0.101206786931, 0.0597267337143, 0.0598504804075, 0.0840037614107, 0.0892226099968, 0.227962002158, 0.422465026379, 0.702458918095, 0.475422054529, 0.354476600885, 0.304417431355, 0.591072916985, 0.829660415649, 0.585278332233, 0.419749319553, 0.330022096634, 0.322573840618, 0.103665776551, 0.057153955102, 0.0348905883729, 0.0118061881512, 0.00670680170879, 0.00778144504875, 0.00661987857893, 0.00772918434814, 0.00655015837401, 0.00274579436518, 0.000344928266713, 1.28351475723e-05, 2.83781787402e-06, 4.16775037593e-07, 1.1318838915e-06, 1.59054025062e-06],
        "stdev": [0.00688929250464, 0.186439931393, 1.09042799473, 2.57459449768, 5.10959529877, 8.25555229187, 30.5441761017, 52.9111747742, 32.7836341858, 75.8194503784, 124.029800415, 137.35446167, 188.600708008, 184.353775024, 197.418640137, 128.448623657, 47.2117500305, 108.186355591, 141.874511719, 52.9184799194, 35.4869766235, 49.0725517273, 26.9497470856, 38.9298973083, 8.24032783508, 5.10753536224, 5.10977220535, 3.42587661743, 5.70626974106, 3.6919362545, 7.02133274078, 3.00038528442, 0.929940342903, 1.06505596638, 0.170403912663, 0.00424568448216, 0.000282330700429, 6.60759033053e-05, 1.73678163264e-05, 1.99045771296e-05]
    },
    "gfcc": {
        "mean": [-29.5696201324, 120.397483826, -154.23664856, 23.765668869, -82.2334823608, 17.3972129822, -54.8135108948, 5.27841711044, -14.1143074036, -20.6404514313, 4.55465173721, -16.0772800446, 4.65671253204],
        "cov": [[2039.50476074, -396.863647461, -271.145324707, 115.313735962, -68.9561691284, 200.159927368, 151.939239502, 19.318731308, 23.8982391357, 55.8069458008, -123.233161926, -58.0584526062, -117.559272766], [-396.863647461, 609.048950195, -14.076294899, -155.786193848, 215.142166138, -140.326400757, 106.336753845, -35.7237052917, 47.608165741, -78.6037368774, 80.3140487671, -83.4866943359, 46.8844490051], [-271.145324707, -14.076294899, 391.13583374, 131.625854492, -89.6284942627, 34.2094421387, -112.569969177, 46.1125221252, -12.059094429, -10.5633220673, -41.7771110535, 57.360244751, -15.6192798615], [115.313735962, -155.786193848, 131.625854492, 392.092285156, 23.0385684967, 22.7524604797, -64.7168197632, 36.148223877, 7.89236450195, 16.1137218475, -70.9320220947, 17.0405197144, -27.6958789825], [-68.9561691284, 215.142166138, -89.6284942627, 23.0385684967, 254.553253174, 5.14962673187, 64.0749206543, -10.5086870193, 19.0469360352, -17.817193985, 27.7315883636, -46.0152549744, 11.5113763809], [200.159927368, -140.326400757, 34.2094421387, 22.7524604797, 5.14962673187, 236.752456665, 53.9200057983, -1.4699267149, -26.7698936462, 19.1253452301, -47.0523147583, 14.4748086929, -43.2820014954], [151.939239502, 106.336753845, -112.569969177, -64.7168197632, 64.0749206543, 53.9200057983, 204.193710327, 5.11472034454, -3.94177722931, -21.4717578888, 19.1185035706, -37.4794464111, 4.42094945908], [19.318731308, -35.7237052917, 46.1125221252, 36.148223877, -10.5086870193, -1.4699267149, 5.11472034454, 111.606575012, 33.0275688171, -6.50935220718, -15.4207715988, 10.19298172, 8.61149215698], [23.8982391357, 47.608165741, -12.059094429, 7.89236450195, 19.0469360352, -26.7698936462, -3.94177722931, 33.0275688171, 86.2202377319, 12.7273368835, -4.17261314392, -17.4526977539, 0.922692894936], [55.8069458008, -78.6037368774, -10.5633220673, 16.1137218475, -17.817193985, 19.1253452301, -21.4717578888, -6.50935220718, 12.7273368835, 75.9747924805, 9.12146472931, 5.27352333069, -14.5269060135], [-123.233161926, 80.3140487671, -41.7771110535, -70.9320220947, 27.7315883636, -47.0523147583, 19.1185035706, -15.4207715988, -4.17261314392, 9.12146472931, 105.66570282, 28.9758434296, 18.8853683472], [-58.0584526062, -83.4866943359, 57.360244751, 17.0405197144, -46.0152549744, 14.4748086929, -37.4794464111, 10.19298172, -17.4526977539, 5.27352333069, 28.9758434296, 95.9018936157, 28.0392494202], [-117.559272766, 46.8844490051, -15.6192798615, -27.6958789825, 11.5113763809, -43.2820014954, 4.42094945908, 8.61149215698, 0.922692894936, -14.5269060135, 18.8853683472, 28.0392494202, 84.3650054932]],
        "icov": [[0.000819733075332, 0.000274217367405, 0.000705661659595, -0.000270993739832, 0.00029699242441, -0.000210870930459, -0.000624095730018, -3.38132449542e-05, -0.000415731628891, -5.57224993827e-05, 0.000682218640577, -0.000228393255384, 0.000837147119455], [0.000274217367405, 0.00997590180486, -0.00614299671724, 0.00379620492458, -0.00741291884333, 0.00539685040712, -0.00520427292213, 0.0053085219115, -0.00560693349689, 0.00496805040166, -0.00278152478859, 0.00490478146821, -0.00163251673803], [0.000705661659595, -0.00614299671724, 0.00883461069316, -0.00373155297711, 0.00607307627797, -0.00475425459445, 0.00472205830738, -0.00484286062419, 0.00346143706702, -0.00140159530565, 0.00218843808398, -0.00421089120209, 0.00241736415774], [-0.000270993739832, 0.00379620492458, -0.00373155297711, 0.00558916619048, -0.00493920408189, 0.00350232794881, -0.00185580528341, 0.00147146394011, -0.00157159322407, 0.000150883483002, 0.00244761584327, -0.000665827887133, 0.000791048048995], [0.00029699242441, -0.00741291884333, 0.00607307627797, -0.00493920408189, 0.0120716961101, -0.00642886199057, 0.00373003911227, -0.0035589155741, 0.00245887204073, -0.00118347525131, -0.0020729850512, 0.000949978420977, -0.00082357483916], [-0.000210870930459, 0.00539685040712, -0.00475425459445, 0.00350232794881, -0.00642886199057, 0.011520431377, -0.00664285430685, 0.00339005072601, -0.000881104322616, -0.00116246065591, 0.00505779869854, -0.00368518172763, 0.00366820208728], [-0.000624095730018, -0.00520427292213, 0.00472205830738, -0.00185580528341, 0.00373003911227, -0.00664285430685, 0.0117689371109, -0.00474944151938, 0.00361295207404, 0.000848913332447, -0.00323490565643, 0.00260727806017, -0.00179708504584], [-3.38132449542e-05, 0.0053085219115, -0.00484286062419, 0.00147146394011, -0.0035589155741, 0.00339005072601, -0.00474944151938, 0.014900107868, -0.00827572587878, 0.00377600709908, 4.80615635752e-05, 0.000391965499148, -0.00185833033174], [-0.000415731628891, -0.00560693349689, 0.00346143706702, -0.00157159322407, 0.00245887204073, -0.000881104322616, 0.00361295207404, -0.00827572587878, 0.0189941022545, -0.0068865143694, 0.00253307353705, -0.000460576848127, 0.000721944263205], [-5.57224993827e-05, 0.00496805040166, -0.00140159530565, 0.000150883483002, -0.00118347525131, -0.00116246065591, 0.000848913332447, 0.00377600709908, -0.0068865143694, 0.020377734676, -0.0073455888778, 0.00454326998442, -0.000194802269107], [0.000682218640577, -0.00278152478859, 0.00218843808398, 0.00244761584327, -0.0020729850512, 0.00505779869854, -0.00323490565643, 4.80615635752e-05, 0.00253307353705, -0.0073455888778, 0.0219288971275, -0.0140669075772, 0.00522122206166], [-0.000228393255384, 0.00490478146821, -0.00421089120209, -0.000665827887133, 0.000949978420977, -0.00368518172763, 0.00260727806017, 0.000391965499148, -0.000460576848127, 0.00454326998442, -0.0140669075772, 0.0263338405639, -0.0110550206155], [0.000837147119455, -0.00163251673803, 0.00241736415774, 0.000791048048995, -0.00082357483916, 0.00366820208728, -0.00179708504584, -0.00185833033174, 0.000721944263205, -0.000194802269107, 0.00522122206166, -0.0110550206155, 0.0193763934076]]
    },
    "melbands": {
        "max": [0.00106967345346, 0.0037831927184, 0.00587703939527, 0.00625629071146, 0.00718244584277, 0.0136456703767, 0.00605649407953, 0.0113309863955, 0.0107138901949, 0.0128415944055, 0.00857323314995, 0.00825632736087, 0.00785358715802, 0.00483953952789, 0.00207662442699, 0.00252815452404, 0.00392036745325, 0.00351799256168, 0.00187343033031, 0.000755996676162, 0.000438331451733, 0.000951687747147, 0.000389921508031, 0.000416310445871, 0.000380686717108, 8.65043330123e-05, 7.6159798482e-05, 4.10501052102e-05, 5.49792312086e-05, 2.79729447357e-05, 1.61371517606e-05, 3.30223519995e-05, 7.38633607398e-05, 1.20490431073e-05, 3.83309306926e-05, 5.44156573596e-05, 1.07285104605e-05, 4.73670615975e-06, 1.18419675346e-05, 1.02323738247e-05],
        "mean": [8.69546638569e-05, 0.00028032582486, 0.000321191211697, 0.000333959935233, 0.000641960767098, 0.000641925958917, 0.000270051154075, 0.000468929152703, 0.000517185253557, 0.000360308302334, 0.000318029109621, 0.000220591173274, 0.000258099142229, 0.000208454352105, 8.51828226587e-05, 4.13150592067e-05, 8.73205572134e-05, 8.71126758284e-05, 4.45244040748e-05, 3.35438598995e-05, 1.85707322089e-05, 2.13737275772e-05, 1.4984392692e-05, 1.39287249112e-05, 1.64704833878e-05, 4.23342135036e-06, 2.02822616302e-06, 1.97116310119e-06, 1.95549910131e-06, 1.25464327994e-06, 8.26065331694e-07, 1.02158719528e-06, 1.55023042225e-06, 5.92218100337e-07, 1.79842061243e-06, 2.7819337447e-06, 6.37524863123e-07, 4.4819626055e-07, 4.09960620118e-07, 6.25615086847e-07],
        "min": [4.47055953146e-07, 4.63637547909e-07, 4.70832617339e-07, 9.24019559534e-07, 7.899737966e-07, 2.16700436795e-06, 8.20199829832e-07, 7.79429512932e-07, 5.73033901219e-07, 6.33536558325e-07, 9.92076138573e-07, 7.01259068592e-07, 8.83168922883e-07, 7.11039319867e-07, 6.17766829691e-07, 2.25286513e-07, 4.08064693147e-07, 7.3673317047e-07, 6.44792862659e-07, 7.40212783512e-07, 3.18868444538e-07, 3.89547153645e-07, 2.47875533432e-07, 3.365919099e-07, 2.08689897363e-07, 6.00588023758e-08, 3.18085433548e-08, 3.47157076419e-08, 2.00837639852e-08, 9.30037558078e-09, 3.26617910495e-09, 3.07739567162e-09, 4.17287271404e-09, 3.43673778325e-09, 3.59011287365e-09, 5.07469311017e-09, 4.04898869988e-09, 4.05910682844e-09, 2.64371902148e-09, 2.11273043504e-09],
        "stdev": [0.000107622799987, 0.000431962107541, 0.000513485167176, 0.000410952226957, 0.000890330295078, 0.00109751615673, 0.000480017566588, 0.00101198814809, 0.0010771114612, 0.000884860637598, 0.000937060802244, 0.000689312175382, 0.000664628692903, 0.000552777200937, 0.00017531956837, 0.000129194901092, 0.000246886454988, 0.000302430940792, 0.000108840918983, 6.95745766279e-05, 3.65315609088e-05, 5.93088298046e-05, 2.96221314784e-05, 3.06203219225e-05, 3.61276652256e-05, 7.85368047218e-06, 4.58556405647e-06, 3.35635854753e-06, 3.67713164451e-06, 2.6765480925e-06, 1.68503913756e-06, 2.67995187642e-06, 4.65544417239e-06, 1.13262274226e-06, 3.30537295667e-06, 5.01235581396e-06, 1.06290747226e-06, 6.57180748931e-07, 7.06687160346e-07, 1.06318316284e-06]
    },
    "melbands128": {
        "max": [0.000175358480192, 0.000364110397641, 0.000967390020378, 0.0035949209705, 0.00563623104244, 0.00403735646978, 0.00549995433539, 0.00960158836097, 0.00679533649236, 0.0109933130443, 0.0048869419843, 0.00908855907619, 0.0101863257587, 0.0222540404648, 0.0147782750428, 0.0281687602401, 0.013327633962, 0.00590182375163, 0.0111414408311, 0.0145427901298, 0.0206970255822, 0.0155552858487, 0.018052732572, 0.017952112481, 0.0193208865821, 0.0229792650789, 0.0127814691514, 0.0161753017455, 0.00623439857736, 0.00419868761674, 0.0187525916845, 0.0161788854748, 0.00633557280526, 0.0206824727356, 0.00747395306826, 0.0100522469729, 0.00566392624751, 0.00334317632951, 0.00252451724373, 0.00326047232375, 0.00526087498292, 0.00196558632888, 0.00603251671419, 0.00636144960299, 0.00718061439693, 0.00588840758428, 0.00162264995743, 0.00401069642976, 0.00228515896015, 0.000405273487559, 0.00141845934559, 0.00223336624913, 0.000536899489816, 0.000436540634837, 0.00235638581216, 0.00181204290129, 0.00178373337258, 0.000959432509262, 0.000406332022976, 0.000547976873349, 0.000895391684026, 0.0005864474806, 0.000809849647339, 0.000511230027769, 0.000254806684097, 9.23726474866e-05, 7.48833626858e-05, 0.000101158941106, 0.000111127294076, 3.14050339512e-05, 3.24376669596e-05, 6.82940662955e-05, 6.91000605002e-05, 7.04210106051e-05, 5.23606140632e-05, 4.30211439379e-05, 4.62327843707e-05, 3.31547780661e-05, 1.26011836983e-05, 2.98859358736e-05, 2.06596087082e-05, 6.36000841041e-05, 0.000118566233141, 0.000100969264167, 4.71706152894e-05, 1.5279645595e-05, 1.26537943288e-05, 9.82083201961e-06, 4.18262898165e-05, 0.000102901925857, 9.73530331976e-05, 4.83789590362e-05, 2.14838455577e-05, 1.56707556016e-05, 1.16400797197e-05, 9.1044967121e-06, 6.32586807114e-06, 7.99145527708e-06, 1.02842377601e-05, 2.08332585316e-05, 1.53770142788e-05, 1.30570460897e-05, 1.20812937894e-05, 3.11991766466e-06, 4.52500614756e-07, 6.99432405327e-08, 4.72794141615e-08, 1.73314926855e-08, 1.61322439851e-08, 1.54428381194e-08, 1.48051659821e-08, 1.42265621506e-08, 1.3688608469e-08, 1.31919764002e-08, 1.27325225918e-08, 1.23090009296e-08, 1.19216982952e-08, 1.15661826783e-08, 1.12465086133e-08, 1.09488969002e-08, 1.06820268186e-08, 1.04445190274e-08, 1.02454276174e-08, 1.00721964102e-08, 9.92085791296e-09, 9.80233583192e-09, 9.71823332918e-09, 9.66582192063e-09],
        "mean": [1.33203402584e-05, 3.23336134898e-05, 8.14581580926e-05, 0.000255584047409, 0.000334458221914, 0.000251127552474, 0.000292690907372, 0.000373002461856, 0.000328767637257, 0.000274779536994, 0.000336212455295, 0.000567597395275, 0.000689520675223, 0.000795217754785, 0.000734275614377, 0.000530460558366, 0.000348795438185, 0.000193591957213, 0.000198264751816, 0.000365188083379, 0.000694549526088, 0.000567632960156, 0.000454248278402, 0.00056111329468, 0.000322551757563, 0.000337944627972, 0.000270881893812, 0.000474585627671, 0.000172254367499, 0.000103458718513, 0.000293876306387, 0.000353973300662, 0.000159740433446, 0.000311554875225, 0.000238398715737, 0.000188415622688, 0.000131926542963, 9.12227187655e-05, 4.9123475037e-05, 3.32819690811e-05, 5.33219608769e-05, 2.93817483907e-05, 6.67398635414e-05, 0.000132141823997, 0.000126563056256, 8.63681707415e-05, 2.72158886219e-05, 4.70280647278e-05, 5.52199599042e-05, 2.64371483354e-05, 3.5310160456e-05, 3.74530936824e-05, 1.46856646097e-05, 1.06471061372e-05, 2.38271077251e-05, 2.02541596082e-05, 2.48998530878e-05, 1.46508045873e-05, 1.16705950859e-05, 1.44895648191e-05, 1.29771560751e-05, 1.23057216115e-05, 2.35181196331e-05, 1.54348654178e-05, 9.65693470789e-06, 3.27844918502e-06, 1.68962026237e-06, 1.90669186395e-06, 2.30540604207e-06, 1.86981174011e-06, 1.68247481724e-06, 2.24235736823e-06, 2.33118862525e-06, 2.07046241485e-06, 1.19663695841e-06, 1.46401782786e-06, 1.0573317013e-06, 1.13303929083e-06, 6.80263440245e-07, 6.76669685618e-07, 8.33233798403e-07, 1.08418760192e-06, 1.70148996403e-06, 2.03006447919e-06, 9.99264443635e-07, 5.59073328077e-07, 4.75112500453e-07, 5.40777193692e-07, 1.14107865556e-06, 3.08908602165e-06, 4.63283686258e-06, 2.22523863158e-06, 7.44857857171e-07, 5.06447634052e-07, 6.25414884325e-07, 5.63231196793e-07, 3.89332399209e-07, 3.09124516207e-07, 3.76047211148e-07, 4.30761247117e-07, 6.35453091036e-07, 7.54269649406e-07, 5.52536789655e-07, 1.41854670233e-07, 1.43807055153e-08, 1.72611303029e-09, 2.05073091841e-09, 2.51483472935e-10, 5.92298085578e-11, 5.37273350809e-11, 5.07485234391e-11, 5.16722810373e-11, 5.4710187769e-11, 5.45093206683e-11, 4.84261970801e-11, 4.68051222779e-11, 3.77176172239e-11, 2.58757199695e-11, 2.31827421843e-11, 2.25028624207e-11, 2.18863191459e-11, 2.13428094642e-11, 2.08543529667e-11, 2.0293102268e-11, 1.91999020849e-11, 1.77707189242e-11, 1.70073555933e-11, 1.68289236713e-11],
        "min": [2.86859016541e-08, 1.05883501078e-07, 2.68515634616e-07, 1.82734567034e-07, 2.17952901949e-07, 3.92937579363e-07, 3.24263879747e-07, 3.79435959985e-07, 7.72056523601e-07, 1.13405974389e-06, 9.69681309471e-07, 4.6265444098e-07, 4.38919443013e-07, 1.16714466003e-06, 1.07128403215e-06, 5.63792809771e-07, 8.7576961505e-07, 3.92370651525e-07, 2.21285390012e-07, 6.19409206593e-07, 3.94612442278e-07, 8.73565042525e-08, 2.85450568072e-07, 1.08902597162e-07, 1.00059018848e-07, 2.02716023523e-07, 4.67249520852e-07, 2.46750346378e-07, 3.18525451348e-07, 1.24848185123e-07, 1.49901296709e-07, 1.47963859831e-07, 4.17336252667e-07, 4.14532905779e-07, 2.25088726324e-07, 1.17342935368e-07, 1.31766910272e-07, 2.10021156022e-07, 1.25518539562e-07, 1.00098830558e-07, 4.84492765906e-08, 1.3620663708e-07, 1.85011870713e-07, 5.31649391178e-08, 7.37702805509e-08, 8.57396713627e-08, 8.22167578463e-08, 6.9342632969e-08, 4.46209668326e-07, 3.3994646742e-07, 2.26878910325e-07, 2.3685184658e-07, 7.1355295006e-08, 6.9047914053e-08, 1.9423931974e-07, 2.15630848288e-07, 7.5780683062e-08, 1.20286273386e-07, 2.03064743687e-07, 8.57920099406e-08, 8.52745571933e-08, 1.20959427363e-07, 1.88045930827e-07, 9.03147991949e-08, 4.511704077e-08, 3.84534750708e-08, 1.96481870773e-08, 7.72544694883e-09, 1.30959518785e-08, 1.63246767215e-08, 1.30039436996e-08, 1.76429537646e-08, 8.43327541133e-09, 1.0581283405e-08, 5.59493829044e-09, 6.43712727566e-09, 3.88628285108e-09, 4.04658573316e-09, 2.22129759031e-09, 1.63583768753e-09, 1.87058168954e-09, 2.30977992288e-09, 3.61934904269e-09, 2.68504218859e-09, 2.36073027793e-09, 2.5190374231e-09, 2.22245777337e-09, 4.53688997482e-09, 3.6254028668e-09, 2.57043253349e-09, 2.997480264e-09, 2.33544761308e-09, 2.06790740087e-09, 1.91596782884e-09, 3.37065952927e-09, 3.39019878837e-09, 1.98011873564e-09, 2.14799844578e-09, 2.39978370509e-09, 3.13533243812e-09, 2.39894615284e-09, 1.9675883145e-09, 7.06703695563e-10, 3.87689741421e-10, 9.28876420225e-12, 2.25779694962e-13, 2.92092129021e-14, 3.70505797538e-14, 2.73414900068e-14, 2.21236535493e-14, 1.69244552048e-14, 1.79285568596e-14, 1.96394516047e-14, 1.73255303875e-14, 1.85203974146e-14, 1.922428857e-14, 1.9404969168e-14, 1.69871678302e-14, 2.15178267863e-14, 1.76055662562e-14, 1.915004105e-14, 1.60375829099e-14, 1.90562541739e-14, 2.15404374838e-14, 1.29889580198e-14, 5.16382455459e-15, 9.0814616264e-16, 4.61108689181e-17],
        "stdev": [1.75927889359e-05, 4.65515440737e-05, 0.000101220350189, 0.000396804476622, 0.000631739210803, 0.000431923021097, 0.000517144391779, 0.000780233240221, 0.000552668585442, 0.000502496899571, 0.000477664609207, 0.000969847664237, 0.00125182094052, 0.00165458174888, 0.00164184346795, 0.00147612940054, 0.000868639093824, 0.000445570942247, 0.000632259936538, 0.000995115377009, 0.00185922777746, 0.00168900063727, 0.00142317311838, 0.0016995446058, 0.00107892334927, 0.00136832601856, 0.00092398916604, 0.00178215070628, 0.000398281728849, 0.000262812362053, 0.00130084133707, 0.00147989741527, 0.000565934518818, 0.00123011879623, 0.000885458837729, 0.000779179797973, 0.00038374151336, 0.000259470543824, 0.00013550791482, 0.000130606087623, 0.000239447137574, 9.62797712418e-05, 0.000275654281722, 0.000443681463366, 0.000604469503742, 0.00044472393347, 7.57566813263e-05, 0.000171659397893, 0.000144515288412, 4.74002627016e-05, 0.000113252506708, 0.000117703777505, 3.65292653441e-05, 2.74513058685e-05, 0.000108396059659, 7.45196011849e-05, 8.10389901744e-05, 5.76955462748e-05, 2.22406124522e-05, 3.34986470989e-05, 4.3164640374e-05, 4.07172738051e-05, 6.62528618705e-05, 3.59356672561e-05, 2.03709496418e-05, 6.54913446851e-06, 3.84679515264e-06, 5.87253680351e-06, 5.88558350501e-06, 3.54298617822e-06, 3.10974269269e-06, 5.05181014887e-06, 5.17249600307e-06, 4.51185223938e-06, 2.66064125753e-06, 3.78027584702e-06, 2.713260983e-06, 2.64625987256e-06, 1.36287940222e-06, 1.95065240405e-06, 2.04401112569e-06, 4.02519299314e-06, 6.12592612015e-06, 6.81531764712e-06, 2.76201285487e-06, 1.11207009468e-06, 9.46672855662e-07, 1.03482773284e-06, 2.35062179854e-06, 6.64341678203e-06, 9.3634289442e-06, 3.97543362851e-06, 1.51162043949e-06, 1.10075018256e-06, 1.01302680378e-06, 9.64046307672e-07, 5.98897031523e-07, 5.36124730388e-07, 7.09910352725e-07, 9.21016976463e-07, 1.25589087929e-06, 1.35849506933e-06, 1.00900615507e-06, 2.70145790182e-07, 2.76131686405e-08, 3.88469789669e-09, 4.06412592469e-09, 8.69432525974e-10, 6.5738037236e-10, 6.21153184444e-10, 6.19270246194e-10, 5.73167791007e-10, 5.57820178937e-10, 5.47999645661e-10, 5.09388975445e-10, 4.93905971677e-10, 4.61117616313e-10, 4.38356850818e-10, 4.25632251666e-10, 4.14336731591e-10, 4.04239169915e-10, 3.9522751738e-10, 3.87677556724e-10, 3.81021381113e-10, 3.74953623705e-10, 3.70158625973e-10, 3.66958491371e-10, 3.64979629852e-10]
    },
    "mfcc": {
        "mean": [-651.725891113, 130.854171753, -8.30976295471, -4.60067224503, 5.49640655518, -12.7529067993, -10.4523935318, 3.39280676842, -11.1060838699, -0.702226996422, -7.37417411804, -3.18291211128, -4.2706823349],
        "cov": [[2331.05004883, -561.101501465, -205.446624756, -34.632610321, -181.595901489, 201.059234619, 39.9274597168, 53.0912437439, 111.901329041, 81.6251831055, 119.343170166, 6.34145212173, -57.9364128113], [-561.101501465, 731.093017578, -172.11076355, -39.6093635559, 52.9783592224, -83.5753326416, 58.8602294922, -13.7639493942, -12.6789131165, 13.3837223053, -19.7604751587, 19.4751567841, -15.0184345245], [-205.446624756, -172.11076355, 431.629821777, 40.7005767822, 20.0187168121, 5.21167516708, -69.3524246216, 33.5184364319, -14.4409971237, -40.6907272339, -9.76507282257, -18.3373184204, 27.3778038025], [-34.632610321, -39.6093635559, 40.7005767822, 271.34967041, 90.6024246216, -30.2438468933, -18.8286209106, 1.64118671417, 29.3895683289, -4.34693717957, -8.5953950882, 21.2130489349, -5.82121133804], [-181.595901489, 52.9783592224, 20.0187168121, 90.6024246216, 183.594177246, 1.32029414177, -19.9909381866, 8.01258468628, 14.9730052948, -0.795931279659, -6.05660867691, 11.0048475266, 6.48513889313], [201.059234619, -83.5753326416, 5.21167516708, -30.2438468933, 1.32029414177, 190.881134033, 56.5748329163, 18.1866760254, 19.1522293091, 11.5317325592, 27.7140769958, -17.3247241974, 7.39680719376], [39.9274597168, 58.8602294922, -69.3524246216, -18.8286209106, -19.9909381866, 56.5748329163, 144.625946045, 41.4873352051, 10.3170661926, 14.3326101303, -0.715725421906, 0.809281349182, -2.47225737572], [53.0912437439, -13.7639493942, 33.5184364319, 1.64118671417, 8.01258468628, 18.1866760254, 41.4873352051, 105.911727905, 33.661605835, 7.37470054626, -2.29424405098, -4.69716835022, 8.96028423309], [111.901329041, -12.6789131165, -14.4409971237, 29.3895683289, 14.9730052948, 19.1522293091, 10.3170661926, 33.661605835, 106.275123596, 36.94972229, 1.83169817924, -0.2484395504, -13.6818876266], [81.6251831055, 13.3837223053, -40.6907272339, -4.34693717957, -0.795931279659, 11.5317325592, 14.3326101303, 7.37470054626, 36.94972229, 83.9356002808, 19.8515701294, 2.07051444054, -19.6374282837], [119.343170166, -19.7604751587, -9.76507282257, -8.5953950882, -6.05660867691, 27.7140769958, -0.715725421906, -2.29424405098, 1.83169817924, 19.8515701294, 79.1177825928, 13.5883750916, -3.53198337555], [6.34145212173, 19.4751567841, -18.3373184204, 21.2130489349, 11.0048475266, -17.3247241974, 0.809281349182, -4.69716835022, -0.2484395504, 2.07051444054, 13.5883750916, 66.2436141968, 17.6407318115], [-57.9364128113, -15.0184345245, 27.3778038025, -5.82121133804, 6.48513889313, 7.39680719376, -2.47225737572, 8.96028423309, -13.6818876266, -19.6374282837, -3.53198337555, 17.6407318115, 73.3350753784]],
        "icov": [[0.000809623568784, 0.000604179920629, 0.0006259540678, -0.000105384140625, 0.000691846653353, -0.000595707795583, 0.000345682929037, -0.000553184014279, -0.000421766599175, -2.46785348281e-05, -0.000648374436423, -0.000383251724998, 0.000575118174311], [0.000604179920629, 0.00227946974337, 0.000949424284045, 0.000512381084263, -0.000500255438965, 0.000689669337589, -0.00085764483083, -6.51949740131e-05, -0.000213437233469, -8.51367294672e-05, -0.00032683898462, -0.000454826047644, 0.000615139666479], [0.0006259540678, 0.000949424284045, 0.00362607929856, -0.000488392950501, 0.000449937040685, -0.000795903790276, 0.00199369946495, -0.00214927620254, 0.000352767965524, 0.000807034084573, -0.000340257654898, 0.000454485358205, -0.000177010151674], [-0.000105384140625, 0.000512381084263, -0.000488392950501, 0.00509310839698, -0.0026514660567, 0.00122578744777, -0.000761007133406, 0.000770022510551, -0.00147113006096, 0.000733690394554, 0.000292919547064, -0.0014027353609, 0.000872921664268], [0.000691846653353, -0.000500255438965, 0.000449937040685, -0.0026514660567, 0.00795792322606, -0.00199941918254, 0.0022664621938, -0.0015411862405, -0.000412926572608, -0.000257024512393, 0.000112280635221, -0.000919788901228, -9.08670044737e-05], [-0.000595707795583, 0.000689669337589, -0.000795903790276, 0.00122578744777, -0.00199941918254, 0.00838250201195, -0.00437575718388, 0.00171217811294, -0.00137801736128, 0.000256327883108, -0.00260918447748, 0.00299393036403, -0.00199464685284], [0.000345682929037, -0.00085764483083, 0.00199369946495, -0.000761007133406, 0.0022664621938, -0.00437575718388, 0.0116223925725, -0.00541833927855, 0.00149392778985, -0.000898829603102, 0.00159955129493, -0.0016176054487, 0.00109170330688], [-0.000553184014279, -6.51949740131e-05, -0.00214927620254, 0.000770022510551, -0.0015411862405, 0.00171217811294, -0.00541833927855, 0.0139894671738, -0.00435815285891, 0.000268579693511, -0.000102198318928, 0.00169985997491, -0.00267020869069], [-0.000421766599175, -0.000213437233469, 0.000352767965524, -0.00147113006096, -0.000412926572608, -0.00137801736128, 0.00149392778985, -0.00435815285891, 0.0138417258859, -0.00534422369674, 0.00198496785015, -0.000537312065717, 0.00150917074643], [-2.46785348281e-05, -8.51367294672e-05, 0.000807034084573, 0.000733690394554, -0.000257024512393, 0.000256327883108, -0.000898829603102, 0.000268579693511, -0.00534422369674, 0.0164066255093, -0.0037047364749, -0.000408159306971, 0.00296979164705], [-0.000648374436423, -0.00032683898462, -0.000340257654898, 0.000292919547064, 0.000112280635221, -0.00260918447748, 0.00159955129493, -0.000102198318928, 0.00198496785015, -0.0037047364749, 0.0161159019917, -0.00422277720645, 0.0010610180907], [-0.000383251724998, -0.000454826047644, 0.000454485358205, -0.0014027353609, -0.000919788901228, 0.00299393036403, -0.0016176054487, 0.00169985997491, -0.000537312065717, -0.000408159306971, -0.00422277720645, 0.0194596257061, -0.00625373097137], [0.000575118174311, 0.000615139666479, -0.000177010151674, 0.000872921664268, -9.08670044737e-05, -0.00199464685284, 0.00109170330688, -0.00267020869069, 0.00150917074643, 0.00296979164705, 0.0010610180907, -0.00625373097137, 0.0175562612712]]
    },
    "spectral_contrast_coeffs": {
        "max": [-0.377586960793, -0.458315551281, -0.420188158751, -0.598489463329, -0.63074195385, -0.67333316803],
        "mean": [-0.666423022747, -0.710390925407, -0.730973482132, -0.778949856758, -0.77560377121, -0.81082880497],
        "min": [-0.89981085062, -0.914001822472, -0.885756254196, -0.88067984581, -0.871524691582, -0.907549142838],
        "stdev": [0.0788693651557, 0.0843611508608, 0.0850631147623, 0.0521937720478, 0.0408586598933, 0.0299007985741]
    },
    "spectral_contrast_valleys": {
        "max": [-5.46734046936, -4.85965013504, -5.37505960464, -5.87843561172, -6.03446531296, -8.47528839111],
        "mean": [-7.20004558563, -6.62020730972, -7.22927045822, -7.54704523087, -7.90596818924, -10.2316274643],
        "min": [-9.05449199677, -8.45110416412, -8.64982795715, -9.04122447968, -9.31882381439, -12.1733636856],
        "stdev": [0.57465416193, 0.512235939503, 0.573902785778, 0.544444441795, 0.574131131172, 0.655852198601]
    }
},
"rhythm": {
    "beats_count": 58,
    "beats_loudness": {
        "max": 0.0745812654495,
        "mean": 0.0279762353748,
        "min": 0.00379709876142,
        "stdev": 0.0154958060011
    },
    "bpm": 109.54863739,
    "bpm_histogram_first_peak_bpm": 110,
    "bpm_histogram_first_peak_weight": 0.333333313465,
    "bpm_histogram_second_peak_bpm": 105,
    "bpm_histogram_second_peak_spread": 0.5,
    "bpm_histogram_second_peak_weight": 0.0701754391193,
    "danceability": 1.185151577,
    "onset_rate": 4.42968702316,
    "beats_loudness_band_ratio": {
        "max": [0.598460972309, 0.858449220657, 0.812116026878, 0.765751481056, 0.455741286278, 0.283694088459],
        "mean": [0.102156080306, 0.289960116148, 0.304421067238, 0.205201536417, 0.0999529510736, 0.0504879020154],
        "min": [0.00791042577475, 0.0185257103294, 0.0127149270847, 0.00922430492938, 0.00696356920525, 0.00161154777743],
        "stdev": [0.102811843157, 0.214605927467, 0.220903992653, 0.160479798913, 0.0951564833522, 0.0564098581672]
    },
    "beats_position": [0.557278871536, 1.13777780533, 1.71827661991, 2.31038546562, 2.89088439941, 3.45977306366, 4.01705217361, 4.5627207756, 5.10838985443, 5.65405893326, 6.19972801208, 6.74539661407, 7.2910656929, 7.83673477173, 8.37079334259, 8.91646194458, 9.45052146912, 9.99619007111, 10.5418596268, 11.0991382599, 11.6680269241, 12.2253055573, 12.782585144, 13.3514738083, 13.9203624725, 14.4660310745, 15.0117006302, 15.5573692322, 16.114648819, 16.6603164673, 17.1943759918, 17.7400455475, 18.2973232269, 18.8429927826, 19.3886623383, 19.9343299866, 20.4799995422, 21.037279129, 21.5829467773, 22.128616333, 22.6742858887, 23.219953537, 23.7656230927, 24.3112926483, 24.8569602966, 25.4026298523, 25.9366893768, 26.4823570251, 27.0280265808, 27.5853061676, 28.1193637848, 28.6534233093, 29.199092865, 29.7215423584, 30.2672100067, 30.8128795624, 31.3701572418, 31.9274368286],
