{
"metadata": {
    "version": {
        "essentia": "2.1-beta5",
        "essentia_git_sha": "Undefined",
        "extractor": "music 2.0"
    },
    "audio_properties": {
        "analysis": {
            "equal_loudness": 0,
            "length": 23.1386852264,
            "sample_rate": 44100,
            "start_time": 142.744674683,
            "downmix": "mix"
        },
        "bit_rate": 192000,
        "length": 165.906570435,
        "lossless": 0,
        "number_channels": 2,
        "replay_gain": 6.95690345764,
        "sample_rate": 44100,
        "codec": "mp3",
        "md5_encoded": "0dadbdf674b03514380d3c0a33f37ef9"
    },
    "tags": {
        "file_name": "Portugal_Desfolhada Portuguesa_Simone de Oliveira.mp3",
        "encoding": ["Lavf58.29.100"]
    }
},
"lowlevel": {
    "average_loudness": 0.963054478168,
    "barkbands_crest": {
        "max": 26.6819210052,
        "mean": 10.5847473145,
        "min": 2.84705519676,
        "stdev": 6.04931783676
    },
    "barkbands_flatness_db": {
        "max": 0.423145264387,
        "mean": 0.155549019575,
        "min": 0.0497513264418,
        "stdev": 0.0749714821577
    },
    "barkbands_kurtosis": {
        "max": 471.893157959,
        "mean": 9.80410003662,
        "min": -1.74182271957,
        "stdev": 32.0334243774
    },
    "barkbands_skewness": {
        "max": 19.4126091003,
        "mean": 1.41838669777,
        "min": -1.93434917927,
        "stdev": 2.25971150398
    },
    "barkbands_spread": {
        "max": 65.460609436,
        "mean": 15.9214258194,
        "min": 0.27596026659,
        "stdev": 10.6558561325
    },
    "dissonance": {
        "max": 0.499979376793,
        "mean": 0.454555004835,
        "min": 0.238188520074,
        "stdev": 0.0452852025628
    },
    "dynamic_complexity": 3.47455072403,
    "erbbands_crest": {
        "max": 29.6203403473,
        "mean": 11.2745132446,
        "min": 2.70303702354,
        "stdev": 5.82249259949
    },
    "erbbands_flatness_db": {
        "max": 0.397155612707,
        "mean": 0.220141619444,
        "min": 0.0727126523852,
        "stdev": 0.052654709667
    },
    "erbbands_kurtosis": {
        "max": 72.69165802,
        "mean": 2.43496012688,
        "min": -1.57625210285,
        "stdev": 6.87243556976
    },
    "erbbands_skewness": {
        "max": 7.0295009613,
        "mean": 0.830050110817,
        "min": -2.89506268501,
        "stdev": 1.20996034145
    },
    "erbbands_spread": {
        "max": 99.8077850342,
        "mean": 23.4843120575,
        "min": 2.99175977707,
        "stdev": 11.4988222122
    },
    "hfc": {
        "max": 80.1726989746,
        "mean": 29.6443939209,
        "min": 1.11043756219e-16,
        "stdev": 20.1356315613
    },
    "loudness_ebu128": {
        "integrated": -29.9702243805,
        "loudness_range": 3.38867378235,
        "momentary": {
            "max": -27.8159236908,
            "mean": -31.5010204315,
            "min": -52.7188262939,
            "stdev": 4.57600641251
        },
        "short_term": {
            "max": -28.7395915985,
            "mean": -30.0329837799,
            "min": -33.4656600952,
            "stdev": 1.18069541454
        }
    },
    "melbands_crest": {
        "max": 33.5272140503,
        "mean": 12.737118721,
        "min": 1.86591589451,
        "stdev": 7.16228532791
    },
    "melbands_flatness_db": {
        "max": 0.499699056149,
        "mean": 0.17343993485,
        "min": 0.00422280421481,
        "stdev": 0.0950414761901
    },
    "melbands_kurtosis": {
        "max": 414.124481201,
        "mean": 15.5382213593,
        "min": -1.74025189877,
        "stdev": 39.460647583
    },
    "melbands_skewness": {
        "max": 14.6560258865,
        "mean": 1.89008927345,
        "min": -0.971188247204,
        "stdev": 2.35127329826
    },
    "melbands_spread": {
        "max": 158.692550659,
        "mean": 26.6264343262,
        "min": 0.472033381462,
        "stdev": 22.853395462
    },
    "pitch_salience": {
        "max": 0.884884357452,
        "mean": 0.556998431683,
        "min": 0.0764873847365,
        "stdev": 0.150219619274
    },
    "silence_rate_20dB": {
        "max": 1,
        "mean": 1,
        "min": 1,
        "stdev": 0
    },
    "silence_rate_30dB": {
        "max": 1,
        "mean": 1,
        "min": 1,
        "stdev": 0
    },
    "silence_rate_60dB": {
        "max": 1,
        "mean": 0.128256514668,
        "min": 0,
        "stdev": 0.334373980761
    },
    "spectral_centroid": {
        "max": 11395.2216797,
        "mean": 1562.23498535,
        "min": 146.51423645,
        "stdev": 1112.55895996
    },
    "spectral_complexity": {
        "max": 50,
        "mean": 20.7735462189,
        "min": 0,
        "stdev": 12.2671461105
    },
    "spectral_decrease": {
        "max": 6.92382889104e-29,
        "mean": -6.44885034262e-09,
        "min": -2.39255992796e-08,
        "stdev": 3.87451848383e-09
    },
    "spectral_energy": {
        "max": 0.0945990234613,
        "mean": 0.0270282775164,
        "min": 1.03143444713e-20,
        "stdev": 0.0161060187966
    },
    "spectral_energyband_high": {
        "max": 0.00662457430735,
        "mean": 0.000752308929805,
        "min": 7.3684150367e-21,
        "stdev": 0.000872577133123
    },
    "spectral_energyband_low": {
        "max": 0.00920526403934,
        "mean": 0.000845539616421,
        "min": 3.45454559735e-23,
        "stdev": 0.00131984904874
    },
    "spectral_energyband_middle_high": {
        "max": 0.0586666874588,
        "mean": 0.0140437139198,
        "min": 1.38199413599e-21,
        "stdev": 0.0124670183286
    },
    "spectral_energyband_middle_low": {
        "max": 0.0916733965278,
        "mean": 0.0122131220996,
        "min": 1.92112369099e-22,
        "stdev": 0.0114981438965
    },
    "spectral_entropy": {
        "max": 9.80501651764,
        "mean": 7.34390926361,
        "min": 4.61415719986,
        "stdev": 0.702720165253
    },
    "spectral_flux": {
        "max": 0.268643856049,
        "mean": 0.0939540565014,
        "min": 6.42761746605e-11,
        "stdev": 0.0466266721487
    },
    "spectral_kurtosis": {
        "max": 36.0243759155,
        "mean": 5.01832962036,
        "min": -1.2293459177,
        "stdev": 4.22870206833
    },
    "spectral_rms": {
        "max": 0.00960685871542,
        "mean": 0.0047465399839,
        "min": 3.17218777288e-12,
        "stdev": 0.00195944658481
    },
    "spectral_rolloff": {
        "max": 19293.75,
        "mean": 1943.62109375,
        "min": 236.865234375,
        "stdev": 2112.04882812
    },
    "spectral_skewness": {
        "max": 4.53196144104,
        "mean": 1.56140351295,
        "min": -0.0673390850425,
        "stdev": 0.586994409561
    },
    "spectral_spread": {
        "max": 42295600,
        "mean": 3935071,
        "min": 1918585.5,
        "stdev": 3674634.5
    },
    "spectral_strongpeak": {
        "max": 9.56008148193,
        "mean": 1.92912912369,
        "min": 0,
        "stdev": 1.48759973049
    },
    "zerocrossingrate": {
        "max": 0.5234375,
        "mean": 0.0706031173468,
        "min": 0.001953125,
        "stdev": 0.0532461181283
    },
    "barkbands": {
        "max": [0.000287878530798, 0.001602481585, 0.00597188342363, 0.00989824067801, 0.0266219116747, 0.0687744468451, 0.0894819796085, 0.0173824205995, 0.0448416508734, 0.0460943542421, 0.0289143696427, 0.0150832068175, 0.0100597897545, 0.025946315378, 0.0205010455102, 0.0059411553666, 0.00434785615653, 0.00243304623291, 0.00433487445116, 0.00219328701496, 0.00128485867754, 0.00204392406158, 0.00207247771323, 0.00131071708165, 0.000422650657129, 4.41486372438e-06, 2.47298117984e-07],
        "mean": [1.86627858056e-05, 0.000156344918651, 0.000339449907187, 0.000675785238855, 0.00196797633544, 0.00405443459749, 0.0011120189447, 0.00132165127434, 0.00216443650424, 0.00519473524764, 0.00112499366514, 0.00150177406613, 0.00103873433545, 0.0024839497637, 0.00105537264608, 0.000549297314137, 0.000452781911008, 0.000473141524708, 0.000472593790619, 0.000225107301958, 0.000186025979929, 0.000198499241378, 0.000117778407002, 0.00010123445827, 4.08604755648e-05, 6.35678873095e-07, 1.89881692592e-08],
        "min": [3.48679833323e-24, 9.95838679659e-24, 7.39110130056e-24, 3.67949969744e-25, 2.75401186997e-23, 2.607403964e-23, 1.53684303833e-23, 1.68904743911e-23, 1.11064129165e-23, 4.37308829342e-23, 1.05581522208e-23, 6.12456839337e-23, 6.05749060397e-23, 5.80518322531e-23, 8.185202451e-23, 1.15844451124e-22, 1.08540558396e-22, 1.19756759451e-22, 1.97248989552e-22, 1.91502144168e-22, 2.97630126103e-22, 3.58689197101e-22, 4.30595774499e-22, 6.97244543442e-22, 9.32492255979e-22, 1.58117906593e-21, 2.17331184437e-21],
        "stdev": [2.61071036221e-05, 0.000226200398174, 0.000652067072224, 0.00130228232592, 0.0030666727107, 0.00923168566078, 0.00355794001371, 0.0019826288335, 0.00412442116067, 0.00758361537009, 0.00232803844847, 0.00218902691267, 0.00136071362067, 0.00333460210823, 0.00188925047405, 0.000657771422993, 0.000560688960832, 0.000425526377512, 0.000533880200237, 0.000259513559286, 0.000228394332225, 0.000264194182819, 0.000176562345587, 0.000143280078191, 6.12666699453e-05, 7.32524313207e-07, 2.98736893001e-08]
    },
    "erbbands": {
        "max": [0.0363495051861, 0.445641696453, 4.13182687759, 21.4509811401, 55.8008422852, 159.321655273, 394.440063477, 823.280822754, 1512.20495605, 509.822540283, 432.680938721, 1213.23986816, 1423.11328125, 1611.29296875, 1168.61462402, 547.117980957, 434.160583496, 682.133178711, 1459.2722168, 310.427062988, 390.877746582, 242.488739014, 142.14163208, 186.476379395, 120.235496521, 88.5221633911, 66.4351806641, 41.5284118652, 72.5361480713, 65.1691970825, 65.9390792847, 39.4694480896, 20.3885974884, 9.31071090698, 1.043612957, 0.0529736503959, 0.0101047074422, 0.00162784941494, 9.13550757105e-05, 0.00010737611592],
        "mean": [0.0039940122515, 0.0408111065626, 0.300801545382, 1.53154563904, 3.92907166481, 5.99524974823, 23.3258190155, 33.3581123352, 20.5189266205, 15.0656604767, 34.8948478699, 47.6522636414, 118.017402649, 122.08996582, 50.7087364197, 58.4316902161, 52.7035713196, 73.004524231, 125.456565857, 34.3196411133, 30.604598999, 28.2218780518, 27.2803936005, 27.001367569, 17.5395298004, 10.3636865616, 9.66610431671, 6.4186835289, 6.44282913208, 4.41352081299, 3.53589391708, 2.593126297, 1.55858874321, 0.829985737801, 0.0862230956554, 0.00585454097018, 0.0011423205724, 0.000122095341794, 2.21516820602e-05, 3.45086555171e-05],
        "min": [3.0449422572e-22, 1.05959352503e-21, 8.42752529922e-21, 1.1984935077e-20, 2.90374128465e-20, 6.33024908422e-20, 1.04875942194e-19, 1.69232597179e-19, 1.43475110557e-19, 3.48164248931e-19, 6.06725760671e-19, 3.74285501152e-19, 6.70153194559e-19, 1.00536203734e-18, 1.13309588792e-18, 2.60486433403e-18, 3.31603762196e-18, 2.72114359428e-18, 3.73363851344e-18, 5.43805864126e-18, 5.33135606456e-18, 5.51390365881e-18, 6.56328235469e-18, 8.91326897413e-18, 1.0340454143e-17, 8.24370514576e-18, 1.16773475849e-17, 1.40132435962e-17, 1.13332520306e-17, 1.28740372217e-17, 1.48371055601e-17, 1.30575273883e-17, 1.06119224123e-17, 9.56876328747e-18, 6.76248316262e-18, 4.72456035542e-18, 2.57740938232e-18, 1.0847007556e-18, 2.68272896474e-19, 2.99511016878e-20],
        "stdev": [0.00506143691018, 0.0638510510325, 0.532382190228, 2.76697468758, 7.05211877823, 11.5988426208, 53.2931747437, 89.4128952026, 62.837097168, 25.4783115387, 50.3999481201, 96.1074752808, 173.099029541, 195.175689697, 79.7654037476, 77.8811035156, 60.6002502441, 100.736465454, 177.196960449, 38.4658317566, 37.8404464722, 33.4989128113, 24.1716403961, 27.1973285675, 18.3902988434, 11.39818573, 11.8736085892, 7.66517019272, 8.24796390533, 5.99068498611, 5.29753017426, 3.8287050724, 2.30077338219, 1.25153815746, 0.135309949517, 0.00710582407191, 0.00134260591585, 0.000139819341712, 1.44096293297e-05, 2.04529569601e-05]
    },
    "gfcc": {
        "mean": [-37.0393028259, 89.1332015991, -165.058319092, 22.6120643616, -79.3925170898, 11.2255620956, -43.6036872864, 0.234562546015, -17.4463863373, -11.3938112259, -4.47632169724, -8.36264514923, -1.11578476429],
        "cov": [[25043.3320312, 1341.90942383, -4042.98803711, 218.050109863, -1416.30175781, 1112.03088379, -444.807098389, 245.900039673, -598.453308105, -561.085083008, -124.10584259, -778.719970703, 146.036849976], [1341.90942383, 652.38458252, 36.0070457458, -90.7835464478, -23.518951416, -172.464096069, -97.3718338013, -60.9689369202, -49.9501037598, -120.320198059, -7.47039985657, -41.699092865, -13.6383867264], [-4042.98803711, 36.0070457458, 1412.68835449, 203.8465271, 3.97685837746, -494.963562012, -141.949523926, -207.349456787, 8.2063741684, 108.013298035, 15.231338501, 224.133712769, -34.0728378296], [218.050109863, -90.7835464478, 203.8465271, 367.420806885, -51.5910453796, -23.1506919861, -52.2880592346, -54.9000816345, -13.564786911, 53.4140396118, -59.7444000244, 16.3202667236, -21.1976203918], [-1416.30175781, -23.518951416, 3.97685837746, -51.5910453796, 389.150878906, 115.466278076, 118.509216309, 56.9909133911, 43.4532318115, 8.15305233002, -56.2833633423, -41.7391319275, -51.3382110596], [1112.03088379, -172.464096069, -494.963562012, -23.1506919861, 115.466278076, 474.154663086, 167.335891724, 99.4964370728, -49.9809875488, -11.6461877823, -82.1456832886, -189.781387329, -51.0970687866], [-444.807098389, -97.3718338013, -141.949523926, -52.2880592346, 118.509216309, 167.335891724, 197.678237915, 63.7034759521, 1.83939731121, 4.5003452301, -15.462515831, -52.958782196, -18.7582607269], [245.900039673, -60.9689369202, -207.349456787, -54.9000816345, 56.9909133911, 99.4964370728, 63.7034759521, 117.439865112, 29.112071991, -17.2967472076, 7.75065851212, -35.0821533203, 8.39412403107], [-598.453308105, -49.9501037598, 8.2063741684, -13.564786911, 43.4532318115, -49.9809875488, 1.83939731121, 29.112071991, 137.508209229, 49.8047943115, 24.2239303589, 55.4774513245, 1.21868801117], [-561.085083008, -120.320198059, 108.013298035, 53.4140396118, 8.15305233002, -11.6461877823, 4.5003452301, -17.2967472076, 49.8047943115, 141.936340332, 19.4336643219, 37.3835830688, -17.0890731812], [-124.10584259, -7.47039985657, 15.231338501, -59.7444000244, -56.2833633423, -82.1456832886, -15.462515831, 7.75065851212, 24.2239303589, 19.4336643219, 110.818450928, 75.0811462402, 37.7607536316], [-778.719970703, -41.699092865, 224.133712769, 16.3202667236, -41.7391319275, -189.781387329, -52.958782196, -35.0821533203, 55.4774513245, 37.3835830688, 75.0811462402, 184.473129272, 51.57239151], [146.036849976, -13.6383867264, -34.0728378296, -21.1976203918, -51.3382110596, -51.0970687866, -18.7582607269, 8.39412403107, 1.21868801117, -17.0890731812, 37.7607536316, 51.57239151, 95.6231994629]],
        "icov": [[0.000585579778999, -0.0016342306044, 0.00162706524134, -0.00122365914285, 0.00172424199991, -0.00116923602764, 0.00148938014172, -0.00115505571011, 0.00148482969962, -0.000553557300009, 0.000267894414719, -0.000844352354761, 0.000107342762931], [-0.0016342306044, 0.00730722490698, -0.00416103564203, 0.00384890916757, -0.00533037958667, 0.00518017448485, -0.00367478374392, 0.00463862530887, -0.00392124336213, 0.00334116257727, -0.00118245417252, 0.00426160683855, 0.000502400565892], [0.00162706524134, -0.00416103564203, 0.0063549191691, -0.00382076739334, 0.00410787342116, -0.00112539611291, 0.00369641394354, -0.00192520627752, 0.00526241259649, -0.00220529339276, 0.00132092041895, -0.00308668846264, 0.00151921401266], [-0.00122365914285, 0.00384890916757, -0.00382076739334, 0.006604955066, -0.0028306436725, 0.00207801163197, -0.00225387699902, 0.00245595653541, -0.00265032239258, -0.000100017081422, 0.00263144611381, 0.000831147714052, -1.80507013283e-05], [0.00172424199991, -0.00533037958667, 0.00410787342116, -0.0028306436725, 0.00930293090641, -0.00442892499268, 0.00269646011293, -0.00504893576726, 0.00301356241107, -0.00177405716386, 0.00325892004184, -0.00354446098208, 0.00131206493825], [-0.00116923602764, 0.00518017448485, -0.00112539611291, 0.00207801163197, -0.00442892499268, 0.0109952297062, -0.00581520376727, 0.00173064565752, -0.000327796995407, 2.80342428596e-05, 0.0010489996057, 0.00568554364145, 0.00131762225647], [0.00148938014172, -0.00367478374392, 0.00369641394354, -0.00225387699902, 0.00269646011293, -0.00581520376727, 0.012935734354, -0.00494636688381, 0.00419114297256, -0.00160520104691, -0.00024539642618, -0.00237260432914, 0.000367065513274], [-0.00115505571011, 0.00463862530887, -0.00192520627752, 0.00245595653541, -0.00504893576726, 0.00173064565752, -0.00494636688381, 0.0192497614771, -0.00761666940525, 0.00455871690065, -0.00447144499049, 0.00496445922181, -0.0021619501058], [0.00148482969962, -0.00392124336213, 0.00526241259649, -0.00265032239258, 0.00301356241107, -0.000327796995407, 0.00419114297256, -0.00761666940525, 0.016359128058, -0.00589641276747, 0.00237534497865, -0.0060581532307, 0.00246131187305], [-0.000553557300009, 0.00334116257727, -0.00220529339276, -0.000100017081422, -0.00177405716386, 2.80342428596e-05, -0.00160520104691, 0.00455871690065, -0.00589641276747, 0.0126119041815, -0.0042013511993, 0.00149680185132, 0.00204228283837], [0.000267894414719, -0.00118245417252, 0.00132092041895, 0.00263144611381, 0.00325892004184, 0.0010489996057, -0.00024539642618, -0.00447144499049, 0.00237534497865, -0.0042013511993, 0.0186972822994, -0.00723477592692, -0.00113177043386], [-0.000844352354761, 0.00426160683855, -0.00308668846264, 0.000831147714052, -0.00354446098208, 0.00568554364145, -0.00237260432914, 0.00496445922181, -0.0060581532307, 0.00149680185132, -0.00723477592692, 0.0177044719458, -0.0051312353462], [0.000107342762931, 0.000502400565892, 0.00151921401266, -1.80507013283e-05, 0.00131206493825, 0.00131762225647, 0.000367065513274, -0.0021619501058, 0.00246131187305, 0.00204228283837, -0.00113177043386, -0.0051312353462, 0.0161210242659]]
    },
    "melbands": {
        "max": [0.000369978341041, 0.00163931201678, 0.00371106807142, 0.00588951306418, 0.0104107959196, 0.0160639807582, 0.0214211400598, 0.00559755926952, 0.00361558143049, 0.00805392861366, 0.00750712677836, 0.00695497309789, 0.00420416286215, 0.00188700237777, 0.00202048826031, 0.000963360420428, 0.00157256890088, 0.00288494094275, 0.00134357798379, 0.00039973820094, 0.000580137537327, 0.00027412790223, 0.000229240744375, 0.000168447513715, 0.000171313789906, 0.000158192429808, 0.000113754729682, 4.56977868453e-05, 5.4655745771e-05, 6.67836648063e-05, 3.55007541657e-05, 3.03292581521e-05, 7.39401875762e-05, 1.85939097719e-05, 2.580104956e-05, 5.38125423191e-05, 1.56736368808e-05, 1.40187294164e-05, 1.2986263755e-05, 7.48587308408e-06],
        "mean": [3.99297823606e-05, 0.00013422461052, 0.000328319205437, 0.000348695233697, 0.000706899678335, 0.000745755969547, 0.000284024135908, 0.000190862745512, 0.000296546088066, 0.000301428546663, 0.000633174320683, 0.000560469401535, 0.00016281940043, 0.000158056369401, 0.000170030194568, 7.96805979917e-05, 0.000149456813233, 0.000247110205237, 5.86101450608e-05, 3.36587108904e-05, 3.49645124516e-05, 2.63813817583e-05, 2.7673857403e-05, 2.305207272e-05, 2.21833197429e-05, 1.69465492945e-05, 8.97422614798e-06, 6.19171805738e-06, 6.93779702488e-06, 3.54988037543e-06, 3.88468242818e-06, 3.74367209588e-06, 3.71450823877e-06, 1.77686638381e-06, 1.80087397439e-06, 2.32748334383e-06, 1.27874977807e-06, 1.13908208732e-06, 8.73587168826e-07, 6.5455276399e-07],
        "min": [3.84653468323e-24, 5.02470554493e-24, 2.39797444931e-24, 5.09186482367e-24, 2.85156572272e-24, 3.97097906875e-24, 2.61593375919e-24, 3.11625103896e-24, 5.50353149262e-24, 1.87687245963e-24, 2.99178140989e-24, 4.51761352771e-24, 2.25426686935e-24, 3.99971451052e-24, 5.15013797873e-24, 6.27939433671e-24, 4.60154438372e-24, 6.01696595152e-24, 6.30296313398e-24, 8.89494707609e-24, 5.50211351515e-24, 5.42994575852e-24, 4.94029940022e-24, 5.99701881467e-24, 6.42916234058e-24, 7.11653431819e-24, 5.35434093494e-24, 4.9901277993e-24, 6.0368823228e-24, 5.68783582692e-24, 9.13463851783e-24, 6.6623539629e-24, 4.24648006243e-24, 7.47610579626e-24, 7.22130056843e-24, 8.50776309975e-24, 7.79626972781e-24, 6.68214174984e-24, 7.71453190512e-24, 6.99521145527e-24],
        "stdev": [5.09463534399e-05, 0.000219301407924, 0.000557054940145, 0.000544033886399, 0.0014901655959, 0.00184141751379, 0.000876136182342, 0.000300346378936, 0.000443419936346, 0.000639848527499, 0.000928057124838, 0.000900542363524, 0.000302890199237, 0.000247488263994, 0.000224875053391, 0.000108721571451, 0.000221582522499, 0.000356086908141, 0.000101532612462, 3.97297699237e-05, 5.07999320689e-05, 3.67146094504e-05, 3.0444967706e-05, 2.21562913794e-05, 2.42791538767e-05, 2.00641898118e-05, 1.03824504549e-05, 7.61481851441e-06, 8.69236646395e-06, 5.26315989191e-06, 5.34800210517e-06, 4.89046533403e-06, 6.05295645073e-06, 2.18464697355e-06, 2.49137065111e-06, 4.20722699346e-06, 1.83775250662e-06, 1.69508621184e-06, 1.33780986289e-06, 1.03254785699e-06]
    },
    "melbands128": {
        "max": [0.000131785942358, 0.000353723269654, 0.000649824505672, 0.000927914865315, 0.00186594657134, 0.00360353058204, 0.0048092645593, 0.00468305964023, 0.00704348646104, 0.00485622836277, 0.0124731361866, 0.0116926059127, 0.0187223404646, 0.0202840007842, 0.0310454573482, 0.0183664225042, 0.0201656203717, 0.0373547524214, 0.00630835443735, 0.00853976979852, 0.00619160197675, 0.00559958675876, 0.00619514193386, 0.0078770024702, 0.00956875737756, 0.0127510586753, 0.0121956234798, 0.0129368398339, 0.0119673414156, 0.0139991817996, 0.00812190864235, 0.0078156311065, 0.00835025217384, 0.0059471372515, 0.00315961590968, 0.00210569426417, 0.00341458735056, 0.00393672566861, 0.00265042413957, 0.00147076218855, 0.00199225381948, 0.00213596923277, 0.0023097761441, 0.00374204362743, 0.00579364504665, 0.00600358983502, 0.00353536452167, 0.00210539298132, 0.000736403570045, 0.000917678931728, 0.000522599730175, 0.00113701343071, 0.000977606745437, 0.000582480803132, 0.000923448940739, 0.000386075727874, 0.00049287150614, 0.000642692670226, 0.000229370081797, 0.000212908096728, 0.000395426759496, 0.000374970404664, 0.000240536217461, 0.000200523296371, 0.000607838272117, 0.000102107027487, 0.000252255733358, 0.000193675601622, 0.000174239932676, 8.5694664449e-05, 5.09628334839e-05, 0.000120833567053, 5.34441460331e-05, 0.000112827787234, 0.000103091500932, 0.000125419028336, 5.19320637977e-05, 5.41324006917e-05, 5.6511908042e-05, 8.08063632576e-05, 5.09286728629e-05, 6.04243250564e-05, 0.000101613106381, 0.000126900646137, 5.63005305594e-05, 4.43591161456e-05, 2.3344930014e-05, 1.4617731722e-05, 2.54055539699e-05, 4.18196068495e-05, 0.000129477542941, 5.27204101672e-05, 2.51594483416e-05, 1.48040671775e-05, 3.49798101524e-05, 1.18896887216e-05, 1.82206076715e-05, 2.15999843931e-05, 1.83131214726e-05, 9.62458398135e-06, 1.05497601908e-05, 9.2229765869e-06, 6.6146512836e-06, 1.95765642275e-06, 1.43287763876e-07, 1.9168284382e-07, 9.96018556521e-08, 1.10391106034e-07, 9.53138723503e-08, 8.02341233452e-08, 6.80925609231e-08, 1.09982480012e-07, 4.02058653037e-08, 4.00172623927e-08, 6.27104626005e-08, 3.25582014682e-08, 8.33713720283e-09, 7.12969405736e-11, 1.04599454098e-10, 1.05641370651e-10, 1.14845362387e-10, 1.2196380017e-10, 1.18326126675e-10, 1.15028681025e-10, 1.07471760658e-10, 1.02521685585e-10, 1.05928057992e-10, 1.02194669394e-10],
        "mean": [1.30828175315e-05, 2.97252099699e-05, 4.72912106488e-05, 6.65895931888e-05, 0.000107767686131, 0.000188970734598, 0.000305011111777, 0.000338603975251, 0.000422745419201, 0.000354554998921, 0.000261957204202, 0.000445619400125, 0.000795188068878, 0.0010916441679, 0.000892644689884, 0.000474870292237, 0.000350762915332, 0.000299407169223, 0.000124630416394, 0.000119646654639, 0.000240975627094, 0.000350833986886, 0.000260153145064, 0.000312264484819, 0.000305702735204, 0.000261445151409, 0.000375525531126, 0.000525268551428, 0.00106253044214, 0.000837071740534, 0.000301303429296, 0.000165872232174, 0.000190245889826, 9.70126420725e-05, 0.000206363954931, 0.000150958134327, 0.000109372726001, 0.000232065955061, 0.000165267541888, 9.08049041755e-05, 4.95691601827e-05, 7.38300805097e-05, 0.000106368999695, 0.00015870059724, 0.00039887407911, 0.000255566643318, 0.000105252831418, 5.32706508238e-05, 4.02692276111e-05, 3.85567000194e-05, 3.17224876198e-05, 2.52265799645e-05, 5.63839130336e-05, 2.62804041995e-05, 1.39345347634e-05, 2.95954323519e-05, 3.36074481311e-05, 3.16575824399e-05, 2.34481194639e-05, 2.40457720793e-05, 2.34734070546e-05, 2.36267114815e-05, 1.63781405718e-05, 1.91880717466e-05, 3.76423631678e-05, 1.22921319416e-05, 9.9605658761e-06, 1.09004004116e-05, 8.64595858729e-06, 6.51738264423e-06, 5.63434423384e-06, 6.86714338372e-06, 5.66861717743e-06, 9.04828812054e-06, 5.46655155631e-06, 3.06625292978e-06, 2.56419161815e-06, 3.74998535335e-06, 3.37183382726e-06, 5.69915846427e-06, 3.3278220144e-06, 3.4056477034e-06, 2.95658310279e-06, 4.63711376142e-06, 3.64471202374e-06, 1.71170938756e-06, 1.40865313369e-06, 1.13159353532e-06, 1.6052713363e-06, 2.29314287026e-06, 2.97013639283e-06, 2.08751271202e-06, 1.8448533865e-06, 1.10675262022e-06, 1.15237014597e-06, 9.80487129709e-07, 1.38684845297e-06, 9.35995217333e-07, 8.94918969152e-07, 7.49258390442e-07, 8.62404590407e-07, 6.77084415202e-07, 4.17248060103e-07, 7.18775581277e-08, 8.56566106933e-09, 8.79092265649e-09, 7.70239783066e-09, 6.28286755955e-09, 7.46340500513e-09, 6.06737771136e-09, 4.93711205252e-09, 4.53380089027e-09, 2.6468149894e-09, 1.6616874543e-09, 1.55834944948e-09, 8.24885160178e-10, 6.12932093969e-10, 9.20957494294e-12, 8.80962490457e-12, 8.87546112993e-12, 8.79614089899e-12, 8.83826952597e-12, 8.60562662797e-12, 8.35803995458e-12, 8.41740132457e-12, 8.51627449117e-12, 8.45507257957e-12, 8.37953057636e-12],
        "min": [9.28592133186e-25, 7.92631808259e-25, 1.87981767182e-24, 1.49787991633e-24, 1.57257577493e-24, 4.57037925037e-24, 1.63536703223e-24, 2.24880282429e-25, 1.96436817807e-24, 2.00660655195e-24, 7.70560712726e-25, 1.96479672676e-24, 2.69067635781e-24, 2.27509082509e-24, 3.79047901617e-24, 1.5601384953e-24, 1.02511597026e-24, 2.3407473238e-24, 1.97703176218e-24, 2.59012933012e-24, 1.38202070404e-24, 7.99094255403e-25, 4.00062761702e-24, 2.19465975049e-24, 1.65107956374e-24, 3.55299796268e-25, 1.59219188603e-24, 1.04070494643e-24, 2.84518659901e-24, 7.36619035507e-25, 2.75743686736e-24, 7.52298878593e-25, 1.11703867749e-24, 3.52339674607e-24, 2.89889974362e-24, 1.83198765463e-24, 6.45589811856e-25, 1.62303910843e-24, 3.24468252471e-24, 2.60295739173e-24, 5.15991985396e-24, 4.20430992502e-24, 4.99248925442e-24, 4.01522903794e-24, 4.22780575265e-24, 3.57815276479e-24, 3.38191178171e-24, 3.84380325235e-24, 2.81413111733e-24, 6.2717057039e-24, 5.1550529766e-24, 4.19681456313e-24, 3.51588560696e-24, 2.68656501199e-24, 3.37915274069e-24, 4.35886592016e-24, 2.27322595791e-24, 2.54799587475e-24, 4.39473542552e-24, 2.29142300684e-24, 4.40104473504e-24, 4.22759749337e-24, 3.48836224998e-24, 5.61790370211e-24, 3.57591358311e-24, 5.84259889805e-24, 3.95598676725e-24, 4.43127151834e-24, 4.19748391161e-24, 4.33883555848e-24, 4.20417897411e-24, 3.95196633765e-24, 2.31350539295e-24, 3.26822371184e-24, 5.31623027575e-24, 3.37174218135e-24, 4.01051086087e-24, 6.41276192236e-24, 8.68578297365e-24, 5.09112684429e-24, 5.1251914359e-24, 4.40233610034e-24, 2.83314444008e-24, 3.52720536652e-24, 5.47525674563e-24, 4.94824520169e-24, 2.09393858175e-24, 4.5347621805e-24, 6.89449206148e-24, 8.37981932726e-24, 4.89303046035e-24, 6.62033844222e-24, 5.18339793222e-24, 6.34834393527e-24, 7.74245600344e-24, 3.81767262929e-24, 3.99858288955e-24, 5.15783883889e-24, 6.33717327042e-24, 7.70447156199e-24, 5.13574442266e-24, 5.66547911444e-24, 5.8108354137e-24, 6.36144336503e-24, 4.37668076598e-24, 7.13622901955e-24, 4.64264206473e-24, 5.18433509898e-24, 4.94341303422e-24, 6.01545646618e-24, 5.95808142925e-24, 9.36689415669e-24, 5.73743742849e-24, 6.83424754301e-24, 7.06488443928e-24, 6.17214475234e-24, 6.57690809952e-24, 4.94497773982e-24, 8.61157088399e-24, 7.47889915273e-24, 5.53069039587e-24, 7.49524040638e-24, 6.60158879623e-24, 7.39671956792e-24, 6.77856106285e-24, 5.51097636742e-24, 8.0079005983e-24, 5.88229674538e-24],
        "stdev": [1.75102759385e-05, 3.95652277803e-05, 7.17143921065e-05, 0.000121367651445, 0.000211350896279, 0.000374892668333, 0.000606491521467, 0.000680135621224, 0.0008969513583, 0.00060921831755, 0.000779424794018, 0.00109859008808, 0.00228107045405, 0.0028335605748, 0.00298679596744, 0.0016100241337, 0.0011465693824, 0.00132678449154, 0.00028885086067, 0.000348980858689, 0.000406681239838, 0.000581958098337, 0.000572459830437, 0.000667982094456, 0.000839007087052, 0.000954303657636, 0.000982490135357, 0.00118039338849, 0.00175850850064, 0.00165768305305, 0.000823822105303, 0.000480989489006, 0.00047443859512, 0.000265576527454, 0.000398668809794, 0.000277500163065, 0.000279207743006, 0.000378551834729, 0.000285029324004, 0.000158322509378, 0.000140434058267, 0.000166100115166, 0.000262418121565, 0.000379689474357, 0.000638070807327, 0.000507622899022, 0.000297145132208, 0.000144427351188, 6.97448631399e-05, 6.8762441515e-05, 5.13919367222e-05, 4.90186321258e-05, 9.33960400289e-05, 5.03389237565e-05, 4.91351238452e-05, 5.09797318955e-05, 5.79859261052e-05, 5.70385091123e-05, 3.20797516906e-05, 3.28905043716e-05, 3.1545481761e-05, 3.27911111526e-05, 2.70150976576e-05, 2.60041470028e-05, 6.5060077759e-05, 1.57586309797e-05, 1.93023715838e-05, 1.74144915945e-05, 1.30741755129e-05, 9.45058945945e-06, 8.01890473667e-06, 1.24136449813e-05, 8.25691586215e-06, 1.43627485159e-05, 1.03700358522e-05, 7.24920346329e-06, 4.34785488324e-06, 5.52744450033e-06, 5.98197811996e-06, 1.11814724733e-05, 5.51415996597e-06, 5.91299476582e-06, 5.65113441553e-06, 9.29201178224e-06, 6.74642888043e-06, 3.09963661493e-06, 1.82197936738e-06, 1.52117866037e-06, 2.61309082816e-06, 3.78808886126e-06, 7.02927627572e-06, 4.16183411289e-06, 3.00386000163e-06, 1.72116426711e-06, 2.23500319407e-06, 1.53632606725e-06, 2.30505975196e-06, 1.71301303453e-06, 1.53801363467e-06, 1.25750864299e-06, 1.45058322687e-06, 1.18309537811e-06, 7.56466874918e-07, 1.69074866108e-07, 1.49305190433e-08, 1.55666253221e-08, 1.29392132564e-08, 1.10263593811e-08, 1.17161036428e-08, 9.51806367055e-09, 7.64102736639e-09, 8.93009755032e-09, 3.85454423935e-09, 2.97584334952e-09, 4.32446167764e-09, 1.65474722813e-09, 1.02579311712e-09, 6.64074871481e-12, 6.6564813557e-12, 6.52889764821e-12, 6.578318619e-12, 6.53840870335e-12, 6.40862102969e-12, 6.27080115265e-12, 6.14137083202e-12, 6.04073648741e-12, 6.05177366553e-12, 5.91133218764e-12]
    },
    "mfcc": {
        "mean": [-651.866455078, 104.583450317, -24.6080036163, 0.939589977264, -8.79103565216, -5.47576379776, -9.12716388702, 0.115477800369, -9.61720752716, -1.12817811966, -2.02392673492, -8.75285148621, -7.44830465317],
        "cov": [[14848.2978516, 91.0919952393, -1505.83178711, -1156.14135742, -386.728179932, 34.9017601013, 674.687683105, 273.89944458, 202.140609741, 272.228027344, -200.082138062, -63.1948852539, -467.976135254], [91.0919952393, 857.172058105, 57.716758728, 40.1637229919, 66.6717147827, -131.917266846, -69.6904525757, -22.6521759033, -96.9306793213, -39.6484985352, -70.8723678589, -14.8955354691, -52.6527709961], [-1505.83178711, 57.716758728, 878.592407227, 417.97958374, -30.9175891876, -67.9040527344, -220.47164917, -188.12701416, -144.338943481, -231.020324707, 26.9143772125, -53.413974762, 91.8104858398], [-1156.14135742, 40.1637229919, 417.97958374, 447.668273926, 49.1255149841, -34.4099845886, -172.167297363, -98.5177993774, -46.9995880127, -147.273696899, 21.9562931061, -21.8820018768, 90.5901794434], [-386.728179932, 66.6717147827, -30.9175891876, 49.1255149841, 166.55557251, 22.3764438629, -11.8537521362, 23.1444168091, 24.512134552, 24.7287712097, -31.2880802155, 27.1404876709, -6.01472568512], [34.9017601013, -131.917266846, -67.9040527344, -34.4099845886, 22.3764438629, 215.593383789, 93.4314422607, 11.156006813, 70.524559021, 87.2496337891, 21.4799861908, 10.8585882187, -25.6403694153], [674.687683105, -69.6904525757, -220.47164917, -172.167297363, -11.8537521362, 93.4314422607, 266.201812744, 72.3989639282, 65.2723312378, 97.1934432983, -29.3784790039, 0.144451916218, -64.4614486694], [273.89944458, -22.6521759033, -188.12701416, -98.5177993774, 23.1444168091, 11.156006813, 72.3989639282, 139.424713135, 44.6554412842, 52.7789382935, -24.0349369049, 9.00179767609, -28.2501869202], [202.140609741, -96.9306793213, -144.338943481, -46.9995880127, 24.512134552, 70.524559021, 65.2723312378, 44.6554412842, 120.671821594, 64.5840682983, -8.7541217804, 11.1678314209, -15.8618297577], [272.228027344, -39.6484985352, -231.020324707, -147.273696899, 24.7287712097, 87.2496337891, 97.1934432983, 52.7789382935, 64.5840682983, 222.597625732, 15.6983098984, 9.73707294464, -50.4591712952], [-200.082138062, -70.8723678589, 26.9143772125, 21.9562931061, -31.2880802155, 21.4799861908, -29.3784790039, -24.0349369049, -8.7541217804, 15.6983098984, 98.7101516724, 1.43754458427, 11.2152042389], [-63.1948852539, -14.8955354691, -53.413974762, -21.8820018768, 27.1404876709, 10.8585882187, 0.144451916218, 9.00179767609, 11.1678314209, 9.73707294464, 1.43754458427, 82.4301300049, 19.5776252747], [-467.976135254, -52.6527709961, 91.8104858398, 90.5901794434, -6.01472568512, -25.6403694153, -64.4614486694, -28.2501869202, -15.8618297577, -50.4591712952, 11.2152042389, 19.5776252747, 118.464073181]],
        "icov": [[0.00010601637041, -1.65773290064e-05, 0.000150275227497, 6.76713316352e-05, 0.000276663777186, 1.3364429833e-05, -5.95687815803e-05, 8.75573678059e-05, -5.62442328373e-05, 9.9227152532e-05, 0.000184450866072, 2.16929929593e-05, 0.000262314715656], [-1.65773290064e-05, 0.00162157567684, 0.000128883155412, -0.000256871397141, -0.000624957319815, 0.000688157102559, 0.000206882148632, 0.000318294245517, 0.00124229199719, -0.000294193712762, 0.000986595987342, -1.44060140883e-05, 0.00100748450495], [0.000150275227497, 0.000128883155412, 0.00328561034985, -0.00189974135719, 0.000928807770833, -0.000644277024549, 0.000299942097627, 0.00173486303538, 0.00190077151638, 0.00107930065133, 0.000793154002167, 0.000824051676318, 0.000544887501746], [6.76713316352e-05, -0.000256871397141, -0.00189974135719, 0.0058692805469, -0.00233222497627, -0.000372898881324, 0.001070355298, 0.000462638854515, -0.00177864916623, 0.00168270035647, -0.00127904338297, 0.00164653954562, -0.00204161182046], [0.000276663777186, -0.000624957319815, 0.000928807770833, -0.00233222497627, 0.00973060540855, -0.00113901903387, 0.00109087058809, -0.00115870428272, -0.000698844727594, -0.00134959700517, 0.00373023911379, -0.00311834434979, 0.00193734792992], [1.3364429833e-05, 0.000688157102559, -0.000644277024549, -0.000372898881324, -0.00113901903387, 0.00790268182755, -0.00239489669912, 0.00131625146605, -0.00291824364103, -0.00183226983063, -0.00175489706453, -0.000765394768678, 0.000927920511458], [-5.95687815803e-05, 0.000206882148632, 0.000299942097627, 0.001070355298, 0.00109087058809, -0.00239489669912, 0.00703436462209, -0.00134256947786, -0.000499226734973, -0.000543533300515, 0.00223287334666, 0.000349036068656, 0.00128281139769], [8.75573678059e-05, 0.000318294245517, 0.00173486303538, 0.000462638854515, -0.00115870428272, 0.00131625146605, -0.00134256947786, 0.0112949339673, -0.00150615605526, 4.26598635386e-05, 0.00131207867526, 0.000380497018341, 0.00060746120289], [-5.62442328373e-05, 0.00124229199719, 0.00190077151638, -0.00177864916623, -0.000698844727594, -0.00291824364103, -0.000499226734973, -0.00150615605526, 0.0145979365334, -0.00147757015657, 0.00207712454721, -0.000135315407533, 7.00217933627e-05], [9.9227152532e-05, -0.000294193712762, 0.00107930065133, 0.00168270035647, -0.00134959700517, -0.00183226983063, -0.000543533300515, 4.26598635386e-05, -0.00147757015657, 0.0084012132138, -0.00243589445017, 0.000899417616893, 0.000849887379445], [0.000184450866072, 0.000986595987342, 0.000793154002167, -0.00127904338297, 0.00373023911379, -0.00175489706453, 0.00223287334666, 0.00131207867526, 0.00207712454721, -0.00243589445017, 0.0143106868491, -0.00111618614756, 0.000938209996093], [2.16929929593e-05, -1.44060140883e-05, 0.000824051676318, 0.00164653954562, -0.00311834434979, -0.000765394768678, 0.000349036068656, 0.000380497018341, -0.000135315407533, 0.000899417616893, -0.00111618614756, 0.0150548471138, -0.0038791380357], [0.000262314715656, 0.00100748450495, 0.000544887501746, -0.00204161182046, 0.00193734792992, 0.000927920511458, 0.00128281139769, 0.00060746120289, 7.00217933627e-05, 0.000849887379445, 0.000938209996093, -0.0038791380357, 0.0131300771609]]
    },
    "spectral_contrast_coeffs": {
        "max": [-0.312152981758, -0.352207630873, -0.396431624889, -0.507607042789, -0.588749885559, -0.562955498695],
        "mean": [-0.665841758251, -0.743800282478, -0.702029764652, -0.746460437775, -0.748008728027, -0.710686683655],
        "min": [-0.971661627293, -0.979092359543, -0.983930647373, -0.984165787697, -0.980800151825, -0.973372042179],
        "stdev": [0.117896094918, 0.0966697782278, 0.104448631406, 0.0739554092288, 0.0559100843966, 0.0543495044112]
    },
    "spectral_contrast_valleys": {
        "max": [-5.88032531738, -4.73624801636, -5.59083938599, -6.12286329269, -6.21525335312, -8.38630390167],
        "mean": [-7.92020273209, -6.99397230148, -7.61039590836, -7.80622005463, -7.99636983871, -11.1424160004],
        "min": [-27.8260879517, -27.6770401001, -27.4869365692, -27.5946807861, -27.4816513062, -27.3374023438],
        "stdev": [2.13538718224, 2.27345132828, 2.33193564415, 2.30064940453, 2.23973011971, 2.02636551857]
    }
},
"rhythm": {
    "beats_count": 64,
    "beats_loudness": {
        "max": 0.0582283698022,
        "mean": 0.0319320783019,
        "min": 0.000162735916092,
        "stdev": 0.0141921248287
    },
    "bpm": 178.205749512,
    "bpm_histogram_first_peak_bpm": 178,
    "bpm_histogram_first_peak_weight": 0,
    "bpm_histogram_second_peak_bpm": 185,
    "bpm_histogram_second_peak_spread": 0,
    "bpm_histogram_second_peak_weight": 0.238095238805,
    "danceability": 1.12252354622,
    "onset_rate": 3.1533074379,
    "beats_loudness_band_ratio": {
        "max": [0.299411982298, 0.966869175434, 0.767347276211, 0.780555665493, 0.567844748497, 0.57389909029],
        "mean": [0.077859736979, 0.244834542274, 0.194030746818, 0.325896292925, 0.162191078067, 0.0576712489128],
        "min": [0.00102588196751, 0.00237763649784, 0.0206224489957, 0.00100527622271, 0.000684158876538, 0.000438432238298],
        "stdev": [0.0788220912218, 0.294155478477, 0.134750962257, 0.206226408482, 0.114031411707, 0.0769020169973]
    },
    "beats_position": [0.441179126501, 0.893968224525, 1.34675729275, 1.79954648018, 2.24072551727, 2.68190479279, 3.06503391266, 3.45977306366, 3.83129239082, 4.21442174911, 4.60916090012, 5.00390005112, 5.38702917099, 5.7701587677, 6.15328788757, 6.52480697632, 6.8963265419, 7.27945566177, 7.6277551651, 7.97605419159, 8.31274318695, 8.64943313599, 8.98612213135, 9.33442115784, 9.67111110687, 10.0078001022, 10.3560991287, 10.6811790466, 11.0062580109, 11.3429479599, 11.6796369553, 11.9931058884, 12.3297958374, 12.6548748016, 12.9799547195, 13.3050336838, 13.6417226791, 13.966802597, 14.2802715302, 14.6053514481, 14.90721035, 15.2439002991, 15.5805892944, 15.9288883209, 16.2771873474, 16.6138763428, 16.9505672455, 17.298866272, 17.6471652985, 17.995464325, 18.3205432892, 18.6456241608, 18.970703125, 19.2957820892, 19.6208610535, 19.9459400177, 20.2710208893, 20.5960998535, 20.8979587555, 21.2346477509, 21.5829467773, 21.9196376801, 22.2679367065, 22.6046257019],
