{
"metadata": {
    "version": {
        "essentia": "2.1-beta5",
        "essentia_git_sha": "Undefined",
        "extractor": "music 2.0"
    },
    "audio_properties": {
        "analysis": {
            "equal_loudness": 0,
            "length": 25.4722900391,
            "sample_rate": 44100,
            "start_time": 158.987030029,
            "downmix": "mix"
        },
        "bit_rate": 192000,
        "length": 184.482543945,
        "lossless": 0,
        "number_channels": 2,
        "replay_gain": -14.1258583069,
        "sample_rate": 48000,
        "codec": "mp3",
        "md5_encoded": "dc6cfa49d49e23c5a4f735cd64f5a227"
    },
    "tags": {
        "file_name": "Netherlands_De Troubadour_Lenny Kuhr.mp3",
        "encoding": ["Lavf58.29.100"]
    }
},
"lowlevel": {
    "average_loudness": 0.882391214371,
    "barkbands_crest": {
        "max": 26.9192562103,
        "mean": 11.463681221,
        "min": 2.81863570213,
        "stdev": 5.10276031494
    },
    "barkbands_flatness_db": {
        "max": 0.768404841423,
        "mean": 0.206081748009,
        "min": 0.0820162668824,
        "stdev": 0.046396844089
    },
    "barkbands_kurtosis": {
        "max": 43623.7382812,
        "mean": 42.5207748413,
        "min": -1.68103075027,
        "stdev": 1315.84509277
    },
    "barkbands_skewness": {
        "max": 154.138702393,
        "mean": 0.782099664211,
        "min": -2.06747126579,
        "stdev": 4.77721738815
    },
    "barkbands_spread": {
        "max": 71.9617004395,
        "mean": 11.9349470139,
        "min": 0.00643801176921,
        "stdev": 7.16429662704
    },
    "dissonance": {
        "max": 0.499729037285,
        "mean": 0.442179679871,
        "min": 0.251068741083,
        "stdev": 0.0388124771416
    },
    "dynamic_complexity": 2.3403429985,
    "erbbands_crest": {
        "max": 31.6605453491,
        "mean": 13.2753858566,
        "min": 2.1552362442,
        "stdev": 5.71124505997
    },
    "erbbands_flatness_db": {
        "max": 0.37856182456,
        "mean": 0.269554436207,
        "min": 0.0641677305102,
        "stdev": 0.0376813784242
    },
    "erbbands_kurtosis": {
        "max": 24.6849937439,
        "mean": 1.71036493778,
        "min": -1.57752752304,
        "stdev": 3.37482762337
    },
    "erbbands_skewness": {
        "max": 4.01272249222,
        "mean": 0.539184570312,
        "min": -3.01247310638,
        "stdev": 0.808555781841
    },
    "erbbands_spread": {
        "max": 78.5474319458,
        "mean": 17.2671947479,
        "min": 2.21408438683,
        "stdev": 8.82215309143
    },
    "hfc": {
        "max": 98.0925521851,
        "mean": 26.8234596252,
        "min": 2.72750039585e-05,
        "stdev": 15.0531377792
    },
    "loudness_ebu128": {
        "integrated": -8.70027065277,
        "loudness_range": 2.54262733459,
        "momentary": {
            "max": -4.84610128403,
            "mean": -9.50273895264,
            "min": -24.4134616852,
            "stdev": 3.04383540154
        },
        "short_term": {
            "max": -7.50300502777,
            "mean": -9.03052520752,
            "min": -10.8520936966,
            "stdev": 0.851041197777
        }
    },
    "melbands_crest": {
        "max": 39.9841842651,
        "mean": 12.9700927734,
        "min": 3.01959133148,
        "stdev": 5.88624715805
    },
    "melbands_flatness_db": {
        "max": 0.767229914665,
        "mean": 0.216404959559,
        "min": 0.0236332956702,
        "stdev": 0.0562985762954
    },
    "melbands_kurtosis": {
        "max": 135491.375,
        "mean": 127.695999146,
        "min": -1.70817184448,
        "stdev": 4086.96484375
    },
    "melbands_skewness": {
        "max": 315.037811279,
        "mean": 1.14708948135,
        "min": -1.83208179474,
        "stdev": 9.57908821106
    },
    "melbands_spread": {
        "max": 238.962173462,
        "mean": 21.0687484741,
        "min": 0.00496013462543,
        "stdev": 18.1245632172
    },
    "pitch_salience": {
        "max": 0.878860354424,
        "mean": 0.544466555119,
        "min": 0.00520315393806,
        "stdev": 0.12486756593
    },
    "silence_rate_20dB": {
        "max": 1,
        "mean": 1,
        "min": 1,
        "stdev": 0
    },
    "silence_rate_30dB": {
        "max": 1,
        "mean": 0.981785058975,
        "min": 0,
        "stdev": 0.133727923036
    },
    "silence_rate_60dB": {
        "max": 1,
        "mean": 0.050091072917,
        "min": 0,
        "stdev": 0.218133151531
    },
    "spectral_centroid": {
        "max": 4944.58496094,
        "mean": 1220.08850098,
        "min": 287.945037842,
        "stdev": 454.994171143
    },
    "spectral_complexity": {
        "max": 39,
        "mean": 19.1420764923,
        "min": 0,
        "stdev": 6.58570241928
    },
    "spectral_decrease": {
        "max": -2.58803774852e-13,
        "mean": -7.57288365349e-09,
        "min": -5.00037131701e-08,
        "stdev": 5.34905852945e-09
    },
    "spectral_energy": {
        "max": 0.195350378752,
        "mean": 0.0310147814453,
        "min": 9.80145387075e-07,
        "stdev": 0.0212030764669
    },
    "spectral_energyband_high": {
        "max": 0.0115574784577,
        "mean": 0.000157360511366,
        "min": 2.67271361293e-11,
        "stdev": 0.000775425462052
    },
    "spectral_energyband_low": {
        "max": 0.00898084696382,
        "mean": 0.00100691150874,
        "min": 4.65392048454e-07,
        "stdev": 0.00123748998158
    },
    "spectral_energyband_middle_high": {
        "max": 0.0721918046474,
        "mean": 0.0157788656652,
        "min": 7.65745800102e-12,
        "stdev": 0.0134595967829
    },
    "spectral_energyband_middle_low": {
        "max": 0.190473884344,
        "mean": 0.0151259126142,
        "min": 5.83618292582e-11,
        "stdev": 0.0200208872557
    },
    "spectral_entropy": {
        "max": 8.91184997559,
        "mean": 7.12170934677,
        "min": 5.47190999985,
        "stdev": 0.353560984135
    },
    "spectral_flux": {
        "max": 0.275194734335,
        "mean": 0.097800321877,
        "min": 0.0014525159495,
        "stdev": 0.0437688194215
    },
    "spectral_kurtosis": {
        "max": 36.8803367615,
        "mean": 8.97231197357,
        "min": -1.12250256538,
        "stdev": 4.45117807388
    },
    "spectral_rms": {
        "max": 0.0138052795082,
        "mean": 0.00518624810502,
        "min": 3.09231218125e-05,
        "stdev": 0.00183334783651
    },
    "spectral_rolloff": {
        "max": 9689.94140625,
        "mean": 1447.52929688,
        "min": 21.533203125,
        "stdev": 873.154907227
    },
    "spectral_skewness": {
        "max": 4.36109161377,
        "mean": 1.9198898077,
        "min": -0.0129080349579,
        "stdev": 0.45724901557
    },
    "spectral_spread": {
        "max": 12704856,
        "mean": 2473457.5,
        "min": 1689524.875,
        "stdev": 834557.8125
    },
    "spectral_strongpeak": {
        "max": 9.27889060974,
        "mean": 2.66384029388,
        "min": 0,
        "stdev": 1.81348073483
    },
    "zerocrossingrate": {
        "max": 0.3427734375,
        "mean": 0.051100987941,
        "min": 0,
        "stdev": 0.0249029304832
    },
    "barkbands": {
        "max": [0.000720719399396, 0.00294124893844, 0.00548846181482, 0.0061466852203, 0.107826031744, 0.187745526433, 0.0243662409484, 0.100539430976, 0.0715382248163, 0.0677257701755, 0.0463300161064, 0.0173686426133, 0.0136824091896, 0.0163077153265, 0.00782559998333, 0.0107630109414, 0.00921468064189, 0.00680718570948, 0.00369432964362, 0.000357577227987, 0.000660594960209, 0.00806508492678, 0.00379343377426, 0.00470603443682, 0.00294474326074, 7.10569202056e-06, 7.52727510189e-06],
        "mean": [1.77864731086e-05, 0.000205873016967, 0.000507053162437, 0.000626189052127, 0.00386818032712, 0.0027600643225, 0.00118254881818, 0.00192647334188, 0.00344827165827, 0.00775623740628, 0.00244390242733, 0.00106953352224, 0.00160284945741, 0.00115902069956, 0.000515584950335, 0.000652290298603, 0.000368012260878, 0.000438078917796, 0.000270494841971, 6.28525085631e-05, 2.99592556985e-05, 3.2833278965e-05, 2.38640441239e-05, 3.13232994813e-05, 1.54827575898e-05, 1.22767467303e-08, 8.63542481966e-09],
        "min": [6.54070291262e-08, 1.56127555329e-08, 8.83708106691e-11, 2.55755399498e-11, 2.05136931747e-11, 9.60342569356e-12, 3.93662831282e-13, 1.03811783388e-12, 1.07582801175e-12, 5.86219278415e-13, 6.58517186093e-13, 8.06630858028e-13, 7.13234159233e-13, 6.92613176013e-13, 6.46297522878e-13, 5.56666312438e-13, 9.17194271921e-13, 6.05196990612e-13, 9.91214705801e-13, 1.37277331429e-12, 1.43281512956e-12, 1.98452972805e-12, 1.87677477725e-12, 3.80316828377e-12, 4.19901309903e-12, 5.46694894216e-12, 6.05531553718e-12],
        "stdev": [4.39203940914e-05, 0.000326141220285, 0.00076582521433, 0.000822041474748, 0.0102179246023, 0.0110874259844, 0.00208126055077, 0.00670974887908, 0.00627920078114, 0.0114851212129, 0.00517639052123, 0.00163735088427, 0.00224561966024, 0.00144647539128, 0.000698863237631, 0.000923148938455, 0.000737683963962, 0.000521179463249, 0.000324156251736, 5.75713856961e-05, 5.24049828527e-05, 0.000263929221546, 0.000175948574906, 0.000264977890765, 0.000166852943948, 2.19775287746e-07, 2.27500919436e-07]
    },
    "erbbands": {
        "max": [0.050173714757, 0.786118805408, 6.55521678925, 14.7966461182, 79.8163452148, 478.927062988, 1066.03955078, 1119.89001465, 303.908630371, 1469.18640137, 1940.26098633, 2188.29711914, 1385.95397949, 2228.25097656, 1245.74658203, 437.988616943, 695.135314941, 488.645324707, 587.421264648, 384.393066406, 683.286865234, 644.603637695, 251.606445312, 271.988922119, 84.1243743896, 16.0114192963, 26.9612293243, 30.5039920807, 186.167602539, 237.519821167, 89.3182144165, 120.632949829, 77.184928894, 51.0743713379, 12.6522359848, 0.328861236572, 0.0131575493142, 0.00467803888023, 0.0010747096967, 0.000217768087168],
        "mean": [0.00410385569558, 0.0601308569312, 0.48769530654, 1.47257971764, 5.25985479355, 14.7877111435, 23.6581687927, 19.9314632416, 17.494808197, 29.6171512604, 41.0152854919, 81.0952987671, 165.885009766, 220.618591309, 76.2200317383, 48.6148910522, 77.1529541016, 46.6720619202, 50.3814620972, 29.9678821564, 31.6830463409, 25.9108943939, 21.2407741547, 21.9816265106, 7.50097131729, 2.97392725945, 1.43028974533, 1.11649131775, 1.08010983467, 1.13222801685, 0.628760814667, 0.652916491032, 0.489248812199, 0.259781807661, 0.046721663326, 0.00137543084566, 9.51577239903e-05, 1.81472787517e-05, 1.91385406652e-05, 3.71706628357e-05],
        "min": [1.0236104572e-05, 1.13940996016e-06, 2.41983656224e-07, 1.32481019932e-07, 1.12102490846e-07, 1.14526763184e-07, 9.6983626463e-08, 6.87692818246e-08, 1.4977072027e-08, 1.92086275774e-08, 2.87417769584e-08, 2.84340533341e-08, 2.2912134412e-08, 2.56955257072e-08, 2.84710530707e-08, 3.5117295738e-08, 3.68916097671e-08, 4.2216054652e-08, 3.14869019746e-08, 3.19354107603e-08, 3.31796492503e-08, 4.88649121166e-08, 4.1904524295e-08, 3.65148089543e-08, 5.75691601057e-08, 6.6403963217e-08, 4.9172008687e-08, 6.96159077052e-08, 6.97488076185e-08, 5.82024668461e-08, 5.93981397401e-08, 8.42366674192e-08, 6.45981899083e-08, 5.25342116475e-08, 3.07948653244e-08, 2.78921454822e-08, 1.29557893302e-08, 3.98789667955e-09, 3.21828985683e-09, 2.67163335899e-09],
        "stdev": [0.0049389465712, 0.0980612486601, 0.743426322937, 1.80667996407, 8.8084526062, 43.0520744324, 82.88230896, 64.303314209, 28.492685318, 106.825752258, 102.040397644, 159.881149292, 238.986190796, 360.236541748, 113.420288086, 58.4420051575, 106.315971375, 58.0695228577, 62.5276069641, 39.0680046082, 51.2072868347, 50.5401573181, 21.8771762848, 23.8412818909, 7.34015130997, 2.48590612411, 2.18754696846, 2.25146126747, 6.16458511353, 9.87847995758, 4.4305524826, 5.71917867661, 4.14319038391, 2.65978097916, 0.571171343327, 0.0154948839918, 0.00079889013432, 0.000165396384546, 3.60555859515e-05, 2.43453996518e-05]
    },
    "gfcc": {
        "mean": [-41.847568512, 147.281570435, -186.23223877, 14.7665624619, -64.4649200439, 4.2229924202, -35.607837677, -6.31660509109, -13.320854187, -31.8489265442, 5.41912031174, -20.9930782318, 5.25145435333],
        "cov": [[3029.04296875, 153.461578369, -235.235397339, -26.3732738495, -224.719024658, -84.6030807495, 102.31703949, -14.244354248, -141.573394775, -134.480255127, -65.0685501099, -88.1556625366, 38.3464508057], [153.461578369, 584.327697754, -9.69865036011, -100.876495361, 65.8743362427, -222.531906128, 37.4486083984, -65.9476165771, 29.3121395111, -59.873790741, 81.0615158081, -50.8957290649, -52.6668319702], [-235.235397339, -9.69865036011, 357.057189941, 55.2494697571, -16.2672328949, -45.9325714111, -130.714279175, -15.1526432037, -16.6856594086, 40.258354187, -9.48753070831, 17.7289447784, 4.55638074875], [-26.3732738495, -100.876495361, 55.2494697571, 214.885360718, 41.4052810669, 64.8790283203, -51.8965034485, 20.7917289734, 10.9881668091, 21.1017494202, -38.1795501709, 7.75661849976, 7.69195652008], [-224.719024658, 65.8743362427, -16.2672328949, 41.4052810669, 159.782409668, 34.9274749756, 46.2378044128, -9.42673301697, 6.69626760483, 1.08046519756, 6.14329195023, 8.57004737854, -14.0432863235], [-84.6030807495, -222.531906128, -45.9325714111, 64.8790283203, 34.9274749756, 286.866455078, 127.347251892, 42.9778594971, -24.6007347107, -10.4147319794, -33.1866798401, 16.5128650665, 2.72426724434], [102.31703949, 37.4486083984, -130.714279175, -51.8965034485, 46.2378044128, 127.347251892, 278.613616943, 27.4898757935, -28.4270019531, -42.8516426086, 17.7357597351, 3.83591127396, -17.237947464], [-14.244354248, -65.9476165771, -15.1526432037, 20.7917289734, -9.42673301697, 42.9778594971, 27.4898757935, 77.1367721558, 30.7945251465, 11.022274971, -6.62482070923, -4.03624010086, -1.98884403706], [-141.573394775, 29.3121395111, -16.6856594086, 10.9881668091, 6.69626760483, -24.6007347107, -28.4270019531, 30.7945251465, 102.778839111, 38.9177894592, 10.0872774124, 0.0671923607588, -14.9483976364], [-134.480255127, -59.873790741, 40.258354187, 21.1017494202, 1.08046519756, -10.4147319794, -42.8516426086, 11.022274971, 38.9177894592, 75.5959854126, 16.4949550629, 11.7092256546, 0.210514590144], [-65.0685501099, 81.0615158081, -9.48753070831, -38.1795501709, 6.14329195023, -33.1866798401, 17.7357597351, -6.62482070923, 10.0872774124, 16.4949550629, 88.0758209229, 27.8859157562, -18.288187027], [-88.1556625366, -50.8957290649, 17.7289447784, 7.75661849976, 8.57004737854, 16.5128650665, 3.83591127396, -4.03624010086, 0.0671923607588, 11.7092256546, 27.8859157562, 68.4240570068, 28.156791687], [38.3464508057, -52.6668319702, 4.55638074875, 7.69195652008, -14.0432863235, 2.72426724434, -17.237947464, -1.98884403706, -14.9483976364, 0.210514590144, -18.288187027, 28.156791687, 76.9541244507]],
        "icov": [[0.000518533226568, -0.000521052978002, 0.000506378826685, -0.000423586374382, 0.00104468653444, 6.87222855049e-05, -0.000118276846479, -0.000332694879035, 0.00106323580258, -0.000333694624715, 0.000678922689985, -0.000177219233592, -1.58791954163e-05], [-0.000521052978002, 0.00865617953241, -0.00292970612645, -1.00270535768e-05, -0.00451294146478, 0.00533825065941, -0.00355296302587, 0.00585618847981, -0.00816774461418, 0.0102735804394, -0.00986727420241, 0.00978926196694, -0.0028401883319], [0.000506378826685, -0.00292970612645, 0.00513814622536, -0.000711424043402, 0.00210102507845, -0.00109950662591, 0.00254168710671, -0.00245560426265, 0.00541649200022, -0.00534889241681, 0.0045145265758, -0.0049798451364, 0.00239945412613], [-0.000423586374382, -1.00270535768e-05, -0.000711424043402, 0.00736149167642, -0.00287883309647, -0.00206437893212, 0.00251578330062, -0.0019099325873, -0.000222547954763, -0.00114608870354, 0.00254259072244, -0.0017592611257, 0.00078027357813], [0.00104468653444, -0.00451294146478, 0.00210102507845, -0.00287883309647, 0.0114160403609, -0.00227590161376, -0.00067373807542, -0.000107910957013, 0.00371785345487, -0.00508536444977, 0.00508695608005, -0.00529094645754, 0.00244525703602], [6.87222855049e-05, 0.00533825065941, -0.00109950662591, -0.00206437893212, -0.00227590161376, 0.00987786799669, -0.00525676459074, 0.00117325037718, -0.00237967376597, 0.00505540380254, -0.00256600603461, 0.00313032837585, -0.000252816564171], [-0.000118276846479, -0.00355296302587, 0.00254168710671, 0.00251578330062, -0.00067373807542, -0.00525676459074, 0.0090251499787, -0.0052004433237, 0.00477301608771, -0.00214272271842, 0.00225022179075, -0.00473085325211, 0.00237452727742], [-0.000332694879035, 0.00585618847981, -0.00245560426265, -0.0019099325873, -0.000107910957013, 0.00117325037718, -0.0052004433237, 0.0230690129101, -0.0126371923834, 0.00631527090445, -0.00700859539211, 0.00948497373611, -0.0037280365359], [0.00106323580258, -0.00816774461418, 0.00541649200022, -0.000222547954763, 0.00371785345487, -0.00237967376597, 0.00477301608771, -0.0126371923834, 0.0249740704894, -0.0167437531054, 0.0110279303044, -0.0114354612306, 0.00678901746869], [-0.000333694624715, 0.0102735804394, -0.00534889241681, -0.00114608870354, -0.00508536444977, 0.00505540380254, -0.00214272271842, 0.00631527090445, -0.0167437531054, 0.0330070331693, -0.0169057901949, 0.012208905071, -0.00562262255698], [0.000678922689985, -0.00986727420241, 0.0045145265758, 0.00254259072244, 0.00508695608005, -0.00256600603461, 0.00225022179075, -0.00700859539211, 0.0110279303044, -0.0169057901949, 0.032198779285, -0.0237681381404, 0.0122662577778], [-0.000177219233592, 0.00978926196694, -0.0049798451364, -0.0017592611257, -0.00529094645754, 0.00313032837585, -0.00473085325211, 0.00948497373611, -0.0114354612306, 0.012208905071, -0.0237681381404, 0.0383096709847, -0.0165526457131], [-1.58791954163e-05, -0.0028401883319, 0.00239945412613, 0.00078027357813, 0.00244525703602, -0.000252816564171, 0.00237452727742, -0.0037280365359, 0.00678901746869, -0.00562262255698, 0.0122662577778, -0.0165526457131, 0.0220352299511]]
    },
    "melbands": {
        "max": [0.000614403572399, 0.00239590462297, 0.00320982164703, 0.0143328234553, 0.0295760184526, 0.0284740626812, 0.00483221421018, 0.0169362779707, 0.0126222772524, 0.0141819799319, 0.00728695839643, 0.00910944957286, 0.00408701272681, 0.00238795066252, 0.00182884722017, 0.00161106942687, 0.000955547322519, 0.00135374290403, 0.000810883415397, 0.000473771215184, 0.00103058910463, 0.00071269494947, 0.000510465470143, 0.000387123145629, 0.000257721665548, 0.000139660420245, 2.24735395022e-05, 1.27107159642e-05, 2.28389653785e-05, 1.45347612488e-05, 1.89126712939e-05, 4.36803820776e-05, 0.000288308190648, 8.73191238497e-05, 5.93385339016e-05, 4.60646551801e-05, 9.75365255727e-05, 4.20136893808e-05, 7.37031878089e-05, 3.74459086743e-05],
        "mean": [4.65699631604e-05, 0.000198444002308, 0.000347021268681, 0.000716210168321, 0.00084975810023, 0.000470161932753, 0.000251512916293, 0.00036558980355, 0.000352854665834, 0.000512274797074, 0.000877282873262, 0.000977356685326, 0.00028577138437, 0.000133118373924, 0.000168528757058, 0.000136138565722, 8.1124722783e-05, 9.46053114603e-05, 3.67909669876e-05, 4.08538435295e-05, 3.48002286046e-05, 2.44537604885e-05, 2.0791998395e-05, 2.06754702958e-05, 1.81925279321e-05, 8.60768795974e-06, 2.70657164947e-06, 1.66673794411e-06, 9.92746322481e-07, 6.41418807845e-07, 5.74915588913e-07, 5.89673049944e-07, 7.06971832187e-07, 5.87259307849e-07, 3.79286461794e-07, 3.17303147312e-07, 4.29614431141e-07, 3.22901371419e-07, 3.64541989484e-07, 1.69914756043e-07],
        "min": [1.03789282946e-07, 6.330375113e-11, 1.69071666389e-11, 6.25325399101e-12, 3.21445908086e-12, 1.48236457831e-12, 1.11036546169e-13, 1.67566508629e-13, 2.0253496959e-13, 1.53862884347e-13, 9.62173523906e-14, 8.9157556392e-14, 8.92665525916e-14, 8.16464070289e-14, 8.09820892528e-14, 8.72046643338e-14, 6.95496855637e-14, 4.3263312312e-14, 4.65610555211e-14, 4.2055412836e-14, 3.45384155575e-14, 4.65102945307e-14, 4.71823745167e-14, 3.21370398826e-14, 2.64348615155e-14, 4.54319809312e-14, 3.52573940638e-14, 4.7458236207e-14, 2.5473033581e-14, 4.34768323773e-14, 3.87282538667e-14, 3.71335042793e-14, 4.05729154429e-14, 2.73007494161e-14, 3.08184264241e-14, 3.7778939997e-14, 5.60019085684e-14, 4.30958437339e-14, 4.21361045827e-14, 4.28705363581e-14],
        "stdev": [6.40892176307e-05, 0.000281303277006, 0.000408806954511, 0.0014605774777, 0.00278717721812, 0.00163848826196, 0.000414980138885, 0.00136144331191, 0.000789078068919, 0.0010187451262, 0.00129688333254, 0.00159041758161, 0.000497532601003, 0.000221724112635, 0.000231239260756, 0.000204757467145, 0.000116640643682, 0.000132635308546, 6.04782762821e-05, 5.50757249584e-05, 7.13776462362e-05, 5.3928939451e-05, 3.29030335706e-05, 2.59859352809e-05, 2.07097382372e-05, 1.13498790597e-05, 2.616015081e-06, 1.65484493664e-06, 1.7285518652e-06, 1.26379211451e-06, 1.19676235499e-06, 1.86724844298e-06, 9.12887571758e-06, 4.68857024316e-06, 2.70799773716e-06, 2.3573843464e-06, 4.10430538977e-06, 2.42533519668e-06, 3.97199210056e-06, 1.7485265289e-06]
    },
    "melbands128": {
        "max": [0.000558449886739, 0.000589706818573, 0.00083827553317, 0.0016305942554, 0.00385236833245, 0.00285338261165, 0.00363477319479, 0.00330252666026, 0.0112626785412, 0.013492828235, 0.0307217724621, 0.0481886528432, 0.0333803966641, 0.0906168669462, 0.0253541506827, 0.00635639298707, 0.00540266232565, 0.0090625975281, 0.00637681223452, 0.0236527733505, 0.0363953150809, 0.0374322272837, 0.0132484287024, 0.0240328852087, 0.0205987617373, 0.0182900391519, 0.0130048943684, 0.012489288114, 0.0186359100044, 0.0217059925199, 0.0186654943973, 0.0129450168461, 0.00584282865748, 0.00954448524863, 0.00515997968614, 0.0024543076288, 0.00210662232712, 0.0027747512795, 0.00398260913789, 0.00336091755889, 0.00258819805458, 0.00132155255415, 0.00187001517043, 0.00142648303881, 0.00392032181844, 0.0018441893626, 0.00085553660756, 0.00193273974583, 0.000939164368901, 0.00127567863092, 0.000562152883504, 0.000690563640092, 0.0015865014866, 0.0012555179419, 0.000258065963862, 0.00106204499025, 0.00171331246383, 0.000587034039199, 0.000783065159339, 0.000161980860867, 0.00029094927595, 0.000930194917601, 0.000628923531622, 0.000261428620433, 0.00040818657726, 0.000162039606948, 3.50470763806e-05, 4.35718757217e-05, 5.31183068233e-05, 2.7664415029e-05, 2.28572571359e-05, 2.65715843852e-05, 1.33939229272e-05, 4.29146457464e-05, 2.13209732465e-05, 2.10039179365e-05, 2.357340054e-05, 2.57314022747e-05, 2.05167543754e-05, 1.49707484525e-05, 2.94902038149e-05, 4.64163276774e-05, 9.92932255031e-05, 0.000519543071277, 0.000228626115131, 7.70583064877e-05, 0.000123838020954, 8.54114332469e-05, 5.790956493e-05, 4.71800522064e-05, 2.51088004006e-05, 6.55167532386e-05, 7.76167435106e-05, 0.000149132407387, 0.000101741134131, 3.77470132662e-05, 2.9348400858e-05, 7.23780103726e-05, 0.000106917941594, 9.08474466996e-05, 2.52285299212e-05, 4.50054540124e-05, 4.65881385026e-05, 4.72347601317e-05, 1.15558941616e-05, 4.08009924513e-07, 4.24508073138e-07, 5.08900797058e-08, 4.88494613649e-08, 4.68801282238e-08, 4.50715305078e-08, 4.33344666817e-08, 4.16929601954e-08, 4.01869506561e-08, 3.87889400599e-08, 3.75097357619e-08, 3.63409533577e-08, 3.52478117804e-08, 3.4243278435e-08, 3.33385195006e-08, 3.25048716832e-08, 3.17927160154e-08, 3.11670085296e-08, 3.06287653018e-08, 3.01851734719e-08, 2.98177411651e-08, 2.95464186451e-08, 2.93847080002e-08],
        "mean": [1.31753013193e-05, 2.79544819932e-05, 4.91977043566e-05, 0.00010242582357, 0.00021593713609, 0.000252188590821, 0.000272770848824, 0.00033175596036, 0.000500106369145, 0.000724078679923, 0.000829524069559, 0.000971840054262, 0.000729946885258, 0.000944124767557, 0.000445507379482, 0.000238589607761, 0.000271966389846, 0.000288107024971, 0.000168664540979, 0.000319052545819, 0.000516343803611, 0.000361923273886, 0.000246583193075, 0.000428870058386, 0.000613092444837, 0.000451997417258, 0.000506180280354, 0.000758114561904, 0.00136279617436, 0.00140183640178, 0.000717219372746, 0.000428253697464, 0.000258874788415, 0.000188496866031, 0.000154922556248, 0.000118192576338, 8.2471568021e-05, 0.000164990284247, 0.000232269536355, 0.000195683314814, 9.87578096101e-05, 6.84890546836e-05, 8.78753926372e-05, 6.22393781669e-05, 0.000137429204187, 0.000108667183667, 3.70123707398e-05, 3.18478523695e-05, 3.52409442712e-05, 4.60156807094e-05, 3.83197730116e-05, 4.12463959947e-05, 4.93577754241e-05, 2.75233269349e-05, 7.87231601862e-06, 2.83008885162e-05, 3.83425212931e-05, 1.69219638337e-05, 1.8758333681e-05, 1.6089717974e-05, 1.77015117515e-05, 2.98105460388e-05, 1.8507544155e-05, 1.1664309568e-05, 2.3041779059e-05, 6.8084546001e-06, 2.59480202658e-06, 2.58335603576e-06, 3.03059073303e-06, 2.46125432568e-06, 1.49647530634e-06, 1.62889580224e-06, 8.55766359109e-07, 1.204046157e-06, 6.43726764338e-07, 3.31541770038e-07, 8.2777546595e-07, 9.23235745631e-07, 3.84209926096e-07, 3.93236945229e-07, 7.00955752109e-07, 6.2667606926e-07, 4.37440888845e-07, 8.75713112691e-07, 7.68777226767e-07, 5.50481104256e-07, 6.07921720075e-07, 4.90346337756e-07, 3.91905444985e-07, 2.71632245585e-07, 2.15164476458e-07, 3.72285995809e-07, 4.0371460841e-07, 4.51494770459e-07, 4.76181980957e-07, 2.7974135719e-07, 3.24072146896e-07, 2.98286721545e-07, 4.36585963826e-07, 3.79605438638e-07, 1.71411528527e-07, 1.53838442429e-07, 1.26847709225e-07, 1.22763495369e-07, 2.79668395109e-08, 1.22607135555e-09, 1.11563214222e-09, 1.67043143207e-10, 7.19338755228e-11, 6.6295822998e-11, 6.24525292592e-11, 6.2750644958e-11, 7.31326596504e-11, 7.30515647973e-11, 7.38926211885e-11, 6.44045997089e-11, 5.18351403467e-11, 4.11956788127e-11, 3.83295756246e-11, 3.75992605106e-11, 3.75101234795e-11, 3.67092571618e-11, 3.47401413192e-11, 3.22538280806e-11, 3.16295080405e-11, 3.10630583755e-11, 3.0681995139e-11, 3.0499460596e-11],
        "min": [2.00182928012e-08, 5.24830952031e-08, 3.57321461308e-09, 1.01513700224e-10, 5.83106202212e-11, 4.41094938353e-11, 1.21348825086e-11, 1.97505033162e-11, 5.29854762496e-12, 5.52677218227e-12, 6.54528124408e-12, 2.31016377902e-12, 2.38165303451e-12, 4.30476617894e-12, 9.84964497117e-13, 6.05903727798e-13, 5.67369061618e-14, 6.70025016372e-14, 8.72154589217e-14, 1.72924879711e-13, 1.83870862871e-13, 2.08976079171e-13, 2.05994265699e-13, 2.19508859331e-13, 1.50837960286e-13, 1.37879372633e-13, 1.05995778561e-13, 9.22677461778e-14, 8.95999176546e-14, 8.85315516101e-14, 1.03410857622e-13, 6.85412013604e-14, 1.15021382176e-13, 6.28718607666e-14, 8.62061954481e-14, 6.66814829265e-14, 1.14515547652e-13, 8.54352328358e-14, 6.19479511091e-14, 7.01712654454e-14, 9.12026733974e-14, 1.05840026142e-13, 8.01250816455e-14, 5.64059229554e-14, 2.41745828949e-14, 3.7636746882e-14, 6.89836778195e-14, 4.87350604479e-14, 3.68731331276e-14, 3.7588360972e-14, 4.45486577044e-14, 4.3619303319e-14, 3.88446090886e-14, 2.58056346203e-14, 3.48118140759e-14, 3.76416833901e-14, 6.98161892339e-14, 6.35089311869e-14, 2.5412618109e-14, 4.5054726009e-14, 2.90718919207e-14, 3.10864344249e-14, 2.1425779716e-14, 2.83082222621e-14, 2.60796989066e-14, 5.69208241197e-14, 4.62005311937e-14, 3.63833617368e-14, 2.94635430149e-14, 3.84470694214e-14, 5.41844909598e-14, 5.28849831765e-14, 3.24267251505e-14, 1.33839227068e-14, 2.59615140936e-14, 3.59433145682e-14, 6.94056628576e-14, 2.75978784096e-14, 4.00505129549e-14, 3.55042906154e-14, 4.29464372864e-14, 1.98833242487e-14, 6.28034747146e-14, 3.76868200818e-14, 3.16458420883e-14, 3.43353478787e-14, 2.08430346008e-14, 2.16799438102e-14, 3.45638062171e-14, 3.9772835226e-14, 2.36260782395e-14, 3.95681344677e-14, 5.17990666094e-14, 6.50324995135e-14, 5.29040210891e-14, 3.99741478525e-14, 4.74933135354e-14, 3.85943853915e-14, 3.44149926927e-14, 5.49179300126e-14, 3.68012200303e-14, 3.97979582232e-14, 5.32172470967e-14, 3.17916842212e-14, 3.53728006088e-14, 2.02141346603e-14, 2.36505845968e-14, 1.59994782857e-14, 2.54099838366e-14, 2.55246212756e-14, 2.21669013576e-14, 2.08241406839e-14, 2.48820434471e-14, 2.34153262779e-14, 2.77728788047e-14, 2.98988501871e-14, 2.30315813892e-14, 2.16252153175e-14, 1.95234199494e-14, 1.66620410096e-14, 1.96238323172e-14, 2.11949700141e-14, 2.36800613433e-14, 2.21286713725e-14, 1.73556627376e-14, 7.60851918849e-15, 1.27625630536e-15, 7.45698359133e-17],
        "stdev": [3.10840150632e-05, 3.88730950363e-05, 7.93446452008e-05, 0.000192263934878, 0.000385872204788, 0.000380959158065, 0.000407391809858, 0.00045480337576, 0.0010848895181, 0.00136966397986, 0.00276195211336, 0.00446344539523, 0.00274376524612, 0.00520389294252, 0.0014533122303, 0.000577831116971, 0.000559826847166, 0.000620179635007, 0.000436294300016, 0.00148922612425, 0.00230747950263, 0.00152982387226, 0.000849945587106, 0.00112328259274, 0.00167539413087, 0.00120838708244, 0.00144330691546, 0.00176146265585, 0.00256326003, 0.00298415822908, 0.00207131612115, 0.00124499539379, 0.000560790242162, 0.000592488446273, 0.000372785201762, 0.000266076764092, 0.000210820813663, 0.000316484482028, 0.000441509415396, 0.000406626437325, 0.000252571568126, 0.000140086980537, 0.000197508124984, 0.00013060188212, 0.000238873311901, 0.000197843648493, 6.52221642667e-05, 9.90157932392e-05, 8.63417299115e-05, 0.000105246108433, 6.53907845845e-05, 8.79673534655e-05, 0.000111479253974, 8.82387248566e-05, 1.5380590412e-05, 7.44254866731e-05, 0.000112456698844, 3.70220404875e-05, 4.09619715356e-05, 2.33743830904e-05, 2.68488311121e-05, 5.78561412112e-05, 3.68865039491e-05, 1.7181975636e-05, 3.80863821192e-05, 9.7061993074e-06, 3.62875380233e-06, 4.1618841351e-06, 4.03196236221e-06, 2.97994552056e-06, 1.92545576283e-06, 3.0877079098e-06, 1.73710247964e-06, 2.86317276732e-06, 1.30769285533e-06, 8.66085883899e-07, 2.51228743764e-06, 2.00360159397e-06, 1.06403240352e-06, 9.45672013586e-07, 2.000464292e-06, 2.11413498619e-06, 3.48683624907e-06, 1.58300626936e-05, 8.51819913805e-06, 4.4185671868e-06, 5.05265734319e-06, 3.90784271076e-06, 2.79723758467e-06, 2.04926209335e-06, 1.19476055715e-06, 3.00208921544e-06, 3.47735499417e-06, 5.41376948604e-06, 4.43667295258e-06, 2.10255007005e-06, 2.01144416678e-06, 2.96158782476e-06, 5.20171261087e-06, 4.40968051407e-06, 1.36736025524e-06, 1.82245537417e-06, 1.69640270542e-06, 1.74674630671e-06, 4.1814334395e-07, 1.58978323839e-08, 1.50078136585e-08, 1.96514116091e-09, 1.48288226143e-09, 1.42249678703e-09, 1.36679900731e-09, 1.31842359252e-09, 1.32750843651e-09, 1.30104704787e-09, 1.31680555349e-09, 1.2280130246e-09, 1.11852882512e-09, 1.06813036194e-09, 1.03497954651e-09, 1.00821517801e-09, 9.85130754749e-10, 9.63619961603e-10, 9.41808853128e-10, 9.23853160639e-10, 9.10446051883e-10, 8.9935220382e-10, 8.91169638084e-10, 8.86291651181e-10]
    },
    "mfcc": {
        "mean": [-657.09197998, 157.899383545, -46.9987373352, 0.319389462471, -4.09195375443, -9.02139854431, -3.90729022026, 7.6799826622, -13.1567630768, -1.93228411674, -5.51927947998, -10.0525913239, -12.1456365585],
        "cov": [[2642.57885742, 66.8803710938, -58.7715034485, 32.6985015869, -260.861541748, -67.4798126221, 115.468696594, 43.0532150269, 22.3823776245, -16.2149829865, -61.4209365845, -73.3363800049, -111.958137512], [66.8803710938, 676.204223633, -82.5853881836, 73.027557373, -53.8083534241, -121.833297729, -40.2671508789, -32.5468063354, -139.640151978, 35.9112930298, -7.33239364624, -7.27982473373, 6.07744312286], [-58.7715034485, -82.5853881836, 280.379302979, 25.4750423431, 59.2601127625, -19.5841579437, -48.35313797, -47.7623023987, -2.22586584091, -28.1935825348, -21.4685077667, 4.84312057495, 15.4383277893], [32.6985015869, 73.027557373, 25.4750423431, 162.112030029, 53.5120429993, -18.6602840424, -31.5723590851, -33.2152366638, -5.97194623947, -20.2504787445, -5.4408454895, 9.82372188568, 8.2219877243], [-260.861541748, -53.8083534241, 59.2601127625, 53.5120429993, 179.833374023, 16.0469360352, -66.2898254395, -43.3659591675, 21.4459629059, -30.7235031128, -7.35862398148, 26.9038295746, 20.8313713074], [-67.4798126221, -121.833297729, -19.5841579437, -18.6602840424, 16.0469360352, 156.870544434, 88.0092010498, 62.1028022766, 38.7787094116, 3.31183624268, 2.46145820618, -5.65746974945, 15.6859407425], [115.468696594, -40.2671508789, -48.35313797, -31.5723590851, -66.2898254395, 88.0092010498, 180.759780884, 89.0842819214, 10.1465978622, 11.4590110779, -4.83526563644, -26.6553230286, -2.90027928352], [43.0532150269, -32.5468063354, -47.7623023987, -33.2152366638, -43.3659591675, 62.1028022766, 89.0842819214, 126.836753845, 19.613079071, 29.6579837799, 5.34513568878, -5.83761405945, 22.8615055084], [22.3823776245, -139.640151978, -2.22586584091, -5.97194623947, 21.4459629059, 38.7787094116, 10.1465978622, 19.613079071, 118.979148865, 4.6534910202, -11.3272886276, -4.40820741653, -2.38320732117], [-16.2149829865, 35.9112930298, -28.1935825348, -20.2504787445, -30.7235031128, 3.31183624268, 11.4590110779, 29.6579837799, 4.6534910202, 91.1918792725, 33.5842475891, -2.0997171402, 0.410719752312], [-61.4209365845, -7.33239364624, -21.4685077667, -5.4408454895, -7.35862398148, 2.46145820618, -4.83526563644, 5.34513568878, -11.3272886276, 33.5842475891, 79.9252548218, 22.4317855835, -11.1234464645], [-73.3363800049, -7.27982473373, 4.84312057495, 9.82372188568, 26.9038295746, -5.65746974945, -26.6553230286, -5.83761405945, -4.40820741653, -2.0997171402, 22.4317855835, 77.1966018677, 37.4439086914], [-111.958137512, 6.07744312286, 15.4383277893, 8.2219877243, 20.8313713074, 15.6859407425, -2.90027928352, 22.8615055084, -2.38320732117, 0.410719752312, -11.1234464645, 37.4439086914, 102.457229614]],
        "icov": [[0.000505786621943, 1.84618038475e-05, -3.28802780132e-05, -0.000389446533518, 0.000796020845883, 0.0002263799106, -0.000150427717017, -0.000135402209708, -0.000234868115513, 0.000147950690007, 0.000451547181001, -0.000185939163202, 0.000528171018232], [1.84618038475e-05, 0.00270096492022, 0.000950706540607, -0.00133986026049, 0.000255335791735, 0.00135151809081, 3.33474381478e-05, 7.15584174031e-05, 0.00281944009475, -0.0017055060016, 0.00139836070593, 0.00027675027377, -0.000326529261656], [-3.28802780132e-05, 0.000950706540607, 0.00444397330284, -0.000424779776949, -0.000902118626982, 0.000596525380388, 0.00024009461049, 0.00109049060848, 0.00105964427348, -0.000222290997044, 0.00101734499913, 0.000575075449888, -0.000946470187046], [-0.000389446533518, -0.00133986026049, -0.000424779776949, 0.00811465177685, -0.00275593227707, 0.000101256344351, -0.000390356988646, 0.00107068300713, -0.000962737191003, 0.00140864786226, -0.00123270065524, 0.000171936262632, -0.000863094697706], [0.000796020845883, 0.000255335791735, -0.000902118626982, -0.00275593227707, 0.0104259299114, -0.00306778890081, 0.00330369360745, 0.00115887844004, -0.00138741405681, 0.00162555684801, 0.0010426962981, -0.00185214227531, 0.000147905826452], [0.0002263799106, 0.00135151809081, 0.000596525380388, 0.000101256344351, -0.00306778890081, 0.0124195422977, -0.00559956487268, -0.00216114823706, -0.00120426202193, 0.000158376074978, -0.00115918030497, 0.00115601497237, -0.0014617277775], [-0.000150427717017, 3.33474381478e-05, 0.00024009461049, -0.000390356988646, 0.00330369360745, -0.00559956487268, 0.0123372105882, -0.00537440832704, 0.00124644127209, 0.00105545751285, 0.00100500904955, 0.00142391701229, 0.00117629708257], [-0.000135402209708, 7.15584174031e-05, 0.00109049060848, 0.00107068300713, 0.00115887844004, -0.00216114823706, -0.00537440832704, 0.0156168853864, -0.00143308425322, -0.00311260973103, -0.000534796738066, 0.000457723450381, -0.00419015437365], [-0.000234868115513, 0.00281944009475, 0.00105964427348, -0.000962737191003, -0.00138741405681, -0.00120426202193, 0.00124644127209, -0.00143308425322, 0.01300244499, -0.00321142468601, 0.00376595929265, -0.000154660316184, 0.00109590461943], [0.000147950690007, -0.0017055060016, -0.000222290997044, 0.00140864786226, 0.00162555684801, 0.000158376074978, 0.00105545751285, -0.00311260973103, -0.00321142468601, 0.0164695661515, -0.00789959449321, 0.00263103563339, -0.00140695122536], [0.000451547181001, 0.00139836070593, 0.00101734499913, -0.00123270065524, 0.0010426962981, -0.00115918030497, 0.00100500904955, -0.000534796738066, 0.00376595929265, -0.00789959449321, 0.0203739665449, -0.00822422467172, 0.00580616528168], [-0.000185939163202, 0.00027675027377, 0.000575075449888, 0.000171936262632, -0.00185214227531, 0.00115601497237, 0.00142391701229, 0.000457723450381, -0.000154660316184, 0.00263103563339, -0.00822422467172, 0.0206418894231, -0.00863306690007], [0.000528171018232, -0.000326529261656, -0.000946470187046, -0.000863094697706, 0.000147905826452, -0.0014617277775, 0.00117629708257, -0.00419015437365, 0.00109590461943, -0.00140695122536, 0.00580616528168, -0.00863306690007, 0.0155470538884]]
    },
    "spectral_contrast_coeffs": {
        "max": [-0.289449691772, -0.413363397121, -0.474342882633, -0.618174493313, -0.603789389133, -0.688065946102],
        "mean": [-0.657820761204, -0.737143814564, -0.684574902058, -0.747840702534, -0.730272114277, -0.77408862114],
        "min": [-0.927191197872, -0.962377309799, -0.948409736156, -0.946390688419, -0.947231471539, -0.921915233135],
        "stdev": [0.0992337763309, 0.0851079821587, 0.0924921557307, 0.0543939471245, 0.0367621406913, 0.0304255969822]
    },
    "spectral_contrast_valleys": {
        "max": [-5.70261478424, -5.27053451538, -5.68862581253, -6.12559127808, -6.93744897842, -7.5696516037],
        "mean": [-7.30737733841, -6.60105228424, -6.99936342239, -7.27997541428, -7.9858007431, -11.1913852692],
        "min": [-16.9502773285, -17.7095718384, -17.6279296875, -17.9448242188, -16.906621933, -18.3848323822],
        "stdev": [0.776476621628, 0.750134408474, 0.61712282896, 0.570518553257, 0.602854311466, 0.627995252609]
    }
},
"rhythm": {
    "beats_count": 64,
    "beats_loudness": {
        "max": 0.166902929544,
        "mean": 0.0366705395281,
        "min": 0.000796033244114,
        "stdev": 0.0231190994382
    },
    "bpm": 178.205780029,
    "bpm_histogram_first_peak_bpm": 178,
    "bpm_histogram_first_peak_weight": 0,
    "bpm_histogram_second_peak_bpm": 148,
    "bpm_histogram_second_peak_spread": 0.625,
    "bpm_histogram_second_peak_weight": 0.142857149243,
    "danceability": 1.0836981535,
    "onset_rate": 2.04050397873,
    "beats_loudness_band_ratio": {
        "max": [0.7852460742, 0.935211241245, 0.756435990334, 0.882859289646, 0.58564209938, 0.757569849491],
        "mean": [0.0734711140394, 0.151395350695, 0.234344065189, 0.445769786835, 0.111980617046, 0.0254498496652],
        "min": [0.000363133498468, 0.00567391514778, 0.0089160874486, 0.00677706161514, 0.00543783372268, 0.00104903581087],
        "stdev": [0.104247972369, 0.162798777223, 0.186204388738, 0.26243263483, 0.100000217557, 0.0931358784437]
    },
    "beats_position": [0.406349211931, 0.812698423862, 1.23065757751, 1.63700675964, 2.04335594177, 2.43809509277, 2.83283448219, 3.22757363319, 3.61070299149, 3.99383211136, 4.38857126236, 4.73687076569, 5.08516979218, 5.44507932663, 5.80498838425, 6.15328788757, 6.5015873909, 6.84988641739, 7.18657588959, 7.52326536179, 7.87156438828, 8.20825386047, 8.54494285583, 8.87002277374, 9.2067117691, 9.53179073334, 9.86848068237, 10.2051696777, 10.5418596268, 10.8901586533, 11.2268476486, 11.5635375977, 12.0047159195, 12.445895195, 12.9102945328, 13.3746938705, 13.8390922546, 14.2802715302, 14.7330608368, 15.1858501434, 15.6386394501, 16.0914287567, 16.4861679077, 16.8809070587, 17.298866272, 17.7168254852, 18.1231746674, 18.5295238495, 18.9474830627, 19.3538322449, 19.760181427, 20.1665306091, 20.5728797913, 20.9908390045, 21.4087982178, 21.826757431, 22.2563266754, 22.6742858887, 23.1038551331, 23.4985942841, 23.9397735596, 24.3809528351, 24.8105201721, 25.2400894165],
