{
"metadata": {
    "version": {
        "essentia": "2.1-beta5",
        "essentia_git_sha": "Undefined",
        "extractor": "music 2.0"
    },
    "audio_properties": {
        "analysis": {
            "equal_loudness": 0,
            "length": 26.7842178345,
            "sample_rate": 44100,
            "start_time": 162.481628418,
            "downmix": "mix"
        },
        "bit_rate": 192000,
        "length": 189.289077759,
        "lossless": 0,
        "number_channels": 2,
        "replay_gain": -7.24512863159,
        "sample_rate": 48000,
        "codec": "mp3",
        "md5_encoded": "edb0406a2d32a478aa29291292a359f1"
    },
    "tags": {
        "file_name": "Cyprus_Gimme_One.mp3",
        "encoding": ["Lavf58.29.100"]
    }
},
"lowlevel": {
    "average_loudness": 0.97425532341,
    "barkbands_crest": {
        "max": 24.229631424,
        "mean": 8.81514358521,
        "min": 2.17370629311,
        "stdev": 3.600045681
    },
    "barkbands_flatness_db": {
        "max": 0.289538919926,
        "mean": 0.152630746365,
        "min": 0.0774789601564,
        "stdev": 0.0366482138634
    },
    "barkbands_kurtosis": {
        "max": 41.96251297,
        "mean": 1.37659144402,
        "min": -1.76223695278,
        "stdev": 4.22050857544
    },
    "barkbands_skewness": {
        "max": 5.96382570267,
        "mean": 0.769144773483,
        "min": -3.33089780807,
        "stdev": 1.01245617867
    },
    "barkbands_spread": {
        "max": 83.7690124512,
        "mean": 22.6341629028,
        "min": 2.61757850647,
        "stdev": 10.9249019623
    },
    "dissonance": {
        "max": 0.499996095896,
        "mean": 0.473497897387,
        "min": 0.293081134558,
        "stdev": 0.0226185638458
    },
    "dynamic_complexity": 2.2237174511,
    "erbbands_crest": {
        "max": 22.6646633148,
        "mean": 8.90337276459,
        "min": 2.48586654663,
        "stdev": 3.4434261322
    },
    "erbbands_flatness_db": {
        "max": 0.366508156061,
        "mean": 0.202862784266,
        "min": 0.106906436384,
        "stdev": 0.0415306612849
    },
    "erbbands_kurtosis": {
        "max": 14.5813522339,
        "mean": 0.412174552679,
        "min": -1.78713345528,
        "stdev": 1.4644548893
    },
    "erbbands_skewness": {
        "max": 2.35207819939,
        "mean": 0.167566582561,
        "min": -3.65623545647,
        "stdev": 0.778922379017
    },
    "erbbands_spread": {
        "max": 92.8949508667,
        "mean": 29.7319431305,
        "min": 5.00141382217,
        "stdev": 13.0704097748
    },
    "hfc": {
        "max": 221.830871582,
        "mean": 25.2576465607,
        "min": 0.193468332291,
        "stdev": 19.4413528442
    },
    "loudness_ebu128": {
        "integrated": -16.473323822,
        "loudness_range": 2.2432012558,
        "momentary": {
            "max": -13.9312038422,
            "mean": -16.7215118408,
            "min": -22.5379714966,
            "stdev": 1.56061887741
        },
        "short_term": {
            "max": -15.2732925415,
            "mean": -16.5069580078,
            "min": -18.2329940796,
            "stdev": 0.76030766964
        }
    },
    "melbands_crest": {
        "max": 29.5760993958,
        "mean": 11.6125469208,
        "min": 4.0410323143,
        "stdev": 4.61873292923
    },
    "melbands_flatness_db": {
        "max": 0.336292535067,
        "mean": 0.154474541545,
        "min": 0.0493004061282,
        "stdev": 0.051175609231
    },
    "melbands_kurtosis": {
        "max": 87.0691757202,
        "mean": 5.12413597107,
        "min": -1.75145542622,
        "stdev": 9.13580703735
    },
    "melbands_skewness": {
        "max": 8.24785995483,
        "mean": 1.55324661732,
        "min": -1.34133148193,
        "stdev": 1.24179065228
    },
    "melbands_spread": {
        "max": 241.985794067,
        "mean": 32.8485641479,
        "min": 2.33909487724,
        "stdev": 19.0383739471
    },
    "pitch_salience": {
        "max": 0.885773718357,
        "mean": 0.623873770237,
        "min": 0.1313713938,
        "stdev": 0.123927690089
    },
    "silence_rate_20dB": {
        "max": 1,
        "mean": 1,
        "min": 1,
        "stdev": 0
    },
    "silence_rate_30dB": {
        "max": 1,
        "mean": 1,
        "min": 1,
        "stdev": 0
    },
    "silence_rate_60dB": {
        "max": 1,
        "mean": 0.0294372290373,
        "min": 0,
        "stdev": 0.169028773904
    },
    "spectral_centroid": {
        "max": 4890.66455078,
        "mean": 1720.79821777,
        "min": 344.168579102,
        "stdev": 632.229003906
    },
    "spectral_complexity": {
        "max": 46,
        "mean": 22.8294372559,
        "min": 0,
        "stdev": 8.38722610474
    },
    "spectral_decrease": {
        "max": -1.28238097225e-11,
        "mean": -5.31871036102e-09,
        "min": -1.91340969735e-08,
        "stdev": 3.14181636263e-09
    },
    "spectral_energy": {
        "max": 0.0767808556557,
        "mean": 0.0223650187254,
        "min": 6.59479555907e-05,
        "stdev": 0.0128612369299
    },
    "spectral_energyband_high": {
        "max": 0.0287665054202,
        "mean": 0.00083877594443,
        "min": 1.41179598359e-05,
        "stdev": 0.00189461035188
    },
    "spectral_energyband_low": {
        "max": 0.0438620373607,
        "mean": 0.00342361209914,
        "min": 6.89696548761e-07,
        "stdev": 0.00547379860654
    },
    "spectral_energyband_middle_high": {
        "max": 0.0495425574481,
        "mean": 0.00878994818777,
        "min": 4.75082451885e-05,
        "stdev": 0.00702511100098
    },
    "spectral_energyband_middle_low": {
        "max": 0.0678150132298,
        "mean": 0.00991003308445,
        "min": 4.05011951443e-06,
        "stdev": 0.00940951798111
    },
    "spectral_entropy": {
        "max": 8.6561832428,
        "mean": 7.67032670975,
        "min": 6.67862844467,
        "stdev": 0.282782763243
    },
    "spectral_flux": {
        "max": 0.220866769552,
        "mean": 0.0975073128939,
        "min": 0.0207672417164,
        "stdev": 0.0374195426702
    },
    "spectral_kurtosis": {
        "max": 20.0279560089,
        "mean": 3.84117913246,
        "min": -0.587646961212,
        "stdev": 2.38517951965
    },
    "spectral_rms": {
        "max": 0.00865494925529,
        "mean": 0.00443955464289,
        "min": 0.000253652251558,
        "stdev": 0.0014525471488
    },
    "spectral_rolloff": {
        "max": 8441.015625,
        "mean": 2001.74853516,
        "min": 107.666015625,
        "stdev": 1073.75634766
    },
    "spectral_skewness": {
        "max": 2.93590402603,
        "mean": 1.3217561245,
        "min": -0.777060449123,
        "stdev": 0.36689299345
    },
    "spectral_spread": {
        "max": 8242233,
        "mean": 3635885.25,
        "min": 1610505.125,
        "stdev": 975389.75
    },
    "spectral_strongpeak": {
        "max": 9.77403736115,
        "mean": 1.36389029026,
        "min": 0.0274744909257,
        "stdev": 1.47083234787
    },
    "zerocrossingrate": {
        "max": 0.2333984375,
        "mean": 0.0716932192445,
        "min": 0.01171875,
        "stdev": 0.0281211026013
    },
    "barkbands": {
        "max": [0.000456760608358, 0.0298796966672, 0.0302888713777, 0.0186247881502, 0.0479172840714, 0.0502679012716, 0.0273164752871, 0.0240747183561, 0.039232686162, 0.0147903561592, 0.0191801134497, 0.014004885219, 0.0157842878252, 0.0151444682851, 0.0177470184863, 0.0172888822854, 0.0324337594211, 0.00836312491447, 0.0105469981208, 0.00273903086782, 0.0120683182031, 0.0120846899226, 0.00885676126927, 0.0134583925828, 0.00188604870345, 1.34862295909e-06, 1.48726428506e-06],
        "mean": [2.0698620574e-05, 0.00139452202711, 0.00156654219609, 0.000947586493567, 0.00259543466382, 0.00215910328552, 0.000751151761506, 0.00122899573762, 0.00193557387684, 0.000994303962216, 0.00135852524545, 0.000732816406526, 0.000840184511617, 0.00101684301626, 0.000871296564583, 0.000786029442679, 0.000674502865877, 0.000750880979467, 0.000766559503973, 0.000236640218645, 0.00022447790252, 0.000202083218028, 0.000169117687619, 0.000102275029349, 3.88112530345e-05, 4.91298060012e-08, 2.03375249974e-09],
        "min": [9.24909426825e-10, 2.62840671894e-07, 2.23434412305e-07, 2.35710075458e-07, 5.19727905157e-07, 7.96011192961e-07, 9.84832922768e-07, 7.87951705661e-07, 3.60678257039e-07, 1.72811019183e-06, 7.17303350939e-07, 8.22168885861e-07, 7.79315200816e-07, 1.87344357983e-06, 1.09021175376e-05, 1.67799282735e-06, 5.55651604373e-06, 4.09702897741e-06, 6.43294697511e-06, 3.23758922605e-06, 2.60273031927e-06, 2.88002979687e-06, 1.51158872086e-06, 3.34596386153e-08, 8.63627214187e-09, 3.94878019172e-11, 2.85470033029e-11],
        "stdev": [4.30415857409e-05, 0.00297309574671, 0.00337408459745, 0.0019239221001, 0.00473579950631, 0.00396955758333, 0.00220976187848, 0.00249774684198, 0.0030748215504, 0.00174223317299, 0.00266521284357, 0.00130036566406, 0.00143155525438, 0.00152495666407, 0.00163215026259, 0.0017011531163, 0.00129119702615, 0.000909911759663, 0.00091617135331, 0.000329508504365, 0.000700944161508, 0.000685203762259, 0.000402853591368, 0.000421976408688, 8.13058068161e-05, 1.05926375227e-07, 4.37386376007e-08]
    },
    "erbbands": {
        "max": [0.376356035471, 8.59321117401, 28.4947509766, 35.565246582, 77.1377410889, 239.468780518, 398.539459229, 393.358673096, 302.863800049, 458.462371826, 601.330200195, 696.592407227, 721.586425781, 543.123168945, 762.152648926, 635.336853027, 881.489807129, 873.403503418, 898.029602051, 1134.7565918, 769.97265625, 1840.85217285, 472.933135986, 644.573181152, 377.336578369, 121.462844849, 373.318023682, 706.764038086, 521.936950684, 302.751953125, 265.802612305, 412.112548828, 111.208892822, 29.9476261139, 8.52533054352, 0.318866461515, 0.0128076858819, 0.0014998576371, 0.00035433107405, 0.000167044316186],
        "mean": [0.0218346305192, 0.391014873981, 1.68001592159, 2.60169196129, 5.08417129517, 9.01170158386, 17.7490215302, 15.4564313889, 10.8460969925, 15.1366682053, 34.8469390869, 43.6995162964, 32.3650856018, 46.0617980957, 41.8932342529, 30.5312404633, 40.2382698059, 50.2374000549, 45.4856910706, 50.8096313477, 38.5379333496, 39.3915100098, 41.2488822937, 42.4417724609, 30.0623378754, 11.13971138, 10.0899591446, 7.8025431633, 7.4973359108, 6.27635765076, 4.47739315033, 2.91067409515, 1.29523098469, 0.562005221844, 0.209856465459, 0.0120372874662, 0.000364513223758, 3.55081574526e-05, 1.88012891158e-05, 2.92226413876e-05],
        "min": [5.37631376574e-06, 5.56122686248e-05, 0.000221658599912, 0.000587473681662, 0.00108625972643, 0.00182334682904, 0.00370548572391, 0.00746072735637, 0.0126369586214, 0.0166014265269, 0.0151704512537, 0.00865968689322, 0.0365582332015, 0.04479739815, 0.0397460535169, 0.0295316856354, 0.0365136563778, 0.0635339841247, 0.691730201244, 0.470853984356, 0.158032655716, 0.296920418739, 0.281959027052, 0.351457506418, 0.306096076965, 0.148714825511, 0.144961610436, 0.114186070859, 0.0875502005219, 0.0947867780924, 0.0302538312972, 0.00353845744394, 0.000334553362336, 8.98510770639e-05, 8.2586579083e-05, 1.25864580696e-05, 3.74833234673e-06, 6.00450164256e-07, 1.82375771374e-07, 1.20932142522e-07],
        "stdev": [0.0484305918217, 0.811575591564, 3.27038645744, 4.68416786194, 9.47159957886, 20.0126667023, 36.3724899292, 30.9540042877, 26.5667896271, 36.3810653687, 60.0666770935, 69.7667388916, 60.709980011, 76.289680481, 67.4101867676, 47.0983467102, 69.5339736938, 79.4788665771, 72.2214736938, 112.747070312, 68.9361343384, 73.2071609497, 47.9523010254, 52.5866279602, 37.8237609863, 14.5682106018, 22.1907119751, 32.6588172913, 28.3626861572, 17.1209259033, 11.0016012192, 12.8359470367, 3.77971386909, 1.21709609032, 0.424556583166, 0.0225712601095, 0.000674219452776, 6.73041649861e-05, 1.70361508935e-05, 1.70264829649e-05]
    },
    "gfcc": {
        "mean": [-9.65779209137, 103.371025085, -170.410598755, 44.5131759644, -73.0653305054, 18.2339000702, -40.2738113403, 5.18311595917, -17.4877109528, -18.2125244141, -4.51344966888, -16.6714954376, -1.1496847868],
        "cov": [[2452.76977539, -529.583435059, 441.115814209, 403.294616699, 45.8621444702, 288.238128662, -270.161987305, 179.471359253, -109.658950806, 165.203186035, 71.9534912109, 34.9805145264, -96.9907455444], [-529.583435059, 1080.97009277, 196.242706299, -138.806228638, 154.796051025, -306.916046143, 79.2292022705, -186.473831177, -18.7203502655, -128.519943237, 96.0785140991, -99.2147827148, 16.9599590302], [441.115814209, 196.242706299, 666.691894531, 274.365081787, 42.1132316589, 97.8141937256, -169.747085571, -17.5736961365, -74.0356063843, 82.5595092773, 34.317905426, 30.5912780762, 33.5403213501], [403.294616699, -138.806228638, 274.365081787, 386.344146729, 94.1130599976, 42.2527427673, -125.191131592, 25.2572937012, 43.9891281128, 83.6256561279, -2.78359436989, 43.0369949341, 61.5311088562], [45.8621444702, 154.796051025, 42.1132316589, 94.1130599976, 188.32194519, 20.9274940491, 2.80084824562, 29.8229351044, 25.9117717743, -20.4601650238, 25.9726810455, -16.6239929199, 12.4867296219], [288.238128662, -306.916046143, 97.8141937256, 42.2527427673, 20.9274940491, 458.095001221, 105.97719574, 131.212921143, -52.7733078003, 31.4607715607, -0.767460525036, 24.4222679138, -63.2700996399], [-270.161987305, 79.2292022705, -169.747085571, -125.191131592, 2.80084824562, 105.97719574, 292.610626221, 15.3217935562, 10.1158380508, -44.5086174011, 22.3790016174, -20.613576889, -51.3104362488], [179.471359253, -186.473831177, -17.5736961365, 25.2572937012, 29.8229351044, 131.212921143, 15.3217935562, 162.044403076, 47.1966705322, 49.6890525818, 1.00812101364, 2.87702846527, -17.7910804749], [-109.658950806, -18.7203502655, -74.0356063843, 43.9891281128, 25.9117717743, -52.7733078003, 10.1158380508, 47.1966705322, 170.987991333, 56.8600311279, -9.064412117, -5.51999616623, 30.731470108], [165.203186035, -128.519943237, 82.5595092773, 83.6256561279, -20.4601650238, 31.4607715607, -44.5086174011, 49.6890525818, 56.8600311279, 130.680908203, 20.8978557587, 21.5218315125, 11.5188970566], [71.9534912109, 96.0785140991, 34.317905426, -2.78359436989, 25.9726810455, -0.767460525036, 22.3790016174, 1.00812101364, -9.064412117, 20.8978557587, 94.7517852783, 25.7132949829, -6.66001749039], [34.9805145264, -99.2147827148, 30.5912780762, 43.0369949341, -16.6239929199, 24.4222679138, -20.613576889, 2.87702846527, -5.51999616623, 21.5218315125, 25.7132949829, 84.4723892212, 41.4138755798], [-96.9907455444, 16.9599590302, 33.5403213501, 61.5311088562, 12.4867296219, -63.2700996399, -51.3104362488, -17.7910804749, 30.731470108, 11.5188970566, -6.66001749039, 41.4138755798, 108.979736328]],
        "icov": [[0.000806525698863, 0.000484764314024, -0.00032430831925, -0.000535121769644, -6.78702417645e-05, 8.26421164675e-05, 0.000464463635581, -0.000490119040478, 0.000502994691487, 0.00010794911941, -0.00121048500296, 0.000732681306545, 0.000733072753064], [0.000484764314024, 0.00905578117818, -0.0078891357407, 0.00679730763659, -0.00772166252136, 0.00542759755626, -0.00435773283243, 0.00455041928217, -0.00326341972686, 0.00471610017121, -0.00689307739958, 0.00742177851498, -0.00248059234582], [-0.00032430831925, -0.0078891357407, 0.00997565779835, -0.00786126870662, 0.00704137003049, -0.00581396510825, 0.00509005226195, -0.00298634869978, 0.0045056855306, -0.00523461448029, 0.00418961280957, -0.00462901359424, 0.00133215426467], [-0.000535121769644, 0.00679730763659, -0.00786126870662, 0.0122236153111, -0.00976420287043, 0.00411160243675, -0.00330667966045, 0.00506839668378, -0.00439567258582, 0.000970464141574, -0.00123250542674, 0.00201937486418, -0.00294558773749], [-6.78702417645e-05, -0.00772166252136, 0.00704137003049, -0.00976420287043, 0.016602743417, -0.00564483972266, 0.00438907044008, -0.00632978091016, 0.00124621251598, 0.00181299983524, -0.000636697630398, -0.000613111595158, -8.20493187348e-06], [8.26421164675e-05, 0.00542759755626, -0.00581396510825, 0.00411160243675, -0.00564483972266, 0.00837608799338, -0.00542418193072, -0.000883064698428, 0.000386761967093, 0.00161012960598, -0.00098809809424, 0.0010667659808, 0.000763406336773], [0.000464463635581, -0.00435773283243, 0.00509005226195, -0.00330667966045, 0.00438907044008, -0.00542418193072, 0.0088413702324, -0.00131838186644, -3.68825967598e-05, -0.000289430929115, -0.00048547500046, -0.00178027537186, 0.00237534963526], [-0.000490119040478, 0.00455041928217, -0.00298634869978, 0.00506839668378, -0.00632978091016, -0.000883064698428, -0.00131838186644, 0.0144485784695, -0.00521769979969, -0.000785555981565, -0.0024246359244, 0.00332743301988, -0.000994596397504], [0.000502994691487, -0.00326341972686, 0.0045056855306, -0.00439567258582, 0.00124621251598, 0.000386761967093, -3.68825967598e-05, -0.00521769979969, 0.0132981948555, -0.00799993984401, 0.00412319228053, -0.000980881392024, -0.00101642613299], [0.00010794911941, 0.00471610017121, -0.00523461448029, 0.000970464141574, 0.00181299983524, 0.00161012960598, -0.000289430929115, -0.000785555981565, -0.00799993984401, 0.0192895587534, -0.00981299113482, 0.00497139617801, -0.00138405547477], [-0.00121048500296, -0.00689307739958, 0.00418961280957, -0.00123250542674, -0.000636697630398, -0.00098809809424, -0.00048547500046, -0.0024246359244, 0.00412319228053, -0.00981299113482, 0.0244620740414, -0.0158079788089, 0.00565347168595], [0.000732681306545, 0.00742177851498, -0.00462901359424, 0.00201937486418, -0.000613111595158, 0.0010667659808, -0.00178027537186, 0.00332743301988, -0.000980881392024, 0.00497139617801, -0.0158079788089, 0.0293883066624, -0.0122067611665], [0.000733072753064, -0.00248059234582, 0.00133215426467, -0.00294558773749, -8.20493187348e-06, 0.000763406336773, 0.00237534963526, -0.000994596397504, -0.00101642613299, -0.00138405547477, 0.00565347168595, -0.0122067611665, 0.0182849187404]]
    },
    "melbands": {
        "max": [0.00569818727672, 0.0118186762556, 0.00717950426042, 0.00934440456331, 0.0108508653939, 0.00803975202143, 0.00535058462992, 0.00466715870425, 0.00587839819491, 0.00565055105835, 0.00360224139877, 0.00225661392324, 0.00301150395535, 0.00163550383877, 0.00162748422008, 0.00160344992764, 0.00167457025964, 0.00165989936795, 0.0013890475966, 0.00130941905081, 0.00108748686034, 0.00231931172311, 0.000568557181396, 0.000410540873418, 0.00053532369202, 0.000447116646683, 0.000166052777786, 7.78483081376e-05, 0.000176376182935, 0.000318108708598, 0.000453085289337, 0.000311766576488, 0.000247084477451, 0.000148312639794, 0.000149219136802, 0.000185331256944, 0.000276848266367, 8.06733005447e-05, 3.15598881571e-05, 2.23033130169e-05],
        "mean": [0.000297327002045, 0.000754009350203, 0.00052405759925, 0.000502122507896, 0.000582868873607, 0.000357583921868, 0.000162617463502, 0.000183035212103, 0.000313434924465, 0.00026431932929, 0.000155373913003, 0.000180374001502, 0.00016853363195, 8.31846700748e-05, 9.06626446522e-05, 7.89039622759e-05, 9.64079954429e-05, 7.31111795176e-05, 6.71031521051e-05, 5.91906427871e-05, 4.30717045674e-05, 3.97703624913e-05, 3.84639861295e-05, 3.54080511897e-05, 3.46781162079e-05, 2.80125150312e-05, 1.26076893139e-05, 5.98373208049e-06, 6.58079807181e-06, 5.02777766087e-06, 4.35854144598e-06, 4.3322656893e-06, 3.73094144379e-06, 3.39248026648e-06, 2.64005166173e-06, 2.18727086576e-06, 1.58250270488e-06, 9.68232598098e-07, 5.94376444951e-07, 4.35170704804e-07],
        "min": [7.94702401663e-08, 1.04021168568e-07, 1.14975456711e-07, 1.02375970812e-07, 1.21585841839e-07, 1.67864698142e-07, 1.97005121549e-07, 1.83978400514e-07, 1.10253289165e-07, 5.09524724635e-08, 1.94410006316e-07, 1.95534795466e-07, 1.13823432457e-07, 9.26618000108e-08, 1.08785435771e-07, 5.53998482644e-08, 9.1421007653e-08, 9.00732345599e-07, 1.17163176583e-06, 1.76376715899e-07, 1.82336719945e-07, 3.20799671272e-07, 2.83216735397e-07, 1.96328173274e-07, 3.12529891744e-07, 1.71321531184e-07, 1.25690505115e-07, 6.77865230614e-08, 6.90731951636e-08, 4.65573464226e-08, 4.33207674178e-08, 3.78665454548e-08, 4.63687754859e-08, 3.82623923656e-08, 1.22977654726e-08, 6.34055830062e-09, 5.50167245095e-10, 1.47285753038e-10, 9.42247738167e-11, 5.85457168856e-11],
        "stdev": [0.000635118456557, 0.00135806447361, 0.000861030188389, 0.000950260553509, 0.00112067814916, 0.000674738665111, 0.000420031952672, 0.000417826755438, 0.000512533937581, 0.000444538251031, 0.000308023503749, 0.000298243627185, 0.000310865230858, 0.000152887485456, 0.000141266151331, 0.000144312114571, 0.000161079704412, 0.000120659380627, 0.00012334845087, 0.00014549473417, 8.03521688795e-05, 8.68693023222e-05, 4.88019977638e-05, 4.42383134214e-05, 4.46762569482e-05, 3.67772809113e-05, 1.82929052244e-05, 8.64461344463e-06, 1.35907803269e-05, 1.61124353326e-05, 2.01948842005e-05, 1.69473532878e-05, 1.17401077659e-05, 8.93330616236e-06, 6.4699502218e-06, 6.31108332527e-06, 8.4977637016e-06, 2.7632149795e-06, 1.38378948122e-06, 9.34674346809e-07]
    },
    "melbands128": {
        "max": [0.000185140786925, 0.00224851118401, 0.00806372612715, 0.0188115872443, 0.0164440497756, 0.0159050058573, 0.00834737718105, 0.0101973246783, 0.00859372131526, 0.0130039611831, 0.0184513702989, 0.0193998906761, 0.0184241607785, 0.0208423230797, 0.0137670021504, 0.00731221260503, 0.00636181747541, 0.00876271910965, 0.0100078219548, 0.00665605813265, 0.00844221841544, 0.00916012190282, 0.00712127331644, 0.0113448509946, 0.00591790908948, 0.0105119021609, 0.0092932889238, 0.00458409590647, 0.00326919439249, 0.00311109982431, 0.00397863565013, 0.00563131924719, 0.00589578179643, 0.00211490131915, 0.00358397769742, 0.00253883586265, 0.00354121159762, 0.00168882240541, 0.00174242712092, 0.00476816808805, 0.0020563446451, 0.00363100366667, 0.00367822009139, 0.00169616984203, 0.00136316625867, 0.00369336293079, 0.00305578438565, 0.00165453751106, 0.00365161476657, 0.00300617143512, 0.00191977014765, 0.00335061945952, 0.00134147936478, 0.00180806301069, 0.00212788186036, 0.00321598001756, 0.00160859106109, 0.000652940769214, 0.000846380135044, 0.00112618401181, 0.000681248493493, 0.00085778394714, 0.0010274577653, 0.000460018753074, 0.00084862834774, 0.000777092878707, 0.000778647430707, 0.000372956128558, 0.000313246186124, 0.000183329670108, 0.000114744681923, 0.000129725231091, 0.000146996273543, 0.00028601748636, 0.000317551748594, 0.000357852055458, 0.00035591449705, 0.000810158497188, 0.000456225505332, 0.000308714312268, 0.000319785729516, 0.00056468200637, 0.000244305527303, 0.000263238325715, 0.000201443035621, 0.000176633024239, 0.000154746172484, 0.000111773399112, 0.000203050047276, 0.000146753634908, 0.000125221675262, 0.000195713466383, 0.000292636919767, 0.000415819289628, 0.000141947821248, 0.00010276028479, 8.26069008326e-05, 3.04540008074e-05, 3.25376240653e-05, 3.18096899719e-05, 1.63398453878e-05, 2.2680424081e-05, 2.76077062153e-05, 1.79526541615e-05, 6.57456939734e-06, 5.14295152243e-06, 1.23721133605e-06, 5.92801292498e-08, 8.54407478101e-09, 8.49754133725e-09, 8.3170581533e-09, 8.11302314219e-09, 7.90861331978e-09, 7.68670993523e-09, 7.4789676674e-09, 7.27231608266e-09, 7.08007785732e-09, 6.89808388188e-09, 6.72828681658e-09, 6.5758163359e-09, 6.42720987543e-09, 6.30110363886e-09, 6.17679551951e-09, 6.10109340826e-09, 6.01913585641e-09, 5.94483573479e-09, 5.8994928942e-09, 5.86775650291e-09],
        "mean": [9.59270892054e-06, 9.80200493359e-05, 0.000398107280489, 0.000711966480594, 0.000881994550582, 0.000728332437575, 0.000504799245391, 0.000485839525936, 0.000506497337483, 0.000508705328684, 0.000481151917484, 0.000541585497558, 0.00066974805668, 0.000574987730943, 0.000359309313353, 0.000247690448305, 0.000175691326149, 0.000144688980072, 0.000149874729686, 0.000146554593812, 0.000210830054129, 0.000262043904513, 0.000319704035064, 0.000385765481042, 0.000304343062453, 0.000215809821384, 0.00016736278485, 0.000151198983076, 0.000147349506733, 0.000124615573441, 0.000195727872779, 0.000283204106381, 0.000166629586602, 9.31864560698e-05, 9.7370641015e-05, 7.66169105191e-05, 6.41996884951e-05, 9.49815730564e-05, 0.0001030186977, 9.58221135079e-05, 5.90486379224e-05, 7.44049975765e-05, 0.000113570305984, 9.99725234578e-05, 7.6990116213e-05, 6.80585799273e-05, 6.96517527103e-05, 5.68751638639e-05, 6.61997910356e-05, 9.14766642381e-05, 5.02589173266e-05, 3.93855698348e-05, 4.66915444122e-05, 4.33515961049e-05, 3.70031302737e-05, 3.83576334571e-05, 4.47633319709e-05, 3.71796086256e-05, 3.61102320312e-05, 4.12709159718e-05, 3.27674970322e-05, 3.40567312378e-05, 3.60341618943e-05, 3.39956823154e-05, 3.37116434821e-05, 3.12966949423e-05, 2.33500340983e-05, 1.5296469428e-05, 1.09918437374e-05, 7.0920723374e-06, 5.28550208401e-06, 5.8892242123e-06, 5.94677931076e-06, 7.57196767154e-06, 6.18386638962e-06, 5.02299872096e-06, 4.44971965408e-06, 4.44710212832e-06, 4.39346422354e-06, 4.28997282143e-06, 4.16449029217e-06, 4.742026249e-06, 3.86868759961e-06, 3.56130135515e-06, 3.60652438758e-06, 3.64035804523e-06, 3.39709094987e-06, 2.77439721685e-06, 2.693626584e-06, 2.47255752583e-06, 2.17394267565e-06, 2.19000821744e-06, 2.00392469196e-06, 1.79418123025e-06, 1.10661449071e-06, 1.08107167307e-06, 1.00341594589e-06, 7.15620672054e-07, 6.21167316694e-07, 5.07650270265e-07, 4.45754864131e-07, 4.38738766206e-07, 4.10682417851e-07, 3.24891374248e-07, 2.47243633567e-07, 1.87545424524e-07, 4.88738471915e-08, 2.33610553124e-09, 1.35160103595e-11, 1.2203581895e-11, 1.1821251443e-11, 1.14868349207e-11, 1.11841178679e-11, 1.08411968638e-11, 1.0643185118e-11, 1.01732320484e-11, 9.76345740367e-12, 9.49858247612e-12, 9.26361071185e-12, 9.01704579059e-12, 8.79281456673e-12, 8.61696825005e-12, 8.45247222908e-12, 8.31964705461e-12, 8.16189563851e-12, 7.9827880417e-12, 7.87643214539e-12, 7.82725446957e-12],
        "min": [3.73027581047e-10, 4.86252460519e-09, 5.84073767129e-08, 5.89625592795e-08, 1.02983847228e-07, 1.1380577547e-07, 1.00761951671e-07, 1.16581098553e-07, 1.07810691929e-07, 9.95473072862e-08, 9.88001005453e-08, 1.07360925483e-07, 1.23156127074e-07, 1.44217480624e-07, 1.64064317687e-07, 4.52655406491e-08, 1.9626492076e-07, 1.1711152581e-07, 1.95808951275e-07, 1.04383957478e-07, 1.82196103538e-07, 1.61765157713e-07, 1.05393255012e-07, 5.43382192575e-08, 4.16822771854e-08, 4.2582790627e-08, 8.2020079617e-08, 2.01687782919e-07, 3.03267512436e-07, 2.71375768079e-07, 1.48696585711e-07, 6.08510575262e-08, 8.70302088174e-08, 1.77351637376e-07, 1.50930020482e-07, 3.46706201526e-08, 4.34026432572e-08, 1.42214332755e-07, 1.38124761406e-07, 5.57287016534e-08, 2.7426246163e-08, 6.41603890017e-08, 5.21408622944e-08, 8.56650643755e-08, 3.02722355627e-07, 6.21740696261e-07, 3.47510422216e-07, 7.5395547583e-07, 6.92411049386e-07, 9.7823409817e-08, 1.18207225341e-07, 1.95311613993e-07, 1.1690617896e-07, 1.27111860593e-07, 3.32762255084e-07, 2.38543947262e-07, 2.70357361387e-07, 2.71510486982e-07, 2.55498690649e-07, 2.07850177958e-07, 2.19480469354e-07, 7.22881026149e-08, 2.25912643259e-07, 1.59670918265e-07, 1.52820362587e-07, 9.76156258048e-08, 1.10414035248e-07, 1.15744569484e-07, 1.03266010854e-07, 7.41916679203e-08, 7.48733270939e-08, 3.57228948644e-08, 6.54856506799e-08, 5.83241828167e-08, 5.93196887166e-08, 4.63512321858e-08, 4.5561115769e-08, 3.26101492476e-08, 3.22896198668e-08, 3.51608413496e-08, 3.24246762773e-08, 3.13454613377e-08, 1.79911765485e-08, 3.13532417806e-08, 3.45901511878e-08, 1.98348093505e-08, 2.79849832197e-08, 1.43378278139e-08, 7.06583724863e-09, 1.09770406098e-08, 1.27850245946e-08, 2.20287654784e-09, 9.42831812623e-10, 5.75385572521e-10, 2.27263832753e-10, 1.08697745249e-10, 1.27631322178e-10, 2.2773165298e-10, 7.66861574242e-11, 4.61888444159e-11, 5.03564620558e-11, 5.7727610886e-11, 6.84872783485e-11, 1.02217741216e-10, 1.16343948364e-10, 1.22361440424e-10, 2.2444926126e-11, 3.25427266515e-13, 1.29542562658e-13, 1.04490451935e-13, 8.36345085526e-14, 9.62173049568e-14, 1.08836381476e-13, 1.08523602702e-13, 6.69640937753e-14, 9.64238657994e-14, 1.03101920989e-13, 8.67487708728e-14, 1.06322645187e-13, 1.00796656449e-13, 7.96535417919e-14, 9.96787423652e-14, 8.36788863028e-14, 9.61793578808e-14, 6.16760128754e-14, 2.83658272787e-14, 4.02270515618e-15, 2.86708370668e-16],
        "stdev": [1.79614144145e-05, 0.000250651821261, 0.000982248224318, 0.00160884356592, 0.0017448423896, 0.00167442508973, 0.00101737014484, 0.00104903161991, 0.00105745892506, 0.00118826678954, 0.00138665456325, 0.00137953704689, 0.00163516961038, 0.00128498685081, 0.000912642572075, 0.000696406234056, 0.000492642691825, 0.000535652798135, 0.000703429221176, 0.000440827949205, 0.000590325915255, 0.000686268613208, 0.000678316398989, 0.000754992477596, 0.000594584271312, 0.000622139545158, 0.000452149455668, 0.000384227110771, 0.000317573401844, 0.000262206362095, 0.000432791712228, 0.000712059030775, 0.000426754617365, 0.000202125578653, 0.000250863522524, 0.000190352540812, 0.000168556522112, 0.000180196584552, 0.000202695955522, 0.000275629485259, 0.000153650253196, 0.000196841647266, 0.000281580694718, 0.000202610113774, 0.000149061481352, 0.000195352418814, 0.000215470179683, 0.000135220601805, 0.000191667073523, 0.000339639518643, 0.000142960023368, 0.000145555502968, 0.000115504903079, 9.79611431831e-05, 9.8979442555e-05, 0.000117484021757, 9.26109423744e-05, 6.37122575426e-05, 6.63216269459e-05, 7.36685615266e-05, 5.33192651346e-05, 6.55786207062e-05, 6.45521722618e-05, 5.10817626491e-05, 5.75351405132e-05, 5.5472166423e-05, 4.53440734418e-05, 2.84785728581e-05, 2.19122812268e-05, 1.42728558785e-05, 9.31915656111e-06, 1.05343815449e-05, 1.2320316273e-05, 2.10495982174e-05, 1.60900017363e-05, 1.64755820151e-05, 1.73790140252e-05, 2.80351687252e-05, 2.1468174964e-05, 1.85155440704e-05, 1.48822164192e-05, 2.53141934081e-05, 1.2878893358e-05, 1.10619912448e-05, 1.12174120659e-05, 1.08130561784e-05, 8.86465568328e-06, 6.31882630842e-06, 7.77730747359e-06, 6.52411063129e-06, 4.91031323691e-06, 6.59634633848e-06, 9.09946265892e-06, 1.25649803522e-05, 4.72108831673e-06, 3.44492445947e-06, 2.8622098398e-06, 1.53839050654e-06, 1.51613471644e-06, 1.39887254136e-06, 8.37306401991e-07, 9.97672259473e-07, 1.07204903088e-06, 7.95193841441e-07, 4.78324693631e-07, 3.66337900459e-07, 9.91007667039e-08, 4.91031482142e-09, 2.51429016496e-10, 2.49913229e-10, 2.44603309829e-10, 2.38600084135e-10, 2.3258971138e-10, 2.26064320041e-10, 2.199659066e-10, 2.13874182253e-10, 2.08217568187e-10, 2.0286590463e-10, 1.97871760643e-10, 1.93386695546e-10, 1.89016399754e-10, 1.85307519329e-10, 1.81651305109e-10, 1.79425252433e-10, 1.77015929692e-10, 1.74833300615e-10, 1.73501060741e-10, 1.72567432566e-10]
    },
    "mfcc": {
        "mean": [-624.251708984, 108.20085907, -27.7914676666, 15.6431112289, -2.40570306778, 0.75523686409, -4.38782405853, 10.7293634415, -7.622838974, 3.3415825367, -1.91165602207, -6.85867977142, -8.79944705963],
        "cov": [[2274.2019043, -714.522583008, 328.00012207, 82.4597930908, 332.028015137, 32.9166145325, 85.0638198853, 0.601956963539, -95.8489685059, 91.2779998779, 100.508323669, 9.76969718933, 18.0150642395], [-714.522583008, 1171.39086914, -26.144733429, 97.2587051392, -72.6500320435, -100.225662231, 36.0891876221, -71.3209075928, -112.456169128, -70.3500976562, -44.8282928467, -23.0026454926, -5.90306425095], [328.00012207, -26.144733429, 624.437316895, 121.003219604, 209.548721313, 104.578681946, 53.514541626, -79.8931045532, -31.3270053864, -32.441116333, -20.4105682373, 35.1472053528, 34.9274787903], [82.4597930908, 97.2587051392, 121.003219604, 386.308959961, 149.43397522, -29.9418354034, -118.941398621, -116.890609741, -2.12740659714, -10.2686376572, -76.7565002441, -0.76511234045, 57.194519043], [332.028015137, -72.6500320435, 209.548721313, 149.43397522, 366.115264893, 10.2875833511, -17.6040802002, -29.7364234924, 12.3409461975, 24.3002681732, -26.4216136932, 1.841843009, 18.0642318726], [32.9166145325, -100.225662231, 104.578681946, -29.9418354034, 10.2875833511, 180.481796265, 101.543190002, 65.5871505737, 21.009475708, 12.8188056946, 30.7683639526, 8.9159154892, -1.53165113926], [85.0638198853, 36.0891876221, 53.514541626, -118.941398621, -17.6040802002, 101.543190002, 250.805709839, 117.278594971, -34.3697395325, 8.53700828552, 62.3124923706, 3.08753538132, -33.1849899292], [0.601956963539, -71.3209075928, -79.8931045532, -116.890609741, -29.7364234924, 65.5871505737, 117.278594971, 169.19984436, 29.869884491, 24.3728752136, 57.3936653137, 0.450476944447, -27.0686817169], [-95.8489685059, -112.456169128, -31.3270053864, -2.12740659714, 12.3409461975, 21.009475708, -34.3697395325, 29.869884491, 150.215057373, 53.3815231323, -5.11198186874, 26.3073234558, 8.83770179749], [91.2779998779, -70.3500976562, -32.441116333, -10.2686376572, 24.3002681732, 12.8188056946, 8.53700828552, 24.3728752136, 53.3815231323, 110.799201965, 57.0499420166, 21.0184116364, 7.18299484253], [100.508323669, -44.8282928467, -20.4105682373, -76.7565002441, -26.4216136932, 30.7683639526, 62.3124923706, 57.3936653137, -5.11198186874, 57.0499420166, 131.093521118, 34.1545181274, -9.52818107605], [9.76969718933, -23.0026454926, 35.1472053528, -0.76511234045, 1.841843009, 8.9159154892, 3.08753538132, 0.450476944447, 26.3073234558, 21.0184116364, 34.1545181274, 80.0681838989, 27.4289875031], [18.0150642395, -5.90306425095, 34.9274787903, 57.194519043, 18.0642318726, -1.53165113926, -33.1849899292, -27.0686817169, 8.83770179749, 7.18299484253, -9.52818107605, 27.4289875031, 70.489906311]],
        "icov": [[0.000830329430755, 0.000599121442065, -0.000282373948721, -0.000239300119574, -0.000423015095294, 0.000570214819163, -0.00045558725833, 1.59573687597e-07, 0.000959689437877, -0.000658119213767, -0.00035366427619, 0.000198841531528, -0.000100014716736], [0.000599121442065, 0.0015083164908, -0.00014502092381, -0.000649143010378, 1.80382012331e-05, 0.00112073565833, -0.0011403108947, 0.000365601445083, 0.0010436878074, -0.0002348490234, -9.84872240224e-05, 8.01801143098e-05, 4.36153604824e-05], [-0.000282373948721, -0.00014502092381, 0.00315771624446, 8.32998557598e-06, -0.00145654659718, -0.00207015569322, -0.00112456374336, 0.00259409612045, -0.000363557424862, 0.00167534977663, -0.000207142627914, -0.00119370000903, -0.000405001832405], [-0.000239300119574, -0.000649143010378, 8.32998557598e-06, 0.00469902949408, -0.00140282756183, -0.00101999274921, 0.00148270116188, 0.00136197370011, 1.04903529063e-05, -0.000348819128703, 0.00130907678977, 0.00022348749917, -0.00212747743353], [-0.000423015095294, 1.80382012331e-05, -0.00145654659718, -0.00140282756183, 0.00457333540544, 0.000701229262631, 0.000263260735665, -0.00131758465432, -0.000207527817111, -0.00160253292415, 0.00116256461479, 0.000257790321484, 0.000676936586387], [0.000570214819163, 0.00112073565833, -0.00207015569322, -0.00101999274921, 0.000701229262631, 0.0100495452061, -0.00348392850719, -0.00216240552254, -0.00127398117911, -6.4044019382e-05, -0.00107606046367, 0.00146063754801, -0.00117794657126], [-0.00045558725833, -0.0011403108947, -0.00112456374336, 0.00148270116188, 0.000263260735665, -0.00348392850719, 0.00998960901052, -0.00569715956226, 0.00313020893373, -0.00134616112337, 0.000471418723464, -0.0013205454452, 0.00206936290488], [1.59573687597e-07, 0.000365601445083, 0.00259409612045, 0.00136197370011, -0.00131758465432, -0.00216240552254, -0.00569715956226, 0.0144394217059, -0.00430635549128, 0.00264182081446, -0.00384455290623, 0.00180416845251, -0.000157446134835], [0.000959689437877, 0.0010436878074, -0.000363557424862, 1.04903529063e-05, -0.000207527817111, -0.00127398117911, 0.00313020893373, -0.00430635549128, 0.0135004641488, -0.00788765307516, 0.00558411004022, -0.00491570075974, 0.00163795601111], [-0.000658119213767, -0.0002348490234, 0.00167534977663, -0.000348819128703, -0.00160253292415, -6.4044019382e-05, -0.00134616112337, 0.00264182081446, -0.00788765307516, 0.0180909167975, -0.00922055728734, 0.00198052963242, -0.00248012924567], [-0.00035366427619, -9.84872240224e-05, -0.000207142627914, 0.00130907678977, 0.00116256461479, -0.00107606046367, 0.000471418723464, -0.00384455290623, 0.00558411004022, -0.00922055728734, 0.0169299822301, -0.00743839889765, 0.00296923541464], [0.000198841531528, 8.01801143098e-05, -0.00119370000903, 0.00022348749917, 0.000257790321484, 0.00146063754801, -0.0013205454452, 0.00180416845251, -0.00491570075974, 0.00198052963242, -0.00743839889765, 0.0198674295098, -0.0079189222306], [-0.000100014716736, 4.36153604824e-05, -0.000405001832405, -0.00212747743353, 0.000676936586387, -0.00117794657126, 0.00206936290488, -0.000157446134835, 0.00163795601111, -0.00248012924567, 0.00296923541464, -0.0079189222306, 0.0203873272985]]
    },
    "spectral_contrast_coeffs": {
        "max": [-0.341096401215, -0.514586448669, -0.543722569942, -0.580170094967, -0.619341015816, -0.381317079067],
        "mean": [-0.69713807106, -0.737857758999, -0.765989899635, -0.779096186161, -0.765542626381, -0.754189431667],
        "min": [-0.905790328979, -0.949560165405, -0.904540538788, -0.899558961391, -0.892310619354, -0.834896087646],
        "stdev": [0.086215570569, 0.0769675225019, 0.0694004669785, 0.0602362044156, 0.0473906211555, 0.0467037819326]
    },
    "spectral_contrast_valleys": {
        "max": [-5.43227577209, -4.93077373505, -5.37695217133, -5.92023944855, -5.37348365784, -7.30583143234],
        "mean": [-7.08645105362, -6.77231693268, -6.97964859009, -7.11233186722, -7.16915607452, -10.1283597946],
        "min": [-9.63509941101, -9.02759647369, -9.47817325592, -9.33493423462, -8.67600440979, -13.5593566895],
        "stdev": [0.800436973572, 0.56502366066, 0.551244735718, 0.377896815538, 0.499769806862, 0.898738265038]
    }
},
"rhythm": {
    "beats_count": 58,
    "beats_loudness": {
        "max": 0.0759109854698,
        "mean": 0.0315755940974,
        "min": 0.0016031836858,
        "stdev": 0.0146466605365
    },
    "bpm": 136.656524658,
    "bpm_histogram_first_peak_bpm": 136,
    "bpm_histogram_first_peak_weight": 0.324999988079,
    "bpm_histogram_second_peak_bpm": 117,
    "bpm_histogram_second_peak_spread": 0.222222208977,
    "bpm_histogram_second_peak_weight": 0.122807018459,
    "danceability": 1.42417669296,
    "onset_rate": 3.76924347878,
    "beats_loudness_band_ratio": {
        "max": [0.823734641075, 0.815479278564, 0.556610167027, 0.54282784462, 0.583801746368, 0.814328014851],
        "mean": [0.337405562401, 0.152844771743, 0.150496318936, 0.16562114656, 0.16030395031, 0.0761343687773],
        "min": [0.000628524809144, 0.00124033365864, 0.0200317855924, 0.0103780534118, 0.00626777019352, 0.00301490537822],
        "stdev": [0.22638374567, 0.179747134447, 0.127225607634, 0.15304069221, 0.126725077629, 0.118152044713]
    },
    "beats_position": [0.417959183455, 0.835918366909, 1.24226760864, 1.66022670269, 2.08979582787, 2.51936507225, 2.94893407822, 3.3785033226, 3.80807256699, 4.2492518425, 4.69043064117, 5.13160991669, 5.5727891922, 6.01396799088, 6.45514726639, 6.90793657303, 7.33750534058, 7.77868461609, 8.2198638916, 8.66104316711, 9.10222244263, 9.54340076447, 9.98458003998, 10.4257593155, 10.866938591, 11.3081178665, 11.749297142, 12.1904764175, 12.6316547394, 13.0728340149, 13.5140132904, 13.9551925659, 14.3963718414, 14.8375511169, 15.2787294388, 15.7082986832, 16.1378688812, 16.5906581879, 17.0434455872, 17.4846248627, 17.9141941071, 18.3553733826, 18.7965526581, 19.2261219025, 19.7021312714, 20.1781406403, 20.6657600403, 21.153377533, 21.6526069641, 22.1402263641, 22.6394557953, 23.1502952576, 23.6611328125, 24.1719722748, 24.6828117371, 25.1936511993, 25.7044887543, 26.2153282166],
