{
"metadata": {
    "version": {
        "essentia": "2.1-beta5",
        "essentia_git_sha": "Undefined",
        "extractor": "music 2.0"
    },
    "audio_properties": {
        "analysis": {
            "equal_loudness": 0,
            "length": 35.9909286499,
            "sample_rate": 44100,
            "start_time": 12.7477550507,
            "downmix": "mix"
        },
        "bit_rate": 192000,
        "length": 179.641189575,
        "lossless": 0,
        "number_channels": 2,
        "replay_gain": -6.49566078186,
        "sample_rate": 48000,
        "codec": "mp3",
        "md5_encoded": "98f36ff20d598a628febdc4a1704fe2e"
    },
    "tags": {
        "file_name": "Turkey_Leylaklar Soldu Kalbinde_Buket Bengisu _ Saphire.mp3",
        "encoding": ["Lavf58.29.100"]
    }
},
"lowlevel": {
    "average_loudness": 0.976696372032,
    "barkbands_crest": {
        "max": 24.1752567291,
        "mean": 11.1101722717,
        "min": 1.94913816452,
        "stdev": 4.54849815369
    },
    "barkbands_flatness_db": {
        "max": 0.287082582712,
        "mean": 0.152329653502,
        "min": 0.0669866576791,
        "stdev": 0.0360851474106
    },
    "barkbands_kurtosis": {
        "max": 41.9820365906,
        "mean": 3.22863340378,
        "min": -1.90535402298,
        "stdev": 4.86485767365
    },
    "barkbands_skewness": {
        "max": 5.99986839294,
        "mean": 1.52793860435,
        "min": -1.3239685297,
        "stdev": 1.03720629215
    },
    "barkbands_spread": {
        "max": 95.1769180298,
        "mean": 25.5780677795,
        "min": 3.2257373333,
        "stdev": 13.441652298
    },
    "dissonance": {
        "max": 0.499999940395,
        "mean": 0.468712538481,
        "min": 0.301953852177,
        "stdev": 0.023233147338
    },
    "dynamic_complexity": 2.18210887909,
    "erbbands_crest": {
        "max": 31.9315071106,
        "mean": 9.57592582703,
        "min": 2.64807748795,
        "stdev": 6.12626743317
    },
    "erbbands_flatness_db": {
        "max": 0.341925412416,
        "mean": 0.16306181252,
        "min": 0.0967933908105,
        "stdev": 0.0410084575415
    },
    "erbbands_kurtosis": {
        "max": 50.7770805359,
        "mean": 0.262041479349,
        "min": -1.80101954937,
        "stdev": 3.40156841278
    },
    "erbbands_skewness": {
        "max": 5.33915996552,
        "mean": 0.346541881561,
        "min": -3.30908799171,
        "stdev": 0.789324700832
    },
    "erbbands_spread": {
        "max": 116.632865906,
        "mean": 47.7022285461,
        "min": 2.66033744812,
        "stdev": 19.8938179016
    },
    "hfc": {
        "max": 134.464019775,
        "mean": 20.243019104,
        "min": 2.67746710777,
        "stdev": 15.6871156693
    },
    "loudness_ebu128": {
        "integrated": -16.7116928101,
        "loudness_range": 1.54486656189,
        "momentary": {
            "max": -12.2148704529,
            "mean": -16.9093265533,
            "min": -20.5448570251,
            "stdev": 1.30929017067
        },
        "short_term": {
            "max": -15.5748033524,
            "mean": -16.6833553314,
            "min": -17.9227600098,
            "stdev": 0.456920176744
        }
    },
    "melbands_crest": {
        "max": 29.880739212,
        "mean": 15.0802869797,
        "min": 4.04841852188,
        "stdev": 5.20317316055
    },
    "melbands_flatness_db": {
        "max": 0.326579511166,
        "mean": 0.178409874439,
        "min": 0.0604795478284,
        "stdev": 0.0482721105218
    },
    "melbands_kurtosis": {
        "max": 143.208145142,
        "mean": 14.6006698608,
        "min": -1.31017112732,
        "stdev": 17.6136817932
    },
    "melbands_skewness": {
        "max": 10.7738018036,
        "mean": 2.85448217392,
        "min": -1.81750869751,
        "stdev": 1.77594077587
    },
    "melbands_spread": {
        "max": 145.117385864,
        "mean": 24.3080024719,
        "min": 2.52866506577,
        "stdev": 14.6682138443
    },
    "pitch_salience": {
        "max": 0.800803124905,
        "mean": 0.519537687302,
        "min": 0.166879281402,
        "stdev": 0.116798222065
    },
    "silence_rate_20dB": {
        "max": 1,
        "mean": 1,
        "min": 1,
        "stdev": 0
    },
    "silence_rate_30dB": {
        "max": 1,
        "mean": 0.99742102623,
        "min": 0,
        "stdev": 0.0507183708251
    },
    "silence_rate_60dB": {
        "max": 1,
        "mean": 0.00128949061036,
        "min": 0,
        "stdev": 0.0358863472939
    },
    "spectral_centroid": {
        "max": 4333.8203125,
        "mean": 1524.82897949,
        "min": 443.343383789,
        "stdev": 527.104248047
    },
    "spectral_complexity": {
        "max": 50,
        "mean": 18.9174728394,
        "min": 3,
        "stdev": 8.00439929962
    },
    "spectral_decrease": {
        "max": -5.95853699714e-10,
        "mean": -7.1315744421e-09,
        "min": -5.61227331275e-08,
        "stdev": 5.62354296463e-09
    },
    "spectral_energy": {
        "max": 0.224016606808,
        "mean": 0.0287523474544,
        "min": 0.00252172211185,
        "stdev": 0.0220882873982
    },
    "spectral_energyband_high": {
        "max": 0.0144122419879,
        "mean": 0.00105473294389,
        "min": 5.91345778957e-05,
        "stdev": 0.00132274290081
    },
    "spectral_energyband_low": {
        "max": 0.106684401631,
        "mean": 0.0118675380945,
        "min": 3.45187218045e-05,
        "stdev": 0.0150027684867
    },
    "spectral_energyband_middle_high": {
        "max": 0.0637088790536,
        "mean": 0.00505933864042,
        "min": 0.000244952068897,
        "stdev": 0.00604281388223
    },
    "spectral_energyband_middle_low": {
        "max": 0.185018405318,
        "mean": 0.0125487232581,
        "min": 0.000328996829921,
        "stdev": 0.0143962251022
    },
    "spectral_entropy": {
        "max": 8.61498737335,
        "mean": 7.82629203796,
        "min": 6.81416320801,
        "stdev": 0.271226912737
    },
    "spectral_flux": {
        "max": 0.378174930811,
        "mean": 0.0955496877432,
        "min": 0.0235861744732,
        "stdev": 0.0531683973968
    },
    "spectral_kurtosis": {
        "max": 12.785115242,
        "mean": 1.80097365379,
        "min": -0.858471870422,
        "stdev": 1.33721888065
    },
    "spectral_rms": {
        "max": 0.0147835304961,
        "mean": 0.0049715586938,
        "min": 0.00156850775238,
        "stdev": 0.00182611017954
    },
    "spectral_rolloff": {
        "max": 9087.01171875,
        "mean": 1497.8848877,
        "min": 86.1328125,
        "stdev": 1418.52148438
    },
    "spectral_skewness": {
        "max": 3.04370307922,
        "mean": 1.01473295689,
        "min": -0.210600107908,
        "stdev": 0.283502787352
    },
    "spectral_spread": {
        "max": 9286309,
        "mean": 4641941,
        "min": 2410683.75,
        "stdev": 972268.5
    },
    "spectral_strongpeak": {
        "max": 13.0230522156,
        "mean": 0.990052819252,
        "min": 0.0291591733694,
        "stdev": 1.22207021713
    },
    "zerocrossingrate": {
        "max": 0.26416015625,
        "mean": 0.0635420456529,
        "min": 0.01171875,
        "stdev": 0.0300682466477
    },
    "barkbands": {
        "max": [0.00182714266703, 0.0791588276625, 0.0613293424249, 0.0706633552909, 0.0827411338687, 0.0341104716063, 0.0614306777716, 0.0446096435189, 0.0498299859464, 0.0371137373149, 0.0261231530458, 0.0179545413703, 0.00953890010715, 0.0122873522341, 0.0324233733118, 0.0169737879187, 0.0131020676345, 0.00541458046064, 0.00425608502701, 0.0046425415203, 0.00513708172366, 0.00448823906481, 0.00467547262087, 0.00516802817583, 0.000990806031041, 5.72326734982e-06, 3.75779200112e-06],
        "mean": [0.000141376891406, 0.00739204511046, 0.00293433945626, 0.00264521595091, 0.00310112372972, 0.00174235540908, 0.00101610168349, 0.00157852424309, 0.00177191279363, 0.00149320263881, 0.0006101524923, 0.000578145904001, 0.000399333977839, 0.000281785440166, 0.000532648642547, 0.000359876285074, 0.000369486660929, 0.000290130003123, 0.000275323633105, 0.000342817453202, 0.000225416966714, 0.000255513761658, 0.000245766685111, 0.000130047556013, 3.96310861106e-05, 7.05226241848e-08, 3.54041462813e-09],
        "min": [5.87493111937e-08, 5.12078440806e-06, 6.70827012073e-06, 1.06693892121e-06, 3.09387542075e-05, 8.34376533021e-06, 4.05185301133e-06, 3.75538957087e-06, 3.9548103814e-06, 7.01177577866e-06, 3.91336925532e-06, 6.52789003652e-06, 6.51828486298e-06, 9.159702131e-06, 1.20939539556e-05, 4.31942680734e-06, 8.93050673767e-06, 7.46883051761e-06, 8.98408598005e-06, 1.03139036582e-05, 1.51090471263e-05, 1.23510781123e-05, 6.80517769069e-06, 3.4493361909e-06, 4.08794591067e-07, 5.90359219843e-11, 3.55403657892e-11],
        "stdev": [0.000194033578737, 0.0105743603781, 0.00653368467465, 0.00657711271197, 0.00583493290469, 0.00336157158017, 0.00303253927268, 0.00363483768888, 0.00457828771323, 0.00350882811472, 0.00201372103766, 0.00126079842448, 0.000735988433007, 0.000622403109446, 0.00186554342508, 0.00111494248267, 0.000858458981384, 0.000406183593441, 0.000317420228384, 0.000483474810608, 0.000309170602122, 0.000384235463571, 0.000387887121178, 0.000307895767037, 8.29318887554e-05, 2.35784938241e-07, 9.55493177912e-08]
    },
    "erbbands": {
        "max": [2.38388681412, 21.3352146149, 63.1502037048, 135.967956543, 374.578582764, 218.996322632, 476.179016113, 298.401947021, 653.311035156, 611.608581543, 1218.03747559, 1317.95800781, 1740.25708008, 1200.1496582, 767.964050293, 559.453430176, 496.347686768, 693.555969238, 1975.69396973, 736.508361816, 981.067199707, 594.925354004, 344.427185059, 168.805908203, 208.103851318, 238.818374634, 251.527099609, 100.800361633, 211.327407837, 184.183044434, 145.750793457, 150.275619507, 55.8523750305, 16.7668209076, 6.41813516617, 0.361759006977, 0.00975067727268, 0.00230509019457, 0.000535987084731, 0.000272638979368],
        "mean": [0.186025679111, 1.73490536213, 3.58840346336, 6.63868188858, 10.0887489319, 9.91430664062, 13.06300354, 12.3761777878, 16.8704051971, 15.6828260422, 40.4021492004, 42.1925468445, 47.861907959, 43.1455917358, 21.9574451447, 22.7233581543, 18.4004631042, 17.6743297577, 25.1028594971, 20.817779541, 22.6083450317, 18.9368019104, 16.5736713409, 13.9281158447, 15.3641805649, 16.233631134, 10.9335165024, 8.23006725311, 8.60677242279, 9.321352005, 6.59973192215, 3.87279844284, 1.54302632809, 0.547901213169, 0.240946277976, 0.0151595920324, 0.000440611067461, 4.08139821957e-05, 2.20151450776e-05, 3.56393320544e-05],
        "min": [0.000125782942632, 0.00154497008771, 0.015020580031, 0.0356742404401, 0.038672350347, 0.0965173915029, 0.165769964457, 0.0934437587857, 0.142630815506, 0.159829005599, 0.144361376762, 0.13346503675, 0.217890441418, 0.241403475404, 0.396947830915, 0.289519518614, 0.399239659309, 0.563075959682, 0.682379662991, 0.570128023624, 0.600864470005, 0.577849447727, 0.485506385565, 0.504834353924, 0.54057008028, 0.497725427151, 1.03636550903, 0.392570823431, 0.417893797159, 0.234630793333, 0.143883898854, 0.125947117805, 0.0375903435051, 0.00964646227658, 0.0015434519155, 9.13878830033e-05, 6.47217984806e-06, 1.37693132274e-06, 1.96767155103e-06, 3.29729436999e-06],
        "stdev": [0.263694941998, 2.62893414497, 7.00175380707, 14.0025777817, 27.4746398926, 15.7942476273, 29.6652679443, 25.9223957062, 39.8524513245, 45.5351638794, 78.2194213867, 105.055419922, 117.666511536, 123.708427429, 47.7812690735, 44.468132019, 32.1984596252, 35.0749092102, 98.067817688, 48.762840271, 63.9604721069, 41.9487724304, 22.6835441589, 16.7002429962, 18.6948947906, 23.201581955, 13.8478937149, 11.0201921463, 14.8738365173, 13.8184804916, 10.4416894913, 8.58725261688, 3.81366467476, 1.24174463749, 0.471376955509, 0.0297461301088, 0.000821534893475, 8.66716072778e-05, 2.18556269829e-05, 2.59697171714e-05]
    },
    "gfcc": {
        "mean": [3.76061439514, 107.799957275, -139.680465698, 64.5340499878, -77.6213150024, 27.0933628082, -32.589969635, 6.30513954163, -11.1480760574, -10.1787500381, -3.11533093452, -12.6493778229, 1.91135501862],
        "cov": [[1187.08666992, -153.258285522, 41.4923248291, -28.0721111298, -64.4862518311, 25.1593379974, -70.2933502197, 49.5153846741, -47.6706695557, 43.5373001099, -71.3960418701, -64.5697860718, -142.250259399], [-153.258285522, 514.60760498, -92.4559707642, -26.7764701843, 168.331848145, -46.0953941345, 150.091995239, -37.0492706299, 107.922538757, -81.938659668, 65.8776168823, -30.8821563721, 36.5635681152], [41.4923248291, -92.4559707642, 439.933197021, 201.598495483, 41.3052635193, 141.319580078, -49.6006240845, 29.1851158142, -17.8735103607, 59.4095611572, -5.74322748184, 38.7651519775, -27.1915454865], [-28.0721111298, -26.7764701843, 201.598495483, 244.671356201, 76.4896011353, 46.8581695557, -30.5683116913, -22.8437042236, 44.7445373535, 33.4619941711, 25.9820709229, 8.64223575592, -19.9289836884], [-64.4862518311, 168.331848145, 41.3052635193, 76.4896011353, 187.766433716, 49.901512146, 50.6483230591, 6.26450872421, 66.5835113525, -10.6979513168, 23.7140293121, -2.65887665749, 16.8626060486], [25.1593379974, -46.0953941345, 141.319580078, 46.8581695557, 49.901512146, 198.757019043, 93.3746032715, 38.7684364319, -4.71181249619, 0.318546384573, -24.0638179779, 1.96345424652, -19.9526138306], [-70.2933502197, 150.091995239, -49.6006240845, -30.5683116913, 50.6483230591, 93.3746032715, 239.274993896, 46.6745948792, 35.0792579651, -37.6128616333, 22.3711929321, -21.4053497314, 9.08289051056], [49.5153846741, -37.0492706299, 29.1851158142, -22.8437042236, 6.26450872421, 38.7684364319, 46.6745948792, 118.909034729, 43.5675315857, 42.8948249817, -8.75379943848, 4.47270393372, 6.64946889877], [-47.6706695557, 107.922538757, -17.8735103607, 44.7445373535, 66.5835113525, -4.71181249619, 35.0792579651, 43.5675315857, 161.368484497, 21.6069259644, 33.3242950439, -7.87877559662, 21.978351593], [43.5373001099, -81.938659668, 59.4095611572, 33.4619941711, -10.6979513168, 0.318546384573, -37.6128616333, 42.8948249817, 21.6069259644, 110.166893005, 36.4686431885, 16.8417415619, -18.0172080994], [-71.3960418701, 65.8776168823, -5.74322748184, 25.9820709229, 23.7140293121, -24.0638179779, 22.3711929321, -8.75379943848, 33.3242950439, 36.4686431885, 125.667160034, 37.0819282532, 15.6430339813], [-64.5697860718, -30.8821563721, 38.7651519775, 8.64223575592, -2.65887665749, 1.96345424652, -21.4053497314, 4.47270393372, -7.87877559662, 16.8417415619, 37.0819282532, 82.09815979, 51.2703590393], [-142.250259399, 36.5635681152, -27.1915454865, -19.9289836884, 16.8626060486, -19.9526138306, 9.08289051056, 6.64946889877, 21.978351593, -18.0172080994, 15.6430339813, 51.2703590393, 103.587432861]],
        "icov": [[0.00109758006874, -1.97944209503e-05, 5.57723687962e-05, 0.000144002915476, 5.87614449614e-05, -0.000117186827993, 0.000452197622508, -0.000728668295778, 0.000100987730548, 9.44006606005e-05, 0.000224472605623, -9.64229620877e-05, 0.00154037622269], [-1.97944209503e-05, 0.00869492720813, -0.00435862736776, 0.00591552676633, -0.00753317447379, 0.00728037115186, -0.00653592124581, 0.00592816667631, -0.00494624720886, 0.00323630101047, -0.00172674271744, 0.00129176315386, 0.00095260964008], [5.57723687962e-05, -0.00435862736776, 0.00865100417286, -0.00786921475083, 0.00415759161115, -0.00766900042072, 0.00561119429767, -0.00582554191351, 0.00450794771314, -0.00173274206463, 0.000642213446554, -0.00213061994873, -0.000200305803446], [0.000144002915476, 0.00591552676633, -0.00786921475083, 0.0141495466232, -0.00743801426142, 0.00593146774918, -0.00482143601403, 0.00895184464753, -0.00695089716464, 0.000399290729547, -0.00105614843778, 0.000719177478459, 0.00231547444128], [5.87614449614e-05, -0.00753317447379, 0.00415759161115, -0.00743801426142, 0.0145868454129, -0.00843651220202, 0.00555991893634, -0.0052541368641, 0.00207871710882, -0.00112809706479, -7.35880239517e-05, 0.000564912857953, -0.00265545584261], [-0.000117186827993, 0.00728037115186, -0.00766900042072, 0.00593146774918, -0.00843651220202, 0.0179674793035, -0.0115031497553, 0.00525823235512, -0.00383676402271, 0.00187798787374, 0.00281021441333, -0.00290013011545, 0.00405434705317], [0.000452197622508, -0.00653592124581, 0.00561119429767, -0.00482143601403, 0.00555991893634, -0.0115031497553, 0.0147063136101, -0.00961531978101, 0.00422017928213, 0.00245324801654, -0.00425527151674, 0.00359431025572, -0.00192482082639], [-0.000728668295778, 0.00592816667631, -0.00582554191351, 0.00895184464753, -0.0052541368641, 0.00525823235512, -0.00961531978101, 0.0222840420902, -0.00884044542909, -0.00708531169221, 0.0045576565899, -0.00139800773468, -0.000972309499048], [0.000100987730548, -0.00494624720886, 0.00450794771314, -0.00695089716464, 0.00207871710882, -0.00383676402271, 0.00422017928213, -0.00884044542909, 0.0138762649149, -0.00229918118566, -0.00180449872278, 0.00371735054068, -0.00406078016385], [9.44006606005e-05, 0.00323630101047, -0.00173274206463, 0.000399290729547, -0.00112809706479, 0.00187798787374, 0.00245324801654, -0.00708531169221, -0.00229918118566, 0.019633255899, -0.00760912522674, -0.000833735393826, 0.00485877599567], [0.000224472605623, -0.00172674271744, 0.000642213446554, -0.00105614843778, -7.35880239517e-05, 0.00281021441333, -0.00425527151674, 0.0045576565899, -0.00180449872278, -0.00760912522674, 0.016084400937, -0.0098604913801, 0.00302782841027], [-9.64229620877e-05, 0.00129176315386, -0.00213061994873, 0.000719177478459, 0.000564912857953, -0.00290013011545, 0.00359431025572, -0.00139800773468, 0.00371735054068, -0.000833735393826, -0.0098604913801, 0.0295757241547, -0.0159683916718], [0.00154037622269, 0.00095260964008, -0.000200305803446, 0.00231547444128, -0.00265545584261, 0.00405434705317, -0.00192482082639, -0.000972309499048, -0.00406078016385, 0.00485877599567, 0.00302782841027, -0.0159683916718, 0.0224229805171]]
    },
    "melbands": {
        "max": [0.0179012585431, 0.0287338383496, 0.029022263363, 0.0220486968756, 0.0130043094978, 0.0059823486954, 0.0118359941989, 0.00845927279443, 0.0107767572626, 0.00782848522067, 0.00847006682307, 0.00521662272513, 0.00258722039871, 0.00254364614375, 0.00133130606264, 0.00099218217656, 0.00129162869416, 0.00289953197353, 0.002447566716, 0.00124687782954, 0.000988787040114, 0.000879747211002, 0.000378956028726, 0.000279120111372, 0.000152293898282, 0.000160674113431, 0.00020741809567, 0.000154179419042, 0.000195933898794, 8.70455842232e-05, 7.60683833505e-05, 0.000118070245662, 8.7210421043e-05, 0.000112414127216, 7.21086689737e-05, 0.000121947166917, 8.74525358086e-05, 4.96865868627e-05, 2.21069876716e-05, 1.05391272882e-05],
        "mean": [0.00189691851847, 0.0020442106761, 0.00124663033057, 0.000720363750588, 0.00043208617717, 0.000294111232506, 0.000251120160101, 0.000194551306777, 0.000333741918439, 0.00026466907002, 0.000231740341405, 0.00017141814169, 7.19350209692e-05, 6.85939812684e-05, 4.42273012595e-05, 4.0368300688e-05, 3.08721791953e-05, 3.60809390259e-05, 3.63335821021e-05, 2.45661376539e-05, 2.71988010354e-05, 2.05319684028e-05, 1.63046170201e-05, 1.33612384161e-05, 1.08733966044e-05, 1.0595292224e-05, 1.20624008559e-05, 1.02637595774e-05, 7.41522035241e-06, 5.019729997e-06, 4.67515201308e-06, 4.72471037938e-06, 5.16994077771e-06, 5.05040088683e-06, 3.88213084079e-06, 3.19202626997e-06, 2.00608360501e-06, 1.19480864669e-06, 6.29681721875e-07, 3.88690040154e-07],
        "min": [1.31940373649e-06, 6.61221110931e-06, 6.25389429842e-06, 3.50068717125e-06, 6.79592676534e-06, 1.58835894126e-06, 1.25464396206e-06, 9.23685320231e-07, 1.08434471713e-06, 8.7784576408e-07, 9.44354383137e-07, 7.78898652243e-07, 8.91861816399e-07, 8.29940177027e-07, 8.76309002251e-07, 5.42544853488e-07, 8.87845146735e-07, 9.33167314088e-07, 8.68340748639e-07, 2.04073415944e-07, 3.34902296117e-07, 4.48523849172e-07, 7.60053467275e-07, 2.58612203652e-07, 2.03073099669e-07, 3.12346571718e-07, 4.06722790558e-07, 2.04949699878e-07, 5.22699508565e-07, 2.44910694391e-07, 1.73093766875e-07, 2.33300738728e-07, 1.64662949942e-07, 1.10788484164e-07, 7.13417378506e-08, 8.42945766522e-08, 5.83869059767e-08, 2.3275481098e-08, 1.11074616171e-08, 4.52906290249e-09],
        "stdev": [0.0026478592772, 0.00321670924313, 0.00269759073853, 0.00153295695782, 0.000826895353384, 0.00057443685364, 0.00063069537282, 0.000582084117923, 0.000655768963043, 0.000685252598487, 0.00059264851734, 0.000502205919474, 0.000173327731318, 0.000153508488438, 8.92234311323e-05, 7.52689011279e-05, 6.60200166749e-05, 0.000141564130899, 0.000112551926577, 7.37356385798e-05, 7.81952912803e-05, 5.24819224665e-05, 2.56556049862e-05, 2.07015964406e-05, 1.3972448869e-05, 1.24096304717e-05, 1.94342756004e-05, 1.49278557728e-05, 1.01128935057e-05, 7.60748253015e-06, 6.28373209111e-06, 8.5657757154e-06, 7.7004870036e-06, 7.77367949922e-06, 5.85402085562e-06, 6.75749060974e-06, 4.86978751724e-06, 3.13136683872e-06, 1.62114668001e-06, 8.47683168104e-07]
    },
    "melbands128": {
        "max": [0.00155375618488, 0.0201086290181, 0.0279409959912, 0.0417092442513, 0.0409093424678, 0.0311614274979, 0.0303231626749, 0.0445308089256, 0.0417201519012, 0.0208450108767, 0.0107258278877, 0.00855118408799, 0.024110455066, 0.0112846419215, 0.00942268874496, 0.0118690682575, 0.0152695290744, 0.018854174763, 0.0205883663148, 0.0058581661433, 0.0169096291065, 0.012605689466, 0.0207278747112, 0.00982238352299, 0.0152545645833, 0.017817042768, 0.0184842329472, 0.012899116613, 0.00891873333603, 0.0109613984823, 0.0101568484679, 0.00602690083906, 0.00282835098915, 0.00532029429451, 0.004716089461, 0.00335903884843, 0.00269591831602, 0.00194180139806, 0.00221832864918, 0.00145648955368, 0.00177429011092, 0.00236091995612, 0.00241576647386, 0.00074207916623, 0.00183000951074, 0.00414118822664, 0.00629453454167, 0.00468095717952, 0.00209401221946, 0.000962360354606, 0.00233877496794, 0.00330611341633, 0.00207778229378, 0.00184468762018, 0.00281207915395, 0.00101762788836, 0.00155852700118, 0.000773254723754, 0.000750974577386, 0.000513977371156, 0.000477116467664, 0.000472564250231, 0.000300397601677, 0.000222972710617, 0.000257753650658, 0.000264682050329, 0.00017258238222, 0.000317481579259, 0.000457144400571, 0.000397962779971, 0.000278542982414, 0.00028652662877, 0.000283090019366, 0.000313671713229, 9.45171923377e-05, 0.000148884704686, 8.77213533386e-05, 0.000119023789011, 5.57814128115e-05, 0.000175378881977, 0.00010720796854, 0.000223872557399, 0.000180476461537, 6.34825992165e-05, 8.83391694515e-05, 0.000236699284869, 8.12201178633e-05, 7.63400457799e-05, 0.000123758683912, 9.78237003437e-05, 0.000137006514706, 9.64445935097e-05, 0.000162033335073, 0.000106219224108, 8.22404472274e-05, 7.50181352487e-05, 5.2568695537e-05, 3.75035742763e-05, 2.44436796493e-05, 2.50289867836e-05, 2.40323297476e-05, 8.15337716631e-06, 7.36284800951e-06, 1.25484621094e-05, 8.92115167517e-06, 6.63094260744e-06, 1.58875343459e-06, 1.94351812866e-07, 2.28993144447e-08, 2.21941487411e-08, 2.15086686239e-08, 2.08257961987e-08, 2.01802539124e-08, 1.95510576617e-08, 1.89762801028e-08, 1.84507396028e-08, 1.79363137676e-08, 1.74883378889e-08, 1.70085563411e-08, 1.65993778722e-08, 1.62575268803e-08, 1.59272115496e-08, 1.55874655405e-08, 1.53575516748e-08, 1.51665684456e-08, 1.50203316451e-08, 1.48869174765e-08, 1.4808988702e-08],
        "mean": [0.000131198496092, 0.00122793088667, 0.002797099296, 0.00290477229282, 0.00203860993497, 0.00136461039074, 0.00135939812753, 0.00127213227097, 0.00102413841523, 0.000729442515876, 0.000521125562955, 0.000373229879187, 0.000524808536284, 0.000349388283212, 0.000228292861721, 0.000319924787618, 0.000277892657323, 0.000272964913165, 0.000180404807907, 0.000116684903332, 0.00023065811547, 0.000322506355587, 0.000414045207435, 0.000247163116001, 0.000252099009231, 0.000291448581265, 0.000238096457906, 0.000306071335217, 0.000110716537165, 0.000183767042472, 0.000223972194362, 8.78199716681e-05, 4.28969033237e-05, 7.58493843023e-05, 7.09125815774e-05, 6.86134299031e-05, 6.32230585325e-05, 3.79386656277e-05, 3.77748147002e-05, 3.94788803533e-05, 4.38107636e-05, 3.80251476599e-05, 3.06484798784e-05, 3.00802676065e-05, 1.76990997716e-05, 3.69626177417e-05, 6.10727947787e-05, 3.62100217899e-05, 2.79795294773e-05, 2.2790289222e-05, 2.39021919697e-05, 2.56349794654e-05, 2.73540808848e-05, 2.71392473223e-05, 3.01529344142e-05, 1.61755106092e-05, 1.7130309061e-05, 1.68624992511e-05, 1.57513441081e-05, 1.59239461937e-05, 1.33644462039e-05, 1.12782026918e-05, 1.16281862574e-05, 1.10677146949e-05, 9.38494667935e-06, 1.02394369605e-05, 1.16703795356e-05, 1.08770636871e-05, 1.18933030535e-05, 1.44108253153e-05, 9.83649897535e-06, 8.86930229171e-06, 8.38251526147e-06, 7.42774500395e-06, 5.86129226576e-06, 5.22148093296e-06, 4.35644642494e-06, 4.73951058666e-06, 4.72538522445e-06, 4.69041196993e-06, 4.53789562016e-06, 4.821848961e-06, 4.96614939038e-06, 4.71063003715e-06, 5.94762059336e-06, 5.80664300287e-06, 4.66971323476e-06, 3.70428119822e-06, 4.17029332311e-06, 3.59895238944e-06, 3.4899496768e-06, 3.05749813378e-06, 2.76344849226e-06, 2.00443196263e-06, 1.55350312525e-06, 1.40842712426e-06, 1.19012781852e-06, 7.88275144714e-07, 6.29407281849e-07, 5.57353757813e-07, 4.38466827291e-07, 3.63777132861e-07, 3.04906762949e-07, 3.78312449811e-07, 3.17315993925e-07, 2.58492519833e-07, 6.28959000437e-08, 3.23210169739e-09, 2.34585875031e-11, 2.16818663717e-11, 2.08928516848e-11, 2.01534657018e-11, 1.94857619623e-11, 1.888639245e-11, 1.82717192071e-11, 1.76596220286e-11, 1.70428480356e-11, 1.65680091174e-11, 1.6099005809e-11, 1.56855292643e-11, 1.53207793674e-11, 1.50006985999e-11, 1.4679065255e-11, 1.44373454164e-11, 1.41948354113e-11, 1.39509090044e-11, 1.37727659139e-11, 1.36896856698e-11],
        "min": [2.10058992423e-08, 1.25107916915e-07, 7.68751306168e-07, 1.47338937495e-06, 1.52070720105e-06, 2.38224743043e-06, 1.30928435738e-06, 3.06028113073e-07, 1.11602605557e-06, 1.33618914333e-06, 9.25768347315e-07, 8.04282194622e-07, 1.42995622809e-06, 8.78509126778e-07, 4.629896182e-07, 4.15437853007e-07, 5.4921224546e-07, 3.80150083856e-07, 2.88916226054e-07, 1.84843884199e-07, 2.7437818062e-07, 4.82495693177e-07, 5.34195123691e-07, 3.31251271746e-07, 2.90102150302e-07, 2.03813272037e-07, 1.13599007534e-07, 5.13552777193e-07, 1.65926635987e-07, 3.2437333175e-07, 2.19358000209e-07, 1.97293559268e-07, 9.35347301834e-08, 3.39935866123e-07, 3.72660821313e-07, 3.13792696716e-07, 4.46559312195e-07, 3.42418559285e-07, 9.48687386426e-08, 2.78389393316e-07, 3.32427703142e-07, 3.25761561726e-07, 5.64541664971e-07, 2.01321171289e-07, 2.1926092586e-07, 2.96508915199e-07, 1.74297966282e-07, 3.19566538565e-07, 1.4442591123e-07, 1.8465102869e-07, 9.90114443766e-08, 1.82590426334e-07, 1.7771731109e-07, 2.02059879939e-07, 2.75897690472e-07, 2.02721267328e-07, 2.299631916e-07, 4.41731600631e-07, 4.68415407795e-07, 2.91510815487e-07, 1.94178568336e-07, 1.20796144643e-07, 1.59399832e-07, 1.7674217645e-07, 1.4363465084e-07, 1.56248077587e-07, 2.12040305314e-07, 1.92358115214e-07, 2.3062658272e-07, 1.43635432437e-07, 1.59489019325e-07, 1.73623348587e-07, 1.68290100078e-07, 1.84783345958e-07, 2.21163077185e-07, 5.5524456144e-08, 1.19463905435e-07, 1.25422715769e-07, 8.67775611368e-08, 9.21920531027e-08, 6.84998937572e-08, 1.15971481307e-07, 1.140323036e-07, 1.24357242726e-07, 1.08286400291e-07, 6.34685903833e-08, 1.0209187451e-07, 9.1564892557e-08, 4.2501405062e-08, 5.5790462028e-08, 3.80640763353e-08, 5.52243868412e-08, 3.21432800376e-08, 3.96386603541e-08, 1.51956687233e-08, 1.49327110677e-08, 1.22033636529e-08, 8.24643109354e-09, 8.72309424693e-09, 3.38397776467e-09, 3.34182082007e-09, 2.52054466188e-09, 2.51037590715e-09, 9.88729431661e-10, 1.39520983655e-09, 9.21206499971e-10, 1.0504647846e-10, 5.72816154319e-13, 1.34692021534e-13, 9.77810294214e-14, 1.25449496169e-13, 1.29106537202e-13, 1.49460779582e-13, 1.13543662048e-13, 1.05590388592e-13, 9.99131400986e-14, 1.15162491088e-13, 9.75526015762e-14, 1.06372931839e-13, 1.06584066659e-13, 1.12567717463e-13, 1.16988707675e-13, 1.00464334931e-13, 9.33162916513e-14, 8.25597186102e-14, 3.69708942822e-14, 4.0532707636e-15, 1.8835357828e-16],
        "stdev": [0.00018442660803, 0.00189827627037, 0.0042684674263, 0.0048046070151, 0.00402811029926, 0.00307134352624, 0.00301242945716, 0.0035966723226, 0.00310502713546, 0.00163744285237, 0.00084268709179, 0.000659587793052, 0.00141622556839, 0.000948568456806, 0.000702718272805, 0.000788506120443, 0.000777185487095, 0.000895421893802, 0.000907667621505, 0.000438908144133, 0.00108042743523, 0.000779992318712, 0.00096788170049, 0.000873913406394, 0.000970804190729, 0.00106265430804, 0.000893014657777, 0.000968492473476, 0.000410516455304, 0.000666464620735, 0.000850829703268, 0.000373851362383, 0.000115443785035, 0.000252695317613, 0.000245869683567, 0.000170750936377, 0.000167515318026, 0.000125794205815, 0.000105912091385, 0.000109925524157, 0.000105790604721, 0.000117765506729, 9.98883551802e-05, 6.35313917883e-05, 6.47784399916e-05, 0.000194094565813, 0.000332630181219, 0.00015716109192, 9.68775348156e-05, 7.72377170506e-05, 0.0001038119226, 0.000138052302646, 0.000109178581624, 9.6721414593e-05, 0.000127981431433, 5.16249310749e-05, 6.67564308969e-05, 3.29434587911e-05, 3.41412523994e-05, 2.88368955808e-05, 3.11445328407e-05, 2.55584072875e-05, 1.99514634005e-05, 1.86506513273e-05, 1.58657676366e-05, 1.42729277286e-05, 1.50707573994e-05, 2.23460574489e-05, 2.70559248747e-05, 3.24617285514e-05, 1.77629572136e-05, 1.59325318236e-05, 1.38299110404e-05, 1.36199350891e-05, 7.91081220086e-06, 1.01047598946e-05, 7.6755459304e-06, 8.59867941472e-06, 6.02527597948e-06, 7.95603682491e-06, 7.28920849724e-06, 1.2786883417e-05, 1.04736918729e-05, 6.79704680806e-06, 9.106831385e-06, 1.25110673252e-05, 7.04790772943e-06, 5.54707730771e-06, 6.75176988807e-06, 6.94587606631e-06, 8.11761401565e-06, 7.10041695129e-06, 7.20152047506e-06, 5.15537885803e-06, 4.31557418779e-06, 4.24905783802e-06, 3.30827242578e-06, 2.17541878555e-06, 1.66016593539e-06, 1.65429651133e-06, 1.10358996608e-06, 8.12418988971e-07, 6.16868931047e-07, 8.51374693411e-07, 6.335238254e-07, 5.33192178409e-07, 1.38728793786e-07, 9.25346732572e-09, 5.83271209109e-10, 5.65340330105e-10, 5.47731082712e-10, 5.30208266181e-10, 5.13644682343e-10, 4.97549446088e-10, 4.82817508196e-10, 4.69385863511e-10, 4.56226167955e-10, 4.44780046127e-10, 4.32545721463e-10, 4.22109597276e-10, 4.13369449781e-10, 4.04944383581e-10, 3.96291943705e-10, 3.90432436381e-10, 3.8556227655e-10, 3.81837700347e-10, 3.78437003956e-10, 3.76450842721e-10]
    },
    "mfcc": {
        "mean": [-616.846923828, 104.548812866, 4.84600830078, 29.6479892731, -3.4379825592, 12.9188632965, -3.55487394333, 11.9646110535, -2.45097017288, 8.01144886017, -2.61805176735, 1.29418718815, -1.30725085735],
        "cov": [[1182.06433105, -111.917915344, -32.5200843811, -56.8992233276, -40.7126655579, -50.1222190857, -33.3636131287, -27.0813961029, -35.5421714783, 28.8639030457, 60.2821311951, -2.63964271545, 1.21021425724], [-111.917915344, 481.200836182, -184.197540283, 16.0811786652, -6.10948514938, 9.92323684692, 28.412727356, 71.6627960205, 28.3758411407, 26.2733440399, 4.75490522385, 0.539206445217, 4.01432847977], [-32.5200843811, -184.197540283, 390.131408691, 58.5929756165, 98.5792236328, 88.5706939697, 31.6440582275, -0.677747309208, 3.51385450363, -28.7511520386, 27.7275371552, 51.6105079651, 5.67131090164], [-56.8992233276, 16.0811786652, 58.5929756165, 177.776000977, 91.0352630615, 34.3028869629, -24.4717884064, -17.4202136993, -16.5313186646, 6.7811384201, 9.23626708984, 40.8401069641, 41.6800193787], [-40.7126655579, -6.10948514938, 98.5792236328, 91.0352630615, 201.393341064, 53.6915206909, -36.6288719177, -6.15298128128, 19.1826000214, -5.92446804047, -1.24327874184, 49.8736228943, 36.3393058777], [-50.1222190857, 9.92323684692, 88.5706939697, 34.3028869629, 53.6915206909, 158.423278809, 68.5698699951, 58.0581130981, 17.7740020752, 4.18002510071, 31.9164943695, 13.4195365906, -9.17849254608], [-33.3636131287, 28.412727356, 31.6440582275, -24.4717884064, -36.6288719177, 68.5698699951, 156.315734863, 63.5992774963, 2.84678173065, 10.2417573929, 26.8124504089, -5.1910572052, -12.3469142914], [-27.0813961029, 71.6627960205, -0.677747309208, -17.4202136993, -6.15298128128, 58.0581130981, 63.5992774963, 118.647453308, 60.3342285156, 28.4344577789, 17.1863689423, -2.72365641594, -10.3182926178], [-35.5421714783, 28.3758411407, 3.51385450363, -16.5313186646, 19.1826000214, 17.7740020752, 2.84678173065, 60.3342285156, 134.806335449, 30.0419597626, 8.23436069489, -10.4664392471, -12.5351953506], [28.8639030457, 26.2733440399, -28.7511520386, 6.7811384201, -5.92446804047, 4.18002510071, 10.2417573929, 28.4344577789, 30.0419597626, 120.078147888, 55.2089309692, 11.6591844559, 3.13252329826], [60.2821311951, 4.75490522385, 27.7275371552, 9.23626708984, -1.24327874184, 31.9164943695, 26.8124504089, 17.1863689423, 8.23436069489, 55.2089309692, 97.6049728394, 33.4563369751, 3.67358112335], [-2.63964271545, 0.539206445217, 51.6105079651, 40.8401069641, 49.8736228943, 13.4195365906, -5.1910572052, -2.72365641594, -10.4664392471, 11.6591844559, 33.4563369751, 85.5022964478, 46.9448280334], [1.21021425724, 4.01432847977, 5.67131090164, 41.6800193787, 36.3393058777, -9.17849254608, -12.3469142914, -10.3182926178, -12.5351953506, 3.13252329826, 3.67358112335, 46.9448280334, 87.8761825562]],
        "icov": [[0.000960086996201, 0.000261568900896, 0.000128228770336, 0.00031225848943, -0.000127362305648, 0.000274148595054, 0.000295191275654, -0.000269479380222, 0.000383598613553, 7.77298700996e-05, -0.000994392088614, 0.000376108597266, -0.000197821733309], [0.000261568900896, 0.00316272559576, 0.00189568719361, -0.000767912366427, -0.00051016866928, 0.000191168190213, -0.00038644761662, -0.00193363369908, 9.51861366048e-05, 0.000430101237725, -0.000418875162723, -0.000739212788176, 0.000454050663393], [0.000128228770336, 0.00189568719361, 0.00474603427574, -0.000794229737949, -0.00138280366082, -0.00112537085079, -0.00113468314521, -1.09120519483e-05, -0.000546781811863, 0.00152720871847, -0.000868476985488, -0.00228294846602, 0.00139907852281], [0.00031225848943, -0.000767912366427, -0.000794229737949, 0.00877040810883, -0.00249426229857, -0.00172459718306, 0.00127043446992, 0.00123711058404, 0.00138840603177, -0.00130256882403, -6.46487533231e-05, -3.15220750053e-05, -0.00263869878836], [-0.000127362305648, -0.00051016866928, -0.00138280366082, -0.00249426229857, 0.00944146327674, -0.00357320369221, 0.00257450249046, 0.00140896381345, -0.00220633787103, -0.000312463700539, 0.00263420538977, -0.00340193719603, -0.0010493620066], [0.000274148595054, 0.000191168190213, -0.00112537085079, -0.00172459718306, -0.00357320369221, 0.0125521849841, -0.00365400174633, -0.0049387072213, 0.0011166658951, 0.00179471820593, -0.00365246320143, 0.00143959629349, 0.00205242470838], [0.000295191275654, -0.00038644761662, -0.00113468314521, 0.00127043446992, 0.00257450249046, -0.00365400174633, 0.0112707950175, -0.00472618034109, 0.00239029689692, 0.000168766157003, -0.00169368926436, 0.00129782524891, -0.00122095714323], [-0.000269479380222, -0.00193363369908, -1.09120519483e-05, 0.00123711058404, 0.00140896381345, -0.0049387072213, -0.00472618034109, 0.0184800494462, -0.00696764327586, -0.00251583359204, 0.00241495459341, -0.00167084357236, -0.000199238245841], [0.000383598613553, 9.51861366048e-05, -0.000546781811863, 0.00138840603177, -0.00220633787103, 0.0011166658951, 0.00239029689692, -0.00696764327586, 0.0115936761722, -0.0017617699923, -0.00091301498469, 0.00256621511653, 0.00029771233676], [7.77298700996e-05, 0.000430101237725, 0.00152720871847, -0.00130256882403, -0.000312463700539, 0.00179471820593, 0.000168766157003, -0.00251583359204, -0.0017617699923, 0.0133142480627, -0.00825455319136, 0.00090580311371, -0.000321235973388], [-0.000994392088614, -0.000418875162723, -0.000868476985488, -6.46487533231e-05, 0.00263420538977, -0.00365246320143, -0.00169368926436, 0.00241495459341, -0.00091301498469, -0.00825455319136, 0.0200562793761, -0.00878600776196, 0.00271352240816], [0.000376108597266, -0.000739212788176, -0.00228294846602, -3.15220750053e-05, -0.00340193719603, 0.00143959629349, 0.00129782524891, -0.00167084357236, 0.00256621511653, 0.00090580311371, -0.00878600776196, 0.024311022833, -0.0105520673096], [-0.000197821733309, 0.000454050663393, 0.00139907852281, -0.00263869878836, -0.0010493620066, 0.00205242470838, -0.00122095714323, -0.000199238245841, 0.00029771233676, -0.000321235973388, 0.00271352240816, -0.0105520673096, 0.0185538139194]]
    },
    "spectral_contrast_coeffs": {
        "max": [-0.417414069176, -0.45071554184, -0.49191442132, -0.579038441181, -0.6497823596, -0.603685677052],
        "mean": [-0.724171042442, -0.741290032864, -0.762655556202, -0.811287581921, -0.806861460209, -0.734685540199],
        "min": [-0.913833975792, -0.907085299492, -0.901818156242, -0.902564287186, -0.872564911842, -0.85206258297],
        "stdev": [0.0764394700527, 0.0751632899046, 0.0759950652719, 0.0487277880311, 0.0316561982036, 0.0312899835408]
    },
    "spectral_contrast_valleys": {
        "max": [-5.27369689941, -4.92706727982, -5.2190747261, -6.03880214691, -5.95377111435, -7.91476535797],
        "mean": [-6.4536614418, -6.7176322937, -7.19855594635, -7.34999656677, -7.08839130402, -9.88789558411],
        "min": [-8.38696956635, -8.18400096893, -8.5978307724, -8.80945682526, -8.30393695831, -11.3239145279],
        "stdev": [0.513562381268, 0.521710336208, 0.485102176666, 0.412202298641, 0.37139108777, 0.598842918873]
    }
},
"rhythm": {
    "beats_count": 67,
    "beats_loudness": {
        "max": 0.111848704517,
        "mean": 0.0544715188444,
        "min": 0.0139850713313,
        "stdev": 0.021454943344
    },
    "bpm": 112.946594238,
    "bpm_histogram_first_peak_bpm": 112,
    "bpm_histogram_first_peak_weight": 0.285714268684,
    "bpm_histogram_second_peak_bpm": 105,
    "bpm_histogram_second_peak_spread": 0.333333313465,
    "bpm_histogram_second_peak_weight": 0.0303030312061,
    "danceability": 1.75122141838,
    "onset_rate": 3.86083865166,
    "beats_loudness_band_ratio": {
        "max": [0.939919948578, 0.388960748911, 0.788028180599, 0.724721670151, 0.421619802713, 0.224501639605],
        "mean": [0.648365914822, 0.0860607996583, 0.137149855494, 0.074226424098, 0.0492034852505, 0.0383207798004],
        "min": [0.0620549172163, 0.0098708383739, 0.00903260428458, 0.00710090249777, 0.00611021881923, 0.00907402858138],
        "stdev": [0.220739915967, 0.0712856426835, 0.154116481543, 0.120733685791, 0.0693866163492, 0.0323082059622]
    },
    "beats_position": [0.557278871536, 1.1261677742, 1.70666658878, 2.27555561066, 2.83283448219, 3.36689329147, 3.90095233917, 4.43501138687, 4.95746040344, 5.47990942001, 6.01396799088, 6.54802703857, 7.08208608627, 7.61614513397, 8.15020370483, 8.68426322937, 9.21832180023, 9.74077033997, 10.2632198334, 10.7972784042, 11.3313379288, 11.8653964996, 12.3994560242, 12.9219045639, 13.4559631348, 13.9784126282, 14.512471199, 15.0465307236, 15.5805892944, 16.114648819, 16.6487064362, 17.1827659607, 17.7052154541, 18.2276649475, 18.7617225647, 19.2957820892, 19.8298416138, 20.363899231, 20.8863487244, 21.4087982178, 21.942855835, 22.4769153595, 23.010974884, 23.5450344086, 24.0790920258, 24.6131515503, 25.1472110748, 25.6696586609, 26.1921081543, 26.7261676788, 27.2602272034, 27.7942848206, 28.3283443451, 28.8624038696, 29.3848514557, 29.9189109802, 30.4413604736, 30.9754180908, 31.5094776154, 32.0435371399, 32.5659866333, 33.0884361267, 33.6224937439, 34.1565513611, 34.690612793, 35.2130622864, 35.7471199036],
