{
"metadata": {
    "version": {
        "essentia": "2.1-beta5",
        "essentia_git_sha": "Undefined",
        "extractor": "music 2.0"
    },
    "audio_properties": {
        "analysis": {
            "equal_loudness": 0,
            "length": 29.0017242432,
            "sample_rate": 44100,
            "start_time": 0,
            "downmix": "mix"
        },
        "bit_rate": 192000,
        "length": 186.421417236,
        "lossless": 0,
        "number_channels": 2,
        "replay_gain": -7.4256401062,
        "sample_rate": 48000,
        "codec": "mp3",
        "md5_encoded": "3a3c728e3687561f87406dca338d944d"
    },
    "tags": {
        "file_name": "Israel_Light A Candle_Sarit Hadad.mp3",
        "encoding": ["Lavf58.29.100"]
    }
},
"lowlevel": {
    "average_loudness": 0.381293296814,
    "barkbands_crest": {
        "max": 25.8205108643,
        "mean": 10.5090961456,
        "min": 2.93940091133,
        "stdev": 4.64492845535
    },
    "barkbands_flatness_db": {
        "max": 0.389420360327,
        "mean": 0.191675394773,
        "min": 0.0508488677442,
        "stdev": 0.0580420158803
    },
    "barkbands_kurtosis": {
        "max": 71.7941665649,
        "mean": 3.97334957123,
        "min": -1.7852973938,
        "stdev": 6.20011806488
    },
    "barkbands_skewness": {
        "max": 6.94682073593,
        "mean": 1.10347926617,
        "min": -2.16247296333,
        "stdev": 1.39718067646
    },
    "barkbands_spread": {
        "max": 63.2523841858,
        "mean": 13.0869607925,
        "min": 0.481327950954,
        "stdev": 7.41287183762
    },
    "dissonance": {
        "max": 0.499924093485,
        "mean": 0.451853454113,
        "min": 0.25234824419,
        "stdev": 0.0358892306685
    },
    "dynamic_complexity": 4.92161893845,
    "erbbands_crest": {
        "max": 31.3584766388,
        "mean": 10.6181097031,
        "min": 2.60370469093,
        "stdev": 5.41469669342
    },
    "erbbands_flatness_db": {
        "max": 0.450631260872,
        "mean": 0.233702197671,
        "min": 0.0823997706175,
        "stdev": 0.0550049543381
    },
    "erbbands_kurtosis": {
        "max": 70.5136260986,
        "mean": 1.2329595089,
        "min": -1.63366508484,
        "stdev": 4.00791931152
    },
    "erbbands_skewness": {
        "max": 5.37444496155,
        "mean": 0.595295369625,
        "min": -2.04171013832,
        "stdev": 0.814932882786
    },
    "erbbands_spread": {
        "max": 75.6026382446,
        "mean": 23.777425766,
        "min": 0.712499260902,
        "stdev": 9.42313289642
    },
    "hfc": {
        "max": 173.65020752,
        "mean": 11.1845064163,
        "min": 1.09328077749e-16,
        "stdev": 19.0902557373
    },
    "loudness_ebu128": {
        "integrated": -18.1720676422,
        "loudness_range": 7.68454456329,
        "momentary": {
            "max": -11.2076187134,
            "mean": -38.3306388855,
            "min": -300.691009521,
            "stdev": 67.9319839478
        },
        "short_term": {
            "max": -14.6870965958,
            "mean": -19.4668903351,
            "min": -31.8893642426,
            "stdev": 3.20632481575
        }
    },
    "melbands_crest": {
        "max": 29.6916065216,
        "mean": 12.9094238281,
        "min": 1.04198336601,
        "stdev": 6.32783985138
    },
    "melbands_flatness_db": {
        "max": 0.393848955631,
        "mean": 0.19494882226,
        "min": 1.19257856568e-05,
        "stdev": 0.0805339962244
    },
    "melbands_kurtosis": {
        "max": 118.613761902,
        "mean": 7.22121620178,
        "min": -1.65630435944,
        "stdev": 10.709561348
    },
    "melbands_skewness": {
        "max": 9.47638511658,
        "mean": 1.70107495785,
        "min": -1.98206090927,
        "stdev": 1.41937947273
    },
    "melbands_spread": {
        "max": 158.896057129,
        "mean": 26.481962204,
        "min": 1.03242135048,
        "stdev": 32.5649032593
    },
    "pitch_salience": {
        "max": 0.99648809433,
        "mean": 0.585448622704,
        "min": 0.0803721025586,
        "stdev": 0.143504559994
    },
    "silence_rate_20dB": {
        "max": 1,
        "mean": 1,
        "min": 1,
        "stdev": 0
    },
    "silence_rate_30dB": {
        "max": 1,
        "mean": 0.996800005436,
        "min": 0,
        "stdev": 0.0564780496061
    },
    "silence_rate_60dB": {
        "max": 1,
        "mean": 0.345600008965,
        "min": 0,
        "stdev": 0.475566446781
    },
    "spectral_centroid": {
        "max": 11715.7226562,
        "mean": 1858.92565918,
        "min": 372.79498291,
        "stdev": 2633.06152344
    },
    "spectral_complexity": {
        "max": 35,
        "mean": 9.67360019684,
        "min": 0,
        "stdev": 6.31980037689
    },
    "spectral_decrease": {
        "max": 2.18878928914e-28,
        "mean": -2.82117595951e-09,
        "min": -3.16660155875e-08,
        "stdev": 3.74347530752e-09
    },
    "spectral_energy": {
        "max": 0.135265350342,
        "mean": 0.0116622392088,
        "min": 9.97132139544e-21,
        "stdev": 0.0156639777124
    },
    "spectral_energyband_high": {
        "max": 0.0110735194758,
        "mean": 0.000213889856241,
        "min": 7.0574427862e-21,
        "stdev": 0.000691026216373
    },
    "spectral_energyband_low": {
        "max": 0.00751554733142,
        "mean": 0.000325305416482,
        "min": 9.87605022847e-24,
        "stdev": 0.000907324545551
    },
    "spectral_energyband_middle_high": {
        "max": 0.120391331613,
        "mean": 0.00485609192401,
        "min": 1.16145346654e-21,
        "stdev": 0.0103268893436
    },
    "spectral_energyband_middle_low": {
        "max": 0.0990771874785,
        "mean": 0.00646661920473,
        "min": 1.95345764799e-22,
        "stdev": 0.00909315887839
    },
    "spectral_entropy": {
        "max": 9.82754802704,
        "mean": 7.36059236526,
        "min": 5.66113948822,
        "stdev": 0.803475618362
    },
    "spectral_flux": {
        "max": 0.257706612349,
        "mean": 0.046607259661,
        "min": 6.35013847061e-11,
        "stdev": 0.0393257252872
    },
    "spectral_kurtosis": {
        "max": 33.9728622437,
        "mean": 5.93608808517,
        "min": -1.28269505501,
        "stdev": 4.02522325516
    },
    "spectral_rms": {
        "max": 0.0114876544103,
        "mean": 0.00275607453659,
        "min": 3.11899312801e-12,
        "stdev": 0.00194469094276
    },
    "spectral_rolloff": {
        "max": 19659.8144531,
        "mean": 2611.39990234,
        "min": 301.46484375,
        "stdev": 4632.06884766
    },
    "spectral_skewness": {
        "max": 4.30605125427,
        "mean": 1.6782951355,
        "min": -0.063686773181,
        "stdev": 0.643060326576
    },
    "spectral_spread": {
        "max": 42790832,
        "mean": 5889733,
        "min": 1913855.375,
        "stdev": 9727890
    },
    "spectral_strongpeak": {
        "max": 15.9817371368,
        "mean": 1.18333697319,
        "min": 0,
        "stdev": 1.76433777809
    },
    "zerocrossingrate": {
        "max": 0.54345703125,
        "mean": 0.0837578102946,
        "min": 0.01513671875,
        "stdev": 0.121123090386
    },
    "barkbands": {
        "max": [2.08606925298e-05, 0.00215893192217, 0.00534016359597, 0.00117707822938, 0.0349713750184, 0.0781533271074, 0.0698199570179, 0.0242020916194, 0.0266190711409, 0.0253939349204, 0.037415061146, 0.0193996634334, 0.10474191606, 0.0176614504308, 0.0125828618184, 0.0164452474564, 0.0170259270817, 0.0125609925017, 0.00878140702844, 0.00436205230653, 0.00297197746113, 0.00294190458953, 0.0039430949837, 0.0016888420796, 0.000870504067279, 9.95598566078e-06, 8.83017321485e-08],
        "mean": [1.01501586869e-06, 8.71502124937e-05, 0.000209663194255, 6.38581259409e-05, 0.000727853388526, 0.0022520951461, 0.00205480982549, 0.000486286415253, 0.000609366339631, 0.000909123918973, 0.000871286028996, 0.000481565628434, 0.000933936506044, 0.000387838983443, 0.000311932410114, 0.000400012126192, 0.000229553741519, 0.000160560768563, 0.000246012437856, 0.00011412272579, 5.71109885641e-05, 1.46548154589e-05, 2.10736816371e-05, 2.44582661253e-05, 6.87729652782e-06, 2.0540845469e-08, 4.69847050155e-10],
        "min": [6.67079566205e-25, 2.12680962681e-24, 1.5833801125e-24, 5.2077091462e-25, 6.18877551794e-24, 4.85225108472e-24, 8.26380392051e-24, 5.29777171942e-24, 1.46857280679e-23, 1.45843862628e-23, 1.49528884352e-23, 2.17446763288e-23, 2.24196888282e-23, 2.18286931707e-23, 4.6306103582e-23, 6.02180632315e-23, 7.35681961443e-23, 8.8067251323e-23, 1.19440684975e-22, 1.13855284709e-22, 2.35763412999e-22, 2.38350447628e-22, 3.95174279024e-22, 5.9185802765e-22, 7.87876558273e-22, 1.24303617394e-21, 1.91396325735e-21],
        "stdev": [1.82216103894e-06, 0.00024983874755, 0.000646861677524, 0.000122945231851, 0.00150249456055, 0.00501837674528, 0.00511279376224, 0.00133581145201, 0.00201248261146, 0.00216856761836, 0.00295634265058, 0.00173782976344, 0.0061602126807, 0.00142857455648, 0.0010794615373, 0.00152241543401, 0.00102957116906, 0.00072044407716, 0.000858304090798, 0.000361527490895, 0.000202632611035, 0.000115684146294, 0.000163817137945, 9.72246853053e-05, 4.28469538747e-05, 3.10668582415e-07, 2.69285038712e-09]
    },
    "erbbands": {
        "max": [0.0119310962036, 0.761459350586, 6.33111715317, 3.05442285538, 6.51130628586, 102.494812012, 423.368804932, 773.49230957, 1258.78308105, 513.215332031, 572.635986328, 727.678283691, 410.461700439, 1571.63305664, 1437.6472168, 936.905944824, 4427.73974609, 1277.40112305, 1154.94128418, 882.143371582, 851.690979004, 938.086242676, 787.078186035, 613.549255371, 101.466003418, 201.182281494, 183.277191162, 81.8272247314, 95.6656036377, 120.226608276, 109.038116455, 46.8370780945, 29.1994800568, 12.499584198, 5.5564789772, 0.309126794338, 0.00837497413158, 0.000587978865951, 8.92163661774e-05, 0.000167477235664],
        "mean": [0.000809168326668, 0.0286670234054, 0.223207905889, 0.215524494648, 0.501449584961, 2.54355764389, 11.1174936295, 18.9380722046, 34.2272644043, 15.8652734756, 11.0273694992, 14.8376188278, 23.8824996948, 41.415813446, 18.405292511, 21.8430118561, 44.4002418518, 20.2997188568, 20.4407348633, 18.6089096069, 22.4467258453, 11.3767566681, 9.76662540436, 15.3574638367, 5.03642940521, 5.43838977814, 4.60956048965, 0.978268444538, 0.505196511745, 0.576427519321, 0.636968553066, 0.623665571213, 0.311499983072, 0.127045169473, 0.025311017409, 0.00141529238317, 5.27974007127e-05, 6.76528816257e-06, 7.42758447814e-06, 1.42893914017e-05],
        "min": [8.52094102117e-23, 4.73869831239e-22, 2.59121152738e-21, 9.06973087847e-21, 1.36324728698e-20, 1.5800553645e-20, 3.71183115028e-20, 7.32224672629e-20, 9.07380425831e-20, 2.16965804059e-19, 2.99453728158e-19, 3.87426376706e-19, 4.24593798827e-19, 8.69362791288e-19, 7.9875723914e-19, 1.44310477673e-18, 1.75261932173e-18, 1.86750106034e-18, 2.89889126623e-18, 2.69499579473e-18, 3.96223111649e-18, 5.29227591652e-18, 5.72632281293e-18, 7.59351057861e-18, 5.55523787402e-18, 5.58291533731e-18, 7.86521128569e-18, 1.0152647748e-17, 9.16091857773e-18, 1.12414705514e-17, 1.22923522344e-17, 1.20099817246e-17, 9.12772878283e-18, 7.62451330797e-18, 6.05706353623e-18, 3.85964583128e-18, 2.51174489016e-18, 9.65738018047e-19, 2.68845667349e-19, 2.70037343806e-20],
        "stdev": [0.00155902199913, 0.0882711037993, 0.750875294209, 0.384721189737, 0.808411300182, 5.32755947113, 23.1097888947, 45.5696411133, 91.5536346436, 37.8627166748, 27.9519805908, 49.7273254395, 50.251159668, 124.039199829, 62.7174034119, 74.4993133545, 280.467529297, 71.9770431519, 69.6963119507, 60.3018264771, 82.9083709717, 47.7519493103, 44.7519340515, 54.1433677673, 13.0132398605, 17.7928962708, 15.5116891861, 3.80089664459, 3.79112839699, 4.98731136322, 4.58957529068, 2.48891162872, 1.4105348587, 0.694161236286, 0.214568093419, 0.0130779575557, 0.000363064114936, 2.82731325569e-05, 1.08012773126e-05, 1.94299136638e-05]
    },
    "gfcc": {
        "mean": [-191.826629639, 109.693565369, -165.238449097, 13.2589120865, -80.3013381958, -0.999269425869, -46.30991745, -3.0767159462, -15.5138206482, -13.3608026505, 7.87504863739, -15.0787935257, 11.465590477],
        "cov": [[96133.7578125, 9185.54199219, -14441.4199219, 1208.98632812, -6848.41064453, -62.1596450806, -3932.14208984, -279.114715576, -1301.90698242, -1200.09020996, 993.405639648, -1441.20556641, 1074.19824219], [9185.54199219, 2152.51928711, -942.454772949, 129.044067383, -536.808166504, -144.267669678, -201.716461182, -181.628463745, -103.191886902, -253.075714111, 132.247329712, -227.820831299, 107.440475464], [-14441.4199219, -942.454772949, 2722.90942383, -65.0588912964, 1083.39685059, 29.7745704651, 625.51739502, 25.7215995789, 193.474761963, 120.400535583, -169.402023315, 207.894821167, -170.027389526], [1208.98632812, 129.044067383, -65.0588912964, 290.936187744, 21.4212551117, 95.9222412109, -11.0775508881, 34.8107872009, -5.80803060532, -17.3229446411, -63.5386123657, -31.89012146, -23.268573761], [-6848.41064453, -536.808166504, 1083.39685059, 21.4212551117, 713.147338867, 98.1377029419, 401.153533936, 38.5893325806, 93.459274292, 92.5398635864, -75.160774231, 53.1233940125, -105.438224792], [-62.1596450806, -144.267669678, 29.7745704651, 95.9222412109, 98.1377029419, 268.465698242, 97.4225616455, 43.6786651611, -48.5654945374, 41.4509506226, -71.2880783081, -27.9797496796, -70.9528961182], [-3932.14208984, -201.716461182, 625.51739502, -11.0775508881, 401.153533936, 97.4225616455, 371.238128662, -3.75094413757, 53.9745674133, 33.3715362549, -14.3897743225, -0.704580724239, -75.4978942871], [-279.114715576, -181.628463745, 25.7215995789, 34.8107872009, 38.5893325806, 43.6786651611, -3.75094413757, 131.320678711, 29.2666034698, 20.8768482208, -37.9695243835, 31.4148387909, -2.68040537834], [-1301.90698242, -103.191886902, 193.474761963, -5.80803060532, 93.459274292, -48.5654945374, 53.9745674133, 29.2666034698, 107.770828247, 2.81012749672, 6.20692014694, 34.7258834839, 0.584040820599], [-1200.09020996, -253.075714111, 120.400535583, -17.3229446411, 92.5398635864, 41.4509506226, 33.3715362549, 20.8768482208, 2.81012749672, 135.741073608, 26.978181839, 16.6839981079, -22.6124172211], [993.405639648, 132.247329712, -169.402023315, -63.5386123657, -75.160774231, -71.2880783081, -14.3897743225, -37.9695243835, 6.20692014694, 26.978181839, 186.341964722, -14.8702306747, 32.5084877014], [-1441.20556641, -227.820831299, 207.894821167, -31.89012146, 53.1233940125, -27.9797496796, -0.704580724239, 31.4148387909, 34.7258834839, 16.6839981079, -14.8702306747, 103.300964355, 17.1336097717], [1074.19824219, 107.440475464, -170.027389526, -23.268573761, -105.438224792, -70.9528961182, -75.4978942871, -2.68040537834, 0.584040820599, -22.6124172211, 32.5084877014, 17.1336097717, 98.9133834839]],
        "icov": [[0.000293690478429, -0.000534177059308, 0.000746940262616, -0.000598257873207, 0.000711725850124, -0.0008412990137, 0.000784813368227, -0.000514860148542, 0.000250968179898, 0.000509153702296, -0.000742204370908, 0.000604255008511, -0.00047158554662], [-0.000534177059308, 0.00200904393569, -0.00146036944352, 0.00048798910575, -0.000745450903196, 0.00182694813702, -0.00167336012237, 0.00145188521128, -0.000213665422052, 0.000328502850607, 0.000794910883997, 0.000590766896494, 0.000214185783989], [0.000746940262616, -0.00146036944352, 0.00322457379662, -0.00138866866473, 0.000394777162001, -0.00145888188854, 0.001328533981, -0.00076698436169, 0.000514180748723, 0.00104486767668, -0.00110768771265, -0.000533504819032, -0.000249414413702], [-0.000598257873207, 0.00048798910575, -0.00138866866473, 0.00618255557492, -0.00268824561499, -0.000385311548598, 0.000125246981042, 0.000344011932611, -0.00191179709509, -0.000699619704392, 0.0024694618769, -0.000467002100777, 0.00111794704571], [0.000711725850124, -0.000745450903196, 0.000394777162001, -0.00268824561499, 0.00867023412138, -0.00127890962176, -0.0028836405836, -0.00193020480219, 0.000176256944542, -0.00059916486498, -0.000967001949903, 0.00249667000026, -0.00105461210478], [-0.0008412990137, 0.00182694813702, -0.00145888188854, -0.000385311548598, -0.00127890962176, 0.0110834650695, -0.00621155649424, -0.00093125202693, 0.00409702584147, -0.00357317575254, 0.00423219194636, -0.00192389660515, 0.00447574257851], [0.000784813368227, -0.00167336012237, 0.001328533981, 0.000125246981042, -0.0028836405836, -0.00621155649424, 0.0122003545985, -7.89908517618e-05, -0.00207650242373, 0.00374433537945, -0.00431584799662, 0.00417757686228, -0.00104875245597], [-0.000514860148542, 0.00145188521128, -0.00076698436169, 0.000344011932611, -0.00193020480219, -0.00093125202693, -7.89908517618e-05, 0.012221978046, -0.00457606138662, -0.00149074068759, 0.00266330013983, -0.00309085752815, -0.000331483810442], [0.000250968179898, -0.000213665422052, 0.000514180748723, -0.00191179709509, 0.000176256944542, 0.00409702584147, -0.00207650242373, -0.00457606138662, 0.0157880280167, 0.00133493007161, -0.00179982848931, -0.00206656497903, 0.000519971421454], [0.000509153702296, 0.000328502850607, 0.00104486767668, -0.000699619704392, -0.00059916486498, -0.00357317575254, 0.00374433537945, -0.00149074068759, 0.00133493007161, 0.0130925336853, -0.00561474310234, 0.00198197644204, -0.000151803193148], [-0.000742204370908, 0.000794910883997, -0.00110768771265, 0.0024694618769, -0.000967001949903, 0.00423219194636, -0.00431584799662, 0.00266330013983, -0.00179982848931, -0.00561474310234, 0.0107352277264, -0.00177582993638, 0.000163273100043], [0.000604255008511, 0.000590766896494, -0.000533504819032, -0.000467002100777, 0.00249667000026, -0.00192389660515, 0.00417757686228, -0.00309085752815, -0.00206656497903, 0.00198197644204, -0.00177582993638, 0.0206834506243, -0.00637846253812], [-0.00047158554662, 0.000214185783989, -0.000249414413702, 0.00111794704571, -0.00105461210478, 0.00447574257851, -0.00104875245597, -0.000331483810442, 0.000519971421454, -0.000151803193148, 0.000163273100043, -0.00637846253812, 0.0171232167631]]
    },
    "melbands": {
        "max": [0.000299676728901, 0.00232448382303, 0.000685229722876, 0.00282410951331, 0.0118804192171, 0.0161149762571, 0.0161235947162, 0.00572942616418, 0.00420610280707, 0.00474537862465, 0.00240093516186, 0.00582976778969, 0.00353615637869, 0.00266656442545, 0.00304745673202, 0.014498452656, 0.000587990274653, 0.0024615006987, 0.00132827658672, 0.00139872555155, 0.0013203896815, 0.00133722368628, 0.000814610917587, 0.000467527686851, 0.000635175034404, 0.000172567815753, 7.69569087424e-05, 0.000187688914593, 0.000157366637723, 7.21321994206e-05, 4.58602808067e-05, 5.43954629393e-05, 6.29857750027e-05, 6.86050116201e-05, 7.21578471712e-05, 4.29540850746e-05, 2.5498236937e-05, 1.98515499505e-05, 1.81591367436e-05, 1.07339610622e-05],
        "mean": [1.47330347318e-05, 8.59842984937e-05, 4.54885666841e-05, 9.08883303055e-05, 0.000337466219207, 0.000467912206659, 0.000488844234496, 0.000148553910549, 9.04009139049e-05, 9.25455169636e-05, 0.000119827636809, 0.000165593723068, 7.77046079747e-05, 3.97542826249e-05, 7.55599394324e-05, 0.000106393781607, 2.84531124635e-05, 3.52418537659e-05, 2.67864579655e-05, 2.63387173618e-05, 2.7354222766e-05, 1.39361736728e-05, 7.82555252954e-06, 6.72833675708e-06, 1.4170974282e-05, 5.55463566343e-06, 1.84566829375e-06, 4.31875059803e-06, 3.52659299097e-06, 1.25894121084e-06, 3.43956372717e-07, 2.54343319739e-07, 3.14592710993e-07, 3.1498171893e-07, 3.62365511819e-07, 4.01471879741e-07, 3.61254336667e-07, 2.14757747585e-07, 1.70582453052e-07, 8.75831034364e-08],
        "min": [6.78486741414e-25, 1.86160543731e-24, 1.78241879079e-24, 1.1891168984e-24, 5.73755496877e-25, 1.33350812495e-24, 1.28924888665e-24, 2.38735697317e-24, 1.93464587131e-24, 1.70111444716e-24, 2.07690549709e-24, 2.91520194866e-24, 1.82889847532e-24, 2.84307422672e-24, 3.19102992518e-24, 2.47555103073e-24, 3.0262540398e-24, 3.51423018235e-24, 3.38287813632e-24, 1.82633507181e-24, 3.29096519124e-24, 4.18115961847e-24, 3.84881606897e-24, 4.79040044544e-24, 5.15505337103e-24, 4.16008125508e-24, 3.06681450654e-24, 3.34688162435e-24, 4.4075216775e-24, 5.21600234229e-24, 4.75720478412e-24, 4.72661985796e-24, 4.95777464143e-24, 5.26168724947e-24, 5.91107675778e-24, 6.31050267208e-24, 6.56849095366e-24, 6.09577552254e-24, 5.43048336723e-24, 5.88202340508e-24],
        "stdev": [3.57811695721e-05, 0.000274947291473, 7.19373856555e-05, 0.000176322457264, 0.000683026155457, 0.00109897844959, 0.00122561969329, 0.000371164816897, 0.000237031636061, 0.000325880566379, 0.000268646195764, 0.00048197581782, 0.000246986397542, 0.000135271300678, 0.000309472263325, 0.00080872036051, 7.53379863454e-05, 0.000145929894643, 0.000105048980913, 0.000102039331978, 0.000116081479064, 6.57736381982e-05, 4.36494301539e-05, 2.57508436334e-05, 5.33698257641e-05, 1.82019321073e-05, 4.74875378131e-06, 1.57246249728e-05, 1.24717280414e-05, 4.69708447781e-06, 1.89734919331e-06, 1.93981145458e-06, 2.56626481132e-06, 2.85124428956e-06, 2.94839878734e-06, 2.00384624804e-06, 1.42312569551e-06, 9.53568530804e-07, 8.72287444054e-07, 5.16518809945e-07]
    },
    "melbands128": {
        "max": [1.1381508557e-05, 6.69134169584e-05, 0.000217056687688, 0.00152515096124, 0.00373047031462, 0.00199035461992, 0.000692190369591, 0.000666343548801, 0.000807421922218, 0.0020963314455, 0.00459734117612, 0.0162067264318, 0.0151615086943, 0.0331906527281, 0.0274080391973, 0.0231288857758, 0.0378552861512, 0.0158924870193, 0.0124333854765, 0.00610125716776, 0.00948594138026, 0.00612537935376, 0.00634548487142, 0.00654027750716, 0.00827303342521, 0.00890953373164, 0.00324054551311, 0.0037706089206, 0.00701575633138, 0.0074947476387, 0.012902691029, 0.00716013554484, 0.00496168248355, 0.010605786927, 0.00401184661314, 0.00198603258468, 0.00597631838173, 0.00659573357552, 0.00779044767842, 0.0184354186058, 0.0258001778275, 0.000694198533893, 0.000994562054984, 0.0016563948011, 0.00398063799366, 0.00434073619545, 0.00195411057211, 0.00325337960385, 0.00189052219503, 0.00280490284786, 0.00188372191042, 0.00311923166737, 0.001933958265, 0.00262426561676, 0.00305890641175, 0.00208174320869, 0.000158142385771, 0.000529053329956, 0.00195814040489, 0.00176990835462, 0.000609275244642, 0.000361808255548, 0.000785384036135, 0.00138334883377, 0.000719842733815, 0.000223406590521, 9.82834317256e-05, 0.00010624909919, 0.000146797581692, 0.000144784033182, 0.000273521669442, 0.00043024457409, 0.000300268409774, 0.00035466052941, 0.000215389285586, 0.000168559272424, 6.29697969998e-05, 3.73140355805e-05, 5.31732730451e-05, 6.11085997662e-05, 4.49347535323e-05, 5.94412013015e-05, 0.000114617934742, 4.27180420957e-05, 6.80238299537e-05, 8.67026683409e-05, 6.44236570224e-05, 9.29418747546e-05, 8.45085160108e-05, 5.08444209117e-05, 5.2067462093e-05, 5.10775753355e-05, 3.15201286867e-05, 3.41934719472e-05, 2.9054855986e-05, 1.16042729132e-05, 2.03836389119e-05, 2.36685846176e-05, 2.59843636741e-05, 1.30060625452e-05, 1.53819255502e-05, 1.20237527881e-05, 5.69498661207e-06, 1.00452589322e-05, 9.73318310571e-06, 2.96783673548e-06, 1.4912612869e-06, 3.89303863813e-07, 5.81395820376e-10, 5.57500379195e-10, 5.40040290264e-10, 5.12080433612e-10, 4.95125551669e-10, 4.72338668178e-10, 4.55064624871e-10, 4.38863750896e-10, 4.24894425199e-10, 4.15698669931e-10, 4.04662164888e-10, 3.93329951942e-10, 3.82288145584e-10, 3.72362918277e-10, 3.68313712862e-10, 3.58631957464e-10, 3.49359319252e-10, 3.46433354226e-10, 3.43788886248e-10, 3.42101930118e-10],
        "mean": [6.12620851825e-07, 2.9864231692e-06, 1.07184341687e-05, 5.47223644389e-05, 0.000118780837511, 9.06234927243e-05, 3.9055954403e-05, 3.42701132467e-05, 4.9803940783e-05, 5.10689314979e-05, 0.000125509890495, 0.000272344099358, 0.000415992399212, 0.000407778745284, 0.000325364380842, 0.000536696286872, 0.000790712714661, 0.000388035783544, 0.000301033753203, 0.000134822519612, 0.000105984174297, 6.74999246257e-05, 0.000103678408777, 8.91415111255e-05, 8.65693582455e-05, 0.000113339003292, 6.27415793133e-05, 0.000137719136546, 0.000150216073962, 0.00010799067968, 0.000241577552515, 0.00015314288612, 3.06664514937e-05, 6.32937299088e-05, 2.38182165049e-05, 2.84475572698e-05, 6.44833853585e-05, 0.000104513754195, 4.00815115427e-05, 0.000128743136884, 0.00015122196055, 1.52450993482e-05, 2.02706978598e-05, 3.13244599965e-05, 5.82832471991e-05, 2.71435656032e-05, 2.0432549718e-05, 3.89670894947e-05, 1.90889186342e-05, 2.11655042222e-05, 3.01247273455e-05, 3.2714320696e-05, 1.66691552295e-05, 3.65563100786e-05, 2.45506325882e-05, 1.2167357454e-05, 3.37169308295e-06, 3.50552431883e-06, 1.17185045383e-05, 1.2397907085e-05, 4.73031013826e-06, 3.56438908966e-06, 8.82730819285e-06, 2.34165599977e-05, 1.36340368044e-05, 2.76538344224e-06, 1.83102838491e-06, 2.33104015024e-06, 1.51998756337e-06, 1.64368020705e-06, 3.77375067728e-06, 7.09329833626e-06, 3.69111080545e-06, 3.05269600176e-06, 2.95122913485e-06, 1.26867598738e-06, 6.04579838637e-07, 4.362696302e-07, 3.11340102144e-07, 2.49636144645e-07, 2.20870248313e-07, 2.36650464558e-07, 3.53041059498e-07, 2.88697236783e-07, 3.28372522063e-07, 3.33960059606e-07, 2.87592371251e-07, 3.37844227261e-07, 3.9904242044e-07, 3.27462061023e-07, 3.82963634138e-07, 3.9618649339e-07, 5.00387329794e-07, 3.88668581763e-07, 2.76928204812e-07, 1.89790284821e-07, 2.0936238343e-07, 2.3406791172e-07, 1.87914181993e-07, 1.30631079287e-07, 1.06526655941e-07, 8.66160121404e-08, 5.52985177649e-08, 4.35863682924e-08, 2.38413697673e-08, 1.12881313186e-08, 6.9454544338e-09, 1.16574760956e-09, 3.12999626217e-12, 2.92459784688e-12, 2.81492060564e-12, 2.73321512992e-12, 2.62258205604e-12, 2.50956373737e-12, 2.44169246454e-12, 2.34318879404e-12, 2.27149722642e-12, 2.20887089002e-12, 2.15500794293e-12, 2.09741620773e-12, 2.04172226001e-12, 1.99759739999e-12, 1.97111055776e-12, 1.92819458317e-12, 1.85722682892e-12, 1.76897060368e-12, 1.71744291965e-12, 1.70279578198e-12],
        "min": [1.53502890477e-25, 5.10410557833e-25, 2.42045328732e-25, 4.25119754925e-25, 7.39712898673e-25, 8.67052502324e-25, 7.29694167962e-25, 2.38320894532e-25, 4.36077575241e-25, 6.02349732539e-25, 5.7517095986e-25, 8.15036172873e-26, 6.55902836989e-26, 7.0439525082e-25, 5.79315191321e-25, 4.00625944293e-25, 7.49033290269e-25, 5.32855277612e-25, 9.3157185804e-25, 2.52573564981e-25, 9.58600895058e-25, 7.14623078975e-25, 6.93409031512e-25, 9.3401880596e-25, 2.63593483441e-25, 1.46100550078e-24, 1.14637523127e-24, 4.61960052237e-25, 1.31326043209e-24, 5.16784060909e-25, 9.73453272359e-25, 6.9109973982e-25, 1.23852049588e-24, 2.72623993305e-25, 8.43697782187e-25, 2.22388369437e-24, 2.38735761412e-25, 1.22537866485e-24, 1.28060060454e-24, 1.1531497715e-24, 8.75969588781e-25, 2.3216361823e-24, 1.38586245665e-24, 8.39617399154e-25, 8.93587712415e-25, 2.40371913164e-24, 2.53536562001e-24, 8.7232130431e-25, 1.10053560875e-24, 1.66540251677e-24, 1.20034495288e-24, 1.3598938459e-24, 1.30200930343e-24, 1.58359971165e-24, 1.97713865283e-24, 2.23087339642e-24, 1.79593552797e-24, 3.15638749296e-24, 1.72583320641e-24, 2.12702538027e-24, 2.79158212e-24, 1.87942580516e-24, 3.00230954753e-24, 1.93088537138e-24, 1.98985725999e-24, 2.8390833794e-24, 2.80065204825e-24, 1.34304604494e-24, 1.82408997368e-24, 1.66103124127e-24, 3.07749923307e-24, 2.35335785702e-24, 2.85949081659e-24, 2.36318134465e-24, 2.74476835287e-24, 3.07667112633e-24, 2.66084834369e-24, 2.67641749973e-24, 3.55142300188e-24, 3.00200307507e-24, 3.56085620059e-24, 3.15297981106e-24, 3.04073082071e-24, 3.93878486635e-24, 2.92176112987e-24, 3.52044837844e-24, 3.43038965092e-24, 2.45332388865e-24, 3.12445657288e-24, 3.90277376046e-24, 4.51776025584e-24, 4.09107998613e-24, 4.54319786459e-24, 3.51711859656e-24, 4.11596342009e-24, 4.05719249379e-24, 5.01402279055e-24, 4.03124173103e-24, 3.49160525716e-24, 4.02055779336e-24, 4.07396367664e-24, 4.13118528012e-24, 4.07206212743e-24, 5.22037499829e-24, 4.63744859896e-24, 4.52768807033e-24, 3.57616167987e-24, 5.08141438882e-24, 4.451837911e-24, 4.28746138646e-24, 5.98856577564e-24, 5.14525532416e-24, 5.35432515772e-24, 5.77845227911e-24, 4.9019966534e-24, 4.21662641034e-24, 5.08717898989e-24, 4.46855032371e-24, 4.42045307989e-24, 5.6415285085e-24, 4.46230215091e-24, 4.94687928903e-24, 5.76708203245e-24, 6.23094131662e-24, 5.69106818448e-24, 5.17758166077e-24, 5.90092609009e-24, 4.10875914788e-24],
        "stdev": [1.00976399153e-06, 6.82718700773e-06, 2.22369562835e-05, 0.000175637891516, 0.000438569491962, 0.000247848307481, 7.86344171502e-05, 7.1016336733e-05, 8.9904795459e-05, 0.00013900353224, 0.000313901342452, 0.000662391074002, 0.000889875169378, 0.00136295042466, 0.00113592040725, 0.00171115086414, 0.00266940891743, 0.00106761488132, 0.00106381787919, 0.000387879816117, 0.000389327877201, 0.000250520708505, 0.000341476436006, 0.000357017561328, 0.000428144237958, 0.000539416039828, 0.000214631581912, 0.000389838445699, 0.000495163607411, 0.000428920378909, 0.000933483941481, 0.000588315364439, 0.000168816361111, 0.000386350846384, 0.000146518388647, 0.000129594831378, 0.000315562821925, 0.000550890050363, 0.000277380546322, 0.00105876463931, 0.00128130160738, 4.82345094497e-05, 7.35191715648e-05, 0.000114057002065, 0.000316263380228, 0.000173535809154, 9.92798304651e-05, 0.000214578787563, 9.28313529585e-05, 0.000145965284901, 0.000125440870761, 0.000194308318896, 0.000113179456093, 0.000214666419197, 0.000141785887536, 9.21004248085e-05, 8.42445388116e-06, 1.87315854419e-05, 9.47488879319e-05, 7.29309467715e-05, 2.31324247579e-05, 1.85117696674e-05, 4.47412166977e-05, 0.000110979097371, 6.1182778154e-05, 1.22284554891e-05, 5.59902991881e-06, 7.10662789061e-06, 5.80361665925e-06, 7.0104651968e-06, 1.72741329152e-05, 3.32715098921e-05, 1.7781085262e-05, 1.61627867783e-05, 1.24070538732e-05, 7.25956942915e-06, 2.79454116026e-06, 1.86475824648e-06, 2.10087773667e-06, 2.03575609703e-06, 1.40689201089e-06, 1.89940681139e-06, 3.71968621948e-06, 1.91882440959e-06, 2.72229249276e-06, 3.31818205268e-06, 2.47793991548e-06, 3.53658720087e-06, 3.30036777996e-06, 2.37547578763e-06, 2.30770524468e-06, 2.12028567148e-06, 1.83048791769e-06, 1.74753938609e-06, 1.31290278205e-06, 7.47521198718e-07, 1.0166301081e-06, 1.20218714983e-06, 1.03775346361e-06, 6.7367199108e-07, 6.72504256727e-07, 5.36326183465e-07, 3.21453427432e-07, 3.86871136016e-07, 3.14067591489e-07, 1.2382743364e-07, 6.64916797177e-08, 1.48184078341e-08, 1.77552764158e-11, 1.70053762738e-11, 1.64463703073e-11, 1.56434414034e-11, 1.51041089358e-11, 1.44145511499e-11, 1.39065356453e-11, 1.33971037389e-11, 1.29684466291e-11, 1.2669934546e-11, 1.23304188041e-11, 1.19872315199e-11, 1.1655005086e-11, 1.13578339442e-11, 1.12189996876e-11, 1.09373742702e-11, 1.06718843831e-11, 1.0577656806e-11, 1.04954387195e-11, 1.04428956801e-11]
    },
    "mfcc": {
        "mean": [-763.123474121, 122.429397583, -29.9680900574, -1.58715033531, -10.8007583618, -16.9611644745, -10.9369697571, -9.90170192719, -13.3802309036, -1.28689777851, -14.620434761, -2.22263979912, -1.36550366879],
        "cov": [[24321.9453125, 4475.40576172, -1458.35900879, -155.137298584, -325.580444336, -821.374511719, -227.634078979, -464.495452881, -643.531311035, 112.601341248, -804.440185547, 123.94744873, -131.252120972], [4475.40576172, 2358.43286133, 7.41184282303, 177.274902344, -120.171989441, -103.487586975, -26.9132614136, -77.1402511597, -181.112564087, 5.55052757263, -145.881454468, -64.6813049316, 7.83967638016], [-1458.35900879, 7.41184282303, 520.182250977, 100.437454224, 66.5780258179, 91.3313369751, 7.44355487823, 78.8879013062, 44.4112625122, -50.0401306152, 62.839466095, -44.4399261475, 9.3885641098], [-155.137298584, 177.274902344, 100.437454224, 225.959335327, 70.4110412598, 48.1954460144, 17.0436115265, 43.1980857849, 46.085357666, 5.51282119751, -1.1257532835, 13.6535310745, -3.94245791435], [-325.580444336, -120.171989441, 66.5780258179, 70.4110412598, 145.369827271, 31.5698184967, 34.796497345, 36.2167778015, 66.4054336548, 1.97684967518, 15.4021778107, 21.3507537842, 0.690008699894], [-821.374511719, -103.487586975, 91.3313369751, 48.1954460144, 31.5698184967, 270.011627197, 124.342124939, 77.2568359375, 62.5438804626, 47.2665672302, 62.122253418, -13.6841115952, -26.320274353], [-227.634078979, -26.9132614136, 7.44355487823, 17.0436115265, 34.796497345, 124.342124939, 225.315383911, 21.1860141754, 18.1628932953, 91.100730896, 17.4097938538, 47.8435516357, -13.845240593], [-464.495452881, -77.1402511597, 78.8879013062, 43.1980857849, 36.2167778015, 77.2568359375, 21.1860141754, 160.669235229, 84.9795684814, -6.35601902008, 25.0651931763, -21.3522186279, 2.31828951836], [-643.531311035, -181.112564087, 44.4112625122, 46.085357666, 66.4054336548, 62.5438804626, 18.1628932953, 84.9795684814, 160.715820312, -4.1743645668, 35.4915046692, -14.2474603653, -8.49476909637], [112.601341248, 5.55052757263, -50.0401306152, 5.51282119751, 1.97684967518, 47.2665672302, 91.100730896, -6.35601902008, -4.1743645668, 110.608596802, 2.5236723423, 37.3050537109, -10.2516622543], [-804.440185547, -145.881454468, 62.839466095, -1.1257532835, 15.4021778107, 62.122253418, 17.4097938538, 25.0651931763, 35.4915046692, 2.5236723423, 96.8435211182, 4.38409757614, 8.26072406769], [123.94744873, -64.6813049316, -44.4399261475, 13.6535310745, 21.3507537842, -13.6841115952, 47.8435516357, -21.3522186279, -14.2474603653, 37.3050537109, 4.38409757614, 118.478881836, 20.4278926849], [-131.252120972, 7.83967638016, 9.3885641098, -3.94245791435, 0.690008699894, -26.320274353, -13.845240593, 2.31828951836, -8.49476909637, -10.2516622543, 8.26072406769, 20.4278926849, 72.2549438477]],
        "icov": [[0.000112958128739, -0.000215078573092, 0.000217053180677, 0.000214734187466, -0.000191863728105, 3.9384172851e-05, 0.000124247992062, -7.9934943642e-05, 7.50416365918e-05, -3.45288099197e-05, 0.000440475821961, -0.00024879781995, 0.000278495805105], [-0.000215078573092, 0.00102177530061, -0.000439086317783, -0.00121821521316, 0.000885695335455, 0.000114866059448, -0.000474150874652, 0.00019444496138, 0.000414246023865, -3.85503808502e-05, -0.000286738242721, 0.00104833068326, -0.000795051804744], [0.000217053180677, -0.000439086317783, 0.0031641498208, -0.000574695062824, -0.00122207542881, -0.000272498728009, -0.000163964403328, -0.000834331614897, 0.000993539113551, 0.00135524047073, -0.000741234922316, 0.000587817048654, 0.000134830581374], [0.000214734187466, -0.00121821521316, -0.000574695062824, 0.00746386963874, -0.00312629924156, -0.00118931464385, 0.00154047168326, -0.000682709389366, -0.00117882306222, -0.000678610173054, 0.00203205738217, -0.00248669181019, 0.00115372298751], [-0.000191863728105, 0.000885695335455, -0.00122207542881, -0.00312629924156, 0.0112402951345, 0.000705021549948, -0.0019000194734, 0.000503509887494, -0.00358239351772, 0.0010429386748, -0.000141082622577, -0.00114709103946, -0.000619923812337], [3.9384172851e-05, 0.000114866059448, -0.000272498728009, -0.00118931464385, 0.000705021549948, 0.0075170788914, -0.00360766029917, -0.00188797491137, -0.000128312851302, -0.000907752721105, -0.00330698653124, 0.00199647201225, 0.00180015049409], [0.000124247992062, -0.000474150874652, -0.000163964403328, 0.00154047168326, -0.0019000194734, -0.00360766029917, 0.00945369619876, -0.000205887132324, 7.78313333285e-05, -0.00540543720126, 0.00159209384583, -0.00304679898545, 0.000826162693556], [-7.9934943642e-05, 0.00019444496138, -0.000834331614897, -0.000682709389366, 0.000503509887494, -0.00188797491137, -0.000205887132324, 0.0100165698677, -0.00452065421268, 0.000515594379976, 0.000498695299029, 0.00115373299923, -0.00199003471062], [7.50416365918e-05, 0.000414246023865, 0.000993539113551, -0.00117882306222, -0.00358239351772, -0.000128312851302, 7.78313333285e-05, -0.00452065421268, 0.0116328466684, 0.000257999985479, -0.00205088173971, 0.00162305962294, 0.00122522050515], [-3.45288099197e-05, -3.85503808502e-05, 0.00135524047073, -0.000678610173054, 0.0010429386748, -0.000907752721105, -0.00540543720126, 0.000515594379976, 0.000257999985479, 0.0155623471364, -0.000478314846987, -0.00249686348252, 0.00133434112649], [0.000440475821961, -0.000286738242721, -0.000741234922316, 0.00203205738217, -0.000141082622577, -0.00330698653124, 0.00159209384583, 0.000498695299029, -0.00205088173971, -0.000478314846987, 0.0167826656252, -0.00251611624844, -0.00139212887734], [-0.00024879781995, 0.00104833068326, 0.000587817048654, -0.00248669181019, -0.00114709103946, 0.00199647201225, -0.00304679898545, 0.00115373299923, 0.00162305962294, -0.00249686348252, -0.00251611624844, 0.0134795187041, -0.00434708129615], [0.000278495805105, -0.000795051804744, 0.000134830581374, 0.00115372298751, -0.000619923812337, 0.00180015049409, 0.000826162693556, -0.00199003471062, 0.00122522050515, 0.00133434112649, -0.00139212887734, -0.00434708129615, 0.0170828141272]]
    },
    "spectral_contrast_coeffs": {
        "max": [-0.339485764503, -0.3891941607, -0.458142399788, -0.467971563339, -0.535051047802, -0.602532744408],
        "mean": [-0.674544692039, -0.738629519939, -0.75283664465, -0.789566576481, -0.800328314304, -0.791403234005],
        "min": [-0.985710084438, -0.993423461914, -0.99280834198, -0.983616113663, -0.986653089523, -0.964743256569],
        "stdev": [0.128245905042, 0.107671029866, 0.101048156619, 0.0843451842666, 0.0743920058012, 0.0644122734666]
    },
    "spectral_contrast_valleys": {
        "max": [-6.0343747139, -5.52942228317, -5.80783843994, -6.32044839859, -6.33221673965, -8.23605155945],
        "mean": [-9.79644012451, -8.62197113037, -9.20477867126, -9.53594112396, -9.76212120056, -12.7422447205],
        "min": [-27.9010486603, -27.7047786713, -27.8537006378, -27.6271152496, -27.5916938782, -27.3942050934],
        "stdev": [4.98608970642, 5.24043464661, 5.09702587128, 5.00402164459, 4.95016622543, 4.14767122269]
    }
},
"rhythm": {
    "beats_count": 56,
    "beats_loudness": {
        "max": 0.0912536457181,
        "mean": 0.0138516258448,
        "min": 0,
        "stdev": 0.019116140902
    },
    "bpm": 124.714164734,
    "bpm_histogram_first_peak_bpm": 126,
    "bpm_histogram_first_peak_weight": 0.444444417953,
    "bpm_histogram_second_peak_bpm": 105,
    "bpm_histogram_second_peak_spread": 0.66666662693,
    "bpm_histogram_second_peak_weight": 0.0909090936184,
    "danceability": 0.921376287937,
    "onset_rate": 1.93014705181,
    "beats_loudness_band_ratio": {
        "max": [0.577577769756, 0.792490303516, 0.801294028759, 0.96995985508, 0.465846955776, 0.352151602507],
        "mean": [0.0526825413108, 0.291468888521, 0.284184962511, 0.222003385425, 0.112532317638, 0.0389648005366],
        "min": [0, 0, 0, 0, 0, 0],
        "stdev": [0.114407017827, 0.263088196516, 0.192910581827, 0.223486363888, 0.125156581402, 0.0599775500596]
    },
    "beats_position": [0.429569154978, 0.859138309956, 1.28870749474, 1.71827661991, 2.14784574509, 2.55419492722, 2.94893407822, 3.36689329147, 3.78485250473, 4.20281171799, 4.69043064117, 5.16644001007, 5.64244890213, 6.11845779419, 6.59446716309, 7.08208608627, 7.56970500946, 8.04571437836, 8.52172279358, 9.0093421936, 9.49696159363, 9.98458003998, 10.47219944, 10.95981884, 11.4358272552, 11.9118366241, 12.387845993, 12.8638544083, 13.4327430725, 14.0016326904, 14.5705213547, 15.15102005, 15.7315187454, 16.3120174408, 16.9157371521, 17.5194549561, 18.1115646362, 18.6920623779, 19.2841720581, 19.8298416138, 20.3522891998, 20.8747386932, 21.3971881866, 21.9196376801, 22.430475235, 22.9413146973, 23.4521541595, 23.9978218079, 24.5434913635, 25.0775508881, 25.6348285675, 26.1921081543, 26.7493877411, 27.3066654205, 27.8755550385, 28.4444446564],
