{
"metadata": {
    "version": {
        "essentia": "2.1-beta5",
        "essentia_git_sha": "Undefined",
        "extractor": "music 2.0"
    },
    "audio_properties": {
        "analysis": {
            "equal_loudness": 0,
            "length": 29.0017242432,
            "sample_rate": 44100,
            "start_time": 0,
            "downmix": "mix"
        },
        "bit_rate": 192000,
        "length": 180.604812622,
        "lossless": 0,
        "number_channels": 2,
        "replay_gain": -2.12491035461,
        "sample_rate": 48000,
        "codec": "mp3",
        "md5_encoded": "da945d187cd00076a0dc998613c74aa6"
    },
    "tags": {
        "file_name": "BosniaHerzegovina_Na Jastuku Za Dvoje_Maja.mp3",
        "encoding": ["Lavf58.29.100"]
    }
},
"lowlevel": {
    "average_loudness": 0.87632393837,
    "barkbands_crest": {
        "max": 23.4324569702,
        "mean": 10.6863689423,
        "min": 2.61557531357,
        "stdev": 4.17559862137
    },
    "barkbands_flatness_db": {
        "max": 0.314813047647,
        "mean": 0.139686211944,
        "min": 0.0430482588708,
        "stdev": 0.0531213991344
    },
    "barkbands_kurtosis": {
        "max": 101.139305115,
        "mean": 5.60416507721,
        "min": -1.9562805891,
        "stdev": 13.417506218
    },
    "barkbands_skewness": {
        "max": 8.72363948822,
        "mean": 1.40931606293,
        "min": -7.97932100296,
        "stdev": 2.0842294693
    },
    "barkbands_spread": {
        "max": 116.615341187,
        "mean": 45.1444816589,
        "min": 2.10435628891,
        "stdev": 23.587228775
    },
    "dissonance": {
        "max": 0.499892830849,
        "mean": 0.483207911253,
        "min": 0.399323225021,
        "stdev": 0.0118351858109
    },
    "dynamic_complexity": 2.87680006027,
    "erbbands_crest": {
        "max": 19.8293228149,
        "mean": 6.70088911057,
        "min": 2.47898411751,
        "stdev": 2.92833375931
    },
    "erbbands_flatness_db": {
        "max": 0.300397723913,
        "mean": 0.121255002916,
        "min": 0.0591615997255,
        "stdev": 0.0397614836693
    },
    "erbbands_kurtosis": {
        "max": 48.1138687134,
        "mean": 1.29627203941,
        "min": -1.80280077457,
        "stdev": 6.1623711586
    },
    "erbbands_skewness": {
        "max": 1.49348843098,
        "mean": -0.693911254406,
        "min": -6.1172785759,
        "stdev": 1.04047906399
    },
    "erbbands_spread": {
        "max": 171.242004395,
        "mean": 66.939704895,
        "min": 3.79136681557,
        "stdev": 31.0644874573
    },
    "hfc": {
        "max": 1744.6895752,
        "mean": 84.3316650391,
        "min": 1.25650071771e-16,
        "stdev": 189.107681274
    },
    "loudness_ebu128": {
        "integrated": -19.5386981964,
        "loudness_range": 5.08315849304,
        "momentary": {
            "max": -12.7359771729,
            "mean": -20.511390686,
            "min": -30.9083213806,
            "stdev": 2.83680033684
        },
        "short_term": {
            "max": -16.1768455505,
            "mean": -19.7686519623,
            "min": -22.2834281921,
            "stdev": 1.48813354969
        }
    },
    "melbands_crest": {
        "max": 28.6930789948,
        "mean": 16.482339859,
        "min": 1.76116538048,
        "stdev": 5.24165153503
    },
    "melbands_flatness_db": {
        "max": 0.402404218912,
        "mean": 0.172929391265,
        "min": 0.00462916493416,
        "stdev": 0.0744258537889
    },
    "melbands_kurtosis": {
        "max": 295.40838623,
        "mean": 34.3780403137,
        "min": -1.91337323189,
        "stdev": 50.770450592
    },
    "melbands_skewness": {
        "max": 14.8176832199,
        "mean": 4.30081892014,
        "min": -3.88227820396,
        "stdev": 3.1178021431
    },
    "melbands_spread": {
        "max": 286.496002197,
        "mean": 46.6647148132,
        "min": 1.1142513752,
        "stdev": 49.2626457214
    },
    "pitch_salience": {
        "max": 0.849169492722,
        "mean": 0.528170704842,
        "min": 0.155207484961,
        "stdev": 0.129029378295
    },
    "silence_rate_20dB": {
        "max": 1,
        "mean": 1,
        "min": 1,
        "stdev": 0
    },
    "silence_rate_30dB": {
        "max": 1,
        "mean": 0.964800000191,
        "min": 0,
        "stdev": 0.184286013246
    },
    "silence_rate_60dB": {
        "max": 1,
        "mean": 0.0304000005126,
        "min": 0,
        "stdev": 0.171683385968
    },
    "spectral_centroid": {
        "max": 11529.6289062,
        "mean": 2190.74780273,
        "min": 298.621154785,
        "stdev": 1147.81384277
    },
    "spectral_complexity": {
        "max": 51,
        "mean": 18.5272006989,
        "min": 0,
        "stdev": 10.7387685776
    },
    "spectral_decrease": {
        "max": 5.40669284938e-30,
        "mean": -7.72509523017e-09,
        "min": -5.39760414142e-08,
        "stdev": 6.30571195259e-09
    },
    "spectral_energy": {
        "max": 0.206487596035,
        "mean": 0.0368054695427,
        "min": 1.1376420144e-20,
        "stdev": 0.0318272449076
    },
    "spectral_energyband_high": {
        "max": 0.191530287266,
        "mean": 0.00930808112025,
        "min": 8.54100090833e-21,
        "stdev": 0.0232933834195
    },
    "spectral_energyband_low": {
        "max": 0.196606323123,
        "mean": 0.0180600434542,
        "min": 5.75039399554e-23,
        "stdev": 0.0221146326512
    },
    "spectral_energyband_middle_high": {
        "max": 0.0320402421057,
        "mean": 0.00337442616001,
        "min": 1.50195642842e-21,
        "stdev": 0.00391286145896
    },
    "spectral_energyband_middle_low": {
        "max": 0.058745328337,
        "mean": 0.00691010430455,
        "min": 2.79234243203e-22,
        "stdev": 0.00593290943652
    },
    "spectral_entropy": {
        "max": 9.79853630066,
        "mean": 8.12309551239,
        "min": 6.95462369919,
        "stdev": 0.293614059687
    },
    "spectral_flux": {
        "max": 0.376005917788,
        "mean": 0.106530271471,
        "min": 1.06660305588e-10,
        "stdev": 0.0660971552134
    },
    "spectral_kurtosis": {
        "max": 7.96999645233,
        "mean": 1.15905463696,
        "min": -1.27600598335,
        "stdev": 1.1274946928
    },
    "spectral_rms": {
        "max": 0.0141933541745,
        "mean": 0.00551469670609,
        "min": 3.33150802952e-12,
        "stdev": 0.00234433705918
    },
    "spectral_rolloff": {
        "max": 18518.5546875,
        "mean": 3735.03149414,
        "min": 86.1328125,
        "stdev": 3196.01123047
    },
    "spectral_skewness": {
        "max": 1.97597503662,
        "mean": 0.915871500969,
        "min": -0.38099360466,
        "stdev": 0.361302733421
    },
    "spectral_spread": {
        "max": 39174596,
        "mean": 7000480,
        "min": 2786676.75,
        "stdev": 2018924.875
    },
    "spectral_strongpeak": {
        "max": 29.878911972,
        "mean": 0.940359294415,
        "min": 0,
        "stdev": 2.73726701736
    },
    "zerocrossingrate": {
        "max": 0.82421875,
        "mean": 0.127073049545,
        "min": 0.0068359375,
        "stdev": 0.0791641101241
    },
    "barkbands": {
        "max": [0.00127759156749, 0.112302869558, 0.0985609441996, 0.0292334780097, 0.0517694018781, 0.022260889411, 0.00985067896545, 0.00976499263197, 0.0115500502288, 0.0091619566083, 0.0064536370337, 0.00676567107439, 0.0116770677269, 0.00964626763016, 0.0108295790851, 0.0139584373683, 0.0154502065852, 0.00707874307409, 0.0102586420253, 0.017028670758, 0.0164730772376, 0.0422082096338, 0.0720573738217, 0.112757489085, 0.074221752584, 0.00679025100544, 1.97606777874e-06],
        "mean": [9.4025323051e-05, 0.0111539745703, 0.0060422597453, 0.00187610206194, 0.00332000432536, 0.00057759473566, 0.00020669157675, 0.00033944871393, 0.000476844696095, 0.000253208359936, 0.000174554254045, 0.00016886346566, 0.000211515740375, 0.000231617523241, 0.000277577055385, 0.000453327316791, 0.000511369376909, 0.000385958264815, 0.000459929811768, 0.000641235848889, 0.00058542744955, 0.00112187897321, 0.00230426783673, 0.00324754649773, 0.00141875538975, 0.000271426775726, 6.50574136785e-08],
        "min": [6.06808090385e-23, 1.42439722718e-23, 1.40830888234e-23, 1.4575702482e-23, 8.02623498791e-23, 2.98572808573e-23, 5.77760401698e-23, 5.13029252605e-23, 2.99356810096e-23, 4.6861758271e-23, 5.60562476657e-23, 9.83965518397e-23, 4.420080422e-23, 1.15962338497e-22, 1.90175141286e-22, 1.1745386621e-22, 1.98861395999e-22, 2.88628503733e-22, 1.63553900391e-22, 5.10325151018e-22, 5.40435353304e-22, 5.02013106676e-22, 7.11282733458e-22, 8.72849827706e-22, 1.30197461012e-21, 2.05188088226e-21, 2.48914882968e-21],
        "stdev": [0.00013331984519, 0.0133941108361, 0.00978511199355, 0.00263157556765, 0.00431441888213, 0.00133774790447, 0.000553581630811, 0.000895029166713, 0.000972190115135, 0.000752211431973, 0.00051629578229, 0.000506655371282, 0.000635397038423, 0.000452317879535, 0.000635223055724, 0.00097539962735, 0.00095003657043, 0.000464622629806, 0.00070011994103, 0.00143249437679, 0.0013685222948, 0.00370479235426, 0.00647308817133, 0.0102855972946, 0.00525965588167, 0.000515122548677, 2.12934878618e-07]
    },
    "erbbands": {
        "max": [2.45176815987, 31.1328277588, 99.4589691162, 108.489532471, 156.864730835, 147.000762939, 158.886795044, 172.073074341, 171.728866577, 70.3209991455, 252.448547363, 302.399871826, 343.190551758, 229.861999512, 285.211761475, 190.12612915, 476.659606934, 330.326507568, 330.543518066, 575.04296875, 987.739685059, 856.397277832, 457.017608643, 655.823364258, 540.676635742, 977.579284668, 703.206848145, 752.827819824, 1305.79772949, 2231.93334961, 1665.9276123, 2008.83935547, 2046.85290527, 1367.33239746, 281.766693115, 50.0707054138, 7.97227716446, 0.387493997812, 0.010858762078, 0.00204007467255],
        "mean": [0.129444718361, 3.0747795105, 8.20967292786, 5.87394237518, 8.37186431885, 12.1245069504, 8.49555015564, 4.97446918488, 2.95858049393, 4.34049892426, 8.21536445618, 11.1052160263, 10.5036945343, 6.30346155167, 8.0847492218, 5.8187084198, 9.28387641907, 11.7149839401, 13.1647434235, 17.7038803101, 28.50116539, 27.8383255005, 20.690776825, 25.2442131042, 23.5114517212, 29.9107036591, 24.1298389435, 25.4867477417, 34.3567085266, 60.9454803467, 66.9721755981, 67.9460372925, 51.0660247803, 22.5149784088, 6.74507904053, 1.84707069397, 0.422071039677, 0.0274046286941, 0.000692067784257, 0.000117382624012],
        "min": [9.07040902117e-22, 2.14876198813e-21, 1.36408997723e-20, 3.34933895699e-20, 1.35477566504e-19, 3.71326469306e-19, 2.6655618651e-19, 1.78100037969e-19, 4.23076594487e-19, 1.22985368571e-18, 1.32058816107e-18, 5.69504752756e-19, 1.4111151175e-18, 1.63621877613e-18, 3.43227097368e-18, 3.30051350981e-18, 2.02051872031e-18, 5.23882143738e-18, 7.89297891168e-18, 8.59365879315e-18, 7.31266704422e-18, 1.32804012782e-17, 1.10521148471e-17, 1.34743982929e-17, 1.08189657196e-17, 2.21297978469e-17, 2.44318911225e-17, 2.08900063099e-17, 1.89007924467e-17, 2.15472161959e-17, 1.73515377533e-17, 1.91453616297e-17, 1.37570690692e-17, 8.72782087106e-18, 1.18827754085e-17, 7.38117414255e-18, 4.34596723368e-18, 1.41499190624e-18, 3.49293893305e-19, 3.49998954917e-20],
        "stdev": [0.187597721815, 3.70194840431, 11.3012809753, 9.6615562439, 10.80879879, 17.673833847, 15.2888212204, 10.1306257248, 8.83901691437, 8.04161548615, 21.7899494171, 21.846906662, 29.4992809296, 15.5305986404, 23.9885215759, 14.2852535248, 25.1222991943, 22.4903469086, 26.5596370697, 35.0216178894, 62.3766098022, 48.2976570129, 24.9898910522, 36.535774231, 38.1973762512, 72.6922607422, 50.8661384583, 67.0842056274, 110.18687439, 202.276016235, 182.365493774, 191.927581787, 177.142532349, 92.5508117676, 21.9525985718, 3.9380531311, 0.779675662518, 0.0482137091458, 0.00122581038158, 0.000197706671315]
    },
    "gfcc": {
        "mean": [30.4561023712, 34.5198822021, -90.2461090088, 68.7707290649, -57.2541236877, 31.4630336761, -49.803653717, 18.0748577118, -25.2296619415, -2.47430944443, -22.2663345337, -4.28278064728, -13.2161140442],
        "cov": [[5103.73193359, -423.756408691, 348.110717773, 246.348602295, -133.855331421, 155.781326294, -179.866073608, 49.3472442627, -184.541915894, 71.0774765015, -32.8068656921, 150.680328369, -51.7457923889], [-423.756408691, 1218.26196289, -146.211303711, 108.575073242, 258.118438721, -63.9328918457, 93.7042541504, 5.29768657684, 66.5963897705, -98.2858276367, 98.4291000366, -107.792060852, 66.4437713623], [348.110717773, -146.211303711, 980.237792969, 350.559661865, 205.784942627, 147.549972534, -74.3669586182, -17.3247489929, -16.9600658417, 29.8145866394, -22.8878765106, 78.0068130493, -24.6628360748], [246.348602295, 108.575073242, 350.559661865, 476.87991333, 119.749450684, 69.9364013672, -14.2111768723, -56.8346748352, 69.9550857544, -35.0339546204, 50.4086837769, -13.4500865936, 34.6186599731], [-133.855331421, 258.118438721, 205.784942627, 119.749450684, 351.07800293, 27.7976608276, 75.3448104858, 24.9145450592, -43.2479705811, 46.6302642822, -23.471912384, 18.0288505554, -19.6847343445], [155.781326294, -63.9328918457, 147.549972534, 69.9364013672, 27.7976608276, 181.193649292, 58.8350486755, 4.76293945312, 14.9268836975, -16.252155304, 23.1971626282, -8.57770633698, -7.7265663147], [-179.866073608, 93.7042541504, -74.3669586182, -14.2111768723, 75.3448104858, 58.8350486755, 190.698867798, 19.6749572754, -13.761762619, 26.6221599579, -6.40591955185, -1.17039453983, -22.9949359894], [49.3472442627, 5.29768657684, -17.3247489929, -56.8346748352, 24.9145450592, 4.76293945312, 19.6749572754, 119.867370605, 30.9489097595, -1.28603112698, -15.0178842545, -22.3625850677, 1.62808322906], [-184.541915894, 66.5963897705, -16.9600658417, 69.9550857544, -43.2479705811, 14.9268836975, -13.761762619, 30.9489097595, 133.930862427, -24.9163970947, 26.6474399567, -46.8958015442, 24.9725666046], [71.0774765015, -98.2858276367, 29.8145866394, -35.0339546204, 46.6302642822, -16.252155304, 26.6221599579, -1.28603112698, -24.9163970947, 106.423751831, -12.3779621124, 34.4685325623, -37.272731781], [-32.8068656921, 98.4291000366, -22.8878765106, 50.4086837769, -23.471912384, 23.1971626282, -6.40591955185, -15.0178842545, 26.6474399567, -12.3779621124, 100.993751526, -6.19719219208, 30.5372543335], [150.680328369, -107.792060852, 78.0068130493, -13.4500865936, 18.0288505554, -8.57770633698, -1.17039453983, -22.3625850677, -46.8958015442, 34.4685325623, -6.19719219208, 99.7497329712, -5.73644351959], [-51.7457923889, 66.4437713623, -24.6628360748, 34.6186599731, -19.6847343445, -7.7265663147, -22.9949359894, 1.62808322906, 24.9725666046, -37.272731781, 30.5372543335, -5.73644351959, 78.9336471558]],
        "icov": [[0.000412604189478, -0.000441379321273, 0.000346264947439, -0.0010366513161, 0.00106633128598, -0.00126486399677, 0.0011148552876, -0.00141694257036, 0.00153946294449, -0.0012486751657, 0.000877922342625, -0.000894474040251, 0.000219662979362], [-0.000441379321273, 0.00267408066429, -0.000543706060853, 0.00193875853438, -0.0037357644178, 0.00361305871047, -0.00270413048565, 0.00284972623922, -0.00302390661091, 0.00432467693463, -0.00368359475397, 0.00267007621005, -0.000367056782125], [0.000346264947439, -0.000543706060853, 0.00281235296279, -0.0026757705491, 0.000382271333365, -0.00351932807826, 0.00324168102816, -0.00221206108108, 0.0019398694858, -0.0020699701272, 0.00220527639613, -0.00268785539083, 0.000838087464217], [-0.0010366513161, 0.00193875853438, -0.0026757705491, 0.00778665440157, -0.00518649304286, 0.0045713186264, -0.00418748147786, 0.00735614262521, -0.0074499133043, 0.00581767316908, -0.00476201577112, 0.00383596378379, -0.00155510520563], [0.00106633128598, -0.0037357644178, 0.000382271333365, -0.00518649304286, 0.0105740940198, -0.00519392825663, 0.00272349291481, -0.0071811764501, 0.00797580368817, -0.00836526881903, 0.00599225331098, -0.00355436839163, 0.000257935345871], [-0.00126486399677, 0.00361305871047, -0.00351932807826, 0.0045713186264, -0.00519392825663, 0.0154336383566, -0.0092965438962, 0.00586441438645, -0.00677705276757, 0.00954986177385, -0.00839265808463, 0.00568941468373, 0.000725117337424], [0.0011148552876, -0.00270413048565, 0.00324168102816, -0.00418748147786, 0.00272349291481, -0.0092965438962, 0.0127890771255, -0.00591586949304, 0.00574228074402, -0.00736308051273, 0.00528138177469, -0.0044976696372, 0.00180976069532], [-0.00141694257036, 0.00284972623922, -0.00221206108108, 0.00735614262521, -0.0071811764501, 0.00586441438645, -0.00591586949304, 0.0177447646856, -0.0107410727069, 0.0067494167015, -0.00347571843304, 0.00592870917171, -0.0021905193571], [0.00153946294449, -0.00302390661091, 0.0019398694858, -0.0074499133043, 0.00797580368817, -0.00677705276757, 0.00574228074402, -0.0107410727069, 0.0193708725274, -0.0080943275243, 0.00391102163121, -0.000381315039704, -0.000843229936436], [-0.0012486751657, 0.00432467693463, -0.0020699701272, 0.00581767316908, -0.00836526881903, 0.00954986177385, -0.00736308051273, 0.0067494167015, -0.0080943275243, 0.0224772319198, -0.0082626780495, 0.000944424420595, 0.00534709310159], [0.000877922342625, -0.00368359475397, 0.00220527639613, -0.00476201577112, 0.00599225331098, -0.00839265808463, 0.00528138177469, -0.00347571843304, 0.00391102163121, -0.0082626780495, 0.0186625849456, -0.00456950208172, -0.0039542154409], [-0.000894474040251, 0.00267007621005, -0.00268785539083, 0.00383596378379, -0.00355436839163, 0.00568941468373, -0.0044976696372, 0.00592870917171, -0.000381315039704, 0.000944424420595, -0.00456950208172, 0.0183007288724, -0.00345378252678], [0.000219662979362, -0.000367056782125, 0.000838087464217, -0.00155510520563, 0.000257935345871, 0.000725117337424, 0.00180976069532, -0.0021905193571, -0.000843229936436, 0.00534709310159, -0.0039542154409, -0.00345378252678, 0.0188439171761]]
    },
    "melbands": {
        "max": [0.028299221769, 0.0466108322144, 0.01668651402, 0.0132160233334, 0.00604179734364, 0.00395500985906, 0.00236103823408, 0.00110883102752, 0.00174365960993, 0.00163341418374, 0.00169647403527, 0.000882983440533, 0.00103138142731, 0.000825520721264, 0.000840108550619, 0.00158229563385, 0.000716845970601, 0.00059243600117, 0.000774914689828, 0.00082250678679, 0.00116091582458, 0.00122977339197, 0.000218395594857, 0.000460269482573, 0.00064994598506, 0.000414379901486, 0.000664244056679, 0.000797001936007, 0.000446347054094, 0.000353667419404, 0.0004924601526, 0.00072617852129, 0.00111871073022, 0.00155058654491, 0.00134729791898, 0.00101846107282, 0.00136536580976, 0.00160553643946, 0.00136883184314, 0.00113321456593],
        "mean": [0.00213900930248, 0.00429459707811, 0.0011419946095, 0.000738462607842, 0.000371936272131, 0.000104481187009, 4.42929194833e-05, 5.35910367034e-05, 6.83084799675e-05, 7.06744613126e-05, 5.13377381139e-05, 2.48090454988e-05, 2.4910295906e-05, 1.92143161257e-05, 1.55211109814e-05, 2.37682324951e-05, 2.15509408008e-05, 2.06590048037e-05, 2.16539701796e-05, 2.75760976365e-05, 3.45220360032e-05, 3.19526006933e-05, 1.90554237633e-05, 1.82564326678e-05, 2.09509053093e-05, 1.63301392604e-05, 1.86885627045e-05, 2.02329192689e-05, 1.5510873709e-05, 1.3966012375e-05, 1.4706822185e-05, 1.73497664946e-05, 2.55358881986e-05, 3.74417249986e-05, 3.94768285332e-05, 3.69040026271e-05, 4.34934008808e-05, 4.00121571147e-05, 2.4472557925e-05, 1.69780087163e-05],
        "min": [8.92747102235e-24, 5.47365969673e-24, 8.60197833538e-24, 1.7704285389e-23, 1.13265682179e-23, 4.82128789976e-24, 7.64780689431e-24, 1.22987359428e-23, 1.04921490177e-23, 3.23715639724e-24, 7.22295796519e-24, 6.40351410597e-24, 8.63785178505e-24, 1.32057997661e-23, 5.58408839054e-24, 4.30505061806e-24, 1.05303527625e-23, 1.21861086937e-23, 1.36928093568e-23, 8.85584639646e-24, 7.54205851224e-24, 1.31500951421e-23, 1.33029022327e-23, 9.05388440469e-24, 1.08908566742e-23, 7.9216307697e-24, 9.37887222067e-24, 1.64352148741e-23, 1.52831150764e-23, 1.68258840379e-23, 1.01412068891e-23, 1.08267901246e-23, 9.3174089121e-24, 1.40199641737e-23, 9.92403190417e-24, 9.42162295971e-24, 1.26993652645e-23, 1.05720582608e-23, 7.23889137776e-24, 7.00257152752e-24],
        "stdev": [0.00267644203268, 0.00536399101838, 0.00156607409008, 0.000982819357887, 0.000600898114499, 0.000225680050789, 0.000125262347865, 0.000107595478767, 0.000171162551851, 0.000138674600748, 0.000149301544297, 6.45484833512e-05, 7.19334275345e-05, 5.97247999394e-05, 4.50698244094e-05, 7.64779324527e-05, 4.16610200773e-05, 4.47619204351e-05, 4.97851506225e-05, 5.74734258407e-05, 7.71295235609e-05, 6.38757483102e-05, 2.15403724724e-05, 2.56721523328e-05, 3.35731674568e-05, 2.58263589785e-05, 4.25172656833e-05, 5.20742469234e-05, 3.36297271133e-05, 3.04438635794e-05, 4.37804446847e-05, 5.56312552362e-05, 8.88115173439e-05, 0.0001264915918, 0.00011431646999, 9.5255614724e-05, 0.0001309136278, 0.000142970427987, 9.16775752557e-05, 7.53571002861e-05]
    },
    "melbands128": {
        "max": [0.00118973536883, 0.0120746623725, 0.0487225279212, 0.0617850758135, 0.0583072677255, 0.0463347807527, 0.0242123585194, 0.00990741699934, 0.0183291658759, 0.0195379536599, 0.00785785447806, 0.0126483319327, 0.00786304939538, 0.00983088649809, 0.0051957052201, 0.00173562415875, 0.00324998539872, 0.00389820011333, 0.00160196668003, 0.00117001670878, 0.00240931822918, 0.00365811958909, 0.00266530341469, 0.00336482189596, 0.00332345161587, 0.0018518428551, 0.00391336064786, 0.00277916481718, 0.00248808297329, 0.00132577575278, 0.001962415874, 0.00200501084328, 0.00187372427899, 0.00200587115251, 0.00230335420929, 0.000700653588865, 0.000832718098536, 0.00154952856246, 0.000499648798723, 0.00126127747353, 0.00296048657037, 0.0022910379339, 0.000803493254352, 0.00157903402578, 0.00153825816233, 0.00110022525769, 0.00124984385911, 0.0013256452512, 0.00192124734167, 0.000854582991451, 0.00119717547204, 0.00213812827133, 0.00300782336853, 0.0014630415244, 0.00159303436521, 0.00211110105738, 0.000470168859465, 0.000436196569353, 0.000331853807438, 0.000666954787448, 0.000729453982785, 0.00034555705497, 0.000620803504717, 0.00121516280342, 0.000673308444675, 0.000451217318187, 0.000618653488345, 0.000583163346164, 0.000874693563674, 0.00121525360737, 0.00148313934915, 0.000763002084568, 0.000882863474544, 0.000477838300867, 0.000883979024366, 0.000409127504099, 0.000420208496507, 0.000513249717187, 0.00069327710662, 0.00110745977145, 0.000765532138757, 0.00130046694539, 0.000938723271247, 0.00096691318322, 0.00261289579794, 0.00178741663694, 0.00256487494335, 0.00218285946175, 0.00168859539554, 0.00113742391113, 0.000974067253992, 0.00127134216018, 0.0018112512771, 0.00162142480258, 0.00166875554714, 0.00194814789575, 0.002117020078, 0.00179369340185, 0.00169345142785, 0.00117988442071, 0.00186237995513, 0.00126276130322, 0.000685061444528, 0.000628553738352, 0.000316618388752, 0.000216396976612, 0.000121961325931, 0.00011297949095, 6.98872318026e-05, 9.91219058051e-05, 3.50046793756e-05, 3.71759524569e-05, 2.67793566309e-05, 1.41655318657e-05, 8.03719194664e-06, 3.36975995197e-06, 9.24668626112e-08, 4.47705472695e-09, 1.83573256596e-09, 2.04278774452e-10, 2.14270601262e-10, 2.1518557769e-10, 2.09007658403e-10, 2.18160461918e-10, 2.12355549811e-10, 2.11710510234e-10, 2.15151563232e-10, 2.1567934938e-10],
        "mean": [6.99053416611e-05, 0.000474846892757, 0.00242100376636, 0.00634096655995, 0.00528461439535, 0.00250707217492, 0.00105162209366, 0.00102137017529, 0.000789718236774, 0.000739217561204, 0.000696582195815, 0.000574175792281, 0.000268889678409, 0.000136164773721, 0.000136660222779, 6.61724989186e-05, 3.83774604416e-05, 4.63671822217e-05, 4.28814200859e-05, 4.01119141316e-05, 6.57379932818e-05, 7.52547057346e-05, 6.59643192193e-05, 6.30393114989e-05, 7.45635697967e-05, 7.51640473027e-05, 6.11622672295e-05, 5.48335119674e-05, 3.80886958737e-05, 2.17109045479e-05, 2.48092783295e-05, 2.05658161576e-05, 1.89081656572e-05, 3.53948234988e-05, 2.68554267677e-05, 1.08127323983e-05, 1.13072765089e-05, 2.01960101549e-05, 1.21651146401e-05, 2.08959772863e-05, 3.15064462484e-05, 1.93416217371e-05, 1.94299027498e-05, 2.43539216171e-05, 2.21065856749e-05, 1.95365864784e-05, 1.96682922251e-05, 2.05843261938e-05, 2.3743516067e-05, 2.19070152525e-05, 2.58680411207e-05, 3.69090339518e-05, 3.17367557727e-05, 3.52633323928e-05, 3.78033291781e-05, 3.63804138033e-05, 2.10277830774e-05, 2.03996060009e-05, 1.70694402186e-05, 1.8898239432e-05, 1.68014012161e-05, 1.86791130545e-05, 2.30922669289e-05, 2.12428458326e-05, 1.88427857211e-05, 1.53122346092e-05, 1.47221235238e-05, 1.83691190614e-05, 1.8383263523e-05, 2.08842520806e-05, 2.11726674024e-05, 1.98129800992e-05, 1.81713348866e-05, 1.44928690133e-05, 1.2681570297e-05, 1.28283963932e-05, 1.56517471623e-05, 1.49465022332e-05, 1.35180798679e-05, 1.56452006195e-05, 1.62210981216e-05, 1.77105557668e-05, 2.09742629522e-05, 2.31268568314e-05, 3.37378151016e-05, 3.41256272804e-05, 4.04637976317e-05, 4.00972858188e-05, 4.21707627538e-05, 3.59254700015e-05, 3.52337374352e-05, 3.55307201971e-05, 4.25328507845e-05, 4.4594398787e-05, 4.34269059042e-05, 4.40226322098e-05, 4.25527287007e-05, 3.00833889924e-05, 2.31031208386e-05, 2.23093320528e-05, 2.1489453502e-05, 1.65706514963e-05, 1.1070023902e-05, 8.13636597741e-06, 6.56349493511e-06, 6.86224620949e-06, 4.78917127111e-06, 3.65259575119e-06, 3.0361059089e-06, 2.04262482839e-06, 1.86185093298e-06, 1.46674290136e-06, 1.43857232615e-06, 9.21742127957e-07, 6.03412161126e-07, 1.09362680689e-07, 2.6905320194e-09, 1.40356103476e-11, 7.94126049641e-12, 5.22615587958e-12, 4.97843042832e-12, 4.81434466945e-12, 4.67008636623e-12, 4.5393684471e-12, 4.29640784755e-12, 3.96339428291e-12, 3.78093650139e-12, 3.73039620027e-12],
        "min": [2.3872762727e-23, 1.03410829432e-23, 4.3468661625e-24, 2.91335266148e-24, 6.20653672123e-24, 6.78207622704e-24, 5.59568622357e-24, 8.43461360573e-24, 1.43326702143e-23, 1.51126958774e-23, 2.56422929111e-23, 1.39034083973e-23, 7.71375882143e-24, 8.97521840636e-24, 1.91540989257e-24, 3.84738231428e-24, 6.99628982813e-24, 4.68431679749e-24, 1.21720243711e-23, 2.01132820001e-23, 5.83330375e-24, 8.99381343562e-24, 1.55356483849e-23, 6.43604909628e-24, 1.95284390632e-24, 1.25476965002e-24, 6.54101413947e-24, 8.05277968406e-24, 8.22276737622e-24, 5.75484522209e-24, 7.08998283784e-24, 5.53502873642e-24, 3.11069824705e-24, 1.77950974787e-23, 1.51669379532e-23, 1.44289301774e-23, 3.5617941562e-24, 7.63955777582e-24, 4.2197163785e-24, 2.98681888315e-24, 4.45147661271e-24, 4.63984713054e-24, 1.0726409941e-23, 1.4804820821e-23, 1.13326093148e-23, 1.40111257761e-23, 9.85931691095e-24, 1.31215628321e-23, 1.744653771e-23, 8.47103925803e-24, 8.0789075461e-24, 7.07032363522e-24, 1.28631241109e-23, 3.83726004557e-24, 4.42006496032e-24, 1.99287563903e-23, 1.41664335557e-23, 1.2099975338e-23, 1.67655819326e-23, 7.56926711372e-24, 3.13916054572e-24, 1.24858892483e-23, 2.12366483281e-23, 4.22393126232e-24, 7.17210325808e-24, 1.13699894887e-23, 5.66851346791e-24, 4.77678470622e-24, 1.06808563792e-23, 1.57480460281e-23, 8.13317407663e-24, 2.6011744872e-23, 2.1624838891e-23, 7.78629063736e-24, 1.35455810906e-23, 2.28615408653e-23, 1.26983547336e-23, 1.40219442146e-23, 7.76638294356e-24, 9.51364279544e-24, 1.18513674015e-23, 1.00610799204e-23, 1.19911085888e-23, 8.46107278935e-24, 7.71917829585e-24, 1.46126337941e-23, 1.46183940564e-23, 1.4077498955e-23, 9.82404693987e-24, 7.39160459382e-24, 8.280112042e-24, 1.03487609264e-23, 1.02516758148e-23, 1.376225436e-23, 1.44966191762e-23, 1.09218281422e-23, 1.00493101157e-23, 8.5749977147e-24, 6.22533961533e-24, 7.85746166823e-24, 6.62041180629e-24, 6.55481723316e-24, 7.84788489684e-24, 7.12036818219e-24, 1.72400723007e-23, 1.24761775817e-23, 2.54889919937e-23, 1.22227773151e-23, 9.46415597314e-24, 1.11877965407e-23, 1.333188656e-23, 1.45341799993e-23, 1.4004037072e-23, 1.64484046284e-23, 1.11978379511e-23, 9.03326910265e-24, 1.20534309669e-23, 9.96315546076e-24, 1.24260225942e-23, 1.05956696566e-23, 1.22503038276e-23, 8.07598481644e-24, 1.05972805106e-23, 9.88357517264e-24, 1.05898092089e-23, 1.03020966484e-23, 1.04353139561e-23, 1.09417295251e-23],
        "stdev": [0.000108990163426, 0.000962373043876, 0.00363226677291, 0.00760479550809, 0.00678444234654, 0.00436050677672, 0.00211226032116, 0.00128998048604, 0.00122270174325, 0.00141524046194, 0.00113339431118, 0.00110256380867, 0.000603342952672, 0.000487911311211, 0.000314049801091, 0.000144026387716, 0.000169650447788, 0.000181439929293, 9.90704575088e-05, 0.000102308680653, 0.00018573847774, 0.000268941745162, 0.000237646672758, 0.000198999929125, 0.000211751306779, 0.000172267158632, 0.000243028101977, 0.000207750636037, 0.00016062548093, 6.75788833178e-05, 9.43720151554e-05, 8.07750257081e-05, 8.30374556244e-05, 0.000128698098706, 0.000132372224471, 3.73631264665e-05, 3.63673425454e-05, 8.19287524791e-05, 3.5895347537e-05, 7.60841794545e-05, 0.000127501945826, 8.95371631486e-05, 4.57137321064e-05, 6.01832689426e-05, 6.36733675492e-05, 6.1611419369e-05, 6.66161213303e-05, 6.15130848018e-05, 7.86466989666e-05, 5.65296686545e-05, 6.1648839619e-05, 0.000127144085127, 0.000118464406114, 0.000101056750282, 0.000106471059553, 9.64406790445e-05, 3.29374161083e-05, 3.07018344756e-05, 2.4519260478e-05, 3.21348597936e-05, 3.80811397918e-05, 2.84681045741e-05, 3.998378088e-05, 5.27696211066e-05, 3.69511981262e-05, 2.84657380689e-05, 3.0079156204e-05, 4.27564118581e-05, 4.90351485496e-05, 7.17673756299e-05, 7.48313323129e-05, 4.90651691507e-05, 4.70519953524e-05, 3.53226168954e-05, 3.67104512407e-05, 3.01826894429e-05, 3.69472363673e-05, 3.82419093512e-05, 4.96604552609e-05, 5.84722220083e-05, 5.47228046344e-05, 6.5545522375e-05, 7.82007991802e-05, 8.08408658486e-05, 0.000141029377119, 0.000119082389574, 0.000155008907313, 0.000134441273985, 0.000133406254463, 0.000105856677692, 9.4875053037e-05, 9.86933519016e-05, 0.000126492290292, 0.000131850945763, 0.00014924404968, 0.000170920029632, 0.000162909302162, 0.000111952969746, 8.97012650967e-05, 9.00431841728e-05, 0.000103748658148, 8.12291691545e-05, 4.91988248541e-05, 3.52213573933e-05, 2.1344236302e-05, 1.8863052901e-05, 1.20493141367e-05, 8.73054887052e-06, 6.73420709063e-06, 4.29899773735e-06, 3.73929924535e-06, 2.94498340736e-06, 2.91689434562e-06, 1.6673124037e-06, 1.09679206162e-06, 2.54101507835e-07, 8.32438828979e-09, 1.58498270064e-10, 6.28837953931e-11, 1.00180081244e-11, 9.84662438391e-12, 9.60597920652e-12, 9.27495406866e-12, 9.26339907559e-12, 9.02947421694e-12, 8.91748220405e-12, 8.91008794524e-12, 8.87661385368e-12]
    },
    "mfcc": {
        "mean": [-612.586669922, 54.3691177368, 30.4054031372, 34.9992141724, 26.5486125946, 10.4267816544, 1.57079541683, 11.6186590195, 1.7890611887, 9.84964179993, -5.33103466034, -1.41059947014, -8.37982559204],
        "cov": [[3100.17773438, -430.403808594, 269.717529297, -1.77278578281, -12.2968273163, -12.2521104813, 33.3308258057, -9.90013599396, -45.477180481, -88.8985214233, -43.5720024109, 53.323184967, 116.341323853], [-430.403808594, 1001.37658691, -269.860626221, 129.21534729, 97.2363128662, -18.3796386719, 121.100616455, 32.5494194031, 21.9661617279, 52.1172332764, -10.9819717407, 23.5321578979, -36.0638961792], [269.717529297, -269.860626221, 771.221923828, 170.792633057, 257.145355225, 143.268249512, -22.0981845856, 56.2841148376, -17.557062149, -21.610622406, 13.5558710098, 7.52838897705, -2.1498875618], [-1.77278578281, 129.21534729, 170.792633057, 394.441436768, 188.85295105, 126.665496826, 37.3318481445, 12.7141437531, 17.8882312775, -9.35158824921, -4.7163734436, 24.5339241028, 20.252286911], [-12.2968273163, 97.2363128662, 257.145355225, 188.85295105, 313.487854004, 54.9076080322, 28.9109573364, 30.3014278412, 20.9190406799, 16.3186378479, -5.13080978394, 9.03357410431, -12.892580986], [-12.2521104813, -18.3796386719, 143.268249512, 126.665496826, 54.9076080322, 231.231414795, 80.6958312988, 36.4321403503, -3.2652490139, -13.6892251968, 41.9759292603, 1.03534507751, 13.1822719574], [33.3308258057, 121.100616455, -22.0981845856, 37.3318481445, 28.9109573364, 80.6958312988, 178.177520752, 36.9204063416, 18.6368331909, -2.74002528191, 24.5337505341, 16.6393814087, 3.84298181534], [-9.90013599396, 32.5494194031, 56.2841148376, 12.7141437531, 30.3014278412, 36.4321403503, 36.9204063416, 101.669815063, 32.9329872131, 19.2529773712, 6.57005310059, 6.53087854385, -6.12794828415], [-45.477180481, 21.9661617279, -17.557062149, 17.8882312775, 20.9190406799, -3.2652490139, 18.6368331909, 32.9329872131, 94.5578613281, 38.2683067322, 8.7577791214, 4.64337539673, -1.54371213913], [-88.8985214233, 52.1172332764, -21.610622406, -9.35158824921, 16.3186378479, -13.6892251968, -2.74002528191, 19.2529773712, 38.2683067322, 97.1169586182, 19.3785629272, 5.4660859108, -13.6512699127], [-43.5720024109, -10.9819717407, 13.5558710098, -4.7163734436, -5.13080978394, 41.9759292603, 24.5337505341, 6.57005310059, 8.7577791214, 19.3785629272, 84.5358276367, 19.6158065796, 1.62730824947], [53.323184967, 23.5321578979, 7.52838897705, 24.5339241028, 9.03357410431, 1.03534507751, 16.6393814087, 6.53087854385, 4.64337539673, 5.4660859108, 19.6158065796, 64.5618057251, 24.084274292], [116.341323853, -36.0638961792, -2.1498875618, 20.252286911, -12.892580986, 13.1822719574, 3.84298181534, -6.12794828415, -1.54371213913, -13.6512699127, 1.62730824947, 24.084274292, 70.9418563843]],
        "icov": [[0.000390854635043, 0.000145118698128, -0.0001563145197, -1.92333100131e-05, 7.61389819672e-05, 0.000223637063755, -0.000318204052746, 2.00629392566e-06, 0.00012104180496, 9.60442994256e-05, 0.000249108939897, -0.000189749509445, -0.000496945343912], [0.000145118698128, 0.00163386692293, 0.000828329997603, -0.000635830278043, -0.000702372519299, 0.000445105571998, -0.000975131348241, -0.000568920688238, 0.000775527558289, -0.000607370457146, 0.000351210794179, -0.000529161363374, 0.000664136721753], [-0.0001563145197, 0.000828329997603, 0.00282734865323, -9.56559742917e-05, -0.00231947237626, -0.00118700123858, 0.00100828788709, -0.00136396696325, 0.000938198587392, 0.000358600256732, -0.000240065841353, -0.000527097203303, 0.000690899440087], [-1.92333100131e-05, -0.000635830278043, -9.56559742917e-05, 0.00493202637881, -0.00231331097893, -0.00285887811333, 0.000925634871237, 0.00128789164592, -0.00140840548556, 0.000765056291129, 0.00149187131319, -0.00170744326897, -0.000868624541909], [7.61389819672e-05, -0.000702372519299, -0.00231947237626, -0.00231331097893, 0.00671768793836, 0.00117834622506, -0.00106452568434, 0.00019832905673, -0.000726810423657, -0.00104121037293, 0.000535720959306, 0.000296555430396, 0.000855718448292], [0.000223637063755, 0.000445105571998, -0.00118700123858, -0.00285887811333, 0.00117834622506, 0.00880480743945, -0.00356378871948, -0.00203941413201, 0.0017782181967, 0.000430257554399, -0.00393351400271, 0.00335935689509, -0.00169412535615], [-0.000318204052746, -0.000975131348241, 0.00100828788709, 0.000925634871237, -0.00106452568434, -0.00356378871948, 0.0088659171015, -0.00165914138779, -0.00150042935275, 0.0017652787501, -0.00100465619471, -0.00170192704536, 0.000545475108083], [2.00629392566e-06, -0.000568920688238, -0.00136396696325, 0.00128789164592, 0.00019832905673, -0.00203941413201, -0.00165914138779, 0.0136268921196, -0.00443963613361, -0.00129522755742, 0.00177215808071, -0.00160483294167, 0.00113879679702], [0.00012104180496, 0.000775527558289, 0.000938198587392, -0.00140840548556, -0.000726810423657, 0.0017782181967, -0.00150042935275, -0.00443963613361, 0.0149795897305, -0.00496307201684, -0.000825230381452, 0.000944616971537, -0.00106932490598], [9.60442994256e-05, -0.000607370457146, 0.000358600256732, 0.000765056291129, -0.00104121037293, 0.000430257554399, 0.0017652787501, -0.00129522755742, -0.00496307201684, 0.0143444435671, -0.0033278206829, -0.000928340887185, 0.00189329951536], [0.000249108939897, 0.000351210794179, -0.000240065841353, 0.00149187131319, 0.000535720959306, -0.00393351400271, -0.00100465619471, 0.00177215808071, -0.000825230381452, -0.0033278206829, 0.0164739340544, -0.00597870303318, 0.00136613484938], [-0.000189749509445, -0.000529161363374, -0.000527097203303, -0.00170744326897, 0.000296555430396, 0.00335935689509, -0.00170192704536, -0.00160483294167, 0.000944616971537, -0.000928340887185, -0.00597870303318, 0.0216727368534, -0.00748181296512], [-0.000496945343912, 0.000664136721753, 0.000690899440087, -0.000868624541909, 0.000855718448292, -0.00169412535615, 0.000545475108083, 0.00113879679702, -0.00106932490598, 0.00189329951536, 0.00136613484938, -0.00748181296512, 0.018906423822]]
    },
    "spectral_contrast_coeffs": {
        "max": [-0.465747416019, -0.581224799156, -0.575382232666, -0.602734863758, -0.581504404545, -0.505525708199],
        "mean": [-0.702719569206, -0.780908703804, -0.791870951653, -0.799082875252, -0.794062316418, -0.774737417698],
        "min": [-0.961672902107, -0.959113240242, -0.958004117012, -0.963077306747, -0.961327552795, -0.96124380827],
        "stdev": [0.061951931566, 0.0611839517951, 0.0571232065558, 0.0459103360772, 0.0359330624342, 0.03499212116]
    },
    "spectral_contrast_valleys": {
        "max": [-4.94715690613, -5.49276971817, -5.82691192627, -5.89446353912, -5.71770858765, -6.31645774841],
        "mean": [-6.56334209442, -7.31927490234, -7.92916107178, -7.56729221344, -7.01919317245, -8.8700504303],
        "min": [-27.4846515656, -27.2936191559, -27.4217910767, -27.187335968, -27.3641223907, -27.2428874969],
        "stdev": [1.06992220879, 0.853434979916, 0.863901495934, 0.783854782581, 0.837228536606, 1.06911873817]
    }
},
"rhythm": {
    "beats_count": 75,
    "beats_loudness": {
        "max": 0.191742792726,
        "mean": 0.0449368841946,
        "min": 0.002484240802,
        "stdev": 0.0353880673647
    },
    "bpm": 155.888580322,
    "bpm_histogram_first_peak_bpm": 157,
    "bpm_histogram_first_peak_weight": 0.366666674614,
    "bpm_histogram_second_peak_bpm": 152,
    "bpm_histogram_second_peak_spread": 0.222222208977,
    "bpm_histogram_second_peak_weight": 0.0945945978165,
    "danceability": 1.13720154762,
    "onset_rate": 3.41222405434,
    "beats_loudness_band_ratio": {
        "max": [0.942665815353, 0.466685920954, 0.442677259445, 0.2875046134, 0.412596434355, 0.986845374107],
        "mean": [0.477257221937, 0.122171834111, 0.0453557409346, 0.0311586856842, 0.0708116963506, 0.27747759223],
        "min": [0.00373747083358, 0.000605323701166, 0.000378537952201, 0.000579578510951, 0.00246325833723, 0.0329797044396],
        "stdev": [0.288723856211, 0.103763744235, 0.0858307555318, 0.0476833023131, 0.0823580473661, 0.230296656489]
    },
