{
"metadata": {
    "version": {
        "essentia": "2.1-beta5",
        "essentia_git_sha": "Undefined",
        "extractor": "music 2.0"
    },
    "audio_properties": {
        "analysis": {
            "equal_loudness": 0,
            "length": 35.9909286499,
            "sample_rate": 44100,
            "start_time": 126.502311707,
            "downmix": "mix"
        },
        "bit_rate": 192000,
        "length": 180.604812622,
        "lossless": 0,
        "number_channels": 2,
        "replay_gain": -3.43753623962,
        "sample_rate": 48000,
        "codec": "mp3",
        "md5_encoded": "da945d187cd00076a0dc998613c74aa6"
    },
    "tags": {
        "file_name": "BosniaHerzegovina_Na Jastuku Za Dvoje_Maja.mp3",
        "encoding": ["Lavf58.29.100"]
    }
},
"lowlevel": {
    "average_loudness": 0.976748347282,
    "barkbands_crest": {
        "max": 22.3454017639,
        "mean": 8.86864471436,
        "min": 2.14897990227,
        "stdev": 3.76312017441
    },
    "barkbands_flatness_db": {
        "max": 0.228031665087,
        "mean": 0.10586565733,
        "min": 0.0354184992611,
        "stdev": 0.0325914509594
    },
    "barkbands_kurtosis": {
        "max": 25.5769062042,
        "mean": 0.364590615034,
        "min": -1.91769564152,
        "stdev": 2.97968196869
    },
    "barkbands_skewness": {
        "max": 4.86223459244,
        "mean": 0.593902766705,
        "min": -4.58319282532,
        "stdev": 1.12730360031
    },
    "barkbands_spread": {
        "max": 111.005844116,
        "mean": 50.527759552,
        "min": 7.55303812027,
        "stdev": 18.708902359
    },
    "dissonance": {
        "max": 0.499799340963,
        "mean": 0.484210342169,
        "min": 0.407925009727,
        "stdev": 0.011980926618
    },
    "dynamic_complexity": 2.08552312851,
    "erbbands_crest": {
        "max": 24.5097732544,
        "mean": 7.12573099136,
        "min": 2.4910402298,
        "stdev": 3.62890100479
    },
    "erbbands_flatness_db": {
        "max": 0.298641115427,
        "mean": 0.1245521456,
        "min": 0.0506230928004,
        "stdev": 0.0370021685958
    },
    "erbbands_kurtosis": {
        "max": 26.3058300018,
        "mean": 0.892421603203,
        "min": -1.61958801746,
        "stdev": 3.11978697777
    },
    "erbbands_skewness": {
        "max": 1.43134784698,
        "mean": -0.465004831553,
        "min": -4.27605581284,
        "stdev": 0.704666495323
    },
    "erbbands_spread": {
        "max": 127.041542053,
        "mean": 45.9679641724,
        "min": 4.11072254181,
        "stdev": 21.0983409882
    },
    "hfc": {
        "max": 640.355834961,
        "mean": 44.2636909485,
        "min": 2.25158929825,
        "stdev": 56.4233055115
    },
    "loudness_ebu128": {
        "integrated": -20.2076435089,
        "loudness_range": 1.99938583374,
        "momentary": {
            "max": -16.1213741302,
            "mean": -20.5052604675,
            "min": -25.4654159546,
            "stdev": 1.5665974617
        },
        "short_term": {
            "max": -18.8500080109,
            "mean": -20.2087116241,
            "min": -21.4021072388,
            "stdev": 0.648805737495
        }
    },
    "melbands_crest": {
        "max": 26.2699604034,
        "mean": 14.3695793152,
        "min": 3.01192712784,
        "stdev": 5.13426733017
    },
    "melbands_flatness_db": {
        "max": 0.294434994459,
        "mean": 0.128213047981,
        "min": 0.0153670497239,
        "stdev": 0.0511885210872
    },
    "melbands_kurtosis": {
        "max": 160.244674683,
        "mean": 10.3880577087,
        "min": -1.90849411488,
        "stdev": 17.0301761627
    },
    "melbands_skewness": {
        "max": 11.8051280975,
        "mean": 2.50431394577,
        "min": -1.94542622566,
        "stdev": 1.87204897404
    },
    "melbands_spread": {
        "max": 283.589141846,
        "mean": 58.7727584839,
        "min": 3.91695690155,
        "stdev": 40.6565818787
    },
    "pitch_salience": {
        "max": 0.790282845497,
        "mean": 0.534923732281,
        "min": 0.144349575043,
        "stdev": 0.105812557042
    },
    "silence_rate_20dB": {
        "max": 1,
        "mean": 1,
        "min": 1,
        "stdev": 0
    },
    "silence_rate_30dB": {
        "max": 1,
        "mean": 1,
        "min": 1,
        "stdev": 0
    },
    "silence_rate_60dB": {
        "max": 1,
        "mean": 0.00709219835699,
        "min": 0,
        "stdev": 0.0839166939259
    },
    "spectral_centroid": {
        "max": 6336.06201172,
        "mean": 2530.45458984,
        "min": 782.815795898,
        "stdev": 665.909240723
    },
    "spectral_complexity": {
        "max": 51,
        "mean": 20.8401031494,
        "min": 2,
        "stdev": 8.82103729248
    },
    "spectral_decrease": {
        "max": -2.94308077908e-10,
        "mean": -4.69274707982e-09,
        "min": -2.27899654703e-08,
        "stdev": 3.23419424575e-09
    },
    "spectral_energy": {
        "max": 0.102727562189,
        "mean": 0.0217263679951,
        "min": 0.00139550620224,
        "stdev": 0.0146202901378
    },
    "spectral_energyband_high": {
        "max": 0.0805035457015,
        "mean": 0.00392418075353,
        "min": 0.000109588247142,
        "stdev": 0.00705261528492
    },
    "spectral_energyband_low": {
        "max": 0.079485103488,
        "mean": 0.00931298360229,
        "min": 3.33540083375e-05,
        "stdev": 0.0103467898443
    },
    "spectral_energyband_middle_high": {
        "max": 0.0415145009756,
        "mean": 0.00594522804022,
        "min": 0.000274550635368,
        "stdev": 0.00589163741097
    },
    "spectral_energyband_middle_low": {
        "max": 0.0260562598705,
        "mean": 0.00313703762367,
        "min": 0.000178640693775,
        "stdev": 0.00276624667458
    },
    "spectral_entropy": {
        "max": 8.81282806396,
        "mean": 8.13348197937,
        "min": 6.99028730392,
        "stdev": 0.291100054979
    },
    "spectral_flux": {
        "max": 0.267382115126,
        "mean": 0.0922765508294,
        "min": 0.0224908664823,
        "stdev": 0.0444909930229
    },
    "spectral_kurtosis": {
        "max": 8.08850479126,
        "mean": 1.74293971062,
        "min": -0.981830120087,
        "stdev": 1.28044641018
    },
    "spectral_rms": {
        "max": 0.0100110946223,
        "mean": 0.00437034340575,
        "min": 0.00116682017688,
        "stdev": 0.00144795328379
    },
    "spectral_rolloff": {
        "max": 12596.9238281,
        "mean": 4126.52001953,
        "min": 107.666015625,
        "stdev": 2663.09423828
    },
    "spectral_skewness": {
        "max": 1.94217944145,
        "mean": 1.05866825581,
        "min": -0.1550873667,
        "stdev": 0.292297959328
    },
    "spectral_spread": {
        "max": 10980302,
        "mean": 6139251.5,
        "min": 2443281.5,
        "stdev": 1512792.375
    },
    "spectral_strongpeak": {
        "max": 28.8122329712,
        "mean": 0.835974514484,
        "min": 0.0252146255225,
        "stdev": 1.86328709126
    },
    "zerocrossingrate": {
        "max": 0.37060546875,
        "mean": 0.132820367813,
        "min": 0.02490234375,
        "stdev": 0.0574981272221
    },
    "barkbands": {
        "max": [0.00398450903594, 0.0704134851694, 0.0362171679735, 0.0119386939332, 0.0151357064024, 0.00800357665867, 0.00679136486724, 0.0038593437057, 0.0125494021922, 0.0134268803522, 0.0113334022462, 0.0078957779333, 0.00946389883757, 0.0121095804498, 0.0210064463317, 0.0241790693253, 0.0104563310742, 0.0191957596689, 0.0227136015892, 0.00861167535186, 0.00755359092727, 0.0156921353191, 0.0278983395547, 0.0299930348992, 0.0272199399769, 0.00454200292006, 3.02760781778e-06],
        "mean": [6.50251386105e-05, 0.00604217126966, 0.00272835302167, 0.000764250115026, 0.0009917516727, 0.000347971916199, 0.000296889425954, 0.000230762481806, 0.00033958995482, 0.000663346378133, 0.000488303718157, 0.000290875614155, 0.000299789768178, 0.000517144799232, 0.000646386761218, 0.000820151704829, 0.000549334974494, 0.000716386712156, 0.00079536694102, 0.000467953563202, 0.000462320807856, 0.000471687933896, 0.000882538675796, 0.00111524690874, 0.000540265289601, 0.000192452527699, 4.63770888359e-08],
        "min": [4.37334044534e-08, 8.64426056069e-06, 2.88502269541e-06, 1.78008497187e-06, 1.43667148222e-05, 2.52885797636e-06, 1.13848636829e-06, 4.69602809972e-07, 1.09687289296e-06, 2.29147735809e-06, 2.34287153944e-06, 3.85419480153e-06, 2.33435139307e-06, 8.65585207066e-06, 1.12046964205e-05, 1.30360431285e-05, 1.17953923109e-05, 2.39492837864e-05, 2.24479863391e-05, 1.25523474708e-05, 1.6102418158e-05, 1.25158176161e-05, 1.68387305166e-05, 8.61119769979e-06, 2.82335736301e-06, 9.79169840321e-07, 7.12934017377e-11],
        "stdev": [0.000149719620822, 0.00673298025504, 0.00429564807564, 0.00120659347158, 0.00140351196751, 0.000615445082076, 0.000538801657967, 0.000421473261667, 0.000747894810047, 0.0014106790768, 0.00104881566949, 0.00061240902869, 0.000650953035802, 0.00105437845923, 0.00143895635847, 0.00198464072309, 0.00109092926141, 0.00153800169937, 0.00121167418547, 0.000490155129228, 0.000653844967019, 0.00118803814985, 0.0021038595587, 0.00260439515114, 0.00123685388826, 0.000413786765421, 1.63902640793e-07]
    },
    "erbbands": {
        "max": [2.02285075188, 15.6274766922, 42.0143318176, 43.7097854614, 34.5804862976, 60.4747314453, 72.6183547974, 88.5389862061, 122.632629395, 69.6084213257, 103.733520508, 189.435638428, 327.480743408, 421.659759521, 540.00213623, 318.786376953, 458.212402344, 642.737731934, 1181.52209473, 753.45123291, 1437.72167969, 728.076904297, 1047.16625977, 1591.76757812, 374.689361572, 366.114776611, 277.660858154, 368.970031738, 502.929595947, 862.343688965, 739.201904297, 686.310668945, 493.004730225, 440.992889404, 74.6963119507, 20.173658371, 11.0635890961, 0.483887523413, 0.0101724835113, 0.000747590325773],
        "mean": [0.103361189365, 1.57699418068, 3.45688223839, 3.05853843689, 2.65150856972, 3.42124009132, 2.76789546013, 3.2533621788, 4.18762731552, 4.56668567657, 5.12177705765, 7.8720459938, 16.14412117, 21.6203861237, 18.240070343, 12.5103797913, 14.3733234406, 23.3448600769, 33.2377662659, 36.7084693909, 43.2750396729, 29.6272373199, 35.9723052979, 50.4855041504, 28.5137939453, 22.7386054993, 20.2869529724, 16.4375915527, 14.9464511871, 23.5211582184, 25.613899231, 23.7949008942, 17.4402675629, 7.07505130768, 3.16660118103, 1.18716132641, 0.348610818386, 0.0216632373631, 0.000486373261083, 6.54737377772e-05],
        "min": [0.000139382740599, 0.00279603665695, 0.00745341042057, 0.0130167519674, 0.041504252702, 0.0436373725533, 0.0445012077689, 0.0393397696316, 0.0133746294305, 0.0346363224089, 0.0565997213125, 0.0725713819265, 0.146198138595, 0.0999541208148, 0.163545668125, 0.24464815855, 0.18238145113, 0.511777639389, 0.746363639832, 0.687652170658, 0.765347957611, 0.573027431965, 1.27940821648, 1.12485086918, 0.939329087734, 0.761025071144, 0.618313789368, 0.549002885818, 0.262206941843, 0.535893321037, 0.591598927975, 0.329986125231, 0.111090704799, 0.065650343895, 0.0114100081846, 0.0050488896668, 0.00126959942281, 5.02485745528e-05, 5.2120667533e-06, 3.42865450875e-06],
        "stdev": [0.136794283986, 1.75451374054, 4.91477680206, 4.76582813263, 3.63852262497, 5.57363080978, 4.11403656006, 6.15865135193, 8.10367012024, 7.5110039711, 9.88003349304, 15.8861312866, 33.0314979553, 45.1582946777, 36.1805381775, 25.3722724915, 29.7157802582, 41.6898498535, 73.3689880371, 65.6775588989, 104.522384644, 56.1772193909, 74.6554031372, 88.9797668457, 31.0540714264, 23.6424732208, 24.8205814362, 27.7622127533, 36.3981971741, 61.8923568726, 57.9839630127, 53.3966712952, 43.1386299133, 19.8328037262, 5.47144603729, 2.19661426544, 0.819873988628, 0.0477007031441, 0.000961916346569, 7.68299214542e-05]
    },
    "gfcc": {
        "mean": [35.7055892944, 33.6805419922, -111.200004578, 59.4492835999, -53.9033851624, 38.0716972351, -40.9771232605, 21.4246559143, -28.323474884, 1.4554759264, -17.002571106, 0.835293769836, -11.6004228592],
        "cov": [[1252.04431152, -341.027526855, 206.068145752, -90.0057449341, 37.6780471802, 28.8210411072, 4.03790521622, 56.7634277344, -16.8701057434, 103.341682434, -61.7532653809, 37.6727180481, -65.8600158691], [-341.027526855, 728.198791504, -171.97164917, 37.0119934082, 73.7285995483, -14.0239782333, 109.869880676, -12.6472682953, 37.1755218506, -50.9968566895, 75.7374572754, -69.8966445923, 37.2539405823], [206.068145752, -171.97164917, 632.85369873, 67.2402191162, -33.4966545105, 38.4260292053, -37.2378540039, 9.60977172852, -1.67106080055, 104.190452576, -54.5469818115, 24.6416816711, -92.8131484985], [-90.0057449341, 37.0119934082, 67.2402191162, 252.607559204, 92.6732177734, 26.8316135406, -11.1468439102, 4.71909379959, 38.0165138245, -46.5720024109, 22.1630420685, -19.0457897186, 45.2069358826], [37.6780471802, 73.7285995483, -33.4966545105, 92.6732177734, 294.014373779, 40.5922203064, 50.9131507874, 31.2263298035, -56.0020256042, -39.9525489807, -41.0454368591, 2.30835962296, 33.3535461426], [28.8210411072, -14.0239782333, 38.4260292053, 26.8316135406, 40.5922203064, 158.806838989, 72.5186004639, -11.4686975479, -2.45888543129, -12.3598957062, 7.54788923264, -18.4454116821, 9.53653049469], [4.03790521622, 109.869880676, -37.2378540039, -11.1468439102, 50.9131507874, 72.5186004639, 135.731674194, 18.0895290375, -13.1359682083, -9.68825054169, -10.710814476, -19.6311397552, 1.21176838875], [56.7634277344, -12.6472682953, 9.60977172852, 4.71909379959, 31.2263298035, -11.4686975479, 18.0895290375, 95.1071090698, 37.6366157532, -5.42038679123, -14.2734107971, -0.390198945999, 0.445645242929], [-16.8701057434, 37.1755218506, -1.67106080055, 38.0165138245, -56.0020256042, -2.45888543129, -13.1359682083, 37.6366157532, 111.942016602, 22.6369018555, 28.80991745, -19.4678153992, -6.5617017746], [103.341682434, -50.9968566895, 104.190452576, -46.5720024109, -39.9525489807, -12.3598957062, -9.68825054169, -5.42038679123, 22.6369018555, 110.85093689, 11.4527597427, 1.74752473831, -59.4068756104], [-61.7532653809, 75.7374572754, -54.5469818115, 22.1630420685, -41.0454368591, 7.54788923264, -10.710814476, -14.2734107971, 28.80991745, 11.4527597427, 94.3999481201, -1.69367170334, 4.64783143997], [37.6727180481, -69.8966445923, 24.6416816711, -19.0457897186, 2.30835962296, -18.4454116821, -19.6311397552, -0.390198945999, -19.4678153992, 1.74752473831, -1.69367170334, 59.9329872131, 16.6308288574], [-65.8600158691, 37.2539405823, -92.8131484985, 45.2069358826, 33.3535461426, 9.53653049469, 1.21176838875, 0.445645242929, -6.5617017746, -59.4068756104, 4.64783143997, 16.6308288574, 98.6301193237]],
        "icov": [[0.00107195146848, 0.000531710975338, -0.000274316465948, 0.00054424686823, -0.000519678753335, 9.83634672593e-05, -0.000368784065358, -0.000270578137133, -0.000251953402767, -0.000505257921759, -0.000180039773113, 0.000130664004246, -0.000155289744725], [0.000531710975338, 0.00395469274372, -0.00188408046961, 0.00312464009039, -0.00336735090241, 0.00493074813858, -0.00528561370447, 0.00421026721597, -0.0045947432518, 0.00365894008428, -0.00530911888927, 0.00488079991192, -0.00231056893244], [-0.000274316465948, -0.00188408046961, 0.00476876553148, -0.00510837044567, 0.00371735310182, -0.00502118607983, 0.00406864657998, -0.00438920129091, 0.00506057962775, -0.00573005806655, 0.00596330408007, -0.0051308805123, 0.00402513891459], [0.00054424686823, 0.00312464009039, -0.00510837044567, 0.012491739355, -0.00769545184448, 0.00581187801436, -0.0040037529543, 0.00737381447107, -0.0104539934546, 0.00874538812786, -0.00863724853843, 0.00786394998431, -0.00564012909308], [-0.000519678753335, -0.00336735090241, 0.00371735310182, -0.00769545184448, 0.0101863099262, -0.00644312473014, 0.00422536674887, -0.00841670669615, 0.0104535399005, -0.0063834390603, 0.00782812200487, -0.00551873864606, 0.0025268602185], [9.83634672593e-05, 0.00493074813858, -0.00502118607983, 0.00581187801436, -0.00644312473014, 0.0176140684634, -0.0130111780018, 0.0102533828467, -0.00933230854571, 0.00834151357412, -0.0100386850536, 0.00896771065891, -0.00523201888427], [-0.000368784065358, -0.00528561370447, 0.00406864657998, -0.0040037529543, 0.00422536674887, -0.0130111780018, 0.0196167435497, -0.0102533148602, 0.00940137822181, -0.00704317726195, 0.0085687590763, -0.00422256579623, 0.00373989739455], [-0.000270578137133, 0.00421026721597, -0.00438920129091, 0.00737381447107, -0.00841670669615, 0.0102533828467, -0.0102533148602, 0.0238945446908, -0.0173165909946, 0.0103676784784, -0.00561442924663, 0.00418418878689, -0.00275653623976], [-0.000251953402767, -0.0045947432518, 0.00506057962775, -0.0104539934546, 0.0104535399005, -0.00933230854571, 0.00940137822181, -0.0173165909946, 0.0268674306571, -0.013039894402, 0.00585724459961, -0.00233228364959, 0.00250147702172], [-0.000505257921759, 0.00365894008428, -0.00573005806655, 0.00874538812786, -0.0063834390603, 0.00834151357412, -0.00704317726195, 0.0103676784784, -0.013039894402, 0.0246115550399, -0.0104401875287, 0.00391865614802, 0.00405959039927], [-0.000180039773113, -0.00530911888927, 0.00596330408007, -0.00863724853843, 0.00782812200487, -0.0100386850536, 0.0085687590763, -0.00561442924663, 0.00585724459961, -0.0104401875287, 0.0236160643399, -0.0102469669655, 0.00441537192091], [0.000130664004246, 0.00488079991192, -0.0051308805123, 0.00786394998431, -0.00551873864606, 0.00896771065891, -0.00422256579623, 0.00418418878689, -0.00233228364959, 0.00391865614802, -0.0102469669655, 0.0305853802711, -0.0116261001676], [-0.000155289744725, -0.00231056893244, 0.00402513891459, -0.00564012909308, 0.0025268602185, -0.00523201888427, 0.00373989739455, -0.00275653623976, 0.00250147702172, 0.00405959039927, 0.00441537192091, -0.0116261001676, 0.0212625972927]]
    },
    "melbands": {
        "max": [0.0199539940804, 0.0192389395088, 0.00688005238771, 0.00392441311851, 0.00220350176096, 0.00175879138988, 0.00168960320298, 0.000696532370057, 0.000861088628881, 0.00165717327036, 0.0016627961304, 0.00180278567132, 0.00163330498617, 0.000527225085534, 0.00117539556231, 0.000844343740027, 0.00118300155737, 0.00179637444671, 0.00120770232752, 0.0019154077163, 0.00227340427227, 0.000925243948586, 0.000582930922974, 0.0012648437405, 0.00161928031594, 0.00032609741902, 0.000124442201923, 0.00030646880623, 0.000249856500886, 0.000255528371781, 0.000239070650423, 0.000274772348348, 0.00037760581472, 0.000665057566948, 0.000519312219694, 0.000564519374166, 0.000387853069697, 0.000429685343988, 0.000439018651377, 0.000323243817547],
        "mean": [0.00135229493026, 0.00193602079526, 0.000512622355018, 0.000219637237024, 0.000113165478979, 7.17881848686e-05, 6.35861360934e-05, 5.04201598233e-05, 4.16202456108e-05, 5.04490999447e-05, 8.21994617581e-05, 8.92072785064e-05, 6.42097074888e-05, 3.44460968336e-05, 3.30219518219e-05, 3.02620774164e-05, 4.60194496554e-05, 5.20682442584e-05, 4.83344047097e-05, 5.57498897251e-05, 4.97235851071e-05, 3.17568956234e-05, 2.59010375885e-05, 3.73245056835e-05, 4.27207778557e-05, 2.43016111199e-05, 1.54371282406e-05, 1.50579689944e-05, 1.25203596326e-05, 1.19115366033e-05, 8.68461756909e-06, 7.63031039241e-06, 1.04147884485e-05, 1.42417857205e-05, 1.54774443217e-05, 1.32296627271e-05, 1.52346983668e-05, 1.32616369228e-05, 9.22798517422e-06, 4.69536644232e-06],
        "min": [1.98455973077e-06, 4.93659626954e-06, 2.99959219774e-06, 3.47746390617e-06, 9.74361228145e-07, 2.72309705451e-07, 2.05136018394e-07, 2.5669265824e-07, 3.15736855327e-07, 1.92538351484e-07, 6.64772073833e-07, 3.94393396164e-07, 4.28548645459e-07, 4.88362672968e-07, 4.00462113248e-07, 3.72603267351e-07, 4.11567015135e-07, 1.17543424949e-06, 9.11706422357e-07, 1.06690606572e-06, 4.91307616812e-07, 4.3970015895e-07, 1.01959017229e-06, 1.2537262819e-06, 7.19810032024e-07, 5.92799949573e-07, 3.56364097343e-07, 4.53258337529e-07, 4.09685071645e-07, 2.67610289484e-07, 3.1285603086e-07, 1.10352324612e-07, 1.92054358195e-07, 2.62612360302e-07, 3.1041810189e-07, 2.57704215301e-07, 1.18857272469e-07, 5.77098724364e-08, 1.07790079085e-07, 1.80295725016e-08],
        "stdev": [0.00156268558931, 0.00235285749659, 0.000744721211959, 0.000347909575794, 0.000148919105413, 0.000131500608404, 0.000117247604067, 8.15472376416e-05, 8.00693378551e-05, 0.00010908600234, 0.000174169181264, 0.000193446481717, 0.000134341084049, 5.55684746359e-05, 9.03950058273e-05, 6.29267597105e-05, 8.84947221493e-05, 0.000118544936413, 0.000104274469777, 0.000136895178002, 0.000135927140946, 7.02162724338e-05, 4.23578567279e-05, 9.27377623157e-05, 8.13147998997e-05, 3.29768954543e-05, 1.44892892422e-05, 1.80992847163e-05, 1.57960530487e-05, 2.02666105906e-05, 1.62866144819e-05, 1.94830245164e-05, 2.70394903055e-05, 3.98824195145e-05, 3.70414163626e-05, 2.89992804028e-05, 3.65093001164e-05, 3.44681284332e-05, 2.41310553974e-05, 1.38777613756e-05]
    },
    "melbands128": {
        "max": [0.00242223730311, 0.01253182441, 0.0344167016447, 0.025886958465, 0.024204030633, 0.0162805970758, 0.00956554710865, 0.00548357795924, 0.00378837948665, 0.00606075208634, 0.00374905066565, 0.00338590377942, 0.0035507902503, 0.00154450105038, 0.00314876320772, 0.00355567829683, 0.00247401068918, 0.00214765011333, 0.00126789335627, 0.00113283970859, 0.00119171640836, 0.00144632847514, 0.00158273393754, 0.00165792810731, 0.00182396941818, 0.00317276036367, 0.00351009517908, 0.00321856979281, 0.00453492207453, 0.00302150077187, 0.00255894474685, 0.00306088011712, 0.00242484919727, 0.00315467477776, 0.000890297698788, 0.000626210705377, 0.00153793266509, 0.00246918131597, 0.00256768800318, 0.0017417378258, 0.000977392424829, 0.00280954525806, 0.00257065519691, 0.00279448740184, 0.0027231622953, 0.0029048200231, 0.00533270929009, 0.00257336115465, 0.00215446110815, 0.00218473584391, 0.00380531139672, 0.00440686196089, 0.00285431579687, 0.00323946890421, 0.00178399868309, 0.00194539839868, 0.00147403031588, 0.00108581397217, 0.00084042607341, 0.00269532436505, 0.0029030945152, 0.00267748138867, 0.00209072395228, 0.0024044115562, 0.000991845154203, 0.000600994157139, 0.000572672404815, 0.000342292274581, 0.000231018682825, 0.000215109117562, 0.000362473103451, 0.00039838423254, 0.000468336656922, 0.000354682531906, 0.000472170475405, 0.000497895176522, 0.000602629035711, 0.000308397691697, 0.000235277359025, 0.000428977713455, 0.000365875632269, 0.000325488275848, 0.000251205230597, 0.000512114609592, 0.000574623816647, 0.000615226628724, 0.00121104798745, 0.00103040446993, 0.000652218353935, 0.000350614340277, 0.00103312754072, 0.000438354036305, 0.000455621135188, 0.000452049105661, 0.000658893666696, 0.000752273015678, 0.000577413477004, 0.000313835160341, 0.000397604919272, 0.000778883520979, 0.000504056166392, 0.000170528597664, 0.000197068569832, 9.53625931288e-05, 7.38330782042e-05, 6.04403430771e-05, 5.69085459574e-05, 2.41103934968e-05, 3.3895343222e-05, 9.26454667933e-05, 3.81336358259e-05, 5.1224596973e-05, 5.10788413521e-05, 2.36421219597e-05, 1.26943923533e-05, 2.60938031715e-06, 8.31281070646e-08, 2.8255759954e-09, 3.89778387344e-09, 4.44573311498e-09, 4.77428185874e-09, 4.95538987622e-09, 5.03510655392e-09, 5.07266895156e-09, 5.10475617332e-09, 5.11861353303e-09, 5.12244779927e-09, 5.12198505831e-09],
        "mean": [4.75920569443e-05, 0.000483059935505, 0.00195014220662, 0.00291693024337, 0.00210773805156, 0.00123950804118, 0.000644043262582, 0.000316955178278, 0.000249974167673, 0.000237648797338, 0.000182493720786, 0.000162267300766, 8.58958592289e-05, 6.29175192444e-05, 7.57563539082e-05, 7.36632209737e-05, 7.14784036973e-05, 6.09378839727e-05, 5.67284114368e-05, 4.81983552163e-05, 5.11044272571e-05, 4.56767556898e-05, 3.71179667127e-05, 3.96417453885e-05, 5.07763397763e-05, 5.28420096089e-05, 5.69786716369e-05, 8.97141144378e-05, 9.80748445727e-05, 9.774571663e-05, 8.41728178784e-05, 7.33508859412e-05, 6.21025901637e-05, 6.79707736708e-05, 3.09456736431e-05, 2.47468087764e-05, 3.63556791854e-05, 3.33565367328e-05, 3.22336964018e-05, 3.09011993522e-05, 2.89183481073e-05, 2.98462400679e-05, 4.14562273363e-05, 6.11374052824e-05, 4.89016565552e-05, 4.41424090241e-05, 6.60901350784e-05, 4.90511738462e-05, 3.82311154681e-05, 4.83106850879e-05, 6.53770475765e-05, 5.53156896785e-05, 4.97773762618e-05, 4.92021245009e-05, 4.30970831076e-05, 2.92338427244e-05, 2.18305285671e-05, 2.70987002295e-05, 2.25630792556e-05, 3.35239747074e-05, 3.87710533687e-05, 3.75303352484e-05, 4.89886588184e-05, 4.51141750091e-05, 3.26882582158e-05, 2.31696540141e-05, 1.9927854737e-05, 1.64623070305e-05, 1.33519379233e-05, 1.55998841365e-05, 1.50943260451e-05, 1.57361573656e-05, 1.26066033772e-05, 1.18210236906e-05, 1.23091722344e-05, 1.28129477162e-05, 1.20858612718e-05, 8.60617274157e-06, 8.67224480317e-06, 8.15110342955e-06, 7.02191573509e-06, 7.52209962229e-06, 8.51631011756e-06, 1.0370425116e-05, 1.24017160488e-05, 1.32129425765e-05, 1.45864405567e-05, 1.66312111105e-05, 1.6956419131e-05, 1.29957543322e-05, 1.37948054544e-05, 1.21131197375e-05, 1.43992729136e-05, 1.59030460054e-05, 1.55158704729e-05, 1.47940418174e-05, 1.31233646243e-05, 1.06039515231e-05, 9.71224380919e-06, 8.6732343334e-06, 5.8689074649e-06, 3.89265687772e-06, 3.34971082339e-06, 2.93200491797e-06, 3.07858135784e-06, 4.95184895044e-06, 3.38951940648e-06, 1.77434390025e-06, 1.7011542468e-06, 2.05346577786e-06, 1.33223056764e-06, 1.22742028452e-06, 1.32821230636e-06, 7.91165803093e-07, 4.4720948722e-07, 8.1596688517e-08, 1.99340743912e-09, 6.63943943227e-12, 6.05916098545e-12, 6.86361471131e-12, 6.60619215581e-12, 6.34097245197e-12, 6.30642456659e-12, 6.2496860985e-12, 6.11491673269e-12, 5.89095829409e-12, 5.76374495007e-12, 5.73100811599e-12],
        "min": [3.69147379331e-10, 1.05052961885e-07, 8.99491112705e-07, 3.44540512742e-06, 2.63512720267e-06, 1.02433261873e-06, 1.67876942214e-06, 7.8108979551e-07, 2.90321281682e-07, 7.55131509322e-07, 4.06442552503e-07, 3.20962897149e-07, 1.08418618083e-07, 2.84466182165e-07, 1.22434599348e-07, 1.1891100371e-07, 8.49056718266e-08, 4.63683882401e-08, 7.32697813532e-08, 1.04004854506e-07, 3.44688899645e-08, 4.61490436976e-08, 1.20779892754e-08, 6.39918695811e-08, 1.50815793631e-07, 7.48739523715e-08, 6.24373939218e-08, 1.52138710519e-07, 1.43282392173e-07, 7.32577518647e-08, 1.08379424546e-07, 5.97630531729e-08, 1.13428065163e-07, 2.12274215983e-07, 1.82519457326e-07, 5.54358692284e-08, 8.39474409986e-08, 5.24860297446e-08, 1.26257859279e-07, 1.39868305382e-07, 7.12077365961e-08, 1.44062809682e-07, 2.41214024754e-07, 1.66792787581e-07, 7.49863531269e-08, 1.44308202721e-07, 1.35813451152e-07, 1.05867023592e-07, 2.55230276025e-07, 1.75780144218e-07, 2.89656497898e-07, 1.95108526668e-07, 1.06081792239e-07, 1.32972417077e-07, 2.02071959166e-07, 2.24436519147e-07, 1.87031091059e-07, 4.18209367581e-07, 2.55044398045e-07, 3.4678657812e-07, 5.02037664774e-07, 4.63611542045e-07, 2.61074234231e-07, 4.26955040211e-07, 1.02565742566e-07, 2.06294060945e-07, 3.70197170696e-07, 2.64220659574e-07, 2.16943760734e-07, 1.96906938754e-07, 1.62768969858e-07, 1.76672315888e-07, 3.23826725435e-07, 1.28491322471e-07, 1.00737146624e-07, 1.44881454389e-07, 7.66395942264e-08, 1.89522033622e-08, 4.44631744756e-08, 1.99054625227e-07, 6.38310826417e-09, 3.04314795585e-08, 1.9635795212e-08, 6.34315355796e-08, 9.51657526116e-08, 2.3926367021e-07, 2.92777961874e-08, 2.27565006838e-08, 1.08792747255e-07, 2.94294039804e-07, 2.19204821406e-07, 1.04400086798e-07, 1.58975296927e-07, 4.22338892747e-08, 1.38885710044e-07, 6.8585116253e-08, 3.63691725624e-08, 1.75498691135e-08, 2.03887928762e-08, 2.39716069217e-08, 3.47664936839e-08, 5.18759302182e-09, 7.11335479409e-09, 2.49726417323e-09, 3.300746787e-09, 4.25574508967e-09, 1.62188296127e-09, 1.26052321359e-10, 2.66860600458e-12, 1.04932694478e-11, 1.31512647994e-11, 1.66295102688e-10, 8.11505116577e-12, 2.67087155344e-12, 4.21891173255e-13, 3.17102355658e-13, 2.94835092755e-13, 2.795064256e-13, 2.5649998076e-13, 2.77953224673e-13, 2.52747231781e-13, 2.73657073564e-13, 2.02757583401e-13, 2.3147691988e-13, 1.61289601466e-13, 6.77448819698e-14, 7.52591314734e-15, 3.21759943984e-16],
        "stdev": [0.000107327658043, 0.000801923801191, 0.00249290233478, 0.00338300550357, 0.00295138754882, 0.00196899124421, 0.00107435544487, 0.000495581072755, 0.000359009864042, 0.000515855732374, 0.000329311500536, 0.000228087534197, 0.000171661376953, 0.000134487432661, 0.000177749388968, 0.000173430351424, 0.000179028793355, 0.000137091628858, 0.000121711440443, 9.96759481495e-05, 0.000102612917544, 0.000111877307063, 0.000107534287963, 0.000109673201223, 0.000131820779643, 0.000163635602803, 0.000189033744391, 0.000241383124376, 0.000307736248942, 0.000296959915431, 0.000234019011259, 0.00022971459839, 0.000186452205526, 0.000180832343176, 6.93776892149e-05, 5.61611122976e-05, 0.000109479056846, 0.000149888117448, 0.000107371524791, 9.4139140856e-05, 7.44422795833e-05, 0.00011146171164, 0.000113916714326, 0.000154533234308, 0.000165898207342, 0.000148518593051, 0.000250046665315, 0.000164756522281, 0.000108079439087, 0.000147973172716, 0.000224099276238, 0.000218840097659, 0.000192671170225, 0.000188451929716, 0.000134252579301, 0.000102158890513, 6.65173938614e-05, 5.55808364879e-05, 5.25065261172e-05, 0.000112216854177, 0.000148614359205, 0.000145351543324, 0.000122552009998, 0.000113001362479, 7.62515774113e-05, 4.28523671872e-05, 2.95980353258e-05, 2.33737300732e-05, 1.75111872522e-05, 1.91417948372e-05, 2.51276542258e-05, 2.39768196479e-05, 2.16124590224e-05, 1.998244079e-05, 2.56675157289e-05, 2.64291829808e-05, 3.13070195261e-05, 1.81843734026e-05, 1.60784602485e-05, 2.14867304749e-05, 2.00373178814e-05, 2.21921054617e-05, 2.08262918022e-05, 2.98304385069e-05, 3.58283105015e-05, 3.88418739021e-05, 4.67223799205e-05, 5.32046287844e-05, 4.25455655204e-05, 2.75990641967e-05, 3.77612668672e-05, 2.6861051083e-05, 3.19146056427e-05, 3.80400160793e-05, 4.54024884675e-05, 4.40282565251e-05, 3.65685518773e-05, 2.54238493653e-05, 2.47990101343e-05, 2.98847135127e-05, 2.06256409001e-05, 1.07752402982e-05, 8.69807536219e-06, 5.76850607104e-06, 5.70060728933e-06, 9.4765009635e-06, 6.48030481898e-06, 2.87575312541e-06, 3.45894272868e-06, 7.17402872397e-06, 3.12458701046e-06, 3.02974945043e-06, 3.39089569934e-06, 1.93945311366e-06, 1.0298460893e-06, 1.89514153703e-07, 5.99813221314e-09, 7.22101337058e-11, 9.90773713072e-11, 1.15558042302e-10, 1.21845478152e-10, 1.25902052672e-10, 1.27926627624e-10, 1.28886165629e-10, 1.29708244145e-10, 1.30062766113e-10, 1.30164656831e-10, 1.30154512168e-10]
    },
    "mfcc": {
        "mean": [-603.820251465, 55.8910522461, 10.2505807877, 25.1493434906, 19.718957901, 12.3973150253, 10.5770597458, 14.5004806519, 1.03635716438, 10.1213493347, -4.62488603592, -1.25886368752, -3.41320014],
        "cov": [[1085.67529297, -179.425140381, -13.9636878967, -69.8034439087, -18.0868644714, -13.0505466461, 3.68519473076, -7.94312667847, 13.7700557709, 26.8559703827, 25.5183086395, -3.27141571045, 51.1003227234], [-179.425140381, 568.454406738, -127.093406677, 34.1845550537, -46.1303710938, 8.21811294556, 66.5341491699, 13.6494970322, -7.2283039093, 55.4402427673, 8.15082263947, -3.13408780098, -15.4357223511], [-13.9636878967, -127.093406677, 546.36505127, 10.0424833298, -5.94063138962, 45.2440071106, -72.6782608032, -48.8504180908, -3.97311997414, -4.37043046951, 91.1129608154, 47.0795707703, 28.1267738342], [-69.8034439087, 34.1845550537, 10.0424833298, 209.671630859, 114.183494568, 0.780938267708, 14.6037769318, 17.8925361633, 34.7810516357, -12.347322464, -21.3689117432, 16.7987060547, 3.50182390213], [-18.0868644714, -46.1303710938, -5.94063138962, 114.183494568, 200.901290894, 18.6386146545, 36.5801696777, 34.5861053467, 36.9071617126, -16.258764267, -32.0411529541, -2.29146051407, 9.17756652832], [-13.0505466461, 8.21811294556, 45.2440071106, 0.780938267708, 18.6386146545, 160.04737854, 76.9029846191, 11.9925374985, 5.8134393692, 17.7750511169, 9.81266403198, -20.41497612, -18.3215885162], [3.68519473076, 66.5341491699, -72.6782608032, 14.6037769318, 36.5801696777, 76.9029846191, 151.961975098, 48.8847236633, 18.3386669159, 10.767739296, -20.476852417, -29.469165802, -21.1885299683], [-7.94312667847, 13.6494970322, -48.8504180908, 17.8925361633, 34.5861053467, 11.9925374985, 48.8847236633, 102.259750366, 47.4938850403, 11.5680761337, -26.7670974731, -20.9603595734, -6.16145992279], [13.7700557709, -7.2283039093, -3.97311997414, 34.7810516357, 36.9071617126, 5.8134393692, 18.3386669159, 47.4938850403, 97.1752624512, 21.7261791229, -11.5181713104, -14.0788154602, -5.78637742996], [26.8559703827, 55.4402427673, -4.37043046951, -12.347322464, -16.258764267, 17.7750511169, 10.767739296, 11.5680761337, 21.7261791229, 82.9921188354, 33.4734535217, 4.70748233795, -2.36319732666], [25.5183086395, 8.15082263947, 91.1129608154, -21.3689117432, -32.0411529541, 9.81266403198, -20.476852417, -26.7670974731, -11.5181713104, 33.4734535217, 96.4730529785, 46.8459815979, 14.6625537872], [-3.27141571045, -3.13408780098, 47.0795707703, 16.7987060547, -2.29146051407, -20.41497612, -29.469165802, -20.9603595734, -14.0788154602, 4.70748233795, 46.8459815979, 85.3919067383, 38.0303153992], [51.1003227234, -15.4357223511, 28.1267738342, 3.50182390213, 9.17756652832, -18.3215885162, -21.1885299683, -6.16145992279, -5.78637742996, -2.36319732666, 14.6625537872, 38.0303153992, 70.4526977539]],
        "icov": [[0.00109410146251, 0.000440706615336, 0.000146301637869, 0.00015944550978, 0.000107209663838, 0.000245424977038, -0.000446416524937, 0.000326331995893, -0.000221220427193, -0.00047138571972, -0.000436945818365, 0.000661345489789, -0.00111924333032], [0.000440706615336, 0.00246809143573, 0.000460664741695, -0.00106950080954, 0.00111311348155, 0.00046010967344, -0.00131619325839, 0.000184241391253, 0.000599796883762, -0.00171008927282, -0.000355779717211, 0.000386919331504, -0.000457649992313], [0.000146301637869, 0.000460664741695, 0.00274175219238, -0.000475143955555, 8.6282423581e-05, -0.00141423486639, 0.00136457651388, 0.000316071527777, -0.000600179133471, 0.00105449021794, -0.00280286674388, 0.000522705435287, -0.000729887804482], [0.00015944550978, -0.00106950080954, -0.000475143955555, 0.00817747227848, -0.004402755294, 0.000109196495032, 0.000257883279119, 0.000638347177301, -0.00210217223503, 0.000855564081576, 0.00190263683908, -0.00328912842087, 0.00140411232132], [0.000107209663838, 0.00111311348155, 8.6282423581e-05, -0.004402755294, 0.00869978498667, -0.000505190982949, -0.00157431478146, -0.000835575454403, -0.00096668372862, 0.000457794492831, 0.00105966848787, 0.000314805976814, -0.00191521132365], [0.000245424977038, 0.00046010967344, -0.00141423486639, 0.000109196495032, -0.000505190982949, 0.0100025087595, -0.0058108526282, 0.00107066659257, 0.000672010995913, -0.00186355726328, -0.00121244566981, 0.00200566789135, 0.000657376484014], [-0.000446416524937, -0.00131619325839, 0.00136457651388, 0.000257883279119, -0.00157431478146, -0.0058108526282, 0.0126348761842, -0.0042799138464, 0.000498138426337, 0.000982848112471, -0.000180858027306, 0.000494926178362, 0.00144173915032], [0.000326331995893, 0.000184241391253, 0.000316071527777, 0.000638347177301, -0.000835575454403, 0.00107066659257, -0.0042799138464, 0.0158202014863, -0.00624191761017, -0.00163158995565, 0.00256828963757, 0.00058472296223, -0.00128810759634], [-0.000221220427193, 0.000599796883762, -0.000600179133471, -0.00210217223503, -0.00096668372862, 0.000672010995913, 0.000498138426337, -0.00624191761017, 0.0157948751003, -0.00468367896974, 0.000653207185678, 0.00177527277265, 0.00058648805134], [-0.00047138571972, -0.00171008927282, 0.00105449021794, 0.000855564081576, 0.000457794492831, -0.00186355726328, 0.000982848112471, -0.00163158995565, -0.00468367896974, 0.018528137356, -0.0080228606239, 0.0010912095895, 0.000429850246292], [-0.000436945818365, -0.000355779717211, -0.00280286674388, 0.00190263683908, 0.00105966848787, -0.00121244566981, -0.000180858027306, 0.00256828963757, 0.000653207185678, -0.0080228606239, 0.022852178663, -0.0115343313664, 0.00223505264148], [0.000661345489789, 0.000386919331504, 0.000522705435287, -0.00328912842087, 0.000314805976814, 0.00200566789135, 0.000494926178362, 0.00058472296223, 0.00177527277265, 0.0010912095895, -0.0115343313664, 0.0239789169282, -0.010120424442], [-0.00111924333032, -0.000457649992313, -0.000729887804482, 0.00140411232132, -0.00191521132365, 0.000657376484014, 0.00144173915032, -0.00128810759634, 0.00058648805134, 0.000429850246292, 0.00223505264148, -0.010120424442, 0.0209288746119]]
    },
    "spectral_contrast_coeffs": {
        "max": [-0.559306442738, -0.546726942062, -0.544570624828, -0.551723957062, -0.599334478378, -0.656977176666],
        "mean": [-0.749500215054, -0.787241518497, -0.764291405678, -0.778737902641, -0.780058860779, -0.77309691906],
        "min": [-0.878534197807, -0.927483439445, -0.890557527542, -0.878826618195, -0.857122957706, -0.8478525877],
        "stdev": [0.0521414354444, 0.0557669959962, 0.0644061937928, 0.0592521876097, 0.0430605299771, 0.0270035155118]
    },
    "spectral_contrast_valleys": {
        "max": [-5.32276344299, -5.67897605896, -6.2376704216, -6.14757490158, -5.84390497208, -6.74906301498],
        "mean": [-6.71884250641, -7.31293201447, -7.52884531021, -7.38983297348, -6.91566562653, -8.97006797791],
        "min": [-8.58778953552, -9.43426322937, -9.05858898163, -8.59101295471, -8.20948791504, -11.3504171371],
        "stdev": [0.517050564289, 0.548425078392, 0.467701405287, 0.384373813868, 0.377459704876, 0.668475270271]
    }
},
"rhythm": {
    "beats_count": 94,
    "beats_loudness": {
        "max": 0.0698156878352,
        "mean": 0.0258555468172,
        "min": 0.00478349579498,
        "stdev": 0.00901942513883
    },
    "bpm": 156.531967163,
    "bpm_histogram_first_peak_bpm": 157,
    "bpm_histogram_first_peak_weight": 0.311111092567,
    "bpm_histogram_second_peak_bpm": 152,
    "bpm_histogram_second_peak_spread": 0,
    "bpm_histogram_second_peak_weight": 0.010752688162,
    "danceability": 1.3141515255,
    "onset_rate": 4.24970006943,
    "beats_loudness_band_ratio": {
        "max": [0.818620204926, 0.314177274704, 0.239616215229, 0.501041948795, 0.596902430058, 0.875799953938],
        "mean": [0.373796761036, 0.076801545918, 0.0474356636405, 0.0971585661173, 0.1525529176, 0.278023183346],
        "min": [0.0336795970798, 0.00533838616684, 0.00250902585685, 0.00494927307591, 0.0169120952487, 0.0849740579724],
        "stdev": [0.20253880322, 0.0594401098788, 0.04689110443, 0.0936855450273, 0.145488098264, 0.151198193431]
    },
