{
"metadata": {
    "version": {
        "essentia": "2.1-beta5",
        "essentia_git_sha": "Undefined",
        "extractor": "music 2.0"
    },
    "audio_properties": {
        "analysis": {
            "equal_loudness": 0,
            "length": 48.7502937317,
            "sample_rate": 44100,
            "start_time": 12.7477550507,
            "downmix": "mix"
        },
        "bit_rate": 192000,
        "length": 197.973327637,
        "lossless": 0,
        "number_channels": 2,
        "replay_gain": -7.98324012756,
        "sample_rate": 44100,
        "codec": "mp3",
        "md5_encoded": "36dfdb55fc8599fdfc4f8d0df1998bb2"
    },
    "tags": {
        "file_name": "Finland_Addicted To You_Laura.mp3",
        "encoding": ["Lavf58.29.100"]
    }
},
"lowlevel": {
    "average_loudness": 0.971789598465,
    "barkbands_crest": {
        "max": 23.5193157196,
        "mean": 8.53774642944,
        "min": 2.33676528931,
        "stdev": 3.48307228088
    },
    "barkbands_flatness_db": {
        "max": 0.255622535944,
        "mean": 0.116978034377,
        "min": 0.0310141667724,
        "stdev": 0.0348743200302
    },
    "barkbands_kurtosis": {
        "max": 33.1144752502,
        "mean": 1.52964782715,
        "min": -1.93387150764,
        "stdev": 4.19029140472
    },
    "barkbands_skewness": {
        "max": 4.96117115021,
        "mean": 0.990979015827,
        "min": -1.63077044487,
        "stdev": 1.02136898041
    },
    "barkbands_spread": {
        "max": 115.670280457,
        "mean": 31.9706172943,
        "min": 4.33815097809,
        "stdev": 17.1285152435
    },
    "dissonance": {
        "max": 0.5,
        "mean": 0.475732028484,
        "min": 0.355816960335,
        "stdev": 0.019390206784
    },
    "dynamic_complexity": 1.81043159962,
    "erbbands_crest": {
        "max": 28.1030254364,
        "mean": 9.00631713867,
        "min": 2.30285334587,
        "stdev": 4.4164981842
    },
    "erbbands_flatness_db": {
        "max": 0.271264970303,
        "mean": 0.147614836693,
        "min": 0.0536648370326,
        "stdev": 0.0393344722688
    },
    "erbbands_kurtosis": {
        "max": 18.2874011993,
        "mean": 0.490633249283,
        "min": -1.69474053383,
        "stdev": 1.97454428673
    },
    "erbbands_skewness": {
        "max": 2.47861623764,
        "mean": -0.00511014973745,
        "min": -4.1404671669,
        "stdev": 0.778999626637
    },
    "erbbands_spread": {
        "max": 136.709762573,
        "mean": 38.89661026,
        "min": 6.13796377182,
        "stdev": 17.945350647
    },
    "hfc": {
        "max": 320.54397583,
        "mean": 34.802696228,
        "min": 0.991305649281,
        "stdev": 35.2872772217
    },
    "loudness_ebu128": {
        "integrated": -15.3650913239,
        "loudness_range": 1.31521129608,
        "momentary": {
            "max": -12.9154281616,
            "mean": -15.5090913773,
            "min": -19.4263305664,
            "stdev": 1.14733552933
        },
        "short_term": {
            "max": -14.4531478882,
            "mean": -15.403377533,
            "min": -16.6616020203,
            "stdev": 0.457253426313
        }
    },
    "melbands_crest": {
        "max": 28.977060318,
        "mean": 12.4707546234,
        "min": 3.95551967621,
        "stdev": 4.79489803314
    },
    "melbands_flatness_db": {
        "max": 0.317924231291,
        "mean": 0.159624710679,
        "min": 0.0363678410649,
        "stdev": 0.0470660328865
    },
    "melbands_kurtosis": {
        "max": 172.789794922,
        "mean": 8.54678821564,
        "min": -1.76816642284,
        "stdev": 12.5817699432
    },
    "melbands_skewness": {
        "max": 11.9893388748,
        "mean": 2.19098758698,
        "min": -0.601479232311,
        "stdev": 1.46119737625
    },
    "melbands_spread": {
        "max": 210.59336853,
        "mean": 36.2137527466,
        "min": 3.25019741058,
        "stdev": 24.6842632294
    },
    "pitch_salience": {
        "max": 0.814358830452,
        "mean": 0.574350297451,
        "min": 0.240970268846,
        "stdev": 0.101422205567
    },
    "silence_rate_20dB": {
        "max": 1,
        "mean": 1,
        "min": 1,
        "stdev": 0
    },
    "silence_rate_30dB": {
        "max": 1,
        "mean": 1,
        "min": 1,
        "stdev": 0
    },
    "silence_rate_60dB": {
        "max": 0,
        "mean": 0,
        "min": 0,
        "stdev": 0
    },
    "spectral_centroid": {
        "max": 5081.35742188,
        "mean": 1788.73815918,
        "min": 379.383148193,
        "stdev": 693.683288574
    },
    "spectral_complexity": {
        "max": 55,
        "mean": 24.014755249,
        "min": 2,
        "stdev": 9.54849815369
    },
    "spectral_decrease": {
        "max": -2.85053231019e-10,
        "mean": -6.95025281772e-09,
        "min": -3.0362770076e-08,
        "stdev": 3.9080378933e-09
    },
    "spectral_energy": {
        "max": 0.120565913618,
        "mean": 0.0293885543942,
        "min": 0.00121008837596,
        "stdev": 0.0161343514919
    },
    "spectral_energyband_high": {
        "max": 0.0362175554037,
        "mean": 0.00207319995388,
        "min": 2.8379543437e-05,
        "stdev": 0.00405320432037
    },
    "spectral_energyband_low": {
        "max": 0.0919057577848,
        "mean": 0.0103578679264,
        "min": 4.08367623095e-06,
        "stdev": 0.010827338323
    },
    "spectral_energyband_middle_high": {
        "max": 0.038123909384,
        "mean": 0.00910395104438,
        "min": 0.00024206242233,
        "stdev": 0.00786055624485
    },
    "spectral_energyband_middle_low": {
        "max": 0.0727078840137,
        "mean": 0.00898825749755,
        "min": 0.000335673510563,
        "stdev": 0.00739727495238
    },
    "spectral_entropy": {
        "max": 8.84159755707,
        "mean": 7.81552410126,
        "min": 6.63967561722,
        "stdev": 0.324337124825
    },
    "spectral_flux": {
        "max": 0.308266669512,
        "mean": 0.101973414421,
        "min": 0.0267348028719,
        "stdev": 0.0425356812775
    },
    "spectral_kurtosis": {
        "max": 11.6629905701,
        "mean": 3.10439777374,
        "min": -1.26710903645,
        "stdev": 1.67439043522
    },
    "spectral_rms": {
        "max": 0.010845518671,
        "mean": 0.00517085473984,
        "min": 0.00108654226642,
        "stdev": 0.00139069289435
    },
    "spectral_rolloff": {
        "max": 10680.46875,
        "mean": 2081.81347656,
        "min": 107.666015625,
        "stdev": 1795.41296387
    },
    "spectral_skewness": {
        "max": 2.51208662987,
        "mean": 1.29307115078,
        "min": -0.256605744362,
        "stdev": 0.347142398357
    },
    "spectral_spread": {
        "max": 14131027,
        "mean": 4856792,
        "min": 2549286,
        "stdev": 1671387.875
    },
    "spectral_strongpeak": {
        "max": 20.0688648224,
        "mean": 1.25083136559,
        "min": 0,
        "stdev": 1.7920743227
    },
    "zerocrossingrate": {
        "max": 0.35302734375,
        "mean": 0.0790450870991,
        "min": 0.013671875,
        "stdev": 0.0430123955011
    },
    "barkbands": {
        "max": [0.00360059575178, 0.0487297847867, 0.060275785625, 0.0389408320189, 0.0358641222119, 0.0411445535719, 0.0302044153214, 0.0126962214708, 0.028454804793, 0.0227621030062, 0.0211676731706, 0.0175373032689, 0.0232359208167, 0.0279858019203, 0.0185782164335, 0.0208753030747, 0.019350938499, 0.0157229602337, 0.015936313197, 0.0117430333048, 0.00881339609623, 0.0129258418456, 0.0120485965163, 0.0194280873984, 0.0175245031714, 0.00236185383983, 7.63177013141e-05],
        "mean": [0.000361249956768, 0.00566695909947, 0.00338343321346, 0.0015787036391, 0.00248275278136, 0.00204257690348, 0.000979953329079, 0.000570352887735, 0.00101731764153, 0.00123510393314, 0.00118977902457, 0.00105174072087, 0.000942701415624, 0.00112899835221, 0.000877111859154, 0.000602781830821, 0.000686802610289, 0.000587345799431, 0.000725232006516, 0.000423846184276, 0.00034513999708, 0.000312556716381, 0.00039640191244, 0.000417456525611, 0.000286520895315, 9.49855384533e-05, 7.74983561769e-07],
        "min": [3.67087804598e-09, 6.41971894311e-07, 1.62817366345e-06, 8.26777522889e-07, 1.8253827875e-05, 9.95272785076e-06, 1.83780457519e-06, 5.58710553378e-06, 3.43453484675e-06, 6.15547105554e-06, 4.180398264e-06, 9.52930804488e-06, 8.70065468916e-06, 8.65375295689e-06, 1.07936821223e-05, 1.03836955532e-05, 9.01055136637e-06, 1.02342564787e-05, 3.80842402592e-06, 3.35597974299e-06, 4.65171024189e-06, 3.00329816127e-06, 3.19013497574e-06, 2.35862876252e-06, 6.54510245113e-07, 3.74900643862e-08, 2.44806779015e-11],
        "stdev": [0.000330602633767, 0.00665634963661, 0.00608101952821, 0.00236755376682, 0.0037012246903, 0.00343936146237, 0.00213271263056, 0.000941114500165, 0.00197202875279, 0.0020727396477, 0.00244539114647, 0.00184814538807, 0.00205257628113, 0.00245132204145, 0.00177182268817, 0.00122351141181, 0.00155470205937, 0.00119328906294, 0.000952939328272, 0.000691136403475, 0.000584343390074, 0.000669650384225, 0.000927963526919, 0.00147930753883, 0.00118667481001, 0.000219419700443, 3.86010378861e-06]
    },
    "erbbands": {
        "max": [1.69193804264, 11.8820476532, 61.444190979, 104.682868958, 156.202041626, 127.174102783, 371.976593018, 395.596191406, 367.363311768, 331.345336914, 340.369689941, 646.089782715, 768.02935791, 724.077819824, 1083.37487793, 778.555786133, 1199.56506348, 1603.10302734, 1181.07910156, 1319.0098877, 1397.23339844, 945.629089355, 860.339416504, 839.280578613, 408.824707031, 636.858215332, 274.612060547, 467.611938477, 470.009063721, 439.41116333, 370.856689453, 392.46395874, 280.650360107, 301.394287109, 44.9811706543, 11.6108016968, 4.69860696793, 0.33095407486, 0.00700702844188, 0.000422367244028],
        "mean": [0.150900304317, 1.31436812878, 3.84298825264, 5.07982063293, 6.57231903076, 8.10848903656, 11.124578476, 18.9053287506, 16.6464672089, 11.0050706863, 12.975944519, 24.7728462219, 30.9912528992, 41.2247161865, 59.1921615601, 43.7254104614, 45.5566139221, 52.9100608826, 57.7353591919, 34.8675308228, 37.3158607483, 35.4784812927, 30.4447917938, 41.1948814392, 30.1187019348, 20.4156570435, 13.9165706635, 14.3965396881, 11.2908992767, 10.4928684235, 11.7695665359, 9.71025657654, 6.36293840408, 4.39629650116, 1.26821756363, 0.491298794746, 0.178379833698, 0.0139097813517, 0.000309706520056, 5.45258735656e-05],
        "min": [4.57364367321e-05, 0.000324292661389, 0.00163865881041, 0.00544753205031, 0.0252843219787, 0.0635590106249, 0.1123425439, 0.126646310091, 0.0852950066328, 0.0490536950529, 0.16667625308, 0.30278006196, 0.320948809385, 0.53385168314, 0.377202689648, 0.421075642109, 0.539328157902, 0.588897526264, 0.736942350864, 0.748130500317, 0.487963467836, 0.533286809921, 0.578836500645, 0.282535523176, 0.186353668571, 0.145153224468, 0.197581231594, 0.171399667859, 0.0950775668025, 0.0952890366316, 0.0894274264574, 0.0638237148523, 0.0256238542497, 0.0113139366731, 0.00264979084022, 0.000565832888242, 4.10355532949e-05, 2.31110198001e-06, 3.0590535971e-06, 4.88098567075e-06],
        "stdev": [0.199529230595, 1.57960546017, 6.33640813828, 7.58691883087, 10.0414819717, 13.0906991959, 24.0373744965, 31.8792381287, 31.2534618378, 20.4036369324, 20.9469261169, 44.4092216492, 52.7338523865, 74.2218093872, 120.654685974, 73.7250061035, 97.1403656006, 107.705665588, 113.937950134, 64.2529602051, 80.5760040283, 69.880355835, 58.5045661926, 61.6544303894, 35.3495407104, 34.3276901245, 21.5216312408, 26.9594345093, 23.5806770325, 24.5490875244, 27.8803844452, 33.0011062622, 23.7987766266, 19.9889945984, 3.93713951111, 1.12910032272, 0.425279468298, 0.0382467471063, 0.000758332782425, 5.48915741092e-05]
    },
    "gfcc": {
        "mean": [34.9750747681, 84.3472518921, -125.152336121, 47.5502128601, -58.1582069397, 26.2640075684, -37.4235725403, 11.7835969925, -25.3031902313, 0.714711904526, -12.3340368271, 0.302343010902, -9.59480476379],
        "cov": [[1828.2824707, -1000.14978027, 224.123733521, -176.475570679, 46.2946929932, 106.859550476, 3.34051465988, 120.804664612, -179.751464844, 216.332962036, -176.287567139, 156.83366394, -173.813644409], [-1000.14978027, 1080.01586914, -294.403076172, 42.6164207458, 49.5591011047, -177.575942993, 95.2330703735, -67.684135437, 121.940322876, -151.936782837, 157.298370361, -117.575210571, 124.740135193], [224.123733521, -294.403076172, 753.360839844, 68.9852371216, 9.27838134766, 87.8212966919, -98.5490493774, 141.481796265, 23.2943592072, 66.1271591187, -105.138931274, 58.0757675171, -54.3521881104], [-176.475570679, 42.6164207458, 68.9852371216, 262.12008667, -17.5401077271, -11.1709594727, -26.5785675049, 7.03657054901, 74.576499939, -55.6373786926, 28.1827030182, -33.5503005981, 49.0301437378], [46.2946929932, 49.5591011047, 9.27838134766, -17.5401077271, 212.831329346, 4.45998907089, 33.1144943237, 27.0833244324, -6.5443148613, 35.1271247864, -42.2366333008, 28.210899353, -35.1760520935], [106.859550476, -177.575942993, 87.8212966919, -11.1709594727, 4.45998907089, 235.221435547, 63.0332450867, -46.2366104126, -42.9020385742, 21.3351860046, -10.5194702148, -16.8199195862, -16.7193603516], [3.34051465988, 95.2330703735, -98.5490493774, -26.5785675049, 33.1144943237, 63.0332450867, 195.458221436, -11.6885299683, -62.9876327515, 13.0610980988, 18.9994621277, -1.06621932983, -10.8942689896], [120.804664612, -67.684135437, 141.481796265, 7.03657054901, 27.0833244324, -46.2366104126, -11.6885299683, 161.751907349, 33.4491653442, 18.6953468323, -21.6431064606, 36.1833686829, -16.3166599274], [-179.751464844, 121.940322876, 23.2943592072, 74.576499939, -6.5443148613, -42.9020385742, -62.9876327515, 33.4491653442, 140.346176147, -12.2066936493, 16.5466117859, -20.0162124634, 30.8021278381], [216.332962036, -151.936782837, 66.1271591187, -55.6373786926, 35.1271247864, 21.3351860046, 13.0610980988, 18.6953468323, -12.2066936493, 124.916427612, -21.0851516724, 32.625289917, -45.4565505981], [-176.287567139, 157.298370361, -105.138931274, 28.1827030182, -42.2366333008, -10.5194702148, 18.9994621277, -21.6431064606, 16.5466117859, -21.0851516724, 120.408668518, -15.1949834824, 33.1955413818], [156.83366394, -117.575210571, 58.0757675171, -33.5503005981, 28.210899353, -16.8199195862, -1.06621932983, 36.1833686829, -20.0162124634, 32.625289917, -15.1949834824, 92.6299514771, -12.4835996628], [-173.813644409, 124.740135193, -54.3521881104, 49.0301437378, -35.1760520935, -16.7193603516, -10.8942689896, -16.3166599274, 30.8021278381, -45.4565505981, 33.1955413818, -12.4835996628, 86.9066848755]],
        "icov": [[0.00140627066139, 0.00129845319316, 3.07499503833e-05, 0.000453720800579, -0.00031799270073, 0.000559598498512, -0.000592013762798, -0.000373493967345, 0.000323298416333, -0.000457975431345, 7.88869147073e-05, 1.60458348546e-05, 0.000164741795743], [0.00129845319316, 0.00657729059458, -0.0022087006364, 0.00414421688765, -0.00442636571825, 0.00649159029126, -0.00652438309044, 0.00374290230684, -0.00515882438049, 0.00459105474874, -0.00550666311756, 0.0058449213393, -0.00404822081327], [3.07499503833e-05, -0.0022087006364, 0.00358705502003, -0.00276854541153, 0.00226345751435, -0.00419925665483, 0.00405436335132, -0.00394718581811, 0.0026822318323, -0.00292567256838, 0.00379026937298, -0.00340255582705, 0.00249502412044], [0.000453720800579, 0.00414421688765, -0.00276854541153, 0.00841680541635, -0.00344828143716, 0.00469525624067, -0.00505975261331, 0.00337398750708, -0.0060654017143, 0.00523514999077, -0.00487646367401, 0.00524057308212, -0.00451068999246], [-0.00031799270073, -0.00442636571825, 0.00226345751435, -0.00344828143716, 0.00909650605172, -0.00485618552193, 0.00361071317457, -0.00357425701804, 0.00325174583122, -0.00441103754565, 0.0063359066844, -0.00601132493466, 0.00486421165988], [0.000559598498512, 0.00649159029126, -0.00419925665483, 0.00469525624067, -0.00485618552193, 0.0132125960663, -0.00935138855129, 0.00713084964082, -0.00546139897779, 0.00485099386424, -0.00630891835317, 0.00805492419749, -0.00469088787213], [-0.000592013762798, -0.00652438309044, 0.00405436335132, -0.00505975261331, 0.00361071317457, -0.00935138855129, 0.0149112837389, -0.00661286525428, 0.00954977795482, -0.00636646756902, 0.00488739274442, -0.00599342444912, 0.00441847555339], [-0.000373493967345, 0.00374290230684, -0.00394718581811, 0.00337398750708, -0.00357425701804, 0.00713084964082, -0.00661286525428, 0.0132579011843, -0.00735708931461, 0.00459845596924, -0.0042598573491, 0.00203425157815, -0.00197394983843], [0.000323298416333, -0.00515882438049, 0.0026822318323, -0.0060654017143, 0.00325174583122, -0.00546139897779, 0.00954977795482, -0.00735708931461, 0.0175233706832, -0.00723742693663, 0.00447415653616, -0.0027501352597, 0.00113163725473], [-0.000457975431345, 0.00459105474874, -0.00292567256838, 0.00523514999077, -0.00441103754565, 0.00485099386424, -0.00636646756902, 0.00459845596924, -0.00723742693663, 0.0166013035923, -0.00572745734826, 0.00243305484764, 0.000709882180672], [7.88869147073e-05, -0.00550666311756, 0.00379026937298, -0.00487646367401, 0.0063359066844, -0.00630891835317, 0.00488739274442, -0.0042598573491, 0.00447415653616, -0.00572745734826, 0.0171289518476, -0.00651870341972, 0.0022863605991], [1.60458348546e-05, 0.0058449213393, -0.00340255582705, 0.00524057308212, -0.00601132493466, 0.00805492419749, -0.00599342444912, 0.00203425157815, -0.0027501352597, 0.00243305484764, -0.00651870341972, 0.0211964678019, -0.00691275438294], [0.000164741795743, -0.00404822081327, 0.00249502412044, -0.00451068999246, 0.00486421165988, -0.00469088787213, 0.00441847555339, -0.00197394983843, 0.00113163725473, 0.000709882180672, 0.0022863605991, -0.00691275438294, 0.0211054142565]]
    },
    "melbands": {
        "max": [0.0145776998252, 0.0244525689632, 0.0170635804534, 0.00932772364467, 0.00994532927871, 0.00767342047766, 0.00539564015344, 0.00302014267072, 0.00240078009665, 0.00437399512157, 0.00387333659455, 0.00273425481282, 0.00289919809438, 0.00240593985654, 0.00206494308077, 0.00280585885048, 0.00337419752032, 0.00228211609647, 0.00126107200049, 0.00113748200238, 0.00170786853414, 0.00142547301948, 0.000905500608496, 0.000491666723974, 0.00080038618762, 0.000448505976237, 0.00040850698133, 0.000598854734562, 0.000261805369519, 0.000241368077695, 0.000230458070291, 0.000244856899371, 0.000294252269669, 0.000238205771893, 0.000245118397288, 0.000209408855881, 0.000257951469393, 0.000220482499572, 0.00031652636244, 0.000225268086069],
        "mean": [0.00147734466009, 0.00190953130368, 0.000900717684999, 0.000550111115444, 0.000382472469937, 0.00040958597674, 0.000242684385739, 0.00011824471585, 0.000105266284663, 0.000161609001225, 0.000154477849719, 0.000165386052686, 0.000172557964106, 0.00014088556054, 0.00010917520558, 8.33263839013e-05, 0.000103881764517, 9.87115054158e-05, 5.46733062947e-05, 4.21442819061e-05, 4.53039392596e-05, 3.92026449845e-05, 3.14716562571e-05, 2.50017601502e-05, 3.53307805199e-05, 2.28964090638e-05, 1.69602481037e-05, 1.30478274514e-05, 8.7850021373e-06, 8.18191438157e-06, 8.31128181744e-06, 6.61527428747e-06, 5.51261746295e-06, 5.98509632255e-06, 7.12238852429e-06, 5.92451669945e-06, 6.04370188739e-06, 4.56101270174e-06, 4.13737598137e-06, 3.51891094397e-06],
        "min": [2.24076899258e-07, 7.39071083444e-07, 2.15957879846e-06, 2.58919931184e-06, 4.87120632897e-06, 2.59838157035e-06, 1.2340176454e-06, 6.0199863583e-07, 1.23241943584e-06, 5.30374109076e-07, 1.41557563893e-06, 1.65961205312e-06, 1.17874776606e-06, 1.15182092486e-06, 7.49738319428e-07, 9.75527882474e-07, 6.73921533689e-07, 8.429063314e-07, 7.39798281302e-07, 7.79124661676e-07, 4.02519901854e-07, 5.86466853747e-07, 3.36557974379e-07, 4.67339702936e-07, 2.04208831178e-07, 1.20284781246e-07, 1.17562827029e-07, 8.72801706464e-08, 9.67008304542e-08, 1.13426843029e-07, 6.09324146694e-08, 5.19203737781e-08, 5.83585908487e-08, 4.12046752274e-08, 5.01058785574e-08, 4.23821617801e-08, 3.30605587351e-08, 1.6560512961e-08, 1.26759047703e-08, 5.79316195015e-09],
        "stdev": [0.00179069431033, 0.00256854831241, 0.00125973916147, 0.000840656051878, 0.000753839674871, 0.000671831832733, 0.000470083410619, 0.000214111045352, 0.000175480905455, 0.000310357689159, 0.000271614582743, 0.000309485418256, 0.000345057924278, 0.000243309390498, 0.000217165288632, 0.000183244352229, 0.000233399798162, 0.000209878955502, 0.000104959501186, 7.87852550275e-05, 0.000114492388093, 9.45423307712e-05, 7.29582607164e-05, 4.16885050072e-05, 5.79135448788e-05, 2.929655966e-05, 2.2811407689e-05, 2.78931074718e-05, 1.46600505104e-05, 1.46729744301e-05, 1.63316362887e-05, 1.3861309526e-05, 1.38382483783e-05, 1.41559776239e-05, 1.63703080034e-05, 1.78794816748e-05, 2.21933241846e-05, 1.72352520167e-05, 1.82041949301e-05, 1.63368695212e-05]
    },
    "melbands128": {
        "max": [0.00345191755332, 0.0161154959351, 0.02218554914, 0.0258385632187, 0.0319802761078, 0.0276585184038, 0.0238301344216, 0.0165891423821, 0.0179531406611, 0.0157035086304, 0.00815699994564, 0.0142022352666, 0.0183214414865, 0.0181855484843, 0.0145143400878, 0.00986766815186, 0.011252113618, 0.00811645388603, 0.0109878722578, 0.00379809807055, 0.00327230175026, 0.00447208527476, 0.00369289377704, 0.00674793962389, 0.00456011947244, 0.00812344998121, 0.0118925459683, 0.00653055123985, 0.00695053860545, 0.00541780982167, 0.00597078539431, 0.0048057185486, 0.00438672443852, 0.00799802877009, 0.00353239336982, 0.0053006731905, 0.00410206802189, 0.0033321888186, 0.00604637339711, 0.00595939531922, 0.0031067552045, 0.00193217943888, 0.00628870120272, 0.00632865494117, 0.00352070969529, 0.0040399087593, 0.00337494630367, 0.00200822530314, 0.00248673278838, 0.00336248916574, 0.00175551266875, 0.00312348431908, 0.00400143582374, 0.00342386448756, 0.00345493853092, 0.00200265645981, 0.00113765452988, 0.00129034137353, 0.00232496811077, 0.00129547656979, 0.000714159396011, 0.00130723544862, 0.00194364413619, 0.0013270531781, 0.00177693774458, 0.000554803409614, 0.000574989069719, 0.000997677678242, 0.000299391365843, 0.000280818116153, 0.00077250553295, 0.0013942286605, 0.000391580193536, 0.000353543000529, 0.000319931947161, 0.000245701376116, 0.000370594731066, 0.000634943135083, 0.000208273515454, 0.000287607661448, 0.000232521895668, 0.000332570605678, 0.000313869328238, 0.000335262535373, 0.000235152998357, 0.000247877353104, 0.000246402079938, 0.000386275030905, 0.000272216682788, 0.000351489783498, 0.000223324313993, 0.000257887062617, 0.000329650181811, 0.000380128214601, 0.00029612830258, 0.000375807663659, 0.000242137874011, 0.00025244965218, 0.00024826527806, 0.000631054048426, 0.000442717602709, 0.000265392736765, 0.000149236671859, 7.86546515883e-05, 4.91939317726e-05, 3.38457066391e-05, 3.71032365365e-05, 1.84463460755e-05, 2.64151949523e-05, 2.70052169071e-05, 1.96287383005e-05, 1.39655239764e-05, 2.62680114247e-05, 1.06862053144e-05, 5.07865024701e-06, 3.77684068553e-06, 2.36341384152e-06, 5.31876676035e-09, 3.74734954178e-09, 3.59812180051e-09, 3.47376816201e-09, 3.36865291217e-09, 3.28227223179e-09, 3.21001825121e-09, 3.14454728922e-09, 3.10049186325e-09, 3.06568703756e-09, 3.04305047827e-09],
        "mean": [0.000321131432429, 0.00112465361599, 0.00191158615053, 0.00225456012413, 0.00211779261008, 0.00155078398529, 0.00108196085785, 0.000675464223605, 0.000646833737846, 0.000652237213217, 0.000401257100748, 0.0003494094708, 0.000358840043191, 0.000426272163168, 0.000515607593115, 0.000338218349498, 0.000260022236034, 0.000274207792245, 0.000158778275363, 9.62357371463e-05, 0.000117008399684, 0.000108101179649, 0.000102845406218, 9.35339849093e-05, 0.000164875251357, 0.000202725626878, 0.000130595886731, 0.00015910359798, 0.000143857498188, 0.000211088903598, 0.000162084834301, 9.82705896604e-05, 0.000134374669869, 0.000304836081341, 0.000137548864586, 0.000100611934613, 0.000116730385344, 9.03959517018e-05, 0.000131405206048, 0.00010258313705, 6.99962693034e-05, 5.24489041709e-05, 0.000102603953565, 0.000143272525747, 9.42841288634e-05, 0.000101910736703, 8.94290351425e-05, 4.74670050608e-05, 4.47846432508e-05, 4.45399418822e-05, 4.03653903049e-05, 4.22426746809e-05, 3.91198773286e-05, 4.83604999317e-05, 5.65393384022e-05, 3.68911641999e-05, 2.45771716436e-05, 3.48060821125e-05, 3.52843926521e-05, 2.39848031924e-05, 1.77855090442e-05, 2.76518185274e-05, 4.83360963699e-05, 3.47966779373e-05, 1.93259184016e-05, 2.28543485719e-05, 2.54451315413e-05, 2.06538225029e-05, 1.39053809107e-05, 1.33744251798e-05, 1.32399281938e-05, 1.40919737532e-05, 9.32862531045e-06, 8.06520074548e-06, 7.05190586814e-06, 8.48865602165e-06, 7.89590922068e-06, 9.53688959271e-06, 8.19817614683e-06, 7.5196171565e-06, 7.37092386771e-06, 5.86415899306e-06, 5.44756221643e-06, 5.66814014746e-06, 5.24021652382e-06, 5.70775091546e-06, 5.51978064323e-06, 8.06350453786e-06, 7.24701612853e-06, 6.75993351251e-06, 6.07108086115e-06, 5.50434560864e-06, 5.92237893215e-06, 6.38599249214e-06, 5.98051019551e-06, 5.17421267432e-06, 4.25634698331e-06, 3.62865603165e-06, 3.83072483601e-06, 4.70999248137e-06, 4.43786575488e-06, 3.4357444747e-06, 2.28920976042e-06, 1.68280621438e-06, 1.26629379338e-06, 9.40996756071e-07, 9.15239127153e-07, 7.0224797355e-07, 9.72310317593e-07, 7.35147068553e-07, 8.56055294207e-07, 6.49385128781e-07, 6.52202174933e-07, 4.05456262342e-07, 2.31573437759e-07, 1.11197181241e-07, 3.04093852321e-08, 4.55100471197e-11, 9.64709475498e-12, 9.29456338283e-12, 9.00573192408e-12, 8.75854510446e-12, 8.54421568219e-12, 8.36231865003e-12, 8.21539190843e-12, 8.11268673767e-12, 8.0324922061e-12, 7.97023298055e-12],
        "min": [2.45769182783e-09, 1.15670360401e-07, 1.93242854607e-07, 7.14696142268e-08, 7.32744467768e-07, 8.19297554244e-07, 5.38743790912e-07, 5.10665756792e-07, 9.16231499559e-07, 1.42078829413e-06, 1.49885727296e-06, 7.82586425885e-07, 9.09027505713e-07, 6.1319968836e-07, 1.50672599375e-06, 3.54512394551e-07, 4.33056271731e-07, 9.70398801314e-08, 1.19617027394e-07, 1.28112247921e-07, 1.54760186888e-07, 6.12461406035e-07, 4.67773787705e-07, 6.64848471388e-07, 4.17764738359e-07, 4.29852491379e-07, 2.59525080537e-07, 2.7804213687e-07, 3.85014431004e-07, 5.91686330154e-07, 5.05867092215e-07, 3.43067256381e-07, 3.88552734876e-07, 4.0596864892e-07, 5.12274709763e-07, 5.38787844562e-07, 6.54240011499e-07, 1.13036094262e-07, 4.87526051529e-07, 2.00775232884e-07, 3.39080145295e-07, 3.73052955638e-07, 1.99646208898e-07, 3.69120868982e-07, 4.44357795004e-07, 2.97254501902e-07, 3.7890782778e-07, 4.64291588287e-07, 1.94347450133e-07, 2.9406220392e-07, 2.62624382685e-07, 1.87085277048e-07, 2.01334700023e-07, 1.89136059703e-07, 3.02022982623e-07, 8.3006625573e-08, 2.58331340319e-07, 3.63100355116e-07, 1.77348368879e-07, 2.27531458563e-07, 1.53267279757e-07, 2.26267928838e-07, 1.65575102073e-07, 1.93903588297e-07, 7.36073886287e-08, 7.1440588556e-08, 1.40478974231e-07, 9.96817206556e-08, 1.1010864398e-07, 9.32435213485e-08, 3.06874703426e-08, 1.24763417375e-07, 6.19979374505e-08, 5.18277047945e-08, 8.33877749074e-08, 7.16265304845e-08, 4.27035189432e-08, 4.50929640294e-08, 5.95851226137e-08, 2.4424270606e-08, 4.77746837646e-08, 4.03025346429e-08, 2.89891417538e-08, 4.41452989719e-08, 3.55080764791e-08, 4.63105322979e-08, 2.25274678911e-08, 1.91580706854e-08, 3.67920733879e-08, 4.01035578079e-08, 3.32118617052e-08, 2.59806061109e-08, 2.08923758294e-08, 2.34535040278e-08, 2.83636349963e-08, 1.11372928657e-08, 1.02647295108e-08, 7.90379139914e-09, 1.0142091611e-08, 7.0876104985e-09, 7.68178143318e-09, 1.6901672284e-09, 2.59475196884e-09, 2.56931587117e-09, 1.52867574155e-09, 7.28863192023e-10, 1.03085950887e-09, 7.69104335774e-10, 5.6137211546e-10, 4.00989630389e-10, 2.60414662057e-10, 1.11531527069e-10, 4.41733065057e-12, 1.45316389672e-13, 1.29842059955e-13, 1.14458112042e-13, 9.25046375762e-14, 7.61280619164e-14, 6.92631038244e-14, 8.24818186841e-14, 7.16033338849e-14, 7.41336516914e-14, 8.19153840354e-14, 8.09700681612e-14, 9.07890299398e-14, 1.03183669833e-13, 8.46623322121e-14, 8.89153727317e-14],
        "stdev": [0.000305058783852, 0.00153970811516, 0.00282952352427, 0.00285596586764, 0.00350403622724, 0.00280404090881, 0.00170797470491, 0.00104703661054, 0.00114518939517, 0.00130551669281, 0.000747194571886, 0.00099075504113, 0.00101005623583, 0.00111640244722, 0.0010310417274, 0.000675969466101, 0.000604257977102, 0.000720368640032, 0.000494506093673, 0.000219397668843, 0.00026097119553, 0.00023399888596, 0.000226657735766, 0.000270347081823, 0.000321193103446, 0.000545478775166, 0.000393104506657, 0.000375078088837, 0.000373804243281, 0.000481229479192, 0.000398074946133, 0.000340107362717, 0.00034342057188, 0.000824592250865, 0.000322197767673, 0.000279608706478, 0.000302818109049, 0.000254914077232, 0.000412642752053, 0.000330959359417, 0.000208797995583, 0.000158665236086, 0.000379623583285, 0.000387113715988, 0.000316442921758, 0.000321434723446, 0.000255592633039, 0.000125978287542, 0.000143313824083, 0.000143489203765, 9.39569072216e-05, 0.00012439879356, 0.000153603614308, 0.000190257647773, 0.000222701652092, 0.000122868761537, 6.5858643211e-05, 8.35531682242e-05, 0.000139585259603, 6.97368377587e-05, 4.21751647082e-05, 7.04001795384e-05, 9.92620189209e-05, 8.05261588539e-05, 5.1617531426e-05, 3.98158190364e-05, 4.19986317866e-05, 4.28476851084e-05, 2.38891625486e-05, 2.01020156965e-05, 3.48022877006e-05, 4.63183750981e-05, 1.83020110853e-05, 1.66685877048e-05, 1.59492174134e-05, 1.71609135577e-05, 1.82477706403e-05, 2.57168685494e-05, 1.7346952518e-05, 1.8476301193e-05, 1.57647118613e-05, 1.54442805069e-05, 1.33932990138e-05, 1.55447669385e-05, 1.47032587847e-05, 1.40846941576e-05, 1.47946357174e-05, 1.96532819245e-05, 1.7527367163e-05, 1.87884925253e-05, 1.65299406945e-05, 1.9427123334e-05, 2.24723062274e-05, 2.4296790798e-05, 2.33433092944e-05, 2.21616010094e-05, 1.68292499438e-05, 1.39191279231e-05, 1.59752489708e-05, 2.66797051154e-05, 2.27255222853e-05, 1.64770444826e-05, 9.54256211116e-06, 5.7324291447e-06, 3.71062265003e-06, 2.62434991782e-06, 2.26159340855e-06, 1.72568172729e-06, 2.56151383837e-06, 1.80628285307e-06, 1.81237930974e-06, 1.51014955918e-06, 1.79570395176e-06, 1.08345398075e-06, 6.27627002814e-07, 3.97179888978e-07, 1.39050328585e-07, 2.42469211376e-10, 1.3613027372e-10, 1.31283095506e-10, 1.27115720727e-10, 1.23495991211e-10, 1.20540244453e-10, 1.17913720454e-10, 1.15654971711e-10, 1.14200211787e-10, 1.13021619841e-10, 1.12123040019e-10]
    },
    "mfcc": {
        "mean": [-600.472351074, 103.149429321, -1.48799955845, 23.580696106, 7.56042194366, 10.7522830963, 4.75820541382, 9.07522392273, -3.38949942589, 4.73845100403, -2.05643868446, -2.49812293053, -1.23855113983],
        "cov": [[1558.77514648, -637.354675293, -93.4819869995, -137.289871216, -85.4797363281, 33.1284637451, 91.9250335693, -38.640422821, 6.85970687866, -4.60275650024, 11.3168210983, -22.7169799805, 26.4377918243], [-637.354675293, 810.924316406, -228.102752686, 81.2182617188, -30.5721130371, -68.2491912842, 6.1863732338, 20.715259552, -13.1848268509, 16.796672821, 6.53779840469, -3.86287307739, 11.0827474594], [-93.4819869995, -228.102752686, 633.681274414, 2.46644425392, 135.873245239, -13.237575531, -43.6161994934, 18.0156364441, 68.6703796387, 6.66932249069, 8.58053970337, 47.5235900879, -5.31213569641], [-137.289871216, 81.2182617188, 2.46644425392, 239.585372925, 51.8980407715, -75.4547729492, -47.4481010437, 24.7939071655, 29.8544120789, -1.26702713966, -6.41830062866, 30.6998386383, 8.65485477448], [-85.4797363281, -30.5721130371, 135.873245239, 51.8980407715, 221.176940918, -31.0965137482, -78.2267303467, 15.1029863358, 48.3905143738, 9.15383529663, -0.482998847961, 28.7945861816, 12.5579986572], [33.1284637451, -68.2491912842, -13.237575531, -75.4547729492, -31.0965137482, 239.390670776, 89.1055374146, -13.9031906128, -9.36937904358, 5.2343044281, 8.83997631073, -23.3951854706, -16.7075195312], [91.9250335693, 6.1863732338, -43.6161994934, -47.4481010437, -78.2267303467, 89.1055374146, 197.957611084, 27.8075942993, -15.0597429276, 3.91166329384, 12.002166748, -20.5612335205, 0.35725274682], [-38.640422821, 20.715259552, 18.0156364441, 24.7939071655, 15.1029863358, -13.9031906128, 27.8075942993, 98.2515411377, 22.2253856659, -2.57724881172, -2.52153277397, 1.48461413383, 2.64362478256], [6.85970687866, -13.1848268509, 68.6703796387, 29.8544120789, 48.3905143738, -9.36937904358, -15.0597429276, 22.2253856659, 107.507492065, 7.25624227524, 8.18047714233, 11.5044994354, 2.38045310974], [-4.60275650024, 16.796672821, 6.66932249069, -1.26702713966, 9.15383529663, 5.2343044281, 3.91166329384, -2.57724881172, 7.25624227524, 83.6417236328, 20.147359848, -8.00848960876, -1.29255914688], [11.3168210983, 6.53779840469, 8.58053970337, -6.41830062866, -0.482998847961, 8.83997631073, 12.002166748, -2.52153277397, 8.18047714233, 20.147359848, 72.7494888306, 16.4122104645, 7.65096330643], [-22.7169799805, -3.86287307739, 47.5235900879, 30.6998386383, 28.7945861816, -23.3951854706, -20.5612335205, 1.48461413383, 11.5044994354, -8.00848960876, 16.4122104645, 72.7722702026, 19.9676113129], [26.4377918243, 11.0827474594, -5.31213569641, 8.65485477448, 12.5579986572, -16.7075195312, 0.35725274682, 2.64362478256, 2.38045310974, -1.29255914688, 7.65096330643, 19.9676113129, 63.6887359619]],
        "icov": [[0.00123735866509, 0.00114512722939, 0.000561689259484, 0.000348389323335, 0.000176615780219, 0.000542331079487, -0.00065832020482, 0.000431517342804, -0.000588485389017, -0.000125180391478, -0.000133490131702, 0.000123327015899, -0.00062334962422], [0.00114512722939, 0.0025322791189, 0.00105966906995, -7.52912310418e-05, 0.000153414701344, 0.000875862548128, -0.00075162271969, 0.000161651070812, -0.00049440091243, -0.000449585349998, -0.000291267089779, 9.76740702754e-05, -0.000606645422522], [0.000561689259484, 0.00105966906995, 0.00243081594817, 0.000452917156508, -0.000957486045081, 0.00041091881576, -0.000402100908104, -9.74059003056e-06, -0.00104063691106, -0.000278779392829, -1.48356803038e-05, -0.00112483510748, 0.000410568609368], [0.000348389323335, -7.52912310418e-05, 0.000452917156508, 0.00542841851711, -0.000640157028101, 0.0012134774588, 0.00024641098571, -0.000818978296593, -0.00108106678817, -0.000215561303776, 0.000730620871764, -0.00181351962965, 0.000162578289746], [0.000176615780219, 0.000153414701344, -0.000957486045081, -0.000640157028101, 0.0067511559464, -0.000533250975423, 0.00239145825617, -0.00101749657188, -0.00160637882072, -0.000859274761751, 0.000423519086326, -0.000766227953136, -0.00130317464937], [0.000542331079487, 0.000875862548128, 0.00041091881576, 0.0012134774588, -0.000533250975423, 0.00600881874561, -0.00297244428657, 0.00149198749568, -0.000536423292942, -6.0550039052e-05, -0.000463623320684, 0.000613502401393, 0.00101018988062], [-0.00065832020482, -0.00075162271969, -0.000402100908104, 0.00024641098571, 0.00239145825617, -0.00297244428657, 0.008311226964, -0.00340183568187, 0.000694262271281, -0.000183871525223, -0.000974747294094, 0.000787574332207, -0.000979180447757], [0.000431517342804, 0.000161651070812, -9.74059003056e-06, -0.000818978296593, -0.00101749657188, 0.00149198749568, -0.00340183568187, 0.0124182049185, -0.00237218034454, 0.000636118231341, 0.000642751518171, 0.000499556015711, -0.000133393477881], [-0.000588485389017, -0.00049440091243, -0.00104063691106, -0.00108106678817, -0.00160637882072, -0.000536423292942, 0.000694262271281, -0.00237218034454, 0.0116321314126, -0.000494463427458, -0.00116756139323, -0.00010329959332, 0.000388868182199], [-0.000125180391478, -0.000449585349998, -0.000278779392829, -0.000215561303776, -0.000859274761751, -6.0550039052e-05, -0.000183871525223, 0.000636118231341, -0.000494463427458, 0.0135345803574, -0.00424579298124, 0.00295182247646, 0.000142174088978], [-0.000133490131702, -0.000291267089779, -1.48356803038e-05, 0.000730620871764, 0.000423519086326, -0.000463623320684, -0.000974747294094, 0.000642751518171, -0.00116756139323, -0.00424579298124, 0.0165643859655, -0.0047714356333, -0.000757252564654], [0.000123327015899, 9.76740702754e-05, -0.00112483510748, -0.00181351962965, -0.000766227953136, 0.000613502401393, 0.000787574332207, 0.000499556015711, -0.00010329959332, 0.00295182247646, -0.0047714356333, 0.0187512356788, -0.00487059634179], [-0.00062334962422, -0.000606645422522, 0.000410568609368, 0.000162578289746, -0.00130317464937, 0.00101018988062, -0.000979180447757, -0.000133393477881, 0.000388868182199, 0.000142174088978, -0.000757252564654, -0.00487059634179, 0.0182171724737]]
    },
    "spectral_contrast_coeffs": {
        "max": [-0.506808638573, -0.480640858412, -0.464663982391, -0.581479609013, -0.578050911427, -0.594080030918],
        "mean": [-0.744229912758, -0.762138783932, -0.761791586876, -0.785538971424, -0.774192392826, -0.760988116264],
        "min": [-0.904297828674, -0.942396759987, -0.910147547722, -0.893053293228, -0.877081334591, -0.857167601585],
        "stdev": [0.0615988858044, 0.0647553801537, 0.0697412416339, 0.0595557764173, 0.0466454923153, 0.038687068969]
    },
    "spectral_contrast_valleys": {
        "max": [-5.18483352661, -5.12919521332, -5.2471408844, -5.54163312912, -5.58887624741, -7.02388238907],
        "mean": [-6.2820315361, -6.61652231216, -6.99138689041, -7.13723516464, -7.09814834595, -9.5825138092],
        "min": [-9.37256622314, -8.59479427338, -8.30526256561, -8.31000328064, -8.65789318085, -11.3821439743],
        "stdev": [0.456521123648, 0.470100581646, 0.506543397903, 0.458909243345, 0.476799368858, 0.781378269196]
    }
},
"rhythm": {
    "beats_count": 102,
    "beats_loudness": {
        "max": 0.0803256258368,
        "mean": 0.0443754605949,
        "min": 0.0209466721863,
        "stdev": 0.013694611378
    },
    "bpm": 125.939231873,
    "bpm_histogram_first_peak_bpm": 126,
    "bpm_histogram_first_peak_weight": 0.224489808083,
    "bpm_histogram_second_peak_bpm": 115,
    "bpm_histogram_second_peak_spread": 0,
    "bpm_histogram_second_peak_weight": 0.00990098994225,
    "danceability": 1.59842216969,
    "onset_rate": 3.9169921875,
    "beats_loudness_band_ratio": {
        "max": [0.930928587914, 0.496859461069, 0.552762210369, 0.655588746071, 0.440480560064, 0.560399055481],
        "mean": [0.494340270758, 0.103566884995, 0.085160151124, 0.144290164113, 0.114293970168, 0.0953525304794],
        "min": [0.00344844465144, 0.00510211149231, 0.0115779601038, 0.00513055594638, 0.00588679360226, 0.0057818624191],
        "stdev": [0.202119469643, 0.0883010402322, 0.0877460464835, 0.134299248457, 0.101217254996, 0.0752082690597]
    },
