{
"metadata": {
    "version": {
        "essentia": "2.1-beta5",
        "essentia_git_sha": "Undefined",
        "extractor": "music 2.0"
    },
    "audio_properties": {
        "analysis": {
            "equal_loudness": 0,
            "length": 27.8407249451,
            "sample_rate": 44100,
            "start_time": 207.748931885,
            "downmix": "mix"
        },
        "bit_rate": 192000,
        "length": 235.61289978,
        "lossless": 0,
        "number_channels": 2,
        "replay_gain": -7.70702171326,
        "sample_rate": 48000,
        "codec": "mp3",
        "md5_encoded": "8414015f4a42181296ae7da82f89f666"
    },
    "tags": {
        "file_name": "Latvia_I Wanna_Marie N.mp3",
        "encoding": ["Lavf58.29.100"]
    }
},
"lowlevel": {
    "average_loudness": 0.968030810356,
    "barkbands_crest": {
        "max": 26.9019813538,
        "mean": 8.43552970886,
        "min": 2.86532640457,
        "stdev": 3.62327837944
    },
    "barkbands_flatness_db": {
        "max": 0.743676364422,
        "mean": 0.109386377037,
        "min": 0.0200401060283,
        "stdev": 0.0599990747869
    },
    "barkbands_kurtosis": {
        "max": 35175.2617188,
        "mean": 53.4357147217,
        "min": -1.78697252274,
        "stdev": 1083.5411377
    },
    "barkbands_skewness": {
        "max": 152.330917358,
        "mean": 1.3533064127,
        "min": -1.79666221142,
        "stdev": 6.3558049202
    },
    "barkbands_spread": {
        "max": 101.730628967,
        "mean": 25.4812240601,
        "min": 0.0103401038796,
        "stdev": 18.477897644
    },
    "dissonance": {
        "max": 0.500000059605,
        "mean": 0.47940582037,
        "min": 0.333941280842,
        "stdev": 0.0197580512613
    },
    "dynamic_complexity": 1.76869320869,
    "erbbands_crest": {
        "max": 30.5218429565,
        "mean": 8.94212436676,
        "min": 2.85718035698,
        "stdev": 4.01584196091
    },
    "erbbands_flatness_db": {
        "max": 0.286646097898,
        "mean": 0.178045704961,
        "min": 0.0320334881544,
        "stdev": 0.0593591481447
    },
    "erbbands_kurtosis": {
        "max": 11.5670986176,
        "mean": 0.638592839241,
        "min": -1.85848546028,
        "stdev": 1.62969076633
    },
    "erbbands_skewness": {
        "max": 2.93492674828,
        "mean": 0.557513415813,
        "min": -2.11902713776,
        "stdev": 0.72184419632
    },
    "erbbands_spread": {
        "max": 224.833282471,
        "mean": 30.6866703033,
        "min": 6.34425449371,
        "stdev": 18.3989849091
    },
    "hfc": {
        "max": 249.137969971,
        "mean": 38.7456855774,
        "min": 9.03570253286e-06,
        "stdev": 28.0788516998
    },
    "loudness_ebu128": {
        "integrated": -14.7412071228,
        "loudness_range": 1.95586872101,
        "momentary": {
            "max": -12.3846979141,
            "mean": -14.9626674652,
            "min": -20.6636486053,
            "stdev": 1.46562635899
        },
        "short_term": {
            "max": -13.5010433197,
            "mean": -14.7110452652,
            "min": -16.6114234924,
            "stdev": 0.708986997604
        }
    },
    "melbands_crest": {
        "max": 39.9966163635,
        "mean": 11.8004560471,
        "min": 3.82383418083,
        "stdev": 5.09532165527
    },
    "melbands_flatness_db": {
        "max": 0.741767704487,
        "mean": 0.134308069944,
        "min": 0.0307760667056,
        "stdev": 0.0527031235397
    },
    "melbands_kurtosis": {
        "max": 110306.765625,
        "mean": 150.2862854,
        "min": -1.73740971088,
        "stdev": 3295.80517578
    },
    "melbands_skewness": {
        "max": 302.51776123,
        "mean": 2.43141293526,
        "min": -0.662462413311,
        "stdev": 11.0622348785
    },
    "melbands_spread": {
        "max": 214.843444824,
        "mean": 34.0192527771,
        "min": 0.00683505553752,
        "stdev": 27.4315929413
    },
    "pitch_salience": {
        "max": 0.861127614975,
        "mean": 0.639524877071,
        "min": 0.0013911066344,
        "stdev": 0.111211836338
    },
    "silence_rate_20dB": {
        "max": 1,
        "mean": 1,
        "min": 1,
        "stdev": 0
    },
    "silence_rate_30dB": {
        "max": 1,
        "mean": 1,
        "min": 1,
        "stdev": 0
    },
    "silence_rate_60dB": {
        "max": 1,
        "mean": 0.00916666630656,
        "min": 0,
        "stdev": 0.0953024476767
    },
    "spectral_centroid": {
        "max": 4297.66894531,
        "mean": 1889.29663086,
        "min": 693.900939941,
        "stdev": 559.811706543
    },
    "spectral_complexity": {
        "max": 55,
        "mean": 27.9441661835,
        "min": 0,
        "stdev": 8.07884979248
    },
    "spectral_decrease": {
        "max": -1.01261352276e-13,
        "mean": -5.72147040856e-09,
        "min": -1.98669258822e-08,
        "stdev": 3.18742587879e-09
    },
    "spectral_energy": {
        "max": 0.0841190740466,
        "mean": 0.025108486414,
        "min": 3.83450583286e-07,
        "stdev": 0.0134556666017
    },
    "spectral_energyband_high": {
        "max": 0.0293499510735,
        "mean": 0.00218561757356,
        "min": 3.44163503252e-10,
        "stdev": 0.0032540243119
    },
    "spectral_energyband_low": {
        "max": 0.0417951047421,
        "mean": 0.00310569745488,
        "min": 1.18030335727e-07,
        "stdev": 0.00623683165759
    },
    "spectral_energyband_middle_high": {
        "max": 0.0699574276805,
        "mean": 0.0113285761327,
        "min": 4.71251995759e-11,
        "stdev": 0.00807373225689
    },
    "spectral_energyband_middle_low": {
        "max": 0.0697784796357,
        "mean": 0.00940346252173,
        "min": 3.22544387032e-11,
        "stdev": 0.00776918744668
    },
    "spectral_entropy": {
        "max": 8.81543827057,
        "mean": 7.9274096489,
        "min": 7.03549909592,
        "stdev": 0.269397377968
    },
    "spectral_flux": {
        "max": 0.24166482687,
        "mean": 0.0980294644833,
        "min": 2.9490529414e-05,
        "stdev": 0.034489095211
    },
    "spectral_kurtosis": {
        "max": 11.0729207993,
        "mean": 3.81343913078,
        "min": -0.64337849617,
        "stdev": 1.85301673412
    },
    "spectral_rms": {
        "max": 0.00905910506845,
        "mean": 0.00475942995399,
        "min": 1.93416162801e-05,
        "stdev": 0.00135792873334
    },
    "spectral_rolloff": {
        "max": 11584.8632812,
        "mean": 2700.58740234,
        "min": 21.533203125,
        "stdev": 1902.19299316
    },
    "spectral_skewness": {
        "max": 3.00820326805,
        "mean": 1.50805830956,
        "min": -0.210863381624,
        "stdev": 0.363319545984
    },
    "spectral_spread": {
        "max": 15033835,
        "mean": 4928148.5,
        "min": 2744225.25,
        "stdev": 1615037.375
    },
    "spectral_strongpeak": {
        "max": 10.5775756836,
        "mean": 1.54620850086,
        "min": 0,
        "stdev": 1.424477458
    },
    "zerocrossingrate": {
        "max": 0.3125,
        "mean": 0.0972290039062,
        "min": 0,
        "stdev": 0.0466714911163
    },
    "barkbands": {
        "max": [0.00369717064314, 0.0331063754857, 0.0287620946765, 0.0165923275054, 0.0223291609436, 0.0363777317107, 0.0196971092373, 0.0278187207878, 0.0416889302433, 0.0437382087111, 0.0175141151994, 0.0292650274932, 0.0199211481959, 0.0202312357724, 0.0140293426812, 0.0180097073317, 0.0154376551509, 0.0116551024839, 0.00626215897501, 0.00924792699516, 0.0120354937389, 0.0121834985912, 0.00810352619737, 0.013725342229, 0.0030883627478, 0.00193763256539, 0.00121793278959],
        "mean": [0.000166204932611, 0.0020330757834, 0.000677259464283, 0.000459698145278, 0.000849010830279, 0.00107238546479, 0.00111049669795, 0.00127514195628, 0.00321676605381, 0.00339635298587, 0.00108099624049, 0.00131078797858, 0.00136405869853, 0.00103638228029, 0.00106048816815, 0.000795759493485, 0.00073568650987, 0.000622873601969, 0.000474779604701, 0.000428872299381, 0.000327886518789, 0.000376174633857, 0.000390972854802, 0.000520501052961, 0.000176038971404, 0.000115726179502, 3.41323284374e-05],
        "min": [5.2666191408e-09, 3.95633437122e-09, 1.17104659303e-11, 4.38151901913e-12, 1.22894923404e-11, 6.82332066283e-13, 3.86576968353e-12, 2.63820193989e-12, 3.49262762808e-12, 2.49818655346e-12, 6.75950831766e-13, 8.34806670406e-13, 4.27319854848e-12, 4.5561844228e-12, 1.51672467988e-12, 4.68759276187e-12, 3.49750545366e-12, 4.72789255662e-12, 4.81427744892e-12, 1.00245029291e-11, 1.37646560816e-11, 9.0129674557e-12, 2.14605538201e-11, 2.99911831481e-11, 3.70471570088e-11, 6.49551523679e-11, 7.86466100577e-11],
        "stdev": [0.000404022954172, 0.00445150677115, 0.00229447078891, 0.00105162838008, 0.00147750228643, 0.00272569921799, 0.00220994953997, 0.00238512619399, 0.00398747110739, 0.00431274669245, 0.00165575183928, 0.00254386360757, 0.00185535103083, 0.00157768372446, 0.0015183739597, 0.00128533912357, 0.00104137626477, 0.000781729060691, 0.00057907809969, 0.000600478437264, 0.000581928004976, 0.000746813544538, 0.000636878074147, 0.00114643166307, 0.000320425926475, 0.000203700081329, 8.67218550411e-05]
    },
    "erbbands": {
        "max": [1.53010177612, 6.71612882614, 29.9396533966, 42.3155899048, 31.3489627838, 101.921096802, 359.916290283, 251.332778931, 362.468597412, 628.789367676, 764.008605957, 835.249267578, 1210.47937012, 1418.64855957, 783.344787598, 1457.75219727, 1099.0814209, 869.793945312, 889.055053711, 634.484191895, 1209.21411133, 679.942138672, 771.356628418, 288.99911499, 386.036560059, 390.123260498, 534.594360352, 434.956634521, 323.155792236, 397.098754883, 214.726501465, 227.760787964, 255.426681519, 60.4813957214, 18.9646549225, 7.98509120941, 3.21051478386, 1.20435476303, 0.261834919453, 0.00908079743385],
        "mean": [0.0746550485492, 0.3934648633, 0.79944974184, 1.22721493244, 2.10855293274, 2.95215559006, 5.35718870163, 8.88819408417, 14.5861196518, 18.7358264923, 37.9541664124, 70.8816604614, 112.13848877, 76.7926483154, 41.2460365295, 59.1897850037, 67.7478637695, 52.7230453491, 59.4684753418, 43.1301994324, 47.8903427124, 39.0441017151, 34.1097869873, 28.4373435974, 22.4972763062, 20.3763046265, 17.379360199, 11.1710538864, 14.5709753036, 9.93942260742, 11.751707077, 11.6033182144, 7.56700277328, 2.48959255219, 1.10232925415, 0.527998685837, 0.212051913142, 0.0516590848565, 0.00614496413618, 0.000220529211219],
        "min": [1.32074990233e-06, 1.8174407046e-07, 4.66087719531e-08, 1.9253636907e-08, 3.23099378363e-08, 3.77241953231e-08, 1.53429038363e-08, 7.8116304536e-09, 4.65063152433e-08, 3.44423938259e-08, 8.30269826224e-08, 8.65574207864e-08, 7.12186150054e-08, 5.42721281249e-08, 7.74057795638e-08, 4.39465885904e-08, 1.8283543568e-07, 2.60246252992e-07, 1.23687996734e-07, 1.54414820486e-07, 3.13130101404e-07, 2.34134148513e-07, 2.56539465227e-07, 3.52681865934e-07, 2.78226224282e-07, 5.07714275955e-07, 5.25911616478e-07, 4.31110066756e-07, 3.34004283786e-07, 3.89732747408e-07, 6.82404220242e-07, 6.33333854694e-07, 5.08483083195e-07, 4.40805024482e-07, 3.05206754092e-07, 1.68469853179e-07, 1.18802304883e-07, 7.39566203833e-08, 1.36971527454e-08, 2.22312124265e-09],
        "stdev": [0.176410257816, 0.858431339264, 2.43964099884, 2.94060921669, 3.5740544796, 5.65880203247, 17.3681755066, 22.5121231079, 31.466135025, 38.8814163208, 64.9901351929, 90.0740203857, 143.360671997, 101.964202881, 62.1241455078, 106.604034424, 92.1089477539, 66.9482727051, 84.3195800781, 51.6176757812, 79.1412963867, 50.5373725891, 44.4071159363, 31.8942508698, 30.0909156799, 27.2797260284, 29.5323314667, 22.0298976898, 27.2311325073, 21.0946025848, 18.9931030273, 21.4098300934, 19.5317325592, 5.17199373245, 1.89119791985, 0.8709436059, 0.377628087997, 0.114192135632, 0.0161265358329, 0.000537308573257]
    },
    "gfcc": {
        "mean": [24.3554801941, 25.455953598, -157.46913147, -3.00494766235, -73.1113586426, 15.2141990662, -36.0689048767, 12.7138109207, -21.1158466339, -0.991829812527, -19.3216667175, -0.899069190025, -13.6138601303],
        "cov": [[7873.68554688, 350.916412354, 978.863830566, 823.624450684, 367.59777832, 286.836334229, -18.6756401062, -120.885780334, -201.757919312, 37.6316146851, 77.0042190552, 72.7684631348, -15.7957544327], [350.916412354, 683.807739258, 235.79133606, 205.703262329, 78.7292709351, -67.5171585083, -65.6658096313, -120.88671875, -72.3724517822, -30.9685287476, 44.1280708313, -36.8246765137, 11.4146318436], [978.863830566, 235.79133606, 2317.73217773, 1246.67749023, 880.456420898, 503.620788574, 202.42338562, -102.212387085, -49.6749649048, 145.625991821, 228.524398804, 189.076126099, 113.477302551], [823.624450684, 205.703262329, 1246.67749023, 881.538146973, 468.714447021, 256.459869385, 78.1633300781, -60.9661254883, -12.9034423828, 79.7417221069, 140.067306519, 103.5337677, 75.7730255127], [367.59777832, 78.7292709351, 880.456420898, 468.714447021, 501.435974121, 266.971069336, 134.433441162, -20.2018070221, -25.2876205444, 74.4481658936, 94.0690383911, 84.3915863037, 36.1773071289], [286.836334229, -67.5171585083, 503.620788574, 256.459869385, 266.971069336, 355.054016113, 154.027038574, -2.49632239342, -37.0557518005, 29.1813201904, 41.1689376831, 47.0299491882, 17.920135498], [-18.6756401062, -65.6658096313, 202.42338562, 78.1633300781, 134.433441162, 154.027038574, 159.528274536, 30.1181259155, -2.4781692028, 20.2526512146, 18.0417060852, 15.7226257324, -4.64292669296], [-120.885780334, -120.88671875, -102.212387085, -60.9661254883, -20.2018070221, -2.49632239342, 30.1181259155, 126.516540527, 61.2863006592, 15.377573967, 4.88503265381, 11.1402368546, -8.98297119141], [-201.757919312, -72.3724517822, -49.6749649048, -12.9034423828, -25.2876205444, -37.0557518005, -2.4781692028, 61.2863006592, 105.676239014, 33.8146629333, 7.8194694519, 10.0117492676, -0.616035938263], [37.6316146851, -30.9685287476, 145.625991821, 79.7417221069, 74.4481658936, 29.1813201904, 20.2526512146, 15.377573967, 33.8146629333, 83.5879821777, 50.3946990967, 30.3161525726, -0.57599568367], [77.0042190552, 44.1280708313, 228.524398804, 140.067306519, 94.0690383911, 41.1689376831, 18.0417060852, 4.88503265381, 7.8194694519, 50.3946990967, 93.6610412598, 46.923084259, 19.2803134918], [72.7684631348, -36.8246765137, 189.076126099, 103.5337677, 84.3915863037, 47.0299491882, 15.7226257324, 11.1402368546, 10.0117492676, 30.3161525726, 46.923084259, 76.3280410767, 30.6274528503], [-15.7957544327, 11.4146318436, 113.477302551, 75.7730255127, 36.1773071289, 17.920135498, -4.64292669296, -8.98297119141, -0.616035938263, -0.57599568367, 19.2803134918, 30.6274528503, 64.7463607788]],
        "icov": [[0.000159038216225, -4.55462104583e-05, 5.70688862354e-05, -0.000250236626016, 5.2144365327e-05, -0.000105680977867, 0.000167569101905, -0.000139599884278, 0.000392221962102, -0.0001826142543, 0.000201621194719, -0.000191429382539, 0.000265044422122], [-4.55462104583e-05, 0.00256624096073, 0.000164472192409, -0.000572758901399, -0.000937599688768, 0.00111483072396, 0.000362418155419, 0.00154897605535, 0.000302520551486, 0.00190452858806, -0.00277172657661, 0.00261458777823, -1.68713741004e-05], [5.70688862354e-05, 0.000164472192409, 0.00291838729754, -0.00273707835004, -0.00214762543328, -0.000250048818998, -0.000275733385934, 0.000941725273151, 0.000237540065427, -9.17005818337e-05, -0.000478052534163, -0.000719529693015, -6.24988169875e-05], [-0.000250236626016, -0.000572758901399, -0.00273707835004, 0.00576145295054, -0.000194177846424, -0.000597605598159, 0.00100200925954, 0.000295246078167, -0.00205306871794, 0.000713107234333, -0.00150432309601, 0.000748793885577, -0.00143833085895], [5.2144365327e-05, -0.000937599688768, -0.00214762543328, -0.000194177846424, 0.00804095808417, -0.00173103343695, -0.00199613417499, -0.0010778127471, 0.00138866924681, -0.00301344273612, 0.00164569856133, -0.00236222380772, 0.000476560206152], [-0.000105680977867, 0.00111483072396, -0.000250048818998, -0.000597605598159, -0.00173103343695, 0.00749903218821, -0.0048686969094, 0.000423476507422, 0.00200612307526, 0.000701983575709, 1.53291580318e-07, -6.81118617649e-05, -0.000425886304583], [0.000167569101905, 0.000362418155419, -0.000275733385934, 0.00100200925954, -0.00199613417499, -0.0048686969094, 0.0131638180465, -0.00295481039211, 0.000257968436927, 2.88256233034e-05, -0.000762587063946, 0.00207380275242, 0.00153329840396], [-0.000139599884278, 0.00154897605535, 0.000941725273151, 0.000295246078167, -0.0010778127471, 0.000423476507422, -0.00295481039211, 0.0145202530548, -0.0080269118771, 0.00337935914285, -0.00352290761657, -0.00117567065172, 0.00154340150766], [0.000392221962102, 0.000302520551486, 0.000237540065427, -0.00205306871794, 0.00138866924681, 0.00200612307526, 0.000257968436927, -0.0080269118771, 0.0184846781194, -0.00855787843466, 0.00366886775009, -0.000503230141476, -0.00115231715608], [-0.0001826142543, 0.00190452858806, -9.17005818337e-05, 0.000713107234333, -0.00301344273612, 0.000701983575709, 2.88256233034e-05, 0.00337935914285, -0.00855787843466, 0.0254311542958, -0.0129014877602, -0.000317758443998, 0.00504321604967], [0.000201621194719, -0.00277172657661, -0.000478052534163, -0.00150432309601, 0.00164569856133, 1.53291580318e-07, -0.000762587063946, -0.00352290761657, 0.00366886775009, -0.0129014877602, 0.02594197914, -0.0102416286245, -0.00128708127886], [-0.000191429382539, 0.00261458777823, -0.000719529693015, 0.000748793885577, -0.00236222380772, -6.81118617649e-05, 0.00207380275242, -0.00117567065172, -0.000503230141476, -0.000317758443998, -0.0102416286245, 0.0277659166604, -0.00889069214463], [0.000265044422122, -1.68713741004e-05, -6.24988169875e-05, -0.00143833085895, 0.000476560206152, -0.000425886304583, 0.00153329840396, 0.00154340150766, -0.00115231715608, 0.00504321604967, -0.00128708127886, -0.00889069214463, 0.0221038255841]]
    },
    "melbands": {
        "max": [0.0110197542235, 0.0111590325832, 0.00692108692601, 0.00480046402663, 0.0102541316301, 0.0060513955541, 0.00498688220978, 0.00611374760047, 0.00683465134352, 0.00506164738908, 0.00651021208614, 0.00595857482404, 0.00250921910629, 0.00347859365866, 0.00364968390204, 0.00212683016434, 0.00201533106156, 0.00149831944145, 0.00110138510354, 0.000737592985388, 0.00165160687175, 0.0009925365448, 0.000642630562652, 0.000641383230686, 0.000258813408436, 0.000319625862176, 0.000215725798625, 0.000325685512507, 0.000380218116334, 0.00025827245554, 0.00024499167921, 0.000187007841305, 0.000216281405301, 0.00021300354274, 0.000135779759148, 0.000117502233479, 0.000149300380144, 0.000206447890378, 0.00011813234596, 3.12913871312e-05],
        "mean": [0.000612810486928, 0.000440092786448, 0.000234615086811, 0.000190900842426, 0.000166384721524, 0.00020691784448, 0.000230275472859, 0.000205074218684, 0.000345805718098, 0.000465596007416, 0.000559381442145, 0.0003204937384, 0.000136580885737, 0.000146149279317, 0.000156861366122, 0.00012493498798, 9.61613550317e-05, 9.45685969782e-05, 7.63400821597e-05, 4.93005682074e-05, 5.87940703554e-05, 4.26134101872e-05, 3.29837057507e-05, 2.85835230898e-05, 2.24921768677e-05, 1.68909791682e-05, 1.41669534059e-05, 1.34877864184e-05, 1.21332450362e-05, 7.22582763046e-06, 6.23963796897e-06, 9.40592872212e-06, 5.69259691474e-06, 5.32319609192e-06, 6.68929988024e-06, 6.90347133059e-06, 7.47751755625e-06, 5.97111738898e-06, 3.33060279445e-06, 1.70366854491e-06],
        "min": [1.70945799738e-08, 7.93774334457e-12, 2.20196126957e-12, 2.92636271118e-12, 1.02218765136e-12, 1.26181400398e-13, 9.00964578551e-13, 3.20565595553e-13, 6.84088419592e-13, 4.87818986594e-13, 3.6850161594e-13, 2.2918353413e-13, 1.50958523568e-13, 1.58961426379e-13, 1.54556665318e-13, 5.48676663999e-13, 4.09338605763e-13, 1.91796448515e-13, 1.27375757511e-13, 2.72865660188e-13, 3.6149688386e-13, 2.20817748852e-13, 2.40672770341e-13, 2.32846700905e-13, 2.57761829459e-13, 1.90490906469e-13, 1.89186191127e-13, 3.46055351258e-13, 2.61210324204e-13, 2.74549371952e-13, 2.5664439649e-13, 1.90158219032e-13, 1.68349993776e-13, 2.40663148047e-13, 3.6088338806e-13, 4.38673294738e-13, 3.33175707076e-13, 3.24293787353e-13, 3.1803403769e-13, 3.46456478957e-13],
        "stdev": [0.00138260994572, 0.00105344969779, 0.000499383662827, 0.000328518042807, 0.000493685132824, 0.000518542423379, 0.000471541192383, 0.000415356364101, 0.0005843223189, 0.000585570465773, 0.000725512334611, 0.000445986603154, 0.000214739484363, 0.00029789126711, 0.000252145226113, 0.000159635266755, 0.000142589153256, 0.000145531870658, 0.000110814427899, 6.94292975822e-05, 0.000109077278466, 6.54198156553e-05, 4.30399377365e-05, 3.94595481339e-05, 2.77960371022e-05, 2.49397999141e-05, 1.91950930457e-05, 1.979704939e-05, 2.17710512516e-05, 1.30968874146e-05, 1.36430053317e-05, 1.84383879969e-05, 1.32439672598e-05, 1.12327106763e-05, 1.10801956907e-05, 1.17050331028e-05, 1.46882130139e-05, 1.56946716743e-05, 8.66826303536e-06, 3.13709779221e-06]
    },
    "melbands128": {
        "max": [0.00357967335731, 0.0136250844225, 0.0154835134745, 0.0108413333073, 0.0157425664365, 0.0142758451402, 0.00948526896536, 0.00845950096846, 0.0036991359666, 0.00557719077915, 0.00669849151745, 0.00693148188293, 0.0158768761903, 0.0173326041549, 0.00667583290488, 0.0123997591436, 0.0099651645869, 0.0060223150067, 0.00539385061711, 0.0115582570434, 0.00633687665686, 0.00764290429652, 0.0105391778052, 0.0161563735455, 0.00912026036531, 0.00611962378025, 0.0092795221135, 0.0109276715666, 0.0125196073204, 0.00804780516773, 0.00849734991789, 0.00429842341691, 0.00436298828572, 0.00509214680642, 0.00655597960576, 0.00759370904416, 0.00854946766049, 0.00663306331262, 0.00406335107982, 0.00601168908179, 0.00217776955105, 0.00173877051566, 0.00213013892062, 0.00562755344436, 0.00179706700146, 0.0035119864624, 0.00237089837901, 0.00251923082396, 0.00216495804489, 0.00121850834694, 0.00143403012771, 0.00117592536844, 0.00347715313546, 0.00314911850728, 0.00313944136724, 0.000948075205088, 0.000741451513022, 0.000598901649937, 0.00121349212714, 0.00127817643806, 0.001114654704, 0.000693512731232, 0.000694999471307, 0.000381592893973, 0.000386138068279, 0.000397549854824, 0.000510399404448, 0.000269122509053, 0.000227707438171, 0.000207560267881, 0.000170246566995, 0.000704691046849, 0.000438250252046, 0.000296875543427, 0.000378396332962, 0.00019291722856, 0.000226697186008, 0.000343132385751, 0.000330555165419, 0.000382188125513, 0.000373124115868, 0.000164471668541, 0.000281622313196, 0.000260899018031, 0.000357833487215, 0.000190344624571, 0.00018396039377, 0.000193055093405, 0.000155429937877, 0.000161304677022, 0.000136116534122, 0.000128379630041, 0.00017134466907, 0.000255459541222, 0.000142333956319, 0.000239391098148, 0.000256843690295, 0.000262217363343, 0.00012978578161, 8.02323702374e-05, 4.68909456686e-05, 2.8369075153e-05, 3.00916599372e-05, 3.49164911313e-05, 2.4768678486e-05, 1.74860233528e-05, 2.00688045879e-05, 1.85651024367e-05, 1.52974171215e-05, 1.11873141577e-05, 1.65358433151e-05, 1.0277288311e-05, 1.25645656226e-05, 1.45927133417e-05, 2.67471823463e-05, 1.19957294373e-05, 1.01459254438e-05, 9.38194079936e-06, 1.34006095323e-05, 8.09868561191e-06, 9.66707011685e-06, 1.19540991363e-05, 4.20614424002e-06, 3.52999791176e-07, 1.63713886892e-09, 1.62218649624e-09, 1.61648461283e-09, 1.61321422887e-09],
        "mean": [0.000149948114995, 0.000630594789982, 0.000809799414128, 0.000585872388911, 0.0004415801086, 0.000304351357045, 0.000248031516094, 0.00022085418459, 0.00019672329654, 0.000235208688537, 0.000150370760821, 0.000113723537652, 0.000201481103431, 0.000192556646653, 0.000163969249115, 0.000255314138485, 0.000232897524256, 0.00021933404787, 0.00024165456125, 0.000199145419174, 0.000185253898962, 0.000218099230551, 0.000403770012781, 0.000410129723605, 0.000456171197584, 0.000442224700237, 0.000581981439609, 0.000664196384605, 0.000453195476439, 0.000375006289687, 0.000287826260319, 0.000174408138264, 0.00011909827299, 0.000116661838547, 0.000114389709779, 0.000172983214725, 0.000172200408997, 0.000123603458633, 0.000175378459971, 0.000182282165042, 9.11822353373e-05, 8.16684332676e-05, 9.41249381867e-05, 0.000113525689812, 8.44907917781e-05, 9.07327630557e-05, 0.000106091436464, 9.01525345398e-05, 5.65745067433e-05, 4.40368821728e-05, 4.98077824886e-05, 5.23480848642e-05, 5.64545443922e-05, 6.293234037e-05, 6.16700126557e-05, 3.68240216631e-05, 3.06729452859e-05, 3.50827904185e-05, 3.2610969356e-05, 3.11293188133e-05, 2.83368608507e-05, 2.64397349383e-05, 2.77914696198e-05, 2.0248860892e-05, 1.6027217498e-05, 1.68098813447e-05, 1.80045626621e-05, 1.49879588207e-05, 1.32604282044e-05, 1.24789366964e-05, 1.41616073961e-05, 1.35953414429e-05, 1.2918543689e-05, 1.32129871417e-05, 9.07700086827e-06, 8.44827718538e-06, 5.69502708458e-06, 4.91765194965e-06, 6.07488937021e-06, 6.93998435963e-06, 1.22082010421e-05, 8.74988381838e-06, 6.66943469696e-06, 5.09542360305e-06, 5.44907607036e-06, 5.12309361511e-06, 5.16790487382e-06, 5.90392801314e-06, 7.33644628781e-06, 6.49013463772e-06, 7.42031261325e-06, 6.80074481352e-06, 6.25257871434e-06, 7.36751371733e-06, 8.89204511623e-06, 6.81847404849e-06, 5.23978314959e-06, 4.64489312435e-06, 3.97759140469e-06, 2.25425446843e-06, 1.69604709299e-06, 1.6470086166e-06, 1.73452849594e-06, 1.14940371532e-06, 1.07846517494e-06, 1.31765000333e-06, 1.11115446089e-06, 9.30705880364e-07, 8.82792051016e-07, 8.76556441654e-07, 7.39366100788e-07, 6.77573837038e-07, 7.42893291772e-07, 6.13159556906e-07, 5.12371798322e-07, 4.29731215945e-07, 3.82350890504e-07, 3.02751857362e-07, 3.26943649043e-07, 1.58184079169e-07, 1.32278614728e-07, 1.4722496644e-07, 7.88000775742e-08, 3.04245362237e-09, 4.84903133272e-12, 4.67934588647e-12, 4.58851099477e-12, 4.55340669683e-12],
        "min": [2.84729323452e-10, 3.63675090043e-09, 8.95411966795e-10, 1.01882825093e-11, 3.61960418235e-12, 3.76608813579e-12, 1.02153084169e-12, 2.65874063217e-12, 2.30427938015e-12, 2.44544770718e-12, 1.55211650824e-12, 1.07348082246e-12, 1.012979441e-13, 2.87734706938e-13, 9.85400658098e-14, 4.37414488582e-14, 2.16801443876e-13, 7.30393501756e-13, 5.16810119006e-13, 2.33737725355e-13, 1.64822013459e-13, 5.74331381065e-13, 6.57396717358e-13, 6.09531251427e-13, 3.81684511471e-13, 2.39168927718e-13, 1.64033175064e-13, 2.51034571819e-13, 2.42076053213e-13, 3.03587206372e-13, 1.09155150467e-13, 7.44531864004e-14, 6.65566777039e-14, 1.76243690323e-13, 1.53582753611e-13, 4.59875261244e-14, 7.40822943897e-14, 1.26356363523e-13, 1.64780976407e-13, 4.10492738976e-13, 5.28515870391e-13, 2.37248859881e-13, 2.93839984896e-13, 8.44804505214e-14, 1.41505920479e-13, 1.45832402144e-13, 1.34494452793e-13, 1.20054736551e-13, 8.41405802454e-14, 1.22026290439e-13, 1.48173858708e-13, 2.00159496182e-13, 2.89071338481e-13, 9.62353162654e-14, 2.11631032794e-13, 2.22384366781e-13, 1.7255875819e-13, 2.22572597831e-13, 1.19535891602e-13, 1.40967614101e-13, 1.57730233497e-13, 1.49350150302e-13, 1.08349066481e-13, 1.55755657395e-13, 1.58645069737e-13, 2.33772989031e-13, 8.49526612251e-14, 1.13260509099e-13, 1.80155776365e-13, 2.81822091705e-13, 2.27195324186e-13, 2.22654929433e-13, 2.19269928278e-13, 1.79868422131e-13, 2.19203913918e-13, 1.72556034132e-13, 2.70193698144e-13, 1.49787490354e-13, 3.4943218024e-13, 1.89900409308e-13, 2.02526174e-13, 9.38994839999e-14, 1.77932362312e-13, 1.72347907972e-13, 1.502958592e-13, 1.76114331452e-13, 2.25686087657e-13, 2.51520294392e-13, 2.30961029381e-13, 3.34482821215e-13, 2.81482302744e-13, 3.92006034838e-13, 2.76885827634e-13, 2.08478240639e-13, 2.37169821542e-13, 2.63994961959e-13, 2.76974894842e-13, 2.19352137907e-13, 2.92678126743e-13, 1.9088834788e-13, 3.19132171861e-13, 3.49512221465e-13, 2.06904358555e-13, 2.19659129753e-13, 2.58550261279e-13, 4.02810245012e-13, 3.06970323726e-13, 2.4817778041e-13, 2.61095561404e-13, 2.13254828835e-13, 3.14942164145e-13, 1.90826385726e-13, 2.90426374356e-13, 3.63013682699e-13, 3.14111909226e-13, 6.02754771008e-13, 5.20602224524e-13, 5.09492133812e-13, 1.46604435406e-13, 1.30685013592e-13, 1.1002433502e-13, 8.97869357531e-14, 1.00715232866e-13, 7.18421971761e-14, 6.51112668014e-14, 2.73671652695e-14, 3.64728533088e-15, 6.59745624636e-17],
        "stdev": [0.000365456915461, 0.00153363263234, 0.00199351855554, 0.00126708962489, 0.00132217782084, 0.0010210670298, 0.000632063893136, 0.00051509932382, 0.000380083249183, 0.000469169579446, 0.000337057485012, 0.000349983718479, 0.000737271504477, 0.000802214897703, 0.000474339030916, 0.000848908850458, 0.00068991119042, 0.0005425484851, 0.000559347565286, 0.00059246935416, 0.00054656289285, 0.000508458004333, 0.000885011511855, 0.000836069346406, 0.000784290081356, 0.000726159545593, 0.000949649198446, 0.00110199581832, 0.000848522235174, 0.000663894752506, 0.000517651089467, 0.000351775874151, 0.000278823456028, 0.000270121556241, 0.000367022992577, 0.000471220468171, 0.000449731072877, 0.000333886564476, 0.000370420981199, 0.000350109068677, 0.000155633242684, 0.000113788628369, 0.00015405646991, 0.000293193064863, 0.000181569732376, 0.000215814172407, 0.000214162108023, 0.00018085972988, 0.000118199248391, 8.0304191215e-05, 9.2254304036e-05, 0.000119989155792, 0.000158347320394, 0.000169068123796, 0.000148762948811, 7.24712881492e-05, 5.06451979163e-05, 5.82080101594e-05, 5.78951839998e-05, 6.56202319078e-05, 5.57700841455e-05, 4.7652520152e-05, 5.16239306307e-05, 3.2475018088e-05, 2.75402762782e-05, 3.22094347212e-05, 3.2518972148e-05, 2.49225267908e-05, 2.22923517867e-05, 1.94968833966e-05, 2.15327891055e-05, 2.88630508294e-05, 2.62575049419e-05, 2.61760033027e-05, 1.98574598471e-05, 1.53980054165e-05, 1.27552393678e-05, 1.37031156555e-05, 1.55131365318e-05, 1.74422621058e-05, 2.91435608233e-05, 1.61070183822e-05, 1.43222796396e-05, 1.47073051266e-05, 1.49059133037e-05, 1.22215378724e-05, 1.15810144052e-05, 1.12716488729e-05, 1.34759065986e-05, 1.23019826788e-05, 1.29763557197e-05, 1.258843713e-05, 1.30152320708e-05, 1.66282661667e-05, 1.75276327354e-05, 1.78508125828e-05, 1.64751327247e-05, 1.50598443724e-05, 1.0168548215e-05, 5.82742859478e-06, 4.01282977691e-06, 2.99747853205e-06, 3.13258715323e-06, 2.36886876337e-06, 2.1448984171e-06, 2.31221133618e-06, 2.10382563637e-06, 1.78612879154e-06, 1.7041937781e-06, 1.67829637121e-06, 1.39932342336e-06, 1.25794235828e-06, 1.38667155625e-06, 1.32983211643e-06, 1.36801043027e-06, 9.54888832894e-07, 9.27987741761e-07, 7.88493366599e-07, 8.86386374077e-07, 4.78194579046e-07, 4.34796533e-07, 5.92284663981e-07, 2.58288849864e-07, 1.58430495389e-08, 4.74381922633e-11, 4.69972567807e-11, 4.6827680622e-11, 4.67300885487e-11]
    },
    "mfcc": {
        "mean": [-607.189575195, 71.1960449219, -34.6741638184, -17.0580673218, -16.1472625732, -6.60808992386, -7.10800218582, 5.76828193665, -1.66086792946, 6.74342346191, -4.12516450882, -0.814542174339, -7.55278873444],
        "cov": [[4839.18994141, 265.489013672, 655.644775391, 502.956207275, 369.054290771, 280.720611572, 214.180938721, 13.9507465363, -61.5173072815, 8.70708942413, -110.350692749, -21.3337516785, 59.3215560913], [265.489013672, 521.447937012, 22.3107967377, 88.8118896484, 33.38514328, -6.45481777191, 0.113920539618, -70.6644897461, -99.3401565552, -20.603219986, -41.2554206848, -66.6086959839, -29.9279346466], [655.644775391, 22.3107967377, 1390.4050293, 796.528320312, 707.133789062, 562.180419922, 396.611938477, 89.9061355591, 7.34707164764, -2.87105059624, -35.2742729187, 48.5634117126, 169.892318726], [502.956207275, 88.8118896484, 796.528320312, 676.681274414, 461.983123779, 293.224487305, 189.512939453, 16.7004756927, -19.6982440948, 3.73312807083, -37.9225006104, 37.357585907, 137.238449097], [369.054290771, 33.38514328, 707.133789062, 461.983123779, 512.052734375, 335.776824951, 249.539093018, 61.154209137, 17.4922866821, 3.13295340538, -14.0162734985, 37.9151000977, 114.225822449], [280.720611572, -6.45481777191, 562.180419922, 293.224487305, 335.776824951, 421.48727417, 280.674987793, 75.0229873657, 18.3088512421, 8.73976516724, 1.83515131474, 2.71360731125, 65.7543869019], [214.180938721, 0.113920539618, 396.611938477, 189.512939453, 249.539093018, 280.674987793, 303.42364502, 90.0253295898, 16.2637672424, 17.0336952209, 11.7806158066, 6.77482843399, 50.1929702759], [13.9507465363, -70.6644897461, 89.9061355591, 16.7004756927, 61.154209137, 75.0229873657, 90.0253295898, 109.417953491, 52.5895614624, 14.6916475296, 22.0329551697, 17.5887432098, 11.8001728058], [-61.5173072815, -99.3401565552, 7.34707164764, -19.6982440948, 17.4922866821, 18.3088512421, 16.2637672424, 52.5895614624, 87.8940200806, 26.9664306641, 19.4761676788, 23.0660095215, 8.82284355164], [8.70708942413, -20.603219986, -2.87105059624, 3.73312807083, 3.13295340538, 8.73976516724, 17.0336952209, 14.6916475296, 26.9664306641, 64.4728469849, 25.4864997864, 9.52603721619, 8.98466777802], [-110.350692749, -41.2554206848, -35.2742729187, -37.9225006104, -14.0162734985, 1.83515131474, 11.7806158066, 22.0329551697, 19.4761676788, 25.4864997864, 75.8242340088, 41.0610923767, 7.47894001007], [-21.3337516785, -66.6086959839, 48.5634117126, 37.357585907, 37.9151000977, 2.71360731125, 6.77482843399, 17.5887432098, 23.0660095215, 9.52603721619, 41.0610923767, 105.00491333, 52.5790061951], [59.3215560913, -29.9279346466, 169.892318726, 137.238449097, 114.225822449, 65.7543869019, 50.1929702759, 11.8001728058, 8.82284355164, 8.98466777802, 7.47894001007, 52.5790061951, 89.2628250122]],
        "icov": [[0.000237794170971, -8.017183427e-05, -1.97444260266e-05, -0.000108264554001, 3.07944947053e-06, -4.29824394814e-05, -4.52814711025e-05, -8.76393824001e-05, 0.000135192763992, -0.000225046271225, 0.000399158830987, -0.000188034231542, 0.000170494706254], [-8.017183427e-05, 0.00281859165989, 0.000457772694062, -0.000640429439954, -0.000707414292265, 0.000368147331756, -0.000412799883634, 0.000629852351267, 0.00249766511843, -0.000401801778935, -4.19738607889e-05, 0.000867997121532, 0.00118037965149], [-1.97444260266e-05, 0.000457772694062, 0.00399113027379, -0.00272526685148, -0.00177808175795, -0.00172547774855, -0.000573844183236, -0.000240554494667, 0.000271544355201, 0.000654075352941, 0.000528938893694, -0.000587600457948, 0.000870347372256], [-0.000108264554001, -0.000640429439954, -0.00272526685148, 0.00679827900603, -0.00255907117389, 0.000448110251455, 0.0015858769184, 0.000246333249379, 0.00146329170093, -0.00173854385503, 0.00117522594519, 0.000410609703977, -0.00369758112356], [3.07944947053e-06, -0.000707414292265, -0.00177808175795, -0.00255907117389, 0.0093799661845, -0.00169808999635, -0.00183300790377, 0.000187559926417, -0.00265742605552, 0.00149376119953, 0.000156384849106, -0.000423679070082, -0.00231813476421], [-4.29824394814e-05, 0.000368147331756, -0.00172547774855, 0.000448110251455, -0.00169808999635, 0.00915529299527, -0.005313759204, 0.00100468366873, -0.00102115189657, 0.000813721679151, -0.00168795778882, 0.00230960384943, -0.000168894926901], [-4.52814711025e-05, -0.000412799883634, -0.000573844183236, 0.0015858769184, -0.00183300790377, -0.005313759204, 0.0115124788135, -0.00618958100677, 0.00370238884352, -0.00237331422977, -0.000406329549151, 0.000788991164882, -0.00140747125261], [-8.76393824001e-05, 0.000629852351267, -0.000240554494667, 0.000246333249379, 0.000187559926417, 0.00100468366873, -0.00618958100677, 0.0188534725457, -0.00990592967719, 0.00236953562126, -0.00256560742855, -0.000198195586563, 0.00142883276567], [0.000135192763992, 0.00249766511843, 0.000271544355201, 0.00146329170093, -0.00265742605552, -0.00102115189657, 0.00370238884352, -0.00990592967719, 0.0230873692781, -0.00808383990079, 0.00222479086369, -0.00239597260952, 0.00111804378685], [-0.000225046271225, -0.000401801778935, 0.000654075352941, -0.00173854385503, 0.00149376119953, 0.000813721679151, -0.00237331422977, 0.00236953562126, -0.00808383990079, 0.0219185687602, -0.00815389771014, 0.00364931649528, -0.00292030838318], [0.000399158830987, -4.19738607889e-05, 0.000528938893694, 0.00117522594519, 0.000156384849106, -0.00168795778882, -0.000406329549151, -0.00256560742855, 0.00222479086369, -0.00815389771014, 0.0230648238212, -0.0106722703204, 0.00347267976031], [-0.000188034231542, 0.000867997121532, -0.000587600457948, 0.000410609703977, -0.000423679070082, 0.00230960384943, 0.000788991164882, -0.000198195586563, -0.00239597260952, 0.00364931649528, -0.0106722703204, 0.020651564002, -0.0120744034648], [0.000170494706254, 0.00118037965149, 0.000870347372256, -0.00369758112356, -0.00231813476421, -0.000168894926901, -0.00140747125261, 0.00142883276567, 0.00111804378685, -0.00292030838318, 0.00347267976031, -0.0120744034648, 0.0262118093669]]
    },
    "spectral_contrast_coeffs": {
        "max": [-0.334765553474, -0.479350835085, -0.504265546799, -0.548976302147, -0.673343598843, -0.440916001797],
        "mean": [-0.718016386032, -0.744109213352, -0.746322333813, -0.79367429018, -0.783066928387, -0.773556888103],
        "min": [-0.950775682926, -0.954464972019, -0.935957551003, -0.937739729881, -0.93670219183, -0.917967379093],
        "stdev": [0.0894795507193, 0.0724170282483, 0.0622035115957, 0.0495604798198, 0.0344750247896, 0.0330416895449]
    },
    "spectral_contrast_valleys": {
        "max": [-5.52118587494, -4.51513290405, -5.08380222321, -5.64944076538, -5.73972082138, -7.30304336548],
        "mean": [-8.09481716156, -6.63111495972, -6.58896875381, -6.80377292633, -6.99353170395, -9.37637138367],
        "min": [-15.6309013367, -15.7196025848, -16.1916408539, -16.0170822144, -15.4112577438, -16.782075882],
        "stdev": [1.52783572674, 0.873380661011, 0.907503962517, 0.857376873493, 0.809367179871, 0.888276815414]
    }
},
"rhythm": {
    "beats_count": 64,
    "beats_loudness": {
        "max": 0.0600313208997,
        "mean": 0.0294010099024,
        "min": 0.00631022918969,
        "stdev": 0.0151548283175
    },
    "bpm": 144.884918213,
    "bpm_histogram_first_peak_bpm": 144,
    "bpm_histogram_first_peak_weight": 0.387096762657,
    "bpm_histogram_second_peak_bpm": 133,
    "bpm_histogram_second_peak_spread": 0.535714328289,
    "bpm_histogram_second_peak_weight": 0.206349208951,
    "danceability": 1.15669417381,
    "onset_rate": 2.36963963509,
    "beats_loudness_band_ratio": {
        "max": [0.609381914139, 0.672307372093, 0.759573101997, 0.631534576416, 0.445341914892, 0.459459930658],
        "mean": [0.161363735795, 0.0645093247294, 0.306276768446, 0.272878348827, 0.141103714705, 0.0943138003349],
        "min": [0.000221502879867, 0.00209302082658, 0.0252913795412, 0.0400325916708, 0.0187865812331, 0.00601254124194],
        "stdev": [0.196190014482, 0.104687519372, 0.200542032719, 0.161679595709, 0.0930783003569, 0.0812398940325]
    },
    "beats_position": [0.394739210606, 0.801088392735, 1.21904754639, 1.62539684772, 2.04335594177, 2.46131515503, 2.87927436829, 3.29723358154, 3.7151927948, 4.13315200806, 4.55111122131, 4.96907043457, 5.3754196167, 5.79337835312, 6.2229475975, 6.64090681076, 7.05886602402, 7.47682523727, 7.89478445053, 8.31274318695, 8.73070240021, 9.13705158234, 9.54340076447, 9.94974994659, 10.3560991287, 10.7624483109, 11.1687984467, 11.5751476288, 11.9931058884, 12.4110651016, 12.8290243149, 13.235373497, 13.6068935394, 13.9784126282, 14.3383216858, 14.7098407745, 15.1626300812, 15.6154193878, 16.0682086945, 16.5209980011, 16.9737873077, 17.4381847382, 17.8793640137, 18.3321533203, 18.7733325958, 19.2145118713, 19.667301178, 20.1084804535, 20.5612697601, 21.0256690979, 21.4900684357, 21.942855835, 22.3840351105, 22.825214386, 23.2663936615, 23.707572937, 24.1487522125, 24.589931488, 25.0311107635, 25.4722900391, 25.9250793457, 26.3778686523, 26.830657959, 27.2834453583],
