{
"metadata": {
    "version": {
        "essentia": "2.1-beta5",
        "essentia_git_sha": "Undefined",
        "extractor": "music 2.0"
    },
    "audio_properties": {
        "analysis": {
            "equal_loudness": 0,
            "length": 32.4963264465,
            "sample_rate": 44100,
            "start_time": 61.4980506897,
            "downmix": "mix"
        },
        "bit_rate": 192000,
        "length": 184.412902832,
        "lossless": 0,
        "number_channels": 2,
        "replay_gain": -7.4116153717,
        "sample_rate": 48000,
        "codec": "mp3",
        "md5_encoded": "952d0f8bbda4b37d24c9be4e76fd692b"
    },
    "tags": {
        "file_name": "United KingdomUK_Come Back_Jessica Garlick.mp3",
        "encoding": ["Lavf58.29.100"]
    }
},
"lowlevel": {
    "average_loudness": 0.970786929131,
    "barkbands_crest": {
        "max": 24.3626346588,
        "mean": 11.4523954391,
        "min": 3.28760123253,
        "stdev": 4.5350561142
    },
    "barkbands_flatness_db": {
        "max": 0.302855849266,
        "mean": 0.191580966115,
        "min": 0.0836375206709,
        "stdev": 0.0403914935887
    },
    "barkbands_kurtosis": {
        "max": 73.1535644531,
        "mean": 3.50234913826,
        "min": -1.87833046913,
        "stdev": 6.2022562027
    },
    "barkbands_skewness": {
        "max": 7.16079950333,
        "mean": 1.21236240864,
        "min": -2.51520872116,
        "stdev": 1.19503653049
    },
    "barkbands_spread": {
        "max": 93.6856155396,
        "mean": 19.4119262695,
        "min": 2.44391489029,
        "stdev": 11.8658781052
    },
    "dissonance": {
        "max": 0.500000059605,
        "mean": 0.461050391197,
        "min": 0.25469905138,
        "stdev": 0.0301246866584
    },
    "dynamic_complexity": 2.35324883461,
    "erbbands_crest": {
        "max": 30.5510730743,
        "mean": 12.103012085,
        "min": 2.7885260582,
        "stdev": 5.69847583771
    },
    "erbbands_flatness_db": {
        "max": 0.355455547571,
        "mean": 0.218457788229,
        "min": 0.0721732825041,
        "stdev": 0.0527309179306
    },
    "erbbands_kurtosis": {
        "max": 18.9436435699,
        "mean": 0.441726267338,
        "min": -1.78822445869,
        "stdev": 2.7327542305
    },
    "erbbands_skewness": {
        "max": 3.34186434746,
        "mean": 0.497212976217,
        "min": -3.419049263,
        "stdev": 0.87692129612
    },
    "erbbands_spread": {
        "max": 116.403915405,
        "mean": 34.4694480896,
        "min": 5.24836730957,
        "stdev": 16.8100166321
    },
    "hfc": {
        "max": 162.435195923,
        "mean": 21.989900589,
        "min": 0.150056868792,
        "stdev": 18.42045784
    },
    "loudness_ebu128": {
        "integrated": -16.329202652,
        "loudness_range": 2.80332279205,
        "momentary": {
            "max": -13.0405273438,
            "mean": -16.8419036865,
            "min": -27.3107776642,
            "stdev": 2.3119161129
        },
        "short_term": {
            "max": -14.877532959,
            "mean": -16.3316802979,
            "min": -18.4973430634,
            "stdev": 0.929402828217
        }
    },
    "melbands_crest": {
        "max": 30.1732940674,
        "mean": 14.81092453,
        "min": 4.35393810272,
        "stdev": 5.65048599243
    },
    "melbands_flatness_db": {
        "max": 0.372834652662,
        "mean": 0.203165143728,
        "min": 0.0432591550052,
        "stdev": 0.0527677051723
    },
    "melbands_kurtosis": {
        "max": 173.379653931,
        "mean": 9.82531833649,
        "min": -1.8718380928,
        "stdev": 15.1751022339
    },
    "melbands_skewness": {
        "max": 9.38557720184,
        "mean": 1.99006080627,
        "min": -0.657678067684,
        "stdev": 1.5372838974
    },
    "melbands_spread": {
        "max": 248.545318604,
        "mean": 27.4947032928,
        "min": 1.4478263855,
        "stdev": 24.5879821777
    },
    "pitch_salience": {
        "max": 0.798555374146,
        "mean": 0.523138582706,
        "min": 0.21001060307,
        "stdev": 0.112995050848
    },
    "silence_rate_20dB": {
        "max": 1,
        "mean": 1,
        "min": 1,
        "stdev": 0
    },
    "silence_rate_30dB": {
        "max": 1,
        "mean": 1,
        "min": 1,
        "stdev": 0
    },
    "silence_rate_60dB": {
        "max": 1,
        "mean": 0.0228408277035,
        "min": 0,
        "stdev": 0.149398818612
    },
    "spectral_centroid": {
        "max": 5225.39501953,
        "mean": 1585.24853516,
        "min": 310.209991455,
        "stdev": 854.90838623
    },
    "spectral_complexity": {
        "max": 51,
        "mean": 15.8986434937,
        "min": 1,
        "stdev": 7.12495660782
    },
    "spectral_decrease": {
        "max": -7.24112922401e-11,
        "mean": -5.25922816408e-09,
        "min": -3.11644932083e-08,
        "stdev": 3.22686855014e-09
    },
    "spectral_energy": {
        "max": 0.119332075119,
        "mean": 0.021844111383,
        "min": 0.000290235242574,
        "stdev": 0.0128926504403
    },
    "spectral_energyband_high": {
        "max": 0.0207110084593,
        "mean": 0.000845874252263,
        "min": 6.25387701803e-06,
        "stdev": 0.00170442089438
    },
    "spectral_energyband_low": {
        "max": 0.101415224373,
        "mean": 0.00369756342843,
        "min": 7.03488149156e-06,
        "stdev": 0.00757593801245
    },
    "spectral_energyband_middle_high": {
        "max": 0.0456762760878,
        "mean": 0.00759363127872,
        "min": 2.31383637583e-05,
        "stdev": 0.00836151279509
    },
    "spectral_energyband_middle_low": {
        "max": 0.0665376782417,
        "mean": 0.0102564636618,
        "min": 5.31595869688e-05,
        "stdev": 0.00987717602402
    },
    "spectral_entropy": {
        "max": 8.64688110352,
        "mean": 7.29580640793,
        "min": 6.23010730743,
        "stdev": 0.404061257839
    },
    "spectral_flux": {
        "max": 0.257409274578,
        "mean": 0.0718781277537,
        "min": 0.0101341605186,
        "stdev": 0.0376730635762
    },
    "spectral_kurtosis": {
        "max": 18.0253639221,
        "mean": 4.45811223984,
        "min": -1.03059220314,
        "stdev": 2.80558919907
    },
    "spectral_rms": {
        "max": 0.0107898814604,
        "mean": 0.0044163716957,
        "min": 0.000532124366146,
        "stdev": 0.00134424492717
    },
    "spectral_rolloff": {
        "max": 10012.9394531,
        "mean": 1794.24963379,
        "min": 129.19921875,
        "stdev": 1538.43579102
    },
    "spectral_skewness": {
        "max": 2.88033795357,
        "mean": 1.26215672493,
        "min": -0.289699822664,
        "stdev": 0.498427122831
    },
    "spectral_spread": {
        "max": 11192650,
        "mean": 3577730.75,
        "min": 1568242.125,
        "stdev": 1176814.75
    },
    "spectral_strongpeak": {
        "max": 8.88877677917,
        "mean": 1.77966630459,
        "min": 0,
        "stdev": 1.70540785789
    },
    "zerocrossingrate": {
        "max": 0.33935546875,
        "mean": 0.0604297704995,
        "min": 0.0068359375,
        "stdev": 0.035542409867
    },
    "barkbands": {
        "max": [0.000829340715427, 0.078436434269, 0.050973854959, 0.0312590971589, 0.0507103949785, 0.0472172498703, 0.0331492014229, 0.0172138605267, 0.0350403897464, 0.0394451878965, 0.0172994825989, 0.0107816914096, 0.0174317844212, 0.0143794938922, 0.0159729961306, 0.00891340523958, 0.00822563003749, 0.0101055251434, 0.00688883895054, 0.011350161396, 0.00505765806884, 0.00560314161703, 0.00505157187581, 0.0120689691976, 0.00339311687276, 4.3191784016e-07, 4.21590584665e-07],
        "mean": [3.19794889947e-05, 0.00207127421163, 0.00122468464542, 0.000675806310028, 0.00262522418052, 0.00342971412465, 0.000887795642484, 0.00046586143435, 0.00199557258748, 0.00291017559357, 0.000459708535345, 0.000258951011347, 0.000513818580657, 0.000307552021695, 0.000649058783893, 0.000399792304961, 0.00035602535354, 0.000714568886906, 0.000625110405963, 0.000788990117144, 0.00017676432617, 7.03596524545e-05, 7.52417035983e-05, 0.00010221364937, 2.78646875813e-05, 5.26392573974e-09, 1.40783007474e-09],
        "min": [5.82520420789e-10, 2.65191602011e-06, 5.89720002608e-07, 3.78722148753e-07, 1.56991086442e-06, 3.46488150171e-06, 2.28535895985e-06, 1.82938822491e-06, 4.68303869638e-06, 3.39979305863e-06, 2.7012326882e-06, 1.25044459764e-06, 2.45450178227e-06, 1.16101227832e-06, 1.34661559059e-06, 1.60352806233e-06, 1.99845408133e-06, 1.3438533415e-06, 1.69847191955e-06, 1.16471903766e-06, 7.69762266373e-07, 6.69302266942e-07, 9.96188518343e-08, 2.22688143481e-07, 1.13093598486e-07, 2.29777828709e-11, 2.65053499982e-11],
        "stdev": [6.78080905345e-05, 0.00485635409132, 0.00351854856126, 0.00160500628408, 0.00439514638856, 0.00523707922548, 0.0024215481244, 0.00142844580114, 0.00510230753571, 0.00552124483511, 0.00109539413825, 0.000752416497562, 0.00160330859944, 0.00107899529394, 0.0015476673143, 0.000821628374979, 0.000684625585563, 0.00113972427789, 0.000929140660446, 0.00123403291218, 0.00040900480235, 0.000319448387017, 0.000341006496456, 0.000636759446934, 0.00015249910939, 2.60829331467e-08, 1.59424384805e-08]
    },
    "erbbands": {
        "max": [1.95714104176, 21.1520614624, 64.1460113525, 91.1576004028, 88.5122146606, 227.371154785, 366.00213623, 413.560150146, 561.658508301, 502.587524414, 546.486999512, 1039.87805176, 765.582275391, 1284.1517334, 509.108215332, 492.237182617, 905.897338867, 855.023864746, 914.772277832, 521.591369629, 583.65234375, 440.531982422, 731.189941406, 431.927307129, 444.761505127, 651.982055664, 249.091934204, 209.103866577, 211.14831543, 146.049484253, 161.83380127, 252.06652832, 228.597335815, 76.7237701416, 6.56800699234, 0.241999551654, 0.00954300258309, 0.00117601733655, 0.000296120968414, 0.000134006200824],
        "mean": [0.0502593815327, 0.505330681801, 1.39588057995, 1.9624325037, 3.16713809967, 9.73533821106, 26.1296710968, 26.0038719177, 14.5785894394, 9.11502361298, 15.7322263718, 55.7183265686, 33.7095451355, 106.152015686, 23.5352058411, 11.6371583939, 22.7811126709, 19.0682945251, 38.7911071777, 18.6121501923, 22.9691104889, 18.3557186127, 24.0717315674, 44.7722091675, 36.3895301819, 42.7844238281, 14.8907785416, 4.09224462509, 2.59115481377, 2.23612761497, 2.14686989784, 2.35954117775, 1.50008916855, 0.525010883808, 0.0942140370607, 0.00450157886371, 0.000178463800694, 2.30096884479e-05, 1.64652028616e-05, 2.77970957541e-05],
        "min": [5.53445424885e-05, 0.000468691549031, 0.00286242295988, 0.00314876879565, 0.00202476140112, 0.00496513396502, 0.0188123043627, 0.0220540873706, 0.0347549021244, 0.0472353808582, 0.0463727712631, 0.153161436319, 0.216586366296, 0.108313433826, 0.119143001735, 0.0461557991803, 0.0969423502684, 0.0913852229714, 0.0748437643051, 0.0789211168885, 0.11865028739, 0.108273036778, 0.117463879287, 0.0720299258828, 0.0650893673301, 0.0504824593663, 0.0373605117202, 0.0263665597886, 0.0238598920405, 0.0101962629706, 0.00384130887687, 0.0049177040346, 0.00343911605887, 0.0019836651627, 0.000581062631682, 3.14723183692e-05, 3.04057266476e-06, 4.42948419277e-07, 3.95085208993e-07, 6.15469673448e-07],
        "stdev": [0.11920979619, 1.22505390644, 4.03168153763, 4.52163362503, 6.63869380951, 17.9843273163, 40.6809997559, 44.8022193909, 37.0663146973, 23.8781242371, 41.1386528015, 148.747817993, 52.5233459473, 213.120697021, 45.6578979492, 27.8057689667, 66.8212280273, 62.6585235596, 91.2070159912, 42.1664733887, 38.784072876, 35.4600334167, 42.3366508484, 67.0858612061, 56.8484230042, 64.5690078735, 27.45470047, 12.8661756516, 11.3835296631, 10.3657951355, 10.1437368393, 14.0838098526, 9.90927600861, 3.19421029091, 0.39284953475, 0.015599549748, 0.000668736174703, 8.18684420665e-05, 1.94262320292e-05, 1.66180670931e-05]
    },
    "gfcc": {
        "mean": [-33.1454849243, 121.968025208, -153.740142822, 51.9601898193, -65.0816345215, 8.31035614014, -33.4420852661, 9.9037322998, -22.2726573944, -13.1065702438, 3.85589718819, -18.1776046753, 15.6381406784],
        "cov": [[1758.23254395, -373.258880615, -80.4455490112, 179.621856689, -156.82800293, -25.0150661469, -126.557090759, -52.2298812866, -75.2256622314, 70.6573181152, 2.45065808296, -39.7589912415, -13.3948106766], [-373.258880615, 725.34576416, 216.778152466, -87.3796463013, 33.0830764771, -88.9305343628, -33.4467010498, -155.123901367, 110.991783142, 21.1623039246, 117.444206238, -35.3758888245, -31.8138160706], [-80.4455490112, 216.778152466, 1048.64257812, 192.081451416, -385.264160156, 170.478042603, -425.788879395, -165.992950439, 280.779724121, 89.5500717163, 48.26902771, 119.036140442, -133.263504028], [179.621856689, -87.3796463013, 192.081451416, 343.636291504, 33.0579185486, -37.1350479126, -114.223709106, -53.6201934814, 56.3539962769, -10.6384840012, 7.47635793686, 59.5680122375, 8.30299854279], [-156.82800293, 33.0830764771, -385.264160156, 33.0579185486, 419.846710205, -99.1333465576, 256.911193848, 104.38986969, -151.902297974, -76.6787414551, -40.5501174927, -48.6722259521, 92.4441146851], [-25.0150661469, -88.9305343628, 170.478042603, -37.1350479126, -99.1333465576, 303.674713135, -2.27697324753, -23.2091140747, 34.7927207947, 3.89379262924, -34.189239502, 12.0046110153, -91.7789459229], [-126.557090759, -33.4467010498, -425.788879395, -114.223709106, 256.911193848, -2.27697324753, 371.080047607, 132.561691284, -165.526535034, -56.281036377, -46.326877594, -92.0851898193, 48.0065612793], [-52.2298812866, -155.123901367, -165.992950439, -53.6201934814, 104.38986969, -23.2091140747, 132.561691284, 229.873641968, -48.737247467, -64.3858184814, -71.5061645508, -17.786151886, 45.2333564758], [-75.2256622314, 110.991783142, 280.779724121, 56.3539962769, -151.902297974, 34.7927207947, -165.526535034, -48.737247467, 219.037628174, 39.7281723022, 22.0900745392, 44.8673057556, -50.31615448], [70.6573181152, 21.1623039246, 89.5500717163, -10.6384840012, -76.6787414551, 3.89379262924, -56.281036377, -64.3858184814, 39.7281723022, 154.925354004, 50.3609199524, -1.59674263, -10.1905975342], [2.45065808296, 117.444206238, 48.26902771, 7.47635793686, -40.5501174927, -34.189239502, -46.326877594, -71.5061645508, 22.0900745392, 50.3609199524, 122.892074585, 16.431060791, -0.564759850502], [-39.7589912415, -35.3758888245, 119.036140442, 59.5680122375, -48.6722259521, 12.0046110153, -92.0851898193, -17.786151886, 44.8673057556, -1.59674263, 16.431060791, 110.274665833, 7.76155567169], [-13.3948106766, -31.8138160706, -133.263504028, 8.30299854279, 92.4441146851, -91.7789459229, 48.0065612793, 45.2333564758, -50.31615448, -10.1905975342, -0.564759850502, 7.76155567169, 114.103057861]],
        "icov": [[0.000868736649863, 1.27404946397e-05, 0.000508551951498, -0.000959082390182, 0.000811691337731, -0.000156638518092, 0.000596527184825, -0.000282159948256, 0.000810414727312, -0.00046389491763, 5.71631680941e-05, 0.000761580420658, 0.000110961060273], [1.27404946397e-05, 0.00569567922503, -0.00325341336429, 0.00457902112976, -0.00425170920789, 0.00319116842002, -0.00207794527523, 0.00480093760416, -0.00423166062683, 0.00278119137511, -0.00358368526213, 0.00193399656564, 0.000672177586239], [0.000508551951498, -0.00325341336429, 0.00472710002214, -0.00410956842825, 0.00352343963459, -0.00298412074335, 0.0032184063457, -0.00313208648004, 0.00192068633623, -0.00220760703087, 0.00188306544442, -0.000797165965196, 0.000318528123898], [-0.000959082390182, 0.00457902112976, -0.00410956842825, 0.00924939103425, -0.00643638102338, 0.0033141518943, -0.00118561205454, 0.00506024388596, -0.0046850736253, 0.00322892167605, -0.00241979560815, -0.000520939123817, 0.00031044712523], [0.000811691337731, -0.00425170920789, 0.00352343963459, -0.00643638102338, 0.0103272376582, -0.00160483305808, -0.00160787662026, -0.00370749062859, 0.00461981026456, -0.00160383933689, 0.00318195554428, -0.000838252773974, -0.00205151946284], [-0.000156638518092, 0.00319116842002, -0.00298412074335, 0.0033141518943, -0.00160483305808, 0.00746976397932, -0.00382016645744, 0.00352860125713, -0.00226457626559, 0.0014951423509, 4.20606374973e-05, -0.00107984011993, 0.00387050933205], [0.000596527184825, -0.00207794527523, 0.0032184063457, -0.00118561205454, -0.00160787662026, -0.00382016645744, 0.011112511158, -0.00457776011899, 0.00389866065234, -0.00151905661914, 0.000192099279957, 0.0033208464738, 6.36634213151e-05], [-0.000282159948256, 0.00480093760416, -0.00313208648004, 0.00506024388596, -0.00370749062859, 0.00352860125713, -0.00457776011899, 0.0115730818361, -0.00494188209996, 0.00391746684909, 0.000353426876245, 0.000221457696171, -0.00138335989323], [0.000810414727312, -0.00423166062683, 0.00192068633623, -0.0046850736253, 0.00461981026456, -0.00226457626559, 0.00389866065234, -0.00494188209996, 0.0120817581192, -0.003323065117, 0.00241530360654, -0.00128483888693, 0.00138409610372], [-0.00046389491763, 0.00278119137511, -0.00220760703087, 0.00322892167605, -0.00160383933689, 0.0014951423509, -0.00151905661914, 0.00391746684909, -0.003323065117, 0.0102044660598, -0.00425204634666, 0.00207572057843, -0.00122039241251], [5.71631680941e-05, -0.00358368526213, 0.00188306544442, -0.00241979560815, 0.00318195554428, 4.20606374973e-05, 0.000192099279957, 0.000353426876245, 0.00241530360654, -0.00425204634666, 0.0140624223277, -0.00334880081937, -0.000399457669118], [0.000761580420658, 0.00193399656564, -0.000797165965196, -0.000520939123817, -0.000838252773974, -0.00107984011993, 0.0033208464738, 0.000221457696171, -0.00128483888693, 0.00207572057843, -0.00334880081937, 0.0149493739009, -0.00335355149582], [0.000110961060273, 0.000672177586239, 0.000318528123898, 0.00031044712523, -0.00205151946284, 0.00387050933205, 6.36634213151e-05, -0.00138335989323, 0.00138409610372, -0.00122039241251, -0.000399457669118, -0.00335355149582, 0.0153383295983]]
    },
    "melbands": {
        "max": [0.0171084236354, 0.0281712766737, 0.0157074928284, 0.010135714896, 0.00987872295082, 0.00887447502464, 0.00808754470199, 0.00444352580234, 0.00477812811732, 0.00647367862985, 0.00450706947595, 0.00555173959583, 0.00248213391751, 0.00109823455568, 0.00155500124674, 0.00164955132641, 0.00185195996892, 0.00144455453847, 0.00114603887778, 0.000941182661336, 0.000702928518876, 0.000519170716871, 0.000393493421143, 0.000582075619604, 0.000358962250175, 0.000364213279681, 0.000323631102219, 0.000492481922265, 0.000207416873309, 0.000123049932881, 0.000125478545669, 0.000113864305604, 0.000113362060802, 7.18284863979e-05, 0.000109024447738, 0.000137106602779, 0.000178000511369, 0.000233317681705, 4.29952015111e-05, 6.81454257574e-05],
        "mean": [0.000525095150806, 0.000700279080775, 0.000363801955245, 0.000431694323197, 0.000846064998768, 0.000585187051911, 0.000209645295399, 9.10965100047e-05, 0.000160861163749, 0.000334109674441, 0.000161924544955, 0.000459444330772, 7.18132141628e-05, 3.41473642038e-05, 3.58510878868e-05, 5.19669702044e-05, 3.14356948365e-05, 5.98320984864e-05, 3.35947297572e-05, 2.6145744414e-05, 2.62482753897e-05, 1.87939658645e-05, 1.92217703443e-05, 2.9191842259e-05, 3.67621760233e-05, 2.51642613875e-05, 2.50295015576e-05, 2.84353809548e-05, 1.12608668132e-05, 3.30948864757e-06, 1.96724909074e-06, 1.42131329994e-06, 1.34649155825e-06, 1.16876435641e-06, 1.1463332612e-06, 1.44803527746e-06, 1.44935359003e-06, 1.25536575979e-06, 5.79867560191e-07, 3.82093702456e-07],
        "min": [8.06678826848e-07, 1.51963695316e-06, 5.42004272575e-07, 1.84355229749e-07, 4.51875138197e-07, 5.70328154481e-07, 6.07997151292e-07, 4.4263839527e-07, 3.32745088372e-07, 7.47821673031e-07, 8.67935966653e-07, 4.24116450404e-07, 3.36648241728e-07, 1.83173213486e-07, 1.18288618012e-07, 2.74312412785e-07, 1.46085426422e-07, 1.11819574045e-07, 8.69418173011e-08, 1.42493973954e-07, 1.1637945363e-07, 1.03542944885e-07, 1.13013236103e-07, 5.36678719243e-08, 5.70024241142e-08, 4.08302263111e-08, 2.77662781656e-08, 3.33790062257e-08, 2.30830607961e-08, 1.45029916965e-08, 1.02479260633e-08, 1.12487725801e-08, 1.67967728615e-09, 2.01168681713e-09, 1.04010411395e-09, 1.98054972422e-09, 2.57589238828e-09, 1.86556703419e-09, 1.58453383747e-09, 1.03210073821e-09],
        "stdev": [0.00121211726218, 0.0017720006872, 0.000802218099125, 0.000747523328755, 0.00123927195091, 0.000964409962762, 0.000538836058695, 0.000231590151088, 0.000418772775447, 0.000868457136676, 0.000281135289697, 0.000929705565795, 0.000159863076988, 8.45665490488e-05, 0.00011616179836, 0.000167988604517, 0.000126416241983, 0.000145370897371, 7.71660197643e-05, 7.00378368492e-05, 4.60609553556e-05, 4.32766901213e-05, 3.40463193425e-05, 4.61329000245e-05, 5.72694843868e-05, 4.20612996095e-05, 3.80711135222e-05, 4.56841880805e-05, 2.21788650379e-05, 8.85675945028e-06, 7.87954377302e-06, 6.18007106823e-06, 6.82779909766e-06, 5.22902337252e-06, 5.38465565114e-06, 7.83927043813e-06, 9.23272182263e-06, 9.24378036871e-06, 2.98911277241e-06, 2.54996257354e-06]
    },
    "melbands128": {
        "max": [0.000729247403797, 0.0143380872905, 0.0317604057491, 0.0408878773451, 0.0409720763564, 0.0225381087512, 0.0198336914182, 0.0139693189412, 0.00951019302011, 0.00777176721022, 0.0151493344456, 0.0154898501933, 0.0182512197644, 0.0192769654095, 0.015278599225, 0.0091129783541, 0.0144659616053, 0.0143430698663, 0.0119667444378, 0.00624315347522, 0.00460375845432, 0.003906740807, 0.00795377697796, 0.00722442055121, 0.0134629588574, 0.0107609126717, 0.00380839640275, 0.00555031467229, 0.0133909573779, 0.00981529615819, 0.00721271568909, 0.00363694922999, 0.00426006363705, 0.00257517909631, 0.0028101184871, 0.000420595548349, 0.00301425834186, 0.00218870979734, 0.00396940018982, 0.00266801170073, 0.00336311687715, 0.00283611705527, 0.00393391307443, 0.0016432715347, 0.00192545016762, 0.00278027215973, 0.00387676735409, 0.00213984400034, 0.00146891421173, 0.00160100287758, 0.00204594060779, 0.000846699229442, 0.00181098619942, 0.000716454349458, 0.00136691296939, 0.000905453169253, 0.000510537007358, 0.000676686002407, 0.000797694141511, 0.00165029987693, 0.00073673092993, 0.000877542013768, 0.00106282893103, 0.00033532679663, 0.000485486671096, 0.000502898590639, 0.000916512741242, 0.000828010146506, 0.000471150444355, 0.00074599229265, 0.000905910390429, 0.000852827797644, 0.000636223878246, 0.000217491251533, 0.000414151727455, 0.000232998849242, 8.38395717437e-05, 0.000258596992353, 0.000156679307111, 0.000135234018671, 6.68125430821e-05, 0.000164502780535, 0.000119173011626, 0.000119463802548, 0.000103554666566, 0.000136519272928, 6.59374854877e-05, 7.70590704633e-05, 0.000154800887685, 8.45121394377e-05, 0.000159023475135, 0.000212943297811, 0.0001743833418, 0.000196790715563, 0.000209227684536, 0.000383920327295, 0.000218230314204, 6.40299986117e-05, 4.17748960899e-05, 3.56216150976e-05, 0.000178833986865, 4.51497580798e-05, 3.23234271491e-05, 8.82504082256e-06, 7.35006187824e-06, 2.72910779131e-06, 6.94202526574e-07, 2.84168244491e-08, 2.21541074374e-09, 2.23685092671e-09, 2.22085816404e-09, 2.19218021513e-09, 2.15962447925e-09, 2.11216200086e-09, 2.05772909823e-09, 2.02428096507e-09, 1.98530503148e-09, 1.9404351459e-09, 1.90356375107e-09, 1.85262483132e-09, 1.82093928824e-09, 1.78440717757e-09, 1.76179548728e-09, 1.73703074147e-09, 1.71914871228e-09, 1.69993641386e-09, 1.68823566238e-09, 1.68072133988e-09],
        "mean": [2.42455007538e-05, 0.000315145938657, 0.00079215405276, 0.000827774230856, 0.000764636904933, 0.000554636004381, 0.000402329722419, 0.000315093464451, 0.000276648381259, 0.000383959239116, 0.000531010737177, 0.000750147912186, 0.000953441835009, 0.000949882436544, 0.000732206914108, 0.000275953119854, 0.000217100212467, 0.000232350794249, 0.000159386603627, 7.9474724771e-05, 6.36655677226e-05, 8.78288046806e-05, 0.000126265062136, 0.000242806578171, 0.000536323699635, 0.00030403691926, 7.72782077547e-05, 9.36299766181e-05, 0.000166809870279, 0.000791891885456, 0.00044975549099, 4.40752737632e-05, 6.56701377011e-05, 8.14741215436e-05, 3.48163302988e-05, 1.96112687263e-05, 3.13352647936e-05, 2.19810572162e-05, 5.59394065931e-05, 5.26460426045e-05, 6.13585216342e-05, 3.05664725602e-05, 3.6150093365e-05, 2.48827327596e-05, 2.69712800218e-05, 7.77612440288e-05, 9.42149999901e-05, 2.20039310079e-05, 1.43807774293e-05, 2.19566863962e-05, 2.89576764771e-05, 2.67024934146e-05, 3.29781796609e-05, 2.11587830563e-05, 2.46205836447e-05, 1.77049405465e-05, 1.20672193589e-05, 2.50597095146e-05, 1.74791930476e-05, 1.77749425347e-05, 1.55826692207e-05, 4.28589955845e-05, 7.65375443734e-05, 1.66188801813e-05, 1.16218152471e-05, 2.23733568419e-05, 4.36933769379e-05, 1.37579982038e-05, 1.70633866219e-05, 4.33010864072e-05, 3.39613034157e-05, 1.93134364963e-05, 1.49927873281e-05, 1.02838012026e-05, 5.98675296715e-06, 3.36039829563e-06, 2.04609182219e-06, 2.15732143261e-06, 2.18434502131e-06, 1.54352710524e-06, 1.34634649385e-06, 1.41654231811e-06, 1.41486100347e-06, 1.32682532694e-06, 1.28811439026e-06, 1.3313274394e-06, 1.03905972537e-06, 1.03595561995e-06, 1.19844594337e-06, 1.14528188533e-06, 1.34772460569e-06, 1.6448794895e-06, 1.41081432048e-06, 1.43074066727e-06, 1.47255332195e-06, 1.5129357962e-06, 1.31068520659e-06, 7.15032285825e-07, 5.3785589671e-07, 5.09205790422e-07, 5.46035323623e-07, 3.55474554681e-07, 2.16096850636e-07, 1.20975087725e-07, 8.80599344555e-08, 6.53392504546e-08, 1.19225820328e-08, 2.71799027729e-10, 9.09026326434e-12, 8.50455122992e-12, 8.19343291131e-12, 7.90680802082e-12, 7.64105272111e-12, 7.38783166587e-12, 7.14780361635e-12, 6.94048030853e-12, 6.74734703873e-12, 6.5609497002e-12, 6.40437225821e-12, 6.23927602292e-12, 6.09314421834e-12, 5.97210735725e-12, 5.86687946488e-12, 5.76904843341e-12, 5.65315285903e-12, 5.51027929882e-12, 5.42429686237e-12, 5.39001742544e-12],
        "min": [2.86170614983e-10, 7.01463997999e-09, 4.7593911745e-07, 7.29685098122e-07, 1.42494718602e-06, 3.73733456627e-07, 3.69551088397e-07, 1.29170885543e-07, 5.23127070551e-08, 1.00308412243e-07, 1.83808694487e-07, 7.86165443856e-08, 1.24826314618e-07, 3.30007452476e-07, 9.82686572115e-08, 6.00177898491e-08, 6.70624018539e-08, 1.20455013075e-07, 1.93444193997e-07, 1.61587067282e-07, 8.58199626919e-08, 2.04306005003e-07, 3.72220085865e-08, 1.15393241629e-07, 1.78624134151e-07, 1.5725352398e-07, 2.75485092516e-07, 1.62729563158e-07, 2.58770199935e-07, 2.53874844702e-07, 1.76466926405e-07, 1.027710681e-07, 1.40372478086e-07, 1.75526807311e-07, 9.77711209771e-08, 6.65508181896e-08, 2.72740763307e-08, 4.01994491028e-08, 9.84689449979e-08, 1.40446303476e-07, 1.37541206868e-07, 3.35031025145e-08, 5.7925419128e-08, 5.35688151615e-08, 5.31269535031e-08, 8.42356087105e-08, 2.27830501132e-08, 5.87421524756e-08, 7.10054095521e-08, 8.08171165545e-08, 7.82630635854e-08, 4.42958061342e-08, 4.72142964725e-08, 2.87832282453e-08, 4.51972859139e-08, 4.19144932096e-08, 3.38522561094e-08, 5.33083159837e-08, 5.33710817763e-08, 4.54672637318e-08, 5.07886852574e-08, 2.1478472334e-08, 1.00212957932e-08, 4.48347918791e-08, 3.07980165815e-08, 1.83954202981e-08, 3.02813809583e-08, 1.44250318357e-08, 1.75588414919e-08, 1.90836786373e-08, 1.2198017707e-08, 8.16412271121e-09, 1.63916951124e-08, 1.21627294902e-08, 1.36314071142e-08, 7.6662436399e-09, 5.15580644844e-09, 4.21832702102e-09, 5.85865400637e-09, 8.34944824391e-09, 5.36433475418e-09, 2.74456857241e-09, 1.04732345019e-09, 1.24706700522e-09, 1.52183698976e-09, 2.23527751864e-09, 9.96052351709e-10, 1.4226382572e-10, 4.74675299067e-10, 1.80784373582e-10, 8.65834015595e-10, 1.24745247465e-09, 1.58044477505e-09, 1.56199231327e-09, 1.04605435425e-09, 6.56664500553e-10, 1.61950397537e-09, 1.25337451529e-09, 1.20587451136e-09, 8.30865931611e-10, 5.4184107201e-10, 1.06981445924e-09, 8.64419091862e-10, 2.80648785461e-11, 2.08957313258e-11, 2.29032903754e-11, 1.47680565693e-12, 1.71412390575e-13, 6.62576547447e-14, 9.4695173198e-14, 6.89357831886e-14, 6.66019634734e-14, 1.01488228357e-13, 8.69535834395e-14, 7.05726032084e-14, 7.18853619751e-14, 9.1526260312e-14, 8.76773290472e-14, 9.81031052292e-14, 9.6939803732e-14, 9.26482266015e-14, 9.67970956211e-14, 9.11727426412e-14, 8.96114508552e-14, 7.53101194687e-14, 2.3078415535e-14, 3.9586576069e-15, 1.3649819478e-16],
        "stdev": [5.15754509252e-05, 0.000791539205238, 0.00196615396999, 0.00222972477786, 0.00237619061954, 0.00152261636686, 0.000977993360721, 0.000767644145526, 0.00072995928349, 0.000720088894013, 0.00118532287888, 0.001550441375, 0.00186340720393, 0.00176663300954, 0.00153512856923, 0.000611930561718, 0.000734951347113, 0.000788922130596, 0.00054743885994, 0.00029797849129, 0.000234666222241, 0.000319062004564, 0.000535533763468, 0.000833203550428, 0.00176474102773, 0.000921881233808, 0.000252169411397, 0.000304402085021, 0.00053432880668, 0.00166749185883, 0.00101503368933, 0.000151574917254, 0.00024669978302, 0.000230925448705, 0.000156823851285, 4.16455077357e-05, 0.000136023460072, 0.000107703475805, 0.000265476148343, 0.000181119437912, 0.000285308924504, 0.000154496956384, 0.000245193397859, 0.0001115145933, 0.000100540346466, 0.000266597460723, 0.000243565693381, 0.000101208366686, 7.0839705586e-05, 9.56331277848e-05, 0.000118254160043, 7.86508753663e-05, 8.32120058476e-05, 5.70737684029e-05, 8.22259025881e-05, 6.39277859591e-05, 3.49260953953e-05, 4.76155219076e-05, 4.62403913843e-05, 7.20322786947e-05, 4.39869800175e-05, 8.50344003993e-05, 0.000150697291247, 3.84192462661e-05, 3.19039500027e-05, 4.55088847957e-05, 9.46494255913e-05, 4.4935317419e-05, 4.6686596761e-05, 7.86910313764e-05, 6.47776323603e-05, 6.34186362731e-05, 3.72100148525e-05, 2.16269982047e-05, 2.18774894165e-05, 1.14610011224e-05, 4.89107833346e-06, 1.02794692793e-05, 1.08214462671e-05, 6.68430857331e-06, 5.39726715942e-06, 7.10279891791e-06, 7.64858214097e-06, 6.99350084687e-06, 6.45433374302e-06, 7.08951120032e-06, 4.43244107373e-06, 4.24223708251e-06, 6.39411337033e-06, 5.74400701225e-06, 7.44537874198e-06, 9.55357882049e-06, 8.69854829944e-06, 9.31268004933e-06, 1.07983942144e-05, 1.2978279301e-05, 9.74359500105e-06, 3.92807851313e-06, 2.65243511421e-06, 2.63890206043e-06, 5.28697228219e-06, 2.1489320261e-06, 1.25739143186e-06, 5.05734419676e-07, 3.23396534441e-07, 1.98103464299e-07, 3.7473800063e-08, 1.32442867784e-09, 9.33159105543e-11, 9.06498764941e-11, 8.82023343252e-11, 8.58736554088e-11, 8.37101915563e-11, 8.15226913753e-11, 7.91979815062e-11, 7.72912983615e-11, 7.54867279795e-11, 7.35871433233e-11, 7.2034649079e-11, 7.02652311335e-11, 6.8870305292e-11, 6.75401332084e-11, 6.64621829793e-11, 6.55130186211e-11, 6.47690512334e-11, 6.40318562062e-11, 6.35441768648e-11, 6.32356320085e-11]
    },
    "mfcc": {
        "mean": [-656.041381836, 125.724998474, -17.7291870117, 33.1490364075, 2.13516259193, -8.38353443146, 9.49125099182, 1.01380383968, -2.33532214165, 6.13690900803, -11.7780170441, -4.83907365799, -5.29039096832],
        "cov": [[1957.08093262, -521.612548828, -76.1318588257, 59.2350730896, -72.369468689, 1.84968245029, -24.3055114746, -109.334327698, -132.663208008, 80.2525253296, -121.400856018, 21.2045402527, -15.5038814545], [-521.612548828, 754.892333984, -17.8750171661, -13.407078743, -7.07269048691, 6.35269737244, 6.79292917252, -74.7805328369, -62.6333312988, 7.96174192429, 67.4542541504, 21.8138332367, -4.10936832428], [-76.1318588257, -17.8750171661, 1462.7755127, -212.944335938, 152.251953125, 258.017730713, -579.484069824, -129.698379517, -166.740341187, -201.736221313, 184.24357605, 381.095489502, -3.05010890961], [59.2350730896, -13.407078743, -212.944335938, 428.716888428, 105.584121704, -99.6419754028, 56.4578971863, -8.77797412872, 36.4392166138, -7.05236959457, -123.101303101, 8.65533161163, 18.648607254], [-72.369468689, -7.07269048691, 152.251953125, 105.584121704, 176.279266357, 11.6515846252, -89.7772903442, 26.7591514587, 7.67723894119, -44.5425758362, -27.6270065308, 51.6605529785, 12.1675491333], [1.84968245029, 6.35269737244, 258.017730713, -99.6419754028, 11.6515846252, 269.608154297, -72.0256195068, -24.7940597534, -59.1098899841, -26.8575172424, 65.3334121704, 54.0416221619, 10.6909599304], [-24.3055114746, 6.79292917252, -579.484069824, 56.4578971863, -89.7772903442, -72.0256195068, 447.80581665, 74.1332626343, 83.2989578247, 114.869483948, -69.1838150024, -192.244171143, -18.2965068817], [-109.334327698, -74.7805328369, -129.698379517, -8.77797412872, 26.7591514587, -24.7940597534, 74.1332626343, 247.805908203, 83.7383880615, 24.6967792511, -8.19874763489, -103.542915344, -9.11384868622], [-132.663208008, -62.6333312988, -166.740341187, 36.4392166138, 7.67723894119, -59.1098899841, 83.2989578247, 83.7383880615, 166.573852539, 35.5673980713, -8.41955852509, -78.2074890137, -11.9536066055], [80.2525253296, 7.96174192429, -201.736221313, -7.05236959457, -44.5425758362, -26.8575172424, 114.869483948, 24.6967792511, 35.5673980713, 148.978118896, -0.258381903172, -94.3101882935, -15.8596258163], [-121.400856018, 67.4542541504, 184.24357605, -123.101303101, -27.6270065308, 65.3334121704, -69.1838150024, -8.19874763489, -8.41955852509, -0.258381903172, 160.213485718, 29.3185634613, -13.8727874756], [21.2045402527, 21.8138332367, 381.095489502, 8.65533161163, 51.6605529785, 54.0416221619, -192.244171143, -103.542915344, -78.2074890137, -94.3101882935, 29.3185634613, 271.061462402, 25.2396869659], [-15.5038814545, -4.10936832428, -3.05010890961, 18.648607254, 12.1675491333, 10.6909599304, -18.2965068817, -9.11384868622, -11.9536066055, -15.8596258163, -13.8727874756, 25.2396869659, 79.582244873]],
        "icov": [[0.000853918900248, 0.000669604400173, 0.000124436948681, -0.000141117343446, 0.000301879015751, -7.62859781389e-05, 0.000274691585219, 0.000253826263361, 0.00093857513275, -0.000770014361478, 0.000433272332884, -0.000122620782349, 0.000397028168663], [0.000669604400173, 0.00204697274603, 0.000328854483087, -0.000131236956804, -0.00024228093389, 0.000107049316284, 4.81042552565e-05, 0.000611158146057, 0.00143534573726, -0.000612823991105, -0.000732872111257, -0.000139288822538, 0.000393106951378], [0.000124436948681, 0.000328854483087, 0.00235852133483, 0.000739761977457, -0.00129334989469, -0.000847210816573, 0.00159838143736, 0.000160116222105, 0.000558991800062, 0.000403450016165, -0.000973040587269, -0.00146242009941, 0.00111419451423], [-0.000141117343446, -0.000131236956804, 0.000739761977457, 0.00415417039767, -0.00288248457946, 0.000642167869955, -0.000244829629082, 0.000742307747714, -0.000604337372351, 0.000169630147866, 0.00158784596715, -0.000898435886484, -9.1437716037e-05], [0.000301879015751, -0.00024228093389, -0.00129334989469, -0.00288248457946, 0.0101285614073, -0.000731987296604, 0.00132322637364, -0.0019589450676, -0.000925625790842, 0.000329872476868, 0.0020402148366, -2.2886415536e-05, -0.000408569641877], [-7.62859781389e-05, 0.000107049316284, -0.000847210816573, 0.000642167869955, -0.000731987296604, 0.00513846985996, -0.000878266815562, 5.08661178173e-05, 0.00124600762501, 7.45860525058e-05, -0.00131912494544, 0.00030945087201, -0.00109283102211], [0.000274691585219, 4.81042552565e-05, 0.00159838143736, -0.000244829629082, 0.00132322637364, -0.000878266815562, 0.00536654237658, -0.000310968491249, -0.000331795949023, -0.00127913081087, 0.00100268737879, 0.000606253335718, 0.000966259685811], [0.000253826263361, 0.000611158146057, 0.000160116222105, 0.000742307747714, -0.0019589450676, 5.08661178173e-05, -0.000310968491249, 0.00598389143124, -0.00154456007294, 0.000251124205533, -0.000269373937044, 0.00177899037953, 2.6539526516e-05], [0.00093857513275, 0.00143534573726, 0.000558991800062, -0.000604337372351, -0.000925625790842, 0.00124600762501, -0.000331795949023, -0.00154456007294, 0.00998196564615, -0.00126809778158, -0.00140585808549, 0.000650839705486, 0.000936109747272], [-0.000770014361478, -0.000612823991105, 0.000403450016165, 0.000169630147866, 0.000329872476868, 7.45860525058e-05, -0.00127913081087, 0.000251124205533, -0.00126809778158, 0.0104017900303, -0.00155547633767, 0.00202874606475, 0.00043616592302], [0.000433272332884, -0.000732872111257, -0.000973040587269, 0.00158784596715, 0.0020402148366, -0.00131912494544, 0.00100268737879, -0.000269373937044, -0.00140585808549, -0.00155547633767, 0.0106189949438, -0.000377841759473, 0.00115192809608], [-0.000122620782349, -0.000139288822538, -0.00146242009941, -0.000898435886484, -2.2886415536e-05, 0.00030945087201, 0.000606253335718, 0.00177899037953, 0.000650839705486, 0.00202874606475, -0.000377841759473, 0.00793529767543, -0.00165205996018], [0.000397028168663, 0.000393106951378, 0.00111419451423, -9.1437716037e-05, -0.000408569641877, -0.00109283102211, 0.000966259685811, 2.6539526516e-05, 0.000936109747272, 0.00043616592302, 0.00115192809608, -0.00165205996018, 0.0141141470522]]
    },
    "spectral_contrast_coeffs": {
        "max": [-0.451606363058, -0.410750091076, -0.463578253984, -0.606386840343, -0.614502966404, -0.568563222885],
        "mean": [-0.713087141514, -0.73218524456, -0.725992202759, -0.771138370037, -0.762961566448, -0.779182553291],
        "min": [-0.891226768494, -0.910904586315, -0.894117951393, -0.9162145257, -0.888732910156, -0.863519847393],
        "stdev": [0.0756537467241, 0.0869118273258, 0.0917833074927, 0.0619527250528, 0.0589599572122, 0.0345256142318]
    },
    "spectral_contrast_valleys": {
        "max": [-5.11903429031, -5.08682918549, -5.76326465607, -6.14919614792, -5.52543449402, -7.49466753006],
        "mean": [-6.80756235123, -7.03012514114, -7.60170602798, -7.79325056076, -7.45321273804, -10.5848560333],
        "min": [-9.33265972137, -8.83051681519, -9.93712329865, -9.76818752289, -9.40138435364, -12.5501003265],
        "stdev": [0.624928355217, 0.561805725098, 0.565763533115, 0.510837614536, 0.604967653751, 0.767920076847]
    }
},
"rhythm": {
    "beats_count": 66,
    "beats_loudness": {
        "max": 0.0772385895252,
        "mean": 0.0274977609515,
        "min": 0.00521266972646,
        "stdev": 0.0135709606111
    },
    "bpm": 123.850624084,
    "bpm_histogram_first_peak_bpm": 123,
    "bpm_histogram_first_peak_weight": 0.359375,
    "bpm_histogram_second_peak_bpm": 129,
    "bpm_histogram_second_peak_spread": 0,
    "bpm_histogram_second_peak_weight": 0.0153846153989,
    "danceability": 1.13671529293,
    "onset_rate": 2.43017554283,
    "beats_loudness_band_ratio": {
        "max": [0.934345304966, 0.772265911102, 0.756121993065, 0.739313602448, 0.444569587708, 0.65695387125],
        "mean": [0.209614157677, 0.235939785838, 0.193016320467, 0.174137547612, 0.128703713417, 0.0885443389416],
        "min": [0.0114561561495, 0.00673462403938, 0.00539115723222, 0.00315285357647, 0.00708188861609, 0.00491739856079],
        "stdev": [0.228548869491, 0.230706393719, 0.204624459147, 0.209184661508, 0.107960566878, 0.102138720453]
    },
    "beats_position": [0.49922901392, 0.99845802784, 1.48607707024, 1.97369611263, 2.46131515503, 2.94893407822, 3.42494320869, 3.90095233917, 4.3653512001, 4.841360569, 5.34058952332, 5.83981847763, 6.32743740082, 6.81505680084, 7.2910656929, 7.76707458496, 8.24308395386, 8.73070240021, 9.21832180023, 9.70594120026, 10.1819496155, 10.6579589844, 11.1455783844, 11.6215867996, 12.1092061996, 12.5852155685, 13.0728340149, 13.5604534149, 14.0480718613, 14.5356912613, 15.0233106613, 15.5109291077, 15.9985485077, 16.4861679077, 16.9737873077, 17.4614048004, 17.9374141693, 18.4134235382, 18.8894329071, 19.3770523071, 19.853061676, 20.3406791687, 20.8282985687, 21.3159179688, 21.8035373688, 22.2795467377, 22.7555541992, 23.2315635681, 23.707572937, 24.195192337, 24.6828117371, 25.1704311371, 25.6580486298, 26.1456680298, 26.6332874298, 27.1209068298, 27.6085262299, 28.0961437225, 28.5837631226, 29.0597724915, 29.5473918915, 30.0234012604, 30.5110206604, 30.9986381531, 31.4862575531, 31.9738769531],
