{
"metadata": {
    "version": {
        "essentia": "2.1-beta5",
        "essentia_git_sha": "Undefined",
        "extractor": "music 2.0"
    },
    "audio_properties": {
        "analysis": {
            "equal_loudness": 0,
            "length": 32.4963264465,
            "sample_rate": 44100,
            "start_time": 29.0017242432,
            "downmix": "mix"
        },
        "bit_rate": 192000,
        "length": 183.135787964,
        "lossless": 0,
        "number_channels": 2,
        "replay_gain": -6.4836063385,
        "sample_rate": 44100,
        "codec": "mp3",
        "md5_encoded": "25b01479613f8fbb12032b4c493b4cbd"
    },
    "tags": {
        "file_name": "Russia_Northern Girl_Prime minister.mp3",
        "encoding": ["Lavf58.29.100"]
    }
},
"lowlevel": {
    "average_loudness": 0.978343546391,
    "barkbands_crest": {
        "max": 22.9173641205,
        "mean": 7.94501209259,
        "min": 2.29776072502,
        "stdev": 3.57642912865
    },
    "barkbands_flatness_db": {
        "max": 0.33027997613,
        "mean": 0.140648290515,
        "min": 0.0376719720662,
        "stdev": 0.032342877239
    },
    "barkbands_kurtosis": {
        "max": 91.384262085,
        "mean": 1.39937412739,
        "min": -1.89440441132,
        "stdev": 4.8908905983
    },
    "barkbands_skewness": {
        "max": 7.6682806015,
        "mean": 0.794526219368,
        "min": -3.40664029121,
        "stdev": 1.14371740818
    },
    "barkbands_spread": {
        "max": 89.8480529785,
        "mean": 28.1893939972,
        "min": 1.63271057606,
        "stdev": 11.8039588928
    },
    "dissonance": {
        "max": 0.500000119209,
        "mean": 0.475227177143,
        "min": 0.36471965909,
        "stdev": 0.0197351127863
    },
    "dynamic_complexity": 2.43986177444,
    "erbbands_crest": {
        "max": 22.3694534302,
        "mean": 7.75021123886,
        "min": 2.77537870407,
        "stdev": 3.37878799438
    },
    "erbbands_flatness_db": {
        "max": 0.262024343014,
        "mean": 0.17223520577,
        "min": 0.0926663652062,
        "stdev": 0.0314900577068
    },
    "erbbands_kurtosis": {
        "max": 24.2082176208,
        "mean": 0.317607074976,
        "min": -1.7273170948,
        "stdev": 1.80916237831
    },
    "erbbands_skewness": {
        "max": 3.24154472351,
        "mean": 0.0169039536268,
        "min": -4.36161136627,
        "stdev": 0.693595468998
    },
    "erbbands_spread": {
        "max": 118.21472168,
        "mean": 39.1971435547,
        "min": 7.94920682907,
        "stdev": 20.6802196503
    },
    "hfc": {
        "max": 532.459289551,
        "mean": 28.9522075653,
        "min": 1.20968735218,
        "stdev": 28.1573982239
    },
    "loudness_ebu128": {
        "integrated": -16.6022281647,
        "loudness_range": 1.62133979797,
        "momentary": {
            "max": -13.1056604385,
            "mean": -16.9167499542,
            "min": -24.7601108551,
            "stdev": 1.83231639862
        },
        "short_term": {
            "max": -15.6242189407,
            "mean": -16.5201511383,
            "min": -19.1414375305,
            "stdev": 0.663977563381
        }
    },
    "melbands_crest": {
        "max": 28.4688663483,
        "mean": 11.3910913467,
        "min": 2.4933013916,
        "stdev": 5.06244325638
    },
    "melbands_flatness_db": {
        "max": 0.366069346666,
        "mean": 0.133888170123,
        "min": 0.0280972644687,
        "stdev": 0.0496591851115
    },
    "melbands_kurtosis": {
        "max": 127.259155273,
        "mean": 7.78023386002,
        "min": -1.87760877609,
        "stdev": 13.8521690369
    },
    "melbands_skewness": {
        "max": 9.69134044647,
        "mean": 1.91425645351,
        "min": -0.656607091427,
        "stdev": 1.63331103325
    },
    "melbands_spread": {
        "max": 239.133453369,
        "mean": 39.8045806885,
        "min": 1.65863788128,
        "stdev": 28.1315879822
    },
    "pitch_salience": {
        "max": 0.870739042759,
        "mean": 0.605503499508,
        "min": 0.194919273257,
        "stdev": 0.100392363966
    },
    "silence_rate_20dB": {
        "max": 1,
        "mean": 1,
        "min": 1,
        "stdev": 0
    },
    "silence_rate_30dB": {
        "max": 1,
        "mean": 0.998572468758,
        "min": 0,
        "stdev": 0.0377558432519
    },
    "silence_rate_60dB": {
        "max": 1,
        "mean": 0.0242683794349,
        "min": 0,
        "stdev": 0.153881028295
    },
    "spectral_centroid": {
        "max": 5444.79296875,
        "mean": 1765.31494141,
        "min": 259.874328613,
        "stdev": 688.079162598
    },
    "spectral_complexity": {
        "max": 56,
        "mean": 24.33618927,
        "min": 1,
        "stdev": 10.931438446
    },
    "spectral_decrease": {
        "max": -2.05668398978e-10,
        "mean": -5.91906168523e-09,
        "min": -3.55015430387e-08,
        "stdev": 4.59732918401e-09
    },
    "spectral_energy": {
        "max": 0.138384476304,
        "mean": 0.0249659717083,
        "min": 0.000908687652554,
        "stdev": 0.0185536053032
    },
    "spectral_energyband_high": {
        "max": 0.0693470463157,
        "mean": 0.00147043867037,
        "min": 3.46570086549e-05,
        "stdev": 0.00322112836875
    },
    "spectral_energyband_low": {
        "max": 0.0869570821524,
        "mean": 0.00518716312945,
        "min": 2.02194974008e-06,
        "stdev": 0.00989258103073
    },
    "spectral_energyband_middle_high": {
        "max": 0.0524720661342,
        "mean": 0.00859405379742,
        "min": 0.000204015144845,
        "stdev": 0.00804867874831
    },
    "spectral_energyband_middle_low": {
        "max": 0.117391638458,
        "mean": 0.0106033878401,
        "min": 8.79102663021e-05,
        "stdev": 0.0115317776799
    },
    "spectral_entropy": {
        "max": 8.74186515808,
        "mean": 7.87177944183,
        "min": 6.20454978943,
        "stdev": 0.262186467648
    },
    "spectral_flux": {
        "max": 0.309423297644,
        "mean": 0.0933683589101,
        "min": 0.0191752891988,
        "stdev": 0.0454978980124
    },
    "spectral_kurtosis": {
        "max": 11.0485973358,
        "mean": 2.36628007889,
        "min": -1.17962121964,
        "stdev": 1.69293320179
    },
    "spectral_rms": {
        "max": 0.011619348079,
        "mean": 0.00462374323979,
        "min": 0.000941554317251,
        "stdev": 0.00172569602728
    },
    "spectral_rolloff": {
        "max": 9496.14257812,
        "mean": 2289.77270508,
        "min": 129.19921875,
        "stdev": 1627.43200684
    },
    "spectral_skewness": {
        "max": 2.30574178696,
        "mean": 1.14415645599,
        "min": -0.437945753336,
        "stdev": 0.315823763609
    },
    "spectral_spread": {
        "max": 13228572,
        "mean": 4510176,
        "min": 2274726.5,
        "stdev": 1258811
    },
    "spectral_strongpeak": {
        "max": 15.5574140549,
        "mean": 1.19882535934,
        "min": 0.0193496532738,
        "stdev": 1.54006874561
    },
    "zerocrossingrate": {
        "max": 0.35107421875,
        "mean": 0.0852530002594,
        "min": 0.013671875,
        "stdev": 0.0417949669063
    },
    "barkbands": {
        "max": [0.000742300122511, 0.0411531515419, 0.0646200180054, 0.0441154204309, 0.101914063096, 0.0188376065344, 0.0343482531607, 0.0199040230364, 0.0173887107521, 0.015865502879, 0.0143246408552, 0.0113949971274, 0.0292669981718, 0.0172627568245, 0.0183653850108, 0.0180607158691, 0.00915103591979, 0.0177865903825, 0.00821773149073, 0.0036955436226, 0.00469090463594, 0.0171401798725, 0.0301753263921, 0.0316221117973, 0.00500425091013, 4.75789875054e-06, 7.10401423021e-07],
        "mean": [4.67091413157e-05, 0.00230478378944, 0.00209616101347, 0.0020285428036, 0.00355436466634, 0.00130369921681, 0.00100428843871, 0.00119131454267, 0.00127427710686, 0.000991926528513, 0.000730422965717, 0.000795020023361, 0.001471631811, 0.000957776268478, 0.00104466022458, 0.000751174346078, 0.000720984011423, 0.000521272711921, 0.000508288387209, 0.000330426642904, 0.000261717010289, 0.000335715682013, 0.00039701431524, 0.000261762645096, 8.19997585495e-05, 2.63713211268e-08, 1.82517767566e-09],
        "min": [2.67306266011e-09, 5.28941825451e-07, 6.76498245866e-07, 5.11824396199e-07, 1.14653312266e-06, 1.8807700144e-06, 3.88490980185e-06, 3.46940851159e-06, 1.16303699542e-05, 6.317610314e-06, 3.51296966983e-06, 4.96278880746e-06, 1.32162240334e-05, 8.94673939911e-06, 1.31493370645e-05, 1.0244774785e-05, 1.02605054053e-05, 8.66509071784e-06, 5.93328604737e-06, 5.49599735677e-06, 5.18620254297e-06, 7.00453711033e-06, 5.15796909895e-06, 1.79038966053e-06, 3.15994526545e-07, 3.12729321605e-11, 4.51089200715e-11],
        "stdev": [7.05630445736e-05, 0.00433502718806, 0.00651746382937, 0.00399672053754, 0.00673974165693, 0.00178172439337, 0.00207445188425, 0.0020167818293, 0.00194602564443, 0.00170314428397, 0.00130594021175, 0.00129645376001, 0.00295183691196, 0.00186974427197, 0.0018784259446, 0.0013385998318, 0.000881185755134, 0.000860827625729, 0.000700925185811, 0.000434113986557, 0.000315823301207, 0.000632828567177, 0.00123772048391, 0.00116762379184, 0.000228513483307, 1.87950917052e-07, 2.68205795351e-08]
    },
    "erbbands": {
        "max": [0.865182518959, 11.5377025604, 49.8309402466, 99.8721694946, 352.584289551, 330.306854248, 203.093933105, 164.732254028, 667.956787109, 398.18081665, 441.212432861, 482.240509033, 444.686187744, 1049.50500488, 993.109863281, 442.072753906, 1168.31152344, 874.303466797, 1136.56677246, 878.535461426, 474.202941895, 585.46270752, 898.606445312, 523.45690918, 295.043579102, 173.634674072, 204.26574707, 159.100067139, 612.063537598, 884.624328613, 748.485534668, 896.663208008, 305.674133301, 82.7038345337, 18.1999454498, 0.745542168617, 0.0264435317367, 0.00306412065402, 0.000788109959103, 0.000386150495615],
        "mean": [0.0472342781723, 0.59995007515, 2.25704789162, 4.5126209259, 10.7105264664, 12.0145692825, 9.44783496857, 11.4932699203, 14.013671875, 16.356716156, 28.7721767426, 32.1549720764, 26.4252872467, 33.5355148315, 34.5074615479, 33.5367851257, 62.3702392578, 53.8039054871, 61.3464393616, 48.7509078979, 39.6554450989, 36.5132255554, 31.5584659576, 25.8813457489, 24.3323459625, 15.5210075378, 10.9430866241, 10.4287576675, 11.5591468811, 12.8860216141, 10.731467247, 7.41404485703, 3.16243696213, 1.26544165611, 0.394015699625, 0.0209986455739, 0.00066584860906, 6.59024881315e-05, 2.62702360487e-05, 3.43400643033e-05],
        "min": [1.49885690917e-05, 0.000129809239297, 0.000746720645111, 0.00103464885615, 0.00200548185967, 0.00407009525225, 0.00402557523921, 0.0217285044491, 0.0511502437294, 0.145534411073, 0.19369661808, 0.257324129343, 0.306646823883, 0.226306676865, 0.272162526846, 0.583109557629, 0.600422680378, 0.701854288578, 0.612332701683, 0.4360255301, 0.549057304859, 0.60402494669, 0.61388105154, 0.387971907854, 0.303374528885, 0.299440473318, 0.305985659361, 0.213011875749, 0.260939270258, 0.186162829399, 0.104514084756, 0.0607185214758, 0.0252737700939, 0.0051217242144, 0.00102442794014, 4.87915676786e-05, 5.03548153574e-06, 8.4531001221e-07, 7.13934980467e-07, 1.20850222629e-06],
        "stdev": [0.0757778659463, 1.18417084217, 6.01318740845, 9.48049736023, 21.5873146057, 24.3957099915, 16.3338184357, 16.7482070923, 32.893321991, 28.6694011688, 47.2539787292, 47.7216873169, 42.0166358948, 63.4335899353, 66.7290878296, 47.6551170349, 116.607658386, 88.3167877197, 104.462654114, 85.4812469482, 57.371307373, 46.5777931213, 47.6283836365, 35.909034729, 33.4505577087, 19.155921936, 12.7381238937, 12.7053289413, 21.532377243, 33.712890625, 33.6656074524, 33.467666626, 12.6991071701, 3.86111187935, 0.971334576607, 0.049000095576, 0.00159419095144, 0.000163339645951, 3.81730424124e-05, 2.72194156423e-05]
    },
    "gfcc": {
        "mean": [11.5875062943, 94.2137832642, -156.536346436, 54.6481742859, -78.6511077881, 27.8499279022, -45.6598358154, 1.37553489208, -14.2127876282, -12.0468358994, -5.80926370621, -15.0453538895, -1.62252116203],
        "cov": [[1964.23425293, -77.9113235474, 27.4103088379, -46.2163658142, 62.4867401123, 69.0783691406, -25.3662586212, 112.711715698, -98.5056610107, 144.712768555, -13.2252054214, 38.7451705933, 20.9223442078], [-77.9113235474, 792.70501709, 22.166469574, 12.9219856262, 244.410049438, -39.3251266479, 129.600296021, -31.0637588501, 118.504096985, -32.2545585632, 105.033149719, -12.4518680573, 43.7938499451], [27.4103088379, 22.166469574, 692.589660645, 223.079818726, -94.5601348877, 69.1101303101, -155.531982422, -66.4881744385, 16.1677284241, -34.595993042, -65.3757476807, -21.3254737854, -65.9701080322], [-46.2163658142, 12.9219856262, 223.079818726, 278.291931152, 86.9113998413, 2.26446700096, -37.9851989746, -22.0892410278, 39.3277320862, -24.6242656708, -13.9887304306, -3.03032827377, -4.8613114357], [62.4867401123, 244.410049438, -94.5601348877, 86.9113998413, 255.168930054, 40.7572288513, 98.4797286987, 37.6278915405, 52.430896759, 12.8365859985, 48.8806800842, 17.20154953, 44.2375717163], [69.0783691406, -39.3251266479, 69.1101303101, 2.26446700096, 40.7572288513, 174.547790527, 84.4076538086, 14.0210895538, -20.3993701935, 14.6632585526, 4.39016485214, 8.12973880768, -4.31665468216], [-25.3662586212, 129.600296021, -155.531982422, -37.9851989746, 98.4797286987, 84.4076538086, 214.913864136, 60.2928390503, 9.13176441193, 23.3384590149, 60.148147583, 12.3029813766, 29.1204319], [112.711715698, -31.0637588501, -66.4881744385, -22.0892410278, 37.6278915405, 14.0210895538, 60.2928390503, 126.646629333, 27.3701114655, 44.9202156067, 13.4860696793, 30.3922653198, 23.0962295532], [-98.5056610107, 118.504096985, 16.1677284241, 39.3277320862, 52.430896759, -20.3993701935, 9.13176441193, 27.3701114655, 133.033935547, 7.92190694809, 21.3371353149, -1.87463307381, 12.3028821945], [144.712768555, -32.2545585632, -34.595993042, -24.6242656708, 12.8365859985, 14.6632585526, 23.3384590149, 44.9202156067, 7.92190694809, 94.1839141846, 29.7115459442, 26.0338134766, 15.1441240311], [-13.2252054214, 105.033149719, -65.3757476807, -13.9887304306, 48.8806800842, 4.39016485214, 60.148147583, 13.4860696793, 21.3371353149, 29.7115459442, 93.7877349854, 33.8765869141, 20.3764610291], [38.7451705933, -12.4518680573, -21.3254737854, -3.03032827377, 17.20154953, 8.12973880768, 12.3029813766, 30.3922653198, -1.87463307381, 26.0338134766, 33.8765869141, 74.0014419556, 34.627822876], [20.9223442078, 43.7938499451, -65.9701080322, -4.8613114357, 44.2375717163, -4.31665468216, 29.1204319, 23.0962295532, 12.3028821945, 15.1441240311, 20.3764610291, 34.627822876, 61.005821228]],
        "icov": [[0.000694647489581, -0.000226745891268, 1.71312403836e-05, 1.6331587176e-05, -0.000223537426791, -0.000398098403821, 0.00072904425906, -0.000783279305324, 0.000888598384336, -0.00103979778942, 0.000208983838093, 0.000239321379922, -9.9892851722e-05], [-0.000226745891268, 0.00723891239613, -0.00617164652795, 0.00754819856957, -0.00989650469273, 0.00872743222862, -0.0070314547047, 0.00532975839451, -0.00293369381689, 0.00288063287735, -0.00317353312857, 0.00146956637036, -0.00195633457042], [1.71312403836e-05, -0.00617164652795, 0.00898364186287, -0.0095793902874, 0.0106537146494, -0.0105628073215, 0.00825522840023, -0.00440839352086, 0.0012416212121, -0.00199296139181, 0.00224612164311, -0.00138767820317, 0.00291327247396], [1.6331587176e-05, 0.00754819856957, -0.0095793902874, 0.0155011247844, -0.0147715583444, 0.0113320769742, -0.00773427076638, 0.00622727209702, -0.00310069834813, 0.00323844118975, -0.00169087143149, 0.000304931018036, -0.0014872609172], [-0.000223537426791, -0.00989650469273, 0.0106537146494, -0.0147715583444, 0.0221868641675, -0.0145051497966, 0.0085718119517, -0.00762873468921, 0.00168450770434, -0.00271305860952, 0.00178050494287, -0.000358288350981, -0.000851347227581], [-0.000398098403821, 0.00872743222862, -0.0105628073215, 0.0113320769742, -0.0145051497966, 0.0216773543507, -0.0151725579053, 0.00817518588156, -0.00189105665777, 0.00168074539397, -2.86471276922e-05, -0.001568208565, 0.000415396760218], [0.00072904425906, -0.0070314547047, 0.00825522840023, -0.00773427076638, 0.0085718119517, -0.0151725579053, 0.0194834023714, -0.0102982912213, 0.00401953142136, -0.00127905153204, -0.00392018817365, 0.0039911181666, -0.00103152997326], [-0.000783279305324, 0.00532975839451, -0.00440839352086, 0.00622727209702, -0.00762873468921, 0.00817518588156, -0.0102982912213, 0.0179363451898, -0.00584967201576, -0.00229158462025, 0.00339096854441, -0.00543168606237, 0.000106321422209], [0.000888598384336, -0.00293369381689, 0.0012416212121, -0.00310069834813, 0.00168450770434, -0.00189105665777, 0.00401953142136, -0.00584967201576, 0.0120954867452, -0.00202726759017, -0.00170171190985, 0.00326949148439, -0.00138597842306], [-0.00103979778942, 0.00288063287735, -0.00199296139181, 0.00323844118975, -0.00271305860952, 0.00168074539397, -0.00127905153204, -0.00229158462025, -0.00202726759017, 0.0173581112176, -0.00637063058093, -0.000278433202766, -0.00165826291777], [0.000208983838093, -0.00317353312857, 0.00224612164311, -0.00169087143149, 0.00178050494287, -2.86471276922e-05, -0.00392018817365, 0.00339096854441, -0.00170171190985, -0.00637063058093, 0.0221398454159, -0.0113975061104, 0.00479411007836], [0.000239321379922, 0.00146956637036, -0.00138767820317, 0.000304931018036, -0.000358288350981, -0.001568208565, 0.0039911181666, -0.00543168606237, 0.00326949148439, -0.000278433202766, -0.0113975061104, 0.0272963326424, -0.0145903872326], [-9.9892851722e-05, -0.00195633457042, 0.00291327247396, -0.0014872609172, -0.000851347227581, 0.000415396760218, -0.00103152997326, 0.000106321422209, -0.00138597842306, -0.00165826291777, 0.00479411007836, -0.0145903872326, 0.0293328184634]]
    },
    "melbands": {
        "max": [0.00803163275123, 0.0180255994201, 0.0181174632162, 0.0255675222725, 0.0101595642045, 0.00468250038102, 0.00848184991628, 0.00434798793867, 0.00403682142496, 0.00320800114423, 0.00226539862342, 0.00417727790773, 0.00239063496701, 0.00188442226499, 0.00121709005907, 0.00359181012027, 0.00188040058129, 0.00175020215102, 0.00164121284615, 0.00187027384527, 0.000587705697399, 0.000503200106323, 0.000819033186417, 0.000867508759256, 0.000412270717788, 0.000300855434034, 0.000237539308728, 0.000118679723528, 0.000124623009469, 0.000123989477288, 9.29609886953e-05, 0.000301417574519, 0.000424004334491, 0.000547114002984, 0.000382325844839, 0.000514463230502, 0.000651587324683, 0.000253594451351, 0.000152616514242, 3.96384639316e-05],
        "mean": [0.000540832057595, 0.00104913522955, 0.00100395129994, 0.000846487237141, 0.000366187246982, 0.00025593189639, 0.000212610815652, 0.000188152713235, 0.000230342964642, 0.000199804431759, 0.000130401356728, 0.000136829752591, 0.000103765356471, 9.67534724623e-05, 8.45557442517e-05, 0.000165896228282, 8.90713272383e-05, 0.000100701960037, 7.2469789302e-05, 6.18185076746e-05, 4.33937675552e-05, 3.90378336306e-05, 3.30154798576e-05, 2.48634150921e-05, 2.03845338547e-05, 1.8845192244e-05, 1.50421628859e-05, 8.97954396351e-06, 6.80762377669e-06, 6.12691883362e-06, 6.00806015427e-06, 6.51652999295e-06, 6.60710020384e-06, 7.50431490815e-06, 6.24215135758e-06, 5.43962596566e-06, 4.23364463131e-06, 2.3502386739e-06, 1.55712677952e-06, 8.84324663275e-07],
        "min": [1.48609160533e-07, 3.34525481094e-07, 2.32841415482e-07, 1.94245771468e-07, 1.17125765087e-07, 5.55433985028e-07, 7.87639180544e-07, 1.55766781518e-06, 1.32061381919e-06, 1.70279417944e-06, 8.23208097245e-07, 7.01008218584e-07, 6.20228377102e-07, 5.59041211545e-07, 4.82170321447e-07, 1.3107412542e-06, 7.15993735412e-07, 9.59228259489e-07, 1.03953925645e-06, 3.09085095296e-07, 5.29458532128e-07, 5.38449910437e-07, 6.14409145783e-07, 3.41333389997e-07, 2.49453876222e-07, 1.81438352342e-07, 1.50894976514e-07, 1.88738098927e-07, 1.53432580419e-07, 1.127744369e-07, 1.21099603234e-07, 1.09745116106e-07, 9.20664433579e-08, 8.54932693528e-08, 5.57172228355e-08, 4.61308182764e-08, 2.46986253671e-08, 1.50346792793e-08, 6.74372158116e-09, 3.05610092788e-09],
        "stdev": [0.000942505837884, 0.00238124025054, 0.00186835287604, 0.00163711840287, 0.000650793197565, 0.000382076075766, 0.000454915105365, 0.000330929848133, 0.000372581853298, 0.000317517173244, 0.000215553081944, 0.000266611634288, 0.000186055156519, 0.000161234944244, 0.000135098671308, 0.000351999129634, 0.000160213705385, 0.000187653116882, 0.000141286465805, 0.000120265351143, 6.33080780972e-05, 5.10339232278e-05, 4.68911675853e-05, 4.3033669499e-05, 3.00953670376e-05, 2.84004327114e-05, 2.28842618526e-05, 1.15343937068e-05, 8.32841851661e-06, 8.08290315035e-06, 7.35132653062e-06, 1.11483332148e-05, 1.51694166561e-05, 2.12191007449e-05, 1.81150080607e-05, 2.14195151784e-05, 2.20196379814e-05, 9.75722377916e-06, 6.17071418674e-06, 2.22609719458e-06]
    },
    "melbands128": {
        "max": [0.000361666461686, 0.00581306451932, 0.0135538009927, 0.0242072790861, 0.0234350822866, 0.0378730557859, 0.023333678022, 0.0263693574816, 0.0443341992795, 0.0402504317462, 0.0247961208224, 0.0157269537449, 0.00890067126602, 0.00602616043761, 0.00617366749793, 0.0065464512445, 0.0208498407155, 0.00785033591092, 0.00809658039361, 0.00600327923894, 0.00745032820851, 0.00746198836714, 0.0069008958526, 0.00449544750154, 0.00369107816368, 0.00607154052705, 0.00332990079187, 0.00427236175165, 0.00285271462053, 0.00556172523648, 0.00716557353735, 0.0026594675146, 0.00314113381319, 0.00747764762491, 0.00311806681566, 0.00169520440977, 0.0024735131301, 0.00177100521978, 0.00336638442241, 0.0052374266088, 0.00833595357835, 0.00444214791059, 0.00353920389898, 0.00211453437805, 0.00431813905016, 0.0028491539415, 0.00344143481925, 0.00268162228167, 0.00324712996371, 0.00210144463927, 0.00390901509672, 0.00204000994563, 0.000865531561431, 0.00111634749919, 0.000956668984145, 0.000739785667975, 0.000744385004509, 0.000940245692618, 0.000794156745542, 0.000855973165017, 0.00116052001249, 0.00075861136429, 0.000530718825758, 0.00082594511332, 0.000809846504126, 0.00043555549928, 0.000482198985992, 0.00044767127838, 0.00047574940254, 0.000387982843677, 0.000151667452883, 0.000205652759178, 0.000146770340507, 0.000142002318171, 0.000152801061631, 0.00013762585877, 0.000105995830381, 0.000103177633719, 9.09235168365e-05, 0.000103375954495, 0.000267138617346, 0.00020334245346, 0.000781078648288, 0.000285623478703, 0.000340736791259, 0.000648764893413, 0.000780211237725, 0.000441675714683, 0.000348722503986, 0.000501892296597, 0.000687190447934, 0.000412279914599, 0.000556818326004, 0.000649688532576, 0.00090226449538, 0.000304002838675, 0.000123468940728, 0.000118659852888, 0.000216317086597, 0.000139355674037, 4.10761640524e-05, 3.07051595883e-05, 3.17157500831e-05, 3.17187914334e-05, 2.78695169982e-05, 1.55466586875e-05, 2.01371608455e-06, 2.18507224758e-07, 7.41724948128e-09, 6.48250031432e-09, 5.75608050113e-09, 5.20547871474e-09, 4.77078598848e-09, 4.41709024912e-09, 4.11954248491e-09, 3.87115095535e-09, 3.65409591474e-09, 3.47207129714e-09, 3.3116824838e-09, 3.17430437491e-09, 3.05770431197e-09, 2.95353874691e-09, 2.86723667031e-09, 2.80231970962e-09, 2.74466471772e-09, 2.70092770371e-09, 2.66364530432e-09, 2.63731125827e-09],
        "mean": [3.80401907023e-05, 0.000278635619907, 0.00074944231892, 0.00104673358146, 0.00116872298531, 0.000988546176814, 0.000789071025793, 0.00116810004693, 0.00109708495438, 0.000903973937966, 0.000660923135001, 0.000404011138016, 0.000309963099426, 0.000265634938842, 0.000287076109089, 0.000220356421778, 0.000229421901167, 0.000213904582779, 0.000196826280444, 0.000165542791365, 0.000182431569556, 0.000244828843279, 0.000276917446172, 0.000151619911776, 0.000208274504985, 0.000249837787123, 0.000113557551231, 0.000122087920317, 0.000116111797979, 0.000176240559085, 0.000135661568493, 7.99292392912e-05, 8.29392374726e-05, 0.000154266046593, 9.07399444259e-05, 8.59546344145e-05, 9.3186084996e-05, 6.09245580563e-05, 9.37517470447e-05, 0.000147892671521, 0.000229465964367, 0.000116216775496, 7.11574029992e-05, 7.60784896556e-05, 0.000106574327219, 0.000106133717054, 9.87780222204e-05, 7.20667667338e-05, 6.02086802246e-05, 6.40193466097e-05, 6.79071599734e-05, 5.59219479328e-05, 3.32229828928e-05, 4.57783498859e-05, 4.88656623929e-05, 3.40492406394e-05, 3.27660636685e-05, 4.14347814512e-05, 2.84055295197e-05, 2.84568595816e-05, 2.66244423983e-05, 2.00469603442e-05, 2.07974553632e-05, 2.1198999093e-05, 1.82140956895e-05, 1.88524809346e-05, 2.01925486181e-05, 1.5458006601e-05, 1.49013194459e-05, 1.28883757498e-05, 8.34668662719e-06, 7.74515865487e-06, 6.60894693283e-06, 6.92220874043e-06, 6.50772653898e-06, 6.38365190753e-06, 5.54533380637e-06, 6.09995367995e-06, 5.86126452617e-06, 6.10513870924e-06, 7.08041761754e-06, 6.18472995484e-06, 6.43735938866e-06, 6.36326331005e-06, 7.33430624678e-06, 6.99202428223e-06, 8.34319689602e-06, 6.8203603405e-06, 5.71647933612e-06, 6.19597858531e-06, 6.00067005507e-06, 5.01393924424e-06, 4.93261632073e-06, 4.37531480202e-06, 3.95542065235e-06, 2.7284099815e-06, 1.94518906937e-06, 1.77145511771e-06, 1.65397011642e-06, 1.52649738538e-06, 9.37363211051e-07, 8.05538661552e-07, 7.40464656701e-07, 5.98215535774e-07, 4.90119475671e-07, 3.2904949876e-07, 7.17145596241e-08, 1.63013080812e-09, 1.84267167497e-11, 1.51900766271e-11, 1.34423921647e-11, 1.22937666991e-11, 1.14085607281e-11, 1.07011413619e-11, 1.00833594946e-11, 9.59535315787e-12, 9.12809064446e-12, 8.74161420333e-12, 8.41042860356e-12, 8.11893347691e-12, 7.86886875104e-12, 7.65165014682e-12, 7.4538205469e-12, 7.29928097132e-12, 7.17607223644e-12, 7.07957260523e-12, 7.00369493303e-12, 6.94064597462e-12],
        "min": [5.99447158578e-10, 2.48755505083e-09, 4.72402419405e-08, 1.87016212294e-07, 1.71238653479e-07, 2.00530678285e-07, 9.34886799087e-08, 1.55337573915e-07, 6.78133602605e-08, 2.70668145674e-08, 1.353932646e-07, 1.0967602293e-07, 7.75613813175e-08, 5.53243282297e-08, 1.56154641218e-07, 6.06812164961e-08, 5.65092250326e-07, 4.16128159486e-07, 5.63568619327e-07, 2.96738676298e-07, 2.62438760501e-07, 2.81408887304e-07, 4.88303214752e-07, 6.57967291318e-07, 3.82090746598e-07, 7.05428590209e-07, 2.12895884033e-07, 2.01760940399e-07, 3.07844686631e-07, 4.87603983856e-07, 4.83137114315e-07, 2.37886723653e-07, 1.13623599418e-07, 1.38620876555e-07, 2.48498452038e-07, 1.93785055558e-07, 2.39112978306e-07, 2.7168204042e-07, 2.28944713854e-07, 5.43123178431e-07, 1.47311283172e-07, 4.37609713799e-07, 3.08966036755e-07, 5.24218307874e-07, 1.77880039587e-07, 1.82304731311e-07, 1.81445244607e-07, 3.69773744069e-07, 3.73380004248e-07, 2.83048450456e-07, 2.41595671469e-07, 1.22511977452e-07, 2.13468297261e-07, 3.53175238388e-07, 2.32947940049e-07, 2.68120743385e-07, 1.25591881783e-07, 3.30075295096e-07, 3.0037674037e-07, 2.07596016821e-07, 1.16064470035e-07, 4.36408527094e-08, 1.87952892361e-07, 1.52433628386e-07, 9.78910534855e-08, 3.30572866858e-08, 1.3867931159e-07, 4.29246505007e-08, 1.06255846788e-07, 9.62014397032e-08, 6.76312907899e-08, 9.47802192286e-08, 8.31108550869e-08, 6.55123244542e-08, 7.88899754411e-08, 1.34733610935e-07, 6.19607760655e-08, 8.37820337551e-08, 1.10990974633e-07, 8.05736490861e-08, 6.05524661523e-08, 1.01954718446e-07, 6.40944719521e-08, 7.03438658434e-08, 9.81044223636e-08, 6.80486351712e-08, 6.82432030885e-08, 2.93325701506e-08, 2.66425530526e-08, 4.5975113494e-08, 4.3794891269e-08, 5.99139653445e-08, 2.05723988955e-08, 1.99101020115e-08, 1.81995911674e-08, 1.38765958724e-08, 7.57912221871e-09, 8.57453041903e-09, 5.92536375521e-09, 2.79378409296e-09, 1.60283952777e-09, 1.60667668059e-09, 4.81094220017e-10, 6.81300904581e-10, 1.01114872031e-09, 3.91212496426e-12, 3.77384023554e-13, 1.85536712404e-13, 1.10643739721e-13, 1.17533112691e-13, 1.37044902878e-13, 1.22270547636e-13, 1.27147600716e-13, 1.11549014654e-13, 8.9062641268e-14, 1.326443431e-13, 1.32582679102e-13, 1.36066979624e-13, 1.19831336694e-13, 1.22837544715e-13, 1.02736707488e-13, 1.4827860619e-13, 1.31036525489e-13, 1.14293503047e-13, 1.28974752427e-13, 1.00815121767e-13, 1.02737032748e-13, 1.30889006231e-13],
        "stdev": [5.42267189303e-05, 0.000433097186033, 0.00145351490937, 0.00231717806309, 0.00296336878091, 0.00328491209075, 0.00197200872935, 0.00237091444433, 0.00253861374222, 0.00228435080498, 0.00154864997603, 0.0010205822764, 0.000643678708002, 0.000481711293105, 0.000507446238771, 0.000441957818111, 0.000900535902474, 0.000503934163135, 0.000434239482274, 0.000385250372346, 0.000454266089946, 0.000536273641046, 0.000543730333447, 0.000306969188387, 0.000356767646736, 0.000555938400794, 0.000255066319369, 0.000300044484902, 0.000269888696494, 0.00039826167631, 0.000360659643775, 0.000199791247724, 0.000169960650965, 0.000436137925135, 0.000247215590207, 0.000156765469001, 0.000172883315827, 0.000144620644278, 0.000222468574066, 0.000358851015335, 0.000641605874989, 0.000296589481877, 0.000220242989599, 0.000189458660316, 0.000308521324769, 0.000258681655396, 0.000232167920331, 0.00020040749223, 0.000182910895091, 0.000168027283507, 0.000195372063899, 0.000125332808238, 7.14967318345e-05, 8.24081071187e-05, 7.70145488787e-05, 6.48480345262e-05, 6.27616755082e-05, 6.61936574033e-05, 5.69340954826e-05, 5.59799809707e-05, 5.98964506935e-05, 4.11811633967e-05, 3.4961001802e-05, 3.99806413043e-05, 4.04186503147e-05, 3.7717174564e-05, 3.81004319934e-05, 3.25136170432e-05, 3.24113934767e-05, 2.49249042099e-05, 1.3646561456e-05, 1.12599382192e-05, 9.41702637647e-06, 1.07716332423e-05, 9.14719203138e-06, 9.5293389677e-06, 8.08295590105e-06, 9.3550688689e-06, 7.74520776758e-06, 8.09474204289e-06, 1.22139672385e-05, 9.75011334958e-06, 2.2949428967e-05, 1.31247443278e-05, 1.58846105478e-05, 2.13304174395e-05, 2.91625765385e-05, 1.71753144969e-05, 1.59379233082e-05, 2.1603100322e-05, 2.44545790338e-05, 1.98143625312e-05, 2.28345652431e-05, 2.27578657359e-05, 2.76564242085e-05, 1.21153652799e-05, 6.01521787758e-06, 6.43604289507e-06, 7.86088185123e-06, 5.98557653575e-06, 2.56104340224e-06, 1.84110524515e-06, 1.71173087438e-06, 1.51133895088e-06, 1.42998510455e-06, 7.94712775587e-07, 1.6398023206e-07, 9.2260288298e-09, 2.81773243627e-10, 2.44718439957e-10, 2.16911419382e-10, 1.96157617927e-10, 1.79769907294e-10, 1.66495997544e-10, 1.55309862193e-10, 1.46004333623e-10, 1.37822891988e-10, 1.31010521875e-10, 1.24973462134e-10, 1.198217775e-10, 1.15454971972e-10, 1.11532470759e-10, 1.08277033173e-10, 1.05874066458e-10, 1.03697612996e-10, 1.02060103424e-10, 1.00646296852e-10, 9.96458471292e-11]
    },
    "mfcc": {
        "mean": [-603.61114502, 94.2340774536, -9.53788852692, 15.3405008316, 1.18314743042, 10.4225959778, -9.37503051758, 6.40063095093, -6.16202306747, 2.82551622391, -1.86855578423, -1.69811737537, -5.52239084244],
        "cov": [[1932.05859375, -33.2727508545, -194.03678894, -59.5477104187, 6.60677528381, -39.9991836548, 126.960670471, -53.8553619385, 49.9390525818, -0.54756975174, 70.3798065186, -45.1253547668, 30.5123806], [-33.2727508545, 716.286682129, -140.503372192, 57.9310951233, 50.0460586548, 40.9911613464, 49.807975769, 53.3292007446, 8.07523822784, 33.4828109741, 53.1625518799, 37.7929763794, 8.03051662445], [-194.03678894, -140.503372192, 758.770263672, 76.2449493408, 118.667228699, 70.4698562622, -121.801994324, -36.7414207458, -44.3418426514, -39.2210426331, -43.5018844604, 17.3019371033, -20.5782413483], [-59.5477104187, 57.9310951233, 76.2449493408, 258.037261963, 129.418609619, 19.5814819336, -36.5356826782, 8.33986377716, 16.2381210327, 0.330628275871, -21.4245262146, 28.7384147644, 34.1806907654], [6.60677528381, 50.0460586548, 118.667228699, 129.418609619, 193.596923828, 49.0081596375, -45.9201660156, 13.9957923889, 18.2150707245, 2.05900120735, -13.1084194183, 17.2056217194, 10.3864908218], [-39.9991836548, 40.9911613464, 70.4698562622, 19.5814819336, 49.0081596375, 151.461303711, 63.8148231506, 28.5227508545, 6.05463647842, 6.4438457489, 8.86261749268, 2.43746876717, -10.6309251785], [126.960670471, 49.807975769, -121.801994324, -36.5356826782, -45.9201660156, 63.8148231506, 195.100799561, 54.4424591064, 17.9755783081, 11.4935054779, 32.0217628479, 6.22595977783, 11.8691186905], [-53.8553619385, 53.3292007446, -36.7414207458, 8.33986377716, 13.9957923889, 28.5227508545, 54.4424591064, 100.791610718, 38.4021987915, 12.755982399, 16.7412948608, 15.9961633682, 8.15227985382], [49.9390525818, 8.07523822784, -44.3418426514, 16.2381210327, 18.2150707245, 6.05463647842, 17.9755783081, 38.4021987915, 91.2175064087, 33.3913803101, 13.9943208694, 9.03513145447, 10.2187576294], [-0.54756975174, 33.4828109741, -39.2210426331, 0.330628275871, 2.05900120735, 6.4438457489, 11.4935054779, 12.755982399, 33.3913803101, 76.4231719971, 34.5047492981, 0.62743806839, 1.96579551697], [70.3798065186, 53.1625518799, -43.5018844604, -21.4245262146, -13.1084194183, 8.86261749268, 32.0217628479, 16.7412948608, 13.9943208694, 34.5047492981, 77.0056838989, 20.4516944885, 5.08174228668], [-45.1253547668, 37.7929763794, 17.3019371033, 28.7384147644, 17.2056217194, 2.43746876717, 6.22595977783, 15.9961633682, 9.03513145447, 0.62743806839, 20.4516944885, 69.5095367432, 32.1452636719], [30.5123806, 8.03051662445, -20.5782413483, 34.1806907654, 10.3864908218, -10.6309251785, 11.8691186905, 8.15227985382, 10.2187576294, 1.96579551697, 5.08174228668, 32.1452636719, 68.8272323608]],
        "icov": [[0.000709676009137, 3.08816233883e-05, 4.02538753406e-05, 0.000202446884941, -0.000656167394482, 0.000509667093866, -0.000806076452136, 0.000984967919067, -0.000714681809768, 0.000741945579648, -0.00106761162169, 0.000969939399511, -0.000495895452332], [3.08816233883e-05, 0.00169749360066, 0.000425180711318, -0.000328861438902, -0.000464623677544, -0.00025613795151, -4.04377824452e-05, -0.000569175696, 0.000722564465832, -0.000359583267709, -0.00077769352356, -0.000692129076924, 0.000467298930744], [4.02538753406e-05, 0.000425180711318, 0.00194201851264, -5.55441802135e-05, -0.000652845948935, -0.00130867538974, 0.00119209219702, 8.54914396768e-05, 0.000726261001546, 0.000316311401548, 0.000233827886404, -0.00100875075441, 0.000558449479286], [0.000202446884941, -0.000328861438902, -5.55441802135e-05, 0.00656954292208, -0.00407951883972, 0.000379185890779, -0.000119318487123, 0.00050709588686, -0.000444110832177, -0.000396631308831, 0.00167850113939, -0.000849312404171, -0.00234581436962], [-0.000656167394482, -0.000464623677544, -0.000652845948935, -0.00407951883972, 0.0106534399092, -0.00380142172799, 0.00362478219904, -0.00203852821141, -0.000855117163155, -0.000460438488517, 0.00121707271319, -0.000973605085164, 0.000102361307654], [0.000509667093866, -0.00025613795151, -0.00130867538974, 0.000379185890779, -0.00380142172799, 0.0111142005771, -0.00559218553826, 0.000158464841661, -7.29277371647e-06, -0.000263694964815, -0.000824305869173, 0.000932019262109, 0.002094470663], [-0.000806076452136, -4.04377824452e-05, 0.00119209219702, -0.000119318487123, 0.00362478219904, -0.00559218553826, 0.0104889087379, -0.00456208875403, 0.000826465664431, 0.000192219260498, -0.000713011890184, -0.000413977890275, -0.00178366177715], [0.000984967919067, -0.000569175696, 8.54914396768e-05, 0.00050709588686, -0.00203852821141, 0.000158464841661, -0.00456208875403, 0.0160286054015, -0.00635239761323, 0.00194282957818, -0.00179505813867, -0.000716877169907, -2.12103150261e-05], [-0.000714681809768, 0.000722564465832, 0.000726261001546, -0.000444110832177, -0.000855117163155, -7.29277371647e-06, 0.000826465664431, -0.00635239761323, 0.0169741753489, -0.00730714295059, 0.00204446655698, -0.00192417739891, -0.000155699701281], [0.000741945579648, -0.000359583267709, 0.000316311401548, -0.000396631308831, -0.000460438488517, -0.000263694964815, 0.000192219260498, 0.00194282957818, -0.00730714295059, 0.0208334028721, -0.0100893042982, 0.0047026607208, -0.0011914888164], [-0.00106761162169, -0.00077769352356, 0.000233827886404, 0.00167850113939, 0.00121707271319, -0.000824305869173, -0.000713011890184, -0.00179505813867, 0.00204446655698, -0.0100893042982, 0.0223704595119, -0.00857464689761, 0.00216262461618], [0.000969939399511, -0.000692129076924, -0.00100875075441, -0.000849312404171, -0.000973605085164, 0.000932019262109, -0.000413977890275, -0.000716877169907, -0.00192417739891, 0.0047026607208, -0.00857464689761, 0.0238159969449, -0.0101205008104], [-0.000495895452332, 0.000467298930744, 0.000558449479286, -0.00234581436962, 0.000102361307654, 0.002094470663, -0.00178366177715, -2.12103150261e-05, -0.000155699701281, -0.0011914888164, 0.00216262461618, -0.0101205008104, 0.0212687272578]]
    },
    "spectral_contrast_coeffs": {
        "max": [-0.406711399555, -0.517034471035, -0.571877002716, -0.624824643135, -0.675019860268, -0.649567902088],
        "mean": [-0.697659432888, -0.761033475399, -0.778755784035, -0.784364044666, -0.789187908173, -0.745024383068],
        "min": [-0.903568506241, -0.92307639122, -0.90819633007, -0.897877752781, -0.88203561306, -0.84535330534],
        "stdev": [0.0863298252225, 0.0632446333766, 0.0576314553618, 0.0530065223575, 0.0371357798576, 0.028157832101]
    },
    "spectral_contrast_valleys": {
        "max": [-5.21589374542, -4.57910346985, -5.19593858719, -5.51568651199, -5.58931112289, -7.1306886673],
        "mean": [-6.84280347824, -6.59245014191, -7.03253746033, -7.02198219299, -7.05112886429, -9.6109418869],
        "min": [-10.0358800888, -8.29657077789, -9.02685070038, -8.65057754517, -8.65841007233, -11.580739975],
        "stdev": [0.716145575047, 0.604018807411, 0.6019064188, 0.496118843555, 0.502924859524, 0.679057538509]
    }
},
"rhythm": {
    "beats_count": 65,
    "beats_loudness": {
        "max": 0.105859130621,
        "mean": 0.0437101088464,
        "min": 0.00213275547139,
        "stdev": 0.0231865383685
    },
    "bpm": 122.031494141,
    "bpm_histogram_first_peak_bpm": 123,
    "bpm_histogram_first_peak_weight": 0.354838728905,
    "bpm_histogram_second_peak_bpm": 117,
    "bpm_histogram_second_peak_spread": 0,
    "bpm_histogram_second_peak_weight": 0.03125,
    "danceability": 1.64542663097,
    "onset_rate": 3.66064429283,
    "beats_loudness_band_ratio": {
        "max": [0.902715742588, 0.730389475822, 0.398850381374, 0.666620016098, 0.542279303074, 0.326901197433],
        "mean": [0.313194662333, 0.156744539738, 0.155620366335, 0.166827306151, 0.147354498506, 0.102224200964],
        "min": [0.00775937503204, 0.00915238726884, 0.0111443204805, 0.00513730663806, 0.0103893671185, 0.0159282498062],
        "stdev": [0.266922265291, 0.143104732037, 0.109068758786, 0.166844546795, 0.119641810656, 0.0827175080776]
    },
    "beats_position": [0.510838985443, 1.02167797089, 1.50929701328, 1.99691605568, 2.49614500999, 2.99537420273, 3.48299312592, 3.97061228752, 4.45823097229, 4.94585037231, 5.44507932663, 5.94430828094, 6.43192720413, 6.91954612732, 7.40716552734, 7.90639448166, 8.40562343597, 8.893242836, 9.38086128235, 9.86848068237, 10.3560991287, 10.8437185287, 11.3429479599, 11.8421764374, 12.3297958374, 12.8174142838, 13.3166437149, 13.8042631149, 14.3034915924, 14.7911109924, 15.2787294388, 15.7663488388, 16.2771873474, 16.7648067474, 17.2524261475, 17.7400455475, 18.2276649475, 18.7268924713, 19.2145118713, 19.7137413025, 20.2129707336, 20.7121982574, 21.1998176575, 21.6874370575, 22.1750564575, 22.6626758575, 23.1502952576, 23.6379127502, 24.1371421814, 24.6363716125, 25.1239910126, 25.6116104126, 26.1108379364, 26.5984573364, 27.0860767365, 27.5853061676, 28.0729255676, 28.5605430603, 29.0481624603, 29.5357818604, 30.0350112915, 30.5342407227, 31.0218582153, 31.5210876465, 32.0203170776],
