{
"metadata": {
    "version": {
        "essentia": "2.1-beta5",
        "essentia_git_sha": "Undefined",
        "extractor": "music 2.0"
    },
    "audio_properties": {
        "analysis": {
            "equal_loudness": 0,
            "length": 32.4963264465,
            "sample_rate": 44100,
            "start_time": 29.0017242432,
            "downmix": "mix"
        },
        "bit_rate": 192000,
        "length": 234.962722778,
        "lossless": 0,
        "number_channels": 2,
        "replay_gain": -8.69952964783,
        "sample_rate": 48000,
        "codec": "mp3",
        "md5_encoded": "4aba1e00bb65127d61564fac091ee3ad"
    },
    "tags": {
        "file_name": "Estonia_Runaway_Sahléne.mp3",
        "encoding": ["Lavf58.29.100"]
    }
},
"lowlevel": {
    "average_loudness": 0.888404726982,
    "barkbands_crest": {
        "max": 20.8975353241,
        "mean": 8.0332069397,
        "min": 2.06093120575,
        "stdev": 3.15951633453
    },
    "barkbands_flatness_db": {
        "max": 0.292091339827,
        "mean": 0.137959212065,
        "min": 0.0196521878242,
        "stdev": 0.0437456965446
    },
    "barkbands_kurtosis": {
        "max": 42.5820960999,
        "mean": 2.8645093441,
        "min": -1.76225733757,
        "stdev": 4.72765636444
    },
    "barkbands_skewness": {
        "max": 4.75147676468,
        "mean": 1.10466468334,
        "min": -2.43800187111,
        "stdev": 1.04000759125
    },
    "barkbands_spread": {
        "max": 62.7229194641,
        "mean": 17.5865459442,
        "min": 1.59334278107,
        "stdev": 11.1262273788
    },
    "dissonance": {
        "max": 0.500000119209,
        "mean": 0.464754343033,
        "min": 0.262717932463,
        "stdev": 0.0269714239985
    },
    "dynamic_complexity": 3.24081635475,
    "erbbands_crest": {
        "max": 24.6048164368,
        "mean": 8.84023857117,
        "min": 2.86579418182,
        "stdev": 3.70634937286
    },
    "erbbands_flatness_db": {
        "max": 0.341152638197,
        "mean": 0.190847724676,
        "min": 0.0712752193213,
        "stdev": 0.0480984896421
    },
    "erbbands_kurtosis": {
        "max": 14.7156200409,
        "mean": 0.900417089462,
        "min": -1.65042674541,
        "stdev": 2.02765011787
    },
    "erbbands_skewness": {
        "max": 3.35419750214,
        "mean": 0.54555773735,
        "min": -3.20785260201,
        "stdev": 0.849270045757
    },
    "erbbands_spread": {
        "max": 95.2772293091,
        "mean": 29.2452964783,
        "min": 4.59411478043,
        "stdev": 16.1302490234
    },
    "hfc": {
        "max": 226.730178833,
        "mean": 19.3502159119,
        "min": 0.194432333112,
        "stdev": 28.2610874176
    },
    "loudness_ebu128": {
        "integrated": -16.155248642,
        "loudness_range": 6.0974445343,
        "momentary": {
            "max": -11.6330728531,
            "mean": -17.4931945801,
            "min": -29.8080596924,
            "stdev": 3.68522334099
        },
        "short_term": {
            "max": -13.4209899902,
            "mean": -16.9025783539,
            "min": -25.0144023895,
            "stdev": 2.65538072586
        }
    },
    "melbands_crest": {
        "max": 27.0729751587,
        "mean": 10.7429904938,
        "min": 3.50570130348,
        "stdev": 4.23572301865
    },
    "melbands_flatness_db": {
        "max": 0.370754718781,
        "mean": 0.193305313587,
        "min": 0.0395678132772,
        "stdev": 0.0603927969933
    },
    "melbands_kurtosis": {
        "max": 89.732963562,
        "mean": 7.49924659729,
        "min": -1.80760204792,
        "stdev": 12.1121416092
    },
    "melbands_skewness": {
        "max": 8.13129520416,
        "mean": 1.72918248177,
        "min": -1.37493336201,
        "stdev": 1.30170428753
    },
    "melbands_spread": {
        "max": 201.329330444,
        "mean": 25.3284950256,
        "min": 1.9651491642,
        "stdev": 26.9480018616
    },
    "pitch_salience": {
        "max": 0.90147870779,
        "mean": 0.645611643791,
        "min": 0.342278182507,
        "stdev": 0.0901103392243
    },
    "silence_rate_20dB": {
        "max": 1,
        "mean": 1,
        "min": 1,
        "stdev": 0
    },
    "silence_rate_30dB": {
        "max": 1,
        "mean": 1,
        "min": 1,
        "stdev": 0
    },
    "silence_rate_60dB": {
        "max": 1,
        "mean": 0.089221984148,
        "min": 0,
        "stdev": 0.285059094429
    },
    "spectral_centroid": {
        "max": 4820.359375,
        "mean": 1292.83435059,
        "min": 351.279815674,
        "stdev": 813.733398438
    },
    "spectral_complexity": {
        "max": 54,
        "mean": 19.3154888153,
        "min": 0,
        "stdev": 10.151766777
    },
    "spectral_decrease": {
        "max": -1.17368476049e-10,
        "mean": -3.99249433514e-09,
        "min": -2.08941415281e-08,
        "stdev": 3.05602476658e-09
    },
    "spectral_energy": {
        "max": 0.0827611684799,
        "mean": 0.0168237350881,
        "min": 0.000528194475919,
        "stdev": 0.0130055258051
    },
    "spectral_energyband_high": {
        "max": 0.0359316803515,
        "mean": 0.00111694936641,
        "min": 1.06924926513e-06,
        "stdev": 0.00383237283677
    },
    "spectral_energyband_low": {
        "max": 0.016566650942,
        "mean": 0.00195101648569,
        "min": 7.90064859757e-07,
        "stdev": 0.0021405601874
    },
    "spectral_energyband_middle_high": {
        "max": 0.0301359966397,
        "mean": 0.00467265723273,
        "min": 2.87200800813e-05,
        "stdev": 0.00523127615452
    },
    "spectral_energyband_middle_low": {
        "max": 0.0734325349331,
        "mean": 0.009491677396,
        "min": 6.640983338e-05,
        "stdev": 0.00950434245169
    },
    "spectral_entropy": {
        "max": 8.41683769226,
        "mean": 7.45428228378,
        "min": 5.99629449844,
        "stdev": 0.410604655743
    },
    "spectral_flux": {
        "max": 0.233363732696,
        "mean": 0.069677837193,
        "min": 0.00687787495553,
        "stdev": 0.0452360250056
    },
    "spectral_kurtosis": {
        "max": 43.1731567383,
        "mean": 6.44595718384,
        "min": -0.973172903061,
        "stdev": 5.90696287155
    },
    "spectral_rms": {
        "max": 0.00898568890989,
        "mean": 0.00376204750501,
        "min": 0.000717852148227,
        "stdev": 0.00150345580187
    },
    "spectral_rolloff": {
        "max": 8634.81445312,
        "mean": 1560.56530762,
        "min": 258.3984375,
        "stdev": 1372.1817627
    },
    "spectral_skewness": {
        "max": 4.71008586884,
        "mean": 1.68692266941,
        "min": -0.65709733963,
        "stdev": 0.800629377365
    },
    "spectral_spread": {
        "max": 11287675,
        "mean": 3548956.75,
        "min": 1348898.625,
        "stdev": 1248290.625
    },
    "spectral_strongpeak": {
        "max": 13.1702270508,
        "mean": 0.943047940731,
        "min": 0.0164350476116,
        "stdev": 1.13089132309
    },
    "zerocrossingrate": {
        "max": 0.24560546875,
        "mean": 0.0603499598801,
        "min": 0.00830078125,
        "stdev": 0.038836941123
    },
    "barkbands": {
        "max": [0.000326654437231, 0.0162528119981, 0.00726856663823, 0.00998781062663, 0.022946877405, 0.0608160980046, 0.0372761897743, 0.0360860154033, 0.0445033423603, 0.0107160899788, 0.00960559956729, 0.0112023847178, 0.0122483326122, 0.00716846575961, 0.00864791776985, 0.00818598736078, 0.0203013923019, 0.0127019267529, 0.0192111823708, 0.0131372958422, 0.013572265394, 0.0136501053348, 0.0161293391138, 0.00259086629376, 0.00131150241941, 0.00221698312089, 0.000459993461845],
        "mean": [2.42074966081e-05, 0.000758017180488, 0.000892160343938, 0.000502696493641, 0.00161068933085, 0.0018589629326, 0.00190996064339, 0.00156636943575, 0.00179443298839, 0.000695205992088, 0.000643661071081, 0.000619044585619, 0.000439140480012, 0.000421427044785, 0.000425363250542, 0.000420408818172, 0.000340573198628, 0.000189290309208, 0.000396352843381, 0.000360294419806, 0.000328598864144, 0.000283314526314, 0.000240408087848, 4.00881290261e-05, 2.16170574276e-05, 3.70978013962e-05, 4.35346964878e-06],
        "min": [1.35742768137e-08, 5.85782373719e-08, 4.03043394215e-08, 8.08980757938e-08, 1.98203611035e-06, 2.65746007244e-06, 2.49142340181e-06, 7.16997476502e-07, 3.76934804081e-06, 3.32812135184e-07, 9.17478587326e-07, 3.9093072246e-07, 7.8391678926e-07, 4.27971002637e-07, 8.05962827144e-07, 1.06804793631e-06, 9.28899396513e-07, 5.30218756012e-07, 4.06672967301e-07, 2.63068614004e-07, 1.42076828524e-07, 2.41265723844e-07, 1.29886743139e-07, 6.26100415957e-08, 3.54185445417e-08, 1.35107542931e-08, 3.01176705797e-09],
        "stdev": [3.98455558752e-05, 0.00149380078074, 0.00107829959597, 0.000753576285206, 0.00220557046123, 0.00347166485153, 0.0034962343052, 0.00294426898472, 0.00370286707766, 0.00108653400093, 0.000937105272897, 0.00113657303154, 0.000766707060393, 0.000722654396668, 0.000828491407447, 0.000778653193265, 0.00106902455445, 0.000564581190702, 0.00152075639926, 0.000919080805033, 0.00128950201906, 0.00125581468455, 0.00116500887088, 0.00014220875164, 8.67231574375e-05, 0.00018974118575, 2.62549310719e-05]
    },
    "erbbands": {
        "max": [0.450795471668, 3.65405392647, 7.03567361832, 15.2720355988, 56.5322265625, 126.524681091, 172.47869873, 693.114929199, 641.570678711, 960.078979492, 631.220703125, 1271.92419434, 852.50604248, 303.330780029, 432.160614014, 424.362457275, 633.501586914, 352.124084473, 495.437652588, 433.786773682, 387.723052979, 1179.16589355, 494.15814209, 775.603210449, 1183.86315918, 619.491088867, 503.527435303, 582.751159668, 523.980834961, 520.816101074, 360.594787598, 159.087677002, 27.017206192, 16.7940864563, 7.44144487381, 5.8245882988, 5.44276952744, 1.26504862309, 0.0689615681767, 0.00171179382596],
        "mean": [0.0173324085772, 0.192853540182, 0.877995014191, 1.55845820904, 2.74921488762, 5.94135904312, 10.7396812439, 15.8511915207, 25.4849624634, 33.5744934082, 32.9841918945, 43.6076622009, 26.0478343964, 23.4952964783, 26.3988761902, 23.5404224396, 20.4841747284, 22.4197978973, 21.8969593048, 21.380645752, 24.6718864441, 18.1882209778, 10.7769212723, 15.318728447, 21.3911952972, 17.3548374176, 13.0118150711, 12.338092804, 9.77064704895, 10.152463913, 6.04999685287, 1.83042752743, 0.436940491199, 0.245730981231, 0.159948199987, 0.126795440912, 0.07509149611, 0.0144837973639, 0.000706409977283, 4.02373989346e-05],
        "min": [3.33908155881e-06, 4.02699042752e-05, 9.87618259387e-05, 0.000294902041787, 0.00119334831834, 0.00867390446365, 0.0135273933411, 0.0250557214022, 0.0544186122715, 0.0690426751971, 0.0452563464642, 0.0857878625393, 0.0599736273289, 0.0121312690899, 0.0749203786254, 0.0313863530755, 0.0360705666244, 0.0448688641191, 0.0833328142762, 0.0708380490541, 0.0911334753036, 0.0623130016029, 0.0462888032198, 0.0184876285493, 0.017177939415, 0.0145477680489, 0.00833138823509, 0.00606628740206, 0.00773629406467, 0.00548805436119, 0.00335044367239, 0.00220634788275, 0.000652550079394, 0.00046796121751, 0.000214491636143, 9.02912652236e-05, 3.01716318063e-05, 2.55432350968e-05, 2.79013602267e-06, 1.02436672478e-06],
        "stdev": [0.039954457432, 0.348671108484, 0.987490415573, 1.85674071312, 4.49870920181, 9.98990726471, 15.9596757889, 36.2360458374, 47.205368042, 65.0013046265, 58.9315338135, 92.835144043, 46.0241279602, 33.0032844543, 41.5689086914, 38.6193695068, 35.6980285645, 34.8274383545, 38.300994873, 39.8015098572, 43.9955406189, 59.8463821411, 26.6833076477, 52.3265228271, 81.0059585571, 44.2088050842, 42.61876297, 53.2027816772, 42.4654579163, 47.0429191589, 29.4978294373, 8.72382164001, 1.63240635395, 0.97824293375, 0.661424040794, 0.52190798521, 0.425685584545, 0.0886327326298, 0.00415731361136, 0.000116918607091]
    },
    "gfcc": {
        "mean": [-33.2648086548, 109.973815918, -138.723999023, 18.3505859375, -67.5727462769, 0.518218517303, -32.1656570435, -0.874603390694, -16.484582901, -2.3917927742, -15.0757350922, -3.95485854149, -13.112033844],
        "cov": [[3620.61206055, -1039.0637207, -602.905090332, 272.574432373, 86.4039306641, 215.242874146, 104.262229919, 109.837440491, -5.67975330353, 150.671066284, -83.1950149536, 90.8823318481, -75.2084503174], [-1039.0637207, 1931.57714844, 123.457420349, -276.195922852, 116.5754776, -349.0362854, 79.6735610962, -191.431854248, 258.556060791, -90.9318161011, 235.953613281, -130.652938843, -6.5071978569], [-602.905090332, 123.457420349, 985.83026123, 106.3800354, 57.5265808105, 105.035064697, -154.587280273, 36.2155303955, -119.427078247, 76.2205047607, -17.0572929382, 15.293469429, -1.07506144047], [272.574432373, -276.195922852, 106.3800354, 747.341796875, -177.945892334, 4.17624330521, 30.8473548889, -96.1074981689, 83.2366714478, 13.2402133942, 53.798828125, -7.70739889145, 3.17891645432], [86.4039306641, 116.5754776, 57.5265808105, -177.945892334, 278.22277832, 48.2797546387, -16.8906459808, 87.4239120483, -44.9206542969, 50.8318748474, -14.9485044479, 27.7743244171, 2.9099240303], [215.242874146, -349.0362854, 105.035064697, 4.17624330521, 48.2797546387, 292.350219727, 54.7569541931, 113.20639801, -55.8601226807, 51.1393203735, -53.1345252991, 63.4765853882, 6.73565149307], [104.262229919, 79.6735610962, -154.587280273, 30.8473548889, -16.8906459808, 54.7569541931, 213.015930176, 0.929010689259, 83.3506622314, -24.5764560699, 29.2627983093, 13.0370721817, -12.5442352295], [109.837440491, -191.431854248, 36.2155303955, -96.1074981689, 87.4239120483, 113.20639801, 0.929010689259, 186.383285522, -58.6502723694, 43.2856063843, -34.7288742065, 35.2723312378, 0.323465138674], [-5.67975330353, 258.556060791, -119.427078247, 83.2366714478, -44.9206542969, -55.8601226807, 83.3506622314, -58.6502723694, 178.18157959, -0.000149514336954, 59.6778755188, -13.3256950378, -2.06247019768], [150.671066284, -90.9318161011, 76.2205047607, 13.2402133942, 50.8318748474, 51.1393203735, -24.5764560699, 43.2856063843, -0.000149514336954, 107.437858582, -5.0583281517, 15.8643579483, 3.10366559029], [-83.1950149536, 235.953613281, -17.0572929382, 53.798828125, -14.9485044479, -53.1345252991, 29.2627983093, -34.7288742065, 59.6778755188, -5.0583281517, 93.6508026123, -9.8100938797, 0.0610742531717], [90.8823318481, -130.652938843, 15.293469429, -7.70739889145, 27.7743244171, 63.4765853882, 13.0370721817, 35.2723312378, -13.3256950378, 15.8643579483, -9.8100938797, 79.6310653687, 13.1759052277], [-75.2084503174, -6.5071978569, -1.07506144047, 3.17891645432, 2.9099240303, 6.73565149307, -12.5442352295, 0.323465138674, -2.06247019768, 3.10366559029, 0.0610742531717, 13.1759052277, 54.0459136963]],
        "icov": [[0.000454691820778, 0.00012824771693, 0.000376220967155, -0.000237425439991, -0.000297146994853, -0.000144446501508, 3.76810044145e-06, 0.000112168418127, 6.54975301586e-05, -0.000586563081015, 9.90575572359e-05, -0.000226822725381, 0.00079519697465], [0.00012824771693, 0.00224173627794, -0.00104055192787, 0.00122797489166, -0.00159512402024, 0.00114817172289, -0.000758066948038, 0.000891880597919, -0.00258410675451, 0.00151383201592, -0.00351042603143, 0.00215157284401, -0.000589165836573], [0.000376220967155, -0.00104055192787, 0.0022845112253, -0.00113673135638, 0.000310083414661, -0.00144703406841, 0.00141416059341, -7.37751761335e-05, 0.0020231870003, -0.00179487839341, 0.00126805575565, -0.00123178667855, 0.00148202199489], [-0.000237425439991, 0.00122797489166, -0.00113673135638, 0.00272209919058, 0.000394076021621, 0.000369695742847, -0.000540235429071, 0.00108539918438, -0.00197250698693, 0.000623560859822, -0.0028033927083, 0.0013073659502, -0.000991082983091], [-0.000297146994853, -0.00159512402024, 0.000310083414661, 0.000394076021621, 0.00645085610449, -0.00040482179611, 0.000182490373845, -0.00196883641183, 0.00235497346148, -0.00281776208431, 0.00171411363408, -0.00220498605631, -7.79963593232e-05], [-0.000144446501508, 0.00114817172289, -0.00144703406841, 0.000369695742847, -0.00040482179611, 0.00771173834801, -0.00378465978429, -0.00196002307348, 0.00018186881789, -0.00108439696487, 0.000933500414249, -0.00155068305321, -0.00147309934255], [3.76810044145e-06, -0.000758066948038, 0.00141416059341, -0.000540235429071, 0.000182490373845, -0.00378465978429, 0.00886185374111, -0.000572463904973, -0.00300574558787, 0.00247740535997, -0.000709451793227, -0.00132397911511, 0.00256262277253], [0.000112168418127, 0.000891880597919, -7.37751761335e-05, 0.00108539918438, -0.00196883641183, -0.00196002307348, -0.000572463904973, 0.00931137241423, 0.000760416383855, -0.0015537905274, -0.00115998508409, -0.000117228650197, 0.000507981807459], [6.54975301586e-05, -0.00258410675451, 0.0020231870003, -0.00197250698693, 0.00235497346148, 0.00018186881789, -0.00300574558787, 0.000760416383855, 0.0135818244889, -0.00530042452738, 0.00057937274687, -0.00238576065749, 0.000488281832077], [-0.000586563081015, 0.00151383201592, -0.00179487839341, 0.000623560859822, -0.00281776208431, -0.00108439696487, 0.00247740535997, -0.0015537905274, -0.00530042452738, 0.015308781527, -0.00306383264251, 0.00158903887495, -0.00130051304586], [9.90575572359e-05, -0.00351042603143, 0.00126805575565, -0.0028033927083, 0.00171411363408, 0.000933500414249, -0.000709451793227, -0.00115998508409, 0.00057937274687, -0.00306383264251, 0.0211027543992, -0.00390248210169, 0.000664543826133], [-0.000226822725381, 0.00215157284401, -0.00123178667855, 0.0013073659502, -0.00220498605631, -0.00155068305321, -0.00132397911511, -0.000117228650197, -0.00238576065749, 0.00158903887495, -0.00390248210169, 0.0185919683427, -0.00486304657534], [0.00079519697465, -0.000589165836573, 0.00148202199489, -0.000991082983091, -7.79963593232e-05, -0.00147309934255, 0.00256262277253, 0.000507981807459, 0.000488281832077, -0.00130051304586, 0.000664543826133, -0.00486304657534, 0.0216838680208]]
    },
    "melbands": {
        "max": [0.00454109394923, 0.0031912913546, 0.00392895704135, 0.00575015600771, 0.00489808060229, 0.0138180777431, 0.0088433502242, 0.0105298766866, 0.00548296049237, 0.00730754667893, 0.004093344789, 0.00135809089988, 0.00124219455756, 0.00149559776764, 0.000727647449821, 0.00118674337864, 0.000724125071429, 0.00068675307557, 0.000633676769212, 0.000619296741206, 0.000561998633202, 0.00139503623359, 0.000462630821858, 0.000823082926217, 0.000694259360898, 0.00106005487032, 0.000623251544312, 0.000364716630429, 0.000278766208794, 0.000388775544707, 0.000414296111558, 0.000347592227627, 0.000312660908094, 0.000293922552373, 0.000206221535336, 0.000247740477789, 3.87332984246e-05, 2.22712405957e-05, 1.28306619445e-05, 1.49333354784e-05],
        "mean": [0.000182559597306, 0.000393121939851, 0.000296704063658, 0.000305794936139, 0.00036190749961, 0.0003688360448, 0.000393190217437, 0.000364675041055, 0.00027346907882, 0.00026929465821, 0.000123413934489, 9.26716820686e-05, 8.54314348544e-05, 7.7073360444e-05, 4.70037302875e-05, 4.64679724246e-05, 4.04911843361e-05, 3.42628700309e-05, 3.19416358252e-05, 2.75181846519e-05, 2.97941569443e-05, 2.13349158003e-05, 1.01972300399e-05, 8.95521861821e-06, 1.24246298583e-05, 1.6002333723e-05, 1.46147076521e-05, 1.06440375021e-05, 7.57294355935e-06, 8.0803711171e-06, 6.86599196342e-06, 5.15026431458e-06, 5.86945270697e-06, 5.47250374439e-06, 3.68177802557e-06, 2.40034228227e-06, 5.94678795096e-07, 2.85833749558e-07, 2.33074956668e-07, 1.99365999265e-07],
        "min": [2.6099984396e-08, 7.76612836262e-08, 1.28150574596e-07, 3.39115217685e-07, 6.01345277573e-07, 5.6219448652e-07, 7.07145829892e-07, 8.51417269132e-07, 3.86679403164e-07, 5.35544870672e-07, 8.46757899353e-08, 2.79386043189e-08, 1.23445389022e-07, 6.93750337177e-08, 2.71297260213e-08, 1.01459043833e-07, 4.6458410452e-08, 1.21615642001e-07, 5.7848115631e-08, 3.5570465684e-08, 6.64451249577e-08, 4.4391288867e-08, 5.32597290714e-08, 2.68298272488e-08, 1.25165122711e-08, 1.45175143018e-08, 8.07890021548e-09, 7.68167307541e-09, 5.40521316594e-09, 3.47882966878e-09, 4.01010202822e-09, 5.28738652861e-09, 2.72584510519e-09, 3.19082382738e-09, 1.99478433771e-09, 1.56798618534e-09, 1.00563435357e-09, 4.14311029928e-10, 3.30218463684e-10, 2.25151841615e-10],
        "stdev": [0.000398826232413, 0.000427655526437, 0.000354425632395, 0.000457838905277, 0.00050444988301, 0.00076329021249, 0.00070646853419, 0.000702560471836, 0.000502688344568, 0.000572108547203, 0.000228221077123, 0.000134207599331, 0.000133100664243, 0.000142376011354, 7.94640945969e-05, 8.02484137239e-05, 6.65105762891e-05, 6.10209208389e-05, 6.54518225929e-05, 5.31724435859e-05, 5.64077927265e-05, 7.3137722211e-05, 2.65150792984e-05, 3.16804907925e-05, 4.44672514277e-05, 6.8316810939e-05, 4.52118219982e-05, 2.68741478067e-05, 2.31269605138e-05, 3.32107920258e-05, 3.19216887874e-05, 2.25773837883e-05, 2.72002980637e-05, 2.56866751442e-05, 1.77492474904e-05, 1.360107035e-05, 2.17662864088e-06, 1.23207325942e-06, 9.04479009023e-07, 8.29151815651e-07]
    },
    "melbands128": {
        "max": [0.000316226767609, 0.00268514337949, 0.00793859828264, 0.00546303065494, 0.00400163512677, 0.00368033070117, 0.00270589860156, 0.0066502885893, 0.00774806411937, 0.0102825462818, 0.00951790995896, 0.00748091377318, 0.00784516427666, 0.0132312159985, 0.0235255118459, 0.0198683235794, 0.0137340202928, 0.0140169300139, 0.00949437264353, 0.0157082881778, 0.0126732988283, 0.0100111868232, 0.0105650611222, 0.0127530703321, 0.0158268287778, 0.0112480930984, 0.00888855289668, 0.00382006447762, 0.00350003014319, 0.0031135615427, 0.0018840751145, 0.00216492335312, 0.00177846022416, 0.00209617987275, 0.00280737155117, 0.00232148077339, 0.00175067246892, 0.00105863669887, 0.00168912298977, 0.0027604624629, 0.00103544990998, 0.000973198271822, 0.00136456859764, 0.00120532116853, 0.00102389720269, 0.000658283941448, 0.00209152745083, 0.0010050740093, 0.00148823426571, 0.00080430181697, 0.000905143329874, 0.000671835034154, 0.000667347048875, 0.00128826033324, 0.00103785726242, 0.0021972018294, 0.00156539492309, 0.000647127686534, 0.000701246492099, 0.000376434763893, 0.00116162595805, 0.000958145188633, 0.000899411796127, 0.00114808336366, 0.000906054221559, 0.00124996318482, 0.00167815748136, 0.000888832495548, 0.000683490361553, 0.000555608596187, 0.000349953916157, 0.00032661104342, 0.000334838056006, 0.000229687488172, 0.000398393662181, 0.000680176541209, 0.000358697230695, 0.000463047734229, 0.000637169287074, 0.000315740151564, 0.000529936922248, 0.000323751359247, 0.000401801546104, 0.000361635466106, 0.000694793416187, 0.000336553988745, 0.000456626672531, 0.000257188628893, 0.000255988677964, 0.000265883398242, 0.000251222547377, 0.000447051483206, 8.14157538116e-05, 1.71461615537e-05, 2.29534980463e-05, 3.93390619138e-05, 1.73806056409e-05, 2.94621349894e-05, 1.17595918709e-05, 1.39451831274e-05, 1.7514666979e-05, 1.39668400152e-05, 1.47209548231e-05, 8.60951877257e-06, 1.33150942929e-05, 7.34636068955e-06, 9.30320766201e-06, 1.4104800357e-05, 9.84593862086e-06, 1.59721075761e-05, 1.60372601385e-05, 2.07884768315e-05, 2.22421294893e-05, 2.84541729343e-05, 1.78364116437e-05, 1.23524423543e-05, 5.4156130318e-06, 1.06537727333e-05, 3.9709389057e-06, 1.4494514744e-06, 1.33882917908e-06, 1.02925719148e-06, 1.03489992398e-06, 5.28883248307e-08, 2.7419988502e-09, 2.70435518424e-09, 2.68622279975e-09, 2.67163757783e-09],
        "mean": [2.11445149034e-05, 0.000117964264064, 0.000235603147303, 0.000333245494403, 0.00042182582547, 0.000445035519078, 0.000322842621244, 0.000234962513787, 0.000272268865956, 0.000298575003399, 0.000333162111929, 0.000362555525498, 0.000380240322556, 0.000356154574547, 0.000319694343489, 0.00040059920866, 0.000445266050519, 0.000355991069227, 0.000397159223212, 0.000381484947866, 0.000371588335838, 0.000231236728723, 0.00027633208083, 0.000285611109575, 0.000307206180878, 0.000282331515336, 0.000129933076096, 0.000118606396427, 9.95939262793e-05, 8.58100611367e-05, 9.78933021543e-05, 9.24064588617e-05, 7.41024123272e-05, 9.14675401873e-05, 9.0646026365e-05, 7.17617003829e-05, 5.39740649401e-05, 4.93961306347e-05, 3.94890776079e-05, 4.31214684795e-05, 4.95297244925e-05, 4.89818885399e-05, 3.9402195398e-05, 3.8007965486e-05, 3.43532337865e-05, 3.29321301251e-05, 3.47157219949e-05, 3.61771926691e-05, 2.86503782263e-05, 2.49698277912e-05, 2.84416546492e-05, 2.89574018097e-05, 2.77486033156e-05, 3.16711702908e-05, 3.09565366479e-05, 2.0496907382e-05, 1.39033991218e-05, 9.65266372077e-06, 9.66901461652e-06, 9.46289401327e-06, 8.60232466948e-06, 8.44815895107e-06, 1.0601134818e-05, 1.40182337418e-05, 1.48491071741e-05, 1.58589064085e-05, 1.77701949724e-05, 1.40413594636e-05, 1.47781111082e-05, 1.39961612149e-05, 1.11547287815e-05, 8.84174187377e-06, 7.04150716047e-06, 7.17761849955e-06, 8.25567985885e-06, 9.01547718968e-06, 7.42696602174e-06, 7.08095376467e-06, 7.95799041953e-06, 5.21179163115e-06, 4.50574134447e-06, 5.43958367416e-06, 5.72180579184e-06, 5.57307794224e-06, 6.48496734357e-06, 6.16315128354e-06, 5.15237479704e-06, 3.9267779357e-06, 3.93826258005e-06, 3.17453827847e-06, 2.81259758594e-06, 2.60938145402e-06, 9.46807119817e-07, 4.82369102883e-07, 3.34494444587e-07, 3.30427582185e-07, 2.44713760367e-07, 2.88548079652e-07, 2.30471300711e-07, 2.23865910698e-07, 1.72232248019e-07, 2.14872329707e-07, 2.03164901791e-07, 1.59879590456e-07, 1.93694589257e-07, 1.51735619625e-07, 1.79401041578e-07, 2.33405657468e-07, 2.26143683335e-07, 2.23322359716e-07, 2.27167362254e-07, 2.41792974975e-07, 2.57596809661e-07, 2.76306195701e-07, 2.01633824304e-07, 1.42710845807e-07, 7.386769596e-08, 7.00155737832e-08, 2.3394903792e-08, 1.12545261999e-08, 8.76122019378e-09, 6.75799949335e-09, 5.03673502905e-09, 2.42270314921e-10, 4.57737840687e-12, 4.40764829149e-12, 4.31296881889e-12, 4.27050539029e-12],
        "min": [2.54914117592e-10, 1.61028435031e-08, 1.16818998919e-08, 9.84001236048e-09, 6.75225635405e-08, 1.27499140135e-08, 3.90808700956e-08, 3.36125900446e-08, 2.4132821963e-08, 1.82603528742e-07, 1.88923806377e-07, 5.64592568253e-08, 1.63648834928e-07, 2.22852548859e-07, 4.90581328449e-07, 4.34832472251e-08, 1.4980471974e-07, 1.77183224537e-07, 1.97189123696e-07, 2.82826306375e-07, 1.45599496904e-08, 1.45107721394e-08, 1.35686789804e-07, 1.93929054149e-07, 2.46901862511e-07, 7.3578895865e-08, 5.65994113799e-08, 7.30366478408e-09, 7.29130977817e-09, 2.59719463713e-08, 1.65054778734e-08, 4.09795575251e-08, 3.07827434654e-08, 3.60802800969e-08, 2.59709462824e-08, 1.13506750665e-08, 3.26874918244e-08, 5.6654090308e-09, 7.58615303909e-09, 2.72003575219e-08, 5.09180111408e-08, 2.07191206414e-08, 2.47376803486e-08, 3.29075611205e-08, 4.08068636659e-08, 3.13111101491e-08, 2.78249281394e-08, 4.09845810623e-08, 1.88977153925e-08, 1.66083786723e-08, 2.62508184079e-08, 2.48475089393e-08, 9.05625352488e-09, 1.16697229657e-08, 1.58305386577e-08, 1.79297892089e-08, 2.96814661738e-08, 4.13545642175e-09, 1.88151911829e-08, 1.4708686713e-08, 1.57171431425e-08, 9.29363785929e-09, 9.84478454313e-09, 9.65484758808e-09, 7.59872254008e-09, 7.78402142743e-09, 5.20007414906e-09, 8.99022811751e-09, 4.86313433967e-09, 7.43137240633e-09, 9.37129929213e-09, 5.60406299144e-09, 5.13022557769e-09, 4.79625095196e-09, 4.64615768081e-09, 2.26683072313e-09, 2.45515696662e-09, 1.99313832105e-09, 1.6278124404e-09, 4.36109459656e-09, 4.77152450884e-09, 1.9014347874e-09, 1.66953362246e-09, 1.24573773519e-09, 3.23641180522e-09, 1.8470807106e-09, 1.99353955566e-09, 1.25825339037e-09, 1.55231660859e-09, 1.04004038715e-09, 1.3346981298e-09, 7.43567263317e-10, 8.18203060859e-10, 6.10656469835e-10, 3.02055547241e-10, 3.12368658717e-10, 1.7651156578e-11, 1.57367532633e-12, 9.22698289302e-12, 1.1720072135e-10, 1.57514223886e-10, 1.42444750439e-10, 1.1382749604e-10, 1.59320837773e-11, 2.93945250085e-11, 3.3542973954e-11, 8.66563487634e-11, 4.07285420667e-11, 7.73145159005e-11, 2.37218959753e-11, 3.82519591089e-13, 4.6940775919e-12, 8.26722859008e-13, 1.73807352516e-13, 1.53441625725e-12, 1.68682262602e-10, 9.329617634e-11, 2.2463205341e-12, 8.69385333581e-14, 7.65537129131e-14, 6.65708671998e-14, 7.10545785079e-14, 7.05591658777e-14, 6.75674387317e-14, 4.91291069513e-14, 2.09417173273e-14, 2.80484965494e-15, 1.21088190545e-16],
        "stdev": [3.71484020434e-05, 0.000262608838966, 0.000660046876874, 0.000574148143642, 0.000511295977049, 0.000574061530642, 0.000414902780904, 0.000434682908235, 0.000540007720701, 0.000567765499, 0.000701667624526, 0.000648786721285, 0.000671267334837, 0.000755153596401, 0.00106603617314, 0.00104548572563, 0.000952147820499, 0.000952822039835, 0.000905268010683, 0.000988881103694, 0.000882450025529, 0.000671923218761, 0.000653843104374, 0.000830164179206, 0.00091915379744, 0.000679274380673, 0.000449145038147, 0.00024253106676, 0.00021450217173, 0.000165915902471, 0.000165827383171, 0.00016743762535, 0.000155879213708, 0.000160357609275, 0.000233301456319, 0.000147749684402, 0.000116820745461, 0.000103484162537, 9.95455920929e-05, 0.000115295704745, 9.11685783649e-05, 0.000107759995444, 8.0215271737e-05, 8.42682347866e-05, 8.02757858764e-05, 6.32869559922e-05, 0.000106108593172, 9.3542272225e-05, 7.69926482462e-05, 5.99949162279e-05, 6.38761630398e-05, 6.32529263385e-05, 5.66489434277e-05, 7.76361484895e-05, 8.49701682455e-05, 9.78856332949e-05, 6.95063790772e-05, 3.04778950522e-05, 2.68731146207e-05, 2.34612252825e-05, 4.22475786763e-05, 3.59910736734e-05, 4.08793894167e-05, 6.04595115874e-05, 5.74018959014e-05, 7.67190431361e-05, 9.16186327231e-05, 5.2704657719e-05, 4.82239556732e-05, 4.04772799811e-05, 3.02647858916e-05, 2.38457232626e-05, 2.28467906709e-05, 2.2823596737e-05, 3.26908957504e-05, 4.23721539846e-05, 3.24631255353e-05, 3.24941829604e-05, 4.29889078077e-05, 2.47415464401e-05, 2.20096826524e-05, 2.48180222115e-05, 2.73856694548e-05, 2.68671792583e-05, 3.6164688936e-05, 2.94317505904e-05, 2.69819138339e-05, 1.84967957466e-05, 2.02644059755e-05, 1.77660895133e-05, 1.59783467097e-05, 1.88554895431e-05, 4.31387206845e-06, 1.35970344672e-06, 1.3069935676e-06, 1.65918424955e-06, 9.77876425168e-07, 1.48045751303e-06, 8.27767451028e-07, 8.30163571663e-07, 8.16976807982e-07, 9.21000378185e-07, 8.50403921504e-07, 6.80662594732e-07, 9.88250803857e-07, 5.98062229074e-07, 7.4876055578e-07, 1.01183422885e-06, 9.06768832465e-07, 1.07124196802e-06, 1.176087153e-06, 1.39664246035e-06, 1.57161707648e-06, 1.72962256784e-06, 1.3091640767e-06, 9.41763175888e-07, 4.24606014349e-07, 5.52901099127e-07, 1.59739073524e-07, 7.67966881199e-08, 6.63146479951e-08, 5.96899951688e-08, 4.89852247654e-08, 2.77173972663e-09, 7.34644567402e-11, 7.23951384951e-11, 7.18867604332e-11, 7.14883013897e-11]
    },
    "mfcc": {
        "mean": [-669.08380127, 140.965026855, -18.4537410736, 17.3017902374, -16.0027122498, 2.5679371357, -12.4793424606, 1.98402869701, -7.27529859543, 6.70204782486, -7.30406427383, -0.977521896362, 0.133714959025],
        "cov": [[4159.12402344, -1212.04931641, -781.247619629, 102.744064331, -209.402145386, 248.505203247, -30.4178295135, 166.909805298, 30.0270729065, 144.76789856, 58.2932815552, -3.85779643059, 157.050460815], [-1212.04931641, 1929.13195801, -7.08084774017, -169.012893677, 104.037010193, -202.193206787, -63.8119850159, -112.435394287, -71.7326431274, -39.0000076294, 82.5133590698, 47.6653175354, 87.5409698486], [-781.247619629, -7.08084774017, 857.453369141, 202.985137939, 155.859054565, 65.2185440063, 41.7891273499, -66.1343154907, -29.2547073364, -7.6429772377, -30.7236995697, 25.4938678741, -29.4303607941], [102.744064331, -169.012893677, 202.985137939, 536.360473633, -72.3521728516, 114.581115723, -139.731948853, -11.3916807175, -126.296760559, 104.177078247, -53.6163215637, 7.63617324829, 51.2539634705], [-209.402145386, 104.037010193, 155.859054565, -72.3521728516, 328.411193848, -69.4631576538, 117.246337891, -78.0094604492, 50.8161010742, -36.6843681335, 12.1112565994, -18.7694969177, 3.46326160431], [248.505203247, -202.193206787, 65.2185440063, 114.581115723, -69.4631576538, 228.059997559, -21.5249538422, 63.8082466125, 4.59747982025, 44.1601371765, 13.5361804962, 18.0799922943, 1.90314137936], [-30.4178295135, -63.8119850159, 41.7891273499, -139.731948853, 117.246337891, -21.5249538422, 221.298522949, 33.6174201965, 79.1490936279, -40.5276184082, 38.3066215515, -3.34752988815, -25.8432559967], [166.909805298, -112.435394287, -66.1343154907, -11.3916807175, -78.0094604492, 63.8082466125, 33.6174201965, 163.578536987, 32.0881538391, 6.91733121872, 34.3669166565, 16.3066291809, -4.14579677582], [30.0270729065, -71.7326431274, -29.2547073364, -126.296760559, 50.8161010742, 4.59747982025, 79.1490936279, 32.0881538391, 127.075256348, -13.7854509354, 30.6886806488, 2.95630574226, -8.19920730591], [144.76789856, -39.0000076294, -7.6429772377, 104.177078247, -36.6843681335, 44.1601371765, -40.5276184082, 6.91733121872, -13.7854509354, 111.049293518, 10.1293735504, 20.7580013275, 30.8879890442], [58.2932815552, 82.5133590698, -30.7236995697, -53.6163215637, 12.1112565994, 13.5361804962, 38.3066215515, 34.3669166565, 30.6886806488, 10.1293735504, 97.7760009766, 19.1632862091, 4.54288434982], [-3.85779643059, 47.6653175354, 25.4938678741, 7.63617324829, -18.7694969177, 18.0799922943, -3.34752988815, 16.3066291809, 2.95630574226, 20.7580013275, 19.1632862091, 66.3775100708, 16.2888469696], [157.050460815, 87.5409698486, -29.4303607941, 51.2539634705, 3.46326160431, 1.90314137936, -25.8432559967, -4.14579677582, -8.19920730591, 30.8879890442, 4.54288434982, 16.2888469696, 84.866355896]],
        "icov": [[0.000489021127578, 0.000355668365955, 0.000439128634753, 6.43451494398e-05, -7.06794235157e-05, -0.000381010206183, -7.16856156942e-05, 4.41199590568e-05, 0.000344060506904, -6.94890331943e-05, -0.000405745668104, 5.92372962274e-05, -0.00109778251499], [0.000355668365955, 0.00101051980164, 0.000202677809284, 0.000434840854723, -0.000220249276026, 0.000186059318366, 0.000380737066735, 0.000231025580433, 0.000961470301263, 0.000217793014599, -0.00117025582585, -0.000360000907676, -0.00161547889002], [0.000439128634753, 0.000202677809284, 0.0021777972579, -0.000938513258006, -0.000952823727857, -0.000974560622126, -0.000569994794205, 0.000586155802011, 0.000286069553113, 0.000547491072211, 0.00010389356612, -0.0013104355894, 0.00029045942938], [6.43451494398e-05, 0.000434840854723, -0.000938513258006, 0.00436966074631, -0.000222639224376, -0.0010788012296, 0.00116706488188, -0.000618180725724, 0.00329316174611, -0.00251047546044, 0.000776418019086, 0.000935906951781, -0.00216293171979], [-7.06794235157e-05, -0.000220249276026, -0.000952823727857, -0.000222639224376, 0.00573390116915, 0.000854998070281, -0.00269829668105, 0.00275432714261, -0.00180108507629, 0.000485422031488, -0.000663632352371, 0.00158433162142, -0.00139751634561], [-0.000381010206183, 0.000186059318366, -0.000974560622126, -0.0010788012296, 0.000854998070281, 0.00688912393525, 0.00060720363399, -0.00177179509774, -0.00142136600334, -0.00092097860761, -0.000918028235901, -0.000473243271699, 0.00107354589272], [-7.16856156942e-05, 0.000380737066735, -0.000569994794205, 0.00116706488188, -0.00269829668105, 0.00060720363399, 0.00853039324284, -0.00239461893216, -0.00183902133722, 0.00087216909742, -0.00161308632232, -7.84903459135e-05, 0.00102089555003], [4.41199590568e-05, 0.000231025580433, 0.000586155802011, -0.000618180725724, 0.00275432714261, -0.00177179509774, -0.00239461893216, 0.00979663804173, -0.00169481278863, 0.00105940538924, -0.00232661771588, -0.00109863525722, -0.000280548149021], [0.000344060506904, 0.000961470301263, 0.000286069553113, 0.00329316174611, -0.00180108507629, -0.00142136600334, -0.00183902133722, -0.00169481278863, 0.0141210025176, -0.00125233584549, -0.00154369405936, -0.000231908692513, -0.00210834806785], [-6.94890331943e-05, 0.000217793014599, 0.000547491072211, -0.00251047546044, 0.000485422031488, -0.00092097860761, 0.00087216909742, 0.00105940538924, -0.00125233584549, 0.0136210918427, -0.00234198127873, -0.00282872840762, -0.00248207547702], [-0.000405745668104, -0.00117025582585, 0.00010389356612, 0.000776418019086, -0.000663632352371, -0.000918028235901, -0.00161308632232, -0.00232661771588, -0.00154369405936, -0.00234198127873, 0.0147375827655, -0.00255005643703, 0.00137170671951], [5.92372962274e-05, -0.000360000907676, -0.0013104355894, 0.000935906951781, 0.00158433162142, -0.000473243271699, -7.84903459135e-05, -0.00109863525722, -0.000231908692513, -0.00282872840762, -0.00255005643703, 0.0190309416503, -0.00339862145483], [-0.00109778251499, -0.00161547889002, 0.00029045942938, -0.00216293171979, -0.00139751634561, 0.00107354589272, 0.00102089555003, -0.000280548149021, -0.00210834806785, -0.00248207547702, 0.00137170671951, -0.00339862145483, 0.0184968430549]]
    },
    "spectral_contrast_coeffs": {
        "max": [-0.435084402561, -0.473650932312, -0.545733392239, -0.619712114334, -0.619837105274, -0.332549929619],
        "mean": [-0.704604029655, -0.75091868639, -0.78905659914, -0.812506258488, -0.798595130444, -0.731338143349],
        "min": [-0.969617366791, -0.899394035339, -0.926067650318, -0.906374633312, -0.880692064762, -0.869416296482],
        "stdev": [0.0727207288146, 0.0589175969362, 0.0432488024235, 0.0399161577225, 0.0426489599049, 0.0854896977544]
    },
    "spectral_contrast_valleys": {
        "max": [-5.65960550308, -4.51088094711, -5.33475732803, -5.81251621246, -5.66365861893, -8.01890087128],
        "mean": [-7.12291717529, -6.49910068512, -7.0983581543, -7.48710680008, -7.76051425934, -11.1482105255],
        "min": [-10.6676549911, -9.5390920639, -9.96788883209, -9.82273769379, -10.0663146973, -13.0884408951],
        "stdev": [0.761288821697, 0.720117986202, 0.846751630306, 0.822749555111, 0.898226976395, 0.938667297363]
    }
},
"rhythm": {
    "beats_count": 57,
    "beats_loudness": {
        "max": 0.0497644804418,
        "mean": 0.020528037101,
        "min": 0.000709684623871,
        "stdev": 0.0118696130812
    },
    "bpm": 103.851509094,
    "bpm_histogram_first_peak_bpm": 103,
    "bpm_histogram_first_peak_weight": 0.606060624123,
    "bpm_histogram_second_peak_bpm": 129,
    "bpm_histogram_second_peak_spread": 0.400000035763,
    "bpm_histogram_second_peak_weight": 0.107142858207,
    "danceability": 0.945414721966,
    "onset_rate": 3.96826148033,
    "beats_loudness_band_ratio": {
        "max": [0.706176400185, 0.875788986683, 0.724250376225, 0.466942489147, 0.345326900482, 0.808855652809],
        "mean": [0.233192145824, 0.221347510815, 0.257109671831, 0.113997213542, 0.0936995223165, 0.126080200076],
        "min": [0.000647891196422, 0.00398076325655, 0.0248647164553, 0.00686698732898, 0.00427890475839, 0.00484573701397],
        "stdev": [0.166118651628, 0.19664876163, 0.168764844537, 0.0953506603837, 0.078761331737, 0.186608403921]
    },
    "beats_position": [0.568888902664, 1.13777780533, 1.70666658878, 2.26394557953, 2.82122445107, 3.3785033226, 3.94739222527, 4.52789115906, 5.0967798233, 5.66566896439, 6.24616765976, 6.82666635513, 7.39555549622, 7.96444416046, 8.54494285583, 9.12544155121, 9.69433116913, 10.2632198334, 10.8437185287, 11.4242172241, 11.9931058884, 12.5736055374, 13.1541042328, 13.722992897, 14.2802715302, 14.8375511169, 15.4296598434, 16.0217685699, 16.602268219, 17.1827659607, 17.7632656097, 18.4250335693, 19.0868015289, 19.760181427, 20.45677948, 21.0604991913, 21.6526069641, 22.2679367065, 22.8948745728, 23.4985942841, 24.0907020569, 24.6828117371, 25.286529541, 25.8902492523, 26.470746994, 26.9119262695, 27.3647155762, 27.8175048828, 28.2819042206, 28.7463035583, 29.2223129272, 29.686712265, 30.1627197266, 30.6271190643, 31.0915184021, 31.5559177399, 32.0435371399],
