{
"metadata": {
    "version": {
        "essentia": "2.1-beta5",
        "essentia_git_sha": "Undefined",
        "extractor": "music 2.0"
    },
    "audio_properties": {
        "analysis": {
            "equal_loudness": 0,
            "length": 32.4963264465,
            "sample_rate": 44100,
            "start_time": 126.502311707,
            "downmix": "mix"
        },
        "bit_rate": 192000,
        "length": 235.61289978,
        "lossless": 0,
        "number_channels": 2,
        "replay_gain": -6.8837852478,
        "sample_rate": 48000,
        "codec": "mp3",
        "md5_encoded": "8414015f4a42181296ae7da82f89f666"
    },
    "tags": {
        "file_name": "Latvia_I Wanna_Marie N.mp3",
        "encoding": ["Lavf58.29.100"]
    }
},
"lowlevel": {
    "average_loudness": 0.979907810688,
    "barkbands_crest": {
        "max": 23.6033000946,
        "mean": 10.2617826462,
        "min": 2.40879154205,
        "stdev": 4.39529514313
    },
    "barkbands_flatness_db": {
        "max": 0.246493026614,
        "mean": 0.096043586731,
        "min": 0.017903778702,
        "stdev": 0.0359061136842
    },
    "barkbands_kurtosis": {
        "max": 61.5464935303,
        "mean": 2.37526249886,
        "min": -1.89073979855,
        "stdev": 5.05237913132
    },
    "barkbands_skewness": {
        "max": 7.50382184982,
        "mean": 1.42230618,
        "min": -2.30394458771,
        "stdev": 1.09980130196
    },
    "barkbands_spread": {
        "max": 109.850990295,
        "mean": 40.5424308777,
        "min": 4.61793518066,
        "stdev": 20.3135089874
    },
    "dissonance": {
        "max": 0.499442398548,
        "mean": 0.471164613962,
        "min": 0.317371368408,
        "stdev": 0.0208367537707
    },
    "dynamic_complexity": 2.19310474396,
    "erbbands_crest": {
        "max": 22.5767936707,
        "mean": 7.54997062683,
        "min": 2.55412459373,
        "stdev": 3.52078151703
    },
    "erbbands_flatness_db": {
        "max": 0.242078587413,
        "mean": 0.107619963586,
        "min": 0.0441353209317,
        "stdev": 0.0351301804185
    },
    "erbbands_kurtosis": {
        "max": 16.3554801941,
        "mean": -0.173479735851,
        "min": -1.73986017704,
        "stdev": 1.53419876099
    },
    "erbbands_skewness": {
        "max": 2.37655043602,
        "mean": -0.140548884869,
        "min": -3.3816640377,
        "stdev": 0.696693658829
    },
    "erbbands_spread": {
        "max": 141.028060913,
        "mean": 58.9196434021,
        "min": 7.95466852188,
        "stdev": 22.5716304779
    },
    "hfc": {
        "max": 387.979003906,
        "mean": 37.956199646,
        "min": 0.941591978073,
        "stdev": 33.4335823059
    },
    "loudness_ebu128": {
        "integrated": -16.1266117096,
        "loudness_range": 1.87151432037,
        "momentary": {
            "max": -12.286365509,
            "mean": -16.2827548981,
            "min": -18.9428062439,
            "stdev": 1.1491471529
        },
        "short_term": {
            "max": -14.8244609833,
            "mean": -16.1680164337,
            "min": -17.4771442413,
            "stdev": 0.615673780441
        }
    },
    "melbands_crest": {
        "max": 31.2385883331,
        "mean": 15.3518133163,
        "min": 3.83127641678,
        "stdev": 5.67527389526
    },
    "melbands_flatness_db": {
        "max": 0.356596022844,
        "mean": 0.165630444884,
        "min": 0.0411536209285,
        "stdev": 0.0505307130516
    },
    "melbands_kurtosis": {
        "max": 239.095413208,
        "mean": 18.502122879,
        "min": -1.767983675,
        "stdev": 22.7459163666
    },
    "melbands_skewness": {
        "max": 13.5146932602,
        "mean": 3.39782547951,
        "min": -0.373292386532,
        "stdev": 1.90473878384
    },
    "melbands_spread": {
        "max": 261.125457764,
        "mean": 33.9551086426,
        "min": 2.15751695633,
        "stdev": 26.2230567932
    },
    "pitch_salience": {
        "max": 0.876622974873,
        "mean": 0.537708699703,
        "min": 0.200125962496,
        "stdev": 0.114198572934
    },
    "silence_rate_20dB": {
        "max": 1,
        "mean": 1,
        "min": 1,
        "stdev": 0
    },
    "silence_rate_30dB": {
        "max": 1,
        "mean": 1,
        "min": 1,
        "stdev": 0
    },
    "silence_rate_60dB": {
        "max": 1,
        "mean": 0.00142755173147,
        "min": 0,
        "stdev": 0.0377559475601
    },
    "spectral_centroid": {
        "max": 5473.67675781,
        "mean": 1893.609375,
        "min": 376.784606934,
        "stdev": 650.34161377
    },
    "spectral_complexity": {
        "max": 60,
        "mean": 19.80585289,
        "min": 0,
        "stdev": 10.1095066071
    },
    "spectral_decrease": {
        "max": -1.07178009523e-10,
        "mean": -7.48065698275e-09,
        "min": -2.69995368285e-08,
        "stdev": 4.82913486977e-09
    },
    "spectral_energy": {
        "max": 0.107777021825,
        "mean": 0.0316764600575,
        "min": 0.000489919970278,
        "stdev": 0.0193930789828
    },
    "spectral_energyband_high": {
        "max": 0.0430854782462,
        "mean": 0.00298816873692,
        "min": 8.05446325103e-05,
        "stdev": 0.00355424266309
    },
    "spectral_energyband_low": {
        "max": 0.0914185494184,
        "mean": 0.0146211124957,
        "min": 5.46538394701e-05,
        "stdev": 0.014718468301
    },
    "spectral_energyband_middle_high": {
        "max": 0.0790078938007,
        "mean": 0.00595085974783,
        "min": 0.000167601465364,
        "stdev": 0.00759279122576
    },
    "spectral_energyband_middle_low": {
        "max": 0.0575229898095,
        "mean": 0.00902101118118,
        "min": 0.000158232534886,
        "stdev": 0.00720494659618
    },
    "spectral_entropy": {
        "max": 8.7764787674,
        "mean": 7.98861503601,
        "min": 7.05967760086,
        "stdev": 0.346999168396
    },
    "spectral_flux": {
        "max": 0.278000622988,
        "mean": 0.103231556714,
        "min": 0.0261204969138,
        "stdev": 0.0470797494054
    },
    "spectral_kurtosis": {
        "max": 7.30588722229,
        "mean": 1.93196475506,
        "min": -1.04737472534,
        "stdev": 1.32556331158
    },
    "spectral_rms": {
        "max": 0.0102541847154,
        "mean": 0.00530722457916,
        "min": 0.00069135427475,
        "stdev": 0.00165446614847
    },
    "spectral_rolloff": {
        "max": 14125.78125,
        "mean": 2651.55078125,
        "min": 86.1328125,
        "stdev": 2645.35717773
    },
    "spectral_skewness": {
        "max": 2.05029225349,
        "mean": 1.14573276043,
        "min": 0.0442101098597,
        "stdev": 0.301117241383
    },
    "spectral_spread": {
        "max": 12231383,
        "mean": 6516361,
        "min": 2881891.25,
        "stdev": 1632606.75
    },
    "spectral_strongpeak": {
        "max": 9.52206516266,
        "mean": 0.753013491631,
        "min": 0,
        "stdev": 1.24896454811
    },
    "zerocrossingrate": {
        "max": 0.3466796875,
        "mean": 0.0998279005289,
        "min": 0.0166015625,
        "stdev": 0.051821000874
    },
    "barkbands": {
        "max": [0.00959145929664, 0.0749556943774, 0.0534643232822, 0.0174987539649, 0.0197160877287, 0.0259224325418, 0.0137698408216, 0.0431801229715, 0.0449244119227, 0.0257810298353, 0.0194650795311, 0.0569271482527, 0.0147344982252, 0.01973352395, 0.0128324460238, 0.0153753999621, 0.00863258261234, 0.005220875144, 0.00292522204109, 0.00567582808435, 0.00236490415409, 0.00626655016094, 0.00880450475961, 0.0216915216297, 0.0124808410183, 0.00260023656301, 0.00118431518786],
        "mean": [0.000668435823172, 0.00988205336034, 0.00327807129361, 0.00144910987001, 0.002510470571, 0.00174726441037, 0.000515943567734, 0.00144280155655, 0.00120870221872, 0.000839252315927, 0.000539236178156, 0.000874783552717, 0.0003774005163, 0.000424283003667, 0.000463657052023, 0.000734776549507, 0.000727826845832, 0.000433387293015, 0.000305388763081, 0.000672063790262, 0.000259181135334, 0.000491044018418, 0.000480244780192, 0.000846402486786, 0.000249278236879, 0.00017956305237, 7.58456953918e-05],
        "min": [2.50715061156e-07, 3.68914115825e-05, 5.03246383232e-06, 8.47446244734e-06, 4.05932914873e-05, 8.98255348147e-06, 1.15238945e-05, 4.48085711469e-06, 6.73037948218e-06, 4.04254933528e-06, 2.64083337242e-06, 3.80958908863e-06, 3.06762649416e-06, 4.67812560601e-06, 3.98377642341e-06, 7.15574014976e-06, 4.0077848098e-06, 7.15147280062e-06, 6.63257424094e-06, 7.15809983376e-06, 4.2293459046e-06, 1.00896941149e-05, 8.35694481793e-06, 2.39464698097e-05, 3.72736508325e-06, 1.00037402717e-06, 7.19314243725e-08],
        "stdev": [0.000911588605959, 0.0107334395871, 0.0066025769338, 0.00208004983142, 0.00250601768494, 0.00281642121263, 0.000764640397392, 0.00332609424368, 0.00327435554937, 0.00227689556777, 0.00147030653898, 0.00322553748265, 0.00129275885411, 0.00147727399599, 0.000982139841653, 0.00148095586337, 0.001074113301, 0.000562576868106, 0.000367005268345, 0.000812292390037, 0.000327747489791, 0.000672663911246, 0.000753023894504, 0.0012825911399, 0.000599290884566, 0.000347782159224, 0.000170795843587]
    },
    "erbbands": {
        "max": [3.24891066551, 15.2961158752, 56.8491172791, 58.7794837952, 67.1621246338, 71.6049118042, 185.863922119, 287.474151611, 131.47203064, 512.372009277, 1247.3137207, 1237.74731445, 713.611633301, 1389.06713867, 1195.22387695, 2004.65686035, 514.436096191, 1128.14099121, 644.638183594, 855.871582031, 1066.89770508, 400.994384766, 342.714019775, 179.473770142, 197.953552246, 362.487823486, 171.648574829, 132.928115845, 258.275115967, 260.502593994, 300.917419434, 312.252838135, 563.806213379, 218.088302612, 37.6825561523, 16.1847896576, 5.18613672256, 1.39250063896, 0.240260452032, 0.00896656233817],
        "mean": [0.332419931889, 2.01414394379, 4.04642772675, 4.48497200012, 6.82646465302, 7.66166067123, 14.464261055, 11.8544902802, 7.49973011017, 10.4935483932, 41.6714782715, 27.7822952271, 19.5447597504, 34.7744178772, 20.7207775116, 36.3988304138, 18.3098373413, 23.4958572388, 20.7011528015, 28.7869567871, 44.7891120911, 38.2084159851, 25.5528755188, 17.3397674561, 18.6373386383, 33.5678405762, 16.9948692322, 10.2489566803, 19.1812438965, 11.4262247086, 14.6876049042, 19.1923732758, 11.5471897125, 3.73259234428, 1.48414671421, 0.66751986742, 0.35590878129, 0.0933629646897, 0.0145595492795, 0.000526255345903],
        "min": [0.00129228190053, 0.00669532921165, 0.00776696112007, 0.0205146744847, 0.066212400794, 0.149288922548, 0.190667837858, 0.148149967194, 0.212659046054, 0.173370778561, 0.180973947048, 0.210389643908, 0.137436881661, 0.18698105216, 0.21396446228, 0.168634429574, 0.171537265182, 0.282317787409, 0.312440216541, 0.330554783344, 0.221626996994, 0.22134873271, 0.354196876287, 0.427127838135, 0.324704021215, 0.32481071353, 0.314215153456, 0.173603996634, 0.290425658226, 0.242786079645, 0.239762589335, 0.301892489195, 0.233647942543, 0.0665035545826, 0.0182239226997, 0.00399478478357, 0.00148169579916, 0.000312215328449, 1.88233680092e-05, 8.95708762982e-06],
        "stdev": [0.390569269657, 2.28250479698, 7.09476470947, 7.19012212753, 8.20586681366, 7.98920631409, 19.7542209625, 24.6865673065, 10.6490812302, 24.4820613861, 90.712852478, 77.7800064087, 49.2395973206, 91.5843734741, 71.9283065796, 113.267829895, 50.2003593445, 84.6083526611, 38.9670982361, 61.3878479004, 82.4133453369, 51.7721595764, 32.8801193237, 21.3359451294, 21.6621761322, 42.34923172, 19.9795856476, 13.5833940506, 27.0616703033, 17.5548801422, 23.6085796356, 26.209733963, 22.9878826141, 9.84315299988, 2.76710796356, 1.25995123386, 0.685203850269, 0.204609930515, 0.0333331301808, 0.00110938411672]
    },
    "gfcc": {
        "mean": [49.9704170227, 51.0716133118, -88.9035110474, 44.1128692627, -55.7172622681, 20.2987728119, -35.4797592163, 15.0893278122, -16.7986602783, -2.81077122688, -12.4933433533, 0.461315572262, -9.00315380096],
        "cov": [[1687.89941406, -599.082336426, -102.573692322, -244.94921875, 130.048477173, -49.214515686, 136.428588867, 0.637361943722, -51.1684112549, 66.6289672852, -124.89339447, 35.8170089722, -30.9228515625], [-599.082336426, 882.604309082, -344.795684814, 103.719566345, 3.1873884201, 26.92694664, -12.3655033112, 94.6616287231, -5.24588918686, -71.0463256836, 96.9914627075, -100.806671143, 37.3837127686], [-102.573692322, -344.795684814, 611.351013184, 63.5510597229, -3.10756754875, 45.368938446, 9.30490398407, -49.6815910339, 42.6208953857, 23.0181179047, -22.462020874, 97.4155044556, -40.3392829895], [-244.94921875, 103.719566345, 63.5510597229, 338.798522949, 1.09162890911, 13.0488471985, -75.8529205322, 50.5774841309, 59.6174316406, -25.2364139557, 28.4090843201, 33.7571296692, 48.1108207703], [130.048477173, 3.1873884201, -3.10756754875, 1.09162890911, 189.431091309, 0.615176558495, 9.65446949005, 11.3528318405, 33.981552124, 16.573589325, -20.9622306824, -11.8875589371, -8.73930644989], [-49.214515686, 26.92694664, 45.368938446, 13.0488471985, 0.615176558495, 250.312316895, 96.75831604, -11.2132501602, -12.1839399338, 19.2080249786, 28.7076091766, -4.01423358917, -14.1309738159], [136.428588867, -12.3655033112, 9.30490398407, -75.8529205322, 9.65446949005, 96.75831604, 182.890518188, 16.5188159943, -33.9031906128, 14.1111116409, 8.19268321991, -9.06505870819, -12.3073062897], [0.637361943722, 94.6616287231, -49.6815910339, 50.5774841309, 11.3528318405, -11.2132501602, 16.5188159943, 133.662261963, 59.513923645, -16.2888031006, -9.63477516174, -19.9308166504, 19.8605670929], [-51.1684112549, -5.24588918686, 42.6208953857, 59.6174316406, 33.981552124, -12.1839399338, -33.9031906128, 59.513923645, 122.079818726, 14.9428358078, -5.13289260864, 0.669796764851, 17.1836147308], [66.6289672852, -71.0463256836, 23.0181179047, -25.2364139557, 16.573589325, 19.2080249786, 14.1111116409, -16.2888031006, 14.9428358078, 81.7816543579, 21.6065006256, 12.3557729721, -9.49379444122], [-124.89339447, 96.9914627075, -22.462020874, 28.4090843201, -20.9622306824, 28.7076091766, 8.19268321991, -9.63477516174, -5.13289260864, 21.6065006256, 92.375541687, 18.6397666931, 12.849404335], [35.8170089722, -100.806671143, 97.4155044556, 33.7571296692, -11.8875589371, -4.01423358917, -9.06505870819, -19.9308166504, 0.669796764851, 12.3557729721, 18.6397666931, 91.4154052734, 22.3563079834], [-30.9228515625, 37.3837127686, -40.3392829895, 48.1108207703, -8.73930644989, -14.1309738159, -12.3073062897, 19.8605670929, 17.1836147308, -9.49379444122, 12.849404335, 22.3563079834, 67.8695831299]],
        "icov": [[0.00129567773547, 0.00102103385143, 0.00087145366706, 0.00024142631446, -0.000841520668473, 0.000201428279979, -0.000747351557948, -0.000776881061029, 0.000629469985142, -0.000390471861465, 0.000818618398625, -0.000946205866057, 0.000342854327755], [0.00102103385143, 0.00318116508424, 0.00141141354106, -0.000251350458711, -0.0011264643399, -0.000150234744069, -0.000195778964553, -0.00172384467442, 0.000951818481553, 0.00169860711321, -0.00254664337263, 0.00142307567876, 3.26481713273e-05], [0.00087145366706, 0.00141141354106, 0.00363733689301, -0.000750190578401, -0.000255361344898, -0.000159459494171, -0.00135947554372, 0.000668798165862, -0.00160385563504, 0.000652455084492, 0.00100243184716, -0.00349207106046, 0.00326284719631], [0.00024142631446, -0.000251350458711, -0.000750190578401, 0.00484038004652, -0.000536851468496, -0.00117408239748, 0.00239533861168, -0.00196126219817, -0.000219529407332, 0.00108411570545, -0.000999217503704, -0.00107869505882, -0.00218221219257], [-0.000841520668473, -0.0011264643399, -0.000255361344898, -0.000536851468496, 0.00667091691867, 0.00014013441978, -0.000631671049632, 0.00153096404392, -0.00270176352933, -0.00129058293533, 0.00180281791836, 0.000322023377521, 0.000847582239658], [0.000201428279979, -0.000150234744069, -0.000159459494171, -0.00117408239748, 0.00014013441978, 0.0058497027494, -0.00381361320615, 0.00152251461986, -0.000631011556834, -0.000736092333682, -0.000656008545775, 0.000580940453801, 0.00100057187956], [-0.000747351557948, -0.000195778964553, -0.00135947554372, 0.00239533861168, -0.000631671049632, -0.00381361320615, 0.010361446999, -0.00439123576507, 0.00403186026961, -0.000715722737368, -0.00185032351874, 0.00131013407372, -0.00165229884442], [-0.000776881061029, -0.00172384467442, 0.000668798165862, -0.00196126219817, 0.00153096404392, 0.00152251461986, -0.00439123576507, 0.0145806968212, -0.00837865285575, 0.0020904049743, 0.00224625389092, 0.000857655948494, -0.000459550996311], [0.000629469985142, 0.000951818481553, -0.00160385563504, -0.000219529407332, -0.00270176352933, -0.000631011556834, 0.00403186026961, -0.00837865285575, 0.0161523260176, -0.00469065085053, -4.77800094814e-05, 0.00224363012239, -0.00380714167841], [-0.000390471861465, 0.00169860711321, 0.000652455084492, 0.00108411570545, -0.00129058293533, -0.000736092333682, -0.000715722737368, 0.0020904049743, -0.00469065085053, 0.0182666704059, -0.00706922449172, -0.00053921045037, 0.00270362384617], [0.000818618398625, -0.00254664337263, 0.00100243184716, -0.000999217503704, 0.00180281791836, -0.000656008545775, -0.00185032351874, 0.00224625389092, -4.77800094814e-05, -0.00706922449172, 0.0191164854914, -0.00616481248289, -0.000382751983125], [-0.000946205866057, 0.00142307567876, -0.00349207106046, -0.00107869505882, 0.000322023377521, 0.000580940453801, 0.00131013407372, 0.000857655948494, 0.00224363012239, -0.00053921045037, -0.00616481248289, 0.0208274461329, -0.00871375948191], [0.000342854327755, 3.26481713273e-05, 0.00326284719631, -0.00218221219257, 0.000847582239658, 0.00100057187956, -0.00165229884442, -0.000459550996311, -0.00380714167841, 0.00270362384617, -0.000382751983125, -0.00871375948191, 0.0227958094329]]
    },
    "melbands": {
        "max": [0.0245074871927, 0.0227976962924, 0.00896955654025, 0.00428882148117, 0.00606009736657, 0.00572173995897, 0.00187315209769, 0.00683886092156, 0.0106320446357, 0.0068287383765, 0.00380868837237, 0.00565519789234, 0.00220068707131, 0.00774805666879, 0.00352159561589, 0.00148117356002, 0.00204625795595, 0.000841120141558, 0.000881785526872, 0.00119223759975, 0.00148106389679, 0.000498112174682, 0.000324466906022, 0.000193309024326, 0.000147039289004, 0.000122235331219, 0.000227667900617, 0.00029745316715, 0.000146008955198, 5.36773331987e-05, 8.57454288052e-05, 0.000168684346136, 9.38266821322e-05, 0.000188284539036, 0.000156270878506, 0.000164349999977, 0.00021688027482, 0.000397781404899, 0.000339925958542, 0.000130504864501],
        "mean": [0.00285568181425, 0.00224254000932, 0.000839110463858, 0.000526951276697, 0.000458580732811, 0.000272883306025, 0.000117751122161, 0.000134445523145, 0.000353386538336, 0.000158291732077, 9.50627727434e-05, 0.000142868855619, 6.60125588183e-05, 9.86760351225e-05, 6.77534408169e-05, 3.63165745512e-05, 4.31076005043e-05, 2.99413459288e-05, 3.53855466528e-05, 4.51980886282e-05, 5.47638301214e-05, 4.28729217674e-05, 2.70695327345e-05, 2.02286246349e-05, 1.30478902065e-05, 1.16124892884e-05, 1.68403439602e-05, 2.42172700382e-05, 1.29653726617e-05, 4.88144632982e-06, 6.25047186986e-06, 1.26698687382e-05, 7.01498947819e-06, 5.98579163125e-06, 7.69796770328e-06, 1.04739037852e-05, 1.30102935145e-05, 9.6312696769e-06, 4.50668494523e-06, 2.6533905384e-06],
        "min": [1.22905521494e-05, 5.68539871892e-06, 4.84582596982e-06, 7.5750904216e-06, 8.26435007184e-06, 1.36504502279e-06, 3.15581723953e-06, 2.05921242014e-06, 1.22910853406e-06, 8.65883578172e-07, 6.45800241728e-07, 7.69930863953e-07, 4.95288986713e-07, 2.22015827944e-07, 3.7808032971e-07, 3.167496061e-07, 4.5111553959e-07, 3.52339526444e-07, 2.98404501109e-07, 5.60596959076e-07, 1.56845018751e-07, 2.46901095124e-07, 2.05134057296e-07, 3.84520490115e-07, 1.69419493545e-07, 2.19037190163e-07, 2.65075755124e-07, 1.91194970967e-07, 2.04551312777e-07, 3.8401520186e-08, 1.16814007356e-07, 1.43485976878e-07, 1.50647267105e-07, 8.9259174274e-08, 1.48343332285e-07, 7.21567730011e-08, 2.4560748102e-07, 2.05345500603e-07, 5.93867639509e-08, 2.94286426339e-08],
        "stdev": [0.00318451458588, 0.00299144536257, 0.00114917056635, 0.000531395315193, 0.000566736736801, 0.000522664107848, 0.000163470525877, 0.000339286605595, 0.000789875804912, 0.00046105691581, 0.000254924263572, 0.000382501923013, 0.000187861485756, 0.000410582171753, 0.000221784313908, 0.000124696423882, 0.000155204121256, 6.16646721028e-05, 7.64645519666e-05, 0.000103384772956, 0.000108035834273, 6.15455428488e-05, 3.68432120013e-05, 2.74466510746e-05, 1.73524003912e-05, 1.423294907e-05, 2.24978339247e-05, 3.29792819684e-05, 1.63954700838e-05, 7.23575340089e-06, 8.77748243511e-06, 1.94394469872e-05, 9.75265447778e-06, 1.01879086287e-05, 1.27125940708e-05, 1.66455993167e-05, 1.69357408595e-05, 1.74351480382e-05, 1.29103646032e-05, 7.26135567675e-06]
    },
    "melbands128": {
        "max": [0.00898149982095, 0.0296578463167, 0.0358990319073, 0.0291933715343, 0.0331281796098, 0.0239974502474, 0.0134944804013, 0.00835477001965, 0.0083881020546, 0.00512014096603, 0.004220161587, 0.00696988822892, 0.00826008152217, 0.00856818351895, 0.0108626196161, 0.00708555243909, 0.00407123193145, 0.0014538167743, 0.00555016333237, 0.00573682319373, 0.0124754011631, 0.011589246802, 0.0198714043945, 0.0128322476521, 0.01402026508, 0.00683853309602, 0.0100052524358, 0.00550419045612, 0.00721978023648, 0.00816225074232, 0.0103314071894, 0.00372818531469, 0.00231923675165, 0.00622209301218, 0.0172235388309, 0.00897634308785, 0.0101125622168, 0.0045466888696, 0.00307629047893, 0.00144639902283, 0.0032210983336, 0.00422503985465, 0.00435572583228, 0.00225566630252, 0.00159300619271, 0.00116413086653, 0.00311725703068, 0.000959764409345, 0.00169089739211, 0.00218453723937, 0.00238627404906, 0.00182281632442, 0.00308873387985, 0.00231927121058, 0.00147944991477, 0.000982837635092, 0.000565768626984, 0.000684145779815, 0.000509458826855, 0.00063001178205, 0.000330490554916, 0.000476660148706, 0.000281195883872, 0.000256554805674, 0.000212477199966, 0.000166445126524, 0.000301858235616, 0.000270777702099, 0.000403516169172, 0.000418253010139, 0.00061458919663, 0.00054295262089, 0.000314931879984, 0.000217026565224, 0.000223960771109, 6.41516016913e-05, 6.6111148044e-05, 9.87980092759e-05, 7.16352151358e-05, 0.000123628677102, 0.000313152617309, 0.000188722988241, 0.000143335448229, 0.000112500791147, 0.000126961196656, 0.000199133748538, 0.000262361892965, 0.000302566564642, 0.000126463957713, 0.000384681829019, 0.000172688436578, 0.000231559606618, 0.000317682977766, 0.000267668277957, 0.000318772887113, 0.000212274724618, 0.000645055668429, 0.000525166688021, 0.000216944419662, 0.00040495255962, 0.000183494194061, 0.000130617117975, 8.74466932146e-05, 6.75784322084e-05, 4.17098453909e-05, 2.53020607488e-05, 1.64710490935e-05, 4.01067554776e-05, 6.39534773654e-05, 1.39438252518e-05, 2.40445988311e-05, 1.97857571038e-05, 2.93553439406e-05, 2.76172668237e-05, 2.49131317105e-05, 1.56009227794e-05, 1.23133349916e-05, 8.79547678778e-06, 1.46785951074e-05, 8.94814365893e-06, 9.2373275038e-06, 8.26754785521e-06, 5.85015868637e-06, 7.82351037287e-07, 6.31622327774e-08, 6.42031778852e-08, 6.45561755164e-08, 6.46430464712e-08],
        "mean": [0.000622917024884, 0.00271244416945, 0.00380570231937, 0.00315371784382, 0.00235386844724, 0.00142626219895, 0.000912872725166, 0.000658952456433, 0.000733609311283, 0.000556562503334, 0.000372709939256, 0.00037821746082, 0.000580060645007, 0.000438174640294, 0.000274167803582, 0.000201506598387, 8.6824184109e-05, 0.000121469274745, 0.00013014007709, 7.86259988672e-05, 0.000129151783767, 0.000308058020892, 0.000486907840241, 0.000269607815426, 0.000153617031174, 0.000133604509756, 9.25547356019e-05, 8.00704365247e-05, 9.64385399129e-05, 0.00015900505241, 0.000167107049492, 0.000101422781881, 4.16122384195e-05, 5.07964141434e-05, 8.63681925694e-05, 0.000125236649183, 0.000104747152363, 6.96618735674e-05, 4.46457706857e-05, 2.37316889979e-05, 3.34893884428e-05, 5.39692155144e-05, 5.04192794324e-05, 3.65409141523e-05, 2.28204771702e-05, 2.77134367934e-05, 4.06320614275e-05, 3.22872692777e-05, 3.61460988643e-05, 3.50713889929e-05, 5.06229189341e-05, 4.76580717077e-05, 5.63162793696e-05, 5.53425234102e-05, 5.75750782446e-05, 4.18985000579e-05, 2.99747043755e-05, 3.23978129018e-05, 2.36058403971e-05, 2.12047743844e-05, 2.2699481633e-05, 1.73133266799e-05, 1.42064554893e-05, 1.25279493659e-05, 9.81097582553e-06, 1.09733646241e-05, 1.34643678393e-05, 1.2155855984e-05, 1.796561628e-05, 2.25757958106e-05, 2.64708232862e-05, 2.61590503214e-05, 1.48103945321e-05, 1.31882725327e-05, 6.30305112281e-06, 4.46210924565e-06, 4.45107070846e-06, 4.43922863269e-06, 4.62565776616e-06, 8.43105863169e-06, 1.77636884473e-05, 1.20390013763e-05, 8.34259390103e-06, 5.95656774749e-06, 6.51642358207e-06, 5.7318538893e-06, 4.91767696076e-06, 8.199777767e-06, 6.89375019647e-06, 8.55681810208e-06, 9.81437005976e-06, 1.16706059998e-05, 1.01533032648e-05, 1.10797154775e-05, 1.81538598554e-05, 1.21415005196e-05, 7.34306422601e-06, 5.9617241277e-06, 5.05122307004e-06, 3.43549663739e-06, 2.76260379906e-06, 2.83669191958e-06, 2.0868685624e-06, 1.79804135314e-06, 1.62751791777e-06, 1.53529254021e-06, 9.71485974333e-07, 1.53805626724e-06, 1.16256853744e-06, 8.07157277904e-07, 9.30020291889e-07, 1.2425712157e-06, 1.26774227738e-06, 1.17603633498e-06, 1.0131259387e-06, 6.97066013799e-07, 6.71277177844e-07, 5.30024067302e-07, 7.52741300403e-07, 4.20773176302e-07, 3.60638182428e-07, 3.85483161836e-07, 2.5688618166e-07, 1.06150261914e-08, 5.12026671062e-11, 5.15711119642e-11, 5.16371528869e-11, 5.1618997271e-11],
        "min": [3.92162480267e-09, 1.46542936363e-06, 4.32717206422e-06, 1.03401380329e-05, 4.60875435238e-06, 2.2640779207e-06, 3.58045463145e-06, 3.82830830858e-06, 6.58821363686e-06, 4.56118777947e-06, 2.508964144e-06, 1.67133339346e-06, 3.51808216692e-06, 1.61720754477e-06, 6.40467476387e-07, 5.92293645241e-07, 6.86444934672e-07, 9.98275140773e-07, 1.12157113108e-06, 6.00059422595e-07, 2.7903573141e-07, 1.25026633668e-06, 8.12019720797e-07, 3.08338030663e-07, 3.88461472767e-07, 1.85073417924e-07, 2.14210444938e-07, 2.4261024123e-07, 3.00044575852e-07, 1.7991982304e-07, 2.75455278143e-07, 2.11126717886e-07, 9.66644790878e-08, 8.66796767696e-08, 7.29401605781e-08, 1.14625009928e-07, 2.64852644705e-07, 2.1165334374e-07, 1.74268677711e-07, 8.77267112287e-08, 1.13331843465e-07, 2.08645232647e-07, 1.6550605153e-07, 1.48995908944e-07, 5.28199244343e-08, 1.48311059434e-07, 1.14115401573e-07, 2.68802750725e-07, 5.9541939379e-08, 5.15257596589e-08, 2.0367049558e-07, 3.37829355601e-08, 6.24752800604e-08, 2.30694510606e-07, 2.01814614798e-07, 2.11183007082e-07, 1.36065750667e-07, 1.92082723061e-07, 1.48233880282e-07, 1.46644964616e-07, 2.33908153291e-07, 1.44992625906e-07, 8.59765236783e-08, 7.87188909612e-08, 6.77089104784e-08, 1.12962155185e-07, 1.00277709691e-07, 1.27201147393e-07, 1.41165500622e-07, 7.74664954406e-08, 1.90403383726e-07, 1.27847670228e-07, 1.81430195312e-07, 9.84649872748e-08, 8.04137485488e-08, 1.80006036743e-08, 2.15135926851e-08, 5.29479322608e-08, 6.24944291872e-08, 8.34162250385e-08, 1.37080547802e-07, 6.46835971452e-08, 1.33063323915e-07, 7.67349916941e-08, 9.59373309684e-08, 6.28534024827e-08, 5.88497997001e-08, 6.8501918804e-08, 5.58572565978e-08, 1.42059107588e-07, 6.6022685985e-08, 4.36936957726e-08, 6.04280074867e-08, 1.20955007787e-07, 3.27527970967e-07, 2.50925012324e-07, 1.21748726656e-07, 5.32384376584e-08, 3.46880923985e-08, 3.45223405418e-08, 1.83397865783e-08, 2.23340919092e-08, 1.34734996493e-08, 8.51121306766e-09, 1.12183906609e-08, 4.94872409718e-09, 2.47278686416e-09, 4.62788785072e-09, 2.27805285746e-09, 1.71933389748e-09, 2.33927588411e-09, 2.86137202821e-09, 1.43925349416e-09, 7.81933851002e-10, 3.17428777707e-10, 2.06149808335e-09, 8.39351088633e-10, 6.96480460111e-12, 1.88971898568e-13, 1.73101292957e-13, 1.66733976886e-13, 1.78566688346e-13, 1.67135091032e-13, 1.28846477758e-13, 8.95272761091e-14, 2.91771950567e-14, 4.76690830364e-15, 1.95484245738e-16],
        "stdev": [0.000852011144161, 0.0033620535396, 0.00473483931273, 0.00371723412536, 0.00398323498666, 0.00293909898028, 0.00163072452415, 0.000896685407497, 0.00107899622526, 0.000648335320875, 0.000509129662532, 0.000543133064639, 0.000884058594238, 0.000880793028045, 0.000742124044336, 0.000633550516795, 0.000258885993389, 0.000158341223141, 0.000238897031522, 0.000292008859105, 0.000593737640884, 0.000778731773607, 0.00130678713322, 0.000945759529714, 0.00074016826693, 0.00051832513418, 0.000371044414351, 0.000330541806761, 0.00034716213122, 0.000559226784389, 0.000560100306757, 0.000330546172336, 0.000154382520122, 0.000334195996402, 0.000737895548809, 0.000469791702926, 0.000462438212708, 0.000304072338622, 0.000213762512431, 7.96212116256e-05, 0.000186443096027, 0.000303615990561, 0.000264621019596, 0.000142157354276, 8.05877061794e-05, 7.38350208849e-05, 0.000117993527965, 8.4388331743e-05, 0.000124016572954, 0.000130226399051, 0.000169931634446, 0.000137672250276, 0.00018246108084, 0.000153271001182, 0.000126385464682, 8.31847355585e-05, 6.35469114059e-05, 6.10923380009e-05, 4.07932420785e-05, 4.40318108303e-05, 3.81052450393e-05, 3.21208935929e-05, 2.42021687882e-05, 2.10993930523e-05, 1.6551983208e-05, 1.67618909472e-05, 2.22074431804e-05, 2.04837197089e-05, 3.12100200972e-05, 4.02826553909e-05, 4.7710196668e-05, 4.82252253278e-05, 2.44291131821e-05, 2.07892680919e-05, 1.16329019875e-05, 6.91098102834e-06, 8.74597117217e-06, 7.96026415628e-06, 7.56338522478e-06, 1.37984698085e-05, 3.422732334e-05, 1.86595207197e-05, 1.2368976968e-05, 8.85541612661e-06, 1.21152343127e-05, 1.12271054604e-05, 1.09424436232e-05, 1.53767650772e-05, 1.13126416181e-05, 1.91513863683e-05, 1.66037279996e-05, 1.97477475012e-05, 1.75361656147e-05, 1.86791003216e-05, 2.1421994461e-05, 1.73452954186e-05, 2.21906702791e-05, 1.82981038961e-05, 1.25288479467e-05, 1.36192629725e-05, 9.52870414039e-06, 7.45051465856e-06, 4.5574242904e-06, 3.83063115805e-06, 3.18527008858e-06, 3.01081831822e-06, 1.80268921213e-06, 3.40091560247e-06, 2.7313026294e-06, 1.54135841512e-06, 1.97177337213e-06, 2.06521053769e-06, 2.52697691394e-06, 2.92695472126e-06, 2.47553430199e-06, 1.58205875778e-06, 1.54765837124e-06, 1.25194844713e-06, 1.93364871848e-06, 1.08197843929e-06, 9.59875819717e-07, 9.07411902062e-07, 6.86008831963e-07, 4.04540543286e-08, 1.68705827086e-09, 1.71479597189e-09, 1.72419833966e-09, 1.72650727048e-09]
    },
    "mfcc": {
        "mean": [-600.512329102, 82.8134841919, 25.3029670715, 24.787443161, 14.0907382965, 4.01374673843, 1.38303613663, 12.1223716736, 1.02163553238, 8.77294921875, -7.93414735794, 7.5368013382, -0.575167536736],
        "cov": [[1633.46228027, -281.424591064, -391.789154053, -87.3597640991, -110.245147705, -9.35744380951, 68.1256790161, -13.8355093002, 86.4451141357, -8.38005542755, 9.57808685303, -71.2184906006, 13.8766450882], [-281.424591064, 555.087219238, -201.201477051, -22.3406143188, 6.44996500015, -70.0231552124, 71.7654800415, 9.05182743073, -44.9840888977, 99.7816619873, -48.4291343689, -0.915315628052, -0.211958244443], [-391.789154053, -201.201477051, 519.342834473, 38.6982154846, 11.1907453537, 89.4398574829, -33.3268585205, 51.3861923218, 0.259895205498, -79.3809967041, 59.1137046814, 21.8488750458, 2.38133621216], [-87.3597640991, -22.3406143188, 38.6982154846, 244.078933716, 102.402008057, -74.2268600464, -76.7227706909, 17.2406730652, 27.2005081177, -21.365190506, -40.879234314, 45.8415908813, 29.5408573151], [-110.245147705, 6.44996500015, 11.1907453537, 102.402008057, 201.793746948, -5.2195057869, -80.9468231201, 8.94567108154, 30.9339447021, 15.0348463058, -5.44300985336, 30.3976669312, 15.0440578461], [-9.35744380951, -70.0231552124, 89.4398574829, -74.2268600464, -5.2195057869, 200.717147827, 81.3083343506, 0.733690679073, -9.12506484985, -20.2192573547, 58.4293251038, -7.79526662827, -18.1567153931], [68.1256790161, 71.7654800415, -33.3268585205, -76.7227706909, -80.9468231201, 81.3083343506, 179.517883301, 30.4012756348, -18.3869762421, 24.3912448883, 22.3261699677, -20.1500892639, -7.08200836182], [-13.8355093002, 9.05182743073, 51.3861923218, 17.2406730652, 8.94567108154, 0.733690679073, 30.4012756348, 101.129364014, 44.2904281616, 9.06513214111, 4.85158634186, 1.26273167133, 1.6034361124], [86.4451141357, -44.9840888977, 0.259895205498, 27.2005081177, 30.9339447021, -9.12506484985, -18.3869762421, 44.2904281616, 111.330467224, 30.9982051849, 7.46222877502, 0.209161862731, 3.57492470741], [-8.38005542755, 99.7816619873, -79.3809967041, -21.365190506, 15.0348463058, -20.2192573547, 24.3912448883, 9.06513214111, 30.9982051849, 115.898696899, 15.0798063278, -9.87589073181, 5.08230829239], [9.57808685303, -48.4291343689, 59.1137046814, -40.879234314, -5.44300985336, 58.4293251038, 22.3261699677, 4.85158634186, 7.46222877502, 15.0798063278, 91.6823883057, 4.58185577393, -11.3702688217], [-71.2184906006, -0.915315628052, 21.8488750458, 45.8415908813, 30.3976669312, -7.79526662827, -20.1500892639, 1.26273167133, 0.209161862731, -9.87589073181, 4.58185577393, 81.9970474243, 25.1929969788], [13.8766450882, -0.211958244443, 2.38133621216, 29.5408573151, 15.0440578461, -18.1567153931, -7.08200836182, 1.6034361124, 3.57492470741, 5.08230829239, -11.3702688217, 25.1929969788, 58.9740333557]],
        "icov": [[0.00129201437812, 0.00101195310708, 0.00147696537897, 8.85755507625e-05, 0.000333779753419, 0.000213015679037, -0.000538574066013, -0.000210995451198, -0.000847424031235, 0.000818459142465, -0.000726527185179, 0.00091676611919, -0.00103375606705], [0.00101195310708, 0.00386832980439, 0.00165740598459, 0.000385072373319, -0.000516194035299, 0.00107087718789, -0.00171299057547, -0.00111001741607, 0.00152921909466, -0.00191396172158, 0.00102142221294, -0.000182794334251, 0.000149088955368], [0.00147696537897, 0.00165740598459, 0.00483380630612, -0.000670660985634, 0.00107761682011, -0.00135122484062, 0.00110344402492, -0.00286370096728, 0.000279634114122, 0.0019077823963, -0.00250349380076, 0.00110259559005, -0.00181640812661], [8.85755507625e-05, 0.000385072373319, -0.000670660985634, 0.00743727758527, -0.00342838512734, 0.00278045097366, -0.000789154495578, -0.000109736436571, -0.00118272949476, 0.00159149616957, 0.00201083999127, -0.00222485349514, -0.000806320167612], [0.000333779753419, -0.000516194035299, 0.00107761682011, -0.00342838512734, 0.00935622956604, -0.00415002182126, 0.00547421397641, -0.00199135532603, -0.000192411214812, -0.00227647810243, -0.000262529938482, -0.000533045211341, -0.00097455229843], [0.000213015679037, 0.00107087718789, -0.00135122484062, 0.00278045097366, -0.00415002182126, 0.0110959634185, -0.00709828129038, 0.00304904184304, -0.00143247912638, 0.00316464412026, -0.00333185400814, -3.68780820281e-05, 0.00134253222495], [-0.000538574066013, -0.00171299057547, 0.00110344402492, -0.000789154495578, 0.00547421397641, -0.00709828129038, 0.0138496058062, -0.00616443855688, 0.00348071963526, -0.00314709614031, -8.18559346953e-05, 0.00051870313473, -0.00145692296792], [-0.000210995451198, -0.00111001741607, -0.00286370096728, -0.000109736436571, -0.00199135532603, 0.00304904184304, -0.00616443855688, 0.0165835339576, -0.00757946260273, 0.00168690108694, 0.000257669569692, -0.000186481163837, 0.000915243988857], [-0.000847424031235, 0.00152921909466, 0.000279634114122, -0.00118272949476, -0.000192411214812, -0.00143247912638, 0.00348071963526, -0.00757946260273, 0.0157115776092, -0.00609169667587, 0.000479410082335, -0.000271058088401, 0.000798955676146], [0.000818459142465, -0.00191396172158, 0.0019077823963, 0.00159149616957, -0.00227647810243, 0.00316464412026, -0.00314709614031, 0.00168690108694, -0.00609169667587, 0.0160941947252, -0.00580369308591, 0.0029397374019, -0.00333493575454], [-0.000726527185179, 0.00102142221294, -0.00250349380076, 0.00201083999127, -0.000262529938482, -0.00333185400814, -8.18559346953e-05, 0.000257669569692, 0.000479410082335, -0.00580369308591, 0.0177716072649, -0.00424341764301, 0.0040030120872], [0.00091676611919, -0.000182794334251, 0.00110259559005, -0.00222485349514, -0.000533045211341, -3.68780820281e-05, 0.00051870313473, -0.000186481163837, -0.000271058088401, 0.0029397374019, -0.00424341764301, 0.0171039514244, -0.00731610367075], [-0.00103375606705, 0.000149088955368, -0.00181640812661, -0.000806320167612, -0.00097455229843, 0.00134253222495, -0.00145692296792, 0.000915243988857, 0.000798955676146, -0.00333493575454, 0.0040030120872, -0.00731610367075, 0.0222758390009]]
    },
    "spectral_contrast_coeffs": {
        "max": [-0.498021870852, -0.51696318388, -0.475115567446, -0.564972162247, -0.635653793812, -0.701093196869],
        "mean": [-0.743995904922, -0.758029520512, -0.76816380024, -0.794478654861, -0.778477072716, -0.78729146719],
        "min": [-0.91258007288, -0.929155528545, -0.96060281992, -0.908150374889, -0.877279996872, -0.852875709534],
        "stdev": [0.0600103884935, 0.0695197507739, 0.0696122199297, 0.0621630512178, 0.0477699153125, 0.0238157454878]
    },
    "spectral_contrast_valleys": {
        "max": [-4.98363828659, -5.4979968071, -5.66814374924, -5.83297586441, -5.61067771912, -7.16644001007],
        "mean": [-6.21190214157, -6.72622251511, -7.38639688492, -7.513712883, -7.13902044296, -9.0556268692],
        "min": [-7.75145149231, -8.21524715424, -8.94972896576, -9.07734966278, -8.52033519745, -10.4555683136],
        "stdev": [0.413216561079, 0.428051769733, 0.559327185154, 0.508087337017, 0.502806246281, 0.594738900661]
    }
},
"rhythm": {
    "beats_count": 77,
    "beats_loudness": {
        "max": 0.0856458693743,
        "mean": 0.0497912988067,
        "min": 0.0204891115427,
        "stdev": 0.0147416247055
    },
    "bpm": 143.940475464,
    "bpm_histogram_first_peak_bpm": 144,
    "bpm_histogram_first_peak_weight": 0.120000004768,
    "bpm_histogram_second_peak_bpm": 152,
    "bpm_histogram_second_peak_spread": 0,
    "bpm_histogram_second_peak_weight": 0.0131578948349,
    "danceability": 1.59202921391,
    "onset_rate": 4.82958936691,
    "beats_loudness_band_ratio": {
        "max": [0.887910068035, 0.295038193464, 0.403706103563, 0.46982884407, 0.337844640017, 0.302911013365],
        "mean": [0.623608469963, 0.0895984321833, 0.0764740109444, 0.0737609192729, 0.0699784830213, 0.093504242599],
        "min": [0.23854483664, 0.0109496330842, 0.0127899413928, 0.0046676164493, 0.00368434120901, 0.0235081389546],
        "stdev": [0.146288380027, 0.0609889663756, 0.0801791623235, 0.0900870859623, 0.0558805279434, 0.0561155751348]
    },
