{
"metadata": {
    "version": {
        "essentia": "2.1-beta5",
        "essentia_git_sha": "Undefined",
        "extractor": "music 2.0"
    },
    "audio_properties": {
        "analysis": {
            "equal_loudness": 0,
            "length": 43.6535148621,
            "sample_rate": 44100,
            "start_time": 142.744674683,
            "downmix": "mix"
        },
        "bit_rate": 192000,
        "length": 186.421417236,
        "lossless": 0,
        "number_channels": 2,
        "replay_gain": -10.1426010132,
        "sample_rate": 48000,
        "codec": "mp3",
        "md5_encoded": "3a3c728e3687561f87406dca338d944d"
    },
    "tags": {
        "file_name": "Israel_Light A Candle_Sarit Hadad.mp3",
        "encoding": ["Lavf58.29.100"]
    }
},
"lowlevel": {
    "average_loudness": 0.872447669506,
    "barkbands_crest": {
        "max": 19.6893234253,
        "mean": 7.78572177887,
        "min": 3.06735515594,
        "stdev": 2.88311576843
    },
    "barkbands_flatness_db": {
        "max": 0.264688938856,
        "mean": 0.144469976425,
        "min": 0.0436719246209,
        "stdev": 0.0384140238166
    },
    "barkbands_kurtosis": {
        "max": 36.217590332,
        "mean": 0.98487496376,
        "min": -1.71871399879,
        "stdev": 2.41307330132
    },
    "barkbands_skewness": {
        "max": 5.65770101547,
        "mean": 0.118569754064,
        "min": -2.13339614868,
        "stdev": 1.09898126125
    },
    "barkbands_spread": {
        "max": 55.0012626648,
        "mean": 21.6245326996,
        "min": 3.83965754509,
        "stdev": 8.58484554291
    },
    "dissonance": {
        "max": 0.500000059605,
        "mean": 0.475083768368,
        "min": 0.371031731367,
        "stdev": 0.0200492292643
    },
    "dynamic_complexity": 2.80836606026,
    "erbbands_crest": {
        "max": 27.9100627899,
        "mean": 10.3865766525,
        "min": 2.61816740036,
        "stdev": 5.26602745056
    },
    "erbbands_flatness_db": {
        "max": 0.316573679447,
        "mean": 0.199711814523,
        "min": 0.084082134068,
        "stdev": 0.0541455559433
    },
    "erbbands_kurtosis": {
        "max": 14.6567306519,
        "mean": 1.01776170731,
        "min": -1.54028332233,
        "stdev": 1.85954463482
    },
    "erbbands_skewness": {
        "max": 2.22042250633,
        "mean": 0.0206405539066,
        "min": -2.28481268883,
        "stdev": 0.670939803123
    },
    "erbbands_spread": {
        "max": 87.1399917603,
        "mean": 25.2695980072,
        "min": 4.44177961349,
        "stdev": 12.0561408997
    },
    "hfc": {
        "max": 100.567642212,
        "mean": 23.9551868439,
        "min": 1.05726566449e-16,
        "stdev": 19.4019031525
    },
    "loudness_ebu128": {
        "integrated": -12.2735366821,
        "loudness_range": 5.4340171814,
        "momentary": {
            "max": -8.72560882568,
            "mean": -47.236579895,
            "min": -300.691009521,
            "stdev": 92.5443115234
        },
        "short_term": {
            "max": -10.5842704773,
            "mean": -31.6114578247,
            "min": -300.691009521,
            "stdev": 69.0418319702
        }
    },
    "melbands_crest": {
        "max": 25.8578624725,
        "mean": 8.85805416107,
        "min": 1.57963228226,
        "stdev": 4.26340961456
    },
    "melbands_flatness_db": {
        "max": 0.321973592043,
        "mean": 0.13634313643,
        "min": 0.00347567955032,
        "stdev": 0.0599511750042
    },
    "melbands_kurtosis": {
        "max": 124.973327637,
        "mean": 2.12741804123,
        "min": -1.52770709991,
        "stdev": 6.23824977875
    },
    "melbands_skewness": {
        "max": 9.55114269257,
        "mean": 0.911567687988,
        "min": -1.08148002625,
        "stdev": 1.03834295273
    },
    "melbands_spread": {
        "max": 162.786148071,
        "mean": 46.5054130554,
        "min": 3.09511327744,
        "stdev": 36.2257461548
    },
    "pitch_salience": {
        "max": 0.846526563168,
        "mean": 0.622521221638,
        "min": 0.238356396556,
        "stdev": 0.104054234922
    },
    "silence_rate_20dB": {
        "max": 1,
        "mean": 1,
        "min": 1,
        "stdev": 0
    },
    "silence_rate_30dB": {
        "max": 1,
        "mean": 1,
        "min": 1,
        "stdev": 0
    },
    "silence_rate_60dB": {
        "max": 1,
        "mean": 0.153110042214,
        "min": 0,
        "stdev": 0.360093802214
    },
    "spectral_centroid": {
        "max": 11900.453125,
        "mean": 2843.11914062,
        "min": 526.192626953,
        "stdev": 3135.40869141
    },
    "spectral_complexity": {
        "max": 57,
        "mean": 19.4173316956,
        "min": 0,
        "stdev": 10.4223127365
    },
    "spectral_decrease": {
        "max": 2.04980503619e-28,
        "mean": -5.04255392997e-09,
        "min": -3.31384875096e-08,
        "stdev": 4.16739087683e-09
    },
    "spectral_energy": {
        "max": 0.132675677538,
        "mean": 0.0212045777589,
        "min": 9.73268867445e-21,
        "stdev": 0.0170578751713
    },
    "spectral_energyband_high": {
        "max": 0.00655909674242,
        "mean": 0.000593693810515,
        "min": 6.93286324672e-21,
        "stdev": 0.00072664488107
    },
    "spectral_energyband_low": {
        "max": 0.111676521599,
        "mean": 0.00352129852399,
        "min": 1.06671301994e-23,
        "stdev": 0.00891972426325
    },
    "spectral_energyband_middle_high": {
        "max": 0.0657308921218,
        "mean": 0.0107536213472,
        "min": 1.13432099329e-21,
        "stdev": 0.0101622417569
    },
    "spectral_energyband_middle_low": {
        "max": 0.0758863016963,
        "mean": 0.00698295608163,
        "min": 1.33225606464e-22,
        "stdev": 0.00683623598889
    },
    "spectral_entropy": {
        "max": 9.83036994934,
        "mean": 7.78399133682,
        "min": 6.10390233994,
        "stdev": 0.810713946819
    },
    "spectral_flux": {
        "max": 0.320167779922,
        "mean": 0.0735726952553,
        "min": 6.34555533119e-11,
        "stdev": 0.0477624237537
    },
    "spectral_kurtosis": {
        "max": 17.3102836609,
        "mean": 3.76143312454,
        "min": -1.26084780693,
        "stdev": 2.88355398178
    },
    "spectral_rms": {
        "max": 0.0113771557808,
        "mean": 0.0040277983062,
        "min": 3.08144547205e-12,
        "stdev": 0.00211286661215
    },
    "spectral_rolloff": {
        "max": 19767.4804688,
        "mean": 3988.70141602,
        "min": 129.19921875,
        "stdev": 5619.37792969
    },
    "spectral_skewness": {
        "max": 2.55017495155,
        "mean": 1.25115907192,
        "min": -0.130026891828,
        "stdev": 0.564767003059
    },
    "spectral_spread": {
        "max": 43103120,
        "mean": 8001308,
        "min": 1982108.625,
        "stdev": 12291936
    },
    "spectral_strongpeak": {
        "max": 14.5523719788,
        "mean": 2.26135087013,
        "min": 0,
        "stdev": 2.49531173706
    },
    "zerocrossingrate": {
        "max": 0.64794921875,
        "mean": 0.123520098627,
        "min": 0.01806640625,
        "stdev": 0.14400011301
    },
    "barkbands": {
        "max": [0.0020137145184, 0.059009000659, 0.0573733896017, 0.0194626953453, 0.0520922988653, 0.0116562247276, 0.0179541725665, 0.0176034085453, 0.0281278304756, 0.0276479367167, 0.0429177880287, 0.0354830436409, 0.0162038244307, 0.0389361456037, 0.0216248165816, 0.0178308747709, 0.0140448827296, 0.011273374781, 0.00464314036071, 0.00348325097002, 0.00129720359109, 0.00119542866014, 0.00123958743643, 0.00141957274172, 0.000626488064881, 4.90547654408e-06, 3.94895732825e-06],
        "mean": [5.79343759455e-05, 0.00155356724281, 0.00146960292477, 0.0010159740923, 0.00157341244631, 0.00128781737294, 0.00106536736712, 0.000720206531696, 0.00099755753763, 0.00115884456318, 0.00222522672266, 0.000715911795851, 0.00107859715354, 0.00162529631052, 0.000981906545348, 0.00125339976512, 0.00065172376344, 0.000714147463441, 0.000335736083798, 0.000375198666006, 0.000107082618342, 6.71708985465e-05, 7.6039796113e-05, 8.0059398897e-05, 1.67633661476e-05, 3.52138336268e-08, 2.77113265668e-09],
        "min": [8.68892015021e-26, 2.39647936068e-24, 4.0106706545e-25, 5.59415139607e-25, 5.88265291608e-24, 6.2411266942e-24, 3.09115204875e-24, 4.50616794484e-24, 8.85565075895e-24, 1.14174284281e-23, 6.29209933602e-24, 1.7089614438e-23, 2.2457047703e-23, 3.05068762584e-23, 3.38417068491e-23, 6.49057902747e-23, 6.77211275603e-23, 9.27160465028e-23, 1.01655418281e-22, 1.63813580779e-22, 2.28167679602e-22, 3.00034321706e-22, 3.61926202628e-22, 5.52984678802e-22, 7.55538511817e-22, 1.20798601107e-21, 1.9546041595e-21],
        "stdev": [0.000191122235265, 0.0046842424199, 0.00423669349402, 0.0015276389895, 0.00307609257288, 0.00151707825717, 0.00162875663955, 0.00110314192716, 0.00210631731898, 0.00245188246481, 0.00403684563935, 0.00219868100248, 0.00187943084165, 0.00452696671709, 0.0018181190826, 0.00231823907234, 0.0011988497572, 0.00110470270738, 0.000437186157797, 0.000456227950053, 0.000145418991451, 0.00013162320829, 0.000124187150504, 0.000124009864521, 3.56418240699e-05, 2.18608363411e-07, 9.10189257297e-08]
    },
    "erbbands": {
        "max": [0.815330684185, 16.9285774231, 68.0460662842, 41.846736908, 220.079071045, 102.114051819, 68.2039871216, 118.42893219, 281.77255249, 491.468261719, 530.910339355, 695.842102051, 596.553222656, 1561.24511719, 2230.42089844, 1053.73193359, 873.010498047, 2223.80859375, 1085.3762207, 1732.1463623, 1083.00061035, 909.730895996, 772.047119141, 340.64944458, 215.820968628, 240.344024658, 91.3358535767, 36.1487388611, 45.8616600037, 44.4438056946, 38.0671615601, 36.2378387451, 19.8111515045, 11.0348300934, 2.2935590744, 0.153141513467, 0.00672527588904, 0.00242686388083, 0.000565973052289, 0.000161349409609],
        "mean": [0.0297858286649, 0.407792568207, 1.60603404045, 2.59574580193, 4.85866785049, 4.82116603851, 6.63928127289, 11.555056572, 13.5614213943, 20.1586971283, 13.6849966049, 24.7590389252, 27.8699874878, 49.3443450928, 95.0360412598, 30.8642692566, 53.9338531494, 91.0824813843, 50.9500312805, 85.3998184204, 41.7089309692, 35.8102455139, 30.477973938, 31.7369327545, 15.2828760147, 20.96758461, 8.3493938446, 2.69328069687, 2.37969088554, 2.11701965332, 2.29660725594, 2.32419705391, 0.877860844135, 0.294730812311, 0.067929148674, 0.00414300058037, 0.000147729209857, 1.90631071746e-05, 1.54430072143e-05, 2.69846677838e-05],
        "min": [4.00679808702e-23, 2.86481060266e-22, 9.92209203209e-22, 3.1322866027e-21, 8.18357648877e-21, 2.12285919883e-20, 3.51406874481e-20, 6.26035232245e-20, 1.21013977451e-19, 1.0697601806e-19, 1.84387153462e-19, 2.51148189842e-19, 4.63500730077e-19, 6.66565557146e-19, 7.01322497414e-19, 9.95261955265e-19, 1.54279710114e-18, 1.88446322598e-18, 1.8051039316e-18, 2.28370091465e-18, 3.42620980775e-18, 3.55683403418e-18, 5.13034828057e-18, 5.53378246329e-18, 6.34854089099e-18, 7.34047437487e-18, 8.19737393247e-18, 9.54944944734e-18, 1.01156214894e-17, 9.56182324213e-18, 9.6092347533e-18, 1.01940109145e-17, 9.63965183878e-18, 7.71823866164e-18, 5.99235816e-18, 3.80668187025e-18, 2.20246371349e-18, 9.55827670525e-19, 2.45268848542e-19, 2.44578227048e-20],
        "stdev": [0.0728972703218, 1.30419778824, 5.00013017654, 3.88962841034, 11.293050766, 7.79505205154, 7.8118853569, 14.258105278, 20.0483074188, 36.3898239136, 22.9829769135, 51.167388916, 52.2005844116, 100.588821411, 180.057418823, 69.6245193481, 89.4019775391, 250.452209473, 80.1730575562, 165.28729248, 79.9901733398, 65.1963119507, 45.4068374634, 42.3542823792, 18.3404769897, 27.5118255615, 10.3084669113, 4.09793186188, 4.6459031105, 4.21083831787, 3.63359880447, 3.42022132874, 1.57999527454, 0.613561630249, 0.160217672586, 0.0112613504753, 0.000339425110724, 6.13527736277e-05, 1.75734385266e-05, 2.10540747503e-05]
    },
    "gfcc": {
        "mean": [-166.863708496, 98.9540634155, -152.387802124, 36.0745353699, -61.0363235474, 17.3852748871, -35.5565757751, 3.17660450935, -14.385055542, -14.0953903198, 5.33687639236, -18.2050189972, 3.67364954948],
        "cov": [[176353.609375, 16098.9511719, -23390.84375, 6464.28759766, -9276.80957031, 2771.19238281, -5705.27636719, 425.636383057, -2317.60107422, -2244.35327148, 885.014404297, -2868.43432617, 641.012390137], [16098.9511719, 2132.54272461, -1799.8795166, 653.763244629, -726.134460449, 180.444015503, -436.125762939, 10.1135091782, -170.784225464, -238.625396729, 82.9108734131, -267.534576416, 139.955703735], [-23390.84375, -1799.8795166, 3917.87109375, -518.749145508, 1390.62109375, -366.708587646, 712.269287109, -19.1459960938, 273.654571533, 355.74987793, -179.99319458, 460.02154541, -44.3527259827], [6464.28759766, 653.763244629, -518.749145508, 606.793029785, -155.765060425, 55.7882232666, -248.906433105, 21.1659698486, -53.4361457825, -101.408630371, 27.5447635651, -75.4820785522, 49.9376754761], [-9276.80957031, -726.134460449, 1390.62109375, -155.765060425, 737.082397461, -147.310501099, 324.763916016, -3.30946063995, 140.363113403, 93.3555984497, -24.9064331055, 133.044418335, -2.13472080231], [2771.19238281, 180.444015503, -366.708587646, 55.7882232666, -147.310501099, 198.425018311, -27.6891422272, -19.4778022766, -66.9407958984, -1.88296937943, 29.343038559, -55.4228973389, -20.1416187286], [-5705.27636719, -436.125762939, 712.269287109, -248.906433105, 324.763916016, -27.6891422272, 313.464141846, -33.651260376, 84.1614379883, 60.2221260071, -3.8203060627, 70.8941040039, -21.0120162964], [425.636383057, 10.1135091782, -19.1459960938, 21.1659698486, -3.30946063995, -19.4778022766, -33.651260376, 159.617019653, 27.0754985809, 12.4088888168, -21.8457317352, 0.17307716608, 16.4253101349], [-2317.60107422, -170.784225464, 273.654571533, -53.4361457825, 140.363113403, -66.9407958984, 84.1614379883, 27.0754985809, 130.204406738, 27.8559417725, 1.53401243687, 23.9251670837, -2.03662371635], [-2244.35327148, -238.625396729, 355.74987793, -101.408630371, 93.3555984497, -1.88296937943, 60.2221260071, 12.4088888168, 27.8559417725, 110.45664978, -5.92801761627, 51.3463478088, -24.2547931671], [885.014404297, 82.9108734131, -179.99319458, 27.5447635651, -24.9064331055, 29.343038559, -3.8203060627, -21.8457317352, 1.53401243687, -5.92801761627, 85.0952758789, -20.5350761414, -7.52170610428], [-2868.43432617, -267.534576416, 460.02154541, -75.4820785522, 133.044418335, -55.4228973389, 70.8941040039, 0.17307716608, 23.9251670837, 51.3463478088, -20.5350761414, 112.062767029, 7.76035499573], [641.012390137, 139.955703735, -44.3527259827, 49.9376754761, -2.13472080231, -20.1416187286, -21.0120162964, 16.4253101349, -2.03662371635, -24.2547931671, -7.52170610428, 7.76035499573, 62.1456184387]],
        "icov": [[0.000679475255311, -0.00179125985596, 0.0019429330714, -0.00247523118742, 0.00129903340712, -0.00198510405608, 0.0015898370184, -0.00123671151232, 0.00161801103968, -0.0007159630768, 0.00036264382652, -3.98383599531e-05, 0.000489208381623], [-0.00179125985596, 0.00638085184619, -0.00545921223238, 0.00544444518164, -0.00185097276699, 0.00526722194627, -0.00467825680971, 0.00330223352648, -0.00383567553945, 0.0022046873346, -0.00210643047467, 0.00297746970318, -0.0048679090105], [0.0019429330714, -0.00545921223238, 0.00772536173463, -0.0074216988869, 0.00113988306839, -0.0045539312996, 0.00320489145815, -0.00302404467948, 0.00490515120327, -0.0049011236988, 0.00404782826081, -0.00393651565537, 0.00340648950078], [-0.00247523118742, 0.00544444518164, -0.0074216988869, 0.0132893081754, -0.0065687559545, 0.00504188286141, -0.00128005398437, 0.00447617005557, -0.00724412035197, 0.00534736411646, -0.00198092102073, -0.00103233789559, -0.0011741729686], [0.00129903340712, -0.00185097276699, 0.00113988306839, -0.0065687559545, 0.0102230757475, -0.00268014078029, -0.000236155494349, -0.00306479120627, 0.00293241394684, 0.000247495714575, -0.00312469946221, 0.00536952773109, -0.00378200830892], [-0.00198510405608, 0.00526722194627, -0.0045539312996, 0.00504188286141, -0.00268014078029, 0.0160927064717, -0.00983978342265, 0.0035761448089, 0.000281896092929, -0.00332865887322, -0.00122260418721, 0.00242479611188, 0.000422926503234], [0.0015898370184, -0.00467825680971, 0.00320489145815, -0.00128005398437, -0.000236155494349, -0.00983978342265, 0.016441155225, -0.00149846228305, -0.000608821748756, 0.00270381080918, -0.00100425654091, -0.000855654128827, 0.0012313054176], [-0.00123671151232, 0.00330223352648, -0.00302404467948, 0.00447617005557, -0.00306479120627, 0.0035761448089, -0.00149846228305, 0.0100146178156, -0.0053338939324, -0.00108286493924, 0.00198319507763, 0.000196903754841, -0.00291740754619], [0.00161801103968, -0.00383567553945, 0.00490515120327, -0.00724412035197, 0.00293241394684, 0.000281896092929, -0.000608821748756, -0.0053338939324, 0.0172311160713, -0.00479086488485, -0.000947468390223, 0.00257328990847, 0.000925609492697], [-0.0007159630768, 0.0022046873346, -0.0049011236988, 0.00534736411646, 0.000247495714575, -0.00332865887322, 0.00270381080918, -0.00108286493924, -0.00479086488485, 0.0211222693324, -0.00459059886634, -0.00266854721121, 0.00261950865388], [0.00036264382652, -0.00210643047467, 0.00404782826081, -0.00198092102073, -0.00312469946221, -0.00122260418721, -0.00100425654091, 0.00198319507763, -0.000947468390223, -0.00459059886634, 0.0182270668447, -0.0046660406515, 0.00508267618716], [-3.98383599531e-05, 0.00297746970318, -0.00393651565537, -0.00103233789559, 0.00536952773109, 0.00242479611188, -0.000855654128827, 0.000196903754841, 0.00257328990847, -0.00266854721121, -0.0046660406515, 0.0265241861343, -0.0124795446172], [0.000489208381623, -0.0048679090105, 0.00340648950078, -0.0011741729686, -0.00378200830892, 0.000422926503234, 0.0012313054176, -0.00291740754619, 0.000925609492697, 0.00261950865388, 0.00508267618716, -0.0124795446172, 0.0298035312444]]
    },
    "melbands": {
        "max": [0.0115519547835, 0.029387364164, 0.00980870984495, 0.0117941424251, 0.00200429488905, 0.00238850014284, 0.00380681129172, 0.00463518407196, 0.00447206059471, 0.00491933431476, 0.00302630709484, 0.00583906285465, 0.00699752988294, 0.00505769019946, 0.00134295364842, 0.00204903911799, 0.00503426464275, 0.00167116639204, 0.00152227387298, 0.00183509790804, 0.00145320524462, 0.00124559539836, 0.000636618584394, 0.000598101818468, 0.000330338370986, 0.00020619345014, 0.000124829341075, 0.00017413966998, 7.69597463659e-05, 2.77834114968e-05, 2.38298325712e-05, 2.99740495393e-05, 2.87687216769e-05, 2.50188204518e-05, 2.50245084317e-05, 2.18701552512e-05, 2.37274834944e-05, 1.5757890651e-05, 9.59451153904e-06, 8.92731350177e-06],
        "mean": [0.000351664988557, 0.000739756622352, 0.000531316094566, 0.000353305251338, 0.000234110033489, 0.000259417953203, 0.000207789766137, 0.00020829938876, 0.000111820081656, 0.000155612870003, 0.000135422538733, 0.000181225259439, 0.000339837686624, 0.000111372595711, 8.54970421642e-05, 0.000112565794552, 0.000181800045539, 7.41450276109e-05, 8.3145496319e-05, 0.000112006819109, 3.79375196644e-05, 3.86257015634e-05, 2.59783046204e-05, 3.67643806385e-05, 2.47988300544e-05, 1.13567230073e-05, 9.57354313869e-06, 1.48655544763e-05, 6.1232826738e-06, 2.08299684346e-06, 1.38048972076e-06, 1.3479568679e-06, 1.25867109091e-06, 1.12902898763e-06, 1.27428165797e-06, 1.49523316395e-06, 1.34328558943e-06, 6.5222423018e-07, 3.62194214176e-07, 2.07200471891e-07],
        "min": [1.013499599e-24, 8.62922223839e-25, 8.46718922238e-25, 9.42462181444e-25, 1.38644236802e-24, 1.25577692679e-24, 1.95226902394e-24, 7.57541943992e-25, 1.47742209065e-24, 1.3320711162e-24, 1.66870528016e-24, 2.17249118133e-24, 1.84166599186e-24, 2.50575059833e-24, 2.05285726961e-24, 2.16380720327e-24, 2.87235043264e-24, 2.50244112962e-24, 2.62478970893e-24, 2.44578513941e-24, 3.689441317e-24, 2.88903996838e-24, 2.75973462196e-24, 4.06167992905e-24, 3.74511951412e-24, 3.11265126943e-24, 4.35260788659e-24, 4.64729121648e-24, 4.46036668068e-24, 4.29397974412e-24, 4.94950974572e-24, 4.39211285744e-24, 4.88073764087e-24, 5.091755172e-24, 4.94125037204e-24, 4.91393842978e-24, 5.67392465929e-24, 5.52615010693e-24, 5.38214946514e-24, 5.3165328039e-24],
        "stdev": [0.000961080484558, 0.00222924235277, 0.000807945791166, 0.000718723225873, 0.00026831132709, 0.000312923861202, 0.00030273309676, 0.000363558327081, 0.000202437047847, 0.000341476348694, 0.000263425259618, 0.000411697052186, 0.000619406695478, 0.000302150554489, 0.000151452652062, 0.000193926141947, 0.000555988634005, 0.000130795728182, 0.000144595920574, 0.000210580270505, 9.53701382969e-05, 8.14110171632e-05, 5.26496587554e-05, 6.39465870336e-05, 3.49939800799e-05, 1.58578586706e-05, 1.10030132419e-05, 2.02372157219e-05, 8.47277442517e-06, 2.87053308057e-06, 2.38101438299e-06, 2.71227827398e-06, 2.5673705295e-06, 2.28018757298e-06, 2.12638042285e-06, 2.19733237827e-06, 2.07441121347e-06, 1.24993118789e-06, 6.90077058607e-07, 4.74068002632e-07]
    },
    "melbands128": {
        "max": [0.00170871813316, 0.00517813116312, 0.0151990018785, 0.0328248143196, 0.0402360223234, 0.023363975808, 0.0104548614472, 0.0133472736925, 0.0306857004762, 0.0119997886941, 0.0054435688071, 0.00316916010343, 0.00294898427092, 0.00385835394263, 0.00410016532987, 0.00495838047937, 0.00620219949633, 0.00535182096064, 0.00398067664355, 0.00921870023012, 0.00356328580528, 0.00387496314943, 0.00682634813711, 0.00453919405118, 0.00592154543847, 0.0103577161208, 0.00682074436918, 0.00588847277686, 0.00337453465909, 0.00777699705213, 0.0115979006514, 0.00933243799955, 0.0136042032391, 0.0152467638254, 0.0100354142487, 0.00759863806888, 0.00353222736157, 0.00257227453403, 0.00387908192351, 0.00464728288352, 0.00327640562318, 0.00502914004028, 0.00842734612525, 0.00699198478833, 0.001843014732, 0.0028582259547, 0.002728194464, 0.00188454589806, 0.0035486323759, 0.00615597423166, 0.00215402757749, 0.00342992902733, 0.00337314093485, 0.0020523534622, 0.00156281201635, 0.00272033270448, 0.00107626162935, 0.00143081322312, 0.00101250084117, 0.00147410272621, 0.000821659399662, 0.00166847126093, 0.000745646073483, 0.000405113882152, 0.000248516502324, 0.000468547310447, 0.00046044687042, 0.000131450156914, 0.000202832219657, 0.000286776659777, 0.000374375114916, 0.000313896511216, 0.000212965431274, 0.000102846395748, 4.96445063618e-05, 3.3276504837e-05, 3.22029591189e-05, 2.29370507441e-05, 3.03889901261e-05, 3.69300432794e-05, 5.03830706293e-05, 3.94744856749e-05, 3.25934561261e-05, 3.55166121153e-05, 3.00602114294e-05, 3.52844799636e-05, 2.63652491412e-05, 2.47482021223e-05, 2.79372725345e-05, 3.13406344503e-05, 2.48532578553e-05, 3.20632207149e-05, 3.00133124256e-05, 3.75355048163e-05, 2.10631587834e-05, 1.60568251886e-05, 1.62577744049e-05, 1.24450525618e-05, 1.10489436338e-05, 1.20576396512e-05, 1.41367936521e-05, 9.45252577367e-06, 4.93655306855e-06, 5.22205573361e-06, 2.8388856208e-06, 2.14220835915e-06, 1.48784215526e-06, 2.66508493496e-07, 2.4493514772e-08, 2.36399895215e-08, 2.28039755967e-08, 2.20430447229e-08, 2.13194901733e-08, 2.06352037679e-08, 2.00004475204e-08, 1.94189908598e-08, 1.88596125383e-08, 1.83699011558e-08, 1.78680128471e-08, 1.74588041801e-08, 1.70763154728e-08, 1.67392411043e-08, 1.64207634157e-08, 1.61355515615e-08, 1.59190953752e-08, 1.57497197506e-08, 1.56239714499e-08, 1.55445096794e-08],
        "mean": [5.11358848598e-05, 0.000185766330105, 0.000431332737207, 0.000751441519242, 0.000856215250678, 0.000683723890688, 0.000490115722641, 0.000543245289009, 0.000511988066137, 0.000357548065949, 0.000233780359849, 0.000236140956986, 0.00018997702864, 0.000291736680083, 0.000284597161226, 0.000230610181461, 0.000225223877351, 0.00020081261755, 0.000169524573721, 0.00029507218278, 0.000180114773684, 8.94225013326e-05, 0.000101576835732, 0.00011982266733, 0.000192156978301, 0.000152630673256, 0.000123780890135, 0.000150112304254, 0.000105719540443, 0.000203106406843, 0.000171894876985, 0.000199881716981, 0.000493669416755, 0.000330617651343, 0.000115474416816, 6.62723177811e-05, 6.18429476162e-05, 4.35003603343e-05, 0.000138474031701, 0.000145035490277, 7.20014431863e-05, 0.000122367768199, 0.00025112403091, 0.000176096495125, 5.3007803217e-05, 6.17102050455e-05, 0.000101238911157, 3.62841965398e-05, 5.98578699282e-05, 0.000232206832152, 9.16946301004e-05, 4.66120181954e-05, 3.68902474293e-05, 3.49289475707e-05, 3.84626655432e-05, 4.40459116362e-05, 3.16619225487e-05, 3.46236629412e-05, 2.12268769246e-05, 1.34181282192e-05, 3.34577562171e-05, 6.50696019875e-05, 3.17556186928e-05, 1.33568237288e-05, 9.07951653062e-06, 1.18406442198e-05, 1.35207046696e-05, 7.65545246395e-06, 5.41102735951e-06, 1.54932604346e-05, 2.16130702029e-05, 1.04707060018e-05, 7.58374881116e-06, 5.93571257923e-06, 3.49978199665e-06, 2.19117941924e-06, 1.39794724419e-06, 1.21027221667e-06, 1.45059209444e-06, 1.45389253703e-06, 1.3589824448e-06, 1.29652312353e-06, 1.34633546622e-06, 1.21060645597e-06, 1.29812463001e-06, 1.0400199244e-06, 1.12954455744e-06, 1.14391275474e-06, 1.33873163577e-06, 1.24231780774e-06, 1.47761761582e-06, 1.3657739828e-06, 1.89609193058e-06, 1.55191787599e-06, 9.04541934688e-07, 7.24421454379e-07, 6.32998592209e-07, 4.95702579428e-07, 3.67253250033e-07, 2.82951901909e-07, 2.65217266815e-07, 1.87944294794e-07, 1.53633791911e-07, 1.15887999641e-07, 6.36322710079e-08, 3.74667195047e-08, 2.40309478983e-08, 2.63459010164e-09, 1.78471959433e-11, 1.68378852528e-11, 1.62043069935e-11, 1.61335805826e-11, 1.57031401771e-11, 1.52325114328e-11, 1.46650712407e-11, 1.41152679822e-11, 1.3279728879e-11, 1.29207634175e-11, 1.25664990566e-11, 1.22660857166e-11, 1.1986898453e-11, 1.17446729425e-11, 1.15190600114e-11, 1.13156758269e-11, 1.11403074265e-11, 1.09815637486e-11, 1.08725632664e-11, 1.08132279172e-11],
        "min": [5.98851237654e-27, 9.0940365866e-26, 2.59236111623e-25, 1.73913002396e-25, 1.63841023574e-25, 2.18350782108e-25, 1.22449380943e-25, 1.23970538961e-25, 3.06232080969e-25, 2.09644987114e-25, 1.71347244628e-25, 4.89891546131e-25, 3.59676076095e-25, 3.46898797406e-25, 2.28528665508e-25, 2.88545400392e-25, 8.58007127362e-25, 3.04793297286e-25, 5.52932773726e-25, 3.6124958243e-25, 1.64238079454e-25, 4.45790918174e-25, 3.15700112813e-25, 2.74916127273e-25, 4.01695319206e-25, 6.74063795533e-25, 2.3966932899e-25, 8.0139817298e-25, 8.11936960243e-25, 8.31384255102e-25, 5.55792394508e-25, 6.4284644945e-25, 6.05665610746e-25, 5.14391988126e-25, 1.70688733126e-24, 8.70740722878e-25, 1.40245427224e-24, 8.84456154399e-25, 5.67761041466e-25, 1.26858536549e-24, 7.39525593512e-25, 4.11281162496e-25, 8.17648658324e-25, 1.41867206916e-24, 1.4095114219e-24, 1.54730856014e-24, 8.23211951946e-25, 1.43796563475e-24, 1.36515367459e-24, 1.75515279967e-24, 5.09615188825e-25, 1.77720126476e-24, 1.52164119565e-24, 1.4322711437e-24, 1.95119893412e-24, 1.00042856823e-24, 1.34165360683e-24, 1.57812817242e-24, 1.1340451381e-24, 7.82371636807e-25, 2.21844075133e-24, 1.55043166046e-24, 1.9252461992e-24, 8.79357154723e-25, 2.77632653617e-24, 1.80197721643e-24, 1.58981652723e-24, 9.3282486498e-25, 2.54361710508e-24, 1.8720746076e-24, 2.53101130503e-24, 2.53114462252e-24, 1.90082799595e-24, 2.06939258304e-24, 2.29612639277e-24, 3.08991965081e-24, 2.18442013872e-24, 2.87829568285e-24, 3.26050845498e-24, 2.33922856934e-24, 2.88850176803e-24, 3.35409496847e-24, 3.03894444519e-24, 3.96505708994e-24, 2.63189241531e-24, 3.14783505745e-24, 4.03255518443e-24, 2.72801156673e-24, 3.27131821596e-24, 2.91023133609e-24, 4.58210724545e-24, 3.0033064705e-24, 3.36539540093e-24, 4.37170502582e-24, 3.50028391041e-24, 3.24920328934e-24, 3.53090394088e-24, 4.18590856112e-24, 3.416959294e-24, 3.74630083333e-24, 3.98177739126e-24, 4.35133939826e-24, 4.14868458158e-24, 3.88495812577e-24, 4.6068325128e-24, 4.42755992778e-24, 4.50806278873e-24, 4.70527052086e-24, 3.72075948937e-24, 3.86145795941e-24, 4.18581665882e-24, 5.0035916828e-24, 5.20014821025e-24, 3.49805458949e-24, 5.6604233049e-24, 4.83959183934e-24, 6.01063218731e-24, 5.23130821601e-24, 4.45421908764e-24, 5.36978249273e-24, 5.45091249809e-24, 4.64804655079e-24, 4.56370430382e-24, 3.75922671369e-24, 4.92677792988e-24, 4.59072002881e-24, 5.22355253002e-24, 5.20570179102e-24],
        "stdev": [0.000173640233697, 0.00046657511848, 0.0011682062177, 0.00255355634727, 0.00297947740182, 0.0017950971378, 0.000789551821072, 0.000886970839929, 0.00144840707071, 0.000848611700349, 0.000380564131774, 0.000373755523469, 0.000288107723463, 0.000431984401075, 0.00042596104322, 0.000412282679463, 0.000393269758206, 0.00042895990191, 0.000312972959364, 0.000667764630634, 0.000316057790769, 0.000169402963365, 0.000296415470075, 0.000269562267931, 0.000434170971857, 0.000537462939974, 0.000384230341297, 0.000376863637939, 0.000265546579612, 0.00057563080918, 0.000584205496125, 0.000496009073686, 0.00104566803202, 0.000895587028936, 0.000518356566317, 0.000326485431287, 0.000245595932938, 0.000148807070218, 0.000310110946884, 0.000334306707373, 0.000232092206716, 0.000356766366167, 0.000904947402887, 0.000675549788866, 0.000152661101311, 0.000159891642397, 0.000257157866145, 0.000116214367154, 0.000203782328754, 0.000578065461013, 0.000202516021091, 0.000165404941072, 0.000171813269844, 0.000112056652142, 0.000112163863378, 0.000138556817546, 6.99452139088e-05, 9.77563249762e-05, 6.27253684797e-05, 4.49992949143e-05, 7.48672900954e-05, 0.000151932166773, 6.36180411675e-05, 2.9122325941e-05, 1.69097929756e-05, 2.45152168645e-05, 2.40406152443e-05, 1.28944948301e-05, 1.02816411527e-05, 2.79208470602e-05, 3.94259150198e-05, 2.21240479732e-05, 1.46609327203e-05, 1.06115285234e-05, 5.47845274923e-06, 3.42136604559e-06, 2.57906458501e-06, 2.2522810923e-06, 2.77338222077e-06, 2.76085506812e-06, 3.07611685457e-06, 3.0134131066e-06, 2.92977256322e-06, 2.53508846981e-06, 2.99619841826e-06, 2.37879612541e-06, 2.36107962337e-06, 2.34116782849e-06, 2.35294783124e-06, 2.29700799537e-06, 2.47662546826e-06, 2.47433172262e-06, 3.04197806145e-06, 2.73552836916e-06, 1.77564493242e-06, 1.47579658005e-06, 1.34561537379e-06, 1.0326609754e-06, 6.94427001235e-07, 6.35167964447e-07, 6.69719497637e-07, 5.01243334838e-07, 3.40791387998e-07, 3.10634021616e-07, 2.01335495831e-07, 1.32737682179e-07, 9.41818356637e-08, 1.26023911307e-08, 5.64555013849e-10, 5.44878309139e-10, 5.25615939662e-10, 5.08242670172e-10, 4.91716112272e-10, 4.75991135396e-10, 4.61324922707e-10, 4.47815173832e-10, 4.3469905453e-10, 4.23408724748e-10, 4.11843753545e-10, 4.02411992617e-10, 3.93590521286e-10, 3.85823900606e-10, 3.78485964792e-10, 3.71913250197e-10, 3.66924851614e-10, 3.63020224992e-10, 3.60114799092e-10, 3.58284291124e-10]
    },
    "mfcc": {
        "mean": [-704.517700195, 102.190811157, -25.4674263, 9.59363651276, 1.15239787102, -1.80452764034, 1.68897020817, 3.24444532394, -9.48915195465, 7.38969421387, -9.57243728638, 1.44703912735, -1.49083328247],
        "cov": [[48290.6484375, 8328.42675781, -1693.46411133, 1399.1229248, 479.503112793, 66.0196990967, 203.413330078, 249.808197021, -801.55090332, 563.690795898, -900.281066895, 166.649368286, -115.567649841], [8328.42675781, 2129.35009766, -219.541183472, 261.154724121, 78.3485794067, -18.1456642151, 63.0222587585, 41.6159896851, -48.0637893677, 75.7368927002, -149.145202637, 25.2381820679, -29.0880336761], [-1693.46411133, -219.541183472, 550.914672852, 171.282608032, 126.240821838, 66.821144104, -12.1055192947, -35.2544174194, 101.834701538, -125.412101746, 76.681022644, -23.0011711121, 39.1598243713], [1399.1229248, 261.154724121, 171.282608032, 436.785064697, 234.73097229, -0.932394385338, -13.9379835129, 15.7001209259, 32.2463188171, -29.1893424988, -91.2355041504, 62.5262260437, 20.1810379028], [479.503112793, 78.3485794067, 126.240821838, 234.73097229, 246.384124756, -22.6623859406, 25.9069213867, 0.713259458542, 37.4154052734, 3.68102645874, -59.9902305603, 56.0620040894, 32.577129364], [66.0196990967, -18.1456642151, 66.821144104, -0.932394385338, -22.6623859406, 193.423812866, 44.0125389099, -0.128243416548, -42.5515441895, -2.20954585075, 32.5928840637, -37.8612174988, -30.822807312], [203.413330078, 63.0222587585, -12.1055192947, -13.9379835129, 25.9069213867, 44.0125389099, 145.616851807, 20.3124198914, -16.735912323, 29.7393798828, -8.80837535858, 1.69141578674, -14.4731264114], [249.808197021, 41.6159896851, -35.2544174194, 15.7001209259, 0.713259458542, -0.128243416548, 20.3124198914, 67.3507156372, 13.6860237122, 18.583524704, -12.4133338928, 15.5463514328, -3.41004872322], [-801.55090332, -48.0637893677, 101.834701538, 32.2463188171, 37.4154052734, -42.5515441895, -16.735912323, 13.6860237122, 137.68347168, -22.4630222321, 21.6534004211, -1.09549093246, 12.2727947235], [563.690795898, 75.7368927002, -125.412101746, -29.1893424988, 3.68102645874, -2.20954585075, 29.7393798828, 18.583524704, -22.4630222321, 119.276329041, -8.38420581818, 21.4253234863, -12.4279441833], [-900.281066895, -149.145202637, 76.681022644, -91.2355041504, -59.9902305603, 32.5928840637, -8.80837535858, -12.4133338928, 21.6534004211, -8.38420581818, 112.035140991, -21.4608421326, 8.62011146545], [166.649368286, 25.2381820679, -23.0011711121, 62.5262260437, 56.0620040894, -37.8612174988, 1.69141578674, 15.5463514328, -1.09549093246, 21.4253234863, -21.4608421326, 88.8082809448, 19.1574192047], [-115.567649841, -29.0880336761, 39.1598243713, 20.1810379028, 32.577129364, -30.822807312, -14.4731264114, -3.41004872322, 12.2727947235, -12.4279441833, 8.62011146545, 19.1574192047, 73.2804412842]],
        "icov": [[9.54864590312e-05, -0.000325411179801, 0.000160511350259, -0.000158246781211, -0.000124603480799, -4.80500712001e-05, 0.000118406933325, -0.000179851718713, 0.000410419714171, -8.31326833577e-05, -7.22466847947e-06, 0.000199656860786, -0.00010475693125], [-0.000325411179801, 0.00170941755641, -0.0002450599859, -0.000147469036165, 0.000786681950558, 0.000229061857681, -0.000756973924581, 0.000705245591234, -0.00144847063348, 6.01011197432e-05, 0.000273194629699, -0.000370482215658, 0.000284346519038], [0.000160511350259, -0.0002450599859, 0.00537134427577, -0.00202240771614, -0.00223322119564, -0.00152179982979, -0.000412878085626, 0.00111221848056, -0.00134090369102, 0.00362180219963, -0.00414413772523, 0.00145775626879, -0.000889430521056], [-0.000158246781211, -0.000147469036165, -0.00202240771614, 0.00756624666974, -0.00496898731217, -0.00124522554688, 0.00245513394475, -0.00186093605589, -0.000275223195786, 0.00110905768815, 0.00335767492652, -0.00235121953301, 0.001226343913], [-0.000124603480799, 0.000786681950558, -0.00223322119564, -0.00496898731217, 0.0129797076806, 0.000707436527591, -0.00347658689134, 0.00375577318482, -0.00274933478795, -0.00358893279918, 0.00435195537284, -0.00298184994608, -0.00318751088344], [-4.80500712001e-05, 0.000229061857681, -0.00152179982979, -0.00124522554688, 0.000707436527591, 0.00863076373935, -0.00218151207082, -0.00144427956548, 0.00369655992836, -0.000654023839161, -0.00294110644609, 0.00291430787183, 0.00284304772504], [0.000118406933325, -0.000756973924581, -0.000412878085626, 0.00245513394475, -0.00347658689134, -0.00218151207082, 0.00957720167935, -0.00335950660519, 0.00146558415145, -0.00126535084564, 0.000932579976507, 0.000119118856674, 0.00119302771054], [-0.000179851718713, 0.000705245591234, 0.00111221848056, -0.00186093605589, 0.00375577318482, -0.00144427956548, -0.00335950660519, 0.0198055524379, -0.00555348675698, -0.00158878881484, 0.00186929444317, -0.0037398529239, -0.000686122919433], [0.000410419714171, -0.00144847063348, -0.00134090369102, -0.000275223195786, -0.00274933478795, 0.00369655992836, 0.00146558415145, -0.00555348675698, 0.0132361166179, 1.55676534632e-05, -0.00305945868604, 0.00293727498502, 0.00105063826777], [-8.31326833577e-05, 6.01011197432e-05, 0.00362180219963, 0.00110905768815, -0.00358893279918, -0.000654023839161, -0.00126535084564, -0.00158878881484, 1.55676534632e-05, 0.0137968594208, -0.00368564156815, -0.00205599842593, 0.00195673434064], [-7.22466847947e-06, 0.000273194629699, -0.00414413772523, 0.00335767492652, 0.00435195537284, -0.00294110644609, 0.000932579976507, 0.00186929444317, -0.00305945868604, -0.00368564156815, 0.0184935703874, -0.00180896080565, -0.00332885538228], [0.000199656860786, -0.000370482215658, 0.00145775626879, -0.00235121953301, -0.00298184994608, 0.00291430787183, 0.000119118856674, -0.0037398529239, 0.00293727498502, -0.00205599842593, -0.00180896080565, 0.0174922477454, -0.00276353745721], [-0.00010475693125, 0.000284346519038, -0.000889430521056, 0.001226343913, -0.00318751088344, 0.00284304772504, 0.00119302771054, -0.000686122919433, 0.00105063826777, 0.00195673434064, -0.00332885538228, -0.00276353745721, 0.0178179144859]]
    },
    "spectral_contrast_coeffs": {
        "max": [-0.512241601944, -0.560873627663, -0.472189635038, -0.502818882465, -0.523101091385, -0.538011908531],
        "mean": [-0.753995418549, -0.786054193974, -0.752188742161, -0.766699790955, -0.787491798401, -0.776396930218],
        "min": [-0.982977449894, -0.985261201859, -0.979724109173, -0.973813831806, -0.967764794827, -0.965167105198],
        "stdev": [0.0967692360282, 0.0834953486919, 0.102051004767, 0.0990538522601, 0.0845881104469, 0.0814776793122]
    },
    "spectral_contrast_valleys": {
        "max": [-5.0252289772, -5.02003383636, -5.784283638, -5.94881343842, -6.01773405075, -8.25738239288],
        "mean": [-9.5052022934, -9.12765407562, -9.62910652161, -9.78466320038, -9.80739688873, -12.6883335114],
        "min": [-28.0023269653, -27.8872737885, -27.8620147705, -27.7408771515, -27.5275821686, -27.3823375702],
        "stdev": [6.77047252655, 6.84920740128, 6.67361927032, 6.61272764206, 6.60875320435, 5.54952335358]
    }
},
"rhythm": {
    "beats_count": 100,
    "beats_loudness": {
        "max": 0.0708908215165,
        "mean": 0.0261817332357,
        "min": 0,
        "stdev": 0.0167302694172
    },
    "bpm": 146.159072876,
    "bpm_histogram_first_peak_bpm": 148,
    "bpm_histogram_first_peak_weight": 0.534246563911,
    "bpm_histogram_second_peak_bpm": 140,
    "bpm_histogram_second_peak_spread": 0,
    "bpm_histogram_second_peak_weight": 0.0707070678473,
    "danceability": 0.937872886658,
    "onset_rate": 1.92373216152,
    "beats_loudness_band_ratio": {
        "max": [0.699825167656, 0.522329747677, 0.582653462887, 0.844914674759, 0.773422777653, 0.163212716579],
        "mean": [0.206313788891, 0.12694054842, 0.148995697498, 0.239285215735, 0.183979019523, 0.0453150421381],
        "min": [0, 0, 0, 0, 0, 0],
        "stdev": [0.173248648643, 0.120551943779, 0.139009997249, 0.196957871318, 0.160482347012, 0.0342329069972]
    },
