{
"metadata": {
    "version": {
        "essentia": "2.1-beta5",
        "essentia_git_sha": "Undefined",
        "extractor": "music 2.0"
    },
    "audio_properties": {
        "analysis": {
            "equal_loudness": 0,
            "length": 49.3772354126,
            "sample_rate": 44100,
            "start_time": 142.744674683,
            "downmix": "mix"
        },
        "bit_rate": 192000,
        "length": 192.145126343,
        "lossless": 0,
        "number_channels": 2,
        "replay_gain": -6.19110679626,
        "sample_rate": 48000,
        "codec": "mp3",
        "md5_encoded": "b772a5d91c3b1ac518c6060e513551a2"
    },
    "tags": {
        "file_name": "North MacedoniaNorth MacedoniaN_Od Nas Zavisi_Karolina.mp3",
        "encoding": ["Lavf58.29.100"]
    }
},
"lowlevel": {
    "average_loudness": 0.975625634193,
    "barkbands_crest": {
        "max": 26.8905506134,
        "mean": 9.09971904755,
        "min": 2.35220479965,
        "stdev": 3.81273508072
    },
    "barkbands_flatness_db": {
        "max": 0.461099267006,
        "mean": 0.152029648423,
        "min": 0.0676327645779,
        "stdev": 0.0360425896943
    },
    "barkbands_kurtosis": {
        "max": 665.342163086,
        "mean": 2.0009086132,
        "min": -1.90622520447,
        "stdev": 17.1752700806
    },
    "barkbands_skewness": {
        "max": 25.5842418671,
        "mean": 0.839670658112,
        "min": -2.62233066559,
        "stdev": 1.18039894104
    },
    "barkbands_spread": {
        "max": 144.072601318,
        "mean": 22.5179405212,
        "min": 0.842172861099,
        "stdev": 11.4934959412
    },
    "dissonance": {
        "max": 0.499961793423,
        "mean": 0.469596803188,
        "min": 0.358345419168,
        "stdev": 0.0240470338613
    },
    "dynamic_complexity": 2.23357796669,
    "erbbands_crest": {
        "max": 30.6910800934,
        "mean": 10.4227371216,
        "min": 2.41658687592,
        "stdev": 4.92955112457
    },
    "erbbands_flatness_db": {
        "max": 0.312018245459,
        "mean": 0.193241268396,
        "min": 0.0499405823648,
        "stdev": 0.0463752970099
    },
    "erbbands_kurtosis": {
        "max": 17.4449691772,
        "mean": 0.805801033974,
        "min": -1.63028466702,
        "stdev": 2.02871108055
    },
    "erbbands_skewness": {
        "max": 2.97399067879,
        "mean": 0.435719460249,
        "min": -2.28241705894,
        "stdev": 0.680357635021
    },
    "erbbands_spread": {
        "max": 95.9751586914,
        "mean": 30.5011425018,
        "min": 3.98746275902,
        "stdev": 16.4939956665
    },
    "hfc": {
        "max": 114.731651306,
        "mean": 28.0959720612,
        "min": 3.20491650996e-08,
        "stdev": 17.1178703308
    },
    "loudness_ebu128": {
        "integrated": -16.588098526,
        "loudness_range": 2.3850479126,
        "momentary": {
            "max": -14.4399185181,
            "mean": -17.1404724121,
            "min": -92.6297149658,
            "stdev": 5.04162693024
        },
        "short_term": {
            "max": -15.3904666901,
            "mean": -16.6293716431,
            "min": -20.0911521912,
            "stdev": 0.867897987366
        }
    },
    "melbands_crest": {
        "max": 39.8930282593,
        "mean": 11.8923807144,
        "min": 2.08079719543,
        "stdev": 4.66039514542
    },
    "melbands_flatness_db": {
        "max": 0.431545108557,
        "mean": 0.157460510731,
        "min": 0.0141730718315,
        "stdev": 0.0438414290547
    },
    "melbands_kurtosis": {
        "max": 1092.89892578,
        "mean": 6.35335445404,
        "min": -1.65527224541,
        "stdev": 29.6760845184
    },
    "melbands_skewness": {
        "max": 31.8320884705,
        "mean": 1.57291507721,
        "min": -1.11040019989,
        "stdev": 1.57438576221
    },
    "melbands_spread": {
        "max": 229.574172974,
        "mean": 29.8690948486,
        "min": 0.884105145931,
        "stdev": 15.7339754105
    },
    "pitch_salience": {
        "max": 0.906553566456,
        "mean": 0.602011203766,
        "min": 0.00706216180697,
        "stdev": 0.116060711443
    },
    "silence_rate_20dB": {
        "max": 1,
        "mean": 1,
        "min": 1,
        "stdev": 0
    },
    "silence_rate_30dB": {
        "max": 1,
        "mean": 1,
        "min": 1,
        "stdev": 0
    },
    "silence_rate_60dB": {
        "max": 1,
        "mean": 0.0183270685375,
        "min": 0,
        "stdev": 0.134131371975
    },
    "spectral_centroid": {
        "max": 4533.60351562,
        "mean": 1610.55053711,
        "min": 353.506561279,
        "stdev": 555.450622559
    },
    "spectral_complexity": {
        "max": 50,
        "mean": 22.6959590912,
        "min": 0,
        "stdev": 7.91271734238
    },
    "spectral_decrease": {
        "max": 7.83893672072e-18,
        "mean": -6.56974696867e-09,
        "min": -2.35997390519e-08,
        "stdev": 3.5795502118e-09
    },
    "spectral_energy": {
        "max": 0.0925484746695,
        "mean": 0.0273441094905,
        "min": 2.98419405506e-12,
        "stdev": 0.0146342711523
    },
    "spectral_energyband_high": {
        "max": 0.00926950015128,
        "mean": 0.000891521049198,
        "min": 2.57994211932e-12,
        "stdev": 0.000978677649982
    },
    "spectral_energyband_low": {
        "max": 0.0591939650476,
        "mean": 0.00485361879691,
        "min": 2.15131376119e-15,
        "stdev": 0.00660149333999
    },
    "spectral_energyband_middle_high": {
        "max": 0.0658309981227,
        "mean": 0.0114536369219,
        "min": 3.17526116077e-13,
        "stdev": 0.0101113030687
    },
    "spectral_energyband_middle_low": {
        "max": 0.0833494961262,
        "mean": 0.0110582010821,
        "min": 3.39569206629e-14,
        "stdev": 0.00994987785816
    },
    "spectral_entropy": {
        "max": 9.07124423981,
        "mean": 7.68641090393,
        "min": 6.64972400665,
        "stdev": 0.321796476841
    },
    "spectral_flux": {
        "max": 0.254028826952,
        "mean": 0.0999359339476,
        "min": 7.60536204325e-06,
        "stdev": 0.039651747793
    },
    "spectral_kurtosis": {
        "max": 15.8442459106,
        "mean": 3.38015532494,
        "min": -0.61732506752,
        "stdev": 2.14410066605
    },
    "spectral_rms": {
        "max": 0.00950216781348,
        "mean": 0.00494017777964,
        "min": 5.39574713798e-08,
        "stdev": 0.00150726013817
    },
    "spectral_rolloff": {
        "max": 18669.2871094,
        "mean": 1818.5345459,
        "min": 21.533203125,
        "stdev": 1478.80407715
    },
    "spectral_skewness": {
        "max": 2.65366959572,
        "mean": 1.30796539783,
        "min": -0.186660647392,
        "stdev": 0.310734719038
    },
    "spectral_spread": {
        "max": 15019889,
        "mean": 4118655,
        "min": 1896670.125,
        "stdev": 1342616.25
    },
    "spectral_strongpeak": {
        "max": 11.9218378067,
        "mean": 1.83612465858,
        "min": 0,
        "stdev": 1.95198762417
    },
    "zerocrossingrate": {
        "max": 0.6982421875,
        "mean": 0.0716493055224,
        "min": 0,
        "stdev": 0.0427610911429
    },
    "barkbands": {
        "max": [0.000734281609766, 0.0376982279122, 0.0322930514812, 0.0322772786021, 0.0584505423903, 0.0341747291386, 0.0397337079048, 0.0259502213448, 0.0549014471471, 0.0475408658385, 0.0431242436171, 0.0344522148371, 0.0182851999998, 0.0325655527413, 0.0196821074933, 0.0178298838437, 0.0195505302399, 0.00710952701047, 0.00688951835036, 0.00390811637044, 0.00314247235656, 0.00314584863372, 0.0018198126927, 0.00245148292743, 0.00120354397222, 7.45286024539e-06, 1.3948884714e-08],
        "mean": [7.42941410863e-05, 0.00262465258129, 0.00168605183717, 0.00100229168311, 0.00221011578105, 0.00218987348489, 0.00132487597875, 0.000971676025074, 0.00231545814313, 0.00269675184973, 0.0020831937436, 0.00169492000714, 0.000881751300767, 0.00118563545402, 0.00114950863644, 0.000624461274128, 0.000583012122661, 0.000455952627817, 0.000491040758789, 0.000417808012571, 0.000183276817552, 0.000151744941832, 0.000168023296283, 0.000118393014418, 5.92728210904e-05, 8.21583867605e-08, 9.14323505796e-10],
        "min": [3.59406032157e-16, 6.281192408e-16, 8.04673464837e-16, 1.1053879488e-15, 4.58191291982e-15, 7.23922722305e-15, 5.46182514499e-15, 6.43213569091e-15, 6.56157545426e-15, 9.91816627742e-15, 6.48947473924e-15, 2.61755627075e-14, 8.32631523678e-15, 2.06524403292e-14, 2.28590340016e-14, 1.9372114454e-14, 1.38937797899e-14, 2.17832801357e-14, 1.20445076439e-13, 7.03808823829e-14, 9.24197309936e-14, 1.24937996689e-13, 1.6320305567e-13, 4.84212821748e-13, 6.61373787767e-13, 3.54324290177e-13, 7.20243905749e-13],
        "stdev": [0.000105318664282, 0.00430160947144, 0.0028405005578, 0.00195723958313, 0.00428328337148, 0.00318878982216, 0.0028445601929, 0.00201088073663, 0.0043132933788, 0.00468370132148, 0.00472163408995, 0.00359580968507, 0.00165002583526, 0.00228337803856, 0.00219864933752, 0.00135584454983, 0.00127317849547, 0.000641574384645, 0.000609817798249, 0.00045200844761, 0.000244076843956, 0.000239748202148, 0.000208008117625, 0.000170139916008, 0.000101356912637, 3.35457201572e-07, 1.43444034428e-09]
    },
    "erbbands": {
        "max": [0.903929769993, 10.070057869, 36.2626571655, 60.2639770508, 116.805870056, 336.448730469, 364.227478027, 434.494232178, 432.633270264, 636.356567383, 571.688964844, 1676.08435059, 1519.28747559, 2535.50390625, 1668.66174316, 1422.01245117, 910.958984375, 2338.90161133, 1435.00183105, 1041.79406738, 1028.87597656, 963.992797852, 420.144836426, 311.821258545, 368.061309814, 201.947052002, 125.323539734, 167.322494507, 136.47177124, 63.6545219421, 54.6462249756, 35.8550682068, 51.1404151917, 13.2254648209, 8.68565368652, 0.852353572845, 0.0187838338315, 0.00103917531669, 0.000167047546711, 0.000108971486043],
        "mean": [0.056635286659, 0.664190292358, 1.92060577869, 2.74105525017, 4.95391893387, 7.75690937042, 12.7325334549, 19.1782569885, 20.3860301971, 17.0026874542, 25.7873935699, 51.8119430542, 83.5358581543, 79.7178039551, 87.858833313, 71.5057449341, 43.4222602844, 60.3260231018, 61.9438362122, 44.9973487854, 39.0081596375, 31.0853424072, 22.9961738586, 26.6753177643, 23.8524093628, 20.2970867157, 10.3859176636, 6.48229026794, 5.51967906952, 4.81844520569, 4.92013216019, 3.15992808342, 1.56507956982, 0.699542999268, 0.41701990366, 0.0302884168923, 0.000779308378696, 5.78669241804e-05, 2.34586877923e-05, 3.52475799446e-05],
        "min": [2.05552263578e-14, 1.41624369567e-13, 7.53660751428e-13, 2.60594822631e-12, 5.9779368955e-12, 1.64834240007e-11, 4.52777121351e-11, 6.01204017125e-11, 6.53096465797e-11, 1.13421896875e-10, 1.42982126139e-10, 1.47854020693e-10, 2.56706572666e-10, 2.69221978044e-10, 5.14038145383e-10, 1.01182340284e-09, 3.80671605349e-10, 1.04530495371e-09, 1.35418198877e-09, 1.0773594239e-09, 8.14725620302e-10, 7.62304053215e-10, 1.18117204906e-09, 2.32541408351e-09, 7.73885222571e-09, 3.34133321012e-09, 3.48320239318e-09, 3.61709373564e-09, 4.56218396394e-09, 3.42827677358e-09, 4.81640016758e-09, 1.02993222839e-08, 9.44277456227e-09, 7.8260971037e-09, 4.19155909981e-09, 1.96500993255e-09, 5.44438272243e-10, 3.75058623048e-10, 8.87830295393e-11, 1.00125368066e-11],
        "stdev": [0.09525270015, 1.09231996536, 3.12067699432, 4.37807703018, 9.79242229462, 18.6947040558, 25.8327083588, 30.4500732422, 36.0311965942, 46.9680023193, 45.6692695618, 103.282455444, 142.34211731, 160.722351074, 182.787841797, 137.806488037, 73.943687439, 117.962806702, 131.143127441, 74.5364990234, 87.9899902344, 62.4265365601, 32.9053840637, 32.386138916, 29.2384738922, 22.740480423, 11.3127040863, 10.0452251434, 9.16166114807, 6.78015899658, 6.04836654663, 4.09089899063, 2.59382033348, 1.17446684837, 0.754475355148, 0.0588957481086, 0.00141591939609, 8.98383514141e-05, 1.60718955158e-05, 1.83157553693e-05]
    },
    "gfcc": {
        "mean": [-0.394049406052, 101.32585144, -159.508636475, 42.0536422729, -75.3311386108, 26.2174911499, -36.239616394, 7.38014030457, -19.8058834076, -10.6488084793, -1.67786610126, -13.6498165131, 3.65696716309],
        "cov": [[11466.6972656, 1626.51501465, -397.868041992, 589.890808105, -427.712646484, 194.85597229, -365.784851074, 48.7144432068, -259.736755371, -79.2106018066, 16.6120700836, -171.90838623, 41.6272087097], [1626.51501465, 1069.79711914, -72.5264892578, 100.037261963, 84.2605209351, -124.884590149, 21.6488780975, -148.422561646, 34.4009361267, -170.616104126, 82.4595794678, -138.94480896, 20.5481281281], [-397.868041992, -72.5264892578, 884.768066406, 288.48651123, -4.37242174149, 133.318511963, -96.7321090698, 50.2538528442, -85.2886276245, 119.04296875, -24.5791282654, 117.880172729, -28.0514831543], [589.890808105, 100.037261963, 288.48651123, 351.472717285, 83.4595947266, 47.6689338684, -45.3649978638, 24.8624572754, 4.54877519608, 25.0944709778, -11.1889019012, 33.1784515381, 6.71114301682], [-427.712646484, 84.2605209351, -4.37242174149, 83.4595947266, 290.662811279, 68.3192214966, 79.9749298096, 3.63234829903, 14.8973970413, -9.22460460663, 52.0331115723, -16.2445774078, 24.6116714478], [194.85597229, -124.884590149, 133.318511963, 47.6689338684, 68.3192214966, 313.268798828, 121.967475891, 63.2651405334, -53.5259475708, 78.2829666138, 10.6179962158, 23.2623634338, -6.89354991913], [-365.784851074, 21.6488780975, -96.7321090698, -45.3649978638, 79.9749298096, 121.967475891, 260.266845703, 45.5457382202, 24.8035106659, -7.67541027069, 31.8501186371, -32.1866760254, -21.2343826294], [48.7144432068, -148.422561646, 50.2538528442, 24.8624572754, 3.63234829903, 63.2651405334, 45.5457382202, 157.629089355, 38.6340065002, 38.7274360657, -8.84307384491, 27.4550971985, -6.452937603], [-259.736755371, 34.4009361267, -85.2886276245, 4.54877519608, 14.8973970413, -53.5259475708, 24.8035106659, 38.6340065002, 150.463165283, 0.865538239479, -9.20848464966, -12.8928041458, 2.0522403717], [-79.2106018066, -170.616104126, 119.04296875, 25.0944709778, -9.22460460663, 78.2829666138, -7.67541027069, 38.7274360657, 0.865538239479, 124.213668823, 20.9398880005, 37.0237197876, -13.4130277634], [16.6120700836, 82.4595794678, -24.5791282654, -11.1889019012, 52.0331115723, 10.6179962158, 31.8501186371, -8.84307384491, -9.20848464966, 20.9398880005, 115.715896606, 14.6673641205, 16.9626960754], [-171.90838623, -138.94480896, 117.880172729, 33.1784515381, -16.2445774078, 23.2623634338, -32.1866760254, 27.4550971985, -12.8928041458, 37.0237197876, 14.6673641205, 90.576171875, 24.5013122559], [41.6272087097, 20.5481281281, -28.0514831543, 6.71114301682, 24.6116714478, -6.89354991913, -21.2343826294, -6.452937603, 2.0522403717, -13.4130277634, 16.9626960754, 24.5013122559, 70.5426025391]],
        "icov": [[0.000644723535515, -0.00173373648431, 0.00168468325865, -0.00168529467192, 0.00155017734505, -0.0012593572028, 0.00148136005737, -0.00209615472704, 0.00221756845713, -0.00156790507026, 0.00067982042674, -0.000448701553978, 0.000174808985321], [-0.00173373648431, 0.00713740056381, -0.00529212225229, 0.00354415294714, -0.00349890161306, 0.0031013074331, -0.00387948425487, 0.00697664869949, -0.00730549404398, 0.00755874859169, -0.00514708971605, 0.00544140953571, -0.00150586129166], [0.00168468325865, -0.00529212225229, 0.00694869505242, -0.00565486960113, 0.00385214062408, -0.00351282441989, 0.00423782784492, -0.00591075746343, 0.00722429715097, -0.00607868516818, 0.00335320085287, -0.00466627953574, 0.00234468141571], [-0.00168529467192, 0.00354415294714, -0.00565486960113, 0.00944870058447, -0.00578575069085, 0.00289837247692, -0.0028540273197, 0.00470036501065, -0.00639794534072, 0.00354536972009, -0.000154864726937, -0.000338696263498, -0.000297639024211], [0.00155017734505, -0.00349890161306, 0.00385214062408, -0.00578575069085, 0.00896507129073, -0.00404851231724, 0.00258482410572, -0.00442031165585, 0.00431511225179, -0.00208944897167, -0.00142383598723, 0.00176039512735, -0.00175494898576], [-0.0012593572028, 0.0031013074331, -0.00351282441989, 0.00289837247692, -0.00404851231724, 0.00942826177925, -0.00668281922117, 0.00268914643675, -0.000646777800284, -0.00181231356692, 0.00100660161115, 0.000575394835323, -0.00203232560307], [0.00148136005737, -0.00387948425487, 0.00423782784492, -0.0028540273197, 0.00258482410572, -0.00668281922117, 0.0108490847051, -0.00608950620517, 0.00297630252317, -0.000406224484323, -0.00102777720895, 0.000104265156551, 0.00341351260431], [-0.00209615472704, 0.00697664869949, -0.00591075746343, 0.00470036501065, -0.00442031165585, 0.00268914643675, -0.00608950620517, 0.016390837729, -0.0106477923691, 0.00572656234726, -0.0027332236059, 0.000753757311031, -0.000327490008203], [0.00221756845713, -0.00730549404398, 0.00722429715097, -0.00639794534072, 0.00431511225179, -0.000646777800284, 0.00297630252317, -0.0106477923691, 0.0181994885206, -0.0103176496923, 0.00601485744119, -0.00292478292249, -0.000267715135124], [-0.00156790507026, 0.00755874859169, -0.00607868516818, 0.00354536972009, -0.00208944897167, -0.00181231356692, -0.000406224484323, 0.00572656234726, -0.0103176496923, 0.0227493029088, -0.0102524524555, 0.00358627457172, 0.00276784040034], [0.00067982042674, -0.00514708971605, 0.00335320085287, -0.000154864726937, -0.00142383598723, 0.00100660161115, -0.00102777720895, -0.0027332236059, 0.00601485744119, -0.0102524524555, 0.0170556083322, -0.008460521698, -0.000805037620012], [-0.000448701553978, 0.00544140953571, -0.00466627953574, -0.000338696263498, 0.00176039512735, 0.000575394835323, 0.000104265156551, 0.000753757311031, -0.00292478292249, 0.00358627457172, -0.008460521698, 0.0269452668726, -0.0101585900411], [0.000174808985321, -0.00150586129166, 0.00234468141571, -0.000297639024211, -0.00175494898576, -0.00203232560307, 0.00341351260431, -0.000327490008203, -0.000267715135124, 0.00276784040034, -0.000805037620012, -0.0101585900411, 0.0211392380297]]
    },
    "melbands": {
        "max": [0.00967281032354, 0.0146235981956, 0.0114853102714, 0.012023979798, 0.0100537342951, 0.00836338102818, 0.00603983877227, 0.00627375626937, 0.00546255381778, 0.00981210451573, 0.00769953150302, 0.0101478472352, 0.00700308429077, 0.00515134213492, 0.00170350819826, 0.00319160730578, 0.00404384080321, 0.00266395811923, 0.00166234909557, 0.000862506218255, 0.0016661316622, 0.00141071074177, 0.000481211871374, 0.000410877197282, 0.000297992373817, 0.000478957546875, 0.000143090845086, 0.000152883047122, 9.31892354856e-05, 8.26088216854e-05, 9.83753780019e-05, 8.38676351123e-05, 4.65172161057e-05, 3.77659853257e-05, 3.63698818546e-05, 2.70771797659e-05, 2.15221953113e-05, 4.99594425492e-05, 1.28858346216e-05, 1.08930798888e-05],
        "mean": [0.000639548059553, 0.000957081851084, 0.000541760935448, 0.000460511335405, 0.000428311148426, 0.000423670047894, 0.000306207308313, 0.000182547504664, 0.000215859879972, 0.000351313821739, 0.000414279696997, 0.000315317884088, 0.000293174933176, 0.000233399681747, 0.000115648828796, 8.72566233738e-05, 0.000113818052341, 9.79642063612e-05, 7.65917429817e-05, 4.0878134314e-05, 4.92944454891e-05, 3.37309720635e-05, 2.35038460232e-05, 2.14195770241e-05, 2.12674294744e-05, 1.98846719286e-05, 1.43122842928e-05, 1.32763461806e-05, 7.31039745006e-06, 4.2008418859e-06, 3.59632690561e-06, 3.24020857079e-06, 2.6832462936e-06, 2.65992139248e-06, 2.87438547275e-06, 2.51879191637e-06, 1.71678516381e-06, 1.20305855944e-06, 7.22223376215e-07, 5.39416646461e-07],
        "min": [1.95220474384e-16, 3.38988144145e-16, 5.34998609101e-16, 7.51372010807e-16, 1.45364205106e-15, 1.35306514714e-15, 1.0386253413e-15, 1.28950273599e-15, 1.13224873999e-15, 9.41699043505e-16, 1.31781777687e-15, 1.10460899613e-15, 1.228168445e-15, 3.01368308699e-15, 1.44479849769e-15, 1.10047949875e-15, 1.94084724963e-15, 2.12861412524e-15, 1.50051314859e-15, 1.56174494859e-15, 8.21902167924e-16, 5.23684948843e-16, 1.66370061038e-15, 6.19603436246e-16, 1.73276937097e-15, 5.06618537269e-15, 5.02693217185e-15, 1.51998177736e-15, 2.17203959862e-15, 2.0177144308e-15, 2.01330393024e-15, 2.54974450706e-15, 2.63852541839e-15, 1.55587045746e-15, 1.94408926823e-15, 5.54402884549e-15, 6.30288778052e-15, 5.43098340483e-15, 9.82690948878e-15, 4.6920564256e-15],
        "stdev": [0.00105710991193, 0.00143194571137, 0.000827655429021, 0.000904186163098, 0.000822652131319, 0.000635521661025, 0.000553503981791, 0.000478842412122, 0.000390626053559, 0.000691523775458, 0.000715846079402, 0.000678601732943, 0.000659628247377, 0.000497340341099, 0.000196256936761, 0.000167554055224, 0.000242037480348, 0.000233601822401, 0.000148133010953, 6.73035465297e-05, 0.000133751818794, 7.68833124312e-05, 4.19918433181e-05, 3.26046792907e-05, 2.7762440368e-05, 2.91158576147e-05, 1.6317164409e-05, 1.58004822879e-05, 8.36709932628e-06, 6.03232456342e-06, 6.12478970652e-06, 5.71086047785e-06, 4.13354700868e-06, 3.78687354896e-06, 3.62267201126e-06, 3.17005878969e-06, 2.39072028307e-06, 2.1872635898e-06, 1.14926899641e-06, 9.70556811808e-07]
    },
    "melbands128": {
        "max": [0.000683313759509, 0.0050291204825, 0.0175595041364, 0.0196772199124, 0.0225914381444, 0.0148299112916, 0.0120526282117, 0.0222547035664, 0.0159968584776, 0.0150128845125, 0.0266628917307, 0.0217385143042, 0.0184522364289, 0.0130132287741, 0.0144963935018, 0.012124221772, 0.0067114206031, 0.0107290744781, 0.0145513638854, 0.0100539792329, 0.00739348726347, 0.00699693197384, 0.00950824469328, 0.00834761373699, 0.0195751450956, 0.0126476911828, 0.0125008551404, 0.0152636198327, 0.00755120161921, 0.0151054337621, 0.020059093833, 0.00878442823887, 0.0145556842908, 0.0102924052626, 0.00889173243195, 0.0107785370201, 0.00532687967643, 0.0026621914003, 0.00399846676737, 0.00489102676511, 0.00274520390667, 0.0118524488062, 0.00567466858774, 0.00414624158293, 0.00406123511493, 0.00613532681018, 0.00424895947799, 0.00327758607455, 0.00429716939107, 0.00239606504329, 0.00107726047281, 0.0023697973229, 0.00185753870755, 0.00411240383983, 0.00289565837011, 0.00221230415627, 0.00121182284784, 0.00121334334835, 0.000775290944148, 0.000945378327742, 0.000634481199086, 0.00122880993877, 0.000652984483168, 0.000537632964551, 0.00036261495552, 0.00102911086287, 0.000363131199265, 0.000354759336915, 0.000202598617761, 0.000266907940386, 0.000247703923378, 0.000327082321746, 0.000164073411725, 9.40688551054e-05, 0.000106220941234, 0.000100897836091, 0.000151121203089, 0.000115210837976, 0.000134860936669, 9.59574099397e-05, 8.79182407516e-05, 0.000104797742097, 7.58064052206e-05, 5.59709769732e-05, 4.01984725613e-05, 6.29209389444e-05, 4.33212699136e-05, 3.73346993001e-05, 5.04729723616e-05, 4.76441346109e-05, 4.28699895565e-05, 3.96113791794e-05, 4.04887468903e-05, 2.4828937967e-05, 3.17989288305e-05, 9.24368359847e-05, 4.04021775466e-05, 2.76289392787e-05, 1.76962912519e-05, 1.20062277347e-05, 1.27606772367e-05, 1.15305765576e-05, 1.48653980432e-05, 1.2651875295e-05, 1.00920597106e-05, 1.45638387039e-05, 6.79999493514e-06, 2.67158270617e-07, 1.64395974611e-09, 4.39541292252e-10, 8.91030513261e-11, 1.65460464774e-10, 5.91654447657e-10, 6.56975973623e-10, 5.77721592787e-10, 1.23547505559e-10, 6.79426931383e-11, 6.54213558327e-11, 6.33217020485e-11, 6.18343015679e-11, 6.03684116585e-11, 5.9007881914e-11, 5.79129730283e-11, 5.68303216986e-11, 5.59192206429e-11, 5.51971315876e-11, 5.46917303113e-11, 5.43799449915e-11],
        "mean": [5.75656522415e-05, 0.000330852984916, 0.000935905147344, 0.00113701238297, 0.00105758942664, 0.000771290098783, 0.000533663842361, 0.000510270008817, 0.000486116390675, 0.000487448793137, 0.000422057084506, 0.000389229971915, 0.00044984172564, 0.000433609588072, 0.000483394163894, 0.000391107430914, 0.000316089164698, 0.00033269225969, 0.000233388243942, 0.000173462743987, 0.000150640276843, 0.000209504796658, 0.000226390897296, 0.000205790085602, 0.000330376031343, 0.00037667149445, 0.000477596331621, 0.000465550663648, 0.000292965996778, 0.000377969816327, 0.000292894488666, 0.000255269842455, 0.000353898911271, 0.000277355138678, 0.000190915860003, 0.000306333124172, 0.000152185180923, 8.94705299288e-05, 0.000106319625047, 9.07245776034e-05, 7.11614629836e-05, 9.35756543186e-05, 0.000156307010911, 8.77135753399e-05, 8.1153906649e-05, 0.000122612211271, 9.35543648666e-05, 6.43526873318e-05, 9.14958291105e-05, 4.53698157798e-05, 3.14063690894e-05, 3.54529292963e-05, 3.92976653529e-05, 7.28480663383e-05, 3.76203934138e-05, 2.72006600426e-05, 2.97011756629e-05, 2.92392778647e-05, 1.89586316992e-05, 1.65718302014e-05, 1.90987611859e-05, 2.83858425973e-05, 2.45130031544e-05, 1.74243778019e-05, 1.83293486771e-05, 2.41298839683e-05, 1.84096843441e-05, 1.17718991532e-05, 1.40861548061e-05, 1.68073038367e-05, 1.30405433083e-05, 1.26509921756e-05, 9.42770748225e-06, 6.09395192441e-06, 4.95505992149e-06, 4.53862867289e-06, 3.64292577615e-06, 3.61989759767e-06, 3.64792936125e-06, 3.47560444425e-06, 3.51982907887e-06, 3.05247476717e-06, 2.75257866633e-06, 2.66161055151e-06, 2.61265313384e-06, 2.64350637735e-06, 2.67569657808e-06, 2.64437289843e-06, 2.89566173706e-06, 3.0110879834e-06, 2.95020367957e-06, 2.25768485507e-06, 2.10872394746e-06, 1.69465147337e-06, 1.48384674503e-06, 1.43676834341e-06, 1.13947191949e-06, 8.72299551702e-07, 7.84737039794e-07, 6.09158632869e-07, 5.22083098531e-07, 5.27855092969e-07, 5.55971951144e-07, 5.34963135124e-07, 5.45280386177e-07, 5.66429605442e-07, 1.51954751004e-07, 4.80879336351e-09, 1.31634772527e-11, 6.19570193761e-12, 5.66667719692e-12, 5.64904199807e-12, 5.65041589906e-12, 5.57270202206e-12, 5.17070457631e-12, 4.7136660894e-12, 4.43804151415e-12, 4.30368197676e-12, 4.18893609036e-12, 4.07650215667e-12, 3.96754113938e-12, 3.88351763941e-12, 3.80893363724e-12, 3.73368350126e-12, 3.62395378463e-12, 3.48117216477e-12, 3.39672105547e-12, 3.36996706582e-12],
        "min": [1.80152737634e-16, 1.82041276999e-16, 1.93572783543e-16, 2.34397045214e-16, 3.17143587952e-16, 4.25343894271e-16, 5.17261950944e-16, 5.60975415527e-16, 5.71811560961e-16, 6.42716106641e-16, 8.91931834448e-16, 1.28596383233e-15, 1.56852798843e-15, 1.67136657619e-15, 1.43406553146e-15, 1.16286326356e-15, 1.25128048012e-16, 5.60010750879e-16, 1.18353774962e-15, 1.3313967738e-15, 1.30410420757e-15, 1.30005337838e-15, 1.18130730011e-15, 8.74830821578e-16, 8.49203892698e-16, 1.00708098731e-15, 1.04060104565e-15, 1.34037066436e-15, 1.56754595961e-15, 1.46286126353e-15, 8.83099557209e-16, 4.7016162512e-16, 1.15271316187e-15, 1.55786617296e-15, 2.88682910347e-15, 3.6906771347e-15, 2.97149576402e-15, 1.55111616741e-15, 3.6942796717e-16, 1.98670757215e-16, 1.13123367688e-15, 2.61802616227e-15, 2.25740781421e-15, 1.35123756768e-15, 1.55290753621e-15, 2.38587094857e-15, 2.83700175507e-15, 1.39765942011e-15, 7.98227544108e-16, 1.63715840946e-15, 2.07258437809e-15, 9.86008713405e-16, 9.36818016147e-16, 6.16693772193e-16, 7.60087132801e-16, 1.77212275992e-16, 4.37466735692e-16, 2.19717784243e-15, 2.14803447314e-15, 6.53430067572e-16, 3.1426380828e-16, 7.87924923552e-16, 6.60616136278e-16, 2.2210091144e-15, 3.41584628353e-15, 2.82126430643e-15, 8.7523482453e-15, 6.55471787552e-15, 4.23860580762e-15, 3.10638533735e-15, 7.67214967992e-16, 9.54985284679e-16, 2.03351138351e-15, 2.59406190613e-15, 1.96365191766e-15, 2.53411759621e-15, 1.13321785156e-15, 2.67427084404e-15, 2.33388747781e-15, 9.29741691147e-16, 2.98297242518e-15, 3.25463918477e-15, 1.70632161422e-15, 3.52225670336e-15, 2.44966756434e-15, 8.68225923353e-16, 1.72796796471e-15, 1.92846638079e-15, 1.63152235811e-15, 2.00919645572e-15, 3.77013898955e-15, 7.33565514783e-15, 6.85616843111e-15, 7.68003926243e-15, 4.71979379001e-15, 4.4837587419e-15, 6.5295305038e-15, 5.20597206701e-15, 1.01615874528e-14, 1.14718737304e-14, 9.71171216092e-15, 1.6114018316e-15, 2.04108936377e-15, 4.17886372682e-15, 9.54069790293e-15, 2.99814087944e-15, 4.60586605866e-16, 2.77050268069e-15, 7.01950941763e-15, 2.06652851603e-15, 9.87261369255e-16, 1.35953383188e-15, 1.6093148483e-15, 2.11049164358e-15, 1.37646062066e-15, 1.42144601109e-15, 6.25648477457e-15, 1.99453855057e-15, 1.96208088331e-15, 3.5041280807e-15, 1.96224753704e-15, 2.3690734382e-15, 5.49264443878e-15, 3.57495803454e-15, 1.90065320694e-15, 1.58450302981e-15, 3.28210417515e-16, 2.13576445974e-17],
        "stdev": [8.88025460881e-05, 0.000570911215618, 0.00174209102988, 0.00193227233831, 0.00180509779602, 0.00130835431628, 0.000948261644226, 0.0011209131917, 0.0011863973923, 0.00116800284013, 0.00132943829522, 0.0010799075244, 0.00120134942699, 0.000868710689247, 0.000972228881437, 0.000749160186388, 0.000627898785751, 0.000793738407083, 0.000753655505832, 0.000708922103513, 0.000473557069199, 0.000455912086181, 0.000533718673978, 0.000541164539754, 0.00092728168238, 0.00102166587021, 0.00107384717558, 0.00113052059896, 0.000688542553689, 0.00105017400347, 0.0009746933938, 0.000777020293754, 0.00104555359576, 0.0008901192341, 0.000601517735049, 0.000859163585119, 0.000399612035835, 0.000244532013312, 0.000295401114272, 0.000267235940555, 0.000186932607903, 0.00033347812132, 0.000431828579167, 0.000224946270464, 0.000281823740806, 0.000412570429035, 0.000326778361341, 0.000204491181648, 0.000257156381849, 0.000109136766696, 8.16368192318e-05, 0.000119835502119, 0.000125435049995, 0.000302835513139, 0.000130686239572, 9.79088799795e-05, 8.89244765858e-05, 7.29441380827e-05, 4.0882943722e-05, 3.94604612666e-05, 3.81923928217e-05, 7.14261623216e-05, 4.27199011028e-05, 3.56003256456e-05, 3.68492546841e-05, 5.26081603311e-05, 3.34720425599e-05, 2.02083665499e-05, 2.10678917938e-05, 2.78158713627e-05, 2.19527209993e-05, 2.06759086723e-05, 1.33036155603e-05, 8.37599509396e-06, 7.14857833373e-06, 7.2348257163e-06, 6.84453516442e-06, 6.41491669739e-06, 7.06023365638e-06, 6.43515159027e-06, 6.98854637449e-06, 5.95175606577e-06, 4.88251953357e-06, 4.5029814828e-06, 4.24904101237e-06, 4.25667712989e-06, 4.26200176662e-06, 3.62879222848e-06, 4.11792098021e-06, 4.14714168073e-06, 4.00806993639e-06, 3.1994973142e-06, 3.29329213855e-06, 2.46300464823e-06, 2.50759694609e-06, 3.10608652399e-06, 2.26613428822e-06, 1.53081089138e-06, 1.35605341711e-06, 1.02994397366e-06, 9.72615680439e-07, 1.05471758616e-06, 1.07618802758e-06, 1.00843340078e-06, 1.05559036001e-06, 1.14676186058e-06, 3.61390817716e-07, 1.60208273314e-08, 5.85841861134e-11, 1.33480839229e-11, 8.9368087583e-12, 9.70159629715e-12, 1.5535586706e-11, 1.6950031656e-11, 1.470171207e-11, 7.73955465688e-12, 6.96030689681e-12, 6.73917085331e-12, 6.53651828844e-12, 6.3584406837e-12, 6.19775064603e-12, 6.05631733999e-12, 5.92971028182e-12, 5.82302218596e-12, 5.73341634585e-12, 5.66147736331e-12, 5.6098940597e-12, 5.57806361864e-12]
    },
    "mfcc": {
        "mean": [-616.138122559, 108.12462616, -16.6432647705, 11.9542093277, -5.4854593277, 4.12869787216, 1.47361552715, 7.75512218475, -6.17576169968, 7.10562610626, -6.74265193939, -2.79473471642, -3.1374232769],
        "cov": [[5870.48779297, 437.512268066, 91.9825668335, 183.805847168, 72.3591690063, 21.2489337921, 112.969810486, 30.7471847534, -55.5592155457, 94.7706985474, -54.7245292664, 1.87683522701, 35.0967216492], [437.512268066, 752.470153809, -74.9154968262, 90.1634674072, 26.9465866089, 1.41060614586, 15.5900402069, 4.96696376801, -71.4291687012, -0.486756950617, -24.2911777496, -10.3633499146, -29.0293865204], [91.9825668335, -74.9154968262, 764.578369141, 152.856811523, 116.296844482, 83.3865127563, 14.9657917023, -30.5104370117, -5.00645160675, -74.2910385132, 15.8165197372, 50.2047424316, 4.93089723587], [183.805847168, 90.1634674072, 152.856811523, 308.284912109, 147.870742798, 9.14698123932, -33.1399078369, -0.796566724777, -1.63742542267, -23.2619915009, -26.1971569061, 27.7481575012, 16.0330352783], [72.3591690063, 26.9465866089, 116.296844482, 147.870742798, 253.045074463, 41.3204689026, 18.3056049347, -9.63764572144, -5.48179483414, 6.6484837532, -43.6025657654, 8.73308753967, 23.5479450226], [21.2489337921, 1.41060614586, 83.3865127563, 9.14698123932, 41.3204689026, 212.562591553, 119.82598114, 23.7456607819, 18.7068443298, 22.9756832123, 29.3224182129, -5.76085519791, -3.71999168396], [112.969810486, 15.5900402069, 14.9657917023, -33.1399078369, 18.3056049347, 119.82598114, 254.43321228, 66.7784805298, -16.6318511963, 52.8082733154, 18.474691391, -11.5261631012, 21.3089828491], [30.7471847534, 4.96696376801, -30.5104370117, -0.796566724777, -9.63764572144, 23.7456607819, 66.7784805298, 126.725975037, 59.9684410095, 29.9100093842, 24.4680309296, 18.815612793, -2.13798117638], [-55.5592155457, -71.4291687012, -5.00645160675, -1.63742542267, -5.48179483414, 18.7068443298, -16.6318511963, 59.9684410095, 126.205734253, 27.5990962982, 34.0336265564, 19.7848110199, -15.1174526215], [94.7706985474, -0.486756950617, -74.2910385132, -23.2619915009, 6.6484837532, 22.9756832123, 52.8082733154, 29.9100093842, 27.5990962982, 116.278999329, 28.1557178497, 6.29021453857, 11.5314245224], [-54.7245292664, -24.2911777496, 15.8165197372, -26.1971569061, -43.6025657654, 29.3224182129, 18.474691391, 24.4680309296, 34.0336265564, 28.1557178497, 108.66809845, 38.1554489136, -10.8420467377], [1.87683522701, -10.3633499146, 50.2047424316, 27.7481575012, 8.73308753967, -5.76085519791, -11.5261631012, 18.815612793, 19.7848110199, 6.29021453857, 38.1554489136, 87.4696273804, 20.5938816071], [35.0967216492, -29.0293865204, 4.93089723587, 16.0330352783, 23.5479450226, -3.71999168396, 21.3089828491, -2.13798117638, -15.1174526215, 11.5314245224, -10.8420467377, 20.5938816071, 72.4315032959]],
        "icov": [[0.000187159370398, -9.78649622994e-05, -4.75234701298e-05, -0.000104462451418, 7.30355095584e-05, 3.07957416226e-05, -6.63996834191e-05, -4.18662375523e-06, 2.21588325076e-05, -0.00021604046924, 0.000133674242534, -5.32002968612e-06, -4.57628484583e-05], [-9.78649622994e-05, 0.00166836357675, 0.000288641807856, -0.000602867046837, 3.34392716468e-05, -0.000193701125681, 8.83357206476e-05, -0.000570687523577, 0.00140890479088, -0.000179030146683, 0.000148869119585, -0.000309396302328, 0.00119903101586], [-4.75234701298e-05, 0.000288641807856, 0.00183913880028, -0.000639472506009, -0.000461948220618, -0.00054264080245, -0.000414999987697, 0.00068070483394, -8.98059442989e-05, 0.00137760385405, -0.000446382880909, -0.000985245220363, 0.000394799426431], [-0.000104462451418, -0.000602867046837, -0.000639472506009, 0.00544865056872, -0.00280459527858, -0.000141092328704, 0.00124131038319, -0.00103400216904, 4.46111189376e-05, 0.000722367491107, 0.000134610192617, -0.00072412751615, -0.000724373036064], [7.30355095584e-05, 3.34392716468e-05, -0.000461948220618, -0.00280459527858, 0.00666968012229, -0.00105541828088, -0.000520090456121, 0.000971321074758, -0.000497298780829, -0.00163038354367, 0.00308417505585, -0.00084081874229, -0.000554116501007], [3.07957416226e-05, -0.000193701125681, -0.00054264080245, -0.000141092328704, -0.00105541828088, 0.00772445835173, -0.00412527192384, 0.00172802945599, -0.0023469873704, 0.000431994354585, -0.00188243342564, 0.00116178917233, 0.000809378747363], [-6.63996834191e-05, 8.83357206476e-05, -0.000414999987697, 0.00124131038319, -0.000520090456121, -0.00412527192384, 0.00878919195384, -0.00581031059846, 0.00465855095536, -0.00243188231252, -0.000699915108271, 0.00201167399064, -0.00229622609913], [-4.18662375523e-06, -0.000570687523577, 0.00068070483394, -0.00103400216904, 0.000971321074758, 0.00172802945599, -0.00581031059846, 0.0149164553732, -0.00807826500386, 0.000469093269203, 0.000553618301637, -0.00276824668981, 0.000987687380984], [2.21588325076e-05, 0.00140890479088, -8.98059442989e-05, 4.46111189376e-05, -0.000497298780829, -0.0023469873704, 0.00465855095536, -0.00807826500386, 0.0149989072233, -0.00298226485029, -0.00165417813696, -0.000596952682827, 0.00250972108915], [-0.00021604046924, -0.000179030146683, 0.00137760385405, 0.000722367491107, -0.00163038354367, 0.000431994354585, -0.00243188231252, 0.000469093269203, -0.00298226485029, 0.0124958092347, -0.00332623231225, 0.000474497006508, -0.00218385597691], [0.000133674242534, 0.000148869119585, -0.000446382880909, 0.000134610192617, 0.00308417505585, -0.00188243342564, -0.000699915108271, 0.000553618301637, -0.00165417813696, -0.00332623231225, 0.0155082643032, -0.00744741363451, 0.00374152278528], [-5.32002968612e-06, -0.000309396302328, -0.000985245220363, -0.00072412751615, -0.00084081874229, 0.00116178917233, 0.00201167399064, -0.00276824668981, -0.000596952682827, 0.000474497006508, -0.00744741363451, 0.0181409940124, -0.00670737540349], [-4.57628484583e-05, 0.00119903101586, 0.000394799426431, -0.000724373036064, -0.000554116501007, 0.000809378747363, -0.00229622609913, 0.000987687380984, 0.00250972108915, -0.00218385597691, 0.00374152278528, -0.00670737540349, 0.0187073536217]]
    },
    "spectral_contrast_coeffs": {
        "max": [-0.363844960928, -0.511668682098, -0.510491907597, -0.575160443783, -0.613082408905, -0.475405156612],
        "mean": [-0.721031904221, -0.74406349659, -0.719502568245, -0.772641181946, -0.783344089985, -0.749396562576],
        "min": [-0.966784060001, -0.981762051582, -0.973854005337, -0.965091109276, -0.941189348698, -0.942331075668],
        "stdev": [0.0814100727439, 0.0707506760955, 0.0820193141699, 0.0661275312304, 0.0435456521809, 0.0420583970845]
    },
    "spectral_contrast_valleys": {
        "max": [-4.95288419724, -4.83926439285, -5.2932062149, -5.68115377426, -5.85051298141, -7.91206073761],
        "mean": [-6.96032810211, -6.68536806107, -6.98461437225, -7.26809120178, -7.19649934769, -10.1289434433],
        "min": [-19.2230072021, -18.286151886, -18.2680187225, -18.3158588409, -17.9275436401, -18.7400569916],
        "stdev": [1.3939551115, 1.15302193165, 1.08251476288, 1.02887320518, 0.995376944542, 1.06798958778]
    }
},
"rhythm": {
    "beats_count": 142,
    "beats_loudness": {
        "max": 0.0814255475998,
        "mean": 0.0330235697329,
        "min": 0.00290587148629,
        "stdev": 0.0135740060359
    },
    "bpm": 178.205810547,
    "bpm_histogram_first_peak_bpm": 178,
    "bpm_histogram_first_peak_weight": 0,
    "bpm_histogram_second_peak_bpm": 185,
    "bpm_histogram_second_peak_spread": 0,
    "bpm_histogram_second_peak_weight": 0.27659574151,
    "danceability": 1.38158154488,
    "onset_rate": 3.94826006889,
    "beats_loudness_band_ratio": {
        "max": [0.786519527435, 0.880970537663, 0.792613327503, 0.733892560005, 0.502390921116, 0.49447247386],
        "mean": [0.226511836052, 0.145846664906, 0.211165890098, 0.257720082998, 0.129953488708, 0.0693792998791],
        "min": [0.000283467728877, 0.00165208044928, 0.0102521488443, 0.00670249760151, 0.00903702899814, 0.00379579211585],
        "stdev": [0.191439777613, 0.162437424064, 0.180171817541, 0.186702728271, 0.106829933822, 0.0633811056614]
    },
