{
"metadata": {
    "version": {
        "essentia": "2.1-beta5",
        "essentia_git_sha": "Undefined",
        "extractor": "music 2.0"
    },
    "audio_properties": {
        "analysis": {
            "equal_loudness": 0,
            "length": 45.2556915283,
            "sample_rate": 44100,
            "start_time": 97.4889831543,
            "downmix": "mix"
        },
        "bit_rate": 192000,
        "length": 197.973327637,
        "lossless": 0,
        "number_channels": 2,
        "replay_gain": -7.43694877625,
        "sample_rate": 44100,
        "codec": "mp3",
        "md5_encoded": "36dfdb55fc8599fdfc4f8d0df1998bb2"
    },
    "tags": {
        "file_name": "Finland_Addicted To You_Laura.mp3",
        "encoding": ["Lavf58.29.100"]
    }
},
"lowlevel": {
    "average_loudness": 0.974156200886,
    "barkbands_crest": {
        "max": 24.0202541351,
        "mean": 8.40816020966,
        "min": 2.04858088493,
        "stdev": 3.48839855194
    },
    "barkbands_flatness_db": {
        "max": 0.226932004094,
        "mean": 0.11190611124,
        "min": 0.0285482183099,
        "stdev": 0.0330389998853
    },
    "barkbands_kurtosis": {
        "max": 21.1938228607,
        "mean": 1.0135127306,
        "min": -1.90509355068,
        "stdev": 2.80029988289
    },
    "barkbands_skewness": {
        "max": 3.99840974808,
        "mean": 0.842405021191,
        "min": -3.40526127815,
        "stdev": 0.897898256779
    },
    "barkbands_spread": {
        "max": 110.804473877,
        "mean": 31.5219669342,
        "min": 4.890832901,
        "stdev": 15.4140291214
    },
    "dissonance": {
        "max": 0.499999433756,
        "mean": 0.472492694855,
        "min": 0.330004781485,
        "stdev": 0.0214290097356
    },
    "dynamic_complexity": 1.81340360641,
    "erbbands_crest": {
        "max": 28.7356452942,
        "mean": 9.69444656372,
        "min": 2.50100469589,
        "stdev": 4.93378543854
    },
    "erbbands_flatness_db": {
        "max": 0.280317813158,
        "mean": 0.148936793208,
        "min": 0.0538835898042,
        "stdev": 0.0410713963211
    },
    "erbbands_kurtosis": {
        "max": 18.1024665833,
        "mean": 0.648932158947,
        "min": -1.73826885223,
        "stdev": 2.10588502884
    },
    "erbbands_skewness": {
        "max": 3.21062660217,
        "mean": 0.164516538382,
        "min": -3.75438213348,
        "stdev": 0.832385063171
    },
    "erbbands_spread": {
        "max": 119.61831665,
        "mean": 37.8841629028,
        "min": 5.61288690567,
        "stdev": 17.5072612762
    },
    "hfc": {
        "max": 370.756011963,
        "mean": 38.8869514465,
        "min": 1.50595521927,
        "stdev": 39.4637145996
    },
    "loudness_ebu128": {
        "integrated": -15.6231861115,
        "loudness_range": 1.44851303101,
        "momentary": {
            "max": -13.4871253967,
            "mean": -15.8340921402,
            "min": -23.788192749,
            "stdev": 1.48588466644
        },
        "short_term": {
            "max": -14.7461614609,
            "mean": -15.6471223831,
            "min": -17.4882240295,
            "stdev": 0.529983341694
        }
    },
    "melbands_crest": {
        "max": 30.2274188995,
        "mean": 12.0053815842,
        "min": 3.50679016113,
        "stdev": 4.80859088898
    },
    "melbands_flatness_db": {
        "max": 0.294415920973,
        "mean": 0.147142589092,
        "min": 0.0286149792373,
        "stdev": 0.0402040183544
    },
    "melbands_kurtosis": {
        "max": 95.4151306152,
        "mean": 6.27654743195,
        "min": -1.85218441486,
        "stdev": 8.78392887115
    },
    "melbands_skewness": {
        "max": 8.80550956726,
        "mean": 1.88140916824,
        "min": -1.04069828987,
        "stdev": 1.22890365124
    },
    "melbands_spread": {
        "max": 243.884002686,
        "mean": 38.5678520203,
        "min": 4.68008422852,
        "stdev": 29.2980308533
    },
    "pitch_salience": {
        "max": 0.84321397543,
        "mean": 0.577909648418,
        "min": 0.2276160568,
        "stdev": 0.103967800736
    },
    "silence_rate_20dB": {
        "max": 1,
        "mean": 1,
        "min": 1,
        "stdev": 0
    },
    "silence_rate_30dB": {
        "max": 1,
        "mean": 1,
        "min": 1,
        "stdev": 0
    },
    "silence_rate_60dB": {
        "max": 1,
        "mean": 0.00205128197558,
        "min": 0,
        "stdev": 0.0452446080744
    },
    "spectral_centroid": {
        "max": 5823.94824219,
        "mean": 1807.58642578,
        "min": 434.547149658,
        "stdev": 673.907287598
    },
    "spectral_complexity": {
        "max": 57,
        "mean": 24.5641021729,
        "min": 5,
        "stdev": 9.45958995819
    },
    "spectral_decrease": {
        "max": -5.18926956961e-10,
        "mean": -7.07296887725e-09,
        "min": -2.45188136461e-08,
        "stdev": 4.0846255267e-09
    },
    "spectral_energy": {
        "max": 0.100637920201,
        "mean": 0.030222190544,
        "min": 0.00230869348161,
        "stdev": 0.0169839672744
    },
    "spectral_energyband_high": {
        "max": 0.0465472154319,
        "mean": 0.00235975999385,
        "min": 2.51560049946e-05,
        "stdev": 0.00492020789534
    },
    "spectral_energyband_low": {
        "max": 0.078589618206,
        "mean": 0.00858719460666,
        "min": 5.3286588809e-05,
        "stdev": 0.0102596282959
    },
    "spectral_energyband_middle_high": {
        "max": 0.0494730174541,
        "mean": 0.0104652764276,
        "min": 0.000237512154854,
        "stdev": 0.00879168417305
    },
    "spectral_energyband_middle_low": {
        "max": 0.0617408975959,
        "mean": 0.00998937338591,
        "min": 0.00080084981164,
        "stdev": 0.00781622715294
    },
    "spectral_entropy": {
        "max": 8.86841678619,
        "mean": 7.83971309662,
        "min": 6.87612390518,
        "stdev": 0.333165645599
    },
    "spectral_flux": {
        "max": 0.278079360723,
        "mean": 0.104650437832,
        "min": 0.0185294579715,
        "stdev": 0.0433180443943
    },
    "spectral_kurtosis": {
        "max": 13.9211158752,
        "mean": 3.04179406166,
        "min": -1.37444007397,
        "stdev": 1.65042519569
    },
    "spectral_rms": {
        "max": 0.00990875065327,
        "mean": 0.00521416915581,
        "min": 0.00150079443119,
        "stdev": 0.00151576614007
    },
    "spectral_rolloff": {
        "max": 10637.4023438,
        "mean": 2244.87353516,
        "min": 129.19921875,
        "stdev": 1908.66308594
    },
    "spectral_skewness": {
        "max": 2.71292757988,
        "mean": 1.32943069935,
        "min": -0.27385571599,
        "stdev": 0.360695809126
    },
    "spectral_spread": {
        "max": 14227961,
        "mean": 5135169,
        "min": 2741803,
        "stdev": 1593928.375
    },
    "spectral_strongpeak": {
        "max": 13.1719722748,
        "mean": 1.56714177132,
        "min": 0.0292371902615,
        "stdev": 1.9439445734
    },
    "zerocrossingrate": {
        "max": 0.38134765625,
        "mean": 0.0864681005478,
        "min": 0.02001953125,
        "stdev": 0.0473790094256
    },
    "barkbands": {
        "max": [0.00257643451914, 0.0468243435025, 0.0589375719428, 0.0349512510002, 0.0212154537439, 0.0501338392496, 0.054425816983, 0.0245744362473, 0.0256146099418, 0.0352045670152, 0.0381044521928, 0.0224770233035, 0.0217873323709, 0.0363150052726, 0.0206850804389, 0.0284417383373, 0.0155371557921, 0.0083743641153, 0.00883904378861, 0.0118398657069, 0.0124023742974, 0.0123527105898, 0.0188641212881, 0.0194887463003, 0.0131414262578, 0.00166917906608, 5.18855595146e-05],
        "mean": [0.000273960380582, 0.00460440618917, 0.00281578698196, 0.00151359301526, 0.00172051228583, 0.00239378889091, 0.00192282116041, 0.000917755998671, 0.00104536907747, 0.00229262141511, 0.00124581600539, 0.00139168836176, 0.00100786960684, 0.000975828676019, 0.000865938374773, 0.000769071863033, 0.000569317315239, 0.000565554946661, 0.000743052631151, 0.000439635972725, 0.000337588979164, 0.00039202926564, 0.000493294210173, 0.000491884537041, 0.000321288534906, 0.000111009809189, 7.15866462997e-07],
        "min": [8.81971384814e-09, 1.84581494977e-06, 2.74790409094e-06, 1.94733229364e-06, 4.71400780953e-05, 1.48568324221e-05, 7.22235063222e-06, 1.05609797174e-05, 7.54719121687e-06, 1.08123040263e-05, 6.12324765825e-06, 9.13845997275e-06, 7.74706131779e-06, 7.01930230207e-06, 6.64979961584e-06, 7.59180602472e-06, 4.96505481351e-06, 7.90038302512e-06, 1.15002612802e-05, 4.52903759651e-06, 3.38685254064e-06, 4.71851444672e-06, 4.97238033859e-06, 3.16383011523e-06, 9.16711883292e-07, 9.45511615669e-08, 3.20855286784e-11],
        "stdev": [0.000271141674602, 0.00612790929154, 0.00565458321944, 0.00233424897306, 0.00186833005864, 0.00376260280609, 0.00416653510183, 0.00170680123847, 0.001710838289, 0.0040276274085, 0.00271558715031, 0.00253077759407, 0.00222127186134, 0.00244689476676, 0.00183021614794, 0.00191423483193, 0.00111532013398, 0.000818969507236, 0.000869069888722, 0.000768056430388, 0.000686445564497, 0.00098477548454, 0.00122174574062, 0.00165651913267, 0.00109046616126, 0.000246165000135, 3.12008023684e-06]
    },
    "erbbands": {
        "max": [1.52283620834, 10.3864278793, 56.6427307129, 82.8750762939, 103.314666748, 53.0086402893, 320.194458008, 569.246520996, 925.76763916, 460.92010498, 712.779968262, 590.400634766, 842.345581055, 1334.86560059, 1145.75048828, 741.355957031, 1102.99890137, 1786.40136719, 1024.42028809, 1290.6628418, 1935.73937988, 745.749938965, 569.950927734, 539.520446777, 404.439941406, 589.644714355, 395.624755859, 564.935852051, 378.50982666, 567.903747559, 620.602783203, 576.474609375, 336.772979736, 204.064453125, 46.0714797974, 10.2681102753, 3.93360733986, 0.360242426395, 0.00726327998564, 0.000436414062278],
        "mean": [0.124434955418, 1.06545448303, 3.20707392693, 4.53280353546, 5.01288080215, 5.54795074463, 9.77889251709, 24.1036396027, 30.666135788, 19.5676326752, 20.193397522, 25.4535064697, 46.2729492188, 77.9042739868, 65.4663391113, 48.7014541626, 47.3333358765, 49.6233024597, 51.1046829224, 38.3916015625, 44.1972351074, 31.7037467957, 30.3768806458, 41.6598472595, 29.9137248993, 20.6240959167, 13.5783252716, 14.6358795166, 13.6373081207, 14.6826152802, 13.7648305893, 11.3742513657, 7.40332841873, 4.6279296875, 1.65129363537, 0.588127553463, 0.206027463078, 0.0163043458015, 0.000359056575689, 5.90812633163e-05],
        "min": [7.70267070038e-05, 0.00190269679297, 0.00954800285399, 0.0180981662124, 0.0655126720667, 0.137378811836, 0.213168561459, 0.277438312769, 0.162205189466, 0.282830953598, 0.359903872013, 0.381587415934, 0.284766554832, 0.325898528099, 0.569103062153, 0.502682387829, 0.534987270832, 0.536827504635, 0.345797896385, 0.475694835186, 0.336517393589, 0.312424749136, 0.482198834419, 0.554624736309, 0.571582019329, 0.218441694975, 0.185980141163, 0.150163531303, 0.141037091613, 0.151648014784, 0.145480245352, 0.102424196899, 0.039066426456, 0.0146808847785, 0.00314516643994, 0.000635192904156, 9.57014999585e-05, 4.06673416364e-06, 2.01456145987e-06, 3.06996025756e-06],
        "stdev": [0.185612872243, 1.45043325424, 6.04669952393, 6.91339254379, 6.83492326736, 5.63308095932, 18.6539535522, 42.199596405, 62.5367088318, 37.2600860596, 38.8057632446, 37.6277503967, 84.3002090454, 149.932952881, 130.873733521, 78.6427154541, 99.7338104248, 109.483848572, 98.4074630737, 81.9718170166, 117.359451294, 57.3401260376, 44.8062210083, 51.408531189, 34.5795936584, 36.464931488, 27.078250885, 29.7258987427, 32.5827407837, 39.4334411621, 34.2216758728, 36.5494499207, 25.9108028412, 17.4321575165, 4.48848342896, 1.30015945435, 0.468835234642, 0.0432017855346, 0.000848868920002, 6.04583001405e-05]
    },
    "gfcc": {
        "mean": [42.2311973572, 76.2919311523, -124.977058411, 39.837928772, -66.061340332, 24.4083271027, -39.8854751587, 15.1795539856, -26.215631485, 2.06420636177, -11.6774597168, 1.60661506653, -11.590086937],
        "cov": [[1745.39758301, -648.693725586, 301.355926514, -27.2447433472, 274.568328857, 144.701477051, 65.3012695312, 81.7430877686, -92.4834060669, 170.008895874, -197.974700928, 138.289031982, -132.879013062], [-648.693725586, 852.92199707, -326.639007568, -19.7002792358, 102.679008484, -130.234573364, 78.0388412476, -42.7965927124, 51.3717193604, -93.6226196289, 148.864883423, -58.350276947, 77.8518600464], [301.355926514, -326.639007568, 630.867492676, 89.3130340576, 73.0951919556, 59.5910644531, -50.4770698547, 92.9262084961, 9.82513427734, 107.742912292, -128.823059082, 84.7627639771, -87.4995727539], [-27.2447433472, -19.7002792358, 89.3130340576, 271.926940918, 39.4660568237, -14.8608913422, -29.6228027344, 15.9985723495, 75.3046112061, -11.5785799026, -9.2357711792, -9.82235145569, 20.1366176605], [274.568328857, 102.679008484, 73.0951919556, 39.4660568237, 356.422149658, 35.9589042664, 52.4859695435, 56.8940505981, -0.342718750238, 63.9117889404, -65.3504943848, 55.9258956909, -38.2150154114], [144.701477051, -130.234573364, 59.5910644531, -14.8608913422, 35.9589042664, 223.449111938, 102.85005188, -39.4170684814, -52.0956878662, 9.3188457489, -12.1194810867, 1.1155384779, -26.186252594], [65.3012695312, 78.0388412476, -50.4770698547, -29.6228027344, 52.4859695435, 102.85005188, 218.444503784, -20.746887207, -86.3663864136, 0.0626124069095, 0.624773025513, 7.99148845673, -17.2794113159], [81.7430877686, -42.7965927124, 92.9262084961, 15.9985723495, 56.8940505981, -39.4170684814, -20.746887207, 138.013092041, 52.6586914062, 18.8081264496, -23.4428424835, 25.9443798065, -6.53653335571], [-92.4834060669, 51.3717193604, 9.82513427734, 75.3046112061, -0.342718750238, -52.0956878662, -86.3663864136, 52.6586914062, 149.154937744, 12.5706319809, 17.118888855, -9.11513233185, 17.2621212006], [170.008895874, -93.6226196289, 107.742912292, -11.5785799026, 63.9117889404, 9.3188457489, 0.0626124069095, 18.8081264496, 12.5706319809, 114.976028442, -28.8749828339, 30.9292182922, -30.7043952942], [-197.974700928, 148.864883423, -128.823059082, -9.2357711792, -65.3504943848, -12.1194810867, 0.624773025513, -23.4428424835, 17.118888855, -28.8749828339, 135.50088501, -17.8961334229, 28.0948238373], [138.289031982, -58.350276947, 84.7627639771, -9.82235145569, 55.9258956909, 1.1155384779, 7.99148845673, 25.9443798065, -9.11513233185, 30.9292182922, -17.8961334229, 86.2841873169, -6.98686170578], [-132.879013062, 77.8518600464, -87.4995727539, 20.1366176605, -38.2150154114, -26.186252594, -17.2794113159, -6.53653335571, 17.2621212006, -30.7043952942, 28.0948238373, -6.98686170578, 84.6908569336]],
        "icov": [[0.00124416581821, 0.0012571294792, 0.000127555802464, 0.000305420748191, -0.00126657460351, 0.00046720795217, -0.000679141201545, 0.000252436671872, -0.000193604137166, -8.01773567218e-05, -5.33323036507e-05, -0.000410723412642, 0.000303700711811], [0.0012571294792, 0.00601022085175, -0.00131258624606, 0.00293589243665, -0.00566202541813, 0.00555621134117, -0.00549073005095, 0.00447585899383, -0.0048066880554, 0.00424295803532, -0.00471952790394, 0.00319399009459, -0.00287123140879], [0.000127555802464, -0.00131258624606, 0.00431195925921, -0.00269532226957, 0.00236073532142, -0.0032402172219, 0.00323863956146, -0.00366229168139, 0.00290522305295, -0.00350432982668, 0.00337661406957, -0.00376280839555, 0.00365082267672], [0.000305420748191, 0.00293589243665, -0.00269532226957, 0.00713281100616, -0.00404481217265, 0.00373892206699, -0.0040609575808, 0.00431940052658, -0.00624107103795, 0.00448025716469, -0.00272064981982, 0.00347076589242, -0.00377925718203], [-0.00126657460351, -0.00566202541813, 0.00236073532142, -0.00404481217265, 0.00963436905295, -0.00595321180299, 0.00473496038467, -0.00594159541652, 0.00483108870685, -0.00576618406922, 0.00601569237188, -0.00523883802816, 0.00412937719375], [0.00046720795217, 0.00555621134117, -0.0032402172219, 0.00373892206699, -0.00595321180299, 0.0125877438113, -0.00888629350811, 0.00737047148868, -0.00580440089107, 0.00537917623296, -0.00545577006415, 0.00498024607077, -0.00329550472088], [-0.000679141201545, -0.00549073005095, 0.00323863956146, -0.0040609575808, 0.00473496038467, -0.00888629350811, 0.0136680305004, -0.00667271064594, 0.00969997886568, -0.00544246844947, 0.00428645033389, -0.00427486933768, 0.00423110090196], [0.000252436671872, 0.00447585899383, -0.00366229168139, 0.00431940052658, -0.00594159541652, 0.00737047148868, -0.00667271064594, 0.0156914256513, -0.00969163607806, 0.00587126007304, -0.00369191984646, 0.00218385295011, -0.00357263837941], [-0.000193604137166, -0.0048066880554, 0.00290522305295, -0.00624107103795, 0.00483108870685, -0.00580440089107, 0.00969997886568, -0.00969163607806, 0.0181166958064, -0.00763281155378, 0.00266908248886, -0.00212345365435, 0.00269605498761], [-8.01773567218e-05, 0.00424295803532, -0.00350432982668, 0.00448025716469, -0.00576618406922, 0.00537917623296, -0.00544246844947, 0.00587126007304, -0.00763281155378, 0.0169092528522, -0.00405242992565, 0.00155578250997, -0.0011490106117], [-5.33323036507e-05, -0.00471952790394, 0.00337661406957, -0.00272064981982, 0.00601569237188, -0.00545577006415, 0.00428645033389, -0.00369191984646, 0.00266908248886, -0.00405242992565, 0.0148785104975, -0.00481237471104, 0.00266143120825], [-0.000410723412642, 0.00319399009459, -0.00376280839555, 0.00347076589242, -0.00523883802816, 0.00498024607077, -0.00427486933768, 0.00218385295011, -0.00212345365435, 0.00155578250997, -0.00481237471104, 0.0193336475641, -0.00563271995634], [0.000303700711811, -0.00287123140879, 0.00365082267672, -0.00377925718203, 0.00412937719375, -0.00329550472088, 0.00423110090196, -0.00357263837941, 0.00269605498761, -0.0011490106117, 0.00266143120825, -0.00563271995634, 0.0187121946365]]
    },
    "melbands": {
        "max": [0.013589209877, 0.0224442929029, 0.0140898507088, 0.00486344750971, 0.008828304708, 0.0119041893631, 0.0128260022029, 0.00465956702828, 0.00574178947136, 0.00438148435205, 0.00440630270168, 0.00587119441479, 0.00482145231217, 0.0028424244374, 0.00272384658456, 0.00295931426808, 0.00409188494086, 0.00189007725567, 0.00173233123496, 0.00152816483751, 0.00230944668874, 0.00106693431735, 0.000711214379407, 0.000504262803588, 0.000498716544826, 0.000511805061251, 0.000399071053835, 0.000415091286413, 0.000310409755912, 0.00026712557883, 0.000308717397274, 0.000235131126828, 0.00030846692971, 0.000350100541255, 0.000427595048677, 0.000269390729954, 0.000361680868082, 0.000290884287097, 0.00023297208827, 0.000159802075359],
        "mean": [0.00120516831521, 0.0015754129272, 0.000786580319982, 0.000378560565878, 0.000321293628076, 0.000520663917996, 0.000454721419374, 0.000203832038096, 0.000154675974045, 0.000164752302226, 0.00023225347104, 0.00032335423748, 0.000190084494534, 0.000176315516001, 9.97395400191e-05, 9.78383104666e-05, 9.46252112044e-05, 8.48979980219e-05, 5.85658053751e-05, 4.7728743084e-05, 5.30791767233e-05, 3.26423360093e-05, 3.01290383504e-05, 2.51857527473e-05, 3.59083533112e-05, 2.30204768741e-05, 1.78730097105e-05, 1.27765979414e-05, 8.68383904162e-06, 7.96169751993e-06, 8.56540100358e-06, 7.62827721701e-06, 7.66477023717e-06, 8.50065862323e-06, 8.20969216875e-06, 7.06009768692e-06, 6.98431495039e-06, 5.38850963494e-06, 4.5459823923e-06, 3.66443623534e-06],
        "min": [3.74977304318e-07, 7.11842085366e-06, 5.38856647836e-06, 7.31388854547e-06, 7.22145159671e-06, 6.1999294303e-06, 1.72443378688e-06, 2.35644165514e-06, 1.78730101652e-06, 1.80547647233e-06, 1.41175189583e-06, 1.22129938518e-06, 1.36803623718e-06, 1.23617257941e-06, 1.14250940442e-06, 1.01535010799e-06, 5.9864260038e-07, 5.03587614276e-07, 6.0365130139e-07, 5.35865297024e-07, 3.15468724921e-07, 2.77110217439e-07, 3.51450466951e-07, 3.73510118834e-07, 4.07619722864e-07, 4.50342355407e-07, 2.27138215791e-07, 1.19328959158e-07, 1.18063290699e-07, 7.41721919439e-08, 8.26706312296e-08, 7.00161422174e-08, 6.54798810729e-08, 7.77241098149e-08, 7.43431272099e-08, 7.75317303692e-08, 4.81580144651e-08, 2.53427998587e-08, 2.10120081334e-08, 8.58616289179e-09],
        "stdev": [0.00165403727442, 0.00244595319964, 0.00113947328646, 0.000402590201702, 0.00054085830925, 0.000859485706314, 0.000918584875762, 0.000377438060241, 0.000304633722408, 0.000269375595963, 0.000440494419308, 0.000634731084574, 0.0003880612785, 0.000328539696056, 0.000189408572624, 0.00024368269078, 0.000243090325966, 0.000176337387529, 0.000127419101773, 0.000104243845271, 0.000156588153914, 6.85796985636e-05, 5.62295645068e-05, 3.90688110201e-05, 4.84252741444e-05, 2.97705955745e-05, 2.58815889538e-05, 2.59437383647e-05, 1.8877992261e-05, 1.79709604708e-05, 1.74382312252e-05, 1.76319626917e-05, 2.25694166147e-05, 2.28705393965e-05, 2.0359761038e-05, 2.03260333365e-05, 2.38668926613e-05, 1.95040738618e-05, 1.70975145011e-05, 1.43190636663e-05]
    },
    "melbands128": {
        "max": [0.00235718488693, 0.0118397558108, 0.0219464544207, 0.0223117824644, 0.0347590297461, 0.0275330189615, 0.0188894625753, 0.0177559405565, 0.0103699676692, 0.00470665376633, 0.00247370195575, 0.0092021683231, 0.0158925205469, 0.00766078010201, 0.0139808710665, 0.0207057893276, 0.0175042394549, 0.0193564984947, 0.0107321552932, 0.00720151280984, 0.00894406158477, 0.00642925966531, 0.00941573176533, 0.0040664174594, 0.0033175565768, 0.00996557809412, 0.00678736530244, 0.00697426591069, 0.0114925950766, 0.0110085578635, 0.00764471432194, 0.00931733474135, 0.00668192235753, 0.00780355837196, 0.00609437469393, 0.00399372121319, 0.00343488086946, 0.00472954101861, 0.00337136955932, 0.005933589302, 0.0049066003412, 0.00413080444559, 0.00339423376136, 0.00914519000798, 0.00469881854951, 0.00354722933844, 0.00447043450549, 0.00292951939628, 0.00435041962191, 0.00339296343736, 0.00239929161035, 0.00286187441088, 0.00605537323281, 0.00234653241932, 0.0027769044973, 0.00145513925236, 0.0014583717566, 0.00190211378504, 0.00128210952971, 0.00123167305719, 0.000830452307127, 0.000641660299152, 0.000801284098998, 0.00082216586452, 0.000793980434537, 0.0012351423502, 0.000460327486508, 0.000583934946917, 0.000576181628276, 0.000631263945252, 0.000571190263145, 0.000426646525739, 0.000525908602867, 0.000468963786261, 0.000250290613621, 0.000387667882023, 0.000709881365765, 0.000617739511654, 0.000311528769089, 0.000333524745656, 0.000419884047005, 0.000218921239139, 0.000275788799627, 0.000396262563299, 0.000360681617167, 0.000372339069145, 0.000389688095311, 0.000416751892772, 0.000625508022495, 0.000275027850876, 0.000318001955748, 0.000246217678068, 0.000589607632719, 0.000463679461973, 0.000474733067676, 0.000432223314419, 0.000237577347434, 0.000285136949969, 0.00036446141894, 0.000327886024024, 0.000249041011557, 0.00019992981106, 0.000186375444173, 7.48925667722e-05, 6.27116241958e-05, 5.24143979419e-05, 4.84129159304e-05, 2.81572047243e-05, 2.41926682065e-05, 1.18503430713e-05, 1.44985260704e-05, 1.3923359802e-05, 1.88509784493e-05, 9.63506954577e-06, 5.54065491087e-06, 5.03369437865e-06, 1.98763541448e-06, 3.05991605387e-08, 2.98242106567e-08, 2.91345259029e-08, 2.85305876702e-08, 2.79658696201e-08, 2.74393467947e-08, 2.70035904748e-08, 2.66399187154e-08, 2.63438586501e-08, 2.60870898217e-08, 2.59496335531e-08],
        "mean": [0.000242221169174, 0.000930085720029, 0.00157217064407, 0.00180810620077, 0.00176114181522, 0.00127625511959, 0.000967797066551, 0.000659690063912, 0.000478798669064, 0.000405564613175, 0.00027576458524, 0.00026456991327, 0.00032064304105, 0.000373018148821, 0.000626168970484, 0.00052637187764, 0.000487217592308, 0.000519643246662, 0.000326325447531, 0.000166200756212, 0.000176128509338, 0.000182273797691, 0.000171858875547, 9.02636893443e-05, 0.000150986976223, 0.000209392150282, 0.000164417593624, 0.000244102644501, 0.000244082941208, 0.000411939516198, 0.00035340883187, 0.000139778392622, 0.000120952841826, 0.000298148050206, 0.000228700693697, 0.000124807833345, 0.000115341412311, 8.45495742396e-05, 9.90583794191e-05, 0.000118984135042, 0.000103796301119, 5.91093630646e-05, 7.48525271774e-05, 0.000149152081576, 7.19455783837e-05, 7.59063041187e-05, 9.26558132051e-05, 5.39203429071e-05, 4.7159177484e-05, 5.1877592341e-05, 4.53172106063e-05, 4.27537415817e-05, 6.58045901218e-05, 4.98460503877e-05, 4.2433879571e-05, 3.01796644635e-05, 2.38922675635e-05, 3.40909791703e-05, 3.09627066599e-05, 2.54652495641e-05, 2.25648891501e-05, 2.44552411459e-05, 3.98158808821e-05, 4.37086018792e-05, 2.22088383453e-05, 2.17621218326e-05, 2.41792549787e-05, 1.93001360458e-05, 1.68709102581e-05, 1.47456075865e-05, 1.27858338601e-05, 1.22401334011e-05, 1.04011242001e-05, 7.88367833593e-06, 6.45208274364e-06, 8.01382157078e-06, 8.22311449156e-06, 9.31459362619e-06, 8.26935411169e-06, 8.4651310317e-06, 7.93299841462e-06, 6.70835015626e-06, 7.90953345131e-06, 7.81971266406e-06, 7.26267307982e-06, 8.48431682243e-06, 8.54816880747e-06, 9.51488163992e-06, 8.17668023956e-06, 7.33808201403e-06, 7.43734290154e-06, 6.55656504023e-06, 7.18505589248e-06, 7.16143540558e-06, 6.87420015311e-06, 6.29247415418e-06, 4.95277754453e-06, 4.22673110734e-06, 4.64848426418e-06, 4.70494842375e-06, 4.26626729677e-06, 3.65263031199e-06, 2.68316375696e-06, 2.34338881455e-06, 1.7901325009e-06, 1.34071410685e-06, 1.16728074318e-06, 8.67224059675e-07, 1.14874967494e-06, 8.14377244751e-07, 9.76913497652e-07, 7.39154984331e-07, 7.40837947433e-07, 4.95791368849e-07, 2.74079212659e-07, 1.33707715122e-07, 3.09679357713e-08, 6.14588518966e-11, 1.98995819822e-11, 1.93642931551e-11, 1.89110394011e-11, 1.85086286575e-11, 1.81360256674e-11, 1.78250556676e-11, 1.75719473694e-11, 1.73730162201e-11, 1.7206460215e-11, 1.71059121729e-11],
        "min": [6.68096244993e-10, 2.7937932856e-08, 2.24232991286e-07, 1.10236749151e-06, 1.02439628336e-06, 1.76406376795e-06, 1.11933263724e-06, 8.44015573875e-07, 3.2744269447e-06, 1.16499609248e-06, 2.32185084315e-06, 1.11375993583e-06, 1.08210417693e-06, 2.20808396989e-06, 1.39558471801e-06, 3.32194900921e-07, 1.21734672121e-06, 4.56489999578e-07, 3.5068114812e-07, 3.69157447722e-07, 5.45553746178e-07, 5.67612175928e-07, 5.59117836474e-07, 1.1123946706e-06, 3.69220003904e-07, 5.5790354736e-07, 4.34390557302e-07, 3.6497453948e-07, 1.03009210761e-06, 5.18716205988e-07, 3.8975773009e-07, 3.40375976293e-07, 1.51535715531e-07, 6.33519221083e-07, 6.29606574876e-07, 1.45867787182e-07, 1.83438658041e-07, 2.30723216532e-07, 1.6742123421e-07, 3.49275239842e-07, 2.34659921716e-07, 3.29506747221e-07, 2.797568186e-07, 1.61762187645e-07, 2.81224039611e-08, 2.92037015015e-07, 4.26820975008e-07, 1.16183215937e-07, 2.04511223956e-07, 1.95658145685e-07, 1.11018088944e-07, 1.64611691389e-07, 1.24701131199e-07, 1.26055383021e-07, 9.51353911205e-08, 1.36896147751e-07, 2.0221037289e-07, 2.1974059905e-07, 1.7324779833e-07, 1.71504183299e-07, 1.18210436995e-07, 2.89132913167e-07, 4.21999288847e-07, 3.0269879403e-07, 2.28715606454e-07, 3.16956260349e-07, 2.40683419861e-07, 1.72223678874e-07, 1.32228308303e-07, 1.0899292846e-07, 7.35488328019e-08, 1.25547046537e-07, 9.20657683423e-08, 6.56692549228e-08, 5.37225304242e-08, 4.43473915368e-08, 3.5722131031e-08, 3.91993353333e-08, 4.57780124918e-08, 5.66091280518e-08, 5.4810442407e-08, 4.3505249181e-08, 5.53673054071e-08, 2.56802294984e-08, 4.04936599807e-08, 2.81952541314e-08, 4.13816536593e-08, 7.32521598934e-08, 7.94972407903e-08, 5.99309899485e-08, 6.7541876092e-08, 3.64544270326e-08, 4.32619415847e-08, 4.57981279567e-08, 3.94617352129e-08, 1.42146250326e-08, 1.28856054715e-08, 1.33842039673e-08, 1.82791382031e-08, 1.41487301875e-08, 5.18464959853e-09, 5.98721783263e-09, 5.31853938668e-09, 5.01416863585e-09, 2.38837416511e-09, 2.05950434484e-09, 1.36970768061e-09, 6.91167623135e-10, 6.97835011998e-10, 7.27521543009e-10, 4.52487769476e-10, 5.76049364459e-12, 2.01163781813e-12, 1.05537255909e-13, 1.23903423871e-13, 1.19713483918e-13, 1.18143423647e-13, 1.02061405388e-13, 1.00532964928e-13, 1.03516316612e-13, 8.62130598031e-14, 1.04060003344e-13, 9.72837939763e-14, 9.77892761342e-14, 8.61308433972e-14, 9.5091266133e-14, 9.46476512616e-14, 7.47607000178e-14],
        "stdev": [0.000247288582614, 0.00142879306804, 0.00258015701547, 0.00259973760694, 0.0033867971506, 0.00253244256601, 0.00154718151316, 0.00106590020005, 0.000759303511586, 0.000494314474054, 0.000307238049572, 0.000494206906296, 0.000873818353284, 0.000668342458084, 0.00130618386902, 0.00111586228013, 0.00120284594595, 0.00139028287958, 0.00089580490021, 0.00042424723506, 0.000424747762736, 0.00041453493759, 0.000471923558507, 0.000196664448595, 0.000255416263826, 0.000496853142977, 0.000439462048234, 0.000651697802823, 0.000690131739248, 0.000973705900833, 0.000856596103404, 0.000481633644085, 0.000428242201451, 0.000826364848763, 0.000606563524343, 0.00033868625178, 0.000274750520475, 0.000274195073871, 0.000257855135715, 0.000402329431381, 0.000362345163012, 0.000207240329473, 0.000224990493734, 0.00054540875135, 0.000235938132391, 0.000246945215622, 0.000274441816146, 0.000164426935953, 0.000192878040252, 0.000177026318852, 0.0001384823845, 0.000132579356432, 0.000304929475533, 0.000178642090759, 0.000144588018884, 8.78532664501e-05, 8.19762281026e-05, 9.09878508537e-05, 7.66159282648e-05, 6.67465574224e-05, 5.33179627382e-05, 4.8532110668e-05, 6.448620843e-05, 8.39645872475e-05, 4.81663810206e-05, 4.56525594927e-05, 3.65354972018e-05, 3.57659046131e-05, 3.5437016777e-05, 3.21535299008e-05, 3.14205499308e-05, 2.76242135442e-05, 2.84102352452e-05, 2.03849322133e-05, 1.38371296998e-05, 2.16547377931e-05, 2.60216511379e-05, 2.31649974012e-05, 1.85401440831e-05, 2.2066578822e-05, 1.91331091628e-05, 1.7472955733e-05, 2.2619664378e-05, 2.68979238172e-05, 2.21491936827e-05, 2.424511149e-05, 2.59886528511e-05, 2.41372254095e-05, 2.28766602959e-05, 1.94887143152e-05, 2.09275822272e-05, 2.03685576707e-05, 2.68507028522e-05, 2.53639191214e-05, 2.58398667938e-05, 2.5943185392e-05, 1.79635753739e-05, 1.46017482621e-05, 1.88806207007e-05, 2.04994175874e-05, 1.73876833287e-05, 1.52563570737e-05, 1.07444739115e-05, 7.03288833392e-06, 4.29482088293e-06, 3.40352585226e-06, 3.11559324473e-06, 2.1829259822e-06, 2.89356626126e-06, 1.83006272891e-06, 2.02942624128e-06, 1.684641461e-06, 1.8768874952e-06, 1.2203344113e-06, 7.14579869054e-07, 4.6723999958e-07, 1.33200373398e-07, 7.58974438853e-10, 6.75165312547e-10, 6.59552246152e-10, 6.45879516536e-10, 6.33093022451e-10, 6.21177498328e-10, 6.11314665555e-10, 6.03080252404e-10, 5.96376947826e-10, 5.90559989799e-10, 5.87448978351e-10]
    },
    "mfcc": {
        "mean": [-594.48236084, 98.8699111938, 1.08677792549, 16.9677886963, 2.51682472229, 4.28330469131, 2.38615942001, 8.46286869049, -5.52937698364, 4.84808683395, -1.32683956623, -2.90042257309, 0.776144683361],
        "cov": [[1447.35119629, -390.105316162, -67.662437439, -9.43521404266, 69.8662490845, 142.229980469, 93.5821456909, 20.9243087769, 86.0482025146, 1.59211182594, 21.2616138458, -19.452753067, 24.9177246094], [-390.105316162, 723.570678711, -291.15612793, 52.4328994751, 0.165158182383, -39.0108642578, 55.9788856506, 21.865447998, -38.8625946045, 12.2040109634, -5.18162202835, 5.14330387115, 22.5023365021], [-67.662437439, -291.15612793, 481.107452393, 8.2735824585, 37.5935440063, 6.05389213562, -61.4584617615, -3.02901101112, 27.5187492371, -11.7526321411, 34.054523468, 40.3650016785, -7.54310941696], [-9.43521404266, 52.4328994751, 8.2735824585, 276.549346924, 109.262924194, -22.9087295532, -50.1549873352, 12.6235990524, 54.924659729, 12.8384971619, 11.0803871155, 23.8242702484, 12.8142414093], [69.8662490845, 0.165158182383, 37.5935440063, 109.262924194, 269.397613525, -12.9959449768, -76.0910644531, 15.6313495636, 62.6887931824, 24.6638736725, 21.9359855652, 39.9065055847, 29.5470504761], [142.229980469, -39.0108642578, 6.05389213562, -22.9087295532, -12.9959449768, 251.458023071, 123.043251038, 24.4662475586, 6.73252630234, 4.63188171387, 22.3007068634, -32.4650611877, -14.4500522614], [93.5821456909, 55.9788856506, -61.4584617615, -50.1549873352, -76.0910644531, 123.043251038, 218.859680176, 48.5730705261, -16.5085983276, 3.7839050293, 4.95838069916, -42.926448822, -14.865978241], [20.9243087769, 21.865447998, -3.02901101112, 12.6235990524, 15.6313495636, 24.4662475586, 48.5730705261, 106.74420929, 16.9275016785, 5.74416303635, 5.89387226105, -9.16499423981, 5.77560901642], [86.0482025146, -38.8625946045, 27.5187492371, 54.924659729, 62.6887931824, 6.73252630234, -16.5085983276, 16.9275016785, 126.187644958, 8.00589370728, 10.8483896255, 12.8803071976, 3.72734451294], [1.59211182594, 12.2040109634, -11.7526321411, 12.8384971619, 24.6638736725, 4.63188171387, 3.7839050293, 5.74416303635, 8.00589370728, 82.2427978516, 21.412153244, -6.31889438629, -2.83494520187], [21.2616138458, -5.18162202835, 34.054523468, 11.0803871155, 21.9359855652, 22.3007068634, 4.95838069916, 5.89387226105, 10.8483896255, 21.412153244, 77.6782302856, 21.166431427, 1.96027028561], [-19.452753067, 5.14330387115, 40.3650016785, 23.8242702484, 39.9065055847, -32.4650611877, -42.926448822, -9.16499423981, 12.8803071976, -6.31889438629, 21.166431427, 86.5703659058, 26.5417232513], [24.9177246094, 22.5023365021, -7.54310941696, 12.8142414093, 29.5470504761, -14.4500522614, -14.865978241, 5.77560901642, 3.72734451294, -2.83494520187, 1.96027028561, 26.5417232513, 65.080696106]],
        "icov": [[0.00107971753459, 0.000874355435371, 0.0006795937079, -9.1077572506e-06, -0.000376322510419, -0.00022635118512, -0.000595903780777, 0.000128030762426, -0.000478288158774, 0.000202777955565, -0.000318525155308, 4.08408232033e-05, -0.00063287402736], [0.000874355435371, 0.00272821052931, 0.00173027487472, -0.000495985674206, -0.000426972255809, 0.000301368068904, -0.00111562234815, -0.000152593143866, 0.000270961347269, 0.000116295435873, -0.000522255722899, -0.000579107494559, -0.000718948547728], [0.0006795937079, 0.00173027487472, 0.00348597345874, -0.000106761792267, -0.000338885816745, -0.00029320595786, 0.000138486153446, -0.000371581350919, -0.000216139887925, 0.000639208068606, -0.00121600495186, -0.00117958523333, 0.00027788177249], [-9.1077572506e-06, -0.000495985674206, -0.000106761792267, 0.00465498538688, -0.00133601296693, 3.57874669135e-05, 0.000647915177979, -0.00035867394763, -0.0013328398345, -0.000141083364724, -3.40087390214e-05, -0.000147621205542, 0.000171801511897], [-0.000376322510419, -0.000426972255809, -0.000338885816745, -0.00133601296693, 0.00579573633149, -0.000756432418711, 0.00219308282249, -0.00107342482079, -0.00138392322697, -0.00142871087883, -0.000177731897566, -0.000982255558483, -0.00126457598526], [-0.00022635118512, 0.000301368068904, -0.00029320595786, 3.57874669135e-05, -0.000756432418711, 0.00617241719738, -0.00359945814125, 0.000506014621351, -0.000235222832998, 0.000488279736601, -0.00164351076819, 0.00136608071625, 0.000315348093864], [-0.000595903780777, -0.00111562234815, 0.000138486153446, 0.000647915177979, 0.00219308282249, -0.00359945814125, 0.00916610658169, -0.00333116902038, 0.000397143914597, -0.000383463921025, -0.000314144184813, 0.00135290354956, 0.000515144434758], [0.000128030762426, -0.000152593143866, -0.000371581350919, -0.00035867394763, -0.00107342482079, 0.000506014621351, -0.00333116902038, 0.0114169409499, -0.00140935590025, -2.27584514505e-05, -0.000454628199805, 0.00136268569622, -0.00160545099061], [-0.000478288158774, 0.000270961347269, -0.000216139887925, -0.0013328398345, -0.00138392322697, -0.000235222832998, 0.000397143914597, -0.00140935590025, 0.00999050587416, -0.00031315832166, -0.000139401556225, -0.000798202992883, 0.000862595974468], [0.000202777955565, 0.000116295435873, 0.000639208068606, -0.000141083364724, -0.00142871087883, 0.000488279736601, -0.000383463921025, -2.27584514505e-05, -0.00031315832166, 0.0140914674848, -0.00454789865762, 0.00249043526128, 0.000408585096011], [-0.000318525155308, -0.000522255722899, -0.00121600495186, -3.40087390214e-05, -0.000177731897566, -0.00164351076819, -0.000314144184813, -0.000454628199805, -0.000139401556225, -0.00454789865762, 0.0166301410645, -0.0049404958263, 0.00117649056483], [4.08408232033e-05, -0.000579107494559, -0.00117958523333, -0.000147621205542, -0.000982255558483, 0.00136608071625, 0.00135290354956, 0.00136268569622, -0.000798202992883, 0.00249043526128, -0.0049404958263, 0.0172239411622, -0.00570708140731], [-0.00063287402736, -0.000718948547728, 0.00027788177249, 0.000171801511897, -0.00126457598526, 0.000315348093864, 0.000515144434758, -0.00160545099061, 0.000862595974468, 0.000408585096011, 0.00117649056483, -0.00570708140731, 0.0190195702016]]
    },
    "spectral_contrast_coeffs": {
        "max": [-0.532509088516, -0.472192794085, -0.500986993313, -0.586347281933, -0.622352480888, -0.616670846939],
        "mean": [-0.745747566223, -0.749786913395, -0.747595727444, -0.778842806816, -0.772097885609, -0.770518600941],
        "min": [-0.894149124622, -0.900655031204, -0.896714389324, -0.889297127724, -0.864553689957, -0.871879220009],
        "stdev": [0.0563190691173, 0.0675589069724, 0.0755227431655, 0.0601810738444, 0.043215431273, 0.034975297749]
    },
    "spectral_contrast_valleys": {
        "max": [-5.14184856415, -5.14265394211, -5.39976644516, -5.55023097992, -5.4614033699, -6.88244104385],
        "mean": [-6.42268896103, -6.45553588867, -6.93325233459, -7.19121026993, -7.07815504074, -9.37821006775],
        "min": [-8.70087814331, -8.07461261749, -8.41758918762, -8.55906486511, -8.61669540405, -11.2390670776],
        "stdev": [0.573158442974, 0.440102040768, 0.50310844183, 0.486667156219, 0.472007036209, 0.708028912544]
    }
},
"rhythm": {
    "beats_count": 92,
    "beats_loudness": {
        "max": 0.0873297676444,
        "mean": 0.0451464094222,
        "min": 0.00536058284342,
        "stdev": 0.0157908685505
    },
    "bpm": 125.91519928,
    "bpm_histogram_first_peak_bpm": 126,
    "bpm_histogram_first_peak_weight": 0.333333313465,
    "bpm_histogram_second_peak_bpm": 105,
    "bpm_histogram_second_peak_spread": 0.33333337307,
    "bpm_histogram_second_peak_weight": 0.0439560450613,
    "danceability": 1.37749660015,
    "onset_rate": 3.97638010979,
    "beats_loudness_band_ratio": {
        "max": [0.89246571064, 0.839279353619, 0.482684284449, 0.628785133362, 0.50291877985, 0.885366082191],
        "mean": [0.4182497859, 0.105500251055, 0.115945234895, 0.164919883013, 0.101131699979, 0.139901354909],
        "min": [0.00778538407758, 0.00592263787985, 0.0113503411412, 0.0066457237117, 0.00342857930809, 0.0185975506902],
        "stdev": [0.210718020797, 0.104006379843, 0.102795511484, 0.156991645694, 0.103926740587, 0.174208760262]
    },
