{
"metadata": {
    "version": {
        "essentia": "2.1-beta5",
        "essentia_git_sha": "Undefined",
        "extractor": "music 2.0"
    },
    "audio_properties": {
        "analysis": {
            "equal_loudness": 0,
            "length": 48.7502937317,
            "sample_rate": 44100,
            "start_time": 61.4980506897,
            "downmix": "mix"
        },
        "bit_rate": 192000,
        "length": 188.569274902,
        "lossless": 0,
        "number_channels": 2,
        "replay_gain": -6.87411308289,
        "sample_rate": 48000,
        "codec": "mp3",
        "md5_encoded": "fcab520b73539c92cc6ffcbcf0714a6b"
    },
    "tags": {
        "file_name": "Croatia_Everything I Want_Vesna Pisarovic.mp3",
        "encoding": ["Lavf58.29.100"]
    }
},
"lowlevel": {
    "average_loudness": 0.975558638573,
    "barkbands_crest": {
        "max": 23.8955440521,
        "mean": 9.59889602661,
        "min": 2.68088340759,
        "stdev": 4.07327508926
    },
    "barkbands_flatness_db": {
        "max": 0.30204436183,
        "mean": 0.161591053009,
        "min": 0.0543762221932,
        "stdev": 0.0362550504506
    },
    "barkbands_kurtosis": {
        "max": 67.8916931152,
        "mean": 3.05747389793,
        "min": -1.89719116688,
        "stdev": 5.97200679779
    },
    "barkbands_skewness": {
        "max": 7.08042669296,
        "mean": 1.22065770626,
        "min": -1.66562271118,
        "stdev": 1.13561356068
    },
    "barkbands_spread": {
        "max": 96.9617538452,
        "mean": 21.0916309357,
        "min": 2.16414642334,
        "stdev": 12.2754096985
    },
    "dissonance": {
        "max": 0.4994122684,
        "mean": 0.46046307683,
        "min": 0.32085609436,
        "stdev": 0.027687093243
    },
    "dynamic_complexity": 2.3419084549,
    "erbbands_crest": {
        "max": 29.1582489014,
        "mean": 9.98635578156,
        "min": 2.40137553215,
        "stdev": 4.73738908768
    },
    "erbbands_flatness_db": {
        "max": 0.319816052914,
        "mean": 0.189441055059,
        "min": 0.0822888463736,
        "stdev": 0.0414229817688
    },
    "erbbands_kurtosis": {
        "max": 16.6959514618,
        "mean": 0.572522461414,
        "min": -1.73364698887,
        "stdev": 2.02883720398
    },
    "erbbands_skewness": {
        "max": 3.67498731613,
        "mean": 0.433683276176,
        "min": -2.92242527008,
        "stdev": 0.778545260429
    },
    "erbbands_spread": {
        "max": 126.994308472,
        "mean": 35.2345695496,
        "min": 5.79761695862,
        "stdev": 18.6416873932
    },
    "hfc": {
        "max": 254.525283813,
        "mean": 22.5847053528,
        "min": 0.597867369652,
        "stdev": 19.5910396576
    },
    "loudness_ebu128": {
        "integrated": -16.8590335846,
        "loudness_range": 1.70746421814,
        "momentary": {
            "max": -14.3580722809,
            "mean": -17.1148281097,
            "min": -22.8121795654,
            "stdev": 1.59891653061
        },
        "short_term": {
            "max": -15.8287687302,
            "mean": -16.9300174713,
            "min": -19.459695816,
            "stdev": 0.641816556454
        }
    },
    "melbands_crest": {
        "max": 30.4852733612,
        "mean": 13.0850868225,
        "min": 3.26969981194,
        "stdev": 5.09518194199
    },
    "melbands_flatness_db": {
        "max": 0.361678779125,
        "mean": 0.176762595773,
        "min": 0.0426372550428,
        "stdev": 0.0505931228399
    },
    "melbands_kurtosis": {
        "max": 277.84274292,
        "mean": 9.71171855927,
        "min": -1.70039081573,
        "stdev": 15.9211711884
    },
    "melbands_skewness": {
        "max": 13.9144496918,
        "mean": 2.07408165932,
        "min": -1.23584163189,
        "stdev": 1.56238853931
    },
    "melbands_spread": {
        "max": 197.383758545,
        "mean": 26.2787837982,
        "min": 1.69401299953,
        "stdev": 18.8147563934
    },
    "pitch_salience": {
        "max": 0.834175825119,
        "mean": 0.573327720165,
        "min": 0.149237424135,
        "stdev": 0.107099466026
    },
    "silence_rate_20dB": {
        "max": 1,
        "mean": 1,
        "min": 1,
        "stdev": 0
    },
    "silence_rate_30dB": {
        "max": 1,
        "mean": 1,
        "min": 1,
        "stdev": 0
    },
    "silence_rate_60dB": {
        "max": 1,
        "mean": 0.00904331263155,
        "min": 0,
        "stdev": 0.0946663543582
    },
    "spectral_centroid": {
        "max": 4484.72021484,
        "mean": 1357.15722656,
        "min": 230.580123901,
        "stdev": 601.348754883
    },
    "spectral_complexity": {
        "max": 56,
        "mean": 18.7096614838,
        "min": 1,
        "stdev": 8.98215579987
    },
    "spectral_decrease": {
        "max": -1.25419841179e-10,
        "mean": -5.72685054934e-09,
        "min": -3.51672468923e-08,
        "stdev": 3.63036023465e-09
    },
    "spectral_energy": {
        "max": 0.13684925437,
        "mean": 0.0236630216241,
        "min": 0.000527591852006,
        "stdev": 0.0148846255615
    },
    "spectral_energyband_high": {
        "max": 0.0330593883991,
        "mean": 0.000816218205728,
        "min": 1.37611286846e-05,
        "stdev": 0.00171808421146
    },
    "spectral_energyband_low": {
        "max": 0.0850185900927,
        "mean": 0.00400238251314,
        "min": 6.03836042501e-06,
        "stdev": 0.0062041063793
    },
    "spectral_energyband_middle_high": {
        "max": 0.0537603795528,
        "mean": 0.00744913099334,
        "min": 8.79964645719e-05,
        "stdev": 0.00819171499461
    },
    "spectral_energyband_middle_low": {
        "max": 0.0945979580283,
        "mean": 0.0125119388103,
        "min": 0.000244146387558,
        "stdev": 0.0106107695028
    },
    "spectral_entropy": {
        "max": 8.70903301239,
        "mean": 7.57597970963,
        "min": 6.512114048,
        "stdev": 0.342419058084
    },
    "spectral_flux": {
        "max": 0.338497847319,
        "mean": 0.0882973670959,
        "min": 0.0141305960715,
        "stdev": 0.0422897525132
    },
    "spectral_kurtosis": {
        "max": 12.7175416946,
        "mean": 3.36045742035,
        "min": -1.27847766876,
        "stdev": 2.02166032791
    },
    "spectral_rms": {
        "max": 0.0115547161549,
        "mean": 0.00455912156031,
        "min": 0.00071744248271,
        "stdev": 0.00151664973237
    },
    "spectral_rolloff": {
        "max": 10379.0039062,
        "mean": 1627.24682617,
        "min": 129.19921875,
        "stdev": 1361.09082031
    },
    "spectral_skewness": {
        "max": 2.60435938835,
        "mean": 1.35524868965,
        "min": -0.25519067049,
        "stdev": 0.384753078222
    },
    "spectral_spread": {
        "max": 13705890,
        "mean": 4293303.5,
        "min": 1845291.875,
        "stdev": 1384161.25
    },
    "spectral_strongpeak": {
        "max": 10.4663314819,
        "mean": 1.43424415588,
        "min": 0,
        "stdev": 1.45565485954
    },
    "zerocrossingrate": {
        "max": 0.310546875,
        "mean": 0.0609993673861,
        "min": 0.00927734375,
        "stdev": 0.0320938639343
    },
    "barkbands": {
        "max": [0.00221788138151, 0.0368475019932, 0.0368623360991, 0.0824243277311, 0.0406606011093, 0.0521240010858, 0.0453105159104, 0.0393040254712, 0.039186604321, 0.052059687674, 0.0196429491043, 0.0211586821824, 0.0131210573018, 0.0279613677412, 0.016890944913, 0.0174116753042, 0.0185647904873, 0.00821588095278, 0.00524194259197, 0.00292521901429, 0.00983742531389, 0.00723529979587, 0.00979335419834, 0.00690286653116, 0.00511849950999, 4.03203284804e-06, 1.7938119754e-06],
        "mean": [0.000121450095321, 0.00151072256267, 0.00158200482838, 0.00135962688364, 0.00267636822537, 0.00261740759015, 0.00113868212793, 0.00253997114487, 0.00157379254233, 0.00185373972636, 0.000696905015502, 0.000787073920947, 0.00048417961807, 0.000681264791638, 0.00100614421535, 0.000767887278926, 0.000581491505727, 0.000495487765875, 0.000278687977698, 0.000225846539252, 0.00026440207148, 0.000122037548863, 0.000133144974825, 0.000109429463919, 5.51952325623e-05, 3.53001219366e-08, 1.7387876694e-09],
        "min": [2.07251176221e-08, 1.02567503291e-06, 7.12821361049e-07, 1.61457364811e-07, 1.0087008377e-05, 6.01564124736e-06, 2.5823667329e-06, 2.65145899903e-06, 6.71503994454e-06, 2.49730919677e-06, 1.98870066015e-06, 2.84827092401e-06, 2.19936100621e-06, 2.5844603897e-06, 1.84143812021e-06, 2.24345399147e-06, 3.11776966555e-06, 3.6852914036e-06, 2.35898164647e-06, 3.03692718262e-06, 2.43515546572e-06, 1.41884675031e-06, 1.71200110799e-06, 9.29854024889e-07, 1.94527189024e-07, 2.70011651926e-11, 3.00010224996e-11],
        "stdev": [0.000219165798626, 0.00260518514551, 0.00304829305969, 0.00393817620352, 0.00393484579399, 0.00472090905532, 0.00267073418945, 0.00432677101344, 0.00349741033278, 0.00422222353518, 0.00166878080927, 0.00189293234143, 0.00089730496984, 0.0016516278265, 0.00179617467802, 0.00158056616783, 0.00128793017939, 0.000747966871131, 0.000423421995947, 0.000303725100821, 0.000512866128702, 0.000390622968553, 0.000536187319085, 0.000428057566751, 0.000218206114369, 1.92637287455e-07, 3.92085546252e-08]
    },
    "erbbands": {
        "max": [0.849585473537, 9.5711145401, 30.4309387207, 198.861480713, 116.011383057, 184.437652588, 548.924682617, 528.833740234, 682.50189209, 407.797210693, 1085.52453613, 1166.50634766, 1902.29187012, 1413.05944824, 675.864135742, 1095.56262207, 669.956542969, 793.779785156, 1653.97949219, 961.197021484, 801.938232422, 1006.18591309, 382.12097168, 273.360717773, 253.475921631, 161.714141846, 372.272491455, 356.494384766, 247.080886841, 264.974914551, 314.332977295, 203.910079956, 76.8010177612, 76.7356262207, 26.3411006927, 1.30048418045, 0.0379058346152, 0.00296242954209, 0.000518913439009, 0.000251368241152],
        "mean": [0.0409045033157, 0.359008997679, 1.54245948792, 3.74698615074, 4.42055702209, 9.23818397522, 22.5699005127, 18.7106361389, 16.9299716949, 28.988368988, 54.4587860107, 40.7086143494, 46.7723197937, 51.5875701904, 33.3595504761, 32.7810058594, 24.0994701385, 29.8130874634, 55.8595695496, 43.2627754211, 39.4428710938, 31.405298233, 28.3770999908, 19.41655159, 10.9028930664, 11.2728853226, 11.92573452, 8.25560474396, 4.52611970901, 3.89736413956, 3.89171814919, 2.90855073929, 1.45836484432, 0.805959999561, 0.288190603256, 0.0161423850805, 0.000477859779494, 4.23238125222e-05, 1.96610708372e-05, 3.02342887153e-05],
        "min": [3.2284140616e-05, 0.000585329311434, 0.00121647270862, 0.00612434837967, 0.00569004192948, 0.0395737588406, 0.0440651848912, 0.101889714599, 0.144116014242, 0.274519562721, 0.303981006145, 0.222375929356, 0.186764463782, 0.0444770790637, 0.153276890516, 0.172544643283, 0.123018860817, 0.148475766182, 0.143156498671, 0.0859913602471, 0.146472886205, 0.169835537672, 0.214651077986, 0.178044885397, 0.130309149623, 0.144516319036, 0.106092117727, 0.090810008347, 0.0591280981898, 0.0476787500083, 0.042411826551, 0.0267636068165, 0.0098329866305, 0.00366348051466, 0.000873744837008, 4.53126376669e-05, 3.48386356563e-06, 5.03752005443e-07, 8.22093966235e-07, 1.28332544591e-06],
        "stdev": [0.0677722096443, 0.643772721291, 2.53322005272, 10.1746501923, 8.06539058685, 15.2870025635, 44.4552459717, 37.7761650085, 37.3722114563, 53.4704666138, 95.7985076904, 88.3360671997, 108.075180054, 131.636062622, 70.4392623901, 78.0233078003, 43.6549797058, 61.7342910767, 104.570373535, 77.8506469727, 77.8039093018, 63.7314491272, 42.3583602905, 27.237493515, 14.4400081635, 15.3776502609, 22.1129722595, 16.2243175507, 13.1720638275, 14.7641448975, 16.5160980225, 12.8146429062, 4.96985387802, 3.25031018257, 1.11933624744, 0.0564620606601, 0.00160831853282, 0.000127732622786, 2.40534809564e-05, 1.98736652237e-05]
    },
    "gfcc": {
        "mean": [-10.0907144547, 111.945823669, -149.846893311, 45.6859169006, -78.9389801025, 18.3249454498, -41.9263572693, 6.9052195549, -15.0292720795, -10.5728874207, -5.82282829285, -17.9854507446, 4.6153793335],
        "cov": [[1927.71691895, -395.425262451, -521.378601074, 1.14754235744, 70.0122528076, -3.93934011459, -34.605140686, 77.8564453125, 38.1016654968, 50.7964935303, -47.3490486145, 28.195104599, 33.3848342896], [-395.425262451, 638.767211914, -24.4680309296, -51.6190795898, 177.199020386, -34.0061225891, 155.643310547, -43.4106445312, 92.9886474609, -41.7292900085, 81.6311721802, -69.75365448, 24.5865001678], [-521.378601074, -24.4680309296, 865.185119629, 168.230285645, -148.136734009, 121.006774902, -119.05292511, 21.1730651855, -121.580299377, 26.198928833, -27.2927913666, 16.9461097717, -103.846214294], [1.14754235744, -51.6190795898, 168.230285645, 346.220214844, 63.5564880371, 4.28024291992, 30.7627487183, 44.057346344, 64.4233932495, 20.0000019073, 1.34995913506, 25.9336051941, -9.34005451202], [70.0122528076, 177.199020386, -148.136734009, 63.5564880371, 248.568328857, 71.1084747314, 108.918510437, 27.1677894592, 62.232421875, 3.70616412163, 12.3705673218, -21.2177600861, 26.0946674347], [-3.93934011459, -34.0061225891, 121.006774902, 4.28024291992, 71.1084747314, 312.011444092, 127.856117249, 4.30763196945, -34.4000053406, 43.26404953, -0.795461833477, -6.30365467072, -51.6476516724], [-34.605140686, 155.643310547, -119.05292511, 30.7627487183, 108.918510437, 127.856117249, 257.912689209, 24.0715179443, 59.1623039246, 19.233877182, 45.1034431458, -25.2126865387, 4.30581998825], [77.8564453125, -43.4106445312, 21.1730651855, 44.057346344, 27.1677894592, 4.30763196945, 24.0715179443, 117.295379639, 54.8722724915, 14.2441596985, -9.12815856934, 9.49722576141, -1.29780364037], [38.1016654968, 92.9886474609, -121.580299377, 64.4233932495, 62.232421875, -34.4000053406, 59.1623039246, 54.8722724915, 185.189605713, 18.2801837921, 28.8255596161, -0.676977872849, 19.9853534698], [50.7964935303, -41.7292900085, 26.198928833, 20.0000019073, 3.70616412163, 43.26404953, 19.233877182, 14.2441596985, 18.2801837921, 91.3068618774, 24.908039093, 8.06058216095, -12.0045166016], [-47.3490486145, 81.6311721802, -27.2927913666, 1.34995913506, 12.3705673218, -0.795461833477, 45.1034431458, -9.12815856934, 28.8255596161, 24.908039093, 96.4141082764, 16.7785739899, 15.4569778442], [28.195104599, -69.75365448, 16.9461097717, 25.9336051941, -21.2177600861, -6.30365467072, -25.2126865387, 9.49722576141, -0.676977872849, 8.06058216095, 16.7785739899, 82.0746383667, 30.2830867767], [33.3848342896, 24.5865001678, -103.846214294, -9.34005451202, 26.0946674347, -51.6476516724, 4.30581998825, -1.29780364037, 19.9853534698, -12.0045166016, 15.4569778442, 30.2830867767, 92.8451766968]],
        "icov": [[0.000819576380309, 0.000167048870935, 0.000831818790175, -0.00040315190563, 9.3376278528e-05, -0.000446949736215, 0.000631914648693, -0.00072591053322, 0.000353928451659, -0.000441903946921, 0.000106129838969, 8.75799378264e-05, 5.70068696106e-05], [0.000167048870935, 0.00806369818747, -0.00490600476041, 0.00540552614257, -0.0083469087258, 0.00615551043302, -0.00619624555111, 0.00618392741308, -0.00493089482188, 0.00338061898947, -0.00341374613345, 0.0019625891, 0.000431655178545], [0.000831818790175, -0.00490600476041, 0.0064997440204, -0.00561170140281, 0.00691892625764, -0.00605329591781, 0.00619197497144, -0.00593199022114, 0.00481925625354, -0.00232128892094, 0.00120307691395, -0.00030607599183, 0.000585473200772], [-0.00040315190563, 0.00540552614257, -0.00561170140281, 0.00870532449335, -0.00789926946163, 0.00621180329472, -0.00608941027895, 0.00517723662779, -0.00531326700002, 0.00187613978051, -0.00094600598095, -0.00142791494727, 0.00135254207999], [9.3376278528e-05, -0.0083469087258, 0.00691892625764, -0.00789926946163, 0.0158333126456, -0.00925822090358, 0.00660387473181, -0.0079612666741, 0.00485428981483, -0.00278007914312, 0.00279837450944, 0.0011771149002, -0.00315103423782], [-0.000446949736215, 0.00615551043302, -0.00605329591781, 0.00621180329472, -0.00925822090358, 0.0123075786978, -0.00964681617916, 0.006536741741, -0.00298825604841, 0.000318854115903, -0.00026963284472, -0.0018656993052, 0.00371015584096], [0.000631914648693, -0.00619624555111, 0.00619197497144, -0.00608941027895, 0.00660387473181, -0.00964681617916, 0.0137925408781, -0.00727578997612, 0.00349904899485, -0.00186265958473, -0.00136368779931, 0.00235171290115, -0.00177107076161], [-0.00072591053322, 0.00618392741308, -0.00593199022114, 0.00517723662779, -0.0079612666741, 0.006536741741, -0.00727578997612, 0.0172651764005, -0.00797237083316, 0.00153275299817, 0.000826104253065, -0.00153791042976, 0.00124031666201], [0.000353928451659, -0.00493089482188, 0.00481925625354, -0.00531326700002, 0.00485428981483, -0.00298825604841, 0.00349904899485, -0.00797237083316, 0.0122434115037, -0.00344616500661, 4.07321094826e-05, -4.99578054587e-05, -0.000337579171173], [-0.000441903946921, 0.00338061898947, -0.00232128892094, 0.00187613978051, -0.00278007914312, 0.000318854115903, -0.00186265958473, 0.00153275299817, -0.00344616500661, 0.0154938921332, -0.00568507611752, 0.000550405937247, 0.00143464514986], [0.000106129838969, -0.00341374613345, 0.00120307691395, -0.00094600598095, 0.00279837450944, -0.00026963284472, -0.00136368779931, 0.000826104253065, 4.07321094826e-05, -0.00568507611752, 0.0164862815291, -0.0053275548853, -0.000496206455864], [8.75799378264e-05, 0.0019625891, -0.00030607599183, -0.00142791494727, 0.0011771149002, -0.0018656993052, 0.00235171290115, -0.00153791042976, -4.99578054587e-05, 0.000550405937247, -0.0053275548853, 0.0193379819393, -0.00787500478327], [5.70068696106e-05, 0.000431655178545, 0.000585473200772, 0.00135254207999, -0.00315103423782, 0.00371015584096, -0.00177107076161, 0.00124031666201, -0.000337579171173, 0.00143464514986, -0.000496206455864, -0.00787500478327, 0.0173850245774]]
    },
    "melbands": {
        "max": [0.00887418352067, 0.0134138930589, 0.0306731779128, 0.00666549149901, 0.0143981575966, 0.0110380137339, 0.0102224303409, 0.0057008266449, 0.00896669179201, 0.00673680240288, 0.00969052594155, 0.00601610681042, 0.00254807109013, 0.00252391654067, 0.0018405735027, 0.001000930788, 0.00182386161759, 0.00333822751418, 0.00138940149918, 0.00164953444619, 0.00100859184749, 0.00134537147824, 0.000554275640752, 0.000244251394179, 0.000260556960711, 0.000205895426916, 0.000161973119248, 0.000137677052408, 0.000208251993172, 0.000243109214352, 0.000226951742661, 0.000135493290145, 0.000150798456161, 0.000160359573783, 0.000170413870364, 0.000189186044736, 0.000137145398185, 5.77799073653e-05, 5.37241103302e-05, 8.5261563072e-05],
        "mean": [0.000396214338252, 0.000713829533197, 0.000651291222312, 0.000445964979008, 0.000736954621971, 0.000433495180914, 0.000252953032032, 0.000365592830349, 0.000425462378189, 0.000242898095166, 0.000230479592574, 0.000214129540836, 0.000100839271909, 9.55297800829e-05, 6.37148332316e-05, 4.79584159621e-05, 5.65998161619e-05, 8.83527245605e-05, 6.92746398272e-05, 5.60282387596e-05, 4.45355653937e-05, 3.39397302014e-05, 2.88928877126e-05, 2.17891538341e-05, 1.54750669026e-05, 8.14104168967e-06, 7.00422515365e-06, 7.5141506386e-06, 7.39257620808e-06, 6.97491532264e-06, 3.95189954361e-06, 2.52421705227e-06, 2.23914616981e-06, 2.11842711906e-06, 2.26724637287e-06, 2.11704286812e-06, 1.62532728609e-06, 1.0618430224e-06, 7.94653487901e-07, 6.40436724098e-07],
        "min": [3.64608411019e-07, 7.86897260241e-07, 8.80047878127e-07, 1.32731179292e-06, 1.30063824599e-06, 1.91613071365e-06, 1.49716697706e-06, 1.97629969989e-06, 1.0817667544e-06, 1.01894875115e-06, 4.91435287131e-07, 1.02271506819e-07, 3.26808304862e-07, 4.29397971402e-07, 2.81190125406e-07, 2.22910159664e-07, 1.79081993679e-07, 1.89457267652e-07, 1.33918092615e-07, 9.7977419955e-08, 1.72363328943e-07, 1.77388585598e-07, 1.48841564851e-07, 1.4700349027e-07, 1.10340209858e-07, 7.76107640377e-08, 9.1152756454e-08, 8.6197751159e-08, 6.38233004224e-08, 5.66449998018e-08, 3.95452417479e-08, 2.37359110145e-08, 3.18396793375e-08, 1.99204759355e-08, 2.1111123516e-08, 1.59064263983e-08, 1.12717941647e-08, 5.89963011777e-09, 5.0951141084e-09, 2.28136820546e-09],
        "stdev": [0.000657353084534, 0.00111207307782, 0.00158684619237, 0.000638487807009, 0.00130109803285, 0.000815795559902, 0.00057147879852, 0.000674065493513, 0.000757309608161, 0.000563238514587, 0.000551889534108, 0.000569501717109, 0.000225729905651, 0.00021663721418, 0.000140324817039, 8.7455555331e-05, 0.000132366534672, 0.000183015363291, 0.000125153688714, 0.000124001831864, 9.85251535894e-05, 8.28054544399e-05, 5.18376473337e-05, 3.26972658513e-05, 2.39534911088e-05, 1.22843221106e-05, 9.12565883482e-06, 1.12717671072e-05, 1.39649910125e-05, 1.49406068886e-05, 8.64255707711e-06, 7.34732293495e-06, 8.29087002785e-06, 8.12331109046e-06, 9.50064077188e-06, 9.79339529295e-06, 7.26033249521e-06, 3.78304503101e-06, 2.69837664746e-06, 2.98316285807e-06]
    },
    "melbands128": {
        "max": [0.0020708439406, 0.00772821856663, 0.0154498703778, 0.0180103387684, 0.0116809289902, 0.021246124059, 0.0464011281729, 0.0345519222319, 0.0111445533112, 0.00715490244329, 0.0138666154817, 0.0186711344868, 0.0259140506387, 0.017519460991, 0.0141904819757, 0.0217652879655, 0.00928548909724, 0.0172539483756, 0.0118148019537, 0.00637291464955, 0.0119798742235, 0.0121514722705, 0.0164310783148, 0.00816640350968, 0.0150127727538, 0.0149129051715, 0.0100941639394, 0.0193632785231, 0.00953146070242, 0.01278026402, 0.0106275780126, 0.00477888854221, 0.00518089300022, 0.00506237940863, 0.00449328823015, 0.00381516409107, 0.00663750432432, 0.00296667497605, 0.00332429609261, 0.00250913016498, 0.00088147749193, 0.00337670394219, 0.0029982435517, 0.00445807073265, 0.00665409816429, 0.00633122492582, 0.0037166995462, 0.00343622919172, 0.00239113508724, 0.00258339359425, 0.00353852566332, 0.00258447206579, 0.00199171644635, 0.00232221884653, 0.00367899378762, 0.00246603041887, 0.00112281355541, 0.00116917141713, 0.00113041116856, 0.000661070749629, 0.000553966034204, 0.000653609866276, 0.000600635888986, 0.000640302372631, 0.000762634444982, 0.000146079662954, 0.000221570779104, 0.000292604585411, 0.000112287969387, 0.000135106762173, 0.000217498571146, 0.000160827796208, 0.000319980463246, 0.000215940512135, 0.000354622723535, 0.000368313310901, 0.000283019879134, 0.000175027467776, 0.000285498477751, 0.000228436343605, 0.000195566448383, 0.000154291439685, 0.000191564147826, 0.000224309696932, 0.000213295934373, 0.000231655038078, 0.000144545396324, 0.000226373857004, 0.000248659402132, 0.000278767023701, 0.00020254260744, 0.000204330484848, 0.000202148483368, 0.000188314006664, 0.000107519605081, 8.23893133202e-05, 5.95070778218e-05, 7.46736986912e-05, 4.84091578983e-05, 6.23942760285e-05, 9.47554726736e-05, 0.00013817656145, 9.04559638002e-05, 3.72149697796e-05, 3.98967349611e-05, 2.17140295717e-05, 5.05244179294e-06, 1.8917542377e-07, 3.96981434392e-08, 2.84198780065e-08, 1.40713449781e-08, 9.95506610479e-09, 9.64691349026e-09, 9.33723587337e-09, 9.08049191395e-09, 8.80417339033e-09, 8.55294501889e-09, 8.32214208657e-09, 8.13403033817e-09, 7.951062031e-09, 7.75076003379e-09, 7.60436247305e-09, 7.45209316477e-09, 7.33615790338e-09, 7.24808213448e-09, 7.14612280461e-09, 7.09002190291e-09, 7.05557345881e-09],
        "mean": [0.000103052989289, 0.00031063935603, 0.000497228873428, 0.000602287880611, 0.000709993357304, 0.00080941565102, 0.000814274710137, 0.000606518529821, 0.000408280640841, 0.000348182889866, 0.000487672485178, 0.000768880476244, 0.00090533454204, 0.00058732193429, 0.000418101320975, 0.000366734806448, 0.000280059757642, 0.000234340433963, 0.000217526438064, 0.000286782800686, 0.00047902870574, 0.000484846183099, 0.000510822865181, 0.000216943546548, 0.000262731191469, 0.000250552635407, 0.000189951242646, 0.000278045044979, 0.000175805937033, 0.000298352359096, 0.000214742860408, 7.229091716e-05, 8.90132942004e-05, 0.000133304230985, 8.68938150234e-05, 8.62276865519e-05, 0.000109191496449, 4.59140210296e-05, 5.4645446653e-05, 5.47137606191e-05, 4.5140623115e-05, 3.93799527956e-05, 4.55125882581e-05, 7.55483924877e-05, 7.27079022909e-05, 8.35098835523e-05, 0.000121657758427, 7.37983064028e-05, 3.9020247641e-05, 6.00668718107e-05, 6.28862471785e-05, 4.89237863803e-05, 4.12002809753e-05, 4.35997426393e-05, 4.94359373988e-05, 3.06370275212e-05, 2.28305289056e-05, 3.03668712149e-05, 3.17638186971e-05, 2.53839516517e-05, 2.27385116887e-05, 1.69941667991e-05, 1.74522810994e-05, 1.6656702428e-05, 9.80513777904e-06, 6.58693124933e-06, 8.09276934888e-06, 7.46037858335e-06, 5.83904329687e-06, 7.84080020821e-06, 8.24718881631e-06, 6.62979437038e-06, 7.25325662643e-06, 7.99622557679e-06, 6.92488674758e-06, 7.74923319113e-06, 6.94198297424e-06, 4.60912269773e-06, 3.88114540328e-06, 2.76825562651e-06, 2.62155640485e-06, 2.3827469704e-06, 2.32432012126e-06, 2.23679239753e-06, 2.15340651266e-06, 2.14850024349e-06, 2.0062477688e-06, 2.23767506213e-06, 2.33849573306e-06, 2.29844340538e-06, 2.1145797291e-06, 2.09917698157e-06, 2.04479738386e-06, 1.68536712408e-06, 1.34978529331e-06, 1.16849810183e-06, 1.02155206605e-06, 8.66448488068e-07, 7.93487345163e-07, 7.58708665671e-07, 7.13000247288e-07, 6.66757046019e-07, 5.0626670145e-07, 4.15282698896e-07, 3.66471169855e-07, 2.62603037982e-07, 6.01012146717e-08, 2.0386292654e-09, 3.25568912107e-11, 2.43979593473e-11, 1.70793431481e-11, 1.22902252611e-11, 1.05505222614e-11, 9.98581252409e-12, 9.35205905772e-12, 8.80387689833e-12, 8.40231096505e-12, 8.13063505412e-12, 7.92487950263e-12, 7.72174511832e-12, 7.52020928169e-12, 7.36756402414e-12, 7.22295096997e-12, 7.09662753909e-12, 6.95218622254e-12, 6.77389698153e-12, 6.67088780049e-12, 6.62888103783e-12],
        "min": [5.64139090997e-09, 1.04555271108e-08, 2.99142541849e-08, 2.90471461994e-07, 4.44100919594e-07, 3.53629360461e-07, 3.41978903862e-07, 6.53356764246e-08, 2.858351138e-07, 3.17359507562e-07, 3.77482081149e-07, 6.16819193056e-07, 3.51134588072e-07, 7.18355408935e-07, 5.30185616299e-07, 1.07496923363e-07, 4.54470296063e-07, 1.65037860711e-07, 7.8719303076e-08, 2.35101737189e-07, 1.71373855551e-07, 2.1259589289e-07, 3.28193863197e-07, 1.50781090724e-07, 2.69545694209e-07, 2.80520254137e-07, 9.32549255594e-08, 1.23879942748e-07, 3.01682689496e-07, 7.77425697152e-08, 4.50310579936e-08, 7.98913220024e-08, 8.27921411428e-08, 5.40931921478e-08, 3.7424477739e-08, 6.50261711144e-08, 1.5585058577e-07, 1.12126173235e-07, 1.53238786993e-07, 1.43873890579e-07, 1.27922774595e-07, 6.57710685914e-08, 1.04586199257e-07, 8.32456095168e-08, 3.49554838408e-08, 8.02823620916e-08, 3.77024527154e-08, 3.76955426873e-08, 6.763744409e-08, 6.39398223257e-08, 5.45531371188e-08, 6.02448082532e-08, 4.26905621964e-08, 5.25224166381e-08, 5.61730075788e-08, 6.90106460866e-08, 4.27705018069e-08, 9.15685802738e-08, 9.74991820613e-08, 5.57104264942e-08, 4.4486657913e-08, 3.08630205836e-08, 3.07863849969e-08, 7.36185867822e-08, 3.25595230777e-08, 3.38557128998e-08, 3.7771769712e-08, 4.50623964809e-08, 3.7283435006e-08, 4.63890152957e-08, 4.82104134392e-08, 3.11077243964e-08, 6.16773263573e-08, 4.03870465959e-08, 2.50223290976e-08, 5.48151497526e-08, 3.33107905703e-08, 2.02854657516e-08, 2.70229207899e-08, 1.31782025292e-08, 1.60902668966e-08, 1.40142359939e-08, 1.26946995138e-08, 2.0549009605e-08, 1.74810992348e-08, 1.63870712555e-08, 1.61195519155e-08, 6.40175867872e-09, 1.64985145545e-08, 1.53437476058e-08, 1.34792985662e-08, 1.47718806076e-08, 1.03399049323e-08, 6.26701046613e-09, 6.34187591331e-09, 6.18504625294e-09, 4.09139255808e-09, 3.40097172646e-09, 5.21993737124e-09, 3.30015947902e-09, 1.97373073441e-09, 1.62061419839e-09, 1.3203947935e-09, 1.68424857394e-11, 1.46395038019e-12, 5.18497311058e-12, 6.92411297569e-13, 1.73516854097e-13, 1.17760768042e-13, 7.62340901126e-14, 8.00693807589e-14, 1.09468755946e-13, 8.94331199266e-14, 1.01699559689e-13, 1.12391554939e-13, 9.42441721993e-14, 1.00551857151e-13, 9.67447286561e-14, 9.14998803179e-14, 1.10191627416e-13, 1.09241093818e-13, 7.75242026065e-14, 1.10834274701e-13, 8.57074692251e-14, 6.09476119746e-14, 3.08091395549e-14, 3.95524702874e-15, 1.54101273194e-16],
        "stdev": [0.00019632501062, 0.000553417368792, 0.000973856891505, 0.0011853260221, 0.00111122219823, 0.00175816961564, 0.00239055301063, 0.00167285720818, 0.000783061841503, 0.000612945877947, 0.00099418417085, 0.00156732299365, 0.00212958175689, 0.00137028982863, 0.00108875427395, 0.00112559681293, 0.000781989831012, 0.000779316353146, 0.000718933530152, 0.000706861086655, 0.00121087429579, 0.0010505503742, 0.00124124938156, 0.000606027140748, 0.00087156787049, 0.000843248679303, 0.000574880978093, 0.000938368611969, 0.000596860947553, 0.00095294957282, 0.00069300387986, 0.00027602177579, 0.000289426883683, 0.000391211739043, 0.000298816157738, 0.000269035372185, 0.000369000132196, 0.000160625641001, 0.000152547450853, 0.000152138876729, 9.6437324828e-05, 0.000135285925353, 0.00014749771799, 0.000245291594183, 0.000265173526714, 0.000260285421973, 0.000293087621685, 0.000202980052563, 0.000130586282467, 0.000189183614566, 0.000190416321857, 0.000160936295288, 0.000135554902954, 0.000155617322889, 0.000165791119798, 0.000118411218864, 6.11965733697e-05, 7.90490230429e-05, 8.09621051303e-05, 5.4426574934e-05, 4.96869979543e-05, 3.80009041692e-05, 3.48111243511e-05, 3.87297513953e-05, 2.73761306744e-05, 1.14840058814e-05, 1.39652802318e-05, 1.43255801959e-05, 8.56382848724e-06, 1.26373524836e-05, 1.74493579834e-05, 1.29807131088e-05, 1.80446440936e-05, 1.90030787053e-05, 1.80792703759e-05, 2.19959583774e-05, 1.71047540789e-05, 1.00113702501e-05, 1.00057850432e-05, 8.50856486068e-06, 7.85254542279e-06, 7.942031516e-06, 8.64752382768e-06, 8.64571211423e-06, 1.00490369732e-05, 9.01781368157e-06, 7.61838600738e-06, 9.27441487875e-06, 9.96625476546e-06, 1.15775765153e-05, 1.02410222098e-05, 1.01833484223e-05, 9.87152270682e-06, 8.22241236165e-06, 5.8241471379e-06, 4.60882938569e-06, 3.59724572263e-06, 3.2524760627e-06, 2.81548432213e-06, 2.88213482236e-06, 3.15377883453e-06, 3.81072504752e-06, 2.78430047729e-06, 1.72713259872e-06, 1.52813436216e-06, 9.47645617089e-07, 2.32898955232e-07, 1.04056274708e-08, 8.96695273589e-10, 6.60412224907e-10, 3.79070913548e-10, 2.4048016356e-10, 2.14662912446e-10, 2.05961719901e-10, 1.99277608304e-10, 1.92638821561e-10, 1.87008769581e-10, 1.81940781885e-10, 1.77807546464e-10, 1.73796241287e-10, 1.69412192608e-10, 1.66204397467e-10, 1.62870023024e-10, 1.60330401733e-10, 1.58399515726e-10, 1.56172727528e-10, 1.5494396044e-10, 1.54189994106e-10]
    },
    "mfcc": {
        "mean": [-631.121154785, 116.002433777, -6.56542348862, 17.2606372833, -2.54962873459, -0.392063617706, -5.64980888367, 1.54935455322, 0.0356651730835, 3.65015292168, -4.91886758804, -0.327989071608, -6.15686416626],
        "cov": [[2285.94750977, -421.174377441, -702.975097656, -37.5734443665, -20.9453754425, -34.0982704163, -71.9764480591, 11.1694135666, 84.2471160889, 71.6441879272, -33.2957725525, 23.0850524902, -16.2361698151], [-421.174377441, 631.536132812, -110.946807861, -39.1631507874, 9.80361461639, 30.0192565918, 66.3905410767, 7.17380714417, -10.4718332291, 40.9825592041, 25.018245697, -3.30773234367, 0.666532456875], [-702.975097656, -110.946807861, 874.929321289, 49.9359321594, 53.6785621643, 25.3882808685, 20.6871643066, -19.0272865295, -83.5317611694, -69.8462677002, 29.0244922638, 20.9700641632, 22.9194488525], [-37.5734443665, -39.1631507874, 49.9359321594, 325.929626465, 68.5844421387, -46.2676429749, -47.5197410583, 20.6203804016, 47.1839790344, -4.15434360504, -6.91780662537, 64.2776641846, 28.0177192688], [-20.9453754425, 9.80361461639, 53.6785621643, 68.5844421387, 169.199249268, 8.15532398224, -15.2932519913, 15.3326435089, 22.0031471252, 6.03596878052, -9.55952072144, 6.26839542389, 17.8290328979], [-34.0982704163, 30.0192565918, 25.3882808685, -46.2676429749, 8.15532398224, 241.032867432, 124.688522339, 48.3670806885, 22.5776157379, 45.1093711853, 52.2173271179, -2.08088827133, 17.3605289459], [-71.9764480591, 66.3905410767, 20.6871643066, -47.5197410583, -15.2932519913, 124.688522339, 205.881607056, 36.7987670898, 4.24728631973, 34.4356002808, 25.3910560608, -8.83019924164, 1.78596067429], [11.1694135666, 7.17380714417, -19.0272865295, 20.6203804016, 15.3326435089, 48.3670806885, 36.7987670898, 125.05091095, 54.0962600708, 34.0147438049, 25.4031085968, 9.1131696701, 27.2095012665], [84.2471160889, -10.4718332291, -83.5317611694, 47.1839790344, 22.0031471252, 22.5776157379, 4.24728631973, 54.0962600708, 116.601387024, 46.7265663147, 20.7607116699, 7.66318511963, 5.26730537415], [71.6441879272, 40.9825592041, -69.8462677002, -4.15434360504, 6.03596878052, 45.1093711853, 34.4356002808, 34.0147438049, 46.7265663147, 116.901794434, 43.600440979, 13.0337982178, 9.16152191162], [-33.2957725525, 25.018245697, 29.0244922638, -6.91780662537, -9.55952072144, 52.2173271179, 25.3910560608, 25.4031085968, 20.7607116699, 43.600440979, 102.801139832, 23.7865142822, 13.2626104355], [23.0850524902, -3.30773234367, 20.9700641632, 64.2776641846, 6.26839542389, -2.08088827133, -8.83019924164, 9.1131696701, 7.66318511963, 13.0337982178, 23.7865142822, 110.278205872, 38.9396896362], [-16.2361698151, 0.666532456875, 22.9194488525, 28.0177192688, 17.8290328979, 17.3605289459, 1.78596067429, 27.2095012665, 5.26730537415, 9.16152191162, 13.2626104355, 38.9396896362, 79.8524703979]],
        "icov": [[0.000800873793196, 0.000690581626259, 0.000724420649931, 0.000163181277458, -0.000236802079598, -5.77825449e-06, 3.19300270348e-05, 1.83333249879e-05, 0.000113370610052, -0.000327957386617, 5.52670135221e-05, -0.000401462370064, 0.000155802365043], [0.000690581626259, 0.00235172989778, 0.000918385805562, 0.000214759769733, -0.000591164163779, 0.000213562176214, -0.000601373787504, 2.70878645097e-05, 0.000725775200408, -0.000684075872414, -0.000415666028857, -0.000309702416416, 0.000122288838611], [0.000724420649931, 0.000918385805562, 0.00211882730946, -0.000141418611747, -0.000827894778922, -8.97991558304e-05, -0.000304909481201, -4.06901745009e-05, 0.00131309090648, 0.000546345370822, -0.000953575829044, -0.000368637149222, -5.00282840221e-06], [0.000163181277458, 0.000214759769733, -0.000141418611747, 0.00435452070087, -0.00134272396099, 0.000737969239708, 0.000281455344521, -0.000195371059817, -0.00190057558939, 0.000479784444906, 0.000566061993595, -0.0024217935279, -9.89725303953e-05], [-0.000236802079598, -0.000591164163779, -0.000827894778922, -0.00134272396099, 0.00722005171701, -0.000851732736919, 0.000936677795835, -0.000123669247841, -0.00114510697313, -0.000595820369199, 0.00155603443272, 0.000902155705262, -0.00129463954363], [-5.77825449e-06, 0.000213562176214, -8.97991558304e-05, 0.000737969239708, -0.000851732736919, 0.00705411983654, -0.00371636869386, -0.000700466975104, -0.000504121533595, -0.000408859952586, -0.0022503756918, 0.00046987758833, -0.0010329693323], [3.19300270348e-05, -0.000601373787504, -0.000304909481201, 0.000281455344521, 0.000936677795835, -0.00371636869386, 0.00780297769234, -0.00140609242953, 0.000782863353379, -0.00119991134852, 0.000881143845618, 0.000104361104604, 0.000792493694462], [1.83333249879e-05, 2.70878645097e-05, -4.06901745009e-05, -0.000195371059817, -0.000123669247841, -0.000700466975104, -0.00140609242953, 0.0118073467165, -0.00482516875491, -0.000370302062947, -0.000827166775707, 0.000872320029885, -0.00365547440015], [0.000113370610052, 0.000725775200408, 0.00131309090648, -0.00190057558939, -0.00114510697313, -0.000504121533595, 0.000782863353379, -0.00482516875491, 0.014364277944, -0.00367513205856, -0.00116010778584, 0.000441481359303, 0.00175041973125], [-0.000327957386617, -0.000684075872414, 0.000546345370822, 0.000479784444906, -0.000595820369199, -0.000408859952586, -0.00119991134852, -0.000370302062947, -0.00367513205856, 0.0130987586454, -0.00414408417419, -0.000685742881615, -0.000248910189839], [5.52670135221e-05, -0.000415666028857, -0.000953575829044, 0.000566061993595, 0.00155603443272, -0.0022503756918, 0.000881143845618, -0.000827166775707, -0.00116010778584, -0.00414408417419, 0.0140268588439, -0.00261702551506, -7.78391131462e-06], [-0.000401462370064, -0.000309702416416, -0.000368637149222, -0.0024217935279, 0.000902155705262, 0.00046987758833, 0.000104361104604, 0.000872320029885, 0.000441481359303, -0.000685742881615, -0.00261702551506, 0.013125738129, -0.00564315542579], [0.000155802365043, 0.000122288838611, -5.00282840221e-06, -9.89725303953e-05, -0.00129463954363, -0.0010329693323, 0.000792493694462, -0.00365547440015, 0.00175041973125, -0.000248910189839, -7.78391131462e-06, -0.00564315542579, 0.0169976633042]]
    },
    "spectral_contrast_coeffs": {
        "max": [-0.349361360073, -0.496738523245, -0.500912666321, -0.574703633785, -0.659216225147, -0.600053966045],
        "mean": [-0.695014297962, -0.734656155109, -0.741349875927, -0.776108026505, -0.792773067951, -0.7649102211],
        "min": [-0.882967174053, -0.911659181118, -0.924416780472, -0.912799715996, -0.87885427475, -0.870879650116],
        "stdev": [0.0832686722279, 0.0814476311207, 0.076390363276, 0.0640827044845, 0.0429504700005, 0.0441161580384]
    },
    "spectral_contrast_valleys": {
        "max": [-5.4324426651, -4.89849042892, -5.1790189743, -5.49600839615, -5.76696872711, -7.43088293076],
        "mean": [-6.8272600174, -6.59062385559, -7.32066202164, -7.49294090271, -7.39021730423, -10.0412368774],
        "min": [-9.27781867981, -8.23102092743, -9.01481151581, -9.20297431946, -8.96936893463, -11.8489694595],
        "stdev": [0.529079914093, 0.504414558411, 0.637450695038, 0.650116384029, 0.574009716511, 0.640255630016]
    }
},
"rhythm": {
    "beats_count": 81,
    "beats_loudness": {
        "max": 0.095365844667,
        "mean": 0.0335331298411,
        "min": 0.0108911879361,
        "stdev": 0.0134644731879
    },
    "bpm": 100.386642456,
    "bpm_histogram_first_peak_bpm": 99,
    "bpm_histogram_first_peak_weight": 0.462499976158,
    "bpm_histogram_second_peak_bpm": 0,
    "bpm_histogram_second_peak_spread": 0,
    "bpm_histogram_second_peak_weight": 0,
    "danceability": 1.3341742754,
    "onset_rate": 3.9990234375,
    "beats_loudness_band_ratio": {
        "max": [0.795836210251, 0.81921762228, 0.64311760664, 0.821346521378, 0.487753421068, 0.254948973656],
        "mean": [0.178884923458, 0.216934859753, 0.229307100177, 0.203044608235, 0.150983273983, 0.0550844334066],
        "min": [0.00426030671224, 0.00870750285685, 0.00996064115316, 0.00587217183784, 0.00545018026605, 0.00356366462074],
        "stdev": [0.182445645332, 0.191711321473, 0.146061316133, 0.186407402158, 0.114639319479, 0.0437147803605]
    },
