{
"metadata": {
    "version": {
        "essentia": "2.1-beta5",
        "essentia_git_sha": "Undefined",
        "extractor": "music 2.0"
    },
    "audio_properties": {
        "analysis": {
            "equal_loudness": 0,
            "length": 32.4963264465,
            "sample_rate": 44100,
            "start_time": 61.4980506897,
            "downmix": "mix"
        },
        "bit_rate": 192000,
        "length": 190.125,
        "lossless": 0,
        "number_channels": 2,
        "replay_gain": -7.09538841248,
        "sample_rate": 48000,
        "codec": "mp3",
        "md5_encoded": "dbc50c0b1509e6cbe1e2ecf076adcdce"
    },
    "tags": {
        "file_name": "Germany_I Can_t Live Without Music_Corinna May.mp3",
        "encoding": ["Lavf58.29.100"]
    }
},
"lowlevel": {
    "average_loudness": 0.976865172386,
    "barkbands_crest": {
        "max": 23.4626808167,
        "mean": 8.94484138489,
        "min": 2.80745005608,
        "stdev": 3.61526370049
    },
    "barkbands_flatness_db": {
        "max": 0.250179708004,
        "mean": 0.143104597926,
        "min": 0.0697963163257,
        "stdev": 0.0260376092046
    },
    "barkbands_kurtosis": {
        "max": 20.319644928,
        "mean": 0.41463559866,
        "min": -1.81614100933,
        "stdev": 2.37036824226
    },
    "barkbands_skewness": {
        "max": 4.40589475632,
        "mean": 0.595881342888,
        "min": -1.42765283585,
        "stdev": 0.919279634953
    },
    "barkbands_spread": {
        "max": 75.5603561401,
        "mean": 27.1105575562,
        "min": 5.72981071472,
        "stdev": 8.09787654877
    },
    "dissonance": {
        "max": 0.500000059605,
        "mean": 0.477034062147,
        "min": 0.352750122547,
        "stdev": 0.0177386514843
    },
    "dynamic_complexity": 2.16069197655,
    "erbbands_crest": {
        "max": 26.999797821,
        "mean": 9.75438976288,
        "min": 2.9181227684,
        "stdev": 4.2977309227
    },
    "erbbands_flatness_db": {
        "max": 0.314314842224,
        "mean": 0.187695428729,
        "min": 0.0940764918923,
        "stdev": 0.0391357727349
    },
    "erbbands_kurtosis": {
        "max": 12.3971776962,
        "mean": 0.541942834854,
        "min": -1.56626069546,
        "stdev": 1.77592277527
    },
    "erbbands_skewness": {
        "max": 1.86736023426,
        "mean": -0.112348929048,
        "min": -2.42993950844,
        "stdev": 0.599033534527
    },
    "erbbands_spread": {
        "max": 87.4168624878,
        "mean": 28.6335010529,
        "min": 5.39123439789,
        "stdev": 12.7521190643
    },
    "hfc": {
        "max": 99.7731552124,
        "mean": 24.9999446869,
        "min": 0.270018279552,
        "stdev": 16.6612873077
    },
    "loudness_ebu128": {
        "integrated": -16.1600799561,
        "loudness_range": 1.46822929382,
        "momentary": {
            "max": -12.9726762772,
            "mean": -16.330499649,
            "min": -19.8308029175,
            "stdev": 1.23034226894
        },
        "short_term": {
            "max": -15.3043804169,
            "mean": -16.1541690826,
            "min": -17.2858848572,
            "stdev": 0.519230008125
        }
    },
    "melbands_crest": {
        "max": 26.3755836487,
        "mean": 12.5672388077,
        "min": 3.56839704514,
        "stdev": 4.75397062302
    },
    "melbands_flatness_db": {
        "max": 0.31315651536,
        "mean": 0.160869628191,
        "min": 0.0682337582111,
        "stdev": 0.0360120683908
    },
    "melbands_kurtosis": {
        "max": 72.3432769775,
        "mean": 4.27496576309,
        "min": -1.68363904953,
        "stdev": 7.89101696014
    },
    "melbands_skewness": {
        "max": 7.49519586563,
        "mean": 1.5594933033,
        "min": -1.1917052269,
        "stdev": 1.27358841896
    },
    "melbands_spread": {
        "max": 104.797645569,
        "mean": 36.4829406738,
        "min": 4.49933385849,
        "stdev": 15.8401212692
    },
    "pitch_salience": {
        "max": 0.799807846546,
        "mean": 0.541484236717,
        "min": 0.200058355927,
        "stdev": 0.0974684879184
    },
    "silence_rate_20dB": {
        "max": 1,
        "mean": 1,
        "min": 1,
        "stdev": 0
    },
    "silence_rate_30dB": {
        "max": 1,
        "mean": 1,
        "min": 1,
        "stdev": 0
    },
    "silence_rate_60dB": {
        "max": 1,
        "mean": 0.00142755173147,
        "min": 0,
        "stdev": 0.0377559736371
    },
    "spectral_centroid": {
        "max": 3931.30859375,
        "mean": 1759.95983887,
        "min": 480.509552002,
        "stdev": 413.736877441
    },
    "spectral_complexity": {
        "max": 51,
        "mean": 24.0778007507,
        "min": 0,
        "stdev": 8.13425064087
    },
    "spectral_decrease": {
        "max": -7.05598565687e-11,
        "mean": -5.92753002238e-09,
        "min": -1.9566192222e-08,
        "stdev": 3.27953353363e-09
    },
    "spectral_energy": {
        "max": 0.0808298364282,
        "mean": 0.0246394351125,
        "min": 0.000290800177027,
        "stdev": 0.0135242780671
    },
    "spectral_energyband_high": {
        "max": 0.0048924703151,
        "mean": 0.000529205834027,
        "min": 9.50041976466e-06,
        "stdev": 0.000448582519311
    },
    "spectral_energyband_low": {
        "max": 0.0573467463255,
        "mean": 0.00702596595511,
        "min": 2.01368202397e-05,
        "stdev": 0.00625476567075
    },
    "spectral_energyband_middle_high": {
        "max": 0.0533093512058,
        "mean": 0.0105722369626,
        "min": 0.000124713275,
        "stdev": 0.0084772258997
    },
    "spectral_energyband_middle_low": {
        "max": 0.0640677288175,
        "mean": 0.0077446885407,
        "min": 5.24244132976e-05,
        "stdev": 0.00852236989886
    },
    "spectral_entropy": {
        "max": 8.3533411026,
        "mean": 7.69895458221,
        "min": 7.09594964981,
        "stdev": 0.204411536455
    },
    "spectral_flux": {
        "max": 0.23160456121,
        "mean": 0.102437980473,
        "min": 0.0210607759655,
        "stdev": 0.0422862358391
    },
    "spectral_kurtosis": {
        "max": 14.0705699921,
        "mean": 4.17593717575,
        "min": -0.22508764267,
        "stdev": 1.93851482868
    },
    "spectral_rms": {
        "max": 0.00888022407889,
        "mean": 0.00471099885181,
        "min": 0.000532642006874,
        "stdev": 0.00135828636121
    },
    "spectral_rolloff": {
        "max": 7192.08984375,
        "mean": 1819.91491699,
        "min": 86.1328125,
        "stdev": 738.573242188
    },
    "spectral_skewness": {
        "max": 2.77888798714,
        "mean": 1.36685347557,
        "min": -0.00815829169005,
        "stdev": 0.246789351106
    },
    "spectral_spread": {
        "max": 8633875,
        "mean": 3624091,
        "min": 1908680,
        "stdev": 909880.25
    },
    "spectral_strongpeak": {
        "max": 11.0746231079,
        "mean": 1.34887993336,
        "min": 0,
        "stdev": 1.70223641396
    },
    "zerocrossingrate": {
        "max": 0.1640625,
        "mean": 0.0638414695859,
        "min": 0.0107421875,
        "stdev": 0.0161225926131
    },
    "barkbands": {
        "max": [0.000898498576134, 0.0299547128379, 0.0421826019883, 0.0390421897173, 0.0229209363461, 0.0143480654806, 0.017444293946, 0.0409321896732, 0.0333381593227, 0.0346193313599, 0.0178614426404, 0.0307676699013, 0.0217116884887, 0.0188609622419, 0.0133572304621, 0.0229510776699, 0.0146172521636, 0.00758910737932, 0.0107527049258, 0.00305178249255, 0.00276996823959, 0.00125353771728, 0.000848462048452, 0.000942110200413, 0.00029538286617, 1.47806269979e-06, 1.36701237352e-06],
        "mean": [6.65673287585e-05, 0.00392858032137, 0.00222145742737, 0.00169980665669, 0.00143314467277, 0.00105329125654, 0.000680375786033, 0.00090152095072, 0.00128390232567, 0.0017430447042, 0.00117217819206, 0.00128548999783, 0.000682405661792, 0.00104293087497, 0.000858692917973, 0.00168997864239, 0.000920691643842, 0.000750771607272, 0.00052263319958, 0.000328577705659, 0.000146212056279, 6.93166366545e-05, 6.64814433549e-05, 5.81262538617e-05, 3.32044255629e-05, 4.4338491989e-08, 1.92984517255e-09],
        "min": [3.07191442062e-07, 5.2266673265e-06, 1.43785553064e-06, 2.18502782445e-06, 5.69320718569e-06, 5.55930546398e-06, 2.9276816349e-06, 3.05340472551e-06, 8.68100596563e-06, 1.65610108525e-05, 2.41730822381e-06, 1.30917342176e-05, 1.1294381693e-05, 5.30451552549e-06, 2.46407739724e-06, 2.20459764932e-06, 9.07689536689e-06, 2.02771366276e-06, 5.15218880537e-06, 2.97038764074e-06, 5.27701104147e-06, 1.33973355787e-06, 9.24184973883e-07, 3.8016560211e-07, 3.57962392172e-07, 5.36729063971e-11, 3.33161623289e-11],
        "stdev": [7.68771060393e-05, 0.00393284577876, 0.00382598931901, 0.00414687953889, 0.00246573192999, 0.0014302097261, 0.00106764992233, 0.0022701646667, 0.00310990470462, 0.00365305342712, 0.00212781666778, 0.00274929101579, 0.00183502805885, 0.00210487353615, 0.00131290836725, 0.00259404769167, 0.00143439450767, 0.000884153996594, 0.000710833875928, 0.00037517095916, 0.000153379238327, 8.5475439846e-05, 7.08150546416e-05, 7.96355598141e-05, 4.32617780461e-05, 1.19169428103e-07, 3.67360932785e-08]
    },
    "erbbands": {
        "max": [0.655981898308, 7.35652685165, 33.7762908936, 65.049079895, 151.139694214, 62.9170799255, 119.113525391, 154.681716919, 294.092712402, 235.994354248, 1065.12402344, 770.373596191, 1076.70385742, 785.594543457, 992.839782715, 1450.83898926, 1002.48449707, 985.119689941, 565.81048584, 829.396179199, 1263.80895996, 921.408569336, 460.085296631, 504.718261719, 391.21685791, 141.619659424, 107.848640442, 72.1482925415, 47.2243766785, 38.6655464172, 16.6847305298, 19.2402534485, 14.093744278, 3.70650053024, 1.95667421818, 0.151798978448, 0.00359690096229, 0.000881382729858, 0.000204058800591, 0.000102207355667],
        "mean": [0.0897472649813, 0.969798386097, 2.54156780243, 4.26741933823, 5.11300897598, 4.65181112289, 7.18036222458, 8.75192451477, 9.9961271286, 13.5493803024, 19.5657863617, 29.2830677032, 56.6649932861, 37.2416496277, 62.8987388611, 46.6105651855, 34.2061080933, 50.9965019226, 42.9668388367, 71.9430847168, 79.4980545044, 52.3642272949, 43.9983139038, 32.5781059265, 21.9817829132, 15.7373914719, 8.71333789825, 4.1183962822, 2.60549545288, 2.13950705528, 1.8761485815, 1.4724200964, 0.748452663422, 0.44526335597, 0.193505510688, 0.0110158501193, 0.000322436651913, 2.93467364827e-05, 1.81067916856e-05, 3.10027098749e-05],
        "min": [0.000161549964105, 0.00101885874756, 0.0073350914754, 0.0222395714372, 0.0307178832591, 0.012978726998, 0.0550694614649, 0.0511177405715, 0.0248065963387, 0.090916775167, 0.0980515778065, 0.169654995203, 0.657895803452, 0.39814516902, 0.273281902075, 0.796647310257, 0.92162668705, 0.923137187958, 0.437079370022, 0.163204967976, 0.138656333089, 0.551031053066, 0.184814855456, 0.192690357566, 0.227567598224, 0.161290422082, 0.110616371036, 0.258385419846, 0.0692210122943, 0.0261036809534, 0.0251623690128, 0.0119009455666, 0.00664370972663, 0.00360878976062, 0.00275058788247, 0.000157713977387, 8.63892819325e-06, 1.5058722056e-06, 2.09202812584e-06, 1.93611549548e-06],
        "stdev": [0.0995598360896, 0.95679473877, 3.28987193108, 8.48888301849, 13.4950399399, 7.16901779175, 10.9110469818, 12.5465269089, 14.6296329498, 23.8082637787, 50.6232414246, 69.599609375, 121.167251587, 60.8888397217, 110.725189209, 98.618309021, 76.9733657837, 105.588577271, 65.7529144287, 93.902923584, 126.914871216, 80.9616241455, 51.8355674744, 40.1313858032, 28.4928569794, 18.039232254, 8.4261007309, 4.67819356918, 3.37003493309, 2.45647859573, 2.00652360916, 1.91417825222, 1.02934908867, 0.542245984077, 0.290938466787, 0.0195134952664, 0.000499153858982, 4.08863925259e-05, 1.14908871183e-05, 1.68812621268e-05]
    },
    "gfcc": {
        "mean": [4.37094020844, 111.453857422, -159.613037109, 54.0463905334, -57.3665084839, 26.3801727295, -37.1627807617, 14.7815179825, -16.2173633575, -9.76516056061, -1.22671544552, -11.9064254761, 7.93620538712],
        "cov": [[1150.06103516, -163.900238037, -43.4953918457, 16.4041538239, 1.19656252861, -46.0420303345, -134.333129883, 60.2917289734, -33.5935173035, -30.5492515564, -91.0149307251, -46.0357894897, -44.0979003906], [-163.900238037, 274.357391357, 19.1363811493, 35.0863227844, 80.0072402954, -32.2379760742, 89.5927658081, -4.84760475159, 60.2575874329, -12.8782396317, 41.4799842834, -17.1358833313, 30.1093444824], [-43.4953918457, 19.1363811493, 415.331787109, 79.8690643311, -99.3374404907, 72.9184799194, -75.8537368774, 9.11120700836, -46.4612617493, 15.5187387466, -58.0375671387, 11.1655235291, -45.0649833679], [16.4041538239, 35.0863227844, 79.8690643311, 158.791915894, 76.9994735718, 8.3891954422, 24.5983600616, -5.7515873909, 13.1192722321, -10.2147512436, 0.244809612632, -5.47254133224, -15.1376676559], [1.19656252861, 80.0072402954, -99.3374404907, 76.9994735718, 228.277648926, 35.6288108826, 88.1339874268, -15.0809602737, 13.5712175369, 7.58153820038, 49.0535163879, -15.6240091324, -0.915951788425], [-46.0420303345, -32.2379760742, 72.9184799194, 8.3891954422, 35.6288108826, 175.646835327, 58.4504127502, -60.4363899231, -49.1735610962, 31.5819091797, 18.087015152, 13.7477636337, -29.1355667114], [-134.333129883, 89.5927658081, -75.8537368774, 24.5983600616, 88.1339874268, 58.4504127502, 169.386276245, 5.0743303299, 18.0841636658, 1.21395289898, 40.5442314148, -0.295074045658, 27.9412899017], [60.2917289734, -4.84760475159, 9.11120700836, -5.7515873909, -15.0809602737, -60.4363899231, 5.0743303299, 154.081481934, 70.015663147, -11.6936616898, -29.9942932129, -1.03673219681, 44.6836929321], [-33.5935173035, 60.2575874329, -46.4612617493, 13.1192722321, 13.5712175369, -49.1735610962, 18.0841636658, 70.015663147, 127.224586487, 8.2213640213, 5.98712682724, -3.41207385063, 33.5669517517], [-30.5492515564, -12.8782396317, 15.5187387466, -10.2147512436, 7.58153820038, 31.5819091797, 1.21395289898, -11.6936616898, 8.2213640213, 86.4081115723, 39.5394287109, 11.5222444534, -10.4150848389], [-91.0149307251, 41.4799842834, -58.0375671387, 0.244809612632, 49.0535163879, 18.087015152, 40.5442314148, -29.9942932129, 5.98712682724, 39.5394287109, 100.021362305, 27.820608139, 3.49443221092], [-46.0357894897, -17.1358833313, 11.1655235291, -5.47254133224, -15.6240091324, 13.7477636337, -0.295074045658, -1.03673219681, -3.41207385063, 11.5222444534, 27.820608139, 66.4349136353, 31.122220993], [-44.0979003906, 30.1093444824, -45.0649833679, -15.1376676559, -0.915951788425, -29.1355667114, 27.9412899017, 44.6836929321, 33.5669517517, -10.4150848389, 3.49443221092, 31.122220993, 86.897605896]],
        "icov": [[0.00127279094886, -0.000676968658809, 0.00152210507076, -0.00130024936516, 0.000327572197421, -0.00129256292712, 0.00206381594762, -0.00181721441913, 0.00132744864095, -0.000458915776107, 0.00107927073259, 6.04073829891e-05, 0.000651416659821], [-0.000676968658809, 0.0163139291108, -0.0130754653364, 0.00990046467632, -0.00842055864632, 0.0131217455491, -0.0129960691556, 0.0124397138134, -0.0110472785309, 0.00654107658193, -0.00776919815689, 0.00652318261564, -0.00593200093135], [0.00152210507076, -0.0130754653364, 0.0171509664506, -0.0137330545112, 0.0101691931486, -0.0149160800502, 0.0140026481822, -0.0136907370761, 0.0113669056445, -0.00697237579152, 0.00807119160891, -0.00530819315463, 0.00579868583009], [-0.00130024936516, 0.00990046467632, -0.0137330545112, 0.019410982728, -0.01129533723, 0.0123405307531, -0.0116974990815, 0.0113328602165, -0.0105151431635, 0.00651722028852, -0.00406552711502, 0.00109965633601, -0.00126590847503], [0.000327572197421, -0.00842055864632, 0.0101691931486, -0.01129533723, 0.0137805202976, -0.00986595079303, 0.00612853979692, -0.00800353102386, 0.0068643623963, -0.00389046687633, 0.000833284284454, 0.000286300870357, 0.00211829785258], [-0.00129256292712, 0.0131217455491, -0.0149160800502, 0.0123405307531, -0.00986595079303, 0.0240329857916, -0.0182306282222, 0.0149061810225, -0.00826465617865, 0.00215135980397, -0.00324619119056, -8.75663390616e-05, -0.00102506659459], [0.00206381594762, -0.0129960691556, 0.0140026481822, -0.0116974990815, 0.00612853979692, -0.0182306282222, 0.0243550539017, -0.0139850815758, 0.00968967657536, -0.00322666298598, 0.00234494288452, 5.36088600711e-06, -0.000139283001772], [-0.00181721441913, 0.0124397138134, -0.0136907370761, 0.0113328602165, -0.00800353102386, 0.0149061810225, -0.0139850815758, 0.0231578573585, -0.0146958557889, 0.00479629589245, -0.00272422400303, 0.00374067411758, -0.0078345593065], [0.00132744864095, -0.0110472785309, 0.0113669056445, -0.0105151431635, 0.0068643623963, -0.00826465617865, 0.00968967657536, -0.0146958557889, 0.0212932880968, -0.00780445430428, 0.00443809432909, -0.00172149867285, 0.00158447551075], [-0.000458915776107, 0.00654107658193, -0.00697237579152, 0.00651722028852, -0.00389046687633, 0.00215135980397, -0.00322666298598, 0.00479629589245, -0.00780445430428, 0.0199934691191, -0.0111744962633, 0.00303695816547, -0.000955649360549], [0.00107927073259, -0.00776919815689, 0.00807119160891, -0.00406552711502, 0.000833284284454, -0.00324619119056, 0.00234494288452, -0.00272422400303, 0.00443809432909, -0.0111744962633, 0.0250426251441, -0.0137878023088, 0.00716172158718], [6.04073829891e-05, 0.00652318261564, -0.00530819315463, 0.00109965633601, 0.000286300870357, -8.75663390616e-05, 5.36088600711e-06, 0.00374067411758, -0.00172149867285, 0.00303695816547, -0.0137878023088, 0.0306154172868, -0.0161238256842], [0.000651416659821, -0.00593200093135, 0.00579868583009, -0.00126590847503, 0.00211829785258, -0.00102506659459, -0.000139283001772, -0.0078345593065, 0.00158447551075, -0.000955649360549, 0.00716172158718, -0.0161238256842, 0.0251925997436]]
    },
    "melbands": {
        "max": [0.00745573313907, 0.0127119226381, 0.0149235753343, 0.006943768356, 0.00431257952005, 0.0031487615779, 0.00415714504197, 0.00370554509573, 0.0073111904785, 0.00564720854163, 0.0055891755037, 0.00356932287104, 0.00258273025975, 0.00284700095654, 0.0030213391874, 0.00287230708636, 0.00222800578922, 0.00122491875663, 0.00118986109737, 0.001749662566, 0.00131376401987, 0.0011840708321, 0.000519433117006, 0.000541921472177, 0.000465147721115, 0.000381791091058, 0.000150437612319, 0.000113424241135, 5.29387543793e-05, 7.42771444493e-05, 3.69141234842e-05, 2.83885074168e-05, 2.32468810282e-05, 2.24126652029e-05, 1.00308006949e-05, 1.17338868222e-05, 1.22841229313e-05, 1.10021055661e-05, 6.11773475612e-06, 2.95570862363e-06],
        "mean": [0.000974557828158, 0.00131819199305, 0.000787353375927, 0.000327000831021, 0.000247660442255, 0.000198737718165, 0.000147863727761, 0.000162663913216, 0.000158090420882, 0.00019192257605, 0.000288205774268, 0.000151224507135, 0.000189896774828, 0.000152836364578, 9.88792235148e-05, 6.61190715618e-05, 0.000101121608168, 6.89484586474e-05, 6.91217574058e-05, 0.000129120831843, 8.01823989605e-05, 5.48712705495e-05, 4.56982452306e-05, 3.37117562594e-05, 2.59852167801e-05, 1.69976992765e-05, 1.32307695822e-05, 9.79909418675e-06, 5.95938763581e-06, 3.49312335857e-06, 2.03193303605e-06, 1.50854134517e-06, 1.18911475511e-06, 1.19221726891e-06, 1.12610450742e-06, 9.90043872662e-07, 8.56904705415e-07, 5.35753940767e-07, 4.2135988565e-07, 3.72049441921e-07],
        "min": [1.64321750162e-06, 3.45661874235e-06, 5.10349764227e-06, 1.2585951481e-06, 1.6651582655e-06, 1.16443663956e-06, 4.31561119285e-07, 7.78719481787e-07, 7.33529020636e-07, 1.24093821796e-06, 2.55114628089e-06, 1.26564452785e-06, 5.00846795148e-07, 1.90012610801e-06, 1.36219568958e-06, 9.39563278735e-07, 6.35526873793e-07, 8.32821797303e-07, 1.73386212055e-07, 1.85252886808e-07, 1.38496375257e-07, 5.95017525029e-07, 3.18521500731e-07, 8.74519869853e-08, 1.57190811478e-07, 2.25344606974e-07, 1.19468211324e-07, 9.60292965146e-08, 5.03770536397e-08, 1.19854647096e-07, 1.24471171148e-07, 3.52392639513e-08, 2.07209076564e-08, 1.31252928526e-08, 1.31134738623e-08, 1.51474743859e-08, 4.35399583054e-09, 5.21594589742e-09, 2.56766585771e-09, 3.27756177754e-09],
        "stdev": [0.00103061553091, 0.00132177036721, 0.00163421197794, 0.000665587431286, 0.000362030259566, 0.000270846649073, 0.000216835804167, 0.000322658248479, 0.00039711772115, 0.000477629131638, 0.000626526074484, 0.000274887483101, 0.000329592206981, 0.000290297641186, 0.000251219986239, 0.000188650825294, 0.000214774845517, 0.00012663617963, 0.000106335704913, 0.000193744504941, 0.000134728630655, 0.000100635690615, 5.54741454835e-05, 4.50519801234e-05, 3.48440844391e-05, 2.45423489105e-05, 1.63388704095e-05, 1.21972834677e-05, 6.23019059276e-06, 3.93418213207e-06, 2.61001719082e-06, 2.05702190215e-06, 1.48641424857e-06, 1.38181860621e-06, 1.2325795069e-06, 1.18887271583e-06, 1.18451885101e-06, 7.78417472702e-07, 5.75678768655e-07, 4.51816703162e-07]
    },
    "melbands128": {
        "max": [0.000556453596801, 0.004466033075, 0.0132214725018, 0.0127120353281, 0.0124519821256, 0.0229162313044, 0.0156847052276, 0.0243638642132, 0.0159338265657, 0.0053789303638, 0.00395427551121, 0.00685931183398, 0.00510513782501, 0.00403517950326, 0.00468033459038, 0.0029157421086, 0.00578303588554, 0.00504578975961, 0.00576669350266, 0.00297058327124, 0.00739374291152, 0.0155978705734, 0.00800553150475, 0.00778667628765, 0.00757179968059, 0.0116372136399, 0.0120639288798, 0.00976695027202, 0.0082128085196, 0.00627949694172, 0.00545684015378, 0.00456336233765, 0.0050757904537, 0.00751558318734, 0.00774047151208, 0.00391193944961, 0.00930756516755, 0.00361729995348, 0.00456419028342, 0.00471764337271, 0.00628975918517, 0.00435420172289, 0.00319986930117, 0.00410291505978, 0.00360759114847, 0.00196288991719, 0.00127253239043, 0.00177607615478, 0.00312522402965, 0.00224955473095, 0.00351801933721, 0.00430467166007, 0.00293423095718, 0.00180920411367, 0.00159171549603, 0.00254326499999, 0.00177249056287, 0.000991550739855, 0.000733937660698, 0.00117650651373, 0.00108889618423, 0.000623085710686, 0.000634525553323, 0.000675788149238, 0.000313844328048, 0.000719844305422, 0.000338549289154, 0.000370817549992, 0.000223783572437, 0.000250737066381, 0.000245720788371, 0.000214641884668, 0.000141183147207, 7.24386118236e-05, 7.95769592514e-05, 0.000148196166265, 4.29854444519e-05, 7.47862941353e-05, 6.66964697302e-05, 2.72534762189e-05, 3.50286500179e-05, 3.31717419613e-05, 2.73402129096e-05, 1.61832122103e-05, 3.66388230759e-05, 3.5560104152e-05, 1.82835719897e-05, 1.41454602272e-05, 1.53402779688e-05, 9.43242321227e-06, 1.32134218802e-05, 2.10744074138e-05, 2.02901373996e-05, 1.42345788845e-05, 1.15630364235e-05, 1.62493433891e-05, 1.40012461998e-05, 9.78297339316e-06, 8.20117656986e-06, 4.81747974845e-06, 3.64545303455e-06, 3.27853717863e-06, 4.68782127427e-06, 4.93539164381e-06, 3.15805937134e-06, 3.19526020576e-06, 1.09678262561e-06, 7.64653762531e-08, 9.2527807638e-09, 9.06405617229e-09, 8.74036309995e-09, 8.33952817914e-09, 8.00512012233e-09, 7.6712236563e-09, 7.32277749549e-09, 7.03513780564e-09, 6.76698208579e-09, 6.51102061155e-09, 6.30427443582e-09, 6.09552763819e-09, 5.90190163408e-09, 5.747751608e-09, 5.61359492224e-09, 5.47142509078e-09, 5.38327515898e-09, 5.30871702153e-09, 5.25189092215e-09, 5.21814058629e-09],
        "mean": [5.68289069633e-05, 0.00054329901468, 0.00145218172111, 0.00163699069526, 0.0013893507421, 0.00103586155456, 0.000848006806336, 0.000867712136824, 0.000480566377519, 0.000256107567111, 0.000247031653998, 0.000260177097516, 0.00025425554486, 0.000226433301577, 0.000205878997804, 0.000176375629962, 0.000173288193764, 0.000145336118294, 0.000111691733764, 0.000140914518852, 0.000207373217563, 0.000178370639333, 0.000145767669892, 0.000139228330227, 0.000170319937752, 0.000224321207497, 0.000223357084906, 0.000352492672391, 0.000293281016639, 0.000163763659657, 0.000101844780147, 0.000105706851173, 0.000190561841009, 0.000266840157565, 0.000195342377992, 8.76648991834e-05, 0.000138261937536, 9.7218209703e-05, 8.76281119417e-05, 6.30290960544e-05, 5.50154181838e-05, 7.745068433e-05, 0.000102951300505, 0.000122881756397, 7.94809602667e-05, 5.60224325454e-05, 6.00220955675e-05, 5.67341994611e-05, 7.25394202163e-05, 0.000108166750579, 0.000146327758557, 0.00014831549197, 8.28428164823e-05, 5.34475257155e-05, 6.23531814199e-05, 5.6859524193e-05, 4.64117511001e-05, 4.82447321701e-05, 4.54684159195e-05, 4.12785848312e-05, 3.33723910444e-05, 2.64059635811e-05, 3.19615101034e-05, 2.54305832641e-05, 1.74308243004e-05, 1.67199650605e-05, 1.71852680069e-05, 1.42414601214e-05, 1.21393704831e-05, 1.19374226415e-05, 1.03818447315e-05, 8.71203610586e-06, 6.97565747032e-06, 5.27386055182e-06, 5.03571982335e-06, 3.99244208893e-06, 2.62134358309e-06, 2.12542067857e-06, 2.09688255381e-06, 1.82071880772e-06, 1.43262411711e-06, 1.51197150444e-06, 1.31064609832e-06, 1.09223333311e-06, 1.1220978422e-06, 1.2340971125e-06, 1.16911905934e-06, 1.23145684938e-06, 1.2492564565e-06, 9.22360811728e-07, 8.96208348422e-07, 1.10029782263e-06, 1.01094894944e-06, 8.75716182236e-07, 7.46192313272e-07, 6.23219875706e-07, 4.61711522348e-07, 4.49996946372e-07, 4.70711739808e-07, 3.87737486562e-07, 3.1329065564e-07, 3.71930951815e-07, 4.47926282732e-07, 3.17014325901e-07, 2.11055905197e-07, 1.69180708554e-07, 4.77579220615e-08, 2.09803685536e-09, 1.43692445095e-11, 1.23367193197e-11, 1.18569494501e-11, 1.1428143154e-11, 1.1100155517e-11, 1.07900285928e-11, 1.02650587683e-11, 9.80909797832e-12, 9.4281752544e-12, 9.11117795793e-12, 8.85048458132e-12, 8.58808770626e-12, 8.3494140421e-12, 8.15838629292e-12, 7.98809109137e-12, 7.81302886971e-12, 7.6493134743e-12, 7.47263275563e-12, 7.35791982898e-12, 7.3087820518e-12],
        "min": [2.47300668832e-08, 3.76240564037e-07, 1.23932170482e-06, 1.24639609567e-06, 4.59926354779e-07, 7.49205128159e-07, 3.92906741808e-07, 7.72060957388e-07, 1.81164193691e-06, 5.15648707733e-07, 4.47710078788e-07, 9.46830425619e-07, 5.36877564628e-07, 3.29595081894e-07, 2.54736846728e-07, 2.00429241204e-07, 2.14414683342e-07, 3.26320474642e-07, 2.99414864458e-07, 3.13702372523e-07, 2.22076479872e-07, 4.82483756059e-07, 1.22540356529e-07, 3.48005187334e-07, 3.10736226083e-07, 6.35244418845e-07, 5.49969058738e-07, 3.92412573547e-07, 1.03416175534e-06, 5.06086280438e-07, 4.30207535373e-07, 2.03492177775e-07, 3.25010176994e-07, 7.15584633326e-07, 4.57689907307e-07, 1.08196395843e-07, 2.65998636451e-07, 7.06303467268e-07, 4.57784523178e-07, 4.24515604891e-07, 3.04825334752e-07, 4.02811906497e-07, 3.45159492099e-07, 3.62627531558e-07, 3.268850719e-07, 2.92571712635e-07, 1.97411338831e-07, 1.08906682783e-07, 1.66281310499e-07, 3.34375101829e-07, 1.59720784154e-07, 8.1617137937e-08, 1.12068924807e-07, 1.70241619912e-07, 1.91149652551e-07, 2.64835676944e-07, 2.02167058205e-07, 3.75528031782e-07, 1.43555112686e-07, 1.32139561515e-07, 9.09056794285e-08, 5.52251151476e-08, 3.33900622707e-08, 2.0622515251e-07, 2.3757476697e-07, 2.25954536859e-07, 1.89727629163e-07, 6.3319795629e-08, 1.0935879402e-07, 1.56219073233e-07, 1.1483270157e-07, 4.84940372303e-08, 1.99486027697e-08, 6.20063431711e-08, 7.02012457054e-08, 5.13655962209e-08, 7.43277368542e-08, 6.12934556443e-08, 5.27990273724e-08, 2.76777623043e-08, 3.60861207582e-08, 2.40682886954e-08, 1.68024758551e-08, 1.36796369787e-08, 1.58306932008e-08, 7.3875496831e-09, 1.63860338631e-08, 1.67769567128e-08, 4.16208534304e-09, 1.66067053442e-08, 1.9832203435e-08, 9.72553948486e-09, 7.42246752949e-09, 4.33449809378e-09, 2.47266918052e-09, 2.90902812949e-09, 7.56278861758e-09, 3.53491813598e-09, 1.32359345706e-09, 3.01036884309e-09, 1.68328795347e-09, 2.29464136581e-09, 6.77322198328e-09, 3.86992260459e-09, 3.2248885784e-09, 8.13904610375e-10, 2.18838447363e-10, 1.04293895568e-12, 1.21577932184e-13, 8.79553184842e-14, 8.3767099702e-14, 1.2435351685e-13, 1.16619807886e-13, 1.09901359389e-13, 9.44501231783e-14, 1.06856011669e-13, 9.45799021783e-14, 1.1086583176e-13, 1.13928018495e-13, 1.15235620525e-13, 9.76886757251e-14, 9.9740670638e-14, 9.9922816603e-14, 1.08810977264e-13, 6.24592608536e-14, 2.78663726073e-14, 3.76291125741e-15, 1.8323674489e-16],
        "stdev": [6.74075417919e-05, 0.000640191603452, 0.00182475184556, 0.00163967197295, 0.00149097945541, 0.0020276948344, 0.0017315284349, 0.00240462902002, 0.00137930561323, 0.000511522695888, 0.000403160258429, 0.000443949335022, 0.000432084256317, 0.000404657970648, 0.000377757649403, 0.000280229898635, 0.000318588368827, 0.000271060998784, 0.000262280460447, 0.000273652258329, 0.000564417336136, 0.000659387442283, 0.000504437601194, 0.000477286754176, 0.000532214355189, 0.000796325271949, 0.000722428841982, 0.000967660394963, 0.000837283325382, 0.000389497145079, 0.000289764459012, 0.000317092664773, 0.000429824693128, 0.000632270181086, 0.000600412895437, 0.000220878559048, 0.000510257028509, 0.000345097476384, 0.000306936737616, 0.000219189896598, 0.000287715025479, 0.000347663793946, 0.000293797784252, 0.000325039727613, 0.000247696327278, 0.000153969609528, 0.000126767743495, 0.000132501940243, 0.000178739268449, 0.000212477258174, 0.000300291343592, 0.000361678656191, 0.000229513214435, 0.000118135147204, 0.00013048472465, 0.000165136327269, 0.000103569174826, 8.21553840069e-05, 7.53142085159e-05, 8.05311574368e-05, 7.02446559444e-05, 4.64457734779e-05, 5.09037090524e-05, 4.47372985946e-05, 2.92449931294e-05, 3.68285400327e-05, 2.64609261649e-05, 2.49404711212e-05, 2.00856611627e-05, 1.92331135622e-05, 1.76342618943e-05, 1.4873762666e-05, 9.90052649286e-06, 6.7381010922e-06, 6.45489399176e-06, 6.02072532274e-06, 3.30169314111e-06, 3.34682317771e-06, 3.29335125571e-06, 2.51900132753e-06, 2.23206120609e-06, 2.33030118579e-06, 1.96825249077e-06, 1.44114949308e-06, 1.64217885867e-06, 1.71913688973e-06, 1.44859063766e-06, 1.45986371081e-06, 1.54987048973e-06, 1.10057214897e-06, 1.11257827484e-06, 1.60518379744e-06, 1.53728899477e-06, 1.2693261624e-06, 1.13796340884e-06, 1.06195284388e-06, 7.22230993233e-07, 7.08365689661e-07, 7.05692855263e-07, 5.33828085736e-07, 4.25170100016e-07, 4.64951341428e-07, 5.94777304741e-07, 4.98831923323e-07, 3.56445809757e-07, 3.47412026258e-07, 1.08225030715e-07, 5.68006219837e-09, 2.48039394579e-10, 2.4295548906e-10, 2.34334052163e-10, 2.23658855325e-10, 2.14747067351e-10, 2.05903988304e-10, 1.96553495702e-10, 1.88874346718e-10, 1.81711076741e-10, 1.74881914505e-10, 1.69354252844e-10, 1.63779906304e-10, 1.58603449818e-10, 1.54486243242e-10, 1.50904053142e-10, 1.47108047965e-10, 1.44741565955e-10, 1.42749922993e-10, 1.41231901174e-10, 1.40330025378e-10]
    },
    "mfcc": {
        "mean": [-614.718017578, 114.99294281, -24.3049526215, 23.7430706024, 11.0997934341, 4.04790449142, 5.23422670364, 10.5360937119, 2.95065498352, 4.50815343857, -5.59059381485, 0.632328987122, 2.28958630562],
        "cov": [[1194.56567383, -171.341949463, -138.730300903, 11.9353609085, 66.6370315552, -111.5026474, -64.7015533447, -16.7215595245, 12.6751747131, 16.2056655884, -68.0491256714, -8.59417724609, 4.54206180573], [-171.341949463, 237.820602417, -24.4278507233, 39.5576438904, -1.56502246857, 1.97430336475, 22.3402690887, 12.2176017761, 20.1573295593, 26.2902793884, 16.3399028778, 4.94781446457, 19.728061676], [-138.730300903, -24.4278507233, 461.869903564, -28.7204151154, -2.67856907845, 24.020904541, -46.9058914185, -7.09977960587, -8.29165077209, -43.5099143982, 5.26249456406, -6.73300695419, -33.9274139404], [11.9353609085, 39.5576438904, -28.7204151154, 188.191696167, 60.5770301819, -20.9962100983, 2.82675719261, 31.109544754, 31.4943637848, 14.4380159378, 8.05141353607, 4.09263515472, 25.4874382019], [66.6370315552, -1.56502246857, -2.67856907845, 60.5770301819, 120.272109985, 10.822098732, 0.31505048275, 5.21071624756, -2.09571957588, 10.8767576218, 16.3988513947, -2.43742847443, 9.82616996765], [-111.5026474, 1.97430336475, 24.020904541, -20.9962100983, 10.822098732, 251.041000366, 111.490768433, -13.431968689, -57.7039299011, -39.0343742371, 73.4063262939, -3.22446250916, -15.0666465759], [-64.7015533447, 22.3402690887, -46.9058914185, 2.82675719261, 0.31505048275, 111.490768433, 157.895614624, 16.1767711639, -22.3116664886, -11.8041629791, 37.7775268555, -6.58711194992, -1.54760706425], [-16.7215595245, 12.2176017761, -7.09977960587, 31.109544754, 5.21071624756, -13.431968689, 16.1767711639, 86.8033905029, 53.4103279114, 10.8650827408, -18.2011795044, 1.67277348042, 14.1093444824], [12.6751747131, 20.1573295593, -8.29165077209, 31.4943637848, -2.09571957588, -57.7039299011, -22.3116664886, 53.4103279114, 123.234405518, 41.1878662109, -27.1070079803, 1.93077719212, 4.30183267593], [16.2056655884, 26.2902793884, -43.5099143982, 14.4380159378, 10.8767576218, -39.0343742371, -11.8041629791, 10.8650827408, 41.1878662109, 84.7045059204, 18.612411499, 4.51988124847, -1.50036180019], [-68.0491256714, 16.3399028778, 5.26249456406, 8.05141353607, 16.3988513947, 73.4063262939, 37.7775268555, -18.2011795044, -27.1070079803, 18.612411499, 97.2099075317, 11.5835046768, -7.77854204178], [-8.59417724609, 4.94781446457, -6.73300695419, 4.09263515472, -2.43742847443, -3.22446250916, -6.58711194992, 1.67277348042, 1.93077719212, 4.51988124847, 11.5835046768, 66.1120452881, 37.9034767151], [4.54206180573, 19.728061676, -33.9274139404, 25.4874382019, 9.82616996765, -15.0666465759, -1.54760706425, 14.1093444824, 4.30183267593, -1.50036180019, -7.77854204178, 37.9034767151, 90.7273712158]],
        "icov": [[0.00109794887248, 0.000779726135079, 0.00033629706013, 3.35731147061e-06, -0.000699211203028, 0.000242865382461, 5.03226438013e-05, 0.000398160598706, -6.36588738416e-05, -0.000230854668189, 0.00063565740129, 6.95327173617e-07, 8.70883013704e-06], [0.000779726135079, 0.00527533842251, 0.000161417468917, -0.000960059987847, 0.000337123899953, 0.000136892762384, -0.000657968921587, 0.000516918080393, -0.000443280936452, -0.00149602629244, -7.47054727981e-05, 0.000536809267942, -0.00119583855849], [0.00033629706013, 0.000161417468917, 0.00267535727471, 0.000336778990459, -0.000421833596192, -0.000265446084086, 0.00135470298119, -0.000360395002645, -0.00046295352513, 0.00176464871038, -0.000653915340081, -0.000166653640918, 0.000999355572276], [3.35731147061e-06, -0.000960059987847, 0.000336778990459, 0.00747066922486, -0.00359646230936, 0.00105719629209, -0.00015672268637, -0.00155298993923, -0.00144842395093, 0.00135473301634, -0.00172399065923, 0.000554328842554, -0.00124855351169], [-0.000699211203028, 0.000337123899953, -0.000421833596192, -0.00359646230936, 0.0111355604604, -0.00112354417797, 0.00085068756016, -0.000601339503191, 0.00132641254459, -0.00179871311411, -0.00128182640765, 0.0015961608151, -0.00133966712747], [0.000242865382461, 0.000136892762384, -0.000265446084086, 0.00105719629209, -0.00112354417797, 0.00838590599597, -0.00437998818234, -5.44758368051e-05, 0.000372546957806, 0.00391918607056, -0.00499277375638, 0.000127245963085, 0.000575800484512], [5.03226438013e-05, -0.000657968921587, 0.00135470298119, -0.00015672268637, 0.00085068756016, -0.00437998818234, 0.0109876906499, -0.00367187452503, 0.00124246510677, 0.000464092416223, -0.00165219604969, 0.00155119190458, -0.000210810278077], [0.000398160598706, 0.000516918080393, -0.000360395002645, -0.00155298993923, -0.000601339503191, -5.44758368051e-05, -0.00367187452503, 0.0185097381473, -0.00776896066964, 8.10834753793e-05, 0.00300494721159, 0.000139073948958, -0.00214666686952], [-6.36588738416e-05, -0.000443280936452, -0.00046295352513, -0.00144842395093, 0.00132641254459, 0.000372546957806, 0.00124246510677, -0.00776896066964, 0.0153546538204, -0.00684209819883, 0.00353724695742, -0.00090233940864, 0.00131998676807], [-0.000230854668189, -0.00149602629244, 0.00176464871038, 0.00135473301634, -0.00179871311411, 0.00391918607056, 0.000464092416223, 8.10834753793e-05, -0.00684209819883, 0.0203333310783, -0.0086042303592, -0.000167234567925, 0.001449976], [0.00063565740129, -7.47054727981e-05, -0.000653915340081, -0.00172399065923, -0.00128182640765, -0.00499277375638, -0.00165219604969, 0.00300494721159, 0.00353724695742, -0.0086042303592, 0.0194945614785, -0.00468515558168, 0.00235710781999], [6.95327173617e-07, 0.000536809267942, -0.000166653640918, 0.000554328842554, 0.0015961608151, 0.000127245963085, 0.00155119190458, 0.000139073948958, -0.00090233940864, -0.000167234567925, -0.00468515558168, 0.021818747744, -0.00995866768062], [8.70883013704e-06, -0.00119583855849, 0.000999355572276, -0.00124855351169, -0.00133966712747, 0.000575800484512, -0.000210810278077, -0.00214666686952, 0.00131998676807, 0.001449976, 0.00235710781999, -0.00995866768062, 0.0169009752572]]
    },
    "spectral_contrast_coeffs": {
        "max": [-0.491447240114, -0.521225988865, -0.491196334362, -0.574393749237, -0.637066781521, -0.611985743046],
        "mean": [-0.754726350307, -0.771731376648, -0.735844969749, -0.760448813438, -0.777298986912, -0.778379023075],
        "min": [-0.910938799381, -0.951359152794, -0.896563947201, -0.891915678978, -0.878628969193, -0.856647968292],
        "stdev": [0.0641608387232, 0.0609196126461, 0.072450876236, 0.0575856976211, 0.0384476706386, 0.0301466733217]
    },
    "spectral_contrast_valleys": {
        "max": [-5.31673288345, -5.13950443268, -5.64264631271, -5.58273124695, -5.50868606567, -8.53942966461],
        "mean": [-6.54879617691, -6.70317745209, -7.00152873993, -7.09542369843, -7.02483320236, -9.97840881348],
        "min": [-8.75528049469, -8.69773483276, -8.24310588837, -9.31800937653, -8.83957767487, -11.7142238617],
        "stdev": [0.488540023565, 0.492375731468, 0.413373380899, 0.413438767195, 0.428764879704, 0.516952037811]
    }
},
"rhythm": {
    "beats_count": 67,
    "beats_loudness": {
        "max": 0.0655612796545,
        "mean": 0.0387786030769,
        "min": 0.0107829803601,
        "stdev": 0.0129244346172
    },
    "bpm": 124.18523407,
    "bpm_histogram_first_peak_bpm": 123,
    "bpm_histogram_first_peak_weight": 0.379310309887,
    "bpm_histogram_second_peak_bpm": 129,
    "bpm_histogram_second_peak_spread": 0.142857134342,
    "bpm_histogram_second_peak_weight": 0.0909090936184,
    "danceability": 1.52724444866,
    "onset_rate": 4.42968702316,
    "beats_loudness_band_ratio": {
        "max": [0.906328856945, 0.380363434553, 0.398255765438, 0.475565522909, 0.593187153339, 0.127652257681],
        "mean": [0.518756866455, 0.0747600793839, 0.107548475266, 0.139017939568, 0.152492642403, 0.0436673983932],
        "min": [0.0808039754629, 0.00614395271987, 0.00582431908697, 0.0125049622729, 0.012253370136, 0.0071504409425],
        "stdev": [0.208794921637, 0.0663379654288, 0.101044997573, 0.115889400244, 0.114896327257, 0.0251346174628]
    },
    "beats_position": [0.429569154978, 0.870748281479, 1.3235373497, 1.78793644905, 2.2523355484, 2.73995471001, 3.22757363319, 3.70358276367, 4.17959165573, 4.66721057892, 5.15482997894, 5.61922883987, 6.10684776306, 6.59446716309, 7.08208608627, 7.56970500946, 8.04571437836, 8.52172279358, 9.0093421936, 9.49696159363, 9.98458003998, 10.4489793777, 10.9365987778, 11.412607193, 11.8886165619, 12.3762359619, 12.8638544083, 13.3398637772, 13.8274831772, 14.3034915924, 14.7911109924, 15.2787294388, 15.7547388077, 16.2307472229, 16.7183666229, 17.2059860229, 17.6819953918, 18.1580047607, 18.6456241608, 19.1332416534, 19.6092510223, 20.0852603912, 20.5728797913, 21.0604991913, 21.5248966217, 22.0125160217, 22.5001354218, 22.9877548218, 23.4637641907, 23.9513835907, 24.4273910522, 24.9150104523, 25.4026298523, 25.8902492523, 26.3546485901, 26.8422679901, 27.3298854828, 27.8058948517, 28.2819042206, 28.7695236206, 29.2571430206, 29.7331504822, 30.2091598511, 30.6967792511, 31.1843986511, 31.66040802, 32.1364173889],
