{
"metadata": {
    "version": {
        "essentia": "2.1-beta5",
        "essentia_git_sha": "Undefined",
        "extractor": "music 2.0"
    },
    "audio_properties": {
        "analysis": {
            "equal_loudness": 0,
            "length": 16.2423591614,
            "sample_rate": 44100,
            "start_time": 0,
            "downmix": "mix"
        },
        "bit_rate": 192000,
        "length": 175.136520386,
        "lossless": 0,
        "number_channels": 2,
        "replay_gain": -0.743803024292,
        "sample_rate": 48000,
        "codec": "mp3",
        "md5_encoded": "fc647e823aca00b98fed8ec21b754e0f"
    },
    "tags": {
        "file_name": "Spain_Europe_s Living A Celebration_Rosa.mp3",
        "encoding": ["Lavf58.29.100"]
    }
},
"lowlevel": {
    "average_loudness": 0.962583124638,
    "barkbands_crest": {
        "max": 24.1954936981,
        "mean": 8.70675373077,
        "min": 2.49652290344,
        "stdev": 4.17414712906
    },
    "barkbands_flatness_db": {
        "max": 0.238450184464,
        "mean": 0.131442710757,
        "min": 0.0542598441243,
        "stdev": 0.0243014581501
    },
    "barkbands_kurtosis": {
        "max": 22.6746273041,
        "mean": 0.225259304047,
        "min": -1.94610452652,
        "stdev": 1.99097836018
    },
    "barkbands_skewness": {
        "max": 4.77193307877,
        "mean": 0.679671764374,
        "min": -2.92243146896,
        "stdev": 0.741641998291
    },
    "barkbands_spread": {
        "max": 109.9739151,
        "mean": 37.1558609009,
        "min": 7.89237260818,
        "stdev": 17.9544219971
    },
    "dissonance": {
        "max": 0.499806195498,
        "mean": 0.475739061832,
        "min": 0.311686217785,
        "stdev": 0.0193302985281
    },
    "dynamic_complexity": 2.27294158936,
    "erbbands_crest": {
        "max": 21.4694805145,
        "mean": 7.47234678268,
        "min": 2.12082052231,
        "stdev": 3.29659819603
    },
    "erbbands_flatness_db": {
        "max": 0.260887086391,
        "mean": 0.161772698164,
        "min": 0.0975421443582,
        "stdev": 0.0331234149635
    },
    "erbbands_kurtosis": {
        "max": 13.3965816498,
        "mean": 0.0316559188068,
        "min": -1.5796995163,
        "stdev": 1.35013079643
    },
    "erbbands_skewness": {
        "max": 2.00203227997,
        "mean": 0.0944081321359,
        "min": -3.50345039368,
        "stdev": 0.758002877235
    },
    "erbbands_spread": {
        "max": 99.5776596069,
        "mean": 42.0635795593,
        "min": 13.5346603394,
        "stdev": 18.1978416443
    },
    "hfc": {
        "max": 428.208557129,
        "mean": 36.5428733826,
        "min": 1.23556285734e-16,
        "stdev": 34.4679946899
    },
    "loudness_ebu128": {
        "integrated": -23.1111946106,
        "loudness_range": 2.67163085938,
        "momentary": {
            "max": -18.7909393311,
            "mean": -23.5798912048,
            "min": -29.6375827789,
            "stdev": 2.07716703415
        },
        "short_term": {
            "max": -21.1332874298,
            "mean": -22.973815918,
            "min": -24.4440803528,
            "stdev": 1.00844204426
        }
    },
    "melbands_crest": {
        "max": 32.809135437,
        "mean": 12.8058309555,
        "min": 1.91659641266,
        "stdev": 6.12252283096
    },
    "melbands_flatness_db": {
        "max": 0.278032630682,
        "mean": 0.118066772819,
        "min": 0.00520111108199,
        "stdev": 0.0395130477846
    },
    "melbands_kurtosis": {
        "max": 117.289268494,
        "mean": 6.29502153397,
        "min": -1.77120530605,
        "stdev": 11.0807905197
    },
    "melbands_skewness": {
        "max": 9.97734355927,
        "mean": 1.89271223545,
        "min": -0.745485782623,
        "stdev": 1.37523651123
    },
    "melbands_spread": {
        "max": 215.811004639,
        "mean": 44.7426795959,
        "min": 5.10821008682,
        "stdev": 27.2206668854
    },
    "pitch_salience": {
        "max": 0.968041777611,
        "mean": 0.572807371616,
        "min": 0.15302528441,
        "stdev": 0.122546635568
    },
    "silence_rate_20dB": {
        "max": 1,
        "mean": 1,
        "min": 1,
        "stdev": 0
    },
    "silence_rate_30dB": {
        "max": 1,
        "mean": 1,
        "min": 1,
        "stdev": 0
    },
    "silence_rate_60dB": {
        "max": 1,
        "mean": 0.00713266758248,
        "min": 0,
        "stdev": 0.0841528475285
    },
    "spectral_centroid": {
        "max": 11068.75,
        "mean": 2126.55126953,
        "min": 929.481323242,
        "stdev": 703.095458984
    },
    "spectral_complexity": {
        "max": 52,
        "mean": 24.8017120361,
        "min": 0,
        "stdev": 9.46315288544
    },
    "spectral_decrease": {
        "max": -4.23074259482e-30,
        "mean": -5.23669418939e-09,
        "min": -1.75868226648e-08,
        "stdev": 3.00014413313e-09
    },
    "spectral_energy": {
        "max": 0.0763432458043,
        "mean": 0.0230790544301,
        "min": 1.12228933221e-20,
        "stdev": 0.0131093645468
    },
    "spectral_energyband_high": {
        "max": 0.0537913180888,
        "mean": 0.00281534995884,
        "min": 8.11578483704e-21,
        "stdev": 0.00425956165418
    },
    "spectral_energyband_low": {
        "max": 0.0278895795345,
        "mean": 0.00543137034401,
        "min": 8.03459691351e-23,
        "stdev": 0.00521986978129
    },
    "spectral_energyband_middle_high": {
        "max": 0.051915127784,
        "mean": 0.0084576420486,
        "min": 1.59593169887e-21,
        "stdev": 0.00843612570316
    },
    "spectral_energyband_middle_low": {
        "max": 0.056807782501,
        "mean": 0.00738093443215,
        "min": 3.47260836638e-22,
        "stdev": 0.00652543827891
    },
    "spectral_entropy": {
        "max": 9.80700302124,
        "mean": 8.05845451355,
        "min": 7.41777038574,
        "stdev": 0.250909417868
    },
    "spectral_flux": {
        "max": 0.247459024191,
        "mean": 0.0926441177726,
        "min": 1.05938161021e-10,
        "stdev": 0.0349740684032
    },
    "spectral_kurtosis": {
        "max": 11.127073288,
        "mean": 1.48891460896,
        "min": -1.22360813618,
        "stdev": 1.46839618683
    },
    "spectral_rms": {
        "max": 0.00863024964929,
        "mean": 0.00455156806856,
        "min": 3.30895228752e-12,
        "stdev": 0.00134139985312
    },
    "spectral_rolloff": {
        "max": 18906.1523438,
        "mean": 3156.47045898,
        "min": 64.599609375,
        "stdev": 2250.76269531
    },
    "spectral_skewness": {
        "max": 2.70299816132,
        "mean": 0.990562260151,
        "min": -0.138978421688,
        "stdev": 0.357221484184
    },
    "spectral_spread": {
        "max": 40762792,
        "mean": 5252546.5,
        "min": 2726378,
        "stdev": 1863115.125
    },
    "spectral_strongpeak": {
        "max": 19.1904735565,
        "mean": 1.03262257576,
        "min": 0,
        "stdev": 1.37829637527
    },
    "zerocrossingrate": {
        "max": 0.73828125,
        "mean": 0.10550288111,
        "min": 0.03369140625,
        "stdev": 0.0577333196998
    },
    "barkbands": {
        "max": [0.000865931739099, 0.0226532686502, 0.021202955395, 0.0185998007655, 0.0268664211035, 0.0197816658765, 0.0116418171674, 0.0080335624516, 0.0298103336245, 0.0334344655275, 0.00776968896389, 0.00442260270938, 0.00473883654922, 0.0171824432909, 0.016107192263, 0.00674946373329, 0.00354496645741, 0.00459415232763, 0.00398935377598, 0.0032124449499, 0.0034702452831, 0.00649449322373, 0.0241765100509, 0.0328791514039, 0.0049948063679, 7.12012635518e-08, 1.25445307475e-08],
        "mean": [8.72757154866e-05, 0.00366491964087, 0.0011178557761, 0.00101139512844, 0.00115283438936, 0.00106187735219, 0.000672511290759, 0.000409298896557, 0.00231005158275, 0.00289006344974, 0.000592537166085, 0.000466676690849, 0.000510689453222, 0.00106816703919, 0.000990783562884, 0.000689435109962, 0.000355656608008, 0.000488995225169, 0.000533190788701, 0.000420653581386, 0.000442864722572, 0.000498032080941, 0.000726748607121, 0.000709502259269, 0.000207038028748, 1.07281505901e-09, 8.83117023953e-10],
        "min": [8.08809146476e-24, 3.39800572747e-23, 4.12554311027e-23, 1.7794670705e-24, 4.28841701256e-23, 3.63403133259e-23, 7.72762589174e-23, 8.24242642106e-23, 1.01320278614e-22, 3.01077157958e-23, 1.48071388099e-22, 3.82205569826e-23, 6.33214483435e-23, 1.14570964565e-22, 1.22873315385e-22, 1.64910905231e-22, 2.23886373697e-22, 1.68870797648e-22, 4.00885379543e-22, 2.81934015521e-22, 4.27503338777e-22, 5.43268133882e-22, 8.81015408977e-22, 8.29597833828e-22, 1.38271943364e-21, 1.63935242063e-21, 2.55988185973e-21],
        "stdev": [0.000147617916809, 0.0047706188634, 0.00187044439372, 0.00187072530389, 0.00239846948534, 0.00163302640431, 0.00109308410902, 0.000767666497268, 0.00308572896756, 0.0047227665782, 0.000746163539588, 0.000679559947457, 0.000628793204669, 0.00168274983298, 0.00152186199557, 0.000964317528997, 0.000399553246098, 0.000523930531926, 0.00055781606352, 0.000448050530395, 0.000479801819893, 0.000622384890448, 0.00136329291854, 0.00186553795356, 0.000362065300578, 3.90735310773e-09, 1.18168919094e-09]
    },
    "erbbands": {
        "max": [0.653576433659, 6.16633462906, 17.6809082031, 45.9693489075, 117.842453003, 62.133895874, 119.084907532, 136.135253906, 146.193084717, 179.837677002, 272.388305664, 587.929260254, 1137.43261719, 1239.9395752, 299.5965271, 161.074661255, 260.452392578, 849.1875, 803.335327148, 507.273132324, 269.132110596, 200.88885498, 194.164901733, 224.801895142, 150.895187378, 174.913513184, 175.663360596, 119.657516479, 149.125534058, 573.926635742, 613.524291992, 966.75994873, 276.132232666, 98.16015625, 13.0544290543, 0.280823230743, 0.0162061173469, 0.00264304713346, 0.000693848531228, 0.000324886932503],
        "mean": [0.111729934812, 0.788527548313, 1.33002865314, 2.63462924957, 3.52682089806, 4.03307676315, 5.89673042297, 8.90402126312, 9.83348560333, 7.66381454468, 19.828704834, 55.6301612854, 73.4884414673, 63.7057380676, 23.4864902496, 19.2712554932, 25.9623451233, 34.8383026123, 58.9127120972, 58.1233062744, 28.1616191864, 20.3643074036, 25.5289573669, 28.9489402771, 23.7418651581, 19.6490802765, 18.1596679688, 18.1727600098, 16.8977031708, 21.1857299805, 20.4872055054, 18.0283699036, 9.30896663666, 3.71517777443, 0.700916349888, 0.0178844369948, 0.00094435934443, 0.00012348171731, 3.96699979319e-05, 3.76364041585e-05],
        "min": [6.56561080672e-22, 9.35817295859e-21, 4.300876158e-20, 2.70563815186e-20, 5.53993746253e-20, 1.23138694252e-19, 3.23856254162e-19, 3.32211450433e-19, 1.0959003675e-18, 9.37379785106e-19, 2.22720861472e-18, 2.93650089394e-18, 1.01893110811e-18, 1.69368425405e-18, 6.1665495757e-18, 2.13935169391e-18, 2.85129922289e-18, 4.95997099467e-18, 7.89492940356e-18, 5.83045492588e-18, 1.08527519118e-17, 1.23985018409e-17, 8.59656054274e-18, 1.44744613078e-17, 2.15751964073e-17, 1.2338089532e-17, 2.07885923125e-17, 1.48206694814e-17, 1.87409480651e-17, 2.07708608689e-17, 2.58020661764e-17, 2.07521301911e-17, 1.1642568776e-17, 1.27477499032e-17, 1.01698332524e-17, 5.92887163439e-18, 3.47358285502e-18, 1.36969901141e-18, 3.25335253097e-19, 3.83108474522e-20],
        "stdev": [0.167065128684, 1.04047429562, 1.99760758877, 4.30249834061, 7.90920257568, 8.17620563507, 9.69145107269, 13.6660470963, 15.4241094589, 13.1751966476, 31.9780044556, 75.9369888306, 108.440795898, 130.886566162, 32.7232818604, 21.5381565094, 31.7739677429, 59.0867233276, 82.9702148438, 74.8821105957, 37.5476455688, 22.327922821, 25.874753952, 29.9064311981, 24.179479599, 21.6956348419, 19.9442520142, 20.6197834015, 20.0647945404, 38.5928230286, 36.4996604919, 52.1156578064, 19.6734542847, 6.60351324081, 1.05136573315, 0.0261867064983, 0.00143844005652, 0.000198021924007, 4.97257788084e-05, 2.75312395388e-05]
    },
    "gfcc": {
        "mean": [18.0779132843, 77.8099822998, -151.642822266, 56.3512954712, -84.2421264648, 38.8314476013, -37.5945587158, 13.6991453171, -9.95325946808, -10.9123601913, -4.24087953568, -17.234046936, 6.10965633392],
        "cov": [[8008.99023438, 275.7371521, -456.318084717, 378.93951416, -382.501251221, 184.870178223, -353.923797607, 57.6589508057, -138.838577271, -33.0433998108, -83.3043899536, -82.4178009033, 49.5127105713], [275.7371521, 601.846862793, -286.5987854, -86.2887649536, 148.347503662, -38.4253311157, 97.4427642822, 32.6280403137, 59.2608528137, -58.3617134094, 28.1069202423, -77.6251373291, 27.8933391571], [-456.318084717, -286.5987854, 747.207397461, 314.345336914, -74.9610900879, 67.7492828369, -101.5573349, -10.2782239914, 25.499420166, 85.6324462891, -14.3707780838, 56.01587677, -64.8345413208], [378.93951416, -86.2887649536, 314.345336914, 261.553588867, -23.8371543884, 49.4905509949, -36.9694290161, 5.45586585999, 29.095117569, 41.3476409912, 11.5538654327, 30.7846813202, -13.1787023544], [-382.501251221, 148.347503662, -74.9610900879, -23.8371543884, 193.891937256, 37.1724853516, 96.614440918, 65.3314590454, 53.8844413757, -0.93342423439, 26.4829082489, -7.38272857666, 35.8276748657], [184.870178223, -38.4253311157, 67.7492828369, 49.4905509949, 37.1724853516, 123.026519775, 56.5564689636, 44.2968025208, 25.5164089203, 15.751783371, -0.180705934763, 12.479259491, 9.1169500351], [-353.923797607, 97.4427642822, -101.5573349, -36.9694290161, 96.614440918, 56.5564689636, 168.605682373, 66.6467590332, 49.3688011169, -5.89180660248, 25.1084938049, -4.69978046417, 33.3076438904], [57.6589508057, 32.6280403137, -10.2782239914, 5.45586585999, 65.3314590454, 44.2968025208, 66.6467590332, 126.553215027, 93.9894866943, 35.350933075, 22.5077075958, 15.8058662415, 32.1362342834], [-138.838577271, 59.2608528137, 25.499420166, 29.095117569, 53.8844413757, 25.5164089203, 49.3688011169, 93.9894866943, 162.785568237, 56.255771637, 50.3139343262, 32.9722251892, 39.5456809998], [-33.0433998108, -58.3617134094, 85.6324462891, 41.3476409912, -0.93342423439, 15.751783371, -5.89180660248, 35.350933075, 56.255771637, 91.2650527954, 48.8258247375, 41.9978981018, 16.6797866821], [-83.3043899536, 28.1069202423, -14.3707780838, 11.5538654327, 26.4829082489, -0.180705934763, 25.1084938049, 22.5077075958, 50.3139343262, 48.8258247375, 93.1330490112, 40.5702438354, 27.5341300964], [-82.4178009033, -77.6251373291, 56.01587677, 30.7846813202, -7.38272857666, 12.479259491, -4.69978046417, 15.8058662415, 32.9722251892, 41.9978981018, 40.5702438354, 75.7008895874, 37.8324279785], [49.5127105713, 27.8933391571, -64.8345413208, -13.1787023544, 35.8276748657, 9.1169500351, 33.3076438904, 32.1362342834, 39.5456809998, 16.6797866821, 27.5341300964, 37.8324279785, 71.9251937866]],
        "icov": [[0.00100817589555, -0.00120862864424, 0.00260196696036, -0.00376247894019, 0.00308487820439, -0.00389186386019, 0.00424961512908, -0.00339061394334, 0.00220318883657, -0.00061545020435, -0.000148591323523, 0.00186811632011, -0.00205995049328], [-0.00120862864424, 0.00483626173809, -0.00240232469514, 0.0038356941659, -0.0053066923283, 0.00570757547393, -0.00525708636269, 0.00481634167954, -0.00442935526371, 0.00245304242708, -0.001713211881, 0.00196498655714, 0.00118496629875], [0.00260196696036, -0.00240232469514, 0.0108343595639, -0.013534530066, 0.00719140656292, -0.0103570409119, 0.0114129874855, -0.00800498574972, 0.0047318697907, -0.00368307996541, 0.00198165769689, 0.0021624006331, -0.00119469768833], [-0.00376247894019, 0.0038356941659, -0.013534530066, 0.0227055009454, -0.0107919089496, 0.0121294474229, -0.0146391084418, 0.0127104073763, -0.008599024266, 0.00336654460989, -0.0016158435028, -0.00615274719894, 0.00580303510651], [0.00308487820439, -0.0053066923283, 0.00719140656292, -0.0107919089496, 0.0186165831983, -0.0131946206093, 0.0104993991554, -0.0127974869683, 0.00722438516095, -0.00112363439985, -0.00211696932092, 0.00747806346044, -0.00914016552269], [-0.00389186386019, 0.00570757547393, -0.0103570409119, 0.0121294474229, -0.0131946206093, 0.0281916633248, -0.0213485639542, 0.0106145963073, -0.00740770343691, 0.00116663472727, 0.00329365162179, -0.00859042536467, 0.00855485815555], [0.00424961512908, -0.00525708636269, 0.0114129874855, -0.0146391084418, 0.0104993991554, -0.0213485639542, 0.0300406366587, -0.0172522552311, 0.00871055386961, 0.000729647756089, -0.00438496982679, 0.0102402521297, -0.0106742689386], [-0.00339061394334, 0.00481634167954, -0.00800498574972, 0.0127104073763, -0.0127974869683, 0.0106145963073, -0.0172522552311, 0.0299288388342, -0.016037100926, -0.00198448146693, 0.00409453455359, -0.00527942785993, 0.00571285095066], [0.00220318883657, -0.00442935526371, 0.0047318697907, -0.008599024266, 0.00722438516095, -0.00740770343691, 0.00871055386961, -0.016037100926, 0.0194052308798, -0.0051256204024, -0.00244572688825, 0.00265752058476, -0.00657938141376], [-0.00061545020435, 0.00245304242708, -0.00368307996541, 0.00336654460989, -0.00112363439985, 0.00116663472727, 0.000729647756089, -0.00198448146693, -0.0051256204024, 0.0249819606543, -0.0109855998307, -0.00252404646017, 0.000287646747893], [-0.000148591323523, -0.001713211881, 0.00198165769689, -0.0016158435028, -0.00211696932092, 0.00329365162179, -0.00438496982679, 0.00409453455359, -0.00244572688825, -0.0109855998307, 0.0235481280833, -0.0122793335468, 0.00443172641098], [0.00186811632011, 0.00196498655714, 0.0021624006331, -0.00615274719894, 0.00747806346044, -0.00859042536467, 0.0102402521297, -0.00527942785993, 0.00265752058476, -0.00252404646017, -0.0122793335468, 0.0408037863672, -0.0238833129406], [-0.00205995049328, 0.00118496629875, -0.00119469768833, 0.00580303510651, -0.00914016552269, 0.00855485815555, -0.0106742689386, 0.00571285095066, -0.00657938141376, 0.000287646747893, 0.00443172641098, -0.0238833129406, 0.035124130547]]
    },
    "melbands": {
        "max": [0.00618010712788, 0.00654248706996, 0.00722398655489, 0.00690497644246, 0.00404552835971, 0.00322366063483, 0.00213449634612, 0.00161278294399, 0.00293401139788, 0.00372378854081, 0.00576023431495, 0.00536344293505, 0.00073580868775, 0.000609224312939, 0.000697711308021, 0.000534656515811, 0.001823632163, 0.00172676099464, 0.00131844193675, 0.00064367079176, 0.000266226328677, 0.000252913014265, 0.000202016482945, 0.000237978223595, 0.000188233840163, 0.00014502373233, 9.74111026153e-05, 0.000134630186949, 0.000123038262245, 5.6847842643e-05, 7.74782747612e-05, 7.58268724894e-05, 0.000188483216334, 0.000466598023195, 0.000413967907662, 0.000411340966821, 0.000599744555075, 0.000212061524508, 0.000128214029246, 6.78762226016e-05],
        "mean": [0.00101805571467, 0.000818303728011, 0.000475409324281, 0.000270198943326, 0.000201856018975, 0.000206023265491, 0.000142982054967, 7.48485326767e-05, 0.000222539805691, 0.000331358198309, 0.000377294141799, 0.000287066854071, 8.31559882499e-05, 4.71176135761e-05, 6.65657644277e-05, 4.02481527999e-05, 7.24423807696e-05, 0.000105210863694, 7.5806165114e-05, 6.59660290694e-05, 2.60340766545e-05, 1.94423537323e-05, 2.29347206187e-05, 2.44709299295e-05, 2.34485632973e-05, 1.94763433683e-05, 1.42447479448e-05, 1.28011733977e-05, 1.19909227578e-05, 9.37973436521e-06, 1.11123799797e-05, 9.34921808948e-06, 9.85227961792e-06, 1.264826642e-05, 1.24198604681e-05, 1.10090177259e-05, 1.06367915578e-05, 6.99083557265e-06, 4.35058927906e-06, 2.79625123767e-06],
        "min": [8.33848853785e-24, 1.83806184416e-23, 5.4333583708e-24, 6.86158315109e-24, 1.03269299897e-23, 7.0871082287e-24, 1.68155152502e-23, 1.03277504051e-23, 1.97115593173e-23, 1.63280086771e-23, 4.43721558526e-24, 5.40071491211e-24, 2.08761294281e-23, 6.17898338753e-24, 6.86364444464e-24, 6.67043189857e-24, 9.02552091084e-24, 1.32072015719e-23, 7.93168322422e-24, 8.27880884379e-24, 1.35507386632e-23, 1.25239423207e-23, 1.11518150171e-23, 6.23396107617e-24, 1.19717325873e-23, 1.47436178365e-23, 1.3334450358e-23, 7.31465357909e-24, 1.13805176264e-23, 1.43306396863e-23, 7.42810755448e-24, 1.05053135285e-23, 1.04330657025e-23, 1.2462031728e-23, 1.36946852681e-23, 1.66848088868e-23, 1.15552605721e-23, 9.14325287892e-24, 6.94071536622e-24, 1.18271832927e-23],
        "stdev": [0.00139304227196, 0.000951955560595, 0.000750150822569, 0.000578884326387, 0.000319978484185, 0.000304694083752, 0.000227469921811, 0.000124083846458, 0.000353494629962, 0.000445070589194, 0.000567810144275, 0.000598115788307, 0.000104040896986, 7.87903409218e-05, 8.08502227301e-05, 5.02908333146e-05, 0.000131569933728, 0.000157219794346, 0.0001166781949, 9.17788493098e-05, 3.70232482965e-05, 2.40700410359e-05, 2.68163912551e-05, 2.73490950349e-05, 2.55258455581e-05, 2.09971840377e-05, 1.40986376209e-05, 1.63475688169e-05, 1.39389785545e-05, 1.01141467894e-05, 1.33528801598e-05, 1.11790241135e-05, 1.43031793414e-05, 2.65504713752e-05, 2.17521283048e-05, 2.60728011199e-05, 3.22230989696e-05, 1.5241631445e-05, 8.78945502336e-06, 4.752240784e-06]
    },
    "melbands128": {
        "max": [0.000796362000983, 0.00554771348834, 0.0109380045906, 0.0126524707302, 0.00983677618206, 0.0111513547599, 0.010743746534, 0.0105843767524, 0.0141598777846, 0.00812420994043, 0.00449187727645, 0.00392765086144, 0.00430921465158, 0.00829922035336, 0.00383016397245, 0.00483685638756, 0.0029825931415, 0.0026045886334, 0.00207961490378, 0.00296286935918, 0.00073847384192, 0.00288582686335, 0.00471435813233, 0.00552837457508, 0.00582015002146, 0.00318086706102, 0.00606715958565, 0.0109742982313, 0.00868209451437, 0.00995524786413, 0.00571247329935, 0.00156640796922, 0.00134313921444, 0.00214043678716, 0.00124807201792, 0.000870689167641, 0.000614263117313, 0.00137468858156, 0.000816970597953, 0.00123124255333, 0.000433599227108, 0.000614377553575, 0.00189555587713, 0.00339058460668, 0.00251921173185, 0.00265552150086, 0.0015268191928, 0.00264471559785, 0.00170776504092, 0.00110714812763, 0.00121722300537, 0.00111618777737, 0.000517359178048, 0.000235704414081, 0.000507058226503, 0.000487717159558, 0.000420215452323, 0.000409470318118, 0.000257566658547, 0.000341810955433, 0.000401490047807, 0.000626447668765, 0.000264615897322, 0.000442868797109, 0.000393020309275, 0.000205905525945, 0.000270383723546, 0.000179775990546, 0.000118747717352, 0.000158724491484, 0.000244849099545, 0.000171947322087, 0.000204556286917, 0.000174480024725, 0.000125363309053, 7.6706361142e-05, 8.0288045865e-05, 9.65992730926e-05, 0.000110705615953, 0.000127550738398, 8.93251853995e-05, 9.29633533815e-05, 0.000119662880024, 0.000142914243042, 0.000311828131089, 0.000334913522238, 0.000663319777232, 0.000643447681796, 0.000423427933129, 0.000265218870481, 0.000218338114792, 0.000360010250006, 0.00113407801837, 0.000628114270512, 0.000295494042803, 0.000337208097335, 0.00017247723008, 0.000110627333925, 0.000140113043017, 0.000172642219695, 0.000119701857329, 5.39621578355e-05, 0.000134448477183, 2.3813901862e-05, 3.33599064106e-06, 1.06830402302e-08, 3.29874860761e-09, 1.5583087043e-09, 8.64369131826e-10, 5.24195187257e-10, 3.42348399629e-10, 2.30437280369e-10, 1.62492491684e-10, 1.15705368897e-10, 8.45216605039e-11, 6.56580276259e-11, 6.04924582648e-11, 5.87904031013e-11, 5.71565711427e-11, 5.56468864044e-11, 5.4124284915e-11, 5.29584397169e-11, 5.1852615951e-11, 5.12386869045e-11, 5.03646048478e-11, 4.93575076643e-11, 4.87566237384e-11, 4.84675841128e-11],
        "mean": [8.27929907246e-05, 0.000820683955681, 0.0015144093195, 0.00122397334781, 0.000729841296561, 0.000544534064829, 0.00055478233844, 0.000470953673357, 0.000339474907378, 0.000276167818811, 0.000220871705096, 0.000155847184942, 0.000164085344295, 0.000309347407892, 0.00021785563149, 0.000132481771288, 0.000181227311259, 0.000144785226439, 9.57238371484e-05, 8.95194461918e-05, 4.91483006044e-05, 7.48981037759e-05, 0.000176574118086, 0.000449980492704, 0.000486815522891, 0.000182380113984, 0.000230918391026, 0.000403403304517, 0.000513651699293, 0.000415778107708, 0.000167178674019, 0.000102285193861, 9.171392594e-05, 5.57902676519e-05, 5.59795189474e-05, 3.80296696676e-05, 4.34247776866e-05, 6.88028885634e-05, 8.42240915517e-05, 6.11600844422e-05, 1.94978911168e-05, 2.61467066593e-05, 4.75989945699e-05, 0.000104101061879, 0.000153232191224, 9.79544420261e-05, 6.23030282441e-05, 6.4596591983e-05, 8.78224891494e-05, 9.41139587667e-05, 6.32973169559e-05, 3.94864910049e-05, 2.72070737992e-05, 2.1609106625e-05, 1.81256418728e-05, 1.94081931113e-05, 1.76698176801e-05, 2.91523301712e-05, 2.04474272323e-05, 1.97548597498e-05, 2.70107830147e-05, 2.71369226539e-05, 2.00875801966e-05, 2.37479689531e-05, 2.67487557721e-05, 1.76807716343e-05, 1.70859548234e-05, 1.60692416102e-05, 1.27974653878e-05, 1.26123359223e-05, 1.34928968691e-05, 1.17153085739e-05, 1.35042873808e-05, 1.24818707263e-05, 1.03699885585e-05, 8.29960845294e-06, 9.60229954217e-06, 1.01353389255e-05, 1.21568155009e-05, 1.15333950816e-05, 8.48365743877e-06, 9.32397324505e-06, 8.70456551638e-06, 9.56058829615e-06, 1.0776403542e-05, 1.25519445646e-05, 1.29438267322e-05, 1.3871513147e-05, 1.38368386615e-05, 1.00054339782e-05, 9.48318484006e-06, 1.08241429189e-05, 1.44531977639e-05, 1.06876923383e-05, 8.9934828793e-06, 7.2439665928e-06, 7.07415347279e-06, 5.83755763728e-06, 4.33195464211e-06, 3.68300356968e-06, 2.95211111734e-06, 2.59880084741e-06, 2.74233070741e-06, 1.72245836438e-06, 2.4631560791e-07, 4.57370696871e-10, 2.8861139173e-11, 1.13921797343e-11, 8.62579885991e-12, 7.25254621983e-12, 6.44271311648e-12, 5.86970055894e-12, 5.43773359674e-12, 5.05443690374e-12, 4.78333605364e-12, 4.58239132403e-12, 4.38610779641e-12, 4.25202147797e-12, 4.14008020574e-12, 3.99380398544e-12, 3.87223629897e-12, 3.7882717796e-12, 3.72753434022e-12, 3.62463422991e-12, 3.37697621602e-12, 2.9923901898e-12, 2.77958125267e-12, 2.73544121382e-12],
        "min": [3.90347860768e-24, 3.79181968528e-24, 1.06059429922e-23, 1.62099856193e-23, 2.27927837488e-23, 1.88193308122e-23, 5.16457452773e-24, 7.06326333012e-25, 5.65938910825e-24, 9.04566368519e-24, 5.16644018377e-24, 9.75630982052e-24, 1.3720241206e-23, 6.98952850131e-24, 9.80881166921e-24, 3.28990792041e-24, 1.01540045796e-23, 2.79216402324e-23, 1.4049040009e-23, 8.22112260123e-24, 7.7475638778e-24, 1.39024160102e-23, 2.54857655526e-23, 1.66150278288e-23, 3.02241201109e-23, 7.98611778212e-24, 3.58381639166e-24, 3.33237723332e-24, 7.50994556251e-24, 3.34719914086e-24, 5.89085233633e-24, 6.76525219051e-24, 2.93338558695e-23, 2.76882604668e-23, 2.75137387966e-24, 2.08485327071e-24, 5.21130152016e-24, 9.05623442132e-24, 6.30338280798e-24, 4.7539949091e-24, 6.07581773606e-24, 1.14529957998e-23, 8.47153939584e-24, 8.03698037785e-24, 9.41193022577e-24, 1.86492318907e-23, 1.20625107559e-23, 4.71826305997e-24, 9.33631554142e-24, 6.76755093119e-24, 5.61900771294e-24, 1.18725041406e-23, 1.66824675476e-23, 1.14543195084e-23, 1.25712842302e-23, 1.17678522752e-23, 1.38053293209e-23, 1.30923544682e-23, 1.2951347948e-23, 3.09769367781e-24, 5.70188662294e-24, 5.79694830632e-24, 1.18863541715e-23, 1.46049991983e-23, 1.34453720899e-23, 8.4446629048e-24, 2.00014877881e-23, 2.23534891988e-23, 9.19283199795e-24, 6.24139293475e-24, 4.37074182665e-24, 8.84864172981e-24, 1.36900057452e-23, 6.17415240334e-24, 1.62052303658e-23, 2.26177055372e-23, 8.16449106571e-24, 5.40428253556e-24, 4.49712326013e-24, 1.40974713354e-23, 9.00783859365e-24, 1.10281003279e-23, 1.07414614071e-23, 1.1260025434e-23, 8.84011887659e-24, 1.04413503197e-23, 1.72643834161e-23, 8.61155195133e-24, 1.34126943157e-23, 1.45134156026e-23, 2.23101444475e-23, 1.3742739519e-23, 1.61670621197e-23, 6.8757723922e-24, 1.21837216006e-23, 1.57855705637e-23, 5.70634842022e-24, 5.71681266013e-24, 3.88732391963e-24, 8.27628212231e-24, 1.44328807928e-23, 1.02439717992e-23, 1.3324111547e-23, 1.0038424624e-23, 1.04000455627e-23, 1.14977100136e-23, 1.68177209052e-23, 8.07813288469e-24, 1.15321067157e-23, 6.75561231025e-24, 1.14612165193e-23, 1.04687932129e-23, 1.48759650306e-23, 7.85116892479e-24, 1.06193181288e-23, 1.14765787965e-23, 1.0555797471e-23, 1.17215997826e-23, 8.66297148285e-24, 1.10963020863e-23, 9.72344035319e-24, 8.89796446905e-24, 1.1148548344e-23, 1.08672579002e-23, 1.22196005723e-23, 1.2983941314e-23, 1.13535149176e-23, 9.98741530018e-24],
        "stdev": [0.000144763063872, 0.00136304681655, 0.00227044918574, 0.00171957199927, 0.00121140305419, 0.000900307728443, 0.000991650507785, 0.000889235292561, 0.0009145650547, 0.000703088997398, 0.000496358377859, 0.000308935821522, 0.000328090332914, 0.000551964330953, 0.000378083059331, 0.000329511996824, 0.000305837631458, 0.000278454041108, 0.000207831137232, 0.000208249286516, 7.85453812568e-05, 0.000188035439351, 0.000429074163549, 0.00076461781282, 0.000814029132016, 0.000326594832586, 0.000558962521609, 0.000860713596921, 0.000910499074962, 0.00116818002425, 0.0004949560971, 0.000150959487655, 0.0001444114896, 0.00016069044068, 0.000157057264005, 7.47737503843e-05, 6.18421545369e-05, 0.000129731255583, 0.000122322177049, 0.000114536116598, 3.53051073034e-05, 5.03151095472e-05, 0.000134818823426, 0.000250249664532, 0.000280692038359, 0.000212003549677, 0.000159501767484, 0.000161911186296, 0.00017035350902, 0.000150177191244, 0.000125531631056, 0.000106146799226, 5.11428734171e-05, 2.95296158583e-05, 3.46001434082e-05, 3.35839577019e-05, 2.7046442483e-05, 4.45716177637e-05, 2.88284009002e-05, 2.91763881251e-05, 3.81130048481e-05, 4.52380299976e-05, 3.0915321986e-05, 3.80995261366e-05, 3.58054858225e-05, 2.48168598773e-05, 2.8354657843e-05, 2.10423622775e-05, 1.61197658599e-05, 1.65158980963e-05, 2.32947568293e-05, 1.81973409781e-05, 2.04932748602e-05, 1.7428494175e-05, 1.45626308949e-05, 1.04221608126e-05, 1.18757279779e-05, 1.46059810504e-05, 1.59301071108e-05, 1.68072729139e-05, 1.12734205686e-05, 1.2012431398e-05, 1.24683519971e-05, 1.50593723447e-05, 1.95587163034e-05, 2.57476694969e-05, 3.29156100634e-05, 3.09725292027e-05, 2.22575872613e-05, 1.82769254025e-05, 1.75700806722e-05, 2.6231056836e-05, 5.60935877729e-05, 3.33765092364e-05, 2.30040532188e-05, 1.96497258003e-05, 1.49049383253e-05, 1.08364019979e-05, 9.31185695663e-06, 9.22391791391e-06, 6.00140492679e-06, 4.3765285227e-06, 6.58613043925e-06, 2.5001540962e-06, 3.8960126858e-07, 8.37397651221e-10, 1.78426953767e-10, 8.30627996939e-11, 4.63465620049e-11, 2.85446354054e-11, 1.93041693741e-11, 1.37900480965e-11, 1.06597534619e-11, 8.64016410501e-12, 7.40306340535e-12, 6.71319206821e-12, 6.15829999842e-12, 5.7723765004e-12, 5.50545503283e-12, 5.26136469461e-12, 5.07986664885e-12, 4.9366405061e-12, 4.82390559789e-12, 4.72642714897e-12, 4.63879195473e-12, 4.57482662863e-12, 4.53122955824e-12, 4.50363661295e-12]
    },
    "mfcc": {
        "mean": [-593.870178223, 75.7205352783, 1.15737974644, 7.98324680328, -1.02284824848, 6.75538015366, -0.619688332081, 11.1251850128, 4.09477615356, 12.0938224792, -0.659165978432, -6.21861505508, -6.16384506226],
        "cov": [[3803.69067383, -60.5058479309, 31.2726345062, 84.5812530518, 87.3086166382, -11.0682382584, -31.8693637848, -52.2525558472, 4.63532829285, 9.9362821579, -86.0980377197, -105.97164917, -55.4413108826], [-60.5058479309, 572.486816406, -367.699401855, -39.3502731323, 0.264108389616, -40.0082550049, 51.7963562012, 54.5296325684, 37.7475395203, 75.2416763306, 21.3453464508, -50.6951408386, -18.2710151672], [31.2726345062, -367.699401855, 740.905944824, 190.732009888, 98.8137512207, 90.9135818481, -85.7460021973, -46.1302528381, -36.355304718, -32.936832428, 28.0936107635, 79.3955383301, 34.1525306702], [84.5812530518, -39.3502731323, 190.732009888, 164.003540039, 63.8999710083, 26.7883491516, -15.9094457626, -3.67227911949, -2.99065113068, 12.7989521027, 7.20346450806, 25.8823776245, 31.736574173], [87.3086166382, 0.264108389616, 98.8137512207, 63.8999710083, 127.104110718, 21.8627471924, -8.69461250305, 16.9677276611, 22.3920040131, 32.2888298035, 13.4208555222, 11.9547710419, 27.8781890869], [-11.0682382584, -40.0082550049, 90.9135818481, 26.7883491516, 21.8627471924, 92.8544158936, 36.087097168, 18.5369262695, 11.2291460037, -1.15560734272, -2.40304541588, 11.3607931137, 14.1843919754], [-31.8693637848, 51.7963562012, -85.7460021973, -15.9094457626, -8.69461250305, 36.087097168, 120.455047607, 42.0478935242, 19.7513637543, 15.9244089127, -7.7842502594, -4.33691978455, 5.21168804169], [-52.2525558472, 54.5296325684, -46.1302528381, -3.67227911949, 16.9677276611, 18.5369262695, 42.0478935242, 101.16129303, 68.4227676392, 47.5390281677, 14.9101924896, 8.65587806702, 13.9097671509], [4.63532829285, 37.7475395203, -36.355304718, -2.99065113068, 22.3920040131, 11.2291460037, 19.7513637543, 68.4227676392, 106.263824463, 56.6281700134, 17.7727394104, 4.37240409851, 10.9815301895], [9.9362821579, 75.2416763306, -32.936832428, 12.7989521027, 32.2888298035, -1.15560734272, 15.9244089127, 47.5390281677, 56.6281700134, 99.1121749878, 43.12915802, 12.3721237183, 13.0043106079], [-86.0980377197, 21.3453464508, 28.0936107635, 7.20346450806, 13.4208555222, -2.40304541588, -7.7842502594, 14.9101924896, 17.7727394104, 43.12915802, 72.4388198853, 29.8644104004, 7.83369493484], [-105.97164917, -50.6951408386, 79.3955383301, 25.8823776245, 11.9547710419, 11.3607931137, -4.33691978455, 8.65587806702, 4.37240409851, 12.3721237183, 29.8644104004, 70.1864318848, 39.6438026428], [-55.4413108826, -18.2710151672, 34.1525306702, 31.736574173, 27.8781890869, 14.1843919754, 5.21168804169, 13.9097671509, 10.9815301895, 13.0043106079, 7.83369493484, 39.6438026428, 75.0718612671]],
        "icov": [[0.000296653015539, 9.21205501072e-05, 4.83534749947e-05, -0.000188070043805, -0.000200239679543, 2.27271775657e-05, 2.79900214082e-05, 0.00021728296997, -8.60410000314e-05, -0.000266500952421, 0.000339718448231, 0.000348363682861, 0.000166211437318], [9.21205501072e-05, 0.00321894465014, 0.00182491110172, -0.00129614560865, -0.000627241155598, -0.000129127103719, 1.40891579576e-05, -0.000758319103625, 0.000880275212694, -0.00129888998345, -0.00130352994893, 0.00164137396496, 0.000331531104166], [4.83534749947e-05, 0.00182491110172, 0.00406141579151, -0.00315680122003, -0.00131191022228, -0.00292250211351, 0.00203448277898, 0.000123932608403, 0.000555236358196, 0.000654321745969, -0.00138634012546, -0.0017663850449, 0.00172478554305], [-0.000188070043805, -0.00129614560865, -0.00315680122003, 0.0110738547519, -0.00239875679836, 0.000339670717949, -0.000387928914279, 0.000424006546382, 0.000883547530975, -0.00176741974428, 0.00194497336634, -0.000512839877047, -0.00267993030138], [-0.000200239679543, -0.000627241155598, -0.00131191022228, -0.00239875679836, 0.0120046297088, -0.00116967118811, 0.00112694804557, -0.000610769144259, -0.000710887892637, -0.0028240242973, -0.000124302358017, 0.00254903524183, -0.00363160017878], [2.27271775657e-05, -0.000129127103719, -0.00292250211351, 0.000339670717949, -0.00116967118811, 0.0169363245368, -0.00658575911075, -0.00131055770908, -0.00149516970851, 0.00208051363006, 0.000521159206983, 0.00064810551703, -0.00143264653161], [2.79900214082e-05, 1.40891579576e-05, 0.00203448277898, -0.000387928914279, 0.00112694804557, -0.00658575911075, 0.0132963592187, -0.00449144421145, 0.00217578164302, -0.00173167919274, 0.00191687990446, -0.000538057356607, 6.33323579677e-05], [0.00021728296997, -0.000758319103625, 0.000123932608403, 0.000424006546382, -0.000610769144259, -0.00131055770908, -0.00449144421145, 0.021484343335, -0.0110608814284, -0.00252013327554, 0.000661072786897, -0.00206008716486, -0.000380788580514], [-8.60410000314e-05, 0.000880275212694, 0.000555236358196, 0.000883547530975, -0.000710887892637, -0.00149516970851, 0.00217578164302, -0.0110608814284, 0.0201437640935, -0.00742139155045, 0.000892008945812, 0.00137631339021, -0.000511488236953], [-0.000266500952421, -0.00129888998345, 0.000654321745969, -0.00176741974428, -0.0028240242973, 0.00208051363006, -0.00173167919274, -0.00252013327554, -0.00742139155045, 0.0231229886413, -0.0111639425159, 0.00054263783386, -0.000862139102537], [0.000339718448231, -0.00130352994893, -0.00138634012546, 0.00194497336634, -0.000124302358017, 0.000521159206983, 0.00191687990446, 0.000661072786897, 0.000892008945812, -0.0111639425159, 0.0255565531552, -0.0110564911738, 0.00440948363394], [0.000348363682861, 0.00164137396496, -0.0017663850449, -0.000512839877047, 0.00254903524183, 0.00064810551703, -0.000538057356607, -0.00206008716486, 0.00137631339021, 0.00054263783386, -0.0110564911738, 0.0303345378488, -0.0141334487125], [0.000166211437318, 0.000331531104166, 0.00172478554305, -0.00267993030138, -0.00363160017878, -0.00143264653161, 6.33323579677e-05, -0.000380788580514, -0.000511488236953, -0.000862139102537, 0.00440948363394, -0.0141334487125, 0.0227853450924]]
    },
    "spectral_contrast_coeffs": {
        "max": [-0.509658813477, -0.511507809162, -0.531983852386, -0.637927770615, -0.664904117584, -0.615539968014],
        "mean": [-0.742098271847, -0.765495359898, -0.743585467339, -0.780423223972, -0.792950212955, -0.768859803677],
        "min": [-0.977489352226, -0.981176316738, -0.964691460133, -0.961426258087, -0.963461577892, -0.963267922401],
        "stdev": [0.065454415977, 0.0692489147186, 0.0671852752566, 0.0578517615795, 0.0348737500608, 0.0280590951443]
    },
    "spectral_contrast_valleys": {
        "max": [-5.62288093567, -5.07245349884, -5.97122192383, -5.94441604614, -5.8907957077, -7.05516290665],
        "mean": [-6.91397333145, -6.64190196991, -7.07318305969, -7.16517162323, -7.01173496246, -9.0819606781],
        "min": [-27.8591842651, -27.5313453674, -26.8009681702, -27.3425731659, -27.1647815704, -27.1538543701],
        "stdev": [1.18211054802, 1.09042429924, 1.06345307827, 1.04453802109, 1.04442286491, 1.10924494267]
    }
},
"rhythm": {
    "beats_count": 35,
    "beats_loudness": {
        "max": 0.0628204643726,
        "mean": 0.0241629164666,
        "min": 0.00475585088134,
        "stdev": 0.0117330523208
    },
    "bpm": 134.965927124,
    "bpm_histogram_first_peak_bpm": 136,
    "bpm_histogram_first_peak_weight": 0.296296298504,
    "bpm_histogram_second_peak_bpm": 129,
    "bpm_histogram_second_peak_spread": 0,
    "bpm_histogram_second_peak_weight": 0.117647059262,
    "danceability": 1.12781822681,
    "onset_rate": 3.69140601158,
    "beats_loudness_band_ratio": {
        "max": [0.633117616177, 0.35648727417, 0.453089177608, 0.539964616299, 0.468879073858, 0.864829838276],
        "mean": [0.184493616223, 0.0840976014733, 0.199100643396, 0.207050442696, 0.146366298199, 0.21718865633],
        "min": [0.0176238901913, 0.00562790920958, 0.0238103680313, 0.0328212045133, 0.0321428626776, 0.0452622883022],
        "stdev": [0.139047652483, 0.0713239237666, 0.12692604959, 0.137039631605, 0.0850913599133, 0.150193855166]
    },
    "beats_position": [0.476009070873, 0.96362811327, 1.46285712719, 1.95047616959, 2.41487526894, 2.87927436829, 3.34367346764, 3.80807256699, 4.2492518425, 4.69043064117, 5.13160991669, 5.58439922333, 6.03718805313, 6.47836732864, 6.91954612732, 7.36072540283, 7.80190467834, 8.24308395386, 8.68426322937, 9.12544155121, 9.57823085785, 10.0194101334, 10.47219944, 10.9133787155, 11.354557991, 11.7957363129, 12.2369155884, 12.689704895, 13.1424942017, 13.5836734772, 14.0248527527, 14.4660310745, 14.90721035, 15.3599996567, 15.8127889633],
