{
"metadata": {
    "version": {
        "essentia": "2.1-beta5",
        "essentia_git_sha": "Undefined",
        "extractor": "music 2.0"
    },
    "audio_properties": {
        "analysis": {
            "equal_loudness": 0,
            "length": 35.9909286499,
            "sample_rate": 44100,
            "start_time": 126.490699768,
            "downmix": "mix"
        },
        "bit_rate": 192000,
        "length": 194.409088135,
        "lossless": 0,
        "number_channels": 2,
        "replay_gain": 3.46079063416,
        "sample_rate": 48000,
        "codec": "mp3",
        "md5_encoded": "e1f9f0405986c95818f9655a6132a465"
    },
    "tags": {
        "file_name": "Italy_Non So Che Darei_Alan Sorrenti.mp3",
        "encoding": ["Lavf58.29.100"]
    }
},
"lowlevel": {
    "average_loudness": 0.979790210724,
    "barkbands_crest": {
        "max": 24.0269985199,
        "mean": 9.72407150269,
        "min": 3.16843533516,
        "stdev": 3.7807636261
    },
    "barkbands_flatness_db": {
        "max": 0.284427762032,
        "mean": 0.152777701616,
        "min": 0.0705369785428,
        "stdev": 0.0311403479427
    },
    "barkbands_kurtosis": {
        "max": 29.8481826782,
        "mean": 1.6398049593,
        "min": -1.76817154884,
        "stdev": 3.19657158852
    },
    "barkbands_skewness": {
        "max": 5.00754833221,
        "mean": 1.140578866,
        "min": -0.949462294579,
        "stdev": 0.797593355179
    },
    "barkbands_spread": {
        "max": 54.5721359253,
        "mean": 18.2806110382,
        "min": 2.61498308182,
        "stdev": 7.99176931381
    },
    "dissonance": {
        "max": 0.499998986721,
        "mean": 0.462358415127,
        "min": 0.344629049301,
        "stdev": 0.0248818378896
    },
    "dynamic_complexity": 1.4982227087,
    "erbbands_crest": {
        "max": 27.7008590698,
        "mean": 9.67304515839,
        "min": 2.786267519,
        "stdev": 4.40161561966
    },
    "erbbands_flatness_db": {
        "max": 0.319689363241,
        "mean": 0.198062047362,
        "min": 0.104418128729,
        "stdev": 0.0402471907437
    },
    "erbbands_kurtosis": {
        "max": 17.6762695312,
        "mean": 0.0374850071967,
        "min": -1.80068230629,
        "stdev": 1.64133667946
    },
    "erbbands_skewness": {
        "max": 2.92313432693,
        "mean": 0.225425869226,
        "min": -2.11658477783,
        "stdev": 0.644948422909
    },
    "erbbands_spread": {
        "max": 92.5935058594,
        "mean": 31.5922260284,
        "min": 4.14887809753,
        "stdev": 13.610701561
    },
    "hfc": {
        "max": 65.5372543335,
        "mean": 25.4852161407,
        "min": 4.23884487152,
        "stdev": 11.8027172089
    },
    "loudness_ebu128": {
        "integrated": -26.5744056702,
        "loudness_range": 1.74990463257,
        "momentary": {
            "max": -24.8723125458,
            "mean": -26.6656837463,
            "min": -29.4654350281,
            "stdev": 0.907367944717
        },
        "short_term": {
            "max": -25.8362998962,
            "mean": -26.5689468384,
            "min": -27.9705638885,
            "stdev": 0.60741430521
        }
    },
    "melbands_crest": {
        "max": 28.9607429504,
        "mean": 12.9029970169,
        "min": 4.68499088287,
        "stdev": 4.68556880951
    },
    "melbands_flatness_db": {
        "max": 0.342652440071,
        "mean": 0.18360543251,
        "min": 0.0585200786591,
        "stdev": 0.0383914783597
    },
    "melbands_kurtosis": {
        "max": 73.5074386597,
        "mean": 5.88797807693,
        "min": -1.55515062809,
        "stdev": 7.49286603928
    },
    "melbands_skewness": {
        "max": 7.57202720642,
        "mean": 1.86233997345,
        "min": -1.03125476837,
        "stdev": 1.09897756577
    },
    "melbands_spread": {
        "max": 69.9770507812,
        "mean": 23.0627174377,
        "min": 2.79107308388,
        "stdev": 10.4753036499
    },
    "pitch_salience": {
        "max": 0.79986590147,
        "mean": 0.555734217167,
        "min": 0.217310324311,
        "stdev": 0.0868848338723
    },
    "silence_rate_20dB": {
        "max": 1,
        "mean": 1,
        "min": 1,
        "stdev": 0
    },
    "silence_rate_30dB": {
        "max": 1,
        "mean": 1,
        "min": 1,
        "stdev": 0
    },
    "silence_rate_60dB": {
        "max": 0,
        "mean": 0,
        "min": 0,
        "stdev": 0
    },
    "spectral_centroid": {
        "max": 2947.78125,
        "mean": 1256.61621094,
        "min": 338.227630615,
        "stdev": 387.415222168
    },
    "spectral_complexity": {
        "max": 47,
        "mean": 23.1437778473,
        "min": 9,
        "stdev": 5.08451604843
    },
    "spectral_decrease": {
        "max": -1.38777611625e-09,
        "mean": -7.61542828798e-09,
        "min": -2.22135341232e-08,
        "stdev": 3.57811291707e-09
    },
    "spectral_energy": {
        "max": 0.0874473974109,
        "mean": 0.0310539454222,
        "min": 0.0059216665104,
        "stdev": 0.0142321810126
    },
    "spectral_energyband_high": {
        "max": 0.00647719902918,
        "mean": 0.000508536701091,
        "min": 1.24767302623e-05,
        "stdev": 0.000726472353563
    },
    "spectral_energyband_low": {
        "max": 0.0523593574762,
        "mean": 0.00408846372738,
        "min": 2.61149107246e-05,
        "stdev": 0.00664123473689
    },
    "spectral_energyband_middle_high": {
        "max": 0.0519218891859,
        "mean": 0.0100837396458,
        "min": 0.000821487396024,
        "stdev": 0.00796065386385
    },
    "spectral_energyband_middle_low": {
        "max": 0.0716693028808,
        "mean": 0.0181240364909,
        "min": 0.0018950086087,
        "stdev": 0.0118310563266
    },
    "spectral_entropy": {
        "max": 8.29004669189,
        "mean": 7.41756391525,
        "min": 6.31921815872,
        "stdev": 0.293862104416
    },
    "spectral_flux": {
        "max": 0.271027624607,
        "mean": 0.0913743153214,
        "min": 0.0322320461273,
        "stdev": 0.0371616370976
    },
    "spectral_kurtosis": {
        "max": 23.1905136108,
        "mean": 5.46663999557,
        "min": -0.210559844971,
        "stdev": 2.85077190399
    },
    "spectral_rms": {
        "max": 0.00923658628017,
        "mean": 0.00536402594298,
        "min": 0.00240358803421,
        "stdev": 0.00123439566232
    },
    "spectral_rolloff": {
        "max": 5835.49804688,
        "mean": 1512.05749512,
        "min": 172.265625,
        "stdev": 737.248291016
    },
    "spectral_skewness": {
        "max": 3.74169421196,
        "mean": 1.61848449707,
        "min": 0.184513345361,
        "stdev": 0.369167357683
    },
    "spectral_spread": {
        "max": 7236252,
        "mean": 3562700.25,
        "min": 2037093.375,
        "stdev": 1010022.25
    },
    "spectral_strongpeak": {
        "max": 9.6315202713,
        "mean": 1.62431442738,
        "min": 0.0488931685686,
        "stdev": 1.46118474007
    },
    "zerocrossingrate": {
        "max": 0.134765625,
        "mean": 0.0549525767565,
        "min": 0.01416015625,
        "stdev": 0.0163708850741
    },
    "barkbands": {
        "max": [0.000155869420269, 0.0212459396571, 0.0287713482976, 0.0553344339132, 0.05643177405, 0.0524233877659, 0.0537305250764, 0.0489584095776, 0.0300394129008, 0.0439574122429, 0.0190210267901, 0.0370330400765, 0.0149730909616, 0.0164673514664, 0.0082944072783, 0.00862510409206, 0.0105021996424, 0.00552835408598, 0.00258042104542, 0.00225583580323, 0.00291625061072, 0.00244040647522, 0.00188414310105, 0.0012817545794, 0.000737569818739, 0.000499846297316, 3.82640837415e-06],
        "mean": [6.18939429842e-06, 0.000998037518002, 0.00148232013453, 0.00265696761198, 0.00375932175666, 0.00361028173938, 0.00517381541431, 0.00152630137745, 0.00107886677142, 0.00288284057751, 0.000931466580369, 0.00142592389602, 0.000856782018673, 0.000880297680851, 0.000618198595475, 0.000948402972426, 0.000857869395986, 0.000475979031762, 0.000263572495896, 0.000195345448446, 0.00015548148076, 0.000114068992843, 6.51694354019e-05, 5.03362171003e-05, 3.18616039294e-05, 8.27151689009e-06, 6.25009510813e-09],
        "min": [1.0183304866e-08, 5.0624890946e-07, 2.32787692767e-06, 3.9162991925e-06, 2.15554518945e-05, 7.45837314753e-06, 4.15528920712e-05, 1.28503452288e-05, 1.24190810311e-05, 4.41173469881e-05, 4.67118115921e-06, 8.65279707796e-06, 1.05785265987e-05, 1.49738143591e-05, 1.89809707081e-05, 3.54005715053e-05, 1.7467969883e-05, 2.09138415812e-05, 1.14204967758e-05, 8.52603079693e-06, 2.86843510366e-06, 1.7421227767e-06, 8.15764224171e-07, 7.87317446793e-07, 4.74063170941e-07, 2.56482959315e-08, 3.11614040127e-10],
        "stdev": [1.46298680193e-05, 0.00246031046845, 0.0025845488999, 0.00603858334944, 0.0044039809145, 0.00524168927222, 0.00670937402174, 0.00399385299534, 0.00209987373091, 0.00463407952338, 0.00206517288461, 0.00329801230691, 0.0015301622916, 0.0014491599286, 0.000805555784609, 0.000914798583835, 0.00106121017598, 0.000552955665626, 0.000229013821809, 0.000197978501092, 0.000217494452954, 0.00022041714692, 0.000157610047609, 0.000107046449557, 5.80151499889e-05, 2.70686632575e-05, 9.79161143277e-08]
    },
    "erbbands": {
        "max": [0.422165960073, 5.32930040359, 24.8993911743, 124.078330994, 98.3163528442, 263.527435303, 309.144470215, 631.744506836, 882.977722168, 737.030334473, 1346.21386719, 484.534240723, 1125.06433105, 1673.58679199, 949.21081543, 1590.50183105, 585.380859375, 699.312133789, 533.122253418, 326.349945068, 586.212280273, 722.298034668, 374.727386475, 201.001174927, 76.1510543823, 121.38924408, 90.1912918091, 126.753753662, 98.3447418213, 85.7823410034, 52.3581695557, 35.8940353394, 13.1874914169, 7.7747335434, 6.58245420456, 3.52380681038, 0.306449323893, 0.00778171466663, 0.000557654420845, 0.00010233046487],
        "mean": [0.0168782863766, 0.278069257736, 1.38427305222, 6.44398260117, 9.10221481323, 14.0143432617, 15.850233078, 36.6672897339, 78.4649353027, 44.4903831482, 35.8132781982, 22.8779296875, 53.8433532715, 95.4349822998, 36.9986000061, 56.0391426086, 45.4567985535, 39.4625701904, 40.7421989441, 36.8144073486, 54.430934906, 48.6350402832, 32.0303115845, 16.2729320526, 12.4841775894, 9.57986545563, 6.18518209457, 6.08669424057, 4.32176017761, 2.84420394897, 1.70128393173, 1.22636830807, 0.713438570499, 0.413325071335, 0.201651513577, 0.0712895840406, 0.00630108779296, 0.000166304875165, 2.66057668341e-05, 3.82281796192e-05],
        "min": [1.83056454262e-05, 0.000510946323629, 0.00738034164533, 0.0397069379687, 0.0688583180308, 0.095059864223, 0.411323368549, 0.452196657658, 0.989028573036, 0.769950330257, 0.422952651978, 0.666393458843, 1.19296228886, 0.990535676479, 0.709345221519, 1.00237941742, 0.900689482689, 0.965029716492, 1.5997467041, 1.74722325802, 2.6467359066, 1.50779414177, 0.93530112505, 0.721545755863, 0.658334851265, 0.489990234375, 0.153015270829, 0.109237484634, 0.0615837052464, 0.0450796112418, 0.0207967422903, 0.0182728562504, 0.00823371857405, 0.00480509363115, 0.0036870574113, 0.000336860684911, 3.32925083057e-05, 6.03094349572e-06, 4.56871885035e-06, 7.59106978876e-06],
        "stdev": [0.0403861105442, 0.656063735485, 2.32973003387, 13.880730629, 11.3386659622, 19.9238471985, 22.1665878296, 53.3743133545, 99.3184661865, 65.9779663086, 105.345176697, 34.6375999451, 93.487197876, 174.355499268, 68.5256576538, 126.242576599, 72.7570419312, 61.5202941895, 55.361869812, 37.6494522095, 55.3612518311, 61.7702865601, 34.7694625854, 14.5220251083, 10.7064189911, 9.75263404846, 7.05249118805, 9.76285076141, 8.1285200119, 6.22113084793, 4.30159521103, 2.95942234993, 1.31087768078, 0.697349905968, 0.434252768755, 0.200762808323, 0.023759316653, 0.000561733439099, 2.88708706648e-05, 1.72395484697e-05]
    },
    "gfcc": {
        "mean": [11.4684343338, 115.754493713, -156.131515503, 28.7938518524, -69.2835693359, 3.57167410851, -51.4087486267, 2.65551710129, -25.0904903412, -7.67236089706, -11.522277832, -6.91313505173, -0.201866179705],
        "cov": [[1022.05847168, -524.024597168, 267.268432617, 164.139160156, -141.528671265, 216.03062439, -34.3174285889, 74.1517944336, -128.085479736, 115.717536926, -142.566986084, 44.0103530884, -139.667175293], [-524.024597168, 614.490600586, -122.300331116, -110.947418213, 193.223876953, -141.996063232, 100.469284058, -18.7680130005, 117.334083557, -74.5823059082, 122.843269348, -48.4046936035, 111.57736969], [267.268432617, -122.300331116, 514.140808105, 170.269271851, 11.5677118301, 117.830322266, -109.748817444, 71.2530822754, -32.5681343079, 39.9506225586, -112.139175415, 55.3427810669, -74.5742111206], [164.139160156, -110.947418213, 170.269271851, 265.716033936, 48.65599823, 45.5058670044, -46.6003990173, 36.471534729, 7.03470659256, -6.62925195694, -42.1317481995, 19.7980518341, -24.5544662476], [-141.528671265, 193.223876953, 11.5677118301, 48.65599823, 233.658111572, 22.6723690033, 13.3105926514, 21.0949840546, 0.794439792633, -30.3891334534, 21.9918346405, -4.19943571091, 17.5042667389], [216.03062439, -141.996063232, 117.830322266, 45.5058670044, 22.6723690033, 217.140701294, 25.4771022797, 3.46341300011, -83.7544784546, 17.7471218109, -45.1252250671, 0.901586413383, -50.1482467651], [-34.3174285889, 100.469284058, -109.748817444, -46.6003990173, 13.3105926514, 25.4771022797, 150.164642334, 6.54156112671, 9.32973957062, 2.7848277092, 42.8200111389, -26.6883945465, 22.0964355469], [74.1517944336, -18.7680130005, 71.2530822754, 36.471534729, 21.0949840546, 3.46341300011, 6.54156112671, 115.154922485, 41.3119354248, 15.5336790085, -27.7100696564, 20.939043045, -1.19792759418], [-128.085479736, 117.334083557, -32.5681343079, 7.03470659256, 0.794439792633, -83.7544784546, 9.32973957062, 41.3119354248, 133.428421021, 11.4615936279, 31.2694664001, 0.0663822963834, 34.2863616943], [115.717536926, -74.5823059082, 39.9506225586, -6.62925195694, -30.3891334534, 17.7471218109, 2.7848277092, 15.5336790085, 11.4615936279, 100.373092651, 11.0993556976, 9.96706199646, -26.8231697083], [-142.566986084, 122.843269348, -112.139175415, -42.1317481995, 21.9918346405, -45.1252250671, 42.8200111389, -27.7100696564, 31.2694664001, 11.0993556976, 110.431297302, 3.31402659416, 35.2812690735], [44.0103530884, -48.4046936035, 55.3427810669, 19.7980518341, -4.19943571091, 0.901586413383, -26.6883945465, 20.939043045, 0.0663822963834, 9.96706199646, 3.31402659416, 60.9431800842, 13.5454502106], [-139.667175293, 111.57736969, -74.5742111206, -24.5544662476, 17.5042667389, -50.1482467651, 22.0964355469, -1.19792759418, 34.2863616943, -26.8231697083, 35.2812690735, 13.5454502106, 87.1148910522]],
        "icov": [[0.00259956903756, 5.63576286368e-05, 0.00042565818876, -0.00147963489871, 0.00148720247671, -0.000946921296418, -0.000476523680845, -0.00144026288763, 0.00196951976977, -0.0022525547538, 0.00155992421787, -0.0013682107674, 0.00141229131259], [5.63576286368e-05, 0.0141569916159, -0.00780701404437, 0.00740507803857, -0.0109016112983, 0.00647601764649, -0.00747306831181, 0.00491109024733, -0.00841793697327, 0.00786299258471, -0.00820190645754, 0.0108932936564, -0.00739432638511], [0.00042565818876, -0.00780701404437, 0.00863596983254, -0.00567317195237, 0.00596533017233, -0.00522462371737, 0.00579926138744, -0.00382930319756, 0.00453877914697, -0.00584429595619, 0.00706083327532, -0.00885890889913, 0.00567759200931], [-0.00147963489871, 0.00740507803857, -0.00567317195237, 0.0100352903828, -0.007528741844, 0.00319373374805, -0.00302271987312, 0.00329851941206, -0.00703904684633, 0.00658970139921, -0.00488962046802, 0.00587132712826, -0.00385452457704], [0.00148720247671, -0.0109016112983, 0.00596533017233, -0.007528741844, 0.0147052807733, -0.0065558552742, 0.00608520163223, -0.00681484909728, 0.00846241787076, -0.00548706157133, 0.00421648891643, -0.00711646769196, 0.00534459762275], [-0.000946921296418, 0.00647601764649, -0.00522462371737, 0.00319373374805, -0.0065558552742, 0.0121899144724, -0.00726843578741, 0.00331702339463, -7.83849609434e-05, 0.00302776671015, -0.00237115425989, 0.00464933086187, -0.00196077092551], [-0.000476523680845, -0.00747306831181, 0.00579926138744, -0.00302271987312, 0.00608520163223, -0.00726843578741, 0.0157500524074, -0.00650179246441, 0.004316853825, -0.00412368681282, -0.000499745190609, 0.000343774590874, 0.000609024835285], [-0.00144026288763, 0.00491109024733, -0.00382930319756, 0.00329851941206, -0.00681484909728, 0.00331702339463, -0.00650179246441, 0.0176736656576, -0.0101149892434, 0.00236253300682, 0.00303307548165, -0.00219751289114, -0.00195483746938], [0.00196951976977, -0.00841793697327, 0.00453877914697, -0.00703904684633, 0.00846241787076, -7.83849609434e-05, 0.004316853825, -0.0101149892434, 0.0207883100957, -0.00874190684408, 0.00252498895861, -0.00304314447567, 0.00143828126602], [-0.0022525547538, 0.00786299258471, -0.00584429595619, 0.00658970139921, -0.00548706157133, 0.00302776671015, -0.00412368681282, 0.00236253300682, -0.00874190684408, 0.0203968212008, -0.0103483237326, 0.00518972286955, 0.000200957045308], [0.00155992421787, -0.00820190645754, 0.00706083327532, -0.00488962046802, 0.00421648891643, -0.00237115425989, -0.000499745190609, 0.00303307548165, 0.00252498895861, -0.0103483237326, 0.0241652857512, -0.0138729484752, 0.00381860695779], [-0.0013682107674, 0.0108932936564, -0.00885890889913, 0.00587132712826, -0.00711646769196, 0.00464933086187, 0.000343774590874, -0.00219751289114, -0.00304314447567, 0.00518972286955, -0.0138729484752, 0.0358295626938, -0.0152425318956], [0.00141229131259, -0.00739432638511, 0.00567759200931, -0.00385452457704, 0.00534459762275, -0.00196077092551, 0.000609024835285, -0.00195483746938, 0.00143828126602, 0.000200957045308, 0.00381860695779, -0.0152425318956, 0.0249232165515]]
    },
    "melbands": {
        "max": [0.00527497055009, 0.0103905536234, 0.0186172332615, 0.0087858857587, 0.00952501967549, 0.0125428987667, 0.0116598103195, 0.0066968803294, 0.0107421483845, 0.00287432339974, 0.0054518468678, 0.00737956725061, 0.00228753476404, 0.00334610790014, 0.00420445529744, 0.001547116437, 0.00159938051365, 0.00112807028927, 0.00043518235907, 0.000735732377507, 0.000781066308264, 0.000942207232583, 0.00055871589575, 0.000302511645714, 0.000194407533854, 6.18307385594e-05, 4.78395340906e-05, 0.000102907375549, 4.31558692071e-05, 7.26675061742e-05, 7.91231504991e-05, 6.27182234894e-05, 5.06533651787e-05, 4.43146091129e-05, 3.00083320326e-05, 3.68218279618e-05, 2.1773550543e-05, 1.11550061774e-05, 9.43386294239e-06, 7.08652351022e-06],
        "mean": [0.000220340909436, 0.000670254870784, 0.00113635603338, 0.000842194713186, 0.000574353092816, 0.000821077323053, 0.00116612913553, 0.000421115924837, 0.00026806112146, 0.00014172376541, 0.00028119579656, 0.000414729758631, 0.000128426065203, 0.000120265372971, 0.000172647356521, 7.25917489035e-05, 7.13166955393e-05, 7.11027023499e-05, 4.1244275053e-05, 5.41217377759e-05, 6.45956897642e-05, 4.93373154313e-05, 4.00447679567e-05, 2.33369573834e-05, 1.162449189e-05, 1.04510172605e-05, 7.8062994362e-06, 5.82618940825e-06, 3.81908830605e-06, 3.46510455529e-06, 3.54633402821e-06, 2.52371546594e-06, 1.93413438865e-06, 1.44185605677e-06, 9.75975126494e-07, 8.50250444273e-07, 7.06052560417e-07, 4.89693036343e-07, 4.51345243846e-07, 3.13454904699e-07],
        "min": [7.95813619447e-08, 3.46061096934e-06, 8.09802440926e-06, 8.49591651786e-06, 1.15418506539e-05, 6.63699483994e-06, 1.19254355013e-05, 4.44757642981e-06, 2.69664178632e-06, 1.96428345589e-06, 1.79965093139e-06, 2.56706107393e-06, 9.30235160013e-07, 9.45052590851e-07, 2.00744466383e-06, 1.05253695892e-06, 9.31362592382e-07, 1.88559670278e-06, 1.48811375311e-06, 1.64498067079e-06, 1.98076213564e-06, 9.81603875516e-07, 5.6045553265e-07, 8.13972860669e-07, 4.38849667717e-07, 3.90073182643e-07, 3.71247892872e-07, 2.48139713221e-07, 6.14311517211e-08, 5.34463922008e-08, 5.86399977465e-08, 3.55168907618e-08, 2.12709458935e-08, 1.53779247114e-08, 8.87669138194e-09, 8.04278599276e-09, 8.79918005126e-09, 5.22504395306e-09, 5.00937824555e-09, 2.91232327143e-09],
        "stdev": [0.000543008209206, 0.00107645429671, 0.00211402820423, 0.000950186687987, 0.000781444425229, 0.00115398096386, 0.00142542598769, 0.000642554892693, 0.000842033594381, 0.000242455847911, 0.000480953342048, 0.000747718731873, 0.000246948155109, 0.000269821175607, 0.000455925124697, 9.86296290648e-05, 0.000126443774207, 0.000109151420475, 5.06362957822e-05, 6.12390285823e-05, 7.48230522731e-05, 7.60916882427e-05, 5.03146511619e-05, 2.63899419224e-05, 1.19609039757e-05, 9.10726521397e-06, 8.05217314337e-06, 6.8384183578e-06, 4.34611729361e-06, 4.96090842717e-06, 6.35116248304e-06, 4.95119638799e-06, 3.87672434954e-06, 3.35049548994e-06, 2.55441000263e-06, 2.17251749746e-06, 1.73773696588e-06, 9.45169915667e-07, 7.7588140357e-07, 5.53923086954e-07]
    },
    "melbands128": {
        "max": [0.000146739010233, 0.00170963164419, 0.00926822517067, 0.00955617707223, 0.0129498997703, 0.015182107687, 0.0300188101828, 0.0236452966928, 0.00989884324372, 0.0114285144955, 0.0179384425282, 0.0212049987167, 0.013282305561, 0.0153824584559, 0.0165371820331, 0.0223345942795, 0.0225311759859, 0.0179435070604, 0.0173723064363, 0.00885122362524, 0.0105441128835, 0.0113761331886, 0.0203996933997, 0.0123282233253, 0.00326334335841, 0.0032094581984, 0.0131651414558, 0.00931100174785, 0.00817792396992, 0.0145954787731, 0.0110016306862, 0.00442133750767, 0.00451326137409, 0.00624237162992, 0.00920382793993, 0.00589441647753, 0.00889470241964, 0.00902361329645, 0.00318716955371, 0.00202961498871, 0.00287642213516, 0.00275833974592, 0.0018657441251, 0.00463603204116, 0.00202002562582, 0.00218935287558, 0.00200034817681, 0.000743851414882, 0.000906813249458, 0.00082928489428, 0.00147585489322, 0.00100383942481, 0.00186884892173, 0.00146875635255, 0.000754805631004, 0.00206769583747, 0.000734357687179, 0.00144849857315, 0.000888883310836, 0.000632346491329, 0.000373567221686, 0.000398045900511, 0.000335822609486, 0.000230636229389, 0.000143552751979, 0.000119964097394, 0.000111684079457, 0.000107682964881, 8.97798745427e-05, 9.58978489507e-05, 0.000179114053026, 0.000105523438833, 5.66587114008e-05, 5.2751689509e-05, 9.96832677629e-05, 6.6938031523e-05, 7.99243425718e-05, 0.000103538091935, 0.000172966989339, 7.54439897719e-05, 6.99661468389e-05, 7.19310482964e-05, 7.25305653759e-05, 4.66378696728e-05, 7.61072369642e-05, 8.06164680398e-05, 4.417571472e-05, 3.61245292879e-05, 3.6142882891e-05, 4.81411661895e-05, 4.48088539997e-05, 3.56863347406e-05, 3.3427040762e-05, 2.64803820755e-05, 3.22554878949e-05, 1.90289520106e-05, 8.61468834046e-06, 1.0645070688e-05, 1.32368240884e-05, 9.3517382993e-06, 8.62131582835e-06, 8.08077129477e-06, 7.96587119112e-06, 1.04402824945e-05, 9.37172535487e-06, 6.32794035482e-06, 5.99740496909e-06, 1.19072492453e-05, 4.70352097182e-06, 5.3829112403e-06, 3.76445223083e-06, 1.35010407121e-06, 9.90664261735e-07, 1.86114675671e-07, 1.96541218855e-08, 1.89778255333e-08, 1.83645028073e-08, 1.78203141132e-08, 1.74119030305e-08, 1.6918592749e-08, 1.65085438653e-08, 1.62220246125e-08, 1.5902955397e-08, 1.55696842086e-08, 1.54338746228e-08, 1.51955870109e-08, 1.50661119136e-08, 1.49813406125e-08],
        "mean": [5.20382718605e-06, 7.57449233788e-05, 0.000314414006425, 0.000488736492116, 0.000542561756447, 0.000820797635242, 0.00142690818757, 0.00116984685883, 0.000808593409602, 0.000934258161578, 0.000785741372965, 0.000608606322203, 0.000470742495963, 0.000583817483857, 0.000745583616663, 0.000958320510108, 0.00121756759472, 0.00146710942499, 0.000744125805795, 0.000452824519016, 0.000227474607527, 0.00034756414243, 0.000316382880555, 0.000131300839712, 0.000132057044539, 0.000104912091047, 0.00025193602778, 0.000194392414414, 0.000412183668232, 0.000576838559937, 0.000375899311621, 0.000170426210389, 0.000131583234179, 6.08496084169e-05, 0.000133830675622, 0.000104406768514, 0.000144052537507, 0.000259895226918, 0.000122991928947, 6.94715563441e-05, 4.07556399296e-05, 0.000112454785267, 6.36117256363e-05, 4.94544110552e-05, 9.57997544901e-05, 7.21575852367e-05, 5.39540305908e-05, 2.83994268102e-05, 3.78916120098e-05, 6.32208248135e-05, 5.33610327693e-05, 4.11008331866e-05, 9.30220048758e-05, 6.31646980764e-05, 2.99964740407e-05, 5.97223988734e-05, 4.377953519e-05, 6.18676713202e-05, 2.80776330328e-05, 2.18251243496e-05, 2.95277950499e-05, 1.95334177988e-05, 8.58312432683e-06, 9.66717561823e-06, 1.57605809363e-05, 9.61930982157e-06, 8.59725241753e-06, 7.81388189353e-06, 7.51270727051e-06, 7.95903906692e-06, 6.52825110592e-06, 4.5498190957e-06, 3.31010869559e-06, 4.29067085861e-06, 3.51733569914e-06, 3.12018437398e-06, 3.53564155375e-06, 3.91136973121e-06, 3.70538123207e-06, 3.12681640935e-06, 2.52196423389e-06, 2.30410341828e-06, 2.32610227613e-06, 1.9110627818e-06, 1.57458509875e-06, 1.65459016443e-06, 1.38096436331e-06, 1.0604558156e-06, 9.56683607001e-07, 8.98043936104e-07, 8.9120425173e-07, 8.18561034066e-07, 8.21027185793e-07, 7.40283780942e-07, 6.3657029159e-07, 4.85099747038e-07, 4.64650014464e-07, 4.63851222321e-07, 5.23985420386e-07, 3.90802568973e-07, 3.51556508349e-07, 2.95553519436e-07, 2.777510133e-07, 2.64466137878e-07, 2.47123381314e-07, 1.86456688311e-07, 1.59409168532e-07, 1.65907934502e-07, 1.29257443859e-07, 9.11075233034e-08, 6.00416711904e-08, 1.7898965865e-08, 3.71820663148e-09, 6.4168076408e-10, 2.08592851325e-10, 2.27209390191e-10, 3.71839781188e-11, 2.06750207232e-11, 2.76207702543e-11, 2.13429759977e-11, 4.25691253081e-11, 5.15428325021e-11, 1.80025577778e-11, 1.73479008936e-11, 1.66887979131e-11, 1.5569694839e-11, 1.49509172404e-11, 1.48012938711e-11],
        "min": [3.1962091307e-10, 6.58774457207e-09, 1.46920067223e-08, 3.56418951242e-07, 4.72375518257e-07, 7.1696950954e-07, 2.14884403249e-06, 8.27817643767e-07, 4.97916198583e-06, 2.03303306989e-06, 1.32089485305e-06, 1.74098568095e-06, 2.99824728245e-06, 1.64373432199e-06, 1.40596227993e-06, 7.69437065173e-07, 6.1958094193e-06, 3.72304202756e-06, 2.18989407585e-06, 7.20612490568e-07, 9.06897923869e-07, 6.817334679e-07, 7.35899334359e-07, 6.72576447869e-07, 5.78355638936e-07, 4.58175691165e-07, 2.75655736459e-07, 3.58307744364e-07, 6.80765197103e-07, 1.1250915577e-06, 2.13428364759e-07, 2.38565007749e-07, 1.28801204369e-07, 2.82673170204e-07, 1.03253029238e-07, 2.19348805786e-07, 7.96310757778e-07, 2.43148235768e-07, 3.33592396373e-07, 3.13212950687e-07, 2.17154251914e-07, 2.20849258881e-07, 2.21383515964e-07, 1.34390830908e-07, 5.56010348873e-08, 6.17376599621e-07, 2.57037896745e-07, 4.7965354355e-08, 3.85792219504e-07, 3.32366397515e-07, 3.0177835697e-07, 8.48602326187e-07, 5.03512637806e-07, 6.30288695902e-07, 3.03961058989e-07, 1.48405305822e-07, 4.74616719259e-08, 4.82826692405e-07, 3.78292213554e-07, 2.79139840131e-07, 2.92204930474e-07, 3.47699113945e-07, 1.22386509815e-07, 1.86237926414e-07, 5.83533861231e-08, 1.90026042901e-07, 8.46616572403e-08, 9.23805032471e-08, 1.63746079807e-07, 1.28904275698e-07, 1.63153359267e-07, 5.91881104128e-08, 3.29370628549e-08, 5.31188213415e-08, 1.42162663863e-08, 3.75959920973e-08, 1.70589995463e-08, 3.10972261275e-08, 2.72730211748e-08, 2.71765561166e-08, 2.38814976683e-08, 2.02040482122e-08, 1.64915618939e-08, 1.02927710799e-08, 1.13602771634e-08, 1.51114782909e-08, 4.8701833677e-09, 1.109316905e-08, 5.27544052886e-09, 5.66894486909e-09, 3.29958504963e-09, 5.78532510787e-09, 4.5369481505e-09, 7.30577820462e-09, 6.12417228041e-09, 3.55380791461e-09, 2.15936002412e-09, 3.57976603915e-09, 4.27495105981e-09, 5.3233084607e-09, 1.28122334964e-09, 1.74650338636e-09, 1.1746530415e-09, 7.17781878379e-09, 6.02230176838e-09, 4.5063830445e-10, 1.11531325842e-10, 3.65079522169e-10, 2.49733012048e-10, 1.17890972592e-12, 9.35441611324e-13, 2.23071474487e-12, 1.46085736823e-12, 1.18601081647e-12, 1.11746202569e-12, 1.06614142428e-12, 1.01192079889e-12, 1.011735834e-12, 9.438937262e-13, 9.78511651047e-13, 8.52956377403e-13, 9.45231414841e-13, 9.45675937732e-13, 8.40371771737e-13, 7.67170235758e-13, 3.11373322959e-13, 3.4530280653e-14, 1.45862016957e-15],
        "stdev": [1.32246768771e-05, 0.000191535262275, 0.000846468145028, 0.00124400143977, 0.00109172810335, 0.00144283985719, 0.00331751047634, 0.00250795064494, 0.00112843699753, 0.00117857602891, 0.00139194855001, 0.00120881851763, 0.00088847783627, 0.00106273475103, 0.00120407226495, 0.00201211799867, 0.00208465196192, 0.00215935637243, 0.00134501582943, 0.000967825122643, 0.000620709382929, 0.000965922256, 0.00145979970694, 0.000446002028184, 0.000247870164458, 0.000251238030614, 0.000829199270811, 0.000605448556598, 0.000741352094337, 0.00122514157556, 0.000975345901679, 0.000490349950269, 0.000301395310089, 0.000290647061775, 0.000452398089692, 0.000303982204059, 0.000495398591738, 0.000893573393114, 0.000283932196908, 0.000133132634801, 0.000123454577988, 0.000205421165447, 0.000151825981447, 0.00023325739312, 0.00020406304975, 0.00015093490947, 0.000123805715702, 6.25503453193e-05, 7.45268844184e-05, 9.38620141824e-05, 0.000112753077701, 6.98198346072e-05, 0.000137695766171, 0.000102592755866, 5.38600434083e-05, 0.000146142119775, 7.29148450773e-05, 0.000108943997475, 6.24987515039e-05, 4.65734556201e-05, 4.20315845986e-05, 3.02646767523e-05, 1.80773186003e-05, 1.42316275742e-05, 1.77366691787e-05, 1.26371669467e-05, 1.11540684884e-05, 1.16674500532e-05, 1.14663698696e-05, 1.02064686871e-05, 1.06516899905e-05, 7.56081271902e-06, 5.1460465329e-06, 5.94023140366e-06, 5.88323746342e-06, 5.42468978892e-06, 6.34561456536e-06, 6.88538921167e-06, 9.76903447736e-06, 6.15097633272e-06, 5.74397563469e-06, 5.07662889504e-06, 4.89428248329e-06, 3.87169075111e-06, 3.8518051042e-06, 4.54293331131e-06, 3.39469283972e-06, 2.81736265606e-06, 2.62985304289e-06, 2.82530368167e-06, 2.43033719016e-06, 2.1027681214e-06, 2.23342726713e-06, 1.87880357316e-06, 1.79101789399e-06, 1.15311036097e-06, 8.25319261821e-07, 8.30083081382e-07, 1.07382754777e-06, 6.75836361097e-07, 6.44866929633e-07, 5.59486636575e-07, 5.9132048591e-07, 6.05710908985e-07, 5.75413707793e-07, 4.07242424671e-07, 4.18669856117e-07, 5.92979347402e-07, 3.56267491952e-07, 3.26683476715e-07, 2.54219315821e-07, 9.13020201665e-08, 4.50323298651e-08, 7.89284460012e-09, 7.44509065509e-10, 6.0856014672e-10, 4.74632499969e-10, 4.5600243026e-10, 4.48005160747e-10, 4.32391483729e-10, 4.29106222777e-10, 4.28063251512e-10, 4.06511324602e-10, 3.97988059175e-10, 3.94533239412e-10, 3.8849518047e-10, 3.85155629612e-10, 3.82998216475e-10]
    },
    "mfcc": {
        "mean": [-614.842163086, 133.670074463, -25.1808681488, 17.0492668152, -0.846384882927, -6.58321619034, -10.4763336182, -3.86104345322, -5.18740987778, -9.70243835449, -7.60224056244, -3.24889492989, -2.56756567955],
        "cov": [[971.681518555, -552.063293457, 216.796875, -20.4933681488, -76.2858352661, 100.749755859, 60.8813858032, -0.420737922192, 16.1002521515, 10.484377861, 43.91015625, -2.86784505844, -30.1887454987], [-552.063293457, 671.393005371, -230.976257324, 4.23079586029, 37.1938362122, -73.366027832, 19.1261806488, 10.7737874985, 8.09531402588, 31.4764194489, 3.33878517151, -0.595331728458, 23.935043335], [216.796875, -230.976257324, 462.953277588, 52.5031509399, 83.4130706787, 67.039604187, -45.7296028137, 34.9227561951, 10.9622087479, 32.0008277893, -15.1037855148, -9.69206428528, -3.94433236122], [-20.4933681488, 4.23079586029, 52.5031509399, 205.021286011, 98.9337387085, -26.7999343872, -41.4976959229, 29.7731170654, 28.9513111115, 1.85770118237, 0.51960670948, 27.5180473328, 7.86373615265], [-76.2858352661, 37.1938362122, 83.4130706787, 98.9337387085, 237.840698242, 30.3729152679, -4.95906162262, 52.0746231079, 16.1152935028, -2.94370055199, -19.691991806, 9.24493026733, -3.68727231026], [100.749755859, -73.366027832, 67.039604187, -26.7999343872, 30.3729152679, 146.033340454, 82.8568725586, 6.29585170746, -20.5268173218, 6.71215963364, 8.10818958282, -17.9486808777, -14.7603464127], [60.8813858032, 19.1261806488, -45.7296028137, -41.4976959229, -4.95906162262, 82.8568725586, 169.235305786, 24.3031597137, -12.9036102295, -3.74056577682, 10.802321434, -11.1507959366, -8.91637897491], [-0.420737922192, 10.7737874985, 34.9227561951, 29.7731170654, 52.0746231079, 6.29585170746, 24.3031597137, 92.800819397, 34.850818634, 5.56219053268, -12.83664608, -2.91338562965, -0.158717989922], [16.1002521515, 8.09531402588, 10.9622087479, 28.9513111115, 16.1152935028, -20.5268173218, -12.9036102295, 34.850818634, 92.7252120972, 30.2474422455, 1.82166695595, 8.83581447601, 4.24846887589], [10.484377861, 31.4764194489, 32.0008277893, 1.85770118237, -2.94370055199, 6.71215963364, -3.74056577682, 5.56219053268, 30.2474422455, 76.2215652466, 23.9809207916, 1.84312689304, 3.98285412788], [43.91015625, 3.33878517151, -15.1037855148, 0.51960670948, -19.691991806, 8.10818958282, 10.802321434, -12.83664608, 1.82166695595, 23.9809207916, 65.4018173218, 28.2073822021, 0.662825167179], [-2.86784505844, -0.595331728458, -9.69206428528, 27.5180473328, 9.24493026733, -17.9486808777, -11.1507959366, -2.91338562965, 8.83581447601, 1.84312689304, 28.2073822021, 78.3532943726, 31.0100269318], [-30.1887454987, 23.935043335, -3.94433236122, 7.86373615265, -3.68727231026, -14.7603464127, -8.91637897491, -0.158717989922, 4.24846887589, 3.98285412788, 0.662825167179, 31.0100269318, 61.3760795593]],
        "icov": [[0.00234426395036, 0.00181942142081, -0.000400558637921, -0.000155314308358, 0.00052985973889, 5.54359794478e-05, -0.00114096852485, 7.58321257308e-05, -0.000684953178279, -0.000224886796786, -0.00149627053179, 0.000449891027529, 0.00016815859999], [0.00181942142081, 0.00364025356248, 0.000873855606187, -2.14625160879e-05, -0.000635523232631, 0.00134475971572, -0.00142147974111, -0.000151228130562, 0.000144698686199, -0.00201411126181, -0.00110939680599, 0.00114530161954, -0.000833452329971], [-0.000400558637921, 0.000873855606187, 0.00369331869297, -0.000357230543159, -0.000871681491844, -0.00174768525176, 0.00190653838217, -0.0013053243747, 0.000898046593647, -0.00224152393639, 0.00116667919792, 0.000228286357014, -0.000498398498166], [-0.000155314308358, -2.14625160879e-05, -0.000357230543159, 0.00711939716712, -0.00282210996374, 0.00134906638414, 0.000984192825854, -0.000753883155994, -0.000996005022898, 0.000616347999312, -0.000975773844402, -0.00135365955066, 1.61936932273e-05], [0.00052985973889, -0.000635523232631, -0.000871681491844, -0.00282210996374, 0.00715517159551, -0.0028375312686, 0.000766079057939, -0.00253787334077, -3.68683286069e-05, 0.00075219408609, 0.00190775096416, -0.00189896300435, 0.00155878823716], [5.54359794478e-05, 0.00134475971572, -0.00174768525176, 0.00134906638414, -0.0028375312686, 0.013811269775, -0.00700461026281, 0.00171765312552, 0.00201790989377, -0.00190667691641, -0.00196114461869, 0.00234067998827, 0.000178148824489], [-0.00114096852485, -0.00142147974111, 0.00190653838217, 0.000984192825854, 0.000766079057939, -0.00700461026281, 0.0114536769688, -0.004382065963, 0.000953123322688, 0.00132577330805, -0.000792732345872, -0.000235251922277, -2.0946657969e-05], [7.58321257308e-05, -0.000151228130562, -0.0013053243747, -0.000753883155994, -0.00253787334077, 0.00171765312552, -0.004382065963, 0.016498349607, -0.00588134722784, 0.000552942336071, 0.00230853329413, 0.000698154326528, -0.000230792211369], [-0.000684953178279, 0.000144698686199, 0.000898046593647, -0.000996005022898, -3.68683286069e-05, 0.00201790989377, 0.000953123322688, -0.00588134722784, 0.0163240302354, -0.00713080214337, 0.00204213103279, -0.00184072472621, 0.000639067555312], [-0.000224886796786, -0.00201411126181, -0.00224152393639, 0.000616347999312, 0.00075219408609, -0.00190667691641, 0.00132577330805, 0.000552942336071, -0.00713080214337, 0.0207860190421, -0.00886994972825, 0.00360406632535, -0.00234791450202], [-0.00149627053179, -0.00110939680599, 0.00116667919792, -0.000975773844402, 0.00190775096416, -0.00196114461869, -0.000792732345872, 0.00230853329413, 0.00204213103279, -0.00886994972825, 0.0263546574861, -0.0120252976194, 0.00565580790862], [0.000449891027529, 0.00114530161954, 0.000228286357014, -0.00135365955066, -0.00189896300435, 0.00234067998827, -0.000235251922277, 0.000698154326528, -0.00184072472621, 0.00360406632535, -0.0120252976194, 0.0229199677706, -0.0111776096746], [0.00016815859999, -0.000833452329971, -0.000498398498166, 1.61936932273e-05, 0.00155878823716, 0.000178148824489, -2.0946657969e-05, -0.000230792211369, 0.000639067555312, -0.00234791450202, 0.00565580790862, -0.0111776096746, 0.0224939640611]]
    },
    "spectral_contrast_coeffs": {
        "max": [-0.406229138374, -0.463154554367, -0.489371448755, -0.612561166286, -0.635456740856, -0.602127790451],
        "mean": [-0.664338290691, -0.695931136608, -0.702622890472, -0.740284562111, -0.755131363869, -0.76044768095],
        "min": [-0.878650426865, -0.90185958147, -0.87487924099, -0.866360545158, -0.883346557617, -0.851031899452],
        "stdev": [0.0675998032093, 0.0704675987363, 0.0680700093508, 0.0450400933623, 0.0408543720841, 0.0333937630057]
    },
    "spectral_contrast_valleys": {
        "max": [-5.17874097824, -4.83740901947, -5.74233341217, -5.90881109238, -6.00862169266, -8.34433364868],
        "mean": [-6.76772499084, -6.37606954575, -7.13830709457, -7.26152658463, -7.39695358276, -10.2844457626],
        "min": [-8.75899028778, -7.81754589081, -8.43774986267, -8.35611057281, -8.63546943665, -12.0607910156],
        "stdev": [0.558314621449, 0.420734673738, 0.425379306078, 0.360329806805, 0.416138857603, 0.709437191486]
    }
},
"rhythm": {
    "beats_count": 51,
    "beats_loudness": {
        "max": 0.0823596045375,
        "mean": 0.0474145226181,
        "min": 0.0165894404054,
        "stdev": 0.014107295312
    },
    "bpm": 86.0597229004,
    "bpm_histogram_first_peak_bpm": 86,
    "bpm_histogram_first_peak_weight": 0.106383025646,
    "bpm_histogram_second_peak_bpm": 92,
    "bpm_histogram_second_peak_spread": 0,
    "bpm_histogram_second_peak_weight": 0.0599999986589,
    "danceability": 1.65104115009,
    "onset_rate": 2.69425439835,
    "beats_loudness_band_ratio": {
        "max": [0.919345080853, 0.507411837578, 0.827718436718, 0.810220479965, 0.289954930544, 0.18145224452],
        "mean": [0.410703331232, 0.150046110153, 0.201091244817, 0.153420940042, 0.0863610431552, 0.0324047803879],
        "min": [0.00465908041224, 0.0211531445384, 0.00677890516818, 0.0119113959372, 0.00752108730376, 0.00208314065821],
        "stdev": [0.226956427097, 0.117347292602, 0.165516033769, 0.162046015263, 0.0604077763855, 0.0368196777999]
    },
    "beats_position": [0.638548731804, 1.28870749474, 1.93886613846, 2.60063481331, 3.27401351929, 3.97061228752, 4.66721057892, 5.38702917099, 6.06040811539, 6.7570066452, 7.45360517502, 8.17342376709, 8.87002277374, 9.56662082672, 10.2632198334, 10.95981884, 11.656416893, 12.3530158997, 13.0496139526, 13.7462129593, 14.4428119659, 15.15102005, 15.8476190567, 16.5558280945, 17.2524261475, 17.9490242004, 18.6456241608, 19.3422222137, 20.0504302979, 20.7470283508, 21.4552383423, 22.1518363953, 22.8484344482, 23.5450344086, 24.2532424927, 24.9498405457, 25.6580486298, 26.3662586212, 27.0628566742, 27.7594547272, 28.4444446564, 29.1410427094, 29.8376407623, 30.5342407227, 31.2308387756, 31.9274368286, 32.6240348816, 33.3206329346, 34.0172348022, 34.7138328552, 35.4104309082],
