{
"metadata": {
    "version": {
        "essentia": "2.1-beta5",
        "essentia_git_sha": "Undefined",
        "extractor": "music 2.0"
    },
    "audio_properties": {
        "analysis": {
            "equal_loudness": 0,
            "length": 48.7502937317,
            "sample_rate": 44100,
            "start_time": 93.9943771362,
            "downmix": "mix"
        },
        "bit_rate": 192000,
        "length": 249.382339478,
        "lossless": 0,
        "number_channels": 2,
        "replay_gain": -9.89134407043,
        "sample_rate": 48000,
        "codec": "mp3",
        "md5_encoded": "784d8c250f2fe7d5ba54ddbe2a321a4c"
    },
    "tags": {
        "file_name": "Spain_Quédate Esta Noche_Trigo Limpio.mp3",
        "encoding": ["Lavf58.29.100"]
    }
},
"lowlevel": {
    "average_loudness": 0.894048690796,
    "barkbands_crest": {
        "max": 25.8394737244,
        "mean": 10.8202762604,
        "min": 2.67524623871,
        "stdev": 4.59126567841
    },
    "barkbands_flatness_db": {
        "max": 0.390114426613,
        "mean": 0.170517534018,
        "min": 0.0481938533485,
        "stdev": 0.0519050844014
    },
    "barkbands_kurtosis": {
        "max": 125.380661011,
        "mean": 4.62253713608,
        "min": -1.82217073441,
        "stdev": 8.07985591888
    },
    "barkbands_skewness": {
        "max": 10.1476545334,
        "mean": 1.56732416153,
        "min": -3.46357774734,
        "stdev": 1.21826815605
    },
    "barkbands_spread": {
        "max": 75.3796234131,
        "mean": 15.6832036972,
        "min": 0.688399553299,
        "stdev": 10.7909059525
    },
    "dissonance": {
        "max": 0.5,
        "mean": 0.442930489779,
        "min": 0.235422775149,
        "stdev": 0.0401445142925
    },
    "dynamic_complexity": 2.97333049774,
    "erbbands_crest": {
        "max": 30.3488559723,
        "mean": 11.2186393738,
        "min": 2.74547147751,
        "stdev": 5.35114431381
    },
    "erbbands_flatness_db": {
        "max": 0.406905949116,
        "mean": 0.199139624834,
        "min": 0.0739378705621,
        "stdev": 0.0512176267803
    },
    "erbbands_kurtosis": {
        "max": 33.4674263,
        "mean": 1.06387531757,
        "min": -1.75433766842,
        "stdev": 2.76961350441
    },
    "erbbands_skewness": {
        "max": 4.87675571442,
        "mean": 0.502642989159,
        "min": -2.61983680725,
        "stdev": 0.77392822504
    },
    "erbbands_spread": {
        "max": 116.885848999,
        "mean": 30.1610717773,
        "min": 1.44184970856,
        "stdev": 16.6523838043
    },
    "hfc": {
        "max": 99.3369293213,
        "mean": 16.619600296,
        "min": 0.0644846633077,
        "stdev": 14.3958978653
    },
    "loudness_ebu128": {
        "integrated": -14.8809194565,
        "loudness_range": 4.81274414062,
        "momentary": {
            "max": -10.8418798447,
            "mean": -15.6033916473,
            "min": -25.9934501648,
            "stdev": 2.74748682976
        },
        "short_term": {
            "max": -12.2659435272,
            "mean": -15.2559709549,
            "min": -22.6009635925,
            "stdev": 1.85002696514
        }
    },
    "melbands_crest": {
        "max": 33.048614502,
        "mean": 13.4833335876,
        "min": 3.70048213005,
        "stdev": 5.29464817047
    },
    "melbands_flatness_db": {
        "max": 0.467653423548,
        "mean": 0.214161247015,
        "min": 0.0528781153262,
        "stdev": 0.0618286207318
    },
    "melbands_kurtosis": {
        "max": 152.74130249,
        "mean": 9.77072525024,
        "min": -1.63203346729,
        "stdev": 14.2904424667
    },
    "melbands_skewness": {
        "max": 10.686173439,
        "mean": 2.15213751793,
        "min": -2.80537223816,
        "stdev": 1.51782512665
    },
    "melbands_spread": {
        "max": 182.918991089,
        "mean": 19.4067344666,
        "min": 0.895377397537,
        "stdev": 16.0174808502
    },
    "pitch_salience": {
        "max": 0.842293977737,
        "mean": 0.536968648434,
        "min": 0.152719900012,
        "stdev": 0.114517211914
    },
    "silence_rate_20dB": {
        "max": 1,
        "mean": 1,
        "min": 1,
        "stdev": 0
    },
    "silence_rate_30dB": {
        "max": 1,
        "mean": 1,
        "min": 1,
        "stdev": 0
    },
    "silence_rate_60dB": {
        "max": 1,
        "mean": 0.0395049974322,
        "min": 0,
        "stdev": 0.194798588753
    },
    "spectral_centroid": {
        "max": 4073.37084961,
        "mean": 1015.95941162,
        "min": 231.035522461,
        "stdev": 527.583068848
    },
    "spectral_complexity": {
        "max": 45,
        "mean": 15.5211801529,
        "min": 0,
        "stdev": 7.92169523239
    },
    "spectral_decrease": {
        "max": -2.44711924335e-11,
        "mean": -5.36152144903e-09,
        "min": -3.06497973668e-08,
        "stdev": 3.83892651001e-09
    },
    "spectral_energy": {
        "max": 0.121882535517,
        "mean": 0.0217430647463,
        "min": 9.82089622994e-05,
        "stdev": 0.015444775112
    },
    "spectral_energyband_high": {
        "max": 0.0119312684983,
        "mean": 0.000409270985983,
        "min": 6.98518249465e-07,
        "stdev": 0.000895835284609
    },
    "spectral_energyband_low": {
        "max": 0.021391697228,
        "mean": 0.00129504839424,
        "min": 1.90694083813e-06,
        "stdev": 0.0018599453615
    },
    "spectral_energyband_middle_high": {
        "max": 0.0634986311197,
        "mean": 0.00509338127449,
        "min": 7.21223295841e-06,
        "stdev": 0.00624160980806
    },
    "spectral_energyband_middle_low": {
        "max": 0.110370330513,
        "mean": 0.0158501192927,
        "min": 7.30539832148e-05,
        "stdev": 0.013080609031
    },
    "spectral_entropy": {
        "max": 8.51267337799,
        "mean": 7.18633985519,
        "min": 5.21826553345,
        "stdev": 0.497333914042
    },
    "spectral_flux": {
        "max": 0.287908881903,
        "mean": 0.0718908980489,
        "min": 0.00826848950237,
        "stdev": 0.0368285104632
    },
    "spectral_kurtosis": {
        "max": 44.1469535828,
        "mean": 6.95422029495,
        "min": -0.906043767929,
        "stdev": 4.37434101105
    },
    "spectral_rms": {
        "max": 0.0109045766294,
        "mean": 0.00430079223588,
        "min": 0.000309537746944,
        "stdev": 0.00164800521452
    },
    "spectral_rolloff": {
        "max": 10723.5351562,
        "mean": 1311.51501465,
        "min": 193.798828125,
        "stdev": 1152.53552246
    },
    "spectral_skewness": {
        "max": 4.97638511658,
        "mean": 1.93288683891,
        "min": -0.0817200988531,
        "stdev": 0.58334261179
    },
    "spectral_spread": {
        "max": 21582972,
        "mean": 4002993.5,
        "min": 1613377.25,
        "stdev": 1649809.125
    },
    "spectral_strongpeak": {
        "max": 10.265827179,
        "mean": 1.30642867088,
        "min": 0.0111569520086,
        "stdev": 1.18909060955
    },
    "zerocrossingrate": {
        "max": 0.26611328125,
        "mean": 0.0543918833137,
        "min": 0.00830078125,
        "stdev": 0.0317937359214
    },
    "barkbands": {
        "max": [0.000144706791616, 0.00439005019143, 0.00857538264245, 0.0249238796532, 0.0798824429512, 0.0500459000468, 0.0272149313241, 0.0619494467974, 0.0391525179148, 0.0380219854414, 0.0229424331337, 0.0617987066507, 0.0131429350004, 0.0166008416563, 0.0083694094792, 0.00610872311518, 0.00982791278511, 0.0047600180842, 0.00178338866681, 0.00298530282453, 0.00259401765652, 0.00357536040246, 0.00568701978773, 0.00297397305258, 0.00170618202537, 0.00156726816203, 3.98382553612e-06],
        "mean": [5.55736414753e-06, 0.000162627038662, 0.000559925683774, 0.00157940387726, 0.00529354205355, 0.00318640074693, 0.0014048917219, 0.00166607578285, 0.0020428111311, 0.00124323973432, 0.00084622396389, 0.000669239321724, 0.000592044729274, 0.000609136011917, 0.000375412550056, 0.000344516563928, 0.000361397076631, 0.000187649216969, 0.000134420522954, 0.000122034805827, 7.08609077265e-05, 7.5487580034e-05, 6.31351431366e-05, 5.56560662517e-05, 5.35774925083e-05, 3.77727301384e-05, 4.09225116016e-08],
        "min": [3.67386010502e-09, 1.56022352371e-07, 2.16507032746e-07, 9.72124098553e-07, 6.76116997056e-06, 3.07007780975e-06, 1.72228760675e-06, 8.81842993294e-07, 3.10233099299e-06, 1.18103480418e-06, 6.35540231997e-07, 3.50674895344e-07, 3.2167386621e-07, 1.10783491891e-06, 7.26009432128e-07, 8.28363283745e-07, 4.39998956381e-07, 2.42394946781e-07, 3.77831270271e-07, 1.10045142776e-07, 2.30336738127e-07, 6.54701963754e-08, 2.84432584152e-08, 7.48848307808e-08, 5.40667883797e-08, 6.23550044931e-10, 1.56285245162e-11],
        "stdev": [1.08936055767e-05, 0.000368029810488, 0.000937316275667, 0.00255729653873, 0.00746476696804, 0.00568949989974, 0.0026103167329, 0.0044077062048, 0.00405674474314, 0.00261936755851, 0.00195174419787, 0.00248728110455, 0.00103812117595, 0.00127210654318, 0.000767865625676, 0.000602333806455, 0.000692794448696, 0.00035401340574, 0.000238369044382, 0.000247373071034, 0.000166451529367, 0.000248612690484, 0.000248167954851, 0.000155851434101, 0.000150446343469, 0.000118296105938, 2.18058147539e-07]
    },
    "erbbands": {
        "max": [0.0436371229589, 1.43537712097, 9.66572189331, 51.0539207458, 202.429519653, 442.568023682, 409.195068359, 611.512329102, 441.031707764, 543.710876465, 1731.69482422, 1027.30224609, 1529.86108398, 676.13293457, 1418.68078613, 1356.13439941, 684.134765625, 972.814086914, 335.801696777, 522.581054688, 568.019897461, 280.711090088, 340.589294434, 124.490936279, 82.3011550903, 163.825805664, 79.2476425171, 153.848251343, 139.546661377, 149.822174072, 184.242538452, 88.4036865234, 30.4353237152, 20.2189731598, 16.5333328247, 8.02915096283, 2.6440012455, 0.17510356009, 0.0033374291379, 0.000277384155197],
        "mean": [0.00171738339122, 0.0551189482212, 0.545004069805, 3.01956343651, 11.7418279648, 19.1152839661, 17.8689556122, 28.6564712524, 24.2963809967, 22.5929355621, 44.6750831604, 46.0948295593, 51.0057907104, 26.9890155792, 39.1455383301, 26.8442764282, 31.1049671173, 33.7839241028, 18.4055709839, 21.9449748993, 20.1326751709, 16.4650802612, 11.7101812363, 7.87016582489, 6.38398075104, 6.34895992279, 3.15319299698, 2.7734978199, 2.75076150894, 2.29972839355, 1.68295657635, 1.18991982937, 0.89620667696, 0.585254669189, 0.401431649923, 0.218473762274, 0.0586782842875, 0.00350135331973, 8.61612497829e-05, 3.03511260427e-05],
        "min": [5.7359047787e-06, 4.63171381853e-05, 0.000529393088073, 0.00754578551278, 0.0177241694182, 0.0293504055589, 0.0158950388432, 0.0351390503347, 0.0607436820865, 0.0289241056889, 0.0861002728343, 0.11205920577, 0.0585445389152, 0.0249323341995, 0.0274240206927, 0.022540519014, 0.0180078931153, 0.0428591407835, 0.0549440160394, 0.0437371879816, 0.0523613989353, 0.0338930562139, 0.0197179913521, 0.0133343478665, 0.0274864435196, 0.0078192120418, 0.00715731130913, 0.00875628367066, 0.00263383542188, 0.00176755932625, 0.00080410274677, 0.00115463521797, 0.00096278754063, 0.000924821186345, 0.000266956194537, 3.46201522916e-05, 1.126241159e-06, 1.26879854179e-07, 2.92273824698e-07, 6.44892850232e-07],
        "stdev": [0.00322177563794, 0.115806922317, 0.922157585621, 4.45477485657, 18.0116539001, 33.6764411926, 34.0472984314, 60.9677085876, 44.0132865906, 42.9262695312, 120.32321167, 96.2973632812, 98.3381118774, 54.1766281128, 92.3495483398, 66.6104507446, 51.4374389648, 67.8567581177, 29.1031093597, 47.3291358948, 35.606136322, 27.945438385, 22.4359359741, 14.0149745941, 11.0692834854, 12.9414491653, 5.52123117447, 8.21319103241, 9.2102432251, 8.10444068909, 6.88441419601, 3.9097366333, 2.18359994888, 1.61758804321, 1.16398143768, 0.653610825539, 0.202345907688, 0.0129770832136, 0.000260539265582, 2.6135954613e-05]
    },
    "gfcc": {
        "mean": [-28.3702144623, 103.790016174, -137.030578613, 12.0638198853, -73.5615234375, 2.41665530205, -55.832069397, -0.576284050941, -36.2674827576, -8.23620891571, -21.7037601471, -10.8350162506, -10.2884483337],
        "cov": [[3033.41015625, -923.424316406, 108.217399597, -104.717300415, -50.6694259644, 101.678787231, -28.3543643951, 250.21182251, -39.459564209, 232.151824951, -158.172714233, 272.690704346, -90.9876861572], [-923.424316406, 1262.97253418, -316.822601318, -57.7956924438, 152.725860596, -285.97052002, 73.5554428101, -137.542510986, 181.02696228, -226.642333984, 196.975402832, -238.229431152, 144.697235107], [108.217399597, -316.822601318, 777.693725586, 127.670875549, 4.94480895996, 118.526649475, -102.332977295, 63.2584877014, -113.980766296, 73.4155807495, -131.936157227, 81.6624450684, -109.629257202], [-104.717300415, -57.7956924438, 127.670875549, 435.056945801, 33.7524223328, 12.1573829651, -38.4760322571, -49.1465644836, 28.0969467163, -45.7819595337, -6.27095460892, -18.6886615753, 24.3261127472], [-50.6694259644, 152.725860596, 4.94480895996, 33.7524223328, 208.705200195, -25.3653068542, -11.7573223114, 7.57697343826, -18.3761024475, 6.23284482956, 3.96310925484, 7.06786108017, -8.86971855164], [101.678787231, -285.97052002, 118.526649475, 12.1573829651, -25.3653068542, 275.19241333, 60.4061927795, 0.217522412539, -81.6214675903, 54.5216560364, -48.7935371399, 37.0907592773, -54.7327880859], [-28.3543643951, 73.5554428101, -102.332977295, -38.4760322571, -11.7573223114, 60.4061927795, 138.551239014, 4.63451957703, 1.46934664249, -24.450548172, 19.2604465485, -20.4823665619, 4.14155483246], [250.21182251, -137.542510986, 63.2584877014, -49.1465644836, 7.57697343826, 0.217522412539, 4.63451957703, 177.339202881, -0.323295205832, 33.5362014771, -57.7821311951, 44.6364898682, -13.5394048691], [-39.459564209, 181.02696228, -113.980766296, 28.0969467163, -18.3761024475, -81.6214675903, 1.46934664249, -0.323295205832, 142.759338379, -21.8187618256, 32.0418739319, -52.3559417725, 40.2668457031], [232.151824951, -226.642333984, 73.4155807495, -45.7819595337, 6.23284482956, 54.5216560364, -24.450548172, 33.5362014771, -21.8187618256, 137.472549438, -21.2388877869, 53.9853744507, -55.3551445007], [-158.172714233, 196.975402832, -131.936157227, -6.27095460892, 3.96310925484, -48.7935371399, 19.2604465485, -57.7821311951, 32.0418739319, -21.2388877869, 135.445037842, -16.3624191284, 37.827709198], [272.690704346, -238.229431152, 81.6624450684, -18.6886615753, 7.06786108017, 37.0907592773, -20.4823665619, 44.6364898682, -52.3559417725, 53.9853744507, -16.3624191284, 144.941894531, -5.43274068832], [-90.9876861572, 144.697235107, -109.629257202, 24.3261127472, -8.86971855164, -54.7327880859, 4.14155483246, -13.5394048691, 40.2668457031, -55.3551445007, 37.827709198, -5.43274068832, 115.869110107]],
        "icov": [[0.000504084979184, 0.000364229839761, 4.33190398326e-05, 0.00011479051318, -0.000166624886333, 0.000193260086235, -0.000228265766054, -0.000206878350582, -0.000454251625342, -0.000148343780893, 0.000142824690556, -0.000460442941403, 3.91709836549e-05], [0.000364229839761, 0.0049550011754, -0.00140552339144, 0.00229674787261, -0.00439962511882, 0.00219936785288, -0.00244294013828, 0.00160197541118, -0.00346765294671, 0.00390492100269, -0.0035053184256, 0.004170127213, -0.0023266619537], [4.33190398326e-05, -0.00140552339144, 0.00267305201851, -0.00138392532244, 0.00153659086209, -0.00112810276914, 0.00218960829079, -0.00114132801536, 0.00186092709191, -0.00107182515785, 0.00197059474885, -0.0018290936714, 0.00209413818084], [0.00011479051318, 0.00229674787261, -0.00138392532244, 0.00409092474729, -0.00280795712024, 0.000177579888259, -0.000323023210512, 0.00166610465385, -0.00303484429605, 0.00312365777791, -0.00154082360677, 0.00190040515736, -0.00173203740269], [-0.000166624886333, -0.00439962511882, 0.00153659086209, -0.00280795712024, 0.00917394086719, -0.000949088076595, 0.00209287693724, -0.00205369316973, 0.00448356196284, -0.00415226770565, 0.00286027160473, -0.0038320296444, 0.0026906314306], [0.000193260086235, 0.00219936785288, -0.00112810276914, 0.000177579888259, -0.000949088076595, 0.00771016720682, -0.0054246825166, 0.00193138734903, 0.00117139227223, -0.00110284530092, 0.000246764131589, 0.00145882659126, -0.000656597316265], [-0.000228265766054, -0.00244294013828, 0.00218960829079, -0.000323023210512, 0.00209287693724, -0.0054246825166, 0.0127359917387, -0.00286791590042, 0.00122359243687, 0.00150094029959, -0.000434019952081, -0.000975369068328, 0.00220621796325], [-0.000206878350582, 0.00160197541118, -0.00114132801536, 0.00166610465385, -0.00205369316973, 0.00193138734903, -0.00286791590042, 0.00894847791642, -0.0027553930413, 0.000419483141741, 0.00239425618201, -0.000606579938903, -0.00134152604733], [-0.000454251625342, -0.00346765294671, 0.00186092709191, -0.00303484429605, 0.00448356196284, 0.00117139227223, 0.00122359243687, -0.0027553930413, 0.0142676746473, -0.00518216146156, 0.00136418372858, 0.00142221560236, -0.000910310831387], [-0.000148343780893, 0.00390492100269, -0.00107182515785, 0.00312365777791, -0.00415226770565, -0.00110284530092, 0.00150094029959, 0.000419483141741, -0.00518216146156, 0.0162870045751, -0.00425101909786, -1.67446487467e-05, 0.00346259307116], [0.000142824690556, -0.0035053184256, 0.00197059474885, -0.00154082360677, 0.00286027160473, 0.000246764131589, -0.000434019952081, 0.00239425618201, 0.00136418372858, -0.00425101909786, 0.0140282269567, -0.00468043982983, 4.16003786086e-06], [-0.000460442941403, 0.004170127213, -0.0018290936714, 0.00190040515736, -0.0038320296444, 0.00145882659126, -0.000975369068328, -0.000606579938903, 0.00142221560236, -1.67446487467e-05, -0.00468043982983, 0.0155400549993, -0.00558464974165], [3.91709836549e-05, -0.0023266619537, 0.00209413818084, -0.00173203740269, 0.0026906314306, -0.000656597316265, 0.00220621796325, -0.00134152604733, -0.000910310831387, 0.00346259307116, 4.16003786086e-06, -0.00558464974165, 0.0152792716399]]
    },
    "melbands": {
        "max": [0.000692167668603, 0.00381426303647, 0.0111340647563, 0.0187239516526, 0.012010011822, 0.0120196938515, 0.00672479532659, 0.00610219361261, 0.0140385646373, 0.00567435193807, 0.00758805125952, 0.00293153268285, 0.00361824501306, 0.00850746501237, 0.0011004214175, 0.0010851531988, 0.0021685922984, 0.00063546403544, 0.000609677110333, 0.000564240792301, 0.000961998011917, 0.000432237167843, 0.000254144222708, 0.00031449960079, 0.000111857545562, 8.98510406842e-05, 0.000107011990622, 9.99975891318e-05, 4.14775531681e-05, 5.90249801462e-05, 9.88824758679e-05, 7.56946683396e-05, 7.98515757197e-05, 9.48471861193e-05, 0.000112165704195, 8.65677502588e-05, 4.3771800847e-05, 2.45558858296e-05, 1.5756351786e-05, 1.83773572644e-05],
        "mean": [2.86553604383e-05, 0.000226436779485, 0.000783273600973, 0.00113631645218, 0.000694696151186, 0.000636604963802, 0.000361900340067, 0.0002461221884, 0.000385307444958, 0.000279562053038, 0.000248942989856, 0.00010124383698, 0.000137762544909, 8.38883352117e-05, 6.17997793597e-05, 5.92481846979e-05, 6.37391276541e-05, 2.79873438558e-05, 2.9184464438e-05, 2.51075798587e-05, 2.55802624451e-05, 1.7877559003e-05, 1.4452672076e-05, 8.64347020979e-06, 6.07327910984e-06, 4.5880228754e-06, 4.52868243883e-06, 4.02514206144e-06, 1.92549032363e-06, 1.62672768056e-06, 1.63322124536e-06, 1.56409396368e-06, 1.40686245231e-06, 1.27424107177e-06, 1.02958927073e-06, 7.90103570125e-07, 6.95088488101e-07, 6.50877097996e-07, 5.33894478849e-07, 4.77694015899e-07],
        "min": [4.64584566373e-08, 1.54412887809e-07, 1.80345489298e-06, 1.47099456171e-06, 4.41591822664e-07, 8.29610087294e-07, 8.75723628724e-07, 1.56194545298e-07, 3.22907766304e-07, 5.76371121497e-07, 2.67636067974e-07, 8.88341347149e-08, 8.96394070082e-08, 6.4718193471e-08, 3.37266463646e-08, 3.20570663348e-08, 8.58965947259e-08, 4.90504667994e-08, 4.28393498453e-08, 5.28414858536e-08, 3.27125633248e-08, 1.93618330258e-08, 6.17652240464e-09, 6.60704024824e-09, 6.62954713349e-09, 1.37631914754e-08, 1.1535163047e-08, 4.14939593796e-09, 3.05847591697e-09, 6.4883618478e-09, 3.43821882076e-09, 1.40279987626e-09, 7.65765062472e-10, 7.12286674087e-10, 4.48078629756e-10, 4.35381758424e-10, 4.31715191374e-10, 5.10634923234e-10, 7.62688856515e-10, 1.42003603321e-10],
        "stdev": [6.17000769125e-05, 0.000360809033737, 0.00109277688898, 0.0015947597567, 0.00123820197769, 0.00125980598386, 0.000641527352855, 0.000468217622256, 0.000987359788269, 0.000559628999326, 0.000493674364407, 0.00022426104988, 0.000318212842103, 0.000333091622451, 9.58039381658e-05, 9.68556778389e-05, 0.000136914910399, 4.95003478136e-05, 6.42591185169e-05, 5.20238900208e-05, 5.21895817656e-05, 3.42877792718e-05, 2.63366582658e-05, 1.87309433386e-05, 1.15708999147e-05, 8.56452788867e-06, 8.6742302301e-06, 8.54268910189e-06, 3.39457506016e-06, 3.86924421036e-06, 5.2190630413e-06, 5.17887474416e-06, 4.97074142913e-06, 4.80014432469e-06, 4.52089534519e-06, 3.07993423121e-06, 2.1778791961e-06, 1.64268487879e-06, 1.35979757943e-06, 1.40240376822e-06]
    },
    "melbands128": {
        "max": [7.28444865672e-05, 0.000175222579855, 0.000832813850138, 0.00297355977818, 0.00544464448467, 0.00392630277202, 0.012563851662, 0.015471576713, 0.0243657175452, 0.0280968546867, 0.0329963378608, 0.0273538008332, 0.0202541276813, 0.00951032619923, 0.0162367280573, 0.0223887786269, 0.0126651450992, 0.0107254888862, 0.00910177640617, 0.00916866213083, 0.0110671408474, 0.0173872373998, 0.0266427472234, 0.0140460720286, 0.0130520649254, 0.00846672337502, 0.0126019800082, 0.0142109766603, 0.00619417708367, 0.00504818698391, 0.00379289733246, 0.00318843848072, 0.00712847197428, 0.00551648018882, 0.0201072413474, 0.00610296381637, 0.00234951730818, 0.00178708916064, 0.00306015531532, 0.00238281814381, 0.00126261846162, 0.00439465418458, 0.00409635202959, 0.00265291216783, 0.00133764976636, 0.000404484075261, 0.00137643155176, 0.00127068825532, 0.00119395181537, 0.00139900052454, 0.000871529278811, 0.000397131079808, 0.00053783779731, 0.00234136474319, 0.00142234715167, 0.000543418922462, 0.00045505509479, 0.000506440585013, 0.000291040836601, 0.000881671905518, 0.000646982516628, 0.000187796773389, 0.000192455670913, 0.000129648440634, 0.000132288711029, 0.000164515106007, 0.000124896978377, 0.000125165985082, 0.0001791734976, 0.000383734120987, 0.00016145184054, 0.000111629007733, 6.72014502925e-05, 5.45359434909e-05, 8.87932837941e-05, 6.5444932261e-05, 8.13721126178e-05, 0.00013644451974, 0.000118526499136, 0.000123518504552, 7.62108466006e-05, 0.000134935151436, 9.29827365326e-05, 9.32018592721e-05, 8.11871796031e-05, 7.34768254915e-05, 0.000138655625051, 9.7110743809e-05, 0.000160333307576, 0.000101406374597, 0.000127344334032, 7.46539371903e-05, 7.95728919911e-05, 3.73049042537e-05, 6.24505046289e-05, 3.79967095796e-05, 2.00875274459e-05, 2.81787743006e-05, 1.91811559489e-05, 1.5669827917e-05, 3.14179524139e-05, 1.7053069314e-05, 1.72100135387e-05, 2.65294147539e-05, 2.52789577644e-05, 2.15206800931e-05, 1.71348438016e-05, 2.81234442809e-05, 1.39842859426e-05, 2.22578710236e-05, 1.72468808159e-05, 1.52560160132e-05, 6.59135048409e-06, 5.01386466567e-06, 6.69882319926e-06, 6.0610204855e-07, 1.61220611972e-07, 1.14467972878e-08, 1.1244575937e-08, 1.10072093662e-08, 1.07615392153e-08, 1.05498241254e-08, 1.0343487844e-08, 1.01785246898e-08, 1.00201855702e-08, 9.90186777017e-09, 9.81677228395e-09, 9.76404379571e-09],
        "mean": [3.19610876431e-06, 6.45031832391e-06, 2.28820972552e-05, 0.000100060307886, 0.000219050198211, 0.000288958894089, 0.000498857756611, 0.000917112804018, 0.00125720724463, 0.00116543774493, 0.00109768414404, 0.000880206527654, 0.000552726734895, 0.000514511601068, 0.000599010265432, 0.000831474782899, 0.000484818272525, 0.000248283176916, 0.000222212300287, 0.000278863706626, 0.000196057721041, 0.000317170401104, 0.000475165201351, 0.000352807925083, 0.000330119451974, 0.000176451459993, 0.000338742160238, 0.00030663103098, 0.00012754254567, 0.000110368979222, 7.84327203291e-05, 9.66947045526e-05, 0.00020493066404, 9.62674967013e-05, 0.00010238050163, 7.42571573937e-05, 7.39709939808e-05, 2.4995435524e-05, 8.98453872651e-05, 8.84673281689e-05, 2.06985587283e-05, 7.09536179784e-05, 7.42523625377e-05, 6.73757313052e-05, 2.25105522986e-05, 1.87000005099e-05, 3.45168591593e-05, 2.47873140324e-05, 2.59997177636e-05, 4.21655968239e-05, 2.01019629458e-05, 1.5552412151e-05, 2.13845578401e-05, 3.17651429214e-05, 3.22005980706e-05, 9.79260221357e-06, 1.17126655823e-05, 2.22836133617e-05, 1.13657388283e-05, 7.84369149187e-06, 1.023087043e-05, 7.29221164875e-06, 7.59003614803e-06, 5.09104938828e-06, 4.6253489927e-06, 4.21732420364e-06, 5.19280592925e-06, 4.36689242633e-06, 3.37781057169e-06, 6.41784663458e-06, 4.5990250328e-06, 2.72718011729e-06, 1.90436276171e-06, 1.8525872747e-06, 1.77311403604e-06, 1.85628289273e-06, 1.35556865644e-06, 1.50813286837e-06, 1.77983406502e-06, 1.61424156886e-06, 1.60366209911e-06, 1.4458937585e-06, 1.67275857166e-06, 1.41039345181e-06, 1.24665848489e-06, 1.1110878404e-06, 1.44529417412e-06, 1.24249049804e-06, 1.06838854208e-06, 7.63379659929e-07, 8.48383137964e-07, 7.77995808221e-07, 7.72343014432e-07, 6.09274763974e-07, 7.6005937899e-07, 6.48204206755e-07, 6.65681398004e-07, 5.77507989874e-07, 5.7470072079e-07, 4.44369447905e-07, 5.15128476763e-07, 4.62573211735e-07, 4.43663253691e-07, 6.04986382768e-07, 4.09271564195e-07, 4.10913969517e-07, 3.72338007537e-07, 5.76041429667e-07, 3.43275303294e-07, 3.18233134067e-07, 2.73404623385e-07, 2.48354552923e-07, 1.77405141244e-07, 1.24575876725e-07, 7.90377967519e-08, 9.58412904595e-09, 1.57984092475e-09, 1.1091310162e-11, 9.55256620333e-12, 9.2276906602e-12, 9.00835395862e-12, 8.81870618197e-12, 8.64853848259e-12, 8.49885526538e-12, 8.34847295461e-12, 8.20456896866e-12, 8.1103535346e-12, 8.06270501752e-12],
        "min": [5.10246234153e-10, 5.0099564497e-09, 3.46104345184e-09, 4.82687454451e-08, 7.57560059128e-08, 1.23991000578e-07, 5.0735323498e-08, 3.20788160479e-07, 1.38109271575e-06, 9.14717816158e-07, 2.30018954994e-07, 2.5436511919e-07, 1.50695612433e-07, 4.81951367703e-08, 2.58383920482e-07, 3.94380180069e-07, 4.15796279185e-07, 1.06029908409e-07, 1.04671769918e-07, 1.09738280685e-07, 4.80210324838e-08, 8.8953996169e-08, 2.8673244401e-07, 2.62840256227e-08, 8.30252755435e-09, 1.06807746647e-07, 2.07828350085e-07, 2.02205683308e-07, 7.28871469846e-08, 1.51627137512e-08, 3.49410029798e-08, 3.41578854091e-08, 4.13673646449e-08, 6.01971663627e-08, 1.0558449226e-08, 2.40824018505e-08, 1.62048365837e-08, 1.97330027873e-08, 3.33131389141e-09, 3.03205260899e-09, 4.68747307636e-09, 1.26940902234e-08, 3.79952318497e-08, 5.78106629234e-09, 2.39150788062e-09, 4.72437511334e-09, 1.53549561954e-09, 2.29243601879e-09, 1.59653481546e-08, 3.12386774226e-08, 4.92167151478e-09, 1.96861549284e-08, 1.60954929385e-08, 9.81897674279e-09, 4.56730919751e-09, 4.09299349968e-09, 3.33287308862e-09, 7.26601090406e-09, 2.84934498218e-09, 1.90755988783e-09, 1.09187077157e-08, 3.73759201366e-09, 4.08564249099e-09, 4.82390483114e-09, 1.30473165605e-09, 1.98306193688e-09, 6.36083674621e-09, 4.50079840064e-09, 1.84191173425e-09, 3.27863980409e-09, 3.53829943123e-09, 8.27129809089e-10, 7.16976922277e-10, 2.80466094793e-09, 2.13328510412e-09, 4.87305307217e-09, 7.71548269718e-10, 1.15604574524e-10, 1.80328174615e-09, 1.00170416406e-09, 8.79540107412e-10, 9.26397070167e-10, 7.02711278056e-10, 6.52189968697e-10, 2.48568637895e-10, 6.3072302936e-10, 3.62494839701e-10, 1.5920015306e-10, 4.68343086535e-10, 1.28355354123e-10, 9.67384644612e-11, 1.2672964067e-10, 2.865019888e-10, 6.07022765386e-11, 5.94875329551e-11, 8.32072952206e-11, 2.64676960904e-11, 5.77555815673e-11, 3.62834831624e-11, 1.043362792e-11, 4.25700447115e-11, 1.95858845635e-12, 1.24896187143e-11, 6.24730545074e-11, 1.02526138621e-11, 2.96077789022e-12, 9.74247592322e-12, 1.41429454953e-11, 1.04650337875e-12, 1.15588297939e-13, 6.46624206545e-14, 6.47466089532e-14, 3.92356130495e-14, 4.95906992499e-14, 5.60700845562e-14, 6.50512223298e-14, 5.01674981938e-14, 6.58939455734e-14, 4.70011162423e-14, 5.39093475535e-14, 5.01486296879e-14, 4.51796091587e-14, 4.87258989396e-14, 5.95689066108e-14, 4.17781823405e-14, 1.47140143087e-14, 2.27004046359e-15, 9.39667911437e-17],
        "stdev": [6.26062364972e-06, 1.31695469463e-05, 5.50610493519e-05, 0.00023543293355, 0.000457338610431, 0.000464883778477, 0.000846385606565, 0.00151625752915, 0.00225686095655, 0.00199789530598, 0.00240440806374, 0.00211164611392, 0.00152813689783, 0.00103625818156, 0.00150920939632, 0.00218581734225, 0.0010723429732, 0.000761950854212, 0.000605324865319, 0.000682829064317, 0.000582160719205, 0.00103128550109, 0.00163352466188, 0.0010565253906, 0.0010433314601, 0.000461209303467, 0.000809080665931, 0.00079769192962, 0.000411567714764, 0.000335818738677, 0.000258923246292, 0.000254575657891, 0.000578590959776, 0.000288555573206, 0.000713633489795, 0.000298752973322, 0.000190103135537, 7.04214617144e-05, 0.00018313433975, 0.000192720588529, 6.98508811183e-05, 0.000193038315047, 0.000230276753427, 0.000203332077945, 7.95725209173e-05, 3.69497138308e-05, 7.88854740676e-05, 8.28674601507e-05, 8.05736417533e-05, 0.000111920031486, 5.32561680302e-05, 3.48013054463e-05, 5.12033766427e-05, 9.95794980554e-05, 8.23441150715e-05, 2.60149881797e-05, 3.06550900859e-05, 4.72245192213e-05, 2.30959303735e-05, 2.9927417927e-05, 2.97825445159e-05, 1.43303113873e-05, 1.83898082469e-05, 1.07268897409e-05, 1.05774252006e-05, 1.006281218e-05, 1.11103981908e-05, 9.95389382297e-06, 8.46276634547e-06, 1.9996017727e-05, 1.10612454591e-05, 7.09029791324e-06, 4.42851796834e-06, 3.67563507098e-06, 4.30652289651e-06, 4.37311609858e-06, 4.32215801993e-06, 5.7755933085e-06, 5.91221987634e-06, 5.26779922438e-06, 5.15978626936e-06, 5.88098782828e-06, 6.57182681607e-06, 5.17676608069e-06, 4.49412800663e-06, 4.18168656324e-06, 6.37614903098e-06, 5.26225494468e-06, 5.99888107899e-06, 3.32229478772e-06, 3.68827909369e-06, 3.28449209519e-06, 3.00841566059e-06, 1.83512725016e-06, 2.63742640527e-06, 1.96070709535e-06, 1.58449529408e-06, 1.50651283093e-06, 1.61079992722e-06, 1.2533289464e-06, 1.7697398107e-06, 1.42828082517e-06, 1.35509708343e-06, 1.77907611487e-06, 1.35999698614e-06, 1.4786102156e-06, 1.32519051022e-06, 1.67850191701e-06, 1.07645053049e-06, 1.18440527785e-06, 1.01950558928e-06, 9.41189000514e-07, 6.31478258128e-07, 4.88003024657e-07, 3.66271450503e-07, 4.14688479111e-08, 7.89354714925e-09, 2.52010051716e-10, 2.46990788932e-10, 2.41735020889e-10, 2.36341918258e-10, 2.31683935925e-10, 2.27156446431e-10, 2.2352683593e-10, 2.20054141575e-10, 2.1745789891e-10, 2.15589920916e-10, 2.14431611356e-10]
    },
    "mfcc": {
        "mean": [-666.821655273, 136.12512207, -12.1390428543, 6.7383351326, -3.82760000229, -8.06513118744, -9.67673492432, -8.28254699707, -10.3071136475, -7.51242828369, -9.48692893982, -9.00406360626, -10.6155815125],
        "cov": [[3083.84204102, -702.819946289, -168.970657349, -134.559921265, -68.4917449951, -61.444190979, -51.2617492676, 61.7640075684, 126.217575073, 50.9227752686, -25.8410491943, 76.3984985352, 106.354057312], [-702.819946289, 1098.7532959, -314.166290283, 31.9159526825, 31.8811531067, -153.673126221, -32.6545600891, -33.1246643066, -49.8540153503, 26.6109428406, 6.249958992, 8.81682109833, -23.4660987854], [-168.970657349, -314.166290283, 660.359863281, 53.5305252075, 77.6595993042, 93.124458313, 25.7006168365, 13.0598192215, 19.8766403198, -14.197145462, -11.1638479233, -9.21169090271, -32.3475532532], [-134.559921265, 31.9159526825, 53.5305252075, 324.147033691, 126.937080383, -18.1530475616, -54.7814025879, 2.64493513107, 0.429688721895, 0.236250415444, -50.3137741089, -3.15222859383, 19.4642772675], [-68.4917449951, 31.8811531067, 77.6595993042, 126.937080383, 193.580963135, 4.11393785477, -5.22665643692, -8.13829231262, 10.4270238876, -11.7544975281, -25.5437545776, 18.2565078735, 13.434419632], [-61.444190979, -153.673126221, 93.124458313, -18.1530475616, 4.11393785477, 225.220291138, 69.7495956421, -2.29691410065, -21.4832439423, -24.0716686249, 29.2969760895, 3.58002638817, -23.9590053558], [-51.2617492676, -32.6545600891, 25.7006168365, -54.7814025879, -5.22665643692, 69.7495956421, 166.671661377, 38.4415664673, -9.13632392883, -13.571557045, 10.5485048294, 3.24321222305, -7.99687290192], [61.7640075684, -33.1246643066, 13.0598192215, 2.64493513107, -8.13829231262, -2.29691410065, 38.4415664673, 101.690574646, 37.3336105347, -3.29348659515, -18.3305397034, -4.57948875427, 9.21983909607], [126.217575073, -49.8540153503, 19.8766403198, 0.429688721895, 10.4270238876, -21.4832439423, -9.13632392883, 37.3336105347, 117.852119446, 33.118270874, -11.6281099319, -14.8137321472, 4.37960958481], [50.9227752686, 26.6109428406, -14.197145462, 0.236250415444, -11.7544975281, -24.0716686249, -13.571557045, -3.29348659515, 33.118270874, 105.360969543, 30.0979480743, -19.0347385406, -14.5191831589], [-25.8410491943, 6.249958992, -11.1638479233, -50.3137741089, -25.5437545776, 29.2969760895, 10.5485048294, -18.3305397034, -11.6281099319, 30.0979480743, 116.667694092, 8.23466873169, -27.2691745758], [76.3984985352, 8.81682109833, -9.21169090271, -3.15222859383, 18.2565078735, 3.58002638817, 3.24321222305, -4.57948875427, -14.8137321472, -19.0347385406, 8.23466873169, 95.5217819214, 45.0928573608], [106.354057312, -23.4660987854, -32.3475532532, 19.4642772675, 13.434419632, -23.9590053558, -7.99687290192, 9.21983909607, 4.37960958481, -14.5191831589, -27.2691745758, 45.0928573608, 110.967697144]],
        "icov": [[0.000478982634377, 0.000405304512242, 0.00027371221222, 0.00021726207342, -9.12452305784e-05, 0.000179910188308, 0.00017700533499, -0.000182434159797, -0.000226826305152, -0.000322963140206, 0.000178382688318, -0.00048384926049, -4.67272620881e-05], [0.000405304512242, 0.00158398784697, 0.00078400131315, 0.000126233600895, -0.00055369164329, 0.000934426439926, -2.19399116759e-05, -7.83847281127e-05, 0.000403552694479, -0.000549286662135, 0.000152907683514, -0.00069360359339, 0.000658255070448], [0.00027371221222, 0.00078400131315, 0.00214217114262, 2.23106362682e-05, -0.000888343784027, -0.000263839203399, 5.7074958022e-05, -0.000252331548836, -0.000207157907425, -0.000183609226951, 0.000307568261633, -0.000401936820708, 0.000822723610327], [0.00021726207342, 0.000126233600895, 2.23106362682e-05, 0.00496928347275, -0.00316671538167, -0.000259914668277, 0.00188136880752, -0.00131481152494, 0.00112930277828, -0.00108690501656, 0.00140783621464, 0.000562823843211, -0.000544112350326], [-9.12452305784e-05, -0.00055369164329, -0.000888343784027, -0.00316671538167, 0.0080763315782, -0.000158307288075, -0.00116965908092, 0.00187437352724, -0.00184249540325, 0.00101165799424, 0.000426025420893, -0.00157915533055, -3.36269658874e-05], [0.000179910188308, 0.000934426439926, -0.000263839203399, -0.000259914668277, -0.000158307288075, 0.00645332410932, -0.00242045056075, 0.000779755529948, 0.00043886192725, 0.00114826636855, -0.0014116774546, -0.000479582580738, 0.00114803423639], [0.00017700533499, -2.19399116759e-05, 5.7074958022e-05, 0.00188136880752, -0.00116965908092, -0.00242045056075, 0.00865934416652, -0.00415698625147, 0.00149411405437, -0.00025607162388, 5.51733637622e-06, -9.32274997467e-05, 4.75449232908e-05], [-0.000182434159797, -7.83847281127e-05, -0.000252331548836, -0.00131481152494, 0.00187437352724, 0.000779755529948, -0.00415698625147, 0.0137896575034, -0.00476071517915, 0.00150277395733, 0.00109775096644, 0.00027089039213, -0.00064432102954], [-0.000226826305152, 0.000403552694479, -0.000207157907425, 0.00112930277828, -0.00184249540325, 0.00043886192725, 0.00149411405437, -0.00476071517915, 0.0122322905809, -0.00403210287914, 0.00104465556797, 0.0014464086853, -0.000476092478493], [-0.000322963140206, -0.000549286662135, -0.000183609226951, -0.00108690501656, 0.00101165799424, 0.00114826636855, -0.00025607162388, 0.00150277395733, -0.00403210287914, 0.0130821876228, -0.00423653889447, 0.00236004567705, 0.000183351614396], [0.000178382688318, 0.000152907683514, 0.000307568261633, 0.00140783621464, 0.000426025420893, -0.0014116774546, 5.51733637622e-06, 0.00109775096644, 0.00104465556797, -0.00423653889447, 0.011946122162, -0.0031214801129, 0.00286544021219], [-0.00048384926049, -0.00069360359339, -0.000401936820708, 0.000562823843211, -0.00157915533055, -0.000479582580738, -9.32274997467e-05, 0.00027089039213, 0.0014464086853, 0.00236004567705, -0.0031214801129, 0.0153027521446, -0.00657421629876], [-4.67272620881e-05, 0.000658255070448, 0.000822723610327, -0.000544112350326, -3.36269658874e-05, 0.00114803423639, 4.75449232908e-05, -0.00064432102954, -0.000476092478493, 0.000183351614396, 0.00286544021219, -0.00657421629876, 0.0132582187653]]
    },
    "spectral_contrast_coeffs": {
        "max": [-0.314867675304, -0.383039474487, -0.434875011444, -0.585310339928, -0.587623000145, -0.63145595789],
        "mean": [-0.614755213261, -0.721161961555, -0.711946606636, -0.753521084785, -0.765419006348, -0.762595534325],
        "min": [-0.872368693352, -0.926929116249, -0.890848457813, -0.897328436375, -0.889506220818, -0.942713797092],
        "stdev": [0.0796924605966, 0.0835043415427, 0.0696649104357, 0.0483501926064, 0.0416333153844, 0.0411256365478]
    },
    "spectral_contrast_valleys": {
        "max": [-5.38722324371, -4.49574041367, -5.61361980438, -6.01045179367, -6.28209924698, -7.97147893906],
        "mean": [-7.3203125, -6.76372814178, -7.63807725906, -7.88049983978, -8.13787651062, -10.9638500214],
        "min": [-9.94281959534, -8.90486049652, -10.3750305176, -10.4263048172, -10.7842102051, -13.6945314407],
        "stdev": [0.734648048878, 0.733664393425, 0.746661782265, 0.733015179634, 0.770290255547, 1.07749831676]
    }
},
"rhythm": {
    "beats_count": 101,
    "beats_loudness": {
        "max": 0.0664786621928,
        "mean": 0.0269741918892,
        "min": 0.00170805107336,
        "stdev": 0.0164186060429
    },
    "bpm": 125.667259216,
    "bpm_histogram_first_peak_bpm": 126,
    "bpm_histogram_first_peak_weight": 0.536842107773,
    "bpm_histogram_second_peak_bpm": 120,
    "bpm_histogram_second_peak_spread": 0,
    "bpm_histogram_second_peak_weight": 0.0299999993294,
    "danceability": 1.01956069469,
    "onset_rate": 3.69140625,
    "beats_loudness_band_ratio": {
        "max": [0.831449627876, 0.950403690338, 0.840162575245, 0.752361953259, 0.436961382627, 0.355069875717],
        "mean": [0.222599178553, 0.352640479803, 0.269652634859, 0.153266832232, 0.0668672025204, 0.0452392585576],
        "min": [0.00265712849796, 0.0282795820385, 0.0166770666838, 0.00683597428724, 0.00221414747648, 0.00089025933994],
        "stdev": [0.208252370358, 0.200729101896, 0.181408330798, 0.156682655215, 0.0727173238993, 0.0566424876451]
    },
