{
"metadata": {
    "version": {
        "essentia": "2.1-beta5",
        "essentia_git_sha": "Undefined",
        "extractor": "music 2.0"
    },
    "audio_properties": {
        "analysis": {
            "equal_loudness": 0,
            "length": 41.3779602051,
            "sample_rate": 44100,
            "start_time": 126.490699768,
            "downmix": "mix"
        },
        "bit_rate": 192000,
        "length": 167.880981445,
        "lossless": 0,
        "number_channels": 1,
        "replay_gain": -18.7672348022,
        "sample_rate": 48000,
        "codec": "mp3",
        "md5_encoded": "0a7b0da02fe776da206ad8c684dee286"
    },
    "tags": {
        "file_name": "Morocco_Bitakat Hob_Samira Bensaïd.mp3",
        "encoding": ["Lavf58.29.100"]
    }
},
"lowlevel": {
    "average_loudness": 0.976692140102,
    "barkbands_crest": {
        "max": 22.0578765869,
        "mean": 7.44678401947,
        "min": 2.57937884331,
        "stdev": 2.89473199844
    },
    "barkbands_flatness_db": {
        "max": 0.242609977722,
        "mean": 0.121710859239,
        "min": 0.0732013434172,
        "stdev": 0.0212539918721
    },
    "barkbands_kurtosis": {
        "max": 75.1011886597,
        "mean": 0.414528638124,
        "min": -1.49595081806,
        "stdev": 2.38141989708
    },
    "barkbands_skewness": {
        "max": 7.8718791008,
        "mean": 0.370527714491,
        "min": -1.5855576992,
        "stdev": 0.707577049732
    },
    "barkbands_spread": {
        "max": 53.5994911194,
        "mean": 20.5924224854,
        "min": 3.01149368286,
        "stdev": 6.64989805222
    },
    "dissonance": {
        "max": 0.499999940395,
        "mean": 0.475082308054,
        "min": 0.380719035864,
        "stdev": 0.0177602805197
    },
    "dynamic_complexity": 1.28543651104,
    "erbbands_crest": {
        "max": 24.6496601105,
        "mean": 9.32845973969,
        "min": 2.9637093544,
        "stdev": 3.79304671288
    },
    "erbbands_flatness_db": {
        "max": 0.293614059687,
        "mean": 0.208107292652,
        "min": 0.065774589777,
        "stdev": 0.0253496896476
    },
    "erbbands_kurtosis": {
        "max": 5.84668254852,
        "mean": 0.237538322806,
        "min": -1.39321255684,
        "stdev": 0.916747033596
    },
    "erbbands_skewness": {
        "max": 2.18947076797,
        "mean": 0.258198797703,
        "min": -1.34418940544,
        "stdev": 0.462359666824
    },
    "erbbands_spread": {
        "max": 64.9379196167,
        "mean": 25.5143890381,
        "min": 8.07298374176,
        "stdev": 9.01392841339
    },
    "hfc": {
        "max": 93.9799880981,
        "mean": 35.8080825806,
        "min": 1.7339396436e-05,
        "stdev": 16.7932090759
    },
    "loudness_ebu128": {
        "integrated": -7.38713598251,
        "loudness_range": 2.46220207214,
        "momentary": {
            "max": -5.15776157379,
            "mean": -7.62251806259,
            "min": -14.8279390335,
            "stdev": 1.52709984779
        },
        "short_term": {
            "max": -5.49699497223,
            "mean": -7.3787779808,
            "min": -9.02238464355,
            "stdev": 0.747248589993
        }
    },
    "melbands_crest": {
        "max": 33.1849212646,
        "mean": 9.47067928314,
        "min": 3.58129453659,
        "stdev": 3.65689182281
    },
    "melbands_flatness_db": {
        "max": 0.292440593243,
        "mean": 0.115402787924,
        "min": 0.0484035164118,
        "stdev": 0.0303359106183
    },
    "melbands_kurtosis": {
        "max": 77.3534545898,
        "mean": 2.13372421265,
        "min": -1.28945851326,
        "stdev": 3.97220516205
    },
    "melbands_skewness": {
        "max": 7.69272756577,
        "mean": 0.918163597584,
        "min": -0.945374488831,
        "stdev": 0.824336051941
    },
    "melbands_spread": {
        "max": 116.04548645,
        "mean": 35.9699401855,
        "min": 3.94607830048,
        "stdev": 13.6596336365
    },
    "pitch_salience": {
        "max": 0.864152729511,
        "mean": 0.626949846745,
        "min": 0.212378129363,
        "stdev": 0.0717835724354
    },
    "silence_rate_20dB": {
        "max": 1,
        "mean": 1,
        "min": 1,
        "stdev": 0
    },
    "silence_rate_30dB": {
        "max": 1,
        "mean": 1,
        "min": 1,
        "stdev": 0
    },
    "silence_rate_60dB": {
        "max": 1,
        "mean": 0.00448682019487,
        "min": 0,
        "stdev": 0.0668332800269
    },
    "spectral_centroid": {
        "max": 3370.84570312,
        "mean": 2016.29052734,
        "min": 489.424468994,
        "stdev": 505.497711182
    },
    "spectral_complexity": {
        "max": 53,
        "mean": 28.9792480469,
        "min": 0,
        "stdev": 6.78596305847
    },
    "spectral_decrease": {
        "max": -8.64508524446e-14,
        "mean": -5.7022155886e-09,
        "min": -1.40751259536e-08,
        "stdev": 1.95261695701e-09
    },
    "spectral_energy": {
        "max": 0.0560616627336,
        "mean": 0.0247693713754,
        "min": 3.27858373339e-07,
        "stdev": 0.0083937747404
    },
    "spectral_energyband_high": {
        "max": 0.00716940732673,
        "mean": 0.00142441969365,
        "min": 5.78884495894e-10,
        "stdev": 0.000976324372459
    },
    "spectral_energyband_low": {
        "max": 0.0155943771824,
        "mean": 0.00117011857219,
        "min": 1.55252507739e-07,
        "stdev": 0.00168944103643
    },
    "spectral_energyband_middle_high": {
        "max": 0.0419662706554,
        "mean": 0.0149192931131,
        "min": 2.74356293239e-09,
        "stdev": 0.00864980462939
    },
    "spectral_energyband_middle_low": {
        "max": 0.0448148995638,
        "mean": 0.00774073693901,
        "min": 8.55296811153e-09,
        "stdev": 0.00633178558201
    },
    "spectral_entropy": {
        "max": 8.20199680328,
        "mean": 7.69946908951,
        "min": 7.1878490448,
        "stdev": 0.149047479033
    },
    "spectral_flux": {
        "max": 0.186074838042,
        "mean": 0.0927676931024,
        "min": 0.0232240501791,
        "stdev": 0.0240033250302
    },
    "spectral_kurtosis": {
        "max": 9.64912509918,
        "mean": 2.99212670326,
        "min": 0.250943422318,
        "stdev": 1.33310818672
    },
    "spectral_rms": {
        "max": 0.00739555992186,
        "mean": 0.00483134016395,
        "min": 1.78846821655e-05,
        "stdev": 0.00090740993619
    },
    "spectral_rolloff": {
        "max": 5878.56445312,
        "mean": 2385.14575195,
        "min": 43.06640625,
        "stdev": 853.178161621
    },
    "spectral_skewness": {
        "max": 2.06377077103,
        "mean": 1.17834663391,
        "min": 0.563598871231,
        "stdev": 0.203746974468
    },
    "spectral_spread": {
        "max": 5769197.5,
        "mean": 3584365.5,
        "min": 2442945.25,
        "stdev": 507641.125
    },
    "spectral_strongpeak": {
        "max": 11.6086711884,
        "mean": 2.37247991562,
        "min": 0,
        "stdev": 1.87957572937
    },
    "zerocrossingrate": {
        "max": 0.169921875,
        "mean": 0.0838937312365,
        "min": 0.001953125,
        "stdev": 0.0202396437526
    },
    "barkbands": {
        "max": [0.000420809956267, 0.00585270114243, 0.00751609681174, 0.0186605677009, 0.025644429028, 0.0122772194445, 0.0178827047348, 0.0210750028491, 0.0130399540067, 0.0273620523512, 0.0272095389664, 0.0231118202209, 0.0137685211375, 0.0174692329019, 0.0287160109729, 0.0165158696473, 0.0119522958994, 0.00575039209798, 0.00721205305308, 0.00308960326947, 0.00502131832764, 0.00226484355517, 0.0011991802603, 0.00138319283724, 0.000281901622657, 4.63460401079e-06, 4.84583415528e-06],
        "mean": [4.86994176754e-05, 0.00032487581484, 0.000497465429362, 0.000827162992209, 0.00178720371332, 0.00113513809629, 0.00112472777255, 0.00104217103217, 0.00150820903946, 0.00259840022773, 0.0017659405712, 0.00117027701344, 0.00183968746569, 0.0014403492678, 0.00252070045099, 0.000978851458058, 0.00102983054239, 0.000695760885719, 0.000823483802378, 0.000558833882678, 0.000558298139367, 0.000174772838363, 0.000125083795865, 0.000160117866471, 3.32287127094e-05, 8.83510509198e-08, 5.73118477121e-08],
        "min": [2.66287798922e-07, 4.34612914546e-08, 4.7263277736e-09, 2.40847963795e-09, 2.94471269591e-09, 1.28860644377e-09, 7.99632859927e-10, 4.8411863407e-10, 4.91443719053e-10, 3.42246175844e-10, 2.62954935604e-10, 2.07046629841e-10, 2.24049917508e-10, 2.95598712174e-10, 5.8219984389e-10, 2.56968446521e-10, 2.53721127441e-10, 1.9473518631e-10, 1.43337078318e-10, 1.63950450438e-10, 1.17637011243e-10, 9.24541485037e-11, 6.22440154974e-11, 6.18574289013e-11, 5.24135353175e-11, 4.879500623e-11, 5.00394821065e-12],
        "stdev": [3.47414970747e-05, 0.000688409956638, 0.000843325222377, 0.0014060116373, 0.00273217377253, 0.00149754795711, 0.0013501427602, 0.0021543588955, 0.00180064700544, 0.00345514575019, 0.00316219218075, 0.00169727311004, 0.00182003132068, 0.00200468441471, 0.00349887530319, 0.00126609846484, 0.00118261610623, 0.000650068745017, 0.000763453659602, 0.000389707682189, 0.000538026448339, 0.000239914428676, 0.000132272660267, 0.000140938602271, 3.3335549233e-05, 1.9618096303e-07, 1.92694940893e-07]
    },
    "erbbands": {
        "max": [0.0557128973305, 1.75139391422, 6.86618280411, 41.6994361877, 82.3077774048, 119.20223999, 177.408309937, 105.878578186, 115.032806396, 357.259765625, 513.259460449, 377.807556152, 545.159423828, 1085.23791504, 1112.09960938, 1010.13275146, 755.046447754, 680.080200195, 1437.70288086, 975.838928223, 716.953674316, 435.061859131, 303.74520874, 335.137542725, 506.294189453, 157.831237793, 276.377532959, 81.3943252563, 68.2777252197, 49.8509674072, 43.3929443359, 25.6907653809, 27.0547924042, 4.61029577255, 0.335079699755, 0.0197526812553, 0.00861591566354, 0.00303144310601, 0.000693846610375, 8.71558513609e-05],
        "mean": [0.00467449100688, 0.0947856754065, 0.552563428879, 1.62442529202, 4.2455534935, 6.34885644913, 8.77272033691, 9.32786273956, 12.5468397141, 23.7144126892, 21.7773189545, 36.882900238, 44.5802536011, 92.9231872559, 73.7965927124, 56.2236061096, 89.3539581299, 62.3569564819, 162.255874634, 69.6301879883, 50.4673995972, 47.0502090454, 39.9398078918, 41.2223205566, 38.1476287842, 28.4967689514, 34.674118042, 11.5784339905, 5.61264514923, 4.373046875, 3.95882558823, 3.48725986481, 2.45769786835, 0.742686569691, 0.0487136766315, 0.00251307571307, 0.000263366178842, 6.84559709043e-05, 2.98071845464e-05, 3.41514896718e-05],
        "min": [3.39684061146e-06, 4.28207295045e-06, 5.9569779296e-06, 7.33041633794e-06, 8.49795014801e-06, 9.72653560893e-06, 1.06730585685e-05, 1.08792946776e-05, 1.13602054626e-05, 1.11891331471e-05, 1.09141083158e-05, 1.1395653928e-05, 1.12576035463e-05, 1.04964392449e-05, 9.60281795415e-06, 9.12739869818e-06, 9.74855083768e-06, 1.44445648402e-05, 2.96316666208e-05, 1.98494417418e-05, 1.39695239341e-05, 1.29163645397e-05, 1.23279151012e-05, 7.62976469559e-06, 6.74641296428e-06, 7.4148879321e-06, 6.88309728503e-06, 3.43142437487e-06, 3.68334053746e-06, 2.41740440288e-06, 1.75575030426e-06, 1.36406765705e-06, 9.89408817986e-07, 6.24749532108e-07, 3.45321438999e-07, 1.90515493159e-07, 9.07267363459e-08, 3.02548492925e-08, 6.13802741967e-09, 9.57338208707e-10],
        "stdev": [0.00631026504561, 0.203659743071, 0.953166902065, 2.7272131443, 8.25186157227, 10.1336841583, 13.9503469467, 12.4196853638, 13.279083252, 39.8360671997, 38.6734771729, 45.4661254883, 55.8108825684, 118.202964783, 117.704963684, 68.9013748169, 88.0927352905, 73.1179351807, 215.482543945, 78.1516189575, 54.0777168274, 46.5283050537, 38.8089790344, 33.367149353, 43.787979126, 19.0615653992, 31.2524242401, 10.0265483856, 5.90312623978, 5.0395359993, 5.04165077209, 3.2485897541, 2.26839399338, 0.683641254902, 0.0489500686526, 0.00250629102811, 0.000407453451771, 0.000138237766805, 3.40147744282e-05, 1.25474361994e-05]
    },
    "gfcc": {
        "mean": [16.2344398499, 92.11693573, -188.201583862, 41.969379425, -79.2604904175, 19.0515289307, -39.2874832153, -2.91794252396, -18.6086559296, -16.5826702118, 1.346555233, -24.5049648285, 6.59510326385],
        "cov": [[932.257873535, -175.161178589, -44.5708732605, -26.9555301666, 5.75270938873, 87.4425582886, -2.41725850105, 30.3229465485, -58.8096313477, 25.2263698578, -30.2506771088, 2.13391399384, -24.9796619415], [-175.161178589, 752.999389648, 260.103424072, 20.9416275024, -76.6424865723, -207.347991943, -54.3757591248, -118.264709473, 18.2459659576, -111.323524475, 4.73917293549, -43.7516784668, 10.2221002579], [-44.5708732605, 260.103424072, 348.405975342, 88.9423751831, -69.1141586304, -44.0084877014, -86.2376022339, -22.42253685, -6.33752727509, -27.8771533966, -25.1484489441, -13.9902544022, -25.0220336914], [-26.9555301666, 20.9416275024, 88.9423751831, 156.66897583, 44.659160614, 23.5152778625, -5.9803943634, -9.96974945068, 23.6500854492, -11.5870523453, -16.3566055298, 1.28957855701, -13.2810678482], [5.75270938873, -76.6424865723, -69.1141586304, 44.659160614, 140.645248413, 71.028755188, 36.6805267334, 11.3042678833, -2.60510849953, 8.77208137512, -16.3402099609, -2.70726418495, 0.391370952129], [87.4425582886, -207.347991943, -44.0084877014, 23.5152778625, 71.028755188, 141.377670288, 41.8387908936, 39.5046691895, -14.1306238174, 27.7762107849, -11.8312959671, 7.21165752411, -5.40108776093], [-2.41725850105, -54.3757591248, -86.2376022339, -5.9803943634, 36.6805267334, 41.8387908936, 106.290283203, 15.3512840271, 11.6736764908, 3.71662545204, 5.57849788666, 13.3160419464, 2.50469875336], [30.3229465485, -118.264709473, -22.42253685, -9.96974945068, 11.3042678833, 39.5046691895, 15.3512840271, 81.1134338379, 4.24109888077, 27.4902038574, -3.5335521698, -2.43531394005, 0.788487076759], [-58.8096313477, 18.2459659576, -6.33752727509, 23.6500854492, -2.60510849953, -14.1306238174, 11.6736764908, 4.24109888077, 82.8371658325, 7.12521219254, 7.86279153824, 16.2193279266, -10.689666748], [25.2263698578, -111.323524475, -27.8771533966, -11.5870523453, 8.77208137512, 27.7762107849, 3.71662545204, 27.4902038574, 7.12521219254, 68.4824523926, 18.1861457825, -1.36989033222, -0.674916684628], [-30.2506771088, 4.73917293549, -25.1484489441, -16.3566055298, -16.3402099609, -11.8312959671, 5.57849788666, -3.5335521698, 7.86279153824, 18.1861457825, 50.8687438965, 16.8389530182, 2.75625228882], [2.13391399384, -43.7516784668, -13.9902544022, 1.28957855701, -2.70726418495, 7.21165752411, 13.3160419464, -2.43531394005, 16.2193279266, -1.36989033222, 16.8389530182, 58.3137702942, 10.7800302505], [-24.9796619415, 10.2221002579, -25.0220336914, -13.2810678482, 0.391370952129, -5.40108776093, 2.50469875336, 0.788487076759, -10.689666748, -0.674916684628, 2.75625228882, 10.7800302505, 45.4129180908]],
        "icov": [[0.00137226830702, -0.000752920634113, 0.0011461910326, -0.000382872793125, 0.00107378419489, -0.0013862735359, 0.000749755417928, -0.000539873959497, 0.00156320584938, -0.00142414716538, 0.00195574807003, -0.00168190989643, 0.00186510616913], [-0.000752920634113, 0.00855351705104, -0.00849408470094, 0.00398780917749, -0.00571812316775, 0.00848825462162, -0.00481942296028, 0.00544734997675, -0.00549739133567, 0.00975797604769, -0.00865269266069, 0.00999744236469, -0.00762036396191], [0.0011461910326, -0.00849408470094, 0.0141172977164, -0.00782090611756, 0.0091773737222, -0.00833823066205, 0.00768289528787, -0.0056266929023, 0.00723148789257, -0.00954305939376, 0.0109889190644, -0.0106555400416, 0.0100596612319], [-0.000382872793125, 0.00398780917749, -0.00782090611756, 0.0128742512316, -0.00748599180952, 0.00219631730579, -0.00222788820975, 0.00406981352717, -0.0067115011625, 0.00605013361201, -0.00421095825732, 0.00480389501899, -0.00364908389747], [0.00107378419489, -0.00571812316775, 0.0091773737222, -0.00748599180952, 0.0171621926129, -0.0103602679446, 0.00245999451727, -0.00247208960354, 0.00494879577309, -0.00746385427192, 0.00950665492564, -0.00579342525452, 0.00512446276844], [-0.0013862735359, 0.00848825462162, -0.00833823066205, 0.00219631730579, -0.0103602679446, 0.0227223336697, -0.00825802516192, 0.00114861107431, -0.00113077706192, 0.00500537874177, -0.00539205921814, 0.00586241437122, -0.00465402379632], [0.000749755417928, -0.00481942296028, 0.00768289528787, -0.00222788820975, 0.00245999451727, -0.00825802516192, 0.0165943410248, -0.00416549481452, 0.00124756258447, -0.00271373381838, 0.00353883113712, -0.00691968435422, 0.0049137272872], [-0.000539873959497, 0.00544734997675, -0.0056266929023, 0.00406981352717, -0.00247208960354, 0.00114861107431, -0.00416549481452, 0.0202017817646, -0.00566538609564, 0.000787299708463, -0.00258596963249, 0.00772824278101, -0.00639567291364], [0.00156320584938, -0.00549739133567, 0.00723148789257, -0.0067115011625, 0.00494879577309, -0.00113077706192, 0.00124756258447, -0.00566538609564, 0.02106038481, -0.0100335553288, 0.00762356026098, -0.0128463730216, 0.0113663794473], [-0.00142414716538, 0.00975797604769, -0.00954305939376, 0.00605013361201, -0.00746385427192, 0.00500537874177, -0.00271373381838, 0.000787299708463, -0.0100335553288, 0.0336341001093, -0.0206481181085, 0.0160457193851, -0.0100905513391], [0.00195574807003, -0.00865269266069, 0.0109889190644, -0.00421095825732, 0.00950665492564, -0.00539205921814, 0.00353883113712, -0.00258596963249, 0.00762356026098, -0.0206481181085, 0.0390143319964, -0.0194951798767, 0.0107206543908], [-0.00168190989643, 0.00999744236469, -0.0106555400416, 0.00480389501899, -0.00579342525452, 0.00586241437122, -0.00691968435422, 0.00772824278101, -0.0128463730216, 0.0160457193851, -0.0194951798767, 0.0356251224875, -0.0167058650404], [0.00186510616913, -0.00762036396191, 0.0100596612319, -0.00364908389747, 0.00512446276844, -0.00465402379632, 0.0049137272872, -0.00639567291364, 0.0113663794473, -0.0100905513391, 0.0107206543908, -0.0167058650404, 0.0343197919428]]
    },
    "melbands": {
        "max": [0.00100976927206, 0.00305349519476, 0.00618105335161, 0.0063319709152, 0.00499507738277, 0.00218861806206, 0.00235632876866, 0.00454395730048, 0.00378807587549, 0.00213656993583, 0.00266843987629, 0.00472603878006, 0.0039636278525, 0.00312345195562, 0.00214595277794, 0.00126350321807, 0.00154217670206, 0.00200052885339, 0.00175940222107, 0.00123833143152, 0.000616722798441, 0.000668190536089, 0.000702299934346, 0.000251338409726, 0.000318795646308, 0.000373787683202, 0.000159737202921, 0.000110648135887, 0.000215622232645, 0.000168293205206, 6.7333545303e-05, 5.67745155422e-05, 3.3186039218e-05, 1.93431569642e-05, 3.21855513903e-05, 1.60606778081e-05, 1.42188000609e-05, 2.84042380372e-05, 7.14387851986e-06, 3.78560480385e-06],
        "mean": [6.78569194861e-05, 0.000236246967688, 0.000370492169168, 0.000374812749214, 0.000312476739055, 0.000206419848837, 0.000202296185307, 0.00025655925856, 0.000187451587408, 0.00022573460592, 0.00022851585527, 0.000390982400859, 0.00025959147024, 0.000133973910124, 0.000205199190532, 0.000148973282194, 0.000108480417111, 0.000263888272457, 0.000131684457301, 8.12671787571e-05, 5.42624657101e-05, 4.58956783405e-05, 5.70763986616e-05, 2.88408373308e-05, 3.29686772602e-05, 3.36317134497e-05, 1.62097621796e-05, 1.90281316463e-05, 2.65136950475e-05, 1.10774026325e-05, 5.28429154656e-06, 3.33705838784e-06, 2.6890834306e-06, 2.15159525396e-06, 2.41144402935e-06, 1.89904767467e-06, 2.16920307139e-06, 1.9651738512e-06, 1.06912932551e-06, 4.56162581486e-07],
        "min": [3.44659092377e-08, 3.64307317646e-09, 1.28444332947e-09, 6.47995213043e-10, 3.89952514723e-10, 2.43083747575e-10, 1.69817729323e-10, 1.18874229904e-10, 8.72078728675e-11, 7.12789480217e-11, 5.59951494894e-11, 4.20770744636e-11, 3.29430510648e-11, 2.56751200162e-11, 2.19759089398e-11, 2.19828356907e-11, 2.65431825824e-11, 4.31781867205e-11, 4.01715778697e-11, 2.09864278733e-11, 1.55923884915e-11, 1.25075800411e-11, 1.5537989298e-11, 7.53917588081e-12, 6.0108884016e-12, 5.23799883675e-12, 4.40260371562e-12, 5.18665535867e-12, 4.81077807798e-12, 2.84168305206e-12, 1.65721917526e-12, 1.9894739068e-12, 1.87852793217e-12, 1.15278674193e-12, 1.04997195834e-12, 8.73067080871e-13, 8.0925701253e-13, 6.89401498128e-13, 6.24496927695e-13, 5.00970575787e-13],
        "stdev": [0.000119217816973, 0.0004008472024, 0.000580970488954, 0.000603432534263, 0.000456642563222, 0.000266110349912, 0.000219337700401, 0.0004559281806, 0.000295782723697, 0.000288124458166, 0.000301453837892, 0.000522331916727, 0.000450072751846, 0.000201536240638, 0.000219691719394, 0.000146101490827, 0.000159795541549, 0.000346335960785, 0.00017278258747, 0.000111308450869, 6.21528015472e-05, 5.64645124541e-05, 8.86565831024e-05, 2.49497225013e-05, 2.98493887385e-05, 3.75492127205e-05, 1.43797642522e-05, 1.40884667417e-05, 2.56467810686e-05, 1.13386195153e-05, 5.99214035901e-06, 4.16403372583e-06, 3.23557765114e-06, 2.23952520173e-06, 3.55864153789e-06, 1.70600685578e-06, 2.05860328606e-06, 1.97753661269e-06, 9.44018665905e-07, 4.63259681283e-07]
    },
    "melbands128": {
        "max": [0.000210937825614, 0.000316469755489, 0.0010888974648, 0.00379992206581, 0.00458465516567, 0.00430422089994, 0.0100072650239, 0.00745108304545, 0.0103071480989, 0.00850534904748, 0.00876103434712, 0.00733655085787, 0.00896177999675, 0.00460466742516, 0.00392477447167, 0.00260868947953, 0.00226407079026, 0.0033883866854, 0.00732457637787, 0.00668310979381, 0.00872234907001, 0.0053341044113, 0.00582292443141, 0.00390637665987, 0.00470844004303, 0.00513334851712, 0.0038708683569, 0.00475863460451, 0.0071177110076, 0.00904838275164, 0.00493832165375, 0.0071495519951, 0.00771137792617, 0.00844084005803, 0.00516121368855, 0.00632571754977, 0.00296015618369, 0.0046396497637, 0.00333529920317, 0.00362320034765, 0.0018023342127, 0.00271187047474, 0.00313732749783, 0.0032526247669, 0.00456105265766, 0.00391485588625, 0.0064059807919, 0.00179310352542, 0.00330228800885, 0.00228549400344, 0.00170343788341, 0.00327912531793, 0.000777927809395, 0.000648936838843, 0.00248005357571, 0.000498866196722, 0.00030726622208, 0.00153463857714, 0.000855041609611, 0.000396443792852, 0.000251020595897, 0.000756281020585, 0.000692586298101, 0.000304506975226, 0.000370143854525, 0.000431182852481, 0.00113878434058, 0.000114860384201, 7.82082788646e-05, 0.000173863794771, 0.000223963099415, 0.000229559096624, 0.000303632201394, 0.000452411797596, 0.00042765843682, 0.000241998524871, 0.000172202126123, 4.65113953396e-05, 9.61008845479e-05, 0.000141119919135, 8.17120817374e-05, 7.04827107256e-05, 2.49789936788e-05, 3.64143452316e-05, 0.000100126220786, 3.01477375615e-05, 3.19910504913e-05, 3.40259139193e-05, 5.80702253501e-05, 3.28744536091e-05, 3.2365493098e-05, 1.8357515728e-05, 3.47475324816e-05, 2.04750467674e-05, 3.55426018359e-05, 2.32868678722e-05, 4.00990793423e-05, 1.43792976814e-05, 9.01182193047e-06, 1.70792682184e-05, 9.1586543931e-06, 5.74532214159e-06, 2.07265247809e-06, 2.92498839372e-07, 7.51691402456e-08, 1.93349748656e-07, 1.17461105731e-07, 3.43580559559e-08, 3.2181517895e-08, 3.09425089995e-08, 2.95563413744e-08, 2.83247594268e-08, 2.71044218181e-08, 2.61095145504e-08, 2.51365879222e-08, 2.43155131585e-08, 2.34751968975e-08, 2.27451071311e-08, 2.20593570077e-08, 2.14602042803e-08, 2.09409680707e-08, 2.04520684832e-08, 2.00419520979e-08, 1.96920098006e-08, 1.93900415724e-08, 1.91546760675e-08, 1.89834654662e-08, 1.8876312069e-08],
        "mean": [3.29908325511e-05, 2.84187881334e-05, 5.9053687437e-05, 0.000184099626495, 0.000283269415377, 0.00022490954143, 0.000282154185697, 0.000470692350063, 0.000435062451288, 0.000344826723449, 0.000360770209227, 0.000335441931384, 0.000300816900562, 0.00028479215689, 0.000241605215706, 0.000134745569085, 0.000137777358759, 0.000240815599682, 0.000234055434703, 0.000303699751385, 0.000257156643784, 0.000147359751281, 0.000164469951415, 0.000223547031055, 0.000292925193207, 0.000197285262402, 0.000160670577316, 0.000169591163285, 0.000301220774418, 0.000579363957513, 0.000314681528835, 0.000235655039432, 0.00033160665771, 0.000231255078688, 0.000114052309073, 0.000115733389976, 0.000136156217195, 0.000173308042577, 0.000302102067508, 0.000214359155507, 8.63798850332e-05, 0.000101058583823, 9.13250041776e-05, 0.000105590399471, 0.000180323972018, 0.000310306233587, 0.000392346206354, 6.63121536491e-05, 6.32388982922e-05, 9.60203396971e-05, 7.8731784015e-05, 8.14674640424e-05, 4.41606352979e-05, 4.36940172222e-05, 7.26447469788e-05, 3.2483429095e-05, 2.36927917285e-05, 0.000106349310954, 4.21469521825e-05, 1.81313098437e-05, 2.57754381892e-05, 3.87612417398e-05, 4.21596305387e-05, 2.39215951297e-05, 3.15704965033e-05, 3.35756521963e-05, 4.44619799964e-05, 1.2213703485e-05, 9.29922680371e-06, 1.82847415999e-05, 1.90496903087e-05, 1.78492391569e-05, 2.71455592156e-05, 3.51156850229e-05, 1.6096237232e-05, 1.15616239782e-05, 9.47237367654e-06, 4.47896809419e-06, 4.67940617455e-06, 6.51123446005e-06, 2.82987662104e-06, 2.69906013273e-06, 2.30759565056e-06, 2.41941029344e-06, 3.79096081815e-06, 1.73500791334e-06, 2.06497202271e-06, 1.73992862074e-06, 2.9166276363e-06, 2.46117565439e-06, 1.58959130658e-06, 1.69128509242e-06, 2.42901387537e-06, 2.22778521675e-06, 2.10680991586e-06, 1.87220291537e-06, 2.39556766246e-06, 1.33152013859e-06, 1.03384184058e-06, 9.75902366918e-07, 6.85254235577e-07, 3.78505063736e-07, 1.61466857662e-07, 1.11374705014e-08, 4.22183621396e-09, 1.56994914846e-08, 6.78792577702e-09, 1.71495895263e-09, 5.26251042743e-10, 3.95878801962e-10, 4.13854672754e-10, 3.62978175295e-10, 3.67371383314e-10, 3.41722733443e-10, 3.46499190451e-10, 3.24843540955e-10, 3.34177380212e-10, 3.11000697417e-10, 2.97334407096e-10, 2.74736067229e-10, 2.88187196329e-10, 2.60995336454e-10, 2.67659783226e-10, 2.462538784e-10, 1.66546110236e-10, 3.60822413614e-11, 1.51242404017e-11, 1.38318419218e-11],
        "min": [1.05615562518e-07, 4.06691285093e-08, 1.3318631531e-08, 5.64218893828e-09, 3.43055917007e-09, 2.1330575084e-09, 1.54278756437e-09, 1.06256203836e-09, 8.46163750179e-10, 6.43253950106e-10, 5.29461752219e-10, 4.40138481217e-10, 3.81533526994e-10, 2.77366490886e-10, 2.60199750635e-10, 2.08906919541e-10, 1.94692581501e-10, 1.65311417333e-10, 1.33829017313e-10, 1.30576535695e-10, 1.05848642351e-10, 1.02977203154e-10, 7.76868985808e-11, 8.55458204274e-11, 6.29847632383e-11, 8.33562177616e-11, 5.34592231594e-11, 5.89399778983e-11, 4.7252046026e-11, 4.19298068488e-11, 4.4404542543e-11, 3.59861584975e-11, 3.21641324685e-11, 3.1250502186e-11, 2.57515935659e-11, 2.51362073517e-11, 2.38495681537e-11, 2.20600065992e-11, 2.06431139543e-11, 1.96960364685e-11, 2.2239562622e-11, 2.42105051285e-11, 2.96346280848e-11, 2.67469345283e-11, 2.18067265634e-11, 4.30968108422e-11, 7.50677714434e-11, 4.76931653892e-11, 2.00559516911e-11, 2.13324340831e-11, 2.456625528e-11, 1.87063021323e-11, 1.14961720699e-11, 1.7832518448e-11, 1.51254165442e-11, 9.03243972672e-12, 1.29664213394e-11, 1.67255428257e-11, 1.89713193072e-11, 9.73689878725e-12, 5.95819053817e-12, 5.64072486636e-12, 7.18770746047e-12, 5.13774656499e-12, 5.99314564989e-12, 5.88235406565e-12, 4.12776150066e-12, 4.95251539431e-12, 4.2459365017e-12, 3.63217160342e-12, 6.16839739009e-12, 4.30097363974e-12, 6.80308283665e-12, 4.26220907526e-12, 4.07366154698e-12, 2.92602400642e-12, 2.49102236234e-12, 1.69300467742e-12, 1.73576355112e-12, 1.28692119895e-12, 1.44189521434e-12, 2.62505794012e-12, 2.64540494545e-12, 1.62827628984e-12, 1.4328137201e-12, 1.25321465445e-12, 9.66821241122e-13, 1.15250040414e-12, 1.10105988996e-12, 9.58140359587e-13, 8.28097464732e-13, 8.92229215857e-13, 8.6721775594e-13, 8.33424908947e-13, 7.63694283593e-13, 6.90463745207e-13, 6.48453133637e-13, 7.3364437355e-13, 6.46360243974e-13, 5.66160128761e-13, 5.07861602165e-13, 5.16465451135e-13, 9.80214105955e-14, 3.39706527611e-14, 2.43472946069e-14, 2.32493908294e-14, 3.99245334059e-13, 3.46106661126e-13, 3.20561692425e-13, 2.20968754497e-14, 2.29119041041e-14, 2.8239526196e-14, 1.36496665885e-14, 2.11061755502e-14, 1.85883701145e-14, 1.45815315795e-14, 1.88455513402e-14, 1.76622395366e-14, 2.30210493816e-14, 2.18360773934e-14, 1.78445159446e-14, 2.12589701295e-14, 2.33953210537e-14, 2.0190834478e-14, 1.51027821027e-14, 4.14996550376e-15, 1.06685218487e-15, 1.31364817777e-16],
        "stdev": [1.97252466023e-05, 3.00876818073e-05, 0.000117995215987, 0.000430165731814, 0.00055799348047, 0.00037720988621, 0.000576946767978, 0.000772918807343, 0.00102079845965, 0.000689237553161, 0.000685091188643, 0.000610316172242, 0.000631522736512, 0.00042818672955, 0.000387826206861, 0.000242391164647, 0.000196810200578, 0.000340542610502, 0.000401291967137, 0.00060081447009, 0.000708609586582, 0.000410116103012, 0.000430800078902, 0.000345169974025, 0.000463373609819, 0.000421030126745, 0.000329841364874, 0.000368229404557, 0.000639923731796, 0.000964676670264, 0.000549991207663, 0.000588058377616, 0.000708453007974, 0.00059486500686, 0.000226264528465, 0.000289693532977, 0.000266284507234, 0.000349151116097, 0.000402730016503, 0.000302681553876, 0.00017563784786, 0.000224674367928, 0.00023893173784, 0.000224540010095, 0.000403128738981, 0.000492506602313, 0.000770476122852, 0.000128018524265, 0.000172817075509, 0.000195667220396, 0.00014417085913, 0.000181133931619, 6.83789039613e-05, 6.92941030138e-05, 0.000166907935636, 4.79219779663e-05, 2.58235195361e-05, 0.000194713531528, 7.46296718717e-05, 2.56340445048e-05, 3.09092174575e-05, 5.74924124521e-05, 6.00214771111e-05, 3.28226160491e-05, 4.99475536344e-05, 4.6455192205e-05, 9.20669044717e-05, 1.27839030029e-05, 8.28542579256e-06, 1.8621525669e-05, 2.04597054108e-05, 1.95413849724e-05, 3.16045698128e-05, 4.86498502141e-05, 2.39143064391e-05, 1.75391614903e-05, 1.36288745125e-05, 4.7462335715e-06, 6.20336004431e-06, 1.39290041261e-05, 4.43652743343e-06, 3.79559969588e-06, 2.27420014198e-06, 2.83133476842e-06, 7.95415780885e-06, 1.9454971607e-06, 2.42923579208e-06, 2.43660133492e-06, 5.93826553086e-06, 3.84416080124e-06, 1.73696105321e-06, 1.56428359332e-06, 3.49082370121e-06, 2.56893645201e-06, 2.75797924587e-06, 2.12175018532e-06, 3.18771071761e-06, 1.3506672758e-06, 1.0460159956e-06, 1.2304409438e-06, 7.99927477146e-07, 4.34486366885e-07, 2.27426127708e-07, 2.92421571402e-08, 8.88210305305e-09, 2.22919673831e-08, 8.27606783105e-09, 2.27238783346e-09, 1.37530797861e-09, 1.23371002303e-09, 1.38781885983e-09, 1.10077569282e-09, 1.13420972614e-09, 1.02360631082e-09, 1.13123932444e-09, 9.793594824e-10, 1.07398068216e-09, 1.01215769099e-09, 9.83660486398e-10, 8.87978190978e-10, 9.96112414775e-10, 8.47456715913e-10, 9.13976450079e-10, 8.37709457358e-10, 6.68527400105e-10, 4.57485271887e-10, 4.49379838896e-10, 4.46855163982e-10]
    },
    "mfcc": {
        "mean": [-589.653015137, 91.9659118652, -35.0597343445, 6.07585525513, -7.00276708603, -0.573030769825, 1.81940937042, -3.91303730011, -4.75362205505, 3.39620137215, -10.8733205795, -0.00816624332219, -8.40412139893],
        "cov": [[861.319885254, -148.494613647, -106.858558655, -86.5063858032, -13.8848199844, 31.2216930389, 57.2875366211, 11.0562067032, 13.8959732056, 13.5947761536, 20.7647037506, -30.4793777466, -38.6734924316], [-148.494613647, 627.144897461, 198.470062256, 106.318962097, -28.063287735, -88.4204101562, -92.7763137817, -53.7962379456, -47.5586166382, -82.6837539673, -72.7113037109, 24.7131576538, 9.4091796875], [-106.858558655, 198.470062256, 379.084350586, 93.914604187, 30.4793720245, -34.3866882324, -82.4589157104, -21.2714385986, -38.6317367554, -31.8928127289, -27.6761360168, 7.89769363403, 32.8156471252], [-86.5063858032, 106.318962097, 93.914604187, 140.021194458, 31.6152534485, 15.3035335541, -39.9542579651, 7.10235548019, -4.23111581802, -13.6242313385, -6.27378511429, -2.06724739075, -2.9968855381], [-13.8848199844, -28.063287735, 30.4793720245, 31.6152534485, 111.01651001, 27.2826881409, 8.73180198669, -0.651589930058, 12.6705598831, 9.97920417786, -0.968664646149, -16.9710273743, 0.228638961911], [31.2216930389, -88.4204101562, -34.3866882324, 15.3035335541, 27.2826881409, 109.818023682, 29.1181583405, 35.5909767151, 12.705906868, 6.44014692307, 13.1053028107, -9.82474040985, -7.09291219711], [57.2875366211, -92.7763137817, -82.4589157104, -39.9542579651, 8.73180198669, 29.1181583405, 121.894760132, 5.74198484421, 20.2080154419, 17.4658508301, 5.88196229935, -13.4589920044, -24.2652759552], [11.0562067032, -53.7962379456, -21.2714385986, 7.10235548019, -0.651589930058, 35.5909767151, 5.74198484421, 81.0834121704, 23.1461849213, 0.925373673439, 9.78758621216, -0.774080514908, -0.273991554976], [13.8959732056, -47.5586166382, -38.6317367554, -4.23111581802, 12.6705598831, 12.705906868, 20.2080154419, 23.1461849213, 63.2739181519, 19.8539772034, 5.12415981293, -7.71628046036, -8.57810783386], [13.5947761536, -82.6837539673, -31.8928127289, -13.6242313385, 9.97920417786, 6.44014692307, 17.4658508301, 0.925373673439, 19.8539772034, 70.2345581055, 27.5611763, -9.66626834869, -7.34381008148], [20.7647037506, -72.7113037109, -27.6761360168, -6.27378511429, -0.968664646149, 13.1053028107, 5.88196229935, 9.78758621216, 5.12415981293, 27.5611763, 65.4332733154, 10.0643453598, -11.1951389313], [-30.4793777466, 24.7131576538, 7.89769363403, -2.06724739075, -16.9710273743, -9.82474040985, -13.4589920044, -0.774080514908, -7.71628046036, -9.66626834869, 10.0643453598, 63.6084899902, 22.9106426239], [-38.6734924316, 9.4091796875, 32.8156471252, -2.9968855381, 0.228638961911, -7.09291219711, -24.2652759552, -0.273991554976, -8.57810783386, -7.34381008148, -11.1951389313, 22.9106426239, 62.4808921814]],
        "icov": [[0.00131795962807, 0.000116414645163, 2.44987913902e-05, 0.000734702276532, 9.63345373748e-05, -0.000294138444588, -7.18171213521e-05, 9.23433344724e-06, -1.53705277626e-05, 0.000281533139059, -0.000226414907956, 0.000436826463556, 0.000589253904764], [0.000116414645163, 0.00300772534683, -0.000656481541228, -0.00171765126288, 0.000763351039495, 0.00138427014463, 0.000571860582568, 0.00101706862915, 8.88309295988e-05, 0.00164606550243, 0.00206182501279, -0.00104064820334, 0.00121910742018], [2.44987913902e-05, -0.000656481541228, 0.00409390358254, -0.00171173166018, -0.00116935314145, 0.000765664794017, 0.0010919352062, -7.47520971345e-05, 0.00147818913683, 1.27882267407e-05, 0.000116214563604, 0.000459122471511, -0.00154638558161], [0.000734702276532, -0.00171765126288, -0.00171173166018, 0.011842043139, -0.00265370565467, -0.00307680433616, 0.0027087952476, -0.00133705092594, -0.000529345299583, 9.83714926406e-05, -0.000759874936193, 0.000106671403046, 0.00265062483959], [9.63345373748e-05, 0.000763351039495, -0.00116935314145, -0.00265370565467, 0.0116916131228, -0.00237585580908, -0.00105839082971, 0.00232510338537, -0.00245370366611, -0.000604992092121, 0.000261526351096, 0.00249545928091, -0.00155795633327], [-0.000294138444588, 0.00138427014463, 0.000765664794017, -0.00307680433616, -0.00237585580908, 0.0136804142967, -0.00255178613588, -0.00467586703598, 0.00131680013146, 0.00129305711016, -0.00102830782998, 0.000707913539372, -0.00050110934535], [-7.18171213521e-05, 0.000571860582568, 0.0010919352062, 0.0027087952476, -0.00105839082971, -0.00255178613588, 0.011970394291, 0.000933926261496, -0.00155086361337, -0.000854170124512, 0.00190203229431, -0.000497066008393, 0.00400275550783], [9.23433344724e-06, 0.00101706862915, -7.47520971345e-05, -0.00133705092594, 0.00232510338537, -0.00467586703598, 0.000933926261496, 0.0170904435217, -0.00635760976002, 0.0029038884677, -0.00166882341728, 0.000242830399657, -0.00119357905351], [-1.53705277626e-05, 8.88309295988e-05, 0.00147818913683, -0.000529345299583, -0.00245370366611, 0.00131680013146, -0.00155086361337, -0.00635760976002, 0.0215047951788, -0.00553049519658, 0.0024179876782, -0.000267426745268, 0.00153734500054], [0.000281533139059, 0.00164606550243, 1.27882267407e-05, 9.83714926406e-05, -0.000604992092121, 0.00129305711016, -0.000854170124512, 0.0029038884677, -0.00553049519658, 0.0214889738709, -0.00830346252769, 0.00378656573594, -0.00135541567579], [-0.000226414907956, 0.00206182501279, 0.000116214563604, -0.000759874936193, 0.000261526351096, -0.00102830782998, 0.00190203229431, -0.00166882341728, 0.0024179876782, -0.00830346252769, 0.0234993845224, -0.00766246579587, 0.00644179293886], [0.000436826463556, -0.00104064820334, 0.000459122471511, 0.000106671403046, 0.00249545928091, 0.000707913539372, -0.000497066008393, 0.000242830399657, -0.000267426745268, 0.00378656573594, -0.00766246579587, 0.0219276882708, -0.0089347595349], [0.000589253904764, 0.00121910742018, -0.00154638558161, 0.00265062483959, -0.00155795633327, -0.00050110934535, 0.00400275550783, -0.00119357905351, 0.00153734500054, -0.00135541567579, 0.00644179293886, -0.0089347595349, 0.0231056436896]]
    },
    "spectral_contrast_coeffs": {
        "max": [-0.466006696224, -0.519828677177, -0.534085810184, -0.586127758026, -0.650428771973, -0.645157396793],
        "mean": [-0.694112360477, -0.749071776867, -0.717166662216, -0.734483718872, -0.761487603188, -0.741828978062],
        "min": [-0.927888095379, -0.94355994463, -0.950403630733, -0.932245016098, -0.943278074265, -0.888712763786],
        "stdev": [0.0671582743526, 0.0582530163229, 0.0661854594946, 0.0528432354331, 0.0343046672642, 0.0337696634233]
    },
    "spectral_contrast_valleys": {
        "max": [-5.52825260162, -5.02607488632, -5.66257715225, -6.01903629303, -5.97005367279, -8.78361797333],
        "mean": [-7.24380064011, -6.5951795578, -6.88674879074, -6.94832086563, -6.82210063934, -9.82974147797],
        "min": [-15.4467945099, -15.1465606689, -14.658946991, -13.8305673599, -13.8217000961, -16.7601318359],
        "stdev": [0.638292908669, 0.607195973396, 0.463871926069, 0.391074150801, 0.339999258518, 0.47366425395]
    }
},
"rhythm": {
    "beats_count": 84,
    "beats_loudness": {
        "max": 0.0385657064617,
        "mean": 0.0272016301751,
        "min": 0.0039634630084,
        "stdev": 0.00705970730633
    },
    "bpm": 124.165718079,
    "bpm_histogram_first_peak_bpm": 123,
    "bpm_histogram_first_peak_weight": 0.523076951504,
    "bpm_histogram_second_peak_bpm": 115,
    "bpm_histogram_second_peak_spread": 0.416666686535,
    "bpm_histogram_second_peak_weight": 0.0843373462558,
    "danceability": 1.05775225163,
    "onset_rate": 2.10197901726,
    "beats_loudness_band_ratio": {
        "max": [0.603898763657, 0.487499564886, 0.43195515871, 0.707428395748, 0.742585659027, 0.288932979107],
        "mean": [0.152855232358, 0.153281375766, 0.153242945671, 0.264414489269, 0.232438117266, 0.0861597657204],
        "min": [0.00308397901244, 0.00202660425566, 0.0176531560719, 0.0475773364305, 0.0175712835044, 0.0195025932044],
        "stdev": [0.126510322094, 0.13352034986, 0.0916781648993, 0.150717139244, 0.157926589251, 0.0523810274899]
    },
