{
"metadata": {
    "version": {
        "essentia": "2.1-beta5",
        "essentia_git_sha": "Undefined",
        "extractor": "music 2.0"
    },
    "audio_properties": {
        "analysis": {
            "equal_loudness": 0,
            "length": 48.7502937317,
            "sample_rate": 44100,
            "start_time": 45.2440834045,
            "downmix": "mix"
        },
        "bit_rate": 192000,
        "length": 214.029937744,
        "lossless": 0,
        "number_channels": 2,
        "replay_gain": -9.45627784729,
        "sample_rate": 48000,
        "codec": "mp3",
        "md5_encoded": "745959ef30290771b6481e939bd53823"
    },
    "tags": {
        "file_name": "Greece_Otostop_Anna Vissi and the Epikouri.mp3",
        "encoding": ["Lavf58.29.100"]
    }
},
"lowlevel": {
    "average_loudness": 0.963873505592,
    "barkbands_crest": {
        "max": 24.6492729187,
        "mean": 9.49864387512,
        "min": 3.12416672707,
        "stdev": 3.64890122414
    },
    "barkbands_flatness_db": {
        "max": 0.354874283075,
        "mean": 0.161969140172,
        "min": 0.0329798683524,
        "stdev": 0.0363971665502
    },
    "barkbands_kurtosis": {
        "max": 125.038406372,
        "mean": 2.62507939339,
        "min": -1.79770481586,
        "stdev": 5.09798955917
    },
    "barkbands_skewness": {
        "max": 9.22734928131,
        "mean": 1.17340016365,
        "min": -1.74132204056,
        "stdev": 0.959501981735
    },
    "barkbands_spread": {
        "max": 80.1109085083,
        "mean": 15.7451543808,
        "min": 0.823720633984,
        "stdev": 10.2675113678
    },
    "dissonance": {
        "max": 0.500000119209,
        "mean": 0.457396745682,
        "min": 0.262699514627,
        "stdev": 0.027862643823
    },
    "dynamic_complexity": 2.22929000854,
    "erbbands_crest": {
        "max": 31.0033855438,
        "mean": 10.2919082642,
        "min": 3.18412399292,
        "stdev": 4.34053659439
    },
    "erbbands_flatness_db": {
        "max": 0.346048682928,
        "mean": 0.209304451942,
        "min": 0.091525606811,
        "stdev": 0.0446545481682
    },
    "erbbands_kurtosis": {
        "max": 23.8521900177,
        "mean": 0.793977558613,
        "min": -1.74819195271,
        "stdev": 1.85455369949
    },
    "erbbands_skewness": {
        "max": 4.49223804474,
        "mean": 0.522436976433,
        "min": -2.00404167175,
        "stdev": 0.59789276123
    },
    "erbbands_spread": {
        "max": 132.146392822,
        "mean": 28.5155258179,
        "min": 4.90184497833,
        "stdev": 16.9348602295
    },
    "hfc": {
        "max": 103.41796875,
        "mean": 24.7222824097,
        "min": 0.2173024863,
        "stdev": 14.8810567856
    },
    "loudness_ebu128": {
        "integrated": -13.9336109161,
        "loudness_range": 2.53813838959,
        "momentary": {
            "max": -11.5108175278,
            "mean": -14.4098052979,
            "min": -33.2562179565,
            "stdev": 2.40792155266
        },
        "short_term": {
            "max": -12.3007278442,
            "mean": -14.048412323,
            "min": -17.5143947601,
            "stdev": 0.966417491436
        }
    },
    "melbands_crest": {
        "max": 29.4356632233,
        "mean": 12.0486440659,
        "min": 3.67347145081,
        "stdev": 4.42357540131
    },
    "melbands_flatness_db": {
        "max": 0.419579088688,
        "mean": 0.186187028885,
        "min": 0.0402496606112,
        "stdev": 0.0443530678749
    },
    "melbands_kurtosis": {
        "max": 114.125228882,
        "mean": 6.62093257904,
        "min": -1.60619831085,
        "stdev": 9.86396217346
    },
    "melbands_skewness": {
        "max": 8.01281929016,
        "mean": 1.71873509884,
        "min": -0.812853753567,
        "stdev": 1.32421469688
    },
    "melbands_spread": {
        "max": 208.053405762,
        "mean": 21.5567131042,
        "min": 0.997167229652,
        "stdev": 15.1186800003
    },
    "pitch_salience": {
        "max": 0.852032959461,
        "mean": 0.5617800951,
        "min": 0.13155053556,
        "stdev": 0.0967827662826
    },
    "silence_rate_20dB": {
        "max": 1,
        "mean": 1,
        "min": 1,
        "stdev": 0
    },
    "silence_rate_30dB": {
        "max": 1,
        "mean": 1,
        "min": 1,
        "stdev": 0
    },
    "silence_rate_60dB": {
        "max": 1,
        "mean": 0.038553070277,
        "min": 0,
        "stdev": 0.192527249455
    },
    "spectral_centroid": {
        "max": 4302.44433594,
        "mean": 1206.21630859,
        "min": 278.496002197,
        "stdev": 462.892700195
    },
    "spectral_complexity": {
        "max": 40,
        "mean": 19.6539745331,
        "min": 0,
        "stdev": 6.53730869293
    },
    "spectral_decrease": {
        "max": -2.92816361436e-11,
        "mean": -6.93994106626e-09,
        "min": -2.2256543275e-08,
        "stdev": 3.90646093251e-09
    },
    "spectral_energy": {
        "max": 0.0901324525476,
        "mean": 0.0284353513271,
        "min": 0.000130225846078,
        "stdev": 0.015634033829
    },
    "spectral_energyband_high": {
        "max": 0.0124753899872,
        "mean": 0.000596089521423,
        "min": 2.36537539422e-06,
        "stdev": 0.00115196709521
    },
    "spectral_energyband_low": {
        "max": 0.0153779368848,
        "mean": 0.00116796488874,
        "min": 5.51561356588e-07,
        "stdev": 0.00179825979285
    },
    "spectral_energyband_middle_high": {
        "max": 0.0612875185907,
        "mean": 0.00996320229024,
        "min": 7.2256239946e-05,
        "stdev": 0.0090348450467
    },
    "spectral_energyband_middle_low": {
        "max": 0.0816359966993,
        "mean": 0.0172660499811,
        "min": 2.29095039685e-05,
        "stdev": 0.0132287945598
    },
    "spectral_entropy": {
        "max": 8.76375389099,
        "mean": 7.42689800262,
        "min": 5.85808324814,
        "stdev": 0.343909084797
    },
    "spectral_flux": {
        "max": 0.225588649511,
        "mean": 0.0912936553359,
        "min": 0.00698815984651,
        "stdev": 0.0404224283993
    },
    "spectral_kurtosis": {
        "max": 25.1384220123,
        "mean": 5.06958723068,
        "min": -1.09281766415,
        "stdev": 2.71901321411
    },
    "spectral_rms": {
        "max": 0.00937731843442,
        "mean": 0.00500657828525,
        "min": 0.000356440170435,
        "stdev": 0.00163583387621
    },
    "spectral_rolloff": {
        "max": 9453.07617188,
        "mean": 1574.40026855,
        "min": 193.798828125,
        "stdev": 1350.13635254
    },
    "spectral_skewness": {
        "max": 3.38498067856,
        "mean": 1.64141654968,
        "min": 0.0231407806277,
        "stdev": 0.413193196058
    },
    "spectral_spread": {
        "max": 23539132,
        "mean": 3928345,
        "min": 1935780.875,
        "stdev": 1522449.375
    },
    "spectral_strongpeak": {
        "max": 11.8693666458,
        "mean": 1.84312367439,
        "min": 0.00416391668841,
        "stdev": 1.57985067368
    },
    "zerocrossingrate": {
        "max": 0.3203125,
        "mean": 0.0585124082863,
        "min": 0.01220703125,
        "stdev": 0.032611142844
    },
    "barkbands": {
        "max": [5.20214816788e-05, 0.00583747401834, 0.0117112547159, 0.0305882059038, 0.0625918954611, 0.0551588945091, 0.0393232405186, 0.0290575586259, 0.0365152060986, 0.0576565861702, 0.0495496317744, 0.0255542080849, 0.0235315803438, 0.0165190864354, 0.00929135642946, 0.0102338995785, 0.00746360421181, 0.00684385886416, 0.00831706449389, 0.00176830857527, 0.00114119390491, 0.00202420842834, 0.00484911724925, 0.00730445748195, 0.00203072326258, 0.000151082262164, 1.4796596588e-06],
        "mean": [1.99754708774e-06, 0.000215417341678, 0.00057321053464, 0.00196869578212, 0.00520167034119, 0.00245930906385, 0.00248744082637, 0.00171022140421, 0.00288286199793, 0.00207753316499, 0.00263290805742, 0.00122307171114, 0.001007934683, 0.0012785353465, 0.000641240971163, 0.000467980396934, 0.000355736090569, 0.000286653870717, 0.000260299711954, 0.000230848789215, 0.000109103915747, 8.02449358162e-05, 8.47890987643e-05, 0.000139631476486, 5.04752097186e-05, 7.5332995948e-06, 1.16508447334e-08],
        "min": [3.64090119165e-10, 1.49152441509e-07, 3.92639307734e-08, 1.83336965165e-07, 1.25063684209e-06, 4.78577021568e-07, 2.56066687143e-06, 1.1745798929e-06, 2.50578000305e-06, 1.98786483452e-06, 3.23123435919e-06, 3.33162461175e-06, 2.36774985751e-06, 3.73070110982e-06, 3.71666328647e-06, 1.85400017472e-06, 1.05383287519e-06, 2.43464546656e-06, 9.72419684331e-07, 1.93091841538e-06, 6.28539964964e-07, 5.38235212844e-07, 1.66107327004e-07, 1.04046691263e-07, 5.94556084366e-08, 6.40747455094e-10, 1.91790264226e-11],
        "stdev": [3.48901744474e-06, 0.000448191713076, 0.00111165980343, 0.00257000420243, 0.00691086985171, 0.00479279598221, 0.00396639853716, 0.00312171294354, 0.00468670157716, 0.00425936607644, 0.00453109899536, 0.00231181154959, 0.00167650193907, 0.00201979465783, 0.000811870733742, 0.000687298772391, 0.000670620123856, 0.000409565662267, 0.000478940724861, 0.000235735627939, 0.000135311289341, 0.00018957152497, 0.000305430061417, 0.000547554052901, 0.000140490010381, 1.64952143678e-05, 7.78703679316e-08]
    },
    "erbbands": {
        "max": [0.0573005005717, 1.73756051064, 11.4021434784, 36.1568946838, 171.164779663, 290.577514648, 463.711853027, 567.182617188, 465.535003662, 774.097595215, 776.25579834, 1106.84875488, 2508.39697266, 2006.05737305, 1500.21240234, 840.214294434, 1247.46459961, 843.721679688, 694.290771484, 408.8074646, 524.523376465, 532.197509766, 202.839019775, 337.16809082, 364.344726562, 107.262176514, 76.8932342529, 50.9479293823, 65.7825622559, 84.5560150146, 125.75692749, 199.541931152, 118.583381653, 30.2616977692, 9.7345790863, 1.15069186687, 0.252168416977, 0.0160114336759, 0.000507564633153, 0.00011306633678],
        "mean": [0.00219459575601, 0.0692944303155, 0.554005622864, 3.17940306664, 16.3121814728, 15.0026950836, 16.9553546906, 20.9258918762, 27.5915584564, 42.9336624146, 45.0621376038, 58.5335464478, 67.2397918701, 100.028404236, 79.4464035034, 44.6770439148, 47.2940979004, 54.4276809692, 48.4462661743, 33.0240020752, 26.2835273743, 22.0472297668, 15.2468395233, 16.3014678955, 10.6844320297, 10.8271665573, 7.32199954987, 2.62604904175, 2.87111473083, 2.56661224365, 2.38998007774, 3.45147752762, 1.86722457409, 0.786389291286, 0.24650940299, 0.058477088809, 0.0101656289771, 0.000411500106566, 3.15182551276e-05, 3.5949076846e-05],
        "min": [5.01646036355e-06, 2.24962604989e-05, 0.000103077050881, 0.000888903101441, 0.00279463408515, 0.00642694253474, 0.00679821800441, 0.00470717344433, 0.0178060960025, 0.0419163219631, 0.0319824740291, 0.068264439702, 0.145926579833, 0.223504796624, 0.188835218549, 0.125833645463, 0.159774810076, 0.285576194525, 0.173394560814, 0.19677105546, 0.12093038857, 0.0914037972689, 0.157577216625, 0.0620230101049, 0.0939751490951, 0.0839886143804, 0.0331119373441, 0.0208063684404, 0.0226955171674, 0.00926462933421, 0.00480338232592, 0.00220807385631, 0.00118056195788, 0.000858333718497, 0.000222446600674, 2.02494593395e-05, 9.84205257737e-07, 1.73441435436e-07, 1.27540403128e-07, 1.83604640824e-07],
        "stdev": [0.00416480191052, 0.140994548798, 1.07351660728, 3.81675243378, 20.0109653473, 27.6554794312, 33.8718681335, 42.0060844421, 48.6980857849, 71.1261978149, 76.23046875, 97.0272445679, 148.939804077, 170.922103882, 130.918914795, 71.0417785645, 75.4550552368, 83.1311187744, 76.2524337769, 43.1250457764, 40.0811424255, 43.9441871643, 20.1166763306, 20.8151760101, 19.1469364166, 11.3565330505, 7.72738313675, 4.43222808838, 6.34304714203, 7.39336872101, 8.33967685699, 14.6554422379, 7.07311582565, 2.39735293388, 0.644559860229, 0.122148193419, 0.0244693923742, 0.00122700980864, 3.96971881855e-05, 1.88819176401e-05]
    },
    "gfcc": {
        "mean": [-8.041431427, 102.456520081, -161.525421143, 15.5127334595, -80.3871459961, 7.46141576767, -49.6154518127, -3.4764854908, -33.4199028015, -12.5926647186, -13.2360839844, -18.1245155334, -5.35962677002],
        "cov": [[2497.32788086, -275.832733154, 484.570953369, -9.84139823914, 30.8089122772, 66.7029495239, -131.213150024, 175.260055542, -163.511352539, 111.309715271, -208.338150024, 73.6546554565, -135.410614014], [-275.832733154, 904.064697266, -61.5237083435, 101.987442017, 222.669021606, -174.771942139, 103.175743103, -138.157592773, 54.1848526001, -164.453979492, 125.940429688, -140.494873047, 67.5337371826], [484.570953369, -61.5237083435, 1012.26867676, 276.656097412, 66.6255569458, 210.183029175, -151.194351196, 73.2017364502, -95.6197814941, 70.5346450806, -163.91506958, 101.476638794, -120.517776489], [-9.84139823914, 101.987442017, 276.656097412, 371.276550293, 62.5755500793, -5.24587631226, -70.8694381714, -44.4524459839, 64.8291702271, -56.0887069702, -2.95571088791, 0.989986419678, -5.67007541656], [30.8089122772, 222.669021606, 66.6255569458, 62.5755500793, 249.370239258, 9.98681545258, 18.8065052032, 2.99793076515, -36.9075775146, -10.9402399063, -27.2006034851, -6.25946378708, -12.1762132645], [66.7029495239, -174.771942139, 210.183029175, -5.24587631226, 9.98681545258, 340.081542969, 67.3715896606, 25.3522567749, -64.0342483521, 62.2487640381, -51.445728302, -12.0434675217, -67.736541748], [-131.213150024, 103.175743103, -151.194351196, -70.8694381714, 18.8065052032, 67.3715896606, 156.805328369, 3.13742542267, -11.5944757462, -13.591750145, 35.192943573, -56.0906333923, 14.2453842163], [175.260055542, -138.157592773, 73.2017364502, -44.4524459839, 2.99793076515, 25.3522567749, 3.13742542267, 142.548126221, -8.63299274445, 55.121673584, -55.4526176453, 41.5778999329, -25.9062919617], [-163.511352539, 54.1848526001, -95.6197814941, 64.8291702271, -36.9075775146, -64.0342483521, -11.5944757462, -8.63299274445, 126.924446106, -19.5642986298, 46.6512184143, -18.0346012115, 19.3537311554], [111.309715271, -164.453979492, 70.5346450806, -56.0887069702, -10.9402399063, 62.2487640381, -13.591750145, 55.121673584, -19.5642986298, 118.060958862, -24.5882015228, 36.0051994324, -45.7568054199], [-208.338150024, 125.940429688, -163.91506958, -2.95571088791, -27.2006034851, -51.445728302, 35.192943573, -55.4526176453, 46.6512184143, -24.5882015228, 126.39025116, -27.6270866394, 43.3711853027], [73.6546554565, -140.494873047, 101.476638794, 0.989986419678, -6.25946378708, -12.0434675217, -56.0906333923, 41.5778999329, -18.0346012115, 36.0051994324, -27.6270866394, 117.32849884, 6.25715065002], [-135.410614014, 67.5337371826, -120.517776489, -5.67007541656, -12.1762132645, -67.736541748, 14.2453842163, -25.9062919617, 19.3537311554, -45.7568054199, 43.3711853027, 6.25715065002, 94.7335891724]],
        "icov": [[0.000541756569874, -8.74650722835e-05, -1.79885955731e-05, -0.000107435269456, 0.000167408332345, 8.83978646016e-05, 0.000421461329097, -0.000595875259023, 0.000720850133803, -0.00014469200687, 0.000297070975648, 0.000211512960959, 0.000298680883134], [-8.74650722835e-05, 0.00620376970619, -0.00372999161482, 0.00279694702476, -0.00582949537784, 0.0044039064087, -0.00513349240646, 0.00352223170921, -0.00380887161009, 0.00414404366165, -0.00424441182986, 0.00429759873077, -0.000551542267203], [-1.79885955731e-05, -0.00372999161482, 0.00497648213059, -0.00390983466059, 0.00367796025239, -0.00393306324258, 0.00481489021331, -0.00307837082073, 0.00435000658035, -0.00263110129163, 0.0032029915601, -0.00338671030477, 0.00142268731724], [-0.000107435269456, 0.00279694702476, -0.00390983466059, 0.00750660942867, -0.00431640865281, 0.00172026443761, -0.00142658106051, 0.00327492551878, -0.00648184167221, 0.00461474061012, -0.00243769120425, 0.00187037978321, -0.000341179315001], [0.000167408332345, -0.00582949537784, 0.00367796025239, -0.00431640865281, 0.0104055032134, -0.00338585930876, 0.00334330927581, -0.0035951170139, 0.00590450735763, -0.0041191931814, 0.00491604069248, -0.00387740624137, 0.00105584191624], [8.83978646016e-05, 0.0044039064087, -0.00393306324258, 0.00172026443761, -0.00338585930876, 0.0087380670011, -0.00788343977183, 0.00373301096261, -0.00169257924426, 0.000455888570286, -0.00159041304141, 0.00339251896366, 0.00117536645848], [0.000421461329097, -0.00513349240646, 0.00481489021331, -0.00142658106051, 0.00334330927581, -0.00788343977183, 0.0182523373514, -0.00749654415995, 0.00560396397486, -0.00110362330452, -0.000379938370315, 0.00136712566018, -0.00129409099463], [-0.000595875259023, 0.00352223170921, -0.00307837082073, 0.00327492551878, -0.0035951170139, 0.00373301096261, -0.00749654415995, 0.014994584024, -0.00654359254986, -0.00148117693607, 0.00293995463289, -0.00132332323119, -0.000285169924609], [0.000720850133803, -0.00380887161009, 0.00435000658035, -0.00648184167221, 0.00590450735763, -0.00169257924426, 0.00560396397486, -0.00654359254986, 0.0175912436098, -0.00337459682487, -0.000891743053216, -0.000105618419184, 0.000999675015919], [-0.00014469200687, 0.00414404366165, -0.00263110129163, 0.00461474061012, -0.0041191931814, 0.000455888570286, -0.00110362330452, -0.00148117693607, -0.00337459682487, 0.0188597217202, -0.00604871800169, -0.00093403615756, 0.00595507724211], [0.000297070975648, -0.00424441182986, 0.0032029915601, -0.00243769120425, 0.00491604069248, -0.00159041304141, -0.000379938370315, 0.00293995463289, -0.000891743053216, -0.00604871800169, 0.0180909018964, -0.00299941282719, -0.00308865192346], [0.000211512960959, 0.00429759873077, -0.00338671030477, 0.00187037978321, -0.00387740624137, 0.00339251896366, 0.00136712566018, -0.00132332323119, -0.000105618419184, -0.00093403615756, -0.00299941282719, 0.0175880156457, -0.00581604521722], [0.000298680883134, -0.000551542267203, 0.00142268731724, -0.000341179315001, 0.00105584191624, 0.00117536645848, -0.00129409099463, -0.000285169924609, 0.000999675015919, 0.00595507724211, -0.00308865192346, -0.00581604521722, 0.0187285598367]]
    },
    "melbands": {
        "max": [0.00105282361619, 0.00422454113141, 0.0125619042665, 0.0102537544444, 0.0146333761513, 0.0117491465062, 0.00682727713138, 0.00797043927014, 0.00538006098941, 0.0064809047617, 0.0122091136873, 0.00775144994259, 0.00714303599671, 0.00392966065556, 0.00194111280143, 0.00170635001268, 0.00138725340366, 0.00156507326756, 0.00101222691592, 0.000415608868934, 0.000651824229863, 0.000638700323179, 0.000182752890396, 0.000286842725473, 0.000283021538053, 0.000534740975127, 7.40811010473e-05, 9.33190822252e-05, 7.84837175161e-05, 3.26347617374e-05, 2.76650480373e-05, 3.08841372316e-05, 5.98616570642e-05, 5.46800583834e-05, 4.91592909384e-05, 0.000184151533176, 0.000137183436891, 0.000104834194644, 3.39793732564e-05, 2.40652407228e-05],
        "mean": [3.81558893423e-05, 0.000228209668421, 0.0010243775323, 0.00112157058902, 0.000625462620519, 0.0004733990354, 0.000449722778285, 0.000446386751719, 0.000391537323594, 0.000372822280042, 0.000327452900819, 0.000389653054299, 0.000323169544572, 0.000152668639203, 0.000101175683085, 0.000104056089185, 9.86598388408e-05, 8.74270917848e-05, 5.15126739629e-05, 3.08426424454e-05, 3.05299508909e-05, 2.36122577917e-05, 1.3564152141e-05, 1.44238911162e-05, 1.32459399538e-05, 9.70081691776e-06, 6.82763584336e-06, 7.17736065781e-06, 5.73837178308e-06, 1.88495812381e-06, 1.35804123147e-06, 1.57111139742e-06, 1.65738686064e-06, 1.31911326662e-06, 1.17243939712e-06, 1.89429420061e-06, 2.21803202294e-06, 1.45994215472e-06, 8.26177313229e-07, 5.97090718202e-07],
        "min": [4.25627781908e-08, 5.23682004427e-08, 3.25758890085e-07, 3.32591696406e-07, 2.71827474307e-07, 8.72877095048e-08, 3.92526288806e-07, 4.36843663465e-07, 1.97975666083e-07, 4.09247974176e-07, 5.74722093916e-07, 7.44962449062e-07, 6.41680287572e-07, 1.67350947322e-07, 3.65507503375e-07, 4.0464135509e-07, 2.95222577051e-07, 2.77008126659e-07, 2.68528282277e-07, 1.81119887088e-07, 9.94418272171e-08, 7.53468114567e-08, 9.47059035639e-08, 1.03707009202e-07, 4.1530579864e-08, 3.89206036289e-08, 7.42777430673e-08, 3.93503114537e-08, 1.8753738118e-08, 1.54471155867e-08, 8.26169976875e-09, 1.22862413576e-08, 7.56485007969e-09, 3.53636697703e-09, 2.20614704283e-09, 2.07467998337e-09, 1.08668518628e-09, 7.27476190399e-10, 8.27052759611e-10, 5.92818960587e-10],
        "stdev": [7.73215069785e-05, 0.000415628921473, 0.00122569745872, 0.00140748266131, 0.00119648932014, 0.000917777768336, 0.00073601945769, 0.000741270778235, 0.00065247702878, 0.000628703215625, 0.000744783203118, 0.000687885505613, 0.000557621067856, 0.000328472640831, 0.000160163952387, 0.00016421667533, 0.000154386201757, 0.000167475693161, 7.1553637099e-05, 4.47854217782e-05, 5.28986238351e-05, 5.21893161931e-05, 1.87532768905e-05, 2.1133080736e-05, 1.77723759407e-05, 2.7212783607e-05, 8.38019423099e-06, 8.23240225145e-06, 6.74469492878e-06, 2.60500405602e-06, 2.68765984401e-06, 3.31783758156e-06, 4.52736685475e-06, 3.99130385631e-06, 3.72891167899e-06, 8.81626419869e-06, 9.75174680207e-06, 5.99585655436e-06, 2.52925474342e-06, 1.85452336154e-06]
    },
    "melbands128": {
        "max": [4.0018108848e-05, 0.000160779425642, 0.00107653241139, 0.00348703097552, 0.00571644958109, 0.00540863722563, 0.00623556179926, 0.0224777832627, 0.0216973405331, 0.011720456183, 0.0203438475728, 0.0267355069518, 0.0214539095759, 0.0214411020279, 0.0212834160775, 0.0164381153882, 0.010371176526, 0.0115000270307, 0.0144803337753, 0.014641597867, 0.00735471025109, 0.0117006376386, 0.00871448311955, 0.0100327348337, 0.0128113981336, 0.0124714924023, 0.0143401138484, 0.0217363648117, 0.00900396332145, 0.0158857721835, 0.0166954901069, 0.00823814794421, 0.0132932281122, 0.00513224443421, 0.00576859526336, 0.00662317452952, 0.00251543638296, 0.00197053817101, 0.00543226487935, 0.00378057057969, 0.0029260860756, 0.00560473371297, 0.00305791781284, 0.00155121798161, 0.00449463445693, 0.00207699066959, 0.00178986846004, 0.00177239417098, 0.00096344697522, 0.00139158219099, 0.000457918038592, 0.000915192824323, 0.00141062960029, 0.0010724948952, 0.00061763159465, 0.00124700844754, 0.000965790241025, 0.0004236085515, 0.000233198559727, 0.000538085529115, 0.00034545143717, 0.000838110630866, 0.000667159969453, 0.000250920711551, 0.000480973074446, 0.00129944225773, 7.26804864826e-05, 0.000169019651366, 0.000150885840412, 0.000155556073878, 0.000193705112906, 0.000120156873891, 0.000128014013171, 0.00014636295964, 6.34202297078e-05, 3.53767063643e-05, 5.78133658564e-05, 4.52950225736e-05, 3.52600909537e-05, 2.73959885817e-05, 3.58654688171e-05, 4.41034826508e-05, 6.67784552206e-05, 8.55196776683e-05, 6.99539014022e-05, 7.6464493759e-05, 5.30131183041e-05, 5.10233548994e-05, 6.50899673929e-05, 7.07870131009e-05, 0.000198705893126, 0.000406612758525, 0.000201214614208, 0.000185907963896, 0.000170799001353, 0.000130662141601, 0.00012718619837, 7.71492996137e-05, 3.88772932638e-05, 4.28453931818e-05, 3.68938599422e-05, 2.3517282898e-05, 1.87201494555e-05, 2.11922742892e-05, 1.48521157826e-05, 6.38452002022e-06, 3.04338504975e-06, 2.60651222561e-06, 2.31127251027e-06, 1.53990117724e-06, 1.75681827841e-06, 1.21701634725e-06, 1.11833810479e-06, 8.33724470795e-07, 3.97435769628e-07, 7.54187112761e-08, 3.72887640765e-08, 6.3979155307e-09, 6.21431262005e-09, 3.58057654637e-08, 2.27264695951e-08, 2.3563146101e-08, 5.65771296479e-09, 5.55669510405e-09, 5.47658673966e-09, 5.41383826658e-09, 5.368704592e-09, 5.33910027301e-09],
        "mean": [1.38213420087e-06, 6.74297052683e-06, 3.49898909917e-05, 0.000130840911879, 0.000227447671932, 0.000299887848087, 0.000362396880519, 0.00133489363361, 0.00201152614318, 0.000904123997316, 0.000802115595434, 0.000719321949873, 0.000528085802216, 0.000596277881414, 0.000476279878058, 0.000409181811847, 0.000403900252422, 0.000412846711697, 0.000560813816264, 0.000550259079318, 0.000314471835736, 0.000351901486283, 0.000369381770724, 0.000492601713631, 0.000405610335292, 0.000236903797486, 0.000493062078021, 0.000274235528195, 0.000288443436148, 0.000303699052893, 0.000486672419356, 0.000457083922811, 0.000378346216166, 0.000126964499941, 0.000220480957069, 0.000150202104123, 6.04543711233e-05, 0.000109515058284, 0.000120210810564, 9.74490685621e-05, 8.1119047536e-05, 0.0001440133492, 9.95333175524e-05, 5.18549131812e-05, 0.000153365384904, 8.07641044958e-05, 3.47847271769e-05, 6.12037765677e-05, 4.81078131997e-05, 5.02873772348e-05, 2.00498889171e-05, 2.13522343984e-05, 4.41222364316e-05, 2.77442068182e-05, 1.55350480782e-05, 3.05780595227e-05, 2.34426879615e-05, 1.207225705e-05, 1.07216474134e-05, 1.40065658343e-05, 1.37697525133e-05, 1.69244394783e-05, 1.18397183542e-05, 1.1787742551e-05, 1.60618365044e-05, 1.12765546874e-05, 4.25361622547e-06, 6.00256180405e-06, 7.87497810961e-06, 7.20294065104e-06, 7.58775740906e-06, 6.88194722898e-06, 6.64779827275e-06, 6.60704017719e-06, 3.21140328197e-06, 1.72289549027e-06, 1.39517499065e-06, 1.31334093112e-06, 1.39689973366e-06, 1.29554803152e-06, 1.53020914695e-06, 1.68111091625e-06, 1.71520593995e-06, 1.7455786292e-06, 1.50316418512e-06, 1.44620366882e-06, 1.23569225252e-06, 1.09031475404e-06, 1.10616758775e-06, 1.19556659683e-06, 1.7159223944e-06, 2.08482197195e-06, 2.18923150896e-06, 2.49369008998e-06, 2.05672313314e-06, 1.73387400082e-06, 1.35056598083e-06, 1.03377783489e-06, 7.71891336626e-07, 7.62060551551e-07, 7.38913172427e-07, 5.56365080229e-07, 4.60322070239e-07, 3.67109265653e-07, 2.62822680952e-07, 1.78030603593e-07, 1.38404871564e-07, 1.18370586222e-07, 9.58447614607e-08, 6.91439510092e-08, 5.45700764576e-08, 4.39799414664e-08, 2.93313036082e-08, 1.12687672527e-08, 3.69892672047e-09, 9.4448271426e-10, 2.33633029589e-10, 1.18663039464e-11, 1.77299234322e-11, 8.80756578781e-11, 5.19535733878e-11, 3.55517143502e-11, 1.90227607971e-11, 9.68948359048e-12, 9.52189022074e-12, 9.36140488045e-12, 9.25526755929e-12, 9.20095596935e-12],
        "min": [3.6408889792e-10, 7.23923765378e-09, 2.11860147203e-08, 3.81934057714e-08, 3.94957275773e-08, 1.18134471094e-08, 2.75712803699e-08, 9.96105598006e-08, 9.95820954586e-08, 1.22183564599e-07, 9.99274902824e-08, 2.22101093073e-07, 1.83040796742e-07, 8.58066044884e-08, 5.02003629776e-08, 4.39866321145e-09, 7.81355158352e-09, 4.27977511208e-08, 2.96327243632e-07, 4.59851975165e-07, 1.05043426402e-07, 1.3396322629e-07, 1.17504342256e-07, 1.44162299875e-08, 3.2567051278e-08, 1.5468640413e-07, 1.51009217575e-07, 1.59157877988e-07, 1.84498105682e-07, 1.95554875404e-07, 1.95737115405e-08, 1.45657537587e-07, 7.26433739828e-08, 5.88096575882e-08, 1.44578351069e-07, 7.98992090267e-08, 9.60365440505e-08, 2.86935204485e-07, 5.30020436429e-08, 5.81277994627e-08, 5.28346397743e-08, 2.63422975877e-07, 1.53491470201e-07, 3.03507121657e-08, 1.40779761182e-07, 2.52137084544e-07, 5.06225532604e-08, 3.54217561949e-08, 1.31665601089e-07, 1.42914700518e-07, 2.72162488102e-08, 5.9938962238e-08, 6.42782680416e-08, 4.03123650017e-08, 4.698447853e-08, 2.11245598791e-08, 2.43461695248e-08, 2.3888375722e-08, 2.49471288072e-08, 4.02581754599e-08, 4.57567566059e-08, 4.56674627003e-08, 4.16736369857e-08, 3.96959229931e-08, 1.04080397634e-08, 2.3588563991e-08, 2.27238761141e-08, 6.96793449606e-08, 6.20383531214e-08, 4.11983194226e-08, 2.39469812868e-08, 2.26966019312e-08, 1.55399906276e-08, 6.28802387936e-09, 1.58500519376e-08, 7.37040029009e-09, 1.28859340975e-08, 3.87603771301e-09, 6.61866561558e-09, 4.15309120427e-09, 7.75635911054e-09, 9.0452143553e-09, 7.30739069255e-09, 3.7047904744e-09, 3.06983793941e-09, 2.56628096551e-09, 2.64751620627e-09, 1.98867233792e-09, 1.68449842963e-09, 1.77376890953e-09, 1.39735911731e-09, 1.77762504716e-09, 9.88413462188e-10, 6.03808780753e-10, 9.78644054683e-10, 6.78590406089e-10, 5.26424737135e-10, 4.69311867146e-10, 4.13676176647e-10, 3.52174317486e-10, 5.85157033939e-10, 3.48527012806e-10, 3.70684510864e-10, 2.11565015507e-10, 1.17378468056e-10, 1.25324819966e-10, 1.16420525997e-10, 3.01847817574e-11, 1.32835596364e-13, 1.54856271035e-13, 8.60063769877e-14, 6.93873127358e-14, 7.3487067397e-14, 7.1659380361e-14, 5.24308312153e-14, 7.56700339324e-14, 7.38936093304e-14, 6.91340973184e-14, 6.03488071148e-14, 6.20218733685e-14, 5.16391942228e-14, 5.62924781387e-14, 6.82477146086e-14, 6.10538773401e-14, 4.26461065084e-14, 1.56759303346e-14, 2.50074195699e-15, 1.04617840026e-16],
        "stdev": [2.78184938907e-06, 1.50661180669e-05, 7.94890729594e-05, 0.000281214131974, 0.000533628393896, 0.000550947152078, 0.000560623593628, 0.00181260891259, 0.00259345700033, 0.00139114679769, 0.00190915062558, 0.00189565715846, 0.00134042138234, 0.00153671216685, 0.0012580640614, 0.00111137283966, 0.00107676826883, 0.000867540598847, 0.00112633698154, 0.00112814735621, 0.00066146365134, 0.00091505877208, 0.000827248033602, 0.00109001714736, 0.000936260330491, 0.000656512042042, 0.00145622959826, 0.000997070223093, 0.000779514142778, 0.000843754096422, 0.00119808630552, 0.000880616949871, 0.000981844961643, 0.000316325982567, 0.000559788604733, 0.000422150624217, 0.000153410117491, 0.000212626997381, 0.000307677109959, 0.000236058403971, 0.000205904594623, 0.000364001374692, 0.000226571559324, 0.000139245719765, 0.000413070985815, 0.000171577528818, 7.92825521785e-05, 0.000123666948639, 8.17967302282e-05, 0.000117674047942, 3.61274978786e-05, 4.95537315146e-05, 9.57752636168e-05, 6.35171745671e-05, 3.6618544982e-05, 9.29749148781e-05, 6.1511680542e-05, 2.25908115681e-05, 1.79899470822e-05, 3.24389257003e-05, 2.85583864752e-05, 3.90457717003e-05, 2.98370723613e-05, 2.09017543966e-05, 3.52987772203e-05, 6.05320383329e-05, 5.83003293286e-06, 8.81703817868e-06, 1.44086625369e-05, 1.12515099318e-05, 1.32324248625e-05, 1.03720085463e-05, 1.062147021e-05, 1.19886726679e-05, 4.53619122709e-06, 2.94666051559e-06, 3.07429377244e-06, 3.0079120279e-06, 3.1691613458e-06, 2.58036993728e-06, 3.43064766639e-06, 3.68577752852e-06, 4.8182273531e-06, 5.06305423187e-06, 4.70595432489e-06, 5.01782051288e-06, 3.78602794626e-06, 3.28928240378e-06, 3.63969616046e-06, 4.30482668889e-06, 8.74800025485e-06, 1.23353656818e-05, 1.04906384877e-05, 1.2799236174e-05, 9.67269534158e-06, 7.60307239034e-06, 5.9544809119e-06, 4.03789908887e-06, 2.3318532385e-06, 2.41666703005e-06, 2.55053100773e-06, 1.80167376129e-06, 1.38700170282e-06, 1.15182240279e-06, 7.71648444697e-07, 4.51769267329e-07, 3.21481508081e-07, 2.64120615157e-07, 2.15183504793e-07, 1.50102891894e-07, 1.26874809325e-07, 1.15467166495e-07, 8.28690289723e-08, 5.29210524292e-08, 2.27409859832e-08, 4.60528681856e-09, 1.28541011168e-09, 1.98528499196e-10, 2.55122284409e-10, 1.3417460476e-09, 7.12590930707e-10, 5.95301363759e-10, 2.38258912599e-10, 1.72477462868e-10, 1.69985178711e-10, 1.68049962834e-10, 1.66636718313e-10, 1.65725197454e-10]
    },
    "mfcc": {
        "mean": [-632.975219727, 124.219841003, -24.1723995209, 0.247045591474, -10.6236190796, -7.01625871658, -4.14445352554, -7.98021793365, -13.2442722321, -2.47520518303, -12.8848314285, -8.54292297363, -8.30741882324],
        "cov": [[2186.41772461, -141.010559082, 135.264602661, -9.55760765076, 61.922668457, -84.7953109741, 3.98771429062, -16.0893135071, 35.9750137329, 6.8032450676, 14.5643463135, -38.7206306458, -3.08122944832], [-141.010559082, 764.647155762, -159.153594971, 144.815475464, 71.9865264893, -9.81126785278, 93.8948745728, 7.49218893051, -41.3268928528, 25.4214572906, -30.439365387, -44.1965789795, -19.6321773529], [135.264602661, -159.153594971, 841.70904541, 107.113220215, 199.129547119, 150.480041504, -2.04038596153, 37.6112861633, 55.2203712463, -41.3563995361, 29.6391201019, 46.1412124634, -51.7174606323], [-9.55760765076, 144.815475464, 107.113220215, 368.51171875, 169.679428101, -29.2859306335, -90.3356170654, 15.2924928665, -2.2250597477, -54.6835136414, -47.2119979858, 12.2553358078, 18.7088603973], [61.922668457, 71.9865264893, 199.129547119, 169.679428101, 244.23878479, 65.0484237671, -7.75767230988, 26.9771709442, 28.2441501617, -30.2343673706, -3.72055578232, 2.31918692589, 0.0927691161633], [-84.7953109741, -9.81126785278, 150.480041504, -29.2859306335, 65.0484237671, 212.240982056, 89.4912490845, 23.9885730743, 7.2766957283, 20.4163703918, 30.3316383362, 1.17314255238, -21.9673786163], [3.98771429062, 93.8948745728, -2.04038596153, -90.3356170654, -7.75767230988, 89.4912490845, 203.514984131, 27.4156150818, 14.508395195, 48.0863418579, 18.2756690979, -27.4796905518, -20.5941638947], [-16.0893135071, 7.49218893051, 37.6112861633, 15.2924928665, 26.9771709442, 23.9885730743, 27.4156150818, 81.6090545654, 33.6468887329, 5.85862874985, -1.17032122612, -11.4669523239, 0.270471632481], [35.9750137329, -41.3268928528, 55.2203712463, -2.2250597477, 28.2441501617, 7.2766957283, 14.508395195, 33.6468887329, 89.4417877197, 19.2184829712, 11.7135648727, -0.278805434704, 1.13655209541], [6.8032450676, 25.4214572906, -41.3563995361, -54.6835136414, -30.2343673706, 20.4163703918, 48.0863418579, 5.85862874985, 19.2184829712, 92.7478790283, 32.3914642334, -4.29244804382, -6.04951381683], [14.5643463135, -30.439365387, 29.6391201019, -47.2119979858, -3.72055578232, 30.3316383362, 18.2756690979, -1.17032122612, 11.7135648727, 32.3914642334, 85.4964294434, 32.7449111938, 2.9591050148], [-38.7206306458, -44.1965789795, 46.1412124634, 12.2553358078, 2.31918692589, 1.17314255238, -27.4796905518, -11.4669523239, -0.278805434704, -4.29244804382, 32.7449111938, 91.7886962891, 29.6138687134], [-3.08122944832, -19.6321773529, -51.7174606323, 18.7088603973, 0.0927691161633, -21.9673786163, -20.5941638947, 0.270471632481, 1.13655209541, -6.04951381683, 2.9591050148, 29.6138687134, 82.0831756592]],
        "icov": [[0.000511258491315, 0.000131361899548, -0.000118208903586, 5.47043491679e-05, -0.000288827694021, 0.000481824245071, -0.000211251855944, 0.000225736061111, -1.53319324454e-05, -0.000110614280857, -0.000210350059206, 0.000401119265007, -0.000105881365016], [0.000131361899548, 0.00200178078376, 0.000457898189779, -0.00105024513323, -0.000704539590515, 0.000613889249507, -0.00149230973329, 3.5799687339e-06, 0.00112685316708, -0.000759935006499, 4.22214507125e-05, 0.000238280219492, 0.000643153092824], [-0.000118208903586, 0.000457898189779, 0.00203820085153, -0.000300886109471, -0.00109038222581, -0.00098720472306, -5.81178392167e-06, -0.0002708605316, -0.000643619103357, 0.000735273526516, -0.000149103507283, -0.00127998995595, 0.00172458926681], [5.47043491679e-05, -0.00105024513323, -0.000300886109471, 0.00595287559554, -0.00364313274622, 0.000864299945533, 0.00223646778613, -0.00105206179433, 0.000604354660027, 0.000139572643093, 0.00236999732442, -0.00112724502105, -0.000672355061397], [-0.000288827694021, -0.000704539590515, -0.00109038222581, -0.00364313274622, 0.00903960876167, -0.00273082777858, 0.000144833160448, 2.65026264969e-05, -0.00253479718231, 0.00207020482048, -0.00142007088289, 0.00134029577021, -0.000985479098745], [0.000481824245071, 0.000613889249507, -0.00098720472306, 0.000864299945533, -0.00273082777858, 0.00838700588793, -0.00330399954692, -0.000983604579233, 0.00219666352496, -0.00103233975824, -0.00135577982292, -6.5191386966e-05, 0.000733747205231], [-0.000211251855944, -0.00149230973329, -5.81178392167e-06, 0.00223646778613, 0.000144833160448, -0.00330399954692, 0.00892340112478, -0.00178429693915, -0.000727478240151, -0.00192620686721, 0.000364632869605, 0.00119136762805, -9.28008448682e-05], [0.000225736061111, 3.5799687339e-06, -0.0002708605316, -0.00105206179433, 2.65026264969e-05, -0.000983604579233, -0.00178429693915, 0.0161708910018, -0.00578278722242, 0.000506571726874, 0.000215980573557, 0.00224812026136, -0.00138721184339], [-1.53319324454e-05, 0.00112685316708, -0.000643619103357, 0.000604354660027, -0.00253479718231, 0.00219666352496, -0.000727478240151, -0.00578278722242, 0.0159586761147, -0.0039401575923, -0.000553698744625, 5.16621912539e-05, -0.000357086537406], [-0.000110614280857, -0.000759935006499, 0.000735273526516, 0.000139572643093, 0.00207020482048, -0.00103233975824, -0.00192620686721, 0.000506571726874, -0.0039401575923, 0.0161466412246, -0.00562392501161, 0.00124069105368, 0.000481674767798], [-0.000210350059206, 4.22214507125e-05, -0.000149103507283, 0.00236999732442, -0.00142007088289, -0.00135577982292, 0.000364632869605, 0.000215980573557, -0.000553698744625, -0.00562392501161, 0.0183693561703, -0.00713251391426, 0.000601841078606], [0.000401119265007, 0.000238280219492, -0.00127998995595, -0.00112724502105, 0.00134029577021, -6.5191386966e-05, 0.00119136762805, 0.00224812026136, 5.16621912539e-05, 0.00124069105368, -0.00713251391426, 0.0171270761639, -0.00603619404137], [-0.000105881365016, 0.000643153092824, 0.00172458926681, -0.000672355061397, -0.000985479098745, 0.000733747205231, -9.28008448682e-05, -0.00138721184339, -0.000357086537406, 0.000481674767798, 0.000601841078606, -0.00603619404137, 0.0159477069974]]
    },
    "spectral_contrast_coeffs": {
        "max": [-0.329901278019, -0.395367145538, -0.439900398254, -0.585703849792, -0.63356679678, -0.661235034466],
        "mean": [-0.622216582298, -0.714039206505, -0.712788820267, -0.754903018475, -0.779670536518, -0.787007391453],
        "min": [-0.956417679787, -0.899737894535, -0.895132303238, -0.878056526184, -0.876359462738, -0.86656665802],
        "stdev": [0.0810570120811, 0.0848723649979, 0.0812185630202, 0.0544948093593, 0.0431968346238, 0.0271318927407]
    },
    "spectral_contrast_valleys": {
        "max": [-5.40730667114, -4.56024026871, -5.20284605026, -6.12699222565, -6.20338630676, -7.68255329132],
        "mean": [-7.37390756607, -6.57085418701, -7.05303382874, -7.35524320602, -7.50958871841, -10.2559328079],
        "min": [-10.5892801285, -9.68056106567, -9.31025409698, -9.39180183411, -9.42649745941, -12.7136249542],
        "stdev": [0.888404965401, 0.664598584175, 0.59840297699, 0.516156673431, 0.454503774643, 0.776726126671]
    }
},
"rhythm": {
    "beats_count": 73,
    "beats_loudness": {
        "max": 0.0765360072255,
        "mean": 0.0359190031886,
        "min": 0.000323635904351,
        "stdev": 0.0137832928449
    },
    "bpm": 91.6557388306,
    "bpm_histogram_first_peak_bpm": 92,
    "bpm_histogram_first_peak_weight": 0.205882370472,
    "bpm_histogram_second_peak_bpm": 81,
    "bpm_histogram_second_peak_spread": 0,
    "bpm_histogram_second_peak_weight": 0.0416666679084,
    "danceability": 1.03973507881,
    "onset_rate": 3.322265625,
    "beats_loudness_band_ratio": {
        "max": [0.744710564613, 0.751017510891, 0.748798966408, 0.721247315407, 0.341622263193, 0.279177904129],
        "mean": [0.202636942267, 0.238733500242, 0.256546795368, 0.246769428253, 0.0931057408452, 0.031872048974],
        "min": [0.000214007275645, 0.0213809460402, 0.0423007570207, 0.0208906512707, 0.0093102985993, 0.00612110318616],
        "stdev": [0.141014173627, 0.162191152573, 0.166505739093, 0.171010181308, 0.0640665367246, 0.0415073111653]
    },
