{
"metadata": {
    "version": {
        "essentia": "2.1-beta5",
        "essentia_git_sha": "Undefined",
        "extractor": "music 2.0"
    },
    "audio_properties": {
        "analysis": {
            "equal_loudness": 0,
            "length": 36.3740577698,
            "sample_rate": 44100,
            "start_time": 126.502311707,
            "downmix": "mix"
        },
        "bit_rate": 192000,
        "length": 162.899597168,
        "lossless": 0,
        "number_channels": 2,
        "replay_gain": -16.9779510498,
        "sample_rate": 48000,
        "codec": "mp3",
        "md5_encoded": "e20342a9fbeb5fec85e175f5ef3ed1f5"
    },
    "tags": {
        "file_name": "Germany_Theater_Katja Ebstein.mp3",
        "encoding": ["Lavf58.29.100"]
    }
},
"lowlevel": {
    "average_loudness": 0.970111131668,
    "barkbands_crest": {
        "max": 26.9185714722,
        "mean": 8.5800075531,
        "min": 3.16408514977,
        "stdev": 3.8111550808
    },
    "barkbands_flatness_db": {
        "max": 0.705538928509,
        "mean": 0.167740568519,
        "min": 0.0511150881648,
        "stdev": 0.0402826219797
    },
    "barkbands_kurtosis": {
        "max": 23245.4277344,
        "mean": 28.6130962372,
        "min": -1.72927165031,
        "stdev": 676.826171875
    },
    "barkbands_skewness": {
        "max": 137.634750366,
        "mean": 1.01209056377,
        "min": -1.9148401022,
        "stdev": 4.93165111542
    },
    "barkbands_spread": {
        "max": 116.146881104,
        "mean": 16.5147953033,
        "min": 0.0196839980781,
        "stdev": 7.29680156708
    },
    "dissonance": {
        "max": 0.499999910593,
        "mean": 0.469345837831,
        "min": 0.303008645773,
        "stdev": 0.02338013798
    },
    "dynamic_complexity": 2.18431830406,
    "erbbands_crest": {
        "max": 29.3086242676,
        "mean": 9.62970542908,
        "min": 3.03211331367,
        "stdev": 4.45820713043
    },
    "erbbands_flatness_db": {
        "max": 0.336560815573,
        "mean": 0.227899610996,
        "min": 0.061858471483,
        "stdev": 0.0338469110429
    },
    "erbbands_kurtosis": {
        "max": 16.0285320282,
        "mean": 0.289241939783,
        "min": -1.79791629314,
        "stdev": 1.75583422184
    },
    "erbbands_skewness": {
        "max": 2.73143315315,
        "mean": 0.0316998362541,
        "min": -1.65930306911,
        "stdev": 0.546632707119
    },
    "erbbands_spread": {
        "max": 183.994903564,
        "mean": 25.2402896881,
        "min": 3.48722171783,
        "stdev": 11.9579725266
    },
    "hfc": {
        "max": 94.8385772705,
        "mean": 25.6478176117,
        "min": 1.11278529929e-16,
        "stdev": 14.2965860367
    },
    "loudness_ebu128": {
        "integrated": -5.03323698044,
        "loudness_range": 1.2870759964,
        "momentary": {
            "max": -2.97506690025,
            "mean": -5.9640917778,
            "min": -94.311668396,
            "stdev": 8.0780954361
        },
        "short_term": {
            "max": -4.13785886765,
            "mean": -5.02427768707,
            "min": -7.81249380112,
            "stdev": 0.540014147758
        }
    },
    "melbands_crest": {
        "max": 39.9967498779,
        "mean": 10.999288559,
        "min": 1.82749998569,
        "stdev": 5.16605901718
    },
    "melbands_flatness_db": {
        "max": 0.697785139084,
        "mean": 0.205605238676,
        "min": 0.00335452379659,
        "stdev": 0.0466263741255
    },
    "melbands_kurtosis": {
        "max": 51128.1015625,
        "mean": 60.7319717407,
        "min": -1.52649593353,
        "stdev": 1452.94946289
    },
    "melbands_skewness": {
        "max": 215.76423645,
        "mean": 1.74866783619,
        "min": -1.61273431778,
        "stdev": 7.25004959106
    },
    "melbands_spread": {
        "max": 159.408477783,
        "mean": 24.798204422,
        "min": 0.0167751368135,
        "stdev": 12.7134904861
    },
    "pitch_salience": {
        "max": 0.941087901592,
        "mean": 0.60356760025,
        "min": 0.0013810103992,
        "stdev": 0.112232945859
    },
    "silence_rate_20dB": {
        "max": 1,
        "mean": 1,
        "min": 1,
        "stdev": 0
    },
    "silence_rate_30dB": {
        "max": 1,
        "mean": 1,
        "min": 1,
        "stdev": 0
    },
    "silence_rate_60dB": {
        "max": 1,
        "mean": 0.0184948984534,
        "min": 0,
        "stdev": 0.134732469916
    },
    "spectral_centroid": {
        "max": 11468.0947266,
        "mean": 1345.18640137,
        "min": 243.514984131,
        "stdev": 712.272155762
    },
    "spectral_complexity": {
        "max": 45,
        "mean": 24.1294651031,
        "min": 0,
        "stdev": 6.92943525314
    },
    "spectral_decrease": {
        "max": -2.43260962209e-31,
        "mean": -7.43409378501e-09,
        "min": -2.89498025552e-08,
        "stdev": 3.90714927079e-09
    },
    "spectral_energy": {
        "max": 0.11217699945,
        "mean": 0.0303842928261,
        "min": 1.07598676651e-20,
        "stdev": 0.0156705323607
    },
    "spectral_energyband_high": {
        "max": 0.00356190348975,
        "mean": 0.000221637630602,
        "min": 7.60362755973e-21,
        "stdev": 0.000275813479675
    },
    "spectral_energyband_low": {
        "max": 0.064213372767,
        "mean": 0.00288337934762,
        "min": 6.89663539656e-23,
        "stdev": 0.00405461573973
    },
    "spectral_energyband_middle_high": {
        "max": 0.0708992555737,
        "mean": 0.0124662118033,
        "min": 1.43298236886e-21,
        "stdev": 0.00998453889042
    },
    "spectral_energyband_middle_low": {
        "max": 0.10105624795,
        "mean": 0.0158608555794,
        "min": 3.07235044049e-22,
        "stdev": 0.0117718521506
    },
    "spectral_entropy": {
        "max": 9.82092666626,
        "mean": 7.34268426895,
        "min": 6.41846895218,
        "stdev": 0.287715822458
    },
    "spectral_flux": {
        "max": 0.260384976864,
        "mean": 0.0960685312748,
        "min": 6.86668569227e-11,
        "stdev": 0.038009531796
    },
    "spectral_kurtosis": {
        "max": 21.8031768799,
        "mean": 6.56378221512,
        "min": -1.23606038094,
        "stdev": 3.33384847641
    },
    "spectral_rms": {
        "max": 0.0104614039883,
        "mean": 0.00522844260558,
        "min": 3.23997404426e-12,
        "stdev": 0.00151874602307
    },
    "spectral_rolloff": {
        "max": 18863.0859375,
        "mean": 1533.86962891,
        "min": 21.533203125,
        "stdev": 1204.66516113
    },
    "spectral_skewness": {
        "max": 3.44342207909,
        "mean": 1.55157673359,
        "min": -0.0292198881507,
        "stdev": 0.393766403198
    },
    "spectral_spread": {
        "max": 41358444,
        "mean": 2723300,
        "min": 1719827.75,
        "stdev": 2132244.25
    },
    "spectral_strongpeak": {
        "max": 11.8543071747,
        "mean": 1.81692266464,
        "min": 0,
        "stdev": 1.81073689461
    },
    "zerocrossingrate": {
        "max": 0.63525390625,
        "mean": 0.0530000030994,
        "min": 0,
        "stdev": 0.0350592955947
    },
    "barkbands": {
        "max": [0.000348919973476, 0.0439973287284, 0.0240902882069, 0.0550967603922, 0.0657204315066, 0.0656406953931, 0.0422414280474, 0.0196786243469, 0.0366169176996, 0.0628961846232, 0.0362063869834, 0.0560220777988, 0.0310482233763, 0.0146131915972, 0.0139044336975, 0.0118386605754, 0.0111725525931, 0.00527122337371, 0.001980219502, 0.00365355075337, 0.000931346206926, 0.000218896369915, 0.00044065475231, 4.81178394693e-05, 1.43676052176e-05, 4.5222936933e-06, 3.17708895636e-06],
        "mean": [1.46215088535e-05, 0.00123543222435, 0.000968496431597, 0.00264331325889, 0.00449176831171, 0.00319476262666, 0.00176930311136, 0.000886559195351, 0.00214877468534, 0.00218298844993, 0.0020824028179, 0.00208886060864, 0.00211714534089, 0.000789697282016, 0.00109405361582, 0.000694298068993, 0.000780340575147, 0.000536583480425, 0.000297197053442, 0.000276605424006, 5.33143102075e-05, 1.91108774743e-05, 1.21184193631e-05, 4.7069561333e-06, 1.50155688061e-06, 3.55402562491e-07, 1.94960634303e-08],
        "min": [1.90379687397e-24, 1.42777023864e-23, 3.3004820092e-23, 1.61911791753e-23, 4.28797367273e-23, 2.38284255887e-23, 2.43154967106e-23, 1.03720126016e-23, 2.48756021528e-23, 5.93908636863e-23, 7.41803206523e-23, 3.46851474626e-23, 7.26785629916e-23, 4.12022555668e-23, 1.29501854825e-22, 9.29081499104e-23, 9.98583805168e-23, 1.53586093806e-22, 1.91697062232e-22, 3.19196068638e-22, 3.90588510675e-22, 4.4272509783e-22, 5.35588440441e-22, 7.13534357052e-22, 1.03974613806e-21, 1.47752713537e-21, 2.34525232068e-21],
        "stdev": [2.14082920138e-05, 0.00245381286368, 0.00149434187915, 0.00408036215231, 0.00553541211411, 0.00418220087886, 0.00318764406256, 0.00134372175671, 0.00323670776561, 0.00444599799812, 0.00379852834158, 0.0049684564583, 0.00354190124199, 0.001332234242, 0.00138382136356, 0.00103008002043, 0.00125076342374, 0.000645954161882, 0.000283312547253, 0.000361884623999, 6.29054484307e-05, 1.91306098714e-05, 1.83417068911e-05, 4.82289033243e-06, 1.70706857716e-06, 4.85880661927e-07, 8.6985544101e-08]
    },
    "erbbands": {
        "max": [0.412803739309, 12.1055307388, 35.4976005554, 74.0755386353, 275.846130371, 144.14125061, 261.001831055, 849.48059082, 847.852661133, 413.751434326, 455.57901001, 903.922363281, 2352.45800781, 1457.15905762, 1694.3125, 2222.39257812, 1344.13964844, 1093.45837402, 706.205749512, 912.741333008, 680.65612793, 522.006164551, 324.218444824, 114.379867554, 137.868392944, 225.641281128, 65.8343505859, 18.4056072235, 8.58982276917, 8.86485671997, 14.7223234177, 1.78034520149, 0.4667493999, 0.227596446872, 0.0812455788255, 0.035115763545, 0.00572579400614, 0.00199871091172, 0.000461094838101, 0.000125145117636],
        "mean": [0.0169059950858, 0.339978128672, 1.14738583565, 4.35974025726, 14.2332735062, 14.4873533249, 17.6238307953, 30.2711658478, 24.4040908813, 24.0561256409, 21.9353179932, 49.979511261, 64.7263870239, 90.5774841309, 65.9095993042, 88.7439727783, 89.1915054321, 66.5273361206, 46.6611213684, 47.9915084839, 44.7650985718, 39.840927124, 33.8262939453, 18.3316879272, 13.170797348, 12.560213089, 4.74827671051, 1.31453192234, 0.756412088871, 0.409334778786, 0.351091772318, 0.155382514, 0.0560322143137, 0.020943608135, 0.00899062864482, 0.00284495577216, 0.000389281864045, 4.39721188741e-05, 1.96267319552e-05, 3.628794002e-05],
        "min": [4.32196467939e-22, 3.62981796969e-21, 2.89213296798e-20, 6.15027203127e-20, 9.23881192711e-20, 1.26994066765e-19, 1.12875799769e-19, 2.19952313811e-19, 2.65857425688e-19, 6.24945395939e-19, 3.61185958779e-19, 4.34366498324e-19, 1.27683506296e-18, 2.53840574848e-18, 2.50725412661e-18, 1.73540838152e-18, 3.72442951168e-18, 2.03873551215e-18, 5.04114429613e-18, 7.77668476218e-18, 3.50139101285e-18, 5.94634541124e-18, 6.96825467975e-18, 1.27821515177e-17, 9.17223771723e-18, 1.66346021184e-17, 1.48306320447e-17, 1.58592228646e-17, 1.77788360967e-17, 1.71550856666e-17, 1.60184336258e-17, 1.29172152225e-17, 1.27919742875e-17, 1.10153913366e-17, 7.99774960806e-18, 4.95873353248e-18, 2.72844801268e-18, 8.55691201822e-19, 3.01572396201e-19, 3.45555282505e-20],
        "stdev": [0.0257173310965, 0.684014260769, 1.77987825871, 6.20052051544, 23.5215473175, 14.983206749, 23.9547576904, 45.8272209167, 44.2786712646, 41.9211006165, 28.4776325226, 73.6166152954, 145.173355103, 138.535476685, 118.716049194, 210.671691895, 140.308670044, 99.1877365112, 55.7635650635, 59.3551521301, 60.1175918579, 59.5625076294, 39.8158035278, 16.7168369293, 13.1204652786, 18.2019920349, 6.2680516243, 1.29253828526, 0.715514063835, 0.546006202698, 0.558150053024, 0.172563433647, 0.0539816506207, 0.0226714443415, 0.010759241879, 0.00365343340673, 0.000599370105192, 8.3929131506e-05, 1.63379918376e-05, 1.83841766557e-05]
    },
    "gfcc": {
        "mean": [-30.941493988, 142.760925293, -170.762054443, 24.3014335632, -52.883354187, -2.62896633148, -33.3271751404, -5.95496988297, -22.6596660614, -14.3145542145, -5.93472623825, -11.0388174057, -0.287622243166],
        "cov": [[22316.046875, 3498.21606445, -2347.85375977, 16.7719402313, -766.958251953, -476.814483643, -636.0859375, -335.23638916, -535.519287109, -378.828491211, -163.713348389, -327.438812256, -119.297843933], [3498.21606445, 1097.57373047, -174.471801758, 92.7630691528, -47.0076789856, -132.407363892, -103.314743042, -114.115325928, -48.4303245544, -140.277145386, -9.6097946167, -99.3927154541, 25.5737819672], [-2347.85375977, -174.471801758, 806.521789551, 153.870300293, 171.532348633, 80.7156219482, 8.35532665253, 77.1447677612, 13.7970371246, 49.263835907, -34.7451705933, 69.2247695923, 8.64540290833], [16.7719402313, 92.7630691528, 153.870300293, 220.44984436, 64.3073806763, 7.94257640839, -18.2620830536, -4.02788829803, 15.3266601562, -14.3296327591, -15.0682325363, -2.49001574516, 26.075012207], [-766.958251953, -47.0076789856, 171.532348633, 64.3073806763, 174.656356812, 48.3156509399, 46.7626838684, 34.2608795166, 12.3338422775, 26.9094333649, -14.5343894958, 10.9661426544, -6.19627952576], [-476.814483643, -132.407363892, 80.7156219482, 7.94257640839, 48.3156509399, 201.0287323, 96.3450241089, -14.2693500519, -24.5341682434, 10.4462909698, 2.51106572151, -5.72904348373, -22.3501663208], [-636.0859375, -103.314743042, 8.35532665253, -18.2620830536, 46.7626838684, 96.3450241089, 150.389556885, 3.106082201, -14.565946579, 9.26054286957, 18.4593296051, -12.8305912018, -15.3039121628], [-335.23638916, -114.115325928, 77.1447677612, -4.02788829803, 34.2608795166, -14.2693500519, 3.106082201, 113.118156433, 36.7203636169, 30.3416156769, -18.8070907593, 32.4843902588, 2.16232872009], [-535.519287109, -48.4303245544, 13.7970371246, 15.3266601562, 12.3338422775, -24.5341682434, -14.565946579, 36.7203636169, 112.75138855, 9.58493995667, -3.84934735298, 16.1295433044, 19.9882164001], [-378.828491211, -140.277145386, 49.263835907, -14.3296327591, 26.9094333649, 10.4462909698, 9.26054286957, 30.3416156769, 9.58493995667, 83.4089736938, 8.97451496124, 20.9462852478, -7.62404298782], [-163.713348389, -9.6097946167, -34.7451705933, -15.0682325363, -14.5343894958, 2.51106572151, 18.4593296051, -18.8070907593, -3.84934735298, 8.97451496124, 73.6181335449, 9.0747051239, 2.93885350227], [-327.438812256, -99.3927154541, 69.2247695923, -2.49001574516, 10.9661426544, -5.72904348373, -12.8305912018, 32.4843902588, 16.1295433044, 20.9462852478, 9.0747051239, 72.3085403442, 16.7522525787], [-119.297843933, 25.5737819672, 8.64540290833, 26.075012207, -6.19627952576, -22.3501663208, -15.3039121628, 2.16232872009, 19.9882164001, -7.62404298782, 2.93885350227, 16.7522525787, 60.3240356445]],
        "icov": [[0.000605799723417, -0.0019286586903, 0.00176239805296, -0.00113107683137, 0.00144276442006, -0.00118451588787, 0.00151205947623, -0.00169723795261, 0.00241845170967, -0.00147085054778, 0.0016459034523, -0.00165216845926, 0.00179716199636], [-0.0019286586903, 0.00771384360269, -0.00547820469365, 0.00317601184361, -0.00513442000374, 0.00455095479265, -0.00406396994367, 0.00595963001251, -0.00714480644092, 0.00651379814371, -0.00560479750857, 0.00680734170601, -0.00618467386812], [0.00176239805296, -0.00547820469365, 0.00712555879727, -0.00435802526772, 0.0029417311307, -0.00410029431805, 0.00496829301119, -0.00553570920601, 0.00747044198215, -0.00452450476587, 0.00522588100284, -0.00616856245324, 0.00532348640263], [-0.00113107683137, 0.00317601184361, -0.00435802526772, 0.00877776648849, -0.00480994116515, 0.00164116860833, -0.00152870488819, 0.00390173238702, -0.00522589311004, 0.0036357161589, -0.00300919730216, 0.00444868858904, -0.00606430415064], [0.00144276442006, -0.00513442000374, 0.0029417311307, -0.00480994116515, 0.0129292560741, -0.00325326481834, 0.000353859795723, -0.00525802746415, 0.0049288184382, -0.00599665939808, 0.00551076931879, -0.00468095391989, 0.00572878541425], [-0.00118451588787, 0.00455095479265, -0.00410029431805, 0.00164116860833, -0.00325326481834, 0.0109509965405, -0.00785077083856, 0.00581675814465, -0.00399099336937, 0.00320265931077, -0.00208110129461, 0.00287874671631, -0.00184149306733], [0.00151205947623, -0.00406396994367, 0.00496829301119, -0.00152870488819, 0.000353859795723, -0.00785077083856, 0.0159651562572, -0.00621208129451, 0.00698800757527, -0.00221062032506, 0.000148873310536, -0.000362219812814, 0.00356096751057], [-0.00169723795261, 0.00595963001251, -0.00553570920601, 0.00390173238702, -0.00525802746415, 0.00581675814465, -0.00621208129451, 0.0189672317356, -0.00998769141734, 0.00176824314985, -0.000253355741734, 0.000234803475905, -0.00393699202687], [0.00241845170967, -0.00714480644092, 0.00747044198215, -0.00522589311004, 0.0049288184382, -0.00399099336937, 0.00698800757527, -0.00998769141734, 0.0206986628473, -0.00568512221798, 0.00608687940985, -0.00620047235861, 0.00400682771578], [-0.00147085054778, 0.00651379814371, -0.00452450476587, 0.0036357161589, -0.00599665939808, 0.00320265931077, -0.00221062032506, 0.00176824314985, -0.00568512221798, 0.0210193134844, -0.00727532012388, 0.00344642321579, -0.00270928884856], [0.0016459034523, -0.00560479750857, 0.00522588100284, -0.00300919730216, 0.00551076931879, -0.00208110129461, 0.000148873310536, -0.000253355741734, 0.00608687940985, -0.00727532012388, 0.0215803701431, -0.00924315210432, 0.0046038357541], [-0.00165216845926, 0.00680734170601, -0.00616856245324, 0.00444868858904, -0.00468095391989, 0.00287874671631, -0.000362219812814, 0.000234803475905, -0.00620047235861, 0.00344642321579, -0.00924315210432, 0.0266649592668, -0.0111712757498], [0.00179716199636, -0.00618467386812, 0.00532348640263, -0.00606430415064, 0.00572878541425, -0.00184149306733, 0.00356096751057, -0.00393699202687, 0.00400682771578, -0.00270928884856, 0.0046038357541, -0.0111712757498, 0.0267701651901]]
    },
    "melbands": {
        "max": [0.0082588493824, 0.0172547567636, 0.0207661390305, 0.016959734261, 0.00802271161228, 0.0162136293948, 0.0108619248495, 0.00364147918299, 0.00401990767568, 0.00627086730674, 0.0118327653036, 0.00644494732842, 0.00541483517736, 0.00526611180976, 0.00733650848269, 0.00413037883118, 0.00182863383088, 0.00153971707914, 0.00149985740427, 0.000760685128625, 0.000824381830171, 0.000678942189552, 0.000442936870968, 0.000230116464081, 0.000113563968625, 0.000115035472845, 0.000135379028507, 0.000161764852237, 6.0175832914e-05, 1.7255455532e-05, 1.08424392238e-05, 5.69514941162e-06, 4.22157427238e-06, 6.0246557041e-06, 1.07729929368e-05, 2.77936874227e-06, 9.41271423471e-07, 3.98318888983e-07, 2.55910265423e-07, 1.59851978765e-07],
        "mean": [0.000249786273343, 0.000570890493691, 0.00114676612429, 0.00102736032568, 0.000627137662377, 0.000647781533189, 0.000381656776881, 0.000243042231887, 0.000175585926627, 0.000342141051078, 0.000320804887451, 0.00036017774255, 0.00023570493795, 0.00022131454898, 0.000193614410819, 0.000230510428082, 0.000104670449218, 6.42571249045e-05, 9.15730488487e-05, 4.78440706502e-05, 5.51574848942e-05, 4.61289346276e-05, 3.34653086611e-05, 2.24611594604e-05, 1.44028963405e-05, 9.69375105342e-06, 9.74171871349e-06, 8.10737947177e-06, 3.64603442904e-06, 1.24309121929e-06, 5.66927212731e-07, 4.82668212953e-07, 2.58427178323e-07, 2.07472737657e-07, 2.09528181472e-07, 1.57736451456e-07, 7.13870988989e-08, 4.20033607895e-08, 2.41938877821e-08, 1.51997685549e-08],
        "min": [3.65858857256e-24, 1.2894270706e-23, 1.50242267046e-23, 8.6348501693e-24, 4.7366971616e-24, 5.02669662985e-24, 4.19983826698e-24, 5.59058742111e-24, 3.33949354754e-24, 2.76232898826e-24, 6.11954981807e-24, 1.08501885279e-23, 9.88714161279e-24, 4.11385479489e-24, 5.18881898436e-24, 8.33356525694e-24, 2.96708513318e-24, 8.35114738879e-24, 8.50589428827e-24, 9.63698356456e-24, 3.18153558975e-24, 6.24736895054e-24, 5.48353741855e-24, 7.33228146488e-24, 1.06063216454e-23, 6.19192780612e-24, 6.80924301889e-24, 1.15447537337e-23, 8.58610487625e-24, 1.01769265109e-23, 8.14435381338e-24, 8.58164150125e-24, 9.74677722535e-24, 7.47302450557e-24, 8.86595959326e-24, 8.98223059095e-24, 7.84507339657e-24, 7.12556519783e-24, 8.01694409972e-24, 9.60604128441e-24],
        "stdev": [0.000462526455522, 0.000903578882571, 0.00169536657631, 0.00134243443608, 0.0007399674505, 0.000932756403927, 0.000639528618194, 0.000402339588618, 0.000233984232182, 0.000525571871549, 0.000732388987672, 0.000567435927223, 0.000438612129074, 0.000454089080449, 0.000620317354333, 0.00038812001003, 0.000171889842022, 9.50326066231e-05, 0.000128464322188, 6.99830779922e-05, 8.44935129862e-05, 7.96143140178e-05, 4.74251937703e-05, 2.68712919933e-05, 1.52690899995e-05, 1.00602019302e-05, 1.27189578052e-05, 1.32637096613e-05, 5.70297288505e-06, 1.33152968829e-06, 6.65461755034e-07, 4.87501097268e-07, 3.09163709744e-07, 3.25344274188e-07, 3.83280934102e-07, 1.97498067678e-07, 7.88481031577e-08, 4.18166159477e-08, 2.58702801403e-08, 1.74529404262e-08]
    },
    "melbands128": {
        "max": [0.000215284031583, 0.00071522599319, 0.0103605771437, 0.0255185570568, 0.0239565074444, 0.00840777158737, 0.00938618090004, 0.0368034914136, 0.0377387478948, 0.0219473317266, 0.00727751431987, 0.00989157520235, 0.0121398437768, 0.00838737748563, 0.0289668887854, 0.015212581493, 0.0258913058788, 0.00749056925997, 0.012282891199, 0.00662081828341, 0.0062967184931, 0.00568522000685, 0.00767373898998, 0.00477587850764, 0.0105428937823, 0.011975761503, 0.0156357511878, 0.0243708174676, 0.0100564425811, 0.0129365036264, 0.00682659633458, 0.0104575166479, 0.00776799209416, 0.0111803291366, 0.00559923844412, 0.0120164724067, 0.0106450160965, 0.0166370738298, 0.00493293907493, 0.00478677591309, 0.00675602536649, 0.0078758969903, 0.00392146222293, 0.00295871146955, 0.00280892127194, 0.00186575064436, 0.00163880549371, 0.0024782421533, 0.00237839808688, 0.00166995124891, 0.000969201151747, 0.00262548378669, 0.00205993256532, 0.00181833736133, 0.00207304256037, 0.00134773878381, 0.000697355601005, 0.0007668940234, 0.000976685201749, 0.000847559189424, 0.000501143222209, 0.000408359017456, 0.000254038779531, 0.000165816469234, 0.000166042431374, 0.000215455918806, 0.000200917027541, 0.000168285478139, 0.000204313691938, 0.000411576387705, 0.000284336594632, 0.000309065741021, 0.000195806060219, 6.88250656822e-05, 5.79107800149e-05, 2.05350315809e-05, 1.53710461746e-05, 1.36242524604e-05, 1.21801767818e-05, 1.48519266077e-05, 9.00732629816e-06, 5.30351553607e-06, 3.8621224121e-06, 7.81145172368e-06, 6.41562201054e-06, 4.94788855576e-06, 7.98471410235e-06, 7.82200277172e-06, 1.58612856467e-05, 9.28684585233e-06, 4.0236809582e-06, 2.24959444495e-06, 1.59787043685e-06, 1.16257706395e-06, 7.90955709817e-07, 5.79685604407e-07, 4.57539329091e-07, 4.23433277774e-07, 3.32193707209e-07, 2.45000336463e-07, 3.42199996339e-07, 1.59319824888e-07, 1.99522617095e-07, 1.44797411394e-07, 1.02770336241e-07, 1.03641859539e-07, 9.38186346389e-08, 8.79757209304e-08, 7.20323072301e-08, 5.76796743701e-08, 3.39876322641e-08, 2.51389771222e-08, 2.0816498747e-08, 1.74651297868e-08, 1.70839395963e-08, 1.56844937038e-08, 1.53560097971e-08, 1.51691743611e-08, 1.45357992309e-08, 1.40928708703e-08, 1.37077496021e-08, 1.3394546805e-08, 1.31152084748e-08, 1.28751471706e-08, 1.26625270269e-08, 1.25075407809e-08, 1.23878827196e-08, 1.23141425945e-08],
        "mean": [1.1030362657e-05, 7.25402569515e-05, 0.000303902750602, 0.000668595312163, 0.000611607567407, 0.000462452357169, 0.000605977023952, 0.00169928127434, 0.0015166947851, 0.000918871839531, 0.000789628596976, 0.00064531120006, 0.000597470323555, 0.000544964626897, 0.000820475397632, 0.000610603019595, 0.00038633152144, 0.000318852020428, 0.00042624710477, 0.00025001753238, 0.000167505175341, 0.000160510302521, 0.000194803069462, 0.000155462621478, 0.000259666499915, 0.000526113784872, 0.000304406858049, 0.000337673845934, 0.000248733005719, 0.000324327033013, 0.000425044912845, 0.000401511410018, 0.000153926652274, 0.0002128607739, 0.000154767330969, 0.000254007114563, 0.000267914263532, 0.000226151707466, 0.000101084995549, 0.000180599337909, 0.00033325329423, 0.000191909755813, 7.87883327575e-05, 8.43070811243e-05, 5.18314591318e-05, 5.77909668209e-05, 7.53429558245e-05, 0.000127123566926, 7.96687527327e-05, 3.70625966752e-05, 4.55304543721e-05, 6.27503613941e-05, 3.65769337805e-05, 5.93021031818e-05, 7.92792416178e-05, 3.97283656639e-05, 2.5371886295e-05, 2.88354131044e-05, 3.67137472495e-05, 4.27862432844e-05, 1.82536005013e-05, 1.16287219498e-05, 1.51320064106e-05, 1.54355275299e-05, 1.33302992253e-05, 8.47600676934e-06, 8.55121925269e-06, 8.97404243005e-06, 1.07968489829e-05, 9.2741302069e-06, 8.52922767081e-06, 7.58673922974e-06, 5.64288802707e-06, 2.62147841568e-06, 1.67362031789e-06, 1.62983360497e-06, 8.31114164157e-07, 6.09164544585e-07, 5.16626187164e-07, 5.31020305061e-07, 5.888170449e-07, 4.36056296849e-07, 2.83776017795e-07, 2.45530230814e-07, 2.31654809113e-07, 2.17554941173e-07, 2.00457222377e-07, 1.82920686598e-07, 2.16701195654e-07, 2.25340187399e-07, 1.9315261568e-07, 1.39025914336e-07, 9.86064847552e-08, 6.81534970681e-08, 5.6124513037e-08, 4.81633648519e-08, 4.01785165138e-08, 3.13235375415e-08, 2.54852015047e-08, 1.99892831176e-08, 1.61754183381e-08, 1.51820263028e-08, 1.28142882971e-08, 1.15550431445e-08, 9.93613991085e-09, 9.27347265645e-09, 6.82018086451e-09, 6.28522256463e-09, 4.69966066063e-09, 3.49606943395e-09, 2.38374275874e-09, 1.51924395286e-09, 5.81592218829e-10, 4.28453106327e-10, 3.62061464143e-10, 3.32075561493e-10, 2.90778179313e-10, 1.18420551143e-10, 7.89382517685e-11, 7.21699228157e-11, 6.79003589465e-11, 6.14459663706e-11, 5.62129717774e-11, 4.92652134365e-11, 3.77976296095e-11, 2.08423747011e-11, 1.24801358484e-11, 1.13114925412e-11],
        "min": [1.83257870866e-24, 3.68717610291e-24, 2.54581921029e-24, 5.18543319336e-24, 8.64376824184e-24, 1.78485080952e-23, 1.12012205867e-23, 5.75548183284e-24, 6.51706550568e-24, 6.18818071682e-24, 5.61156875461e-24, 5.8616601441e-24, 1.58972590684e-24, 3.37402198936e-24, 2.98730383539e-24, 7.94801816698e-24, 3.93516636138e-24, 1.32563302514e-24, 3.26148171212e-24, 3.96645455703e-24, 2.20021195075e-24, 5.05037428992e-25, 4.24814850325e-24, 6.155149533e-24, 4.38941288238e-25, 1.40399856607e-24, 1.5002732217e-24, 4.08348167789e-24, 5.31520988416e-24, 9.07121173447e-24, 4.65844492081e-24, 7.22824096668e-24, 4.57424624653e-24, 5.6011912894e-24, 3.39015222272e-24, 4.11334637404e-24, 4.82588419782e-24, 4.42661132254e-24, 3.30677159719e-24, 1.42523799513e-23, 7.07263499768e-24, 1.5002071546e-24, 1.11253191514e-24, 4.51991266282e-24, 5.89637199608e-24, 8.9495307287e-24, 3.98534343698e-24, 2.65518274467e-24, 8.87869417486e-24, 6.56847241543e-24, 7.51848419295e-24, 3.74822802052e-24, 1.94623660459e-24, 2.10396618715e-24, 5.92236180746e-24, 3.89475222834e-24, 6.7686403481e-24, 4.9778878335e-24, 5.34928749198e-24, 5.68035584782e-24, 5.35377019407e-24, 6.20159095778e-24, 1.14655410548e-23, 1.22296830035e-23, 6.52572088753e-24, 4.16577880297e-24, 7.99293590693e-24, 5.68116719126e-24, 4.22068549412e-24, 7.79191284903e-24, 1.35348778259e-23, 1.00939951416e-23, 7.56421919279e-24, 5.16557204234e-24, 1.03172885317e-23, 1.03504853764e-23, 9.66636784442e-24, 1.21168522282e-23, 7.61915231079e-24, 4.52283933678e-24, 7.50348636942e-24, 7.55128976255e-24, 7.43597091999e-24, 1.01478759192e-23, 8.53518548254e-24, 4.89458688292e-24, 6.006553382e-24, 8.72111210929e-24, 6.23966927368e-24, 1.00005900662e-23, 7.37421573288e-24, 6.85802854385e-24, 4.16572831587e-24, 7.19893320632e-24, 5.1447520309e-24, 4.8848491839e-24, 5.37982863635e-24, 8.47593413995e-24, 8.01719101318e-24, 5.60244676153e-24, 8.08324864766e-24, 6.79475164406e-24, 1.03896010443e-23, 6.37935957948e-24, 7.38272754205e-24, 7.87101429858e-24, 6.38029437965e-24, 6.89955181532e-24, 7.79077531161e-24, 5.51050423417e-24, 5.27874045009e-24, 8.31686270499e-24, 7.28382568378e-24, 7.23633073526e-24, 7.1608817117e-24, 4.62551313346e-24, 5.86566085218e-24, 5.28540435258e-24, 7.2163615103e-24, 8.84769273014e-24, 7.32620881363e-24, 8.3253879248e-24, 9.71776449897e-24, 8.46935109569e-24, 7.18758780879e-24, 7.92376306073e-24, 6.77057305732e-24, 6.50826931215e-24],
        "stdev": [1.59618921316e-05, 9.05938868527e-05, 0.000595614314079, 0.00143856054638, 0.00109807518311, 0.000707567320205, 0.000912821444217, 0.00267731002532, 0.00288437353447, 0.00155521894339, 0.000837815983687, 0.000880569685251, 0.00107052002568, 0.000821360503323, 0.00146998977289, 0.00110438594129, 0.0011810772121, 0.000610377232078, 0.000982223893516, 0.000569639843889, 0.000380339712137, 0.000323373824358, 0.000344125932315, 0.000284752080915, 0.000512948725373, 0.000981466379017, 0.00088659429457, 0.00128092058003, 0.000675215269439, 0.000796411011834, 0.000817630731035, 0.000940933416132, 0.000512514496222, 0.000679303950164, 0.000399392592954, 0.000761618430261, 0.000863231252879, 0.00124199304264, 0.000312263553496, 0.000456968788058, 0.000621980521828, 0.000558802625164, 0.000209172154428, 0.000181171461008, 0.00014660366287, 0.000129422202008, 0.000139120369568, 0.000226029616897, 0.000157259550178, 9.55832583713e-05, 8.08760232758e-05, 0.0001430100383, 9.73660789896e-05, 0.000144947392982, 0.000185435113963, 0.000104862177977, 6.13853189861e-05, 5.99753402639e-05, 7.63928692322e-05, 6.619765918e-05, 3.68995315512e-05, 2.28290155064e-05, 2.4594963179e-05, 2.17782671825e-05, 2.22885992116e-05, 1.27278754007e-05, 1.37664983413e-05, 1.45292506204e-05, 1.89279126062e-05, 2.15819600271e-05, 2.03741346922e-05, 1.59436076501e-05, 1.30818389152e-05, 5.04823083247e-06, 2.84963334707e-06, 1.96110045181e-06, 1.14954718811e-06, 8.45069905608e-07, 7.18067838079e-07, 9.11237350465e-07, 7.66819141518e-07, 4.42432650516e-07, 3.57868401579e-07, 3.74185873397e-07, 3.45202380458e-07, 3.41228911793e-07, 3.87065824725e-07, 3.54940794978e-07, 5.24036636307e-07, 3.91641236774e-07, 2.71416524811e-07, 1.90185247106e-07, 1.26451553228e-07, 8.69718164154e-08, 6.43521076427e-08, 5.3401386424e-08, 4.50630430748e-08, 3.49303199698e-08, 2.88484631739e-08, 2.48272478132e-08, 2.0999182837e-08, 1.78549832697e-08, 1.62083146904e-08, 1.46639695942e-08, 1.27558816843e-08, 1.32679591758e-08, 9.26526055878e-09, 8.4915798837e-09, 6.55020659934e-09, 5.02527175428e-09, 3.80103193365e-09, 2.63898258801e-09, 1.51331613907e-09, 1.00720332075e-09, 8.02876765071e-10, 7.14166448201e-10, 6.84353518299e-10, 4.36420677374e-10, 3.94219823452e-10, 3.80707132486e-10, 3.71443681368e-10, 3.57163909559e-10, 3.46096290516e-10, 3.3489644391e-10, 3.24768739679e-10, 3.16407816614e-10, 3.12681436299e-10, 3.10833248029e-10]
    },
    "mfcc": {
        "mean": [-646.024719238, 162.019683838, -48.442150116, 22.8027687073, -6.09288406372, -0.364606440067, -3.04806947708, 1.59120619297, -10.3499240875, -0.876945495605, -12.3793821335, -3.61859107018, -5.6780333519],
        "cov": [[7974.56933594, 1626.2322998, -637.300720215, 178.061218262, -103.264907837, -26.7768573761, 36.3776130676, 9.93537807465, -152.264480591, 25.2061729431, -129.452606201, -42.9027290344, -86.4711761475], [1626.2322998, 860.475830078, -6.03377008438, 154.35748291, 59.0410766602, -4.66119098663, 0.489502757788, 10.948381424, -12.6898469925, -26.803358078, -25.1551189423, -33.0285339355, -4.16532754898], [-637.300720215, -6.03377008438, 446.235015869, 100.653320312, 124.623176575, 45.3575172424, 7.94104814529, 14.6488113403, 34.4969329834, -41.0021095276, -8.12811946869, -4.49969339371, 35.1277732849], [178.061218262, 154.35748291, 100.653320312, 227.07069397, 105.203308105, -12.8476715088, -20.5404033661, -7.94896221161, 35.4847183228, -21.2645301819, -26.4074020386, 21.0081214905, 17.1091499329], [-103.264907837, 59.0410766602, 124.623176575, 105.203308105, 161.689315796, 9.31893730164, -24.4653282166, 5.77492761612, 49.9402122498, -24.5023860931, -2.73813080788, 17.6878566742, 22.5515499115], [-26.7768573761, -4.66119098663, 45.3575172424, -12.8476715088, 9.31893730164, 169.890441895, 82.049949646, 20.0869693756, -2.09768533707, 7.74369955063, 20.3401088715, -33.1403121948, -6.822742939], [36.3776130676, 0.489502757788, 7.94104814529, -20.5404033661, -24.4653282166, 82.049949646, 167.415649414, 26.0160331726, -28.9821910858, 27.9638843536, 9.87436962128, -23.4699134827, -1.68455612659], [9.93537807465, 10.948381424, 14.6488113403, -7.94896221161, 5.77492761612, 20.0869693756, 26.0160331726, 76.6579818726, 22.7186393738, -1.13674914837, 4.113093853, 2.84668040276, 4.14733791351], [-152.264480591, -12.6898469925, 34.4969329834, 35.4847183228, 49.9402122498, -2.09768533707, -28.9821910858, 22.7186393738, 107.637176514, -4.61886501312, 6.1679649353, 16.7208881378, 9.28826522827], [25.2061729431, -26.803358078, -41.0021095276, -21.2645301819, -24.5023860931, 7.74369955063, 27.9638843536, -1.13674914837, -4.61886501312, 72.3480529785, 16.2436027527, -11.9248380661, -18.9787979126], [-129.452606201, -25.1551189423, -8.12811946869, -26.4074020386, -2.73813080788, 20.3401088715, 9.87436962128, 4.113093853, 6.1679649353, 16.2436027527, 70.5523376465, -1.62883079052, -9.67285728455], [-42.9027290344, -33.0285339355, -4.49969339371, 21.0081214905, 17.6878566742, -33.1403121948, -23.4699134827, 2.84668040276, 16.7208881378, -11.9248380661, -1.62883079052, 79.248916626, 28.8234481812], [-86.4711761475, -4.16532754898, 35.1277732849, 17.1091499329, 22.5515499115, -6.822742939, -1.68455612659, 4.14733791351, 9.28826522827, -18.9787979126, -9.67285728455, 28.8234481812, 72.2545394897]],
        "icov": [[0.000267677678494, -0.000492056366056, 0.000354858668288, -5.64774854865e-05, 4.61064410047e-05, -0.000145680474816, 2.07299053727e-05, -0.000100807024864, 0.000215304185986, -0.000134523274028, 0.000415259768488, -0.000212050188566, 0.000188124889974], [-0.000492056366056, 0.00237508607097, -0.000267252937192, -0.00111143756658, -0.000316461751936, 0.000399203796405, -5.23964445165e-05, -0.00042569488869, 0.000154704452143, 0.000761158706155, -0.000809092947748, 0.00145369872916, -0.000407340965467], [0.000354858668288, -0.000267252937192, 0.00370014226064, -0.000881803920493, -0.00190472078975, -0.000672426132951, -0.000217636319576, -0.000548154115677, 0.00043223137618, 0.00100147887133, 0.000487620854983, 0.000960094330367, -0.000733655935619], [-5.64774854865e-05, -0.00111143756658, -0.000881803920493, 0.00794994272292, -0.00383376237005, 0.000466086377855, -0.000560561020393, 0.00177809596062, -0.00120846193749, -0.00038839186891, 0.0023047234863, -0.00181425409392, 0.000625622982625], [4.61064410047e-05, -0.000316461751936, -0.00190472078975, -0.00383376237005, 0.0118220560253, -0.00113686360419, 0.0011448697187, 7.60157199693e-05, -0.00297877169214, 0.00100187805947, -0.00119937013369, -0.00082573731197, -0.00108917499892], [-0.000145680474816, 0.000399203796405, -0.000672426132951, 0.000466086377855, -0.00113686360419, 0.00899651646614, -0.00414958549663, -0.00049917207798, -0.000702678866219, 0.00116805988364, -0.00217791250907, 0.00296471524052, 0.000124368758406], [2.07299053727e-05, -5.23964445165e-05, -0.000217636319576, -0.000560561020393, 0.0011448697187, -0.00414958549663, 0.00972466543317, -0.00314981583506, 0.0028333356604, -0.00346868787892, 0.000198008856387, 0.000580252788495, -0.00156160187908], [-0.000100807024864, -0.00042569488869, -0.000548154115677, 0.00177809596062, 7.60157199693e-05, -0.00049917207798, -0.00314981583506, 0.0160353779793, -0.00463178055361, 0.00112935109064, 4.19784155383e-05, -0.00134655111469, 7.04000485712e-05], [0.000215304185986, 0.000154704452143, 0.00043223137618, -0.00120846193749, -0.00297877169214, -0.000702678866219, 0.0028333356604, -0.00463178055361, 0.0131493015215, -0.00142474798486, -0.00086939195171, -0.00101806444582, -0.000236953244894], [-0.000134523274028, 0.000761158706155, 0.00100147887133, -0.00038839186891, 0.00100187805947, 0.00116805988364, -0.00346868787892, 0.00112935109064, -0.00142474798486, 0.0178767852485, -0.00343236094341, 0.00143498776015, 0.0029867074918], [0.000415259768488, -0.000809092947748, 0.000487620854983, 0.0023047234863, -0.00119937013369, -0.00217791250907, 0.000198008856387, 4.19784155383e-05, -0.00086939195171, -0.00343236094341, 0.0172343030572, -0.00205113808624, 0.00217403122224], [-0.000212050188566, 0.00145369872916, 0.000960094330367, -0.00181425409392, -0.00082573731197, 0.00296471524052, 0.000580252788495, -0.00134655111469, -0.00101806444582, 0.00143498776015, -0.00205113808624, 0.0180601030588, -0.00654989900067], [0.000188124889974, -0.000407340965467, -0.000733655935619, 0.000625622982625, -0.00108917499892, 0.000124368758406, -0.00156160187908, 7.04000485712e-05, -0.000236953244894, 0.0029867074918, 0.00217403122224, -0.00654989900067, 0.0182802602649]]
    },
    "spectral_contrast_coeffs": {
        "max": [-0.468400120735, -0.503354728222, -0.466464161873, -0.603843331337, -0.617752313614, -0.605577588081],
        "mean": [-0.680234014988, -0.76082187891, -0.735181868076, -0.766755104065, -0.760796189308, -0.746422886848],
        "min": [-0.976486504078, -0.97846788168, -0.976486206055, -0.96669793129, -0.962832450867, -0.965556025505],
        "stdev": [0.0697361156344, 0.0660786181688, 0.0725377351046, 0.0565681494772, 0.04331587255, 0.0371341481805]
    },
    "spectral_contrast_valleys": {
        "max": [-5.03605699539, -5.10147666931, -5.49847221375, -5.61672401428, -6.2342004776, -9.99218273163],
        "mean": [-6.8908200264, -6.47039556503, -6.91199922562, -7.23288106918, -7.57978057861, -11.4253416061],
        "min": [-27.4490509033, -27.6981086731, -27.456653595, -27.4956474304, -27.3246841431, -27.2833900452],
        "stdev": [1.95033895969, 1.85192859173, 1.77714157104, 1.72640013695, 1.62351453304, 1.29957294464]
    }
},
"rhythm": {
    "beats_count": 57,
    "beats_loudness": {
        "max": 0.0810007154942,
        "mean": 0.0428240261972,
        "min": 0.0054990593344,
        "stdev": 0.0155079960823
    },
    "bpm": 95.4133377075,
    "bpm_histogram_first_peak_bpm": 96,
    "bpm_histogram_first_peak_weight": 0.403846144676,
    "bpm_histogram_second_peak_bpm": 101,
    "bpm_histogram_second_peak_spread": 0.25,
    "bpm_histogram_second_peak_weight": 0.0535714291036,
    "danceability": 1.37395811081,
    "onset_rate": 2.28111791611,
    "beats_loudness_band_ratio": {
        "max": [0.653235554695, 0.684029400349, 0.365275502205, 0.826111137867, 0.485220253468, 0.0757868215442],
        "mean": [0.278368353844, 0.255121827126, 0.149274975061, 0.25890532136, 0.108483463526, 0.0216364171356],
        "min": [0.0215316079557, 0.00667845783755, 0.0344311147928, 0.0354939438403, 0.0149334426969, 0.00314980908297],
        "stdev": [0.164390280843, 0.155076578259, 0.0794253274798, 0.195605233312, 0.0963491871953, 0.0174562893808]
    },
    "beats_position": [0.580498874187, 1.16099774837, 1.75310659409, 2.34521532059, 2.94893407822, 3.5758728981, 4.21442174911, 4.85297060013, 5.50312900543, 6.09523820877, 6.71056699753, 7.33750534058, 7.96444416046, 8.59138298035, 9.21832180023, 9.84526062012, 10.47219944, 11.0991382599, 11.7260770798, 12.3530158997, 12.9799547195, 13.6068935394, 14.2338323593, 14.8491611481, 15.4644899368, 16.0914287567, 16.7183666229, 17.3453063965, 17.9722442627, 18.6107940674, 19.2377319336, 19.8762817383, 20.5032196045, 21.1301574707, 21.7570972443, 22.3840351105, 23.010974884, 23.6495227814, 24.2648525238, 24.9034004211, 25.5419502258, 26.168888092, 26.7958278656, 27.4343757629, 28.0729255676, 28.6998634338, 29.3384113312, 29.9769611359, 30.6155090332, 31.2424488068, 31.8809967041, 32.5195465088, 33.1348762512, 33.7618141174, 34.3887519836, 35.0156898499, 35.6426315308],
