{
"metadata": {
    "version": {
        "essentia": "2.1-beta5",
        "essentia_git_sha": "Undefined",
        "extractor": "music 2.0"
    },
    "audio_properties": {
        "analysis": {
            "equal_loudness": 0,
            "length": 48.7502937317,
            "sample_rate": 44100,
            "start_time": 142.744674683,
            "downmix": "mix"
        },
        "bit_rate": 192000,
        "length": 214.029937744,
        "lossless": 0,
        "number_channels": 2,
        "replay_gain": -9.09380340576,
        "sample_rate": 48000,
        "codec": "mp3",
        "md5_encoded": "745959ef30290771b6481e939bd53823"
    },
    "tags": {
        "file_name": "Greece_Otostop_Anna Vissi and the Epikouri.mp3",
        "encoding": ["Lavf58.29.100"]
    }
},
"lowlevel": {
    "average_loudness": 0.932051837444,
    "barkbands_crest": {
        "max": 24.935464859,
        "mean": 9.03155517578,
        "min": 2.64166498184,
        "stdev": 3.5480697155
    },
    "barkbands_flatness_db": {
        "max": 0.310914903879,
        "mean": 0.147365257144,
        "min": 0.0593773052096,
        "stdev": 0.0357334055007
    },
    "barkbands_kurtosis": {
        "max": 44.9136047363,
        "mean": 2.15029501915,
        "min": -1.68310272694,
        "stdev": 4.51034975052
    },
    "barkbands_skewness": {
        "max": 5.57757043839,
        "mean": 1.00405323505,
        "min": -0.953408896923,
        "stdev": 0.946206152439
    },
    "barkbands_spread": {
        "max": 67.0377120972,
        "mean": 16.1178207397,
        "min": 2.0458381176,
        "stdev": 7.81398296356
    },
    "dissonance": {
        "max": 0.5,
        "mean": 0.46343755722,
        "min": 0.327998131514,
        "stdev": 0.024260468781
    },
    "dynamic_complexity": 2.78994560242,
    "erbbands_crest": {
        "max": 30.7502002716,
        "mean": 9.70840930939,
        "min": 2.96264076233,
        "stdev": 4.29968214035
    },
    "erbbands_flatness_db": {
        "max": 0.377143472433,
        "mean": 0.199335068464,
        "min": 0.0857051685452,
        "stdev": 0.0469463281333
    },
    "erbbands_kurtosis": {
        "max": 17.8484973907,
        "mean": 0.79448056221,
        "min": -1.63826191425,
        "stdev": 1.60038292408
    },
    "erbbands_skewness": {
        "max": 3.6238732338,
        "mean": 0.40257525444,
        "min": -1.38846588135,
        "stdev": 0.565730035305
    },
    "erbbands_spread": {
        "max": 123.518013,
        "mean": 26.4288578033,
        "min": 3.37691092491,
        "stdev": 13.7516498566
    },
    "hfc": {
        "max": 103.385566711,
        "mean": 26.0509166718,
        "min": 0.194998532534,
        "stdev": 18.0530548096
    },
    "loudness_ebu128": {
        "integrated": -14.3026390076,
        "loudness_range": 3.35446166992,
        "momentary": {
            "max": -11.1415071487,
            "mean": -14.9031877518,
            "min": -30.7901554108,
            "stdev": 2.57989096642
        },
        "short_term": {
            "max": -11.9725475311,
            "mean": -14.386174202,
            "min": -17.3690910339,
            "stdev": 1.09448647499
        }
    },
    "melbands_crest": {
        "max": 32.6252555847,
        "mean": 11.5270748138,
        "min": 3.5083501339,
        "stdev": 4.50771665573
    },
    "melbands_flatness_db": {
        "max": 0.375023961067,
        "mean": 0.170043960214,
        "min": 0.029968123883,
        "stdev": 0.0445221848786
    },
    "melbands_kurtosis": {
        "max": 100.535842896,
        "mean": 5.64230728149,
        "min": -1.50548529625,
        "stdev": 9.70458507538
    },
    "melbands_skewness": {
        "max": 8.60724067688,
        "mean": 1.53182601929,
        "min": -0.76527684927,
        "stdev": 1.27614998817
    },
    "melbands_spread": {
        "max": 129.264785767,
        "mean": 23.0750675201,
        "min": 1.83345580101,
        "stdev": 12.2479372025
    },
    "pitch_salience": {
        "max": 0.876139104366,
        "mean": 0.58772867918,
        "min": 0.17480263114,
        "stdev": 0.0938300713897
    },
    "silence_rate_20dB": {
        "max": 1,
        "mean": 1,
        "min": 1,
        "stdev": 0
    },
    "silence_rate_30dB": {
        "max": 1,
        "mean": 1,
        "min": 1,
        "stdev": 0
    },
    "silence_rate_60dB": {
        "max": 1,
        "mean": 0.0528319850564,
        "min": 0,
        "stdev": 0.22369979322
    },
    "spectral_centroid": {
        "max": 4072.80688477,
        "mean": 1287.74487305,
        "min": 255.512023926,
        "stdev": 462.135406494
    },
    "spectral_complexity": {
        "max": 47,
        "mean": 21.7277488708,
        "min": 0,
        "stdev": 7.97319221497
    },
    "spectral_decrease": {
        "max": -4.20000943746e-11,
        "mean": -6.62858212763e-09,
        "min": -3.22501776395e-08,
        "stdev": 4.2187928706e-09
    },
    "spectral_energy": {
        "max": 0.126138389111,
        "mean": 0.027380714193,
        "min": 0.000182866366231,
        "stdev": 0.0171986278147
    },
    "spectral_energyband_high": {
        "max": 0.0101906815544,
        "mean": 0.000533944985364,
        "min": 4.07746711062e-06,
        "stdev": 0.000695411930792
    },
    "spectral_energyband_low": {
        "max": 0.0247580967844,
        "mean": 0.00148968352005,
        "min": 4.42538691914e-07,
        "stdev": 0.00220493390225
    },
    "spectral_energyband_middle_high": {
        "max": 0.067759051919,
        "mean": 0.0123700210825,
        "min": 2.65122835117e-05,
        "stdev": 0.0116468481719
    },
    "spectral_energyband_middle_low": {
        "max": 0.119975619018,
        "mean": 0.0139018278569,
        "min": 1.93106461666e-05,
        "stdev": 0.0122067807242
    },
    "spectral_entropy": {
        "max": 8.57933235168,
        "mean": 7.53312587738,
        "min": 6.33206653595,
        "stdev": 0.288190364838
    },
    "spectral_flux": {
        "max": 0.260844290257,
        "mean": 0.0915558710694,
        "min": 0.00822986662388,
        "stdev": 0.0450599342585
    },
    "spectral_kurtosis": {
        "max": 21.4454288483,
        "mean": 5.16400432587,
        "min": -0.746844053268,
        "stdev": 2.46921205521
    },
    "spectral_rms": {
        "max": 0.0110933240503,
        "mean": 0.00485829636455,
        "min": 0.000422381592216,
        "stdev": 0.00176348886453
    },
    "spectral_rolloff": {
        "max": 9108.54492188,
        "mean": 1591.23242188,
        "min": 215.33203125,
        "stdev": 1006.76184082
    },
    "spectral_skewness": {
        "max": 3.06008195877,
        "mean": 1.69281506538,
        "min": 0.522997498512,
        "stdev": 0.335737675428
    },
    "spectral_spread": {
        "max": 16052072,
        "mean": 3920739.75,
        "min": 2118825.75,
        "stdev": 1226735.875
    },
    "spectral_strongpeak": {
        "max": 11.8877391815,
        "mean": 1.78274607658,
        "min": 0.0143974181265,
        "stdev": 1.71312272549
    },
    "zerocrossingrate": {
        "max": 0.27197265625,
        "mean": 0.0612106211483,
        "min": 0.01123046875,
        "stdev": 0.0255662631243
    },
    "barkbands": {
        "max": [6.06511966907e-05, 0.00607258453965, 0.0190272014588, 0.0459777712822, 0.0605674795806, 0.0355526208878, 0.0376253649592, 0.0275328811258, 0.0266928877681, 0.0381819009781, 0.0552620217204, 0.0438204817474, 0.0263435188681, 0.0251020640135, 0.019791116938, 0.0150489239022, 0.0129415849224, 0.0104315858334, 0.00342564354651, 0.00165081874002, 0.00266074505635, 0.00228101457469, 0.00112999870908, 0.00799065642059, 0.00190020224545, 0.000362534628948, 1.52423967847e-06],
        "mean": [2.85853252535e-06, 0.000286385795334, 0.000693551322911, 0.00194628536701, 0.00449564820156, 0.00156646198593, 0.00150717503857, 0.00155686237849, 0.0020699549932, 0.00216147350147, 0.00282290042378, 0.00207418901846, 0.00126190064475, 0.00157837336883, 0.00103356665932, 0.000771189457737, 0.000360924052075, 0.000265840964857, 0.00028299112455, 0.000238203021581, 0.000121150384075, 7.41252297303e-05, 6.20897844783e-05, 9.07654612092e-05, 4.57721907878e-05, 1.0074052625e-05, 9.81511760756e-09],
        "min": [5.05488984004e-09, 1.4287515171e-08, 1.000188945e-07, 1.11020710847e-07, 1.3112629631e-06, 4.17300668687e-07, 1.36515564009e-06, 1.46003367263e-06, 1.87589603229e-06, 5.38393237548e-07, 6.3505927983e-07, 2.86884278466e-06, 1.4683913605e-06, 5.78465005674e-07, 1.14023896458e-06, 9.25679557895e-07, 3.33423167831e-06, 1.42011617754e-06, 1.15076829843e-06, 7.24774849914e-07, 5.4742872635e-07, 2.45230637574e-07, 3.20104447837e-07, 1.93899538203e-07, 6.15141644289e-08, 1.29832045115e-09, 2.15245824636e-11],
        "stdev": [5.12537144459e-06, 0.000542086549103, 0.00130914174952, 0.00337555422448, 0.00612538028508, 0.00272930762731, 0.00289781508036, 0.0024555567652, 0.00353899411857, 0.00419364357367, 0.00443801889196, 0.00379568268545, 0.00215122150257, 0.00273630046286, 0.00165449653286, 0.00123257341329, 0.000680222467054, 0.000419908174081, 0.000324339343933, 0.000238597960561, 0.000145980418893, 0.000134689471452, 0.00010122659296, 0.000345596316038, 0.000104939310404, 2.0885041522e-05, 5.81983421455e-08]
    },
    "erbbands": {
        "max": [0.0842173993587, 1.90829145908, 18.5610599518, 59.3992347717, 235.919570923, 198.991989136, 275.876373291, 317.249328613, 361.489746094, 745.124389648, 550.009277344, 706.393249512, 1265.06799316, 1613.03552246, 1854.16357422, 1689.57507324, 884.230285645, 1360.24450684, 1197.26696777, 519.598327637, 914.227600098, 531.939331055, 165.665222168, 529.610473633, 229.938400269, 79.4944152832, 168.694702148, 55.8339195251, 111.486824036, 46.9276924133, 39.744884491, 161.014038086, 135.217163086, 30.76354599, 8.6889629364, 2.55686974525, 0.510701775551, 0.0207630768418, 0.000582174572628, 0.000152340275235],
        "mean": [0.0029869445134, 0.0905344113708, 0.682479321957, 3.4269015789, 15.3822164536, 11.9960708618, 11.0688419342, 13.6809482574, 14.8683433533, 35.6261253357, 34.3605804443, 46.4940299988, 62.2320404053, 87.2629013062, 119.036148071, 74.6432647705, 59.8282356262, 75.6082687378, 69.3280258179, 48.1318244934, 37.4350395203, 18.5275173187, 14.0545845032, 17.7708244324, 11.2363214493, 11.4951353073, 7.50070667267, 3.29441905022, 2.74295830727, 2.19635748863, 1.7672624588, 1.90337097645, 1.39070677757, 0.654059827328, 0.251466304064, 0.075973726809, 0.0137037886307, 0.000478219939396, 3.22724190482e-05, 3.488924267e-05],
        "min": [1.64273956216e-06, 2.09499376069e-05, 0.000168936268892, 0.000863298366312, 0.000954520190135, 0.00245777657256, 0.00285465177149, 0.0037451335229, 0.0148044107482, 0.028531819582, 0.0364924892783, 0.0559900701046, 0.02274434641, 0.0353995598853, 0.0800245925784, 0.130463898182, 0.0741540938616, 0.0388182960451, 0.0459063500166, 0.0664944276214, 0.199485316873, 0.164535537362, 0.0763839036226, 0.0896877720952, 0.0428089424968, 0.0337287522852, 0.0236786343157, 0.0205073393881, 0.0154088642448, 0.0147675732151, 0.00796009041369, 0.00446788500994, 0.00299871643074, 0.000930524664, 0.000387043837691, 3.95684655814e-05, 2.08962364923e-06, 3.4425187323e-07, 2.11229988167e-07, 3.03501991539e-07],
        "stdev": [0.00517929997295, 0.168015062809, 1.25080597401, 5.11684751511, 23.4510383606, 18.1582508087, 19.4480018616, 25.2982444763, 24.7422485352, 61.6916389465, 50.5049324036, 82.3219146729, 132.187988281, 154.236083984, 183.205062866, 130.274978638, 89.7147521973, 127.134857178, 113.569709778, 56.4720573425, 60.0447387695, 29.5788021088, 14.2197036743, 25.6716861725, 12.9721794128, 11.7029790878, 8.4423494339, 4.66159629822, 5.13872289658, 3.66430425644, 3.05125069618, 7.17800283432, 5.13185167313, 1.6901216507, 0.545757591724, 0.151043191552, 0.0303655024618, 0.00126952969003, 3.81746758649e-05, 2.1068550268e-05]
    },
    "gfcc": {
        "mean": [-1.56454765797, 95.3175964355, -162.284103394, 14.2428340912, -75.6289901733, 13.6338825226, -50.1003799438, -2.54302740097, -35.0476036072, -8.74463844299, -16.5380363464, -14.1023159027, -6.87096881866],
        "cov": [[2887.9934082, -262.953918457, 200.126663208, -128.930877686, 53.1849136353, 86.5578765869, -101.880744934, 165.279220581, -142.485198975, 124.584396362, -159.641067505, 24.0388584137, -132.984512329], [-262.953918457, 957.418701172, 199.517822266, 187.98777771, 193.580078125, -87.0656356812, 84.0389633179, -146.714904785, 74.2884368896, -158.613769531, 80.3828430176, -161.14465332, 49.5703887939], [200.126663208, 199.517822266, 1037.86462402, 365.567718506, 170.005172729, 155.504196167, -131.204284668, 50.3635101318, -75.0589828491, 59.4297142029, -155.0128479, 75.6778717041, -108.071846008], [-128.930877686, 187.98777771, 365.567718506, 367.536590576, 114.079399109, 74.8892288208, -17.3182830811, -29.7759666443, 12.4755582809, -41.791217804, -34.9708480835, -2.4988694191, -10.0849227905], [53.1849136353, 193.580078125, 170.005172729, 114.079399109, 228.204299927, 61.285194397, 15.710849762, -11.7702798843, -29.0810470581, -17.8121433258, -38.762008667, 4.23832654953, -19.3955593109], [86.5578765869, -87.0656356812, 155.504196167, 74.8892288208, 61.285194397, 170.135314941, 12.4361524582, 20.8316078186, -28.9301795959, 18.4349384308, -33.3892822266, 22.184261322, -32.2424278259], [-101.880744934, 84.0389633179, -131.204284668, -17.3182830811, 15.710849762, 12.4361524582, 118.592338562, 1.9568759203, 11.7181797028, -32.7233924866, 35.077129364, -33.8305091858, 22.9024600983], [165.279220581, -146.714904785, 50.3635101318, -29.7759666443, -11.7702798843, 20.8316078186, 1.9568759203, 125.348587036, 6.8365855217, 42.9283409119, -46.7382774353, 38.6917953491, -15.4710521698], [-142.485198975, 74.2884368896, -75.0589828491, 12.4755582809, -29.0810470581, -28.9301795959, 11.7181797028, 6.8365855217, 92.6995239258, -12.9634418488, 27.9276275635, -30.0283603668, 21.8133411407], [124.584396362, -158.613769531, 59.4297142029, -41.791217804, -17.8121433258, 18.4349384308, -32.7233924866, 42.9283409119, -12.9634418488, 105.448768616, -16.2144641876, 43.1559257507, -38.6828651428], [-159.641067505, 80.3828430176, -155.0128479, -34.9708480835, -38.762008667, -33.3892822266, 35.077129364, -46.7382774353, 27.9276275635, -16.2144641876, 110.882720947, -22.0669651031, 36.5952224731], [24.0388584137, -161.14465332, 75.6778717041, -2.4988694191, 4.23832654953, 22.184261322, -33.8305091858, 38.6917953491, -30.0283603668, 43.1559257507, -22.0669651031, 111.641143799, -4.45741081238], [-132.984512329, 49.5703887939, -108.071846008, -10.0849227905, -19.3955593109, -32.2424278259, 22.9024600983, -15.4710521698, 21.8133411407, -38.6828651428, 36.5952224731, -4.45741081238, 77.7057647705]],
        "icov": [[0.0004813207197, -0.000311822397634, 0.000285981310299, 4.70014720122e-06, 9.91283741314e-05, -0.000365579355275, 0.000762353418395, -0.000970393768512, 0.00103220948949, -0.000354160962161, 0.000252689205809, 0.000365673360648, 0.000312059593853], [-0.000311822397634, 0.00649557402357, -0.00435762293637, 0.0019389432855, -0.00521658128127, 0.00521886022761, -0.00483901565894, 0.00467657158151, -0.00565401371568, 0.00460698129609, -0.00400961423293, 0.00437018554658, -0.00124590855557], [0.000285981310299, -0.00435762293637, 0.00554161891341, -0.00364499585703, 0.00300623080693, -0.00405185855925, 0.00527410767972, -0.00431533856317, 0.00531820440665, -0.00381289492361, 0.00340577797033, -0.00274705397896, 0.00200635124929], [4.70014720122e-06, 0.0019389432855, -0.00364499585703, 0.0067875389941, -0.00268379715271, 0.000336813827744, -0.00196317513473, 0.0033593934495, -0.00488833570853, 0.00377929862589, -0.000906807486899, 0.000702145684045, -0.000979055999778], [9.91283741314e-05, -0.00521658128127, 0.00300623080693, -0.00268379715271, 0.0104397395626, -0.00487765297294, 0.00158454093616, -0.00223972112872, 0.00523080676794, -0.0030507913325, 0.00493996264413, -0.00419927854091, 0.00144465919584], [-0.000365579355275, 0.00521886022761, -0.00405185855925, 0.000336813827744, -0.00487765297294, 0.0125754503533, -0.00678239623085, 0.00346479122527, -0.0032988646999, 0.00266991276294, -0.00276426435448, 0.00236369087361, 0.000835424580146], [0.000762353418395, -0.00483901565894, 0.00527410767972, -0.00196317513473, 0.00158454093616, -0.00678239623085, 0.0186610799283, -0.00942797213793, 0.00708244089037, -0.000680228986312, -0.00170981138945, 0.00128102628514, 0.000228040764341], [-0.000970393768512, 0.00467657158151, -0.00431533856317, 0.0033593934495, -0.00223972112872, 0.00346479122527, -0.00942797213793, 0.0194543562829, -0.0106718353927, -0.000418785668444, 0.004606008064, -0.00212843576446, -0.00218304409645], [0.00103220948949, -0.00565401371568, 0.00531820440665, -0.00488833570853, 0.00523080676794, -0.0032988646999, 0.00708244089037, -0.0106718353927, 0.0226116385311, -0.00510186096653, -0.000157092217705, 0.00219387398101, -0.000827374635264], [-0.000354160962161, 0.00460698129609, -0.00381289492361, 0.00377929862589, -0.0030507913325, 0.00266991276294, -0.000680228986312, -0.000418785668444, -0.00510186096653, 0.0210376270115, -0.00646453769878, -0.00158469122835, 0.00696452893317], [0.000252689205809, -0.00400961423293, 0.00340577797033, -0.000906807486899, 0.00493996264413, -0.00276426435448, -0.00170981138945, 0.004606008064, -0.000157092217705, -0.00646453769878, 0.019659711048, -0.00372193311341, -0.0035298645962], [0.000365673360648, 0.00437018554658, -0.00274705397896, 0.000702145684045, -0.00419927854091, 0.00236369087361, 0.00128102628514, -0.00212843576446, 0.00219387398101, -0.00158469122835, -0.00372193311341, 0.0181324705482, -0.00537196081132], [0.000312059593853, -0.00124590855557, 0.00200635124929, -0.000979055999778, 0.00144465919584, 0.000835424580146, 0.000228040764341, -0.00218304409645, -0.000827374635264, 0.00696452893317, -0.0035298645962, -0.00537196081132, 0.0221201330423]]
    },
    "melbands": {
        "max": [0.00108588987496, 0.00675016036257, 0.0185254234821, 0.0135910408571, 0.0101104918867, 0.00657612504438, 0.00678141787648, 0.00775133958086, 0.00528431404382, 0.00419100746512, 0.00659494521096, 0.00605684518814, 0.00837055314332, 0.00536709977314, 0.0023310247343, 0.00265747960657, 0.00242939591408, 0.00193540088367, 0.000942325626966, 0.00115226814523, 0.0013750778744, 0.000828638032544, 0.000138508694363, 0.000440936011728, 0.000446715479484, 0.000102011916169, 0.000161987074534, 6.7335429776e-05, 0.0001159516396, 7.86753298598e-05, 3.82782345696e-05, 9.52886839514e-05, 8.93767428352e-05, 2.3107349989e-05, 2.09405170608e-05, 3.91951325582e-05, 0.000153214277816, 0.000153239598149, 3.94011294702e-05, 2.4786537324e-05],
        "mean": [5.10283098265e-05, 0.000286903756205, 0.00100768147968, 0.00102590187453, 0.000405625032727, 0.000298866070807, 0.0002532620274, 0.000388681917684, 0.000293189426884, 0.000289180665277, 0.000304304150632, 0.000334965006914, 0.000397636147682, 0.000273668119917, 0.000138313684147, 0.000132887027576, 0.000138995063026, 0.000117930889246, 6.94271657267e-05, 6.10447459621e-05, 4.04720776714e-05, 2.05155247386e-05, 1.27787834572e-05, 1.30974112835e-05, 1.49518809849e-05, 8.61744865688e-06, 7.43911550671e-06, 7.67026813264e-06, 5.6035214584e-06, 2.44301895691e-06, 1.73136163539e-06, 1.552806566e-06, 1.40519853176e-06, 1.14555371056e-06, 1.0135189541e-06, 9.79247602118e-07, 1.27099974634e-06, 1.07134633254e-06, 7.15767043857e-07, 4.93376489885e-07],
        "min": [1.39501734608e-08, 6.83341099261e-08, 1.81342144856e-07, 1.85228259397e-07, 9.78209087066e-08, 6.4473951511e-08, 2.49714901202e-07, 2.9961159953e-07, 2.77329633036e-07, 2.82799817342e-07, 8.90473046411e-08, 1.42799237324e-07, 1.63663287367e-07, 2.51313082344e-07, 1.80040885311e-07, 1.47947659457e-07, 5.34173629774e-08, 6.9762450039e-08, 8.62466862372e-08, 7.67477459362e-08, 1.62985386964e-07, 1.97220003884e-07, 4.01946280704e-08, 6.06053589536e-08, 6.74588420679e-08, 3.61831311579e-08, 2.60783146189e-08, 1.99219556407e-08, 1.87277748864e-08, 8.80770922862e-09, 8.86195827832e-09, 7.16433579129e-09, 3.23805360303e-09, 6.54665033295e-09, 4.03856059705e-09, 1.78314030208e-09, 2.24971841156e-09, 2.13344586442e-09, 1.13359588383e-09, 6.60869081681e-10],
        "stdev": [9.27230357775e-05, 0.000487828976475, 0.00151288858615, 0.0014460075181, 0.00066699157469, 0.000533358426765, 0.000445159734227, 0.000647066219244, 0.000461097311927, 0.000507584423758, 0.000672459660564, 0.000617004989181, 0.00059203262208, 0.000489858386572, 0.000237955857301, 0.000210513157072, 0.00023649907962, 0.000209918929613, 9.74342256086e-05, 9.32681869017e-05, 7.33650085749e-05, 4.21473487222e-05, 1.38747527672e-05, 1.95531010831e-05, 2.28266653721e-05, 1.07130908873e-05, 8.83711527422e-06, 8.26833820611e-06, 6.75920728099e-06, 3.80272126677e-06, 2.84920497506e-06, 3.31103319695e-06, 3.10598488795e-06, 1.87839521004e-06, 1.70969144619e-06, 2.38884626924e-06, 6.08466461927e-06, 4.91948276249e-06, 1.9882027118e-06, 1.32237391881e-06]
    },
    "melbands128": {
        "max": [4.78297442896e-05, 0.000443379976787, 0.00142097927164, 0.00396842043847, 0.00910019967705, 0.0087394528091, 0.00804173294455, 0.0321406163275, 0.0287401173264, 0.0147506212816, 0.0143527984619, 0.0171705763787, 0.0116633903235, 0.0145714376122, 0.0100675420836, 0.0071128802374, 0.0055620870553, 0.00981558859348, 0.0132546769455, 0.0135081522167, 0.0102125378326, 0.00649321498349, 0.00727054197341, 0.00819246936589, 0.00789422448725, 0.00557657005265, 0.00974237825722, 0.0112347761169, 0.0114000840113, 0.0059234467335, 0.0133343823254, 0.0096754161641, 0.0160030163825, 0.0122833363712, 0.0143133113161, 0.00569479912519, 0.00834979489446, 0.00411025248468, 0.00535522634163, 0.00415816763416, 0.00436861766502, 0.00678738998249, 0.00455961376429, 0.00622940855101, 0.00560464011505, 0.00299928337336, 0.00464056013152, 0.00134302012157, 0.00133872486185, 0.00171224749647, 0.00178983563092, 0.00245822640136, 0.00223676138557, 0.00152364268433, 0.00263807922602, 0.000953043170739, 0.000291037722491, 0.000279294879874, 0.00018177786842, 0.000208418045077, 0.000221224763663, 0.00127132586204, 0.00102101068478, 0.000310553587042, 0.000269051088253, 0.000125850332552, 0.000189137645066, 0.000474882603157, 0.000132701941766, 0.000131295149913, 0.000110981229227, 0.000117975112516, 0.000147123719216, 0.000218126529944, 0.000148041770444, 9.16534118005e-05, 0.000128809653688, 6.50746442261e-05, 7.4136609328e-05, 3.20612671203e-05, 0.000183203403139, 8.45033646328e-05, 7.32888511266e-05, 0.000176743851625, 4.92203362228e-05, 3.0362562029e-05, 2.93915927614e-05, 4.79824157082e-05, 2.45363899012e-05, 3.18566526403e-05, 3.07570298901e-05, 6.47654669592e-05, 6.23815503786e-05, 0.000233811952057, 0.00019966554828, 0.000389254273614, 9.00972663658e-05, 5.34255377715e-05, 7.08711813786e-05, 3.19770988426e-05, 4.76724781038e-05, 2.21463287744e-05, 1.4566649952e-05, 2.13466028072e-05, 1.09757911559e-05, 9.12027007871e-06, 9.28794088395e-06, 5.45940747543e-06, 4.38655024482e-06, 3.71676787836e-06, 1.67052098732e-06, 2.72373108601e-06, 1.69628390267e-06, 6.76373076658e-07, 4.57566045498e-07, 8.91560816285e-08, 2.56514489649e-08, 2.21944294054e-08, 2.36576251922e-08, 3.46286945785e-08, 6.47760201034e-09, 3.67955887981e-09, 9.5977332748e-09, 7.15073000812e-10, 7.03516023215e-10, 6.94425739134e-10, 6.86875611944e-10, 6.82454204259e-10],
        "mean": [2.10498433262e-06, 1.03848178696e-05, 4.62919160782e-05, 0.000173126813024, 0.000290992727969, 0.000356887874659, 0.000471745588584, 0.00124224391766, 0.00185457500629, 0.000997057068162, 0.000569455442019, 0.000451851403341, 0.000373010290787, 0.000322578795021, 0.000343760009855, 0.000268073083134, 0.000187225872651, 0.000210623373277, 0.000377200049115, 0.000459422444692, 0.000372849404812, 0.000257598992903, 0.000262318731984, 0.000350955058821, 0.000332125549903, 0.000217395296204, 0.00030163108022, 0.000361353508197, 0.000254175974987, 0.000278251653071, 0.000397206109483, 0.000379367906135, 0.000385858933441, 0.000433780602179, 0.000360171630746, 0.000204346972168, 0.000172733416548, 0.000109090629849, 0.000153181114001, 0.000118988580653, 0.000104502185422, 0.000191390005057, 0.000129804204335, 0.000120129741845, 0.000146154518006, 0.000105800514575, 0.000111984598334, 5.80712876399e-05, 5.3719177231e-05, 7.47621161281e-05, 5.90335221204e-05, 5.8126715885e-05, 3.98454940296e-05, 3.44805630448e-05, 3.36334414897e-05, 1.7505211872e-05, 1.09345264718e-05, 1.57459726324e-05, 1.16833734864e-05, 1.12513989734e-05, 1.22150695461e-05, 1.41418186104e-05, 1.93567029783e-05, 1.4073825696e-05, 1.02819767562e-05, 8.39088988869e-06, 7.78742651164e-06, 7.06375067239e-06, 6.99033671481e-06, 8.48633953865e-06, 7.76559318183e-06, 7.57330144552e-06, 6.68778102408e-06, 5.78016079089e-06, 3.49590504811e-06, 2.72774263976e-06, 1.76602941337e-06, 1.61716207003e-06, 1.96190990209e-06, 1.5723380784e-06, 1.50881010086e-06, 1.56426472131e-06, 1.53017799676e-06, 1.41478346904e-06, 1.31240199153e-06, 1.14558463338e-06, 1.1217393876e-06, 1.04650257526e-06, 1.04236073639e-06, 9.72402972366e-07, 8.76816329765e-07, 1.00423801541e-06, 1.10005350962e-06, 1.26377892684e-06, 1.39714256875e-06, 1.29989177822e-06, 9.50873925376e-07, 8.40898962906e-07, 7.46405476093e-07, 6.358239375e-07, 5.69215671931e-07, 4.61475025304e-07, 4.2676330736e-07, 3.42234898199e-07, 2.7064388064e-07, 2.25873392878e-07, 1.84397933367e-07, 1.52507723783e-07, 1.27493024138e-07, 9.9094449979e-08, 7.38075200957e-08, 6.42160742359e-08, 4.10898408632e-08, 1.00545269888e-08, 3.03400038426e-09, 9.77921743583e-10, 2.4532492704e-10, 2.19789846045e-11, 3.5138811999e-11, 6.36698818668e-11, 1.84241892576e-11, 9.9975912965e-12, 1.11233288205e-11, 4.63831100264e-12, 4.52366009235e-12, 4.41437901857e-12, 4.34647847228e-12, 4.3176248167e-12],
        "min": [1.20841642248e-10, 3.30958926931e-09, 2.38285124965e-09, 4.66343941241e-09, 6.39645092448e-09, 3.63945567017e-08, 7.92571412944e-08, 6.1487597236e-08, 3.93173102964e-08, 5.0110287475e-08, 7.4925935678e-08, 1.13286091619e-07, 8.51851424954e-08, 9.61360058227e-08, 9.92756010731e-09, 1.13069189567e-08, 1.78332704159e-09, 7.59420402119e-08, 1.65580189559e-07, 2.37880584564e-07, 2.39914697886e-07, 1.95682645199e-07, 1.01553858656e-07, 3.99164719056e-08, 5.19521705655e-08, 7.87091352095e-08, 3.87335532537e-08, 4.64800677946e-08, 7.40190699844e-08, 6.19238136323e-08, 7.30178655317e-08, 3.87980669814e-08, 3.81819447171e-08, 1.54350189518e-07, 1.1420546997e-07, 1.05901307279e-07, 2.41626025854e-07, 8.24368839858e-08, 3.95696062583e-08, 1.68214256746e-07, 3.49751552164e-08, 3.36467813611e-08, 3.23591784479e-08, 3.2392158289e-08, 4.79266937248e-08, 7.8768451317e-08, 4.67402507809e-08, 9.13641251543e-09, 3.54210669684e-08, 4.01443962517e-08, 3.42154962141e-08, 5.94523221764e-08, 5.07589348331e-08, 2.69723354762e-08, 8.12747060763e-08, 7.19450738984e-08, 2.98683815458e-08, 3.0871131429e-08, 2.31440182574e-08, 4.55080417794e-08, 4.11389287081e-08, 4.31367475073e-08, 3.01242408796e-08, 4.88125238007e-08, 7.71287211876e-09, 2.05101375883e-08, 1.52909969131e-08, 2.03361985029e-08, 3.34402159297e-08, 2.21226557073e-08, 1.65454530077e-08, 1.25477015445e-08, 1.64122546664e-08, 1.57336721429e-08, 4.22425427971e-09, 1.04579900295e-08, 6.7802385928e-09, 3.05334890705e-09, 5.6403401949e-09, 6.37509023349e-09, 6.4519709575e-09, 5.14277465058e-09, 3.7598812952e-09, 1.06964193058e-09, 1.58436441744e-09, 4.52405535256e-09, 5.4944062633e-09, 2.98453772807e-09, 2.06461225893e-09, 2.00684291407e-09, 1.38975231323e-09, 1.53422119453e-09, 1.61577140556e-09, 1.51009627025e-09, 7.03722247142e-10, 1.96216465298e-09, 1.54798007745e-09, 1.46490131137e-09, 7.5581790826e-10, 5.82822290429e-10, 8.73506100785e-10, 4.78984685248e-10, 2.3728397025e-10, 1.13798331869e-10, 4.82404463598e-11, 1.61218080552e-10, 2.37426467375e-10, 3.43505293654e-11, 1.56484851119e-12, 2.26496962462e-13, 8.96577124067e-14, 9.58269650696e-14, 7.46422780355e-14, 7.12253674551e-14, 6.11632936681e-14, 9.14351263432e-14, 7.40925536528e-14, 7.06921297216e-14, 5.81564961119e-14, 5.36500843209e-14, 5.83864147351e-14, 6.32049412265e-14, 7.87834492197e-14, 5.59470208334e-14, 4.92351791932e-14, 1.61012001664e-14, 2.02819582824e-15, 3.89505519991e-17],
        "stdev": [4.08604637414e-06, 2.41600137088e-05, 9.11608440219e-05, 0.000342914019711, 0.000617200741544, 0.000662438105792, 0.000752210209612, 0.00227084592916, 0.0029498715885, 0.0017330897972, 0.00104498688597, 0.000966563762631, 0.000777560053393, 0.000831874727737, 0.000786211458035, 0.000568055780604, 0.000405064492952, 0.000505918520503, 0.000962915655691, 0.000936251657549, 0.000764787371736, 0.00050803180784, 0.00053951801965, 0.00084364664508, 0.000835209619254, 0.000515052815899, 0.00080297049135, 0.00109225872438, 0.000754279550165, 0.000688243017066, 0.00105317845009, 0.000851539196447, 0.000804879877251, 0.00109340716153, 0.000916864839382, 0.000496189051773, 0.000538588908967, 0.000260114582488, 0.000402754725656, 0.000245007599005, 0.000251284334809, 0.000529027136508, 0.000333535019308, 0.000293785124086, 0.000437098991824, 0.000226434014621, 0.000337287405273, 0.000118562318676, 9.27357468754e-05, 0.000143338882481, 0.000124273865367, 0.000157323782332, 0.000104448023194, 7.9309065768e-05, 0.000105771068775, 4.54110740975e-05, 1.74347114807e-05, 2.50971133937e-05, 1.62050873769e-05, 1.61362040672e-05, 2.03377730941e-05, 4.35420988651e-05, 4.58955182694e-05, 2.22871331061e-05, 2.10106500163e-05, 1.2692639757e-05, 1.41848022395e-05, 1.55920206453e-05, 1.00133311207e-05, 1.28104938995e-05, 1.1640102457e-05, 1.14174090413e-05, 1.10858063636e-05, 1.03198335637e-05, 5.58391457162e-06, 5.53775316803e-06, 4.49846447736e-06, 3.62631067219e-06, 4.02415116696e-06, 2.61740774476e-06, 5.34755145054e-06, 3.52242886947e-06, 3.34960031978e-06, 4.70460008728e-06, 2.77183744402e-06, 2.10862822314e-06, 1.91990216081e-06, 2.07227594728e-06, 1.80505026037e-06, 2.02715773412e-06, 1.75258423951e-06, 3.07953359879e-06, 3.76820980819e-06, 7.15942951501e-06, 8.7408006948e-06, 9.80214917945e-06, 3.7583752146e-06, 2.83915755972e-06, 2.57487135968e-06, 1.72160594047e-06, 1.8468555254e-06, 1.32884952109e-06, 1.01468333469e-06, 9.61247451414e-07, 6.64591709665e-07, 5.23197229541e-07, 4.37898165728e-07, 3.4099974755e-07, 2.65750685458e-07, 2.08709749927e-07, 1.51311823515e-07, 1.60865425869e-07, 1.04122847233e-07, 4.08298461707e-08, 2.03146690581e-08, 4.69329863861e-09, 1.23427046361e-09, 4.93462604112e-10, 7.11825265398e-10, 9.62500079638e-10, 2.07391881446e-10, 1.2485235068e-10, 2.22091303681e-10, 2.33436135005e-11, 2.29307788036e-11, 2.26137945175e-11, 2.23789146936e-11, 2.22354391843e-11]
    },
    "mfcc": {
        "mean": [-626.88269043, 120.340538025, -28.2664718628, -3.26378297806, -7.96270275116, -1.35224080086, -3.25450825691, -7.19427871704, -10.4186954498, -3.02193331718, -12.7831373215, -7.51752710342, -5.58006668091],
        "cov": [[2770.35644531, -159.056671143, -138.074188232, -180.384674072, 3.77352809906, -93.5601577759, 35.3187294006, -33.6502571106, 8.83275508881, 83.9209823608, 23.9990692139, -100.433807373, -26.5435180664], [-159.056671143, 734.248901367, 86.8947372437, 183.33946228, 112.403533936, 47.3595962524, 45.0858383179, 11.590461731, -23.5163097382, 36.2865715027, -18.5550251007, -26.2021789551, -50.5493812561], [-138.074188232, 86.8947372437, 752.783081055, 242.611419678, 257.808105469, 134.396133423, 11.523812294, 32.567199707, 59.8610496521, -41.5389328003, 33.9038200378, 36.0114936829, -34.4115409851], [-180.384674072, 183.33946228, 242.611419678, 294.744598389, 161.301086426, 84.5363693237, 9.47775268555, 38.5516738892, 28.2835445404, -12.6419210434, -15.5414133072, 3.31429052353, -11.2720890045], [3.77352809906, 112.403533936, 257.808105469, 161.301086426, 251.723297119, 115.969749451, 25.0767040253, 37.2446136475, 40.2497291565, -17.1827487946, 1.44966006279, -2.26733255386, -11.1951236725], [-93.5601577759, 47.3595962524, 134.396133423, 84.5363693237, 115.969749451, 173.054336548, 59.9862174988, 29.7865104675, 2.95704960823, -16.5910358429, 5.80141782761, 0.0129938255996, -2.87937784195], [35.3187294006, 45.0858383179, 11.523812294, 9.47775268555, 25.0767040253, 59.9862174988, 117.835823059, 31.4454650879, -0.197361007333, 9.95657730103, -1.16308093071, -10.0417108536, -1.41955268383], [-33.6502571106, 11.590461731, 32.567199707, 38.5516738892, 37.2446136475, 29.7865104675, 31.4454650879, 90.0004501343, 41.5769081116, 0.591956377029, -8.91265201569, -5.86812114716, 5.21113634109], [8.83275508881, -23.5163097382, 59.8610496521, 28.2835445404, 40.2497291565, 2.95704960823, -0.197361007333, 41.5769081116, 87.1977996826, 19.0391139984, 1.52253139019, 1.56867909431, 2.43505239487], [83.9209823608, 36.2865715027, -41.5389328003, -12.6419210434, -17.1827487946, -16.5910358429, 9.95657730103, 0.591956377029, 19.0391139984, 74.0684356689, 15.7940101624, -5.17520666122, -10.7056093216], [23.9990692139, -18.5550251007, 33.9038200378, -15.5414133072, 1.44966006279, 5.80141782761, -1.16308093071, -8.91265201569, 1.52253139019, 15.7940101624, 65.5040664673, 26.0090179443, 1.2612375021], [-100.433807373, -26.2021789551, 36.0114936829, 3.31429052353, -2.26733255386, 0.0129938255996, -10.0417108536, -5.86812114716, 1.56867909431, -5.17520666122, 26.0090179443, 68.4115142822, 24.093542099], [-26.5435180664, -50.5493812561, -34.4115409851, -11.2720890045, -11.1951236725, -2.87937784195, -1.41955268383, 5.21113634109, 2.43505239487, -10.7056093216, 1.2612375021, 24.093542099, 64.7112960815]],
        "icov": [[0.00044705127948, 0.000129099687911, 6.03921762377e-06, 0.000255730643403, -0.000469541322673, 0.000418080278905, -0.000263864378212, 0.00016441749176, 0.000115537164675, -0.000437314622104, -0.000273249432212, 0.000753905100282, -0.000101746431028], [0.000129099687911, 0.00198554387316, 0.000180295217433, -0.00113602622878, -0.00081865186803, 0.00057480664691, -0.000667679065373, -7.78680769145e-05, 0.00144484499469, -0.00146901118569, 0.0003402113216, 0.000145636775414, 0.00101927865762], [6.03921762377e-06, 0.000180295217433, 0.00266356044449, -0.0012325149728, -0.00159054028336, -0.000243540038355, -0.000161467847647, 0.000591018761043, -0.00126821175218, 0.00157446844969, -0.00137355318293, -0.00125757325441, 0.00181107898243], [0.000255730643403, -0.00113602622878, -0.0012325149728, 0.00699443835765, -0.00241924938746, -0.000729084480554, 0.00119602389168, -0.00134057528339, 0.000172998858034, -0.000731752428692, 0.00221392023377, -0.000484786171, -0.00052656623302], [-0.000469541322673, -0.00081865186803, -0.00159054028336, -0.00241924938746, 0.0101121133193, -0.00445900764316, 0.000813279300928, 8.52684679558e-05, -0.00323430239223, 0.00176024122629, -0.000311119860271, 0.000899493228644, -0.00045325391693], [0.000418080278905, 0.00057480664691, -0.000243540038355, -0.000729084480554, -0.00445900764316, 0.0113335317001, -0.004844694864, -0.000994004309177, 0.00247237598523, 0.000920201418921, -0.00174700829666, 0.000771706807427, -0.000123429577798], [-0.000263864378212, -0.000667679065373, -0.000161467847647, 0.00119602389168, 0.000813279300928, -0.004844694864, 0.012448489666, -0.00430197501555, 0.00198006210849, -0.00249725510366, 0.000636920623947, 0.000640554004349, -0.000701230252162], [0.00016441749176, -7.78680769145e-05, 0.000591018761043, -0.00134057528339, 8.52684679558e-05, -0.000994004309177, -0.00430197501555, 0.0177109930664, -0.00895565934479, 0.00221234443597, 0.000878707505763, 0.00134469696786, -0.0012775012292], [0.000115537164675, 0.00144484499469, -0.00126821175218, 0.000172998858034, -0.00323430239223, 0.00247237598523, 0.00198006210849, -0.00895565934479, 0.0199924297631, -0.00748517224565, 0.00122239510529, -0.000323640968418, -0.00104707910214], [-0.000437314622104, -0.00146901118569, 0.00157446844969, -0.000731752428692, 0.00176024122629, 0.000920201418921, -0.00249725510366, 0.00221234443597, -0.00748517224565, 0.0201370324939, -0.00621190946549, 0.000923739280552, 0.00288562406786], [-0.000273249432212, 0.0003402113216, -0.00137355318293, 0.00221392023377, -0.000311119860271, -0.00174700829666, 0.000636920623947, 0.000878707505763, 0.00122239510529, -0.00621190946549, 0.0219401232898, -0.00883106328547, 0.00140727625694], [0.000753905100282, 0.000145636775414, -0.00125757325441, -0.000484786171, 0.000899493228644, 0.000771706807427, 0.000640554004349, 0.00134469696786, -0.000323640968418, 0.000923739280552, -0.00883106328547, 0.0231369603425, -0.00851178355515], [-0.000101746431028, 0.00101927865762, 0.00181107898243, -0.00052656623302, -0.00045325391693, -0.000123429577798, -0.000701230252162, -0.0012775012292, -0.00104707910214, 0.00288562406786, 0.00140727625694, -0.00851178355515, 0.0207411702722]]
    },
    "spectral_contrast_coeffs": {
        "max": [-0.361904919147, -0.464278757572, -0.452431827784, -0.575047254562, -0.640880405903, -0.678957104683],
        "mean": [-0.643040001392, -0.74909889698, -0.718787848949, -0.758282005787, -0.787845432758, -0.78273242712],
        "min": [-0.879526078701, -0.921354115009, -0.914773821831, -0.901056647301, -0.883758664131, -0.890605688095],
        "stdev": [0.0683073028922, 0.0683894529939, 0.0781129673123, 0.0559700466692, 0.0372963771224, 0.0261739064008]
    },
    "spectral_contrast_valleys": {
        "max": [-5.27591276169, -4.49937105179, -5.25255203247, -5.66989326477, -6.26141452789, -7.92146921158],
        "mean": [-7.30898809433, -6.51192808151, -6.91645908356, -7.15608310699, -7.42533349991, -10.1656284332],
        "min": [-10.6246318817, -9.30411624908, -9.46311092377, -9.74422740936, -9.51444244385, -12.7022733688],
        "stdev": [0.950546324253, 0.660432398319, 0.591953992844, 0.575078725815, 0.523245513439, 0.732420861721]
    }
},
"rhythm": {
    "beats_count": 108,
    "beats_loudness": {
        "max": 0.0728551521897,
        "mean": 0.0361116342247,
        "min": 0.00120563106611,
        "stdev": 0.0166058912873
    },
    "bpm": 184.570297241,
    "bpm_histogram_first_peak_bpm": 185,
    "bpm_histogram_first_peak_weight": 0,
    "bpm_histogram_second_peak_bpm": 178,
    "bpm_histogram_second_peak_spread": 0,
    "bpm_histogram_second_peak_weight": 0.177570089698,
    "danceability": 1.00851631165,
    "onset_rate": 3.2607421875,
    "beats_loudness_band_ratio": {
        "max": [0.90340089798, 0.612482190132, 0.6702491045, 0.781058907509, 0.371936202049, 0.433741360903],
        "mean": [0.212741717696, 0.190056860447, 0.219581738114, 0.314594328403, 0.111646421254, 0.0363539680839],
        "min": [0.000141921191243, 0.00229651434347, 0.00838118884712, 0.0118326703086, 0.00700597558171, 0.00334480567835],
        "stdev": [0.213234513998, 0.141834869981, 0.160910204053, 0.194579750299, 0.0852010324597, 0.0498965866864]
    },
