{
"metadata": {
    "version": {
        "essentia": "2.1-beta5",
        "essentia_git_sha": "Undefined",
        "extractor": "music 2.0"
    },
    "audio_properties": {
        "analysis": {
            "equal_loudness": 0,
            "length": 32.4963264465,
            "sample_rate": 44100,
            "start_time": 12.7477550507,
            "downmix": "mix"
        },
        "bit_rate": 192000,
        "length": 182.601730347,
        "lossless": 0,
        "number_channels": 2,
        "replay_gain": -6.3374671936,
        "sample_rate": 48000,
        "codec": "mp3",
        "md5_encoded": "2317d422906570898c7ed116ec9ce65d"
    },
    "tags": {
        "file_name": "Denmark_Tænker Altid På Dig_Bamses Venner.mp3",
        "encoding": ["Lavf58.29.100"]
    }
},
"lowlevel": {
    "average_loudness": 0.966106772423,
    "barkbands_crest": {
        "max": 24.7681236267,
        "mean": 12.2602024078,
        "min": 4.10765123367,
        "stdev": 4.16418409348
    },
    "barkbands_flatness_db": {
        "max": 0.442625969648,
        "mean": 0.222451150417,
        "min": 0.072949051857,
        "stdev": 0.0574448108673
    },
    "barkbands_kurtosis": {
        "max": 177.247802734,
        "mean": 7.8119764328,
        "min": -1.79857671261,
        "stdev": 14.8688688278
    },
    "barkbands_skewness": {
        "max": 11.0057849884,
        "mean": 1.83110833168,
        "min": -0.784111201763,
        "stdev": 1.47927594185
    },
    "barkbands_spread": {
        "max": 81.6840438843,
        "mean": 11.6143779755,
        "min": 0.463293910027,
        "stdev": 7.93725395203
    },
    "dissonance": {
        "max": 0.498478889465,
        "mean": 0.417411029339,
        "min": 0.169601872563,
        "stdev": 0.0486630946398
    },
    "dynamic_complexity": 2.54683232307,
    "erbbands_crest": {
        "max": 31.7850551605,
        "mean": 13.1700305939,
        "min": 3.61563181877,
        "stdev": 5.52436161041
    },
    "erbbands_flatness_db": {
        "max": 0.383840501308,
        "mean": 0.214924499393,
        "min": 0.0751098245382,
        "stdev": 0.0486702881753
    },
    "erbbands_kurtosis": {
        "max": 63.825553894,
        "mean": 2.23245024681,
        "min": -1.85101008415,
        "stdev": 3.85912275314
    },
    "erbbands_skewness": {
        "max": 5.73918294907,
        "mean": 0.744701981544,
        "min": -1.86642253399,
        "stdev": 0.800306737423
    },
    "erbbands_spread": {
        "max": 165.47984314,
        "mean": 25.7959156036,
        "min": 1.9079400301,
        "stdev": 19.5101051331
    },
    "hfc": {
        "max": 145.735580444,
        "mean": 18.4864311218,
        "min": 0.393061131239,
        "stdev": 15.1896371841
    },
    "loudness_ebu128": {
        "integrated": -16.5810890198,
        "loudness_range": 2.90194320679,
        "momentary": {
            "max": -13.8259429932,
            "mean": -16.9087162018,
            "min": -22.736032486,
            "stdev": 1.77979278564
        },
        "short_term": {
            "max": -15.0723180771,
            "mean": -16.689163208,
            "min": -18.6931762695,
            "stdev": 1.05013346672
        }
    },
    "melbands_crest": {
        "max": 31.8713359833,
        "mean": 16.1356086731,
        "min": 5.14227676392,
        "stdev": 4.7901673317
    },
    "melbands_flatness_db": {
        "max": 0.546253025532,
        "mean": 0.283984065056,
        "min": 0.101555481553,
        "stdev": 0.0749207437038
    },
    "melbands_kurtosis": {
        "max": 353.858154297,
        "mean": 16.1800365448,
        "min": -1.35353803635,
        "stdev": 30.3096847534
    },
    "melbands_skewness": {
        "max": 15.1489486694,
        "mean": 2.47472667694,
        "min": -0.958072006702,
        "stdev": 1.96628892422
    },
    "melbands_spread": {
        "max": 75.287612915,
        "mean": 12.8598003387,
        "min": 0.50811612606,
        "stdev": 7.82358884811
    },
    "pitch_salience": {
        "max": 0.826431035995,
        "mean": 0.454750388861,
        "min": 0.0821867212653,
        "stdev": 0.116240687668
    },
    "silence_rate_20dB": {
        "max": 1,
        "mean": 1,
        "min": 1,
        "stdev": 0
    },
    "silence_rate_30dB": {
        "max": 1,
        "mean": 0.957887232304,
        "min": 0,
        "stdev": 0.200847089291
    },
    "silence_rate_60dB": {
        "max": 1,
        "mean": 0.0192719493061,
        "min": 0,
        "stdev": 0.137479931116
    },
    "spectral_centroid": {
        "max": 2644.25317383,
        "mean": 711.899963379,
        "min": 167.29536438,
        "stdev": 292.945739746
    },
    "spectral_complexity": {
        "max": 33,
        "mean": 13.2598142624,
        "min": 2,
        "stdev": 5.01456642151
    },
    "spectral_decrease": {
        "max": -1.95158500471e-10,
        "mean": -1.05859561117e-08,
        "min": -4.96283085738e-08,
        "stdev": 7.5308621561e-09
    },
    "spectral_energy": {
        "max": 0.19016982615,
        "mean": 0.0416306257248,
        "min": 0.000772224972025,
        "stdev": 0.0292679127306
    },
    "spectral_energyband_high": {
        "max": 0.00750027503818,
        "mean": 0.000256548664765,
        "min": 4.40147545078e-07,
        "stdev": 0.000602421932854
    },
    "spectral_energyband_low": {
        "max": 0.162293076515,
        "mean": 0.0198179986328,
        "min": 6.27510507911e-06,
        "stdev": 0.0228881482035
    },
    "spectral_energyband_middle_high": {
        "max": 0.0877713859081,
        "mean": 0.00612078327686,
        "min": 1.5818313841e-05,
        "stdev": 0.00799134001136
    },
    "spectral_energyband_middle_low": {
        "max": 0.116743661463,
        "mean": 0.0179095678031,
        "min": 0.000404128018999,
        "stdev": 0.0141953472048
    },
    "spectral_entropy": {
        "max": 8.4719619751,
        "mean": 6.87610292435,
        "min": 5.10670995712,
        "stdev": 0.50956761837
    },
    "spectral_flux": {
        "max": 0.354610681534,
        "mean": 0.0862390398979,
        "min": 0.00889278016984,
        "stdev": 0.0575439482927
    },
    "spectral_kurtosis": {
        "max": 104.532981873,
        "mean": 9.42719459534,
        "min": -0.946113586426,
        "stdev": 12.091676712
    },
    "spectral_rms": {
        "max": 0.0136209959164,
        "mean": 0.00599537556991,
        "min": 0.000867980532348,
        "stdev": 0.00216118316166
    },
    "spectral_rolloff": {
        "max": 11477.1972656,
        "mean": 771.492492676,
        "min": 86.1328125,
        "stdev": 762.989929199
    },
    "spectral_skewness": {
        "max": 8.58290958405,
        "mean": 2.24951863289,
        "min": 0.382354736328,
        "stdev": 0.987697541714
    },
    "spectral_spread": {
        "max": 14591281,
        "mean": 3661583.5,
        "min": 795645.6875,
        "stdev": 1702425.125
    },
    "spectral_strongpeak": {
        "max": 9.76062774658,
        "mean": 1.22039699554,
        "min": 0,
        "stdev": 1.38944137096
    },
    "zerocrossingrate": {
        "max": 0.21533203125,
        "mean": 0.0314214751124,
        "min": 0.00390625,
        "stdev": 0.0190819036216
    },
    "barkbands": {
        "max": [0.00124105392024, 0.156132027507, 0.0910115838051, 0.0350354164839, 0.0648896694183, 0.0239399429411, 0.0380227081478, 0.103935524821, 0.0257765762508, 0.0513698123395, 0.0447793193161, 0.0373317636549, 0.0363774076104, 0.0203472841531, 0.00858661066741, 0.0160567443818, 0.00276843062602, 0.00220796372741, 0.00168034643866, 0.000866074871738, 0.00136177672539, 0.00125783716794, 0.0015276176855, 0.00322987185791, 0.00239209039137, 0.000551579461899, 1.4970509028e-06],
        "mean": [5.09803867317e-05, 0.0112303970382, 0.00723949214444, 0.00182095274795, 0.00453575374559, 0.000993525842205, 0.00150389352348, 0.00562400277704, 0.0013433721615, 0.00324035366066, 0.0007281852304, 0.000559635343961, 0.000625108077656, 0.00102681107819, 0.000380892277462, 0.000150851352373, 0.000120905875519, 0.000114759423013, 6.75257106195e-05, 2.86056019831e-05, 4.13039488194e-05, 6.87624633429e-05, 3.8705253246e-05, 4.45712030341e-05, 4.31108492194e-05, 8.19785327622e-06, 6.15846973417e-09],
        "min": [7.62855201231e-09, 3.43595019103e-07, 2.21022673941e-06, 1.98502630155e-06, 6.17597470409e-05, 8.32780824567e-06, 3.88165653931e-06, 2.86178124043e-06, 6.71800353302e-06, 2.60564235077e-07, 1.83775085816e-07, 4.38075744569e-07, 5.19313175573e-07, 5.53075096832e-07, 3.65423801441e-07, 1.72669317067e-07, 1.50899921891e-07, 1.98113909278e-07, 1.8126223722e-07, 1.22718830653e-07, 5.36980415689e-08, 5.18295486529e-08, 3.35858310052e-08, 7.00582987179e-08, 4.03994064868e-08, 3.46646544802e-10, 3.70589912924e-11],
        "stdev": [0.000117564792163, 0.0189629402012, 0.0079194875434, 0.00329721532762, 0.00616378244013, 0.00195177341811, 0.00333861308172, 0.0106523558497, 0.00252538663335, 0.00564301479608, 0.0023664617911, 0.00156763219275, 0.00191342225298, 0.00190699170344, 0.000852904224303, 0.000564460584428, 0.000243879519985, 0.000183829091839, 0.000130938584334, 5.68349933019e-05, 7.40166942705e-05, 9.74416470854e-05, 9.34170093387e-05, 0.000192121777218, 0.000189256184967, 3.82825528504e-05, 5.73770080337e-08]
    },
    "erbbands": {
        "max": [3.59609913826, 37.7511405945, 78.5950469971, 140.13973999, 144.375686646, 281.995941162, 176.464706421, 304.11618042, 414.509063721, 1377.99023438, 2517.68896484, 639.853881836, 1806.05456543, 866.729553223, 2131.95336914, 861.655944824, 953.130432129, 1070.74206543, 545.124267578, 547.230529785, 423.983795166, 150.263641357, 110.842590332, 48.6564064026, 108.851478577, 49.5389480591, 40.1697616577, 52.2580070496, 43.5180702209, 37.622505188, 41.421962738, 49.4859619141, 80.462677002, 37.0966682434, 17.012796402, 6.0786113739, 0.722541034222, 0.0258916132152, 0.000925703381654, 0.000207971097552],
        "mean": [0.207373261452, 2.92020869255, 8.0482006073, 8.36509990692, 7.33417797089, 18.7947063446, 12.1382455826, 9.24660968781, 17.4072589874, 54.0026092529, 118.575561523, 41.4725532532, 114.581336975, 46.0592384338, 27.3843040466, 24.7672901154, 23.5157222748, 57.8119888306, 32.6138648987, 10.436548233, 7.15432405472, 5.99379920959, 7.81095695496, 3.20015144348, 3.5886349678, 1.41045987606, 1.10215497017, 2.23805403709, 2.76242852211, 1.41396617889, 0.999650537968, 0.925432384014, 0.787962496281, 0.496375501156, 0.272346198559, 0.0745129659772, 0.0110576851293, 0.000302033848129, 3.28923524648e-05, 4.85186501464e-05],
        "min": [2.6217319828e-05, 0.000379730394343, 0.00316407601349, 0.0130088534206, 0.143170341849, 0.120054371655, 0.198773726821, 0.122718296945, 0.0952622666955, 0.223462626338, 0.111616455019, 0.252899944782, 0.0541457757354, 0.0316475629807, 0.013742480427, 0.01786442101, 0.0633837655187, 0.0571043230593, 0.029095267877, 0.0136435003951, 0.0176673680544, 0.00939756818116, 0.00952941458672, 0.00943609140813, 0.00634966185316, 0.00518057169393, 0.00277605606243, 0.00214461889118, 0.00180776382331, 0.00151624018326, 0.00107996724546, 0.00145439838525, 0.000910097616725, 0.000514686515089, 0.000290888157906, 5.69181720493e-05, 6.69228302286e-06, 5.29504973201e-07, 4.42445895033e-07, 8.92800244401e-07],
        "stdev": [0.42126467824, 4.69811916351, 7.93278074265, 12.7779350281, 11.1547279358, 28.634147644, 18.3478984833, 20.9054069519, 38.9365310669, 95.0792388916, 267.756652832, 61.6802940369, 201.326766968, 81.0538482666, 97.8933334351, 63.9458503723, 58.5817565918, 102.739532471, 56.4891548157, 23.4347801208, 21.0649547577, 11.7602434158, 11.4222593307, 4.88927936554, 7.87511587143, 2.71063232422, 2.13079977036, 3.60442829132, 3.74274849892, 3.14445352554, 2.45179510117, 2.90096592903, 4.17964363098, 2.45903110504, 1.22529149055, 0.343148380518, 0.0562673732638, 0.00152628042269, 5.94743942202e-05, 3.35369186359e-05]
    },
    "gfcc": {
        "mean": [-33.4223365784, 143.264923096, -118.941505432, 27.3392086029, -67.7275161743, 20.5645904541, -32.4426956177, 3.17755913734, -10.7074165344, -8.94538879395, -12.8184566498, -17.5308265686, -8.30441474915],
        "cov": [[3244.99047852, -896.002075195, -528.534973145, -203.816497803, -160.66645813, 524.661987305, -9.74371242523, 157.135925293, -67.0685348511, 148.257995605, -266.310882568, 125.79813385, -43.6812820435], [-896.002075195, 1258.1751709, 87.4556655884, 19.0266208649, 391.90625, -176.365158081, 357.62197876, -79.7214508057, 228.061584473, -139.758239746, 266.153137207, -106.670669556, 85.8230667114], [-528.534973145, 87.4556655884, 894.354553223, 232.3384552, 195.203704834, 68.3258743286, 39.9542999268, 129.311737061, -59.5151443481, 100.554862976, 43.7915840149, 60.9821777344, -30.6776847839], [-203.816497803, 19.0266208649, 232.3384552, 521.041137695, 176.285110474, -89.1712875366, 17.5134239197, 49.5731468201, 93.7408370972, 35.8749923706, 74.1579971313, 11.4819164276, 70.4333953857], [-160.66645813, 391.90625, 195.203704834, 176.285110474, 420.812957764, 7.45309066772, 114.710113525, 52.4969024658, 92.2945404053, 22.2100734711, 86.4471511841, 49.6298789978, 45.9558525085], [524.661987305, -176.365158081, 68.3258743286, -89.1712875366, 7.45309066772, 380.998565674, 83.5380783081, 55.4416313171, -17.0104007721, 49.7189178467, -37.9875602722, 16.3621921539, -19.1102752686], [-9.74371242523, 357.62197876, 39.9542999268, 17.5134239197, 114.710113525, 83.5380783081, 277.391845703, 35.5294189453, 93.8618392944, -14.5170993805, 97.6157455444, -25.2843723297, 47.5686149597], [157.135925293, -79.7214508057, 129.311737061, 49.5731468201, 52.4969024658, 55.4416313171, 35.5294189453, 138.331344604, 13.9125127792, 56.8580513, 2.62237739563, 42.2192840576, 6.17120456696], [-67.0685348511, 228.061584473, -59.5151443481, 93.7408370972, 92.2945404053, -17.0104007721, 93.8618392944, 13.9125127792, 224.895019531, 6.09937238693, 67.3745269775, -60.118812561, 28.0267848969], [148.257995605, -139.758239746, 100.554862976, 35.8749923706, 22.2100734711, 49.7189178467, -14.5170993805, 56.8580513, 6.09937238693, 118.811676025, -9.3252620697, 33.8479003906, -10.3780899048], [-266.310882568, 266.153137207, 43.7915840149, 74.1579971313, 86.4471511841, -37.9875602722, 97.6157455444, 2.62237739563, 67.3745269775, -9.3252620697, 157.250305176, -5.88357305527, 37.1218757629], [125.79813385, -106.670669556, 60.9821777344, 11.4819164276, 49.6298789978, 16.3621921539, -25.2843723297, 42.2192840576, -60.118812561, 33.8479003906, -5.88357305527, 139.793777466, 29.1846370697], [-43.6812820435, 85.8230667114, -30.6776847839, 70.4333953857, 45.9558525085, -19.1102752686, 47.5686149597, 6.17120456696, 28.0267848969, -10.3780899048, 37.1218757629, 29.1846370697, 105.940513611]],
        "icov": [[0.000695015653037, 9.41435428103e-05, 0.000697176961694, -0.000242563037318, -9.71193821897e-06, -0.000746011268348, -0.000333453877829, -0.000604489643592, 0.000106854524347, -0.000469584163511, 0.000787680095527, -0.000519868393894, 0.000420970580308], [9.41435428103e-05, 0.00729939015582, -0.00182498909999, 0.0038943355903, -0.00559599837288, 0.00389430392534, -0.00556204235181, 0.00401869835332, -0.00253214896657, 0.00431992951781, -0.00418904796243, 0.00337194115855, -0.00196672510356], [0.000697176961694, -0.00182498909999, 0.00307276006788, -0.00210123741999, 0.000841157569084, -0.00194838072639, 0.00083930772962, -0.00270661059767, 0.00213899486698, -0.0024039412383, 0.00138379971031, -0.00117899652105, 0.00215566460975], [-0.000242563037318, 0.0038943355903, -0.00210123741999, 0.00537487119436, -0.00370066124015, 0.00299500534311, -0.00187767064199, 0.00200053420849, -0.00242015952244, 0.00210604676977, -0.00299055012874, 0.00272189616226, -0.00341996271163], [-9.71193821897e-06, -0.00559599837288, 0.000841157569084, -0.00370066124015, 0.0081181647256, -0.00305846240371, 0.00321228522807, -0.00288193346933, 0.000441048730863, -0.00291839474812, 0.00285516539589, -0.00475480500609, 0.00179234403186], [-0.000746011268348, 0.00389430392534, -0.00194838072639, 0.00299500534311, -0.00305846240371, 0.00661269528791, -0.00446796277538, 0.00236410461366, -0.00121938879602, 0.00154815765563, -0.00173082377296, 0.00231207488105, -0.00118595908862], [-0.000333453877829, -0.00556204235181, 0.00083930772962, -0.00187767064199, 0.00321228522807, -0.00446796277538, 0.01138864737, -0.00453631859273, 0.000599073478952, -0.00146590056829, -0.000415012909798, -0.000496083754115, -0.00120907125529], [-0.000604489643592, 0.00401869835332, -0.00270661059767, 0.00200053420849, -0.00288193346933, 0.00236410461366, -0.00453631859273, 0.0141522008926, -0.00290043908171, -0.000515667314176, -0.00181111216079, -0.000670890673064, -0.00119329511654], [0.000106854524347, -0.00253214896657, 0.00213899486698, -0.00242015952244, 0.000441048730863, -0.00121938879602, 0.000599073478952, -0.00290043908171, 0.00910982862115, -0.00358676933683, 9.88793035503e-05, 0.00295595033094, 0.000202116600121], [-0.000469584163511, 0.00431992951781, -0.0024039412383, 0.00210604676977, -0.00291839474812, 0.00154815765563, -0.00146590056829, -0.000515667314176, -0.00358676933683, 0.0154081964865, -0.00308581884019, -6.32150113233e-05, 9.50774449393e-07], [0.000787680095527, -0.00418904796243, 0.00138379971031, -0.00299055012874, 0.00285516539589, -0.00173082377296, -0.000415012909798, -0.00181111216079, 9.88793035503e-05, -0.00308581884019, 0.0135938283056, -0.00338450353593, 0.000688984640874], [-0.000519868393894, 0.00337194115855, -0.00117899652105, 0.00272189616226, -0.00475480500609, 0.00231207488105, -0.000496083754115, -0.000670890673064, 0.00295595033094, -6.32150113233e-05, -0.00338450353593, 0.0143960332498, -0.00592362741008], [0.000420970580308, -0.00196672510356, 0.00215566460975, -0.00341996271163, 0.00179234403186, -0.00118595908862, -0.00120907125529, -0.00119329511654, 0.000202116600121, 9.50774449393e-07, 0.000688984640874, -0.00592362741008, 0.0150620583445]]
    },
    "melbands": {
        "max": [0.0404039695859, 0.032597515732, 0.0194619372487, 0.0171289648861, 0.00872314628214, 0.00586424721405, 0.00622817361727, 0.0198380462825, 0.0208007916808, 0.00439138524234, 0.00926996488124, 0.00392196839675, 0.00616974337026, 0.00506998132914, 0.00112085870933, 0.0039067552425, 0.00242694700137, 0.0010278057307, 0.000514438375831, 0.00161495781504, 0.000311887153657, 0.000207335571758, 0.000180166229256, 0.000179732945981, 4.16065886384e-05, 9.21417959034e-05, 5.75323865633e-05, 4.17443116021e-05, 1.81852301466e-05, 3.38744939654e-05, 2.83483896055e-05, 2.15658928937e-05, 3.08014823531e-05, 2.27749023907e-05, 1.76509711309e-05, 3.76092793886e-05, 2.84173420368e-05, 5.41592926311e-05, 5.10984646098e-05, 3.60026460839e-05],
        "mean": [0.00255601038225, 0.00414042314515, 0.00136985152494, 0.000934186275117, 0.000564394460525, 0.000204712254344, 0.000273854151601, 0.000714006659109, 0.000859347870573, 0.000230695732171, 0.000571886252146, 0.000184251824976, 8.59343708726e-05, 7.48603488319e-05, 4.31390471931e-05, 6.55110998196e-05, 0.00011774001905, 5.80071682634e-05, 2.1804793505e-05, 1.24800135382e-05, 6.87554893375e-06, 5.68853874938e-06, 7.6363376138e-06, 6.0777838371e-06, 2.03441913982e-06, 2.79258233604e-06, 1.73925070612e-06, 7.63990612995e-07, 6.07458161994e-07, 8.35778905639e-07, 1.51116455527e-06, 1.70289536072e-06, 1.09724771846e-06, 6.83429675519e-07, 4.86473936689e-07, 7.7355571193e-07, 4.43813263473e-07, 5.3167087799e-07, 5.1249213584e-07, 4.03467879551e-07],
        "min": [1.20276325788e-07, 1.21481434689e-06, 1.77648894351e-06, 1.29955324155e-05, 6.51077925795e-06, 1.83345218829e-06, 9.43488430494e-07, 2.26848874263e-06, 5.86861972351e-07, 1.49073548528e-06, 1.39617981176e-07, 7.37712682053e-08, 3.3468079863e-08, 5.70100020525e-08, 1.99744114582e-08, 4.49901662591e-08, 8.33634956621e-08, 3.54186084905e-08, 3.16550199386e-08, 7.33710692202e-09, 1.15047154026e-08, 8.78386607894e-09, 7.23438908778e-09, 8.51295212101e-09, 6.87224144258e-09, 3.42158723576e-09, 3.75972319944e-09, 2.34767605356e-09, 1.75278858094e-09, 9.25973075994e-10, 8.4104534448e-10, 8.63580207344e-10, 1.045495579e-09, 6.61799892665e-10, 3.95691812649e-10, 5.99038707527e-10, 7.35866090285e-10, 4.56061188814e-10, 4.45638304036e-10, 3.65604019281e-10],
        "stdev": [0.00468311551958, 0.00439656851813, 0.00187679193914, 0.00130652450025, 0.0008949401672, 0.000469007703941, 0.000605425855611, 0.00121489341836, 0.00200357241556, 0.000398191477871, 0.00102019147016, 0.000349246285623, 0.000286964466795, 0.000216036904021, 8.79685758264e-05, 0.000217493361561, 0.000212719780393, 0.00010331960948, 4.69675869681e-05, 5.22412701685e-05, 1.86383640539e-05, 1.26533550429e-05, 1.40811034726e-05, 1.09485035864e-05, 3.48945127371e-06, 6.26764449407e-06, 3.86750025427e-06, 1.88962792436e-06, 1.23579354749e-06, 1.69820270912e-06, 2.50377865996e-06, 2.28673957281e-06, 1.94597350855e-06, 1.76386322437e-06, 1.23783934214e-06, 2.00347039936e-06, 1.67928521932e-06, 2.7963399134e-06, 2.9612463095e-06, 1.98365364668e-06]
    },
    "melbands128": {
        "max": [0.00118153053336, 0.0186226926744, 0.0691086053848, 0.0689149945974, 0.0351212546229, 0.0491778999567, 0.0343191586435, 0.016826659441, 0.015643754974, 0.0270268898457, 0.0167900435627, 0.0191310364753, 0.00708961579949, 0.00272792670876, 0.00943990424275, 0.0108698522672, 0.0133363939822, 0.00728802755475, 0.0156620778143, 0.0174356810749, 0.0419511348009, 0.0286816358566, 0.0366725027561, 0.00757567444816, 0.00439896248281, 0.00822440814227, 0.0110362386331, 0.0168950613588, 0.0152764637023, 0.00911088567227, 0.00630977842957, 0.00711759878322, 0.00632086023688, 0.0136402957141, 0.00990774203092, 0.00387599482201, 0.00291676097549, 0.00071954971645, 0.00311812013388, 0.00360854202881, 0.00744656613097, 0.00726823462173, 0.00348927872255, 0.0035030359868, 0.0019335221732, 0.00143443187699, 0.00188459130004, 0.00104538467713, 0.00121620774735, 0.000332820229232, 0.00343542336486, 0.00104624603409, 0.000512479804456, 0.000187996120076, 0.000241702437052, 0.000413057976402, 0.000325374247041, 0.000516287982464, 0.000279067317024, 0.000173415857716, 0.000415896560298, 0.000156892798259, 9.24046325963e-05, 3.73285874957e-05, 8.60655491124e-05, 0.000123369929497, 0.000245833391091, 0.000153829721967, 8.49639327498e-05, 2.01067505259e-05, 5.16979926033e-05, 7.86529417383e-05, 1.26336426547e-05, 2.80632648355e-05, 3.59185578418e-05, 3.24407483276e-05, 3.42442654073e-05, 4.07079278375e-05, 4.32499473391e-05, 2.91881060548e-05, 3.53310788341e-05, 2.22728285735e-05, 3.17464837281e-05, 4.67011486762e-05, 2.60176038864e-05, 4.27959348599e-05, 2.39573510044e-05, 2.08074779948e-05, 1.55103844008e-05, 2.46486506512e-05, 5.10564495926e-05, 3.25020482705e-05, 4.12287627114e-05, 3.16836121783e-05, 2.88217561319e-05, 3.54859075742e-05, 6.54865725664e-05, 0.000103818361822, 6.93266192684e-05, 4.36741865997e-05, 2.66776733042e-05, 4.63303913421e-05, 4.00877579523e-05, 4.72600877401e-05, 1.24263224279e-05, 2.91211690637e-05, 3.44217696693e-05, 9.50179401116e-06, 7.89306432125e-06, 7.93398248788e-06, 7.62876925364e-06, 6.0047855186e-06, 1.91252343029e-06, 5.01356225868e-07, 1.77035417437e-07, 1.80805756145e-07, 4.03345872257e-08, 3.37987904331e-09, 3.01358094035e-09, 2.8509639094e-09, 2.74189093652e-09, 2.66253152859e-09, 2.59238985834e-09, 2.5367472567e-09, 2.48822318305e-09, 2.45434539359e-09, 2.43220044105e-09, 2.41731279438e-09],
        "mean": [4.61818963231e-05, 0.00106780137867, 0.00367929926142, 0.0052702347748, 0.00445005763322, 0.00348304421641, 0.0018248752458, 0.000684178725351, 0.000620903098024, 0.000973493035417, 0.00115618039854, 0.000947956752498, 0.000365577318007, 0.000142448800034, 0.000192390012671, 0.00023639810388, 0.000265843409579, 0.000246365962084, 0.000331385585014, 0.000560587621294, 0.000887778296601, 0.00119633355644, 0.00112918147352, 0.000131962151499, 0.000163166158018, 0.000240851164563, 0.000387656793464, 0.00093793758424, 0.000360085366992, 0.000176624016603, 0.000161607938935, 9.75669317995e-05, 4.98059562233e-05, 0.000125217527966, 5.55627339054e-05, 7.86116797826e-05, 7.49017926864e-05, 2.52797271969e-05, 4.24147765443e-05, 3.28109781549e-05, 8.47264600452e-05, 9.56298754318e-05, 8.84727342054e-05, 0.0001908744307, 4.72789542982e-05, 4.35079382441e-05, 4.72743449791e-05, 2.48732740147e-05, 9.22387425817e-06, 5.90130048295e-06, 1.79801809281e-05, 1.3556005797e-05, 5.65058735447e-06, 4.44271563538e-06, 7.44110639062e-06, 3.65174901162e-06, 5.54315147383e-06, 1.0789965927e-05, 5.2888681239e-06, 8.84204109752e-06, 7.79656693339e-06, 2.61683089775e-06, 2.13718135456e-06, 1.87142711638e-06, 1.79631979336e-06, 2.52072186413e-06, 4.31798707723e-06, 1.92351058104e-06, 1.30339788029e-06, 9.76543901743e-07, 7.14202826657e-07, 7.30144336103e-07, 5.62429192996e-07, 6.20988771516e-07, 5.61652996112e-07, 7.64460423852e-07, 9.80981894827e-07, 1.06560275981e-06, 1.69212160017e-06, 1.76735693458e-06, 1.85321960089e-06, 1.58745194767e-06, 1.60146248618e-06, 1.02404771951e-06, 6.76343120176e-07, 7.83376208346e-07, 6.90016292992e-07, 5.13425220561e-07, 4.07744465747e-07, 4.75357069263e-07, 7.44660894725e-07, 9.46657053191e-07, 7.11176141976e-07, 3.73894636141e-07, 3.04426180264e-07, 3.93278014599e-07, 6.14742418747e-07, 7.05846048277e-07, 4.84471001982e-07, 4.74894733316e-07, 3.55727507895e-07, 3.84241161555e-07, 4.56485082623e-07, 3.8926657453e-07, 2.13494459445e-07, 3.34783067046e-07, 3.08650527359e-07, 9.56411625452e-08, 8.52371897508e-08, 1.03788629247e-07, 1.20557302807e-07, 4.72758578951e-08, 1.2656474091e-08, 2.54677390288e-09, 7.09525549425e-10, 7.59752427637e-10, 1.69406724759e-10, 1.11007227716e-11, 9.74207086529e-12, 9.2654321715e-12, 8.88865717141e-12, 8.67477617517e-12, 8.47607834614e-12, 8.30833752491e-12, 8.12270303102e-12, 7.92220889584e-12, 7.80089708108e-12, 7.74889354072e-12],
        "min": [1.81499038021e-09, 1.33334543406e-08, 2.30848016258e-08, 1.33105828581e-07, 4.58286734784e-07, 1.25246140215e-06, 1.15488614938e-06, 5.9130320551e-07, 1.20674280879e-06, 4.39000905317e-06, 1.85002386388e-06, 5.39516463505e-07, 4.22811865519e-07, 3.82482028272e-07, 8.63952664076e-07, 7.12382018264e-07, 2.74422092161e-07, 1.81387207476e-07, 3.75455272206e-07, 1.12922180051e-06, 2.78929007891e-07, 1.34635072868e-07, 6.71101716421e-08, 1.53381648715e-07, 2.00879611612e-07, 2.4956406719e-07, 7.9566518707e-08, 3.26015765495e-08, 3.25854863092e-08, 2.58352077509e-08, 6.91463597491e-08, 3.48276096851e-09, 6.01650729237e-09, 1.02826795967e-08, 1.13316289685e-08, 3.65262753377e-09, 8.97448948489e-10, 6.56901910645e-09, 2.10006834145e-09, 8.6867241178e-10, 4.12596579125e-09, 1.60355870804e-08, 6.77730627174e-09, 5.93098059554e-09, 6.62247279237e-09, 2.04044638963e-08, 1.6687074833e-08, 1.01048447387e-09, 4.38736869057e-09, 1.16788250182e-08, 5.73966518758e-09, 4.27543644932e-09, 1.74185577073e-09, 2.47256048969e-10, 2.96535573874e-09, 8.88140283539e-10, 3.49298395763e-10, 2.00240668491e-09, 2.36631114703e-09, 2.26681873272e-09, 1.79091319552e-09, 1.31240285306e-09, 9.04351149522e-10, 5.45378497918e-09, 7.67910790511e-10, 3.16632775554e-10, 3.01642866241e-09, 4.77101413932e-10, 5.37448474613e-10, 2.66696242868e-09, 7.82571285551e-10, 6.44743924916e-10, 2.47483977756e-10, 2.4211982419e-10, 4.19872137059e-10, 1.94059518455e-10, 2.45859083092e-10, 8.23111023784e-11, 7.1300645943e-11, 1.86928458823e-10, 3.53992529734e-10, 1.0832949815e-10, 4.39544539654e-10, 2.6878199666e-10, 1.6645430867e-10, 1.84344969845e-10, 1.42364814382e-10, 5.98340405e-11, 3.03468777885e-11, 3.46187106759e-11, 6.22075394668e-12, 3.39994178644e-11, 2.32177499448e-10, 2.25796655678e-11, 3.64260704933e-11, 9.8892491418e-11, 1.10202394085e-11, 5.81743542227e-11, 3.93132748577e-11, 5.42485570354e-11, 1.54562196375e-10, 1.20039264986e-11, 4.38192841387e-12, 1.70432678387e-11, 5.21495346906e-12, 5.55955871617e-11, 4.26521248875e-11, 4.65437020522e-12, 3.82995962419e-13, 2.66430730559e-13, 1.66969492702e-13, 1.18881128357e-13, 1.22148344499e-13, 1.70518520094e-13, 1.33015777212e-13, 9.84280270678e-14, 1.37464028333e-13, 1.43144163515e-13, 1.1580082867e-13, 1.1125685605e-13, 1.02169608765e-13, 1.26709691459e-13, 1.13436475111e-13, 1.08516264009e-13, 9.14308437446e-14, 3.04655592745e-14, 3.93519733536e-15, 1.94849050436e-16],
        "stdev": [0.000111132001621, 0.00244307005778, 0.00778648117557, 0.00843216478825, 0.00490878010169, 0.00429263152182, 0.00311100645922, 0.00124808622058, 0.00116970005911, 0.00177623075433, 0.00194001849741, 0.00190685840789, 0.000614401360508, 0.000243810733082, 0.000569460040424, 0.000751064857468, 0.00100688484963, 0.000645798107143, 0.00108877650928, 0.00126151449513, 0.00210705352947, 0.00281183188781, 0.0032149204053, 0.000385458901292, 0.000386891682865, 0.000650905887596, 0.000855893071275, 0.00188890809659, 0.0010199128883, 0.000480118294945, 0.000456810055766, 0.000362248538295, 0.000254666258115, 0.000624698353931, 0.000286019087071, 0.000284333858872, 0.000227777461987, 5.99610175414e-05, 0.000161693504197, 0.000126919097966, 0.000379084201995, 0.000423426507041, 0.000203387549846, 0.000413649715483, 0.000155981368152, 0.000131170469103, 0.000130514774355, 7.31039908715e-05, 3.70556663256e-05, 1.64382909134e-05, 0.000106755207526, 4.96040483995e-05, 2.77223116427e-05, 1.23392064779e-05, 2.2017646188e-05, 1.65062774613e-05, 1.5828620235e-05, 3.02481985273e-05, 1.37536617331e-05, 1.56716832862e-05, 2.21540049097e-05, 6.59023635308e-06, 5.15662350153e-06, 3.5777670746e-06, 5.08198127136e-06, 7.13749159331e-06, 1.28019164549e-05, 6.40291045784e-06, 3.60778631148e-06, 1.68037490766e-06, 2.30850105254e-06, 2.99415546579e-06, 1.05964988961e-06, 1.45363139836e-06, 1.5586824702e-06, 1.87042803645e-06, 1.97028407456e-06, 2.06589902518e-06, 3.56937039214e-06, 2.95267795991e-06, 2.92734853247e-06, 2.47720777224e-06, 2.51323331213e-06, 2.35350216826e-06, 1.77135450485e-06, 2.438583806e-06, 1.90483297047e-06, 1.39817666422e-06, 1.14042495625e-06, 1.33002959046e-06, 2.17347997022e-06, 2.46611216426e-06, 2.38425309362e-06, 1.74611659531e-06, 1.61533921528e-06, 1.94509584617e-06, 3.34221272169e-06, 4.39031055066e-06, 3.11064832204e-06, 2.85905844066e-06, 1.72133661636e-06, 2.19179423766e-06, 2.43374506681e-06, 2.25249118557e-06, 9.96360654426e-07, 1.62090191225e-06, 1.60289937412e-06, 4.64069898953e-07, 4.54258156424e-07, 5.12577912559e-07, 6.00717669386e-07, 3.08268511162e-07, 9.47582350364e-08, 2.0623620145e-08, 5.87405057928e-09, 6.30091312459e-09, 1.45620371317e-09, 1.24809718116e-10, 1.13665563073e-10, 1.07677429473e-10, 1.03567758536e-10, 1.00566666106e-10, 9.79357220321e-11, 9.58321269562e-11, 9.40242536607e-11, 9.27488710833e-11, 9.19108261721e-11, 9.13509823341e-11]
    },
    "mfcc": {
        "mean": [-673.065917969, 161.842254639, 9.66992664337, 11.798617363, -2.01242876053, 9.63825321198, -6.65831184387, 6.84579229355, 2.40242338181, 3.40865087509, 10.8027715683, -6.20552921295, -11.1651573181],
        "cov": [[3680.0871582, -956.934387207, -547.731933594, -622.773193359, -217.650909424, 211.58354187, -29.3445053101, 120.243415833, 130.334091187, 123.617652893, 45.9926338196, -199.426269531, -283.49887085], [-956.934387207, 1224.41467285, -90.9798736572, 165.297729492, 64.5572738647, 23.8787841797, 158.779067993, 99.6831588745, 14.7242002487, -22.787820816, 86.8313064575, 101.177680969, 174.588699341], [-547.731933594, -90.9798736572, 632.899902344, 118.59122467, 96.8603363037, 19.8185882568, 125.689399719, -3.69754290581, 23.2762050629, 11.298333168, 22.7734508514, 80.6580276489, 73.5723876953], [-622.773193359, 165.297729492, 118.59122467, 672.745544434, 222.543899536, -56.6745262146, 6.85401582718, -1.53518605232, 42.7411308289, 18.9083824158, -27.8803348541, 92.1612091064, 172.044387817], [-217.650909424, 64.5572738647, 96.8603363037, 222.543899536, 298.779754639, 54.1720428467, 25.5886135101, 33.3170661926, 30.5710659027, 43.1516952515, -15.3823490143, 63.6318359375, 91.2758178711], [211.58354187, 23.8787841797, 19.8185882568, -56.6745262146, 54.1720428467, 198.197006226, 75.9751968384, 64.9954376221, 47.9927864075, 45.5001487732, 38.5832481384, 7.51572179794, -25.546005249], [-29.3445053101, 158.779067993, 125.689399719, 6.85401582718, 25.5886135101, 75.9751968384, 236.404083252, 77.2928466797, 31.447845459, 8.78971862793, 25.305524826, 33.9473228455, 55.3195915222], [120.243415833, 99.6831588745, -3.69754290581, -1.53518605232, 33.3170661926, 64.9954376221, 77.2928466797, 141.962249756, 43.5665473938, 28.8947105408, 25.8137340546, 4.97545576096, 19.9843978882], [130.334091187, 14.7242002487, 23.2762050629, 42.7411308289, 30.5710659027, 47.9927864075, 31.447845459, 43.5665473938, 124.95664978, 57.4822731018, 19.6088123322, 13.9652786255, 7.73727464676], [123.617652893, -22.787820816, 11.298333168, 18.9083824158, 43.1516952515, 45.5001487732, 8.78971862793, 28.8947105408, 57.4822731018, 153.311843872, 55.6519966125, 3.35560131073, -5.80423641205], [45.9926338196, 86.8313064575, 22.7734508514, -27.8803348541, -15.3823490143, 38.5832481384, 25.305524826, 25.8137340546, 19.6088123322, 55.6519966125, 143.41293335, 23.5539226532, -11.3822202682], [-199.426269531, 101.177680969, 80.6580276489, 92.1612091064, 63.6318359375, 7.51572179794, 33.9473228455, 4.97545576096, 13.9652786255, 3.35560131073, 23.5539226532, 115.393608093, 69.4810409546], [-283.49887085, 174.588699341, 73.5723876953, 172.044387817, 91.2758178711, -25.546005249, 55.3195915222, 19.9843978882, 7.73727464676, -5.80423641205, -11.3822202682, 69.4810409546, 182.382110596]],
        "icov": [[0.00065289781196, 0.000647705164738, 0.00070744677214, 0.000323519052472, 4.88583791594e-05, -0.000301010470139, -0.0003893445828, -0.000369047687855, -0.000623338448349, 1.12049583549e-05, -0.000394018163206, 0.00019125903782, -0.000174445362063], [0.000647705164738, 0.00185971171595, 0.00120742758736, 0.000166118086781, 3.80149976991e-05, -0.000227474942221, -0.00105208123568, -0.000708211679012, -0.000540760054719, 0.000533352838829, -0.00129304209258, -0.00022117626213, -0.00102790480014], [0.00070744677214, 0.00120742758736, 0.00298734614626, 0.000207110322663, -0.000442036398454, -5.89735318499e-05, -0.00192832516041, 0.000295690057101, -0.000839556218125, 0.000249942735536, -0.00103577552363, -0.000717378337868, -0.000438936607679], [0.000323519052472, 0.000166118086781, 0.000207110322663, 0.00272908993065, -0.00149312464055, 0.000866093789227, 9.55196155701e-05, 0.000139186740853, -0.0012459626887, -2.27187792916e-05, -3.85635212297e-05, -0.000196872540982, -0.00136500806548], [4.88583791594e-05, 3.80149976991e-05, -0.000442036398454, -0.00149312464055, 0.00605705706403, -0.00244881724939, 0.000993579626083, -0.000912406307179, 0.000785701733548, -0.00160580174997, 0.00168168253731, -0.0014419372892, -0.00137953343801], [-0.000301010470139, -0.000227474942221, -5.89735318499e-05, 0.000866093789227, -0.00244881724939, 0.00849126372486, -0.00205638632178, -0.00142371666152, -0.0013476832537, -0.000406909966841, -0.000893278338481, -0.000569331285078, 0.00235666055232], [-0.0003893445828, -0.00105208123568, -0.00192832516041, 9.55196155701e-05, 0.000993579626083, -0.00205638632178, 0.00754151912406, -0.00238454295322, 0.000240127672441, 0.000266015063971, 0.000614547810983, -0.000202648443519, -0.00160794565454], [-0.000369047687855, -0.000708211679012, 0.000295690057101, 0.000139186740853, -0.000912406307179, -0.00142371666152, -0.00238454295322, 0.0108606172726, -0.00197697104886, -0.000148581137182, -0.000689432315994, 0.00139009393752, -0.00084930943558], [-0.000623338448349, -0.000540760054719, -0.000839556218125, -0.0012459626887, 0.000785701733548, -0.0013476832537, 0.000240127672441, -0.00197697104886, 0.01185431052, -0.00366838299669, 0.00123567064293, -0.00127384718508, 0.000567302922718], [1.12049583549e-05, 0.000533352838829, 0.000249942735536, -2.27187792916e-05, -0.00160580174997, -0.000406909966841, 0.000266015063971, -0.000148581137182, -0.00366838299669, 0.00997400004417, -0.00405318336561, 0.00132098654285, -0.000173452528543], [-0.000394018163206, -0.00129304209258, -0.00103577552363, -3.85635212297e-05, 0.00168168253731, -0.000893278338481, 0.000614547810983, -0.000689432315994, 0.00123567064293, -0.00405318336561, 0.0104903774336, -0.00294794351794, 0.00159826129675], [0.00019125903782, -0.00022117626213, -0.000717378337868, -0.000196872540982, -0.0014419372892, -0.000569331285078, -0.000202648443519, 0.00139009393752, -0.00127384718508, 0.00132098654285, -0.00294794351794, 0.0136606404558, -0.00375694455579], [-0.000174445362063, -0.00102790480014, -0.000438936607679, -0.00136500806548, -0.00137953343801, 0.00235666055232, -0.00160794565454, -0.00084930943558, 0.000567302922718, -0.000173452528543, 0.00159826129675, -0.00375694455579, 0.0107632167637]]
    },
    "spectral_contrast_coeffs": {
        "max": [-0.395669519901, -0.374874830246, -0.426516234875, -0.529510378838, -0.611644089222, -0.577946126461],
        "mean": [-0.655356228352, -0.70181196928, -0.691684961319, -0.748248398304, -0.749388873577, -0.722242116928],
        "min": [-0.938362538815, -0.890752494335, -0.882467985153, -0.912107169628, -0.877792954445, -0.859410583973],
        "stdev": [0.0710813775659, 0.082913056016, 0.0775856971741, 0.0628356859088, 0.0507070682943, 0.0520267523825]
    },
    "spectral_contrast_valleys": {
        "max": [-4.92008399963, -5.12784385681, -5.55040550232, -6.02194881439, -6.5870757103, -7.76631069183],
        "mean": [-6.67439889908, -6.68044805527, -7.72298955917, -8.17119979858, -8.84089374542, -11.4364118576],
        "min": [-9.2374420166, -8.49259853363, -10.8159360886, -10.716711998, -11.2895374298, -13.9036397934],
        "stdev": [0.680056035519, 0.54634475708, 0.839841187, 0.78911948204, 0.833872795105, 1.10596680641]
    }
},
"rhythm": {
    "beats_count": 98,
    "beats_loudness": {
        "max": 0.148408815265,
        "mean": 0.0631657764316,
        "min": 0.0183960404247,
        "stdev": 0.0298342779279
    },
    "bpm": 178.205841064,
    "bpm_histogram_first_peak_bpm": 178,
    "bpm_histogram_first_peak_weight": 0,
    "bpm_histogram_second_peak_bpm": 185,
    "bpm_histogram_second_peak_spread": 0,
    "bpm_histogram_second_peak_weight": 0.391752570868,
    "danceability": 1.31551849842,
    "onset_rate": 3.19921851158,
    "beats_loudness_band_ratio": {
        "max": [0.977339565754, 0.520497381687, 0.800267457962, 0.689549207687, 0.316160708666, 0.0558859966695],
        "mean": [0.561923921108, 0.108338482678, 0.227241948247, 0.108983136714, 0.0298478230834, 0.00842572841793],
        "min": [0.0147532243282, 0.00722618680447, 0.00404618354514, 0.000755013839807, 0.000210396479815, 6.17023906671e-05],
        "stdev": [0.253928780556, 0.0989114940166, 0.177880555391, 0.12714831531, 0.0426697060466, 0.0114595852792]
    },
