{
"metadata": {
    "version": {
        "essentia": "2.1-beta5",
        "essentia_git_sha": "Undefined",
        "extractor": "music 2.0"
    },
    "audio_properties": {
        "analysis": {
            "equal_loudness": 0,
            "length": 48.7502937317,
            "sample_rate": 44100,
            "start_time": 110.248344421,
            "downmix": "mix"
        },
        "bit_rate": 192000,
        "length": 197.694702148,
        "lossless": 0,
        "number_channels": 2,
        "replay_gain": -9.25781059265,
        "sample_rate": 48000,
        "codec": "mp3",
        "md5_encoded": "b6c76c848f835415956deaaed43958b0"
    },
    "tags": {
        "file_name": "Ireland_What_s Another Year_Johnny Logan.mp3",
        "encoding": ["Lavf58.29.100"]
    }
},
"lowlevel": {
    "average_loudness": 0.966025650501,
    "barkbands_crest": {
        "max": 25.6958694458,
        "mean": 9.23822879791,
        "min": 2.63584756851,
        "stdev": 4.31120729446
    },
    "barkbands_flatness_db": {
        "max": 0.34147259593,
        "mean": 0.160412475467,
        "min": 0.0710633993149,
        "stdev": 0.0394189693034
    },
    "barkbands_kurtosis": {
        "max": 119.820617676,
        "mean": 3.24943447113,
        "min": -1.85345184803,
        "stdev": 6.768491745
    },
    "barkbands_skewness": {
        "max": 8.64682006836,
        "mean": 1.36069512367,
        "min": -3.34071326256,
        "stdev": 1.11350655556
    },
    "barkbands_spread": {
        "max": 79.9738006592,
        "mean": 21.570350647,
        "min": 1.02157247066,
        "stdev": 11.8172245026
    },
    "dissonance": {
        "max": 0.49921220541,
        "mean": 0.45100992918,
        "min": 0.268705159426,
        "stdev": 0.0343186855316
    },
    "dynamic_complexity": 2.09469437599,
    "erbbands_crest": {
        "max": 28.6329078674,
        "mean": 9.54574108124,
        "min": 2.65372920036,
        "stdev": 4.47165632248
    },
    "erbbands_flatness_db": {
        "max": 0.353531479836,
        "mean": 0.204153299332,
        "min": 0.111183606088,
        "stdev": 0.0388390757143
    },
    "erbbands_kurtosis": {
        "max": 39.4031867981,
        "mean": 0.784780442715,
        "min": -1.76030790806,
        "stdev": 3.38529443741
    },
    "erbbands_skewness": {
        "max": 5.35535383224,
        "mean": 0.460058897734,
        "min": -3.55669951439,
        "stdev": 1.01310479641
    },
    "erbbands_spread": {
        "max": 103.204124451,
        "mean": 36.9864845276,
        "min": 3.41612386703,
        "stdev": 15.4966259003
    },
    "hfc": {
        "max": 185.301620483,
        "mean": 23.4518356323,
        "min": 0.279311031103,
        "stdev": 19.3340435028
    },
    "loudness_ebu128": {
        "integrated": -14.9620447159,
        "loudness_range": 3.40152931213,
        "momentary": {
            "max": -12.2584838867,
            "mean": -15.7213945389,
            "min": -28.4864902496,
            "stdev": 2.89295148849
        },
        "short_term": {
            "max": -13.4020347595,
            "mean": -15.3114595413,
            "min": -23.9059295654,
            "stdev": 1.70512640476
        }
    },
    "melbands_crest": {
        "max": 32.3227844238,
        "mean": 12.2167406082,
        "min": 3.28999137878,
        "stdev": 4.98068284988
    },
    "melbands_flatness_db": {
        "max": 0.37857952714,
        "mean": 0.171611472964,
        "min": 0.0617430992424,
        "stdev": 0.0510824918747
    },
    "melbands_kurtosis": {
        "max": 138.040847778,
        "mean": 9.53491210938,
        "min": -1.81599605083,
        "stdev": 12.3255338669
    },
    "melbands_skewness": {
        "max": 10.1561164856,
        "mean": 2.21205329895,
        "min": -0.806031107903,
        "stdev": 1.23263728619
    },
    "melbands_spread": {
        "max": 191.481231689,
        "mean": 28.3957920074,
        "min": 1.17216610909,
        "stdev": 24.2858467102
    },
    "pitch_salience": {
        "max": 0.854076802731,
        "mean": 0.567191123962,
        "min": 0.107545562088,
        "stdev": 0.110733762383
    },
    "silence_rate_20dB": {
        "max": 1,
        "mean": 1,
        "min": 1,
        "stdev": 0
    },
    "silence_rate_30dB": {
        "max": 1,
        "mean": 1,
        "min": 1,
        "stdev": 0
    },
    "silence_rate_60dB": {
        "max": 1,
        "mean": 0.0518800579011,
        "min": 0,
        "stdev": 0.221785888076
    },
    "spectral_centroid": {
        "max": 5100.6015625,
        "mean": 1537.99145508,
        "min": 320.115997314,
        "stdev": 802.611206055
    },
    "spectral_complexity": {
        "max": 43,
        "mean": 17.5778198242,
        "min": 0,
        "stdev": 7.0617389679
    },
    "spectral_decrease": {
        "max": -7.24611065595e-11,
        "mean": -5.06984454418e-09,
        "min": -2.33924826176e-08,
        "stdev": 2.77359224476e-09
    },
    "spectral_energy": {
        "max": 0.0918600261211,
        "mean": 0.0212618689984,
        "min": 0.000298819504678,
        "stdev": 0.0113122090697
    },
    "spectral_energyband_high": {
        "max": 0.0266007762402,
        "mean": 0.00132077222224,
        "min": 2.33040418607e-06,
        "stdev": 0.00248268269934
    },
    "spectral_energyband_low": {
        "max": 0.0337243676186,
        "mean": 0.00174270756543,
        "min": 7.39663255445e-06,
        "stdev": 0.00316107203253
    },
    "spectral_energyband_middle_high": {
        "max": 0.0319749973714,
        "mean": 0.00578483287245,
        "min": 3.02871849271e-05,
        "stdev": 0.00497606396675
    },
    "spectral_energyband_middle_low": {
        "max": 0.081291295588,
        "mean": 0.013344373554,
        "min": 0.000208372133784,
        "stdev": 0.00875774305314
    },
    "spectral_entropy": {
        "max": 8.34795951843,
        "mean": 7.3234539032,
        "min": 5.63808631897,
        "stdev": 0.371650874615
    },
    "spectral_flux": {
        "max": 0.227188408375,
        "mean": 0.0741975829005,
        "min": 0.00690711569041,
        "stdev": 0.0351352132857
    },
    "spectral_kurtosis": {
        "max": 24.2583236694,
        "mean": 3.21847820282,
        "min": -1.01674151421,
        "stdev": 2.77666044235
    },
    "spectral_rms": {
        "max": 0.00946675986052,
        "mean": 0.00435988837853,
        "min": 0.000539936299901,
        "stdev": 0.00131709419657
    },
    "spectral_rolloff": {
        "max": 8979.34570312,
        "mean": 1892.2076416,
        "min": 172.265625,
        "stdev": 1520.42883301
    },
    "spectral_skewness": {
        "max": 3.53714704514,
        "mean": 1.25320827961,
        "min": -0.200926229358,
        "stdev": 0.503051698208
    },
    "spectral_spread": {
        "max": 8314964,
        "mean": 4093215,
        "min": 2013324.75,
        "stdev": 1122225.25
    },
    "spectral_strongpeak": {
        "max": 15.0999269485,
        "mean": 1.42100715637,
        "min": 0.00944095943123,
        "stdev": 1.63813948631
    },
    "zerocrossingrate": {
        "max": 0.31494140625,
        "mean": 0.0704168528318,
        "min": 0.01171875,
        "stdev": 0.0367756485939
    },
    "barkbands": {
        "max": [0.000386937375879, 0.00666093500331, 0.0229360163212, 0.0407329574227, 0.0619008615613, 0.0377631299198, 0.0210626181215, 0.0243597812951, 0.0254494585097, 0.0183213036507, 0.0181739907712, 0.018062248826, 0.0133855296299, 0.0112646780908, 0.00750226387754, 0.0142364846542, 0.00994829740375, 0.00542181357741, 0.00460288859904, 0.00649514142424, 0.00840132776648, 0.00710002006963, 0.00617934111506, 0.00971873290837, 0.002179130679, 1.55209036166e-05, 1.93372738977e-06],
        "mean": [8.55838970892e-06, 0.000339644320775, 0.000789090525359, 0.00145964720286, 0.00333441165276, 0.00297798588872, 0.00209914473817, 0.00158525805455, 0.00120829348452, 0.00111746764742, 0.000693485373631, 0.000722555152606, 0.000546153169125, 0.000469788443297, 0.000327166548232, 0.00044608436292, 0.000627273053396, 0.000332938623615, 0.00048104437883, 0.000667581160087, 0.000505781150423, 0.000152482665726, 0.000131660199258, 0.000198426525458, 3.98106094508e-05, 1.74249734641e-07, 1.90411242329e-09],
        "min": [6.0100404653e-09, 1.20246318147e-06, 4.54042378806e-07, 1.52089819494e-06, 1.00469114841e-05, 5.10916720486e-07, 8.33095555208e-07, 3.97771088956e-07, 4.4919447646e-06, 1.13335363494e-06, 1.67094114545e-07, 4.14284556882e-07, 5.22990433183e-07, 2.85095637764e-07, 2.98211574545e-07, 7.42791939956e-07, 3.63230583389e-07, 2.47084955163e-07, 4.43907538283e-07, 7.39051642995e-07, 8.20097909582e-07, 3.45243961419e-07, 2.70101793376e-07, 1.49231496493e-07, 6.10541945889e-08, 2.04754841554e-11, 1.9369920598e-11],
        "stdev": [2.13801977225e-05, 0.000606851361226, 0.00157122500241, 0.00304051791318, 0.00410160096362, 0.00472700642422, 0.0025068637915, 0.00233566411771, 0.00224996265024, 0.00176978344098, 0.00156709656585, 0.00149205164053, 0.00113804347347, 0.000877268146724, 0.000520842149854, 0.000926232314669, 0.00109261041507, 0.000530373654328, 0.00065037724562, 0.000966368010268, 0.00100086117163, 0.000485042488435, 0.000392248359276, 0.000728461600374, 0.000123292295029, 5.99867576057e-07, 4.31690310165e-08]
    },
    "erbbands": {
        "max": [0.122909709811, 1.6341971159, 17.4733219147, 79.2991104126, 180.857650757, 181.565322876, 214.916931152, 485.787475586, 352.457611084, 454.40045166, 680.919128418, 687.837341309, 652.608520508, 654.972717285, 660.675720215, 699.736633301, 541.539733887, 664.663879395, 302.502105713, 457.262817383, 748.697753906, 386.744567871, 388.081054688, 252.973266602, 325.323730469, 433.337982178, 427.160522461, 329.020507812, 254.476226807, 253.777542114, 169.322219849, 295.841217041, 157.69569397, 49.4177742004, 1.48307192326, 0.0623499304056, 0.0687357485294, 0.00416817469522, 0.000290593976388, 0.000125173246488],
        "mean": [0.00395011203364, 0.105104282498, 0.788261771202, 3.02290487289, 8.05844306946, 10.8342504501, 17.9773769379, 24.9632892609, 26.7879199982, 37.3527030945, 34.3622550964, 25.4528522491, 44.504650116, 25.3159580231, 27.7763061523, 32.7444953918, 24.5783863068, 30.2600631714, 13.5338468552, 22.8873157501, 30.753288269, 27.7128124237, 22.5382232666, 18.1688671112, 29.3929347992, 33.1361999512, 27.3563861847, 11.4315509796, 5.69799566269, 4.62979507446, 3.72089362144, 4.22783899307, 2.9987783432, 0.902844488621, 0.0256158001721, 0.00118594965898, 0.000793737068307, 7.30460160412e-05, 1.90674709302e-05, 2.81616594293e-05],
        "min": [5.10879726789e-05, 0.000372059643269, 0.00177049741615, 0.00560322916135, 0.0131096849218, 0.0390435308218, 0.0358308590949, 0.0358498468995, 0.0115530351177, 0.0503136739135, 0.14703476429, 0.34293782711, 0.0899225696921, 0.0429037436843, 0.0347081311047, 0.0348921231925, 0.0699506923556, 0.0676418468356, 0.0210984069854, 0.0692876577377, 0.0423665381968, 0.0219445060939, 0.0177472215146, 0.023026553914, 0.0253833923489, 0.0442072935402, 0.0361877530813, 0.0275783669204, 0.0117221372202, 0.00880082324147, 0.00783225242049, 0.00425477745011, 0.00242034485564, 0.00112920056563, 3.32229283231e-05, 2.72273655355e-06, 9.54808001552e-07, 1.96544860387e-07, 7.38038863801e-07, 7.91671311617e-07],
        "stdev": [0.00612577982247, 0.186880484223, 1.4355019331, 6.45838451385, 13.7455339432, 13.8527565002, 24.3084049225, 49.187297821, 33.7686691284, 50.5992584229, 54.077293396, 45.0682907104, 67.0858383179, 47.7628669739, 56.4832000732, 60.1623954773, 44.1083831787, 52.6969833374, 19.4167461395, 39.8753662109, 53.3738937378, 44.8978729248, 36.4305648804, 24.4122924805, 42.1929283142, 50.0308609009, 51.5861625671, 22.3909702301, 17.3983287811, 15.8658847809, 10.4460487366, 17.1607379913, 10.3122825623, 2.73434305191, 0.0780440345407, 0.00352431228384, 0.00267797801644, 0.000212764745811, 2.24850318773e-05, 1.61543666763e-05]
    },
    "gfcc": {
        "mean": [-18.9419898987, 109.635169983, -158.497406006, 41.3129272461, -90.2137832642, 4.43033742905, -44.825088501, -5.02117490768, -16.0778160095, -19.067615509, 3.24766087532, -22.2638683319, 2.32789707184],
        "cov": [[2646.65039062, -300.88369751, -447.062438965, 526.183227539, 50.234828949, -152.866165161, 95.1774902344, -141.849029541, -187.034347534, -19.2899417877, -21.210401535, -34.8383865356, -57.5571212769], [-300.88369751, 760.826843262, -56.3183441162, -125.681861877, 214.048751831, -99.1021194458, 20.3811416626, -87.4011001587, 52.3138122559, -101.62273407, 56.824180603, -36.4172744751, 13.1841421127], [-447.062438965, -56.3183441162, 693.28515625, 60.5523338318, -120.280448914, 221.743087769, -155.725189209, 16.2151489258, 59.1211509705, 23.134765625, -120.221138, 35.5810241699, -22.0275440216], [526.183227539, -125.681861877, 60.5523338318, 493.906646729, 79.4409637451, -33.4635810852, -0.183726772666, -99.2091827393, 48.7468490601, 34.4597358704, -109.263114929, -39.4638137817, -22.2628726959], [50.234828949, 214.048751831, -120.280448914, 79.4409637451, 231.061813354, -75.2436141968, -15.1189632416, -2.6088745594, 14.0004940033, -32.5439071655, 4.5717625618, -39.9809951782, 1.55577087402], [-152.866165161, -99.1021194458, 221.743087769, -33.4635810852, -75.2436141968, 265.98034668, 44.6587905884, 6.92602539062, 10.9461393356, 40.4202880859, -55.5355148315, 8.95222854614, -38.0801315308], [95.1774902344, 20.3811416626, -155.725189209, -0.183726772666, -15.1189632416, 44.6587905884, 221.578811646, -13.5392866135, -36.0623893738, 3.95163226128, 18.2837333679, -23.1976852417, -9.42910575867], [-141.849029541, -87.4011001587, 16.2151489258, -99.2091827393, -2.6088745594, 6.92602539062, -13.5392866135, 157.495040894, -2.0237967968, -3.18047738075, 6.75204324722, -1.70012044907, 0.72468495369], [-187.034347534, 52.3138122559, 59.1211509705, 48.7468490601, 14.0004940033, 10.9461393356, -36.0623893738, -2.0237967968, 142.481826782, 42.6899261475, -44.6475639343, -17.8989658356, -0.543972015381], [-19.2899417877, -101.62273407, 23.134765625, 34.4597358704, -32.5439071655, 40.4202880859, 3.95163226128, -3.18047738075, 42.6899261475, 111.20349884, 3.0350561142, -8.48172950745, -21.084526062], [-21.210401535, 56.824180603, -120.221138, -109.263114929, 4.5717625618, -55.5355148315, 18.2837333679, 6.75204324722, -44.6475639343, 3.0350561142, 140.697357178, 44.9373207092, 4.70039129257], [-34.8383865356, -36.4172744751, 35.5810241699, -39.4638137817, -39.9809951782, 8.95222854614, -23.1976852417, -1.70012044907, -17.8989658356, -8.48172950745, 44.9373207092, 86.0228652954, 35.5251731873], [-57.5571212769, 13.1841421127, -22.0275440216, -22.2628726959, 1.55577087402, -38.0801315308, -9.42910575867, 0.72468495369, -0.543972015381, -21.084526062, 4.70039129257, 35.5251731873, 78.1511993408]],
        "icov": [[0.000843286165036, -0.000491111364681, 0.00122114061378, -0.00156493391842, 0.00111028016545, -0.000623500847723, 0.000924647320062, -0.000503789051436, 0.00159397837706, -0.000120041491755, 0.000381775200367, -0.000360196543625, 0.00051210692618], [-0.000491111364681, 0.00622475100681, -0.00410087034106, 0.00513355433941, -0.00728189572692, 0.00375001807697, -0.00463813124225, 0.00612386362627, -0.00542748067528, 0.00412505446002, -0.00252901343629, 0.00193463626783, 0.000598339363933], [0.00122114061378, -0.00410087034106, 0.00738870538771, -0.00563020119444, 0.00688297022134, -0.0061404327862, 0.00680211093277, -0.00461252313107, 0.00434929179028, -0.00130023539532, 0.00247986218892, -0.00189996359404, 0.000198298526811], [-0.00156493391842, 0.00513355433941, -0.00563020119444, 0.0101145878434, -0.00897971726954, 0.00641515897587, -0.00639731343836, 0.00720784813166, -0.00564056402072, 0.000349287205609, 0.00260024378076, -0.0013423768105, 0.00225056102499], [0.00111028016545, -0.00728189572692, 0.00688297022134, -0.00897971726954, 0.0159397311509, -0.00621058605611, 0.00805993378162, -0.00805713608861, 0.00566666340455, -0.00109873653855, -0.000622519175522, 0.00284940865822, -0.00238300184719], [-0.000623500847723, 0.00375001807697, -0.0061404327862, 0.00641515897587, -0.00621058605611, 0.0125883705914, -0.00818519387394, 0.00447753118351, -0.00284019391984, -0.00169542361982, 0.00472180964425, -0.00511665316299, 0.00579801993445], [0.000924647320062, -0.00463813124225, 0.00680211093277, -0.00639731343836, 0.00805993378162, -0.00818519387394, 0.0124905342236, -0.00475407810882, 0.00558428233489, -0.00113453983795, -0.00121533172205, 0.00335991196334, -0.00276085711084], [-0.000503789051436, 0.00612386362627, -0.00461252313107, 0.00720784813166, -0.00805713608861, 0.00447753118351, -0.00475407810882, 0.0136346733198, -0.00510973203927, 0.00314038922079, -0.00120738451369, 0.00182496418711, 0.00104591972195], [0.00159397837706, -0.00542748067528, 0.00434929179028, -0.00564056402072, 0.00566666340455, -0.00284019391984, 0.00558428233489, -0.00510973203927, 0.0163087453693, -0.00818741507828, 0.00599196413532, -0.00199406710453, -0.000616292178165], [-0.000120041491755, 0.00412505446002, -0.00130023539532, 0.000349287205609, -0.00109873653855, -0.00169542361982, -0.00113453983795, 0.00314038922079, -0.00818741507828, 0.0172097347677, -0.00800494570285, 0.00582894589752, 0.000396308372729], [0.000381775200367, -0.00252901343629, 0.00247986218892, 0.00260024378076, -0.000622519175522, 0.00472180964425, -0.00121533172205, -0.00120738451369, 0.00599196413532, -0.00800494570285, 0.0213138777763, -0.0159305278212, 0.00816688966006], [-0.000360196543625, 0.00193463626783, -0.00189996359404, -0.0013423768105, 0.00284940865822, -0.00511665316299, 0.00335991196334, 0.00182496418711, -0.00199406710453, 0.00582894589752, -0.0159305278212, 0.0298240166157, -0.0147112309933], [0.00051210692618, 0.000598339363933, 0.000198298526811, 0.00225056102499, -0.00238300184719, 0.00579801993445, -0.00276085711084, 0.00104591972195, -0.000616292178165, 0.000396308372729, 0.00816688966006, -0.0147112309933, 0.0225974433124]]
    },
    "melbands": {
        "max": [0.00150079559535, 0.00678979698569, 0.0141130648553, 0.0157102793455, 0.00670794118196, 0.00932992901653, 0.00474413391203, 0.00468417955562, 0.00543448748067, 0.00381432636641, 0.00322876684368, 0.00291984691285, 0.0029196839314, 0.00262173637748, 0.00224413559772, 0.00145052734297, 0.00126965041272, 0.000485823955387, 0.000635846401565, 0.000907516747247, 0.000726874626707, 0.000494176172651, 0.000502757902723, 0.000256749481196, 0.000260285451077, 0.000204561409191, 0.000335874326993, 0.000400737015298, 0.0004161792167, 0.000222892253078, 0.000210595899262, 0.000161340882187, 0.000179594542715, 0.00014061848924, 8.53566962178e-05, 0.000145689875353, 0.00020731636323, 0.000149410319864, 7.68375830376e-05, 2.55986651609e-05],
        "mean": [6.15300668869e-05, 0.000334597221809, 0.000682014971972, 0.000676758529153, 0.00060379889328, 0.000563204986975, 0.000429385021562, 0.000388586748159, 0.000262072193436, 0.000165431047208, 0.000220200468902, 9.6015734016e-05, 9.62601116044e-05, 8.30010612844e-05, 6.6340486228e-05, 5.49393516849e-05, 5.5954013078e-05, 1.97798344743e-05, 2.47690695687e-05, 3.18409911415e-05, 4.03992416977e-05, 3.20177641697e-05, 2.37416570599e-05, 1.59301343956e-05, 1.38383384183e-05, 1.91219496628e-05, 2.3520016839e-05, 2.10858543142e-05, 1.82300573215e-05, 1.25657961689e-05, 4.83386202177e-06, 3.22360597238e-06, 2.73863679467e-06, 2.47894217864e-06, 2.05221545002e-06, 2.30257433032e-06, 2.6843026717e-06, 2.16994476432e-06, 1.76885976089e-06, 3.67995312445e-07],
        "min": [4.43753719992e-07, 7.41986752928e-07, 9.67844698607e-07, 1.88072215224e-06, 9.66759671428e-07, 8.94664538009e-07, 1.52911994178e-07, 2.00715689402e-07, 2.50515370226e-07, 7.00798750586e-07, 1.99854554239e-07, 6.16530826392e-08, 3.10189278707e-08, 3.40853425485e-08, 9.54690122512e-08, 9.48527585365e-08, 3.16465325056e-08, 2.03834815693e-08, 3.14937018686e-08, 6.27236929063e-08, 2.11581667742e-08, 1.67594915723e-08, 8.27651902569e-09, 1.1597721894e-08, 1.3380200059e-08, 1.77178165472e-08, 1.7600388702e-08, 1.65474496328e-08, 2.18510809447e-08, 1.8336514529e-08, 1.1056291882e-08, 5.88105653065e-09, 5.44239986411e-09, 3.94723098651e-09, 4.90680918119e-09, 3.34737215724e-09, 2.07084549508e-09, 1.35581934568e-09, 1.59298507718e-09, 3.01927649549e-10],
        "stdev": [0.000102652367787, 0.000582692387979, 0.00119849550538, 0.000940962461755, 0.000738837348763, 0.00102294469252, 0.000507701886818, 0.000513053324539, 0.000435228925198, 0.000298895145534, 0.000336671480909, 0.000201156319235, 0.000214254891034, 0.000179727110662, 0.000133901296067, 0.000110421526188, 0.000102733079984, 3.46846973116e-05, 4.0204711695e-05, 6.41457227175e-05, 7.50416147639e-05, 5.66222224734e-05, 4.44757279183e-05, 2.74631802313e-05, 2.25427047553e-05, 2.89439503831e-05, 3.60796475434e-05, 3.69392473658e-05, 3.86634055758e-05, 2.48891956289e-05, 1.1477712178e-05, 9.83280369837e-06, 1.00017423392e-05, 8.56606948219e-06, 5.32902640771e-06, 8.02774866315e-06, 1.16907185657e-05, 8.08350978332e-06, 5.39008397027e-06, 1.19507637919e-06]
    },
    "melbands128": {
        "max": [0.000361432641512, 0.000775932858232, 0.00178977835458, 0.00327611668035, 0.00827748142183, 0.0130934305489, 0.0167090594769, 0.0200746785849, 0.0211299359798, 0.0231975223869, 0.008037221618, 0.00843296945095, 0.0098008159548, 0.0168707370758, 0.0144778518006, 0.0158953685313, 0.011634898372, 0.00549840182066, 0.00752593297511, 0.00851183570921, 0.00585910398513, 0.00605416670442, 0.00994003284723, 0.0103355422616, 0.00864295847714, 0.00593945290893, 0.00726960133761, 0.00613500550389, 0.00582518009469, 0.0055376123637, 0.00475394772366, 0.00455826148391, 0.00603690324351, 0.00389012065716, 0.00564729887992, 0.00519744027406, 0.00398755958304, 0.0045680901967, 0.00237768050283, 0.00228487839922, 0.00298017892055, 0.00275048241019, 0.00291931862012, 0.0020260673482, 0.000892321695574, 0.000948402739596, 0.000966243795119, 0.000557723280508, 0.00173867691774, 0.00165168079548, 0.00201129191555, 0.00238700862974, 0.001137413783, 0.00175202905666, 0.00147593591828, 0.000972128473222, 0.000755674496759, 0.00146656611469, 0.000750410719775, 0.00103535992093, 0.000425398728112, 0.000300278683426, 0.000357552838977, 0.000488042569486, 0.000348741363268, 0.000282186694676, 0.000638832862023, 0.000504065712448, 0.000704604899511, 0.000609648297541, 0.000803674047347, 0.000620533886831, 0.00051638885634, 0.000778291607276, 0.000527314958163, 0.000462223310024, 0.000228065386182, 0.000176216039108, 0.000227879427257, 0.000214841827983, 0.000264830130618, 0.000164438999491, 0.000258445274085, 0.000192426305148, 0.000134117435664, 0.000213220715523, 0.000162234951858, 8.70265503181e-05, 9.65938452282e-05, 0.000116253606393, 0.000209526522667, 0.000173128501046, 0.000234179809922, 0.00033406415605, 0.000176887755515, 0.000176745365025, 0.000192464518477, 0.00014958398242, 0.000102160454844, 8.1616017269e-05, 6.91291643307e-05, 3.01564142546e-07, 2.04692671701e-08, 1.83119102104e-08, 1.68139191459e-08, 1.56471280377e-08, 1.46950602797e-08, 1.38624445256e-08, 1.31626372024e-08, 1.25262928918e-08, 1.19445173752e-08, 2.97960056628e-08, 6.11805546669e-07, 1.68273544432e-07, 4.41241070348e-08, 9.67161639664e-09, 9.37234645448e-09, 9.08288644297e-09, 8.81190675983e-09, 8.58464321851e-09, 8.34918889581e-09, 8.16600032039e-09, 7.98956190096e-09, 7.84986387004e-09, 7.73002550858e-09, 7.63002105941e-09, 7.56412354974e-09, 7.52132311987e-09],
        "mean": [6.34055732007e-06, 1.97983936232e-05, 4.93860607094e-05, 0.000203702133149, 0.000352912175003, 0.00039531107177, 0.000552006531507, 0.000800461333711, 0.000862224609591, 0.000651070731692, 0.000566734175663, 0.000619639875367, 0.000674341223203, 0.000503365998156, 0.000530170626007, 0.00067593017593, 0.000453622837085, 0.000325764936861, 0.00046527577797, 0.000489140918944, 0.000279727886664, 0.000285104266368, 0.000317560567055, 0.000162960015587, 0.000124752928969, 0.000148065752001, 0.000290885567665, 0.000287859671516, 8.97056379472e-05, 0.00010825926438, 8.1794023572e-05, 0.000104521954199, 0.000114027810923, 7.97002649051e-05, 5.94646553509e-05, 9.26786888158e-05, 0.000113318179501, 4.83407966385e-05, 6.04777196713e-05, 4.28729508712e-05, 5.01201539009e-05, 7.972621097e-05, 5.61045490031e-05, 5.66047528991e-05, 1.28181582113e-05, 1.62959768204e-05, 2.02246264962e-05, 1.92810584849e-05, 2.59163298324e-05, 4.29380997957e-05, 2.85609839921e-05, 2.89191066258e-05, 2.50759785558e-05, 5.48016796529e-05, 5.74720579607e-05, 2.12567101698e-05, 1.58754555741e-05, 3.23413914884e-05, 1.95654338313e-05, 2.45061073656e-05, 1.58093298523e-05, 8.30854696687e-06, 1.56062251335e-05, 1.57795730047e-05, 1.11947338155e-05, 1.80913248187e-05, 2.51505789493e-05, 2.24201157835e-05, 1.93590039999e-05, 3.28831993102e-05, 1.67648995557e-05, 2.11673268495e-05, 1.71643841895e-05, 1.75024379132e-05, 1.70121002157e-05, 1.85017470358e-05, 7.74316504248e-06, 4.90459569846e-06, 4.95481253893e-06, 3.73023158318e-06, 3.63642175216e-06, 2.6953134693e-06, 2.89473382509e-06, 2.78336437987e-06, 2.58000500253e-06, 2.62271191787e-06, 2.61061541096e-06, 1.88515184618e-06, 2.11901397051e-06, 1.96661972041e-06, 2.07847938327e-06, 2.2903154786e-06, 2.93691118713e-06, 2.73505315818e-06, 2.59288322013e-06, 2.26676161219e-06, 2.07599123314e-06, 2.0157876861e-06, 1.94099175133e-06, 1.74283422893e-06, 7.78179298777e-07, 6.25568086221e-09, 5.68588683081e-11, 2.58237251027e-11, 1.83238389739e-11, 1.65514112832e-11, 1.53130286229e-11, 1.43470157629e-11, 1.36828577982e-11, 1.3200130225e-11, 1.40199648765e-11, 2.17337148278e-10, 5.04351183039e-09, 3.35882166524e-09, 6.05583694302e-10, 1.4262058548e-11, 9.30619383638e-12, 8.96319216764e-12, 8.6935068519e-12, 8.45248263742e-12, 8.22388684929e-12, 8.04023774642e-12, 7.89697994497e-12, 7.71870501542e-12, 7.57147382985e-12, 7.42409345805e-12, 7.33051033069e-12, 7.28432331815e-12],
        "min": [1.21836526978e-10, 7.30031644025e-08, 2.10427060665e-07, 1.33878572228e-07, 1.97269372393e-07, 2.81061147689e-07, 1.55347208874e-07, 4.3546026518e-07, 2.06185390539e-07, 5.56944485197e-07, 3.94068337073e-07, 8.79158164935e-07, 2.13829650875e-07, 1.38783548209e-07, 4.60544562486e-08, 1.83297466094e-08, 1.09934283898e-07, 1.08872512783e-07, 1.55062934937e-07, 1.0533992878e-07, 6.34202876881e-08, 4.53676207712e-08, 1.12273887964e-07, 1.18928490167e-07, 1.33792894985e-07, 4.12658494042e-08, 1.01663800933e-07, 4.19210124392e-08, 2.15379998281e-08, 9.5598524652e-09, 1.80651582582e-08, 1.18482796907e-08, 3.90626198055e-09, 2.28911933853e-09, 4.31759250574e-09, 1.6146087134e-08, 1.7428362753e-08, 1.81920061237e-08, 2.07322070622e-08, 2.18673346097e-08, 1.74800156572e-08, 3.20894457673e-08, 1.44120013701e-08, 1.17599840976e-09, 3.92810717287e-09, 8.61563798082e-09, 1.27356081236e-08, 1.23045718059e-09, 2.25698348899e-09, 6.87019152679e-08, 5.74451419766e-09, 1.09507940493e-08, 1.85043003142e-08, 6.84607392998e-09, 2.56639265395e-09, 2.84153345298e-09, 1.11479891984e-09, 8.34400015748e-09, 2.49774401162e-09, 5.40319877729e-09, 1.55325508011e-09, 5.51780288127e-10, 4.0479031238e-10, 5.86941073522e-09, 4.21925694383e-09, 6.04128569393e-09, 3.19046411512e-09, 3.58407437062e-09, 2.48410825243e-09, 6.43380904108e-09, 8.16402234705e-09, 1.60898960821e-09, 4.64609772877e-09, 8.12797651406e-09, 7.89344589691e-09, 4.95247931553e-09, 8.85836293207e-10, 3.79960329866e-09, 2.6404316511e-09, 3.40125594356e-09, 2.2864474758e-09, 1.7954435716e-09, 3.69926178578e-09, 1.80740544753e-09, 2.41935782519e-09, 2.6661650665e-09, 3.14965431514e-09, 9.36410615715e-10, 6.04163918894e-09, 2.96259616839e-09, 1.66647595723e-09, 6.4978300518e-10, 2.88423773753e-09, 9.14170572575e-10, 1.2271856864e-09, 1.20123455627e-09, 1.08808495547e-09, 2.29199853541e-10, 9.91221105195e-10, 2.41907494036e-09, 3.30517113678e-10, 3.28827703998e-13, 8.5507813395e-14, 5.54745221385e-14, 4.81206430768e-14, 7.47156581938e-14, 6.54231511088e-14, 6.85453687625e-14, 7.10799691675e-14, 5.916052831e-14, 6.60418917361e-14, 7.76706376624e-14, 1.06340148276e-13, 1.14694020882e-13, 7.43817645823e-14, 6.55195705633e-14, 7.12513747547e-14, 5.86880058982e-14, 6.81084691683e-14, 6.53909299755e-14, 5.81972146797e-14, 6.10867422184e-14, 6.14442307798e-14, 6.05206125015e-14, 3.89735275031e-14, 1.66181104928e-14, 2.36396921766e-15, 8.3297815603e-17],
        "stdev": [1.73905827978e-05, 3.8627837057e-05, 8.77982820384e-05, 0.000389803666621, 0.000678263022564, 0.000839385611471, 0.00146782177035, 0.00156708364375, 0.00168349849992, 0.0011993306689, 0.000856107566506, 0.000878960476257, 0.00108012615237, 0.00112484104466, 0.00133278686553, 0.00164545280859, 0.000906906905584, 0.00053132197354, 0.000795337720774, 0.000858496059664, 0.000590790412389, 0.000572800461669, 0.000676286697853, 0.00051036226796, 0.000415271177189, 0.000391318026232, 0.000631162140053, 0.000529293145519, 0.000259618536802, 0.000331489514792, 0.000223677270696, 0.000322613952449, 0.000343092076946, 0.000228386459639, 0.000276308419416, 0.000264381989837, 0.000250741373748, 0.000206787124625, 0.000181737079402, 0.000114947841212, 0.000174164582859, 0.000216014377656, 0.000138332179631, 0.00014150943025, 4.39138348156e-05, 4.7396402806e-05, 4.25697653554e-05, 4.77184912597e-05, 7.14594716555e-05, 0.000108418927994, 9.09603913897e-05, 9.93720459519e-05, 7.51309125917e-05, 0.000139592200867, 0.000128941042931, 7.03665209585e-05, 4.98297777085e-05, 9.96086528176e-05, 4.09008753195e-05, 7.74668296799e-05, 4.05527935072e-05, 2.10495327337e-05, 3.56582568202e-05, 3.91751236748e-05, 2.79613959719e-05, 3.44309701177e-05, 5.29277531314e-05, 5.44233516848e-05, 4.83994699607e-05, 7.38907765481e-05, 5.15331958013e-05, 5.93424447288e-05, 4.47372840426e-05, 6.23882224318e-05, 4.92966319143e-05, 4.74500448036e-05, 2.21846894419e-05, 1.36411144922e-05, 1.40906167871e-05, 1.0680961168e-05, 1.20703989523e-05, 9.03762429516e-06, 1.24933685584e-05, 1.07264440885e-05, 9.31513932301e-06, 1.11550152724e-05, 8.85891495273e-06, 5.46156070413e-06, 5.17237867825e-06, 5.95384744884e-06, 7.20594789527e-06, 8.9802142611e-06, 1.24004845929e-05, 1.41847358464e-05, 1.16997080113e-05, 9.54141796683e-06, 7.91009006207e-06, 7.30220881451e-06, 6.19816228209e-06, 5.43201485925e-06, 2.82057953882e-06, 2.2505240338e-08, 6.30747509778e-10, 4.5051629094e-10, 3.78644976484e-10, 3.5092395656e-10, 3.28905513935e-10, 3.10087538979e-10, 2.943274513e-10, 2.80010264975e-10, 2.67313560176e-10, 1.16953990936e-09, 2.03919885422e-08, 1.09240172463e-08, 2.29248175998e-09, 2.19192539119e-10, 2.0945377377e-10, 2.02903499558e-10, 1.96792443452e-10, 1.91651791659e-10, 1.8639743915e-10, 1.82259651815e-10, 1.78301637344e-10, 1.75152795046e-10, 1.72470746018e-10, 1.70235367469e-10, 1.68754676899e-10, 1.6779566625e-10]
    },
    "mfcc": {
        "mean": [-635.033203125, 109.719833374, -4.78205394745, 13.2932348251, -8.48386669159, -10.4053649902, -7.40441036224, -7.04866456985, -11.0818815231, -0.0293218549341, -12.3668088913, 0.752639114857, -4.28541517258],
        "cov": [[3245.18066406, -523.487731934, -537.511413574, 541.161132812, -190.581558228, 130.979949951, 132.731964111, -51.6820068359, -83.4135055542, -74.1824417114, -144.508285522, 146.848373413, -77.0378646851], [-523.487731934, 860.717956543, -193.891494751, -120.913833618, 104.982444763, -92.904510498, 6.35274171829, 50.2544174194, -69.1173248291, -21.9801864624, 17.571937561, -66.9081039429, 29.331943512], [-537.511413574, -193.891494751, 772.460021973, -117.901428223, 71.9687194824, 152.685028076, -109.63129425, 6.80496740341, 99.6538238525, -5.50892114639, 27.7420349121, -9.76451015472, -20.0790195465], [541.161132812, -120.913833618, -117.901428223, 449.761779785, 61.93699646, 72.495300293, -49.0890655518, -49.954624176, 41.0387763977, 4.14128875732, -75.6041793823, 60.5262908936, -8.29950523376], [-190.581558228, 104.982444763, 71.9687194824, 61.93699646, 272.540435791, -37.3037719727, -88.8273620605, -2.11901140213, 21.5548686981, 9.71876907349, -1.3618131876, -37.1075630188, 24.7403087616], [130.979949951, -92.904510498, 152.685028076, 72.495300293, -37.3037719727, 287.022521973, -6.30004453659, -21.179643631, 65.6293182373, 10.1869029999, 12.3210935593, 78.5914764404, -54.4979324341], [132.731964111, 6.35274171829, -109.63129425, -49.0890655518, -88.8273620605, -6.30004453659, 194.77520752, 46.164024353, -50.010055542, -12.0764379501, 22.6872062683, -21.8990783691, -5.16295814514], [-51.6820068359, 50.2544174194, 6.80496740341, -49.954624176, -2.11901140213, -21.179643631, 46.164024353, 99.727180481, -0.125462859869, -8.15243530273, -1.90286648273, -29.9445209503, -4.12258243561], [-83.4135055542, -69.1173248291, 99.6538238525, 41.0387763977, 21.5548686981, 65.6293182373, -50.010055542, -0.125462859869, 149.469863892, 52.4465141296, 2.62297415733, 13.4056529999, -20.0197544098], [-74.1824417114, -21.9801864624, -5.50892114639, 4.14128875732, 9.71876907349, 10.1869029999, -12.0764379501, -8.15243530273, 52.4465141296, 104.110122681, 37.7721443176, 4.13201665878, -6.20733165741], [-144.508285522, 17.571937561, 27.7420349121, -75.6041793823, -1.3618131876, 12.3210935593, 22.6872062683, -1.90286648273, 2.62297415733, 37.7721443176, 98.30884552, 21.8193778992, 2.93675923347], [146.848373413, -66.9081039429, -9.76451015472, 60.5262908936, -37.1075630188, 78.5914764404, -21.8990783691, -29.9445209503, 13.4056529999, 4.13201665878, 21.8193778992, 124.407707214, 15.7773303986], [-77.0378646851, 29.331943512, -20.0790195465, -8.29950523376, 24.7403087616, -54.4979324341, -5.16295814514, -4.12258243561, -20.0197544098, -6.20733165741, 2.93675923347, 15.7773303986, 82.462310791]],
        "icov": [[0.000569690426346, 0.000330089242198, 0.000353374955012, -0.000425733771408, 4.06313920394e-05, -0.000140175659908, -0.000248461059527, -9.8767435702e-05, 0.000347763241734, 0.000205659904168, 0.000411914516008, -0.000406306644436, 0.000495651911478], [0.000330089242198, 0.00178492849227, 0.00091269769473, 0.000298713566735, -0.000690709915943, -0.000592747586779, 0.000417880277382, -0.000781816139352, 0.000562915753108, 0.000529275101144, -0.000240735302214, 0.000538475695066, -0.000189607249922], [0.000353374955012, 0.00091269769473, 0.00260589388199, 0.000695346796419, -0.000553104968276, -0.00183304259554, 0.00135542952921, -0.000691778026521, -0.000626695575193, 0.00138440600131, -0.000718504481483, 0.00122126727365, -0.000541230663657], [-0.000425733771408, 0.000298713566735, 0.000695346796419, 0.00436790334061, -0.00190476712305, -0.000762387353461, -0.000239171567955, 0.00116027635522, -0.000842355424538, -0.000766090350226, 0.00332978763618, -0.00174584670458, 0.000168867845787], [4.06313920394e-05, -0.000690709915943, -0.000553104968276, -0.00190476712305, 0.00606153300032, 0.000157507238328, 0.0027575774584, -0.000827834766824, -4.38875285909e-05, 0.000261886685621, -0.00244966940954, 0.00315470458008, -0.00213324208744], [-0.000140175659908, -0.000592747586779, -0.00183304259554, -0.000762387353461, 0.000157507238328, 0.00723647885025, -0.0019977260381, 0.00113266147673, -0.00172446982469, 4.52154454251e-05, 0.000409893633332, -0.00502029759809, 0.00475425040349], [-0.000248461059527, 0.000417880277382, 0.00135542952921, -0.000239171567955, 0.0027575774584, -0.0019977260381, 0.00970195699483, -0.00420031975955, 0.00201872014441, 0.00101230922155, -0.0043737613596, 0.00428179837763, -0.00192209891975], [-9.8767435702e-05, -0.000781816139352, -0.000691778026521, 0.00116027635522, -0.000827834766824, 0.00113266147673, -0.00420031975955, 0.0134095316753, -0.0022419267334, 0.000715512549505, 0.001829900546, 0.000384692946682, 0.000909293768927], [0.000347763241734, 0.000562915753108, -0.000626695575193, -0.000842355424538, -4.38875285909e-05, -0.00172446982469, 0.00201872014441, -0.0022419267334, 0.0113410633057, -0.00558964721859, 0.00152426585555, -0.000299701292533, 0.00111070554703], [0.000205659904168, 0.000529275101144, 0.00138440600131, -0.000766090350226, 0.000261886685621, 4.52154454251e-05, 0.00101230922155, 0.000715512549505, -0.00558964721859, 0.0154822058976, -0.00730195641518, 0.00229924079031, -5.71465134271e-05], [0.000411914516008, -0.000240735302214, -0.000718504481483, 0.00332978763618, -0.00244966940954, 0.000409893633332, -0.0043737613596, 0.001829900546, 0.00152426585555, -0.00730195641518, 0.0188218113035, -0.007082415279, 0.0019592649769], [-0.000406306644436, 0.000538475695066, 0.00122126727365, -0.00174584670458, 0.00315470458008, -0.00502029759809, 0.00428179837763, 0.000384692946682, -0.000299701292533, 0.00229924079031, -0.007082415279, 0.0168344471604, -0.00729479873553], [0.000495651911478, -0.000189607249922, -0.000541230663657, 0.000168867845787, -0.00213324208744, 0.00475425040349, -0.00192209891975, 0.000909293768927, 0.00111070554703, -5.71465134271e-05, 0.0019592649769, -0.00729479873553, 0.0178408585489]]
    },
    "spectral_contrast_coeffs": {
        "max": [-0.372502684593, -0.391529887915, -0.411768317223, -0.546618103981, -0.534079968929, -0.549276232719],
        "mean": [-0.655484974384, -0.700938403606, -0.719720304012, -0.750275731087, -0.728458881378, -0.716142952442],
        "min": [-0.84887611866, -0.897842764854, -0.880003452301, -0.882397770882, -0.86879581213, -0.827100992203],
        "stdev": [0.0780215710402, 0.0785126462579, 0.0731578618288, 0.0552115254104, 0.0691130384803, 0.0460596717894]
    },
    "spectral_contrast_valleys": {
        "max": [-5.26695823669, -4.83348989487, -5.77651071548, -6.36351156235, -5.75333595276, -7.76749801636],
        "mean": [-7.17907905579, -6.70113658905, -7.50886583328, -7.91230535507, -7.85847902298, -10.7764902115],
        "min": [-9.42736434937, -8.9776391983, -10.4551639557, -10.4185943604, -10.378115654, -13.8582372665],
        "stdev": [0.764300882816, 0.652251422405, 0.754606306553, 0.706682562828, 0.756751418114, 0.886455416679]
    }
},
"rhythm": {
    "beats_count": 99,
    "beats_loudness": {
        "max": 0.0581705383956,
        "mean": 0.0252670235932,
        "min": 0.00182743615005,
        "stdev": 0.011125234887
    },
    "bpm": 96.5194168091,
    "bpm_histogram_first_peak_bpm": 96,
    "bpm_histogram_first_peak_weight": 0.588235259056,
    "bpm_histogram_second_peak_bpm": 167,
    "bpm_histogram_second_peak_spread": 0,
    "bpm_histogram_second_peak_weight": 0.102040819824,
    "danceability": 0.99290138483,
    "onset_rate": 2.9736328125,
    "beats_loudness_band_ratio": {
        "max": [0.691241323948, 0.916924595833, 0.92410582304, 0.535795927048, 0.480446368456, 0.941435396671],
        "mean": [0.204803943634, 0.269886314869, 0.30448192358, 0.124000653625, 0.0751127377152, 0.0968517437577],
        "min": [0.00147145823576, 0.00376792531461, 0.0272957701236, 0.00391504121944, 0.00257416884415, 0.00159771135077],
        "stdev": [0.196101024747, 0.200300827622, 0.209434971213, 0.123920358717, 0.0987992882729, 0.161394283175]
    },
