{
"metadata": {
    "version": {
        "essentia": "2.1-beta5",
        "essentia_git_sha": "Undefined",
        "extractor": "music 2.0"
    },
    "audio_properties": {
        "analysis": {
            "equal_loudness": 0,
            "length": 48.7502937317,
            "sample_rate": 44100,
            "start_time": 61.4980506897,
            "downmix": "mix"
        },
        "bit_rate": 192000,
        "length": 149.455245972,
        "lossless": 0,
        "number_channels": 2,
        "replay_gain": -4.85776901245,
        "sample_rate": 48000,
        "codec": "mp3",
        "md5_encoded": "5716e306350783a21a541824cb55d23f"
    },
    "tags": {
        "file_name": "Netherlands_Amsterdam_Maggie MacNeal.mp3",
        "encoding": ["Lavf58.29.100"]
    }
},
"lowlevel": {
    "average_loudness": 0.968950629234,
    "barkbands_crest": {
        "max": 25.2591171265,
        "mean": 10.7328920364,
        "min": 3.40118169785,
        "stdev": 4.54773426056
    },
    "barkbands_flatness_db": {
        "max": 0.353961646557,
        "mean": 0.211265444756,
        "min": 0.0962478071451,
        "stdev": 0.0382831804454
    },
    "barkbands_kurtosis": {
        "max": 64.2407302856,
        "mean": 3.4703309536,
        "min": -1.60673832893,
        "stdev": 6.36029624939
    },
    "barkbands_skewness": {
        "max": 7.24731016159,
        "mean": 1.31145691872,
        "min": -1.23428821564,
        "stdev": 1.15952289104
    },
    "barkbands_spread": {
        "max": 42.7769203186,
        "mean": 14.1482162476,
        "min": 1.30537092686,
        "stdev": 6.92553520203
    },
    "dissonance": {
        "max": 0.499978929758,
        "mean": 0.449434965849,
        "min": 0.26933786273,
        "stdev": 0.0301623102278
    },
    "dynamic_complexity": 1.84403145313,
    "erbbands_crest": {
        "max": 28.3767700195,
        "mean": 10.9343328476,
        "min": 3.19106817245,
        "stdev": 4.68986654282
    },
    "erbbands_flatness_db": {
        "max": 0.33901950717,
        "mean": 0.250645726919,
        "min": 0.141424953938,
        "stdev": 0.0291275270283
    },
    "erbbands_kurtosis": {
        "max": 19.1778469086,
        "mean": 0.453722536564,
        "min": -1.78632330894,
        "stdev": 1.80527377129
    },
    "erbbands_skewness": {
        "max": 3.74716520309,
        "mean": 0.45897385478,
        "min": -1.97727930546,
        "stdev": 0.71874243021
    },
    "erbbands_spread": {
        "max": 93.1408920288,
        "mean": 26.3196868896,
        "min": 5.14868974686,
        "stdev": 10.6261014938
    },
    "hfc": {
        "max": 82.5378646851,
        "mean": 19.9328022003,
        "min": 0.353736013174,
        "stdev": 13.8077821732
    },
    "loudness_ebu128": {
        "integrated": -18.1103725433,
        "loudness_range": 1.73287773132,
        "momentary": {
            "max": -15.5522165298,
            "mean": -18.3338737488,
            "min": -23.070104599,
            "stdev": 1.45026409626
        },
        "short_term": {
            "max": -16.7599220276,
            "mean": -18.1862983704,
            "min": -19.4506092072,
            "stdev": 0.548354625702
        }
    },
    "melbands_crest": {
        "max": 29.4913673401,
        "mean": 13.0889101028,
        "min": 4.55442523956,
        "stdev": 5.06740951538
    },
    "melbands_flatness_db": {
        "max": 0.41507178545,
        "mean": 0.236115649343,
        "min": 0.0965034142137,
        "stdev": 0.0520429499447
    },
    "melbands_kurtosis": {
        "max": 111.82522583,
        "mean": 7.77449607849,
        "min": -1.67633318901,
        "stdev": 11.5091810226
    },
    "melbands_skewness": {
        "max": 8.20653247833,
        "mean": 1.90067958832,
        "min": -0.725106596947,
        "stdev": 1.37077736855
    },
    "melbands_spread": {
        "max": 84.1451797485,
        "mean": 19.3851833344,
        "min": 1.45510959625,
        "stdev": 11.3669176102
    },
    "pitch_salience": {
        "max": 0.841237902641,
        "mean": 0.537998616695,
        "min": 0.156020015478,
        "stdev": 0.110445298254
    },
    "silence_rate_20dB": {
        "max": 1,
        "mean": 1,
        "min": 1,
        "stdev": 0
    },
    "silence_rate_30dB": {
        "max": 1,
        "mean": 1,
        "min": 1,
        "stdev": 0
    },
    "silence_rate_60dB": {
        "max": 0,
        "mean": 0,
        "min": 0,
        "stdev": 0
    },
    "spectral_centroid": {
        "max": 3068.625,
        "mean": 1095.43896484,
        "min": 276.883850098,
        "stdev": 496.441345215
    },
    "spectral_complexity": {
        "max": 46,
        "mean": 18.3393630981,
        "min": 2,
        "stdev": 5.47664451599
    },
    "spectral_decrease": {
        "max": -1.85421900056e-10,
        "mean": -6.97673696592e-09,
        "min": -2.87701720225e-08,
        "stdev": 3.91497367858e-09
    },
    "spectral_energy": {
        "max": 0.110582612455,
        "mean": 0.0281398557127,
        "min": 0.000731910695322,
        "stdev": 0.015566916205
    },
    "spectral_energyband_high": {
        "max": 0.00463805440813,
        "mean": 0.000216228247155,
        "min": 2.51919550465e-06,
        "stdev": 0.000385753897717
    },
    "spectral_energyband_low": {
        "max": 0.0907111167908,
        "mean": 0.00323168048635,
        "min": 1.04820546767e-05,
        "stdev": 0.00646833702922
    },
    "spectral_energyband_middle_high": {
        "max": 0.0547028444707,
        "mean": 0.00851707253605,
        "min": 0.000146503152791,
        "stdev": 0.00915071927011
    },
    "spectral_energyband_middle_low": {
        "max": 0.090958930552,
        "mean": 0.017294190824,
        "min": 0.000297509192023,
        "stdev": 0.0133724277839
    },
    "spectral_entropy": {
        "max": 7.89500379562,
        "mean": 7.08604955673,
        "min": 5.86374378204,
        "stdev": 0.319172412157
    },
    "spectral_flux": {
        "max": 0.283016473055,
        "mean": 0.0819470584393,
        "min": 0.0244955532253,
        "stdev": 0.0393242761493
    },
    "spectral_kurtosis": {
        "max": 22.2357616425,
        "mean": 6.04273605347,
        "min": -0.805953502655,
        "stdev": 4.09831094742
    },
    "spectral_rms": {
        "max": 0.0103867929429,
        "mean": 0.00504514109343,
        "min": 0.00084502028767,
        "stdev": 0.00141422171146
    },
    "spectral_rolloff": {
        "max": 4005.17578125,
        "mean": 1149.36938477,
        "min": 107.666015625,
        "stdev": 627.430847168
    },
    "spectral_skewness": {
        "max": 3.70900154114,
        "mean": 1.48939955235,
        "min": 0.253995507956,
        "stdev": 0.493405818939
    },
    "spectral_spread": {
        "max": 8204038.5,
        "mean": 2589565.25,
        "min": 1718871.75,
        "stdev": 470234.9375
    },
    "spectral_strongpeak": {
        "max": 11.710486412,
        "mean": 1.7829157114,
        "min": 0,
        "stdev": 1.6687990427
    },
    "zerocrossingrate": {
        "max": 0.10986328125,
        "mean": 0.0429445803165,
        "min": 0.00830078125,
        "stdev": 0.0158073343337
    },
    "barkbands": {
        "max": [0.000503971124999, 0.0565904639661, 0.0506809353828, 0.0303061436862, 0.0857095271349, 0.0569439120591, 0.0570787265897, 0.0320171415806, 0.0491801910102, 0.0446683689952, 0.0339948907495, 0.035239957273, 0.0303033739328, 0.0359731726348, 0.016828507185, 0.00761194201186, 0.00882171280682, 0.00825850944966, 0.00680841226131, 0.00575083168224, 0.00151615741197, 0.000660842750221, 0.000197467248654, 0.00012704677647, 2.19572557398e-05, 3.46016690855e-06, 3.74154319616e-06],
        "mean": [1.64926896105e-05, 0.00126168609131, 0.00135254650377, 0.00161390204448, 0.00683353375643, 0.00251533952542, 0.00205565360375, 0.00177643052302, 0.00162112095859, 0.00266023911536, 0.00107107264921, 0.000852215103805, 0.00112603115849, 0.00116139743477, 0.000481927592773, 0.000355170457624, 0.000368276669178, 0.000332976866048, 0.000327192276018, 0.0002635368146, 4.61799318145e-05, 2.51145975199e-05, 1.50726364154e-05, 6.11862924416e-06, 6.06274340953e-07, 2.47424658539e-09, 2.63614219342e-09],
        "min": [2.82205867563e-08, 2.30423415815e-06, 6.5156183382e-07, 6.91640423156e-07, 1.60386207426e-05, 1.86036577361e-05, 3.09709480462e-06, 1.01151053968e-05, 3.00017063637e-06, 6.62452657707e-06, 7.74908949097e-06, 5.67994266021e-06, 1.83591237146e-06, 2.07895413951e-06, 2.64581103693e-06, 6.65336483507e-06, 9.92386958387e-07, 5.15808892487e-07, 1.90245691556e-06, 1.26812460621e-06, 9.10378048502e-07, 6.5176601538e-07, 1.24361875464e-07, 9.24200804775e-09, 2.9914667965e-11, 3.81579212672e-11, 4.80938691649e-11],
        "stdev": [3.64696643373e-05, 0.00335120153613, 0.00326888891868, 0.00291162915528, 0.0101781049743, 0.00398054765537, 0.00474708853289, 0.00299920584075, 0.00398455979303, 0.00485899019986, 0.00219185953029, 0.00211743242107, 0.00269579119049, 0.00276866345666, 0.00128679734189, 0.000552329875063, 0.00065751443617, 0.00058562727645, 0.000589486386161, 0.000477125082398, 8.60670988914e-05, 3.83793558285e-05, 2.05798733077e-05, 9.48842807702e-06, 1.41836335388e-06, 7.54633475708e-08, 8.15996727965e-08]
    },
    "erbbands": {
        "max": [0.765884816647, 16.0117645264, 55.06798172, 56.070854187, 157.962921143, 409.838317871, 475.173492432, 380.089111328, 808.156677246, 866.650817871, 1064.89648438, 1321.70556641, 1147.69995117, 1163.27185059, 1680.86083984, 1464.2043457, 1568.22387695, 1636.94250488, 1774.97546387, 663.172790527, 553.393493652, 435.671813965, 442.945343018, 344.82244873, 264.115081787, 309.972564697, 115.773544312, 53.2713050842, 32.9157981873, 10.6069355011, 7.27017307281, 4.12868881226, 1.14032149315, 0.370874673128, 0.0244563817978, 0.0137057136744, 0.00642476603389, 0.00230342941359, 0.000535067752935, 0.000121182245493],
        "mean": [0.0192190986127, 0.351938605309, 1.46339261532, 3.45955228806, 9.69113254547, 26.8918361664, 28.5792999268, 20.9886131287, 29.9373435974, 33.490978241, 35.3340034485, 39.0174446106, 76.7348098755, 53.9685173035, 44.2146453857, 37.0964012146, 52.0951499939, 43.1811065674, 48.8509979248, 24.5275478363, 20.0911235809, 20.5335330963, 19.3786449432, 18.4388237, 13.2624330521, 12.2843885422, 3.90113520622, 1.42015171051, 0.960373938084, 0.690249979496, 0.374781221151, 0.19339415431, 0.0688823238015, 0.0146125759929, 0.000922851322684, 6.06797766523e-05, 1.93320429389e-05, 5.82528218729e-06, 1.52671509568e-05, 3.29301874444e-05],
        "min": [6.2650993641e-05, 0.000882435706444, 0.00186301593203, 0.00255406275392, 0.0583726987243, 0.0381843075156, 0.0312210209668, 0.210859760642, 0.267831921577, 0.423222303391, 0.546258330345, 0.33228752017, 0.241093158722, 0.409057945013, 0.624080300331, 0.537143111229, 0.324561417103, 0.158332243562, 0.0987137258053, 0.245163008571, 0.343475490808, 0.0712177082896, 0.292191505432, 0.198184251785, 0.0431538894773, 0.0655010566115, 0.0400969088078, 0.0324014611542, 0.0216180961579, 0.012217881158, 0.00303005753085, 0.00078693847172, 5.38391359441e-05, 1.32821814987e-05, 5.13251734446e-06, 3.47252785105e-06, 1.97346207642e-06, 5.7933084463e-07, 2.08447045225e-06, 9.92669924926e-07],
        "stdev": [0.0521646440029, 0.925697922707, 3.48985266685, 5.78726005554, 13.1445007324, 49.6931800842, 45.0047874451, 34.0027618408, 65.6229553223, 69.7383804321, 63.6601982117, 91.6968002319, 130.037033081, 104.276252747, 93.6855926514, 88.5516433716, 115.141395569, 87.7937850952, 118.710632324, 48.0079193115, 31.8351173401, 35.0660476685, 32.4762420654, 28.6739120483, 22.4413986206, 23.0171718597, 8.20428752899, 2.40990686417, 1.57929503918, 0.91218328476, 0.55531847477, 0.288364499807, 0.115297473967, 0.0298132877797, 0.00207467540167, 0.000305640045553, 0.000140245509101, 5.02758557559e-05, 1.39705862239e-05, 1.79701619345e-05]
    },
    "gfcc": {
        "mean": [-44.316028595, 168.123901367, -177.309356689, 37.6335372925, -61.9428977966, -9.34651947021, -23.0968818665, -19.7605171204, -4.47188997269, -28.3778781891, 6.163667202, -19.4761981964, 2.87590646744],
        "cov": [[1153.14147949, -474.618774414, -150.627914429, 101.591346741, -123.173347473, 309.119628906, 83.7677612305, 195.462356567, -100.921401978, 17.9830131531, 45.7011146545, -109.45199585, 33.9247932434], [-474.618774414, 524.710632324, 240.501174927, -35.1160011292, 201.09085083, -182.404785156, -9.91222763062, -91.3868865967, 75.6640548706, -22.5760421753, -47.7228889465, 30.3429908752, -35.0167427063], [-150.627914429, 240.501174927, 392.124084473, 109.997283936, 42.9747657776, -55.8961105347, -95.4991607666, -35.2773170471, 36.750453949, -45.364490509, -16.6282558441, 21.2317333221, -19.7620010376], [101.591346741, -35.1160011292, 109.997283936, 284.252563477, 80.3306732178, 45.9275817871, 22.8850746155, 26.2961273193, 5.35693645477, -9.95181083679, -3.64710474014, -0.384224265814, -6.79321575165], [-123.173347473, 201.09085083, 42.9747657776, 80.3306732178, 266.056945801, -25.5667610168, 58.635307312, -17.8715705872, -9.32831096649, 1.55876684189, -34.0211410522, -9.20298194885, -23.1164321899], [309.119628906, -182.404785156, -55.8961105347, 45.9275817871, -25.5667610168, 302.625915527, 114.808479309, 53.9714508057, -58.393901825, 19.4791927338, 18.4193172455, -50.2832717896, -0.690651714802], [83.7677612305, -9.91222763062, -95.4991607666, 22.8850746155, 58.635307312, 114.808479309, 190.043899536, 29.0886974335, -36.3800926208, 22.9878997803, -9.90308570862, -25.6206130981, -8.34202861786], [195.462356567, -91.3868865967, -35.2773170471, 26.2961273193, -17.8715705872, 53.9714508057, 29.0886974335, 140.30796814, 33.9883041382, 7.18111658096, 7.70946598053, -16.7080230713, 25.6652984619], [-100.921401978, 75.6640548706, 36.750453949, 5.35693645477, -9.32831096649, -58.393901825, -36.3800926208, 33.9883041382, 137.000793457, 19.4329795837, -11.3551158905, 24.728931427, 2.17564439774], [17.9830131531, -22.5760421753, -45.364490509, -9.95181083679, 1.55876684189, 19.4791927338, 22.9878997803, 7.18111658096, 19.4329795837, 94.5019989014, 29.0678977966, -9.37887382507, 3.23808979988], [45.7011146545, -47.7228889465, -16.6282558441, -3.64710474014, -34.0211410522, 18.4193172455, -9.90308570862, 7.70946598053, -11.3551158905, 29.0678977966, 85.4646759033, 31.3256664276, -0.800528645515], [-109.45199585, 30.3429908752, 21.2317333221, -0.384224265814, -9.20298194885, -50.2832717896, -25.6206130981, -16.7080230713, 24.728931427, -9.37887382507, 31.3256664276, 96.6776123047, 25.041683197], [33.9247932434, -35.0167427063, -19.7620010376, -6.79321575165, -23.1164321899, -0.690651714802, -8.34202861786, 25.6652984619, 2.17564439774, 3.23808979988, -0.800528645515, 25.041683197, 69.459197998]],
        "icov": [[0.00206266297027, 0.00128432991914, -0.000379393080948, -0.000148802646436, -0.000147990911501, -0.000625694985501, -0.000107766682049, -0.00166671385523, 0.000606864865404, 0.000343618768966, -0.000911308219656, 0.00168436195236, -0.000587798247579], [0.00128432991914, 0.0152623038739, -0.0100543759763, 0.00754171004519, -0.00976368878037, 0.00536083756015, -0.00887058489025, 0.00608585821465, -0.0090256081894, 0.00394964870065, -0.00462528970093, 0.00446290196851, -0.00312995049171], [-0.000379393080948, -0.0100543759763, 0.0105717405677, -0.00657443143427, 0.00602114573121, -0.00417925836518, 0.00804442539811, -0.00368072208948, 0.00531903747469, -0.00133064179681, 0.00320112286136, -0.0029717553407, 0.00277354125865], [-0.000148802646436, 0.00754171004519, -0.00657443143427, 0.00875226967037, -0.00642562564462, 0.00221541197971, -0.00492843938991, 0.00281953578815, -0.00507080834359, 0.00217479257844, -0.00237208558246, 0.00128420756664, -0.00132287817542], [-0.000147990911501, -0.00976368878037, 0.00602114573121, -0.00642562564462, 0.0117866331711, -0.00240738037974, 0.00373923871666, -0.00464885588735, 0.00732534471899, -0.00384273403324, 0.00506439106539, -0.00317555735819, 0.00345321907662], [-0.000625694985501, 0.00536083756015, -0.00417925836518, 0.00221541197971, -0.00240738037974, 0.00823007617146, -0.00676441332325, 0.0021736100316, -0.00238025817089, 0.0012599399779, -0.00306482426822, 0.00328341382556, -0.00150236685295], [-0.000107766682049, -0.00887058489025, 0.00804442539811, -0.00492843938991, 0.00373923871666, -0.00676441332325, 0.0153307942674, -0.0062350705266, 0.00790804158896, -0.00492059020326, 0.00636293133721, -0.00505085336044, 0.0045856507495], [-0.00166671385523, 0.00608585821465, -0.00368072208948, 0.00281953578815, -0.00464885588735, 0.0021736100316, -0.0062350705266, 0.0168648213148, -0.0113463299349, 0.00549006927758, -0.0067347814329, 0.00659778574482, -0.00775210838765], [0.000606864865404, -0.0090256081894, 0.00531903747469, -0.00507080834359, 0.00732534471899, -0.00238025817089, 0.00790804158896, -0.0113463299349, 0.0195092093199, -0.0091039808467, 0.00984404422343, -0.0089166155085, 0.00686881551519], [0.000343618768966, 0.00394964870065, -0.00133064179681, 0.00217479257844, -0.00384273403324, 0.0012599399779, -0.00492059020326, 0.00549006927758, -0.0091039808467, 0.018198216334, -0.0117149436846, 0.00886006746441, -0.00612096581608], [-0.000911308219656, -0.00462528970093, 0.00320112286136, -0.00237208558246, 0.00506439106539, -0.00306482426822, 0.00636293133721, -0.0067347814329, 0.00984404422343, -0.0117149436846, 0.0250956546515, -0.0151805877686, 0.00969976466149], [0.00168436195236, 0.00446290196851, -0.0029717553407, 0.00128420756664, -0.00317555735819, 0.00328341382556, -0.00505085336044, 0.00659778574482, -0.0089166155085, 0.00886006746441, -0.0151805877686, 0.0239622239023, -0.0123090231791], [-0.000587798247579, -0.00312995049171, 0.00277354125865, -0.00132287817542, 0.00345321907662, -0.00150236685295, 0.0045856507495, -0.00775210838765, 0.00686881551519, -0.00612096581608, 0.00969976466149, -0.0123090231791, 0.0229349955916]]
    },
    "melbands": {
        "max": [0.010794814676, 0.0236824844033, 0.0111289490014, 0.0224142316729, 0.0187875647098, 0.00882421713322, 0.0110306600109, 0.00828162860125, 0.00985142495483, 0.00873543135822, 0.00560433091596, 0.00563405593857, 0.00460601598024, 0.00185925746337, 0.00439566979185, 0.0036868059542, 0.00296118995175, 0.00393574777991, 0.00189449533354, 0.000399526732508, 0.000632183742709, 0.000582497392315, 0.0005957329995, 0.000353276380338, 0.000328762514982, 0.00035712911631, 0.000134715126478, 0.000250188517384, 0.000116537208669, 1.96697983483e-05, 3.76630414394e-05, 1.59357077791e-05, 1.38503537528e-05, 4.85980217491e-06, 6.03278476774e-06, 2.64913819592e-06, 2.038143748e-06, 1.10243615836e-06, 5.75909041345e-07, 2.57309039853e-07],
        "mean": [0.00026559230173, 0.000673860195093, 0.000784705218393, 0.00126820721198, 0.00115558702964, 0.000485269294586, 0.000441987824161, 0.000380582059734, 0.000278158375295, 0.000244335562456, 0.000399464333896, 0.000238664084463, 0.000136077069328, 9.94833026198e-05, 0.000119451186038, 0.000103760932689, 8.14796076156e-05, 9.36358919716e-05, 4.1178886022e-05, 2.78784027614e-05, 2.19782814384e-05, 2.33838054555e-05, 1.61860880326e-05, 1.59402825375e-05, 1.52111706484e-05, 1.13952610263e-05, 8.97019526747e-06, 8.02813065093e-06, 2.94806477541e-06, 1.09780933144e-06, 6.58456826841e-07, 5.51858022391e-07, 4.47674892712e-07, 3.56948930857e-07, 2.19788574896e-07, 1.64183035167e-07, 1.01174492784e-07, 5.53297141437e-08, 2.36992292457e-08, 7.6358368517e-09],
        "min": [6.67640961183e-07, 1.2346870335e-06, 1.38522796078e-06, 4.71488147014e-06, 1.00077068055e-06, 3.34599690177e-06, 2.66310689767e-06, 4.12022785667e-07, 3.59335354005e-06, 4.93995230499e-07, 1.10044686608e-06, 9.85981614576e-07, 1.41941393395e-06, 1.08562653622e-06, 7.02621832716e-07, 1.24239790011e-07, 2.52317789773e-07, 1.24910854993e-07, 2.48706243156e-07, 5.31019850314e-07, 3.24191063328e-07, 4.23233714741e-08, 1.63015940302e-07, 1.4881319288e-08, 1.59536412525e-07, 1.97190939133e-08, 4.77952575295e-08, 3.7856207058e-08, 1.58299684472e-08, 2.93899820036e-08, 1.75231313904e-08, 1.33942981151e-08, 6.02953598161e-09, 5.24637222554e-09, 2.02085881362e-09, 8.78202233157e-11, 4.30725247136e-11, 7.41928220249e-12, 3.02810348411e-13, 2.88191671048e-13],
        "stdev": [0.000710397143848, 0.001523895422, 0.00112047488801, 0.00205958355218, 0.00179515010677, 0.000787103606854, 0.000971218862105, 0.000734651111998, 0.00057249434758, 0.000610089336988, 0.000687532243319, 0.000491027720273, 0.000280390493572, 0.000195396394702, 0.000354216666892, 0.000255767139606, 0.000179129216122, 0.000258014566498, 0.000126923318021, 3.88597400161e-05, 3.91961912101e-05, 4.59260882053e-05, 2.89540021186e-05, 2.98743034364e-05, 2.58129657595e-05, 2.45608443947e-05, 1.55584548338e-05, 1.70122311829e-05, 7.44328099245e-06, 1.71598651377e-06, 1.32468301217e-06, 9.37274762691e-07, 7.08960044449e-07, 4.64098093289e-07, 3.52368914491e-07, 2.4905230589e-07, 1.58048678145e-07, 9.54288452704e-08, 4.81781334827e-08, 1.83770545448e-08]
    },
    "melbands128": {
        "max": [0.000430349609815, 0.00534647284076, 0.0164208766073, 0.0323037207127, 0.0322040319443, 0.0232756026089, 0.0120605835691, 0.0187371689826, 0.0176204629242, 0.0399916507304, 0.0322959385812, 0.0397496894002, 0.0229493305087, 0.024727769196, 0.012804467231, 0.0197977889329, 0.0224260631949, 0.0175597574562, 0.023464769125, 0.0163667425513, 0.0115346284583, 0.00684272823855, 0.0190873630345, 0.018760625273, 0.0107558201998, 0.0157901588827, 0.0135058015585, 0.0101168798283, 0.0153298610821, 0.0126362862065, 0.00835998635739, 0.00490324897692, 0.00436737155542, 0.0119946170598, 0.00323623442091, 0.00317874224856, 0.00727928010747, 0.0074808690697, 0.00841023027897, 0.00784958712757, 0.00689244549721, 0.00540247932076, 0.00593879632652, 0.00517538655549, 0.0077477414161, 0.00447845086455, 0.00146516610403, 0.00348630361259, 0.00217966968194, 0.000742123520467, 0.000604647037107, 0.00130285462365, 0.00129862246104, 0.000895314326044, 0.00148696452379, 0.00114869698882, 0.000741620664485, 0.000370512891095, 0.00102087401319, 0.000725632882677, 0.000696623406839, 0.000573732948396, 0.000410182838095, 0.000623847532552, 0.00075138383545, 0.000791697762907, 0.000348414934706, 0.000213764869841, 0.000226599600865, 0.000280277308775, 0.000327129499055, 0.000337754463544, 0.000302596919937, 0.000191756917047, 3.59399055014e-05, 3.25875189446e-05, 1.54108838615e-05, 3.96566101699e-05, 6.13146694377e-05, 1.46648735608e-05, 1.50067162394e-05, 2.77427061519e-05, 1.70136827364e-05, 1.59198971232e-05, 6.47883598504e-06, 9.02615283849e-06, 5.39055736226e-06, 4.94266032547e-06, 1.31283895826e-05, 5.28094233232e-06, 5.47363015357e-06, 3.49557876689e-06, 6.46338730803e-06, 1.67342807345e-06, 2.02109231395e-06, 1.95473467102e-06, 8.44623571084e-07, 7.89449359218e-07, 6.29182864031e-07, 1.14830936582e-06, 5.19567436186e-07, 2.64672564754e-07, 1.13393049617e-07, 4.71262566748e-08, 2.76894667195e-08, 2.65969504198e-08, 2.55489425172e-08, 2.45661233578e-08, 2.35921753244e-08, 2.27295764432e-08, 2.19117275435e-08, 2.11065103173e-08, 2.04005541349e-08, 1.96699669885e-08, 1.90428384172e-08, 1.84393869063e-08, 1.7896775617e-08, 1.74331482583e-08, 1.69329421595e-08, 1.65515601225e-08, 1.61585802516e-08, 1.58536153094e-08, 1.557928897e-08, 1.52950327958e-08, 1.50592658343e-08, 1.48841410308e-08, 1.47539971351e-08, 1.46781795607e-08],
        "mean": [1.21618268167e-05, 8.72370073921e-05, 0.000343846797477, 0.000654779025353, 0.000753330998123, 0.000643525621854, 0.000603030843195, 0.000923532352317, 0.000897335587069, 0.00110931298696, 0.00163364247419, 0.00173078849912, 0.000968689564615, 0.000536442908924, 0.00043667992577, 0.000448335602414, 0.000591334886849, 0.000383481179597, 0.000366614927771, 0.000346460961737, 0.000441235868493, 0.000322787818732, 0.000256092200289, 0.000235577914282, 0.000222935545025, 0.000280443899101, 0.00021195471345, 0.000450153514976, 0.000551058968995, 0.000272736797342, 0.000145108861034, 0.000120835153211, 9.77063536993e-05, 0.000215988809941, 9.09774098545e-05, 6.74692637403e-05, 8.64380563144e-05, 0.000143800731166, 0.000123470133985, 0.000111764238682, 0.000124890415464, 4.42397249572e-05, 5.84542285651e-05, 9.30728128878e-05, 0.000171112842509, 7.76126762503e-05, 2.70952259598e-05, 6.0967529862e-05, 3.54975563823e-05, 1.84353229997e-05, 3.19617829518e-05, 3.45575463143e-05, 1.45738922583e-05, 1.9431598048e-05, 3.01574036712e-05, 2.60078086285e-05, 1.669584708e-05, 1.17504951049e-05, 1.66608133441e-05, 2.31431076827e-05, 1.54463723447e-05, 1.04367036329e-05, 1.59134960995e-05, 1.32349177875e-05, 2.09023946809e-05, 1.11808749352e-05, 6.16944907961e-06, 8.4297516878e-06, 9.83344853012e-06, 9.34478157433e-06, 8.27611893328e-06, 8.31960369396e-06, 4.24321342507e-06, 1.84909492873e-06, 1.2504337974e-06, 1.32167122047e-06, 7.85327699759e-07, 1.03073500668e-06, 5.10073107307e-07, 5.09453911945e-07, 5.41990118563e-07, 5.9674835029e-07, 5.09315611907e-07, 4.26739404702e-07, 3.93443883695e-07, 4.18168866645e-07, 3.41350613553e-07, 2.45741574645e-07, 2.15525716385e-07, 1.89723664334e-07, 2.01317959636e-07, 1.4553371841e-07, 1.27434390151e-07, 9.6731071153e-08, 9.31791319658e-08, 7.23963609062e-08, 4.61986324751e-08, 3.12080565834e-08, 2.64757318291e-08, 1.87458866208e-08, 1.13475229213e-08, 5.89454529631e-09, 2.78597167558e-09, 7.1603678542e-10, 2.26824704852e-11, 2.17025512145e-11, 2.09775773141e-11, 1.75177650164e-11, 1.66859130679e-11, 1.63641825784e-11, 1.66832676146e-11, 1.50258885195e-11, 1.44012215347e-11, 1.38855532975e-11, 1.344108852e-11, 1.30282833133e-11, 1.26448938126e-11, 1.231215737e-11, 1.19769983861e-11, 1.16966141633e-11, 1.14088538963e-11, 1.11918269791e-11, 1.10017646035e-11, 1.07923904188e-11, 1.05587769431e-11, 1.0301082036e-11, 1.0139986073e-11, 1.00765463681e-11],
        "min": [4.56041426844e-09, 4.92245249006e-08, 3.67769388276e-07, 2.43589454385e-07, 4.72607553093e-07, 3.0850821986e-07, 5.76045309231e-08, 2.9295620152e-07, 1.72720046976e-06, 3.58524994226e-06, 1.47441903664e-06, 3.80695951208e-07, 4.85913460579e-07, 2.0402753762e-06, 6.13019437878e-07, 3.93569280277e-07, 8.18744808839e-07, 5.62125137549e-07, 2.03109493668e-07, 1.46252034483e-07, 5.01024089772e-07, 3.68658220395e-07, 6.43394670874e-08, 9.05106460891e-08, 1.68730608152e-07, 1.7266354746e-07, 5.33826671756e-08, 4.49940273484e-07, 6.11688449226e-07, 2.00625237312e-07, 5.86359547583e-08, 1.3087520756e-07, 3.45818506275e-07, 6.74454696536e-08, 8.69064535891e-08, 1.13041551231e-07, 7.52251239078e-08, 1.532008298e-07, 3.52915030533e-08, 1.28305588376e-08, 1.11489939059e-07, 1.25515398963e-07, 1.95442169115e-08, 2.10957381341e-07, 9.86091990285e-08, 5.18262943672e-08, 1.14277085572e-07, 3.72838862006e-08, 1.94437514978e-08, 1.21695606481e-07, 2.06343926834e-07, 1.03422159725e-07, 9.68756719288e-09, 2.55100527369e-08, 3.22536486408e-08, 2.9214483277e-08, 2.20035154541e-08, 1.46597756157e-08, 6.26748288823e-08, 1.08324762493e-08, 4.06946831788e-09, 4.83187223566e-09, 8.89866935694e-09, 5.07650703696e-08, 3.96670642999e-08, 5.0354285186e-09, 3.53069218306e-09, 1.40294673656e-08, 3.11398693498e-08, 3.05441503201e-08, 3.16665094147e-08, 7.03120850432e-09, 3.65926067225e-09, 6.08772854349e-09, 3.33647043327e-09, 3.9486596215e-09, 6.7701013684e-09, 3.12777004297e-09, 8.20838774729e-09, 1.79186609994e-09, 7.38592798033e-10, 1.75246250844e-09, 5.48552625546e-09, 2.16731566027e-09, 6.76395106591e-10, 6.23097573538e-10, 1.93434712692e-09, 2.43471931505e-09, 2.47508142454e-11, 1.47218626179e-10, 1.36447006471e-10, 3.44075150316e-11, 4.50155841422e-12, 3.87135358493e-11, 3.37874194768e-12, 1.9036987698e-12, 4.09472667362e-13, 2.21972546138e-13, 2.87448802825e-13, 2.13558093735e-13, 2.10293764282e-13, 2.05636058854e-13, 1.57860663018e-13, 1.46926606081e-13, 8.08931778984e-14, 1.65397006529e-13, 1.30761341425e-13, 1.66094216289e-13, 1.65681311444e-13, 1.24006612813e-13, 1.39733358348e-13, 1.32930735104e-13, 1.46077824858e-13, 1.61501712069e-13, 1.13482594361e-13, 1.57313601707e-13, 1.22678641334e-13, 1.34638245106e-13, 1.34103503042e-13, 1.56481462987e-13, 1.39619300279e-13, 1.48293581733e-13, 1.85114632499e-13, 1.46645133645e-13, 1.14910929079e-13, 4.22468117889e-14, 6.4350253438e-15, 2.32631775612e-16],
        "stdev": [2.95950503642e-05, 0.00026595214149, 0.00104070594534, 0.00178230646998, 0.00194950262085, 0.0015202864306, 0.00118777167518, 0.00169567903504, 0.00133896747138, 0.00267147412524, 0.00354019529186, 0.00343966996297, 0.00182787294034, 0.00119021127466, 0.000860287167598, 0.00128129113, 0.00155459088273, 0.00113148288801, 0.00141259317752, 0.000973923073616, 0.000921721104532, 0.000677190138958, 0.000865813985001, 0.000922664359678, 0.000681789999362, 0.00101853732485, 0.000700612843502, 0.00100082834251, 0.00130222714506, 0.000855114951264, 0.000470293918625, 0.000359437603038, 0.000294029392535, 0.000624415348284, 0.000243714719545, 0.000219438094064, 0.000360123813152, 0.000595205347054, 0.000474906846648, 0.000352334289346, 0.000423431600211, 0.000229340934311, 0.000241366069531, 0.00027053404483, 0.000566313508898, 0.000277710263617, 0.000100590616057, 0.000242772948695, 0.000119307078421, 4.25851321779e-05, 5.2502608014e-05, 7.65044533182e-05, 5.43479400221e-05, 4.49095241493e-05, 8.8865730504e-05, 7.22576369299e-05, 3.72270042135e-05, 2.48979540629e-05, 4.43713106506e-05, 5.06178730575e-05, 4.81606621179e-05, 2.87361017399e-05, 3.42897947121e-05, 3.54825315299e-05, 5.95078709011e-05, 3.57484386768e-05, 1.8452785298e-05, 1.91019153135e-05, 2.19391786231e-05, 2.12172490137e-05, 2.18573422899e-05, 2.45585524681e-05, 1.50665837282e-05, 7.10232143319e-06, 2.61490390585e-06, 2.46495210376e-06, 1.36154324082e-06, 2.55127702076e-06, 1.5319767499e-06, 9.88193733065e-07, 9.45911722283e-07, 1.27582188725e-06, 8.88625777407e-07, 8.58524003888e-07, 6.16587442437e-07, 6.46763567147e-07, 4.66790709197e-07, 3.87398671364e-07, 4.85845248477e-07, 3.22832192978e-07, 3.55586593059e-07, 2.47564827305e-07, 2.45870268145e-07, 1.68844536574e-07, 1.58210070822e-07, 1.36253206051e-07, 9.27008301232e-08, 6.65955610657e-08, 5.97636997668e-08, 5.1940972412e-08, 2.9143924607e-08, 1.70631988539e-08, 8.72380212513e-09, 3.10600922759e-09, 6.05195671355e-10, 5.81549308709e-10, 5.58682045071e-10, 5.35771649268e-10, 5.14529752138e-10, 4.95716134807e-10, 4.77900552465e-10, 4.60316007533e-10, 4.44918574205e-10, 4.28986346446e-10, 4.15307843671e-10, 4.0214717667e-10, 3.90313115162e-10, 3.80198622585e-10, 3.69291208724e-10, 3.60974972136e-10, 3.52404105897e-10, 3.45749456843e-10, 3.39766603741e-10, 3.33569227795e-10, 3.28430088681e-10, 3.24613586011e-10, 3.21776633116e-10, 3.20123372255e-10]
    },
    "mfcc": {
        "mean": [-659.897155762, 171.02973938, -41.0517730713, 32.7298812866, -14.132147789, 4.97136545181, -11.0370979309, 6.95534992218, -15.7322740555, 4.40769529343, -12.3651161194, -3.39185094833, -7.57200098038],
        "cov": [[1393.61621094, -714.752258301, -12.3083744049, -243.621032715, -69.5114440918, -21.7725524902, 278.52557373, 64.5153579712, 63.4487800598, 130.454833984, 50.8016891479, -28.1584434509, 9.69361782074], [-714.752258301, 707.113220215, -7.86444187164, 155.033447266, 92.9441375732, 1.81953299046, -139.78276062, -28.5888786316, -6.37355422974, -47.9540672302, -13.0402050018, -9.02077674866, 2.50536966324], [-12.3083744049, -7.86444187164, 353.596008301, 33.0104560852, 77.4872970581, -5.37720537186, -52.5577125549, 2.09248566628, -2.07785415649, -44.3207550049, -11.4662017822, 43.4062423706, 17.9319381714], [-243.621032715, 155.033447266, 33.0104560852, 329.743560791, 106.671394348, 25.8147506714, -65.0524749756, 27.8736686707, -0.153325453401, -5.03111982346, -34.3864021301, 21.4283847809, 6.25651454926], [-69.5114440918, 92.9441375732, 77.4872970581, 106.671394348, 193.924743652, -12.9082603455, -20.4372730255, 8.40124130249, 19.3752784729, -18.5401515961, 4.18467187881, 2.59656906128, 8.16868591309], [-21.7725524902, 1.81953299046, -5.37720537186, 25.8147506714, -12.9082603455, 205.646575928, 95.5338134766, 27.9133300781, -1.13119792938, 25.3955001831, 17.7250900269, -10.478890419, -27.4452018738], [278.52557373, -139.78276062, -52.5577125549, -65.0524749756, -20.4372730255, 95.5338134766, 289.953491211, 20.8002700806, 20.9457054138, 35.0978507996, 41.2655334473, -45.9657707214, 0.0904929339886], [64.5153579712, -28.5888786316, 2.09248566628, 27.8736686707, 8.40124130249, 27.9133300781, 20.8002700806, 126.762275696, 19.1076660156, 20.2910137177, -24.8979034424, 23.1235790253, -4.01303243637], [63.4487800598, -6.37355422974, -2.07785415649, -0.153325453401, 19.3752784729, -1.13119792938, 20.9457054138, 19.1076660156, 132.80619812, 35.353767395, 13.0226173401, -10.4604072571, -0.205549433827], [130.454833984, -47.9540672302, -44.3207550049, -5.03111982346, -18.5401515961, 25.3955001831, 35.0978507996, 20.2910137177, 35.353767395, 134.166091919, 26.0111370087, -6.34484434128, -24.6119194031], [50.8016891479, -13.0402050018, -11.4662017822, -34.3864021301, 4.18467187881, 17.7250900269, 41.2655334473, -24.8979034424, 13.0226173401, 26.0111370087, 98.593170166, -5.76346063614, -4.25079441071], [-28.1584434509, -9.02077674866, 43.4062423706, 21.4283847809, 2.59656906128, -10.478890419, -45.9657707214, 23.1235790253, -10.4604072571, -6.34484434128, -5.76346063614, 118.97504425, 33.7622451782], [9.69361782074, 2.50536966324, 17.9319381714, 6.25651454926, 8.16868591309, -27.4452018738, 0.0904929339886, -4.01303243637, -0.205549433827, -24.6119194031, -4.25079441071, 33.7622451782, 109.803497314]],
        "icov": [[0.00206812494434, 0.00168698944617, -0.000182282106834, 0.000634116702713, -0.000460060691694, 0.000805048446637, -0.00106671475805, -0.000658672768623, -0.0001923830132, -0.00126650650054, -0.000123243939015, 0.000397057650844, -0.000426278886152], [0.00168698944617, 0.00324700004421, 0.000233431361266, -2.65291309915e-05, -0.001001175493, 0.000119110460219, 0.000133803201606, -0.000207082935958, -0.000267405674094, -0.000495311280247, -0.000320562481647, 0.000772769504692, -0.000524594448507], [-0.000182282106834, 0.000233431361266, 0.00351298577152, 0.000177656140295, -0.00152657402214, -0.000631104339845, 0.000730962899979, 0.00026124616852, -0.000166992598679, 0.00105084548704, 0.000214435873204, -0.00106763746589, -3.64841689589e-05], [0.000634116702713, -2.65291309915e-05, 0.000177656140295, 0.00469162501395, -0.00251781917177, -0.000891590490937, 0.00048065170995, -0.000615733675659, 0.00018562025798, -0.00103742827196, 0.00144711718895, -0.000309477676637, -0.000491162005346], [-0.000460060691694, -0.001001175493, -0.00152657402214, -0.00251781917177, 0.00774194998667, 0.00101037684362, -0.000389823981095, -0.000534732360393, -0.000947108434048, 0.00115901825484, -0.00157504272647, 0.000562116212677, 0.000137796028866], [0.000805048446637, 0.000119110460219, -0.000631104339845, -0.000891590490937, 0.00101037684362, 0.00708353612572, -0.0030258721672, -0.0013459752081, 0.000502391194459, -0.000857715553138, -0.000957965443376, -0.000206999189686, 0.00156398315448], [-0.00106671475805, 0.000133803201606, 0.000730962899979, 0.00048065170995, -0.000389823981095, -0.0030258721672, 0.0062751355581, -0.000633431423921, -0.000168852478964, 0.000486117089167, -0.00145290780347, 0.00202682497911, -0.00138208211865], [-0.000658672768623, -0.000207082935958, 0.00026124616852, -0.000615733675659, -0.000534732360393, -0.0013459752081, -0.000633431423921, 0.010318913497, -0.00134040578268, -0.000880791689269, 0.00355074880645, -0.00276848650537, 0.000925077300053], [-0.0001923830132, -0.000267405674094, -0.000166992598679, 0.00018562025798, -0.000947108434048, 0.000502391194459, -0.000168852478964, -0.00134040578268, 0.00869233068079, -0.00214469665661, -0.00075873429887, 0.00101022119634, -0.00061748403823], [-0.00126650650054, -0.000495311280247, 0.00105084548704, -0.00103742827196, 0.00115901825484, -0.000857715553138, 0.000486117089167, -0.000880791689269, -0.00214469665661, 0.0105401091278, -0.00241535971873, -0.000624889449682, 0.00213454454206], [-0.000123243939015, -0.000320562481647, 0.000214435873204, 0.00144711718895, -0.00157504272647, -0.000957965443376, -0.00145290780347, 0.00355074880645, -0.00075873429887, -0.00241535971873, 0.0131089733914, -0.00133502774406, 0.000284584355541], [0.000397057650844, 0.000772769504692, -0.00106763746589, -0.000309477676637, 0.000562116212677, -0.000206999189686, 0.00202682497911, -0.00276848650537, 0.00101022119634, -0.000624889449682, -0.00133502774406, 0.0113443285227, -0.00373510201462], [-0.000426278886152, -0.000524594448507, -3.64841689589e-05, -0.000491162005346, 0.000137796028866, 0.00156398315448, -0.00138208211865, 0.000925077300053, -0.00061748403823, 0.00213454454206, 0.000284584355541, -0.00373510201462, 0.0112431095913]]
    },
    "spectral_contrast_coeffs": {
        "max": [-0.359565526247, -0.445435792208, -0.490430504084, -0.49827593565, -0.571999430656, -0.405650258064],
        "mean": [-0.63897639513, -0.71186965704, -0.710712015629, -0.743863224983, -0.74614161253, -0.672295987606],
        "min": [-0.912134885788, -0.88702070713, -0.897275567055, -0.907537102699, -0.848864793777, -0.851560413837],
        "stdev": [0.0859373733401, 0.0708281695843, 0.071327291429, 0.0585508681834, 0.0476662740111, 0.0489986762404]
    },
    "spectral_contrast_valleys": {
        "max": [-5.17088794708, -5.12123346329, -5.62283611298, -6.23335027695, -6.11608982086, -10.1108121872],
        "mean": [-6.88683080673, -6.6223950386, -7.25683164597, -7.60955572128, -7.83903217316, -12.3747205734],
        "min": [-9.40406608582, -8.4964094162, -8.96120262146, -9.14407444, -9.43566036224, -15.9265584946],
        "stdev": [0.603239059448, 0.473745048046, 0.50072157383, 0.453402370214, 0.487358421087, 0.926967859268]
    }
},
"rhythm": {
    "beats_count": 125,
    "beats_loudness": {
        "max": 0.0787630826235,
        "mean": 0.0327172279358,
        "min": 0.00440902495757,
        "stdev": 0.0146606033668
    },
    "bpm": 153.318222046,
    "bpm_histogram_first_peak_bpm": 152,
    "bpm_histogram_first_peak_weight": 0.215686261654,
    "bpm_histogram_second_peak_bpm": 157,
    "bpm_histogram_second_peak_spread": 0.396551728249,
    "bpm_histogram_second_peak_weight": 0.282258063555,
    "danceability": 1.24234330654,
    "onset_rate": 2.2763671875,
    "beats_loudness_band_ratio": {
        "max": [0.859579086304, 0.926076114178, 0.773591995239, 0.864606022835, 0.481115162373, 0.322098881006],
        "mean": [0.208616286516, 0.298597991467, 0.22652117908, 0.211798891425, 0.0954415351152, 0.0254108831286],
        "min": [0.00944131426513, 0.00952149741352, 0.00914648268372, 0.00607453938574, 0.00440507428721, 0.00151733565144],
        "stdev": [0.189190000296, 0.244219496846, 0.177908182144, 0.202554941177, 0.0948761925101, 0.0385042838752]
    },
