{
"metadata": {
    "version": {
        "essentia": "2.1-beta5",
        "essentia_git_sha": "Undefined",
        "extractor": "music 2.0"
    },
    "audio_properties": {
        "analysis": {
            "equal_loudness": 0,
            "length": 12.7477550507,
            "sample_rate": 44100,
            "start_time": 0,
            "downmix": "mix"
        },
        "bit_rate": 192000,
        "length": 182.601730347,
        "lossless": 0,
        "number_channels": 2,
        "replay_gain": -7.28526306152,
        "sample_rate": 48000,
        "codec": "mp3",
        "md5_encoded": "2317d422906570898c7ed116ec9ce65d"
    },
    "tags": {
        "file_name": "Denmark_Tænker Altid På Dig_Bamses Venner.mp3",
        "encoding": ["Lavf58.29.100"]
    }
},
"lowlevel": {
    "average_loudness": 0.922341644764,
    "barkbands_crest": {
        "max": 25.6328582764,
        "mean": 12.4407596588,
        "min": 4.09492778778,
        "stdev": 4.62256479263
    },
    "barkbands_flatness_db": {
        "max": 0.437146604061,
        "mean": 0.214482575655,
        "min": 0.0754108652472,
        "stdev": 0.0710948109627
    },
    "barkbands_kurtosis": {
        "max": 220.896697998,
        "mean": 12.4570913315,
        "min": -1.7837792635,
        "stdev": 24.1033229828
    },
    "barkbands_skewness": {
        "max": 11.7347717285,
        "mean": 2.30912852287,
        "min": -4.31274223328,
        "stdev": 1.88241183758
    },
    "barkbands_spread": {
        "max": 98.7627563477,
        "mean": 16.642621994,
        "min": 0.432613760233,
        "stdev": 16.9612731934
    },
    "dissonance": {
        "max": 0.498337686062,
        "mean": 0.437321424484,
        "min": 0.290354579687,
        "stdev": 0.0414041243494
    },
    "dynamic_complexity": 7.88378715515,
    "erbbands_crest": {
        "max": 32.0063018799,
        "mean": 12.737156868,
        "min": 3.66119623184,
        "stdev": 5.9471116066
    },
    "erbbands_flatness_db": {
        "max": 0.36757555604,
        "mean": 0.20270884037,
        "min": 0.0852238088846,
        "stdev": 0.0560463294387
    },
    "erbbands_kurtosis": {
        "max": 35.6714630127,
        "mean": 1.73126673698,
        "min": -1.84600245953,
        "stdev": 4.23043966293
    },
    "erbbands_skewness": {
        "max": 5.21326446533,
        "mean": 0.736007869244,
        "min": -3.82851791382,
        "stdev": 1.19640874863
    },
    "erbbands_spread": {
        "max": 154.076950073,
        "mean": 39.7909584045,
        "min": 2.35797214508,
        "stdev": 25.1903743744
    },
    "hfc": {
        "max": 62.6347198486,
        "mean": 11.8227233887,
        "min": 1.50194625803e-06,
        "stdev": 12.5719842911
    },
    "loudness_ebu128": {
        "integrated": -17.1559238434,
        "loudness_range": 4.0384054184,
        "momentary": {
            "max": -13.0464754105,
            "mean": -21.9502696991,
            "min": -56.2947845459,
            "stdev": 11.9149618149
        },
        "short_term": {
            "max": -15.7677001953,
            "mean": -17.5915126801,
            "min": -23.6217269897,
            "stdev": 1.66070055962
        }
    },
    "melbands_crest": {
        "max": 32.0027694702,
        "mean": 15.8031549454,
        "min": 3.81796646118,
        "stdev": 5.5582818985
    },
    "melbands_flatness_db": {
        "max": 0.540828585625,
        "mean": 0.266829967499,
        "min": 0.0748644173145,
        "stdev": 0.0857829600573
    },
    "melbands_kurtosis": {
        "max": 334.994476318,
        "mean": 27.056520462,
        "min": -1.76239442825,
        "stdev": 38.3168411255
    },
    "melbands_skewness": {
        "max": 13.1263837814,
        "mean": 3.37944436073,
        "min": -2.59290337563,
        "stdev": 2.22436261177
    },
    "melbands_spread": {
        "max": 203.198928833,
        "mean": 16.180562973,
        "min": 0.498278915882,
        "stdev": 19.9442939758
    },
    "pitch_salience": {
        "max": 0.987044692039,
        "mean": 0.503006577492,
        "min": 0.102260448039,
        "stdev": 0.147108346224
    },
    "silence_rate_20dB": {
        "max": 1,
        "mean": 1,
        "min": 1,
        "stdev": 0
    },
    "silence_rate_30dB": {
        "max": 1,
        "mean": 0.998181819916,
        "min": 0,
        "stdev": 0.0426013246179
    },
    "silence_rate_60dB": {
        "max": 1,
        "mean": 0.17090909183,
        "min": 0,
        "stdev": 0.376432090998
    },
    "spectral_centroid": {
        "max": 4791.20507812,
        "mean": 1003.21228027,
        "min": 162.892791748,
        "stdev": 693.372924805
    },
    "spectral_complexity": {
        "max": 38,
        "mean": 9.06181812286,
        "min": 0,
        "stdev": 6.21697282791
    },
    "spectral_decrease": {
        "max": -4.67853222111e-17,
        "mean": -6.19229423293e-09,
        "min": -3.53649944884e-08,
        "stdev": 5.71828540075e-09
    },
    "spectral_energy": {
        "max": 0.134792849422,
        "mean": 0.0244434848428,
        "min": 3.12809472769e-10,
        "stdev": 0.0222514271736
    },
    "spectral_energyband_high": {
        "max": 0.00774966645986,
        "mean": 0.000266114075202,
        "min": 2.82197321066e-10,
        "stdev": 0.000810613040812
    },
    "spectral_energyband_low": {
        "max": 0.120728358626,
        "mean": 0.00979130901396,
        "min": 2.82654130136e-12,
        "stdev": 0.0153949931264
    },
    "spectral_energyband_middle_high": {
        "max": 0.0371606834233,
        "mean": 0.00220602820627,
        "min": 2.32451558002e-11,
        "stdev": 0.00448992056772
    },
    "spectral_energyband_middle_low": {
        "max": 0.0947319939733,
        "mean": 0.0131925428286,
        "min": 4.72114014549e-12,
        "stdev": 0.0142951756716
    },
    "spectral_entropy": {
        "max": 8.5805015564,
        "mean": 7.05963373184,
        "min": 5.61980724335,
        "stdev": 0.633319497108
    },
    "spectral_flux": {
        "max": 0.311959564686,
        "mean": 0.0620500668883,
        "min": 1.76864214154e-05,
        "stdev": 0.0537477396429
    },
    "spectral_kurtosis": {
        "max": 32.0583000183,
        "mean": 5.6373591423,
        "min": -0.934410810471,
        "stdev": 5.17020082474
    },
    "spectral_rms": {
        "max": 0.0114675723016,
        "mean": 0.00423249788582,
        "min": 5.52430947209e-07,
        "stdev": 0.00243583275005
    },
    "spectral_rolloff": {
        "max": 9668.40820312,
        "mean": 1090.36376953,
        "min": 86.1328125,
        "stdev": 1473.02661133
    },
    "spectral_skewness": {
        "max": 4.34176778793,
        "mean": 1.63855099678,
        "min": -0.0353223085403,
        "stdev": 0.702793478966
    },
    "spectral_spread": {
        "max": 19922650,
        "mean": 4181189.25,
        "min": 1877963.375,
        "stdev": 1997739.75
    },
    "spectral_strongpeak": {
        "max": 6.26277351379,
        "mean": 1.05376017094,
        "min": 3.0237768442e-05,
        "stdev": 1.23594594002
    },
    "zerocrossingrate": {
        "max": 0.29296875,
        "mean": 0.0461194962263,
        "min": 0.001953125,
        "stdev": 0.0397866182029
    },
    "barkbands": {
        "max": [0.00076095276745, 0.112270608544, 0.0464728847146, 0.0275345221162, 0.0375479646027, 0.0290304012597, 0.0820962786674, 0.0662696138024, 0.016236551106, 0.0285911578685, 0.00220016622916, 0.00127943558618, 0.0160396322608, 0.00919995736331, 0.00746272224933, 0.00251517095603, 0.00418054312468, 0.00269784172997, 0.003005590057, 0.00113217101898, 0.000855419668369, 0.00126856705174, 0.00185224332381, 0.00296744494699, 0.00236640125513, 0.000133661844302, 7.50018358531e-08],
        "mean": [2.44731018029e-05, 0.00553773529828, 0.00343766948208, 0.00106620579027, 0.00351402396336, 0.00081132579362, 0.00298261153512, 0.00372446025722, 0.000667003914714, 0.000701980141457, 4.77804860566e-05, 8.67573326104e-05, 0.000252766272752, 0.000335687655024, 0.000407431478379, 0.000108308668132, 0.000138092931593, 0.000176517787622, 0.000119801719848, 5.30432553205e-05, 4.28180974268e-05, 7.07558865543e-05, 3.91500798287e-05, 5.48406896996e-05, 3.97624899051e-05, 2.50645302913e-06, 1.42309330986e-09],
        "min": [1.04224961994e-12, 1.18270345774e-12, 7.59378779476e-13, 7.42281019636e-13, 1.28204738492e-12, 8.93534595273e-13, 6.82880184691e-13, 4.72059349076e-13, 4.9394532518e-13, 7.89478400189e-13, 1.37171665086e-12, 2.14319100661e-12, 2.50497908007e-12, 2.66106559531e-12, 3.16159251557e-12, 1.73534960273e-12, 9.68470854727e-13, 1.17478791452e-12, 3.4350252677e-12, 1.09468588708e-11, 2.00216454527e-10, 6.68721605868e-11, 5.12835347105e-12, 4.3218174265e-13, 1.26545833274e-12, 2.66813481031e-13, 1.79966908346e-13],
        "stdev": [6.68103893986e-05, 0.0124411359429, 0.00506407069042, 0.00248304242268, 0.00510217202827, 0.00213414710015, 0.00743113085628, 0.010282387957, 0.00156026461627, 0.00292430841364, 0.000140612770338, 0.000165218923939, 0.00129259680398, 0.00105121510569, 0.000923039391637, 0.000232889186009, 0.000375709641958, 0.000320147111779, 0.000268640229478, 0.000107382009446, 8.71129741427e-05, 0.000140483127325, 0.000163329343195, 0.000271339609753, 0.000197948436835, 1.18149937407e-05, 5.12718623114e-09]
    },
    "erbbands": {
        "max": [1.87308692932, 29.9258708954, 43.9392852783, 101.451828003, 85.1309814453, 172.692779541, 50.043598175, 295.895874023, 668.839050293, 1348.51318359, 1825.42504883, 501.543304443, 1058.51147461, 217.180236816, 104.990722656, 201.99772644, 580.499694824, 511.25982666, 408.567077637, 332.696014404, 173.485015869, 229.919189453, 186.117279053, 95.4378128052, 139.958526611, 29.5866222382, 17.0229606628, 51.8351364136, 45.726108551, 41.4754638672, 53.9641075134, 48.0909500122, 64.9375839233, 36.3949317932, 8.86275196075, 1.61539304256, 0.211860731244, 0.00503854406998, 0.000262022891548, 0.000146204649354],
        "mean": [0.10144815594, 1.43856275082, 3.82077860832, 4.58154535294, 6.64800548553, 14.6529197693, 4.73223590851, 8.84313869476, 42.3456764221, 39.3692321777, 87.358581543, 23.3657550812, 26.2992858887, 6.53943872452, 3.46907114983, 4.379301548, 10.2026586533, 16.3261070251, 25.653711319, 11.4924688339, 4.99784564972, 7.57722902298, 11.5797815323, 4.37067842484, 7.54027605057, 2.31948852539, 1.36908733845, 2.26330852509, 2.80406618118, 1.2596026659, 1.11004912853, 1.05034077168, 1.05405986309, 0.627536118031, 0.158467113972, 0.0271177571267, 0.00269430829212, 8.60207655933e-05, 1.76156445377e-05, 2.8794109312e-05],
        "min": [4.5410713384e-11, 2.3394192139e-10, 7.81910092229e-10, 1.87773463445e-09, 3.07121017507e-09, 4.62666038814e-09, 5.76889336301e-09, 7.80230813291e-09, 9.60721546761e-09, 1.00745776166e-08, 1.06846460568e-08, 1.13655147516e-08, 1.76120682482e-08, 3.80446358861e-08, 6.76127598354e-08, 8.90404336928e-08, 1.1164035385e-07, 1.32930807695e-07, 1.56550356678e-07, 1.49465407162e-07, 7.75523005814e-08, 5.62985853492e-08, 5.64041471307e-08, 1.16665383132e-07, 2.37296134742e-07, 5.6832249129e-07, 3.773734079e-06, 1.01368559626e-05, 2.92317190542e-06, 2.96500843433e-07, 8.62241051891e-08, 2.02662153725e-08, 5.10002440279e-09, 1.65577560551e-08, 7.09841607716e-09, 1.44153200488e-09, 4.64023014457e-10, 1.60035928953e-10, 3.04637044757e-11, 2.71736300995e-12],
        "stdev": [0.267716109753, 3.10448336601, 5.03825426102, 9.48546409607, 9.12006282806, 25.2289981842, 6.69360637665, 22.0762901306, 86.5001449585, 92.1989974976, 274.474609375, 49.5731277466, 108.895500183, 21.099615097, 8.60417842865, 14.0669584274, 48.1234436035, 51.2167739868, 55.3140563965, 24.6867771149, 10.6000499725, 18.3322639465, 21.0266857147, 9.01972389221, 15.8477735519, 3.49030447006, 2.29275774956, 4.96427869797, 5.34224510193, 3.62141704559, 4.65777397156, 4.74848461151, 5.61095571518, 3.18641257286, 0.770175099373, 0.12743344903, 0.0145174879581, 0.000413171655964, 2.70444161288e-05, 2.51455094258e-05]
    },
    "gfcc": {
        "mean": [-117.697219849, 120.967514038, -118.544067383, 54.2605857849, -66.8883895874, 1.02660357952, -45.1883926392, 3.68508172035, -10.4734325409, -5.5587182045, -11.7525129318, -19.0276947021, -6.84134340286],
        "cov": [[21580.3476562, 3624.16357422, -1526.1138916, -744.454589844, -885.11315918, -640.636901855, 1230.10559082, -314.879577637, 1742.73876953, -196.901245117, 772.768554688, -1016.83392334, -362.698303223], [3624.16357422, 2062.4375, -284.048980713, -281.148742676, 221.993133545, -405.170654297, 498.465270996, -135.892883301, 543.76953125, -102.454299927, 379.522033691, -248.116973877, -85.43334198], [-1526.1138916, -284.048980713, 1490.73718262, 506.873931885, 216.274383545, 373.183166504, 19.618560791, 153.667404175, -217.369888306, 112.683639526, -21.7369728088, 194.779464722, 0.205105245113], [-744.454589844, -281.148742676, 506.873931885, 493.640838623, 139.969696045, 65.2415618896, -55.6413421631, 92.2576980591, -47.8443489075, 54.2681655884, -6.17572164536, 124.685310364, 82.7219772339], [-885.11315918, 221.993133545, 216.274383545, 139.969696045, 334.252990723, 15.2091751099, 59.5557174683, 54.432094574, -10.2982406616, 34.4435882568, 34.747631073, 77.7216339111, 10.5238609314], [-640.636901855, -405.170654297, 373.183166504, 65.2415618896, 15.2091751099, 485.46472168, 103.278312683, 74.7129058838, -107.532989502, 72.5494155884, -103.436813354, 34.2556838989, -24.3647403717], [1230.10559082, 498.465270996, 19.618560791, -55.6413421631, 59.5557174683, 103.278312683, 353.176147461, 3.2539036274, 205.824066162, 17.1981658936, 84.1646118164, -94.2374649048, -34.8900184631], [-314.879577637, -135.892883301, 153.667404175, 92.2576980591, 54.432094574, 74.7129058838, 3.2539036274, 119.128364563, 0.968049347401, 45.5525093079, -8.60000514984, 39.2591285706, 20.6606731415], [1742.73876953, 543.76953125, -217.369888306, -47.8443489075, -10.2982406616, -107.532989502, 205.824066162, 0.968049347401, 376.715148926, 25.3161506653, 115.115020752, -123.507286072, 9.73367881775], [-196.901245117, -102.454299927, 112.683639526, 54.2681655884, 34.4435882568, 72.5494155884, 17.1981658936, 45.5525093079, 25.3161506653, 140.642990112, 1.2856657505, 34.9502601624, 2.98450541496], [772.768554688, 379.522033691, -21.7369728088, -6.17572164536, 34.747631073, -103.436813354, 84.1646118164, -8.60000514984, 115.115020752, 1.2856657505, 147.094772339, -27.6505088806, -0.648854911327], [-1016.83392334, -248.116973877, 194.779464722, 124.685310364, 77.7216339111, 34.2556838989, -94.2374649048, 39.2591285706, -123.507286072, 34.9502601624, -27.6505088806, 154.146011353, 30.1634654999], [-362.698303223, -85.43334198, 0.205105245113, 82.7219772339, 10.5238609314, -24.3647403717, -34.8900184631, 20.6606731415, 9.73367881775, 2.98450541496, -0.648854911327, 30.1634654999, 78.510307312]],
        "icov": [[0.000146727325046, -0.000273174984613, 0.000133507244755, -0.000356861477485, 0.000643202336505, -0.000120805059851, -2.49357999564e-05, -0.00018277183699, -0.000228816657909, 2.14972133108e-05, -0.00010482151265, 4.18851450377e-05, 0.000680138473399], [-0.000273174984613, 0.0043389480561, -0.00133553519845, 0.00274729495868, -0.00423704925925, 0.00242002867162, -0.00232033478096, 0.00289464578964, -0.00215642107651, 0.00203353865072, -0.00373330502771, 0.00127810204867, -0.000237407599343], [0.000133507244755, -0.00133553519845, 0.00205737841316, -0.00245793326758, 0.0014043886913, -0.00153809797484, 0.000360239675501, -0.00138692872133, 0.00130210025236, -0.000704756355844, 8.87838032213e-05, -0.000803086673841, 0.00178200867958], [-0.000356861477485, 0.00274729495868, -0.00245793326758, 0.00678304443136, -0.00402483856305, 0.0017135811504, -0.000478948873933, 0.00134190870449, -0.00184040807653, 0.00110491306987, -0.0014318684116, -0.000301548832795, -0.0050040516071], [0.000643202336505, -0.00423704925925, 0.0014043886913, -0.00402483856305, 0.00966825801879, -0.00136945210397, -0.000186504577869, -0.0040556518361, 0.00173447711859, -0.00169961864594, 0.00229535368271, -0.00313505041413, 0.00293429335579], [-0.000120805059851, 0.00242002867162, -0.00153809797484, 0.0017135811504, -0.00136945210397, 0.0064341747202, -0.00475949514657, -0.000199597008759, 0.000754977634642, -0.000583224929869, 0.00140859314706, 0.00106241065077, -7.63753851061e-05], [-2.49357999564e-05, -0.00232033478096, 0.000360239675501, -0.000478948873933, -0.000186504577869, -0.00475949514657, 0.00935841538012, -0.000341363600455, -0.0024581423495, -0.000140648378874, -0.000438805145677, 0.000851276039612, 0.000639647652861], [-0.00018277183699, 0.00289464578964, -0.00138692872133, 0.00134190870449, -0.0040556518361, -0.000199597008759, -0.000341363600455, 0.0143803032115, -0.00326772895642, -0.000370812806068, -0.00228913663886, -0.000198490000912, -0.00208247872069], [-0.000228816657909, -0.00215642107651, 0.00130210025236, -0.00184040807653, 0.00173447711859, 0.000754977634642, -0.0024581423495, -0.00326772895642, 0.0100819142535, -0.00419527012855, 0.000934420968406, 0.00312614114955, -0.00398238841444], [2.14972133108e-05, 0.00203353865072, -0.000704756355844, 0.00110491306987, -0.00169961864594, -0.000583224929869, -0.000140648378874, -0.000370812806068, -0.00419527012855, 0.0109260687605, -0.00260829995386, -0.00233239750378, 0.00221105618402], [-0.00010482151265, -0.00373330502771, 8.87838032213e-05, -0.0014318684116, 0.00229535368271, 0.00140859314706, -0.000438805145677, -0.00228913663886, 0.000934420968406, -0.00260829995386, 0.0163643043488, -0.00223664240912, -0.00152358645573], [4.18851450377e-05, 0.00127810204867, -0.000803086673841, -0.000301548832795, -0.00313505041413, 0.00106241065077, 0.000851276039612, -0.000198490000912, 0.00312614114955, -0.00233239750378, -0.00223664240912, 0.0152312172577, -0.0030845827423], [0.000680138473399, -0.000237407599343, 0.00178200867958, -0.0050040516071, 0.00293429335579, -7.63753851061e-05, 0.000639647652861, -0.00208247872069, -0.00398238841444, 0.00221105618402, -0.00152358645573, -0.0030845827423, 0.0228861849755]]
    },
    "melbands": {
        "max": [0.0241328142583, 0.0240803603083, 0.0140532786027, 0.0102184154093, 0.00255623250268, 0.00666434504092, 0.0132049201056, 0.0118083283305, 0.0137501340359, 0.00322616426274, 0.00535503262654, 0.00121939659584, 0.000287949340418, 0.000151693355292, 0.00191094516777, 0.00178886554204, 0.00115293113049, 0.000840129796416, 0.000554541067686, 0.000251352437772, 0.000237661457504, 0.000201040820684, 0.000221128488192, 0.000138121584314, 7.10579988663e-05, 0.000140819800436, 7.27542574168e-05, 9.92666718957e-06, 9.74822614808e-06, 1.6250558474e-05, 4.01008110202e-05, 3.14547287417e-05, 2.05298947549e-05, 2.44299608312e-05, 2.65606522589e-05, 3.91556568502e-05, 2.7931349905e-05, 5.14163730259e-05, 3.54318981408e-05, 2.98918221233e-05],
        "mean": [0.00125925044995, 0.00200548605062, 0.00078877696069, 0.000859608873725, 0.000246727257036, 0.000206200566026, 0.000649507972412, 0.000476920075016, 0.000641792081296, 0.00010767015192, 0.000128635263536, 2.83162717096e-05, 8.45131762617e-06, 1.08770491352e-05, 1.93238520296e-05, 2.07779521588e-05, 3.20958497468e-05, 4.18398813053e-05, 2.29748675338e-05, 1.01110081232e-05, 4.93316292705e-06, 6.67631002216e-06, 1.17821455206e-05, 8.19736033009e-06, 2.63024958258e-06, 5.54432881472e-06, 3.8926864363e-06, 1.04509854282e-06, 7.82517702191e-07, 9.22227911815e-07, 1.48441392867e-06, 1.82146061434e-06, 1.00546992599e-06, 5.69013025142e-07, 5.58916553928e-07, 7.45157137771e-07, 6.12049348092e-07, 7.33082231363e-07, 7.07255765064e-07, 4.71642550792e-07],
        "min": [4.17277621961e-13, 3.81162142864e-13, 3.56908486055e-13, 2.73461347967e-13, 2.08851097766e-13, 1.76587951618e-13, 1.44807045044e-13, 1.07576267501e-13, 8.60490674483e-14, 7.01908759522e-14, 8.81704038664e-14, 1.46187708748e-13, 2.07243415679e-13, 2.36239386343e-13, 2.38397788923e-13, 2.50587988944e-13, 2.45837638441e-13, 2.46357594698e-13, 2.42691148211e-13, 1.509249133e-13, 7.77288796478e-14, 5.58009110381e-14, 5.34798002053e-14, 5.39373369102e-14, 9.35927903104e-14, 1.46502317114e-13, 2.06158630748e-13, 3.41296137402e-13, 1.37940863159e-12, 4.812162821e-12, 6.32257787792e-12, 2.09618997507e-12, 1.08115827489e-13, 1.52793088511e-13, 5.24708450517e-14, 2.1504142122e-14, 7.82260253074e-15, 2.55536245308e-15, 5.19219126447e-15, 1.7894990638e-14],
        "stdev": [0.003063328797, 0.00289482320659, 0.00137912132777, 0.00134240521584, 0.000378943339456, 0.000519138236996, 0.00141383812297, 0.000989649561234, 0.00201960536651, 0.000269849551842, 0.000549993885215, 0.000105125931441, 2.16188691411e-05, 2.02298542717e-05, 0.000119816315419, 0.00010561021918, 0.000108245156298, 9.32445982471e-05, 5.43424030184e-05, 2.24154355237e-05, 1.31087490445e-05, 1.82368476089e-05, 2.34062863456e-05, 1.52283419084e-05, 6.87832016411e-06, 1.33963667395e-05, 8.06727894087e-06, 1.54801148256e-06, 1.31736896947e-06, 1.88363094367e-06, 3.46940100826e-06, 3.46121873918e-06, 2.23293068302e-06, 1.99252713173e-06, 2.27291593546e-06, 3.40784345099e-06, 2.84372094939e-06, 4.04117554353e-06, 3.55499150828e-06, 2.45433238888e-06]
    },
    "melbands128": {
        "max": [0.000620538019575, 0.0116011714563, 0.0381029546261, 0.0570460595191, 0.026192497462, 0.025006275624, 0.0252437964082, 0.0110380956903, 0.00775963487104, 0.0174730941653, 0.0120096299797, 0.00570147484541, 0.00144499575254, 0.00289296382107, 0.0056899455376, 0.0138017721474, 0.0128023121506, 0.0173690859228, 0.0350588448346, 0.0157540459186, 0.0115459691733, 0.0201685670763, 0.0226511415094, 0.00356552726589, 0.00485116243362, 0.00400388799608, 0.00617803726345, 0.0106339259073, 0.00688394997269, 0.00163586810231, 0.000462010211777, 5.20025132573e-05, 0.000221279638936, 0.000719568750355, 0.000339616904967, 0.000141706128488, 0.000183309544809, 0.00241811037995, 0.0041872151196, 0.00216916273348, 0.00369514082558, 0.0022834315896, 0.00180484203156, 0.00201657530852, 0.00195050507318, 0.00103701278567, 0.0015998572344, 0.000580180669203, 0.000661296595354, 0.000518579676282, 0.00019036878075, 0.000168079961441, 0.00017307062808, 0.000233231214224, 0.000436169328168, 0.00017724641657, 0.000670067442115, 0.000528793840203, 0.000282891327515, 0.000381282472517, 0.000138163144584, 0.000212434097193, 0.000117365860206, 9.64027858572e-05, 0.000279715663055, 0.000162971307873, 0.000310927745886, 0.000118175266834, 9.05950582819e-05, 3.14810422424e-05, 1.46181373566e-05, 1.35823338496e-05, 1.6899599359e-05, 1.10175233203e-05, 1.19588285088e-05, 1.2962575056e-05, 2.57936007984e-05, 2.45084538619e-05, 5.69339936192e-05, 3.77581163775e-05, 4.17015580751e-05, 3.92853762605e-05, 2.84151064989e-05, 3.33060997946e-05, 3.17465237458e-05, 3.67689026461e-05, 2.50886896538e-05, 2.1927871785e-05, 1.76697285497e-05, 4.15114918724e-05, 5.99111772317e-05, 3.8841888454e-05, 2.34039180214e-05, 4.77181310998e-05, 3.01004620269e-05, 4.55588342447e-05, 6.77913703839e-05, 5.89508126723e-05, 3.37119308824e-05, 5.70556585444e-05, 3.33994976245e-05, 3.29908762069e-05, 2.77535218629e-05, 2.12383019971e-05, 6.52365997666e-06, 7.22223967387e-06, 6.91999548508e-06, 2.90124830826e-06, 4.12165309172e-06, 1.3210006955e-06, 1.95452776097e-06, 1.42571411743e-06, 3.03714585925e-07, 3.9401442109e-08, 1.55605359708e-08, 1.45716230193e-08, 2.50972220783e-09, 5.59037330317e-11, 5.37451333438e-11, 5.23868656788e-11, 5.11846606766e-11, 5.00434103878e-11, 4.8939085423e-11, 4.80962041027e-11, 4.72852972055e-11, 4.66776131636e-11, 4.62238337884e-11, 4.5963035461e-11],
        "mean": [2.1665926397e-05, 0.000514260435011, 0.00182200653944, 0.00260264938697, 0.00210039084777, 0.00167950824834, 0.00101256882772, 0.00038214554661, 0.00053399609169, 0.00122969970107, 0.000862988235895, 0.000325711385813, 0.000119504547911, 6.2387152866e-05, 0.000113030946522, 0.000304224231513, 0.000562413944863, 0.00088159396546, 0.000560346292332, 0.00030460418202, 0.000427843653597, 0.000904399028514, 0.000855637481436, 0.000130776126753, 0.000130059488583, 6.26006003586e-05, 9.32654947974e-05, 0.00019702190184, 0.000101226811239, 2.97437582049e-05, 9.33758201427e-06, 2.89148920274e-06, 4.81461802337e-06, 1.63479053299e-05, 1.42155913636e-05, 8.08602362667e-06, 7.95667710918e-06, 1.44433261084e-05, 3.53118375642e-05, 1.77693309524e-05, 2.08295550692e-05, 1.83882566489e-05, 3.21941297443e-05, 4.05053469876e-05, 2.93570246868e-05, 4.86604731122e-05, 5.21372166986e-05, 1.73188818735e-05, 1.43952483995e-05, 1.51124813783e-05, 9.19499052543e-06, 5.83559585721e-06, 4.63926835437e-06, 3.99080226998e-06, 6.74051398164e-06, 4.71267276225e-06, 8.25807273941e-06, 1.35472118927e-05, 1.05074204839e-05, 1.43073957588e-05, 8.53303390613e-06, 4.01718534704e-06, 2.67902441919e-06, 2.25570988732e-06, 2.26094721256e-06, 5.24647384736e-06, 8.79067283677e-06, 5.23253402207e-06, 2.88430078399e-06, 1.30551711663e-06, 1.09239613266e-06, 8.7661840098e-07, 7.71777308728e-07, 7.87671183389e-07, 7.55770884098e-07, 8.01024668817e-07, 1.08817255295e-06, 1.10518101337e-06, 1.49500658608e-06, 1.80929498583e-06, 2.21176242121e-06, 1.69730856214e-06, 1.27724422327e-06, 9.8497196177e-07, 7.26325481537e-07, 6.03969795065e-07, 5.12875431014e-07, 4.8883339332e-07, 4.56579840602e-07, 6.92897003773e-07, 8.76149499618e-07, 7.52550363359e-07, 5.08458299464e-07, 6.69170162837e-07, 5.81905510444e-07, 6.81167875882e-07, 7.99440272203e-07, 8.04384228559e-07, 6.33416675555e-07, 7.72813393723e-07, 5.64453785046e-07, 4.13077430039e-07, 3.66446386124e-07, 2.37326759134e-07, 1.3442061686e-07, 1.09245398505e-07, 1.00548078308e-07, 4.50259172169e-08, 3.82776264019e-08, 2.54718539594e-08, 2.03393479836e-08, 1.13983356087e-08, 3.0730094025e-09, 6.14195527771e-10, 1.87106150018e-10, 1.30997407366e-10, 3.27811978951e-11, 4.23122344453e-12, 3.53845078238e-12, 3.36474272923e-12, 3.22632567364e-12, 3.15770456658e-12, 3.09704844235e-12, 3.03656101999e-12, 2.94834057342e-12, 2.83779119994e-12, 2.77246845273e-12, 2.751060664e-12],
        "min": [4.97755103194e-13, 4.28058196528e-13, 3.90479207128e-13, 3.82778471463e-13, 3.80028853438e-13, 3.80041863864e-13, 3.85082130029e-13, 3.62143610455e-13, 3.00326766494e-13, 2.66477974669e-13, 2.64011929723e-13, 2.29284608877e-13, 1.91102938595e-13, 1.87348834363e-13, 1.7706573241e-13, 1.69907870325e-13, 1.69706262931e-13, 1.35958965982e-13, 1.19930825796e-13, 1.18075362855e-13, 9.48982916988e-14, 9.37197368323e-14, 8.66545943616e-14, 7.59080637431e-14, 7.62479001378e-14, 6.12458217822e-14, 7.01769575068e-14, 8.16967749961e-14, 1.12389854097e-13, 1.31382264009e-13, 1.57270545328e-13, 1.78921222456e-13, 2.03628726294e-13, 2.30075209101e-13, 2.47122661961e-13, 2.28200298285e-13, 2.37032615757e-13, 2.38504691257e-13, 2.36966154164e-13, 2.46145687383e-13, 2.59935275344e-13, 2.54303603999e-13, 2.21995951353e-13, 2.72301658218e-13, 2.38859333788e-13, 2.39601199124e-13, 2.49035790904e-13, 2.65876730354e-13, 2.31389912656e-13, 1.9825833412e-13, 1.45317351902e-13, 9.75317171318e-14, 8.43898247723e-14, 7.25672641552e-14, 5.31020268989e-14, 5.19469517857e-14, 5.88291351397e-14, 6.02540546212e-14, 5.45041713585e-14, 3.56881340344e-14, 4.66634414757e-14, 7.25498762628e-14, 7.56003739428e-14, 9.20069820028e-14, 1.37387049979e-13, 1.34859002221e-13, 1.59120573705e-13, 1.93702584354e-13, 2.04449860362e-13, 2.44386081467e-13, 2.76756048634e-13, 3.67560365824e-13, 6.91604813783e-13, 1.30999443064e-12, 2.38031035854e-12, 4.1241268213e-12, 6.07423833454e-12, 7.13459369708e-12, 6.97182155757e-12, 5.10087501751e-12, 2.665122463e-12, 8.85814045812e-13, 1.68158211964e-13, 1.75033717311e-14, 4.35013217939e-14, 1.53860309367e-13, 2.14383659479e-13, 1.21328646999e-13, 2.22079926199e-14, 1.749583822e-14, 2.88599879942e-14, 2.32853050264e-14, 9.20175851612e-15, 7.73780775646e-15, 6.481408868e-15, 3.58573017605e-15, 1.37663659176e-15, 1.32763478285e-15, 3.0606648282e-15, 6.48374117322e-15, 1.60515284604e-14, 2.30884528754e-14, 1.82104866939e-14, 5.23854768361e-15, 7.34172583296e-15, 7.1855897087e-15, 5.7609031613e-15, 3.43045760188e-15, 1.22507592771e-15, 7.62437966867e-16, 1.55166409184e-15, 2.05300139986e-15, 1.11717885919e-15, 1.13030818751e-15, 1.95399193042e-15, 1.22611206077e-15, 7.13604082238e-16, 1.71960563193e-15, 1.23284692561e-15, 4.85336379189e-16, 1.24395576271e-15, 6.44349397921e-16, 4.81367871013e-16, 6.56550960466e-16, 5.63931348755e-16, 2.05042496387e-16, 7.69757205034e-17, 5.79753222761e-17],
        "stdev": [6.06694047747e-05, 0.00147768307943, 0.00512802740559, 0.00547006446868, 0.00304465135559, 0.00282158330083, 0.00231278385036, 0.000878229155205, 0.000788826902863, 0.00216258410364, 0.00173986167647, 0.000691155903041, 0.000202275827178, 0.000178807822522, 0.000440191564849, 0.000979979871772, 0.00133293890394, 0.00211545848288, 0.00245479820296, 0.00101707235444, 0.00109164800961, 0.00298774545081, 0.00309371598996, 0.000284940237179, 0.00039588243817, 0.000308439397486, 0.000511582591571, 0.000964143953752, 0.000529511948116, 0.000116547438665, 2.96593989333e-05, 4.96468555866e-06, 1.69093673321e-05, 5.34087412234e-05, 3.75433191948e-05, 1.8992135665e-05, 2.13589191844e-05, 0.000132286571898, 0.000246423267527, 0.000115406524856, 0.000176925517735, 0.00011530698248, 0.00014422312961, 0.000174310829607, 0.000140789343277, 0.000128673884319, 0.000160157564096, 5.81460262765e-05, 4.31187399954e-05, 4.69327715109e-05, 2.22992730414e-05, 1.36352637128e-05, 1.21574330478e-05, 1.47404189192e-05, 2.98693175864e-05, 1.31287670229e-05, 3.35936929332e-05, 3.80701458198e-05, 2.34394228755e-05, 3.96007562813e-05, 1.84546061064e-05, 1.55457619258e-05, 8.6437266873e-06, 6.57995587972e-06, 1.29883219415e-05, 1.50788255269e-05, 2.49015592999e-05, 1.17167146527e-05, 8.77962065715e-06, 2.88295132123e-06, 1.91600815924e-06, 1.5508268234e-06, 1.51103688495e-06, 1.43464239954e-06, 1.63120512298e-06, 1.56446958499e-06, 2.63144897872e-06, 2.63881429419e-06, 4.03585318054e-06, 4.37602511738e-06, 4.51660389444e-06, 3.56813438884e-06, 2.76111154562e-06, 2.38117809204e-06, 2.23015558731e-06, 2.37348126575e-06, 2.02437627195e-06, 2.03634840545e-06, 1.70955797785e-06, 3.14794783662e-06, 4.57377973362e-06, 3.44913360095e-06, 2.12335567085e-06, 3.50445043296e-06, 2.87057582682e-06, 3.98931842938e-06, 4.7584726417e-06, 4.578736025e-06, 3.10646100843e-06, 4.14439364249e-06, 2.90360776489e-06, 2.2690987862e-06, 2.04361731448e-06, 1.31456840791e-06, 6.51050129363e-07, 5.69418773466e-07, 5.16363968472e-07, 2.19558785375e-07, 2.32853537341e-07, 1.19459528491e-07, 1.19715537039e-07, 8.21864745149e-08, 2.16506439443e-08, 3.88286514053e-09, 1.12635456517e-09, 8.29881607878e-10, 1.91793886328e-10, 6.92992494986e-12, 6.11797505018e-12, 6.14545914157e-12, 5.72093631149e-12, 5.5750768585e-12, 5.46931206921e-12, 5.3765100011e-12, 5.29046381356e-12, 5.22753758683e-12, 5.18322971349e-12, 5.15452003996e-12]
    },
    "mfcc": {
        "mean": [-753.192138672, 131.808502197, 10.0584201813, 41.1897544861, 7.08527326584, -0.582015514374, -14.3784217834, -3.53698182106, 0.0762290433049, 2.13864684105, 7.40859794617, -4.62282133102, -6.52822303772],
        "cov": [[21933.8496094, 2815.48828125, -970.116821289, -392.614532471, -1620.53283691, -209.763824463, -794.827453613, 14.3872556686, 53.0766487122, 740.550231934, 1293.11010742, 204.692687988, -11.3232326508], [2815.48828125, 1899.88098145, -390.27633667, 135.345993042, -187.546020508, -43.0265464783, -58.3089866638, 62.178024292, -73.0555419922, 98.4682693481, 387.417541504, 139.188018799, 156.349060059], [-970.116821289, -390.27633667, 1133.14355469, 180.954544067, 236.666305542, 222.584411621, 256.7159729, 90.9012832642, 79.9107437134, -34.8782310486, -57.8351631165, 116.325805664, 96.6921920776], [-392.614532471, 135.345993042, 180.954544067, 520.533813477, 219.814193726, -45.3974342346, -13.2354106903, 12.0820875168, 15.1963996887, -46.7300872803, -68.1073608398, 105.945152283, 179.894271851], [-1620.53283691, -187.546020508, 236.666305542, 219.814193726, 323.781158447, 33.5053291321, 94.0748519897, 29.1828899384, 18.8479137421, -61.6578140259, -114.569854736, 45.5584106445, 73.1423873901], [-209.763824463, -43.0265464783, 222.584411621, -45.3974342346, 33.5053291321, 254.20111084, 139.058624268, 73.8751220703, 90.1654434204, 43.8834877014, 76.9914703369, 28.5745010376, -21.8241271973], [-794.827453613, -58.3089866638, 256.7159729, -13.2354106903, 94.0748519897, 139.058624268, 257.070098877, 72.5379638672, 35.3531188965, -23.6406764984, 19.4570713043, 27.9397678375, 7.65974712372], [14.3872556686, 62.178024292, 90.9012832642, 12.0820875168, 29.1828899384, 73.8751220703, 72.5379638672, 125.241943359, 48.391834259, 12.9386739731, 30.8494243622, 35.4394302368, -10.0943346024], [53.0766487122, -73.0555419922, 79.9107437134, 15.1963996887, 18.8479137421, 90.1654434204, 35.3531188965, 48.391834259, 161.624755859, 78.6242141724, 51.380241394, 23.7731895447, 19.8474597931], [740.550231934, 98.4682693481, -34.8782310486, -46.7300872803, -61.6578140259, 43.8834877014, -23.6406764984, 12.9386739731, 78.6242141724, 174.627487183, 123.514968872, -1.95648539066, 2.13637924194], [1293.11010742, 387.417541504, -57.8351631165, -68.1073608398, -114.569854736, 76.9914703369, 19.4570713043, 30.8494243622, 51.380241394, 123.514968872, 270.001617432, 32.0663642883, 6.44494009018], [204.692687988, 139.188018799, 116.325805664, 105.945152283, 45.5584106445, 28.5745010376, 27.9397678375, 35.4394302368, 23.7731895447, -1.95648539066, 32.0663642883, 129.889770508, 50.3754348755], [-11.3232326508, 156.349060059, 96.6921920776, 179.894271851, 73.1423873901, -21.8241271973, 7.65974712372, -10.0943346024, 19.8474597931, 2.13637924194, 6.44494009018, 50.3754348755, 168.103561401]],
        "icov": [[0.000113128808152, -4.17175979237e-05, -7.14097477612e-05, -9.17173238122e-05, 0.000481924565975, 8.41149958433e-05, 0.000238302862272, -0.000121551966004, 3.91899338865e-05, -0.000131009277538, -0.000273326935712, -0.000150376537931, 2.13017392525e-05], [-4.17175979237e-05, 0.00129964738153, 0.000530186109245, -0.000302695494611, 0.000255595194176, -0.000103538521216, -7.33821434551e-05, -0.00102689454798, 0.00141077849548, 0.000149427141878, -0.00159113144036, -0.000694459944498, -0.00127494044136], [-7.14097477612e-05, 0.000530186109245, 0.00172754353844, -0.000213280800381, -0.000341474631568, -0.00109045940917, -0.00102838606108, -0.000274934893241, 0.000636841228697, -0.000132893910632, 0.000246590032475, -0.000955760595389, -0.00102254224475], [-9.17173238122e-05, -0.000302695494611, -0.000213280800381, 0.00480921473354, -0.00284597370774, 0.000401497120038, 0.00137006887235, -0.000426837126724, -0.000470448285341, 0.000654303701594, 0.00069996714592, -0.00140368670691, -0.00310510932468], [0.000481924565975, 0.000255595194176, -0.000341474631568, -0.00284597370774, 0.00866240914911, -0.00022091678693, -0.0011000019731, -0.000939550227486, 0.000326947047142, -0.000749439874198, 0.000869398529176, -0.000980945071205, -0.000535726372618], [8.41149958433e-05, -0.000103538521216, -0.00109045940917, 0.000401497120038, -0.00022091678693, 0.00852837692946, -0.00241717533208, -0.000892698997632, -0.00303858099505, -0.000105281411379, -0.00204167771153, -0.000140164222103, 0.00203976267949], [0.000238302862272, -7.33821434551e-05, -0.00102838606108, 0.00137006887235, -0.0011000019731, -0.00241717533208, 0.0084381615743, -0.0026577624958, 0.000495546206366, 0.00194182549603, -0.00197448581457, 0.000245259521762, -0.00125060393475], [-0.000121551966004, -0.00102689454798, -0.000274934893241, -0.000426837126724, -0.000939550227486, -0.000892698997632, -0.0026577624958, 0.0128437792882, -0.00361310970038, 0.000276455801213, 0.00112533126958, -0.00152241718024, 0.00358322681859], [3.91899338865e-05, 0.00141077849548, 0.000636841228697, -0.000470448285341, 0.000326947047142, -0.00303858099505, 0.000495546206366, -0.00361310970038, 0.0122541617602, -0.00470066582784, -0.000766911252867, -0.00132290774491, -0.00290986895561], [-0.000131009277538, 0.000149427141878, -0.000132893910632, 0.000654303701594, -0.000749439874198, -0.000105281411379, 0.00194182549603, 0.000276455801213, -0.00470066582784, 0.0117348181084, -0.00458352640271, 0.00178054592106, -0.000483011797769], [-0.000273326935712, -0.00159113144036, 0.000246590032475, 0.00069996714592, 0.000869398529176, -0.00204167771153, -0.00197448581457, 0.00112533126958, -0.000766911252867, -0.00458352640271, 0.0108547257259, -0.001054239925, 0.000133325418574], [-0.000150376537931, -0.000694459944498, -0.000955760595389, -0.00140368670691, -0.000980945071205, -0.000140164222103, 0.000245259521762, -0.00152241718024, -0.00132290774491, 0.00178054592106, -0.001054239925, 0.0121286856011, -0.000466928584501], [2.13017392525e-05, -0.00127494044136, -0.00102254224475, -0.00310510932468, -0.000535726372618, 0.00203976267949, -0.00125060393475, 0.00358322681859, -0.00290986895561, -0.000483011797769, 0.000133325418574, -0.000466928584501, 0.0123015716672]]
    },
    "spectral_contrast_coeffs": {
        "max": [-0.409702956676, -0.38438385725, -0.50775462389, -0.580669760704, -0.594496428967, -0.575926423073],
        "mean": [-0.655641198158, -0.716544628143, -0.770741581917, -0.780139148235, -0.759402394295, -0.72625207901],
        "min": [-0.983623504639, -0.973225057125, -0.99018073082, -0.974643349648, -0.901329994202, -0.926495730877],
        "stdev": [0.0879011526704, 0.111986093223, 0.0848521441221, 0.0691275298595, 0.0628731995821, 0.0719362720847]
    },
    "spectral_contrast_valleys": {
        "max": [-5.25429058075, -5.25697660446, -6.86113166809, -6.12260341644, -6.54426193237, -7.90625238419],
        "mean": [-7.71066045761, -7.53937482834, -9.06333827972, -8.91391944885, -9.00394439697, -11.9715986252],
        "min": [-16.3414115906, -16.1508827209, -15.7268104553, -15.6165866852, -15.6463413239, -18.4359931946],
        "stdev": [1.57206261158, 1.6467744112, 1.38814163208, 1.39730238914, 1.31159722805, 1.28681313992]
    }
},
"rhythm": {
    "beats_count": 35,
    "beats_loudness": {
        "max": 0.135093823075,
        "mean": 0.0379039868712,
        "min": 2.41553129854e-06,
        "stdev": 0.0288566984236
    },
    "bpm": 178.205856323,
    "bpm_histogram_first_peak_bpm": 178,
    "bpm_histogram_first_peak_weight": 0,
    "bpm_histogram_second_peak_bpm": 161,
    "bpm_histogram_second_peak_spread": 0.0999999642372,
    "bpm_histogram_second_peak_weight": 0.264705896378,
    "danceability": 1.03774213791,
    "onset_rate": 2.89983081818,
    "beats_loudness_band_ratio": {
        "max": [0.968930840492, 0.705210864544, 0.897809684277, 0.437183111906, 0.597866594791, 0.162133738399],
        "mean": [0.428133636713, 0.220705270767, 0.258923530579, 0.0478822737932, 0.0872201472521, 0.0300316307694],
        "min": [0.0298270005733, 0.00422413693741, 0.00838341470808, 0.000333810283337, 0.000869785028044, 0.000501187460031],
        "stdev": [0.294683337212, 0.192513421178, 0.236475110054, 0.101805642247, 0.118099346757, 0.0375129878521]
    },
    "beats_position": [0.371519267559, 0.743038535118, 1.11455774307, 1.48607707024, 1.8575963974, 2.22911548615, 2.60063481331, 2.97215414047, 3.35528349876, 3.72680258751, 4.09832191467, 4.45823097229, 4.80653047562, 5.15482997894, 5.51473903656, 5.85142850876, 6.19972801208, 6.54802703857, 6.8963265419, 7.24462556839, 7.58131504059, 7.91800451279, 8.25469398499, 8.59138298035, 8.91646194458, 9.26476192474, 9.6014509201, 9.93814086914, 10.2748298645, 10.6115188599, 10.95981884, 11.2965078354, 11.6215867996, 11.9582767487, 12.294965744],
