{
"metadata": {
    "version": {
        "essentia": "2.1-beta5",
        "essentia_git_sha": "Undefined",
        "extractor": "music 2.0"
    },
    "audio_properties": {
        "analysis": {
            "equal_loudness": 0,
            "length": 12.7477550507,
            "sample_rate": 44100,
            "start_time": 0,
            "downmix": "mix"
        },
        "bit_rate": 192000,
        "length": 211.951751709,
        "lossless": 0,
        "number_channels": 2,
        "replay_gain": 13.9342327118,
        "sample_rate": 44100,
        "codec": "mp3",
        "md5_encoded": "f6a4975be3c173f96be45134c741fcce"
    },
    "tags": {
        "file_name": "Luxembourg_Papa Pingouin_Sophie and Magaly.mp3",
        "encoding": ["Lavf58.29.100"]
    }
},
"lowlevel": {
    "average_loudness": 0.00276467390358,
    "barkbands_crest": {
        "max": 22.6759700775,
        "mean": 7.26491498947,
        "min": 3.67865157127,
        "stdev": 2.29502940178
    },
    "barkbands_flatness_db": {
        "max": 0.362011283636,
        "mean": 0.0930095389485,
        "min": 0.0547209493816,
        "stdev": 0.0475446619093
    },
    "barkbands_kurtosis": {
        "max": 33.4743804932,
        "mean": 3.228307724,
        "min": -1.57902407646,
        "stdev": 2.5492515564
    },
    "barkbands_skewness": {
        "max": 4.66265439987,
        "mean": -1.35329699516,
        "min": -2.3519654274,
        "stdev": 1.19761478901
    },
    "barkbands_spread": {
        "max": 57.2258300781,
        "mean": 24.4533596039,
        "min": 1.67734920979,
        "stdev": 6.35275888443
    },
    "dissonance": {
        "max": 0.499999970198,
        "mean": 0.485606521368,
        "min": 0.308608859777,
        "stdev": 0.0257492754608
    },
    "dynamic_complexity": 5.72613811493,
    "erbbands_crest": {
        "max": 26.0100212097,
        "mean": 4.60605192184,
        "min": 2.47567200661,
        "stdev": 3.20988249779
    },
    "erbbands_flatness_db": {
        "max": 0.328027993441,
        "mean": 0.121102698147,
        "min": 0.07848931849,
        "stdev": 0.0545754544437
    },
    "erbbands_kurtosis": {
        "max": 8.18022155762,
        "mean": 0.170981884003,
        "min": -1.60361123085,
        "stdev": 0.798848390579
    },
    "erbbands_skewness": {
        "max": 2.4454023838,
        "mean": -0.479563057423,
        "min": -1.53829586506,
        "stdev": 0.48448985815
    },
    "erbbands_spread": {
        "max": 60.2436065674,
        "mean": 34.3886489868,
        "min": 8.31751060486,
        "stdev": 6.77331924438
    },
    "hfc": {
        "max": 302.792633057,
        "mean": 5.887611866,
        "min": 1.04514859349e-16,
        "stdev": 25.3637886047
    },
    "loudness_ebu128": {
        "integrated": -35.2094764709,
        "loudness_range": 9.04928207397,
        "momentary": {
            "max": -32.2131195068,
            "mean": -254.992645264,
            "min": -300.691009521,
            "stdev": 99.1485366821
        },
        "short_term": {
            "max": -36.9410705566,
            "mean": -243.961791992,
            "min": -300.691009521,
            "stdev": 106.496192932
        }
    },
    "melbands_crest": {
        "max": 28.761505127,
        "mean": 4.27697896957,
        "min": 1.53868353367,
        "stdev": 4.94529628754
    },
    "melbands_flatness_db": {
        "max": 0.45052048564,
        "mean": 0.043162856251,
        "min": 0.00288232904859,
        "stdev": 0.0873708277941
    },
    "melbands_kurtosis": {
        "max": 64.3866729736,
        "mean": 0.0123396404088,
        "min": -1.58718967438,
        "stdev": 4.56706190109
    },
    "melbands_skewness": {
        "max": 6.4504327774,
        "mean": 0.2724853158,
        "min": -0.520250678062,
        "stdev": 0.806825459003
    },
    "melbands_spread": {
        "max": 163.053421021,
        "mean": 113.881118774,
        "min": 2.0418138504,
        "stdev": 42.3403396606
    },
    "pitch_salience": {
        "max": 0.872159421444,
        "mean": 0.763427853584,
        "min": 0.204174205661,
        "stdev": 0.0804219394922
    },
    "silence_rate_20dB": {
        "max": 1,
        "mean": 0.996363639832,
        "min": 0,
        "stdev": 0.0601925365627
    },
    "silence_rate_30dB": {
        "max": 1,
        "mean": 0.981818199158,
        "min": 0,
        "stdev": 0.133608549833
    },
    "silence_rate_60dB": {
        "max": 1,
        "mean": 0.854545474052,
        "min": 0,
        "stdev": 0.352558374405
    },
    "spectral_centroid": {
        "max": 11777.3408203,
        "mean": 9419.57128906,
        "min": 248.732940674,
        "stdev": 3623.54760742
    },
    "spectral_complexity": {
        "max": 39,
        "mean": 2.54181814194,
        "min": 0,
        "stdev": 7.01174926758
    },
    "spectral_decrease": {
        "max": 2.3841211967e-28,
        "mean": -1.87469506585e-09,
        "min": -1.31123670144e-07,
        "stdev": 9.11149111715e-09
    },
    "spectral_energy": {
        "max": 0.522351801395,
        "mean": 0.00760954944417,
        "min": 9.83572193612e-21,
        "stdev": 0.0364514365792
    },
    "spectral_energyband_high": {
        "max": 0.000827400945127,
        "mean": 1.70356197486e-05,
        "min": 6.97410353169e-21,
        "stdev": 6.58944773022e-05
    },
    "spectral_energyband_low": {
        "max": 0.129511997104,
        "mean": 0.000645441119559,
        "min": 1.10681018867e-23,
        "stdev": 0.00670738890767
    },
    "spectral_energyband_middle_high": {
        "max": 0.109896078706,
        "mean": 0.00225113728084,
        "min": 9.98065201698e-22,
        "stdev": 0.0108196754009
    },
    "spectral_energyband_middle_low": {
        "max": 0.428355306387,
        "mean": 0.00529802916571,
        "min": 1.25814984012e-22,
        "stdev": 0.0292468462139
    },
    "spectral_entropy": {
        "max": 9.82954883575,
        "mean": 9.36458683014,
        "min": 5.67910385132,
        "stdev": 1.01204311848
    },
    "spectral_flux": {
        "max": 0.555850207806,
        "mean": 0.0192308928818,
        "min": 6.27513388474e-11,
        "stdev": 0.0634897872806
    },
    "spectral_kurtosis": {
        "max": 42.1609802246,
        "mean": 0.555230855942,
        "min": -1.27031433582,
        "stdev": 4.69927167892
    },
    "spectral_rms": {
        "max": 0.0225745756179,
        "mean": 0.000872154952958,
        "min": 3.09771305829e-12,
        "stdev": 0.00258133700117
    },
    "spectral_rolloff": {
        "max": 19724.4140625,
        "mean": 16005.1269531,
        "min": 279.931640625,
        "stdev": 6357.22998047
    },
    "spectral_skewness": {
        "max": 4.83448123932,
        "mean": 0.324301183224,
        "min": -0.0981222093105,
        "stdev": 0.7771936059
    },
    "spectral_spread": {
        "max": 42898980,
        "mean": 34435744,
        "min": 1330336.375,
        "stdev": 13905491
    },
    "spectral_strongpeak": {
        "max": 7.27959823608,
        "mean": 0.270693570375,
        "min": 0,
        "stdev": 0.894125699997
    },
    "zerocrossingrate": {
        "max": 0.53173828125,
        "mean": 0.426324576139,
        "min": 0.0029296875,
        "stdev": 0.168406635523
    },
    "barkbands": {
        "max": [0.0001164371497, 0.000316557765473, 0.0176862422377, 0.192363128066, 0.0434008426964, 0.0646183043718, 0.181646227837, 0.0888697057962, 0.0976874679327, 0.0433587916195, 0.0558311194181, 0.0549024008214, 0.0185779947788, 0.0207718275487, 0.0227945689112, 0.0111547987908, 0.00201699975878, 0.00585579918697, 0.00482998928055, 0.00130804488435, 9.28716617636e-05, 7.5334624853e-05, 0.000259262684267, 0.000167165417224, 0.000130642583827, 1.75397944986e-05, 1.75304103323e-06],
        "mean": [1.02067212993e-06, 8.06567095424e-06, 0.000106818355562, 0.00106464535929, 0.000514766026754, 0.000855447375216, 0.000645079475362, 0.000409211905207, 0.00162867293693, 0.000350440648617, 0.00046303315321, 0.000326115230564, 0.000184045813512, 0.000313805503538, 0.000267454597633, 0.0002004448761, 3.71745118173e-05, 0.000117868876259, 8.31468059914e-05, 2.38692464336e-05, 2.4391461011e-06, 1.30550063204e-06, 1.81069640348e-06, 1.18159584872e-06, 1.42855719787e-06, 2.27904948247e-07, 4.05421047844e-08],
        "min": [9.15279871217e-26, 1.98726249926e-24, 5.46772953348e-25, 3.03236800764e-25, 4.00601238156e-24, 2.98711726979e-24, 2.58386261909e-24, 6.84903789612e-24, 7.2087221813e-24, 5.75969592779e-24, 1.05134324849e-23, 1.78713882168e-23, 2.13261461756e-23, 2.55575298068e-23, 2.27302128795e-23, 4.72908323391e-23, 5.2381298118e-23, 7.3836074375e-23, 1.08528264788e-22, 1.23197164875e-22, 2.22895160503e-22, 3.08075830935e-22, 3.35339191985e-22, 5.19197804096e-22, 7.99941863963e-22, 1.22960428348e-21, 1.87373533967e-21],
        "stdev": [5.75862577534e-06, 2.80162385025e-05, 0.000964385224506, 0.0106592057273, 0.00276247924194, 0.00449042813852, 0.00815668608993, 0.00466883881018, 0.00865636672825, 0.00244212336838, 0.00341964978725, 0.00316114164889, 0.00119008182082, 0.00170485116541, 0.00163095525932, 0.00105548335705, 0.000165905628819, 0.000515958876349, 0.000446475780336, 0.00011080490367, 8.56768474478e-06, 5.37341247764e-06, 1.21070315799e-05, 7.87352564657e-06, 8.20763307274e-06, 1.24579355543e-06, 1.77740844265e-07]
    },
    "erbbands": {
        "max": [0.0114783076569, 0.259109765291, 17.6157550812, 385.303588867, 335.182983398, 102.527961731, 346.521636963, 722.526489258, 1291.37890625, 3048.88964844, 2748.88745117, 2453.97680664, 2655.98730469, 1190.80383301, 2540.2421875, 1656.99304199, 704.255615234, 936.709777832, 1333.93530273, 651.539611816, 491.420623779, 125.489593506, 214.367950439, 313.344116211, 238.211929321, 52.9174957275, 10.4397106171, 2.02809357643, 3.4749379158, 1.9218287468, 8.32463359833, 5.22384881973, 2.48948311806, 2.09145784378, 0.997657418251, 0.175076380372, 0.004695429001, 0.00301194610074, 0.00038092667819, 0.000606134242844],
        "mean": [0.000261932611465, 0.00346066476777, 0.105746969581, 2.00572490692, 2.51631593704, 1.70176696777, 4.27223205566, 7.2722363472, 5.83428764343, 11.4364318848, 14.8475179672, 42.2404098511, 17.5915393829, 12.5225057602, 19.9128913879, 11.7787275314, 8.80121612549, 13.0455112457, 19.363653183, 16.0105876923, 4.37507152557, 2.31544017792, 4.340321064, 6.16770029068, 3.22483253479, 1.14247524738, 0.241577401757, 0.0607592016459, 0.0494845435023, 0.0401787869632, 0.0564699210227, 0.036401450634, 0.0145207680762, 0.0157308988273, 0.0106090363115, 0.00242408621125, 8.9782231953e-05, 6.67432905175e-05, 6.33391300653e-06, 9.0411194833e-06],
        "min": [7.08686068415e-23, 5.06465109459e-22, 1.40573397723e-21, 2.49971456759e-21, 7.27596387075e-21, 1.53119936333e-20, 2.38075715016e-20, 3.64356160788e-20, 8.06159303625e-20, 1.23329579103e-19, 2.6043877229e-19, 2.24331097781e-19, 2.52695457028e-19, 4.91706761784e-19, 8.41837632622e-19, 9.02724846548e-19, 1.19832228454e-18, 1.54440255532e-18, 1.77991276643e-18, 2.52627287005e-18, 3.07498188862e-18, 3.77332498486e-18, 4.31395079449e-18, 4.9202994125e-18, 6.05479664777e-18, 6.98958766775e-18, 7.80458473706e-18, 9.07125219933e-18, 9.5413190891e-18, 9.38445669364e-18, 1.00141959114e-17, 9.25365296902e-18, 9.05955255674e-18, 7.00856980844e-18, 6.20345258437e-18, 3.59116699268e-18, 2.13066402273e-18, 8.42335543652e-19, 2.2822652393e-19, 2.54940295963e-20],
        "stdev": [0.000951965106651, 0.0180010572076, 0.942556679249, 20.6100463867, 18.9165172577, 9.16753768921, 24.069234848, 40.0221099854, 58.7789077759, 138.158706665, 139.694732666, 226.106201172, 139.939926147, 91.5391311646, 147.440307617, 97.8576049805, 52.4918174744, 81.2135467529, 99.2494277954, 73.3558731079, 26.6998195648, 10.1040401459, 18.110370636, 28.7310638428, 17.3281974792, 5.18904924393, 0.888052582741, 0.204160764813, 0.220361933112, 0.149676576257, 0.388123452663, 0.246230974793, 0.111623853445, 0.101671725512, 0.0638260245323, 0.0130540076643, 0.000402720907005, 0.000284293026198, 2.49873974099e-05, 4.23319070251e-05]
    },
    "gfcc": {
        "mean": [-1069.26672363, 18.599237442, -25.3292827606, 0.974748730659, -9.18837928772, -1.58378922939, -7.76995563507, -0.0660539567471, -5.22513771057, -1.90137648582, -1.99922454357, -2.8850646019, -1.31892848015],
        "cov": [[200013.515625, 19554.9394531, -25796.8066406, 888.766052246, -9298.12207031, -1618.99963379, -7891.87451172, -39.2838172913, -5334.44238281, -2018.3638916, -1973.92871094, -3007.73779297, -1299.38049316], [19554.9394531, 2189.59960938, -2438.14624023, 102.469566345, -917.189697266, -220.434295654, -760.217895508, -57.3847198486, -477.829467773, -247.37046814, -195.587005615, -329.401641846, -140.906082153], [-25796.8066406, -2438.14624023, 3451.32177734, -69.9810256958, 1184.46691895, 190.539840698, 1019.13146973, -25.3850822449, 688.323608398, 254.463973999, 249.544998169, 393.926391602, 158.399429321], [888.766052246, 102.469566345, -69.9810256958, 64.3400344849, -30.6875782013, -14.7506923676, -49.778842926, -16.1442623138, -33.5882263184, -7.68454551697, -21.2323436737, -13.2962036133, -9.92067146301], [-9298.12207031, -917.189697266, 1184.46691895, -30.6875782013, 465.443847656, 87.8257293701, 362.885223389, 7.34384393692, 233.385757446, 96.8904647827, 86.0591201782, 137.158676147, 64.0018768311], [-1618.99963379, -220.434295654, 190.539840698, -14.7506923676, 87.8257293701, 50.8756103516, 64.2909851074, 20.3225231171, 25.2806282043, 24.2536964417, 16.5444145203, 30.6760578156, 17.5337142944], [-7891.87451172, -760.217895508, 1019.13146973, -49.778842926, 362.885223389, 64.2909851074, 339.888183594, -4.17079734802, 198.608276367, 79.4868545532, 89.1969299316, 122.736412048, 42.2719802856], [-39.2838172913, -57.3847198486, -25.3850822449, -16.1442623138, 7.34384393692, 20.3225231171, -4.17079734802, 34.0499382019, 5.12026357651, 4.33155441284, -1.26211178303, 3.3440015316, 11.331035614], [-5334.44238281, -477.829467773, 688.323608398, -33.5882263184, 233.385757446, 25.2806282043, 198.608276367, 5.12026357651, 191.382324219, 35.6618728638, 40.645450592, 65.8636932373, 38.407333374], [-2018.3638916, -247.37046814, 254.463973999, -7.68454551697, 96.8904647827, 24.2536964417, 79.4868545532, 4.33155441284, 35.6618728638, 47.6179008484, 24.6277961731, 42.1527519226, 12.6191396713], [-1973.92871094, -195.587005615, 249.544998169, -21.2323436737, 86.0591201782, 16.5444145203, 89.1969299316, -1.26211178303, 40.645450592, 24.6277961731, 36.719379425, 33.8698539734, 11.4321594238], [-3007.73779297, -329.401641846, 393.926391602, -13.2962036133, 137.158676147, 30.6760578156, 122.736412048, 3.3440015316, 65.8636932373, 42.1527519226, 33.8698539734, 66.0741195679, 21.0619754791], [-1299.38049316, -140.906082153, 158.399429321, -9.92067146301, 64.0018768311, 17.5337142944, 42.2719802856, 11.331035614, 38.407333374, 12.6191396713, 11.4321594238, 21.0619754791, 20.2924156189]],
        "icov": [[0.00190212158486, -0.00452761631459, 0.00487308949232, -0.00160464283545, 0.00925584696233, -0.00261554121971, 0.00444333767518, -0.00385102303699, 0.00756027828902, -0.00163799023721, 0.00646057445556, -0.00209743157029, 0.00274441530928], [-0.00452761631459, 0.0188870895654, -0.0123411649838, 0.00623975880444, -0.0181113798171, 0.0160886552185, -0.00761246588081, 0.0138294063509, -0.0101287038997, 0.0157083161175, -0.0120729897171, 0.0151169998571, -0.00751395057887], [0.00487308949232, -0.0123411649838, 0.0243746191263, -0.018745502457, 0.0199555493891, -0.014561473392, -0.00330515950918, 0.00119669735432, 0.000801887654234, -0.00837108585984, 0.00792113598436, -0.0166715718806, -0.00069697748404], [-0.00160464283545, 0.00623975880444, -0.018745502457, 0.0512172318995, -0.0161217227578, 0.0176847074181, 0.028996238485, 0.00522791035473, 0.0224343910813, 0.0100081050768, 0.0207520537078, 0.00639877328649, 0.0171684902161], [0.00925584696233, -0.0181113798171, 0.0199555493891, -0.0161217227578, 0.0800795704126, -0.0159926787019, -0.00559100601822, -0.0163433197886, 0.0422328785062, -0.0163399614394, 0.0494727380574, 0.0121574262157, -0.0249758381397], [-0.00261554121971, 0.0160886552185, -0.014561473392, 0.0176847074181, -0.0159926787019, 0.079645678401, -0.0082101225853, -0.0244066826999, 0.0315685346723, 0.0165454372764, 0.016768116504, 0.0206139609218, -0.0219811927527], [0.00444333767518, -0.00761246588081, -0.00330515950918, 0.028996238485, -0.00559100601822, -0.0082101225853, 0.101336576045, -0.01071841456, 0.0191498901695, 0.0202830210328, -0.0287629924715, -0.0274800993502, 0.0871183052659], [-0.00385102303699, 0.0138294063509, 0.00119669735432, 0.00522791035473, -0.0163433197886, -0.0244066826999, -0.01071841456, 0.0869000479579, -0.0339853838086, -0.000305076187942, -0.0101803466678, 0.00086852995446, -0.0415621586144], [0.00756027828902, -0.0101287038997, 0.000801887654234, 0.0224343910813, 0.0422328785062, 0.0315685346723, 0.0191498901695, -0.0339853838086, 0.0946228206158, 0.0120353763923, 0.0675130262971, 0.0248472839594, -0.0133114960045], [-0.00163799023721, 0.0157083161175, -0.00837108585984, 0.0100081050768, -0.0163399614394, 0.0165454372764, 0.0202830210328, -0.000305076187942, 0.0120353763923, 0.0795389711857, -0.019348539412, -0.0167419314384, 0.0256193932146], [0.00646057445556, -0.0120729897171, 0.00792113598436, 0.0207520537078, 0.0494727380574, 0.016768116504, -0.0287629924715, -0.0101803466678, 0.0675130262971, -0.019348539412, 0.152172654867, 0.0154752153903, -0.0442928858101], [-0.00209743157029, 0.0151169998571, -0.0166715718806, 0.00639877328649, 0.0121574262157, 0.0206139609218, -0.0274800993502, 0.00086852995446, 0.0248472839594, -0.0167419314384, 0.0154752153903, 0.106116510928, -0.0509434193373], [0.00274441530928, -0.00751395057887, -0.00069697748404, 0.0171684902161, -0.0249758381397, -0.0219811927527, 0.0871183052659, -0.0415621586144, -0.0133114960045, 0.0256193932146, -0.0442928858101, -0.0509434193373, 0.213256537914]]
    },
    "melbands": {
        "max": [7.44029821362e-05, 0.0107136592269, 0.0615124329925, 0.0131771285087, 0.00961466599256, 0.0146463457495, 0.0261347126216, 0.0277929846197, 0.0242049507797, 0.0163446590304, 0.013084243983, 0.00459762569517, 0.00860964693129, 0.00758571643382, 0.00183693086728, 0.00222953734919, 0.00185453472659, 0.00272177346051, 0.00181740964763, 0.00105694821104, 0.000648657616694, 0.000157395974384, 0.000207116740057, 0.000340251310263, 0.000266874529188, 0.000222041227971, 0.000151507352712, 2.9358016036e-05, 9.06397963263e-06, 2.5262327199e-06, 9.55055611485e-07, 2.2363167318e-06, 9.03840941646e-07, 8.5815725015e-07, 3.44299451172e-06, 7.49922128307e-06, 1.46436480009e-06, 1.01630200788e-06, 2.95516747428e-06, 1.41941166021e-06],
        "mean": [2.04076491173e-06, 5.84338995395e-05, 0.000366901018424, 0.000137990296935, 0.000132742075948, 0.000159898932907, 0.000106031679024, 0.000110747074359, 0.000152783846715, 0.000254359707469, 7.58517126087e-05, 4.45566547569e-05, 6.61104932078e-05, 4.59274706373e-05, 1.71643205249e-05, 2.04583302548e-05, 2.45308092417e-05, 3.22997839248e-05, 2.15192740143e-05, 1.78052705451e-05, 3.03644060295e-06, 1.91382559933e-06, 3.76425850845e-06, 5.29632461621e-06, 5.07418872076e-06, 2.97407132166e-06, 1.44084060594e-06, 6.04132083026e-07, 1.62339190979e-07, 6.00961129749e-08, 2.4393008502e-08, 2.6642380746e-08, 2.57433647732e-08, 2.06023962335e-08, 3.10360306344e-08, 3.48354554092e-08, 1.70367027152e-08, 8.34600566435e-09, 1.26096839637e-08, 1.32307329537e-08],
        "min": [9.41400670488e-25, 7.5823135912e-25, 7.99928722329e-25, 6.72991733563e-25, 7.09478177455e-25, 6.61978594377e-25, 1.18611400076e-24, 1.40395162885e-24, 2.05021438836e-24, 1.37471457016e-24, 1.12879319802e-24, 1.85269998656e-24, 2.25623566895e-24, 2.12737760666e-24, 1.76445366696e-24, 2.3797543262e-24, 2.72865369951e-24, 2.65293902704e-24, 1.96062779409e-24, 2.51310199311e-24, 2.97021276945e-24, 2.37653380155e-24, 3.82146428924e-24, 2.39774863788e-24, 3.46300944378e-24, 3.95477073817e-24, 3.97547557591e-24, 3.37286315269e-24, 4.16434623156e-24, 3.67936677438e-24, 4.43911161245e-24, 4.72585308517e-24, 4.2306247471e-24, 4.5359718987e-24, 3.88290669299e-24, 4.18514967693e-24, 5.43984714618e-24, 5.20041129536e-24, 5.12621419406e-24, 5.72039803294e-24],
        "stdev": [6.70455392537e-06, 0.000559254491236, 0.00348494551145, 0.000797659507953, 0.0006966808578, 0.000859311257955, 0.00117596366908, 0.00127560738474, 0.00127712753601, 0.00137387379073, 0.000674932089169, 0.000346231623553, 0.000479271518998, 0.000438242626842, 0.000109251166577, 0.000135160589707, 0.000155680885655, 0.000168690618011, 0.00012213033915, 9.28758672671e-05, 3.04708300973e-05, 9.80866661848e-06, 1.74986034835e-05, 2.513088657e-05, 2.43006070377e-05, 1.66225618159e-05, 8.42302597448e-06, 2.75945762951e-06, 6.42069380774e-07, 2.17822886839e-07, 8.56720276943e-08, 1.29793804149e-07, 9.74208091975e-08, 7.93991219439e-08, 1.76392632056e-07, 3.31030122425e-07, 8.46848067226e-08, 4.92109997197e-08, 1.28945472966e-07, 7.65904246691e-08]
    },
    "melbands128": {
        "max": [5.47810304852e-05, 4.70921040687e-05, 7.53349522711e-05, 0.000171136372956, 0.000982609926723, 0.0121951894835, 0.0868294909596, 0.087154135108, 0.0304327029735, 0.0130166327581, 0.00698483921587, 0.00533273164183, 0.011256320402, 0.0216043051332, 0.0207616612315, 0.0161372981966, 0.00512297544628, 0.0271997153759, 0.0589322075248, 0.0398821271956, 0.0113467583433, 0.0103042190894, 0.0412112623453, 0.0222146306187, 0.0296819042414, 0.02273892425, 0.0230649579316, 0.0160645265132, 0.00328793050721, 0.00359589792788, 0.0085526118055, 0.00998412165791, 0.0128636779264, 0.0113323470578, 0.0113009568304, 0.00911549292505, 0.00421317620203, 0.00239110994153, 0.00148871075362, 0.00311699253507, 0.00344863324426, 0.0017992304638, 0.00332295987755, 0.00115478166845, 0.00412632618099, 0.00337783177383, 0.00332656339742, 0.00323429028504, 0.000865107343998, 0.00240902299993, 0.00129885307979, 0.000712765322533, 0.000565781141631, 0.000919430865906, 0.000158052018378, 0.000185334385606, 6.20699502178e-05, 0.000335658958647, 0.000276682752883, 0.000102890320704, 0.00032810686389, 0.000665186264087, 0.000441005075118, 0.000320696417475, 0.000386482483009, 0.000324731314322, 0.000245833100053, 0.000339063321007, 5.70512966078e-05, 3.40934566339e-05, 5.04185190948e-05, 4.64493277832e-05, 1.24052348838e-05, 3.88583475797e-06, 7.65337517805e-06, 3.23512495015e-06, 1.01345574421e-06, 1.59612659445e-06, 9.9207011317e-07, 1.57545412094e-06, 1.66680592883e-06, 3.43917577084e-06, 1.82244457392e-06, 8.2702661075e-07, 1.57080944518e-06, 1.2609756368e-06, 9.82563506113e-07, 1.7505044525e-06, 1.87343823654e-06, 6.8699782787e-06, 8.70771782502e-06, 9.38945322559e-06, 3.38722156812e-06, 7.39973017971e-07, 5.09368646817e-07, 4.80060180053e-07, 7.29326302462e-07, 2.14468241211e-06, 4.4772241381e-06, 2.52439303949e-06, 1.39086944273e-06, 1.3296232737e-06, 1.33408639158e-06, 1.18778109481e-06, 1.66956192515e-06, 1.07220671453e-06, 5.54584119072e-07, 6.87514329911e-07, 3.36881470275e-07, 3.43834152261e-08, 1.45143417285e-08, 1.29245254499e-08, 6.90486867683e-09, 4.07652755996e-09, 3.36718031235e-09, 3.15481401003e-08, 6.19529032519e-08, 6.58043841639e-09, 5.48509770937e-09, 3.9080254588e-09, 3.50163409379e-09, 3.52441342777e-09, 3.97735711033e-09, 3.60234730934e-09, 3.26650217986e-09, 3.06933900518e-09, 3.12221137833e-09, 3.20779092178e-09],
        "mean": [6.44198337341e-07, 1.77923504907e-06, 2.13607586375e-06, 3.4374616007e-06, 1.12517673188e-05, 6.94683549227e-05, 0.000414701295085, 0.000533715996426, 0.000211679536733, 0.000108137894131, 8.6602914962e-05, 7.23938937881e-05, 0.000128521191073, 0.000233638318605, 0.000193063853658, 0.000110630229756, 5.59634099773e-05, 8.34564925754e-05, 0.000200592185138, 0.000140694712172, 5.32114645466e-05, 6.00737621426e-05, 0.00014790147543, 0.00023048958974, 0.000417189032305, 0.000167918828083, 0.00012003449956, 8.05373565527e-05, 3.03474407701e-05, 2.95285772154e-05, 6.080204912e-05, 5.10425597895e-05, 7.49865139369e-05, 6.81698511471e-05, 5.54948055651e-05, 4.32594388258e-05, 2.24246705329e-05, 1.41089158205e-05, 1.22392202684e-05, 2.4095255867e-05, 1.89024249266e-05, 2.1889083655e-05, 2.788533493e-05, 1.64661469171e-05, 3.85240164178e-05, 3.19092650898e-05, 3.37286837748e-05, 1.93345094885e-05, 8.91953004611e-06, 3.94507551391e-05, 1.6217425582e-05, 3.19526134263e-06, 2.1973753519e-06, 4.02946079703e-06, 2.58037448475e-06, 1.52919426455e-06, 8.91661329661e-07, 4.88034811497e-06, 4.65401490146e-06, 1.26578640902e-06, 3.94197513742e-06, 1.1225803064e-05, 4.51129608336e-06, 3.48784442394e-06, 5.1086763051e-06, 2.65234075414e-06, 1.93171877072e-06, 2.4123660296e-06, 9.35207140174e-07, 7.76077968112e-07, 7.74841680595e-07, 4.47503566647e-07, 2.19074308916e-07, 1.0182710497e-07, 9.50750944639e-08, 7.65624861288e-08, 3.5847278923e-08, 2.81648979694e-08, 2.22628493418e-08, 2.269215571e-08, 1.88021509473e-08, 3.51749278593e-08, 3.05197787043e-08, 2.4403009391e-08, 2.11176676146e-08, 2.02158343399e-08, 1.99155181235e-08, 2.33268497851e-08, 2.94615603025e-08, 3.74965871686e-08, 3.95895582983e-08, 3.71285580059e-08, 2.4578435287e-08, 1.76245205097e-08, 1.10435713907e-08, 7.95145371768e-09, 6.85538559253e-09, 8.93697116311e-09, 1.41092479922e-08, 1.2317191711e-08, 1.61677924382e-08, 1.22108865241e-08, 1.22018439797e-08, 1.19577601154e-08, 1.3980137048e-08, 1.24173178406e-08, 9.10348507688e-09, 7.05557612335e-09, 3.60858809501e-09, 5.76890757387e-10, 5.06186134674e-11, 3.88357644654e-11, 2.70587406648e-11, 2.22252043158e-11, 2.15471251952e-11, 6.83342493701e-10, 1.25470600576e-09, 2.69103003769e-11, 2.3536778429e-11, 1.9580271432e-11, 1.78939623535e-11, 1.91343278028e-11, 1.95886917798e-11, 1.81611618105e-11, 1.68937953904e-11, 1.40772116186e-11, 1.38969790536e-11, 1.50284056033e-11],
        "min": [4.22171085306e-26, 2.14690245641e-25, 2.27320500379e-25, 3.77164382807e-25, 1.13268888899e-25, 3.51556034975e-25, 9.01712511353e-26, 1.43811524715e-25, 1.89017679601e-25, 1.62993109034e-25, 2.74217985372e-25, 1.73114169796e-25, 3.15485567299e-25, 3.14242741595e-25, 3.19388382672e-25, 1.33881380618e-25, 5.10960886922e-25, 3.42198739481e-25, 2.56890902108e-25, 2.85204968889e-25, 5.66493835029e-25, 3.46724040063e-25, 5.01034403633e-25, 5.79906146747e-25, 4.73146494304e-25, 4.56219264911e-25, 6.53933026656e-26, 3.41599205193e-25, 4.09538568756e-25, 5.47890325516e-25, 5.77086166226e-25, 4.72720065681e-25, 5.76795470983e-25, 5.67264700045e-25, 5.58665771051e-25, 1.11994622157e-24, 5.87069447501e-25, 7.61821267884e-25, 5.48578951783e-25, 6.7700210519e-25, 3.86629776897e-25, 3.89056460953e-25, 9.53922851283e-25, 6.02887637068e-25, 5.05811991794e-25, 6.21181370764e-25, 8.74862718323e-25, 1.07771613073e-24, 1.16953451111e-24, 8.942299438e-25, 1.11157305471e-24, 1.54984100086e-24, 9.35806167556e-25, 1.22385931874e-24, 1.31935408676e-24, 5.02365162676e-25, 1.1972768756e-24, 1.63849802116e-24, 1.54400145801e-24, 1.72601523606e-24, 1.75384447386e-24, 1.56949123019e-24, 1.95122299438e-24, 1.88372667482e-24, 1.75122959718e-24, 1.26316875069e-24, 1.48600903882e-24, 1.28860113323e-24, 2.08104938342e-24, 1.85363892825e-24, 1.56763306833e-24, 1.84088462513e-24, 1.96611767434e-24, 2.68217500105e-24, 1.85073848391e-24, 1.17672754206e-24, 1.82005810559e-24, 3.11124374436e-24, 2.60549022689e-24, 1.99408949875e-24, 1.65729361831e-24, 3.05711467285e-24, 2.73046571301e-24, 2.80788728326e-24, 2.39173672892e-24, 2.81967720392e-24, 3.39047605012e-24, 2.53088784829e-24, 2.05091351634e-24, 3.38736833259e-24, 2.26806838531e-24, 3.20691640052e-24, 2.80400746811e-24, 2.71677069327e-24, 2.70353064905e-24, 3.37396874125e-24, 4.05875680497e-24, 2.4166126687e-24, 3.30279771038e-24, 4.10205343575e-24, 3.37321064592e-24, 3.9885623839e-24, 4.2012956875e-24, 4.41085067052e-24, 3.9465101812e-24, 3.93890043447e-24, 4.53591194527e-24, 3.56698880526e-24, 4.0270047591e-24, 4.10615827347e-24, 3.13300782509e-24, 4.5949435901e-24, 4.73049750374e-24, 4.25405864915e-24, 3.89418345963e-24, 3.44440928692e-24, 3.19674620851e-24, 4.29427635582e-24, 4.85328607022e-24, 4.62270833852e-24, 4.27499028441e-24, 4.6764147778e-24, 5.0349970243e-24, 4.89188148444e-24, 5.02962172609e-24, 5.01102472468e-24, 4.91738338536e-24, 4.37890850917e-24],
        "stdev": [3.08137714455e-06, 6.34065918348e-06, 7.30337569621e-06, 1.4628190911e-05, 7.16118811397e-05, 0.000655561394524, 0.00449365563691, 0.00509399035946, 0.00153249443974, 0.000736453861464, 0.000523118069395, 0.00044128645095, 0.000841901113745, 0.00134147901554, 0.0010827408405, 0.000854299636558, 0.000383549951948, 0.00118029303849, 0.00266796350479, 0.0018019231502, 0.000566541217268, 0.000585395959206, 0.00191993266344, 0.00143946136814, 0.00235687638633, 0.00119724974502, 0.00118603406008, 0.000788894540165, 0.000228625038289, 0.000226807809668, 0.000589848088566, 0.000506757933181, 0.00064286502311, 0.000611621304415, 0.000641608145088, 0.000484671181766, 0.000210234400583, 0.000128985891934, 7.93058716226e-05, 0.000176729183295, 0.000177425521542, 0.000159182396601, 0.000242343216087, 0.000103455757198, 0.000235607498325, 0.000185737735592, 0.000219185341848, 0.000179639682756, 5.65389746043e-05, 0.000221957569011, 9.56972289714e-05, 3.53691575583e-05, 2.61664226855e-05, 4.35246838606e-05, 1.26612712847e-05, 9.8938580777e-06, 4.02990872317e-06, 2.53106991295e-05, 2.31206176977e-05, 7.42254269426e-06, 2.2981521397e-05, 5.29822536919e-05, 2.56183484453e-05, 2.11625192605e-05, 3.08324670186e-05, 1.77747751877e-05, 1.29531208586e-05, 1.71899937413e-05, 4.6550890147e-06, 3.52042934537e-06, 3.63916910828e-06, 2.78595052805e-06, 9.07074138468e-07, 3.59930567129e-07, 4.60908808009e-07, 2.89886088467e-07, 1.22629629118e-07, 1.06965160285e-07, 8.37672402554e-08, 9.67266444718e-08, 9.46648981426e-08, 1.90377875242e-07, 1.4346390742e-07, 8.78976749163e-08, 9.27754442159e-08, 8.37277767118e-08, 8.50967580845e-08, 1.12639646943e-07, 1.46135477053e-07, 3.13900414994e-07, 3.88221565117e-07, 4.13099968455e-07, 1.591898382e-07, 7.4636801628e-08, 5.06573556436e-08, 3.41087798006e-08, 3.66617882719e-08, 9.37960678016e-08, 1.92475042127e-07, 1.13345770103e-07, 7.57887121949e-08, 7.52725526354e-08, 8.45923935344e-08, 7.34751282039e-08, 9.70679323586e-08, 7.82031293056e-08, 4.41547740593e-08, 4.30613980029e-08, 2.19550830849e-08, 2.54860776927e-09, 6.60489662963e-10, 5.82018933049e-10, 3.42460004799e-10, 2.43172981751e-10, 2.05794603581e-10, 3.05814662482e-09, 5.66163782523e-09, 3.37698868869e-10, 2.89408608189e-10, 2.19564616488e-10, 1.93946733673e-10, 2.14122539144e-10, 2.26067678466e-10, 2.10676795454e-10, 1.92091148543e-10, 1.52593021552e-10, 1.53614398979e-10, 1.69682393136e-10]
    },
    "mfcc": {
        "mean": [-1172.30773926, 24.5028781891, -6.44297170639, 1.96629989147, -0.0658072531223, -2.30092072487, -0.589885652065, -1.42171835899, -3.05035948753, 0.470628499985, -1.24734437466, -3.12258291245, -1.83732664585],
        "cov": [[46657.4375, 12135.5810547, -3370.28759766, 817.815612793, -58.6359558105, -1185.60766602, -256.190582275, -668.492797852, -1539.95043945, 288.161529541, -607.231079102, -1574.37536621, -920.637268066], [12135.5810547, 3335.78393555, -810.813781738, 263.962158203, -50.3663520813, -309.599029541, -124.1639328, -184.01675415, -405.531555176, 58.0589485168, -179.962768555, -404.428527832, -231.36807251], [-3370.28759766, -810.813781738, 354.306945801, -16.6627559662, -7.36036777496, 91.7711181641, -9.87237167358, 39.9249076843, 109.688865662, -38.2708053589, 23.1637039185, 121.515396118, 71.6344909668], [817.815612793, 263.962158203, -16.6627559662, 81.1276702881, 7.3462266922, -10.3298339844, -15.7596340179, -28.3078670502, -29.3248138428, -15.0736227036, -17.0341072083, -25.297668457, -23.5174388885], [-58.6359558105, -50.3663520813, -7.36036777496, 7.3462266922, 53.243434906, 4.5810842514, -1.42663657665, 0.944095492363, 19.5453300476, 7.96793174744, 0.395654350519, -2.86582970619, -12.7315587997], [-1185.60766602, -309.599029541, 91.7711181641, -10.3298339844, 4.5810842514, 50.6216812134, 23.1488723755, 13.1647262573, 35.6513595581, -16.9592990875, 15.5346384048, 39.0299606323, 23.2007369995], [-256.190582275, -124.1639328, -9.87237167358, -15.7596340179, -1.42663657665, 23.1488723755, 72.0609664917, 4.89724159241, -6.5589928627, -7.02875185013, 20.114938736, 1.33333671093, 3.88988018036], [-668.492797852, -184.01675415, 39.9249076843, -28.3078670502, 0.944095492363, 13.1647262573, 4.89724159241, 30.5016651154, 25.8601837158, 0.0737831369042, 9.93689918518, 22.2583198547, 12.8575687408], [-1539.95043945, -405.531555176, 109.688865662, -29.3248138428, 19.5453300476, 35.6513595581, -6.5589928627, 25.8601837158, 73.9111633301, -3.18750095367, 18.6885795593, 55.9390220642, 28.3705940247], [288.161529541, 58.0589485168, -38.2708053589, -15.0736227036, 7.96793174744, -16.9592990875, -7.02875185013, 0.0737831369042, -3.18750095367, 24.8246898651, -1.62472367287, -12.8917760849, -9.17478656769], [-607.231079102, -179.962768555, 23.1637039185, -17.0341072083, 0.395654350519, 15.5346384048, 20.114938736, 9.93689918518, 18.6885795593, -1.62472367287, 19.9976005554, 18.2497329712, 10.210439682], [-1574.37536621, -404.428527832, 121.515396118, -25.297668457, -2.86582970619, 39.0299606323, 1.33333671093, 22.2583198547, 55.9390220642, -12.8917760849, 18.2497329712, 63.6157875061, 34.5957679749], [-920.637268066, -231.36807251, 71.6344909668, -23.5174388885, -12.7315587997, 23.2007369995, 3.88988018036, 12.8575687408, 28.3705940247, -9.17478656769, 10.210439682, 34.5957679749, 29.6536407471]],
        "icov": [[0.00124154333025, -0.0037207310088, 0.00127924617846, 0.00244119903073, -0.00281058205292, 0.00341195450164, -0.00295372144319, 0.00152714049909, 0.00142659945413, 0.00140591652598, 0.0019031962147, -9.86443046713e-05, 0.00273971236311], [-0.0037207310088, 0.0167911555618, 0.00143629708327, -0.0156709905714, 0.0166202485561, -0.00539191300049, 0.0103173647076, -0.00433420436457, -0.00492224376649, -0.00418809521943, 0.0133260944858, 0.0139562543482, -0.00597952771932], [0.00127924617846, 0.00143629708327, 0.0190396066755, -0.0132800368592, 0.00743332924321, -0.00185521831736, -0.000353917625034, -0.00333901308477, -0.00385155901313, -0.0015114180278, 0.0282197184861, 5.16566542501e-05, -0.00602624984458], [0.00244119903073, -0.0156709905714, -0.0132800368592, 0.0597163252532, -0.0218376219273, -0.000527122290805, 0.000596457452048, 0.0271999370307, 0.00918236095458, 0.0376741290092, -0.0262947212905, -0.0171304643154, 0.0440350137651], [-0.00281058205292, 0.0166202485561, 0.00743332924321, -0.0218376219273, 0.0641788169742, -0.0123663423583, 0.00173391436692, 0.000118768948596, -0.0450746305287, -0.0110180033371, 0.0387525931001, 0.0316952168941, 0.0334885790944], [0.00341195450164, -0.00539191300049, -0.00185521831736, -0.000527122290805, -0.0123663423583, 0.0897913351655, -0.0315532460809, 0.00903163570911, -0.00672688242048, 0.0266893412918, 0.0229171011597, 0.00118470366579, -0.00199510785751], [-0.00295372144319, 0.0103173647076, -0.000353917625034, 0.000596457452048, 0.00173391436692, -0.0315532460809, 0.0456972382963, -0.00528412684798, 0.0206703525037, 0.00461468659341, -0.0412484481931, 0.0113080237061, -0.00548450509086], [0.00152714049909, -0.00433420436457, -0.00333901308477, 0.0271999370307, 0.000118768948596, 0.00903163570911, -0.00528412684798, 0.0675374940038, -0.0134134022519, 0.0157041829079, 0.000519513792824, -0.0012713635806, 0.0266231559217], [0.00142659945413, -0.00492224376649, -0.00385155901313, 0.00918236095458, -0.0450746305287, -0.00672688242048, 0.0206703525037, -0.0134134022519, 0.0989931225777, -0.0106788929552, -0.0378019884229, -0.0465385988355, -0.0192158296704], [0.00140591652598, -0.00418809521943, -0.0015114180278, 0.0376741290092, -0.0110180033371, 0.0266893412918, 0.00461468659341, 0.0157041829079, -0.0106788929552, 0.0969071835279, -0.00887858215719, 0.0147351389751, 0.0375403985381], [0.0019031962147, 0.0133260944858, 0.0282197184861, -0.0262947212905, 0.0387525931001, 0.0229171011597, -0.0412484481931, 0.000519513792824, -0.0378019884229, -0.00887858215719, 0.203153192997, 0.0177120920271, 0.0207365565002], [-9.86443046713e-05, 0.0139562543482, 5.16566542501e-05, -0.0171304643154, 0.0316952168941, 0.00118470366579, 0.0113080237061, -0.0012713635806, -0.0465385988355, 0.0147351389751, 0.0177120920271, 0.15036983788, -0.0285777635872], [0.00273971236311, -0.00597952771932, -0.00602624984458, 0.0440350137651, 0.0334885790944, -0.00199510785751, -0.00548450509086, 0.0266231559217, -0.0192158296704, 0.0375403985381, 0.0207365565002, -0.0285777635872, 0.182921633124]]
    },
    "spectral_contrast_coeffs": {
        "max": [-0.324732601643, -0.410207808018, -0.506863534451, -0.573899030685, -0.617328226566, -0.724992454052],
        "mean": [-0.904423475266, -0.919576942921, -0.926228225231, -0.926483511925, -0.926774203777, -0.933534920216],
        "min": [-0.983125269413, -0.985056757927, -0.980906546116, -0.974277377129, -0.971846461296, -0.966167509556],
        "stdev": [0.139820322394, 0.112437322736, 0.0876047983766, 0.0874380022287, 0.0797794237733, 0.0610691197217]
    },
    "spectral_contrast_valleys": {
        "max": [-5.52579975128, -3.98153567314, -4.87347745895, -5.36184453964, -6.4958114624, -9.29885292053],
        "mean": [-24.0539875031, -23.9146938324, -24.0378875732, -24.0569972992, -24.1143245697, -24.655254364],
        "min": [-28.1989135742, -28.0889453888, -27.9483451843, -27.7056293488, -27.6591091156, -27.4232082367],
        "stdev": [7.15537500381, 7.45323991776, 7.29024505615, 7.18219041824, 7.10906124115, 5.88146495819]
    }
},
"rhythm": {
    "beats_count": 24,
    "beats_loudness": {
        "max": 0.276362806559,
        "mean": 0.0195010807365,
        "min": 0,
        "stdev": 0.0613530278206
    },
    "bpm": 126.414833069,
    "bpm_histogram_first_peak_bpm": 126,
    "bpm_histogram_first_peak_weight": 0.333333313465,
    "bpm_histogram_second_peak_bpm": 120,
    "bpm_histogram_second_peak_spread": 0,
    "bpm_histogram_second_peak_weight": 0.217391297221,
    "danceability": 1.1519985199,
    "onset_rate": 0.470242828131,
    "beats_loudness_band_ratio": {
        "max": [0.0793664306402, 0.117030136287, 0.610793590546, 0.45231321454, 0.196248441935, 0.794325590134],
        "mean": [0.0082536181435, 0.011736202985, 0.0608744323254, 0.029718613252, 0.0223271027207, 0.0347838290036],
        "min": [0, 0, 0, 0, 0, 0],
        "stdev": [0.0219597946852, 0.0315265655518, 0.168331623077, 0.0950398892164, 0.0552000924945, 0.158481255174]
    },
    "beats_position": [0.557278871536, 1.1261677742, 1.69505667686, 2.26394557953, 2.83283448219, 3.36689329147, 3.90095233917, 4.43501138687, 4.91102027893, 5.38702917099, 5.86303853989, 6.33904743195, 6.81505680084, 7.2910656929, 7.75546455383, 8.20825386047, 8.66104316711, 9.16027164459, 9.65950107574, 10.1587295532, 10.6579589844, 11.1223583221, 11.6099767685, 12.1092061996],
    "bpm_histogram": [0, 0, 0, 0, 0, 0, 0, 0, 0, 0, 0, 0, 0, 0, 0, 0, 0, 0, 0, 0, 0, 0, 0, 0, 0, 0, 0, 0, 0, 0, 0, 0, 0, 0, 0, 0, 0, 0, 0, 0, 0, 0, 0, 0, 0, 0, 0, 0, 0, 0, 0, 0, 0, 0, 0, 0, 0, 0, 0, 0, 0, 0, 0, 0, 0, 0, 0, 0, 0, 0, 0, 0, 0, 0, 0, 0, 0, 0, 0, 0, 0, 0, 0, 0, 0, 0, 0, 0, 0, 0, 0, 0, 0, 0, 0, 0, 0, 0, 0, 0, 0, 0, 0, 0, 0, 0.173913046718, 0, 0, 0, 0, 0, 0, 0.130434781313, 0, 0, 0, 0, 0, 0, 0, 0.217391297221, 0, 0, 0.0434782616794, 0, 0, 0.260869562626, 0, 0, 0.0869565233588, 0, 0, 0, 0.0869565233588, 0, 0, 0, 0, 0, 0, 0, 0, 0, 0, 0, 0, 0, 0, 0, 0, 0, 0, 0, 0, 0, 0, 0, 0, 0, 0, 0, 0, 0, 0, 0, 0, 0, 0, 0, 0, 0, 0, 0, 0, 0, 0, 0, 0, 0, 0, 0, 0, 0, 0, 0, 0, 0, 0, 0, 0, 0, 0, 0, 0, 0, 0, 0, 0, 0, 0, 0, 0, 0, 0, 0, 0, 0, 0, 0, 0, 0, 0, 0, 0, 0, 0, 0, 0, 0, 0, 0, 0, 0, 0, 0, 0, 0, 0, 0, 0, 0, 0, 0, 0, 0, 0, 0, 0, 0, 0, 0, 0, 0, 0, 0, 0, 0, 0, 0, 0]
},
"tonal": {
    "chords_changes_rate": 0.0289855077863,
