{
"metadata": {
    "version": {
        "essentia": "2.1-beta5",
        "essentia_git_sha": "Undefined",
        "extractor": "music 2.0"
    },
    "audio_properties": {
        "analysis": {
            "equal_loudness": 0,
            "length": 32.4963264465,
            "sample_rate": 44100,
            "start_time": 45.2440834045,
            "downmix": "mix"
        },
        "bit_rate": 192000,
        "length": 182.601730347,
        "lossless": 0,
        "number_channels": 2,
        "replay_gain": -9.02811431885,
        "sample_rate": 48000,
        "codec": "mp3",
        "md5_encoded": "2317d422906570898c7ed116ec9ce65d"
    },
    "tags": {
        "file_name": "Denmark_Tænker Altid På Dig_Bamses Venner.mp3",
        "encoding": ["Lavf58.29.100"]
    }
},
"lowlevel": {
    "average_loudness": 0.950789391994,
    "barkbands_crest": {
        "max": 25.2213897705,
        "mean": 12.3084125519,
        "min": 3.65420603752,
        "stdev": 4.22877407074
    },
    "barkbands_flatness_db": {
        "max": 0.41779500246,
        "mean": 0.230888590217,
        "min": 0.07648691535,
        "stdev": 0.0562879219651
    },
    "barkbands_kurtosis": {
        "max": 109.01146698,
        "mean": 6.98094701767,
        "min": -1.65202713013,
        "stdev": 10.448925972
    },
    "barkbands_skewness": {
        "max": 9.13099765778,
        "mean": 1.84445214272,
        "min": -1.43185770512,
        "stdev": 1.25846374035
    },
    "barkbands_spread": {
        "max": 69.0963439941,
        "mean": 10.3473482132,
        "min": 0.706658840179,
        "stdev": 7.52306032181
    },
    "dissonance": {
        "max": 0.49703514576,
        "mean": 0.419019639492,
        "min": 0.191170334816,
        "stdev": 0.047588147223
    },
    "dynamic_complexity": 2.45732164383,
    "erbbands_crest": {
        "max": 28.7258930206,
        "mean": 12.0088481903,
        "min": 3.01295137405,
        "stdev": 5.26711130142
    },
    "erbbands_flatness_db": {
        "max": 0.376756370068,
        "mean": 0.220865815878,
        "min": 0.0817459151149,
        "stdev": 0.0488563589752
    },
    "erbbands_kurtosis": {
        "max": 28.4866809845,
        "mean": 1.74961447716,
        "min": -1.69350600243,
        "stdev": 3.13813972473
    },
    "erbbands_skewness": {
        "max": 4.38800382614,
        "mean": 0.699596047401,
        "min": -2.13427591324,
        "stdev": 0.82594370842
    },
    "erbbands_spread": {
        "max": 111.918251038,
        "mean": 25.778087616,
        "min": 3.53719782829,
        "stdev": 16.0681037903
    },
    "hfc": {
        "max": 62.3704948425,
        "mean": 12.5925102234,
        "min": 0.0610788911581,
        "stdev": 10.1975336075
    },
    "loudness_ebu128": {
        "integrated": -15.0571012497,
        "loudness_range": 3.12665653229,
        "momentary": {
            "max": -10.3829288483,
            "mean": -15.4643163681,
            "min": -21.3503322601,
            "stdev": 1.89524829388
        },
        "short_term": {
            "max": -12.9445171356,
            "mean": -15.1613750458,
            "min": -17.8653278351,
            "stdev": 1.18403863907
        }
    },
    "melbands_crest": {
        "max": 32.0442276001,
        "mean": 16.3080024719,
        "min": 5.72818660736,
        "stdev": 5.01700544357
    },
    "melbands_flatness_db": {
        "max": 0.557150959969,
        "mean": 0.298440188169,
        "min": 0.0720884129405,
        "stdev": 0.0733591467142
    },
    "melbands_kurtosis": {
        "max": 169.521835327,
        "mean": 13.8638944626,
        "min": -1.42693328857,
        "stdev": 18.746099472
    },
    "melbands_skewness": {
        "max": 9.64038562775,
        "mean": 2.492166996,
        "min": -0.940248429775,
        "stdev": 1.62294757366
    },
    "melbands_spread": {
        "max": 68.5339584351,
        "mean": 11.1303749084,
        "min": 0.653551876545,
        "stdev": 7.33081483841
    },
    "pitch_salience": {
        "max": 0.825538396835,
        "mean": 0.467669010162,
        "min": 0.0802920162678,
        "stdev": 0.122626982629
    },
    "silence_rate_20dB": {
        "max": 1,
        "mean": 1,
        "min": 1,
        "stdev": 0
    },
    "silence_rate_30dB": {
        "max": 1,
        "mean": 0.988579571247,
        "min": 0,
        "stdev": 0.106254749
    },
    "silence_rate_60dB": {
        "max": 1,
        "mean": 0.0192719493061,
        "min": 0,
        "stdev": 0.13748049736
    },
    "spectral_centroid": {
        "max": 2655.23071289,
        "mean": 667.957519531,
        "min": 158.184768677,
        "stdev": 288.53704834
    },
    "spectral_complexity": {
        "max": 38,
        "mean": 12.3918628693,
        "min": 0,
        "stdev": 4.34830999374
    },
    "spectral_decrease": {
        "max": -3.19550289007e-11,
        "mean": -8.25332069354e-09,
        "min": -4.6506318796e-08,
        "stdev": 5.99167737647e-09
    },
    "spectral_energy": {
        "max": 0.178106307983,
        "mean": 0.0322921127081,
        "min": 0.000126144906972,
        "stdev": 0.0232212729752
    },
    "spectral_energyband_high": {
        "max": 0.00368308625184,
        "mean": 0.000123839417938,
        "min": 7.37434362463e-08,
        "stdev": 0.000324780849041
    },
    "spectral_energyband_low": {
        "max": 0.143837884068,
        "mean": 0.0141462003812,
        "min": 2.79847754427e-05,
        "stdev": 0.0166069418192
    },
    "spectral_energyband_middle_high": {
        "max": 0.0536469109356,
        "mean": 0.00321608316153,
        "min": 1.7501264665e-05,
        "stdev": 0.00437787175179
    },
    "spectral_energyband_middle_low": {
        "max": 0.12836381793,
        "mean": 0.0160193648189,
        "min": 7.7321419667e-05,
        "stdev": 0.0153437322006
    },
    "spectral_entropy": {
        "max": 8.32304096222,
        "mean": 6.82808732986,
        "min": 5.37542057037,
        "stdev": 0.485698789358
    },
    "spectral_flux": {
        "max": 0.307671546936,
        "mean": 0.0763274878263,
        "min": 0.00807290989906,
        "stdev": 0.0473389923573
    },
    "spectral_kurtosis": {
        "max": 75.9901275635,
        "mean": 11.0811491013,
        "min": -0.838483810425,
        "stdev": 8.94832992554
    },
    "spectral_rms": {
        "max": 0.0131818912923,
        "mean": 0.00528467446566,
        "min": 0.000350810791133,
        "stdev": 0.00189120520372
    },
    "spectral_rolloff": {
        "max": 8354.8828125,
        "mean": 682.914794922,
        "min": 86.1328125,
        "stdev": 704.571472168
    },
    "spectral_skewness": {
        "max": 6.64898061752,
        "mean": 2.37933063507,
        "min": 0.470698326826,
        "stdev": 0.841144800186
    },
    "spectral_spread": {
        "max": 11582677,
        "mean": 3157417.5,
        "min": 900865.375,
        "stdev": 1496007
    },
    "spectral_strongpeak": {
        "max": 6.9570775032,
        "mean": 1.03893005848,
        "min": 0.0186108779162,
        "stdev": 1.13119971752
    },
    "zerocrossingrate": {
        "max": 0.18701171875,
        "mean": 0.0290936864913,
        "min": 0.00341796875,
        "stdev": 0.0198917798698
    },
    "barkbands": {
        "max": [0.000588326016441, 0.113441050053, 0.0721790790558, 0.0239227563143, 0.0544258616865, 0.0336169935763, 0.108472146094, 0.0960431918502, 0.0151951937005, 0.0462012402713, 0.0145032834262, 0.0188660286367, 0.0150705734268, 0.0102812312543, 0.0112548340112, 0.00410710647702, 0.0028578126803, 0.00274045928381, 0.00355087127537, 0.000636926793959, 0.000474095053505, 0.000574030796997, 0.000863947323523, 0.00118499842938, 0.00118103669956, 0.000328813883243, 2.3296688596e-06],
        "mean": [3.27389207087e-05, 0.00860965717584, 0.00466155121103, 0.00130477920175, 0.00459009269252, 0.00122157344595, 0.00378632661887, 0.00336535577662, 0.00103135593235, 0.00120498344768, 0.000388695363654, 0.000674834882375, 0.000293748918921, 0.000390368310036, 0.000233650716837, 0.000109700828034, 9.19311205507e-05, 9.83210557024e-05, 6.75309711369e-05, 2.06997319765e-05, 2.12945597013e-05, 2.77300241578e-05, 1.7348149413e-05, 2.16850676225e-05, 2.20246511162e-05, 4.13530642618e-06, 3.97019261911e-09],
        "min": [5.28000843047e-09, 1.22238418498e-06, 1.01057537449e-06, 3.62366108675e-06, 6.19422598902e-06, 1.24683515423e-06, 3.14222552333e-06, 6.91581635692e-06, 3.89757678931e-06, 5.45237469396e-07, 6.68790335112e-07, 3.34197778784e-07, 6.71232328386e-07, 3.26260796157e-08, 1.74133944597e-07, 3.03766569232e-07, 8.56666915183e-08, 1.80315595344e-07, 2.22148450746e-08, 1.70216889472e-08, 3.58286875723e-08, 1.47212171342e-08, 2.58027532674e-09, 2.34388841669e-09, 2.11173234455e-09, 3.05725611494e-10, 2.01134768563e-11],
        "stdev": [6.78140931996e-05, 0.0137360058725, 0.00531314499676, 0.00235088774934, 0.00613936409354, 0.00233230181038, 0.0100031113252, 0.00851176679134, 0.00169315596577, 0.00247505540028, 0.00102293607779, 0.00192813167814, 0.000841333181597, 0.000930746609811, 0.000825663737487, 0.000217247987166, 0.000167686899658, 0.000198505062144, 0.000149071172928, 3.8326226786e-05, 4.68274884042e-05, 5.14668026881e-05, 5.9678011894e-05, 9.01760431589e-05, 9.42413098528e-05, 2.38441480178e-05, 6.32825845059e-08]
    },
    "erbbands": {
        "max": [2.10412669182, 30.6232719421, 58.8200569153, 73.577255249, 154.8828125, 181.128036499, 163.449035645, 431.819580078, 1317.06030273, 1682.796875, 1219.89685059, 403.453826904, 1424.46130371, 376.517333984, 1251.16821289, 778.231140137, 602.608520508, 570.671875, 714.53692627, 239.538162231, 179.240264893, 167.496871948, 157.214492798, 100.069793701, 170.338821411, 25.8051376343, 20.7324790955, 24.0705547333, 22.0320949554, 19.9731655121, 23.9097995758, 25.008928299, 24.7257156372, 21.5262680054, 9.96865844727, 2.83067631721, 0.554229319096, 0.0218673814088, 0.000599553284701, 0.000193933738046],
        "mean": [0.144442304969, 2.26196742058, 5.78100061417, 5.21722078323, 9.68791294098, 18.1114807129, 7.24449253082, 12.2678766251, 49.9210700989, 66.3951950073, 53.8339538574, 26.46235466, 43.8971138, 20.2033939362, 27.9159927368, 19.1851863861, 13.593454361, 21.444776535, 16.1266899109, 6.98635816574, 5.62518024445, 4.85897922516, 6.41059970856, 2.98216605186, 3.16856789589, 1.01757526398, 0.755375862122, 0.990386128426, 1.11362361908, 0.622281134129, 0.461860179901, 0.456063181162, 0.36397793889, 0.264821082354, 0.13078661263, 0.0360054075718, 0.00596708292142, 0.000166591300513, 2.21551254072e-05, 3.69507652067e-05],
        "min": [6.17811456323e-05, 0.000916477350984, 0.00478233769536, 0.0327256694436, 0.0370498634875, 0.0127038927749, 0.00762938335538, 0.0105633074418, 0.0420597270131, 0.13183811307, 0.166277125478, 0.134852811694, 0.100829936564, 0.0420197546482, 0.0377543903887, 0.0521236099303, 0.0614603199065, 0.00458309147507, 0.00440601399168, 0.0161495115608, 0.0167856942862, 0.00921776238829, 0.0106855221093, 0.00153391761705, 0.00132344092708, 0.000891101313755, 0.00111506029498, 0.00180333224125, 0.000542402092833, 6.86295534251e-05, 9.32661350816e-05, 4.71972125524e-05, 4.51373962278e-05, 3.33950738423e-05, 1.21476477943e-05, 7.06167293174e-06, 9.22526226077e-07, 2.67463633463e-07, 1.11537040937e-07, 1.46972581661e-07],
        "stdev": [0.282637685537, 3.48751544952, 6.03713226318, 8.13689804077, 13.7044525146, 25.7604198456, 12.2559890747, 27.3283748627, 130.676605225, 165.406265259, 114.144493103, 38.39868927, 89.3839187622, 32.1330375671, 80.7457122803, 49.075717926, 35.9796333313, 49.067855835, 48.6982078552, 15.3663606644, 10.1410541534, 8.59705257416, 12.3977813721, 4.91634654999, 7.57620096207, 1.8073900938, 1.60941159725, 2.33169198036, 2.06969881058, 1.60839533806, 1.65013408661, 1.79407286644, 1.704164505, 1.27865147591, 0.618942499161, 0.195128530264, 0.0362283177674, 0.00101856875699, 3.70669040421e-05, 2.58044146904e-05]
    },
    "gfcc": {
        "mean": [-56.096862793, 156.379043579, -119.313194275, 26.7411746979, -61.4268531799, 11.1475276947, -32.4461669922, 7.22923231125, -11.2595310211, -11.1987218857, -7.92616319656, -16.3655319214, -5.34148788452],
        "cov": [[2430.28393555, -834.564025879, -272.83380127, -10.4376440048, -267.540679932, 242.679916382, -241.737518311, 81.9691314697, -56.2893066406, 168.008529663, -98.8119506836, 69.3129959106, -96.7872772217], [-834.564025879, 1124.11132812, 104.963882446, 2.90771245956, 361.804718018, -222.235916138, 313.603179932, -68.2171554565, 159.690704346, -161.703018188, 230.475372314, -96.2501373291, 108.271362305], [-272.83380127, 104.963882446, 680.95123291, 151.894134521, 157.215209961, 144.512588501, 119.064407349, 117.550079346, -24.818731308, 33.5770759583, 4.50598049164, 104.658081055, 20.7302436829], [-10.4376440048, 2.90771245956, 151.894134521, 475.60848999, 173.677734375, -67.4635696411, 23.5713691711, 40.2747421265, 76.6973800659, 5.17722034454, 10.0429830551, -10.7350034714, 66.0661621094], [-267.540679932, 361.804718018, 157.215209961, 173.677734375, 387.494140625, -33.1233940125, 97.905380249, 32.9055786133, 90.3791732788, 20.7031269073, 86.3793411255, -15.6683416367, 36.4555397034], [242.679916382, -222.235916138, 144.512588501, -67.4635696411, -33.1233940125, 378.642333984, 61.333480835, 47.0579795837, -22.0568714142, 37.7881889343, -52.0550117493, 57.8583641052, -24.5775718689], [-241.737518311, 313.603179932, 119.064407349, 23.5713691711, 97.905380249, 61.333480835, 296.892272949, 29.7587394714, 51.4223327637, -62.293510437, 35.7125930786, 31.5199947357, 44.8304481506], [81.9691314697, -68.2171554565, 117.550079346, 40.2747421265, 32.9055786133, 47.0579795837, 29.7587394714, 128.249221802, 28.7453994751, 37.0491256714, -12.7590475082, 29.276763916, 4.10731506348], [-56.2893066406, 159.690704346, -24.818731308, 76.6973800659, 90.3791732788, -22.0568714142, 51.4223327637, 28.7453994751, 187.338058472, 40.8001289368, 50.8084030151, -60.1749458313, 29.9903240204], [168.008529663, -161.703018188, 33.5770759583, 5.17722034454, 20.7031269073, 37.7881889343, -62.293510437, 37.0491256714, 40.8001289368, 167.178863525, 22.4081497192, 15.9326629639, -33.1182937622], [-98.8119506836, 230.475372314, 4.50598049164, 10.0429830551, 86.3793411255, -52.0550117493, 35.7125930786, -12.7590475082, 50.8084030151, 22.4081497192, 181.472015381, -3.22390341759, 22.5488700867], [69.3129959106, -96.2501373291, 104.658081055, -10.7350034714, -15.6683416367, 57.8583641052, 31.5199947357, 29.276763916, -60.1749458313, 15.9326629639, -3.22390341759, 137.022216797, 12.7401781082], [-96.7872772217, 108.271362305, 20.7302436829, 66.0661621094, 36.4555397034, -24.5775718689, 44.8304481506, 4.10731506348, 29.9903240204, -33.1182937622, 22.5488700867, 12.7401781082, 100.339141846]],
        "icov": [[0.000647177337669, -2.9577515761e-06, 0.000492553750519, -0.000356838601874, 0.000287724338705, -0.000517966982443, 0.000342699844623, -0.000582868349738, 0.000121058699733, -0.000323368905811, -7.08216102794e-05, -0.000377038610168, 0.000320857448969], [-2.9577515761e-06, 0.00862185657024, -0.00279654818587, 0.00444091111422, -0.00542668020353, 0.00441835680977, -0.00536449393257, 0.00448915921152, -0.00385689968243, 0.00620063720271, -0.00520635489374, 0.00402815127745, -0.00252768443897], [0.000492553750519, -0.00279654818587, 0.00372615968809, -0.00235583027825, 0.00124361016788, -0.00246872543357, 0.00144017441198, -0.00338440365158, 0.00242785387672, -0.00252819852903, 0.00148733227979, -0.00237666908652, 0.0011200082954], [-0.000356838601874, 0.00444091111422, -0.00235583027825, 0.00557521497831, -0.00398375187069, 0.00314665958285, -0.00240646954626, 0.00247570942156, -0.00294331787154, 0.00343924504705, -0.00182484171819, 0.00231984979473, -0.00299792829901], [0.000287724338705, -0.00542668020353, 0.00124361016788, -0.00398375187069, 0.00765569275245, -0.00268487841822, 0.0025588683784, -0.00305904634297, 0.00182061188389, -0.00452529871836, 0.00189309287816, -0.00194483762607, 0.00182582403067], [-0.000517966982443, 0.00441835680977, -0.00246872543357, 0.00314665958285, -0.00268487841822, 0.00624624919146, -0.00395750906318, 0.00255367835052, -0.0022070792038, 0.0024325652048, -0.00149560999125, 0.00173122610431, -0.00108111801092], [0.000342699844623, -0.00536449393257, 0.00144017441198, -0.00240646954626, 0.0025588683784, -0.00395750906318, 0.0091211469844, -0.00349041679874, -0.000111842215119, -0.000581605068874, 0.00254494976252, -0.00467416038737, 0.00143770023715], [-0.000582868349738, 0.00448915921152, -0.00338440365158, 0.00247570942156, -0.00305904634297, 0.00255367835052, -0.00349041679874, 0.0138621507213, -0.00460143992677, 0.00187522859778, -0.000974270282313, 0.00051419052761, -0.00146023486741], [0.000121058699733, -0.00385689968243, 0.00242785387672, -0.00294331787154, 0.00182061188389, -0.0022070792038, -0.000111842215119, -0.00460143992677, 0.0126162935048, -0.00696427328512, 0.000911844312213, 0.00385249825194, -0.00201241765171], [-0.000323368905811, 0.00620063720271, -0.00252819852903, 0.00343924504705, -0.00452529871836, 0.0024325652048, -0.000581605068874, 0.00187522859778, -0.00696427328512, 0.0148646468297, -0.00519997114316, -0.000173695676494, 0.00185662508011], [-7.08216102794e-05, -0.00520635489374, 0.00148733227979, -0.00182484171819, 0.00189309287816, -0.00149560999125, 0.00254494976252, -0.000974270282313, 0.000911844312213, -0.00519997114316, 0.0105359135196, -0.00320853805169, 0.00034337490797], [-0.000377038610168, 0.00402815127745, -0.00237666908652, 0.00231984979473, -0.00194483762607, 0.00173122610431, -0.00467416038737, 0.00051419052761, 0.00385249825194, -0.000173695676494, -0.00320853805169, 0.0144164636731, -0.00486697396263], [0.000320857448969, -0.00252768443897, 0.0011200082954, -0.00299792829901, 0.00182582403067, -0.00108111801092, 0.00143770023715, -0.00146023486741, -0.00201241765171, 0.00185662508011, 0.00034337490797, -0.00486697396263, 0.0149900754914]]
    },
    "melbands": {
        "max": [0.0264642126858, 0.0319620072842, 0.0104586277157, 0.0145240230486, 0.00462576281279, 0.00830476824194, 0.0224574562162, 0.0190176777542, 0.00934476591647, 0.0028383876197, 0.00752383982763, 0.00206977664493, 0.00291510554962, 0.0027348715812, 0.00260812230408, 0.000813141581602, 0.00129816541448, 0.00116703845561, 0.000826720672194, 0.000391607638448, 0.000189867016161, 0.000216546002775, 0.000180190443643, 0.000117144991236, 6.7341781687e-05, 0.000177166613867, 3.81137397198e-05, 1.5950319721e-05, 1.31130200316e-05, 1.28881429191e-05, 1.50776959345e-05, 1.46268612298e-05, 8.16953524918e-06, 1.15597567856e-05, 1.20962795336e-05, 2.27097752941e-05, 1.11828830995e-05, 1.84643995453e-05, 2.27715136134e-05, 1.80996430572e-05],
        "mean": [0.00188119511586, 0.00304499967024, 0.000973738729954, 0.00115569995251, 0.000319177139318, 0.000272809935268, 0.000784283853136, 0.000760440481827, 0.000381801626645, 0.00015708389401, 0.000216352869757, 7.94373991084e-05, 7.17946968507e-05, 8.5179846792e-05, 3.19993014273e-05, 2.82140317722e-05, 4.25997459388e-05, 2.62731882685e-05, 1.3703969671e-05, 8.43550424179e-06, 5.93308777752e-06, 4.60251385448e-06, 6.88399632054e-06, 4.18332956542e-06, 2.09734207601e-06, 2.92275308311e-06, 1.1908362012e-06, 5.5950300748e-07, 4.49263552582e-07, 5.02239856814e-07, 6.05005425314e-07, 6.8248914431e-07, 4.41532023387e-07, 3.17920523685e-07, 2.29083795489e-07, 3.58776645726e-07, 2.24901540946e-07, 2.37759536503e-07, 2.67561262035e-07, 2.08942438462e-07],
        "min": [3.21214770338e-07, 2.31894227909e-06, 5.82050233788e-06, 1.7672323338e-06, 2.40944928009e-07, 2.47372526019e-07, 5.67129575302e-07, 9.99789108391e-07, 1.06318918824e-06, 6.21091146513e-07, 1.7914801731e-07, 9.88240884681e-08, 1.05692812724e-07, 4.53207888995e-08, 1.22562269667e-07, 3.84725460378e-08, 2.98020741418e-09, 4.75733230587e-09, 1.62336792897e-08, 1.74456769031e-08, 1.61388964415e-08, 6.15593442888e-09, 1.12966089816e-08, 6.16459860936e-09, 5.64284508009e-10, 1.11462405972e-09, 4.52854698185e-10, 6.72435329641e-10, 7.43717254448e-10, 6.02276117867e-10, 1.06502584529e-09, 3.84451026569e-10, 4.03108241231e-11, 2.10274245932e-11, 4.20422273384e-11, 5.85256218488e-11, 1.9996067302e-11, 3.23816772008e-11, 2.94275957768e-11, 2.71446441713e-11],
        "stdev": [0.00325702363625, 0.0034083200153, 0.00123275176156, 0.00165456533432, 0.000428847008152, 0.000559135864023, 0.00210076430812, 0.00194208137691, 0.000793167564552, 0.000255618331721, 0.000453457731055, 0.000144868710777, 0.000191884711967, 0.000237527448917, 0.000138722185511, 6.64687977405e-05, 0.00010703492444, 7.71513150539e-05, 4.31015796494e-05, 1.80779388756e-05, 1.06211646198e-05, 9.56458188739e-06, 1.27008552226e-05, 8.461645848e-06, 3.53353084392e-06, 7.63280695537e-06, 2.24558607442e-06, 1.16911326131e-06, 1.05149126739e-06, 1.0751747368e-06, 1.59973910741e-06, 1.30935552534e-06, 8.61153012011e-07, 9.79368905973e-07, 8.23029893127e-07, 1.43812053466e-06, 8.81805704012e-07, 1.11296310479e-06, 1.41142334087e-06, 9.87307771538e-07]
    },
    "melbands128": {
        "max": [0.000488414952997, 0.0131530975923, 0.0428160876036, 0.060701020062, 0.0391009896994, 0.0379667058587, 0.0178412422538, 0.0107737453654, 0.018687531352, 0.0225857067853, 0.0117831127718, 0.00616958085448, 0.00826472137123, 0.00360444537364, 0.0126891313121, 0.01101440005, 0.0107547547668, 0.0396931767464, 0.0303212143481, 0.0321505516768, 0.0392077974975, 0.0200509894639, 0.0172042679042, 0.00371348578483, 0.00353817990981, 0.00526982638985, 0.00597537495196, 0.0112547390163, 0.0123038729653, 0.00294197048061, 0.00177562050521, 0.000984355690889, 0.00192521582358, 0.0089923646301, 0.00565516063944, 0.0016048240941, 0.00406872294843, 0.00453926995397, 0.00276586809196, 0.00157125119586, 0.00125897245016, 0.0022199077066, 0.00193603162188, 0.00224233162589, 0.000983453704976, 0.0024370320607, 0.00249231373891, 0.00146470079198, 0.000754845677875, 0.000251591467531, 0.000798402703367, 0.000327565969201, 0.000436969101429, 0.000115750415716, 0.000247117626714, 0.00044715803233, 0.00010138903599, 0.000345006264979, 0.0002904360299, 0.00029155795346, 0.000151407599333, 8.27883850434e-05, 5.06389733346e-05, 4.86803655804e-05, 0.000209780220757, 0.000186739183846, 0.000206376775168, 5.27037700522e-05, 4.60888913949e-05, 2.07449265872e-05, 1.97036843019e-05, 2.08584006032e-05, 1.82659568964e-05, 1.73167754838e-05, 2.2097297915e-05, 1.70687399077e-05, 1.46174779729e-05, 1.88288722711e-05, 2.94255005429e-05, 2.23441984417e-05, 1.97927802219e-05, 2.92557342618e-05, 2.24936247832e-05, 8.18311309558e-06, 9.20072761801e-06, 1.78275458893e-05, 1.60194540513e-05, 1.60465842782e-05, 1.10908222268e-05, 1.80515853572e-05, 2.55257818935e-05, 4.03658123105e-05, 3.79383818654e-05, 1.16942201203e-05, 2.07505127037e-05, 1.71996798599e-05, 3.17683698086e-05, 3.19928585668e-05, 2.98864033539e-05, 2.94857181871e-05, 3.44108084391e-05, 1.37198649099e-05, 1.36266635309e-05, 1.29886202558e-05, 9.34056151891e-06, 2.45015908149e-05, 1.61309217219e-05, 4.35770834883e-06, 3.95887491322e-06, 5.89577939536e-06, 5.68304039916e-06, 3.26745771417e-06, 1.49285506268e-06, 5.79020024816e-07, 3.43845414363e-07, 7.3109632126e-08, 2.11490895907e-08, 1.12838209887e-08, 1.04741300078e-08, 9.97069449227e-09, 9.58703605392e-09, 9.27745258394e-09, 9.06222208386e-09, 8.87168916108e-09, 8.71237304523e-09, 8.58842241769e-09, 8.5006135464e-09, 8.44938519151e-09],
        "mean": [2.93356242764e-05, 0.000710738531779, 0.00257982267067, 0.00425104564056, 0.00347368745133, 0.00207706051879, 0.00107445439789, 0.000540671288036, 0.000808319076896, 0.00174696964677, 0.00100028037559, 0.000311861134833, 0.000228230695939, 0.000148392500705, 0.000220446949243, 0.000343215098837, 0.000543489004485, 0.00111376785208, 0.000770309590735, 0.000654591363855, 0.000924420193769, 0.000521384004969, 0.000360348785762, 0.000138653354952, 0.000156260153744, 0.000139611191116, 0.000203323274036, 0.000318906968459, 0.000120833494293, 9.18367077247e-05, 7.13532790542e-05, 3.5793720599e-05, 2.98703216686e-05, 0.000134713074658, 0.000148192382767, 4.23894089181e-05, 3.5385863157e-05, 3.16827827191e-05, 3.20649050991e-05, 2.53070884355e-05, 3.06488254864e-05, 2.5743540391e-05, 4.43080170953e-05, 5.96935788053e-05, 1.72123945958e-05, 2.32456841331e-05, 3.28582755174e-05, 1.19815649668e-05, 7.24787196305e-06, 6.59617899146e-06, 9.05733304535e-06, 1.06744919321e-05, 4.65534139948e-06, 4.76213335787e-06, 6.34295474811e-06, 3.50474078914e-06, 3.58798661182e-06, 7.94490370026e-06, 7.04616059011e-06, 7.52281948735e-06, 3.94748349208e-06, 1.97410531655e-06, 1.89671288808e-06, 2.09213135349e-06, 2.48339256359e-06, 3.32936519953e-06, 3.3304563658e-06, 1.27322857679e-06, 8.76275350947e-07, 5.92197409333e-07, 5.95041456108e-07, 5.06053027038e-07, 4.95186725402e-07, 4.50734688684e-07, 3.56852098093e-07, 5.28450300408e-07, 5.50811591893e-07, 5.03111323269e-07, 6.42334782697e-07, 6.4840082814e-07, 7.16589909189e-07, 6.84241172166e-07, 6.42919360416e-07, 3.9705972199e-07, 2.7345640774e-07, 3.73196684222e-07, 3.26673159634e-07, 2.49060519764e-07, 1.91202758515e-07, 2.24309474106e-07, 3.13783402817e-07, 4.42225257302e-07, 3.88086647263e-07, 1.78510134674e-07, 1.52693175437e-07, 1.81762146667e-07, 2.75763113677e-07, 2.98217429417e-07, 2.41414511493e-07, 2.86019059104e-07, 2.40645078975e-07, 1.81052371317e-07, 1.8582652217e-07, 1.74543600906e-07, 1.03885994918e-07, 1.75224940335e-07, 1.51109517788e-07, 4.86987410397e-08, 3.6526426328e-08, 4.77971262569e-08, 6.27915213158e-08, 2.97096960367e-08, 6.81395517788e-09, 1.46328271722e-09, 6.80285550114e-10, 3.90313031895e-10, 9.25997056811e-11, 1.29423407755e-11, 1.16650135731e-11, 1.09545809923e-11, 1.05009213131e-11, 1.02094912385e-11, 9.97964905158e-12, 9.78168587795e-12, 9.59003276096e-12, 9.40874721883e-12, 9.29030810615e-12, 9.23220701277e-12],
        "min": [1.50721912728e-09, 3.84200546932e-08, 1.4077988908e-07, 3.92347089928e-07, 9.18112675663e-07, 4.62342654828e-07, 2.01941838895e-06, 1.19232402085e-06, 1.31477338527e-06, 1.66733548213e-06, 3.8645771383e-07, 1.13489846854e-07, 1.43266419173e-07, 2.69282168119e-07, 1.83177647273e-07, 8.81813804199e-08, 2.9288969472e-07, 7.80850513138e-08, 2.32504490327e-07, 1.25528245576e-07, 3.53076472948e-07, 6.64939477701e-07, 2.21939799872e-07, 1.77862574446e-07, 2.33585467413e-07, 1.54906445005e-07, 2.89853616664e-08, 1.57938337964e-08, 8.42041369964e-09, 9.0917609441e-08, 9.02361279032e-08, 5.55602177599e-08, 1.94519209629e-08, 2.18122697682e-09, 6.23414964096e-09, 4.43552794493e-09, 4.83391415784e-09, 9.45571265731e-09, 5.31753041599e-09, 2.68989008845e-08, 2.00830356789e-08, 3.93223631434e-09, 2.55208076894e-09, 2.40569941745e-09, 3.1272047174e-09, 2.73873124179e-09, 4.79266715203e-09, 2.61686872172e-09, 5.53889156762e-09, 5.27604893108e-09, 1.05870991973e-08, 8.15508371943e-09, 7.81811859696e-09, 4.83126161299e-09, 4.63785587712e-09, 4.51876713825e-09, 2.27886065574e-09, 4.80479167564e-09, 1.02668797908e-08, 1.58049662247e-09, 5.91588422694e-09, 2.01797201171e-09, 2.60130944563e-10, 4.55160686919e-10, 3.58315765947e-10, 1.27074450962e-09, 3.45046130557e-10, 4.00210642404e-10, 1.91047483389e-10, 1.57784230126e-10, 2.42588699129e-10, 3.83705595075e-10, 7.80883024909e-10, 2.4157353895e-10, 1.5973884715e-10, 3.18710280389e-10, 3.43779144041e-10, 1.14849428579e-10, 9.55212645093e-11, 2.49441023392e-10, 4.70186334312e-10, 9.23210397019e-11, 3.38089417573e-11, 3.03771521826e-11, 6.22751364365e-11, 2.65967161489e-11, 8.07031698413e-12, 2.54104484849e-12, 1.46837195181e-11, 5.34797588159e-11, 2.34730655052e-11, 2.11459773303e-11, 2.8844496236e-11, 1.77124252765e-11, 9.79239259125e-12, 3.83464475451e-11, 5.64562882121e-13, 3.47736318906e-11, 2.98213363725e-11, 1.70791436549e-11, 4.88306131641e-11, 7.75999056679e-12, 1.27386287282e-11, 2.35051960534e-11, 6.35141418626e-12, 1.10394913697e-11, 1.06239661166e-11, 6.32661674785e-12, 1.48539519443e-13, 7.09499936558e-14, 7.75080276653e-14, 6.72005989267e-14, 7.40686876524e-14, 7.10612124699e-14, 5.93238972486e-14, 7.04354922911e-14, 7.42396121249e-14, 8.15962423496e-14, 6.80998633136e-14, 6.01541928248e-14, 6.11051804316e-14, 7.04167694749e-14, 5.74496234005e-14, 7.4952183674e-14, 4.95280188118e-14, 2.00500965657e-14, 2.35290696737e-15, 5.88966426598e-17],
        "stdev": [6.3314451836e-05, 0.00162590411492, 0.00529923243448, 0.00652763480321, 0.00398916192353, 0.00271817669272, 0.00197300780565, 0.000955398776568, 0.00133776210714, 0.00286815641448, 0.00155669357628, 0.000516207423061, 0.000586261332501, 0.000293884833809, 0.000802165013738, 0.000812860904261, 0.00115259573795, 0.00378979975358, 0.00248934351839, 0.00239162985235, 0.00321047776379, 0.00145887036342, 0.000986447557807, 0.000295009813271, 0.00029962498229, 0.000377977121389, 0.000492841005325, 0.000758042267989, 0.000486019824166, 0.000225152791245, 0.000134300236823, 7.5361407653e-05, 9.09909431357e-05, 0.000514604500495, 0.000526656338479, 0.000133706213092, 0.000150660678628, 0.000231096986681, 0.00014519871911, 7.84866715549e-05, 9.04340777197e-05, 9.89850886981e-05, 0.00013929232955, 0.000179380935151, 5.44536560483e-05, 0.000122895449749, 0.000143546829349, 5.19981404068e-05, 2.71890712611e-05, 1.51111771629e-05, 2.99836119666e-05, 2.31339727179e-05, 1.76807570824e-05, 9.87973999145e-06, 1.55415382324e-05, 1.42815379149e-05, 7.72459225118e-06, 1.68529968505e-05, 1.70181756403e-05, 1.98137458938e-05, 9.87120802165e-06, 4.38174811279e-06, 3.59287014362e-06, 3.84558234146e-06, 7.31420914235e-06, 1.02141602838e-05, 9.72560337686e-06, 3.04924287775e-06, 2.15919794755e-06, 1.13201440399e-06, 1.58503553394e-06, 1.39754081374e-06, 1.18850789477e-06, 1.19891274153e-06, 1.16347871426e-06, 1.30845853619e-06, 1.2536364693e-06, 1.33965625082e-06, 2.17163210436e-06, 1.75689672233e-06, 1.49165555285e-06, 1.52406562393e-06, 1.50761650275e-06, 8.60236525568e-07, 7.34530317459e-07, 1.30206581161e-06, 1.14221040803e-06, 9.27926691929e-07, 7.09927121534e-07, 9.35026776006e-07, 1.31628223698e-06, 2.01883426598e-06, 1.73698254002e-06, 7.21741969301e-07, 7.82195911597e-07, 8.99123961062e-07, 1.40090446621e-06, 1.54552685672e-06, 1.43082206705e-06, 1.68430062786e-06, 1.43111833495e-06, 8.68742063176e-07, 8.42616259433e-07, 8.33815988699e-07, 4.96458085308e-07, 1.15189925509e-06, 8.57225302298e-07, 2.94112055599e-07, 2.10356958519e-07, 2.86404969074e-07, 3.80535254862e-07, 1.98894014147e-07, 5.76939740426e-08, 1.72062204484e-08, 1.01860342383e-08, 3.32348015775e-09, 7.84157183631e-10, 3.01305536077e-10, 2.79708645134e-10, 2.66248911807e-10, 2.56001941867e-10, 2.47734971426e-10, 2.41988318272e-10, 2.36900554729e-10, 2.32647373588e-10, 2.29338506519e-10, 2.26994950614e-10, 2.2562739177e-10]
    },
    "mfcc": {
        "mean": [-696.0859375, 176.586761475, 4.85299491882, 18.2569637299, 1.99204707146, -0.0276602823287, -4.10688018799, 7.57328701019, 2.48567509651, 0.922786474228, 8.81702709198, -3.65636563301, -5.52599096298],
        "cov": [[2778.35864258, -974.558776855, -213.803710938, -332.809417725, -80.1926956177, -5.55500888824, -160.178710938, -115.242340088, -27.2331047058, 13.1211423874, 12.2009239197, -10.7320461273, -81.8068161011], [-974.558776855, 1131.05383301, -76.3890609741, 161.504165649, 44.723991394, -30.7683906555, 156.217712402, 92.7224349976, 3.63157057762, -46.5486526489, 80.6780319214, 44.8775100708, 114.517913818], [-213.803710938, -76.3890609741, 515.718444824, 11.2449455261, 36.2266921997, 85.1266174316, 109.045722961, 114.876060486, 66.6714477539, -16.8519935608, -2.34325194359, 31.5669174194, 32.2046890259], [-332.809417725, 161.504165649, 11.2449455261, 627.944030762, 176.95803833, -29.0812854767, 20.1253967285, 17.3151302338, 41.5908317566, 74.1863021851, -25.0259990692, 7.87027359009, 90.3439483643], [-80.1926956177, 44.723991394, 36.2266921997, 176.95803833, 308.89642334, 33.7388916016, 18.4330978394, -29.7796230316, -2.73468494415, 121.229454041, 5.41294813156, 6.7402009964, 61.1559524536], [-5.55500888824, -30.7683906555, 85.1266174316, -29.0812854767, 33.7388916016, 208.041748047, 69.3517379761, 69.2309799194, 48.7360649109, 22.1737003326, 22.8435344696, 24.4075584412, -20.4707679749], [-160.178710938, 156.217712402, 109.045722961, 20.1253967285, 18.4330978394, 69.3517379761, 177.493759155, 97.2994995117, 18.8691749573, -32.1134681702, 11.9033327103, 34.8327178955, 33.3808670044], [-115.242340088, 92.7224349976, 114.876060486, 17.3151302338, -29.7796230316, 69.2309799194, 97.2994995117, 207.200119019, 71.6066513062, -29.8842391968, 4.85892105103, 0.458798646927, -0.170837596059], [-27.2331047058, 3.63157057762, 66.6714477539, 41.5908317566, -2.73468494415, 48.7360649109, 18.8691749573, 71.6066513062, 157.128555298, 41.4200172424, -11.1154880524, 4.02026796341, 4.13401126862], [13.1211423874, -46.5486526489, -16.8519935608, 74.1863021851, 121.229454041, 22.1737003326, -32.1134681702, -29.8842391968, 41.4200172424, 201.202194214, 35.2342414856, -4.52354764938, 5.86485481262], [12.2009239197, 80.6780319214, -2.34325194359, -25.0259990692, 5.41294813156, 22.8435344696, 11.9033327103, 4.85892105103, -11.1154880524, 35.2342414856, 126.448020935, 22.2815284729, -0.00401966646314], [-10.7320461273, 44.8775100708, 31.5669174194, 7.87027359009, 6.7402009964, 24.4075584412, 34.8327178955, 0.458798646927, 4.02026796341, -4.52354764938, 22.2815284729, 99.7841491699, 45.293838501], [-81.8068161011, 114.517913818, 32.2046890259, 90.3439483643, 61.1559524536, -20.4707679749, 33.3808670044, -0.170837596059, 4.13401126862, 5.86485481262, -0.00401966646314, 45.293838501, 150.493682861]],
        "icov": [[0.000621644139756, 0.000642211816739, 0.00044073004392, 0.000216259053559, -0.00017134132213, 0.000128844229039, -0.000110092914838, -8.93779215403e-05, -0.000235051935306, 0.00026200627326, -0.00049277220387, -0.000123796940898, -0.000229944227613], [0.000642211816739, 0.00197915406898, 0.000983982346952, 1.1699328752e-05, -0.000399351032684, 0.000671286543366, -0.00129147176631, -0.000422987592174, -0.000515500141773, 0.000789294252172, -0.00152903667185, -3.84206177841e-05, -0.00084002467338], [0.00044073004392, 0.000983982346952, 0.0029912085738, 0.000228386285016, -0.000677293457557, 1.45217290992e-06, -0.00129593524616, -0.000922637991607, -0.00092275388306, 0.0007345181657, -0.000603666587267, -0.00037266057916, -0.00061568984529], [0.000216259053559, 1.1699328752e-05, 0.000228386285016, 0.0022421090398, -0.00117750710342, 0.000587060232647, 7.22386903362e-05, -0.0004286802141, -0.000581662927289, -0.000153699860675, 0.000377238582587, -6.7491804657e-05, -0.000702058605384], [-0.00017134132213, -0.000399351032684, -0.000677293457557, -0.00117750710342, 0.00601932080463, -0.00147294288035, -0.000677291536704, 0.00107175833546, 0.00177562260069, -0.00359953008592, 0.00105410523247, 0.000917397264857, -0.00161699263845], [0.000128844229039, 0.000671286543366, 1.45217290992e-06, 0.000587060232647, -0.00147294288035, 0.00734825059772, -0.00235677184537, -0.00125042325817, -0.0016566880513, -0.000110679080535, -0.00112440274097, -0.00175579893403, 0.00190415407997], [-0.000110092914838, -0.00129147176631, -0.00129593524616, 7.22386903362e-05, -0.000677291536704, -0.00235677184537, 0.0109473830089, -0.00356590328738, 0.00140654994175, 0.00104886165354, 0.000566423113924, -0.0019801442977, -0.00080430728849], [-8.93779215403e-05, -0.000422987592174, -0.000922637991607, -0.0004286802141, 0.00107175833546, -0.00125042325817, -0.00356590328738, 0.00900671910495, -0.00314834690653, 0.00103785097599, -0.000588854192756, 0.00209454167634, 0.000339258258464], [-0.000235051935306, -0.000515500141773, -0.00092275388306, -0.000581662927289, 0.00177562260069, -0.0016566880513, 0.00140654994175, -0.00314834690653, 0.00981584377587, -0.00353357940912, 0.00237419968471, -0.000542019610293, -0.000420061405748], [0.00026200627326, 0.000789294252172, 0.0007345181657, -0.000153699860675, -0.00359953008592, -0.000110679080535, 0.00104886165354, 0.00103785097599, -0.00353357940912, 0.0090931141749, -0.00345255923457, 0.000555964536034, 0.000268392061116], [-0.00049277220387, -0.00152903667185, -0.000603666587267, 0.000377238582587, 0.00105410523247, -0.00112440274097, 0.000566423113924, -0.000588854192756, 0.00237419968471, -0.00345255923457, 0.0106819756329, -0.00220703333616, 0.000824625196401], [-0.000123796940898, -3.84206177841e-05, -0.00037266057916, -6.7491804657e-05, 0.000917397264857, -0.00175579893403, -0.0019801442977, 0.00209454167634, -0.000542019610293, 0.000555964536034, -0.00220703333616, 0.0136448489502, -0.00420134002343], [-0.000229944227613, -0.00084002467338, -0.00061568984529, -0.000702058605384, -0.00161699263845, 0.00190415407997, -0.00080430728849, 0.000339258258464, -0.000420061405748, 0.000268392061116, 0.000824625196401, -0.00420134002343, 0.0100726950914]]
    },
    "spectral_contrast_coeffs": {
        "max": [-0.427193552256, -0.440292716026, -0.465755343437, -0.611098051071, -0.626402914524, -0.57558375597],
        "mean": [-0.66892015934, -0.712401926517, -0.71502238512, -0.781871676445, -0.75444316864, -0.736584305763],
        "min": [-0.854340016842, -0.906669795513, -0.905397295952, -0.906029582024, -0.865922451019, -0.913959145546],
        "stdev": [0.065694719553, 0.0806059166789, 0.065631352365, 0.0474397912621, 0.0455223098397, 0.0468589551747]
    },
    "spectral_contrast_valleys": {
        "max": [-4.8120970726, -4.98727893829, -5.43251132965, -6.07985115051, -6.26047945023, -8.25309371948],
        "mean": [-6.71092367172, -6.63196754456, -7.78048610687, -8.15493297577, -8.86007785797, -11.8772001266],
        "min": [-8.91802406311, -8.89483451843, -10.0114402771, -10.3006353378, -11.452208519, -14.0405139923],
        "stdev": [0.630170464516, 0.574400126934, 0.741015434265, 0.669783711433, 0.773982405663, 1.07211589813]
    }
},
"rhythm": {
    "beats_count": 48,
    "beats_loudness": {
        "max": 0.119879215956,
        "mean": 0.0515018552542,
        "min": 0.00823070388287,
        "stdev": 0.0288147013634
    },
    "bpm": 89.919883728,
    "bpm_histogram_first_peak_bpm": 89,
    "bpm_histogram_first_peak_weight": 0.444444477558,
    "bpm_histogram_second_peak_bpm": 94,
    "bpm_histogram_second_peak_spread": 0,
    "bpm_histogram_second_peak_weight": 0.0425531901419,
    "danceability": 1.15607511997,
    "onset_rate": 3.19921851158,
    "beats_loudness_band_ratio": {
        "max": [0.98490780592, 0.637107491493, 0.8191883564, 0.411664932966, 0.258780270815, 0.0547700002789],
        "mean": [0.506834030151, 0.134537160397, 0.273197382689, 0.0893022194505, 0.0331683941185, 0.00993227772415],
        "min": [0.0211030244827, 0.00833815056831, 0.00342699931934, 0.00141710694879, 0.000239745917497, 3.69440967916e-05],
        "stdev": [0.310800760984, 0.133425295353, 0.250643193722, 0.100425869226, 0.0560397766531, 0.0134747326374]
    },
    "beats_position": [0.626938760281, 1.26548755169, 1.90403628349, 2.55419492722, 3.21596360207, 3.87773227692, 4.55111122131, 5.22448968887, 5.90947818756, 6.60607719421, 7.2910656929, 7.97605419159, 8.64943313599, 9.32281208038, 9.98458003998, 10.6579589844, 11.3313379288, 12.0047159195, 12.6780948639, 13.3514738083, 14.0248527527, 14.6982307434, 15.3483896255, 16.0217685699, 16.6951465607, 17.3685264587, 18.0419044495, 18.7152824402, 19.3770523071, 20.0388202667, 20.7005901337, 21.3623580933, 22.035736084, 22.7091159821, 23.3708839417, 24.0326519012, 24.7060317993, 25.3561897278, 26.0063495636, 26.6797275543, 27.3414955139, 28.0032653809, 28.6650333405, 29.3268013, 29.988571167, 30.6619491577, 31.3237190247, 31.9970970154],
