{
"metadata": {
    "version": {
        "essentia": "2.1-beta5",
        "essentia_git_sha": "Undefined",
        "extractor": "music 2.0"
    },
    "audio_properties": {
        "analysis": {
            "equal_loudness": 0,
            "length": 48.7502937317,
            "sample_rate": 44100,
            "start_time": 61.4980506897,
            "downmix": "mix"
        },
        "bit_rate": 192000,
        "length": 217.002105713,
        "lossless": 0,
        "number_channels": 2,
        "replay_gain": -10.1325931549,
        "sample_rate": 48000,
        "codec": "mp3",
        "md5_encoded": "0b57e3b9503eab72f27522665ed6134d"
    },
    "tags": {
        "file_name": "Norway_Sámiid Ædnan_Sverre Kjellsberg _ Mattis Hætta.mp3",
        "encoding": ["Lavf58.29.100"]
    }
},
"lowlevel": {
    "average_loudness": 0.773167610168,
    "barkbands_crest": {
        "max": 25.7641601562,
        "mean": 10.4514579773,
        "min": 3.12256383896,
        "stdev": 3.99085903168
    },
    "barkbands_flatness_db": {
        "max": 0.370146393776,
        "mean": 0.198879420757,
        "min": 0.0554259866476,
        "stdev": 0.0687863603234
    },
    "barkbands_kurtosis": {
        "max": 107.064033508,
        "mean": 6.65121030807,
        "min": -1.92904388905,
        "stdev": 10.8273859024
    },
    "barkbands_skewness": {
        "max": 9.44551563263,
        "mean": 1.71554803848,
        "min": -1.55237782001,
        "stdev": 1.38748478889
    },
    "barkbands_spread": {
        "max": 97.7050933838,
        "mean": 13.6142616272,
        "min": 1.20239913464,
        "stdev": 11.561747551
    },
    "dissonance": {
        "max": 0.5,
        "mean": 0.419510811567,
        "min": 0.131976246834,
        "stdev": 0.0716939121485
    },
    "dynamic_complexity": 5.14319896698,
    "erbbands_crest": {
        "max": 30.3262443542,
        "mean": 11.0867652893,
        "min": 2.942258358,
        "stdev": 4.97906494141
    },
    "erbbands_flatness_db": {
        "max": 0.377471864223,
        "mean": 0.220889657736,
        "min": 0.0803634598851,
        "stdev": 0.0600163936615
    },
    "erbbands_kurtosis": {
        "max": 24.9398403168,
        "mean": 2.08416795731,
        "min": -1.73805844784,
        "stdev": 3.45067644119
    },
    "erbbands_skewness": {
        "max": 3.61159348488,
        "mean": 0.69073599577,
        "min": -2.32398676872,
        "stdev": 0.943351089954
    },
    "erbbands_spread": {
        "max": 140.129501343,
        "mean": 27.497423172,
        "min": 3.61805319786,
        "stdev": 17.3866786957
    },
    "hfc": {
        "max": 158.152099609,
        "mean": 15.1383867264,
        "min": 0.00216317875311,
        "stdev": 17.3087272644
    },
    "loudness_ebu128": {
        "integrated": -14.2203712463,
        "loudness_range": 13.1618242264,
        "momentary": {
            "max": -10.5004081726,
            "mean": -17.7928085327,
            "min": -44.122795105,
            "stdev": 6.57929992676
        },
        "short_term": {
            "max": -11.6934490204,
            "mean": -16.9493694305,
            "min": -28.3639659882,
            "stdev": 4.94701051712
        }
    },
    "melbands_crest": {
        "max": 30.7425956726,
        "mean": 13.6218910217,
        "min": 3.58763003349,
        "stdev": 4.67387723923
    },
    "melbands_flatness_db": {
        "max": 0.425621718168,
        "mean": 0.240541249514,
        "min": 0.0444163940847,
        "stdev": 0.0747215151787
    },
    "melbands_kurtosis": {
        "max": 273.702026367,
        "mean": 10.8962516785,
        "min": -1.60543119907,
        "stdev": 16.832950592
    },
    "melbands_skewness": {
        "max": 12.8325309753,
        "mean": 2.12314987183,
        "min": -0.775433063507,
        "stdev": 1.53451752663
    },
    "melbands_spread": {
        "max": 192.847976685,
        "mean": 17.4571819305,
        "min": 1.21485221386,
        "stdev": 15.8565540314
    },
    "pitch_salience": {
        "max": 0.866851568222,
        "mean": 0.592783153057,
        "min": 0.164428636432,
        "stdev": 0.102527081966
    },
    "silence_rate_20dB": {
        "max": 1,
        "mean": 1,
        "min": 1,
        "stdev": 0
    },
    "silence_rate_30dB": {
        "max": 1,
        "mean": 1,
        "min": 1,
        "stdev": 0
    },
    "silence_rate_60dB": {
        "max": 1,
        "mean": 0.218467399478,
        "min": 0,
        "stdev": 0.41320592165
    },
    "spectral_centroid": {
        "max": 4270.95019531,
        "mean": 905.234313965,
        "min": 241.104980469,
        "stdev": 498.58380127
    },
    "spectral_complexity": {
        "max": 41,
        "mean": 13.8610181808,
        "min": 0,
        "stdev": 9.68931102753
    },
    "spectral_decrease": {
        "max": -5.41100747108e-13,
        "mean": -5.0310080546e-09,
        "min": -3.54435769623e-08,
        "stdev": 4.9013308967e-09
    },
    "spectral_energy": {
        "max": 0.136656761169,
        "mean": 0.0203612800688,
        "min": 2.23844449465e-06,
        "stdev": 0.0196244660765
    },
    "spectral_energyband_high": {
        "max": 0.0207295194268,
        "mean": 0.000393491034629,
        "min": 9.42187625697e-08,
        "stdev": 0.00148567429278
    },
    "spectral_energyband_low": {
        "max": 0.046131297946,
        "mean": 0.00220791995525,
        "min": 1.57888749186e-07,
        "stdev": 0.0043904739432
    },
    "spectral_energyband_middle_high": {
        "max": 0.0540009476244,
        "mean": 0.00517414230853,
        "min": 3.42092221217e-07,
        "stdev": 0.00706304004416
    },
    "spectral_energyband_middle_low": {
        "max": 0.130285099149,
        "mean": 0.013629430905,
        "min": 1.27154214624e-06,
        "stdev": 0.0148096168414
    },
    "spectral_entropy": {
        "max": 8.59395313263,
        "mean": 6.9978017807,
        "min": 5.30546188354,
        "stdev": 0.66113525629
    },
    "spectral_flux": {
        "max": 0.295831680298,
        "mean": 0.0667521730065,
        "min": 0.000690119457431,
        "stdev": 0.0519364289939
    },
    "spectral_kurtosis": {
        "max": 39.4185714722,
        "mean": 7.08201360703,
        "min": -0.941098213196,
        "stdev": 4.78322601318
    },
    "spectral_rms": {
        "max": 0.0115465866402,
        "mean": 0.00387908401899,
        "min": 4.67316604045e-05,
        "stdev": 0.00219485419802
    },
    "spectral_rolloff": {
        "max": 8634.81445312,
        "mean": 1174.77856445,
        "min": 172.265625,
        "stdev": 1167.27941895
    },
    "spectral_skewness": {
        "max": 5.2684469223,
        "mean": 1.9469742775,
        "min": 0.0281001348048,
        "stdev": 0.64764726162
    },
    "spectral_spread": {
        "max": 19831478,
        "mean": 3646552.25,
        "min": 1685682.125,
        "stdev": 1421675.375
    },
    "spectral_strongpeak": {
        "max": 10.7382125854,
        "mean": 1.01384806633,
        "min": 0.00373135088012,
        "stdev": 1.13900268078
    },
    "zerocrossingrate": {
        "max": 0.28759765625,
        "mean": 0.0452188886702,
        "min": 0.00732421875,
        "stdev": 0.0308424420655
    },
    "barkbands": {
        "max": [0.000207276840229, 0.0111268237233, 0.0310064703226, 0.0698210448027, 0.0918084159493, 0.0188862662762, 0.030266854912, 0.0513888671994, 0.0694843381643, 0.0259428322315, 0.0224512796849, 0.0248400680721, 0.0418335497379, 0.0108479633927, 0.0110371848568, 0.00638886680827, 0.00701616937295, 0.00430624047294, 0.00362042943016, 0.00314695807174, 0.00285644433461, 0.00306887691841, 0.0102538764477, 0.0113556561992, 0.00182026589755, 0.000636513868812, 4.29263172919e-06],
        "mean": [5.74845898882e-06, 0.000254420447163, 0.00097884517163, 0.00246663764119, 0.00562704540789, 0.00120156549383, 0.00129057385493, 0.00126841524616, 0.00161791977007, 0.00100103998557, 0.000672121881507, 0.000996008748189, 0.000745436584111, 0.000524341245182, 0.00036010571057, 0.000266004994046, 0.000306282629026, 0.000174698914634, 0.000162163531058, 8.14305531094e-05, 6.33053132333e-05, 6.58756616758e-05, 8.85341942194e-05, 9.2158690677e-05, 3.85556159017e-05, 1.20490512927e-05, 1.08001048105e-08],
        "min": [1.11712550321e-09, 1.47173508935e-08, 9.37930089151e-09, 4.76876991229e-08, 1.37418325608e-07, 3.84260872011e-08, 3.0991923694e-08, 3.90903984737e-08, 5.76237049188e-08, 2.41332109852e-08, 9.72470370897e-09, 8.59501181338e-09, 1.51939900661e-08, 1.06236495157e-08, 1.57376760512e-08, 1.45609604374e-08, 8.97799345978e-09, 9.09843755892e-09, 6.62260157824e-09, 9.51074596856e-09, 7.35748439951e-09, 1.54566581756e-08, 7.89286946912e-09, 1.50012375855e-08, 1.03181383437e-08, 1.38834482105e-11, 1.52154261412e-11],
        "stdev": [1.34109732244e-05, 0.000641706981696, 0.00213155359961, 0.00494004506618, 0.0075500109233, 0.00183251395356, 0.00201020902023, 0.00346908182837, 0.00475166132674, 0.00239195674658, 0.0015355075011, 0.00246718851849, 0.0018626160454, 0.001151725417, 0.000788647914305, 0.000544740061741, 0.000612138712313, 0.000335422868375, 0.000324984488543, 0.000182479867362, 0.000182503194083, 0.000208640500205, 0.000510941259563, 0.000610863964539, 0.000140627467772, 4.48114515166e-05, 1.2474039579e-07]
    },
    "erbbands": {
        "max": [0.0768237635493, 3.39226651192, 24.5852432251, 141.228134155, 254.059066772, 293.336791992, 208.094314575, 195.264144897, 275.903930664, 767.471923828, 1350.27001953, 2124.47338867, 1484.20776367, 961.513183594, 947.236938477, 1097.61779785, 2096.7800293, 778.992797852, 643.452453613, 524.538513184, 379.666717529, 251.055541992, 303.724273682, 242.168533325, 197.036956787, 170.786773682, 98.1479721069, 101.569114685, 125.341423035, 75.5679397583, 291.738739014, 365.741912842, 87.7134933472, 26.8880290985, 12.623456955, 4.49821138382, 1.29164981842, 0.0612852163613, 0.00139403471258, 0.000219925510464],
        "mean": [0.00292480643839, 0.0867924541235, 0.908378601074, 4.93091964722, 16.7153015137, 18.0762462616, 10.4695196152, 9.83687877655, 17.3927688599, 18.6070537567, 33.5262260437, 38.667388916, 27.3629875183, 34.3042793274, 34.4877853394, 41.4648857117, 38.4940872192, 26.7246227264, 24.6456623077, 15.891459465, 15.3878440857, 14.6332530975, 11.0631742477, 8.22503662109, 7.29434490204, 4.16574621201, 2.50974154472, 2.56902885437, 2.45356225967, 1.80002510548, 2.63488316536, 2.94489264488, 0.916376054287, 0.537519454956, 0.208001598716, 0.0783781856298, 0.0187646765262, 0.000724309880752, 3.19740138366e-05, 2.60375200014e-05],
        "min": [8.47015144245e-07, 6.30249633105e-06, 5.6004657381e-05, 0.000183237338206, 0.00030811157194, 0.000629308691714, 0.000505605188664, 0.00032516074134, 0.000473309715744, 0.000300670246361, 0.00114351010416, 0.00129210681189, 0.00105904659722, 0.00170350936241, 0.000446248945082, 0.000469720427645, 0.000619904429186, 0.000643796927761, 0.000833304307889, 0.000991939450614, 0.000545140821487, 0.000639703823254, 0.000501360860653, 0.000336659490131, 0.000253646983765, 0.000586125941481, 0.000306526315399, 0.000201486545848, 0.000621668237727, 0.00039794226177, 0.0002642137988, 0.000322726555169, 0.000219213514356, 0.000100363307865, 7.48555685277e-05, 1.04478240246e-05, 7.19787919934e-07, 7.58634755016e-08, 1.21497834016e-08, 4.62422367065e-09],
        "stdev": [0.00614013290033, 0.204623728991, 1.91802418232, 10.0337753296, 26.6701374054, 25.2594280243, 16.4786090851, 16.3173694611, 22.8717918396, 43.004360199, 85.026184082, 113.924026489, 80.9652481079, 76.8181610107, 69.6083221436, 94.7591400146, 91.4577407837, 59.2785568237, 50.9410209656, 32.4522743225, 30.7163658142, 26.5479393005, 20.8717899323, 16.157125473, 15.2504673004, 9.35727405548, 6.13643264771, 7.97882509232, 7.7031879425, 6.00866603851, 15.6543292999, 20.8444786072, 4.7148399353, 2.18594098091, 0.684773504734, 0.268819570541, 0.0777458027005, 0.0035056041088, 9.24647538341e-05, 2.59854623437e-05]
    },
    "gfcc": {
        "mean": [-80.2867507935, 123.130340576, -139.957351685, 19.798828125, -81.1193389893, -0.724977552891, -49.6734046936, -7.87480735779, -27.3936195374, -19.406917572, -15.9425907135, -11.2682647705, -11.9106121063],
        "cov": [[13942.2285156, -1752.64587402, -417.181335449, 155.109893799, 1044.07495117, 1341.49853516, -84.3908920288, 518.698120117, -1075.65686035, 597.317993164, -416.136932373, -126.044448853, -57.8562965393], [-1752.64587402, 1000.69464111, -177.393417358, -145.949661255, -22.4205703735, -324.342681885, 139.115371704, -166.967300415, 227.100494385, -240.238525391, 185.564666748, -60.3200454712, 48.2400932312], [-417.181335449, -177.393417358, 945.742492676, 108.375015259, -86.5605926514, 168.130828857, -86.220375061, 71.5151596069, -98.5989379883, 142.31187439, -123.454872131, 69.3105926514, -33.9627532959], [155.109893799, -145.949661255, 108.375015259, 386.581359863, 134.464187622, 37.0525512695, -129.24446106, -35.2945175171, 51.8857078552, 51.6336364746, -34.5523719788, -52.3212585449, 36.6662330627], [1044.07495117, -22.4205703735, -86.5605926514, 134.464187622, 512.727905273, 193.249908447, -168.070846558, 73.4399414062, -106.067489624, 147.106933594, -50.4674034119, -47.7818336487, 44.6457214355], [1341.49853516, -324.342681885, 168.130828857, 37.0525512695, 193.249908447, 456.457519531, 21.6728210449, 129.840744019, -226.782226562, 169.942352295, -76.8879013062, -2.21465969086, 6.39620923996], [-84.3908920288, 139.115371704, -86.220375061, -129.24446106, -168.070846558, 21.6728210449, 290.787750244, 20.3713436127, -53.7114181519, -108.239685059, 70.5380630493, 21.2375183105, -14.8406419754], [518.698120117, -166.967300415, 71.5151596069, -35.2945175171, 73.4399414062, 129.840744019, 20.3713436127, 184.802261353, -87.8273849487, 67.2041320801, -46.7168426514, 23.1550426483, -7.81895542145], [-1075.65686035, 227.100494385, -98.5989379883, 51.8857078552, -106.067489624, -226.782226562, -53.7114181519, -87.8273849487, 289.372009277, -80.2157821655, 30.9553108215, -34.3581237793, -2.11416888237], [597.317993164, -240.238525391, 142.31187439, 51.6336364746, 147.106933594, 169.942352295, -108.239685059, 67.2041320801, -80.2157821655, 186.196182251, -67.476776123, 10.9638643265, -3.51768112183], [-416.136932373, 185.564666748, -123.454872131, -34.5523719788, -50.4674034119, -76.8879013062, 70.5380630493, -46.7168426514, 30.9553108215, -67.476776123, 113.303787231, -4.60659408569, 6.93848848343], [-126.044448853, -60.3200454712, 69.3105926514, -52.3212585449, -47.7818336487, -2.21465969086, 21.2375183105, 23.1550426483, -34.3581237793, 10.9638643265, -4.60659408569, 81.8475189209, -1.13201034069], [-57.8562965393, 48.2400932312, -33.9627532959, 36.6662330627, 44.6457214355, 6.39620923996, -14.8406419754, -7.81895542145, -2.11416888237, -3.51768112183, 6.93848848343, -1.13201034069, 78.8110427856]],
        "icov": [[0.000158958660904, 8.99217629922e-05, 0.000194909647689, -5.7672841649e-05, -8.12015059637e-05, -0.000134715155582, -3.60094054486e-05, -3.55805568688e-05, 0.000428438477684, -4.29404317401e-05, 0.00036824849667, 0.000286603317363, 0.000200374081032], [8.99217629922e-05, 0.00769835198298, -0.0039107920602, 0.00558063527569, -0.00791107583791, 0.00323469005525, -0.00611331267282, 0.00411529047415, -0.00590070430189, 0.00422313529998, -0.00603230437264, 0.0051335003227, -0.00481663830578], [0.000194909647689, -0.0039107920602, 0.00408542528749, -0.00375603325665, 0.00511746434495, -0.00236532534473, 0.00381631124765, -0.00243181246333, 0.00420784158632, -0.00281491642818, 0.00455401930958, -0.00337532791309, 0.00335307465866], [-5.7672841649e-05, 0.00558063527569, -0.00375603325665, 0.00807401072234, -0.00657782750204, 0.00202581100166, -0.00385216646828, 0.0039077331312, -0.0057065486908, 0.00320517551154, -0.00452833808959, 0.00532394973561, -0.00514393672347], [-8.12015059637e-05, -0.00791107583791, 0.00511746434495, -0.00657782750204, 0.0127035705373, -0.00435011927038, 0.00897019915283, -0.00560579402372, 0.00756802409887, -0.00535659911111, 0.00540017522871, -0.00368639733642, 0.00377347855829], [-0.000134715155582, 0.00323469005525, -0.00236532534473, 0.00202581100166, -0.00435011927038, 0.00820722710341, -0.00595470797271, 0.00113997852895, -0.000310331379296, -0.00299301417544, -0.00125923077576, 0.00453488156199, -0.00321656372398], [-3.60094054486e-05, -0.00611331267282, 0.00381631124765, -0.00385216646828, 0.00897019915283, -0.00595470797271, 0.0141819575801, -0.00539233442396, 0.00627404684201, 0.00234568212181, 0.000954994640779, -0.00489411316812, 0.00480824895203], [-3.55805568688e-05, 0.00411529047415, -0.00243181246333, 0.0039077331312, -0.00560579402372, 0.00113997852895, -0.00539233442396, 0.0106094367802, -0.00342918769456, 0.00077109283302, -0.00074173026951, 0.00107549468521, -0.00226763566025], [0.000428438477684, -0.00590070430189, 0.00420784158632, -0.0057065486908, 0.00756802409887, -0.000310331379296, 0.00627404684201, -0.00342918769456, 0.0131302326918, -0.00348948640749, 0.00594196282327, -0.000770420418121, 0.00463606929407], [-4.29404317401e-05, 0.00422313529998, -0.00281491642818, 0.00320517551154, -0.00535659911111, -0.00299301417544, 0.00234568212181, 0.00077109283302, -0.00348948640749, 0.0176013186574, -0.0032769809477, -0.000570699863601, -0.000552833254915], [0.00036824849667, -0.00603230437264, 0.00455401930958, -0.00452833808959, 0.00540017522871, -0.00125923077576, 0.000954994640779, -0.00074173026951, 0.00594196282327, -0.0032769809477, 0.0203699506819, -0.00342313642614, 0.00335187255405], [0.000286603317363, 0.0051335003227, -0.00337532791309, 0.00532394973561, -0.00368639733642, 0.00453488156199, -0.00489411316812, 0.00107549468521, -0.000770420418121, -0.000570699863601, -0.00342313642614, 0.0211261305958, -0.00539924344048], [0.000200374081032, -0.00481663830578, 0.00335307465866, -0.00514393672347, 0.00377347855829, -0.00321656372398, 0.00480824895203, -0.00226763566025, 0.00463606929407, -0.000552833254915, 0.00335187255405, -0.00539924344048, 0.0181529801339]]
    },
    "melbands": {
        "max": [0.00182659458369, 0.00932180415839, 0.0260891597718, 0.0234170947224, 0.00627676397562, 0.0041024023667, 0.00432184711099, 0.00762977870181, 0.00931840855628, 0.0118800606579, 0.00748902047053, 0.00389047130011, 0.00366089073941, 0.00367059628479, 0.00374623341486, 0.00278953439556, 0.00128069729544, 0.000909003661945, 0.000524943403434, 0.000670563720632, 0.000622164981905, 0.000348225323251, 0.000532819947693, 0.0001979523513, 0.000201444650884, 0.000137049340992, 0.000179573660716, 9.15642885957e-05, 5.48466086912e-05, 9.06412606128e-05, 8.05593372206e-05, 7.04164121998e-05, 5.20247813256e-05, 4.89853664476e-05, 0.000130815911689, 0.000408000370953, 0.000194283536985, 7.80645641498e-05, 2.9938388252e-05, 2.49362856266e-05],
        "mean": [4.63031574327e-05, 0.000379915116355, 0.00120717298705, 0.00135825085454, 0.000421732809627, 0.000224768591579, 0.000271226948826, 0.000208746088902, 0.0002834116749, 0.000232100486755, 0.000132976929308, 0.000141653450555, 0.00010704460874, 0.000122883546283, 9.04391417862e-05, 6.73640097375e-05, 4.79544069094e-05, 4.14728565374e-05, 2.190383384e-05, 1.86942179425e-05, 1.92649713426e-05, 1.50386867972e-05, 1.47827277033e-05, 7.57643465477e-06, 6.42904115011e-06, 6.21362733e-06, 3.95191591451e-06, 2.40495683101e-06, 1.4692162722e-06, 1.50065716298e-06, 1.50009930167e-06, 1.41995769809e-06, 1.19226115203e-06, 9.13841518013e-07, 1.14861313705e-06, 2.51384631156e-06, 1.48478807205e-06, 6.15454666786e-07, 5.26848111804e-07, 4.24682724542e-07],
        "min": [7.0141084052e-09, 1.99271230628e-08, 3.68352850444e-08, 3.53972637868e-08, 2.32192913785e-08, 6.94779744848e-09, 7.6020265638e-09, 4.09739842056e-09, 8.22386692079e-09, 7.25558102488e-09, 5.48677325796e-09, 5.00310548546e-09, 1.32910737971e-09, 1.84867898767e-09, 7.32838734141e-10, 1.48245371534e-09, 9.11137165716e-10, 1.10491105154e-09, 1.28999255722e-09, 1.11437759021e-09, 3.56660562195e-10, 5.84134518533e-10, 6.17623452381e-10, 3.8062825114e-10, 2.41087344532e-10, 2.02130076565e-10, 2.30108668231e-10, 2.95156704633e-10, 1.14595263834e-10, 1.19474180549e-10, 1.01902937477e-10, 2.73980921284e-10, 3.31716626389e-10, 1.81536202737e-10, 1.29684721295e-10, 1.48975262682e-10, 1.67815206176e-10, 5.87664777951e-11, 1.07284937878e-10, 6.64294730335e-11],
        "stdev": [0.000110332752229, 0.000760529947001, 0.00204396736808, 0.001868436113, 0.000617497949861, 0.000355785567081, 0.000370490161004, 0.000505662232172, 0.000670315348543, 0.000719275558367, 0.000412476510974, 0.000336623954354, 0.000233509301324, 0.000320115563227, 0.000205832155189, 0.000154146910063, 0.000112315567094, 8.80290099303e-05, 4.37581911683e-05, 4.17810879298e-05, 4.37140988652e-05, 2.89908603008e-05, 3.39946236636e-05, 1.50890055011e-05, 1.34740021167e-05, 1.25865217342e-05, 1.00596562334e-05, 5.40421387996e-06, 3.55323641088e-06, 4.76697277918e-06, 4.82404948343e-06, 4.48066930403e-06, 3.98969450544e-06, 3.15491774927e-06, 6.22587094767e-06, 1.99029746e-05, 1.05851258922e-05, 3.53078576154e-06, 2.21520303967e-06, 1.73602927589e-06]
    },
    "melbands128": {
        "max": [0.000159411312779, 0.00045972308726, 0.00148906779941, 0.00712734740227, 0.0112620387226, 0.0170777048916, 0.0305130705237, 0.0325792320073, 0.0282267183065, 0.0345336198807, 0.016640374437, 0.01091635786, 0.0100204059854, 0.00562443211675, 0.00578419631347, 0.00537739647552, 0.00478712655604, 0.00520619517192, 0.00807085447013, 0.0124450465664, 0.0104400794953, 0.0188335105777, 0.0109555805102, 0.0112503739074, 0.0273699685931, 0.0176420919597, 0.0237251929939, 0.00817860011011, 0.00703407963738, 0.00749235600233, 0.00726684229448, 0.00456758728251, 0.00716882152483, 0.00491195823997, 0.00724612316117, 0.00732172746211, 0.00527502875775, 0.00659552635625, 0.0104818986729, 0.00535335717723, 0.00276593212038, 0.00520723313093, 0.00206223572604, 0.00271195196547, 0.00296872062609, 0.00181242183316, 0.00262628286146, 0.000459181930637, 0.000557381950784, 0.00192156410776, 0.00140056863893, 0.000227978904149, 0.000821119057946, 0.00163607322611, 0.00114727113396, 0.000287855422357, 0.00052602274809, 0.00126514164731, 0.00067560991738, 0.000259304244537, 0.000330142880557, 0.000324257474858, 0.000269823533017, 0.000351248891093, 0.000369164627045, 0.000132806584588, 0.000203171293833, 0.000249045027886, 0.000161164964084, 0.000353683164576, 0.000130854154122, 7.0555943239e-05, 3.26258232235e-05, 9.46650179685e-05, 0.000108945459942, 0.000111147070129, 0.000103145299363, 7.70361875766e-05, 9.37785298447e-05, 0.000147633327288, 6.40548969386e-05, 9.26510620047e-05, 0.000127474268083, 9.00190934772e-05, 4.43112840003e-05, 5.66154849366e-05, 5.73354882363e-05, 5.81082058488e-05, 0.00012044844334, 0.000247930118348, 0.000737208174542, 0.00080725789303, 0.000355236261385, 0.000296333309961, 0.000193729356397, 9.84070356935e-05, 6.08552763879e-05, 6.59653160255e-05, 2.74260291917e-05, 4.6745823056e-05, 3.76690659323e-05, 3.02964162984e-05, 2.36621199292e-05, 2.05571268452e-05, 1.21052871691e-05, 1.72450490936e-05, 8.55555299495e-06, 1.19409905892e-05, 1.35348427648e-05, 7.41978556107e-06, 1.13079941002e-05, 6.98555186318e-06, 4.05714308727e-06, 3.46973956766e-06, 1.27219675505e-06, 2.43491825813e-07, 4.35258620257e-08, 2.00665102312e-08, 1.95148199822e-08, 1.90037816594e-08, 2.29326655443e-08, 3.29379830077e-08, 2.20256239913e-08, 1.74892438309e-08, 1.72320717695e-08, 1.70231011509e-08, 1.68815823542e-08, 1.6788785473e-08],
        "mean": [3.48610819856e-06, 1.07130736069e-05, 4.28624553024e-05, 0.000151942789671, 0.000344720872818, 0.000521745474543, 0.000864977540914, 0.00138486630749, 0.00179403659422, 0.00162951753009, 0.000937215809245, 0.000471403240226, 0.000356394128175, 0.000233213548199, 0.000191387938685, 0.00024442927679, 0.000249369477388, 0.000310582807288, 0.00025616644416, 0.000188630001503, 0.00017028072034, 0.000287595554255, 0.000314467848511, 0.000239190514549, 0.000326218520058, 0.000156249341671, 0.000190349717741, 8.82837048266e-05, 0.000133421897772, 0.000194082807866, 0.000125023623696, 7.4567993579e-05, 0.000135614478495, 8.82172389538e-05, 0.000129377891426, 0.000136934148031, 0.000113517045975, 5.09683741257e-05, 0.000117000439786, 0.000101573481516, 3.15245270031e-05, 6.12770891166e-05, 4.62590396637e-05, 4.41433367087e-05, 4.42089694843e-05, 3.92681540688e-05, 4.68883881695e-05, 1.08610029201e-05, 1.47685150296e-05, 3.2057876524e-05, 1.5571977201e-05, 1.05971485027e-05, 1.82183139259e-05, 2.336639227e-05, 2.24027389777e-05, 9.78766820481e-06, 1.11879480755e-05, 2.36665109696e-05, 1.18611487778e-05, 6.94551181368e-06, 8.13047336123e-06, 7.36687934477e-06, 5.85394354857e-06, 5.69343183088e-06, 8.52383982419e-06, 5.41837334822e-06, 6.14130294707e-06, 4.44672423328e-06, 3.1609160942e-06, 3.66572817256e-06, 2.72899592346e-06, 1.63670415532e-06, 1.2914834997e-06, 1.5276192471e-06, 1.4831266526e-06, 1.59760475071e-06, 1.45165961385e-06, 1.4210882e-06, 1.55843486027e-06, 1.55515056122e-06, 1.35730726925e-06, 1.41204736792e-06, 1.38523625992e-06, 1.25964652398e-06, 9.3270813295e-07, 9.04786531919e-07, 9.447887237e-07, 8.57188808823e-07, 9.00611041743e-07, 1.44939838265e-06, 2.38319739765e-06, 3.22062169289e-06, 2.14763554141e-06, 1.47413811646e-06, 1.07055097942e-06, 6.58679311982e-07, 5.09526785208e-07, 5.23689436704e-07, 5.26561336756e-07, 5.45491502635e-07, 4.89086744437e-07, 4.09603472917e-07, 3.44346062775e-07, 2.68618038035e-07, 2.1239803516e-07, 2.03943855581e-07, 1.55688226755e-07, 1.47530400341e-07, 1.27642394432e-07, 1.27347661305e-07, 1.05269592154e-07, 8.91577300877e-08, 5.71880391931e-08, 2.00119956162e-08, 7.59149632046e-09, 1.57968504944e-09, 3.1258795552e-10, 1.62151091165e-11, 2.11937759009e-11, 2.00895359376e-11, 2.25327482367e-11, 2.70482282405e-11, 2.1629231392e-11, 1.17233818139e-11, 1.11377946796e-11, 1.06899480587e-11, 1.05052260294e-11, 1.04252578792e-11],
        "min": [8.6572790603e-11, 2.76459877213e-09, 3.62372354346e-09, 9.1566321192e-10, 5.36210631452e-10, 2.84624612767e-09, 4.36283587035e-09, 1.34577433641e-08, 1.04771169518e-08, 9.94477922234e-09, 3.9925862616e-09, 1.30070105797e-08, 8.65424976126e-09, 6.57220766698e-09, 2.38098385452e-09, 9.67189439649e-10, 4.50081838466e-09, 1.08611413197e-08, 6.26314822227e-09, 1.2333325472e-09, 1.02670361102e-09, 4.32949720519e-09, 5.7314943902e-09, 1.98233096604e-09, 6.41299791049e-10, 2.18537277163e-09, 5.97474913988e-09, 8.65253424465e-10, 1.10767517381e-09, 1.49980028397e-09, 3.39259398352e-10, 4.55401355515e-10, 9.35074573327e-10, 2.41026337777e-10, 8.0676930414e-11, 6.06280303739e-10, 1.27422039586e-09, 5.87421500331e-10, 2.61917459943e-10, 7.2016914654e-10, 6.91484591808e-10, 1.33920985412e-10, 8.94769758286e-10, 4.1032727216e-10, 1.6550377735e-10, 4.31232161091e-10, 7.56920637279e-10, 5.02095864885e-10, 3.05890285324e-10, 1.04879904761e-09, 3.29397620291e-10, 1.81826192991e-10, 4.6050485647e-10, 5.83888631889e-11, 2.31419439167e-10, 5.8493770938e-10, 9.6659591442e-10, 5.97026594829e-10, 2.60575200306e-10, 1.45193954082e-10, 2.03195030246e-10, 2.83124523826e-10, 1.7277605735e-10, 1.30239430352e-10, 1.56632651294e-10, 1.49291037865e-10, 1.51695850326e-10, 7.25991211592e-11, 3.24448246047e-11, 2.52519644084e-10, 3.72917183245e-11, 3.95222674032e-11, 5.51617536371e-11, 4.23684975992e-11, 2.58279665016e-11, 1.43689660864e-11, 2.09916077576e-11, 2.4647419522e-11, 6.91725079993e-11, 8.06385097585e-11, 2.20077307073e-11, 4.56907775503e-11, 2.972634916e-10, 1.36627403835e-10, 1.66598575213e-11, 4.99231697648e-11, 5.29389943341e-12, 3.75404481806e-12, 4.07340654263e-12, 1.03999857337e-10, 2.32720544224e-11, 2.5228007617e-12, 2.63328647082e-11, 1.39243148262e-11, 2.31381840771e-11, 1.20602538373e-11, 1.1286166229e-12, 2.31827165971e-12, 1.39981437899e-11, 1.55233759874e-11, 6.2108068688e-11, 1.20755540983e-11, 2.40823555759e-13, 1.33307366881e-11, 2.53790760109e-12, 1.52526949404e-11, 9.80002103773e-12, 4.04304058765e-13, 6.15343483091e-14, 6.92565782826e-14, 4.53443638432e-14, 6.07446696567e-14, 4.45959932936e-14, 4.2082561936e-14, 5.01722415783e-14, 6.15501641083e-14, 5.0132512345e-14, 4.2131022385e-14, 4.26389643266e-14, 3.91250379805e-14, 4.94562886737e-14, 4.98273026572e-14, 4.56910747573e-14, 4.73413253315e-14, 3.88572671489e-14, 1.4085492992e-14, 1.97623374506e-15, 6.94989077384e-17],
        "stdev": [8.52852917888e-06, 2.67378654826e-05, 0.000107783140265, 0.00040355292731, 0.000862699293066, 0.00113892205991, 0.00218984251842, 0.00266055762768, 0.00326472008601, 0.00257817865349, 0.00150175020099, 0.000871148018632, 0.000692056433763, 0.000498008041177, 0.000421688746428, 0.000473666324979, 0.00040160206845, 0.000526021525729, 0.000534387305379, 0.000649952795357, 0.00064761651447, 0.00110215414315, 0.000923774146941, 0.000727226957679, 0.00125557777938, 0.000720403564628, 0.00108364142943, 0.000298585218843, 0.000538400607184, 0.000555182516109, 0.000403172220103, 0.000220802321564, 0.000397361960495, 0.000265464390395, 0.000468438694952, 0.000482219358673, 0.000356342061423, 0.000200500755454, 0.000389021413866, 0.0002838326036, 0.000118339106848, 0.000242959853495, 0.000129977561301, 0.000158858034411, 0.000150907595525, 9.70013643382e-05, 0.000159015471581, 2.54367587331e-05, 3.66767053492e-05, 9.23461266211e-05, 4.76117675134e-05, 2.38365300902e-05, 4.89474550704e-05, 8.36215622257e-05, 6.08254886174e-05, 2.28917360801e-05, 3.23967215081e-05, 6.57591663185e-05, 3.3647454984e-05, 1.81659070222e-05, 2.12559280044e-05, 1.89409511222e-05, 1.39392941492e-05, 1.73129010363e-05, 2.46179897658e-05, 1.22097198982e-05, 1.50772866618e-05, 1.36530470627e-05, 9.59486260399e-06, 1.32979612317e-05, 6.30078875474e-06, 3.83792621506e-06, 2.96794519272e-06, 4.59010925624e-06, 4.65244374936e-06, 5.41568761037e-06, 5.28664804733e-06, 5.01198246639e-06, 5.15882857144e-06, 5.85595125813e-06, 4.59072407466e-06, 4.64141749035e-06, 5.04898844156e-06, 4.86348380946e-06, 3.16911086884e-06, 3.37603000844e-06, 3.44153500009e-06, 3.46434717358e-06, 4.73377986054e-06, 1.02017229437e-05, 2.1445508537e-05, 3.35535514751e-05, 1.79583530553e-05, 1.14415815915e-05, 8.21049434307e-06, 4.31392481914e-06, 2.63887113761e-06, 2.62042544819e-06, 2.1524008389e-06, 2.49141294262e-06, 2.13591579268e-06, 1.72995044068e-06, 1.44315845318e-06, 9.99217036224e-07, 6.80670268594e-07, 7.06810737938e-07, 5.21294907685e-07, 5.18676188221e-07, 5.08175048708e-07, 4.80793119095e-07, 4.98396957482e-07, 3.84270776976e-07, 2.46783883995e-07, 1.40643450663e-07, 6.01116383336e-08, 9.70161906366e-09, 1.99750904706e-09, 4.66181093728e-10, 5.91215576495e-10, 5.58702528686e-10, 6.43113284848e-10, 8.19910694894e-10, 6.17330020436e-10, 3.83075210442e-10, 3.76207121011e-10, 3.71294328616e-10, 3.68187424993e-10, 3.6616354393e-10]
    },
    "mfcc": {
        "mean": [-713.95324707, 144.479827881, -7.20428705215, 10.7356796265, -10.2517051697, -5.76994991302, -17.2552146912, 1.22929394245, -14.5674037933, -13.1599168777, -4.52020025253, -9.43853855133, -10.3331623077],
        "cov": [[14578.6601562, -1461.54077148, -1028.02026367, -423.666503906, 817.67956543, 649.401184082, 1460.21276855, -234.819198608, 254.800323486, 646.932922363, -463.716186523, 76.0720062256, -35.5726661682], [-1461.54077148, 928.44354248, -133.638595581, -20.7305088043, -126.433898926, -127.53918457, -104.250343323, 80.5556030273, -64.7913131714, -114.460105896, 55.9771728516, 29.220911026, 25.5727882385], [-1028.02026367, -133.638595581, 905.171203613, 26.3929729462, -106.842399597, 35.1297264099, -14.141251564, -5.19305944443, 66.2101516724, -42.3030052185, -16.4060630798, 19.9478111267, 7.7695479393], [-423.666503906, -20.7305088043, 26.3929729462, 285.449310303, 120.269073486, -9.14784431458, -143.509643555, -37.6306915283, -17.0387248993, -17.0626716614, 11.4253387451, -29.4195995331, -5.71594905853], [817.67956543, -126.433898926, -106.842399597, 120.269073486, 605.66619873, 157.659240723, 74.9416809082, -188.228225708, 88.9796447754, 132.111068726, -78.3721237183, 0.263820797205, 28.7086448669], [649.401184082, -127.53918457, 35.1297264099, -9.14784431458, 157.659240723, 228.036209106, 148.957672119, -71.6239471436, 42.9820671082, 58.532699585, -38.4070320129, 23.6319274902, -8.99794769287], [1460.21276855, -104.250343323, -14.141251564, -143.509643555, 74.9416809082, 148.957672119, 544.553771973, 25.5366630554, 54.5136871338, 101.365791321, -115.823898315, 42.8379669189, 37.2482147217], [-234.819198608, 80.5556030273, -5.19305944443, -37.6306915283, -188.228225708, -71.6239471436, 25.5366630554, 167.026779175, -10.8223228455, -31.1363887787, 33.6297492981, 1.50164830685, 4.08472061157], [254.800323486, -64.7913131714, 66.2101516724, -17.0387248993, 88.9796447754, 42.9820671082, 54.5136871338, -10.8223228455, 127.712486267, 52.7873191833, -42.4769325256, 11.0464582443, 20.8420372009], [646.932922363, -114.460105896, -42.3030052185, -17.0626716614, 132.111068726, 58.532699585, 101.365791321, -31.1363887787, 52.7873191833, 137.207168579, -27.0190544128, 10.8321504593, 10.9210824966], [-463.716186523, 55.9771728516, -16.4060630798, 11.4253387451, -78.3721237183, -38.4070320129, -115.823898315, 33.6297492981, -42.4769325256, -27.0190544128, 123.068901062, 3.04625630379, -22.6329288483], [76.0720062256, 29.220911026, 19.9478111267, -29.4195995331, 0.263820797205, 23.6319274902, 42.8379669189, 1.50164830685, 11.0464582443, 10.8321504593, 3.04625630379, 72.2125701904, 19.3173561096], [-35.5726661682, 25.5727882385, 7.7695479393, -5.71594905853, 28.7086448669, -8.99794769287, 37.2482147217, 4.08472061157, 20.8420372009, 10.9210824966, -22.6329288483, 19.3173561096, 75.3743286133]],
        "icov": [[0.000147947052028, 0.0001773799886, 0.000183294105227, 7.64602154959e-05, -2.55947179539e-05, -3.36826342391e-05, -0.000247057614615, 5.04388881382e-05, -2.27787677431e-05, -0.000208860670682, 0.000218045257498, -0.000133881010697, 0.000257976585999], [0.0001773799886, 0.00159706384875, 0.00042816073983, 0.000263815309154, -0.000279745523585, 0.000407426443417, -0.000225412630243, -0.000383766018786, 0.000150836232933, 0.000874729710631, 6.666079571e-05, -0.00096600613324, -9.5742958365e-05], [0.000183294105227, 0.00042816073983, 0.00159027590416, -0.00031284627039, 0.000598661834374, -0.000337221135851, -0.000337102683261, 0.000565517169889, -0.00118830800056, 0.000433069275459, 0.000259916385403, -0.000559918233193, 0.000108637344965], [7.64602154959e-05, 0.000263815309154, -0.00031284627039, 0.00517217349261, -0.00185128976591, -0.000226873278734, 0.00139765581116, -0.0012056279229, 0.00143541861326, 0.000474877655506, 0.000594268727582, 0.000999368960038, -0.000119660136988], [-2.55947179539e-05, -0.000279745523585, 0.000598661834374, -0.00185128976591, 0.00436969520524, -0.00115277292207, -0.000292494310997, 0.00368433864787, -0.00183423887938, -0.002043483546, 8.67797571118e-05, 0.00061092415126, -0.00130357465241], [-3.36826342391e-05, 0.000407426443417, -0.000337221135851, -0.000226873278734, -0.00115277292207, 0.00799666065723, -0.00226657814346, 0.00235258881003, -0.00110840715934, 0.00042947314796, -0.0010962333763, -0.00201135431416, 0.00268028490245], [-0.000247057614615, -0.000225412630243, -0.000337102683261, 0.00139765581116, -0.000292494310997, -0.00226657814346, 0.0045115458779, -0.00267859431915, 0.00142207939643, -0.00144233705942, 0.00304294913076, -0.000660552061163, -0.00124412833247], [5.04388881382e-05, -0.000383766018786, 0.000565517169889, -0.0012056279229, 0.00368433864787, 0.00235258881003, -0.00267859431915, 0.01208549086, -0.00306306499988, 0.00014984079462, -0.00339303957298, 0.000827005715109, -0.000854928977787], [-2.27787677431e-05, 0.000150836232933, -0.00118830800056, 0.00143541861326, -0.00183423887938, -0.00110840715934, 0.00142207939643, -0.00306306499988, 0.0124060409144, -0.00337261147797, 0.0034931381233, -0.000666231906507, -0.00152317190077], [-0.000208860670682, 0.000874729710631, 0.000433069275459, 0.000474877655506, -0.002043483546, 0.00042947314796, -0.00144233705942, 0.00014984079462, -0.00337261147797, 0.0130396755412, -0.00207669124939, -0.000614916498307, -0.00029247708153], [0.000218045257498, 6.666079571e-05, 0.000259916385403, 0.000594268727582, 8.67797571118e-05, -0.0010962333763, 0.00304294913076, -0.00339303957298, 0.0034931381233, -0.00207669124939, 0.0137501414865, -0.00302909943275, 0.00285488320515], [-0.000133881010697, -0.00096600613324, -0.000559918233193, 0.000999368960038, 0.00061092415126, -0.00201135431416, -0.000660552061163, 0.000827005715109, -0.000666231906507, -0.000614916498307, -0.00302909943275, 0.0176169835031, -0.0049443449825], [0.000257976585999, -9.5742958365e-05, 0.000108637344965, -0.000119660136988, -0.00130357465241, 0.00268028490245, -0.00124412833247, -0.000854928977787, -0.00152317190077, -0.00029247708153, 0.00285488320515, -0.0049443449825, 0.0174666643143]]
    },
    "spectral_contrast_coeffs": {
        "max": [-0.335214078426, -0.388654530048, -0.474275708199, -0.608046531677, -0.578315734863, -0.594378232956],
        "mean": [-0.600462198257, -0.71266078949, -0.742523729801, -0.784932255745, -0.759883880615, -0.7437723279],
        "min": [-0.878412306309, -0.924693286419, -0.92421400547, -0.924447596073, -0.909177303314, -0.932247281075],
        "stdev": [0.0833190307021, 0.104843899608, 0.0783982053399, 0.0572080686688, 0.0578726679087, 0.0517054758966]
    },
    "spectral_contrast_valleys": {
        "max": [-5.1347026825, -4.31013774872, -5.49176597595, -6.12385606766, -6.19084978104, -7.7716255188],
        "mean": [-7.80680990219, -7.1700797081, -7.9453830719, -8.38642978668, -8.74533653259, -11.5498256683],
        "min": [-11.7327356339, -11.6642665863, -12.0354318619, -11.9063796997, -12.1587686539, -14.2562456131],
        "stdev": [1.48424446583, 1.24928438663, 1.39837765694, 1.46094954014, 1.45354652405, 1.52113437653]
    }
},
"rhythm": {
    "beats_count": 130,
    "beats_loudness": {
        "max": 0.0856030583382,
        "mean": 0.0249183513224,
        "min": 1.728395182e-05,
        "stdev": 0.0213795341551
    },
    "bpm": 154.798751831,
    "bpm_histogram_first_peak_bpm": 157,
    "bpm_histogram_first_peak_weight": 0.354166686535,
    "bpm_histogram_second_peak_bpm": 167,
    "bpm_histogram_second_peak_spread": 0,
    "bpm_histogram_second_peak_weight": 0.162790700793,
    "danceability": 0.920608818531,
    "onset_rate": 3.5888671875,
    "beats_loudness_band_ratio": {
        "max": [0.754776477814, 0.709583222866, 0.888619661331, 0.571093797684, 0.382893383503, 0.431951075792],
        "mean": [0.255576312542, 0.303138166666, 0.338888496161, 0.137779667974, 0.0652139559388, 0.0253114588559],
        "min": [0.000521969457623, 0.0253580026329, 0.021986214444, 0.00306489830837, 0.000633895862848, 0.000754555803724],
        "stdev": [0.188559144735, 0.163896158338, 0.232712045312, 0.126500979066, 0.0685173273087, 0.0471443384886]
    },
