{
"metadata": {
    "version": {
        "essentia": "2.1-beta5",
        "essentia_git_sha": "Undefined",
        "extractor": "music 2.0"
    },
    "audio_properties": {
        "analysis": {
            "equal_loudness": 0,
            "length": 28.6418132782,
            "sample_rate": 44100,
            "start_time": 158.998641968,
            "downmix": "mix"
        },
        "bit_rate": 192000,
        "length": 187.66368103,
        "lossless": 0,
        "number_channels": 2,
        "replay_gain": -4.5493183136,
        "sample_rate": 48000,
        "codec": "mp3",
        "md5_encoded": "03c6a2f0c9d49bde395943a9c3cc8aaa"
    },
    "tags": {
        "file_name": "Switzerland_Cinéma_Paola.mp3",
        "encoding": ["Lavf58.29.100"]
    }
},
"lowlevel": {
    "average_loudness": 0.968308091164,
    "barkbands_crest": {
        "max": 25.0701847076,
        "mean": 9.20520496368,
        "min": 2.81270718575,
        "stdev": 4.02735996246
    },
    "barkbands_flatness_db": {
        "max": 0.320759087801,
        "mean": 0.198155581951,
        "min": 0.0875052288175,
        "stdev": 0.0302505642176
    },
    "barkbands_kurtosis": {
        "max": 35.4852828979,
        "mean": 1.08712112904,
        "min": -1.72270750999,
        "stdev": 3.1834154129
    },
    "barkbands_skewness": {
        "max": 5.54505729675,
        "mean": 0.476730912924,
        "min": -2.45133972168,
        "stdev": 0.962042212486
    },
    "barkbands_spread": {
        "max": 43.6959152222,
        "mean": 15.8331699371,
        "min": 1.67031252384,
        "stdev": 6.1785826683
    },
    "dissonance": {
        "max": 0.5,
        "mean": 0.463548213243,
        "min": 0.33551761508,
        "stdev": 0.0264063589275
    },
    "dynamic_complexity": 2.30861163139,
    "erbbands_crest": {
        "max": 31.9779834747,
        "mean": 11.4873695374,
        "min": 2.83843135834,
        "stdev": 5.88956689835
    },
    "erbbands_flatness_db": {
        "max": 0.381139367819,
        "mean": 0.257609665394,
        "min": 0.154602140188,
        "stdev": 0.0377356931567
    },
    "erbbands_kurtosis": {
        "max": 20.3642501831,
        "mean": 1.076187253,
        "min": -1.70555520058,
        "stdev": 2.68571090698
    },
    "erbbands_skewness": {
        "max": 3.521266222,
        "mean": -0.0187783464789,
        "min": -3.54368400574,
        "stdev": 0.832621216774
    },
    "erbbands_spread": {
        "max": 63.1434326172,
        "mean": 21.502412796,
        "min": 3.00004982948,
        "stdev": 10.5876302719
    },
    "hfc": {
        "max": 87.3420715332,
        "mean": 26.4494533539,
        "min": 0.00280899833888,
        "stdev": 16.273853302
    },
    "loudness_ebu128": {
        "integrated": -17.3446941376,
        "loudness_range": 2.89514160156,
        "momentary": {
            "max": -15.311671257,
            "mean": -17.9577789307,
            "min": -29.1089611053,
            "stdev": 2.66414785385
        },
        "short_term": {
            "max": -15.8754119873,
            "mean": -17.504573822,
            "min": -22.6853046417,
            "stdev": 1.23362112045
        }
    },
    "melbands_crest": {
        "max": 29.2668609619,
        "mean": 10.919927597,
        "min": 3.25787639618,
        "stdev": 4.46715593338
    },
    "melbands_flatness_db": {
        "max": 0.385394394398,
        "mean": 0.216287791729,
        "min": 0.10321007669,
        "stdev": 0.0367752276361
    },
    "melbands_kurtosis": {
        "max": 66.1165313721,
        "mean": 2.79090237617,
        "min": -1.75599193573,
        "stdev": 5.70284748077
    },
    "melbands_skewness": {
        "max": 6.90333843231,
        "mean": 1.02895843983,
        "min": -1.593993783,
        "stdev": 1.10687410831
    },
    "melbands_spread": {
        "max": 69.9623565674,
        "mean": 25.8397979736,
        "min": 2.59656262398,
        "stdev": 11.7917852402
    },
    "pitch_salience": {
        "max": 0.921936452389,
        "mean": 0.587006866932,
        "min": 0.183789357543,
        "stdev": 0.113218776882
    },
    "silence_rate_20dB": {
        "max": 1,
        "mean": 1,
        "min": 1,
        "stdev": 0
    },
    "silence_rate_30dB": {
        "max": 1,
        "mean": 1,
        "min": 1,
        "stdev": 0
    },
    "silence_rate_60dB": {
        "max": 1,
        "mean": 0.0518218614161,
        "min": 0,
        "stdev": 0.221667200327
    },
    "spectral_centroid": {
        "max": 2516.12548828,
        "mean": 1284.11730957,
        "min": 361.824584961,
        "stdev": 433.081390381
    },
    "spectral_complexity": {
        "max": 45,
        "mean": 21.8008098602,
        "min": 0,
        "stdev": 6.99049949646
    },
    "spectral_decrease": {
        "max": -3.58379179197e-13,
        "mean": -7.13119829854e-09,
        "min": -2.74114935195e-08,
        "stdev": 4.04239308693e-09
    },
    "spectral_energy": {
        "max": 0.108800068498,
        "mean": 0.0293138418347,
        "min": 1.60738954946e-06,
        "stdev": 0.0163143053651
    },
    "spectral_energyband_high": {
        "max": 0.00101907271892,
        "mean": 0.000130191081553,
        "min": 4.24445225633e-08,
        "stdev": 0.000110396998934
    },
    "spectral_energyband_low": {
        "max": 0.0265523511916,
        "mean": 0.00288738054223,
        "min": 8.81420358922e-09,
        "stdev": 0.00343568623066
    },
    "spectral_energyband_middle_high": {
        "max": 0.0697187706828,
        "mean": 0.0134781906381,
        "min": 1.36095900416e-06,
        "stdev": 0.0112387295812
    },
    "spectral_energyband_middle_low": {
        "max": 0.0851846039295,
        "mean": 0.0139107182622,
        "min": 2.06337773534e-07,
        "stdev": 0.0123256910592
    },
    "spectral_entropy": {
        "max": 8.48750400543,
        "mean": 7.24900627136,
        "min": 6.11980199814,
        "stdev": 0.245549812913
    },
    "spectral_flux": {
        "max": 0.287054479122,
        "mean": 0.0976893603802,
        "min": 0.00645010871813,
        "stdev": 0.0416788049042
    },
    "spectral_kurtosis": {
        "max": 26.2898044586,
        "mean": 6.47184705734,
        "min": -0.670131444931,
        "stdev": 3.96728253365
    },
    "spectral_rms": {
        "max": 0.0103027373552,
        "mean": 0.00508930161595,
        "min": 3.96003160859e-05,
        "stdev": 0.00164252775721
    },
    "spectral_rolloff": {
        "max": 3122.31445312,
        "mean": 1493.25231934,
        "min": 258.3984375,
        "stdev": 596.992431641
    },
    "spectral_skewness": {
        "max": 3.71242618561,
        "mean": 1.51566827297,
        "min": 0.326182454824,
        "stdev": 0.449252992868
    },
    "spectral_spread": {
        "max": 16409325,
        "mean": 2389796.25,
        "min": 1685063.625,
        "stdev": 541746.9375
    },
    "spectral_strongpeak": {
        "max": 13.0191173553,
        "mean": 2.4017264843,
        "min": 0.00163186562713,
        "stdev": 2.51299357414
    },
    "zerocrossingrate": {
        "max": 0.09912109375,
        "mean": 0.0529348291457,
        "min": 0.00830078125,
        "stdev": 0.0165689699352
    },
    "barkbands": {
        "max": [0.00044148467714, 0.0149749685079, 0.0161313153803, 0.0422770380974, 0.0551479719579, 0.0502830371261, 0.0332177504897, 0.0347858481109, 0.0552526153624, 0.0661153197289, 0.040126927197, 0.0303861349821, 0.0510689131916, 0.0333761759102, 0.0235932692885, 0.0334571376443, 0.0047791749239, 0.00594701385126, 0.00347411306575, 0.00210106302984, 0.000347002962371, 0.000130121974507, 8.29107011668e-05, 5.74197147216e-05, 1.06797315311e-05, 2.25639132623e-06, 2.36620849137e-06],
        "mean": [1.24926646095e-05, 0.00096043990925, 0.00122817524243, 0.00151361338794, 0.00354996835813, 0.00258457148448, 0.00159136706498, 0.00220881262794, 0.00152645888738, 0.00295989424922, 0.00279015116394, 0.00110349699389, 0.00135266978759, 0.00141267594881, 0.00110317813233, 0.0019731123466, 0.000520102854352, 0.000496435910463, 0.000216131724301, 0.000133478373755, 3.74827905034e-05, 2.06662371056e-05, 1.28608035084e-05, 5.36985953659e-06, 2.43437995096e-07, 3.19594661846e-09, 3.07182723702e-09],
        "min": [8.57094617501e-10, 4.96970731234e-09, 2.03410843724e-09, 2.26518803714e-09, 4.45821246586e-09, 2.12220232498e-08, 3.45104851363e-08, 3.24737285951e-08, 9.0211102588e-08, 7.78318920425e-08, 2.8063379176e-08, 2.15355086652e-07, 1.41463175396e-07, 3.98413817493e-07, 2.02502974389e-07, 5.82502295288e-08, 9.3875549112e-08, 7.5593419524e-08, 7.33434788458e-08, 2.04384953406e-08, 8.30881763392e-09, 3.35676042518e-09, 5.59140955758e-09, 7.11274164567e-11, 3.03127453694e-11, 4.06599684477e-11, 5.52096458828e-11],
        "stdev": [2.20960355364e-05, 0.00148178054951, 0.00176143005956, 0.00264215818606, 0.00539434095845, 0.0045012133196, 0.00281619629823, 0.00382370501757, 0.00349105265923, 0.00637271348387, 0.00537342717871, 0.00239966320805, 0.00428118323907, 0.00263603264466, 0.0025292688515, 0.00403447449207, 0.000656403892208, 0.000678484968375, 0.000236014777329, 0.000196816894459, 3.24386528519e-05, 1.76179619302e-05, 1.00193228718e-05, 5.29023918716e-06, 7.57981354127e-07, 6.6475756455e-08, 6.77555647144e-08]
    },
    "erbbands": {
        "max": [0.178250327706, 4.06071519852, 16.0602817535, 64.993270874, 222.030914307, 120.940658569, 363.480072021, 381.083129883, 294.92477417, 837.151000977, 905.444274902, 1215.77844238, 2057.85522461, 2236.88012695, 1801.05603027, 1189.21862793, 2844.94677734, 1901.85827637, 1441.95422363, 1544.93591309, 2035.5012207, 283.64440918, 296.021728516, 432.178955078, 73.8845596313, 56.5226554871, 20.9627017975, 6.24062824249, 5.23525619507, 3.3572537899, 2.1402349472, 1.37091517448, 1.36137270927, 0.248637601733, 0.0171500798315, 0.00909417681396, 0.00416829390451, 0.0014757476747, 0.000342126761097, 0.000123982041259],
        "mean": [0.0141193186864, 0.271360605955, 1.26451337337, 3.52798104286, 9.44331932068, 11.1155776978, 16.4663677216, 21.2602710724, 19.6997795105, 44.9155349731, 34.735294342, 37.0248413086, 70.0676269531, 95.0589523315, 112.115486145, 52.9347419739, 59.9429512024, 84.6602706909, 56.0808067322, 79.9936523438, 88.5646133423, 30.9912166595, 23.959651947, 22.3252887726, 8.94001960754, 6.06728935242, 2.32990264893, 1.15271711349, 0.748157739639, 0.591606020927, 0.345592558384, 0.178059607744, 0.0513864085078, 0.00731969764456, 0.000370408059098, 5.04655981786e-05, 2.09885129152e-05, 7.09523465048e-06, 1.65922356246e-05, 3.50489535776e-05],
        "min": [1.66707081917e-07, 1.01825594356e-06, 2.30063847084e-06, 5.4393017308e-06, 8.20095738163e-06, 1.55818543135e-05, 6.00020684942e-05, 0.000219507244765, 0.000445183482952, 0.000543160480447, 0.000976903131232, 0.00205110409297, 0.00226401770487, 0.00201729591936, 0.00296709220856, 0.00896908529103, 0.00710299238563, 0.0162936020643, 0.0159221813083, 0.00694569852203, 0.00318235624582, 0.00499481428415, 0.00482720369473, 0.00473112752661, 0.00200212327763, 0.000866971095093, 0.000713014800567, 0.000198079549591, 0.000132689936436, 0.000141907876241, 0.000160021649208, 0.000108355947305, 2.07069806493e-05, 3.58364354724e-06, 1.12362261007e-06, 4.25705081852e-07, 2.11355782653e-07, 7.87727287843e-08, 1.18876762656e-07, 2.48435192418e-08],
        "stdev": [0.0204759966582, 0.41568467021, 1.78317737579, 4.91274118423, 19.8307723999, 14.7470273972, 30.2242774963, 35.1299362183, 28.4174289703, 72.7638320923, 61.2110061646, 86.6809387207, 185.542144775, 187.08380127, 202.238265991, 95.320854187, 176.825927734, 174.827819824, 111.782646179, 150.927383423, 210.654907227, 38.6653213501, 30.7166500092, 30.989440918, 8.53788089752, 7.14940261841, 2.11897373199, 0.953062772751, 0.668583750725, 0.463490128517, 0.271741062403, 0.14312890172, 0.0847123339772, 0.0181472487748, 0.000998310744762, 0.000268500618404, 0.000122836543596, 4.33274944953e-05, 1.27244775285e-05, 1.90732080227e-05]
    },
    "gfcc": {
        "mean": [-37.9734802246, 167.397506714, -187.782913208, 36.2628898621, -57.071849823, -4.27210378647, -21.8492431641, -21.336309433, 2.01365852356, -30.7312908173, 6.06504440308, -17.7270488739, -1.71632754803],
        "cov": [[2010.4432373, 117.005622864, -215.106765747, -293.770751953, 46.9920921326, 17.8540420532, -17.2569713593, -12.8085794449, -54.7211036682, -108.508964539, -8.14161205292, -54.5867233276, -39.043838501], [117.005622864, 302.004211426, 207.324661255, 9.31661319733, -20.7914199829, -28.3863506317, 45.4448013306, -53.3527832031, -15.4315681458, -34.7908401489, 18.2776451111, -10.6524906158, -17.0463867188], [-215.106765747, 207.324661255, 449.922698975, 108.152183533, -106.892044067, 16.0283203125, -58.8579711914, 37.7915687561, -39.9990768433, -6.36059713364, 32.2685661316, -30.3383274078, 49.7759475708], [-293.770751953, 9.31661319733, 108.152183533, 266.701873779, 33.7045097351, -53.4897003174, -27.0049037933, 16.1199531555, 59.1281204224, 19.3594665527, -17.8388900757, 23.4668064117, 5.1520614624], [46.9920921326, -20.7914199829, -106.892044067, 33.7045097351, 165.530395508, -9.08547973633, 22.1297397614, -9.75874519348, 28.3715209961, 9.08967685699, -21.6347923279, 23.1355571747, -34.0015487671], [17.8540420532, -28.3863506317, 16.0283203125, -53.4897003174, -9.08547973633, 229.717910767, 48.7697372437, -24.513589859, -60.3663711548, -11.1945371628, 23.2707214355, -24.3313388824, 20.3038520813], [-17.2569713593, 45.4448013306, -58.8579711914, -27.0049037933, 22.1297397614, 48.7697372437, 140.068267822, -48.654750824, -6.13612937927, -4.11935329437, -7.12968969345, 9.95973014832, -31.8414211273], [-12.8085794449, -53.3527832031, 37.7915687561, 16.1199531555, -9.75874519348, -24.513589859, -48.654750824, 132.345932007, 26.9995594025, 11.9538898468, -0.6077709198, -15.1808395386, 31.9704475403], [-54.7211036682, -15.4315681458, -39.9990768433, 59.1281204224, 28.3715209961, -60.3663711548, -6.13612937927, 26.9995594025, 108.324531555, 30.9945774078, -19.3668727875, 21.2420520782, -8.04751491547], [-108.508964539, -34.7908401489, -6.36059713364, 19.3594665527, 9.08967685699, -11.1945371628, -4.11935329437, 11.9538898468, 30.9945774078, 68.0274963379, 16.4038944244, 7.10036611557, -0.359410822392], [-8.14161205292, 18.2776451111, 32.2685661316, -17.8388900757, -21.6347923279, 23.2707214355, -7.12968969345, -0.6077709198, -19.3668727875, 16.4038944244, 60.5998535156, 6.84698295593, 4.38677692413], [-54.5867233276, -10.6524906158, -30.3383274078, 23.4668064117, 23.1355571747, -24.3313388824, 9.95973014832, -15.1808395386, 21.2420520782, 7.10036611557, 6.84698295593, 57.5370941162, 5.1163725853], [-39.043838501, -17.0463867188, 49.7759475708, 5.1520614624, -34.0015487671, 20.3038520813, -31.8414211273, 31.9704475403, -8.04751491547, -0.359410822392, 4.38677692413, 5.1163725853, 68.8638916016]],
        "icov": [[0.000812372541986, -0.00130846339744, 0.00107997586019, 0.000474324973766, -1.19755577543e-05, -0.000428511964856, 0.00108101346996, -0.000623520056251, 0.000219884954276, 0.000522636226378, 0.000241189642111, 0.000181611278094, 0.0002298970212], [-0.00130846339744, 0.0157520044595, -0.0112019404769, 0.00294381706044, -0.00500856013969, 0.00640758359805, -0.00938354525715, 0.0082896547392, -0.00711083691567, 0.00842766370624, -0.00842428021133, 0.00588642666116, -0.00220313272439], [0.00107997586019, -0.0112019404769, 0.0118142450228, -0.00427125534043, 0.00534077733755, -0.00449141860008, 0.00702311424538, -0.00627731159329, 0.00640617823228, -0.00527642248198, 0.00407082773745, -0.00222788914107, 0.000369639630662], [0.000474324973766, 0.00294381706044, -0.00427125534043, 0.00722398469225, -0.00307282619178, 0.00153737561777, -0.000798776512966, 0.00205514975823, -0.00433312356472, 0.00208263588138, -8.67510170792e-05, -0.000264664675342, -0.000219754059799], [-1.19755577543e-05, -0.00500856013969, 0.00534077733755, -0.00307282619178, 0.0111184203997, -0.00355528714135, 0.00337895564735, -0.00407416792586, 0.00332530890591, -0.00464542489499, 0.00608982285485, -0.00637723272666, 0.00556491082534], [-0.000428511964856, 0.00640758359805, -0.00449141860008, 0.00153737561777, -0.00355528714135, 0.00941762700677, -0.00687595456839, 0.00458633294329, -0.00122647790704, 0.00395109131932, -0.00662612821907, 0.00684642558917, -0.00557532859966], [0.00108101346996, -0.00938354525715, 0.00702311424538, -0.000798776512966, 0.00337895564735, -0.00687595456839, 0.0161963123828, -0.00332141621038, 0.00393843324855, -0.00509551493451, 0.00767419021577, -0.00694200722501, 0.00646056327969], [-0.000623520056251, 0.0082896547392, -0.00627731159329, 0.00205514975823, -0.00407416792586, 0.00458633294329, -0.00332141621038, 0.0155635774136, -0.00764448707923, 0.0044693746604, -0.00620413990691, 0.00870015844703, -0.00716422358528], [0.000219884954276, -0.00711083691567, 0.00640617823228, -0.00433312356472, 0.00332530890591, -0.00122647790704, 0.00393843324855, -0.00764448707923, 0.0205287765712, -0.0113649591804, 0.00982378143817, -0.00819661375135, 0.00375459482893], [0.000522636226378, 0.00842766370624, -0.00527642248198, 0.00208263588138, -0.00464542489499, 0.00395109131932, -0.00509551493451, 0.0044693746604, -0.0113649591804, 0.0268218759447, -0.0142539525405, 0.00684121157974, -0.00263748154975], [0.000241189642111, -0.00842428021133, 0.00407082773745, -8.67510170792e-05, 0.00608982285485, -0.00662612821907, 0.00767419021577, -0.00620413990691, 0.00982378143817, -0.0142539525405, 0.0304782968014, -0.013449979946, 0.00663605099544], [0.000181611278094, 0.00588642666116, -0.00222788914107, -0.000264664675342, -0.00637723272666, 0.00684642558917, -0.00694200722501, 0.00870015844703, -0.00819661375135, 0.00684121157974, -0.013449979946, 0.0313478335738, -0.011620497331], [0.0002298970212, -0.00220313272439, 0.000369639630662, -0.000219754059799, 0.00556491082534, -0.00557532859966, 0.00646056327969, -0.00716422358528, 0.00375459482893, -0.00263748154975, 0.00663605099544, -0.011620497331, 0.0254260674119]]
    },
    "melbands": {
        "max": [0.00286676501855, 0.00648494204506, 0.0150047848001, 0.0137826129794, 0.00991180632263, 0.00871575064957, 0.00576189160347, 0.00831904355437, 0.00657746009529, 0.00653345137835, 0.0101039428264, 0.0102216945961, 0.00599595624954, 0.0046049435623, 0.00457555428147, 0.00467369798571, 0.00430544791743, 0.00232405471615, 0.00204235268757, 0.00208872696385, 0.00208447920159, 0.000286324793706, 0.000596819620114, 0.000209235513466, 0.000385887542507, 4.85922064399e-05, 0.000132804692839, 4.90770980832e-05, 1.96892124222e-05, 1.02583344415e-05, 3.68631935999e-06, 3.39177336173e-06, 2.21697018787e-06, 1.66637323673e-06, 1.50802043208e-06, 1.03395984752e-06, 9.03411660147e-07, 1.08717324565e-06, 6.78188143866e-07, 1.27112627979e-07],
        "mean": [0.000198260691832, 0.000578520586714, 0.000785609416198, 0.000756204826757, 0.000567829294596, 0.000477896246593, 0.000305687863147, 0.000521639769431, 0.00025888250093, 0.000233635801123, 0.000354043004336, 0.000379804463591, 0.000391548528569, 0.000170419050846, 0.000120801152661, 0.000133904264658, 0.000159027214977, 8.51641525514e-05, 7.76478264015e-05, 0.000151487445692, 8.22156507638e-05, 2.61280911218e-05, 3.33404896082e-05, 1.86310553545e-05, 1.8327811631e-05, 6.31833108855e-06, 5.76035472477e-06, 3.6366132008e-06, 1.60128342941e-06, 8.72369923854e-07, 5.98892768267e-07, 4.137428391e-07, 3.92275694594e-07, 2.95872780498e-07, 2.10125620015e-07, 1.46153368519e-07, 9.26987908656e-08, 3.99558643949e-08, 1.49137182603e-08, 2.60005217356e-09],
        "min": [1.47550327512e-09, 1.27281774009e-09, 1.02164976479e-09, 7.62649998709e-10, 1.82729942289e-09, 4.90155160904e-09, 6.95959467834e-09, 5.93888049849e-09, 9.02554742055e-09, 1.32158959332e-08, 1.13718465755e-08, 8.51587511619e-09, 5.75901060174e-09, 2.22900613522e-08, 2.12924327059e-08, 1.37489140073e-08, 3.38003793843e-08, 2.9084427311e-08, 1.37892426366e-08, 5.24477528074e-09, 3.01513503054e-09, 4.10591471933e-09, 5.75140735037e-09, 4.58635129874e-09, 3.7904359651e-09, 2.35554709072e-09, 6.28500473887e-10, 6.04680194805e-10, 5.53523338276e-10, 2.3256430115e-10, 7.89335333207e-11, 7.92502036218e-11, 5.78044383193e-11, 8.60100671241e-11, 9.61046381365e-11, 7.08457181808e-11, 8.76277728764e-13, 1.00931361793e-12, 2.40337887395e-13, 2.35255418661e-13],
        "stdev": [0.000297848397167, 0.000769366975874, 0.00125328928698, 0.00129900034517, 0.000881631684024, 0.000784251780715, 0.000470771105029, 0.000847030838486, 0.000469671329483, 0.000547399744391, 0.000930352660362, 0.000815743114799, 0.0007544135442, 0.000333859643433, 0.000299858133076, 0.000402271834901, 0.000331304152496, 0.000188039630302, 0.000188418620382, 0.000275877711829, 0.000216290980461, 3.3560088923e-05, 6.06075009273e-05, 2.13964685827e-05, 2.769565981e-05, 5.98130736762e-06, 1.06979259726e-05, 4.71496650789e-06, 1.66731956597e-06, 8.49311447837e-07, 5.47698050468e-07, 4.14775911395e-07, 3.27349994222e-07, 2.38193138102e-07, 1.75899174337e-07, 1.20496977729e-07, 8.76707488828e-08, 6.65912622821e-08, 4.197448078e-08, 8.59846238654e-09]
    },
    "melbands128": {
        "max": [0.000190486389329, 0.000830278208014, 0.00397624121979, 0.00851928535849, 0.00823398120701, 0.00732782576233, 0.0104151675478, 0.0253694280982, 0.0305678658187, 0.0181863754988, 0.00505883479491, 0.0086168339476, 0.0178546719253, 0.0235977489501, 0.0115831336007, 0.0062567437999, 0.00638740276918, 0.00753127783537, 0.0126430755481, 0.0147974845022, 0.0132093466818, 0.0132623249665, 0.00660189427435, 0.020849423483, 0.0121007822454, 0.00682315928861, 0.0155882723629, 0.019372260198, 0.0131344199181, 0.0235263500363, 0.0110798878595, 0.0105169955641, 0.0119428886101, 0.0106553435326, 0.00736608961597, 0.00712235597894, 0.00479300087318, 0.00349424523301, 0.0139363147318, 0.0130817499012, 0.0106854513288, 0.0123043581843, 0.00713075930253, 0.00451734196395, 0.00369298364967, 0.00479077920318, 0.00366247002967, 0.00388876791112, 0.00499021913856, 0.00550640420988, 0.00409853691235, 0.00549908354878, 0.0036657738965, 0.00230111368001, 0.0004634729994, 0.000493061437737, 0.000766271026805, 0.00108073221054, 0.000830976874568, 0.00042535024113, 0.000363998813555, 0.000522163987625, 0.00100405164994, 0.000185446726391, 8.55333128129e-05, 7.08118022885e-05, 6.37212651782e-05, 0.000111543835374, 0.000268042087555, 5.77302125748e-05, 9.65192448348e-05, 9.5207898994e-05, 4.74666558148e-05, 1.44190498759e-05, 3.99966666009e-05, 7.76694650995e-06, 1.18999832921e-05, 4.7193429964e-06, 6.93038737154e-06, 4.14064516008e-06, 4.87219358547e-06, 3.47062018591e-06, 5.24832148585e-06, 2.92693198389e-06, 3.4133306599e-06, 2.86465387944e-06, 2.06552385862e-06, 1.90253683741e-06, 2.05224796446e-06, 1.5582065771e-06, 2.18508580474e-06, 1.27366922698e-06, 1.39381916142e-06, 1.50902633322e-06, 1.01698446997e-06, 8.07953881576e-07, 1.57116210175e-06, 1.47822424879e-06, 7.52338678467e-07, 4.6785967811e-07, 2.99315786378e-07, 7.98400279223e-08, 7.22521349417e-08, 2.34776198482e-08, 1.91339086797e-08, 1.80845560749e-08, 1.71772285285e-08, 1.63393067965e-08, 1.56108175275e-08, 1.49023389184e-08, 1.42894531763e-08, 1.37077869056e-08, 1.317822651e-08, 1.27234276448e-08, 1.22369572253e-08, 1.18353202794e-08, 1.14456488731e-08, 1.11128812819e-08, 1.07779394298e-08, 1.04993720385e-08, 1.02291348725e-08, 9.98583438161e-09, 9.78605729784e-09, 9.59878665441e-09, 9.47058964584e-09, 9.36034272314e-09, 9.27286070151e-09, 9.22136411674e-09],
        "mean": [9.23480729398e-06, 6.41160368104e-05, 0.00024647556711, 0.000508718774654, 0.000611395575106, 0.000611526716966, 0.00066802452784, 0.000795698026195, 0.00105913926382, 0.000772292318288, 0.000563661218621, 0.000547670642845, 0.000526431133039, 0.000662650098093, 0.00053227081662, 0.000362323713489, 0.000285709131276, 0.000287835544441, 0.00031830923399, 0.000558625033591, 0.000656734046061, 0.000330338050844, 0.00017607830523, 0.000205493983231, 0.000265912181931, 0.000186166507774, 0.000295463338261, 0.000412799912738, 0.000305115827359, 0.000541467918083, 0.000292255630484, 0.000308266200591, 0.000503750692587, 0.000409716594731, 0.000119517811981, 0.000161631716765, 0.000126423459733, 7.48350212234e-05, 0.000175124325324, 0.000116180155601, 0.000106926941953, 0.000179388633114, 0.00020530083566, 0.000125990613014, 6.46128683002e-05, 0.000101146055385, 7.88638208178e-05, 6.13519223407e-05, 8.15499370219e-05, 0.000108230837213, 0.000168461541762, 0.000195001455722, 0.000105312021333, 3.45725929947e-05, 2.36839969148e-05, 1.64485845744e-05, 3.51544076693e-05, 4.90226229886e-05, 2.85526075459e-05, 1.11231265691e-05, 1.46851034515e-05, 2.34073759202e-05, 3.50947448169e-05, 1.01183104562e-05, 5.56759323445e-06, 6.82992686052e-06, 6.18809372099e-06, 5.38901349501e-06, 6.89902253725e-06, 4.3985778575e-06, 3.40221708939e-06, 3.78651293431e-06, 1.83904387541e-06, 1.1907878843e-06, 1.24059954487e-06, 8.94684546893e-07, 7.86896009686e-07, 5.63640867313e-07, 6.86621660861e-07, 4.64744658757e-07, 4.03682804517e-07, 4.07854116702e-07, 3.87796376344e-07, 3.75728063773e-07, 4.46230217221e-07, 2.86200531718e-07, 2.7470670716e-07, 2.32059221617e-07, 2.14586307834e-07, 1.87459605172e-07, 1.58296302288e-07, 1.35358092734e-07, 1.26514507315e-07, 9.88750770148e-08, 6.97904241065e-08, 4.66243470498e-08, 3.61868472964e-08, 2.42109425841e-08, 1.74121126406e-08, 8.65856364385e-09, 4.33822444634e-09, 1.49877132927e-09, 5.80419434737e-10, 1.6213198839e-10, 3.18384173192e-11, 3.09454961656e-11, 2.77128008042e-11, 2.30405642482e-11, 2.20409905605e-11, 2.07808076302e-11, 2.04363592021e-11, 1.91697404478e-11, 1.87754568837e-11, 1.84835376171e-11, 1.75857627072e-11, 1.66907390686e-11, 1.63770316752e-11, 1.57857112798e-11, 1.40130103701e-11, 1.3677558218e-11, 1.37178081394e-11, 1.29131861454e-11, 1.24614017022e-11, 1.1613585961e-11, 1.13461349691e-11, 1.10721605495e-11, 1.08940660312e-11, 1.08228287443e-11],
        "min": [6.54522103183e-10, 1.39958833412e-09, 1.81201653682e-09, 1.6513201917e-09, 1.20936438641e-09, 9.99144988967e-10, 1.10785514096e-09, 1.11914089107e-09, 7.92614029965e-10, 5.67430769038e-10, 8.08886624348e-10, 1.22154808491e-09, 1.7421831755e-09, 2.94752777741e-09, 4.67594674092e-09, 5.99329874618e-09, 6.85377710141e-09, 7.34234673061e-09, 6.94754165309e-09, 5.82059778154e-09, 5.33341637521e-09, 6.36641761531e-09, 8.91086671118e-09, 1.22426726534e-08, 1.41832794398e-08, 1.35452324912e-08, 1.15633662645e-08, 1.06896012042e-08, 1.1569586178e-08, 1.1732188554e-08, 7.56215978726e-09, 1.96725458146e-09, 1.91387217185e-09, 9.97154803173e-09, 2.02365271207e-08, 2.59517083379e-08, 2.64372346237e-08, 2.33046115738e-08, 1.72255738562e-08, 1.22723040619e-08, 1.11723466034e-08, 1.73838436979e-08, 3.2118595783e-08, 4.49769572697e-08, 3.98214652364e-08, 1.02144159797e-08, 1.54645185546e-08, 1.55638062438e-08, 1.25818253593e-08, 6.10006933854e-09, 3.14355208531e-09, 5.72710145974e-09, 4.15558609745e-09, 1.38607136879e-09, 1.42219958033e-09, 1.63367230854e-09, 9.11194053543e-09, 1.04020214664e-08, 1.91768334545e-09, 2.07398165308e-09, 7.49658202182e-09, 3.8274894365e-09, 1.66482772013e-09, 4.68698768685e-09, 6.24371754299e-09, 1.2401504268e-09, 1.0155631891e-09, 9.36150601483e-10, 3.89778792576e-10, 4.77699546586e-10, 2.26089660882e-10, 1.04363906406e-09, 9.55494350308e-10, 1.60972207786e-10, 5.85080317528e-10, 1.60014265727e-10, 2.01631239483e-10, 5.43104589079e-11, 7.2516923022e-11, 6.90019291705e-11, 9.32400961995e-11, 6.82028947208e-11, 7.73902331108e-11, 4.31900869236e-11, 4.70768805882e-11, 1.15581218207e-10, 7.91661666777e-11, 7.2376181437e-11, 1.12104263372e-10, 7.97557089816e-11, 1.25937191231e-10, 3.82641904273e-11, 1.14223170852e-12, 7.3409328746e-13, 3.45703744494e-13, 1.91272846628e-13, 1.88245076536e-13, 1.79223308286e-13, 1.71465665559e-13, 2.03808419252e-13, 1.79127153106e-13, 1.9872103095e-13, 2.02826226951e-13, 1.31545504199e-13, 1.4906687538e-13, 1.75071098569e-13, 1.33647352083e-13, 1.4081139412e-13, 1.5278385924e-13, 1.59026464957e-13, 1.60104527834e-13, 1.98264568283e-13, 1.71606422106e-13, 1.6910900306e-13, 1.93047468744e-13, 1.92118714058e-13, 1.29742150725e-13, 1.49567885204e-13, 1.89591425242e-13, 1.84964999046e-13, 1.87826303447e-13, 1.82662641523e-13, 1.59415408933e-13, 1.81193574684e-13, 1.27557808608e-13, 4.05881281547e-14, 7.73859719117e-15, 1.98872536345e-16],
        "stdev": [1.55979687406e-05, 9.79398027994e-05, 0.000418237759732, 0.000834748556372, 0.000947841268498, 0.000870842079166, 0.00091470888583, 0.00160021835472, 0.00244563515298, 0.00163562083617, 0.000759224989451, 0.000795589294285, 0.00120713410433, 0.00168210477568, 0.00107934093103, 0.00058706861455, 0.000494952313602, 0.000620562350377, 0.000876595382579, 0.00106137478724, 0.00134687218815, 0.000864646106493, 0.000460738374386, 0.000754113425501, 0.000869302544743, 0.00053049006965, 0.0011558115948, 0.0015500553418, 0.000869483221322, 0.0015466036275, 0.000846723676659, 0.00101438374259, 0.00121293403208, 0.000992417801172, 0.000377477670554, 0.000498488952871, 0.000351288239472, 0.000210639147554, 0.000725243822671, 0.000605074863415, 0.000515239255037, 0.000829933211207, 0.000533803657163, 0.000320069870213, 0.000203006275115, 0.00033585113124, 0.000228059026995, 0.000252522993833, 0.000325510103721, 0.000370631954866, 0.000384435406886, 0.000598457583692, 0.000393522175727, 0.000106223400508, 3.99811324314e-05, 3.44783584296e-05, 7.44657590985e-05, 9.47213484324e-05, 7.96601598267e-05, 2.37574695348e-05, 2.47022926487e-05, 4.28690327681e-05, 7.21711767255e-05, 1.51782387547e-05, 7.8780358308e-06, 8.80786956259e-06, 8.1701837189e-06, 1.00138713606e-05, 2.12382146856e-05, 5.64603715247e-06, 6.2860244725e-06, 7.99094323156e-06, 2.68011604021e-06, 1.35497396059e-06, 2.31913008975e-06, 9.58613100011e-07, 1.00226009181e-06, 6.04488434419e-07, 7.90358512859e-07, 4.94677237839e-07, 5.12681708642e-07, 4.78900403778e-07, 4.26490203154e-07, 3.76421979809e-07, 4.99502732509e-07, 2.77833294149e-07, 2.74296326097e-07, 2.33207757105e-07, 2.13648860381e-07, 2.07722806067e-07, 1.74063714553e-07, 1.38357563628e-07, 1.32860947133e-07, 1.20350264865e-07, 9.4903427339e-08, 7.27604074768e-08, 7.83170790442e-08, 8.60776552258e-08, 5.20586347363e-08, 2.87500423468e-08, 1.73090786149e-08, 6.70673427905e-09, 3.64892582816e-09, 1.33005184644e-09, 5.63908753026e-10, 5.43747324944e-10, 5.08894149043e-10, 4.796714137e-10, 4.60299437455e-10, 4.36497005207e-10, 4.21565699016e-10, 4.01611105483e-10, 3.8915506928e-10, 3.79453080068e-10, 3.62718965974e-10, 3.47674639078e-10, 3.38265887523e-10, 3.27263216526e-10, 3.08609027222e-10, 3.00751201721e-10, 2.94961555181e-10, 2.85586554405e-10, 2.79205186748e-10, 2.72966288462e-10, 2.69321953628e-10, 2.66190514076e-10, 2.63705363102e-10, 2.62241284243e-10]
    },
    "mfcc": {
        "mean": [-652.292419434, 172.271087646, -54.0198173523, 31.1096878052, -15.0645227432, 12.7196235657, -17.9431114197, 15.2126188278, -18.0658874512, 9.01827812195, -15.1482620239, 3.27662611008, -7.163438797],
        "cov": [[1977.5715332, 190.641937256, -338.697479248, -207.087463379, -58.7189216614, 1.39370977879, -23.0507507324, 83.7037353516, -82.1019058228, 22.4249820709, -26.8407688141, -30.7516994476, -113.989677429], [190.641937256, 355.795318604, 67.4300765991, 25.4594917297, -77.5603637695, 40.380859375, -1.64904093742, 36.1629638672, -82.9494400024, 36.768699646, -23.7937412262, -26.9850273132, -53.8367462158], [-338.697479248, 67.4300765991, 589.964538574, -4.05927610397, 90.1221389771, -106.310028076, 80.996635437, -75.2605819702, 40.6730422974, -46.4701576233, 7.85563325882, -11.5271692276, -14.5115728378], [-207.087463379, 25.4594917297, -4.05927610397, 328.72869873, 15.8851547241, 8.91215991974, -113.011550903, 20.6626720428, 9.65377807617, -0.334259837866, -17.3223438263, 63.1279373169, 71.77394104], [-58.7189216614, -77.5603637695, 90.1221389771, 15.8851547241, 178.998580933, -74.9001312256, 21.4803237915, -32.1828956604, 58.0794906616, -41.5183944702, 13.5747776031, 19.5740566254, 46.2913284302], [1.39370977879, 40.380859375, -106.310028076, 8.91215991974, -74.9001312256, 246.794998169, 10.8711414337, 59.3503990173, -55.652557373, 44.0865707397, -7.79917621613, -27.0528354645, -52.5746612549], [-23.0507507324, -1.64904093742, 80.996635437, -113.011550903, 21.4803237915, 10.8711414337, 155.422927856, -12.295545578, 7.2154006958, -19.1847801208, 27.2047290802, -42.1767654419, -26.2190227509], [83.7037353516, 36.1629638672, -75.2605819702, 20.6626720428, -32.1828956604, 59.3503990173, -12.295545578, 90.5152130127, -15.2725563049, 25.6325855255, -18.336894989, 0.327354192734, -21.2689800262], [-82.1019058228, -82.9494400024, 40.6730422974, 9.65377807617, 58.0794906616, -55.652557373, 7.2154006958, -15.2725563049, 113.617614746, -11.616191864, 16.7743453979, 1.16158878803, 37.7250289917], [22.4249820709, 36.768699646, -46.4701576233, -0.334259837866, -41.5183944702, 44.0865707397, -19.1847801208, 25.6325855255, -11.616191864, 82.982170105, -1.00518536568, 1.11942315102, -24.4731388092], [-26.8407688141, -23.7937412262, 7.85563325882, -17.3223438263, 13.5747776031, -7.79917621613, 27.2047290802, -18.336894989, 16.7743453979, -1.00518536568, 69.7947998047, -3.79393553734, 13.4656648636], [-30.7516994476, -26.9850273132, -11.5271692276, 63.1279373169, 19.5740566254, -27.0528354645, -42.1767654419, 0.327354192734, 1.16158878803, 1.11942315102, -3.79393553734, 95.7240600586, 34.7811775208], [-113.989677429, -53.8367462158, -14.5115728378, 71.77394104, 46.2913284302, -52.5746612549, -26.2190227509, -21.2689800262, 37.7250289917, -24.4731388092, 13.4656648636, 34.7811775208, 110.672431946]],
        "icov": [[0.000761298811994, -0.000601668842137, 0.00057734438451, 0.000567308277823, -0.000369394867448, 0.000330905546434, 0.000359980622306, -0.000398394971853, -3.84029517591e-05, 0.000431340449722, -9.91563938442e-05, -0.000160009294632, 0.000690469809342], [-0.000601668842137, 0.00481876917183, -0.00140890758485, -0.00128680816852, 0.00123731105123, 0.000469221791718, -0.000585223198868, -0.00115326337982, 0.00299864541739, -0.00184542371426, 0.00037249957677, 0.00155924272258, -0.000246305397013], [0.00057734438451, -0.00140890758485, 0.00306550879031, -0.000290823809337, -0.00110499397852, 0.00089943758212, -0.00120758020785, 0.00164775666781, -0.00102598918602, 0.000834414793644, 0.000384361192118, -0.000432861008449, 0.00204340834171], [0.000567308277823, -0.00128680816852, -0.000290823809337, 0.00587918423116, -0.000674483424518, -0.00120561767835, 0.0038430322893, -0.00155893480405, -0.000626624794677, 0.00112454302143, -6.62713646307e-05, -0.00166850816458, -0.00257765920833], [-0.000369394867448, 0.00123731105123, -0.00110499397852, -0.000674483424518, 0.00881307758391, 0.000743077311199, -0.00147250434384, 0.000298495229799, -0.00219384464435, 0.00173582322896, 6.79497243254e-05, -0.00109384127427, -0.00164364557713], [0.000330905546434, 0.000469221791718, 0.00089943758212, -0.00120561767835, 0.000743077311199, 0.0066870925948, -0.00158339866903, -0.00259021040983, 0.00225122366101, -0.00169216445647, -0.000427617575042, 0.00147280166857, 0.00190946366638], [0.000359980622306, -0.000585223198868, -0.00120758020785, 0.0038430322893, -0.00147250434384, -0.00158339866903, 0.0116895707324, -0.00136207672767, -0.000330123730237, 0.00271066394635, -0.00361411902122, 0.00198741303757, 0.000333823845722], [-0.000398394971853, -0.00115326337982, 0.00164775666781, -0.00155893480405, 0.000298495229799, -0.00259021040983, -0.00136207672767, 0.0166205335408, -0.00205058068968, -0.0020324154757, 0.00344643509015, -0.00121187476907, 0.00198291847482], [-3.84029517591e-05, 0.00299864541739, -0.00102598918602, -0.000626624794677, -0.00219384464435, 0.00225122366101, -0.000330123730237, -0.00205058068968, 0.0142670944333, -0.00256823259406, -0.00149737671018, 0.00294535909779, -0.00296883983538], [0.000431340449722, -0.00184542371426, 0.000834414793644, 0.00112454302143, 0.00173582322896, -0.00169216445647, 0.00271066394635, -0.0020324154757, -0.00256823259406, 0.0168201439083, -0.00225848634727, -0.00205987039953, 0.00316540128551], [-9.91563938442e-05, 0.00037249957677, 0.000384361192118, -6.62713646307e-05, 6.79497243254e-05, -0.000427617575042, -0.00361411902122, 0.00344643509015, -0.00149737671018, -0.00225848634727, 0.0173943676054, 1.70611674548e-05, -0.00236375071108], [-0.000160009294632, 0.00155924272258, -0.000432861008449, -0.00166850816458, -0.00109384127427, 0.00147280166857, 0.00198741303757, -0.00121187476907, 0.00294535909779, -0.00205987039953, 1.70611674548e-05, 0.0144813163206, -0.00299851619639], [0.000690469809342, -0.000246305397013, 0.00204340834171, -0.00257765920833, -0.00164364557713, 0.00190946366638, 0.000333823845722, 0.00198291847482, -0.00296883983538, 0.00316540128551, -0.00236375071108, -0.00299851619639, 0.0165632888675]]
    },
    "spectral_contrast_coeffs": {
        "max": [-0.470995604992, -0.542665719986, -0.473589837551, -0.486240148544, -0.63215392828, -0.428695440292],
        "mean": [-0.701041996479, -0.762346208096, -0.733904778957, -0.74532943964, -0.76009875536, -0.627432823181],
        "min": [-0.942335724831, -0.973169445992, -0.932111442089, -0.934919118881, -0.880987346172, -0.925436019897],
        "stdev": [0.06340431422, 0.0684412568808, 0.0750826224685, 0.069681622088, 0.041611790657, 0.0613087974489]
    },
    "spectral_contrast_valleys": {
        "max": [-4.84017181396, -4.52081155777, -5.34842061996, -5.55180740356, -6.47096967697, -10.4436674118],
        "mean": [-6.68316602707, -6.2774720192, -6.8639550209, -7.1881775856, -7.62689399719, -12.8705368042],
        "min": [-11.270731926, -10.308382988, -10.4673023224, -10.2545146942, -11.2303638458, -16.27135849],
        "stdev": [0.625872075558, 0.560984194279, 0.610455930233, 0.598357439041, 0.442809730768, 0.838439941406]
    }
},
"rhythm": {
    "beats_count": 68,
    "beats_loudness": {
        "max": 0.0643999874592,
        "mean": 0.0349269248545,
        "min": 0.00176486303098,
        "stdev": 0.0148983690888
    },
    "bpm": 145.957321167,
    "bpm_histogram_first_peak_bpm": 148,
    "bpm_histogram_first_peak_weight": 0.5,
    "bpm_histogram_second_peak_bpm": 140,
    "bpm_histogram_second_peak_spread": 0.235294103622,
    "bpm_histogram_second_peak_weight": 0.194029852748,
    "danceability": 1.08086836338,
    "onset_rate": 2.33828949928,
    "beats_loudness_band_ratio": {
        "max": [0.71743452549, 0.830017149448, 0.730759859085, 0.824977874756, 0.586563885212, 0.0437824055552],
        "mean": [0.233126550913, 0.228512048721, 0.203465148807, 0.250185251236, 0.132841706276, 0.0134805543348],
        "min": [0.0123447561637, 0.0178999044001, 0.031892132014, 0.00882122386247, 0.00200709793717, 0.000633988995105],
        "stdev": [0.14664414525, 0.188131004572, 0.152464255691, 0.215723991394, 0.140609532595, 0.010097110644]
    },
