{
"metadata": {
    "version": {
        "essentia": "2.1-beta5",
        "essentia_git_sha": "Undefined",
        "extractor": "music 2.0"
    },
    "audio_properties": {
        "analysis": {
            "equal_loudness": 0,
            "length": 48.7502937317,
            "sample_rate": 44100,
            "start_time": 142.744674683,
            "downmix": "mix"
        },
        "bit_rate": 192000,
        "length": 211.951751709,
        "lossless": 0,
        "number_channels": 2,
        "replay_gain": -9.20177078247,
        "sample_rate": 44100,
        "codec": "mp3",
        "md5_encoded": "f6a4975be3c173f96be45134c741fcce"
    },
    "tags": {
        "file_name": "Luxembourg_Papa Pingouin_Sophie and Magaly.mp3",
        "encoding": ["Lavf58.29.100"]
    }
},
"lowlevel": {
    "average_loudness": 0.905179262161,
    "barkbands_crest": {
        "max": 25.6412944794,
        "mean": 9.62531280518,
        "min": 3.23553586006,
        "stdev": 3.99236774445
    },
    "barkbands_flatness_db": {
        "max": 0.335249781609,
        "mean": 0.166298702359,
        "min": 0.0774974673986,
        "stdev": 0.036588691175
    },
    "barkbands_kurtosis": {
        "max": 107.262573242,
        "mean": 4.15233802795,
        "min": -1.67622113228,
        "stdev": 8.5667963028
    },
    "barkbands_skewness": {
        "max": 8.98398017883,
        "mean": 1.42558312416,
        "min": -1.46922791004,
        "stdev": 1.21625185013
    },
    "barkbands_spread": {
        "max": 82.1110305786,
        "mean": 14.8033781052,
        "min": 1.25847268105,
        "stdev": 7.8965754509
    },
    "dissonance": {
        "max": 0.5,
        "mean": 0.450825184584,
        "min": 0.268699318171,
        "stdev": 0.0312898941338
    },
    "dynamic_complexity": 1.87319409847,
    "erbbands_crest": {
        "max": 32.8459587097,
        "mean": 10.2136974335,
        "min": 2.82866477966,
        "stdev": 4.56944894791
    },
    "erbbands_flatness_db": {
        "max": 0.342995643616,
        "mean": 0.19233456254,
        "min": 0.0753779187799,
        "stdev": 0.0390839725733
    },
    "erbbands_kurtosis": {
        "max": 43.0807342529,
        "mean": 0.930227458477,
        "min": -1.79959106445,
        "stdev": 2.46719551086
    },
    "erbbands_skewness": {
        "max": 3.87159180641,
        "mean": 0.412685394287,
        "min": -2.28979611397,
        "stdev": 0.691744267941
    },
    "erbbands_spread": {
        "max": 132.546066284,
        "mean": 27.9643917084,
        "min": 1.77439439297,
        "stdev": 14.6035776138
    },
    "hfc": {
        "max": 86.8054046631,
        "mean": 20.6237449646,
        "min": 0.68641191721,
        "stdev": 13.2558946609
    },
    "loudness_ebu128": {
        "integrated": -14.3641204834,
        "loudness_range": 3.504945755,
        "momentary": {
            "max": -10.6956396103,
            "mean": -14.6121778488,
            "min": -20.7892475128,
            "stdev": 1.49946796894
        },
        "short_term": {
            "max": -12.1607656479,
            "mean": -14.4831695557,
            "min": -16.550195694,
            "stdev": 0.997073292732
        }
    },
    "melbands_crest": {
        "max": 32.0157279968,
        "mean": 12.5065917969,
        "min": 3.80863261223,
        "stdev": 4.540995121
    },
    "melbands_flatness_db": {
        "max": 0.391873717308,
        "mean": 0.208912163973,
        "min": 0.0872454941273,
        "stdev": 0.0495560914278
    },
    "melbands_kurtosis": {
        "max": 130.50869751,
        "mean": 8.36133480072,
        "min": -1.56224942207,
        "stdev": 13.4598283768
    },
    "melbands_skewness": {
        "max": 8.77117919922,
        "mean": 1.95988190174,
        "min": -1.85092866421,
        "stdev": 1.42314863205
    },
    "melbands_spread": {
        "max": 58.2560462952,
        "mean": 18.9575843811,
        "min": 1.33299458027,
        "stdev": 9.82839107513
    },
    "pitch_salience": {
        "max": 0.801108181477,
        "mean": 0.57136952877,
        "min": 0.176088422537,
        "stdev": 0.0960076078773
    },
    "silence_rate_20dB": {
        "max": 1,
        "mean": 1,
        "min": 1,
        "stdev": 0
    },
    "silence_rate_30dB": {
        "max": 1,
        "mean": 1,
        "min": 1,
        "stdev": 0
    },
    "silence_rate_60dB": {
        "max": 1,
        "mean": 0.00142789143138,
        "min": 0,
        "stdev": 0.0377605557442
    },
    "spectral_centroid": {
        "max": 2406.68115234,
        "mean": 960.72479248,
        "min": 247.571105957,
        "stdev": 390.005737305
    },
    "spectral_complexity": {
        "max": 41,
        "mean": 18.9714412689,
        "min": 2,
        "stdev": 6.01062440872
    },
    "spectral_decrease": {
        "max": -2.48029846661e-10,
        "mean": -7.23329307561e-09,
        "min": -3.49666784416e-08,
        "stdev": 4.35625446826e-09
    },
    "spectral_energy": {
        "max": 0.138616234064,
        "mean": 0.029170781374,
        "min": 0.00101167231333,
        "stdev": 0.0173065252602
    },
    "spectral_energyband_high": {
        "max": 0.00802368391305,
        "mean": 0.000301759573631,
        "min": 8.2492601905e-07,
        "stdev": 0.000404102465836
    },
    "spectral_energyband_low": {
        "max": 0.0367265567183,
        "mean": 0.00316576007754,
        "min": 2.00120775844e-05,
        "stdev": 0.00394613528624
    },
    "spectral_energyband_middle_high": {
        "max": 0.0683319196105,
        "mean": 0.00818108487874,
        "min": 0.000207256118301,
        "stdev": 0.00837493035942
    },
    "spectral_energyband_middle_low": {
        "max": 0.119086973369,
        "mean": 0.0191768351942,
        "min": 0.000431123422459,
        "stdev": 0.0145852360874
    },
    "spectral_entropy": {
        "max": 8.5570230484,
        "mean": 7.30198526382,
        "min": 5.93592071533,
        "stdev": 0.314556926489
    },
    "spectral_flux": {
        "max": 0.299445539713,
        "mean": 0.0953624397516,
        "min": 0.0188158396631,
        "stdev": 0.0397596806288
    },
    "spectral_kurtosis": {
        "max": 29.4965209961,
        "mean": 7.12609815598,
        "min": -0.775515317917,
        "stdev": 3.51007437706
    },
    "spectral_rms": {
        "max": 0.0116290738806,
        "mean": 0.00510501395911,
        "min": 0.000993477413431,
        "stdev": 0.00154858164024
    },
    "spectral_rolloff": {
        "max": 11261.8652344,
        "mean": 1205.74658203,
        "min": 172.265625,
        "stdev": 837.695007324
    },
    "spectral_skewness": {
        "max": 3.9302687645,
        "mean": 2.03280258179,
        "min": 0.38290053606,
        "stdev": 0.441459447145
    },
    "spectral_spread": {
        "max": 14273287,
        "mean": 3951271.25,
        "min": 1462436.375,
        "stdev": 1560457.875
    },
    "spectral_strongpeak": {
        "max": 9.67868328094,
        "mean": 1.4251935482,
        "min": 0.0460902228951,
        "stdev": 1.44981133938
    },
    "zerocrossingrate": {
        "max": 0.25439453125,
        "mean": 0.048845089972,
        "min": 0.01123046875,
        "stdev": 0.0219705402851
    },
    "barkbands": {
        "max": [0.000130605447339, 0.00848352815956, 0.0270722061396, 0.0483526065946, 0.0921840518713, 0.0549174435437, 0.0503413230181, 0.0364794842899, 0.0353526882827, 0.0655173957348, 0.0287186801434, 0.0204454790801, 0.0209822505713, 0.0216559339315, 0.0227829832584, 0.0124802850187, 0.00347131607123, 0.00249528209679, 0.00248856539838, 0.00113209325355, 0.001122033922, 0.00101216393523, 0.0011574847158, 0.00198603468016, 0.00596560863778, 0.000370484252926, 7.49880837247e-06],
        "mean": [2.6046509447e-06, 0.000388628599467, 0.00142418441828, 0.00333485892043, 0.00616087717935, 0.00286680483259, 0.00266352575272, 0.00129577738699, 0.00223911134526, 0.00252796057612, 0.00114607508294, 0.000938955927268, 0.000937986653298, 0.00071419874439, 0.000718609546311, 0.000766411947552, 0.00028500231565, 0.000255242106505, 0.000158529801411, 9.89809705061e-05, 6.0553305957e-05, 3.6664383515e-05, 3.54738585884e-05, 4.16882903664e-05, 5.09397214046e-05, 2.11110618693e-05, 4.89994178565e-09],
        "min": [4.69950212079e-09, 8.45721046971e-07, 3.43838291883e-06, 4.89986450702e-06, 4.35074216512e-05, 2.88761984848e-05, 6.65042352921e-06, 4.64347840534e-06, 6.0264660533e-06, 9.867800145e-06, 4.52545464213e-06, 1.98840439225e-06, 8.53677374835e-06, 3.31345563609e-06, 3.53545055987e-06, 4.85157761432e-06, 4.89789226776e-06, 1.52363963934e-06, 1.90660512089e-06, 5.14258658768e-07, 3.16598686823e-07, 1.23565044419e-07, 7.24251236761e-08, 7.79982087806e-08, 4.43022933894e-08, 1.99283123337e-09, 2.30690102437e-11],
        "stdev": [4.96064330946e-06, 0.000822578324005, 0.00223316205665, 0.00422141049057, 0.00816526450217, 0.00474959565327, 0.00428961543366, 0.00260050105862, 0.00390038592741, 0.00463381037116, 0.00226416415535, 0.00164314173162, 0.00194159592502, 0.00155702151824, 0.00132652919274, 0.00155161367729, 0.000348850648152, 0.000308961083647, 0.000236807929468, 0.000129484018544, 9.24028572626e-05, 5.2366660384e-05, 5.77043028898e-05, 9.96646776912e-05, 0.000191154103959, 3.59479527106e-05, 1.63563854017e-07]
    },
    "erbbands": {
        "max": [0.0736378654838, 2.71868038177, 27.805891037, 97.9027023315, 158.930023193, 463.212738037, 446.486114502, 577.34161377, 737.536376953, 926.14642334, 1192.53881836, 754.739929199, 1165.04541016, 2667.23144531, 919.162414551, 928.98449707, 1152.35583496, 951.054199219, 908.704223633, 602.743041992, 860.984313965, 180.016433716, 115.098068237, 180.878601074, 127.583534241, 69.2407455444, 64.2297439575, 45.5851097107, 36.8614234924, 27.2712745667, 35.4985351562, 39.3894386292, 44.5677223206, 61.1017837524, 53.515827179, 3.2246761322, 0.599323749542, 0.0319321155548, 0.00109325814992, 0.000161570787895],
        "mean": [0.00401997938752, 0.136029049754, 1.41208922863, 6.53728437424, 17.087808609, 21.8206787109, 20.6055526733, 23.3217277527, 35.1840553284, 33.6542434692, 36.5109176636, 48.9019966125, 59.7484855652, 84.4441452026, 40.2167205811, 41.0079879761, 46.1395187378, 33.4504241943, 43.3785476685, 29.5393829346, 44.5917625427, 16.7615394592, 13.5938062668, 13.3166255951, 5.6596865654, 4.98462867737, 3.52765250206, 1.63922429085, 1.28833723068, 1.13110148907, 1.00362420082, 0.818558037281, 0.730660617352, 0.536501407623, 0.383984237909, 0.145017981529, 0.0306629799306, 0.0011839295039, 4.75539709441e-05, 3.67891334463e-05],
        "min": [3.5991830373e-05, 0.000901965366211, 0.00983041711152, 0.0466677844524, 0.12487526238, 0.216317728162, 0.171382382512, 0.217366918921, 0.17582128942, 0.233812436461, 0.359464019537, 0.375294774771, 0.532047152519, 0.377515345812, 0.31743863225, 0.363480269909, 0.463598251343, 0.32407104969, 0.209689080715, 0.208117961884, 0.406616806984, 0.376357465982, 0.135622218251, 0.168555006385, 0.0392366461456, 0.0208714157343, 0.00979873538017, 0.00673931930214, 0.0053839222528, 0.00298498361371, 0.00197616126388, 0.00147932185791, 0.00117003405467, 0.000592436059378, 0.000260407919995, 5.99363229412e-05, 3.38186077897e-06, 7.51741367822e-07, 1.11094709609e-06, 2.19659932554e-06],
        "stdev": [0.00682722125202, 0.26556712389, 2.19008708, 8.08100032806, 21.6048603058, 34.9030761719, 33.8939552307, 42.0915298462, 58.2141914368, 61.3580474854, 72.2610702515, 87.3766326904, 101.790298462, 168.034042358, 64.9816513062, 66.0421981812, 93.2705230713, 57.3857421875, 74.7445220947, 46.1805839539, 96.722038269, 19.3497180939, 15.8837652206, 18.8373146057, 8.21307277679, 6.82777500153, 5.46460533142, 2.18843817711, 1.84734535217, 1.63126540184, 1.68212008476, 1.81315374374, 2.01845741272, 2.1027238369, 1.48711013794, 0.248652115464, 0.0568605512381, 0.00280170422047, 7.17132061254e-05, 2.14796546061e-05]
    },
    "gfcc": {
        "mean": [-1.2810254097, 114.122894287, -136.88104248, 12.2427682877, -66.215423584, 7.61135816574, -53.6767692566, 1.96170866489, -35.4021987915, -9.46885871887, -22.1736469269, -9.52505779266, -9.7378282547],
        "cov": [[1921.42199707, -828.703186035, 97.9780654907, -111.018959045, -128.119277954, 139.788696289, -134.050842285, 207.270141602, -123.56098175, 240.333099365, -142.070007324, 130.240844727, -124.572158813], [-828.703186035, 1011.60369873, -267.919525146, 72.642578125, 145.982055664, -149.318389893, 232.021072388, -184.626815796, 162.582565308, -231.45098877, 159.893951416, -167.477554321, 97.5606231689], [97.9780654907, -267.919525146, 745.21282959, -2.93713140488, -2.63787961006, 81.5316543579, -130.128860474, 61.7585487366, -132.186660767, 123.222473145, -147.837539673, 85.359046936, -73.072479248], [-111.018959045, 72.642578125, -2.93713140488, 297.79788208, 17.4659042358, -36.9554519653, 1.56507396698, -49.8628234863, 61.6364135742, -57.7560043335, 45.8567428589, -35.7421607971, 27.0506458282], [-128.119277954, 145.982055664, -2.63787961006, 17.4659042358, 188.932815552, 29.1113147736, 40.3153991699, -10.9564561844, -15.2808847427, -7.7438788414, 0.46997705102, -3.10945296288, -5.53576421738], [139.788696289, -149.318389893, 81.5316543579, -36.9554519653, 29.1113147736, 191.768798828, 30.6974449158, 31.75349617, -57.7125549316, 35.291973114, -24.4205608368, 18.6127433777, -23.0207290649], [-134.050842285, 232.021072388, -130.128860474, 1.56507396698, 40.3153991699, 30.6974449158, 168.657226562, -20.3055648804, 21.9989528656, -61.3330879211, 32.0233535767, -43.833984375, 20.139339447], [207.270141602, -184.626815796, 61.7585487366, -49.8628234863, -10.9564561844, 31.75349617, -20.3055648804, 125.191238403, -1.16187798977, 55.034778595, -46.2969665527, 40.0223350525, -30.7122421265], [-123.56098175, 162.582565308, -132.186660767, 61.6364135742, -15.2808847427, -57.7125549316, 21.9989528656, -1.16187798977, 135.875671387, -40.0670394897, 54.1689529419, -38.5908660889, 21.2880897522], [240.333099365, -231.45098877, 123.222473145, -57.7560043335, -7.7438788414, 35.291973114, -61.3330879211, 55.034778595, -40.0670394897, 137.958770752, -37.5999908447, 49.568157196, -45.1687698364], [-142.070007324, 159.893951416, -147.837539673, 45.8567428589, 0.46997705102, -24.4205608368, 32.0233535767, -46.2969665527, 54.1689529419, -37.5999908447, 110.483100891, -21.5833587646, 21.9483623505], [130.240844727, -167.477554321, 85.359046936, -35.7421607971, -3.10945296288, 18.6127433777, -43.833984375, 40.0223350525, -38.5908660889, 49.568157196, -21.5833587646, 92.1126403809, -5.40135908127], [-124.572158813, 97.5606231689, -73.072479248, 27.0506458282, -5.53576421738, -23.0207290649, 20.139339447, -30.7122421265, 21.2880897522, -45.1687698364, 21.9483623505, -5.40135908127, 82.7261047363]],
        "icov": [[0.000940987432841, 6.07419169683e-05, 0.000559890002478, -0.000397940195398, 0.000637170509435, -0.000395014969399, 0.000169266291778, -0.000688265252393, 0.000546078372281, -0.000952355097979, 0.000789836514741, -0.000444587436505, 0.000706909224391], [6.07419169683e-05, 0.0103996284306, -0.00432273419574, 0.0051105953753, -0.00756970979273, 0.00677788211033, -0.00915203709155, 0.0065586171113, -0.0077055268921, 0.00630050525069, -0.00787627510726, 0.0073042595759, -0.00363035965711], [0.000559890002478, -0.00432273419574, 0.004619483836, -0.0032409299165, 0.00365945068188, -0.00364111782983, 0.0048078331165, -0.00268201692961, 0.00437907502055, -0.003862044774, 0.00627002492547, -0.0043210638687, 0.00296543259174], [-0.000397940195398, 0.0051105953753, -0.0032409299165, 0.00720261596143, -0.00466635404155, 0.0034752401989, -0.00383298331872, 0.00445591751486, -0.00598434265703, 0.00482129259035, -0.00548328226432, 0.00448925700039, -0.00268166163005], [0.000637170509435, -0.00756970979273, 0.00365945068188, -0.00466635404155, 0.0118736093864, -0.0057477010414, 0.00521327042952, -0.00461349124089, 0.00662733241916, -0.00539166620001, 0.00672512874007, -0.00632927799597, 0.00401122029871], [-0.000395014969399, 0.00677788211033, -0.00364111782983, 0.0034752401989, -0.0057477010414, 0.0118121625856, -0.00846065208316, 0.00269099976867, -0.00228609074838, 0.00340527365915, -0.00660950224847, 0.00534693198279, -0.00242925737984], [0.000169266291778, -0.00915203709155, 0.0048078331165, -0.00383298331872, 0.00521327042952, -0.00846065208316, 0.0175751578063, -0.00695889210328, 0.00698207225651, -0.00268699764274, 0.00602790899575, -0.00361438887194, 0.00258146226406], [-0.000688265252393, 0.0065586171113, -0.00268201692961, 0.00445591751486, -0.00461349124089, 0.00269099976867, -0.00695889210328, 0.0193987246603, -0.011269511655, 0.00218378612772, 0.000918690813705, -0.000977937481366, 0.000523609691299], [0.000546078372281, -0.0077055268921, 0.00437907502055, -0.00598434265703, 0.00662733241916, -0.00228609074838, 0.00698207225651, -0.011269511655, 0.0203728117049, -0.00478658732027, 0.000828361778986, -0.000862871180288, 0.00152601883747], [-0.000952355097979, 0.00630050525069, -0.003862044774, 0.00482129259035, -0.00539166620001, 0.00340527365915, -0.00268699764274, 0.00218378612772, -0.00478658732027, 0.018318714574, -0.0063402177766, 0.00187796331011, 0.00123798684217], [0.000789836514741, -0.00787627510726, 0.00627002492547, -0.00548328226432, 0.00672512874007, -0.00660950224847, 0.00602790899575, 0.000918690813705, 0.000828361778986, -0.0063402177766, 0.0238955449313, -0.00971300061792, 0.00464476225898], [-0.000444587436505, 0.0073042595759, -0.0043210638687, 0.00448925700039, -0.00632927799597, 0.00534693198279, -0.00361438887194, -0.000977937481366, -0.000862871180288, 0.00187796331011, -0.00971300061792, 0.0238283537328, -0.00760685838759], [0.000706909224391, -0.00363035965711, 0.00296543259174, -0.00268166163005, 0.00401122029871, -0.00242925737984, 0.00258146226406, 0.000523609691299, 0.00152601883747, 0.00123798684217, 0.00464476225898, -0.00760685838759, 0.0186428185552]]
    },
    "melbands": {
        "max": [0.00132037419826, 0.00998228881508, 0.0157690849155, 0.0174797587097, 0.0143886124715, 0.012088294141, 0.0113697331399, 0.00933032762259, 0.0106802340597, 0.00515659479424, 0.00585783505812, 0.011513880454, 0.0034315707162, 0.00281216297299, 0.00278103514574, 0.00188133958727, 0.00220400188118, 0.00205376837403, 0.00219370913692, 0.000869267852977, 0.00108104990795, 0.00022761656146, 0.000261190463789, 0.000114180977107, 0.000177063193405, 9.96234812192e-05, 5.35448634764e-05, 4.76832319691e-05, 5.94478988205e-05, 3.57642747986e-05, 2.36809410126e-05, 1.884244557e-05, 2.4641822165e-05, 1.30514636112e-05, 1.7513970306e-05, 2.93938810501e-05, 1.99366259039e-05, 4.11016771977e-05, 3.48275643773e-05, 7.27524457034e-05],
        "mean": [6.77757707308e-05, 0.000574392266572, 0.00147388607729, 0.00141479854938, 0.000777861045208, 0.00053158350056, 0.000553773483261, 0.000335577322403, 0.000327243149513, 0.000304096523905, 0.000296890590107, 0.000351735798176, 0.00014064394054, 0.000109343898657, 0.000113873153168, 7.87596363807e-05, 6.17145633441e-05, 7.07332364982e-05, 5.05471216456e-05, 3.71674686903e-05, 5.33455677214e-05, 1.50150672198e-05, 1.55315156007e-05, 1.09607863124e-05, 1.11791141535e-05, 4.27013492299e-06, 3.25284372593e-06, 3.28669921146e-06, 2.49221170634e-06, 1.31894387323e-06, 8.33481067275e-07, 7.43587520446e-07, 6.57271755244e-07, 6.18162573573e-07, 5.82524535275e-07, 5.49744186173e-07, 4.685770989e-07, 5.01778743001e-07, 4.7519807822e-07, 4.53818529422e-07],
        "min": [3.48943217432e-07, 4.02726391258e-06, 1.19302303574e-05, 1.78731297638e-05, 7.14347925168e-06, 5.82544544159e-06, 2.36256732933e-06, 1.03481011138e-06, 1.35513982968e-06, 9.01205396531e-07, 1.4738458276e-06, 1.10969051548e-06, 6.92151331805e-07, 4.04262351594e-07, 9.84159896689e-07, 6.92185551543e-07, 2.3290456852e-07, 2.86067091793e-07, 1.8831582338e-07, 1.90249494381e-07, 4.79147388432e-07, 2.95207883028e-07, 8.99893279893e-08, 8.79243557961e-08, 1.12126194551e-07, 2.43896796093e-08, 1.82182660069e-08, 6.20775075788e-09, 5.77535708146e-09, 5.08858200021e-09, 2.16965312383e-09, 2.17553908222e-09, 1.77217640562e-09, 1.30404809173e-09, 1.11535880531e-09, 7.71927022303e-10, 8.68650040786e-10, 8.53249859656e-10, 5.81266867972e-10, 4.43603098699e-10],
        "stdev": [0.000136137387017, 0.000837200612295, 0.00164731242694, 0.0017374639865, 0.00124298396986, 0.000924864201806, 0.000891721225344, 0.000613680342212, 0.000683761492837, 0.000542213150766, 0.000525820709299, 0.000721218588296, 0.000246710755164, 0.000206491517019, 0.000211532082176, 0.000155174740939, 0.000125036778627, 0.000137141396408, 0.000104864499008, 7.00992823113e-05, 0.000121894627227, 1.82757084985e-05, 2.25499152293e-05, 1.37522329169e-05, 1.70701296156e-05, 6.75224964652e-06, 4.74788294014e-06, 4.8138490456e-06, 4.0429672481e-06, 2.31891249314e-06, 1.16214278023e-06, 1.09136351512e-06, 1.061053581e-06, 9.30815247102e-07, 9.29042926145e-07, 1.22022390769e-06, 1.06582865556e-06, 1.46189756833e-06, 1.48042670389e-06, 2.10901089304e-06]
    },
    "melbands128": {
        "max": [6.94358968758e-05, 0.00028223163099, 0.00147610297427, 0.0056223468855, 0.0143442284316, 0.0137463985011, 0.0219953022897, 0.0234473440796, 0.018960621208, 0.0178412571549, 0.032457318157, 0.0305019840598, 0.0225467905402, 0.0173762664199, 0.0195271465927, 0.0274117700756, 0.02045962587, 0.0209594462067, 0.0140976086259, 0.0153862023726, 0.013955110684, 0.00635165628046, 0.0191307980567, 0.0139867467806, 0.00894148927182, 0.00919794943184, 0.0113614872098, 0.0106093501672, 0.010026444681, 0.019505713135, 0.0131060574204, 0.00643981155008, 0.00348222209141, 0.00649217842147, 0.00432136841118, 0.00654520792887, 0.00243453262374, 0.0051958700642, 0.00520941102877, 0.00556799396873, 0.00216442416422, 0.00224996847101, 0.00247032917105, 0.00612684804946, 0.00473975064233, 0.00218735565431, 0.00217706896365, 0.0053568542935, 0.00109946192242, 0.0011631033849, 0.00126208621077, 0.00164320471231, 0.0028433825355, 0.00155926018488, 0.000387813721318, 0.000287188100629, 0.000183654774446, 0.00069436483318, 0.000292514305329, 0.000233390645008, 0.000200275128009, 0.000277725135675, 0.000313943601213, 0.000337353645591, 0.000202563693165, 0.000132395507535, 0.000266269838903, 9.17783690966e-05, 8.57606210047e-05, 8.33493395476e-05, 0.000112717556476, 9.47739026742e-05, 9.97216848191e-05, 0.000121396726172, 8.02190770628e-05, 3.893802932e-05, 4.36488226114e-05, 3.08500711981e-05, 2.36946470977e-05, 1.64382599905e-05, 2.5690329494e-05, 1.72412765096e-05, 3.00589144899e-05, 3.34560354531e-05, 1.23973786685e-05, 1.08511130748e-05, 2.510478771e-05, 1.54205627041e-05, 1.50331170516e-05, 1.67070684256e-05, 4.17789779021e-05, 3.55260890501e-05, 3.96622199332e-05, 2.65916260105e-05, 2.33503415075e-05, 5.5537399021e-05, 5.02429465996e-05, 2.24542654905e-05, 4.53310603916e-05, 4.16601651523e-05, 3.23358362948e-05, 0.00011647753854, 7.02983961673e-05, 0.000156790483743, 7.23320044926e-05, 2.08078636206e-05, 9.60508532444e-06, 4.62219850306e-06, 3.18938919008e-06, 6.79790628055e-06, 3.78176559934e-06, 2.900779009e-06, 2.42178020926e-06, 1.37182348681e-06, 8.10023891518e-07, 1.20605378129e-07, 3.64683181431e-08, 3.50783579961e-08, 3.4002834326e-08, 3.30835696616e-08, 3.2282457596e-08, 3.15850847699e-08, 3.10148635663e-08, 3.0531619899e-08, 3.01331297692e-08, 2.98357107908e-08, 2.95219528823e-08, 2.93861130984e-08],
        "mean": [1.97045415007e-06, 1.28661995404e-05, 5.80704290769e-05, 0.000238401466049, 0.000599622784648, 0.000705975224264, 0.00117881945334, 0.00185036775656, 0.00177337299101, 0.00140111311339, 0.00125565857161, 0.000850167125463, 0.000662101141643, 0.00067856995156, 0.000515692110639, 0.00046718257363, 0.000476548681036, 0.00064004980959, 0.000571623153519, 0.000355623604264, 0.000224635354243, 0.000214612155105, 0.000366074760677, 0.000418769253884, 0.00031208540895, 0.000251827732427, 0.000279581581708, 0.000298094149912, 0.000294497353025, 0.000431285036029, 0.000384423648939, 0.000176573244971, 0.000123284989968, 0.000110946013592, 0.000105981074739, 0.000119527911011, 9.66698498814e-05, 0.000103380145447, 0.000137496637763, 0.000112678222649, 5.31253426743e-05, 5.05085481564e-05, 5.5073218391e-05, 7.1493384894e-05, 7.5237294368e-05, 6.45201143925e-05, 7.85231604823e-05, 5.59393702133e-05, 3.42531129718e-05, 3.46589949913e-05, 2.90186053462e-05, 4.00852950406e-05, 9.44008061197e-05, 3.64564402844e-05, 1.69868162629e-05, 1.27379289552e-05, 1.1249668205e-05, 2.23810748139e-05, 1.33045841721e-05, 1.06653433249e-05, 8.30515000416e-06, 1.27451494336e-05, 1.75268214662e-05, 8.92641674e-06, 4.71416842629e-06, 3.75805780095e-06, 4.72414103569e-06, 3.0581302326e-06, 2.74403237199e-06, 3.32921922563e-06, 3.96339510189e-06, 2.88687851935e-06, 2.5680753879e-06, 2.71777844318e-06, 1.96315295398e-06, 1.39531050536e-06, 1.05389085547e-06, 7.97182110546e-07, 8.0641899558e-07, 8.79231322415e-07, 7.42416375488e-07, 7.25129154944e-07, 6.36390268483e-07, 6.60613068248e-07, 6.96946074186e-07, 5.31763305389e-07, 6.86596422383e-07, 5.81723782034e-07, 5.89006049267e-07, 5.61017600376e-07, 5.40901623935e-07, 5.58759040814e-07, 5.43130738606e-07, 4.48294798616e-07, 4.48294173339e-07, 4.34114866721e-07, 5.27557745045e-07, 5.77422895276e-07, 5.04655474742e-07, 3.99903939297e-07, 4.01677567652e-07, 4.71751661735e-07, 4.90107595397e-07, 5.55859458018e-07, 4.5014971306e-07, 3.93141590393e-07, 3.21914683354e-07, 2.85721114324e-07, 2.39975605609e-07, 2.25557670319e-07, 1.59321942306e-07, 1.32936150976e-07, 9.75968674766e-08, 3.63571892592e-08, 1.55701282978e-08, 7.45058847951e-10, 3.44461091595e-11, 2.16082273602e-11, 2.09091806369e-11, 2.03488025041e-11, 1.98583285232e-11, 1.94352034466e-11, 1.9071065907e-11, 1.87634682097e-11, 1.85150540732e-11, 1.83277681226e-11, 1.81463056387e-11, 1.80557114399e-11],
        "min": [3.98691024639e-10, 1.07865067989e-08, 1.12978142397e-07, 3.92222517576e-07, 1.18582784125e-06, 2.30959153669e-06, 3.66114181816e-06, 2.62596063294e-06, 6.69722294333e-06, 3.75948184228e-06, 1.36839048537e-06, 1.70828150203e-06, 2.8830836527e-06, 1.69254224147e-06, 1.12816235287e-06, 2.25236675533e-07, 5.83300106882e-07, 5.55593430818e-07, 4.15471959059e-07, 5.4441835573e-07, 2.28959592619e-07, 2.86578654141e-07, 5.05133300521e-07, 3.47933877265e-07, 3.18128542176e-07, 1.62942299653e-07, 5.63723972391e-07, 4.42637656306e-07, 3.20238598306e-07, 1.33949114911e-07, 3.6088627553e-07, 2.7053764029e-07, 8.47176124807e-08, 1.83583694024e-07, 1.49273745365e-07, 9.45515665762e-08, 2.60250828887e-07, 1.35000945534e-07, 4.05519926971e-07, 1.33801648872e-07, 7.06122591509e-08, 1.91446844156e-07, 9.77885861175e-08, 7.69501440345e-08, 9.89066677448e-08, 1.20975684581e-07, 7.17372330428e-08, 1.64078770126e-07, 6.86449510567e-08, 9.00760213085e-08, 1.75212505837e-07, 1.37241968901e-07, 2.09163559362e-07, 1.86162651516e-07, 1.21362489836e-07, 4.87090190404e-08, 4.12969320962e-08, 2.16028475108e-08, 3.69455825933e-08, 3.88121819128e-08, 3.81274709582e-08, 7.1813801128e-08, 5.5331472737e-08, 5.23955563381e-08, 3.54034845884e-08, 1.9030377274e-08, 8.43184899679e-09, 1.66483093977e-08, 2.14232827034e-08, 3.23227178356e-09, 1.83250059571e-09, 8.17311196499e-09, 5.62131408088e-09, 3.0731965861e-09, 3.01506353217e-09, 3.64687546828e-09, 3.08146952399e-09, 2.78184764113e-09, 1.69051794785e-09, 2.4069322091e-09, 1.13012688097e-09, 2.49361109539e-09, 1.51643486657e-09, 1.41129641307e-09, 1.29298571849e-09, 5.92847326786e-10, 1.14037446153e-09, 8.58822291061e-10, 1.12818276943e-09, 6.92641999311e-10, 4.27031437988e-10, 6.72249478306e-10, 9.32806276666e-10, 8.41474390167e-10, 4.52557269437e-10, 6.20660300932e-10, 6.65940969036e-10, 4.54559750951e-10, 4.9000137281e-10, 3.54522383672e-10, 4.72986483313e-10, 2.71195010892e-10, 2.26666393988e-10, 2.22319163079e-10, 2.46895309752e-10, 2.89559574235e-11, 1.89006692242e-11, 1.74140465502e-12, 1.8760403387e-12, 7.76250591583e-13, 8.14292142287e-14, 5.58139282405e-14, 7.84202143869e-14, 7.09912339959e-14, 7.72514647737e-14, 7.48405853891e-14, 9.02433103288e-14, 8.19620250576e-14, 4.60081293538e-14, 6.39777469826e-14, 7.13503420843e-14, 6.72612193806e-14, 5.98448225112e-14, 7.22858391525e-14, 7.74871364447e-14, 7.49486667932e-14, 7.17383915943e-14, 7.25522953889e-14],
        "stdev": [3.5875100366e-06, 2.40813078562e-05, 0.000124369442347, 0.000530008750502, 0.00111872621346, 0.00108582852408, 0.00175198272336, 0.00235779350623, 0.00271222391166, 0.00201824936084, 0.00244577880949, 0.00202732766047, 0.00137735006865, 0.00134758639615, 0.00119770341553, 0.0013056404423, 0.00115079816896, 0.00128260732163, 0.00112672406249, 0.000901527178939, 0.000572284858208, 0.000461513234768, 0.00102971633896, 0.00113089836668, 0.000737433729228, 0.000681215489749, 0.000737422902603, 0.000740985793527, 0.000783200084697, 0.00115505722351, 0.000929950329009, 0.000484145828523, 0.000299232109683, 0.000312924996251, 0.000277841754723, 0.000315623299684, 0.000209666366572, 0.000279040425085, 0.000385009014281, 0.00031956465682, 0.000147641520016, 0.000131865745061, 0.000125558042782, 0.000246361014433, 0.000279740226688, 0.00015607313253, 0.000183214069693, 0.00020362919895, 8.17369364086e-05, 9.61898258538e-05, 8.5311170551e-05, 0.000121268829389, 0.000279534928268, 9.75214206846e-05, 2.9142416679e-05, 2.23394872592e-05, 1.82617131941e-05, 4.89433223265e-05, 2.25279873121e-05, 2.07565044548e-05, 1.46277388922e-05, 2.36110681726e-05, 3.38509817084e-05, 2.03483032237e-05, 1.10232003863e-05, 6.85887653162e-06, 1.27204757518e-05, 5.69277653995e-06, 5.54305552214e-06, 6.44050487608e-06, 7.482282399e-06, 6.5906438067e-06, 4.62531716039e-06, 5.83300516155e-06, 4.87371880808e-06, 2.77253184322e-06, 1.92944594346e-06, 1.43695228871e-06, 1.22404821923e-06, 1.46639672494e-06, 1.37440497383e-06, 1.17302374747e-06, 1.15119041766e-06, 1.35443724503e-06, 1.17562308333e-06, 8.5785615056e-07, 1.29071202082e-06, 1.00439456219e-06, 9.83503355201e-07, 1.00569479855e-06, 1.40482904953e-06, 1.33076457587e-06, 1.43985323575e-06, 1.13290218451e-06, 1.06420816337e-06, 1.51850701968e-06, 1.75517845946e-06, 1.65264577845e-06, 1.75616526121e-06, 1.39478697747e-06, 1.3356296904e-06, 2.9357411222e-06, 2.42729970523e-06, 3.77301535082e-06, 1.96726728063e-06, 1.08106269181e-06, 6.18659612428e-07, 4.76856143905e-07, 3.98577100214e-07, 4.14839405494e-07, 2.80543957842e-07, 2.51208575719e-07, 1.92857584125e-07, 1.18339514188e-07, 6.29784935313e-08, 4.36143654525e-09, 8.00357613517e-10, 7.65095597988e-10, 7.41645189706e-10, 7.21597670506e-10, 7.04123870321e-10, 6.88905710255e-10, 6.76466549443e-10, 6.65929866805e-10, 6.57240706303e-10, 6.50755449527e-10, 6.43912145826e-10, 6.40950292841e-10]
    },
    "mfcc": {
        "mean": [-638.974975586, 145.647628784, -14.6478128433, 5.04625225067, 1.23887479305, -5.03804969788, -6.3679895401, -3.62324428558, -7.29344034195, -7.05482673645, -10.9108448029, -7.94904470444, -8.53115653992],
        "cov": [[1868.28320312, -626.002685547, -98.8635482788, -156.116943359, -78.7009429932, -68.8682937622, -24.4887886047, -19.8481273651, -9.89750289917, 111.240242004, 10.622133255, -24.1235198975, 46.1482200623], [-626.002685547, 773.961547852, -171.681854248, 68.1460800171, -35.6851921082, 41.6522750854, 49.3218955994, 46.3751945496, 12.6460781097, -37.36668396, 32.5126075745, 20.8235092163, -61.746383667], [-98.8635482788, -171.681854248, 543.896789551, 18.0370769501, 79.1688995361, 13.7209157944, -11.6184854507, -49.0010299683, 22.8274440765, -29.8718833923, 9.35178756714, -17.6346797943, -2.7777428627], [-156.116943359, 68.1460800171, 18.0370769501, 255.022018433, 44.8166465759, 7.98937702179, -41.2952537537, 2.69611740112, -5.70083427429, -15.0172395706, -13.8341779709, 21.2380542755, 0.337919473648], [-78.7009429932, -35.6851921082, 79.1688995361, 44.8166465759, 152.843261719, 23.5843009949, -0.988474845886, -9.83289051056, 0.881523311138, -2.57880806923, -2.53247117996, 0.897541224957, 17.3689556122], [-68.8682937622, 41.6522750854, 13.7209157944, 7.98937702179, 23.5843009949, 132.340713501, 77.260383606, 12.2628822327, -2.41125845909, -2.01207232475, -0.918787539005, -1.7409222126, -18.6235103607], [-24.4887886047, 49.3218955994, -11.6184854507, -41.2952537537, -0.988474845886, 77.260383606, 141.952392578, 28.5977497101, 7.13770961761, -2.0515704155, 2.99991869926, -12.1454172134, -17.7480754852], [-19.8481273651, 46.3751945496, -49.0010299683, 2.69611740112, -9.83289051056, 12.2628822327, 28.5977497101, 101.022796631, 26.5611686707, -0.803006231785, 1.15139842033, 16.1156330109, 0.0688229724765], [-9.89750289917, 12.6460781097, 22.8274440765, -5.70083427429, 0.881523311138, -2.41125845909, 7.13770961761, 26.5611686707, 84.1647033691, 12.762547493, 0.739508628845, -3.16333770752, -2.08109545708], [111.240242004, -37.36668396, -29.8718833923, -15.0172395706, -2.57880806923, -2.01207232475, -2.0515704155, -0.803006231785, 12.762547493, 79.478477478, 15.4970121384, -3.87714147568, 3.58646416664], [10.622133255, 32.5126075745, 9.35178756714, -13.8341779709, -2.53247117996, -0.918787539005, 2.99991869926, 1.15139842033, 0.739508628845, 15.4970121384, 78.29246521, 29.9952869415, -2.82229709625], [-24.1235198975, 20.8235092163, -17.6346797943, 21.2380542755, 0.897541224957, -1.7409222126, -12.1454172134, 16.1156330109, -3.16333770752, -3.87714147568, 29.9952869415, 76.0295181274, 16.9608325958], [46.1482200623, -61.746383667, -2.7777428627, 0.337919473648, 17.3689556122, -18.6235103607, -17.7480754852, 0.0688229724765, -2.08109545708, 3.58646416664, -2.82229709625, 16.9608325958, 68.8512802124]],
        "icov": [[0.000885383517016, 0.000767575402278, 0.000309326540446, 0.000148472288856, 0.00038467568811, 0.000169908293174, -0.000115761336929, -2.82690780296e-05, 4.29606589023e-05, -0.000641896214802, -0.000384386337828, 0.00021007808391, -6.98522489984e-06], [0.000767575402278, 0.00241725938395, 0.000916540564504, -0.000455005763797, 0.000451228173915, -4.86979151901e-05, -0.000455753004644, -0.000195702596102, -0.000501964415889, 0.000621028244495, -0.00139294727705, 0.000152375170728, 0.00130610866472], [0.000309326540446, 0.000916540564504, 0.00260635418817, -0.000152329448611, -0.000867204740644, -0.000316427845974, 9.02452520677e-05, 0.00110284995753, -0.00133680936415, 0.00140932551585, -0.00132669031154, 0.000697988958564, 0.000535725150257], [0.000148472288856, -0.000455005763797, -0.000152329448611, 0.00496507575735, -0.00130460504442, -0.000938428041991, 0.0020888959989, -0.000437627051724, 0.000355026946636, -1.58311813721e-05, 0.00154872238636, -0.00154588569421, 0.000531947589479], [0.00038467568811, 0.000451228173915, -0.000867204740644, -0.00130460504442, 0.00823950581253, -0.0017036262434, 0.000110400382255, 0.000387810490793, -0.000112874353363, -0.000426733749919, -0.00038801995106, 0.00065682589775, -0.00255194492638], [0.000169908293174, -4.86979151901e-05, -0.000316427845974, -0.000938428041991, -0.0017036262434, 0.0124514494091, -0.0070105525665, 0.000167886973941, 0.00111489871051, -0.00105296412949, 0.00110668840352, -0.00156091304962, 0.00234315497801], [-0.000115761336929, -0.000455753004644, 9.02452520677e-05, 0.0020888959989, 0.000110400382255, -0.0070105525665, 0.0124512221664, -0.00277580553666, -0.000232714155572, 0.000823042704724, -0.000980808981694, 0.00229448522441, 0.00029517072835], [-2.82690780296e-05, -0.000195702596102, 0.00110284995753, -0.000437627051724, 0.000387810490793, 0.000167886973941, -0.00277580553666, 0.0130074350163, -0.0044186366722, 0.000734745466616, 0.000936786993407, -0.00324435299262, -0.000225088078878], [4.29606589023e-05, -0.000501964415889, -0.00133680936415, 0.000355026946636, -0.000112874353363, 0.00111489871051, -0.000232714155572, -0.0044186366722, 0.0143028125167, -0.00316100451164, 0.00070405844599, 0.000785902549978, 0.000172069863766], [-0.000641896214802, 0.000621028244495, 0.00140932551585, -1.58311813721e-05, -0.000426733749919, -0.00105296412949, 0.000823042704724, 0.000734745466616, -0.00316100451164, 0.0158228669316, -0.00449615856633, 0.00250691059045, -0.000643236970063], [-0.000384386337828, -0.00139294727705, -0.00132669031154, 0.00154872238636, -0.00038801995106, 0.00110668840352, -0.000980808981694, 0.000936786993407, 0.00070405844599, -0.00449615856633, 0.0181403532624, -0.0086587453261, 0.00222285254858], [0.00021007808391, 0.000152375170728, 0.000697988958564, -0.00154588569421, 0.00065682589775, -0.00156091304962, 0.00229448522441, -0.00324435299262, 0.000785902549978, 0.00250691059045, -0.0086587453261, 0.019526258111, -0.00523347593844], [-6.98522489984e-06, 0.00130610866472, 0.000535725150257, 0.000531947589479, -0.00255194492638, 0.00234315497801, 0.00029517072835, -0.000225088078878, 0.000172069863766, -0.000643236970063, 0.00222285254858, -0.00523347593844, 0.0184919945896]]
    },
    "spectral_contrast_coeffs": {
        "max": [-0.365793347359, -0.464702755213, -0.432782709599, -0.581530213356, -0.609476029873, -0.628206729889],
        "mean": [-0.636894464493, -0.735309481621, -0.730456233025, -0.760860800743, -0.77955031395, -0.796289026737],
        "min": [-0.824731230736, -0.911446988583, -0.901074945927, -0.893578588963, -0.882140815258, -0.875082314014],
        "stdev": [0.0730574056506, 0.0706942901015, 0.0685723796487, 0.0557408109307, 0.041607465595, 0.0332989543676]
    },
    "spectral_contrast_valleys": {
        "max": [-5.13368368149, -4.24567365646, -5.32820940018, -5.69344854355, -6.38724470139, -8.23358058929],
        "mean": [-6.74518203735, -6.40259027481, -7.00325155258, -7.38409662247, -7.78128385544, -10.3897743225],
        "min": [-8.9118347168, -8.11286640167, -9.00997066498, -8.82976436615, -9.95044326782, -12.996172905],
        "stdev": [0.546175956726, 0.583382427692, 0.534432709217, 0.477420657873, 0.492433696985, 0.767015039921]
    }
},
"rhythm": {
    "beats_count": 94,
    "beats_loudness": {
        "max": 0.109357044101,
        "mean": 0.039559468627,
        "min": 0.0147564606741,
        "stdev": 0.0153709920123
    },
    "bpm": 116.308502197,
    "bpm_histogram_first_peak_bpm": 117,
    "bpm_histogram_first_peak_weight": 0.511904716492,
    "bpm_histogram_second_peak_bpm": 112,
    "bpm_histogram_second_peak_spread": 0,
    "bpm_histogram_second_peak_weight": 0.0860215052962,
    "danceability": 1.16565144062,
    "onset_rate": 4.306640625,
    "beats_loudness_band_ratio": {
        "max": [0.762057363987, 0.756665468216, 0.809004068375, 0.680671393871, 0.340495646, 0.0535655915737],
        "mean": [0.299897938967, 0.274746149778, 0.231394991279, 0.203224897385, 0.0745552629232, 0.0166378878057],
        "min": [0.0310976468027, 0.0209796801209, 0.0311677437276, 0.00603815261275, 0.00693933479488, 0.000940635160077],
        "stdev": [0.174696490169, 0.175363913178, 0.154838949442, 0.173249304295, 0.0596198402345, 0.0111309578642]
    },
