{
"metadata": {
    "version": {
        "essentia": "2.1-beta5",
        "essentia_git_sha": "Undefined",
        "extractor": "music 2.0"
    },
    "audio_properties": {
        "analysis": {
            "equal_loudness": 0,
            "length": 31.9042167664,
            "sample_rate": 44100,
            "start_time": 162.481628418,
            "downmix": "mix"
        },
        "bit_rate": 192000,
        "length": 194.409088135,
        "lossless": 0,
        "number_channels": 2,
        "replay_gain": 3.39157295227,
        "sample_rate": 48000,
        "codec": "mp3",
        "md5_encoded": "e1f9f0405986c95818f9655a6132a465"
    },
    "tags": {
        "file_name": "Italy_Non So Che Darei_Alan Sorrenti.mp3",
        "encoding": ["Lavf58.29.100"]
    }
},
"lowlevel": {
    "average_loudness": 0.972766280174,
    "barkbands_crest": {
        "max": 23.499250412,
        "mean": 10.5006637573,
        "min": 2.68049621582,
        "stdev": 4.84729290009
    },
    "barkbands_flatness_db": {
        "max": 0.26997679472,
        "mean": 0.156682342291,
        "min": 0.0553615093231,
        "stdev": 0.0359792411327
    },
    "barkbands_kurtosis": {
        "max": 64.7094345093,
        "mean": 2.09858441353,
        "min": -1.70424854755,
        "stdev": 3.9267783165
    },
    "barkbands_skewness": {
        "max": 6.82594251633,
        "mean": 1.14760756493,
        "min": -1.09717667103,
        "stdev": 0.931775689125
    },
    "barkbands_spread": {
        "max": 58.6071853638,
        "mean": 16.3602409363,
        "min": 2.31309604645,
        "stdev": 8.06368541718
    },
    "dissonance": {
        "max": 0.499577015638,
        "mean": 0.45540958643,
        "min": 0.346917331219,
        "stdev": 0.0298783537
    },
    "dynamic_complexity": 2.07663583755,
    "erbbands_crest": {
        "max": 29.6562232971,
        "mean": 10.8833847046,
        "min": 2.55929946899,
        "stdev": 4.77821922302
    },
    "erbbands_flatness_db": {
        "max": 0.302909523249,
        "mean": 0.210882857442,
        "min": 0.102225221694,
        "stdev": 0.041650544852
    },
    "erbbands_kurtosis": {
        "max": 13.6976051331,
        "mean": 0.314050853252,
        "min": -1.76780164242,
        "stdev": 1.614990592
    },
    "erbbands_skewness": {
        "max": 2.90981245041,
        "mean": 0.446181893349,
        "min": -3.20088744164,
        "stdev": 0.666684389114
    },
    "erbbands_spread": {
        "max": 86.0307159424,
        "mean": 28.2205562592,
        "min": 5.00588607788,
        "stdev": 13.12129879
    },
    "hfc": {
        "max": 71.8088607788,
        "mean": 25.0368385315,
        "min": 1.62648904324,
        "stdev": 13.5773639679
    },
    "loudness_ebu128": {
        "integrated": -26.7884426117,
        "loudness_range": 4.40600585938,
        "momentary": {
            "max": -24.7847003937,
            "mean": -27.2672672272,
            "min": -36.3748550415,
            "stdev": 2.42830634117
        },
        "short_term": {
            "max": -25.7210445404,
            "mean": -26.9651889801,
            "min": -31.6665725708,
            "stdev": 1.68437218666
        }
    },
    "melbands_crest": {
        "max": 31.1137256622,
        "mean": 12.5415353775,
        "min": 2.92301106453,
        "stdev": 4.91535234451
    },
    "melbands_flatness_db": {
        "max": 0.345054745674,
        "mean": 0.179229319096,
        "min": 0.0408832356334,
        "stdev": 0.0467296242714
    },
    "melbands_kurtosis": {
        "max": 129.365371704,
        "mean": 6.29204034805,
        "min": -1.63046991825,
        "stdev": 8.22873783112
    },
    "melbands_skewness": {
        "max": 8.53121185303,
        "mean": 1.7757153511,
        "min": -0.860311686993,
        "stdev": 1.19250261784
    },
    "melbands_spread": {
        "max": 69.6583557129,
        "mean": 21.6278457642,
        "min": 1.67753565311,
        "stdev": 10.3841753006
    },
    "pitch_salience": {
        "max": 0.903690755367,
        "mean": 0.554619073868,
        "min": 0.159549832344,
        "stdev": 0.128658533096
    },
    "silence_rate_20dB": {
        "max": 1,
        "mean": 1,
        "min": 1,
        "stdev": 0
    },
    "silence_rate_30dB": {
        "max": 1,
        "mean": 1,
        "min": 1,
        "stdev": 0
    },
    "silence_rate_60dB": {
        "max": 1,
        "mean": 0.0145454546437,
        "min": 0,
        "stdev": 0.119724243879
    },
    "spectral_centroid": {
        "max": 2916.32885742,
        "mean": 1320.31884766,
        "min": 262.728057861,
        "stdev": 445.824401855
    },
    "spectral_complexity": {
        "max": 45,
        "mean": 21.8872718811,
        "min": 3,
        "stdev": 6.83486366272
    },
    "spectral_decrease": {
        "max": -1.93136895366e-10,
        "mean": -6.91829349364e-09,
        "min": -2.36069546133e-08,
        "stdev": 3.89254273259e-09
    },
    "spectral_energy": {
        "max": 0.0913630053401,
        "mean": 0.0283821336925,
        "min": 0.000876471342053,
        "stdev": 0.0156389847398
    },
    "spectral_energyband_high": {
        "max": 0.00783228967339,
        "mean": 0.000504476309288,
        "min": 5.39477332495e-06,
        "stdev": 0.000713315850589
    },
    "spectral_energyband_low": {
        "max": 0.0743405222893,
        "mean": 0.00297184195369,
        "min": 1.17788863463e-06,
        "stdev": 0.00581872370094
    },
    "spectral_energyband_middle_high": {
        "max": 0.0496874414384,
        "mean": 0.0102709624916,
        "min": 0.000231135025388,
        "stdev": 0.0088987024501
    },
    "spectral_energyband_middle_low": {
        "max": 0.0823250412941,
        "mean": 0.0158902499825,
        "min": 9.33452975005e-05,
        "stdev": 0.0120414253324
    },
    "spectral_entropy": {
        "max": 8.28673171997,
        "mean": 7.42810106277,
        "min": 6.48216724396,
        "stdev": 0.330473691225
    },
    "spectral_flux": {
        "max": 0.243673026562,
        "mean": 0.0840447992086,
        "min": 0.0129179051146,
        "stdev": 0.038544151932
    },
    "spectral_kurtosis": {
        "max": 18.0157051086,
        "mean": 5.10535669327,
        "min": 0.0600731372833,
        "stdev": 2.55051207542
    },
    "spectral_rms": {
        "max": 0.00944111403078,
        "mean": 0.0050313253887,
        "min": 0.000924712920096,
        "stdev": 0.00154132745229
    },
    "spectral_rolloff": {
        "max": 5813.96484375,
        "mean": 1520.57324219,
        "min": 150.732421875,
        "stdev": 747.145080566
    },
    "spectral_skewness": {
        "max": 3.37798595428,
        "mean": 1.55482387543,
        "min": 0.406116634607,
        "stdev": 0.318297147751
    },
    "spectral_spread": {
        "max": 7930373,
        "mean": 3488852.5,
        "min": 2010360,
        "stdev": 948765
    },
    "spectral_strongpeak": {
        "max": 10.5370016098,
        "mean": 1.80427932739,
        "min": 0.0510694123805,
        "stdev": 1.46592259407
    },
    "zerocrossingrate": {
        "max": 0.1533203125,
        "mean": 0.056881390512,
        "min": 0.00927734375,
        "stdev": 0.0193966180086
    },
    "barkbands": {
        "max": [0.000157764996402, 0.0302630886436, 0.0521838963032, 0.0428939089179, 0.0316987037659, 0.0589305758476, 0.0487880110741, 0.0290976203978, 0.0337404534221, 0.0372094921768, 0.0353534594178, 0.0358193404973, 0.0315022207797, 0.0115763181821, 0.0178862567991, 0.0202125255018, 0.00800424721092, 0.00614499580115, 0.00178043090273, 0.00238963775337, 0.00175528007094, 0.00286860065535, 0.00221602525562, 0.00152895471547, 0.000611189461779, 0.000338092184393, 3.76822822545e-06],
        "mean": [4.64144568468e-06, 0.000738949340302, 0.00120741862338, 0.0016668997705, 0.00187158538029, 0.0032755380962, 0.0067389914766, 0.00111758522689, 0.000840896100271, 0.00208440725692, 0.00212036888115, 0.00105746800546, 0.00128546461929, 0.000597031088546, 0.000888187089004, 0.000761230010539, 0.000673022470437, 0.000552339712158, 0.000251987599768, 0.000240755078266, 0.000146275851876, 0.000114141759695, 6.56918564346e-05, 4.9002290325e-05, 2.53409143625e-05, 6.95610924595e-06, 7.02511249173e-09],
        "min": [1.13828113601e-09, 7.70782406789e-08, 1.33750319264e-07, 6.95106905368e-07, 6.3217553361e-06, 9.30153237277e-06, 7.12362316335e-06, 5.83965766054e-06, 2.62882986135e-06, 1.59012506629e-06, 1.48123554027e-05, 8.99248607311e-06, 9.03626551008e-06, 1.76797982476e-06, 1.26022259792e-05, 4.12246117776e-06, 4.61559511677e-06, 1.5400493794e-05, 2.17756928578e-06, 4.21799950345e-06, 1.08384949726e-06, 6.41408007596e-07, 3.16218006446e-07, 1.36055803068e-07, 2.93510964866e-07, 1.27583099641e-08, 2.97675634142e-10],
        "stdev": [1.23556637845e-05, 0.00202513393015, 0.00302298692986, 0.00415729591623, 0.00277015939355, 0.00450755050406, 0.00775114772841, 0.0020872016903, 0.00138808856718, 0.00403689267114, 0.00410771090537, 0.00276159215719, 0.00252659525722, 0.00097320281202, 0.00116884021554, 0.00135760463309, 0.000774139363784, 0.000661058118567, 0.000234680032008, 0.000242601585342, 0.000186839344678, 0.000216472239117, 0.000166376776178, 0.000109097985842, 4.87914621772e-05, 1.96075234271e-05, 1.01716402412e-07]
    },
    "erbbands": {
        "max": [0.357943713665, 8.19350719452, 42.2756767273, 103.822013855, 88.8847808838, 119.318450928, 575.135192871, 569.016357422, 707.257141113, 916.545715332, 580.91015625, 530.565490723, 885.590820312, 1532.81933594, 1644.43505859, 1453.04138184, 1687.20739746, 417.717071533, 619.237670898, 1329.17651367, 1384.4074707, 300.980712891, 437.45501709, 96.1407546997, 151.489761353, 88.5193786621, 57.412109375, 78.2265167236, 91.411781311, 119.296180725, 64.1716308594, 42.9026679993, 20.9936027527, 11.6307678223, 3.25548195839, 2.23347830772, 0.414805561304, 0.0104679008946, 0.000540965760592, 0.000103817881609],
        "mean": [0.0116385454312, 0.209565982223, 1.10616695881, 4.25794935226, 4.79203367233, 6.86582517624, 10.1993923187, 35.1309165955, 79.4702072144, 78.6289978027, 20.068529129, 21.2828636169, 35.742641449, 107.042480469, 66.411895752, 42.5461425781, 60.3212432861, 36.9917068481, 41.8202857971, 43.0723266602, 44.7348747253, 33.8123970032, 35.6013908386, 15.7056055069, 13.7014293671, 11.173166275, 5.81725120544, 5.82483291626, 4.42282772064, 2.94959688187, 1.64580059052, 1.18485438824, 0.68529099226, 0.344952523708, 0.155970841646, 0.0598605126143, 0.00562576204538, 0.000148920327774, 2.44072562054e-05, 3.51464550477e-05],
        "min": [2.20440256271e-06, 2.68507737928e-05, 0.000303776934743, 0.00226067844778, 0.00672615226358, 0.0190672986209, 0.054294757545, 0.0701855793595, 0.0692752599716, 0.165528774261, 0.356798946857, 0.235056877136, 0.112360864878, 0.348175823689, 0.519899487495, 0.593847155571, 0.62961602211, 0.489446073771, 0.41248935461, 0.614916145802, 0.429926693439, 0.453268796206, 0.750401675701, 0.268465518951, 0.21688491106, 0.152780160308, 0.0762150585651, 0.0408690311015, 0.0311561897397, 0.013463835232, 0.00778335053474, 0.00461263395846, 0.0020973442588, 0.00172728556208, 0.00252932636067, 0.000183013937203, 2.87171769742e-05, 4.27966597272e-06, 1.33230503252e-06, 1.41165446621e-06],
        "stdev": [0.0313192792237, 0.548357069492, 2.54869508743, 10.2349281311, 8.73420906067, 9.91526889801, 20.4302825928, 45.9429893494, 95.7987213135, 106.212776184, 31.9002723694, 28.8933181763, 79.233505249, 190.877029419, 152.105361938, 93.7830352783, 124.195884705, 46.973613739, 53.7596588135, 66.5969238281, 86.5199661255, 35.1210708618, 43.4447555542, 14.1237602234, 13.2008991241, 11.2516880035, 6.16263103485, 8.1425447464, 7.60017633438, 7.23546695709, 4.20152139664, 2.76675701141, 1.46895885468, 0.712542831898, 0.300995439291, 0.148531526327, 0.020432734862, 0.000492845836561, 2.65528306045e-05, 1.89388119907e-05]
    },
    "gfcc": {
        "mean": [-2.39041137695, 107.173843384, -166.446868896, 24.3259716034, -73.7468109131, 1.97837281227, -48.6716804504, 1.89488053322, -21.4843559265, -2.84055519104, -6.87324714661, -6.17819976807, -2.79912090302],
        "cov": [[2404.53808594, -264.093414307, 554.08984375, 359.079681396, -171.106231689, 302.523254395, -27.4184494019, 95.5872650146, -220.699508667, -14.0973987579, -230.006530762, 48.1454315186, -24.0435943604], [-264.093414307, 750.246887207, 98.0825500488, 12.9641942978, 197.252685547, -156.86076355, 136.645294189, -20.2695274353, 113.316413879, -61.6803627014, 126.162208557, -49.3154983521, 62.5021362305], [554.08984375, 98.0825500488, 707.050109863, 256.484191895, -8.06949901581, 17.4837360382, -111.086288452, 88.7644348145, -21.6625213623, 55.0988006592, -113.592758179, 54.3678131104, -74.3690643311], [359.079681396, 12.9641942978, 256.484191895, 299.102508545, 65.6148757935, 35.6070747375, -25.7826633453, 50.6757316589, 2.37395477295, -18.9036254883, -66.3025741577, 11.3051052094, 8.68744850159], [-171.106231689, 197.252685547, -8.06949901581, 65.6148757935, 235.592880249, -1.62895917892, 43.6621627808, 30.8494281769, 34.0955734253, -15.780128479, 5.61408138275, -16.0732879639, 18.1255836487], [302.523254395, -156.86076355, 17.4837360382, 35.6070747375, -1.62895917892, 234.030471802, 43.8557777405, 1.24125301838, -72.0499267578, -5.31147861481, -54.6506767273, -7.18214941025, -7.95582580566], [-27.4184494019, 136.645294189, -111.086288452, -25.7826633453, 43.6621627808, 43.8557777405, 170.647567749, 5.1713514328, 7.49638032913, -15.5278053284, 66.5602111816, -14.1670417786, 28.4797515869], [95.5872650146, -20.2695274353, 88.7644348145, 50.6757316589, 30.8494281769, 1.24125301838, 5.1713514328, 103.923454285, 33.4226570129, 25.9048881531, -21.2812614441, 25.6574420929, -9.71629333496], [-220.699508667, 113.316413879, -21.6625213623, 2.37395477295, 34.0955734253, -72.0499267578, 7.49638032913, 33.4226570129, 125.038696289, 19.5183296204, 45.9453659058, -2.23463487625, 8.64701747894], [-14.0973987579, -61.6803627014, 55.0988006592, -18.9036254883, -15.780128479, -5.31147861481, -15.5278053284, 25.9048881531, 19.5183296204, 88.6386108398, 21.3468971252, 23.3455467224, -34.3456459045], [-230.006530762, 126.162208557, -113.592758179, -66.3025741577, 5.61408138275, -54.6506767273, 66.5602111816, -21.2812614441, 45.9453659058, 21.3468971252, 133.6953125, 9.34135150909, 21.3396625519], [48.1454315186, -49.3154983521, 54.3678131104, 11.3051052094, -16.0732879639, -7.18214941025, -14.1670417786, 25.6574420929, -2.23463487625, 23.3455467224, 9.34135150909, 64.2264633179, 8.53901386261], [-24.0435943604, 62.5021362305, -74.3690643311, 8.68744850159, 18.1255836487, -7.95582580566, 28.4797515869, -9.71629333496, 8.64701747894, -34.3456459045, 21.3396625519, 8.53901386261, 78.9155273438]],
        "icov": [[0.000967845495325, -0.00099506159313, 0.00045971700456, -0.0013221767731, 0.00164511718322, -0.00104693870526, 0.000308346119709, -0.00129513919819, 0.00172586669214, -0.000892097770702, 0.00105318636633, -0.000548753247131, 0.00010483837832], [-0.00099506159313, 0.0116699375212, -0.00916557852179, 0.00678858533502, -0.00907023996115, 0.00642194133252, -0.00792923662812, 0.00627581123263, -0.00701845344156, 0.0091442828998, -0.00779855297878, 0.00891579408199, -0.00667289318517], [0.00045971700456, -0.00916557852179, 0.0104122990742, -0.00756218284369, 0.00714392820373, -0.0043752216734, 0.00672416668385, -0.0051960372366, 0.00558865210041, -0.00829079374671, 0.007062332239, -0.00885367579758, 0.00772346509621], [-0.0013221767731, 0.00678858533502, -0.00756218284369, 0.0110258972272, -0.00737129151821, 0.0031627540011, -0.00395904527977, 0.00330449664034, -0.00595072563738, 0.00735241500661, -0.00410834513605, 0.00548258516937, -0.0059025734663], [0.00164511718322, -0.00907023996115, 0.00714392820373, -0.00737129151821, 0.0132021950558, -0.00525233102962, 0.00471060583368, -0.00702107138932, 0.00580627378076, -0.00697877025232, 0.00644063623622, -0.00514939706773, 0.0042445580475], [-0.00104693870526, 0.00642194133252, -0.0043752216734, 0.0031627540011, -0.00525233102962, 0.0106441536918, -0.00771788321435, 0.00444310903549, -0.00153701705858, 0.00272084842436, -0.000605840468779, 0.00474046077579, -0.0032612925861], [0.000308346119709, -0.00792923662812, 0.00672416668385, -0.00395904527977, 0.00471060583368, -0.00771788321435, 0.0171693470329, -0.00882727839053, 0.00609553093091, -0.00326542416587, -0.00345554668456, -0.00219398830086, 0.00308625772595], [-0.00129513919819, 0.00627581123263, -0.0051960372366, 0.00330449664034, -0.00702107138932, 0.00444310903549, -0.00882727839053, 0.0219996422529, -0.0111337890849, 0.00118804140948, 0.00318759470247, -0.00348360859789, -0.00141870277002], [0.00172586669214, -0.00701845344156, 0.00558865210041, -0.00595072563738, 0.00580627378076, -0.00153701705858, 0.00609553093091, -0.0111337890849, 0.0197961572558, -0.00796407088637, -3.86224055546e-05, 0.000122570825624, 0.00130904291291], [-0.000892097770702, 0.0091442828998, -0.00829079374671, 0.00735241500661, -0.00697877025232, 0.00272084842436, -0.00326542416587, 0.00118804140948, -0.00796407088637, 0.0278464835137, -0.012702351436, 0.00178688322194, 0.00329872360453], [0.00105318636633, -0.00779855297878, 0.007062332239, -0.00410834513605, 0.00644063623622, -0.000605840468779, -0.00345554668456, 0.00318759470247, -3.86224055546e-05, -0.012702351436, 0.0247521791607, -0.0118769742548, 0.00277209235355], [-0.000548753247131, 0.00891579408199, -0.00885367579758, 0.00548258516937, -0.00514939706773, 0.00474046077579, -0.00219398830086, -0.00348360859789, 0.000122570825624, 0.00178688322194, -0.0118769742548, 0.0324072279036, -0.0136829372495], [0.00010483837832, -0.00667289318517, 0.00772346509621, -0.0059025734663, 0.0042445580475, -0.0032612925861, 0.00308625772595, -0.00141870277002, 0.00130904291291, 0.00329872360453, 0.00277209235355, -0.0136829372495, 0.0253480523825]]
    },
    "melbands": {
        "max": [0.00607775710523, 0.0161752272397, 0.0148295154795, 0.00774009386078, 0.016259521246, 0.0134773105383, 0.0109394136816, 0.00856132153422, 0.00420643948019, 0.00456801429391, 0.00451291492209, 0.00635968148708, 0.00431491201743, 0.00314037688076, 0.00332023110241, 0.0035440614447, 0.000957336451393, 0.00112446688581, 0.00121701695025, 0.00114558951464, 0.00182370096445, 0.000317004945828, 0.000596175959799, 0.000334569136612, 8.74633260537e-05, 6.92709145369e-05, 0.000139227209729, 5.04191884829e-05, 3.86227293347e-05, 5.49317592231e-05, 5.08897064719e-05, 5.77369028179e-05, 6.94202317391e-05, 6.2853388954e-05, 3.57232056558e-05, 2.90337793558e-05, 2.84347861452e-05, 1.75140012288e-05, 1.55769412231e-05, 8.00278303359e-06],
        "mean": [0.000158163413289, 0.000520775036421, 0.000724131299648, 0.000403512560297, 0.000362196471542, 0.000755385670345, 0.00132381473668, 0.000727729522623, 0.000131981432787, 0.000134978225105, 0.000173819076736, 0.000427848892286, 0.000235302446526, 0.000136923277751, 0.000109035536298, 0.000128658066387, 6.15262470092e-05, 6.31020157016e-05, 6.39010322629e-05, 5.32063750143e-05, 5.3534458857e-05, 3.49054789694e-05, 3.76759235223e-05, 2.35902170971e-05, 1.1562176951e-05, 8.74533452588e-06, 1.03834790934e-05, 6.70488634569e-06, 3.3866360809e-06, 3.71570035895e-06, 3.28345822709e-06, 2.5974629807e-06, 1.93013988792e-06, 1.54742667746e-06, 9.39826804824e-07, 8.06932007436e-07, 6.84708084009e-07, 4.82162988646e-07, 4.04643202501e-07, 2.55308634678e-07],
        "min": [1.70488654305e-08, 1.2849314146e-07, 5.29749286216e-07, 1.07258290427e-06, 1.79642233888e-06, 1.46587524341e-06, 1.21693915389e-06, 2.32525326282e-06, 6.87130977894e-07, 4.66012124889e-07, 1.26873317186e-07, 1.13586611405e-06, 1.67236532889e-06, 1.3074642311e-06, 6.56900965623e-07, 1.26247653043e-06, 4.34331980159e-07, 3.39509938385e-07, 1.19009644095e-06, 2.16366004224e-07, 2.97873611999e-07, 2.34000637533e-07, 2.20220584879e-07, 8.24016638035e-07, 1.18607282218e-07, 1.11189969232e-07, 1.817369224e-07, 7.10617982236e-08, 3.10809049608e-08, 3.10821945959e-08, 1.3643129293e-08, 1.73758269995e-08, 8.75042616144e-09, 5.12194242575e-09, 4.92637397542e-09, 2.59743826447e-09, 2.20804508011e-09, 9.11639763679e-10, 1.65078917203e-09, 6.46402931181e-10],
        "stdev": [0.000428460538387, 0.00108488148544, 0.00156517443247, 0.000613879645243, 0.000624245440122, 0.00102257495746, 0.00151035294402, 0.000991296954453, 0.000232817415963, 0.000206537559279, 0.00040615251055, 0.000775424123276, 0.000454311521025, 0.000341427483363, 0.00024862671853, 0.000257739884546, 9.14504562388e-05, 9.14714328246e-05, 8.5264131485e-05, 7.52421838115e-05, 0.000115093345812, 4.04481397709e-05, 4.87579163746e-05, 3.12675147143e-05, 1.21061448226e-05, 8.32587465993e-06, 1.15504908536e-05, 7.08432071406e-06, 3.67703887605e-06, 5.12993801749e-06, 4.80863172925e-06, 4.40973053628e-06, 4.22276389145e-06, 4.09322638006e-06, 2.44097964242e-06, 1.9585361315e-06, 1.66475933838e-06, 1.07144740014e-06, 8.88797728749e-07, 5.27157681063e-07]
    },
    "melbands128": {
        "max": [0.000104377038951, 0.00171508011408, 0.00836926605552, 0.0164694357663, 0.0157462377101, 0.0283904448152, 0.0257685165852, 0.0186274684966, 0.0111251920462, 0.00974276661873, 0.00748418737203, 0.013320765458, 0.0290077961981, 0.00885676033795, 0.0115309394896, 0.0284697189927, 0.0193409472704, 0.0208183433861, 0.0154759874567, 0.0158898066729, 0.0124582247809, 0.00763890892267, 0.0046459371224, 0.00359396450222, 0.00203100615181, 0.00878815539181, 0.00894419942051, 0.00867443904281, 0.00494707701728, 0.0115656126291, 0.0103035084903, 0.0116290533915, 0.00297009758651, 0.01207233686, 0.00628034491092, 0.00298325228505, 0.00760918483138, 0.00473874434829, 0.00393756711856, 0.00883684307337, 0.00398260354996, 0.00227019772865, 0.00151974067558, 0.00244212034158, 0.0029670370277, 0.00198441930115, 0.00250609871, 0.00105859432369, 0.00224480312318, 0.0037022898905, 0.00140910269693, 0.000565410300624, 0.00445133866742, 0.00141341658309, 0.00103341403883, 0.000529148906935, 0.000461331685074, 0.00163225375582, 0.000473952532047, 0.00113350816537, 0.000609113893006, 0.000275341270026, 0.000200755646802, 0.000130444968818, 0.000144684236147, 0.000108892832941, 0.000167096426594, 0.000289372430416, 0.000134521586006, 0.000211969905649, 8.16344545456e-05, 8.86801353772e-05, 6.38359924778e-05, 5.2064529882e-05, 3.9186757931e-05, 5.44010836165e-05, 7.67907258705e-05, 6.78815922583e-05, 7.07466824679e-05, 9.74953945843e-05, 7.9173463746e-05, 6.02857326157e-05, 6.48289787932e-05, 8.28319534776e-05, 8.61408771016e-05, 8.36090475786e-05, 6.75802366459e-05, 4.49859471701e-05, 3.5338656744e-05, 6.88035579515e-05, 3.5657772969e-05, 3.41271770594e-05, 2.93254342978e-05, 2.74207341135e-05, 3.32008276018e-05, 2.64357931883e-05, 1.50594678416e-05, 1.18880070659e-05, 2.38124284806e-05, 1.19298083519e-05, 9.16652061278e-06, 9.80022923613e-06, 4.42821283286e-06, 5.49401374883e-06, 4.32890601587e-06, 2.8767153708e-06, 3.50631421497e-06, 4.83647636429e-06, 5.17725720783e-06, 3.67161965187e-06, 2.545119969e-06, 2.30270552493e-06, 1.09968493689e-06, 1.72321321656e-07, 1.93525711012e-08, 1.87793940398e-08, 1.81395627408e-08, 1.7514238948e-08, 1.72132228471e-08, 1.67990013011e-08, 1.6280250037e-08, 1.60126667481e-08, 1.55662220891e-08, 1.52775889717e-08, 1.50480765626e-08, 1.49661865123e-08, 1.48285748125e-08, 1.47436107767e-08],
        "mean": [3.86882948078e-06, 5.01141548739e-05, 0.000216338201426, 0.00037533356226, 0.000443815282779, 0.000665140512865, 0.00095085054636, 0.000724679615814, 0.000426567072282, 0.000385935622035, 0.000381358229788, 0.000371211091988, 0.000275777390925, 0.000412308785599, 0.000852035882417, 0.000868704111781, 0.000932757393457, 0.00150178407785, 0.00180218904279, 0.000775375112426, 0.000304896675516, 0.000135938869789, 0.000133128211019, 8.32381920191e-05, 0.000127507853904, 0.000175066001248, 0.000105117658677, 0.000183334632311, 0.000170118335518, 0.000416987430071, 0.000587728631217, 0.000347210472682, 0.000112439993245, 0.000283615459921, 0.000147617713083, 9.04305125005e-05, 0.000111637265945, 8.82722742972e-05, 0.000120088021504, 0.0001659411937, 0.000146091246279, 4.96194588777e-05, 5.2081883041e-05, 8.2421618572e-05, 4.36432746937e-05, 5.88188231632e-05, 8.81625019247e-05, 5.82969441894e-05, 5.63421999686e-05, 6.17308760411e-05, 5.0758710131e-05, 4.55820299976e-05, 6.03118933213e-05, 5.05601492478e-05, 5.47398449271e-05, 2.6652995075e-05, 2.20408983296e-05, 4.30022337241e-05, 3.81799363822e-05, 4.23371457146e-05, 1.91708113562e-05, 1.43491506606e-05, 1.45074045577e-05, 1.05659619294e-05, 7.31471800464e-06, 7.06861283106e-06, 1.0424663742e-05, 1.25326741909e-05, 9.49963941821e-06, 9.10252401809e-06, 7.26475218471e-06, 5.64112997381e-06, 3.49777701558e-06, 3.13160467158e-06, 2.76380046671e-06, 4.16905822931e-06, 3.93976188207e-06, 2.98529039355e-06, 3.74920227841e-06, 2.87315288006e-06, 2.57872875409e-06, 2.63439915216e-06, 2.24134828386e-06, 1.90912101061e-06, 1.5501833559e-06, 1.68631004271e-06, 1.6878294673e-06, 1.02624960618e-06, 8.70728513291e-07, 8.70625058269e-07, 8.3152787056e-07, 7.49642310893e-07, 8.25302436169e-07, 7.12464043318e-07, 6.06077719567e-07, 5.00701958117e-07, 4.59821563936e-07, 4.26503703466e-07, 5.04759668729e-07, 3.19727917031e-07, 2.63498492359e-07, 2.55922032011e-07, 2.32502856079e-07, 2.01525224952e-07, 1.81963102364e-07, 1.39663782761e-07, 1.29339312593e-07, 1.29342737409e-07, 1.23872808899e-07, 7.09376877239e-08, 5.49714904707e-08, 1.87412005914e-08, 2.98007685196e-09, 4.50643466987e-10, 2.27590918334e-10, 2.53923548854e-10, 4.85670184625e-11, 1.98114944588e-11, 3.01024170868e-11, 2.18416552206e-11, 5.09496542178e-11, 6.34711519454e-11, 1.74669879255e-11, 1.66320464345e-11, 1.59180481296e-11, 1.49049314557e-11, 1.43052332133e-11, 1.41584253002e-11],
        "min": [1.49416815726e-11, 9.41599154203e-09, 1.44640281974e-08, 3.68729438094e-08, 4.0601321416e-08, 4.57006557042e-08, 1.86674256497e-07, 2.45316812197e-07, 4.07604829888e-07, 1.29154585693e-07, 3.17898866342e-07, 6.11360178482e-07, 7.43307055018e-07, 5.3117207699e-07, 6.54995290006e-07, 1.91096063418e-08, 8.66295863489e-07, 5.2097675507e-07, 1.3726665884e-06, 1.28835995383e-06, 1.15355999242e-06, 7.12887981535e-07, 1.97707578309e-07, 2.77583552588e-07, 1.25008625673e-07, 2.39497826016e-08, 3.09569898604e-08, 4.27908730671e-08, 5.45645093553e-08, 3.15396476935e-07, 8.84359565134e-07, 5.98715814704e-07, 2.1734871325e-07, 6.77973517327e-08, 1.04733167916e-07, 3.7299213318e-07, 2.63069438233e-07, 8.61281463926e-08, 4.77909907204e-08, 3.26748420321e-07, 1.57133001721e-07, 4.12760925883e-07, 3.55440228361e-08, 5.28763166585e-08, 9.58594057465e-08, 2.24970904128e-07, 1.33392916268e-07, 3.41234880352e-07, 1.53469727593e-07, 8.02363331331e-08, 1.72086672023e-07, 1.10379616558e-07, 7.23119484292e-08, 2.56662673337e-07, 3.71924869569e-07, 7.40837791113e-08, 4.49111396961e-08, 7.83530111903e-08, 2.59833115024e-07, 2.95102267955e-07, 1.73952656723e-07, 1.50272029487e-07, 8.80770159029e-08, 5.25036476517e-08, 1.26431798364e-08, 7.07291576418e-08, 5.0344652891e-08, 1.31613788312e-07, 1.41438121659e-07, 5.42821467775e-08, 5.42478595378e-08, 3.74355266786e-08, 1.70617386885e-08, 8.56739301724e-09, 3.18542490163e-08, 2.46902178702e-08, 1.07816422457e-08, 4.40581615635e-09, 6.19334050711e-09, 1.15291483027e-08, 1.44698866222e-08, 1.31074768817e-08, 9.90995996375e-09, 2.64564503638e-09, 2.23713625402e-09, 3.96761423715e-09, 3.07449177228e-09, 5.43507505668e-09, 4.20515267052e-09, 2.61258548129e-09, 2.50147169645e-09, 1.13512521605e-09, 1.29763555456e-09, 2.1483763657e-09, 2.46743447896e-09, 4.70237127015e-10, 6.25957785605e-10, 5.00830654726e-10, 1.41653555552e-09, 3.2075162526e-09, 3.94651450408e-10, 3.06219993806e-10, 1.21207155424e-10, 6.20294038356e-09, 4.96011098861e-09, 1.08751341266e-10, 3.60623544915e-11, 2.49945369957e-10, 2.37326165664e-11, 1.30586372878e-12, 9.17430085894e-13, 9.97667877131e-13, 1.67634103213e-12, 9.82225477168e-13, 1.30206891276e-12, 1.20587600235e-12, 9.64815575523e-13, 1.09902202356e-12, 1.02278114363e-12, 6.0487156733e-13, 7.87450020554e-13, 8.38673965345e-13, 1.04036571025e-12, 9.40846142314e-13, 7.85919181297e-13, 2.57895186326e-13, 3.77317738143e-14, 1.11812128922e-15],
        "stdev": [1.07802088678e-05, 0.000153353626956, 0.000631822855212, 0.00108192570042, 0.00113231583964, 0.00169537041802, 0.00245063961484, 0.00174110534135, 0.000863417459186, 0.000746264413465, 0.000592856609728, 0.000688434811309, 0.000950549903791, 0.000624676467851, 0.00126471614931, 0.00176462787203, 0.0017719323514, 0.00246725138277, 0.00257948180661, 0.00142238964327, 0.000724521814846, 0.000348807428963, 0.000304322456941, 0.000203451767447, 0.000204986921744, 0.000366709777154, 0.000379846285796, 0.000678798358422, 0.000419968477217, 0.0010226930026, 0.00124406034593, 0.000892108306289, 0.000278346735286, 0.00104407605249, 0.000556450278964, 0.000256726809312, 0.000399242155254, 0.00030820723623, 0.000348078232491, 0.000517176871654, 0.000315060489811, 0.000122707060655, 0.000106479084934, 0.000178746122401, 0.000131219814648, 0.000123615784105, 0.000162979296874, 0.000102753685496, 0.000123327699839, 0.00018680714129, 8.73647877597e-05, 6.71505113132e-05, 0.000258569780272, 0.000102537160274, 9.50883695623e-05, 4.71582898172e-05, 3.36120574502e-05, 0.000100575431134, 5.78570106882e-05, 8.47114788485e-05, 3.75789823011e-05, 2.66982151516e-05, 2.20442052523e-05, 1.46074653458e-05, 1.17141153169e-05, 8.75015757629e-06, 1.516951761e-05, 2.07378998311e-05, 1.35957880047e-05, 1.51806298163e-05, 1.07282630779e-05, 7.74238014856e-06, 5.04877971252e-06, 4.79439313494e-06, 3.93630898543e-06, 5.95613073529e-06, 7.19114359526e-06, 5.2516352298e-06, 5.97074540565e-06, 5.01325393998e-06, 4.93088691655e-06, 5.01842441736e-06, 4.52820495411e-06, 4.86953194923e-06, 4.44874876848e-06, 4.68492225991e-06, 4.97455175719e-06, 2.9097384413e-06, 2.1961263883e-06, 2.9381656077e-06, 2.1386026674e-06, 1.79035657766e-06, 1.98015936803e-06, 1.77707670446e-06, 1.83357519745e-06, 1.385232963e-06, 9.15433474802e-07, 8.81532628227e-07, 1.3052867871e-06, 6.97640984981e-07, 5.67990866784e-07, 6.08424102211e-07, 4.73985977578e-07, 4.11160215208e-07, 3.71235984176e-07, 2.80144462295e-07, 2.97467408927e-07, 3.3818272982e-07, 3.52020947503e-07, 2.27881329806e-07, 2.04481025889e-07, 9.49145402274e-08, 4.6043755475e-08, 5.59879609341e-09, 7.67748808972e-10, 6.7300043316e-10, 5.1282145197e-10, 4.72105077254e-10, 4.68156347022e-10, 4.53200060813e-10, 4.47653275559e-10, 4.47167192164e-10, 4.19526163808e-10, 4.11747774764e-10, 4.05574851481e-10, 4.03393318749e-10, 3.99694971565e-10, 3.97407107222e-10]
    },
    "mfcc": {
        "mean": [-625.770202637, 126.127441406, -33.1866264343, 12.8209657669, -7.66528558731, -6.33513212204, -12.9141921997, -6.29832744598, -7.51715755463, -7.70762777328, -5.4360666275, 0.483325988054, 1.57016444206],
        "cov": [[2348.95092773, -466.224975586, 509.855316162, 41.3998451233, -16.0462379456, 144.181243896, 151.203262329, 101.040168762, 101.93977356, -0.681498467922, -81.5054016113, -146.702926636, -163.127502441], [-466.224975586, 723.283935547, -59.4700164795, 139.954116821, 41.8574180603, -52.5250282288, 27.6029148102, 9.32615661621, -1.48105227947, 7.89915370941, 39.0255851746, 40.0123939514, 44.5745849609], [509.855316162, -59.4700164795, 641.565063477, 176.316009521, 91.8028793335, 18.4280109406, -47.6965560913, 19.3619632721, 23.2770843506, 12.2961130142, -9.48099708557, -31.9985218048, 1.78098595142], [41.3998451233, 139.954116821, 176.316009521, 307.108886719, 129.76701355, -34.8007087708, -26.3208217621, 33.2756309509, 43.0805206299, 12.3515691757, 1.32288265228, 17.146654129, 20.4455852509], [-16.0462379456, 41.8574180603, 91.8028793335, 129.76701355, 198.76322937, 24.3939094543, -24.7566051483, 25.2657222748, 45.3751068115, 21.4380493164, -9.10247325897, -3.06844568253, -1.68042898178], [144.181243896, -52.5250282288, 18.4280109406, -34.8007087708, 24.3939094543, 135.949707031, 80.6478347778, 22.7989864349, 9.51529979706, 10.6217765808, 1.79012966156, -33.0408363342, -34.0111160278], [151.203262329, 27.6029148102, -47.6965560913, -26.3208217621, -24.7566051483, 80.6478347778, 163.6849823, 40.7585487366, 8.82482433319, 2.34520077705, 7.93115377426, -10.1613006592, -24.321849823], [101.040168762, 9.32615661621, 19.3619632721, 33.2756309509, 25.2657222748, 22.7989864349, 40.7585487366, 86.6284408569, 45.5472145081, 13.0241365433, -1.23418688774, -8.43416404724, -13.2568817139], [101.93977356, -1.48105227947, 23.2770843506, 43.0805206299, 45.3751068115, 9.51529979706, 8.82482433319, 45.5472145081, 87.0445327759, 27.2538356781, -1.62863683701, -5.23551702499, -13.3281507492], [-0.681498467922, 7.89915370941, 12.2961130142, 12.3515691757, 21.4380493164, 10.6217765808, 2.34520077705, 13.0241365433, 27.2538356781, 56.577583313, 18.6552276611, 1.96230089664, -0.943021833897], [-81.5054016113, 39.0255851746, -9.48099708557, 1.32288265228, -9.10247325897, 1.79012966156, 7.93115377426, -1.23418688774, -1.62863683701, 18.6552276611, 63.5841026306, 38.9030685425, 19.7338199615], [-146.702926636, 40.0123939514, -31.9985218048, 17.146654129, -3.06844568253, -33.0408363342, -10.1613006592, -8.43416404724, -5.23551702499, 1.96230089664, 38.9030685425, 102.546821594, 66.2906341553], [-163.127502441, 44.5745849609, 1.78098595142, 20.4455852509, -1.68042898178, -34.0111160278, -24.321849823, -13.2568817139, -13.3281507492, -0.943021833897, 19.7338199615, 66.2906341553, 91.5376968384]],
        "icov": [[0.000833523808978, 0.000424845056841, -0.000689835171215, -0.000137782626553, 0.000474688393297, -2.78477637039e-06, -0.000837772910018, -3.55127885996e-05, -0.00077145639807, 0.000195197455469, 0.000577977509238, -0.000115660710435, 0.000951504101977], [0.000424845056841, 0.00200164900161, 1.9585402697e-05, -0.000965785293374, -0.000110049746581, 0.000990274595097, -0.00135728367604, 5.15580941283e-05, 1.81346294994e-05, 9.26398060983e-05, -0.0009085170459, 0.000729506486095, -0.000318362901453], [-0.000689835171215, 1.9585402697e-05, 0.00269940914586, -0.00136105518322, -0.000308219401632, -0.000868397124577, 0.00147857726552, -0.000200818190933, 0.000857391918544, -0.000221162437811, -0.000914372853003, 0.00135367899202, -0.00161257071886], [-0.000137782626553, -0.000965785293374, -0.00136105518322, 0.00651990901679, -0.00363100483082, 0.00268093822524, -0.000701716635376, -0.00103232183028, -0.000782041344792, 0.000617913727183, -0.000256466737483, -0.00048851990141, -0.000309964612825], [0.000474688393297, -0.000110049746581, -0.000308219401632, -0.00363100483082, 0.00941317807883, -0.00455042719841, 0.0027080909349, -0.000234389328398, -0.00267161941156, -0.00146525946911, 0.00282112183049, -0.00150091783144, 0.000958888733294], [-2.78477637039e-06, 0.000990274595097, -0.000868397124577, 0.00268093822524, -0.00455042719841, 0.0149588230997, -0.00765842897817, 0.000107099440356, 0.000889509043191, -0.000862919201609, -0.00307855638675, 0.00376858259551, 0.000441150041297], [-0.000837772910018, -0.00135728367604, 0.00147857726552, -0.000701716635376, 0.0027080909349, -0.00765842897817, 0.0126733090729, -0.00446510920301, 0.00125526147895, 0.000476495857583, -0.000206283846637, -0.00207075313665, 0.000952570757363], [-3.55127885996e-05, 5.15580941283e-05, -0.000200818190933, -0.00103232183028, -0.000234389328398, 0.000107099440356, -0.00446510920301, 0.0187536012381, -0.00872965343297, 0.000365038373275, 2.58661475527e-05, 0.000790984311607, -0.000134536443511], [-0.00077145639807, 1.81346294994e-05, 0.000857391918544, -0.000782041344792, -0.00267161941156, 0.000889509043191, 0.00125526147895, -0.00872965343297, 0.0209674332291, -0.00779979629442, 0.00174598244485, -0.00189568952192, 0.00209408253431], [0.000195197455469, 9.26398060983e-05, -0.000221162437811, 0.000617913727183, -0.00146525946911, -0.000862919201609, 0.000476495857583, 0.000365038373275, -0.00779979629442, 0.0248392764479, -0.00917200744152, 0.00323780905455, -0.0012462643208], [0.000577977509238, -0.0009085170459, -0.000914372853003, -0.000256466737483, 0.00282112183049, -0.00307855638675, -0.000206283846637, 2.58661475527e-05, 0.00174598244485, -0.00917200744152, 0.0264173727483, -0.0120847010985, 0.00362061010674], [-0.000115660710435, 0.000729506486095, 0.00135367899202, -0.00048851990141, -0.00150091783144, 0.00376858259551, -0.00207075313665, 0.000790984311607, -0.00189568952192, 0.00323780905455, -0.0120847010985, 0.0252645146102, -0.0154752731323], [0.000951504101977, -0.000318362901453, -0.00161257071886, -0.000309964612825, 0.000958888733294, 0.000441150041297, 0.000952570757363, -0.000134536443511, 0.00209408253431, -0.0012462643208, 0.00362061010674, -0.0154752731323, 0.0240094419569]]
    },
    "spectral_contrast_coeffs": {
        "max": [-0.301633179188, -0.465436458588, -0.490737825632, -0.552393317223, -0.616283655167, -0.636696338654],
        "mean": [-0.690550982952, -0.681055128574, -0.714996337891, -0.750047385693, -0.758622169495, -0.749126255512],
        "min": [-0.888319134712, -0.911415398121, -0.903614580631, -0.906819999218, -0.894990324974, -0.862839639187],
        "stdev": [0.0683930963278, 0.0897009372711, 0.0810829773545, 0.057602416724, 0.0433576181531, 0.0290490984917]
    },
    "spectral_contrast_valleys": {
        "max": [-5.2904624939, -4.95623254776, -5.72016429901, -5.6024055481, -6.17889738083, -8.11395263672],
        "mean": [-7.20019388199, -6.49542188644, -7.17795181274, -7.28629350662, -7.42219257355, -10.4156084061],
        "min": [-10.0594358444, -8.6895570755, -9.20238780975, -9.20104217529, -9.03726863861, -12.8722429276],
        "stdev": [0.872824847698, 0.535275936127, 0.544290840626, 0.554870426655, 0.488030046225, 0.825885891914]
    }
},
"rhythm": {
    "beats_count": 86,
    "beats_loudness": {
        "max": 0.0803270488977,
        "mean": 0.0374361239374,
        "min": 0.00322421360761,
        "stdev": 0.0171784404665
    },
    "bpm": 172.265563965,
    "bpm_histogram_first_peak_bpm": 172,
    "bpm_histogram_first_peak_weight": 0,
    "bpm_histogram_second_peak_bpm": 167,
    "bpm_histogram_second_peak_spread": 0,
    "bpm_histogram_second_peak_weight": 0.20000000298,
    "danceability": 1.07898807526,
    "onset_rate": 2.47526097298,
    "beats_loudness_band_ratio": {
        "max": [0.877878367901, 0.863481104374, 0.842059969902, 0.738691806793, 0.511745512486, 0.223896533251],
        "mean": [0.190121755004, 0.150014445186, 0.331157296896, 0.225137174129, 0.119320571423, 0.0291112586856],
        "min": [0.00107948132791, 0.0067248637788, 0.0159194935113, 0.0078988801688, 0.0142174754292, 0.00383839849383],
        "stdev": [0.191674664617, 0.141243025661, 0.218437552452, 0.189837396145, 0.0966955423355, 0.0305994674563]
    },
