{
"metadata": {
    "version": {
        "essentia": "2.1-beta5",
        "essentia_git_sha": "Undefined",
        "extractor": "music 2.0"
    },
    "audio_properties": {
        "analysis": {
            "equal_loudness": 0,
            "length": 43.4445343018,
            "sample_rate": 44100,
            "start_time": 158.998641968,
            "downmix": "mix"
        },
        "bit_rate": 192000,
        "length": 202.466400146,
        "lossless": 0,
        "number_channels": 2,
        "replay_gain": -8.79800415039,
        "sample_rate": 48000,
        "codec": "mp3",
        "md5_encoded": "c8b9bb56b6c35ba78467da233a4f9f5a"
    },
    "tags": {
        "file_name": "United KingdomUK_Love Enough For Two_Prima Donna.mp3",
        "encoding": ["Lavf58.29.100"]
    }
},
"lowlevel": {
    "average_loudness": 0.824893414974,
    "barkbands_crest": {
        "max": 20.5002574921,
        "mean": 8.12100982666,
        "min": 2.3211274147,
        "stdev": 3.03910017014
    },
    "barkbands_flatness_db": {
        "max": 0.251186549664,
        "mean": 0.132833838463,
        "min": 0.0279905032367,
        "stdev": 0.0400264933705
    },
    "barkbands_kurtosis": {
        "max": 18.2677173615,
        "mean": 1.8821811676,
        "min": -1.74715256691,
        "stdev": 2.30918169022
    },
    "barkbands_skewness": {
        "max": 3.67527198792,
        "mean": 0.204109013081,
        "min": -2.24643969536,
        "stdev": 1.33268940449
    },
    "barkbands_spread": {
        "max": 55.2433776855,
        "mean": 18.7117500305,
        "min": 2.96818971634,
        "stdev": 7.74424886703
    },
    "dissonance": {
        "max": 0.499999940395,
        "mean": 0.466028273106,
        "min": 0.326881676912,
        "stdev": 0.0288869030774
    },
    "dynamic_complexity": 3.65449786186,
    "erbbands_crest": {
        "max": 30.3162479401,
        "mean": 8.7209072113,
        "min": 2.62974882126,
        "stdev": 4.77158308029
    },
    "erbbands_flatness_db": {
        "max": 0.332047790289,
        "mean": 0.183379411697,
        "min": 0.0788010582328,
        "stdev": 0.0557773597538
    },
    "erbbands_kurtosis": {
        "max": 19.7686100006,
        "mean": 0.951407432556,
        "min": -1.52823519707,
        "stdev": 1.81481266022
    },
    "erbbands_skewness": {
        "max": 3.28697252274,
        "mean": 0.199689045548,
        "min": -1.68379163742,
        "stdev": 0.672872960567
    },
    "erbbands_spread": {
        "max": 99.7672042847,
        "mean": 27.7180175781,
        "min": 4.0088558197,
        "stdev": 12.2685756683
    },
    "hfc": {
        "max": 105.675949097,
        "mean": 22.5531463623,
        "min": 1.07011813216e-16,
        "stdev": 18.8056430817
    },
    "loudness_ebu128": {
        "integrated": -13.5983533859,
        "loudness_range": 6.47962284088,
        "momentary": {
            "max": -11.7449188232,
            "mean": -80.0025100708,
            "min": -300.691009521,
            "stdev": 118.448509216
        },
        "short_term": {
            "max": -12.7241754532,
            "mean": -66.7254333496,
            "min": -300.691009521,
            "stdev": 107.546302795
        }
    },
    "melbands_crest": {
        "max": 30.4475250244,
        "mean": 8.85588169098,
        "min": 1.47438013554,
        "stdev": 5.2943687439
    },
    "melbands_flatness_db": {
        "max": 0.299302637577,
        "mean": 0.125830501318,
        "min": 0.00230977428146,
        "stdev": 0.0731895640492
    },
    "melbands_kurtosis": {
        "max": 40.8037872314,
        "mean": 2.79062771797,
        "min": -1.44877493382,
        "stdev": 5.19564008713
    },
    "melbands_skewness": {
        "max": 5.37420368195,
        "mean": 0.988816201687,
        "min": -0.96646296978,
        "stdev": 1.09411323071
    },
    "melbands_spread": {
        "max": 159.763519287,
        "mean": 49.5856285095,
        "min": 3.71139645576,
        "stdev": 46.354057312
    },
    "pitch_salience": {
        "max": 0.858336091042,
        "mean": 0.632414400578,
        "min": 0.269797861576,
        "stdev": 0.124955907464
    },
    "silence_rate_20dB": {
        "max": 1,
        "mean": 1,
        "min": 1,
        "stdev": 0
    },
    "silence_rate_30dB": {
        "max": 1,
        "mean": 1,
        "min": 1,
        "stdev": 0
    },
    "silence_rate_60dB": {
        "max": 1,
        "mean": 0.315705120564,
        "min": 0,
        "stdev": 0.464797258377
    },
    "spectral_centroid": {
        "max": 11878.1728516,
        "mean": 3629.64477539,
        "min": 389.243865967,
        "stdev": 4062.12597656
    },
    "spectral_complexity": {
        "max": 38,
        "mean": 15.584936142,
        "min": 0,
        "stdev": 11.0661087036
    },
    "spectral_decrease": {
        "max": 2.29101307651e-28,
        "mean": -5.86062354202e-09,
        "min": -2.5172891327e-08,
        "stdev": 4.9341206676e-09
    },
    "spectral_energy": {
        "max": 0.0992719382048,
        "mean": 0.0241649802774,
        "min": 9.9507703193e-21,
        "stdev": 0.0201350729913
    },
    "spectral_energyband_high": {
        "max": 0.0131577784196,
        "mean": 0.000670955807436,
        "min": 6.90278020649e-21,
        "stdev": 0.000888881331775
    },
    "spectral_energyband_low": {
        "max": 0.0252359583974,
        "mean": 0.00123372860253,
        "min": 1.00266074877e-23,
        "stdev": 0.00229375157505
    },
    "spectral_energyband_middle_high": {
        "max": 0.0519525371492,
        "mean": 0.0105243530124,
        "min": 1.18065754691e-21,
        "stdev": 0.0109494253993
    },
    "spectral_energyband_middle_low": {
        "max": 0.0878823548555,
        "mean": 0.0123229669407,
        "min": 1.25487448964e-22,
        "stdev": 0.0132736572996
    },
    "spectral_entropy": {
        "max": 9.82184123993,
        "mean": 8.05438995361,
        "min": 6.79588747025,
        "stdev": 0.975248515606
    },
    "spectral_flux": {
        "max": 0.249343261123,
        "mean": 0.0709415823221,
        "min": 6.24833032536e-11,
        "stdev": 0.0542082190514
    },
    "spectral_kurtosis": {
        "max": 12.658285141,
        "mean": 2.73318004608,
        "min": -1.26355433464,
        "stdev": 2.73098492622
    },
    "spectral_rms": {
        "max": 0.00984127353877,
        "mean": 0.00398733699694,
        "min": 3.11577738436e-12,
        "stdev": 0.00277068070136
    },
    "spectral_rolloff": {
        "max": 19745.9472656,
        "mean": 5635.87939453,
        "min": 258.3984375,
        "stdev": 7261.19628906
    },
    "spectral_skewness": {
        "max": 2.56132149696,
        "mean": 1.12583327293,
        "min": -0.102176181972,
        "stdev": 0.681003808975
    },
    "spectral_spread": {
        "max": 42927604,
        "mean": 12255836,
        "min": 2207966.5,
        "stdev": 15392258
    },
    "spectral_strongpeak": {
        "max": 10.3011522293,
        "mean": 1.57903862,
        "min": 0,
        "stdev": 1.77901113033
    },
    "zerocrossingrate": {
        "max": 0.8037109375,
        "mean": 0.16710460186,
        "min": 0.0205078125,
        "stdev": 0.187297493219
    },
    "barkbands": {
        "max": [0.000117706789752, 0.00567250978202, 0.0149270985276, 0.028372425586, 0.065628901124, 0.0311210900545, 0.0341850109398, 0.0205816458911, 0.0381054878235, 0.0375383831561, 0.0376702845097, 0.0190208368003, 0.0323630645871, 0.025903429836, 0.0220938008279, 0.00952570792288, 0.00395522499457, 0.00672050844878, 0.00154212513007, 0.00399288907647, 0.0117850918323, 0.00216434523463, 0.0013167404104, 0.00173317582812, 0.00304165412672, 0.000874983379617, 3.29096951646e-06],
        "mean": [2.30057025874e-06, 0.000191844344954, 0.000642488128506, 0.00127333623823, 0.00366039108485, 0.00289809051901, 0.00135226431303, 0.00119112338871, 0.00163241149858, 0.00201066187583, 0.00220208265819, 0.00133783521596, 0.00222825817764, 0.00118383660447, 0.000642800354399, 0.000346552027622, 0.000192717692698, 0.000310384522891, 0.000107816944364, 0.000300050684018, 0.000216075772187, 0.000127013816382, 3.94919406972e-05, 3.9062142605e-05, 2.92755630653e-05, 6.80707717038e-06, 7.69233032827e-09],
        "min": [7.27535721266e-26, 8.35329447096e-25, 2.20553645371e-26, 8.26627325236e-25, 3.75015086897e-24, 4.2329652974e-24, 2.78727927819e-24, 5.33854241759e-24, 8.88284989411e-24, 1.1640071008e-23, 1.13117250111e-23, 1.33531305842e-23, 1.62829615639e-23, 2.77320454025e-23, 3.19234337859e-23, 3.79067039383e-23, 6.51187069885e-23, 7.26691282152e-23, 8.51905532807e-23, 1.22892184938e-22, 1.73949055016e-22, 2.8056377044e-22, 3.70585270038e-22, 5.03106354294e-22, 7.14957133959e-22, 1.09515461733e-21, 1.97238753293e-21],
        "stdev": [5.52723349756e-06, 0.000450216350146, 0.00129123090301, 0.00247105490416, 0.00630648573861, 0.00412574131042, 0.00296627986245, 0.00225208932534, 0.00339691247791, 0.00384911568835, 0.00366376223974, 0.0024356264621, 0.00329705653712, 0.00253864540718, 0.00127252039965, 0.00056860409677, 0.000275589845842, 0.000521464680787, 0.000128651969135, 0.000388489541365, 0.000466625118861, 0.000186398247024, 6.20751598035e-05, 7.34903878765e-05, 0.000117752832011, 3.39616599376e-05, 9.23835870026e-08]
    },
    "erbbands": {
        "max": [0.0563708357513, 1.85995769501, 14.2655916214, 57.4239387512, 236.645431519, 153.03604126, 256.804595947, 395.021026611, 340.120666504, 470.177154541, 460.017242432, 1146.57971191, 1031.44165039, 1784.96984863, 2043.61132812, 708.416625977, 716.114440918, 1737.45251465, 704.833374023, 591.137084961, 429.207061768, 219.658599854, 474.969207764, 108.843269348, 82.7516784668, 161.002563477, 772.411315918, 136.397827148, 68.747833252, 54.0456695557, 29.9165878296, 22.2163772583, 31.1206455231, 29.3736572266, 24.119184494, 7.50573348999, 1.22949326038, 0.0535861589015, 0.00155231030658, 0.000223829076276],
        "mean": [0.00202071247622, 0.0652555972338, 0.622976183891, 2.47404146194, 10.9405708313, 11.2665977478, 10.4128065109, 31.2681465149, 19.3157806396, 26.7342243195, 20.3499717712, 42.6082763672, 40.064125061, 76.7154769897, 118.824913025, 43.7806739807, 86.6389694214, 80.9548110962, 53.4313812256, 19.2327384949, 16.5615024567, 10.8300676346, 18.5008392334, 8.02205181122, 5.91546010971, 13.4633998871, 12.4078264236, 7.31814193726, 5.31553602219, 1.98554575443, 1.06479871273, 0.803432881832, 0.630443751812, 0.395379990339, 0.169376939535, 0.0472613796592, 0.0109569914639, 0.000494012609124, 2.71826193057e-05, 3.04138557112e-05],
        "min": [6.34623452121e-23, 3.86338986399e-22, 7.33831836495e-22, 4.4368005119e-21, 7.14531133924e-21, 1.76572558495e-20, 3.43311522782e-20, 4.40386175985e-20, 4.2034724097e-20, 1.54698607301e-19, 1.8718992572e-19, 2.31980967484e-19, 2.23766055874e-19, 5.93145005976e-19, 8.22378208712e-19, 6.43769234946e-19, 9.03698231334e-19, 1.34818197573e-18, 2.0046004566e-18, 2.26760852942e-18, 3.32657052629e-18, 3.92496166681e-18, 4.60338335877e-18, 5.6291654869e-18, 5.82716605577e-18, 7.00708171052e-18, 6.9346790051e-18, 7.68661885554e-18, 8.93758808414e-18, 1.1245334312e-17, 1.05744651926e-17, 1.05566493766e-17, 8.99619300336e-18, 6.59310138859e-18, 5.75441055781e-18, 3.1567005089e-18, 2.15966828373e-18, 8.89646810871e-19, 2.34909522894e-19, 2.42702417294e-20],
        "stdev": [0.0042872116901, 0.143898516893, 1.23900413513, 4.64337444305, 20.5312366486, 19.7234230042, 15.5162229538, 48.4748382568, 38.0181922913, 49.0363578796, 39.9729614258, 89.7339096069, 73.3730545044, 154.209121704, 196.324523926, 66.2344818115, 116.370895386, 147.341461182, 88.4304580688, 34.4539642334, 25.0718517303, 14.6390075684, 33.8184280396, 10.0259580612, 6.8411860466, 17.1608963013, 28.7685832977, 10.6188135147, 7.92926549911, 3.06675863266, 1.61731183529, 1.27216494083, 1.33248698711, 1.2558182478, 0.873561620712, 0.250907570124, 0.0581429116428, 0.00296582002193, 7.26827856852e-05, 2.60185497609e-05]
    },
    "gfcc": {
        "mean": [-299.242279053, 72.4752349854, -130.588180542, 15.1533651352, -63.5484390259, 9.61657810211, -33.7335510254, -8.58620929718, -25.9816551208, -3.98479318619, -10.6602926254, -9.19668483734, -2.41266655922],
        "cov": [[289146.0625, 23104.3789062, -36993.59375, 4730.66650391, -18756.3808594, 2710.78808594, -9792.26464844, -2852.21704102, -7842.19238281, -1326.83447266, -3091.50366211, -2928.09667969, -728.586730957], [23104.3789062, 2506.53710938, -2630.66577148, 508.213653564, -1376.2208252, 173.40788269, -669.946899414, -351.991455078, -604.833862305, -226.670806885, -178.397598267, -340.296600342, -22.759355545], [-36993.59375, -2630.66577148, 5639.00976562, -467.452331543, 2489.01464844, -393.61227417, 1237.7911377, 333.726074219, 953.608154297, 174.67225647, 364.868499756, 347.776000977, 36.827091217], [4730.66650391, 508.213653564, -467.452331543, 326.956726074, -271.632080078, 25.6614017487, -166.673599243, -78.4055175781, -85.0534133911, -35.8304634094, -37.2025222778, -75.6480026245, -2.70510053635], [-18756.3808594, -1376.2208252, 2489.01464844, -271.632080078, 1394.69775391, -104.567855835, 682.393310547, 187.214996338, 469.305114746, 48.3007240295, 170.186767578, 186.524612427, 38.5058326721], [2710.78808594, 173.40788269, -393.61227417, 25.6614017487, -104.567855835, 142.832489014, -35.3952293396, -16.7309398651, -122.373703003, -27.3885250092, -45.2588729858, -22.2585697174, -10.589720726], [-9792.26464844, -669.946899414, 1237.7911377, -166.673599243, 682.393310547, -35.3952293396, 466.44644165, 65.635848999, 238.483963013, 6.9741973877, 118.670814514, 74.9203033447, 40.3067131042], [-2852.21704102, -351.991455078, 333.726074219, -78.4055175781, 187.214996338, -16.7309398651, 65.635848999, 130.68927002, 95.2022476196, 44.9559631348, -3.56329464912, 53.4803657532, -7.18604278564], [-7842.19238281, -604.833862305, 953.608154297, -85.0534133911, 469.305114746, -122.373703003, 238.483963013, 95.2022476196, 309.037567139, 57.6732902527, 102.456474304, 72.4582214355, 28.1654090881], [-1326.83447266, -226.670806885, 174.67225647, -35.8304634094, 48.3007240295, -27.3885250092, 6.9741973877, 44.9559631348, 57.6732902527, 99.0764846802, 20.5912590027, 34.1853218079, -12.5864200592], [-3091.50366211, -178.397598267, 364.868499756, -37.2025222778, 170.186767578, -45.2588729858, 118.670814514, -3.56329464912, 102.456474304, 20.5912590027, 103.40070343, 22.3957920074, 26.9380111694], [-2928.09667969, -340.296600342, 347.776000977, -75.6480026245, 186.524612427, -22.2585697174, 74.9203033447, 53.4803657532, 72.4582214355, 34.1853218079, 22.3957920074, 95.435836792, 8.29512405396], [-728.586730957, -22.759355545, 36.827091217, -2.70510053635, 38.5058326721, -10.589720726, 40.3067131042, -7.18604278564, 28.1654090881, -12.5864200592, 26.9380111694, 8.29512405396, 49.596370697]],
        "icov": [[0.000523735710885, -0.00200468325056, 0.00085684156511, -0.000633501971606, 0.00216489005834, -0.00145243189763, 0.00112610589713, -0.000629053101875, 0.00185703276657, -0.00153628492262, 0.00195105385501, -0.00119232491124, 0.000801141839474], [-0.00200468325056, 0.00974509865046, -0.003208136186, 0.00135800521821, -0.0077561554499, 0.00580493267626, -0.0037750788033, 0.00331868045032, -0.00573844322935, 0.00782024580985, -0.00818245392293, 0.00738478638232, -0.00325868162327], [0.00085684156511, -0.003208136186, 0.00273588043638, -0.0014892113395, 0.00159198080655, 8.03357397672e-05, 0.000910773407668, -0.00105158495717, 0.00373563775793, -0.00328429834917, 0.0029321257025, -0.00210097967647, 0.00269490247592], [-0.000633501971606, 0.00135800521821, -0.0014892113395, 0.00618118140846, -0.00255885533988, -0.000486714503495, 0.000871861295309, 0.00267148180865, -0.00516403978691, 0.00151764450129, -0.00115514581557, 0.00226998096332, -0.00211348105222], [0.00216489005834, -0.0077561554499, 0.00159198080655, -0.00255885533988, 0.016000950709, -0.00971810612828, 0.00170917517971, -0.00335153448395, 0.0047279545106, -0.00335230561905, 0.00870275031775, -0.00679606245831, 0.00342361046933], [-0.00145243189763, 0.00580493267626, 8.03357397672e-05, -0.000486714503495, -0.00971810612828, 0.022090582177, -0.00822296738625, -0.0016580754891, 0.00475356122479, 0.00269369897433, -0.00482900300995, 0.00355074857362, -4.17503251811e-05], [0.00112610589713, -0.0037750788033, 0.000910773407668, 0.000871861295309, 0.00170917517971, -0.00822296738625, 0.0141094280407, 0.0007083901437, 0.00160328985658, -0.000836641876958, 0.000545051530935, 0.000843156303745, -0.00182484823745], [-0.000629053101875, 0.00331868045032, -0.00105158495717, 0.00267148180865, -0.00335153448395, -0.0016580754891, 0.0007083901437, 0.0183341186494, -0.00860048085451, -0.0012385310838, 0.00522351823747, -0.000377988209948, -0.00066681636963], [0.00185703276657, -0.00573844322935, 0.00373563775793, -0.00516403978691, 0.0047279545106, 0.00475356122479, 0.00160328985658, -0.00860048085451, 0.0235989317298, -0.00724382745102, 0.000863053952344, -0.00136639550328, 0.000906528555788], [-0.00153628492262, 0.00782024580985, -0.00328429834917, 0.00151764450129, -0.00335230561905, 0.00269369897433, -0.000836641876958, -0.0012385310838, -0.00724382745102, 0.0229586847126, -0.0113138537854, 0.00212629255839, 0.00294945575297], [0.00195105385501, -0.00818245392293, 0.0029321257025, -0.00115514581557, 0.00870275031775, -0.00482900300995, 0.000545051530935, 0.00522351823747, 0.000863053952344, -0.0113138537854, 0.0297533590347, -0.00569766992703, -0.00337608950213], [-0.00119232491124, 0.00738478638232, -0.00210097967647, 0.00226998096332, -0.00679606245831, 0.00355074857362, 0.000843156303745, -0.000377988209948, -0.00136639550328, 0.00212629255839, -0.00569766992703, 0.0255667604506, -0.00701432907954], [0.000801141839474, -0.00325868162327, 0.00269490247592, -0.00211348105222, 0.00342361046933, -4.17503251811e-05, -0.00182484823745, -0.00066681636963, 0.000906528555788, 0.00294945575297, -0.00337608950213, -0.00701432907954, 0.0302801225334]]
    },
    "melbands": {
        "max": [0.0010527796112, 0.00538123445585, 0.012569016777, 0.0162025801837, 0.00776751851663, 0.00756865739822, 0.0054344967939, 0.00530678220093, 0.00337233394384, 0.00650072610006, 0.00536531955004, 0.0072602010332, 0.00531063973904, 0.0028308047913, 0.00218829046935, 0.00327447522432, 0.00295478431508, 0.00172151811421, 0.00213395198807, 0.00068451144034, 0.00041767465882, 0.000148205697769, 0.000499600777403, 0.00036058074329, 7.43796335883e-05, 6.30124050076e-05, 9.36305441428e-05, 0.000132174041937, 0.000557690917049, 0.000200302194571, 9.11153765628e-05, 5.2477374993e-05, 5.58903411729e-05, 3.49693036696e-05, 1.79635753739e-05, 1.41644777614e-05, 1.67789767147e-05, 1.91617000382e-05, 2.61142722593e-05, 2.60469860223e-05],
        "mean": [3.39026373695e-05, 0.000248593452852, 0.000694585964084, 0.000861325068399, 0.000383420119761, 0.000638781522866, 0.000299290928524, 0.000299113948131, 0.000153500121087, 0.00027751000016, 0.000197962261154, 0.000308083428536, 0.000336422381224, 0.000215943626245, 0.000110589164251, 0.000230011341046, 0.000136747461511, 9.27746295929e-05, 3.39643265761e-05, 2.73676323559e-05, 1.63553086168e-05, 1.05055278254e-05, 1.6662372218e-05, 1.29306763483e-05, 5.9126718952e-06, 3.61577758667e-06, 5.18372416991e-06, 1.02796002466e-05, 9.36070409807e-06, 5.07728509547e-06, 3.833944902e-06, 3.35692266162e-06, 1.7671520709e-06, 8.67060180099e-07, 6.50485219467e-07, 4.50628732551e-07, 5.12605140557e-07, 4.49848982953e-07, 3.96551030235e-07, 3.1419861557e-07],
        "min": [9.10063466851e-25, 5.0133486103e-25, 1.20714522971e-24, 8.18463453031e-25, 1.12319001761e-24, 1.03970762903e-24, 4.34741244867e-25, 1.7186056628e-24, 1.55840891776e-24, 1.24189800385e-24, 8.39845774386e-25, 1.54108198241e-24, 2.20216595921e-24, 1.38528501046e-24, 1.58148487418e-24, 1.70554252064e-24, 1.74391508165e-24, 2.62354035047e-24, 1.67245690541e-24, 2.48517888086e-24, 3.76920264869e-24, 3.12040557492e-24, 3.61369134301e-24, 3.19672451484e-24, 3.72956948796e-24, 2.78301607664e-24, 4.14224116571e-24, 3.86579314451e-24, 4.41930607613e-24, 4.21105310804e-24, 4.31846480333e-24, 4.23750440305e-24, 4.13033094376e-24, 4.61383759764e-24, 4.87408793787e-24, 4.70380323957e-24, 5.2977519979e-24, 4.92908219258e-24, 5.59735663654e-24, 4.77960054522e-24],
        "stdev": [7.77678869781e-05, 0.000476684741443, 0.00118811521679, 0.00148240465205, 0.000568111601751, 0.000959481054451, 0.000609503767919, 0.000540754350368, 0.0003207216796, 0.000583511136938, 0.0003842030128, 0.000644251005724, 0.000538950611372, 0.00036648492096, 0.000215269232285, 0.000339028716553, 0.000267318828264, 0.000170503233676, 8.59401188791e-05, 4.63570395368e-05, 2.50233551924e-05, 1.57670892804e-05, 2.99003804685e-05, 2.27454092965e-05, 8.07508786238e-06, 4.67114568892e-06, 7.58329042583e-06, 1.41498658195e-05, 2.06331096706e-05, 9.41338385019e-06, 6.07413039688e-06, 5.3482876865e-06, 2.95591485155e-06, 1.47058290167e-06, 1.00491627109e-06, 7.15326962109e-07, 8.5587561216e-07, 8.88078204753e-07, 1.07209496036e-06, 1.13594921913e-06]
    },
    "melbands128": {
        "max": [7.22492768546e-05, 0.000191145867575, 0.00118756771553, 0.00365196960047, 0.00821627583355, 0.00898263882846, 0.0128950560465, 0.0188979078084, 0.0303616728634, 0.0215281229466, 0.0124781215563, 0.0117060877383, 0.012334536761, 0.00680392980576, 0.0140045108274, 0.00933102238923, 0.0088669648394, 0.0100773442537, 0.0128118088469, 0.00714912172407, 0.00817184336483, 0.00783068314195, 0.00634452002123, 0.00906452443451, 0.014741981402, 0.0123567832634, 0.00653369072825, 0.0092399828136, 0.00934522878379, 0.00718389730901, 0.0135282808915, 0.00652149552479, 0.00580657366663, 0.0154191404581, 0.00621437653899, 0.00301738129929, 0.00431244214997, 0.00358656118624, 0.00458228588104, 0.00333902356215, 0.005127530545, 0.00926667451859, 0.00554114440456, 0.0030561410822, 0.00533123267815, 0.00204593222588, 0.00252412469126, 0.00532741285861, 0.00131834030617, 0.00135286094155, 0.000667176034767, 0.00193925213534, 0.000347540917573, 0.000766124867368, 0.000423659890657, 0.000256039318629, 0.000216902466491, 0.000636244541965, 0.000641257909592, 0.0012275002664, 0.000314638920827, 0.000134300105856, 0.000176322544576, 0.000121778211906, 7.75512380642e-05, 9.06641726033e-05, 0.000138052957482, 0.000118879033835, 0.000171633902937, 0.000265973008936, 0.000172765096067, 0.000310730712954, 0.000472821528092, 0.00116429605987, 0.00102044001687, 8.8921871793e-05, 0.000147323589772, 9.49451641645e-05, 0.00011764071678, 0.000103825994302, 6.10382776358e-05, 8.39989443193e-05, 8.46957991598e-05, 9.87131570582e-05, 3.34657270287e-05, 3.18674756272e-05, 4.90062193421e-05, 2.19014109462e-05, 1.74510350917e-05, 1.44224122778e-05, 1.30495054691e-05, 1.63406311913e-05, 1.48751814777e-05, 1.60640429385e-05, 2.64781247097e-05, 1.58834936883e-05, 1.77240781341e-05, 1.98860798264e-05, 4.45880905318e-05, 1.65808723978e-05, 1.51418553287e-05, 2.90943680739e-05, 3.54699332092e-05, 3.27879715769e-05, 2.59752996499e-05, 2.62536323135e-05, 3.14512253681e-05, 1.62160304171e-05, 1.27585726659e-05, 6.37651237412e-06, 4.02317982662e-06, 7.85104839451e-06, 3.83128644899e-06, 2.40059989665e-06, 1.3002728565e-06, 1.72794827336e-07, 6.35242116687e-08, 1.53520005597e-08, 1.48541809963e-08, 1.44529117563e-08, 1.41109186558e-08, 1.37987887783e-08, 1.35277495872e-08, 1.32947048925e-08, 1.31293633743e-08, 1.29768604751e-08, 1.28623263151e-08, 1.27966828245e-08],
        "mean": [1.52373263518e-06, 6.8091248977e-06, 2.98191462207e-05, 0.000116765280836, 0.000270020274911, 0.000320733350236, 0.000377366493922, 0.000774711428676, 0.00124788901303, 0.000989846070297, 0.000570553063881, 0.000325993489241, 0.000256922416156, 0.000480334885651, 0.00096261309227, 0.000546455383301, 0.000241265559453, 0.000289600808173, 0.000329097325448, 0.000278576044366, 0.000346205197275, 0.000171462248545, 0.000120313772641, 0.00011382412049, 0.000293825753033, 0.000397603493184, 0.000133568653837, 0.000165328121511, 0.000208947967621, 0.000412409135606, 0.000335059623467, 0.000126171711599, 0.000225889147259, 0.000681635632645, 0.000301701395074, 6.2699065893e-05, 6.39421195956e-05, 6.51590235066e-05, 0.000194406849914, 0.000175084875082, 0.000279251515167, 0.000254466896877, 9.71970730461e-05, 0.000114498339826, 9.56266667345e-05, 9.8246622656e-05, 8.10486308183e-05, 2.95476111205e-05, 1.49195248014e-05, 1.88174453797e-05, 3.08699818561e-05, 3.91021530959e-05, 1.139034066e-05, 1.04263126559e-05, 1.59889732458e-05, 9.67971573118e-06, 5.7826568991e-06, 1.32683262564e-05, 1.98199486476e-05, 2.64181508101e-05, 9.01045495993e-06, 7.30366355128e-06, 8.79477374838e-06, 4.88791465614e-06, 2.38189295487e-06, 3.65246228284e-06, 4.55081453765e-06, 3.31425735567e-06, 5.03772798766e-06, 8.22197944217e-06, 7.86791315477e-06, 1.34137617351e-05, 1.37801853271e-05, 7.86206419434e-06, 5.77984610572e-06, 4.35878882854e-06, 5.79811467105e-06, 3.8644830056e-06, 3.66849394595e-06, 3.60702324542e-06, 3.39767098012e-06, 3.53038990397e-06, 2.44143416239e-06, 1.74215119841e-06, 1.01318596535e-06, 8.30813803532e-07, 8.91331410457e-07, 7.9968611999e-07, 6.37985749563e-07, 5.41753365724e-07, 4.61429976895e-07, 4.01789208127e-07, 4.7397287517e-07, 5.284581448e-07, 5.47728234324e-07, 4.4732936999e-07, 4.59922176788e-07, 3.86346272307e-07, 4.28323062351e-07, 3.88495863035e-07, 3.37795285077e-07, 2.87510744101e-07, 3.06110820247e-07, 2.24613231126e-07, 1.84463743835e-07, 1.61453428404e-07, 1.21948943388e-07, 8.46006713573e-08, 7.49091952912e-08, 5.96290092858e-08, 5.67407028029e-08, 5.37720197258e-08, 3.21195976483e-08, 1.42479263943e-08, 7.60728902094e-09, 1.12530995633e-09, 2.27035917844e-10, 1.21465927594e-11, 1.15773493223e-11, 1.12677219985e-11, 1.09977122895e-11, 1.07543331879e-11, 1.05455635543e-11, 1.03610011196e-11, 1.02031048541e-11, 1.0039440633e-11, 9.92862736471e-12, 9.87363055899e-12],
        "min": [9.23734010338e-27, 6.91667941539e-26, 1.63156896279e-25, 2.60684805372e-25, 3.44362732855e-25, 1.2889303101e-26, 3.164764259e-25, 3.02644464832e-25, 1.8360801664e-25, 3.09298038181e-25, 2.47290588151e-25, 1.01091896381e-25, 1.3489044465e-25, 3.72931379841e-25, 3.12640170666e-25, 1.67822170369e-25, 1.72780925367e-25, 1.6570273531e-25, 3.45909886305e-25, 2.31819275514e-25, 4.52121872065e-25, 5.31573575857e-25, 2.31651371401e-25, 3.11965620636e-25, 4.21571014839e-25, 3.12785518288e-25, 1.18760864565e-25, 3.32129127241e-25, 5.20628229404e-25, 2.00939105838e-25, 1.76763884078e-25, 5.51049417619e-25, 7.5601470928e-25, 1.18618460381e-24, 6.68276662629e-25, 5.28355417794e-25, 5.89616038414e-25, 7.56012046874e-25, 2.82953683125e-25, 9.11323277717e-25, 6.21306750344e-25, 1.11476163049e-24, 5.03873316815e-25, 7.46261578174e-25, 5.61629718687e-25, 7.5582858741e-25, 9.42062919218e-25, 1.01506785448e-24, 1.22223051819e-24, 8.4817762466e-25, 1.61158977847e-24, 1.17608649397e-24, 1.08322198542e-24, 1.16478497682e-24, 2.02817992555e-24, 8.9038907866e-25, 1.19450550864e-24, 1.8305262898e-24, 1.5319790206e-24, 1.51913015278e-24, 1.4509121241e-24, 2.47159193506e-24, 8.71142253079e-25, 1.86431556895e-24, 1.4392887517e-24, 1.06352205786e-24, 1.95874557197e-24, 1.34823142488e-24, 9.10928452834e-25, 1.98627326769e-24, 1.69975523982e-24, 1.71399634853e-24, 1.5807002534e-24, 2.42847910887e-24, 1.61441330887e-24, 1.9888094555e-24, 2.29927611715e-24, 2.70082978652e-24, 2.54855793814e-24, 3.06623134111e-24, 2.34813678112e-24, 2.20506778405e-24, 2.87573859023e-24, 2.58581307768e-24, 2.59300512255e-24, 2.36634822676e-24, 3.16292162784e-24, 3.22113068796e-24, 2.55563934527e-24, 2.15643884798e-24, 3.42780534259e-24, 2.95207271572e-24, 2.32169081091e-24, 2.8729781687e-24, 4.27919017987e-24, 2.97694924715e-24, 3.35670373148e-24, 1.9501742038e-24, 3.61536451699e-24, 4.00631175427e-24, 2.97391272431e-24, 4.2042306445e-24, 3.24412598334e-24, 4.13129808723e-24, 3.33780972394e-24, 4.10583286835e-24, 4.13910465475e-24, 3.21412678641e-24, 3.96609601975e-24, 3.94733059654e-24, 4.03415341663e-24, 4.27979641947e-24, 4.84804606166e-24, 4.22864115635e-24, 4.42213650906e-24, 4.01333498291e-24, 3.91951693874e-24, 4.94732420658e-24, 4.36532984641e-24, 4.03757391751e-24, 4.62613160041e-24, 5.13419352212e-24, 4.85156004256e-24, 4.97094112436e-24, 4.63098230612e-24, 5.76411078785e-24, 5.40818424159e-24, 5.44921920816e-24],
        "stdev": [3.77852256861e-06, 1.63041422638e-05, 8.04525407148e-05, 0.000282667722786, 0.000606680754572, 0.00065005000215, 0.000901429913938, 0.00149195676204, 0.00260260258801, 0.00191485730466, 0.00116783007979, 0.000810350175016, 0.000590097915847, 0.000721220625564, 0.00162586104125, 0.00106982886791, 0.000671553774737, 0.000844595546369, 0.000864601170179, 0.000589536386542, 0.000756165129133, 0.000443074211944, 0.000392344780266, 0.000437143287854, 0.00080324098235, 0.000954741262831, 0.000368983804947, 0.00051168887876, 0.000620570906904, 0.000925181549974, 0.000996838556603, 0.000378151162295, 0.000505011936184, 0.00134765100665, 0.000650472007692, 0.000167353719007, 0.00021825452859, 0.000223159760935, 0.000462331227027, 0.000293632940156, 0.000512759317644, 0.00074149959255, 0.00031984623638, 0.000329513568431, 0.000351278722519, 0.000214526982745, 0.000185968980077, 0.000172175263287, 4.98676927236e-05, 6.62108432152e-05, 5.53608733753e-05, 8.72175151017e-05, 2.02517385333e-05, 2.65623402811e-05, 3.12441734422e-05, 2.14232368307e-05, 1.26501081468e-05, 3.04410368699e-05, 4.91132741445e-05, 6.89700245857e-05, 1.95898301172e-05, 1.25887554532e-05, 1.54474237206e-05, 8.11356130725e-06, 4.30022737419e-06, 6.32136834611e-06, 6.850486443e-06, 6.29760143056e-06, 9.72930320131e-06, 1.82365529326e-05, 1.56259866344e-05, 2.73002951872e-05, 2.79411597148e-05, 3.29826289089e-05, 3.10455106955e-05, 8.63897912495e-06, 1.18708358059e-05, 7.30146030037e-06, 7.68127756601e-06, 7.26279631635e-06, 6.87004194333e-06, 6.57252803649e-06, 5.39158872925e-06, 4.00300450565e-06, 1.83799045317e-06, 1.44952070968e-06, 1.91868252841e-06, 1.32880779802e-06, 9.93851358544e-07, 9.82417873274e-07, 7.97496284122e-07, 6.8695965183e-07, 8.36294020701e-07, 9.09706159291e-07, 1.09517316105e-06, 8.41939481688e-07, 9.26868892748e-07, 9.63550178312e-07, 1.52706604695e-06, 1.03993818357e-06, 9.93683329398e-07, 1.12479926884e-06, 1.59457306381e-06, 1.14047929856e-06, 1.06507548026e-06, 9.39191465932e-07, 9.06398383904e-07, 4.9026925808e-07, 4.15513937924e-07, 2.77731345477e-07, 2.61892438402e-07, 3.17080406376e-07, 1.82789619885e-07, 1.10861805069e-07, 6.43813962142e-08, 8.22218826357e-09, 2.04702677031e-09, 3.54716422901e-10, 3.43213207854e-10, 3.33942928865e-10, 3.26039945042e-10, 3.18829435075e-10, 3.12563447347e-10, 3.07181113879e-10, 3.03362640564e-10, 2.99840929863e-10, 2.97188634812e-10, 2.95672875072e-10]
    },
    "mfcc": {
        "mean": [-775.387878418, 87.4139709473, -22.3336467743, 0.773997604847, -14.6232433319, 4.39500999451, -3.17985343933, -9.14270401001, -6.75966358185, -8.0001411438, -8.0224647522, -2.0156583786, -7.8057103157],
        "cov": [[79112.4140625, 14206.6757812, -2615.22119141, 353.656036377, -2341.15258789, 798.358764648, -348.93939209, -1527.65673828, -1148.76220703, -1342.70288086, -1262.24072266, -365.21270752, -1370.03015137], [14206.6757812, 2938.93066406, -418.199310303, 110.633033752, -365.485229492, 183.636993408, 4.47096300125, -241.268371582, -218.202316284, -225.435150146, -250.195144653, -96.297958374, -284.566131592], [-2615.22119141, -418.199310303, 664.573730469, 175.545501709, 156.000366211, -39.451084137, 0.223658695817, -14.0200929642, 23.0259189606, 20.2577419281, 52.3202095032, 49.8910140991, 62.0536727905], [353.656036377, 110.633033752, 175.545501709, 221.936050415, 60.7426719666, 28.2706947327, -33.9021148682, -21.2493743896, 3.87686705589, -10.6453323364, -8.56180953979, 26.8802394867, 7.236951828], [-2341.15258789, -365.485229492, 156.000366211, 60.7426719666, 209.840713501, -4.45628404617, 15.5632591248, 69.7931442261, 48.7738456726, 50.0021896362, 35.0205497742, -7.72901248932, 47.3228683472], [798.358764648, 183.636993408, -39.451084137, 28.2706947327, -4.45628404617, 132.01612854, 79.1561126709, 20.9595737457, -12.4508543015, -21.1532649994, -15.450091362, -25.1509304047, -51.1692581177], [-348.93939209, 4.47096300125, 0.223658695817, -33.9021148682, 15.5632591248, 79.1561126709, 160.599746704, 50.5978622437, 4.07748651505, 6.21680784225, -1.67394268513, -36.4828987122, -33.3976364136], [-1527.65673828, -241.268371582, -14.0200929642, -21.2493743896, 69.7931442261, 20.9595737457, 50.5978622437, 120.711540222, 41.1720046997, 31.2465076447, 12.4554300308, -30.2181606293, 0.982239663601], [-1148.76220703, -218.202316284, 23.0259189606, 3.87686705589, 48.7738456726, -12.4508543015, 4.07748651505, 41.1720046997, 72.3722610474, 38.0635032654, 24.8560218811, 3.32593536377, 21.900144577], [-1342.70288086, -225.435150146, 20.2577419281, -10.6453323364, 50.0021896362, -21.1532649994, 6.21680784225, 31.2465076447, 38.0635032654, 75.4907226562, 34.1771965027, 3.82071614265, 21.1065330505], [-1262.24072266, -250.195144653, 52.3202095032, -8.56180953979, 35.0205497742, -15.450091362, -1.67394268513, 12.4554300308, 24.8560218811, 34.1771965027, 76.446685791, 27.4605865479, 22.5295906067], [-365.21270752, -96.297958374, 49.8910140991, 26.8802394867, -7.72901248932, -25.1509304047, -36.4828987122, -30.2181606293, 3.32593536377, 3.82071614265, 27.4605865479, 78.0494842529, 36.411945343], [-1370.03015137, -284.566131592, 62.0536727905, 7.236951828, 47.3228683472, -51.1692581177, -33.3976364136, 0.982239663601, 21.900144577, 21.1065330505, 22.5295906067, 36.411945343, 97.4190368652]],
        "icov": [[0.000154090710566, -0.000607111607678, 0.000129333522636, -1.22002657008e-05, 0.000318558391882, -0.000174695727765, 0.000288549170364, 0.000458151713246, -0.000240251451032, 0.000519325840287, -2.16512898987e-06, 0.000144172139699, 4.80445633002e-05], [-0.000607111607678, 0.00334172206931, -5.44557005924e-05, -0.000785634038039, -0.000946776242927, 0.000567017472349, -0.00135022564791, -0.00045573170064, 0.00153168209363, -0.00158715120051, 0.00134199659806, -0.000241754503804, 0.00139540608507], [0.000129333522636, -5.44557005924e-05, 0.00300261820666, -0.00247838022187, -0.00114701711573, 0.00173718691804, -0.0015915153781, 0.00197328394279, 0.000375931587769, 0.00153517129365, -0.000794682768174, -0.000186502351426, 0.000671802088618], [-1.22002657008e-05, -0.000785634038039, -0.00247838022187, 0.00928311236203, -0.00269038067199, -0.0045739938505, 0.00375365954824, 9.51303663896e-05, -0.00194105517585, -0.000278074672678, 0.00230960268527, -0.00319740478881, -0.000229543744354], [0.000318558391882, -0.000946776242927, -0.00114701711573, -0.00269038067199, 0.0111091705039, -0.00125508126803, 0.00093035394093, -0.00299704144709, -0.00093941797968, -0.00177549780346, -0.0015584777575, 0.00437231594697, -0.00373959424905], [-0.000174695727765, 0.000567017472349, 0.00173718691804, -0.0045739938505, -0.00125508126803, 0.0166255682707, -0.00828293897212, -0.00168409803882, 0.00128218578175, 0.00318400235847, -0.00164215895347, -0.000735896464903, 0.00462910952047], [0.000288549170364, -0.00135022564791, -0.0015915153781, 0.00375365954824, 0.00093035394093, -0.00828293897212, 0.0128727890551, -0.00221517425962, -0.000313505501254, -0.00109136360697, 0.000285578222247, 0.0019628603477, -1.10884584501e-05], [0.000458151713246, -0.00045573170064, 0.00197328394279, 9.51303663896e-05, -0.00299704144709, -0.00168409803882, -0.00221517425962, 0.0188390128314, -0.00590869318694, 0.00146116351243, 0.00168959889561, 0.00409826729447, 0.00255900411867], [-0.000240251451032, 0.00153168209363, 0.000375931587769, -0.00194105517585, -0.00093941797968, 0.00128218578175, -0.000313505501254, -0.00590869318694, 0.0236912071705, -0.00750178005546, -0.00164511729963, -0.000491962593514, -0.00105417566374], [0.000519325840287, -0.00158715120051, 0.00153517129365, -0.000278074672678, -0.00177549780346, 0.00318400235847, -0.00109136360697, 0.00146116351243, -0.00750178005546, 0.0249755959958, -0.00597676960751, 0.00119404052384, 0.00106725702062], [-2.16512898987e-06, 0.00134199659806, -0.000794682768174, 0.00230960268527, -0.0015584777575, -0.00164215895347, 0.000285578222247, 0.00168959889561, -0.00164511729963, -0.00597676960751, 0.023427022621, -0.00802509579808, 0.00344599946402], [0.000144172139699, -0.000241754503804, -0.000186502351426, -0.00319740478881, 0.00437231594697, -0.000735896464903, 0.0019628603477, 0.00409826729447, -0.000491962593514, 0.00119404052384, -0.00802509579808, 0.0232456997037, -0.0071818176657], [4.80445633002e-05, 0.00139540608507, 0.000671802088618, -0.000229543744354, -0.00373959424905, 0.00462910952047, -1.10884584501e-05, 0.00255900411867, -0.00105417566374, 0.00106725702062, 0.00344599946402, -0.0071818176657, 0.0207173191011]]
    },
    "spectral_contrast_coeffs": {
        "max": [-0.384860545397, -0.493197292089, -0.514264881611, -0.577201664448, -0.642415046692, -0.588942468166],
        "mean": [-0.721379518509, -0.788194715977, -0.762876152992, -0.789968788624, -0.8219602108, -0.790271341801],
        "min": [-0.985565841198, -0.982144355774, -0.981325626373, -0.977643311024, -0.969230592251, -0.967022120953],
        "stdev": [0.150654613972, 0.121634483337, 0.130587697029, 0.109479412436, 0.0828447788954, 0.099656522274]
    },
    "spectral_contrast_valleys": {
        "max": [-5.09248638153, -4.38790512085, -5.47091817856, -6.07080888748, -6.21602201462, -7.92298698425],
        "mean": [-12.0352363586, -11.3647146225, -11.7572727203, -11.8974275589, -12.0117359161, -14.1973466873],
        "min": [-28.3641719818, -28.0174388885, -27.968875885, -27.7376728058, -27.5698776245, -27.5193920135],
        "stdev": [8.38825893402, 8.71896934509, 8.51362705231, 8.39052963257, 8.34300613403, 7.16497755051]
    }
},
"rhythm": {
    "beats_count": 87,
    "beats_loudness": {
        "max": 0.0828091129661,
        "mean": 0.0327049791813,
        "min": 0,
        "stdev": 0.0220425855368
    },
    "bpm": 138.107849121,
    "bpm_histogram_first_peak_bpm": 140,
    "bpm_histogram_first_peak_weight": 0.510204076767,
    "bpm_histogram_second_peak_bpm": 99,
    "bpm_histogram_second_peak_spread": 0.16666674614,
    "bpm_histogram_second_peak_weight": 0.116279065609,
    "danceability": 0.871625900269,
    "onset_rate": 2.00201821327,
    "beats_loudness_band_ratio": {
        "max": [0.56283557415, 0.579615354538, 0.635022819042, 0.774142205715, 0.53918248415, 0.568432211876],
        "mean": [0.135545581579, 0.223925992846, 0.150217264891, 0.24166636169, 0.0837596952915, 0.0397526584566],
        "min": [0, 0, 0, 0, 0, 0],
        "stdev": [0.134204283357, 0.175847426057, 0.13513815403, 0.191359966993, 0.104164868593, 0.0669840499759]
    },
