{
"metadata": {
    "version": {
        "essentia": "2.1-beta5",
        "essentia_git_sha": "Undefined",
        "extractor": "music 2.0"
    },
    "audio_properties": {
        "analysis": {
            "equal_loudness": 0,
            "length": 48.7502937317,
            "sample_rate": 44100,
            "start_time": 93.9943771362,
            "downmix": "mix"
        },
        "bit_rate": 192000,
        "length": 214.029937744,
        "lossless": 0,
        "number_channels": 2,
        "replay_gain": -9.11098098755,
        "sample_rate": 48000,
        "codec": "mp3",
        "md5_encoded": "745959ef30290771b6481e939bd53823"
    },
    "tags": {
        "file_name": "Greece_Otostop_Anna Vissi and the Epikouri.mp3",
        "encoding": ["Lavf58.29.100"]
    }
},
"lowlevel": {
    "average_loudness": 0.962116003036,
    "barkbands_crest": {
        "max": 25.9237308502,
        "mean": 10.8707170486,
        "min": 3.06752729416,
        "stdev": 4.40556335449
    },
    "barkbands_flatness_db": {
        "max": 0.422186046839,
        "mean": 0.176761195064,
        "min": 0.0575008429587,
        "stdev": 0.0506094135344
    },
    "barkbands_kurtosis": {
        "max": 416.554077148,
        "mean": 5.85466098785,
        "min": -1.89970684052,
        "stdev": 13.8952579498
    },
    "barkbands_skewness": {
        "max": 12.8046064377,
        "mean": 1.6774314642,
        "min": -2.21656823158,
        "stdev": 1.31610989571
    },
    "barkbands_spread": {
        "max": 81.7925872803,
        "mean": 15.0561904907,
        "min": 0.180331230164,
        "stdev": 11.7435464859
    },
    "dissonance": {
        "max": 0.499440610409,
        "mean": 0.444361448288,
        "min": 0.243513539433,
        "stdev": 0.0398083515465
    },
    "dynamic_complexity": 2.25584626198,
    "erbbands_crest": {
        "max": 29.2463665009,
        "mean": 10.3355121613,
        "min": 3.22946691513,
        "stdev": 4.50792694092
    },
    "erbbands_flatness_db": {
        "max": 0.374361157417,
        "mean": 0.207161217928,
        "min": 0.0813251435757,
        "stdev": 0.0503816083074
    },
    "erbbands_kurtosis": {
        "max": 98.6600723267,
        "mean": 1.25788414478,
        "min": -1.81311297417,
        "stdev": 3.86076211929
    },
    "erbbands_skewness": {
        "max": 8.09734249115,
        "mean": 0.69808703661,
        "min": -2.75263595581,
        "stdev": 0.829535543919
    },
    "erbbands_spread": {
        "max": 140.049331665,
        "mean": 30.7024250031,
        "min": 1.67574822903,
        "stdev": 19.0167541504
    },
    "hfc": {
        "max": 106.063903809,
        "mean": 21.9475765228,
        "min": 0.0968969091773,
        "stdev": 13.451171875
    },
    "loudness_ebu128": {
        "integrated": -14.3735170364,
        "loudness_range": 2.81698989868,
        "momentary": {
            "max": -11.7130756378,
            "mean": -14.7402601242,
            "min": -25.378484726,
            "stdev": 1.91777729988
        },
        "short_term": {
            "max": -12.460770607,
            "mean": -14.4681978226,
            "min": -18.2044010162,
            "stdev": 1.12182617188
        }
    },
    "melbands_crest": {
        "max": 28.6857242584,
        "mean": 12.9764308929,
        "min": 3.43818211555,
        "stdev": 4.70841026306
    },
    "melbands_flatness_db": {
        "max": 0.517950892448,
        "mean": 0.209941357374,
        "min": 0.0366359576583,
        "stdev": 0.0605137832463
    },
    "melbands_kurtosis": {
        "max": 166.361755371,
        "mean": 11.5340595245,
        "min": -1.80965697765,
        "stdev": 17.4127254486
    },
    "melbands_skewness": {
        "max": 10.8853607178,
        "mean": 2.2606306076,
        "min": -0.853190004826,
        "stdev": 1.56795954704
    },
    "melbands_spread": {
        "max": 210.058044434,
        "mean": 18.8558998108,
        "min": 0.450785011053,
        "stdev": 17.4266300201
    },
    "pitch_salience": {
        "max": 0.896825671196,
        "mean": 0.550446808338,
        "min": 0.129822507501,
        "stdev": 0.102160133421
    },
    "silence_rate_20dB": {
        "max": 1,
        "mean": 1,
        "min": 1,
        "stdev": 0
    },
    "silence_rate_30dB": {
        "max": 1,
        "mean": 1,
        "min": 1,
        "stdev": 0
    },
    "silence_rate_60dB": {
        "max": 1,
        "mean": 0.0314136110246,
        "min": 0,
        "stdev": 0.174433767796
    },
    "spectral_centroid": {
        "max": 4718.24121094,
        "mean": 1025.16723633,
        "min": 246.918563843,
        "stdev": 499.064666748
    },
    "spectral_complexity": {
        "max": 38,
        "mean": 17.9133739471,
        "min": 0,
        "stdev": 7.17384910583
    },
    "spectral_decrease": {
        "max": -7.02571958944e-11,
        "mean": -7.26178184252e-09,
        "min": -2.67350550587e-08,
        "stdev": 4.03472100174e-09
    },
    "spectral_energy": {
        "max": 0.104841150343,
        "mean": 0.0293983798474,
        "min": 0.000273956306046,
        "stdev": 0.0159669946879
    },
    "spectral_energyband_high": {
        "max": 0.0129721648991,
        "mean": 0.000544853217434,
        "min": 1.78830123332e-06,
        "stdev": 0.00113162677735
    },
    "spectral_energyband_low": {
        "max": 0.0201530139893,
        "mean": 0.00122600863688,
        "min": 2.66224651568e-06,
        "stdev": 0.00188202748541
    },
    "spectral_energyband_middle_high": {
        "max": 0.0466784350574,
        "mean": 0.00708153471351,
        "min": 9.55478844844e-06,
        "stdev": 0.00689038261771
    },
    "spectral_energyband_middle_low": {
        "max": 0.0893834456801,
        "mean": 0.0210373103619,
        "min": 0.00015815263032,
        "stdev": 0.0143825933337
    },
    "spectral_entropy": {
        "max": 8.58852577209,
        "mean": 7.29468774796,
        "min": 4.74507236481,
        "stdev": 0.47746488452
    },
    "spectral_flux": {
        "max": 0.235042482615,
        "mean": 0.0881019458175,
        "min": 0.0113199781626,
        "stdev": 0.0409542731941
    },
    "spectral_kurtosis": {
        "max": 37.1870307922,
        "mean": 6.0050778389,
        "min": -1.14264929295,
        "stdev": 4.2746295929
    },
    "spectral_rms": {
        "max": 0.0101135578007,
        "mean": 0.00511032249779,
        "min": 0.000516985950526,
        "stdev": 0.00160185282584
    },
    "spectral_rolloff": {
        "max": 9560.7421875,
        "mean": 1366.06201172,
        "min": 193.798828125,
        "stdev": 1400.77368164
    },
    "spectral_skewness": {
        "max": 4.95878982544,
        "mean": 1.79685783386,
        "min": 0.00917295832187,
        "stdev": 0.584513366222
    },
    "spectral_spread": {
        "max": 25618458,
        "mean": 4095188.5,
        "min": 1657972.625,
        "stdev": 1759838
    },
    "spectral_strongpeak": {
        "max": 8.43109798431,
        "mean": 1.60697424412,
        "min": 0.00456228898838,
        "stdev": 1.26578855515
    },
    "zerocrossingrate": {
        "max": 0.33203125,
        "mean": 0.0530258081853,
        "min": 0.0068359375,
        "stdev": 0.0356976538897
    },
    "barkbands": {
        "max": [5.06453980051e-05, 0.00549597851932, 0.0163716580719, 0.0193334594369, 0.0714270994067, 0.0582652390003, 0.0538837760687, 0.0502639375627, 0.0411648005247, 0.0359172299504, 0.032678373158, 0.0230999998748, 0.0100715858862, 0.0113467471674, 0.0111739169806, 0.00593824218959, 0.00929868314415, 0.00341199920513, 0.00388728012331, 0.00207734759897, 0.00208156602457, 0.0032258501742, 0.00315587641671, 0.00621592439711, 0.00232471129857, 0.000216276181163, 9.60396664595e-06],
        "mean": [2.19011121771e-06, 0.000240756940912, 0.000602522224654, 0.00197118730284, 0.00676074298099, 0.00416818447411, 0.00328580313362, 0.00155909138266, 0.00294511183165, 0.00156310095917, 0.00166255235672, 0.000857579114381, 0.000666781328619, 0.000714475172572, 0.000545540766325, 0.000396747665945, 0.000395560491597, 0.00026325735962, 0.000180151313543, 0.000162813652423, 9.20909660636e-05, 8.80621155375e-05, 8.159695426e-05, 0.000123126199469, 5.83326109336e-05, 1.10189375846e-05, 1.9673707996e-08],
        "min": [2.82253820316e-09, 2.2130464572e-07, 2.1721869814e-07, 2.88289811579e-07, 3.53960931534e-05, 1.7102507627e-05, 3.47312470694e-06, 4.45975456387e-06, 1.09194809284e-06, 6.09440689914e-07, 1.37932352118e-06, 1.29899740386e-06, 7.56899510179e-07, 5.66645951494e-07, 1.28592989768e-06, 2.86972777985e-07, 1.01140688002e-06, 5.89391959238e-07, 2.33223815371e-07, 6.10085749031e-07, 3.32117537027e-07, 2.4506928753e-07, 7.09066227955e-08, 4.1474631729e-08, 4.1429689901e-08, 8.14507017388e-10, 1.91814272799e-11],
        "stdev": [3.72742783838e-06, 0.000480500777485, 0.00116626603995, 0.00253286631778, 0.00842642039061, 0.00690205628052, 0.00518536753953, 0.00357097503729, 0.00537027511746, 0.00339897605591, 0.00292789516971, 0.00148327939678, 0.00113604264334, 0.00106716854498, 0.000924696680158, 0.000611005234532, 0.000788135104813, 0.000380594981834, 0.000277166865999, 0.000196635184693, 0.00015653342416, 0.000242783266003, 0.000260090135271, 0.000459452770883, 0.000169230246684, 2.26944339374e-05, 2.22190109866e-07]
    },
    "erbbands": {
        "max": [0.066920183599, 1.51377606392, 16.4677295685, 29.7939510345, 202.901626587, 356.107727051, 331.161224365, 525.101623535, 519.877258301, 1170.59777832, 835.459350586, 608.816467285, 1427.9017334, 1336.5657959, 616.853637695, 805.805847168, 480.692749023, 434.035552979, 513.565002441, 414.590454102, 391.611816406, 410.986694336, 240.786087036, 156.074905396, 139.097839355, 124.983940125, 80.5943984985, 97.5763244629, 100.278305054, 101.805374146, 108.989570618, 160.626190186, 69.4319381714, 35.5055160522, 10.8787021637, 1.53921711445, 0.32391384244, 0.0162526965141, 0.00136575719807, 0.000144359481055],
        "mean": [0.00234946492128, 0.0770858675241, 0.592364728451, 3.23276090622, 17.7783641815, 21.7980537415, 27.4935760498, 35.2815551758, 37.4459686279, 49.839641571, 40.2540588379, 54.5801010132, 62.5623664856, 72.0254211426, 45.7778778076, 31.1045818329, 29.8942737579, 32.7658500671, 32.7398872375, 26.244436264, 24.4618110657, 22.4924640656, 15.295343399, 12.0386419296, 7.50818347931, 7.19612407684, 5.65870714188, 2.73786473274, 3.10484981537, 2.86212158203, 2.29586076736, 2.82971143723, 1.74998724461, 0.863673627377, 0.297833055258, 0.0830478444695, 0.0149605050683, 0.000560178887099, 3.73851762561e-05, 3.69578374375e-05],
        "min": [6.60432579025e-06, 9.78719617706e-05, 0.00114705855958, 0.0125790946186, 0.0498548857868, 0.0691590830684, 0.0943292453885, 0.132541775703, 0.132601872087, 0.193199366331, 0.084736764431, 0.0277274344116, 0.0255514830351, 0.0556630529463, 0.0887733250856, 0.0457296483219, 0.0298995133489, 0.0449507348239, 0.0483657307923, 0.0456397905946, 0.0164159424603, 0.0604363195598, 0.0411052703857, 0.0152509715408, 0.0206311605871, 0.0321424044669, 0.0241837128997, 0.0130302999169, 0.00897857360542, 0.00528981816024, 0.00187960767653, 0.000964281032793, 0.000639769830741, 0.000437496841187, 0.000321968807839, 3.54252551915e-05, 2.30403838941e-06, 3.6970109818e-07, 2.246731583e-07, 3.80629501251e-07],
        "stdev": [0.0045416271314, 0.150189578533, 1.13140261173, 3.85449552536, 21.6982421875, 37.869052887, 42.0314369202, 61.8193588257, 62.3427848816, 88.3039779663, 76.5124359131, 92.297492981, 130.756729126, 123.078262329, 65.6503143311, 47.1022796631, 45.7821502686, 46.1829605103, 51.8692054749, 39.7455978394, 40.6471099854, 43.4789123535, 22.8127727509, 14.7586870193, 10.3730220795, 8.74199199677, 7.5713596344, 6.55613422394, 8.24419212341, 8.70443630219, 7.43574571609, 10.9315490723, 6.28764247894, 2.85423970222, 0.735347628593, 0.165816709399, 0.0320199429989, 0.00142485008109, 5.33554375579e-05, 1.90818682313e-05]
    },
    "gfcc": {
        "mean": [-13.5235090256, 107.971611023, -148.186218262, 15.1926755905, -80.5622558594, 2.92480921745, -54.2277832031, -5.29661989212, -32.9021072388, -12.8980255127, -13.8478116989, -14.150018692, -3.78434753418],
        "cov": [[2295.52294922, -616.548461914, 92.806137085, 12.0114326477, 56.1014518738, 231.543212891, -64.833152771, 284.670257568, -101.673339844, 161.491409302, -243.405792236, 96.2110366821, -150.629348755], [-616.548461914, 1086.11901855, -263.870941162, -32.868221283, 175.273620605, -330.884674072, 118.720077515, -185.57208252, 125.454376221, -221.687438965, 220.762451172, -157.132324219, 89.9983596802], [92.806137085, -263.870941162, 1179.60668945, 243.083953857, 125.850746155, 313.552246094, -114.224212646, 79.4929656982, -151.29675293, 159.061279297, -221.468078613, 148.786941528, -138.278427124], [12.0114326477, -32.868221283, 243.083953857, 471.341583252, 73.5779724121, 66.9102096558, -64.5585708618, -63.992805481, 35.6624794006, -59.3853797913, -9.46095371246, -15.2588071823, -1.27656543255], [56.1014518738, 175.273620605, 125.850746155, 73.5779724121, 281.233612061, 35.3600311279, 0.949163615704, 35.7299079895, -45.7902641296, -3.69494056702, -57.3118972778, 6.21016216278, -32.4112930298], [231.543212891, -330.884674072, 313.552246094, 66.9102096558, 35.3600311279, 425.877532959, 64.4753875732, 80.523147583, -94.7583389282, 91.0640945435, -134.752380371, 14.3096647263, -76.9717483521], [-64.833152771, 118.720077515, -114.224212646, -64.5585708618, 0.949163615704, 64.4753875732, 169.5103302, 19.0802612305, -8.36511325836, -22.8550510406, 20.533405304, -59.8939933777, 6.7053527832], [284.670257568, -185.57208252, 79.4929656982, -63.992805481, 35.7299079895, 80.523147583, 19.0802612305, 180.171310425, -17.8054294586, 80.6937103271, -83.2917861938, 39.8188095093, -51.6885147095], [-101.673339844, 125.454376221, -151.29675293, 35.6624794006, -45.7902641296, -94.7583389282, -8.36511325836, -17.8054294586, 154.026702881, -34.6388397217, 69.2698898315, -32.7554397583, 22.1883544922], [161.491409302, -221.687438965, 159.061279297, -59.3853797913, -3.69494056702, 91.0640945435, -22.8550510406, 80.6937103271, -34.6388397217, 161.872070312, -64.1780776978, 56.0490913391, -59.2909851074], [-243.405792236, 220.762451172, -221.468078613, -9.46095371246, -57.3118972778, -134.752380371, 20.533405304, -83.2917861938, 69.2698898315, -64.1780776978, 169.38609314, -35.8184661865, 64.2628479004], [96.2110366821, -157.132324219, 148.786941528, -15.2588071823, 6.21016216278, 14.3096647263, -59.8939933777, 39.8188095093, -32.7554397583, 56.0490913391, -35.8184661865, 128.384307861, -8.09676742554], [-150.629348755, 89.9983596802, -138.278427124, -1.27656543255, -32.4112930298, -76.9717483521, 6.7053527832, -51.6885147095, 22.1883544922, -59.2909851074, 64.2628479004, -8.09676742554, 101.891975403]],
        "icov": [[0.000663875718601, -0.000115227165224, 0.00040098343743, -0.000340632686857, 0.000242260590312, -0.000220303583774, 0.00049438921269, -0.000934858224355, 0.000476847606478, -7.71677950979e-05, 0.000510715064593, -0.000278787658317, 0.000533969199751], [-0.000115227165224, 0.00592792173848, -0.00234475568868, 0.00267799012363, -0.0057167140767, 0.00346284219995, -0.00456943456084, 0.00393202435225, -0.00397051218897, 0.00327738863416, -0.00394543679431, 0.003376216162, 6.6393193265e-05], [0.00040098343743, -0.00234475568868, 0.00294410227798, -0.00211106939241, 0.00218593003228, -0.00198865332641, 0.00240487977862, -0.00157632492483, 0.00254405406304, -0.00196590228006, 0.00257578818128, -0.00279700639658, 0.00132323801517], [-0.000340632686857, 0.00267799012363, -0.00211106939241, 0.00493580102921, -0.00353087834083, 0.000435023743194, -0.00061395711964, 0.00296898186207, -0.00373539770953, 0.0032337133307, -0.00228584604338, 0.00244146841578, -0.000589250237681], [0.000242260590312, -0.0057167140767, 0.00218593003228, -0.00353087834083, 0.0099431835115, -0.00268010864966, 0.00396303739399, -0.00498329894617, 0.00528443744406, -0.00227131531574, 0.00468135997653, -0.00321020744741, 0.000999299460091], [-0.000220303583774, 0.00346284219995, -0.00198865332641, 0.000435023743194, -0.00268010864966, 0.00687103299424, -0.00575270503759, 0.0023594815284, -0.00108590803575, 0.000250875396887, -0.000148936145706, 0.0023111149203, 0.000495894055348], [0.00049438921269, -0.00456943456084, 0.00240487977862, -0.00061395711964, 0.00396303739399, -0.00575270503759, 0.0142147652805, -0.00613109767437, 0.0043940260075, -0.000627360015642, 0.000291495467536, 0.00160504016094, -0.000486105680466], [-0.000934858224355, 0.00393202435225, -0.00157632492483, 0.00296898186207, -0.00498329894617, 0.0023594815284, -0.00613109767437, 0.0139766633511, -0.00563988788053, -0.000667258282192, 0.00110981077887, -0.00030880086706, 0.000849188363645], [0.000476847606478, -0.00397051218897, 0.00254405406304, -0.00373539770953, 0.00528443744406, -0.00108590803575, 0.0043940260075, -0.00563988788053, 0.0131979789585, -0.00222359318286, -0.000252802012255, -0.000596962403506, 0.00127221317962], [-7.71677950979e-05, 0.00327738863416, -0.00196590228006, 0.0032337133307, -0.00227131531574, 0.000250875396887, -0.000627360015642, -0.000667258282192, -0.00222359318286, 0.0138469906524, -0.0030395546928, -0.000483263313072, 0.00395390437916], [0.000510715064593, -0.00394543679431, 0.00257578818128, -0.00228584604338, 0.00468135997653, -0.000148936145706, 0.000291495467536, 0.00110981077887, -0.000252802012255, -0.0030395546928, 0.0162406973541, -0.00325618241914, -0.00258805975318], [-0.000278787658317, 0.003376216162, -0.00279700639658, 0.00244146841578, -0.00321020744741, 0.0023111149203, 0.00160504016094, -0.00030880086706, -0.000596962403506, -0.000483263313072, -0.00325618241914, 0.0153288440779, -0.00357651896775], [0.000533969199751, 6.6393193265e-05, 0.00132323801517, -0.000589250237681, 0.000999299460091, 0.000495894055348, -0.000486105680466, 0.000849188363645, 0.00127221317962, 0.00395390437916, -0.00258805975318, -0.00357651896775, 0.0168605111539]]
    },
    "melbands": {
        "max": [0.00104400340933, 0.00579592771828, 0.00914349965751, 0.0145367123187, 0.0108654918149, 0.0117998868227, 0.00747272139415, 0.0105839408934, 0.00662689423189, 0.00502137560397, 0.00690540019423, 0.00495863333344, 0.00257617910393, 0.00337398773991, 0.00154070497956, 0.00135678914376, 0.000712386157829, 0.00103423115797, 0.00122635322623, 0.000362487626262, 0.000682112353388, 0.000513158855028, 0.000158670605742, 0.000197802030016, 0.000161507399753, 0.000215194842895, 6.46159969619e-05, 0.000114688627946, 6.47153065074e-05, 5.54909092898e-05, 5.28917553311e-05, 5.41480076208e-05, 7.31765685487e-05, 6.69239743729e-05, 6.89910157234e-05, 8.87477290235e-05, 0.000103210702946, 6.2909515691e-05, 3.77064716304e-05, 3.12028860208e-05],
        "mean": [4.20322940045e-05, 0.000244274357101, 0.00106243509799, 0.0014037656365, 0.00100703665521, 0.000795132538769, 0.00061467505293, 0.000504260126036, 0.000339444290148, 0.000370401103282, 0.000311460811645, 0.000287219561869, 0.00018861857825, 0.000102654805232, 6.81135061313e-05, 6.96481583873e-05, 5.7311670389e-05, 5.50233744434e-05, 4.49084327556e-05, 2.4475317332e-05, 2.97090882668e-05, 2.50908960879e-05, 1.36942198878e-05, 1.35027303259e-05, 9.45084684645e-06, 6.4431960709e-06, 4.83962139697e-06, 4.79363325212e-06, 4.3087229642e-06, 1.75859929641e-06, 1.52114057528e-06, 1.68273504642e-06, 1.84077521226e-06, 1.48360118146e-06, 1.22510459732e-06, 1.48129174704e-06, 1.87541945706e-06, 1.3533810943e-06, 8.5823955942e-07, 6.78950414112e-07],
        "min": [5.13577802508e-08, 2.01559231527e-07, 2.69301244771e-06, 8.02008162282e-06, 3.06636957248e-06, 3.22621667692e-06, 1.07280504835e-06, 1.25782389659e-06, 3.78060235562e-07, 1.63397231745e-07, 1.166567003e-07, 1.97194452767e-07, 3.29497282792e-07, 1.6907723932e-07, 6.0239351285e-08, 8.74965095932e-08, 7.22663884289e-08, 5.84659183289e-08, 1.02977132599e-07, 3.09310763669e-08, 1.3535444765e-08, 5.71635361268e-08, 4.94779364146e-08, 3.24976952015e-08, 9.18080278467e-09, 9.28849086534e-09, 1.58784558835e-08, 1.72056946468e-08, 9.05713015698e-09, 6.11626305158e-09, 5.98185012635e-09, 4.37170388778e-09, 4.57697213463e-09, 1.84723780716e-09, 1.20278442761e-09, 5.7213173088e-10, 6.65177191106e-10, 4.51119697154e-10, 4.12332334943e-10, 3.48991058274e-10],
        "stdev": [8.32987279864e-05, 0.000438172486611, 0.00127914512996, 0.00172357680276, 0.00150097277947, 0.00134201976471, 0.000953736365773, 0.000914136995561, 0.000650408212095, 0.000668073247653, 0.000668525695801, 0.000505229691043, 0.000301653228234, 0.000197343717446, 0.000119425247249, 0.000118599877169, 8.255825378e-05, 0.000102235921076, 8.78170540091e-05, 3.71419228031e-05, 5.72527242184e-05, 5.42985144421e-05, 2.00450031116e-05, 2.10641246667e-05, 1.2523204532e-05, 1.28286983454e-05, 6.30936028756e-06, 6.64379194859e-06, 5.98282213105e-06, 3.4431475342e-06, 4.05684613725e-06, 4.40001304014e-06, 5.61279375688e-06, 4.76258446724e-06, 3.97360827264e-06, 5.41908411833e-06, 7.815088793e-06, 5.12874430569e-06, 2.86395993498e-06, 2.32500519814e-06]
    },
    "melbands128": {
        "max": [3.22244923154e-05, 0.00021027373441, 0.0014401874505, 0.00317052868195, 0.00832946226001, 0.00747472792864, 0.00642165821046, 0.0131665226072, 0.0257317684591, 0.0164528116584, 0.0258416570723, 0.0196267534047, 0.0154022835195, 0.0236593391746, 0.0171202495694, 0.023786732927, 0.0136737497523, 0.0103249596432, 0.0165801458061, 0.0197196155787, 0.0184305161238, 0.0113469399512, 0.0117778498679, 0.0106017235667, 0.0067322505638, 0.00885918922722, 0.0174520183355, 0.00861482415348, 0.0127114159986, 0.00766147486866, 0.010677902028, 0.0067548500374, 0.00486863637343, 0.00316074350849, 0.00552926259115, 0.00389470392838, 0.00439747003838, 0.00234956038184, 0.00234418315813, 0.00165613309946, 0.00284755509347, 0.00282051670365, 0.00165770261083, 0.00096307171043, 0.00279721757397, 0.00199810648337, 0.000855337944813, 0.00237121828832, 0.00129853188992, 0.000901327759493, 0.000472256273497, 0.000721445074305, 0.000985027290881, 0.00164214603137, 0.00130741670728, 0.00101265357807, 0.00082528591156, 0.000353045295924, 0.000226495540119, 0.000560586340725, 0.000422635494033, 0.00033460962004, 0.0001990833116, 0.000264590373263, 0.000327777001075, 0.000403437763453, 5.58321989956e-05, 7.35731591703e-05, 0.000150542677147, 6.69597939122e-05, 0.000141870812513, 0.000185756900464, 0.000100556659163, 0.000152245367644, 7.85621668911e-05, 5.6544704421e-05, 7.55265646148e-05, 9.72778143478e-05, 7.7228032751e-05, 5.48130883544e-05, 6.8781148002e-05, 6.54614050291e-05, 7.88196484791e-05, 0.000120974502352, 6.7578497692e-05, 9.7051874036e-05, 8.66305781528e-05, 5.3910400311e-05, 7.98054461484e-05, 9.90159605863e-05, 8.71581578394e-05, 0.000146683116327, 9.63543716352e-05, 0.000175381675945, 0.000189616679563, 8.95268167369e-05, 5.54056932742e-05, 7.65030199545e-05, 4.97015389556e-05, 3.90119348594e-05, 4.61143754364e-05, 3.31008050125e-05, 2.89471772703e-05, 2.35434436036e-05, 7.02808847564e-06, 6.87828332957e-06, 4.37846892964e-06, 3.94974040319e-06, 3.11134681397e-06, 2.98690724776e-06, 2.7388127819e-06, 1.30565354084e-06, 1.28712542846e-06, 6.81005474235e-07, 3.29783460984e-07, 1.07313724129e-07, 4.64282017276e-08, 4.49704522509e-08, 4.37033982337e-08, 4.25098249934e-08, 4.14806287097e-08, 4.0540708568e-08, 3.97782038419e-08, 3.90748766677e-08, 3.84912404172e-08, 3.80397473521e-08, 3.77236091254e-08, 3.75198752067e-08],
        "mean": [1.52617985805e-06, 7.05508182364e-06, 3.68514629372e-05, 0.000147845261381, 0.000250832497841, 0.00031082885107, 0.000366271618987, 0.00133498315699, 0.00216563278809, 0.0011405472178, 0.00124389643315, 0.00110591272824, 0.000823384558316, 0.00108320498839, 0.000843219109811, 0.000629372196272, 0.000548485841136, 0.000530615157913, 0.000844482623506, 0.000573717581574, 0.00031908947858, 0.000330200477038, 0.000305103865685, 0.000424768455559, 0.000298356462736, 0.000343803520082, 0.000554620230105, 0.000196730630705, 0.000266763468971, 0.000223482391448, 0.000339539983543, 0.000337476696586, 0.000169934181031, 7.39130409784e-05, 0.000145647689351, 0.000101339297544, 4.88830810355e-05, 8.26079776743e-05, 6.97586583556e-05, 4.96405955346e-05, 7.44269855204e-05, 8.86641646503e-05, 5.60897569812e-05, 3.04332643282e-05, 7.99656118033e-05, 5.87963331782e-05, 2.69438587566e-05, 5.89316477999e-05, 4.28868697782e-05, 2.96474754578e-05, 2.00854028662e-05, 2.07992979995e-05, 3.52873066731e-05, 3.10590221488e-05, 2.31397370953e-05, 2.98586292047e-05, 2.15786767512e-05, 1.29849904624e-05, 9.9982444226e-06, 1.59238425113e-05, 1.43427414514e-05, 1.22051205835e-05, 8.90185401659e-06, 8.71531574376e-06, 1.02161247924e-05, 7.01458020558e-06, 3.44253999174e-06, 4.71893827125e-06, 5.64331321584e-06, 4.10447682953e-06, 4.71641715194e-06, 4.99664338349e-06, 5.46491355635e-06, 4.39691439169e-06, 2.91731544166e-06, 1.55560928761e-06, 1.38900611546e-06, 1.41323869229e-06, 1.61873913385e-06, 1.52448978952e-06, 1.54698170718e-06, 1.8062056597e-06, 1.87136947716e-06, 1.9470389816e-06, 1.7154818579e-06, 1.58421039487e-06, 1.44446073591e-06, 1.16644764603e-06, 1.18045784347e-06, 1.28996055082e-06, 1.31869637698e-06, 1.56628891546e-06, 1.67849907484e-06, 1.97003714675e-06, 2.00998078981e-06, 1.57220620167e-06, 1.24465123008e-06, 9.71793269855e-07, 8.23023242447e-07, 8.13697170088e-07, 8.08487072845e-07, 6.60917407913e-07, 5.28320754256e-07, 4.52542337825e-07, 2.99470542586e-07, 2.31233229897e-07, 1.97767164423e-07, 1.76951786557e-07, 1.32719961243e-07, 1.08809622645e-07, 7.62331140436e-08, 6.8725476865e-08, 4.53647430732e-08, 1.32607764769e-08, 4.3043746345e-09, 1.31580613072e-09, 2.92157659176e-10, 3.46929915351e-11, 4.59977056444e-11, 1.86095888699e-10, 9.94526544451e-11, 8.36364866252e-11, 6.36781044561e-11, 2.30933432099e-11, 2.26868454578e-11, 2.23653196657e-11, 2.21494975139e-11, 2.20252115157e-11],
        "min": [3.12880998887e-10, 4.73335681761e-09, 7.98674548719e-09, 2.62676600471e-08, 2.52596841221e-08, 1.52671802311e-07, 2.37300639583e-07, 1.74857547108e-07, 1.57331578521e-06, 2.11021369978e-06, 1.42172871165e-06, 3.93030092027e-07, 8.86980728865e-07, 1.56479381985e-06, 1.50343100813e-06, 3.2392873095e-07, 6.01839076353e-07, 3.62320093927e-07, 3.70984025722e-07, 3.69485405827e-07, 4.50370094995e-07, 7.06327227817e-08, 1.15696117575e-07, 8.74805081708e-08, 3.62551944022e-08, 1.54254792051e-07, 1.46255786149e-07, 1.16741439626e-07, 2.94429938208e-08, 6.63382948574e-08, 1.58631081604e-07, 1.61414362765e-07, 8.84636861542e-08, 5.88515405298e-08, 1.34864919232e-07, 4.46141790178e-08, 1.18599025711e-07, 6.01639200681e-08, 1.82290715856e-08, 4.38589005114e-08, 1.89795432703e-08, 7.20365065376e-08, 2.9518531619e-08, 1.1620167939e-08, 1.14606013568e-08, 4.26490771588e-08, 4.71811425484e-08, 6.15430906237e-08, 7.17786647897e-08, 4.04177278313e-08, 2.80636065497e-08, 1.96452560886e-08, 7.93782728437e-09, 6.14028783374e-09, 3.53360327665e-08, 2.41331683526e-08, 2.50433007665e-08, 1.5411748322e-08, 2.64422830298e-08, 2.32744667983e-08, 2.51422278552e-08, 1.94168148226e-08, 5.10363218353e-09, 9.54121848196e-09, 8.48804138087e-09, 7.33321892099e-09, 7.2178063526e-09, 1.26395551803e-08, 1.72577774293e-08, 7.29979632297e-09, 1.24754837572e-08, 1.46748178054e-08, 8.05441047191e-09, 5.28860244486e-09, 6.69144029075e-09, 4.95595742223e-09, 5.54856693924e-09, 3.88721010935e-09, 3.76376085853e-09, 2.79754064358e-09, 4.13773593166e-09, 2.32483499119e-09, 1.4110586033e-09, 1.26601951145e-09, 1.5390696495e-09, 9.9260377695e-10, 1.27891031099e-09, 1.66529168233e-09, 1.18739051924e-09, 6.91373236439e-10, 7.13794912066e-10, 5.69222669e-10, 2.23358317952e-10, 6.46102893409e-10, 6.87271572986e-10, 6.355285187e-10, 1.28305199798e-10, 5.07756281465e-10, 4.63904248349e-10, 2.82634554649e-10, 4.20062512552e-10, 3.39882927358e-10, 2.7659904922e-10, 2.65176353098e-10, 2.56424603773e-10, 1.93931468107e-10, 1.14819209696e-10, 2.49288159559e-11, 3.31420221128e-13, 1.12960801737e-13, 5.65096302813e-14, 7.39864576939e-14, 7.18473200313e-14, 6.71063885341e-14, 7.21573137612e-14, 6.94321106143e-14, 6.98473058363e-14, 7.82348903543e-14, 7.53292217557e-14, 6.17371144441e-14, 6.51176568179e-14, 5.73446590777e-14, 5.48372585947e-14, 6.33618320572e-14, 4.63412741882e-14, 1.87940381844e-14, 2.36987473137e-15, 1.24043673786e-16],
        "stdev": [2.85075884676e-06, 1.63118074852e-05, 8.49244315759e-05, 0.000300149753457, 0.000563187117223, 0.000577094906475, 0.000553669873625, 0.00179921055678, 0.00281509989873, 0.00176789762918, 0.00273161684163, 0.00237161968835, 0.00156073900871, 0.00240545882843, 0.00186822877731, 0.00154935475439, 0.00148008426186, 0.000989372609183, 0.00157496507745, 0.00133919960354, 0.000973551068455, 0.000994513160549, 0.000793477403931, 0.00112928601447, 0.000731211679522, 0.000956544536166, 0.00166433199774, 0.000582945125643, 0.000872828473803, 0.000646949280053, 0.000814348633867, 0.000694741203915, 0.000438899267465, 0.000186883204151, 0.000351916969521, 0.000237079846556, 0.000140236908919, 0.000179255817784, 0.000191264029127, 0.000102253456134, 0.000196538603632, 0.000180775154149, 0.000112408852146, 7.2748734965e-05, 0.000190356236999, 0.000151919011842, 5.26225921931e-05, 0.000153970831889, 9.59425597102e-05, 6.28012057859e-05, 4.22463454015e-05, 4.97245382576e-05, 7.82727292972e-05, 8.56571132317e-05, 7.31417458155e-05, 8.72668097145e-05, 5.6571469031e-05, 2.80152307823e-05, 1.88749236258e-05, 3.89551569242e-05, 3.32515519403e-05, 2.46333584073e-05, 1.78985883394e-05, 1.74968790816e-05, 2.16318858293e-05, 2.34680901485e-05, 5.62737204746e-06, 7.21840888218e-06, 1.01684072433e-05, 6.27507370154e-06, 8.74382567417e-06, 9.82877190836e-06, 1.01113137134e-05, 8.4677221821e-06, 6.11942641626e-06, 3.2585999179e-06, 3.96326322516e-06, 4.61117997475e-06, 4.77779803987e-06, 4.07261904911e-06, 4.36380332758e-06, 5.01800423081e-06, 5.77305900151e-06, 6.53571942166e-06, 5.78395565753e-06, 5.61296428714e-06, 5.10021163791e-06, 3.81267659577e-06, 3.97269468522e-06, 5.08728953719e-06, 4.88618252348e-06, 6.5334984356e-06, 6.65362313157e-06, 9.02843839867e-06, 9.81726770988e-06, 6.49412095299e-06, 4.71456087325e-06, 3.50312211594e-06, 2.98265786114e-06, 2.72336342277e-06, 2.90995762953e-06, 2.48407377512e-06, 1.79656808541e-06, 1.35181278438e-06, 7.29440614577e-07, 5.06484809648e-07, 4.33477424622e-07, 3.84571592349e-07, 2.83953028202e-07, 2.35247270552e-07, 1.70488874573e-07, 1.51838563056e-07, 1.08879405047e-07, 5.29888630751e-08, 2.22956835216e-08, 5.95754601207e-09, 1.52327028768e-09, 1.01980079936e-09, 9.94870741344e-10, 2.05987182866e-09, 1.15898446396e-09, 1.19474152793e-09, 9.81068559724e-10, 8.52212689306e-10, 8.39485814197e-10, 8.29640856015e-10, 8.22745482854e-10, 8.18299927818e-10]
    },
    "mfcc": {
        "mean": [-643.215698242, 131.787826538, -13.9337100983, 3.57571148872, -7.51852655411, -8.56447792053, -8.76109027863, -9.29296112061, -13.4015283585, -7.39636898041, -13.8776302338, -9.15885543823, -9.07783603668],
        "cov": [[2338.80029297, -507.766845703, -245.800643921, -102.781532288, 20.119852066, -45.354019165, 8.41362380981, 83.8143920898, 90.385345459, 121.349006653, 31.007358551, -33.498500824, 12.5572557449], [-507.766845703, 993.04095459, -274.807434082, 91.2677154541, -10.0328226089, -119.9168396, 24.5925369263, -12.7102880478, -85.9555511475, -17.6374969482, 1.04830396175, -12.255853653, -11.3671369553], [-245.800643921, -274.807434082, 896.431213379, 78.1424026489, 190.87902832, 244.400985718, 53.9025154114, 30.5445098877, 87.2607192993, -48.4842414856, 51.1384391785, 37.9536018372, -34.2490272522], [-102.781532288, 91.2677154541, 78.1424026489, 356.725982666, 159.327545166, 3.87168002129, -64.0462265015, 5.43467187881, -26.8954257965, -61.2303237915, -26.2477016449, 29.8041095734, -13.4700889587], [20.119852066, -10.0328226089, 190.87902832, 159.327545166, 288.96963501, 97.0085906982, 16.2623977661, 37.8471336365, 49.1181373596, -35.022819519, 1.8023147583, 20.9323787689, -7.96960115433], [-45.354019165, -119.9168396, 244.400985718, 3.87168002129, 97.0085906982, 250.528594971, 100.760040283, 41.9339981079, 50.6054573059, 18.9745101929, 21.1866359711, -12.6664419174, -20.0171432495], [8.41362380981, 24.5925369263, 53.9025154114, -64.0462265015, 16.2623977661, 100.760040283, 218.848007202, 47.5660018921, 45.3974609375, 55.9794883728, -0.915775001049, -36.43907547, -11.2957820892], [83.8143920898, -12.7102880478, 30.5445098877, 5.43467187881, 37.8471336365, 41.9339981079, 47.5660018921, 111.443817139, 41.0004959106, 21.8980197906, 12.6720638275, -15.4677886963, -4.94266080856], [90.385345459, -85.9555511475, 87.2607192993, -26.8954257965, 49.1181373596, 50.6054573059, 45.3974609375, 41.0004959106, 122.662277222, 41.1959915161, 14.3357601166, 6.82621622086, 7.94369506836], [121.349006653, -17.6374969482, -48.4842414856, -61.2303237915, -35.022819519, 18.9745101929, 55.9794883728, 21.8980197906, 41.1959915161, 121.168212891, 36.6590690613, -10.5179243088, 6.78120040894], [31.007358551, 1.04830396175, 51.1384391785, -26.2477016449, 1.8023147583, 21.1866359711, -0.915775001049, 12.6720638275, 14.3357601166, 36.6590690613, 89.1203536987, 20.2226257324, 3.76320433617], [-33.498500824, -12.255853653, 37.9536018372, 29.8041095734, 20.9323787689, -12.6664419174, -36.43907547, -15.4677886963, 6.82621622086, -10.5179243088, 20.2226257324, 93.0849838257, 28.747959137], [12.5572557449, -11.3671369553, -34.2490272522, -13.4700889587, -7.96960115433, -20.0171432495, -11.2957820892, -4.94266080856, 7.94369506836, 6.78120040894, 3.76320433617, 28.747959137, 82.1742553711]],
        "icov": [[0.000592420925386, 0.000393648369936, 0.000282423890894, 6.02126820013e-05, -0.000341299804859, 0.000294287892757, -1.92101088032e-05, -0.000305408873828, -9.13685798878e-05, -0.000352675415343, -0.000260740052909, 0.000183328855201, 9.48204033193e-05], [0.000393648369936, 0.00156974513084, 0.000559647043701, -0.000406862702221, -0.00039766766713, 0.000797975924797, -0.000868845265359, -0.000128357685753, 0.000554237049073, 0.000144974968862, -0.000972329580691, 0.000192470834008, 0.000263861496933], [0.000282423890894, 0.000559647043701, 0.00213567842729, -0.000242344627623, -0.000487474404508, -0.00123856111895, -0.000316364894388, 0.000270513439318, -0.000968683918472, 0.00138401507866, -0.00148640188854, -0.000422704179073, 0.000703831377905], [6.02126820013e-05, -0.000406862702221, -0.000242344627623, 0.00479243882, -0.00274317897856, 0.00015666084073, 0.00142843450885, -0.000858316605445, 0.00161290843971, -0.000361193146091, 0.00181862886529, -0.00119718618225, 0.000745366967749], [-0.000341299804859, -0.00039766766713, -0.000487474404508, -0.00274317897856, 0.0067080790177, -0.00177993031684, -0.000291139382171, -0.000501390604768, -0.00258157448843, 0.00211635767482, -0.00039055198431, -0.000453242188087, -0.000257512379903], [0.000294287892757, 0.000797975924797, -0.00123856111895, 0.00015666084073, -0.00177993031684, 0.00771364290267, -0.00274743069895, -0.000618746737018, 0.000269511772785, -0.000655505165923, -0.00109435082413, 0.000885223387741, 0.000634836265817], [-1.92101088032e-05, -0.000868845265359, -0.000316364894388, 0.00142843450885, -0.000291139382171, -0.00274743069895, 0.00790780968964, -0.00165374472272, -0.000536691048183, -0.00304708513431, 0.00266836234368, 0.00116282922681, 4.9426114856e-05], [-0.000305408873828, -0.000128357685753, 0.000270513439318, -0.000858316605445, -0.000501390604768, -0.000618746737018, -0.00165374472272, 0.0118646398187, -0.00315697537735, 0.000395603652578, -0.00198032427579, 0.00212539103813, -9.23953703023e-05], [-9.13685798878e-05, 0.000554237049073, -0.000968683918472, 0.00161290843971, -0.00258157448843, 0.000269511772785, -0.000536691048183, -0.00315697537735, 0.0132994074374, -0.00449110008776, 0.00163365073968, -0.00176834966987, -0.00086829153588], [-0.000352675415343, 0.000144974968862, 0.00138401507866, -0.000361193146091, 0.00211635767482, -0.000655505165923, -0.00304708513431, 0.000395603652578, -0.00449110008776, 0.0146454181522, -0.00632754852995, 0.00132860976737, -0.000707360042725], [-0.000260740052909, -0.000972329580691, -0.00148640188854, 0.00181862886529, -0.00039055198431, -0.00109435082413, 0.00266836234368, -0.00198032427579, 0.00163365073968, -0.00632754852995, 0.0165464617312, -0.00415446748957, 0.000587064423598], [0.000183328855201, 0.000192470834008, -0.000422704179073, -0.00119718618225, -0.000453242188087, 0.000885223387741, 0.00116282922681, 0.00212539103813, -0.00176834966987, 0.00132860976737, -0.00415446748957, 0.015133978799, -0.00495738303289], [9.48204033193e-05, 0.000263861496933, 0.000703831377905, 0.000745366967749, -0.000257512379903, 0.000634836265817, 4.9426114856e-05, -9.23953703023e-05, -0.00086829153588, -0.000707360042725, 0.000587064423598, -0.00495738303289, 0.0145874265581]]
    },
    "spectral_contrast_coeffs": {
        "max": [-0.329950690269, -0.423990011215, -0.440450489521, -0.609840750694, -0.652994930744, -0.649886250496],
        "mean": [-0.599524140358, -0.703141629696, -0.723035693169, -0.771325528622, -0.784045994282, -0.790228843689],
        "min": [-0.836296200752, -0.931949019432, -0.914208173752, -0.905366063118, -0.881008386612, -0.930761158466],
        "stdev": [0.0861238762736, 0.0920677185059, 0.0825054198503, 0.049410417676, 0.044127959758, 0.031856495887]
    },
    "spectral_contrast_valleys": {
        "max": [-5.29586982727, -4.56496906281, -5.14666843414, -5.83496856689, -6.15724277496, -7.62254095078],
        "mean": [-7.26340198517, -6.60357093811, -7.20069074631, -7.49121332169, -7.69682312012, -10.3341369629],
        "min": [-9.84471893311, -8.57194709778, -9.12005805969, -9.60286331177, -9.87939739227, -12.7965803146],
        "stdev": [0.806860268116, 0.572049200535, 0.583431839943, 0.59989887476, 0.560655653477, 0.840442657471]
    }
},
"rhythm": {
    "beats_count": 145,
    "beats_loudness": {
        "max": 0.0787162929773,
        "mean": 0.0369969010353,
        "min": 0.0023446183186,
        "stdev": 0.013229707256
    },
    "bpm": 184.570159912,
    "bpm_histogram_first_peak_bpm": 185,
    "bpm_histogram_first_peak_weight": 0,
    "bpm_histogram_second_peak_bpm": 178,
    "bpm_histogram_second_peak_spread": 0,
    "bpm_histogram_second_peak_weight": 0.229166671634,
    "danceability": 1.08222234249,
    "onset_rate": 3.650390625,
    "beats_loudness_band_ratio": {
        "max": [0.763904452324, 0.959178626537, 0.869000852108, 0.798422574997, 0.351151287556, 0.124295793474],
        "mean": [0.210546210408, 0.311899870634, 0.271027237177, 0.20312525332, 0.0727620720863, 0.0206462666392],
        "min": [0.00200334005058, 0.0294406712055, 0.00549814524129, 0.000472907413496, 0.000255357474089, 9.81350312941e-05],
        "stdev": [0.187114685774, 0.212272852659, 0.186817988753, 0.165202572942, 0.0665151178837, 0.0175995919853]
    },
