{
"metadata": {
    "version": {
        "essentia": "2.1-beta5",
        "essentia_git_sha": "Undefined",
        "extractor": "music 2.0"
    },
    "audio_properties": {
        "analysis": {
            "equal_loudness": 0,
            "length": 77.7636260986,
            "sample_rate": 44100,
            "start_time": 16.2423591614,
            "downmix": "mix"
        },
        "bit_rate": 192000,
        "length": 156.398025513,
        "lossless": 0,
        "number_channels": 2,
        "replay_gain": -4.44546508789,
        "sample_rate": 48000,
        "codec": "mp3",
        "md5_encoded": "e6e12bc967a2564216838007f03f063c"
    },
    "tags": {
        "file_name": "France_Hé, Hé M_sieurs Dames_Profil.mp3",
        "encoding": ["Lavf58.29.100"]
    }
},
"lowlevel": {
    "average_loudness": 0.95823186636,
    "barkbands_crest": {
        "max": 24.8760433197,
        "mean": 8.359333992,
        "min": 2.86921334267,
        "stdev": 3.22417593002
    },
    "barkbands_flatness_db": {
        "max": 0.335146278143,
        "mean": 0.189004421234,
        "min": 0.117928475142,
        "stdev": 0.0306751914322
    },
    "barkbands_kurtosis": {
        "max": 51.1982727051,
        "mean": 2.72696065903,
        "min": -1.57925903797,
        "stdev": 4.32475280762
    },
    "barkbands_skewness": {
        "max": 5.92006111145,
        "mean": 1.36392116547,
        "min": -0.628266632557,
        "stdev": 0.848671257496
    },
    "barkbands_spread": {
        "max": 42.4063682556,
        "mean": 14.9118013382,
        "min": 1.52919149399,
        "stdev": 5.94531536102
    },
    "dissonance": {
        "max": 0.500000178814,
        "mean": 0.466638207436,
        "min": 0.364243388176,
        "stdev": 0.0207759216428
    },
    "dynamic_complexity": 1.7800296545,
    "erbbands_crest": {
        "max": 28.8897571564,
        "mean": 8.2487154007,
        "min": 2.60592579842,
        "stdev": 3.5493183136
    },
    "erbbands_flatness_db": {
        "max": 0.342405974865,
        "mean": 0.226614058018,
        "min": 0.105449609458,
        "stdev": 0.0254440382123
    },
    "erbbands_kurtosis": {
        "max": 13.5673828125,
        "mean": -0.00446666497737,
        "min": -1.71269023418,
        "stdev": 1.08781099319
    },
    "erbbands_skewness": {
        "max": 3.59633135796,
        "mean": 0.360734283924,
        "min": -1.31182777882,
        "stdev": 0.501655578613
    },
    "erbbands_spread": {
        "max": 82.3068618774,
        "mean": 29.6437492371,
        "min": 5.5424118042,
        "stdev": 9.43058776855
    },
    "hfc": {
        "max": 68.2412338257,
        "mean": 19.3971176147,
        "min": 1.50851500034,
        "stdev": 11.5205497742
    },
    "loudness_ebu128": {
        "integrated": -18.1350364685,
        "loudness_range": 2.085313797,
        "momentary": {
            "max": -15.7220249176,
            "mean": -18.3102588654,
            "min": -23.237701416,
            "stdev": 1.28965950012
        },
        "short_term": {
            "max": -16.8125610352,
            "mean": -18.1771602631,
            "min": -20.1712207794,
            "stdev": 0.743192791939
        }
    },
    "melbands_crest": {
        "max": 29.7639904022,
        "mean": 11.4387950897,
        "min": 3.98893332481,
        "stdev": 4.0357093811
    },
    "melbands_flatness_db": {
        "max": 0.386284351349,
        "mean": 0.218506872654,
        "min": 0.115496918559,
        "stdev": 0.0446651950479
    },
    "melbands_kurtosis": {
        "max": 74.1098709106,
        "mean": 7.08756303787,
        "min": -1.11275935173,
        "stdev": 8.13015651703
    },
    "melbands_skewness": {
        "max": 6.95727443695,
        "mean": 2.02734279633,
        "min": -0.48224824667,
        "stdev": 1.04787755013
    },
    "melbands_spread": {
        "max": 56.3441963196,
        "mean": 18.7925224304,
        "min": 1.71444261074,
        "stdev": 8.96500492096
    },
    "pitch_salience": {
        "max": 0.87138825655,
        "mean": 0.628976225853,
        "min": 0.170830473304,
        "stdev": 0.0890931487083
    },
    "silence_rate_20dB": {
        "max": 1,
        "mean": 1,
        "min": 1,
        "stdev": 0
    },
    "silence_rate_30dB": {
        "max": 1,
        "mean": 1,
        "min": 1,
        "stdev": 0
    },
    "silence_rate_60dB": {
        "max": 1,
        "mean": 0.00238805962726,
        "min": 0,
        "stdev": 0.0488095842302
    },
    "spectral_centroid": {
        "max": 2654.3371582,
        "mean": 1049.90625,
        "min": 251.018234253,
        "stdev": 408.211120605
    },
    "spectral_complexity": {
        "max": 46,
        "mean": 22.8161201477,
        "min": 5,
        "stdev": 7.61417961121
    },
    "spectral_decrease": {
        "max": -4.84978945892e-10,
        "mean": -7.97295296451e-09,
        "min": -3.0413406904e-08,
        "stdev": 4.8079007442e-09
    },
    "spectral_energy": {
        "max": 0.118035539985,
        "mean": 0.0318510532379,
        "min": 0.00197284086607,
        "stdev": 0.0188721232116
    },
    "spectral_energyband_high": {
        "max": 0.00197260756977,
        "mean": 0.000200981929083,
        "min": 5.09015944772e-06,
        "stdev": 0.000193525847862
    },
    "spectral_energyband_low": {
        "max": 0.0740614384413,
        "mean": 0.00582895707339,
        "min": 1.32862351165e-05,
        "stdev": 0.00670015020296
    },
    "spectral_energyband_middle_high": {
        "max": 0.038192525506,
        "mean": 0.00742657668889,
        "min": 0.000268705392955,
        "stdev": 0.00601547723636
    },
    "spectral_energyband_middle_low": {
        "max": 0.10969106108,
        "mean": 0.0205538552254,
        "min": 0.000923863961361,
        "stdev": 0.0149780390784
    },
    "spectral_entropy": {
        "max": 8.00056648254,
        "mean": 7.35123062134,
        "min": 6.20797634125,
        "stdev": 0.216844156384
    },
    "spectral_flux": {
        "max": 0.282342910767,
        "mean": 0.100140482187,
        "min": 0.0234920345247,
        "stdev": 0.0392263233662
    },
    "spectral_kurtosis": {
        "max": 22.4299316406,
        "mean": 4.66538524628,
        "min": -1.03784048557,
        "stdev": 3.07093214989
    },
    "spectral_rms": {
        "max": 0.0107311056927,
        "mean": 0.00531137688085,
        "min": 0.00138734374195,
        "stdev": 0.00169217796065
    },
    "spectral_rolloff": {
        "max": 3703.7109375,
        "mean": 1113.37927246,
        "min": 193.798828125,
        "stdev": 556.074829102
    },
    "spectral_skewness": {
        "max": 3.85237908363,
        "mean": 1.36299991608,
        "min": 0.0213937982917,
        "stdev": 0.399787217379
    },
    "spectral_spread": {
        "max": 5056100.5,
        "mean": 2730090.75,
        "min": 1884604,
        "stdev": 400779.40625
    },
    "spectral_strongpeak": {
        "max": 6.43769359589,
        "mean": 0.961906313896,
        "min": 0.0363009050488,
        "stdev": 0.920244514942
    },
    "zerocrossingrate": {
        "max": 0.09521484375,
        "mean": 0.0425593219697,
        "min": 0.009765625,
        "stdev": 0.013367745094
    },
    "barkbands": {
        "max": [0.000651234062389, 0.0335449650884, 0.0632744058967, 0.060702458024, 0.0794941559434, 0.0563712269068, 0.05310215801, 0.0196682158858, 0.022844189778, 0.032365668565, 0.0172863584012, 0.0265391021967, 0.0215986724943, 0.00906721130013, 0.0123704504222, 0.00796052906662, 0.00429538777098, 0.00445502297953, 0.00383768673055, 0.00375427235849, 0.00118560309056, 0.000557870371267, 0.000377856165869, 0.000129907304654, 3.75023300876e-05, 4.33785817222e-06, 4.59735065306e-06],
        "mean": [2.55033464782e-05, 0.0016724630259, 0.00234775408171, 0.00438829138875, 0.0067096655257, 0.00307887606323, 0.0024831732735, 0.00155041308608, 0.00147414568346, 0.0021121033933, 0.00115487130824, 0.000903054489754, 0.000955625961069, 0.000651369045954, 0.000581605010666, 0.000425700272899, 0.000379674136639, 0.000295643607387, 0.000328831607476, 0.000197783127078, 6.75289193168e-05, 4.30359104939e-05, 1.70006169355e-05, 6.32590172245e-06, 6.80869106873e-07, 2.28834085014e-09, 2.38329866953e-09],
        "min": [1.13502718335e-08, 3.33299112754e-07, 1.19560252188e-06, 2.71649969363e-06, 2.17943925236e-05, 3.7625683035e-05, 1.75872046384e-05, 1.02649501059e-05, 2.01039929379e-05, 1.48501176227e-05, 5.95902383793e-06, 6.20257787887e-06, 5.90402123635e-06, 6.86735484123e-06, 7.83671202953e-06, 5.46345745533e-06, 8.79038998391e-06, 5.84602321396e-06, 3.55555198439e-06, 3.47448553839e-06, 1.75226682586e-06, 3.48064872924e-07, 1.12110825512e-07, 2.00735361666e-09, 3.37897244906e-11, 3.96159528793e-11, 5.25024572429e-11],
        "stdev": [4.50341285614e-05, 0.0026379446499, 0.00356624089181, 0.00586569076404, 0.00771017279476, 0.00444703083485, 0.00362644996494, 0.002156219678, 0.00173169397749, 0.00327059160918, 0.00155097723473, 0.00135624711402, 0.00150844617747, 0.000950757006649, 0.000926479115151, 0.000700942822732, 0.000467887002742, 0.000309137161821, 0.00040055505815, 0.000270810473012, 7.98144683358e-05, 5.1985054597e-05, 1.96789060283e-05, 8.49641946843e-06, 1.35110610699e-06, 7.49327071503e-08, 7.94154715322e-08]
    },
    "erbbands": {
        "max": [0.32197573781, 9.25269985199, 62.2386627197, 87.4649429321, 305.367004395, 412.345947266, 195.50453186, 688.782714844, 890.657226562, 749.974121094, 439.124206543, 475.580169678, 1245.64111328, 1132.8157959, 861.207946777, 1075.16796875, 571.933288574, 957.895874023, 761.389160156, 448.773834229, 424.456268311, 230.142059326, 320.82800293, 144.160324097, 278.02520752, 156.773391724, 47.2872390747, 44.6167106628, 23.226474762, 9.18556022644, 10.9958248138, 3.1721572876, 1.89789223671, 0.689217150211, 0.0329694785178, 0.0173129942268, 0.00802514143288, 0.00285417120904, 0.000654597417451, 0.000130755477585],
        "mean": [0.0230932403356, 0.481845408678, 2.47851324081, 8.89340686798, 21.6878795624, 22.1917762756, 18.9838581085, 27.0034313202, 33.2823829651, 35.9044036865, 34.5238609314, 34.2468338013, 57.5875778198, 68.6585235596, 36.0518951416, 41.2463378906, 43.4507026672, 40.4377708435, 29.3040142059, 26.5841083527, 23.8688564301, 19.9328460693, 17.7164325714, 13.9736976624, 17.6506614685, 9.07906913757, 3.83351922035, 2.09999847412, 1.6493730545, 0.913889944553, 0.429977327585, 0.202507868409, 0.072260081768, 0.0163039825857, 0.00122044107411, 6.89486405463e-05, 2.03518811759e-05, 5.72547878619e-06, 1.67962480191e-05, 3.68354449165e-05],
        "min": [5.46976516489e-05, 0.000863630906679, 0.00322705041617, 0.0207214113325, 0.0557536184788, 0.136770769954, 0.392611831427, 0.382952868938, 0.644868195057, 0.436237335205, 0.60423886776, 0.611315190792, 0.527195394039, 0.567558944225, 0.350344389677, 0.359742730856, 0.284340560436, 0.507062017918, 0.681264102459, 0.832998335361, 0.563516795635, 0.539551436901, 0.359211564064, 0.207546055317, 0.154624760151, 0.167255118489, 0.124243222177, 0.0506718121469, 0.0165728274733, 0.00488416897133, 0.00295709213242, 0.00162958248984, 0.000172156564076, 2.01396196644e-05, 4.38762072008e-06, 1.94478570847e-06, 1.00643524092e-06, 3.17599784694e-07, 1.06075049189e-06, 2.32332899941e-06],
        "stdev": [0.0313247218728, 0.754072904587, 3.59941864014, 10.6449785233, 30.9932842255, 27.2425422668, 20.1700382233, 46.3589363098, 57.9699134827, 45.1302986145, 46.7001571655, 38.9181060791, 104.424369812, 92.7149276733, 51.7927894592, 60.2942848206, 66.1787643433, 55.8688850403, 41.3965606689, 39.0687522888, 33.5018310547, 23.0370388031, 19.5464267731, 13.3369560242, 24.4907779694, 11.6480808258, 4.10477828979, 2.66863560677, 2.03249573708, 1.03034496307, 0.517308533192, 0.254288583994, 0.105674676597, 0.0283363424242, 0.00234748749062, 0.000306086905766, 0.000138754126965, 4.93151273986e-05, 1.44388404806e-05, 2.13200983126e-05]
    },
    "gfcc": {
        "mean": [-27.8703536987, 170.139297485, -173.997421265, 42.9297294617, -66.052947998, -6.32675790787, -22.2014636993, -20.9634532928, -6.26590061188, -28.4669303894, 3.65535640717, -21.5280017853, 0.322821527719],
        "cov": [[1589.31481934, -146.37210083, -10.3746166229, 72.5207901001, 8.59007740021, 182.847824097, -40.9705276489, 103.987571716, -76.9370040894, -18.8465423584, -32.6732215881, -118.15032196, -6.50623035431], [-146.37210083, 329.249542236, 181.508026123, 2.5510058403, 161.676925659, -34.361995697, 81.3195648193, -26.8751945496, 2.8243701458, -32.3914031982, -4.87162780762, 9.02406024933, -19.3547554016], [-10.3746166229, 181.508026123, 436.344268799, 130.795120239, 53.4997673035, 87.6670379639, -45.9290466309, -7.50416040421, -4.79899311066, -28.5266284943, -20.6007041931, -19.7444171906, 16.1872215271], [72.5207901001, 2.5510058403, 130.795120239, 188.845321655, 47.0865478516, 34.2529640198, -16.8969936371, -0.448814898729, 31.3072395325, -4.94173622131, -21.566488266, -9.04222011566, 3.82658100128], [8.59007740021, 161.676925659, 53.4997673035, 47.0865478516, 184.649993896, -4.5199971199, 53.5728530884, 4.81454324722, 4.0033249855, -7.00594806671, -9.89599514008, -0.229965165257, -10.8298158646], [182.847824097, -34.361995697, 87.6670379639, 34.2529640198, -4.5199971199, 175.121078491, 15.223526001, 27.7010211945, -18.824344635, -15.3273391724, -10.2446594238, -24.6471786499, 3.28547930717], [-40.9705276489, 81.3195648193, -45.9290466309, -16.8969936371, 53.5728530884, 15.223526001, 146.625213623, 11.513510704, -10.6639842987, -17.7550964355, -2.04553389549, 16.9443225861, -27.1877613068], [103.987571716, -26.8751945496, -7.50416040421, -0.448814898729, 4.81454324722, 27.7010211945, 11.513510704, 93.2239456177, 6.23762178421, 7.40248537064, 0.122065283358, -13.3411874771, 9.67072296143], [-76.9370040894, 2.8243701458, -4.79899311066, 31.3072395325, 4.0033249855, -18.824344635, -10.6639842987, 6.23762178421, 87.5070114136, 28.9662437439, -1.10033404827, 12.729259491, 0.653012812138], [-18.8465423584, -32.3914031982, -28.5266284943, -4.94173622131, -7.00594806671, -15.3273391724, -17.7550964355, 7.40248537064, 28.9662437439, 73.2387161255, 30.7963008881, 3.35529470444, 6.88730382919], [-32.6732215881, -4.87162780762, -20.6007041931, -21.566488266, -9.89599514008, -10.2446594238, -2.04553389549, 0.122065283358, -1.10033404827, 30.7963008881, 58.346244812, 19.9608001709, -0.764757990837], [-118.15032196, 9.02406024933, -19.7444171906, -9.04222011566, -0.229965165257, -24.6471786499, 16.9443225861, -13.3411874771, 12.729259491, 3.35529470444, 19.9608001709, 60.5364532471, 15.8878078461], [-6.50623035431, -19.3547554016, 16.1872215271, 3.82658100128, -10.8298158646, 3.28547930717, -27.1877613068, 9.67072296143, 0.653012812138, 6.88730382919, -0.764757990837, 15.8878078461, 51.415725708]],
        "icov": [[0.000931823742576, -0.00027151388349, 0.000621821847744, -0.000661928788759, -2.15074378502e-05, -0.000904835003894, 0.000660320918541, -0.00080829160288, 0.000925103027839, -7.8983939602e-05, 5.77145947318e-05, 0.000991772976704, 0.000116912866361], [-0.00027151388349, 0.0238781105727, -0.0142414299771, 0.0120407799259, -0.0159859918058, 0.0097827501595, -0.0131827099249, 0.00689450697973, -0.00959902442992, 0.00945241563022, -0.00785155687481, 0.00711303343996, -0.00317714898847], [0.000621821847744, -0.0142414299771, 0.0122459921986, -0.00927178747952, 0.00839750654995, -0.00771267199889, 0.00948036834598, -0.00386487226933, 0.00632475549355, -0.00425414275378, 0.00400357972831, -0.00338352983817, 0.00114856741857], [-0.000661928788759, 0.0120407799259, -0.00927178747952, 0.0142892375588, -0.00954251829535, 0.00436339434236, -0.00609707599506, 0.00424247561023, -0.00830144155771, 0.00479894503951, -0.00216529518366, 0.00299278157763, -0.0015007762704], [-2.15074378502e-05, -0.0159859918058, 0.00839750654995, -0.00954251829535, 0.0178950503469, -0.00490881642327, 0.00532039999962, -0.00478597404435, 0.00646108062938, -0.00695725111291, 0.00572886643931, -0.00422899052501, 0.0020843364764], [-0.000904835003894, 0.0097827501595, -0.00771267199889, 0.00436339434236, -0.00490881642327, 0.0124644096941, -0.00818082224578, 0.00175281858537, -0.00361298583448, 0.00454180082306, -0.00405179802328, 0.00529483892024, -0.00307338545099], [0.000660320918541, -0.0131827099249, 0.00948036834598, -0.00609707599506, 0.00532039999962, -0.00818082224578, 0.019148465246, -0.00671914638951, 0.0076370537281, -0.00460192048922, 0.00693290028721, -0.0108735272661, 0.00960531458259], [-0.00080829160288, 0.00689450697973, -0.00386487226933, 0.00424247561023, -0.00478597404435, 0.00175281858537, -0.00671914638951, 0.0158210601658, -0.00608905870467, 0.00302575342357, -0.00475517706946, 0.00732677709311, -0.006917451974], [0.000925103027839, -0.00959902442992, 0.00632475549355, -0.00830144155771, 0.00646108062938, -0.00361298583448, 0.0076370537281, -0.00608905870467, 0.0219879616052, -0.0130016095936, 0.0103809852153, -0.00992158055305, 0.00658824713901], [-7.8983939602e-05, 0.00945241563022, -0.00425414275378, 0.00479894503951, -0.00695725111291, 0.00454180082306, -0.00460192048922, 0.00302575342357, -0.0130016095936, 0.0285330098122, -0.0186353605241, 0.0108098033816, -0.0075022042729], [5.77145947318e-05, -0.00785155687481, 0.00400357972831, -0.00216529518366, 0.00572886643931, -0.00405179802328, 0.00693290028721, -0.00475517706946, 0.0103809852153, -0.0186353605241, 0.0337244831026, -0.0172950122505, 0.0101887015626], [0.000991772976704, 0.00711303343996, -0.00338352983817, 0.00299278157763, -0.00422899052501, 0.00529483892024, -0.0108735272661, 0.00732677709311, -0.00992158055305, 0.0108098033816, -0.0172950122505, 0.035233926028, -0.0171780828387], [0.000116912866361, -0.00317714898847, 0.00114856741857, -0.0015007762704, 0.0020843364764, -0.00307338545099, 0.00960531458259, -0.006917451974, 0.00658824713901, -0.0075022042729, 0.0101887015626, -0.0171780828387, 0.0314147956669]]
    },
    "melbands": {
        "max": [0.00637961504981, 0.0215574670583, 0.0236661955714, 0.0185023862869, 0.00759486248717, 0.0131628261879, 0.0114152086899, 0.00768091110513, 0.00343607412651, 0.00295274681412, 0.00620271265507, 0.00502027384937, 0.00228129886091, 0.00240526627749, 0.00300664501265, 0.00230043847114, 0.0015473368112, 0.00113494880497, 0.0010247475002, 0.000707466970198, 0.000618445046712, 0.000253295962466, 0.000241528177867, 0.00022207609436, 0.00013904683874, 0.000200177164515, 0.000284810346784, 6.25361135462e-05, 3.24687061948e-05, 2.58741165453e-05, 2.52944446402e-05, 1.45980975503e-05, 7.7158856584e-06, 5.31871000931e-06, 1.02027433968e-05, 2.05761807592e-06, 2.20080755753e-06, 1.30716159674e-06, 1.36075141199e-06, 3.19098035106e-07],
        "mean": [0.000334919634042, 0.00111932179425, 0.0019759030547, 0.00158181833103, 0.000718022522051, 0.00060207437491, 0.00052812776994, 0.000381743477192, 0.000270365970209, 0.000219454144826, 0.000282059801975, 0.000275247322861, 0.000129726991872, 0.000105825485662, 9.36431461014e-05, 9.73826099653e-05, 7.18733135727e-05, 4.40799194621e-05, 4.45726764156e-05, 3.16351615766e-05, 2.73245477729e-05, 2.1405510779e-05, 1.81035775313e-05, 1.30294283736e-05, 1.08181284304e-05, 1.32078239403e-05, 1.09297852759e-05, 4.84379961563e-06, 2.4826090339e-06, 1.66725510553e-06, 1.0642303323e-06, 1.00515876511e-06, 6.9259817792e-07, 4.24955601375e-07, 2.52014018542e-07, 1.83132513598e-07, 9.88715882499e-08, 5.51720624742e-08, 2.76445017988e-08, 8.70125305141e-09],
        "min": [1.02161678228e-07, 1.48351728058e-06, 4.98336930832e-06, 4.79426580569e-06, 1.34189012897e-05, 7.58140231483e-06, 8.29118107504e-06, 3.98877773478e-06, 3.13180930789e-06, 3.35494110004e-06, 1.87160901532e-06, 2.23439860747e-06, 8.56725876019e-07, 7.61842613883e-07, 9.55503764999e-07, 6.38802646336e-07, 9.59992007665e-07, 8.94827280717e-07, 8.41672374463e-07, 4.75029736435e-07, 4.28366888627e-07, 4.19847935973e-07, 2.66732484988e-07, 2.22836064268e-07, 1.59634325314e-07, 9.4944894613e-08, 1.17570650104e-07, 8.21836181331e-08, 6.23773388497e-08, 3.08602956522e-08, 2.23013891798e-08, 9.17001141687e-09, 5.78710102062e-09, 1.27173460651e-09, 1.04843733695e-09, 9.49507805714e-10, 5.81781359199e-11, 7.56780922651e-13, 4.79539151443e-13, 2.63899145592e-13],
        "stdev": [0.000495250802487, 0.00149042380508, 0.00238815438934, 0.00186050147749, 0.000732833170332, 0.00100476737134, 0.000833407393657, 0.00047428754624, 0.000364868959878, 0.000259879394434, 0.00051712320419, 0.000392665475374, 0.000176032612217, 0.000153288332513, 0.000150712279719, 0.000152735956362, 0.000106995481474, 6.5745174652e-05, 7.71857448854e-05, 5.4709136748e-05, 3.93562586396e-05, 2.68211497314e-05, 2.13946186705e-05, 1.37252254717e-05, 1.12314792204e-05, 1.81296145456e-05, 1.70312778209e-05, 6.27254848951e-06, 2.81527059087e-06, 2.07565653909e-06, 1.48600588545e-06, 1.30180183078e-06, 8.53986705351e-07, 4.89468106935e-07, 3.45876145502e-07, 2.30175857041e-07, 1.34919702077e-07, 8.28439112865e-08, 5.17554532564e-08, 1.65210849445e-08]
    },
    "melbands128": {
        "max": [0.000644626503345, 0.00217978400178, 0.0082881366834, 0.0192585289478, 0.03113925457, 0.0278707668185, 0.0211896635592, 0.0395630188286, 0.0395468473434, 0.0222569797188, 0.0302431806922, 0.0138508258387, 0.00847565289587, 0.00797318480909, 0.0234481319785, 0.0291716493666, 0.0243678577244, 0.0137150427327, 0.0192323867232, 0.0128947924823, 0.00803323742002, 0.00691627338529, 0.00572070199996, 0.00390622392297, 0.00516977533698, 0.00549191329628, 0.0070550092496, 0.0124045601115, 0.00470773875713, 0.0106597160921, 0.00677096704021, 0.00515954010189, 0.00280507374555, 0.00641781510785, 0.00386625481769, 0.00303354579955, 0.00406169751659, 0.00528558064252, 0.00299313152209, 0.0028412565589, 0.00258925883099, 0.00674011465162, 0.00162007473409, 0.00204323604703, 0.00194938108325, 0.00174658303149, 0.00220250012353, 0.00169453467242, 0.00147078349255, 0.000900654587895, 0.00139760982711, 0.00134885672014, 0.00115728285164, 0.000654568197206, 0.000883126980625, 0.000452761800261, 0.00047482791706, 0.000518840621226, 0.000275797647191, 0.000754183158278, 0.000224557414185, 0.000208232740988, 0.000264090660494, 0.000186054312508, 0.000211876293179, 0.000425594014814, 0.000460336712422, 0.000389920838643, 0.000369266403141, 0.000181298120879, 9.41413527471e-05, 8.40332941152e-05, 4.06186263717e-05, 6.05916211498e-05, 5.67199931538e-05, 2.85257428914e-05, 3.43514948327e-05, 5.65048139833e-05, 3.40485494235e-05, 2.88826358883e-05, 1.98154557438e-05, 1.57389185915e-05, 1.45127423821e-05, 1.13298674478e-05, 9.52446498559e-06, 7.67418623582e-06, 5.7047827795e-06, 2.66630959231e-05, 1.13842197607e-05, 3.55609040525e-06, 3.44821887666e-06, 3.24081361214e-06, 2.59747366727e-06, 2.96765551866e-06, 1.96991823032e-06, 1.68761562236e-06, 1.68625865626e-06, 1.23669246932e-06, 1.810456979e-06, 1.38630343827e-06, 4.83401095153e-07, 3.57758949576e-07, 2.17917445866e-07, 6.68435973239e-08, 3.56714480176e-08, 3.40567680723e-08, 3.25286997338e-08, 3.11152419386e-08, 2.97994873222e-08, 2.85476033923e-08, 2.74698823688e-08, 2.64123531935e-08, 2.54385312815e-08, 2.45424072176e-08, 2.37071464682e-08, 2.29725074519e-08, 2.21291678315e-08, 2.1475978329e-08, 2.0923611288e-08, 2.03793568687e-08, 1.98676772811e-08, 1.94030391754e-08, 1.9051539013e-08, 1.87422646292e-08, 1.84529032055e-08, 1.82328996345e-08, 1.80763581881e-08, 1.79796355582e-08],
        "mean": [1.80124152394e-05, 0.00010376542923, 0.000389344262658, 0.00091416912619, 0.00118567387108, 0.00115150690544, 0.00161397247575, 0.00242736237124, 0.00234877946787, 0.00146908371244, 0.00127247779164, 0.000757277593948, 0.000633241899777, 0.000552267709281, 0.000619526719674, 0.000641955179162, 0.000512158614583, 0.000495359359775, 0.000607193622272, 0.00035412987927, 0.000310672359774, 0.000300262472592, 0.00029344073846, 0.000202735929633, 0.000203749033972, 0.000208142882911, 0.000277582003037, 0.000369206856703, 0.000163722375873, 0.00031592315645, 0.000327014742652, 0.000189002908883, 0.000101807920146, 0.000108789994556, 7.12006512913e-05, 0.000130461456138, 0.000120225813589, 7.76058150223e-05, 8.6918080342e-05, 0.000103924860014, 0.000100726269011, 8.73959579621e-05, 7.27991573513e-05, 7.22041368135e-05, 3.69449990103e-05, 4.0456696297e-05, 4.76004679513e-05, 5.52510427951e-05, 3.77005162591e-05, 2.6001705919e-05, 3.53229552275e-05, 3.34493379341e-05, 2.26235260925e-05, 2.76073151326e-05, 3.02917742374e-05, 1.71658957697e-05, 1.86103370652e-05, 1.77814981726e-05, 1.80055212695e-05, 1.93777032109e-05, 1.09282209451e-05, 1.04966093204e-05, 1.08126296254e-05, 1.07204714368e-05, 1.1021870705e-05, 1.33013218147e-05, 1.46722368299e-05, 1.37574606924e-05, 9.81570701697e-06, 7.55873224989e-06, 4.78508582091e-06, 3.74975729756e-06, 2.68977464657e-06, 2.2845863441e-06, 2.1405901407e-06, 1.92307015823e-06, 1.3437573898e-06, 1.08501762952e-06, 1.02241858713e-06, 1.04605817342e-06, 1.07771825242e-06, 1.0105442243e-06, 7.68940651596e-07, 6.99007841831e-07, 5.9436928268e-07, 4.8035076361e-07, 3.74775396494e-07, 2.82150324438e-07, 2.51638539339e-07, 2.23095398155e-07, 2.05214135462e-07, 1.80209326572e-07, 1.32207716774e-07, 9.7823459555e-08, 7.85851170804e-08, 6.3041220244e-08, 5.29365280499e-08, 3.89908159093e-08, 3.24410116548e-08, 1.86377242528e-08, 1.15186926664e-08, 7.76045094852e-09, 4.39141256692e-09, 1.31467725595e-09, 2.27963533467e-11, 2.10563545766e-11, 1.96324866086e-11, 1.61241263397e-11, 1.5333196518e-11, 1.52621283667e-11, 1.63473488218e-11, 1.37853096993e-11, 1.31345377283e-11, 1.26684678373e-11, 1.22466715588e-11, 1.18818635486e-11, 1.14781734464e-11, 1.115242447e-11, 1.08734844045e-11, 1.05907687134e-11, 1.03227660794e-11, 1.00974254999e-11, 9.92199204741e-12, 9.74899327932e-12, 9.52392591874e-12, 9.2614197561e-12, 9.10374813728e-12, 9.04361481535e-12],
        "min": [4.70915484385e-09, 4.58926550095e-08, 1.12432914534e-07, 8.14547860273e-08, 3.97031016064e-07, 8.16874830889e-07, 7.92986213582e-07, 1.43005343034e-06, 2.1779949293e-06, 2.44321267928e-06, 2.44853458753e-06, 2.18536911234e-06, 1.39576400215e-06, 1.42670012337e-06, 1.378666866e-06, 9.85672272691e-07, 1.98765292225e-06, 2.02159253604e-06, 1.49128254634e-06, 1.26848306081e-06, 1.19525054743e-06, 1.04484763597e-06, 5.88658167544e-07, 3.83154031169e-07, 6.32229955499e-07, 4.819949595e-07, 3.24450354583e-07, 8.88772092367e-07, 6.08069512964e-07, 8.37526215491e-07, 2.64965024144e-07, 3.22161923805e-07, 4.88999148729e-07, 1.2393516613e-07, 2.3182334985e-07, 1.76700709176e-07, 1.44847973615e-07, 2.19386720346e-07, 1.1265031219e-07, 9.21796470266e-08, 2.00064278033e-07, 1.21477995663e-07, 1.58314563237e-07, 7.83340965427e-08, 1.18565438356e-07, 7.16079142649e-08, 2.86399284732e-07, 2.16328714941e-07, 2.10528867228e-07, 2.71013277597e-07, 1.4825464234e-07, 1.20960109484e-07, 1.21195355973e-07, 1.02741189778e-07, 1.43983896805e-07, 8.74019931985e-08, 7.08995031573e-08, 1.20281768545e-07, 5.55583135053e-08, 6.89429597855e-08, 9.48000646872e-08, 7.61276552907e-08, 8.57236344132e-08, 8.8237761986e-08, 4.87070295208e-08, 5.178373641e-08, 2.01853733728e-08, 1.57136099688e-08, 4.54140973716e-08, 5.03829369336e-08, 2.69738364977e-08, 4.1008135554e-08, 4.73584904626e-08, 2.4278145716e-08, 2.66545789884e-08, 1.82245099012e-08, 2.42682780538e-08, 1.05546646978e-08, 1.47822429852e-08, 7.02603397684e-09, 4.00118249644e-09, 8.23957790885e-09, 5.83591885928e-09, 4.42785541566e-09, 5.25065591006e-09, 4.13345246919e-10, 7.96965771155e-10, 4.25952273453e-10, 5.24570331617e-10, 8.15342071636e-10, 5.30043578473e-11, 8.06662930897e-11, 1.33455503593e-11, 2.81980567368e-11, 1.31368332011e-12, 6.77697589886e-13, 7.12000987682e-13, 4.96183552145e-13, 4.10004278792e-13, 3.12038453886e-13, 1.83183261854e-13, 1.87987700493e-13, 1.53635825307e-13, 1.74999026229e-13, 1.4822594107e-13, 1.71565181766e-13, 1.42321945245e-13, 1.55984708657e-13, 1.47577696591e-13, 1.66146732331e-13, 1.49974948909e-13, 1.630592227e-13, 1.30360240831e-13, 1.48615616883e-13, 1.46223216369e-13, 1.46303799696e-13, 1.63947997431e-13, 1.8634544591e-13, 1.62375335074e-13, 1.50817211367e-13, 1.65416820324e-13, 1.4301950737e-13, 1.80923486371e-13, 1.76728897901e-13, 9.99692340085e-14, 3.78715376388e-14, 5.16351877569e-15, 1.44326380634e-16],
        "stdev": [3.27384695993e-05, 0.000167662801687, 0.000626442953944, 0.00157104595564, 0.00192636169959, 0.0017403268721, 0.00218005804345, 0.00360140088014, 0.00385499699041, 0.00203586951829, 0.00188053958118, 0.00101542810444, 0.00082386872964, 0.000742538308259, 0.00120787939522, 0.00169950467534, 0.00152115954552, 0.000860107596964, 0.000962624384556, 0.000601076928433, 0.000562218076084, 0.000564359768759, 0.000511962221935, 0.000352746050339, 0.000334722572006, 0.00034909232636, 0.000583673885558, 0.000924513034988, 0.000279105239315, 0.000679494871292, 0.00050333281979, 0.000303910055663, 0.000196753826458, 0.000299141480355, 0.000159228351549, 0.000238162523601, 0.000242376278038, 0.000194019376067, 0.00021428996115, 0.00022595016344, 0.000189165599295, 0.000216699801967, 0.000140300311614, 0.000146589271026, 8.67896014825e-05, 8.49591451697e-05, 0.000115221191663, 0.000123137942865, 8.54544487083e-05, 5.88725379203e-05, 8.03660586826e-05, 8.41006694827e-05, 5.15140418429e-05, 4.78953079437e-05, 5.47979725525e-05, 2.86297290586e-05, 3.32430572598e-05, 2.95549416478e-05, 2.57145384239e-05, 3.25203582179e-05, 1.4907478544e-05, 1.27180583149e-05, 1.46171660163e-05, 1.44634186654e-05, 1.70160783455e-05, 2.2359434297e-05, 2.74456360785e-05, 2.69824813586e-05, 1.84581531357e-05, 1.33781541081e-05, 7.81227936386e-06, 5.64254787605e-06, 3.56002215085e-06, 3.39315829478e-06, 3.17518629345e-06, 2.60648744188e-06, 2.14799706555e-06, 1.88770241039e-06, 1.62334890774e-06, 1.64387051882e-06, 1.62327353337e-06, 1.43636782468e-06, 1.05533831629e-06, 9.74371914708e-07, 8.15207272353e-07, 6.20935452389e-07, 4.68207304039e-07, 6.34060256743e-07, 3.92835175944e-07, 2.89221844696e-07, 2.84613832946e-07, 2.57162952266e-07, 1.97295364046e-07, 1.53978859885e-07, 1.18452703646e-07, 1.08731676107e-07, 9.25395156059e-08, 6.86089052238e-08, 7.18932966493e-08, 4.4005755484e-08, 2.39610091768e-08, 1.73210672472e-08, 1.17238698749e-08, 4.64803395772e-09, 6.17212891907e-10, 5.89933990547e-10, 5.62597746168e-10, 5.37493327624e-10, 5.14764952886e-10, 4.93137863877e-10, 4.74576378195e-10, 4.5625217493e-10, 4.3943076955e-10, 4.23951318496e-10, 4.09522249445e-10, 3.9683129005e-10, 3.82263609655e-10, 3.70979913455e-10, 3.6143760207e-10, 3.52035983697e-10, 3.43197470443e-10, 3.35171002064e-10, 3.29099025809e-10, 3.23756355058e-10, 3.18759768581e-10, 3.14961612347e-10, 3.12258774393e-10, 3.10588138541e-10]
    },
    "mfcc": {
        "mean": [-640.318664551, 168.925109863, -35.6121063232, 34.0517997742, -16.3779258728, 7.48158216476, -10.0255212784, 5.91163349152, -13.4184122086, 1.89444637299, -9.77918338776, -3.1079518795, -7.12545061111],
        "cov": [[1702.70617676, -291.97668457, -20.6044197083, -121.256698608, 76.4899673462, -23.0260219574, 116.928497314, 4.75634098053, 55.5195999146, 47.1037216187, 53.3558959961, -47.6124076843, 0.925337076187], [-291.97668457, 426.21395874, -5.185546875, 85.4449768066, 36.1561355591, 33.5035972595, 59.8291969299, 45.1690368652, -6.07307100296, -9.94215202332, 3.97572016716, 2.20200753212, -13.7820568085], [-20.6044197083, -5.185546875, 427.760223389, 7.94851350784, 126.717071533, 53.3216629028, 9.75079631805, -3.01134586334, 34.0382652283, -25.5692386627, -6.22772073746, -5.78367805481, -9.38076400757], [-121.256698608, 85.4449768066, 7.94851350784, 208.553192139, 45.5262374878, 37.5811920166, -30.8673343658, 21.7519207001, 5.82121038437, 17.1637420654, -19.3456420898, 5.37764406204, 4.0772857666], [76.4899673462, 36.1561355591, 126.717071533, 45.5262374878, 180.203796387, 15.4087028503, 15.4473428726, -15.7974271774, 39.9830360413, 3.10127568245, 7.20394945145, -15.665230751, 11.1473226547], [-23.0260219574, 33.5035972595, 53.3216629028, 37.5811920166, 15.4087028503, 136.764282227, 13.5103874207, 39.4829940796, -1.47976911068, 12.8128223419, -12.537361145, 17.1087532043, -16.9782085419], [116.928497314, 59.8291969299, 9.75079631805, -30.8673343658, 15.4473428726, 13.5103874207, 151.667526245, 33.3390159607, 13.5318603516, -11.1087722778, 31.9988918304, -16.7042636871, -4.78349208832], [4.75634098053, 45.1690368652, -3.01134586334, 21.7519207001, -15.7974271774, 39.4829940796, 33.3390159607, 110.270401001, 17.1662750244, 9.23053741455, -10.8948154449, 7.85368537903, -10.0321807861], [55.5195999146, -6.07307100296, 34.0382652283, 5.82121038437, 39.9830360413, -1.47976911068, 13.5318603516, 17.1662750244, 88.7579421997, 7.59692955017, 5.2438993454, -0.729949772358, 5.23265218735], [47.1037216187, -9.94215202332, -25.5692386627, 17.1637420654, 3.10127568245, 12.8128223419, -11.1087722778, 9.23053741455, 7.59692955017, 72.5455474854, 9.38273334503, 8.18574714661, -0.495946377516], [53.3558959961, 3.97572016716, -6.22772073746, -19.3456420898, 7.20394945145, -12.537361145, 31.9988918304, -10.8948154449, 5.2438993454, 9.38273334503, 72.6551742554, 3.1273188591, 14.9287919998], [-47.6124076843, 2.20200753212, -5.78367805481, 5.37764406204, -15.665230751, 17.1087532043, -16.7042636871, 7.85368537903, -0.729949772358, 8.18574714661, 3.1273188591, 63.6984176636, 7.33203458786], [0.925337076187, -13.7820568085, -9.38076400757, 4.0772857666, 11.1473226547, -16.9782085419, -4.78349208832, -10.0321807861, 5.23265218735, -0.495946377516, 14.9287919998, 7.33203458786, 65.6636657715]],
        "icov": [[0.000836932274979, 0.000692124303896, 0.000223652779823, 0.000253923877608, -0.00061870412901, 2.51578112511e-05, -0.000715365633368, -0.000213794366573, -0.000103822480014, -0.000489424623083, -0.000199464368052, 0.000330057286192, 0.000189491925994], [0.000692124303896, 0.00354691408575, 0.000463769421913, -0.0010733793024, -0.00120354176033, 2.59118933172e-05, -0.00177741458174, -0.000982686178759, 0.00064655742608, 0.000378199212719, -0.000455269648228, -0.000240656459937, 0.000880719395354], [0.000223652779823, 0.000463769421913, 0.00340469065122, 0.000512714439537, -0.00260293204337, -0.00126465212088, 0.000118492884212, -0.000150832958752, -0.000446747930255, 0.00144490285311, -9.59141761996e-05, -0.000103816622868, 0.000729140185285], [0.000253923877608, -0.0010733793024, 0.000512714439537, 0.00662109209225, -0.00202200911008, -0.00129048735835, 0.00184169108979, -0.00117497786414, 6.74204784445e-05, -0.00113541365135, 0.000975809292868, 0.000391965208109, -0.000882074935362], [-0.00061870412901, -0.00120354176033, -0.00260293204337, -0.00202200911008, 0.00974105391651, -0.000529321841896, -0.00048751430586, 0.00285503803752, -0.00324293249287, -0.000843151472509, -1.62191536219e-05, 0.00185420620255, -0.00183135247789], [2.51578112511e-05, 2.59118933172e-05, -0.00126465212088, -0.00129048735835, -0.000529321841896, 0.01001221966, -0.00125976605341, -0.00266415812075, 0.00160241604317, -0.00175213976763, 0.00129268667661, -0.00285572884604, 0.00196844013408], [-0.000715365633368, -0.00177741458174, 0.000118492884212, 0.00184169108979, -0.00048751430586, -0.00125976605341, 0.0105813601986, -0.00314194522798, -0.0005861762329, 0.00246053142473, -0.00465134624392, 0.00262008723803, 0.000417660776293], [-0.000213794366573, -0.000982686178759, -0.000150832958752, -0.00117497786414, 0.00285503803752, -0.00266415812075, -0.00314194522798, 0.0130242006853, -0.0032317051664, -0.00147984549403, 0.00292092608288, -0.00105831923429, 0.000136047761771], [-0.000103822480014, 0.00064655742608, -0.000446747930255, 6.74204784445e-05, -0.00324293249287, 0.00160241604317, -0.0005861762329, -0.0032317051664, 0.0138852614909, -0.00116980250459, -0.000332463096129, -0.000750872073695, -0.000458333059214], [-0.000489424623083, 0.000378199212719, 0.00144490285311, -0.00113541365135, -0.000843151472509, -0.00175213976763, 0.00246053142473, -0.00147984549403, -0.00116980250459, 0.0165712200105, -0.00361120002344, -0.00116185180377, 0.00117557682097], [-0.000199464368052, -0.000455269648228, -9.59141761996e-05, 0.000975809292868, -1.62191536219e-05, 0.00129268667661, -0.00465134624392, 0.00292092608288, -0.000332463096129, -0.00361120002344, 0.0182265117764, -0.0021729117725, -0.0036246185191], [0.000330057286192, -0.000240656459937, -0.000103816622868, 0.000391965208109, 0.00185420620255, -0.00285572884604, 0.00262008723803, -0.00105831923429, -0.000750872073695, -0.00116185180377, -0.0021729117725, 0.018503267318, -0.00263932370581], [0.000189491925994, 0.000880719395354, 0.000729140185285, -0.000882074935362, -0.00183135247789, 0.00196844013408, 0.000417660776293, 0.000136047761771, -0.000458333059214, 0.00117557682097, -0.0036246185191, -0.00263932370581, 0.0176054928452]]
    },
    "spectral_contrast_coeffs": {
        "max": [-0.412338763475, -0.422781735659, -0.538873791695, -0.621583223343, -0.639202713966, -0.413483262062],
        "mean": [-0.666090905666, -0.760906755924, -0.75688803196, -0.788495242596, -0.779264271259, -0.660163998604],
        "min": [-0.851342558861, -0.902758657932, -0.899444103241, -0.894354820251, -0.885351955891, -0.805256962776],
        "stdev": [0.0648628026247, 0.0641485378146, 0.0579524934292, 0.0448372773826, 0.0384494736791, 0.0473887957633]
    },
    "spectral_contrast_valleys": {
        "max": [-4.88702487946, -4.6296377182, -5.32734298706, -5.98889684677, -6.08766174316, -9.90160942078],
        "mean": [-6.46537208557, -6.08915567398, -6.75746488571, -7.17853116989, -7.42081212997, -12.0634689331],
        "min": [-8.79077720642, -7.80793046951, -8.42761039734, -8.51692008972, -8.96981525421, -15.5730352402],
        "stdev": [0.697166323662, 0.454878300428, 0.490449041128, 0.439824849367, 0.440338850021, 0.841713011265]
    }
},
"rhythm": {
    "beats_count": 217,
    "beats_loudness": {
        "max": 0.107086919248,
        "mean": 0.0423065312207,
        "min": 0.00642114738002,
        "stdev": 0.0160029698163
    },
    "bpm": 165.747024536,
    "bpm_histogram_first_peak_bpm": 167,
    "bpm_histogram_first_peak_weight": 0,
    "bpm_histogram_second_peak_bpm": 172,
    "bpm_histogram_second_peak_spread": 0,
    "bpm_histogram_second_peak_weight": 0.388888895512,
    "danceability": 1.33101892471,
    "onset_rate": 3.85726881027,
    "beats_loudness_band_ratio": {
        "max": [0.823046267033, 0.904742360115, 0.728319942951, 0.633081614971, 0.320944100618, 0.0829701274633],
        "mean": [0.327765613794, 0.309670031071, 0.234926998615, 0.145194575191, 0.0606061443686, 0.0199223291129],
        "min": [0.0277540702373, 0.0431797765195, 0.00727517018095, 0.00787396449596, 0.00514075579122, 0.00133840739727],
        "stdev": [0.178180754185, 0.163930550218, 0.14342880249, 0.115990392864, 0.0489858873188, 0.0148665681481]
    },
