{
"metadata": {
    "version": {
        "essentia": "2.1-beta5",
        "essentia_git_sha": "Undefined",
        "extractor": "music 2.0"
    },
    "audio_properties": {
        "analysis": {
            "equal_loudness": 0,
            "length": 48.7502937317,
            "sample_rate": 44100,
            "start_time": 12.7477550507,
            "downmix": "mix"
        },
        "bit_rate": 192000,
        "length": 173.360183716,
        "lossless": 0,
        "number_channels": 2,
        "replay_gain": -16.3104476929,
        "sample_rate": 48000,
        "codec": "mp3",
        "md5_encoded": "7b286a8bce8c00d59e8ccd71ea6a0fa8"
    },
    "tags": {
        "file_name": "Finland_Huilumies_Vesa-Matti Loiri.mp3",
        "encoding": ["Lavf58.29.100"]
    }
},
"lowlevel": {
    "average_loudness": 0.943199276924,
    "barkbands_crest": {
        "max": 26.4451293945,
        "mean": 10.7214126587,
        "min": 2.86554884911,
        "stdev": 4.38421154022
    },
    "barkbands_flatness_db": {
        "max": 0.439184397459,
        "mean": 0.18308275938,
        "min": 0.0589949004352,
        "stdev": 0.0586004182696
    },
    "barkbands_kurtosis": {
        "max": 101.081733704,
        "mean": 5.73251771927,
        "min": -1.81579589844,
        "stdev": 9.63141536713
    },
    "barkbands_skewness": {
        "max": 7.64584636688,
        "mean": 1.64795649052,
        "min": -1.18409860134,
        "stdev": 1.16359305382
    },
    "barkbands_spread": {
        "max": 70.4564056396,
        "mean": 13.4300422668,
        "min": 0.367872953415,
        "stdev": 8.35142612457
    },
    "dissonance": {
        "max": 0.499943524599,
        "mean": 0.441126585007,
        "min": 0.198447555304,
        "stdev": 0.0450562648475
    },
    "dynamic_complexity": 2.49468016624,
    "erbbands_crest": {
        "max": 33.4111862183,
        "mean": 10.6528224945,
        "min": 3.02790617943,
        "stdev": 5.22085809708
    },
    "erbbands_flatness_db": {
        "max": 0.509367346764,
        "mean": 0.216378554702,
        "min": 0.0767767429352,
        "stdev": 0.0631823092699
    },
    "erbbands_kurtosis": {
        "max": 94.5302810669,
        "mean": 1.7974960804,
        "min": -1.75961148739,
        "stdev": 7.4186372757
    },
    "erbbands_skewness": {
        "max": 7.60805702209,
        "mean": 0.691061973572,
        "min": -3.54638290405,
        "stdev": 1.09001243114
    },
    "erbbands_spread": {
        "max": 120.174057007,
        "mean": 28.0447673798,
        "min": 0.629004359245,
        "stdev": 14.7793684006
    },
    "hfc": {
        "max": 86.3026199341,
        "mean": 20.9380531311,
        "min": 0.168053537607,
        "stdev": 15.1097421646
    },
    "loudness_ebu128": {
        "integrated": -7.48240375519,
        "loudness_range": 3.4116230011,
        "momentary": {
            "max": -4.46763706207,
            "mean": -7.81360340118,
            "min": -14.9573745728,
            "stdev": 1.80170869827
        },
        "short_term": {
            "max": -5.69603538513,
            "mean": -7.63119888306,
            "min": -11.3291053772,
            "stdev": 1.29005765915
        }
    },
    "melbands_crest": {
        "max": 32.8021087646,
        "mean": 13.781671524,
        "min": 3.88246059418,
        "stdev": 5.03002166748
    },
    "melbands_flatness_db": {
        "max": 0.460507273674,
        "mean": 0.22391295433,
        "min": 0.0294107142836,
        "stdev": 0.0663421601057
    },
    "melbands_kurtosis": {
        "max": 110.918632507,
        "mean": 10.2428388596,
        "min": -1.8217921257,
        "stdev": 13.1685171127
    },
    "melbands_skewness": {
        "max": 8.63229465485,
        "mean": 2.094373703,
        "min": -2.07028484344,
        "stdev": 1.28797876835
    },
    "melbands_spread": {
        "max": 153.161254883,
        "mean": 17.4189796448,
        "min": 0.646872162819,
        "stdev": 12.3465042114
    },
    "pitch_salience": {
        "max": 0.880626022816,
        "mean": 0.568040370941,
        "min": 0.0554676912725,
        "stdev": 0.12010320276
    },
    "silence_rate_20dB": {
        "max": 1,
        "mean": 1,
        "min": 1,
        "stdev": 0
    },
    "silence_rate_30dB": {
        "max": 1,
        "mean": 1,
        "min": 1,
        "stdev": 0
    },
    "silence_rate_60dB": {
        "max": 1,
        "mean": 0.038553070277,
        "min": 0,
        "stdev": 0.192527234554
    },
    "spectral_centroid": {
        "max": 3801.06958008,
        "mean": 1039.80383301,
        "min": 246.539138794,
        "stdev": 469.427337646
    },
    "spectral_complexity": {
        "max": 48,
        "mean": 16.8348407745,
        "min": 1,
        "stdev": 8.47427272797
    },
    "spectral_decrease": {
        "max": -4.41101495607e-11,
        "mean": -6.59806653758e-09,
        "min": -2.61582187022e-08,
        "stdev": 3.99267729989e-09
    },
    "spectral_energy": {
        "max": 0.10423617065,
        "mean": 0.0268017798662,
        "min": 0.000181724841241,
        "stdev": 0.0161113385111
    },
    "spectral_energyband_high": {
        "max": 0.0036588315852,
        "mean": 0.000282703782432,
        "min": 2.51986023159e-07,
        "stdev": 0.000375469302526
    },
    "spectral_energyband_low": {
        "max": 0.0310993120074,
        "mean": 0.00174538814463,
        "min": 3.45375383404e-07,
        "stdev": 0.00318315648474
    },
    "spectral_energyband_middle_high": {
        "max": 0.0581971108913,
        "mean": 0.00794503372163,
        "min": 3.68979817722e-05,
        "stdev": 0.00856156274676
    },
    "spectral_energyband_middle_low": {
        "max": 0.0907218381763,
        "mean": 0.0175728350878,
        "min": 2.36036648857e-05,
        "stdev": 0.012961646542
    },
    "spectral_entropy": {
        "max": 8.45029354095,
        "mean": 7.14563274384,
        "min": 5.0213303566,
        "stdev": 0.517938435078
    },
    "spectral_flux": {
        "max": 0.261755883694,
        "mean": 0.0892294421792,
        "min": 0.00631920341402,
        "stdev": 0.042020957917
    },
    "spectral_kurtosis": {
        "max": 42.5923957825,
        "mean": 8.08900165558,
        "min": -0.322282075882,
        "stdev": 4.88700056076
    },
    "spectral_rms": {
        "max": 0.0100843356922,
        "mean": 0.00482603767887,
        "min": 0.000421061209636,
        "stdev": 0.00169040239416
    },
    "spectral_rolloff": {
        "max": 7730.41992188,
        "mean": 1231.4510498,
        "min": 215.33203125,
        "stdev": 814.794311523
    },
    "spectral_skewness": {
        "max": 4.84509277344,
        "mean": 2.0604186058,
        "min": 0.406680583954,
        "stdev": 0.568230867386
    },
    "spectral_spread": {
        "max": 18598810,
        "mean": 3617048.5,
        "min": 1600771.25,
        "stdev": 1286687.25
    },
    "spectral_strongpeak": {
        "max": 9.35286140442,
        "mean": 1.61137700081,
        "min": 0.0207140464336,
        "stdev": 1.50028705597
    },
    "zerocrossingrate": {
        "max": 0.2197265625,
        "mean": 0.0485636480153,
        "min": 0.009765625,
        "stdev": 0.0199027415365
    },
    "barkbands": {
        "max": [0.000132888642838, 0.00655598146841, 0.0170313604176, 0.0465159267187, 0.0502239204943, 0.0340258255601, 0.0513894036412, 0.0456364266574, 0.0388227812946, 0.0356746837497, 0.0455949790776, 0.0459895022213, 0.0252354592085, 0.0160827897489, 0.0171343311667, 0.0164180584252, 0.00960199348629, 0.0068519464694, 0.00634923530743, 0.00219011260197, 0.00148798967712, 0.000851105956826, 0.00085909711197, 0.00076774135232, 0.00201232195832, 0.000451165513368, 1.85689248156e-06],
        "mean": [3.30477359967e-06, 0.000245487317443, 0.000876383681316, 0.00183390895836, 0.00436278432608, 0.00286515895277, 0.00353514682502, 0.00213098968379, 0.00256621511653, 0.00114219344687, 0.00145691074431, 0.00164936308283, 0.000873697921634, 0.000629914749879, 0.000531344674528, 0.000474709057016, 0.000688101048581, 0.000440143747255, 0.000158849739819, 0.000116705006803, 7.58322348702e-05, 4.33995883213e-05, 3.10144569085e-05, 2.98708637274e-05, 2.60783672275e-05, 1.42864419104e-05, 1.76251209183e-08],
        "min": [7.02346347747e-10, 6.3118200444e-08, 7.12754939514e-08, 1.35027677928e-08, 2.68490140343e-07, 2.34670380905e-08, 7.49574439851e-07, 7.53680637899e-07, 7.0546086306e-08, 4.21972060849e-07, 1.37368135711e-06, 1.63361710293e-06, 3.44438205957e-07, 4.03100386848e-07, 1.1351771434e-07, 1.21608323411e-07, 1.64411559922e-07, 1.47156086427e-07, 9.93202320387e-08, 7.59009211038e-08, 3.1971634229e-08, 2.7937121061e-08, 2.12180495396e-08, 3.86787384343e-08, 4.70368242134e-08, 7.70578989506e-10, 3.78859400449e-12],
        "stdev": [7.19952868167e-06, 0.000591299729422, 0.00169298367109, 0.0034807221964, 0.0056236400269, 0.00423562945798, 0.00621399004012, 0.00420895032585, 0.00488004554063, 0.00233039143495, 0.00329920533113, 0.00387151865289, 0.00185204355512, 0.00129020179156, 0.00113930832595, 0.000925475324038, 0.000984377344139, 0.000661887112074, 0.000348866858985, 0.000222121932893, 0.00011526534945, 6.96526331012e-05, 5.88463044551e-05, 5.56617706025e-05, 6.34152820567e-05, 3.70722409571e-05, 8.71971010952e-08]
    },
    "erbbands": {
        "max": [0.0623624622822, 2.01414036751, 16.0975761414, 93.2329406738, 148.531082153, 180.773590088, 298.956787109, 378.578582764, 606.465942383, 1216.74047852, 997.559204102, 869.294067383, 891.168212891, 1018.48876953, 2064.07446289, 1271.20898438, 900.153503418, 504.089996338, 427.413787842, 785.22442627, 482.320037842, 513.84765625, 425.448394775, 436.324279785, 114.870986938, 84.903427124, 69.9975967407, 78.7028884888, 27.2563514709, 25.6269855499, 26.9993839264, 23.4996128082, 7.38884830475, 18.9468212128, 16.430644989, 4.00084781647, 0.754069149494, 0.0567087195814, 0.0010199843673, 0.00014110543998],
        "mean": [0.00264272210188, 0.0840834006667, 0.840299010277, 3.57217955589, 13.5066814423, 13.1062393188, 13.9382095337, 27.7902259827, 45.5533905029, 50.5564460754, 55.3380584717, 47.2060890198, 41.7135658264, 45.8632049561, 64.4370880127, 56.563495636, 43.4748535156, 29.3944511414, 31.0439662933, 27.4968643188, 27.2863235474, 40.3331451416, 29.2864456177, 12.8322696686, 6.05379867554, 5.18598890305, 3.83459329605, 2.63554739952, 1.64521610737, 1.17597270012, 0.843338608742, 0.699668705463, 0.440647363663, 0.289592951536, 0.188133269548, 0.0871688947082, 0.0230905879289, 0.00100703223143, 3.9505186578e-05, 3.34453034156e-05],
        "min": [2.2162228106e-06, 1.24735115605e-05, 0.00010610656318, 0.000270810996881, 0.000287696282612, 0.00100146001205, 0.000323463900713, 0.00111840153113, 0.014083863236, 0.0240691881627, 0.0586664043367, 0.0126742869616, 0.0368389338255, 0.0359223112464, 0.0907405763865, 0.105015330017, 0.0653301030397, 0.040915351361, 0.024898648262, 0.0324091166258, 0.0117936842144, 0.0135171050206, 0.0109256580472, 0.0058613056317, 0.00471642520279, 0.00330379419029, 0.0016585807316, 0.00111274258234, 0.00115695327986, 0.00071776821278, 0.000556398415938, 0.000705293030478, 0.000677123141941, 0.000548667972907, 0.000263308553258, 3.41656414093e-05, 1.2431291907e-06, 1.25432904952e-07, 1.11595035435e-07, 2.17907256683e-07],
        "stdev": [0.00552902696654, 0.190169721842, 1.62470531464, 6.7735285759, 18.3527793884, 20.0082569122, 21.868062973, 42.8395690918, 79.1000366211, 100.510375977, 103.772674561, 83.2134170532, 88.4442749023, 88.4303283691, 186.41192627, 110.871383667, 83.4716796875, 52.6404266357, 54.1965942383, 54.7963943481, 42.5074043274, 54.0502815247, 42.1023521423, 25.8540763855, 10.7952814102, 9.8105764389, 6.95221042633, 3.9494073391, 2.52984142303, 2.09357047081, 1.60030436516, 1.50197529793, 0.733883738518, 0.641279816628, 0.511858165264, 0.219349548221, 0.0638317912817, 0.00331645202823, 7.48648963054e-05, 2.05610467674e-05]
    },
    "gfcc": {
        "mean": [-26.6440353394, 108.400009155, -144.637680054, 9.55810546875, -71.4433364868, -0.958939492702, -56.6575164795, 1.98209738731, -28.2360534668, -11.6510620117, -20.9469184875, -4.58771562576, -11.2555522919],
        "cov": [[4379.95263672, -765.503479004, 225.860473633, 219.066436768, -152.376449585, 63.0067558289, -143.231719971, 189.660064697, -324.731018066, 254.643783569, -236.055984497, 98.5315856934, -249.473693848], [-765.503479004, 952.072814941, 180.885101318, 82.4528121948, 184.388580322, -200.943725586, -88.1556777954, -76.8065261841, 242.183822632, -169.207183838, 85.2865447998, -22.1293640137, 69.6932601929], [225.860473633, 180.885101318, 1218.42858887, 245.49609375, 42.3501777649, -24.2441291809, -274.565582275, 77.9692077637, -33.854598999, 68.1866989136, -200.792404175, 169.231155396, -89.4371261597], [219.066436768, 82.4528121948, 245.49609375, 469.115997314, 118.076774597, -6.4581861496, -149.011550903, -75.8245925903, 37.2429084778, 13.0507946014, -34.6759643555, -24.581823349, 9.38570976257], [-152.376449585, 184.388580322, 42.3501777649, 118.076774597, 323.821899414, 33.4292221069, -67.8273773193, -15.8068227768, 55.8933372498, 10.2354803085, -2.16079258919, -13.159324646, -6.83099746704], [63.0067558289, -200.943725586, -24.2441291809, -6.4581861496, 33.4292221069, 222.723266602, 130.068740845, 14.8368272781, -84.5791778564, 39.8700447083, 3.60572314262, -15.5386791229, -26.6733341217], [-143.231719971, -88.1556777954, -274.565582275, -149.011550903, -67.8273773193, 130.068740845, 336.592407227, 55.5478820801, -52.9530715942, -43.0294723511, 67.7584381104, -33.1494293213, 22.4760551453], [189.660064697, -76.8065261841, 77.9692077637, -75.8245925903, -15.8068227768, 14.8368272781, 55.5478820801, 155.347366333, -20.7137565613, 19.5584659576, -30.4973430634, 51.0181274414, -22.3883228302], [-324.731018066, 242.183822632, -33.854598999, 37.2429084778, 55.8933372498, -84.5791778564, -52.9530715942, -20.7137565613, 182.782073975, -38.0323753357, 32.064239502, -14.8175458908, 30.2379264832], [254.643783569, -169.207183838, 68.1866989136, 13.0507946014, 10.2354803085, 39.8700447083, -43.0294723511, 19.5584659576, -38.0323753357, 148.198944092, -21.566488266, -12.555811882, -33.8492965698], [-236.055984497, 85.2865447998, -200.792404175, -34.6759643555, -2.16079258919, 3.60572314262, 67.7584381104, -30.4973430634, 32.064239502, -21.566488266, 114.813903809, -22.562953949, 34.080329895], [98.5315856934, -22.1293640137, 169.231155396, -24.581823349, -13.159324646, -15.5386791229, -33.1494293213, 51.0181274414, -14.8175458908, -12.555811882, -22.562953949, 124.163192749, -4.21993589401], [-249.473693848, 69.6932601929, -89.4371261597, 9.38570976257, -6.83099746704, -26.6733341217, 22.4760551453, -22.3883228302, 30.2379264832, -33.8492965698, 34.080329895, -4.21993589401, 102.367042542]],
        "icov": [[0.000418655748945, -0.000203953430173, 0.000429158943007, -0.000535175495315, 0.000360463978723, 2.57761148532e-05, 0.000137934897793, -0.000476570799947, 0.000646943866741, -0.000624141481239, 0.000741061056033, -0.000609101320151, 0.000810110010207], [-0.000203953430173, 0.00461922585964, -0.00274145370349, 0.00126982328948, -0.00292345345952, 0.00338103389367, -0.00116001488641, 0.00118365581147, -0.00282066012733, 0.00421312078834, -0.00487940525636, 0.00346037442796, -0.000960597186349], [0.000429158943007, -0.00274145370349, 0.00361739750952, -0.00189268111717, 0.00211355998181, -0.00223711249419, 0.00142177706584, -0.00138430250809, 0.00184822303709, -0.00306386291049, 0.00511231459677, -0.00434266449884, 0.00174944638275], [-0.000535175495315, 0.00126982328948, -0.00189268111717, 0.00418480625376, -0.0017915769713, 6.51928785373e-05, 0.000569285650272, 0.00178189924918, -0.00154302758165, 0.00197519385256, -0.00197994685732, 0.00287977606058, -0.0021571200341], [0.000360463978723, -0.00292345345952, 0.00211355998181, -0.0017915769713, 0.00604068255052, -0.00403937650844, 0.00220881984569, -0.00170249852818, 0.000539600849152, -0.00254661077634, 0.0031224982813, -0.00220207357779, 0.00124112272169], [2.57761148532e-05, 0.00338103389367, -0.00223711249419, 6.51928785373e-05, -0.00403937650844, 0.0117618152872, -0.00581750739366, 0.00246375333518, 0.00089891400421, 0.000177108304342, -0.00295655452646, 0.00175329146441, 0.00126137281768], [0.000137934897793, -0.00116001488641, 0.00142177706584, 0.000569285650272, 0.00220881984569, -0.00581750739366, 0.00876496732235, -0.00466514518484, 0.00169094128069, 0.00239025661722, -0.00175946753006, 0.00170977751259, -0.00105015584268], [-0.000476570799947, 0.00118365581147, -0.00138430250809, 0.00178189924918, -0.00170249852818, 0.00246375333518, -0.00466514518484, 0.0117166619748, -0.00228122016415, -0.00133519270457, 0.00167855143081, -0.00319470930845, 0.000316870136885], [0.000646943866741, -0.00282066012733, 0.00184822303709, -0.00154302758165, 0.000539600849152, 0.00089891400421, 0.00169094128069, -0.00228122016415, 0.0108381919563, -0.00156908901408, 0.000879917759448, -0.000967152242083, 0.000600164697971], [-0.000624141481239, 0.00421312078834, -0.00306386291049, 0.00197519385256, -0.00254661077634, 0.000177108304342, 0.00239025661722, -0.00133519270457, -0.00156908901408, 0.0139460293576, -0.00639188569039, 0.00678976951167, -0.000705144077074], [0.000741061056033, -0.00487940525636, 0.00511231459677, -0.00197994685732, 0.0031224982813, -0.00295655452646, -0.00175946753006, 0.00167855143081, 0.000879917759448, -0.00639188569039, 0.0209665354341, -0.00673608900979, 0.000336096913088], [-0.000609101320151, 0.00346037442796, -0.00434266449884, 0.00287977606058, -0.00220207357779, 0.00175329146441, 0.00170977751259, -0.00319470930845, -0.000967152242083, 0.00678976951167, -0.00673608900979, 0.0166365243495, -0.00320343673229], [0.000810110010207, -0.000960597186349, 0.00174944638275, -0.0021571200341, 0.00124112272169, 0.00126137281768, -0.00105015584268, 0.000316870136885, 0.000600164697971, -0.000705144077074, 0.000336096913088, -0.00320343673229, 0.0141802625731]]
    },
    "melbands": {
        "max": [0.00105025130324, 0.00584177998826, 0.0151575580239, 0.0120836673304, 0.00789418071508, 0.00723714986816, 0.00861099269241, 0.011966557242, 0.00841683894396, 0.00483304914087, 0.00432793144137, 0.00411323830485, 0.00479131145403, 0.00551821570843, 0.00465552369133, 0.00155116745736, 0.001219526981, 0.00101391307544, 0.00188008649275, 0.00125982763711, 0.000573764438741, 0.00062061753124, 0.000831674493384, 0.000218091518036, 0.000439700088464, 8.42871522764e-05, 6.87054925947e-05, 7.57303205319e-05, 7.62120471336e-05, 4.25050675403e-05, 3.71205933334e-05, 1.54945919348e-05, 1.90310365724e-05, 1.56440128194e-05, 1.14472986752e-05, 2.30482619372e-05, 1.30424496092e-05, 6.49494904792e-06, 5.73791248826e-06, 2.03480103664e-05],
        "mean": [4.34121247963e-05, 0.000338019628543, 0.000936264113989, 0.0010301512666, 0.000483303156216, 0.000621424638666, 0.000700048112776, 0.000515113468282, 0.000492487859447, 0.000292732816888, 0.000207955541555, 0.000181830881047, 0.000202551353141, 0.00015626460663, 0.000172168351128, 6.87227002345e-05, 5.32092017238e-05, 5.21738147654e-05, 4.48251557827e-05, 3.20435465255e-05, 3.06032161461e-05, 4.20148389821e-05, 3.52527313225e-05, 1.84156888281e-05, 9.7403935797e-06, 4.80987546325e-06, 3.7870381675e-06, 3.38169479619e-06, 2.70116720458e-06, 1.77008826086e-06, 1.37465235639e-06, 9.57204179031e-07, 7.43774535295e-07, 6.12920302956e-07, 4.73371244425e-07, 4.80328026242e-07, 4.07145591907e-07, 3.16468401707e-07, 2.60709214217e-07, 2.36816248389e-07],
        "min": [3.00713907109e-08, 3.8988126505e-08, 6.51054534728e-08, 5.26338617135e-08, 1.222432644e-08, 1.3059112014e-08, 1.13161213733e-07, 2.33470217381e-07, 3.073543553e-07, 1.07815827377e-08, 3.23574056438e-08, 9.5993804905e-08, 2.822983447e-07, 1.62152346661e-07, 7.07144636181e-08, 2.65358472973e-08, 5.20967731177e-08, 3.26055200617e-08, 1.05227702107e-08, 1.13090585785e-08, 6.33683550078e-09, 1.01342454428e-08, 1.27829222762e-08, 6.71651267936e-09, 4.7046873064e-09, 2.64172350661e-09, 3.5372469398e-09, 1.89952831242e-09, 1.30074284677e-09, 5.72844494062e-10, 6.91781132378e-10, 6.86465218003e-10, 5.01494068494e-10, 3.41306927165e-10, 3.27470134343e-10, 3.38826855462e-10, 4.05857292218e-10, 4.31459173944e-10, 5.00314678575e-10, 3.92500865143e-10],
        "stdev": [0.000100289391412, 0.00063081731787, 0.00137997744605, 0.00136141048279, 0.000690972665325, 0.000903157342691, 0.00118090119213, 0.00104526989162, 0.00100502348505, 0.000536865903996, 0.000451470841654, 0.000365195679478, 0.000492349208798, 0.000448749487987, 0.000400653923862, 0.000145437865285, 0.000106076462544, 0.000103165191831, 0.000106289910036, 6.34827592876e-05, 5.25663999724e-05, 5.92187025177e-05, 5.72510180064e-05, 2.76876708085e-05, 2.35957413679e-05, 9.64216542343e-06, 7.07089475327e-06, 7.10127687853e-06, 5.78605249757e-06, 2.7122823667e-06, 2.11384917748e-06, 1.48496303609e-06, 1.34338245061e-06, 1.13882322239e-06, 8.47930550663e-07, 1.18662183013e-06, 8.47225578582e-07, 5.6619097677e-07, 4.36471935927e-07, 6.10492804753e-07]
    },
    "melbands128": {
        "max": [6.59087891108e-05, 0.000270629010629, 0.00127516454086, 0.00427438691258, 0.00769609119743, 0.00801690109074, 0.0209040027112, 0.0217817500234, 0.0197677053511, 0.0226320754737, 0.0132310185581, 0.0118104368448, 0.0127672124654, 0.0128927119076, 0.0129423420876, 0.0133111272007, 0.0161283519119, 0.0154330953956, 0.0200749486685, 0.0224287360907, 0.0181934125721, 0.010023612529, 0.0157201234251, 0.0145775964484, 0.00865729805082, 0.00918671954423, 0.0126411719248, 0.0067332778126, 0.00933912303299, 0.008605142124, 0.00519837252796, 0.0159182790667, 0.00306586758234, 0.0151083534583, 0.0127355586737, 0.00423167366534, 0.00742667121813, 0.00811491068453, 0.00499195931479, 0.00260300282389, 0.0026282502804, 0.00200423109345, 0.00125857442617, 0.00303315534256, 0.00292933150195, 0.00164633104578, 0.00169749429915, 0.00252922764048, 0.00273871235549, 0.00243279174902, 0.00211531459354, 0.00122751912568, 0.000789454730693, 0.00102476461325, 0.00146062404383, 0.00119830993935, 0.00114440766629, 0.00204135361128, 0.0011434732005, 0.000755668908823, 0.000385014078347, 0.000354142219294, 0.000399635813665, 0.000950864166953, 0.000235435029026, 0.000154647816089, 0.000226422198466, 0.000124213693198, 0.000168755868799, 8.96598576219e-05, 0.000123541700304, 0.000131672029966, 0.00024263827072, 0.000100931349152, 4.5521370339e-05, 2.5837265639e-05, 6.75711271469e-05, 0.000115010087029, 2.58435393334e-05, 3.03268370772e-05, 2.73629120784e-05, 2.51244691754e-05, 2.12643299164e-05, 2.82354558294e-05, 1.74319393409e-05, 2.09439676837e-05, 2.51632045547e-05, 2.50851117016e-05, 1.28450219563e-05, 1.50191026478e-05, 5.5951266404e-05, 2.30648656725e-05, 2.2523359803e-05, 1.30897915369e-05, 1.23955114759e-05, 9.92490004137e-06, 8.01884743851e-06, 6.43350540486e-06, 4.93269635626e-06, 8.2342139649e-06, 1.33451731017e-05, 2.5627490686e-05, 2.55412487604e-05, 1.93562100321e-05, 2.67109498964e-05, 1.4140852727e-05, 8.11969403003e-06, 8.02775048214e-06, 7.03528803569e-06, 5.100067483e-06, 7.47859849071e-06, 5.03842329636e-06, 2.38343477577e-06, 2.26764223044e-06, 1.94499330064e-06, 1.47644001913e-07, 4.22944452794e-08, 8.6627265361e-09, 8.43019254404e-09, 8.21500645287e-09, 8.02880695261e-09, 7.85129561365e-09, 7.70281438633e-09, 7.57673479512e-09, 7.46728900936e-09, 7.38112859722e-09, 7.31565963363e-09, 7.27722726523e-09],
        "mean": [2.15663726522e-06, 9.51563379203e-06, 3.73592120013e-05, 0.000149339597556, 0.000354005169356, 0.000443781260401, 0.000576700957026, 0.00108783028554, 0.00150670250878, 0.00119290268049, 0.000627556582913, 0.000415031972807, 0.000429685984273, 0.000564987945836, 0.000674737559166, 0.000551016186364, 0.00074460246833, 0.000712966604624, 0.000697449664585, 0.000571450218558, 0.000448734906968, 0.000267828901997, 0.000612659961917, 0.000604659435339, 0.000198149573407, 0.000235389525187, 0.000289234740194, 0.00015502453607, 0.000216232729144, 0.000150200372445, 0.000188632344361, 0.000212587954593, 0.00012637556938, 0.00029495486524, 0.000211383157875, 6.37811463093e-05, 0.000125301987282, 0.000295283098239, 9.78530442808e-05, 5.54044490855e-05, 8.37954576127e-05, 5.01192625961e-05, 4.20841788582e-05, 5.60381922696e-05, 7.88999095676e-05, 4.15923022956e-05, 3.4563086956e-05, 5.76263992116e-05, 4.33688073826e-05, 2.59328971879e-05, 3.29979666276e-05, 3.63561885024e-05, 2.85675396299e-05, 2.94119599857e-05, 3.07763802994e-05, 4.88461409986e-05, 4.59617149318e-05, 3.77807227778e-05, 3.06572401314e-05, 3.1345487514e-05, 1.60947747645e-05, 1.10402152131e-05, 1.23026738947e-05, 8.91059698915e-06, 6.57591726849e-06, 4.76110653835e-06, 3.80572237191e-06, 3.29806266564e-06, 4.50495826954e-06, 3.14904900733e-06, 3.28103578795e-06, 3.50366781277e-06, 3.49001993527e-06, 2.49416007136e-06, 1.9275341856e-06, 1.58491377533e-06, 1.86770807886e-06, 1.80985421139e-06, 1.25864494294e-06, 1.00785734958e-06, 9.87213184089e-07, 9.63072352533e-07, 7.88280829056e-07, 7.25083680209e-07, 7.17051534593e-07, 6.31697105291e-07, 5.98599115165e-07, 5.17520561516e-07, 4.60534607782e-07, 4.23357676027e-07, 5.06197636696e-07, 5.02951422732e-07, 4.45074846311e-07, 4.09131473589e-07, 3.86873495017e-07, 3.37812849693e-07, 2.92707397875e-07, 2.94936484124e-07, 2.63048775651e-07, 2.40865517753e-07, 2.49478631531e-07, 2.3451816844e-07, 2.21380773269e-07, 2.53789863791e-07, 2.15562792505e-07, 1.96693108023e-07, 1.78869157708e-07, 1.68144808299e-07, 1.40948401395e-07, 1.39478672168e-07, 1.36937899242e-07, 1.03849927768e-07, 7.01206559484e-08, 3.31058913616e-08, 1.30951267607e-08, 2.71336042523e-09, 5.71260982962e-10, 3.05120963218e-11, 2.78283871641e-11, 2.54933105875e-11, 2.3648895342e-11, 2.36785417662e-11, 2.27111749546e-11, 2.1661087854e-11, 1.86046299894e-11, 1.4564269929e-11, 1.22298178529e-11, 1.18014183495e-11],
        "min": [5.83854964376e-10, 1.06112474363e-09, 1.79467321004e-08, 7.58084173214e-09, 1.70018199519e-09, 2.84057293243e-08, 4.95554388635e-08, 1.04052926275e-08, 2.15348130439e-08, 3.39888970302e-08, 1.29857031794e-08, 1.10062750025e-08, 2.39093544963e-09, 2.22289120444e-09, 1.44908363087e-09, 4.37910907536e-09, 1.21211645165e-08, 5.71128566662e-09, 1.51806929694e-07, 3.46776829474e-08, 1.08517383524e-07, 3.89490004693e-08, 1.33353008636e-08, 1.07767466062e-08, 3.67390917688e-09, 2.69402056219e-09, 6.04144290151e-09, 1.42880542953e-08, 4.64404621425e-08, 7.59494866998e-08, 5.78654280048e-08, 3.4538555127e-08, 7.48045465571e-08, 1.77149601654e-08, 6.96709179238e-08, 1.3703702173e-08, 2.26718626095e-08, 4.60460043428e-08, 5.9983854328e-08, 1.98064977752e-08, 1.01684687337e-08, 1.09470654763e-08, 1.73271477166e-08, 8.0319271234e-09, 1.28845565328e-08, 9.62602975108e-09, 4.98056262899e-09, 7.86489007254e-09, 6.79019063199e-09, 3.88412590979e-09, 2.88904367096e-09, 3.79797704397e-09, 4.1746810453e-09, 5.93160853768e-09, 4.29366719956e-09, 9.83030545854e-09, 9.30416188538e-09, 2.89233015316e-09, 6.18598683388e-09, 4.79651607321e-09, 3.03616776165e-09, 1.70770908525e-09, 2.47059195324e-09, 2.13299733431e-09, 1.0497737124e-09, 9.87768089544e-10, 2.08671213642e-09, 2.1485366819e-09, 1.84542059412e-09, 1.27560573215e-09, 1.03654185235e-09, 8.45849390529e-10, 1.3855800951e-09, 8.14548206662e-10, 3.65329738683e-10, 7.01900537692e-10, 5.17798748323e-10, 3.47771977882e-10, 6.428307886e-10, 7.1777317423e-10, 4.0722536454e-10, 5.37921041044e-10, 3.50518392089e-10, 3.68855196387e-10, 2.35065245047e-10, 2.67900729378e-10, 2.23456253501e-10, 2.65077959583e-10, 2.6684215948e-10, 1.80469986177e-10, 2.0627664854e-10, 1.46693421299e-10, 4.39601854918e-10, 4.53982629267e-10, 1.84783591206e-10, 3.55982160416e-10, 3.76217085263e-10, 3.11747683224e-10, 2.23844984215e-10, 2.53865539701e-10, 4.54614429435e-10, 2.73641775905e-10, 2.14731413206e-10, 2.04971567497e-10, 1.34650054995e-10, 1.07906766855e-10, 5.3955614282e-11, 4.30027237777e-12, 1.73771411214e-13, 2.15095438206e-13, 2.09311870137e-14, 1.70977327348e-14, 1.81328578183e-14, 1.84937802512e-14, 1.75621541235e-14, 2.04485154531e-14, 1.44010762923e-14, 1.32853517887e-14, 1.52894241186e-14, 1.32864749544e-14, 1.29104838053e-14, 1.48077537509e-14, 1.22813543189e-14, 1.10776366446e-14, 9.87249341387e-15, 4.29763638075e-15, 6.59722093002e-16, 1.96262563137e-17],
        "stdev": [4.88420391775e-06, 2.33478258451e-05, 9.48723754846e-05, 0.000375822157366, 0.000793164712377, 0.000846024369821, 0.00144406035542, 0.00192450266331, 0.00224565621465, 0.00193483452313, 0.00131033838261, 0.000860767846461, 0.000856559141539, 0.001149553922, 0.00130538095254, 0.00114802143071, 0.00164694851264, 0.00161698099691, 0.00182650634088, 0.0014796834439, 0.00132733373903, 0.00072815263411, 0.00156055320986, 0.00162595824804, 0.000511261983775, 0.000701696961187, 0.00112315500155, 0.000415102316765, 0.000572430726606, 0.000488748599309, 0.000493925705086, 0.000750699720811, 0.000312545482302, 0.0012846031459, 0.000892235315405, 0.000229001278058, 0.000375196657842, 0.000783143506851, 0.000294931785902, 0.000165942576132, 0.000221558206249, 0.000131710345158, 0.000108742140583, 0.000186990961083, 0.000221547772526, 0.00011591360817, 0.000112282992632, 0.000171976964339, 0.000134350615554, 0.000105863022327, 8.34765451145e-05, 7.78526518843e-05, 6.74367911415e-05, 7.4227078585e-05, 7.5882395322e-05, 8.36437975522e-05, 8.39555068524e-05, 0.000105797764263, 6.52336093481e-05, 6.1985469074e-05, 3.23983913404e-05, 2.61485038209e-05, 3.51001763192e-05, 3.5903580283e-05, 1.677704131e-05, 1.16555656859e-05, 1.15571356218e-05, 7.04091326043e-06, 1.1363226804e-05, 8.36144226923e-06, 9.20133425097e-06, 9.75071452558e-06, 1.15754628496e-05, 6.49694402455e-06, 3.89519482269e-06, 2.78619086203e-06, 3.53625500793e-06, 3.96666246161e-06, 2.17921865442e-06, 1.76056676082e-06, 1.73944727067e-06, 1.66731024365e-06, 1.52236805206e-06, 1.52432346567e-06, 1.41903410622e-06, 1.31760873501e-06, 1.24145321934e-06, 1.0664302863e-06, 8.47199487453e-07, 8.46078137329e-07, 1.58682598794e-06, 1.43397210195e-06, 1.23458323742e-06, 8.78243838542e-07, 8.20057437068e-07, 7.16141983048e-07, 5.55988606266e-07, 4.96296081565e-07, 4.50474004765e-07, 4.54212113254e-07, 5.92502999552e-07, 7.02454713064e-07, 6.93089930337e-07, 6.63986497784e-07, 7.3555020208e-07, 5.41756946859e-07, 4.6914223617e-07, 4.5799504278e-07, 3.77240155558e-07, 3.58644825837e-07, 3.91037673353e-07, 3.04320849409e-07, 2.01383159038e-07, 1.39761098694e-07, 7.00041269397e-08, 1.02246344724e-08, 2.27940821773e-09, 2.9739222196e-10, 2.82969425669e-10, 2.67820432498e-10, 2.56429821821e-10, 2.536492405e-10, 2.46489245681e-10, 2.40519548722e-10, 2.3313931341e-10, 2.2693123769e-10, 2.23913512731e-10, 2.22566867714e-10]
    },
    "mfcc": {
        "mean": [-662.814758301, 139.708984375, -19.3421783447, 5.39521408081, -1.90174341202, -10.8957290649, -17.5803833008, -1.45996642113, -6.61805343628, -14.4114942551, -8.46042251587, -1.49299359322, -9.54118537903],
        "cov": [[4615.21191406, -786.983764648, -78.4514389038, 50.5421867371, -128.207290649, -43.2337379456, 165.850891113, -127.044151306, -74.3049926758, 79.2993469238, 45.8750801086, 14.7887458801, -191.750595093], [-786.983764648, 896.846313477, 136.561141968, 101.430213928, 208.930252075, -94.5155487061, -205.886489868, 79.8075866699, 24.335899353, -95.4433135986, 23.1790466309, 71.0441818237, -6.90447378159], [-78.4514389038, 136.561141968, 874.19744873, 205.934738159, 149.205505371, 2.92665815353, -103.376174927, 22.3399162292, 33.0818939209, -71.5471343994, -32.9776954651, -14.1644201279, -3.57474160194], [50.5421867371, 101.430213928, 205.934738159, 349.313720703, 234.978393555, 42.2182731628, -118.357292175, -26.981880188, 8.73605728149, 1.10444712639, -10.3794784546, -34.543094635, -31.5052452087], [-128.207290649, 208.930252075, 149.205505371, 234.978393555, 443.425262451, 77.4450454712, -172.529052734, -41.6604232788, 3.94466328621, 1.82554340363, 22.4661102295, -25.6683082581, -29.7697410583], [-43.2337379456, -94.5155487061, 2.92665815353, 42.2182731628, 77.4450454712, 190.711578369, 63.9559059143, -18.8104953766, -15.388625145, 50.052482605, 4.28806781769, -32.4510345459, 22.7908840179], [165.850891113, -205.886489868, -103.376174927, -118.357292175, -172.529052734, 63.9559059143, 313.855224609, 44.9607200623, 9.07544231415, 63.7747116089, -12.1947956085, -5.9072303772, 61.9180526733], [-127.044151306, 79.8075866699, 22.3399162292, -26.981880188, -41.6604232788, -18.8104953766, 44.9607200623, 177.30090332, 53.781414032, -62.6111984253, -1.87494134903, 52.8626327515, 14.1648683548], [-74.3049926758, 24.335899353, 33.0818939209, 8.73605728149, 3.94466328621, -15.388625145, 9.07544231415, 53.781414032, 92.4838638306, 3.28364348412, -0.311646342278, 12.0450296402, 7.14953613281], [79.2993469238, -95.4433135986, -71.5471343994, 1.10444712639, 1.82554340363, 50.052482605, 63.7747116089, -62.6111984253, 3.28364348412, 143.821670532, 23.4230079651, -44.9179153442, 8.32044506073], [45.8750801086, 23.1790466309, -32.9776954651, -10.3794784546, 22.4661102295, 4.28806781769, -12.1947956085, -1.87494134903, -0.311646342278, 23.4230079651, 88.0227279663, 39.528465271, -19.0685482025], [14.7887458801, 71.0441818237, -14.1644201279, -34.543094635, -25.6683082581, -32.4510345459, -5.9072303772, 52.8626327515, 12.0450296402, -44.9179153442, 39.528465271, 119.169631958, 19.3282699585], [-191.750595093, -6.90447378159, -3.57474160194, -31.5052452087, -29.7697410583, 22.7908840179, 61.9180526733, 14.1648683548, 7.14953613281, 8.32044506073, -19.0685482025, 19.3282699585, 108.961471558]],
        "icov": [[0.000318677717587, 0.000295870937407, -1.98248071683e-05, -0.000172899031895, -9.1705689556e-05, 0.000284804700641, -0.000304599961964, 0.000151786589413, 0.000209719975828, -0.000103004924313, 0.00010300806025, -0.00050052680308, 0.000698565738276], [0.000295870937407, 0.00193472532555, -7.60490438552e-05, -9.85368096735e-05, -0.000900633865967, 0.00111216830555, 0.000409741915064, -0.000820233370177, 0.000526262738276, -9.32213661144e-05, -7.03734840499e-05, -0.000817975436803, 0.000112753485155], [-1.98248071683e-05, -7.60490438552e-05, 0.00143736728933, -0.00076512171654, -4.34559842688e-06, -7.41665717214e-05, 6.00324565312e-05, 9.1109846835e-05, -0.000561178720091, 0.000862835731823, 2.49485965469e-05, 0.00036630561226, -0.000335087766871], [-0.000172899031895, -9.85368096735e-05, -0.00076512171654, 0.00527396984398, -0.00214808154851, -0.000545508926734, 0.000864785746671, -0.000269952841336, -0.000302122323774, -0.000851485179737, 0.00137907988392, 0.000233137034229, 0.00054502976127], [-9.1705689556e-05, -0.000900633865967, -4.34559842688e-06, -0.00214808154851, 0.00516057480127, -0.00258102198131, 0.00195231474936, 0.000565009017009, -0.000901511462871, 0.000254814309301, -0.00146413734183, 0.000926382897887, -0.000453624408692], [0.000284804700641, 0.00111216830555, -7.41665717214e-05, -0.000545508926734, -0.00258102198131, 0.0085409572348, -0.00231302087195, -0.000818418397103, 0.00225149327889, -0.00127962173428, -0.000913714349736, 0.000913378316909, -0.0010312841041], [-0.000304599961964, 0.000409741915064, 6.00324565312e-05, 0.000864785746671, 0.00195231474936, -0.00231302087195, 0.00708896014839, -0.00296839466318, 0.000347851164406, -0.00298286858015, 0.000677403528243, 0.000557188061066, -0.00265865400434], [0.000151786589413, -0.000820233370177, 9.1109846835e-05, -0.000269952841336, 0.000565009017009, -0.000818418397103, -0.00296839466318, 0.0111308237538, -0.00598858203739, 0.00529295578599, -0.000341007893439, -0.00223693624139, 0.00103133055381], [0.000209719975828, 0.000526262738276, -0.000561178720091, -0.000302122323774, -0.000901511462871, 0.00225149327889, 0.000347851164406, -0.00598858203739, 0.0152315134183, -0.00441875308752, 0.00119269452989, -0.000982808414847, -0.000118687930808], [-0.000103004924313, -9.32213661144e-05, 0.000862835731823, -0.000851485179737, 0.000254814309301, -0.00127962173428, -0.00298286858015, 0.00529295578599, -0.00441875308752, 0.0145909953862, -0.00692741153762, 0.00572149874642, -0.00211232248694], [0.00010300806025, -7.03734840499e-05, 2.49485965469e-05, 0.00137907988392, -0.00146413734183, -0.000913714349736, 0.000677403528243, -0.000341007893439, 0.00119269452989, -0.00692741153762, 0.0196289010346, -0.0101156365126, 0.00570708047599], [-0.00050052680308, -0.000817975436803, 0.00036630561226, 0.000233137034229, 0.000926382897887, 0.000913378316909, 0.000557188061066, -0.00223693624139, -0.000982808414847, 0.00572149874642, -0.0101156365126, 0.0171038154513, -0.005993665196], [0.000698565738276, 0.000112753485155, -0.000335087766871, 0.00054502976127, -0.000453624408692, -0.0010312841041, -0.00265865400434, 0.00103133055381, -0.000118687930808, -0.00211232248694, 0.00570708047599, -0.005993665196, 0.0142601681873]]
    },
    "spectral_contrast_coeffs": {
        "max": [-0.322652637959, -0.408432662487, -0.349227666855, -0.510409474373, -0.5442289114, -0.663534998894],
        "mean": [-0.633997142315, -0.700211703777, -0.727349996567, -0.776152789593, -0.754146337509, -0.78321903944],
        "min": [-0.888833582401, -0.949247777462, -0.900037884712, -0.896886825562, -0.886167168617, -0.898852586746],
        "stdev": [0.0808568969369, 0.0904511362314, 0.0903481170535, 0.0578403957188, 0.0596595220268, 0.0359696932137]
    },
    "spectral_contrast_valleys": {
        "max": [-5.15174865723, -4.39966201782, -5.43505477905, -5.88305902481, -6.18417167664, -8.60217761993],
        "mean": [-7.30901288986, -6.63100814819, -7.38999938965, -7.62097835541, -8.0131483078, -10.6227502823],
        "min": [-10.9916963577, -10.0034914017, -10.0188846588, -10.4258394241, -10.8836727142, -13.3152780533],
        "stdev": [0.960363864899, 0.78549683094, 0.753410995007, 0.73723089695, 0.81548500061, 0.861059844494]
    }
},
"rhythm": {
    "beats_count": 135,
    "beats_loudness": {
        "max": 0.0672706589103,
        "mean": 0.0339488908648,
        "min": 0.0037161258515,
        "stdev": 0.0134222442284
    },
    "bpm": 165.521728516,
    "bpm_histogram_first_peak_bpm": 167,
    "bpm_histogram_first_peak_weight": 0,
    "bpm_histogram_second_peak_bpm": 172,
    "bpm_histogram_second_peak_spread": 0,
    "bpm_histogram_second_peak_weight": 0.320895522833,
    "danceability": 1.15717732906,
    "onset_rate": 4.060546875,
    "beats_loudness_band_ratio": {
        "max": [0.622179269791, 0.766948521137, 0.967359662056, 0.992882072926, 0.515875637531, 0.136132881045],
        "mean": [0.193854734302, 0.268581718206, 0.323937803507, 0.186460137367, 0.0990015491843, 0.0190856214613],
        "min": [0.000166128695128, 0.000405145692639, 0.00103560113348, 0.00880288053304, 0.00294650369324, 0.000215315201785],
        "stdev": [0.17641030252, 0.191621303558, 0.205747678876, 0.210015550256, 0.100304991007, 0.0207266528159]
    },
