{
"metadata": {
    "version": {
        "essentia": "2.1-beta5",
        "essentia_git_sha": "Undefined",
        "extractor": "music 2.0"
    },
    "audio_properties": {
        "analysis": {
            "equal_loudness": 0,
            "length": 48.7502937317,
            "sample_rate": 44100,
            "start_time": 142.744674683,
            "downmix": "mix"
        },
        "bit_rate": 192000,
        "length": 217.002105713,
        "lossless": 0,
        "number_channels": 2,
        "replay_gain": -10.2441101074,
        "sample_rate": 48000,
        "codec": "mp3",
        "md5_encoded": "0b57e3b9503eab72f27522665ed6134d"
    },
    "tags": {
        "file_name": "Norway_Sámiid Ædnan_Sverre Kjellsberg _ Mattis Hætta.mp3",
        "encoding": ["Lavf58.29.100"]
    }
},
"lowlevel": {
    "average_loudness": 0.869282245636,
    "barkbands_crest": {
        "max": 25.0025291443,
        "mean": 10.1197042465,
        "min": 2.94459748268,
        "stdev": 4.47230386734
    },
    "barkbands_flatness_db": {
        "max": 0.333958655596,
        "mean": 0.171969667077,
        "min": 0.0675884187222,
        "stdev": 0.0480810701847
    },
    "barkbands_kurtosis": {
        "max": 71.9990921021,
        "mean": 2.97348308563,
        "min": -1.83076548576,
        "stdev": 6.13091135025
    },
    "barkbands_skewness": {
        "max": 7.64551877975,
        "mean": 1.09486353397,
        "min": -2.03034043312,
        "stdev": 1.00655543804
    },
    "barkbands_spread": {
        "max": 70.3457489014,
        "mean": 15.0956506729,
        "min": 1.60689437389,
        "stdev": 8.07366752625
    },
    "dissonance": {
        "max": 0.499105572701,
        "mean": 0.441047549248,
        "min": 0.191357165575,
        "stdev": 0.0470420718193
    },
    "dynamic_complexity": 4.42097616196,
    "erbbands_crest": {
        "max": 31.6180667877,
        "mean": 11.2071437836,
        "min": 3.15981817245,
        "stdev": 5.65039300919
    },
    "erbbands_flatness_db": {
        "max": 0.385916888714,
        "mean": 0.220314845443,
        "min": 0.0899023711681,
        "stdev": 0.0484396144748
    },
    "erbbands_kurtosis": {
        "max": 46.1905441284,
        "mean": 1.53256571293,
        "min": -1.64272379875,
        "stdev": 3.86598730087
    },
    "erbbands_skewness": {
        "max": 5.00430250168,
        "mean": 0.494949400425,
        "min": -2.94832539558,
        "stdev": 0.912380158901
    },
    "erbbands_spread": {
        "max": 91.4706954956,
        "mean": 25.0079059601,
        "min": 2.34990215302,
        "stdev": 13.0715427399
    },
    "hfc": {
        "max": 89.2240905762,
        "mean": 19.6760787964,
        "min": 0.00291229598224,
        "stdev": 16.3900775909
    },
    "loudness_ebu128": {
        "integrated": -13.8863277435,
        "loudness_range": 6.9464635849,
        "momentary": {
            "max": -9.98048400879,
            "mean": -16.3112030029,
            "min": -36.8480911255,
            "stdev": 5.69103240967
        },
        "short_term": {
            "max": -11.9762706757,
            "mean": -15.4258460999,
            "min": -31.0603694916,
            "stdev": 4.34576845169
        }
    },
    "melbands_crest": {
        "max": 31.1910324097,
        "mean": 12.4376020432,
        "min": 3.88334417343,
        "stdev": 5.10056734085
    },
    "melbands_flatness_db": {
        "max": 0.381677001715,
        "mean": 0.196774601936,
        "min": 0.0258500315249,
        "stdev": 0.0529775209725
    },
    "melbands_kurtosis": {
        "max": 119.665939331,
        "mean": 5.62717676163,
        "min": -1.81858623028,
        "stdev": 8.98189735413
    },
    "melbands_skewness": {
        "max": 9.08793354034,
        "mean": 1.51364588737,
        "min": -1.80402767658,
        "stdev": 1.14702785015
    },
    "melbands_spread": {
        "max": 140.639877319,
        "mean": 21.8246040344,
        "min": 1.90066969395,
        "stdev": 12.9984502792
    },
    "pitch_salience": {
        "max": 0.853514909744,
        "mean": 0.58004629612,
        "min": 0.186762839556,
        "stdev": 0.102326594293
    },
    "silence_rate_20dB": {
        "max": 1,
        "mean": 1,
        "min": 1,
        "stdev": 0
    },
    "silence_rate_30dB": {
        "max": 1,
        "mean": 1,
        "min": 1,
        "stdev": 0
    },
    "silence_rate_60dB": {
        "max": 1,
        "mean": 0.16182769835,
        "min": 0,
        "stdev": 0.36829289794
    },
    "spectral_centroid": {
        "max": 4184.73291016,
        "mean": 1209.23950195,
        "min": 297.911376953,
        "stdev": 486.467315674
    },
    "spectral_complexity": {
        "max": 44,
        "mean": 17.3845787048,
        "min": 0,
        "stdev": 9.73116874695
    },
    "spectral_decrease": {
        "max": -1.1864662898e-12,
        "mean": -5.12394571217e-09,
        "min": -2.2946064604e-08,
        "stdev": 4.08807299124e-09
    },
    "spectral_energy": {
        "max": 0.0912690460682,
        "mean": 0.0211236421019,
        "min": 4.74217358715e-06,
        "stdev": 0.016727887094
    },
    "spectral_energyband_high": {
        "max": 0.00937120709568,
        "mean": 0.000241447007284,
        "min": 3.69633035291e-08,
        "stdev": 0.000589489005506
    },
    "spectral_energyband_low": {
        "max": 0.0160519313067,
        "mean": 0.00101926701609,
        "min": 1.17068331917e-07,
        "stdev": 0.00198745727539
    },
    "spectral_energyband_middle_high": {
        "max": 0.0444406419992,
        "mean": 0.00765169737861,
        "min": 7.46115972561e-07,
        "stdev": 0.00733802048489
    },
    "spectral_energyband_middle_low": {
        "max": 0.0810345634818,
        "mean": 0.0126515561715,
        "min": 3.80896381103e-06,
        "stdev": 0.0120135163888
    },
    "spectral_entropy": {
        "max": 8.46729660034,
        "mean": 7.25536775589,
        "min": 5.82491874695,
        "stdev": 0.408907473087
    },
    "spectral_flux": {
        "max": 0.217822238803,
        "mean": 0.0730102211237,
        "min": 0.0018291187007,
        "stdev": 0.041158080101
    },
    "spectral_kurtosis": {
        "max": 27.5035648346,
        "mean": 6.03893470764,
        "min": -0.635827541351,
        "stdev": 3.1296081543
    },
    "spectral_rms": {
        "max": 0.00943625811487,
        "mean": 0.00408094841987,
        "min": 6.8018460297e-05,
        "stdev": 0.0019885355141
    },
    "spectral_rolloff": {
        "max": 9323.87695312,
        "mean": 1468.66955566,
        "min": 193.798828125,
        "stdev": 872.736206055
    },
    "spectral_skewness": {
        "max": 3.81641364098,
        "mean": 1.72527372837,
        "min": 0.29484257102,
        "stdev": 0.43040573597
    },
    "spectral_spread": {
        "max": 13168006,
        "mean": 3409867.5,
        "min": 1757997.625,
        "stdev": 1022491.3125
    },
    "spectral_strongpeak": {
        "max": 10.6635408401,
        "mean": 1.63804686069,
        "min": 0.0031489606481,
        "stdev": 1.66957807541
    },
    "zerocrossingrate": {
        "max": 0.2392578125,
        "mean": 0.053192909807,
        "min": 0.009765625,
        "stdev": 0.0213190428913
    },
    "barkbands": {
        "max": [0.000160958908964, 0.0071466146037, 0.0119420690462, 0.0142496014014, 0.0371013954282, 0.0171588975936, 0.0370045639575, 0.0414870083332, 0.0664110183716, 0.0238889381289, 0.0190820097923, 0.0245999414474, 0.0325090810657, 0.0162175223231, 0.00875315628946, 0.0150352213532, 0.010966825299, 0.00393517501652, 0.00492717325687, 0.00374264502898, 0.000982107128948, 0.00426972331479, 0.00182255276013, 0.00469491770491, 0.00252160942182, 0.000410951150116, 7.28474390144e-07],
        "mean": [4.413555871e-06, 0.000235605664784, 0.000451290077763, 0.00102885661181, 0.00272504310124, 0.00107414205559, 0.00151676870883, 0.00145013374276, 0.00462117092684, 0.00137408298906, 0.00097740162164, 0.000732628337573, 0.00152153393719, 0.000582037610002, 0.000650904956274, 0.000669616798405, 0.000525604584254, 0.000356253847713, 0.000283075904008, 0.000147522165207, 3.8740785385e-05, 5.33585662197e-05, 3.83757942473e-05, 3.84654667869e-05, 1.98698216991e-05, 6.75871024214e-06, 3.91626597818e-09],
        "min": [2.93568030996e-10, 2.1107847914e-08, 3.40397598997e-09, 3.80926579169e-08, 8.46744683258e-07, 3.32548921733e-08, 3.70149990658e-08, 5.08714563807e-08, 1.37544304835e-07, 3.08954781758e-08, 1.01133830199e-08, 3.57126737072e-08, 1.01822532628e-08, 1.02073709485e-08, 8.39487501736e-09, 5.05286124053e-09, 2.43395810173e-08, 6.53859055788e-09, 2.83315793048e-09, 8.32074587009e-09, 5.71134917138e-09, 1.246189818e-08, 4.69841987538e-09, 3.03380920386e-09, 3.83970322204e-09, 1.12070470959e-10, 1.46816760138e-11],
        "stdev": [1.00985371319e-05, 0.000716393056791, 0.0011529494077, 0.00162012968212, 0.00368433189578, 0.00164551683702, 0.00276239425875, 0.00336311431602, 0.00888450350612, 0.00262511731125, 0.00198023929261, 0.00171382387634, 0.00299604283646, 0.00107239943463, 0.0010351431556, 0.00135596294422, 0.000854674435686, 0.000475328328321, 0.000370894616935, 0.000250253884587, 6.10137176409e-05, 0.000156559035531, 0.000103544480226, 0.000217287175474, 0.00011654014088, 2.65803591901e-05, 2.79012066784e-08]
    },
    "erbbands": {
        "max": [0.0761245116591, 2.16888284683, 12.4595918655, 24.6036128998, 144.177322388, 129.2550354, 132.096878052, 186.662094116, 361.735015869, 393.440032959, 893.920959473, 2072.15112305, 666.916870117, 1086.92053223, 791.884094238, 840.491333008, 1780.74682617, 766.330932617, 583.497558594, 1127.14550781, 734.697753906, 377.145446777, 184.982376099, 278.188049316, 196.635665894, 196.73223877, 27.9737014771, 83.1471862793, 188.358932495, 64.9769287109, 51.6930847168, 78.3753356934, 105.908103943, 44.1855621338, 6.61664581299, 1.75287377834, 1.18665468693, 0.0525496713817, 0.00106915505603, 0.000111302055302],
        "mean": [0.00210921559483, 0.0751079320908, 0.511645019054, 1.85891485214, 7.21760797501, 9.4913520813, 7.59421205521, 9.69267749786, 16.9238872528, 27.5148143768, 41.3652305603, 128.878463745, 41.8195037842, 45.8398857117, 45.3509941101, 32.5446548462, 77.6194763184, 28.8551769257, 39.3516349792, 43.7430038452, 28.6943092346, 25.4647579193, 20.4486064911, 16.5676746368, 12.9246225357, 7.39957380295, 1.88369226456, 1.60843575001, 1.98316347599, 1.39766728878, 1.02697360516, 0.956687986851, 0.542308628559, 0.283242762089, 0.104849658906, 0.0352357961237, 0.0137418266386, 0.000484117423184, 2.4606293664e-05, 2.64846657956e-05],
        "min": [4.75972967706e-07, 5.21393894815e-06, 3.27237939928e-05, 0.00015105647617, 0.00155564351007, 0.00275349174626, 0.0038336343132, 0.00343540427275, 0.00130120874383, 0.00667468598112, 0.00368324061856, 0.0100023178384, 0.00227677612565, 0.000869538926054, 0.00112425768748, 0.00229181093164, 0.000897782563698, 0.000504985859152, 0.000452347565442, 0.000422269513365, 0.00043240422383, 0.00143185199704, 0.000465712713776, 0.000363538012607, 0.000336862372933, 0.000417734321672, 0.000209412362892, 0.00025733342045, 0.000640442885924, 0.000155958812684, 0.000136168673635, 7.62808704167e-05, 5.0510505389e-05, 3.8810139813e-05, 2.61984459939e-05, 8.73679437063e-06, 4.29698076232e-07, 6.44123261395e-08, 5.83543773303e-08, 3.73535229414e-08],
        "stdev": [0.00570386787876, 0.219945237041, 1.26897644997, 2.78839063644, 12.4143896103, 12.5983352661, 9.80091285706, 15.0267896652, 32.8931045532, 41.9120254517, 80.0101394653, 263.288696289, 64.0664978027, 90.9860839844, 84.4400787354, 59.4728240967, 155.300613403, 51.1639862061, 61.1877746582, 91.3107757568, 54.0326156616, 34.5056266785, 25.1023197174, 21.0966682434, 19.5295410156, 11.5466833115, 2.5102751255, 3.35577750206, 6.10349798203, 3.51114726067, 2.82294416428, 4.18373918533, 3.89796495438, 1.96671283245, 0.425863802433, 0.124567650259, 0.0614167302847, 0.00245209643617, 5.84639674344e-05, 2.09809622902e-05]
    },
    "gfcc": {
        "mean": [-48.2427597046, 110.711997986, -161.94303894, 14.2869949341, -79.0697021484, 1.29739165306, -48.2782211304, -1.94936299324, -26.5805473328, -16.2259235382, -17.6953697205, -13.1028776169, -11.9148597717],
        "cov": [[8707.27832031, -783.515258789, -653.953979492, -65.4997787476, 776.762451172, 381.338195801, -224.814727783, 686.71472168, -254.512649536, 82.9665527344, 70.3807830811, -94.6977386475, -397.914215088], [-783.515258789, 745.121704102, 13.6108541489, 45.5459136963, 79.6847991943, -40.1765098572, 179.502197266, -81.4264221191, 133.68850708, -126.68044281, 123.887832642, -74.3639984131, 85.3542404175], [-653.953979492, 13.6108541489, 716.532287598, 131.026809692, -79.3532943726, 87.7806091309, -35.2241592407, 15.2417526245, -79.5819625854, 57.6629486084, -117.919891357, 90.4738235474, -33.638053894], [-65.4997787476, 45.5459136963, 131.026809692, 275.213562012, 105.390693665, -7.65253734589, -77.8614273071, -16.421415329, -4.29124069214, 29.2160549164, -3.77632522583, -20.8004570007, 22.2087020874], [776.762451172, 79.6847991943, -79.3532943726, 105.390693665, 330.149261475, 32.7845191956, -86.1392745972, 61.6231842041, -11.2977466583, 31.3517932892, 17.6676502228, -39.0651283264, -26.691160202], [381.338195801, -40.1765098572, 87.7806091309, -7.65253734589, 32.7845191956, 202.70640564, 67.4318161011, 34.5800933838, -41.087146759, 18.143535614, -6.56761646271, 8.91862392426, -27.7242927551], [-224.814727783, 179.502197266, -35.2241592407, -77.8614273071, -86.1392745972, 67.4318161011, 266.364532471, 4.19956493378, 9.73220157623, -61.6010856628, 51.9759635925, -8.26669979095, 14.3095979691], [686.71472168, -81.4264221191, 15.2417526245, -16.421415329, 61.6231842041, 34.5800933838, 4.19956493378, 164.217636108, 2.02731919289, 13.1336269379, -5.78180122375, 4.23736333847, -40.9823684692], [-254.512649536, 133.68850708, -79.5819625854, -4.29124069214, -11.2977466583, -41.087146759, 9.73220157623, 2.02731919289, 162.251937866, -5.5492682457, 24.77368927, -30.3489837646, 30.4143409729], [82.9665527344, -126.68044281, 57.6629486084, 29.2160549164, 31.3517932892, 18.143535614, -61.6010856628, 13.1336269379, -5.5492682457, 112.926986694, -21.5696105957, 17.0248012543, -26.6286067963], [70.3807830811, 123.887832642, -117.919891357, -3.77632522583, 17.6676502228, -6.56761646271, 51.9759635925, -5.78180122375, 24.77368927, -21.5696105957, 115.226104736, -13.1142501831, 17.5892658234], [-94.6977386475, -74.3639984131, 90.4738235474, -20.8004570007, -39.0651283264, 8.91862392426, -8.26669979095, 4.23736333847, -30.3489837646, 17.0248012543, -13.1142501831, 83.9902420044, 0.736918747425], [-397.914215088, 85.3542404175, -33.638053894, 22.2087020874, -26.691160202, -27.7242927551, 14.3095979691, -40.9823684692, 30.4143409729, -26.6286067963, 17.5892658234, 0.736918747425, 82.7295608521]],
        "icov": [[0.000355705415132, 2.85778278339e-05, 0.000479585956782, -0.000127432576846, -0.000225452764425, -0.000607844442129, 0.000448656996014, -0.00112152379006, 0.000440779695055, 0.00030877449899, -0.000207710501854, -5.75764079258e-06, 0.000982537865639], [2.85778278339e-05, 0.00749854603782, -0.00460370164365, 0.00211793533526, -0.00622225226834, 0.00301800784655, -0.00494613312185, 0.00463870307431, -0.00530774891376, 0.00544819841161, -0.00603587320074, 0.00428059743717, -0.00293196784332], [0.000479585956782, -0.00460370164365, 0.00626147957519, -0.00355587736703, 0.00464237341657, -0.00369169539772, 0.00349347502925, -0.00468647992238, 0.00404312927276, -0.002991234418, 0.00554350344464, -0.00513425376266, 0.00430968310684], [-0.000127432576846, 0.00211793533526, -0.00355587736703, 0.00700406683609, -0.00383903994225, 0.00170356000308, -0.000574974226765, 0.00240735849366, -0.00126756587997, 0.000380823854357, -0.00306804385036, 0.00417536869645, -0.00429612863809], [-0.000225452764425, -0.00622225226834, 0.00464237341657, -0.00383903994225, 0.0104918461293, -0.00363051681779, 0.00553327891976, -0.00503599038348, 0.00471677817404, -0.00486331991851, 0.00427555991337, -0.00231736060232, 0.00278217485175], [-0.000607844442129, 0.00301800784655, -0.00369169539772, 0.00170356000308, -0.00363051681779, 0.00934961438179, -0.00549321901053, 0.0033839601092, -0.00167353032157, 7.07009385224e-05, -0.00188188639004, 0.00210060901009, -0.00238793483004], [0.000448656996014, -0.00494613312185, 0.00349347502925, -0.000574974226765, 0.00553327891976, -0.00549321901053, 0.0103411730379, -0.00517240632325, 0.00395849905908, -0.000695211754646, 0.000954938353971, -0.0016453396529, 0.00256172334775], [-0.00112152379006, 0.00463870307431, -0.00468647992238, 0.00240735849366, -0.00503599038348, 0.0033839601092, -0.00517240632325, 0.0144225973636, -0.00613525742665, 0.00277387583628, -0.00278376974165, 0.00134756206535, -0.00145518931095], [0.000440779695055, -0.00530774891376, 0.00404312927276, -0.00126756587997, 0.00471677817404, -0.00167353032157, 0.00395849905908, -0.00613525742665, 0.0123039213941, -0.00500812381506, 0.00304922205396, 0.000135948561365, 3.25581568177e-05], [0.00030877449899, 0.00544819841161, -0.002991234418, 0.000380823854357, -0.00486331991851, 7.07009385224e-05, -0.000695211754646, 0.00277387583628, -0.00500812381506, 0.016320547089, -0.00411021476611, 0.000229320023209, 0.00246080826037], [-0.000207710501854, -0.00603587320074, 0.00554350344464, -0.00306804385036, 0.00427555991337, -0.00188188639004, 0.000954938353971, -0.00278376974165, 0.00304922205396, -0.00411021476611, 0.0172907859087, -0.00526451505721, 0.00143720919732], [-5.75764079258e-06, 0.00428059743717, -0.00513425376266, 0.00417536869645, -0.00231736060232, 0.00210060901009, -0.0016453396529, 0.00134756206535, 0.000135948561365, 0.000229320023209, -0.00526451505721, 0.0199547968805, -0.00577874621376], [0.000982537865639, -0.00293196784332, 0.00430968310684, -0.00429612863809, 0.00278217485175, -0.00238793483004, 0.00256172334775, -0.00145518931095, 3.25581568177e-05, 0.00246080826037, 0.00143720919732, -0.00577874621376, 0.0222034361213]]
    },
    "melbands": {
        "max": [0.00129782571457, 0.00475327996537, 0.00704689370468, 0.00958128739148, 0.0040926495567, 0.00376286264509, 0.00678354036063, 0.00616231001914, 0.00649693002924, 0.0119988843799, 0.00334144942462, 0.0045286891982, 0.00304599525407, 0.00377166364342, 0.00308703049086, 0.00262559996918, 0.00137265690137, 0.00137794553302, 0.000798210152425, 0.00138114811853, 0.00118784129154, 0.000567822658923, 0.000407263025409, 0.000254155806033, 0.000246236246312, 0.000180775648914, 0.000166756697581, 0.000118945936265, 1.99333881028e-05, 1.9074186639e-05, 5.73822726437e-05, 0.000135419293656, 6.78807482473e-05, 3.32374766003e-05, 3.81792378903e-05, 4.40237781731e-05, 5.84491754125e-05, 7.32460175641e-05, 7.27022270439e-05, 2.98341801681e-05],
        "mean": [4.03428166464e-05, 0.000211514532566, 0.000494276580866, 0.000631542003248, 0.000305286695948, 0.00020809743728, 0.000278977211565, 0.00031902466435, 0.000412095279898, 0.000754387408961, 0.000178372021765, 0.000186455596122, 0.000155326037202, 0.000102830039395, 0.000121831224533, 0.000132569301059, 4.53815700894e-05, 6.4339270466e-05, 4.95669919474e-05, 5.13000995852e-05, 3.30260918417e-05, 2.53437265201e-05, 2.71463795798e-05, 1.4875130546e-05, 1.32095465233e-05, 1.06120460259e-05, 7.80060327088e-06, 4.00490853281e-06, 1.03240631688e-06, 8.84677263002e-07, 9.6251881132e-07, 1.18130606097e-06, 9.36844685384e-07, 7.23924813428e-07, 5.54739017389e-07, 6.38587266621e-07, 5.61703302537e-07, 3.76192332396e-07, 3.31167996137e-07, 2.05659659969e-07],
        "min": [5.48407275147e-09, 1.58269362061e-08, 2.16727329416e-08, 1.84148518656e-07, 1.31844927864e-07, 2.17927560442e-08, 1.32058826097e-08, 8.71993250939e-08, 1.54680783737e-08, 3.01820755055e-08, 8.58764348521e-09, 3.22700577371e-09, 2.02524907955e-09, 8.11156830594e-09, 2.31252861305e-09, 9.99356708498e-10, 8.44997072313e-10, 7.78208220087e-10, 7.55610740644e-10, 3.91798538057e-10, 4.58878768317e-10, 1.57417034963e-09, 8.71807903646e-10, 2.22248733306e-10, 1.75203129782e-10, 7.15030812337e-11, 2.08917050326e-10, 2.38459557655e-10, 1.08241936247e-10, 1.72053524206e-10, 1.13184454864e-10, 4.0796768741e-10, 1.64196184427e-10, 6.95429200337e-11, 8.6631979368e-11, 6.08165046101e-11, 4.04835193146e-11, 3.03846357796e-11, 4.39439352962e-11, 2.65194272792e-11],
        "stdev": [0.000119848380564, 0.000508794561028, 0.00074965308886, 0.000894790922757, 0.000365684740245, 0.000321449129842, 0.000551356526557, 0.000514755316544, 0.000752872962039, 0.00152585643809, 0.000326523237163, 0.00039245717926, 0.000312136253342, 0.000244049340836, 0.000229537428822, 0.000249696953688, 9.08587389858e-05, 0.000106892977783, 8.39267158881e-05, 0.000114713337098, 7.30083265807e-05, 4.11085820815e-05, 3.71622227249e-05, 2.21633326873e-05, 1.7785543605e-05, 1.48481594806e-05, 1.44669065776e-05, 6.34202842775e-06, 1.53292796767e-06, 1.39966755341e-06, 2.27899954552e-06, 3.99103419113e-06, 2.58646127804e-06, 1.87510931937e-06, 1.54446581746e-06, 2.18813238462e-06, 2.76749869954e-06, 2.65071571448e-06, 2.8032497994e-06, 1.27534769945e-06]
    },
    "melbands128": {
        "max": [8.23235750431e-05, 0.000233670754824, 0.00152287492529, 0.00447806064039, 0.0072922501713, 0.00603639660403, 0.0047077909112, 0.00897570699453, 0.0183735992759, 0.016526594758, 0.00944426096976, 0.00392666552216, 0.00542043428868, 0.00599686196074, 0.00690115103498, 0.00240039033815, 0.00250644935295, 0.010128329508, 0.0132596055046, 0.00597724597901, 0.0128466729075, 0.0166437420994, 0.00831901654601, 0.013915498741, 0.0263018682599, 0.0176720861346, 0.011312966235, 0.00381681974977, 0.00842545926571, 0.00721465842798, 0.007294498384, 0.00307436985895, 0.00620546657592, 0.00606981199235, 0.00525354221463, 0.00657210405916, 0.00359877059236, 0.00177930039354, 0.00801018159837, 0.00697209686041, 0.00371457124129, 0.00460846722126, 0.00217991461977, 0.00105218554381, 0.00448698503897, 0.00119887839537, 0.00150007556658, 0.00179537257645, 0.000901262275875, 0.0043962104246, 0.00118879089132, 0.000907233275939, 0.000804693030659, 0.0033322176896, 0.00150855607353, 0.000529157230631, 0.000781942217145, 0.000760794442613, 0.000530433258973, 0.000245227798587, 0.000466309196781, 0.000358850636985, 0.000294379831757, 0.00045213647536, 0.000248608703259, 0.000372369016986, 0.000274201738648, 0.000216652857489, 0.000229456985835, 0.000193747298908, 0.000166630721651, 5.72716926399e-05, 3.20844264934e-05, 2.39930086536e-05, 2.18300810957e-05, 3.43968313246e-05, 3.48217145074e-05, 3.7062811316e-05, 4.68254511361e-05, 0.000108425847429, 0.000130679633003, 0.000187484271009, 8.59451320139e-05, 9.14661359275e-05, 3.85683379136e-05, 5.9047502873e-05, 3.89045198972e-05, 5.80512605666e-05, 3.52635834133e-05, 3.15304969263e-05, 5.74270015932e-05, 5.72135650145e-05, 5.24189708813e-05, 8.50039505167e-05, 7.70785554778e-05, 5.52296260139e-05, 9.63962156675e-05, 8.54525205796e-05, 7.07671570126e-05, 8.70936200954e-05, 4.95345375384e-05, 2.59561820712e-05, 1.25915812532e-05, 9.68932999967e-06, 1.01195000752e-05, 5.23009475728e-06, 4.91754735776e-06, 3.68914743376e-06, 3.5263603877e-06, 3.27509383169e-06, 1.18958596431e-05, 5.45323064216e-06, 6.19347929387e-06, 1.38948814765e-06, 8.77760953699e-07, 1.26727528027e-07, 2.37239667911e-08, 6.75522138227e-10, 4.84423612335e-10, 3.6357516997e-10, 2.88019552652e-10, 2.35164082651e-10, 1.99463737194e-10, 1.72685865607e-10, 1.52844917278e-10, 1.39726397119e-10, 1.31478314347e-10, 1.26648927457e-10],
        "mean": [2.58999625657e-06, 6.21936533207e-06, 3.24142711179e-05, 0.000147332902998, 0.000260189262917, 0.000198818772333, 0.00028519766056, 0.000621168641374, 0.000765754899476, 0.000694077461958, 0.000529738666955, 0.000335746095516, 0.000183967058547, 0.000343100575265, 0.000279267813312, 8.18290136522e-05, 0.000120702185086, 0.000407397950767, 0.000350762187736, 0.000286033056909, 0.000305204041069, 0.000380631885491, 0.000175482127815, 0.000652899441775, 0.00141848495696, 0.000418276671553, 0.00021321355598, 0.000128612518893, 0.000196049993974, 0.000239525339566, 0.000175298730028, 8.78878490767e-05, 0.000238492939388, 0.000100842771644, 0.000125986523926, 0.000119487202028, 3.97177609557e-05, 3.64229781553e-05, 0.000247048010351, 0.00025513744913, 4.5305587264e-05, 6.99541560607e-05, 3.98560223402e-05, 2.62432513409e-05, 7.35111971153e-05, 6.43204839434e-05, 7.57989328122e-05, 2.51205019595e-05, 3.00042993331e-05, 0.000119075004477, 3.412433216e-05, 1.64232969837e-05, 3.25413529936e-05, 4.47462371085e-05, 2.99825260299e-05, 1.86032921192e-05, 2.0830791982e-05, 4.19467360189e-05, 2.32098664128e-05, 1.13723062896e-05, 1.46508436956e-05, 1.80012048077e-05, 1.28920983116e-05, 1.06040788523e-05, 1.62509641086e-05, 8.66504251462e-06, 9.69352004176e-06, 8.9253680926e-06, 6.6912721195e-06, 7.02612305759e-06, 5.57717203264e-06, 1.40640509017e-06, 9.04645844457e-07, 1.12956297471e-06, 9.28188001126e-07, 9.53483265675e-07, 8.29661018997e-07, 7.64653862007e-07, 9.52654659159e-07, 1.20320987662e-06, 1.17328374927e-06, 1.21016023513e-06, 1.10296866751e-06, 9.43326483593e-07, 7.49559262658e-07, 7.61403896377e-07, 7.572081131e-07, 5.79445043059e-07, 5.07014647155e-07, 5.37322989658e-07, 6.49466358027e-07, 6.65662469146e-07, 6.33424974694e-07, 6.21483252417e-07, 4.80184098706e-07, 3.72846557184e-07, 3.67506970633e-07, 3.58270426659e-07, 3.34016135639e-07, 3.4335238297e-07, 2.31026476172e-07, 1.79719464199e-07, 1.70670347188e-07, 1.44431510307e-07, 1.16671714068e-07, 9.77098579824e-08, 6.81574476857e-08, 4.97908203556e-08, 4.41436647236e-08, 5.70943932132e-08, 9.23344387616e-08, 7.65932313129e-08, 4.28625703819e-08, 1.02913615407e-08, 5.27966470543e-09, 8.71634153743e-10, 1.37925657007e-10, 3.64528069188e-12, 3.39951374342e-12, 3.25426447942e-12, 3.13663092895e-12, 3.04556531903e-12, 2.97289818631e-12, 2.90462532498e-12, 2.83228106766e-12, 2.75328696474e-12, 2.70410018162e-12, 2.68404048986e-12],
        "min": [2.711126601e-10, 5.60778423697e-10, 3.14491099829e-09, 2.6591291391e-09, 1.63181634871e-09, 1.26659416289e-09, 6.28971452699e-09, 1.46802907608e-08, 6.80918876839e-09, 3.8051201301e-08, 6.07758892102e-08, 1.12264295637e-08, 4.53025350566e-09, 2.65021027346e-09, 2.54245513531e-09, 1.82317738684e-09, 3.82967968449e-09, 4.3084655843e-09, 3.07961323109e-09, 9.98453941747e-09, 9.40958422291e-09, 5.7358944261e-09, 1.20912779789e-09, 3.4589275888e-09, 1.00253823021e-08, 1.04571178383e-08, 1.98934912987e-09, 2.21843121651e-09, 2.41675701673e-09, 3.90269505601e-09, 2.41443354199e-09, 1.3608582039e-09, 9.32111721141e-10, 1.83431336787e-09, 4.25780660729e-10, 5.40012368155e-10, 2.02280059369e-09, 3.71706887492e-10, 4.21318674393e-10, 7.97707316869e-11, 1.18465726118e-09, 5.02209829278e-10, 4.9515980205e-10, 1.05231023895e-09, 2.84644696702e-10, 4.87733076149e-10, 3.08764014356e-10, 9.42609323928e-10, 2.14856812897e-10, 3.10367537226e-10, 2.4165283663e-10, 5.19210674454e-10, 3.97729738033e-10, 1.89231658121e-10, 9.79151204561e-10, 2.03000904975e-09, 1.62681323967e-09, 5.56439172517e-10, 4.95968544012e-10, 1.90814516965e-10, 1.62568389306e-10, 1.39589492743e-10, 7.96906429734e-11, 4.72666870921e-11, 2.73669767403e-11, 3.23244903067e-11, 4.30806813834e-11, 9.13432263855e-12, 2.70100400379e-11, 4.38689501392e-10, 2.13601775156e-11, 1.05444104836e-10, 6.20082249436e-11, 7.56849444228e-11, 4.61514680639e-11, 8.37863528558e-11, 2.38752712045e-10, 1.28624028095e-10, 8.38588851138e-11, 6.89429208167e-11, 3.30760113743e-10, 4.84126239098e-10, 1.07736437827e-10, 4.49836418115e-11, 6.48478354348e-11, 5.29759326684e-11, 6.10371544973e-11, 1.2187170717e-10, 8.3259198147e-11, 1.9920329275e-11, 4.1361417763e-11, 2.78701280804e-11, 5.78984880872e-11, 3.67612433549e-11, 3.01898111545e-12, 7.19403746643e-12, 1.38245422054e-11, 1.79154781288e-12, 1.20962320022e-11, 5.22417178961e-12, 3.38123348764e-11, 6.1952873387e-12, 7.15281740088e-12, 2.63190823302e-11, 3.45575196063e-12, 8.63734084255e-12, 1.06391475491e-11, 1.91139465366e-12, 5.47982984672e-14, 5.26768434645e-14, 4.6135726397e-14, 4.80994943582e-14, 4.87918760299e-14, 5.03874116639e-14, 4.9933141118e-14, 4.88602722463e-14, 4.07696947491e-14, 5.79772910453e-14, 3.74481431379e-14, 4.06623960035e-14, 3.36428272935e-14, 4.0629090668e-14, 4.44415690229e-14, 4.62647261267e-14, 3.02643550683e-14, 1.3544864896e-14, 1.7157091745e-15, 8.02434875871e-17],
        "stdev": [5.73508805246e-06, 1.67889720615e-05, 0.000103491067421, 0.000455373956356, 0.000714857305866, 0.00050525815459, 0.000484803866129, 0.00100493582431, 0.00155168399215, 0.00119875825476, 0.000791961385403, 0.000534979975782, 0.000330278562615, 0.000586688634939, 0.000509913370479, 0.000187050856766, 0.000226179749006, 0.000956236268394, 0.00077896064613, 0.00062655902002, 0.000763435848057, 0.00115114485379, 0.000517301727086, 0.00152968347538, 0.00317459437065, 0.00112107384484, 0.000659731973428, 0.000305609341012, 0.000592896714807, 0.000576506427024, 0.000534499471541, 0.000191849248949, 0.000587329792324, 0.000308966758894, 0.000371475907741, 0.000355607131496, 0.000129437670694, 9.51911788434e-05, 0.000564670190215, 0.000605537381489, 0.000151056839968, 0.000238058302784, 0.000102459736809, 6.84147235006e-05, 0.00020061340183, 0.000117505405797, 0.000161518662935, 9.74481881713e-05, 6.51023656246e-05, 0.000327171059325, 9.19518060982e-05, 5.22819027537e-05, 7.52834166633e-05, 0.000169355364051, 8.35156897665e-05, 3.78691911465e-05, 4.57966816612e-05, 6.85579070705e-05, 3.82782200177e-05, 2.3310942197e-05, 3.05416870106e-05, 3.46511733369e-05, 2.53737562161e-05, 2.04674088309e-05, 2.65155249508e-05, 1.62233827723e-05, 2.02485862246e-05, 1.96074124688e-05, 1.72026975633e-05, 1.23321287901e-05, 1.01278938018e-05, 2.6949317089e-06, 1.57474744356e-06, 2.25377607421e-06, 1.56609621627e-06, 1.67946609508e-06, 1.69232043845e-06, 1.84119619462e-06, 2.11904898606e-06, 3.85102021028e-06, 4.28335442848e-06, 4.79778691442e-06, 3.24765937876e-06, 3.10735367748e-06, 1.87474347513e-06, 2.19599974116e-06, 2.15157433558e-06, 2.13139128391e-06, 1.53240762302e-06, 1.3903022591e-06, 2.18063587454e-06, 2.59991202256e-06, 2.75165439234e-06, 3.45142098013e-06, 2.73816976915e-06, 2.2301098852e-06, 3.04714808408e-06, 3.09470806314e-06, 2.8610731988e-06, 3.38249174092e-06, 1.70721148152e-06, 1.06747449991e-06, 7.79635058734e-07, 5.93872016452e-07, 4.95929100452e-07, 3.63117720781e-07, 2.81589137785e-07, 1.93380031988e-07, 1.71492274603e-07, 2.16780250639e-07, 4.35708898294e-07, 3.56358754061e-07, 2.2668379529e-07, 7.15686567787e-08, 4.50957955422e-08, 5.71066882671e-09, 1.02835362448e-09, 1.56790413985e-11, 1.17878389341e-11, 9.43946396742e-12, 8.03577517028e-12, 7.10066987847e-12, 6.49412034565e-12, 6.05507094117e-12, 5.74235927905e-12, 5.53779504892e-12, 5.4076799462e-12, 5.33184954521e-12]
    },
    "mfcc": {
        "mean": [-674.939697266, 134.17024231, -27.6459751129, 5.23310279846, -12.1980361938, -8.01203155518, -15.5317230225, 1.55339682102, -12.9669589996, -4.15062570572, -4.88663005829, -9.30563259125, -9.63579654694],
        "cov": [[9185.34960938, -602.921020508, -1158.16809082, -267.316345215, 751.554321289, -331.371063232, 503.605010986, 262.493835449, -199.607391357, 561.573608398, 46.7489242554, 5.99883317947, 27.458032608], [-602.921020508, 591.645141602, 16.644159317, 53.8008346558, -25.0894527435, 34.2178153992, 30.7154560089, 90.1896362305, 17.2340831757, -3.12391662598, 23.6804332733, 28.2721138, 13.1715221405], [-1158.16809082, 16.644159317, 702.794372559, 47.9492340088, -98.3060073853, 97.4721679688, 2.73248291016, 4.05326938629, 77.8826370239, -119.949684143, -13.4173879623, 24.101978302, -18.6525344849], [-267.316345215, 53.8008346558, 47.9492340088, 241.252655029, 117.764770508, 4.77492046356, -25.5664043427, -44.9018669128, -2.39221596718, 10.8256988525, -29.7260456085, -23.0578804016, 22.0747509003], [751.554321289, -25.0894527435, -98.3060073853, 117.764770508, 397.137176514, -13.1464109421, -11.1687984467, -56.5943984985, -6.66975641251, 78.0597686768, -24.0067214966, -10.128074646, 24.6129779816], [-331.371063232, 34.2178153992, 97.4721679688, 4.77492046356, -13.1464109421, 171.324157715, 43.7279891968, -17.8713626862, 28.7830276489, -32.9713516235, 12.0859365463, 17.9510822296, -9.98551750183], [503.605010986, 30.7154560089, 2.73248291016, -25.5664043427, -11.1687984467, 43.7279891968, 231.385437012, 76.3544235229, -9.98671913147, 10.6481180191, 1.35299730301, 19.2841033936, 10.4912204742], [262.493835449, 90.1896362305, 4.05326938629, -44.9018669128, -56.5943984985, -17.8713626862, 76.3544235229, 147.442001343, 17.1291503906, 14.7789697647, 17.5795898438, 12.5441131592, 2.20332455635], [-199.607391357, 17.2340831757, 77.8826370239, -2.39221596718, -6.66975641251, 28.7830276489, -9.98671913147, 17.1291503906, 101.872589111, 7.10860395432, 6.41571378708, 5.2729177475, -8.21568870544], [561.573608398, -3.12391662598, -119.949684143, 10.8256988525, 78.0597686768, -32.9713516235, 10.6481180191, 14.7789697647, 7.10860395432, 130.109588623, 22.9128093719, -4.70202112198, 11.605009079], [46.7489242554, 23.6804332733, -13.4173879623, -29.7260456085, -24.0067214966, 12.0859365463, 1.35299730301, 17.5795898438, 6.41571378708, 22.9128093719, 100.527687073, 26.6595935822, -14.8693437576], [5.99883317947, 28.2721138, 24.101978302, -23.0578804016, -10.128074646, 17.9510822296, 19.2841033936, 12.5441131592, 5.2729177475, -4.70202112198, 26.6595935822, 70.511177063, 15.4946269989], [27.458032608, 13.1715221405, -18.6525344849, 22.0747509003, 24.6129779816, -9.98551750183, 10.4912204742, 2.20332455635, -8.21568870544, 11.605009079, -14.8693437576, 15.4946269989, 69.2497024536]],
        "icov": [[0.000341882754583, 0.00036863310379, 0.000243305592448, 0.000368813780369, -0.00062566564884, 0.000291499367449, -0.000584707478993, -0.000599050195888, 0.000442057789769, -0.000790947757196, 9.51036490733e-05, -0.000240921333898, 0.000373665854568], [0.00036863310379, 0.00250088283792, 0.00044804555364, -0.000534685095772, -0.000551980861928, -0.000322752719512, -0.000262263783952, -0.0023815415334, 0.000495356973261, -0.00059438648168, -0.000135144466185, -0.000950138957705, 0.00027638769825], [0.000243305592448, 0.00044804555364, 0.00226390990429, -0.000577067257836, -0.000123623278341, -0.000334571144776, -0.000434814981418, -0.00074405700434, -0.00117213756312, 0.0011481725378, 0.000197959292564, -0.00088821927784, 0.000607061490882], [0.000368813780369, -0.000534685095772, -0.000577067257836, 0.00643634935841, -0.00222429819405, 0.00030550538213, -0.000489936792292, 0.000899274891708, 0.000811121892184, -0.00126854528207, 0.000560319051147, 0.00201058364473, -0.00139219732955], [-0.00062566564884, -0.000551980861928, -0.000123623278341, -0.00222429819405, 0.00480842078105, -0.00060800940264, 0.000841131608468, 0.0022338272538, -0.000946228683461, -0.000622107356321, 0.000728640006855, -0.000272414123174, -0.000756989233196], [0.000291499367449, -0.000322752719512, -0.000334571144776, 0.00030550538213, -0.00060800940264, 0.00850153248757, -0.00313203083351, 0.00256327609532, -0.00214105402119, 0.00108045549132, -0.00124319130555, -0.00107894500252, 0.00113263004459], [-0.000584707478993, -0.000262263783952, -0.000434814981418, -0.000489936792292, 0.000841131608468, -0.00313203083351, 0.00733809126541, -0.00302928569727, 0.00124612287618, 0.000432311266195, 0.000972409499809, -0.000613546872046, -0.00102365820203], [-0.000599050195888, -0.0023815415334, -0.00074405700434, 0.000899274891708, 0.0022338272538, 0.00256327609532, -0.00302928569727, 0.012774492614, -0.00327690714039, 0.000380328157917, -0.00118491984904, 0.000724843645003, -0.00103754131123], [0.000442057789769, 0.000495356973261, -0.00117213756312, 0.000811121892184, -0.000946228683461, -0.00214105402119, 0.00124612287618, -0.00327690714039, 0.0131184589118, -0.00379229197279, 0.000843228073791, -0.000836347113363, 0.00165934744291], [-0.000790947757196, -0.00059438648168, 0.0011481725378, -0.00126854528207, -0.000622107356321, 0.00108045549132, 0.000432311266195, 0.000380328157917, -0.00379229197279, 0.0140666337684, -0.00404722010717, 0.00230464851484, -0.0027522938326], [9.51036490733e-05, -0.000135144466185, 0.000197959292564, 0.000560319051147, 0.000728640006855, -0.00124319130555, 0.000972409499809, -0.00118491984904, 0.000843228073791, -0.00404722010717, 0.0137424971908, -0.00596327520907, 0.00437820935622], [-0.000240921333898, -0.000950138957705, -0.00088821927784, 0.00201058364473, -0.000272414123174, -0.00107894500252, -0.000613546872046, 0.000724843645003, -0.000836347113363, 0.00230464851484, -0.00596327520907, 0.0197808928788, -0.00678463513032], [0.000373665854568, 0.00027638769825, 0.000607061490882, -0.00139219732955, -0.000756989233196, 0.00113263004459, -0.00102365820203, -0.00103754131123, 0.00165934744291, -0.0027522938326, 0.00437820935622, -0.00678463513032, 0.0185837876052]]
    },
    "spectral_contrast_coeffs": {
        "max": [-0.416826963425, -0.431427001953, -0.504822492599, -0.541937470436, -0.582041740417, -0.61158233881],
        "mean": [-0.625434279442, -0.709018707275, -0.736848056316, -0.7615686059, -0.752683579922, -0.7453379035],
        "min": [-0.943174302578, -0.926686167717, -0.919863164425, -0.924712061882, -0.883054018021, -0.876893043518],
        "stdev": [0.0685997754335, 0.0882243514061, 0.0733188763261, 0.0632703751326, 0.0525079667568, 0.0406585112214]
    },
    "spectral_contrast_valleys": {
        "max": [-5.39718198776, -4.94406604767, -5.56823682785, -5.66338729858, -6.34246253967, -7.82939386368],
        "mean": [-7.74401426315, -6.84915161133, -7.54592704773, -7.78299379349, -8.13378429413, -11.1665353775],
        "min": [-11.5871343613, -10.3278636932, -11.3579053879, -12.2004442215, -12.8195858002, -14.1852874756],
        "stdev": [1.09282314777, 0.9989336133, 1.05087602139, 1.11526870728, 1.11597084999, 1.1677261591]
    }
},
"rhythm": {
    "beats_count": 72,
    "beats_loudness": {
        "max": 0.0810876637697,
        "mean": 0.0304387714714,
        "min": 0.000267314550001,
        "stdev": 0.0186173357069
    },
    "bpm": 90.0681838989,
    "bpm_histogram_first_peak_bpm": 91,
    "bpm_histogram_first_peak_weight": 0.283333361149,
    "bpm_histogram_second_peak_bpm": 86,
    "bpm_histogram_second_peak_spread": 0,
    "bpm_histogram_second_peak_weight": 0.154929578304,
    "danceability": 1.06254196167,
    "onset_rate": 3.404296875,
    "beats_loudness_band_ratio": {
        "max": [0.864303290844, 0.455044269562, 0.866762042046, 0.787292659283, 0.825338959694, 0.104340218008],
        "mean": [0.167815551162, 0.144604504108, 0.372893869877, 0.214342370629, 0.114002294838, 0.026797901839],
        "min": [0.000856532307807, 0.0181774701923, 0.0292438361794, 0.0164523087442, 0.00140425853897, 0.00178252987098],
        "stdev": [0.194102078676, 0.103569202125, 0.219924926758, 0.187139496207, 0.121330745518, 0.0210231076926]
    },
