{
"metadata": {
    "version": {
        "essentia": "2.1-beta5",
        "essentia_git_sha": "Undefined",
        "extractor": "music 2.0"
    },
    "audio_properties": {
        "analysis": {
            "equal_loudness": 0,
            "length": 26.1224498749,
            "sample_rate": 44100,
            "start_time": 146.239273071,
            "downmix": "mix"
        },
        "bit_rate": 192000,
        "length": 172.384963989,
        "lossless": 0,
        "number_channels": 2,
        "replay_gain": -10.0720462799,
        "sample_rate": 48000,
        "codec": "mp3",
        "md5_encoded": "892a1182a170fa102dabca10c267a01d"
    },
    "tags": {
        "file_name": "Norway_Do Re Mi_Jahn Teigen.mp3",
        "encoding": ["Lavf58.29.100"]
    }
},
"lowlevel": {
    "average_loudness": 0.902616739273,
    "barkbands_crest": {
        "max": 24.7751369476,
        "mean": 7.65877485275,
        "min": 2.58131074905,
        "stdev": 4.00397729874
    },
    "barkbands_flatness_db": {
        "max": 0.288417905569,
        "mean": 0.160442814231,
        "min": 0.101470969617,
        "stdev": 0.026259586215
    },
    "barkbands_kurtosis": {
        "max": 21.4573726654,
        "mean": 0.829104423523,
        "min": -1.75308060646,
        "stdev": 2.46310114861
    },
    "barkbands_skewness": {
        "max": 3.49829626083,
        "mean": 0.673541605473,
        "min": -1.3097345829,
        "stdev": 0.884575903416
    },
    "barkbands_spread": {
        "max": 67.0763626099,
        "mean": 23.1952724457,
        "min": 3.99033284187,
        "stdev": 10.2062215805
    },
    "dissonance": {
        "max": 0.499996304512,
        "mean": 0.472806602716,
        "min": 0.337270766497,
        "stdev": 0.0247853808105
    },
    "dynamic_complexity": 2.02392721176,
    "erbbands_crest": {
        "max": 31.6020488739,
        "mean": 8.72802257538,
        "min": 2.75269770622,
        "stdev": 4.66107082367
    },
    "erbbands_flatness_db": {
        "max": 0.326608151197,
        "mean": 0.218492776155,
        "min": 0.138032734394,
        "stdev": 0.0320819355547
    },
    "erbbands_kurtosis": {
        "max": 16.3575210571,
        "mean": 0.161997050047,
        "min": -1.63902163506,
        "stdev": 1.56743228436
    },
    "erbbands_skewness": {
        "max": 3.94090819359,
        "mean": 0.189399957657,
        "min": -2.0830950737,
        "stdev": 0.693281710148
    },
    "erbbands_spread": {
        "max": 101.298919678,
        "mean": 33.1096115112,
        "min": 8.83915519714,
        "stdev": 15.1750164032
    },
    "hfc": {
        "max": 103.474769592,
        "mean": 26.1355285645,
        "min": 2.82138514519,
        "stdev": 18.0419483185
    },
    "loudness_ebu128": {
        "integrated": -14.2478952408,
        "loudness_range": 4.5392036438,
        "momentary": {
            "max": -10.9136400223,
            "mean": -14.6829299927,
            "min": -18.8660964966,
            "stdev": 1.93223679066
        },
        "short_term": {
            "max": -11.3940734863,
            "mean": -14.3959789276,
            "min": -16.8524341583,
            "stdev": 1.35984444618
        }
    },
    "melbands_crest": {
        "max": 27.8175754547,
        "mean": 9.58019638062,
        "min": 3.06037116051,
        "stdev": 4.65558433533
    },
    "melbands_flatness_db": {
        "max": 0.273913353682,
        "mean": 0.139426648617,
        "min": 0.0592800378799,
        "stdev": 0.0454063601792
    },
    "melbands_kurtosis": {
        "max": 58.438999176,
        "mean": 4.44290685654,
        "min": -1.60461246967,
        "stdev": 6.21283006668
    },
    "melbands_skewness": {
        "max": 7.0550365448,
        "mean": 1.45660912991,
        "min": -0.697992742062,
        "stdev": 1.09206604958
    },
    "melbands_spread": {
        "max": 106.525756836,
        "mean": 35.6280555725,
        "min": 5.13004732132,
        "stdev": 18.6331119537
    },
    "pitch_salience": {
        "max": 0.850037693977,
        "mean": 0.62268871069,
        "min": 0.17056684196,
        "stdev": 0.126951172948
    },
    "silence_rate_20dB": {
        "max": 1,
        "mean": 1,
        "min": 1,
        "stdev": 0
    },
    "silence_rate_30dB": {
        "max": 1,
        "mean": 1,
        "min": 1,
        "stdev": 0
    },
    "silence_rate_60dB": {
        "max": 0,
        "mean": 0,
        "min": 0,
        "stdev": 0
    },
    "spectral_centroid": {
        "max": 3154.68994141,
        "mean": 1908.48449707,
        "min": 533.086853027,
        "stdev": 618.82232666
    },
    "spectral_complexity": {
        "max": 49,
        "mean": 24.9795742035,
        "min": 9,
        "stdev": 8.38677310944
    },
    "spectral_decrease": {
        "max": -7.82651943254e-10,
        "mean": -4.42780878629e-09,
        "min": -1.44329872498e-08,
        "stdev": 2.5249125013e-09
    },
    "spectral_energy": {
        "max": 0.0587593242526,
        "mean": 0.019082153216,
        "min": 0.00370923872106,
        "stdev": 0.0106403268874
    },
    "spectral_energyband_high": {
        "max": 0.00809191260487,
        "mean": 0.00134269171394,
        "min": 5.06927826791e-05,
        "stdev": 0.00135950464755
    },
    "spectral_energyband_low": {
        "max": 0.0238429252058,
        "mean": 0.00140238215681,
        "min": 2.42997975874e-06,
        "stdev": 0.0019307177281
    },
    "spectral_energyband_middle_high": {
        "max": 0.034581463784,
        "mean": 0.00762752210721,
        "min": 0.000896466721315,
        "stdev": 0.00578326964751
    },
    "spectral_energyband_middle_low": {
        "max": 0.0555406995118,
        "mean": 0.00905148033053,
        "min": 0.00016201188555,
        "stdev": 0.00882937852293
    },
    "spectral_entropy": {
        "max": 8.40762233734,
        "mean": 7.6593132019,
        "min": 6.55233430862,
        "stdev": 0.292371094227
    },
    "spectral_flux": {
        "max": 0.199786484241,
        "mean": 0.0751326680183,
        "min": 0.0273893065751,
        "stdev": 0.0292450264096
    },
    "spectral_kurtosis": {
        "max": 10.6977834702,
        "mean": 1.93825387955,
        "min": -0.828919410706,
        "stdev": 1.71684634686
    },
    "spectral_rms": {
        "max": 0.00757140479982,
        "mean": 0.00416025752202,
        "min": 0.00190230633598,
        "stdev": 0.00114409613889
    },
    "spectral_rolloff": {
        "max": 6976.7578125,
        "mean": 2337.08007812,
        "min": 236.865234375,
        "stdev": 1215.1192627
    },
    "spectral_skewness": {
        "max": 2.87072324753,
        "mean": 0.86411434412,
        "min": 0.0993265062571,
        "stdev": 0.285942286253
    },
    "spectral_spread": {
        "max": 11363370,
        "mean": 3419629.25,
        "min": 2088912.625,
        "stdev": 680012.1875
    },
    "spectral_strongpeak": {
        "max": 10.0459499359,
        "mean": 1.67691850662,
        "min": 0.0383455045521,
        "stdev": 1.7771679163
    },
    "zerocrossingrate": {
        "max": 0.17529296875,
        "mean": 0.0837185531855,
        "min": 0.02392578125,
        "stdev": 0.028680190444
    },
    "barkbands": {
        "max": [0.000322021282045, 0.0130390040576, 0.0134767368436, 0.0281361266971, 0.023047523573, 0.00916515570134, 0.0158804804087, 0.0263444595039, 0.0533865466714, 0.0150478873402, 0.0154007822275, 0.0210341978818, 0.0120374187827, 0.0125266741961, 0.0277042072266, 0.0116544431075, 0.0130957309157, 0.0052645271644, 0.00636868085712, 0.00349675607868, 0.00296809501015, 0.00331321940757, 0.00433708075434, 0.0010296353139, 2.39808468905e-05, 2.85871635697e-07, 2.88136959625e-07],
        "mean": [1.53027158376e-05, 0.000595937075559, 0.000519119144883, 0.000890956551302, 0.00213437853381, 0.00100796541665, 0.00129635015037, 0.00125211651903, 0.00231935805641, 0.000688701751642, 0.000580617517699, 0.000817374850158, 0.000736983376555, 0.000639286939986, 0.00120082800277, 0.000898654339835, 0.000751525571104, 0.000559150998015, 0.00069351203274, 0.000375199801056, 0.00040023564361, 0.000313782686135, 0.000338891637512, 5.51777775399e-05, 7.3442726034e-07, 1.03452557632e-09, 1.05177311305e-09],
        "min": [4.08575034916e-10, 3.46145213825e-07, 1.29425501427e-07, 3.26365409364e-07, 3.0959859032e-06, 4.05712944485e-06, 7.11866414349e-06, 1.08789217848e-05, 9.05193701328e-06, 2.01889015443e-05, 5.9389199123e-06, 9.35283424042e-06, 1.14208505693e-05, 8.74755278346e-06, 1.04006203401e-05, 1.1171303413e-05, 9.60218585533e-06, 1.33464418468e-05, 1.28823439809e-05, 8.82980202732e-06, 4.96105258208e-06, 6.30234217169e-06, 3.17182821163e-06, 1.06905986286e-06, 1.20211196553e-09, 1.33644406305e-11, 1.53223302102e-11],
        "stdev": [2.67779050773e-05, 0.00102332769893, 0.000913042400498, 0.00201324932277, 0.00267336843535, 0.00110387278255, 0.00178266735747, 0.00271564722061, 0.00666611874476, 0.00124391948339, 0.00133503670804, 0.00177671923302, 0.00121509586461, 0.00095260393573, 0.00272948178463, 0.0011277346639, 0.00119513261598, 0.0006500572199, 0.000993580091745, 0.000383180129575, 0.000414400798036, 0.000417209754232, 0.000505206931848, 8.13883234514e-05, 1.58641660164e-06, 9.89706006038e-09, 1.00617407739e-08]
    },
    "erbbands": {
        "max": [0.177610442042, 3.50786042213, 16.1637020111, 42.0550727844, 115.305404663, 69.7007369995, 63.6337738037, 95.7664260864, 258.695648193, 248.121627808, 690.046936035, 1647.12060547, 1266.0769043, 637.697143555, 541.871948242, 493.58505249, 609.57989502, 732.534912109, 1285.88842773, 541.180969238, 696.794311523, 806.224853516, 236.055450439, 427.074768066, 339.364807129, 193.600448608, 122.589805603, 144.42364502, 123.841239929, 149.839004517, 120.648483276, 35.5378303528, 8.12350082397, 0.824300706387, 0.0273621212691, 0.00184648833238, 0.000534988765139, 0.000186041521374, 5.40629516763e-05, 7.3116090789e-05],
        "mean": [0.0126621397212, 0.152985811234, 0.591599285603, 1.65454089642, 5.68367242813, 7.36227273941, 6.36954689026, 9.45624256134, 16.3165931702, 20.7623233795, 33.5109024048, 56.4126319885, 28.1703910828, 24.9246406555, 30.1201152802, 28.9453544617, 34.2431335449, 34.0130004883, 63.5157012939, 43.3979949951, 52.1940498352, 41.4108657837, 29.3270568848, 37.0275917053, 28.7652435303, 19.8139858246, 17.4199829102, 14.0888319016, 10.1144618988, 12.4755620956, 8.70331287384, 2.80850601196, 0.423909276724, 0.0335258767009, 0.0013994978508, 0.000165282646776, 4.40487237938e-05, 1.46937954923e-05, 1.5319985323e-05, 2.56664116023e-05],
        "min": [1.4509576431e-05, 7.03502810211e-05, 0.000347821100149, 0.00165233772714, 0.00459051737562, 0.0141889853403, 0.0338243059814, 0.0421329215169, 0.13708217442, 0.124515123665, 0.336525857449, 0.319906741381, 1.00034284592, 1.08744180202, 0.510938048363, 0.410517811775, 1.30902898312, 1.03940653801, 1.24256336689, 0.8819886446, 1.09551167488, 0.883924484253, 0.885556638241, 0.782480418682, 0.719892919064, 0.754011213779, 0.577694237232, 0.298126727343, 0.232611104846, 0.12703987956, 0.080850943923, 0.044481176883, 0.00691893463954, 0.000397398835048, 3.59377263521e-05, 8.93802825885e-06, 3.76362959287e-06, 1.09672237159e-06, 2.3845357191e-06, 5.01969316247e-06],
        "stdev": [0.0197280813009, 0.278260290623, 1.02508306503, 3.09016084671, 10.871348381, 8.67747020721, 6.44352388382, 10.768242836, 24.1018924713, 33.1761360168, 65.2650756836, 179.261154175, 81.1014633179, 45.1531944275, 51.121887207, 48.4493370056, 51.4478874207, 56.1521606445, 134.329391479, 59.0176124573, 66.9634475708, 62.1938476562, 31.3652324677, 55.0121765137, 38.2897872925, 21.3258190155, 17.1185817719, 15.6618728638, 12.0462493896, 19.7795658112, 12.8453817368, 3.79496860504, 0.662313222885, 0.0585905872285, 0.00206064176746, 0.000186454621144, 4.48178470833e-05, 1.47993541759e-05, 9.61356272455e-06, 1.43873076013e-05]
    },
    "gfcc": {
        "mean": [-18.835975647, 115.349113464, -191.899887085, 60.7956390381, -83.3026199341, 4.72167730331, -25.4891529083, -20.775894165, 5.45947980881, -26.5442523956, 4.36660194397, -16.5824108124, -2.03505992889],
        "cov": [[1133.7409668, -138.522399902, 210.560882568, 300.839141846, -41.6837463379, 27.2067890167, -36.3851776123, -31.1175251007, 32.1471290588, -0.563515067101, -62.3269233704, 26.6798458099, -51.7786064148], [-138.522399902, 1064.40612793, 701.495361328, 148.047821045, 61.2955284119, -225.4269104, 61.9524993896, -63.9818115234, -55.7971687317, -57.5993843079, 54.935634613, -52.3439750671, -36.1596717834], [210.560882568, 701.495361328, 828.194702148, 324.51864624, -34.7535057068, -128.219665527, -30.6759643555, -46.6718177795, -69.8627243042, -45.9066619873, 20.6219081879, -39.8448753357, -44.0698699951], [300.839141846, 148.047821045, 324.51864624, 328.444763184, 66.715637207, -75.6636810303, -54.2847747803, 1.56153559685, 11.183807373, 2.69517922401, -3.83928561211, 14.4409189224, -9.77140235901], [-41.6837463379, 61.2955284119, -34.7535057068, 66.715637207, 136.72718811, -19.5593624115, -7.854159832, 14.5878973007, 31.7527179718, 9.66370201111, 12.8119001389, 20.3685474396, 20.515789032], [27.2067890167, -225.4269104, -128.219665527, -75.6636810303, -19.5593624115, 199.838607788, 26.2434139252, 11.5301504135, -18.4236125946, 18.4653873444, 2.80932450294, 17.4301338196, 33.486907959], [-36.3851776123, 61.9524993896, -30.6759643555, -54.2847747803, -7.854159832, 26.2434139252, 122.180610657, 28.9644794464, -5.40855360031, -3.31904935837, 4.66274356842, -7.02440834045, -4.54428005219], [-31.1175251007, -63.9818115234, -46.6718177795, 1.56153559685, 14.5878973007, 11.5301504135, 28.9644794464, 104.878250122, 42.6172485352, 4.73875045776, 2.38628363609, -4.11936473846, 13.1697130203], [32.1471290588, -55.7971687317, -69.8627243042, 11.183807373, 31.7527179718, -18.4236125946, -5.40855360031, 42.6172485352, 87.9000015259, 29.2351665497, -11.1391305923, 8.08423709869, -2.4245595932], [-0.563515067101, -57.5993843079, -45.9066619873, 2.69517922401, 9.66370201111, 18.4653873444, -3.31904935837, 4.73875045776, 29.2351665497, 56.5521507263, 24.634103775, 10.2031860352, 8.95534992218], [-62.3269233704, 54.935634613, 20.6219081879, -3.83928561211, 12.8119001389, 2.80932450294, 4.66274356842, 2.38628363609, -11.1391305923, 24.634103775, 53.9085884094, 18.7127304077, 8.62344264984], [26.6798458099, -52.3439750671, -39.8448753357, 14.4409189224, 20.3685474396, 17.4301338196, -7.02440834045, -4.11936473846, 8.08423709869, 10.2031860352, 18.7127304077, 54.2321090698, 27.1748523712], [-51.7786064148, -36.1596717834, -44.0698699951, -9.77140235901, 20.515789032, 33.486907959, -4.54428005219, 13.1697130203, -2.4245595932, 8.95534992218, 8.62344264984, 27.1748523712, 67.5822525024]],
        "icov": [[0.00178190448787, -0.000323622138239, 0.000871165946592, -0.00304640131071, 0.00224098656327, -0.00134885020088, -0.000336451543262, 0.0010583359981, -0.00149110204075, 0.000904980872292, 0.000765993259847, -0.000909315305762, 0.00117336492985], [-0.000323622138239, 0.0155008155853, -0.0170103255659, 0.0130438562483, -0.0156034640968, 0.00987294595689, -0.0115563608706, 0.0109159238636, -0.00938776414841, 0.00938339531422, -0.0132240857929, 0.00930083543062, -0.00785287190229], [0.000871165946592, -0.0170103255659, 0.0232916716486, -0.0211956631392, 0.0218873191625, -0.0114344609901, 0.0110165439546, -0.00736818648875, 0.00546275451779, -0.00132724910509, 0.00446181092411, -0.00278359395452, 0.00580975273624], [-0.00304640131071, 0.0130438562483, -0.0211956631392, 0.0280666779727, -0.024399491027, 0.0124174449593, -0.00492857955396, -0.00123840454035, 0.00513980630785, -0.00967631768435, 0.0063541457057, -0.00501247216016, -0.00128310965374], [0.00224098656327, -0.0156034640968, 0.0218873191625, -0.024399491027, 0.0324862599373, -0.0119196763262, 0.00857710745186, -0.00277660880238, -0.00474892603233, 0.00582131557167, -0.00279751652852, -0.00103067024611, 0.00110495602712], [-0.00134885020088, 0.00987294595689, -0.0114344609901, 0.0124174449593, -0.0119196763262, 0.0148488124833, -0.00733460532501, 0.00218065734953, 0.00283577945083, -0.00356474798173, -0.000926490698475, 0.000835516082589, -0.00571279041469], [-0.000336451543262, -0.0115563608706, 0.0110165439546, -0.00492857955396, 0.00857710745186, -0.00733460532501, 0.0195494759828, -0.0145034948364, 0.0126468548551, -0.0116351358593, 0.0141191482544, -0.0103784427047, 0.00956867169589], [0.0010583359981, 0.0109159238636, -0.00736818648875, -0.00123840454035, -0.00277660880238, 0.00218065734953, -0.0145034948364, 0.0325514413416, -0.031261600554, 0.0300801508129, -0.0328756943345, 0.0245705619454, -0.0166809242219], [-0.00149110204075, -0.00938776414841, 0.00546275451779, 0.00513980630785, -0.00474892603233, 0.00283577945083, 0.0126468548551, -0.031261600554, 0.0534015931189, -0.0482147857547, 0.0480237007141, -0.0308854393661, 0.0197148974985], [0.000904980872292, 0.00938339531422, -0.00132724910509, -0.00967631768435, 0.00582131557167, -0.00356474798173, -0.0116351358593, 0.0300801508129, -0.0482147857547, 0.0725738182664, -0.0623093880713, 0.0354232937098, -0.0208351351321], [0.000765993259847, -0.0132240857929, 0.00446181092411, 0.0063541457057, -0.00279751652852, -0.000926490698475, 0.0141191482544, -0.0328756943345, 0.0480237007141, -0.0623093880713, 0.0835367664695, -0.0473407953978, 0.0243598036468], [-0.000909315305762, 0.00930083543062, -0.00278359395452, -0.00501247216016, -0.00103067024611, 0.000835516082589, -0.0103784427047, 0.0245705619454, -0.0308854393661, 0.0354232937098, -0.0473407953978, 0.0549475997686, -0.0257030054927], [0.00117336492985, -0.00785287190229, 0.00580975273624, -0.00128310965374, 0.00110495602712, -0.00571279041469, 0.00956867169589, -0.0166809242219, 0.0197148974985, -0.0208351351321, 0.0243598036468, -0.0257030054927, 0.0321813970804]]
    },
    "melbands": {
        "max": [0.00273989653215, 0.00667530996725, 0.0106530329213, 0.00610046135262, 0.00205815257505, 0.00209932494909, 0.0036661545746, 0.00325131020509, 0.00492660701275, 0.00923408940434, 0.00619836477563, 0.00258756987751, 0.00243545160629, 0.00295790843666, 0.000786879041698, 0.00153892999515, 0.0013468679972, 0.00179283448961, 0.00218132184818, 0.000746574078221, 0.00109011202585, 0.00117274443619, 0.000490349659231, 0.000287599134026, 0.000392405810999, 0.000429067440564, 0.000125060309074, 0.000133334513521, 0.00010472987924, 0.00012902051094, 8.77416896401e-05, 7.64886790421e-05, 7.86862292443e-05, 8.26699542813e-05, 7.09836240276e-05, 8.33247904666e-05, 1.74020060513e-05, 7.01900444255e-06, 2.32504180531e-06, 1.53858934482e-07],
        "mean": [0.000139832554851, 0.000273116515018, 0.000421438686317, 0.000498911016621, 0.000243225993472, 0.000205914780963, 0.000255813036347, 0.000237516942434, 0.000299308507238, 0.000336851575412, 0.00013077960466, 9.93780267891e-05, 9.4780283689e-05, 0.000105180923129, 6.05146196904e-05, 7.72072307882e-05, 5.75361627853e-05, 9.37365475693e-05, 8.05779127404e-05, 4.91908758704e-05, 6.48049754091e-05, 4.39650248154e-05, 3.27550442307e-05, 2.48091673711e-05, 3.08634262183e-05, 2.4972787287e-05, 1.31847427838e-05, 1.32605573526e-05, 1.10927394417e-05, 9.73776604951e-06, 7.38799826649e-06, 5.59492718821e-06, 6.23265486865e-06, 7.02259467289e-06, 5.38353788215e-06, 3.50313257513e-06, 1.02352021258e-06, 3.10705189577e-07, 7.34085361387e-08, 5.71178615516e-09],
        "min": [1.3790484843e-07, 2.52530099942e-07, 5.20032074292e-07, 5.4949606465e-07, 8.42434246806e-07, 8.62779415911e-07, 1.87630496384e-06, 1.72497061612e-06, 2.39727251028e-06, 1.27870509914e-06, 3.79439075004e-06, 3.05841695081e-06, 1.06394111299e-06, 9.08141998934e-07, 1.29637658119e-06, 1.35321170092e-06, 9.75990474217e-07, 5.14793327966e-07, 8.59972772105e-07, 6.86384453275e-07, 1.01971693311e-06, 5.33167906269e-07, 1.1168230003e-06, 3.97584557277e-07, 3.53241205175e-07, 3.81961001494e-07, 3.69333179151e-07, 2.33649998904e-07, 3.35198507173e-07, 1.44938127278e-07, 1.75895181087e-07, 6.38658050889e-08, 7.89104674936e-08, 5.11801871994e-08, 4.21687822438e-08, 1.70872969107e-08, 1.2811271155e-08, 4.62362703679e-10, 8.51135967261e-11, 1.26220232183e-11],
        "stdev": [0.000224964227527, 0.000448174017947, 0.000813293037936, 0.000687989988364, 0.00022650595929, 0.000236890802626, 0.000359805242624, 0.000403403624659, 0.000600190076511, 0.00102582911495, 0.000400586490287, 0.000188183912542, 0.000191327519133, 0.000254876038525, 8.26465111459e-05, 0.000137050301419, 0.000101324541902, 0.000185689757927, 0.000182691626833, 6.99730153428e-05, 9.28972367547e-05, 8.20709683467e-05, 4.24437130278e-05, 3.00277715723e-05, 5.07202785229e-05, 3.88618864235e-05, 1.36277931233e-05, 1.59479495778e-05, 1.22802412079e-05, 1.17756562759e-05, 8.42287499836e-06, 7.46463229007e-06, 1.02506428448e-05, 1.1131211977e-05, 8.18330317998e-06, 6.09353628533e-06, 1.50285563905e-06, 5.19924014952e-07, 1.51845242158e-07, 1.22631691468e-08]
    },
    "melbands128": {
        "max": [0.000244621303864, 0.00130422972143, 0.00397391570732, 0.00676481705159, 0.00963427778333, 0.00548816472292, 0.00609685573727, 0.0176118053496, 0.0131091289222, 0.00784743577242, 0.00473051611334, 0.00246757850982, 0.0026750578545, 0.00264451256953, 0.00238619884476, 0.00307601178065, 0.00412950757891, 0.00549064204097, 0.00284414365888, 0.00474301166832, 0.00578992953524, 0.00927052926272, 0.00654397765175, 0.00984592922032, 0.0213017873466, 0.00667677121237, 0.0189939960837, 0.00537906587124, 0.0038985342253, 0.00348927918822, 0.00495352968574, 0.00400353921577, 0.00493727903813, 0.000740999646951, 0.00628360034898, 0.00324190920219, 0.000416098395362, 0.00149202719331, 0.00154848396778, 0.00290759583004, 0.00314932479523, 0.00409159762785, 0.00271293870173, 0.00119787233416, 0.0012962607434, 0.00286056054756, 0.0057433960028, 0.00492204166949, 0.00106420030352, 0.00156250386499, 0.00131079135463, 0.00135061016772, 0.00166111811996, 0.00201602117158, 0.00155081111006, 0.00251581449993, 0.000721289077774, 0.00127870962024, 0.000471545092296, 0.000408730149502, 0.000557598716114, 0.00060714565916, 0.000989251537248, 0.000529388955329, 0.000790971913375, 0.000916840333957, 0.00043189220014, 0.000202107810765, 9.45658975979e-05, 0.000447907077614, 0.000237832849962, 0.000333322706865, 0.000231694546528, 0.000176845860551, 0.000155366564286, 0.00029964564601, 0.000172042797203, 0.000170386454556, 0.00012960236927, 8.17094842205e-05, 0.000170275845448, 0.000119446915051, 5.66024100408e-05, 0.000144652454765, 0.000211332720937, 0.000161110408953, 0.000151217362145, 5.71280106669e-05, 0.000138512114063, 5.57284038223e-05, 0.000211041260627, 4.92912768095e-05, 2.76705468423e-05, 2.41874822677e-05, 1.41145555972e-05, 8.09819266578e-06, 8.76344802236e-06, 6.8832478064e-06, 1.94161543732e-06, 1.09065138076e-06, 2.63100673692e-07, 8.53333119721e-08, 3.79701958764e-08, 4.80106265854e-09, 2.49410292419e-09, 2.36731811931e-09, 2.24341611954e-09, 2.08130845891e-09, 2.00817451557e-09, 1.90980564696e-09, 1.85711745981e-09, 1.7578186684e-09, 1.63158120348e-09, 1.5813544918e-09, 1.52681645105e-09, 1.46613221563e-09, 1.41097045159e-09, 1.36654421112e-09, 1.32341082537e-09, 1.27725763299e-09, 1.2386714987e-09, 1.21539489584e-09, 1.18804099891e-09, 1.16192000466e-09, 1.14567944021e-09, 1.1279750467e-09, 1.11540199299e-09, 1.10883413562e-09],
        "mean": [1.22408428069e-05, 8.11186691863e-05, 0.000183176642167, 0.000270709511824, 0.000311649549985, 0.000235045459704, 0.000255315215327, 0.000543980393559, 0.000570736825466, 0.000580557389185, 0.000397998810513, 0.000255623221165, 0.000183922456927, 0.000240312379901, 0.000230355202802, 0.000173025837285, 0.000187072073459, 0.000340291677276, 0.000230225661653, 0.00023172100191, 0.000213688981603, 0.000327439542161, 0.000220222820644, 0.000358132791007, 0.000542685040273, 0.000185651748325, 0.00024885305902, 8.16405881778e-05, 9.1906527814e-05, 0.000120190612506, 8.83149259607e-05, 8.39732820168e-05, 0.00011429861479, 6.05173663644e-05, 0.000155870453455, 0.000109110194899, 4.19455500378e-05, 5.00693604408e-05, 7.68273457652e-05, 8.59160427353e-05, 6.64806211716e-05, 8.42661538627e-05, 6.11522627878e-05, 3.73784205294e-05, 5.74888726987e-05, 8.52876110002e-05, 0.000178546630195, 7.73803403717e-05, 3.78114636987e-05, 6.19953425485e-05, 4.42848504463e-05, 4.11432920373e-05, 7.95381856733e-05, 6.6654109105e-05, 5.21027941431e-05, 4.38960632891e-05, 3.21919615089e-05, 4.28895255027e-05, 3.03634787997e-05, 1.86425932043e-05, 2.09516874747e-05, 3.10932555294e-05, 3.74822629965e-05, 2.76179944194e-05, 2.52960380749e-05, 2.70130076387e-05, 2.58294603555e-05, 1.47964692587e-05, 9.12067480385e-06, 1.114580391e-05, 1.61084826686e-05, 1.27190487547e-05, 1.01510686363e-05, 1.24898833747e-05, 9.78550451691e-06, 8.50688775245e-06, 1.15172324513e-05, 8.42098506837e-06, 6.62923002892e-06, 6.28313364359e-06, 6.20697528575e-06, 5.13260192747e-06, 4.46498461315e-06, 5.69873782297e-06, 8.95614903129e-06, 6.81075334796e-06, 7.31636328055e-06, 5.28028567715e-06, 6.05518971497e-06, 4.22955827162e-06, 4.89390913572e-06, 3.09480674332e-06, 1.58480327173e-06, 1.01231876215e-06, 6.88357829404e-07, 4.01798672556e-07, 2.36573896473e-07, 1.55545080816e-07, 7.29666354005e-08, 3.53845557299e-08, 7.15027548281e-09, 1.52271562026e-09, 5.65517910278e-10, 3.09335126958e-11, 1.10440328757e-11, 8.50840144867e-12, 8.2004446636e-12, 7.62917073266e-12, 7.25848287725e-12, 6.93055552184e-12, 6.64145257886e-12, 6.31025613707e-12, 5.96936606048e-12, 5.71573864627e-12, 5.50792311066e-12, 5.3066440131e-12, 5.11684141238e-12, 4.95642199158e-12, 4.81557068527e-12, 4.67487723879e-12, 4.5457635052e-12, 4.45018457848e-12, 4.35723072206e-12, 4.27110603829e-12, 4.17997364152e-12, 4.0865188837e-12, 4.02571856059e-12, 3.99909315732e-12],
        "min": [3.91950888412e-10, 9.47727762934e-09, 1.10985027391e-07, 5.97247122869e-08, 4.99406915822e-08, 6.62975310206e-08, 8.72239098726e-08, 1.35442633109e-07, 9.54637329187e-08, 2.51260416917e-07, 1.35080370001e-07, 4.53635209396e-07, 2.81818870462e-07, 4.56834584384e-07, 6.11848918197e-07, 2.11484987744e-07, 4.41740496626e-07, 6.71792918183e-07, 5.77920161504e-07, 5.35690958259e-07, 9.27023791064e-07, 5.94737400661e-07, 9.70038627202e-07, 7.01950909843e-07, 5.59885563689e-07, 3.15633599257e-07, 3.0204321888e-07, 3.21496344213e-07, 1.38967905627e-07, 6.57139480609e-07, 4.19580516109e-07, 5.88103034715e-07, 4.16005491388e-07, 2.03633959472e-07, 3.97554913434e-07, 2.81965611748e-07, 1.72417344402e-07, 1.99636474463e-07, 1.75755744181e-07, 1.18386196846e-07, 2.26229872169e-07, 2.19115136701e-07, 1.45953180208e-07, 8.12779177295e-08, 7.38353520546e-08, 2.00714382004e-07, 3.02697060306e-07, 4.78038941765e-08, 1.80675115757e-07, 2.13661962789e-07, 1.67676773799e-07, 2.15598149111e-07, 3.75094288074e-07, 3.09883603222e-07, 2.81212180653e-07, 1.59981809134e-07, 2.60975188127e-08, 3.44567752109e-07, 2.08953977676e-07, 1.64347397913e-08, 1.78789406391e-07, 2.83275738866e-07, 1.52487899641e-07, 2.09436933574e-07, 2.27341544701e-07, 1.02659846846e-07, 6.56391918596e-08, 4.11126777067e-08, 6.96301114544e-08, 6.69633237749e-08, 1.31227935185e-07, 7.97448151957e-08, 1.98315639466e-08, 6.62553674147e-08, 4.36826148587e-08, 7.11767285111e-08, 4.75490473661e-08, 1.03937711771e-08, 8.16110059532e-08, 4.82452868766e-08, 2.77344049948e-08, 9.09158792695e-09, 1.57583830429e-08, 9.52479339844e-09, 2.5095811651e-08, 2.01297680746e-08, 2.23649578857e-08, 2.86838766073e-08, 1.31423338878e-09, 8.37929015063e-09, 2.51558329722e-09, 1.55299484383e-09, 4.02949940081e-09, 1.36099931325e-09, 1.75488734655e-10, 1.33687852455e-10, 3.62156051675e-12, 1.69271350409e-11, 1.08253657774e-11, 5.94602058562e-12, 2.63770689318e-12, 7.92400203071e-14, 6.46475670847e-14, 6.94233692343e-14, 5.26969249216e-14, 4.86474162548e-14, 5.65718804267e-14, 4.27745336438e-14, 4.74864424041e-14, 5.50684240504e-14, 6.31611259063e-14, 5.59987067838e-14, 4.87475491017e-14, 6.21817931889e-14, 4.41052698378e-14, 4.59920357278e-14, 5.08743709052e-14, 5.58036147673e-14, 4.98841826136e-14, 4.66735584372e-14, 5.52462636999e-14, 4.77219141753e-14, 5.13799513189e-14, 5.27968070467e-14, 4.30334919446e-14, 1.7088508546e-14, 2.33899656879e-15, 9.88537675853e-17],
        "stdev": [2.2588255888e-05, 0.00013943160593, 0.0003229326976, 0.000540353823453, 0.000596793775912, 0.000405054277508, 0.000480450078612, 0.00128344038967, 0.00130115333013, 0.000979014555924, 0.000479003210785, 0.000295389327221, 0.000242731781327, 0.000315676326863, 0.000277786282822, 0.000318151345709, 0.000377193588065, 0.000580971769523, 0.000331812625518, 0.000551764911506, 0.000548956741113, 0.000930450798478, 0.000570418429561, 0.00126416154671, 0.00219641975127, 0.000555619306397, 0.00121017126366, 0.000285169313429, 0.000217165055801, 0.000261480483459, 0.000261901790509, 0.000248102180194, 0.000349255278707, 0.000100308687252, 0.000472609041026, 0.000297487800708, 5.83205473959e-05, 0.000108009648102, 0.000144251680467, 0.000185233206139, 0.00019920381601, 0.000235736646573, 0.00015750619059, 7.25809732103e-05, 0.000109842396341, 0.000206163866096, 0.000564441725146, 0.000311018782668, 7.40499017411e-05, 0.000129653286422, 9.49348250288e-05, 9.09873997443e-05, 0.000142571923789, 0.000136663773446, 0.000134063855512, 0.000135518159368, 6.51685331832e-05, 7.95235609985e-05, 5.0418660976e-05, 3.38215759257e-05, 3.6967889173e-05, 5.06491051055e-05, 9.52249247348e-05, 5.91841162532e-05, 5.45113507542e-05, 6.53431998217e-05, 5.25557115907e-05, 2.14981628233e-05, 1.06922434497e-05, 1.85700901056e-05, 2.48131109402e-05, 2.17283250095e-05, 1.65866094903e-05, 1.78371828952e-05, 1.3246335584e-05, 1.52996581164e-05, 1.94881777134e-05, 1.48975768752e-05, 9.03681302589e-06, 8.54547033668e-06, 1.16403070933e-05, 8.26351242722e-06, 6.38460187474e-06, 1.20732538562e-05, 2.24888863158e-05, 1.30337130031e-05, 1.39382764246e-05, 7.71473150962e-06, 1.25252809084e-05, 5.99178565608e-06, 1.25729047795e-05, 5.57467137696e-06, 2.38329403146e-06, 1.90446746728e-06, 1.15009777346e-06, 6.82436336774e-07, 4.87456588871e-07, 3.86472919445e-07, 1.59426292612e-07, 7.51167448243e-08, 1.84074284704e-08, 5.94524651731e-09, 1.586273779e-09, 2.25717500246e-10, 9.60960547247e-11, 8.1511068728e-11, 7.66093577464e-11, 7.19679732475e-11, 6.92361307175e-11, 6.60143884001e-11, 6.39001906944e-11, 6.06842909256e-11, 5.69324726252e-11, 5.49692791285e-11, 5.30539535915e-11, 5.09432877827e-11, 4.91111144807e-11, 4.75480557705e-11, 4.61452161205e-11, 4.46401145215e-11, 4.33248090181e-11, 4.25114630997e-11, 4.15430398415e-11, 4.06510970719e-11, 3.99995800371e-11, 3.94588008101e-11, 3.90521295857e-11, 3.88212656466e-11]
    },
    "mfcc": {
        "mean": [-621.192932129, 105.10634613, -37.4776992798, 33.6991996765, -24.3711872101, 16.2724227905, -24.6063556671, 13.4053096771, -17.0907592773, 10.7058677673, -13.1963691711, 5.6979227066, -8.55161857605],
        "cov": [[1088.9387207, -444.871124268, 31.4358615875, 115.598823547, 25.3368625641, 109.480926514, -94.6672821045, 63.9940414429, -4.70172071457, 55.8280067444, -20.125038147, -27.7441501617, -4.26888799667], [-444.871124268, 968.446105957, 460.069671631, 306.049255371, 1.76077389717, -47.4935302734, 60.8619499207, -28.0979099274, -75.1281051636, -31.8813896179, 2.1464266777, 21.0487613678, -7.08556842804], [31.4358615875, 460.069671631, 789.777770996, 346.205383301, 76.9765396118, 0.424029439688, 49.5763206482, -37.3074684143, -74.9650115967, -41.8259468079, -5.68620681763, -10.7461071014, -11.6294155121], [115.598823547, 306.049255371, 346.205383301, 490.023498535, 98.2335891724, -26.3288478851, -57.334236145, 10.3697071075, -50.4293670654, 25.6225337982, -18.176815033, -33.9518051147, 36.3073196411], [25.3368625641, 1.76077389717, 76.9765396118, 98.2335891724, 173.264053345, -4.84709072113, -9.20141506195, -15.8881340027, 17.4370193481, -14.9953927994, 3.89489150047, -28.5883960724, 33.9446868896], [109.480926514, -47.4935302734, 0.424029439688, -26.3288478851, -4.84709072113, 116.314743042, 9.89268684387, 5.60040044785, -11.1710958481, -4.86883974075, -13.0318946838, -7.53745508194, -7.57966470718], [-94.6672821045, 60.8619499207, 49.5763206482, -57.334236145, -9.20141506195, 9.89268684387, 132.334228516, 4.17536067963, 12.592423439, -29.5277404785, 11.8512010574, 19.000125885, -16.608379364], [63.9940414429, -28.0979099274, -37.3074684143, 10.3697071075, -15.8881340027, 5.60040044785, 4.17536067963, 78.9158706665, 17.3136711121, 22.0109024048, -4.43969011307, 14.1890087128, -11.0457992554], [-4.70172071457, -75.1281051636, -74.9650115967, -50.4293670654, 17.4370193481, -11.1710958481, 12.592423439, 17.3136711121, 80.4652023315, 17.3096122742, 8.93723773956, 4.90897989273, 10.8851099014], [55.8280067444, -31.8813896179, -41.8259468079, 25.6225337982, -14.9953927994, -4.86883974075, -29.5277404785, 22.0109024048, 17.3096122742, 78.852104187, 14.1400318146, -5.16972923279, -5.29617166519], [-20.125038147, 2.1464266777, -5.68620681763, -18.176815033, 3.89489150047, -13.0318946838, 11.8512010574, -4.43969011307, 8.93723773956, 14.1400318146, 62.6416893005, 18.3117084503, -0.864072084427], [-27.7441501617, 21.0487613678, -10.7461071014, -33.9518051147, -28.5883960724, -7.53745508194, 19.000125885, 14.1890087128, 4.90897989273, -5.16972923279, 18.3117084503, 85.6066436768, 5.88786506653], [-4.26888799667, -7.08556842804, -11.6294155121, 36.3073196411, 33.9446868896, -7.57966470718, -16.608379364, -11.0457992554, 10.8851099014, -5.29617166519, -0.864072084427, 5.88786506653, 90.6397094727]],
        "icov": [[0.00175410765223, 0.0011704985518, -0.000509723438881, -0.00080744252773, 0.000224719493417, -0.00137190090027, 0.000691392924637, -0.000929676636588, 0.000127375154989, -0.000295448495308, -0.000156092748512, -0.000155716523295, 0.000222728645895], [0.0011704985518, 0.00252114934847, -0.000863013090566, -0.00148458220065, 0.000786121061537, -0.000311915704515, -0.000458107504528, -6.38369747321e-05, 0.000557354127523, 8.02864451543e-05, -0.000168628190295, -0.000601972977165, 0.000299205945339], [-0.000509723438881, -0.000863013090566, 0.0027299716603, -0.00146095023956, -0.000449439947261, -6.65453553665e-05, -0.00137325318065, 0.00138956005685, 0.000507501303218, 0.000896483252291, -0.000116358525702, -0.000285468879156, 0.00093333539553], [-0.00080744252773, -0.00148458220065, -0.00146095023956, 0.00562132708728, -0.00238231685944, 0.00149006198626, 0.00156075926498, -0.00216918345541, 0.00230697612278, -0.00258972798474, 0.00120721478015, 0.00109170714859, -0.00204260204919], [0.000224719493417, 0.000786121061537, -0.000449439947261, -0.00238231685944, 0.0088985003531, -0.000570035190322, 0.000334876065608, 0.00102868443355, -0.0038615281228, 0.00351887033321, -0.00238213106059, 0.00261866115034, -0.00174826034345], [-0.00137190090027, -0.000311915704515, -6.65453553665e-05, 0.00149006198626, -0.000570035190322, 0.0107093974948, -0.00165623321664, -0.000469565857202, 0.00232813321054, -0.000456614769064, 0.00206413376145, 0.000829783850349, -0.000286560883978], [0.000691392924637, -0.000458107504528, -0.00137325318065, 0.00156075926498, 0.000334876065608, -0.00165623321664, 0.0113383941352, -0.00232625519857, -0.00302615528926, 0.00410129502416, -0.00242905272171, -0.000532995152753, 0.00134008575696], [-0.000929676636588, -6.38369747321e-05, 0.00138956005685, -0.00216918345541, 0.00102868443355, -0.000469565857202, -0.00232625519857, 0.0177726410329, -0.00369077082723, -0.00343272439204, 0.00324358860962, -0.00398395257071, 0.00284588290378], [0.000127375154989, 0.000557354127523, 0.000507501303218, 0.00230697612278, -0.0038615281228, 0.00232813321054, -0.00302615528926, -0.00369077082723, 0.0188143141568, -0.00542656937614, 0.000336732744472, -0.00020896710339, -0.00273259985261], [-0.000295448495308, 8.02864451543e-05, 0.000896483252291, -0.00258972798474, 0.00351887033321, -0.000456614769064, 0.00410129502416, -0.00343272439204, -0.00542656937614, 0.020030066371, -0.00657646777108, 0.00257319491357, 0.00171413097996], [-0.000156092748512, -0.000168628190295, -0.000116358525702, 0.00120721478015, -0.00238213106059, 0.00206413376145, -0.00242905272171, 0.00324358860962, 0.000336732744472, -0.00657646777108, 0.020427627489, -0.00498380279168, 0.000589651870541], [-0.000155716523295, -0.000601972977165, -0.000285468879156, 0.00109170714859, 0.00261866115034, 0.000829783850349, -0.000532995152753, -0.00398395257071, -0.00020896710339, 0.00257319491357, -0.00498380279168, 0.0153344813734, -0.00289096403867], [0.000222728645895, 0.000299205945339, 0.00093333539553, -0.00204260204919, -0.00174826034345, -0.000286560883978, 0.00134008575696, 0.00284588290378, -0.00273259985261, 0.00171413097996, 0.000589651870541, -0.00289096403867, 0.013849386014]]
    },
    "spectral_contrast_coeffs": {
        "max": [-0.472541153431, -0.499597012997, -0.480184525251, -0.567624151707, -0.603129863739, -0.439410567284],
        "mean": [-0.706269800663, -0.746528148651, -0.758827388287, -0.762497961521, -0.766409397125, -0.583875417709],
        "min": [-0.903127074242, -0.926877498627, -0.894800961018, -0.882379889488, -0.85447883606, -0.779125452042],
        "stdev": [0.0632781982422, 0.0743050947785, 0.068909548223, 0.0629447698593, 0.0510092116892, 0.0493167452514]
    },
    "spectral_contrast_valleys": {
        "max": [-5.39682817459, -5.30705833435, -5.53186559677, -5.8555688858, -6.09810495377, -9.21317768097],
        "mean": [-7.18542432785, -6.60648536682, -7.17033815384, -7.23164749146, -7.1053314209, -11.7015590668],
        "min": [-9.87475681305, -7.94769048691, -8.42945480347, -8.61726951599, -8.61169433594, -14.0299186707],
        "stdev": [0.844419360161, 0.397981256247, 0.554205954075, 0.649188876152, 0.534282207489, 0.834828495979]
    }
},
"rhythm": {
    "beats_count": 56,
    "beats_loudness": {
        "max": 0.0545429028571,
        "mean": 0.0235728863627,
        "min": 0.0064536887221,
        "stdev": 0.0102421808988
    },
    "bpm": 134.953857422,
    "bpm_histogram_first_peak_bpm": 136,
    "bpm_histogram_first_peak_weight": 0.424242436886,
    "bpm_histogram_second_peak_bpm": 117,
    "bpm_histogram_second_peak_spread": 0.199999988079,
    "bpm_histogram_second_peak_weight": 0.145454540849,
    "danceability": 0.928641974926,
    "onset_rate": 1.76015520096,
    "beats_loudness_band_ratio": {
        "max": [0.65127915144, 0.415488809347, 0.696369290352, 0.548182070255, 0.770382106304, 0.337234288454],
        "mean": [0.189883738756, 0.121816858649, 0.196123272181, 0.174604997039, 0.221912831068, 0.130079478025],
        "min": [0.00161439727526, 0.00473095383495, 0.0307817403227, 0.011535346508, 0.0253596547991, 0.0394361428916],
        "stdev": [0.164470538497, 0.0898375213146, 0.155751094222, 0.138291299343, 0.179632499814, 0.0690557658672]
    },
    "beats_position": [0.417959183455, 0.835918366909, 1.25387752056, 1.67183673382, 2.08979582787, 2.50775504112, 2.92571425438, 3.35528349876, 3.79646253586, 4.22603178024, 4.66721057892, 5.11999988556, 5.5727891922, 6.01396799088, 6.45514726639, 6.8963265419, 7.33750534058, 7.79029464722, 8.24308395386, 8.68426322937, 9.12544155121, 9.56662082672, 10.0078001022, 10.4489793777, 10.9017686844, 11.354557991, 11.7957363129, 12.2369155884, 12.6780948639, 13.1192741394, 13.5604534149, 14.0016326904, 14.4544210434, 14.90721035, 15.3716096878, 15.8243989944, 16.2771873474, 16.7183666229, 17.1595458984, 17.6123352051, 18.0767345428, 18.5295238495, 18.9939231873, 19.4699325562, 19.9459400177, 20.4335594177, 20.94439888, 21.4552383423, 21.9660758972, 22.4769153595, 22.9877548218, 23.4985942841, 23.9978218079, 24.5086612701, 25.0078907013, 25.5187301636],
