{
"metadata": {
    "version": {
        "essentia": "2.1-beta5",
        "essentia_git_sha": "Undefined",
        "extractor": "music 2.0"
    },
    "audio_properties": {
        "analysis": {
            "equal_loudness": 0,
            "length": 24.589931488,
            "sample_rate": 44100,
            "start_time": 175.240997314,
            "downmix": "mix"
        },
        "bit_rate": 192000,
        "length": 199.854171753,
        "lossless": 0,
        "number_channels": 2,
        "replay_gain": -2.87635993958,
        "sample_rate": 48000,
        "codec": "mp3",
        "md5_encoded": "25e56e571c039d8c2717c74d69ba6f8b"
    },
    "tags": {
        "file_name": "Austria_Hurricane_Westend.mp3",
        "encoding": ["Lavf58.29.100"]
    }
},
"lowlevel": {
    "average_loudness": 0.892341315746,
    "barkbands_crest": {
        "max": 22.553855896,
        "mean": 6.64400434494,
        "min": 2.35056352615,
        "stdev": 2.8135433197
    },
    "barkbands_flatness_db": {
        "max": 0.257554799318,
        "mean": 0.0970139950514,
        "min": 0.0464656129479,
        "stdev": 0.0276151821017
    },
    "barkbands_kurtosis": {
        "max": 27.4005451202,
        "mean": 0.95566034317,
        "min": -1.84156227112,
        "stdev": 3.04401540756
    },
    "barkbands_skewness": {
        "max": 4.99054288864,
        "mean": -0.293926507235,
        "min": -4.91187763214,
        "stdev": 1.23785257339
    },
    "barkbands_spread": {
        "max": 133.619781494,
        "mean": 31.3712921143,
        "min": 6.6409277916,
        "stdev": 13.4681482315
    },
    "dissonance": {
        "max": 0.500000119209,
        "mean": 0.48450127244,
        "min": 0.37785127759,
        "stdev": 0.0163173768669
    },
    "dynamic_complexity": 3.51258921623,
    "erbbands_crest": {
        "max": 25.0577659607,
        "mean": 6.25166559219,
        "min": 2.54081082344,
        "stdev": 3.3566904068
    },
    "erbbands_flatness_db": {
        "max": 0.320491969585,
        "mean": 0.152094751596,
        "min": 0.0807566270232,
        "stdev": 0.0426588542759
    },
    "erbbands_kurtosis": {
        "max": 39.8214569092,
        "mean": 0.331906914711,
        "min": -1.56637775898,
        "stdev": 2.84796595573
    },
    "erbbands_skewness": {
        "max": 1.66427695751,
        "mean": -0.285868793726,
        "min": -4.41768455505,
        "stdev": 0.704047381878
    },
    "erbbands_spread": {
        "max": 122.773895264,
        "mean": 36.5730361938,
        "min": 3.75388121605,
        "stdev": 12.4265642166
    },
    "hfc": {
        "max": 146.011383057,
        "mean": 30.8603572845,
        "min": 1.08674505804e-16,
        "stdev": 27.3685359955
    },
    "loudness_ebu128": {
        "integrated": -20.0141086578,
        "loudness_range": 3.32839393616,
        "momentary": {
            "max": -17.4122066498,
            "mean": -85.0106811523,
            "min": -300.691009521,
            "stdev": 115.155166626
        },
        "short_term": {
            "max": -18.9359493256,
            "mean": -59.9708976746,
            "min": -300.691009521,
            "stdev": 92.8183670044
        }
    },
    "melbands_crest": {
        "max": 30.411605835,
        "mean": 7.40986824036,
        "min": 1.00017130375,
        "stdev": 4.90038108826
    },
    "melbands_flatness_db": {
        "max": 0.327323555946,
        "mean": 0.0716475397348,
        "min": -1.98458820933e-07,
        "stdev": 0.0507375746965
    },
    "melbands_kurtosis": {
        "max": 170.507873535,
        "mean": 2.03826379776,
        "min": -1.79176568985,
        "stdev": 7.17222738266
    },
    "melbands_skewness": {
        "max": 12.4412374496,
        "mean": 0.980620503426,
        "min": -2.19232273102,
        "stdev": 1.16252553463
    },
    "melbands_spread": {
        "max": 232.923629761,
        "mean": 73.0403594971,
        "min": 4.20592546463,
        "stdev": 43.2747802734
    },
    "pitch_salience": {
        "max": 0.997746348381,
        "mean": 0.675571918488,
        "min": 0.153068780899,
        "stdev": 0.124551914632
    },
    "silence_rate_20dB": {
        "max": 1,
        "mean": 1,
        "min": 1,
        "stdev": 0
    },
    "silence_rate_30dB": {
        "max": 1,
        "mean": 1,
        "min": 1,
        "stdev": 0
    },
    "silence_rate_60dB": {
        "max": 1,
        "mean": 0.305660367012,
        "min": 0,
        "stdev": 0.460685938597
    },
    "spectral_centroid": {
        "max": 11843.6220703,
        "mean": 4500.91699219,
        "min": 1026.42736816,
        "stdev": 3636.8034668
    },
    "spectral_complexity": {
        "max": 59,
        "mean": 22.5594348907,
        "min": 0,
        "stdev": 17.2579555511
    },
    "spectral_decrease": {
        "max": 2.07158152607e-28,
        "mean": -3.61509178148e-09,
        "min": -2.37624036004e-08,
        "stdev": 3.28373817027e-09
    },
    "spectral_energy": {
        "max": 0.0919159278274,
        "mean": 0.0164433252066,
        "min": 1.00411292999e-20,
        "stdev": 0.0142402760684
    },
    "spectral_energyband_high": {
        "max": 0.0258651580662,
        "mean": 0.00268261739984,
        "min": 6.94354550885e-21,
        "stdev": 0.00308859045617
    },
    "spectral_energyband_low": {
        "max": 0.0878436863422,
        "mean": 0.00243157148361,
        "min": 7.32805238157e-24,
        "stdev": 0.00672560790554
    },
    "spectral_energyband_middle_high": {
        "max": 0.032237097621,
        "mean": 0.00649046525359,
        "min": 1.09642769999e-21,
        "stdev": 0.00619783625007
    },
    "spectral_energyband_middle_low": {
        "max": 0.0476410873234,
        "mean": 0.00523221399635,
        "min": 1.25740149511e-22,
        "stdev": 0.00618360936642
    },
    "spectral_entropy": {
        "max": 9.82654094696,
        "mean": 8.44450950623,
        "min": 7.4664144516,
        "stdev": 0.770315647125
    },
    "spectral_flux": {
        "max": 0.24938082695,
        "mean": 0.0671296790242,
        "min": 6.34051075532e-11,
        "stdev": 0.0489540398121
    },
    "spectral_kurtosis": {
        "max": 14.1844654083,
        "mean": 1.16184055805,
        "min": -1.27118051052,
        "stdev": 1.73646354675
    },
    "spectral_rms": {
        "max": 0.00946963950992,
        "mean": 0.00328462314792,
        "min": 3.12989196193e-12,
        "stdev": 0.00229205749929
    },
    "spectral_rolloff": {
        "max": 19681.3476562,
        "mean": 7533.10986328,
        "min": 107.666015625,
        "stdev": 6597.0625
    },
    "spectral_skewness": {
        "max": 2.69614934921,
        "mean": 0.719153285027,
        "min": -0.0925594866276,
        "stdev": 0.459635704756
    },
    "spectral_spread": {
        "max": 43096312,
        "mean": 12980550,
        "min": 1525076.25,
        "stdev": 15149474
    },
    "spectral_strongpeak": {
        "max": 13.4153547287,
        "mean": 1.10501027107,
        "min": 0,
        "stdev": 1.44996726513
    },
    "zerocrossingrate": {
        "max": 0.890625,
        "mean": 0.2237406075,
        "min": 0.03955078125,
        "stdev": 0.184131160378
    },
    "barkbands": {
        "max": [0.000489058031235, 0.0550198182464, 0.0321744568646, 0.0372821912169, 0.0165605358779, 0.0107529181987, 0.026451613754, 0.0118939643726, 0.0164917837828, 0.0145752988756, 0.00693311262876, 0.00853079278022, 0.00617174524814, 0.0142860561609, 0.00563769275323, 0.00371412048116, 0.00429759314284, 0.0130716348067, 0.00663231313229, 0.00854361522943, 0.0164654254913, 0.00787958223373, 0.00638173613697, 0.00264298450202, 0.00180132326204, 0.000109837688797, 3.52528104486e-07],
        "mean": [2.4080156436e-05, 0.0014208672801, 0.00070800218964, 0.000590919633396, 0.000832673802506, 0.000808060343843, 0.000715556670912, 0.000654438568745, 0.00142222072463, 0.000910265895072, 0.000472741696285, 0.00053489243146, 0.000530470104422, 0.00123136886396, 0.000482630508486, 0.000411277462263, 0.000447560509201, 0.000654206378385, 0.00057919631945, 0.00070767197758, 0.000756482419092, 0.000729432795197, 0.000474021071568, 0.000254496786511, 8.17310865386e-05, 8.05803574622e-06, 1.12830678134e-09],
        "min": [3.51848751675e-25, 8.28854279571e-25, 3.6517929303e-25, 5.07828320268e-25, 5.82909123277e-24, 1.0609466045e-23, 4.95032582233e-24, 5.83171340641e-24, 9.44383807166e-24, 4.53262278972e-24, 3.97052350158e-24, 2.3433297783e-23, 2.26147709746e-23, 3.04737882766e-23, 3.35130989504e-23, 4.42337123415e-23, 5.05433184731e-23, 8.78309022849e-23, 1.06392445975e-22, 1.35323042461e-22, 2.41677547382e-22, 2.80577629148e-22, 3.82586659063e-22, 5.66710656604e-22, 8.1990178667e-22, 1.30057480484e-21, 1.87959285277e-21],
        "stdev": [4.77220019093e-05, 0.00464204745367, 0.00232881563716, 0.0021413215436, 0.00148516939953, 0.00131912704092, 0.00192773493472, 0.00121880951338, 0.00247088540345, 0.00181392545346, 0.000820220971946, 0.000920066901017, 0.000856835802551, 0.0020047952421, 0.000677420408465, 0.000587085727602, 0.000574374455027, 0.000913493044209, 0.000820012937766, 0.000933522474952, 0.00116955197882, 0.000859975232743, 0.000637453747913, 0.000364716368495, 0.000133581226692, 1.25873202705e-05, 1.08890025885e-08]
    },
    "erbbands": {
        "max": [0.938766479492, 16.0218372345, 48.9906272888, 78.5641479492, 108.579742432, 43.0432014465, 75.6374282837, 79.4109649658, 159.602935791, 393.158630371, 283.999389648, 314.677215576, 390.822784424, 604.002319336, 277.635406494, 387.974060059, 276.218017578, 758.368286133, 544.023254395, 264.824005127, 166.247634888, 280.012207031, 689.265075684, 355.321533203, 382.034729004, 436.961364746, 575.812316895, 571.33404541, 311.783935547, 200.003723145, 188.388076782, 69.9358596802, 40.2649993896, 21.3517093658, 10.2769041061, 1.11415362358, 0.134597450495, 0.00872536096722, 0.000231447891565, 0.000135077018058],
        "mean": [0.0281762331724, 0.359757512808, 0.908628821373, 1.39881598949, 2.35064935684, 2.5862224102, 5.61063432693, 6.34759473801, 7.44944429398, 12.3858232498, 20.6669864655, 26.1657752991, 33.1697769165, 24.4183673859, 19.5680675507, 20.405544281, 22.7999000549, 52.2740592957, 41.1839599609, 26.9830417633, 22.7008571625, 27.5001544952, 36.3771324158, 29.0012397766, 32.6123924255, 32.7579231262, 29.5319976807, 31.1409721375, 27.1883430481, 19.0145874023, 12.7380723953, 6.9969959259, 3.34412884712, 1.17127978802, 0.451435208321, 0.0826450884342, 0.00714045856148, 0.000254491023952, 3.08344133373e-05, 2.69817828666e-05],
        "min": [5.86585483308e-23, 2.28427486208e-22, 1.13812883119e-21, 2.88993782935e-21, 1.06238828882e-20, 1.74195932886e-20, 4.36683056404e-20, 7.26833264493e-20, 1.03547800323e-19, 1.38834523923e-19, 1.30637823213e-19, 2.67465619895e-19, 3.44633971324e-19, 5.03593088693e-19, 4.84030422302e-19, 1.05708160854e-18, 1.37745238209e-18, 2.19393258624e-18, 2.15818494209e-18, 2.67869806191e-18, 3.02881549107e-18, 3.78395094701e-18, 4.40163400737e-18, 5.66919771983e-18, 7.27425029503e-18, 6.42934981939e-18, 8.33449979852e-18, 9.68866642598e-18, 7.62346113423e-18, 9.59316511554e-18, 1.07268814923e-17, 9.71962035168e-18, 9.9612017583e-18, 8.03411329497e-18, 6.02316567473e-18, 3.87791411511e-18, 2.12957090355e-18, 8.12553939673e-19, 2.4138125476e-19, 2.61746554532e-20],
        "stdev": [0.0860083326697, 1.23087739944, 3.17309093475, 4.53034830093, 6.31958675385, 4.58237361908, 9.66376876831, 10.5170087814, 15.9090156555, 29.141456604, 35.0977058411, 42.9678192139, 59.1536941528, 48.1309509277, 32.8819618225, 34.0325813293, 31.3245334625, 83.2976379395, 67.8577423096, 38.3909645081, 30.528339386, 34.144985199, 51.9620437622, 37.5853424072, 43.3635520935, 42.6756477356, 45.2270431519, 44.6769866943, 32.5560951233, 24.3862438202, 17.7621192932, 9.8056268692, 5.04541826248, 1.89515995979, 0.739575922489, 0.126801282167, 0.0119946692139, 0.000504389288835, 3.3205262298e-05, 2.29692923313e-05]
    },
    "gfcc": {
        "mean": [-302.925048828, 36.6087303162, -120.158973694, 39.9306640625, -63.4541053772, 19.5950336456, -29.6647167206, 6.77341604233, -14.9634542465, 1.0453286171, -10.3729467392, -4.37398004532, -5.1818151474],
        "cov": [[312451.90625, 14173.2851562, -37309.4882812, 12774.9736328, -20172.3125, 6001.10742188, -9448.10449219, 1960.77612305, -4682.47558594, 100.604499817, -3325.32446289, -1624.36279297, -1620.58312988], [14173.2851562, 1586.78662109, -1367.49694824, 561.24017334, -868.534912109, 173.913711548, -478.10848999, 13.8352470398, -107.95211792, 6.03170347214, -141.693145752, -117.48285675, -45.8350944519], [-37309.4882812, -1367.49694824, 5106.38525391, -1250.82019043, 2487.33349609, -749.069152832, 1106.4407959, -264.575744629, 557.605895996, 3.46716213226, 373.495330811, 169.267974854, 151.45602417], [12774.9736328, 561.24017334, -1250.82019043, 969.916870117, -691.496520996, 223.49105835, -350.504882812, 54.059551239, -185.178939819, -12.4516782761, -132.886611938, -88.5559387207, -88.3558502197], [-20172.3125, -868.534912109, 2487.33349609, -691.496520996, 1433.16601562, -359.686462402, 630.043212891, -124.824226379, 308.951324463, -18.4321098328, 211.910552979, 103.728637695, 96.1010894775], [6001.10742188, 173.913711548, -749.069152832, 223.49105835, -359.686462402, 239.338058472, -120.92514801, 56.4753379822, -105.619522095, -13.4164886475, -73.5039825439, -37.1281204224, -41.2115783691], [-9448.10449219, -478.10848999, 1106.4407959, -350.504882812, 630.043212891, -120.92514801, 404.336151123, -36.8597335815, 153.024810791, -12.827413559, 108.829627991, 30.8623256683, 47.7649459839], [1960.77612305, 13.8352470398, -264.575744629, 54.059551239, -124.824226379, 56.4753379822, -36.8597335815, 73.8181915283, -21.1212291718, 8.49558544159, -16.4046669006, 1.79964697361, -11.4282274246], [-4682.47558594, -107.95211792, 557.605895996, -185.178939819, 308.951324463, -105.619522095, 153.024810791, -21.1212291718, 165.284667969, 32.4291534424, 69.6569213867, 17.3462963104, 35.3638877869], [100.604499817, 6.03170347214, 3.46716213226, -12.4516782761, -18.4321098328, -13.4164886475, -12.827413559, 8.49558544159, 32.4291534424, 66.0393981934, 17.1081733704, 8.98655796051, -2.64400720596], [-3325.32446289, -141.693145752, 373.495330811, -132.886611938, 211.910552979, -73.5039825439, 108.829627991, -16.4046669006, 69.6569213867, 17.1081733704, 86.1782608032, 35.1530914307, 23.5865859985], [-1624.36279297, -117.48285675, 169.267974854, -88.5559387207, 103.728637695, -37.1281204224, 30.8623256683, 1.79964697361, 17.3462963104, 8.98655796051, 35.1530914307, 58.1385688782, 25.0652294159], [-1620.58312988, -45.8350944519, 151.45602417, -88.3558502197, 96.1010894775, -41.2115783691, 47.7649459839, -11.4282274246, 35.3638877869, -2.64400720596, 23.5865859985, 25.0652294159, 51.4291267395]],
        "icov": [[0.000453231885331, -0.000913153809961, 0.00107224029489, -0.00163386715576, 0.00196329853497, -0.00147389050107, 0.000892275187653, -0.00122853263747, 0.000915344397072, -0.000944899278693, 0.000879950122908, -0.000676334195305, 0.000799927162006], [-0.000913153809961, 0.00323284231126, -0.00249415053986, 0.00307232653722, -0.00309905060567, 0.00241180881858, -0.000138126240927, 0.00300773209892, -0.0033449511975, 0.00271315360442, -0.00232179183513, 0.00320297293365, -0.00280620483682], [0.00107224029489, -0.00249415053986, 0.00427499134094, -0.00379408895969, 0.00231990637258, -0.0017386705149, 0.000647570588626, -0.0019044005312, 0.00262318062596, -0.00329312961549, 0.00312551972456, -0.0025267470628, 0.00352870090865], [-0.00163386715576, 0.00307232653722, -0.00379408895969, 0.00776198040694, -0.00711891194806, 0.00479842862114, -0.00247700884938, 0.00424793316051, -0.00279119401239, 0.00352731021121, -0.00341822719201, 0.00355527200736, -0.00191044132225], [0.00196329853497, -0.00309905060567, 0.00231990637258, -0.00711891194806, 0.0160653404891, -0.00650362344459, 0.0013159805676, -0.00354899768718, 0.000319557613693, -0.000346729473677, 0.0035288608633, -0.0063221026212, 0.00402413168922], [-0.00147389050107, 0.00241180881858, -0.0017386705149, 0.00479842862114, -0.00650362344459, 0.0158492997289, -0.00788035616279, 0.0019465762889, -0.000456510373624, 0.00257106660865, 0.00120360578876, 0.000313597382046, 0.00141569552943], [0.000892275187653, -0.000138126240927, 0.000647570588626, -0.00247700884938, 0.0013159805676, -0.00788035616279, 0.0159561373293, -0.00575154460967, -0.000621462415438, 0.00122201326303, -0.00573302805424, 0.00854384712875, -0.00408498663455], [-0.00122853263747, 0.00300773209892, -0.0019044005312, 0.00424793316051, -0.00354899768718, 0.0019465762889, -0.00575154460967, 0.0242923405021, -0.00596864614636, 0.00130111805629, 0.00115653406829, -0.00662952242419, 0.00267774937674], [0.000915344397072, -0.0033449511975, 0.00262318062596, -0.00279119401239, 0.000319557613693, -0.000456510373624, -0.000621462415438, -0.00596864614636, 0.0206005852669, -0.0114770820364, -0.00290794088505, 0.00599796418101, -0.00471530109644], [-0.000944899278693, 0.00271315360442, -0.00329312961549, 0.00352731021121, -0.000346729473677, 0.00257106660865, 0.00122201326303, 0.00130111805629, -0.0114770820364, 0.025421930477, -0.00619567651302, -0.00270633189939, 0.00362306716852], [0.000879950122908, -0.00232179183513, 0.00312551972456, -0.00341822719201, 0.0035288608633, 0.00120360578876, -0.00573302805424, 0.00115653406829, -0.00290794088505, -0.00619567651302, 0.0315122418106, -0.0167069155723, 0.00590511364862], [-0.000676334195305, 0.00320297293365, -0.0025267470628, 0.00355527200736, -0.0063221026212, 0.000313597382046, 0.00854384712875, -0.00662952242419, 0.00599796418101, -0.00270633189939, -0.0167069155723, 0.0416947081685, -0.019173912704], [0.000799927162006, -0.00280620483682, 0.00352870090865, -0.00191044132225, 0.00402413168922, 0.00141569552943, -0.00408498663455, 0.00267774937674, -0.00471530109644, 0.00362306716852, 0.00590511364862, -0.019173912704, 0.0365449078381]]
    },
    "melbands": {
        "max": [0.0102774696425, 0.0239560063928, 0.0140313152224, 0.00434370571747, 0.00232161278836, 0.00194119825028, 0.00366194080561, 0.00348674831912, 0.00222709239461, 0.00186571420636, 0.00202221190557, 0.00243638432585, 0.000929277739488, 0.00101963628549, 0.00062436494045, 0.000659065961372, 0.00151481630746, 0.00127634522505, 0.000572720135096, 0.000333245377988, 0.000233971280977, 0.000214461077121, 0.000578115927055, 0.000695989641827, 0.000331898394506, 0.000298772996757, 0.000244348513661, 0.000359752681106, 0.000310906762024, 0.000527111813426, 0.000253345468082, 0.000195584187168, 0.000118508934975, 0.000109252461698, 0.00012647920812, 6.39639183646e-05, 4.28741695941e-05, 3.29243375745e-05, 1.99971545953e-05, 2.35984571191e-05],
        "mean": [0.000329497212078, 0.000479697773699, 0.000275563797913, 0.000171645486262, 0.000183233481948, 0.000146460777614, 0.000123908903333, 0.00013483366638, 0.000186114135431, 0.000172831132659, 0.000169103252119, 0.000104202947114, 6.64187027724e-05, 6.03758344369e-05, 4.85909040435e-05, 6.13794545643e-05, 0.000102581871033, 7.64536234783e-05, 3.9327525883e-05, 2.91402957373e-05, 2.54535279964e-05, 2.70567797998e-05, 3.1344981835e-05, 3.1309282349e-05, 2.21813679673e-05, 2.3285365387e-05, 2.38918928517e-05, 2.13142120629e-05, 1.80653951247e-05, 1.83787451533e-05, 1.78074587893e-05, 1.62480064319e-05, 1.22887622638e-05, 9.98841460387e-06, 7.84969961387e-06, 5.41198096471e-06, 3.78864001505e-06, 2.56164798884e-06, 1.47927073613e-06, 8.32925252325e-07],
        "min": [6.4390283281e-25, 7.95826892141e-25, 9.92177674805e-25, 1.2811932363e-24, 1.68448525928e-24, 1.73916456128e-24, 1.20661038201e-24, 1.33389841388e-24, 9.56774682063e-25, 1.33816013631e-24, 1.6009666817e-24, 1.6116536762e-24, 9.8785530869e-25, 2.39467779959e-24, 1.90305001991e-24, 2.48942216367e-24, 3.48721169635e-24, 2.87486117968e-24, 2.7078094306e-24, 2.32973995316e-24, 2.77373788911e-24, 3.30609633226e-24, 3.53138120172e-24, 4.01276069217e-24, 4.19906123899e-24, 4.69168436392e-24, 4.38155513751e-24, 3.79570009207e-24, 3.60072049757e-24, 4.85950860505e-24, 4.90621232608e-24, 3.41429412744e-24, 5.07357902788e-24, 5.27137525024e-24, 5.62866889245e-24, 4.27039832508e-24, 5.80439673099e-24, 5.83987732792e-24, 5.86350686748e-24, 5.40175423635e-24],
        "stdev": [0.00101664336398, 0.00158454023767, 0.000823097652756, 0.000327094545355, 0.000310988601996, 0.000239988876274, 0.000300495972624, 0.000286134920316, 0.000321430008626, 0.000297407299513, 0.000307051028358, 0.000214368788875, 0.000112550565973, 0.000118592281069, 7.76052911533e-05, 9.50457615545e-05, 0.000166572557646, 0.00015034659009, 5.64313195355e-05, 4.55856534245e-05, 3.70086345356e-05, 3.50811969838e-05, 4.39838149759e-05, 4.64164113509e-05, 3.05215617118e-05, 3.41541745001e-05, 3.16231198667e-05, 3.02115167869e-05, 2.81831289612e-05, 3.62757891708e-05, 2.3676060664e-05, 2.00418089662e-05, 1.53797827807e-05, 1.34304564199e-05, 1.09938810056e-05, 7.91442653281e-06, 5.53529889658e-06, 3.92623178413e-06, 2.3919862997e-06, 1.46216598296e-06]
    },
    "melbands128": {
        "max": [0.000454531837022, 0.00552291423082, 0.0170826874673, 0.0347732193768, 0.0337942019105, 0.0106349466369, 0.0162933580577, 0.0187644213438, 0.0136746652424, 0.00243735825643, 0.00269664591178, 0.00382908526808, 0.00328631210141, 0.00426643807441, 0.002408742439, 0.00186871690676, 0.00218676263466, 0.00373612903059, 0.0109831588343, 0.00409418810159, 0.0018266615225, 0.00493445433676, 0.00326796574518, 0.00436981488019, 0.0035462800879, 0.00389661546797, 0.00638978276402, 0.003328763647, 0.004687753506, 0.0030282093212, 0.00500486278906, 0.00122211186681, 0.00135937321465, 0.00129175186157, 0.00206231279299, 0.00182825839147, 0.00127359910402, 0.000745636236388, 0.0015107919462, 0.00117526494432, 0.00121311098337, 0.00205009663478, 0.00361062632874, 0.00124226859771, 0.00403556413949, 0.00155053741764, 0.000578154693358, 0.00097217905568, 0.000661922385916, 0.00084805325605, 0.000484514283016, 0.000291268894216, 0.000445269251941, 0.000450971565442, 0.000241189976805, 0.000395498471335, 0.000418297742726, 0.000506283598952, 0.000937411910854, 0.000753493048251, 0.00119992205873, 0.000421766162617, 0.000347541732481, 0.000486554054078, 0.000684158410877, 0.000481939379824, 0.000609814946074, 0.000351531954948, 0.000366654712707, 0.000297165272059, 0.000399955344619, 0.00045787441195, 0.000641907681711, 0.000344125000993, 0.000304481218336, 0.000730146828573, 0.00072355393786, 0.000278321211226, 0.000271952158073, 0.000230038640439, 0.000249672069913, 0.000201995440875, 0.000212083075894, 0.000160563053214, 0.000165217134054, 0.000151602289407, 0.000113910995424, 0.000164694327395, 0.000141167998663, 0.000137079056003, 9.33032497414e-05, 6.76925992593e-05, 6.3134895754e-05, 6.40585640213e-05, 4.20071155531e-05, 4.67793979624e-05, 4.22902521677e-05, 2.87207622023e-05, 3.30540788127e-05, 1.8624623408e-05, 7.84058192949e-06, 2.92060758511e-05, 4.73184882139e-05, 1.43194129123e-05, 1.08966096377e-05, 9.66667448665e-06, 4.95230233355e-06, 3.04719401356e-06, 1.73854584773e-06, 1.14832926101e-06, 1.31088586386e-06, 7.6911379665e-07, 3.63741349929e-07, 7.6240070257e-07, 1.45584124311e-07, 1.99242595755e-08, 1.64630553634e-09, 1.61968338741e-09, 1.5818751864e-09, 1.55788415501e-09, 1.53227852628e-09, 1.48670786793e-09, 1.46802159318e-09, 1.45956680075e-09, 1.44390199797e-09, 1.43108702666e-09, 1.41921752128e-09, 1.41192457725e-09],
        "mean": [1.89928814507e-05, 0.000164005352417, 0.000455255503766, 0.000654062663671, 0.000542606168892, 0.000304326968035, 0.000270444608759, 0.000302253552945, 0.000241265181103, 0.000154290843057, 0.000129374544485, 0.000155276822625, 0.000184878648724, 0.000244616036071, 0.000150334235514, 8.85017871042e-05, 0.000100887315057, 0.00011332899885, 0.000179721188033, 0.000137875089422, 0.000102600621176, 0.000157484682859, 0.000188721489394, 0.000248551776167, 0.000131872089696, 0.000154667635798, 0.000233958737226, 0.00012563157361, 0.00019053905271, 0.000106989951746, 7.85099109635e-05, 7.96734893811e-05, 7.13682966307e-05, 4.40242765762e-05, 7.63616044424e-05, 6.02724285272e-05, 4.19177958975e-05, 5.92045980738e-05, 4.38147726527e-05, 3.53185605491e-05, 5.32334233867e-05, 0.000118219824799, 0.000105169900053, 7.26690996089e-05, 0.000151082815137, 5.4815052863e-05, 2.88983756036e-05, 4.5590037189e-05, 3.84876875614e-05, 3.76231546397e-05, 2.56767743849e-05, 2.29263878282e-05, 3.03202850773e-05, 2.49111290032e-05, 1.89181373571e-05, 3.07225309371e-05, 2.96202724712e-05, 2.69064676104e-05, 3.28218520735e-05, 3.9277048927e-05, 3.15673387377e-05, 2.59148182522e-05, 2.24261875701e-05, 1.93599971681e-05, 2.508385478e-05, 2.29982761084e-05, 2.19122266572e-05, 2.6851943403e-05, 2.3584914743e-05, 2.0275821953e-05, 2.38723750954e-05, 1.99436344701e-05, 1.86276083696e-05, 1.811547736e-05, 1.71562223841e-05, 1.73212756636e-05, 1.9680664991e-05, 1.86938050319e-05, 1.71694664459e-05, 1.80327424459e-05, 1.65864657902e-05, 1.5425550373e-05, 1.4797188669e-05, 1.1515913684e-05, 1.1202974747e-05, 9.66693642113e-06, 1.03306056189e-05, 9.1437377705e-06, 7.84613803262e-06, 6.77612297295e-06, 5.9497933762e-06, 4.93140987601e-06, 4.70128770758e-06, 3.89580418414e-06, 3.16677642331e-06, 2.90226307698e-06, 2.55133659266e-06, 1.87863361134e-06, 1.62234812251e-06, 1.32518016471e-06, 5.84220572364e-07, 8.74158672559e-07, 9.10106962237e-07, 6.59529348468e-07, 5.04331467255e-07, 3.70298636199e-07, 2.43537556344e-07, 1.74510176976e-07, 1.14950729824e-07, 7.89885490349e-08, 4.7920188706e-08, 2.62671591145e-08, 6.42259534445e-09, 4.09475697793e-09, 1.30871957715e-09, 1.15261147848e-10, 1.30875041707e-11, 4.63878328111e-12, 4.51660757406e-12, 4.39585260553e-12, 4.2776888802e-12, 4.17719157875e-12, 4.1083469092e-12, 4.03397584434e-12, 3.89131175199e-12, 3.68869171319e-12, 3.57159961328e-12, 3.5388107375e-12],
        "min": [1.3915372516e-27, 2.98004557551e-25, 2.72699206262e-25, 5.83865230089e-26, 4.24566516912e-25, 1.70282479621e-25, 9.22341470544e-26, 3.63873210542e-25, 5.80168196479e-25, 2.547640345e-25, 5.4275868672e-25, 2.29035952373e-25, 2.77052781687e-25, 4.61403905299e-25, 3.28411965352e-25, 2.94288381738e-25, 7.41508839132e-25, 4.72357584095e-25, 2.0083816862e-25, 2.53255461278e-25, 2.61842162927e-25, 5.03969804365e-25, 6.94050178213e-25, 6.57755969863e-25, 3.48659165168e-25, 4.77703793057e-25, 2.53531611899e-25, 8.25769784128e-25, 4.02392376423e-25, 3.86510067255e-25, 7.4568112446e-25, 2.35591780926e-25, 6.74881794988e-25, 9.90206311403e-25, 8.46410280409e-25, 1.08121985644e-24, 6.74523307011e-25, 8.9154337938e-25, 6.88186328585e-25, 6.48521268283e-25, 8.26791211089e-25, 8.65951055285e-25, 1.67502622538e-24, 6.69313077947e-25, 1.75537801946e-24, 7.70634274006e-25, 1.24610914058e-24, 1.20654786479e-24, 6.20622610724e-25, 1.07830590287e-24, 1.72358475562e-24, 1.54858602177e-24, 1.19876121601e-24, 1.77075449623e-24, 1.532940149e-24, 1.1599108025e-24, 1.95442419193e-24, 1.2872303888e-24, 2.29447649019e-24, 1.8159990218e-24, 1.30782942058e-24, 2.80232936375e-24, 1.82749114747e-24, 1.67642388969e-24, 2.29156283244e-24, 2.33441572896e-24, 1.4353032292e-24, 1.54778404605e-24, 1.72919099285e-24, 1.42691822942e-24, 2.39332470592e-24, 1.48578026915e-24, 1.45088333068e-24, 2.27532058083e-24, 2.23591914798e-24, 3.21003141502e-24, 3.05589489667e-24, 1.91179947342e-24, 2.11254011911e-24, 2.45165130631e-24, 3.0902420977e-24, 1.90405956465e-24, 2.07383899753e-24, 2.76921830776e-24, 2.86554197138e-24, 4.00310345697e-24, 2.79746110589e-24, 2.42314483143e-24, 3.38689501605e-24, 2.82494876692e-24, 3.45138912821e-24, 2.79054516234e-24, 3.17977544386e-24, 3.88877187382e-24, 2.51737821086e-24, 3.42482699824e-24, 4.2497928838e-24, 3.33236855585e-24, 3.79664909174e-24, 3.52729174679e-24, 3.63265950347e-24, 3.34390604102e-24, 4.28951242481e-24, 4.65931582325e-24, 3.42467948125e-24, 3.77999899904e-24, 4.03122477052e-24, 4.50170614756e-24, 3.00675458152e-24, 4.86723904749e-24, 3.67422852887e-24, 4.21969271267e-24, 4.62492779867e-24, 4.88249601182e-24, 5.27331860908e-24, 5.656730647e-24, 4.30659639101e-24, 4.93243524586e-24, 5.07366225271e-24, 4.76999813585e-24, 5.65328687472e-24, 4.79777629491e-24, 5.09433435273e-24, 5.01948210245e-24, 4.92596264213e-24, 5.08408468299e-24, 5.18181547724e-24, 5.81493433496e-24],
        "stdev": [4.07852239732e-05, 0.000534881197382, 0.0014763972722, 0.00244518346153, 0.00210090610199, 0.000928649445996, 0.000959226745181, 0.00110075098928, 0.000698877847753, 0.00030311170849, 0.000265211128863, 0.000356559990905, 0.000365587504348, 0.000479313690448, 0.000289542629616, 0.00018200026534, 0.000216968459426, 0.000312292278977, 0.000755322573241, 0.000343184656231, 0.000202281764359, 0.000434562098235, 0.000379788310966, 0.000550224329345, 0.000291526142973, 0.000400943827117, 0.000682091456838, 0.000271055061603, 0.000516967265867, 0.000284994253889, 0.000257751642494, 0.000142176577356, 0.000148353952682, 0.000118472038594, 0.000175445049535, 0.000154769892106, 9.64404316619e-05, 0.000107242783997, 9.66739025898e-05, 7.84349249443e-05, 0.000110214306915, 0.000253005011473, 0.000285080226604, 0.000140246978845, 0.000408203573897, 0.000127172708744, 5.79172447033e-05, 8.09586636024e-05, 7.20727693988e-05, 7.8865836258e-05, 4.81439165014e-05, 4.03055928473e-05, 5.08437842655e-05, 4.7217548854e-05, 3.25444052578e-05, 4.72763094876e-05, 4.5765802497e-05, 4.65275188617e-05, 5.9391844843e-05, 7.24419951439e-05, 6.58649732941e-05, 3.95732131437e-05, 3.66585009033e-05, 3.53857321898e-05, 4.7744018957e-05, 4.2721931095e-05, 4.32506894867e-05, 4.03856683988e-05, 3.58243378287e-05, 3.03891138174e-05, 3.8948834117e-05, 3.34610922437e-05, 4.31110747741e-05, 2.99622843158e-05, 2.82022901956e-05, 4.33068198618e-05, 4.48119571956e-05, 2.89184354187e-05, 2.61920595221e-05, 2.53708913078e-05, 2.28728440561e-05, 2.17434972001e-05, 2.09063418879e-05, 1.5960613382e-05, 1.67056696228e-05, 1.54992176249e-05, 1.46592674355e-05, 1.2867985788e-05, 1.19426840683e-05, 1.17488489195e-05, 9.84028611128e-06, 7.35844059818e-06, 6.90666774972e-06, 6.30376098343e-06, 5.06629839947e-06, 4.8997653721e-06, 4.00366388931e-06, 3.18998627336e-06, 2.77362278212e-06, 2.35035463447e-06, 1.01871182778e-06, 1.66661959611e-06, 2.04744515031e-06, 1.11560882488e-06, 8.65139611506e-07, 6.48340574116e-07, 4.36741629528e-07, 3.03621760622e-07, 1.9560053488e-07, 1.23369247262e-07, 9.23556982002e-08, 5.42124745095e-08, 2.10024602154e-08, 2.70420841275e-08, 8.13662470733e-09, 8.14449063746e-10, 6.77837300178e-11, 4.98768318313e-11, 4.87081035228e-11, 4.79636885764e-11, 4.71705417782e-11, 4.5769416035e-11, 4.519067065e-11, 4.49258547031e-11, 4.44425260482e-11, 4.40482164632e-11, 4.36834214634e-11, 4.34588857956e-11]
    },
    "mfcc": {
        "mean": [-766.41217041, 44.7971992493, -10.4853620529, 13.046002388, -9.61239624023, 6.64227199554, -5.22401380539, 3.71107935905, -2.03158164024, 4.18425178528, 0.778074800968, -1.30930447578, -5.60163402557],
        "cov": [[89423.6328125, 7710.75097656, -1753.42431641, 2160.0690918, -1837.13232422, 1137.31237793, -919.679504395, 646.379760742, -336.674255371, 746.821289062, 240.910888672, -195.757720947, -1018.38665771], [7710.75097656, 1395.75891113, -10.9374513626, 160.2084198, -134.097335815, 73.6828308105, -202.207824707, -3.2942302227, -36.0238571167, 86.2833328247, 47.8416099548, -47.6476020813, -99.6525878906], [-1753.42431641, -10.9374513626, 494.731140137, 192.103927612, 121.083976746, 32.2423362732, 13.2487134933, -34.9739761353, -3.20321440697, -6.18394184113, 31.6615695953, -6.80509901047, -7.91442966461], [2160.0690918, 160.2084198, 192.103927612, 480.748565674, 94.8773040771, 107.138305664, -11.2849521637, 18.2713623047, -4.93372774124, 20.7983531952, 18.250623703, 10.4530038834, -25.9968700409], [-1837.13232422, -134.097335815, 121.083976746, 94.8773040771, 176.195129395, 17.109746933, 17.6869716644, -1.91559290886, 5.18677139282, -18.4039993286, -12.7103891373, 4.7815284729, 31.4531650543], [1137.31237793, 73.6828308105, 32.2423362732, 107.138305664, 17.109746933, 121.817497253, 30.9782657623, 36.8569068909, 9.84998035431, 26.0537109375, 21.2766189575, -1.94759464264, -35.5055236816], [-919.679504395, -202.207824707, 13.2487134933, -11.2849521637, 17.6869716644, 30.9782657623, 120.36807251, 47.0686416626, 9.13870620728, -5.40631008148, -4.75191259384, 3.07850766182, 2.94601202011], [646.379760742, -3.2942302227, -34.9739761353, 18.2713623047, -1.91559290886, 36.8569068909, 47.0686416626, 82.731010437, 16.9462242126, 16.1799850464, 0.299790501595, -2.72928619385, -10.6958427429], [-336.674255371, -36.0238571167, -3.20321440697, -4.93372774124, 5.18677139282, 9.84998035431, 9.13870620728, 16.9462242126, 47.8851394653, 20.2020435333, 6.37887907028, -3.07446169853, -3.33110404015], [746.821289062, 86.2833328247, -6.18394184113, 20.7983531952, -18.4039993286, 26.0537109375, -5.40631008148, 16.1799850464, 20.2020435333, 58.2799072266, 31.9335784912, -4.20847797394, -22.554693222], [240.910888672, 47.8416099548, 31.6615695953, 18.250623703, -12.7103891373, 21.2766189575, -4.75191259384, 0.299790501595, 6.37887907028, 31.9335784912, 73.2928619385, 23.9705810547, -18.8056354523], [-195.757720947, -47.6476020813, -6.80509901047, 10.4530038834, 4.7815284729, -1.94759464264, 3.07850766182, -2.72928619385, -3.07446169853, -4.20847797394, 23.9705810547, 55.3241691589, 25.5255279541], [-1018.38665771, -99.6525878906, -7.91442966461, -25.9968700409, 31.4531650543, -35.5055236816, 2.94601202011, -10.6958427429, -3.33110404015, -22.554693222, -18.8056354523, 25.5255279541, 68.008934021]],
        "icov": [[5.65609261685e-05, -0.000178647766006, 0.000164970726473, -0.00026507457369, 0.000433401553892, -0.000205965785426, 0.000181632465683, -0.000342963932781, 0.000387066451367, -0.000194701351575, 0.000220432018978, -0.000136020666105, 0.000199677568162], [-0.000178647766006, 0.00199075811543, -0.000712676381227, 0.000629820511676, -0.000459411530755, -0.000270886550425, 0.00218047271483, -8.13989099697e-05, 0.000368268578313, -0.000564896094147, -0.000777252367698, 0.00133567873854, -0.000522029702552], [0.000164970726473, -0.000712676381227, 0.00375319295563, -0.00190597912297, -0.000495218264405, -8.41525907163e-05, -0.00104659900535, 0.00116707745474, 0.000637193210423, 0.000802219263278, -0.00216207862832, 0.0016991852317, 0.000609887647443], [-0.00026507457369, 0.000629820511676, -0.00190597912297, 0.00483027100563, -0.00340585736558, -0.00147703534458, 0.000402718404075, 0.000750134931877, -0.000795441388618, -0.000218303641304, 0.000756953202654, -0.00179109873716, 0.00025292657665], [0.000433401553892, -0.000459411530755, -0.000495218264405, -0.00340585736558, 0.0128335123882, -0.00373332831077, 0.00262430030853, -0.00327333062887, 0.00188098300714, 0.000113914051326, 0.00176973734051, 0.00133554125205, -0.00393767561764], [-0.000205965785426, -0.000270886550425, -8.41525907163e-05, -0.00147703534458, -0.00373332831077, 0.0162521749735, -0.0055002598092, -0.000853446079418, -0.00233493116684, -0.00132810370997, -0.0015379646793, -0.00185654137749, 0.00597663735971], [0.000181632465683, 0.00218047271483, -0.00104659900535, 0.000402718404075, 0.00262430030853, -0.0055002598092, 0.018492443487, -0.0106939561665, 0.00375348911621, 0.000199948306545, 0.00115496455692, 0.000103971673525, -9.06502464204e-05], [-0.000342963932781, -8.13989099697e-05, 0.00116707745474, 0.000750134931877, -0.00327333062887, -0.000853446079418, -0.0106939561665, 0.0232617333531, -0.00738080590963, -0.00165766535792, 0.000595141609665, 0.000119829172036, -0.000434085872257], [0.000387066451367, 0.000368268578313, 0.000637193210423, -0.000795441388618, 0.00188098300714, -0.00233493116684, 0.00375348911621, -0.00738080590963, 0.031307388097, -0.0132513949648, 0.00267514865845, 0.000491670216434, 0.00038735230919], [-0.000194701351575, -0.000564896094147, 0.000802219263278, -0.000218303641304, 0.000113914051326, -0.00132810370997, 0.000199948306545, -0.00165766535792, -0.0132513949648, 0.0353108160198, -0.0161563381553, 0.0083613358438, -0.00129295838997], [0.000220432018978, -0.000777252367698, -0.00216207862832, 0.000756953202654, 0.00176973734051, -0.0015379646793, 0.00115496455692, 0.000595141609665, 0.00267514865845, -0.0161563381553, 0.0317266359925, -0.0209111329168, 0.0120161678642], [-0.000136020666105, 0.00133567873854, 0.0016991852317, -0.00179109873716, 0.00133554125205, -0.00185654137749, 0.000103971673525, 0.000119829172036, 0.000491670216434, 0.0083613358438, -0.0209111329168, 0.0377332270145, -0.019286647439], [0.000199677568162, -0.000522029702552, 0.000609887647443, 0.00025292657665, -0.00393767561764, 0.00597663735971, -9.06502464204e-05, -0.000434085872257, 0.00038735230919, -0.00129295838997, 0.0120161678642, -0.019286647439, 0.0321253575385]]
    },
    "spectral_contrast_coeffs": {
        "max": [-0.520117640495, -0.587771713734, -0.548280894756, -0.622065067291, -0.667612791061, -0.489140272141],
        "mean": [-0.791027963161, -0.830243349075, -0.812004089355, -0.823346436024, -0.824232041836, -0.769994974136],
        "min": [-0.984007179737, -0.997913360596, -0.998900055885, -0.986272752285, -0.989492058754, -0.964890956879],
        "stdev": [0.111237123609, 0.0953756943345, 0.106129541993, 0.0928180217743, 0.0840255692601, 0.115649156272]
    },
    "spectral_contrast_valleys": {
        "max": [-5.42353773117, -5.18108224869, -5.36103057861, -5.75578832626, -5.49887943268, -7.86668586731],
        "mean": [-12.1731538773, -11.7102594376, -12.0698070526, -12.053276062, -11.7501888275, -13.7133607864],
        "min": [-27.929309845, -28.0138492584, -27.8955020905, -27.7559089661, -27.6030731201, -27.4461765289],
        "stdev": [8.50979232788, 8.70755672455, 8.52185153961, 8.50081920624, 8.67847728729, 7.58953332901]
    }
},
"rhythm": {
    "beats_count": 51,
    "beats_loudness": {
        "max": 0.0836793780327,
        "mean": 0.0226359926164,
        "min": 0,
        "stdev": 0.0183491297066
    },
    "bpm": 133.01184082,
    "bpm_histogram_first_peak_bpm": 133,
    "bpm_histogram_first_peak_weight": 0.533333361149,
    "bpm_histogram_second_peak_bpm": 123,
    "bpm_histogram_second_peak_spread": 0.529411792755,
    "bpm_histogram_second_peak_weight": 0.159999996424,
    "danceability": 0.811722457409,
    "onset_rate": 1.82915365696,
    "beats_loudness_band_ratio": {
        "max": [0.886384308338, 0.340516090393, 0.507052659988, 0.404121935368, 0.464227169752, 0.503558814526],
        "mean": [0.173965677619, 0.0770744308829, 0.115751631558, 0.118808209896, 0.130464345217, 0.164792224765],
        "min": [0, 0, 0, 0, 0, 0],
        "stdev": [0.224442258477, 0.0858721807599, 0.124142594635, 0.125202983618, 0.125765606761, 0.133689448237]
    },
    "beats_position": [0.487619042397, 0.975238084793, 1.42802715302, 1.88081634045, 2.32199549675, 2.76317453384, 3.21596360207, 3.66875267029, 4.1099319458, 4.55111122131, 5.00390005112, 5.45668935776, 5.89786815643, 6.3622674942, 6.81505680084, 7.26784563065, 7.70902490616, 8.15020370483, 8.59138298035, 9.03256225586, 9.4853515625, 9.93814086914, 10.3909292221, 10.8437185287, 11.2848978043, 11.7376871109, 12.1904764175, 12.6548748016, 13.1308841705, 13.6765527725, 14.2106122971, 14.7214508057, 15.2090702057, 15.696688652, 16.1843090057, 16.6719264984, 17.1595458984, 17.6471652985, 18.1115646362, 18.5875740051, 19.0751914978, 19.5395908356, 20.0039901733, 20.4683895111, 20.9676189423, 21.4668483734, 21.9660758972, 22.4653053284, 22.9645347595, 23.4637641907, 23.9629936218],
