{
"metadata": {
    "version": {
        "essentia": "2.1-beta5",
        "essentia_git_sha": "Undefined",
        "extractor": "music 2.0"
    },
    "audio_properties": {
        "analysis": {
            "equal_loudness": 0,
            "length": 32.4963264465,
            "sample_rate": 44100,
            "start_time": 77.7520217896,
            "downmix": "mix"
        },
        "bit_rate": 192000,
        "length": 203.778320312,
        "lossless": 0,
        "number_channels": 2,
        "replay_gain": -11.5825271606,
        "sample_rate": 44100,
        "codec": "mp3",
        "md5_encoded": "2660ebbf6d49a7e170ae04aad177c985"
    },
    "tags": {
        "file_name": "Switzerland_Io Così Non Ci Sto_Mariella Farré.mp3",
        "encoding": ["Lavf58.29.100"]
    }
},
"lowlevel": {
    "average_loudness": 0.959150969982,
    "barkbands_crest": {
        "max": 25.4124336243,
        "mean": 11.1859521866,
        "min": 3.14184880257,
        "stdev": 4.77002906799
    },
    "barkbands_flatness_db": {
        "max": 0.37346509099,
        "mean": 0.22524702549,
        "min": 0.0759743452072,
        "stdev": 0.0414943471551
    },
    "barkbands_kurtosis": {
        "max": 56.211227417,
        "mean": 1.75834429264,
        "min": -1.73708474636,
        "stdev": 4.50191783905
    },
    "barkbands_skewness": {
        "max": 6.28169298172,
        "mean": 0.732009470463,
        "min": -2.35439825058,
        "stdev": 0.915054023266
    },
    "barkbands_spread": {
        "max": 38.7483291626,
        "mean": 10.9861783981,
        "min": 0.892194867134,
        "stdev": 5.3938498497
    },
    "dissonance": {
        "max": 0.499610453844,
        "mean": 0.441113084555,
        "min": 0.281239032745,
        "stdev": 0.0357945971191
    },
    "dynamic_complexity": 3.047488451,
    "erbbands_crest": {
        "max": 27.2393264771,
        "mean": 11.6505088806,
        "min": 3.17879033089,
        "stdev": 4.45048236847
    },
    "erbbands_flatness_db": {
        "max": 0.432098448277,
        "mean": 0.29306641221,
        "min": 0.147980734706,
        "stdev": 0.0436906926334
    },
    "erbbands_kurtosis": {
        "max": 30.9628372192,
        "mean": 0.787593126297,
        "min": -1.89599943161,
        "stdev": 3.074249506
    },
    "erbbands_skewness": {
        "max": 3.74255132675,
        "mean": 0.385853201151,
        "min": -2.16144013405,
        "stdev": 0.742259562016
    },
    "erbbands_spread": {
        "max": 60.3222389221,
        "mean": 17.941614151,
        "min": 1.37423563004,
        "stdev": 8.58452606201
    },
    "hfc": {
        "max": 77.9728546143,
        "mean": 20.4275035858,
        "min": 0.183477342129,
        "stdev": 14.6633777618
    },
    "loudness_ebu128": {
        "integrated": -12.7085943222,
        "loudness_range": 3.91819953918,
        "momentary": {
            "max": -9.98125553131,
            "mean": -13.7091283798,
            "min": -28.2718639374,
            "stdev": 3.38329458237
        },
        "short_term": {
            "max": -11.195306778,
            "mean": -13.2411193848,
            "min": -20.0502490997,
            "stdev": 1.90192520618
        }
    },
    "melbands_crest": {
        "max": 32.5482254028,
        "mean": 13.7931470871,
        "min": 4.59913778305,
        "stdev": 5.88267230988
    },
    "melbands_flatness_db": {
        "max": 0.436230182648,
        "mean": 0.269498080015,
        "min": 0.132184460759,
        "stdev": 0.0454341880977
    },
    "melbands_kurtosis": {
        "max": 72.3154525757,
        "mean": 3.60059571266,
        "min": -1.59772741795,
        "stdev": 6.84404993057
    },
    "melbands_skewness": {
        "max": 7.48904752731,
        "mean": 1.16194224358,
        "min": -2.58691954613,
        "stdev": 1.16604471207
    },
    "melbands_spread": {
        "max": 65.3042297363,
        "mean": 17.5371646881,
        "min": 1.5539277792,
        "stdev": 9.20449352264
    },
    "pitch_salience": {
        "max": 0.859905958176,
        "mean": 0.533039093018,
        "min": 0.134806826711,
        "stdev": 0.116506442428
    },
    "silence_rate_20dB": {
        "max": 1,
        "mean": 1,
        "min": 1,
        "stdev": 0
    },
    "silence_rate_30dB": {
        "max": 1,
        "mean": 1,
        "min": 1,
        "stdev": 0
    },
    "silence_rate_60dB": {
        "max": 1,
        "mean": 0.0606709495187,
        "min": 0,
        "stdev": 0.238724038005
    },
    "spectral_centroid": {
        "max": 2846.9765625,
        "mean": 1210.03466797,
        "min": 317.985717773,
        "stdev": 480.864349365
    },
    "spectral_complexity": {
        "max": 42,
        "mean": 15.5960025787,
        "min": 0,
        "stdev": 6.02275514603
    },
    "spectral_decrease": {
        "max": -6.22832063701e-11,
        "mean": -5.31082333666e-09,
        "min": -2.04516812374e-08,
        "stdev": 3.64053431845e-09
    },
    "spectral_energy": {
        "max": 0.0842615365982,
        "mean": 0.0218970887363,
        "min": 0.000265634735115,
        "stdev": 0.014812072739
    },
    "spectral_energyband_high": {
        "max": 0.000913321156986,
        "mean": 3.56148084393e-05,
        "min": 1.42767328271e-06,
        "stdev": 5.59207401238e-05
    },
    "spectral_energyband_low": {
        "max": 0.0253514591604,
        "mean": 0.000527940399479,
        "min": 1.39076655614e-06,
        "stdev": 0.00143493514042
    },
    "spectral_energyband_middle_high": {
        "max": 0.0694047361612,
        "mean": 0.00979444105178,
        "min": 1.03726288216e-05,
        "stdev": 0.00910417083651
    },
    "spectral_energyband_middle_low": {
        "max": 0.0759804323316,
        "mean": 0.0117787159979,
        "min": 0.000132742352434,
        "stdev": 0.0124344974756
    },
    "spectral_entropy": {
        "max": 8.27898788452,
        "mean": 6.83019447327,
        "min": 5.31515264511,
        "stdev": 0.319895654917
    },
    "spectral_flux": {
        "max": 0.257836550474,
        "mean": 0.0738721936941,
        "min": 0.00442497525364,
        "stdev": 0.0447904393077
    },
    "spectral_kurtosis": {
        "max": 50.0447120667,
        "mean": 14.3089580536,
        "min": 0.869563817978,
        "stdev": 7.44033050537
    },
    "spectral_rms": {
        "max": 0.0090667726472,
        "mean": 0.00431663542986,
        "min": 0.00050907349214,
        "stdev": 0.00165216228925
    },
    "spectral_rolloff": {
        "max": 4069.77539062,
        "mean": 1447.82971191,
        "min": 236.865234375,
        "stdev": 643.71307373
    },
    "spectral_skewness": {
        "max": 5.24214792252,
        "mean": 2.23421192169,
        "min": 0.0661917924881,
        "stdev": 0.854748547077
    },
    "spectral_spread": {
        "max": 12148955,
        "mean": 2042301.875,
        "min": 1269153.875,
        "stdev": 530709.0625
    },
    "spectral_strongpeak": {
        "max": 11.0641813278,
        "mean": 2.17602133751,
        "min": 0.00961819570512,
        "stdev": 1.70508277416
    },
    "zerocrossingrate": {
        "max": 0.10546875,
        "mean": 0.0495000779629,
        "min": 0.01123046875,
        "stdev": 0.0160919744521
    },
    "barkbands": {
        "max": [6.71745738146e-06, 0.00920951738954, 0.0181972142309, 0.0105719547719, 0.0489701330662, 0.0733323693275, 0.0591435879469, 0.0463331528008, 0.0571483299136, 0.0598915219307, 0.0373717844486, 0.0486147217453, 0.0268996004015, 0.0282509382814, 0.0256211254746, 0.016154659912, 0.0111185023561, 0.00820947997272, 0.0056146257557, 0.00133177894168, 0.000333096366376, 6.30021168035e-05, 3.6525257201e-06, 5.03985484102e-06, 3.39072562383e-06, 3.29905560648e-06, 3.32864897246e-06],
        "mean": [3.48082323853e-07, 0.000184691540198, 0.000239934757701, 0.000292831653496, 0.000753479485866, 0.00389762478881, 0.00251060933806, 0.00151056435425, 0.00242309621535, 0.00178726483136, 0.00138267618604, 0.00182434474118, 0.00130827433895, 0.00121644127648, 0.000695283408277, 0.000506325159222, 0.000274454127066, 0.000665400060825, 0.000322522188071, 8.6711232143e-05, 1.11169447337e-05, 1.72246745933e-06, 2.8180053846e-07, 3.44651681417e-07, 4.80439496187e-07, 2.78194448811e-07, 1.03263513296e-08],
        "min": [8.72186545209e-10, 1.58405129014e-07, 7.86056233437e-08, 1.01400281949e-07, 2.51898336501e-06, 7.32996295483e-06, 9.45548072195e-06, 2.24759105549e-06, 1.7594475139e-06, 1.77283880021e-06, 1.81985129188e-07, 6.97164409758e-07, 5.75259718971e-07, 3.97902965688e-07, 2.02856710985e-07, 1.86177530281e-07, 1.55578419481e-07, 1.88878530594e-07, 1.11706050632e-07, 8.27479382792e-08, 1.09888667055e-07, 8.28008097642e-08, 8.63076934365e-08, 1.52657392505e-07, 2.857439938e-07, 1.45364879245e-07, 4.60028598548e-10],
        "stdev": [5.73463807996e-07, 0.00059797312133, 0.000859739491716, 0.000684041820932, 0.00264331046492, 0.0088987480849, 0.005059836898, 0.00359992193989, 0.00508320936933, 0.00456157559529, 0.00272797141224, 0.00383788836189, 0.00257033598609, 0.00224628276192, 0.00158883724362, 0.00110004399903, 0.000690468761604, 0.00112491438631, 0.000577278493438, 0.000127786421217, 1.95887914742e-05, 4.24450672654e-06, 2.51574249432e-07, 2.41464562123e-07, 1.1248547338e-07, 9.40413755757e-08, 8.95180392035e-08]
    },
    "erbbands": {
        "max": [0.0748331174254, 2.91174554825, 19.7022476196, 22.0245666504, 71.519744873, 265.316589355, 390.937042236, 867.235046387, 1068.59997559, 825.353149414, 755.399658203, 1545.56384277, 1289.62670898, 1978.07775879, 1193.91540527, 1232.83935547, 1455.80102539, 1326.55737305, 1028.29589844, 671.733886719, 629.979614258, 514.381225586, 443.762481689, 456.753173828, 151.927352905, 60.5359077454, 18.3842163086, 10.5089683533, 2.8140308857, 0.592200934887, 0.0969359055161, 0.0817304775119, 0.103272944689, 0.035592559725, 0.0251595433801, 0.0131369708106, 0.00623394688591, 0.00208508013748, 0.000476398679893, 9.97441165964e-05],
        "mean": [0.00203491630964, 0.0545322969556, 0.254230320454, 0.615201115608, 1.64916157722, 2.73733496666, 9.15549659729, 40.7547798157, 38.2585830688, 34.1424026489, 37.7582321167, 49.7687644958, 57.8416519165, 64.4196090698, 65.7661590576, 53.4214134216, 54.8159675598, 66.6515808105, 44.6841087341, 33.3050117493, 25.3887481689, 17.6556720734, 34.5349655151, 26.4110336304, 10.3608198166, 3.57716178894, 0.864065945148, 0.266842633486, 0.0768935978413, 0.0199257992208, 0.00764912832528, 0.00687571568415, 0.00603604177013, 0.00494990078732, 0.00364262075163, 0.00176322890911, 0.000363874656614, 3.37487472279e-05, 1.31757133204e-05, 2.62495814241e-05],
        "min": [5.58523697691e-06, 7.30893807486e-05, 0.000351345166564, 0.00116575264838, 0.00327907409519, 0.0161481276155, 0.0300021208823, 0.128783717752, 0.279086947441, 0.105131320655, 0.107220955193, 0.0721801295877, 0.0263060946018, 0.053021684289, 0.0190983656794, 0.0360315144062, 0.0426144376397, 0.0158193800598, 0.0121848331764, 0.0118935015053, 0.0105185406283, 0.00951747782528, 0.00861609447747, 0.00753607973456, 0.00553941447288, 0.00394473550841, 0.0040594744496, 0.00311236339621, 0.00306970020756, 0.00276543200016, 0.00229323632084, 0.00274216942489, 0.00248810858466, 0.00256699556485, 0.0018540143501, 0.000994138419628, 0.000183412674232, 1.47257869685e-05, 7.56240183364e-07, 5.60482874334e-07],
        "stdev": [0.00523747503757, 0.179509878159, 0.938611507416, 1.32380318642, 4.37133359909, 11.8613100052, 27.1004066467, 97.3569793701, 79.3463287354, 66.9941253662, 76.5417785645, 115.084579468, 124.429885864, 132.759277344, 109.084205627, 100.480072021, 103.22555542, 109.96900177, 91.039894104, 60.1521186829, 51.2780380249, 36.5578308105, 61.8694839478, 43.8424911499, 15.669508934, 4.8464217186, 1.26701021194, 0.549615263939, 0.175010308623, 0.0369805060327, 0.00598009256646, 0.00513975322247, 0.00393921602517, 0.00146330567077, 0.000860110798385, 0.000422538607381, 0.0001699084969, 5.57621206099e-05, 1.47931086758e-05, 1.74754968612e-05]
    },
    "gfcc": {
        "mean": [-81.5074157715, 134.07598877, -184.976333618, -24.4454135895, -45.4496269226, -22.825176239, -37.7153015137, 9.24964427948, -30.8499736786, 5.62458896637, -2.59728288651, -5.82945775986, -4.07896852493],
        "cov": [[1772.93798828, 230.639984131, -849.609130859, 173.914428711, 315.464385986, -371.713531494, 280.85848999, -16.0700492859, -6.7785282135, -126.237197876, -51.282283783, -196.388885498, -38.6733665466], [230.639984131, 620.520874023, 614.477783203, 159.567840576, 144.644332886, 149.460296631, -25.8729019165, -28.3540058136, 4.20731258392, -85.9425888062, -134.814941406, -66.5915298462, 14.0051031113], [-849.609130859, 614.477783203, 1467.42272949, 250.93321228, -58.9337348938, 389.016693115, -231.965133667, -66.8993988037, 19.4179019928, -31.0034122467, -152.488677979, 73.0452194214, 50.0506591797], [173.914428711, 159.567840576, 250.93321228, 379.929412842, 108.578651428, -1.96289932728, -7.41206741333, -5.9536857605, 9.69176769257, -51.0306510925, -112.893440247, -23.2884159088, -15.3455581665], [315.464385986, 144.644332886, -58.9337348938, 108.578651428, 209.347839355, 35.8689346313, 62.8556137085, 51.361541748, 6.63319206238, -48.2027168274, -46.4699897766, -66.2845458984, -36.3574790955], [-371.713531494, 149.460296631, 389.016693115, -1.96289932728, 35.8689346313, 326.517730713, 41.9330444336, 10.5517091751, -36.2655639648, -5.11964035034, -53.2560844421, -9.29092407227, -21.5025749207], [280.85848999, -25.8729019165, -231.965133667, -7.41206741333, 62.8556137085, 41.9330444336, 225.141433716, 53.2636566162, -45.8991584778, -13.4685230255, 10.3205804825, -69.4145278931, -47.3860931396], [-16.0700492859, -28.3540058136, -66.8993988037, -5.9536857605, 51.361541748, 10.5517091751, 53.2636566162, 134.12979126, 61.6408500671, 7.0169467926, -2.23679709435, -40.4576377869, -45.6342277527], [-6.7785282135, 4.20731258392, 19.4179019928, 9.69176769257, 6.63319206238, -36.2655639648, -45.8991584778, 61.6408500671, 134.032440186, 47.7547836304, -10.2012042999, -15.9547376633, -15.3537607193], [-126.237197876, -85.9425888062, -31.0034122467, -51.0306510925, -48.2027168274, -5.11964035034, -13.4685230255, 7.0169467926, 47.7547836304, 96.5863723755, 61.2620315552, 9.481798172, -15.4104309082], [-51.282283783, -134.814941406, -152.488677979, -112.893440247, -46.4699897766, -53.2560844421, 10.3205804825, -2.23679709435, -10.2012042999, 61.2620315552, 159.289382935, 66.1167907715, -19.5705909729], [-196.388885498, -66.5915298462, 73.0452194214, -23.2884159088, -66.2845458984, -9.29092407227, -69.4145278931, -40.4576377869, -15.9547376633, 9.481798172, 66.1167907715, 131.723510742, 62.0263404846], [-38.6733665466, 14.0051031113, 50.0506591797, -15.3455581665, -36.3574790955, -21.5025749207, -47.3860931396, -45.6342277527, -15.3537607193, -15.4104309082, -19.5705909729, 62.0263404846, 121.96761322]],
        "icov": [[0.0213692355901, -0.0259255208075, 0.019992576912, -0.011487849988, -0.00109668110963, 0.0107620814815, -0.0176818761975, 0.0219696797431, -0.0190778672695, 0.0153928166255, -0.00859467312694, 0.00474495347589, -0.00122497254051], [-0.0259255208075, 0.0414489842951, -0.0318905934691, 0.0188038926572, -0.00908580236137, -0.00685688760132, 0.0155120491982, -0.0202898830175, 0.02009928599, -0.0155467223376, 0.0116360178217, -0.00239095208235, 0.000639394449536], [0.019992576912, -0.0318905934691, 0.0273296386003, -0.0174920856953, 0.00976830720901, 0.000486268050736, -0.0086603499949, 0.0157224535942, -0.0173642002046, 0.0153655325994, -0.0123587129638, 0.00487325107679, -0.00260499981232], [-0.011487849988, 0.0188038926572, -0.0174920856953, 0.017175141722, -0.0109582236037, 0.00447497935966, 0.0019755216781, -0.00757666258141, 0.0117156738415, -0.0136687550694, 0.0170633494854, -0.0108177699149, 0.00697939656675], [-0.00109668110963, -0.00908580236137, 0.00976830720901, -0.0109582236037, 0.023267917335, -0.0142664732412, 0.0104148173705, -0.00922698527575, -0.000583806948271, 0.00692198937759, -0.0112910494208, 0.0068324347958, -0.00416211457923], [0.0107620814815, -0.00685688760132, 0.000486268050736, 0.00447497935966, -0.0142664732412, 0.0229084324092, -0.0195588730276, 0.0141741055995, -0.00463309837505, -0.00174490560312, 0.0104238390923, -0.00717930635437, 0.00657350756228], [-0.0176818761975, 0.0155120491982, -0.0086603499949, 0.0019755216781, 0.0104148173705, -0.0195588730276, 0.0306306648999, -0.0261168312281, 0.0199590381235, -0.00998246949166, -0.00245603150688, 0.00450415536761, -0.00323354243301], [0.0219696797431, -0.0202898830175, 0.0157224535942, -0.00757666258141, -0.00922698527575, 0.0141741055995, -0.0261168312281, 0.0415431410074, -0.0313911214471, 0.0220444593579, -0.00912595074624, 0.00645625218749, 0.00112181773875], [-0.0190778672695, 0.02009928599, -0.0173642002046, 0.0117156738415, -0.000583806948271, -0.00463309837505, 0.0199590381235, -0.0313911214471, 0.039548266679, -0.0316514149308, 0.0190432462841, -0.011156430468, 0.00496959732845], [0.0153928166255, -0.0155467223376, 0.0153655325994, -0.0136687550694, 0.00692198937759, -0.00174490560312, -0.00998246949166, 0.0220444593579, -0.0316514149308, 0.0462550632656, -0.0307594481856, 0.0216992869973, -0.00934471096843], [-0.00859467312694, 0.0116360178217, -0.0123587129638, 0.0170633494854, -0.0112910494208, 0.0104238390923, -0.00245603150688, -0.00912595074624, 0.0190432462841, -0.0307594481856, 0.0422847047448, -0.031572856009, 0.0186123345047], [0.00474495347589, -0.00239095208235, 0.00487325107679, -0.0108177699149, 0.0068324347958, -0.00717930635437, 0.00450415536761, 0.00645625218749, -0.011156430468, 0.0216992869973, -0.031572856009, 0.0384480915964, -0.0199267659336], [-0.00122497254051, 0.000639394449536, -0.00260499981232, 0.00697939656675, -0.00416211457923, 0.00657350756228, -0.00323354243301, 0.00112181773875, 0.00496959732845, -0.00934471096843, 0.0186123345047, -0.0199267659336, 0.02133092843]]
    },
    "melbands": {
        "max": [0.00143091683276, 0.00737712252885, 0.00373013713397, 0.0131185501814, 0.011146966368, 0.0173774845898, 0.0142306005582, 0.0101062031463, 0.00505061913282, 0.00906430743635, 0.00636963592842, 0.00890411064029, 0.00559284724295, 0.00710720941424, 0.00194610888138, 0.00324991275556, 0.00224295374937, 0.00239538727328, 0.0024624671787, 0.00129684561398, 0.000912078539841, 0.000759592978284, 0.000387712469092, 0.000567489129025, 0.000395349255996, 0.000186651828699, 0.000104034523247, 4.57475689473e-05, 1.42723938552e-05, 7.61643605074e-06, 5.42869383935e-06, 1.71076544575e-06, 5.66038863781e-07, 1.84548895277e-07, 5.70915084097e-08, 7.29064026928e-08, 4.48285923937e-08, 6.41402024826e-08, 7.91688492541e-08, 2.97991018527e-08],
        "mean": [3.51108283212e-05, 0.000114624665002, 0.000141311233165, 0.000155403991812, 0.000274198537227, 0.000868137867656, 0.000591884192545, 0.000368547422113, 0.000307202426484, 0.000332100258674, 0.000292532989988, 0.000264072878053, 0.000209143079701, 0.000251434248639, 6.30974464002e-05, 0.000162101947353, 0.000112134715891, 7.38456292311e-05, 5.73277357034e-05, 3.58367360604e-05, 2.75444799627e-05, 1.68828901224e-05, 2.21593381866e-05, 3.53382311005e-05, 2.04923635465e-05, 1.01824862213e-05, 4.80545986647e-06, 1.6775613858e-06, 5.91237778735e-07, 2.37430143102e-07, 1.15280947455e-07, 4.68738683423e-08, 1.82847852415e-08, 7.33286675825e-09, 4.0777319299e-09, 3.88388654571e-09, 4.27486224197e-09, 4.15831546974e-09, 4.21443502319e-09, 4.16982537388e-09],
        "min": [3.186586639e-08, 1.92618870187e-07, 2.49146125952e-07, 5.64435936212e-07, 8.21464936962e-07, 1.80218944479e-06, 1.86637021216e-06, 4.94234200232e-07, 7.26797907191e-07, 2.7051518714e-07, 1.223805981e-07, 2.28879329711e-07, 2.72064344387e-08, 5.98025451382e-08, 1.65159960375e-07, 4.43742287359e-08, 2.77103229251e-08, 1.89314111054e-08, 1.50498884466e-08, 1.19248939612e-08, 1.21796155383e-08, 1.0503088177e-08, 5.55069057384e-09, 6.90209933651e-09, 5.56695001208e-09, 4.01705646524e-09, 3.32882499343e-09, 2.01749794648e-09, 2.35389463477e-09, 2.10169437409e-09, 1.3559443568e-09, 1.57823987212e-09, 1.29718380482e-09, 1.15102627429e-09, 1.13310649752e-09, 1.21458698654e-09, 1.57293600367e-09, 1.53457224705e-09, 1.60996915799e-09, 1.83417836475e-09],
        "stdev": [0.000102864032669, 0.000379361939849, 0.00029637030093, 0.000601508771069, 0.000794037943706, 0.00200162059627, 0.00114675029181, 0.000751746178139, 0.000620482082013, 0.000778251152951, 0.000639029138256, 0.000585293979384, 0.000382635800634, 0.000560813699849, 0.000134408823214, 0.000296660145978, 0.000196529304958, 0.000177673238795, 0.00013844188652, 9.01123639778e-05, 6.34590905975e-05, 4.40630719822e-05, 4.64896074845e-05, 6.34066818748e-05, 3.86102037737e-05, 1.79063408723e-05, 8.05827676231e-06, 2.68277358373e-06, 9.37624633934e-07, 4.6241800078e-07, 2.71908362492e-07, 1.14272616258e-07, 4.09568379212e-08, 1.13368372467e-08, 3.0062012879e-09, 3.21705440065e-09, 3.32408633952e-09, 3.01592861796e-09, 2.44933162641e-09, 1.22333898567e-09]
    },
    "melbands128": {
        "max": [6.55413714412e-06, 0.000302701839246, 0.00176074460614, 0.00619681552052, 0.0108300149441, 0.00753196422011, 0.00471937796101, 0.00510687800124, 0.00565426331013, 0.0211416613311, 0.0186154935509, 0.0166909936816, 0.0162460021675, 0.0184821970761, 0.0289053879678, 0.0324492380023, 0.0236522257328, 0.0199694000185, 0.0132463704795, 0.0132699729875, 0.0155528429896, 0.0124861877412, 0.00749063165858, 0.0120248338208, 0.0158913414925, 0.0173484534025, 0.0105455555022, 0.0122641734779, 0.00899191573262, 0.0178478173912, 0.0061050769873, 0.00702587421983, 0.0102186361328, 0.00498420652002, 0.0140098547563, 0.00743949320167, 0.00137965520844, 0.00152809394058, 0.00579416798428, 0.00615131994709, 0.00754782976583, 0.00732413725927, 0.00487759150565, 0.00263474881649, 0.00795411411673, 0.0023292012047, 0.00472481781617, 0.00610857317224, 0.0016448876122, 0.00166786846239, 0.0022939296905, 0.00261312909424, 0.00125017715618, 0.00115205184557, 0.00210517225787, 0.00143633119296, 0.000669590663165, 0.000702748191543, 0.000895533768926, 0.00101426907349, 0.00121179269627, 0.00101976923179, 0.000920678023249, 0.000638236757368, 0.000651633949019, 0.000432323344285, 0.000151637519593, 0.000329003320076, 0.000112668523798, 5.0567319704e-05, 9.38514567679e-05, 4.75337001262e-05, 2.24991799769e-05, 1.84310611075e-05, 1.27276198327e-05, 8.61685566633e-06, 6.42328177491e-06, 7.95619052951e-06, 5.63350113225e-06, 3.9213373384e-06, 1.88086983144e-06, 1.65533595009e-06, 8.09621667486e-07, 6.13606630395e-07, 5.06359867813e-07, 2.75447405329e-07, 1.03282836506e-07, 1.0081040358e-07, 5.331523667e-08, 6.70423432325e-08, 8.37044495938e-08, 6.2848386051e-08, 8.74825687447e-08, 5.4890474388e-08, 5.01224306504e-08, 6.51388702977e-08, 4.00556459113e-08, 1.16450443954e-07, 1.37519151622e-07, 2.70927653645e-08, 3.41597541365e-08, 2.72635780618e-08, 2.94761886011e-08, 3.24887956538e-08, 2.91353039472e-08, 2.50220999476e-08, 2.91136057484e-08, 2.33410890615e-08, 2.11868709243e-08, 2.14045847713e-08, 2.12433093338e-08, 2.0365977349e-08, 2.03723953263e-08, 1.94735232384e-08, 1.73522867186e-08, 1.63490003757e-08, 1.59931801136e-08, 1.5721685287e-08, 1.52350647653e-08, 1.4803752002e-08, 1.44203671226e-08, 1.40695313178e-08, 1.37577229609e-08, 1.35126168033e-08, 1.33215483089e-08, 1.31602879705e-08, 1.30409931742e-08, 1.2961692164e-08],
        "mean": [2.84625627955e-07, 5.2642094488e-06, 4.18697563873e-05, 0.000105677579995, 0.000128819214297, 0.000115884657134, 0.000104879487481, 0.000171495848917, 0.000161672316608, 0.000161029820447, 0.000144794539665, 0.000137891620398, 0.000227480428293, 0.000527939351741, 0.000960680074058, 0.00112531031482, 0.000616756966338, 0.000514982733876, 0.000525170238689, 0.000335847144015, 0.000316776393447, 0.000394207920181, 0.000247673859121, 0.000317907513818, 0.000280735112028, 0.000369931018213, 0.000390158675145, 0.000206874377909, 0.000311095849611, 0.000269071926596, 0.000246262992732, 0.000255404273048, 0.00021051269141, 8.77512720763e-05, 0.000458564696601, 0.000238026317675, 2.97936385323e-05, 5.43825444765e-05, 7.82875067671e-05, 0.000117876792501, 0.000179934431799, 0.000237342188484, 0.000102691912616, 4.14050155086e-05, 0.000116456212709, 6.15933240624e-05, 4.99511770613e-05, 8.52613302413e-05, 3.99341079174e-05, 3.80943893106e-05, 3.82974722015e-05, 2.85980459012e-05, 3.70715933968e-05, 2.21677710215e-05, 1.69089180417e-05, 1.76764460775e-05, 1.5745017663e-05, 1.38210061777e-05, 2.62661942543e-05, 3.60785015801e-05, 4.05841019528e-05, 3.29323847836e-05, 1.73506650754e-05, 1.97117988137e-05, 2.00266495085e-05, 9.5364284789e-06, 4.1059151954e-06, 6.10194729234e-06, 5.47691342945e-06, 2.49950085163e-06, 1.73681701199e-06, 1.22572726013e-06, 6.56961674395e-07, 5.72474959881e-07, 3.50171006858e-07, 2.32111901255e-07, 1.99422245828e-07, 1.64451620321e-07, 9.97501885536e-08, 7.26249140826e-08, 5.32212922622e-08, 3.77337769919e-08, 2.38135520192e-08, 1.7835207089e-08, 1.21094316796e-08, 8.24801560384e-09, 6.0617995068e-09, 4.30717372879e-09, 3.84260490094e-09, 4.07579303641e-09, 3.5364648987e-09, 3.93064869542e-09, 4.30924940176e-09, 3.70953356921e-09, 5.18510345771e-09, 3.91834431568e-09, 4.21353218982e-09, 3.8899696797e-09, 4.18033030414e-09, 4.60542182168e-09, 3.68357522262e-09, 4.11362099939e-09, 4.34483515832e-09, 5.14778397687e-09, 3.73212749594e-09, 3.68230246295e-09, 4.39181624401e-09, 3.67394337175e-09, 2.55749466049e-09, 2.68984012841e-09, 3.04127034667e-09, 1.09431774753e-09, 7.83857589948e-10, 6.14251260966e-10, 2.59127025393e-10, 2.19308363136e-10, 2.54714582759e-10, 1.67066464829e-11, 1.61017865707e-11, 1.56639215487e-11, 1.52714785262e-11, 1.491550633e-11, 1.45954619918e-11, 1.43372752906e-11, 1.41373900434e-11, 1.39712330247e-11, 1.38459382848e-11, 1.37615630696e-11],
        "min": [3.28793346716e-11, 6.17315709661e-09, 1.40476394961e-08, 4.42364793685e-08, 5.89168394072e-08, 2.62702712917e-08, 4.54773072533e-08, 4.1686352148e-08, 3.28301439367e-08, 8.86274733602e-08, 2.80742796122e-07, 1.2359981838e-07, 2.68366477485e-07, 7.16310466942e-07, 3.95785974661e-07, 6.46711157515e-07, 3.01129119862e-07, 3.01758802834e-07, 8.69564757977e-08, 1.26215581986e-07, 6.66863257948e-08, 6.67385506858e-08, 1.03556182296e-07, 6.34947241451e-08, 1.02520090195e-07, 1.40127113468e-07, 9.41846707292e-08, 2.10053219263e-08, 1.73088224642e-07, 4.4836419022e-08, 1.19138272581e-08, 1.49826071549e-08, 1.98082386049e-08, 1.64601399177e-08, 1.60534057159e-08, 1.7043989331e-08, 4.49205437292e-08, 3.00589171331e-08, 4.4997811699e-08, 3.67759724895e-08, 8.87866136168e-09, 2.53980889653e-08, 6.84404488638e-09, 1.28223280882e-08, 3.07480476636e-08, 1.3612146077e-08, 1.14685310137e-08, 6.85149581514e-09, 1.06429922653e-08, 9.61611679173e-09, 7.32000993153e-09, 4.7478487808e-09, 1.06404467459e-08, 1.11604858688e-08, 7.53405249299e-09, 7.81780506998e-09, 3.71055564052e-09, 3.4179514774e-09, 4.29799440482e-09, 3.58279050872e-09, 4.31032098902e-09, 3.5588256786e-09, 4.5104351365e-09, 4.06801303754e-09, 2.66505328916e-09, 2.82953416253e-09, 1.50460632842e-09, 2.41989739358e-09, 1.89475435342e-09, 1.62897173528e-09, 1.69722824683e-09, 1.08041564584e-09, 1.2112181258e-09, 7.71306185587e-10, 9.18123077565e-10, 1.17256715448e-09, 1.12297982025e-09, 5.6006876914e-10, 8.18421774795e-10, 1.0323615296e-09, 1.00943431391e-09, 7.81132381e-10, 5.35999633566e-10, 7.36773198007e-10, 5.95084204136e-10, 5.05175290488e-10, 6.34386321252e-10, 5.50216538997e-10, 5.76268477381e-10, 8.54707971065e-10, 5.98743776781e-10, 7.79320552535e-10, 7.80293496483e-10, 8.89531170944e-10, 1.10024500621e-09, 7.3107098153e-10, 7.98341170949e-10, 7.11151249e-10, 1.27655208626e-09, 1.06081332607e-09, 9.94559434808e-10, 1.06582331849e-09, 1.25788623961e-09, 1.37192712746e-09, 1.37250055765e-09, 1.22007981496e-09, 1.49049794729e-09, 1.23910648409e-09, 6.38614494619e-10, 7.82549303135e-10, 6.77346234657e-10, 3.18193499327e-10, 2.01789987497e-10, 1.24769347631e-10, 3.2340419405e-12, 1.22259277355e-11, 1.12274104944e-11, 4.72285615293e-14, 2.29662870075e-14, 2.33996781912e-14, 2.03641780766e-14, 2.83600725369e-14, 3.18007440856e-14, 2.70950864284e-14, 2.57810164547e-14, 3.1375404797e-14, 3.21872723245e-14, 2.22163138716e-14],
        "stdev": [5.14635814852e-07, 1.75737568497e-05, 0.00010887857934, 0.000375814270228, 0.000532883277629, 0.00037726899609, 0.000248309399467, 0.00040527395322, 0.000442721066065, 0.000904265150893, 0.000780511298217, 0.000648884335533, 0.00102330709342, 0.00160892144777, 0.00259665772319, 0.00331388949417, 0.00173080933746, 0.00149088585749, 0.00126823817845, 0.000860292988364, 0.000946082931478, 0.00106482510455, 0.000720556010492, 0.000966221676208, 0.000911239651032, 0.00132229668088, 0.00106500263792, 0.000820118526462, 0.000994196627289, 0.00100305583328, 0.000631168659311, 0.000567656185012, 0.000627248780802, 0.000267643044936, 0.00107220595237, 0.000603651045822, 7.4713381764e-05, 0.000123760852148, 0.000308918446535, 0.000361929269275, 0.000513301638421, 0.000531494268216, 0.000282574532321, 0.000137513678055, 0.000400667486247, 0.000183296535397, 0.000199997390155, 0.000293526303722, 0.000105425941001, 0.000128616942675, 0.00014946142619, 0.000113357928058, 9.19571903069e-05, 7.71788327256e-05, 8.71005322551e-05, 5.58940155315e-05, 4.34684225183e-05, 3.98523334297e-05, 8.87719870661e-05, 0.000102209669421, 0.000101557641756, 8.57058985275e-05, 5.89819937886e-05, 5.83294677199e-05, 4.62657044409e-05, 2.77246999758e-05, 1.06934303403e-05, 1.58483144332e-05, 1.21556222439e-05, 4.80893277199e-06, 4.12584131482e-06, 2.58886871052e-06, 1.40094221024e-06, 1.04603054751e-06, 6.9126440394e-07, 5.39481959549e-07, 4.53075898577e-07, 4.10320183164e-07, 2.51144484764e-07, 2.23535337796e-07, 1.22113149814e-07, 1.03019552e-07, 5.44817773118e-08, 4.21217514202e-08, 2.81806329383e-08, 1.48132981437e-08, 7.3411907664e-09, 4.67100402801e-09, 2.85832935099e-09, 3.38497163632e-09, 3.42137096432e-09, 3.49689965873e-09, 4.0664711598e-09, 3.60023011403e-09, 3.92895316281e-09, 4.07361300248e-09, 2.95061930444e-09, 3.61397756166e-09, 3.94920940394e-09, 1.92072135974e-09, 1.57766155695e-09, 1.65739533209e-09, 1.65874702862e-09, 1.92218529982e-09, 1.43401934771e-09, 1.32215127735e-09, 1.49988088616e-09, 1.22070609176e-09, 9.76784542139e-10, 9.57002144197e-10, 1.29271349181e-09, 6.24129914417e-10, 5.71805214289e-10, 5.45873790614e-10, 4.73451389205e-10, 4.44286912815e-10, 4.43779069048e-10, 4.23225426927e-10, 4.1020212227e-10, 3.98612115537e-10, 3.88308746269e-10, 3.78882425434e-10, 3.70500408131e-10, 3.6390446212e-10, 3.58761798047e-10, 3.54427237559e-10, 3.51212947614e-10, 3.49074824602e-10]
    },
    "mfcc": {
        "mean": [-717.97088623, 184.945678711, -79.9491729736, 2.10711884499, -11.5263462067, -28.1112060547, 1.8031014204, -14.5352163315, -10.4589595795, -3.53218126297, 0.00413767108694, -2.73462104797, -1.53370451927],
        "cov": [[2341.40869141, -4.73564243317, -1276.54675293, 454.77041626, -212.534866333, -153.121734619, 116.271934509, 13.6901922226, 57.1990394592, 28.279838562, 81.3620910645, -48.1452903748, -68.2190704346], [-4.73564243317, 562.204711914, 439.668579102, 2.80217123032, 212.302703857, 138.895690918, 46.8722190857, 49.6458816528, 86.8370056152, 32.5580177307, -51.5579566956, -6.27815914154, -63.8909759521], [-1276.54675293, 439.668579102, 1389.3079834, -19.0959854126, 323.888885498, 303.081573486, -76.883644104, 30.218378067, 80.900642395, -43.1927108765, -114.044723511, 9.7060136795, -53.1934700012], [454.77041626, 2.80217123032, -19.0959854126, 381.244506836, 84.4765167236, 3.59378480911, -29.717918396, 22.8766441345, 58.97423172, -19.5329360962, -6.04838705063, -21.0060329437, -33.3123283386], [-212.534866333, 212.302703857, 323.888885498, 84.4765167236, 273.315124512, 88.8113250732, -47.3757591248, 54.9665565491, 60.0775184631, 14.1871814728, -30.7961578369, -8.60059070587, -15.0312738419], [-153.121734619, 138.895690918, 303.081573486, 3.59378480911, 88.8113250732, 212.153457642, 78.9593963623, 32.2750511169, 48.8657798767, -7.73808670044, -31.0918998718, -18.5761909485, -32.3943634033], [116.271934509, 46.8722190857, -76.883644104, -29.717918396, -47.3757591248, 78.9593963623, 219.745162964, 73.860786438, -2.3283264637, 29.5955162048, 13.9351463318, -11.5082178116, -2.76692128181], [13.6901922226, 49.6458816528, 30.218378067, 22.8766441345, 54.9665565491, 32.2750511169, 73.860786438, 123.122108459, 48.1081237793, 22.0603427887, 14.3606672287, -9.48513889313, 2.92476725578], [57.1990394592, 86.8370056152, 80.900642395, 58.97423172, 60.0775184631, 48.8657798767, -2.3283264637, 48.1081237793, 147.090148926, 63.2948608398, -25.3913078308, -19.9155521393, -43.369758606], [28.279838562, 32.5580177307, -43.1927108765, -19.5329360962, 14.1871814728, -7.73808670044, 29.5955162048, 22.0603427887, 63.2948608398, 148.61680603, 72.7103424072, -2.84446907043, -24.8142318726], [81.3620910645, -51.5579566956, -114.044723511, -6.04838705063, -30.7961578369, -31.0918998718, 13.9351463318, 14.3606672287, -25.3913078308, 72.7103424072, 153.48538208, 56.7466201782, 10.5056686401], [-48.1452903748, -6.27815914154, 9.7060136795, -21.0060329437, -8.60059070587, -18.5761909485, -11.5082178116, -9.48513889313, -19.9155521393, -2.84446907043, 56.7466201782, 104.516563416, 57.6421775818], [-68.2190704346, -63.8909759521, -53.1934700012, -33.3123283386, -15.0312738419, -32.3943634033, -2.76692128181, 2.92476725578, -43.369758606, -24.8142318726, 10.5056686401, 57.6421775818, 127.843582153]],
        "icov": [[0.00839336868376, -0.0100751565769, 0.0110290786251, -0.0110867852345, 0.00964472349733, -0.00939100515097, 0.0073311123997, -0.00510617531836, 0.00330878864042, -0.00174852949567, 0.00167609134223, -0.00173256383277, 0.00160018680617], [-0.0100751565769, 0.0157232414931, -0.0139293307438, 0.0139567572623, -0.0145330140367, 0.0124371973798, -0.0114692319185, 0.00774442078546, -0.005650552921, 0.00268583488651, -0.00182895024773, 0.00105650955811, -0.000381740450393], [0.0110290786251, -0.0139293307438, 0.0163572896272, -0.0145470350981, 0.0127121601254, -0.0155105767772, 0.0122343599796, -0.0086336825043, 0.00651160813868, -0.00393236149102, 0.00448246113956, -0.00428771693259, 0.00297675118782], [-0.0110867852345, 0.0139567572623, -0.0145470350981, 0.0185292474926, -0.0154852252454, 0.0142957298085, -0.0117026623338, 0.00919228699058, -0.00882253423333, 0.00668805791065, -0.00558215100318, 0.00423943437636, -0.00197506719269], [0.00964472349733, -0.0145330140367, 0.0127121601254, -0.0154852252454, 0.0224651247263, -0.0166939422488, 0.0169106330723, -0.0150423413143, 0.0107065029442, -0.00921788811684, 0.00752591434866, -0.00446761958301, 0.00149806798436], [-0.00939100515097, 0.0124371973798, -0.0155105767772, 0.0142957298085, -0.0166939422488, 0.0265766680241, -0.0203605759889, 0.0156101901084, -0.0154200652614, 0.0125927068293, -0.010728190653, 0.00823665875942, -0.00316954473965], [0.0073311123997, -0.0114692319185, 0.0122343599796, -0.0117026623338, 0.0169106330723, -0.0203605759889, 0.0243982803077, -0.0198856797069, 0.0165362413973, -0.0137418396771, 0.0116126863286, -0.00756712257862, 0.00343342986889], [-0.00510617531836, 0.00774442078546, -0.0086336825043, 0.00919228699058, -0.0150423413143, 0.0156101901084, -0.0198856797069, 0.0284506343305, -0.0198714528233, 0.0152621120214, -0.0157923810184, 0.0115548847243, -0.00663684168831], [0.00330878864042, -0.005650552921, 0.00651160813868, -0.00882253423333, 0.0107065029442, -0.0154200652614, 0.0165362413973, -0.0198714528233, 0.0298250131309, -0.0223099328578, 0.020000398159, -0.0129557680339, 0.00750169018283], [-0.00174852949567, 0.00268583488651, -0.00393236149102, 0.00668805791065, -0.00921788811684, 0.0125927068293, -0.0137418396771, 0.0152621120214, -0.0223099328578, 0.0279028397053, -0.0217733904719, 0.0131196677685, -0.00430243927985], [0.00167609134223, -0.00182895024773, 0.00448246113956, -0.00558215100318, 0.00752591434866, -0.010728190653, 0.0116126863286, -0.0157923810184, 0.020000398159, -0.0217733904719, 0.0278098750859, -0.0184893961996, 0.00777992140502], [-0.00173256383277, 0.00105650955811, -0.00428771693259, 0.00423943437636, -0.00446761958301, 0.00823665875942, -0.00756712257862, 0.0115548847243, -0.0129557680339, 0.0131196677685, -0.0184893961996, 0.0259164925665, -0.0119566805661], [0.00160018680617, -0.000381740450393, 0.00297675118782, -0.00197506719269, 0.00149806798436, -0.00316954473965, 0.00343342986889, -0.00663684168831, 0.00750169018283, -0.00430243927985, 0.00777992140502, -0.0119566805661, 0.0152697339654]]
    },
    "spectral_contrast_coeffs": {
        "max": [-0.318620026112, -0.404313951731, -0.485600650311, -0.579251945019, -0.566125333309, -0.62774515152],
        "mean": [-0.690250039101, -0.673710882664, -0.678835690022, -0.735877394676, -0.73618799448, -0.798428952694],
        "min": [-0.878783106804, -0.887114882469, -0.89233148098, -0.909322977066, -0.898666918278, -0.888307511806],
        "stdev": [0.0804949775338, 0.0841557085514, 0.0736960098147, 0.0548800565302, 0.0554837137461, 0.045293033123]
    },
    "spectral_contrast_valleys": {
        "max": [-6.00397539139, -4.67677593231, -5.59913730621, -6.25856018066, -6.14167165756, -10.5292034149],
        "mean": [-8.16840648651, -6.88921689987, -7.47801733017, -7.67164134979, -8.30770015717, -12.122631073],
        "min": [-10.028090477, -8.99096488953, -10.1884794235, -10.3325281143, -10.5256605148, -12.4231491089],
        "stdev": [0.899381935596, 0.592124938965, 0.669614195824, 0.709020376205, 0.779012858868, 0.134983256459]
    }
},
"rhythm": {
    "beats_count": 48,
    "beats_loudness": {
        "max": 0.066545650363,
        "mean": 0.0284640341997,
        "min": 0.000892741663847,
        "stdev": 0.0170227251947
    },
    "bpm": 91.5164031982,
    "bpm_histogram_first_peak_bpm": 96,
    "bpm_histogram_first_peak_weight": 0.571428596973,
    "bpm_histogram_second_peak_bpm": 89,
    "bpm_histogram_second_peak_spread": 0.307692348957,
    "bpm_histogram_second_peak_weight": 0.191489353776,
    "danceability": 0.996971964836,
    "onset_rate": 1.99951159954,
    "beats_loudness_band_ratio": {
        "max": [0.675544202328, 0.935363769531, 0.852171123028, 0.912203907967, 0.650307238102, 0.126532360911],
        "mean": [0.0796772316098, 0.212457895279, 0.309530586004, 0.306743681431, 0.10684568435, 0.0144880497828],
        "min": [0.000451641273685, 0.00262805516832, 0.0144431963563, 0.00493891816586, 0.00536696659401, 0.000508802710101],
        "stdev": [0.149539917707, 0.270764946938, 0.221028417349, 0.265001416206, 0.111744917929, 0.0221625845879]
    },
    "beats_position": [0.696598649025, 1.3235373497, 1.9620860815, 2.57741498947, 3.20435357094, 3.83129239082, 4.45823097229, 5.08516979218, 5.72371864319, 6.3622674942, 6.98920631409, 7.61614513397, 8.24308395386, 8.87002277374, 9.49696159363, 10.1239004135, 10.7856683731, 11.4358272552, 12.1092061996, 12.782585144, 13.5372333527, 14.2802715302, 15.0465307236, 15.7895689011, 16.5326080322, 17.2756462097, 17.9490242004, 18.6224040985, 19.2957820892, 19.96916008, 20.642539978, 21.3159179688, 22.0009059906, 22.6626758575, 23.3244438171, 23.9629936218, 24.6015415192, 25.2633094788, 25.9134693146, 26.5520172119, 27.2021770477, 27.8407249451, 28.4908847809, 29.1410427094, 29.7795906067, 30.4065303802, 31.0450782776, 31.6952381134],
