{
"metadata": {
    "version": {
        "essentia": "2.1-beta5",
        "essentia_git_sha": "Undefined",
        "extractor": "music 2.0"
    },
    "audio_properties": {
        "analysis": {
            "equal_loudness": 0,
            "length": 48.7502937317,
            "sample_rate": 44100,
            "start_time": 12.7477550507,
            "downmix": "mix"
        },
        "bit_rate": 192000,
        "length": 185.016983032,
        "lossless": 0,
        "number_channels": 2,
        "replay_gain": -12.2029781342,
        "sample_rate": 48000,
        "codec": "mp3",
        "md5_encoded": "b9c46da1fc2dab2100db27b6b0c41afe"
    },
    "tags": {
        "file_name": "France_Vivre_Guy Bonnet.mp3",
        "encoding": ["Lavf58.29.100"]
    }
},
"lowlevel": {
    "average_loudness": 0.920406162739,
    "barkbands_crest": {
        "max": 24.3494052887,
        "mean": 10.2344646454,
        "min": 3.00278902054,
        "stdev": 4.01392412186
    },
    "barkbands_flatness_db": {
        "max": 0.294625669718,
        "mean": 0.169518008828,
        "min": 0.044127304107,
        "stdev": 0.0365923829377
    },
    "barkbands_kurtosis": {
        "max": 33.4585952759,
        "mean": 1.97141194344,
        "min": -1.90705132484,
        "stdev": 3.84896731377
    },
    "barkbands_skewness": {
        "max": 5.08550977707,
        "mean": 1.13686037064,
        "min": -2.33844423294,
        "stdev": 0.950844049454
    },
    "barkbands_spread": {
        "max": 68.8105163574,
        "mean": 19.1391448975,
        "min": 2.96848368645,
        "stdev": 11.2960653305
    },
    "dissonance": {
        "max": 0.499999701977,
        "mean": 0.460133850574,
        "min": 0.322283983231,
        "stdev": 0.0263938512653
    },
    "dynamic_complexity": 2.69879078865,
    "erbbands_crest": {
        "max": 29.5133800507,
        "mean": 10.2662057877,
        "min": 3.16034030914,
        "stdev": 4.18181610107
    },
    "erbbands_flatness_db": {
        "max": 0.328649044037,
        "mean": 0.219975635409,
        "min": 0.0944335758686,
        "stdev": 0.0331914797425
    },
    "erbbands_kurtosis": {
        "max": 14.2789859772,
        "mean": 0.387973159552,
        "min": -1.72194683552,
        "stdev": 2.01618981361
    },
    "erbbands_skewness": {
        "max": 3.02498292923,
        "mean": 0.314291059971,
        "min": -3.708963871,
        "stdev": 0.9761916399
    },
    "erbbands_spread": {
        "max": 99.6469650269,
        "mean": 31.6317386627,
        "min": 6.98185586929,
        "stdev": 13.648683548
    },
    "hfc": {
        "max": 97.5806274414,
        "mean": 19.1404933929,
        "min": 0.0979541391134,
        "stdev": 13.748290062
    },
    "loudness_ebu128": {
        "integrated": -12.4928236008,
        "loudness_range": 3.36025619507,
        "momentary": {
            "max": -8.86298656464,
            "mean": -13.4759912491,
            "min": -31.9114170074,
            "stdev": 3.44670534134
        },
        "short_term": {
            "max": -10.8514738083,
            "mean": -12.7230119705,
            "min": -19.1391296387,
            "stdev": 1.18449640274
        }
    },
    "melbands_crest": {
        "max": 31.5998249054,
        "mean": 13.2635154724,
        "min": 3.256472826,
        "stdev": 4.95710706711
    },
    "melbands_flatness_db": {
        "max": 0.332789808512,
        "mean": 0.177135080099,
        "min": 0.0320353247225,
        "stdev": 0.0473544038832
    },
    "melbands_kurtosis": {
        "max": 52.9575309753,
        "mean": 6.18219184875,
        "min": -1.82698559761,
        "stdev": 7.3607544899
    },
    "melbands_skewness": {
        "max": 6.69702959061,
        "mean": 1.87941396236,
        "min": -0.924938082695,
        "stdev": 1.00853145123
    },
    "melbands_spread": {
        "max": 214.09967041,
        "mean": 28.1729354858,
        "min": 3.19492316246,
        "stdev": 25.3272342682
    },
    "pitch_salience": {
        "max": 0.874601662159,
        "mean": 0.599942564964,
        "min": 0.167250350118,
        "stdev": 0.109002277255
    },
    "silence_rate_20dB": {
        "max": 1,
        "mean": 1,
        "min": 1,
        "stdev": 0
    },
    "silence_rate_30dB": {
        "max": 1,
        "mean": 1,
        "min": 1,
        "stdev": 0
    },
    "silence_rate_60dB": {
        "max": 1,
        "mean": 0.0899571627378,
        "min": 0,
        "stdev": 0.286113411188
    },
    "spectral_centroid": {
        "max": 4615.16064453,
        "mean": 1540.86889648,
        "min": 338.347564697,
        "stdev": 723.796325684
    },
    "spectral_complexity": {
        "max": 41,
        "mean": 17.3669681549,
        "min": 0,
        "stdev": 6.87219047546
    },
    "spectral_decrease": {
        "max": -4.06099667782e-11,
        "mean": -4.2650984966e-09,
        "min": -1.80163084451e-08,
        "stdev": 2.75186717857e-09
    },
    "spectral_energy": {
        "max": 0.0715658068657,
        "mean": 0.0178335625678,
        "min": 0.000162156007718,
        "stdev": 0.0112303122878
    },
    "spectral_energyband_high": {
        "max": 0.0117922807112,
        "mean": 0.000418003153754,
        "min": 6.39308268546e-07,
        "stdev": 0.000850946409628
    },
    "spectral_energyband_low": {
        "max": 0.00561959855258,
        "mean": 0.00036588916555,
        "min": 2.06367076316e-06,
        "stdev": 0.000558722938877
    },
    "spectral_energyband_middle_high": {
        "max": 0.0291011575609,
        "mean": 0.00551949907094,
        "min": 1.2758473531e-05,
        "stdev": 0.00488267140463
    },
    "spectral_energyband_middle_low": {
        "max": 0.0632070600986,
        "mean": 0.0119153279811,
        "min": 0.000113543625048,
        "stdev": 0.00913035497069
    },
    "spectral_entropy": {
        "max": 8.61354255676,
        "mean": 7.3983092308,
        "min": 6.52600002289,
        "stdev": 0.317073196173
    },
    "spectral_flux": {
        "max": 0.198124662042,
        "mean": 0.0699258446693,
        "min": 0.00390896527097,
        "stdev": 0.0317518562078
    },
    "spectral_kurtosis": {
        "max": 19.556350708,
        "mean": 4.78039455414,
        "min": -0.67825460434,
        "stdev": 2.88488292694
    },
    "spectral_rms": {
        "max": 0.00835585407913,
        "mean": 0.00391347752884,
        "min": 0.000397744879592,
        "stdev": 0.00144336896483
    },
    "spectral_rolloff": {
        "max": 9496.14257812,
        "mean": 1948.54614258,
        "min": 236.865234375,
        "stdev": 1406.02563477
    },
    "spectral_skewness": {
        "max": 3.42777514458,
        "mean": 1.44678139687,
        "min": 0.0558054186404,
        "stdev": 0.500820279121
    },
    "spectral_spread": {
        "max": 21890608,
        "mean": 3497916,
        "min": 2128204.5,
        "stdev": 978987.6875
    },
    "spectral_strongpeak": {
        "max": 12.4178972244,
        "mean": 1.44845438004,
        "min": 0.0151938516647,
        "stdev": 1.3450217247
    },
    "zerocrossingrate": {
        "max": 0.32177734375,
        "mean": 0.0648777261376,
        "min": 0.01220703125,
        "stdev": 0.036345962435
    },
    "barkbands": {
        "max": [7.59469548939e-05, 0.000721817079466, 0.0022861987818, 0.0114791570231, 0.0363492332399, 0.0219606384635, 0.0377220399678, 0.0371323153377, 0.0455119274557, 0.0213394742459, 0.0160805024207, 0.0167554300278, 0.0101780937985, 0.00836922321469, 0.0199885312468, 0.0108475964516, 0.0100460136309, 0.00953511241823, 0.0182988997549, 0.00376946595497, 0.00278932321817, 0.00785902608186, 0.00314486701973, 0.00398713955656, 0.000675182673149, 0.000114510774438, 1.13536339086e-06],
        "mean": [8.37399329612e-06, 7.51022744225e-05, 0.000108108979475, 0.000441374111688, 0.00221147434786, 0.00204056408256, 0.00219932105392, 0.00228758901358, 0.0023392662406, 0.00105941749644, 0.000377898977604, 0.000409106141888, 0.000382847705623, 0.000338941434165, 0.000546573894098, 0.000376565032639, 0.000633704010397, 0.000569675874431, 0.000766680692323, 0.000283158005914, 9.27386063267e-05, 0.000140046468005, 7.78563626227e-05, 4.94809755764e-05, 1.63759250427e-05, 1.33881530928e-06, 2.78172795909e-09],
        "min": [1.42098652844e-08, 3.02940236452e-07, 1.25551935071e-07, 1.77275495616e-07, 3.40526139553e-06, 5.30201486981e-06, 2.73742352874e-06, 5.79739844397e-06, 1.03508837128e-05, 4.74379447724e-07, 1.87554792319e-06, 9.41576217883e-07, 4.08082314607e-07, 2.94099066878e-07, 3.51161020262e-07, 2.11274709727e-07, 1.92517745745e-07, 3.43570945915e-07, 3.36346971608e-07, 5.16598852585e-08, 8.28551875998e-08, 1.06566844238e-07, 6.53937703987e-08, 9.79558691938e-08, 4.35867093529e-08, 7.65297113875e-12, 9.71159264118e-12],
        "stdev": [8.63585682964e-06, 8.92331445357e-05, 0.000200926981051, 0.000803212402388, 0.00385703938082, 0.00282374024391, 0.00375179154798, 0.00414505368099, 0.00476328097284, 0.00217080931179, 0.000908589689061, 0.00109104451258, 0.000952011265326, 0.000655997311696, 0.00125049275812, 0.000796100823209, 0.000937415985391, 0.0010286422912, 0.00150834803935, 0.000459284841781, 0.000184427874046, 0.000350299815182, 0.000205652861041, 0.000187651399756, 4.88330006192e-05, 6.81448682371e-06, 3.44871011748e-08]
    },
    "erbbands": {
        "max": [0.0221955217421, 0.192929416895, 1.41868209839, 16.7033023834, 86.5166244507, 217.039886475, 117.843544006, 238.828521729, 430.273864746, 529.336608887, 807.857299805, 1280.13745117, 846.149047852, 628.157226562, 827.270629883, 606.147827148, 514.100830078, 485.640960693, 647.205322266, 689.39050293, 691.798278809, 402.848480225, 560.271911621, 548.129150391, 1121.91870117, 176.172241211, 86.1892471313, 137.193878174, 310.924316406, 167.918899536, 105.244590759, 125.448234558, 48.5207290649, 11.4958248138, 3.382345438, 0.965897381306, 0.111973777413, 0.00952129717916, 0.000219622568693, 8.17696709419e-05],
        "mean": [0.0016766062472, 0.0195337049663, 0.103042684495, 0.857251763344, 3.48456978798, 9.10964679718, 10.6604309082, 20.2371520996, 29.2524795532, 34.6326370239, 55.5644187927, 60.8056793213, 33.0827674866, 28.6896457672, 16.3942813873, 16.5628643036, 19.2648773193, 15.7741756439, 30.3694915771, 18.8293037415, 24.8785209656, 33.90417099, 34.3506164551, 28.193567276, 41.6924209595, 12.4041213989, 3.03811812401, 4.79488134384, 5.35793495178, 3.38104915619, 1.99224627018, 1.3876298666, 0.599496781826, 0.240642204881, 0.0899830758572, 0.0139310760424, 0.00129596493207, 7.58549576858e-05, 1.44704818013e-05, 2.27425116464e-05],
        "min": [1.33166386149e-05, 9.72219058895e-05, 0.000431870896136, 0.00186000112444, 0.00849300716072, 0.0124687794596, 0.0516155734658, 0.0540567077696, 0.0615934468806, 0.0626140832901, 0.284184426069, 0.366548717022, 0.113290503621, 0.0508208423853, 0.10254688561, 0.0488027855754, 0.0282818656415, 0.0255875568837, 0.0522523447871, 0.0168236363679, 0.0130905071273, 0.0145309371874, 0.0180201213807, 0.0190563090146, 0.0150554524735, 0.00311958650127, 0.00362408324145, 0.00406235456467, 0.00397976255044, 0.00281831761822, 0.00218674750067, 0.00179675989784, 0.001409817487, 0.000735168054234, 0.000231007506954, 1.10450873763e-05, 5.26925589384e-07, 6.43646060894e-08, 9.71495452973e-08, 1.90012769963e-07],
        "stdev": [0.00219222786836, 0.0231431871653, 0.145743012428, 1.4681583643, 6.01979351044, 19.7623653412, 16.2144203186, 28.6473560333, 47.8402519226, 55.3722915649, 99.1794509888, 120.438201904, 62.3340606689, 64.4640274048, 39.0438423157, 41.5106544495, 48.2284622192, 28.7495670319, 59.8259811401, 33.2453536987, 49.8138999939, 42.3379173279, 56.5219345093, 58.4464111328, 76.8670349121, 18.4600315094, 5.85579109192, 9.35136795044, 12.9324264526, 10.1104917526, 5.36585378647, 5.18359565735, 2.3446624279, 0.78981667757, 0.245141148567, 0.0541386902332, 0.00745824584737, 0.000457532674773, 1.62706892297e-05, 1.3617283912e-05]
    },
    "gfcc": {
        "mean": [-40.0307044983, 104.009788513, -169.025466919, 30.3054733276, -90.8003005981, -6.5582318306, -51.9072380066, 5.24241304398, -16.3809185028, -14.7069244385, -5.69603395462, -13.6583776474, -2.57021474838],
        "cov": [[3436.15917969, -797.817993164, -300.058776855, 342.315307617, -124.402648926, -185.027938843, -103.348937988, 129.397735596, 16.368642807, 65.1518859863, -27.2988872528, 110.8854599, 30.5171108246], [-797.817993164, 1004.39776611, -11.1930103302, -388.612854004, 134.63822937, 25.6309871674, 98.9611206055, -73.9973907471, 63.4062576294, -67.1886825562, 115.071166992, -135.170822144, -1.92157578468], [-300.058776855, -11.1930103302, 486.586120605, 109.377349854, -6.02613162994, 101.052200317, -61.9323883057, -18.2185440063, -55.5754318237, 18.1748256683, -43.8028793335, 86.0514068604, -27.9283409119], [342.315307617, -388.612854004, 109.377349854, 435.863647461, 14.4247169495, -90.7564849854, -115.844398499, 12.0697374344, -28.0255050659, -34.4250335693, -58.5560836792, 88.4743347168, 36.8525047302], [-124.402648926, 134.63822937, -6.02613162994, 14.4247169495, 154.185958862, 16.7792053223, -31.6021022797, 37.6147613525, 17.7771873474, 4.58650112152, 2.7261736393, -40.5699501038, -1.5800409317], [-185.027938843, 25.6309871674, 101.052200317, -90.7564849854, 16.7792053223, 225.14201355, 77.7567596436, 9.87335681915, 12.0486841202, 83.5420761108, -14.9085235596, -29.0619983673, -22.6215705872], [-103.348937988, 98.9611206055, -61.9323883057, -115.844398499, -31.6021022797, 77.7567596436, 174.911712646, 36.8857841492, -3.67191243172, 20.154258728, 25.7898082733, -51.3719406128, -15.8764400482], [129.397735596, -73.9973907471, -18.2185440063, 12.0697374344, 37.6147613525, 9.87335681915, 36.8857841492, 135.92880249, 16.8652172089, 25.5221939087, -1.62633419037, -16.7286930084, -9.11805534363], [16.368642807, 63.4062576294, -55.5754318237, -28.0255050659, 17.7771873474, 12.0486841202, -3.67191243172, 16.8652172089, 113.611663818, 37.0415611267, -0.23546436429, -34.0524940491, 15.9423179626], [65.1518859863, -67.1886825562, 18.1748256683, -34.4250335693, 4.58650112152, 83.5420761108, 20.154258728, 25.5221939087, 37.0415611267, 150.548309326, 22.2108345032, -12.2050638199, -17.1506214142], [-27.2988872528, 115.071166992, -43.8028793335, -58.5560836792, 2.7261736393, -14.9085235596, 25.7898082733, -1.62633419037, -0.23546436429, 22.2108345032, 116.784912109, 13.8290109634, -3.09686231613], [110.8854599, -135.170822144, 86.0514068604, 88.4743347168, -40.5699501038, -29.0619983673, -51.3719406128, -16.7286930084, -34.0524940491, -12.2050638199, 13.8290109634, 121.973022461, 25.2701931], [30.5171108246, -1.92157578468, -27.9283409119, 36.8525047302, -1.5800409317, -22.6215705872, -15.8764400482, -9.11805534363, 15.9423179626, -17.1506214142, -3.09686231613, 25.2701931, 75.2908554077]],
        "icov": [[0.000428054656368, -3.99916389142e-05, 0.000502680486534, -0.00035994569771, 0.000584884313866, -7.32977132429e-05, 0.00042591948295, -0.00057705846848, 0.000121785400552, -0.000332693656674, 0.000127587816678, -0.000305843830574, 0.00020463266992], [-3.99916389142e-05, 0.00643690302968, -0.00435187993571, 0.00535029126331, -0.00781030021608, 0.0040323222056, -0.00514598703012, 0.00572677934542, -0.00446330569685, 0.00410848064348, -0.0046878089197, 0.00364398537204, -0.0029314616695], [0.000502680486534, -0.00435187993571, 0.00701051065698, -0.00455662189052, 0.00595262367278, -0.00535682169721, 0.00533502595499, -0.00449468288571, 0.00396305695176, -0.00271257665008, 0.00391167635098, -0.00502401264384, 0.00400214828551], [-0.00035994569771, 0.00535029126331, -0.00455662189052, 0.00843939464539, -0.00774577306584, 0.00500176800415, -0.00391836324707, 0.00446968246251, -0.00329733034596, 0.00303807482123, -0.00191737478599, 0.00127421098296, -0.0035996043589], [0.000584884313866, -0.00781030021608, 0.00595262367278, -0.00774577306584, 0.0207788515836, -0.00823009386659, 0.0124549036846, -0.0116172935814, 0.00632960675284, -0.00351441372186, 0.00229033548385, 0.00153809448238, 0.00218285620213], [-7.32977132429e-05, 0.0040323222056, -0.00535682169721, 0.00500176800415, -0.00823009386659, 0.0129484627396, -0.00913151819259, 0.00582218356431, -0.00345716718584, -0.00247052079067, 0.000731280073524, 0.00110065448098, -0.00197544181719], [0.00042591948295, -0.00514598703012, 0.00533502595499, -0.00391836324707, 0.0124549036846, -0.00913151819259, 0.0177734978497, -0.00993915088475, 0.00655529787764, -0.00125522259623, -0.000339555350365, 0.00259378482588, 0.00109636562411], [-0.00057705846848, 0.00572677934542, -0.00449468288571, 0.00446968246251, -0.0116172935814, 0.00582218356431, -0.00993915088475, 0.015947073698, -0.00574820255861, 0.00187447981443, -0.00235181371681, 0.00139181804843, -0.00105379195884], [0.000121785400552, -0.00446330569685, 0.00396305695176, -0.00329733034596, 0.00632960675284, -0.00345716718584, 0.00655529787764, -0.00574820255861, 0.0156153813004, -0.00587658816949, 0.00302481791005, 0.00171801017132, -0.00239629787393], [-0.000332693656674, 0.00410848064348, -0.00271257665008, 0.00303807482123, -0.00351441372186, -0.00247052079067, -0.00125522259623, 0.00187447981443, -0.00587658816949, 0.0136157367378, -0.00650816643611, 0.00300373067148, -3.72240974684e-05], [0.000127587816678, -0.0046878089197, 0.00391167635098, -0.00191737478599, 0.00229033548385, 0.000731280073524, -0.000339555350365, -0.00235181371681, 0.00302481791005, -0.00650816643611, 0.0161539725959, -0.00858357921243, 0.00355189689435], [-0.000305843830574, 0.00364398537204, -0.00502401264384, 0.00127421098296, 0.00153809448238, 0.00110065448098, 0.00259378482588, 0.00139181804843, 0.00171801017132, 0.00300373067148, -0.00858357921243, 0.020634053275, -0.00814995262772], [0.00020463266992, -0.0029314616695, 0.00400214828551, -0.0035996043589, 0.00218285620213, -0.00197544181719, 0.00109636562411, -0.00105379195884, -0.00239629787393, -3.72240974684e-05, 0.00355189689435, -0.00814995262772, 0.0193067789078]]
    },
    "melbands": {
        "max": [0.000201006303541, 0.0006968236994, 0.00373117695563, 0.00820952374488, 0.00571254314855, 0.00469107320532, 0.00716820033267, 0.00733712734655, 0.00627929205075, 0.00696161435917, 0.00417715357617, 0.00241853948683, 0.00202107010409, 0.0020471480675, 0.00178327655885, 0.000928285822738, 0.0010605014395, 0.000779961643275, 0.00217140186578, 0.000837453524582, 0.000765083939768, 0.000472885498311, 0.000557815888897, 0.000675393850543, 0.000407929677749, 0.000907385081518, 0.000338588666636, 8.82486419869e-05, 4.82615687361e-05, 9.27459768718e-05, 9.40273457672e-05, 0.00016658793902, 0.000164833953022, 8.53848760016e-05, 4.27644263254e-05, 0.000105045219243, 9.07468638616e-05, 3.19319515256e-05, 2.78721763607e-05, 6.83887674313e-06],
        "mean": [1.86587913049e-05, 5.09206765855e-05, 0.000214222498471, 0.00046150048729, 0.000400396529585, 0.000428434839705, 0.000459419446997, 0.000395590206608, 0.000470132130431, 0.000353831477696, 0.000154739595018, 0.000118118332466, 5.01876384078e-05, 4.95114691148e-05, 4.18553099735e-05, 3.47463937942e-05, 2.88772171189e-05, 4.7017732868e-05, 3.69690278603e-05, 2.25505009439e-05, 3.0409950341e-05, 3.38160680258e-05, 3.71347814507e-05, 2.58649160969e-05, 2.10588550544e-05, 3.36125485774e-05, 2.22744147322e-05, 4.74955868413e-06, 1.46224431319e-06, 2.23885990636e-06, 2.94352639685e-06, 3.35494792125e-06, 2.1957230274e-06, 1.74166666511e-06, 1.13211319785e-06, 1.02170065475e-06, 7.76416584358e-07, 4.45186515208e-07, 2.82439032162e-07, 1.74494203975e-07],
        "min": [1.18778046954e-07, 1.76431825594e-07, 6.83161090365e-07, 5.91407967931e-07, 1.12329792046e-06, 9.88564806903e-07, 1.09324366804e-06, 1.01695047761e-06, 1.94475796889e-06, 2.01612260753e-06, 2.57484771282e-07, 2.88835781959e-08, 2.6733854952e-07, 1.95902401856e-07, 2.78053455816e-08, 3.92964665252e-08, 3.49367610397e-08, 8.09499383081e-08, 3.60745389116e-08, 1.38742324296e-08, 1.35901254694e-08, 1.30740831494e-08, 1.12969456012e-08, 1.57781201438e-08, 1.25155743547e-08, 8.22617352014e-09, 2.18631224236e-09, 1.77504544396e-09, 1.90942639477e-09, 1.64979607753e-09, 2.25065233117e-09, 1.77752801367e-09, 1.47495449188e-09, 1.13475973063e-09, 1.2436395247e-09, 1.01683228504e-09, 1.0267722228e-09, 7.80246256493e-10, 9.51021705831e-10, 5.16037490517e-10],
        "stdev": [2.13848852582e-05, 6.90452725394e-05, 0.000324406835716, 0.000838624546304, 0.000621866784059, 0.000597137142904, 0.000760007707868, 0.000641512160655, 0.000841161701828, 0.000689684413373, 0.000315161509207, 0.000273066601949, 0.000112802568765, 0.000124729907839, 0.000104601589555, 8.64503526827e-05, 5.95100864302e-05, 9.1746704129e-05, 9.72943089437e-05, 4.45779442089e-05, 6.45006148261e-05, 4.60112132714e-05, 5.20719950146e-05, 5.80749838264e-05, 4.57886853837e-05, 6.99638767401e-05, 3.55449701601e-05, 8.42509780341e-06, 3.42841326528e-06, 4.74413991469e-06, 5.84908730161e-06, 7.56432382332e-06, 7.05208958607e-06, 5.22372874912e-06, 2.98905092677e-06, 3.58407396561e-06, 3.30594389197e-06, 1.78955451702e-06, 1.16743206036e-06, 5.34022888132e-07]
    },
    "melbands128": {
        "max": [5.52591482119e-05, 0.000195294996956, 0.00027799649979, 0.000365875603165, 0.00045847723959, 0.00156488001812, 0.00302348961122, 0.00704455841333, 0.0108976224437, 0.0102855078876, 0.017096830532, 0.0126587664708, 0.00497642951086, 0.00865967478603, 0.00861178990453, 0.00830506067723, 0.0080397175625, 0.0126390904188, 0.0152763808146, 0.00962571334094, 0.0147794308141, 0.0138614624739, 0.0120637500659, 0.0151112163439, 0.0153691349551, 0.0093029467389, 0.00315620703623, 0.00819067843258, 0.00678927637637, 0.00489590782672, 0.00535993650556, 0.00382850156166, 0.00232088263147, 0.00535833649337, 0.00458872877061, 0.00296547147445, 0.0036034709774, 0.00358118466102, 0.00280557037331, 0.00276658404619, 0.00153608410619, 0.00141936191358, 0.00171034107916, 0.00151704787277, 0.00143800221849, 0.001569867949, 0.00299058691598, 0.00480577116832, 0.00116105098277, 0.000841787026729, 0.00163614819758, 0.00146615807898, 0.00177310348954, 0.000921886763535, 0.00151279987767, 0.000597423524596, 0.000780696049333, 0.00128724775277, 0.000650711415801, 0.00122694997117, 0.00145580002572, 0.000941235397477, 0.000738079892471, 0.000567084178329, 0.000914613017812, 0.00116684229579, 0.00222903769463, 0.00054158794228, 0.000457520567579, 0.000376715121092, 0.00012302743562, 8.83823304321e-05, 7.56185836508e-05, 5.85892448726e-05, 6.12448711763e-05, 9.61603800533e-05, 0.000138510775287, 0.00012587706442, 6.92079775035e-05, 0.000177595065907, 0.000115157847176, 0.000182833071449, 0.000326424749801, 0.00013466393284, 0.000106293300632, 0.000135721667903, 0.000100974590168, 5.61689921597e-05, 4.24513054895e-05, 5.0475475291e-05, 0.000157123111421, 0.000104280756204, 0.000106036401121, 0.000105615843495, 9.13527983357e-05, 3.90638706449e-05, 2.37645417656e-05, 7.79729307396e-05, 2.3972681447e-05, 1.55118796101e-05, 1.12862599053e-05, 7.67528035794e-06, 6.20655191597e-06, 7.67501842347e-06, 5.28938880962e-06, 4.05381979363e-06, 2.46359218181e-06, 3.14641533805e-06, 1.97618919628e-06, 2.03456738745e-06, 1.21581331314e-06, 6.0268098423e-07, 6.12149278822e-07, 3.51584219516e-07, 3.06136428208e-07, 1.01382163109e-07, 2.9176526084e-08, 5.31751886967e-09, 5.16572651321e-09, 5.03000574525e-09, 4.91156182392e-09, 4.7951789206e-09, 4.70051020329e-09, 4.61211069336e-09, 4.55023130286e-09, 4.49128334523e-09, 4.45329639831e-09, 4.42906999965e-09],
        "mean": [5.89206138102e-06, 1.0863422176e-05, 2.39945966314e-05, 3.35596523655e-05, 3.43999090546e-05, 6.24062740826e-05, 0.00014980758715, 0.000246065465035, 0.000318433798384, 0.000500240072142, 0.000557950756047, 0.000412659836002, 0.000295962294331, 0.000439242692664, 0.00057615415426, 0.000316582387313, 0.00031237048097, 0.000614178075921, 0.000486440461827, 0.000310381001327, 0.00040504836943, 0.000440829346189, 0.000507260498125, 0.000441834155936, 0.00047914480092, 0.000289447547402, 0.000134493602673, 0.000180134200491, 0.000111893044959, 0.000145620972035, 0.000127364080981, 4.96400825796e-05, 3.20763538184e-05, 6.4074229158e-05, 5.43016358279e-05, 4.48776627309e-05, 4.30283216701e-05, 3.10172072204e-05, 5.00184069097e-05, 5.38380845683e-05, 2.61956247414e-05, 1.63671611517e-05, 2.69354222837e-05, 3.76851457986e-05, 3.21864717989e-05, 4.68899270345e-05, 6.90030356054e-05, 4.50021761935e-05, 1.74576816789e-05, 1.89307829714e-05, 2.17067499761e-05, 2.8592747185e-05, 2.93529392366e-05, 2.90519346891e-05, 3.85291532439e-05, 2.73712994385e-05, 3.75404270017e-05, 4.36942864326e-05, 3.26833796862e-05, 3.31148585246e-05, 2.63514102699e-05, 2.05397427635e-05, 1.91709623323e-05, 1.83116135304e-05, 2.86281883746e-05, 3.52934293915e-05, 3.8782669435e-05, 2.80375625152e-05, 1.98994275706e-05, 1.15718521556e-05, 3.77042874788e-06, 1.84955376881e-06, 1.52052928115e-06, 1.26186807847e-06, 1.5270240965e-06, 2.00506906367e-06, 2.7063010748e-06, 2.80238532469e-06, 2.76101604868e-06, 3.20027538692e-06, 3.93094842366e-06, 3.22994947055e-06, 2.56830162471e-06, 1.9995875391e-06, 1.96456335289e-06, 2.02428736884e-06, 1.60277215855e-06, 1.29169347929e-06, 1.09152176719e-06, 1.00839406514e-06, 1.0886705013e-06, 1.01447665202e-06, 9.56246708483e-07, 7.99976987764e-07, 6.7951134497e-07, 4.94761195569e-07, 3.99131835138e-07, 3.55260709739e-07, 3.03490139686e-07, 2.32696464764e-07, 1.98431479248e-07, 1.63098832218e-07, 1.49874580302e-07, 1.31679044557e-07, 1.07285664797e-07, 8.17335532588e-08, 3.87570686655e-08, 3.09691294831e-08, 1.73041314611e-08, 1.12566365118e-08, 4.40672431878e-09, 2.25544938282e-09, 4.26490665006e-09, 1.87665794016e-09, 6.6022287637e-10, 3.29466870452e-10, 6.38813030251e-11, 7.21590495689e-12, 6.99080767233e-12, 6.81204832126e-12, 6.64544677967e-12, 6.49545131223e-12, 6.37345037857e-12, 6.25769618415e-12, 6.15622353442e-12, 6.05572666665e-12, 5.9896770703e-12, 5.95539416393e-12],
        "min": [8.35488012108e-10, 1.30301964774e-08, 4.49023360716e-08, 2.55965080243e-08, 7.26083815294e-09, 6.27128429187e-08, 1.07512656555e-08, 4.00575181914e-08, 1.43453291912e-07, 7.51953308509e-08, 2.97708425023e-07, 4.93731477036e-07, 2.04712279128e-07, 8.67935128213e-08, 1.28276937517e-07, 7.87294567317e-08, 4.33153331869e-07, 1.00886616394e-07, 8.77685408796e-08, 7.8256888969e-08, 2.59105462419e-07, 7.83313680586e-07, 4.85347072754e-07, 5.8562045524e-07, 7.20567754797e-07, 3.10572005446e-07, 1.2883664624e-07, 3.03905807186e-08, 3.66260550777e-08, 3.81760436596e-08, 1.77734307272e-08, 1.9065895529e-08, 1.01965653698e-07, 7.75665967012e-08, 8.80008172999e-08, 4.17967953581e-08, 2.12429362989e-08, 3.51640738749e-09, 2.66363766599e-08, 3.01297049532e-08, 1.75915939593e-08, 1.80341643841e-08, 1.41067504345e-08, 1.76388521567e-08, 1.50434296131e-08, 3.5340629978e-08, 2.38637376526e-08, 1.17709779701e-08, 1.15495222275e-08, 3.43460748731e-09, 1.44570995175e-08, 1.69178839826e-08, 7.9172721712e-09, 7.72035235741e-09, 3.50880879907e-09, 7.9796125263e-09, 5.67063462853e-09, 9.80730785471e-09, 8.17778555984e-09, 5.33948663062e-09, 1.160445251e-08, 5.19875564819e-09, 2.22772222891e-09, 3.21943405268e-09, 5.88266146906e-09, 4.1228109815e-09, 3.79283804364e-09, 1.9432726539e-09, 1.49228351898e-09, 1.01904606975e-09, 1.85528414853e-09, 8.68903171636e-10, 8.99209540162e-10, 1.12608734837e-10, 9.40930777737e-10, 1.42180500706e-09, 1.02283104209e-09, 1.97296645688e-09, 1.36338773604e-09, 1.61023649969e-09, 9.43219058414e-10, 1.18609178035e-09, 1.02862762752e-09, 9.89464621348e-10, 8.86080153695e-10, 1.10027753575e-09, 4.17649220763e-10, 7.98856147899e-10, 9.64453406027e-10, 6.91422419319e-10, 7.36583738448e-10, 7.44749040216e-10, 6.3341942802e-10, 7.42809258547e-10, 5.28062316096e-10, 1.90245194598e-10, 2.92211060904e-10, 7.85845111206e-10, 7.164249749e-10, 3.73800296272e-10, 3.72893521616e-10, 3.80806969291e-10, 3.58573754022e-10, 3.11923653573e-10, 1.25972510201e-10, 4.26402159024e-13, 3.50314368442e-13, 5.38131347751e-14, 2.55956314357e-14, 2.47976688012e-14, 2.70713610356e-14, 2.93454564576e-14, 2.42734604389e-14, 2.75877766947e-14, 3.32802395939e-14, 2.82968703265e-14, 2.77432275693e-14, 3.30388758615e-14, 3.03160274662e-14, 3.39998923384e-14, 3.22728395928e-14, 3.43928715802e-14, 3.12321613613e-14, 3.30058449647e-14, 2.34529514814e-14, 7.47006911216e-15, 1.16083430201e-15, 4.61940965226e-17],
        "stdev": [5.99425266046e-06, 1.76000412466e-05, 3.23534586641e-05, 4.50670377177e-05, 5.01111899212e-05, 0.000130212589283, 0.000317021011142, 0.000469920923933, 0.000715033151209, 0.00108104944229, 0.00145313353278, 0.00108969339635, 0.000607240421232, 0.000825244933367, 0.000966676801909, 0.000572372868191, 0.000645303050987, 0.00124069279991, 0.00108706532046, 0.00070071493974, 0.00102344993502, 0.00104672135785, 0.00124185206369, 0.00138587725814, 0.00127156160306, 0.000617026933469, 0.000325313565554, 0.00052618648624, 0.000349826965248, 0.000399371201638, 0.000392596353777, 0.000183164069313, 9.35603529797e-05, 0.000232804159168, 0.000207653836696, 0.000164262091857, 0.000173263208126, 0.000131788532599, 0.000177166904905, 0.000193279483938, 9.0792455012e-05, 5.8817990066e-05, 8.35807586554e-05, 9.23310071812e-05, 9.64501086855e-05, 0.000138502233312, 0.00019742528093, 0.00019200668612, 4.41441516159e-05, 4.88984696858e-05, 6.53930255794e-05, 8.35961764096e-05, 0.000116363218694, 7.90998674347e-05, 8.946689195e-05, 4.97710279888e-05, 6.99569354765e-05, 9.2989881523e-05, 6.12260555499e-05, 8.38925989228e-05, 9.00484374142e-05, 6.15560857113e-05, 5.08718912897e-05, 4.37660564785e-05, 7.92721548351e-05, 9.49833847699e-05, 0.000114334769023, 5.59319851163e-05, 4.13141242461e-05, 2.76916871371e-05, 7.91383718024e-06, 4.46315198133e-06, 4.00288035962e-06, 3.42961720889e-06, 3.76845900973e-06, 4.71129169455e-06, 6.31260763839e-06, 6.38029450784e-06, 5.71724785914e-06, 7.47807371226e-06, 8.16313240648e-06, 8.33089779917e-06, 9.85576571111e-06, 6.91839295541e-06, 6.7149098868e-06, 7.1752583608e-06, 4.61761464976e-06, 3.55313022737e-06, 3.03869001073e-06, 2.84404495687e-06, 4.63393007522e-06, 3.71465353055e-06, 4.24686459155e-06, 3.70275188288e-06, 3.50604591404e-06, 1.94756125893e-06, 1.60192939802e-06, 2.16829675992e-06, 1.26541112877e-06, 8.77855143244e-07, 6.85900204189e-07, 4.89306444251e-07, 4.48148455234e-07, 4.53363156794e-07, 2.96636841313e-07, 1.98870736767e-07, 1.35258147793e-07, 1.46535057866e-07, 1.01209458592e-07, 8.64456950467e-08, 4.85634750191e-08, 2.2069180261e-08, 3.56973295368e-08, 1.57269628431e-08, 1.05181978682e-08, 3.71335029392e-09, 8.43259517769e-10, 1.30684421618e-10, 1.2701388552e-10, 1.23767898708e-10, 1.20853632657e-10, 1.18073925637e-10, 1.15825446456e-10, 1.13696684012e-10, 1.12166990973e-10, 1.10759540428e-10, 1.09826224504e-10, 1.09238847135e-10]
    },
    "mfcc": {
        "mean": [-658.073852539, 116.688812256, -23.9384746552, 15.0367212296, -13.6174068451, -20.0317401886, -22.5039348602, 0.272669047117, -12.2011461258, -3.48118114471, -1.3074195385, -7.72884559631, -3.6019153595],
        "cov": [[3704.83276367, -940.666381836, -290.577484131, 308.373626709, -57.96509552, -166.929962158, -178.177902222, 35.3268661499, -45.3221282959, 120.145599365, -79.9020996094, -105.364936829, 32.71068573], [-940.666381836, 1171.8951416, -113.301948547, -353.570861816, -12.2101774216, 3.98153042793, 106.642662048, -37.6670341492, -24.5485572815, 31.8430957794, 77.0619812012, 41.785533905, 55.0846099854], [-290.577484131, -113.301948547, 433.594390869, 58.993598938, 33.3863830566, 94.1110687256, 3.55483841896, 6.57830810547, 2.72005796432, -92.3014678955, -42.3777580261, 23.9916229248, 13.5549039841], [308.373626709, -353.570861816, 58.993598938, 380.656860352, 106.765777588, -78.5282897949, -77.6840820312, 42.0484085083, -23.3433227539, -75.9976730347, -70.3650970459, -55.5094718933, 0.847021877766], [-57.96509552, -12.2101774216, 33.3863830566, 106.765777588, 224.316619873, -2.39305567741, -49.7330513, -3.20303153992, 5.37275838852, 2.2268102169, -22.184835434, -12.7852287292, -14.8560199738], [-166.929962158, 3.98153042793, 94.1110687256, -78.5282897949, -2.39305567741, 161.376922607, 31.2418003082, -47.3751831055, 34.504901886, 11.4764928818, 17.9017925262, 24.592048645, -14.5326871872], [-178.177902222, 106.642662048, 3.55483841896, -77.6840820312, -49.7330513, 31.2418003082, 163.488967896, 21.79246521, -8.59104919434, 54.5693206787, 17.5292644501, 26.3397140503, 13.434709549], [35.3268661499, -37.6670341492, 6.57830810547, 42.0484085083, -3.20303153992, -47.3751831055, 21.79246521, 103.313041687, -0.997027277946, -20.5619869232, -17.0234775543, -23.1270046234, -1.4912045002], [-45.3221282959, -24.5485572815, 2.72005796432, -23.3433227539, 5.37275838852, 34.504901886, -8.59104919434, -0.997027277946, 120.351409912, 57.0498466492, -0.1137958318, -6.58692789078, -34.9429893494], [120.145599365, 31.8430957794, -92.3014678955, -75.9976730347, 2.2268102169, 11.4764928818, 54.5693206787, -20.5619869232, 57.0498466492, 216.426986694, 46.8558692932, 9.61838912964, -7.99195766449], [-79.9020996094, 77.0619812012, -42.3777580261, -70.3650970459, -22.184835434, 17.9017925262, 17.5292644501, -17.0234775543, -0.1137958318, 46.8558692932, 92.5655975342, 30.6878242493, 4.51426076889], [-105.364936829, 41.785533905, 23.9916229248, -55.5094718933, -12.7852287292, 24.592048645, 26.3397140503, -23.1270046234, -6.58692789078, 9.61838912964, 30.6878242493, 90.7802886963, 25.441110611], [32.71068573, 55.0846099854, 13.5549039841, 0.847021877766, -14.8560199738, -14.5326871872, 13.434709549, -1.4912045002, -34.9429893494, -7.99195766449, 4.51426076889, 25.441110611, 96.9625854492]],
        "icov": [[0.000451677798992, 0.000346067536157, 0.000305641966406, -2.34207400354e-05, 0.00022953505686, -2.8467962693e-05, 0.00050610670587, -0.000153000757564, 0.0004130837915, -0.000538959924597, 0.000389953027479, 0.000190521051991, -0.000396776391426], [0.000346067536157, 0.00180806720164, 0.000373207440134, 0.00176815676969, -0.000917893368751, 0.00100801384542, -0.000700505333953, 0.000611076480709, -2.44024085987e-05, 0.000509205332492, -0.000367533124518, 0.000938782468438, -0.00129065953661], [0.000305641966406, 0.000373207440134, 0.00368349882774, -0.00051126384642, -0.000208825789741, -0.00258388463408, 0.000144004749018, -0.00105463620275, 2.53588427768e-06, 0.000867634138558, 0.00143319484778, -0.00103820860386, -0.00100292859133], [-2.34207400354e-05, 0.00176815676969, -0.00051126384642, 0.006372124888, -0.00284912134521, 0.00282980571501, -0.000409180909628, 0.000269813317573, -0.000148633902427, 0.00154439231846, 0.00055468978826, 0.00226233294234, -0.00147802301217], [0.00022953505686, -0.000917893368751, -0.000208825789741, -0.00284912134521, 0.00657624797896, -0.00158898357768, 0.0026595662348, -0.000776864471845, 0.00111884530634, -0.00231275195256, 0.001422484871, -0.00113901600707, 0.0013322859304], [-2.8467962693e-05, 0.00100801384542, -0.00258388463408, 0.00282980571501, -0.00158898357768, 0.0122706620023, -0.00378684187308, 0.00602462235838, -0.00358926225454, 0.00206645624712, -0.00227273534983, 0.00110010488424, 0.000680454773828], [0.00050610670587, -0.000700505333953, 0.000144004749018, -0.000409180909628, 0.0026595662348, -0.00378684187308, 0.0111524602398, -0.00539126526564, 0.00381518201903, -0.0048090480268, 0.00233799009584, -0.00258285412565, -3.02059106616e-05], [-0.000153000757564, 0.000611076480709, -0.00105463620275, 0.000269813317573, -0.000776864471845, 0.00602462235838, -0.00539126526564, 0.0149457976222, -0.00308421277441, 0.00301793823019, -0.00118838564958, 0.00350619759411, -0.000117037787277], [0.0004130837915, -2.44024085987e-05, 2.53588427768e-06, -0.000148633902427, 0.00111884530634, -0.00358926225454, 0.00381518201903, -0.00308421277441, 0.0130397705361, -0.00521569466218, 0.0026592630893, -0.000676305266097, 0.00325583992526], [-0.000538959924597, 0.000509205332492, 0.000867634138558, 0.00154439231846, -0.00231275195256, 0.00206645624712, -0.0048090480268, 0.00301793823019, -0.00521569466218, 0.00930388085544, -0.00392309995368, 0.00133524858393, -0.000854588579386], [0.000389953027479, -0.000367533124518, 0.00143319484778, 0.00055468978826, 0.001422484871, -0.00227273534983, 0.00233799009584, -0.00118838564958, 0.0026592630893, -0.00392309995368, 0.0161198489368, -0.00456034578383, 0.000488174991915], [0.000190521051991, 0.000938782468438, -0.00103820860386, 0.00226233294234, -0.00113901600707, 0.00110010488424, -0.00258285412565, 0.00350619759411, -0.000676305266097, 0.00133524858393, -0.00456034578383, 0.016185356304, -0.00423814123496], [-0.000396776391426, -0.00129065953661, -0.00100292859133, -0.00147802301217, 0.0013322859304, 0.000680454773828, -3.02059106616e-05, -0.000117037787277, 0.00325583992526, -0.000854588579386, 0.000488174991915, -0.00423814123496, 0.0138341160491]]
    },
    "spectral_contrast_coeffs": {
        "max": [-0.32839268446, -0.493969917297, -0.520736634731, -0.603973507881, -0.519373059273, -0.604896426201],
        "mean": [-0.625464618206, -0.722295284271, -0.746477544308, -0.776440143585, -0.734971225262, -0.753897726536],
        "min": [-0.913013577461, -0.909946858883, -0.907097220421, -0.900925517082, -0.869512915611, -0.89450865984],
        "stdev": [0.0935290753841, 0.0712574496865, 0.0680166482925, 0.0501704588532, 0.0610328242183, 0.0424069054425]
    },
    "spectral_contrast_valleys": {
        "max": [-6.44168567657, -5.05104827881, -5.6807012558, -6.41785097122, -5.92821407318, -8.22955131531],
        "mean": [-7.94821405411, -6.48090839386, -7.53404808044, -7.74391698837, -7.76029157639, -10.5250530243],
        "min": [-10.4195661545, -8.63324832916, -9.95675849915, -10.0639028549, -10.6785430908, -12.869342804],
        "stdev": [0.663672029972, 0.574809372425, 0.580881714821, 0.618451237679, 0.721197068691, 0.740244209766]
    }
},
"rhythm": {
    "beats_count": 92,
    "beats_loudness": {
        "max": 0.0502026192844,
        "mean": 0.0211287625134,
        "min": 0.000211745820707,
        "stdev": 0.0115673402324
    },
    "bpm": 123.218193054,
    "bpm_histogram_first_peak_bpm": 123,
    "bpm_histogram_first_peak_weight": 0.54545456171,
    "bpm_histogram_second_peak_bpm": 129,
    "bpm_histogram_second_peak_spread": 0.0833333730698,
    "bpm_histogram_second_peak_weight": 0.120879121125,
    "danceability": 1.06818568707,
    "onset_rate": 2.8505859375,
    "beats_loudness_band_ratio": {
        "max": [0.500445723534, 0.837311804295, 0.846993744373, 0.689114451408, 0.488374710083, 0.669433653355],
        "mean": [0.081284545362, 0.2305893749, 0.397609531879, 0.125264465809, 0.138547793031, 0.0810648798943],
        "min": [0.00092131976271, 0.0261085797101, 0.03522740677, 0.00593187985942, 0.0118733868003, 0.00330728827976],
        "stdev": [0.110237792134, 0.188810437918, 0.211507424712, 0.134321659803, 0.124928973615, 0.105280376971]
    },
