{
"metadata": {
    "version": {
        "essentia": "2.1-beta5",
        "essentia_git_sha": "Undefined",
        "extractor": "music 2.0"
    },
    "audio_properties": {
        "analysis": {
            "equal_loudness": 0,
            "length": 48.7502937317,
            "sample_rate": 44100,
            "start_time": 61.4980506897,
            "downmix": "mix"
        },
        "bit_rate": 192000,
        "length": 185.016983032,
        "lossless": 0,
        "number_channels": 2,
        "replay_gain": -11.8313007355,
        "sample_rate": 48000,
        "codec": "mp3",
        "md5_encoded": "b9c46da1fc2dab2100db27b6b0c41afe"
    },
    "tags": {
        "file_name": "France_Vivre_Guy Bonnet.mp3",
        "encoding": ["Lavf58.29.100"]
    }
},
"lowlevel": {
    "average_loudness": 0.966734707355,
    "barkbands_crest": {
        "max": 23.4447879791,
        "mean": 9.43645477295,
        "min": 2.75063967705,
        "stdev": 3.80741596222
    },
    "barkbands_flatness_db": {
        "max": 0.281649023294,
        "mean": 0.160595297813,
        "min": 0.0583943165839,
        "stdev": 0.0347673483193
    },
    "barkbands_kurtosis": {
        "max": 27.8850574493,
        "mean": 1.21043050289,
        "min": -1.81197035313,
        "stdev": 3.04392671585
    },
    "barkbands_skewness": {
        "max": 4.4928612709,
        "mean": 0.893944203854,
        "min": -3.28508424759,
        "stdev": 0.888708055019
    },
    "barkbands_spread": {
        "max": 73.6020507812,
        "mean": 20.1832046509,
        "min": 3.20906949043,
        "stdev": 10.3175849915
    },
    "dissonance": {
        "max": 0.499999940395,
        "mean": 0.463168501854,
        "min": 0.298292309046,
        "stdev": 0.026502115652
    },
    "dynamic_complexity": 2.13581752777,
    "erbbands_crest": {
        "max": 28.6494464874,
        "mean": 10.1140985489,
        "min": 2.77123117447,
        "stdev": 4.40614938736
    },
    "erbbands_flatness_db": {
        "max": 0.32679066062,
        "mean": 0.217363625765,
        "min": 0.10432844609,
        "stdev": 0.0329435057938
    },
    "erbbands_kurtosis": {
        "max": 13.0265235901,
        "mean": 0.382801383734,
        "min": -1.7638784647,
        "stdev": 2.13085627556
    },
    "erbbands_skewness": {
        "max": 3.13439631462,
        "mean": 0.200987040997,
        "min": -3.20706534386,
        "stdev": 0.975755155087
    },
    "erbbands_spread": {
        "max": 101.917907715,
        "mean": 30.0076713562,
        "min": 5.53687906265,
        "stdev": 10.7121572495
    },
    "hfc": {
        "max": 80.2302474976,
        "mean": 23.2689151764,
        "min": 0.205614030361,
        "stdev": 14.5425920486
    },
    "loudness_ebu128": {
        "integrated": -12.4094562531,
        "loudness_range": 3.50620937347,
        "momentary": {
            "max": -9.92723178864,
            "mean": -12.7927627563,
            "min": -21.668088913,
            "stdev": 2.07181859016
        },
        "short_term": {
            "max": -11.1117038727,
            "mean": -12.5208148956,
            "min": -16.8983364105,
            "stdev": 1.30683720112
        }
    },
    "melbands_crest": {
        "max": 31.4461479187,
        "mean": 12.2192897797,
        "min": 3.51900649071,
        "stdev": 4.64480018616
    },
    "melbands_flatness_db": {
        "max": 0.30587425828,
        "mean": 0.164106473327,
        "min": 0.02535247989,
        "stdev": 0.0442096963525
    },
    "melbands_kurtosis": {
        "max": 46.776260376,
        "mean": 4.45101976395,
        "min": -1.78081870079,
        "stdev": 5.36792039871
    },
    "melbands_skewness": {
        "max": 5.67301273346,
        "mean": 1.61602854729,
        "min": -0.987803041935,
        "stdev": 0.834145367146
    },
    "melbands_spread": {
        "max": 223.297683716,
        "mean": 31.699968338,
        "min": 3.40836906433,
        "stdev": 25.5448303223
    },
    "pitch_salience": {
        "max": 0.825562238693,
        "mean": 0.61650043726,
        "min": 0.204323470592,
        "stdev": 0.0953327268362
    },
    "silence_rate_20dB": {
        "max": 1,
        "mean": 1,
        "min": 1,
        "stdev": 0
    },
    "silence_rate_30dB": {
        "max": 1,
        "mean": 1,
        "min": 1,
        "stdev": 0
    },
    "silence_rate_60dB": {
        "max": 1,
        "mean": 0.0337934307754,
        "min": 0,
        "stdev": 0.180699706078
    },
    "spectral_centroid": {
        "max": 5012.640625,
        "mean": 1685.66210938,
        "min": 391.117889404,
        "stdev": 723.839538574
    },
    "spectral_complexity": {
        "max": 45,
        "mean": 20.8800563812,
        "min": 0,
        "stdev": 7.09202861786
    },
    "spectral_decrease": {
        "max": -3.53155421573e-11,
        "mean": -4.69148897508e-09,
        "min": -1.67509845994e-08,
        "stdev": 2.61952415315e-09
    },
    "spectral_energy": {
        "max": 0.069882966578,
        "mean": 0.0198173169047,
        "min": 0.000151938816998,
        "stdev": 0.0107661932707
    },
    "spectral_energyband_high": {
        "max": 0.0103792408481,
        "mean": 0.000496299762744,
        "min": 2.58941940956e-06,
        "stdev": 0.000936118478421
    },
    "spectral_energyband_low": {
        "max": 0.00434029195458,
        "mean": 0.000516335479915,
        "min": 5.15929423273e-06,
        "stdev": 0.000583023473155
    },
    "spectral_energyband_middle_high": {
        "max": 0.0435231253505,
        "mean": 0.00711635500193,
        "min": 7.51133920858e-05,
        "stdev": 0.00556253967807
    },
    "spectral_energyband_middle_low": {
        "max": 0.0550493150949,
        "mean": 0.0121629331261,
        "min": 6.84122278471e-05,
        "stdev": 0.00835329573601
    },
    "spectral_entropy": {
        "max": 8.65644359589,
        "mean": 7.44462156296,
        "min": 6.5824341774,
        "stdev": 0.287708103657
    },
    "spectral_flux": {
        "max": 0.182803124189,
        "mean": 0.0777898356318,
        "min": 0.00760605884716,
        "stdev": 0.0321508310735
    },
    "spectral_kurtosis": {
        "max": 23.2328624725,
        "mean": 4.81360244751,
        "min": -0.550615787506,
        "stdev": 2.73992085457
    },
    "spectral_rms": {
        "max": 0.00825702771544,
        "mean": 0.00420774146914,
        "min": 0.000385010382161,
        "stdev": 0.00127627630718
    },
    "spectral_rolloff": {
        "max": 9366.94335938,
        "mean": 2114.75366211,
        "min": 258.3984375,
        "stdev": 1319.56518555
    },
    "spectral_skewness": {
        "max": 3.39000463486,
        "mean": 1.42672097683,
        "min": 0.0869402438402,
        "stdev": 0.451599359512
    },
    "spectral_spread": {
        "max": 11227014,
        "mean": 3396106.25,
        "min": 2130180.5,
        "stdev": 825446.125
    },
    "spectral_strongpeak": {
        "max": 12.1495456696,
        "mean": 1.5935434103,
        "min": 0.0123072331771,
        "stdev": 1.39016067982
    },
    "zerocrossingrate": {
        "max": 0.32666015625,
        "mean": 0.0693849772215,
        "min": 0.015625,
        "stdev": 0.0350305810571
    },
    "barkbands": {
        "max": [0.000116471288493, 0.00132104777731, 0.00258290860802, 0.00682265684009, 0.0264998190105, 0.024646166712, 0.039343778044, 0.0383513383567, 0.0446964018047, 0.0315043851733, 0.0112734939903, 0.0229439344257, 0.0290266498923, 0.00667320936918, 0.00655758660287, 0.0109287723899, 0.0161182135344, 0.0111209731549, 0.0136975236237, 0.00901659112424, 0.00282423640601, 0.00484474562109, 0.00352831487544, 0.0043743988499, 0.000869539624546, 0.000138713716296, 2.97421934192e-06],
        "mean": [1.38762061397e-05, 0.00012300965318, 0.00021598933381, 0.000384770217352, 0.00170464161783, 0.00186513538938, 0.00238723913208, 0.00259835156612, 0.00270682782866, 0.00127249909565, 0.000454826658824, 0.000662089500111, 0.000592615630012, 0.000440812727902, 0.000494546955451, 0.000466563506052, 0.000896727899089, 0.000710663909558, 0.000879444356542, 0.000526007963344, 9.3355512945e-05, 0.000154501496581, 9.67637824942e-05, 5.60651533306e-05, 1.87041769095e-05, 1.30159207856e-06, 3.16203974116e-09],
        "min": [4.79305910517e-08, 6.59799297864e-07, 9.26099197329e-09, 1.07959145623e-07, 1.8212464056e-05, 7.84653730079e-06, 1.9229676127e-06, 1.98766247195e-06, 1.1962906683e-06, 3.05595040118e-06, 1.71053056874e-06, 2.33393734561e-06, 8.6368021357e-07, 1.74253955265e-06, 3.2213065424e-06, 3.22058895108e-06, 4.22607172368e-06, 1.05819071905e-06, 1.71317628883e-06, 5.87887768688e-07, 6.68742870857e-07, 2.70931963087e-07, 1.73137806314e-07, 1.97475472419e-07, 1.35732975082e-07, 1.10918175686e-11, 1.11212219989e-11],
        "stdev": [1.38481191243e-05, 0.000134186324431, 0.00033031636849, 0.000562992470805, 0.00228778575547, 0.00247375434265, 0.00374562805519, 0.00486694835126, 0.00462527573109, 0.00263300049119, 0.000925613567233, 0.00155616435222, 0.00162999832537, 0.000736830057576, 0.000811554724351, 0.00077893625712, 0.00133116275538, 0.00109224044718, 0.00139200349804, 0.000876369827893, 0.000185586279258, 0.000328392110532, 0.000248493626714, 0.000200288108317, 5.4080683185e-05, 7.23565699445e-06, 6.5795752846e-08]
    },
    "erbbands": {
        "max": [0.0232080239803, 0.370007038116, 2.40371823311, 13.2138910294, 29.8485221863, 145.929794312, 134.967926025, 275.584197998, 707.602111816, 559.226623535, 1041.24279785, 1108.53723145, 999.720458984, 662.644958496, 747.550964355, 1028.15148926, 1580.88586426, 295.425598145, 387.88571167, 438.158081055, 708.045959473, 890.425170898, 697.569641113, 692.647827148, 668.292297363, 584.685791016, 96.4733810425, 153.421539307, 174.16242981, 177.955169678, 118.512733459, 112.918685913, 41.5458030701, 14.0186042786, 4.88937091827, 1.24782562256, 0.146373406053, 0.0108617534861, 0.000425902719144, 8.54464960867e-05],
        "mean": [0.00274620624259, 0.0332298688591, 0.207039117813, 0.826685965061, 2.47443032265, 6.86280679703, 9.71536064148, 18.7850513458, 29.7569675446, 39.5697059631, 63.2156944275, 72.368270874, 42.2353591919, 31.3870449066, 20.5144939423, 26.5805015564, 29.1780509949, 22.2119884491, 28.2576541901, 21.6933231354, 31.6246795654, 46.9735183716, 43.9489631653, 34.2614402771, 52.4093132019, 21.9303722382, 3.76934337616, 4.73430871964, 5.94205379486, 3.79131865501, 2.58949828148, 1.65165150166, 0.643909037113, 0.265281140804, 0.10772626102, 0.0147449197248, 0.00142678874545, 9.26895227167e-05, 1.66738082044e-05, 2.56536168308e-05],
        "min": [3.70653287973e-05, 0.00016069728008, 0.000726614554878, 0.00211447756737, 0.0171631332487, 0.0674079507589, 0.0622374676168, 0.0804317072034, 0.0682601556182, 0.039034627378, 0.156488075852, 0.0303572397679, 0.203650072217, 0.15137796104, 0.209191381931, 0.147842869163, 0.0537476912141, 0.212065979838, 0.328360676765, 0.250838398933, 0.281986653805, 0.191863045096, 0.0753752440214, 0.149557381868, 0.0530543662608, 0.0278104562312, 0.0292979292572, 0.0250370819122, 0.0101812994108, 0.0116749005392, 0.00527941994369, 0.0046343090944, 0.00287159322761, 0.00158472673502, 0.000612680567428, 3.61237071047e-05, 1.86392639989e-06, 2.53922934235e-07, 3.43795221625e-07, 6.52373785215e-07],
        "stdev": [0.00312482216395, 0.0370400995016, 0.298971265554, 1.12874305248, 3.08162713051, 11.4885730743, 13.0165977478, 26.5125617981, 46.4880027771, 57.5461578369, 117.534240723, 120.714370728, 78.9161529541, 61.9531402588, 39.8387908936, 58.2975311279, 83.3216247559, 32.6454925537, 44.9811973572, 30.66040802, 51.423789978, 63.7205810547, 62.8298835754, 60.8903541565, 75.6418228149, 37.3728294373, 6.24632787704, 9.55415725708, 12.200928688, 9.76983070374, 6.85527133942, 5.57067012787, 2.25734138489, 0.840823233128, 0.285298615694, 0.0593636669219, 0.00914428103715, 0.000615905912127, 2.05220221687e-05, 1.32932473207e-05]
    },
    "gfcc": {
        "mean": [-20.6871051788, 102.481132507, -171.871383667, 31.9537467957, -87.1932296753, -3.09015750885, -49.7192649841, 8.21836471558, -16.2311401367, -13.6731910706, -4.12109899521, -13.3414001465, -2.87003064156],
        "cov": [[1842.18005371, -613.479980469, -208.839004517, 129.735610962, -228.716766357, -105.725822449, -31.5908031464, 142.804351807, -25.4601573944, 69.8071212769, 44.9261283875, 46.4212722778, -109.385025024], [-613.479980469, 1027.91430664, 141.013015747, -297.508972168, 194.074295044, 76.5776748657, 99.6351165771, -75.2949142456, 42.3343582153, -52.2067260742, 87.7475585938, -99.4100112915, 49.8843917847], [-208.839004517, 141.013015747, 488.157958984, 83.790473938, 33.4436149597, 116.435821533, -66.68775177, -34.5160636902, -13.5910043716, 20.8425102234, -53.8927650452, 94.4898681641, 21.6540851593], [129.735610962, -297.508972168, 83.790473938, 364.159759521, -2.39115333557, -78.6691589355, -113.881317139, -17.1302471161, -4.13450193405, -50.9260292053, -46.8391647339, 77.8567047119, 29.9818344116], [-228.716766357, 194.074295044, 33.4436149597, -2.39115333557, 175.723800659, 39.3417129517, -24.8743133545, 7.06016254425, 17.6003398895, -10.4699802399, -16.2732181549, -30.7053260803, 15.3985080719], [-105.725822449, 76.5776748657, 116.435821533, -78.6691589355, 39.3417129517, 196.752059937, 61.2468261719, -5.49665164948, 2.06674385071, 50.2852096558, -26.6675701141, -14.8623037338, 9.10992527008], [-31.5908031464, 99.6351165771, -66.68775177, -113.881317139, -24.8743133545, 61.2468261719, 171.731369019, 30.1501045227, -18.1989192963, 4.39528179169, 30.8588867188, -43.7311172485, -2.85760855675], [142.804351807, -75.2949142456, -34.5160636902, -17.1302471161, 7.06016254425, -5.49665164948, 30.1501045227, 112.789649963, 16.6103954315, 15.3108177185, -0.0701662898064, -16.4013252258, -26.9884166718], [-25.4601573944, 42.3343582153, -13.5910043716, -4.13450193405, 17.6003398895, 2.06674385071, -18.1989192963, 16.6103954315, 97.9106292725, 26.4376049042, -6.90258979797, -25.9613037109, 10.9874420166], [69.8071212769, -52.2067260742, 20.8425102234, -50.9260292053, -10.4699802399, 50.2852096558, 4.39528179169, 15.3108177185, 26.4376049042, 124.053260803, 6.67353010178, -9.13769435883, -18.8507347107], [44.9261283875, 87.7475585938, -53.8927650452, -46.8391647339, -16.2732181549, -26.6675701141, 30.8588867188, -0.0701662898064, -6.90258979797, 6.67353010178, 94.880241394, 6.61494398117, -16.6454677582], [46.4212722778, -99.4100112915, 94.4898681641, 77.8567047119, -30.7053260803, -14.8623037338, -43.7311172485, -16.4013252258, -25.9613037109, -9.13769435883, 6.61494398117, 117.714813232, 21.6692123413], [-109.385025024, 49.8843917847, 21.6540851593, 29.9818344116, 15.3985080719, 9.10992527008, -2.85760855675, -26.9884166718, 10.9874420166, -18.8507347107, -16.6454677582, 21.6692123413, 89.4491500854]],
        "icov": [[0.000952022848651, -0.000331012997776, 0.000782835122664, -0.00078469509026, 0.00158026337158, -0.000711232423782, 0.000943535240367, -0.00160322349984, 0.000643096806016, -0.000603574269917, -0.000102762569441, -0.000328824360622, 0.000623469764832], [-0.000331012997776, 0.00625020870939, -0.00515004945919, 0.00530721619725, -0.00677579268813, 0.00383195537142, -0.00375124299899, 0.0053420457989, -0.0037871946115, 0.00421889638528, -0.00621055997908, 0.00450173020363, -0.00304642226547], [0.000782835122664, -0.00515004945919, 0.00806361157447, -0.00500243064016, 0.00584386335686, -0.00601991638541, 0.0045636696741, -0.00473771430552, 0.00336516345851, -0.00366158620454, 0.00587188592181, -0.0065135252662, 0.00336310104467], [-0.00078469509026, 0.00530721619725, -0.00500243064016, 0.00917541235685, -0.00641460018232, 0.00490604434162, -0.00211724289693, 0.0049653747119, -0.00361233903095, 0.00478952098638, -0.00320504279807, 0.00196490273811, -0.00336801237427], [0.00158026337158, -0.00677579268813, 0.00584386335686, -0.00641460018232, 0.0166907422245, -0.00758697604761, 0.0084912693128, -0.00947172753513, 0.00486217113212, -0.00312846526504, 0.00459003495052, -0.00129920500331, 0.00167181936558], [-0.000711232423782, 0.00383195537142, -0.00601991638541, 0.00490604434162, -0.00758697604761, 0.0136391501874, -0.00825825612992, 0.00611090380698, -0.00278345006518, -0.00116755056661, 0.000372151698684, 0.0022890351247, -0.0020863392856], [0.000943535240367, -0.00375124299899, 0.0045636696741, -0.00211724289693, 0.0084912693128, -0.00825825612992, 0.0154402060434, -0.00859173294157, 0.00596662564203, -0.0004606473085, -0.00118556700181, 0.00149080192205, -0.00128075503744], [-0.00160322349984, 0.0053420457989, -0.00473771430552, 0.0049653747119, -0.00947172753513, 0.00611090380698, -0.00859173294157, 0.0181793030351, -0.00679693324491, 0.0026688457001, -0.00210449984297, 0.00188980251551, 0.0013095207978], [0.000643096806016, -0.0037871946115, 0.00336516345851, -0.00361233903095, 0.00486217113212, -0.00278345006518, 0.00596662564203, -0.00679693324491, 0.0162226948887, -0.00564006436616, 0.00247948151082, 0.00184393732343, -0.00228564580902], [-0.000603574269917, 0.00421889638528, -0.00366158620454, 0.00478952098638, -0.00312846526504, -0.00116755056661, -0.0004606473085, 0.0026688457001, -0.00564006436616, 0.0143214464188, -0.00575976073742, 0.00308766379021, -0.000470762461191], [-0.000102762569441, -0.00621055997908, 0.00587188592181, -0.00320504279807, 0.00459003495052, 0.000372151698684, -0.00118556700181, -0.00210449984297, 0.00247948151082, -0.00575976073742, 0.0217250213027, -0.00957421213388, 0.00633350899443], [-0.000328824360622, 0.00450173020363, -0.0065135252662, 0.00196490273811, -0.00129920500331, 0.0022890351247, 0.00149080192205, 0.00188980251551, 0.00184393732343, 0.00308766379021, -0.00957421213388, 0.0196900442243, -0.00751349935308], [0.000623469764832, -0.00304642226547, 0.00336310104467, -0.00336801237427, 0.00167181936558, -0.0020863392856, -0.00128075503744, 0.0013095207978, -0.00228564580902, -0.000470762461191, 0.00633350899443, -0.00751349935308, 0.0174148268998]]
    },
    "melbands": {
        "max": [0.000248568831012, 0.000893402844667, 0.00224448670633, 0.00464913668111, 0.00431230571121, 0.00554085290059, 0.00927371438593, 0.00718408310786, 0.00783206801862, 0.00595390284434, 0.00519892573357, 0.0028722032439, 0.00185084238183, 0.00317082786933, 0.00223327870481, 0.0028035081923, 0.0006296049105, 0.000744900899008, 0.000571707787458, 0.000487198674819, 0.000762750045396, 0.00113525358029, 0.000789521029219, 0.000599177612457, 0.000581140164286, 0.000780454778578, 0.000374873343389, 0.000405565398978, 5.61968190596e-05, 6.73986214679e-05, 0.000100019700767, 0.000105771287053, 0.000124987505842, 7.8744829807e-05, 6.7258690251e-05, 5.01821305079e-05, 7.83712021075e-05, 3.5697594285e-05, 2.04954121727e-05, 1.08809781523e-05],
        "mean": [3.02784792439e-05, 9.05117121874e-05, 0.000183829266462, 0.000336130877258, 0.000355041120201, 0.00039608089719, 0.000476902001537, 0.000453814165667, 0.000528065604158, 0.00042197163566, 0.000199543341296, 0.000129277497763, 6.20654027443e-05, 7.60008115321e-05, 6.53969691484e-05, 5.41577355762e-05, 4.1163773858e-05, 4.52807616966e-05, 3.44091968145e-05, 2.86198282993e-05, 3.95806164306e-05, 4.81680763187e-05, 4.95031272294e-05, 3.14765056828e-05, 2.58464933722e-05, 3.79678676836e-05, 3.5460700019e-05, 8.9784634838e-06, 1.77852041361e-06, 2.28668727686e-06, 2.85756777885e-06, 3.74034175366e-06, 2.4172279609e-06, 1.98027237275e-06, 1.52706013523e-06, 1.24005089219e-06, 9.17166232739e-07, 4.72074276558e-07, 2.98255031339e-07, 2.00056504696e-07],
        "min": [4.56482723621e-07, 2.22099430403e-07, 5.26919336608e-07, 3.11555595545e-06, 1.24398104617e-06, 1.83165809631e-06, 9.27144810703e-07, 3.29244926434e-07, 1.03580532596e-06, 1.5357642269e-07, 9.14501299576e-07, 4.06541204256e-07, 3.62000776022e-07, 2.4721691716e-07, 1.19695840795e-07, 9.25380660988e-08, 2.47131993092e-07, 2.85038879611e-07, 4.12628850199e-07, 2.51445442245e-07, 3.07180158643e-07, 2.31698535913e-07, 7.13559060728e-08, 5.33759063615e-08, 7.84190063996e-08, 3.93543224675e-08, 2.39433379789e-08, 1.67528284578e-08, 1.36946027851e-08, 1.07652722292e-08, 1.0667079664e-08, 5.25518473182e-09, 5.4064206445e-09, 4.4731756077e-09, 2.33069163968e-09, 2.84259327188e-09, 2.43960207591e-09, 2.17467266417e-09, 1.6157740701e-09, 1.17591869575e-09],
        "stdev": [3.10390641971e-05, 0.000112968184112, 0.000218280474655, 0.000451853993582, 0.00046451939852, 0.000542925030459, 0.000740408839192, 0.000673085974995, 0.00092410686193, 0.000715949398, 0.000405217171647, 0.000267773371888, 0.000116817398521, 0.000188549995073, 0.000149636631249, 0.000154166773427, 6.67505737511e-05, 7.61148839956e-05, 5.68870236748e-05, 4.32519591413e-05, 6.93850306561e-05, 7.23285920685e-05, 7.03187251929e-05, 5.64075307921e-05, 5.05288990098e-05, 6.41411388642e-05, 5.51895282115e-05, 2.07321591006e-05, 3.55589577339e-06, 4.44842407887e-06, 6.02100226388e-06, 7.41409121474e-06, 6.32449882687e-06, 5.24859524376e-06, 4.14087026002e-06, 3.32283366333e-06, 3.70046950593e-06, 1.69711483977e-06, 1.08924723463e-06, 6.32451872207e-07]
    },
    "melbands128": {
        "max": [8.73264434631e-05, 0.000197126995772, 0.000323966349242, 0.000772981962655, 0.00121911510359, 0.00163791247178, 0.00285308924504, 0.00327646592632, 0.00403927871957, 0.00449228007346, 0.0108523909003, 0.00909553933889, 0.00596291525289, 0.00694610690698, 0.00991393625736, 0.00581346591935, 0.0170101765543, 0.0130108194426, 0.0118100252002, 0.0103547321633, 0.0130181722343, 0.0126485135406, 0.0134538356215, 0.0145461102948, 0.0118990996853, 0.00872668623924, 0.00768968835473, 0.00906662456691, 0.00864113867283, 0.00505796587095, 0.00453031715006, 0.00273215677589, 0.0038366492372, 0.00347691355273, 0.00773723330349, 0.00723386090249, 0.00363539368846, 0.00236231531017, 0.00580552546307, 0.0084179751575, 0.00438095303252, 0.000902562402189, 0.000812832149677, 0.0014730496332, 0.00153662124649, 0.00151569407899, 0.00146083359141, 0.00128849910107, 0.000944920349866, 0.00161726481747, 0.000703285739291, 0.00143157551065, 0.00172927696258, 0.000957162235864, 0.00216033216566, 0.00167430355214, 0.00261171418242, 0.00174921331927, 0.000788748264313, 0.00147406116594, 0.00093075534096, 0.000906263303477, 0.000790843798313, 0.00079935946269, 0.00131333735771, 0.0013889472466, 0.00116355880164, 0.00102471385617, 0.000652423361316, 0.000553591817152, 0.000869168841746, 6.61210506223e-05, 7.27524748072e-05, 7.22034164937e-05, 8.0248915765e-05, 7.61510600569e-05, 8.82989406819e-05, 0.000118159361591, 0.000106580613647, 0.000112189394713, 0.000110010849312, 0.000130426560645, 0.000184344986337, 0.000179043330718, 0.000118922529509, 0.000127969309688, 7.72044368205e-05, 6.80548328091e-05, 8.45569520607e-05, 0.000127572086058, 7.56696390454e-05, 4.16081529693e-05, 0.000112178517156, 9.85680453596e-05, 8.6773034127e-05, 6.95431226632e-05, 2.92253625958e-05, 4.43180142611e-05, 2.46642393904e-05, 1.63022777997e-05, 1.52276234076e-05, 1.23149302453e-05, 1.1700873074e-05, 1.08114918476e-05, 6.58540466247e-06, 5.74377691009e-06, 8.95819994184e-06, 5.14353541803e-06, 2.24165501095e-06, 1.12622899451e-06, 1.50045207192e-06, 8.83220650394e-07, 7.73089652739e-07, 8.00366592557e-07, 2.58480241655e-07, 7.59405267559e-08, 1.42166491912e-08, 1.38200419997e-08, 1.34740671953e-08, 1.31633415279e-08, 1.28614328077e-08, 1.25982220212e-08, 1.2350430012e-08, 1.21470202785e-08, 1.19957963562e-08, 1.18663709969e-08, 1.17694467505e-08, 1.17099396846e-08],
        "mean": [9.8272366813e-06, 1.83777192433e-05, 3.73396687792e-05, 5.57021630812e-05, 8.72471209732e-05, 0.000111861663754, 0.000154310109792, 0.00020676504937, 0.000214263505768, 0.000353092356818, 0.000409941741964, 0.000369252811652, 0.000278634281131, 0.000393228430767, 0.000535049533937, 0.000295035162708, 0.000302902131807, 0.000625893066172, 0.000555689679459, 0.000370900379494, 0.000441191106802, 0.000539808010217, 0.000552728073671, 0.000472115149023, 0.000581920845434, 0.000369662273442, 0.00014645436022, 0.000244673021371, 0.000160157796927, 0.000144634468597, 0.000131635417347, 6.69820292387e-05, 4.34819412476e-05, 6.59847064526e-05, 8.73915778357e-05, 7.35822250135e-05, 7.04807098373e-05, 5.54770922463e-05, 6.82866084389e-05, 7.93965446064e-05, 4.91367609357e-05, 2.35597162828e-05, 3.48504872818e-05, 5.89469964325e-05, 3.96542563976e-05, 3.97856347263e-05, 5.88208276895e-05, 3.19144710375e-05, 2.54936421697e-05, 2.74047069979e-05, 2.50582361332e-05, 3.70567067876e-05, 3.21808583976e-05, 3.93267109757e-05, 5.93356089666e-05, 4.00221470045e-05, 4.79708141938e-05, 6.11938085058e-05, 4.18792260461e-05, 4.4539992814e-05, 2.84008219751e-05, 2.67422001343e-05, 2.33559567278e-05, 2.44251023105e-05, 3.10546201945e-05, 3.84636696253e-05, 4.31614644185e-05, 4.08185769629e-05, 3.76666394004e-05, 2.17217275349e-05, 8.43285488372e-06, 2.55245436165e-06, 1.90387936527e-06, 1.58057923727e-06, 1.65215510606e-06, 2.2401136448e-06, 2.56745170191e-06, 2.6368941235e-06, 2.61712079919e-06, 3.24588791045e-06, 4.34008370576e-06, 3.87762020182e-06, 2.70437271865e-06, 2.24885138778e-06, 2.15041154661e-06, 2.11159067476e-06, 1.9779795366e-06, 1.61248476616e-06, 1.53287510329e-06, 1.42750218401e-06, 1.3071136209e-06, 1.18659454529e-06, 1.13510793653e-06, 9.83602376436e-07, 7.50764684199e-07, 5.6555569472e-07, 3.83806138871e-07, 3.77365012127e-07, 3.33752325332e-07, 2.37866871089e-07, 2.00505525072e-07, 1.93855242969e-07, 2.02643903435e-07, 1.60600734489e-07, 1.20043353036e-07, 1.00821154092e-07, 4.94328808998e-08, 3.11830703481e-08, 1.57545461121e-08, 8.86650397547e-09, 3.87217546916e-09, 2.22084328705e-09, 5.04497732479e-09, 3.19236570512e-09, 9.49984202414e-10, 3.01819569337e-10, 5.90648918664e-11, 1.0113979966e-11, 9.82924679149e-12, 9.58838303894e-12, 9.35773073613e-12, 9.15725134609e-12, 8.97716276316e-12, 8.82099168015e-12, 8.68829053841e-12, 8.56255170933e-12, 8.47462551523e-12, 8.42784696198e-12],
        "min": [4.30537661078e-10, 5.57842021465e-08, 1.07935349547e-07, 2.3869986876e-08, 5.81705705827e-08, 5.27527266314e-09, 1.77811244839e-07, 3.90163528152e-08, 4.46814311772e-07, 4.44834796554e-07, 1.01662044472e-06, 1.20432360973e-07, 6.85082142127e-08, 2.22944535722e-07, 7.61653268455e-07, 2.060828308e-07, 4.89946671678e-07, 1.9830065412e-07, 2.20743203272e-07, 2.64712127773e-07, 2.38527263718e-07, 2.15657948388e-07, 5.12671931574e-07, 1.65153963394e-07, 1.05121573668e-08, 5.44231113508e-08, 1.88967320014e-07, 4.84832263226e-08, 4.21805950168e-08, 1.53371772171e-07, 1.18713749941e-07, 1.32692591137e-07, 2.27219516091e-07, 3.63705403572e-08, 6.5429986762e-08, 9.72813012368e-08, 5.42049285457e-08, 5.98766121129e-08, 5.22145775506e-08, 5.59357964391e-08, 2.11562234398e-08, 7.68360663983e-08, 1.06771111064e-07, 1.5730638836e-07, 6.47727844694e-08, 8.34876203726e-08, 6.80011922327e-08, 7.55662838969e-08, 9.86795640756e-08, 1.81488616136e-07, 1.84296069961e-07, 9.8199500087e-08, 3.85319758323e-08, 1.47105694737e-07, 1.96507599526e-07, 5.47987930588e-08, 3.19374890978e-08, 2.50955434211e-08, 2.07087023085e-08, 3.73761395167e-08, 2.29313386058e-08, 5.031379402e-08, 1.52872345893e-08, 3.59855363286e-08, 2.45191493775e-08, 1.94586800006e-08, 2.23931309051e-08, 1.64016373816e-08, 1.05880815227e-08, 1.10184643631e-08, 1.19755663164e-08, 1.25188002187e-08, 3.49699935676e-09, 1.91543669814e-09, 7.36642036259e-09, 9.22631926414e-09, 5.92169957514e-09, 8.12607703349e-10, 2.88458423814e-10, 3.09955794364e-09, 3.60893026574e-09, 3.19913562308e-09, 4.81295181487e-09, 3.6197314035e-09, 5.41792744002e-09, 3.86252940743e-09, 3.00330538217e-09, 1.22670540392e-09, 1.99739380591e-09, 2.83857182204e-09, 2.42563036323e-09, 8.59403548326e-10, 9.35196850516e-11, 9.64758606337e-10, 1.26663834976e-09, 2.04118144609e-09, 1.20475285303e-09, 9.91685733531e-10, 1.10065168091e-09, 8.87395656957e-10, 1.21184529078e-09, 9.47420142339e-10, 4.38682978832e-10, 1.03086428282e-09, 1.05012269713e-10, 4.47109883839e-12, 4.23278084674e-13, 1.09200375251e-13, 4.10119360076e-14, 3.39314453e-14, 3.65835935493e-14, 4.27376572174e-14, 3.33118508635e-14, 3.89385213255e-14, 2.68361433742e-14, 2.96507915063e-14, 2.76058117202e-14, 2.6452921952e-14, 3.71923933979e-14, 3.73786390024e-14, 3.59886376071e-14, 3.48463899608e-14, 3.88070448714e-14, 2.27331632116e-14, 2.69723056146e-14, 8.56328710334e-15, 1.03003896831e-15, 6.29251445918e-17],
        "stdev": [9.48380875343e-06, 2.52835598076e-05, 4.63398209831e-05, 7.11451648385e-05, 0.000144351040944, 0.000172669868334, 0.000249890610576, 0.00030900715501, 0.000365424260963, 0.000535706756637, 0.000845653004944, 0.000758653739467, 0.000515803461894, 0.000633735326119, 0.000901322462596, 0.000506775220856, 0.000670548004564, 0.00117506354582, 0.0010901580099, 0.000782257411629, 0.00104454846587, 0.00139075168408, 0.00134521361906, 0.00115512812044, 0.00123389507644, 0.00079052260844, 0.000397602590965, 0.000656525138766, 0.000537608517334, 0.000384021957871, 0.000348919216776, 0.000192521634744, 0.000135529277031, 0.000174718123162, 0.00033091858495, 0.0002760947973, 0.000215443578782, 0.000188352132682, 0.000244157272391, 0.000356868840754, 0.00018373959756, 6.64489198243e-05, 7.57586967666e-05, 0.000123704070575, 0.0001146085051, 0.000108243701106, 0.000133121910039, 8.08922122815e-05, 6.52200469631e-05, 7.17255752534e-05, 4.47903985332e-05, 8.62481319928e-05, 9.73615096882e-05, 9.85617007245e-05, 0.00014320264745, 8.35615792312e-05, 0.000105017148599, 0.000124916405184, 7.38602902857e-05, 0.000101109602838, 7.15754649718e-05, 6.72723908792e-05, 5.03066512465e-05, 5.54829057364e-05, 8.34459206089e-05, 8.87503992999e-05, 8.49029311212e-05, 8.41981018311e-05, 7.52523701522e-05, 5.12931073899e-05, 3.51985145244e-05, 5.10512518304e-06, 4.28523071605e-06, 3.64973084288e-06, 3.99852297051e-06, 4.60985893369e-06, 5.43196938452e-06, 7.21388323655e-06, 5.99706754656e-06, 7.12903829481e-06, 8.64831872605e-06, 8.82171480043e-06, 7.82977258496e-06, 6.97332689015e-06, 6.24025824436e-06, 6.47412616672e-06, 5.08075072503e-06, 4.65379253001e-06, 4.24458630732e-06, 5.09806750415e-06, 3.56452710548e-06, 3.15081297231e-06, 4.23606570621e-06, 4.4445318963e-06, 3.55948668584e-06, 2.28961084758e-06, 1.27274461192e-06, 1.67968300957e-06, 1.24582788885e-06, 8.42527128952e-07, 7.35346986858e-07, 6.27339829862e-07, 6.2670517309e-07, 4.83389271722e-07, 3.11470529368e-07, 2.68180258445e-07, 2.53928703842e-07, 1.7199550939e-07, 9.13403113145e-08, 6.0039120342e-08, 5.11132434156e-08, 2.71896141157e-08, 4.51992931971e-08, 3.30488632017e-08, 1.19299752299e-08, 2.87022916545e-09, 5.44620348819e-10, 3.0161598219e-10, 2.94062690864e-10, 2.87280393918e-10, 2.80687528775e-10, 2.74941180933e-10, 2.69533312336e-10, 2.65094030061e-10, 2.61792670875e-10, 2.58965654476e-10, 2.56849097546e-10, 2.55550719475e-10]
    },
    "mfcc": {
        "mean": [-637.996154785, 114.65537262, -27.5418567657, 15.0760955811, -11.7662010193, -18.9516448975, -19.0972537994, 2.92597651482, -11.9149446487, -0.624962925911, -0.491948187351, -6.42123794556, -2.30790805817],
        "cov": [[2074.05249023, -735.350402832, -175.955337524, 90.6638259888, -191.448806763, -207.369812012, -71.1845016479, 37.7115745544, -131.384460449, 84.3406295776, 21.0269393921, 43.9268836975, 96.5345001221], [-735.350402832, 1151.37585449, -10.1025342941, -268.181671143, 56.0024986267, 66.7824172974, 140.115707397, -40.063457489, 34.7751235962, 28.4308700562, 68.8442764282, 4.44254159927, -21.0880336761], [-175.955337524, -10.1025342941, 413.584228516, 51.3950042725, 55.077495575, 104.717941284, -19.7743244171, 2.02810049057, 27.9026298523, -84.2014694214, -48.1138381958, 9.03197383881, -12.6340618134], [90.6638259888, -268.181671143, 51.3950042725, 300.48840332, 83.3603439331, -56.3352394104, -85.1630020142, 35.8761024475, -30.7812843323, -79.0429840088, -56.82472229, -34.5176963806, 13.3496255875], [-191.448806763, 56.0024986267, 55.077495575, 83.3603439331, 235.332702637, 35.0713119507, -64.7189941406, -6.2669043541, 28.4270095825, -6.53467178345, -17.6291732788, -25.9201164246, -26.2583827972], [-207.369812012, 66.7824172974, 104.717941284, -56.3352394104, 35.0713119507, 163.641067505, 30.5260562897, -37.0238571167, 51.501247406, -0.680738985538, -6.20147418976, -4.90619897842, -44.1121902466], [-71.1845016479, 140.115707397, -19.7743244171, -85.1630020142, -64.7189941406, 30.5260562897, 148.149246216, 25.810918808, -7.27937173843, 30.2647380829, 11.3056783676, 10.0486278534, 1.09223926067], [37.7115745544, -40.063457489, 2.02810049057, 35.8761024475, -6.2669043541, -37.0238571167, 25.810918808, 107.471366882, -11.4342975616, -19.2520313263, -11.0970401764, -22.2077274323, 4.82274246216], [-131.384460449, 34.7751235962, 27.9026298523, -30.7812843323, 28.4270095825, 51.501247406, -7.27937173843, -11.4342975616, 115.746543884, 47.837688446, -10.0768508911, -14.4158420563, -47.6955223083], [84.3406295776, 28.4308700562, -84.2014694214, -79.0429840088, -6.53467178345, -0.680738985538, 30.2647380829, -19.2520313263, 47.837688446, 178.825164795, 36.1284484863, -6.0649433136, -37.931438446], [21.0269393921, 68.8442764282, -48.1138381958, -56.82472229, -17.6291732788, -6.20147418976, 11.3056783676, -11.0970401764, -10.0768508911, 36.1284484863, 105.883094788, 31.6792678833, 3.59566426277], [43.9268836975, 4.44254159927, 9.03197383881, -34.5176963806, -25.9201164246, -4.90619897842, 10.0486278534, -22.2077274323, -14.4158420563, -6.0649433136, 31.6792678833, 90.6633834839, 35.7462272644], [96.5345001221, -21.0880336761, -12.6340618134, 13.3496255875, -26.2583827972, -44.1121902466, 1.09223926067, 4.82274246216, -47.6955223083, -37.931438446, 3.59566426277, 35.7462272644, 94.8952102661]],
        "icov": [[0.000821272609755, 0.000453087588539, 1.03182155726e-05, 0.000118227442726, 0.00039353343891, 0.000381686084438, 0.000349680398358, -0.000152249645907, 0.000709425832611, -0.000732474960387, 1.04160217234e-05, -0.000120353637612, -0.000351272872649], [0.000453087588539, 0.00175572244916, -0.000184473989066, 0.00153472961392, -0.00111037155148, 0.00125764484983, -0.00162301235832, 0.000936268945225, -0.000155412839376, 0.000634789234027, -0.000802770315204, 0.000820591347292, -0.000165813544299], [1.03182155726e-05, -0.000184473989066, 0.00363436504267, -0.000684837577865, 5.72353164898e-05, -0.00280229724012, 0.000880653504282, -0.00114697706886, -0.000275816360954, 0.000958828313742, 0.00113720854279, -0.00153757631779, 7.07944345777e-05], [0.000118227442726, 0.00153472961392, -0.000684837577865, 0.00719087896869, -0.00273656449281, 0.00286622997373, 0.000292776792776, -0.000182133037015, 0.000644049083348, 0.00212147645652, 0.000978694180958, 0.00181192043237, 0.000151120824739], [0.00039353343891, -0.00111037155148, 5.72353164898e-05, -0.00273656449281, 0.00717420270666, -0.00281659676693, 0.00407250784338, -0.00149973062798, 0.000468087790068, -0.00202683964744, 0.000471743143862, -0.000321685307426, -2.08752298931e-05], [0.000381686084438, 0.00125764484983, -0.00280229724012, 0.00286622997373, -0.00281659676693, 0.0138299511746, -0.00564814265817, 0.00565979303792, -0.00350102153607, 0.00301381922327, -0.00110119546298, 0.00178599217907, 0.00335574313067], [0.000349680398358, -0.00162301235832, 0.000880653504282, 0.000292776792776, 0.00407250784338, -0.00564814265817, 0.0137873198837, -0.00641078827903, 0.00365293957293, -0.00394970597699, 0.00219094124623, -0.00240297289565, -0.000892462034244], [-0.000152249645907, 0.000936268945225, -0.00114697706886, -0.000182133037015, -0.00149973062798, 0.00565979303792, -0.00641078827903, 0.0142455790192, -0.00202106661163, 0.002950852504, -0.00146436179057, 0.00439378945157, 0.000365716754459], [0.000709425832611, -0.000155412839376, -0.000275816360954, 0.000644049083348, 0.000468087790068, -0.00350102153607, 0.00365293957293, -0.00202106661163, 0.0147212045267, -0.00477134296671, 0.00277154729702, -0.0013796169078, 0.00358573393896], [-0.000732474960387, 0.000634789234027, 0.000958828313742, 0.00212147645652, -0.00202683964744, 0.00301381922327, -0.00394970597699, 0.002950852504, -0.00477134296671, 0.0106372274458, -0.00277980929241, 0.00159705139231, 0.00280853291042], [1.04160217234e-05, -0.000802770315204, 0.00113720854279, 0.000978694180958, 0.000471743143862, -0.00110119546298, 0.00219094124623, -0.00146436179057, 0.00277154729702, -0.00277980929241, 0.0133325867355, -0.00510689103976, 0.00119299057405], [-0.000120353637612, 0.000820591347292, -0.00153757631779, 0.00181192043237, -0.000321685307426, 0.00178599217907, -0.00240297289565, 0.00439378945157, -0.0013796169078, 0.00159705139231, -0.00510689103976, 0.0172657370567, -0.0059746443294], [-0.000351272872649, -0.000165813544299, 7.07944345777e-05, 0.000151120824739, -2.08752298931e-05, 0.00335574313067, -0.000892462034244, 0.000365716754459, 0.00358573393896, 0.00280853291042, 0.00119299057405, -0.0059746443294, 0.0175226852298]]
    },
    "spectral_contrast_coeffs": {
        "max": [-0.39267796278, -0.448442667723, -0.504866361618, -0.582805871964, -0.528942286968, -0.606247186661],
        "mean": [-0.649002730846, -0.72534763813, -0.741333603859, -0.769927680492, -0.726684868336, -0.754154264927],
        "min": [-0.91942346096, -0.905332922935, -0.900832056999, -0.889644086361, -0.866950035095, -0.854687333107],
        "stdev": [0.0746851935983, 0.0677479654551, 0.0635567978024, 0.047687727958, 0.059296131134, 0.0366901606321]
    },
    "spectral_contrast_valleys": {
        "max": [-6.08404016495, -4.78237724304, -5.84363174438, -6.23136091232, -5.97795724869, -7.94163703918],
        "mean": [-7.67665243149, -6.34843111038, -7.32451534271, -7.52815628052, -7.52298116684, -10.3537998199],
        "min": [-9.70512771606, -8.68279266357, -9.01472949982, -9.17716884613, -9.7104845047, -12.3635864258],
        "stdev": [0.674734294415, 0.596659243107, 0.54880797863, 0.502861320972, 0.606855511665, 0.646849930286]
    }
},
"rhythm": {
    "beats_count": 87,
    "beats_loudness": {
        "max": 0.0500620529056,
        "mean": 0.0234799049795,
        "min": 0.00116146216169,
        "stdev": 0.0103891314939
    },
    "bpm": 125.529632568,
    "bpm_histogram_first_peak_bpm": 126,
    "bpm_histogram_first_peak_weight": 0.545454502106,
    "bpm_histogram_second_peak_bpm": 99,
    "bpm_histogram_second_peak_spread": 0.535714268684,
    "bpm_histogram_second_peak_weight": 0.151162803173,
    "danceability": 1.21897482872,
    "onset_rate": 2.5634765625,
    "beats_loudness_band_ratio": {
        "max": [0.502161026001, 0.853405416012, 0.877086162567, 0.549646496773, 0.634742081165, 0.855259954929],
        "mean": [0.0517897345126, 0.173102363944, 0.397680073977, 0.14302007854, 0.152180120349, 0.121541067958],
        "min": [0.00100627541542, 0.00891120359302, 0.0235788244754, 0.00933611765504, 0.00597445433959, 0.00275111128576],
        "stdev": [0.0631806254387, 0.168896988034, 0.228259429336, 0.128677025437, 0.132999658585, 0.155025467277]
    },
