{
"metadata": {
    "version": {
        "essentia": "2.1-beta5",
        "essentia_git_sha": "Undefined",
        "extractor": "music 2.0"
    },
    "audio_properties": {
        "analysis": {
            "equal_loudness": 0,
            "length": 12.7477550507,
            "sample_rate": 44100,
            "start_time": 0,
            "downmix": "mix"
        },
        "bit_rate": 192000,
        "length": 185.016983032,
        "lossless": 0,
        "number_channels": 2,
        "replay_gain": -8.40588188171,
        "sample_rate": 48000,
        "codec": "mp3",
        "md5_encoded": "b9c46da1fc2dab2100db27b6b0c41afe"
    },
    "tags": {
        "file_name": "France_Vivre_Guy Bonnet.mp3",
        "encoding": ["Lavf58.29.100"]
    }
},
"lowlevel": {
    "average_loudness": 0.776054143906,
    "barkbands_crest": {
        "max": 21.2265434265,
        "mean": 6.03781938553,
        "min": 2.79098105431,
        "stdev": 3.13201928139
    },
    "barkbands_flatness_db": {
        "max": 0.246454969049,
        "mean": 0.126738607883,
        "min": 0.0571367777884,
        "stdev": 0.0401131436229
    },
    "barkbands_kurtosis": {
        "max": 12.2157926559,
        "mean": 0.84774595499,
        "min": -1.65933132172,
        "stdev": 1.68472707272
    },
    "barkbands_skewness": {
        "max": 2.18957233429,
        "mean": 0.231872603297,
        "min": -3.08526277542,
        "stdev": 0.625506579876
    },
    "barkbands_spread": {
        "max": 66.3713912964,
        "mean": 16.7741470337,
        "min": 3.31598591805,
        "stdev": 10.5264034271
    },
    "dissonance": {
        "max": 0.499999970198,
        "mean": 0.482205092907,
        "min": 0.312175273895,
        "stdev": 0.0281750988215
    },
    "dynamic_complexity": 7.39974546432,
    "erbbands_crest": {
        "max": 26.5485858917,
        "mean": 7.49243593216,
        "min": 2.4897415638,
        "stdev": 4.11475419998
    },
    "erbbands_flatness_db": {
        "max": 0.326213866472,
        "mean": 0.215486705303,
        "min": 0.0971684902906,
        "stdev": 0.0474128127098
    },
    "erbbands_kurtosis": {
        "max": 12.8766937256,
        "mean": 0.783733189106,
        "min": -1.30760216713,
        "stdev": 1.65821945667
    },
    "erbbands_skewness": {
        "max": 2.43241119385,
        "mean": 0.31660798192,
        "min": -1.03281152248,
        "stdev": 0.514851629734
    },
    "erbbands_spread": {
        "max": 74.4101791382,
        "mean": 21.1642093658,
        "min": 4.03548240662,
        "stdev": 14.1442098618
    },
    "hfc": {
        "max": 90.2758255005,
        "mean": 25.7855091095,
        "min": 1.15408106715e-16,
        "stdev": 24.5639476776
    },
    "loudness_ebu128": {
        "integrated": -15.3397798538,
        "loudness_range": 11.8535690308,
        "momentary": {
            "max": -11.9105968475,
            "mean": -20.6418895721,
            "min": -48.1414489746,
            "stdev": 9.98127746582
        },
        "short_term": {
            "max": -12.6801681519,
            "mean": -18.1655673981,
            "min": -27.1130313873,
            "stdev": 4.41090393066
        }
    },
    "melbands_crest": {
        "max": 26.7611484528,
        "mean": 7.60073757172,
        "min": 1.80536043644,
        "stdev": 4.77391290665
    },
    "melbands_flatness_db": {
        "max": 0.25648099184,
        "mean": 0.112129300833,
        "min": 0.00611037993804,
        "stdev": 0.0553037002683
    },
    "melbands_kurtosis": {
        "max": 20.7697963715,
        "mean": 2.26454758644,
        "min": -1.32656574249,
        "stdev": 3.73838925362
    },
    "melbands_skewness": {
        "max": 4.1459197998,
        "mean": 0.677457034588,
        "min": -0.819795310497,
        "stdev": 0.920371413231
    },
    "melbands_spread": {
        "max": 136.289093018,
        "mean": 30.14727211,
        "min": 5.68575334549,
        "stdev": 13.9790554047
    },
    "pitch_salience": {
        "max": 0.947822809219,
        "mean": 0.742988348007,
        "min": 0.304973572493,
        "stdev": 0.0976030230522
    },
    "silence_rate_20dB": {
        "max": 1,
        "mean": 1,
        "min": 1,
        "stdev": 0
    },
    "silence_rate_30dB": {
        "max": 1,
        "mean": 1,
        "min": 1,
        "stdev": 0
    },
    "silence_rate_60dB": {
        "max": 1,
        "mean": 0.310909092426,
        "min": 0,
        "stdev": 0.462865531445
    },
    "spectral_centroid": {
        "max": 11289.6464844,
        "mean": 2076.76171875,
        "min": 838.019897461,
        "stdev": 699.729553223
    },
    "spectral_complexity": {
        "max": 59,
        "mean": 25.6672725677,
        "min": 0,
        "stdev": 18.7932453156
    },
    "spectral_decrease": {
        "max": 3.07435528315e-21,
        "mean": -3.07292746804e-09,
        "min": -1.05014521523e-08,
        "stdev": 2.70320765772e-09
    },
    "spectral_energy": {
        "max": 0.0458118319511,
        "mean": 0.0139367757365,
        "min": 1.05203891842e-20,
        "stdev": 0.0123265376315
    },
    "spectral_energyband_high": {
        "max": 0.00460869306698,
        "mean": 0.0009101156611,
        "min": 7.60810354388e-21,
        "stdev": 0.00105004373472
    },
    "spectral_energyband_low": {
        "max": 0.00139877444599,
        "mean": 8.50255019031e-05,
        "min": 7.46663536332e-23,
        "stdev": 0.000147049999214
    },
    "spectral_energyband_middle_high": {
        "max": 0.0384636707604,
        "mean": 0.0108623066917,
        "min": 1.66057194595e-21,
        "stdev": 0.00996787846088
    },
    "spectral_energyband_middle_low": {
        "max": 0.0217033140361,
        "mean": 0.00239596655592,
        "min": 1.96204537713e-22,
        "stdev": 0.00318935490213
    },
    "spectral_entropy": {
        "max": 9.80438423157,
        "mean": 7.83826875687,
        "min": 6.72967243195,
        "stdev": 0.415500313044
    },
    "spectral_flux": {
        "max": 0.166779860854,
        "mean": 0.060351382941,
        "min": 1.02568946392e-10,
        "stdev": 0.0433993153274
    },
    "spectral_kurtosis": {
        "max": 20.2654571533,
        "mean": 5.112885952,
        "min": -1.18972289562,
        "stdev": 3.66363859177
    },
    "spectral_rms": {
        "max": 0.00668539199978,
        "mean": 0.00312295835465,
        "min": 3.20371572153e-12,
        "stdev": 0.00196060538292
    },
    "spectral_rolloff": {
        "max": 18604.6875,
        "mean": 2515.2331543,
        "min": 602.9296875,
        "stdev": 1410.39550781
    },
    "spectral_skewness": {
        "max": 3.32153010368,
        "mean": 1.58612322807,
        "min": 0.00808067061007,
        "stdev": 0.496961236
    },
    "spectral_spread": {
        "max": 40614428,
        "mean": 3561613.75,
        "min": 2022833.75,
        "stdev": 1921229.625
    },
    "spectral_strongpeak": {
        "max": 4.78765678406,
        "mean": 1.08204782009,
        "min": 0,
        "stdev": 0.930858790874
    },
    "zerocrossingrate": {
        "max": 0.744140625,
        "mean": 0.0958389565349,
        "min": 0.0244140625,
        "stdev": 0.0534525960684
    },
    "barkbands": {
        "max": [0.000121473043691, 0.000258773186943, 0.0010333978571, 0.000392790214391, 0.00398337561637, 0.00220030685887, 0.0101901199669, 0.00224565831013, 0.0119376257062, 0.0204552188516, 0.0127436229959, 0.00971155520529, 0.00813341327012, 0.00812830217183, 0.0105289928615, 0.0101689621806, 0.00962002296001, 0.00721897929907, 0.00286703929305, 0.00187844480388, 0.00195371406153, 0.00133687141351, 0.000808145909104, 0.000726730853785, 0.000185066397535, 1.91587660083e-05, 2.72343072538e-06],
        "mean": [1.5963540136e-05, 2.41582001763e-05, 3.62346872862e-05, 2.68735384452e-05, 0.000115563059808, 0.000174939079443, 0.000411199900554, 0.000232067250181, 0.000830218603369, 0.00130560237449, 0.00086605316028, 0.00114732480142, 0.00125206052326, 0.00139048346318, 0.00150077755097, 0.00139537849464, 0.00107139896136, 0.000648291606922, 0.000429384381277, 0.000321893196087, 0.000286718946882, 0.000201121976716, 0.000133374138386, 8.15020466689e-05, 3.60692029062e-05, 2.10718121707e-06, 5.52758816497e-09],
        "min": [7.82511269132e-23, 1.68540921261e-23, 1.98211999391e-23, 2.9756836776e-23, 2.76170736587e-23, 4.15862509673e-23, 1.8788281247e-23, 2.44137698467e-23, 4.64266162848e-23, 1.14968449487e-22, 2.85689858021e-23, 3.39736138588e-23, 1.74850767207e-22, 1.49099633579e-22, 1.36060658962e-22, 1.21114269162e-22, 2.66999401838e-22, 3.69204397423e-22, 1.96810875138e-22, 2.23357117449e-22, 4.49302910358e-22, 3.86481435746e-22, 7.12130815729e-22, 7.66480176655e-22, 1.47749866064e-21, 1.47802645276e-21, 2.4958769423e-21],
        "stdev": [1.99407531909e-05, 3.01173531625e-05, 0.000113494315883, 3.80185265385e-05, 0.000291007076157, 0.000226195377763, 0.00115914479829, 0.00028132321313, 0.00108842877671, 0.0022330575157, 0.00136366323568, 0.00136122934055, 0.00137228472158, 0.0015933093382, 0.00179173343349, 0.00165004294831, 0.00127486558631, 0.000829533149954, 0.000503250979818, 0.000397664232878, 0.00034638211946, 0.000250523124123, 0.000159704082762, 9.94748188532e-05, 4.32232991443e-05, 3.15188572131e-06, 1.16002802031e-07]
    },
    "erbbands": {
        "max": [0.0123478267342, 0.080524109304, 0.912078201771, 1.29421412945, 7.6239233017, 15.3494319916, 13.7734336853, 20.9557113647, 152.285125732, 57.2881622314, 59.4466133118, 305.557739258, 627.965148926, 768.558349609, 310.671508789, 301.235321045, 341.24810791, 437.721618652, 580.711669922, 467.995727539, 515.173339844, 546.591430664, 508.69543457, 185.503295898, 158.78326416, 96.1759109497, 85.1832199097, 80.5743255615, 54.5103988647, 34.3150596619, 28.056558609, 26.2648200989, 6.47142553329, 2.7351295948, 1.20761084557, 0.200496196747, 0.0247261933982, 0.00169508974068, 0.000388878455851, 6.62910679239e-05],
        "mean": [0.000930884329136, 0.00528646633029, 0.0362745001912, 0.0706090703607, 0.177640855312, 0.434605956078, 0.852268576622, 1.69017374516, 5.75576496124, 4.55642700195, 6.64102649689, 19.1175117493, 39.7694969177, 38.902759552, 37.7916107178, 44.128238678, 55.2088127136, 68.2624130249, 78.8223190308, 79.5845108032, 73.1155548096, 59.716506958, 39.8473320007, 24.0592460632, 20.7665290833, 15.3101701736, 12.9686307907, 10.2414703369, 7.3473815918, 5.36917591095, 3.60353183746, 2.18747401237, 1.09270358086, 0.511199057102, 0.199369803071, 0.0287420395762, 0.000838955165818, 5.56825980311e-05, 1.6225145373e-05, 2.03266463359e-05],
        "min": [4.55377568469e-22, 4.59216587201e-21, 2.22709898097e-20, 5.7961017273e-20, 9.74895747533e-20, 1.29329275182e-19, 2.5151607842e-19, 2.81989593132e-19, 1.58665597498e-19, 5.1473236811e-19, 5.02298189142e-19, 8.58494672015e-19, 2.67215733802e-18, 2.50517438776e-18, 1.73413297242e-18, 2.02599610353e-18, 8.44962596899e-18, 8.01165203262e-18, 6.91966319544e-18, 6.2580506407e-18, 1.14892847639e-17, 1.28676935736e-17, 1.66616261091e-17, 1.45733904547e-17, 1.00539460758e-17, 1.19711671016e-17, 1.60131198175e-17, 1.76269938604e-17, 1.37107601898e-17, 1.96525275699e-17, 2.09278614035e-17, 1.25080056647e-17, 1.61711692172e-17, 1.69341622686e-17, 9.10010591345e-18, 4.84492299277e-18, 2.99815128537e-18, 1.27107261262e-18, 3.48496853086e-19, 3.59092254789e-20],
        "stdev": [0.00117865030188, 0.00921533163637, 0.115654878318, 0.114327482879, 0.509160935879, 1.1443259716, 1.31729269028, 2.32726025581, 17.6705646515, 7.11121940613, 7.56938171387, 26.283996582, 67.6644515991, 72.7546844482, 41.4550704956, 48.5355529785, 59.901424408, 74.9988479614, 90.8340835571, 88.6976852417, 87.8591995239, 70.8952636719, 51.3873672485, 28.7033081055, 25.1917896271, 18.6646175385, 15.6795463562, 12.6461648941, 9.12909221649, 6.4937338829, 4.37882900238, 2.76339626312, 1.32057535648, 0.609911441803, 0.244474485517, 0.037340272218, 0.00150247837882, 0.000106415332993, 2.18893801502e-05, 1.82701951417e-05]
    },
    "gfcc": {
        "mean": [-85.0878982544, 66.6667785645, -193.713348389, 24.4448375702, -75.2066879272, 26.3519954681, -43.332950592, 9.49060535431, -17.0195407867, -4.65020132065, -7.35095882416, -9.65445041656, 2.99125742912],
        "cov": [[24141.9960938, -2071.0378418, -4493.08447266, -1316.9609375, -476.337158203, 70.7422561646, -308.471466064, 46.8143043518, -64.8477172852, 260.65447998, -245.488708496, 300.799987793, 147.045318604], [-2071.0378418, 1743.95532227, 568.102600098, -233.601745605, 66.7158432007, -246.616378784, 36.212688446, -118.396903992, -48.1411857605, -264.514923096, 125.745178223, -275.061035156, 18.1343822479], [-4493.08447266, 568.102600098, 1010.50091553, 315.641113281, 63.0814704895, -20.5296955109, 34.9950256348, -11.2302799225, -12.6222724915, -33.0358848572, 67.153503418, -72.2910995483, -36.7606582642], [-1316.9609375, -233.601745605, 315.641113281, 471.839874268, -25.6814041138, 112.957015991, -44.8150062561, 38.3489837646, -6.46063280106, 92.1415481567, 10.4588327408, 51.8532752991, -42.0709114075], [-476.337158203, 66.7158432007, 63.0814704895, -25.6814041138, 87.6741409302, -10.0257883072, 25.3644008636, -9.5103521347, 1.70934545994, -17.5313720703, 5.93971061707, -12.2195358276, -9.11214447021], [70.7422561646, -246.616378784, -20.5296955109, 112.957015991, -10.0257883072, 108.536628723, 5.49131441116, 34.0424461365, 16.1454181671, 43.1136856079, -29.8736438751, 40.2077102661, -0.531013548374], [-308.471466064, 36.212688446, 34.9950256348, -44.8150062561, 25.3644008636, 5.49131441116, 70.8982696533, 21.8607635498, 13.442407608, -25.7057876587, -5.43751811981, -15.7575387955, 13.2065725327], [46.8143043518, -118.396903992, -11.2302799225, 38.3489837646, -9.5103521347, 34.0424461365, 21.8607635498, 58.0448989868, 22.2499809265, 18.5154323578, -14.2888050079, 16.4228820801, -3.72977757454], [-64.8477172852, -48.1411857605, -12.6222724915, -6.46063280106, 1.70934545994, 16.1454181671, 13.442407608, 22.2499809265, 41.1445541382, 9.45896434784, -6.44251680374, 4.52227640152, 3.27911901474], [260.65447998, -264.514923096, -33.0358848572, 92.1415481567, -17.5313720703, 43.1136856079, -25.7057876587, 18.5154323578, 9.45896434784, 101.14894104, 10.2931041718, 49.571056366, -22.6450233459], [-245.488708496, 125.745178223, 67.153503418, 10.4588327408, 5.93971061707, -29.8736438751, -5.43751811981, -14.2888050079, -6.44251680374, 10.2931041718, 56.0896453857, -5.55202054977, -6.50308942795], [300.799987793, -275.061035156, -72.2910995483, 51.8532752991, -12.2195358276, 40.2077102661, -15.7575387955, 16.4228820801, 4.52227640152, 49.571056366, -5.55202054977, 78.5998687744, 10.8164377213], [147.045318604, 18.1343822479, -36.7606582642, -42.0709114075, -9.11214447021, -0.531013548374, 13.2065725327, -3.72977757454, 3.27911901474, -22.6450233459, -6.50308942795, 10.8164377213, 46.8914489746]],
        "icov": [[0.00042485553422, -0.000561547116376, 0.00196999125183, 0.000152479071403, 0.00058289594017, -0.000254795973888, 0.000500847643707, -0.000997050316073, 0.00166171742603, -0.0017144709127, 0.000770577928051, -0.000265960552497, -0.000319867453072], [-0.000561547116376, 0.00458866823465, -0.00412216084078, 0.0011289883405, -0.00108733633533, -3.97878065996e-05, 0.00328445970081, 0.000149636165588, -0.00154423771892, 0.00749065121636, -0.00854312069714, 0.00931892264634, -0.00296615925618], [0.00196999125183, -0.00412216084078, 0.0118397492915, -0.00221545970999, 0.00192740303464, 0.000453840970295, -0.00120516621973, -0.0031607511919, 0.00672346167266, -0.0091219516471, 0.00530900154263, -0.00336065585725, -0.000185581317055], [0.000152479071403, 0.0011289883405, -0.00221545970999, 0.00719352671877, 0.00109627784695, -0.0066619948484, 0.00641397386789, -0.00428823707625, 0.00392534444109, 6.20224673185e-05, -0.00400918256491, 0.00171405577566, 0.000596557627432], [0.00058289594017, -0.00108733633533, 0.00192740303464, 0.00109627784695, 0.0171910952777, -0.00106299552135, -0.00762143684551, 0.00584225682542, -0.000565547088627, 0.000578926876187, 0.00110481120646, -0.0059955092147, 0.00888233911246], [-0.000254795973888, -3.97878065996e-05, 0.000453840970295, -0.0066619948484, -0.00106299552135, 0.0236053355038, -0.0075632869266, 0.000662953942083, -0.00497274566442, -0.0048037096858, 0.0114854900166, -0.00383694237098, -0.00205749552697], [0.000500847643707, 0.00328445970081, -0.00120516621973, 0.00641397386789, -0.00762143684551, -0.0075632869266, 0.0348165631294, -0.0191276632249, 0.00407798914239, 0.00536871096119, -0.0102086439729, 0.0154268769547, -0.0135916545987], [-0.000997050316073, 0.000149636165588, -0.0031607511919, -0.00428823707625, 0.00584225682542, 0.000662953942083, -0.0191276632249, 0.0391306132078, -0.0181687679142, 0.00282570812851, 0.00560196395963, -0.0091604879126, 0.0119109833613], [0.00166171742603, -0.00154423771892, 0.00672346167266, 0.00392534444109, -0.000565547088627, -0.00497274566442, 0.00407798914239, -0.0181687679142, 0.0412631593645, -0.0116165699437, 0.00157375540584, 0.00506847118959, -0.00802727974951], [-0.0017144709127, 0.00749065121636, -0.0091219516471, 6.20224673185e-05, 0.000578926876187, -0.0048037096858, 0.00536871096119, 0.00282570812851, -0.0116165699437, 0.0397229008377, -0.0221123714, -9.6807772934e-05, 0.0111059676856], [0.000770577928051, -0.00854312069714, 0.00530900154263, -0.00400918256491, 0.00110481120646, 0.0114854900166, -0.0102086439729, 0.00560196395963, 0.00157375540584, -0.0221123714, 0.0441816709936, -0.0178934670985, 0.00458406470716], [-0.000265960552497, 0.00931892264634, -0.00336065585725, 0.00171405577566, -0.0059955092147, -0.00383694237098, 0.0154268769547, -0.0091604879126, 0.00506847118959, -9.6807772934e-05, -0.0178934670985, 0.0500556603074, -0.0245776996017], [-0.000319867453072, -0.00296615925618, -0.000185581317055, 0.000596557627432, 0.00888233911246, -0.00205749552697, -0.0135916545987, 0.0119109833613, -0.00802727974951, 0.0111059676856, 0.00458406470716, -0.0245776996017, 0.0425736531615]]
    },
    "melbands": {
        "max": [9.61992845987e-05, 0.000325403554598, 0.000300351588521, 0.00103147537448, 0.00044155595242, 0.000452222389868, 0.00236232811585, 0.000522243382875, 0.000756047025789, 0.00185001164209, 0.00310632353649, 0.00337649253197, 0.00100792862941, 0.00133906793781, 0.000763018149883, 0.000908101559617, 0.000726972008124, 0.000881927961018, 0.000877283513546, 0.000550653785467, 0.000681342266034, 0.000591645308305, 0.000460283103166, 0.000362410995876, 0.000153185494128, 0.00011482379341, 8.60879517859e-05, 7.1060108894e-05, 6.14307064097e-05, 4.69302176498e-05, 4.98251138197e-05, 2.97255755868e-05, 2.71366225206e-05, 1.63819804584e-05, 1.51499189087e-05, 1.95633692783e-05, 1.35947811941e-05, 4.54756263935e-06, 3.87380760003e-06, 2.16557691601e-06],
        "mean": [8.52507946547e-06, 1.4540646589e-05, 1.45227922985e-05, 2.354731987e-05, 2.83450826828e-05, 3.70388552255e-05, 8.91241943464e-05, 4.93545994686e-05, 6.17406258243e-05, 0.000127321327454, 0.000197203524294, 0.000153336455696, 0.000120415905258, 0.000133838300826, 0.000107998486783, 0.000126005747006, 0.000127872888697, 0.000126082100905, 0.000114618393127, 9.96972885332e-05, 8.26885006973e-05, 6.36687764199e-05, 4.71493076475e-05, 2.75856800727e-05, 1.84098353202e-05, 1.61503794516e-05, 1.22440978885e-05, 9.74233262241e-06, 8.3067570813e-06, 6.96123061061e-06, 5.60501075597e-06, 4.2768365347e-06, 3.50133564098e-06, 2.76317587122e-06, 2.14461397263e-06, 1.66644713318e-06, 1.19633784834e-06, 8.05370120815e-07, 5.6111576896e-07, 3.86975045785e-07],
        "min": [8.12252129897e-24, 1.01555744128e-23, 1.20916544332e-23, 7.14185438667e-24, 8.04017684223e-24, 6.77754343228e-24, 2.50013962793e-24, 5.38234352492e-24, 3.69687672546e-24, 6.27035241301e-24, 1.51363459273e-23, 1.22663603024e-23, 4.72511747237e-24, 4.66185792752e-24, 1.20826125095e-23, 1.7494421567e-23, 1.42975753703e-23, 1.08231400652e-23, 8.99726943524e-24, 7.54627576264e-24, 1.5378549891e-23, 1.42665747145e-23, 1.27003355634e-23, 1.78612245329e-23, 1.10113133678e-23, 6.96878461495e-24, 6.24661164407e-24, 8.79288346331e-24, 9.02749858513e-24, 1.02484840836e-23, 9.95059679515e-24, 6.48226451241e-24, 9.88644031545e-24, 1.12599757358e-23, 1.36028981463e-23, 6.73642957962e-24, 7.72942481015e-24, 1.26262315477e-23, 9.30918109286e-24, 1.74418676535e-23],
        "stdev": [9.64826904237e-06, 4.03896592616e-05, 2.53396065091e-05, 7.25278805476e-05, 4.42784548795e-05, 4.8829424486e-05, 0.000269943790045, 6.99086449458e-05, 7.37521913834e-05, 0.000169952836586, 0.000334466749337, 0.00030005199369, 0.000142954988405, 0.000168846934685, 0.000125397869851, 0.000140117350384, 0.000145213256474, 0.000148892897414, 0.000136221846333, 0.000113721733214, 0.00010482025391, 7.6390162576e-05, 6.10129645793e-05, 3.68330147467e-05, 2.29110446526e-05, 2.00161939574e-05, 1.4719948922e-05, 1.24703519759e-05, 1.01821342469e-05, 8.77001548361e-06, 7.145699783e-06, 5.44640215594e-06, 4.42646387455e-06, 3.38788049703e-06, 2.647643214e-06, 2.1236592147e-06, 1.53800237968e-06, 9.87819362308e-07, 7.04690990005e-07, 4.65057496513e-07]
    },
    "melbands128": {
        "max": [8.23726149974e-05, 0.000118493830087, 0.000103973296063, 0.000141646654811, 0.000482793257106, 0.000542832305655, 0.000299443840049, 0.000157088696142, 0.000581376894843, 0.00179374951404, 0.000763810530771, 0.000436952221207, 0.000380154524464, 0.000800643232651, 0.000508494733367, 0.000293699646136, 0.0012709259754, 0.00458316178992, 0.00173458806239, 0.000405145023251, 0.000486968987389, 0.000680253491737, 0.000549479504116, 0.00222445908003, 0.00288258236833, 0.00111189112067, 0.00270964438096, 0.00626544980332, 0.00139072712045, 0.00608806591481, 0.00330333132297, 0.00334151112475, 0.00085726683028, 0.00165517325513, 0.00239717401564, 0.00135544955265, 0.00121759215835, 0.000942504499108, 0.0011862157844, 0.00108085246757, 0.00102966546547, 0.00202482612804, 0.00117002334446, 0.00133166671731, 0.00118846609257, 0.00113400735427, 0.00204041576944, 0.00117407925427, 0.00100561382715, 0.000978318741545, 0.000851586519275, 0.000859115214553, 0.000907619018108, 0.000863327994011, 0.000583764864132, 0.00059787731152, 0.000802609720267, 0.000603162043262, 0.000389318040106, 0.000731888867449, 0.000402342528105, 0.000222587652388, 0.000210406215047, 0.000205806514714, 0.000217351553147, 0.000159493371029, 0.00033791991882, 0.000157393689733, 9.85981459962e-05, 9.9326360214e-05, 9.80418117251e-05, 8.68430506671e-05, 6.42499580863e-05, 9.56382646109e-05, 6.88148429617e-05, 7.00023738318e-05, 5.02167276863e-05, 7.23047633073e-05, 6.41164224362e-05, 4.5976950787e-05, 4.21548538725e-05, 3.73766270059e-05, 4.01321485697e-05, 2.98202194244e-05, 2.8677213777e-05, 3.09444512823e-05, 2.62672438112e-05, 1.94305885088e-05, 1.72229028976e-05, 2.26283445954e-05, 1.22947276395e-05, 2.23915940296e-05, 2.42801597778e-05, 1.61873285833e-05, 6.06204594078e-06, 6.34923708276e-06, 5.61210481465e-06, 5.23328571944e-06, 6.15541466686e-06, 4.28344674219e-06, 3.11486724058e-06, 2.44274156103e-06, 2.82354221781e-06, 2.2466892915e-06, 1.66399172485e-06, 2.07352400139e-06, 1.11438600925e-06, 7.38145160994e-07, 3.69140423118e-07, 1.86533185342e-07, 4.80147193116e-08, 3.92608967559e-08, 1.71628457224e-07, 6.55801670746e-08, 1.40753373401e-08, 1.3593384196e-08, 1.31585169427e-08, 1.27510730863e-08, 1.23871037871e-08, 1.20646665991e-08, 1.1765461494e-08, 1.15067759765e-08, 1.12930962359e-08, 1.10737312653e-08, 1.09049880237e-08, 1.07724398291e-08, 1.06758504259e-08, 1.06183906112e-08],
        "mean": [1.11810504677e-05, 9.06666900846e-06, 6.94520213074e-06, 8.27919575386e-06, 1.74213873834e-05, 1.69136637851e-05, 1.39103367474e-05, 1.3428202692e-05, 1.36812323035e-05, 3.13850359817e-05, 2.25636304094e-05, 2.2138505301e-05, 2.35496772802e-05, 4.45678779215e-05, 3.79998782591e-05, 2.94366654998e-05, 5.54313955945e-05, 0.000141876342241, 7.37570953788e-05, 3.57106146112e-05, 4.75549313705e-05, 5.20659596077e-05, 4.54965338577e-05, 8.82032254594e-05, 0.000133195455419, 0.000117051451525, 0.00018307910068, 0.00026664842153, 0.000135216949275, 0.000149749146658, 0.000168263766682, 0.00014552862558, 9.8263095424e-05, 0.00010329138604, 0.000179552022018, 0.000121244884213, 0.00010306922195, 0.000101094949059, 0.00011661213648, 0.000122944285977, 0.000136267684866, 0.000118912903417, 0.000122771874885, 0.000133163586725, 0.000136051545269, 0.000119757249195, 0.000124873986351, 0.000115446528071, 0.000111930297862, 0.000103966893221, 0.000102860409243, 8.90587762115e-05, 8.58516432345e-05, 8.0879239249e-05, 7.19698437024e-05, 6.13295269432e-05, 5.80949053983e-05, 5.34118116775e-05, 4.28619387094e-05, 3.52548740921e-05, 2.64684822469e-05, 2.29736724577e-05, 1.95579850697e-05, 1.69101640495e-05, 1.65946894413e-05, 1.50032883539e-05, 1.86775068869e-05, 1.25145588754e-05, 1.13110963866e-05, 1.02486674223e-05, 9.74871727522e-06, 9.72161888058e-06, 8.66552272782e-06, 8.07168271422e-06, 7.90360263636e-06, 7.14629368304e-06, 6.50767378829e-06, 6.08330628893e-06, 5.52566052647e-06, 5.1933989198e-06, 4.44639272246e-06, 3.89968818126e-06, 3.75799208996e-06, 3.5309865325e-06, 3.28668943439e-06, 2.82313089883e-06, 2.73111504612e-06, 2.32566071645e-06, 2.10639018405e-06, 2.03112472263e-06, 1.79612038664e-06, 1.54254701101e-06, 1.48349056417e-06, 1.24284974845e-06, 1.00328850294e-06, 8.63668105922e-07, 8.08986897027e-07, 6.38615631487e-07, 6.04788567671e-07, 4.88767113893e-07, 4.2463463501e-07, 3.72491655298e-07, 3.40072602967e-07, 2.94176658144e-07, 2.11034262065e-07, 1.83236011253e-07, 1.35345501917e-07, 9.27669745465e-08, 1.45920466821e-08, 1.88452853322e-09, 2.6293281441e-10, 2.08015910053e-10, 5.46546641278e-10, 3.5176031532e-10, 1.34295505272e-10, 1.21221643834e-10, 3.20193385694e-11, 2.56480444522e-11, 2.49121487328e-11, 2.42623074409e-11, 2.3653882672e-11, 2.31365916009e-11, 2.27096327854e-11, 2.22657343951e-11, 2.18914730094e-11, 2.15689150568e-11, 2.13439422386e-11, 2.12239410075e-11],
        "min": [2.73780835143e-23, 5.40082890251e-24, 1.51402730741e-24, 1.01156178191e-23, 1.18642297785e-23, 9.39539491233e-24, 1.00984545723e-23, 1.73441987848e-23, 9.27478991284e-24, 3.7888823617e-24, 9.34746293487e-24, 3.5128733416e-24, 8.00028887942e-24, 1.37941921827e-23, 7.34994169397e-24, 2.30090846758e-24, 2.90634599892e-24, 1.54125750396e-24, 2.54366897268e-24, 8.91050577972e-24, 4.03707575185e-24, 3.22934568821e-24, 5.45312880281e-24, 1.21991895852e-24, 3.85633706884e-24, 7.98128916452e-24, 1.24972409567e-23, 5.03658776231e-24, 3.32954774702e-23, 1.87288737099e-23, 3.49927811276e-24, 1.55150865281e-24, 4.50176136782e-24, 7.85460993606e-24, 5.18087081631e-24, 4.36633012204e-24, 2.29014386888e-24, 4.90481367569e-24, 2.74896505344e-23, 2.05123209781e-23, 1.5370088569e-23, 8.62172904587e-24, 2.33199163829e-23, 9.41559290695e-24, 9.56192029398e-24, 1.33005198727e-23, 1.06751647477e-23, 4.26633648028e-24, 1.45605673966e-23, 5.65149773819e-24, 4.66277971149e-24, 9.8046007297e-24, 1.29877570342e-23, 1.89077416093e-23, 2.19532006651e-23, 1.22596399964e-23, 8.60378324914e-24, 1.27183981115e-23, 1.35720678844e-23, 1.36047803684e-23, 1.68825037405e-23, 2.4154438135e-23, 1.4820405557e-23, 6.7743871998e-24, 5.26994307327e-24, 7.18467454546e-24, 6.14157875885e-24, 1.01680257933e-23, 5.06917757846e-24, 3.28773165039e-24, 8.61659750568e-24, 1.47549048584e-23, 3.38327256677e-24, 8.4674925394e-24, 1.55714263824e-23, 6.06559646532e-24, 1.04873503768e-23, 1.37817991778e-23, 9.64279746943e-24, 5.58382412214e-24, 8.39042635099e-24, 4.44913882341e-24, 8.29072458776e-24, 1.39566975291e-23, 4.88293185747e-24, 1.4063536117e-23, 1.32112200294e-23, 7.77230176693e-24, 1.7668119272e-23, 1.50521681578e-23, 5.13264696031e-24, 5.5125264791e-24, 5.88826723914e-24, 8.3183536521e-24, 7.15979150593e-24, 1.40572031416e-23, 1.49867416121e-23, 7.80629141675e-24, 1.00118305452e-23, 9.64721587936e-24, 8.48517643431e-24, 2.34256568763e-23, 2.26289546937e-23, 1.29182410335e-23, 4.32211525716e-24, 8.90793014887e-24, 1.08176085725e-23, 8.49131377216e-24, 9.53298724256e-24, 7.63919174436e-24, 4.04472060288e-24, 6.95595773663e-24, 1.28941334442e-23, 1.12122993492e-23, 8.8662917037e-24, 1.12846197504e-23, 8.8630431745e-24, 9.05365326844e-24, 1.40933897691e-23, 8.82407896781e-24, 1.10096820035e-23, 1.24262426864e-23, 9.50822726533e-24, 1.01964310968e-23, 1.03201221201e-23, 1.246617167e-23, 8.03896988505e-24, 1.03885053166e-23],
        "stdev": [1.33328912852e-05, 1.19894684758e-05, 9.5224031611e-06, 1.49569768837e-05, 5.98017213633e-05, 4.89829508297e-05, 2.29977613344e-05, 1.94059557543e-05, 3.6379940866e-05, 0.000125169433886, 5.88047296333e-05, 3.93826558138e-05, 3.76837997464e-05, 7.96591994003e-05, 5.58944338991e-05, 3.90689820051e-05, 0.000130773973069, 0.000515256775543, 0.00018594233552, 4.99111811223e-05, 6.58914214e-05, 7.78030516813e-05, 6.61135127302e-05, 0.000147712256876, 0.000232382779359, 0.000173448352143, 0.000298521714285, 0.00062188465381, 0.000190701146494, 0.000451139057986, 0.000377377466066, 0.0003199664352, 0.000132422836032, 0.000158020076924, 0.000311634270474, 0.000164116165251, 0.000147071667016, 0.000138242001412, 0.000162979355082, 0.000165565681527, 0.000173580265255, 0.000170585044543, 0.00016571112792, 0.000178724818397, 0.000192303137737, 0.000161823336384, 0.000203330302611, 0.000163190503372, 0.000158218783326, 0.000138879957376, 0.000134934103698, 0.00011746367818, 0.000126860657474, 0.000118205629406, 9.59815442911e-05, 8.23303416837e-05, 8.33552840049e-05, 7.72354396759e-05, 6.20346327196e-05, 5.81570566283e-05, 4.00975040975e-05, 3.25036307913e-05, 2.7371042961e-05, 2.53405378317e-05, 2.41214056587e-05, 2.06662080018e-05, 3.31971059495e-05, 1.74822671397e-05, 1.56395490194e-05, 1.48699673446e-05, 1.37266597449e-05, 1.43377483255e-05, 1.12084035209e-05, 1.12292036647e-05, 1.08166359496e-05, 1.01318792076e-05, 9.03228192328e-06, 8.67570634e-06, 7.61077626521e-06, 7.40633231544e-06, 6.32068304185e-06, 5.34912351213e-06, 5.19748346051e-06, 4.87704710395e-06, 4.55378949482e-06, 3.79826656172e-06, 3.73903640138e-06, 3.1350343761e-06, 2.72472993856e-06, 2.87814646072e-06, 2.36554251387e-06, 2.17397928282e-06, 2.17361366595e-06, 1.80575966624e-06, 1.31253136715e-06, 1.13296425752e-06, 1.09686675387e-06, 8.40695122406e-07, 8.50042113143e-07, 6.70513770729e-07, 5.46670662516e-07, 4.68245303864e-07, 4.59756876126e-07, 3.9444719846e-07, 2.86247768599e-07, 2.51017581832e-07, 1.96425546051e-07, 1.35296247095e-07, 3.42587362923e-08, 1.15977085713e-08, 2.51658338613e-09, 2.13341722066e-09, 7.55304530031e-09, 3.2570282027e-09, 7.04556746278e-10, 6.71338706848e-10, 5.61362789586e-10, 5.4312948583e-10, 5.27626442537e-10, 5.13892317588e-10, 5.01147956466e-10, 4.90129159481e-10, 4.81027273569e-10, 4.71683692105e-10, 4.64497607044e-10, 4.58854149121e-10, 4.5474124466e-10, 4.52293924535e-10]
    },
    "mfcc": {
        "mean": [-690.887329102, 83.1161117554, -51.6046981812, -8.95691108704, -7.85305309296, 1.42286133766, -6.93358421326, 3.11365056038, -0.258251100779, 2.43069386482, -1.74052834511, -1.54917824268, -3.46419501305],
        "cov": [[20234.0292969, -2004.53845215, -3686.47802734, -1478.88195801, -772.178527832, -104.523139954, -430.649932861, -102.006072998, 119.84828949, -94.0135192871, -251.758255005, 165.366622925, 273.047271729], [-2004.53845215, 1799.98400879, 326.138763428, -35.3853874207, 29.7635250092, -213.624465942, 70.57447052, -36.2015151978, -130.164215088, 8.51241397858, 27.2806682587, -220.0912323, -158.647415161], [-3686.47802734, 326.138763428, 827.549133301, 346.763458252, 149.888870239, 34.4446144104, 86.0068130493, -0.255429714918, -35.3455734253, 19.9452953339, 48.3060112, -5.77086448669, -33.068977356], [-1478.88195801, -35.3853874207, 346.763458252, 256.097503662, 98.0542678833, 44.4919700623, 44.9168663025, -6.88384437561, -31.6366481781, 0.698154330254, 25.1292877197, 33.5138092041, 22.6334705353], [-772.178527832, 29.7635250092, 149.888870239, 98.0542678833, 82.58959198, 31.7063484192, 14.4568328857, 0.507156550884, -13.8758125305, -4.00045919418, 16.4601039886, 13.7957134247, 3.62482309341], [-104.523139954, -213.624465942, 34.4446144104, 44.4919700623, 31.7063484192, 81.7618408203, 7.10321140289, 4.34046459198, 18.3782596588, -1.0283536911, 2.43981218338, 30.9780063629, 17.3593864441], [-430.649932861, 70.57447052, 86.0068130493, 44.9168663025, 14.4568328857, 7.10321140289, 49.4291419983, 9.56748962402, -7.81628084183, 7.21732234955, 8.79453659058, -9.46041584015, -5.28303575516], [-102.006072998, -36.2015151978, -0.255429714918, -6.88384437561, 0.507156550884, 4.34046459198, 9.56748962402, 59.2476539612, 38.1995925903, 8.81719017029, -4.53510427475, -9.78285312653, -15.9491424561], [119.84828949, -130.164215088, -35.3455734253, -31.6366481781, -13.8758125305, 18.3782596588, -7.81628084183, 38.1995925903, 72.0011062622, 16.9802818298, -7.78228187561, -0.395328998566, -13.1334867477], [-94.0135192871, 8.51241397858, 19.9452953339, 0.698154330254, -4.00045919418, -1.0283536911, 7.21732234955, 8.81719017029, 16.9802818298, 41.452293396, 15.0000267029, -3.24225473404, -8.22357368469], [-251.758255005, 27.2806682587, 48.3060112, 25.1292877197, 16.4601039886, 2.43981218338, 8.79453659058, -4.53510427475, -7.78228187561, 15.0000267029, 51.8872528076, 20.722661972, 4.86265468597], [165.366622925, -220.0912323, -5.77086448669, 33.5138092041, 13.7957134247, 30.9780063629, -9.46041584015, -9.78285312653, -0.395328998566, -3.24225473404, 20.722661972, 70.2627334595, 42.2863426208], [273.047271729, -158.647415161, -33.068977356, 22.6334705353, 3.62482309341, 17.3593864441, -5.28303575516, -15.9491424561, -13.1334867477, -8.22357368469, 4.86265468597, 42.2863426208, 58.7713775635]],
        "icov": [[0.000348309724359, -4.29693172919e-05, 0.00142074446194, -0.000236041247263, 0.00108455633745, -0.000330121984007, 0.000310218165396, 0.0002966542379, 0.000203068819246, -0.000299108185573, 0.000597752339672, -0.000787507102359, -0.000184204196557], [-4.29693172919e-05, 0.00215501361527, -0.00107127823867, 0.00200445810333, -0.00283066462725, 0.00378176267259, -0.00173624197487, 0.00107216846664, 0.00205832370557, 0.000270072458079, -0.00184932921547, 0.00437656184658, 0.00133641564753], [0.00142074446194, -0.00107127823867, 0.00995705649257, -0.00661022588611, 0.00402316544205, -0.00191755208652, 0.000353471317794, 0.00211767153814, -0.00119646836538, -0.00162911706138, 0.00211471435614, -0.00419855723158, 0.00193104811478], [-0.000236041247263, 0.00200445810333, -0.00661022588611, 0.017271662131, -0.0107764871791, 0.00272196670994, -0.00605087541044, -0.000121696313727, 0.00469071557745, -0.00107868772466, 0.00125223433133, 4.0899762098e-05, -0.00381544954143], [0.00108455633745, -0.00283066462725, 0.00402316544205, -0.0107764871791, 0.0350488163531, -0.0147525947541, 0.00888483133167, -0.00563597166911, 0.00393628841266, 0.00287559372373, -0.00233057886362, -0.0054157008417, 0.000570456089918], [-0.000330121984007, 0.00378176267259, -0.00191755208652, 0.00272196670994, -0.0147525947541, 0.0285065881908, -0.00978312641382, 0.00638254825026, -0.00699468050152, 0.00191184692085, 0.000715394329745, -0.00010540211224, 0.00167858914938], [0.000310218165396, -0.00173624197487, 0.000353471317794, -0.00605087541044, 0.00888483133167, -0.00978312641382, 0.0342396721244, -0.0105804922059, 0.00730242300779, -0.00405554194003, -0.00370697584003, 0.00565566075966, -0.0037488786038], [0.0002966542379, 0.00107216846664, 0.00211767153814, -0.000121696313727, -0.00563597166911, 0.00638254825026, -0.0105804922059, 0.0321206487715, -0.0181791968644, 0.00218571326695, 0.000668769120239, 0.00162626209203, 0.00400040345266], [0.000203068819246, 0.00205832370557, -0.00119646836538, 0.00469071557745, 0.00393628841266, -0.00699468050152, 0.00730242300779, -0.0181791968644, 0.0359483323991, -0.0114125432447, 0.00340169481933, -0.000779403082561, 0.00639512715861], [-0.000299108185573, 0.000270072458079, -0.00162911706138, -0.00107868772466, 0.00287559372373, 0.00191184692085, -0.00405554194003, 0.00218571326695, -0.0114125432447, 0.0349659845233, -0.0137598514557, 0.00551991444081, 0.000613089825492], [0.000597752339672, -0.00184932921547, 0.00211471435614, 0.00125223433133, -0.00233057886362, 0.000715394329745, -0.00370697584003, 0.000668769120239, 0.00340169481933, -0.0137598514557, 0.034456551075, -0.0209291409701, 0.00376172806136], [-0.000787507102359, 0.00437656184658, -0.00419855723158, 4.0899762098e-05, -0.0054157008417, -0.00010540211224, 0.00565566075966, 0.00162626209203, -0.000779403082561, 0.00551991444081, -0.0209291409701, 0.0491676256061, -0.0186370369047], [-0.000184204196557, 0.00133641564753, 0.00193104811478, -0.00381544954143, 0.000570456089918, 0.00167858914938, -0.0037488786038, 0.00400040345266, 0.00639512715861, 0.000613089825492, 0.00376172806136, -0.0186370369047, 0.0388650521636]]
    },
    "spectral_contrast_coeffs": {
        "max": [-0.628733515739, -0.637524425983, -0.529280841351, -0.679617643356, -0.661011099815, -0.677405774593],
        "mean": [-0.768384754658, -0.832431793213, -0.801216721535, -0.816400527954, -0.801038682461, -0.76939368248],
        "min": [-0.95303183794, -0.987883031368, -0.975354015827, -0.962805390358, -0.963081717491, -0.960741817951],
        "stdev": [0.0560243986547, 0.0548112355173, 0.0773336216807, 0.0488138087094, 0.0465618334711, 0.0461593046784]
    },
    "spectral_contrast_valleys": {
        "max": [-6.49810934067, -5.69125843048, -5.36568212509, -5.27855539322, -5.75241422653, -8.75772380829],
        "mean": [-8.60658359528, -7.28007125854, -7.25139760971, -7.22891378403, -7.67868232727, -10.5084133148],
        "min": [-27.4225120544, -27.5765342712, -27.2613334656, -27.4606246948, -27.0547904968, -27.2416801453],
        "stdev": [1.31310176849, 1.61851000786, 1.863078475, 1.96100151539, 1.83608996868, 1.5823982954]
    }
},
"rhythm": {
    "beats_count": 25,
    "beats_loudness": {
        "max": 0.0418668314815,
        "mean": 0.0160950664431,
        "min": 2.39340424741e-05,
        "stdev": 0.0120015628636
    },
    "bpm": 142.778717041,
    "bpm_histogram_first_peak_bpm": 144,
    "bpm_histogram_first_peak_weight": 0.199999988079,
    "bpm_histogram_second_peak_bpm": 98,
    "bpm_histogram_second_peak_spread": 0,
    "bpm_histogram_second_peak_weight": 0.25,
    "danceability": 0.745329320431,
    "onset_rate": 1.3323546648,
    "beats_loudness_band_ratio": {
        "max": [0.556137740612, 0.327639222145, 0.715141236782, 0.567187607288, 0.530558228493, 0.205928534269],
        "mean": [0.0693656280637, 0.0476276017725, 0.161420330405, 0.319100081921, 0.331877887249, 0.101654194295],
        "min": [0.00245989533141, 0.00329619715922, 0.0517358593643, 0.0416231937706, 0.0419905558228, 0.011481186375],
        "stdev": [0.156052812934, 0.0807391032577, 0.168601125479, 0.113250754774, 0.159660100937, 0.0491648092866]
    },
    "beats_position": [0.510838985443, 1.03328800201, 1.54412698746, 2.04335594177, 2.53097510338, 2.97215414047, 3.39011335373, 3.80807256699, 4.23764181137, 4.66721057892, 5.08516979218, 5.50312900543, 5.92108821869, 6.33904743195, 6.7570066452, 7.17496585846, 7.6858048439, 8.20825386047, 8.71909236908, 9.33442115784, 9.93814086914, 10.5534696579, 11.1687984467, 11.7725172043, 12.3762359619],
