{
"metadata": {
    "version": {
        "essentia": "2.1-beta5",
        "essentia_git_sha": "Undefined",
        "extractor": "music 2.0"
    },
    "audio_properties": {
        "analysis": {
            "equal_loudness": 0,
            "length": 48.7502937317,
            "sample_rate": 44100,
            "start_time": 77.7520217896,
            "downmix": "mix"
        },
        "bit_rate": 192000,
        "length": 162.818328857,
        "lossless": 0,
        "number_channels": 2,
        "replay_gain": -13.4867229462,
        "sample_rate": 48000,
        "codec": "mp3",
        "md5_encoded": "2fcf877929a23c34081398376a9dfd0e"
    },
    "tags": {
        "file_name": "Belgium_Rendez-vous_Pas de Deux.mp3",
        "encoding": ["Lavf58.29.100"]
    }
},
"lowlevel": {
    "average_loudness": 0.973725914955,
    "barkbands_crest": {
        "max": 25.2990207672,
        "mean": 9.22198104858,
        "min": 2.15256476402,
        "stdev": 4.13450193405
    },
    "barkbands_flatness_db": {
        "max": 0.320651322603,
        "mean": 0.125409051776,
        "min": 0.0348828919232,
        "stdev": 0.042876496911
    },
    "barkbands_kurtosis": {
        "max": 70.3137969971,
        "mean": 2.19024419785,
        "min": -1.93029034138,
        "stdev": 6.51274776459
    },
    "barkbands_skewness": {
        "max": 7.94336462021,
        "mean": 1.26497936249,
        "min": -2.5862095356,
        "stdev": 1.28765320778
    },
    "barkbands_spread": {
        "max": 101.277336121,
        "mean": 42.1361083984,
        "min": 2.34796833992,
        "stdev": 20.9699230194
    },
    "dissonance": {
        "max": 0.499990016222,
        "mean": 0.478959321976,
        "min": 0.325365096331,
        "stdev": 0.0185733679682
    },
    "dynamic_complexity": 1.95910441875,
    "erbbands_crest": {
        "max": 24.7012424469,
        "mean": 6.46294641495,
        "min": 2.50651216507,
        "stdev": 2.72555685043
    },
    "erbbands_flatness_db": {
        "max": 0.242567926645,
        "mean": 0.137931644917,
        "min": 0.0685364082456,
        "stdev": 0.0229407157749
    },
    "erbbands_kurtosis": {
        "max": 18.875005722,
        "mean": 0.384739637375,
        "min": -1.78846144676,
        "stdev": 2.22130942345
    },
    "erbbands_skewness": {
        "max": 1.42853999138,
        "mean": -0.586994946003,
        "min": -3.54866456985,
        "stdev": 0.790143489838
    },
    "erbbands_spread": {
        "max": 133.754989624,
        "mean": 53.2022361755,
        "min": 12.7627658844,
        "stdev": 20.0170497894
    },
    "hfc": {
        "max": 175.362991333,
        "mean": 28.9026699066,
        "min": 0.123401209712,
        "stdev": 26.9904155731
    },
    "loudness_ebu128": {
        "integrated": -10.2719564438,
        "loudness_range": 2.2021446228,
        "momentary": {
            "max": -7.07732725143,
            "mean": -10.4324073792,
            "min": -13.8285083771,
            "stdev": 1.20207548141
        },
        "short_term": {
            "max": -8.98739719391,
            "mean": -10.3180122375,
            "min": -12.047498703,
            "stdev": 0.740058600903
        }
    },
    "melbands_crest": {
        "max": 28.4018592834,
        "mean": 15.6981811523,
        "min": 3.78415894508,
        "stdev": 5.21685123444
    },
    "melbands_flatness_db": {
        "max": 0.392674058676,
        "mean": 0.161056935787,
        "min": 0.0276857931167,
        "stdev": 0.0626649484038
    },
    "melbands_kurtosis": {
        "max": 310.978546143,
        "mean": 16.5336208344,
        "min": -1.83284986019,
        "stdev": 24.3928890228
    },
    "melbands_skewness": {
        "max": 14.8545532227,
        "mean": 3.30044555664,
        "min": -0.415476888418,
        "stdev": 1.94737577438
    },
    "melbands_spread": {
        "max": 224.706466675,
        "mean": 42.2352142334,
        "min": 1.55544114113,
        "stdev": 33.4433784485
    },
    "pitch_salience": {
        "max": 0.845072627068,
        "mean": 0.50772947073,
        "min": 0.0910711437464,
        "stdev": 0.14592371881
    },
    "silence_rate_20dB": {
        "max": 1,
        "mean": 1,
        "min": 1,
        "stdev": 0
    },
    "silence_rate_30dB": {
        "max": 1,
        "mean": 1,
        "min": 1,
        "stdev": 0
    },
    "silence_rate_60dB": {
        "max": 1,
        "mean": 0.00666349334642,
        "min": 0,
        "stdev": 0.0813593044877
    },
    "spectral_centroid": {
        "max": 4957.65576172,
        "mean": 2209.26879883,
        "min": 390.339447021,
        "stdev": 813.441772461
    },
    "spectral_complexity": {
        "max": 56,
        "mean": 20.4464550018,
        "min": 0,
        "stdev": 11.9476270676
    },
    "spectral_decrease": {
        "max": -7.47955378189e-11,
        "mean": -5.40114530878e-09,
        "min": -2.27797336549e-08,
        "stdev": 3.8103435962e-09
    },
    "spectral_energy": {
        "max": 0.0872706845403,
        "mean": 0.0230067260563,
        "min": 0.000293489109026,
        "stdev": 0.0154100758955
    },
    "spectral_energyband_high": {
        "max": 0.0232024472207,
        "mean": 0.00281569105573,
        "min": 4.64637969344e-06,
        "stdev": 0.00336154643446
    },
    "spectral_energyband_low": {
        "max": 0.0817044526339,
        "mean": 0.0121131138876,
        "min": 7.93330691522e-05,
        "stdev": 0.0126924198121
    },
    "spectral_energyband_middle_high": {
        "max": 0.0321763083339,
        "mean": 0.00404582824558,
        "min": 2.74814665318e-05,
        "stdev": 0.00433115754277
    },
    "spectral_energyband_middle_low": {
        "max": 0.0385098978877,
        "mean": 0.0061186295934,
        "min": 9.86164814094e-05,
        "stdev": 0.00546877505258
    },
    "spectral_entropy": {
        "max": 8.66425132751,
        "mean": 7.98410797119,
        "min": 7.09480953217,
        "stdev": 0.257385671139
    },
    "spectral_flux": {
        "max": 0.256150275469,
        "mean": 0.0912007689476,
        "min": 0.0185840129852,
        "stdev": 0.042623013258
    },
    "spectral_kurtosis": {
        "max": 13.6169147491,
        "mean": 1.50772809982,
        "min": -0.456801652908,
        "stdev": 1.05801105499
    },
    "spectral_rms": {
        "max": 0.00922724884003,
        "mean": 0.00448321271688,
        "min": 0.000535098894034,
        "stdev": 0.00153179187328
    },
    "spectral_rolloff": {
        "max": 11391.0644531,
        "mean": 3070.29663086,
        "min": 86.1328125,
        "stdev": 2441.66113281
    },
    "spectral_skewness": {
        "max": 2.84997487068,
        "mean": 0.809677898884,
        "min": 0.0740501210093,
        "stdev": 0.289119511843
    },
    "spectral_spread": {
        "max": 10580113,
        "mean": 5110958,
        "min": 2355174.5,
        "stdev": 1144876.375
    },
    "spectral_strongpeak": {
        "max": 13.8286437988,
        "mean": 0.526278197765,
        "min": 0,
        "stdev": 0.867552340031
    },
    "zerocrossingrate": {
        "max": 0.3212890625,
        "mean": 0.0997232496738,
        "min": 0.01123046875,
        "stdev": 0.0538450367749
    },
    "barkbands": {
        "max": [0.00063508679159, 0.0624340698123, 0.0364567488432, 0.0323807634413, 0.0102285640314, 0.0228831507266, 0.0225464776158, 0.0135512501001, 0.00885445065796, 0.0147346453741, 0.024668155238, 0.0130981653929, 0.0155922453851, 0.0159496273845, 0.0173718258739, 0.0149984918535, 0.00437625683844, 0.0098168393597, 0.0167244002223, 0.00699737109244, 0.00558367185295, 0.00820335187018, 0.00757235661149, 0.00483862729743, 0.00324816815555, 0.000960991310421, 4.17722912971e-06],
        "mean": [6.57927084831e-05, 0.00476980488747, 0.00526334298775, 0.00270592211746, 0.00117917289026, 0.000852238037623, 0.000630291702691, 0.000231816360611, 0.000432937114965, 0.000478586996906, 0.000473845517263, 0.000253128295299, 0.00029670909862, 0.000286714493996, 0.000258594634943, 0.000284098263364, 0.000322888896335, 0.000583026558161, 0.000572934339289, 0.000570458883885, 0.000664039805997, 0.000732404820155, 0.000568972609472, 0.000329346396029, 0.000147918326547, 5.16914842592e-05, 4.78319570618e-08],
        "min": [1.31758312705e-07, 6.17134992353e-06, 3.25585097016e-05, 1.64784501067e-06, 3.02493208437e-06, 2.81970073956e-06, 1.74873048309e-06, 4.41516192495e-07, 5.05417574459e-07, 7.03697082827e-07, 8.1886503267e-07, 6.66829919282e-07, 8.89652881142e-07, 1.63136019182e-06, 2.08008941627e-06, 1.41219732086e-06, 3.26469171341e-06, 5.96521147145e-07, 1.70874250216e-06, 1.21120922358e-06, 6.74673117373e-07, 1.86756017229e-06, 6.19916988853e-07, 2.42105670623e-07, 1.70450846326e-07, 1.25794855421e-07, 9.03294453125e-12],
        "stdev": [8.95086413948e-05, 0.0082719353959, 0.00605371035635, 0.00414953241125, 0.00154944125097, 0.00165513018146, 0.00151454505976, 0.000554654980078, 0.000821029418148, 0.000858396291733, 0.00152880523819, 0.0006228168495, 0.000714393914677, 0.000871764728799, 0.000606207060628, 0.000769716221839, 0.000433111854363, 0.000797219632659, 0.000766325509176, 0.0007644406287, 0.000815588398837, 0.00103900337126, 0.000808432640042, 0.000416828930611, 0.000266665709205, 0.000110899789433, 1.99457034e-07]
    },
    "erbbands": {
        "max": [1.43287050724, 17.2279872894, 40.7199783325, 96.8233413696, 60.7166442871, 58.1892776489, 63.8265457153, 252.15435791, 276.047546387, 357.39151001, 226.099700928, 231.986694336, 405.323455811, 295.2734375, 1139.40661621, 601.565979004, 821.165710449, 345.682617188, 600.504638672, 1153.58203125, 251.596176147, 226.067001343, 288.926574707, 1124.55078125, 267.037597656, 367.364379883, 253.626022339, 246.03012085, 309.439422607, 269.607391357, 215.839752197, 135.506347656, 83.4884262085, 36.8474731445, 21.2646598816, 6.05404186249, 1.46400034428, 0.0656056329608, 0.00150544848293, 0.00018787139561],
        "mean": [0.0918174907565, 1.25338888168, 5.11151361465, 9.60159015656, 4.40442228317, 4.93674230576, 4.93959140778, 7.33874082565, 8.032787323, 8.15619087219, 5.57564163208, 11.3083000183, 9.81706905365, 17.559923172, 19.6069660187, 12.5398550034, 15.9949131012, 12.317404747, 15.0247249603, 18.6056480408, 12.707239151, 18.4796581268, 28.3923683167, 30.0558834076, 29.6593132019, 28.7050971985, 26.6593761444, 26.6391525269, 27.6757793427, 21.9527187347, 14.4586954117, 9.23205089569, 3.97596430779, 1.71644878387, 1.01412892342, 0.379853069782, 0.0665435791016, 0.00285026524216, 9.91259876173e-05, 3.87197214877e-05],
        "min": [0.000343693100149, 0.00606245128438, 0.0354628302157, 0.0354649573565, 0.0313703790307, 0.020273020491, 0.0203834865242, 0.0145949646831, 0.034983061254, 0.0167294740677, 0.0185992289335, 0.019930459559, 0.02964999713, 0.0474275834858, 0.0362456142902, 0.0492846369743, 0.0602076388896, 0.0885889455676, 0.110215857625, 0.0850226432085, 0.0918328464031, 0.162264481187, 0.0499977990985, 0.093502573669, 0.0487654134631, 0.0671136304736, 0.0366400741041, 0.0439996793866, 0.0709644332528, 0.0181898325682, 0.0213023740798, 0.00751990824938, 0.00236797169782, 0.00208651763387, 0.00110237824265, 0.00059449969558, 0.000124406869872, 4.93890092912e-06, 1.70727173554e-06, 1.91980484487e-06],
        "stdev": [0.175803378224, 2.13982963562, 6.16716718674, 13.3754653931, 6.09135341644, 7.61886501312, 7.33471155167, 15.0121765137, 18.8572101593, 18.410200119, 11.6953363419, 22.156293869, 17.5216808319, 32.1774635315, 67.8151702881, 28.6635723114, 36.9500999451, 24.5504741669, 35.903011322, 56.0713539124, 19.8128757477, 23.7545566559, 36.4358406067, 47.3210334778, 33.4830245972, 38.7194099426, 34.6226272583, 33.4543914795, 41.1874046326, 32.2016143799, 19.435344696, 11.2413330078, 5.71007347107, 2.92821502686, 1.95536839962, 0.747990310192, 0.162257224321, 0.00726643344387, 0.000183955882676, 2.75166821666e-05]
    },
    "gfcc": {
        "mean": [12.9798631668, 65.2594833374, -120.070968628, 72.4998550415, -68.7942276001, 28.7699337006, -30.9062099457, 10.6315021515, -25.8832454681, -4.30035638809, -16.2135543823, -3.30198669434, -13.7886104584],
        "cov": [[2050.93286133, -616.182983398, -151.652099609, -64.6774597168, -108.819801331, -68.186416626, -233.099243164, -27.2903518677, -140.424087524, 79.8569869995, -104.827941895, 65.1693267822, -34.1914672852], [-616.182983398, 1603.61865234, -399.95880127, -152.765167236, 193.945159912, -31.4854164124, 291.984008789, -59.3390007019, 256.607299805, -100.774909973, 264.772186279, -103.705871582, 183.631774902], [-151.652099609, -399.95880127, 481.117004395, 109.561309814, -23.1682834625, 28.8312034607, -43.97397995, 33.0169792175, -81.8076400757, 20.6700191498, -115.959922791, 27.8178806305, -84.9324111938], [-64.6774597168, -152.765167236, 109.561309814, 370.620330811, 23.9714412689, 3.110206604, -7.46831274033, -37.66223526, 33.6337203979, -78.1500778198, -24.5828361511, -39.9078521729, -20.5259571075], [-108.819801331, 193.945159912, -23.1682834625, 23.9714412689, 176.055892944, 37.0597724915, 61.0695800781, 17.4306201935, 40.1801338196, -5.99806880951, 14.3840780258, -22.9661655426, 21.9688663483], [-68.186416626, -31.4854164124, 28.8312034607, 3.110206604, 37.0597724915, 103.126533508, 62.3034553528, 39.4614906311, 15.3421974182, 13.868847847, 5.95307826996, -15.919219017, -14.4099998474], [-233.099243164, 291.984008789, -43.97397995, -7.46831274033, 61.0695800781, 62.3034553528, 180.96005249, 54.6606178284, 71.2254257202, -3.93534135818, 66.8852005005, -44.3438262939, 8.55921840668], [-27.2903518677, -59.3390007019, 33.0169792175, -37.66223526, 17.4306201935, 39.4614906311, 54.6606178284, 101.06061554, 19.4843978882, 38.1471405029, 2.31862616539, -4.68171072006, -19.7484073639], [-140.424087524, 256.607299805, -81.8076400757, 33.6337203979, 40.1801338196, 15.3421974182, 71.2254257202, 19.4843978882, 125.856742859, -7.63855457306, 59.8822288513, -33.8934516907, 20.1059684753], [79.8569869995, -100.774909973, 20.6700191498, -78.1500778198, -5.99806880951, 13.868847847, -3.93534135818, 38.1471405029, -7.63855457306, 91.0156707764, 13.4312887192, 15.2716741562, -14.7805900574], [-104.827941895, 264.772186279, -115.959922791, -24.5828361511, 14.3840780258, 5.95307826996, 66.8852005005, 2.31862616539, 59.8822288513, 13.4312887192, 134.419235229, 14.0861492157, 57.6857719421], [65.1693267822, -103.705871582, 27.8178806305, -39.9078521729, -22.9661655426, -15.919219017, -44.3438262939, -4.68171072006, -33.8934516907, 15.2716741562, 14.0861492157, 96.0712280273, 40.4544906616], [-34.1914672852, 183.631774902, -84.9324111938, -20.5259571075, 21.9688663483, -14.4099998474, 8.55921840668, -19.7484073639, 20.1059684753, -14.7805900574, 57.6857719421, 40.4544906616, 106.283592224]],
        "icov": [[0.000716617854778, -1.07801542981e-05, 0.000728962942958, -0.000351157825207, 0.000149352359585, -4.76360255561e-05, 0.000540621753316, -0.000238692198764, 0.000556428043637, -0.000911262643058, 0.000663811457343, -0.00043428351637, 0.000211675360333], [-1.07801542981e-05, 0.00529386056587, -0.00156707293354, 0.0050492733717, -0.00333797070198, 0.00469064572826, -0.00492299720645, 0.00536921713501, -0.0056213773787, 0.00578611949459, -0.0052278987132, 0.00589252915233, -0.00424438063055], [0.000728962942958, -0.00156707293354, 0.00507355295122, -0.0035572736524, 0.00126936519518, -0.00189233303536, 0.000798519118689, -0.00240805838257, 0.0034851662349, -0.00421905424446, 0.0049713710323, -0.00509971473366, 0.00327550596558], [-0.000351157825207, 0.0050492733717, -0.0035572736524, 0.00943415611982, -0.00378767494112, 0.0039309724234, -0.00336890062317, 0.0060241241008, -0.00749735394493, 0.00981596205384, -0.00663915649056, 0.00739774573594, -0.00358002563007], [0.000149352359585, -0.00333797070198, 0.00126936519518, -0.00378767494112, 0.00944749079645, -0.00463035935536, 0.00138947647065, -0.00330958818085, 0.00254317536019, -0.00475870305672, 0.00538467755541, -0.0027071905788, -0.000244328344706], [-4.76360255561e-05, 0.00469064572826, -0.00189233303536, 0.0039309724234, -0.00463035935536, 0.0183673538268, -0.00899098999798, 0.00261275446974, -0.0041498686187, 0.0034310775809, -0.00393688585609, 0.00488520879298, -0.00267622387037], [0.000540621753316, -0.00492299720645, 0.000798519118689, -0.00336890062317, 0.00138947647065, -0.00899098999798, 0.0193610657007, -0.0111240465194, 0.00399072561413, -0.000735503970645, -0.00240608607419, 0.000149316183524, 0.00392664782703], [-0.000238692198764, 0.00536921713501, -0.00240805838257, 0.0060241241008, -0.00330958818085, 0.00261275446974, -0.0111240465194, 0.0231397207826, -0.00903614331037, -0.000354499847163, -0.0015347127337, 0.00294157792814, -0.00250721839257], [0.000556428043637, -0.0056213773787, 0.0034851662349, -0.00749735394493, 0.00254317536019, -0.0041498686187, 0.00399072561413, -0.00903614331037, 0.020845618099, -0.00664929300547, 0.00137042626739, -0.00250234897248, 0.00348031008616], [-0.000911262643058, 0.00578611949459, -0.00421905424446, 0.00981596205384, -0.00475870305672, 0.0034310775809, -0.000735503970645, -0.000354499847163, -0.00664929300547, 0.0270341038704, -0.0134084504098, 0.00682388339192, -0.000626202265266], [0.000663811457343, -0.0052278987132, 0.0049713710323, -0.00663915649056, 0.00538467755541, -0.00393688585609, -0.00240608607419, -0.0015347127337, 0.00137042626739, -0.0134084504098, 0.0244356933981, -0.0114618521184, -0.000825397612061], [-0.00043428351637, 0.00589252915233, -0.00509971473366, 0.00739774573594, -0.0027071905788, 0.00488520879298, 0.000149316183524, 0.00294157792814, -0.00250234897248, 0.00682388339192, -0.0114618521184, 0.0276326611638, -0.0140850776806], [0.000211675360333, -0.00424438063055, 0.00327550596558, -0.00358002563007, -0.000244328344706, -0.00267622387037, 0.00392664782703, -0.00250721839257, 0.00348031008616, -0.000626202265266, -0.000825397612061, -0.0140850776806, 0.0227054990828]]
    },
    "melbands": {
        "max": [0.0135062122717, 0.0210512466729, 0.0135613307357, 0.0023006813135, 0.00206717685796, 0.00531203392893, 0.00467672711238, 0.00403177412227, 0.00176394719165, 0.00127759948373, 0.00218953378499, 0.00124548340682, 0.00402227183804, 0.00140935694799, 0.00160437298473, 0.0018341562245, 0.000822374655399, 0.00141507235821, 0.00117621512618, 0.00142510642763, 0.000235137864365, 0.000310490111588, 0.000397409807192, 0.000571182230487, 0.00113974069245, 0.000286430586129, 0.000196863242309, 0.000240553083131, 0.000228660792345, 0.000136957183713, 0.000160423165653, 0.00020206674526, 0.000214254730963, 0.000205336051295, 0.000113762762339, 0.000122308003483, 7.88130419096e-05, 6.58455683151e-05, 4.10139655287e-05, 3.32755917043e-05],
        "mean": [0.00108033814467, 0.00241354387254, 0.00143965973984, 0.000295246805763, 0.000190437582205, 0.000164830300491, 0.000123922945932, 7.87739700172e-05, 5.03766677866e-05, 6.66294290568e-05, 4.75174565508e-05, 7.01095341356e-05, 6.99857482687e-05, 3.1687788578e-05, 3.33476782544e-05, 2.96471607726e-05, 2.26833726629e-05, 2.52920945059e-05, 1.99322166736e-05, 2.390814916e-05, 1.39754774864e-05, 1.69858321897e-05, 2.70301388809e-05, 2.61705081357e-05, 2.40084700636e-05, 2.1179610485e-05, 1.95356296899e-05, 1.89592847164e-05, 1.58798811754e-05, 1.62569904205e-05, 1.52271477418e-05, 1.64719349414e-05, 1.29294630824e-05, 1.22184410429e-05, 8.68199276738e-06, 6.50833999316e-06, 5.10308200319e-06, 2.80924609797e-06, 2.05151377486e-06, 1.24428197523e-06],
        "min": [2.11674000639e-06, 1.77754609467e-05, 6.77874277244e-06, 1.41839097978e-06, 5.43686894616e-07, 3.13962175369e-07, 4.42141327994e-07, 1.29841566832e-07, 1.42727245134e-07, 1.10435557588e-07, 1.10010851984e-07, 1.89200093814e-07, 1.10325629521e-07, 7.97635522076e-08, 1.0852713217e-07, 1.29284671857e-07, 1.5849201418e-07, 1.25277992424e-07, 1.36483066626e-07, 1.18550602224e-07, 1.09452145125e-07, 2.11702911201e-07, 5.94132352205e-08, 3.08253227388e-08, 8.6309114522e-08, 4.42098162523e-08, 2.51959342279e-08, 5.0247471961e-08, 2.17099636046e-08, 1.45205909519e-08, 3.44923627438e-08, 4.7606846465e-08, 6.2344773788e-09, 9.46232159293e-09, 1.69754112989e-08, 4.13836298563e-09, 4.10667722051e-09, 1.51847967533e-09, 1.40123368464e-09, 1.95970217831e-09],
        "stdev": [0.00191380863544, 0.00287286005914, 0.00189317739569, 0.000374423631001, 0.00025656609796, 0.000326144887367, 0.000309671275318, 0.000179922310053, 0.000102460187918, 0.000130175889353, 9.11280149012e-05, 0.000133556284709, 0.000228139368119, 7.51980260247e-05, 7.02912802808e-05, 7.76231681812e-05, 5.44691392861e-05, 7.50598701416e-05, 4.47461643489e-05, 7.95555897639e-05, 2.14948322537e-05, 2.58445634245e-05, 3.67234279111e-05, 4.19791213062e-05, 4.21649820055e-05, 2.61321511061e-05, 2.34907456615e-05, 2.75053025689e-05, 2.25999538088e-05, 1.98297366296e-05, 2.06832537515e-05, 2.48136075243e-05, 1.89014135685e-05, 1.95779048227e-05, 1.16444880405e-05, 9.0142548288e-06, 6.20207902102e-06, 4.11536575484e-06, 3.30820694217e-06, 2.31031117437e-06]
    },
    "melbands128": {
        "max": [0.000631849456113, 0.00965052656829, 0.022171523422, 0.0355877280235, 0.027903623879, 0.0206556711346, 0.0241462662816, 0.0144040416926, 0.00543959904462, 0.00299402954988, 0.00450372649357, 0.00243691517971, 0.0019634005148, 0.0053719128482, 0.0059754550457, 0.00893722474575, 0.00336108985357, 0.00827147997916, 0.00832520518452, 0.00584114296362, 0.00500989984721, 0.00184560124762, 0.00301047111861, 0.00279860803857, 0.00297516211867, 0.00249979575165, 0.00247410940938, 0.00287826824933, 0.00402635335922, 0.00168845336884, 0.00189267483074, 0.00212001753971, 0.00844741798937, 0.00823316629976, 0.00104061421007, 0.0010842041811, 0.00338687771, 0.00222407700494, 0.00102783797774, 0.00418117037043, 0.00232690619305, 0.000739125476684, 0.000750654435251, 0.00143650616519, 0.00456158304587, 0.00115360354539, 0.00125626579393, 0.000622270104941, 0.00268814782612, 0.00447409413755, 0.00300122075714, 0.000272053177468, 0.000452022417448, 0.00028457614826, 0.0006841160357, 0.000502903712913, 0.000511808029842, 0.000569064926822, 0.000877871003468, 0.000569217489101, 0.000711733533535, 0.00175484491047, 0.00180893100332, 0.00137052091304, 0.000444103730842, 0.000658818869852, 0.000313177268254, 0.000551318807993, 0.000329256174155, 0.0005459569511, 0.000409592263168, 0.000406251638196, 0.000410834851209, 0.000271995813819, 0.000226061369176, 0.000191240207641, 0.00025850685779, 0.000210907950532, 0.000233523329371, 0.000180734175956, 0.000225428666454, 0.000325246888679, 0.000247642688919, 0.000269181997282, 0.000243180329562, 0.000216347238165, 0.000284766545519, 0.000118001902592, 0.000127134539071, 0.000162439129781, 0.000224009287194, 8.55107718962e-05, 0.000115678427392, 0.000108725129394, 8.67810449563e-05, 6.09125054325e-05, 7.52944761189e-05, 4.42738528363e-05, 4.98346053064e-05, 5.44941176486e-05, 1.84812288353e-05, 4.83727963001e-05, 3.9649039536e-05, 5.62203131267e-05, 3.28637288476e-05, 2.1574600396e-05, 1.70954481291e-05, 2.04510633921e-05, 1.35234868139e-05, 1.54811277753e-05, 9.27725159272e-06, 8.74123725225e-06, 4.35462834503e-06, 4.33335026173e-06, 1.27022497054e-06, 4.03929021786e-07, 1.12195955637e-07, 7.53248574625e-10, 7.56274431968e-10, 7.54624029931e-10, 7.54719231555e-10, 7.52911955004e-10, 7.5064499061e-10, 7.10326020226e-10, 5.1715970395e-10, 4.9533388502e-10, 4.91354124055e-10, 4.88638407514e-10],
        "mean": [5.87679642194e-05, 0.000538813765161, 0.00142801576294, 0.00226043676957, 0.00241872575134, 0.00273210578598, 0.00224620942026, 0.00096666807076, 0.000319838058203, 0.000252000580076, 0.000315713929012, 0.000170250437804, 0.000109255437565, 0.000279831641819, 0.000200590729946, 7.54321663408e-05, 0.000102599085949, 0.000156299196533, 0.000118082287372, 0.000105116647319, 4.40859294031e-05, 3.23095773638e-05, 4.54900873592e-05, 6.67306012474e-05, 0.000107779495011, 4.23744168074e-05, 3.72846989194e-05, 4.62730240542e-05, 5.5153570429e-05, 8.37994084577e-05, 7.26189391571e-05, 4.3221640226e-05, 0.00010222842684, 6.26550026936e-05, 1.92734096345e-05, 2.78658735624e-05, 4.24882855441e-05, 2.00926879188e-05, 3.81540121452e-05, 5.03360352013e-05, 1.58626626217e-05, 2.06726454053e-05, 2.14993415284e-05, 2.10435737245e-05, 3.62598148058e-05, 1.87141813512e-05, 2.78666648228e-05, 9.78791103989e-06, 1.60566396517e-05, 4.45258810942e-05, 2.12804716284e-05, 1.063126183e-05, 1.20032636914e-05, 1.36948174259e-05, 2.19999092224e-05, 1.37307197292e-05, 1.59410792548e-05, 2.93725897791e-05, 3.14205572067e-05, 2.05263459065e-05, 2.43641570705e-05, 3.30065449816e-05, 2.75920592685e-05, 2.08257060876e-05, 1.79800936166e-05, 1.95564025489e-05, 2.57331539615e-05, 2.17691231228e-05, 1.56461246661e-05, 1.89756901818e-05, 2.24568138947e-05, 1.73147309397e-05, 1.39608810059e-05, 1.65845485753e-05, 1.66702866409e-05, 1.701306428e-05, 1.50567921082e-05, 1.51796657519e-05, 1.49424513438e-05, 1.56993064593e-05, 1.80578208528e-05, 1.5417321265e-05, 1.55110337801e-05, 1.2883790987e-05, 1.00823008324e-05, 1.41251694004e-05, 1.20166287161e-05, 1.02909225461e-05, 8.73123008205e-06, 7.53876656745e-06, 6.51588243272e-06, 5.85908492212e-06, 7.22607046555e-06, 5.56097165827e-06, 3.60934313903e-06, 2.90285038318e-06, 2.73451087196e-06, 2.52696349889e-06, 2.16481907955e-06, 2.00701492759e-06, 9.32289026423e-07, 1.20105926271e-06, 1.33239052502e-06, 1.36988148824e-06, 1.23865163459e-06, 9.64788227975e-07, 9.54730239755e-07, 7.53248343699e-07, 6.48995069241e-07, 5.31999376108e-07, 4.20494586706e-07, 2.91079601311e-07, 1.37727056426e-07, 9.98543967512e-08, 3.15760289027e-08, 8.60262883151e-09, 1.9236263693e-09, 6.10505829918e-12, 5.02720174517e-12, 4.85929482416e-12, 4.71594117923e-12, 4.59633546501e-12, 4.47407519019e-12, 4.33388047671e-12, 4.01925498092e-12, 3.58032201976e-12, 3.34633449423e-12, 3.29717156355e-12],
        "min": [1.35782229904e-09, 7.486910647e-08, 1.19975197777e-06, 1.50396692788e-06, 8.87693204277e-06, 9.96943890641e-06, 6.17259320279e-06, 5.12967915256e-07, 8.19536978724e-07, 1.39980599556e-07, 1.20227412026e-07, 1.02253373768e-07, 9.5830898772e-08, 1.64528401569e-07, 5.06558848201e-08, 9.09549200401e-08, 1.40685600059e-07, 1.09715465157e-07, 6.36845172153e-08, 2.60057539947e-08, 4.35644089691e-08, 3.08130587712e-08, 3.41019479322e-08, 6.18640640937e-08, 6.79520439917e-08, 4.2328398564e-08, 6.31137027085e-08, 6.15258315406e-08, 4.30050803857e-08, 6.30273007118e-08, 4.21270733852e-08, 3.5149259503e-08, 5.34563824317e-08, 5.97077303155e-08, 5.19659053566e-08, 9.97848914608e-09, 5.47754552827e-09, 4.50275017272e-08, 7.16742860618e-08, 4.17266541319e-08, 4.81357815829e-08, 8.02848205694e-08, 1.00811988091e-07, 7.19427504237e-08, 3.23666498048e-08, 5.71109879388e-08, 1.18064704679e-07, 7.50294475438e-08, 4.70702978816e-08, 3.58573757353e-08, 3.3261038368e-08, 2.30737668971e-08, 2.48726070851e-08, 2.36927224506e-08, 1.76653838224e-08, 1.04415235569e-07, 9.35392492352e-08, 2.99859905795e-08, 2.95430169217e-08, 4.19698196197e-08, 3.10029157902e-08, 1.627518742e-08, 6.17553723714e-08, 1.32345718384e-07, 5.03337069802e-08, 5.35679554048e-08, 2.55086209933e-08, 2.3481531386e-08, 1.45180845124e-08, 4.09364346865e-08, 6.64529693495e-08, 4.35417746303e-08, 1.65624864934e-08, 1.07511324288e-08, 3.41870176612e-08, 1.75740595409e-08, 4.84487427954e-09, 6.33817975881e-09, 2.44297293506e-08, 4.13605256711e-08, 4.30573336985e-08, 2.28429204441e-08, 8.14200373789e-10, 3.96377108913e-09, 1.36610287527e-08, 6.60442944778e-09, 5.58957147234e-09, 1.12204956437e-08, 2.29850911637e-08, 4.99170482726e-09, 3.18876813843e-09, 2.80712164624e-09, 8.0134352487e-09, 3.65732355512e-09, 3.13236303562e-09, 1.17169185465e-09, 1.28157506829e-09, 1.52927193131e-09, 1.57194179895e-09, 8.24408430411e-10, 2.59010479731e-10, 1.25297705544e-09, 2.53447285381e-09, 1.45469947199e-09, 1.10281950239e-09, 4.16818440874e-10, 1.32862720825e-09, 4.85832540864e-10, 2.77929242121e-12, 1.8610460395e-11, 2.24654843339e-12, 3.65073986666e-12, 6.65427931398e-14, 3.29990348198e-14, 4.41446060479e-14, 3.70448063772e-14, 3.543705314e-14, 2.11678666539e-14, 1.98399155042e-14, 2.37588150786e-14, 2.03178182693e-14, 2.3171972018e-14, 2.36870070135e-14, 2.18917139055e-14, 1.92987190491e-14, 6.18107131369e-15, 9.37334600365e-16, 2.49001382149e-17],
        "stdev": [8.60199361341e-05, 0.00114658242092, 0.00294373882934, 0.0041882628575, 0.00371869560331, 0.00327140791342, 0.00333238393068, 0.00150794710498, 0.000556802726351, 0.000370033347281, 0.000571783923078, 0.000273309968179, 0.000187903322512, 0.000588417751715, 0.000464423646918, 0.000265264185145, 0.000215539286728, 0.000520896224771, 0.000424393103458, 0.000271326571237, 0.000146847072756, 8.51801087265e-05, 0.000156265334226, 0.000162464086316, 0.000249629752943, 0.000124759040773, 9.22001490835e-05, 0.000128941217554, 0.000138264615089, 0.000181372917723, 0.000193040381419, 9.81399716693e-05, 0.000358229241101, 0.000367018219549, 6.82648824295e-05, 5.30831021024e-05, 0.000153890039655, 8.26413743198e-05, 7.84050062066e-05, 0.00016319626593, 7.58249152568e-05, 4.59185393993e-05, 5.3156116337e-05, 8.56755650602e-05, 0.000192521358258, 6.00890271016e-05, 7.64814249123e-05, 2.25748699449e-05, 6.95054914104e-05, 0.000169945880771, 0.000115574890515, 2.01600851142e-05, 2.65356466116e-05, 2.50764205703e-05, 4.45617260993e-05, 2.96936468658e-05, 3.1266867154e-05, 4.30068284913e-05, 5.85203524679e-05, 3.83932056138e-05, 5.06893375132e-05, 8.49559510243e-05, 7.00243690517e-05, 4.30194377259e-05, 3.0966635677e-05, 3.52975730493e-05, 3.72280883312e-05, 3.26956869685e-05, 2.55261420534e-05, 3.41339618899e-05, 3.80774763471e-05, 2.96466678265e-05, 2.52410063695e-05, 2.70318796538e-05, 2.60138403974e-05, 2.30517143791e-05, 1.97393201233e-05, 2.17044434976e-05, 2.46439212788e-05, 2.38352113229e-05, 2.70727268799e-05, 2.79369814962e-05, 2.81492903014e-05, 1.92001643882e-05, 1.49952238644e-05, 2.3342690838e-05, 2.34432791331e-05, 1.55525140144e-05, 1.16592718769e-05, 1.14044769361e-05, 1.16743321996e-05, 8.61584339873e-06, 9.18797832128e-06, 7.29239536668e-06, 5.21754191141e-06, 4.41190195488e-06, 4.44318402515e-06, 3.95614097215e-06, 3.79323410016e-06, 3.53877226189e-06, 1.7384882085e-06, 2.48450828622e-06, 2.9810560136e-06, 2.96360303764e-06, 2.60164506471e-06, 1.95567690753e-06, 1.89453373878e-06, 1.58122134053e-06, 1.33519256451e-06, 1.21819675769e-06, 1.00708041373e-06, 7.86612304182e-07, 4.12513429637e-07, 3.29426541157e-07, 1.05753137802e-07, 2.58589007984e-08, 6.8718661872e-09, 2.96826035973e-11, 2.83680943319e-11, 2.76663969512e-11, 2.70155807447e-11, 2.64601587169e-11, 2.58956623506e-11, 2.47261360692e-11, 2.08694519999e-11, 1.66702537191e-11, 1.57958403302e-11, 1.57010689172e-11]
    },
    "mfcc": {
        "mean": [-618.08984375, 72.525062561, 12.729716301, 40.3147773743, -0.900454938412, 17.2951965332, 5.1801071167, 15.5995121002, -1.99279797077, 4.17556476593, -2.37634420395, 0.194732546806, -4.53536176682],
        "cov": [[2172.28417969, -451.068939209, -230.949707031, -67.7734603882, -19.3316802979, -81.2683181763, -116.260246277, -145.432159424, -71.0017547607, -88.4169540405, -33.4411773682, -72.4824523926, -38.8310775757], [-451.068939209, 1366.76599121, -353.036560059, -119.246421814, -73.2393417358, 17.713809967, 78.8066558838, 57.7565612793, 35.3230667114, 100.342338562, 27.6879959106, 84.9758224487, 60.6461143494], [-230.949707031, -353.036560059, 386.552734375, 87.6570968628, 19.3879051208, 18.4322071075, -10.8561916351, 14.1121778488, -1.35015821457, -28.1785392761, 1.14475739002, -17.2133274078, -26.6548652649], [-67.7734603882, -119.246421814, 87.6570968628, 234.446548462, 70.3482589722, 50.3018684387, -22.3649158478, 36.8726844788, 1.64957928658, -3.83358311653, -7.33844947815, -1.79235112667, -37.0795783997], [-19.3316802979, -73.2393417358, 19.3879051208, 70.3482589722, 123.423774719, 34.9542961121, -7.07332372665, 6.54932117462, 18.9342746735, -8.94397926331, -7.82344579697, -15.2487297058, -12.8089962006], [-81.2683181763, 17.713809967, 18.4322071075, 50.3018684387, 34.9542961121, 87.6105575562, 19.3050365448, 31.2834739685, 10.0978069305, 15.8811159134, 8.267537117, 2.81832480431, -9.29151058197], [-116.260246277, 78.8066558838, -10.8561916351, -22.3649158478, -7.07332372665, 19.3050365448, 120.467170715, 30.4458198547, 30.4362182617, 25.0854434967, 38.4423828125, 23.4081249237, 18.6653175354], [-145.432159424, 57.7565612793, 14.1121778488, 36.8726844788, 6.54932117462, 31.2834739685, 30.4458198547, 96.9141998291, 32.4184265137, 31.7743453979, 12.8764810562, 16.867149353, 10.3061227798], [-71.0017547607, 35.3230667114, -1.35015821457, 1.64957928658, 18.9342746735, 10.0978069305, 30.4362182617, 32.4184265137, 73.5641860962, 36.4842529297, 26.5313682556, 4.63660049438, 2.57843828201], [-88.4169540405, 100.342338562, -28.1785392761, -3.83358311653, -8.94397926331, 15.8811159134, 25.0854434967, 31.7743453979, 36.4842529297, 93.0779724121, 53.2815208435, 27.532333374, 9.68024253845], [-33.4411773682, 27.6879959106, 1.14475739002, -7.33844947815, -7.82344579697, 8.267537117, 38.4423828125, 12.8764810562, 26.5313682556, 53.2815208435, 92.0768356323, 37.4426956177, 5.48407649994], [-72.4824523926, 84.9758224487, -17.2133274078, -1.79235112667, -15.2487297058, 2.81832480431, 23.4081249237, 16.867149353, 4.63660049438, 27.532333374, 37.4426956177, 73.588142395, 31.9054603577], [-38.8310775757, 60.6461143494, -26.6548652649, -37.0795783997, -12.8089962006, -9.29151058197, 18.6653175354, 10.3061227798, 2.57843828201, 9.68024253845, 5.48407649994, 31.9054603577, 68.6930541992]],
        "icov": [[0.00069039297523, 0.000352015980752, 0.000770263082813, -1.00723982541e-05, 0.000230937061133, 5.15791653015e-05, 0.000377180724172, 0.000411152053857, 3.97547410103e-05, 0.000422886630986, -0.000456706649857, 0.0003196024918, 8.57323684613e-05], [0.000352015980752, 0.00132663745899, 0.00129093497526, 0.000262699642917, 0.000535006925929, -0.000387090753065, -0.000136028858833, -0.000148287886987, -0.000137602706673, -0.000534028571565, 0.000571603421122, -0.000844825408421, 0.000204270108952], [0.000770263082813, 0.00129093497526, 0.00458185514435, -0.00090845261002, 0.00103701173794, -0.000477097230032, 0.000375411298592, -0.00030049396446, -0.000370554276742, 0.00154451455455, -0.00119032396469, 0.00039375355118, 0.00036353955511], [-1.00723982541e-05, 0.000262699642917, -0.00090845261002, 0.00722152832896, -0.00323445070535, -0.00170239515137, 0.00125031999778, -0.00279161171056, 0.00131128286012, -0.000303053559037, 0.000966148858424, -0.00281048612669, 0.0037753873039], [0.000230937061133, 0.000535006925929, 0.00103701173794, -0.00323445070535, 0.0122675420716, -0.00416454626247, 0.00094576086849, 0.00206212722696, -0.00502232322469, 0.00248486665078, -0.000288977869786, 0.00190837762784, -0.00155244173948], [5.15791653015e-05, -0.000387090753065, -0.000477097230032, -0.00170239515137, -0.00416454626247, 0.0164762157947, -0.00266772718169, -0.00359447160736, 0.00286730262451, -0.00255362759344, 0.000195935223019, 0.000295421603369, 0.00208242563531], [0.000377180724172, -0.000136028858833, 0.000375411298592, 0.00125031999778, 0.00094576086849, -0.00266772718169, 0.012015956454, -0.00185232027434, -0.0032433771994, 0.00279201590456, -0.00469742016867, -9.11311581149e-05, -0.00187204510439], [0.000411152053857, -0.000148287886987, -0.00030049396446, -0.00279161171056, 0.00206212722696, -0.00359447160736, -0.00185232027434, 0.0165934190154, -0.00548609253019, -0.00285106385127, 0.00277203740552, -0.00115859461948, -0.00242351787165], [3.97547410103e-05, -0.000137602706673, -0.000370554276742, 0.00131128286012, -0.00502232322469, 0.00286730262451, -0.0032433771994, -0.00548609253019, 0.0221517421305, -0.00641719438136, -0.00242748693563, 0.00325393909588, 0.000618991150986], [0.000422886630986, -0.000534028571565, 0.00154451455455, -0.000303053559037, 0.00248486665078, -0.00255362759344, 0.00279201590456, -0.00285106385127, -0.00641719438136, 0.0218870136887, -0.0107692973688, -0.000105596715002, -0.00100134918466], [-0.000456706649857, 0.000571603421122, -0.00119032396469, 0.000966148858424, -0.000288977869786, 0.000195935223019, -0.00469742016867, 0.00277203740552, -0.00242748693563, -0.0107692973688, 0.0228751618415, -0.0100077167153, 0.00456065963954], [0.0003196024918, -0.000844825408421, 0.00039375355118, -0.00281048612669, 0.00190837762784, 0.000295421603369, -9.11311581149e-05, -0.00115859461948, 0.00325393909588, -0.000105596715002, -0.0100077167153, 0.0252191256732, -0.0108650280163], [8.57323684613e-05, 0.000204270108952, 0.00036353955511, 0.0037753873039, -0.00155244173948, 0.00208242563531, -0.00187204510439, -0.00242351787165, 0.000618991150986, -0.00100134918466, 0.00456065963954, -0.0108650280163, 0.0222692638636]]
    },
    "spectral_contrast_coeffs": {
        "max": [-0.471662193537, -0.475353300571, -0.510728597641, -0.560784995556, -0.632806837559, -0.559533894062],
        "mean": [-0.691560029984, -0.775818228722, -0.774547994137, -0.805349588394, -0.794542312622, -0.716653048992],
        "min": [-0.884524405003, -0.928730964661, -0.938873887062, -0.904225766659, -0.900715112686, -0.847792863846],
        "stdev": [0.0675780549645, 0.0678497850895, 0.0632442310452, 0.0473416671157, 0.0333302430809, 0.0376464501023]
    },
    "spectral_contrast_valleys": {
        "max": [-5.29640626907, -5.55900669098, -5.70229291916, -6.08077669144, -5.28712558746, -7.40719747543],
        "mean": [-6.76755571365, -7.11797189713, -7.59028911591, -7.70003557205, -6.94500017166, -9.54565238953],
        "min": [-8.63350772858, -9.24587249756, -9.97250747681, -9.75541400909, -9.22183036804, -12.6037578583],
        "stdev": [0.64220559597, 0.616136848927, 0.660507440567, 0.608235299587, 0.569813907146, 0.821728169918]
    }
},
"rhythm": {
    "beats_count": 120,
    "beats_loudness": {
        "max": 0.0702711418271,
        "mean": 0.0350830070674,
        "min": 0.0152977751568,
        "stdev": 0.012964646332
    },
    "bpm": 148.99230957,
    "bpm_histogram_first_peak_bpm": 148,
    "bpm_histogram_first_peak_weight": 0.487394928932,
    "bpm_histogram_second_peak_bpm": 0,
    "bpm_histogram_second_peak_spread": 0,
    "bpm_histogram_second_peak_weight": 0,
    "danceability": 1.3761177063,
    "onset_rate": 3.896484375,
    "beats_loudness_band_ratio": {
        "max": [0.955545186996, 0.237711906433, 0.327334702015, 0.503353238106, 0.470765590668, 0.578923463821],
        "mean": [0.556566596031, 0.0501859597862, 0.0618683025241, 0.0580484122038, 0.0748065412045, 0.21278770268],
        "min": [0.055633675307, 0.00528996670619, 0.00338850868866, 0.00593048986048, 0.00591823086143, 0.00745750544593],
        "stdev": [0.210653170943, 0.0433274097741, 0.0641424804926, 0.0644097104669, 0.0702504515648, 0.17633792758]
    },
