{
"metadata": {
    "version": {
        "essentia": "2.1-beta5",
        "essentia_git_sha": "Undefined",
        "extractor": "music 2.0"
    },
    "audio_properties": {
        "analysis": {
            "equal_loudness": 0,
            "length": 48.7502937317,
            "sample_rate": 44100,
            "start_time": 45.2440834045,
            "downmix": "mix"
        },
        "bit_rate": 192000,
        "length": 232.594284058,
        "lossless": 0,
        "number_channels": 2,
        "replay_gain": -3.27963638306,
        "sample_rate": 48000,
        "codec": "mp3",
        "md5_encoded": "0182229c7e78b395582c45ad1ac8e94f"
    },
    "tags": {
        "file_name": "United KingdomUK_I_m Never Giving Up_Sweet Dreams.mp3",
        "encoding": ["Lavf58.29.100"]
    }
},
"lowlevel": {
    "average_loudness": 0.978264093399,
    "barkbands_crest": {
        "max": 22.3725318909,
        "mean": 6.74000310898,
        "min": 2.47577261925,
        "stdev": 2.85183930397
    },
    "barkbands_flatness_db": {
        "max": 0.218122407794,
        "mean": 0.107422992587,
        "min": 0.0428857244551,
        "stdev": 0.0230601150542
    },
    "barkbands_kurtosis": {
        "max": 10.5858469009,
        "mean": -0.37445679307,
        "min": -1.81793498993,
        "stdev": 1.52656877041
    },
    "barkbands_skewness": {
        "max": 3.31933450699,
        "mean": 0.335361450911,
        "min": -3.17915344238,
        "stdev": 0.790481507778
    },
    "barkbands_spread": {
        "max": 71.4139862061,
        "mean": 36.0401802063,
        "min": 8.46128368378,
        "stdev": 11.8579425812
    },
    "dissonance": {
        "max": 0.499928027391,
        "mean": 0.47726559639,
        "min": 0.33527559042,
        "stdev": 0.0173945929855
    },
    "dynamic_complexity": 1.20570886135,
    "erbbands_crest": {
        "max": 28.3527603149,
        "mean": 8.14869308472,
        "min": 2.9305934906,
        "stdev": 3.34356951714
    },
    "erbbands_flatness_db": {
        "max": 0.262469828129,
        "mean": 0.168271869421,
        "min": 0.0796611309052,
        "stdev": 0.0328242145479
    },
    "erbbands_kurtosis": {
        "max": 27.9513988495,
        "mean": 0.147747382522,
        "min": -1.69861316681,
        "stdev": 1.87755894661
    },
    "erbbands_skewness": {
        "max": 1.92404508591,
        "mean": -0.424913048744,
        "min": -4.58387231827,
        "stdev": 0.774622142315
    },
    "erbbands_spread": {
        "max": 110.470466614,
        "mean": 39.0995178223,
        "min": 8.61637496948,
        "stdev": 15.2414636612
    },
    "hfc": {
        "max": 126.347732544,
        "mean": 30.5738162994,
        "min": 0.39127227664,
        "stdev": 15.3241682053
    },
    "loudness_ebu128": {
        "integrated": -20.2921466827,
        "loudness_range": 1.04758453369,
        "momentary": {
            "max": -18.3213233948,
            "mean": -20.3970298767,
            "min": -23.5495166779,
            "stdev": 0.986639082432
        },
        "short_term": {
            "max": -19.5157966614,
            "mean": -20.3096618652,
            "min": -21.4930019379,
            "stdev": 0.379538327456
        }
    },
    "melbands_crest": {
        "max": 26.4993171692,
        "mean": 9.66832351685,
        "min": 2.84523630142,
        "stdev": 4.20880079269
    },
    "melbands_flatness_db": {
        "max": 0.245394423604,
        "mean": 0.113035582006,
        "min": 0.0289846453816,
        "stdev": 0.0342717915773
    },
    "melbands_kurtosis": {
        "max": 60.9991073608,
        "mean": 3.33254432678,
        "min": -1.8799021244,
        "stdev": 6.17082929611
    },
    "melbands_skewness": {
        "max": 7.29769182205,
        "mean": 1.52178275585,
        "min": -0.627150177956,
        "stdev": 1.06189525127
    },
    "melbands_spread": {
        "max": 240.440490723,
        "mean": 54.2904624939,
        "min": 8.46765327454,
        "stdev": 26.1215000153
    },
    "pitch_salience": {
        "max": 0.82926005125,
        "mean": 0.623118579388,
        "min": 0.314122140408,
        "stdev": 0.082776799798
    },
    "silence_rate_20dB": {
        "max": 1,
        "mean": 1,
        "min": 1,
        "stdev": 0
    },
    "silence_rate_30dB": {
        "max": 1,
        "mean": 1,
        "min": 1,
        "stdev": 0
    },
    "silence_rate_60dB": {
        "max": 1,
        "mean": 0.000951927679125,
        "min": 0,
        "stdev": 0.0308388415724
    },
    "spectral_centroid": {
        "max": 5195.46337891,
        "mean": 2455.70385742,
        "min": 553.799926758,
        "stdev": 612.487670898
    },
    "spectral_complexity": {
        "max": 55,
        "mean": 25.9405040741,
        "min": 1,
        "stdev": 8.55877017975
    },
    "spectral_decrease": {
        "max": -9.11595451902e-11,
        "mean": -4.04771416385e-09,
        "min": -1.44673499847e-08,
        "stdev": 1.76964543019e-09
    },
    "spectral_energy": {
        "max": 0.0579004995525,
        "mean": 0.0180501490831,
        "min": 0.000379547447665,
        "stdev": 0.00737028988078
    },
    "spectral_energyband_high": {
        "max": 0.0185647420585,
        "mean": 0.00228884699754,
        "min": 8.89529928827e-06,
        "stdev": 0.0019466081867
    },
    "spectral_energyband_low": {
        "max": 0.0300924964249,
        "mean": 0.00249164970592,
        "min": 7.5542329796e-06,
        "stdev": 0.0037036316935
    },
    "spectral_energyband_middle_high": {
        "max": 0.0221825595945,
        "mean": 0.00720759062096,
        "min": 0.00021041315631,
        "stdev": 0.00425342144445
    },
    "spectral_energyband_middle_low": {
        "max": 0.0442558899522,
        "mean": 0.00708163809031,
        "min": 0.000197381377802,
        "stdev": 0.00508923083544
    },
    "spectral_entropy": {
        "max": 8.48757457733,
        "mean": 7.78667259216,
        "min": 6.95238637924,
        "stdev": 0.240147948265
    },
    "spectral_flux": {
        "max": 0.214325621724,
        "mean": 0.0808084458113,
        "min": 0.0227687358856,
        "stdev": 0.027183573693
    },
    "spectral_kurtosis": {
        "max": 16.4760169983,
        "mean": 2.46330213547,
        "min": -0.475209951401,
        "stdev": 1.39660906792
    },
    "spectral_rms": {
        "max": 0.00751586956903,
        "mean": 0.00410958658904,
        "min": 0.000608514761552,
        "stdev": 0.000849218457006
    },
    "spectral_rolloff": {
        "max": 7859.61914062,
        "mean": 3358.91601562,
        "min": 236.865234375,
        "stdev": 1255.36206055
    },
    "spectral_skewness": {
        "max": 3.1617000103,
        "mean": 0.904193818569,
        "min": -0.235147237778,
        "stdev": 0.275261282921
    },
    "spectral_spread": {
        "max": 9161954,
        "mean": 4183483.5,
        "min": 1943481.5,
        "stdev": 1031140.8125
    },
    "spectral_strongpeak": {
        "max": 15.6736526489,
        "mean": 1.5870102644,
        "min": 0,
        "stdev": 1.7642172575
    },
    "zerocrossingrate": {
        "max": 0.3017578125,
        "mean": 0.105719052255,
        "min": 0.0146484375,
        "stdev": 0.0292453914881
    },
    "barkbands": {
        "max": [0.000648730667308, 0.0202691089362, 0.014789391309, 0.0263846423477, 0.0293097794056, 0.0149398706853, 0.00996988080442, 0.0142858857289, 0.0160358790308, 0.0164167135954, 0.0108494358137, 0.0135119343176, 0.00349205499515, 0.0100756976753, 0.0166171193123, 0.00671026762575, 0.00841639563441, 0.0106882667169, 0.00926735531539, 0.0119102858007, 0.00847665313631, 0.00668861530721, 0.0118233663961, 0.00347307068296, 0.00060693785781, 9.2933230917e-05, 3.82342648209e-07],
        "mean": [5.12912556587e-05, 0.00101499387529, 0.000929961795919, 0.00106542697176, 0.00189959653653, 0.00111328519415, 0.000890415452886, 0.000707088736817, 0.000603889580816, 0.00121907854918, 0.000526255054865, 0.000700269301888, 0.00021226159879, 0.000688539526891, 0.000469402380986, 0.000436875678133, 0.000630656140856, 0.00110250676516, 0.00100055360235, 0.00118833628949, 0.000627126719337, 0.000437393842731, 0.000322758016409, 0.000141456053825, 6.22716615908e-05, 8.46070452099e-06, 2.61115040701e-09],
        "min": [3.05335738915e-08, 2.20539777729e-06, 8.30509236494e-07, 6.80780715356e-07, 1.02883423097e-05, 5.83454038861e-06, 7.89597288531e-06, 6.90546448823e-06, 1.97898748411e-06, 4.45481555289e-06, 2.88818864647e-06, 2.37585823015e-06, 2.3337984203e-06, 1.52538552811e-06, 1.88095782505e-06, 2.94308415505e-06, 3.78623849429e-06, 5.4537208598e-06, 7.32115495339e-06, 4.24194968218e-06, 2.70262876256e-06, 1.01851537693e-06, 1.62077060395e-06, 3.06306105813e-07, 1.4805196713e-07, 1.66734415163e-09, 7.40487463013e-11],
        "stdev": [6.41806327621e-05, 0.00158284173813, 0.00172776449472, 0.00256650219671, 0.00257134763524, 0.00125311780721, 0.00106150400825, 0.00119076122064, 0.00121080572717, 0.00206241034903, 0.000918140052818, 0.00131545355543, 0.000405672617489, 0.0011755998712, 0.000928860215936, 0.00068907457171, 0.00080610223813, 0.00113705324475, 0.0010430617258, 0.00123163301032, 0.000657264434267, 0.000571654411033, 0.000553975871298, 0.000192158040591, 7.55354849389e-05, 1.21763960124e-05, 1.38105509251e-08]
    },
    "erbbands": {
        "max": [0.311084240675, 5.64212274551, 15.3213014603, 56.7243461609, 79.7694473267, 145.771560669, 106.866088867, 183.133392334, 183.379898071, 220.007675171, 279.843933105, 500.109558105, 582.129638672, 249.957199097, 453.660125732, 692.82409668, 184.63319397, 489.044799805, 955.747314453, 395.684539795, 407.309875488, 521.534362793, 725.259216309, 641.623901367, 628.810119629, 501.739196777, 418.543151855, 471.334075928, 243.2631073, 331.323944092, 318.366912842, 133.38269043, 34.6992378235, 6.79769229889, 4.10187911987, 0.799714684486, 0.112793155015, 0.00575398094952, 0.000188012098079, 7.80771879363e-05],
        "mean": [0.0230002366006, 0.255302131176, 1.00708591938, 2.45243811607, 4.83642578125, 6.7474694252, 7.10194015503, 9.22852420807, 12.8479986191, 14.3975524902, 15.375128746, 16.1473636627, 41.8449859619, 18.7567367554, 24.859746933, 32.3219604492, 13.5331449509, 34.6104393005, 25.7264766693, 26.34034729, 23.1872425079, 34.8437271118, 55.4324150085, 58.0912132263, 48.5427055359, 57.4972724915, 38.4008178711, 18.7760219574, 15.6565732956, 12.9129486084, 8.32509899139, 3.95383810997, 1.90765726566, 0.781371414661, 0.400906056166, 0.0825666934252, 0.00914633553475, 0.0003866769257, 3.06860856654e-05, 2.76301034319e-05],
        "min": [6.16411925876e-05, 0.000533998652827, 0.00288487691432, 0.00630387570709, 0.0217748563737, 0.0385156944394, 0.0378152690828, 0.0542219281197, 0.0946114733815, 0.137061715126, 0.239977583289, 0.201886668801, 0.194793999195, 0.156835511327, 0.130015045404, 0.126235604286, 0.134634450078, 0.0869794413447, 0.13483056426, 0.185022979975, 0.155300155282, 0.250342816114, 0.348435252905, 0.225209921598, 0.344961792231, 0.225135102868, 0.140340939164, 0.0959036126733, 0.0411272533238, 0.0418660230935, 0.0457920879126, 0.0126983858645, 0.0035803692881, 0.00160174316261, 0.00107249885332, 0.000295083795208, 3.90342065657e-05, 4.92987828693e-06, 2.33601804212e-06, 1.35464836148e-06],
        "stdev": [0.0286859795451, 0.442691504955, 1.88806295395, 5.02585458755, 8.39133834839, 10.7856273651, 9.10838508606, 11.0320110321, 14.6707811356, 20.9436779022, 25.8296337128, 34.2780647278, 75.4755859375, 27.0595970154, 42.4984703064, 62.9991989136, 21.2221088409, 56.970413208, 52.6575698853, 38.7409439087, 33.0413169861, 40.9500083923, 55.4462509155, 62.0567932129, 54.481803894, 57.2177009583, 38.7760543823, 21.3373756409, 20.3940830231, 19.4297904968, 15.3031778336, 6.22911977768, 2.35657167435, 0.903187930584, 0.507296621799, 0.114088840783, 0.0134442290291, 0.000597691105213, 2.2752359655e-05, 1.1053966773e-05]
    },
    "gfcc": {
        "mean": [21.2914562225, 73.0376968384, -148.661254883, 61.0432243347, -78.9961090088, 10.7080574036, -39.238571167, 10.7437753677, -26.7242946625, -1.97846710682, -10.6395463943, -4.06204891205, -6.3023891449],
        "cov": [[716.911132812, -276.349914551, 75.9154052734, 53.0346298218, -25.7521095276, 79.12840271, -8.44736003876, 26.0710296631, -61.5200653076, 57.9584274292, -49.4608917236, -9.42277622223, -49.7803726196], [-276.349914551, 526.417785645, -116.559638977, -37.3873558044, 51.0438804626, -70.5934524536, 81.2548828125, -67.834274292, 44.7830200195, -74.6292877197, 68.4410095215, -38.3718948364, 33.2687759399], [75.9154052734, -116.559638977, 593.816101074, 143.612075806, -23.7393817902, 63.8116531372, -157.565963745, 55.9109840393, -9.07995796204, 14.3555593491, -118.412406921, 69.6083908081, -81.6079406738], [53.0346298218, -37.3873558044, 143.612075806, 356.625183105, 36.1132774353, -96.8704910278, -37.2946929932, 12.3793754578, 78.0310134888, -59.5248641968, -32.3517379761, 1.60261797905, 4.25673437119], [-25.7521095276, 51.0438804626, -23.7393817902, 36.1132774353, 139.264083862, 21.8659324646, 0.223965838552, 16.4981632233, -8.1674861908, 12.5117111206, -0.880644619465, -8.88239860535, 17.1267223358], [79.12840271, -70.5934524536, 63.8116531372, -96.8704910278, 21.8659324646, 207.663589478, 34.4292259216, -28.0137557983, -61.24792099, 43.3821640015, 1.49266648293, 3.7046880722, -19.4126091003], [-8.44736003876, 81.2548828125, -157.565963745, -37.2946929932, 0.223965838552, 34.4292259216, 150.420959473, -2.44368600845, -7.91938781738, -17.475687027, 41.8107833862, -31.1015663147, 16.3220996857], [26.0710296631, -67.834274292, 55.9109840393, 12.3793754578, 16.4981632233, -28.0137557983, -2.44368600845, 127.324386597, 29.9256896973, 3.45638632774, -35.8749809265, 15.2363166809, -2.80356478691], [-61.5200653076, 44.7830200195, -9.07995796204, 78.0310134888, -8.1674861908, -61.24792099, -7.91938781738, 29.9256896973, 108.496635437, -14.2580223083, -8.92541599274, 0.488883048296, 16.0946426392], [57.9584274292, -74.6292877197, 14.3555593491, -59.5248641968, 12.5117111206, 43.3821640015, -17.475687027, 3.45638632774, -14.2580223083, 102.648506165, 13.8200778961, -1.50476586819, -5.45301008224], [-49.4608917236, 68.4410095215, -118.412406921, -32.3517379761, -0.880644619465, 1.49266648293, 41.8107833862, -35.8749809265, -8.92541599274, 13.8200778961, 104.538894653, 0.897866427898, 6.51236343384], [-9.42277622223, -38.3718948364, 69.6083908081, 1.60261797905, -8.88239860535, 3.7046880722, -31.1015663147, 15.2363166809, 0.488883048296, -1.50476586819, 0.897866427898, 78.718963623, 4.48861598969], [-49.7803726196, 33.2687759399, -81.6079406738, 4.25673437119, 17.1267223358, -19.4126091003, 16.3220996857, -2.80356478691, 16.0946426392, -5.45301008224, 6.51236343384, 4.48861598969, 84.1484451294]],
        "icov": [[0.00220973673277, -0.000244048467721, 0.00146834249608, -0.00219135801308, 0.00193281134125, -0.00168591784313, 0.000794950523414, -0.00156420248095, 0.00242841383442, -0.00207879138179, 0.00178433698602, -0.000339321268257, 0.00123078282923], [-0.000244048467721, 0.00842995755374, -0.00715885031968, 0.00842977501452, -0.00957562960684, 0.00831243675202, -0.00835008174181, 0.00922416802496, -0.00861298665404, 0.00767071265727, -0.00644984282553, 0.00410611880943, -0.00262826657854], [0.00146834249608, -0.00715885031968, 0.0123466178775, -0.0113539490849, 0.011250722222, -0.0113258045167, 0.0114783691242, -0.0107662174851, 0.0100937848911, -0.00826326571405, 0.00946467276663, -0.006243634969, 0.00589386606589], [-0.00219135801308, 0.00842977501452, -0.0113539490849, 0.0161376334727, -0.0141113502905, 0.0127000957727, -0.0106718949974, 0.0125841936097, -0.013998108916, 0.0114876627922, -0.00862389151007, 0.00536971865222, -0.00436268560588], [0.00193281134125, -0.00957562960684, 0.011250722222, -0.0141113502905, 0.021895987913, -0.0137692708522, 0.0125573817641, -0.0148119460791, 0.0139387771487, -0.0111568840221, 0.00839865300804, -0.00366883492097, 0.00214862823486], [-0.00168591784313, 0.00831243675202, -0.0113258045167, 0.0127000957727, -0.0137692708522, 0.0192579645663, -0.0144826117903, 0.0139357754961, -0.0088316667825, 0.00606427108869, -0.00635126791894, 0.00314066768624, -0.00298525905237], [0.000794950523414, -0.00835008174181, 0.0114783691242, -0.0106718949974, 0.0125573817641, -0.0144826117903, 0.0224069673568, -0.0142397778109, 0.0102358674631, -0.00434160791337, 0.00331768835895, -0.000513303966727, 0.00225721439347], [-0.00156420248095, 0.00922416802496, -0.0107662174851, 0.0125841936097, -0.0148119460791, 0.0139357754961, -0.0142397778109, 0.023133687675, -0.0142838386819, 0.00753130624071, -0.0038450434804, 0.00155865342822, -0.00245309830643], [0.00242841383442, -0.00861298665404, 0.0100937848911, -0.013998108916, 0.0139387771487, -0.0088316667825, 0.0102358674631, -0.0142838386819, 0.0248304829001, -0.0105578480288, 0.00855668075383, -0.0043266271241, 0.00213846983388], [-0.00207879138179, 0.00767071265727, -0.00826326571405, 0.0114876627922, -0.0111568840221, 0.00606427108869, -0.00434160791337, 0.00753130624071, -0.0105578480288, 0.0220458116382, -0.0112859988585, 0.00669719371945, -0.00413038209081], [0.00178433698602, -0.00644984282553, 0.00946467276663, -0.00862389151007, 0.00839865300804, -0.00635126791894, 0.00331768835895, -0.0038450434804, 0.00855668075383, -0.0112859988585, 0.022144338116, -0.00866642594337, 0.00565508659929], [-0.000339321268257, 0.00410611880943, -0.006243634969, 0.00536971865222, -0.00366883492097, 0.00314066768624, -0.000513303966727, 0.00155865342822, -0.0043266271241, 0.00669719371945, -0.00866642594337, 0.0195851512253, -0.00564061524346], [0.00123078282923, -0.00262826657854, 0.00589386606589, -0.00436268560588, 0.00214862823486, -0.00298525905237, 0.00225721439347, -0.00245309830643, 0.00213846983388, -0.00413038209081, 0.00565508659929, -0.00564061524346, 0.0171285904944]]
    },
    "melbands": {
        "max": [0.00410503149033, 0.00719936424866, 0.0100951315835, 0.00479834480211, 0.00476754782721, 0.00355306081474, 0.00230077840388, 0.00286258780397, 0.00227668881416, 0.00284932507202, 0.00295376125723, 0.00106225698255, 0.00177609245293, 0.00145448930562, 0.000810627592728, 0.000454691937193, 0.00112449587323, 0.0013297079131, 0.000786527758464, 0.000593944743741, 0.000565859256312, 0.000530070683453, 0.00071701395791, 0.000405138795031, 0.000583318353165, 0.000405061378842, 0.000740241317544, 0.000475350301713, 0.000286328955553, 0.000169696577359, 0.000358700577635, 0.000154322056915, 0.000154928726261, 0.000213636798435, 0.000226535281399, 0.00011967113096, 5.98692822678e-05, 3.14551507472e-05, 8.20929290057e-06, 6.31443754173e-06],
        "mean": [0.000245989387622, 0.000469672610052, 0.000497425091453, 0.000415465183323, 0.000266458198894, 0.00021516533161, 0.000195263666683, 0.000151753847604, 0.000125078076962, 9.55544310273e-05, 0.000207079210668, 7.10238455213e-05, 7.8756660514e-05, 8.44459354994e-05, 4.92439176014e-05, 2.36950672843e-05, 7.23594275769e-05, 4.07915576943e-05, 3.31461596943e-05, 3.4870714444e-05, 2.6525620342e-05, 3.13963428198e-05, 5.33049096703e-05, 5.00462301716e-05, 4.72628016723e-05, 3.3577081922e-05, 3.49822585122e-05, 3.9337475755e-05, 2.77283907053e-05, 1.47727896547e-05, 9.70041037363e-06, 9.32708917389e-06, 7.48956426833e-06, 7.04521789885e-06, 5.17565922564e-06, 3.29008435074e-06, 2.03252443498e-06, 1.47278149143e-06, 8.59630176819e-07, 6.09027267728e-07],
        "min": [6.16779345819e-07, 1.28790054532e-06, 1.93114988178e-06, 2.21411482926e-06, 1.44823945902e-06, 1.20173604046e-06, 1.51436859142e-06, 1.4917018234e-06, 1.55197926688e-06, 3.72844482399e-07, 7.22138963738e-07, 3.70481274103e-07, 4.11274896805e-07, 3.39131020155e-07, 1.58500043312e-07, 2.32372059372e-07, 1.3977033575e-07, 1.8739689267e-07, 1.53352331722e-07, 2.94965303738e-07, 1.43780880535e-07, 2.07442397482e-07, 3.75736249225e-07, 2.36533850284e-07, 1.44456606677e-07, 3.62118271369e-07, 8.31893558484e-08, 1.6236846534e-07, 9.72077316419e-08, 8.23773262937e-08, 3.72653339298e-08, 2.25163123702e-08, 1.78606462953e-08, 2.64860187116e-08, 3.36459109462e-08, 1.18735092869e-08, 6.17169559902e-09, 2.71539701835e-09, 1.28609523031e-09, 1.47542733586e-09],
        "stdev": [0.000340844446328, 0.000818337895907, 0.000980566372164, 0.000570887466893, 0.000364398991223, 0.000246498151682, 0.000218764776946, 0.000231227895711, 0.000212701925193, 0.000199580797926, 0.000382335536415, 0.000113538488222, 0.000138766525197, 0.000152721768245, 8.13635560917e-05, 4.18756353611e-05, 0.000128475105157, 8.47717310535e-05, 5.3448467952e-05, 5.74847617827e-05, 4.51711275673e-05, 4.33796558355e-05, 6.28436755505e-05, 5.44476315554e-05, 5.56301674806e-05, 3.90848726965e-05, 4.49259932793e-05, 4.31189073424e-05, 3.15109864459e-05, 1.66012323461e-05, 1.39127023431e-05, 1.29504824145e-05, 1.10292266982e-05, 1.13785490612e-05, 1.03752354335e-05, 5.66813150726e-06, 3.1356398722e-06, 1.95578445528e-06, 9.93407297756e-07, 7.51176173708e-07]
    },
    "melbands128": {
        "max": [0.000572885386646, 0.0023707121145, 0.00562519580126, 0.0109268054366, 0.0102161439136, 0.00761201092973, 0.0118349725381, 0.0137477545068, 0.00926418509334, 0.00869123451412, 0.0110443010926, 0.0104498369619, 0.00410575512797, 0.00563191296533, 0.00657433085144, 0.00472504226491, 0.00579737313092, 0.00328773260117, 0.00315680238418, 0.00378946587443, 0.00567087670788, 0.00339252944104, 0.00422089453787, 0.00351000740193, 0.00634823320433, 0.00229219603352, 0.0033217696473, 0.00564969377592, 0.00283089117147, 0.0019940440543, 0.0016544527607, 0.0014369249111, 0.00370083050802, 0.00330520910211, 0.00164180493448, 0.0026800094638, 0.00317691941746, 0.000802671245765, 0.000872457807418, 0.000925604836084, 0.000756448949687, 0.000972054782324, 0.00153612275608, 0.00221189227886, 0.000990145839751, 0.00247393222526, 0.00406239973381, 0.000875401659869, 0.000893368560355, 0.00144720915705, 0.00124555046204, 0.000641988881398, 0.00100707146339, 0.00103313289583, 0.000955876894295, 0.0011270926334, 0.00165811984334, 0.00141978310421, 0.00179967726581, 0.00136893161107, 0.000784669187851, 0.000960972160101, 0.00168965919875, 0.000960015284363, 0.00110742799006, 0.000705660320818, 0.000732467742637, 0.000639843696263, 0.00143600790761, 0.000489541620482, 0.000512200815137, 0.000888555834536, 0.000668674125336, 0.000542312569451, 0.000464360171463, 0.000316284946166, 0.000413435132941, 0.000182418953045, 0.000631193339359, 0.000317118538078, 0.000236654479522, 0.000186153469258, 0.000153392684297, 0.000190770049812, 0.000209826699574, 0.000261000299361, 0.000319070735713, 0.000327423069393, 0.000363150524208, 0.000206194090424, 0.000141384283779, 0.00014949477918, 9.07689973246e-05, 7.02835895936e-05, 3.12699485221e-05, 6.51285226922e-05, 2.48984870268e-05, 1.52842530952e-05, 1.40652482514e-05, 1.21045859487e-05, 4.19106436311e-06, 1.41298551171e-05, 1.00107263279e-05, 9.26088250708e-06, 6.99221163813e-06, 4.56743418908e-06, 5.11913322043e-06, 3.30088664668e-06, 2.11738483813e-06, 1.16851038001e-06, 8.37625634631e-07, 5.74290595523e-07, 2.92812075031e-07, 2.93433203069e-07, 1.1267708544e-07, 2.77179950103e-08, 7.92516097192e-09, 1.71163561102e-09, 1.68886604701e-09, 1.66760139031e-09, 1.66445246474e-09, 1.63185276403e-09, 1.62623714495e-09, 1.61698443524e-09, 1.5950341048e-09, 1.58122570593e-09, 1.57268642553e-09, 1.56515345129e-09],
        "mean": [4.25030848419e-05, 0.000157098518685, 0.000313080119668, 0.000449480663519, 0.000512919155881, 0.000440609001089, 0.000478276517242, 0.000549201911781, 0.000487467215862, 0.000404664402595, 0.000380838260753, 0.000324617780279, 0.000235805346165, 0.000201629387448, 0.000169610066223, 0.000268648116617, 0.000239405329921, 0.000170265469933, 0.000151116371853, 0.000184460353921, 0.000132271103212, 0.000108245469164, 0.000151003012434, 9.13726980798e-05, 0.000123668607557, 4.91768332722e-05, 0.000138854651595, 0.000357098091627, 0.000116705457913, 6.88517757226e-05, 5.83668406762e-05, 5.41395856999e-05, 9.70754990703e-05, 8.99373990251e-05, 4.35002912127e-05, 0.000103170073999, 0.000124948259327, 2.2399419322e-05, 2.66966962954e-05, 3.08502058033e-05, 1.32050008688e-05, 2.80387594103e-05, 7.55540313548e-05, 0.000118924537674, 2.10060879908e-05, 3.27151610691e-05, 5.12497135787e-05, 2.24441391765e-05, 2.6933321351e-05, 4.9203648814e-05, 3.53079740307e-05, 2.39802939177e-05, 2.19106386794e-05, 2.67286814051e-05, 3.895073678e-05, 2.36627784034e-05, 3.01943127852e-05, 6.04950910201e-05, 6.21366270934e-05, 3.9831342292e-05, 4.96176617162e-05, 5.39446773473e-05, 6.05663917668e-05, 4.26347687608e-05, 3.04449058603e-05, 2.97014958051e-05, 4.09160784329e-05, 3.21307416016e-05, 3.10815121338e-05, 4.21924960392e-05, 4.03114208893e-05, 3.89605374949e-05, 3.48532739736e-05, 2.61190998572e-05, 1.80036495294e-05, 1.80172737601e-05, 1.16849778351e-05, 8.34677666717e-06, 9.68313815974e-06, 1.08102331069e-05, 1.00232291516e-05, 8.53160236147e-06, 7.81513153925e-06, 7.27952919988e-06, 7.31770614948e-06, 7.49166611058e-06, 7.25669178792e-06, 5.67872393731e-06, 5.47615900359e-06, 4.37967128164e-06, 3.59842078979e-06, 3.06538595396e-06, 2.5973731681e-06, 1.94410472432e-06, 1.76674143404e-06, 1.69887539414e-06, 1.4710128653e-06, 1.00630165889e-06, 1.02471187802e-06, 7.2211173574e-07, 3.75869802838e-07, 6.61349019992e-07, 7.74081570398e-07, 5.69766257286e-07, 4.7221928412e-07, 3.43212974485e-07, 2.72589232964e-07, 1.54372145289e-07, 1.22789785451e-07, 8.60707629613e-08, 4.98904988433e-08, 3.62814205346e-08, 1.40601743581e-08, 1.28220039031e-08, 4.05425648609e-09, 4.09268230417e-10, 7.09666839183e-11, 4.61951223801e-12, 4.34508679037e-12, 4.22356984456e-12, 4.1211322549e-12, 4.03550543676e-12, 3.98124155171e-12, 3.90316858695e-12, 3.73999225686e-12, 3.50416006975e-12, 3.37215737105e-12, 3.3379486241e-12],
        "min": [2.87838419766e-09, 2.27236668593e-07, 2.01958599177e-07, 6.66192136123e-07, 1.0144776752e-06, 3.7123456309e-07, 3.40734629845e-07, 4.90152331167e-07, 9.01682597032e-07, 8.01451392363e-07, 9.41244877595e-07, 5.18850470144e-07, 2.89211726567e-07, 5.10630059125e-07, 1.23303937016e-06, 1.20616368804e-06, 1.16678882023e-06, 6.9616004339e-07, 5.17490889251e-07, 4.11308178627e-07, 2.23234096097e-07, 4.488382217e-07, 3.59495885505e-07, 2.39233713728e-07, 8.68996039571e-08, 9.43045677104e-08, 1.56353266334e-07, 2.71985811651e-07, 2.09875025803e-07, 1.1814834977e-07, 1.28678891542e-07, 1.52509088025e-07, 1.51382181457e-07, 1.01719436429e-07, 7.0633142002e-08, 7.3669909284e-08, 3.18185584547e-08, 9.1272383429e-08, 7.63071668075e-08, 6.50767191246e-08, 8.26345001315e-08, 2.32102355113e-08, 4.19838457333e-08, 3.83301212992e-08, 2.72713585048e-08, 7.65828787053e-08, 7.78686910508e-08, 3.90476095902e-08, 8.47508303536e-08, 6.41298072424e-08, 7.33982901124e-08, 1.07067201327e-07, 4.97020522516e-08, 2.80923799778e-08, 4.90881966186e-08, 1.05662877559e-07, 2.10597647765e-07, 3.01983988038e-07, 4.12006215811e-07, 3.15390508376e-07, 1.75860037643e-07, 6.19787030587e-08, 1.07091381096e-07, 1.08108238805e-07, 6.53228724445e-08, 2.49889353654e-07, 2.63745306484e-07, 3.63915084733e-08, 2.31441177334e-08, 1.67439665688e-07, 1.07774042135e-07, 4.03081727995e-08, 8.80728237007e-08, 6.94908521837e-08, 5.19511438313e-08, 5.79603636197e-08, 8.64371472176e-08, 3.38159686919e-08, 1.60154058904e-08, 1.12810516484e-08, 1.92212503691e-08, 2.9138941926e-08, 2.59044927731e-08, 9.28421428625e-09, 2.27713723433e-08, 1.4142615079e-08, 3.53869893388e-08, 3.62671421783e-08, 3.52645770363e-08, 1.94143261467e-08, 8.83681927633e-09, 1.64678031211e-08, 2.63245159005e-09, 6.40547304087e-09, 1.77859271755e-09, 6.55729637256e-10, 1.09527642511e-09, 2.04395744774e-09, 1.39064837423e-09, 9.86009163206e-10, 6.44586675702e-11, 4.93913576705e-10, 3.08285286188e-10, 2.51465470669e-09, 1.45280759645e-10, 5.248241286e-10, 2.06043793138e-10, 4.26009184526e-12, 1.65407722241e-11, 2.7544695691e-11, 3.47939450689e-12, 5.81944160829e-13, 3.99268427565e-13, 2.84075009609e-13, 2.31929167711e-13, 1.92608068709e-13, 2.22828699936e-13, 2.70766075576e-13, 2.18428031738e-13, 2.34091636049e-13, 2.23372400221e-13, 2.1199455223e-13, 2.41141579361e-13, 2.19941998099e-13, 1.7566052508e-13, 6.27056932312e-14, 7.30757346453e-15, 1.59144348544e-16],
        "stdev": [5.60982844036e-05, 0.000200696420507, 0.000486489210743, 0.00084815826267, 0.00104450597428, 0.000802160124294, 0.00099247158505, 0.00140213489067, 0.000916563614737, 0.000632733164821, 0.000743857817724, 0.000680154713336, 0.000338352198014, 0.000354749528924, 0.000276006758213, 0.000380918238079, 0.000339049525792, 0.000303093198454, 0.000252227531746, 0.000340213504387, 0.000343682331732, 0.000226176489377, 0.000353067443939, 0.000217075081309, 0.000409175612731, 0.00013374898117, 0.000252644415013, 0.000737730530091, 0.00027953859535, 0.000167020276422, 0.000135922469781, 0.000128430023324, 0.000219947643927, 0.000265415641479, 0.000115118309623, 0.000249971984886, 0.000285914167762, 5.26750045537e-05, 6.64449980832e-05, 8.55769758346e-05, 4.28467064921e-05, 5.58049250685e-05, 0.00014424668916, 0.000270796066616, 5.56791637791e-05, 0.000130104206619, 0.000167304402567, 5.54151956749e-05, 7.12943656254e-05, 0.000110590895929, 8.82402164279e-05, 5.76882302994e-05, 6.55677577015e-05, 6.81840538164e-05, 8.48790659802e-05, 5.4705869843e-05, 6.91464010742e-05, 9.38173034228e-05, 9.64908613241e-05, 6.53843162581e-05, 7.61442934163e-05, 9.26391803659e-05, 0.000107796673547, 6.71477318974e-05, 6.01907049713e-05, 4.63489195681e-05, 6.567993114e-05, 5.59272048122e-05, 6.69253931846e-05, 5.6827255321e-05, 5.68989380554e-05, 7.16526628821e-05, 5.54309153813e-05, 3.92813817598e-05, 3.12109914375e-05, 2.46351100941e-05, 2.03033687285e-05, 1.29743129946e-05, 1.94305321202e-05, 1.84687924047e-05, 1.77895108209e-05, 1.31906072056e-05, 1.17469217003e-05, 1.253746359e-05, 1.2333347513e-05, 1.3173717889e-05, 1.32338391268e-05, 1.19775222629e-05, 1.30661219373e-05, 8.9612976808e-06, 6.83565804138e-06, 5.96666677666e-06, 4.60611863673e-06, 3.62340551874e-06, 2.5212766559e-06, 2.75713432529e-06, 2.34893150264e-06, 1.32085403948e-06, 1.3616815977e-06, 1.01719297163e-06, 4.64826769075e-07, 1.01947671283e-06, 1.06109655462e-06, 7.96322581209e-07, 6.88036891461e-07, 4.99681220845e-07, 4.50056575119e-07, 2.36318740576e-07, 2.03652504638e-07, 1.32508361617e-07, 7.73674102561e-08, 6.14697839296e-08, 2.56769947526e-08, 2.76341598493e-08, 1.018724749e-08, 1.80652615089e-09, 3.99056537814e-10, 3.89715378024e-11, 3.80506112729e-11, 3.75082430393e-11, 3.73867811709e-11, 3.6647376106e-11, 3.64801244768e-11, 3.62317190139e-11, 3.57215888813e-11, 3.54220194843e-11, 3.52253573532e-11, 3.50535017679e-11]
    },
    "mfcc": {
        "mean": [-601.995239258, 80.0436172485, -9.44013690948, 37.6301498413, -9.97128677368, -0.81849437952, -2.772346735, 4.48174381256, -7.42920303345, 2.01130700111, -3.55140304565, -1.77965939045, -3.40919923782],
        "cov": [[756.987609863, -255.661422729, -60.6547889709, 10.5690832138, -57.1147956848, 36.7338066101, 54.1162910461, -22.5836982727, 6.61792850494, 30.4510307312, -10.6181030273, 23.6677093506, 11.9427804947], [-255.661422729, 487.45916748, -124.806732178, -78.9551010132, -41.9210014343, -0.251118719578, 38.7527008057, -0.883632481098, -35.4017181396, -3.2637295723, 15.9768009186, -34.3887367249, -0.964681446552], [-60.6547889709, -124.806732178, 525.80291748, 64.1080322266, 118.810272217, 37.7368240356, -93.3493728638, 35.8085098267, 16.4354743958, -51.4927253723, 38.2952270508, -13.3450965881, -37.1169471741], [10.5690832138, -78.9551010132, 64.1080322266, 365.674468994, 84.3176269531, -69.1574325562, -106.851287842, 48.6820144653, 41.1436271667, -11.100227356, -9.26696300507, 9.94020748138, 1.26297831535], [-57.1147956848, -41.9210014343, 118.810272217, 84.3176269531, 188.526107788, 1.42342948914, -40.6126556396, -1.2396466732, 40.19581604, -17.7907218933, -3.09269714355, 5.98228120804, -1.5116289854], [36.7338066101, -0.251118719578, 37.7368240356, -69.1574325562, 1.42342948914, 159.961715698, 60.0097236633, -20.4388828278, -25.3533840179, -0.607623159885, 5.88506984711, -17.6535511017, -10.0777177811], [54.1162910461, 38.7527008057, -93.3493728638, -106.851287842, -40.6126556396, 60.0097236633, 172.588684082, -12.0968990326, -31.33162117, 24.8842639923, -7.30835485458, 3.67645645142, 3.24799633026], [-22.5836982727, -0.883632481098, 35.8085098267, 48.6820144653, -1.2396466732, -20.4388828278, -12.0968990326, 117.023284912, 20.3098278046, -18.959859848, 12.6524963379, -1.71729815006, -6.0335187912], [6.61792850494, -35.4017181396, 16.4354743958, 41.1436271667, 40.19581604, -25.3533840179, -31.33162117, 20.3098278046, 118.64099884, 14.2011480331, -17.5144786835, 0.847375273705, -2.16042947769], [30.4510307312, -3.2637295723, -51.4927253723, -11.100227356, -17.7907218933, -0.607623159885, 24.8842639923, -18.959859848, 14.2011480331, 99.9688110352, 5.47655200958, -15.9227972031, -2.39879012108], [-10.6181030273, 15.9768009186, 38.2952270508, -9.26696300507, -3.09269714355, 5.88506984711, -7.30835485458, 12.6524963379, -17.5144786835, 5.47655200958, 85.8691177368, 4.03029584885, -17.2797164917], [23.6677093506, -34.3887367249, -13.3450965881, 9.94020748138, 5.98228120804, -17.6535511017, 3.67645645142, -1.71729815006, 0.847375273705, -15.9227972031, 4.03029584885, 90.4769897461, 24.9428844452], [11.9427804947, -0.964681446552, -37.1169471741, 1.26297831535, -1.5116289854, -10.0777177811, 3.24799633026, -6.0335187912, -2.16042947769, -2.39879012108, -17.2797164917, 24.9428844452, 67.0994110107]],
        "icov": [[0.00183713959996, 0.00107244076207, 0.000253598147538, -0.000293688295642, 0.000697632494848, -0.000403671641834, -0.000584441120736, 0.000342277286109, -0.000287883449346, -4.95507047162e-05, -0.000262531539192, -3.20724029734e-05, -0.000218328495976], [0.00107244076207, 0.00305231497623, 0.000796775042545, 0.000229462923016, 0.000237193307839, 4.51471678389e-05, -0.000507759745233, 1.57972760917e-06, 0.000236196487094, 0.000580844352953, -0.000917294819374, 0.00121882255189, -0.000334653246682], [0.000253598147538, 0.000796775042545, 0.00301623367704, 0.00021269415447, -0.00143717438914, -0.00107550795656, 0.00132627726998, -0.000746869773138, 0.000218226501602, 0.000907973211724, -0.00104289012961, 0.000426260114182, 0.00091798248468], [-0.000293688295642, 0.000229462923016, 0.00021269415447, 0.00410644710064, -0.0017018893268, 0.000815820123535, 0.00209718826227, -0.00174191826954, 0.000431705644587, -0.000636648910586, 0.000777258421294, -0.000316704827128, 0.000231004421948], [0.000697632494848, 0.000237193307839, -0.00143717438914, -0.0017018893268, 0.00778673123568, -0.000675245304592, -0.000510748883244, 0.00178801338188, -0.00255768909119, 0.0010188940214, -0.000170230967342, -0.000336008874001, -0.000589072238654], [-0.000403671641834, 4.51471678389e-05, -0.00107550795656, 0.000815820123535, -0.000675245304592, 0.0086210956797, -0.00306842080317, 0.00117463630158, 0.0007898134063, 0.000790929887444, -0.000465312303277, 0.00183217949234, 0.000248758471571], [-0.000584441120736, -0.000507759745233, 0.00132627726998, 0.00209718826227, -0.000510748883244, -0.00306842080317, 0.00972891226411, -0.00183972262312, 0.00194877036847, -0.0024448398035, 0.0017433949979, -0.00181120645721, 0.000779769557994], [0.000342277286109, 1.57972760917e-06, -0.000746869773138, -0.00174191826954, 0.00178801338188, 0.00117463630158, -0.00183972262312, 0.0107904784381, -0.00270010600798, 0.00282615167089, -0.00238789967261, 0.00105551385786, -0.000158438691869], [-0.000287883449346, 0.000236196487094, 0.000218226501602, 0.000431705644587, -0.00255768909119, 0.0007898134063, 0.00194877036847, -0.00270010600798, 0.0111883329228, -0.00304095167667, 0.00304292677902, -0.000766813696828, 0.00121130130719], [-4.95507047162e-05, 0.000580844352953, 0.000907973211724, -0.000636648910586, 0.0010188940214, 0.000790929887444, -0.0024448398035, 0.00282615167089, -0.00304095167667, 0.0128626208752, -0.00293551455252, 0.00325430976227, -0.000558141502552], [-0.000262531539192, -0.000917294819374, -0.00104289012961, 0.000777258421294, -0.000170230967342, -0.000465312303277, 0.0017433949979, -0.00238789967261, 0.00304292677902, -0.00293551455252, 0.0145991742611, -0.00299520394765, 0.00393526954576], [-3.20724029734e-05, 0.00121882255189, 0.000426260114182, -0.000316704827128, -0.000336008874001, 0.00183217949234, -0.00181120645721, 0.00105551385786, -0.000766813696828, 0.00325430976227, -0.00299520394765, 0.014260080643, -0.00526541518047], [-0.000218328495976, -0.000334653246682, 0.00091798248468, 0.000231004421948, -0.000589072238654, 0.000248758471571, 0.000779769557994, -0.000158438691869, 0.00121130130719, -0.000558141502552, 0.00393526954576, -0.00526541518047, 0.0184026416391]]
    },
    "spectral_contrast_coeffs": {
        "max": [-0.491507917643, -0.546739816666, -0.520511806011, -0.575545966625, -0.615957975388, -0.572973787785],
        "mean": [-0.723270118237, -0.75854164362, -0.73143517971, -0.763953387737, -0.756701052189, -0.716709434986],
        "min": [-0.954808175564, -0.931620299816, -0.903300046921, -0.8981782794, -0.873939752579, -0.844957530499],
        "stdev": [0.0571690611541, 0.0561596341431, 0.0686387345195, 0.0491104200482, 0.0443459488451, 0.043484210968]
    },
    "spectral_contrast_valleys": {
        "max": [-5.36192274094, -5.21290922165, -5.8183631897, -6.29769849777, -5.61180448532, -8.16158866882],
        "mean": [-6.83045578003, -6.67624998093, -7.47339630127, -7.62795639038, -6.75387239456, -9.74297618866],
        "min": [-8.67784976959, -8.18472290039, -8.81712818146, -9.34165763855, -8.73595333099, -12.5059156418],
        "stdev": [0.517054915428, 0.427680671215, 0.463947147131, 0.414334028959, 0.468115836382, 0.604500472546]
    }
},
"rhythm": {
    "beats_count": 115,
    "beats_loudness": {
        "max": 0.0436464771628,
        "mean": 0.0237474422902,
        "min": 0.0138140637428,
        "stdev": 0.00486057670787
    },
    "bpm": 142.848999023,
    "bpm_histogram_first_peak_bpm": 144,
    "bpm_histogram_first_peak_weight": 0.383928537369,
    "bpm_histogram_second_peak_bpm": 152,
    "bpm_histogram_second_peak_spread": 0,
    "bpm_histogram_second_peak_weight": 0.0175438597798,
    "danceability": 1.32157123089,
    "onset_rate": 4.1630859375,
    "beats_loudness_band_ratio": {
        "max": [0.836291790009, 0.444259285927, 0.735810220242, 0.614923298359, 0.444106668234, 0.564535260201],
        "mean": [0.315975546837, 0.130712211132, 0.143043041229, 0.107690081, 0.149509578943, 0.206074431539],
        "min": [0.0138258449733, 0.0284717716277, 0.0196261871606, 0.00469521665946, 0.0270059090108, 0.0312956608832],
        "stdev": [0.161858692765, 0.0770777985454, 0.112068735063, 0.106780678034, 0.0854963958263, 0.0988519787788]
    },
