{
"metadata": {
    "version": {
        "essentia": "2.1-beta5",
        "essentia_git_sha": "Undefined",
        "extractor": "music 2.0"
    },
    "audio_properties": {
        "analysis": {
            "equal_loudness": 0,
            "length": 44.7216110229,
            "sample_rate": 44100,
            "start_time": 126.502311707,
            "downmix": "mix"
        },
        "bit_rate": 192000,
        "length": 171.247161865,
        "lossless": 0,
        "number_channels": 2,
        "replay_gain": -9.97588157654,
        "sample_rate": 48000,
        "codec": "mp3",
        "md5_encoded": "6e9a11938c3a8cb9f44cb909df69256e"
    },
    "tags": {
        "file_name": "Turkey_Opera_Çetin Alp and the Short Wave.mp3",
        "encoding": ["Lavf58.29.100"]
    }
},
"lowlevel": {
    "average_loudness": 0.62589687109,
    "barkbands_crest": {
        "max": 26.2965049744,
        "mean": 9.44651794434,
        "min": 2.61444187164,
        "stdev": 3.72404670715
    },
    "barkbands_flatness_db": {
        "max": 0.472902417183,
        "mean": 0.175729468465,
        "min": 0.0451667271554,
        "stdev": 0.0531100705266
    },
    "barkbands_kurtosis": {
        "max": 729.419067383,
        "mean": 2.8853328228,
        "min": -1.71134459972,
        "stdev": 20.5205345154
    },
    "barkbands_skewness": {
        "max": 20.8712749481,
        "mean": 0.83075928688,
        "min": -1.57095694542,
        "stdev": 1.03335642815
    },
    "barkbands_spread": {
        "max": 76.1930084229,
        "mean": 16.3430328369,
        "min": 0.232094064355,
        "stdev": 8.34638500214
    },
    "dissonance": {
        "max": 0.499952673912,
        "mean": 0.448813617229,
        "min": 0.266770482063,
        "stdev": 0.0351000875235
    },
    "dynamic_complexity": 5.03635597229,
    "erbbands_crest": {
        "max": 26.9544181824,
        "mean": 11.6950731277,
        "min": 2.63138484955,
        "stdev": 4.49180364609
    },
    "erbbands_flatness_db": {
        "max": 0.442660778761,
        "mean": 0.238037869334,
        "min": 0.0623365081847,
        "stdev": 0.0563296116889
    },
    "erbbands_kurtosis": {
        "max": 71.006149292,
        "mean": 1.65967476368,
        "min": -1.84572041035,
        "stdev": 7.50089979172
    },
    "erbbands_skewness": {
        "max": 6.45097637177,
        "mean": 0.464512526989,
        "min": -2.30672907829,
        "stdev": 1.10725796223
    },
    "erbbands_spread": {
        "max": 112.220199585,
        "mean": 23.3869457245,
        "min": 1.4238781929,
        "stdev": 10.6185283661
    },
    "hfc": {
        "max": 81.0444641113,
        "mean": 17.7278995514,
        "min": 1.6602627511e-05,
        "stdev": 16.4522743225
    },
    "loudness_ebu128": {
        "integrated": -14.8639030457,
        "loudness_range": 7.71581459045,
        "momentary": {
            "max": -10.3687963486,
            "mean": -17.5352745056,
            "min": -69.4191818237,
            "stdev": 6.89286375046
        },
        "short_term": {
            "max": -11.3271188736,
            "mean": -15.9235391617,
            "min": -30.1185665131,
            "stdev": 3.35168170929
        }
    },
    "melbands_crest": {
        "max": 38.897403717,
        "mean": 12.3475914001,
        "min": 3.85404467583,
        "stdev": 4.838991642
    },
    "melbands_flatness_db": {
        "max": 0.488768965006,
        "mean": 0.212679743767,
        "min": 0.0388295091689,
        "stdev": 0.0659630000591
    },
    "melbands_kurtosis": {
        "max": 315.675750732,
        "mean": 4.41900157928,
        "min": -1.7044634819,
        "stdev": 12.0833425522
    },
    "melbands_skewness": {
        "max": 13.4316558838,
        "mean": 1.29201555252,
        "min": -1.04323351383,
        "stdev": 0.905474722385
    },
    "melbands_spread": {
        "max": 94.5813293457,
        "mean": 23.585647583,
        "min": 0.663525164127,
        "stdev": 11.9163770676
    },
    "pitch_salience": {
        "max": 0.832483768463,
        "mean": 0.565126657486,
        "min": 0.0515458248556,
        "stdev": 0.0939468592405
    },
    "silence_rate_20dB": {
        "max": 1,
        "mean": 1,
        "min": 1,
        "stdev": 0
    },
    "silence_rate_30dB": {
        "max": 1,
        "mean": 1,
        "min": 1,
        "stdev": 0
    },
    "silence_rate_60dB": {
        "max": 1,
        "mean": 0.15516346693,
        "min": 0,
        "stdev": 0.362062305212
    },
    "spectral_centroid": {
        "max": 2816.28320312,
        "mean": 1350.24658203,
        "min": 360.08392334,
        "stdev": 482.716827393
    },
    "spectral_complexity": {
        "max": 35,
        "mean": 15.0544891357,
        "min": 0,
        "stdev": 6.97507143021
    },
    "spectral_decrease": {
        "max": -1.56991085442e-14,
        "mean": -4.06276390308e-09,
        "min": -2.03522549924e-08,
        "stdev": 3.47809425705e-09
    },
    "spectral_energy": {
        "max": 0.0838420242071,
        "mean": 0.0169417895377,
        "min": 6.10439201409e-08,
        "stdev": 0.0145620889962
    },
    "spectral_energyband_high": {
        "max": 0.0015606918605,
        "mean": 0.000150853651576,
        "min": 3.90491583513e-10,
        "stdev": 0.00023217315902
    },
    "spectral_energyband_low": {
        "max": 0.0114067504182,
        "mean": 0.000923994055483,
        "min": 1.30019355282e-08,
        "stdev": 0.0013683080906
    },
    "spectral_energyband_middle_high": {
        "max": 0.0504713542759,
        "mean": 0.00815200898796,
        "min": 3.31090488359e-10,
        "stdev": 0.00871656183153
    },
    "spectral_energyband_middle_low": {
        "max": 0.0450471155345,
        "mean": 0.00808561686426,
        "min": 1.38889610923e-08,
        "stdev": 0.00717970915139
    },
    "spectral_entropy": {
        "max": 8.39027309418,
        "mean": 7.08782863617,
        "min": 5.24507474899,
        "stdev": 0.455276399851
    },
    "spectral_flux": {
        "max": 0.186159268022,
        "mean": 0.0666014775634,
        "min": 0.000111194538476,
        "stdev": 0.0375688783824
    },
    "spectral_kurtosis": {
        "max": 54.497844696,
        "mean": 8.77729415894,
        "min": -0.513968229294,
        "stdev": 7.0944275856
    },
    "spectral_rms": {
        "max": 0.00904417503625,
        "mean": 0.00363938440569,
        "min": 7.71719169279e-06,
        "stdev": 0.00181203044485
    },
    "spectral_rolloff": {
        "max": 9259.27734375,
        "mean": 1636.4822998,
        "min": 21.533203125,
        "stdev": 862.963562012
    },
    "spectral_skewness": {
        "max": 5.43527269363,
        "mean": 1.91169023514,
        "min": 0.660274088383,
        "stdev": 0.662075936794
    },
    "spectral_spread": {
        "max": 11118077,
        "mean": 3041731.25,
        "min": 1002306.75,
        "stdev": 1205500.875
    },
    "spectral_strongpeak": {
        "max": 8.58866214752,
        "mean": 1.68252849579,
        "min": 0,
        "stdev": 1.59686934948
    },
    "zerocrossingrate": {
        "max": 0.23291015625,
        "mean": 0.0564019307494,
        "min": 0,
        "stdev": 0.0205599386245
    },
    "barkbands": {
        "max": [0.000671627814882, 0.00587484752759, 0.00668446579948, 0.00837068632245, 0.0106007019058, 0.0238739959896, 0.0338382273912, 0.0324315689504, 0.0232223998755, 0.0148370778188, 0.027215667069, 0.0410694442689, 0.0146239362657, 0.0154194571078, 0.00592464162037, 0.00653919763863, 0.00889372173697, 0.00669142836705, 0.00377452070825, 0.000582899374422, 0.000470019935165, 0.000424093101174, 0.000561717140954, 0.000499085581396, 0.000210707090446, 3.04364784824e-05, 3.0202608059e-07],
        "mean": [4.75564920634e-05, 0.000388913904317, 0.000310707982862, 0.000484427000629, 0.000779012450948, 0.000645840773359, 0.00147498922888, 0.00319091579877, 0.00114257819951, 0.0010946438415, 0.000842659326736, 0.00293347868137, 0.000577662955038, 0.000502193870489, 0.000287138362182, 0.000219843830564, 0.000801031303126, 0.000837131403387, 0.000206738070119, 4.2514217057e-05, 4.09993117501e-05, 2.95220143016e-05, 2.71191729553e-05, 2.34467588598e-05, 9.24929372559e-06, 1.47613036461e-06, 1.87238047289e-09],
        "min": [1.11060858288e-08, 3.98682153957e-09, 1.34517369466e-10, 4.21888218805e-10, 6.69865996006e-10, 6.52179199534e-09, 1.67541946983e-09, 3.47472217666e-10, 3.59950472206e-11, 1.09313209526e-11, 9.51939829047e-12, 2.33552448214e-11, 1.43394376234e-11, 2.02234166913e-11, 2.77738942955e-11, 2.15734253378e-11, 1.63331691921e-11, 1.60042170488e-11, 3.2373582981e-11, 2.48102025036e-11, 3.33313550371e-11, 4.79861844704e-11, 4.093064776e-11, 5.14239970051e-11, 6.14880021899e-11, 5.93615850919e-11, 1.52167653478e-11],
        "stdev": [7.11208194843e-05, 0.000878948078025, 0.000578981474973, 0.000839331012685, 0.000893004587851, 0.00122213619761, 0.00277020526119, 0.00493996869773, 0.00198135874234, 0.00192243780475, 0.00200128159486, 0.00558222504333, 0.00135634758044, 0.00139061291702, 0.000559648149647, 0.000541370827705, 0.00119602773339, 0.00113957433496, 0.000329531118041, 6.46420157864e-05, 6.48895947961e-05, 5.28024138475e-05, 5.40468208783e-05, 4.46202502644e-05, 1.68960887095e-05, 2.98999111692e-06, 9.87187931401e-09]
    },
    "erbbands": {
        "max": [0.241066902876, 1.40775942802, 7.61923599243, 14.8288536072, 55.2148246765, 26.103559494, 38.5901641846, 220.396011353, 256.305023193, 848.65411377, 894.678344727, 545.848815918, 514.319152832, 589.751831055, 741.274902344, 1727.77746582, 774.720092773, 832.230773926, 329.548706055, 235.956222534, 370.048187256, 387.505950928, 345.688903809, 307.507110596, 51.0750236511, 22.1800231934, 28.5555305481, 19.052778244, 16.3936424255, 18.4377937317, 16.8376598358, 12.3164253235, 11.7767000198, 3.72844076157, 0.656391382217, 0.193976759911, 0.0453475639224, 0.00165257311892, 6.6862165113e-05, 0.000100588142232],
        "mean": [0.0128166684881, 0.0842056423426, 0.320034295321, 1.01012408733, 2.44190621376, 2.37130308151, 2.85679745674, 6.06771230698, 14.4335870743, 35.6297874451, 77.1138153076, 29.8888244629, 33.5694923401, 30.8503799438, 56.5108299255, 119.632598877, 30.3405628204, 32.5823936462, 17.1485748291, 11.4450969696, 16.2609920502, 43.4755821228, 48.6397972107, 24.9867610931, 5.72837781906, 2.20137953758, 1.94964182377, 1.21507310867, 0.996848225594, 0.909200668335, 0.789484500885, 0.585771501064, 0.337547838688, 0.139735788107, 0.0461577288806, 0.0125155057758, 0.00168447336182, 6.26967885182e-05, 1.22787359942e-05, 2.09946229006e-05],
        "min": [2.25200906812e-07, 4.51185087513e-07, 2.02309280439e-07, 1.50062646753e-06, 1.46531249356e-06, 2.40424424192e-06, 7.93525668996e-06, 6.79959630361e-05, 2.98299837596e-05, 2.06572858588e-05, 5.22764958077e-06, 1.26729980821e-06, 6.18512103756e-07, 4.11497666164e-07, 5.84570102546e-07, 9.039100064e-07, 6.33418835605e-07, 9.51748461375e-07, 2.04676166504e-06, 8.44950818646e-07, 1.32653542551e-06, 1.08259553144e-06, 1.051934305e-06, 1.1588435882e-06, 1.14766578463e-06, 1.24152472836e-06, 1.24759776554e-06, 1.40679321703e-06, 1.57433669301e-06, 9.39774338349e-07, 1.11468341402e-06, 8.92984246548e-07, 8.03844841357e-07, 5.9768774463e-07, 5.08009634359e-07, 2.67628479378e-07, 8.63195452894e-08, 1.39785427677e-08, 2.92375124111e-09, 3.60515867159e-10],
        "stdev": [0.0349207781255, 0.175199866295, 0.588205933571, 1.60774052143, 3.68086504936, 2.75007510185, 3.93906831741, 12.2336702347, 21.2985153198, 71.0381088257, 125.768051147, 51.723274231, 56.75025177, 50.8984718323, 90.6888961792, 225.542205811, 55.5364189148, 86.0513916016, 32.1576576233, 22.2927513123, 35.445640564, 58.1679573059, 60.2554473877, 36.6843757629, 7.01940822601, 3.03437066078, 3.18089175224, 1.99817681313, 1.79841506481, 1.804027915, 1.54184877872, 1.12296020985, 0.685632586479, 0.26243391633, 0.0806146562099, 0.0242272671312, 0.00372484792024, 0.000127837876789, 1.07193791337e-05, 1.79706094059e-05]
    },
    "gfcc": {
        "mean": [-73.9987564087, 121.407302856, -158.894790649, 13.3136949539, -68.6315765381, 1.71626222134, -41.4100189209, 11.7120761871, -19.316701889, -14.1647605896, -2.75284981728, -5.00448131561, -13.5290546417],
        "cov": [[11940.8085938, -1404.92419434, -1971.78149414, 219.727218628, -244.113098145, 886.440307617, 387.570861816, 634.025939941, -437.504699707, -588.018920898, -140.149993896, -106.764350891, -468.621582031], [-1404.92419434, 1165.92175293, 135.634811401, -157.768539429, 251.017333984, -354.986816406, 121.523910522, -163.556686401, 135.952011108, -150.244110107, 137.374786377, -19.5463066101, 98.4265670776], [-1971.78149414, 135.634811401, 1217.19067383, 300.504211426, -164.430374146, 123.6664505, -186.199066162, -106.959877014, -13.5834703445, 238.457015991, -90.6011505127, 67.9233703613, 115.133560181], [219.727218628, -157.768539429, 300.504211426, 355.15512085, -30.8226604462, 170.251861572, -101.219062805, -37.9010505676, -41.0397720337, 101.561172485, -63.4637832642, -34.3013076782, 44.8102111816], [-244.113098145, 251.017333984, -164.430374146, -30.8226604462, 314.035491943, -58.2293395996, -20.8526229858, -47.777973175, 103.473861694, 32.9286422729, 32.8773460388, -46.2303161621, 25.4221324921], [886.440307617, -354.986816406, 123.6664505, 170.251861572, -58.2293395996, 342.23727417, -12.135392189, 65.0861053467, -44.1014595032, 70.7876815796, -63.1713867188, -14.3467617035, -20.5932979584], [387.570861816, 121.523910522, -186.199066162, -101.219062805, -20.8526229858, -12.135392189, 279.711853027, 133.058303833, -2.82095575333, -132.061859131, 78.9478149414, 48.3272628784, -51.5542373657], [634.025939941, -163.556686401, -106.959877014, -37.9010505676, -47.777973175, 65.0861053467, 133.058303833, 219.577880859, -11.7910490036, -58.8023948669, 32.1311035156, 55.8980674744, -52.0190887451], [-437.504699707, 135.952011108, -13.5834703445, -41.0397720337, 103.473861694, -44.1014595032, -2.82095575333, -11.7910490036, 141.710159302, 54.0525283813, 22.0496234894, -8.03286933899, 40.2606468201], [-588.018920898, -150.244110107, 238.457015991, 101.561172485, 32.9286422729, 70.7876815796, -132.061859131, -58.8023948669, 54.0525283813, 244.609924316, -36.2535171509, -33.9912643433, 52.9288635254], [-140.149993896, 137.374786377, -90.6011505127, -63.4637832642, 32.8773460388, -63.1713867188, 78.9478149414, 32.1311035156, 22.0496234894, -36.2535171509, 119.630714417, 34.1430130005, -7.58988857269], [-106.764350891, -19.5463066101, 67.9233703613, -34.3013076782, -46.2303161621, -14.3467617035, 48.3272628784, 55.8980674744, -8.03286933899, -33.9912643433, 34.1430130005, 132.513687134, -5.25065040588], [-468.621582031, 98.4265670776, 115.133560181, 44.8102111816, 25.4221324921, -20.5932979584, -51.5542373657, -52.0190887451, 40.2606468201, 52.9288635254, -7.58988857269, -5.25065040588, 117.061561584]],
        "icov": [[0.000406487291912, -0.000990824657492, 0.00139941473026, -0.000780363625381, 0.000947089749388, -0.00140613049734, 0.000819148495793, -0.00110567698721, 0.000667765387334, -0.000491951650474, 0.000993731431663, -0.00070118275471, 0.000824827875476], [-0.000990824657492, 0.00882849283516, -0.00730673596263, 0.00318669411354, -0.00706390431151, 0.00668192235753, -0.00596780097112, 0.00676685385406, -0.00402629561722, 0.00805939175189, -0.00635979743674, 0.00592916319147, -0.00474036857486], [0.00139941473026, -0.00730673596263, 0.00878516118973, -0.00444075930864, 0.00697545381263, -0.00669167935848, 0.00518539687619, -0.00563700869679, 0.00355018186383, -0.00700852181762, 0.00628309836611, -0.00645165191963, 0.00395768648013], [-0.000780363625381, 0.00318669411354, -0.00444075930864, 0.00712633458897, -0.00338265183382, 0.00114780280273, -0.00170118850656, 0.00289153167978, 6.54158575344e-05, 0.00220598024316, -0.00284315901808, 0.00346122635528, -0.00374041986652], [0.000947089749388, -0.00706390431151, 0.00697545381263, -0.00338265183382, 0.0108584165573, -0.00555317848921, 0.00523195881397, -0.0046751620248, -0.000126578146592, -0.00642245775089, 0.00408064387739, -0.00402345741168, 0.00408824253827], [-0.00140613049734, 0.00668192235753, -0.00669167935848, 0.00114780280273, -0.00555317848921, 0.011727143079, -0.00563280284405, 0.00403524050489, -0.00277081434615, 0.00350478827022, -0.00341031560674, 0.00474859867245, -0.00316354632378], [0.000819148495793, -0.00596780097112, 0.00518539687619, -0.00170118850656, 0.00523195881397, -0.00563280284405, 0.0116583425552, -0.00765328621492, 0.00166055711452, -0.00220331992023, 0.0011174652027, -0.00372897228226, 0.0037848346401], [-0.00110567698721, 0.00676685385406, -0.00563700869679, 0.00289153167978, -0.0046751620248, 0.00403524050489, -0.00765328621492, 0.0139295309782, -0.00440861890092, 0.00542308250442, -0.00529961753637, 0.00186328205746, -0.00232983124442], [0.000667765387334, -0.00402629561722, 0.00355018186383, 6.54158575344e-05, -0.000126578146592, -0.00277081434615, 0.00166055711452, -0.00440861890092, 0.0144895622507, -0.00660988735035, 0.00276680546813, -0.00252137472853, -0.00107433192898], [-0.000491951650474, 0.00805939175189, -0.00700852181762, 0.00220598024316, -0.00642245775089, 0.00350478827022, -0.00220331992023, 0.00542308250442, -0.00660988735035, 0.0161362681538, -0.0064786626026, 0.00684471381828, -0.00438196631148], [0.000993731431663, -0.00635979743674, 0.00628309836611, -0.00284315901808, 0.00408064387739, -0.00341031560674, 0.0011174652027, -0.00529961753637, 0.00276680546813, -0.0064786626026, 0.0176276005805, -0.00710147805512, 0.00368732144125], [-0.00070118275471, 0.00592916319147, -0.00645165191963, 0.00346122635528, -0.00402345741168, 0.00474859867245, -0.00372897228226, 0.00186328205746, -0.00252137472853, 0.00684471381828, -0.00710147805512, 0.0150217982009, -0.00389122660272], [0.000824827875476, -0.00474036857486, 0.00395768648013, -0.00374041986652, 0.00408824253827, -0.00316354632378, 0.0037848346401, -0.00232983124442, -0.00107433192898, -0.00438196631148, 0.00368732144125, -0.00389122660272, 0.0149720059708]]
    },
    "melbands": {
        "max": [0.00186200218741, 0.00297731207684, 0.00370870181359, 0.00286596687511, 0.00129466305953, 0.00527551118284, 0.00392221286893, 0.00836144853383, 0.00709311291575, 0.00301296915859, 0.00263852323405, 0.00226255180314, 0.00300434883684, 0.00586340809241, 0.00237834546715, 0.00173877575435, 0.00143547344487, 0.000535129685886, 0.000316403078614, 0.000370799796656, 0.000590621260926, 0.000395746756112, 0.00041781066102, 0.000389836786781, 0.000301630410831, 5.39870816283e-05, 3.48919529642e-05, 1.77551846718e-05, 2.62035373453e-05, 1.47120699694e-05, 1.12434072435e-05, 9.18108162296e-06, 1.07087807919e-05, 1.11817453217e-05, 1.00740699054e-05, 8.7868902483e-06, 6.47242404739e-06, 1.10069886432e-05, 6.45231239105e-06, 2.11370593206e-06],
        "mean": [0.00011156545952, 0.000149193801917, 0.000223527356866, 0.000178365153261, 9.81829216471e-05, 0.000137951981742, 0.000244506518357, 0.000433066277765, 0.000582472363021, 0.000160902083735, 0.000166966492543, 0.000122920348076, 0.000143061974086, 0.000380018609576, 0.000126682032715, 6.50269575999e-05, 5.56300219614e-05, 2.5831259336e-05, 1.74424585566e-05, 1.26394652398e-05, 2.07598604902e-05, 3.67584470951e-05, 6.22536899755e-05, 3.62717655662e-05, 1.88202666322e-05, 5.11370444656e-06, 1.9077374418e-06, 1.24876123664e-06, 1.36412904794e-06, 8.66587129167e-07, 6.39400639102e-07, 5.67893209791e-07, 5.62102968615e-07, 4.63158897901e-07, 4.68527957764e-07, 4.29585213624e-07, 3.13918093298e-07, 2.61693401171e-07, 1.62955444694e-07, 1.00747975296e-07],
        "min": [2.60525778728e-09, 1.9607328261e-10, 2.37043218387e-10, 1.42164904848e-10, 2.24211760269e-10, 1.42018008464e-09, 4.25101981394e-10, 2.47675518983e-10, 1.99728601713e-11, 5.19190506559e-12, 2.06751998334e-12, 1.19580061998e-12, 1.53062686224e-12, 2.16114105778e-12, 2.72056704421e-12, 1.49377016832e-12, 1.62710578518e-12, 3.4865190162e-12, 1.44217678164e-12, 1.31682067594e-12, 1.34780749929e-12, 1.05442098195e-12, 1.21247543255e-12, 8.66869564412e-13, 7.54998602699e-13, 1.04645534859e-12, 6.09003136549e-13, 7.22429115228e-13, 6.19442648217e-13, 8.17209798096e-13, 7.2839390769e-13, 8.46139022563e-13, 7.12950640365e-13, 4.52622368839e-13, 5.18212859776e-13, 5.23233041096e-13, 5.45023444778e-13, 5.20575878411e-13, 4.52344162561e-13, 5.05675471114e-13],
        "stdev": [0.000270382355666, 0.000250047247391, 0.000326313835103, 0.000224073824938, 0.000122382145491, 0.000273367390037, 0.000370811525499, 0.00074604654219, 0.000972756301053, 0.000282184511889, 0.000291201431537, 0.000215028339881, 0.000289429037366, 0.000758034584578, 0.000218268585741, 0.000155987989274, 0.000151676023961, 5.49955511815e-05, 3.33665411745e-05, 2.49040931521e-05, 5.26483308931e-05, 5.29969584022e-05, 8.49222633406e-05, 5.05841635459e-05, 3.10020550387e-05, 7.00974442225e-06, 2.83207577922e-06, 2.021727596e-06, 2.56655789599e-06, 1.52304369294e-06, 1.1065066019e-06, 1.04240496057e-06, 1.09608618004e-06, 9.83103063845e-07, 9.39658434618e-07, 8.60833097249e-07, 6.00865064371e-07, 5.53606525955e-07, 3.45974456195e-07, 1.85206729952e-07]
    },
    "melbands128": {
        "max": [0.000664780323859, 0.00224654003978, 0.00287128821947, 0.00233167340048, 0.00427641766146, 0.00323369237594, 0.00364398048259, 0.00595579622313, 0.00656703813002, 0.00252841156907, 0.00157941086218, 0.00280450563878, 0.00188319699373, 0.00380717543885, 0.00521930214018, 0.0121850548312, 0.00749204680324, 0.00711124949157, 0.0123210549355, 0.0164887346327, 0.00970012973994, 0.0103792054579, 0.0134808085859, 0.00598163018003, 0.00410431623459, 0.00215540640056, 0.0043351626955, 0.00464327679947, 0.00302533409558, 0.00352687807754, 0.00323098246008, 0.00932384189218, 0.0057324632071, 0.00303681823425, 0.00714334193617, 0.013028183952, 0.00458453595638, 0.00503094727173, 0.00259167212062, 0.00384848657995, 0.00233955238946, 0.0047322390601, 0.00266757491045, 0.00115100573748, 0.00119591096882, 0.00106186734047, 0.00150197267067, 0.000407934217947, 0.000365553220036, 0.000679658260196, 0.00048504708684, 0.000499672780279, 0.000943470047787, 0.00141779216938, 0.00140503258444, 0.000431571534136, 0.00106667983346, 0.00111145991832, 0.000819401699118, 0.000634114956483, 0.000901927589439, 0.000676979776472, 0.000560593267437, 0.000562280474696, 0.000137186812935, 9.69797038124e-05, 7.46179939597e-05, 7.4250245234e-05, 5.14606254001e-05, 3.74704322894e-05, 2.54144761129e-05, 4.40285657533e-05, 2.33658611251e-05, 6.13192241872e-05, 1.7693195332e-05, 2.34175131482e-05, 1.9082259314e-05, 1.65492692759e-05, 1.52032116603e-05, 1.42967464853e-05, 1.28351766762e-05, 1.46130269059e-05, 1.04283999462e-05, 1.84330183401e-05, 2.12401027966e-05, 1.7265247152e-05, 2.06027762033e-05, 1.41344235089e-05, 1.15911407192e-05, 1.31783990582e-05, 1.04445389297e-05, 1.34905294544e-05, 1.89066122402e-05, 8.60965246829e-06, 4.28746579928e-06, 1.13129681267e-05, 1.62207670655e-05, 8.27222629596e-06, 5.54596044822e-06, 7.64076321502e-06, 2.47490561378e-06, 1.89479681012e-06, 1.48342746797e-06, 1.38438019803e-06, 8.86858458671e-07, 8.64473861384e-07, 5.91301443365e-07, 4.99935651987e-07, 4.59012625242e-07, 4.30531656548e-07, 4.47397752623e-07, 3.94753726596e-07, 2.91540260378e-07, 7.62250778052e-08, 1.64372018219e-08, 2.09338644197e-08, 6.69813138288e-09, 1.44554479498e-09, 1.39185318826e-09, 1.33860522666e-09, 1.2990569731e-09, 1.27347221657e-09, 1.23707410982e-09, 1.20504106693e-09, 1.19186149838e-09, 1.17244458586e-09, 1.15789178246e-09, 1.15067710915e-09],
        "mean": [2.80452495645e-05, 0.000103583231976, 0.000146673279232, 0.000128378698719, 0.000150015053805, 0.00015184613585, 0.000183293363079, 0.000268739531748, 0.000257631560089, 0.000187381127034, 0.000117251314805, 9.88584070001e-05, 9.85263468465e-05, 8.67068083608e-05, 0.000110339489765, 0.000189363170648, 0.000195565633476, 0.000222213668167, 0.000327673391439, 0.00043324631406, 0.000357891840395, 0.00078560912516, 0.00075793400174, 0.000199159301701, 0.000163109521964, 0.000122958343127, 0.000168941071024, 0.000184326549061, 0.000155073896167, 0.000144845631439, 9.07906796783e-05, 0.000112745954539, 0.000169001737959, 0.000111782595923, 0.000285779795377, 0.000627784116659, 0.000276725040749, 7.15714268154e-05, 4.89374797326e-05, 4.89500853291e-05, 5.60034750379e-05, 0.000112186455226, 6.83051548549e-05, 1.99512887775e-05, 2.0621882868e-05, 2.6631534638e-05, 3.74512237613e-05, 9.53214021138e-06, 1.32443974508e-05, 2.02459668799e-05, 7.76156866777e-06, 1.05306826299e-05, 2.05852957151e-05, 2.21732498176e-05, 2.88435858238e-05, 1.94824333448e-05, 6.07322654105e-05, 8.85096742422e-05, 5.12674050697e-05, 3.43090505339e-05, 3.82880498364e-05, 3.69781118934e-05, 2.57487990893e-05, 1.34449428515e-05, 7.15109399607e-06, 4.62011530544e-06, 4.56012821815e-06, 1.69890199686e-06, 1.48640867792e-06, 1.63524236996e-06, 1.22557059967e-06, 1.17925969789e-06, 1.03127945295e-06, 1.95770962819e-06, 8.2048910599e-07, 9.63763341133e-07, 8.32155649277e-07, 6.36043978375e-07, 6.05650200214e-07, 6.4585930204e-07, 6.19252489287e-07, 5.04493243625e-07, 4.932044817e-07, 5.87693421039e-07, 6.40628002202e-07, 4.33781764286e-07, 4.42948163482e-07, 4.20185926941e-07, 5.49887658963e-07, 4.05886879662e-07, 3.9361887616e-07, 4.77790308651e-07, 4.40289085191e-07, 2.85311244852e-07, 2.4708756996e-07, 2.85885391804e-07, 2.92872442742e-07, 1.86316356121e-07, 1.60112222147e-07, 1.63520425644e-07, 1.11789951518e-07, 9.48978495785e-08, 7.52220472577e-08, 6.02636163194e-08, 4.78365151935e-08, 4.39577334532e-08, 3.36752492558e-08, 2.49407214881e-08, 2.07970671795e-08, 1.4564268902e-08, 1.06827773294e-08, 7.4669825878e-09, 3.68838892761e-09, 7.94552812433e-10, 2.68866928721e-10, 2.58829568889e-10, 5.61997809401e-11, 3.14909014663e-12, 3.03766690621e-12, 2.94865022156e-12, 2.87137718116e-12, 2.81168599688e-12, 2.7537468833e-12, 2.69579302457e-12, 2.63591275543e-12, 2.56107288155e-12, 2.51430343559e-12, 2.49683758911e-12],
        "min": [1.87098905813e-10, 2.45981368607e-09, 1.12855913503e-09, 2.6721805324e-10, 1.95608008957e-11, 8.28025287225e-11, 2.19497753307e-10, 1.07264433447e-10, 7.2127387396e-11, 1.54934565177e-10, 5.8457787222e-11, 9.4209841317e-11, 2.35693020656e-10, 1.11356091015e-10, 1.56495472137e-09, 8.65662430627e-10, 3.49430123725e-10, 7.76187031315e-11, 3.24143656361e-10, 1.09838034501e-10, 8.8410126442e-11, 1.42480558601e-11, 1.81209856148e-11, 1.47980423488e-12, 2.72466055794e-12, 6.18555510631e-12, 2.00775550699e-12, 2.13374543728e-12, 9.42654483117e-13, 3.57022435704e-13, 1.38484970019e-12, 6.36562363151e-13, 8.80926408209e-13, 5.37033850549e-13, 1.4589051538e-12, 1.5535068891e-12, 2.36694539836e-12, 1.0692969947e-12, 4.89211373234e-13, 2.55979346877e-13, 6.29985755403e-13, 1.3828858848e-12, 4.13357797427e-13, 1.33071071523e-12, 1.92099179445e-12, 2.31302455488e-12, 2.77243332458e-12, 1.48952746838e-12, 7.95002735518e-13, 4.93686797172e-13, 8.52117747023e-13, 1.36500478889e-12, 1.65260459397e-12, 7.04012586075e-13, 9.6187489397e-13, 6.82233241255e-13, 9.13721897623e-13, 5.30969690958e-13, 8.57448823315e-13, 7.49771880866e-13, 5.14872270253e-13, 6.84056381418e-13, 8.66986278776e-13, 6.71317493782e-13, 8.53272422337e-13, 4.7491101763e-13, 3.22946422208e-13, 4.22641685104e-13, 4.42777243906e-13, 7.87197943549e-13, 5.11710303037e-13, 5.42111277743e-13, 3.5974283448e-13, 5.51264763005e-13, 4.3926578412e-13, 7.48399009865e-13, 4.67228252615e-13, 4.24559774273e-13, 5.84934444631e-13, 7.59670700911e-13, 7.55644299303e-13, 5.37740262475e-13, 3.50595014175e-13, 4.82029889094e-13, 2.60850585923e-13, 2.2754682253e-13, 5.90389119971e-13, 4.32055839673e-13, 3.4899554492e-13, 3.36541856666e-13, 3.96085020251e-13, 4.06459235843e-13, 2.92875695484e-13, 5.06391478229e-13, 2.64939139421e-13, 3.81625639293e-13, 2.63047450575e-13, 2.55889114151e-13, 3.95454421162e-13, 4.64426294731e-13, 3.55460588264e-13, 4.28618105635e-13, 1.54992785641e-13, 4.21831352401e-13, 1.81134214615e-13, 1.00005243073e-13, 1.94406516167e-13, 2.40766526724e-13, 1.05111550703e-13, 1.32448129612e-13, 1.30686057137e-13, 1.3681646148e-13, 8.44864746197e-14, 7.80524597862e-14, 5.01196171154e-14, 5.81308072967e-14, 4.64794388145e-14, 5.00204363335e-14, 4.70737272946e-14, 4.30076100059e-14, 4.5041563117e-14, 4.93136584898e-14, 4.24031639066e-14, 4.71014320483e-14, 3.4676793636e-14, 1.47762305728e-14, 1.66267622991e-15, 4.33752668271e-17],
        "stdev": [5.55394071853e-05, 0.000305301917251, 0.000388809508877, 0.000274270976661, 0.000307125592371, 0.000279865489574, 0.000329039874487, 0.000480445771245, 0.000438821531134, 0.000300499261357, 0.000159230679856, 0.000147025784827, 0.000165934645338, 0.000206114273169, 0.000306044734316, 0.000513604725711, 0.000433450302808, 0.000441444222815, 0.000817441381514, 0.00125646858942, 0.000815055158455, 0.0014705164358, 0.00154401035979, 0.00053222803399, 0.000439953349996, 0.00027538035647, 0.000355336262146, 0.000447164959041, 0.000385107588954, 0.000340978382155, 0.000214127605432, 0.000437039532699, 0.000473097024951, 0.000273575918982, 0.000774877087679, 0.00146090541966, 0.000542743713595, 0.000240892768488, 0.00014480187383, 0.000209993741009, 0.000179438953637, 0.000401759840315, 0.000247917632805, 5.54953548999e-05, 8.0027290096e-05, 7.66956727603e-05, 9.26820284803e-05, 3.00344454445e-05, 3.54069125024e-05, 5.7248846133e-05, 2.35316856561e-05, 3.71127462131e-05, 7.12697365088e-05, 9.28377485252e-05, 9.06566492631e-05, 4.51133419119e-05, 0.000129073989228, 0.000163383490872, 9.89426043816e-05, 6.87901629135e-05, 6.8224449933e-05, 7.43722266634e-05, 5.34778409929e-05, 3.39354010066e-05, 1.32015647978e-05, 8.71400607139e-06, 8.71065094543e-06, 3.72919430447e-06, 3.46238857674e-06, 3.18447109748e-06, 2.13156909012e-06, 3.17639023706e-06, 2.00798172045e-06, 5.02805369251e-06, 1.48485025875e-06, 2.11006113204e-06, 1.87237174032e-06, 1.32117736484e-06, 1.20219579003e-06, 1.21236371342e-06, 1.2659040749e-06, 1.13475425678e-06, 9.55865175456e-07, 1.35013135605e-06, 1.4148279206e-06, 1.09007510218e-06, 1.13835892535e-06, 1.05375011117e-06, 1.15892873964e-06, 9.1205794206e-07, 8.98718667486e-07, 1.0466534377e-06, 1.04631885733e-06, 5.80515632009e-07, 5.1896762443e-07, 6.30383851785e-07, 7.08832089913e-07, 4.64527289523e-07, 3.69577662696e-07, 3.85378854162e-07, 2.20151235908e-07, 1.88180223404e-07, 1.42238306466e-07, 1.18093737456e-07, 9.24808318814e-08, 8.87478321943e-08, 6.91436667921e-08, 5.42268594472e-08, 4.61745273128e-08, 3.6129154779e-08, 2.92840720562e-08, 2.27102177064e-08, 1.27395569649e-08, 2.97569302532e-09, 9.48389367039e-10, 9.13868758445e-10, 2.57181081986e-10, 3.31338081971e-11, 3.19073517607e-11, 3.06924624605e-11, 2.97882066236e-11, 2.9200381696e-11, 2.83696365011e-11, 2.76388842368e-11, 2.73354845703e-11, 2.68929878366e-11, 2.65612531969e-11, 2.63960953789e-11]
    },
    "mfcc": {
        "mean": [-702.509765625, 145.655990601, -28.2419567108, 6.03915596008, -5.46121501923, -16.1598796844, -8.03006267548, 11.7639074326, -11.8795471191, -6.75165319443, 3.80796384811, 6.29635286331, -5.57234191895],
        "cov": [[11692.6435547, -1315.17675781, -1516.17626953, -517.7109375, -410.088623047, -76.7065124512, 557.613769531, 894.00567627, 22.9355773926, -154.036712646, 308.461273193, 252.810394287, -430.560546875], [-1315.17675781, 1380.63867188, -238.285385132, 139.383529663, 11.9583206177, -146.170776367, -98.2371063232, 53.0678672791, -62.3962669373, -101.81047821, -20.4229106903, -33.2358283997, 61.1198806763], [-1516.17626953, -238.285385132, 1284.67041016, 136.920593262, 70.0662612915, 188.706008911, -28.1616821289, -194.426696777, 43.3581809998, 61.0368270874, -154.889648438, -129.148071289, 135.82989502], [-517.7109375, 139.383529663, 136.920593262, 213.480728149, 60.1939239502, 35.7433509827, -28.0922851562, -75.3839645386, -1.42482423782, 18.9810199738, -39.3780555725, -64.0980453491, 21.2173919678], [-410.088623047, 11.9583206177, 70.0662612915, 60.1939239502, 308.427154541, 144.668106079, -86.2589950562, -185.668991089, 36.2000999451, 111.811958313, -25.9430484772, -76.1980514526, -12.1920480728], [-76.7065124512, -146.170776367, 188.706008911, 35.7433509827, 144.668106079, 256.511383057, -27.9727191925, -154.690765381, 33.7971801758, 102.593635559, -27.8557014465, -73.3447570801, -6.15065956116], [557.613769531, -98.2371063232, -28.1616821289, -28.0922851562, -86.2589950562, -27.9727191925, 178.261001587, 129.584472656, -5.54410552979, -11.9469947815, 29.5762004852, 70.8474960327, 2.15898013115], [894.00567627, 53.0678672791, -194.426696777, -75.3839645386, -185.668991089, -154.690765381, 129.584472656, 388.144897461, -17.9105529785, -140.832641602, 81.2678451538, 116.981124878, -4.19822359085], [22.9355773926, -62.3962669373, 43.3581809998, -1.42482423782, 36.2000999451, 33.7971801758, -5.54410552979, -17.9105529785, 118.967323303, 52.7064361572, -16.2978420258, 17.1331520081, 1.77108240128], [-154.036712646, -101.81047821, 61.0368270874, 18.9810199738, 111.811958313, 102.593635559, -11.9469947815, -140.832641602, 52.7064361572, 177.49861145, -17.5600566864, -27.2802295685, -2.13167834282], [308.461273193, -20.4229106903, -154.889648438, -39.3780555725, -25.9430484772, -27.8557014465, 29.5762004852, 81.2678451538, -16.2978420258, -17.5600566864, 127.397506714, 56.2308349609, -29.4615497589], [252.810394287, -33.2358283997, -129.148071289, -64.0980453491, -76.1980514526, -73.3447570801, 70.8474960327, 116.981124878, 17.1331520081, -27.2802295685, 56.2308349609, 178.550552368, 18.3100318909], [-430.560546875, 61.1198806763, 135.82989502, 21.2173919678, -12.1920480728, -6.15065956116, 2.15898013115, -4.19822359085, 1.77108240128, -2.13167834282, -29.4615497589, 18.3100318909, 104.923362732]],
        "icov": [[0.000180188741069, 0.000152425200213, 0.000190574952285, 0.000106169347418, 4.26640617661e-05, -0.000218713117647, -0.000272408011369, -0.000357162556611, -6.18408594164e-05, 2.28993994824e-05, 0.000118639480206, 0.000153380256961, 0.000373952876544], [0.000152425200213, 0.00115284649655, 0.000462201074697, -0.000630282855127, -0.000235333223827, 0.00024711509468, 0.000322690291796, -0.000575837504584, 0.000193978252355, 0.000288779672701, 0.000262932269834, 0.000355742988177, -0.000545159971807], [0.000190574952285, 0.000462201074697, 0.00151244434528, -0.000380526384106, 0.000240417764871, -0.000863149296492, -0.000482348172227, -0.00016468251124, -0.00041912306915, 0.000445618352387, 0.000752841529902, 0.000825836788863, -0.00130413041916], [0.000106169347418, -0.000630282855127, -0.000380526384106, 0.0063193240203, -0.000656154297758, 2.15405416384e-05, -0.00104917073622, 0.000471225212095, -0.000210624901229, 0.000211573074921, 0.000201243878109, 0.00157456891611, -0.000227393669775], [4.26640617661e-05, -0.000235333223827, 0.000240417764871, -0.000656154297758, 0.00605717906728, -0.00213275430724, 0.00147713860497, 0.000838595442474, -0.000618472520728, -0.00174132350367, -0.00050285825273, 0.000308286515065, 0.000495654530823], [-0.000218713117647, 0.00024711509468, -0.000863149296492, 2.15405416384e-05, -0.00213275430724, 0.00756130227819, -0.000815551669803, 0.00160079333, -0.000579966465011, -0.00127849343698, -0.00100244721398, 0.00140576693229, -0.000195135624381], [-0.000272408011369, 0.000322690291796, -0.000482348172227, -0.00104917073622, 0.00147713860497, -0.000815551669803, 0.0101468702778, -0.00316827674396, 0.00198646821082, -0.00301874033175, 0.000622138846666, -0.00277053541504, -0.000117640563985], [-0.000357162556611, -0.000575837504584, -0.00016468251124, 0.000471225212095, 0.000838595442474, 0.00160079333, -0.00316827674396, 0.00763774896041, -0.00187945622019, 0.00396203948185, -0.00254814489745, -0.00059733807575, -0.000949259963818], [-6.18408594164e-05, 0.000193978252355, -0.00041912306915, -0.000210624901229, -0.000618472520728, -0.000579966465011, 0.00198646821082, -0.00187945622019, 0.0113267833367, -0.00395824853331, 0.00248019467108, -0.00288163637742, 0.000924144056626], [2.28993994824e-05, 0.000288779672701, 0.000445618352387, 0.000211573074921, -0.00174132350367, -0.00127849343698, -0.00301874033175, 0.00396203948185, -0.00395824853331, 0.0115255853161, -0.00111560383812, 0.000329545960994, -0.000820342218503], [0.000118639480206, 0.000262932269834, 0.000752841529902, 0.000201243878109, -0.00050285825273, -0.00100244721398, 0.000622138846666, -0.00254814489745, 0.00248019467108, -0.00111560383812, 0.0119967497885, -0.00319491280243, 0.00294802244753], [0.000153380256961, 0.000355742988177, 0.000825836788863, 0.00157456891611, 0.000308286515065, 0.00140576693229, -0.00277053541504, -0.00059733807575, -0.00288163637742, 0.000329545960994, -0.00319491280243, 0.0105027891695, -0.00348858069628], [0.000373952876544, -0.000545159971807, -0.00130413041916, -0.000227393669775, 0.000495654530823, -0.000195135624381, -0.000117640563985, -0.000949259963818, 0.000924144056626, -0.000820342218503, 0.00294802244753, -0.00348858069628, 0.0145320314914]]
    },
    "spectral_contrast_coeffs": {
        "max": [-0.456547051668, -0.390632271767, -0.504204332829, -0.544283390045, -0.487730294466, -0.594465792179],
        "mean": [-0.710488677025, -0.715242624283, -0.724457681179, -0.773104965687, -0.718677997589, -0.765962123871],
        "min": [-0.951517164707, -0.899977087975, -0.944684863091, -0.938815951347, -0.947487592697, -0.904289841652],
        "stdev": [0.0707903578877, 0.0772273764014, 0.075554266572, 0.0645162761211, 0.077434912324, 0.0442787148058]
    },
    "spectral_contrast_valleys": {
        "max": [-5.88744020462, -5.11420345306, -5.69959402084, -6.33065986633, -6.56943750381, -8.93773841858],
        "mean": [-7.68319940567, -6.87224578857, -7.59740495682, -8.22176265717, -8.51761722565, -11.5886240005],
        "min": [-13.3915729523, -13.5692234039, -15.0709543228, -15.0971670151, -14.8124389648, -16.6204891205],
        "stdev": [0.979514598846, 0.960643291473, 1.19904065132, 1.11075186729, 1.21980214119, 1.44308269024]
    }
},
"rhythm": {
    "beats_count": 70,
    "beats_loudness": {
        "max": 0.0532761700451,
        "mean": 0.018769595772,
        "min": 3.31722076226e-05,
        "stdev": 0.013565801084
    },
    "bpm": 90.7357177734,
    "bpm_histogram_first_peak_bpm": 91,
    "bpm_histogram_first_peak_weight": 0.219512164593,
    "bpm_histogram_second_peak_bpm": 85,
    "bpm_histogram_second_peak_spread": 0,
    "bpm_histogram_second_peak_weight": 0.101449273527,
    "danceability": 0.872924387455,
    "onset_rate": 2.92847084999,
    "beats_loudness_band_ratio": {
        "max": [0.627614080906, 0.864413976669, 0.744218587875, 0.737365067005, 0.636353850365, 0.293257176876],
        "mean": [0.152187094092, 0.15162268281, 0.289913862944, 0.257245868444, 0.157756924629, 0.0389780774713],
        "min": [0.00068824540358, 0.00461666565388, 0.0112824831158, 0.0023321188055, 0.000730259169359, 0.000267362018349],
        "stdev": [0.134789645672, 0.161221340299, 0.153891906142, 0.166898608208, 0.122755646706, 0.0543665848672]
    },
