{
"metadata": {
    "version": {
        "essentia": "2.1-beta5",
        "essentia_git_sha": "Undefined",
        "extractor": "music 2.0"
    },
    "audio_properties": {
        "analysis": {
            "equal_loudness": 0,
            "length": 12.7477550507,
            "sample_rate": 44100,
            "start_time": 0,
            "downmix": "mix"
        },
        "bit_rate": 192000,
        "length": 193.201644897,
        "lossless": 0,
        "number_channels": 1,
        "replay_gain": -13.7479038239,
        "sample_rate": 48000,
        "codec": "mp3",
        "md5_encoded": "8ef3e1fa72b3dca340c2df46ccb2e2aa"
    },
    "tags": {
        "file_name": "Germany_Rücksicht_Hoffmann und Hoffmann.mp3",
        "encoding": ["Lavf58.29.100"]
    }
},
"lowlevel": {
    "average_loudness": 0.973702788353,
    "barkbands_crest": {
        "max": 20.0207252502,
        "mean": 8.21866893768,
        "min": 2.72494387627,
        "stdev": 3.43956327438
    },
    "barkbands_flatness_db": {
        "max": 0.286698400974,
        "mean": 0.176576957107,
        "min": 0.0435140505433,
        "stdev": 0.042106423527
    },
    "barkbands_kurtosis": {
        "max": 12.2272500992,
        "mean": 0.85081243515,
        "min": -1.54832339287,
        "stdev": 1.8766695261
    },
    "barkbands_skewness": {
        "max": 2.64912486076,
        "mean": 0.570587515831,
        "min": -1.98614311218,
        "stdev": 0.682336449623
    },
    "barkbands_spread": {
        "max": 51.2550468445,
        "mean": 16.2936763763,
        "min": 3.26574015617,
        "stdev": 7.57882404327
    },
    "dissonance": {
        "max": 0.499978095293,
        "mean": 0.457857012749,
        "min": 0.295129030943,
        "stdev": 0.0391658581793
    },
    "dynamic_complexity": 1.10168337822,
    "erbbands_crest": {
        "max": 25.7221088409,
        "mean": 8.94969940186,
        "min": 3.11062550545,
        "stdev": 4.44905233383
    },
    "erbbands_flatness_db": {
        "max": 0.336202919483,
        "mean": 0.240487143397,
        "min": 0.104593507946,
        "stdev": 0.0423975512385
    },
    "erbbands_kurtosis": {
        "max": 10.8179178238,
        "mean": 0.594060957432,
        "min": -1.61999666691,
        "stdev": 1.94155049324
    },
    "erbbands_skewness": {
        "max": 2.22097969055,
        "mean": 0.347103595734,
        "min": -1.82110333443,
        "stdev": 0.571056783199
    },
    "erbbands_spread": {
        "max": 72.9135971069,
        "mean": 24.4147891998,
        "min": 4.36676502228,
        "stdev": 11.4997167587
    },
    "hfc": {
        "max": 67.6097717285,
        "mean": 28.6258716583,
        "min": 1.21094119775e-16,
        "stdev": 15.7335758209
    },
    "loudness_ebu128": {
        "integrated": -12.9267835617,
        "loudness_range": 0.862581253052,
        "momentary": {
            "max": -10.87084198,
            "mean": -13.1358337402,
            "min": -17.0750408173,
            "stdev": 1.40127360821
        },
        "short_term": {
            "max": -12.2542228699,
            "mean": -12.7824668884,
            "min": -14.4986352921,
            "stdev": 0.472390025854
        }
    },
    "melbands_crest": {
        "max": 22.4471206665,
        "mean": 10.3676013947,
        "min": 2.44310474396,
        "stdev": 4.60581588745
    },
    "melbands_flatness_db": {
        "max": 0.320489883423,
        "mean": 0.164303779602,
        "min": 0.00593608664349,
        "stdev": 0.0761968493462
    },
    "melbands_kurtosis": {
        "max": 25.0406074524,
        "mean": 2.71669888496,
        "min": -1.61421656609,
        "stdev": 3.99360513687
    },
    "melbands_skewness": {
        "max": 4.75095462799,
        "mean": 1.09663498402,
        "min": -0.80650049448,
        "stdev": 0.888880908489
    },
    "melbands_spread": {
        "max": 139.773071289,
        "mean": 27.3392066956,
        "min": 4.01595067978,
        "stdev": 13.7720298767
    },
    "pitch_salience": {
        "max": 0.842074990273,
        "mean": 0.599294483662,
        "min": 0.312929272652,
        "stdev": 0.128650695086
    },
    "silence_rate_20dB": {
        "max": 1,
        "mean": 1,
        "min": 1,
        "stdev": 0
    },
    "silence_rate_30dB": {
        "max": 1,
        "mean": 1,
        "min": 1,
        "stdev": 0
    },
    "silence_rate_60dB": {
        "max": 1,
        "mean": 0.00545454537496,
        "min": 0,
        "stdev": 0.0736535340548
    },
    "spectral_centroid": {
        "max": 11161.7929688,
        "mean": 1655.31030273,
        "min": 422.0234375,
        "stdev": 860.355712891
    },
    "spectral_complexity": {
        "max": 59,
        "mean": 27.7181816101,
        "min": 0,
        "stdev": 13.3522472382
    },
    "spectral_decrease": {
        "max": -2.90613409607e-29,
        "mean": -5.61733948246e-09,
        "min": -1.23283214748e-08,
        "stdev": 2.19212092922e-09
    },
    "spectral_energy": {
        "max": 0.0513467080891,
        "mean": 0.0237975902855,
        "min": 1.10932844598e-20,
        "stdev": 0.00888368207961
    },
    "spectral_energyband_high": {
        "max": 0.0051129264757,
        "mean": 0.000976045441348,
        "min": 8.35523019836e-21,
        "stdev": 0.00114328332711
    },
    "spectral_energyband_low": {
        "max": 0.0219761487097,
        "mean": 0.0012514712289,
        "min": 5.11733122584e-23,
        "stdev": 0.00217596394941
    },
    "spectral_energyband_middle_high": {
        "max": 0.030552810058,
        "mean": 0.0112014869228,
        "min": 1.41267211618e-21,
        "stdev": 0.0060827662237
    },
    "spectral_energyband_middle_low": {
        "max": 0.0361085943878,
        "mean": 0.0108057064936,
        "min": 2.90816261148e-22,
        "stdev": 0.00794405862689
    },
    "spectral_entropy": {
        "max": 9.78214263916,
        "mean": 7.47000789642,
        "min": 6.3241147995,
        "stdev": 0.538111150265
    },
    "spectral_flux": {
        "max": 0.179785594344,
        "mean": 0.0742955952883,
        "min": 1.05324658717e-10,
        "stdev": 0.0255750864744
    },
    "spectral_kurtosis": {
        "max": 36.8624458313,
        "mean": 5.141954422,
        "min": -1.20343983173,
        "stdev": 5.54796218872
    },
    "spectral_rms": {
        "max": 0.00707773631439,
        "mean": 0.00472154235467,
        "min": 3.28978966464e-12,
        "stdev": 0.000961354235187
    },
    "spectral_rolloff": {
        "max": 18798.4863281,
        "mean": 2146.31469727,
        "min": 301.46484375,
        "stdev": 1544.25280762
    },
    "spectral_skewness": {
        "max": 4.05799484253,
        "mean": 1.38113772869,
        "min": -0.0290274340659,
        "stdev": 0.664997458458
    },
    "spectral_spread": {
        "max": 41007020,
        "mean": 3088973.25,
        "min": 1434627.875,
        "stdev": 1793938.75
    },
    "spectral_strongpeak": {
        "max": 6.12277793884,
        "mean": 1.71074032784,
        "min": 0,
        "stdev": 1.09789502621
    },
    "zerocrossingrate": {
        "max": 0.83251953125,
        "mean": 0.0746537670493,
        "min": 0.02099609375,
        "stdev": 0.056124098599
    },
    "barkbands": {
        "max": [0.00088445370784, 0.0188565291464, 0.00737523240969, 0.00489053595811, 0.0170754902065, 0.0217704046518, 0.0241904035211, 0.0234166570008, 0.00888153817505, 0.0292557384819, 0.0170683842152, 0.0106262518093, 0.00817609298974, 0.0126509973779, 0.0102098304778, 0.00726237380877, 0.00888333283365, 0.00815902743489, 0.0033157102298, 0.00329565024003, 0.00174062675796, 0.00148187973537, 0.00172560743522, 0.000757648784202, 6.42593076918e-05, 1.30335550352e-07, 1.61616654282e-07],
        "mean": [2.3372400392e-05, 0.000675439077895, 0.000444011442596, 0.000379852746846, 0.00179378921166, 0.0019593546167, 0.00212055584416, 0.00276981014758, 0.00117033149581, 0.00233237841167, 0.00201176689006, 0.00124919088557, 0.000595800811425, 0.00101791182533, 0.000905464636162, 0.000903298787307, 0.0010956809856, 0.000647974200547, 0.000502572627738, 0.000411020300817, 0.000313675001962, 0.000202951559913, 0.000168584621861, 9.42543047131e-05, 8.55870075611e-06, 1.03909703064e-09, 1.1181857662e-09],
        "min": [1.55138300699e-23, 1.53651455665e-23, 1.84660173677e-23, 2.32083667177e-23, 1.00968850547e-22, 4.44209689877e-23, 1.29038222339e-23, 3.83120900911e-23, 5.05755765733e-23, 5.49465160096e-23, 4.77145610858e-23, 1.5522899446e-22, 7.18364255763e-23, 1.16537739952e-22, 7.89369752059e-23, 1.71441827867e-22, 1.23072108333e-22, 1.79269789293e-22, 2.98914896527e-22, 3.64102221793e-22, 4.95822782624e-22, 7.07280823153e-22, 8.02596374598e-22, 1.0464749575e-21, 1.30203388197e-21, 1.63695236497e-21, 2.43891477308e-21],
        "stdev": [7.2186208854e-05, 0.00154354469851, 0.000889049668331, 0.00050125841517, 0.00196202471852, 0.00351404491812, 0.00351334759034, 0.00455699535087, 0.00143978290725, 0.00322600291111, 0.00267808651552, 0.00118330167606, 0.000772199884523, 0.00132693129126, 0.00124243379105, 0.00102728232741, 0.00129045196809, 0.000774958985858, 0.000549989752471, 0.000454732391518, 0.000371567293769, 0.00026991465711, 0.000241048473981, 0.000132158878841, 1.34627543957e-05, 5.62087443257e-09, 6.94184620897e-09]
    },
    "erbbands": {
        "max": [0.384939491749, 4.64779520035, 9.05326080322, 13.4490919113, 26.751663208, 74.2578277588, 122.188148499, 267.378479004, 391.310119629, 414.315948486, 310.179656982, 272.289398193, 822.890075684, 331.115142822, 826.131408691, 267.124816895, 354.048553467, 281.610717773, 418.024475098, 435.053009033, 392.049621582, 481.921691895, 392.625152588, 215.909347534, 227.535629272, 135.011657715, 78.0470809937, 61.6648635864, 53.6674003601, 54.1902770996, 53.6792831421, 23.4508934021, 8.20594787598, 1.6275178194, 0.0761243626475, 0.00250250473619, 0.000313085212838, 0.000112622619781, 3.79874836653e-05, 6.27928602626e-05],
        "mean": [0.0139808338135, 0.171109631658, 0.568142294884, 0.809274315834, 4.37315273285, 5.41101884842, 10.3823137283, 19.2869796753, 33.0627632141, 49.5822143555, 38.2582511902, 26.5510540009, 63.9777984619, 39.4919776917, 107.301139832, 46.9558372498, 30.5169715881, 43.6489067078, 46.9845962524, 52.6833267212, 47.1865119934, 61.6996955872, 42.6343650818, 28.7215862274, 25.0020942688, 17.939704895, 14.1105117798, 11.2575874329, 7.61764192581, 6.0089597702, 4.59054327011, 2.66055250168, 1.14630126953, 0.219493940473, 0.00729031488299, 0.000378644501325, 5.9944086388e-05, 1.58722596098e-05, 1.73188345798e-05, 3.07337795675e-05],
        "min": [6.2058230861e-22, 3.27013273788e-21, 2.05355034923e-20, 5.55461604099e-20, 1.7206258885e-19, 4.56349650284e-19, 3.02948230204e-19, 3.20733311307e-19, 2.58371415295e-19, 2.62053299599e-19, 1.12007534129e-18, 9.03521421478e-19, 1.64161344129e-18, 1.68588569864e-18, 2.49602556339e-18, 6.92127247532e-18, 4.06534910601e-18, 5.09655133511e-18, 3.55486120842e-18, 6.14270278582e-18, 1.07282115987e-17, 7.47450575824e-18, 7.80293864764e-18, 1.44304172489e-17, 1.49991188093e-17, 1.63770015321e-17, 2.02197650206e-17, 2.07881522524e-17, 2.87552068423e-17, 1.90365360939e-17, 2.57106941515e-17, 2.10067099138e-17, 1.83610273185e-17, 1.39178680172e-17, 1.03674400833e-17, 6.17093404654e-18, 2.87911875446e-18, 1.29488352354e-18, 2.81976306543e-19, 3.80641472968e-20],
        "stdev": [0.0402996279299, 0.378678977489, 1.06155025959, 1.13184988499, 4.65007686615, 6.73297357559, 16.7962303162, 39.3787765503, 54.0054779053, 78.2649307251, 56.0575904846, 33.3262901306, 87.7405166626, 40.7401618958, 130.628662109, 36.2723350525, 33.710735321, 47.8551673889, 56.0813407898, 59.8688545227, 53.3559646606, 71.5960617065, 47.1700363159, 30.230922699, 31.5292873383, 19.1409702301, 16.159942627, 13.5062961578, 10.1549100876, 8.41147708893, 6.62085199356, 3.79332232475, 1.61658990383, 0.328695446253, 0.0116558363661, 0.000515174586326, 6.61155572743e-05, 1.63552012964e-05, 7.31148247723e-06, 1.09277889351e-05]
    },
    "gfcc": {
        "mean": [-25.4960803986, 122.329460144, -193.178237915, 36.1983337402, -78.8407974243, 5.5026307106, -26.3688964844, -11.0602302551, -3.77439546585, -26.681640625, 6.02465486526, -16.5031108856, 4.05059766769],
        "cov": [[7153.46337891, -392.040374756, -1190.83203125, 618.295898438, -471.950775146, 217.875732422, -328.540435791, 2.23522639275, 29.8562545776, -50.9165039062, -14.4511728287, -146.138031006, 41.253993988], [-392.040374756, 3032.43676758, 1029.24414062, -420.3152771, 417.185028076, -640.12109375, 500.553039551, -146.096389771, 47.9796409607, -216.035430908, 168.033462524, 18.7960510254, -31.4738693237], [-1190.83203125, 1029.24414062, 959.489501953, 26.355796814, 89.9746246338, -9.94576263428, 163.629852295, -46.6482543945, -87.5768966675, -119.929641724, 70.6968765259, 74.7659072876, 71.4336853027], [618.295898438, -420.3152771, 26.355796814, 454.846679688, -57.9877281189, 156.690185547, -122.698287964, 30.6949996948, -27.0664710999, 26.8979701996, -10.9406337738, -8.46779823303, 41.3338508606], [-471.950775146, 417.185028076, 89.9746246338, -57.9877281189, 226.328384399, -169.164794922, 106.600166321, 8.42579746246, 46.4053688049, 9.62666416168, 10.2630805969, -16.3060073853, -47.7930107117], [217.875732422, -640.12109375, -9.94576263428, 156.690185547, -169.164794922, 414.676849365, -72.9787063599, 25.3345108032, -97.2485046387, -47.7131309509, -49.4935417175, 17.7945957184, 64.4638519287], [-328.540435791, 500.553039551, 163.629852295, -122.698287964, 106.600166321, -72.9787063599, 178.598968506, 2.00689768791, 6.6710600853, -52.8174362183, 2.49340963364, -11.5609560013, -24.5098457336], [2.23522639275, -146.096389771, -46.6482543945, 30.6949996948, 8.42579746246, 25.3345108032, 2.00689768791, 72.9693374634, 27.9838848114, 25.548784256, -22.4246196747, -32.9494132996, -19.5442771912], [29.8562545776, 47.9796409607, -87.5768966675, -27.0664710999, 46.4053688049, -97.2485046387, 6.6710600853, 27.9838848114, 87.7238235474, 48.3773422241, 5.28253698349, -23.5524272919, -33.1250305176], [-50.9165039062, -216.035430908, -119.929641724, 26.8979701996, 9.62666416168, -47.7131309509, -52.8174362183, 25.548784256, 48.3773422241, 98.501411438, 20.5265769958, -3.79576158524, -10.8115291595], [-14.4511728287, 168.033462524, 70.6968765259, -10.9406337738, 10.2630805969, -49.4935417175, 2.49340963364, -22.4246196747, 5.28253698349, 20.5265769958, 76.0751037598, 49.7715072632, 22.850446701], [-146.138031006, 18.7960510254, 74.7659072876, -8.46779823303, -16.3060073853, 17.7945957184, -11.5609560013, -32.9494132996, -23.5524272919, -3.79576158524, 49.7715072632, 87.7797088623, 52.5452613831], [41.253993988, -31.4738693237, 71.4336853027, 41.3338508606, -47.7930107117, 64.4638519287, -24.5098457336, -19.5442771912, -33.1250305176, -10.8115291595, 22.850446701, 52.5452613831, 80.0430526733]],
        "icov": [[0.00144038023427, -0.0038385996595, 0.00495239486918, -0.00329432892613, 0.00364784803241, -0.00272756069899, 0.00289626698941, -0.00310189416632, 0.00177209067624, -0.00123678892851, 0.00156188046094, -0.00185339094605, 0.000871058553457], [-0.0038385996595, 0.0142658902332, -0.0155595960096, 0.00949476659298, -0.0110380696133, 0.0111231599003, -0.0113006820902, 0.0116284526885, -0.0084497705102, 0.0117911035195, -0.0127740725875, 0.0123505163938, -0.00596422934905], [0.00495239486918, -0.0155595960096, 0.0202723871917, -0.012313362211, 0.0128226336092, -0.0113156689331, 0.0106791555882, -0.0131854657084, 0.00962173566222, -0.00760151864961, 0.00858424603939, -0.0107343029231, 0.00396721111611], [-0.00329432892613, 0.00949476659298, -0.012313362211, 0.0113200712949, -0.0100921746343, 0.00560393976048, -0.00390814431012, 0.00663708569482, -0.00463008554652, 0.00434243865311, -0.00633435230702, 0.00824269838631, -0.00447290902957], [0.00364784803241, -0.0110380696133, 0.0128226336092, -0.0100921746343, 0.0195535607636, -0.00505263125524, 0.00267670932226, -0.00921497773379, 0.00534125324339, -0.00879452377558, 0.0098326979205, -0.0106699978933, 0.00708176242188], [-0.00272756069899, 0.0111231599003, -0.0113156689331, 0.00560393976048, -0.00505263125524, 0.0151147386059, -0.00964325852692, 0.00467017944902, -0.00214876583777, 0.0113741233945, -0.00766494125128, 0.00775185832754, -0.00627159280702], [0.00289626698941, -0.0113006820902, 0.0106791555882, -0.00390814431012, 0.00267670932226, -0.00964325852692, 0.0241748373955, -0.0130566619337, 0.00521817011759, -0.0015589405084, 0.00688778888434, -0.00681454921141, 0.00458649825305], [-0.00310189416632, 0.0116284526885, -0.0131854657084, 0.00663708569482, -0.00921497773379, 0.00467017944902, -0.0130566619337, 0.0342826582491, -0.0145176155493, 0.00185945164412, -0.00626515597105, 0.0149269979447, -0.0041468013078], [0.00177209067624, -0.0084497705102, 0.00962173566222, -0.00463008554652, 0.00534125324339, -0.00214876583777, 0.00521817011759, -0.0145176155493, 0.0313373096287, -0.0164272580296, 0.00846251565963, -0.00797462835908, 0.00611002696678], [-0.00123678892851, 0.0117911035195, -0.00760151864961, 0.00434243865311, -0.00879452377558, 0.0113741233945, -0.0015589405084, 0.00185945164412, -0.0164272580296, 0.0439013801515, -0.0295277591795, 0.0186727717519, -0.00931637361646], [0.00156188046094, -0.0127740725875, 0.00858424603939, -0.00633435230702, 0.0098326979205, -0.00766494125128, 0.00688778888434, -0.00626515597105, 0.00846251565963, -0.0295277591795, 0.0516118519008, -0.0350073538721, 0.0101663982496], [-0.00185339094605, 0.0123505163938, -0.0107343029231, 0.00824269838631, -0.0106699978933, 0.00775185832754, -0.00681454921141, 0.0149269979447, -0.00797462835908, 0.0186727717519, -0.0350073538721, 0.0489348508418, -0.0228292755783], [0.000871058553457, -0.00596422934905, 0.00396721111611, -0.00447290902957, 0.00708176242188, -0.00627159280702, 0.00458649825305, -0.0041468013078, 0.00611002696678, -0.00931637361646, 0.0101663982496, -0.0228292755783, 0.0314941778779]]
    },
    "melbands": {
        "max": [0.00452899374068, 0.0040837880224, 0.00204042647965, 0.00366231496446, 0.00325666670687, 0.00526509433985, 0.00498643843457, 0.00515959598124, 0.00226421328261, 0.00173765828367, 0.00440098997205, 0.00183157308493, 0.00234076147899, 0.00135117652826, 0.000714508409146, 0.00108892132994, 0.00071222265251, 0.000982295023277, 0.00107194564771, 0.000486271601403, 0.000521054374985, 0.000514059036504, 0.000460527109681, 0.000631323724519, 0.000173093692865, 0.000126197992358, 0.000220759771764, 7.58440437494e-05, 4.78434922115e-05, 4.40796829935e-05, 4.10347638535e-05, 3.26110639435e-05, 2.75679776678e-05, 3.97462172259e-05, 3.55706542905e-05, 2.1416160962e-05, 1.45901294673e-05, 6.91140303388e-06, 4.44932265964e-06, 8.22382617116e-07],
        "mean": [0.000155789850396, 0.00026657289709, 0.00024884173763, 0.000369640183635, 0.000342580955476, 0.000446715741418, 0.000447723898105, 0.000599821854848, 0.000289893243462, 0.000158260576427, 0.000338423415087, 0.000174405286089, 0.000293475983199, 0.00020283338381, 9.25661952351e-05, 5.67350834899e-05, 8.81238520378e-05, 7.60383336456e-05, 7.92623613961e-05, 6.92843168508e-05, 4.95458698424e-05, 6.49999201414e-05, 4.86229328089e-05, 3.31207484123e-05, 2.21574227908e-05, 1.57895810844e-05, 1.83207594091e-05, 1.07186415335e-05, 8.95270295587e-06, 7.63851585361e-06, 6.13210204392e-06, 4.42521286459e-06, 3.52652000402e-06, 3.29702038471e-06, 2.80473273051e-06, 2.03543822863e-06, 1.4625767335e-06, 8.93396475021e-07, 4.52543815754e-07, 8.10419180652e-08],
        "min": [5.11941855179e-24, 8.23086818885e-24, 1.13810311748e-23, 2.54990657474e-23, 1.13806430553e-23, 7.32665846435e-24, 3.81054369329e-24, 3.12984843717e-24, 1.02025629126e-23, 5.99378803484e-24, 8.31312508202e-24, 6.79550658395e-24, 7.62565568009e-24, 1.50172310861e-23, 1.70254626915e-23, 5.83640910095e-24, 1.02592906891e-23, 5.8557953577e-24, 6.81785106909e-24, 7.94038436e-24, 1.40455532438e-23, 7.71453269398e-24, 6.22023765743e-24, 7.92014140031e-24, 1.18379835874e-23, 1.26150210453e-23, 8.66151209018e-24, 1.15820518662e-23, 1.41286108308e-23, 1.03143531803e-23, 1.21381972266e-23, 1.607127074e-23, 1.38892341445e-23, 9.553656976e-24, 1.48772003868e-23, 1.26017476717e-23, 1.37362314165e-23, 1.2158566404e-23, 1.26388832988e-23, 1.12201035502e-23],
        "stdev": [0.000390529050492, 0.000477445719298, 0.000246611161856, 0.000406346458476, 0.000485520926304, 0.000814845028799, 0.000745116209146, 0.000979594886303, 0.000429887906648, 0.000206318843993, 0.000470752740512, 0.000219180466956, 0.00036418766831, 0.000182086587301, 9.9879624031e-05, 8.64021712914e-05, 0.00010446926899, 0.000103210237285, 0.000121045319247, 7.81194394222e-05, 6.52786402497e-05, 7.75594016886e-05, 5.78232502448e-05, 4.85320488224e-05, 2.47942116403e-05, 1.87274927157e-05, 2.64009831881e-05, 1.22964165712e-05, 1.0458234101e-05, 8.9499162641e-06, 7.81504786573e-06, 5.9923140725e-06, 5.02726834384e-06, 4.80208382214e-06, 4.11536484535e-06, 2.99458861264e-06, 2.14175656765e-06, 1.28802037125e-06, 6.83075143115e-07, 1.35610989105e-07]
    },
    "melbands128": {
        "max": [0.000842040870339, 0.00342493504286, 0.00697377417237, 0.00822641607374, 0.00547348707914, 0.00276914378628, 0.00314286909997, 0.00198865821585, 0.00361815723591, 0.0047742142342, 0.00489392690361, 0.00295347743668, 0.00556477485225, 0.00422079302371, 0.0101450532675, 0.00325589161366, 0.0106846420094, 0.00582983763888, 0.00856555718929, 0.00532877352089, 0.00863142963499, 0.00547880260274, 0.00185233331285, 0.00271863443777, 0.00253253313713, 0.00263755163178, 0.00184014858678, 0.00642780773342, 0.00819796696305, 0.00196944456547, 0.000534359016456, 0.000529993441887, 0.0021791793406, 0.0055288891308, 0.00364172551781, 0.00102701678406, 0.000795551983174, 0.00156850239728, 0.000807560689282, 0.00110584672075, 0.00183169241063, 0.000531607947778, 0.000644366373308, 0.000804835231975, 0.00313993915915, 0.000765889533795, 0.000532104691956, 0.00266057439148, 0.000509932404384, 0.00135229935404, 0.000955224211793, 0.000910416885745, 0.00059740251163, 0.000730605213903, 0.000509870005772, 0.000775162945502, 0.00053192867199, 0.00115557585377, 0.000295554316835, 0.00054862088291, 0.00131378218066, 0.000357420038199, 0.000413584552007, 0.00025644552079, 0.000265598006081, 0.000165116973221, 0.00019154282927, 0.000535749655683, 0.000266521528829, 0.000116465627798, 9.25603380892e-05, 0.000111747125629, 7.21733740647e-05, 7.91730926721e-05, 0.000136124086566, 7.05898710294e-05, 5.28927121195e-05, 5.28069285792e-05, 6.28360139672e-05, 5.92141550442e-05, 3.86059437005e-05, 4.40182266175e-05, 4.00492353947e-05, 4.30229847552e-05, 4.15883732785e-05, 4.02214718633e-05, 6.32840019534e-05, 2.82463279291e-05, 4.68573198305e-05, 4.53365100839e-05, 2.18003769987e-05, 2.61507302639e-05, 2.14475803659e-05, 1.81291743502e-05, 1.75205968844e-05, 1.2439449165e-05, 9.82105302683e-06, 6.39198742647e-06, 6.46590751785e-06, 3.42394787367e-06, 1.70308919678e-06, 8.85841814124e-07, 3.31274975451e-07, 2.98295752543e-08, 1.26887877983e-09, 2.40502240345e-09, 7.65472962794e-10, 7.97641952488e-10, 8.16849199392e-10, 8.1828360754e-10, 8.18853151952e-10, 8.15403633503e-10, 8.06818889476e-10, 7.88784759731e-10, 7.76590736162e-10, 7.61213203582e-10, 7.50117024051e-10, 7.33229477135e-10, 7.23997528596e-10, 7.12985281925e-10, 6.98050894865e-10, 6.87552625944e-10, 6.80265899167e-10, 6.72156386106e-10, 6.63834209824e-10, 6.57836507489e-10, 6.53788634342e-10, 6.50652032252e-10],
        "mean": [1.89155107364e-05, 9.33745977818e-05, 0.000190552716958, 0.000316040503094, 0.000340462604072, 0.000175804860191, 0.000112230838567, 0.000234335311688, 0.000518519722391, 0.000404460442951, 0.00025002588518, 0.000292066222755, 0.000325434608385, 0.000454926223028, 0.000504952913616, 0.000259216700215, 0.000700876407791, 0.000447423837613, 0.000220828645979, 0.000537467538379, 0.000965020561125, 0.00029389228439, 0.0002117503318, 0.000258734507952, 0.000136127448059, 0.000143408717122, 0.000113400914415, 0.000351907685399, 0.000621166662313, 0.000177934314706, 5.32581289008e-05, 5.05768657604e-05, 0.000234584105783, 0.000638807076029, 0.000221336114919, 8.79529543454e-05, 8.73761455296e-05, 0.000134706366225, 5.69874464418e-05, 5.7201643358e-05, 6.03357912041e-05, 4.87416109536e-05, 7.95285595814e-05, 0.000108550942969, 0.000118177558761, 5.15495121363e-05, 4.79649715999e-05, 0.000115432820166, 6.64821927785e-05, 5.40901928616e-05, 8.74651523191e-05, 6.73461181577e-05, 4.23999154009e-05, 5.05904390593e-05, 4.24508689321e-05, 7.71743143559e-05, 6.7073124228e-05, 6.62112142891e-05, 3.25924593199e-05, 3.52740353264e-05, 4.09628009947e-05, 2.06988770515e-05, 3.01076943288e-05, 2.01315815502e-05, 1.42318567669e-05, 1.36901835504e-05, 1.44678488141e-05, 2.93669072562e-05, 1.57990198204e-05, 1.04696518974e-05, 1.02389521999e-05, 1.17735244203e-05, 9.28317240323e-06, 7.87255885371e-06, 9.37916320254e-06, 7.66444100009e-06, 6.91789591656e-06, 7.10368249202e-06, 6.14907548879e-06, 5.12551332577e-06, 4.61310310129e-06, 4.11397149946e-06, 3.85875409847e-06, 3.44145155395e-06, 3.32629770128e-06, 3.25042105942e-06, 3.41188228958e-06, 3.098359457e-06, 2.87387433673e-06, 2.55793111137e-06, 2.11553083318e-06, 1.95684788196e-06, 1.76697653842e-06, 1.46550053159e-06, 1.33402386382e-06, 1.00778618162e-06, 8.28038139389e-07, 6.6078899863e-07, 4.91172613692e-07, 3.56615316832e-07, 1.52793674602e-07, 1.90986924054e-08, 6.28994234475e-09, 1.92578883396e-10, 1.64262249636e-11, 3.83331040521e-11, 9.31121412612e-12, 7.30241735136e-12, 7.05062614195e-12, 6.79953532715e-12, 6.61397586005e-12, 6.33598382094e-12, 6.17126055119e-12, 5.94292974207e-12, 5.72701955304e-12, 5.54523701263e-12, 5.39119833845e-12, 5.20608946578e-12, 5.0751594767e-12, 4.95516778651e-12, 4.83373714319e-12, 4.73340854359e-12, 4.65310689285e-12, 4.57395189432e-12, 4.48922539767e-12, 4.40189291268e-12, 4.34622953946e-12, 4.32011110912e-12],
        "min": [3.41024017124e-24, 5.50309998571e-24, 5.95993998554e-24, 4.2245954832e-24, 1.0260998573e-23, 7.62040659963e-24, 1.16629763733e-23, 1.02585665148e-23, 1.17373273024e-23, 3.74507644231e-23, 2.77932326097e-23, 8.04246532772e-24, 1.03040530235e-23, 1.06978760532e-23, 5.87970928161e-24, 8.03630116861e-24, 2.99459527674e-24, 4.81726747015e-24, 1.79745191584e-24, 1.65708713396e-24, 5.23781907949e-24, 4.04636025027e-24, 1.59410140273e-23, 9.4656437648e-24, 2.70772383919e-24, 4.63165796549e-24, 1.17450281626e-23, 8.2733664924e-24, 5.0031357212e-24, 1.0458754169e-23, 2.8813724376e-24, 8.75220900617e-24, 1.07222455443e-23, 3.22517300845e-24, 1.04894242922e-23, 1.85228863504e-23, 2.25775335844e-23, 1.88346078925e-23, 1.52386958966e-23, 4.04270900757e-24, 2.9637437156e-24, 7.7892196779e-24, 1.24938953976e-23, 8.98704737563e-24, 1.08630217171e-23, 3.62745144377e-24, 2.93082277509e-24, 4.7816117461e-24, 1.15631815244e-23, 7.54483135832e-24, 8.03057088299e-24, 3.58419070616e-24, 2.10861920431e-23, 1.3569699724e-23, 9.76213398059e-24, 7.25283922742e-24, 6.3386689507e-24, 5.33103916709e-24, 7.71766762721e-24, 5.40060368272e-24, 7.68749369759e-24, 8.7642186246e-24, 1.08654687636e-23, 1.40517805118e-23, 1.18869489726e-23, 1.56093232602e-23, 1.04207034633e-23, 8.30625173696e-24, 8.27552244925e-24, 9.38044836476e-24, 1.05175235176e-23, 1.18492043449e-23, 1.61520295863e-23, 1.61935157813e-23, 9.9608362097e-24, 6.70463296311e-24, 1.5011384049e-23, 1.10490303854e-23, 1.16704705519e-23, 1.26287574803e-23, 1.05754274858e-23, 2.41638650228e-23, 1.6528141111e-23, 1.31297606746e-23, 9.93792611129e-24, 8.75552458856e-24, 7.14813293061e-24, 1.61666392903e-23, 1.09610084967e-23, 2.02814608342e-23, 1.59167975753e-23, 8.90427693401e-24, 8.65329294841e-24, 1.84804771881e-23, 1.31141207183e-23, 8.91715035513e-24, 1.34110503296e-23, 1.46598865623e-23, 1.02685976701e-23, 1.42826185676e-23, 1.30791213265e-23, 9.89541913027e-24, 9.73640922647e-24, 8.40570343128e-24, 1.31704209322e-23, 1.59996248149e-23, 7.22616705136e-24, 9.94022879627e-24, 1.10832495938e-23, 1.29974647565e-23, 7.15857350469e-24, 1.11845188236e-23, 8.82448838662e-24, 7.18927675998e-24, 8.60407512767e-24, 1.40788936611e-23, 8.3158032648e-24, 1.1826523805e-23, 8.06768678858e-24, 7.00654186445e-24, 7.83862130323e-24, 1.11993375757e-23, 9.52281803663e-24, 8.50111063574e-24, 1.60476869544e-23, 1.35644017341e-23, 9.25387247708e-24, 9.22167433037e-24],
        "stdev": [6.61031954223e-05, 0.000318002072163, 0.000593296659645, 0.00068318110425, 0.000642589991912, 0.000360702775652, 0.000248569762334, 0.000289778865408, 0.000615967263002, 0.000520843605045, 0.000397645460907, 0.000414029345848, 0.00065421249019, 0.000891998235602, 0.00140430987813, 0.000488659134135, 0.00134133908432, 0.000794302090071, 0.000892138923518, 0.000952945789322, 0.00171037355904, 0.000536111649126, 0.000373717426555, 0.000466541503556, 0.000252920930507, 0.000288973067654, 0.000215564054088, 0.000650420086458, 0.000982318189926, 0.000259940949036, 7.32701300876e-05, 7.19151648809e-05, 0.000345373438904, 0.000931623217184, 0.000339934398653, 0.000129457665025, 0.000116113558761, 0.000183863492566, 8.50491996971e-05, 9.6926902188e-05, 0.000122989586089, 7.64325741329e-05, 0.000109286920633, 0.000153831686475, 0.000266580551397, 7.59687245591e-05, 7.47017547837e-05, 0.000260437780526, 8.82625390659e-05, 0.000104966224171, 0.000112390313006, 9.10434464458e-05, 6.84985134285e-05, 9.35886491789e-05, 7.14380366844e-05, 0.000117584131658, 8.94888944458e-05, 0.000123829726363, 4.3637232011e-05, 5.37230262125e-05, 9.15543714655e-05, 3.14459357469e-05, 4.69377009722e-05, 2.60210108536e-05, 2.20208603423e-05, 1.93512423721e-05, 2.22771777771e-05, 6.32853698335e-05, 2.22873095481e-05, 1.49986472024e-05, 1.39477406265e-05, 1.52884440467e-05, 1.21887305795e-05, 1.12382103907e-05, 1.41286573125e-05, 9.84885991784e-06, 9.23913830775e-06, 9.14107840799e-06, 8.97728114069e-06, 7.47306057747e-06, 6.86596513333e-06, 6.12222947893e-06, 5.95087794864e-06, 5.58319197808e-06, 5.11352482135e-06, 4.99840734847e-06, 5.60356556889e-06, 4.78348101751e-06, 4.55577855973e-06, 4.26247288488e-06, 3.26566805597e-06, 3.12279667014e-06, 2.73341515822e-06, 2.32216848417e-06, 2.18624199988e-06, 1.58430782449e-06, 1.29430929974e-06, 9.9476176274e-07, 8.43404336592e-07, 5.76072693548e-07, 2.63711768866e-07, 8.17428258415e-08, 3.12530374913e-08, 1.78302606013e-09, 7.79041137156e-11, 1.9549500907e-10, 3.50497478263e-11, 3.4606539856e-11, 3.53375939621e-11, 3.53437765166e-11, 3.53289550392e-11, 3.51384581154e-11, 3.47377196452e-11, 3.39513868408e-11, 3.34092614684e-11, 3.27377049081e-11, 3.2246736531e-11, 3.15153528274e-11, 3.11071411685e-11, 3.06267199102e-11, 2.99833803619e-11, 2.95278211604e-11, 2.92091802134e-11, 2.88576679913e-11, 2.84998639272e-11, 2.8242288716e-11, 2.80678709441e-11, 2.79329562952e-11]
    },
    "mfcc": {
        "mean": [-627.575378418, 121.301620483, -42.4050369263, 12.3980751038, -19.1911563873, 1.20798552036, -10.4185209274, 9.22022438049, -7.95537281036, 0.207165464759, -11.5363407135, 3.23990631104, -4.86031627655],
        "cov": [[4373.56591797, -1700.90808105, -544.642089844, -58.3511276245, 83.6040420532, 103.163093567, -208.247573853, -100.190956116, -6.10121059418, 81.0330963135, -12.9670505524, 15.2249345779, -31.283864975], [-1700.90808105, 3482.34472656, 448.957580566, 502.849456787, -174.757080078, -199.502212524, 150.397888184, 179.659744263, -70.8646240234, -46.5152397156, -15.8617305756, 32.3850021362, 26.9822349548], [-544.642089844, 448.957580566, 804.02154541, 83.57421875, 52.8251266479, 114.04535675, 169.643295288, 106.235649109, -21.508644104, -114.070640564, -106.212814331, -45.1618270874, -9.99170398712], [-58.3511276245, 502.849456787, 83.57421875, 396.335906982, 67.6901473999, -46.5666542053, -10.0301151276, -22.2990665436, -19.788274765, 30.6382637024, 31.5410022736, 23.6142959595, 14.3691587448], [83.6040420532, -174.757080078, 52.8251266479, 67.6901473999, 111.063842773, 34.4811286926, 7.31552028656, -12.5797433853, 5.62519216537, 2.19834709167, 8.23437786102, 1.91583168507, 4.24572515488], [103.163093567, -199.502212524, 114.04535675, -46.5666542053, 34.4811286926, 120.10823822, 61.8024024963, 44.4371452332, 8.96046638489, -30.1955833435, -41.8535728455, -15.0377960205, -7.05935811996], [-208.247573853, 150.397888184, 169.643295288, -10.0301151276, 7.31552028656, 61.8024024963, 130.359634399, 73.9458389282, 22.2288341522, -25.3257827759, -34.1962966919, -15.0877819061, 1.63248705864], [-100.190956116, 179.659744263, 106.235649109, -22.2990665436, -12.5797433853, 44.4371452332, 73.9458389282, 110.91444397, 28.4989051819, -9.414270401, -28.925786972, -11.8358669281, -13.5481147766], [-6.10121059418, -70.8646240234, -21.508644104, -19.788274765, 5.62519216537, 8.96046638489, 22.2288341522, 28.4989051819, 75.7543182373, 41.5657958984, 10.0767002106, -10.1369848251, -5.94893884659], [81.0330963135, -46.5152397156, -114.070640564, 30.6382637024, 2.19834709167, -30.1955833435, -25.3257827759, -9.414270401, 41.5657958984, 98.0938262939, 46.5279350281, 6.57443809509, -5.71637678146], [-12.9670505524, -15.8617305756, -106.212814331, 31.5410022736, 8.23437786102, -41.8535728455, -34.1962966919, -28.925786972, 10.0767002106, 46.5279350281, 69.6937942505, 25.6921520233, 1.08670532703], [15.2249345779, 32.3850021362, -45.1618270874, 23.6142959595, 1.91583168507, -15.0377960205, -15.0877819061, -11.8358669281, -10.1369848251, 6.57443809509, 25.6921520233, 60.7840042114, 21.4041957855], [-31.283864975, 26.9822349548, -9.99170398712, 14.3691587448, 4.24572515488, -7.05935811996, 1.63248705864, -13.5481147766, -5.94893884659, -5.71637678146, 1.08670532703, 21.4041957855, 47.5273895264]],
        "icov": [[0.000345030566677, 0.000162382770213, 0.000197376619326, -0.000259075837675, 4.7166893637e-05, -0.000335434771841, 0.000435973226558, -0.000255122344242, 0.000234555860516, -0.000305417954223, 0.000672863970976, -0.000232472186326, 0.000194941501832], [0.000162382770213, 0.0008041888359, -0.000153606437379, -0.00108735752292, 0.001286203973, 0.00135278364178, -0.000517497130204, -0.00146787939593, 0.000756659428589, 0.000140350544825, 0.000126223938423, -0.000156957452418, -0.000188449368579], [0.000197376619326, -0.000153606437379, 0.00253195082769, -0.000526665826328, -0.00118543149438, -0.000755850807764, -0.00159328919835, -0.000228663760936, 0.000394842063542, 0.00118385010865, 0.00192064768635, 0.000342803774402, 0.000885330780875], [-0.000259075837675, -0.00108735752292, -0.000526665826328, 0.00520020443946, -0.00448860321194, 0.000757103262004, 0.000232503894949, 0.00156248256098, 0.000962691381574, -0.00234419805929, -6.60758305457e-05, -0.00056784064509, -0.000189503130969], [4.7166893637e-05, 0.001286203973, -0.00118543149438, -0.00448860321194, 0.0164078883827, -0.00481116399169, -9.44668281591e-05, 0.00117470964324, -0.00169103313237, 0.00184007221833, -0.00518185179681, 0.000989682739601, -0.00175114697777], [-0.000335434771841, 0.00135278364178, -0.000755850807764, 0.000757103262004, -0.00481116399169, 0.0205618701875, -0.00661453139037, -0.00454346369952, 0.00147389259655, 0.000551050005015, 0.00672742817551, -0.00218428508379, 0.00211998820305], [0.000435973226558, -0.000517497130204, -0.00159328919835, 0.000232503894949, -9.44668281591e-05, -0.00661453139037, 0.0189126804471, -0.00668044993654, -0.00381637341343, 0.00139247172046, -0.0010241298005, 0.00187773711514, -0.00448490632698], [-0.000255122344242, -0.00146787939593, -0.000228663760936, 0.00156248256098, 0.00117470964324, -0.00454346369952, -0.00668044993654, 0.0211357325315, -0.00665736431256, -0.000773527834099, 0.00384731404483, -0.00345741235651, 0.00616232026368], [0.000234555860516, 0.000756659428589, 0.000394842063542, 0.000962691381574, -0.00169103313237, 0.00147389259655, -0.00381637341343, -0.00665736431256, 0.0245039146394, -0.0112954713404, -0.000557104416657, 0.00384040689096, -0.00188815162983], [-0.000305417954223, 0.000140350544825, 0.00118385010865, -0.00234419805929, 0.00184007221833, 0.000551050005015, 0.00139247172046, -0.000773527834099, -0.0112954713404, 0.0230705048889, -0.011235720478, 0.00208087963983, 0.00100678345188], [0.000672863970976, 0.000126223938423, 0.00192064768635, -6.60758305457e-05, -0.00518185179681, 0.00672742817551, -0.0010241298005, 0.00384731404483, -0.000557104416657, -0.011235720478, 0.0353658087552, -0.0127104558051, 0.00688350107521], [-0.000232472186326, -0.000156957452418, 0.000342803774402, -0.00056784064509, 0.000989682739601, -0.00218428508379, 0.00187773711514, -0.00345741235651, 0.00384040689096, 0.00208087963983, -0.0127104558051, 0.0263485722244, -0.0121276881546], [0.000194941501832, -0.000188449368579, 0.000885330780875, -0.000189503130969, -0.00175114697777, 0.00211998820305, -0.00448490632698, 0.00616232026368, -0.00188815162983, 0.00100678345188, 0.00688350107521, -0.0121276881546, 0.0290903430432]]
    },
    "spectral_contrast_coeffs": {
        "max": [-0.480763673782, -0.474715024233, -0.471767276525, -0.599784374237, -0.584330976009, -0.587962150574],
        "mean": [-0.687030136585, -0.731564819813, -0.7114559412, -0.78494644165, -0.774403989315, -0.697102248669],
        "min": [-0.942802071571, -0.952199459076, -0.962182402611, -0.967135906219, -0.960378170013, -0.957790672779],
        "stdev": [0.0667788162827, 0.0977105870843, 0.0853168219328, 0.0529487356544, 0.0511237792671, 0.035740211606]
    },
    "spectral_contrast_valleys": {
        "max": [-5.64676094055, -5.03892707825, -5.48425722122, -5.63379526138, -5.8325009346, -8.98299407959],
        "mean": [-7.48827219009, -6.60282993317, -7.00255537033, -7.1669883728, -7.27779436111, -10.9398775101],
        "min": [-27.6901187897, -27.3761806488, -27.2373371124, -27.0831012726, -27.2342453003, -27.3604106903],
        "stdev": [1.32019662857, 1.13519382477, 1.16345620155, 1.28060543537, 1.31288695335, 1.39677035809]
    }
},
"rhythm": {
    "beats_count": 31,
    "beats_loudness": {
        "max": 0.0415717810392,
        "mean": 0.0244314409792,
        "min": 0.0112304203212,
        "stdev": 0.00836269836873
    },
    "bpm": 151.706634521,
    "bpm_histogram_first_peak_bpm": 152,
    "bpm_histogram_first_peak_weight": 0.20833337307,
    "bpm_histogram_second_peak_bpm": 157,
    "bpm_histogram_second_peak_spread": 0,
    "bpm_histogram_second_peak_weight": 0.10000000149,
    "danceability": 1.07166779041,
    "onset_rate": 2.11609268188,
    "beats_loudness_band_ratio": {
        "max": [0.688534080982, 0.584488034248, 0.604128956795, 0.707791805267, 0.529867291451, 0.296162456274],
        "mean": [0.134667173028, 0.162370622158, 0.251196026802, 0.23280762136, 0.192444801331, 0.0915297940373],
        "min": [0.00170727516524, 0.00815546792001, 0.0213171038777, 0.0337420515716, 0.0190171524882, 0.00346046662889],
        "stdev": [0.173929721117, 0.159752443433, 0.183545812964, 0.132251054049, 0.149941414595, 0.08011829108]
    },
    "beats_position": [0.394739210606, 0.789478421211, 1.19582760334, 1.60217678547, 2.02013611794, 2.43809509277, 2.87927436829, 3.27401351929, 3.66875267029, 4.06349182129, 4.45823097229, 4.85297060013, 5.24770975113, 5.64244890213, 6.03718805313, 6.43192720413, 6.82666635513, 7.22140598297, 7.61614513397, 8.01088428497, 8.40562343597, 8.78875255585, 9.19510173798, 9.58984088898, 9.97297000885, 10.3677091599, 10.7508392334, 11.1455783844, 11.5519275665, 11.9582767487, 12.3530158997],
