{
"metadata": {
    "version": {
        "essentia": "2.1-beta5",
        "essentia_git_sha": "Undefined",
        "extractor": "music 2.0"
    },
    "audio_properties": {
        "analysis": {
            "equal_loudness": 0,
            "length": 12.7477550507,
            "sample_rate": 44100,
            "start_time": 0,
            "downmix": "mix"
        },
        "bit_rate": 192000,
        "length": 173.778137207,
        "lossless": 0,
        "number_channels": 2,
        "replay_gain": -10.0935916901,
        "sample_rate": 44100,
        "codec": "mp3",
        "md5_encoded": "a12a9a894f1cf9852126a2ffe8e9e4ad"
    },
    "tags": {
        "file_name": "Spain_¿Quién Maneja Mi Barca_Remedios Amaya.mp3",
        "encoding": ["Lavf58.29.100"]
    }
},
"lowlevel": {
    "average_loudness": 0.820240795612,
    "barkbands_crest": {
        "max": 19.0580883026,
        "mean": 5.71605491638,
        "min": 2.1944038868,
        "stdev": 2.61031532288
    },
    "barkbands_flatness_db": {
        "max": 0.15237249434,
        "mean": 0.0717059373856,
        "min": 0.0279517583549,
        "stdev": 0.0236574206501
    },
    "barkbands_kurtosis": {
        "max": 14.320810318,
        "mean": 1.13188040257,
        "min": -1.69902026653,
        "stdev": 2.18255090714
    },
    "barkbands_skewness": {
        "max": 3.52585434914,
        "mean": 0.464943885803,
        "min": -1.88057124615,
        "stdev": 0.977792620659
    },
    "barkbands_spread": {
        "max": 81.2475814819,
        "mean": 25.3894481659,
        "min": 9.73923873901,
        "stdev": 12.9078083038
    },
    "dissonance": {
        "max": 0.5,
        "mean": 0.486132979393,
        "min": 0.298356533051,
        "stdev": 0.0200738739222
    },
    "dynamic_complexity": 6.32048463821,
    "erbbands_crest": {
        "max": 14.9518404007,
        "mean": 5.9578871727,
        "min": 2.47510385513,
        "stdev": 1.99240756035
    },
    "erbbands_flatness_db": {
        "max": 0.207544341683,
        "mean": 0.145972684026,
        "min": 0.0499074235559,
        "stdev": 0.0369272083044
    },
    "erbbands_kurtosis": {
        "max": 7.36281871796,
        "mean": 0.141095414758,
        "min": -1.45718348026,
        "stdev": 0.864635825157
    },
    "erbbands_skewness": {
        "max": 2.02588605881,
        "mean": 0.253622472286,
        "min": -1.72880041599,
        "stdev": 0.40811803937
    },
    "erbbands_spread": {
        "max": 98.9338378906,
        "mean": 32.5398521423,
        "min": 8.91442871094,
        "stdev": 17.8140697479
    },
    "hfc": {
        "max": 121.355697632,
        "mean": 32.8664245605,
        "min": 1.14162624175e-16,
        "stdev": 30.1716213226
    },
    "loudness_ebu128": {
        "integrated": -13.8117141724,
        "loudness_range": 12.5767250061,
        "momentary": {
            "max": -10.8975944519,
            "mean": -17.9836711884,
            "min": -40.7495574951,
            "stdev": 7.37875747681
        },
        "short_term": {
            "max": -11.4399490356,
            "mean": -16.9634189606,
            "min": -25.2270011902,
            "stdev": 4.74404287338
        }
    },
    "melbands_crest": {
        "max": 23.9447631836,
        "mean": 7.66835069656,
        "min": 1.65141046047,
        "stdev": 4.29199266434
    },
    "melbands_flatness_db": {
        "max": 0.255163788795,
        "mean": 0.0932801216841,
        "min": 0.00468234298751,
        "stdev": 0.0596009381115
    },
    "melbands_kurtosis": {
        "max": 55.7073822021,
        "mean": 4.84053421021,
        "min": -1.420353055,
        "stdev": 7.70482397079
    },
    "melbands_skewness": {
        "max": 6.05874109268,
        "mean": 1.26600384712,
        "min": -0.417070955038,
        "stdev": 1.3990842104
    },
    "melbands_spread": {
        "max": 131.435577393,
        "mean": 39.2530860901,
        "min": 6.90022373199,
        "stdev": 18.3653030396
    },
    "pitch_salience": {
        "max": 0.926369130611,
        "mean": 0.735243678093,
        "min": 0.410438865423,
        "stdev": 0.0848396867514
    },
    "silence_rate_20dB": {
        "max": 1,
        "mean": 1,
        "min": 1,
        "stdev": 0
    },
    "silence_rate_30dB": {
        "max": 1,
        "mean": 1,
        "min": 1,
        "stdev": 0
    },
    "silence_rate_60dB": {
        "max": 1,
        "mean": 0.274545460939,
        "min": 0,
        "stdev": 0.446285247803
    },
    "spectral_centroid": {
        "max": 11380.8144531,
        "mean": 2226.78369141,
        "min": 633.202453613,
        "stdev": 1051.19262695
    },
    "spectral_complexity": {
        "max": 61,
        "mean": 27.721818924,
        "min": 0,
        "stdev": 20.4213962555
    },
    "spectral_decrease": {
        "max": 1.19402653648e-29,
        "mean": -3.05649061616e-09,
        "min": -1.78260499695e-08,
        "stdev": 2.56618171157e-09
    },
    "spectral_energy": {
        "max": 0.0725074186921,
        "mean": 0.0145169757307,
        "min": 1.07511822686e-20,
        "stdev": 0.0122102759778
    },
    "spectral_energyband_high": {
        "max": 0.0112001793459,
        "mean": 0.00205260445364,
        "min": 7.89264882784e-21,
        "stdev": 0.00197490677238
    },
    "spectral_energyband_low": {
        "max": 0.0308344066143,
        "mean": 0.000864815316163,
        "min": 3.74794694938e-23,
        "stdev": 0.00261425506324
    },
    "spectral_energyband_middle_high": {
        "max": 0.0445609539747,
        "mean": 0.00955428741872,
        "min": 1.51307308154e-21,
        "stdev": 0.00951653346419
    },
    "spectral_energyband_middle_low": {
        "max": 0.0334031321108,
        "mean": 0.00222456804477,
        "min": 2.47048238642e-22,
        "stdev": 0.00316995196044
    },
    "spectral_entropy": {
        "max": 9.81119823456,
        "mean": 8.10528278351,
        "min": 7.24717903137,
        "stdev": 0.28394728899
    },
    "spectral_flux": {
        "max": 0.234308600426,
        "mean": 0.068906724453,
        "min": 6.61263127588e-11,
        "stdev": 0.0426633507013
    },
    "spectral_kurtosis": {
        "max": 10.2125797272,
        "mean": 3.45350551605,
        "min": -1.24461889267,
        "stdev": 1.58778977394
    },
    "spectral_rms": {
        "max": 0.00841064471751,
        "mean": 0.00327914208174,
        "min": 3.23866606276e-12,
        "stdev": 0.00184665888082
    },
    "spectral_rolloff": {
        "max": 19250.6835938,
        "mean": 3228.14038086,
        "min": 193.798828125,
        "stdev": 2165.37792969
    },
    "spectral_skewness": {
        "max": 2.39773273468,
        "mean": 1.47066247463,
        "min": -0.0340428836644,
        "stdev": 0.30550044775
    },
    "spectral_spread": {
        "max": 41695184,
        "mean": 5244972.5,
        "min": 3393911.75,
        "stdev": 3341426
    },
    "spectral_strongpeak": {
        "max": 5.72581481934,
        "mean": 0.880111277103,
        "min": 0,
        "stdev": 0.887215852737
    },
    "zerocrossingrate": {
        "max": 0.5087890625,
        "mean": 0.118399322033,
        "min": 0.0244140625,
        "stdev": 0.0527822561562
    },
    "barkbands": {
        "max": [0.00465428084135, 0.00968004018068, 0.0194495096803, 0.0166693944484, 0.015605202876, 0.00373434973881, 0.00335652707145, 0.0143732950091, 0.00421579508111, 0.00458294618875, 0.0114656519145, 0.00453796330839, 0.0060325381346, 0.00744015071541, 0.0125975627452, 0.0140367886052, 0.00829986203462, 0.0045750150457, 0.00333162094466, 0.00425837002695, 0.004210755229, 0.00242851255462, 0.00170517037623, 0.00189874554053, 0.000974864698946, 0.00109838705976, 4.46963531431e-06],
        "mean": [0.000145347192301, 0.000302146596368, 0.000358496210538, 0.000259322841885, 0.00038049989962, 0.000237918095081, 0.000213848863496, 0.000494903477374, 0.000463088421384, 0.000608029251453, 0.000860916567035, 0.000765973818488, 0.000885987072252, 0.00108868372627, 0.00133719993755, 0.00143900269177, 0.00117014208809, 0.000726305413991, 0.000501543458086, 0.000494313484523, 0.000507884949911, 0.00040788014303, 0.000323331158143, 0.000278790801531, 0.000187890211237, 7.68875324866e-05, 6.5043207087e-07],
        "min": [9.01817207986e-25, 1.25032386662e-23, 4.26278147861e-24, 7.80592617415e-24, 2.63129319656e-23, 2.86907859259e-23, 2.02105091067e-23, 4.90939222439e-24, 1.63869728743e-23, 1.52712632302e-23, 2.79133256385e-23, 7.11165426686e-23, 4.90830359634e-23, 4.92728674516e-23, 9.86686899194e-23, 1.10418943497e-22, 1.32258904756e-22, 2.28850921498e-22, 2.04758932748e-22, 3.59944886957e-22, 3.67307773858e-22, 5.05272402257e-22, 5.73164068923e-22, 8.25717244019e-22, 1.12608139794e-21, 1.5320791515e-21, 2.36770817405e-21],
        "stdev": [0.000335880118655, 0.000827438081615, 0.001605063444, 0.000941495934967, 0.00112513254862, 0.000383361882996, 0.00034805299947, 0.00146047666203, 0.000619936326984, 0.000734494708013, 0.00139855279122, 0.000902765023056, 0.00105710350908, 0.00130888691638, 0.00162687723059, 0.00179444486275, 0.00142756151035, 0.000849568517879, 0.000556649581995, 0.000570071919356, 0.000576775113586, 0.000439636613009, 0.0003179263731, 0.000276497827144, 0.000191218030523, 0.000121713805129, 5.36061634193e-07]
    },
    "erbbands": {
        "max": [0.201929152012, 2.99308466911, 19.0809440613, 38.9827194214, 85.843536377, 27.9351329803, 12.7816438675, 35.9969940186, 68.6366500854, 199.652908325, 144.037841797, 127.635261536, 158.842559814, 144.067687988, 398.585235596, 222.902481079, 258.406280518, 354.919189453, 403.122619629, 683.164794922, 786.615539551, 427.517974854, 280.941253662, 201.258499146, 170.447189331, 200.667694092, 221.556503296, 131.529174805, 98.9912490845, 75.9436645508, 47.9200973511, 47.8682250977, 21.3724651337, 11.8022766113, 6.96793079376, 5.87544631958, 2.05786418915, 0.165962979198, 0.00292950379662, 0.000156611771672],
        "mean": [0.0116613982245, 0.0615179650486, 0.315230756998, 0.739294588566, 1.35782730579, 0.986786425114, 1.10520851612, 2.13048768044, 3.43637681007, 7.65579032898, 7.73727464676, 11.1502532959, 16.8474025726, 22.8406105042, 36.471446991, 32.8378181458, 39.9066734314, 52.2926139832, 65.1541671753, 77.3162994385, 76.7116088867, 64.9026870728, 43.4002151489, 29.7106437683, 24.3756389618, 23.5286235809, 21.5488052368, 18.9967136383, 15.0440359116, 11.8183917999, 8.83264160156, 6.39270973206, 4.25969982147, 2.45660877228, 1.18381333351, 0.436206817627, 0.123127132654, 0.0119699686766, 0.000253757694736, 3.4721026168e-05],
        "min": [4.28205563822e-22, 2.28341471339e-21, 3.22585010039e-21, 2.93805021615e-20, 3.05073806497e-20, 7.505849803e-20, 2.26571387223e-19, 1.71696548504e-19, 2.00264407106e-19, 5.09761736412e-19, 1.76228684005e-19, 3.76224515905e-19, 3.0224228325e-19, 9.61701480055e-19, 2.66648991005e-18, 3.09698075701e-18, 3.03124057783e-18, 3.74710170509e-18, 2.02248327427e-18, 7.66300863932e-18, 4.37100433646e-18, 9.29735457514e-18, 9.41427655473e-18, 1.21458833634e-17, 1.02004174284e-17, 1.60507069046e-17, 1.67454360487e-17, 1.66861172726e-17, 1.87357550253e-17, 1.71441950066e-17, 1.43520650469e-17, 1.45048271081e-17, 1.44092199185e-17, 1.09502186033e-17, 8.07181370575e-18, 5.09054062718e-18, 3.01398104076e-18, 1.03206187655e-18, 2.83939128589e-19, 3.54212018421e-20],
        "stdev": [0.0268180035055, 0.218590587378, 1.5797059536, 2.40739011765, 5.27186441422, 2.42770957947, 1.50568044186, 3.49808979034, 7.25901174545, 22.039056778, 14.1529350281, 15.6340827942, 20.8864383698, 26.0641841888, 55.1059799194, 38.6663742065, 46.1459922791, 61.4816322327, 75.595375061, 91.7658691406, 96.9967803955, 77.6350250244, 50.2294692993, 33.4487380981, 27.3102474213, 26.8334388733, 26.1891403198, 20.7991676331, 16.4090232849, 12.7115926743, 8.59822845459, 6.4980597496, 4.25197267532, 2.48220968246, 1.3089107275, 0.618728578091, 0.208161503077, 0.0196233335882, 0.000364086066838, 3.06495421682e-05]
    },
    "gfcc": {
        "mean": [-24.7684516907, 28.5626964569, -143.533538818, 22.4303207397, -59.5457420349, 23.6986312866, -42.6363830566, 14.8759918213, -23.8207855225, 8.1747636795, -20.3844470978, 6.98511695862, -11.4218997955],
        "cov": [[22970.2304688, -1968.76293945, -4178.58349609, -35.9138526917, -1312.88256836, 963.963256836, -411.840270996, 438.610900879, -289.03427124, 247.163253784, -236.47694397, 102.912986755, 38.6903648376], [-1968.76293945, 1471.86315918, 1122.13232422, 130.647369385, 278.610565186, -310.227600098, 6.04183340073, -137.404983521, -88.4147949219, -164.998840332, -36.2921333313, -42.1680374146, -99.8566436768], [-4178.58349609, 1122.13232422, 1730.8293457, 155.850646973, 227.070907593, -363.750152588, 51.8892250061, -122.139625549, -54.5641365051, -115.548301697, -21.4911251068, -51.1040153503, -136.449432373], [-35.9138526917, 130.647369385, 155.850646973, 211.980239868, 42.6998443604, 7.47311878204, 12.9935646057, -28.2985038757, 3.53057646751, -19.314037323, 0.630190849304, -11.1144895554, -14.7518920898], [-1312.88256836, 278.610565186, 227.070907593, 42.6998443604, 188.765380859, -37.8270378113, 27.6789283752, -47.3707504272, 12.0535268784, -40.3856887817, 14.4705543518, -4.42395353317, 8.75346088409], [963.963256836, -310.227600098, -363.750152588, 7.47311878204, -37.8270378113, 162.343551636, 13.5246334076, 25.5703239441, 18.8436317444, 30.8188438416, 5.33299303055, 19.1220283508, 40.1725730896], [-411.840270996, 6.04183340073, 51.8892250061, 12.9935646057, 27.6789283752, 13.5246334076, 63.3675994873, 9.38901138306, 10.0798091888, -7.96264076233, 6.51320075989, -5.67014169693, 7.54513645172], [438.610900879, -137.404983521, -122.139625549, -28.2985038757, -47.3707504272, 25.5703239441, 9.38901138306, 58.5378036499, 12.9760026932, 23.5332717896, 0.344639182091, 2.12139129639, 5.1876039505], [-289.03427124, -88.4147949219, -54.5641365051, 3.53057646751, 12.0535268784, 18.8436317444, 10.0798091888, 12.9760026932, 51.8125152588, 25.6714000702, 16.423456192, 7.96169424057, 16.7776927948], [247.163253784, -164.998840332, -115.548301697, -19.314037323, -40.3856887817, 30.8188438416, -7.96264076233, 23.5332717896, 25.6714000702, 57.2551994324, 18.5579433441, 11.6876535416, 12.1871814728], [-236.47694397, -36.2921333313, -21.4911251068, 0.630190849304, 14.4705543518, 5.33299303055, 6.51320075989, 0.344639182091, 16.423456192, 18.5579433441, 36.6073684692, 14.1320610046, 13.7758989334], [102.912986755, -42.1680374146, -51.1040153503, -11.1144895554, -4.42395353317, 19.1220283508, -5.67014169693, 2.12139129639, 7.96169424057, 11.6876535416, 14.1320610046, 35.6658325195, 22.4053382874], [38.6903648376, -99.8566436768, -136.449432373, -14.7518920898, 8.75346088409, 40.1725730896, 7.54513645172, 5.1876039505, 16.7776927948, 12.1871814728, 13.7758989334, 22.4053382874, 45.9864959717]],
        "icov": [[0.000475309614558, -0.000937426986638, 0.00119158916641, -0.00101352634374, 0.00183444272261, -0.00154274574015, 0.00116095866542, -0.00191682926379, 0.00268153403886, -0.00136976793874, 0.00169214501511, -0.00141311564948, 0.00136558990926], [-0.000937426986638, 0.00425459351391, -0.0028154249303, 0.00140507787, -0.00591585226357, 0.00528737669811, -0.00207181298174, 0.00411979714409, -0.00344992568716, 0.00443082908168, -0.00222991616465, 0.000955672876444, -0.00120666925795], [0.00119158916641, -0.0028154249303, 0.00510105164722, -0.0033753560856, 0.00372496899217, -0.000548889103811, -0.000334070355166, -0.00310724065639, 0.00695852888748, -0.00523201422766, 0.00590311270207, -0.00638836855069, 0.00730459531769], [-0.00101352634374, 0.00140507787, -0.0033753560856, 0.00849703885615, -0.00317201879807, -0.0007692326908, -0.00181491638068, 0.00589644024149, -0.00837058667094, 0.00486605009064, -0.00583400856704, 0.00535012688488, -0.00157201278489], [0.00183444272261, -0.00591585226357, 0.00372496899217, -0.00317201879807, 0.0203331019729, -0.00896151736379, 0.00363680720329, -0.00265929405577, 0.00283080665395, 0.00150754884817, -0.000555649749003, 0.000647045031656, -0.00227389065549], [-0.00154274574015, 0.00528737669811, -0.000548889103811, -0.0007692326908, -0.00896151736379, 0.0239091087133, -0.011757097207, 0.00857970584184, -0.00512493634596, -0.000756763794925, 0.002737485338, -0.00362498825416, -0.00429918244481], [0.00116095866542, -0.00207181298174, -0.000334070355166, -0.00181491638068, 0.00363680720329, -0.011757097207, 0.0297549534589, -0.0150154549628, 0.00312934443355, 0.00686286995187, -0.00549012934789, 0.00865034293383, -0.00618913769722], [-0.00191682926379, 0.00411979714409, -0.00310724065639, 0.00589644024149, -0.00265929405577, 0.00857970584184, -0.0150154549628, 0.0379511155188, -0.0155743230134, -0.00138372217771, -0.00137518928386, 0.00307230348699, -0.000612024392467], [0.00268153403886, -0.00344992568716, 0.00695852888748, -0.00837058667094, 0.00283080665395, -0.00512493634596, 0.00312934443355, -0.0155743230134, 0.0495488978922, -0.0226202830672, 0.0089278453961, -0.00902451388538, 0.00303593277931], [-0.00136976793874, 0.00443082908168, -0.00523201422766, 0.00486605009064, 0.00150754884817, -0.000756763794925, 0.00686286995187, -0.00138372217771, -0.0226202830672, 0.0477984063327, -0.0243920274079, 0.00661278609186, -0.00411483552307], [0.00169214501511, -0.00222991616465, 0.00590311270207, -0.00583400856704, -0.000555649749003, 0.002737485338, -0.00549012934789, -0.00137518928386, 0.0089278453961, -0.0243920274079, 0.0553759746253, -0.0228562951088, 0.00590287148952], [-0.00141311564948, 0.000955672876444, -0.00638836855069, 0.00535012688488, 0.000647045031656, -0.00362498825416, 0.00865034293383, 0.00307230348699, -0.00902451388538, 0.00661278609186, -0.0228562951088, 0.0584888197482, -0.032807059586], [0.00136558990926, -0.00120666925795, 0.00730459531769, -0.00157201278489, -0.00227389065549, -0.00429918244481, -0.00618913769722, -0.000612024392467, 0.00303593277931, -0.00411483552307, 0.00590287148952, -0.032807059586, 0.0586177147925]]
    },
    "melbands": {
        "max": [0.00182378385216, 0.00728565035388, 0.00881119724363, 0.00388946454041, 0.000599235878326, 0.000919612881262, 0.000853184203152, 0.00281781493686, 0.000908446498215, 0.000779703666922, 0.000818438769784, 0.000548552139662, 0.00164019223303, 0.000540594861377, 0.000806327152532, 0.000614820106421, 0.000669958128128, 0.000764512573369, 0.00103647424839, 0.000868382107001, 0.000938835379202, 0.000529233715497, 0.000350370100932, 0.000223759576329, 0.000176039509824, 0.000168887752807, 0.000136822913191, 0.00015367611195, 0.000149439481902, 0.000106464060082, 8.08784607216e-05, 5.41320041521e-05, 4.92950166517e-05, 4.66500532639e-05, 3.00028968923e-05, 2.92818331218e-05, 2.80465028482e-05, 1.70215298567e-05, 1.45086451084e-05, 1.05497765617e-05],
        "mean": [9.9776800198e-05, 0.000138352406793, 0.000148377657752, 8.53689707583e-05, 3.97320072807e-05, 5.09643177793e-05, 4.86131575599e-05, 9.71290210146e-05, 6.1142272898e-05, 7.07725266693e-05, 8.43966263346e-05, 8.80043298821e-05, 0.000125064587337, 8.96985293366e-05, 8.42899389681e-05, 9.10573726287e-05, 9.71445115283e-05, 0.000102870668343, 0.000101276593341, 0.000102973266621, 8.70898147696e-05, 7.03428668203e-05, 4.88800833409e-05, 3.22065061482e-05, 2.31306330534e-05, 1.79235903488e-05, 1.67080052051e-05, 1.53698983922e-05, 1.34871706905e-05, 1.22067440316e-05, 1.05745548353e-05, 8.78924583958e-06, 7.16828481018e-06, 6.30678050584e-06, 5.23398148289e-06, 4.40146459368e-06, 3.67323241335e-06, 3.05242906506e-06, 2.50967127613e-06, 1.94583708435e-06],
        "min": [3.775436622e-24, 2.51412830115e-24, 4.29479739845e-24, 3.1602128767e-24, 7.59082510454e-24, 4.78360874748e-24, 3.38356681189e-24, 5.37900664329e-24, 1.70945724288e-24, 2.16466193406e-24, 1.38676836479e-24, 3.36829091489e-24, 6.03720772792e-24, 1.12396207578e-23, 7.43868539036e-24, 5.2972778925e-24, 5.9083453269e-24, 2.20655182863e-24, 7.90589615009e-24, 9.29068940438e-24, 2.81055816907e-24, 8.19428239779e-24, 7.07243699359e-24, 1.01979512317e-23, 9.59234981454e-24, 7.61977629976e-24, 8.22234218019e-24, 1.09391996482e-23, 1.09938337879e-23, 7.93036109334e-24, 9.44968037553e-24, 9.54335760802e-24, 9.69286094906e-24, 8.60385109117e-24, 8.57919208814e-24, 6.76906081096e-24, 8.61707476653e-24, 1.02369888025e-23, 9.4438151947e-24, 9.23580282918e-24],
        "stdev": [0.000223829891183, 0.000615166733041, 0.000525881769136, 0.000272785604466, 5.97769358137e-05, 9.17388606467e-05, 9.29348607315e-05, 0.000298476021271, 9.41971811699e-05, 0.000100142249721, 0.000107720923552, 9.85274164123e-05, 0.000208242927329, 0.000104331113107, 0.000104973449197, 0.000108666645247, 0.000117917559692, 0.000121589502669, 0.000124299302115, 0.000127510240418, 0.00011477273074, 8.65910333232e-05, 5.92001488258e-05, 3.82087600883e-05, 2.71088483714e-05, 2.08987839869e-05, 1.92736806639e-05, 1.8220867787e-05, 1.71580595634e-05, 1.41737018566e-05, 1.1879912563e-05, 9.82432993624e-06, 8.06990829005e-06, 6.8891099545e-06, 5.1916999837e-06, 4.55023928225e-06, 3.81705694963e-06, 3.10953851113e-06, 2.61483592112e-06, 2.03099511964e-06]
    },
    "melbands128": {
        "max": [0.00165577838197, 0.00197694753297, 0.00272758677602, 0.00564843602479, 0.00984836742282, 0.00976005289704, 0.00672403769568, 0.00990362465382, 0.0106377890334, 0.00266733160242, 0.00117165734991, 0.00125619163737, 0.00035424111411, 0.000341631501215, 0.00035398468026, 0.00176731066313, 0.00210021017119, 0.000356618722435, 0.000276546750683, 0.00184032868128, 0.00597225269303, 0.00169139844365, 0.000720662937965, 0.000480550865177, 0.00138485094067, 0.000953361624852, 0.000797161832452, 0.00155638321303, 0.000919907353818, 0.00101462029852, 0.000771433929913, 0.00183490221389, 0.00274175684899, 0.00114198564552, 0.000957986863796, 0.00100673257839, 0.000919713173062, 0.0010572806932, 0.00089782680152, 0.000692447472829, 0.000962953025009, 0.000872482545674, 0.000960325414781, 0.00109827285632, 0.000951888156123, 0.00136721075978, 0.000913969590329, 0.000989756896161, 0.00146464048885, 0.00149145396426, 0.00108001206536, 0.00126998266205, 0.0011556413956, 0.00109235697892, 0.000773031555582, 0.00073642085772, 0.000580724386964, 0.000493199680932, 0.000565298541915, 0.000405844097259, 0.000268864445388, 0.000251061166637, 0.000312474876409, 0.000222223912715, 0.000181313444045, 0.000239684115513, 0.000229865210713, 0.000165104240295, 0.00017940888938, 0.000155958681717, 0.000148424922372, 0.000211559497984, 0.000158403840032, 0.000149606494233, 0.000167122954736, 0.000115803770314, 0.000131128006615, 0.000129456937429, 0.000100580902654, 7.11724132998e-05, 5.84219342272e-05, 9.23785701161e-05, 7.97491375124e-05, 5.78809122089e-05, 5.79202751396e-05, 8.25110109872e-05, 4.6601453505e-05, 2.9243172321e-05, 3.58391371265e-05, 4.39176728833e-05, 2.68756248261e-05, 4.83391413582e-05, 3.3590979001e-05, 3.31696937792e-05, 2.60889464698e-05, 2.56578059634e-05, 2.21613463509e-05, 2.49288132181e-05, 2.0472885808e-05, 1.38585101013e-05, 1.41307382364e-05, 1.57909507834e-05, 1.12369743874e-05, 1.0400024621e-05, 1.03356605905e-05, 1.23764893942e-05, 8.61199805513e-06, 1.76098528755e-05, 1.24602829601e-05, 8.73506087373e-06, 8.44303121994e-06, 8.34457659948e-06, 6.13968586549e-06, 8.72714008437e-06, 5.59807403988e-06, 1.64838957062e-06, 2.05230463735e-07, 8.77644268371e-09, 7.26373050597e-09, 6.24711748998e-09, 5.57632429121e-09, 5.08752240336e-09, 4.71696903759e-09, 4.44601244709e-09, 4.23428003771e-09, 4.08816802633e-09, 3.99236732562e-09, 3.94101329348e-09],
        "mean": [7.82514180173e-05, 0.000105792001705, 0.00010758452845, 9.12497998797e-05, 0.000129560459754, 0.000191857630853, 0.000148030405398, 0.000131823500851, 0.00015843406436, 7.94751540525e-05, 4.4576205255e-05, 4.47273523605e-05, 3.20271974488e-05, 4.31514854426e-05, 3.79797675123e-05, 6.34929601802e-05, 7.52736959839e-05, 3.6073193769e-05, 3.03473589156e-05, 7.93785002315e-05, 0.000163951743161, 6.41711667413e-05, 4.17631526943e-05, 5.47987765458e-05, 7.99472254585e-05, 7.28748345864e-05, 6.15463432041e-05, 9.36193609959e-05, 9.81787670753e-05, 7.5951393228e-05, 8.33717640489e-05, 0.000109600085125, 0.000155865258421, 0.000111948131234, 8.56501137605e-05, 9.06285058591e-05, 8.20516434032e-05, 8.4881328803e-05, 8.41591245262e-05, 8.55263933772e-05, 9.45663050516e-05, 9.50635658228e-05, 9.42693077377e-05, 0.000101524172351, 9.99988551484e-05, 0.00010473682778, 0.000104868537164, 9.39308447414e-05, 0.000101562058262, 0.000114864342322, 0.000101840734715, 9.41298931139e-05, 8.96292258403e-05, 8.54223835631e-05, 7.87714598118e-05, 7.05530110281e-05, 6.19785423623e-05, 5.46986520931e-05, 4.3576281314e-05, 3.76845200663e-05, 3.2426098187e-05, 2.77413946606e-05, 2.53942635027e-05, 2.21313093789e-05, 1.88791163964e-05, 1.75007917278e-05, 1.74528795469e-05, 1.75437271537e-05, 1.64880857483e-05, 1.53731689352e-05, 1.64166704053e-05, 1.4682870642e-05, 1.37221886689e-05, 1.32548711917e-05, 1.336589321e-05, 1.25084698084e-05, 1.1288719179e-05, 1.17214858619e-05, 1.06027891889e-05, 9.41413236433e-06, 9.2570171546e-06, 8.61300759425e-06, 7.44845283407e-06, 7.03100113242e-06, 6.97675568517e-06, 6.39507015876e-06, 6.35256765236e-06, 5.55521410206e-06, 5.43376290807e-06, 4.71319208373e-06, 4.40223539044e-06, 4.42499504061e-06, 4.2201195356e-06, 3.61393335879e-06, 3.44716067957e-06, 3.15678948937e-06, 2.87783814201e-06, 3.02186163026e-06, 2.64093841906e-06, 2.20375250137e-06, 2.03404988497e-06, 1.96230826077e-06, 1.7718723484e-06, 1.52254017394e-06, 1.36134201512e-06, 1.18292928164e-06, 8.6667347432e-07, 9.26031475501e-07, 7.24638653082e-07, 6.07376364314e-07, 5.50517825104e-07, 4.18884837927e-07, 3.59877844858e-07, 3.51466809434e-07, 2.47554396537e-07, 1.00165785e-07, 2.52787160093e-08, 4.40118497202e-11, 1.57187665661e-11, 1.37586955717e-11, 1.24529987017e-11, 1.1498404659e-11, 1.07635358959e-11, 1.02177337771e-11, 9.79813192387e-12, 9.50331219968e-12, 9.30799968352e-12, 9.20061943299e-12],
        "min": [8.91249528692e-25, 3.26819314348e-24, 4.17040113344e-24, 2.78540593075e-24, 4.51630756848e-25, 3.0025266815e-24, 7.59490667087e-24, 2.14884369519e-24, 2.74161409254e-24, 1.01222608167e-24, 3.0979123895e-24, 3.86691293257e-24, 9.63264956274e-24, 3.07247911948e-24, 7.45178915886e-25, 2.28309756606e-24, 1.57833948853e-24, 2.23779190377e-24, 4.07711162608e-24, 5.24958296774e-24, 8.97560120111e-25, 1.41866920954e-24, 4.12405289285e-25, 4.11088512802e-24, 1.64708319439e-24, 4.32526665787e-25, 1.43292826483e-24, 1.09812987881e-24, 1.86119877952e-24, 9.23930162451e-25, 5.4521080168e-24, 2.21084264031e-24, 1.46354149137e-24, 9.21336762504e-24, 1.2429840681e-23, 3.63275613893e-24, 6.27173173631e-24, 1.87104336918e-24, 5.97355414705e-24, 9.48260032996e-24, 2.00196035843e-24, 3.62243192183e-24, 5.71049664529e-24, 5.79552086251e-24, 1.789845719e-24, 9.75771635952e-25, 1.0782376664e-24, 6.68374944837e-24, 9.59439769745e-24, 5.89971282201e-24, 8.17139596521e-24, 3.83796962596e-24, 2.39083269432e-24, 1.08075551319e-24, 5.94876300981e-24, 6.41069983995e-24, 5.40026052823e-24, 4.9481209561e-24, 9.11473713492e-24, 6.18841382522e-24, 7.27130803893e-24, 1.57599215402e-23, 1.3082379322e-23, 5.3407677942e-24, 1.99774369968e-24, 2.41807600568e-24, 4.51439181977e-24, 5.40984834367e-24, 6.94155550308e-24, 1.18415792154e-23, 9.09142629517e-24, 1.25009265149e-23, 5.67737908119e-24, 8.805668532e-24, 7.86490062656e-24, 4.42840637553e-24, 5.13607929411e-24, 9.06467207757e-24, 6.39943530066e-24, 7.68392015769e-24, 6.92580589511e-24, 9.79925619707e-24, 6.27118860557e-24, 9.36184071373e-24, 6.22930324695e-24, 7.78703532205e-24, 8.42314672361e-24, 9.57226304931e-24, 7.64964888452e-24, 6.5051316179e-24, 8.70683609349e-24, 5.60315989179e-24, 5.67396922993e-24, 7.20081463958e-24, 6.73166643747e-24, 6.18465569187e-24, 1.03840040762e-23, 7.70171607085e-24, 9.76053022637e-24, 8.53667800737e-24, 6.12911041781e-24, 8.18357282214e-24, 1.03904451255e-23, 1.05264763e-23, 4.81775498619e-24, 7.70017700322e-24, 7.88967953646e-24, 7.9375736486e-24, 7.61063419073e-24, 7.61490113937e-24, 1.01416241965e-23, 9.71391564662e-24, 8.55112757257e-24, 5.15341885124e-24, 8.51386099455e-24, 6.78367524809e-24, 5.28864735976e-24, 7.61129525617e-24, 8.78734329317e-24, 6.45839279256e-24, 7.41475687252e-24, 8.29720113579e-24, 9.74983248363e-24, 1.10002069951e-23, 7.21743041683e-24, 5.76545895114e-24, 6.922398016e-24, 7.11220504954e-24],
        "stdev": [0.000142518038047, 0.000242099311436, 0.000280777196167, 0.000386893458199, 0.000788069271948, 0.000763525778893, 0.000447725877166, 0.00055487715872, 0.000648018496577, 0.000233997809119, 0.000107277250208, 9.69566899585e-05, 4.74855551147e-05, 5.56664272153e-05, 4.47716920462e-05, 0.000157382441103, 0.000224240240641, 5.06219948875e-05, 3.7547586544e-05, 0.000219935449422, 0.000606513640378, 0.000149435960338, 6.09607777733e-05, 7.88662146078e-05, 0.000142762437463, 0.000116799114039, 8.95713383215e-05, 0.000149922751007, 0.000153947388753, 0.000108778818685, 0.000113497095299, 0.000190621212823, 0.000336574041285, 0.000172907020897, 0.00011961448763, 0.000135311493068, 0.00011906142754, 0.000128376559587, 0.000120608012367, 0.000113675385364, 0.000134838221129, 0.000129956461024, 0.000140114745591, 0.000148223305587, 0.000141450887895, 0.00014557193208, 0.0001501134102, 0.000134020345286, 0.000145503785461, 0.000159770803293, 0.000143862460391, 0.000144006975461, 0.000135327878525, 0.000136382455821, 0.000113217705803, 9.48474262259e-05, 8.88951253728e-05, 7.48450183892e-05, 6.11316645518e-05, 5.47515446669e-05, 4.32382075815e-05, 3.82802754757e-05, 3.62675964425e-05, 2.82242854155e-05, 2.52258250839e-05, 2.3380625862e-05, 2.40574499912e-05, 2.20095025725e-05, 2.16023636312e-05, 2.05500036827e-05, 2.08979254239e-05, 2.06222975976e-05, 1.85752523976e-05, 1.89157199202e-05, 1.86468823813e-05, 1.58676739375e-05, 1.40588090289e-05, 1.50710293383e-05, 1.32648201543e-05, 1.18967236631e-05, 1.11932213258e-05, 1.14047870738e-05, 8.91055242391e-06, 8.97036443348e-06, 8.62476190377e-06, 8.31043598737e-06, 7.44648377804e-06, 5.99318718741e-06, 5.92970218349e-06, 5.41634881301e-06, 4.8225269893e-06, 5.34717810297e-06, 4.84850306748e-06, 4.02924433729e-06, 3.82566349799e-06, 3.59666114491e-06, 3.2806112813e-06, 3.60121930498e-06, 3.09423194267e-06, 2.48599940278e-06, 2.23476490646e-06, 2.30844284488e-06, 2.03649597097e-06, 1.76996400114e-06, 1.68402414147e-06, 1.56133910423e-06, 1.03073875835e-06, 1.54970871336e-06, 1.18256104997e-06, 9.45026329191e-07, 9.59283170232e-07, 7.41735618703e-07, 6.38789458662e-07, 7.46066234569e-07, 4.86154192458e-07, 1.67888003944e-07, 2.15284980953e-08, 3.83811538107e-10, 3.09373776597e-10, 2.66072441857e-10, 2.37501462941e-10, 2.16682116694e-10, 2.00899810676e-10, 1.89359750102e-10, 1.80341727662e-10, 1.74118705565e-10, 1.70038483294e-10, 1.67851357813e-10]
    },
    "mfcc": {
        "mean": [-652.450500488, 66.1431884766, -25.7683753967, 1.43326640129, 2.46653294563, 5.16637372971, -3.50701546669, 4.00480318069, 2.83249688148, 1.61459589005, -2.00959277153, 1.44717788696, 0.584600925446],
        "cov": [[14591.6279297, -2624.35302734, -2357.68774414, -1272.91516113, -703.068847656, 126.229850769, 15.1794366837, 137.459609985, 251.341674805, 32.746887207, 72.5723266602, 142.219711304, 90.4289398193], [-2624.35302734, 1589.3392334, 831.730895996, 498.742767334, 252.776672363, -57.1934623718, 32.806350708, -6.1377620697, -113.241500854, -70.8215332031, -62.361618042, -95.9774932861, -56.4971084595], [-2357.68774414, 831.730895996, 991.939331055, 439.917694092, 128.805786133, -44.823677063, 10.6570386887, -14.903175354, -96.1913986206, -17.7223396301, -9.4623003006, -68.9947662354, -31.1845264435], [-1272.91516113, 498.742767334, 439.917694092, 342.222930908, 122.486328125, 9.68019104004, 16.4854812622, 4.89441299438, -51.1975898743, -8.16700839996, -9.12931156158, -33.2831192017, -30.6227436066], [-703.068847656, 252.776672363, 128.805786133, 122.486328125, 120.44393158, 33.3108596802, 5.93452072144, 2.28218221664, -18.7942409515, -11.9541873932, -11.2347412109, -9.60279083252, -12.6111440659], [126.229850769, -57.1934623718, -44.823677063, 9.68019104004, 33.3108596802, 93.6066970825, 17.4507236481, 17.5557956696, 10.1697072983, -1.69001090527, -1.87341868877, 3.56211161613, -2.43624639511], [15.1794366837, 32.806350708, 10.6570386887, 16.4854812622, 5.93452072144, 17.4507236481, 47.5404243469, 16.7762050629, 2.2347676754, -1.41484677792, -1.36807012558, -7.27024841309, -4.84267520905], [137.459609985, -6.1377620697, -14.903175354, 4.89441299438, 2.28218221664, 17.5557956696, 16.7762050629, 42.0702857971, 13.6593456268, -2.02086091042, -1.36898732185, -4.10383367538, -4.10336971283], [251.341674805, -113.241500854, -96.1913986206, -51.1975898743, -18.7942409515, 10.1697072983, 2.2347676754, 13.6593456268, 44.5805511475, 13.6834430695, 4.84552335739, 8.86464500427, 3.83294725418], [32.746887207, -70.8215332031, -17.7223396301, -8.16700839996, -11.9541873932, -1.69001090527, -1.41484677792, -2.02086091042, 13.6834430695, 37.5178985596, 13.8013553619, 7.52595996857, 2.18324828148], [72.5723266602, -62.361618042, -9.4623003006, -9.12931156158, -11.2347412109, -1.87341868877, -1.36807012558, -1.36898732185, 4.84552335739, 13.8013553619, 30.2933349609, 11.6196746826, 3.86051034927], [142.219711304, -95.9774932861, -68.9947662354, -33.2831192017, -9.60279083252, 3.56211161613, -7.27024841309, -4.10383367538, 8.86464500427, 7.52595996857, 11.6196746826, 32.3096885681, 11.7422609329], [90.4289398193, -56.4971084595, -31.1845264435, -30.6227436066, -12.6111440659, -2.43624639511, -4.84267520905, -4.10336971283, 3.83294725418, 2.18324828148, 3.86051034927, 11.7422609329, 28.2112998962]],
        "icov": [[0.000147405167809, -1.07328878585e-06, 0.000261960929492, 1.13274090836e-05, 0.000686084793415, -0.000279959582258, 4.62163370685e-05, -0.000365284038708, 0.000152563370648, 0.000178208094439, -0.000192575258552, 9.80443001026e-05, 1.5567855371e-05], [-1.07328878585e-06, 0.0020218489226, -0.000722996657714, -0.000795447907876, -0.00276234606281, 0.00215386529453, -0.00111581361853, 7.89961850387e-05, 0.00010065328388, 0.00162667641416, 0.00146454526111, 0.00131527264602, 0.0002735357848], [0.000261960929492, -0.000722996657714, 0.00362406601198, -0.00325759430416, 0.002606469905, -0.000128565123305, 0.000637450197246, -0.000160213065101, 0.00173437397461, -8.8352295279e-05, -0.0021271025762, 0.00293526332825, -0.00173691590317], [1.13274090836e-05, -0.000795447907876, -0.00325759430416, 0.0108107971027, -0.00493208272383, -0.00108482525684, -0.000619803031441, -0.00261000636965, 0.00336511875503, -0.00351455900818, -0.000340457598213, -0.00157136807684, 0.00423560943455], [0.000686084793415, -0.00276234606281, 0.002606469905, -0.00493208272383, 0.0229553189129, -0.00949725881219, 0.00307053234428, -8.39328567963e-05, 0.000861004868057, 0.00148749351501, 0.000367041327991, -0.00319623947144, 0.000800666690338], [-0.000279959582258, 0.00215386529453, -0.000128565123305, -0.00108482525684, -0.00949725881219, 0.0175794940442, -0.00518548116088, -0.00271196546964, -0.00198702560738, 0.00163141696248, 0.00170493940823, -0.00047739999718, -1.17285553642e-05], [4.62163370685e-05, -0.00111581361853, 0.000637450197246, -0.000619803031441, 0.00307053234428, -0.00518548116088, 0.0270393453538, -0.00884043797851, 0.00112267385703, -0.00121703580953, -0.00204964377917, 0.00421932339668, 0.000395522045437], [-0.000365284038708, 7.89961850387e-05, -0.000160213065101, -0.00261000636965, -8.39328567963e-05, -0.00271196546964, -0.00884043797851, 0.0349170081317, -0.0132124433294, 0.0055245901458, -0.00079791614553, 0.00357651384547, 0.00159649353009], [0.000152563370648, 0.00010065328388, 0.00173437397461, 0.00336511875503, 0.000861004868057, -0.00198702560738, 0.00112267385703, -0.0132124433294, 0.0385267809033, -0.0131015880033, 0.00173889496364, -0.00241018109955, 0.000311389769195], [0.000178208094439, 0.00162667641416, -8.8352295279e-05, -0.00351455900818, 0.00148749351501, 0.00163141696248, -0.00121703580953, 0.0055245901458, -0.0131015880033, 0.0391438230872, -0.0130895450711, -0.000173679276486, 0.000788501813076], [-0.000192575258552, 0.00146454526111, -0.0021271025762, -0.000340457598213, 0.000367041327991, 0.00170493940823, -0.00204964377917, -0.00079791614553, 0.00173889496364, -0.0130895450711, 0.0471854098141, -0.0152156474069, 0.0013257113751], [9.80443001026e-05, 0.00131527264602, 0.00293526332825, -0.00157136807684, -0.00319623947144, -0.00047739999718, 0.00421932339668, 0.00357651384547, -0.00241018109955, -0.000173679276486, -0.0152156474069, 0.0513171106577, -0.015303298831], [1.5567855371e-05, 0.0002735357848, -0.00173691590317, 0.00423560943455, 0.000800666690338, -1.17285553642e-05, 0.000395522045437, 0.00159649353009, 0.000311389769195, 0.000788501813076, 0.0013257113751, -0.015303298831, 0.0453642606735]]
    },
    "spectral_contrast_coeffs": {
        "max": [-0.58750295639, -0.614310145378, -0.647749006748, -0.729106724262, -0.726014137268, -0.681371927261],
        "mean": [-0.778300821781, -0.82694798708, -0.820397019386, -0.82854115963, -0.814690470695, -0.781293034554],
        "min": [-0.971593499184, -0.972102344036, -0.967990040779, -0.964412271976, -0.965665757656, -0.962949991226],
        "stdev": [0.050005260855, 0.0585949681699, 0.0484179481864, 0.0360891968012, 0.0338846407831, 0.0406425781548]
    },
    "spectral_contrast_valleys": {
        "max": [-5.58298492432, -5.83536100388, -5.43686676025, -5.29916334152, -5.42378950119, -8.12569046021],
        "mean": [-7.97839736938, -7.22475719452, -7.28476953506, -7.14740085602, -7.32714128494, -9.69440937042],
        "min": [-27.3126296997, -27.181016922, -27.6625213623, -27.4852581024, -27.3335533142, -27.3082427979],
        "stdev": [1.87310361862, 1.9298273325, 2.133051157, 2.1817855835, 2.15334820747, 1.96851825714]
    }
},
"rhythm": {
    "beats_count": 28,
    "beats_loudness": {
        "max": 0.051903847605,
        "mean": 0.0190521869808,
        "min": 6.14690361544e-05,
        "stdev": 0.0140115870163
    },
    "bpm": 139.94708252,
    "bpm_histogram_first_peak_bpm": 140,
    "bpm_histogram_first_peak_weight": 0.611111104488,
    "bpm_histogram_second_peak_bpm": 133,
    "bpm_histogram_second_peak_spread": 0.444444417953,
    "bpm_histogram_second_peak_weight": 0.185185179114,
    "danceability": 0.701410591602,
    "onset_rate": 1.25398087502,
    "beats_loudness_band_ratio": {
        "max": [0.827950298786, 0.382391870022, 0.698316633701, 0.412868410349, 0.591750204563, 0.344459354877],
        "mean": [0.220135614276, 0.0899758264422, 0.104159422219, 0.187872037292, 0.285398334265, 0.149735063314],
        "min": [0.00718985544518, 0.00424352800474, 0.020940663293, 0.0155715178698, 0.0367300100625, 0.0131511315703],
        "stdev": [0.274311006069, 0.108560912311, 0.122490666807, 0.118510916829, 0.179195731878, 0.0880639478564]
    },
    "beats_position": [0.417959183455, 0.835918366909, 1.25387752056, 1.67183673382, 2.08979582787, 2.50775504112, 2.92571425438, 3.39011335373, 3.85451245308, 4.31891155243, 4.78331041336, 5.23609972, 5.6888885498, 6.11845779419, 6.54802703857, 6.97759628296, 7.41877555847, 7.87156438828, 8.31274318695, 8.76553249359, 9.21832180023, 9.65950107574, 10.1006803513, 10.5302495956, 10.95981884, 11.3893871307, 11.8189563751, 12.2601356506],
