{
"metadata": {
    "version": {
        "essentia": "2.1-beta5",
        "essentia_git_sha": "Undefined",
        "extractor": "music 2.0"
    },
    "audio_properties": {
        "analysis": {
            "equal_loudness": 0,
            "length": 12.7477550507,
            "sample_rate": 44100,
            "start_time": 0,
            "downmix": "mix"
        },
        "bit_rate": 192000,
        "length": 158.371704102,
        "lossless": 0,
        "number_channels": 2,
        "replay_gain": -11.9816989899,
        "sample_rate": 48000,
        "codec": "mp3",
        "md5_encoded": "11c1e5b3e1a7e195823a53618b1529b1"
    },
    "tags": {
        "file_name": "Finland_Fantasiaa_Ami Aspelund.mp3",
        "encoding": ["Lavf58.29.100"]
    }
},
"lowlevel": {
    "average_loudness": 0.901075899601,
    "barkbands_crest": {
        "max": 18.092666626,
        "mean": 6.93115472794,
        "min": 2.92018508911,
        "stdev": 3.01026415825
    },
    "barkbands_flatness_db": {
        "max": 0.268660187721,
        "mean": 0.103412553668,
        "min": 0.0427699126303,
        "stdev": 0.0269491113722
    },
    "barkbands_kurtosis": {
        "max": 12.0562782288,
        "mean": 0.121501199901,
        "min": -1.71085500717,
        "stdev": 1.55137848854
    },
    "barkbands_skewness": {
        "max": 3.51447105408,
        "mean": 0.845474600792,
        "min": -1.95018339157,
        "stdev": 0.552115797997
    },
    "barkbands_spread": {
        "max": 75.0721511841,
        "mean": 31.4021091461,
        "min": 3.82650852203,
        "stdev": 12.1308240891
    },
    "dissonance": {
        "max": 0.5,
        "mean": 0.475314497948,
        "min": 0.316613018513,
        "stdev": 0.0159093104303
    },
    "dynamic_complexity": 2.35377645493,
    "erbbands_crest": {
        "max": 17.4577674866,
        "mean": 6.19746875763,
        "min": 2.80020189285,
        "stdev": 2.3099322319
    },
    "erbbands_flatness_db": {
        "max": 0.249287396669,
        "mean": 0.14891345799,
        "min": 0.0764196366072,
        "stdev": 0.0356466248631
    },
    "erbbands_kurtosis": {
        "max": 3.90018129349,
        "mean": -0.291445493698,
        "min": -1.66852462292,
        "stdev": 0.79092502594
    },
    "erbbands_skewness": {
        "max": 1.77589845657,
        "mean": -0.0760433673859,
        "min": -1.64722597599,
        "stdev": 0.396285653114
    },
    "erbbands_spread": {
        "max": 122.545288086,
        "mean": 37.6138496399,
        "min": 13.585814476,
        "stdev": 13.3554172516
    },
    "hfc": {
        "max": 429.411712646,
        "mean": 25.5241127014,
        "min": 1.10400911151e-16,
        "stdev": 34.6821708679
    },
    "loudness_ebu128": {
        "integrated": -11.5560379028,
        "loudness_range": 2.38959693909,
        "momentary": {
            "max": -4.00821781158,
            "mean": -12.8633041382,
            "min": -23.1034698486,
            "stdev": 3.2783446312
        },
        "short_term": {
            "max": -9.82796859741,
            "mean": -11.9354763031,
            "min": -12.7443609238,
            "stdev": 0.731207668781
        }
    },
    "melbands_crest": {
        "max": 30.2934894562,
        "mean": 11.0193195343,
        "min": 1.76755082607,
        "stdev": 5.55810976028
    },
    "melbands_flatness_db": {
        "max": 0.242259651423,
        "mean": 0.14479765296,
        "min": 0.00448385905474,
        "stdev": 0.0345181636512
    },
    "melbands_kurtosis": {
        "max": 67.3736877441,
        "mean": 4.55275630951,
        "min": -1.28172171116,
        "stdev": 5.80310440063
    },
    "melbands_skewness": {
        "max": 7.67355155945,
        "mean": 1.87444007397,
        "min": -1.43996274471,
        "stdev": 0.850190043449
    },
    "melbands_spread": {
        "max": 146.065322876,
        "mean": 33.454574585,
        "min": 7.7505068779,
        "stdev": 12.6290340424
    },
    "pitch_salience": {
        "max": 0.999814927578,
        "mean": 0.601917147636,
        "min": 0.264825940132,
        "stdev": 0.0904616042972
    },
    "silence_rate_20dB": {
        "max": 1,
        "mean": 0.996363639832,
        "min": 0,
        "stdev": 0.0601925961673
    },
    "silence_rate_30dB": {
        "max": 1,
        "mean": 0.980000019073,
        "min": 0,
        "stdev": 0.139998733997
    },
    "silence_rate_60dB": {
        "max": 1,
        "mean": 0.10000000149,
        "min": 0,
        "stdev": 0.299997508526
    },
    "spectral_centroid": {
        "max": 11132.3212891,
        "mean": 1750.05969238,
        "min": 645.512695312,
        "stdev": 724.771118164
    },
    "spectral_complexity": {
        "max": 57,
        "mean": 25.2054538727,
        "min": 0,
        "stdev": 10.5190544128
    },
    "spectral_decrease": {
        "max": 1.12764057363e-24,
        "mean": -5.94545035426e-09,
        "min": -1.20472705589e-07,
        "stdev": 9.07751562806e-09
    },
    "spectral_energy": {
        "max": 0.472899675369,
        "mean": 0.0247546229511,
        "min": 1.02880709855e-20,
        "stdev": 0.0369610860944
    },
    "spectral_energyband_high": {
        "max": 0.0378055796027,
        "mean": 0.00114077690523,
        "min": 7.44570472518e-21,
        "stdev": 0.00243532913737
    },
    "spectral_energyband_low": {
        "max": 0.370089739561,
        "mean": 0.0057947053574,
        "min": 5.68205402869e-23,
        "stdev": 0.0178211256862
    },
    "spectral_energyband_middle_high": {
        "max": 0.115430608392,
        "mean": 0.00704141985625,
        "min": 1.50639969693e-21,
        "stdev": 0.00894488580525
    },
    "spectral_energyband_middle_low": {
        "max": 0.168202593923,
        "mean": 0.0118549009785,
        "min": 3.57786008162e-22,
        "stdev": 0.0172446090728
    },
    "spectral_entropy": {
        "max": 9.86337089539,
        "mean": 7.75288629532,
        "min": 6.91222190857,
        "stdev": 0.319975405931
    },
    "spectral_flux": {
        "max": 0.587290465832,
        "mean": 0.0789108499885,
        "min": 6.83353373887e-11,
        "stdev": 0.0548217669129
    },
    "spectral_kurtosis": {
        "max": 11.6983213425,
        "mean": 3.91391324997,
        "min": -1.23580634594,
        "stdev": 1.77402675152
    },
    "spectral_rms": {
        "max": 0.0214794203639,
        "mean": 0.00443655299023,
        "min": 3.16814499982e-12,
        "stdev": 0.00211372389458
    },
    "spectral_rolloff": {
        "max": 19078.4179688,
        "mean": 2191.06274414,
        "min": 258.3984375,
        "stdev": 1485.28295898
    },
    "spectral_skewness": {
        "max": 2.26646494865,
        "mean": 1.39572954178,
        "min": -0.0607835166156,
        "stdev": 0.305790662766
    },
    "spectral_spread": {
        "max": 41793712,
        "mean": 4325725.5,
        "min": 2468413.75,
        "stdev": 2844514.75
    },
    "spectral_strongpeak": {
        "max": 5.37976503372,
        "mean": 0.699352145195,
        "min": 0,
        "stdev": 0.73573499918
    },
    "zerocrossingrate": {
        "max": 0.51318359375,
        "mean": 0.0812704190612,
        "min": 0.0283203125,
        "stdev": 0.0427382364869
    },
    "barkbands": {
        "max": [0.00310318754055, 0.167004436255, 0.199801534414, 0.0646213516593, 0.0675913915038, 0.021270763129, 0.0201283358037, 0.0413743816316, 0.0547258779407, 0.0229056142271, 0.0166975222528, 0.0118164075539, 0.00679351156577, 0.00747842388228, 0.00875861570239, 0.0232980903238, 0.0206704027951, 0.0316546149552, 0.00754513358697, 0.0174771454185, 0.00965712312609, 0.0064736539498, 0.00341849471442, 0.00307394750416, 0.00314902863465, 0.00155689450912, 3.3747714042e-05],
        "mean": [0.000149624349433, 0.00290384772234, 0.00196196860634, 0.00197802530602, 0.00331266317517, 0.00172633794136, 0.00146276224405, 0.0019553611055, 0.000938306911848, 0.000810783589259, 0.000693716458045, 0.000976223382168, 0.000655981712043, 0.000582187029067, 0.000600693165325, 0.000643502979074, 0.000886008841917, 0.000644187792204, 0.000540877867024, 0.000358693272574, 0.00024019999546, 0.000227309486945, 0.0001789839298, 0.000145901038195, 0.00012252079614, 5.78307626711e-05, 1.3233633922e-07],
        "min": [4.90416404874e-24, 1.49830339658e-23, 2.29067457506e-24, 3.58359314403e-23, 2.83419705663e-23, 6.70858420961e-23, 8.55155576627e-23, 1.88649932369e-23, 3.54794799071e-23, 4.49324096007e-23, 5.21728936886e-23, 7.96609412576e-23, 7.61374277602e-23, 7.53301706186e-23, 1.22592594499e-22, 8.45105867348e-23, 1.4320587074e-22, 1.41584704782e-22, 2.31684307921e-22, 2.54821408945e-22, 3.12328586385e-22, 3.49861502783e-22, 7.00303506219e-22, 8.95607290996e-22, 9.65034825669e-22, 1.52033958857e-21, 2.19456671065e-21],
        "stdev": [0.000241001020186, 0.0090889101848, 0.00891642365605, 0.00529472017661, 0.006573733408, 0.00201972736977, 0.00189324223902, 0.00381310866214, 0.00286336243153, 0.00150732509792, 0.00145846127998, 0.00115035567433, 0.000772595638409, 0.000773570558522, 0.000848494295496, 0.00136298697907, 0.00149680709001, 0.00177573331166, 0.000701812037732, 0.000843337562401, 0.000573740398977, 0.000536874867976, 0.000406278908486, 0.000336034601787, 0.000299241452012, 0.000129709849716, 1.55578845806e-06]
    },
    "erbbands": {
        "max": [2.47129201889, 51.5298995972, 253.654434204, 150.021377563, 277.340515137, 149.552734375, 107.734718323, 206.27494812, 223.233917236, 676.008483887, 779.810852051, 1208.11767578, 912.412109375, 391.326568604, 722.759216309, 460.580718994, 302.822357178, 365.737640381, 341.262207031, 729.949584961, 1253.25305176, 1353.00170898, 1879.8190918, 524.08404541, 333.722900391, 810.601379395, 506.787811279, 401.300415039, 274.015991211, 105.333076477, 98.6698608398, 71.4312515259, 61.4602584839, 37.7557067871, 19.4452152252, 9.37816810608, 1.9938390255, 0.159806549549, 0.0093931723386, 0.000894343655091],
        "mean": [0.086161993444, 0.647934913635, 2.18070220947, 4.42780160904, 10.818397522, 9.22631549835, 11.0747613907, 14.1570949554, 23.9074249268, 37.1861000061, 28.5516643524, 19.4496307373, 28.3349132538, 20.620092392, 24.8788108826, 44.6149520874, 31.3425502777, 29.7812023163, 27.6912193298, 33.3238716125, 39.398475647, 49.9552993774, 39.8950500488, 31.3892230988, 23.6431407928, 15.2546253204, 11.5701265335, 8.76718521118, 8.70747756958, 6.33338022232, 4.87193155289, 3.88531827927, 1.89540922642, 1.23886537552, 0.9611723423, 0.398437678814, 0.0648988932371, 0.0021708572749, 0.000100249300885, 3.82215730497e-05],
        "min": [9.46253019392e-22, 1.81989105167e-21, 6.45250960993e-21, 6.08814430491e-20, 1.03461676604e-19, 9.15206459155e-20, 1.8408174287e-19, 8.06463874112e-19, 1.24282739323e-18, 9.14848212401e-19, 8.93486996865e-19, 7.69637586446e-19, 1.20461578483e-18, 1.5904864416e-18, 3.25112607096e-18, 2.82143055815e-18, 4.17005735026e-18, 3.05007382601e-18, 6.82808851136e-18, 5.88150892688e-18, 7.65940213185e-18, 7.84909698018e-18, 7.91017268789e-18, 8.76375855996e-18, 1.11721098027e-17, 1.04991851395e-17, 1.1567110879e-17, 1.30882124803e-17, 9.89217684491e-18, 1.97232432405e-17, 2.20649948634e-17, 1.34236466264e-17, 1.82374730048e-17, 1.18185514514e-17, 6.97601115235e-18, 5.45803050356e-18, 2.57526181465e-18, 1.23378300041e-18, 3.01052926776e-19, 3.29317210093e-20],
        "stdev": [0.200119614601, 2.50133609772, 11.0976190567, 10.5013685226, 27.2149562836, 14.4946432114, 14.3340492249, 16.5533027649, 27.9790496826, 67.18019104, 55.3127365112, 61.0563774109, 57.9355316162, 37.767414093, 54.3273506165, 51.6145629883, 33.5225868225, 39.0675354004, 32.4351387024, 50.7227363586, 75.6164093018, 94.8395690918, 107.784637451, 52.0891036987, 27.7975082397, 38.5934448242, 27.2554531097, 24.5180988312, 20.9790420532, 14.1987962723, 11.0385055542, 9.51713275909, 4.49524641037, 3.0736207962, 2.23134660721, 0.876972258091, 0.199252739549, 0.00872906763107, 0.000446578313131, 6.3988234615e-05]
    },
    "gfcc": {
        "mean": [11.7627344131, 95.1686782837, -139.775375366, 40.1043052673, -59.6618041992, 15.95033741, -45.3071899414, 13.5668449402, -23.3570632935, 3.84329271317, -10.9300012589, 0.357948303223, -10.1892089844],
        "cov": [[11878.1474609, 300.071716309, -851.64855957, 476.328613281, -829.091186523, 16.5993061066, -385.848449707, -95.0047149658, -355.037689209, -66.1792144775, -251.956253052, -77.5815734863, -198.460830688], [300.071716309, 1115.37316895, -639.162902832, 94.6448516846, -28.4272766113, -254.208786011, 112.89074707, -227.88671875, 141.271881104, -182.348266602, 228.218078613, -179.219818115, 167.137924194], [-851.64855957, -639.162902832, 799.655517578, -38.5113067627, 146.902359009, 220.049667358, -46.5588226318, 181.279785156, -79.6046295166, 147.120162964, -171.484527588, 136.445114136, -93.4148025513], [476.328613281, 94.6448516846, -38.5113067627, 135.737792969, -30.9963493347, -11.8096418381, 6.28066682816, -49.5258522034, -0.889284789562, -38.975151062, 5.30667877197, -33.4580421448, 3.91222715378], [-829.091186523, -28.4272766113, 146.902359009, -30.9963493347, 227.891983032, 87.4866867065, 39.7953262329, 101.14528656, 27.7108821869, 51.9639282227, 5.91482400894, 49.7668800354, 8.90545463562], [16.5993061066, -254.208786011, 220.049667358, -11.8096418381, 87.4866867065, 169.391921997, -0.88097769022, 104.344329834, -33.1288337708, 72.8109207153, -64.6927719116, 68.0766983032, -43.1243934631], [-385.848449707, 112.89074707, -46.5588226318, 6.28066682816, 39.7953262329, -0.88097769022, 97.7993545532, -4.51905965805, 40.5221138, -18.853061676, 31.7113742828, -20.2932052612, 16.8672790527], [-95.0047149658, -227.88671875, 181.279785156, -49.5258522034, 101.14528656, 104.344329834, -4.51905965805, 168.013931274, -1.52756679058, 92.7740631104, -46.3925743103, 69.0972900391, -40.8871269226], [-355.037689209, 141.271881104, -79.6046295166, -0.889284789562, 27.7108821869, -33.1288337708, 40.5221138, -1.52756679058, 90.2354660034, 2.32265472412, 51.648651123, -18.9945983887, 24.5564746857], [-66.1792144775, -182.348266602, 147.120162964, -38.975151062, 51.9639282227, 72.8109207153, -18.853061676, 92.7740631104, 2.32265472412, 110.761207581, -21.088602066, 58.0591468811, -26.6437721252], [-251.956253052, 228.218078613, -171.484527588, 5.30667877197, 5.91482400894, -64.6927719116, 31.7113742828, -46.3925743103, 51.648651123, -21.088602066, 98.605758667, -24.6115550995, 45.6605186462], [-77.5815734863, -179.219818115, 136.445114136, -33.4580421448, 49.7668800354, 68.0766983032, -20.2932052612, 69.0972900391, -18.9945983887, 58.0591468811, -24.6115550995, 88.2407608032, -4.31738424301], [-198.460830688, 167.137924194, -93.4148025513, 3.91222715378, 8.90545463562, -43.1243934631, 16.8672790527, -40.8871269226, 24.5564746857, -26.6437721252, 45.6605186462, -4.31738424301, 77.5715179443]],
        "icov": [[0.000500565685797, -0.0012496735435, 0.000997033668682, -0.00160529604182, 0.00179268198553, -0.000811894715298, 0.00103515887167, -0.00113473762758, 0.00133674358949, -0.00115506479051, 0.00245784618892, -0.00170406675898, 0.0014130222844], [-0.0012496735435, 0.00694662006572, -0.00150520715397, 0.0029772776179, -0.00590912345797, 0.00269391923212, -0.00292949308641, 0.00320831523277, -0.00412011705339, 0.00388178043067, -0.00912641733885, 0.00819818116724, -0.00715740025043], [0.000997033668682, -0.00150520715397, 0.00550723168999, -0.00392511021346, 0.00139559688978, -0.00150480936281, 0.00161001749802, -0.000838115927763, 0.00255721528083, -0.00447609974071, 0.00903787370771, -0.00462535535917, 0.00291105825454], [-0.00160529604182, 0.0029772776179, -0.00392511021346, 0.0146190328524, -0.00465271109715, -0.000521502166521, -0.00260194926523, 0.00546493148431, -0.00486188614741, 0.00574855832383, -0.00799508113414, 0.00715788220987, -0.00367745338008], [0.00179268198553, -0.00590912345797, 0.00139559688978, -0.00465271109715, 0.0162637289613, -0.00692491605878, 0.00233987416141, -0.00943834427744, 0.00383614120074, -0.0018378085224, 0.00473623350263, -0.00674492539838, 0.00302427075803], [-0.000811894715298, 0.00269391923212, -0.00150480936281, -0.000521502166521, -0.00692491605878, 0.0185637548566, -0.00629615271464, 0.000303856271785, 0.00149963924196, -0.00276951002888, 0.00163256982341, -0.00259309588, 0.0004456655588], [0.00103515887167, -0.00292949308641, 0.00161001749802, -0.00260194926523, 0.00233987416141, -0.00629615271464, 0.0182239953429, -0.00338845816441, -0.00282266386785, 0.00259461905807, 0.00161031715106, 0.000115920011012, 0.00235621910542], [-0.00113473762758, 0.00320831523277, -0.000838115927763, 0.00546493148431, -0.00943834427744, 0.000303856271785, -0.00338845816441, 0.0218851268291, -0.00655190879479, -0.00557325780392, 0.00114553340245, -0.00127507932484, 0.0018384878058], [0.00133674358949, -0.00412011705339, 0.00255721528083, -0.00486188614741, 0.00383614120074, 0.00149963924196, -0.00282266386785, -0.00655190879479, 0.0248610582203, -0.00839290302247, 0.000167675447301, -0.00079752644524, 0.00227962643839], [-0.00115506479051, 0.00388178043067, -0.00447609974071, 0.00574855832383, -0.0018378085224, -0.00276951002888, 0.00259461905807, -0.00557325780392, -0.00839290302247, 0.0275831855834, -0.0142736267298, 0.000103839760413, -0.00129103276413], [0.00245784618892, -0.00912641733885, 0.00903787370771, -0.00799508113414, 0.00473623350263, 0.00163256982341, 0.00161031715106, 0.00114553340245, 0.000167675447301, -0.0142736267298, 0.0448526106775, -0.0156259778887, 0.00563003169373], [-0.00170406675898, 0.00819818116724, -0.00462535535917, 0.00715788220987, -0.00674492539838, -0.00259309588, 0.000115920011012, -0.00127507932484, -0.00079752644524, 0.000103839760413, -0.0156259778887, 0.037715062499, -0.0177342705429], [0.0014130222844, -0.00715740025043, 0.00291105825454, -0.00367745338008, 0.00302427075803, 0.0004456655588, 0.00235621910542, 0.0018384878058, 0.00227962643839, -0.00129103276413, 0.00563003169373, -0.0177342705429, 0.0305102467537]]
    },
    "melbands": {
        "max": [0.0276093147695, 0.105659797788, 0.0277075860649, 0.0146961929277, 0.00441781897098, 0.00456929765642, 0.0031437415164, 0.00864766165614, 0.00858106091619, 0.00651702005416, 0.00454648397863, 0.00138028920628, 0.00202349876054, 0.00160133652389, 0.00117837637663, 0.000693738576956, 0.000795951636974, 0.000490384118166, 0.000881882908288, 0.00129058083985, 0.00146995182149, 0.00141216721386, 0.00181134406012, 0.00121804594528, 0.000408144609537, 0.000263432972133, 0.000324796303175, 0.0006050603115, 0.000365586165572, 0.000234024584643, 0.000242541660555, 0.000177732319571, 8.09412449598e-05, 6.48678906146e-05, 5.71182426938e-05, 6.17374025751e-05, 3.84118720831e-05, 3.63202343578e-05, 5.18336855748e-05, 2.73825917247e-05],
        "mean": [0.000778747431468, 0.00103289226536, 0.000991774839349, 0.000729814404622, 0.000400675897254, 0.000348859408405, 0.000334753043717, 0.000437759241322, 0.00023170208442, 0.000112587280455, 0.000141002950841, 7.91028651292e-05, 7.92895443738e-05, 7.99812478363e-05, 0.000143723998917, 4.41855991085e-05, 5.86259775446e-05, 4.20460928581e-05, 5.08178854943e-05, 4.87699944642e-05, 4.37290327682e-05, 5.72169374209e-05, 3.59904151992e-05, 3.10814102704e-05, 2.54345832218e-05, 1.50075957208e-05, 1.58928469318e-05, 9.07966114028e-06, 8.02045087767e-06, 5.62094419365e-06, 4.83615895064e-06, 5.13956456416e-06, 3.99400869355e-06, 3.36887592312e-06, 2.75778825198e-06, 2.86745353151e-06, 2.11791439142e-06, 1.23952872855e-06, 1.26774068576e-06, 9.84456164588e-07],
        "min": [8.8441483781e-24, 3.55962281656e-24, 1.29401256127e-23, 5.70142277273e-24, 8.15641549662e-24, 1.72214031185e-23, 1.81600150671e-23, 8.06317923737e-24, 8.68150971413e-24, 4.28585723781e-24, 5.3977409065e-24, 5.99016321898e-24, 8.83827925296e-24, 9.75142282722e-24, 6.98846432795e-24, 7.77476853498e-24, 5.57890872984e-24, 9.96779317402e-24, 9.02487877806e-24, 5.77375461242e-24, 8.58457764154e-24, 7.10430776302e-24, 9.85440230751e-24, 5.71593150249e-24, 6.85072290301e-24, 8.19851226997e-24, 7.75891164192e-24, 4.91742637828e-24, 6.17178187632e-24, 5.96395055439e-24, 7.75220237992e-24, 5.90393874988e-24, 5.81085000762e-24, 9.59316944102e-24, 1.17064023772e-23, 7.95576162563e-24, 8.34737111164e-24, 1.21481013753e-23, 1.1610772714e-23, 9.68132306946e-24],
        "stdev": [0.00206094165333, 0.00467315595597, 0.00228072353639, 0.00149325805251, 0.000525505281985, 0.000394467817387, 0.000391551089706, 0.000828858930618, 0.000512016937137, 0.000336376950145, 0.000284398905933, 0.000137880881084, 0.000165225908859, 0.00012064242037, 0.000169567880221, 5.63020039408e-05, 8.25261085993e-05, 5.01611903019e-05, 7.81580092735e-05, 8.36758626974e-05, 9.00574304978e-05, 0.000101273893961, 0.000100758043118, 7.55563814892e-05, 4.34134017269e-05, 2.01996626856e-05, 2.18140485231e-05, 2.82985602098e-05, 1.92917577806e-05, 1.34315059768e-05, 1.48903227455e-05, 1.27885468828e-05, 9.59279077506e-06, 7.59686190577e-06, 6.19253296463e-06, 7.66315497458e-06, 5.1017068472e-06, 2.81328880192e-06, 3.40688984579e-06, 2.46332569986e-06]
    },
    "melbands128": {
        "max": [0.00236554350704, 0.0168183688074, 0.0385147556663, 0.107146218419, 0.157213568687, 0.0729403197765, 0.0315641239285, 0.033977419138, 0.0383531339467, 0.0151950744912, 0.00767375901341, 0.00820998568088, 0.00373781681992, 0.00527703482658, 0.00422114459798, 0.00667612068355, 0.00482113752514, 0.00326223461889, 0.00529402727261, 0.0111827235669, 0.0169661045074, 0.00356670329347, 0.00728601124138, 0.0190614536405, 0.00969697907567, 0.00111238984391, 0.00275270873681, 0.00813709571958, 0.00266498839483, 0.000499349553138, 0.00290951505303, 0.00159574137069, 0.00187730486505, 0.00502644432709, 0.0015079784207, 0.00115188024938, 0.00230397633277, 0.00223973277025, 0.00107856525574, 0.000650238245726, 0.000971910019871, 0.000515148334671, 0.000815418723505, 0.0019632880576, 0.000483457784867, 0.000484230549773, 0.000799767149147, 0.00165280804504, 0.000808604992926, 0.00186586834025, 0.00092213152675, 0.00190035323612, 0.00172347470652, 0.00155573233496, 0.00136905070394, 0.00160945917014, 0.0016742402222, 0.00107905257028, 0.00217358954251, 0.00267282896675, 0.0010057563195, 0.000405661732657, 0.000943635241129, 0.000450575491413, 0.000616485194769, 0.00019055728626, 0.000341926002875, 0.000226318326895, 0.000281212560367, 0.00063062296249, 0.000533366226591, 0.000686303537805, 0.000654799339827, 0.00017372086586, 0.000212961094803, 0.000310198636726, 0.000173655949766, 0.000370523513993, 0.000271358323516, 0.000262616755208, 0.000197252011276, 0.000122072044178, 0.000170097904629, 7.37263471819e-05, 8.39546046336e-05, 7.52797932364e-05, 7.78462126618e-05, 9.75176153588e-05, 7.53518106649e-05, 4.7251181968e-05, 8.60643485794e-05, 8.84976543603e-05, 8.12599682831e-05, 4.55263179902e-05, 4.96707762068e-05, 2.42357600655e-05, 3.20691215165e-05, 5.23672279087e-05, 7.22814584151e-05, 3.96430659748e-05, 1.71777573996e-05, 1.90476075659e-05, 4.68380821985e-05, 4.56855523225e-05, 1.76374724106e-05, 2.19484136323e-05, 2.63465917669e-05, 2.65557482635e-05, 1.97449753614e-05, 1.27461689772e-05, 2.33873797697e-05, 1.84945256478e-05, 4.15976046497e-06, 2.5819788334e-06, 2.4159289751e-06, 1.77463243745e-06, 2.43785507337e-07, 2.16860328806e-07, 3.20064799553e-07, 1.10112324592e-07, 2.47258697073e-07, 1.62691108585e-07, 1.35268109602e-07, 5.47569776188e-08, 4.13390992549e-08, 1.0482499313e-08, 1.61712454538e-09, 2.30942931445e-10],
        "mean": [0.0001312403474, 0.000681558041833, 0.000997776514851, 0.00106974795926, 0.00114946300164, 0.0008978494443, 0.000792753126007, 0.00109963584691, 0.00122626952361, 0.000685180479195, 0.000420063151978, 0.000503197370563, 0.000357380602509, 0.000355758995283, 0.000233793092775, 0.000395135662984, 0.000551339006051, 0.000248553376878, 0.000184130782145, 0.000426335580414, 0.000682200130541, 0.000156401903951, 0.00019707789761, 0.000261494860752, 9.74932263489e-05, 7.16267823009e-05, 8.66702466737e-05, 0.000217511231313, 0.000114270435006, 4.32763808931e-05, 9.38242956181e-05, 9.50282046688e-05, 4.38068454969e-05, 0.00012601033086, 3.68439650629e-05, 6.19957863819e-05, 0.000137993862154, 0.000233327577007, 7.30489482521e-05, 3.03690030705e-05, 5.82800385018e-05, 3.07341797452e-05, 4.51529194834e-05, 9.89670006675e-05, 3.68574910681e-05, 3.07772643282e-05, 4.14089445258e-05, 6.41134683974e-05, 4.88559599034e-05, 2.72887082247e-05, 4.93152001582e-05, 8.05072413641e-05, 2.55237628153e-05, 3.16027399094e-05, 7.01993412804e-05, 6.44643514534e-05, 4.78283182019e-05, 2.4551360184e-05, 3.72376853193e-05, 4.72492138215e-05, 2.87911061605e-05, 1.40070715133e-05, 4.50334810012e-05, 1.99079095182e-05, 1.25286387629e-05, 1.00509996628e-05, 2.3219956347e-05, 1.78854388651e-05, 1.61032166943e-05, 8.53388974065e-06, 7.57874067858e-06, 1.03751108327e-05, 1.05958224594e-05, 6.83357757225e-06, 5.66745029573e-06, 6.72452597428e-06, 4.74085391033e-06, 5.03231149196e-06, 4.85632062919e-06, 4.7445855671e-06, 4.92270055474e-06, 5.59108093512e-06, 4.89331887366e-06, 3.46441561305e-06, 3.78767072107e-06, 3.37898222824e-06, 3.24938264384e-06, 3.20110916618e-06, 2.72803572443e-06, 2.34760204876e-06, 2.8548085993e-06, 3.08754692924e-06, 2.84220504909e-06, 2.27414398069e-06, 1.59218086537e-06, 1.21122263863e-06, 1.17779086395e-06, 1.16176511256e-06, 1.61037110047e-06, 1.11678002668e-06, 7.43391808555e-07, 9.06253148969e-07, 1.32391164698e-06, 1.26409941004e-06, 1.07026039586e-06, 8.9959229399e-07, 1.28383817355e-06, 9.06213983853e-07, 6.10321706063e-07, 4.51836172033e-07, 4.64256572741e-07, 4.21359374059e-07, 7.76961854854e-08, 2.07257269125e-08, 1.45652103711e-08, 1.14979306076e-08, 2.24713470054e-09, 6.56644516539e-10, 8.06447075785e-10, 3.83770321077e-10, 6.18273543473e-10, 4.28010987763e-10, 3.8365857713e-10, 2.0630989972e-10, 1.68986435956e-10, 4.97926630483e-11, 9.75461725283e-12, 3.79008369827e-12],
        "min": [3.59901182485e-24, 1.09927522596e-23, 3.30045676565e-24, 3.36355143857e-24, 2.3417497688e-24, 1.1725185747e-24, 1.05104356024e-23, 2.09831178995e-23, 1.01380356683e-23, 1.01897853381e-24, 5.07717268374e-24, 8.49021883322e-24, 4.08531617393e-24, 4.87712386906e-24, 1.98544472708e-23, 2.08630359148e-23, 2.30418366029e-23, 1.86025250142e-23, 9.99146767865e-24, 1.26826895338e-23, 1.86446288873e-24, 3.45080339899e-24, 9.97811699669e-24, 7.20319147749e-24, 4.35657309593e-24, 2.86900645126e-24, 4.15687098563e-24, 4.45068459636e-24, 2.05722006484e-24, 6.62722204248e-24, 1.72736339935e-24, 5.07592155034e-24, 6.69942017025e-24, 1.28264870439e-23, 1.28756614773e-23, 6.27828519828e-24, 7.44172408257e-24, 4.25534409799e-24, 6.29731410103e-24, 9.50704081853e-24, 4.59117441269e-24, 1.60345129773e-24, 5.19771733537e-24, 6.02683696803e-24, 1.21201307342e-23, 4.93878518172e-24, 1.2307877263e-23, 9.86498093224e-24, 6.78499974555e-24, 4.09487401265e-24, 6.23794206272e-24, 6.2589581061e-24, 5.33635963946e-24, 9.19883996261e-24, 5.39545242101e-24, 4.49657302965e-24, 1.0061921635e-23, 8.36017274641e-24, 9.43574751422e-24, 6.05724085061e-24, 4.28186875707e-24, 5.46573322235e-24, 9.20118997924e-24, 4.03843890349e-24, 9.07486494932e-24, 7.78383964653e-24, 5.97306584215e-24, 9.64234071896e-24, 8.00689637837e-24, 3.77921289915e-24, 4.59155819352e-24, 3.30508225156e-24, 2.37743468071e-24, 9.10374672479e-24, 6.27730543303e-24, 5.48743518028e-24, 4.57155859742e-24, 8.85752667019e-24, 6.05544343104e-24, 8.34167238046e-24, 6.00471770268e-24, 3.38545218945e-24, 3.70621683858e-24, 3.39978697539e-24, 9.77167288665e-24, 7.74870535953e-24, 8.39468619988e-24, 6.6959909919e-24, 1.05334987398e-23, 1.14355572406e-23, 1.02397513934e-23, 4.85802081338e-24, 7.18256197596e-24, 6.72734032427e-24, 9.74080081513e-24, 1.12573977383e-23, 8.26726386444e-24, 1.51650178658e-23, 1.24225484508e-23, 7.2975463415e-24, 1.08572267449e-23, 9.21971795532e-24, 8.16701226516e-24, 6.81344054777e-24, 6.1653222888e-24, 4.39700103404e-24, 9.37465181483e-24, 8.14727496531e-24, 1.00006981401e-23, 7.70417337257e-24, 5.22301886561e-24, 1.00706795687e-23, 7.94658953988e-24, 7.16770772511e-24, 6.5243837683e-24, 1.01191779483e-23, 8.28187830157e-24, 1.01813504428e-23, 8.65153299973e-24, 6.53339926515e-24, 9.35666815277e-24, 1.05671917779e-23, 8.53099426455e-24, 8.46021845299e-24, 9.3018091877e-24, 9.79215960436e-24, 1.10866819276e-23, 8.78463513368e-24],
        "stdev": [0.000211550359381, 0.00142258056439, 0.00299673690461, 0.00486474810168, 0.0068102334626, 0.00341188232414, 0.0019767540507, 0.00302573130466, 0.00344811752439, 0.00140389439184, 0.000643554609269, 0.000854393001646, 0.00048325266107, 0.000585507543292, 0.000368864275515, 0.000563827401493, 0.000710502034053, 0.000391639361624, 0.000399732001824, 0.000846472801641, 0.0014405461261, 0.000324172491673, 0.000440705189249, 0.00096608599415, 0.00046978975297, 0.000116849012556, 0.00021630874835, 0.000511198828463, 0.000186740595382, 5.99421618972e-05, 0.00025473133428, 0.000197965578991, 0.000103837315692, 0.000348720845068, 9.78102762019e-05, 9.98243267532e-05, 0.000206004391657, 0.000311965093715, 0.000109282387712, 4.96738939546e-05, 9.37619261094e-05, 4.84740048705e-05, 7.19892195775e-05, 0.000166909492691, 5.67781899008e-05, 4.41844131274e-05, 6.88315922162e-05, 0.000125488673802, 8.26220057206e-05, 8.73714598129e-05, 7.2867864219e-05, 0.000163757154951, 8.79988074303e-05, 8.96720885066e-05, 0.000116874012747, 0.000130611515488, 0.000111376422865, 7.0621863415e-05, 0.000116300027003, 0.000156854424858, 7.35198191251e-05, 3.12435913656e-05, 8.94633922144e-05, 3.69910812879e-05, 3.50052032445e-05, 1.57958857017e-05, 3.20482176903e-05, 2.31785270444e-05, 2.71502285614e-05, 2.98667782772e-05, 2.63359070232e-05, 3.17903213727e-05, 3.19034043059e-05, 1.41103846545e-05, 1.49088109538e-05, 1.63207841979e-05, 1.20808572319e-05, 1.91600975086e-05, 1.6025674995e-05, 1.44369460031e-05, 1.41300897667e-05, 1.28220171973e-05, 1.37331498991e-05, 9.50780577114e-06, 8.79429080669e-06, 8.49450407259e-06, 8.02120302978e-06, 7.54763095756e-06, 6.63425134917e-06, 5.57688917979e-06, 8.30424323794e-06, 9.47204080148e-06, 8.19649540063e-06, 6.04314482189e-06, 3.9449137148e-06, 2.65212111117e-06, 2.60919523498e-06, 3.53512814399e-06, 4.61422496301e-06, 2.964292662e-06, 1.97502185983e-06, 2.28453836826e-06, 3.65623213838e-06, 3.62009291166e-06, 2.67557220468e-06, 2.40956774178e-06, 2.58087197835e-06, 1.88239096133e-06, 1.78520861027e-06, 1.20747108667e-06, 1.61000343724e-06, 1.51311496666e-06, 3.27569608771e-07, 1.27711260234e-07, 1.16662782546e-07, 8.73707293181e-08, 1.42944607262e-08, 9.69856017718e-09, 1.38078641854e-08, 5.25834353837e-09, 1.07492192924e-08, 7.12946590653e-09, 6.1044009847e-09, 2.80875345204e-09, 2.41566233683e-09, 6.45297870694e-10, 9.1958121673e-11, 1.45446571453e-11]
    },
    "mfcc": {
        "mean": [-616.114257812, 115.964775085, -17.1915111542, 22.8574028015, 5.75637769699, 2.24578094482, -4.5384054184, 3.91513133049, -5.15382146835, 1.23072826862, -0.235821977258, 3.61793446541, 1.36495888233],
        "cov": [[5486.39990234, 35.8767280579, 135.99559021, 221.951293945, -330.323699951, -31.5257358551, -97.2852706909, -170.365570068, -133.923690796, -122.554519653, -171.86100769, -76.5970458984, -80.1522903442], [35.8767280579, 697.507873535, -309.067230225, 110.10710144, -43.1817741394, -30.4741077423, -13.3971195221, -29.2387695312, -38.7540245056, 26.4506645203, -36.5181427002, 23.2916526794, 29.4882984161], [135.99559021, -309.067230225, 426.191101074, -27.9815998077, 85.8003387451, 48.9432258606, 24.2502098083, 13.4625272751, 55.5301628113, -16.7306079865, 10.3140611649, -29.1600227356, -9.78861141205], [221.951293945, 110.10710144, -27.9815998077, 114.723388672, -17.6123752594, 1.15487599373, -10.6712741852, -13.7074108124, -17.8502845764, 2.36471915245, -21.0106716156, -2.22413897514, -7.06148433685], [-330.323699951, -43.1817741394, 85.8003387451, -17.6123752594, 169.561645508, 33.6093177795, 43.6224632263, 49.6362037659, 46.8282814026, 22.1098384857, 41.9423599243, 0.758950531483, 17.4399967194], [-31.5257358551, -30.4741077423, 48.9432258606, 1.15487599373, 33.6093177795, 80.8460464478, 29.370880127, 24.250459671, 15.9928226471, 5.97506999969, 4.40468883514, 0.987421095371, -7.623087883], [-97.2852706909, -13.3971195221, 24.2502098083, -10.6712741852, 43.6224632263, 29.370880127, 72.5551071167, 34.6384849548, 25.9808082581, 6.8345656395, 12.7931346893, 2.51864647865, 2.52521777153], [-170.365570068, -29.2387695312, 13.4625272751, -13.7074108124, 49.6362037659, 24.250459671, 34.6384849548, 84.8737640381, 35.7975730896, 21.2208118439, 28.3127117157, 7.68301725388, -5.37576818466], [-133.923690796, -38.7540245056, 55.5301628113, -17.8502845764, 46.8282814026, 15.9928226471, 25.9808082581, 35.7975730896, 67.5447998047, 19.9703464508, 27.9565429688, 3.77165341377, 3.08359503746], [-122.554519653, 26.4506645203, -16.7306079865, 2.36471915245, 22.1098384857, 5.97506999969, 6.8345656395, 21.2208118439, 19.9703464508, 57.9535903931, 33.7560462952, 13.8172149658, 2.47214651108], [-171.86100769, -36.5181427002, 10.3140611649, -21.0106716156, 41.9423599243, 4.40468883514, 12.7931346893, 28.3127117157, 27.9565429688, 33.7560462952, 74.1721343994, 22.2843894958, 9.29897403717], [-76.5970458984, 23.2916526794, -29.1600227356, -2.22413897514, 0.758950531483, 0.987421095371, 2.51864647865, 7.68301725388, 3.77165341377, 13.8172149658, 22.2843894958, 45.7264938354, 17.906080246], [-80.1522903442, 29.4882984161, -9.78861141205, -7.06148433685, 17.4399967194, -7.623087883, 2.52521777153, -5.37576818466, 3.08359503746, 2.47214651108, 9.29897403717, 17.906080246, 46.2340278625]],
        "icov": [[0.00024361164833, -1.77585316123e-05, -0.000200966038392, -0.000404747901484, 0.000444604549557, -1.29780455609e-05, -5.20881221746e-05, 0.0001098988796, 0.000117223367852, 0.000205759395612, -6.7091668825e-06, 0.000137088471092, 0.000104499333247], [-1.77585316123e-05, 0.00278064724989, 0.00193856272381, -0.00206667999737, -0.000533617450856, 3.20332037518e-05, -0.000358777906513, 0.000702257268131, -0.000669604400173, -0.00130891427398, 0.00165373936761, -0.000143129916978, -0.00156423437875], [-0.000200966038392, 0.00193856272381, 0.00479539483786, -0.000775456777774, -0.00198778836057, -0.00155165209435, 0.000360036880011, 0.00163416215219, -0.00325274583884, 0.000830413831864, 0.000630594789982, 0.00137888244353, -0.000511984282639], [-0.000404747901484, -0.00206667999737, -0.000775456777774, 0.0121448431164, -0.000810004305094, -0.000781201582868, 0.000965614337474, 0.000150682521053, 0.00183795555495, -0.00216298620217, 0.0021886639297, -0.00109120621346, 0.00242420868017], [0.000444604549557, -0.000533617450856, -0.00198778836057, -0.000810004305094, 0.0112111708149, -0.00175900198519, -0.00238464749418, -0.00302388821729, -0.00115372810978, -0.000123995414469, -0.00401384010911, 0.00421432964504, -0.00491510517895], [-1.29780455609e-05, 3.20332037518e-05, -0.00155165209435, -0.000781201582868, -0.00175900198519, 0.0166334174573, -0.0049578868784, -0.00180281011853, 0.000613168464042, -0.00124653219245, 0.00232668174431, -0.00308806775138, 0.00373023399152], [-5.20881221746e-05, -0.000358777906513, 0.000360036880011, 0.000965614337474, -0.00238464749418, -0.0049578868784, 0.0204932447523, -0.0049372734502, -0.00349180912599, 0.00185159337707, 0.000489792611916, 0.000217583656195, -0.00129797763657], [0.0001098988796, 0.000702257268131, 0.00163416215219, 0.000150682521053, -0.00302388821729, -0.00180281011853, -0.0049372734502, 0.0203658957034, -0.00598619598895, -0.00184643664397, -0.0015158316819, -0.00249408744276, 0.00536148017272], [0.000117223367852, -0.000669604400173, -0.00325274583884, 0.00183795555495, -0.00115372810978, 0.000613168464042, -0.00349180912599, -0.00598619598895, 0.0257242191583, -0.00457782763988, -0.00338809634559, 0.00103634456173, -0.000937504053582], [0.000205759395612, -0.00130891427398, 0.000830413831864, -0.00216298620217, -0.000123995414469, -0.00124653219245, 0.00185159337707, -0.00184643664397, -0.00457782763988, 0.027517395094, -0.0108950519934, -0.0018583452329, 0.00230740080588], [-6.7091668825e-06, 0.00165373936761, 0.000630594789982, 0.0021886639297, -0.00401384010911, 0.00232668174431, 0.000489792611916, -0.0015158316819, -0.00338809634559, -0.0108950519934, 0.0265110209584, -0.0095563326031, 0.000273592246231], [0.000137088471092, -0.000143129916978, 0.00137888244353, -0.00109120621346, 0.00421432964504, -0.00308806775138, 0.000217583656195, -0.00249408744276, 0.00103634456173, -0.0018583452329, -0.0095563326031, 0.0336336232722, -0.0130202583969], [0.000104499333247, -0.00156423437875, -0.000511984282639, 0.00242420868017, -0.00491510517895, 0.00373023399152, -0.00129797763657, 0.00536148017272, -0.000937504053582, 0.00230740080588, 0.000273592246231, -0.0130202583969, 0.0311599224806]]
    },
    "spectral_contrast_coeffs": {
        "max": [-0.530810058117, -0.595517277718, -0.644249260426, -0.642590641975, -0.607789099216, -0.58080548048],
        "mean": [-0.728585779667, -0.758552491665, -0.768068492413, -0.788503170013, -0.756109237671, -0.737410962582],
        "min": [-0.996721625328, -0.994030356407, -0.997640192509, -0.995780527592, -0.995192229748, -0.994610190392],
        "stdev": [0.0728188231587, 0.058324765414, 0.0502434931695, 0.0439125820994, 0.0457563996315, 0.0515024475753]
    },
    "spectral_contrast_valleys": {
        "max": [-4.78462743759, -4.44422149658, -5.05762624741, -5.4491443634, -4.66319608688, -7.51437187195],
        "mean": [-6.67509698868, -6.53388166428, -7.13663291931, -7.22194671631, -7.40074920654, -10.4497756958],
        "min": [-27.260515213, -27.0104961395, -27.5511035919, -27.2205238342, -27.3090171814, -27.4086685181],
        "stdev": [1.56594860554, 1.55792450905, 1.50803482533, 1.4683791399, 1.5368295908, 1.54214572906]
    }
},
"rhythm": {
    "beats_count": 27,
    "beats_loudness": {
        "max": 0.289333760738,
        "mean": 0.0437585189939,
        "min": 0.00218242639676,
        "stdev": 0.0510678477585
    },
    "bpm": 133.253036499,
    "bpm_histogram_first_peak_bpm": 133,
    "bpm_histogram_first_peak_weight": 0.375,
    "bpm_histogram_second_peak_bpm": 123,
    "bpm_histogram_second_peak_spread": 0.5,
    "bpm_histogram_second_peak_weight": 0.0384615398943,
    "danceability": 1.75585925579,
    "onset_rate": 2.66470932961,
    "beats_loudness_band_ratio": {
        "max": [0.683224856853, 0.257832944393, 0.355059623718, 0.203124478459, 0.244683250785, 0.334678560495],
        "mean": [0.477706700563, 0.1215974316, 0.140057504177, 0.0870387107134, 0.10284422338, 0.123851023614],
        "min": [0.114950932562, 0.0133414538577, 0.0303264819086, 0.0381880812347, 0.0359461009502, 0.0213216617703],
        "stdev": [0.14405310154, 0.0684812292457, 0.0709130391479, 0.0432657748461, 0.0528049953282, 0.0837271362543]
    },
    "beats_position": [0.476009070873, 0.96362811327, 1.43963718414, 1.90403628349, 2.36843538284, 2.82122445107, 3.27401351929, 3.7151927948, 4.1679816246, 4.62077093124, 5.07355976105, 5.52634906769, 5.9675283432, 6.420317173, 6.87310647964, 7.31428575516, 7.76707458496, 8.2198638916, 8.67265319824, 9.12544155121, 9.56662082672, 10.0194101334, 10.47219944, 10.9133787155, 11.354557991, 11.7957363129, 12.2485256195],
