{
"metadata": {
    "version": {
        "essentia": "2.1-beta5",
        "essentia_git_sha": "Undefined",
        "extractor": "music 2.0"
    },
    "audio_properties": {
        "analysis": {
            "equal_loudness": 0,
            "length": 29.0017242432,
            "sample_rate": 44100,
            "start_time": 0,
            "downmix": "mix"
        },
        "bit_rate": 192000,
        "length": 199.854171753,
        "lossless": 0,
        "number_channels": 2,
        "replay_gain": -1.13048171997,
        "sample_rate": 48000,
        "codec": "mp3",
        "md5_encoded": "25e56e571c039d8c2717c74d69ba6f8b"
    },
    "tags": {
        "file_name": "Austria_Hurricane_Westend.mp3",
        "encoding": ["Lavf58.29.100"]
    }
},
"lowlevel": {
    "average_loudness": 0.50153440237,
    "barkbands_crest": {
        "max": 25.1829624176,
        "mean": 7.8965587616,
        "min": 2.50816655159,
        "stdev": 3.88105177879
    },
    "barkbands_flatness_db": {
        "max": 0.444324404001,
        "mean": 0.134236738086,
        "min": 0.0538398884237,
        "stdev": 0.0647005662322
    },
    "barkbands_kurtosis": {
        "max": 508.84072876,
        "mean": 5.37795829773,
        "min": -1.72927725315,
        "stdev": 20.4629993439
    },
    "barkbands_skewness": {
        "max": 15.0650854111,
        "mean": 0.291398882866,
        "min": -2.33947277069,
        "stdev": 1.9627468586
    },
    "barkbands_spread": {
        "max": 67.4284896851,
        "mean": 18.9063396454,
        "min": 0.188267633319,
        "stdev": 10.1481180191
    },
    "dissonance": {
        "max": 0.5,
        "mean": 0.46692481637,
        "min": 0.13797904551,
        "stdev": 0.0463930368423
    },
    "dynamic_complexity": 7.01722764969,
    "erbbands_crest": {
        "max": 29.9934673309,
        "mean": 7.61099147797,
        "min": 2.65872502327,
        "stdev": 4.65041303635
    },
    "erbbands_flatness_db": {
        "max": 0.396443843842,
        "mean": 0.181641057134,
        "min": 0.0726196095347,
        "stdev": 0.0775259286165
    },
    "erbbands_kurtosis": {
        "max": 163.895736694,
        "mean": 1.27706563473,
        "min": -1.82388997078,
        "stdev": 6.76449203491
    },
    "erbbands_skewness": {
        "max": 10.6277732849,
        "mean": 0.0852698758245,
        "min": -2.61841988564,
        "stdev": 1.08549594879
    },
    "erbbands_spread": {
        "max": 113.199569702,
        "mean": 28.2976913452,
        "min": 1.27692675591,
        "stdev": 15.9413156509
    },
    "hfc": {
        "max": 149.829116821,
        "mean": 8.5845375061,
        "min": 1.03908787423e-16,
        "stdev": 14.8376398087
    },
    "loudness_ebu128": {
        "integrated": -24.3714981079,
        "loudness_range": 5.98826026917,
        "momentary": {
            "max": -18.4899234772,
            "mean": -96.4421539307,
            "min": -300.691009521,
            "stdev": 118.176452637
        },
        "short_term": {
            "max": -22.2829647064,
            "mean": -75.3794250488,
            "min": -300.691009521,
            "stdev": 104.272460938
        }
    },
    "melbands_crest": {
        "max": 31.8035316467,
        "mean": 9.02161312103,
        "min": 1.57645571232,
        "stdev": 6.59861183167
    },
    "melbands_flatness_db": {
        "max": 0.535265743732,
        "mean": 0.15311101079,
        "min": 0.00234581809491,
        "stdev": 0.108707778156
    },
    "melbands_kurtosis": {
        "max": 280.030914307,
        "mean": 7.32865381241,
        "min": -1.43670332432,
        "stdev": 21.6285057068
    },
    "melbands_skewness": {
        "max": 11.9242162704,
        "mean": 1.21522676945,
        "min": -0.972728490829,
        "stdev": 1.71032142639
    },
    "melbands_spread": {
        "max": 164.331390381,
        "mean": 51.5960693359,
        "min": 0.292834430933,
        "stdev": 50.2291679382
    },
    "pitch_salience": {
        "max": 0.966196417809,
        "mean": 0.713006675243,
        "min": 0.0478879250586,
        "stdev": 0.121125973761
    },
    "silence_rate_20dB": {
        "max": 1,
        "mean": 1,
        "min": 1,
        "stdev": 0
    },
    "silence_rate_30dB": {
        "max": 1,
        "mean": 0.991999983788,
        "min": 0,
        "stdev": 0.089083917439
    },
    "silence_rate_60dB": {
        "max": 1,
        "mean": 0.555199980736,
        "min": 0,
        "stdev": 0.496943295002
    },
    "spectral_centroid": {
        "max": 11932.7021484,
        "mean": 3789.06884766,
        "min": 224.45161438,
        "stdev": 4328.94189453
    },
    "spectral_complexity": {
        "max": 42,
        "mean": 10.1272001266,
        "min": 0,
        "stdev": 11.6034107208
    },
    "spectral_decrease": {
        "max": 2.49907441803e-28,
        "mean": -2.83532819445e-09,
        "min": -7.0036520583e-08,
        "stdev": 5.6821884975e-09
    },
    "spectral_energy": {
        "max": 0.275778472424,
        "mean": 0.0114798191935,
        "min": 9.88285507516e-21,
        "stdev": 0.0226720795035
    },
    "spectral_energyband_high": {
        "max": 0.00137752038427,
        "mean": 2.55193299381e-05,
        "min": 6.93280750896e-21,
        "stdev": 6.04783599556e-05
    },
    "spectral_energyband_low": {
        "max": 0.0102141331881,
        "mean": 0.000352450500941,
        "min": 2.9856809513e-24,
        "stdev": 0.000842324050609
    },
    "spectral_energyband_middle_high": {
        "max": 0.114623047411,
        "mean": 0.00324478303082,
        "min": 1.08277962378e-21,
        "stdev": 0.00644068885595
    },
    "spectral_energyband_middle_low": {
        "max": 0.259528785944,
        "mean": 0.00807892158628,
        "min": 1.39016198918e-22,
        "stdev": 0.019434241578
    },
    "spectral_entropy": {
        "max": 9.82611942291,
        "mean": 8.008061409,
        "min": 4.3104095459,
        "stdev": 1.17591357231
    },
    "spectral_flux": {
        "max": 0.389161080122,
        "mean": 0.0478073395789,
        "min": 6.23821619361e-11,
        "stdev": 0.0548325888813
    },
    "spectral_kurtosis": {
        "max": 53.0510177612,
        "mean": 7.3583741188,
        "min": -1.29104423523,
        "stdev": 8.0110206604
    },
    "spectral_rms": {
        "max": 0.0164028089494,
        "mean": 0.00222565140575,
        "min": 3.10512639906e-12,
        "stdev": 0.00249925698154
    },
    "spectral_rolloff": {
        "max": 20004.3457031,
        "mean": 5970.73583984,
        "min": 150.732421875,
        "stdev": 7656.73583984
    },
    "spectral_skewness": {
        "max": 5.49396371841,
        "mean": 1.62809038162,
        "min": -0.0949188098311,
        "stdev": 1.12882125378
    },
    "spectral_spread": {
        "max": 43671604,
        "mean": 13115778,
        "min": 1196488.5,
        "stdev": 16359506
    },
    "spectral_strongpeak": {
        "max": 5.53318548203,
        "mean": 0.592172682285,
        "min": 0,
        "stdev": 0.916855275631
    },
    "zerocrossingrate": {
        "max": 0.8125,
        "mean": 0.174431249499,
        "min": 0.0078125,
        "stdev": 0.197020366788
    },
    "barkbands": {
        "max": [0.000589301344007, 0.000618013436906, 0.00357567076571, 0.0260338075459, 0.117151096463, 0.123038209975, 0.100323535502, 0.0515487454832, 0.0888578891754, 0.0436521619558, 0.0362135693431, 0.0574585869908, 0.00790687091649, 0.00973705854267, 0.0107229752466, 0.0114832548425, 0.00442586373538, 0.00260436907411, 0.00164466863498, 0.00108620454557, 0.000185330791282, 0.000131049615447, 0.000131608176162, 0.000298893690342, 8.2479127741e-06, 1.89525633232e-06, 5.69376481963e-07],
        "mean": [4.47252568847e-05, 7.24738492863e-05, 8.20463319542e-05, 0.000506540352944, 0.00180126912892, 0.00145202304702, 0.0015677359188, 0.00150218605995, 0.00108182732947, 0.000508903292939, 0.000459155999124, 0.000463555246824, 0.000365285668522, 0.0004377712321, 0.000378854660084, 0.000370827823645, 0.0001898335031, 9.96522867354e-05, 5.69264229853e-05, 2.17933520616e-05, 3.35114668815e-06, 2.80250128526e-06, 4.90558204547e-06, 3.08881180899e-06, 1.85770079497e-06, 4.34368189417e-07, 1.50930279386e-09],
        "min": [2.61893882621e-25, 6.46616958058e-25, 1.36336821119e-25, 1.54206036715e-25, 4.79243334e-24, 4.27679677588e-24, 3.8357903977e-24, 7.99809979041e-24, 7.35575323226e-24, 4.95643476118e-24, 1.32578046324e-23, 1.16371971877e-23, 2.19222157864e-23, 1.82170938868e-23, 2.72652669385e-23, 4.63468687582e-23, 7.4522585311e-23, 6.09835612322e-23, 1.08962415965e-22, 1.57466910807e-22, 1.69963401557e-22, 2.6724282538e-22, 3.57113999645e-22, 5.50577958843e-22, 8.74682307412e-22, 1.30080906498e-21, 1.90289103288e-21],
        "stdev": [5.70029878872e-05, 8.03598959465e-05, 0.000262145476881, 0.00206502480432, 0.00722102355212, 0.00579160498455, 0.006574137602, 0.005368439015, 0.00455580232665, 0.00197438965552, 0.00202465476468, 0.0020150099881, 0.000838684907649, 0.00100425665732, 0.000843178306241, 0.000794320076238, 0.000381186895538, 0.000206616648939, 0.000128110244987, 6.00914718234e-05, 9.3517037385e-06, 6.69709061185e-06, 1.19550641102e-05, 1.14352715173e-05, 1.77597883066e-06, 4.1794766048e-07, 1.61609214899e-08]
    },
    "erbbands": {
        "max": [0.0204882603139, 0.150924235582, 2.32927298546, 32.9974136353, 138.525299072, 355.412078857, 774.403320312, 1014.77288818, 1982.51477051, 1639.20251465, 1275.87670898, 1825.1348877, 1579.77746582, 703.499694824, 2741.7043457, 1454.32189941, 410.676849365, 409.961212158, 321.87890625, 699.793212891, 323.438110352, 296.218902588, 153.857467651, 126.136886597, 39.4128379822, 59.2862510681, 24.3261604309, 2.04889059067, 4.11391210556, 5.20845174789, 3.74176692963, 10.3761901855, 1.39747929573, 0.111614398658, 0.051323376596, 0.0142012611032, 0.00219897343777, 0.000341092498275, 0.000132814369863, 0.0003101391776],
        "mean": [0.00257160677575, 0.015696534887, 0.0790431499481, 0.879365622997, 3.19649267197, 5.82975530624, 10.511590004, 12.8327550888, 22.4804401398, 26.2676086426, 31.8561496735, 23.6145324707, 20.1471195221, 15.3258457184, 20.8122768402, 18.5908126831, 17.3507575989, 20.8025913239, 21.19099617, 20.9609222412, 18.4607772827, 10.9410743713, 6.21856546402, 3.67801213264, 2.2790324688, 1.04627728462, 0.328566610813, 0.0675527080894, 0.0907170698047, 0.140851423144, 0.136656284332, 0.091666996479, 0.0367569364607, 0.0233839582652, 0.0114497309551, 0.0033741176594, 0.000499554618727, 2.90118277917e-05, 6.87592091708e-06, 1.34915171657e-05],
        "min": [3.22190672987e-23, 1.85312350231e-22, 4.90627407811e-22, 3.59923288576e-21, 6.76793886143e-21, 1.72204818679e-20, 2.79487849993e-20, 5.06910948904e-20, 8.7454019229e-20, 7.91961136152e-20, 1.75493553085e-19, 1.86164829221e-19, 5.37864732434e-19, 4.85556777327e-19, 5.67655487099e-19, 1.08896569884e-18, 1.22729294133e-18, 1.19473376825e-18, 1.97043479538e-18, 3.26606019653e-18, 3.21811908297e-18, 4.36553998134e-18, 3.95761958457e-18, 6.06085285062e-18, 6.81317444492e-18, 7.82660759369e-18, 7.62168021437e-18, 8.12007804013e-18, 1.02071399252e-17, 9.47910269933e-18, 8.97192186983e-18, 9.64595826377e-18, 9.45171805797e-18, 6.7526070397e-18, 6.01749080214e-18, 3.95259611671e-18, 1.88754757569e-18, 8.9246708317e-19, 2.44005666199e-19, 2.59753517776e-20],
        "stdev": [0.00306959659792, 0.0183680783957, 0.188605338335, 3.0764093399, 12.0448789597, 25.9609794617, 48.4062614441, 55.4815979004, 111.034156799, 105.116867065, 115.197998047, 94.8919906616, 90.4028396606, 49.4361038208, 106.28528595, 63.8261604309, 40.2447471619, 46.471572876, 43.9617767334, 49.682559967, 36.3888015747, 22.0953674316, 12.8680067062, 8.16778850555, 4.87346410751, 2.94507408142, 1.13618147373, 0.123582147062, 0.211501523852, 0.357882916927, 0.336106836796, 0.403807789087, 0.0616863518953, 0.0226691942662, 0.011020315811, 0.00324608990923, 0.000474375789054, 2.87228413072e-05, 1.172782504e-05, 2.59528296738e-05]
    },
    "gfcc": {
        "mean": [-405.176239014, 82.5030059814, -106.581596375, 7.04982328415, -41.1142349243, 7.13699293137, -40.2122879028, 10.1646709442, -14.2256422043, -2.21038413048, -7.11293840408, -3.09364700317, -5.91049385071],
        "cov": [[266540.15625, 26178.9003906, -33809.859375, 1492.89099121, -12379.4375, 1695.78466797, -12196.6865234, 2995.92602539, -4232.24951172, -938.555969238, -1966.02001953, -1130.11682129, -1740.73120117], [26178.9003906, 3032.87988281, -3330.0949707, -158.559127808, -1233.01843262, -122.984924316, -1209.39416504, 191.403503418, -411.291564941, -204.883346558, -163.592208862, -228.999755859, -151.762374878], [-33809.859375, -3330.0949707, 5421.78125, 217.443832397, 1202.99829102, -227.979309082, 1363.21862793, -358.761138916, 405.521728516, 125.962486267, 98.5618896484, 184.284332275, 183.658325195], [1492.89099121, -158.559127808, 217.443832397, 491.065704346, -160.307723999, 130.051635742, -179.811569214, 68.7002334595, -68.9584884644, 67.5165023804, -81.3408813477, 81.5497970581, -41.5703201294], [-12379.4375, -1233.01843262, 1202.99829102, -160.307723999, 770.007568359, -50.5366706848, 605.645446777, -143.443130493, 230.846481323, 45.4758300781, 130.0728302, 44.6458930969, 98.1907501221], [1695.78466797, -122.984924316, -227.979309082, 130.051635742, -50.5366706848, 402.500823975, -14.428935051, 95.7998123169, -57.25963974, 88.6572341919, -64.7523117065, 61.2331123352, -41.5921783447], [-12196.6865234, -1209.39416504, 1363.21862793, -179.811569214, 605.645446777, -14.428935051, 681.829528809, -118.150604248, 198.74659729, 32.8493347168, 116.841682434, 42.9801177979, 76.1596832275], [2995.92602539, 191.403503418, -358.761138916, 68.7002334595, -143.443130493, 95.7998123169, -118.150604248, 120.753242493, -33.6268882751, 10.8599472046, -45.7603378296, 18.9470558167, -32.4925575256], [-4232.24951172, -411.291564941, 405.521728516, -68.9584884644, 230.846481323, -57.25963974, 198.74659729, -33.6268882751, 150.132232666, 24.1254806519, 48.0527648926, 6.87102174759, 29.6001644135], [-938.555969238, -204.883346558, 125.962486267, 67.5165023804, 45.4758300781, 88.6572341919, 32.8493347168, 10.8599472046, 24.1254806519, 106.097480774, 7.13077497482, 20.7825050354, 2.90868067741], [-1966.02001953, -163.592208862, 98.5618896484, -81.3408813477, 130.0728302, -64.7523117065, 116.841682434, -45.7603378296, 48.0527648926, 7.13077497482, 83.8705291748, 11.5674772263, 24.8075904846], [-1130.11682129, -228.999755859, 184.284332275, 81.5497970581, 44.6458930969, 61.2331123352, 42.9801177979, 18.9470558167, 6.87102174759, 20.7825050354, 11.5674772263, 77.6971969604, 18.3367557526], [-1740.73120117, -151.762374878, 183.658325195, -41.5703201294, 98.1907501221, -41.5921783447, 76.1596832275, -32.4925575256, 29.6001644135, 2.90868067741, 24.8075904846, 18.3367557526, 52.6606712341]],
        "icov": [[0.000663461396471, -0.00216246768832, 0.00176166032907, -0.00162155926228, 0.00239372369833, -0.00118346628733, 0.00144913839176, -0.00172149739228, 0.00106584036257, 0.000107140032924, -0.000294229888823, 7.9408979218e-05, -0.000774952233769], [-0.00216246768832, 0.015832439065, -0.00426852423698, 0.00973468925804, -0.0029239046853, 0.00477194646373, 0.00305647170171, 0.00416136207059, 0.000794036663137, 0.00431991089135, -0.00147150142584, 0.00910638924688, 0.000922530074604], [0.00176166032907, -0.00426852423698, 0.00611240090802, -0.00426301220432, 0.00748277455568, -0.000943307124544, 0.00213985959999, -0.0021921726875, 0.00352014461532, -0.000768170400988, 0.00371396308765, -0.00160291919019, -0.00102373980917], [-0.00162155926228, 0.00973468925804, -0.00426301220432, 0.0119041269645, -0.00417392048985, 0.0041371085681, 0.00314875855111, 0.00386220612563, 0.00062716571847, -0.00111349869985, 0.00300450553186, -0.00263499631546, 0.00680793216452], [0.00239372369833, -0.0029239046853, 0.00748277455568, -0.00417392048985, 0.0174123030156, -0.004324009642, 0.00536608509719, -0.00416122190654, 0.00243992591277, 0.00299957115203, -0.00285384012386, 0.00532818073407, -0.00695027271286], [-0.00118346628733, 0.00477194646373, -0.000943307124544, 0.0041371085681, -0.004324009642, 0.0125841731206, -0.0078968917951, 0.00578533532098, 0.00244037248194, -0.00904182065278, 0.0152540998533, -0.0122490329668, 0.0103867426515], [0.00144913839176, 0.00305647170171, 0.00213985959999, 0.00314875855111, 0.00536608509719, -0.0078968917951, 0.0232419800013, -0.0102730141953, 0.00443525332958, 0.00956314243376, -0.0158049408346, 0.0151511887088, -0.00531286559999], [-0.00172149739228, 0.00416136207059, -0.0021921726875, 0.00386220612563, -0.00416122190654, 0.00578533532098, -0.0102730141953, 0.0275518577546, -0.0074450080283, -0.00603709509596, 0.0179828908294, -0.0181477554142, 0.0123330764472], [0.00106584036257, 0.000794036663137, 0.00352014461532, 0.00062716571847, 0.00243992591277, 0.00244037248194, 0.00443525332958, -0.0074450080283, 0.0197590123862, -0.00251438259147, -0.000831832760014, 0.00387843535282, 0.000182351621334], [0.000107140032924, 0.00431991089135, -0.000768170400988, -0.00111349869985, 0.00299957115203, -0.00904182065278, 0.00956314243376, -0.00603709509596, -0.00251438259147, 0.0227526165545, -0.0173849985003, 0.0180539619178, -0.0104388426989], [-0.000294229888823, -0.00147150142584, 0.00371396308765, 0.00300450553186, -0.00285384012386, 0.0152540998533, -0.0158049408346, 0.0179828908294, -0.000831832760014, -0.0173849985003, 0.0505530536175, -0.0331669896841, 0.0159369595349], [7.9408979218e-05, 0.00910638924688, -0.00160291919019, -0.00263499631546, 0.00532818073407, -0.0122490329668, 0.0151511887088, -0.0181477554142, 0.00387843535282, 0.0180539619178, -0.0331669896841, 0.056325905025, -0.0275060441345], [-0.000774952233769, 0.000922530074604, -0.00102373980917, 0.00680793216452, -0.00695027271286, 0.0103867426515, -0.00531286559999, 0.0123330764472, 0.000182351621334, -0.0104388426989, 0.0159369595349, -0.0275060441345, 0.0439767800272]]
    },
    "melbands": {
        "max": [0.00019289975171, 0.00117201765534, 0.00984690245241, 0.0128708723933, 0.0300977490842, 0.0264876261353, 0.0267777070403, 0.0171533562243, 0.0107248509303, 0.011356013827, 0.00782371219248, 0.00265501905233, 0.00727658672258, 0.00818897504359, 0.00134907255415, 0.00103605841286, 0.000797087384854, 0.000681368692312, 0.000904773361981, 0.000973092450295, 0.000301819120068, 0.000349091133103, 0.000168172744452, 0.000109680782771, 0.000119445059681, 4.77926223539e-05, 2.45679239015e-05, 4.95921885886e-05, 2.18931327254e-05, 3.32172203343e-06, 4.5204993171e-07, 1.65048413692e-06, 4.33204104411e-06, 2.70540544989e-06, 2.63684455604e-06, 4.26912401963e-06, 7.3633118518e-06, 8.24411586109e-07, 1.41749367799e-07, 1.06488684537e-07],
        "mean": [2.49962286034e-05, 4.0105664084e-05, 0.000227800410357, 0.000310406147037, 0.000370390131138, 0.000301673921058, 0.000329466594849, 0.000294062891044, 0.000251170044066, 0.000145005033119, 9.88435422187e-05, 6.0598456912e-05, 6.81456949678e-05, 5.44487375009e-05, 4.29193896707e-05, 3.60260783054e-05, 3.92456095142e-05, 3.50950795109e-05, 2.85725764115e-05, 2.75018774119e-05, 1.98244451894e-05, 1.18078032756e-05, 7.13189774615e-06, 4.37507787865e-06, 2.84329144051e-06, 1.9680587684e-06, 1.11323106466e-06, 6.02691500262e-07, 2.50321534168e-07, 6.63030164105e-08, 2.66370836499e-08, 4.39600427171e-08, 6.80474698811e-08, 8.39527203311e-08, 8.00589248229e-08, 7.10408869509e-08, 5.0117819228e-08, 2.54130405608e-08, 2.1208986567e-08, 1.9187483602e-08],
        "min": [5.21288407374e-25, 3.21861190439e-25, 5.90712062034e-25, 1.29553689692e-24, 7.13829830031e-25, 1.07791088077e-24, 1.31360684064e-24, 9.65789488665e-25, 1.18823938925e-24, 1.15167755984e-24, 1.76062867765e-24, 1.5868785134e-24, 1.58683206921e-24, 1.37074561373e-24, 2.32309833598e-24, 1.80865097968e-24, 1.9834071388e-24, 2.16088585412e-24, 2.47395575676e-24, 3.40521394399e-24, 2.95058610734e-24, 4.32962481855e-24, 2.82501562288e-24, 2.92574191921e-24, 4.31314827525e-24, 3.38352736884e-24, 4.24910026393e-24, 4.37726610077e-24, 3.82636390432e-24, 3.8524637618e-24, 3.84456331983e-24, 4.4142309395e-24, 5.51930910516e-24, 4.77294689792e-24, 4.2845670558e-24, 4.9576006976e-24, 4.19341772807e-24, 5.10417302594e-24, 5.85298425186e-24, 4.90778728688e-24],
        "stdev": [2.69095162366e-05, 9.01584498934e-05, 0.000822529138532, 0.00104440213181, 0.00176312972326, 0.00130587490276, 0.00151746917982, 0.00114838173613, 0.000930321228225, 0.000598448095843, 0.000440913892817, 0.000194553795154, 0.000330517970724, 0.000267747585895, 0.000122346711578, 8.2453880168e-05, 9.14182892302e-05, 7.66857701819e-05, 6.56337724649e-05, 6.60707664792e-05, 3.85208186344e-05, 2.46786676144e-05, 1.51884451043e-05, 9.00603299669e-06, 6.95576090948e-06, 4.4577063818e-06, 2.66466554422e-06, 2.08837718674e-06, 9.90943703982e-07, 1.72917566488e-07, 3.43588872909e-08, 9.69857296695e-08, 1.86334375485e-07, 2.20750024482e-07, 1.9497454673e-07, 2.34355127304e-07, 2.57590841102e-07, 4.20066257334e-08, 2.11284216789e-08, 1.90436271197e-08]
    },
    "melbands128": {
        "max": [0.000268309988314, 0.000180043571163, 0.000245180970524, 0.000270322081633, 0.000411887915106, 0.00240270746872, 0.00554880918935, 0.0180886276066, 0.0189325343817, 0.0137370545417, 0.0242534708232, 0.0562992095947, 0.034768730402, 0.0170963760465, 0.0316421836615, 0.039655957371, 0.0543142259121, 0.0286349244416, 0.0137220323086, 0.0281097348779, 0.0165398139507, 0.0177557710558, 0.02106898278, 0.0201362445951, 0.0150446686894, 0.0121529726312, 0.0163215640932, 0.0154428463429, 0.0065747378394, 0.0038231597282, 0.00560393277556, 0.00251342682168, 0.0088726002723, 0.0119324577972, 0.0140075301751, 0.00597886601463, 0.0023457701318, 0.00241451058537, 0.00170576456003, 0.00175419833977, 0.000972334935796, 0.0013086933177, 0.00157922971994, 0.00175777764525, 0.00160504493397, 0.0007446592208, 0.00117312988732, 0.000732145970687, 0.00137663783971, 0.00121877691709, 0.00137968629133, 0.00075090455357, 0.00069944007555, 0.000300699321087, 0.000282164081, 0.000628367532045, 0.000378496828489, 0.000206247539609, 0.000221112175495, 0.000310977426125, 8.87279311428e-05, 7.40498289815e-05, 0.000183530471986, 0.000150423453306, 8.65018955665e-05, 7.7600714576e-05, 4.24979007221e-05, 5.19080458616e-05, 3.00771971524e-05, 3.66590538761e-05, 6.67008935125e-05, 6.26993205515e-05, 3.05236826534e-05, 1.7613021555e-05, 8.29724103824e-06, 4.84425527247e-06, 1.46015167957e-06, 4.34716127984e-07, 2.05958812671e-07, 7.45930378798e-07, 1.51101448864e-06, 1.94281915356e-06, 4.93466768603e-06, 5.88248258282e-06, 2.5906836072e-06, 4.34421190221e-06, 4.27867598773e-06, 2.90072466669e-06, 3.62542255061e-06, 2.80400354313e-06, 2.89115018859e-06, 5.90563831793e-06, 8.91448235052e-06, 9.98632913252e-06, 5.34542004971e-06, 7.61968863117e-07, 3.43772455835e-07, 2.66787793635e-07, 2.01929111654e-07, 1.42899949651e-07, 1.33991306939e-07, 1.46610020124e-07, 1.7333476876e-07, 1.0502852632e-07, 7.78915278943e-08, 9.24083352061e-08, 5.08671504917e-08, 3.7874372083e-08, 3.10095344958e-08, 3.19860511411e-08, 1.97565057647e-08, 1.2504480118e-08, 1.05696393859e-08, 5.56255042028e-09, 3.5895431072e-09, 2.6590982749e-09, 2.62628185865e-09, 2.63200661266e-09, 2.57593213426e-09, 2.51173704058e-09, 2.44742426325e-09, 2.41574138471e-09, 2.39026554105e-09, 2.37226727151e-09, 2.32004659928e-09, 2.31158669983e-09, 2.29533170248e-09, 2.28478769237e-09],
        "mean": [3.01188520098e-05, 2.30241275858e-05, 2.47628850047e-05, 2.51388810284e-05, 2.2867196094e-05, 4.88687692268e-05, 0.000139441166539, 0.000302672298858, 0.000345029198797, 0.000253977341345, 0.000304102839436, 0.000473698630231, 0.000383978855098, 0.000254060374573, 0.000242093781708, 0.000342084036674, 0.000453001790447, 0.000295052421279, 0.000215626627323, 0.000321373110637, 0.000313366705086, 0.0002794470347, 0.000274707417702, 0.000182042625966, 0.000140357544296, 0.000127711624373, 0.00014828114945, 8.29891432659e-05, 7.65258155297e-05, 6.90065280651e-05, 4.89430349262e-05, 5.53552490601e-05, 7.93402505224e-05, 6.94531554473e-05, 5.62610330235e-05, 5.20768116985e-05, 4.68246835226e-05, 4.49040162493e-05, 3.8197660615e-05, 3.78060467483e-05, 3.40212791343e-05, 3.55909214704e-05, 3.93095106119e-05, 4.16314214817e-05, 4.0272858314e-05, 3.34921642207e-05, 2.951731949e-05, 2.78053757938e-05, 2.92034510494e-05, 2.81066677417e-05, 2.77744675259e-05, 2.60871020146e-05, 2.36099476751e-05, 1.6098290871e-05, 1.308033643e-05, 1.2259277355e-05, 1.01879750218e-05, 7.5129923971e-06, 6.29786836726e-06, 5.64634456168e-06, 4.31779608334e-06, 3.51443486579e-06, 2.91575929623e-06, 2.80270569419e-06, 2.46525746661e-06, 1.91851131603e-06, 1.7427861394e-06, 1.41627765515e-06, 9.16990472888e-07, 7.66667596963e-07, 6.51337586532e-07, 5.20947878613e-07, 3.38101699526e-07, 2.1469048761e-07, 1.22722212836e-07, 7.39053689358e-08, 3.86085474702e-08, 2.57813699278e-08, 2.29280558983e-08, 2.90814021753e-08, 3.7507476236e-08, 4.90301452771e-08, 6.29406216035e-08, 7.098883259e-08, 6.95761741554e-08, 8.22706240911e-08, 9.23294720678e-08, 8.20343259988e-08, 7.83109896929e-08, 7.83296698614e-08, 7.87282630199e-08, 6.61328982687e-08, 6.51004086194e-08, 5.14039406596e-08, 4.43633609848e-08, 2.48342875153e-08, 2.37298767303e-08, 2.06821262339e-08, 2.05028456435e-08, 2.22757261525e-08, 2.04326990882e-08, 1.95588754082e-08, 1.54844084221e-08, 1.60453303977e-08, 1.30941160137e-08, 1.12440599054e-08, 8.72920846717e-09, 7.33786142959e-09, 5.54583712287e-09, 3.99471122847e-09, 2.76617928563e-09, 1.95881466603e-09, 1.14387499472e-09, 6.55685616913e-10, 3.80765335928e-10, 2.00160860109e-10, 2.79930106872e-11, 4.554368601e-12, 4.47047433794e-12, 4.36204111026e-12, 4.23242604158e-12, 4.15835595124e-12, 4.13277875463e-12, 4.06506122166e-12, 3.86684000792e-12, 3.60436225137e-12, 3.45244427664e-12, 3.41771554634e-12],
        "min": [9.79062279855e-27, 1.54835054679e-25, 1.81039411577e-25, 1.68831863024e-25, 7.98566975843e-26, 4.97182482114e-26, 3.3526420839e-25, 9.59893961341e-26, 2.05369964979e-25, 1.78922417056e-25, 3.33637577203e-25, 9.61501142176e-26, 1.23662772275e-25, 9.58368871345e-25, 4.16395692871e-25, 2.77349639906e-25, 5.05291146381e-25, 3.36149729408e-25, 3.45212064879e-25, 4.02682134894e-25, 6.03132874202e-25, 1.19641960567e-25, 1.78859567028e-25, 1.10431023422e-25, 5.78556060612e-25, 5.53817086801e-25, 2.65598521343e-25, 7.13528583773e-25, 6.066144132e-25, 5.09730066695e-25, 1.01861092463e-24, 4.26614399822e-25, 1.75941607518e-25, 6.92985117383e-25, 3.48827513015e-25, 7.20017309845e-25, 7.55944352748e-25, 8.56874717532e-25, 1.07518211229e-24, 9.60424544256e-25, 4.93457838372e-25, 9.66916080645e-25, 5.47745372325e-25, 1.03476699318e-24, 8.44275228369e-25, 4.04584201796e-25, 1.19304838394e-24, 8.356792083e-25, 1.13965393914e-24, 6.45504269751e-25, 1.18360847992e-24, 7.19291311293e-25, 8.65410192527e-25, 1.84736018709e-24, 1.32516927353e-24, 1.2418947498e-24, 1.90114393475e-24, 1.69533446331e-24, 1.4237925653e-24, 1.74666722013e-24, 1.88850559418e-24, 2.00224139013e-24, 2.57209498375e-24, 2.20306407735e-24, 2.09734369985e-24, 2.12756358062e-24, 2.35120190016e-24, 1.86166006593e-24, 1.59476061435e-24, 2.48182188328e-24, 2.4298744066e-24, 2.7413015064e-24, 1.73116196183e-24, 2.47619355794e-24, 2.45774979276e-24, 2.49529148602e-24, 2.21720539516e-24, 2.3200184258e-24, 2.78034124653e-24, 2.55243163962e-24, 3.06854802838e-24, 3.04260416814e-24, 3.61299477883e-24, 2.73872843935e-24, 2.711863584e-24, 2.41126419177e-24, 2.47194514753e-24, 3.4143765634e-24, 3.15307053007e-24, 3.0742952745e-24, 3.4814810163e-24, 3.31266202157e-24, 3.21972631833e-24, 2.09637537309e-24, 3.14719568569e-24, 3.96017049106e-24, 3.85600811384e-24, 3.73264683435e-24, 3.6900980437e-24, 3.73272572044e-24, 2.91560505658e-24, 4.05736170446e-24, 2.99072492792e-24, 3.99327346123e-24, 4.17440696912e-24, 3.81418546966e-24, 4.67483942258e-24, 3.00985046614e-24, 3.5236898079e-24, 4.29954200236e-24, 3.90201093196e-24, 4.42079110679e-24, 4.47215502362e-24, 2.89923382621e-24, 4.17542262753e-24, 3.21994779103e-24, 4.54108253407e-24, 4.09985290826e-24, 4.38901184522e-24, 5.22589505248e-24, 4.86154307732e-24, 4.80996459032e-24, 5.4097903624e-24, 4.75450451324e-24, 4.95991127119e-24, 5.64368328206e-24, 5.55905231199e-24, 5.33408614233e-24],
        "stdev": [3.45267617377e-05, 3.01240324916e-05, 3.02869684674e-05, 3.16278274113e-05, 4.31215994467e-05, 0.000170314116986, 0.0005149092176, 0.00134741072543, 0.00150837027468, 0.00106375850737, 0.00158172321972, 0.00301525904797, 0.0020295495633, 0.0010295092361, 0.00126760581043, 0.00184759474359, 0.00277359527536, 0.00164817762561, 0.000869858311489, 0.00171240244526, 0.00147087918594, 0.00123410054948, 0.00141752779018, 0.000934564857744, 0.000739235954825, 0.000627931207418, 0.000898892641999, 0.000540877110325, 0.000311795593007, 0.00025089783594, 0.000221661626711, 0.000212771279621, 0.000448822393082, 0.000459752773168, 0.000420660100644, 0.000226636155276, 0.000167147416505, 0.00016344076721, 0.00011321236525, 0.000112130233902, 8.6925974756e-05, 9.83717109193e-05, 0.000106149738713, 0.000122301498777, 0.000116816940135, 7.88848628872e-05, 7.48676320654e-05, 6.43430321361e-05, 8.7607120804e-05, 7.75107109803e-05, 7.78649628046e-05, 6.30893482594e-05, 5.51678494958e-05, 3.33292373398e-05, 2.86914309982e-05, 3.20780127367e-05, 2.52063618973e-05, 1.75740988198e-05, 1.53739129019e-05, 1.60223080456e-05, 9.36965898291e-06, 7.51498691898e-06, 7.88690795162e-06, 8.76859485288e-06, 6.7417745413e-06, 5.18452270626e-06, 4.46845569968e-06, 4.01105535275e-06, 2.29697843679e-06, 2.12800659938e-06, 2.47701518674e-06, 2.43273098022e-06, 1.55062275553e-06, 8.18648288714e-07, 3.80191806926e-07, 2.28018294024e-07, 8.48725960623e-08, 3.60208645134e-08, 2.80428285038e-08, 4.6773912743e-08, 8.39896827642e-08, 1.12105382755e-07, 1.9403947249e-07, 2.26560743499e-07, 1.7663626295e-07, 2.39229933641e-07, 2.76268565358e-07, 2.10845584547e-07, 2.11213958323e-07, 2.02735861876e-07, 1.92773839558e-07, 2.68225505806e-07, 3.70319696685e-07, 3.24287896092e-07, 1.92116743847e-07, 4.6926061259e-08, 2.81174834527e-08, 2.33565806695e-08, 2.26131486869e-08, 2.42500668435e-08, 2.16350279914e-08, 2.12838386915e-08, 1.68528941913e-08, 1.70301728275e-08, 1.3983332714e-08, 1.20537633208e-08, 9.48587342009e-09, 7.69499752806e-09, 6.08161432325e-09, 4.43156489283e-09, 3.01116753754e-09, 2.04231831447e-09, 1.3098876428e-09, 7.88356768755e-10, 5.03115493711e-10, 2.65686916912e-10, 8.12847081311e-11, 7.46343403746e-11, 7.30403931781e-11, 7.12194747621e-11, 6.93964608001e-11, 6.84949458263e-11, 6.77676456617e-11, 6.72535499513e-11, 6.57778900792e-11, 6.553912274e-11, 6.50799553137e-11, 6.47810069476e-11]
    },
    "mfcc": {
        "mean": [-873.370422363, 107.790626526, -19.7221622467, 0.364011079073, 9.95706367493, -7.79103660583, -7.67710161209, 2.05373811722, -6.12898731232, 3.79237937927, -2.26524472237, -2.02969360352, 0.927899420261],
        "cov": [[58532.125, 16003.6875, -4394.89648438, -304.1328125, 1175.87988281, -1419.70861816, -1171.25793457, 327.450134277, -1086.54406738, 649.250610352, -459.913482666, -341.789093018, 315.368347168], [16003.6875, 4971.05371094, -1115.37915039, -164.650634766, 232.926361084, -567.470336914, -389.034576416, -26.1683635712, -337.315612793, 126.707443237, -167.251693726, -138.666763306, 16.6957416534], [-4394.89648438, -1115.37915039, 1678.18688965, 394.184783936, -31.3636474609, 107.349128723, 28.7243614197, -59.6481666565, 124.538543701, -177.079681396, 48.200630188, 12.1426773071, -197.753509521], [-304.1328125, -164.650634766, 394.184783936, 315.095245361, 70.8656387329, -47.9688911438, -68.2777709961, -40.1602058411, -20.6093063354, -56.1000976562, -19.520565033, 3.57983970642, -34.0868377686], [1175.87988281, 232.926361084, -31.3636474609, 70.8656387329, 162.973922729, 27.1601028442, -42.4148178101, 5.36804771423, 3.75039124489, 4.48703622818, -2.07614803314, 1.70687878132, 1.67614758015], [-1419.70861816, -567.470336914, 107.349128723, -47.9688911438, 27.1601028442, 222.631332397, 110.201850891, 25.7553672791, 63.2112236023, 19.2556152344, 39.9314231873, 15.2526912689, 4.68606519699], [-1171.25793457, -389.034576416, 28.7243614197, -68.2777709961, -42.4148178101, 110.201850891, 146.575317383, 34.360496521, 37.0299491882, -6.76692581177, 27.5748405457, 7.82816410065, -5.29388189316], [327.450134277, -26.1683635712, -59.6481666565, -40.1602058411, 5.36804771423, 25.7553672791, 34.360496521, 114.602767944, 26.7263088226, -3.86081600189, 14.9302787781, 9.20171642303, 2.86910438538], [-1086.54406738, -337.315612793, 124.538543701, -20.6093063354, 3.75039124489, 63.2112236023, 37.0299491882, 26.7263088226, 100.248077393, 3.2089972496, 27.8149986267, 15.7155447006, -10.36469841], [649.250610352, 126.707443237, -177.079681396, -56.1000976562, 4.48703622818, 19.2556152344, -6.76692581177, -3.86081600189, 3.2089972496, 87.0406723022, 16.1689605713, 1.34023094177, 34.2148323059], [-459.913482666, -167.251693726, 48.200630188, -19.520565033, -2.07614803314, 39.9314231873, 27.5748405457, 14.9302787781, 27.8149986267, 16.1689605713, 55.2334632874, 20.5869808197, -2.5732281208], [-341.789093018, -138.666763306, 12.1426773071, 3.57983970642, 1.70687878132, 15.2526912689, 7.82816410065, 9.20171642303, 15.7155447006, 1.34023094177, 20.5869808197, 45.7713928223, 20.597869873], [315.368347168, 16.6957416534, -197.753509521, -34.0868377686, 1.67614758015, 4.68606519699, -5.29388189316, 2.86910438538, -10.36469841, 34.2148323059, -2.5732281208, 20.597869873, 74.8164749146]],
        "icov": [[0.000485450029373, -0.00164306652732, 0.00028529917472, -0.00137883366551, -0.000196263325051, -0.00126797612756, 1.60055678862e-05, -0.00188108568545, 0.000411587505369, -0.00097953050863, -0.000153624612722, -0.00017715600552, -0.000848179566674], [-0.00164306652732, 0.00622864812613, -0.00126130867284, 0.00596208125353, -0.00124460563529, 0.0062168459408, -0.000189177386346, 0.00590923381969, 0.000288569572149, 0.00180573377293, 0.00145263888407, 0.000994502101094, 0.00330727780238], [0.00028529917472, -0.00126130867284, 0.00262577761896, -0.00409543979913, 0.00300290738232, -0.00378628028557, 0.0015399287222, 2.98321119772e-05, -0.00261542480439, 0.00249914685264, -0.00207744445652, -0.000812676618807, 0.00307811913081], [-0.00137883366551, 0.00596208125353, -0.00409543979913, 0.0144048081711, -0.00764977326617, 0.00997532624751, -0.000580088992137, 0.00476123392582, 0.00496970349923, -0.000295816222206, 0.00438000960276, -8.11071149656e-05, 0.000539236643817], [-0.000196263325051, -0.00124460563529, 0.00300290738232, -0.00764977326617, 0.0166283845901, -0.0108514158055, 0.00657052127644, 0.00119131815154, -0.00687481882051, 0.00656464323401, -0.00381825934164, -0.00103303114884, 0.00248190644197], [-0.00126797612756, 0.0062168459408, -0.00378628028557, 0.00997532624751, -0.0108514158055, 0.0210516247898, -0.00972869805992, 0.00394614133984, 0.0025599647779, -0.00581219699234, 0.00275899888948, 0.00233010482043, -0.000954635324888], [1.60055678862e-05, -0.000189177386346, 0.0015399287222, -0.000580088992137, 0.00657052127644, -0.00972869805992, 0.0168788153678, -0.00178028456867, -0.00134736252949, 0.00575378770009, -0.00375202228315, 0.000549802789465, 0.00240712612867], [-0.00188108568545, 0.00590923381969, 2.98321119772e-05, 0.00476123392582, 0.00119131815154, 0.00394614133984, -0.00178028456867, 0.0185007397085, -0.0056164721027, 0.00754845840856, -0.00218410114758, -0.000181526818778, 0.00349406152964], [0.000411587505369, 0.000288569572149, -0.00261542480439, 0.00496970349923, -0.00687481882051, 0.0025599647779, -0.00134736252949, -0.0056164721027, 0.0207229200751, -0.00740487361327, 0.00121332856361, -0.00275359419174, 0.000722630880773], [-0.00097953050863, 0.00180573377293, 0.00249914685264, -0.000295816222206, 0.00656464323401, -0.00581219699234, 0.00575378770009, 0.00754845840856, -0.00740487361327, 0.0272480845451, -0.0122560905293, 0.00625891378149, -0.00509999832138], [-0.000153624612722, 0.00145263888407, -0.00207744445652, 0.00438000960276, -0.00381825934164, 0.00275899888948, -0.00375202228315, -0.00218410114758, 0.00121332856361, -0.0122560905293, 0.033800970763, -0.0149151235819, 0.00760076195002], [-0.00017715600552, 0.000994502101094, -0.000812676618807, -8.11071149656e-05, -0.00103303114884, 0.00233010482043, 0.000549802789465, -0.000181526818778, -0.00275359419174, 0.00625891378149, -0.0149151235819, 0.0375607684255, -0.0158348102123], [-0.000848179566674, 0.00330727780238, 0.00307811913081, 0.000539236643817, 0.00248190644197, -0.000954635324888, 0.00240712612867, 0.00349406152964, 0.000722630880773, -0.00509999832138, 0.00760076195002, -0.0158348102123, 0.0316788554192]]
    },
    "spectral_contrast_coeffs": {
        "max": [-0.335581541061, -0.394156128168, -0.510970532894, -0.629247128963, -0.570220351219, -0.704624533653],
        "mean": [-0.774212181568, -0.832862913609, -0.852171599865, -0.863308906555, -0.83092468977, -0.86572343111],
        "min": [-0.982676565647, -0.98435819149, -0.976936101913, -0.972077727318, -0.967880547047, -0.964874446392],
        "stdev": [0.152268245816, 0.117886915803, 0.0870666056871, 0.0708528757095, 0.090176731348, 0.0604978837073]
    },
    "spectral_contrast_valleys": {
        "max": [-6.20417881012, -4.60659456253, -4.4963092804, -5.46092557907, -6.59522247314, -9.49207210541],
        "mean": [-12.9697952271, -12.3097238541, -12.7424983978, -12.7590055466, -13.4025688171, -15.4762220383],
        "min": [-28.1764278412, -27.899356842, -28.0904655457, -27.6739902496, -27.5992870331, -27.4263019562],
        "stdev": [8.51987743378, 8.88256835938, 8.68412685394, 8.66319561005, 8.26151657104, 7.01468515396]
    }
},
"rhythm": {
    "beats_count": 69,
    "beats_loudness": {
        "max": 0.157745778561,
        "mean": 0.0189194250852,
        "min": 0,
        "stdev": 0.0294008087367
    },
    "bpm": 155.348937988,
    "bpm_histogram_first_peak_bpm": 157,
    "bpm_histogram_first_peak_weight": 0.157894730568,
    "bpm_histogram_second_peak_bpm": 136,
    "bpm_histogram_second_peak_spread": 0.516129016876,
    "bpm_histogram_second_peak_weight": 0.220588237047,
    "danceability": 1.07709288597,
    "onset_rate": 2.06801462173,
    "beats_loudness_band_ratio": {
        "max": [0.878185927868, 0.994670927525, 0.889297246933, 0.572354853153, 0.502268075943, 0.0537588410079],
        "mean": [0.14713960886, 0.208594113588, 0.17365822196, 0.128275841475, 0.121314696968, 0.0104229561985],
        "min": [0, 0, 0, 0, 0, 0],
        "stdev": [0.229212924838, 0.250719338655, 0.19208881259, 0.166862055659, 0.142302885652, 0.0127551844344]
    },
    "beats_position": [0.429569154978, 0.870748281479, 1.31192743778, 1.75310659409, 2.19428563118, 2.63546490669, 3.07664394379, 3.51782298088, 3.95900225639, 4.40018129349, 4.78331041336, 5.16644001007, 5.54956912994, 5.9675283432, 6.38548755646, 6.80344676971, 7.20979595184, 7.63936471939, 8.05732440948, 8.45206356049, 8.84680271149, 9.24154186249, 9.62467098236, 10.0194101334, 10.4257593155, 10.8321084976, 11.2152376175, 11.5983667374, 11.9814968109, 12.3646259308, 12.7477550507, 13.1424942017, 13.5836734772, 14.0248527527, 14.4776411057, 14.8607711792, 15.2439002991, 15.6270294189, 16.0217685699, 16.4513378143, 16.8809070587, 17.3104763031, 17.7284355164, 18.1463947296, 18.575963974, 19.0055332184, 19.4351024628, 19.8762817383, 20.3058490753, 20.7354183197, 21.1649875641, 21.5945568085, 22.0241260529, 22.4536952972, 22.8948745728, 23.3360538483, 23.7772331238, 24.195192337, 24.6247615814, 25.0775508881, 25.4606800079, 25.8438091278, 26.2153282166, 26.5868473053, 26.9699764252, 27.353105545, 27.7130146027, 28.0729255676, 28.4444446564],
