{
"metadata": {
    "version": {
        "essentia": "2.1-beta5",
        "essentia_git_sha": "Undefined",
        "extractor": "music 2.0"
    },
    "audio_properties": {
        "analysis": {
            "equal_loudness": 0,
            "length": 12.7477550507,
            "sample_rate": 44100,
            "start_time": 0,
            "downmix": "mix"
        },
        "bit_rate": 192000,
        "length": 232.594284058,
        "lossless": 0,
        "number_channels": 2,
        "replay_gain": 24.9214229584,
        "sample_rate": 48000,
        "codec": "mp3",
        "md5_encoded": "0182229c7e78b395582c45ad1ac8e94f"
    },
    "tags": {
        "file_name": "United KingdomUK_I_m Never Giving Up_Sweet Dreams.mp3",
        "encoding": ["Lavf58.29.100"]
    }
},
"lowlevel": {
    "average_loudness": 8.52176817716e-05,
    "barkbands_crest": {
        "max": 23.9060344696,
        "mean": 6.97458028793,
        "min": 2.93589019775,
        "stdev": 2.18396115303
    },
    "barkbands_flatness_db": {
        "max": 0.261007934809,
        "mean": 0.0829667299986,
        "min": 0.0249395668507,
        "stdev": 0.0324667878449
    },
    "barkbands_kurtosis": {
        "max": 28.7714271545,
        "mean": 3.38722705841,
        "min": -1.09392595291,
        "stdev": 1.9930588007
    },
    "barkbands_skewness": {
        "max": 4.31596469879,
        "mean": -1.62219381332,
        "min": -2.25630450249,
        "stdev": 0.85369259119
    },
    "barkbands_spread": {
        "max": 73.6297302246,
        "mean": 25.3146457672,
        "min": 2.47732520103,
        "stdev": 5.80178260803
    },
    "dissonance": {
        "max": 0.499999642372,
        "mean": 0.487009614706,
        "min": 0.315375626087,
        "stdev": 0.025571398437
    },
    "dynamic_complexity": 9.68027019501,
    "erbbands_crest": {
        "max": 24.5412635803,
        "mean": 4.27463006973,
        "min": 2.50791978836,
        "stdev": 3.01598072052
    },
    "erbbands_flatness_db": {
        "max": 0.308945059776,
        "mean": 0.108713246882,
        "min": 0.070936486125,
        "stdev": 0.0362211503088
    },
    "erbbands_kurtosis": {
        "max": 21.4511375427,
        "mean": 0.386360615492,
        "min": -1.26723873615,
        "stdev": 1.47307884693
    },
    "erbbands_skewness": {
        "max": 2.17545676231,
        "mean": -0.527618646622,
        "min": -0.949321746826,
        "stdev": 0.443742185831
    },
    "erbbands_spread": {
        "max": 46.5442886353,
        "mean": 34.5373725891,
        "min": 4.70519781113,
        "stdev": 6.51803398132
    },
    "hfc": {
        "max": 970.816223145,
        "mean": 13.2769756317,
        "min": 1.04565257809e-16,
        "stdev": 83.2662277222
    },
    "loudness_ebu128": {
        "integrated": -38.5906715393,
        "loudness_range": 16.6890144348,
        "momentary": {
            "max": -35.462387085,
            "mean": -277.003143311,
            "min": -300.691009521,
            "stdev": 73.0353622437
        },
        "short_term": {
            "max": -43.3106460571,
            "mean": -271.803649902,
            "min": -300.691009521,
            "stdev": 78.197265625
        }
    },
    "melbands_crest": {
        "max": 29.1926269531,
        "mean": 3.38712358475,
        "min": 1.00000083447,
        "stdev": 3.86158299446
    },
    "melbands_flatness_db": {
        "max": 0.349343985319,
        "mean": 0.0259051769972,
        "min": -1.55315632355e-07,
        "stdev": 0.0671328231692
    },
    "melbands_kurtosis": {
        "max": 33.7122879028,
        "mean": -0.719836950302,
        "min": -1.43126785755,
        "stdev": 2.52524590492
    },
    "melbands_skewness": {
        "max": 4.74734020233,
        "mean": 0.0950303524733,
        "min": -0.939342498779,
        "stdev": 0.469954252243
    },
    "melbands_spread": {
        "max": 161.422332764,
        "mean": 123.316520691,
        "min": 2.81529307365,
        "stdev": 33.3835716248
    },
    "pitch_salience": {
        "max": 0.99774646759,
        "mean": 0.77287119627,
        "min": 0.274088919163,
        "stdev": 0.0717442035675
    },
    "silence_rate_20dB": {
        "max": 1,
        "mean": 0.980000019073,
        "min": 0,
        "stdev": 0.139999985695
    },
    "silence_rate_30dB": {
        "max": 1,
        "mean": 0.959999978542,
        "min": 0,
        "stdev": 0.195959225297
    },
    "silence_rate_60dB": {
        "max": 1,
        "mean": 0.934545457363,
        "min": 0,
        "stdev": 0.247326165438
    },
    "spectral_centroid": {
        "max": 12000.3076172,
        "mean": 10167.734375,
        "min": 285.757263184,
        "stdev": 2860.22290039
    },
    "spectral_complexity": {
        "max": 33,
        "mean": 1.48909091949,
        "min": 0,
        "stdev": 5.67953872681
    },
    "spectral_decrease": {
        "max": 2.16817317205e-28,
        "mean": -5.59589796723e-09,
        "min": -3.56825950121e-07,
        "stdev": 3.40022836554e-08
    },
    "spectral_energy": {
        "max": 1.43479645252,
        "mean": 0.0223244372755,
        "min": 9.8128831886e-21,
        "stdev": 0.135766044259
    },
    "spectral_energyband_high": {
        "max": 0.00100087444298,
        "mean": 2.50347002293e-05,
        "min": 6.88222186021e-21,
        "stdev": 0.000117276176752
    },
    "spectral_energyband_low": {
        "max": 0.00992951355875,
        "mean": 0.000256262079347,
        "min": 8.4458091197e-24,
        "stdev": 0.0011453620391
    },
    "spectral_energyband_middle_high": {
        "max": 0.213067948818,
        "mean": 0.00332546792924,
        "min": 1.13780763228e-21,
        "stdev": 0.017915636301
    },
    "spectral_energyband_middle_low": {
        "max": 1.26795649529,
        "mean": 0.0187186356634,
        "min": 1.2610475471e-22,
        "stdev": 0.119564026594
    },
    "spectral_entropy": {
        "max": 9.82931995392,
        "mean": 9.56781291962,
        "min": 6.13262939453,
        "stdev": 0.782651007175
    },
    "spectral_flux": {
        "max": 0.878502607346,
        "mean": 0.0208094343543,
        "min": 6.26388177438e-11,
        "stdev": 0.0972946360707
    },
    "spectral_kurtosis": {
        "max": 24.4996700287,
        "mean": -0.137280806899,
        "min": -1.28418982029,
        "stdev": 3.86413359642
    },
    "spectral_rms": {
        "max": 0.0374139212072,
        "mean": 0.00100628449582,
        "min": 3.09411459128e-12,
        "stdev": 0.00455711875111
    },
    "spectral_rolloff": {
        "max": 19767.4804688,
        "mean": 17275.5664062,
        "min": 236.865234375,
        "stdev": 4841.3515625
    },
    "spectral_skewness": {
        "max": 3.89742159843,
        "mean": 0.236670926213,
        "min": -0.110197395086,
        "stdev": 0.796788334846
    },
    "spectral_spread": {
        "max": 43143636,
        "mean": 37423208,
        "min": 2120491.25,
        "stdev": 10196673
    },
    "spectral_strongpeak": {
        "max": 25.7189712524,
        "mean": 0.433312475681,
        "min": 0,
        "stdev": 2.26465988159
    },
    "zerocrossingrate": {
        "max": 0.7880859375,
        "mean": 0.464161932468,
        "min": 0.01513671875,
        "stdev": 0.126834213734
    },
    "barkbands": {
        "max": [0.0158320739865, 0.00466116517782, 0.00361084518954, 0.00613551586866, 0.482490956783, 0.150411903858, 0.46398127079, 0.881034374237, 0.734274864197, 0.0520042702556, 0.108529493213, 0.0256089419127, 0.0159513279796, 0.119619071484, 0.0372989326715, 0.00674812309444, 0.0036691527348, 0.00255811493844, 0.000723109173123, 0.000545528717339, 0.000240357083385, 0.000151637708768, 0.000228334145504, 0.000176902642124, 0.000214327446884, 5.08900193381e-05, 3.33039388352e-05],
        "mean": [0.000149676532601, 8.8951906946e-05, 4.96143802593e-05, 7.11391621735e-05, 0.00523076858371, 0.00138335232623, 0.00241849571466, 0.00480431132019, 0.00474732415751, 0.000374903989723, 0.00131964602042, 0.000174383618287, 0.000165076940903, 0.000766909099184, 0.00040312478086, 8.03339207778e-05, 3.62913815479e-05, 2.61859568127e-05, 6.77631896906e-06, 3.9784990804e-06, 3.37303799824e-06, 3.20143658428e-06, 4.19179787059e-06, 5.16284080732e-06, 5.46643786947e-06, 1.46087529629e-06, 3.60336997574e-07],
        "min": [1.62376278354e-26, 2.395048367e-24, 2.40342178038e-25, 2.9292557522e-25, 6.54163773402e-24, 4.89768750071e-24, 3.69917822715e-24, 6.4859078665e-24, 8.25825428404e-24, 6.03467390669e-24, 1.09239438671e-23, 2.06088491539e-23, 1.94497348051e-23, 3.00483429686e-23, 3.02644940121e-23, 4.8127987309e-23, 4.69484162192e-23, 7.08146929318e-23, 1.03500620736e-22, 1.39236953754e-22, 1.91941255703e-22, 2.30298209891e-22, 3.43599916193e-22, 5.47040782275e-22, 7.35252442457e-22, 1.08633401645e-21, 1.8475131488e-21],
        "stdev": [0.000894518161658, 0.00044451339636, 0.000255189515883, 0.000447201047791, 0.0347540192306, 0.0126576349139, 0.0239084046334, 0.0514591448009, 0.0464055947959, 0.00312356837094, 0.00773730035871, 0.00138686946593, 0.00108395540155, 0.00667470786721, 0.00281878770329, 0.000556863436941, 0.000256382103544, 0.000194532272872, 4.90388956678e-05, 2.85912465188e-05, 1.90682621906e-05, 1.58491930051e-05, 2.03675954253e-05, 2.3219452487e-05, 2.49464737863e-05, 6.62091952108e-06, 1.91044591702e-06]
    },
    "erbbands": {
        "max": [0.286008089781, 0.769650876522, 4.32559108734, 11.241891861, 394.287841797, 1504.64367676, 4649.26904297, 411.676086426, 4461.27246094, 4523.74169922, 24953.578125, 14916.8261719, 1654.43811035, 2586.61669922, 1727.78540039, 1016.54125977, 676.849914551, 6852.68554688, 2175.19775391, 1278.55541992, 370.513763428, 272.987609863, 146.235961914, 61.9403686523, 31.2250270844, 25.998380661, 12.151966095, 6.68649578094, 5.81461906433, 7.09475040436, 5.83226776123, 4.52598571777, 3.52577924728, 2.6111266613, 1.29171049595, 0.372739434242, 0.0709597244859, 0.0221704021096, 0.00543953897431, 0.0017221015878],
        "mean": [0.00499040354043, 0.0129753975198, 0.0505939498544, 0.231950268149, 4.68583631516, 21.0542869568, 27.9642009735, 4.63407468796, 26.6336860657, 31.7309551239, 162.730163574, 110.076560974, 17.1472492218, 42.9439430237, 22.3643493652, 7.8539481163, 8.14523792267, 41.102016449, 25.6044559479, 11.5881290436, 3.65637135506, 2.51489424706, 1.5675034523, 0.627842485905, 0.248453229666, 0.188356041908, 0.157026439905, 0.119374677539, 0.109767138958, 0.108147099614, 0.118228442967, 0.113525643945, 0.0876230299473, 0.0680457130075, 0.0336940735579, 0.0103490594774, 0.00175852200482, 0.000349380279658, 7.97853354015e-05, 2.83058034256e-05],
        "min": [4.13923647341e-23, 3.47748390543e-22, 1.36674390221e-21, 4.23977521805e-21, 6.44516474692e-21, 1.6406192025e-20, 4.08412220265e-20, 4.10486634145e-20, 5.48184353413e-20, 1.38975325573e-19, 2.00755985034e-19, 2.42219834955e-19, 3.17767610317e-19, 3.79173233843e-19, 6.37067831214e-19, 1.22113509865e-18, 1.03555237194e-18, 1.67803771918e-18, 2.09475611234e-18, 2.17106869372e-18, 3.1390366873e-18, 3.46131121704e-18, 4.29408812003e-18, 5.68511350199e-18, 5.25652103454e-18, 6.33834092686e-18, 7.76802748989e-18, 9.26652389935e-18, 8.80248053879e-18, 8.50298573595e-18, 1.02048486349e-17, 1.02802866796e-17, 9.05054042397e-18, 7.05306964386e-18, 5.42386132682e-18, 3.70698509974e-18, 1.97214705925e-18, 7.94433721174e-19, 2.30558397776e-19, 2.56399558886e-20],
        "stdev": [0.0257601998746, 0.0661393776536, 0.268991321325, 1.11866307259, 30.2354412079, 129.25163269, 284.973846436, 34.2124252319, 244.238525391, 251.284393311, 1632.35192871, 957.300842285, 120.11831665, 235.28503418, 128.384536743, 57.9117164612, 53.3866729736, 376.55355835, 170.535171509, 82.5550613403, 24.728143692, 18.4532108307, 11.372294426, 4.52252483368, 1.75956070423, 1.36805605888, 0.91015869379, 0.636869907379, 0.545799314976, 0.549578726292, 0.569628953934, 0.519093990326, 0.398433148861, 0.307814657688, 0.153600975871, 0.0466248057783, 0.00812729541212, 0.0016580860829, 0.000380763114663, 0.000165050034411]
    },
    "gfcc": {
        "mean": [-1158.16320801, 8.0908164978, -9.66751289368, -1.85494446754, -5.05382823944, 1.73586297035, -4.21018314362, 0.179019451141, -1.70594322681, -0.264773905277, -1.56892180443, -0.191772654653, -0.160793796182],
        "cov": [[124949.65625, 10034.7294922, -11141.4912109, -2321.27172852, -5918.96240234, 1902.98449707, -4917.68847656, 184.516952515, -1951.81835938, -359.901397705, -1823.70751953, -280.966827393, -155.417022705], [10034.7294922, 915.257263184, -866.832519531, -200.823684692, -470.135192871, 132.95010376, -407.72076416, 3.82619047165, -151.798751831, -42.4543304443, -148.05809021, -33.7447662354, -9.62599658966], [-11141.4912109, -866.832519531, 1016.77197266, 210.469802856, 524.465393066, -172.566345215, 439.020324707, -19.8423194885, 169.033157349, 26.235584259, 163.233428955, 26.2313404083, 16.2532997131], [-2321.27172852, -200.823684692, 210.469802856, 58.1704216003, 111.720291138, -30.259885788, 89.9821014404, -2.51539921761, 29.9722194672, 5.01614189148, 34.0912666321, 11.6642751694, 3.37471055984], [-5918.96240234, -470.135192871, 524.465393066, 111.720291138, 288.924621582, -86.1262435913, 229.456436157, -10.0637731552, 92.3534622192, 14.6870346069, 83.9410018921, 13.7753248215, 6.95971393585], [1902.98449707, 132.95010376, -172.566345215, -30.259885788, -86.1262435913, 55.8068580627, -65.0889053345, 5.88610363007, -35.8942489624, -2.29414534569, -28.9372749329, 2.22049498558, -1.58877801895], [-4917.68847656, -407.72076416, 439.020324707, 89.9821014404, 229.456436157, -65.0889053345, 206.999160767, -2.2195084095, 76.5777893066, 18.7175483704, 73.8959579468, 13.5074577332, 8.28513622284], [184.516952515, 3.82619047165, -19.8423194885, -2.51539921761, -10.0637731552, 5.88610363007, -2.2195084095, 5.32314729691, -0.905575752258, 2.76718497276, -1.60817861557, 1.57191383839, 0.194520398974], [-1951.81835938, -151.798751831, 169.033157349, 29.9722194672, 92.3534622192, -35.8942489624, 76.5777893066, -0.905575752258, 38.7056007385, 9.16885757446, 29.2035140991, 0.9130397439, 1.83804297447], [-359.901397705, -42.4543304443, 26.235584259, 5.01614189148, 14.6870346069, -2.29414534569, 18.7175483704, 2.76718497276, 9.16885757446, 8.91724777222, 7.88982820511, 1.62187314034, -0.477056950331], [-1823.70751953, -148.05809021, 163.233428955, 34.0912666321, 83.9410018921, -28.9372749329, 73.8959579468, -1.60817861557, 29.2035140991, 7.88982820511, 31.9095478058, 6.80714607239, 2.3964278698], [-280.966827393, -33.7447662354, 26.2313404083, 11.6642751694, 13.7753248215, 2.22049498558, 13.5074577332, 1.57191383839, 0.9130397439, 1.62187314034, 6.80714607239, 7.83935022354, 1.54882025719], [-155.417022705, -9.62599658966, 16.2532997131, 3.37471055984, 6.95971393585, -1.58877801895, 8.28513622284, 0.194520398974, 1.83804297447, -0.477056950331, 2.3964278698, 1.54882025719, 3.07584643364]],
        "icov": [[0.00657330080867, -0.0190050434321, 0.0396584458649, -0.0207988899201, 0.0496080256999, -0.00102486996911, -0.0203278623521, 0.0289376154542, -0.00891340803355, 0.00638739159331, 0.0380144491792, -0.0438286401331, 0.024834908545], [-0.0190050434321, 0.0845745056868, -0.147652626038, 0.10796392709, -0.137338101864, -0.0356272794306, 0.159458935261, -0.154955103993, 0.0390352979302, 0.00602618698031, -0.169474169612, 0.195019334555, -0.149765595794], [0.0396584458649, -0.147652626038, 0.349110603333, -0.235699787736, 0.307522594929, 0.0624888911843, -0.351605921984, 0.410402387381, -0.144223704934, 0.0892643779516, 0.301321148872, -0.383136689663, 0.271400272846], [-0.0207988899201, 0.10796392709, -0.235699787736, 0.35198327899, -0.263892173767, -0.00851231068373, 0.319827824831, -0.424807161093, 0.288930505514, -0.108693629503, -0.193947479129, 0.186798065901, -0.228142887354], [0.0496080256999, -0.137338101864, 0.307522594929, -0.263892173767, 0.5738286376, -0.067594781518, -0.263427972794, 0.494621664286, -0.3994384408, 0.225658342242, 0.35394102335, -0.453261762857, 0.312476038933], [-0.00102486996911, -0.0356272794306, 0.0624888911843, -0.00851231068373, -0.067594781518, 0.186054825783, -0.187289953232, 0.0776491314173, 0.133483245969, -0.127790659666, 0.191457480192, -0.190745890141, 0.111777305603], [-0.0203278623521, 0.159458935261, -0.351605921984, 0.319827824831, -0.263427972794, -0.187289953232, 0.726335346699, -0.748794138432, 0.306588828564, -0.126780748367, -0.498670399189, 0.605252623558, -0.549972176552], [0.0289376154542, -0.154955103993, 0.410402387381, -0.424807161093, 0.494621664286, 0.0776491314173, -0.748794138432, 1.33653926849, -0.711174190044, 0.207211822271, 0.594817817211, -0.822393476963, 0.535836458206], [-0.00891340803355, 0.0390352979302, -0.144223704934, 0.288930505514, -0.3994384408, 0.133483245969, 0.306588828564, -0.711174190044, 0.871195912361, -0.427205473185, -0.233366340399, 0.43114233017, -0.313357800245], [0.00638739159331, 0.00602618698031, 0.0892643779516, -0.108693629503, 0.225658342242, -0.127790659666, -0.126780748367, 0.207211822271, -0.427205473185, 0.541299045086, -0.0920525938272, -0.0864411816001, 0.195444867015], [0.0380144491792, -0.169474169612, 0.301321148872, -0.193947479129, 0.35394102335, 0.191457480192, -0.498670399189, 0.594817817211, -0.233366340399, -0.0920525938272, 0.891837775707, -0.843977272511, 0.469938576221], [-0.0438286401331, 0.195019334555, -0.383136689663, 0.186798065901, -0.453261762857, -0.190745890141, 0.605252623558, -0.822393476963, 0.43114233017, -0.0864411816001, -0.843977272511, 1.20272839069, -0.655006349087], [0.024834908545, -0.149765595794, 0.271400272846, -0.228142887354, 0.312476038933, 0.111777305603, -0.549972176552, 0.535836458206, -0.313357800245, 0.195444867015, 0.469938576221, -0.655006349087, 0.906942546368]]
    },
    "melbands": {
        "max": [0.00199346151203, 0.00171402806882, 0.00897469371557, 0.0578581206501, 0.14926160872, 0.013259543106, 0.0843208879232, 0.0453949347138, 0.203303545713, 0.0922323018312, 0.00757022202015, 0.00965341366827, 0.0109059978276, 0.000999758369289, 0.00397250568494, 0.00309191714041, 0.0152969397604, 0.00357061065733, 0.0026084529236, 0.00073880905984, 0.00036509349593, 0.000329073227476, 0.000183269527042, 0.000104704828118, 4.74839362141e-05, 2.39565433731e-05, 2.57724113908e-05, 1.41265936691e-05, 7.93867911852e-06, 5.93891718381e-06, 4.60318779005e-06, 4.17233650296e-06, 2.95447739518e-06, 4.25387497671e-06, 3.07608388539e-06, 3.54691792381e-06, 2.65246239906e-06, 2.48129117608e-06, 2.49101094596e-06, 2.27390842156e-06],
        "mean": [4.39385694335e-05, 2.28376065934e-05, 0.000113597685413, 0.000988056883216, 0.000975270057097, 0.000123156176414, 0.00046576873865, 0.000381122546969, 0.00144739914685, 0.000597104022745, 5.64065630897e-05, 0.000165040561114, 0.000131794906338, 1.39812409543e-05, 1.95665288629e-05, 2.24825907935e-05, 8.5043036961e-05, 3.84082122764e-05, 2.8222824767e-05, 7.38813105272e-06, 3.33271077579e-06, 2.68936696557e-06, 1.75352931819e-06, 1.00071576981e-06, 4.63815524654e-07, 1.8128253032e-07, 1.58267667416e-07, 1.13981222682e-07, 9.99821097025e-08, 8.36158591255e-08, 6.5908977831e-08, 6.30870786722e-08, 5.99437228743e-08, 6.0288201098e-08, 5.99333560558e-08, 8.34720808029e-08, 6.48579998597e-08, 5.87839110722e-08, 6.16966318034e-08, 5.67123592532e-08],
        "min": [9.16826272784e-25, 6.80075211454e-25, 1.39193727726e-24, 1.51059536804e-24, 1.20484796814e-24, 8.69166057904e-25, 8.05885854758e-25, 1.26891491213e-24, 1.31659090423e-24, 1.18151730826e-24, 1.38240596398e-24, 8.90898781412e-25, 1.5497948525e-24, 2.13249179191e-24, 2.20914954759e-24, 1.78714544812e-24, 2.53546205825e-24, 2.79397591841e-24, 2.30600727004e-24, 2.95524176719e-24, 3.16258143157e-24, 2.87959690891e-24, 2.9670867109e-24, 3.49601025646e-24, 3.98271889675e-24, 3.48482736426e-24, 3.9173223277e-24, 3.61626500171e-24, 4.31045234311e-24, 4.22172402951e-24, 4.43214675952e-24, 4.63851395561e-24, 4.38636640017e-24, 4.43884694961e-24, 4.7134659968e-24, 4.39836812998e-24, 5.68003517586e-24, 5.7489741248e-24, 5.602843953e-24, 4.51275453896e-24],
        "stdev": [0.000210925907595, 0.000115755909064, 0.000675475690514, 0.00590846734121, 0.00933380424976, 0.00103058316745, 0.00446562375873, 0.00316371256486, 0.0145455915481, 0.00543032307178, 0.000463261065306, 0.000912659219466, 0.000780500704423, 8.9286135335e-05, 0.000194769949303, 0.000170747807715, 0.000817225896753, 0.000265538285021, 0.00020545211737, 5.47222625755e-05, 2.40909812419e-05, 2.04264870263e-05, 1.29859663502e-05, 7.52275263949e-06, 3.45287048731e-06, 1.32751699766e-06, 1.25765268422e-06, 8.01368287284e-07, 5.87978206568e-07, 4.68643520435e-07, 3.61940692528e-07, 3.22403735709e-07, 3.05563048641e-07, 3.10953538474e-07, 2.92219453968e-07, 3.92856691178e-07, 2.93738906976e-07, 2.6928617558e-07, 2.83260135348e-07, 2.57104403545e-07]
    },
    "melbands128": {
        "max": [0.00605952367187, 0.00326153356582, 0.00178916053846, 0.00151618092787, 0.00252265459858, 0.00142211327329, 0.00184549414553, 0.00452388590202, 0.029799843207, 0.10011793673, 0.101132638752, 0.221382156014, 0.223232001066, 0.0486201755702, 0.00281884218566, 0.000662216043565, 0.0138760497794, 0.124758586287, 0.168397754431, 0.0230671837926, 0.0560040660203, 0.243503242731, 0.377151966095, 0.301940232515, 0.16598983109, 0.0851540118456, 0.0148944500834, 0.00870600622147, 0.00773271266371, 0.00974830240011, 0.0148486420512, 0.0376616381109, 0.00592226861045, 0.000374651135644, 0.00155597098637, 0.00181146000978, 0.00326618016697, 0.0081671057269, 0.000782371265814, 0.00134367716964, 0.00175277632661, 0.0116385249421, 0.0262975506485, 0.0150450365618, 0.00529673369601, 0.00511838775128, 0.00850641075522, 0.00409738207236, 0.00487955193967, 0.0020836731419, 0.00128872809, 0.000939224788453, 0.000594718789216, 0.000346413289662, 9.31602626224e-05, 0.000690357584972, 0.000452777050668, 0.000175426379428, 0.000287908391329, 0.000276267906884, 0.000108678745164, 6.39552235953e-05, 0.000110247980047, 4.97887813253e-05, 3.6657693272e-05, 1.50203386511e-05, 2.79025280179e-05, 9.64813716564e-06, 4.16082839365e-05, 3.04891473206e-05, 8.55964572111e-06, 1.02765361589e-05, 1.29707614178e-05, 1.02230169432e-05, 7.51659172238e-06, 8.86551515578e-06, 3.17677518069e-06, 4.12070676248e-06, 4.79027994515e-06, 6.53069673717e-06, 6.45321551929e-06, 2.49131630881e-06, 3.52389929503e-06, 3.64298830391e-06, 3.47054537997e-06, 5.59882573725e-06, 4.42429654868e-06, 2.37182280216e-06, 2.41527095568e-06, 4.43519411419e-06, 7.65878849052e-06, 2.62175421994e-06, 4.16351213062e-06, 2.26715133067e-06, 2.94127698908e-06, 2.26432393902e-06, 2.80072367786e-06, 2.83554459202e-06, 2.95633617498e-06, 3.44330806001e-06, 2.63955485025e-06, 2.25534517995e-06, 2.11552651308e-06, 2.44331590693e-06, 1.77875699592e-06, 1.21531797959e-06, 9.64119294622e-07, 7.50440563024e-07, 8.95355242392e-07, 5.73563511352e-07, 4.35067448734e-07, 2.90039707806e-07, 2.16155854105e-07, 2.05825742228e-07, 2.0099381004e-07, 2.24925102543e-07, 1.32270344011e-07, 1.3685074407e-07, 1.71560699869e-07, 1.88443138427e-07, 1.84220965593e-07, 1.36739046752e-07, 1.29188180154e-07, 1.23187845702e-07, 1.20182846786e-07, 1.19898388107e-07, 1.18091655565e-07, 1.16741347256e-07],
        "mean": [8.9073444542e-05, 5.46541159565e-05, 2.67874474957e-05, 1.9653713025e-05, 2.19188314077e-05, 2.5556086257e-05, 2.80966996797e-05, 3.95856513933e-05, 0.000277759623714, 0.00130467978306, 0.00122275424656, 0.00107732531615, 0.00123671372421, 0.000384400278563, 2.46426152444e-05, 1.03194261101e-05, 9.39558158279e-05, 0.000741911819205, 0.000748627178837, 0.000124912505271, 0.000205397838727, 0.000962467282079, 0.00214796420187, 0.00126494641881, 0.000715868081897, 0.00033903651638, 7.06972059561e-05, 3.33605494234e-05, 4.07549268857e-05, 6.94419359206e-05, 0.000186228586244, 0.00041358260205, 7.92942591943e-05, 4.62955949843e-06, 8.27356689115e-06, 1.60077670444e-05, 2.27910077228e-05, 3.02314620058e-05, 7.06960736352e-06, 9.65577783063e-06, 1.87580590136e-05, 5.14487182954e-05, 0.000116368748422, 9.06253844732e-05, 2.08457113331e-05, 3.07345981128e-05, 5.67952702113e-05, 3.30085094902e-05, 1.57513350132e-05, 9.75175953499e-06, 6.41771111987e-06, 4.51941241408e-06, 4.46704643764e-06, 2.40413942265e-06, 1.28909550767e-06, 4.34698176832e-06, 2.05188462132e-06, 1.42754561239e-06, 1.95201982933e-06, 1.59929959409e-06, 8.73883664099e-07, 6.24776191671e-07, 7.11885945748e-07, 3.44223678894e-07, 2.10124497357e-07, 1.67102797377e-07, 1.8705971172e-07, 1.26890782326e-07, 1.85447689205e-07, 1.50337200466e-07, 1.04791268996e-07, 9.4386379601e-08, 1.08073017202e-07, 9.86201555975e-08, 9.47992333522e-08, 9.60821893159e-08, 7.23103426026e-08, 6.18747861836e-08, 5.7652030705e-08, 8.39811065134e-08, 6.24832239282e-08, 5.66806299673e-08, 5.60384059156e-08, 6.52260894185e-08, 5.72320075776e-08, 5.87876556324e-08, 6.63003731916e-08, 5.34378692407e-08, 4.97276531064e-08, 6.49016058674e-08, 1.04673581802e-07, 7.78287372327e-08, 7.23831448113e-08, 5.91484301538e-08, 7.17295591812e-08, 5.07188993026e-08, 5.92124855814e-08, 6.40267572294e-08, 5.89951696384e-08, 6.4706306091e-08, 5.74208272042e-08, 5.74536720421e-08, 5.05598833911e-08, 5.26742773843e-08, 3.72869699561e-08, 2.79841803064e-08, 2.60757051507e-08, 2.35579307173e-08, 1.75418541914e-08, 1.22089334198e-08, 8.70650307405e-09, 6.22353191204e-09, 4.29257474011e-09, 3.05076652829e-09, 2.79804068803e-09, 2.75784373116e-09, 2.38843922418e-09, 1.99232608189e-09, 3.35755312442e-09, 2.49673615116e-09, 1.97218930076e-09, 1.37340716577e-09, 7.87602538743e-10, 4.51510162591e-10, 3.73727493397e-10, 3.65700941751e-10, 3.42732286995e-10, 3.47740503059e-10],
        "min": [1.31054247964e-26, 1.62637875108e-25, 2.9389478945e-25, 3.34032402086e-25, 1.01107353124e-25, 1.14409495486e-25, 8.40015083658e-26, 1.30918394406e-25, 2.27209049125e-25, 2.54920549434e-25, 1.56331203341e-25, 2.838593694e-25, 3.06597742651e-25, 3.29111019373e-25, 3.7514724082e-25, 1.1604347294e-25, 4.79191091686e-25, 4.08600465228e-25, 2.77526147534e-25, 2.11826064257e-25, 5.46025852767e-25, 7.12845676748e-25, 2.89073271597e-25, 4.27180013091e-25, 9.76819637664e-25, 5.61245247604e-25, 6.56448038482e-25, 5.10447091954e-25, 4.99716364972e-25, 3.87438285369e-25, 1.49061418691e-25, 3.94500981706e-25, 6.42423373486e-25, 4.85625780786e-25, 6.428173109e-25, 6.19443559494e-25, 3.90400975759e-25, 9.14970871935e-25, 6.91907089652e-25, 7.84803842889e-25, 8.032324718e-25, 7.75210554725e-25, 6.50925913538e-25, 8.64037180121e-25, 1.32631203716e-24, 8.6151341687e-25, 1.24898473579e-24, 7.60447861048e-25, 9.60807240403e-25, 1.12814485296e-24, 1.28427383674e-24, 7.98358839824e-25, 5.69795563044e-25, 9.18507927019e-25, 1.44378338532e-24, 1.22706012187e-24, 1.20135863914e-24, 1.73398825323e-24, 1.25127450317e-24, 1.41538409691e-24, 1.06348784102e-24, 1.91275793942e-24, 1.43202906201e-24, 2.23086590224e-24, 1.8052446783e-24, 1.52223718007e-24, 1.14225520797e-24, 1.95926700903e-24, 1.66118092763e-24, 1.88268044804e-24, 1.40163829424e-24, 2.19269075367e-24, 2.10684197958e-24, 2.44604368857e-24, 1.88396786904e-24, 1.64036988948e-24, 2.82383686747e-24, 2.05564904835e-24, 2.16441324566e-24, 1.71646765253e-24, 1.69092354756e-24, 2.47525244688e-24, 2.8759675571e-24, 2.98435586219e-24, 2.14551470217e-24, 2.56459548034e-24, 2.67552549527e-24, 2.60520189822e-24, 2.1895735698e-24, 3.08619819948e-24, 2.78782438107e-24, 2.60957909017e-24, 3.22384614441e-24, 3.9115171003e-24, 3.62247570362e-24, 2.9116173647e-24, 3.64731496137e-24, 3.60779263559e-24, 3.20608316619e-24, 3.22248200669e-24, 3.78097560884e-24, 3.86271264268e-24, 3.9770749914e-24, 3.92505434787e-24, 3.17348447536e-24, 3.8690582398e-24, 3.68746561486e-24, 3.58130071424e-24, 3.65357812253e-24, 3.74161539398e-24, 4.02119124866e-24, 3.60863119473e-24, 3.85755704223e-24, 4.06787919248e-24, 4.88906485658e-24, 3.8280280064e-24, 4.19440104319e-24, 4.52628350349e-24, 4.36352966583e-24, 4.01616068267e-24, 4.38213968344e-24, 4.55517119541e-24, 5.25747394337e-24, 4.07201242919e-24, 5.17024919865e-24, 5.29229860246e-24, 5.19025392235e-24, 5.65964588248e-24],
        "stdev": [0.000446931895567, 0.000282877794234, 0.00014393303718, 0.000108645559521, 0.000137037888635, 0.000126081504277, 0.000146419231896, 0.000280889304122, 0.00200002221391, 0.00860819406807, 0.00781541876495, 0.0128723178059, 0.0133432000875, 0.00353909307159, 0.000194914682652, 5.54198923055e-05, 0.000749135098886, 0.00688251666725, 0.00818653497845, 0.00118990486953, 0.00295359641314, 0.0126647604629, 0.0236432943493, 0.0167844016105, 0.00808524526656, 0.00395265687257, 0.000807163945865, 0.000409955857322, 0.000466216995846, 0.000625837070402, 0.00106475211214, 0.00256100250408, 0.000509533972945, 2.58129130088e-05, 7.65174409025e-05, 0.000115971073683, 0.000208880970604, 0.000388951273635, 4.64775002911e-05, 7.251338684e-05, 0.00013478686742, 0.000563585199416, 0.00133667537011, 0.00092261377722, 0.00023706680804, 0.000281486194581, 0.000546555616893, 0.000264207366854, 0.000213010149309, 0.000101287325379, 6.28392153885e-05, 4.59092880192e-05, 3.69550725736e-05, 1.86777651834e-05, 7.26419739294e-06, 3.85882631235e-05, 2.13683688344e-05, 1.12098532554e-05, 1.82995918294e-05, 1.57809845405e-05, 6.8542203735e-06, 4.66811616207e-06, 6.56129668641e-06, 2.83058761852e-06, 1.79289691005e-06, 1.15440764148e-06, 1.47846969867e-06, 7.40243990549e-07, 1.8707895606e-06, 1.42187229812e-06, 6.59404861381e-07, 6.49965215871e-07, 7.21607534615e-07, 6.4031223701e-07, 6.09760661519e-07, 6.23049800197e-07, 3.57163571607e-07, 3.51128306875e-07, 3.35744488211e-07, 4.80161645555e-07, 3.69732219951e-07, 2.69028078037e-07, 2.92698217663e-07, 3.58761866437e-07, 2.89140217546e-07, 3.43299547012e-07, 3.38225845553e-07, 2.65440860403e-07, 2.45209292871e-07, 3.40481108196e-07, 5.36789627859e-07, 3.60818717127e-07, 3.60602342653e-07, 2.74717081084e-07, 3.19962367712e-07, 2.37162666394e-07, 2.84023371933e-07, 3.03915641098e-07, 2.77359987422e-07, 3.13909538363e-07, 2.71806555929e-07, 2.61291006609e-07, 2.35177026298e-07, 2.5268934678e-07, 1.76572143573e-07, 1.30121506459e-07, 1.17501826935e-07, 1.05667204764e-07, 8.5912823522e-08, 5.55488171017e-08, 4.0943749724e-08, 3.02096943017e-08, 2.01662100352e-08, 1.55815502723e-08, 1.60941073801e-08, 1.49088297263e-08, 1.07399760196e-08, 1.00891295318e-08, 1.54120929352e-08, 1.23930057327e-08, 1.07033670815e-08, 7.74533504e-09, 6.01840444148e-09, 5.61294299928e-09, 5.311661333e-09, 5.30669730381e-09, 5.1957385061e-09, 5.15088594e-09]
    },
    "mfcc": {
        "mean": [-1213.72998047, 12.7715158463, -0.0792476758361, -2.25056791306, 0.66144990921, 0.151337713003, -0.807813107967, -0.254656255245, 0.13660427928, -0.0340491607785, -0.558400928974, -0.603782534599, -0.623387098312],
        "cov": [[30793.3007812, 7534.40625, -79.4149703979, -1328.40856934, 322.928833008, -2.38143491745, -528.471618652, -184.75378418, 47.4026184082, -22.6471691132, -328.459777832, -385.070983887, -410.789520264], [7534.40625, 1879.70092773, -17.8846740723, -327.758026123, 93.9110031128, 5.96003580093, -133.359222412, -46.3813171387, 11.277797699, -10.2014122009, -82.1167831421, -93.2838897705, -104.083457947], [-79.4149703979, -17.8846740723, 20.184671402, 8.576130867, -2.88802599907, 1.92362070084, 6.97723579407, 3.15475201607, -1.65350747108, -4.97465419769, -4.22466945648, 0.210315868258, 3.23952674866], [-1328.40856934, -327.758026123, 8.576130867, 70.3512115479, -12.4003200531, -7.68510389328, 18.323720932, 6.5681438446, -5.15349912643, -3.72389340401, 10.8583469391, 16.4881286621, 18.3969230652], [322.928833008, 93.9110031128, -2.88802599907, -12.4003200531, 18.5065326691, 5.08494186401, -7.24473810196, 0.19853797555, 0.581741034985, -5.75050640106, -7.18133926392, -3.6068816185, -3.89460945129], [-2.38143491745, 5.96003580093, 1.92362070084, -7.68510389328, 5.08494186401, 13.9500284195, 9.65025234222, 4.97447872162, 3.3679523468, 0.296762764454, -1.49924123287, 0.225656941533, 2.82656359673], [-528.471618652, -133.359222412, 6.97723579407, 18.323720932, -7.24473810196, 9.65025234222, 21.1857948303, 9.11911964417, 1.40452921391, 0.334998786449, 3.59071207047, 6.40737628937, 10.5969552994], [-184.75378418, -46.3813171387, 3.15475201607, 6.5681438446, 0.19853797555, 4.97447872162, 9.11911964417, 6.92252588272, 2.22209525108, -1.3123562336, -0.46517854929, 2.26470351219, 5.36228990555], [47.4026184082, 11.277797699, -1.65350747108, -5.15349912643, 0.581741034985, 3.3679523468, 1.40452921391, 2.22209525108, 6.1627497673, 3.65733456612, -1.07645153999, -1.24647092819, 0.79691952467], [-22.6471691132, -10.2014122009, -4.97465419769, -3.72389340401, -5.75050640106, 0.296762764454, 0.334998786449, -1.3123562336, 3.65733456612, 8.25240802765, 4.81517219543, -0.0592580214143, -0.018421722576], [-328.459777832, -82.1167831421, -4.22466945648, 10.8583469391, -7.18133926392, -1.49924123287, 3.59071207047, -0.46517854929, -1.07645153999, 4.81517219543, 9.54226016998, 5.54026222229, 3.31550812721], [-385.070983887, -93.2838897705, 0.210315868258, 16.4881286621, -3.6068816185, 0.225656941533, 6.40737628937, 2.26470351219, -1.24647092819, -0.0592580214143, 5.54026222229, 8.51724910736, 8.11628341675], [-410.789520264, -104.083457947, 3.23952674866, 18.3969230652, -3.89460945129, 2.82656359673, 10.5969552994, 5.36228990555, 0.79691952467, -0.018421722576, 3.31550812721, 8.11628341675, 12.7645845413]],
        "icov": [[0.00479272659868, -0.0197262410074, 0.00891215074807, 0.0037926977966, 0.0143019389361, 0.015464130789, -0.00749134877697, -0.0111415013671, 0.0154083417729, -0.0101214051247, 0.0123159624636, 0.0199203919619, -0.0193408578634], [-0.0197262410074, 0.0959346219897, -0.0589358210564, 0.0443978719413, -0.0973210930824, -0.028764070943, 0.0395456254482, 0.0563342757523, -0.0451930202544, 0.0154171828181, -0.0107737649232, -0.084699742496, 0.0780764147639], [0.00891215074807, -0.0589358210564, 0.150222793221, -0.115422874689, 0.183801963925, -0.128210648894, 0.0459257550538, -0.0773654282093, 0.0403630845249, 0.0613753944635, 0.0507610477507, 0.050582818687, -0.0344636924565], [0.0037926977966, 0.0443978719413, -0.115422874689, 0.351728707552, -0.293022304773, 0.418332695961, -0.237900570035, 0.203043445945, -0.0272307693958, -0.0288896877319, 0.0310546196997, 0.0294841602445, -0.0885440781713], [0.0143019389361, -0.0973210930824, 0.183801963925, -0.293022304773, 0.668617069721, -0.682679116726, 0.62255191803, -0.447186470032, 0.132459282875, 0.155563175678, 0.132730200887, 0.0114811304957, 0.0187494494021], [0.015464130789, -0.028764070943, -0.128210648894, 0.418332695961, -0.682679116726, 1.16542518139, -1.02401483059, 0.567505300045, -0.240810722113, -0.0566239394248, -0.177451819181, 0.134042799473, -0.186091586947], [-0.00749134877697, 0.0395456254482, 0.0459257550538, -0.237900570035, 0.62255191803, -1.02401483059, 1.22819340229, -0.823621511459, 0.40842628479, -0.139076933265, 0.335462957621, -0.153686746955, 0.14054942131], [-0.0111415013671, 0.0563342757523, -0.0773654282093, 0.203043445945, -0.447186470032, 0.567505300045, -0.823621511459, 1.14425635338, -0.685943722725, 0.551647484303, -0.477786123753, 0.273622393608, -0.237504169345], [0.0154083417729, -0.0451930202544, 0.0403630845249, -0.0272307693958, 0.132459282875, -0.240810722113, 0.40842628479, -0.685943722725, 0.979120433331, -0.887065649033, 0.729021072388, -0.243630096316, 0.10233913362], [-0.0101214051247, 0.0154171828181, 0.0613753944635, -0.0288896877319, 0.155563175678, -0.0566239394248, -0.139076933265, 0.551647484303, -0.887065649033, 1.27689921856, -0.926059246063, 0.52801656723, -0.268208056688], [0.0123159624636, -0.0107737649232, 0.0507610477507, 0.0310546196997, 0.132730200887, -0.177451819181, 0.335462957621, -0.477786123753, 0.729021072388, -0.926059246063, 1.15426313877, -0.62971508503, 0.306609719992], [0.0199203919619, -0.084699742496, 0.050582818687, 0.0294841602445, 0.0114811304957, 0.134042799473, -0.153686746955, 0.273622393608, -0.243630096316, 0.52801656723, -0.62971508503, 1.00388669968, -0.577218651772], [-0.0193408578634, 0.0780764147639, -0.0344636924565, -0.0885440781713, 0.0187494494021, -0.186091586947, 0.14054942131, -0.237504169345, 0.10233913362, -0.268208056688, 0.306609719992, -0.577218651772, 0.539541602135]]
    },
    "spectral_contrast_coeffs": {
        "max": [-0.318106144667, -0.325190663338, -0.501311779022, -0.580405235291, -0.691920638084, -0.800439536572],
        "mean": [-0.931713223457, -0.938138961792, -0.938454151154, -0.946056365967, -0.94729334116, -0.950163602829],
        "min": [-0.987652897835, -0.998821377754, -0.998499155045, -0.984787642956, -0.988238990307, -0.965484082699],
        "stdev": [0.11492382735, 0.0993905439973, 0.0797113627195, 0.0561113469303, 0.0448599159718, 0.0325783193111]
    },
    "spectral_contrast_valleys": {
        "max": [-5.79580211639, -4.84979438782, -5.4814696312, -5.67878341675, -6.58700323105, -8.55946350098],
        "mean": [-25.4946250916, -25.4330978394, -25.5194416046, -25.5064811707, -25.622127533, -25.7713565826],
        "min": [-28.232881546, -27.9460601807, -27.9590854645, -27.7509288788, -27.569108963, -27.4381732941],
        "stdev": [5.58317804337, 5.75263214111, 5.6612443924, 5.6179356575, 5.30553674698, 4.80699920654]
    }
},
"rhythm": {
    "beats_count": 22,
    "beats_loudness": {
        "max": 1.34243655205,
        "mean": 0.0702437311411,
        "min": 0,
        "stdev": 0.280807465315
    },
    "bpm": 101.087417603,
    "bpm_histogram_first_peak_bpm": 99,
    "bpm_histogram_first_peak_weight": 0.571428537369,
    "bpm_histogram_second_peak_bpm": 110,
    "bpm_histogram_second_peak_spread": 0.199999988079,
    "bpm_histogram_second_peak_weight": 0.190476194024,
    "danceability": 2.10098934174,
    "onset_rate": 0.313495218754,
    "beats_loudness_band_ratio": {
        "max": [0.115514226258, 0.405913442373, 0.500072181225, 0.156504839659, 0.164337322116, 0.604572534561],
        "mean": [0.00644986331463, 0.0352305881679, 0.0418641120195, 0.013508615084, 0.0122628426179, 0.0275559052825],
        "min": [0, 0, 0, 0, 0, 0],
        "stdev": [0.024114748463, 0.107723049819, 0.122133329511, 0.0372919291258, 0.0378682278097, 0.125915572047]
    },
    "beats_position": [0.592108845711, 1.19582760334, 1.79954648018, 2.40326523781, 3.01859402657, 3.62231278419, 4.22603178024, 4.80653047562, 5.38702917099, 5.9675283432, 6.54802703857, 7.12852573395, 7.72063493729, 8.31274318695, 8.90485286713, 9.46213150024, 10.0078001022, 10.5534696579, 11.0991382599, 11.6448068619, 12.144036293, 12.6316547394],
    "bpm_histogram": [0, 0, 0, 0, 0, 0, 0, 0, 0, 0, 0, 0, 0, 0, 0, 0, 0, 0, 0, 0, 0, 0, 0, 0, 0, 0, 0, 0, 0, 0, 0, 0, 0, 0, 0, 0, 0, 0, 0, 0, 0, 0, 0, 0, 0, 0, 0, 0, 0, 0, 0, 0, 0, 0, 0, 0, 0, 0, 0, 0, 0, 0, 0, 0, 0, 0, 0, 0, 0, 0, 0, 0, 0, 0, 0, 0, 0, 0, 0, 0, 0, 0, 0, 0, 0, 0, 0, 0, 0, 0, 0, 0, 0, 0, 0, 0, 0, 0, 0.047619048506, 0.238095238805, 0, 0.142857149243, 0, 0.238095238805, 0, 0, 0, 0, 0.047619048506, 0, 0.190476194024, 0, 0, 0, 0, 0, 0, 0, 0, 0, 0.047619048506, 0, 0, 0.047619048506, 0, 0, 0, 0, 0, 0, 0, 0, 0, 0, 0, 0, 0, 0, 0, 0, 0, 0, 0, 0, 0, 0, 0, 0, 0, 0, 0, 0, 0, 0, 0, 0, 0, 0, 0, 0, 0, 0, 0, 0, 0, 0, 0, 0, 0, 0, 0, 0, 0, 0, 0, 0, 0, 0, 0, 0, 0, 0, 0, 0, 0, 0, 0, 0, 0, 0, 0, 0, 0, 0, 0, 0, 0, 0, 0, 0, 0, 0, 0, 0, 0, 0, 0, 0, 0, 0, 0, 0, 0, 0, 0, 0, 0, 0, 0, 0, 0, 0, 0, 0, 0, 0, 0, 0, 0, 0, 0, 0, 0, 0, 0, 0, 0, 0, 0, 0, 0, 0, 0, 0, 0, 0, 0, 0, 0, 0]
},
"tonal": {
    "chords_changes_rate": 0.00724637694657,
    "chords_number_rate": 0.0108695654199,
    "chords_strength": {
        "max": 0.630084276199,
        "mean": -0.747884988785,
        "min": -1,
        "stdev": 0.579284250736
    },
    "hpcp_crest": {
        "max": 35.8098526001,
        "mean": 1.29603874683,
        "min": 0,
        "stdev": 4.5699801445
    },
    "hpcp_entropy": {
        "max": 3.79454660416,
        "mean": 0.157166585326,
