{
"metadata": {
    "version": {
        "essentia": "2.1-beta5",
        "essentia_git_sha": "Undefined",
        "extractor": "music 2.0"
    },
    "audio_properties": {
        "analysis": {
            "equal_loudness": 0,
            "length": 48.7502937317,
            "sample_rate": 44100,
            "start_time": 142.744674683,
            "downmix": "mix"
        },
        "bit_rate": 192000,
        "length": 250.415603638,
        "lossless": 0,
        "number_channels": 2,
        "replay_gain": -3.4777507782,
        "sample_rate": 48000,
        "codec": "mp3",
        "md5_encoded": "478662921c1883bfdbec76c262bd7e55"
    },
    "tags": {
        "file_name": "Israel_Hi_Ofra Haza.mp3",
        "encoding": ["Lavf58.29.100"]
    }
},
"lowlevel": {
    "average_loudness": 0.982055008411,
    "barkbands_crest": {
        "max": 23.1246623993,
        "mean": 7.77102994919,
        "min": 2.22442102432,
        "stdev": 3.4935092926
    },
    "barkbands_flatness_db": {
        "max": 0.250886321068,
        "mean": 0.104152590036,
        "min": 0.0417149551213,
        "stdev": 0.0306384768337
    },
    "barkbands_kurtosis": {
        "max": 26.0262298584,
        "mean": -0.459909379482,
        "min": -1.89620471001,
        "stdev": 1.83096528053
    },
    "barkbands_skewness": {
        "max": 4.13387680054,
        "mean": 0.308241337538,
        "min": -4.82062578201,
        "stdev": 0.783079922199
    },
    "barkbands_spread": {
        "max": 91.6463928223,
        "mean": 37.9482383728,
        "min": 8.20913505554,
        "stdev": 12.7334165573
    },
    "dissonance": {
        "max": 0.500000059605,
        "mean": 0.477732926607,
        "min": 0.298122465611,
        "stdev": 0.0162840075791
    },
    "dynamic_complexity": 1.30507516861,
    "erbbands_crest": {
        "max": 23.703748703,
        "mean": 8.04104423523,
        "min": 2.37095022202,
        "stdev": 3.50173425674
    },
    "erbbands_flatness_db": {
        "max": 0.311283618212,
        "mean": 0.158801838756,
        "min": 0.0841490253806,
        "stdev": 0.0363224521279
    },
    "erbbands_kurtosis": {
        "max": 42.1711463928,
        "mean": -0.236657559872,
        "min": -1.82491278648,
        "stdev": 2.59752011299
    },
    "erbbands_skewness": {
        "max": 2.14974308014,
        "mean": -0.346459507942,
        "min": -4.64764451981,
        "stdev": 0.694202244282
    },
    "erbbands_spread": {
        "max": 138.842666626,
        "mean": 43.5019607544,
        "min": 4.55453681946,
        "stdev": 16.1575336456
    },
    "hfc": {
        "max": 223.934127808,
        "mean": 36.597694397,
        "min": 1.39191663265,
        "stdev": 22.222278595
    },
    "loudness_ebu128": {
        "integrated": -20.2500610352,
        "loudness_range": 0.889671325684,
        "momentary": {
            "max": -17.9168014526,
            "mean": -20.3590488434,
            "min": -24.5538196564,
            "stdev": 1.00679802895
        },
        "short_term": {
            "max": -19.6467247009,
            "mean": -20.2627162933,
            "min": -21.8538722992,
            "stdev": 0.380548447371
        }
    },
    "melbands_crest": {
        "max": 27.7742843628,
        "mean": 10.85754776,
        "min": 3.22312307358,
        "stdev": 4.57115888596
    },
    "melbands_flatness_db": {
        "max": 0.266591876745,
        "mean": 0.103899270296,
        "min": 0.0198193881661,
        "stdev": 0.0382221229374
    },
    "melbands_kurtosis": {
        "max": 106.58770752,
        "mean": 3.50820803642,
        "min": -1.8534591198,
        "stdev": 7.19807720184
    },
    "melbands_skewness": {
        "max": 9.51370239258,
        "mean": 1.54933381081,
        "min": -1.82477986813,
        "stdev": 1.0989896059
    },
    "melbands_spread": {
        "max": 193.373931885,
        "mean": 57.3948898315,
        "min": 5.8760433197,
        "stdev": 27.6466712952
    },
    "pitch_salience": {
        "max": 0.863717496395,
        "mean": 0.59540861845,
        "min": 0.267529040575,
        "stdev": 0.0952420830727
    },
    "silence_rate_20dB": {
        "max": 1,
        "mean": 1,
        "min": 1,
        "stdev": 0
    },
    "silence_rate_30dB": {
        "max": 1,
        "mean": 1,
        "min": 1,
        "stdev": 0
    },
    "silence_rate_60dB": {
        "max": 1,
        "mean": 0.00618752976879,
        "min": 0,
        "stdev": 0.0784166902304
    },
    "spectral_centroid": {
        "max": 4928.45019531,
        "mean": 2615.95117188,
        "min": 617.346313477,
        "stdev": 583.178405762
    },
    "spectral_complexity": {
        "max": 52,
        "mean": 25.0318889618,
        "min": 1,
        "stdev": 8.74572372437
    },
    "spectral_decrease": {
        "max": -1.24073668006e-10,
        "mean": -4.12268796879e-09,
        "min": -1.49257068927e-08,
        "stdev": 1.87943327568e-09
    },
    "spectral_energy": {
        "max": 0.0601816624403,
        "mean": 0.0188794918358,
        "min": 0.0005945340381,
        "stdev": 0.00806963443756
    },
    "spectral_energyband_high": {
        "max": 0.0370799526572,
        "mean": 0.00299129611813,
        "min": 6.14901000517e-05,
        "stdev": 0.003548133187
    },
    "spectral_energyband_low": {
        "max": 0.0309800431132,
        "mean": 0.00199400843121,
        "min": 2.6069769774e-06,
        "stdev": 0.00312821962871
    },
    "spectral_energyband_middle_high": {
        "max": 0.0281865242869,
        "mean": 0.0080155255273,
        "min": 0.000305284193018,
        "stdev": 0.0054155443795
    },
    "spectral_energyband_middle_low": {
        "max": 0.0487631857395,
        "mean": 0.00640537124127,
        "min": 3.38451573043e-05,
        "stdev": 0.00576704880223
    },
    "spectral_entropy": {
        "max": 8.69215488434,
        "mean": 7.87116909027,
        "min": 6.51686859131,
        "stdev": 0.324482858181
    },
    "spectral_flux": {
        "max": 0.205192640424,
        "mean": 0.0856504291296,
        "min": 0.0267744474113,
        "stdev": 0.0284642279148
    },
    "spectral_kurtosis": {
        "max": 16.0868015289,
        "mean": 2.21166610718,
        "min": -1.0087915659,
        "stdev": 1.28053641319
    },
    "spectral_rms": {
        "max": 0.00766249420121,
        "mean": 0.00418484676629,
        "min": 0.000761599105317,
        "stdev": 0.000951887865085
    },
    "spectral_rolloff": {
        "max": 9840.67382812,
        "mean": 3977.35375977,
        "min": 129.19921875,
        "stdev": 1440.26855469
    },
    "spectral_skewness": {
        "max": 2.82743239403,
        "mean": 0.916110336781,
        "min": -0.22793546319,
        "stdev": 0.245434433222
    },
    "spectral_spread": {
        "max": 10944167,
        "mean": 4706369,
        "min": 2477704.5,
        "stdev": 1118006.75
    },
    "spectral_strongpeak": {
        "max": 14.0828647614,
        "mean": 1.67727470398,
        "min": 0.0185491330922,
        "stdev": 1.77160477638
    },
    "zerocrossingrate": {
        "max": 0.30322265625,
        "mean": 0.121165327728,
        "min": 0.0283203125,
        "stdev": 0.0361994728446
    },
    "barkbands": {
        "max": [0.000424717087299, 0.0165881551802, 0.0144106997177, 0.0323867723346, 0.0200044829398, 0.0198931097984, 0.0180791281164, 0.0176852829754, 0.0183494985104, 0.0204177871346, 0.0214410163462, 0.0109377140179, 0.0112004103139, 0.00670761894435, 0.00689325341955, 0.00436020502821, 0.00730623723939, 0.00676652602851, 0.0101285111159, 0.0147632146254, 0.0147443022579, 0.0157993566245, 0.0125203579664, 0.00582374911755, 0.00192910421174, 0.000308704533381, 2.28178487305e-06],
        "mean": [3.91411522287e-05, 0.000769277219661, 0.000787157972809, 0.000926622538827, 0.00165118824225, 0.00132572022267, 0.000818412809167, 0.000571277749259, 0.000951213820372, 0.00120812049136, 0.00157401326578, 0.000463136879262, 0.000483633048134, 0.000303024047753, 0.000526785443071, 0.000344770116499, 0.000355787138687, 0.000686032290105, 0.00120016757865, 0.00164893397596, 0.000644093961455, 0.000592237222008, 0.00052313687047, 0.000332880066708, 0.000125131366076, 2.76021928585e-05, 4.0794931877e-09],
        "min": [1.48538674694e-08, 5.93321772158e-07, 5.60314845188e-07, 2.08608526009e-06, 2.95026234198e-06, 4.5958759074e-06, 1.00782460777e-06, 2.41735915552e-06, 3.06335186906e-06, 2.41784982791e-06, 3.67301481674e-06, 2.79025289274e-06, 4.33005152445e-06, 3.13935606755e-06, 2.64697291641e-06, 4.61662375528e-06, 4.43721228294e-06, 1.00771585494e-05, 1.63553540915e-05, 2.56624916801e-05, 1.10540686364e-05, 1.39166786539e-05, 6.31845523458e-06, 2.38334860114e-06, 1.0939116919e-06, 1.30838600398e-07, 7.15209766411e-11],
        "stdev": [4.77079302073e-05, 0.00132947636303, 0.00153110234533, 0.00251219491474, 0.00244503072463, 0.00217057322152, 0.0018700506771, 0.00140324584208, 0.00185644673184, 0.00224717962556, 0.00292947236449, 0.00072640896542, 0.000758130627219, 0.000509351666551, 0.000825573166367, 0.000455952394987, 0.000525645853486, 0.000770973798353, 0.00119042920414, 0.00179838226177, 0.00110611284617, 0.00116679386701, 0.000841902510729, 0.000381522229873, 0.000147589307744, 3.23970234604e-05, 5.1230259146e-08]
    },
    "erbbands": {
        "max": [0.260909795761, 4.76871585846, 17.9678325653, 56.0768356323, 98.8656845093, 120.890586853, 164.441894531, 181.643157959, 320.021331787, 374.391540527, 342.309539795, 461.727355957, 455.001739502, 705.056518555, 736.921875, 233.554016113, 313.388183594, 295.086364746, 357.873962402, 264.404571533, 208.70375061, 502.977020264, 399.213684082, 647.562133789, 609.392272949, 829.662231445, 511.80078125, 728.149902344, 674.356994629, 689.026489258, 261.95223999, 141.374404907, 117.680549622, 20.1809043884, 15.074921608, 3.06788468361, 0.388518542051, 0.0124857285991, 0.000430586573202, 0.000127341438201],
        "mean": [0.0190813541412, 0.188964307308, 0.81736767292, 2.07275247574, 3.83363509178, 5.57446050644, 11.8036632538, 8.99438285828, 8.74090862274, 13.3400297165, 14.4507131577, 22.3754043579, 27.711687088, 65.9944076538, 37.7434577942, 18.084482193, 20.4629383087, 14.4534044266, 25.437210083, 22.2574138641, 19.9046897888, 22.8157806396, 37.8980178833, 51.5650558472, 74.6206359863, 66.8863449097, 36.5992965698, 23.0386676788, 22.3645267487, 18.3058433533, 14.0070991516, 9.30866909027, 4.07161331177, 1.57322132587, 0.806890428066, 0.20939694345, 0.0413670130074, 0.00135855702683, 6.39365316601e-05, 3.33301541104e-05],
        "min": [3.67247230315e-05, 6.75779519952e-05, 0.000423439196311, 0.00419441703707, 0.00845605228096, 0.0087689300999, 0.0150692434981, 0.0447095520794, 0.0451019145548, 0.0382751524448, 0.0734416395426, 0.081091247499, 0.0960025787354, 0.155092701316, 0.132415294647, 0.120068259537, 0.17621307075, 0.182038918138, 0.288964360952, 0.2250135988, 0.202482283115, 0.271707683802, 0.563738942146, 1.04615604877, 1.29828774929, 1.28900337219, 0.673313617706, 0.389811038971, 0.549341380596, 0.258230149746, 0.189807757735, 0.0571359843016, 0.0361232757568, 0.014028002508, 0.00744360918179, 0.0010390272364, 0.000159472052474, 5.19509376318e-06, 1.79237053999e-06, 2.1292476049e-06],
        "stdev": [0.0250867344439, 0.367386490107, 1.61213696003, 4.63613414764, 8.29471111298, 9.44864749908, 20.1169929504, 14.0540399551, 17.0488586426, 29.5742168427, 29.9080638885, 43.863067627, 48.5220947266, 102.936721802, 68.8923797607, 24.3709983826, 29.0860996246, 18.9662361145, 37.5383529663, 28.6649627686, 22.1781616211, 32.1383247375, 43.1609802246, 51.2782592773, 76.2359542847, 67.115020752, 46.193145752, 44.1160583496, 43.6002120972, 37.4043197632, 21.0114402771, 10.0341234207, 5.52770519257, 1.77251768112, 1.05158174038, 0.26475700736, 0.0502132289112, 0.00164458563086, 5.32645753992e-05, 1.50421647049e-05]
    },
    "gfcc": {
        "mean": [30.6837844849, 50.7254829407, -140.645004272, 54.275100708, -80.7530288696, 17.7067623138, -37.6734924316, 13.7215719223, -34.452381134, -1.76147568226, -12.4397115707, -0.362806111574, -7.69659614563],
        "cov": [[834.651245117, -184.308639526, 62.8762664795, -44.7161865234, -24.1381664276, 73.0975265503, -35.945930481, 25.4933490753, -22.4423561096, 47.9291534424, -102.798606873, -8.88335609436, -58.2177886963], [-184.308639526, 486.949768066, -77.5799026489, 33.0435523987, 51.437625885, -90.1130371094, 50.5412597656, -23.1726608276, 27.5629653931, -65.03540802, 66.6230621338, -61.3683929443, 38.7408599854], [62.8762664795, -77.5799026489, 523.845825195, 185.593887329, -37.7375030518, 45.288936615, -131.077972412, -21.417263031, 39.1063423157, -6.79651594162, -63.0832443237, 74.279876709, -115.692474365], [-44.7161865234, 33.0435523987, 185.593887329, 286.274475098, 14.4647026062, -16.9265289307, -36.7701721191, -52.8245162964, 57.549823761, -48.0693473816, -0.982462465763, 17.6620559692, -3.52452754974], [-24.1381664276, 51.437625885, -37.7375030518, 14.4647026062, 140.596389771, 54.8473205566, 27.6546916962, 13.6833906174, -22.3966827393, -3.11128664017, -2.44441580772, -2.92837071419, 15.0234708786], [73.0975265503, -90.1130371094, 45.288936615, -16.9265289307, 54.8473205566, 194.37852478, 51.3035545349, -5.63153648376, -25.774684906, 26.7341156006, -28.3440990448, -9.82551574707, -21.5663356781], [-35.945930481, 50.5412597656, -131.077972412, -36.7701721191, 27.6546916962, 51.3035545349, 166.927261353, 12.5371761322, -36.17237854, 6.31743335724, 26.0537490845, -43.5887641907, 31.4383525848], [25.4933490753, -23.1726608276, -21.417263031, -52.8245162964, 13.6833906174, -5.63153648376, 12.5371761322, 99.2289657593, 19.7762260437, 11.3789520264, -3.50044798851, 4.10117197037, -1.62226462364], [-22.4423561096, 27.5629653931, 39.1063423157, 57.549823761, -22.3966827393, -25.774684906, -36.17237854, 19.7762260437, 99.2069244385, 8.29602146149, -4.831823349, 3.09494614601, -15.9484081268], [47.9291534424, -65.03540802, -6.79651594162, -48.0693473816, -3.11128664017, 26.7341156006, 6.31743335724, 11.3789520264, 8.29602146149, 84.0521087646, 9.2834815979, -3.96396160126, -16.7022399902], [-102.798606873, 66.6230621338, -63.0832443237, -0.982462465763, -2.44441580772, -28.3440990448, 26.0537490845, -3.50044798851, -4.831823349, 9.2834815979, 87.5073776245, 9.00841999054, 24.8936214447], [-8.88335609436, -61.3683929443, 74.279876709, 17.6620559692, -2.92837071419, -9.82551574707, -43.5887641907, 4.10117197037, 3.09494614601, -3.96396160126, 9.00841999054, 84.5618057251, 0.513066470623], [-58.2177886963, 38.7408599854, -115.692474365, -3.52452754974, 15.0234708786, -21.5663356781, 31.4383525848, -1.62226462364, -15.9484081268, -16.7022399902, 24.8936214447, 0.513066470623, 102.902412415]],
        "icov": [[0.0016641037073, -0.000374053168343, 0.000799249333795, -0.00103494280484, 0.00120964145754, -0.000785010342952, 0.000779342604801, -0.00124093669001, 0.00176553602796, -0.00167818344198, 0.00241906684823, -0.000575595186092, 0.000765559321735], [-0.000374053168343, 0.00599890667945, -0.00351835926995, 0.00452176434919, -0.00579536892474, 0.00407873466611, -0.00298105995171, 0.0046122954227, -0.00661843037233, 0.00648691598326, -0.0063710086979, 0.00621072109789, -0.00204907241277], [0.000799249333795, -0.00351835926995, 0.00839646439999, -0.00767080951482, 0.00622392725199, -0.00470641301945, 0.00462783733383, -0.00520067987964, 0.00720142992213, -0.00533409137279, 0.00657064048573, -0.00718791969121, 0.00625985255465], [-0.00103494280484, 0.00452176434919, -0.00767080951482, 0.0133803347126, -0.0084778862074, 0.00499478401616, -0.00486658141017, 0.00967576541007, -0.0127458833158, 0.00966698955745, -0.00773921096697, 0.00620021577924, -0.00509496871382], [0.00120964145754, -0.00579536892474, 0.00622392725199, -0.0084778862074, 0.0163101702929, -0.00783656258136, 0.00454717176035, -0.00886426214129, 0.0110598122701, -0.00730320718139, 0.00776363955811, -0.00693770218641, 0.00270591350272], [-0.000785010342952, 0.00407873466611, -0.00470641301945, 0.00499478401616, -0.00783656258136, 0.0115585727617, -0.00620627682656, 0.00579670257866, -0.00521375844255, 0.00248224986717, -0.00233518518507, 0.00412435363978, -0.00140674144495], [0.000779342604801, -0.00298105995171, 0.00462783733383, -0.00486658141017, 0.00454717176035, -0.00620627682656, 0.0129483379424, -0.0062144943513, 0.00787356775254, -0.00381431821734, 0.000978543888777, 0.000705012585968, 0.000942048034631], [-0.00124093669001, 0.0046122954227, -0.00520067987964, 0.00967576541007, -0.00886426214129, 0.00579670257866, -0.0062144943513, 0.0193334165961, -0.0131221236661, 0.00651556486264, -0.00527584273368, 0.00335550960153, -0.0029583577998], [0.00176553602796, -0.00661843037233, 0.00720142992213, -0.0127458833158, 0.0110598122701, -0.00521375844255, 0.00787356775254, -0.0131221236661, 0.0261070746928, -0.0124418381602, 0.0097623039037, -0.00642139697447, 0.00552790286019], [-0.00167818344198, 0.00648691598326, -0.00533409137279, 0.00966698955745, -0.00730320718139, 0.00248224986717, -0.00381431821734, 0.00651556486264, -0.0124418381602, 0.0240192282945, -0.0123273869976, 0.00785355269909, -0.00128978316206], [0.00241906684823, -0.0063710086979, 0.00657064048573, -0.00773921096697, 0.00776363955811, -0.00233518518507, 0.000978543888777, -0.00527584273368, 0.0097623039037, -0.0123273869976, 0.025067223236, -0.0113869970664, 0.00238918978721], [-0.000575595186092, 0.00621072109789, -0.00718791969121, 0.00620021577924, -0.00693770218641, 0.00412435363978, 0.000705012585968, 0.00335550960153, -0.00642139697447, 0.00785355269909, -0.0113869970664, 0.0235830657184, -0.00590146007016], [0.000765559321735, -0.00204907241277, 0.00625985255465, -0.00509496871382, 0.00270591350272, -0.00140674144495, 0.000942048034631, -0.0029583577998, 0.00552790286019, -0.00128978316206, 0.00238918978721, -0.00590146007016, 0.016860416159]]
    },
    "melbands": {
        "max": [0.0034399908036, 0.00810349266976, 0.011771125719, 0.0048836460337, 0.00544427987188, 0.00362827815115, 0.00420563435182, 0.00431516440585, 0.00272797211073, 0.0032814159058, 0.00238598883152, 0.00260711438023, 0.0018842042191, 0.00147983932402, 0.000827656011097, 0.00121090013999, 0.000427883147495, 0.00073300319491, 0.000758096575737, 0.000391511479393, 0.000313280994305, 0.000485553144244, 0.000306324713165, 0.000391378212953, 0.000636789947748, 0.000413813395426, 0.000732799351681, 0.000632092298474, 0.000365286658052, 0.000375509640435, 0.000531530065928, 0.000443915603682, 0.00027231517015, 0.000447729282314, 0.000174773143954, 8.79552972037e-05, 9.54539864324e-05, 9.33070259634e-05, 5.08820376126e-05, 1.59933515533e-05],
        "mean": [0.000191534709302, 0.000372315873392, 0.000420441181632, 0.000326515175402, 0.000384454673622, 0.000210181955481, 0.000148943203385, 0.000145013385918, 0.000118504089187, 0.00014342002396, 0.000141249314765, 0.00026703637559, 0.000157075570314, 6.47559500067e-05, 3.84811028198e-05, 4.93659026688e-05, 2.28021726798e-05, 3.88109001506e-05, 4.4783399062e-05, 2.18856075662e-05, 2.24004652409e-05, 2.21105474338e-05, 2.89298441203e-05, 3.26073532051e-05, 4.24344871135e-05, 4.81714268972e-05, 6.34326715954e-05, 4.14553978771e-05, 2.66958122666e-05, 1.41418377098e-05, 1.28282745209e-05, 1.3306935216e-05, 1.03524926089e-05, 1.02445656012e-05, 8.32222212921e-06, 7.04259036866e-06, 5.08010225531e-06, 2.95534823636e-06, 2.04293860406e-06, 1.10732605663e-06],
        "min": [3.0754389968e-07, 2.09524529282e-07, 9.16023623176e-07, 7.12313976692e-07, 4.75926498211e-07, 9.90282160274e-07, 6.49501146199e-07, 4.17787987317e-07, 4.62445058247e-07, 5.23102016814e-07, 4.38865271235e-07, 5.66772200727e-07, 4.91019648052e-07, 3.46534733353e-07, 2.85959600888e-07, 4.11459069483e-07, 2.65083258455e-07, 3.90746038192e-07, 1.69363346458e-07, 3.2105569403e-07, 1.57097957754e-07, 1.97195078044e-07, 5.36689469754e-07, 4.53235998066e-07, 7.46257512674e-07, 7.13430836186e-07, 8.51337460972e-07, 4.87097736368e-07, 3.90021710928e-07, 1.38816247386e-07, 2.54105856357e-07, 2.75682992879e-07, 9.93689255324e-08, 1.03144415675e-07, 8.42035134951e-08, 2.8625288806e-08, 3.64928709473e-08, 2.21795417588e-08, 2.08218970954e-08, 7.75460229363e-09],
        "stdev": [0.000289209594484, 0.000690018350724, 0.000952039670665, 0.000505882489961, 0.000610935967416, 0.000326309673255, 0.000303807115415, 0.000306988658849, 0.000242488225922, 0.000299267703667, 0.000266221788479, 0.000408429244999, 0.000274491263554, 0.000113262387458, 6.25600951025e-05, 8.47390692797e-05, 3.21314109897e-05, 6.63583632559e-05, 7.8595483501e-05, 3.39880170941e-05, 2.77114959317e-05, 3.5349461541e-05, 3.66075146303e-05, 3.64677325706e-05, 4.84091069666e-05, 5.03964038217e-05, 8.2156919234e-05, 4.70696213597e-05, 3.28422283928e-05, 2.49460135819e-05, 2.82343989966e-05, 2.6098012313e-05, 2.1267152988e-05, 2.16064327105e-05, 1.36337384902e-05, 8.11906284071e-06, 5.63218054594e-06, 4.37348489868e-06, 2.66989286501e-06, 1.27719283682e-06]
    },
    "melbands128": {
        "max": [0.000350977701601, 0.00167997600511, 0.00448325322941, 0.00949988979846, 0.0111388191581, 0.00624728482217, 0.0101799927652, 0.0182239823043, 0.010070825927, 0.00558241363615, 0.0095496289432, 0.0094389738515, 0.00832325778902, 0.00793786440045, 0.0051195458509, 0.00467924820259, 0.00706965941936, 0.00534180458635, 0.00621231272817, 0.00645936420187, 0.00684127304703, 0.00581587664783, 0.00522737763822, 0.00446955207735, 0.00369264022447, 0.00694089243189, 0.00540837319568, 0.00425856560469, 0.00664082588628, 0.00356926373206, 0.00489094434306, 0.006143739447, 0.00315804104321, 0.00569128198549, 0.00296977348626, 0.00121175753884, 0.00100971094798, 0.00148347055074, 0.00161800440401, 0.00118680205196, 0.00239095487632, 0.00171351258177, 0.000487396668177, 0.000458747847006, 0.00162551668473, 0.00113625940867, 0.000959926575888, 0.00160709873307, 0.000871776195709, 0.000735813111532, 0.000704490637872, 0.000691878201906, 0.000510831188876, 0.000407075451221, 0.000636864453554, 0.000775898399297, 0.00142321723979, 0.000592022843193, 0.000785057607573, 0.00090696348343, 0.000746516452637, 0.000633785850368, 0.000687640625983, 0.00163889606483, 0.00128762796521, 0.000753772794269, 0.000976741081104, 0.00150499807205, 0.00118446408305, 0.000687821593601, 0.000912975752726, 0.000923611863982, 0.000620216946118, 0.000523275753949, 0.000420376192778, 0.000470723578474, 0.000660150893964, 0.000338863494107, 0.000997228198685, 0.000546627328731, 0.000616228964645, 0.000365752464859, 0.000499597634189, 0.000450414168881, 0.000385459396057, 0.00058809586335, 0.000518337299582, 0.00035643109004, 0.000202491602977, 0.000177249748958, 0.000119902695587, 9.77719682851e-05, 0.000140407893923, 8.25432289275e-05, 0.000102920123027, 0.000116697403428, 7.65322693042e-05, 0.000113291775051, 5.84419867664e-05, 2.78503703157e-05, 1.21695356938e-05, 1.50457335621e-05, 2.85177811747e-05, 2.52655045188e-05, 2.31623198488e-05, 1.02971744127e-05, 1.45003041325e-05, 7.31040427127e-06, 4.68363850814e-06, 3.09489132633e-06, 2.85442911263e-06, 3.82562075174e-06, 1.50644768837e-06, 7.1743920671e-07, 1.74070635239e-07, 1.02916018818e-07, 1.17546221645e-08, 1.11572804329e-08, 1.06392130661e-08, 1.02108703715e-08, 9.8265617865e-09, 9.49258005534e-09, 9.20110387881e-09, 8.99308005842e-09, 8.79615402738e-09, 8.64566107595e-09, 8.53783088672e-09, 8.47761683076e-09],
        "mean": [3.27207453665e-05, 0.000139070660225, 0.000240203284193, 0.000325359927956, 0.000399770942749, 0.000382012600312, 0.000394484726712, 0.000497106579132, 0.000370658468455, 0.000301356922137, 0.000292914744932, 0.000351415830664, 0.000446371821454, 0.000393221649574, 0.000209600868402, 0.000110348322778, 9.27114524529e-05, 0.00014718149032, 0.000249538832577, 0.000121094570204, 0.000118351519632, 0.000135118316393, 0.000105920102214, 0.000124786820379, 0.000132160697831, 0.000190280290553, 8.00971465651e-05, 0.000100922559795, 0.000232592239627, 0.000198564812308, 0.000327525864122, 0.000330702605424, 7.39226597943e-05, 0.000122963436297, 7.23404955352e-05, 5.51062148588e-05, 2.95496865874e-05, 4.47577003797e-05, 3.51249509549e-05, 4.25663492933e-05, 7.07983126631e-05, 2.95027948596e-05, 1.46262018461e-05, 1.74052383954e-05, 4.27017112088e-05, 4.28895218647e-05, 3.02874359477e-05, 6.97800060152e-05, 3.70704183297e-05, 1.10367282105e-05, 2.48898595601e-05, 2.70843011094e-05, 2.38578340941e-05, 2.098906225e-05, 1.62377982633e-05, 2.46547369898e-05, 2.54831084021e-05, 1.78622485691e-05, 3.18462844007e-05, 4.83698458993e-05, 2.71194403467e-05, 2.54191345448e-05, 3.79196353606e-05, 4.50966144854e-05, 5.5825094023e-05, 4.62136049464e-05, 3.81258141715e-05, 7.50279432395e-05, 7.68385070842e-05, 3.49949295924e-05, 3.64996885764e-05, 5.33420461579e-05, 3.303496851e-05, 2.18441236939e-05, 1.74540164153e-05, 1.42946355481e-05, 1.23946174426e-05, 1.3387013496e-05, 1.32225486595e-05, 1.14139556899e-05, 1.43850274981e-05, 1.40523461596e-05, 1.09537641038e-05, 9.70795917965e-06, 1.02654512375e-05, 9.65573417488e-06, 1.12685065687e-05, 9.41282632994e-06, 8.26872565085e-06, 7.28124041416e-06, 7.12762539479e-06, 7.23953417037e-06, 6.454250979e-06, 5.24090864928e-06, 4.3342747631e-06, 3.04343848256e-06, 2.94800793199e-06, 2.15918771573e-06, 2.66042434305e-06, 1.62934566106e-06, 7.27102303699e-07, 1.10235259854e-06, 1.39854068948e-06, 1.16066985356e-06, 9.72305542746e-07, 6.87186911819e-07, 6.09727237588e-07, 3.94126544734e-07, 3.24357586123e-07, 2.44375570446e-07, 1.94849647528e-07, 2.48745919862e-07, 9.4692687469e-08, 4.81204303071e-08, 5.51383827485e-09, 4.75690375978e-10, 9.99296062565e-11, 9.20065499482e-12, 8.80779390394e-12, 8.6426421575e-12, 8.27205838549e-12, 7.96107364059e-12, 7.76347042208e-12, 7.58229330017e-12, 7.33562776495e-12, 7.04174132199e-12, 6.86424701801e-12, 6.8046232711e-12],
        "min": [1.88222504249e-09, 2.39127700752e-07, 2.29938009966e-07, 5.82876999999e-08, 6.9489843213e-08, 3.56589623607e-07, 3.36073384233e-07, 1.04585251393e-06, 3.32593458552e-07, 1.69934850192e-07, 2.24700102081e-07, 2.70174410844e-07, 4.20011929236e-07, 6.77299794916e-07, 1.0253270375e-06, 4.71365751764e-07, 1.87465985846e-07, 1.97584242301e-07, 9.68747002617e-08, 6.28946850156e-08, 8.2708197624e-08, 1.39633982599e-07, 1.85338322467e-07, 6.29026999377e-08, 1.8738258234e-07, 5.73643781365e-08, 7.82147679956e-08, 2.66811980509e-07, 2.02755927603e-07, 1.07766041424e-07, 2.11228410762e-07, 1.45953634956e-07, 1.47922705196e-07, 8.49070858067e-08, 4.06454070401e-08, 1.00221278387e-07, 8.73055441275e-08, 5.3285617696e-08, 3.0064676082e-08, 7.3316165583e-08, 6.0202523855e-08, 8.37380653707e-08, 4.94293423969e-08, 9.43556486277e-08, 9.76674314757e-08, 6.48240856549e-08, 2.26278089599e-07, 1.23826879417e-07, 9.79933432177e-08, 1.00529021552e-07, 7.53522613195e-08, 2.06515352374e-07, 1.56797980821e-07, 5.93388911341e-08, 7.25662445689e-08, 9.27372951764e-08, 1.0710242293e-07, 1.54513188022e-07, 1.73597669573e-07, 5.06047797444e-07, 3.12886044185e-07, 3.022866224e-08, 2.5339696208e-07, 3.28397703697e-07, 3.56439642246e-07, 6.16826355326e-07, 4.04327181514e-07, 5.38400513506e-07, 4.30935585882e-07, 3.11174460421e-07, 1.99868964046e-07, 1.71050970721e-07, 2.54224829632e-07, 4.25167279161e-08, 1.63205129411e-07, 8.4676898382e-08, 4.73066990025e-08, 4.8845240741e-08, 1.542452992e-07, 1.72517431452e-07, 5.87536916896e-08, 1.38773643243e-07, 1.94297680167e-08, 5.75700518368e-08, 1.69048277598e-08, 3.1038045023e-08, 6.59760530652e-08, 4.69643950396e-08, 4.86840328051e-08, 5.08094792906e-08, 4.41191509992e-08, 8.19723489087e-09, 2.2433074065e-08, 4.37423892663e-08, 2.41886439767e-08, 1.99693026559e-08, 1.21557972577e-08, 1.16578720011e-08, 1.33193642782e-08, 1.09238484924e-09, 1.08209763372e-09, 3.15855142041e-09, 6.20642337523e-09, 6.8273999787e-09, 2.03018668543e-09, 7.04868552415e-10, 2.18103160532e-10, 3.30511479296e-10, 6.42702349674e-11, 3.76473852093e-11, 2.04986680408e-10, 8.8510518359e-12, 6.39701291071e-13, 3.64436264369e-13, 3.3322259882e-13, 2.8253080756e-13, 2.25422599424e-13, 2.2869970891e-13, 1.96217201558e-13, 2.54480139218e-13, 2.11203301484e-13, 2.27164858105e-13, 2.20996574448e-13, 2.17362532053e-13, 1.40532971002e-13, 6.7008024292e-14, 8.36657132464e-15, 2.83990612517e-16],
        "stdev": [4.16282236984e-05, 0.000179362017661, 0.000407531100791, 0.000705640995875, 0.000871960422955, 0.000730071682483, 0.000872148491908, 0.00143433106132, 0.000885369838215, 0.000502487411723, 0.000644297921099, 0.000783360563219, 0.000877245969605, 0.000851084245369, 0.000417061033659, 0.000210248093936, 0.00027675027377, 0.000349527079379, 0.000723796954844, 0.00036363772233, 0.000371927366359, 0.000427158811362, 0.000313437107252, 0.000334297306836, 0.000335752149113, 0.000523413822521, 0.000296565791359, 0.000299010163872, 0.000568276096601, 0.000458664842881, 0.000672841153573, 0.000775701191742, 0.000198503083084, 0.000434804998804, 0.000159153976711, 0.000117587303976, 6.95251583238e-05, 9.60684847087e-05, 8.58759594848e-05, 8.89354050742e-05, 0.000151621425175, 7.43836862966e-05, 2.85513033305e-05, 3.49008114426e-05, 9.96753005893e-05, 0.000101500481833, 8.14179438748e-05, 0.000155462606926, 7.31196996639e-05, 2.63432993961e-05, 5.58834035473e-05, 5.63750436413e-05, 3.87004001823e-05, 3.87614563806e-05, 3.91943904106e-05, 5.55583028472e-05, 6.26468900009e-05, 3.85007369914e-05, 5.86975693295e-05, 7.80427799327e-05, 4.70787381346e-05, 4.57238129457e-05, 5.82278880756e-05, 8.87010828592e-05, 9.1578833235e-05, 7.23898338038e-05, 7.78493777034e-05, 0.000144241377711, 0.000126699815155, 5.43372552784e-05, 6.55978219584e-05, 7.6438394899e-05, 4.86907483719e-05, 3.80719902751e-05, 3.09593560814e-05, 2.74180038105e-05, 2.99797266052e-05, 2.50234134e-05, 3.8488789869e-05, 2.89356121357e-05, 2.9597305911e-05, 2.68499188678e-05, 2.648458576e-05, 2.12936101889e-05, 2.36214291363e-05, 2.5003169867e-05, 2.39160835918e-05, 1.82535713975e-05, 1.50917849169e-05, 1.25867991301e-05, 9.57871270657e-06, 8.61817625264e-06, 8.08735239843e-06, 5.98341648583e-06, 5.87057456869e-06, 5.00699479744e-06, 4.69806536785e-06, 4.02942623623e-06, 3.60815761269e-06, 2.14097417484e-06, 8.97884604001e-07, 1.36992730404e-06, 1.89334627976e-06, 1.76075946001e-06, 1.47445837229e-06, 9.06118373223e-07, 9.20570698781e-07, 5.78347965074e-07, 4.75514724485e-07, 3.29371147245e-07, 2.52169826354e-07, 3.58717755944e-07, 1.42635457223e-07, 7.25573912064e-08, 1.11692690652e-08, 2.57537813297e-09, 4.87551499173e-10, 2.43867176453e-10, 2.3257371029e-10, 2.23315393955e-10, 2.14861684e-10, 2.07556430376e-10, 2.01192895677e-10, 1.96649474482e-10, 1.92355506523e-10, 1.89072729695e-10, 1.86721652029e-10, 1.85407203479e-10]
    },
    "mfcc": {
        "mean": [-597.241516113, 64.4139175415, -3.32904696465, 28.2483901978, -11.5521850586, -0.0208344850689, 5.09051513672, 7.00252389908, -9.5344953537, 4.12620639801, -9.45644569397, -4.94063949585, -1.67456305027],
        "cov": [[849.44909668, -128.405944824, -37.0124931335, -92.1800079346, -30.7485275269, 23.7613964081, -7.07265663147, -28.7593421936, 55.4751625061, 18.438495636, 40.9129676819, -36.7173881531, -52.9272003174], [-128.405944824, 395.232727051, -120.064399719, 8.00377559662, -9.43823814392, -57.8185462952, 47.3307952881, -2.07071828842, -24.1297225952, 34.1743202209, -13.7336301804, -11.5504360199, -5.31237745285], [-37.0124931335, -120.064399719, 486.121643066, 113.204544067, 95.715133667, 70.0415420532, -131.976333618, 37.2148017883, -22.3525085449, -86.6353302002, 57.4795074463, 71.7296524048, -25.5884895325], [-92.1800079346, 8.00377559662, 113.204544067, 254.085601807, 53.5733985901, -10.9081802368, -66.7096633911, 22.3720550537, -15.0069675446, -35.520526886, -33.7404670715, 37.9673347473, 6.40404510498], [-30.7485275269, -9.43823814392, 95.715133667, 53.5733985901, 167.665725708, 26.0248184204, -49.2888069153, 30.2824897766, 7.21729469299, -39.3416404724, 13.7538976669, 14.2224884033, -11.8010234833], [23.7613964081, -57.8185462952, 70.0415420532, -10.9081802368, 26.0248184204, 178.977783203, 46.1617469788, 7.37495470047, 10.2663288116, 6.23551511765, 10.3479661942, -14.3297166824, -1.96886110306], [-7.07265663147, 47.3307952881, -131.976333618, -66.7096633911, -49.2888069153, 46.1617469788, 189.0884552, 3.56882953644, 4.33942985535, 50.459903717, -35.5420303345, -48.5259246826, 43.3092079163], [-28.7593421936, -2.07071828842, 37.2148017883, 22.3720550537, 30.2824897766, 7.37495470047, 3.56882953644, 83.9231033325, 16.4577198029, -14.8837156296, 1.37201273441, 10.0473337173, -5.2146191597], [55.4751625061, -24.1297225952, -22.3525085449, -15.0069675446, 7.21729469299, 10.2663288116, 4.33942985535, 16.4577198029, 74.5980148315, 29.2339611053, 0.472436785698, -20.4620914459, -5.03610134125], [18.438495636, 34.1743202209, -86.6353302002, -35.520526886, -39.3416404724, 6.23551511765, 50.459903717, -14.8837156296, 29.2339611053, 111.910270691, 8.96754646301, -36.2757415771, 1.86384510994], [40.9129676819, -13.7336301804, 57.4795074463, -33.7404670715, 13.7538976669, 10.3479661942, -35.5420303345, 1.37201273441, 0.472436785698, 8.96754646301, 107.464370728, 40.1918678284, -40.6798057556], [-36.7173881531, -11.5504360199, 71.7296524048, 37.9673347473, 14.2224884033, -14.3297166824, -48.5259246826, 10.0473337173, -20.4620914459, -36.2757415771, 40.1918678284, 95.1063613892, 6.88362550735], [-52.9272003174, -5.31237745285, -25.5884895325, 6.40404510498, -11.8010234833, -1.96886110306, 43.3092079163, -5.2146191597, -5.03610134125, 1.86384510994, -40.6798057556, 6.88362550735, 111.811935425]],
        "icov": [[0.00142621237319, 0.000410050037317, 0.000127091843751, 0.000184655800695, 0.000228196702665, -2.77192630165e-05, -2.48559572356e-05, 0.000565618800465, -0.00099142966792, 0.000412052380852, -0.000562268949579, 0.000466266239528, 0.000487909739604], [0.000410050037317, 0.00326726282947, 0.000604454718996, -0.000360724050552, -0.000578243285418, 0.00103650765959, -0.000921029888559, -0.000143259036122, 0.00126330670901, -0.000945929787122, -6.6315420554e-05, -9.28626104724e-05, 0.000869876355864], [0.000127091843751, 0.000604454718996, 0.00387786049396, -0.0010835363064, -0.000376549869543, -0.00180404470302, 0.00194545486011, -0.00111434119754, 0.000934325624257, 0.00131316203624, -0.00181107444223, 2.70940672635e-05, -0.000479019334307], [0.000184655800695, -0.000360724050552, -0.0010835363064, 0.00605607545003, -0.001165597816, -1.25577307699e-05, 0.00155175942928, -0.000816575542558, 0.000661304569803, -0.00153049908113, 0.00445945840329, -0.00288973469287, 0.000568711780943], [0.000228196702665, -0.000578243285418, -0.000376549869543, -0.001165597816, 0.00822483096272, -0.00143708591349, 0.00163192336913, -0.00183306564577, -0.00155397306662, 0.00263672578149, -0.00185416045133, 0.0018537833821, -0.000716353999451], [-2.77192630165e-05, 0.00103650765959, -0.00180404470302, -1.25577307699e-05, -0.00143708591349, 0.00797386467457, -0.00387924257666, 0.000851022079587, -0.000705104554072, -0.000304557412164, -0.000745185476262, 0.000816583924461, 0.000806921860203], [-2.48559572356e-05, -0.000921029888559, 0.00194545486011, 0.00155175942928, 0.00163192336913, -0.00387924257666, 0.0110693797469, -0.00342942099087, 0.0023961472325, -0.0022345057223, 0.00108843389899, 0.0024410574697, -0.00365191115998], [0.000565618800465, -0.000143259036122, -0.00111434119754, -0.000816575542558, -0.00183306564577, 0.000851022079587, -0.00342942099087, 0.015428812243, -0.00552042387426, 0.00244962051511, 0.000228564065765, -0.00209347531199, 0.00184467376675], [-0.00099142966792, 0.00126330670901, 0.000934325624257, 0.000661304569803, -0.00155397306662, -0.000705104554072, 0.0023961472325, -0.00552042387426, 0.0192133914679, -0.00591770652682, 0.000712680222932, 0.00234672846273, -0.000516495783813], [0.000412052380852, -0.000945929787122, 0.00131316203624, -0.00153049908113, 0.00263672578149, -0.000304557412164, -0.0022345057223, 0.00244962051511, -0.00591770652682, 0.0157794710249, -0.00635619275272, 0.00535724265501, -0.00138095102739], [-0.000562268949579, -6.6315420554e-05, -0.00181107444223, 0.00445945840329, -0.00185416045133, -0.000745185476262, 0.00108843389899, 0.000228564065765, 0.000712680222932, -0.00635619275272, 0.0195838157088, -0.0109520880505, 0.00637842155993], [0.000466266239528, -9.28626104724e-05, 2.70940672635e-05, -0.00288973469287, 0.0018537833821, 0.000816583924461, 0.0024410574697, -0.00209347531199, 0.00234672846273, 0.00535724265501, -0.0109520880505, 0.0207172818482, -0.00568878464401], [0.000487909739604, 0.000869876355864, -0.000479019334307, 0.000568711780943, -0.000716353999451, 0.000806921860203, -0.00365191115998, 0.00184467376675, -0.000516495783813, -0.00138095102739, 0.00637842155993, -0.00568878464401, 0.0131834419444]]
    },
    "spectral_contrast_coeffs": {
        "max": [-0.456385076046, -0.500379323959, -0.49098867178, -0.629497051239, -0.553745806217, -0.539567768574],
        "mean": [-0.717280387878, -0.761418163776, -0.727931261063, -0.774270236492, -0.744462192059, -0.734115242958],
        "min": [-0.880049467087, -0.921483337879, -0.91060256958, -0.891164302826, -0.878017902374, -0.840724408627],
        "stdev": [0.068680524826, 0.0658029392362, 0.0771327167749, 0.0468478873372, 0.0502112917602, 0.0362644530833]
    },
    "spectral_contrast_valleys": {
        "max": [-5.42925596237, -5.49594020844, -5.92492008209, -6.26074647903, -5.57550477982, -7.8053150177],
        "mean": [-6.98226547241, -6.88014602661, -7.34076595306, -7.53637886047, -6.80936670303, -9.34294128418],
        "min": [-9.1458978653, -8.64396286011, -9.10123920441, -8.84622764587, -8.28509998322, -11.3176336288],
        "stdev": [0.535758912563, 0.482756018639, 0.48735871911, 0.436646789312, 0.381423592567, 0.5807467103]
    }
},
"rhythm": {
    "beats_count": 91,
    "beats_loudness": {
        "max": 0.0425469130278,
        "mean": 0.0270494986326,
        "min": 0.0119066461921,
        "stdev": 0.00618246430531
    },
    "bpm": 112.419647217,
    "bpm_histogram_first_peak_bpm": 112,
    "bpm_histogram_first_peak_weight": 0.318181812763,
    "bpm_histogram_second_peak_bpm": 117,
    "bpm_histogram_second_peak_spread": 0,
    "bpm_histogram_second_peak_weight": 0.0222222227603,
    "danceability": 1.65351855755,
    "onset_rate": 3.650390625,
    "beats_loudness_band_ratio": {
        "max": [0.905440866947, 0.57824164629, 0.493950903416, 0.638589560986, 0.343854784966, 0.916491985321],
        "mean": [0.328339278698, 0.117212802172, 0.106928259134, 0.143873423338, 0.097157612443, 0.227505385876],
        "min": [0.0186849012971, 0.015256697312, 0.0104132629931, 0.00472413143143, 0.00861366838217, 0.0375514216721],
        "stdev": [0.215397179127, 0.11201299727, 0.104278706014, 0.148208618164, 0.0687791705132, 0.140976622701]
    },
