{
"metadata": {
    "version": {
        "essentia": "2.1-beta5",
        "essentia_git_sha": "Undefined",
        "extractor": "music 2.0"
    },
    "audio_properties": {
        "analysis": {
            "equal_loudness": 0,
            "length": 32.4963264465,
            "sample_rate": 44100,
            "start_time": 126.490699768,
            "downmix": "mix"
        },
        "bit_rate": 192000,
        "length": 232.594284058,
        "lossless": 0,
        "number_channels": 2,
        "replay_gain": -2.90892982483,
        "sample_rate": 48000,
        "codec": "mp3",
        "md5_encoded": "0182229c7e78b395582c45ad1ac8e94f"
    },
    "tags": {
        "file_name": "United KingdomUK_I_m Never Giving Up_Sweet Dreams.mp3",
        "encoding": ["Lavf58.29.100"]
    }
},
"lowlevel": {
    "average_loudness": 0.981450259686,
    "barkbands_crest": {
        "max": 21.256734848,
        "mean": 6.30691194534,
        "min": 2.17623853683,
        "stdev": 2.87461829185
    },
    "barkbands_flatness_db": {
        "max": 0.209936410189,
        "mean": 0.100009284914,
        "min": 0.0438902229071,
        "stdev": 0.0207910910249
    },
    "barkbands_kurtosis": {
        "max": 9.40743637085,
        "mean": -0.513991355896,
        "min": -1.85960066319,
        "stdev": 1.09630692005
    },
    "barkbands_skewness": {
        "max": 3.20974636078,
        "mean": 0.315173655748,
        "min": -1.88696265221,
        "stdev": 0.663524627686
    },
    "barkbands_spread": {
        "max": 67.9352798462,
        "mean": 34.9457168579,
        "min": 10.5770168304,
        "stdev": 10.4929866791
    },
    "dissonance": {
        "max": 0.499962687492,
        "mean": 0.478016525507,
        "min": 0.398708194494,
        "stdev": 0.0161454603076
    },
    "dynamic_complexity": 1.07668638229,
    "erbbands_crest": {
        "max": 25.9893398285,
        "mean": 7.76480197906,
        "min": 2.54034471512,
        "stdev": 3.56227874756
    },
    "erbbands_flatness_db": {
        "max": 0.263318151236,
        "mean": 0.166858702898,
        "min": 0.0860746279359,
        "stdev": 0.0321889407933
    },
    "erbbands_kurtosis": {
        "max": 15.70753479,
        "mean": -0.228996485472,
        "min": -1.75055992603,
        "stdev": 1.24714720249
    },
    "erbbands_skewness": {
        "max": 1.95341181755,
        "mean": -0.283288091421,
        "min": -3.72260594368,
        "stdev": 0.692848145962
    },
    "erbbands_spread": {
        "max": 97.9396514893,
        "mean": 38.2527084351,
        "min": 11.8789291382,
        "stdev": 13.3825502396
    },
    "hfc": {
        "max": 125.351531982,
        "mean": 32.6100463867,
        "min": 0.426311910152,
        "stdev": 14.7829113007
    },
    "loudness_ebu128": {
        "integrated": -20.3147201538,
        "loudness_range": 0.779083251953,
        "momentary": {
            "max": -18.5928630829,
            "mean": -20.3877792358,
            "min": -23.3512153625,
            "stdev": 0.822288930416
        },
        "short_term": {
            "max": -19.5980033875,
            "mean": -20.3675937653,
            "min": -20.9202899933,
            "stdev": 0.25999891758
        }
    },
    "melbands_crest": {
        "max": 29.8224601746,
        "mean": 9.23038959503,
        "min": 2.98230576515,
        "stdev": 4.38268709183
    },
    "melbands_flatness_db": {
        "max": 0.214919164777,
        "mean": 0.103644244373,
        "min": 0.0327397435904,
        "stdev": 0.0283918064088
    },
    "melbands_kurtosis": {
        "max": 54.7252426147,
        "mean": 2.61684989929,
        "min": -1.86591935158,
        "stdev": 4.5945110321
    },
    "melbands_skewness": {
        "max": 6.82912969589,
        "mean": 1.38455665112,
        "min": -0.530646026134,
        "stdev": 0.894453406334
    },
    "melbands_spread": {
        "max": 186.452438354,
        "mean": 52.943271637,
        "min": 9.32670116425,
        "stdev": 21.666852951
    },
    "pitch_salience": {
        "max": 0.815399646759,
        "mean": 0.631769120693,
        "min": 0.292889475822,
        "stdev": 0.0799261406064
    },
    "silence_rate_20dB": {
        "max": 1,
        "mean": 1,
        "min": 1,
        "stdev": 0
    },
    "silence_rate_30dB": {
        "max": 1,
        "mean": 1,
        "min": 1,
        "stdev": 0
    },
    "silence_rate_60dB": {
        "max": 1,
        "mean": 0.000713775865734,
        "min": 0,
        "stdev": 0.0267070475966
    },
    "spectral_centroid": {
        "max": 4557.89746094,
        "mean": 2488.07568359,
        "min": 856.212036133,
        "stdev": 512.876342773
    },
    "spectral_complexity": {
        "max": 52,
        "mean": 30.364025116,
        "min": 0,
        "stdev": 8.0125837326
    },
    "spectral_decrease": {
        "max": -3.27696828006e-11,
        "mean": -4.34082769729e-09,
        "min": -1.47023548891e-08,
        "stdev": 1.76416548037e-09
    },
    "spectral_energy": {
        "max": 0.0588059239089,
        "mean": 0.0193411037326,
        "min": 0.000162348165759,
        "stdev": 0.00744309136644
    },
    "spectral_energyband_high": {
        "max": 0.0205304212868,
        "mean": 0.00231233029626,
        "min": 3.81693826057e-05,
        "stdev": 0.00169057201128
    },
    "spectral_energyband_low": {
        "max": 0.0256232786924,
        "mean": 0.00242614536546,
        "min": 4.87497891299e-06,
        "stdev": 0.00337695353664
    },
    "spectral_energyband_middle_high": {
        "max": 0.023599550128,
        "mean": 0.00887508317828,
        "min": 7.88669785834e-05,
        "stdev": 0.00497833872214
    },
    "spectral_energyband_middle_low": {
        "max": 0.0447841249406,
        "mean": 0.00698236515746,
        "min": 3.92731308239e-05,
        "stdev": 0.00477551063523
    },
    "spectral_entropy": {
        "max": 8.70160675049,
        "mean": 7.84898328781,
        "min": 7.28200721741,
        "stdev": 0.204496115446
    },
    "spectral_flux": {
        "max": 0.204703554511,
        "mean": 0.0853360965848,
        "min": 0.0322493761778,
        "stdev": 0.0252566095442
    },
    "spectral_kurtosis": {
        "max": 12.1902389526,
        "mean": 2.46112918854,
        "min": -0.449586391449,
        "stdev": 1.32755708694
    },
    "spectral_rms": {
        "max": 0.00757440645248,
        "mean": 0.00426496798173,
        "min": 0.0003979804751,
        "stdev": 0.000824277114589
    },
    "spectral_rolloff": {
        "max": 7321.2890625,
        "mean": 3404.79931641,
        "min": 258.3984375,
        "stdev": 1092.83105469
    },
    "spectral_skewness": {
        "max": 2.48147177696,
        "mean": 0.887889266014,
        "min": -0.195515394211,
        "stdev": 0.256232768297
    },
    "spectral_spread": {
        "max": 17093084,
        "mean": 4055307.25,
        "min": 2093242.25,
        "stdev": 1000516.3125
    },
    "spectral_strongpeak": {
        "max": 9.91962528229,
        "mean": 1.55089402199,
        "min": 0.0221377853304,
        "stdev": 1.54013252258
    },
    "zerocrossingrate": {
        "max": 0.22900390625,
        "mean": 0.105113953352,
        "min": 0.03369140625,
        "stdev": 0.0245115179569
    },
    "barkbands": {
        "max": [0.000515700608958, 0.0147822154686, 0.0129574956372, 0.0311401318759, 0.0218381602317, 0.0177893936634, 0.0129358395934, 0.0114659629762, 0.0116070667282, 0.0222171191126, 0.0121165290475, 0.0164304319769, 0.0155060440302, 0.0101829757914, 0.00665403483436, 0.00430863397196, 0.00643008807674, 0.00732736568898, 0.00730436248705, 0.00972760096192, 0.00450608506799, 0.0131235346198, 0.00980659853667, 0.00127597467508, 0.000393918802729, 8.3033402916e-05, 2.18742352445e-05],
        "mean": [5.41109657206e-05, 0.0010387605289, 0.000845859525725, 0.00109675351996, 0.00147819728591, 0.00119104923215, 0.000959573837463, 0.000702524965163, 0.000572808610741, 0.00183271663263, 0.00115468411241, 0.0007107440033, 0.000357779324986, 0.000770925951656, 0.000473232154036, 0.000409520842368, 0.000538658874575, 0.00114272907376, 0.00109341461211, 0.00125232199207, 0.000738292117603, 0.000405206112191, 0.000321983621689, 0.000130129599711, 6.03609332757e-05, 8.76731792232e-06, 1.75384329282e-08],
        "min": [7.09822529643e-08, 2.15468639908e-06, 5.45987859368e-07, 2.4549225941e-07, 2.43950512413e-06, 9.07182038645e-06, 1.4399450265e-05, 6.5379967964e-06, 3.56087480213e-06, 1.73508828993e-06, 4.90242746309e-06, 2.22339258471e-06, 3.89485558117e-06, 1.44161595017e-06, 3.60010085387e-06, 3.53166228706e-06, 4.12394592786e-06, 3.55177762685e-05, 1.2135945326e-05, 1.67450907611e-05, 1.52551456267e-05, 5.96983363721e-06, 2.98747249872e-06, 2.04854745789e-06, 8.70186909196e-07, 4.01242310488e-08, 7.29596105753e-11],
        "stdev": [6.29920104984e-05, 0.00149036454968, 0.00146254978608, 0.00253624445759, 0.00171931344084, 0.00126438064035, 0.00115180097055, 0.000934175448492, 0.000895087781828, 0.00311748613603, 0.00164984702133, 0.00103044777643, 0.000904753629584, 0.00106086232699, 0.000698347983416, 0.000542805355508, 0.000672872993164, 0.00103351077996, 0.000963456521276, 0.00119433528744, 0.000594149052631, 0.000583490531426, 0.000529817596544, 0.000139405878144, 6.64447215968e-05, 1.18955385915e-05, 5.84206304666e-07]
    },
    "erbbands": {
        "max": [0.272497922182, 3.85172772408, 13.4087934494, 59.4755401611, 81.2566299438, 68.8308029175, 110.315299988, 102.709991455, 203.877822876, 298.431549072, 314.293487549, 331.89730835, 785.853027344, 727.051513672, 504.147521973, 479.216308594, 853.360595703, 501.879211426, 356.395751953, 461.784637451, 294.666595459, 392.471618652, 444.518676758, 500.090270996, 451.742889404, 535.163024902, 246.185913086, 227.917129517, 451.783294678, 273.897796631, 305.521820068, 63.3294677734, 19.880657196, 4.76228284836, 3.02338790894, 0.837121069431, 0.0892757773399, 0.0145733812824, 0.00314428983256, 0.000321465719026],
        "mean": [0.0242975987494, 0.257028877735, 0.937117516994, 2.39956641197, 4.44577455521, 4.92756891251, 6.56248521805, 10.0532941818, 13.5840063095, 15.777671814, 14.3288621902, 14.8873853683, 56.3614883423, 37.7866592407, 45.4555473328, 33.1236381531, 20.5288848877, 38.9074249268, 23.2093582153, 29.9344329834, 21.5015621185, 30.4539165497, 55.8726577759, 61.9647293091, 57.1612472534, 61.6058235168, 40.9438438416, 21.3940982819, 14.6219730377, 12.313952446, 8.28216934204, 3.72572922707, 1.77095961571, 0.745699644089, 0.396305769682, 0.0840758159757, 0.0094629181549, 0.000387377134757, 3.35306067427e-05, 2.94808305625e-05],
        "min": [8.51216464071e-05, 0.00027854371001, 0.000537564046681, 0.00126479566097, 0.00151739292778, 0.0105600301176, 0.0227941740304, 0.0978928357363, 0.231842845678, 0.180825188756, 0.142931848764, 0.0774736255407, 0.0739282146096, 0.105370417237, 0.181883662939, 0.0821016505361, 0.149757042527, 0.107857890427, 0.169225081801, 0.185750052333, 0.230914607644, 0.346653342247, 2.35560369492, 0.788439810276, 0.571801543236, 0.613020300865, 0.832898139954, 0.421120643616, 0.170542180538, 0.200333148241, 0.0720617473125, 0.0424286462367, 0.0373252257705, 0.0124968197197, 0.00403551151976, 0.000872677308507, 9.65680519585e-05, 5.85040925216e-06, 2.16689841182e-06, 4.22856572868e-07],
        "stdev": [0.0284063313156, 0.4136056602, 1.66677725315, 4.72303628922, 7.99843835831, 5.60087394714, 8.1695098877, 10.6259460449, 16.1483211517, 20.4309825897, 19.1743717194, 22.4478492737, 101.47051239, 68.760383606, 62.6801452637, 44.7221183777, 46.6149749756, 51.4263954163, 29.2902641296, 42.5639762878, 27.8205432892, 36.5059585571, 50.2135696411, 55.8770866394, 55.1973342896, 59.2329139709, 31.4605636597, 19.5809173584, 20.6589775085, 18.2904949188, 14.488032341, 4.52674674988, 1.88911521435, 0.78669989109, 0.464792758226, 0.109440676868, 0.0131951458752, 0.000664235500153, 8.57611012179e-05, 1.3514456441e-05]
    },
    "gfcc": {
        "mean": [29.4810256958, 74.6220397949, -154.451919556, 56.7216262817, -79.5183944702, 13.8638105392, -34.3256072998, 10.5526428223, -29.5305976868, -1.60201227665, -8.61606407166, -3.45539045334, -5.70688486099],
        "cov": [[565.443359375, -213.003372192, 146.774032593, 57.424987793, -6.7356338501, 70.9851989746, -32.0335159302, 24.6598072052, -54.4181480408, 34.3600654602, -62.3971595764, 12.4222364426, -56.291229248], [-213.003372192, 455.259674072, -115.035644531, 47.8319091797, 56.1283035278, -81.5725860596, 81.0761260986, -48.515827179, 66.9425430298, -62.4002075195, 77.7038650513, -63.2828903198, 40.9261436462], [146.774032593, -115.035644531, 485.059906006, 56.083240509, -35.1150131226, 42.8675689697, -161.9427948, 56.5204124451, -25.7513751984, 36.5912322998, -95.3237609863, 66.6811294556, -92.9010620117], [57.424987793, 47.8319091797, 56.083240509, 221.042007446, 36.5958633423, -52.5601577759, -20.6342048645, -17.9689159393, 68.1281356812, -24.2275829315, 3.11743855476, -15.56001091, -11.0226049423], [-6.7356338501, 56.1283035278, -35.1150131226, 36.5958633423, 124.325828552, 7.50380849838, 2.03675246239, 14.6292562485, 0.731167852879, 7.99170541763, -3.8948776722, -14.3454017639, 11.5060281754], [70.9851989746, -81.5725860596, 42.8675689697, -52.5601577759, 7.50380849838, 174.472381592, 71.524848938, -12.2607660294, -67.3031692505, -5.58375597, -11.3642616272, 15.3673143387, -2.20366692543], [-32.0335159302, 81.0761260986, -161.9427948, -20.6342048645, 2.03675246239, 71.524848938, 212.974456787, -13.5843133926, -38.5016975403, -39.3725700378, 64.5054092407, -30.3893699646, 30.9635791779], [24.6598072052, -48.515827179, 56.5204124451, -17.9689159393, 14.6292562485, -12.2607660294, -13.5843133926, 91.4368896484, 14.966504097, 20.390789032, -21.4245376587, 15.1445579529, -9.98732566833], [-54.4181480408, 66.9425430298, -25.7513751984, 68.1281356812, 0.731167852879, -67.3031692505, -38.5016975403, 14.966504097, 124.279655457, 11.4389324188, 4.3112487793, -7.38679265976, 10.3486280441], [34.3600654602, -62.4002075195, 36.5912322998, -24.2275829315, 7.99170541763, -5.58375597, -39.3725700378, 20.390789032, 11.4389324188, 82.2112121582, 6.779047966, 15.9563884735, -19.7668113708], [-62.3971595764, 77.7038650513, -95.3237609863, 3.11743855476, -3.8948776722, -11.3642616272, 64.5054092407, -21.4245376587, 4.3112487793, 6.779047966, 94.5450744629, 2.91959357262, 11.0101242065], [12.4222364426, -63.2828903198, 66.6811294556, -15.56001091, -14.3454017639, 15.3673143387, -30.3893699646, 15.1445579529, -7.38679265976, 15.9563884735, 2.91959357262, 68.7555999756, 1.80073416233], [-56.291229248, 40.9261436462, -92.9010620117, -11.0226049423, 11.5060281754, -2.20366692543, 30.9635791779, -9.98732566833, 10.3486280441, -19.7668113708, 11.0101242065, 1.80073416233, 69.7487792969]],
        "icov": [[0.00280025880784, -0.000132530607516, 0.0011360978242, -0.00279607018456, 0.00172071205452, -0.00171851459891, 0.000720807758626, -0.00172843516339, 0.00259046396241, -0.00232901447453, 0.00209920946509, -0.000220096611883, 0.00113336346112], [-0.000132530607516, 0.0104783223942, -0.00900133792311, 0.00923907663673, -0.0113655328751, 0.00908426381648, -0.0078609297052, 0.0105330813676, -0.011202740483, 0.0101347249001, -0.00970909651369, 0.0072473641485, -0.00374472746626], [0.0011360978242, -0.00900133792311, 0.0152076948434, -0.013086262159, 0.0135307228193, -0.0120044359937, 0.0114722624421, -0.0139389866963, 0.013612373732, -0.0101427603513, 0.0114812050015, -0.00943999923766, 0.0082232914865], [-0.00279607018456, 0.00923907663673, -0.013086262159, 0.0206858851016, -0.0168283134699, 0.0131534794345, -0.0109380073845, 0.0163197927177, -0.0187386255711, 0.0149341486394, -0.011357315816, 0.00657855067402, -0.00281906872988], [0.00172071205452, -0.0113655328751, 0.0135307228193, -0.0168283134699, 0.0253422278911, -0.0144646940753, 0.0126252640039, -0.0180708970875, 0.0175679549575, -0.01524175331, 0.0114782284945, -0.00473601510748, 0.00197472376749], [-0.00171851459891, 0.00908426381648, -0.0120044359937, 0.0131534794345, -0.0144646940753, 0.0214055888355, -0.0156990550458, 0.0161243099719, -0.010701617226, 0.00878424849361, -0.00458975927904, 0.00209719967097, -0.00353955756873], [0.000720807758626, -0.0078609297052, 0.0114722624421, -0.0109380073845, 0.0126252640039, -0.0156990550458, 0.0215114522725, -0.0160478539765, 0.0132944891229, -0.00414532143623, -0.00130334682763, 0.000628735520877, 0.00136206345633], [-0.00172843516339, 0.0105330813676, -0.0139389866963, 0.0163197927177, -0.0180708970875, 0.0161243099719, -0.0160478539765, 0.0306663028896, -0.0184383671731, 0.00924740545452, -0.00489694392309, 0.00214261235669, -0.00248237652704], [0.00259046396241, -0.011202740483, 0.013612373732, -0.0187386255711, 0.0175679549575, -0.010701617226, 0.0132944891229, -0.0184383671731, 0.0293774735183, -0.0161915812641, 0.0112771438435, -0.00583048490807, 0.00147830066271], [-0.00232901447453, 0.0101347249001, -0.0101427603513, 0.0149341486394, -0.01524175331, 0.00878424849361, -0.00414532143623, 0.00924740545452, -0.0161915812641, 0.0301464330405, -0.0168908406049, 0.0059227491729, 0.000439672206994], [0.00209920946509, -0.00970909651369, 0.0114812050015, -0.011357315816, 0.0114782284945, -0.00458975927904, -0.00130334682763, -0.00489694392309, 0.0112771438435, -0.0168908406049, 0.031879901886, -0.0155195724219, 0.00763571215793], [-0.000220096611883, 0.0072473641485, -0.00943999923766, 0.00657855067402, -0.00473601510748, 0.00209719967097, 0.000628735520877, 0.00214261235669, -0.00583048490807, 0.0059227491729, -0.0155195724219, 0.0291898064315, -0.0108489822596], [0.00113336346112, -0.00374472746626, 0.0082232914865, -0.00281906872988, 0.00197472376749, -0.00353955756873, 0.00136206345633, -0.00248237652704, 0.00147830066271, 0.000439672206994, 0.00763571215793, -0.0108489822596, 0.0255388747901]]
    },
    "melbands": {
        "max": [0.00326337339357, 0.00578659353778, 0.0111962677911, 0.00554391136393, 0.00316066015512, 0.00263436255045, 0.00303990254179, 0.00308418879285, 0.00244556856342, 0.0018497472629, 0.00403312314302, 0.00310092442669, 0.00193852302618, 0.00236078514718, 0.00108428101521, 0.00130317755975, 0.00114833109546, 0.000539580709301, 0.000515901891049, 0.000405014434364, 0.000402669626055, 0.000523425871506, 0.000356539909262, 0.000553260906599, 0.000459673203295, 0.000352870556526, 0.000484863150632, 0.000388636137359, 0.000196736524231, 0.000156428533955, 0.000176241912413, 0.000272352597676, 0.000239222485106, 0.000160120122018, 0.000196537483134, 0.000107723048131, 2.14790252357e-05, 1.51414342326e-05, 7.52658479541e-06, 3.95660981667e-06],
        "mean": [0.000255671766354, 0.000446335150627, 0.000485716795083, 0.000335143675329, 0.000228079530643, 0.000231309822993, 0.000207780030905, 0.000165825040312, 0.000114467031381, 8.67367707542e-05, 0.000283179571852, 0.000145997473737, 0.000172496103914, 8.18658736534e-05, 6.39953286736e-05, 3.82637226721e-05, 7.88797333371e-05, 3.70895177184e-05, 3.74893170374e-05, 3.47693821823e-05, 2.43036265601e-05, 2.89709387289e-05, 4.34553621744e-05, 5.61118904443e-05, 4.98215631524e-05, 3.80681776733e-05, 4.27336490247e-05, 3.97006151616e-05, 2.83656227111e-05, 1.78000900632e-05, 1.04465152617e-05, 8.44770238473e-06, 7.10012500349e-06, 6.80871698933e-06, 5.11295047545e-06, 3.29478734784e-06, 1.88198225715e-06, 1.32335242142e-06, 8.51638503718e-07, 5.72378098695e-07],
        "min": [1.05454148525e-06, 3.04313942934e-07, 2.02225152179e-07, 3.87931692103e-07, 7.61030264584e-07, 2.22498329094e-06, 3.52620963895e-06, 1.81281279765e-06, 1.08894766981e-06, 4.56774898794e-07, 3.46202000401e-07, 3.68756246871e-07, 6.80832442868e-07, 3.27972031755e-07, 1.36008651452e-07, 4.51249434263e-07, 1.50204130023e-07, 2.52384040778e-07, 2.47521057872e-07, 2.29552966857e-07, 2.94707604098e-07, 2.15816157834e-07, 1.05052868093e-06, 1.75075933839e-06, 5.5639236507e-07, 3.00634980022e-07, 4.76588155607e-07, 4.14254543557e-07, 5.40696021289e-07, 5.13643328759e-07, 1.64754823118e-07, 8.71670593483e-08, 1.11770219746e-07, 1.03231315052e-07, 3.95952390875e-08, 3.64107357598e-08, 2.29694627762e-08, 2.79248020263e-08, 2.05506136552e-08, 7.61328777799e-09],
        "stdev": [0.000323382089846, 0.000736128771678, 0.000944536004681, 0.000429973821156, 0.000256162835285, 0.000238454842474, 0.000245931150857, 0.000215155625483, 0.00015630114649, 0.000133034365717, 0.000521474517882, 0.000287422997644, 0.000252884550719, 0.00012730252638, 9.40239333431e-05, 7.44659555494e-05, 0.000111868750537, 4.91444807267e-05, 5.42994093848e-05, 4.8675618018e-05, 3.59313016816e-05, 4.21404838562e-05, 4.39662399003e-05, 5.52291458007e-05, 4.83188632643e-05, 3.75378731405e-05, 4.81491879327e-05, 3.93900809286e-05, 2.43649119511e-05, 1.63006989169e-05, 1.15261063911e-05, 1.24570951812e-05, 1.09975453597e-05, 1.06659690573e-05, 9.6035983006e-06, 5.04859053763e-06, 2.17103229261e-06, 1.46554566527e-06, 9.25802453366e-07, 6.28934571978e-07]
    },
    "melbands128": {
        "max": [0.000412647263147, 0.00173493626062, 0.00443037692457, 0.00721049495041, 0.00823751371354, 0.00635996600613, 0.0119434846565, 0.0161939878017, 0.00911402702332, 0.00584892788902, 0.0037699546665, 0.00481912912801, 0.00443287752569, 0.00764074968174, 0.00253148563206, 0.00346479425207, 0.00381682580337, 0.00560463918373, 0.00264475261793, 0.00549698248506, 0.0032728377264, 0.0024643058423, 0.00430723000318, 0.00238474481739, 0.00393351819366, 0.00244497763924, 0.00277450215071, 0.00772035401314, 0.00359531748109, 0.00472097657621, 0.00492097111419, 0.00245167594403, 0.00405410118401, 0.00223062373698, 0.00361769576557, 0.0030121030286, 0.00176769960672, 0.00135515071452, 0.00269546918571, 0.00360017106868, 0.000476088665891, 0.00129806098994, 0.00129960488994, 0.0024319018703, 0.000961413315963, 0.00120195548516, 0.00169939652551, 0.000790048041381, 0.000990833621472, 0.001198902959, 0.000558188650757, 0.000679709075484, 0.000850511889439, 0.000574000703637, 0.00101706432179, 0.00114312069491, 0.00076831021579, 0.000850723474286, 0.000593043398112, 0.000905063760001, 0.00110686966218, 0.000710402266122, 0.000829181110021, 0.000575011479668, 0.000455084547866, 0.000624785374384, 0.000472905085189, 0.000931710004807, 0.000590175855905, 0.000743043667171, 0.000511424441356, 0.000398738513468, 0.00034457462607, 0.000354361109203, 0.00026517076185, 0.000268936739303, 0.000210989906918, 0.000154162087711, 0.000138734234497, 0.000425135542173, 0.000243468777626, 0.000200040623895, 0.000313261989504, 0.000276890350506, 0.000164202036103, 0.000212961531361, 0.000172208980075, 0.000192461026018, 0.000211857506656, 0.000217660519411, 0.000162131604156, 6.77261996316e-05, 2.33519785979e-05, 2.54518454312e-05, 2.6896057534e-05, 2.13439252548e-05, 1.31149781737e-05, 1.85216576938e-05, 9.28565532377e-06, 6.5861463554e-06, 2.91018523058e-06, 6.0468760239e-06, 7.57044290367e-06, 5.34316359335e-06, 5.34979017175e-06, 5.36243624083e-06, 4.02149771617e-06, 1.76397384166e-06, 2.05808169085e-06, 1.07604819277e-06, 6.53581139431e-07, 7.79556160069e-07, 3.66418817066e-07, 2.19961918901e-07, 1.22180495055e-07, 1.14065514367e-07, 1.08091974482e-07, 1.04335263984e-07, 1.00765312538e-07, 9.74420473199e-08, 9.44593239183e-08, 9.19299267821e-08, 8.98696086438e-08, 8.80528148173e-08, 8.64874394324e-08, 8.53071000506e-08, 8.44206908823e-08, 8.39036076172e-08],
        "mean": [4.44447250629e-05, 0.000167715552379, 0.000330511596985, 0.000449583254522, 0.000483824464027, 0.000397091469495, 0.0004610256874, 0.000578030187171, 0.000442427233793, 0.000325823522871, 0.000262419634964, 0.000228678894928, 0.000220039670239, 0.000228884688113, 0.000204187032068, 0.00026712359977, 0.000233106358792, 0.000198512774659, 0.000167142017744, 0.000202419920242, 0.000147547732922, 0.000102208083263, 0.000132042332552, 8.63409295562e-05, 0.000101352095953, 4.91970131407e-05, 0.000138113900903, 0.00047647987958, 0.000224715768127, 0.000123305813759, 0.000127389343106, 0.000139677038533, 0.000269707117695, 0.000108198575617, 5.04477757204e-05, 8.26105606393e-05, 0.000126562925288, 4.23021665483e-05, 4.96697284689e-05, 4.54927721876e-05, 1.8606255253e-05, 5.52130877622e-05, 8.11449353932e-05, 0.000114082962682, 3.0673098081e-05, 2.44597940764e-05, 3.63738508895e-05, 2.9374490623e-05, 3.64624356735e-05, 6.07528418186e-05, 2.64526424871e-05, 2.32586517086e-05, 2.07243538171e-05, 2.31581070693e-05, 3.57311146217e-05, 2.58705385932e-05, 2.55244685832e-05, 4.17299161199e-05, 5.03358351125e-05, 4.81014649267e-05, 5.66373528272e-05, 6.02449072176e-05, 6.20334249106e-05, 4.69681399409e-05, 2.95587215078e-05, 3.340335752e-05, 4.76857894682e-05, 4.32924316556e-05, 3.60193334927e-05, 4.93316874781e-05, 4.58692738903e-05, 3.09697024932e-05, 3.19921236951e-05, 3.0935909308e-05, 1.87403747987e-05, 2.12287795875e-05, 1.55948018801e-05, 1.07719151856e-05, 9.91568776953e-06, 1.02426392914e-05, 8.52055109135e-06, 7.78227786213e-06, 7.78361027187e-06, 6.91220975568e-06, 6.5671529228e-06, 7.34101968192e-06, 6.87165356794e-06, 5.81698714086e-06, 5.28854570803e-06, 4.34641333413e-06, 3.9236019802e-06, 3.01341788145e-06, 2.1991002086e-06, 1.83938720966e-06, 1.76437765731e-06, 1.42840156059e-06, 1.28757892526e-06, 1.03298668819e-06, 1.01556452137e-06, 6.880119372e-07, 3.74637750156e-07, 5.85385237173e-07, 7.44707563172e-07, 6.02659156357e-07, 4.44592842541e-07, 3.49194777982e-07, 2.71009241715e-07, 1.62858583508e-07, 1.235931677e-07, 8.87302249453e-08, 5.47775016457e-08, 4.03583442221e-08, 1.33450672735e-08, 1.1199166039e-08, 3.95902821637e-09, 4.63358795777e-10, 1.39782505015e-10, 7.78503719823e-11, 7.51820133926e-11, 7.27070070816e-11, 7.04811070618e-11, 6.86046150444e-11, 6.70853442242e-11, 6.57110962865e-11, 6.44313005727e-11, 6.33460436883e-11, 6.25774501661e-11, 6.21775131382e-11],
        "min": [6.82900491711e-08, 3.63206709153e-07, 4.12421002238e-07, 3.65876815067e-07, 2.42796801331e-07, 2.89573478085e-07, 2.89355909899e-07, 1.47522996485e-07, 7.66504513194e-08, 2.93386307249e-07, 1.83682672628e-07, 5.99080067332e-07, 6.59449028717e-07, 8.54597715261e-07, 5.11333951181e-07, 1.65583060152e-06, 1.84991324659e-06, 4.32161073149e-07, 5.26994881511e-07, 1.22449375795e-06, 1.30012665522e-06, 5.10659958763e-07, 6.79038919316e-07, 3.36895283226e-07, 1.34758323611e-07, 3.53933728547e-07, 4.93421111969e-07, 4.28616374393e-07, 1.4534185766e-07, 1.14139858454e-07, 3.32718258278e-07, 2.39690336912e-07, 1.49251519588e-07, 3.05044579818e-07, 2.56992251479e-07, 1.93995049358e-07, 1.04095576603e-07, 9.16452904676e-08, 7.54029230166e-08, 8.91876084097e-08, 1.04931032752e-07, 1.32294374566e-07, 7.91477958728e-08, 5.04572064131e-08, 1.94560016098e-07, 2.24379320457e-07, 8.96200589295e-08, 6.85485659346e-08, 3.97369532834e-08, 1.37403176836e-07, 1.68145774637e-07, 1.27423319896e-07, 1.12789905415e-07, 8.0461020957e-08, 4.26610625937e-07, 1.07450794928e-07, 1.03159131015e-07, 2.03632524176e-07, 4.29376768807e-07, 3.32357018351e-07, 7.36220499675e-07, 9.00397907344e-08, 5.46379169464e-07, 7.11356847205e-07, 1.99774575549e-07, 1.0849088028e-07, 4.39404630015e-07, 3.96846303374e-07, 3.01817067339e-07, 1.69362806446e-07, 3.2412293649e-07, 4.09164556459e-07, 5.20072489962e-07, 3.13677332997e-07, 2.70966893368e-07, 2.88360098466e-07, 2.01795927524e-07, 1.60460146503e-07, 1.08372141483e-07, 1.34059362722e-07, 7.37921155292e-08, 6.24217264544e-08, 1.0329812028e-07, 6.8313241286e-08, 5.85128532293e-08, 9.67653406292e-08, 8.94151312991e-08, 6.69334099257e-08, 2.34808759103e-08, 2.77196718912e-08, 4.59514630791e-08, 3.49200668381e-08, 2.19332392248e-08, 8.7415790162e-09, 1.77524484002e-08, 1.23681296316e-08, 6.14368156349e-09, 4.48752413007e-09, 7.36475458396e-09, 2.65744759531e-09, 2.60093613313e-10, 4.0735543827e-09, 3.13662629203e-09, 4.74286343533e-09, 2.55063914434e-10, 2.40148412267e-09, 6.15496209555e-10, 5.25093380235e-12, 8.23356799406e-11, 3.08151074102e-11, 6.71952597731e-12, 6.50183682935e-13, 4.2028392485e-13, 3.41502921861e-13, 2.84269461269e-13, 3.086739306e-13, 1.89249535639e-13, 2.09851707951e-13, 2.67584484301e-13, 2.63653519589e-13, 2.67369676746e-13, 2.8005562821e-13, 2.24739714685e-13, 2.32357264939e-13, 1.78683307842e-13, 7.61276485644e-14, 1.03143057992e-14, 3.82885308999e-16],
        "stdev": [5.42282723472e-05, 0.000207861783565, 0.000460982177174, 0.000802229566034, 0.000948813860305, 0.000665728352033, 0.000910455768462, 0.00141502323095, 0.000846239505336, 0.000412137364037, 0.000343425112078, 0.000311185518513, 0.000336613622494, 0.000376256211894, 0.000278232619166, 0.000338592479238, 0.000290689931717, 0.00039721961366, 0.000260975997662, 0.000344217667589, 0.000273644458503, 0.000155193745741, 0.000255674269283, 0.000182608680916, 0.000254553393461, 0.000106388353743, 0.00020686352218, 0.00100542535074, 0.000479852897115, 0.000380371289793, 0.000415945512941, 0.000239658198552, 0.000480102084111, 0.000219530906179, 0.000149596118717, 0.000184767792234, 0.000199959074962, 9.12414616323e-05, 0.000171848325408, 0.000174473927473, 3.69506888092e-05, 0.000101892001112, 0.000134220390464, 0.000217489112401, 6.20927748969e-05, 5.83560649829e-05, 9.37850418268e-05, 6.7991335527e-05, 7.5887532148e-05, 0.000117320167192, 4.60953669972e-05, 5.02688235429e-05, 5.36210900464e-05, 4.13749585277e-05, 6.59928336972e-05, 6.51657828712e-05, 4.53760840173e-05, 6.31336370134e-05, 6.09598137089e-05, 6.80619996274e-05, 8.16645406303e-05, 7.527814887e-05, 9.05616834643e-05, 5.37141568202e-05, 4.23342462454e-05, 4.64868026029e-05, 5.39510074304e-05, 7.21263058949e-05, 5.84059926041e-05, 6.88951186021e-05, 5.75477642997e-05, 4.09269341617e-05, 3.66195163224e-05, 3.4528584365e-05, 2.31954836636e-05, 2.30822297453e-05, 1.99513615371e-05, 1.39646281241e-05, 1.27163539219e-05, 1.78295213118e-05, 1.34507745315e-05, 1.24695070554e-05, 1.35580894494e-05, 1.20780350699e-05, 1.07000523712e-05, 1.24885709738e-05, 1.13352907647e-05, 1.15554939839e-05, 1.12246170829e-05, 9.0672456281e-06, 6.9602806434e-06, 4.54519840787e-06, 2.74698436442e-06, 2.44659167947e-06, 2.19743378693e-06, 1.74123897523e-06, 1.63705396972e-06, 1.27291446006e-06, 1.22317237583e-06, 8.07985884421e-07, 4.60161260207e-07, 6.86686519202e-07, 9.11280721994e-07, 7.56733413709e-07, 6.04422950801e-07, 4.67909188728e-07, 3.88880039282e-07, 2.32024149227e-07, 1.97078904307e-07, 1.32070383074e-07, 8.11742282281e-08, 6.43516457899e-08, 2.66929021109e-08, 2.23120313336e-08, 1.12625908599e-08, 3.35136962626e-09, 2.91442558975e-09, 2.78640732709e-09, 2.69106670281e-09, 2.6023079247e-09, 2.52267007284e-09, 2.45506037722e-09, 2.40006636787e-09, 2.35156938366e-09, 2.30977814653e-09, 2.2782591369e-09, 2.25458030023e-09, 2.24076002198e-09]
    },
    "mfcc": {
        "mean": [-591.311889648, 82.5074462891, -15.2002429962, 32.5455627441, -14.6456356049, 1.23562276363, 2.74163675308, 5.30276679993, -8.24451351166, 1.76985609531, -4.57683897018, -1.18568706512, -2.61842608452],
        "cov": [[539.160400391, -181.972839355, 12.4592380524, 29.0303573608, -7.65272092819, 49.2256240845, 26.8656330109, 4.07449054718, 7.15945100784, 15.3895215988, 4.44802188873, -7.08425235748, -10.1335477829], [-181.972839355, 343.84487915, -87.507850647, 23.7667694092, -7.46760129929, -24.4392795563, 21.5010910034, -2.53917956352, -14.8019237518, 22.6029586792, 3.14449286461, -4.6144285202, 4.68083667755], [12.4592380524, -87.507850647, 424.350982666, 8.97513008118, 79.4803924561, 4.64841127396, -75.2589263916, 16.7453327179, 1.67513370514, -61.9073829651, 28.1668052673, 20.4725780487, 4.60830974579], [29.0303573608, 23.7667694092, 8.97513008118, 239.232589722, 63.8978614807, -38.2355537415, -83.9880599976, -0.893934309483, 5.3503484726, 14.4899330139, 15.6297388077, 29.0593109131, 28.7782764435], [-7.65272092819, -7.46760129929, 79.4803924561, 63.8978614807, 184.928878784, -21.4101390839, -88.891998291, -24.5301589966, 38.7111740112, -14.0026702881, 3.23756074905, 6.38752317429, 11.7901229858], [49.2256240845, -24.4392795563, 4.64841127396, -38.2355537415, -21.4101390839, 136.395004272, 72.3923034668, 20.8053855896, -12.4560127258, -2.35999464989, -11.3524360657, -13.5813598633, -11.7065620422], [26.8656330109, 21.5010910034, -75.2589263916, -83.9880599976, -88.891998291, 72.3923034668, 222.253860474, 43.6639633179, -30.0579967499, 12.2334985733, -16.2357521057, -20.9624423981, -20.4085216522], [4.07449054718, -2.53917956352, 16.7453327179, -0.893934309483, -24.5301589966, 20.8053855896, 43.6639633179, 85.3246917725, 10.5271024704, -2.08397817612, -8.19846725464, -7.45235443115, -1.95152461529], [7.15945100784, -14.8019237518, 1.67513370514, 5.3503484726, 38.7111740112, -12.4560127258, -30.0579967499, 10.5271024704, 83.7585983276, 10.9472551346, -15.8455257416, -4.71660375595, -4.71272516251], [15.3895215988, 22.6029586792, -61.9073829651, 14.4899330139, -14.0026702881, -2.35999464989, 12.2334985733, -2.08397817612, 10.9472551346, 72.7363357544, 14.1194019318, -12.101020813, -5.19982099533], [4.44802188873, 3.14449286461, 28.1668052673, 15.6297388077, 3.23756074905, -11.3524360657, -16.2357521057, -8.19846725464, -15.8455257416, 14.1194019318, 62.9067573547, 28.7127780914, 7.31726980209], [-7.08425235748, -4.6144285202, 20.4725780487, 29.0593109131, 6.38752317429, -13.5813598633, -20.9624423981, -7.45235443115, -4.71660375595, -12.101020813, 28.7127780914, 71.8125228882, 31.9485626221], [-10.1335477829, 4.68083667755, 4.60830974579, 28.7782764435, 11.7901229858, -11.7065620422, -20.4085216522, -1.95152461529, -4.71272516251, -5.19982099533, 7.31726980209, 31.9485626221, 65.6708908081]],
        "icov": [[0.00247707730159, 0.00139231560752, 4.9418220442e-05, -0.000765402859543, 0.000152157401317, -0.000647417095024, -0.00051604595501, 0.000394602335291, -0.000321841012919, -0.00043553521391, -0.000475821696455, 0.000430850079283, 0.000109397042252], [0.00139231560752, 0.00400188053027, 0.000612237316091, -0.000700397125911, -0.000281992804958, 0.000382741796784, -0.000734120607376, 4.11197324865e-05, 0.000575686397497, -0.000719749892596, -0.000422708399128, 0.0005415501073, -0.000146536083776], [4.9418220442e-05, 0.000612237316091, 0.00347688049078, 0.000281137356069, -0.00119370373432, -0.000479818932945, 0.000972309964709, -0.00154226459563, 0.000262846850092, 0.00276213837788, -0.00240189908072, 0.000388995948015, 0.000297866616165], [-0.000765402859543, -0.000700397125911, 0.000281137356069, 0.00611654855311, -0.00193372624926, 0.000657601165585, 0.00220514833927, -0.00223371689208, 0.00195399997756, -0.00234142481349, 0.00112059176899, -0.00236926903017, -0.000702389865182], [0.000152157401317, -0.000281992804958, -0.00119370373432, -0.00193372624926, 0.00857249647379, -0.000734495988581, 0.00128887419123, 0.0027951230295, -0.00431208824739, 0.00201919255778, -0.00113619549666, 0.00191466894466, -0.00116608198732], [-0.000647417095024, 0.000382741796784, -0.000479818932945, 0.000657601165585, -0.000734495988581, 0.00960998050869, -0.00275121303275, -0.00102810084354, 0.00132116593886, -0.000318351609167, 0.00130472029559, 0.000118146119348, 0.000444470148068], [-0.00051604595501, -0.000734120607376, 0.000972309964709, 0.00220514833927, 0.00128887419123, -0.00275121303275, 0.00853597465903, -0.00378124602139, 0.00279267970473, -0.00147999997716, 0.00160738267004, -0.00102847884409, 0.0011611264199], [0.000394602335291, 4.11197324865e-05, -0.00154226459563, -0.00223371689208, 0.0027951230295, -0.00102810084354, -0.00378124602139, 0.0157374683768, -0.00492541445419, 0.00176271249074, -0.000573341734707, 0.00236237817444, -0.00154676730745], [-0.000321841012919, 0.000575686397497, 0.000262846850092, 0.00195399997756, -0.00431208824739, 0.00132116593886, 0.00279267970473, -0.00492541445419, 0.0178755559027, -0.0062420591712, 0.00730423722416, -0.00389320030808, 0.00263448106125], [-0.00043553521391, -0.000719749892596, 0.00276213837788, -0.00234142481349, 0.00201919255778, -0.000318351609167, -0.00147999997716, 0.00176271249074, -0.0062420591712, 0.0217700954527, -0.0107258949429, 0.00770109146833, -0.00128611188848], [-0.000475821696455, -0.000422708399128, -0.00240189908072, 0.00112059176899, -0.00113619549666, 0.00130472029559, 0.00160738267004, -0.000573341734707, 0.00730423722416, -0.0107258949429, 0.0270512625575, -0.0127486689016, 0.00341616128571], [0.000430850079283, 0.0005415501073, 0.000388995948015, -0.00236926903017, 0.00191466894466, 0.000118146119348, -0.00102847884409, 0.00236237817444, -0.00389320030808, 0.00770109146833, -0.0127486689016, 0.0252691078931, -0.0100756688043], [0.000109397042252, -0.000146536083776, 0.000297866616165, -0.000702389865182, -0.00116608198732, 0.000444470148068, 0.0011611264199, -0.00154676730745, 0.00263448106125, -0.00128611188848, 0.00341616128571, -0.0100756688043, 0.0207534786314]]
    },
    "spectral_contrast_coeffs": {
        "max": [-0.529401123524, -0.551096081734, -0.529660463333, -0.61684525013, -0.63552904129, -0.543999969959],
        "mean": [-0.729438185692, -0.768573403358, -0.731757581234, -0.770300328732, -0.761189103127, -0.711253881454],
        "min": [-0.891449928284, -0.925742864609, -0.894868195057, -0.9271504879, -0.846581697464, -0.823069691658],
        "stdev": [0.0521313287318, 0.0514737963676, 0.0674302950501, 0.0450134910643, 0.0387681946158, 0.041401848197]
    },
    "spectral_contrast_valleys": {
        "max": [-5.48692703247, -5.38664579391, -5.97142648697, -6.09615087509, -5.5966091156, -8.34268856049],
        "mean": [-6.82130241394, -6.56430101395, -7.11627435684, -7.41387987137, -6.60592126846, -9.7002363205],
        "min": [-9.13541698456, -8.13058185577, -8.88420963287, -8.75814533234, -8.46764659882, -11.2205429077],
        "stdev": [0.500268697739, 0.437581926584, 0.388421952724, 0.384562790394, 0.37253421545, 0.589209377766]
    }
},
"rhythm": {
    "beats_count": 77,
    "beats_loudness": {
        "max": 0.0396161079407,
        "mean": 0.0235967747867,
        "min": 0.0134372599423,
        "stdev": 0.00536816660315
    },
    "bpm": 143.153198242,
    "bpm_histogram_first_peak_bpm": 144,
    "bpm_histogram_first_peak_weight": 0.270270287991,
    "bpm_histogram_second_peak_bpm": 136,
    "bpm_histogram_second_peak_spread": 0,
    "bpm_histogram_second_peak_weight": 0.0131578948349,
    "danceability": 1.36875247955,
    "onset_rate": 3.62988257408,
    "beats_loudness_band_ratio": {
        "max": [0.655456542969, 0.424574494362, 0.443084537983, 0.548997282982, 0.41440179944, 0.464153587818],
        "mean": [0.263855814934, 0.125935062766, 0.145482167602, 0.173483267426, 0.148070305586, 0.20111900568],
        "min": [0.0584473125637, 0.0366629436612, 0.0193963367492, 0.0124821672216, 0.0273663699627, 0.0490367822349],
        "stdev": [0.134813502431, 0.0736547484994, 0.0892454609275, 0.150184720755, 0.0917614176869, 0.0875380411744]
    },
