{
"metadata": {
    "version": {
        "essentia": "2.1-beta5",
        "essentia_git_sha": "Undefined",
        "extractor": "music 2.0"
    },
    "audio_properties": {
        "analysis": {
            "equal_loudness": 0,
            "length": 32.4963264465,
            "sample_rate": 44100,
            "start_time": 93.9943771362,
            "downmix": "mix"
        },
        "bit_rate": 192000,
        "length": 198.484191895,
        "lossless": 0,
        "number_channels": 2,
        "replay_gain": -9.95001411438,
        "sample_rate": 48000,
        "codec": "mp3",
        "md5_encoded": "ac1c2de78d3ee5177a302590c41b881f"
    },
    "tags": {
        "file_name": "Sweden_Främling_Carola Häggkvist.mp3",
        "encoding": ["Lavf58.29.100"]
    }
},
"lowlevel": {
    "average_loudness": 0.969262421131,
    "barkbands_crest": {
        "max": 24.579076767,
        "mean": 9.46559810638,
        "min": 2.39427089691,
        "stdev": 4.56474399567
    },
    "barkbands_flatness_db": {
        "max": 0.268824309111,
        "mean": 0.124058060348,
        "min": 0.0488562658429,
        "stdev": 0.033760573715
    },
    "barkbands_kurtosis": {
        "max": 27.5464725494,
        "mean": 0.64801132679,
        "min": -1.82314395905,
        "stdev": 2.40105724335
    },
    "barkbands_skewness": {
        "max": 4.90542316437,
        "mean": 0.66087269783,
        "min": -1.86142349243,
        "stdev": 0.815884172916
    },
    "barkbands_spread": {
        "max": 82.5741195679,
        "mean": 26.4495029449,
        "min": 2.2474064827,
        "stdev": 12.6093683243
    },
    "dissonance": {
        "max": 0.499999940395,
        "mean": 0.46965149045,
        "min": 0.350751340389,
        "stdev": 0.0215804204345
    },
    "dynamic_complexity": 2.01072192192,
    "erbbands_crest": {
        "max": 31.9957065582,
        "mean": 10.3480892181,
        "min": 2.3154873848,
        "stdev": 5.81158924103
    },
    "erbbands_flatness_db": {
        "max": 0.336418062449,
        "mean": 0.177102118731,
        "min": 0.0729123353958,
        "stdev": 0.0467539876699
    },
    "erbbands_kurtosis": {
        "max": 26.4844722748,
        "mean": 0.397894531488,
        "min": -1.79152882099,
        "stdev": 2.22458577156
    },
    "erbbands_skewness": {
        "max": 3.99961256981,
        "mean": 0.138217106462,
        "min": -2.5282292366,
        "stdev": 0.866717278957
    },
    "erbbands_spread": {
        "max": 120.101272583,
        "mean": 35.4174919128,
        "min": 3.06784343719,
        "stdev": 18.3341426849
    },
    "hfc": {
        "max": 100.602890015,
        "mean": 26.296459198,
        "min": 0.266186833382,
        "stdev": 16.4472179413
    },
    "loudness_ebu128": {
        "integrated": -14.4922389984,
        "loudness_range": 2.28312015533,
        "momentary": {
            "max": -10.7838592529,
            "mean": -14.7940759659,
            "min": -26.5283679962,
            "stdev": 1.70240819454
        },
        "short_term": {
            "max": -12.7750911713,
            "mean": -14.5644302368,
            "min": -16.6233978271,
            "stdev": 0.887207627296
        }
    },
    "melbands_crest": {
        "max": 32.1350250244,
        "mean": 12.1770610809,
        "min": 3.62839484215,
        "stdev": 5.49856519699
    },
    "melbands_flatness_db": {
        "max": 0.295114040375,
        "mean": 0.13332156837,
        "min": 0.0349550619721,
        "stdev": 0.0378430522978
    },
    "melbands_kurtosis": {
        "max": 70.8980407715,
        "mean": 4.48137044907,
        "min": -1.72943675518,
        "stdev": 7.1146607399
    },
    "melbands_skewness": {
        "max": 7.19009923935,
        "mean": 1.48270893097,
        "min": -0.832035839558,
        "stdev": 1.15482437611
    },
    "melbands_spread": {
        "max": 174.119827271,
        "mean": 38.1881866455,
        "min": 3.39299106598,
        "stdev": 22.1320056915
    },
    "pitch_salience": {
        "max": 0.890301704407,
        "mean": 0.565089583397,
        "min": 0.182172119617,
        "stdev": 0.118892922997
    },
    "silence_rate_20dB": {
        "max": 1,
        "mean": 1,
        "min": 1,
        "stdev": 0
    },
    "silence_rate_30dB": {
        "max": 1,
        "mean": 1,
        "min": 1,
        "stdev": 0
    },
    "silence_rate_60dB": {
        "max": 1,
        "mean": 0.0235546045005,
        "min": 0,
        "stdev": 0.151657357812
    },
    "spectral_centroid": {
        "max": 3840.46557617,
        "mean": 1961.43041992,
        "min": 452.093078613,
        "stdev": 631.229431152
    },
    "spectral_complexity": {
        "max": 48,
        "mean": 20.1092071533,
        "min": 0,
        "stdev": 6.15214490891
    },
    "spectral_decrease": {
        "max": -7.60682697387e-11,
        "mean": -3.92331545029e-09,
        "min": -1.55477319908e-08,
        "stdev": 2.06167038996e-09
    },
    "spectral_energy": {
        "max": 0.061774995178,
        "mean": 0.0171926692128,
        "min": 0.000311243347824,
        "stdev": 0.00880079064518
    },
    "spectral_energyband_high": {
        "max": 0.0147938122973,
        "mean": 0.0016529726563,
        "min": 2.88608976007e-06,
        "stdev": 0.00199583428912
    },
    "spectral_energyband_low": {
        "max": 0.0159692689776,
        "mean": 0.000930598878767,
        "min": 1.11887557068e-05,
        "stdev": 0.00176748679951
    },
    "spectral_energyband_middle_high": {
        "max": 0.0379280671477,
        "mean": 0.008270598948,
        "min": 0.000100030702015,
        "stdev": 0.00715280836448
    },
    "spectral_energyband_middle_low": {
        "max": 0.0557541102171,
        "mean": 0.00684362044558,
        "min": 0.000133579669637,
        "stdev": 0.0060409558937
    },
    "spectral_entropy": {
        "max": 8.73710155487,
        "mean": 7.6254119873,
        "min": 6.30140590668,
        "stdev": 0.386045485735
    },
    "spectral_flux": {
        "max": 0.220372840762,
        "mean": 0.0771541595459,
        "min": 0.00919155217707,
        "stdev": 0.0330034531653
    },
    "spectral_kurtosis": {
        "max": 15.1781082153,
        "mean": 3.59802532196,
        "min": -1.05190360546,
        "stdev": 1.97765636444
    },
    "spectral_rms": {
        "max": 0.00776326516643,
        "mean": 0.00394614879042,
        "min": 0.000551046337932,
        "stdev": 0.00109602452721
    },
    "spectral_rolloff": {
        "max": 10960.4003906,
        "mean": 2676.9765625,
        "min": 301.46484375,
        "stdev": 1526.58349609
    },
    "spectral_skewness": {
        "max": 2.88166022301,
        "mean": 1.34129166603,
        "min": 0.261599034071,
        "stdev": 0.319204390049
    },
    "spectral_spread": {
        "max": 12957472,
        "mean": 4672543.5,
        "min": 2510576.25,
        "stdev": 1517142.25
    },
    "spectral_strongpeak": {
        "max": 17.0713996887,
        "mean": 2.18695473671,
        "min": 0.0251488126814,
        "stdev": 2.24183344841
    },
    "zerocrossingrate": {
        "max": 0.30517578125,
        "mean": 0.0933199226856,
        "min": 0.021484375,
        "stdev": 0.035383682698
    },
    "barkbands": {
        "max": [0.000338755140547, 0.00585217680782, 0.00688906712458, 0.0274148583412, 0.0237401220948, 0.0186771694571, 0.0119512910023, 0.015970621258, 0.0283008292317, 0.0306908488274, 0.0312273055315, 0.0263159424067, 0.0116587989032, 0.0188594050705, 0.0117005594075, 0.0110248429701, 0.0121281547472, 0.00642962148413, 0.00721438461915, 0.0116054741666, 0.0110846469179, 0.00269507127814, 0.00263087777421, 0.00471248617396, 0.00184175791219, 0.000594493816607, 4.26194446845e-07],
        "mean": [1.13986488941e-05, 0.000264951377176, 0.000331988412654, 0.000864504429046, 0.00167434394825, 0.00129676959477, 0.000809645163827, 0.000588977592997, 0.00131663843058, 0.000930360576604, 0.00182969903108, 0.00139252399094, 0.000483775336761, 0.000460451148683, 0.000599928374868, 0.000889555609319, 0.000545203627553, 0.00047291838564, 0.000617526704445, 0.000657579977997, 0.000548292766325, 0.000141957993037, 0.000151988555444, 0.000143242621562, 0.000132407061756, 3.60437334166e-05, 1.30568189594e-09],
        "min": [2.14091802064e-08, 9.63803927334e-07, 2.44341180178e-07, 1.20077061183e-06, 1.1797771549e-05, 3.20289632327e-06, 7.44710996514e-06, 3.98843758376e-06, 1.69401710082e-06, 5.0302278396e-06, 2.61644572674e-06, 3.83036763196e-07, 3.19442165164e-06, 2.04866955755e-06, 1.16910416637e-06, 7.81404378358e-06, 1.1823569821e-06, 6.32482988294e-06, 2.20311585508e-06, 7.74251077473e-07, 4.38946813119e-07, 3.99894531711e-07, 4.11610812989e-07, 2.19980861971e-07, 2.04484905453e-07, 4.70597001367e-08, 1.71113713476e-11],
        "stdev": [1.8936181732e-05, 0.000555797771085, 0.000723109289538, 0.00229271920398, 0.00228404602967, 0.002052356489, 0.00126131426077, 0.00131103512831, 0.00308861327358, 0.00259073241614, 0.00454137148336, 0.00358845596202, 0.000964372418821, 0.00120581034571, 0.00141652417369, 0.00129123078659, 0.00123980664648, 0.000633868156001, 0.000820056418888, 0.00117115839384, 0.00103325548116, 0.00022405537311, 0.000248159194598, 0.000262111949269, 0.000197895220481, 6.28899069852e-05, 1.52768233619e-08]
    },
    "erbbands": {
        "max": [0.0829182639718, 1.67184984684, 6.98537635803, 43.827091217, 110.909332275, 120.375648499, 203.532409668, 228.038818359, 184.123046875, 201.486999512, 415.967437744, 641.139404297, 1157.23425293, 1464.60241699, 1439.33032227, 1030.2611084, 604.639099121, 507.135131836, 1147.70727539, 698.183288574, 759.35168457, 859.785766602, 408.898590088, 511.616149902, 243.325393677, 421.642028809, 748.081604004, 104.347091675, 122.257987976, 67.1610717773, 81.3344955444, 76.5679092407, 87.8620071411, 27.5761070251, 13.9806690216, 4.76138734818, 0.535442769527, 0.0110989203677, 0.000474059343105, 8.47013216116e-05],
        "mean": [0.00486674858257, 0.0719494819641, 0.346497952938, 1.62605476379, 3.95959639549, 5.48272943497, 8.60066699982, 12.4013347626, 12.6143579483, 10.0353250504, 14.083024025, 28.703950882, 33.9035873413, 42.8453445435, 84.1730880737, 44.4893341064, 20.5401477814, 20.8152446747, 31.6299819946, 37.6487922668, 46.5554695129, 32.6803207397, 27.6192893982, 36.4066810608, 20.5655574799, 27.6403064728, 39.5396995544, 9.77140045166, 5.476603508, 4.43921661377, 4.3421125412, 3.12147879601, 2.29112648964, 1.55331170559, 0.883627593517, 0.308031022549, 0.0283370930701, 0.000630967551842, 4.73314867122e-05, 2.76959090115e-05],
        "min": [1.89640977624e-05, 0.000611901690718, 0.00243865582161, 0.0122675122693, 0.0263922270387, 0.0298696961254, 0.0688256248832, 0.0894926339388, 0.118270613253, 0.16702221334, 0.0744549557567, 0.0486178547144, 0.231041878462, 0.292903840542, 0.167870029807, 0.0625131651759, 0.173686861992, 0.134092330933, 0.141753345728, 0.140165582299, 0.445380270481, 0.146694347262, 0.413335204124, 0.110474020243, 0.0909241810441, 0.0444261468947, 0.0247423667461, 0.0168303400278, 0.00919155310839, 0.0144140366465, 0.010403723456, 0.0054863546975, 0.00300169968978, 0.00220573390834, 0.00138404988684, 0.000727906066459, 4.08585328842e-05, 1.35492314257e-06, 2.78484463934e-07, 3.83729371833e-07],
        "stdev": [0.00746788317338, 0.162889719009, 0.808282077312, 3.82352685928, 7.85805463791, 8.10683822632, 14.3404102325, 20.0476207733, 18.1055316925, 15.0439796448, 33.5479774475, 61.7582931519, 83.2195663452, 108.638328552, 201.954666138, 109.525291443, 36.6420478821, 36.4506568909, 81.033416748, 66.8012237549, 63.2905273438, 77.7204437256, 36.7284622192, 47.4086685181, 23.9559764862, 45.0293731689, 80.9270706177, 11.1260118484, 8.78026199341, 7.05019330978, 7.06952667236, 5.77464580536, 4.4260225296, 2.35951805115, 1.39645302296, 0.535507023335, 0.0515261776745, 0.00108688615728, 5.6767850765e-05, 1.44504920172e-05]
    },
    "gfcc": {
        "mean": [6.65273189545, 66.2511291504, -149.386764526, 33.3508300781, -75.6331863403, 9.5198507309, -51.6792755127, 12.5098752975, -37.037612915, 0.0727657452226, -17.8821735382, -2.26633477211, -1.86048328876],
        "cov": [[1500.84460449, -582.623413086, 202.054672241, 201.348220825, -119.422218323, 121.471153259, -45.088924408, 31.6406860352, -114.263618469, 51.6937675476, -57.3102684021, 3.69275832176, -75.9524078369], [-582.623413086, 778.972045898, -141.383987427, -34.8584899902, 116.332466125, -91.4655609131, 84.9915390015, -84.0820083618, 117.054466248, -67.6482162476, 7.71650743484, -108.979980469, 53.46352005], [202.054672241, -141.383987427, 653.184692383, 134.307510376, -70.1701126099, 89.9395980835, -193.80078125, 27.1851005554, -9.13932037354, 34.3968696594, -60.710609436, 92.5708618164, -131.638504028], [201.348220825, -34.8584899902, 134.307510376, 317.869995117, -22.4931583405, -76.131439209, -49.6891403198, 13.4822177887, 51.9805641174, -21.0700912476, 8.43731021881, -37.0639381409, 8.44025421143], [-119.422218323, 116.332466125, -70.1701126099, -22.4931583405, 160.641418457, 12.9198646545, 38.2971382141, 5.80637025833, -14.0713634491, 18.2987861633, -6.97173976898, -1.8474881649, 13.4777956009], [121.471153259, -91.4655609131, 89.9395980835, -76.131439209, 12.9198646545, 229.177078247, 55.8167533875, -25.6640968323, -39.1955986023, -2.67748570442, -20.2953796387, 51.4601745605, -60.1328125], [-45.088924408, 84.9915390015, -193.80078125, -49.6891403198, 38.2971382141, 55.8167533875, 198.112380981, 11.8527870178, -26.86120224, -29.2990589142, 10.4118032455, -32.5872612, 38.5586967468], [31.6406860352, -84.0820083618, 27.1851005554, 13.4822177887, 5.80637025833, -25.6640968323, 11.8527870178, 142.850601196, 46.1781463623, 2.18583869934, -27.5108280182, -1.22588682175, 20.0394077301], [-114.263618469, 117.054466248, -9.13932037354, 51.9805641174, -14.0713634491, -39.1955986023, -26.86120224, 46.1781463623, 158.487030029, -18.2409038544, -29.8526649475, -34.0944404602, 20.0815067291], [51.6937675476, -67.6482162476, 34.3968696594, -21.0700912476, 18.2987861633, -2.67748570442, -29.2990589142, 2.18583869934, -18.2409038544, 90.4434356689, 19.0729179382, 6.83353710175, -22.5798778534], [-57.3102684021, 7.71650743484, -60.710609436, 8.43731021881, -6.97173976898, -20.2953796387, 10.4118032455, -27.5108280182, -29.8526649475, 19.0729179382, 113.705940247, 12.8558340073, 6.48843193054], [3.69275832176, -108.979980469, 92.5708618164, -37.0639381409, -1.8474881649, 51.4601745605, -32.5872612, -1.22588682175, -34.0944404602, 6.83353710175, 12.8558340073, 131.863632202, -28.3234882355], [-75.9524078369, 53.46352005, -131.638504028, 8.44025421143, 13.4777956009, -60.1328125, 38.5586967468, 20.0394077301, 20.0815067291, -22.5798778534, 6.48843193054, -28.3234882355, 106.565940857]],
        "icov": [[0.0013494376326, 0.000189354832401, 0.000791943457443, -0.0016344434116, 0.00127245555632, -0.00144390319474, 0.000770766811911, -0.00086682260735, 0.00169337308034, -0.00123238319065, 0.00135146290995, 0.000301575812045, 0.000300565792713], [0.000189354832401, 0.00592452380806, -0.00433442043141, 0.00405026273802, -0.00604295032099, 0.0056719975546, -0.00609862944111, 0.00743517838418, -0.00739504024386, 0.00500258989632, -0.00307932752185, 0.00342475553043, -0.000187732948689], [0.000791943457443, -0.00433442043141, 0.00836093723774, -0.00647595059127, 0.00653750542551, -0.0076920199208, 0.00888978037983, -0.0080649042502, 0.00814796611667, -0.00534485420212, 0.00518583180383, -0.00360555551015, 0.00277074985206], [-0.0016344434116, 0.00405026273802, -0.00647595059127, 0.0100516127422, -0.00664539728314, 0.00796762574464, -0.00634629791602, 0.00712045840919, -0.00896431040019, 0.00697028636932, -0.00585601152852, 0.0036954768002, -0.0011939778924], [0.00127245555632, -0.00604295032099, 0.00653750542551, -0.00664539728314, 0.0150696318597, -0.00822213478386, 0.00660351384431, -0.0090797804296, 0.0102927824482, -0.00919096823782, 0.00638918252662, -0.00401142146438, -2.90335519821e-05], [-0.00144390319474, 0.0056719975546, -0.0076920199208, 0.00796762574464, -0.00822213478386, 0.0162180662155, -0.0124335754663, 0.0107983248308, -0.0103090154007, 0.00699181854725, -0.00378723209724, 0.00083553296281, 0.00252886000089], [0.000770766811911, -0.00609862944111, 0.00888978037983, -0.00634629791602, 0.00660351384431, -0.0124335754663, 0.018809761852, -0.0119674950838, 0.0120006725192, -0.00362852332182, 0.00348365004174, -0.000819464214146, -0.000773832318373], [-0.00086682260735, 0.00743517838418, -0.0080649042502, 0.00712045840919, -0.0090797804296, 0.0107983248308, -0.0119674950838, 0.0198772940785, -0.013979463838, 0.00568296015263, -0.00329029140994, 0.00263577979058, -0.00230106455274], [0.00169337308034, -0.00739504024386, 0.00814796611667, -0.00896431040019, 0.0102927824482, -0.0103090154007, 0.0120006725192, -0.013979463838, 0.0209664124995, -0.00695633655414, 0.00758845033124, -0.00227498146705, 0.000368041306501], [-0.00123238319065, 0.00500258989632, -0.00534485420212, 0.00697028636932, -0.00919096823782, 0.00699181854725, -0.00362852332182, 0.00568296015263, -0.00695633655414, 0.0203420296311, -0.00781254656613, 0.00454191304743, 0.00211333762854], [0.00135146290995, -0.00307932752185, 0.00518583180383, -0.00585601152852, 0.00638918252662, -0.00378723209724, 0.00348365004174, -0.00329029140994, 0.00758845033124, -0.00781254656613, 0.0152629101649, -0.00446604890749, 0.000589316477999], [0.000301575812045, 0.00342475553043, -0.00360555551015, 0.0036954768002, -0.00401142146438, 0.00083553296281, -0.000819464214146, 0.00263577979058, -0.00227498146705, 0.00454191304743, -0.00446604890749, 0.0129484590143, -0.000365638552466], [0.000300565792713, -0.000187732948689, 0.00277074985206, -0.0011939778924, -2.90335519821e-05, 0.00252886000089, -0.000773832318373, -0.00230106455274, 0.000368041306501, 0.00211333762854, 0.000589316477999, -0.000365638552466, 0.0155982039869]]
    },
    "melbands": {
        "max": [0.0011295855511, 0.00289485114627, 0.00914891343564, 0.00580653129146, 0.00644766772166, 0.00446967873722, 0.00243874662556, 0.00194845465012, 0.00291841547005, 0.00456299958751, 0.00565092964098, 0.00588902132586, 0.00375993456692, 0.00393650587648, 0.00126499147154, 0.00110324670095, 0.00121887726709, 0.0024702611845, 0.00106263288762, 0.00104121281765, 0.00100479112007, 0.000962792604696, 0.000306503236061, 0.000485147262225, 0.000529910554178, 0.00029613164952, 0.000174198867171, 0.000379182281904, 0.000588645518292, 0.000166069119587, 6.47491469863e-05, 8.3405226178e-05, 3.39726502716e-05, 4.07395527873e-05, 5.23809903825e-05, 7.18196897651e-05, 5.68904870306e-05, 7.17063448974e-05, 2.87323509838e-05, 2.65681774181e-05],
        "mean": [5.93793047301e-05, 0.000161182440934, 0.000364800333045, 0.000330033071805, 0.000308839371428, 0.000269739917712, 0.000184456555871, 0.000115170987556, 0.000109326778329, 0.000200785070774, 0.000169961189386, 0.000162345168064, 0.000246248819167, 0.000224758623517, 4.11961555074e-05, 5.02223447256e-05, 3.64837796951e-05, 5.28338787262e-05, 4.56399175164e-05, 6.23365849606e-05, 4.96045831824e-05, 3.48560133716e-05, 2.32028396567e-05, 2.41066536546e-05, 3.14704157063e-05, 1.87509176612e-05, 1.12217812784e-05, 2.06460954359e-05, 3.03401902784e-05, 1.20529157357e-05, 3.67933216694e-06, 3.27448060489e-06, 2.29564443543e-06, 2.55738268606e-06, 2.59757575805e-06, 2.20541915041e-06, 1.78290792974e-06, 1.60245599545e-06, 1.47254581861e-06, 1.30629655359e-06],
        "min": [1.96018277165e-07, 1.54072165515e-06, 2.30484397434e-06, 2.8444826512e-06, 2.25187841352e-06, 9.35770799515e-07, 1.5330192582e-06, 1.51550034388e-06, 4.59245654838e-07, 2.90686557491e-07, 8.56007204675e-07, 1.04636933429e-06, 5.54183429813e-07, 1.31309917606e-07, 1.0839113429e-07, 3.24173441868e-07, 1.41748103033e-07, 1.89189250932e-07, 8.02450443871e-08, 4.33003606304e-07, 4.59757700355e-07, 8.26571451285e-08, 4.18770923716e-07, 2.50118290523e-07, 4.39977831945e-08, 4.76332715493e-08, 3.06550838047e-08, 2.22722427168e-08, 1.60405253524e-08, 1.1520906007e-08, 6.86782408721e-09, 5.14211873082e-09, 5.29394350579e-09, 8.36394864479e-09, 6.55544818429e-09, 3.6693090788e-09, 2.87682300204e-09, 2.02459182752e-09, 1.93936933179e-09, 1.48687095969e-09],
        "stdev": [0.000108170279418, 0.000348469504388, 0.000832523510326, 0.000478247966385, 0.000463661504909, 0.000416461261921, 0.000262426096015, 0.000172454456333, 0.000264733156655, 0.000467702833703, 0.000428709405242, 0.000432460190495, 0.000581331900321, 0.00055142166093, 9.25306230783e-05, 0.000107802858111, 7.6643191278e-05, 0.000158824012033, 0.000122015982924, 9.84179787338e-05, 7.49098689994e-05, 9.07595967874e-05, 3.35997574439e-05, 3.39660327882e-05, 4.46413905593e-05, 2.84144061879e-05, 1.42295539263e-05, 3.77556934836e-05, 6.64929611958e-05, 2.00866852538e-05, 5.27278461959e-06, 5.60254420634e-06, 4.06711751566e-06, 4.09153062719e-06, 4.24576592195e-06, 4.28711382483e-06, 3.4327706544e-06, 3.4435215639e-06, 2.29708052757e-06, 2.16691182686e-06]
    },
    "melbands128": {
        "max": [0.00011390272266, 0.000451568164863, 0.00134851713665, 0.00341396639124, 0.00426867743954, 0.00338817527518, 0.00747800292447, 0.0161354355514, 0.0134069956839, 0.00810034293681, 0.00847182795405, 0.0087925484404, 0.00977812241763, 0.00791911035776, 0.00758754834533, 0.00606572814286, 0.00519210426137, 0.00266916886903, 0.00500219361857, 0.00192654051352, 0.0030485347379, 0.00594911677763, 0.00423613889143, 0.00778006296605, 0.00309667410329, 0.010717086494, 0.00703715533018, 0.0101576419547, 0.0101866284385, 0.00782018061727, 0.0111547615379, 0.00818521063775, 0.00656257104129, 0.0109683629125, 0.00691593438387, 0.00823759380728, 0.0016888580285, 0.00280357641168, 0.00251826015301, 0.00190137128811, 0.00262342975475, 0.00167881173547, 0.00120936566964, 0.00355338538066, 0.00302656646818, 0.00403801631182, 0.00206934008747, 0.00264611793682, 0.0029302588664, 0.00173593289219, 0.00217126542702, 0.00140668696258, 0.0024345361162, 0.00131072266959, 0.00187744188588, 0.00159912020899, 0.00199151667766, 0.000448305596365, 0.000522327260114, 0.000991236767732, 0.000976649112999, 0.000460179231595, 0.000818290514871, 0.000750572886318, 0.000837123312522, 0.000644083018415, 0.000320765771903, 0.000185306707863, 0.000370668160031, 0.000298896396998, 0.000476264220197, 0.000861329201143, 0.00149277225137, 0.00116726569831, 0.000890116964001, 0.000375481875381, 0.000225376716116, 0.000105320868897, 0.000112018111395, 5.47966446902e-05, 9.6416719316e-05, 9.31662289076e-05, 6.75483170198e-05, 4.05055288866e-05, 3.86185529351e-05, 5.13806990057e-05, 3.81292629754e-05, 7.1361377195e-05, 5.36208499398e-05, 6.87767678755e-05, 9.04486805666e-05, 8.40454013087e-05, 6.11305586062e-05, 5.39851280337e-05, 8.33208760014e-05, 4.26335827797e-05, 0.000103849852167, 5.96915997448e-05, 2.11395908991e-05, 1.88207650353e-05, 2.10946527659e-05, 3.78186487069e-05, 3.82834368793e-05, 3.06031033688e-05, 1.74915621756e-05, 1.65126020875e-05, 1.44836712934e-05, 1.17379859148e-05, 1.60823947226e-05, 9.41819598665e-06, 5.74537261855e-06, 2.91878768621e-06, 3.33924816687e-08, 9.96249926999e-09, 1.15310516691e-08, 1.07311919351e-08, 2.0016475144e-09, 1.96190330648e-09, 1.9242416549e-09, 1.88555948633e-09, 1.84918458324e-09, 1.81113402054e-09, 1.7827411769e-09, 1.74885161908e-09, 1.72804315302e-09, 1.71273539795e-09, 1.69681968476e-09, 1.68898162123e-09],
        "mean": [7.84047279012e-06, 2.79091764241e-05, 7.52080668462e-05, 0.000129714884679, 0.000156194771989, 0.000168196173036, 0.000285138812615, 0.000493779662065, 0.000398494157707, 0.000291121687042, 0.000285894115223, 0.000374215218471, 0.000285117683234, 0.000261141045485, 0.000326987705193, 0.000226647549425, 0.000222407412366, 0.000181681971299, 0.000141394179082, 8.10081255622e-05, 0.00012462901941, 0.000148771403474, 9.25395506783e-05, 9.18943114812e-05, 0.000135993192089, 0.000321194849676, 0.000191162675037, 0.000149488827446, 0.000150306863361, 0.000114220849355, 0.000181089315447, 0.000235743878875, 0.000135430513183, 0.000416708149714, 0.000285355374217, 0.000199259811779, 3.53223767888e-05, 4.45748919446e-05, 3.14967728627e-05, 3.33312927978e-05, 8.02215799922e-05, 3.39325342793e-05, 2.13006078411e-05, 4.65054799861e-05, 5.33556667506e-05, 6.59770230413e-05, 3.26149420289e-05, 4.37072740169e-05, 5.84304580116e-05, 3.28526548401e-05, 7.20164680388e-05, 8.11615464045e-05, 5.83973051107e-05, 3.0855750083e-05, 3.59975456377e-05, 3.7824131141e-05, 3.54780204361e-05, 1.77742695087e-05, 1.92659499589e-05, 3.18998900184e-05, 2.20975398406e-05, 1.87015484698e-05, 3.30570546794e-05, 3.38281497534e-05, 3.27352681779e-05, 1.86342476809e-05, 1.06914949356e-05, 1.0160400052e-05, 1.26126669784e-05, 1.02179683381e-05, 1.47180981003e-05, 2.82694272755e-05, 3.80663623218e-05, 2.99556304526e-05, 2.41911147896e-05, 1.41773816722e-05, 5.76700995225e-06, 3.99248256144e-06, 3.47601667272e-06, 3.07603090732e-06, 3.98189922635e-06, 3.0450551094e-06, 2.52239965448e-06, 2.00825525098e-06, 2.36275627685e-06, 2.30755881603e-06, 2.77578692476e-06, 2.7956066333e-06, 2.62014987129e-06, 2.47648131335e-06, 2.16148168874e-06, 2.32906199926e-06, 1.92388301912e-06, 1.68416795532e-06, 1.81734037596e-06, 1.56288854214e-06, 1.62783430824e-06, 1.47218588609e-06, 1.72880902483e-06, 1.3560016896e-06, 9.33465059916e-07, 1.36206529078e-06, 1.65336200553e-06, 1.33278774683e-06, 9.43736210957e-07, 7.28114628146e-07, 7.00048644831e-07, 6.38429582978e-07, 5.66431538118e-07, 4.23592808829e-07, 3.51296307599e-07, 6.80089229377e-08, 3.08139735949e-10, 4.29818090841e-11, 4.6275233645e-11, 4.67373466317e-11, 1.04507305587e-11, 5.71717282891e-12, 5.54325162161e-12, 5.38634631689e-12, 5.24303950949e-12, 5.12121118082e-12, 5.01886466414e-12, 4.91630260807e-12, 4.81862596699e-12, 4.71710214292e-12, 4.64847041068e-12, 4.61821726694e-12],
        "min": [3.32013194715e-09, 5.38120161764e-08, 1.59279395007e-07, 4.92545268571e-07, 4.84417874702e-08, 1.05186202859e-07, 6.48575337436e-07, 5.98953874942e-07, 4.53843341575e-07, 6.21650087851e-07, 4.19273114005e-08, 9.67701936361e-08, 1.39298919066e-07, 5.19938339494e-07, 6.27492227068e-07, 5.08464609084e-07, 4.33344666817e-07, 6.47881620353e-07, 4.92794242746e-07, 1.80609717404e-07, 3.93707807689e-07, 3.56599855422e-07, 1.40317865771e-07, 1.53797699909e-07, 9.6194369803e-08, 1.27036884123e-07, 1.38177753684e-07, 4.257221633e-07, 5.87557522636e-08, 1.20426562944e-07, 2.092408522e-07, 8.95474201457e-08, 8.85871926926e-08, 1.17442993997e-07, 6.05538374998e-08, 1.6189142471e-08, 3.60963667845e-08, 5.01105468231e-08, 4.72956145359e-08, 2.00054486754e-07, 1.37024116498e-07, 8.96199310318e-08, 4.82056492501e-08, 1.15021457248e-07, 1.06241657249e-07, 7.02330424929e-08, 8.87281430551e-08, 1.32665372021e-08, 9.8998702569e-09, 4.46827641554e-08, 1.33006963665e-07, 2.40645306349e-07, 1.32735351599e-07, 6.34643555486e-08, 4.10020355446e-08, 3.2555064422e-08, 1.66890128384e-08, 8.34051672172e-09, 2.16192717062e-07, 8.268144569e-08, 3.14433243886e-08, 1.47336081113e-08, 4.75567709657e-08, 3.72686166372e-08, 1.54928567753e-08, 8.32149993357e-09, 2.67858251135e-08, 2.08347188391e-08, 1.66748606034e-08, 1.49396157667e-08, 1.04623723018e-08, 1.81269399491e-08, 1.06979651804e-08, 1.16861462729e-08, 5.88469495355e-09, 8.60047855156e-09, 6.21258244848e-09, 2.20013651742e-09, 1.64982294493e-09, 3.87571752469e-09, 6.93904100846e-10, 2.36462538439e-09, 2.66581423602e-09, 1.44521694612e-09, 9.72540603605e-10, 5.0374904248e-09, 1.90063098593e-09, 5.2023074737e-09, 5.3017341628e-09, 4.43644410097e-09, 2.12092188256e-09, 3.32193317298e-09, 2.5982831442e-09, 1.95723615093e-09, 1.96067984071e-09, 1.40589484499e-09, 8.82703465876e-10, 1.73293035477e-09, 1.93829530204e-09, 1.37519207133e-09, 3.90787874283e-10, 8.06986366619e-10, 6.89005408283e-10, 2.1765839131e-10, 2.57978416407e-10, 6.5573468877e-10, 1.01720576406e-09, 5.1546916735e-10, 2.25309895741e-10, 8.08354425064e-11, 2.90841257328e-11, 2.09431200138e-13, 8.42772710343e-14, 5.78720421194e-14, 6.31967487239e-14, 6.92889349412e-14, 5.37267679076e-14, 4.64761184453e-14, 5.58942777858e-14, 6.38655320577e-14, 6.02374053416e-14, 5.3644920808e-14, 4.96372657333e-14, 6.08013056677e-14, 3.95207243396e-14, 1.56103462676e-14, 2.36560060311e-15, 8.95107030095e-17],
        "stdev": [1.17063391372e-05, 4.18538365921e-05, 0.000134703252115, 0.000321392493788, 0.000440261414042, 0.000337475328706, 0.00067108811345, 0.00135292904451, 0.000848560477607, 0.000492883089464, 0.000518718617968, 0.000627747154795, 0.000590703915805, 0.0006044615875, 0.000620855367742, 0.000461151823401, 0.000430119573139, 0.000272598175798, 0.000366108986782, 0.000153757689986, 0.000218166256673, 0.000453578599263, 0.000317033147439, 0.000376579904696, 0.000319666054565, 0.000946515821852, 0.000690582324751, 0.000597058737185, 0.000521091220435, 0.000462845142465, 0.000653183960821, 0.000866274291184, 0.000483046693262, 0.00140263023786, 0.000817540392745, 0.000771036488004, 0.000107351930637, 0.000149872314068, 0.000113863497972, 9.77506715572e-05, 0.000213045568671, 0.000100165496406, 6.92829853506e-05, 0.000169255872606, 0.000193279163796, 0.000290483294521, 0.000129571941216, 0.000161871314049, 0.000231098529184, 9.85567457974e-05, 0.000170027487911, 0.000150255174958, 0.000149718340253, 8.48488052725e-05, 0.000114694688818, 0.000134218673338, 0.000145468031405, 3.77059768653e-05, 3.78800395993e-05, 6.61374288029e-05, 5.34830396646e-05, 4.08667292504e-05, 7.22265103832e-05, 7.40228642826e-05, 7.56180452299e-05, 4.46512531198e-05, 2.12996365008e-05, 1.55101606651e-05, 2.29588495131e-05, 2.29519009736e-05, 3.84161467082e-05, 6.74858674756e-05, 0.000111028552055, 9.20019228943e-05, 6.84129045112e-05, 2.82538549072e-05, 1.23447507576e-05, 7.27962469682e-06, 7.12471910447e-06, 5.30325769432e-06, 7.68714744481e-06, 6.25989787295e-06, 5.22584014107e-06, 4.02464183935e-06, 4.21991353505e-06, 4.47577667728e-06, 4.43848330178e-06, 5.14110934091e-06, 4.83804888063e-06, 4.64960294266e-06, 4.71853036288e-06, 5.10953259436e-06, 4.06438903156e-06, 3.66793892681e-06, 3.91255525756e-06, 3.31126875608e-06, 4.38738925368e-06, 3.451829798e-06, 2.69648853646e-06, 2.09779955185e-06, 1.55032273597e-06, 2.80366248262e-06, 3.06488800561e-06, 2.49102913585e-06, 1.57611623308e-06, 1.32738307457e-06, 1.37616473239e-06, 1.11292752081e-06, 1.14194688194e-06, 8.64778883169e-07, 6.51828884202e-07, 1.74272855702e-07, 1.5381820262e-09, 3.82228804163e-10, 4.70819216947e-10, 4.08895778348e-10, 8.48969158862e-11, 7.08965941509e-11, 6.91468202141e-11, 6.74787170585e-11, 6.59499330147e-11, 6.45468956062e-11, 6.33635782732e-11, 6.2145018298e-11, 6.13074244149e-11, 6.06445241247e-11, 6.00657718008e-11, 5.97477692321e-11]
    },
    "mfcc": {
        "mean": [-624.449829102, 90.6959609985, -17.9186077118, 16.6385402679, -4.03917360306, -9.76586151123, -2.08594107628, -4.25690174103, -4.14472341537, -4.37908935547, -13.2268285751, -3.55532288551, -3.33349251747],
        "cov": [[1508.69372559, -589.365661621, 161.166168213, 65.0996856689, -25.7322769165, 30.0590324402, 53.0846214294, -23.551612854, 1.80904853344, 13.8245000839, -20.5657463074, 35.2516784668, -9.23540782928], [-589.365661621, 697.049072266, -201.907180786, -20.0832595825, -10.2297897339, 44.7689971924, -13.6146707535, -10.6110744476, 20.3699741364, 57.7462120056, 19.1621818542, -73.745552063, -58.5313262939], [161.166168213, -201.907180786, 615.64276123, 26.0026340485, 117.490135193, 59.5169296265, -115.76726532, 39.7936210632, -47.7017364502, -59.6436729431, 66.8086090088, 6.44966602325, 2.48650550842], [65.0996856689, -20.0832595825, 26.0026340485, 295.962127686, 60.0880584717, -82.0821151733, -30.8711433411, -34.4954719543, 19.2434215546, 13.4830121994, -12.6051244736, 20.2830905914, 1.55607426167], [-25.7322769165, -10.2297897339, 117.490135193, 60.0880584717, 157.68536377, -7.58645391464, -57.0654258728, -8.19530963898, 0.170208439231, -5.50670671463, 26.091424942, 1.47166419029, 7.15902042389], [30.0590324402, 44.7689971924, 59.5169296265, -82.0821151733, -7.58645391464, 204.740692139, 33.8392410278, 32.1038398743, -32.115447998, -29.1425762177, 26.9465045929, -21.0346431732, -5.03061771393], [53.0846214294, -13.6146707535, -115.76726532, -30.8711433411, -57.0654258728, 33.8392410278, 207.220489502, -5.3823094368, -21.6525287628, -6.16748476028, -22.5605735779, 9.08865642548, 10.3418455124], [-23.551612854, -10.6110744476, 39.7936210632, -34.4954719543, -8.19530963898, 32.1038398743, -5.3823094368, 133.729751587, 48.1217346191, -21.8645992279, 9.13429641724, -3.39799284935, 20.5671730042], [1.80904853344, 20.3699741364, -47.7017364502, 19.2434215546, 0.170208439231, -32.115447998, -21.6525287628, 48.1217346191, 156.378372192, 44.5340538025, -14.7564620972, -21.261756897, -7.69262886047], [13.8245000839, 57.7462120056, -59.6436729431, 13.4830121994, -5.50670671463, -29.1425762177, -6.16748476028, -21.8645992279, 44.5340538025, 144.347137451, -0.592961549759, -31.4909744263, -37.7657432556], [-20.5657463074, 19.1621818542, 66.8086090088, -12.6051244736, 26.091424942, 26.9465045929, -22.5605735779, 9.13429641724, -14.7564620972, -0.592961549759, 95.9351882935, 5.14976644516, -1.24796485901], [35.2516784668, -73.745552063, 6.44966602325, 20.2830905914, 1.47166419029, -21.0346431732, 9.08865642548, -3.39799284935, -21.261756897, -31.4909744263, 5.14976644516, 95.7217941284, 30.242225647], [-9.23540782928, -58.5313262939, 2.48650550842, 1.55607426167, 7.15902042389, -5.03061771393, 10.3418455124, 20.5671730042, -7.69262886047, -37.7657432556, -1.24796485901, 30.242225647, 87.4556503296]],
        "icov": [[0.00113457802217, 0.00106972234789, -3.65024607163e-05, -0.000362799561117, 0.000309122406179, -0.000615631230175, -0.000164305587532, 0.000298774073599, -0.000223209921387, -0.000375788105885, -2.07226094062e-06, 2.80887452391e-05, 0.000540034787264], [0.00106972234789, 0.00295270164497, 0.000888194015715, -0.000470049446449, -2.1747289793e-05, -0.00115773535799, 0.000326874083839, 0.000119224816444, -9.77581385087e-06, -0.000485828117235, -0.000689702806994, 0.00109049223829, 0.00134312955197], [-3.65024607163e-05, 0.000888194015715, 0.00281524145976, -0.000254627811955, -0.00143545912579, -0.000788340170402, 0.00125038216356, -0.000978704891168, 0.000935443036724, 0.00054423493566, -0.00104594149161, 0.000441638403572, 0.000819189706817], [-0.000362799561117, -0.000470049446449, -0.000254627811955, 0.00441120006144, -0.0015660407953, 0.00156499631703, -3.35623444698e-05, 0.00079846236622, -0.000555206788704, 3.79948578484e-05, 0.000634615891613, -0.000854358717334, -0.000117676208902], [0.000309122406179, -2.1747289793e-05, -0.00143545912579, -0.0015660407953, 0.0088485237211, -0.000229197845329, 0.00121005647816, 0.0012801005505, -0.000683087855577, 1.75195473275e-05, -0.00145758257713, 0.000385786639526, -0.00130160909612], [-0.000615631230175, -0.00115773535799, -0.000788340170402, 0.00156499631703, -0.000229197845329, 0.0072210743092, -0.00144505850039, -0.00154048996046, 0.00123300217092, 0.00118462904356, -0.00117892376147, 0.00137754704338, 0.000248846539762], [-0.000164305587532, 0.000326874083839, 0.00125038216356, -3.35623444698e-05, 0.00121005647816, -0.00144505850039, 0.0063777291216, -4.38343558926e-05, 0.000964347738773, -0.000104324222775, 0.000766132725403, -0.000387808249798, -0.000574776262511], [0.000298774073599, 0.000119224816444, -0.000978704891168, 0.00079846236622, 0.0012801005505, -0.00154048996046, -4.38343558926e-05, 0.0109141226858, -0.00476070120931, 0.00172130740248, -0.000903196516447, 0.00022659325623, -0.00239664479159], [-0.000223209921387, -9.77581385087e-06, 0.000935443036724, -0.000555206788704, -0.000683087855577, 0.00123300217092, 0.000964347738773, -0.00476070120931, 0.00963969249278, -0.00258459988981, 0.00115399062634, 0.00125235214364, 0.000400772725698], [-0.000375788105885, -0.000485828117235, 0.00054423493566, 3.79948578484e-05, 1.75195473275e-05, 0.00118462904356, -0.000104324222775, 0.00172130740248, -0.00258459988981, 0.00976992677897, -0.00129099632613, 0.00193990848493, 0.00259559298865], [-2.07226094062e-06, -0.000689702806994, -0.00104594149161, 0.000634615891613, -0.00145758257713, -0.00117892376147, 0.000766132725403, -0.000903196516447, 0.00115399062634, -0.00129099632613, 0.0126342047006, -0.00180941622239, 7.99444678705e-05], [2.80887452391e-05, 0.00109049223829, 0.000441638403572, -0.000854358717334, 0.000385786639526, 0.00137754704338, -0.000387808249798, 0.00022659325623, 0.00125235214364, 0.00193990848493, -0.00180941622239, 0.0137491142377, -0.00305673712865], [0.000540034787264, 0.00134312955197, 0.000819189706817, -0.000117676208902, -0.00130160909612, 0.000248846539762, -0.000574776262511, -0.00239664479159, 0.000400772725698, 0.00259559298865, 7.99444678705e-05, -0.00305673712865, 0.0153358317912]]
    },
    "spectral_contrast_coeffs": {
        "max": [-0.426594257355, -0.544657230377, -0.44451418519, -0.561772823334, -0.516380012035, -0.602082252502],
        "mean": [-0.684722542763, -0.749000251293, -0.705347418785, -0.747258365154, -0.747710049152, -0.759169995785],
        "min": [-0.934661448002, -0.892812848091, -0.91199028492, -0.895746350288, -0.904075980186, -0.881112337112],
        "stdev": [0.065734282136, 0.0591893084347, 0.0836935415864, 0.0552103184164, 0.0635895729065, 0.043144017458]
    },
    "spectral_contrast_valleys": {
        "max": [-5.4632267952, -5.28172874451, -6.1305232048, -6.40526437759, -5.41774749756, -7.85531330109],
        "mean": [-7.34819316864, -6.79831647873, -7.490026474, -7.57272148132, -7.3580698967, -10.0007209778],
        "min": [-9.5428943634, -8.57632541656, -9.74784469604, -9.39552879333, -9.68395996094, -12.4987688065],
        "stdev": [0.585249483585, 0.444300234318, 0.500413656235, 0.415183871984, 0.575820326805, 0.860681593418]
    }
},
"rhythm": {
    "beats_count": 58,
    "beats_loudness": {
        "max": 0.0469458550215,
        "mean": 0.0227457098663,
        "min": 0.0104176765308,
        "stdev": 0.00746786873788
    },
    "bpm": 109.173843384,
    "bpm_histogram_first_peak_bpm": 108,
    "bpm_histogram_first_peak_weight": 0.491228044033,
    "bpm_histogram_second_peak_bpm": 0,
    "bpm_histogram_second_peak_spread": 0,
    "bpm_histogram_second_peak_weight": 0,
    "danceability": 1.28680157661,
    "onset_rate": 3.66064429283,
    "beats_loudness_band_ratio": {
        "max": [0.776025116444, 0.280843228102, 0.588428080082, 0.828196942806, 0.534631192684, 0.354376226664],
        "mean": [0.365677297115, 0.121419586241, 0.135267272592, 0.176901757717, 0.116346552968, 0.124746784568],
        "min": [0.0115738064051, 0.0150862792507, 0.00845387484878, 0.0100255869329, 0.0138025861233, 0.011800008826],
        "stdev": [0.219510480762, 0.0667345300317, 0.13047760725, 0.197207137942, 0.0986431390047, 0.0595752596855]
    },
    "beats_position": [0.568888902664, 1.1261677742, 1.68344664574, 2.22911548615, 2.7863945961, 3.34367346764, 3.90095233917, 4.45823097229, 5.01551008224, 5.58439922333, 6.13006782532, 6.68734693527, 7.22140598297, 7.75546455383, 8.31274318695, 8.85841274261, 9.4040813446, 9.93814086914, 10.4954195023, 11.0294780731, 11.5635375977, 12.1208162308, 12.6780948639, 13.235373497, 13.7694330215, 14.3267116547, 14.8723802567, 15.4180498123, 15.9521083832, 16.4861679077, 17.0202255249, 17.5775051117, 18.1231746674, 18.6688423157, 19.2261219025, 19.7834014893, 20.3406791687, 20.8979587555, 21.43201828, 21.9892959595, 22.523355484, 23.0806350708, 23.6263027191, 24.1719722748, 24.7292518616, 25.2749195099, 25.8321990967, 26.3778686523, 26.9235363007, 27.4692058563, 28.014875412, 28.5605430603, 29.1178226471, 29.6751022339, 30.2323799133, 30.7896595001, 31.3469390869, 31.9042167664],
