{
"metadata": {
    "version": {
        "essentia": "2.1-beta5",
        "essentia_git_sha": "Undefined",
        "extractor": "music 2.0"
    },
    "audio_properties": {
        "analysis": {
            "equal_loudness": 0,
            "length": 32.4963264465,
            "sample_rate": 44100,
            "start_time": 29.0017242432,
            "downmix": "mix"
        },
        "bit_rate": 192000,
        "length": 307.339324951,
        "lossless": 0,
        "number_channels": 2,
        "replay_gain": -9.63784217834,
        "sample_rate": 48000,
        "codec": "mp3",
        "md5_encoded": "108b6fbacde871f4ea2ed5c3b879bf7f"
    },
    "tags": {
        "file_name": "Italy_Per Lucia_Riccardo Fogli.mp3",
        "encoding": ["Lavf58.29.100"]
    }
},
"lowlevel": {
    "average_loudness": 0.756971776485,
    "barkbands_crest": {
        "max": 25.9228096008,
        "mean": 9.4737739563,
        "min": 2.15523886681,
        "stdev": 4.84402608871
    },
    "barkbands_flatness_db": {
        "max": 0.378469437361,
        "mean": 0.155142277479,
        "min": 0.037199433893,
        "stdev": 0.0574410185218
    },
    "barkbands_kurtosis": {
        "max": 136.998519897,
        "mean": 4.00932836533,
        "min": -1.91863811016,
        "stdev": 9.81517696381
    },
    "barkbands_skewness": {
        "max": 10.4729938507,
        "mean": 0.782701015472,
        "min": -6.32289171219,
        "stdev": 1.79438054562
    },
    "barkbands_spread": {
        "max": 90.0268936157,
        "mean": 20.2414875031,
        "min": 1.19854557514,
        "stdev": 13.7416362762
    },
    "dissonance": {
        "max": 0.5,
        "mean": 0.466370373964,
        "min": 0.19829455018,
        "stdev": 0.0364131443202
    },
    "dynamic_complexity": 6.95587062836,
    "erbbands_crest": {
        "max": 27.2779350281,
        "mean": 9.51227092743,
        "min": 3.01333785057,
        "stdev": 4.39282512665
    },
    "erbbands_flatness_db": {
        "max": 0.427717834711,
        "mean": 0.213073253632,
        "min": 0.0805973559618,
        "stdev": 0.0576980486512
    },
    "erbbands_kurtosis": {
        "max": 44.0473861694,
        "mean": 1.62580931187,
        "min": -1.93141436577,
        "stdev": 4.95603466034
    },
    "erbbands_skewness": {
        "max": 5.26582098007,
        "mean": 0.0249777641147,
        "min": -5.68036937714,
        "stdev": 1.19351065159
    },
    "erbbands_spread": {
        "max": 126.974609375,
        "mean": 31.1418075562,
        "min": 3.1854429245,
        "stdev": 20.0905399323
    },
    "hfc": {
        "max": 103.775238037,
        "mean": 11.999045372,
        "min": 0.0196203757077,
        "stdev": 17.3505153656
    },
    "loudness_ebu128": {
        "integrated": -17.0276241302,
        "loudness_range": 12.3064317703,
        "momentary": {
            "max": -12.1025352478,
            "mean": -20.7713031769,
            "min": -42.0877151489,
            "stdev": 6.23434400558
        },
        "short_term": {
            "max": -14.4473180771,
            "mean": -19.6894321442,
            "min": -28.3606185913,
            "stdev": 5.07139730453
        }
    },
    "melbands_crest": {
        "max": 30.329334259,
        "mean": 12.4021863937,
        "min": 2.59997391701,
        "stdev": 6.66150951385
    },
    "melbands_flatness_db": {
        "max": 0.450250267982,
        "mean": 0.159522607923,
        "min": 0.0172798372805,
        "stdev": 0.0800238624215
    },
    "melbands_kurtosis": {
        "max": 262.722686768,
        "mean": 9.21115684509,
        "min": -1.90700602531,
        "stdev": 19.4373645782
    },
    "melbands_skewness": {
        "max": 11.9751033783,
        "mean": 1.75141656399,
        "min": -3.00011610985,
        "stdev": 1.99139106274
    },
    "melbands_spread": {
        "max": 278.460906982,
        "mean": 37.3578491211,
        "min": 1.06022429466,
        "stdev": 39.7639884949
    },
    "pitch_salience": {
        "max": 0.905662357807,
        "mean": 0.663640975952,
        "min": 0.105568006635,
        "stdev": 0.141597151756
    },
    "silence_rate_20dB": {
        "max": 1,
        "mean": 1,
        "min": 1,
        "stdev": 0
    },
    "silence_rate_30dB": {
        "max": 1,
        "mean": 1,
        "min": 1,
        "stdev": 0
    },
    "silence_rate_60dB": {
        "max": 1,
        "mean": 0.461099207401,
        "min": 0,
        "stdev": 0.498485893011
    },
    "spectral_centroid": {
        "max": 6487.95898438,
        "mean": 1868.24609375,
        "min": 293.672058105,
        "stdev": 1046.10742188
    },
    "spectral_complexity": {
        "max": 45,
        "mean": 11.5274801254,
        "min": 0,
        "stdev": 10.2966308594
    },
    "spectral_decrease": {
        "max": -2.65994865023e-12,
        "mean": -2.30689511937e-09,
        "min": -2.78555916111e-08,
        "stdev": 3.90352772328e-09
    },
    "spectral_energy": {
        "max": 0.112284511328,
        "mean": 0.00979511160403,
        "min": 1.20462782434e-05,
        "stdev": 0.0161481890827
    },
    "spectral_energyband_high": {
        "max": 0.00870745722204,
        "mean": 0.000275332422461,
        "min": 7.33460638003e-07,
        "stdev": 0.000546189490706
    },
    "spectral_energyband_low": {
        "max": 0.00183871842455,
        "mean": 3.35992808687e-05,
        "min": 1.8410685243e-07,
        "stdev": 8.06910029496e-05
    },
    "spectral_energyband_middle_high": {
        "max": 0.0489445738494,
        "mean": 0.0043265116401,
        "min": 2.15417503568e-06,
        "stdev": 0.00779712479562
    },
    "spectral_energyband_middle_low": {
        "max": 0.0999516025186,
        "mean": 0.00522689474747,
        "min": 1.3914881265e-06,
        "stdev": 0.0108403079212
    },
    "spectral_entropy": {
        "max": 8.7844209671,
        "mean": 7.64468669891,
        "min": 5.52492952347,
        "stdev": 0.510584592819
    },
    "spectral_flux": {
        "max": 0.277675241232,
        "mean": 0.0570957809687,
        "min": 0.00201846659184,
        "stdev": 0.0503297001123
    },
    "spectral_kurtosis": {
        "max": 62.7385177612,
        "mean": 5.05839490891,
        "min": -1.17881727219,
        "stdev": 5.29149389267
    },
    "spectral_rms": {
        "max": 0.0104664163664,
        "mean": 0.0023678089492,
        "min": 0.000108408792585,
        "stdev": 0.00198738067411
    },
    "spectral_rolloff": {
        "max": 11046.5332031,
        "mean": 2603.39453125,
        "min": 193.798828125,
        "stdev": 2074.09985352
    },
    "spectral_skewness": {
        "max": 5.93473529816,
        "mean": 1.46176934242,
        "min": -0.459007948637,
        "stdev": 0.655639231205
    },
    "spectral_spread": {
        "max": 12326981,
        "mean": 3991230,
        "min": 1021391.5625,
        "stdev": 1518670
    },
    "spectral_strongpeak": {
        "max": 6.74683523178,
        "mean": 0.830507934093,
        "min": 0,
        "stdev": 0.976613104343
    },
    "zerocrossingrate": {
        "max": 0.3671875,
        "mean": 0.0948227569461,
        "min": 0.01171875,
        "stdev": 0.0609912797809
    },
    "barkbands": {
        "max": [7.46278092265e-05, 0.00109391123988, 0.00130137614906, 0.00262420577928, 0.016877586022, 0.069459438324, 0.0754033401608, 0.0461885072291, 0.0580588243902, 0.0195195693523, 0.0208830088377, 0.0232761185616, 0.0186283364892, 0.0167998615652, 0.0177113190293, 0.0210676621646, 0.0276882946491, 0.00748417945579, 0.00659636920318, 0.000755004934035, 0.00284221000038, 0.0030512700323, 0.00213762349449, 0.00229329685681, 0.000531024532393, 3.17495723721e-05, 9.57325596573e-08],
        "mean": [2.55412533079e-06, 1.04940008896e-05, 9.48727665673e-06, 4.80818016513e-05, 0.000425321311923, 0.000901175255422, 0.00150265055709, 0.00123461335897, 0.000991812674329, 0.000463269592728, 0.000357331038686, 0.000317073980113, 0.000475640379591, 0.000643124745693, 0.000654490548186, 0.000519997032825, 0.00051924912259, 0.000256556493696, 0.000162912125234, 5.64499059692e-05, 6.57037671772e-05, 5.80836203881e-05, 5.87768226978e-05, 4.33916320617e-05, 1.51822860062e-05, 1.68326630501e-06, 4.30479513147e-10],
        "min": [2.1458729238e-10, 7.84637990137e-08, 4.61272442465e-08, 4.12249008264e-08, 1.34367539317e-07, 2.23143757694e-07, 1.18303034924e-07, 9.68174589389e-08, 1.61602315529e-07, 3.90623249302e-08, 3.79485598501e-08, 6.869638014e-08, 7.58091687203e-08, 1.08451942538e-07, 9.07832458097e-08, 1.55548292469e-07, 1.28889809048e-07, 1.70435129121e-07, 1.41151517141e-07, 5.27759382862e-08, 4.78072799126e-08, 3.81947664607e-08, 3.25139843937e-08, 2.46894593658e-08, 1.97033802607e-08, 3.45647155342e-09, 1.64870391645e-11],
        "stdev": [4.72555211672e-06, 4.07122788602e-05, 4.14667265431e-05, 0.000154398527229, 0.00119512877427, 0.00366465328261, 0.00537022901699, 0.00395714398474, 0.00375773757696, 0.0016683380818, 0.00134190509561, 0.00119356089272, 0.00166963518132, 0.00175911106635, 0.00172424153425, 0.00146859511733, 0.00145998492371, 0.000599862076342, 0.000422357436037, 7.96411040938e-05, 0.000140728312545, 0.000166291327332, 0.000157603120897, 0.000135357942781, 3.55028787453e-05, 2.17247020373e-06, 2.75063105626e-09]
    },
    "erbbands": {
        "max": [0.0145566407591, 0.294086754322, 1.32819485664, 3.1432056427, 20.1626224518, 103.11631012, 144.759552002, 781.124389648, 1009.4319458, 2063.28564453, 783.660583496, 1722.24279785, 684.997924805, 743.267700195, 578.819824219, 782.62512207, 990.779663086, 873.668334961, 889.264343262, 1185.13464355, 1175.02905273, 1662.00866699, 519.783996582, 402.151306152, 150.949508667, 38.7260246277, 69.5582427979, 157.601806641, 136.415893555, 61.8309936523, 60.9803543091, 47.726600647, 31.3558425903, 11.4192962646, 1.61923718452, 0.276085823774, 0.0177800040692, 0.000459481816506, 8.14333980088e-05, 0.000132363114972],
        "mean": [0.000300341111142, 0.00244834157638, 0.0102472268045, 0.0831180512905, 0.58820605278, 1.756534338, 2.74556207657, 9.16138744354, 17.0446949005, 30.2978782654, 25.084821701, 21.7830352783, 16.2437019348, 16.8562641144, 12.6429519653, 13.3834676743, 21.3132724762, 30.0728607178, 36.0553245544, 30.4601478577, 29.9224681854, 28.528087616, 15.6830015182, 11.7238302231, 4.94558954239, 2.71280741692, 2.98696041107, 2.28573870659, 2.13877034187, 1.86476123333, 1.6512131691, 1.10566878319, 0.591092050076, 0.230133354664, 0.0772963017225, 0.015585728921, 0.000805925519671, 2.86551294266e-05, 8.62121669343e-06, 1.28361907628e-05],
        "min": [2.12603413274e-06, 1.85546232387e-05, 7.22464246792e-05, 0.000124914251501, 0.000185342592886, 0.000481180206407, 0.00150375184603, 0.00268190144561, 0.00154968968127, 0.00232629431412, 0.00305100507103, 0.00385039648972, 0.00148271129001, 0.00202207290567, 0.00165309337899, 0.00354956858791, 0.00400128820911, 0.00552684394643, 0.00635533733293, 0.00772621063516, 0.00911179557443, 0.00802073720843, 0.0103471446782, 0.00903682503849, 0.00510335620493, 0.00305858906358, 0.00195713713765, 0.0017751500709, 0.0014916228829, 0.001287653693, 0.000972076668404, 0.000699764525052, 0.00031725782901, 0.000226840376854, 0.000760291644838, 0.000302086002193, 1.77014062501e-05, 1.82564474471e-06, 2.13893642353e-07, 4.3963158447e-08],
        "stdev": [0.000692778849043, 0.0110095972195, 0.0423030629754, 0.208895072341, 1.65699422359, 6.38582611084, 7.15835475922, 39.3313179016, 61.7040786743, 116.449302673, 77.7043609619, 87.6311416626, 57.4508514404, 62.2423858643, 42.1033325195, 44.2500038147, 73.340133667, 84.7107162476, 93.2113342285, 76.0428924561, 83.8972015381, 80.608039856, 35.6408538818, 32.8185043335, 9.90109062195, 3.67437791824, 5.1122045517, 6.31307029724, 6.85056877136, 4.65638303757, 4.52950191498, 3.32419586182, 1.79132187366, 0.619373142719, 0.14883069694, 0.02128729783, 0.00157262664288, 4.71586754429e-05, 1.08317981358e-05, 1.95634038391e-05]
    },
    "gfcc": {
        "mean": [-117.924789429, 59.2213935852, -164.406051636, 24.668422699, -83.6920318604, 5.99223852158, -57.945930481, 9.30442142487, -19.390001297, 1.01703739166, -11.9017391205, -1.50773108006, -2.53008413315],
        "cov": [[7775.92480469, -231.242919922, -3132.984375, -1307.23352051, -496.759674072, -192.973175049, 7.86956119537, -53.520072937, 827.685791016, -0.719583809376, 519.828796387, -299.867614746, 313.542205811], [-231.242919922, 1459.28796387, 69.2509231567, -541.184204102, 137.965835571, -521.794189453, -4.41149902344, -75.0829620361, -56.6089134216, -57.3436317444, 17.8704605103, -73.7241210938, -1.42973566055], [-3132.984375, 69.2509231567, 1985.45996094, 894.794555664, -57.6263771057, -10.5945520401, -112.209182739, -76.1195297241, -378.960723877, -99.9236526489, -265.814575195, 90.9796295166, -117.472633362], [-1307.23352051, -541.184204102, 894.794555664, 1024.90661621, -7.13363361359, 64.6574859619, -101.997489929, -47.2400016785, -190.834014893, -85.6536712646, -159.97454834, 29.8825702667, -46.596912384], [-496.759674072, 137.965835571, -57.6263771057, -7.13363361359, 360.373138428, 14.9386386871, -13.5702228546, 65.6395568848, -34.8254356384, 36.6214370728, -36.2289924622, 26.9773654938, -57.0316848755], [-192.973175049, -521.794189453, -10.5945520401, 64.6574859619, 14.9386386871, 535.051940918, 150.775024414, 22.3354625702, -58.5753250122, 52.8673820496, -54.5847816467, 6.4807510376, -46.2159690857], [7.86956119537, -4.41149902344, -112.209182739, -101.997489929, -13.5702228546, 150.775024414, 226.048171997, 34.9915122986, -69.2334747314, 6.01840543747, -0.70949369669, -15.8715991974, -18.7000732422], [-53.520072937, -75.0829620361, -76.1195297241, -47.2400016785, 65.6395568848, 22.3354625702, 34.9915122986, 144.682678223, 54.8375434875, 34.4913291931, 12.6618146896, 32.6596183777, -6.36787033081], [827.685791016, -56.6089134216, -378.960723877, -190.834014893, -34.8254356384, -58.5753250122, -69.2334747314, 54.8375434875, 298.730926514, 65.3567886353, 87.3100738525, -10.2051696777, 56.9338684082], [-0.719583809376, -57.3436317444, -99.9236526489, -85.6536712646, 36.6214370728, 52.8673820496, 6.01840543747, 34.4913291931, 65.3567886353, 137.16986084, 39.9959106445, 41.3291969299, 0.358487039804], [519.828796387, 17.8704605103, -265.814575195, -159.97454834, -36.2289924622, -54.5847816467, -0.70949369669, 12.6618146896, 87.3100738525, 39.9959106445, 148.799713135, 32.2528190613, 35.1737861633], [-299.867614746, -73.7241210938, 90.9796295166, 29.8825702667, 26.9773654938, 6.4807510376, -15.8715991974, 32.6596183777, -10.2051696777, 41.3291969299, 32.2528190613, 126.214645386, 23.0652618408], [313.542205811, -1.42973566055, -117.472633362, -46.596912384, -57.0316848755, -46.2159690857, -18.7000732422, -6.36787033081, 56.9338684082, 0.358487039804, 35.1737861633, 23.0652618408, 95.4434280396]],
        "icov": [[0.000709024548996, -7.01380340615e-05, 0.00107732333709, -0.000162271157023, 0.00092779553961, -0.000101636418549, 0.000396541086957, 0.000177760259248, -0.000489158031996, 0.000574069272261, -0.00051164929755, 0.000650056055747, -0.000167681762832], [-7.01380340615e-05, 0.00381087930873, -0.00193629565183, 0.00309626036324, -0.00296660535969, 0.00377582805231, -0.00248272763565, 0.0026022803504, 0.000181465089554, 0.000153456829139, -0.000253017497016, 0.00247147283517, -0.00145406613592], [0.00107732333709, -0.00193629565183, 0.00389705342241, -0.00240370375104, 0.00361307174899, -0.00159078929573, 0.00225798529573, -0.00105841713957, 7.14933121344e-05, 0.000531775294803, 0.000998058705591, -0.00169904110953, 0.00181347050238], [-0.000162271157023, 0.00309626036324, -0.00240370375104, 0.00434096995741, -0.00258935266174, 0.00256837252527, -0.00117799988948, 0.00188931310549, 0.000505163916387, 0.000649845635053, 0.000172102692886, 0.00197289511561, -0.00151203467976], [0.00092779553961, -0.00296660535969, 0.00361307174899, -0.00258935266174, 0.00760854454711, -0.00267268694006, 0.00364664755762, -0.00359655730426, 0.000583383836783, -0.000453755405033, 0.0014566720929, -0.00244016596116, 0.00352385616861], [-0.000101636418549, 0.00377582805231, -0.00159078929573, 0.00256837252527, -0.00267268694006, 0.00660340487957, -0.00448567932472, 0.00304637732916, -5.12187943968e-05, -0.00119949528016, 0.00140190229286, 0.00145337218419, -0.0002215494751], [0.000396541086957, -0.00248272763565, 0.00225798529573, -0.00117799988948, 0.00364664755762, -0.00448567932472, 0.0101644964889, -0.00514049781486, 0.00362827605568, -0.000189889076864, -0.000948525441345, 0.000702449469827, 0.000535844999831], [0.000177760259248, 0.0026022803504, -0.00105841713957, 0.00188931310549, -0.00359655730426, 0.00304637732916, -0.00514049781486, 0.0125745097175, -0.00403977232054, 0.000617075071204, 0.000779752910603, -0.00190652406309, 0.000813375227153], [-0.000489158031996, 0.000181465089554, 7.14933121344e-05, 0.000505163916387, 0.000583383836783, -5.12187943968e-05, 0.00362827605568, -0.00403977232054, 0.00843981746584, -0.00331090064719, -0.0012075335253, 0.00268735387363, -0.00251707527786], [0.000574069272261, 0.000153456829139, 0.000531775294803, 0.000649845635053, -0.000453755405033, -0.00119949528016, -0.000189889076864, 0.000617075071204, -0.00331090064719, 0.0116101028398, -0.00188526522834, -0.00298653100617, 0.00158812280279], [-0.00051164929755, -0.000253017497016, 0.000998058705591, 0.000172102692886, 0.0014566720929, 0.00140190229286, -0.000948525441345, 0.000779752910603, -0.0012075335253, -0.00188526522834, 0.0134419221431, -0.0060427011922, 0.00163886754308], [0.000650056055747, 0.00247147283517, -0.00169904110953, 0.00197289511561, -0.00244016596116, 0.00145337218419, 0.000702449469827, -0.00190652406309, 0.00268735387363, -0.00298653100617, -0.0060427011922, 0.0167876053602, -0.00739229051396], [-0.000167681762832, -0.00145406613592, 0.00181347050238, -0.00151203467976, 0.00352385616861, -0.0002215494751, 0.000535844999831, 0.000813375227153, -0.00251707527786, 0.00158812280279, 0.00163886754308, -0.00739229051396, 0.0173359550536]]
    },
    "melbands": {
        "max": [0.000233272847254, 0.000500255089719, 0.00124918797519, 0.00407475605607, 0.00415769824758, 0.0160075258464, 0.0135535141453, 0.020810265094, 0.00745852431282, 0.00967459473759, 0.0033015885856, 0.00312219583429, 0.00266185938381, 0.00312165287323, 0.00148665346205, 0.00238851411268, 0.00170903652906, 0.00161758437753, 0.00157214282081, 0.00165624648798, 0.00145848921966, 0.00177431316115, 0.000871879397891, 0.000266653572908, 0.000356975680916, 0.000199316549697, 2.93051834888e-05, 2.62208941422e-05, 3.57416465704e-05, 7.22938202671e-05, 8.95090925042e-05, 8.28644188005e-05, 4.9495469284e-05, 3.63566432497e-05, 3.96211762563e-05, 2.69536722044e-05, 3.27704692609e-05, 2.29766592383e-05, 1.76885296241e-05, 7.35651656214e-06],
        "mean": [2.90012644655e-06, 4.8747983783e-06, 2.76120808849e-05, 8.40195498313e-05, 9.33158371481e-05, 0.000202713010367, 0.000276657461654, 0.000321784144035, 0.000199696063646, 0.000133327455842, 7.90550693637e-05, 6.81385936332e-05, 4.53906177427e-05, 3.43909559888e-05, 4.03681988246e-05, 4.93220577482e-05, 5.67290990148e-05, 5.87092399655e-05, 4.8098838306e-05, 3.53251743945e-05, 3.50878253812e-05, 3.093522173e-05, 2.04767329706e-05, 1.05563103716e-05, 9.65215076576e-06, 5.22676828041e-06, 1.81754342066e-06, 1.73687124061e-06, 1.95641928258e-06, 1.5460340137e-06, 1.24170242088e-06, 1.22473045394e-06, 1.07823086637e-06, 1.0398100585e-06, 1.00853299045e-06, 7.71955342316e-07, 6.43696409952e-07, 4.50302309218e-07, 2.83819332481e-07, 1.66391131984e-07],
        "min": [2.13923243564e-08, 3.3538334776e-08, 2.25300169632e-08, 2.43975986081e-08, 4.8176950429e-08, 5.84794435099e-08, 2.4539511756e-08, 2.36388579822e-08, 2.09131467699e-08, 2.50443132899e-08, 4.79472461734e-09, 7.90624010705e-09, 4.81140771669e-09, 8.07779176881e-09, 8.05456412678e-09, 8.88965434598e-09, 1.04187591887e-08, 7.40322514403e-09, 9.85725279179e-09, 8.70632099748e-09, 8.30128499274e-09, 7.26165438891e-09, 5.59404478295e-09, 7.57118456818e-09, 7.02149982601e-09, 3.93712307201e-09, 1.59150714829e-09, 1.34235222937e-09, 9.35021948756e-10, 8.25514823166e-10, 7.29354021622e-10, 7.54934337266e-10, 6.39255148815e-10, 6.92338741892e-10, 5.40374966995e-10, 4.95792518151e-10, 3.44499734295e-10, 2.05737343828e-10, 1.79886053969e-11, 3.44161955879e-11],
        "stdev": [8.963151231e-06, 1.7910344468e-05, 7.61418341426e-05, 0.000265297916485, 0.000231094745686, 0.000850921147503, 0.00096480344655, 0.00118737621233, 0.000658321776427, 0.000540322274901, 0.000283282919554, 0.000252117955824, 0.00015703367535, 0.000134999572765, 0.000134517482365, 0.000175237975782, 0.000163021933986, 0.000159258779604, 0.000126455619466, 9.85470178421e-05, 0.000102565689303, 8.9238237706e-05, 5.76762540732e-05, 2.52353383985e-05, 2.87472594209e-05, 1.3307183508e-05, 2.6593900202e-06, 2.53562461694e-06, 3.31774640472e-06, 3.83305814466e-06, 3.55383576789e-06, 4.14019905293e-06, 2.98298732559e-06, 2.71340422842e-06, 2.91848573397e-06, 1.99150122171e-06, 2.21125060307e-06, 1.43080660564e-06, 8.47868875553e-07, 4.56325551568e-07]
    },
    "melbands128": {
        "max": [2.90508614853e-05, 5.76453276153e-05, 0.000359780271538, 0.000560930173378, 0.000688063446432, 0.000577487458941, 0.000248756550718, 0.00195788312703, 0.00276506738737, 0.00411143479869, 0.00814916193485, 0.00331458216533, 0.00676597515121, 0.00369006418623, 0.015553874895, 0.0316841006279, 0.0198950208724, 0.0200981535017, 0.0304043740034, 0.0395712703466, 0.0151984076947, 0.0123640540987, 0.0140497134998, 0.0154247563332, 0.0206456985325, 0.0141500700265, 0.00727337738499, 0.00560322776437, 0.00431728316471, 0.00658361334354, 0.00495669338852, 0.00558416638523, 0.0035810796544, 0.00347677944228, 0.00768889999017, 0.00202812394127, 0.00387622904964, 0.00277200480923, 0.00314724072814, 0.00460011744872, 0.00275366497226, 0.00294324639253, 0.00316291884519, 0.00246283155866, 0.00289138965309, 0.00302913412452, 0.00255321944132, 0.00179783557542, 0.00246356450953, 0.00173431809526, 0.00259570009075, 0.00231759529561, 0.00170067395084, 0.00271016941406, 0.00115644466132, 0.00188363320194, 0.0036225176882, 0.00175886892248, 0.000808433454949, 0.000471932435175, 0.000302617525449, 0.000502935377881, 0.000563937937841, 0.000457961519714, 0.000360812584404, 0.000308233837131, 9.02047686395e-05, 3.27559246216e-05, 3.96590730816e-05, 2.93826306006e-05, 4.33353852713e-05, 4.90157544846e-05, 6.69418004691e-05, 4.59990042145e-05, 6.97853029124e-05, 8.89490038389e-05, 9.24293344724e-05, 0.000146511054481, 6.73139365972e-05, 7.35041685402e-05, 7.58799287723e-05, 0.000111217545054, 9.24164196476e-05, 5.26242183696e-05, 3.90608583984e-05, 3.34061842295e-05, 4.74734370073e-05, 6.82046083966e-05, 3.75275085389e-05, 4.94127743877e-05, 2.494841101e-05, 2.94753353955e-05, 3.56171549356e-05, 3.72637659893e-05, 4.35992478742e-05, 3.9140235458e-05, 1.95332049771e-05, 2.12656668737e-05, 2.64958071057e-05, 1.13770665848e-05, 6.06261619396e-06, 9.43324539548e-06, 5.83288056077e-06, 3.84796203434e-06, 1.78773973403e-06, 1.33488640586e-06, 1.00520617252e-06, 5.9114540818e-07, 7.153015531e-07, 4.09829596038e-07, 1.79380649001e-07, 1.28104460373e-07, 1.80405628214e-08, 5.45840705968e-09, 3.95981958334e-09, 4.0856340533e-09, 9.46410394498e-10, 4.60755295029e-10, 4.39453279322e-10, 4.25632279422e-10, 4.11343681339e-10, 4.0266673329e-10, 3.91568194535e-10, 3.8436570593e-10, 3.7513275819e-10, 3.71139508015e-10, 3.68444025289e-10, 3.66211255765e-10],
        "mean": [1.3450936649e-06, 2.3503457669e-06, 3.47880632035e-06, 4.0957957026e-06, 4.15928479924e-06, 4.99584712088e-06, 1.04514683699e-05, 3.0843737477e-05, 5.65740810998e-05, 8.54747995618e-05, 0.000108684347651, 8.59766587382e-05, 8.36198742036e-05, 0.000103602586023, 0.00018612362328, 0.000280875276076, 0.000253671081737, 0.000259345310042, 0.000309260649374, 0.000407653133152, 0.000285518355668, 0.000194518084754, 0.000209563120734, 0.000180010232725, 0.000134571659146, 0.000121749311802, 0.000105898376205, 6.42321101623e-05, 6.98840449331e-05, 6.53916722513e-05, 7.38445451134e-05, 6.18504200247e-05, 4.18612653448e-05, 3.30047114403e-05, 3.95734859922e-05, 3.0723396776e-05, 3.35833829013e-05, 3.84157610824e-05, 4.69035112474e-05, 4.78477813886e-05, 4.82795767311e-05, 5.37089908903e-05, 5.61554370506e-05, 5.7152887166e-05, 6.30251452094e-05, 5.84232002439e-05, 5.51195917069e-05, 5.35010549356e-05, 4.19852876803e-05, 3.81299905712e-05, 3.30978291458e-05, 3.39076323144e-05, 3.5729190131e-05, 3.57752360287e-05, 3.3983051253e-05, 2.9854967579e-05, 2.99379316857e-05, 2.45594110311e-05, 1.72768504854e-05, 1.1639589502e-05, 9.24967662286e-06, 1.05007165985e-05, 1.06893712655e-05, 8.94358799997e-06, 8.82379117684e-06, 6.10571305515e-06, 2.30596128858e-06, 1.86907686839e-06, 1.77275410351e-06, 1.63304753187e-06, 1.68586802829e-06, 1.78344816959e-06, 1.95739971787e-06, 2.11663814298e-06, 1.81711641289e-06, 1.5519324279e-06, 1.46069635321e-06, 1.29064324028e-06, 1.20730999242e-06, 1.19308151625e-06, 1.21133211906e-06, 1.26952102164e-06, 1.18607249533e-06, 1.06720426629e-06, 9.72058160187e-07, 9.94623633233e-07, 1.06105494524e-06, 1.13209409847e-06, 1.03710237909e-06, 9.07342496248e-07, 8.26515361041e-07, 7.17077512036e-07, 7.07645597231e-07, 6.50253866752e-07, 6.1411731167e-07, 5.41773488294e-07, 3.95716341473e-07, 3.48619607848e-07, 3.14265719226e-07, 2.54756429285e-07, 1.39874998695e-07, 1.74751917825e-07, 1.5676869225e-07, 1.1741113326e-07, 7.74832713546e-08, 4.89102660595e-08, 6.5326155152e-08, 4.45313368402e-08, 1.48545389322e-08, 1.19407266297e-08, 6.62806520779e-09, 8.90268858633e-10, 5.57229228038e-11, 1.71865958964e-11, 1.31696424599e-11, 1.00621819904e-11, 3.24687889422e-12, 1.9773765958e-12, 1.90222555589e-12, 1.790248505e-12, 1.74035438838e-12, 1.70211717984e-12, 1.66888855166e-12, 1.63681405669e-12, 1.58436816184e-12, 1.5213383938e-12, 1.48392474524e-12, 1.47194539543e-12],
        "min": [1.76746894898e-10, 5.96507199191e-09, 2.21427658431e-08, 1.17881704398e-08, 1.9697532494e-08, 1.95960030425e-08, 4.47434933548e-09, 1.85479418491e-08, 1.64150968374e-08, 9.89215198643e-09, 1.41086387018e-08, 2.98881381866e-08, 8.08728284341e-09, 1.79338925932e-08, 1.71716632025e-08, 9.29919963255e-09, 1.24276322566e-08, 1.35845432681e-08, 1.25895054381e-08, 9.28794019472e-09, 9.79786918265e-09, 3.07451797354e-09, 5.55834001048e-09, 7.64817009724e-09, 1.08383284569e-08, 2.95795432592e-09, 6.35615027278e-09, 2.79084533261e-09, 2.37104380574e-09, 6.03182792602e-09, 4.5267785076e-09, 3.14865022943e-09, 3.05570702075e-09, 2.73837708065e-09, 2.4851918301e-09, 2.69279443188e-09, 2.04956585037e-09, 3.52172269125e-09, 8.28188961854e-10, 1.26278143497e-09, 1.43282230525e-09, 4.09773148746e-09, 6.31147267782e-09, 3.79146669616e-09, 4.73237449228e-09, 3.04538860796e-09, 4.46253833886e-09, 2.84407142281e-09, 4.69881999976e-09, 6.71425537391e-09, 4.92871432556e-09, 3.58100749054e-09, 4.74765382563e-09, 3.31335647807e-09, 1.18346277223e-09, 4.02375111008e-09, 4.01357080904e-09, 2.42138997741e-09, 3.24219895376e-09, 3.470920662e-09, 4.42613412588e-09, 4.04155420242e-09, 2.99520985791e-09, 2.86800538873e-09, 1.410624062e-09, 2.88815016347e-09, 8.05129074521e-10, 8.42013847535e-10, 9.57087853415e-10, 3.89240972787e-10, 9.57292689563e-10, 4.89284002203e-10, 6.67640498442e-10, 6.02678296158e-10, 7.54194817709e-10, 3.77712056077e-10, 4.78169309703e-11, 1.16589141119e-10, 5.69637892411e-10, 5.79347902985e-10, 1.74744163584e-10, 4.56517518233e-10, 3.88495902115e-11, 8.81245632023e-11, 1.7447229772e-10, 1.69150624063e-10, 1.23123542611e-11, 2.75302308728e-10, 4.59133953079e-10, 3.15899861825e-10, 1.04139995238e-10, 7.04755073744e-11, 7.04229938253e-11, 1.94302726686e-10, 2.23235971375e-10, 1.69885355783e-10, 1.76089573478e-10, 1.34085633222e-11, 2.26396397289e-12, 2.05382287783e-13, 2.08143357693e-13, 2.83201587181e-12, 3.99116590472e-12, 2.84988043364e-13, 4.20257172161e-13, 1.01289408718e-12, 8.54276094309e-10, 4.67716698704e-10, 7.76001238636e-14, 5.13405575106e-14, 4.45984056434e-14, 4.17717821596e-14, 4.719618793e-14, 3.89334221871e-14, 4.20742847301e-14, 4.9531132505e-14, 4.3268275925e-14, 4.53215142824e-14, 6.08977115697e-14, 5.0825981607e-14, 4.23533041592e-14, 4.57084084395e-14, 5.96387834408e-14, 5.3394232937e-14, 3.60991178085e-14, 1.57446264007e-14, 1.76069435317e-15, 6.60905464203e-17],
        "stdev": [2.33567016039e-06, 4.13733323512e-06, 1.33425146487e-05, 2.06796503335e-05, 2.27243090194e-05, 1.96668697754e-05, 2.66601928161e-05, 0.000109101638373, 0.000193141037016, 0.000304817513097, 0.000482430419652, 0.000286952796159, 0.000300633866573, 0.000302631611703, 0.000842701760121, 0.00161677203141, 0.00117870653048, 0.00126107304823, 0.00149052671622, 0.00195647310466, 0.00113929796498, 0.000806739379186, 0.000901758496184, 0.000881854153704, 0.000784620351624, 0.000668735825457, 0.000548055802938, 0.000309821858536, 0.000296287500532, 0.000319406972267, 0.000356542004738, 0.000296751444694, 0.000183729236596, 0.000145345256897, 0.000267914234428, 0.000117142109957, 0.00016193598276, 0.000143759141793, 0.000224219649681, 0.000231637677643, 0.000204030890018, 0.000213144478039, 0.00020203072927, 0.000191178565728, 0.000220162648475, 0.000210305253859, 0.000174409215106, 0.000163892182172, 0.000129512947751, 0.000111167981231, 0.000114635506179, 0.000118965530419, 0.000117801930173, 0.000123068137327, 9.88371830317e-05, 9.36593860388e-05, 0.000123243342387, 8.58537532622e-05, 4.90324746352e-05, 2.7919149943e-05, 2.30656241911e-05, 3.69791559933e-05, 3.78967888537e-05, 2.92846598313e-05, 2.71987883025e-05, 1.89326565305e-05, 4.35880292571e-06, 2.96433722724e-06, 2.99738348986e-06, 2.66629695034e-06, 2.8368308449e-06, 3.20255344377e-06, 4.06322396884e-06, 4.31646139987e-06, 3.88481203117e-06, 4.19536536356e-06, 4.78008041682e-06, 4.63782180304e-06, 3.22955906995e-06, 3.66791232409e-06, 3.90050036003e-06, 5.09878691446e-06, 4.42717828264e-06, 3.09199140247e-06, 2.46404988502e-06, 2.49744857683e-06, 3.17844001074e-06, 3.67702591575e-06, 3.15636589221e-06, 2.77723756881e-06, 2.21112054533e-06, 1.8853261281e-06, 2.19078788177e-06, 2.35826473727e-06, 2.54858832704e-06, 2.05897367778e-06, 1.12953875941e-06, 1.16046714993e-06, 1.08514404928e-06, 7.15725548162e-07, 3.7881022763e-07, 5.74989428515e-07, 4.26641122431e-07, 2.75103445802e-07, 1.56862910217e-07, 9.09950017558e-08, 6.75047999721e-08, 5.00890102728e-08, 4.25924895353e-08, 2.94450366312e-08, 1.65460480872e-08, 5.61407231814e-09, 6.70508704115e-10, 1.81338166705e-10, 1.43664996566e-10, 1.19778784113e-10, 2.90041567153e-11, 1.29311023694e-11, 1.23555887743e-11, 1.19763097009e-11, 1.15849552174e-11, 1.13382497835e-11, 1.1034850117e-11, 1.08325640125e-11, 1.05832408809e-11, 1.04701776762e-11, 1.0392894878e-11, 1.03306235094e-11]
    },
    "mfcc": {
        "mean": [-741.196228027, 84.2381439209, -28.7815151215, 4.75089836121, -7.52968788147, -10.665140152, -21.8447933197, -3.9071059227, -7.67625236511, -2.330991745, -4.93380784988, 0.811389505863, -5.75572538376],
        "cov": [[10095.0810547, -569.744567871, -2864.06225586, -1732.83911133, -746.180908203, -555.975830078, -604.172851562, -318.90032959, 93.7154464722, 312.002502441, 189.487258911, 243.723052979, 232.805587769], [-569.744567871, 2060.80541992, -406.067779541, -110.456977844, -131.360565186, -342.388671875, -77.0899353027, -137.283752441, -105.65309906, -49.7149276733, -44.5273132324, 51.7184143066, -76.3560333252], [-2864.06225586, -406.067779541, 1810.71606445, 770.639038086, 162.319717407, 215.971008301, 114.044464111, 63.9628143311, -47.2579689026, -167.089447021, -155.665252686, -120.89566803, -111.823326111], [-1732.83911133, -110.456977844, 770.639038086, 896.834899902, 246.501144409, -0.45497405529, 12.8714494705, 17.2560806274, -72.2084732056, -114.591766357, -125.263771057, -87.012512207, -77.6578445435], [-746.180908203, -131.360565186, 162.319717407, 246.501144409, 342.7293396, 47.0430679321, -51.8655700684, 29.0504131317, 7.81998586655, -15.5440206528, 8.22115516663, -35.9460029602, 3.08021378517], [-555.975830078, -342.388671875, 215.971008301, -0.45497405529, 47.0430679321, 333.637084961, 178.962509155, 53.0902900696, 31.4385375977, 10.886472702, 1.60756278038, -32.1124458313, -32.5287132263], [-604.172851562, -77.0899353027, 114.044464111, 12.8714494705, -51.8655700684, 178.962509155, 332.57208252, 97.4175415039, -3.09821748734, -11.2340478897, -17.4490833282, -32.2787208557, -54.0842514038], [-318.90032959, -137.283752441, 63.9628143311, 17.2560806274, 29.0504131317, 53.0902900696, 97.4175415039, 139.731567383, 27.6535739899, 2.22883605957, 15.2780971527, -22.578037262, -3.15146231651], [93.7154464722, -105.65309906, -47.2579689026, -72.2084732056, 7.81998586655, 31.4385375977, -3.09821748734, 27.6535739899, 127.678077698, 44.076839447, 15.638250351, 8.21828460693, 17.9492740631], [312.002502441, -49.7149276733, -167.089447021, -114.591766357, -15.5440206528, 10.886472702, -11.2340478897, 2.22883605957, 44.076839447, 128.491729736, 44.4548149109, 6.96979141235, 9.3601436615], [189.487258911, -44.5273132324, -155.665252686, -125.263771057, 8.22115516663, 1.60756278038, -17.4490833282, 15.2780971527, 15.638250351, 44.4548149109, 125.082931519, 40.0265808105, 40.8653717041], [243.723052979, 51.7184143066, -120.89566803, -87.012512207, -35.9460029602, -32.1124458313, -32.2787208557, -22.578037262, 8.21828460693, 6.96979141235, 40.0265808105, 97.0808258057, 39.8592338562], [232.805587769, -76.3560333252, -111.823326111, -77.6578445435, 3.08021378517, -32.5287132263, -54.0842514038, -3.15146231651, 17.9492740631, 9.3601436615, 40.8653717041, 39.8592338562, 116.079856873]],
        "icov": [[0.000413588597439, 0.000405721773859, 0.000521135050803, 0.000321848958265, 0.000547365285456, 0.000385142862797, 0.000487291632453, 0.000408865395002, 0.000109445572889, 6.11425457464e-06, 0.000341846985975, -2.74542162515e-05, 0.000357953133062], [0.000405721773859, 0.00111202744301, 0.000585250323638, 0.000466823374154, 0.000409991567722, 0.00121862324886, 8.69724826771e-05, 0.000937164179049, 0.000310269853799, 0.000231803729548, 0.000468224170618, -0.00033953221282, 0.00107553554699], [0.000521135050803, 0.000585250323638, 0.00177457835525, -0.000495665124618, 0.00108856777661, -0.000328554975567, 0.000973793212324, 0.000205237825867, 1.08815356725e-05, 0.000797024404164, 0.000588161230553, 0.000220365560381, 0.000707355968188], [0.000321848958265, 0.000466823374154, -0.000495665124618, 0.00297650042921, -0.00138932559639, 0.00156533461995, -0.000252519239439, 0.000597354024649, 0.000838746258523, 0.000186561694136, 0.0015616469318, -3.15699871862e-05, 0.000865793146659], [0.000547365285456, 0.000409991567722, 0.00108856777661, -0.00138932559639, 0.00559919141233, -0.00131852470804, 0.00265941652469, -0.000792913953774, -0.000332427647663, 0.000482653587824, -0.00114478124306, 0.00134272838477, -5.497177699e-05], [0.000385142862797, 0.00121862324886, -0.000328554975567, 0.00156533461995, -0.00131852470804, 0.00696694664657, -0.00335506326519, 0.00220001372509, -0.000753752072342, -0.000436726521002, 4.3638254283e-05, 0.000117218711239, 0.0013398717856], [0.000487291632453, 8.69724826771e-05, 0.000973793212324, -0.000252519239439, 0.00265941652469, -0.00335506326519, 0.00726433563977, -0.00383926858194, 0.00113183248322, 0.000423079443863, 0.000777081993874, -4.97862629345e-06, 0.00163771561347], [0.000408865395002, 0.000937164179049, 0.000205237825867, 0.000597354024649, -0.000792913953774, 0.00220001372509, -0.00383926858194, 0.0118934446946, -0.00240752892569, 0.000763561576605, -0.00202688737772, 0.0022484746296, -0.000182385629159], [0.000109445572889, 0.000310269853799, 1.08815356725e-05, 0.000838746258523, -0.000332427647663, -0.000753752072342, 0.00113183248322, -0.00240752892569, 0.0103313624859, -0.00326407002285, 0.00180279731285, -0.00132805062458, -0.00069718627492], [6.11425457464e-06, 0.000231803729548, 0.000797024404164, 0.000186561694136, 0.000482653587824, -0.000436726521002, 0.000423079443863, 0.000763561576605, -0.00326407002285, 0.0112814111635, -0.00338263204321, 0.00169240892865, 0.00132022891194], [0.000341846985975, 0.000468224170618, 0.000588161230553, 0.0015616469318, -0.00114478124306, 4.3638254283e-05, 0.000777081993874, -0.00202688737772, 0.00180279731285, -0.00338263204321, 0.0132516482845, -0.00431148055941, -0.00160734297242], [-2.74542162515e-05, -0.00033953221282, 0.000220365560381, -3.15699871862e-05, 0.00134272838477, 0.000117218711239, -4.97862629345e-06, 0.0022484746296, -0.00132805062458, 0.00169240892865, -0.00431148055941, 0.0150620536879, -0.00350642204285], [0.000357953133062, 0.00107553554699, 0.000707355968188, 0.000865793146659, -5.497177699e-05, 0.0013398717856, 0.00163771561347, -0.000182385629159, -0.00069718627492, 0.00132022891194, -0.00160734297242, -0.00350642204285, 0.012771230191]]
    },
    "spectral_contrast_coeffs": {
        "max": [-0.400805056095, -0.487964272499, -0.553669691086, -0.598011434078, -0.516217112541, -0.584278702736],
        "mean": [-0.692035019398, -0.770843327045, -0.816059529781, -0.8164691329, -0.794774770737, -0.771241188049],
        "min": [-0.95792901516, -0.939520955086, -0.930709779263, -0.936547756195, -0.898538470268, -0.882411599159],
        "stdev": [0.105920940638, 0.0972955077887, 0.0668287426233, 0.0577912628651, 0.0623377785087, 0.038068972528]
    },
    "spectral_contrast_valleys": {
        "max": [-7.43631029129, -4.37446784973, -4.95508813858, -5.35105037689, -6.14995384216, -8.24618625641],
        "mean": [-9.05434989929, -7.62975740433, -8.15635490417, -8.03649616241, -8.18635368347, -10.9268522263],
        "min": [-10.8462295532, -10.4905099869, -10.8198766708, -10.8644161224, -10.6834774017, -13.5707845688],
        "stdev": [0.501999020576, 1.12325036526, 1.31489789486, 1.40877902508, 1.0855871439, 1.1446968317]
    }
},
"rhythm": {
    "beats_count": 70,
    "beats_loudness": {
        "max": 0.0856594517827,
        "mean": 0.0145721640438,
        "min": 3.89633241866e-05,
        "stdev": 0.0207121446729
    },
    "bpm": 164.227859497,
    "bpm_histogram_first_peak_bpm": 167,
    "bpm_histogram_first_peak_weight": 0,
    "bpm_histogram_second_peak_bpm": 161,
    "bpm_histogram_second_peak_spread": 0.230769276619,
    "bpm_histogram_second_peak_weight": 0.144927531481,
    "danceability": 1.15099608898,
    "onset_rate": 4.27587842941,
    "beats_loudness_band_ratio": {
        "max": [0.677812933922, 0.921013772488, 0.862709105015, 0.779202282429, 0.798838734627, 0.974916577339],
        "mean": [0.101483717561, 0.236021101475, 0.233908578753, 0.131933540106, 0.185840010643, 0.169894516468],
        "min": [8.81209198269e-05, 0.00241005187854, 0.00204948079772, 0.000622846069746, 0.00271311635152, 0.000597125501372],
        "stdev": [0.186856836081, 0.2646715343, 0.228751063347, 0.174766242504, 0.183521926403, 0.275381207466]
    },
