{
"metadata": {
    "version": {
        "essentia": "2.1-beta5",
        "essentia_git_sha": "Undefined",
        "extractor": "music 2.0"
    },
    "audio_properties": {
        "analysis": {
            "equal_loudness": 0,
            "length": 29.0017242432,
            "sample_rate": 44100,
            "start_time": 0,
            "downmix": "mix"
        },
        "bit_rate": 192000,
        "length": 183.809173584,
        "lossless": 0,
        "number_channels": 2,
        "replay_gain": -8.240234375,
        "sample_rate": 48000,
        "codec": "mp3",
        "md5_encoded": "3b07c41a9a21744136d74dd001e4b494"
    },
    "tags": {
        "file_name": "Portugal_Esta Balada Que Te Dou_Armando Gama.mp3",
        "encoding": ["Lavf58.29.100"]
    }
},
"lowlevel": {
    "average_loudness": 0.58825969696,
    "barkbands_crest": {
        "max": 24.243139267,
        "mean": 12.4363336563,
        "min": 3.53106570244,
        "stdev": 4.25557088852
    },
    "barkbands_flatness_db": {
        "max": 0.363140881062,
        "mean": 0.197088629007,
        "min": 0.0530722476542,
        "stdev": 0.0487154535949
    },
    "barkbands_kurtosis": {
        "max": 41.009765625,
        "mean": 5.72180366516,
        "min": -1.88423907757,
        "stdev": 6.0016450882
    },
    "barkbands_skewness": {
        "max": 5.82852935791,
        "mean": 1.8682103157,
        "min": -2.41283297539,
        "stdev": 1.08075988293
    },
    "barkbands_spread": {
        "max": 79.5638275146,
        "mean": 12.3827466965,
        "min": 1.76040863991,
        "stdev": 11.4337244034
    },
    "dissonance": {
        "max": 0.499333351851,
        "mean": 0.430311948061,
        "min": 0.22144651413,
        "stdev": 0.0408452562988
    },
    "dynamic_complexity": 6.36768770218,
    "erbbands_crest": {
        "max": 27.6414928436,
        "mean": 11.351319313,
        "min": 2.31118917465,
        "stdev": 5.38839149475
    },
    "erbbands_flatness_db": {
        "max": 0.375418275595,
        "mean": 0.232655614614,
        "min": 0.0622873455286,
        "stdev": 0.0680711641908
    },
    "erbbands_kurtosis": {
        "max": 16.7349357605,
        "mean": 1.05703902245,
        "min": -1.80433046818,
        "stdev": 2.72811174393
    },
    "erbbands_skewness": {
        "max": 3.20317053795,
        "mean": 0.784967243671,
        "min": -2.99391031265,
        "stdev": 0.850151002407
    },
    "erbbands_spread": {
        "max": 113.808639526,
        "mean": 30.2303180695,
        "min": 3.59252786636,
        "stdev": 22.5086345673
    },
    "hfc": {
        "max": 395.00958252,
        "mean": 13.7458295822,
        "min": 0.00780431274325,
        "stdev": 28.1274147034
    },
    "loudness_ebu128": {
        "integrated": -17.1673431396,
        "loudness_range": 8.88617038727,
        "momentary": {
            "max": -11.9394407272,
            "mean": -21.2547416687,
            "min": -48.6135482788,
            "stdev": 8.90740680695
        },
        "short_term": {
            "max": -13.4329557419,
            "mean": -18.7970466614,
            "min": -42.730758667,
            "stdev": 3.78193831444
        }
    },
    "melbands_crest": {
        "max": 30.5663299561,
        "mean": 15.2036361694,
        "min": 3.54103159904,
        "stdev": 5.04833841324
    },
    "melbands_flatness_db": {
        "max": 0.374488383532,
        "mean": 0.243628978729,
        "min": 0.0554685816169,
        "stdev": 0.0533700473607
    },
    "melbands_kurtosis": {
        "max": 145.036254883,
        "mean": 13.1120157242,
        "min": -1.77581572533,
        "stdev": 16.5773658752
    },
    "melbands_skewness": {
        "max": 10.3115577698,
        "mean": 2.50875616074,
        "min": -0.57465583086,
        "stdev": 1.59693408012
    },
    "melbands_spread": {
        "max": 220.949890137,
        "mean": 16.111661911,
        "min": 2.08885455132,
        "stdev": 24.6882133484
    },
    "pitch_salience": {
        "max": 0.87914866209,
        "mean": 0.549416124821,
        "min": 0.202877551317,
        "stdev": 0.112694062293
    },
    "silence_rate_20dB": {
        "max": 1,
        "mean": 1,
        "min": 1,
        "stdev": 0
    },
    "silence_rate_30dB": {
        "max": 1,
        "mean": 1,
        "min": 1,
        "stdev": 0
    },
    "silence_rate_60dB": {
        "max": 1,
        "mean": 0.189600005746,
        "min": 0,
        "stdev": 0.391986221075
    },
    "spectral_centroid": {
        "max": 4610.37695312,
        "mean": 956.469970703,
        "min": 328.74407959,
        "stdev": 586.635925293
    },
    "spectral_complexity": {
        "max": 38,
        "mean": 11.117600441,
        "min": 0,
        "stdev": 6.21956586838
    },
    "spectral_decrease": {
        "max": -2.71873018889e-12,
        "mean": -4.12340339651e-09,
        "min": -2.43115767518e-08,
        "stdev": 4.47632064748e-09
    },
    "spectral_energy": {
        "max": 0.0970759168267,
        "mean": 0.0168094485998,
        "min": 1.10242581286e-05,
        "stdev": 0.017994845286
    },
    "spectral_energyband_high": {
        "max": 0.0603731200099,
        "mean": 0.000653197756037,
        "min": 5.38213953405e-07,
        "stdev": 0.00378226093017
    },
    "spectral_energyband_low": {
        "max": 0.00671358592808,
        "mean": 0.000407663959777,
        "min": 4.53616848972e-06,
        "stdev": 0.000907072040718
    },
    "spectral_energyband_middle_high": {
        "max": 0.0339926816523,
        "mean": 0.00243955967017,
        "min": 6.42515999516e-07,
        "stdev": 0.00374668440782
    },
    "spectral_energyband_middle_low": {
        "max": 0.0925781056285,
        "mean": 0.0135560957715,
        "min": 3.59802493222e-06,
        "stdev": 0.015669612214
    },
    "spectral_entropy": {
        "max": 8.76343154907,
        "mean": 6.94463300705,
        "min": 5.36992835999,
        "stdev": 0.632646620274
    },
    "spectral_flux": {
        "max": 0.230475783348,
        "mean": 0.0444782972336,
        "min": 0.0012660959037,
        "stdev": 0.0406049266458
    },
    "spectral_kurtosis": {
        "max": 37.6570396423,
        "mean": 9.16415977478,
        "min": -1.2518671751,
        "stdev": 6.79510641098
    },
    "spectral_rms": {
        "max": 0.00973181426525,
        "mean": 0.00344651308842,
        "min": 0.000103708116512,
        "stdev": 0.0021262713708
    },
    "spectral_rolloff": {
        "max": 10185.2050781,
        "mean": 1179.91259766,
        "min": 86.1328125,
        "stdev": 1488.52966309
    },
    "spectral_skewness": {
        "max": 4.63011169434,
        "mean": 2.08450198174,
        "min": -0.15758921206,
        "stdev": 0.781676530838
    },
    "spectral_spread": {
        "max": 16165246,
        "mean": 3498575.5,
        "min": 1545032,
        "stdev": 1874255.875
    },
    "spectral_strongpeak": {
        "max": 9.34609127045,
        "mean": 1.17187619209,
        "min": 0.00264075933956,
        "stdev": 1.06523299217
    },
    "zerocrossingrate": {
        "max": 0.35400390625,
        "mean": 0.0477824211121,
        "min": 0.013671875,
        "stdev": 0.0410235673189
    },
    "barkbands": {
        "max": [0.000142123928526, 0.00353472540155, 0.00372546934523, 0.0128416996449, 0.0603511296213, 0.0284782480448, 0.0341384485364, 0.0678918734193, 0.0457159355283, 0.0280391406268, 0.0236509237438, 0.0128753278404, 0.00674728164449, 0.00756097072735, 0.00523109827191, 0.00593132851645, 0.00781427230686, 0.00312117324211, 0.0126401921734, 0.0208007376641, 0.0200889669359, 0.0213175583631, 0.0125289643183, 0.0194403901696, 0.00436070840806, 0.000208122117328, 2.25645408136e-06],
        "mean": [3.41941745319e-06, 0.000188398451428, 7.7429387602e-05, 0.000420382071752, 0.00539970537648, 0.00141826691106, 0.00246444530785, 0.00163747440092, 0.00194955558982, 0.000691477674991, 0.000327143730829, 0.000263873924268, 0.000188164121937, 0.000253017264185, 0.000237405416556, 0.000248266529525, 0.000120461489132, 0.000129510401166, 8.32713485579e-05, 0.000116976967547, 9.20266174944e-05, 0.00012451542716, 0.000155241796165, 0.000167109916219, 4.89221347379e-05, 2.99286534755e-06, 1.02714778905e-08],
        "min": [3.32754912513e-09, 7.40979658076e-07, 1.28142900735e-07, 5.68801226564e-07, 1.06164542046e-07, 6.55311893638e-08, 6.70857644991e-08, 2.93348936253e-08, 3.16545474277e-08, 1.42715617102e-08, 9.90338211437e-09, 2.04256984659e-08, 2.45558684497e-08, 2.85251520182e-08, 2.94749220586e-08, 1.73652132673e-08, 2.60858659118e-08, 2.76198868221e-08, 2.50685960879e-08, 5.70793652344e-08, 5.35605906293e-08, 6.4938809885e-08, 8.06473039461e-08, 9.20285287975e-08, 6.20126314743e-08, 4.38764580224e-10, 3.78139464186e-11],
        "stdev": [7.74536965764e-06, 0.000517581996974, 0.000234965467826, 0.000975801143795, 0.0102595295757, 0.00266699981876, 0.00361220096238, 0.00400996161625, 0.00394524820149, 0.00224747415632, 0.00116649991833, 0.000918011006434, 0.000467103003757, 0.000566175265703, 0.000431412394391, 0.000502365233842, 0.000360669946531, 0.000347411783878, 0.000461854622699, 0.000729444785975, 0.000760735711083, 0.000970953318756, 0.000872070377227, 0.00114171218593, 0.000307792273816, 1.58614238899e-05, 7.99514481287e-08]
    },
    "erbbands": {
        "max": [0.0635652467608, 0.965632379055, 2.74370646477, 18.1696987152, 141.680725098, 346.443847656, 372.168823242, 339.563568115, 331.393798828, 537.219055176, 1949.0489502, 1447.73815918, 1296.50866699, 627.830871582, 858.07043457, 353.258117676, 383.925048828, 423.058349609, 317.365447998, 279.462524414, 396.542266846, 365.852905273, 186.517532349, 427.108581543, 451.367279053, 930.26763916, 1003.81762695, 571.289123535, 861.675842285, 622.946655273, 376.312133789, 383.539703369, 318.466461182, 78.8514404297, 21.0674819946, 2.37547922134, 0.228393152356, 0.00744452141225, 0.000827778188977, 0.000294693309115],
        "mean": [0.00324465334415, 0.0490415096283, 0.103228770196, 0.791329026222, 5.63297557831, 23.9038715363, 16.325340271, 14.4769763947, 28.1448554993, 42.6227531433, 37.1471328735, 41.0243453979, 36.3964385986, 13.6194801331, 13.6958799362, 9.37104320526, 9.90623283386, 10.7282829285, 15.4486608505, 13.0149364471, 11.2669239044, 8.76781272888, 7.44453382492, 4.10784101486, 4.57242250443, 5.57393503189, 4.24062347412, 3.47187185287, 4.3230919838, 4.57454299927, 4.4646935463, 4.12476539612, 2.32161402702, 0.763328135014, 0.239548295736, 0.033841047436, 0.0024106183555, 9.83142017503e-05, 1.86218076124e-05, 2.19395660679e-05],
        "min": [1.3390782442e-05, 0.000165477817063, 0.000595969264396, 0.00419834395871, 0.00196672673337, 0.000551845121663, 0.000419582938775, 0.000617157027591, 0.000856790924445, 0.0011234957492, 0.000743912300095, 0.000819666136522, 0.000950486457441, 0.00121568108443, 0.000956747448072, 0.0012908813078, 0.00161532778293, 0.00160087551922, 0.0016846122453, 0.00182058708742, 0.00151040300261, 0.00176521122921, 0.00123546330724, 0.0014887272846, 0.00134444306605, 0.00252137053758, 0.00216624233872, 0.00230647507124, 0.00226024817675, 0.00200306600891, 0.00230506830849, 0.00198880559765, 0.00141325232107, 0.000800172972959, 0.000414696783992, 2.05254673347e-05, 3.4090603549e-06, 3.34674609803e-07, 4.03757347556e-08, 2.04019396932e-08],
        "stdev": [0.00762521149591, 0.138697266579, 0.250165969133, 1.59922790527, 10.4702672958, 53.6294631958, 42.0188560486, 28.4710769653, 44.0192222595, 68.4757080078, 102.150047302, 88.8122711182, 104.896705627, 40.4377250671, 39.0618667603, 28.2369766235, 24.7098712921, 28.3055896759, 25.9800872803, 23.1056423187, 26.848487854, 22.6446208954, 20.931219101, 15.9802675247, 22.597530365, 33.4956550598, 35.8742141724, 25.5651435852, 35.1551437378, 29.2880382538, 25.4764308929, 27.0280303955, 16.5325374603, 5.00016117096, 1.459841609, 0.186397776008, 0.0137336356565, 0.000513623584993, 5.51672492293e-05, 2.75031688943e-05]
    },
    "gfcc": {
        "mean": [-108.44065094, 124.81539917, -150.199569702, 10.3699188232, -76.8975219727, -5.87438774109, -51.2863922119, 1.17333519459, -11.658536911, -7.20008277893, -6.64630222321, -13.4258527756, -2.95556855202],
        "cov": [[10634.5839844, 416.39855957, -1123.98046875, -469.346374512, -1271.10864258, -785.152587891, -468.351165771, -700.469116211, -26.3765239716, -622.443481445, 35.6021614075, -257.094085693, 163.951187134], [416.39855957, 1273.16833496, -724.839904785, -590.389465332, 263.5340271, -554.378967285, -17.9766197205, -138.708435059, 182.194168091, -138.484222412, 208.631729126, -104.163337708, 98.9803848267], [-1123.98046875, -724.839904785, 1169.40527344, 613.532897949, -102.61126709, 555.163879395, -59.7832221985, 103.414794922, -262.504272461, 40.277179718, -195.702011108, 111.370506287, -96.6929016113], [-469.346374512, -590.389465332, 613.532897949, 721.609863281, 20.8260364532, 321.917358398, -12.5365962982, 70.632019043, -111.58240509, 53.0246429443, -127.071334839, 82.7644119263, -40.3685340881], [-1271.10864258, 263.5340271, -102.61126709, 20.8260364532, 434.051055908, -45.1452484131, 55.7705421448, 108.767837524, 84.5386276245, 93.2876205444, 49.7855300903, 41.2274436951, 19.7133960724], [-785.152587891, -554.378967285, 555.163879395, 321.917358398, -45.1452484131, 476.302001953, 62.1170425415, 104.480369568, -126.601158142, 60.1316184998, -119.367897034, 56.6609230042, -62.5257759094], [-468.351165771, -17.9766197205, -59.7832221985, -12.5365962982, 55.7705421448, 62.1170425415, 165.277526855, 79.9655075073, 26.653711319, 33.6828918457, 11.6255111694, -7.60150289536, -3.98901510239], [-700.469116211, -138.708435059, 103.414794922, 70.632019043, 108.767837524, 104.480369568, 79.9655075073, 189.452606201, 15.7464189529, 65.1522750854, -23.4538173676, 22.4249572754, -9.39613246918], [-26.3765239716, 182.194168091, -262.504272461, -111.58240509, 84.5386276245, -126.601158142, 26.653711319, 15.7464189529, 201.29850769, 50.1108093262, 58.5113449097, 1.53555941582, 47.0356025696], [-622.443481445, -138.484222412, 40.277179718, 53.0246429443, 93.2876205444, 60.1316184998, 33.6828918457, 65.1522750854, 50.1108093262, 167.497680664, 16.6651439667, 34.2169075012, -6.91285133362], [35.6021614075, 208.631729126, -195.702011108, -127.071334839, 49.7855300903, -119.367897034, 11.6255111694, -23.4538173676, 58.5113449097, 16.6651439667, 116.606246948, -3.45686149597, 20.8977451324], [-257.094085693, -104.163337708, 111.370506287, 82.7644119263, 41.2274436951, 56.6609230042, -7.60150289536, 22.4249572754, 1.53555941582, 34.2169075012, -3.45686149597, 106.302001953, 19.770570755], [163.951187134, 98.9803848267, -96.6929016113, -40.3685340881, 19.7133960724, -62.5257759094, -3.98901510239, -9.39613246918, 47.0356025696, -6.91285133362, 20.8977451324, 19.770570755, 85.9556350708]],
        "icov": [[0.00029976668884, -0.00025066267699, 0.000617718149442, -0.000442512944574, 0.00105012452696, -0.000141715514474, 0.000681159552187, -0.000131812441396, 0.000167123362189, 0.000229105222388, 0.000140265590744, -0.000112119902042, -0.000204132738872], [-0.00025066267699, 0.00536466855556, -0.00244590709917, 0.00304376031272, -0.00532816769555, 0.00325112696737, -0.00195314153098, 0.00312347337604, -0.00182652124204, 0.00421891128644, -0.00314394268207, 0.0032858538907, -0.00183633004781], [0.000617718149442, -0.00244590709917, 0.00565412268043, -0.00318033224903, 0.00418803980574, -0.00401551881805, 0.00418912991881, -0.00256043649279, 0.00279121217318, -0.00122468313202, 0.00187526678201, -0.00278361118399, 0.00109661312308], [-0.000442512944574, 0.00304376031272, -0.00318033224903, 0.00479338597506, -0.0043755560182, 0.00161371938884, -0.00196162238717, 0.00225994014181, -0.00140398682561, 0.0016509257257, -0.000578877457883, 0.00137478741817, -0.000928419525735], [0.00105012452696, -0.00532816769555, 0.00418803980574, -0.0043755560182, 0.0109374281019, -0.0025346246548, 0.00344330375083, -0.00499407108873, 0.00185642263386, -0.0039297179319, 0.00216169049963, -0.00415879394859, 0.00114960293286], [-0.000141715514474, 0.00325112696737, -0.00401551881805, 0.00161371938884, -0.0025346246548, 0.00902058836073, -0.0048037962988, 0.00157340674195, -0.000403707206715, 0.00099785765633, 0.000482553878101, 0.00102930841967, -0.000193504776689], [0.000681159552187, -0.00195314153098, 0.00418912991881, -0.00196162238717, 0.00344330375083, -0.0048037962988, 0.0121961832047, -0.00499272020534, 0.000821139838081, -0.00034171983134, -0.000823220121674, 5.90158160776e-05, 0.000186921068234], [-0.000131812441396, 0.00312347337604, -0.00256043649279, 0.00225994014181, -0.00499407108873, 0.00157340674195, -0.00499272020534, 0.0113416323438, -0.00215950515121, 0.000966466090176, 0.00034724152647, 0.00195711967535, -0.00114143325482], [0.000167123362189, -0.00182652124204, 0.00279121217318, -0.00140398682561, 0.00185642263386, -0.000403707206715, 0.000821139838081, -0.00215950515121, 0.00989922974259, -0.00411584880203, 0.000613917189185, -0.00159975036513, -0.00218159891665], [0.000229105222388, 0.00421891128644, -0.00122468313202, 0.0016509257257, -0.0039297179319, 0.00099785765633, -0.00034171983134, 0.000966466090176, -0.00411584880203, 0.0130713358521, -0.0047168484889, 0.00114725448657, 5.75672902414e-06], [0.000140265590744, -0.00314394268207, 0.00187526678201, -0.000578877457883, 0.00216169049963, 0.000482553878101, -0.000823220121674, 0.00034724152647, 0.000613917189185, -0.0047168484889, 0.0164449904114, -0.00365714728832, 0.00117319845594], [-0.000112119902042, 0.0032858538907, -0.00278361118399, 0.00137478741817, -0.00415879394859, 0.00102930841967, 5.90158160776e-05, 0.00195711967535, -0.00159975036513, 0.00114725448657, -0.00365714728832, 0.0154783278704, -0.00583971431479], [-0.000204132738872, -0.00183633004781, 0.00109661312308, -0.000928419525735, 0.00114960293286, -0.000193504776689, 0.000186921068234, -0.00114143325482, -0.00218159891665, 5.75672902414e-06, 0.00117319845594, -0.00583971431479, 0.0166671220213]]
    },
    "melbands": {
        "max": [0.000718499068171, 0.001179512823, 0.00490193162113, 0.0132393585518, 0.0131044564769, 0.00674977200106, 0.00520746270195, 0.00492060929537, 0.0164245273918, 0.00837725959718, 0.00625339103863, 0.00239211576991, 0.00373145379126, 0.00190473534167, 0.000595978053752, 0.000685497943778, 0.000946185959037, 0.000542049005162, 0.000286608439637, 0.000475896231364, 0.000447845988674, 0.000436714413809, 0.000278080638964, 0.000153255037731, 0.000369444896933, 0.000555508944672, 0.000640723272227, 0.000566748785786, 0.000801980204415, 0.000353208219167, 0.000322380597936, 0.000450184685178, 0.000471414736239, 0.000313896482112, 0.000178433561814, 0.000272054079687, 0.000254171260167, 0.000258881715126, 0.000137656243169, 4.72853971587e-05],
        "mean": [4.27005725214e-05, 6.32967130514e-05, 0.000249098025961, 0.00102430279367, 0.000774310028646, 0.000314452394377, 0.00044392386917, 0.000444550358225, 0.000304044224322, 0.000254748942098, 0.000178500064067, 5.62043860555e-05, 4.87644210807e-05, 3.37642522936e-05, 2.08371347981e-05, 1.94656531676e-05, 1.91961953533e-05, 2.54771402979e-05, 1.72299078258e-05, 1.43468769238e-05, 1.33063567773e-05, 7.67831352277e-06, 9.59034514381e-06, 4.3988102334e-06, 3.12800602842e-06, 3.64407264897e-06, 3.45077546626e-06, 3.70077373191e-06, 2.85478449769e-06, 2.02682122108e-06, 1.98056795853e-06, 2.38693064603e-06, 2.53586313192e-06, 2.50481184594e-06, 2.42025316766e-06, 2.78645461549e-06, 2.42432292907e-06, 1.8234405843e-06, 9.95263121695e-07, 5.29158569407e-07],
        "min": [2.38360570393e-07, 4.6768460038e-07, 5.90469539929e-07, 6.94347193075e-08, 1.45419090103e-08, 1.43592968627e-08, 1.33631008481e-08, 9.57888790509e-09, 5.81728043514e-09, 4.6035810719e-09, 4.85304285647e-09, 4.04986577607e-09, 2.08122408196e-09, 2.76980594016e-09, 2.29149943465e-09, 2.43833753188e-09, 2.46538656157e-09, 2.27109997475e-09, 2.1893376001e-09, 1.7648451589e-09, 1.69800273842e-09, 1.51489587541e-09, 1.30823774036e-09, 9.32251387198e-10, 1.01683583775e-09, 6.27507934503e-10, 1.35268718449e-09, 1.26654930988e-09, 1.10961773103e-09, 1.18108556268e-09, 9.59558210667e-10, 1.00967578742e-09, 1.13613329855e-09, 1.07266540095e-09, 1.14561771181e-09, 1.05044695164e-09, 9.41923317122e-10, 9.07447617049e-10, 6.20256956907e-10, 5.84569004314e-10],
        "stdev": [0.000111459943582, 0.000153275206685, 0.000462140276795, 0.00191813521087, 0.0018111502286, 0.000592586700805, 0.000667193264235, 0.000688146741595, 0.000834242324345, 0.00055599398911, 0.00052477378631, 0.000170199127751, 0.000162832162459, 0.000131821303512, 4.21610566264e-05, 4.89456942887e-05, 5.41128647455e-05, 4.5766500989e-05, 3.01451946143e-05, 3.06181063934e-05, 3.4376491385e-05, 2.23403076234e-05, 2.7356112696e-05, 1.12492516564e-05, 1.34349957079e-05, 2.11082879105e-05, 2.19577250391e-05, 2.17148681259e-05, 2.66041588475e-05, 1.58505445143e-05, 1.45510421135e-05, 1.95322572836e-05, 1.98148136406e-05, 1.51409449245e-05, 1.36427479447e-05, 1.70975727087e-05, 1.67348753166e-05, 1.31997021526e-05, 7.0171763582e-06, 3.4261959172e-06]
    },
    "melbands128": {
        "max": [0.00011711181287, 0.000574726145715, 0.0011385838734, 0.00195928709581, 0.00128862680867, 0.00213112239726, 0.00431865127757, 0.00852996855974, 0.0176131874323, 0.0214854050428, 0.0263904053718, 0.0240198224783, 0.0166066512465, 0.00433283252642, 0.00892630033195, 0.0106890238822, 0.00834763422608, 0.00987558905035, 0.0143272327259, 0.0102151315659, 0.00709412386641, 0.0109916385263, 0.0322090573609, 0.00716227572411, 0.0183132495731, 0.00671177310869, 0.0116101419553, 0.0098192114383, 0.00667256256565, 0.00239656399935, 0.0051526017487, 0.00305512384512, 0.00741626229137, 0.00118932826445, 0.0033076046966, 0.00218230159953, 0.000612801697571, 0.000648056506179, 0.00124978367239, 0.00194870436098, 0.000403308193199, 0.00129556667525, 0.00140524143353, 0.00119900749996, 0.00070754927583, 0.00123711000197, 0.00119244342204, 0.000457390677184, 0.00044902364607, 0.000801100861281, 0.000442253949586, 0.00103360123467, 0.000668068300001, 0.000282488908852, 0.0008993477677, 0.00026462317328, 0.000506540352944, 0.000482123607071, 0.000609904818702, 0.000474882312119, 0.000266239891062, 0.000124182624859, 0.000242579364567, 0.000175478009623, 0.00114059599582, 0.000611366238445, 0.000445605925051, 0.000264299131231, 0.000911197159439, 0.00100511894561, 0.000443598109996, 0.000577877508476, 0.000983648118563, 0.000996554270387, 0.000395499315346, 0.00044223209261, 0.000362305087037, 0.000230059406022, 0.000387063279049, 0.000406740553444, 0.000426664744737, 0.000641582533717, 0.000737381866202, 0.000438697432401, 0.000507327960804, 0.000369939923985, 0.000266081595328, 0.000171420528204, 0.000187746831216, 0.000212984843529, 0.000509300734848, 0.00020177118131, 0.000275639817119, 0.000322794105159, 0.000231809855904, 0.000302238331642, 0.000262596033281, 0.000190692924662, 0.000185498065548, 9.90256667137e-05, 4.12435838371e-05, 5.43033602298e-05, 4.42126147391e-05, 5.03674091306e-05, 2.06556578632e-05, 1.63485347002e-05, 1.18431235023e-05, 5.22230357092e-06, 2.61418108494e-06, 2.44367652158e-06, 3.0236742532e-06, 1.05654294202e-06, 2.82278875829e-07, 1.07919738923e-07, 6.12397386135e-08, 3.48994930732e-08, 1.18831442464e-08, 1.05324273747e-08, 1.02551149794e-08, 9.99478988462e-09, 2.11367918723e-08, 1.41134792742e-08, 9.32982491264e-09, 9.15282072356e-09, 9.01262886543e-09, 8.90178686319e-09, 8.82194406415e-09, 8.77348504957e-09],
        "mean": [2.43550789492e-06, 1.43985416798e-05, 6.31698712823e-05, 9.01455132407e-05, 5.1172417443e-05, 4.13922680309e-05, 0.000114598296932, 0.000251114048297, 0.000522139715031, 0.000874239660334, 0.00158706738148, 0.00133008265402, 0.00046035691048, 0.000221410824452, 0.000297448132187, 0.000362284044968, 0.000425887439633, 0.000465485092718, 0.000409032858443, 0.000607734778896, 0.000337320088875, 0.00034553129808, 0.000262523273705, 0.000309571041726, 0.00032196554821, 0.00014648490469, 0.000319710758049, 0.000143782628584, 0.000140160293086, 5.03452065459e-05, 3.08797170874e-05, 4.789560262e-05, 6.89836015226e-05, 2.43584308919e-05, 4.85937962367e-05, 3.5275996197e-05, 1.02703552329e-05, 2.16805001401e-05, 2.50526645686e-05, 2.58152267634e-05, 8.72811779118e-06, 2.71667304332e-05, 2.08013898373e-05, 1.03396523627e-05, 2.69126121566e-05, 2.94575183943e-05, 2.60968590737e-05, 1.15351158456e-05, 1.08328240458e-05, 3.104577263e-05, 9.24756659515e-06, 5.55900169275e-06, 2.27909604291e-05, 1.05418466774e-05, 3.2781254049e-06, 9.74781869445e-06, 9.84922007774e-06, 8.14177292341e-06, 1.27868561322e-05, 5.44859040019e-06, 3.09927736453e-06, 4.5464721552e-06, 2.40900862991e-06, 2.25261896958e-06, 4.77540288557e-06, 4.25447478847e-06, 2.64871891886e-06, 2.72384181699e-06, 3.77151627617e-06, 4.11673136114e-06, 4.07493962484e-06, 3.21770016853e-06, 3.22814616993e-06, 2.84330303657e-06, 2.35360221268e-06, 1.965465799e-06, 1.97761528398e-06, 1.88720059668e-06, 1.9848591819e-06, 2.04068942367e-06, 2.22039989239e-06, 2.74113995147e-06, 2.35688048633e-06, 2.52625591202e-06, 2.63349897978e-06, 2.7200023851e-06, 2.43642352871e-06, 2.03878380489e-06, 2.44748639489e-06, 2.57682791016e-06, 2.91202809422e-06, 2.78781567431e-06, 2.70204486696e-06, 2.53725897892e-06, 2.14125680031e-06, 2.12924032894e-06, 1.815585847e-06, 1.32828029109e-06, 1.05389005967e-06, 8.76969750152e-07, 4.29430230042e-07, 5.37104710929e-07, 5.02208422404e-07, 4.44394174792e-07, 2.39761646981e-07, 1.34749569725e-07, 1.11114324852e-07, 6.86475516432e-08, 4.09035827431e-08, 2.83796897094e-08, 2.19469242779e-08, 5.17447817927e-09, 1.03354091952e-09, 5.78355752179e-10, 2.43912695597e-10, 2.18627546622e-10, 1.71804681592e-10, 1.58481613249e-11, 1.26179839147e-11, 3.29089880347e-11, 5.70475819361e-11, 5.25694071607e-11, 4.63545000995e-11, 1.19034972851e-11, 9.25233327453e-12, 9.07607929784e-12, 8.96163091652e-12, 8.90736529674e-12],
        "min": [1.15435494497e-10, 2.05827817013e-08, 1.71978342678e-07, 1.37863423788e-07, 3.52298172857e-08, 4.72554617659e-08, 1.50257477571e-07, 1.50150029299e-07, 7.2251175709e-08, 3.92799348603e-09, 6.33224672697e-09, 3.34862670925e-09, 4.02129973764e-09, 7.73284725142e-09, 2.14602224879e-09, 4.2868664174e-09, 4.74443817566e-09, 4.87563589502e-09, 7.06782765647e-09, 2.488461881e-09, 4.1598644529e-09, 2.89795476505e-09, 3.07481462514e-09, 2.5106723367e-09, 1.07013553574e-09, 1.83867432391e-09, 1.42554434923e-09, 1.63288216282e-09, 9.54841317125e-10, 1.60754576317e-09, 1.287233653e-09, 2.0270414236e-09, 9.06586583582e-10, 8.58849102947e-10, 1.1856235993e-09, 1.04443920179e-09, 1.20103971213e-09, 9.81690728707e-10, 9.3908747445e-10, 1.14464560053e-09, 1.20096133038e-09, 1.25435106746e-09, 7.33491933858e-10, 8.96099749959e-10, 1.18829057705e-09, 1.22751020459e-09, 8.65126303928e-10, 1.18970344687e-09, 8.97100671526e-10, 1.06653763599e-09, 7.63863305941e-10, 1.20748877563e-09, 6.75807021455e-10, 8.22164392122e-10, 7.55005946651e-10, 7.90096932324e-10, 1.05295161479e-09, 6.63561428027e-10, 5.62636714996e-10, 6.20327844647e-10, 1.97451166528e-10, 5.55089862964e-10, 8.36721414377e-10, 4.49693615678e-10, 4.86228390884e-10, 5.09938313797e-10, 5.66544144931e-10, 7.94367294166e-10, 6.83384349109e-10, 8.49825154692e-10, 5.55428814053e-10, 7.43468009379e-10, 4.43660469474e-10, 7.66181340595e-10, 5.0408704988e-10, 6.893668969e-10, 7.68547170349e-10, 6.21726170547e-10, 5.10296860323e-10, 6.63720578498e-10, 6.53024467834e-10, 4.62942822965e-10, 6.07457417701e-10, 7.46474215774e-10, 6.33485097712e-10, 6.23012419432e-10, 7.13852699175e-10, 7.33000826703e-10, 6.38951835885e-10, 6.68784305713e-10, 7.70286057161e-10, 3.95737081993e-10, 5.1731546824e-10, 5.38460664945e-10, 5.26574561732e-10, 5.75155700844e-10, 4.53254211941e-10, 4.83340645285e-10, 5.12968223454e-10, 3.77490955161e-10, 1.85278292708e-10, 3.29222149542e-10, 1.45701700704e-10, 2.57426580053e-10, 3.36925515265e-10, 4.39429152788e-11, 7.83255578451e-12, 4.28004723677e-12, 1.71892299114e-13, 8.73966900911e-14, 9.43670123055e-14, 8.25845536162e-14, 9.45885690194e-14, 9.78221748938e-14, 9.82628082092e-14, 1.56467612304e-13, 2.49286078976e-13, 7.44879892901e-14, 6.66654909444e-14, 7.67813343829e-14, 6.9540618923e-14, 5.71639157993e-14, 7.26347625167e-14, 7.9233487989e-14, 4.57511903796e-14, 2.03487739354e-14, 2.37236140834e-15, 6.69127507143e-17],
        "stdev": [5.54997359359e-06, 3.39364305546e-05, 0.000172913059941, 0.000267344847089, 0.000141215190524, 0.000130461310619, 0.000290587166091, 0.000614409218542, 0.00122558802832, 0.00174423621502, 0.00405454821885, 0.00340257678181, 0.00171448767651, 0.000447647471447, 0.000736524525564, 0.000937191303819, 0.00080839038128, 0.00103518983815, 0.000891897128895, 0.00125236529857, 0.000692034023814, 0.00105534784961, 0.00144397793338, 0.000699874188285, 0.000995310023427, 0.000537991756573, 0.00118161947466, 0.000675097515341, 0.000490566715598, 0.000166845144122, 0.000255354592809, 0.000210170517676, 0.000299331382848, 6.89720982336e-05, 0.000225450465223, 0.000164588622283, 3.98551710532e-05, 4.71609928354e-05, 6.64631224936e-05, 0.000108476669993, 3.20787839883e-05, 0.000102160833194, 8.28030097182e-05, 5.17003863933e-05, 7.1005350037e-05, 6.43500388833e-05, 7.03255354892e-05, 3.58584802598e-05, 3.00801148114e-05, 6.91005188855e-05, 2.46381932811e-05, 3.358806498e-05, 6.12958174315e-05, 2.77526178252e-05, 2.75033598882e-05, 2.80917010969e-05, 2.89804484055e-05, 2.65337512246e-05, 5.08069315401e-05, 2.28365624935e-05, 1.20354152386e-05, 9.78003208729e-06, 1.01415425888e-05, 9.77836407401e-06, 3.64371226169e-05, 2.58239433606e-05, 1.60888303071e-05, 1.53950568347e-05, 2.92841104965e-05, 3.21780644299e-05, 1.95142256416e-05, 2.20831861952e-05, 3.24423490383e-05, 3.10582327074e-05, 1.9162263925e-05, 1.82625553862e-05, 1.64552620845e-05, 1.28699703055e-05, 1.56861897267e-05, 1.67150974448e-05, 1.68144906638e-05, 2.48135020229e-05, 2.34993149206e-05, 2.00786125788e-05, 2.01995426323e-05, 1.71535102709e-05, 1.45866370076e-05, 1.16142355182e-05, 1.4530783119e-05, 1.50458809003e-05, 2.07519024116e-05, 1.6717132894e-05, 1.80089900823e-05, 1.90919345187e-05, 1.49662846525e-05, 1.55839461513e-05, 1.37443466883e-05, 9.65866911429e-06, 8.16392548586e-06, 5.96404015596e-06, 2.8675192425e-06, 3.59307023245e-06, 3.27404882228e-06, 2.9531609016e-06, 1.40671124882e-06, 8.6248394382e-07, 7.14312818673e-07, 3.81972085961e-07, 2.09626094261e-07, 1.55811463287e-07, 1.46032149928e-07, 4.21854586818e-08, 1.04596544759e-08, 5.20436982399e-09, 2.41598452355e-09, 1.508183467e-09, 5.17345777329e-10, 2.97694674467e-10, 2.90340224085e-10, 4.38213521026e-10, 8.67400540283e-10, 7.29245719366e-10, 5.14051134992e-10, 2.62125349204e-10, 2.54789439547e-10, 2.51657639172e-10, 2.49401416186e-10, 2.48031567507e-10]
    },
    "mfcc": {
        "mean": [-740.515075684, 151.02520752, -18.8841133118, 5.79658889771, -7.42629003525, -14.582198143, -22.8681087494, -6.506960392, -12.0662460327, 3.90876793861, -3.91999483109, -4.25651693344, -1.79306387901],
        "cov": [[11687.6210938, 210.739089966, -478.828063965, -380.255523682, -949.867370605, -580.762817383, -875.795837402, -268.720275879, -699.712768555, -112.128829956, -532.280700684, -491.08001709, -254.296310425], [210.739089966, 1609.38024902, -1028.22607422, -188.082290649, -42.8899993896, -390.876464844, -199.35017395, -160.371047974, -142.825927734, -47.4461593628, 77.1909484863, -16.0555515289, 39.4710540771], [-478.828063965, -1028.22607422, 1269.96911621, 108.3048172, 119.583740234, 346.836730957, 201.340682983, 164.612854004, 48.1901931763, -12.8709793091, -133.063430786, -69.1663742065, -69.5782928467], [-380.255523682, -188.082290649, 108.3048172, 364.305847168, 170.622589111, 81.2649841309, 38.5568885803, 32.2717208862, 61.2334861755, -22.9340705872, -0.0383570790291, 32.1811294556, 36.852596283], [-949.867370605, -42.8899993896, 119.583740234, 170.622589111, 301.353302002, 94.0647354126, 75.7684555054, 36.9545936584, 82.724395752, -27.760187149, 30.5590496063, 53.4641647339, 37.4552345276], [-580.762817383, -390.876464844, 346.836730957, 81.2649841309, 94.0647354126, 254.701858521, 112.519828796, 57.4145622253, 62.4176597595, 1.21131598949, 0.536295890808, 21.7858791351, -2.05415654182], [-875.795837402, -199.35017395, 201.340682983, 38.5568885803, 75.7684555054, 112.519828796, 240.089447021, 77.9172363281, 54.325592041, 41.6241416931, 14.4148540497, 14.5185995102, -4.75389003754], [-268.720275879, -160.371047974, 164.612854004, 32.2717208862, 36.9545936584, 57.4145622253, 77.9172363281, 148.54927063, 49.367023468, 12.892285347, -14.0964756012, -22.7216014862, -7.93970632553], [-699.712768555, -142.825927734, 48.1901931763, 61.2334861755, 82.724395752, 62.4176597595, 54.325592041, 49.367023468, 194.782821655, 27.1550235748, 47.9952163696, 73.8591156006, 13.5313997269], [-112.128829956, -47.4461593628, -12.8709793091, -22.9340705872, -27.760187149, 1.21131598949, 41.6241416931, 12.892285347, 27.1550235748, 123.738739014, 27.028717041, -1.41341435909, -18.6203594208], [-532.280700684, 77.1909484863, -133.063430786, -0.0383570790291, 30.5590496063, 0.536295890808, 14.4148540497, -14.0964756012, 47.9952163696, 27.028717041, 129.968032837, 65.0803909302, 26.0333385468], [-491.08001709, -16.0555515289, -69.1663742065, 32.1811294556, 53.4641647339, 21.7858791351, 14.5185995102, -22.7216014862, 73.8591156006, -1.41341435909, 65.0803909302, 155.141571045, 51.6670036316], [-254.296310425, 39.4710540771, -69.5782928467, 36.852596283, 37.4552345276, -2.05415654182, -4.75389003754, -7.93970632553, 13.5313997269, -18.6203594208, 26.0333385468, 51.6670036316, 90.8481369019]],
        "icov": [[0.000213506631553, 0.000144511534018, 0.000122427431052, -6.06717258052e-05, 0.000296826357953, 0.000117411058454, 0.000556467915885, -3.22967971442e-05, 0.000369224813767, -2.29247543757e-05, 0.000548515934497, 7.65800796216e-05, 0.000299370061839], [0.000144511534018, 0.00192055967636, 0.00127710727975, 0.000714793975931, -0.00102465820964, 0.00125156249851, 0.000262580608251, 0.000172478146851, 0.000912134128157, 0.000611949886661, 0.000121284509078, 0.000672506983392, 0.000310132978484], [0.000122427431052, 0.00127710727975, 0.00253231916577, 0.000484320829855, -0.000804489362054, -0.00111167714931, -7.77084205765e-05, -0.000640607613605, 0.000735006644391, 0.000519482127856, 0.00161948101595, 0.000535560538992, 0.00100562477019], [-6.06717258052e-05, 0.000714793975931, 0.000484320829855, 0.00426263827831, -0.00256635108963, -0.000128516330733, 0.000115400442155, -6.35841788608e-05, -0.000258352782112, 0.000253922364209, 0.000474650878459, 0.000367731408915, -0.00103758450132], [0.000296826357953, -0.00102465820964, -0.000804489362054, -0.00256635108963, 0.00684034125879, -0.00109022075776, -0.000212131883018, -0.000146447331645, -0.00105300697032, 0.00112535397056, -0.000103351303551, -0.00048566336045, -0.000474449858302], [0.000117411058454, 0.00125156249851, -0.00111167714931, -0.000128516330733, -0.00109022075776, 0.00868838001043, -0.00146382767707, 0.000371843023458, -0.000168319616932, 0.000863301625941, -0.00105582957622, -0.000148576800711, 0.000176507295691], [0.000556467915885, 0.000262580608251, -7.77084205765e-05, 0.000115400442155, -0.000212131883018, -0.00146382767707, 0.00808798987418, -0.0024265719112, 0.00126997975167, -0.00223940866999, 0.000973314687144, -0.00044649807387, 0.000929604459088], [-3.22967971442e-05, 0.000172478146851, -0.000640607613605, -6.35841788608e-05, -0.000146447331645, 0.000371843023458, -0.0024265719112, 0.0101258689538, -0.00289994291961, 0.000121923112602, 0.000284125824692, 0.0029898150824, -0.00112826924305], [0.000369224813767, 0.000912134128157, 0.000735006644391, -0.000258352782112, -0.00105300697032, -0.000168319616932, 0.00126997975167, -0.00289994291961, 0.00937240105122, -0.0013877475867, -0.00028646789724, -0.00351643958129, 0.00194982707035], [-2.29247543757e-05, 0.000611949886661, 0.000519482127856, 0.000253922364209, 0.00112535397056, 0.000863301625941, -0.00223940866999, 0.000121923112602, -0.0013877475867, 0.0105349421501, -0.00252768606879, 0.00107465765905, 0.00189294386655], [0.000548515934497, 0.000121284509078, 0.00161948101595, 0.000474650878459, -0.000103351303551, -0.00105582957622, 0.000973314687144, 0.000284125824692, -0.00028646789724, -0.00252768606879, 0.0136688500643, -0.0031152726151, 4.32531396655e-06], [7.65800796216e-05, 0.000672506983392, 0.000535560538992, 0.000367731408915, -0.00048566336045, -0.000148576800711, -0.00044649807387, 0.0029898150824, -0.00351643958129, 0.00107465765905, -0.0031152726151, 0.0121242841706, -0.0046405964531], [0.000299370061839, 0.000310132978484, 0.00100562477019, -0.00103758450132, -0.000474449858302, 0.000176507295691, 0.000929604459088, -0.00112826924305, 0.00194982707035, 0.00189294386655, 4.32531396655e-06, -0.0046405964531, 0.0157868470997]]
    },
    "spectral_contrast_coeffs": {
        "max": [-0.287031561136, -0.401577115059, -0.459776908159, -0.591495990753, -0.584512650967, -0.557356536388],
        "mean": [-0.629866480827, -0.704346299171, -0.727315604687, -0.743155002594, -0.765624880791, -0.800769627094],
        "min": [-0.8900192976, -0.941661298275, -0.931440532207, -0.926117002964, -0.917986989021, -0.907558083534],
        "stdev": [0.119202189147, 0.0903177112341, 0.0856667309999, 0.0743932500482, 0.0597205944359, 0.0422271639109]
    },
    "spectral_contrast_valleys": {
        "max": [-5.71657037735, -5.05705595016, -6.20582199097, -6.26453876495, -5.91543579102, -6.97432565689],
        "mean": [-8.24373626709, -7.0580201149, -8.42307376862, -8.67259120941, -9.00509738922, -11.5372200012],
        "min": [-10.4092378616, -10.9571094513, -11.3684654236, -11.4881401062, -11.0429449081, -12.8276348114],
        "stdev": [0.880209565163, 1.14467084408, 0.989491045475, 0.939990162849, 1.00144124031, 1.12487196922]
    }
},
"rhythm": {
    "beats_count": 40,
    "beats_loudness": {
        "max": 0.0836108848453,
        "mean": 0.0213357061148,
        "min": 1.54146946443e-05,
        "stdev": 0.0187483038753
    },
    "bpm": 86.1276016235,
    "bpm_histogram_first_peak_bpm": 86,
    "bpm_histogram_first_peak_weight": 0.639999985695,
    "bpm_histogram_second_peak_bpm": 91,
    "bpm_histogram_second_peak_spread": 0,
    "bpm_histogram_second_peak_weight": 0.102564103901,
    "danceability": 0.986149549484,
    "onset_rate": 3.20542263985,
    "beats_loudness_band_ratio": {
        "max": [0.908255577087, 0.86033809185, 0.87744808197, 0.697483599186, 0.328417420387, 0.86016869545],
        "mean": [0.145721286535, 0.247477963567, 0.391610682011, 0.097325719893, 0.0771448388696, 0.0888361558318],
        "min": [0.00117914273869, 0.00956086628139, 0.0255826599896, 0.0059542702511, 0.0025468908716, 0.00249405298382],
        "stdev": [0.241221994162, 0.225706875324, 0.258398503065, 0.145672500134, 0.0785631611943, 0.208411067724]
    },
    "beats_position": [0.708208620548, 1.42802715302, 2.15945577621, 2.89088439941, 3.62231278419, 4.31891155243, 5.00390005112, 5.6888885498, 6.3622674942, 7.04725599289, 7.70902490616, 8.39401340485, 9.05578231812, 9.71755123138, 10.379319191, 11.0526981354, 11.7260770798, 12.445895195, 13.1657142639, 13.9087524414, 14.6285715103, 15.3599996567, 16.0914287567, 16.7996368408, 17.4962348938, 18.1928348541, 18.8894329071, 19.5860309601, 20.2826309204, 20.9792289734, 21.6758270264, 22.430475235, 23.1735134125, 23.9281635284, 24.6944217682, 25.4606800079, 26.2385482788, 27.0280265808, 27.8058948517, 28.5837631226],
