{
"metadata": {
    "version": {
        "essentia": "2.1-beta5",
        "essentia_git_sha": "Undefined",
        "extractor": "music 2.0"
    },
    "audio_properties": {
        "analysis": {
            "equal_loudness": 0,
            "length": 48.7502937317,
            "sample_rate": 44100,
            "start_time": 77.7520217896,
            "downmix": "mix"
        },
        "bit_rate": 192000,
        "length": 183.809173584,
        "lossless": 0,
        "number_channels": 2,
        "replay_gain": -9.61775970459,
        "sample_rate": 48000,
        "codec": "mp3",
        "md5_encoded": "3b07c41a9a21744136d74dd001e4b494"
    },
    "tags": {
        "file_name": "Portugal_Esta Balada Que Te Dou_Armando Gama.mp3",
        "encoding": ["Lavf58.29.100"]
    }
},
"lowlevel": {
    "average_loudness": 0.955910086632,
    "barkbands_crest": {
        "max": 24.9250907898,
        "mean": 9.72279167175,
        "min": 2.9412317276,
        "stdev": 3.8538339138
    },
    "barkbands_flatness_db": {
        "max": 0.304545104504,
        "mean": 0.153410345316,
        "min": 0.0492590852082,
        "stdev": 0.0439782068133
    },
    "barkbands_kurtosis": {
        "max": 71.4083251953,
        "mean": 2.97025513649,
        "min": -1.87487828732,
        "stdev": 4.91594696045
    },
    "barkbands_skewness": {
        "max": 7.84837245941,
        "mean": 1.21923136711,
        "min": -2.92608809471,
        "stdev": 0.880407094955
    },
    "barkbands_spread": {
        "max": 83.4295196533,
        "mean": 17.3536911011,
        "min": 1.84561610222,
        "stdev": 11.4129400253
    },
    "dissonance": {
        "max": 0.500000059605,
        "mean": 0.444294899702,
        "min": 0.199957340956,
        "stdev": 0.0363445952535
    },
    "dynamic_complexity": 1.68973815441,
    "erbbands_crest": {
        "max": 29.5845222473,
        "mean": 11.1143312454,
        "min": 3.02997612953,
        "stdev": 5.16951465607
    },
    "erbbands_flatness_db": {
        "max": 0.321143299341,
        "mean": 0.196510821581,
        "min": 0.0784939676523,
        "stdev": 0.042847905308
    },
    "erbbands_kurtosis": {
        "max": 15.3024597168,
        "mean": 0.967783868313,
        "min": -1.81040883064,
        "stdev": 2.43577694893
    },
    "erbbands_skewness": {
        "max": 3.5213201046,
        "mean": 0.649445593357,
        "min": -3.10687541962,
        "stdev": 0.814387142658
    },
    "erbbands_spread": {
        "max": 101.955558777,
        "mean": 29.9152202606,
        "min": 5.57070875168,
        "stdev": 15.5413990021
    },
    "hfc": {
        "max": 291.336273193,
        "mean": 24.3121414185,
        "min": 0.187692090869,
        "stdev": 24.1031475067
    },
    "loudness_ebu128": {
        "integrated": -14.1803283691,
        "loudness_range": 3.06300163269,
        "momentary": {
            "max": -10.8453464508,
            "mean": -14.5242013931,
            "min": -22.0850067139,
            "stdev": 1.86121618748
        },
        "short_term": {
            "max": -12.0468788147,
            "mean": -14.2664279938,
            "min": -17.5639095306,
            "stdev": 1.0682502985
        }
    },
    "melbands_crest": {
        "max": 30.6275596619,
        "mean": 11.6018857956,
        "min": 3.56915473938,
        "stdev": 4.39631271362
    },
    "melbands_flatness_db": {
        "max": 0.361743241549,
        "mean": 0.189499109983,
        "min": 0.0394281633198,
        "stdev": 0.0572395808995
    },
    "melbands_kurtosis": {
        "max": 132.785980225,
        "mean": 6.53493595123,
        "min": -1.80349063873,
        "stdev": 9.01285648346
    },
    "melbands_skewness": {
        "max": 9.46537971497,
        "mean": 1.71164655685,
        "min": -0.902566432953,
        "stdev": 1.03154397011
    },
    "melbands_spread": {
        "max": 217.722991943,
        "mean": 23.2539482117,
        "min": 1.54239702225,
        "stdev": 21.9300708771
    },
    "pitch_salience": {
        "max": 0.872909665108,
        "mean": 0.59205520153,
        "min": 0.126223102212,
        "stdev": 0.100132025778
    },
    "silence_rate_20dB": {
        "max": 1,
        "mean": 1,
        "min": 1,
        "stdev": 0
    },
    "silence_rate_30dB": {
        "max": 1,
        "mean": 1,
        "min": 1,
        "stdev": 0
    },
    "silence_rate_60dB": {
        "max": 1,
        "mean": 0.0038077107165,
        "min": 0,
        "stdev": 0.0615888498724
    },
    "spectral_centroid": {
        "max": 4682.37597656,
        "mean": 1226.96203613,
        "min": 310.054718018,
        "stdev": 639.376037598
    },
    "spectral_complexity": {
        "max": 49,
        "mean": 19.1042366028,
        "min": 0,
        "stdev": 7.15697860718
    },
    "spectral_decrease": {
        "max": -7.7917554353e-11,
        "mean": -6.26165963524e-09,
        "min": -1.77857266692e-08,
        "stdev": 2.88651258451e-09
    },
    "spectral_energy": {
        "max": 0.072057262063,
        "mean": 0.0258381478488,
        "min": 0.000311102863634,
        "stdev": 0.0117542454973
    },
    "spectral_energyband_high": {
        "max": 0.0407727397978,
        "mean": 0.00105448148679,
        "min": 2.4408579975e-06,
        "stdev": 0.00320472172461
    },
    "spectral_energyband_low": {
        "max": 0.0230625420809,
        "mean": 0.00170669145882,
        "min": 1.44569676195e-05,
        "stdev": 0.00211188429967
    },
    "spectral_energyband_middle_high": {
        "max": 0.0300987921655,
        "mean": 0.00604384904727,
        "min": 4.66615601908e-05,
        "stdev": 0.00507040601224
    },
    "spectral_energyband_middle_low": {
        "max": 0.0673307776451,
        "mean": 0.0176776126027,
        "min": 0.000197751185624,
        "stdev": 0.0103678917512
    },
    "spectral_entropy": {
        "max": 8.69158744812,
        "mean": 7.34310054779,
        "min": 6.19619703293,
        "stdev": 0.457434952259
    },
    "spectral_flux": {
        "max": 0.234133780003,
        "mean": 0.0743332505226,
        "min": 0.0135242650285,
        "stdev": 0.0338998921216
    },
    "spectral_kurtosis": {
        "max": 27.6807060242,
        "mean": 5.10471534729,
        "min": -1.05179202557,
        "stdev": 3.52615499496
    },
    "spectral_rms": {
        "max": 0.00838449597359,
        "mean": 0.00487509742379,
        "min": 0.000550921948161,
        "stdev": 0.00120053987484
    },
    "spectral_rolloff": {
        "max": 11046.5332031,
        "mean": 1529.60925293,
        "min": 236.865234375,
        "stdev": 1364.03894043
    },
    "spectral_skewness": {
        "max": 3.79335308075,
        "mean": 1.61896646023,
        "min": -0.157761096954,
        "stdev": 0.564782261848
    },
    "spectral_spread": {
        "max": 16725098,
        "mean": 3997470,
        "min": 1823180.5,
        "stdev": 1446859.375
    },
    "spectral_strongpeak": {
        "max": 14.0077257156,
        "mean": 1.73416364193,
        "min": 0,
        "stdev": 1.34393703938
    },
    "zerocrossingrate": {
        "max": 0.32275390625,
        "mean": 0.058448497206,
        "min": 0.009765625,
        "stdev": 0.0362950228155
    },
    "barkbands": {
        "max": [0.000251174642472, 0.0101616717875, 0.0134139806032, 0.0336682908237, 0.0439069494605, 0.0291879009455, 0.0344258360565, 0.0395581610501, 0.0629229992628, 0.0267575085163, 0.0195261593908, 0.0182495564222, 0.0154945636168, 0.00874684751034, 0.0105297155678, 0.0165346618742, 0.00976081751287, 0.00542590860277, 0.00833938457072, 0.0106910513714, 0.0201967004687, 0.0157542861998, 0.01074276492, 0.015890005976, 0.00228594709188, 0.00102460128255, 2.07192351809e-06],
        "mean": [1.25134092741e-05, 0.000727973121684, 0.000533903308678, 0.00118631438818, 0.0043827900663, 0.00216394802555, 0.00313993403688, 0.00226685102098, 0.00410340819508, 0.0015479833819, 0.000678499462083, 0.000449221843155, 0.000900961866137, 0.000619048660155, 0.000456940062577, 0.000407090818044, 0.000413689384004, 0.000300007319311, 0.000250721932389, 0.00046800551354, 0.000173392822035, 0.00020190286159, 0.00020325933292, 0.000177732392331, 5.93432341702e-05, 1.27010844153e-05, 1.85980972844e-08],
        "min": [1.15650218291e-08, 1.21713321732e-06, 1.53990913532e-06, 8.79964716205e-07, 2.80154035863e-05, 5.77407217861e-06, 1.09432849058e-05, 9.08727724891e-06, 3.77644892069e-06, 4.17302635469e-06, 1.31435763251e-06, 3.09640290652e-06, 2.66025790552e-06, 9.70508040155e-07, 2.73114915217e-06, 5.19977447766e-06, 1.99825899472e-06, 2.48694595939e-06, 3.21336506204e-06, 9.60674810813e-07, 4.5107131541e-07, 3.1971077874e-07, 1.4203968135e-07, 2.78599401327e-07, 1.25060012124e-07, 5.68351987695e-09, 2.08134880858e-11],
        "stdev": [1.93104369828e-05, 0.00104018067941, 0.00102493097074, 0.00254906481132, 0.00519377971068, 0.00258790864609, 0.00446838885546, 0.00414002034813, 0.00591501453891, 0.00314175733365, 0.00140513130464, 0.000947953260038, 0.00171184854116, 0.000855849997606, 0.000839985965285, 0.000756207911763, 0.000854220183101, 0.000483579380671, 0.000405830069212, 0.000906751782168, 0.000643890642095, 0.000851538032293, 0.00083471450489, 0.00100735807791, 0.000201225862838, 4.04579877795e-05, 8.6561868784e-08]
    },
    "erbbands": {
        "max": [0.236031964421, 2.96069431305, 15.937828064, 53.6046257019, 143.103561401, 193.013031006, 326.149780273, 261.458679199, 493.924346924, 874.24017334, 1068.88525391, 1889.85742188, 1137.62561035, 423.424865723, 680.647583008, 878.132629395, 846.387329102, 379.578765869, 455.700592041, 717.096740723, 495.438598633, 688.714233398, 321.267333984, 258.753051758, 471.537750244, 482.38873291, 720.298522949, 648.549438477, 611.674743652, 410.846557617, 354.108459473, 395.489929199, 244.496749878, 58.4161376953, 14.9545345306, 8.61013793945, 0.952836453915, 0.0237382426858, 0.000968141830526, 0.000214489613427],
        "mean": [0.017900781706, 0.178134307265, 0.576143026352, 2.31826758385, 8.48678207397, 15.7720918655, 16.7064685822, 19.9703960419, 32.8909988403, 59.5722961426, 61.8401107788, 89.4245605469, 63.9698867798, 33.4096374512, 24.2022171021, 19.1783180237, 45.4135131836, 24.7099571228, 30.8361263275, 26.0793418884, 23.3597202301, 23.7537899017, 18.214887619, 12.8443155289, 16.1508693695, 21.849609375, 10.4611845016, 6.18083572388, 7.21661996841, 6.87013292313, 5.60072422028, 4.55088329315, 2.3152987957, 0.819020867348, 0.351112276316, 0.100032187998, 0.0165591146797, 0.000480178365251, 3.75199160771e-05, 3.43665305991e-05],
        "min": [5.43147689314e-05, 0.000674149661791, 0.00426411256194, 0.0092388773337, 0.0287416186184, 0.0817853659391, 0.096701182425, 0.195010110736, 0.473341196775, 0.45884013176, 0.360771328211, 0.662700951099, 0.312875956297, 0.0765379965305, 0.0713084116578, 0.32852345705, 0.212983086705, 0.0796514153481, 0.0905406624079, 0.292131453753, 0.263542771339, 0.162812784314, 0.188990920782, 0.176561683416, 0.127442762256, 0.0472688414156, 0.0245748236775, 0.0134943565354, 0.0105677759275, 0.00629296060652, 0.00501503283158, 0.00470619415864, 0.00412044627592, 0.00192214560229, 0.000749619561248, 0.000191143059055, 9.18340083444e-06, 9.64988316809e-07, 8.7428986717e-07, 1.81873656402e-06],
        "stdev": [0.0213378574699, 0.281833857298, 1.09479534626, 4.05972242355, 12.3388872147, 23.1716709137, 25.781955719, 23.4443969727, 51.205581665, 96.2544784546, 103.065711975, 140.963470459, 108.202659607, 52.7895927429, 40.9950942993, 38.5311546326, 90.0985107422, 30.7304706573, 42.5896072388, 50.7877197266, 44.8594207764, 46.2834587097, 30.4750995636, 15.841091156, 30.8026123047, 42.0066680908, 28.7479038239, 24.1127262115, 30.3577957153, 29.6093540192, 23.653295517, 23.5823421478, 13.7886781693, 3.42252755165, 1.09618258476, 0.325229257345, 0.0537353307009, 0.00141408143099, 6.36808035779e-05, 2.01978182304e-05]
    },
    "gfcc": {
        "mean": [-0.0773262232542, 113.543144226, -141.847930908, 26.7251968384, -78.380645752, 5.58623886108, -44.8340377808, 7.45117759705, -19.6172676086, -2.72006225586, -11.1799736023, -11.9478063583, -6.32864046097],
        "cov": [[1908.24816895, -1123.96472168, -71.0748291016, 219.111343384, -218.705307007, 202.792175293, 5.93338155746, 116.886756897, -207.512954712, 114.103439331, -210.120147705, 118.58795166, -45.0866127014], [-1123.96472168, 1202.58837891, -169.192077637, -222.891647339, 240.440689087, -209.536895752, 100.507293701, -78.2151260376, 185.108215332, -144.464050293, 204.585983276, -174.60710144, 69.9085617065], [-71.0748291016, -169.192077637, 566.085205078, 37.028049469, -66.8365402222, 86.2571716309, -138.580230713, 19.8261756897, -36.3094863892, 48.1034355164, -63.8362121582, 61.877822876, -96.6141891479], [219.111343384, -222.891647339, 37.028049469, 283.306976318, 13.6750869751, -12.8814744949, -33.0195083618, 12.401345253, -9.82648277283, 27.3618488312, -29.1324863434, 27.2774600983, 26.5485935211], [-218.705307007, 240.440689087, -66.8365402222, 13.6750869751, 193.437438965, -45.7380409241, 16.4331607819, 21.2163581848, 31.161491394, 5.92111158371, 14.5655441284, -9.54381465912, 25.557477951], [202.792175293, -209.536895752, 86.2571716309, -12.8814744949, -45.7380409241, 200.774978638, 31.8479919434, -1.30031347275, -46.9695854187, 26.7384185791, -31.3865432739, 49.2961082458, -40.2828826904], [5.93338155746, 100.507293701, -138.580230713, -33.0195083618, 16.4331607819, 31.8479919434, 162.248779297, 32.4622955322, 10.7262935638, -14.7831048965, 19.1918392181, -21.9085445404, 26.8054351807], [116.886756897, -78.2151260376, 19.8261756897, 12.401345253, 21.2163581848, -1.30031347275, 32.4622955322, 125.663574219, 9.16583919525, 29.3516864777, -36.0035400391, 13.510632515, 20.4746456146], [-207.512954712, 185.108215332, -36.3094863892, -9.82648277283, 31.161491394, -46.9695854187, 10.7262935638, 9.16583919525, 130.598236084, -1.58046972752, 25.3127346039, -38.5004310608, 27.8086910248], [114.103439331, -144.464050293, 48.1034355164, 27.3618488312, 5.92111158371, 26.7384185791, -14.7831048965, 29.3516864777, -1.58046972752, 113.362869263, -12.9030838013, 29.8332557678, -26.8137607574], [-210.120147705, 204.585983276, -63.8362121582, -29.1324863434, 14.5655441284, -31.3865432739, 19.1918392181, -36.0035400391, 25.3127346039, -12.9030838013, 141.553863525, -19.9199638367, 4.96324157715], [118.58795166, -174.60710144, 61.877822876, 27.2774600983, -9.54381465912, 49.2961082458, -21.9085445404, 13.510632515, -38.5004310608, 29.8332557678, -19.9199638367, 115.459655762, -4.01518726349], [-45.0866127014, 69.9085617065, -96.6141891479, 26.5485935211, 25.557477951, -40.2828826904, 26.8054351807, 20.4746456146, 27.8086910248, -26.8137607574, 4.96324157715, -4.01518726349, 111.93409729]],
        "icov": [[0.00151919235941, 0.000798452005256, 0.000965551531408, -0.000618566060439, 0.000804885639809, -0.000607660331298, 0.000199622139917, -0.00114397192374, 0.000992708257399, -0.000206457378226, 0.000700333097484, 0.000297347200103, 0.00053587887669], [0.000798452005256, 0.00734850065783, -0.00258927140385, 0.00401653023437, -0.00728926155716, 0.00385634624399, -0.00480174552649, 0.0040682060644, -0.00390153890476, 0.00451820716262, -0.00479315873235, 0.00374445947818, -0.00159905152395], [0.000965551531408, -0.00258927140385, 0.00512647954747, -0.0026057723444, 0.00444000260904, -0.00357569684274, 0.00511163799092, -0.00436614640057, 0.00215693376958, -0.00180573679972, 0.00297573930584, -0.00185572938062, 0.00315593206324], [-0.000618566060439, 0.00401653023437, -0.0026057723444, 0.00698960758746, -0.00541590293869, 0.00325139984488, -0.00268503185362, 0.00368213187903, -0.00274022389203, 0.00185958563816, -0.00288032577373, 0.00168381270487, -0.00297408015467], [0.000804885639809, -0.00728926155716, 0.00444000260904, -0.00541590293869, 0.0149006741121, -0.0039698923938, 0.005340507254, -0.00662275217474, 0.00461230473593, -0.00578684685752, 0.00578658562154, -0.00412846496329, 0.0021584010683], [-0.000607660331298, 0.00385634624399, -0.00357569684274, 0.00325139984488, -0.0039698923938, 0.0108065921813, -0.00708028394729, 0.00510321091861, -0.00191378244199, 0.00158991734497, -0.00196191272698, -0.000667200190946, -3.37464334734e-05], [0.000199622139917, -0.00480174552649, 0.00511163799092, -0.00268503185362, 0.005340507254, -0.00708028394729, 0.0144799407572, -0.00770292477682, 0.00307499920018, -0.00191292958334, 0.0021127727814, -0.000540589506272, 0.000966926629189], [-0.00114397192374, 0.0040682060644, -0.00436614640057, 0.00368213187903, -0.00662275217474, 0.00510321091861, -0.00770292477682, 0.0156707186252, -0.00417694356292, -6.6937340307e-05, -0.000902777537704, 0.00109774258453, -0.00421549659222], [0.000992708257399, -0.00390153890476, 0.00215693376958, -0.00274022389203, 0.00461230473593, -0.00191378244199, 0.00307499920018, -0.00417694356292, 0.0132908243686, -0.00447535282001, 0.00250446889549, 0.000833988597151, -0.000821122725029], [-0.000206457378226, 0.00451820716262, -0.00180573679972, 0.00185958563816, -0.00578684685752, 0.00158991734497, -0.00191292958334, -6.6937340307e-05, -0.00447535282001, 0.0147892478853, -0.00399048440158, 0.000138637187774, 0.00229566823691], [0.000700333097484, -0.00479315873235, 0.00297573930584, -0.00288032577373, 0.00578658562154, -0.00196191272698, 0.0021127727814, -0.000902777537704, 0.00250446889549, -0.00399048440158, 0.0129486974329, -0.00289328838699, 0.0019031149568], [0.000297347200103, 0.00374445947818, -0.00185572938062, 0.00168381270487, -0.00412846496329, -0.000667200190946, -0.000540589506272, 0.00109774258453, 0.000833988597151, 0.000138637187774, -0.00289328838699, 0.0139617314562, -0.00313363387249], [0.00053587887669, -0.00159905152395, 0.00315593206324, -0.00297408015467, 0.0021584010683, -3.37464334734e-05, 0.000966926629189, -0.00421549659222, -0.000821122725029, 0.00229566823691, 0.0019031149568, -0.00313363387249, 0.0141694545746]]
    },
    "melbands": {
        "max": [0.00221198797226, 0.00646535819396, 0.0125878974795, 0.0103234844282, 0.011304628104, 0.005672395695, 0.00679566897452, 0.00848292000592, 0.00902827270329, 0.010626681149, 0.00550929130986, 0.00229818979278, 0.00298662413843, 0.0023217254784, 0.00178538216278, 0.00123997475021, 0.000676154857501, 0.000997332623228, 0.000845524773467, 0.0015764310956, 0.000594879616983, 0.000822626054287, 0.000592010328546, 0.000231719182921, 0.000209659876418, 0.000424022087827, 0.000462519965367, 0.00035676753032, 0.000343893741956, 0.00064691551961, 0.000248758355156, 0.000351227965439, 0.000325845001498, 0.000239583838265, 0.000229293233133, 0.000220639165491, 0.00029343253118, 0.000217114546103, 0.000112055386126, 3.09198658215e-05],
        "mean": [0.000185119817615, 0.000287028407911, 0.000582005595788, 0.000893429212738, 0.000648633402307, 0.000448625272838, 0.00052851322107, 0.000625344342552, 0.000567003095057, 0.000531177211087, 0.000315633107675, 0.000145838333992, 9.2679001682e-05, 4.76020795759e-05, 8.75006371643e-05, 7.57381567382e-05, 4.45701771241e-05, 5.59325890208e-05, 3.28809619532e-05, 2.72558372671e-05, 2.81964312308e-05, 2.42703881668e-05, 2.06495624298e-05, 1.36300677696e-05, 9.80460117717e-06, 1.0098761777e-05, 1.48864874063e-05, 1.44599034684e-05, 7.40390532883e-06, 3.8953139665e-06, 3.46723595612e-06, 3.97168560085e-06, 4.10754319091e-06, 3.73687839783e-06, 3.22991013491e-06, 3.01260342894e-06, 2.70837335847e-06, 1.79674111678e-06, 1.02833200799e-06, 5.7805493725e-07],
        "min": [2.85575310954e-07, 1.65481844761e-06, 1.12725649615e-06, 5.80931373406e-06, 3.98077872887e-06, 9.83842937785e-07, 2.67194968728e-06, 1.29003035454e-06, 2.12332793126e-06, 4.6544101906e-07, 6.32708065496e-07, 2.9180549177e-07, 1.88289433822e-07, 1.96164961608e-07, 1.687365625e-07, 4.30451450484e-07, 9.46419476122e-08, 1.08737367555e-07, 1.86727987739e-07, 3.08267829041e-07, 1.20767268186e-07, 1.28319186388e-07, 2.62581806965e-07, 4.18571026728e-08, 1.39077712902e-07, 1.06152349133e-07, 3.09404164511e-08, 2.45942288757e-08, 1.38405047423e-08, 9.79536185497e-09, 6.4223133478e-09, 4.30784607985e-09, 6.2595004735e-09, 2.00103067449e-09, 2.96012347967e-09, 2.28280327974e-09, 3.30800054016e-09, 2.73984523957e-09, 1.82003712101e-09, 1.18969789575e-09],
        "stdev": [0.000236398365814, 0.000472291547339, 0.000954463495873, 0.00103529833723, 0.000971097731963, 0.000526583113242, 0.000748082296923, 0.000955445051659, 0.000909524445888, 0.000802007620223, 0.000562304165214, 0.000257163483184, 0.000181203125976, 0.000105757098936, 0.000164694443811, 0.000135414098622, 6.31264119875e-05, 8.33549129311e-05, 6.12057774561e-05, 5.77201099077e-05, 5.95988967689e-05, 5.19113200426e-05, 4.10614302382e-05, 2.26532010856e-05, 1.2321169379e-05, 1.8639544578e-05, 3.05434296024e-05, 3.00950996461e-05, 2.04978587135e-05, 1.78168284037e-05, 1.26318236653e-05, 1.6882271666e-05, 1.81663726835e-05, 1.59991850524e-05, 1.36515054692e-05, 1.36634535011e-05, 1.55466677825e-05, 1.18455964184e-05, 5.07014419782e-06, 2.237140734e-06]
    },
    "melbands128": {
        "max": [0.000230826248298, 0.00155960593838, 0.00376777816564, 0.0061745592393, 0.00939735397696, 0.00541154993698, 0.0086915884167, 0.0200835578144, 0.0176194626838, 0.0149819022045, 0.0148918507621, 0.0207569785416, 0.014870788902, 0.0109806545079, 0.00870112329721, 0.00989936944097, 0.0108535541221, 0.0105524491519, 0.0129679115489, 0.017314651981, 0.00865985546261, 0.0141208339483, 0.0163694210351, 0.0191373191774, 0.0235553048551, 0.0058633745648, 0.013728979975, 0.00831545423716, 0.00931415241212, 0.00393754988909, 0.00323774642311, 0.00618259562179, 0.00623435294256, 0.00254085566849, 0.00135760812555, 0.00512542016804, 0.00409101927653, 0.0033389062155, 0.00300094392151, 0.00323800183833, 0.00240943511017, 0.00228248233907, 0.00121408712585, 0.00190120853949, 0.00176359945908, 0.00150084018242, 0.00175790977664, 0.00144835805986, 0.00219282181934, 0.00184011412784, 0.00298095680773, 0.00101692602038, 0.00140474783257, 0.00110788072925, 0.000949126260821, 0.00156121246982, 0.00169073592406, 0.00134517205879, 0.000573100580368, 0.000603394990321, 0.000319455983117, 0.000383967446396, 0.000217382359551, 0.000188730031368, 0.000469074613648, 0.000799273373559, 0.000257492909441, 0.00129488832317, 0.000476901797811, 0.000714429770596, 0.000607867550571, 0.000744705204852, 0.000563512614463, 0.0003619317431, 0.000562472152524, 0.000595809251536, 0.000837367319036, 0.000512060127221, 0.000186720164493, 0.000198749170522, 0.00032434030436, 0.000460486247903, 0.000503303541336, 0.000415820570197, 0.000307520356728, 0.000342551298672, 0.000240136258071, 0.000194358770386, 0.00031084989314, 0.000243202681304, 0.000297389051411, 0.000196722496185, 0.00023535641958, 0.000332454394083, 0.000378605705919, 0.000379349163268, 0.000203537027119, 0.000122245925013, 0.000184372955118, 7.02219113009e-05, 4.08080741181e-05, 4.38869210484e-05, 2.98005434161e-05, 2.77374656434e-05, 2.75960301224e-05, 1.36227508847e-05, 2.99542625726e-05, 2.21012069233e-05, 1.23362415252e-05, 1.29366208057e-05, 8.95637185749e-06, 8.60923137225e-06, 1.36370476866e-06, 1.62597288522e-07, 1.05574315512e-07, 7.85357983091e-08, 2.38516335571e-08, 5.91249804671e-09, 7.44392947283e-09, 2.64183164234e-08, 2.36328094871e-08, 2.29083791936e-08, 4.15699368261e-08, 3.88350684943e-09, 1.14297404874e-09, 1.11824727256e-09, 1.10386266794e-09, 1.09294706618e-09],
        "mean": [1.11790359369e-05, 0.000114069407573, 0.000275833852356, 0.000290382915409, 0.000273987214314, 0.000265044305706, 0.000388520973502, 0.000685372098815, 0.000858152925503, 0.000943373946939, 0.000881776970346, 0.000853962090332, 0.000517199223395, 0.000489563331939, 0.000448454811703, 0.000402067787945, 0.000512455764692, 0.000494818144944, 0.000562674424145, 0.000862947606947, 0.00046684636618, 0.000511890044436, 0.000410950597143, 0.000871661177371, 0.000750890583731, 0.000244980707066, 0.000429499341408, 0.000256048777374, 0.000365650310414, 0.000134569767397, 7.99604895292e-05, 0.000120570141007, 0.00011740183254, 4.27174309152e-05, 7.0666486863e-05, 3.79324119422e-05, 2.68804760708e-05, 7.0751128078e-05, 0.00014539899712, 0.000128405692521, 3.42213097611e-05, 4.58413851447e-05, 3.64039660781e-05, 3.54383118975e-05, 9.10689050215e-05, 5.32170524821e-05, 3.14234202961e-05, 2.37575022766e-05, 3.20906001434e-05, 5.60459411645e-05, 1.46922839122e-05, 1.30086064019e-05, 3.9705340896e-05, 2.78963580058e-05, 1.92565657926e-05, 2.77419294434e-05, 2.27853579418e-05, 2.57030787907e-05, 1.73834232555e-05, 1.59912524396e-05, 1.38726882142e-05, 1.22175924844e-05, 8.84659948497e-06, 8.67622748046e-06, 1.23685676954e-05, 8.79022172739e-06, 7.72494058765e-06, 1.72067138919e-05, 1.30969438032e-05, 1.80941005965e-05, 1.58650254889e-05, 1.23522158901e-05, 1.03683096313e-05, 5.69367375647e-06, 5.38765698366e-06, 3.87702766602e-06, 3.33491402671e-06, 3.17914850712e-06, 3.64299398825e-06, 3.47966715708e-06, 3.82426560464e-06, 4.03674130212e-06, 4.65282300866e-06, 4.02666546506e-06, 3.76789307666e-06, 3.96937593905e-06, 3.69344752471e-06, 3.35112190442e-06, 3.24204188473e-06, 3.10005771098e-06, 3.06599667965e-06, 2.90891648547e-06, 3.05096045849e-06, 2.72424745162e-06, 2.63760284724e-06, 2.11145561479e-06, 1.644547865e-06, 1.24531595702e-06, 1.1720233033e-06, 8.90047203939e-07, 4.71500499089e-07, 5.72269755139e-07, 6.01977831138e-07, 4.97858650306e-07, 3.92255088855e-07, 3.08554206185e-07, 2.6615009574e-07, 1.80307552e-07, 1.6036464956e-07, 1.32387242502e-07, 1.13073646446e-07, 1.07616699552e-07, 2.08207122654e-08, 3.76974851335e-09, 1.74356795668e-09, 1.33212374465e-09, 3.4329886156e-10, 1.50268061883e-11, 2.02244679337e-11, 1.18647758285e-10, 1.19611265337e-10, 6.68946703586e-11, 1.16078403833e-10, 1.05185834001e-11, 4.27727124552e-12, 4.17304862541e-12, 4.10876757964e-12, 4.07969664995e-12],
        "min": [1.3918648456e-09, 6.06402963399e-08, 1.92686115952e-07, 5.7719535107e-07, 1.60203046562e-06, 8.18754358534e-07, 7.02911449935e-07, 1.9376430771e-07, 5.09852497999e-07, 1.1153607602e-06, 9.45236024563e-07, 9.23712150325e-07, 4.57241299046e-07, 3.34187831186e-07, 6.55573671793e-07, 1.74584812385e-07, 3.65329754004e-07, 3.23731967455e-07, 4.76829171703e-07, 3.60522932397e-07, 4.06517074225e-07, 3.54569579031e-07, 1.18554083883e-07, 1.94655285668e-07, 3.17751954526e-07, 3.25049313687e-07, 4.97662711041e-08, 2.44422324158e-07, 3.17135800287e-07, 6.73182682931e-08, 3.74120183722e-08, 1.69869522892e-07, 1.20535958104e-07, 1.48197784711e-07, 2.68965010264e-08, 4.48069705783e-08, 7.06656564375e-08, 6.38337667169e-08, 4.2170430703e-08, 1.42839013506e-07, 6.80841694134e-08, 7.46449302369e-08, 3.62335583759e-08, 3.04256602135e-08, 4.39590337464e-08, 1.5459545466e-07, 3.4892646994e-08, 2.84570038644e-08, 1.31178950369e-07, 1.40472607768e-07, 1.14051275091e-07, 4.13211509454e-08, 3.39401253768e-08, 4.70961118992e-08, 1.91411402284e-08, 3.40276216093e-08, 3.15451238464e-08, 2.90122237345e-08, 1.04198008444e-07, 4.09138252166e-08, 1.56938551044e-08, 2.29689671727e-08, 2.03171559576e-08, 3.26085611846e-08, 6.66632899993e-08, 3.40094956641e-08, 1.86659825374e-08, 8.01505084524e-09, 1.82945267824e-08, 1.45250167449e-08, 1.63602091874e-08, 9.2754790515e-09, 8.89220608258e-09, 5.69568658904e-09, 7.45979189531e-09, 3.79861031519e-09, 6.61451915462e-09, 4.29130997404e-09, 5.21112930585e-09, 3.95186727786e-09, 3.28467053556e-09, 3.19201753918e-09, 4.10246414617e-09, 4.83144457775e-09, 4.87624518541e-09, 2.73475375678e-09, 5.28255050813e-10, 1.22485532827e-09, 3.90390475502e-09, 1.99840810566e-09, 2.00810768014e-09, 1.3056677961e-09, 1.79222225949e-09, 1.98929539508e-09, 2.39826380977e-09, 1.79373693676e-09, 2.17962359272e-09, 1.55756441078e-09, 1.30200517034e-09, 1.30492461281e-09, 6.92684964942e-10, 9.26772991683e-10, 7.6774436808e-10, 7.64184826529e-10, 5.70616887074e-10, 7.50677242589e-10, 4.08202277535e-10, 1.84520496105e-10, 3.81390162507e-11, 1.13188711875e-11, 6.96614803602e-14, 1.43270296885e-13, 1.30481278451e-13, 8.0857202715e-14, 8.62644103285e-14, 9.30976758358e-14, 7.91545919521e-14, 7.72571365063e-14, 5.43437704234e-14, 5.46553226939e-14, 6.29841570066e-14, 6.66759534954e-14, 5.53405011974e-14, 5.94956619778e-14, 4.26913279034e-14, 1.28628466724e-14, 2.16527244065e-15, 8.60374444092e-17],
        "stdev": [1.8280612494e-05, 0.000146008722368, 0.000367581349565, 0.000539089960512, 0.000616858073045, 0.000479947280837, 0.000702857854776, 0.00154245726299, 0.00144639366772, 0.0013459904585, 0.00168208533432, 0.00174564367626, 0.00110090512317, 0.000825703900773, 0.000652723363601, 0.000750522653107, 0.00115610100329, 0.000988877494819, 0.00109534186777, 0.00181254663039, 0.000847041374072, 0.00148974626791, 0.00106170971412, 0.0017358509358, 0.00162155076396, 0.000530775287189, 0.00108382443432, 0.000632939627394, 0.000966584426351, 0.000320767896483, 0.000233958417084, 0.000312434742227, 0.000309072405798, 0.000132923523779, 0.000156367183081, 0.000161571035278, 0.000141139302286, 0.000207756093005, 0.00033988856012, 0.000329692964442, 9.8066899227e-05, 0.000108556247142, 8.57989507494e-05, 8.35850223666e-05, 0.000181528041139, 0.000117078896437, 8.32202495076e-05, 6.97997966199e-05, 9.95593654807e-05, 0.00013511517318, 7.06081773387e-05, 4.32033484685e-05, 0.000103955339, 8.65578258527e-05, 6.10627175774e-05, 8.01881978987e-05, 7.39216775401e-05, 7.85056108725e-05, 4.23086676165e-05, 4.18362687924e-05, 3.17863887176e-05, 2.30130262935e-05, 1.6584601326e-05, 1.3830066564e-05, 1.95996617549e-05, 2.75007168966e-05, 1.73898188223e-05, 6.06471730862e-05, 3.17325757351e-05, 4.53276734333e-05, 3.81771387765e-05, 3.52644055965e-05, 4.0528801037e-05, 1.78949667315e-05, 1.86677407328e-05, 1.65469300555e-05, 2.18013774429e-05, 1.68038804986e-05, 1.19156529763e-05, 1.31402575789e-05, 1.62188734976e-05, 1.95042939595e-05, 2.1875352104e-05, 1.87172172446e-05, 1.8166971131e-05, 1.98683483177e-05, 1.49898023665e-05, 1.37494143928e-05, 1.5328565496e-05, 1.38018740472e-05, 1.49758816406e-05, 1.32605919134e-05, 1.54206645675e-05, 1.50981513798e-05, 1.87512068806e-05, 1.6201809558e-05, 1.07063451651e-05, 7.04010699337e-06, 6.42205941404e-06, 3.94653898184e-06, 2.03907097784e-06, 2.43096064878e-06, 2.12670374822e-06, 1.59354055995e-06, 1.36485994062e-06, 9.76375645223e-07, 1.06680886347e-06, 6.84494352754e-07, 5.25100972482e-07, 4.76849606912e-07, 4.04584710623e-07, 4.02800367283e-07, 7.6862015419e-08, 1.16531371219e-08, 6.46718900654e-09, 5.12248510276e-09, 1.30238342333e-09, 1.82215686984e-10, 2.30025012926e-10, 1.0611549417e-09, 9.07928066063e-10, 6.99621194311e-10, 1.28877375438e-09, 1.06596308169e-10, 2.87924753484e-11, 2.82481867758e-11, 2.79125698249e-11, 2.76693112866e-11]
    },
    "mfcc": {
        "mean": [-631.23046875, 133.681808472, -8.48427677155, 15.0998687744, -9.26828670502, -7.40386152267, -11.4377613068, -1.78773391247, -8.46809101105, 8.4631690979, -3.66815924644, -2.5797791481, -5.67242956161],
        "cov": [[2147.7277832, -1175.19262695, -93.2510528564, -19.1827335358, -185.373016357, 76.1533966064, 109.460952759, 18.1397399902, 97.0652923584, 21.4640140533, -100.471534729, -55.0874633789, -54.0974388123], [-1175.19262695, 1225.72265625, -238.632278442, -32.2259368896, 67.5099639893, -104.856819153, -16.6918067932, 20.4800338745, -69.0229263306, 77.2124176025, 36.5783882141, 22.8702640533, 23.5586853027], [-93.2510528564, -238.632278442, 553.815979004, -49.9529800415, 54.3424682617, 49.1771621704, -47.654384613, -1.53188145161, -39.4571266174, -64.6528320312, 33.4083023071, 1.46155226231, 12.8095006943], [-19.1827335358, -32.2259368896, -49.9529800415, 252.684020996, 73.5242080688, -43.5965080261, -24.5987491608, -33.5442123413, 32.8097114563, 1.85543000698, -21.8840713501, 18.5378513336, 20.4237060547], [-185.373016357, 67.5099639893, 54.3424682617, 73.5242080688, 170.581848145, -10.2341661453, -42.6389503479, -25.3779621124, 2.91251206398, -16.8641605377, -3.54444813728, 22.0288066864, 19.628911972], [76.1533966064, -104.856819153, 49.1771621704, -43.5965080261, -10.2341661453, 144.389022827, 20.640663147, 10.7258386612, -2.63021302223, -27.3002929688, 27.2253017426, -12.2551651001, -7.44670152664], [109.460952759, -16.6918067932, -47.654384613, -24.5987491608, -42.6389503479, 20.640663147, 140.423965454, 33.8625335693, -3.78712534904, 6.63137722015, 0.709715485573, -7.67533445358, -5.55756807327], [18.1397399902, 20.4800338745, -1.53188145161, -33.5442123413, -25.3779621124, 10.7258386612, 33.8625335693, 97.2496643066, 14.6774368286, -3.57553482056, -8.30818271637, -16.4244670868, -6.81219005585], [97.0652923584, -69.0229263306, -39.4571266174, 32.8097114563, 2.91251206398, -2.63021302223, -3.78712534904, 14.6774368286, 143.518981934, 35.3082275391, -11.8647298813, -23.4335422516, -11.8522777557], [21.4640140533, 77.2124176025, -64.6528320312, 1.85543000698, -16.8641605377, -27.3002929688, 6.63137722015, -3.57553482056, 35.3082275391, 130.255172729, -1.18163621426, -14.268948555, -14.2538251877], [-100.471534729, 36.5783882141, 33.4083023071, -21.8840713501, -3.54444813728, 27.2253017426, 0.709715485573, -8.30818271637, -11.8647298813, -1.18163621426, 89.6624298096, 23.6145858765, 13.6285581589], [-55.0874633789, 22.8702640533, 1.46155226231, 18.5378513336, 22.0288066864, -12.2551651001, -7.67533445358, -16.4244670868, -23.4335422516, -14.268948555, 23.6145858765, 84.1444702148, 41.4070472717], [-54.0974388123, 23.5586853027, 12.8095006943, 20.4237060547, 19.628911972, -7.44670152664, -5.55756807327, -6.81219005585, -11.8522777557, -14.2538251877, 13.6285581589, 41.4070472717, 85.5542678833]],
        "icov": [[0.00143603957258, 0.00153913313989, 0.00073163799243, 0.000336131488439, 0.000385769992135, 1.72227373696e-05, -0.000433968554717, -0.00020385364769, 0.000139382609632, -0.000760878436267, 0.000810938188806, -3.19846221828e-05, -5.81655222049e-05], [0.00153913313989, 0.00286325323395, 0.00144443346653, 0.000809255987406, -0.000573013909161, 0.000846240494866, -0.000196685985429, -0.000946766580455, 0.00104207766708, -0.00144353602082, -6.52366215945e-05, 0.000335349293891, -0.000355759810191], [0.00073163799243, 0.00144443346653, 0.00291700754315, 0.000911608163733, -0.00111649010796, 3.98895790568e-05, 0.000624399399385, -0.000699586060364, 0.000915138225537, 4.90075726702e-05, -0.000768077210523, 0.000755121640395, -0.000453170097899], [0.000336131488439, 0.000809255987406, 0.000911608163733, 0.00557241681963, -0.00225838646293, 0.00132244173437, -0.000107700914668, 0.00110340258107, -0.000965777668171, -1.78190509814e-06, 0.000765182892792, -0.000310557108605, -0.0008686115616], [0.000385769992135, -0.000573013909161, -0.00111649010796, -0.00225838646293, 0.00860499218106, -0.000891057425179, 0.00114290043712, 0.0012182702776, -0.000937508186325, 0.000723672739696, 0.00158440414816, -0.00156113167759, -0.000278701481875], [1.72227373696e-05, 0.000846240494866, 3.98895790568e-05, 0.00132244173437, -0.000891057425179, 0.00916128326207, -0.00111421965994, -0.000461789779365, -1.66367080965e-05, 0.00155704235658, -0.0034024452325, 0.00198780721985, 0.000185926081031], [-0.000433968554717, -0.000196685985429, 0.000624399399385, -0.000107700914668, 0.00114290043712, -0.00111421965994, 0.00884548202157, -0.00276854401454, 0.000907733745407, -0.000381018180633, -0.000464867276605, -2.23538172577e-05, -0.000145922938827], [-0.00020385364769, -0.000946766580455, -0.000699586060364, 0.00110340258107, 0.0012182702776, -0.000461789779365, -0.00276854401454, 0.012921792455, -0.00227446574718, 0.00150403380394, 0.00157021475025, 0.00113538594451, -0.000361671147402], [0.000139382609632, 0.00104207766708, 0.000915138225537, -0.000965777668171, -0.000937508186325, -1.66367080965e-05, 0.000907733745407, -0.00227446574718, 0.00907736644149, -0.00265121972188, -0.000478202244267, 0.00218835659325, -0.000180903909495], [-0.000760878436267, -0.00144353602082, 4.90075726702e-05, -1.78190509814e-06, 0.000723672739696, 0.00155704235658, -0.000381018180633, 0.00150403380394, -0.00265121972188, 0.0100908130407, -0.00122064875904, 0.00101840542629, 0.000989421503618], [0.000810938188806, -6.52366215945e-05, -0.000768077210523, 0.000765182892792, 0.00158440414816, -0.0034024452325, -0.000464867276605, 0.00157021475025, -0.000478202244267, -0.00122064875904, 0.0150048527867, -0.00452205957845, -0.00057300174376], [-3.19846221828e-05, 0.000335349293891, 0.000755121640395, -0.000310557108605, -0.00156113167759, 0.00198780721985, -2.23538172577e-05, 0.00113538594451, 0.00218835659325, 0.00101840542629, -0.00452205957845, 0.0183488614857, -0.00721874367446], [-5.81655222049e-05, -0.000355759810191, -0.000453170097899, -0.0008686115616, -0.000278701481875, 0.000185926081031, -0.000145922938827, -0.000361671147402, -0.000180903909495, 0.000989421503618, -0.00057300174376, -0.00721874367446, 0.0157915577292]]
    },
    "spectral_contrast_coeffs": {
        "max": [-0.351355671883, -0.461426913738, -0.43583843112, -0.577559411526, -0.629096925259, -0.579735934734],
        "mean": [-0.660641551018, -0.702102780342, -0.708392620087, -0.747718751431, -0.773294389248, -0.771896243095],
        "min": [-0.918412566185, -0.922113418579, -0.897065997124, -0.871759653091, -0.894322216511, -0.894707798958],
        "stdev": [0.0771881267428, 0.0692078992724, 0.0751472041011, 0.0477384775877, 0.0418551154435, 0.0360445268452]
    },
    "spectral_contrast_valleys": {
        "max": [-5.31692218781, -5.06098508835, -6.10396671295, -6.24192476273, -5.8143620491, -7.26313495636],
        "mean": [-6.89114236832, -6.30476140976, -7.54031610489, -7.65666103363, -7.59311246872, -10.3188695908],
        "min": [-8.7713432312, -8.22529983521, -9.38510513306, -9.32577133179, -9.67108058929, -12.3174238205],
        "stdev": [0.467861860991, 0.495807766914, 0.566948711872, 0.553721487522, 0.669726133347, 0.864869713783]
    }
},
"rhythm": {
    "beats_count": 68,
    "beats_loudness": {
        "max": 0.0574821569026,
        "mean": 0.0305104423314,
        "min": 0.00935250613838,
        "stdev": 0.0106235696003
    },
    "bpm": 84.4001846313,
    "bpm_histogram_first_peak_bpm": 85,
    "bpm_histogram_first_peak_weight": 0.476923048496,
    "bpm_histogram_second_peak_bpm": 91,
    "bpm_histogram_second_peak_spread": 0,
    "bpm_histogram_second_peak_weight": 0.0298507455736,
    "danceability": 1.08799695969,
    "onset_rate": 2.953125,
    "beats_loudness_band_ratio": {
        "max": [0.651293516159, 0.801868975163, 0.763837754726, 0.434784084558, 0.369314551353, 0.74956882],
        "mean": [0.245210304856, 0.193060815334, 0.343391180038, 0.105804555118, 0.0641634240746, 0.084863960743],
        "min": [0.0183810200542, 0.029140567407, 0.0274137649685, 0.00853142514825, 0.00521890446544, 0.00159949518275],
        "stdev": [0.17428727448, 0.139501899481, 0.190115213394, 0.0994764342904, 0.0605017207563, 0.119593776762]
    },
    "beats_position": [0.673378646374, 1.369977355, 2.0549659729, 2.73995471001, 3.43655323982, 4.14476203918, 4.82975053787, 5.52634906769, 6.19972801208, 6.87310647964, 7.55809497833, 8.25469398499, 8.95129203796, 9.65950107574, 10.3677091599, 11.0759181976, 11.7957363129, 12.445895195, 13.1076641083, 13.8390922546, 14.5589113235, 15.2787294388, 15.9985485077, 16.7183666229, 17.4381847382, 18.1580047607, 18.8662128448, 19.574420929, 20.2826309204, 20.9908390045, 21.6874370575, 22.3840351105, 23.0922451019, 23.7888431549, 24.4854412079, 25.1820411682, 25.8902492523, 26.6100673676, 27.3298854828, 28.0497055054, 28.7463035583, 29.4545116425, 30.1627197266, 30.8593196869, 31.567527771, 32.2757377625, 32.9839439392, 33.6921539307, 34.4003639221, 35.1085700989, 35.8167800903, 36.5249862671, 37.244808197, 37.9530143738, 38.672832489, 39.4042625427, 40.1473007202, 40.8787307739, 41.6101570129, 42.3299751282, 43.0497932434, 43.7580032349, 44.4894332886, 45.2092514038, 45.929069519, 46.6721076965, 47.4035377502, 48.1349639893],
