{
"metadata": {
    "version": {
        "essentia": "2.1-beta5",
        "essentia_git_sha": "Undefined",
        "extractor": "music 2.0"
    },
    "audio_properties": {
        "analysis": {
            "equal_loudness": 0,
            "length": 32.4963264465,
            "sample_rate": 44100,
            "start_time": 12.7477550507,
            "downmix": "mix"
        },
        "bit_rate": 192000,
        "length": 186.502685547,
        "lossless": 0,
        "number_channels": 2,
        "replay_gain": -8.91963577271,
        "sample_rate": 48000,
        "codec": "mp3",
        "md5_encoded": "69aecec88dc163eb7131f2de09477667"
    },
    "tags": {
        "file_name": "Yugoslavia_Dzuli_Danijel.mp3",
        "encoding": ["Lavf58.29.100"]
    }
},
"lowlevel": {
    "average_loudness": 0.961755394936,
    "barkbands_crest": {
        "max": 21.0395336151,
        "mean": 8.01369762421,
        "min": 2.06239318848,
        "stdev": 3.27460098267
    },
    "barkbands_flatness_db": {
        "max": 0.225992679596,
        "mean": 0.114304319024,
        "min": 0.0402967259288,
        "stdev": 0.0349222533405
    },
    "barkbands_kurtosis": {
        "max": 30.7707023621,
        "mean": 1.19392371178,
        "min": -1.87325906754,
        "stdev": 3.81926250458
    },
    "barkbands_skewness": {
        "max": 4.35568904877,
        "mean": 0.83430981636,
        "min": -5.09409713745,
        "stdev": 1.13359749317
    },
    "barkbands_spread": {
        "max": 91.7490539551,
        "mean": 33.2038650513,
        "min": 3.84638285637,
        "stdev": 15.7482738495
    },
    "dissonance": {
        "max": 0.500000119209,
        "mean": 0.471735090017,
        "min": 0.164421737194,
        "stdev": 0.0240734647959
    },
    "dynamic_complexity": 2.05757427216,
    "erbbands_crest": {
        "max": 24.6016178131,
        "mean": 7.88489198685,
        "min": 2.38993287086,
        "stdev": 3.58048415184
    },
    "erbbands_flatness_db": {
        "max": 0.270618766546,
        "mean": 0.14797526598,
        "min": 0.0606505200267,
        "stdev": 0.0419838018715
    },
    "erbbands_kurtosis": {
        "max": 27.5984859467,
        "mean": 0.319192051888,
        "min": -1.75023841858,
        "stdev": 2.81667923927
    },
    "erbbands_skewness": {
        "max": 2.45442438126,
        "mean": -0.0699718594551,
        "min": -4.24416017532,
        "stdev": 0.915541946888
    },
    "erbbands_spread": {
        "max": 133.81362915,
        "mean": 46.5160980225,
        "min": 6.62949371338,
        "stdev": 21.6330509186
    },
    "hfc": {
        "max": 295.74911499,
        "mean": 41.8641433716,
        "min": 0.736270964146,
        "stdev": 41.6567344666
    },
    "loudness_ebu128": {
        "integrated": -13.93546772,
        "loudness_range": 1.57255268097,
        "momentary": {
            "max": -10.9000759125,
            "mean": -14.2452688217,
            "min": -19.6269493103,
            "stdev": 1.71209263802
        },
        "short_term": {
            "max": -12.570268631,
            "mean": -14.0037260056,
            "min": -15.0718355179,
            "stdev": 0.512400567532
        }
    },
    "melbands_crest": {
        "max": 26.7076015472,
        "mean": 11.2369327545,
        "min": 2.9004406929,
        "stdev": 4.71489095688
    },
    "melbands_flatness_db": {
        "max": 0.292358756065,
        "mean": 0.132876887918,
        "min": 0.0280899573117,
        "stdev": 0.0490837730467
    },
    "melbands_kurtosis": {
        "max": 87.853515625,
        "mean": 7.91419029236,
        "min": -1.87604725361,
        "stdev": 11.0130681992
    },
    "melbands_skewness": {
        "max": 8.89241886139,
        "mean": 2.14157485962,
        "min": -2.13924527168,
        "stdev": 1.38534271717
    },
    "melbands_spread": {
        "max": 221.133529663,
        "mean": 42.805267334,
        "min": 4.31975221634,
        "stdev": 34.0787010193
    },
    "pitch_salience": {
        "max": 0.891667425632,
        "mean": 0.63699811697,
        "min": 0.284632205963,
        "stdev": 0.0939078107476
    },
    "silence_rate_20dB": {
        "max": 1,
        "mean": 1,
        "min": 1,
        "stdev": 0
    },
    "silence_rate_30dB": {
        "max": 1,
        "mean": 1,
        "min": 1,
        "stdev": 0
    },
    "silence_rate_60dB": {
        "max": 1,
        "mean": 0.0164168458432,
        "min": 0,
        "stdev": 0.12707221508
    },
    "spectral_centroid": {
        "max": 5612.58789062,
        "mean": 1870.80407715,
        "min": 372.900543213,
        "stdev": 859.174865723
    },
    "spectral_complexity": {
        "max": 51,
        "mean": 21.8736610413,
        "min": 1,
        "stdev": 9.09348392487
    },
    "spectral_decrease": {
        "max": -1.93045079921e-10,
        "mean": -5.59449997439e-09,
        "min": -2.5739565146e-08,
        "stdev": 3.74956021787e-09
    },
    "spectral_energy": {
        "max": 0.104035116732,
        "mean": 0.0249121133238,
        "min": 0.000795379106421,
        "stdev": 0.0156540218741
    },
    "spectral_energyband_high": {
        "max": 0.04381217435,
        "mean": 0.00333812413737,
        "min": 1.28953097374e-05,
        "stdev": 0.00585159566253
    },
    "spectral_energyband_low": {
        "max": 0.0313216410577,
        "mean": 0.00255501200445,
        "min": 4.27621853305e-06,
        "stdev": 0.00397825054824
    },
    "spectral_energyband_middle_high": {
        "max": 0.0281570535153,
        "mean": 0.00652664061636,
        "min": 0.000143142227898,
        "stdev": 0.0051994570531
    },
    "spectral_energyband_middle_low": {
        "max": 0.0881955474615,
        "mean": 0.0134969381616,
        "min": 0.000355177355232,
        "stdev": 0.0126009685919
    },
    "spectral_entropy": {
        "max": 8.75809383392,
        "mean": 7.86072397232,
        "min": 6.72819948196,
        "stdev": 0.395250678062
    },
    "spectral_flux": {
        "max": 0.302518606186,
        "mean": 0.0983890518546,
        "min": 0.0168504714966,
        "stdev": 0.0466947294772
    },
    "spectral_kurtosis": {
        "max": 17.2135753632,
        "mean": 2.56281399727,
        "min": -0.905013799667,
        "stdev": 1.76076924801
    },
    "spectral_rms": {
        "max": 0.010074605234,
        "mean": 0.00468461681157,
        "min": 0.000880897045135,
        "stdev": 0.00153586734086
    },
    "spectral_rolloff": {
        "max": 11089.5996094,
        "mean": 3119.24169922,
        "min": 193.798828125,
        "stdev": 2293.41699219
    },
    "spectral_skewness": {
        "max": 3.39572119713,
        "mean": 1.25066637993,
        "min": -0.114182777703,
        "stdev": 0.390267848969
    },
    "spectral_spread": {
        "max": 12274072,
        "mean": 5787131,
        "min": 2641366.75,
        "stdev": 1827671.5
    },
    "spectral_strongpeak": {
        "max": 12.3549518585,
        "mean": 1.32407486439,
        "min": 0.0226736739278,
        "stdev": 1.57793080807
    },
    "zerocrossingrate": {
        "max": 0.35791015625,
        "mean": 0.110237941146,
        "min": 0.01611328125,
        "stdev": 0.0555780008435
    },
    "barkbands": {
        "max": [0.000396431423724, 0.0149045549333, 0.0210476722568, 0.054909080267, 0.0377276688814, 0.0348871722817, 0.0378117486835, 0.0392894670367, 0.0208427943289, 0.0184541475028, 0.0100528206676, 0.0183929149061, 0.0187750328332, 0.0136799318716, 0.0122990058735, 0.0130855049938, 0.0172449089587, 0.00961696542799, 0.00615260563791, 0.00909096375108, 0.0109150363132, 0.0161516368389, 0.0207741446793, 0.0107361683622, 0.00563923921436, 0.00313283735886, 2.91021387966e-06],
        "mean": [3.1891548133e-05, 0.000705185695551, 0.0009246194968, 0.00235182791948, 0.00409577134997, 0.00195553619415, 0.00143068167381, 0.00281852600165, 0.000673726492096, 0.000653319701087, 0.000480176240671, 0.000780331145506, 0.000544677837752, 0.000566381728277, 0.000602503947448, 0.000813336577266, 0.000853725185152, 0.000504378636833, 0.000554964528419, 0.000472504412755, 0.000410822918639, 0.000757651345339, 0.000807653937954, 0.000519469904248, 0.000440292875282, 0.000162183816428, 4.5938022275e-09],
        "min": [7.99192179102e-08, 5.48790808352e-07, 3.31623908778e-07, 6.87630290486e-07, 1.47940791067e-05, 5.72664566789e-06, 1.39349567689e-05, 1.96608489205e-05, 5.53641621082e-06, 7.34268087399e-06, 2.2390754566e-06, 2.58895056504e-06, 3.71284045286e-06, 4.75371962239e-06, 4.9838022278e-06, 4.84175097881e-06, 9.96776725515e-06, 7.40421285172e-07, 2.06514414458e-06, 2.85648093268e-06, 8.48796901209e-07, 4.01195620725e-06, 2.74240210274e-06, 1.6593617147e-06, 5.82746054079e-07, 2.00703311748e-07, 2.23140290967e-11],
        "stdev": [4.39551258751e-05, 0.00116987212095, 0.00181918754242, 0.00584337627515, 0.00470086745918, 0.002903415123, 0.00310056074522, 0.00514057511464, 0.00166087888647, 0.00148548453581, 0.000911396695301, 0.00155464280397, 0.00116134528071, 0.0011076007504, 0.0010793734109, 0.00144504418131, 0.00144324160647, 0.000680625729728, 0.000664036313538, 0.000758628651965, 0.000821535126306, 0.00170503708068, 0.00197407510132, 0.00123003439512, 0.000682950951159, 0.000272126868367, 7.93628842644e-08]
    },
    "erbbands": {
        "max": [0.17094220221, 4.19182395935, 19.1302375793, 93.8282165527, 188.178024292, 116.75302124, 274.900848389, 265.05380249, 484.331115723, 599.730529785, 1008.13885498, 484.943817139, 411.768005371, 734.318359375, 490.624328613, 937.58605957, 722.53314209, 691.821228027, 584.422485352, 677.929626465, 591.5390625, 963.807556152, 667.902832031, 367.960784912, 391.293640137, 460.648193359, 285.290130615, 570.377868652, 672.301635742, 713.103942871, 551.552246094, 338.617950439, 200.273513794, 79.5649261475, 36.2592086792, 26.3881473541, 2.00736165047, 0.0429733805358, 0.00222594104707, 0.000305956957163],
        "mean": [0.0154678877443, 0.183697789907, 0.919651567936, 4.52021789551, 11.1329898834, 12.7838602066, 17.1176528931, 16.7932739258, 20.5012969971, 36.6708374023, 51.1680831909, 18.2744960785, 15.3731098175, 21.867565155, 26.7807846069, 31.5498085022, 26.2038059235, 32.0933151245, 31.4799423218, 32.1578063965, 46.0320320129, 42.8232192993, 32.3945999146, 24.631483078, 29.2745475769, 21.5689258575, 16.7844524384, 18.5847187042, 25.9494132996, 27.832452774, 21.6310024261, 12.8462638855, 7.8301820755, 4.67527914047, 3.25676202774, 1.36959290504, 0.132546558976, 0.00285991467535, 0.000169698629179, 5.39721804671e-05],
        "min": [1.09318243631e-05, 0.000198366658879, 0.00107166543603, 0.00658768136054, 0.00945277605206, 0.0542045608163, 0.0454323366284, 0.0629362016916, 0.207789719105, 0.405400276184, 0.337535053492, 0.228598222136, 0.275254815817, 0.302275538445, 0.222949236631, 0.175050154328, 0.207673892379, 0.330144405365, 0.348769545555, 0.483287513256, 0.48830100894, 0.485010325909, 0.124223046005, 0.0350607000291, 0.141730114818, 0.125384643674, 0.0397987663746, 0.0430866107345, 0.163133904338, 0.105028286576, 0.0764890611172, 0.0519608855247, 0.0142396977171, 0.00371581711806, 0.00538610853255, 0.00191808689851, 0.000187331126654, 4.86677799927e-06, 2.04676189242e-06, 1.92682728084e-06],
        "stdev": [0.018537664786, 0.336377769709, 1.78661215305, 9.90884590149, 21.4966144562, 13.9811935425, 24.0457553864, 25.6256332397, 42.6167945862, 67.5121994019, 105.97605896, 40.4701004028, 30.4711456299, 54.6601524353, 48.3889274597, 66.6190185547, 49.6293334961, 56.2161521912, 45.6263046265, 53.4653968811, 72.4773330688, 75.3922195435, 42.3335037231, 33.3987846375, 38.1942939758, 36.0004806519, 28.3754653931, 42.8461112976, 58.2079124451, 68.7420120239, 52.2570304871, 32.5751190186, 17.7640266418, 8.07793235779, 4.89773130417, 2.25493884087, 0.222285225987, 0.00466745486483, 0.000243900518399, 4.61486779386e-05]
    },
    "gfcc": {
        "mean": [33.680973053, 57.908039093, -127.172012329, 38.4125442505, -78.8665847778, 14.5803861618, -59.4384384155, 9.59490776062, -30.5091342926, 3.95520877838, -19.1589450836, 0.941324234009, -13.239068985],
        "cov": [[1916.59069824, -619.586730957, 323.881347656, 82.9018173218, -10.8822307587, 189.187789917, -60.188709259, 26.0616264343, -175.130142212, 4.08054971695, -138.204391479, 20.5003223419, -102.42351532], [-619.586730957, 1210.89538574, -238.934112549, -68.4323120117, 289.991485596, -142.946411133, 72.3672714233, -24.537984848, 37.3907012939, -119.675949097, 138.750030518, -35.5837287903, 63.8806343079], [323.881347656, -238.934112549, 942.890808105, 179.753829956, 46.0833892822, 166.683120728, -104.050086975, -23.0172080994, -174.83164978, 72.8853530884, -151.851501465, 43.0574760437, -40.0571975708], [82.9018173218, -68.4323120117, 179.753829956, 276.958526611, 98.7479248047, 41.5814590454, -8.02847003937, -38.8002662659, -15.7918329239, 5.64562654495, -47.6908798218, 2.0810251236, 31.8196849823], [-10.8822307587, 289.991485596, 46.0833892822, 98.7479248047, 348.866455078, 45.1764526367, -11.2854089737, 30.8235855103, -38.1774787903, 28.9334354401, -18.0724391937, 2.07564425468, 37.9475097656], [189.187789917, -142.946411133, 166.683120728, 41.5814590454, 45.1764526367, 186.80116272, 54.7068138123, 2.39746904373, -50.1120414734, 36.4238357544, -19.4610042572, 14.954126358, -14.0137081146], [-60.188709259, 72.3672714233, -104.050086975, -8.02847003937, -11.2854089737, 54.7068138123, 143.407806396, 27.0910053253, 6.77204656601, -1.48311245441, 53.5551109314, -2.70824980736, -1.22360372543], [26.0616264343, -24.537984848, -23.0172080994, -38.8002662659, 30.8235855103, 2.39746904373, 27.0910053253, 104.995033264, 20.0995903015, 26.6831474304, 6.8781003952, 4.10226726532, -4.83963394165], [-175.130142212, 37.3907012939, -174.83164978, -15.7918329239, -38.1774787903, -50.1120414734, 6.77204656601, 20.0995903015, 133.023284912, -0.472735673189, 30.4881057739, -13.8095350266, 13.2599554062], [4.08054971695, -119.675949097, 72.8853530884, 5.64562654495, 28.9334354401, 36.4238357544, -1.48311245441, 26.6831474304, -0.472735673189, 111.489624023, -8.76389694214, -3.03043627739, -5.50289964676], [-138.204391479, 138.750030518, -151.851501465, -47.6908798218, -18.0724391937, -19.4610042572, 53.5551109314, 6.8781003952, 30.4881057739, -8.76389694214, 110.63835144, 15.4929418564, 7.67179775238], [20.5003223419, -35.5837287903, 43.0574760437, 2.0810251236, 2.07564425468, 14.954126358, -2.70824980736, 4.10226726532, -13.8095350266, -3.03043627739, 15.4929418564, 76.273727417, 29.310956955], [-102.42351532, 63.8806343079, -40.0571975708, 31.8196849823, 37.9475097656, -14.0137081146, -1.22360372543, -4.83963394165, 13.2599554062, -5.50289964676, 7.67179775238, 29.310956955, 71.2824172974]],
        "icov": [[0.000840569729917, 0.000225196316023, 0.000281703541987, -0.000382382131647, 4.7816800361e-05, -0.000748132937588, 0.000677521107718, -0.00067821535049, 0.000944833329413, 0.000524582981598, 0.000335387187079, -0.000365085084923, 0.00110678432975], [0.000225196316023, 0.0043619084172, -0.00247910246253, 0.00380588159896, -0.0061551281251, 0.00491736782715, -0.00505096279085, 0.00411789864302, -0.00241274340078, 0.0046760039404, -0.00420350721106, 0.00362432189286, -0.00246922415681], [0.000281703541987, -0.00247910246253, 0.00426457868889, -0.00403258018196, 0.00438091438264, -0.00491620972753, 0.00542354024947, -0.00366058666259, 0.00423895893618, -0.00344732240774, 0.00387762160972, -0.00377875636332, 0.00345071661286], [-0.000382382131647, 0.00380588159896, -0.00403258018196, 0.00976413674653, -0.00745079293847, 0.0054568615742, -0.00737166684121, 0.00730643467978, -0.00503994710743, 0.0041975826025, -0.00220440677367, 0.00413511740044, -0.00537757342681], [4.7816800361e-05, -0.0061551281251, 0.00438091438264, -0.00745079293847, 0.0131642920896, -0.00895923096687, 0.0096729202196, -0.0089586917311, 0.00618949951604, -0.00690708123147, 0.00519367260858, -0.00369080435485, 0.00143499206752], [-0.000748132937588, 0.00491736782715, -0.00491620972753, 0.0054568615742, -0.00895923096687, 0.0169228762388, -0.013468163088, 0.00809997040778, -0.00390061875805, 0.00264585134573, -0.0028102772776, 0.00178179575596, -0.00176546513103], [0.000677521107718, -0.00505096279085, 0.00542354024947, -0.00737166684121, 0.0096729202196, -0.013468163088, 0.0213622618467, -0.0109747601673, 0.00663901399821, -0.00377705530263, -0.00111842399929, -0.0014976542443, 0.00287240440957], [-0.00067821535049, 0.00411789864302, -0.00366058666259, 0.00730643467978, -0.0089586917311, 0.00809997040778, -0.0109747601673, 0.0189128275961, -0.007209058851, 0.00126904656645, -0.00172611651942, 0.000785684096627, -0.00122441013809], [0.000944833329413, -0.00241274340078, 0.00423895893618, -0.00503994710743, 0.00618949951604, -0.00390061875805, 0.00663901399821, -0.007209058851, 0.0151534331962, -0.00349568552338, 0.000949102977756, -0.000242873153184, 0.000623357365839], [0.000524582981598, 0.0046760039404, -0.00344732240774, 0.0041975826025, -0.00690708123147, 0.00264585134573, -0.00377705530263, 0.00126904656645, -0.00349568552338, 0.0161579363048, -0.00537911336869, 0.00552615104243, -0.00282494118437], [0.000335387187079, -0.00420350721106, 0.00387762160972, -0.00220440677367, 0.00519367260858, -0.0028102772776, -0.00111842399929, -0.00172611651942, 0.000949102977756, -0.00537911336869, 0.0204422548413, -0.00992848258466, 0.00524886092171], [-0.000365085084923, 0.00362432189286, -0.00377875636332, 0.00413511740044, -0.00369080435485, 0.00178179575596, -0.0014976542443, 0.000785684096627, -0.000242873153184, 0.00552615104243, -0.00992848258466, 0.0240513347089, -0.0137486001477], [0.00110678432975, -0.00246922415681, 0.00345071661286, -0.00537757342681, 0.00143499206752, -0.00176546513103, 0.00287240440957, -0.00122441013809, 0.000623357365839, -0.00282494118437, 0.00524886092171, -0.0137486001477, 0.0257810335606]]
    },
    "melbands": {
        "max": [0.00290051056072, 0.00712955044582, 0.0187150910497, 0.00942804198712, 0.00745499599725, 0.00548669835553, 0.0080533111468, 0.00807535648346, 0.00824636779726, 0.00269352504984, 0.00215772190131, 0.00319099705666, 0.00163397041615, 0.00189189740922, 0.00170070223976, 0.00252467440441, 0.00157583027612, 0.000773352978285, 0.000830934674013, 0.00125785870478, 0.000776514352765, 0.00135912233964, 0.000476909044664, 0.000467391713755, 0.000375230272766, 0.000277603947325, 0.000518435437698, 0.000321879109833, 0.000212661019759, 0.000299915031064, 0.000370777299395, 0.000441415933892, 0.000354662799509, 0.000409873668104, 0.000337003759341, 0.000325866480125, 0.000167796737514, 0.000160037190653, 8.77937491168e-05, 8.02450886113e-05],
        "mean": [0.000168509810464, 0.000426475686254, 0.0010202646954, 0.000830587348901, 0.000637569581158, 0.000369547895389, 0.000307048496325, 0.000461117102532, 0.000382332858862, 9.61699552136e-05, 7.47399244574e-05, 8.84228356881e-05, 7.52547275624e-05, 8.82333624759e-05, 6.23350133537e-05, 5.94504963374e-05, 6.05974964856e-05, 4.73475411127e-05, 4.27974373451e-05, 6.05294808338e-05, 5.09947094542e-05, 4.8162535677e-05, 3.6796227505e-05, 2.27239124797e-05, 1.96130022232e-05, 1.88651320059e-05, 1.94986314455e-05, 1.35572126965e-05, 1.06419165604e-05, 9.82197070698e-06, 1.11565504994e-05, 1.41623568197e-05, 1.54743484018e-05, 1.56742607942e-05, 1.2742772924e-05, 1.03460697574e-05, 6.99433621776e-06, 5.5543146118e-06, 4.73722275274e-06, 3.72581052943e-06],
        "min": [9.64960378269e-08, 6.46868898002e-07, 1.03834611309e-06, 2.59415719484e-06, 1.67501525539e-06, 1.40441568419e-06, 2.92904860544e-06, 5.29926637682e-06, 1.9489693841e-06, 8.66308596414e-07, 1.25174528876e-06, 8.58817088556e-07, 5.16001421147e-07, 6.50050026252e-07, 4.85372083858e-07, 3.77129424578e-07, 5.32800413566e-07, 5.58760859803e-07, 3.11036728817e-07, 2.14241623553e-07, 7.16843430837e-07, 5.43141538856e-07, 1.71768945734e-07, 2.9272094082e-08, 2.11585895471e-08, 8.22393459998e-08, 7.87141445358e-08, 6.63797408151e-08, 4.86491336105e-09, 1.02271142666e-08, 1.9570652654e-08, 8.47205399168e-08, 6.3198655198e-08, 5.27432426622e-08, 3.35339755964e-08, 3.71485668893e-08, 1.98198666368e-08, 1.13413962666e-08, 3.48906370462e-09, 2.73970623965e-09],
        "stdev": [0.000239545042859, 0.00075557816308, 0.0021760945674, 0.00106913899072, 0.000802448252216, 0.000558847968932, 0.000653427501675, 0.000859393563587, 0.000831165525597, 0.000234915190958, 0.000156694630277, 0.000235103201703, 0.000145124373375, 0.000161289557582, 0.000127210965729, 0.000141905737109, 0.00012076015264, 6.84018305037e-05, 8.56833939906e-05, 0.000112734771392, 7.96928288764e-05, 0.000102574165794, 5.06031465193e-05, 3.35340264428e-05, 3.21934130625e-05, 2.47415791819e-05, 3.19615064654e-05, 2.53678881563e-05, 1.92554107343e-05, 1.87919995369e-05, 2.78188254015e-05, 3.18699057971e-05, 3.72207905457e-05, 4.02192017646e-05, 3.06709152937e-05, 2.79528994724e-05, 1.77275542228e-05, 1.35175396281e-05, 9.29496673052e-06, 6.52679636914e-06]
    },
    "melbands128": {
        "max": [0.000302753585856, 0.000853124598507, 0.00379259395413, 0.00836955197155, 0.00849990453571, 0.0104350913316, 0.0175307746977, 0.0309501327574, 0.0213682614267, 0.010121547617, 0.00722081726417, 0.0144798625261, 0.0106507288292, 0.0135687598959, 0.00848878920078, 0.00789088848978, 0.0103410826996, 0.014785097912, 0.0116974916309, 0.00944171100855, 0.0159430466592, 0.0157741904259, 0.0156404413283, 0.00825024303049, 0.00613789213821, 0.00453728437424, 0.00389491720125, 0.0034297038801, 0.00298341014422, 0.00570325227454, 0.00347177684307, 0.0030129943043, 0.00338245206513, 0.00317941443063, 0.00466218218207, 0.00342981866561, 0.00574032031, 0.00230234814808, 0.00170062296093, 0.00314957811497, 0.00549183040857, 0.0021661077626, 0.00151285761967, 0.0032056751661, 0.000820469402242, 0.00161416933406, 0.00298873148859, 0.00190121459309, 0.00132960488554, 0.00166268169414, 0.0027642948553, 0.00275351689197, 0.0011984128505, 0.00172536808532, 0.00284778093919, 0.00300019187853, 0.000837779429276, 0.000761423318181, 0.000801019836217, 0.00166394247208, 0.000598579354119, 0.00062191329198, 0.000643635168672, 0.000477980502183, 0.000234777253354, 0.000203235787922, 0.000746301433537, 0.000444657489425, 0.00100260064937, 0.00100822770037, 0.000508471857756, 0.000352608447429, 0.000306253874442, 0.000204087831662, 0.000248022406595, 0.000270093849394, 0.000474331638543, 0.000469443388283, 0.000552167883143, 0.000413520378061, 0.000372295704437, 0.000626561988611, 0.000464121549157, 0.000484863965539, 0.000672195921652, 0.000735264271498, 0.000474564469187, 0.000538695312571, 0.00039438722888, 0.000492273306008, 0.000434416986536, 0.000544577720575, 0.000239985587541, 0.000196732537006, 0.000241762463702, 0.000201756833121, 0.000192408479052, 0.000158490904141, 0.000105450191768, 0.000110945096822, 4.8875950597e-05, 0.000117191280879, 0.000101459903817, 5.93348886468e-05, 6.00497405685e-05, 4.91777536809e-05, 4.40339936176e-05, 3.41389350069e-05, 8.12137805042e-05, 5.00764617755e-05, 2.31000085478e-05, 6.33674653727e-06, 1.12336721259e-07, 7.74645485535e-08, 4.21595061084e-08, 4.99058181447e-08, 1.37291404911e-08, 1.33780657663e-08, 1.30891537609e-08, 1.28254598053e-08, 1.2571285346e-08, 1.23614745107e-08, 1.21560699284e-08, 1.19867689108e-08, 1.18474785538e-08, 1.17372049857e-08, 1.16516387649e-08, 1.15969136516e-08],
        "mean": [2.31124377024e-05, 0.000100283803476, 0.000220026922761, 0.000316328922054, 0.000389459863072, 0.00048381119268, 0.000800029723905, 0.00133420398924, 0.00119964662008, 0.000671540969051, 0.000664129096549, 0.00085369014414, 0.000576261722017, 0.000456081470475, 0.000427903520176, 0.00027659573243, 0.00027355007478, 0.000375740288291, 0.00026777133462, 0.000347332505044, 0.000674716196954, 0.000469545047963, 0.000444255623734, 0.000131027452881, 9.73279602476e-05, 8.51850927575e-05, 6.18983976892e-05, 8.3471320977e-05, 6.30286958767e-05, 0.000111940178613, 9.46172440308e-05, 4.58556751255e-05, 5.23256712768e-05, 0.000129391934024, 8.13434526208e-05, 6.56809424981e-05, 0.000119995485875, 4.80693634017e-05, 4.17401097366e-05, 5.86040005146e-05, 7.55966975703e-05, 4.03888516303e-05, 5.31038313056e-05, 9.43718914641e-05, 2.51932106039e-05, 3.43684005202e-05, 7.76126107667e-05, 4.34591456724e-05, 2.85773858195e-05, 2.99732128042e-05, 6.95265771355e-05, 9.68762033153e-05, 3.08323615172e-05, 3.70573034161e-05, 7.68270474509e-05, 4.58066970168e-05, 2.59271928371e-05, 4.90622551297e-05, 3.37616984325e-05, 2.80868589471e-05, 2.45006358455e-05, 1.52032398546e-05, 2.31271242228e-05, 2.16215430555e-05, 1.14712474897e-05, 1.41056098073e-05, 2.88739574898e-05, 2.46599611273e-05, 1.571393841e-05, 1.43950092024e-05, 1.27871080622e-05, 1.3950572793e-05, 1.32217855935e-05, 9.06177956495e-06, 8.85933241079e-06, 1.05344552139e-05, 9.88591182249e-06, 9.27414930629e-06, 1.12711140901e-05, 1.33941020977e-05, 1.21432003652e-05, 1.53450055222e-05, 1.68536462297e-05, 1.42184580909e-05, 1.60984000104e-05, 1.57826598297e-05, 1.63020649779e-05, 1.38457789944e-05, 1.22137407743e-05, 1.21735029097e-05, 1.18921334433e-05, 1.01100085885e-05, 7.35556795917e-06, 6.83010284774e-06, 6.97057475918e-06, 5.83938663112e-06, 5.26105395693e-06, 4.9657260206e-06, 5.42606221643e-06, 4.45866271548e-06, 2.84846714749e-06, 3.53159680344e-06, 4.61642730443e-06, 4.601994533e-06, 3.92871470467e-06, 3.03442402583e-06, 2.87628017759e-06, 2.48271680903e-06, 2.78834750134e-06, 2.12351596929e-06, 1.54674648911e-06, 3.64741083558e-07, 1.92200677596e-09, 3.11661557673e-10, 3.21356691257e-10, 3.4324146303e-10, 7.33675620257e-11, 1.59873624755e-11, 1.55291283305e-11, 1.51388276914e-11, 1.47889565177e-11, 1.44963242799e-11, 1.42276954107e-11, 1.39988888537e-11, 1.37805869146e-11, 1.35803417123e-11, 1.34419524123e-11, 1.33677600239e-11],
        "min": [5.70283931189e-10, 3.97611579217e-08, 2.04774792678e-08, 2.36453189473e-07, 7.47406616597e-08, 1.00924850699e-07, 2.95567417652e-07, 2.05382406193e-07, 1.85582806012e-07, 9.65876438386e-07, 5.43303087852e-07, 8.29992004014e-08, 2.43135843903e-07, 2.38161064203e-07, 9.30311557568e-07, 7.46666046325e-07, 2.86018746465e-07, 6.09279140917e-07, 1.35210700591e-06, 3.62111705954e-07, 9.61671048572e-07, 1.56188195888e-06, 3.08878895794e-07, 3.59432334562e-07, 1.40834274021e-07, 1.95349514343e-07, 1.94790914065e-07, 3.4983219166e-07, 2.17843137307e-07, 1.55103009547e-07, 2.46166500517e-08, 1.41581040225e-07, 1.11343567255e-07, 4.0951772462e-07, 1.9666578055e-07, 1.29150038219e-07, 5.99928213774e-08, 1.84602228614e-07, 1.37205020678e-07, 2.67802818144e-07, 3.70894177593e-08, 1.12931658691e-07, 1.01998715252e-07, 2.01795785415e-07, 9.62621413692e-08, 1.46999525441e-07, 8.52803410112e-08, 1.01675190933e-07, 8.92526799134e-08, 1.08652450592e-07, 1.89289764307e-07, 2.18240131744e-07, 7.5768411989e-08, 2.29739612223e-07, 2.51477075608e-07, 1.19830048106e-07, 6.8357550731e-08, 2.18282689701e-08, 5.34563184829e-08, 6.32032808312e-08, 1.07210098577e-08, 2.39079653852e-08, 1.95844638284e-08, 1.58638933101e-08, 3.27140803336e-08, 2.33019310514e-08, 8.15337983795e-08, 4.82169326688e-08, 5.90953632695e-08, 7.02587286128e-08, 4.23532284799e-08, 1.33070718888e-08, 4.14527567827e-09, 1.10308173706e-09, 4.79234518735e-09, 3.03292457815e-09, 1.41233131856e-08, 2.17459810159e-08, 1.22885737142e-08, 4.84893103447e-09, 1.23916414907e-08, 2.61112127475e-08, 2.17515001566e-08, 3.42953896393e-08, 7.69996244543e-09, 1.4429827111e-08, 3.38533965305e-08, 7.70191110888e-09, 2.0175816573e-08, 2.83414198776e-08, 1.72938978693e-08, 7.09301639645e-09, 5.1812389934e-09, 5.50121237453e-09, 7.55464224511e-09, 3.41984773833e-09, 2.2836199598e-09, 1.48219908569e-10, 1.00525887614e-09, 2.35121233594e-09, 1.01630748262e-09, 1.4227828915e-09, 2.95060909039e-09, 5.43063505276e-09, 1.62153279692e-09, 2.35835395657e-09, 3.42707351386e-09, 1.46269518719e-09, 1.51174961438e-09, 2.64266497574e-10, 6.73517186467e-10, 3.34744276569e-12, 2.37319631178e-13, 8.80891971237e-14, 8.83103337093e-14, 8.02145622061e-14, 6.94714129431e-14, 7.60406955501e-14, 8.9284197982e-14, 7.11656414679e-14, 7.44264066067e-14, 6.99292308629e-14, 6.36191674428e-14, 6.35243404103e-14, 3.88796559238e-14, 1.81860074417e-14, 3.1797849774e-15, 1.21967979844e-16],
        "stdev": [3.23988788296e-05, 0.000121824392409, 0.000328802590957, 0.00065681419801, 0.000891604635399, 0.000921490194742, 0.00176944572013, 0.00339086144231, 0.00241464842111, 0.00101295078639, 0.000809518853202, 0.00124751904514, 0.00102209742181, 0.000892363896128, 0.000767109100707, 0.000593008880969, 0.000764981145039, 0.00101261748932, 0.000778872461524, 0.000864600122441, 0.00155949580949, 0.00113352923654, 0.00139081862289, 0.000456850772025, 0.000364787381841, 0.000304251589114, 0.000242051813984, 0.000209995734622, 0.000200210677576, 0.00039144224138, 0.000286535301711, 0.000155190748046, 0.000200948285055, 0.000292581418762, 0.000248670985457, 0.000169824517798, 0.000366658932762, 0.000139236231917, 9.87413150142e-05, 0.000167603095178, 0.000253540056292, 0.000127442821395, 0.000124181082356, 0.00024945550831, 5.54620455659e-05, 8.0038633314e-05, 0.000168815924553, 0.000141156822792, 9.84963990049e-05, 9.49205059442e-05, 0.000170239451109, 0.000221273687202, 8.01541027613e-05, 9.64877399383e-05, 0.000178791306098, 0.000165337929502, 7.04061458237e-05, 8.16398460302e-05, 6.80338853272e-05, 7.92891150923e-05, 4.64499353257e-05, 2.89752406388e-05, 4.99585585203e-05, 4.14968890254e-05, 2.06619188248e-05, 2.27944256039e-05, 4.90903876198e-05, 4.36106856796e-05, 3.99464115617e-05, 4.18948511651e-05, 2.94504479825e-05, 2.95270201605e-05, 2.60163542407e-05, 1.94926051336e-05, 1.75750592462e-05, 1.84785603778e-05, 2.43580780079e-05, 2.89017953037e-05, 3.1879018934e-05, 3.16297846439e-05, 2.86818558379e-05, 3.86600659112e-05, 4.26687438448e-05, 3.81861245842e-05, 4.38072784164e-05, 4.49337821919e-05, 4.42579330411e-05, 3.77999713237e-05, 3.06880574499e-05, 3.27813941112e-05, 3.50215013896e-05, 3.14432872983e-05, 2.13158527913e-05, 1.76934499905e-05, 1.80765764526e-05, 1.53570981638e-05, 1.37821798489e-05, 1.27555185827e-05, 1.07785162982e-05, 8.83701977727e-06, 5.07506319991e-06, 7.09965479473e-06, 8.23439586384e-06, 7.47237163523e-06, 6.32408591628e-06, 4.82168070448e-06, 4.78941001347e-06, 4.26336782766e-06, 5.20313915331e-06, 4.02485920858e-06, 2.73406772067e-06, 6.96362690178e-07, 6.37362829181e-09, 2.4879496241e-09, 1.97664928869e-09, 2.34113328723e-09, 5.48790235477e-10, 3.62892049743e-10, 3.55029006194e-10, 3.47852885385e-10, 3.40979661173e-10, 3.35273170338e-10, 3.29711008495e-10, 3.25111576549e-10, 3.21313836649e-10, 3.183255326e-10, 3.16010384527e-10, 3.14522352607e-10]
    },
    "mfcc": {
        "mean": [-602.631408691, 82.7500610352, 3.35238909721, 16.2024288177, 1.52615773678, -1.22762453556, -13.5322132111, -2.51524448395, -9.17245388031, -4.08007478714, -3.61512851715, -2.68345475197, 0.275293529034],
        "cov": [[1810.69360352, -561.519165039, 73.0221481323, -73.6684799194, 1.30561506748, 66.3027267456, 62.9271888733, 51.0230522156, -12.0000295639, -2.47590780258, -23.1629161835, -39.4374961853, -27.8634204865], [-561.519165039, 1109.22363281, -279.977355957, 69.4353256226, 125.818717957, -71.5912704468, 67.6136856079, 51.7782859802, -67.4611740112, -10.3611888885, -2.23382878304, -11.2229557037, 24.1038036346], [73.0221481323, -279.977355957, 752.956604004, 52.4733581543, 75.2248382568, 126.722366333, 49.0249099731, -37.2556228638, 17.4231586456, -76.3643875122, -8.81828022003, -50.3807601929, -42.3713111877], [-73.6684799194, 69.4353256226, 52.4733581543, 240.89225769, 127.331481934, 46.1757545471, 13.5677947998, -26.3273067474, 50.0075454712, -19.3090171814, -38.2114372253, -23.4908084869, 15.0210237503], [1.30561506748, 125.818717957, 75.2248382568, 127.331481934, 277.310577393, 68.476524353, 48.2686233521, -31.4578800201, 66.6078643799, -25.0659198761, -21.8410968781, -20.0003185272, -0.533396065235], [66.3027267456, -71.5912704468, 126.722366333, 46.1757545471, 68.476524353, 171.186050415, 78.5991363525, -10.3616523743, 34.3186225891, -22.0449905396, -9.91896533966, 0.502743601799, -10.6604185104], [62.9271888733, 67.6136856079, 49.0249099731, 13.5677947998, 48.2686233521, 78.5991363525, 193.494491577, 14.4272089005, 22.6123828888, -12.5123815536, 7.72259187698, 20.1862392426, 12.2773294449], [51.0230522156, 51.7782859802, -37.2556228638, -26.3273067474, -31.4578800201, -10.3616523743, 14.4272089005, 111.089126587, -21.7649459839, 0.443420708179, 4.02246379852, -5.79739379883, 12.1723270416], [-12.0000295639, -67.4611740112, 17.4231586456, 50.0075454712, 66.6078643799, 34.3186225891, 22.6123828888, -21.7649459839, 122.05934906, 7.83580589294, -7.55229616165, 9.30842208862, 9.17709159851], [-2.47590780258, -10.3611888885, -76.3643875122, -19.3090171814, -25.0659198761, -22.0449905396, -12.5123815536, 0.443420708179, 7.83580589294, 95.3440093994, 30.7829875946, 5.17946100235, -3.8583073616], [-23.1629161835, -2.23382878304, -8.81828022003, -38.2114372253, -21.8410968781, -9.91896533966, 7.72259187698, 4.02246379852, -7.55229616165, 30.7829875946, 79.3456039429, 31.0350894928, -17.5779266357], [-39.4374961853, -11.2229557037, -50.3807601929, -23.4908084869, -20.0003185272, 0.502743601799, 20.1862392426, -5.79739379883, 9.30842208862, 5.17946100235, 31.0350894928, 84.8417816162, 17.0803565979], [-27.8634204865, 24.1038036346, -42.3713111877, 15.0210237503, -0.533396065235, -10.6604185104, 12.2773294449, 12.1723270416, 9.17709159851, -3.8583073616, -17.5779266357, 17.0803565979, 87.8218002319]],
        "icov": [[0.000777568435296, 0.000569074938539, 0.000195434811758, 0.000201494185603, -0.000458163733128, 5.04356830788e-05, -0.000511656457093, -0.000482973962789, 0.000497795583215, -3.54525400326e-05, 0.000271274446277, 0.000393765600165, 0.000216286658542], [0.000569074938539, 0.00177612469997, 0.000693711626809, -0.00024472741643, -0.00126618647482, 0.000799340370577, -0.00114066654351, -0.000738911214285, 0.00150412262883, 0.000300536252325, -9.43603372434e-05, 0.000583386397921, 0.000144520527101], [0.000195434811758, 0.000693711626809, 0.00205995002761, -0.000158811395522, -0.000424659956479, -0.00078211654909, -0.000509695149958, 0.000281761342194, 0.000457989168353, 0.00157019973267, -0.00106266653165, 0.00158356060274, 0.00032776070293], [0.000201494185603, -0.00024472741643, -0.000158811395522, 0.00625239964575, -0.00206105108373, -0.000856238882989, 0.000474805157864, 0.000594496261328, -0.00115379982162, -9.05947163119e-05, 0.00165662099607, 0.000872796226759, -0.00100174441468], [-0.000458163733128, -0.00126618647482, -0.000424659956479, -0.00206105108373, 0.00654293131083, -0.00132866285276, -2.61152399617e-05, 0.00137969106436, -0.00295769004151, 0.000889464281499, -0.000610036251601, 0.000923286832403, 8.7149477622e-05], [5.04356830788e-05, 0.000799340370577, -0.00078211654909, -0.000856238882989, -0.00132866285276, 0.00940313376486, -0.00349350366741, -0.000269483105512, -0.000420066004153, 0.000410278182244, 0.00123410869855, -0.000902998028323, 0.00170935678761], [-0.000511656457093, -0.00114066654351, -0.000509695149958, 0.000474805157864, -2.61152399617e-05, -0.00349350366741, 0.00777187384665, -0.000785872631241, -0.00123432022519, 0.000223308670684, -0.00100053881761, -0.00169678544626, -0.00130964454729], [-0.000482973962789, -0.000738911214285, 0.000281761342194, 0.000594496261328, 0.00137969106436, -0.000269483105512, -0.000785872631241, 0.0107539985329, 0.000510939047672, 0.00062491837889, -0.0014345588861, 0.00210012122989, -0.00204269238748], [0.000497795583215, 0.00150412262883, 0.000457989168353, -0.00115379982162, -0.00295769004151, -0.000420066004153, -0.00123432022519, 0.000510939047672, 0.0119070122018, -0.00207413174212, 0.00131855008658, -0.00152903737035, -0.000577866681851], [-3.54525400326e-05, 0.000300536252325, 0.00157019973267, -9.05947163119e-05, 0.000889464281499, 0.000410278182244, 0.000223308670684, 0.00062491837889, -0.00207413174212, 0.014242419973, -0.00662398105487, 0.00299914740026, -0.000449957093224], [0.000271274446277, -9.43603372434e-05, -0.00106266653165, 0.00165662099607, -0.000610036251601, 0.00123410869855, -0.00100053881761, -0.0014345588861, 0.00131855008658, -0.00662398105487, 0.020629812032, -0.0083898184821, 0.00513279810548], [0.000393765600165, 0.000583386397921, 0.00158356060274, 0.000872796226759, 0.000923286832403, -0.000902998028323, -0.00169678544626, 0.00210012122989, -0.00152903737035, 0.00299914740026, -0.0083898184821, 0.0179500505328, -0.00445713102818], [0.000216286658542, 0.000144520527101, 0.00032776070293, -0.00100174441468, 8.7149477622e-05, 0.00170935678761, -0.00130964454729, -0.00204269238748, -0.000577866681851, -0.000449957093224, 0.00513279810548, -0.00445713102818, 0.0143541861326]]
    },
    "spectral_contrast_coeffs": {
        "max": [-0.344171345234, -0.521682798862, -0.489606887102, -0.581839859486, -0.540105700493, -0.614862859249],
        "mean": [-0.671976149082, -0.73501688242, -0.769826114178, -0.77556681633, -0.764648616314, -0.760909199715],
        "min": [-0.948892652988, -0.89545071125, -0.933142840862, -0.902427315712, -0.884847342968, -0.853417873383],
        "stdev": [0.0841393396258, 0.0698156356812, 0.0660652890801, 0.0580293163657, 0.0568828992546, 0.0408518835902]
    },
    "spectral_contrast_valleys": {
        "max": [-5.37993907928, -5.07943725586, -5.48717260361, -5.32777070999, -5.27258777618, -7.18341064453],
        "mean": [-6.90535497665, -6.52554035187, -7.32372379303, -7.34217453003, -7.19639062881, -9.30906867981],
        "min": [-9.86933040619, -7.89859676361, -8.77886962891, -8.85759162903, -9.72099971771, -11.8514862061],
        "stdev": [0.824045062065, 0.450845122337, 0.529094696045, 0.477187514305, 0.582708775997, 0.905170202255]
    }
},
"rhythm": {
    "beats_count": 48,
    "beats_loudness": {
        "max": 0.0545681938529,
        "mean": 0.0341355316341,
        "min": 0.0195467416197,
        "stdev": 0.00709942774847
    },
    "bpm": 88.8879776001,
    "bpm_histogram_first_peak_bpm": 89,
    "bpm_histogram_first_peak_weight": 0.148936152458,
    "bpm_histogram_second_peak_bpm": 0,
    "bpm_histogram_second_peak_spread": 0,
    "bpm_histogram_second_peak_weight": 0,
    "danceability": 1.22722458839,
    "onset_rate": 5.26025342941,
    "beats_loudness_band_ratio": {
        "max": [0.691462159157, 0.489650905132, 0.576778113842, 0.384066551924, 0.393467783928, 0.275068104267],
        "mean": [0.422259807587, 0.170615777373, 0.131837561727, 0.0843594446778, 0.0960661172867, 0.135453030467],
        "min": [0.111489452422, 0.0535170063376, 0.0198400709778, 0.00991792231798, 0.0192064791918, 0.0491897016764],
        "stdev": [0.160548985004, 0.0719984769821, 0.119565889239, 0.078885987401, 0.090754725039, 0.0475259721279]
    },
    "beats_position": [0.626938760281, 1.27709746361, 1.95047616959, 2.63546490669, 3.30884337425, 3.98222208023, 4.65560102463, 5.31736946106, 5.99074840546, 6.66412687302, 7.33750534058, 8.01088428497, 8.68426322937, 9.35764122009, 10.0310201645, 10.7043991089, 11.3777770996, 12.051156044, 12.7245349884, 13.3979139328, 14.0712919235, 14.7446708679, 15.4412698746, 16.1378688812, 16.8112468719, 17.4846248627, 18.1580047607, 18.8313827515, 19.5047607422, 20.1781406403, 20.851518631, 21.5248966217, 22.221496582, 22.8948745728, 23.5682544708, 24.2416324615, 24.9266204834, 25.6116104126, 26.3082084656, 26.9815864563, 27.6549663544, 28.3283443451, 29.0017223358, 29.6751022339, 30.3484802246, 31.0218582153, 31.6836280823, 32.357006073],
