{
"metadata": {
    "version": {
        "essentia": "2.1-beta5",
        "essentia_git_sha": "Undefined",
        "extractor": "music 2.0"
    },
    "audio_properties": {
        "analysis": {
            "equal_loudness": 0,
            "length": 32.4963264465,
            "sample_rate": 44100,
            "start_time": 93.9943771362,
            "downmix": "mix"
        },
        "bit_rate": 192000,
        "length": 232.594284058,
        "lossless": 0,
        "number_channels": 2,
        "replay_gain": -2.31331062317,
        "sample_rate": 48000,
        "codec": "mp3",
        "md5_encoded": "0182229c7e78b395582c45ad1ac8e94f"
    },
    "tags": {
        "file_name": "United KingdomUK_I_m Never Giving Up_Sweet Dreams.mp3",
        "encoding": ["Lavf58.29.100"]
    }
},
"lowlevel": {
    "average_loudness": 0.980893552303,
    "barkbands_crest": {
        "max": 21.3591213226,
        "mean": 6.71154928207,
        "min": 2.23292469978,
        "stdev": 3.0194876194
    },
    "barkbands_flatness_db": {
        "max": 0.190762490034,
        "mean": 0.104734018445,
        "min": 0.0482460036874,
        "stdev": 0.0234693996608
    },
    "barkbands_kurtosis": {
        "max": 15.0963687897,
        "mean": -0.288617700338,
        "min": -1.84165799618,
        "stdev": 1.65208518505
    },
    "barkbands_skewness": {
        "max": 3.52110719681,
        "mean": 0.41498914361,
        "min": -2.86210179329,
        "stdev": 0.745962500572
    },
    "barkbands_spread": {
        "max": 83.8124160767,
        "mean": 36.6351013184,
        "min": 6.20411396027,
        "stdev": 12.8904647827
    },
    "dissonance": {
        "max": 0.499916136265,
        "mean": 0.474607229233,
        "min": 0.365505158901,
        "stdev": 0.0189672876149
    },
    "dynamic_complexity": 1.34150564671,
    "erbbands_crest": {
        "max": 29.0078239441,
        "mean": 8.62813568115,
        "min": 2.7633767128,
        "stdev": 4.51339006424
    },
    "erbbands_flatness_db": {
        "max": 0.276177376509,
        "mean": 0.16168987751,
        "min": 0.0842850282788,
        "stdev": 0.0333403609693
    },
    "erbbands_kurtosis": {
        "max": 23.1566619873,
        "mean": 0.178577125072,
        "min": -1.75722777843,
        "stdev": 2.01045536995
    },
    "erbbands_skewness": {
        "max": 1.97969520092,
        "mean": -0.291077852249,
        "min": -4.53019237518,
        "stdev": 0.756684482098
    },
    "erbbands_spread": {
        "max": 121.311103821,
        "mean": 40.1301956177,
        "min": 5.18614816666,
        "stdev": 16.376909256
    },
    "hfc": {
        "max": 193.487808228,
        "mean": 34.3536529541,
        "min": 1.42193698883,
        "stdev": 19.0495929718
    },
    "loudness_ebu128": {
        "integrated": -20.6204090118,
        "loudness_range": 1.20934486389,
        "momentary": {
            "max": -18.45454216,
            "mean": -20.7121658325,
            "min": -23.1023254395,
            "stdev": 0.904396474361
        },
        "short_term": {
            "max": -19.8352298737,
            "mean": -20.6292667389,
            "min": -21.9033203125,
            "stdev": 0.430725693703
        }
    },
    "melbands_crest": {
        "max": 27.1897621155,
        "mean": 9.52815055847,
        "min": 2.80165934563,
        "stdev": 3.92021870613
    },
    "melbands_flatness_db": {
        "max": 0.247317939997,
        "mean": 0.115152545273,
        "min": 0.0366503037512,
        "stdev": 0.0348043628037
    },
    "melbands_kurtosis": {
        "max": 71.2358093262,
        "mean": 3.76669383049,
        "min": -1.90441465378,
        "stdev": 6.86665487289
    },
    "melbands_skewness": {
        "max": 8.02637767792,
        "mean": 1.58809995651,
        "min": -1.08341121674,
        "stdev": 1.09292376041
    },
    "melbands_spread": {
        "max": 232.008239746,
        "mean": 51.7941246033,
        "min": 7.47269248962,
        "stdev": 25.9561920166
    },
    "pitch_salience": {
        "max": 0.853543877602,
        "mean": 0.612014830112,
        "min": 0.284433305264,
        "stdev": 0.0895536988974
    },
    "silence_rate_20dB": {
        "max": 1,
        "mean": 1,
        "min": 1,
        "stdev": 0
    },
    "silence_rate_30dB": {
        "max": 1,
        "mean": 1,
        "min": 1,
        "stdev": 0
    },
    "silence_rate_60dB": {
        "max": 0,
        "mean": 0,
        "min": 0,
        "stdev": 0
    },
    "spectral_centroid": {
        "max": 5030.28613281,
        "mean": 2359.82202148,
        "min": 482.682495117,
        "stdev": 618.766845703
    },
    "spectral_complexity": {
        "max": 54,
        "mean": 26.1805858612,
        "min": 1,
        "stdev": 8.52603244781
    },
    "spectral_decrease": {
        "max": -1.98759092518e-10,
        "mean": -4.77854067427e-09,
        "min": -2.29420091813e-08,
        "stdev": 2.47621945171e-09
    },
    "spectral_energy": {
        "max": 0.0919712632895,
        "mean": 0.0211512893438,
        "min": 0.000879138300661,
        "stdev": 0.0101934093982
    },
    "spectral_energyband_high": {
        "max": 0.0309797003865,
        "mean": 0.00275856326334,
        "min": 6.7421780841e-05,
        "stdev": 0.00264165643603
    },
    "spectral_energyband_low": {
        "max": 0.0400196947157,
        "mean": 0.00335727189668,
        "min": 3.79960838472e-05,
        "stdev": 0.0049313288182
    },
    "spectral_energyband_middle_high": {
        "max": 0.0302665773779,
        "mean": 0.00835772696882,
        "min": 9.75919683697e-05,
        "stdev": 0.00549988169223
    },
    "spectral_energyband_middle_low": {
        "max": 0.0615050829947,
        "mean": 0.00802427902818,
        "min": 0.000582720793318,
        "stdev": 0.00680241780356
    },
    "spectral_entropy": {
        "max": 9.08903026581,
        "mean": 7.82835769653,
        "min": 7.02308320999,
        "stdev": 0.257083535194
    },
    "spectral_flux": {
        "max": 0.234470486641,
        "mean": 0.0888372063637,
        "min": 0.0325212106109,
        "stdev": 0.0327482633293
    },
    "spectral_kurtosis": {
        "max": 7.93796634674,
        "mean": 2.19274067879,
        "min": -0.621374130249,
        "stdev": 1.2219492197
    },
    "spectral_rms": {
        "max": 0.00947248935699,
        "mean": 0.00442841276526,
        "min": 0.000926118751522,
        "stdev": 0.00101222214289
    },
    "spectral_rolloff": {
        "max": 8527.1484375,
        "mean": 3306.96923828,
        "min": 215.33203125,
        "stdev": 1401.4119873
    },
    "spectral_skewness": {
        "max": 2.40177536011,
        "mean": 0.934030771255,
        "min": -0.470690071583,
        "stdev": 0.296541929245
    },
    "spectral_spread": {
        "max": 28769868,
        "mean": 4541453,
        "min": 2626373.25,
        "stdev": 1287034.25
    },
    "spectral_strongpeak": {
        "max": 13.4427051544,
        "mean": 1.71086120605,
        "min": 0.0166565440595,
        "stdev": 1.99089705944
    },
    "zerocrossingrate": {
        "max": 0.29150390625,
        "mean": 0.105257891119,
        "min": 0.0087890625,
        "stdev": 0.0316291190684
    },
    "barkbands": {
        "max": [0.000789388141129, 0.0199233032763, 0.0205341801047, 0.0438801422715, 0.0273135863245, 0.0109183816239, 0.0136758442968, 0.018733959645, 0.00885663554072, 0.0257160179317, 0.013257663697, 0.0216489844024, 0.0200559403747, 0.0221529342234, 0.0168358758092, 0.0125366682187, 0.0123831136152, 0.0140825500712, 0.0109403505921, 0.00666829710826, 0.0137983532622, 0.0163841061294, 0.0163062196225, 0.00398718565702, 0.00194544217084, 0.000128315659822, 3.87135060009e-06],
        "mean": [7.37287846277e-05, 0.001325648278, 0.00125101977028, 0.00155453803018, 0.00221236259677, 0.00124687270727, 0.00106586876791, 0.000667016371153, 0.000403898040531, 0.00151301140431, 0.0011220315937, 0.000684857892338, 0.000341639330145, 0.00114395271521, 0.000488311634399, 0.000493592931889, 0.000547441304661, 0.000975341536105, 0.000955979456194, 0.000983998994343, 0.000771979044657, 0.000530324119609, 0.000482246832689, 0.000214062107261, 8.9380366262e-05, 1.21883058455e-05, 8.80083295129e-09],
        "min": [1.54655268148e-07, 1.90285504686e-06, 2.52287668445e-06, 5.05138723383e-06, 4.0784234443e-05, 3.53066279786e-05, 2.3648248316e-05, 5.93456798015e-06, 7.69213511376e-06, 8.40539451019e-06, 4.1394910113e-06, 4.05503760703e-06, 1.73932733105e-06, 5.03262526763e-06, 1.38815767059e-06, 3.71817441192e-06, 5.09322171638e-06, 1.96116047846e-06, 9.81381163001e-06, 6.48571131023e-06, 8.856979548e-06, 9.31293106987e-06, 6.68737538945e-06, 5.49753167434e-06, 2.25472967941e-06, 2.2994480986e-08, 8.84070663898e-11],
        "stdev": [9.04426415218e-05, 0.00200628465973, 0.0022642808035, 0.00385835440829, 0.00265753571875, 0.00108960771468, 0.00134774472099, 0.00102948443964, 0.00070305087138, 0.00278919190168, 0.00176594441291, 0.00178065081127, 0.00104963115882, 0.00212713796645, 0.00120508146938, 0.00091692438582, 0.000914801144972, 0.00133411330171, 0.000895563163795, 0.000943004793953, 0.000876163307112, 0.000811195757706, 0.000886689929757, 0.000288588984404, 0.000122512647067, 1.65522997122e-05, 1.47255406091e-07]
    },
    "erbbands": {
        "max": [0.265808016062, 5.83788442612, 23.1817836761, 86.9074554443, 134.764526367, 81.8933029175, 77.5599899292, 105.854316711, 267.286529541, 303.662322998, 170.966491699, 233.118255615, 865.842163086, 820.420288086, 660.128295898, 983.627563477, 1125.96411133, 1283.06433105, 871.559570312, 309.722564697, 831.25592041, 717.500244141, 545.270202637, 724.49005127, 542.458312988, 362.598693848, 395.413574219, 569.054382324, 628.440551758, 511.149963379, 458.467315674, 122.932991028, 46.1446456909, 35.4145584106, 7.12243556976, 1.12523686886, 0.123573675752, 0.00591549789533, 0.000568360206671, 0.000119607509987],
        "mean": [0.030141569674, 0.333204776049, 1.37678945065, 3.45549750328, 6.7859787941, 6.89977884293, 8.2151260376, 10.1282587051, 15.447845459, 17.2728729248, 11.5602407455, 11.4841880798, 47.7097091675, 27.4532566071, 49.2889633179, 31.872423172, 20.6216049194, 57.5452728271, 32.6234817505, 26.9003334045, 24.2313137054, 31.3460483551, 48.3909301758, 57.3274269104, 40.9341392517, 50.2043647766, 42.4897041321, 22.6642150879, 19.2092761993, 16.9978694916, 12.6077871323, 5.96121644974, 2.89353847504, 1.15629124641, 0.567523360252, 0.116215206683, 0.0129693867639, 0.000545008399058, 4.06329018006e-05, 3.2897813071e-05],
        "min": [7.83873474575e-05, 0.000841738015879, 0.00851709488779, 0.0308033041656, 0.0697734504938, 0.0934689715505, 0.210512042046, 0.232960999012, 0.279630810022, 0.512658834457, 0.124057739973, 0.400467067957, 0.27913543582, 0.214698880911, 0.247085899115, 0.219824030995, 0.253378361464, 0.305544525385, 0.171837300062, 0.082765199244, 0.215947151184, 0.295946091413, 0.110210090876, 0.39826053381, 0.520971477032, 0.371822148561, 0.340142607689, 0.355177521706, 0.337897330523, 0.275101155043, 0.198478624225, 0.113793686032, 0.0779268965125, 0.0338075645268, 0.0141692180187, 0.00199112482369, 9.50866815401e-05, 9.51030961005e-06, 4.67806194138e-06, 7.16959175406e-06],
        "stdev": [0.035208620131, 0.569354176521, 2.53561258316, 7.18265676498, 12.9258756638, 7.81686544418, 8.04812526703, 9.77975082397, 19.7114982605, 23.8376655579, 13.8649368286, 17.5639438629, 93.1688308716, 47.3179931641, 82.2314376831, 83.1835250854, 52.2168273926, 111.387382507, 64.0459518433, 35.9506149292, 52.1378173828, 48.4644851685, 51.1357917786, 69.1695709229, 38.1779060364, 49.3000221252, 43.9657936096, 29.9346694946, 29.6250171661, 29.0308666229, 23.8790779114, 8.68712711334, 3.76848006248, 1.82509791851, 0.719936430454, 0.153017863631, 0.017614422366, 0.000798081804533, 3.62502069038e-05, 1.53434666572e-05]
    },
    "gfcc": {
        "mean": [31.8754329681, 72.1806869507, -142.614517212, 59.0845451355, -79.2386703491, 16.2277317047, -40.7203674316, 8.91255569458, -28.8569164276, -1.30729651451, -10.2908010483, -3.66634392738, -6.94324636459],
        "cov": [[723.414489746, -280.644226074, 68.565032959, 100.069229126, -33.3406715393, 63.934337616, -4.00679063797, 12.5314722061, -57.4003562927, 29.7438621521, -53.0407104492, 2.65978097916, -51.2572212219], [-280.644226074, 550.738098145, -120.140823364, -63.8069801331, 81.0778808594, -45.9747467041, 86.0598602295, -44.9434127808, 35.6712989807, -48.5887947083, 73.6452102661, -39.3395233154, 53.3916053772], [68.565032959, -120.140823364, 577.776245117, 138.151077271, -40.2407493591, 6.86314821243, -160.032684326, 65.0941696167, 11.4613552094, 44.7723312378, -101.913612366, 45.9692115784, -79.4182891846], [100.069229126, -63.8069801331, 138.151077271, 363.251464844, 13.7199764252, -76.2062911987, -35.9410514832, 10.5092496872, 82.1531906128, -38.2325668335, -19.649307251, -14.728427887, 1.13519847393], [-33.3406715393, 81.0778808594, -40.2407493591, 13.7199764252, 147.812530518, 22.1229934692, -6.91015481949, 12.4325723648, 12.3754787445, 13.6875963211, -7.26437568665, -7.42272901535, 15.827542305], [63.934337616, -45.9747467041, 6.86314821243, -76.2062911987, 22.1229934692, 183.832931519, 54.6669578552, -41.4899711609, -36.6913070679, 13.4629173279, 11.533665657, 3.51609802246, -19.4008464813], [-4.00679063797, 86.0598602295, -160.032684326, -35.9410514832, -6.91015481949, 54.6669578552, 167.582382202, -19.8905563354, -41.0453300476, -25.5428371429, 56.4405250549, -28.3731060028, 22.3434677124], [12.5314722061, -44.9434127808, 65.0941696167, 10.5092496872, 12.4325723648, -41.4899711609, -19.8905563354, 114.844360352, 15.7922668457, -2.92309427261, -24.8758850098, 20.5100822449, 2.61310076714], [-57.4003562927, 35.6712989807, 11.4613552094, 82.1531906128, 12.3754787445, -36.6913070679, -41.0453300476, 15.7922668457, 112.037467957, 2.66844701767, -2.60432553291, 5.36647558212, 9.68706035614], [29.7438621521, -48.5887947083, 44.7723312378, -38.2325668335, 13.6875963211, 13.4629173279, -25.5428371429, -2.92309427261, 2.66844701767, 105.986106873, 2.83830595016, 2.67900538445, -22.5566120148], [-53.0407104492, 73.6452102661, -101.913612366, -19.649307251, -7.26437568665, 11.533665657, 56.4405250549, -24.8758850098, -2.60432553291, 2.83830595016, 101.045692444, 3.88931107521, 8.92349815369], [2.65978097916, -39.3395233154, 45.9692115784, -14.728427887, -7.42272901535, 3.51609802246, -28.3731060028, 20.5100822449, 5.36647558212, 2.67900538445, 3.88931107521, 66.9769439697, 9.28381633759], [-51.2572212219, 53.3916053772, -79.4182891846, 1.13519847393, 15.827542305, -19.4008464813, 22.3434677124, 2.61310076714, 9.68706035614, -22.5566120148, 8.92349815369, 9.28381633759, 73.9538650513]],
        "icov": [[0.00223842449486, -0.000223898867262, 0.00145964324474, -0.0022306048777, 0.00156470411457, -0.00199342914857, 0.00103452824987, -0.00152209913358, 0.00249201757833, -0.00171502504963, 0.00180228962563, -0.000939193298109, 0.00124913267791], [-0.000223898867262, 0.00685015879571, -0.00529657816514, 0.00625490723178, -0.00760564906523, 0.00735897896811, -0.0072632394731, 0.00674811936915, -0.0069196135737, 0.00586705515161, -0.00516607426107, 0.0036379401572, -0.00250783981755], [0.00145964324474, -0.00529657816514, 0.00941200554371, -0.00847633834928, 0.00859777629375, -0.0090432073921, 0.00942180771381, -0.00842696428299, 0.00856576021761, -0.0070447078906, 0.00696804700419, -0.00497124157846, 0.00482443766668], [-0.0022306048777, 0.00625490723178, -0.00847633834928, 0.0126888016239, -0.00980781204998, 0.0108862342313, -0.00944546237588, 0.00925810448825, -0.0120244910941, 0.00914231315255, -0.00667750742286, 0.00532927503809, -0.00337743922137], [0.00156470411457, -0.00760564906523, 0.00859777629375, -0.00980781204998, 0.018118975684, -0.012655553408, 0.0115097677335, -0.0112354103476, 0.00962277967483, -0.0095306141302, 0.00720970705152, -0.00254022702575, 0.000962368794717], [-0.00199342914857, 0.00735897896811, -0.0090432073921, 0.0108862342313, -0.012655553408, 0.0192530695349, -0.0143996104598, 0.0131966434419, -0.0101877693087, 0.00800236407667, -0.00571298599243, 0.00136383564677, -0.000636075623333], [0.00103452824987, -0.0072632394731, 0.00942180771381, -0.00944546237588, 0.0115097677335, -0.0143996104598, 0.0227788537741, -0.0120008857921, 0.0129578309134, -0.00595841696486, 0.000757746107411, 0.0017022684915, -0.000294993689749], [-0.00152209913358, 0.00674811936915, -0.00842696428299, 0.00925810448825, -0.0112354103476, 0.0131966434419, -0.0120008857921, 0.0204159151763, -0.0106240352616, 0.00777690997347, -0.00328901433386, -0.000402702833526, -0.00213652476668], [0.00249201757833, -0.0069196135737, 0.00856576021761, -0.0120244910941, 0.00962277967483, -0.0101877693087, 0.0129578309134, -0.0106240352616, 0.0225751213729, -0.00912954751402, 0.00548573117703, -0.00437939306721, 0.00198071077466], [-0.00171502504963, 0.00586705515161, -0.0070447078906, 0.00914231315255, -0.0095306141302, 0.00800236407667, -0.00595841696486, 0.00777690997347, -0.00912954751402, 0.0181174855679, -0.00774360029027, 0.00448584277183, -0.000372467271518], [0.00180228962563, -0.00516607426107, 0.00696804700419, -0.00667750742286, 0.00720970705152, -0.00571298599243, 0.000757746107411, -0.00328901433386, 0.00548573117703, -0.00774360029027, 0.020538456738, -0.00894154235721, 0.00497361365706], [-0.000939193298109, 0.0036379401572, -0.00497124157846, 0.00532927503809, -0.00254022702575, 0.00136383564677, 0.0017022684915, -0.000402702833526, -0.00437939306721, 0.00448584277183, -0.00894154235721, 0.0240197330713, -0.00829093158245], [0.00124913267791, -0.00250783981755, 0.00482443766668, -0.00337743922137, 0.000962368794717, -0.000636075623333, -0.000294993689749, -0.00213652476668, 0.00198071077466, -0.000372467271518, 0.00497361365706, -0.00829093158245, 0.0212904307991]]
    },
    "melbands": {
        "max": [0.0036870224867, 0.0102958921343, 0.0163067039102, 0.00637745438144, 0.00333383143879, 0.00291851069778, 0.00348680280149, 0.0040099946782, 0.00113636162132, 0.00126342882868, 0.00448635406792, 0.00356574775651, 0.00178659975063, 0.00310681760311, 0.00222989940085, 0.00189906265587, 0.0027419028338, 0.00114785158075, 0.0010478644399, 0.000690097804181, 0.00121487223078, 0.000979231554084, 0.000800893118139, 0.000801650981884, 0.000613836629782, 0.000365233252523, 0.000296105368761, 0.000293595832773, 0.000260679691564, 0.00034188159043, 0.0003344353172, 0.000344542029779, 0.000318421050906, 0.00026801956119, 0.00033530392102, 0.00011414141045, 6.24228414381e-05, 3.29059876094e-05, 3.16431651299e-05, 3.83723963751e-05],
        "mean": [0.000319493352436, 0.000633925432339, 0.000708344159648, 0.000494713545777, 0.000291910866508, 0.000239147018874, 0.000232937454712, 0.000180938732228, 8.83869215613e-05, 6.57772106933e-05, 0.000239868662902, 0.000103775193566, 0.000163481206982, 9.01984385564e-05, 5.83135188208e-05, 4.22164193878e-05, 0.000120185344713, 5.32968042535e-05, 3.72196664102e-05, 3.60401318176e-05, 2.70425862254e-05, 2.83917561319e-05, 4.70390659757e-05, 4.24362260674e-05, 4.81903007312e-05, 2.98164522974e-05, 2.55601662502e-05, 3.56345590262e-05, 2.92227905447e-05, 1.87754303624e-05, 1.14517206384e-05, 1.12341504064e-05, 9.37951426749e-06, 9.72903308138e-06, 7.99580720923e-06, 4.95380527354e-06, 3.11192388835e-06, 2.21552227231e-06, 1.30607952542e-06, 8.90693456768e-07],
        "min": [6.66448386255e-07, 5.154183782e-06, 8.10767232906e-06, 6.3700344981e-06, 6.32876208329e-06, 6.37991615804e-06, 4.86004637423e-06, 4.45754176326e-06, 4.90598665692e-07, 1.12540476493e-06, 9.86623831523e-07, 8.62210015384e-07, 6.93766708082e-07, 5.65846619338e-07, 4.65208387368e-07, 2.88655627401e-07, 5.03182377543e-07, 3.11165052835e-07, 6.54812666312e-08, 2.13355150436e-07, 2.40842098265e-07, 3.20579204072e-07, 1.63537464459e-07, 9.6091469004e-08, 2.9911663546e-07, 3.18296798696e-07, 4.15251264485e-07, 1.56888418701e-07, 1.87492801729e-07, 1.97316524009e-07, 1.59552541845e-07, 1.80862386401e-07, 1.14377009197e-07, 1.17835234903e-07, 9.29410148842e-08, 1.0028641384e-07, 5.28168833114e-08, 5.18738154653e-08, 2.50725751272e-08, 7.18163573055e-09],
        "stdev": [0.00042209145613, 0.00108937360346, 0.00147259107325, 0.000650242145639, 0.000295311416266, 0.000232168153161, 0.000295408593956, 0.000263615918811, 0.000111819979793, 0.000102579513623, 0.00047805023496, 0.000202793162316, 0.000254489772487, 0.00018716014165, 0.000152529828483, 0.000126475599245, 0.000235363506363, 9.5751027402e-05, 7.58017486078e-05, 5.64978072362e-05, 7.2570379416e-05, 6.06224566582e-05, 5.90524687141e-05, 6.33097879472e-05, 6.13951560808e-05, 3.01480340568e-05, 2.58319087152e-05, 3.85560197174e-05, 3.20083963743e-05, 2.28229582717e-05, 1.89467427845e-05, 1.75997793121e-05, 1.53732762556e-05, 1.78053378477e-05, 1.67556263477e-05, 7.75463195168e-06, 4.55444160252e-06, 2.9198060929e-06, 1.85400256214e-06, 1.61612683769e-06]
    },
    "melbands128": {
        "max": [0.000711480912287, 0.00157455506269, 0.00510125607252, 0.0116407321766, 0.0145204439759, 0.00961477123201, 0.0175406932831, 0.0251107718796, 0.0164852086455, 0.00434927083552, 0.00535850320011, 0.00558755639941, 0.00279299216345, 0.00167740718462, 0.00193007895723, 0.0056433849968, 0.00844107102603, 0.00413257069886, 0.0050122058019, 0.00562758464366, 0.00752983288839, 0.00297571183182, 0.00144284113776, 0.0033724475652, 0.00272092595696, 0.000829381286167, 0.00261624949053, 0.00804380420595, 0.00531428633258, 0.00633982289582, 0.00373558420688, 0.0034357488621, 0.00309814698994, 0.00482516456395, 0.00196656305343, 0.00684997206554, 0.00611146911979, 0.00286199059337, 0.00193778472021, 0.00568883540109, 0.00420328089967, 0.00450897356495, 0.00528728542849, 0.00353883602656, 0.00152589729987, 0.000974498339929, 0.0043602893129, 0.0011212148238, 0.000718741619494, 0.00117842550389, 0.00146934657823, 0.000795405823737, 0.00272370874882, 0.00227388250642, 0.00216154870577, 0.00226237880997, 0.000792432634626, 0.0012775309151, 0.00188667769544, 0.000844637106638, 0.000616142118815, 0.00235309731215, 0.00173993827775, 0.000929405388888, 0.000536722363904, 0.000333677278832, 0.00059973669704, 0.000589107221458, 0.000508482800797, 0.000754774024244, 0.000548532640096, 0.000520169560332, 0.000580193358473, 0.000468534592073, 0.000656060525216, 0.000445226032753, 0.000391100882553, 0.000362407125067, 0.000414564681705, 0.000377972377464, 0.000258228334133, 0.000401268654969, 0.000524530303665, 0.000186577250133, 0.000275660044281, 0.000452936277725, 0.000263427558821, 0.000572278862819, 0.000420861993916, 0.000215392457903, 0.000168326369021, 0.000111662244308, 0.000126102706417, 9.68374006334e-05, 4.26148035331e-05, 3.68950568372e-05, 3.56917225872e-05, 4.60763658339e-05, 4.0672479372e-05, 4.02212972404e-05, 3.13928940159e-05, 5.82545508223e-05, 2.24580180657e-05, 1.76615249075e-05, 8.08563800092e-06, 6.05527020525e-06, 4.652291409e-06, 2.82267069451e-06, 2.17460069507e-06, 2.3422896902e-06, 7.97087977844e-07, 6.63229855036e-07, 3.69640531517e-07, 2.71420248055e-07, 2.06919736456e-07, 3.07212317807e-08, 1.92551183886e-08, 1.84246022883e-08, 1.7792963547e-08, 1.72103611362e-08, 1.67052736089e-08, 1.62432183259e-08, 1.58713060472e-08, 1.5546010701e-08, 1.52967150058e-08, 1.50748515892e-08, 1.4916389901e-08, 1.48232564001e-08],
        "mean": [6.24853710178e-05, 0.000213022445678, 0.000388293468859, 0.000594084965996, 0.000708674720954, 0.000582065724302, 0.00066594366217, 0.000811462057754, 0.000705462414771, 0.000486421282403, 0.000349784531863, 0.000333547504852, 0.000297461199807, 0.000214706611587, 0.000185428943951, 0.000294752069749, 0.000295973091852, 0.000204201540328, 0.000175673601916, 0.000223842143896, 0.000171502222656, 8.4996347141e-05, 8.99900769582e-05, 6.34980242467e-05, 8.21001740405e-05, 3.268960063e-05, 0.000105911742139, 0.000415826303652, 0.000186877558008, 8.85010376805e-05, 8.11838472146e-05, 9.60464822128e-05, 0.000201088696485, 0.000216101238038, 5.19293753314e-05, 5.96343743382e-05, 0.000134641435579, 3.35318654834e-05, 3.6871242628e-05, 5.00974165334e-05, 2.2059368348e-05, 6.82245226926e-05, 0.000119918397104, 0.000188367950614, 3.96480245399e-05, 2.35501611314e-05, 7.0207133831e-05, 2.99797775369e-05, 2.03827348741e-05, 5.10639438289e-05, 3.53310133505e-05, 2.9032717066e-05, 2.68004132522e-05, 2.24299201363e-05, 3.44024520018e-05, 2.36129289988e-05, 2.70591626759e-05, 4.94781925227e-05, 5.71389500692e-05, 3.87354193663e-05, 3.28916612489e-05, 4.98468725709e-05, 6.48712593829e-05, 4.4313903345e-05, 2.78709976556e-05, 2.5279881811e-05, 3.80369274353e-05, 2.43785434577e-05, 1.8669932615e-05, 3.04597197101e-05, 4.07158149756e-05, 3.64790721505e-05, 3.12553238473e-05, 3.06472793454e-05, 2.15704603761e-05, 2.33285700233e-05, 1.53018081619e-05, 9.83366589935e-06, 1.11366061901e-05, 1.28821402541e-05, 1.15089351311e-05, 1.08635849756e-05, 9.81601897365e-06, 9.47323223954e-06, 8.51056665852e-06, 9.31806152948e-06, 1.07234172901e-05, 9.59695080383e-06, 8.30938188301e-06, 6.37332823317e-06, 5.61069009564e-06, 4.66753772344e-06, 3.58166744263e-06, 3.07595041704e-06, 2.91574428957e-06, 2.47209231929e-06, 2.15351610677e-06, 1.63719607826e-06, 1.52110487761e-06, 1.04826801817e-06, 6.17771092948e-07, 9.35786601985e-07, 1.08303845536e-06, 8.59175486312e-07, 6.15352178102e-07, 5.15834130965e-07, 3.6035589801e-07, 2.2574140246e-07, 1.66389256151e-07, 1.28259245002e-07, 6.94330068995e-08, 5.13973859029e-08, 2.09003925278e-08, 1.69471405798e-08, 5.93710680619e-09, 5.79078840435e-10, 1.27957741625e-10, 3.20616415361e-11, 3.09613029659e-11, 2.99524745284e-11, 2.90738995379e-11, 2.83138113649e-11, 2.76764410001e-11, 2.7099308908e-11, 2.65387052611e-11, 2.59268492092e-11, 2.5527108205e-11, 2.53498159963e-11],
        "min": [2.57918442159e-09, 3.10839681106e-07, 1.6377373413e-07, 4.122161954e-07, 7.45531167468e-07, 1.70921953213e-06, 2.32542788581e-06, 2.4810656214e-06, 1.66634299603e-06, 4.92120307172e-07, 5.28278405909e-07, 8.26864265946e-07, 2.10724010685e-06, 9.88990905171e-07, 1.8366548602e-06, 1.48133335642e-06, 1.4757235931e-06, 8.36388153402e-07, 1.56154499109e-06, 1.50163145918e-06, 6.36318532088e-07, 4.5050816766e-07, 2.10017148561e-07, 2.22493824253e-07, 1.41706777868e-07, 2.37878708731e-07, 3.49470894889e-07, 2.12544208011e-07, 2.88031600348e-07, 4.32893187963e-07, 2.93127527584e-07, 2.50909096167e-07, 1.84261182312e-07, 1.90190277749e-07, 1.11733740482e-07, 1.31478060439e-07, 2.01269344302e-07, 1.58001896011e-07, 8.1893020365e-08, 3.73947059984e-08, 7.2824555275e-08, 9.29829582219e-08, 1.40439397001e-07, 1.81913506481e-07, 6.93177923949e-08, 2.01048919735e-07, 1.01460599922e-07, 3.15121191363e-08, 4.20313881477e-08, 5.06152524338e-08, 1.53104608103e-07, 1.06983790715e-07, 1.10063702152e-07, 1.97899368004e-07, 2.13595583887e-07, 1.99112832888e-07, 2.73538091733e-07, 2.44477519118e-07, 6.80788403429e-08, 1.1081744411e-08, 5.61345032679e-08, 1.82599080745e-07, 2.00793408567e-07, 1.79349243012e-07, 1.73250185753e-07, 1.61154957823e-07, 3.28408646055e-07, 2.25530015996e-07, 1.73547050508e-07, 1.47302870346e-07, 1.11225759269e-07, 4.81451003509e-08, 1.0378203541e-07, 9.7524299747e-08, 5.27458823285e-08, 1.93868686438e-07, 1.86403539715e-07, 5.72985108249e-08, 1.02832082405e-07, 1.11423652527e-07, 6.69246205121e-08, 2.03261176779e-08, 9.00866226061e-08, 7.91136329781e-08, 1.60924074066e-08, 4.8316927348e-08, 9.34229831273e-08, 2.95026527652e-08, 4.0791103828e-08, 7.30591196429e-08, 3.96766530741e-08, 4.05614848376e-08, 2.50837608462e-08, 4.96864371868e-09, 1.06024593549e-08, 2.75337708189e-08, 6.68437705187e-09, 1.64367008892e-08, 7.23786097723e-09, 6.41040598381e-09, 7.92031440433e-10, 1.99061411799e-09, 4.17783985185e-09, 5.72584291092e-09, 3.33166338962e-09, 2.31685937102e-09, 1.26528440503e-10, 1.3326091966e-11, 5.89626750203e-11, 4.0965050796e-10, 2.52497727588e-11, 7.05480378976e-13, 4.26382101284e-13, 3.84000665467e-13, 3.16835289558e-13, 3.15710294279e-13, 2.9056320067e-13, 3.0938793194e-13, 2.6677057373e-13, 3.00712091946e-13, 3.21319495534e-13, 2.7957405271e-13, 2.41632939785e-13, 3.01111755972e-13, 1.55185597445e-13, 5.20163881586e-14, 1.20954153404e-14, 4.88619425953e-16],
        "stdev": [8.06104362709e-05, 0.000256515428191, 0.000581153435633, 0.00110347452573, 0.00142258277629, 0.00102940527722, 0.00135852245148, 0.00218152673915, 0.00142639875412, 0.000573334167711, 0.00046236300841, 0.000478839880088, 0.000338474463206, 0.000229008073802, 0.000216807427933, 0.000427226361353, 0.000451936153695, 0.000397642055759, 0.000327312503941, 0.000373509741621, 0.000388759770431, 0.000150807725731, 0.000144994017319, 0.000182183313882, 0.00019332789816, 7.15528731234e-05, 0.000210667058127, 0.000893769436516, 0.00046549536637, 0.000323364074575, 0.000219816269237, 0.000222873088205, 0.000361861573765, 0.000551015953533, 0.000142351680552, 0.000257842883002, 0.000472828105558, 0.000131326261908, 0.000105727667687, 0.00023750589753, 0.000136876027682, 0.000315427401802, 0.000316648191074, 0.000398528238293, 9.29110683501e-05, 7.24155688658e-05, 0.000280738779111, 9.43354025367e-05, 4.93595434818e-05, 0.000109056614747, 7.94574661995e-05, 7.45644938434e-05, 0.000124726910144, 9.60652905633e-05, 0.000123686972074, 8.96901256056e-05, 5.22549744346e-05, 8.10565034044e-05, 0.000101443452877, 5.62614113733e-05, 5.4443058616e-05, 0.000163555567269, 0.000128888510517, 7.03136320226e-05, 4.6162167564e-05, 3.2654235838e-05, 5.04511808685e-05, 3.30061993736e-05, 3.09538954752e-05, 4.49178369308e-05, 5.8376142988e-05, 5.9581881942e-05, 4.42623204435e-05, 4.67575009679e-05, 4.17048831878e-05, 3.23568310705e-05, 2.75040583801e-05, 1.77677920874e-05, 2.30180194194e-05, 2.56252442341e-05, 1.83397332876e-05, 2.02634273592e-05, 1.88038993656e-05, 1.58079928951e-05, 1.58132861543e-05, 1.89949114429e-05, 1.94416406885e-05, 2.59799708147e-05, 1.98739599e-05, 1.1381076547e-05, 1.03541342469e-05, 7.41784606362e-06, 6.04663364356e-06, 5.35116214451e-06, 4.20621836383e-06, 3.34597893925e-06, 3.32843819706e-06, 2.65664107246e-06, 2.23949382416e-06, 1.83544250376e-06, 1.32408604259e-06, 2.12379404729e-06, 1.53085682086e-06, 1.24292637338e-06, 8.33485103158e-07, 7.11684492671e-07, 5.42602947462e-07, 3.31587813207e-07, 2.59321268459e-07, 1.9476937041e-07, 9.9423985489e-08, 7.7884124039e-08, 3.88065295454e-08, 3.35669945173e-08, 1.57120769728e-08, 2.26371099643e-09, 9.10427511158e-10, 6.982377454e-10, 6.74293398895e-10, 6.52263965062e-10, 6.3314459231e-10, 6.15772710599e-10, 6.01591332305e-10, 5.89319537614e-10, 5.79836845205e-10, 5.71521663328e-10, 5.65505586803e-10, 5.61976964963e-10]
    },
    "mfcc": {
        "mean": [-593.940856934, 80.1123886108, -2.88001394272, 32.9028320312, -7.93719244003, 2.68011331558, -0.978314340115, 3.93113589287, -8.75186920166, 1.36756420135, -4.57448196411, -2.08090686798, -4.45030355453],
        "cov": [[805.189208984, -314.441802979, -43.1253051758, 46.6713027954, -51.8639183044, 62.0751457214, 48.7409439087, 15.3652381897, 0.840219020844, 1.5085889101, -20.1188220978, 9.95676994324, 8.92316150665], [-314.441802979, 550.280517578, -143.733886719, -91.6836395264, -17.1762714386, -16.8180732727, 54.446723938, -12.9809036255, -6.02581453323, -1.78502738476, 5.76270389557, -12.2454690933, 6.8073143959], [-43.1253051758, -143.733886719, 504.059539795, 92.1893997192, 93.4810943604, 0.964247882366, -98.0782470703, 1.6783220768, 11.8726825714, -30.3062591553, 51.2146530151, 16.7874965668, -6.47238302231], [46.6713027954, -91.6836395264, 92.1893997192, 327.140380859, 78.9746627808, -61.5512390137, -83.7358779907, 5.31424093246, 39.2379493713, 7.62451219559, -0.589101314545, 31.9853229523, 0.732783615589], [-51.8639183044, -17.1762714386, 93.4810943604, 78.9746627808, 192.203216553, -7.84903097153, -78.0143051147, -0.457089573145, 40.8985290527, 1.27447581291, 11.9079265594, -7.05690717697, 9.47519016266], [62.0751457214, -16.8180732727, 0.964247882366, -61.5512390137, -7.84903097153, 175.869430542, 46.7702522278, -5.07321405411, -19.6833362579, 7.76363420486, 12.6776008606, -15.9485559464, -2.30063438416], [48.7409439087, 54.446723938, -98.0782470703, -83.7358779907, -78.0143051147, 46.7702522278, 184.665115356, 17.4717597961, -28.5247211456, 8.47121524811, -20.5380153656, 1.78407764435, -7.77637434006], [15.3652381897, -12.9809036255, 1.6783220768, 5.31424093246, -0.457089573145, -5.07321405411, 17.4717597961, 103.007064819, 4.16836023331, -1.33946633339, -17.1992492676, -4.30213880539, -0.436353057623], [0.840219020844, -6.02581453323, 11.8726825714, 39.2379493713, 40.8985290527, -19.6833362579, -28.5247211456, 4.16836023331, 81.5808181763, 9.33228492737, -10.8227300644, -16.5848083496, 3.64526224136], [1.5085889101, -1.78502738476, -30.3062591553, 7.62451219559, 1.27447581291, 7.76363420486, 8.47121524811, -1.33946633339, 9.33228492737, 80.7287902832, 11.2730255127, -33.7075767517, -10.3316936493], [-20.1188220978, 5.76270389557, 51.2146530151, -0.589101314545, 11.9079265594, 12.6776008606, -20.5380153656, -17.1992492676, -10.8227300644, 11.2730255127, 90.772567749, 7.32116270065, -19.3505706787], [9.95676994324, -12.2454690933, 16.7874965668, 31.9853229523, -7.05690717697, -15.9485559464, 1.78407764435, -4.30213880539, -16.5848083496, -33.7075767517, 7.32116270065, 119.626228333, 34.3145103455], [8.92316150665, 6.8073143959, -6.47238302231, 0.732783615589, 9.47519016266, -2.30063438416, -7.77637434006, -0.436353057623, 3.64526224136, -10.3316936493, -19.3505706787, 34.3145103455, 76.1492614746]],
        "icov": [[0.00183995743282, 0.00115720846225, 0.000409487285651, -0.000386471685488, 0.000418095180066, -0.000533486541826, -0.000588635972235, -5.32088342879e-05, -0.000364195846487, 0.000374125957023, -0.000229245430091, 0.000178054222488, -0.000479382870253], [0.00115720846225, 0.0028596802149, 0.000827021838631, 0.000197999775992, -0.000125863749417, 0.000221801092266, -0.000966923544183, 0.000227074197028, -0.000315314391628, 0.000691785244271, -0.000901215651538, 0.000490498787258, -0.000739018956665], [0.000409487285651, 0.000827021838631, 0.00279953540303, -0.000415236572735, -0.00071486068191, -0.000345270120306, 0.000528108386789, -0.000322244275594, -2.84423595076e-06, 0.0013546977425, -0.00152705237269, 0.000140685951919, -1.68712231243e-05], [-0.000386471685488, 0.000197999775992, -0.000415236572735, 0.00440188962966, -0.00114730920177, 0.00106298457831, 0.00116830400657, -0.000199839065317, -0.000957412004936, -0.00144307862502, 0.00087008747505, -0.0019518348854, 0.00119364913553], [0.000418095180066, -0.000125863749417, -0.00071486068191, -0.00114730920177, 0.00754707027227, -0.000953338167164, 0.00196197698824, -0.000325677712681, -0.00256875483319, 0.000107635831228, -0.00060533703072, 0.000687040970661, -0.00118269771338], [-0.000533486541826, 0.000221801092266, -0.000345270120306, 0.00106298457831, -0.000953338167164, 0.00705804442987, -0.00183986034244, 0.000507377670147, 0.00121273705736, -0.000271190190688, -0.00118812534492, 0.0011449867161, -0.00076272978913], [-0.000588635972235, -0.000966923544183, 0.000528108386789, 0.00116830400657, 0.00196197698824, -0.00183986034244, 0.00866110622883, -0.00141577306204, 0.00101209478453, -0.00161387468688, 0.00218053744175, -0.00171792844776, 0.00182653171942], [-5.32088342879e-05, 0.000227074197028, -0.000322244275594, -0.000199839065317, -0.000325677712681, 0.000507377670147, -0.00141577306204, 0.0103438487276, -0.0002960198035, 0.000171891166246, 0.00172413396649, 0.000405523431255, 0.000223896451644], [-0.000364195846487, -0.000315314391628, -2.84423595076e-06, -0.000957412004936, -0.00256875483319, 0.00121273705736, 0.00101209478453, -0.0002960198035, 0.0155364796519, -0.00138636759948, 0.0019447671948, 0.00212968769483, -0.000859558582306], [0.000374125957023, 0.000691785244271, 0.0013546977425, -0.00144307862502, 0.000107635831228, -0.000271190190688, -0.00161387468688, 0.000171891166246, -0.00138636759948, 0.0159151833504, -0.00385825405829, 0.00511467829347, -0.00122159428429], [-0.000229245430091, -0.000901215651538, -0.00152705237269, 0.00087008747505, -0.00060533703072, -0.00118812534492, 0.00218053744175, 0.00172413396649, 0.0019447671948, -0.00385825405829, 0.0150037109852, -0.00341996178031, 0.00497842812911], [0.000178054222488, 0.000490498787258, 0.000140685951919, -0.0019518348854, 0.000687040970661, 0.0011449867161, -0.00171792844776, 0.000405523431255, 0.00212968769483, 0.00511467829347, -0.00341996178031, 0.0128964949399, -0.00634648324922], [-0.000479382870253, -0.000739018956665, -1.68712231243e-05, 0.00119364913553, -0.00118269771338, -0.00076272978913, 0.00182653171942, 0.000223896451644, -0.000859558582306, -0.00122159428429, 0.00497842812911, -0.00634648324922, 0.0175537038594]]
    },
    "spectral_contrast_coeffs": {
        "max": [-0.518970489502, -0.560240983963, -0.511638343334, -0.561111450195, -0.601294994354, -0.540823459625],
        "mean": [-0.721029818058, -0.759920299053, -0.72754919529, -0.755967140198, -0.761022686958, -0.723209559917],
        "min": [-0.867986440659, -0.916945457458, -0.899455070496, -0.878598213196, -0.893093109131, -0.848803699017],
        "stdev": [0.051482450217, 0.0560780130327, 0.0708250179887, 0.0546744391322, 0.0415699146688, 0.0425263829529]
    },
    "spectral_contrast_valleys": {
        "max": [-5.16260814667, -5.14275741577, -5.98020553589, -6.05504560471, -5.56372404099, -7.7801618576],
        "mean": [-6.67226457596, -6.62762737274, -7.37609767914, -7.59321832657, -6.77624845505, -9.54413795471],
        "min": [-8.66664505005, -8.37971401215, -8.73104286194, -8.79639530182, -8.57968235016, -11.2728118896],
        "stdev": [0.514711141586, 0.449475258589, 0.469183385372, 0.401862710714, 0.467751085758, 0.622354626656]
    }
},
"rhythm": {
    "beats_count": 77,
    "beats_loudness": {
        "max": 0.0520541481674,
        "mean": 0.0288609284908,
        "min": 0.0131564224139,
        "stdev": 0.00834409985691
    },
    "bpm": 143.677520752,
    "bpm_histogram_first_peak_bpm": 144,
    "bpm_histogram_first_peak_weight": 0.135135114193,
    "bpm_histogram_second_peak_bpm": 152,
    "bpm_histogram_second_peak_spread": 0,
    "bpm_histogram_second_peak_weight": 0.0131578948349,
    "danceability": 1.29810500145,
    "onset_rate": 4.42968702316,
    "beats_loudness_band_ratio": {
        "max": [0.757545828819, 0.279708206654, 0.299456000328, 0.508629798889, 0.49060344696, 0.435579150915],
        "mean": [0.381951153278, 0.127050668001, 0.101055420935, 0.126208797097, 0.123558118939, 0.195043802261],
        "min": [0.0700627118349, 0.0327289439738, 0.0135781932622, 0.00817413069308, 0.0249952357262, 0.0430543087423],
        "stdev": [0.17765301466, 0.060698736459, 0.07178478688, 0.126854732633, 0.0735275372863, 0.0971488431096]
    },
