{
"metadata": {
    "version": {
        "essentia": "2.1-beta5",
        "essentia_git_sha": "Undefined",
        "extractor": "music 2.0"
    },
    "audio_properties": {
        "analysis": {
            "equal_loudness": 0,
            "length": 12.7477550507,
            "sample_rate": 44100,
            "start_time": 0,
            "downmix": "mix"
        },
        "bit_rate": 192000,
        "length": 172.384963989,
        "lossless": 0,
        "number_channels": 2,
        "replay_gain": -7.975233078,
        "sample_rate": 48000,
        "codec": "mp3",
        "md5_encoded": "892a1182a170fa102dabca10c267a01d"
    },
    "tags": {
        "file_name": "Norway_Do Re Mi_Jahn Teigen.mp3",
        "encoding": ["Lavf58.29.100"]
    }
},
"lowlevel": {
    "average_loudness": 0.489066362381,
    "barkbands_crest": {
        "max": 26.2046203613,
        "mean": 12.1900691986,
        "min": 3.48721671104,
        "stdev": 5.71123933792
    },
    "barkbands_flatness_db": {
        "max": 0.357559263706,
        "mean": 0.188091158867,
        "min": 0.0246175471693,
        "stdev": 0.0493646785617
    },
    "barkbands_kurtosis": {
        "max": 70.1159515381,
        "mean": 5.17744398117,
        "min": -1.85900366306,
        "stdev": 9.80624866486
    },
    "barkbands_skewness": {
        "max": 7.32538843155,
        "mean": 1.54658055305,
        "min": -3.22126483917,
        "stdev": 1.40288078785
    },
    "barkbands_spread": {
        "max": 84.7348632812,
        "mean": 19.9936923981,
        "min": 1.36492264271,
        "stdev": 11.219704628
    },
    "dissonance": {
        "max": 0.499829590321,
        "mean": 0.455082327127,
        "min": 0.321853011847,
        "stdev": 0.0349253937602
    },
    "dynamic_complexity": 11.8250055313,
    "erbbands_crest": {
        "max": 30.5399398804,
        "mean": 11.9233417511,
        "min": 2.2115676403,
        "stdev": 6.75289773941
    },
    "erbbands_flatness_db": {
        "max": 0.397081255913,
        "mean": 0.227131575346,
        "min": 0.0562345832586,
        "stdev": 0.0627622455359
    },
    "erbbands_kurtosis": {
        "max": 38.0335922241,
        "mean": 1.26596474648,
        "min": -1.75905311108,
        "stdev": 4.60648870468
    },
    "erbbands_skewness": {
        "max": 5.21744537354,
        "mean": 0.66306501627,
        "min": -5.66099786758,
        "stdev": 1.22381639481
    },
    "erbbands_spread": {
        "max": 103.163330078,
        "mean": 37.0506057739,
        "min": 5.12360954285,
        "stdev": 20.0714454651
    },
    "hfc": {
        "max": 446.290130615,
        "mean": 10.6915245056,
        "min": 1.35128521705e-08,
        "stdev": 33.2887229919
    },
    "loudness_ebu128": {
        "integrated": -18.2591915131,
        "loudness_range": 14.4414663315,
        "momentary": {
            "max": -11.6006679535,
            "mean": -26.7288799286,
            "min": -50.1768569946,
            "stdev": 9.92736721039
        },
        "short_term": {
            "max": -15.2461309433,
            "mean": -23.8246498108,
            "min": -31.1816444397,
            "stdev": 6.00576019287
        }
    },
    "melbands_crest": {
        "max": 33.0676383972,
        "mean": 16.5701713562,
        "min": 4.25946521759,
        "stdev": 7.2439699173
    },
    "melbands_flatness_db": {
        "max": 0.400568187237,
        "mean": 0.209821149707,
        "min": 0.0521510392427,
        "stdev": 0.0550101287663
    },
    "melbands_kurtosis": {
        "max": 161.639221191,
        "mean": 15.3239631653,
        "min": -1.92278671265,
        "stdev": 23.6913146973
    },
    "melbands_skewness": {
        "max": 11.339632988,
        "mean": 2.5308945179,
        "min": -0.605098247528,
        "stdev": 1.99460411072
    },
    "melbands_spread": {
        "max": 220.418365479,
        "mean": 24.8327465057,
        "min": 1.53842532635,
        "stdev": 25.7608451843
    },
    "pitch_salience": {
        "max": 0.900686860085,
        "mean": 0.506396234035,
        "min": 0.0821686685085,
        "stdev": 0.151968285441
    },
    "silence_rate_20dB": {
        "max": 1,
        "mean": 1,
        "min": 1,
        "stdev": 0
    },
    "silence_rate_30dB": {
        "max": 1,
        "mean": 0.998181819916,
        "min": 0,
        "stdev": 0.042601313442
    },
    "silence_rate_60dB": {
        "max": 1,
        "mean": 0.578181803226,
        "min": 0,
        "stdev": 0.493850260973
    },
    "spectral_centroid": {
        "max": 10963.9697266,
        "mean": 1490.86816406,
        "min": 437.823913574,
        "stdev": 805.939758301
    },
    "spectral_complexity": {
        "max": 38,
        "mean": 6.84181833267,
        "min": 0,
        "stdev": 7.92066431046
    },
    "spectral_decrease": {
        "max": -2.30352920942e-19,
        "mean": -2.3690061024e-09,
        "min": -3.10242427304e-08,
        "stdev": 4.43548042739e-09
    },
    "spectral_energy": {
        "max": 0.131144508719,
        "mean": 0.00991093739867,
        "min": 2.09506197113e-12,
        "stdev": 0.0185225959867
    },
    "spectral_energyband_high": {
        "max": 0.0688226893544,
        "mean": 0.000750275561586,
        "min": 1.03735292925e-12,
        "stdev": 0.004519068636
    },
    "spectral_energyband_low": {
        "max": 0.01812550053,
        "mean": 0.000943852355704,
        "min": 1.98499772392e-13,
        "stdev": 0.0020413279999
    },
    "spectral_energyband_middle_high": {
        "max": 0.11150380224,
        "mean": 0.002423300175,
        "min": 3.9800831359e-13,
        "stdev": 0.00870556943119
    },
    "spectral_energyband_middle_low": {
        "max": 0.110233180225,
        "mean": 0.00613990379497,
        "min": 4.22794611821e-13,
        "stdev": 0.0115733370185
    },
    "spectral_entropy": {
        "max": 9.82052612305,
        "mean": 7.28797960281,
        "min": 5.3822183609,
        "stdev": 0.570743024349
    },
    "spectral_flux": {
        "max": 0.281431525946,
        "mean": 0.0378263145685,
        "min": 1.44743285091e-06,
        "stdev": 0.0474520176649
    },
    "spectral_kurtosis": {
        "max": 23.5723648071,
        "mean": 3.1942653656,
        "min": -1.22082781792,
        "stdev": 3.64610481262
    },
    "spectral_rms": {
        "max": 0.0113113159314,
        "mean": 0.002103256993,
        "min": 4.52102071336e-08,
        "stdev": 0.00229030940682
    },
    "spectral_rolloff": {
        "max": 14814.84375,
        "mean": 1494.44299316,
        "min": 64.599609375,
        "stdev": 1397.27355957
    },
    "spectral_skewness": {
        "max": 3.45201301575,
        "mean": 1.11345231533,
        "min": -0.840574920177,
        "stdev": 0.550649046898
    },
    "spectral_spread": {
        "max": 41387224,
        "mean": 3836502.75,
        "min": 1927538.875,
        "stdev": 1819527.375
    },
    "spectral_strongpeak": {
        "max": 16.0751628876,
        "mean": 0.765518546104,
        "min": 0,
        "stdev": 1.46936643124
    },
    "zerocrossingrate": {
        "max": 0.28076171875,
        "mean": 0.0602618977427,
        "min": 0.02001953125,
        "stdev": 0.0337625592947
    },
    "barkbands": {
        "max": [0.000287476897938, 0.00859711784869, 0.00931862276047, 0.00954503379762, 0.023796133697, 0.022082336247, 0.0808607265353, 0.029802819714, 0.032465685159, 0.0668072924018, 0.0479253828526, 0.0100378654897, 0.0250036790967, 0.00670588249341, 0.00320536084473, 0.0109664928168, 0.00559272337705, 0.00234036194161, 0.000946854997892, 0.0021017966792, 0.0029392328579, 0.0369136929512, 0.0329370871186, 0.00734287360683, 3.33770331054e-05, 2.64248410531e-06, 2.85411852019e-06],
        "mean": [9.61349815043e-06, 0.000206708777114, 0.000467013654998, 0.000446661870228, 0.00109535991214, 0.000948024331592, 0.00176419399213, 0.0010225380538, 0.000693414418492, 0.000634003663436, 0.000593065924477, 0.000323522312101, 0.000313042633934, 0.000171227307874, 6.56420961604e-05, 0.000101799058029, 9.91915949271e-05, 9.58649325185e-05, 7.13165863999e-05, 9.151067934e-05, 9.95144800982e-05, 0.000274364632787, 0.000253512553172, 6.94044283591e-05, 4.16008617776e-07, 5.17320852822e-09, 5.55131096647e-09],
        "min": [9.10233599106e-14, 6.74702061256e-14, 6.65594695245e-14, 6.0737039584e-14, 1.3224009832e-13, 1.13499968701e-13, 7.66642608771e-14, 2.77182434855e-14, 6.4211810138e-15, 1.83989396662e-14, 2.43521159184e-14, 2.19189748139e-14, 2.27180589201e-14, 3.41356446148e-14, 4.07304703474e-14, 4.13924198194e-14, 2.47169872189e-14, 2.59903809764e-14, 8.64661396953e-14, 1.05480931606e-13, 2.93858328242e-14, 6.18046873445e-14, 1.05753832069e-13, 1.64030627189e-13, 1.38682021054e-13, 2.75860578955e-13, 2.28139501648e-13],
        "stdev": [2.13853891182e-05, 0.000598269398324, 0.00112132797949, 0.00106997333933, 0.00248913024552, 0.00245734071359, 0.00551077770069, 0.00299632223323, 0.00248012063093, 0.00387597107328, 0.00364820030518, 0.00118052680045, 0.00171460560523, 0.00063122814754, 0.000206193537451, 0.000628552341368, 0.000378365512006, 0.000216914500925, 0.000131021020934, 0.000192067600437, 0.000302687898511, 0.00198048423044, 0.00200699060224, 0.000505045987666, 2.43119666266e-06, 1.12563562027e-07, 1.21579802226e-07]
    },
    "erbbands": {
        "max": [0.19113984704, 2.57350683212, 12.1617593765, 25.462846756, 69.6062316895, 99.5390930176, 165.956878662, 254.057601929, 919.939086914, 759.249023438, 796.506896973, 941.943786621, 519.095153809, 2425.36108398, 1132.91113281, 561.572692871, 1259.43469238, 404.604125977, 95.9816513062, 202.838684082, 632.949645996, 358.561431885, 149.961456299, 68.4035263062, 64.2151947021, 104.725982666, 69.6705245972, 233.452484131, 1141.63891602, 1178.51049805, 887.309692383, 280.331756592, 42.7336502075, 2.45988130569, 0.10682105273, 0.0122499037534, 0.00491879973561, 0.00176276359707, 0.000417969422415, 0.000254398444667],
        "mean": [0.00310356589034, 0.0611980706453, 0.452994078398, 1.21505045891, 2.62465524673, 3.62710905075, 3.67079210281, 8.91818714142, 22.8867588043, 22.5390529633, 27.3956394196, 17.7880973816, 13.6571817398, 28.0457401276, 18.6066379547, 13.8914699554, 15.1778659821, 10.8610506058, 3.97200512886, 3.98601341248, 6.01389217377, 5.71218395233, 4.91402959824, 4.06715965271, 4.02348518372, 4.25684022903, 3.33809089661, 5.36000728607, 9.1399230957, 9.71771717072, 6.834192276, 2.94393396378, 0.445573270321, 0.0265115462244, 0.00116435415111, 0.000152354012243, 4.0558665205e-05, 1.26637851281e-05, 8.99814949662e-06, 1.32385384859e-05],
        "min": [2.92166833261e-12, 1.3136126735e-11, 5.95320112651e-11, 1.54757914816e-10, 2.72920464006e-10, 5.04154051839e-10, 7.87453491302e-10, 9.54243128959e-10, 1.06953557122e-09, 9.76297820365e-10, 4.84905837705e-10, 1.75794226398e-10, 3.4703676044e-10, 9.14615716496e-10, 9.9996488867e-10, 8.31157420667e-10, 9.50863165983e-10, 1.72746317251e-09, 1.88999416117e-09, 2.38891817439e-09, 2.00865546418e-09, 1.35228661602e-09, 1.22356869081e-09, 3.47003736856e-09, 4.72868277868e-09, 5.02350605558e-09, 1.92084947948e-09, 1.30462229908e-09, 2.67040967117e-09, 1.69180047749e-09, 3.43669581682e-09, 1.99441485549e-09, 3.75813957731e-09, 1.65586611089e-09, 9.95321158825e-10, 6.40069219848e-10, 5.3828347335e-10, 2.0587088978e-10, 3.74054953678e-11, 2.64729189091e-12],
        "stdev": [0.0114373108372, 0.171944543719, 1.10405826569, 2.66151690483, 6.13518953323, 9.30385494232, 11.7322816849, 24.6227016449, 66.4560775757, 67.9695281982, 83.4404449463, 67.0540618896, 42.1361999512, 172.774261475, 85.597984314, 50.6023254395, 82.7091598511, 38.3548049927, 10.5986423492, 15.0664253235, 36.2364425659, 22.9821357727, 11.9994325638, 7.90948200226, 7.69280672073, 9.47297477722, 7.56330251694, 19.6337738037, 59.7185745239, 78.9541625977, 54.2065086365, 21.036857605, 3.09618806839, 0.168744325638, 0.00747638754547, 0.000973902875558, 0.000283310335362, 9.43269187701e-05, 3.14460230584e-05, 2.73328078038e-05]
    },
    "gfcc": {
        "mean": [-196.540252686, 126.737426758, -166.320129395, 59.0246429443, -80.9518737793, 4.4486823082, -17.758808136, -7.09386634827, 14.5585870743, -18.0727443695, 10.864783287, -15.8335933685, -6.39125919342],
        "cov": [[21429.578125, 1020.41119385, -881.260864258, -627.169128418, -1987.9296875, -988.448547363, -319.918365479, -1812.9161377, -1073.46289062, -949.360168457, -474.810638428, -500.753417969, -439.267089844], [1020.41119385, 522.519165039, -58.9399757385, -141.577194214, -21.9634780884, -88.2308654785, -13.1023283005, -99.4833755493, -27.2150421143, -60.2755584717, 56.1789131165, -23.5682125092, -17.1845550537], [-881.260864258, -58.9399757385, 847.32635498, 280.23626709, -143.723632812, 333.385040283, -147.531463623, -91.7760696411, -154.841949463, -52.1233139038, -36.5981063843, 29.9205093384, 26.2678813934], [-627.169128418, -141.577194214, 280.23626709, 365.006011963, 26.3603115082, 150.251754761, -59.6888084412, 20.0177135468, -65.9538116455, -29.8408374786, -73.4180526733, -17.8747825623, 45.0835456848], [-1987.9296875, -21.9634780884, -143.723632812, 26.3603115082, 347.573120117, 9.96925354004, 70.8681869507, 227.022644043, 166.123535156, 113.273849487, 62.8361740112, 47.7969970703, 38.5614128113], [-988.448547363, -88.2308654785, 333.385040283, 150.251754761, 9.96925354004, 364.584320068, 6.88178777695, 24.6602153778, -62.5389900208, -43.0550270081, -49.227645874, 23.2583522797, 29.9516124725], [-319.918365479, -13.1023283005, -147.531463623, -59.6888084412, 70.8681869507, 6.88178777695, 231.097381592, 135.934890747, 53.2672691345, 15.5748462677, -22.4194488525, -43.8725357056, -12.2283029556], [-1812.9161377, -99.4833755493, -91.7760696411, 20.0177135468, 227.022644043, 24.6602153778, 135.934890747, 357.414001465, 210.491424561, 92.4072570801, 30.9529075623, -24.6953639984, 22.2581253052], [-1073.46289062, -27.2150421143, -154.841949463, -65.9538116455, 166.123535156, -62.5389900208, 53.2672691345, 210.491424561, 243.746520996, 120.665657043, 59.4135093689, 13.6132221222, 16.0791015625], [-949.360168457, -60.2755584717, -52.1233139038, -29.8408374786, 113.273849487, -43.0550270081, 15.5748462677, 92.4072570801, 120.665657043, 154.14276123, 89.3505172729, 25.9884395599, 7.51884460449], [-474.810638428, 56.1789131165, -36.5981063843, -73.4180526733, 62.8361740112, -49.227645874, -22.4194488525, 30.9529075623, 59.4135093689, 89.3505172729, 147.881790161, 74.9903717041, -3.25614738464], [-500.753417969, -23.5682125092, 29.9205093384, -17.8747825623, 47.7969970703, 23.2583522797, -43.8725357056, -24.6953639984, 13.6132221222, 25.9884395599, 74.9903717041, 144.640472412, 36.1032218933], [-439.267089844, -17.1845550537, 26.2678813934, 45.0835456848, 38.5614128113, 29.9516124725, -12.2283029556, 22.2581253052, 16.0791015625, 7.51884460449, -3.25614738464, 36.1032218933, 73.1385116577]],
        "icov": [[0.000307415029965, -0.000244048191234, 0.000532048463356, -0.000327430141624, 0.00124722067267, 0.000282689201413, -0.000134271132993, 0.000894702912774, -0.000388449494494, 0.000827486685012, -8.8030785264e-05, 0.000319594109897, 0.000570296251681], [-0.000244048191234, 0.0047933938913, -0.00170215510298, 0.00168111571111, -0.00406511267647, 0.000472672807518, -0.00131373805925, 0.00385993672535, -0.00303350039758, 0.00676415860653, -0.00709493318573, 0.00560067407787, -0.00331803923473], [0.000532048463356, -0.00170215510298, 0.00434651086107, -0.0022817873396, 0.00480655720457, -0.00200103363022, 0.00160539930221, -0.000694954942446, 0.00127797131427, -0.00187891710084, 0.00145604379941, -0.00159399956465, 0.00217002700083], [-0.000327430141624, 0.00168111571111, -0.0022817873396, 0.00641561672091, -0.00375457853079, -0.000189377446077, 0.00162360840477, -0.00145311420783, 0.0023430173751, -6.87406209181e-05, 0.00100177130662, 0.00204393174499, -0.00340828485787], [0.00124722067267, -0.00406511267647, 0.00480655720457, -0.00375457853079, 0.0145464213565, -0.000380017358111, 0.000759005313739, -0.00321103981696, 0.00085828214651, -0.00460158893839, 0.00468028103933, -0.00552960811183, 0.00393632194027], [0.000282689201413, 0.000472672807518, -0.00200103363022, -0.000189377446077, -0.000380017358111, 0.00597379961982, -0.00162434088998, 0.00066501670517, 0.000184908698429, 0.00256479182281, 0.000525421521161, -0.000489927420858, -0.000114783040772], [-0.000134271132993, -0.00131373805925, 0.00160539930221, 0.00162360840477, 0.000759005313739, -0.00162434088998, 0.00867641158402, -0.00663846870884, 0.00477676140144, -0.00489225052297, 0.00519930943847, -0.0019953623414, 0.00171267334372], [0.000894702912774, 0.00385993672535, -0.000694954942446, -0.00145311420783, -0.00321103981696, 0.00066501670517, -0.00663846870884, 0.0194066930562, -0.013941237703, 0.0139794023708, -0.0117056183517, 0.0114973885939, -0.00273826927878], [-0.000388449494494, -0.00303350039758, 0.00127797131427, 0.0023430173751, 0.00085828214651, 0.000184908698429, 0.00477676140144, -0.013941237703, 0.0193544644862, -0.0150697724894, 0.00991595163941, -0.00757268350571, 0.001037893584], [0.000827486685012, 0.00676415860653, -0.00187891710084, -6.87406209181e-05, -0.00460158893839, 0.00256479182281, -0.00489225052297, 0.0139794023708, -0.0150697724894, 0.0322294011712, -0.0222328659147, 0.014674179256, -0.00465380307287], [-8.8030785264e-05, -0.00709493318573, 0.00145604379941, 0.00100177130662, 0.00468028103933, 0.000525421521161, 0.00519930943847, -0.0117056183517, 0.00991595163941, -0.0222328659147, 0.030643960461, -0.0188047718257, 0.00916515104473], [0.000319594109897, 0.00560067407787, -0.00159399956465, 0.00204393174499, -0.00552960811183, -0.000489927420858, -0.0019953623414, 0.0114973885939, -0.00757268350571, 0.014674179256, -0.0188047718257, 0.0231725480407, -0.0102881053463], [0.000570296251681, -0.00331803923473, 0.00217002700083, -0.00340828485787, 0.00393632194027, -0.000114783040772, 0.00171267334372, -0.00273826927878, 0.001037893584, -0.00465380307287, 0.00916515104473, -0.0102881053463, 0.022467892617]]
    },
    "melbands": {
        "max": [0.00173694803379, 0.00505313044414, 0.00478219380602, 0.00340151437558, 0.00535873137414, 0.00515675311908, 0.0157060548663, 0.00686948327348, 0.00567923486233, 0.00516633456573, 0.00295223877765, 0.0107423244044, 0.00489952368662, 0.00127971917391, 0.00320351915434, 0.00152903504204, 0.000739182869438, 0.000187101613847, 0.000248650787398, 0.00055489083752, 0.000710755994078, 0.000384987099096, 0.000153232365847, 0.000164889366715, 5.05605166836e-05, 4.84093507112e-05, 8.52573866723e-05, 5.86421992921e-05, 3.6850458855e-05, 7.00453892932e-05, 0.000137268289109, 0.000626070192084, 0.000872055767104, 0.000624262029305, 0.000578648410738, 0.000307592825266, 0.000131724737003, 2.95627141895e-05, 5.88939883528e-06, 3.55435616939e-07],
        "mean": [4.05398277508e-05, 0.000190374601516, 0.000243447211687, 0.000221656126087, 0.000138783201692, 0.000205285308766, 0.000369045650586, 0.000221592621529, 0.000224751493079, 9.58051823545e-05, 6.5759071731e-05, 0.000112376386824, 7.50503168092e-05, 3.73223338102e-05, 3.75744093617e-05, 2.7426145607e-05, 1.88497997442e-05, 6.0515367295e-06, 4.53728762295e-06, 6.53892175251e-06, 6.90731894792e-06, 5.96013933318e-06, 4.76596596855e-06, 4.72314241051e-06, 3.05662888422e-06, 2.78083552985e-06, 2.9284503853e-06, 2.83740473606e-06, 2.12455279325e-06, 2.10246935239e-06, 3.33921957463e-06, 4.90933371111e-06, 6.20688842901e-06, 5.03659248352e-06, 4.21641516368e-06, 2.90091952593e-06, 1.32937668695e-06, 3.25140092627e-07, 5.50442500469e-08, 3.19144155547e-09],
        "min": [2.66864031958e-14, 2.66244376535e-14, 3.06378254472e-14, 2.63422181339e-14, 2.71161843251e-14, 2.146321349e-14, 1.62335473704e-14, 9.61950330725e-15, 3.42771977963e-15, 8.80575769603e-16, 1.66444705817e-15, 3.51113071384e-15, 3.40771561427e-15, 2.57152680633e-15, 1.86856971648e-15, 2.35564013093e-15, 3.32399720711e-15, 2.95477829826e-15, 3.02648387241e-15, 3.31126376081e-15, 2.08123406679e-15, 1.39280242731e-15, 1.121448117e-15, 1.210490338e-15, 2.96550173537e-15, 3.43851669685e-15, 3.63239745628e-15, 3.28519632186e-15, 1.41559957793e-15, 5.81426602522e-16, 8.04264242044e-16, 1.60960199247e-15, 1.02861277659e-15, 9.62647544719e-16, 2.0984811399e-15, 1.63938716491e-15, 9.74418867467e-16, 2.45180081682e-15, 2.81351120211e-15, 8.79629474982e-16],
        "stdev": [0.000127512670588, 0.000447138998425, 0.00050408730749, 0.000472415937111, 0.000439761701273, 0.000554295140319, 0.00107649795245, 0.000635598553345, 0.000686303246766, 0.000367089174688, 0.00022538396297, 0.000722782162484, 0.000410707929404, 0.000138565257657, 0.000204635551199, 0.000126319020637, 6.63656319375e-05, 1.74785454874e-05, 1.49100151248e-05, 3.40533661074e-05, 4.16714865423e-05, 2.51990459219e-05, 1.28694928208e-05, 1.27779940158e-05, 6.03128682997e-06, 5.39398070032e-06, 6.71421321385e-06, 6.27546660326e-06, 4.49262506663e-06, 6.49740331937e-06, 1.23875961435e-05, 3.12856755045e-05, 5.08462871949e-05, 4.13262168877e-05, 3.45778717019e-05, 2.08542405744e-05, 9.79957439995e-06, 2.24376503866e-06, 3.51419942035e-07, 2.18368523264e-08]
    },
    "melbands128": {
        "max": [0.000229037788813, 0.00144297152292, 0.00236923317425, 0.00512772426009, 0.00762836216018, 0.00424359645694, 0.00578324403614, 0.00572477141395, 0.00906032696366, 0.00526590226218, 0.006352705881, 0.0102294730023, 0.00776977464557, 0.00176503288094, 0.00545136258006, 0.0108478888869, 0.0166181474924, 0.0260548815131, 0.021395245567, 0.0119764655828, 0.00316672003828, 0.00979250203818, 0.00981057528406, 0.00656923931092, 0.0116632468998, 0.00151323247701, 0.00191644497681, 0.00314730359241, 0.00389559892938, 0.0216272398829, 0.0166663806885, 0.0127581218258, 0.00993759557605, 0.00175895704888, 0.00259679858573, 0.00275339256041, 0.00133798550814, 0.00306209665723, 0.00636648898944, 0.00279581709765, 0.00121209514327, 0.00137456797529, 0.00172139122151, 0.000347761524608, 0.000305047724396, 0.000371439411538, 0.000359424069757, 9.06676796149e-05, 0.000587322283536, 0.000249189906754, 0.000473702850286, 0.0011212277459, 0.000990527914837, 0.000498403562233, 0.000335601944244, 0.00040125605301, 0.000498074106872, 0.000180929680937, 0.000121288110677, 0.000195433676708, 0.000309978262521, 0.000171586638317, 8.43404122861e-05, 6.14712844254e-05, 6.86523126205e-05, 4.80599737784e-05, 0.000101612997241, 5.50137119717e-05, 0.000106248116936, 0.000174413740751, 9.96034650598e-05, 5.81480453548e-05, 7.04816993675e-05, 3.7668258301e-05, 4.47367929155e-05, 4.52470958408e-05, 9.49053355725e-05, 0.000150521431351, 9.88390747807e-05, 0.000165866440511, 0.000946197193116, 0.000637710036244, 0.000368796027033, 0.00128141930327, 0.00088064733427, 0.000622243213002, 0.000612851756159, 0.000577485770918, 0.000699073367286, 0.000468737824121, 0.000383116217563, 0.000280885316897, 0.000201048256713, 0.000166272628121, 8.60364743858e-05, 3.32187264576e-05, 2.88151222776e-05, 1.78263017006e-05, 3.05509024656e-06, 1.4314693999e-06, 8.14856605302e-07, 1.50295463186e-07, 2.47620981497e-08, 2.25090381889e-08, 2.1409222839e-08, 2.04670058679e-08, 1.96083664861e-08, 1.87917379435e-08, 1.80292119012e-08, 1.73399126169e-08, 1.66844706939e-08, 1.61057691628e-08, 1.55884904984e-08, 1.5017374011e-08, 1.45446135136e-08, 1.4113453517e-08, 1.36743292245e-08, 1.32740591852e-08, 1.29382637937e-08, 1.26182388982e-08, 1.23336221236e-08, 1.20871099796e-08, 1.18531326976e-08, 1.16500675773e-08, 1.14916298699e-08, 1.1388575416e-08, 1.12896456628e-08, 1.12304441302e-08],
        "mean": [6.4601649683e-06, 1.99728856387e-05, 3.43030405929e-05, 0.000116368384624, 0.000205893549719, 0.000234414692386, 0.000256307277596, 0.000200011781999, 0.000308581540594, 0.000194288266357, 0.000205661417567, 0.000193930609385, 0.000127637104015, 6.33978270344e-05, 0.00012138265447, 0.000367390020983, 0.000331912451657, 0.000394966336899, 0.000381747900974, 0.000265699898591, 9.29946254473e-05, 0.000195963526494, 0.000311325158691, 0.000156006135512, 0.000134003887069, 4.32073575212e-05, 6.59784418531e-05, 7.24546698621e-05, 4.24448953709e-05, 0.000136187882163, 0.000113239046186, 0.000122461133287, 8.02948998171e-05, 3.50925802195e-05, 4.02622390538e-05, 3.80538949685e-05, 3.44959335052e-05, 3.06146430376e-05, 4.99917005072e-05, 3.37108140229e-05, 1.52065504153e-05, 2.8888687666e-05, 2.48389915214e-05, 1.13968453661e-05, 5.36238849236e-06, 5.81965605306e-06, 5.94589209868e-06, 2.633547183e-06, 5.73050238017e-06, 5.00368059875e-06, 5.44356817045e-06, 1.00971865322e-05, 6.6916063588e-06, 6.18845569988e-06, 5.81188760407e-06, 6.32754336038e-06, 5.6101384871e-06, 5.54349753656e-06, 4.40599569629e-06, 2.95609288514e-06, 5.68707446291e-06, 5.28589544047e-06, 3.35687627739e-06, 2.29011038755e-06, 2.63887000074e-06, 2.54694236901e-06, 3.22788878293e-06, 2.98937015941e-06, 2.79085656985e-06, 2.7759333534e-06, 3.02979788103e-06, 2.7036571737e-06, 2.8332601687e-06, 1.75655247858e-06, 1.69559075403e-06, 1.71962767581e-06, 2.25505959861e-06, 3.33559250976e-06, 3.28003216055e-06, 3.38374093189e-06, 5.39560460311e-06, 5.35626986675e-06, 4.41400288764e-06, 7.7197300925e-06, 6.13402426097e-06, 4.99577072333e-06, 4.64012782686e-06, 4.80824019178e-06, 4.42566943093e-06, 3.7819913814e-06, 3.09555207423e-06, 2.87718808067e-06, 2.0529307676e-06, 1.45421688558e-06, 8.0048783957e-07, 4.03112636604e-07, 2.5611339538e-07, 1.38630880997e-07, 4.50468924384e-08, 1.85008204312e-08, 4.78081219057e-09, 7.28434812469e-10, 1.50365525586e-10, 4.52966726627e-11, 4.21834026043e-11, 4.01441657694e-11, 3.84582539426e-11, 3.68470531864e-11, 3.53308979295e-11, 3.39734421151e-11, 3.26892055091e-11, 3.15222431491e-11, 3.05069546014e-11, 2.93517710137e-11, 2.84416136476e-11, 2.75697693841e-11, 2.66295631379e-11, 2.58299995975e-11, 2.518424011e-11, 2.4564574333e-11, 2.40050375411e-11, 2.35252199665e-11, 2.30698030124e-11, 2.26630762767e-11, 2.23181351872e-11, 2.2049312029e-11, 2.18219435577e-11, 2.17021123294e-11],
        "min": [3.67898901176e-14, 2.75627163779e-14, 2.61133972654e-14, 1.82706497501e-14, 2.45149596966e-14, 3.52464775031e-14, 3.04128331676e-14, 3.19225948572e-14, 2.73974128161e-14, 2.1300733936e-14, 3.09074190937e-14, 2.74164049888e-14, 2.93288512237e-14, 2.24326579448e-14, 2.19750382306e-14, 2.02715651882e-14, 1.83164539037e-14, 1.50521261443e-14, 1.45798629246e-14, 1.12526658388e-14, 7.43607175076e-15, 4.12573951443e-15, 3.43246337589e-15, 1.9189171431e-15, 8.15326280577e-16, 5.9375511413e-16, 4.89752014883e-16, 2.54139847967e-15, 1.71443926035e-15, 2.20915150017e-15, 5.20190757941e-15, 3.96135117168e-15, 3.00078679861e-15, 3.18173823538e-15, 3.04945011198e-15, 2.2898891984e-15, 2.16678375918e-15, 1.71109972708e-15, 1.59581356664e-15, 2.18783803364e-15, 2.13306655393e-15, 3.23381911493e-15, 4.00695839017e-15, 2.39227091777e-15, 3.7515940502e-15, 2.7986436563e-15, 2.54399717675e-15, 3.31600291015e-15, 2.77600606551e-15, 3.56018662698e-15, 3.60437930045e-15, 2.84284522362e-15, 2.50461543866e-15, 1.67929861623e-15, 1.20750306455e-15, 1.53344557782e-15, 1.20568480245e-15, 1.51533622517e-15, 9.26541177156e-16, 8.08178645991e-16, 9.31652597476e-16, 1.59240065914e-15, 2.64828704959e-15, 3.27544061989e-15, 3.6682718427e-15, 3.45857401353e-15, 3.33504632839e-15, 3.32001678753e-15, 3.68949510022e-15, 4.1409429088e-15, 3.56924564435e-15, 2.8163648561e-15, 2.07987140253e-15, 1.05834871523e-15, 7.75118208906e-16, 6.28058148549e-16, 4.06486267418e-16, 5.52478986852e-16, 8.73214894473e-16, 9.72999240247e-16, 1.52056051263e-15, 2.01477501471e-15, 1.6614933484e-15, 9.0830836945e-16, 4.94258388981e-16, 5.27647739547e-16, 1.21672746511e-15, 1.61994140602e-15, 2.30828887159e-15, 2.31992456319e-15, 2.04444255545e-15, 1.35713206996e-15, 1.1310510354e-15, 7.90210483142e-16, 8.35283541485e-16, 1.7659416164e-15, 2.82077705073e-15, 3.4844608227e-15, 3.3664536748e-15, 2.32098229558e-15, 1.1045843263e-15, 5.88748937654e-16, 5.72828000498e-16, 1.03790345747e-15, 1.43727123353e-15, 1.28566091218e-15, 6.93320660706e-16, 9.12694941325e-16, 1.46025039035e-15, 1.23249530106e-15, 6.43602579559e-16, 4.33043873748e-16, 1.65749969393e-15, 3.10387557873e-15, 3.45057781075e-15, 1.9512240385e-15, 6.67035269589e-16, 1.0427014756e-15, 1.93680245554e-15, 1.70906663625e-15, 6.80028596181e-16, 7.87164605603e-16, 5.46563891084e-16, 3.82089786243e-16, 1.28927456649e-15, 8.04276100505e-16, 8.62371324266e-17, 3.08892070912e-18],
        "stdev": [1.48779627125e-05, 7.95544765424e-05, 0.00016338104615, 0.000326943205437, 0.000562760396861, 0.000556929502636, 0.000603127991781, 0.000512883474585, 0.0007829242968, 0.000502773444168, 0.00059328606585, 0.00077923812205, 0.000488932884764, 0.000203587522265, 0.000427337479778, 0.00112736143637, 0.00104601238854, 0.00156858167611, 0.00156680808868, 0.000963888945989, 0.000298459024634, 0.000717716931831, 0.00117103464436, 0.000620217237156, 0.000767539604567, 0.000148156250361, 0.000195597516722, 0.000241365341935, 0.000285873800749, 0.00123833469115, 0.000875244964845, 0.000923153012991, 0.000577077153139, 0.000161381976795, 0.000223981798626, 0.000173817679752, 0.00013039172336, 0.000203301518923, 0.000405809551012, 0.000214875035454, 8.80519510247e-05, 0.000130593049107, 0.000122648198158, 3.00539541058e-05, 2.31514150073e-05, 2.37847689277e-05, 2.68816220341e-05, 7.90727335698e-06, 3.17563135468e-05, 1.75356890395e-05, 2.97697224596e-05, 7.31123218429e-05, 5.00629284943e-05, 3.36898265232e-05, 2.64795708063e-05, 2.8110209314e-05, 2.964176565e-05, 1.65344918059e-05, 1.11280096462e-05, 1.30124908537e-05, 1.92382267414e-05, 1.64446137205e-05, 8.19101296656e-06, 5.35212939212e-06, 6.64798608341e-06, 5.43699025002e-06, 9.0061857918e-06, 6.66436699248e-06, 7.90640388004e-06, 1.0440369806e-05, 8.56895803736e-06, 6.86079465595e-06, 6.34796242593e-06, 4.29464625995e-06, 4.78096080769e-06, 4.60394858237e-06, 8.50511969475e-06, 1.30179232656e-05, 1.1583115338e-05, 1.36249764182e-05, 4.32227789133e-05, 3.44666659657e-05, 2.55774484685e-05, 7.16070644557e-05, 5.53066311113e-05, 4.39433824795e-05, 3.98200791096e-05, 3.74374685634e-05, 4.08693013014e-05, 3.07125264953e-05, 2.26216598094e-05, 2.10032321775e-05, 1.45779486047e-05, 1.16027486001e-05, 6.20561831965e-06, 2.49679442277e-06, 1.94580957213e-06, 1.04051719063e-06, 2.18490029624e-07, 1.07385105252e-07, 4.1798806194e-08, 7.13492509519e-09, 1.44597267493e-09, 9.58826462671e-10, 9.11984043839e-10, 8.71844818562e-10, 8.35267910393e-10, 8.00482957697e-10, 7.68001440221e-10, 7.38639094333e-10, 7.10718595087e-10, 6.8606775816e-10, 6.64034160991e-10, 6.39705455274e-10, 6.19566564719e-10, 6.01200644823e-10, 5.82498382862e-10, 5.65448521339e-10, 5.51143797267e-10, 5.37511202214e-10, 5.25387233719e-10, 5.14886244751e-10, 5.04919273059e-10, 4.96269636496e-10, 4.89521978508e-10, 4.85134876715e-10, 4.8092219096e-10, 4.78400485893e-10]
    },
    "mfcc": {
        "mean": [-809.295532227, 117.116027832, -13.4146165848, 35.1137657166, -19.9158039093, 8.42052078247, -18.7891979218, 14.1314458847, -10.0635538101, 14.4245796204, 1.89815425873, 13.1111288071, -2.07676339149],
        "cov": [[20740.703125, 1059.17260742, -262.125305176, 52.3671112061, -2170.75, 278.09274292, -818.928771973, -354.720550537, -1409.97021484, -732.124206543, -1043.44482422, -397.1328125, -876.361999512], [1059.17260742, 592.202758789, -190.768234253, -62.6593513489, -116.878326416, -64.2590332031, -51.9459114075, -29.5287475586, -115.176971436, -49.194606781, 13.8181447983, 5.58666610718, 16.1857452393], [-262.125305176, -190.768234253, 964.491821289, -58.5189170837, 132.391326904, 239.015594482, 86.6434555054, 49.0047073364, -66.8910522461, -115.032920837, -112.076286316, -98.7568664551, -104.674247742], [52.3671112061, -62.6593513489, -58.5189170837, 213.216583252, 24.124250412, -34.6005859375, -4.81463861465, -35.8016357422, 21.9392089844, 35.8347320557, -28.777513504, -10.5056152344, 11.5887556076], [-2170.75, -116.878326416, 132.391326904, 24.124250412, 403.456054688, -10.2823886871, 42.3893852234, 23.2156505585, 119.855735779, 32.1335144043, 80.435836792, 27.5006961823, 98.0502548218], [278.09274292, -64.2590332031, 239.015594482, -34.6005859375, -10.2823886871, 207.3828125, 36.2698822021, 24.4063186646, -41.9916648865, -87.4283447266, -64.6865463257, -61.3694572449, -93.4545516968], [-818.928771973, -51.9459114075, 86.6434555054, -4.81463861465, 42.3893852234, 36.2698822021, 190.115524292, 57.6426582336, 72.8214569092, 28.3763103485, 42.36170578, 14.8650360107, -24.5737171173], [-354.720550537, -29.5287475586, 49.0047073364, -35.8016357422, 23.2156505585, 24.4063186646, 57.6426582336, 141.16947937, 73.0449829102, 14.2233629227, 36.0826072693, -2.34754419327, -50.4181480408], [-1409.97021484, -115.176971436, -66.8910522461, 21.9392089844, 119.855735779, -41.9916648865, 72.8214569092, 73.0449829102, 241.619827271, 143.77381897, 78.3854141235, 38.8966331482, 19.6086082458], [-732.124206543, -49.194606781, -115.032920837, 35.8347320557, 32.1335144043, -87.4283447266, 28.3763103485, 14.2233629227, 143.77381897, 222.662857056, 90.2024765015, 53.761051178, 45.2871170044], [-1043.44482422, 13.8181447983, -112.076286316, -28.777513504, 80.435836792, -64.6865463257, 42.36170578, 36.0826072693, 78.3854141235, 90.2024765015, 169.538543701, 56.0362854004, 52.133354187], [-397.1328125, 5.58666610718, -98.7568664551, -10.5056152344, 27.5006961823, -61.3694572449, 14.8650360107, -2.34754419327, 38.8966331482, 53.761051178, 56.0362854004, 118.193023682, 70.1824264526], [-876.361999512, 16.1857452393, -104.674247742, 11.5887556076, 98.0502548218, -93.4545516968, -24.5737171173, -50.4181480408, 19.6086082458, 45.2871170044, 52.133354187, 70.1824264526, 218.001159668]],
        "icov": [[0.000312286108965, -0.000199721398531, 4.00169592467e-05, -0.000252782163443, 0.000946656509768, 2.27864370572e-06, 0.000704280682839, -0.000234682040173, 0.00100056047086, -0.000248517520959, 0.000894055934623, -0.000332944531692, 0.000758187903557], [-0.000199721398531, 0.00235272105783, 0.000370905268937, 0.000813005259261, -0.000409855070757, 0.00067530060187, -0.000563399516977, -9.92637887975e-06, 0.000537443673238, 0.000303765555145, -0.000867166207172, 0.000511578517035, -0.000503419316374], [4.00169592467e-05, 0.000370905268937, 0.0019762525335, 0.000618303136434, -0.00106415362097, -0.00128060497809, -0.000729708583094, -0.000633020943496, 0.00154790107626, -0.000843451707624, 0.00143928930629, 0.000512281549163, 0.000277224607999], [-0.000252782163443, 0.000813005259261, 0.000618303136434, 0.00631695939228, -0.00174781284295, 0.00114723446313, -0.00141049793456, 0.00148444133811, -0.000457016634755, -0.00122911820654, 0.00160630443133, 0.00147574499715, -0.000216019034269], [0.000946656509768, -0.000409855070757, -0.00106415362097, -0.00174781284295, 0.00754200061783, -3.39790130965e-05, 0.00267033511773, -0.000147602215293, -0.000139080002555, 0.00152218865696, 7.56535009714e-05, -0.000756791909225, 0.000199915433768], [2.27864370572e-06, 0.00067530060187, -0.00128060497809, 0.00114723446313, -3.39790130965e-05, 0.00947682932019, -0.00140777300112, 0.000128487270558, -2.43930553552e-05, 0.00200826930813, 0.00108238914981, 0.00145664764568, 0.00208927132189], [0.000704280682839, -0.000563399516977, -0.000729708583094, -0.00141049793456, 0.00267033511773, -0.00140777300112, 0.00901149678975, -0.00166361453012, 0.000126714658109, 0.000110090040835, -9.45338324527e-05, -0.00215918873437, 0.00210761721246], [-0.000234682040173, -9.92637887975e-06, -0.000633020943496, 0.00148444133811, -0.000147602215293, 0.000128487270558, -0.00166361453012, 0.0117408502847, -0.00524651352316, 0.00236876425333, -0.0031154321041, 0.000331553339493, 0.00194188102614], [0.00100056047086, 0.000537443673238, 0.00154790107626, -0.000457016634755, -0.000139080002555, -2.43930553552e-05, 0.000126714658109, -0.00524651352316, 0.0151578877121, -0.00736811431125, 0.00454503577203, -0.00110803265125, 0.0030398897361], [-0.000248517520959, 0.000303765555145, -0.000843451707624, -0.00122911820654, 0.00152218865696, 0.00200826930813, 0.000110090040835, 0.00236876425333, -0.00736811431125, 0.0109245982021, -0.00470188818872, -0.000741079624277, -0.000868416740559], [0.000894055934623, -0.000867166207172, 0.00143928930629, 0.00160630443133, 7.56535009714e-05, 0.00108238914981, -9.45338324527e-05, -0.0031154321041, 0.00454503577203, -0.00470188818872, 0.0143785281107, -0.00239584385417, 0.00186371116433], [-0.000332944531692, 0.000511578517035, 0.000512281549163, 0.00147574499715, -0.000756791909225, 0.00145664764568, -0.00215918873437, 0.000331553339493, -0.00110803265125, -0.000741079624277, -0.00239584385417, 0.0132021289319, -0.00383444875479], [0.000758187903557, -0.000503419316374, 0.000277224607999, -0.000216019034269, 0.000199915433768, 0.00208927132189, 0.00210761721246, 0.00194188102614, 0.0030398897361, -0.000868416740559, 0.00186371116433, -0.00383444875479, 0.010005151853]]
    },
    "spectral_contrast_coeffs": {
        "max": [-0.528317153454, -0.462791323662, -0.541026949883, -0.615272641182, -0.621705949306, -0.423143804073],
        "mean": [-0.790042102337, -0.727198779583, -0.778240740299, -0.794756352901, -0.782660365105, -0.664563715458],
        "min": [-0.960791647434, -0.976419091225, -0.968720018864, -0.973479926586, -0.968313276768, -0.961733520031],
        "stdev": [0.0998710691929, 0.096735984087, 0.0724263563752, 0.058620557189, 0.0576629973948, 0.0757467001677]
    },
    "spectral_contrast_valleys": {
        "max": [-5.48903846741, -4.76185798645, -5.0151386261, -6.45181322098, -6.20417451859, -8.46078586578],
        "mean": [-8.51224327087, -8.14401245117, -9.07929801941, -9.45321083069, -9.29505634308, -13.2096719742],
        "min": [-27.4479808807, -26.9178619385, -26.9817390442, -26.799577713, -27.1360664368, -27.216917038],
        "stdev": [1.53714478016, 1.61150205135, 1.65615069866, 1.48058128357, 1.60362911224, 1.35754513741]
    }
},
"rhythm": {
    "beats_count": 27,
    "beats_loudness": {
        "max": 0.0751119405031,
        "mean": 0.016574408859,
        "min": 2.11130827665e-05,
        "stdev": 0.0204689260572
    },
    "bpm": 130.374862671,
    "bpm_histogram_first_peak_bpm": 129,
    "bpm_histogram_first_peak_weight": 0.549999952316,
    "bpm_histogram_second_peak_bpm": 136,
    "bpm_histogram_second_peak_spread": 0,
    "bpm_histogram_second_peak_weight": 0.192307695746,
    "danceability": 0.836600244045,
    "onset_rate": 2.42958807945,
    "beats_loudness_band_ratio": {
        "max": [0.881660759449, 0.544589877129, 0.968795776367, 0.653210222721, 0.302142232656, 0.853482306004],
        "mean": [0.182963103056, 0.104563981295, 0.481504559517, 0.107822477818, 0.100793808699, 0.0776246488094],
        "min": [0.00142113177571, 0.000839411746711, 0.0239992048591, 0.00468184007332, 0.00823584571481, 0.0014592197258],
        "stdev": [0.249824613333, 0.151209264994, 0.293421953917, 0.155852332711, 0.0895791351795, 0.155774414539]
    },
    "beats_position": [0.429569154978, 0.870748281479, 1.3235373497, 1.78793644905, 2.24072551727, 2.69351458549, 3.15791368484, 3.62231278419, 4.08671188354, 4.55111122131, 5.01551008224, 5.46829938889, 5.90947818756, 6.38548755646, 6.84988641739, 7.32589578629, 7.76707458496, 8.2198638916, 8.66104316711, 9.10222244263, 9.52018165588, 9.98458003998, 10.4489793777, 10.9017686844, 11.354557991, 11.807346344, 12.2601356506],
