{
"metadata": {
    "version": {
        "essentia": "2.1-beta5",
        "essentia_git_sha": "Undefined",
        "extractor": "music 2.0"
    },
    "audio_properties": {
        "analysis": {
            "equal_loudness": 0,
            "length": 48.7502937317,
            "sample_rate": 44100,
            "start_time": 29.0017242432,
            "downmix": "mix"
        },
        "bit_rate": 192000,
        "length": 203.778320312,
        "lossless": 0,
        "number_channels": 2,
        "replay_gain": -10.7834396362,
        "sample_rate": 44100,
        "codec": "mp3",
        "md5_encoded": "2660ebbf6d49a7e170ae04aad177c985"
    },
    "tags": {
        "file_name": "Switzerland_Io Così Non Ci Sto_Mariella Farré.mp3",
        "encoding": ["Lavf58.29.100"]
    }
},
"lowlevel": {
    "average_loudness": 0.954092919827,
    "barkbands_crest": {
        "max": 24.3064994812,
        "mean": 10.1074714661,
        "min": 3.24034452438,
        "stdev": 4.25645017624
    },
    "barkbands_flatness_db": {
        "max": 0.350695729256,
        "mean": 0.205135762691,
        "min": 0.0994214564562,
        "stdev": 0.0330037176609
    },
    "barkbands_kurtosis": {
        "max": 41.6541519165,
        "mean": 0.71221357584,
        "min": -1.73100709915,
        "stdev": 2.47088956833
    },
    "barkbands_skewness": {
        "max": 6.02952814102,
        "mean": 0.316666185856,
        "min": -2.17990684509,
        "stdev": 0.710649549961
    },
    "barkbands_spread": {
        "max": 33.383731842,
        "mean": 12.9455032349,
        "min": 1.87766337395,
        "stdev": 5.68499851227
    },
    "dissonance": {
        "max": 0.500000178814,
        "mean": 0.456758141518,
        "min": 0.235906496644,
        "stdev": 0.0281694754958
    },
    "dynamic_complexity": 1.72066104412,
    "erbbands_crest": {
        "max": 31.7641582489,
        "mean": 12.0350780487,
        "min": 3.15660905838,
        "stdev": 5.0296959877
    },
    "erbbands_flatness_db": {
        "max": 0.427304238081,
        "mean": 0.287059098482,
        "min": 0.150738880038,
        "stdev": 0.0369618199766
    },
    "erbbands_kurtosis": {
        "max": 15.5277252197,
        "mean": 0.630312144756,
        "min": -1.71936202049,
        "stdev": 1.93248307705
    },
    "erbbands_skewness": {
        "max": 2.81651377678,
        "mean": 0.148216232657,
        "min": -2.46283125877,
        "stdev": 0.721770644188
    },
    "erbbands_spread": {
        "max": 54.6289482117,
        "mean": 16.6735572815,
        "min": 1.96294689178,
        "stdev": 7.23400306702
    },
    "hfc": {
        "max": 96.6482543945,
        "mean": 30.1274681091,
        "min": 0.52704000473,
        "stdev": 14.6948423386
    },
    "loudness_ebu128": {
        "integrated": -12.2624855042,
        "loudness_range": 2.35082244873,
        "momentary": {
            "max": -9.92627334595,
            "mean": -12.5489645004,
            "min": -20.7857074738,
            "stdev": 1.77011346817
        },
        "short_term": {
            "max": -10.5115528107,
            "mean": -12.3466234207,
            "min": -15.2689990997,
            "stdev": 0.784624040127
        }
    },
    "melbands_crest": {
        "max": 29.8383617401,
        "mean": 11.8244876862,
        "min": 3.03622937202,
        "stdev": 4.61247491837
    },
    "melbands_flatness_db": {
        "max": 0.420700579882,
        "mean": 0.242197111249,
        "min": 0.101686187088,
        "stdev": 0.029056917876
    },
    "melbands_kurtosis": {
        "max": 70.8327407837,
        "mean": 1.6018576622,
        "min": -1.77760946751,
        "stdev": 3.59495663643
    },
    "melbands_skewness": {
        "max": 6.98100137711,
        "mean": 0.658068180084,
        "min": -1.70102334023,
        "stdev": 0.795903086662
    },
    "melbands_spread": {
        "max": 64.2336730957,
        "mean": 22.8596668243,
        "min": 2.04655599594,
        "stdev": 9.6192741394
    },
    "pitch_salience": {
        "max": 0.849265098572,
        "mean": 0.569582521915,
        "min": 0.240492030978,
        "stdev": 0.0876933112741
    },
    "silence_rate_20dB": {
        "max": 1,
        "mean": 1,
        "min": 1,
        "stdev": 0
    },
    "silence_rate_30dB": {
        "max": 1,
        "mean": 1,
        "min": 1,
        "stdev": 0
    },
    "silence_rate_60dB": {
        "max": 1,
        "mean": 0.00666349334642,
        "min": 0,
        "stdev": 0.0813600867987
    },
    "spectral_centroid": {
        "max": 2847.6015625,
        "mean": 1412.87792969,
        "min": 338.471862793,
        "stdev": 335.840454102
    },
    "spectral_complexity": {
        "max": 43,
        "mean": 22.0014286041,
        "min": 2,
        "stdev": 4.9775762558
    },
    "spectral_decrease": {
        "max": -1.50891688033e-10,
        "mean": -6.86774592751e-09,
        "min": -1.95290894567e-08,
        "stdev": 3.02431901744e-09
    },
    "spectral_energy": {
        "max": 0.0783140435815,
        "mean": 0.0286531187594,
        "min": 0.00062761985464,
        "stdev": 0.012517593801
    },
    "spectral_energyband_high": {
        "max": 0.00127597339451,
        "mean": 6.53990282444e-05,
        "min": 2.19466573981e-06,
        "stdev": 8.63927780301e-05
    },
    "spectral_energyband_low": {
        "max": 0.0210944246501,
        "mean": 0.00113001465797,
        "min": 2.29089232562e-06,
        "stdev": 0.00180627184454
    },
    "spectral_energyband_middle_high": {
        "max": 0.0597577020526,
        "mean": 0.0152050573379,
        "min": 0.000190386243048,
        "stdev": 0.00944833550602
    },
    "spectral_energyband_middle_low": {
        "max": 0.0690202265978,
        "mean": 0.0126063991338,
        "min": 0.000173304841155,
        "stdev": 0.0102454330772
    },
    "spectral_entropy": {
        "max": 8.14586925507,
        "mean": 7.03995227814,
        "min": 6.0476975441,
        "stdev": 0.24092784524
    },
    "spectral_flux": {
        "max": 0.272033274174,
        "mean": 0.0915171205997,
        "min": 0.0140697015449,
        "stdev": 0.0382217913866
    },
    "spectral_kurtosis": {
        "max": 35.3568572998,
        "mean": 12.4005918503,
        "min": 0.755311727524,
        "stdev": 5.778195858
    },
    "spectral_rms": {
        "max": 0.00874093454331,
        "mean": 0.00513743050396,
        "min": 0.00078250374645,
        "stdev": 0.00124940834939
    },
    "spectral_rolloff": {
        "max": 3832.91015625,
        "mean": 1636.02404785,
        "min": 279.931640625,
        "stdev": 433.339111328
    },
    "spectral_skewness": {
        "max": 4.17625570297,
        "mean": 1.87452960014,
        "min": 0.334700226784,
        "stdev": 0.538800776005
    },
    "spectral_spread": {
        "max": 19453686,
        "mean": 1896025.75,
        "min": 1313507.625,
        "stdev": 450082.875
    },
    "spectral_strongpeak": {
        "max": 15.4086818695,
        "mean": 2.78881144524,
        "min": 0.0153908319771,
        "stdev": 2.16040468216
    },
    "zerocrossingrate": {
        "max": 0.107421875,
        "mean": 0.0566190108657,
        "min": 0.00732421875,
        "stdev": 0.0114947007969
    },
    "barkbands": {
        "max": [1.39795301948e-05, 0.0121594164521, 0.0116035882384, 0.0100979888812, 0.0599338784814, 0.0477186739445, 0.0613317042589, 0.0475489981472, 0.042449619621, 0.0387792102993, 0.0319778062403, 0.0305975750089, 0.0383372306824, 0.0516038313508, 0.0171881318092, 0.019636336714, 0.0117748789489, 0.00696695270017, 0.00648426543921, 0.00198958814144, 0.000222247283091, 6.84874976287e-05, 3.63814478987e-06, 3.59535897587e-06, 1.05828144115e-06, 1.01406646991e-06, 6.24344750122e-07],
        "mean": [5.82346672218e-07, 0.000296842161333, 0.00067377614323, 0.000411095825257, 0.00116069254, 0.00186418695375, 0.00166088587139, 0.00126017152797, 0.00573857920244, 0.0024758358486, 0.00286010908894, 0.00125486426987, 0.00202820100822, 0.00312488200143, 0.00104919238947, 0.000921576982364, 0.000557873747312, 0.000807366741356, 0.000323575106449, 0.00016393851547, 1.50467067215e-05, 2.19350022235e-06, 3.63104447842e-07, 3.92746017042e-07, 5.63358526051e-07, 3.32672556169e-07, 9.38560784647e-09],
        "min": [2.12517958786e-09, 2.58823348531e-07, 3.97446910938e-07, 2.50007360592e-07, 2.15489740185e-06, 5.69620806345e-06, 1.43191773532e-05, 2.41137263401e-06, 1.33443745653e-05, 5.15679857926e-06, 8.41495239001e-06, 3.64126663044e-06, 8.2815577116e-06, 8.65762558533e-06, 1.2681311091e-05, 5.32202375325e-06, 8.0690424511e-06, 2.72010265689e-06, 5.51566063223e-06, 1.74153706212e-06, 3.7262219621e-07, 1.42818890936e-07, 1.2702203378e-07, 1.64678425563e-07, 3.29548896616e-07, 1.69639662317e-07, 2.60108823369e-10],
        "stdev": [8.42085796648e-07, 0.000805237796158, 0.00114220380783, 0.000741372525226, 0.00281457044184, 0.00320936832577, 0.00370321469381, 0.00348524353467, 0.00804669503123, 0.00439625745639, 0.00398257886991, 0.00253923051059, 0.00386913842522, 0.00522089004517, 0.00158244650811, 0.00168999796733, 0.000814379542135, 0.000895719625987, 0.00042767872219, 0.000232945487369, 1.51346112034e-05, 3.43523493029e-06, 2.34539143662e-07, 1.84405678283e-07, 9.08993058601e-08, 6.01518195253e-08, 1.94770297668e-08]
    },
    "erbbands": {
        "max": [0.0925762876868, 3.55496740341, 13.4718770981, 24.3163318634, 86.8833999634, 314.187988281, 328.935821533, 508.371917725, 871.039428711, 1043.2199707, 1132.3079834, 1201.59619141, 1002.90332031, 1421.10632324, 1230.26831055, 1259.03894043, 2071.30932617, 2988.73144531, 1829.97265625, 1079.52954102, 991.354980469, 743.060913086, 453.334136963, 460.185028076, 233.264358521, 96.244392395, 28.0433502197, 6.62681341171, 2.75451040268, 0.568634927273, 0.0779989212751, 0.059943895787, 0.0718594789505, 0.0117424577475, 0.00812671054155, 0.0048093018122, 0.00173254753463, 0.000425148551585, 9.89420368569e-05, 9.03067266336e-05],
        "mean": [0.00360715878196, 0.0929270237684, 0.645548224449, 1.10553538799, 2.20804071426, 4.60457754135, 8.51007652283, 17.2145881653, 19.7215118408, 30.8478736877, 40.8393096924, 131.573028564, 90.2847595215, 91.3755187988, 109.279083252, 54.2385826111, 101.224327087, 124.153152466, 106.724494934, 62.1258964539, 40.6455612183, 32.5500602722, 39.1827468872, 29.755235672, 15.2932901382, 7.62305021286, 1.40384662151, 0.348701030016, 0.0971867740154, 0.0256948210299, 0.00970783829689, 0.00808714982122, 0.00684198504314, 0.00576898409054, 0.00429451372474, 0.00211620866321, 0.000434882298578, 3.88123953599e-05, 1.71733718162e-05, 3.47867899109e-05],
        "min": [8.54337940837e-06, 7.46876467019e-05, 0.000414914538851, 0.001381835551, 0.00224361475557, 0.00897851958871, 0.0273054875433, 0.0732219815254, 0.130550667644, 0.268137961626, 0.13563926518, 0.337293416262, 0.204796910286, 0.339659959078, 0.413411170244, 0.523953735828, 0.816048383713, 0.550768554211, 0.854800403118, 0.692712008953, 0.234201297164, 0.422633528709, 0.196177065372, 0.157782271504, 0.333665132523, 0.0682691931725, 0.0324252285063, 0.00772906281054, 0.00509969098493, 0.0032959964592, 0.00369272427633, 0.00300059700385, 0.00331484829076, 0.00297145871446, 0.00232658931054, 0.00104930601083, 0.000223142982577, 1.58799630299e-05, 1.23960387555e-06, 8.03799764526e-07],
        "stdev": [0.00696129724383, 0.238150268793, 1.15914535522, 1.60579276085, 4.22746038437, 13.5803308487, 17.7270965576, 31.2065620422, 40.5883636475, 80.4944610596, 72.6927719116, 189.74710083, 151.222335815, 122.118362427, 156.344558716, 91.9369812012, 194.500213623, 218.91973877, 174.005966187, 93.9287872314, 75.780632019, 47.9795265198, 44.2845153809, 35.1172332764, 17.3983573914, 10.0217504501, 1.57752788067, 0.380699783564, 0.141514837742, 0.0344177782536, 0.00553831225261, 0.00456280214712, 0.00266692135483, 0.00112827320118, 0.00075700628804, 0.000364083563909, 8.46582624945e-05, 1.46814063555e-05, 7.38490098229e-06, 1.50511505126e-05]
    },
    "gfcc": {
        "mean": [-41.7654037476, 146.150100708, -190.122070312, -12.0036754608, -30.8464660645, -19.5524902344, -29.2915115356, 10.9538431168, -32.9025306702, 1.15514028072, -9.26963329315, -12.8794355392, -4.42657279968],
        "cov": [[551.793395996, 254.635421753, -3.89214229584, 102.115859985, 36.6226348877, -93.4313812256, 88.041809082, -15.8838596344, 2.17450523376, -90.7332305908, -87.8896484375, -62.9818916321, 14.0283594131], [254.635421753, 418.575531006, 295.731781006, 69.0959014893, 38.1961975098, 32.327419281, 11.7361516953, 1.39610695839, -26.2750701904, -85.033454895, -95.7206954956, -38.5830001831, 17.2744140625], [-3.89214229584, 295.731781006, 369.926818848, 112.258514404, 12.2810077667, 63.3051185608, -55.9926261902, -14.2637004852, -11.0123233795, -27.8180828094, -53.5175094604, 10.7478055954, 8.90404319763], [102.115859985, 69.0959014893, 112.258514404, 222.28843689, 48.3786315918, -26.7273693085, -41.84116745, -23.2667274475, 30.0758056641, 2.97693562508, -29.9222278595, 26.4736652374, 9.09251213074], [36.6226348877, 38.1961975098, 12.2810077667, 48.3786315918, 115.08745575, 60.0052833557, 20.1077709198, 18.6204471588, 8.78433132172, 0.852610528469, 3.42640900612, -6.4171795845, -6.04648971558], [-93.4313812256, 32.327419281, 63.3051185608, -26.7273693085, 60.0052833557, 185.631896973, 87.5001373291, 12.8966274261, -33.6619873047, 5.07673692703, 7.03771162033, -11.3446426392, -25.4060459137], [88.041809082, 11.7361516953, -55.9926261902, -41.84116745, 20.1077709198, 87.5001373291, 184.497634888, 59.9479484558, -34.8720283508, -27.5147266388, 1.98114931583, -42.0592880249, -19.7410144806], [-15.8838596344, 1.39610695839, -14.2637004852, -23.2667274475, 18.6204471588, 12.8966274261, 59.9479484558, 114.764625549, 47.6662139893, -5.90091943741, -4.74590015411, -11.5329198837, 6.30543899536], [2.17450523376, -26.2750701904, -11.0123233795, 30.0758056641, 8.78433132172, -33.6619873047, -34.8720283508, 47.6662139893, 113.737625122, 46.5601463318, -6.103307724, 7.14990615845, 8.77034378052], [-90.7332305908, -85.033454895, -27.8180828094, 2.97693562508, 0.852610528469, 5.07673692703, -27.5147266388, -5.90091943741, 46.5601463318, 95.9983444214, 65.6520996094, 21.3215465546, -13.4665231705], [-87.8896484375, -95.7206954956, -53.5175094604, -29.9222278595, 3.42640900612, 7.03771162033, 1.98114931583, -4.74590015411, -6.103307724, 65.6520996094, 115.266792297, 42.4475593567, -15.2287664413], [-62.9818916321, -38.5830001831, 10.7478055954, 26.4736652374, -6.4171795845, -11.3446426392, -42.0592880249, -11.5329198837, 7.14990615845, 21.3215465546, 42.4475593567, 77.8666000366, 34.1132698059], [14.0283594131, 17.2744140625, 8.90404319763, 9.09251213074, -6.04648971558, -25.4060459137, -19.7410144806, 6.30543899536, 8.77034378052, -13.4665231705, -15.2287664413, 34.1132698059, 65.8756713867]],
        "icov": [[0.0304373558611, -0.0355381220579, 0.026908762753, -0.0150220589712, -0.00071357015986, 0.0161298345774, -0.0248926319182, 0.0268270131201, -0.0233515873551, 0.0156186781824, -0.00885789655149, 0.00412975437939, -0.000483018462546], [-0.0355381220579, 0.0550912730396, -0.0460559912026, 0.0236464887857, -0.00908568780869, -0.00903789233416, 0.0194135028869, -0.0245689228177, 0.0239707510918, -0.0145647861063, 0.0134667903185, -0.00327719468623, -0.0014259160962], [0.026908762753, -0.0460559912026, 0.0451542921364, -0.0243502426893, 0.0140646807849, -0.0023253171239, -0.00632147397846, 0.0136077199131, -0.0160473007709, 0.0128672076389, -0.012958378531, 0.00555997621268, -0.00030616359436], [-0.0150220589712, 0.0236464887857, -0.0243502426893, 0.0220017023385, -0.0133824385703, 0.00538046099246, 0.00118666922208, -0.00562455086038, 0.00945483893156, -0.012854911387, 0.016104914248, -0.0138124311343, 0.00598253123462], [-0.00071357015986, -0.00908568780869, 0.0140646807849, -0.0133824385703, 0.026319604367, -0.0203225966543, 0.0151579938829, -0.00924740917981, -0.000807129545137, 0.00729863066226, -0.0145377656445, 0.0119494395331, -0.00546310283244], [0.0161298345774, -0.00903789233416, -0.0023253171239, 0.00538046099246, -0.0203225966543, 0.0353316776454, -0.0324436053634, 0.0218913499266, -0.00910526420921, -0.0030901664868, 0.0117377806455, -0.0119380084798, 0.00792590714991], [-0.0248926319182, 0.0194135028869, -0.00632147397846, 0.00118666922208, 0.0151579938829, -0.0324436053634, 0.0455038025975, -0.0365420021117, 0.0249709412456, -0.00734413415194, -0.00491855060682, 0.00986360292882, -0.00415708357468], [0.0268270131201, -0.0245689228177, 0.0136077199131, -0.00562455086038, -0.00924740917981, 0.0218913499266, -0.0365420021117, 0.0484446920455, -0.037989474833, 0.0237251780927, -0.0106366919354, 0.00336079951376, -0.00261835334823], [-0.0233515873551, 0.0239707510918, -0.0160473007709, 0.00945483893156, -0.000807129545137, -0.00910526420921, 0.0249709412456, -0.037989474833, 0.0488078705966, -0.0378089658916, 0.0242465119809, -0.0106248566881, 0.00396474637091], [0.0156186781824, -0.0145647861063, 0.0128672076389, -0.012854911387, 0.00729863066226, -0.0030901664868, -0.00734413415194, 0.0237251780927, -0.0378089658916, 0.0546751618385, -0.0380867384374, 0.0202856045216, -0.00756409019232], [-0.00885789655149, 0.0134667903185, -0.012958378531, 0.016104914248, -0.0145377656445, 0.0117377806455, -0.00491855060682, -0.0106366919354, 0.0242465119809, -0.0380867384374, 0.0487972050905, -0.0345163308084, 0.0187610778958], [0.00412975437939, -0.00327719468623, 0.00555997621268, -0.0138124311343, 0.0119494395331, -0.0119380084798, 0.00986360292882, 0.00336079951376, -0.0106248566881, 0.0202856045216, -0.0345163308084, 0.0501079633832, -0.0281042326242], [-0.000483018462546, -0.0014259160962, -0.00030616359436, 0.00598253123462, -0.00546310283244, 0.00792590714991, -0.00415708357468, -0.00261835334823, 0.00396474637091, -0.00756409019232, 0.0187610778958, -0.0281042326242, 0.0332492552698]]
    },
    "melbands": {
        "max": [0.00206819130108, 0.00591422896832, 0.00507320230827, 0.00986570864916, 0.011340665631, 0.0103333964944, 0.0114575782791, 0.0107878763229, 0.00762666808441, 0.00712588895112, 0.00484324153513, 0.00602708151564, 0.0046818042174, 0.00449374224991, 0.00452470546588, 0.00296048563905, 0.00631649559364, 0.00439648190513, 0.00131341291126, 0.00183750549331, 0.00131194083951, 0.00103766203392, 0.000559692969546, 0.000443204422481, 0.000475374923553, 0.000257056148257, 0.000122453304357, 7.1080539783e-05, 3.1200263038e-05, 5.79761081099e-06, 3.46496153725e-06, 1.69606892086e-06, 8.2201324858e-07, 1.81154604206e-07, 5.40531388538e-08, 5.16302129938e-08, 3.55849998357e-08, 7.42495203099e-08, 1.70669736121e-08, 1.01219024273e-08],
        "mean": [5.72664357605e-05, 0.000263143039774, 0.000231614423683, 0.000227752680075, 0.000293463119306, 0.000382357218768, 0.000310318922857, 0.00032671817462, 0.000426817481639, 0.000828417018056, 0.000439566676505, 0.000363175699022, 0.000416846538428, 0.000158769646077, 0.000194467182155, 0.000195601634914, 0.000241520945565, 0.000203723917366, 7.80175832915e-05, 7.31883410481e-05, 4.1421255446e-05, 3.00908595818e-05, 3.34157593898e-05, 4.39192808699e-05, 2.17320230149e-05, 1.18024772746e-05, 9.40171867114e-06, 3.92022957385e-06, 9.24491871501e-07, 3.04654236061e-07, 1.43966829569e-07, 5.90410955681e-08, 2.31020536035e-08, 9.66467883501e-09, 5.25421084419e-09, 4.70716265966e-09, 4.94928809047e-09, 4.65980498632e-09, 4.85873252742e-09, 4.85596185484e-09],
        "min": [7.91100376318e-08, 2.27850350143e-07, 3.00550766497e-07, 3.6288426486e-07, 1.11901590572e-06, 1.54161534738e-06, 2.97962833429e-06, 1.86590057183e-06, 9.82462211141e-07, 1.95352322407e-06, 6.4405600142e-07, 1.3946148556e-06, 1.04758862562e-06, 2.59594656882e-07, 1.08974177238e-06, 1.56246449023e-06, 4.43882470336e-07, 1.2406346741e-06, 1.00316947282e-06, 4.98302370033e-07, 1.87137729313e-07, 3.74088642729e-07, 4.38869449226e-07, 9.2110354899e-08, 8.57965289924e-08, 2.49224910931e-07, 7.76009443371e-08, 2.54516656639e-08, 1.47156429264e-08, 7.56521245648e-09, 2.87818324729e-09, 2.80016965171e-09, 2.05992733981e-09, 1.49501244717e-09, 1.80724046839e-09, 1.6782553125e-09, 1.51571200036e-09, 1.77142067681e-09, 2.0626174102e-09, 2.16352513682e-09],
        "stdev": [0.000139273382956, 0.000475590262795, 0.000344674743246, 0.000486991048092, 0.000631517963484, 0.000668206834234, 0.000628731155302, 0.000850616488606, 0.000665735686198, 0.00118276290596, 0.000783060619142, 0.000542204012163, 0.000585199857596, 0.000327935733367, 0.000370157562429, 0.000324218330206, 0.000446561491117, 0.000395208568079, 0.000119001604617, 0.00014147098409, 8.91634626896e-05, 5.27129777765e-05, 4.79544287373e-05, 5.46353003301e-05, 2.97643982776e-05, 1.61005100381e-05, 1.23314403027e-05, 5.93364302404e-06, 1.40215126976e-06, 3.24825407461e-07, 1.89141758256e-07, 9.26473475715e-08, 4.09272296054e-08, 1.04461204131e-08, 3.08129166626e-09, 2.9790152567e-09, 2.87055756942e-09, 2.49146925313e-09, 1.32884836468e-09, 1.10293130184e-09]
    },
    "melbands128": {
        "max": [7.63119805924e-06, 0.000270477670711, 0.0019967709668, 0.00759921455756, 0.00853476207703, 0.0049343733117, 0.00551747344434, 0.00712929200381, 0.0110961338505, 0.00407908903435, 0.0225677862763, 0.0243593584746, 0.0133016891778, 0.0131469070911, 0.0166887901723, 0.0172957703471, 0.0197872556746, 0.0143153592944, 0.0199154224247, 0.0188643671572, 0.0143375089392, 0.0188954491168, 0.00820150319487, 0.0151747325435, 0.0150409163907, 0.0131947230548, 0.0159657057375, 0.00831374060363, 0.0125995837152, 0.00988756585866, 0.00729632703587, 0.00560822337866, 0.00931415706873, 0.00645851390436, 0.00652537494898, 0.00981621071696, 0.00632795877755, 0.00839125458151, 0.00794487912208, 0.00825740210712, 0.00270643201657, 0.00692742876709, 0.0140946330503, 0.00830481015146, 0.0148447789252, 0.00494748307392, 0.00301321572624, 0.00244591757655, 0.00310614961199, 0.00412892876193, 0.00365066272207, 0.00343908299692, 0.00324236950837, 0.00247974134982, 0.00122637767345, 0.0021644923836, 0.00168124528136, 0.00118435756303, 0.000922801846173, 0.000785496784374, 0.000699199154042, 0.00117519439664, 0.00100596994162, 0.000752477499191, 0.000821533962153, 0.000434153538663, 0.000427544640843, 0.000199101516046, 0.000268514821073, 0.000208599085454, 0.000152604974573, 9.42809419939e-05, 0.000103401536762, 1.26746544993e-05, 1.08390186142e-05, 4.60439196104e-06, 5.84722602071e-06, 5.07032200403e-06, 3.92992978959e-06, 3.58118268196e-06, 1.88313765648e-06, 1.27287808027e-06, 1.31362594402e-06, 9.41541486554e-07, 6.01441399795e-07, 1.93346778588e-07, 1.21691300592e-07, 1.12012116915e-07, 4.77978758795e-08, 3.64681440601e-08, 5.3520889054e-08, 6.36245900409e-08, 6.60131220798e-08, 3.9522955575e-08, 4.31553068836e-08, 1.37834831548e-07, 7.3880265461e-08, 1.80294907892e-08, 2.73254876504e-08, 1.51607579824e-08, 1.24382317779e-08, 1.82417760897e-08, 1.28423129908e-08, 1.65279736564e-08, 1.18662573101e-08, 1.40377380831e-08, 1.35402729029e-08, 1.18434897445e-08, 8.82704664917e-09, 7.83788500769e-09, 1.19685656941e-08, 5.50161338708e-09, 4.75282702084e-09, 4.21030810216e-09, 3.6522971314e-09, 3.29004179456e-09, 3.21145532389e-09, 2.90463786357e-09, 2.81588219408e-09, 2.7403626035e-09, 2.67191513359e-09, 2.6109776563e-09, 2.55672949478e-09, 2.5066759779e-09, 2.46517362079e-09, 2.43582842785e-09, 2.4175175195e-09, 2.40343767111e-09],
        "mean": [4.86351780182e-07, 1.15380235002e-05, 6.80072771502e-05, 0.000167338454048, 0.000304067245452, 0.000331923074555, 0.000202603405342, 0.000232508667978, 0.00022926904785, 0.000170042883838, 0.000285967806121, 0.000262114714133, 0.000229008277529, 0.00043210000149, 0.000410385342548, 0.000354423042154, 0.000306757807266, 0.000287672504783, 0.000306925707264, 0.000416553404648, 0.000268701202003, 0.000270586955594, 0.000227827229537, 0.000812635407783, 0.00116570445243, 0.000606431800406, 0.000703409896232, 0.000281692860881, 0.000405588274589, 0.000415690272348, 0.000272842531558, 0.000399629876483, 0.000609898590483, 0.000247568328632, 0.000201220842428, 0.000135289563332, 7.81204144005e-05, 0.000154968409333, 0.000316086836392, 0.000256247672951, 7.64723736211e-05, 0.000252638012171, 0.000270546035608, 0.000134247311507, 0.000426468555816, 0.000150417094119, 7.83731011325e-05, 7.13419867679e-05, 6.71490779496e-05, 0.000114853319246, 6.72881578794e-05, 4.28141320299e-05, 5.82395441597e-05, 3.44730506185e-05, 1.6851532564e-05, 3.1707175367e-05, 3.49686451955e-05, 4.71482271678e-05, 2.51283927355e-05, 2.20732435992e-05, 5.33821475983e-05, 5.72648496018e-05, 2.27997206821e-05, 1.17883300845e-05, 1.72615254996e-05, 1.02992953543e-05, 9.29632005864e-06, 1.30299895318e-05, 8.39163749333e-06, 6.5228382482e-06, 4.90154752697e-06, 1.92314450942e-06, 1.21015261811e-06, 8.54853226429e-07, 4.55379648656e-07, 2.80084236692e-07, 2.70226905741e-07, 2.10021084968e-07, 1.15707067039e-07, 9.48872056483e-08, 6.54258229815e-08, 4.71838710325e-08, 3.06867100619e-08, 2.20348894686e-08, 1.55510893052e-08, 1.04814565915e-08, 8.52654391537e-09, 5.73510705593e-09, 5.02385999468e-09, 4.89643126045e-09, 4.34493552248e-09, 4.83263873363e-09, 5.00048846774e-09, 4.3925449944e-09, 5.86955462012e-09, 4.4244417019e-09, 4.66206850902e-09, 4.39605418734e-09, 4.77599737536e-09, 5.39612798889e-09, 4.33161417845e-09, 4.7505812617e-09, 5.04600050633e-09, 6.1105085436e-09, 4.39461844692e-09, 4.31551105962e-09, 5.17713250048e-09, 4.40104974686e-09, 3.07934966415e-09, 3.2486278112e-09, 3.69797525934e-09, 1.30641764073e-09, 9.18883025225e-10, 7.05387248612e-10, 2.89809898302e-10, 2.33498137492e-10, 2.82484757808e-10, 7.35324214712e-12, 6.99466916679e-12, 6.81119396995e-12, 6.63830101999e-12, 6.48756959612e-12, 6.35564170737e-12, 6.23302234479e-12, 6.13926140827e-12, 6.06662073008e-12, 6.01581198051e-12, 5.9810333769e-12],
        "min": [1.48991610716e-10, 6.03903638208e-09, 5.42788605173e-08, 5.15293017145e-08, 5.07405069072e-08, 1.67710112464e-07, 1.63178469847e-07, 1.38518942094e-07, 4.34944098515e-08, 1.62082130828e-07, 1.31743249199e-07, 1.49304824504e-07, 8.76752608292e-08, 1.05612457446e-06, 7.57732152579e-07, 2.30197144901e-07, 2.33223900636e-07, 1.99891573516e-07, 1.25815563479e-06, 5.95741880716e-07, 3.80623902174e-07, 1.21144779541e-07, 3.90954966178e-07, 6.21078072527e-07, 4.56336863408e-07, 2.81822764236e-07, 5.27209493839e-08, 2.61790489731e-07, 3.39809361094e-07, 2.42090465008e-07, 9.45222993209e-08, 8.31340116747e-07, 8.09295670479e-07, 5.61324156934e-07, 2.73770695003e-08, 3.17754533796e-08, 3.00327087643e-07, 3.96726761664e-07, 4.55431774071e-07, 2.95594134059e-07, 5.15586684458e-08, 8.05602411447e-08, 1.70099440311e-07, 2.40029407905e-07, 7.03305317984e-07, 4.4674112587e-07, 8.18006284931e-08, 7.06395582029e-08, 4.78094818845e-07, 5.73909403556e-07, 2.02260835636e-07, 1.08022589984e-07, 5.60216655288e-08, 9.56980770184e-08, 9.89635537962e-08, 1.93743815657e-07, 1.51405231463e-07, 3.80865401439e-07, 4.52172805865e-08, 2.56901966367e-08, 5.0820293751e-08, 8.55879136452e-08, 3.1166010217e-08, 1.91686932993e-08, 4.80636614952e-08, 2.05634886896e-08, 1.5902253736e-08, 2.81098397892e-08, 2.08546211411e-08, 3.49406192868e-08, 2.15249240654e-08, 1.22717960238e-08, 4.86256723775e-09, 1.5420315691e-08, 3.16239057163e-09, 3.75837538868e-09, 5.19540499511e-09, 3.26596905076e-09, 1.19312659752e-09, 1.28449562098e-09, 1.23503840488e-09, 1.32911592843e-09, 1.18514353886e-09, 9.95108995205e-10, 7.83686282535e-10, 8.61749060999e-10, 7.74611319532e-10, 7.90453480448e-10, 1.026439711e-09, 9.96544513576e-10, 6.591890922e-10, 1.01273889275e-09, 9.1651908285e-10, 5.82987602638e-10, 1.30939892262e-09, 8.80758632693e-10, 1.03268937846e-09, 1.03376662786e-09, 1.14991816069e-09, 1.22027243865e-09, 1.30318500435e-09, 1.30163368972e-09, 1.46806000689e-09, 1.38973377251e-09, 1.18750098643e-09, 1.20502818834e-09, 1.09128062142e-09, 1.13191256368e-09, 7.94465992993e-10, 9.37527278033e-10, 8.42318603755e-10, 3.80672798839e-10, 2.2023327606e-10, 1.23424548359e-10, 4.69919242407e-12, 9.78129816726e-12, 4.43630548963e-12, 6.13297661354e-14, 2.8305623565e-14, 3.12007499914e-14, 3.64189201799e-14, 4.13243827449e-14, 2.98866834059e-14, 2.83429099553e-14, 3.92828097254e-14, 3.43533795161e-14, 3.91985163946e-14, 3.6739664452e-14],
        "stdev": [7.41815426863e-07, 2.11425758607e-05, 0.000145322759636, 0.000502291077282, 0.000646884087473, 0.000554680358618, 0.000320771854604, 0.000446922349511, 0.000519416527823, 0.000342759070918, 0.000970313558355, 0.00100462138653, 0.000660785939544, 0.000847622926813, 0.000845713773742, 0.000943102699239, 0.000896164914593, 0.000704623525962, 0.00110479316209, 0.00128695799503, 0.000953221868258, 0.00100890407339, 0.000592302589212, 0.00143831223249, 0.00217306730337, 0.00138575769961, 0.00194988457952, 0.000768896134105, 0.00105203315616, 0.000919472717214, 0.000546646129806, 0.000618884922005, 0.000990944216028, 0.000640822108835, 0.000524689850863, 0.000445594021585, 0.000312383344863, 0.000432707805885, 0.000775020336732, 0.00073957600398, 0.00020119229157, 0.000601401552558, 0.000841808796395, 0.000375517702196, 0.001105550793, 0.000363270402886, 0.000202952433028, 0.000164680168382, 0.000167306061485, 0.000270871561952, 0.000209695048397, 0.000166809622897, 0.000176464411197, 8.24484013719e-05, 4.66773890366e-05, 8.55272082845e-05, 8.29418422654e-05, 8.93376491149e-05, 5.76788443141e-05, 5.9963145759e-05, 9.16300414247e-05, 9.26880238694e-05, 5.57281346119e-05, 3.31336559611e-05, 3.59683763236e-05, 2.30431651289e-05, 2.17778324441e-05, 2.03640593099e-05, 2.0443349058e-05, 1.33944377012e-05, 9.61095429375e-06, 4.17213095716e-06, 3.36669108947e-06, 1.13367980248e-06, 5.84540714499e-07, 3.64600140301e-07, 3.89510631749e-07, 3.08321574494e-07, 1.9885797542e-07, 1.56176341193e-07, 1.21207193615e-07, 8.2525922096e-08, 5.71998555188e-08, 4.67277843086e-08, 2.94277739954e-08, 1.2560776419e-08, 8.38563707362e-09, 5.43205658232e-09, 3.43723205454e-09, 2.91860624557e-09, 3.111830571e-09, 3.84448561874e-09, 3.92484089673e-09, 3.20343152005e-09, 3.35043703892e-09, 4.18845802486e-09, 2.76618505879e-09, 1.82323611764e-09, 1.85932047536e-09, 2.04881089871e-09, 1.55914492428e-09, 1.77282177827e-09, 1.68291491853e-09, 2.12674655664e-09, 1.50202894567e-09, 1.45733280998e-09, 1.61754332151e-09, 1.34386657358e-09, 1.03111097438e-09, 1.02000963231e-09, 1.53478374454e-09, 4.25018520378e-10, 3.08343517386e-10, 2.64118893423e-10, 1.63444230372e-10, 1.42294120931e-10, 1.75572542616e-10, 8.97514909615e-11, 8.70231803285e-11, 8.46994627213e-11, 8.25661830572e-11, 8.06798169939e-11, 7.8997079711e-11, 7.74411576532e-11, 7.6153666706e-11, 7.52412090965e-11, 7.46824338482e-11, 7.42469211112e-11]
    },
    "mfcc": {
        "mean": [-675.616088867, 192.627105713, -90.2271728516, 14.4933700562, -4.98186588287, -21.5787391663, 10.4202346802, -9.37725257874, -4.56183481216, 1.16475582123, 0.123239614069, -6.03888988495, -5.95465946198],
        "cov": [[618.866210938, 140.794937134, -95.1773910522, 170.233703613, -62.5331840515, -5.42735624313, -6.09129333496, 40.0186958313, 75.1871032715, -11.1112957001, -21.0964374542, -62.6078872681, -56.8869857788], [140.794937134, 383.684539795, 193.407989502, -5.4267745018, 49.1037406921, 22.495349884, 50.9278335571, 46.5842704773, 73.9897155762, -12.4067687988, -56.1154098511, -12.00806427, -53.1285095215], [-95.1773910522, 193.407989502, 329.439422607, 54.2780189514, 71.0941772461, 65.5275192261, -18.7033557892, -1.07806324959, 33.6024589539, -41.8147544861, -43.8048248291, 33.4157180786, -13.0589561462], [170.233703613, -5.4267745018, 54.2780189514, 212.910217285, 59.6686325073, -2.25270581245, -73.0648498535, -11.7890815735, 21.9282932281, -25.3045120239, -16.9461688995, 4.12035894394, 6.8127617836], [-62.5331840515, 49.1037406921, 71.0941772461, 59.6686325073, 151.518432617, 32.9641532898, -49.3385810852, -9.55920600891, 13.1984148026, -7.12530088425, -9.9492931366, 22.0931949615, 14.1642179489], [-5.42735624313, 22.495349884, 65.5275192261, -2.25270581245, 32.9641532898, 139.959777832, 60.8304519653, 3.40127277374, 2.97085022926, -15.0828590393, 12.2299795151, 1.54159390926, -10.88788414], [-6.09129333496, 50.9278335571, -18.7033557892, -73.0648498535, -49.3385810852, 60.8304519653, 200.713180542, 76.9717330933, -15.1404933929, 27.8338336945, 25.2662811279, -22.5198516846, -20.7946605682], [40.0186958313, 46.5842704773, -1.07806324959, -11.7890815735, -9.55920600891, 3.40127277374, 76.9717330933, 105.057800293, 52.9329223633, 25.7323379517, 5.53037643433, -23.6931438446, -18.6050186157], [75.1871032715, 73.9897155762, 33.6024589539, 21.9282932281, 13.1984148026, 2.97085022926, -15.1404933929, 52.9329223633, 129.547302246, 31.712310791, -28.3061466217, -9.05856704712, -22.4674739838], [-11.1112957001, -12.4067687988, -41.8147544861, -25.3045120239, -7.12530088425, -15.0828590393, 27.8338336945, 25.7323379517, 31.712310791, 92.1986618042, 56.6117477417, -8.9878616333, -15.0124111176], [-21.0964374542, -56.1154098511, -43.8048248291, -16.9461688995, -9.9492931366, 12.2299795151, 25.2662811279, 5.53037643433, -28.3061466217, 56.6117477417, 122.24243927, 19.1738510132, -15.3091821671], [-62.6078872681, -12.00806427, 33.4157180786, 4.12035894394, 22.0931949615, 1.54159390926, -22.5198516846, -23.6931438446, -9.05856704712, -8.9878616333, 19.1738510132, 86.0994567871, 48.2939147949], [-56.8869857788, -53.1285095215, -13.0589561462, 6.8127617836, 14.1642179489, -10.88788414, -20.7946605682, -18.6050186157, -22.4674739838, -15.0124111176, -15.3091821671, 48.2939147949, 105.792121887]],
        "icov": [[0.0130747230724, -0.0142042879015, 0.0142566543072, -0.0162473749369, 0.0147622628137, -0.0119245890528, 0.0096745248884, -0.00692994985729, 0.00316329416819, -0.00184601498768, 0.00119572505355, -0.000989044667222, 0.00121692544781], [-0.0142042879015, 0.021340675652, -0.0188583638519, 0.0187299791723, -0.0188339576125, 0.0168243478984, -0.0152397705242, 0.0103118233383, -0.00810998864472, 0.00498739583418, -0.00188679166604, 0.00241381721571, 0.000226721022045], [0.0142566543072, -0.0188583638519, 0.0220300517976, -0.0189714934677, 0.0168861988932, -0.017496438697, 0.0140126990154, -0.0104523459449, 0.00661590090021, -0.00389374303631, 0.00433626631275, -0.0054798796773, 0.00297282030806], [-0.0162473749369, 0.0187299791723, -0.0189714934677, 0.0265969373286, -0.0207255389541, 0.0161766186357, -0.0115109207109, 0.0091512715444, -0.00650350051001, 0.00562191242352, -0.00357824354433, 0.00338198430836, -0.00224363338202], [0.0147622628137, -0.0188339576125, 0.0168861988932, -0.0207255389541, 0.0284623429179, -0.0206795670092, 0.0187468193471, -0.0140494732186, 0.0101261651143, -0.00899881310761, 0.00570878898725, -0.00519327679649, 0.00124423555098], [-0.0119245890528, 0.0168243478984, -0.017496438697, 0.0161766186357, -0.0206795670092, 0.0293613560498, -0.0228309966624, 0.0187730267644, -0.015837341547, 0.0147867007181, -0.0112071717158, 0.00770188914612, -0.00296297552995], [0.0096745248884, -0.0152397705242, 0.0140126990154, -0.0115109207109, 0.0187468193471, -0.0228309966624, 0.0289416648448, -0.0244233831763, 0.0191315710545, -0.0146080125123, 0.00971047859639, -0.00695856055245, 0.00312567851506], [-0.00692994985729, 0.0103118233383, -0.0104523459449, 0.0091512715444, -0.0140494732186, 0.0187730267644, -0.0244233831763, 0.0351022593677, -0.0232340171933, 0.0139888683334, -0.0127947013825, 0.0113544194028, -0.00522574409842], [0.00316329416819, -0.00810998864472, 0.00661590090021, -0.00650350051001, 0.0101261651143, -0.015837341547, 0.0191315710545, -0.0232340171933, 0.0306237544864, -0.0220830347389, 0.0178003367037, -0.0116668408737, 0.00682421214879], [-0.00184601498768, 0.00498739583418, -0.00389374303631, 0.00562191242352, -0.00899881310761, 0.0147867007181, -0.0146080125123, 0.0139888683334, -0.0220830347389, 0.0348734483123, -0.0223051421344, 0.0120221367106, -0.00547227682546], [0.00119572505355, -0.00188679166604, 0.00433626631275, -0.00357824354433, 0.00570878898725, -0.0112071717158, 0.00971047859639, -0.0127947013825, 0.0178003367037, -0.0223051421344, 0.0267045535147, -0.0148630142212, 0.00946643017232], [-0.000989044667222, 0.00241381721571, -0.0054798796773, 0.00338198430836, -0.00519327679649, 0.00770188914612, -0.00695856055245, 0.0113544194028, -0.0116668408737, 0.0120221367106, -0.0148630142212, 0.0263530425727, -0.0130495019257], [0.00121692544781, 0.000226721022045, 0.00297282030806, -0.00224363338202, 0.00124423555098, -0.00296297552995, 0.00312567851506, -0.00522574409842, 0.00682421214879, -0.00547227682546, 0.00946643017232, -0.0130495019257, 0.017955718562]]
    },
    "spectral_contrast_coeffs": {
        "max": [-0.337749242783, -0.478536367416, -0.468014746904, -0.532841742039, -0.57689166069, -0.624947190285],
        "mean": [-0.697446465492, -0.71114385128, -0.69134581089, -0.723403394222, -0.717307627201, -0.778094351292],
        "min": [-0.86537861824, -0.92271053791, -0.873445987701, -0.872883021832, -0.84465944767, -0.942705512047],
        "stdev": [0.0661208257079, 0.0771529451013, 0.0679939687252, 0.0541724935174, 0.0433524511755, 0.0318980664015]
    },
    "spectral_contrast_valleys": {
        "max": [-5.81547164917, -5.12363243103, -5.54595422745, -6.02742385864, -6.57274007797, -10.4123220444],
        "mean": [-7.4059252739, -6.49508047104, -6.9709239006, -7.10157585144, -7.78477096558, -12.0353155136],
        "min": [-10.4537086487, -8.38091468811, -9.28650188446, -8.89880180359, -9.75041866302, -12.3374013901],
        "stdev": [0.678544998169, 0.496888428926, 0.551864266396, 0.418593972921, 0.418950587511, 0.116972662508]
    }
},
"rhythm": {
    "beats_count": 81,
    "beats_loudness": {
        "max": 0.0620293207467,
        "mean": 0.0333096012473,
        "min": 0.0022741293069,
        "stdev": 0.0136633524671
    },
    "bpm": 95.98072052,
    "bpm_histogram_first_peak_bpm": 96,
    "bpm_histogram_first_peak_weight": 0.508771955967,
    "bpm_histogram_second_peak_bpm": 123,
    "bpm_histogram_second_peak_spread": 0.416666686535,
    "bpm_histogram_second_peak_weight": 0.0874999985099,
    "danceability": 1.08377695084,
    "onset_rate": 1.640625,
    "beats_loudness_band_ratio": {
        "max": [0.423937827349, 0.674098551273, 0.813007414341, 0.885144293308, 0.7334446311, 0.202627420425],
        "mean": [0.0711356177926, 0.0948550701141, 0.336529403925, 0.311195671558, 0.195469662547, 0.02106240578],
        "min": [0.000522565445863, 0.000697270443197, 0.025756591931, 0.0187889058143, 0.0161305703223, 0.00101568899117],
        "stdev": [0.096522770822, 0.11466152221, 0.220422014594, 0.213416084647, 0.147888824344, 0.0262493491173]
    },
    "beats_position": [0.510838985443, 1.02167797089, 1.53251695633, 2.02013611794, 2.49614500999, 2.97215414047, 3.45977306366, 3.94739222527, 4.43501138687, 4.92263031006, 5.41024923325, 5.88625860214, 6.3622674942, 6.84988641739, 7.32589578629, 7.87156438828, 8.4172334671, 8.99773216248, 9.57823085785, 10.1703395844, 10.7624483109, 11.354557991, 11.9466667175, 12.538775444, 13.1541042328, 13.7810430527, 14.4195919037, 15.0465307236, 15.6734695435, 16.3004074097, 16.9389572144, 17.5658950806, 18.1928348541, 18.8081626892, 19.4351024628, 20.062040329, 20.7121982574, 21.3623580933, 21.9776859283, 22.6046257019, 23.219953537, 23.8468933105, 24.4738311768, 25.1007709503, 25.7160987854, 26.3314285278, 26.9467563629, 27.5736961365, 28.1890239716, 28.8159637451, 29.4429016113, 30.0466213226, 30.6619491577, 31.265668869, 31.8809967041, 32.5079345703, 33.1348762512, 33.7618141174, 34.3887519836, 35.0156898499, 35.6658477783, 36.3160095215, 36.9429473877, 37.5698852539, 38.1968231201, 38.823764801, 39.4507026672, 40.0776405334, 40.7161903381, 41.3547401428, 41.9700660706, 42.6086158752, 43.2355537415, 43.8508834839, 44.4778213501, 45.0931510925, 45.6968688965, 46.3121986389, 46.9507484436, 47.5660743713, 48.1814041138],
