{
"metadata": {
    "version": {
        "essentia": "2.1-beta5",
        "essentia_git_sha": "Undefined",
        "extractor": "music 2.0"
    },
    "audio_properties": {
        "analysis": {
            "equal_loudness": 0,
            "length": 23.7424030304,
            "sample_rate": 44100,
            "start_time": 211.231933594,
            "downmix": "mix"
        },
        "bit_rate": 192000,
        "length": 234.997558594,
        "lossless": 0,
        "number_channels": 2,
        "replay_gain": -0.675550460815,
        "sample_rate": 48000,
        "codec": "mp3",
        "md5_encoded": "fdcdf17c1b079b5036a972243e11136f"
    },
    "tags": {
        "file_name": "Turkey_We Could Be The Same_maNga.mp3",
        "encoding": ["Lavf58.29.100"]
    }
},
"lowlevel": {
    "average_loudness": 0.815993368626,
    "barkbands_crest": {
        "max": 17.8979587555,
        "mean": 6.95948410034,
        "min": 2.39718103409,
        "stdev": 2.64086103439
    },
    "barkbands_flatness_db": {
        "max": 0.247157245874,
        "mean": 0.154195860028,
        "min": 0.0637049898505,
        "stdev": 0.0349626503885
    },
    "barkbands_kurtosis": {
        "max": 18.8042030334,
        "mean": -0.0605378188193,
        "min": -1.7596334219,
        "stdev": 1.33370399475
    },
    "barkbands_skewness": {
        "max": 4.31972885132,
        "mean": 0.465192615986,
        "min": -1.33244144917,
        "stdev": 0.630124568939
    },
    "barkbands_spread": {
        "max": 84.5084533691,
        "mean": 22.8544998169,
        "min": 4.60970067978,
        "stdev": 14.1009702682
    },
    "dissonance": {
        "max": 0.500000059605,
        "mean": 0.486488819122,
        "min": 0.417967945337,
        "stdev": 0.0112046785653
    },
    "dynamic_complexity": 4.50966453552,
    "erbbands_crest": {
        "max": 26.4733352661,
        "mean": 8.08199882507,
        "min": 2.69081377983,
        "stdev": 3.81920194626
    },
    "erbbands_flatness_db": {
        "max": 0.344430297613,
        "mean": 0.233946710825,
        "min": 0.11722959578,
        "stdev": 0.0513910651207
    },
    "erbbands_kurtosis": {
        "max": 10.435880661,
        "mean": 0.34324029088,
        "min": -1.41428482533,
        "stdev": 1.24731707573
    },
    "erbbands_skewness": {
        "max": 1.70506179333,
        "mean": 0.0263336189091,
        "min": -2.1183450222,
        "stdev": 0.667429924011
    },
    "erbbands_spread": {
        "max": 85.3558044434,
        "mean": 24.9389228821,
        "min": 8.09467411041,
        "stdev": 13.646979332
    },
    "hfc": {
        "max": 110.805603027,
        "mean": 22.4489116669,
        "min": 0.000100798766653,
        "stdev": 22.2386131287
    },
    "loudness_ebu128": {
        "integrated": -22.8319320679,
        "loudness_range": 7.26768112183,
        "momentary": {
            "max": -19.4663105011,
            "mean": -24.8015041351,
            "min": -49.0536193848,
            "stdev": 4.94507980347
        },
        "short_term": {
            "max": -20.3537635803,
            "mean": -23.6942977905,
            "min": -32.1569061279,
            "stdev": 3.06162953377
        }
    },
    "melbands_crest": {
        "max": 24.3563575745,
        "mean": 9.43204879761,
        "min": 3.31617212296,
        "stdev": 3.68884420395
    },
    "melbands_flatness_db": {
        "max": 0.283724248409,
        "mean": 0.134201437235,
        "min": 0.0389948375523,
        "stdev": 0.0313815027475
    },
    "melbands_kurtosis": {
        "max": 86.0300140381,
        "mean": 2.39202237129,
        "min": -1.61586022377,
        "stdev": 4.9550538063
    },
    "melbands_skewness": {
        "max": 8.39381694794,
        "mean": 1.20262598991,
        "min": -0.464799672365,
        "stdev": 0.86184668541
    },
    "melbands_spread": {
        "max": 109.202987671,
        "mean": 34.9248809814,
        "min": 5.27499341965,
        "stdev": 19.7166843414
    },
    "pitch_salience": {
        "max": 0.861618101597,
        "mean": 0.681720733643,
        "min": 0.339094281197,
        "stdev": 0.0955209881067
    },
    "silence_rate_20dB": {
        "max": 1,
        "mean": 1,
        "min": 1,
        "stdev": 0
    },
    "silence_rate_30dB": {
        "max": 1,
        "mean": 1,
        "min": 1,
        "stdev": 0
    },
    "silence_rate_60dB": {
        "max": 1,
        "mean": 0.216796875,
        "min": 0,
        "stdev": 0.412061929703
    },
    "spectral_centroid": {
        "max": 3347.1315918,
        "mean": 1980.74743652,
        "min": 963.660949707,
        "stdev": 374.674743652
    },
    "spectral_complexity": {
        "max": 57,
        "mean": 24.224609375,
        "min": 0,
        "stdev": 13.4727478027
    },
    "spectral_decrease": {
        "max": -1.93921891349e-14,
        "mean": -3.71310315828e-09,
        "min": -2.4679748023e-08,
        "stdev": 3.62830432366e-09
    },
    "spectral_energy": {
        "max": 0.0966130793095,
        "mean": 0.0160503219813,
        "min": 8.23332726441e-08,
        "stdev": 0.0153958825395
    },
    "spectral_energyband_high": {
        "max": 0.0125430347398,
        "mean": 0.000955537718255,
        "min": 2.69785216389e-09,
        "stdev": 0.00158072297927
    },
    "spectral_energyband_low": {
        "max": 0.0668346360326,
        "mean": 0.00293567823246,
        "min": 1.7504616423e-08,
        "stdev": 0.00707854190841
    },
    "spectral_energyband_middle_high": {
        "max": 0.0408161915839,
        "mean": 0.00762351648882,
        "min": 4.66107046293e-08,
        "stdev": 0.00749361002818
    },
    "spectral_energyband_middle_low": {
        "max": 0.0440915636718,
        "mean": 0.00512105086818,
        "min": 1.43278766629e-08,
        "stdev": 0.00560744712129
    },
    "spectral_entropy": {
        "max": 8.42881298065,
        "mean": 7.78057193756,
        "min": 7.23921585083,
        "stdev": 0.167537584901
    },
    "spectral_flux": {
        "max": 0.246316254139,
        "mean": 0.0732529908419,
        "min": 0.00119951064698,
        "stdev": 0.0485032461584
    },
    "spectral_kurtosis": {
        "max": 15.0102863312,
        "mean": 3.41432094574,
        "min": -0.707320213318,
        "stdev": 2.50179672241
    },
    "spectral_rms": {
        "max": 0.00970858708024,
        "mean": 0.00346777122468,
        "min": 8.96242909221e-06,
        "stdev": 0.00190614641178
    },
    "spectral_rolloff": {
        "max": 9108.54492188,
        "mean": 2417.35546875,
        "min": 129.19921875,
        "stdev": 951.919494629
    },
    "spectral_skewness": {
        "max": 2.88325190544,
        "mean": 1.1273881197,
        "min": 0.15410092473,
        "stdev": 0.410919547081
    },
    "spectral_spread": {
        "max": 8802725,
        "mean": 3042685.75,
        "min": 1709753.5,
        "stdev": 733727.5625
    },
    "spectral_strongpeak": {
        "max": 9.98251819611,
        "mean": 1.34463095665,
        "min": 0,
        "stdev": 1.88820850849
    },
    "zerocrossingrate": {
        "max": 0.2197265625,
        "mean": 0.0815658569336,
        "min": 0.01708984375,
        "stdev": 0.0207067932934
    },
    "barkbands": {
        "max": [0.00141133868601, 0.0459386520088, 0.0282520130277, 0.00925913918763, 0.0214068312198, 0.0232379622757, 0.0314800404012, 0.0223660040647, 0.0227007679641, 0.0109832901508, 0.00562438648194, 0.014891163446, 0.0189874656498, 0.0191295444965, 0.0296528711915, 0.0167402718216, 0.0143747869879, 0.00391008891165, 0.00391916139051, 0.00389783759601, 0.00229737069458, 0.00356761808507, 0.0049562822096, 0.00603118166327, 0.00152663735207, 4.29407066349e-07, 5.03387809658e-07],
        "mean": [5.03001465404e-05, 0.00156994001009, 0.000871813273989, 0.00074436533032, 0.0010697953403, 0.000792006729171, 0.000475451000966, 0.000736987509299, 0.00101479561999, 0.000756770721637, 0.000584967958275, 0.000487486482598, 0.000547370000277, 0.000835171842482, 0.00160802796017, 0.000863424967974, 0.000988705083728, 0.000408873253036, 0.000512040045578, 0.000368359644199, 0.00026217152481, 0.000194946289412, 0.000172310479684, 0.000123155637993, 1.10647342808e-05, 1.07791142678e-09, 1.19008536359e-09],
        "min": [2.48325582319e-10, 1.01141619524e-08, 3.55422802301e-09, 1.11409248493e-09, 3.77018888331e-10, 2.09300821119e-09, 1.96260807606e-09, 3.18401582877e-10, 6.40767927607e-09, 6.8695076294e-09, 3.96270039005e-09, 5.89329651746e-09, 6.57352572375e-09, 6.95011426188e-09, 8.44097414188e-09, 2.78675837961e-09, 2.39756969833e-09, 1.69804603711e-09, 1.16967924235e-09, 1.39925182552e-09, 4.45570802476e-10, 1.20793941516e-09, 1.44217665587e-10, 3.8745656683e-10, 3.94827434635e-11, 1.91095507474e-11, 2.87207219812e-11],
        "stdev": [0.000130645508762, 0.00452119158581, 0.00242859823629, 0.00130973209161, 0.00181203486864, 0.00186308554839, 0.00147876725532, 0.00175222556572, 0.00163854658604, 0.00100592104718, 0.000751551997382, 0.000938010402024, 0.00117237353697, 0.00180797721259, 0.00323051493615, 0.00160819897428, 0.00157282769214, 0.000529687618837, 0.000664755643811, 0.000471190956887, 0.000325138884364, 0.000326646491885, 0.000460595241748, 0.000510584155563, 7.32943881303e-05, 1.34341950897e-08, 1.57387667343e-08]
    },
    "erbbands": {
        "max": [0.939636349678, 11.9510316849, 32.7333335876, 32.4452056885, 39.8176841736, 97.8917541504, 158.337295532, 232.073532104, 425.368164062, 311.336730957, 602.91027832, 515.859069824, 402.457000732, 246.776657104, 364.424499512, 753.406311035, 818.509216309, 796.645080566, 1857.51855469, 1594.00708008, 777.817016602, 806.944458008, 220.550735474, 243.686294556, 249.77015686, 222.303894043, 81.7738189697, 98.8914794922, 129.302032471, 147.828689575, 133.391448975, 125.547637939, 140.327453613, 25.144241333, 0.609837114811, 0.0317962169647, 0.00359104410745, 0.000647590728477, 0.00018524711777, 0.000113857728138],
        "mean": [0.0336666554213, 0.390764206648, 0.990603268147, 2.04382395744, 2.73841714859, 3.62783694267, 5.33336257935, 6.52909851074, 6.97129201889, 8.74704742432, 19.4967384338, 24.3158969879, 24.3079051971, 22.4873104095, 23.7776165009, 21.8735084534, 25.1414699554, 33.7647171021, 79.1741333008, 72.5514907837, 47.6477661133, 49.9286155701, 27.0755271912, 24.7130718231, 23.6167984009, 17.6173171997, 13.2429685593, 8.77970600128, 6.88561296463, 5.99120664597, 4.93678617477, 2.30093574524, 2.19922304153, 0.339186280966, 0.00850444473326, 0.000513369683176, 7.53780623199e-05, 1.82135318028e-05, 1.4006361198e-05, 2.18747318286e-05],
        "min": [3.77090117354e-07, 1.96781934392e-06, 4.26508950113e-06, 4.18237505073e-06, 2.0535803742e-06, 1.11585325158e-06, 3.72924432668e-06, 2.26625925279e-05, 3.30069706251e-05, 1.64761386259e-05, 1.90107712115e-05, 0.000138703922858, 0.000193660293007, 0.000268264557235, 0.000107726882561, 0.000271567085292, 0.000328041729517, 0.000282915949356, 0.000525317911524, 0.000328555761371, 0.000115036746138, 0.000124712241814, 0.000109751417767, 4.80210983369e-05, 7.56080189603e-05, 7.38042508601e-05, 2.43057766056e-05, 1.99395799427e-05, 5.36439038115e-05, 1.24704702102e-05, 3.31100068252e-06, 6.20985929345e-06, 6.19478441877e-06, 8.28188490232e-07, 1.74057490199e-07, 7.75369386474e-08, 3.60107961228e-08, 1.46544438806e-08, 4.17294732102e-09, 5.18745768563e-10],
        "stdev": [0.089885532856, 1.16397166252, 2.90149068832, 3.74169659615, 4.31152534485, 7.32662534714, 11.2166109085, 17.5732135773, 20.8934307098, 21.9588108063, 46.2465820312, 37.7335624695, 35.1683921814, 24.066652298, 31.765750885, 42.064666748, 50.539768219, 60.16771698, 162.431777954, 154.119094849, 70.7768249512, 79.4202575684, 31.788684845, 32.8360710144, 32.2209205627, 22.791097641, 16.1403522491, 11.9163942337, 10.7695627213, 13.8943777084, 13.267616272, 7.80459022522, 10.699131012, 1.74704813957, 0.0422049835324, 0.00227384152822, 0.000268461502856, 5.16507207067e-05, 1.83280353667e-05, 2.13003022509e-05]
    },
    "gfcc": {
        "mean": [-61.331325531, 100.470863342, -209.043258667, 40.5244941711, -79.2484207153, 12.6309347153, -29.5692272186, -8.14659690857, -0.0412996709347, -26.4641246796, 0.433700203896, -23.42927742, 6.18964767456],
        "cov": [[9354.07910156, 936.869384766, 2297.05273438, 2608.69213867, 550.63885498, 182.251541138, -326.856750488, -2.05276870728, 167.963409424, 275.246154785, 103.041954041, -11.3472690582, -118.411582947], [936.869384766, 362.901428223, 382.194763184, 405.812408447, 149.645614624, -5.70144176483, 5.9273443222, -10.7614784241, 40.3780708313, 47.112197876, 9.61303806305, -12.5108327866, -8.89814758301], [2297.05273438, 382.194763184, 1284.43469238, 1171.06567383, 222.942977905, 171.757873535, -95.4231185913, 99.1309127808, 32.9706878662, 181.271957397, 28.7946376801, 35.0139884949, -37.5585823059], [2608.69213867, 405.812408447, 1171.06567383, 1238.28015137, 270.857635498, 122.573204041, -86.063949585, 66.0079193115, 58.6298980713, 176.146987915, 31.7497310638, 23.9075088501, -38.7506408691], [550.63885498, 149.645614624, 222.942977905, 270.857635498, 164.974578857, 47.662361145, 5.79851198196, 11.9721269608, 34.7571182251, 40.5986099243, 2.17383575439, 1.28771114349, -5.10005283356], [182.251541138, -5.70144176483, 171.757873535, 122.573204041, 47.662361145, 131.494216919, 31.0466156006, 43.0597000122, -1.61895859241, 31.3231716156, 13.0701532364, 7.88677978516, -12.3218421936], [-326.856750488, 5.9273443222, -95.4231185913, -86.063949585, 5.79851198196, 31.0466156006, 109.764328003, 21.4016647339, -4.10258960724, -12.2514190674, 11.4172964096, 1.92926323414, -8.16472244263], [-2.05276870728, -10.7614784241, 99.1309127808, 66.0079193115, 11.9721269608, 43.0597000122, 21.4016647339, 71.1196517944, 13.2452573776, 23.9908504486, 9.0612411499, 6.66160440445, -1.09922659397], [167.963409424, 40.3780708313, 32.9706878662, 58.6298980713, 34.7571182251, -1.61895859241, -4.10258960724, 13.2452573776, 69.8681030273, 27.1068668365, -0.73594725132, 0.0730866789818, -7.60707426071], [275.246154785, 47.112197876, 181.271957397, 176.146987915, 40.5986099243, 31.3231716156, -12.2514190674, 23.9908504486, 27.1068668365, 77.2940444946, 26.334274292, 8.20767688751, -4.33960819244], [103.041954041, 9.61303806305, 28.7946376801, 31.7497310638, 2.17383575439, 13.0701532364, 11.4172964096, 9.0612411499, -0.73594725132, 26.334274292, 47.5779457092, 23.5989952087, 0.590544641018], [-11.3472690582, -12.5108327866, 35.0139884949, 23.9075088501, 1.28771114349, 7.88677978516, 1.92926323414, 6.66160440445, 0.0730866789818, 8.20767688751, 23.5989952087, 46.338809967, 15.5596227646], [-118.411582947, -8.89814758301, -37.5585823059, -38.7506408691, -5.10005283356, -12.3218421936, -8.16472244263, -1.09922659397, -7.60707426071, -4.33960819244, 0.590544641018, 15.5596227646, 40.6031608582]],
        "icov": [[0.000396859977627, -5.63144240004e-05, 0.000155468689627, -0.00111026270315, 0.000203759977012, -0.000466921424959, 0.000774299784098, 0.000572904769797, -0.000915869488381, 0.0016469238326, -0.00191239197738, 0.00123247713782, -0.000155715548317], [-5.63144240004e-05, 0.0155255962163, -0.0120942685753, 0.00501726102084, -0.0099696656689, 0.0117141744122, -0.0115573564544, 0.0115713309497, -0.00961821805686, 0.00868026539683, -0.0145467482507, 0.0171011742204, -0.0100850351155], [0.000155468689627, -0.0120942685753, 0.0191423930228, -0.012624181807, 0.0100100943819, -0.0132087590173, 0.0123070897534, -0.0130854407325, 0.0113926688209, -0.0102350218222, 0.0162000115961, -0.0178070422262, 0.010459962301], [-0.00111026270315, 0.00501726102084, -0.012624181807, 0.0140221081674, -0.0084869293496, 0.0084897922352, -0.00664082122967, 0.00453780638054, -0.00252198032103, -0.00166100461502, -0.00277323857881, 0.00431879796088, -0.00240042223595], [0.000203759977012, -0.0099696656689, 0.0100100943819, -0.0084869293496, 0.0193271543831, -0.0117856888101, 0.00509320572019, -0.00422509852797, 0.0011456371285, -0.00485763838515, 0.0103424545377, -0.00917389243841, 0.00239056930877], [-0.000466921424959, 0.0117141744122, -0.0132087590173, 0.0084897922352, -0.0117856888101, 0.0234570298344, -0.012991245836, 0.00385273806751, -0.00311476038769, 0.00243888213299, -0.00912268087268, 0.0105356527492, -0.00400792434812], [0.000774299784098, -0.0115573564544, 0.0123070897534, -0.00664082122967, 0.00509320572019, -0.012991245836, 0.0243963804096, -0.0133623275906, 0.00736672710627, -0.000847033050377, 0.00384509842843, -0.0115710906684, 0.0116809457541], [0.000572904769797, 0.0115713309497, -0.0130854407325, 0.00453780638054, -0.00422509852797, 0.00385273806751, -0.0133623275906, 0.0326455906034, -0.0150192528963, 0.00759149249643, -0.0152401784435, 0.016942884773, -0.013005127199], [-0.000915869488381, -0.00961821805686, 0.0113926688209, -0.00252198032103, 0.0011456371285, -0.00311476038769, 0.00736672710627, -0.0150192528963, 0.0315623506904, -0.0212034936994, 0.0229469966143, -0.020759249106, 0.0148946121335], [0.0016469238326, 0.00868026539683, -0.0102350218222, -0.00166100461502, -0.00485763838515, 0.00243888213299, -0.000847033050377, 0.00759149249643, -0.0212034936994, 0.0455132387578, -0.0376303531229, 0.0253159552813, -0.0124445902184], [-0.00191239197738, -0.0145467482507, 0.0162000115961, -0.00277323857881, 0.0103424545377, -0.00912268087268, 0.00384509842843, -0.0152401784435, 0.0229469966143, -0.0376303531229, 0.0682148933411, -0.0466050058603, 0.0196095015854], [0.00123247713782, 0.0171011742204, -0.0178070422262, 0.00431879796088, -0.00917389243841, 0.0105356527492, -0.0115710906684, 0.016942884773, -0.020759249106, 0.0253159552813, -0.0466050058603, 0.0634770542383, -0.0296620894223], [-0.000155715548317, -0.0100850351155, 0.010459962301, -0.00240042223595, 0.00239056930877, -0.00400792434812, 0.0116809457541, -0.013005127199, 0.0148946121335, -0.0124445902184, 0.0196095015854, -0.0296620894223, 0.0429720319808]]
    },
    "melbands": {
        "max": [0.0105173038319, 0.0153698828071, 0.00515630608425, 0.0038968087174, 0.00458095921203, 0.00503822043538, 0.00668352283537, 0.00389715866186, 0.00497397128493, 0.00369194056839, 0.00197017425671, 0.00123759685084, 0.00097970222123, 0.00154335401021, 0.00199978100136, 0.000973182322923, 0.00186612829566, 0.00305530591868, 0.00200089858845, 0.0015950378729, 0.0011433273321, 0.00110493530519, 0.000609504757449, 0.000185573764611, 0.000214097162825, 0.000216404383536, 0.000164855620824, 0.000187922472833, 6.635284808e-05, 6.9290290412e-05, 7.10270978743e-05, 8.59211650095e-05, 5.91852003708e-05, 9.28064619075e-05, 9.25908170757e-05, 4.01410106861e-05, 0.000101979756437, 0.000111606357677, 8.62871529534e-05, 3.57940575668e-06],
        "mean": [0.00038043706445, 0.000534710707143, 0.00036209000973, 0.000226259115152, 0.000184219592484, 0.000147657090565, 0.000104617640318, 0.00010248253966, 0.000169289807673, 0.000148219143739, 0.00011900854588, 8.96436758921e-05, 8.02508584457e-05, 6.15420285612e-05, 5.48656171304e-05, 4.98239569424e-05, 6.35963515379e-05, 0.0001281703735, 0.000104161648778, 7.80861810199e-05, 5.46123592358e-05, 5.61413544347e-05, 3.51628114004e-05, 1.7694901544e-05, 2.00252361537e-05, 1.91750987142e-05, 1.35776708703e-05, 1.13105661512e-05, 8.97057998372e-06, 6.17670775682e-06, 4.7108619583e-06, 3.95826737076e-06, 3.57717749466e-06, 3.24420216202e-06, 3.23663812196e-06, 1.65536187069e-06, 1.31601416342e-06, 1.61145510447e-06, 1.1016835515e-06, 3.37605108314e-08],
        "min": [3.16068926587e-09, 2.31716446031e-09, 6.61609322883e-10, 9.21560605605e-11, 1.13353999798e-10, 5.00779473445e-10, 4.82310080763e-10, 1.43342102077e-10, 2.23243479258e-10, 9.62716462105e-10, 9.48473410922e-10, 1.08657749465e-09, 4.20678547552e-10, 5.43803668762e-10, 7.92780785464e-10, 6.07917161055e-10, 5.1395027123e-10, 8.99823660028e-10, 5.2929399752e-10, 2.88434276463e-10, 1.11893348753e-10, 1.13256168333e-10, 1.6055318186e-10, 6.58999729786e-11, 3.00624976302e-11, 6.18561035726e-11, 5.30936197785e-11, 4.42984468552e-11, 1.2226250394e-11, 1.51687308547e-11, 1.00211063406e-11, 3.90199365874e-11, 1.32408736753e-11, 4.24642786212e-12, 1.82857591915e-12, 1.48844304937e-12, 5.27384603002e-12, 5.96273898312e-12, 1.61735653082e-12, 3.23555391464e-13],
        "stdev": [0.00105366052594, 0.00149103545118, 0.00059946719557, 0.000384645478334, 0.000367164873751, 0.000375026051188, 0.000315363635309, 0.000251679390203, 0.000399577256758, 0.000230710124015, 0.000176634042873, 0.000103992002551, 0.000108048327093, 0.000109302680357, 0.000126483151689, 8.69998621056e-05, 0.000134949121275, 0.000274981255643, 0.000221756854444, 0.000162785683642, 8.54768513818e-05, 9.83595455182e-05, 5.19150817127e-05, 2.24845789489e-05, 2.85262904072e-05, 2.87355287583e-05, 1.75041495822e-05, 1.60318213602e-05, 1.15021193778e-05, 8.26411815069e-06, 6.89618627803e-06, 6.32375531495e-06, 6.76597073834e-06, 8.50979358802e-06, 9.27225210035e-06, 3.98938436774e-06, 5.6014960137e-06, 7.94865445641e-06, 5.84192457609e-06, 2.00014213192e-07]
    },
    "melbands128": {
        "max": [0.00136446545366, 0.00523781171069, 0.0166806895286, 0.0216736290604, 0.0189243964851, 0.0126085374504, 0.00717196799815, 0.00379661493935, 0.00455127609894, 0.00415189564228, 0.00636042561382, 0.00602400489151, 0.00531471660361, 0.00984318647534, 0.0079419799149, 0.00800030678511, 0.00589941162616, 0.0107752988115, 0.00649094814435, 0.00535690970719, 0.00775180570781, 0.00560225406662, 0.00915063917637, 0.0093214167282, 0.0036738703493, 0.00683041429147, 0.00373671925627, 0.0033776469063, 0.00312249106355, 0.00194989528973, 0.00185082422104, 0.00111275305972, 0.00156377407257, 0.00205984292552, 0.00241452106275, 0.00285591324791, 0.00471302494407, 0.00126440322492, 0.00533855240792, 0.00203116913326, 0.00173933862243, 0.00119966373313, 0.00162365694996, 0.00548875611275, 0.00293742190115, 0.00648127123713, 0.00307513144799, 0.00451573869213, 0.00376703869551, 0.0047302050516, 0.00303459074348, 0.00159108487424, 0.00161801767536, 0.00138386746403, 0.00214407290332, 0.00192643923219, 0.00177382736001, 0.00167685048655, 0.000303060369333, 0.000269092532108, 0.000283981731627, 0.00024398577807, 0.000633078918327, 0.000233181635849, 0.000403398298658, 0.000340399390552, 0.00043049181113, 0.000261749868514, 0.000205958800507, 0.000213720064494, 0.000246819370659, 0.000247332907747, 0.000194558044313, 8.90071969479e-05, 9.20798047446e-05, 8.87459318619e-05, 8.02645154181e-05, 6.38019191683e-05, 4.62745738332e-05, 0.000154102934175, 0.000105942301161, 7.96438907855e-05, 7.22038166714e-05, 8.70137228048e-05, 0.000101789621112, 9.16622884688e-05, 0.000120995900943, 0.00021427203319, 0.000129165666294, 6.93166002748e-05, 7.65289878473e-05, 3.27989837388e-05, 4.21338336309e-05, 0.000154403736815, 0.000154417371959, 9.12215764401e-05, 0.000198018329684, 0.000169288861798, 0.0001301713055, 5.73052784603e-05, 4.13386118225e-07, 5.60732793531e-08, 6.31837027143e-09, 2.61485455511e-09, 2.69257860452e-09, 2.72980438254e-09, 2.77784617531e-09, 2.83310508387e-09, 2.78385359209e-09, 2.73386935312e-09, 2.68740851794e-09, 2.63541544143e-09, 2.57785703894e-09, 2.5261370773e-09, 2.50028087123e-09, 2.43901565611e-09, 2.35251973457e-09, 2.32439112402e-09, 2.26669683023e-09, 2.22324536558e-09, 2.16863060842e-09, 2.1313764087e-09, 2.08669126422e-09, 2.05602446179e-09, 2.0812411794e-09, 2.05409511622e-09, 2.02572247865e-09, 2.01608552075e-09],
        "mean": [3.96307877963e-05, 0.000201539965929, 0.000543114845641, 0.000687620427925, 0.000532745965756, 0.000427021470387, 0.000443769065896, 0.000324714841554, 0.000272499397397, 0.000226674674195, 0.000194860447664, 0.000185506534763, 0.000185980941751, 0.000177325026016, 0.000154448483954, 0.000130067739519, 0.000113698115456, 0.000105372477265, 8.5650550318e-05, 9.19941085158e-05, 0.000105417959276, 0.000141647964483, 0.000196334774955, 0.000165517820278, 0.000178412738023, 0.00012071893434, 0.000125668768305, 0.000133610723424, 9.54588977038e-05, 9.99651529128e-05, 8.2610102254e-05, 7.97319808044e-05, 8.71425436344e-05, 7.86163800512e-05, 5.57935491088e-05, 6.40237121843e-05, 5.90920171817e-05, 3.66098538507e-05, 7.67485762481e-05, 5.17097578268e-05, 4.51140658697e-05, 4.08813029935e-05, 4.68170765089e-05, 8.52275188663e-05, 0.000101592479041, 0.000166378740687, 0.000123796533444, 8.05064337328e-05, 0.000109381857328, 0.000114021793706, 7.22346158e-05, 4.5793105528e-05, 4.37192356912e-05, 5.82405591558e-05, 7.86538294051e-05, 4.88309415232e-05, 4.5378204959e-05, 4.85545497213e-05, 2.69047995971e-05, 2.13403764064e-05, 1.60226300068e-05, 1.30077032736e-05, 2.38626926148e-05, 1.98806701519e-05, 1.96435357793e-05, 1.92866900761e-05, 2.02065839403e-05, 1.3675739865e-05, 1.24833459267e-05, 1.24609523482e-05, 1.0724207641e-05, 1.18957887025e-05, 9.63212642091e-06, 8.71042266226e-06, 7.45825536796e-06, 6.73668273521e-06, 5.29123781234e-06, 5.18694378115e-06, 4.41156089437e-06, 4.57192936665e-06, 4.27870645581e-06, 3.40384212905e-06, 3.73493867301e-06, 3.61930187864e-06, 3.66113749806e-06, 2.80433437183e-06, 3.34414608005e-06, 3.55926272277e-06, 3.46958609043e-06, 2.9296907087e-06, 1.95375378098e-06, 1.22658752844e-06, 1.20286597394e-06, 1.29439604279e-06, 1.45471142332e-06, 1.30878970594e-06, 1.76867035862e-06, 1.8503424144e-06, 1.49911068092e-06, 4.78082824884e-07, 3.91690191393e-09, 8.82323242246e-11, 2.05759125016e-11, 8.48638086887e-12, 8.29563761434e-12, 8.93583991524e-12, 8.66089491791e-12, 7.55415868747e-12, 7.33706064654e-12, 7.03120200951e-12, 6.7719232999e-12, 6.60774950381e-12, 6.33278455717e-12, 6.13462622714e-12, 5.98869868626e-12, 5.84001987394e-12, 5.67870186638e-12, 5.57079339256e-12, 5.46644847443e-12, 5.34516745102e-12, 5.20082197794e-12, 5.109165261e-12, 5.04440152843e-12, 4.92950168532e-12, 4.72393174925e-12, 4.32187358818e-12, 4.08809748206e-12, 4.04020263425e-12],
        "min": [3.78713336732e-12, 1.23526217033e-10, 2.39141439984e-09, 3.20700088707e-09, 2.46405784665e-09, 1.60153401652e-09, 9.03408903241e-10, 4.49241699396e-10, 1.72109118624e-10, 5.20213212785e-11, 5.31616660415e-11, 6.78868211645e-11, 7.84907555618e-11, 2.17561593741e-10, 4.93502849697e-10, 6.77755407352e-10, 6.37346675436e-10, 4.59647958584e-10, 2.84924223104e-10, 1.69164862673e-10, 8.11920669586e-11, 2.2034707392e-11, 1.19538684507e-10, 5.37698774394e-10, 9.29093080249e-10, 1.09371423029e-09, 1.20795629055e-09, 9.43442324264e-10, 6.49564679822e-10, 1.09915043733e-09, 1.34558297837e-09, 9.03274122166e-10, 3.00570290879e-10, 7.89713433536e-11, 3.50239615088e-10, 6.95657198513e-10, 8.52423798214e-10, 8.09902311882e-10, 7.084770548e-10, 8.6712070857e-10, 6.06813099768e-10, 1.96841529188e-10, 4.96300778252e-10, 6.24076013089e-10, 7.78385578215e-10, 1.2458976073e-09, 6.69801214492e-10, 3.89829335479e-10, 5.95953120186e-10, 4.33202140826e-10, 2.88146201344e-10, 6.63314472793e-11, 1.1286931112e-10, 1.20379456403e-10, 1.3025888701e-10, 7.17362280689e-11, 1.20749896193e-10, 2.55801102522e-10, 1.32925531693e-10, 6.56224519169e-11, 7.98758975629e-11, 4.93324131545e-11, 3.26398179318e-11, 1.56297735171e-11, 3.81556591877e-11, 8.29313631656e-11, 7.10788997105e-11, 2.17839617872e-11, 4.61229839044e-11, 9.97709692641e-11, 4.61325110057e-11, 2.00750492618e-11, 1.34971461091e-11, 8.21568681142e-12, 1.2144452978e-11, 2.66320177716e-11, 9.07437146258e-12, 1.86368737283e-12, 6.83229861576e-12, 1.69076107281e-11, 5.56546059238e-11, 4.52617422708e-11, 9.97391145369e-12, 1.79743494394e-11, 4.79950497748e-12, 4.26309638632e-12, 5.04565052933e-12, 2.66797217999e-12, 1.36454009984e-12, 1.29603088244e-12, 1.04607414311e-12, 1.33063482108e-12, 2.66328539084e-12, 2.26314778549e-12, 9.44342000431e-12, 1.08269816723e-11, 3.5816269655e-12, 2.23597681169e-12, 2.05464703411e-12, 9.66533710706e-13, 2.97534186958e-13, 2.96829835017e-13, 1.92441277757e-13, 3.1084005812e-13, 2.05850310755e-13, 7.24561537613e-14, 9.44748023302e-14, 1.29902246728e-13, 1.25999471273e-13, 1.6783904995e-13, 1.19614130341e-13, 1.11637485551e-13, 1.29435416378e-13, 8.74488740969e-14, 1.13469123149e-13, 8.43905023987e-14, 1.52614371336e-13, 1.2415268195e-13, 5.66749406195e-14, 1.21182903122e-13, 1.75150922954e-13, 1.22378019177e-13, 1.42726840546e-13, 1.13190869438e-13, 1.30634435561e-13, 8.25608095886e-14, 1.36185474451e-14, 6.00982263934e-16],
        "stdev": [0.000105664992589, 0.000535531784408, 0.00156726955902, 0.00212263944559, 0.00173566595186, 0.00110283598769, 0.000869342416991, 0.000568190240301, 0.000490383245051, 0.000456473353552, 0.000470205501188, 0.000409321975894, 0.000431092339568, 0.000533846323378, 0.000518528744578, 0.000399159907829, 0.000352268398274, 0.000442090764409, 0.000322879379382, 0.000303120206809, 0.000348381872755, 0.000380685145501, 0.000641017453745, 0.000459001748823, 0.000335912802257, 0.000286554772174, 0.0002739270858, 0.000260250089923, 0.000202105351491, 0.000160126233823, 0.000114399656013, 0.000116315015475, 0.000155398854986, 0.00014568210463, 0.000128007246531, 0.00015147907834, 0.000204007825232, 9.49726963881e-05, 0.0002853803162, 0.000119167110824, 0.000110848370241, 0.000105911138235, 0.000107367202872, 0.000301287247567, 0.000302970205666, 0.000493698637001, 0.000349501147866, 0.000289222167339, 0.000358903314918, 0.000348582339939, 0.000199771326152, 0.000107893327367, 9.85624210443e-05, 0.000108946413093, 0.000202106195502, 0.00012832142238, 0.000109751155833, 0.000106197985588, 4.09113417845e-05, 3.25206201524e-05, 2.54368005699e-05, 1.95392130991e-05, 5.19867062394e-05, 3.10366667691e-05, 3.59714395017e-05, 3.68075270671e-05, 4.10362481489e-05, 2.13691964746e-05, 1.97731242224e-05, 1.9691311536e-05, 1.90590781131e-05, 2.17330070882e-05, 1.5792402337e-05, 1.28813089759e-05, 1.09645334305e-05, 1.00425331766e-05, 8.74832312547e-06, 7.97764096205e-06, 6.24811082162e-06, 1.02814819911e-05, 7.36740366847e-06, 5.77949595026e-06, 7.09270398147e-06, 7.21911146684e-06, 8.75236128195e-06, 7.41674330129e-06, 1.01116293081e-05, 1.20886052173e-05, 1.10916544145e-05, 7.51448624214e-06, 5.2422024055e-06, 2.9801663004e-06, 3.13942791763e-06, 6.75419778418e-06, 7.48660522731e-06, 6.09590415479e-06, 1.03520251287e-05, 1.0811851098e-05, 8.04953651823e-06, 2.93905031867e-06, 2.38540991404e-08, 1.82414461314e-09, 2.72384836908e-10, 8.22299867087e-11, 8.49330536457e-11, 8.69639638079e-11, 8.81414663478e-11, 8.87259155036e-11, 8.71863414798e-11, 8.55591153481e-11, 8.40809366576e-11, 8.24447662917e-11, 8.06317582147e-11, 7.90077933632e-11, 7.81899267555e-11, 7.62702540014e-11, 7.35643004846e-11, 7.2677357188e-11, 7.0871281066e-11, 6.95099880432e-11, 6.78020417588e-11, 6.66361479884e-11, 6.52375237165e-11, 6.42790265459e-11, 6.50669726432e-11, 6.42294134545e-11, 6.33488053681e-11, 6.30478586006e-11]
    },
    "mfcc": {
        "mean": [-659.276123047, 98.3385391235, -56.0443077087, 8.74416446686, -17.853635788, 4.59295463562, -15.109082222, 9.54348278046, -4.37243413925, 10.2523984909, -13.3242511749, 0.882255256176, -10.7852430344],
        "cov": [[8496.01660156, -29.6554470062, 1927.75183105, 2075.29760742, 1083.07641602, 618.449157715, -27.2529983521, 4.98374843597, -10.4594917297, 98.5037918091, 224.435653687, 128.650680542, 168.729064941], [-29.6554470062, 214.154083252, -83.4668579102, 15.8800916672, -11.0703144073, 5.40983247757, -7.30343675613, -4.02790355682, 7.02318525314, 4.11180925369, -9.36065292358, -6.75709629059, -3.17902636528], [1927.75183105, -83.4668579102, 1175.48583984, 892.471862793, 497.461456299, 256.300598145, 102.356880188, 7.24360370636, 62.5046577454, 41.4482688904, 130.607467651, 86.9422836304, 76.1836700439], [2075.29760742, 15.8800916672, 892.471862793, 954.141967773, 460.100402832, 247.066925049, 49.6293792725, -2.23773312569, 53.0118675232, 51.7907829285, 103.516242981, 75.3453445435, 60.7441139221], [1083.07641602, -11.0703144073, 497.461456299, 460.100402832, 333.231506348, 147.498825073, 26.9695148468, -5.35104036331, 47.4584884644, 33.1272163391, 60.4995079041, 25.6410751343, 46.6456298828], [618.449157715, 5.40983247757, 256.300598145, 247.066925049, 147.498825073, 144.08026123, 40.4825973511, 19.7233943939, 17.2072029114, 32.1347389221, 42.010723114, 23.2148075104, 16.5377197266], [-27.2529983521, -7.30343675613, 102.356880188, 49.6293792725, 26.9695148468, 40.4825973511, 115.669837952, 29.2449512482, 15.5134868622, -2.8344476223, 30.3809890747, 14.5613880157, -0.192431166768], [4.98374843597, -4.02790355682, 7.24360370636, -2.23773312569, -5.35104036331, 19.7233943939, 29.2449512482, 69.2687988281, 12.9719018936, 6.63369607925, 5.31818962097, 13.6577224731, 4.81400203705], [-10.4594917297, 7.02318525314, 62.5046577454, 53.0118675232, 47.4584884644, 17.2072029114, 15.5134868622, 12.9719018936, 59.5039367676, 17.9081420898, 12.4171514511, 5.94528007507, 6.0992064476], [98.5037918091, 4.11180925369, 41.4482688904, 51.7907829285, 33.1272163391, 32.1347389221, -2.8344476223, 6.63369607925, 17.9081420898, 58.6730575562, 23.5864696503, 8.63337612152, 6.69483327866], [224.435653687, -9.36065292358, 130.607467651, 103.516242981, 60.4995079041, 42.010723114, 30.3809890747, 5.31818962097, 12.4171514511, 23.5864696503, 71.2148284912, 23.1461658478, 10.2339982986], [128.650680542, -6.75709629059, 86.9422836304, 75.3453445435, 25.6410751343, 23.2148075104, 14.5613880157, 13.6577224731, 5.94528007507, 8.63337612152, 23.1461658478, 58.8262023926, 11.1251678467], [168.729064941, -3.17902636528, 76.1836700439, 60.7441139221, 46.6456298828, 16.5377197266, -0.192431166768, 4.81400203705, 6.0992064476, 6.69483327866, 10.2339982986, 11.1251678467, 59.5697059631]],
        "icov": [[0.000309834402287, 6.92525645718e-05, 3.61221318599e-05, -0.000545767426956, -0.00027780016535, -0.0003537813609, 0.000491393147968, -0.000339949008776, 0.000745520112105, 0.00018898381677, -0.00022065914527, 0.000199611880817, -0.000115704482596], [6.92525645718e-05, 0.00554515514523, 0.0016304361634, -0.00170783442445, 0.000463376869448, -0.000999116105959, -0.000226953561651, 0.00061981525505, -0.00112940580584, 0.000274223217275, 0.000282388820779, 0.000410094216932, -0.000420466298237], [3.61221318599e-05, 0.0016304361634, 0.0043310476467, -0.0027769622393, -0.00220962800086, -0.000177976646228, -0.00158522312995, 0.000325599656207, -4.26080405305e-05, 0.00113783881534, -0.00112208724022, -0.000970135966782, -0.000723920355085], [-0.000545767426956, -0.00170783442445, -0.0027769622393, 0.00644893897697, -0.00254232482985, -0.00108312012162, 0.000364305713447, 0.000866810441948, -0.000494385545608, -0.00065884378273, 0.000668578373734, -0.00223473319784, 0.00107983406633], [-0.00027780016535, 0.000463376869448, -0.00220962800086, -0.00254232482985, 0.0141829559579, -0.00520692905411, 0.001507707173, 0.00285988696851, -0.00644334219396, 0.00110038137063, -0.00104188511614, 0.00360149284825, -0.00361420004629], [-0.0003537813609, -0.000999116105959, -0.000177976646228, -0.00108312012162, -0.00520692905411, 0.0187001898885, -0.00440581003204, -0.00402921345085, 0.00384074728936, -0.00657253619283, -0.000150653984747, -0.000506757234689, 0.00194387324154], [0.000491393147968, -0.000226953561651, -0.00158522312995, 0.000364305713447, 0.001507707173, -0.00440581003204, 0.0139557393268, -0.00436059851199, -0.00179383973591, 0.00516695529222, -0.00529679609463, 0.000719617353752, 0.00107046158519], [-0.000339949008776, 0.00061981525505, 0.000325599656207, 0.000866810441948, 0.00285988696851, -0.00402921345085, -0.00436059851199, 0.0194448381662, -0.00510096084327, -0.000883171218447, 0.00235384819098, -0.00375371635891, -0.00209245970473], [0.000745520112105, -0.00112940580584, -4.26080405305e-05, -0.000494385545608, -0.00644334219396, 0.00384074728936, -0.00179383973591, -0.00510096084327, 0.0249698441476, -0.00654008472338, 0.000340005673934, -9.4259821708e-06, 0.000894026889], [0.00018898381677, 0.000274223217275, 0.00113783881534, -0.00065884378273, 0.00110038137063, -0.00657253619283, 0.00516695529222, -0.000883171218447, -0.00654008472338, 0.0251066852361, -0.00794743653387, 0.000124925369164, -0.00106292322744], [-0.00022065914527, 0.000282388820779, -0.00112208724022, 0.000668578373734, -0.00104188511614, -0.000150653984747, -0.00529679609463, 0.00235384819098, 0.000340005673934, -0.00794743653387, 0.0232616830617, -0.0054095108062, -8.39905042085e-05], [0.000199611880817, 0.000410094216932, -0.000970135966782, -0.00223473319784, 0.00360149284825, -0.000506757234689, 0.000719617353752, -0.00375371635891, -9.4259821708e-06, 0.000124925369164, -0.0054095108062, 0.0228607635945, -0.0027509520296], [-0.000115704482596, -0.000420466298237, -0.000723920355085, 0.00107983406633, -0.00361420004629, 0.00194387324154, 0.00107046158519, -0.00209245970473, 0.000894026889, -0.00106292322744, -8.39905042085e-05, -0.0027509520296, 0.0199361313134]]
    },
    "spectral_contrast_coeffs": {
        "max": [-0.453947126865, -0.568624019623, -0.616347968578, -0.603640198708, -0.64488953352, -0.576675474644],
        "mean": [-0.730718076229, -0.790368556976, -0.796231508255, -0.800998926163, -0.797929227352, -0.694265067577],
        "min": [-0.933792471886, -0.950566649437, -0.941110491753, -0.949449956417, -0.903289556503, -0.862865686417],
        "stdev": [0.0570871196687, 0.0604215450585, 0.0452743284404, 0.0607633963227, 0.0340791083872, 0.038714710623]
    },
    "spectral_contrast_valleys": {
        "max": [-5.04153871536, -5.0866394043, -5.50567579269, -5.80763959885, -5.81431484222, -8.12154197693],
        "mean": [-8.06014060974, -6.90048265457, -6.92354774475, -7.01951265335, -7.19744920731, -11.0387611389],
        "min": [-12.8987369537, -12.0179157257, -11.8528528214, -11.9970245361, -13.1052875519, -15.3794784546],
        "stdev": [1.68532848358, 0.796512722969, 0.59910774231, 0.581104099751, 0.869828760624, 0.959634244442]
    }
},
"rhythm": {
    "beats_count": 55,
    "beats_loudness": {
        "max": 0.0684677660465,
        "mean": 0.0170362088829,
        "min": 0.000170000523212,
        "stdev": 0.0162165220827
    },
    "bpm": 132.058685303,
    "bpm_histogram_first_peak_bpm": 133,
    "bpm_histogram_first_peak_weight": 0.371428608894,
    "bpm_histogram_second_peak_bpm": 178,
    "bpm_histogram_second_peak_spread": 0,
    "bpm_histogram_second_peak_weight": 0.25925925374,
    "danceability": 0.849071800709,
    "onset_rate": 1.55763149261,
    "beats_loudness_band_ratio": {
        "max": [0.678322792053, 0.565347194672, 0.513358056545, 0.780763924122, 0.718012034893, 0.358973860741],
        "mean": [0.098908379674, 0.101239189506, 0.212840095162, 0.282558739185, 0.262202322483, 0.0818378329277],
        "min": [0.000689479464199, 0.00246056076139, 0.0484162084758, 0.0351298861206, 0.0760727077723, 0.0102954851463],
        "stdev": [0.149090602994, 0.130602255464, 0.115721665323, 0.217312946916, 0.142574578524, 0.0676202699542]
    },
    "beats_position": [0.476009070873, 0.96362811327, 1.43963718414, 1.89242625237, 2.34521532059, 2.79800438881, 3.25079369545, 3.70358276367, 4.15637159348, 4.59755086899, 5.0387301445, 5.4915189743, 5.94430828094, 6.39709758759, 6.84988641739, 7.30267572403, 7.75546455383, 8.19664382935, 8.64943313599, 9.10222244263, 9.56662082672, 10.0078001022, 10.4605894089, 10.9133787155, 11.3661680222, 11.8189563751, 12.2717456818, 12.7245349884, 13.177324295, 13.6301136017, 14.0945119858, 14.5589113235, 15.0233106613, 15.4877090454, 15.9637184143, 16.4281177521, 16.8925170898, 17.3569164276, 17.8213157654, 18.1580047607, 18.4946937561, 18.8313827515, 19.1680717468, 19.5047607422, 19.8414516449, 20.1781406403, 20.5148296356, 20.851518631, 21.1765975952, 21.5132884979, 21.8499774933, 22.1750564575, 22.5117454529, 22.8484344482, 23.1851234436],
