{
"metadata": {
    "version": {
        "essentia": "2.1-beta5",
        "essentia_git_sha": "Undefined",
        "extractor": "music 2.0"
    },
    "audio_properties": {
        "analysis": {
            "equal_loudness": 0,
            "length": 27.7826747894,
            "sample_rate": 44100,
            "start_time": 207.748931885,
            "downmix": "mix"
        },
        "bit_rate": 192000,
        "length": 235.554840088,
        "lossless": 0,
        "number_channels": 2,
        "replay_gain": -1.49974250793,
        "sample_rate": 48000,
        "codec": "mp3",
        "md5_encoded": "96d2eec6e9b0eca5847a252d32917da8"
    },
    "tags": {
        "file_name": "Georgia_Shine_Sofia Nizharadze.mp3",
        "encoding": ["Lavf58.29.100"]
    }
},
"lowlevel": {
    "average_loudness": 0.739409148693,
    "barkbands_crest": {
        "max": 22.9587230682,
        "mean": 10.1970453262,
        "min": 2.80809402466,
        "stdev": 4.74250841141
    },
    "barkbands_flatness_db": {
        "max": 0.298179686069,
        "mean": 0.186902478337,
        "min": 0.0991279706359,
        "stdev": 0.0280611850321
    },
    "barkbands_kurtosis": {
        "max": 17.882484436,
        "mean": 0.765442252159,
        "min": -1.66272604465,
        "stdev": 1.74956250191
    },
    "barkbands_skewness": {
        "max": 3.29174637794,
        "mean": 0.223730638623,
        "min": -1.68342208862,
        "stdev": 0.712417066097
    },
    "barkbands_spread": {
        "max": 62.0071907043,
        "mean": 14.7748985291,
        "min": 2.03798699379,
        "stdev": 8.09792804718
    },
    "dissonance": {
        "max": 0.499967217445,
        "mean": 0.472898870707,
        "min": 0.345570325851,
        "stdev": 0.0264978278428
    },
    "dynamic_complexity": 5.38321590424,
    "erbbands_crest": {
        "max": 30.2503662109,
        "mean": 13.6257505417,
        "min": 3.76206183434,
        "stdev": 7.02386140823
    },
    "erbbands_flatness_db": {
        "max": 0.388002306223,
        "mean": 0.270812094212,
        "min": 0.136565059423,
        "stdev": 0.0374513380229
    },
    "erbbands_kurtosis": {
        "max": 19.6203231812,
        "mean": 1.96425056458,
        "min": -1.59543263912,
        "stdev": 2.73114562035
    },
    "erbbands_skewness": {
        "max": 3.36766958237,
        "mean": 0.476187825203,
        "min": -2.26537394524,
        "stdev": 0.686001121998
    },
    "erbbands_spread": {
        "max": 72.0584106445,
        "mean": 15.5460195541,
        "min": 3.39043068886,
        "stdev": 8.59234428406
    },
    "hfc": {
        "max": 94.2678222656,
        "mean": 26.0406990051,
        "min": 4.18581948907e-05,
        "stdev": 22.7599773407
    },
    "loudness_ebu128": {
        "integrated": -21.3303222656,
        "loudness_range": 9.47631072998,
        "momentary": {
            "max": -18.0074615479,
            "mean": -23.9548950195,
            "min": -49.7197875977,
            "stdev": 5.84452962875
        },
        "short_term": {
            "max": -18.6329727173,
            "mean": -23.0629768372,
            "min": -34.4369125366,
            "stdev": 4.04224920273
        }
    },
    "melbands_crest": {
        "max": 30.1503601074,
        "mean": 11.6775608063,
        "min": 3.25721263885,
        "stdev": 5.09065675735
    },
    "melbands_flatness_db": {
        "max": 0.263735026121,
        "mean": 0.166890248656,
        "min": 0.0489397086203,
        "stdev": 0.0296984482557
    },
    "melbands_kurtosis": {
        "max": 31.1646080017,
        "mean": 1.58073055744,
        "min": -1.68315267563,
        "stdev": 3.07603049278
    },
    "melbands_skewness": {
        "max": 4.51389980316,
        "mean": 0.59703618288,
        "min": -1.20883142948,
        "stdev": 0.804839372635
    },
    "melbands_spread": {
        "max": 114.847953796,
        "mean": 27.2566890717,
        "min": 3.11344599724,
        "stdev": 13.1297998428
    },
    "pitch_salience": {
        "max": 0.853746473789,
        "mean": 0.599000632763,
        "min": 0.265566527843,
        "stdev": 0.142169415951
    },
    "silence_rate_20dB": {
        "max": 1,
        "mean": 1,
        "min": 1,
        "stdev": 0
    },
    "silence_rate_30dB": {
        "max": 1,
        "mean": 1,
        "min": 1,
        "stdev": 0
    },
    "silence_rate_60dB": {
        "max": 1,
        "mean": 0.199499160051,
        "min": 0,
        "stdev": 0.399624764919
    },
    "spectral_centroid": {
        "max": 3480.79614258,
        "mean": 1742.39111328,
        "min": 672.993286133,
        "stdev": 295.182281494
    },
    "spectral_complexity": {
        "max": 36,
        "mean": 17.8530883789,
        "min": 0,
        "stdev": 7.86882400513
    },
    "spectral_decrease": {
        "max": -8.23004994233e-15,
        "mean": -5.18499643221e-09,
        "min": -1.9006044738e-08,
        "stdev": 4.70250283158e-09
    },
    "spectral_energy": {
        "max": 0.0785088315606,
        "mean": 0.0219313409179,
        "min": 3.48588891086e-08,
        "stdev": 0.0197425652295
    },
    "spectral_energyband_high": {
        "max": 0.00430341996253,
        "mean": 0.00041335367132,
        "min": 3.44816369902e-10,
        "stdev": 0.000513996346854
    },
    "spectral_energyband_low": {
        "max": 0.0245477166027,
        "mean": 0.00223067915067,
        "min": 3.28113959613e-11,
        "stdev": 0.00371694820933
    },
    "spectral_energyband_middle_high": {
        "max": 0.0621755085886,
        "mean": 0.0157146044075,
        "min": 2.46150744232e-08,
        "stdev": 0.0156328659505
    },
    "spectral_energyband_middle_low": {
        "max": 0.0380448959768,
        "mean": 0.00397697696462,
        "min": 9.95169369133e-09,
        "stdev": 0.00433831987903
    },
    "spectral_entropy": {
        "max": 8.32300376892,
        "mean": 7.47728252411,
        "min": 6.62395143509,
        "stdev": 0.264972031116
    },
    "spectral_flux": {
        "max": 0.222779333591,
        "mean": 0.0658907145262,
        "min": 0.00106080900878,
        "stdev": 0.0395482443273
    },
    "spectral_kurtosis": {
        "max": 21.0959644318,
        "mean": 4.8950214386,
        "min": -0.485448598862,
        "stdev": 2.55247354507
    },
    "spectral_rms": {
        "max": 0.00875179935247,
        "mean": 0.00401266710833,
        "min": 5.83169548918e-06,
        "stdev": 0.00230107246898
    },
    "spectral_rolloff": {
        "max": 7385.88867188,
        "mean": 1902.48999023,
        "min": 409.130859375,
        "stdev": 573.62701416
    },
    "spectral_skewness": {
        "max": 3.57643938065,
        "mean": 1.41240870953,
        "min": 0.0889769345522,
        "stdev": 0.308662831783
    },
    "spectral_spread": {
        "max": 17533832,
        "mean": 2739060.5,
        "min": 1853193.125,
        "stdev": 656194.125
    },
    "spectral_strongpeak": {
        "max": 12.0401439667,
        "mean": 3.0414545536,
        "min": 0.000942583894357,
        "stdev": 2.94233608246
    },
    "zerocrossingrate": {
        "max": 0.20458984375,
        "mean": 0.0683047622442,
        "min": 0.013671875,
        "stdev": 0.0146763585508
    },
    "barkbands": {
        "max": [0.00085465318989, 0.0201704092324, 0.0127036832273, 0.00744552724063, 0.0128917843103, 0.0236988663673, 0.0238698069006, 0.0210314393044, 0.0172492526472, 0.0336063988507, 0.0534587688744, 0.0506672561169, 0.0219896193594, 0.00868969317526, 0.0238753780723, 0.0145874749869, 0.0140271512792, 0.00839537195861, 0.00331653468311, 0.00271033332683, 0.00131727370899, 0.00112019816879, 0.00155433104374, 0.00107090128586, 0.000193314364878, 5.97391192514e-07, 3.96849003437e-07],
        "mean": [1.81770446943e-05, 0.00115708098747, 0.000873242097441, 0.000327710527927, 0.00105078064371, 0.000626694876701, 0.000447919301223, 0.000561553635634, 0.000509055389557, 0.000979658798315, 0.00440041348338, 0.00538215832785, 0.000448984617833, 0.00080285227159, 0.00186999770813, 0.000608628091868, 0.00066196732223, 0.000393165450078, 0.000311841315124, 0.000276388920611, 8.56346232467e-05, 2.67628747679e-05, 6.26372493571e-05, 4.5252545533e-05, 2.76126502285e-06, 1.19753496008e-09, 1.0845656595e-09],
        "min": [3.74502729175e-12, 5.84548078345e-12, 1.27724636423e-11, 2.97109142844e-11, 1.83531773112e-10, 5.73780467583e-11, 4.25919473301e-11, 6.23599727412e-10, 8.77403660837e-09, 1.57903401465e-09, 1.30593029724e-08, 1.84881598919e-09, 2.00650651649e-09, 6.61774468558e-10, 2.14220086114e-09, 1.43424294663e-09, 9.70174052206e-10, 7.06041669574e-10, 2.37433461781e-10, 1.84845291851e-10, 9.0029352029e-11, 6.32845720272e-11, 7.36735117357e-11, 2.3595478002e-11, 1.21839760503e-11, 1.27464289124e-11, 1.65924930046e-11],
        "stdev": [7.40736650187e-05, 0.00229786336422, 0.00154676078819, 0.000640288111754, 0.00146408414003, 0.00120948499534, 0.0010999533115, 0.00143921014387, 0.000957131909672, 0.00257960590534, 0.00962817016989, 0.0100900521502, 0.00126729556359, 0.00123227667063, 0.00303085311316, 0.00124617177062, 0.00122247135732, 0.000556377868634, 0.00036840478424, 0.000357253564289, 0.000141757773235, 5.3765856137e-05, 0.000112249093945, 8.09741977719e-05, 1.00617071439e-05, 1.72771930096e-08, 1.15141176593e-08]
    },
    "erbbands": {
        "max": [0.447350561619, 5.01460647583, 16.026922226, 16.6096248627, 29.5421733856, 63.9135704041, 59.8533935547, 240.302139282, 431.11618042, 448.30380249, 620.005554199, 340.812469482, 1272.31494141, 1577.16174316, 1803.9934082, 2481.89868164, 916.758605957, 373.473327637, 1060.34960938, 639.784423828, 933.649047852, 386.100311279, 229.946990967, 302.871673584, 141.292999268, 177.644897461, 80.9207000732, 25.9929656982, 39.9171905518, 34.5864982605, 42.4789352417, 26.6615581512, 23.2718391418, 4.2224521637, 0.101819939911, 0.00536256376654, 0.00109714420978, 0.000313615048071, 7.30462343199e-05, 9.546813817e-05],
        "mean": [0.0158364363015, 0.31931322813, 1.08918321133, 1.04709553719, 2.08108997345, 3.26683473587, 5.81746816635, 3.95412921906, 6.0936627388, 9.59279346466, 13.1766414642, 10.9606361389, 28.3400421143, 60.3919410706, 201.335250854, 243.652496338, 39.6572952271, 41.1245536804, 90.4162826538, 57.1619377136, 39.7685813904, 31.7294635773, 18.8133201599, 21.509147644, 13.148191452, 14.4226865768, 6.72564792633, 1.94177210331, 0.994843423367, 1.1035374403, 1.94404160976, 1.19092071056, 0.638640940189, 0.0870040804148, 0.00228385441005, 0.00016310972569, 3.22698360833e-05, 9.26059146877e-06, 1.41332347994e-05, 2.74873164017e-05],
        "min": [1.76405445806e-10, 1.46272216561e-09, 1.14293534637e-08, 6.27583744972e-08, 2.42872800982e-07, 7.14859595519e-07, 8.82112203726e-07, 3.21705812212e-07, 4.68717388458e-07, 2.44208035838e-06, 4.20821161242e-05, 0.000212757018744, 8.16643441794e-05, 0.000241716013988, 0.000393921887735, 0.000102793033875, 0.000100591198134, 4.66623605462e-05, 3.89964006899e-05, 0.000163126460393, 4.52362110082e-05, 5.76404927415e-05, 3.53977775376e-05, 2.18377772399e-05, 1.59734718181e-05, 8.55798953125e-06, 4.37106245954e-06, 2.8746778753e-06, 1.56650435201e-06, 4.16905686507e-06, 1.23384120343e-06, 5.2511308013e-07, 3.57341576773e-07, 1.60329676646e-07, 8.47024566042e-08, 5.45890905812e-08, 2.38718254053e-08, 7.55812123998e-09, 2.91864510338e-09, 2.57371901569e-10],
        "stdev": [0.0417702794075, 0.61711871624, 2.00048995018, 1.79438054562, 3.3729455471, 5.39181089401, 8.82285785675, 10.3549451828, 18.2634944916, 23.1209182739, 35.7023429871, 18.6733074188, 71.0849304199, 148.597442627, 379.913787842, 476.032714844, 67.4412384033, 50.6375236511, 154.779846191, 73.7018966675, 85.870513916, 47.598739624, 22.364610672, 28.2513694763, 13.7929382324, 19.4291095734, 9.80217933655, 2.24702620506, 1.88436746597, 2.33343911171, 3.41323423386, 2.05075860023, 1.38990688324, 0.227122277021, 0.00555182155222, 0.000319708720781, 5.12524529768e-05, 1.29653117256e-05, 1.23384497783e-05, 2.43858958129e-05]
    },
    "gfcc": {
        "mean": [-72.67993927, 105.535972595, -215.450042725, 27.2946929932, -69.6205978394, 16.4475498199, -27.347869873, -10.6297273636, -6.7637090683, -29.8940887451, 9.71436977386, -21.5231227875, 5.61157608032],
        "cov": [[10182.8525391, 2016.28942871, 2577.46313477, 2115.62329102, 1044.22033691, 746.753723145, -7.46517896652, 186.770233154, -171.904098511, 57.6884460449, 652.391723633, -222.367248535, 137.846511841], [2016.28942871, 860.25970459, 819.275817871, 598.860534668, 402.322875977, 96.9241943359, 34.3324317932, -32.1192817688, -54.2147254944, 52.7049865723, 162.934082031, -10.1461925507, 51.2231559753], [2577.46313477, 819.275817871, 1209.14990234, 822.689697266, 413.537475586, 222.766677856, -57.171005249, 58.0124206543, -114.085266113, 66.911239624, 186.94329834, -11.1115942001, 64.2652664185], [2115.62329102, 598.860534668, 822.689697266, 681.024658203, 316.780731201, 157.706115723, -23.873260498, 36.4838676453, -52.0309753418, 38.3923301697, 143.545684814, -8.44845581055, 50.8981666565], [1044.22033691, 402.322875977, 413.537475586, 316.780731201, 312.741241455, 129.776672363, 29.238193512, -23.5252437592, -61.741519928, 25.1333255768, 100.339187622, -23.098154068, 3.5701918602], [746.753723145, 96.9241943359, 222.766677856, 157.706115723, 129.776672363, 198.9765625, 33.6219444275, 7.88285017014, -56.3424949646, -6.38328170776, 59.7828826904, -40.508228302, -19.0873146057], [-7.46517896652, 34.3324317932, -57.171005249, -23.873260498, 29.238193512, 33.6219444275, 117.568023682, -1.32991540432, -1.48402380943, -17.8213481903, 4.12887525558, -0.645872294903, -10.6520748138], [186.770233154, -32.1192817688, 58.0124206543, 36.4838676453, -23.5252437592, 7.88285017014, -1.32991540432, 132.195587158, 46.0578384399, -4.34810638428, -24.9151649475, -14.5632209778, 11.6223087311], [-171.904098511, -54.2147254944, -114.085266113, -52.0309753418, -61.741519928, -56.3424949646, -1.48402380943, 46.0578384399, 111.068214417, 20.7311229706, -34.2228889465, 8.94731426239, -6.22407197952], [57.6884460449, 52.7049865723, 66.911239624, 38.3923301697, 25.1333255768, -6.38328170776, -17.8213481903, -4.34810638428, 20.7311229706, 60.4947471619, 29.0967521667, 6.66906309128, -3.51291060448], [652.391723633, 162.934082031, 186.94329834, 143.545684814, 100.339187622, 59.7828826904, 4.12887525558, -24.9151649475, -34.2228889465, 29.0967521667, 108.396377563, 5.73149108887, 4.49186515808], [-222.367248535, -10.1461925507, -11.1115942001, -8.44845581055, -23.098154068, -40.508228302, -0.645872294903, -14.5632209778, 8.94731426239, 6.66906309128, 5.73149108887, 73.968460083, 37.1834487915], [137.846511841, 51.2231559753, 64.2652664185, 50.8981666565, 3.5701918602, -19.0873146057, -10.6520748138, 11.6223087311, -6.22407197952, -3.51291060448, 4.49186515808, 37.1834487915, 72.9116973877]],
        "icov": [[0.000640033569653, -0.000665394822136, 0.000173565451405, -0.00118764094077, 0.000722823024262, -0.00098310247995, 0.000381751335226, -0.000398420059355, -0.000936622207519, 0.00146599742584, -0.00256358715706, 0.00209934962913, -0.00116198242176], [-0.000665394822136, 0.0178304575384, -0.0141563965008, 0.00460797315463, -0.0112022478133, 0.0141104739159, -0.0119365984574, 0.0130925029516, -0.0133235519752, 0.00658021355048, -0.004659101367, 0.0107549736276, -0.00761417206377], [0.000173565451405, -0.0141563965008, 0.0186421573162, -0.0103333881125, 0.00750845298171, -0.0118300877512, 0.0113712586462, -0.0139786759391, 0.0172435622662, -0.0111923282966, 0.00646557379514, -0.0118974754587, 0.00742613570765], [-0.00118764094077, 0.00460797315463, -0.0103333881125, 0.0141355562955, -0.00548537820578, 0.00439086928964, -0.00304702366702, 0.00518359895796, -0.00763783883303, 0.00432532140985, -0.000217466629692, 0.000515713123605, -0.00229826802388], [0.000722823024262, -0.0112022478133, 0.00750845298171, -0.00548537820578, 0.0159868635237, -0.010432514362, 0.00447054579854, -0.00570175983012, 0.00828109122813, -0.00496799312532, 0.000233931859839, -0.00316366855986, 0.00382925523445], [-0.00098310247995, 0.0141104739159, -0.0118300877512, 0.00439086928964, -0.010432514362, 0.0214197188616, -0.0116606829688, 0.00855888985097, -0.00686677452177, 0.00608910806477, -0.00465829810128, 0.00970974657685, -0.00259970594198], [0.000381751335226, -0.0119365984574, 0.0113712586462, -0.00304702366702, 0.00447054579854, -0.0116606829688, 0.0194272566587, -0.0100771337748, 0.00822750199586, -0.00117544655222, 0.00248912884854, -0.0104038212448, 0.00673958845437], [-0.000398420059355, 0.0130925029516, -0.0139786759391, 0.00518359895796, -0.00570175983012, 0.00855888985097, -0.0100771337748, 0.0230703037232, -0.0185894872993, 0.0085009355098, -0.00222293357365, 0.0132068218663, -0.0101477568969], [-0.000936622207519, -0.0133235519752, 0.0172435622662, -0.00763783883303, 0.00828109122813, -0.00686677452177, 0.00822750199586, -0.0185894872993, 0.0347011312842, -0.0209419243038, 0.0145419100299, -0.0178548973054, 0.0133892828599], [0.00146599742584, 0.00658021355048, -0.0111923282966, 0.00432532140985, -0.00496799312532, 0.00608910806477, -0.00117544655222, 0.0085009355098, -0.0209419243038, 0.0367922335863, -0.0187578387558, 0.0104688443244, -0.0044366158545], [-0.00256358715706, -0.004659101367, 0.00646557379514, -0.000217466629692, 0.000233931859839, -0.00465829810128, 0.00248912884854, -0.00222293357365, 0.0145419100299, -0.0187578387558, 0.0327110551298, -0.017599966377, 0.00935791898519], [0.00209934962913, 0.0107549736276, -0.0118974754587, 0.000515713123605, -0.00316366855986, 0.00970974657685, -0.0104038212448, 0.0132068218663, -0.0178548973054, 0.0104688443244, -0.017599966377, 0.0405211187899, -0.0229270029813], [-0.00116198242176, -0.00761417206377, 0.00742613570765, -0.00229826802388, 0.00382925523445, -0.00259970594198, 0.00673958845437, -0.0101477568969, 0.0133892828599, -0.0044366158545, 0.00935791898519, -0.0229270029813, 0.0300993062556]]
    },
    "melbands": {
        "max": [0.00506458990276, 0.00715420953929, 0.00282184337266, 0.00314552569762, 0.00208304543048, 0.00523559562862, 0.00562488660216, 0.00509522901848, 0.00587891740724, 0.00168953533284, 0.00637985998765, 0.00589220784605, 0.00832612998784, 0.00641623651609, 0.00442000478506, 0.000922056264244, 0.000849129224662, 0.00177057995461, 0.00208416557871, 0.000663557613734, 0.00137737602927, 0.000636312412098, 0.000378051219741, 0.00047907998669, 0.000231034267927, 0.000204508105526, 6.83048128849e-05, 0.000162657102919, 7.57505986257e-05, 2.27832333621e-05, 1.60457948368e-05, 1.73838070623e-05, 3.07310583594e-05, 2.01381917577e-05, 2.38811608142e-05, 3.13028722303e-05, 1.68484166352e-05, 1.82987332664e-05, 1.31556262204e-05, 6.61304454752e-07],
        "mean": [0.000232252685237, 0.000518581829965, 0.00021066753834, 0.000185338911251, 0.00019992091984, 0.000102264879388, 9.28454755922e-05, 0.000104694256152, 0.000106810664875, 7.01081880834e-05, 0.000136709932121, 0.000195263142814, 0.000676045310684, 0.000629507994745, 0.000323059066432, 4.310903023e-05, 7.64668729971e-05, 0.000131658307509, 0.000118313044368, 4.8177971621e-05, 4.96431603096e-05, 3.97433723265e-05, 1.28768861032e-05, 2.24076156883e-05, 1.69361373992e-05, 1.06502129711e-05, 6.75311002851e-06, 1.08014719444e-05, 5.36430843567e-06, 1.51590199948e-06, 9.17895249586e-07, 5.604952662e-07, 4.69625859978e-07, 6.67312178848e-07, 1.18123898574e-06, 1.02483625142e-06, 6.01448391535e-07, 4.87827492179e-07, 2.69784010243e-07, 8.27288992866e-09],
        "min": [1.7600551008e-12, 5.00425742511e-12, 1.53163384753e-11, 3.39621351875e-11, 3.31284791266e-11, 7.83562277562e-12, 7.15485223152e-12, 2.95381705206e-11, 4.89125850933e-10, 1.37451228177e-09, 3.47787076915e-10, 8.407348151e-10, 1.7086670967e-09, 2.55897442125e-10, 3.15041992494e-10, 1.41667261255e-10, 7.85716006146e-11, 2.89165583839e-11, 2.06322292584e-10, 1.74523798191e-10, 2.91974049105e-11, 6.66335528421e-11, 2.62428325598e-11, 4.03706339192e-11, 1.49505390706e-11, 8.87273154254e-12, 1.15653788629e-11, 4.25150322933e-12, 2.4260131664e-12, 2.24794293423e-12, 1.61267603004e-12, 7.52369520851e-13, 1.42761518752e-12, 2.61216352368e-12, 7.47352158458e-13, 3.58349499163e-13, 2.95546464905e-13, 2.62498464805e-13, 2.0829435995e-13, 1.16589382463e-13],
        "stdev": [0.000492646824569, 0.000917473051231, 0.000319650716847, 0.00027237914037, 0.000302780244965, 0.000246638082899, 0.000252163066762, 0.00026028114371, 0.000297169928672, 0.000119578624435, 0.000351785274688, 0.000551365199499, 0.0014741756022, 0.00110546045471, 0.00068639050005, 8.16906394903e-05, 0.000114023256174, 0.000227557859034, 0.000202633775189, 6.63039390929e-05, 0.000129844076582, 6.69858636684e-05, 2.21947120735e-05, 3.37086348736e-05, 2.52435784205e-05, 1.24249982036e-05, 8.62787965161e-06, 1.61909320013e-05, 8.58647945279e-06, 1.9952447019e-06, 1.13597548079e-06, 9.65971253208e-07, 1.28513988784e-06, 1.38584528031e-06, 2.11578685594e-06, 1.94385506802e-06, 1.06193658667e-06, 1.10293831312e-06, 6.93931326623e-07, 3.3245999731e-08]
    },
    "melbands128": {
        "max": [0.00083345460007, 0.00347190583125, 0.00880036037415, 0.00979209225625, 0.0106795094907, 0.0056858942844, 0.00362784578465, 0.00360352080315, 0.00379520119168, 0.00408839108422, 0.0043493853882, 0.00338905025274, 0.00265768216923, 0.00207106536254, 0.00369566702284, 0.0114730689675, 0.0103702135384, 0.00634953984991, 0.00256313057616, 0.00677745230496, 0.00743658002466, 0.00677002640441, 0.00875849369913, 0.00671452749521, 0.00192352628801, 0.0012294545304, 0.00712588522583, 0.0128979468718, 0.00301127368584, 0.0087529309094, 0.0129804210737, 0.00961708463728, 0.0167052187026, 0.0135967601091, 0.0115579599515, 0.0143029196188, 0.0142660001293, 0.00868382211775, 0.00661230739206, 0.0011034286581, 0.0016982635716, 0.00101811648346, 0.00117902935017, 0.00180531071965, 0.00221283966675, 0.00364201422781, 0.00472808303311, 0.00480293808505, 0.00159761600662, 0.00212606787682, 0.000736997229978, 0.00166262628045, 0.00274362182245, 0.00357913644984, 0.0022030393593, 0.00106509891339, 0.000542015477549, 0.00103591824882, 0.000484710966703, 0.000188187652384, 0.000636078300886, 0.00146763562225, 0.000436853151768, 0.000381541438401, 0.000279941305052, 0.000435368507169, 0.000226344709517, 0.000183863812708, 0.000135691676405, 0.000222143178689, 0.000342227111105, 0.000181548733963, 9.03097534319e-05, 0.000138662799145, 4.59838665847e-05, 3.50408736267e-05, 1.78640730155e-05, 1.98717825697e-05, 2.58607378782e-05, 1.34433894345e-05, 1.61618972925e-05, 2.28697099374e-05, 4.34735557064e-05, 2.99028397421e-05, 2.71430944849e-05, 2.82095352304e-05, 2.16725093196e-05, 2.65222734015e-05, 2.87688981189e-05, 3.92046495108e-05, 3.17496160278e-05, 3.97179574065e-05, 2.33216160268e-05, 2.3132592105e-05, 1.6379985027e-05, 1.88418798643e-05, 3.25238361256e-05, 1.85902172234e-05, 1.77448382601e-05, 7.47742706153e-06, 6.29079224268e-08, 1.7095073801e-08, 1.33333788455e-08, 1.07442001962e-08, 8.85064999068e-09, 7.52503126478e-09, 6.44423003848e-09, 5.60218049728e-09, 4.87123408277e-09, 4.3527998983e-09, 3.89598087125e-09, 3.48654438653e-09, 3.16350923235e-09, 2.82073142621e-09, 2.60059573876e-09, 2.39319519757e-09, 2.20553619812e-09, 2.05242600693e-09, 1.91578730657e-09, 1.81144454992e-09, 1.70636138552e-09, 1.62458790864e-09, 1.55789592338e-09, 1.50551060507e-09, 1.4277937721e-09, 1.39381528541e-09, 1.3677408095e-09, 1.35491040609e-09],
        "mean": [1.45266858453e-05, 7.36172005418e-05, 0.000268528645393, 0.000631877861451, 0.000654879841022, 0.000363879080396, 0.000205342992558, 0.000151153231855, 0.000243902977672, 0.000155581132276, 0.000163861783221, 0.000255751452642, 0.000236330306507, 0.00011084433936, 3.90829736716e-05, 0.000145346319187, 0.000142026692629, 4.83089061163e-05, 7.36105139367e-05, 0.000134697373142, 9.39467790886e-05, 9.34770723688e-05, 0.000136951348395, 8.44650858198e-05, 5.12625083502e-05, 5.33988095412e-05, 0.000127934137709, 0.000195475615328, 8.47229748615e-05, 0.000107418825792, 0.000181803479791, 0.000443577358965, 0.000967625703197, 0.000647911219858, 0.000314856559271, 0.000762412324548, 0.000983904581517, 0.000178337388206, 6.10356000834e-05, 3.41527229466e-05, 3.45235566783e-05, 5.92481483181e-05, 7.67576057115e-05, 0.000101462646853, 4.76156819786e-05, 0.000130815111334, 0.000255335442489, 0.000107971573016, 6.74035036354e-05, 7.97235479695e-05, 3.41997802025e-05, 3.44546861015e-05, 3.9499871491e-05, 6.00841922278e-05, 6.66030755383e-05, 3.70910638594e-05, 1.87536334124e-05, 1.46601087181e-05, 1.00404577097e-05, 1.01185360109e-05, 2.7084031899e-05, 2.80567383015e-05, 2.08900910366e-05, 1.42815379149e-05, 8.20133573143e-06, 1.24363841678e-05, 1.07742389446e-05, 7.31412774257e-06, 4.81717825096e-06, 6.93530819262e-06, 1.26878767333e-05, 1.32437444336e-05, 5.87884869674e-06, 5.4634369917e-06, 1.93267010218e-06, 1.56363205406e-06, 1.23105962757e-06, 1.11417989501e-06, 8.98415407846e-07, 7.15510452665e-07, 5.80750281642e-07, 4.80085589061e-07, 5.08421578616e-07, 4.26032983114e-07, 4.77953278732e-07, 5.57966757242e-07, 6.15357009792e-07, 1.10893722649e-06, 1.36544531415e-06, 1.03507363747e-06, 1.27131932004e-06, 9.21601895243e-07, 8.43525015171e-07, 5.39499183105e-07, 5.41003032595e-07, 4.55387834108e-07, 5.55657550194e-07, 3.93474152816e-07, 3.8441149286e-07, 1.20810668136e-07, 8.40317870843e-10, 2.30391452444e-11, 1.75995225338e-11, 1.50419086908e-11, 1.3165636116e-11, 1.18869098592e-11, 1.07245818129e-11, 9.65317756285e-12, 8.82114086637e-12, 8.21633906745e-12, 7.69139699847e-12, 7.19736943655e-12, 6.7542980757e-12, 6.30816406055e-12, 5.99857837014e-12, 5.740494885e-12, 5.48891401081e-12, 5.27540858219e-12, 5.08997878568e-12, 4.9053664776e-12, 4.7193286605e-12, 4.607389123e-12, 4.50618969222e-12, 4.39235800509e-12, 4.12099954855e-12, 3.77971742446e-12, 3.57952816693e-12, 3.53354411703e-12],
        "min": [4.10221010806e-13, 1.2187174013e-12, 6.34895890202e-13, 2.39427401516e-12, 4.09475838653e-12, 7.07718605941e-12, 1.12752307491e-11, 1.62616170529e-11, 2.2983772871e-11, 3.29500350615e-11, 4.2616320195e-11, 4.38492228638e-11, 3.36727173922e-11, 1.66957420111e-11, 5.76700059235e-12, 3.63433133414e-12, 5.27086143828e-12, 7.44790774193e-12, 9.78329049717e-12, 1.29145158109e-11, 3.05709173254e-11, 1.00896326016e-10, 3.78016173919e-10, 1.02485919751e-09, 1.66902969223e-09, 1.5922927421e-09, 6.40732633617e-10, 1.32683933285e-10, 1.42920245083e-10, 2.77902978407e-10, 9.41760225359e-10, 2.24284280037e-09, 2.40912956251e-09, 8.62822202574e-10, 1.33460492657e-10, 1.78791315086e-10, 2.2742871475e-10, 3.68973712694e-10, 3.52868095854e-10, 2.06834424588e-10, 6.01556998658e-11, 9.11102929213e-11, 1.25265228745e-10, 4.56843972374e-11, 4.0218418873e-12, 1.60153106055e-11, 5.76283500087e-11, 1.8798552992e-10, 2.9240374011e-10, 2.62394217465e-10, 1.91847246422e-10, 3.9887683434e-11, 1.89081320046e-11, 2.34896980339e-11, 5.13535394764e-11, 8.33028784841e-11, 7.7779754859e-11, 1.48704486225e-11, 1.25294106687e-11, 3.36047058236e-11, 4.01752034418e-11, 5.7534015746e-11, 1.43501452041e-11, 7.17200430989e-12, 3.73278404714e-12, 4.4052404953e-12, 1.61824182526e-11, 1.59081411238e-11, 8.78563628098e-12, 8.15663248749e-12, 4.773657164e-12, 1.5725087248e-12, 2.67305383557e-12, 1.6535598845e-12, 3.89569973502e-12, 2.81311887847e-12, 1.04474870595e-12, 1.47231239787e-12, 2.19333817601e-12, 1.20217366877e-12, 8.96873179022e-13, 4.81663049289e-13, 4.21331562304e-13, 9.30849581443e-13, 2.95464954586e-12, 3.0818919465e-12, 2.7630389296e-12, 1.33508753098e-12, 5.65843487517e-13, 2.67955552495e-13, 4.03117914483e-13, 3.63721368562e-13, 3.01172227348e-13, 2.66496189266e-13, 3.60947599934e-13, 2.52764741646e-13, 2.51019907985e-13, 1.86867462151e-13, 3.47707431424e-13, 1.08454010475e-13, 9.25716412705e-14, 8.60413018502e-14, 2.01341547601e-13, 1.37881053146e-13, 5.29124372084e-14, 8.58842483893e-14, 6.89419495884e-14, 8.02609254015e-14, 9.53799891715e-14, 1.26304579317e-13, 9.98344066921e-14, 3.54779716076e-14, 9.39084151153e-14, 9.02603661842e-14, 4.44207354006e-14, 4.68553283195e-14, 4.73825114615e-14, 7.2717886942e-14, 7.1596239137e-14, 1.10522356512e-13, 1.00525944719e-13, 8.85257443522e-14, 8.35083819586e-14, 6.64890709222e-14, 2.78465554245e-14, 4.68372187551e-14, 9.81697294527e-15, 3.46927675127e-16],
        "stdev": [6.65970001137e-05, 0.000280327280052, 0.000688047846779, 0.0012549465755, 0.00128946080804, 0.000627194705885, 0.000402356934501, 0.000308751972625, 0.000424931145972, 0.000300225627143, 0.000329369155224, 0.000469110236736, 0.000384964718251, 0.00020372394647, 0.000135672220495, 0.000495379907079, 0.000473339139717, 0.000236120104091, 0.000209898353205, 0.000350093323505, 0.000339066027664, 0.000312829506584, 0.000429688050644, 0.000277426210232, 0.000111590816232, 0.000105796418211, 0.000394094880903, 0.000632187293377, 0.000186263510841, 0.000505576084834, 0.000938770943321, 0.00130358408205, 0.00276994449086, 0.00190101424232, 0.00113744963892, 0.00185757840518, 0.0023539592512, 0.000653392926324, 0.000293185992632, 9.19352532947e-05, 0.000119578042359, 0.000118210133223, 0.000132356144604, 0.000252047611866, 0.000162147640367, 0.000332152296323, 0.000595043238718, 0.000358190154657, 0.000153079163283, 0.00016538905038, 7.00302407495e-05, 9.21278478927e-05, 0.000166472877027, 0.000239429413341, 0.000170275801793, 7.72825005697e-05, 3.57886419806e-05, 4.49525796284e-05, 2.29170709645e-05, 1.65716992342e-05, 5.16573491041e-05, 7.09081505192e-05, 4.29471328971e-05, 3.22314954246e-05, 1.55107227329e-05, 2.08752699109e-05, 1.8203711079e-05, 1.5770758182e-05, 1.15434731924e-05, 1.43139714055e-05, 2.73429959634e-05, 2.64427999355e-05, 1.25293699966e-05, 1.37510214699e-05, 3.90585091736e-06, 2.46563945439e-06, 1.59862452165e-06, 1.48962124058e-06, 1.3563860648e-06, 1.04860794181e-06, 8.81584412582e-07, 1.17687352486e-06, 1.53062808295e-06, 1.28041983771e-06, 1.34945514674e-06, 1.5405130398e-06, 1.52908171458e-06, 2.48163541983e-06, 3.00082228932e-06, 2.53125267591e-06, 2.78618199445e-06, 2.24717564379e-06, 1.76735431978e-06, 1.1926613297e-06, 1.06571417291e-06, 1.1866834484e-06, 1.51644053403e-06, 1.03016122921e-06, 1.05610126866e-06, 4.33788443388e-07, 3.13298342824e-09, 4.93663054879e-10, 3.85059650831e-10, 3.10312886498e-10, 2.55659021731e-10, 2.17399320768e-10, 1.86202497865e-10, 1.61895691297e-10, 1.40805672677e-10, 1.25844723531e-10, 1.12663094132e-10, 1.00851188511e-10, 9.15332809548e-11, 8.16502698786e-11, 7.52992113107e-11, 6.93168092369e-11, 6.39045483197e-11, 5.94887750172e-11, 5.55481112496e-11, 5.25387407191e-11, 4.9509982919e-11, 4.71517894174e-11, 4.52261596229e-11, 4.37151426169e-11, 4.14844894547e-11, 4.05113997903e-11, 3.9763647236e-11, 3.93935647991e-11]
    },
    "mfcc": {
        "mean": [-675.352233887, 110.288238525, -65.7509231567, 0.0198735725135, -13.7720422745, 4.35972547531, -5.84288454056, 12.2830095291, -13.0303544998, 9.87445640564, -19.3537902832, 4.43236255646, -6.36325740814],
        "cov": [[8340.640625, 1113.38476562, 1917.84692383, 1645.48583984, 1237.93884277, 574.842651367, 655.918395996, 272.235992432, -184.255508423, 446.65737915, -331.0078125, 519.933288574, 221.927368164], [1113.38476562, 554.375793457, 403.071868896, 453.883148193, 295.692138672, 153.32623291, 162.930053711, -1.98180282116, -36.2322349548, 48.7983055115, -67.7840423584, 117.401222229, 31.3774108887], [1917.84692383, 403.071868896, 982.462585449, 662.157714844, 538.884460449, 176.548370361, 252.933486938, 28.0238513947, -37.7740135193, 77.9002227783, -113.158470154, 139.31489563, 106.18309021], [1645.48583984, 453.883148193, 662.157714844, 674.295898438, 415.113708496, 168.043029785, 177.327072144, 25.2958679199, -35.2055397034, 61.1713409424, -115.500564575, 145.234985352, 72.8410186768], [1237.93884277, 295.692138672, 538.884460449, 415.113708496, 429.945922852, 142.072235107, 189.621414185, 12.2554883957, -31.6784992218, 63.9634895325, -74.0492172241, 105.406982422, 70.8100280762], [574.842651367, 153.32623291, 176.548370361, 168.043029785, 142.072235107, 189.039611816, 120.494308472, 25.3384456635, -57.7196655273, 33.13539505, -38.2504463196, 59.27759552, 20.7758026123], [655.918395996, 162.930053711, 252.933486938, 177.327072144, 189.621414185, 120.494308472, 212.427612305, 36.5045280457, -42.5197486877, 50.6099586487, -54.4014587402, 48.1305580139, 36.7987976074], [272.235992432, -1.98180282116, 28.0238513947, 25.2958679199, 12.2554883957, 25.3384456635, 36.5045280457, 101.436660767, 14.8534212112, 50.7364959717, -19.0107192993, 11.9005441666, 2.01423144341], [-184.255508423, -36.2322349548, -37.7740135193, -35.2055397034, -31.6784992218, -57.7196655273, -42.5197486877, 14.8534212112, 108.406845093, -11.7235937119, 35.2090568542, -31.7108325958, -10.9695978165], [446.65737915, 48.7983055115, 77.9002227783, 61.1713409424, 63.9634895325, 33.13539505, 50.6099586487, 50.7364959717, -11.7235937119, 114.000259399, -8.52397155762, 36.8044281006, 6.38009309769], [-331.0078125, -67.7840423584, -113.158470154, -115.500564575, -74.0492172241, -38.2504463196, -54.4014587402, -19.0107192993, 35.2090568542, -8.52397155762, 108.759468079, -25.3132820129, -13.5877523422], [519.933288574, 117.401222229, 139.31489563, 145.234985352, 105.406982422, 59.27759552, 48.1305580139, 11.9005441666, -31.7108325958, 36.8044281006, -25.3132820129, 104.195236206, 39.1395759583], [221.927368164, 31.3774108887, 106.18309021, 72.8410186768, 70.8100280762, 20.7758026123, 36.7987976074, 2.01423144341, -10.9695978165, 6.38009309769, -13.5877523422, 39.1395759583, 79.4466552734]],
        "icov": [[0.00033628885285, 1.47236705743e-05, -0.000233223894611, -0.000322962470818, -0.000130347878439, -7.45219658711e-05, -8.27632902656e-06, -0.000404986203648, 0.000150753985508, -0.000535405182745, 6.50786969345e-05, -0.0005094743683, 0.000138315081131], [1.47236705743e-05, 0.00508112460375, 0.00103630998638, -0.00362474471331, -0.000298506987747, -0.00059054949088, -0.00204437831417, 0.00186721549835, -0.000694071291946, -0.000238566150074, -0.000632721465081, -0.00175306585152, 0.00188922788948], [-0.000233223894611, 0.00103630998638, 0.00498028052971, -0.00326378433965, -0.00313297729008, 0.000855339982081, -0.00137837638613, 0.000257962325122, 0.000121653923998, 0.000433479086496, -0.000657302327454, 0.0012673616875, -0.00097587145865], [-0.000322962470818, -0.00362474471331, -0.00326378433965, 0.0090578366071, -0.00132598832715, -0.0011271184776, 0.0027681409847, -0.000689140579198, -0.00113188358955, 0.000987727777101, 0.00296975905076, -0.00163528788835, -0.000318974023685], [-0.000130347878439, -0.000298506987747, -0.00313297729008, -0.00132598832715, 0.0105047933757, -0.00127987586893, -0.00306411716156, 0.00311608426273, -0.00191335345153, -0.00176577921957, 0.000513490638696, -0.00117676786613, -0.00125760829542], [-7.45219658711e-05, -0.00059054949088, 0.000855339982081, -0.0011271184776, -0.00127987586893, 0.0110625354573, -0.00395457679406, -0.00265419483185, 0.00437033548951, 0.00178362906445, -0.00181112391874, -0.00169391569216, 0.00146339903586], [-8.27632902656e-06, -0.00204437831417, -0.00137837638613, 0.0027681409847, -0.00306411716156, -0.00395457679406, 0.0119962021708, -0.00277206976898, 0.00159081188031, -0.0013024979271, 0.00198041368276, 0.00273181963712, -0.00226912880316], [-0.000404986203648, 0.00186721549835, 0.000257962325122, -0.000689140579198, 0.00311608426273, -0.00265419483185, -0.00277206976898, 0.0173858236521, -0.00622430210933, -0.00672899279743, 0.00369309308007, -0.000420283322455, -3.94927046727e-05], [0.000150753985508, -0.000694071291946, 0.000121653923998, -0.00113188358955, -0.00191335345153, 0.00437033548951, 0.00159081188031, -0.00622430210933, 0.0150391226634, 0.00215375586413, -0.0049965060316, 0.00344957807101, 6.11977884546e-05], [-0.000535405182745, -0.000238566150074, 0.000433479086496, 0.000987727777101, -0.00176577921957, 0.00178362906445, -0.0013024979271, -0.00672899279743, 0.00215375586413, 0.0150538347661, -0.00262619182467, -0.00295600364916, 0.002081745537], [6.50786969345e-05, -0.000632721465081, -0.000657302327454, 0.00296975905076, 0.000513490638696, -0.00181112391874, 0.00198041368276, 0.00369309308007, -0.0049965060316, -0.00262619182467, 0.0140025643632, -0.000697052280884, -0.000511945749167], [-0.0005094743683, -0.00175306585152, 0.0012673616875, -0.00163528788835, -0.00117676786613, -0.00169391569216, 0.00273181963712, -0.000420283322455, 0.00344957807101, -0.00295600364916, -0.000697052280884, 0.0202844608575, -0.00724060181528], [0.000138315081131, 0.00188922788948, -0.00097587145865, -0.000318974023685, -0.00125760829542, 0.00146339903586, -0.00226912880316, -3.94927046727e-05, 6.11977884546e-05, 0.002081745537, -0.000511945749167, -0.00724060181528, 0.0181623343378]]
    },
    "spectral_contrast_coeffs": {
        "max": [-0.529734492302, -0.514994263649, -0.457045823336, -0.583028912544, -0.642269849777, -0.593113780022],
        "mean": [-0.731301486492, -0.781294763088, -0.724518239498, -0.774454474449, -0.768700361252, -0.70984429121],
        "min": [-0.927484571934, -0.918743312359, -0.911585092545, -0.906255722046, -0.904993891716, -0.941551089287],
        "stdev": [0.0470671951771, 0.0600448660553, 0.101757645607, 0.0694983825088, 0.047375202179, 0.0309672951698]
    },
    "spectral_contrast_valleys": {
        "max": [-5.54103946686, -5.63121557236, -5.57921266556, -6.28066015244, -6.31152057648, -9.19124984741],
        "mean": [-8.21455383301, -7.20909452438, -6.97830104828, -7.26934051514, -7.60598564148, -11.4917526245],
        "min": [-14.0452013016, -13.6242513657, -12.285241127, -13.2309055328, -13.6196804047, -15.3541431427],
        "stdev": [1.8411346674, 0.755087375641, 0.644456326962, 0.581831216812, 0.685011029243, 0.829739749432]
    }
},
"rhythm": {
    "beats_count": 61,
    "beats_loudness": {
        "max": 0.0721185877919,
        "mean": 0.0240314844996,
        "min": 7.63896750868e-05,
        "stdev": 0.0211478266865
    },
    "bpm": 140.396820068,
    "bpm_histogram_first_peak_bpm": 140,
    "bpm_histogram_first_peak_weight": 0.464285731316,
    "bpm_histogram_second_peak_bpm": 123,
    "bpm_histogram_second_peak_spread": 0.5,
    "bpm_histogram_second_peak_weight": 0.15000000596,
    "danceability": 0.752752542496,
    "onset_rate": 0.971422731876,
    "beats_loudness_band_ratio": {
        "max": [0.485221475363, 0.636243641376, 0.544079482555, 0.859241247177, 0.584311425686, 0.120981492102],
        "mean": [0.0803531631827, 0.0546378828585, 0.137458235025, 0.495259642601, 0.222294867039, 0.0413388945162],
        "min": [6.10180177318e-05, 0.00129123253282, 0.0118474923074, 0.0456745661795, 0.0442361906171, 0.0100220963359],
        "stdev": [0.101146489382, 0.0898292809725, 0.117481842637, 0.197418883443, 0.122559584677, 0.0250473003834]
    },
    "beats_position": [0.417959183455, 0.859138309956, 1.31192743778, 1.74149656296, 2.17106580734, 2.58902478218, 3.01859402657, 3.43655323982, 3.86612248421, 4.28408145905, 4.66721057892, 5.05034017563, 5.4334692955, 5.80498838425, 6.24616765976, 6.6989569664, 7.1517457962, 7.61614513397, 8.08054447174, 8.53333282471, 9.03256225586, 9.52018165588, 10.0078001022, 10.4954195023, 10.95981884, 11.4474372864, 11.9350566864, 12.4110651016, 12.8870744705, 13.3630838394, 13.8390922546, 14.3151016235, 14.7911109924, 15.2555103302, 15.7082986832, 16.1610889435, 16.6487064362, 17.1363258362, 17.6123352051, 18.0999546051, 18.5875740051, 19.0868015289, 19.5047607422, 19.9227199554, 20.3406791687, 20.758638382, 21.1998176575, 21.640996933, 22.0705661774, 22.5001354218, 22.918094635, 23.3476638794, 23.7772331238, 24.2068023682, 24.6363716125, 25.0659408569, 25.4955101013, 25.9134693146, 26.343038559, 26.7726078033, 27.2021770477],
