{
"metadata": {
    "version": {
        "essentia": "2.1-beta5",
        "essentia_git_sha": "Undefined",
        "extractor": "music 2.0"
    },
    "audio_properties": {
        "analysis": {
            "equal_loudness": 0,
            "length": 32.4963264465,
            "sample_rate": 44100,
            "start_time": 61.4980506897,
            "downmix": "mix"
        },
        "bit_rate": 192000,
        "length": 236.750671387,
        "lossless": 0,
        "number_channels": 2,
        "replay_gain": 0.384996414185,
        "sample_rate": 48000,
        "codec": "mp3",
        "md5_encoded": "be224d74b8409fa91ef827beb0d353d9"
    },
    "tags": {
        "file_name": "United KingdomUK_That Sounds Good To Me_Josh.mp3",
        "encoding": ["Lavf58.29.100"]
    }
},
"lowlevel": {
    "average_loudness": 0.855933666229,
    "barkbands_crest": {
        "max": 24.9850158691,
        "mean": 9.07895278931,
        "min": 2.97971367836,
        "stdev": 4.13442564011
    },
    "barkbands_flatness_db": {
        "max": 0.315152645111,
        "mean": 0.162553817034,
        "min": 0.072067938745,
        "stdev": 0.034489620477
    },
    "barkbands_kurtosis": {
        "max": 76.0529556274,
        "mean": 2.76141500473,
        "min": -1.87253761292,
        "stdev": 7.08279561996
    },
    "barkbands_skewness": {
        "max": 7.70802164078,
        "mean": 1.27093017101,
        "min": -2.67738175392,
        "stdev": 1.20933628082
    },
    "barkbands_spread": {
        "max": 97.7817611694,
        "mean": 25.6567211151,
        "min": 2.43073391914,
        "stdev": 13.5723648071
    },
    "dissonance": {
        "max": 0.499596595764,
        "mean": 0.463736563921,
        "min": 0.296207696199,
        "stdev": 0.0261939894408
    },
    "dynamic_complexity": 2.56486701965,
    "erbbands_crest": {
        "max": 25.4765510559,
        "mean": 8.58252239227,
        "min": 2.45269107819,
        "stdev": 3.60712504387
    },
    "erbbands_flatness_db": {
        "max": 0.307323545218,
        "mean": 0.189558342099,
        "min": 0.108254820108,
        "stdev": 0.0388191193342
    },
    "erbbands_kurtosis": {
        "max": 10.6363096237,
        "mean": 0.10943493247,
        "min": -1.79010057449,
        "stdev": 1.52603745461
    },
    "erbbands_skewness": {
        "max": 2.69071054459,
        "mean": 0.149934530258,
        "min": -2.94191455841,
        "stdev": 0.816915750504
    },
    "erbbands_spread": {
        "max": 135.935791016,
        "mean": 42.392791748,
        "min": 12.5230073929,
        "stdev": 21.4621715546
    },
    "hfc": {
        "max": 208.074539185,
        "mean": 24.2506160736,
        "min": 0.27060469985,
        "stdev": 19.607049942
    },
    "loudness_ebu128": {
        "integrated": -23.9079036713,
        "loudness_range": 3.69515419006,
        "momentary": {
            "max": -20.0226688385,
            "mean": -24.3819732666,
            "min": -30.641626358,
            "stdev": 2.10630083084
        },
        "short_term": {
            "max": -21.4111270905,
            "mean": -24.0359077454,
            "min": -26.3666439056,
            "stdev": 1.21353542805
        }
    },
    "melbands_crest": {
        "max": 30.309797287,
        "mean": 12.2484474182,
        "min": 3.67208552361,
        "stdev": 4.94116735458
    },
    "melbands_flatness_db": {
        "max": 0.382816493511,
        "mean": 0.172379612923,
        "min": 0.0280896443874,
        "stdev": 0.0523510836065
    },
    "melbands_kurtosis": {
        "max": 237.166915894,
        "mean": 12.6657829285,
        "min": -1.79904878139,
        "stdev": 25.6512718201
    },
    "melbands_skewness": {
        "max": 13.2074117661,
        "mean": 2.45952892303,
        "min": -0.563019633293,
        "stdev": 1.92075228691
    },
    "melbands_spread": {
        "max": 190.74697876,
        "mean": 30.663526535,
        "min": 1.52531611919,
        "stdev": 24.3858776093
    },
    "pitch_salience": {
        "max": 0.883094668388,
        "mean": 0.561687171459,
        "min": 0.100788794458,
        "stdev": 0.124137222767
    },
    "silence_rate_20dB": {
        "max": 1,
        "mean": 1,
        "min": 1,
        "stdev": 0
    },
    "silence_rate_30dB": {
        "max": 1,
        "mean": 0.995003581047,
        "min": 0,
        "stdev": 0.0705086812377
    },
    "silence_rate_60dB": {
        "max": 1,
        "mean": 0.0221270527691,
        "min": 0,
        "stdev": 0.147097125649
    },
    "spectral_centroid": {
        "max": 4892.77636719,
        "mean": 1548.27441406,
        "min": 381.651092529,
        "stdev": 651.219787598
    },
    "spectral_complexity": {
        "max": 49,
        "mean": 18.0942192078,
        "min": 0,
        "stdev": 6.43507289886
    },
    "spectral_decrease": {
        "max": -7.84976111889e-11,
        "mean": -6.90701451589e-09,
        "min": -3.40232411133e-08,
        "stdev": 5.77146908043e-09
    },
    "spectral_energy": {
        "max": 0.137074396014,
        "mean": 0.0282682850957,
        "min": 0.000320812338032,
        "stdev": 0.022714279592
    },
    "spectral_energyband_high": {
        "max": 0.0261678379029,
        "mean": 0.00115581054706,
        "min": 1.07987088995e-05,
        "stdev": 0.00210736622103
    },
    "spectral_energyband_low": {
        "max": 0.0836477503181,
        "mean": 0.0103280134499,
        "min": 1.246278498e-05,
        "stdev": 0.0165145732462
    },
    "spectral_energyband_middle_high": {
        "max": 0.0434969775379,
        "mean": 0.00636040512472,
        "min": 6.84780097799e-05,
        "stdev": 0.00652606459334
    },
    "spectral_energyband_middle_low": {
        "max": 0.109351329505,
        "mean": 0.0116695445031,
        "min": 0.000226739939535,
        "stdev": 0.0101093202829
    },
    "spectral_entropy": {
        "max": 8.46242523193,
        "mean": 7.60865926743,
        "min": 6.77562665939,
        "stdev": 0.334558695555
    },
    "spectral_flux": {
        "max": 0.28607288003,
        "mean": 0.081503175199,
        "min": 0.0167583804578,
        "stdev": 0.0455085039139
    },
    "spectral_kurtosis": {
        "max": 11.7025547028,
        "mean": 2.1348798275,
        "min": -1.29221820831,
        "stdev": 2.1332461834
    },
    "spectral_rms": {
        "max": 0.0115642165765,
        "mean": 0.00486381677911,
        "min": 0.00055945297936,
        "stdev": 0.00198042439297
    },
    "spectral_rolloff": {
        "max": 9087.01171875,
        "mean": 1848.16662598,
        "min": 86.1328125,
        "stdev": 1585.23339844
    },
    "spectral_skewness": {
        "max": 2.87466311455,
        "mean": 1.06016492844,
        "min": -0.283190637827,
        "stdev": 0.411834269762
    },
    "spectral_spread": {
        "max": 10439771,
        "mean": 4204551.5,
        "min": 2390741.25,
        "stdev": 1090359.5
    },
    "spectral_strongpeak": {
        "max": 7.9582734108,
        "mean": 1.37734246254,
        "min": 0.0205138828605,
        "stdev": 1.58266067505
    },
    "zerocrossingrate": {
        "max": 0.2998046875,
        "mean": 0.068709641695,
        "min": 0.01025390625,
        "stdev": 0.0377235412598
    },
    "barkbands": {
        "max": [0.00315669900738, 0.0706334859133, 0.0477746166289, 0.0275343153626, 0.0297496560961, 0.0122197717428, 0.028030179441, 0.0732681751251, 0.0193873345852, 0.0328897982836, 0.0216230489314, 0.0226755831391, 0.0203396026045, 0.00826161820441, 0.00732551375404, 0.0108673116192, 0.00698897521943, 0.00440083770081, 0.0036280262284, 0.00257011898793, 0.00600514747202, 0.00799603573978, 0.00603891210631, 0.0145083656535, 0.00101225706749, 2.56035150414e-07, 2.68038263584e-07],
        "mean": [9.79211472441e-05, 0.00634346017614, 0.00296611804515, 0.00136152119376, 0.00194115680642, 0.00154168414883, 0.00230191950686, 0.00253650825471, 0.00131517392583, 0.00119996117428, 0.000866753398441, 0.000826185219921, 0.00060078286333, 0.000419609976234, 0.000316703692079, 0.000645062420517, 0.000768170808442, 0.000636071257759, 0.00034300936386, 0.000160831943504, 0.000234962513787, 0.000311526790028, 0.000261672917986, 0.000251779478276, 1.97449771804e-05, 1.38271039063e-09, 1.43982281653e-09],
        "min": [2.86363688318e-09, 7.878602446e-07, 9.99386202238e-07, 4.34271578342e-06, 3.56887467206e-05, 1.20207241707e-05, 8.43881662149e-06, 3.68810924556e-06, 1.85203643923e-05, 1.53176370077e-05, 1.72866009507e-06, 2.15888144339e-06, 3.85000976166e-06, 3.01194154417e-06, 5.70081920159e-06, 2.95619997814e-06, 3.17511580761e-06, 5.38608264833e-06, 1.53762243826e-06, 3.83728547604e-06, 2.88444653052e-06, 1.88639194221e-06, 8.08025163224e-07, 3.57498265657e-07, 2.32886643303e-09, 1.24183482941e-10, 1.68724978433e-10],
        "stdev": [0.000226299860515, 0.0122783835977, 0.00685027008876, 0.00261621084064, 0.00280888099223, 0.00152843480464, 0.0032949000597, 0.0050808773376, 0.00253000180237, 0.00240185554139, 0.00241985660978, 0.00212777638808, 0.00141358247492, 0.000753794098273, 0.000678914133459, 0.00113832682837, 0.00121383217629, 0.000811552396044, 0.000433200853877, 0.000240860317717, 0.000440076488303, 0.00058491085656, 0.000505209085532, 0.000783375056926, 6.88873478794e-05, 9.79388925515e-09, 1.02350501407e-08]
    },
    "erbbands": {
        "max": [2.67372202873, 18.1151371002, 49.7817115784, 87.3642425537, 88.9261627197, 142.150253296, 156.860229492, 70.2228546143, 299.682128906, 905.842468262, 945.485778809, 400.708221436, 1151.23266602, 667.555236816, 983.475158691, 1080.75390625, 755.634399414, 296.4034729, 264.694091797, 324.672424316, 601.795410156, 452.505828857, 277.471313477, 165.673034668, 145.169631958, 156.115097046, 252.566955566, 312.943206787, 341.269805908, 172.461578369, 180.399887085, 353.304412842, 162.238525391, 23.7189216614, 0.588096559048, 0.0327510274947, 0.00397153012455, 0.000839208310936, 0.000268841278739, 0.000163771022926],
        "mean": [0.124607004225, 1.60425949097, 3.65473484993, 4.53626775742, 3.98033952713, 7.02478265762, 12.6223249435, 11.3233003616, 27.2814311981, 52.1678199768, 41.7814750671, 26.2079601288, 50.536945343, 25.4184112549, 36.2194900513, 38.2559967041, 31.8616447449, 22.2708587646, 17.5334796906, 23.8210849762, 35.5534248352, 43.0127487183, 36.2528076172, 19.8340740204, 14.4248943329, 7.92994737625, 8.16357707977, 10.3070878983, 11.8002595901, 8.18133735657, 7.64607810974, 5.53679227829, 3.81616258621, 0.580814301968, 0.014694926329, 0.000884654116817, 0.000126089929836, 2.79906162177e-05, 2.19121993723e-05, 3.59651239705e-05],
        "min": [2.28301014431e-05, 0.000395107112126, 0.00261478754692, 0.0182520821691, 0.0385674200952, 0.0762993246317, 0.190670311451, 0.273956716061, 0.26069933176, 0.172587707639, 0.270096361637, 0.402308553457, 0.598674833775, 0.299114495516, 0.154030457139, 0.14884378016, 0.577934682369, 0.253873586655, 0.287867188454, 0.170081138611, 0.199118211865, 0.172049418092, 0.307480424643, 0.118023477495, 0.0905857086182, 0.172975704074, 0.166988044977, 0.102941669524, 0.074030302465, 0.0161038711667, 0.0210309308022, 0.0106777092442, 0.00483696721494, 0.000760252005421, 3.01867385133e-05, 6.09303515375e-06, 3.08843800667e-06, 6.5393709292e-07, 1.28500278151e-06, 2.11255905924e-06],
        "stdev": [0.250260591507, 3.17982268333, 7.88071203232, 8.57303524017, 6.55053853989, 11.9916810989, 15.8677663803, 12.5514726639, 36.0955200195, 90.012336731, 83.9258651733, 48.0013084412, 103.936676025, 53.6205558777, 101.360374451, 94.8167877197, 64.8144760132, 37.5876159668, 28.6986122131, 38.3212623596, 60.4682121277, 63.7646026611, 45.9674530029, 24.0026226044, 17.2278556824, 11.9181060791, 15.6112174988, 20.1120986938, 21.7580432892, 16.1527957916, 15.0002861023, 16.5266971588, 11.3868122101, 1.78386855125, 0.0443124249578, 0.00249215704389, 0.000311261974275, 6.25484681223e-05, 2.15355266846e-05, 2.73155637842e-05]
    },
    "gfcc": {
        "mean": [-10.3107452393, 121.52709198, -157.19090271, 60.9409561157, -84.1260757446, 16.4383964539, -34.7022361755, -5.20725440979, 4.31287622452, -24.3702430725, 8.0301656723, -16.659570694, 0.418853908777],
        "cov": [[1721.75854492, -271.091918945, 75.0656814575, 121.322219849, -16.2848873138, 211.774291992, 86.733253479, 170.121627808, 80.0681152344, 14.2456045151, 59.2249259949, 44.4374008179, -109.787857056], [-271.091918945, 835.480529785, -124.456314087, -139.318008423, 286.095855713, -160.789169312, 171.33303833, -19.6364936829, 150.226837158, -66.0332183838, 100.430801392, -14.6217889786, -42.9407234192], [75.0656814575, -124.456314087, 602.187255859, 330.7371521, 22.2423305511, 271.491943359, 28.4484519958, 33.2644004822, 7.0794467926, 144.732666016, -8.15450382233, -26.3519191742, 47.8232536316], [121.322219849, -139.318008423, 330.7371521, 447.289093018, 156.865005493, 127.711036682, 8.93927288055, 80.0784835815, 41.9332885742, 50.5509109497, -68.7152557373, -7.82181787491, 64.2503128052], [-16.2848873138, 286.095855713, 22.2423305511, 156.865005493, 330.38269043, 1.41601514816, 83.6250534058, 91.9757385254, 129.570220947, -35.276260376, 8.13678455353, 2.74201011658, 13.8931083679], [211.774291992, -160.789169312, 271.491943359, 127.711036682, 1.41601514816, 300.652770996, 104.746047974, 48.4316558838, -25.3322353363, 92.2447509766, 38.2531661987, 4.37903690338, 8.87979602814], [86.733253479, 171.33303833, 28.4484519958, 8.93927288055, 83.6250534058, 104.746047974, 228.651428223, 37.1427688599, 24.2905273438, 9.48670196533, 74.8162612915, 20.2185459137, -24.2368812561], [170.121627808, -19.6364936829, 33.2644004822, 80.0784835815, 91.9757385254, 48.4316558838, 37.1427688599, 146.047576904, 85.2178878784, 6.65429735184, 12.2324438095, 19.547712326, 9.36141300201], [80.0681152344, 150.226837158, 7.0794467926, 41.9332885742, 129.570220947, -25.3322353363, 24.2905273438, 85.2178878784, 179.827896118, 15.5630331039, 13.4853839874, 14.1017694473, -10.1651725769], [14.2456045151, -66.0332183838, 144.732666016, 50.5509109497, -35.276260376, 92.2447509766, 9.48670196533, 6.65429735184, 15.5630331039, 119.61769104, 34.7302780151, -4.49644374847, 19.6635532379], [59.2249259949, 100.430801392, -8.15450382233, -68.7152557373, 8.13678455353, 38.2531661987, 74.8162612915, 12.2324438095, 13.4853839874, 34.7302780151, 106.771995544, 34.5202674866, -19.95337677], [44.4374008179, -14.6217889786, -26.3519191742, -7.82181787491, 2.74201011658, 4.37903690338, 20.2185459137, 19.547712326, 14.1017694473, -4.49644374847, 34.5202674866, 64.7193984985, 19.7132129669], [-109.787857056, -42.9407234192, 47.8232536316, 64.2503128052, 13.8931083679, 8.87979602814, -24.2368812561, 9.36141300201, -10.1651725769, 19.6635532379, -19.95337677, 19.7132129669, 80.0221710205]],
        "icov": [[0.000940964149777, 4.68240068585e-05, 0.000405983970268, -0.000742696109228, 0.000659628189169, -0.000840512628201, 0.000258373504039, -0.000727897509933, -0.000463882955955, 0.000529724289663, -0.000522992108017, -0.000464509357698, 0.00160687335301], [4.68240068585e-05, 0.00753153348342, -0.00360090704635, 0.00421704957262, -0.00602212222293, 0.00576141709462, -0.00502801500261, 0.0047924015671, -0.00416661566123, 0.00408206181601, -0.00699061248451, 0.00676293950528, -0.00374694354832], [0.000405983970268, -0.00360090704635, 0.00772860553116, -0.00638613523915, 0.00491515593603, -0.0070924363099, 0.00349070248194, -0.000506186159328, -0.000586630485486, -0.00207387306727, 0.000169501203345, 0.000333873234922, 0.000578621577006], [-0.000742696109228, 0.00421704957262, -0.00638613523915, 0.0111191635951, -0.00873957388103, 0.00540736457333, -0.00367670692503, 0.000456121488241, 0.00167651975062, -0.00257794139907, 0.00523010874167, -0.00163640908431, -0.00156315823551], [0.000659628189169, -0.00602212222293, 0.00491515593603, -0.00873957388103, 0.0147946039215, -0.00664294883609, 0.00289082573727, -0.00343599286862, -0.00436915224418, 0.00561603577808, -0.00282235397026, 0.00256769848056, -0.00207212171517], [-0.000840512628201, 0.00576141709462, -0.0070924363099, 0.00540736457333, -0.00664294883609, 0.0153388222679, -0.00783121865243, -6.77012722008e-05, 0.00287974020466, -0.00346202356741, -0.0012643430382, 0.00131353712641, -0.000499590416439], [0.000258373504039, -0.00502801500261, 0.00349070248194, -0.00367670692503, 0.00289082573727, -0.00783121865243, 0.0115897590294, -0.00267958384939, 0.00189375423361, 1.18948055388e-05, -0.00114951469004, -0.00362232280895, 0.0035565297585], [-0.000727897509933, 0.0047924015671, -0.000506186159328, 0.000456121488241, -0.00343599286862, -6.77012722008e-05, -0.00267958384939, 0.0167049355805, -0.00969259254634, 0.00632802210748, -0.00769514916465, 0.00612042332068, -0.00686519825831], [-0.000463882955955, -0.00416661566123, -0.000586630485486, 0.00167651975062, -0.00436915224418, 0.00287974020466, 0.00189375423361, -0.00969259254634, 0.0186341647059, -0.0136573622003, 0.0126086100936, -0.0132369874045, 0.0104065630585], [0.000529724289663, 0.00408206181601, -0.00207387306727, -0.00257794139907, 0.00561603577808, -0.00346202356741, 1.18948055388e-05, 0.00632802210748, -0.0136573622003, 0.0295205488801, -0.0225513819605, 0.0189171768725, -0.0143732549623], [-0.000522992108017, -0.00699061248451, 0.000169501203345, 0.00523010874167, -0.00282235397026, -0.0012643430382, -0.00114951469004, -0.00769514916465, 0.0126086100936, -0.0225513819605, 0.0399214848876, -0.0282552484423, 0.0164710860699], [-0.000464509357698, 0.00676293950528, 0.000333873234922, -0.00163640908431, 0.00256769848056, 0.00131353712641, -0.00362232280895, 0.00612042332068, -0.0132369874045, 0.0189171768725, -0.0282552484423, 0.0423226393759, -0.0220999252051], [0.00160687335301, -0.00374694354832, 0.000578621577006, -0.00156315823551, -0.00207212171517, -0.000499590416439, 0.0035565297585, -0.00686519825831, 0.0104065630585, -0.0143732549623, 0.0164710860699, -0.0220999252051, 0.0303003564477]]
    },
    "melbands": {
        "max": [0.0222304984927, 0.0210153739899, 0.0121773434803, 0.00666883261874, 0.0063566644676, 0.00206536240876, 0.0044666538015, 0.012618150562, 0.00616569397971, 0.00259424885735, 0.00587714090943, 0.00261607067659, 0.00347843882628, 0.0018095318228, 0.00390206021257, 0.000837258121464, 0.00068122416269, 0.000477467750898, 0.000825729512144, 0.000946580490563, 0.000567213457543, 0.000603179621976, 0.000362090737326, 0.000310913601425, 0.000144181321957, 0.000180947376066, 7.81143535278e-05, 0.000119136631838, 0.000185639655683, 0.000122934070532, 0.000226483258302, 0.000240475579631, 0.000105984487163, 0.000106114333903, 0.000124348589452, 0.000142323144246, 0.000261308305198, 0.000143022058182, 7.07613944542e-05, 3.39924736181e-06],
        "mean": [0.00148122175597, 0.00202162540518, 0.000740459945519, 0.000375788862584, 0.000420651049353, 0.000287848524749, 0.000415089074522, 0.000581604894251, 0.000312099582516, 0.000172738320543, 0.000247973628575, 9.27317742025e-05, 0.000127792605781, 6.99216107023e-05, 0.000126014754642, 4.38072383986e-05, 4.13259513152e-05, 2.67701907433e-05, 2.5987972549e-05, 4.53663815279e-05, 4.14965288655e-05, 4.72454448754e-05, 4.25006837759e-05, 2.30775476666e-05, 1.53559631144e-05, 1.20979657368e-05, 7.241098956e-06, 4.72067540613e-06, 4.58289969174e-06, 5.82398070037e-06, 5.92557353229e-06, 6.77053049003e-06, 5.86736541663e-06, 4.16293596572e-06, 4.52776248494e-06, 4.02139539801e-06, 3.11604480885e-06, 2.85324495053e-06, 1.81691825674e-06, 6.42308819465e-08],
        "min": [1.51371239099e-07, 1.69060626831e-06, 3.49005040334e-06, 4.77777257402e-06, 3.72783551938e-06, 3.15850638799e-06, 4.4067064664e-06, 1.50471646521e-06, 1.57845624926e-06, 2.52023278335e-06, 1.94796007236e-06, 9.09705022423e-07, 3.53207980197e-07, 2.33476939115e-07, 8.43348288981e-07, 5.74610226067e-07, 3.41215468325e-07, 4.20770845722e-07, 4.25094555112e-07, 1.72665934883e-07, 2.42528329863e-07, 1.67057663703e-07, 1.74026141053e-07, 2.40423787545e-07, 7.75200703629e-08, 6.74677522738e-08, 5.38617577206e-08, 1.37671676725e-07, 1.10999799574e-07, 8.86331434913e-08, 4.61916798145e-08, 5.95715725638e-08, 1.1252530463e-08, 5.59962654023e-09, 1.03589004041e-08, 9.0409422171e-09, 5.3998934213e-09, 3.75190412072e-09, 2.2682806744e-09, 9.67583825562e-12],
        "stdev": [0.00281344400719, 0.0037919182796, 0.00132764934096, 0.000562866451219, 0.00055757741211, 0.000308563263388, 0.00055634212913, 0.0010549291037, 0.000672109075822, 0.000333114876412, 0.000518699525855, 0.000210690297536, 0.000371205358533, 0.000168747603311, 0.000335124728736, 8.49453863339e-05, 7.60585899116e-05, 4.49948129244e-05, 5.75927479076e-05, 8.17098843982e-05, 6.87016217853e-05, 7.74418658693e-05, 5.87553549849e-05, 3.54045259883e-05, 1.98434299818e-05, 1.73851803993e-05, 8.88052363734e-06, 8.53363599163e-06, 9.69541360973e-06, 1.03047104858e-05, 1.314032761e-05, 1.3333096831e-05, 1.08100921352e-05, 8.6364298113e-06, 8.96120673133e-06, 8.92205935088e-06, 1.14168396976e-05, 9.10622202355e-06, 5.40948440175e-06, 2.46796361125e-07]
    },
    "melbands128": {
        "max": [0.00286849634722, 0.0205579176545, 0.0357124060392, 0.0384887158871, 0.0275903493166, 0.0210298188031, 0.0218472946435, 0.0118043553084, 0.0109209483489, 0.00998794846237, 0.010033890605, 0.0116427615285, 0.00641964143142, 0.00489265983924, 0.00252439687029, 0.00343322358094, 0.00570562854409, 0.00638156663626, 0.0122556211427, 0.0157703980803, 0.028328936547, 0.014525716193, 0.00936587154865, 0.00670315511525, 0.00457937968895, 0.00565602863207, 0.00823226943612, 0.0110666854307, 0.00445464998484, 0.00258935568854, 0.00559198576957, 0.00446560839191, 0.00718862004578, 0.00525154359639, 0.00151714123785, 0.00396811868995, 0.00585441850126, 0.00858132354915, 0.00512559758499, 0.0021312632598, 0.00121912534814, 0.000827512412798, 0.00127813313156, 0.00201785820536, 0.00108011858538, 0.000387398875318, 0.00117454212159, 0.00145973660983, 0.00129781744909, 0.000896129116882, 0.00197569211014, 0.0023705039639, 0.00110338896047, 0.000743133481592, 0.00133827747777, 0.00121830182616, 0.00077623029938, 0.000689449778292, 0.000630859809462, 0.00063095841324, 0.000670531822834, 0.000285968388198, 0.000209324061871, 0.000296713056741, 0.000478706031572, 0.00041905103717, 0.00022363885364, 0.000152383479872, 0.000100287827081, 8.91101371963e-05, 0.000217609485844, 0.000158547147294, 0.000163929420523, 0.000292630895274, 0.000163297023391, 0.000156550871907, 8.16317624412e-05, 0.000144209974678, 0.00033490874921, 0.000258310930803, 0.00033476788667, 0.000246349867666, 0.000163845339557, 0.000138631105074, 0.000114516915346, 0.000104988204839, 0.00015323459229, 0.000167635254911, 0.000122793469927, 0.00010305208707, 0.000110495828267, 0.000188492209418, 0.000204905314604, 0.000239270695602, 0.000377775053494, 0.000202906885534, 0.000105947998236, 9.80024706223e-05, 0.000119176380394, 4.69072911073e-05, 3.60620276751e-07, 2.66020894202e-09, 2.4648028063e-09, 2.29882868297e-09, 2.16965689859e-09, 2.0571251369e-09, 1.96562721655e-09, 1.86252624435e-09, 1.76933667717e-09, 1.69452174514e-09, 1.61960445055e-09, 1.55631341148e-09, 1.49191092813e-09, 1.43313938494e-09, 1.38823141871e-09, 1.34382305284e-09, 1.30167177037e-09, 1.26014187973e-09, 1.21161769506e-09, 1.18394805071e-09, 1.16273568551e-09, 1.12668951946e-09, 1.10765252526e-09, 1.0914656956e-09, 1.07497366564e-09, 1.06234065989e-09, 1.0525982308e-09, 1.04634612086e-09],
        "mean": [8.81329833646e-05, 0.000693388050422, 0.00211353111081, 0.00290070427582, 0.00215260358527, 0.00136721518356, 0.00100176618434, 0.000536506762728, 0.000354767107638, 0.0003593438596, 0.000387462961953, 0.000432762026321, 0.000504238181747, 0.000320424820529, 0.000179421695066, 0.000273717916571, 0.00052380328998, 0.00036218346213, 0.000384807324735, 0.000682136917021, 0.000684426922817, 0.000301805150229, 0.000368112931028, 0.000151507192641, 0.000121467281133, 0.000145230340422, 0.000339869147865, 0.000313291529892, 0.000134472880745, 7.27580118109e-05, 0.000102183134004, 6.91694076522e-05, 0.000188222518773, 0.000118405587273, 3.70837660739e-05, 4.91834362037e-05, 0.000123723730212, 0.000179600086994, 8.4659724962e-05, 5.93258628214e-05, 2.64678656094e-05, 3.42803214153e-05, 4.55834087916e-05, 5.08765951963e-05, 2.36646919802e-05, 1.48633462231e-05, 3.99670498155e-05, 2.56836592598e-05, 1.65680085047e-05, 3.16708319588e-05, 5.59862164664e-05, 5.71898635826e-05, 2.80563490378e-05, 2.56150669884e-05, 8.42344161356e-05, 4.35690235463e-05, 2.77372582786e-05, 4.19397474616e-05, 5.39424472663e-05, 2.94382680295e-05, 2.16452626773e-05, 1.92036968656e-05, 1.14968215712e-05, 1.86432353075e-05, 1.34219617394e-05, 1.08636268124e-05, 1.29311092678e-05, 8.49790922075e-06, 5.4628876569e-06, 5.81600306759e-06, 4.88202977067e-06, 4.10818574892e-06, 3.95976530854e-06, 4.84658266942e-06, 5.02268858327e-06, 5.79226207265e-06, 6.07871470493e-06, 6.19061302132e-06, 5.68479435969e-06, 5.96181143919e-06, 6.53841607345e-06, 7.22286449673e-06, 7.1026383921e-06, 6.25712436886e-06, 4.36390973846e-06, 3.61529259862e-06, 4.11283463109e-06, 5.06589958604e-06, 4.44495344709e-06, 4.41388465333e-06, 4.09987023886e-06, 3.98655402023e-06, 3.8395669435e-06, 2.59554235527e-06, 3.25669338963e-06, 2.84453494714e-06, 2.72051784123e-06, 2.94847950499e-06, 2.44863895205e-06, 8.93267895208e-07, 6.78280320798e-09, 4.31059909989e-11, 1.76848032746e-11, 1.3702456704e-11, 1.23305376326e-11, 1.17011626083e-11, 1.10061751379e-11, 1.0314315374e-11, 9.75150342419e-12, 9.22334170844e-12, 8.81779111533e-12, 8.34947475742e-12, 7.9268319339e-12, 7.61323989962e-12, 7.36473208807e-12, 7.17195009978e-12, 6.97429093643e-12, 6.82165478619e-12, 6.62949556363e-12, 6.46696064754e-12, 6.30275475907e-12, 6.18119704726e-12, 6.09601431834e-12, 5.95977867751e-12, 5.62740522583e-12, 5.12565120556e-12, 4.84191940014e-12, 4.78038355428e-12],
        "min": [2.74536637868e-09, 1.89371380799e-08, 1.52656497221e-07, 1.71032866092e-07, 2.97599200394e-07, 3.86300825994e-07, 4.2960510882e-07, 2.5965457553e-06, 1.97846384253e-06, 5.14442831445e-07, 1.09922143565e-06, 6.78293758938e-07, 7.45704312521e-07, 5.00986516272e-07, 2.38981385792e-07, 1.372626798e-06, 2.7995461096e-06, 1.12051338874e-06, 1.25487053992e-06, 4.00081603402e-07, 1.75956543558e-07, 3.05300034142e-07, 7.39300048735e-07, 6.34431785329e-07, 1.91076452438e-07, 2.90446962481e-07, 7.66404923525e-07, 3.81539706495e-07, 2.90793593649e-07, 2.53776761383e-07, 2.0924450439e-07, 1.82388603776e-07, 1.39808946642e-07, 8.56724682308e-08, 1.17454966642e-07, 1.11542860282e-07, 2.94809012757e-07, 1.2299943819e-07, 1.61085893069e-07, 1.12390679874e-07, 1.98693342668e-07, 3.80623873752e-07, 1.8159194326e-07, 2.53752403978e-07, 1.66646699995e-07, 1.55277717795e-07, 4.24502871965e-07, 2.2921383902e-07, 1.53511166445e-07, 3.63112988566e-08, 1.76666731022e-07, 1.41654837194e-07, 1.46993883732e-07, 1.87331394841e-07, 2.35903613088e-07, 1.21968454891e-07, 6.3783389237e-08, 1.74038007117e-07, 1.90425794244e-07, 8.9210907106e-08, 1.7557501053e-07, 1.69345341305e-07, 1.00522939306e-07, 4.42657039912e-08, 3.08728651532e-08, 4.06608826609e-08, 9.65293409649e-08, 3.10672767512e-08, 3.73739510451e-08, 6.42123580974e-08, 9.90211077578e-08, 8.01208912549e-08, 6.2026842329e-08, 6.02381788894e-08, 3.31025624689e-08, 3.25889111252e-08, 4.71789860512e-08, 3.77426836451e-08, 2.48875142717e-08, 3.81488831636e-08, 4.42687415614e-08, 2.65648036901e-08, 5.99242255817e-09, 1.76968892873e-08, 9.58340606871e-09, 4.21709378529e-09, 4.00567490288e-09, 7.30306171093e-09, 4.46428050083e-09, 3.57847973476e-09, 1.077266365e-08, 5.31338351095e-09, 4.84460249695e-09, 5.11108133594e-09, 2.27699525901e-09, 4.17521750506e-09, 3.59735152777e-09, 1.3025380774e-09, 1.52983004043e-09, 1.01237268568e-10, 5.34784326198e-12, 5.45605065034e-13, 3.36766015465e-13, 5.35628399273e-13, 4.48012883302e-13, 4.87389967795e-13, 3.83730482285e-13, 4.55604195863e-13, 4.60559596103e-13, 3.83947566665e-13, 4.9554750494e-13, 6.07322677391e-13, 4.90244997375e-13, 4.25663221034e-13, 4.66797607512e-13, 5.02292597706e-13, 4.90961221331e-13, 3.9333456197e-13, 4.48950663971e-13, 4.28379445631e-13, 4.35230302319e-13, 4.42957573833e-13, 4.78541631235e-13, 5.18361937575e-13, 3.48702485073e-13, 1.57416004602e-13, 2.3014195191e-14, 5.7119555625e-16],
        "stdev": [0.00021133221162, 0.00169816345442, 0.00426851771772, 0.00618519540876, 0.00489859748632, 0.00310619152151, 0.00199131621048, 0.00107972882688, 0.000661827041768, 0.000638234370854, 0.000809849472716, 0.000930652720854, 0.00070672511356, 0.000406717794249, 0.000318560138112, 0.000412204186432, 0.000811382953543, 0.000646213069558, 0.000902153784409, 0.00140069262125, 0.0017641558079, 0.000881605723407, 0.00104349479079, 0.000527425960172, 0.000397443305701, 0.000464592856588, 0.000928990484681, 0.00078276428394, 0.000359413446859, 0.000199210800929, 0.000371972710127, 0.000256551982602, 0.000683163350914, 0.000439720548457, 0.000121970108012, 0.000222774484428, 0.000419378804509, 0.000631331757177, 0.000281095388345, 0.000157562622917, 9.14223346626e-05, 8.3479550085e-05, 0.000121849647257, 0.000146791004227, 6.86240600771e-05, 3.5434270103e-05, 0.000109402215458, 8.78930441104e-05, 7.35910216463e-05, 8.60715808813e-05, 0.000117574170872, 0.000182808347745, 8.59696156112e-05, 5.99937156949e-05, 0.000199558824534, 9.53229537117e-05, 6.95266353432e-05, 8.5065345047e-05, 9.36992946663e-05, 6.52333474136e-05, 5.77335813432e-05, 2.9316814107e-05, 1.83957708941e-05, 3.38919162459e-05, 3.06960064336e-05, 2.64496702584e-05, 2.16687985812e-05, 1.36949802254e-05, 9.07281628315e-06, 9.97037022898e-06, 1.10691944428e-05, 9.20968795981e-06, 8.79789786268e-06, 1.22675864986e-05, 1.16673045341e-05, 1.23534464365e-05, 9.65911112871e-06, 1.33781250042e-05, 1.52953107317e-05, 1.46819811562e-05, 1.61717525771e-05, 1.36941607707e-05, 1.31148417495e-05, 1.23565614558e-05, 1.02058565972e-05, 8.5816191131e-06, 8.97330119187e-06, 1.05094604805e-05, 9.83656536846e-06, 8.88804879651e-06, 8.87962323759e-06, 1.00974320958e-05, 1.06163906821e-05, 9.95393656922e-06, 1.65108704095e-05, 1.07284586193e-05, 8.41286964715e-06, 8.12564303487e-06, 8.09334142104e-06, 3.21332709063e-06, 2.54665835087e-08, 1.84415663296e-10, 1.05442210518e-10, 9.06994965244e-11, 8.48253897678e-11, 7.95438229173e-11, 7.56891008202e-11, 7.15272355234e-11, 6.78436057333e-11, 6.4920416265e-11, 6.19631845833e-11, 5.94811422339e-11, 5.70013342083e-11, 5.4748122702e-11, 5.30312772862e-11, 5.13249234779e-11, 4.97217683693e-11, 4.81477045733e-11, 4.62258321898e-11, 4.52051729383e-11, 4.44101040664e-11, 4.30084405589e-11, 4.22982308901e-11, 4.16528027347e-11, 4.10337736012e-11, 4.05657139824e-11, 4.02000273347e-11, 3.99596293554e-11]
    },
    "mfcc": {
        "mean": [-622.274963379, 111.834747314, -3.15995311737, 25.5832881927, -6.42300128937, 7.67242622375, -18.0953025818, 14.7753992081, -9.94532394409, 4.92739391327, -4.15068101883, 9.12336158752, -7.66340875626],
        "cov": [[1720.16162109, -339.528137207, 39.0389060974, -55.7440795898, -0.79028570652, -1.7149900198, 32.1275062561, 185.470397949, -7.26401662827, 23.9265060425, 116.585800171, 100.097061157, 28.9929351807], [-339.528137207, 956.619262695, -396.758880615, 30.5023288727, -26.874042511, -49.6986618042, -44.3357276917, 110.769142151, -93.8502197266, 70.4082107544, 85.2302856445, 2.42372083664, -16.7558059692], [39.0389060974, -396.758880615, 676.792663574, 24.8473854065, 75.2284011841, 209.506500244, 146.012832642, -109.241096497, 92.6668548584, 32.5783805847, 16.3299293518, 43.0758857727, 46.2529983521], [-55.7440795898, 30.5023288727, 24.8473854065, 340.526306152, 179.55708313, 41.5283470154, -15.3005857468, 58.2087097168, 115.638069153, 33.3806190491, -22.0351791382, 17.9555034637, 14.1055450439], [-0.79028570652, -26.874042511, 75.2284011841, 179.55708313, 288.996643066, 34.4897689819, -20.1437778473, 41.9270782471, 127.849105835, 45.6157684326, 7.56887769699, 22.5763816833, 41.1008796692], [-1.7149900198, -49.6986618042, 209.506500244, 41.5283470154, 34.4897689819, 202.245361328, 121.171951294, 3.00460267067, 37.1498794556, 47.2917900085, 34.8837127686, 20.1382732391, 2.7732770443], [32.1275062561, -44.3357276917, 146.012832642, -15.3005857468, -20.1437778473, 121.171951294, 227.278442383, 28.3975257874, 10.0303678513, 17.7137126923, 37.1623268127, 12.719786644, 6.70972537994], [185.470397949, 110.769142151, -109.241096497, 58.2087097168, 41.9270782471, 3.00460267067, 28.3975257874, 208.639801025, 23.3328514099, 41.1657752991, 50.7738113403, 25.9738864899, -3.0835852623], [-7.26401662827, -93.8502197266, 92.6668548584, 115.638069153, 127.849105835, 37.1498794556, 10.0303678513, 23.3328514099, 151.96685791, 32.9227638245, -4.86757230759, 16.6232833862, 31.8190040588], [23.9265060425, 70.4082107544, 32.5783805847, 33.3806190491, 45.6157684326, 47.2917900085, 17.7137126923, 41.1657752991, 32.9227638245, 112.396636963, 50.5280075073, 16.0574245453, 0.0878702178597], [116.585800171, 85.2302856445, 16.3299293518, -22.0351791382, 7.56887769699, 34.8837127686, 37.1623268127, 50.7738113403, -4.86757230759, 50.5280075073, 129.965438843, 31.8990154266, -1.20955169201], [100.097061157, 2.42372083664, 43.0758857727, 17.9555034637, 22.5763816833, 20.1382732391, 12.719786644, 25.9738864899, 16.6232833862, 16.0574245453, 31.8990154266, 90.3730392456, 38.1219902039], [28.9929351807, -16.7558059692, 46.2529983521, 14.1055450439, 41.1008796692, 2.7732770443, 6.70972537994, -3.0835852623, 31.8190040588, 0.0878702178597, -1.20955169201, 38.1219902039, 76.263130188]],
        "icov": [[0.000873013515957, 0.000573338998947, 9.29141315282e-05, 5.57077983103e-05, 1.64297034644e-05, 6.87520659994e-05, 0.000143914541695, -0.000879058963619, 0.000505495641846, -8.19122287794e-05, -0.000698900374118, -0.000535697734449, -0.000286254973616], [0.000573338998947, 0.00216919137165, 0.00124691450037, -0.000521295762155, -1.04641649159e-05, -0.000454664317658, 8.70992807904e-05, -0.000487285637064, 0.00163766508922, -0.00118011655286, -0.00135288573802, -0.000124363665236, -0.00104759901296], [9.29141315282e-05, 0.00124691450037, 0.00375569565222, 3.71488313249e-05, -0.000394596369006, -0.00265223928727, -0.000774393964093, 0.00185987306759, -0.000376562791644, -0.000636046752334, -0.000719811418094, -0.000789497746155, -0.00105251336936], [5.57077983103e-05, -0.000521295762155, 3.71488313249e-05, 0.00541417486966, -0.00232839118689, -0.00104025646579, 0.00047603980056, -0.000954158429522, -0.00236361799762, 0.000337606237736, 0.00192434981, -0.00110977748409, 0.00162362016272], [1.64297034644e-05, -1.04641649159e-05, -0.000394596369006, -0.00232839118689, 0.00711018778384, -0.000191747792996, 0.00127597129904, -0.000566499482375, -0.00341816456057, -0.000684398808517, -0.000984849757515, 0.000984145444818, -0.00237932452001], [6.87520659994e-05, -0.000454664317658, -0.00265223928727, -0.00104025646579, -0.000191747792996, 0.0109582366422, -0.00413455907255, 0.000199716916541, -5.59017462365e-06, -0.00235527916811, -0.000284714478767, -0.000863786437549, 0.00218393746763], [0.000143914541695, 8.70992807904e-05, -0.000774393964093, 0.00047603980056, 0.00127597129904, -0.00413455907255, 0.00757371075451, -0.00203755358234, -0.00018487359921, 0.00115971919149, -0.00106528645847, 0.00102723203599, -0.00139458815102], [-0.000879058963619, -0.000487285637064, 0.00185987306759, -0.000954158429522, -0.000566499482375, 0.000199716916541, -0.00203755358234, 0.00834167189896, -0.00137601734605, -0.00120520615019, -0.00121206068434, -0.0013958417112, 0.00134422630072], [0.000505495641846, 0.00163766508922, -0.000376562791644, -0.00236361799762, -0.00341816456057, -5.59017462365e-06, -0.00018487359921, -0.00137601734605, 0.0140139413998, -0.0027295385953, 0.000318123959005, 0.000592858239543, -0.00349895982072], [-8.19122287794e-05, -0.00118011655286, -0.000636046752334, 0.000337606237736, -0.000684398808517, -0.00235527916811, 0.00115971919149, -0.00120520615019, -0.0027295385953, 0.0136904083192, -0.00360293337144, -4.96347311127e-05, 0.0014896314824], [-0.000698900374118, -0.00135288573802, -0.000719811418094, 0.00192434981, -0.000984849757515, -0.000284714478767, -0.00106528645847, -0.00121206068434, 0.000318123959005, -0.00360293337144, 0.0127981407568, -0.00336572667584, 0.00239177700132], [-0.000535697734449, -0.000124363665236, -0.000789497746155, -0.00110977748409, 0.000984145444818, -0.000863786437549, 0.00102723203599, -0.0013958417112, 0.000592858239543, -4.96347311127e-05, -0.00336572667584, 0.0172162707895, -0.0086920298636], [-0.000286254973616, -0.00104759901296, -0.00105251336936, 0.00162362016272, -0.00237932452001, 0.00218393746763, -0.00139458815102, 0.00134422630072, -0.00349895982072, 0.0014896314824, 0.00239177700132, -0.0086920298636, 0.0205501243472]]
    },
    "spectral_contrast_coeffs": {
        "max": [-0.446174830198, -0.481656581163, -0.512597441673, -0.58793002367, -0.610033392906, -0.564233005047],
        "mean": [-0.702829480171, -0.722445487976, -0.740842282772, -0.769250333309, -0.765787243843, -0.691429018974],
        "min": [-0.904570937157, -0.92316365242, -0.90131431818, -0.898420035839, -0.892492175102, -0.815996825695],
        "stdev": [0.0734122619033, 0.0714607611299, 0.0723323896527, 0.0571918860078, 0.0583878159523, 0.0304936133325]
    },
    "spectral_contrast_valleys": {
        "max": [-5.07656097412, -4.80903577805, -5.85128545761, -5.87035417557, -5.9930138588, -7.95240592957],
        "mean": [-6.73067426682, -6.61740446091, -7.38589763641, -7.61827135086, -7.47891902924, -10.4818782806],
        "min": [-9.09666919708, -8.40610122681, -8.9411239624, -8.87769508362, -8.92407608032, -12.960688591],
        "stdev": [0.68250977993, 0.511521339417, 0.451594173908, 0.372972875834, 0.469145059586, 0.790640950203]
    }
},
"rhythm": {
    "beats_count": 66,
    "beats_loudness": {
        "max": 0.110752895474,
        "mean": 0.0480348654091,
        "min": 0.00409563165158,
        "stdev": 0.0289523396641
    },
    "bpm": 126.485679626,
    "bpm_histogram_first_peak_bpm": 126,
    "bpm_histogram_first_peak_weight": 0.366666615009,
    "bpm_histogram_second_peak_bpm": 103,
    "bpm_histogram_second_peak_spread": 0.400000035763,
    "bpm_histogram_second_peak_weight": 0.0461538471282,
    "danceability": 1.18438601494,
    "onset_rate": 3.32226538658,
    "beats_loudness_band_ratio": {
        "max": [0.960761547089, 0.569764316082, 0.649497568607, 0.378972858191, 0.564310610294, 0.245066404343],
        "mean": [0.480632990599, 0.12247133255, 0.214132100344, 0.0772445350885, 0.0978405475616, 0.0477012582123],
        "min": [0.0495530553162, 0.0074307071045, 0.00550582678989, 0.00216599786654, 0.00321839982644, 0.00510048074648],
        "stdev": [0.287314295769, 0.111007772386, 0.167481422424, 0.0821619108319, 0.122405305505, 0.0450000278652]
    },
    "beats_position": [0.487619042397, 0.975238084793, 1.46285712719, 1.93886613846, 2.41487526894, 2.87927436829, 3.45977306366, 4.04027223587, 4.60916090012, 5.17804956436, 5.75854873657, 6.2229475975, 6.6989569664, 7.17496585846, 7.65097475052, 8.12698364258, 8.59138298035, 9.06739234924, 9.54340076447, 10.0078001022, 10.4838094711, 10.95981884, 11.4358272552, 11.9118366241, 12.387845993, 12.8522443771, 13.328253746, 13.8042631149, 14.2802715302, 14.756280899, 15.2322902679, 15.696688652, 16.1726989746, 16.6487064362, 17.1363258362, 17.600725174, 18.0767345428, 18.5527439117, 19.0287532806, 19.5047607422, 19.96916008, 20.4335594177, 20.9211788177, 21.3971881866, 21.8731975555, 22.3492050171, 22.825214386, 23.2896137238, 23.7656230927, 24.2416324615, 24.7060317993, 25.1936511993, 25.6580486298, 26.1456680298, 26.6100673676, 27.0860767365, 27.5620861053, 28.0380954742, 28.5141029358, 28.9785022736, 29.4661216736, 29.9421310425, 30.4181404114, 30.8825397491, 31.358549118, 31.8345565796],
