{
"metadata": {
    "version": {
        "essentia": "2.1-beta5",
        "essentia_git_sha": "Undefined",
        "extractor": "music 2.0"
    },
    "audio_properties": {
        "analysis": {
            "equal_loudness": 0,
            "length": 32.4963264465,
            "sample_rate": 44100,
            "start_time": 142.744674683,
            "downmix": "mix"
        },
        "bit_rate": 192000,
        "length": 204.788391113,
        "lossless": 0,
        "number_channels": 2,
        "replay_gain": -2.85328865051,
        "sample_rate": 48000,
        "codec": "mp3",
        "md5_encoded": "cc832ec7783b5f8eb4915dd510006e27"
    },
    "tags": {
        "file_name": "Sweden_This Is My Life_Anna Bergendahl.mp3",
        "encoding": ["Lavf58.29.100"]
    }
},
"lowlevel": {
    "average_loudness": 0.966900467873,
    "barkbands_crest": {
        "max": 23.7416667938,
        "mean": 8.63566589355,
        "min": 2.24252414703,
        "stdev": 3.91257548332
    },
    "barkbands_flatness_db": {
        "max": 0.253029555082,
        "mean": 0.0893393680453,
        "min": 0.0248152744025,
        "stdev": 0.0331885665655
    },
    "barkbands_kurtosis": {
        "max": 37.9610214233,
        "mean": 1.13193774223,
        "min": -1.83782100677,
        "stdev": 2.63902211189
    },
    "barkbands_skewness": {
        "max": 5.5835313797,
        "mean": 0.878908932209,
        "min": -1.65436255932,
        "stdev": 0.657169759274
    },
    "barkbands_spread": {
        "max": 107.498168945,
        "mean": 30.0072097778,
        "min": 3.68312454224,
        "stdev": 16.4029026031
    },
    "dissonance": {
        "max": 0.499829262495,
        "mean": 0.467562407255,
        "min": 0.363832473755,
        "stdev": 0.0236883983016
    },
    "dynamic_complexity": 1.39311730862,
    "erbbands_crest": {
        "max": 29.6666030884,
        "mean": 9.25334739685,
        "min": 2.37820196152,
        "stdev": 4.92689037323
    },
    "erbbands_flatness_db": {
        "max": 0.280943006277,
        "mean": 0.13687479496,
        "min": 0.0524718984962,
        "stdev": 0.038962919265
    },
    "erbbands_kurtosis": {
        "max": 11.9175024033,
        "mean": 0.824531435966,
        "min": -1.57272875309,
        "stdev": 1.98205029964
    },
    "erbbands_skewness": {
        "max": 2.96157598495,
        "mean": 0.616621613503,
        "min": -1.76447510719,
        "stdev": 0.646730005741
    },
    "erbbands_spread": {
        "max": 115.067497253,
        "mean": 37.2337875366,
        "min": 6.78404951096,
        "stdev": 18.2982082367
    },
    "hfc": {
        "max": 192.195587158,
        "mean": 40.5783081055,
        "min": 0.822889328003,
        "stdev": 25.2771224976
    },
    "loudness_ebu128": {
        "integrated": -19.0373153687,
        "loudness_range": 1.43054389954,
        "momentary": {
            "max": -17.2686538696,
            "mean": -19.1645030975,
            "min": -25.4259967804,
            "stdev": 1.12403035164
        },
        "short_term": {
            "max": -18.2434177399,
            "mean": -19.0171966553,
            "min": -20.5174465179,
            "stdev": 0.518031179905
        }
    },
    "melbands_crest": {
        "max": 29.1897773743,
        "mean": 11.6511468887,
        "min": 4.22102355957,
        "stdev": 4.32978820801
    },
    "melbands_flatness_db": {
        "max": 0.336447268724,
        "mean": 0.139880776405,
        "min": 0.049021191895,
        "stdev": 0.0371226072311
    },
    "melbands_kurtosis": {
        "max": 75.6559448242,
        "mean": 5.38957977295,
        "min": -1.01534998417,
        "stdev": 6.32954740524
    },
    "melbands_skewness": {
        "max": 7.2820482254,
        "mean": 1.65088236332,
        "min": -1.00456035137,
        "stdev": 1.00904881954
    },
    "melbands_spread": {
        "max": 168.812103271,
        "mean": 32.8330917358,
        "min": 2.91560482979,
        "stdev": 15.7774963379
    },
    "pitch_salience": {
        "max": 0.822431206703,
        "mean": 0.571784853935,
        "min": 0.17301364243,
        "stdev": 0.100266650319
    },
    "silence_rate_20dB": {
        "max": 1,
        "mean": 1,
        "min": 1,
        "stdev": 0
    },
    "silence_rate_30dB": {
        "max": 1,
        "mean": 0.999286234379,
        "min": 0,
        "stdev": 0.0267072692513
    },
    "silence_rate_60dB": {
        "max": 0,
        "mean": 0,
        "min": 0,
        "stdev": 0
    },
    "spectral_centroid": {
        "max": 3548.82666016,
        "mean": 1518.77233887,
        "min": 454.586181641,
        "stdev": 417.568939209
    },
    "spectral_complexity": {
        "max": 48,
        "mean": 27.0128479004,
        "min": 0,
        "stdev": 6.53206634521
    },
    "spectral_decrease": {
        "max": -4.20324053341e-11,
        "mean": -8.10444511501e-09,
        "min": -3.23152562487e-08,
        "stdev": 4.16015044635e-09
    },
    "spectral_energy": {
        "max": 0.128999978304,
        "mean": 0.0342686474323,
        "min": 0.000233278580708,
        "stdev": 0.0165922995657
    },
    "spectral_energyband_high": {
        "max": 0.0207668058574,
        "mean": 0.00205416139215,
        "min": 1.27321582113e-05,
        "stdev": 0.00260008359328
    },
    "spectral_energyband_low": {
        "max": 0.0795736387372,
        "mean": 0.00695088692009,
        "min": 9.58827877184e-06,
        "stdev": 0.00900676194578
    },
    "spectral_energyband_middle_high": {
        "max": 0.0552667118609,
        "mean": 0.0107354167849,
        "min": 5.74868681724e-05,
        "stdev": 0.00829641800374
    },
    "spectral_energyband_middle_low": {
        "max": 0.0785151720047,
        "mean": 0.0156925749034,
        "min": 0.000103157384729,
        "stdev": 0.0117194270715
    },
    "spectral_entropy": {
        "max": 9.01598930359,
        "mean": 7.91882944107,
        "min": 6.62737846375,
        "stdev": 0.331126749516
    },
    "spectral_flux": {
        "max": 0.294681549072,
        "mean": 0.106689147651,
        "min": 0.0248418822885,
        "stdev": 0.0388103164732
    },
    "spectral_kurtosis": {
        "max": 13.5239391327,
        "mean": 3.1181166172,
        "min": -0.99443602562,
        "stdev": 1.62854325771
    },
    "spectral_rms": {
        "max": 0.0112184509635,
        "mean": 0.0056154881604,
        "min": 0.000477062741993,
        "stdev": 0.00137807510328
    },
    "spectral_rolloff": {
        "max": 11843.2617188,
        "mean": 2283.13696289,
        "min": 86.1328125,
        "stdev": 2170.70092773
    },
    "spectral_skewness": {
        "max": 2.60910844803,
        "mean": 1.49135422707,
        "min": 0.472755998373,
        "stdev": 0.301107615232
    },
    "spectral_spread": {
        "max": 24128524,
        "mean": 5848632,
        "min": 2984347.75,
        "stdev": 1924187
    },
    "spectral_strongpeak": {
        "max": 12.4746789932,
        "mean": 1.58353352547,
        "min": 0.016006924212,
        "stdev": 1.60874319077
    },
    "zerocrossingrate": {
        "max": 0.34619140625,
        "mean": 0.0889759287238,
        "min": 0.01904296875,
        "stdev": 0.0462567508221
    },
    "barkbands": {
        "max": [0.00100309727713, 0.0724368542433, 0.0207562185824, 0.0271096378565, 0.0395807996392, 0.0696387141943, 0.0417250543833, 0.0211240239441, 0.0659571439028, 0.052436567843, 0.0346237719059, 0.0204715654254, 0.0176567472517, 0.0174186285585, 0.0285223759711, 0.010070534423, 0.0076282969676, 0.00976266246289, 0.00520367315039, 0.00145245692693, 0.00171001034323, 0.00244080508128, 0.00474463542923, 0.00896459165961, 0.00832761172205, 0.00332805910148, 0.000385637424188],
        "mean": [9.18740915949e-05, 0.00488829705864, 0.00152123474982, 0.00115332880523, 0.00218033883721, 0.00371028762311, 0.00128737255, 0.00156075996347, 0.00438698614016, 0.00295547279529, 0.00156273436733, 0.0015694948379, 0.000987810897641, 0.00117704924196, 0.000999818090349, 0.00063411029987, 0.000429406994954, 0.000494973501191, 0.000470319093438, 0.000268390023848, 0.000199873771635, 0.000255921186181, 0.000375723175239, 0.000505366129801, 0.000423877994763, 0.000164236538694, 1.3601667888e-05],
        "min": [1.63244457951e-08, 4.42312421001e-06, 5.29984049535e-07, 2.5297066486e-07, 4.51490950582e-06, 3.48850953742e-05, 1.06505885924e-05, 1.25839551401e-06, 1.81907780643e-05, 6.82207837599e-06, 3.54551161763e-06, 2.21511095333e-06, 4.12140752815e-06, 1.13122696348e-05, 6.932024462e-06, 2.97808014693e-06, 5.25635960003e-06, 6.27660438113e-06, 8.13964015833e-06, 3.17679632644e-06, 1.77117931344e-06, 2.4188932457e-06, 1.98317070499e-06, 2.33025002672e-06, 5.2689028962e-07, 1.76202462399e-07, 1.331657562e-10],
        "stdev": [0.000141543947393, 0.00774743407965, 0.00184420007281, 0.00255171279423, 0.00254273717292, 0.00636673066765, 0.00283057708293, 0.00271628261544, 0.00648855557665, 0.0064179119654, 0.00306671950966, 0.0027899662964, 0.00144857785199, 0.00174605287611, 0.00173026986886, 0.000925771542825, 0.000482139381347, 0.000565340335015, 0.000502820126712, 0.000181519295438, 0.000184722230188, 0.00028420749004, 0.000494950218126, 0.00083436089335, 0.000897762249224, 0.000318323815009, 3.14616918331e-05]
    },
    "erbbands": {
        "max": [1.36070692539, 18.1727581024, 28.7929897308, 42.1613273621, 87.1284713745, 199.288909912, 366.220428467, 823.633239746, 699.557495117, 303.212890625, 726.170959473, 1143.48498535, 1970.33203125, 1768.60888672, 934.034362793, 871.779174805, 626.633361816, 730.872131348, 1157.24890137, 658.70300293, 491.141082764, 388.727661133, 305.074890137, 357.986572266, 205.497665405, 65.4061355591, 52.2096939087, 79.1706771851, 84.8044967651, 115.52771759, 156.939620972, 171.71937561, 160.272521973, 95.9365158081, 56.8604316711, 21.9880924225, 5.20082235336, 0.856406807899, 0.0538055151701, 0.00110018544365],
        "mean": [0.119182273746, 1.15158939362, 2.06664228439, 2.66934514046, 5.88138055801, 7.2464966774, 18.3684387207, 30.2631778717, 24.1386814117, 22.5793972015, 46.5399055481, 91.4701461792, 117.036155701, 66.5423278809, 65.6745910645, 55.5383529663, 42.5795021057, 62.128993988, 57.0026931763, 44.8524703979, 31.5050525665, 23.8238201141, 25.6781520844, 29.8724899292, 18.548948288, 11.5485925674, 8.53955078125, 8.30683326721, 8.37253952026, 10.3950462341, 11.0544099808, 10.5781364441, 8.26306247711, 5.24572610855, 2.683770895, 0.939886450768, 0.262968927622, 0.0436033271253, 0.00191312492825, 8.97393547348e-05],
        "min": [0.000190567516256, 0.00139877875336, 0.00124129210599, 0.0036523679737, 0.0113281058148, 0.0115201380104, 0.124219484627, 0.413783162832, 0.238173037767, 0.165527358651, 0.0649354979396, 0.323712319136, 0.378683894873, 0.130094215274, 0.149908065796, 0.0873659923673, 0.165013834834, 0.490330070257, 0.470389962196, 0.224374726415, 0.170702546835, 0.33793669939, 0.281754136086, 0.505806624889, 0.309131681919, 0.137534320354, 0.112170375884, 0.0533168166876, 0.0719351842999, 0.105389326811, 0.0725637078285, 0.0516588166356, 0.0352391079068, 0.00919907167554, 0.00271879741922, 0.00106043624692, 0.000320132501656, 1.54826229846e-05, 2.90073171527e-06, 4.15766862716e-06],
        "stdev": [0.174542084336, 1.9298530817, 2.80542206764, 4.26152181625, 8.33777999878, 10.6559562683, 31.9931907654, 56.7242927551, 56.9811248779, 36.3748626709, 85.1940994263, 134.282714844, 230.185409546, 131.450546265, 99.5353240967, 96.3334579468, 52.3839492798, 81.2194747925, 87.1164093018, 61.9067955017, 38.1482849121, 22.2705307007, 25.4458503723, 31.050365448, 16.3513832092, 7.82970952988, 6.5975151062, 8.29982185364, 9.1452331543, 12.6693048477, 15.081697464, 16.3826675415, 14.7223405838, 10.6057128906, 6.10759019852, 1.96291816235, 0.506819784641, 0.0837321504951, 0.00467340415344, 0.000102814410639]
    },
    "gfcc": {
        "mean": [63.4214286804, 63.601474762, -117.594184875, 21.5375671387, -62.7102470398, 26.3188018799, -41.9325942993, 17.2189331055, -25.6141281128, 2.44733929634, -17.0147209167, 3.02494764328, -12.1916599274],
        "cov": [[1061.37646484, -444.766174316, 310.278289795, -6.52711200714, 8.6396150589, 110.448608398, 15.0970478058, 19.0520114899, -16.3374919891, 110.658294678, 11.4602622986, 84.7878494263, -33.3170661926], [-444.766174316, 611.733581543, -286.943786621, 46.2287902832, 29.6594810486, -64.7202224731, 92.6436920166, 26.2552433014, 79.7717437744, -32.9580116272, 38.2937774658, -34.7645950317, 44.2318229675], [310.278289795, -286.943786621, 460.893157959, 48.9900856018, 13.1873188019, 3.61369490623, -49.0892372131, 14.7622795105, -15.4919891357, 87.4569778442, -20.5457649231, 74.4183502197, -21.2894916534], [-6.52711200714, 46.2287902832, 48.9900856018, 187.038406372, 16.9112606049, -17.3204231262, -14.4282474518, -5.64297485352, 22.2192440033, 19.5894813538, 28.5008678436, 33.8814582825, 11.3195447922], [8.6396150589, 29.6594810486, 13.1873188019, 16.9112606049, 114.731742859, 52.9968147278, 49.2940559387, 12.9272584915, -5.20198440552, 7.48781299591, -2.07155680656, 5.54156160355, -7.67564153671], [110.448608398, -64.7202224731, 3.61369490623, -17.3204231262, 52.9968147278, 204.325531006, 102.900993347, -4.30507946014, -50.6013221741, -6.92556381226, -7.13434839249, -16.1779327393, -10.4760446548], [15.0970478058, 92.6436920166, -49.0892372131, -14.4282474518, 49.2940559387, 102.900993347, 167.538391113, 41.9431114197, -6.24917888641, -5.40416097641, -20.7250938416, -20.4232978821, -3.00193071365], [19.0520114899, 26.2552433014, 14.7622795105, -5.64297485352, 12.9272584915, -4.30507946014, 41.9431114197, 113.42111969, 67.0521392822, 19.4243373871, 5.03383922577, -6.38722229004, 12.2014741898], [-16.3374919891, 79.7717437744, -15.4919891357, 22.2192440033, -5.20198440552, -50.6013221741, -6.24917888641, 67.0521392822, 116.957023621, 43.4115600586, 29.0330181122, 13.424539566, 20.0601711273], [110.658294678, -32.9580116272, 87.4569778442, 19.5894813538, 7.48781299591, -6.92556381226, -5.40416097641, 19.4243373871, 43.4115600586, 109.930671692, 48.9770240784, 61.1557922363, 8.31676197052], [11.4602622986, 38.2937774658, -20.5457649231, 28.5008678436, -2.07155680656, -7.13434839249, -20.7250938416, 5.03383922577, 29.0330181122, 48.9770240784, 114.426895142, 56.3462371826, 18.439157486], [84.7878494263, -34.7645950317, 74.4183502197, 33.8814582825, 5.54156160355, -16.1779327393, -20.4232978821, -6.38722229004, 13.424539566, 61.1557922363, 56.3462371826, 103.17225647, 27.4536571503], [-33.3170661926, 44.2318229675, -21.2894916534, 11.3195447922, -7.67564153671, -10.4760446548, -3.00193071365, 12.2014741898, 20.0601711273, 8.31676197052, 18.439157486, 27.4536571503, 60.6816749573]],
        "icov": [[0.00167284882627, 0.00114884227514, -0.000320864783134, -1.36974822453e-05, 0.000204323558137, -0.000331441027811, -0.000915389275178, 0.000200243521249, -0.000644209387247, -0.000572540913709, -0.000174240209162, -0.000588814553339, 0.000464893935714], [0.00114884227514, 0.00474851019681, 0.0011281928746, -0.000926534587052, -0.00128447904717, 0.00277518178336, -0.00457657966763, 0.00239492300898, -0.0027093719691, 0.000339965306921, -0.00201966078021, 0.00166400556918, -0.00194322573952], [-0.000320864783134, 0.0011281928746, 0.00484199961647, -0.00148863345385, -0.00036094308598, -3.11095391226e-05, 0.00153630739078, -0.00258507067338, 0.00209551444277, -0.00323594827205, 0.00322729931213, -0.00272421026602, 0.00152527657337], [-1.36974822453e-05, -0.000926534587052, -0.00148863345385, 0.00658322498202, -0.000977619783953, -0.000122022203868, 0.000287219852908, 0.0016400096938, -0.00190642860252, 0.00143656716682, -0.00120050378609, -0.00107664964162, -0.000257506879279], [0.000204323558137, -0.00128447904717, -0.00036094308598, -0.000977619783953, 0.0115733426064, -0.00316563760862, -0.000552555604372, -0.00197581574321, 0.000917525787372, -0.000477702938952, 0.00145358557347, -0.00279064103961, 0.00297454628162], [-0.000331441027811, 0.00277518178336, -3.11095391226e-05, -0.000122022203868, -0.00316563760862, 0.0115445498377, -0.00837961025536, 0.00304063945077, 0.00174380489625, 1.58764578373e-05, -0.00407284591347, 0.00457608606666, -0.00303767086007], [-0.000915389275178, -0.00457657966763, 0.00153630739078, 0.000287219852908, -0.000552555604372, -0.00837961025536, 0.016980804503, -0.00865395925939, 0.0047609237954, -0.00262767309323, 0.0059349257499, -0.00354406121187, 0.00296859722584], [0.000200243521249, 0.00239492300898, -0.00258507067338, 0.0016400096938, -0.00197581574321, 0.00304063945077, -0.00865395925939, 0.0204461850226, -0.013161925599, 0.00277916365303, -0.00381868099794, 0.00543687818572, -0.00444212090224], [-0.000644209387247, -0.0027093719691, 0.00209551444277, -0.00190642860252, 0.000917525787372, 0.00174380489625, 0.0047609237954, -0.013161925599, 0.0226005762815, -0.00878925528377, 0.00107057543937, 0.00104797980748, -0.00105497066397], [-0.000572540913709, 0.000339965306921, -0.00323594827205, 0.00143656716682, -0.000477702938952, 1.58764578373e-05, -0.00262767309323, 0.00277916365303, -0.00878925528377, 0.0209753792733, -0.00533161172643, -0.00678482837975, 0.00200853892602], [-0.000174240209162, -0.00201966078021, 0.00322729931213, -0.00120050378609, 0.00145358557347, -0.00407284591347, 0.0059349257499, -0.00381868099794, 0.00107057543937, -0.00533161172643, 0.017615120858, -0.00954496301711, 0.00261737057008], [-0.000588814553339, 0.00166400556918, -0.00272421026602, -0.00107664964162, -0.00279064103961, 0.00457608606666, -0.00354406121187, 0.00543687818572, 0.00104797980748, -0.00678482837975, -0.00954496301711, 0.0256479382515, -0.011242447421], [0.000464893935714, -0.00194322573952, 0.00152527657337, -0.000257506879279, 0.00297454628162, -0.00303767086007, 0.00296859722584, -0.00444212090224, -0.00105497066397, 0.00200853892602, 0.00261737057008, -0.011242447421, 0.0239906329662]]
    },
    "melbands": {
        "max": [0.0171693060547, 0.014342168346, 0.00892680045217, 0.00645575998351, 0.00962731428444, 0.0162908956409, 0.00941243674606, 0.0040405197069, 0.00789003074169, 0.00949714239687, 0.00992584601045, 0.00665254285559, 0.00375834060833, 0.00302787334658, 0.00226379698142, 0.00217167031951, 0.00165958190337, 0.00241194502451, 0.00258241640404, 0.000801630958449, 0.000615481287241, 0.000451802508906, 0.000214806103031, 0.000557551160455, 0.000269075360848, 0.000292152224574, 7.15465139365e-05, 4.25613470725e-05, 4.2759358621e-05, 4.64066397399e-05, 5.58205101697e-05, 4.31822445535e-05, 5.92932992731e-05, 6.79278600728e-05, 8.6892854597e-05, 0.000106239174784, 0.00011433079635, 0.000132406275952, 9.24301857594e-05, 9.18381920201e-05],
        "mean": [0.00123959779739, 0.0012328340672, 0.000578240375035, 0.000464239215944, 0.000565491849557, 0.000699622905813, 0.000341564853443, 0.000256520113908, 0.000449773360742, 0.000603970140219, 0.000579791201744, 0.00026555423392, 0.000209587436984, 0.000185956509085, 0.000109425396658, 0.000103138336272, 0.000116678369523, 9.16131975828e-05, 7.51887782826e-05, 5.17513544764e-05, 3.35624135914e-05, 2.58556810877e-05, 2.10251801036e-05, 2.39392320509e-05, 2.50849916483e-05, 1.40177980938e-05, 1.15450047815e-05, 6.75652927384e-06, 5.62066952625e-06, 4.47733282272e-06, 5.04190347783e-06, 4.53140273748e-06, 5.1958113545e-06, 5.92425794821e-06, 6.30065505902e-06, 6.35108608549e-06, 6.58117596686e-06, 6.04334900345e-06, 4.92818890052e-06, 4.29446618e-06],
        "min": [1.01473324321e-06, 1.05994570276e-06, 9.10762594231e-07, 7.19990907783e-07, 3.49890569851e-06, 9.61904424912e-06, 2.75361207969e-06, 1.29615409605e-06, 6.79536412918e-07, 2.34155277212e-06, 1.83596398529e-06, 4.898173529e-07, 5.07523054694e-07, 2.96462530969e-07, 2.24647180858e-07, 4.54270008277e-07, 1.03565218978e-06, 8.03072396138e-07, 5.58437932341e-07, 2.03845416991e-07, 1.53718445972e-07, 3.14832107051e-07, 3.41980438634e-07, 2.59295632077e-07, 4.39011131448e-07, 2.66039677399e-07, 1.38515517278e-07, 6.89626986627e-08, 5.36101829596e-08, 4.67971794649e-08, 2.36625048444e-08, 3.74898156963e-08, 4.32528644012e-08, 4.67726870568e-08, 3.72274158167e-08, 2.63143764556e-08, 3.33353575854e-08, 2.58582204538e-08, 1.3500568663e-08, 6.00867089418e-09],
        "stdev": [0.00190980336629, 0.00176227535121, 0.000892199983355, 0.000554798927624, 0.000885850691702, 0.00125691527501, 0.000771056627855, 0.000453463842859, 0.000907803245354, 0.000883498811163, 0.00117143557873, 0.000544663518667, 0.00034799601417, 0.000343337509548, 0.000180396571523, 0.000162531068781, 0.000167043035617, 0.000150176681927, 0.000137368697324, 8.43223533593e-05, 4.59315488115e-05, 2.68128369498e-05, 1.9493389118e-05, 3.2814903534e-05, 2.77425333479e-05, 1.69456216099e-05, 8.59381998453e-06, 5.30674424226e-06, 4.51480173069e-06, 4.42550935986e-06, 5.27918791704e-06, 4.89816466143e-06, 6.45542149869e-06, 7.42354040995e-06, 8.52549237607e-06, 1.01086516224e-05, 1.03267402665e-05, 1.11217314043e-05, 9.21996343095e-06, 9.2946784207e-06]
    },
    "melbands128": {
        "max": [0.000981069519185, 0.00929225888103, 0.0276474617422, 0.0323030464351, 0.0188616160303, 0.00775411725044, 0.00709932437167, 0.0160980578512, 0.00948578678071, 0.00562247633934, 0.0142145492136, 0.0139382435009, 0.0143892113119, 0.0220469441265, 0.0222670473158, 0.023451352492, 0.0204760767519, 0.0106577435508, 0.00441905111074, 0.0051899687387, 0.00900860223919, 0.00377002800815, 0.011627882719, 0.0159115716815, 0.0120096746832, 0.020871322602, 0.0138539690524, 0.0205165743828, 0.017371866852, 0.00606288062409, 0.0151948872954, 0.0113291591406, 0.00504803238437, 0.0060328124091, 0.00681495340541, 0.00481494888663, 0.00432788953185, 0.0041320999153, 0.0012538729934, 0.00205382728018, 0.00432735634968, 0.00463434867561, 0.00297673791647, 0.00310201663524, 0.00436398899183, 0.00355742336251, 0.00396471004933, 0.00625297613442, 0.00227167410776, 0.00239136302844, 0.00167394219898, 0.00099109695293, 0.000834457110614, 0.000820123590529, 0.000681016303133, 0.000373897491954, 0.000548815762158, 0.000224277478992, 0.000388400221709, 0.000535141618457, 0.000798723078333, 0.00146613200195, 0.000497952627484, 0.000440822826931, 0.000706863822415, 0.000522877904586, 0.000258699234109, 0.000181820156286, 0.000143663171912, 6.93960246281e-05, 5.8939698647e-05, 5.94396842644e-05, 7.66971788835e-05, 6.01919709879e-05, 5.09990859427e-05, 4.8669273383e-05, 5.42289744772e-05, 6.46769040031e-05, 9.11375391297e-05, 4.92229446536e-05, 4.78207730339e-05, 5.76777711103e-05, 5.85470188526e-05, 9.74321956164e-05, 0.000107539577584, 8.28815173008e-05, 8.10203127912e-05, 8.21479334263e-05, 0.000104060163721, 0.000113332200272, 0.000138877832796, 0.000126979954075, 0.000126411221572, 0.000139901472721, 0.000106947169115, 0.000132490386022, 0.000169515333255, 0.000126414539409, 0.000105718550913, 0.000137184091727, 0.000127922379761, 0.00010720082355, 0.000122149300296, 0.000112061024993, 8.10575656942e-05, 7.16870636097e-05, 6.62607490085e-05, 5.0898444897e-05, 4.15533395426e-05, 2.67804989562e-05, 2.24942014029e-05, 2.70966429525e-05, 1.91726721823e-05, 1.98146590265e-05, 1.14121730803e-05, 6.73481144986e-06, 8.38647338242e-06, 6.98423400536e-06, 3.6468009057e-06, 2.24301288654e-06, 5.94898835971e-07, 1.10243277618e-07, 1.07778980407e-07, 1.05676100759e-07, 1.03954739927e-07, 1.02698628268e-07, 1.01743744096e-07, 1.01110188666e-07],
        "mean": [8.73594690347e-05, 0.000773604726419, 0.00182046520058, 0.00196392298676, 0.00128202803899, 0.000657655065879, 0.00046888194629, 0.000647577806376, 0.000616208533756, 0.000446001213277, 0.000371349538909, 0.000370690424461, 0.000632068142295, 0.000817145162728, 0.000655752490275, 0.000715317670256, 0.000541041663382, 0.000213586376049, 0.000184374992386, 0.000225728363148, 0.000352425908204, 0.000189868762391, 0.000483931333292, 0.000701102544554, 0.000495000625961, 0.000661961385049, 0.000615722325165, 0.00068534881575, 0.000458286784124, 0.000189164566109, 0.000281209970126, 0.000222529430175, 0.000158356226166, 0.000242283174885, 0.000242846334004, 0.000146465201396, 0.000128316722112, 0.000138480419992, 7.23101838958e-05, 6.34043099126e-05, 0.000132348854095, 0.000125319100334, 0.000114188776934, 0.000115477188956, 0.00010130109149, 7.94741063146e-05, 9.00464292499e-05, 9.34807176236e-05, 5.88699367654e-05, 4.77218090964e-05, 6.23966770945e-05, 4.2658422899e-05, 2.6881301892e-05, 3.77500618924e-05, 2.94645778922e-05, 2.76522478089e-05, 1.82799412869e-05, 1.80756978807e-05, 2.38049487962e-05, 2.2785834517e-05, 2.49348358921e-05, 2.11037604458e-05, 3.19017963193e-05, 2.54361439147e-05, 1.58616221597e-05, 1.31861506816e-05, 1.35179961944e-05, 1.26914483189e-05, 1.20998747661e-05, 8.32949717733e-06, 5.23958715348e-06, 7.20132720744e-06, 6.93422043696e-06, 4.72784540761e-06, 4.88059549753e-06, 4.81223059978e-06, 3.85129214919e-06, 4.62188836536e-06, 5.57642397325e-06, 5.25143332197e-06, 4.20136393586e-06, 4.34306184616e-06, 4.82233645016e-06, 4.8449028327e-06, 6.02646878178e-06, 6.00980183663e-06, 5.70224074181e-06, 6.25385246167e-06, 6.19924048806e-06, 6.50682113701e-06, 6.44809915684e-06, 6.17933937974e-06, 6.38685060039e-06, 6.64705839881e-06, 6.73349677527e-06, 6.45365616947e-06, 5.98417818765e-06, 5.33127422386e-06, 4.98247345604e-06, 4.72312513011e-06, 4.33047944171e-06, 4.32086881119e-06, 4.20463175033e-06, 3.45909097632e-06, 3.07748427986e-06, 2.50856191997e-06, 2.3664811124e-06, 2.06117033485e-06, 1.4850666048e-06, 1.18021478102e-06, 1.02211811281e-06, 9.60576358011e-07, 8.39260337671e-07, 6.47862577807e-07, 5.3842751413e-07, 3.89090757835e-07, 2.83977669824e-07, 2.03399835641e-07, 8.86047857307e-08, 3.07073655392e-08, 4.62738336537e-09, 2.02677596928e-10, 8.39103023176e-11, 8.20347262342e-11, 8.04457889192e-11, 7.91622045693e-11, 7.82520714893e-11, 7.77164790855e-11],
        "min": [3.55935814156e-09, 2.71043862909e-08, 5.79189588734e-07, 7.98624341769e-07, 8.9343353693e-07, 1.84282782811e-07, 5.7502876416e-07, 9.22363767586e-08, 1.28238445996e-06, 5.80293090024e-07, 2.7727665497e-07, 1.14469798973e-06, 1.15159900815e-06, 4.63848073196e-06, 3.01227464661e-06, 1.85533940567e-06, 1.20709376006e-06, 6.03397438681e-07, 6.01457884386e-07, 1.3863877939e-06, 2.75881149037e-07, 1.13938725121e-07, 4.07911699085e-07, 1.53727410179e-06, 7.34565730909e-07, 3.52449717411e-07, 1.97476424546e-06, 1.8072327066e-06, 7.36519950806e-07, 4.33219952356e-07, 4.14264604842e-07, 4.5601899501e-07, 5.61316085168e-07, 2.33582042597e-07, 3.74165239236e-07, 2.3177113917e-07, 1.51958460037e-07, 2.0603411599e-07, 2.93379116556e-07, 2.7667627478e-07, 2.84774159809e-07, 5.80230903324e-07, 4.13687104128e-07, 9.47898058712e-07, 1.19328865367e-06, 2.42330713718e-07, 5.09110861913e-07, 5.43742601167e-07, 2.35539445725e-07, 1.04218948138e-07, 1.6639855005e-07, 3.64790224694e-07, 2.27551794296e-07, 3.41890746824e-08, 4.4167123292e-08, 3.96828625071e-07, 2.28486072729e-07, 4.08087146297e-07, 3.3429066093e-07, 1.07690887319e-07, 1.50000829535e-07, 4.89747094434e-07, 4.29576260785e-07, 5.15220165198e-07, 2.24375938274e-07, 7.62378036256e-08, 3.88446999011e-08, 8.22833499114e-08, 9.35310566774e-08, 6.10667783008e-08, 3.61813405902e-08, 4.20815453595e-08, 5.43114389018e-08, 3.78246625132e-08, 2.42492372848e-08, 4.62633948928e-08, 1.83221953165e-08, 2.33351471479e-08, 2.12305089065e-08, 1.49233230218e-08, 3.08540037963e-08, 2.94645339238e-08, 2.6345690074e-08, 2.13049649034e-08, 7.19200130561e-08, 4.84813149626e-08, 2.30085355213e-08, 2.27028298383e-08, 2.62873669499e-08, 3.23056994489e-08, 2.60036774336e-08, 2.09889421399e-08, 2.2816411871e-08, 4.23861692411e-08, 1.80316170884e-08, 2.27168133193e-08, 2.58149430721e-08, 1.24427455006e-08, 1.13717728567e-08, 7.96098831302e-09, 6.40630171134e-09, 6.6151293332e-09, 3.57668739071e-09, 2.25256546749e-09, 3.11893333382e-09, 1.62984759022e-09, 2.43131115241e-09, 1.06677389144e-09, 1.74625580662e-09, 2.10290718172e-09, 1.84352344501e-09, 1.07386166626e-09, 1.10376985329e-09, 2.0159650338e-10, 2.88208554244e-11, 2.24320804987e-11, 5.78265300227e-13, 4.19122852743e-13, 3.11100917163e-13, 1.92863628713e-13, 2.65910991143e-13, 2.59247403276e-13, 2.6914847304e-13, 2.21973955601e-13, 1.99829234648e-13, 6.73034083977e-14, 1.10432293193e-14, 4.32266403382e-16],
        "stdev": [0.000137736526085, 0.00110066111665, 0.00311332149431, 0.00343520892784, 0.0020016299095, 0.000747838814277, 0.000786162097938, 0.00148058636114, 0.000893942720722, 0.000563779030927, 0.000735862180591, 0.00066927226726, 0.00124735105783, 0.00173899938818, 0.00142244563904, 0.00193160411436, 0.00164514256176, 0.000585816451348, 0.000429529376561, 0.000434278306784, 0.000880815437995, 0.000375440140488, 0.00122376915533, 0.00184362265281, 0.00106581719592, 0.00140892667696, 0.00145712413359, 0.00195816066116, 0.00145152932964, 0.000469506747322, 0.000953201437369, 0.000624862208497, 0.000411332206568, 0.000477939029224, 0.000578433275223, 0.00042582306196, 0.000358853489161, 0.00029513365007, 0.000113545451313, 0.00012996015721, 0.000282929860987, 0.000258703861618, 0.00024254800519, 0.000246349227382, 0.00026648316998, 0.000189517319086, 0.000248605472734, 0.000268258765573, 0.000129365856992, 0.000128973289975, 0.000137756404001, 7.59071263019e-05, 5.37683336006e-05, 7.30153333279e-05, 4.73563413834e-05, 3.16910372931e-05, 2.57934025285e-05, 2.13601779251e-05, 3.20989238389e-05, 2.93194971164e-05, 5.08783341502e-05, 5.20079302078e-05, 4.40775656898e-05, 3.91437861254e-05, 3.72261092707e-05, 2.27684322454e-05, 1.94455824385e-05, 1.43074839798e-05, 1.20046224765e-05, 8.12420512375e-06, 5.437465461e-06, 7.70499082137e-06, 6.760150427e-06, 5.47264153283e-06, 5.0027610996e-06, 5.30470697413e-06, 4.97129849464e-06, 5.7527881836e-06, 6.85805207468e-06, 5.62329887543e-06, 4.99163616041e-06, 5.47825993635e-06, 6.28420775683e-06, 7.08677816874e-06, 8.48250601848e-06, 7.94236893853e-06, 8.03292641649e-06, 8.93745982466e-06, 9.11700590223e-06, 9.93324556475e-06, 1.02568492366e-05, 1.13825999506e-05, 1.14131553346e-05, 1.0826608559e-05, 1.11430936158e-05, 1.22506608022e-05, 1.26657396322e-05, 1.05515882751e-05, 9.54934330366e-06, 9.87244311546e-06, 9.29928864934e-06, 9.99639451038e-06, 1.06073784991e-05, 8.77912953001e-06, 7.67028632254e-06, 6.18943522568e-06, 5.5622886066e-06, 4.42808095613e-06, 3.27721704707e-06, 2.65097446572e-06, 2.19784010369e-06, 1.96162409338e-06, 1.76101661964e-06, 1.36749213198e-06, 1.06714810499e-06, 7.58000055612e-07, 5.90211470808e-07, 4.83808832996e-07, 2.99965449813e-07, 1.52617317895e-07, 3.07027541169e-08, 3.19228554702e-09, 2.87869350579e-09, 2.82246914729e-09, 2.77644129909e-09, 2.74285039126e-09, 2.71734434953e-09, 2.70042210815e-09]
    },
    "mfcc": {
        "mean": [-579.51763916, 98.7454528809, 1.50755703449, 2.25001740456, 5.67452430725, 2.24125599861, 1.34505021572, 8.11196231842, -2.01488637924, 5.63491725922, -1.47702479362, -4.20011472702, -4.09303426743],
        "cov": [[897.407958984, -278.626037598, 138.091400146, -51.4103164673, 2.81177568436, 81.9473342896, 49.5281600952, -2.941426754, -9.36378860474, -1.8926500082, 50.1502609253, 31.477388382, 38.0673065186], [-278.626037598, 416.596435547, -177.009719849, 44.1124839783, -51.925579071, -28.742729187, -2.37272620201, 38.6635131836, 31.7664890289, 55.7884635925, 11.886838913, -1.17415201664, -1.28697741032], [138.091400146, -177.009719849, 307.411132812, 41.4818649292, 48.6635360718, 8.82659626007, -22.4744205475, -42.2811317444, 9.81139564514, -52.1084098816, 16.8820419312, 47.9288902283, 47.1519584656], [-51.4103164673, 44.1124839783, 41.4818649292, 205.975753784, 33.1320610046, -32.9200134277, -67.1611862183, -15.6558704376, 6.58635473251, -23.0533924103, 3.59982633591, 52.6870155334, 50.2451019287], [2.81177568436, -51.925579071, 48.6635360718, 33.1320610046, 103.348716736, -3.98444199562, -15.753572464, -8.6207447052, -13.0663824081, -10.5383081436, -0.969458281994, 18.8663959503, 16.8759593964], [81.9473342896, -28.742729187, 8.82659626007, -32.9200134277, -3.98444199562, 170.092956543, 104.725219727, 23.1685905457, -1.62836718559, -18.8738040924, 17.6854019165, -11.786986351, -11.7189970016], [49.5281600952, -2.37272620201, -22.4744205475, -67.1611862183, -15.753572464, 104.725219727, 165.830490112, 56.9336433411, 9.25247859955, 17.9223976135, 26.1538028717, -38.6786346436, -39.2116889954], [-2.941426754, 38.6635131836, -42.2811317444, -15.6558704376, -8.6207447052, 23.1685905457, 56.9336433411, 91.7059707642, 31.8353157043, 42.9539260864, 12.9765815735, -23.4051132202, -27.6475868225], [-9.36378860474, 31.7664890289, 9.81139564514, 6.58635473251, -13.0663824081, -1.62836718559, 9.25247859955, 31.8353157043, 109.029174805, 42.0861625671, 11.0602264404, -3.77869772911, -4.42399024963], [-1.8926500082, 55.7884635925, -52.1084098816, -23.0533924103, -10.5383081436, -18.8738040924, 17.9223976135, 42.9539260864, 42.0861625671, 97.1431350708, 26.6280384064, -15.5350294113, -27.825044632], [50.1502609253, 11.886838913, 16.8820419312, 3.59982633591, -0.969458281994, 17.6854019165, 26.1538028717, 12.9765815735, 11.0602264404, 26.6280384064, 69.3402099609, 31.5987453461, 11.5867385864], [31.477388382, -1.17415201664, 47.9288902283, 52.6870155334, 18.8663959503, -11.786986351, -38.6786346436, -23.4051132202, -3.77869772911, -15.5350294113, 31.5987453461, 104.394981384, 71.8631362915], [38.0673065186, -1.28697741032, 47.1519584656, 50.2451019287, 16.8759593964, -11.7189970016, -39.2116889954, -27.6475868225, -4.42399024963, -27.825044632, 11.5867385864, 71.8631362915, 96.8751907349]],
        "icov": [[0.00165793462656, 0.00120644550771, -0.00014691738761, 0.000110848981421, 0.000649593886919, -0.00064414186636, 6.67993153911e-05, -0.000177875655936, 0.000305233930703, -0.0009062779136, -0.000811953912489, 0.000245775241638, -0.00116782740224], [0.00120644550771, 0.00472248671576, 0.00206440803595, -0.00127037323546, 0.00174387881998, -9.66326479102e-05, -0.000172601285158, -0.000395247596316, -0.00042433445924, -0.00148323306348, -0.00108341197483, 0.000158391994773, -0.00168871472124], [-0.00014691738761, 0.00206440803595, 0.00571898557246, -0.000714717141818, -0.00123227585573, 0.000343409366906, -0.000239529137616, 0.0012469526846, -0.00235532550141, 0.00249818246812, -0.00217405078001, -0.000310020201141, -0.000712631561328], [0.000110848981421, -0.00127037323546, -0.000714717141818, 0.00711366254836, -0.00183995836414, -0.000139139665407, 0.00258289207704, -0.00151048775297, -0.000797768705525, 0.00207133521326, -0.000679047836456, -0.00126728543546, -0.000904231623281], [0.000649593886919, 0.00174387881998, -0.00123227585573, -0.00183995836414, 0.0120240580291, -0.00046538549941, 0.000127217936097, -0.000832107907627, 0.00208670995198, -0.00217032944784, 0.00112822395749, -0.00098241341766, -0.000949165725615], [-0.00064414186636, -9.66326479102e-05, 0.000343409366906, -0.000139139665407, -0.00046538549941, 0.0110950153321, -0.00723025808111, 0.000274352758424, -0.000940521887969, 0.0042472910136, -0.00104955770075, -0.000577842991333, 0.000462994183181], [6.67993153911e-05, -0.000172601285158, -0.000239529137616, 0.00258289207704, 0.000127217936097, -0.00723025808111, 0.0153263406828, -0.0061262124218, 0.000619241734967, 0.000921072729398, -0.00504446681589, 0.00353828724474, 0.000578217266593], [-0.000177875655936, -0.000395247596316, 0.0012469526846, -0.00151048775297, -0.000832107907627, 0.000274352758424, -0.0061262124218, 0.0189090445638, -0.00302646961063, -0.00518239522353, 0.000750552222598, 0.000341515085893, 0.00136630155612], [0.000305233930703, -0.00042433445924, -0.00235532550141, -0.000797768705525, 0.00208670995198, -0.000940521887969, 0.000619241734967, -0.00302646961063, 0.0128673389554, -0.00621038302779, 0.00138262973633, 0.0005684060161, -0.0014389695134], [-0.0009062779136, -0.00148323306348, 0.00249818246812, 0.00207133521326, -0.00217032944784, 0.0042472910136, 0.000921072729398, -0.00518239522353, -0.00621038302779, 0.0222086701542, -0.00899219419807, 0.000967791071162, 0.00428471667692], [-0.000811953912489, -0.00108341197483, -0.00217405078001, -0.000679047836456, 0.00112822395749, -0.00104955770075, -0.00504446681589, 0.000750552222598, 0.00138262973633, -0.00899219419807, 0.0256794132292, -0.0109563861042, 0.00210045068525], [0.000245775241638, 0.000158391994773, -0.000310020201141, -0.00126728543546, -0.00098241341766, -0.000577842991333, 0.00353828724474, 0.000341515085893, 0.0005684060161, 0.000967791071162, -0.0109563861042, 0.0256339590997, -0.0150566101074], [-0.00116782740224, -0.00168871472124, -0.000712631561328, -0.000904231623281, -0.000949165725615, 0.000462994183181, 0.000578217266593, 0.00136630155612, -0.0014389695134, 0.00428471667692, 0.00210045068525, -0.0150566101074, 0.0245031137019]]
    },
    "spectral_contrast_coeffs": {
        "max": [-0.392049849033, -0.490274459124, -0.452731192112, -0.554184556007, -0.616870045662, -0.716644108295],
        "mean": [-0.726220011711, -0.732002973557, -0.733541667461, -0.779029726982, -0.788185715675, -0.795415401459],
        "min": [-0.86992251873, -0.899362921715, -0.897350311279, -0.898532509804, -0.859255671501, -0.87719643116],
        "stdev": [0.0665439814329, 0.0783071815968, 0.0718781352043, 0.0476057045162, 0.0357508771122, 0.0228597819805]
    },
    "spectral_contrast_valleys": {
        "max": [-5.18183803558, -5.16361093521, -5.60427474976, -5.77053689957, -6.06147956848, -7.31342601776],
        "mean": [-6.43190431595, -6.40358304977, -6.67939424515, -6.92067956924, -7.00629377365, -9.05166053772],
        "min": [-8.79514217377, -8.20130157471, -8.45697689056, -8.67643356323, -8.87232208252, -11.4373426437],
        "stdev": [0.51580542326, 0.405438005924, 0.434261590242, 0.353318780661, 0.377206325531, 0.638005852699]
    }
},
"rhythm": {
    "beats_count": 89,
    "beats_loudness": {
        "max": 0.0772847160697,
        "mean": 0.0392536297441,
        "min": 0.0104745076969,
        "stdev": 0.0125107038766
    },
    "bpm": 165.116882324,
    "bpm_histogram_first_peak_bpm": 167,
    "bpm_histogram_first_peak_weight": 0,
    "bpm_histogram_second_peak_bpm": 161,
    "bpm_histogram_second_peak_spread": 0,
    "bpm_histogram_second_peak_weight": 0.25,
    "danceability": 1.13270545006,
    "onset_rate": 3.75292944908,
    "beats_loudness_band_ratio": {
        "max": [0.76300829649, 0.838740885258, 0.703028917313, 0.67885684967, 0.519831478596, 0.252334117889],
        "mean": [0.274020493031, 0.157873734832, 0.251661032438, 0.18246331811, 0.109537988901, 0.0819876864552],
        "min": [0.00446154875681, 0.0193501170725, 0.033278491348, 0.0159168597311, 0.0188588909805, 0.014396853745],
        "stdev": [0.155803605914, 0.146717458963, 0.174809515476, 0.148632586002, 0.0822449326515, 0.0517264157534]
    },
