{
"metadata": {
    "version": {
        "essentia": "2.1-beta5",
        "essentia_git_sha": "Undefined",
        "extractor": "music 2.0"
    },
    "audio_properties": {
        "analysis": {
            "equal_loudness": 0,
            "length": 48.9128341675,
            "sample_rate": 44100,
            "start_time": 142.744674683,
            "downmix": "mix"
        },
        "bit_rate": 192000,
        "length": 191.680725098,
        "lossless": 0,
        "number_channels": 2,
        "replay_gain": -8.57560348511,
        "sample_rate": 48000,
        "codec": "mp3",
        "md5_encoded": "0ae7fca0e0fa62c4a8b28947f8f7e19c"
    },
    "tags": {
        "file_name": "Poland_Legenda_Marcin Mroziński.mp3",
        "encoding": ["Lavf58.29.100"]
    }
},
"lowlevel": {
    "average_loudness": 0.928568899632,
    "barkbands_crest": {
        "max": 24.0490036011,
        "mean": 8.89404773712,
        "min": 2.80950307846,
        "stdev": 4.01427793503
    },
    "barkbands_flatness_db": {
        "max": 0.256864011288,
        "mean": 0.100707016885,
        "min": 0.0242315717041,
        "stdev": 0.0351408869028
    },
    "barkbands_kurtosis": {
        "max": 27.2245960236,
        "mean": 0.98541778326,
        "min": -1.7720053196,
        "stdev": 2.40350937843
    },
    "barkbands_skewness": {
        "max": 4.87027311325,
        "mean": 0.653280615807,
        "min": -1.11932301521,
        "stdev": 0.607368648052
    },
    "barkbands_spread": {
        "max": 96.8905410767,
        "mean": 25.6024513245,
        "min": 2.3862953186,
        "stdev": 14.0715484619
    },
    "dissonance": {
        "max": 0.5,
        "mean": 0.461842507124,
        "min": 0.302931219339,
        "stdev": 0.0312563478947
    },
    "dynamic_complexity": 3.76718592644,
    "erbbands_crest": {
        "max": 32.7803153992,
        "mean": 11.1366138458,
        "min": 2.47478961945,
        "stdev": 5.10097169876
    },
    "erbbands_flatness_db": {
        "max": 0.330994516611,
        "mean": 0.16343703866,
        "min": 0.0495781674981,
        "stdev": 0.0453100986779
    },
    "erbbands_kurtosis": {
        "max": 38.3929824829,
        "mean": 1.4909696579,
        "min": -1.47008240223,
        "stdev": 2.58133530617
    },
    "erbbands_skewness": {
        "max": 3.79118204117,
        "mean": 0.714832544327,
        "min": -1.65623497963,
        "stdev": 0.723290383816
    },
    "erbbands_spread": {
        "max": 131.951934814,
        "mean": 26.9185466766,
        "min": 2.19489336014,
        "stdev": 13.9717960358
    },
    "hfc": {
        "max": 217.229248047,
        "mean": 35.9848213196,
        "min": 5.90383824601e-05,
        "stdev": 25.9433898926
    },
    "loudness_ebu128": {
        "integrated": -13.6675720215,
        "loudness_range": 8.34934234619,
        "momentary": {
            "max": -11.9363021851,
            "mean": -15.8544836044,
            "min": -39.3102722168,
            "stdev": 5.18735265732
        },
        "short_term": {
            "max": -12.3737659454,
            "mean": -15.2011117935,
            "min": -28.2130527496,
            "stdev": 3.97363162041
        }
    },
    "melbands_crest": {
        "max": 32.1461410522,
        "mean": 11.4667024612,
        "min": 3.52766990662,
        "stdev": 4.68193864822
    },
    "melbands_flatness_db": {
        "max": 0.302641183138,
        "mean": 0.146698340774,
        "min": 0.0501443035901,
        "stdev": 0.032784499228
    },
    "melbands_kurtosis": {
        "max": 115.220474243,
        "mean": 3.40298175812,
        "min": -1.32882428169,
        "stdev": 6.45090293884
    },
    "melbands_skewness": {
        "max": 9.20780086517,
        "mean": 1.1396945715,
        "min": -1.64421057701,
        "stdev": 0.970986545086
    },
    "melbands_spread": {
        "max": 106.454063416,
        "mean": 32.2230491638,
        "min": 3.99468803406,
        "stdev": 13.1061124802
    },
    "pitch_salience": {
        "max": 0.867360889912,
        "mean": 0.545859515667,
        "min": 0.185022220016,
        "stdev": 0.11751254648
    },
    "silence_rate_20dB": {
        "max": 1,
        "mean": 1,
        "min": 1,
        "stdev": 0
    },
    "silence_rate_30dB": {
        "max": 1,
        "mean": 1,
        "min": 1,
        "stdev": 0
    },
    "silence_rate_60dB": {
        "max": 1,
        "mean": 0.137096777558,
        "min": 0,
        "stdev": 0.343952655792
    },
    "spectral_centroid": {
        "max": 3825.81542969,
        "mean": 1661.61694336,
        "min": 563.554260254,
        "stdev": 425.548553467
    },
    "spectral_complexity": {
        "max": 41,
        "mean": 20.0536060333,
        "min": 0,
        "stdev": 8.66174316406
    },
    "spectral_decrease": {
        "max": -7.92235082468e-15,
        "mean": -7.36314831329e-09,
        "min": -3.23651114797e-08,
        "stdev": 5.08175990177e-09
    },
    "spectral_energy": {
        "max": 0.126532077789,
        "mean": 0.0310541763902,
        "min": 3.52556668304e-08,
        "stdev": 0.0209023989737
    },
    "spectral_energyband_high": {
        "max": 0.017874546349,
        "mean": 0.00146704690997,
        "min": 5.67811575536e-10,
        "stdev": 0.00175466749351
    },
    "spectral_energyband_low": {
        "max": 0.0922975987196,
        "mean": 0.00723756896332,
        "min": 2.07108497019e-10,
        "stdev": 0.00936735328287
    },
    "spectral_energyband_middle_high": {
        "max": 0.0580483525991,
        "mean": 0.0140375327319,
        "min": 3.1729154415e-08,
        "stdev": 0.0108931353316
    },
    "spectral_energyband_middle_low": {
        "max": 0.0572746731341,
        "mean": 0.00964517891407,
        "min": 3.06689007523e-09,
        "stdev": 0.00945318769664
    },
    "spectral_entropy": {
        "max": 8.67602443695,
        "mean": 7.75508546829,
        "min": 6.71823883057,
        "stdev": 0.257135242224
    },
    "spectral_flux": {
        "max": 0.312701314688,
        "mean": 0.0941581726074,
        "min": 0.00138512218837,
        "stdev": 0.0473881773651
    },
    "spectral_kurtosis": {
        "max": 17.862739563,
        "mean": 3.83542084694,
        "min": -0.889070510864,
        "stdev": 1.87151706219
    },
    "spectral_rms": {
        "max": 0.0111106224358,
        "mean": 0.00502540264279,
        "min": 5.86479063713e-06,
        "stdev": 0.00224546459503
    },
    "spectral_rolloff": {
        "max": 12639.9902344,
        "mean": 2017.07263184,
        "min": 86.1328125,
        "stdev": 1524.96191406
    },
    "spectral_skewness": {
        "max": 3.59267687798,
        "mean": 1.58634650707,
        "min": 0.572383284569,
        "stdev": 0.308656394482
    },
    "spectral_spread": {
        "max": 17093360,
        "mean": 5322372.5,
        "min": 2449419,
        "stdev": 1825357
    },
    "spectral_strongpeak": {
        "max": 9.91464996338,
        "mean": 2.06703877449,
        "min": 0,
        "stdev": 1.83781528473
    },
    "zerocrossingrate": {
        "max": 0.357421875,
        "mean": 0.0810319855809,
        "min": 0.0166015625,
        "stdev": 0.03174514696
    },
    "barkbands": {
        "max": [0.00944993086159, 0.0639950037003, 0.0333421826363, 0.0169700328261, 0.0289444550872, 0.0185333378613, 0.0253260489553, 0.026201153174, 0.0360123068094, 0.0494482517242, 0.0459359809756, 0.0213997680694, 0.0163166392595, 0.017112005502, 0.0129895303398, 0.00848326366395, 0.00846170447767, 0.00945136323571, 0.00486355973408, 0.00193437607959, 0.00258434237912, 0.00332044158131, 0.00310939340852, 0.00563675398007, 0.00904592871666, 0.00649930210784, 0.000701469485648],
        "mean": [0.000464407348773, 0.00446245679632, 0.00167576712556, 0.00121805060189, 0.00140631292015, 0.000685643230099, 0.000938224548008, 0.00101170223206, 0.00268943747506, 0.0057900599204, 0.0023621825967, 0.00154035992455, 0.00098022306338, 0.00121387280524, 0.000692224362865, 0.000615917961113, 0.000646067957859, 0.000452561303973, 0.00061846151948, 0.000217712746235, 0.000237950924202, 0.000271910277661, 0.000227538490435, 0.000191220475244, 0.000261710927589, 0.000168050144566, 1.41557466122e-05],
        "min": [7.13846863565e-12, 3.81171066932e-11, 9.08453312576e-11, 1.47678883011e-10, 1.20840115692e-10, 1.00880089005e-10, 2.63185612193e-10, 3.81479431377e-10, 1.58688662211e-09, 1.82589676712e-09, 1.4213024091e-09, 4.00881772222e-09, 3.12729220298e-09, 9.93837545593e-09, 1.48229639674e-09, 8.57748716498e-09, 8.21968548781e-10, 1.60183824538e-10, 2.90279078552e-10, 4.29476954e-10, 1.24410662328e-10, 1.146865658e-10, 6.58754578664e-11, 5.83523923625e-11, 3.63989879903e-11, 2.52326996103e-11, 8.36587223108e-12],
        "stdev": [0.000886408786755, 0.00713786482811, 0.00249218661338, 0.00176434055902, 0.00231903721578, 0.00123179738875, 0.00163781293668, 0.00190003018361, 0.00492109265178, 0.00825515110046, 0.0039484705776, 0.00257608876564, 0.00162739760708, 0.00183344772086, 0.00109486398287, 0.000929064757656, 0.000996171846054, 0.000812961428892, 0.000710752967279, 0.000231573954807, 0.000237736559939, 0.000343114894349, 0.000303050968796, 0.000346753135091, 0.000627916888334, 0.000495708023664, 4.66405108455e-05]
    },
    "erbbands": {
        "max": [2.20351147652, 17.7580471039, 43.5149536133, 36.968334198, 109.500968933, 98.0788497925, 131.654129028, 164.501113892, 437.868377686, 428.221893311, 712.760131836, 819.163696289, 1660.69628906, 1230.52392578, 1520.58203125, 694.155944824, 805.477600098, 1007.84368896, 869.859802246, 653.049133301, 585.338500977, 572.543945312, 599.509094238, 338.322692871, 249.166152954, 118.045074463, 63.3792724609, 122.283805847, 98.8611907959, 130.281997681, 89.705078125, 131.11630249, 80.3463516235, 87.2699737549, 80.4630355835, 35.2779884338, 11.408416748, 3.02875781059, 0.0898603945971, 0.00198082020506],
        "mean": [0.147965967655, 0.915013313293, 1.9529531002, 3.31839108467, 4.22437047958, 4.63347101212, 5.17450428009, 5.98974323273, 10.847650528, 18.70287323, 25.5723686218, 49.4496536255, 179.886154175, 130.168869019, 82.5165100098, 50.7988128662, 43.1585617065, 60.8385162354, 47.7910079956, 36.6074409485, 33.8096351624, 39.6029319763, 25.9495124817, 32.2428627014, 21.7669525146, 10.4039640427, 7.53577756882, 11.7163095474, 9.73405647278, 7.40870141983, 6.61305809021, 4.30823135376, 3.14073729515, 2.635440588, 2.00911235809, 0.925314903259, 0.267250239849, 0.0430723764002, 0.00215412559919, 9.06431814656e-05],
        "min": [9.0035323641e-10, 1.03377670868e-08, 8.0158585547e-08, 3.38413684631e-07, 5.19160039403e-07, 3.0690927133e-07, 5.09360802425e-07, 9.48902254549e-07, 2.00285376195e-06, 8.17137242848e-06, 8.32326895761e-06, 3.73361363017e-05, 4.62062344013e-05, 8.63554814714e-05, 5.53801837668e-05, 0.000177499881829, 0.000148989143781, 0.000440749427071, 0.000257906620391, 0.000123013523989, 0.000501820759382, 7.57487723604e-05, 1.32714330903e-05, 1.45948788486e-05, 1.32183067763e-05, 2.24872164836e-05, 5.44399381397e-06, 5.87985823586e-06, 3.70215366274e-06, 3.02095099869e-06, 1.90508944797e-06, 1.72965121692e-06, 5.32136994025e-07, 3.66906760974e-07, 2.95509636317e-07, 1.25857951616e-07, 4.26184350033e-08, 9.96983917645e-09, 1.21439636125e-09, 1.66924030154e-10],
        "stdev": [0.236079320312, 1.58236658573, 2.9942445755, 4.11153888702, 7.77913808823, 7.60903072357, 10.0108785629, 11.0733442307, 19.8869190216, 36.6469573975, 47.4455604553, 88.8247756958, 247.679504395, 161.408889771, 120.764091492, 80.3136901855, 66.6712417603, 87.5279312134, 73.4142150879, 51.7923851013, 50.6493911743, 59.9869728088, 47.6360855103, 38.8447113037, 26.0722694397, 11.1186532974, 7.09399652481, 12.7707366943, 12.3056869507, 9.26727867126, 8.91206359863, 8.3712682724, 5.24772548676, 5.5052819252, 5.46592473984, 2.76827645302, 0.802838683128, 0.139563381672, 0.00717552518472, 0.00016329002392]
    },
    "gfcc": {
        "mean": [24.0763645172, 58.4098510742, -133.13873291, 15.7748794556, -59.3097991943, 29.2317676544, -30.9480190277, 18.890750885, -28.0628910065, 1.5215780735, -23.6307621002, 3.34526348114, -12.2301387787],
        "cov": [[8354.56445312, -57.0075798035, 1953.85644531, 686.178039551, 605.83770752, 475.913757324, 300.582580566, 418.299407959, 101.557472229, 214.621658325, 123.217544556, 339.187072754, -68.6672668457], [-57.0075798035, 548.108032227, 119.717697144, 212.179595947, 38.3399276733, 48.1776580811, 72.305305481, -21.0549640656, -10.5027389526, -29.0286846161, 71.444519043, -16.6767158508, 28.8149185181], [1953.85644531, 119.717697144, 1179.78503418, 432.083007812, 233.611526489, 203.164154053, 100.645439148, 108.044303894, -16.2206115723, 121.07182312, 88.4360275269, 82.8031768799, -14.0918130875], [686.178039551, 212.179595947, 432.083007812, 448.159301758, 91.2055053711, 111.891098022, 84.7899398804, 51.0661239624, 24.4476146698, 39.2779579163, 63.9149055481, 35.7146034241, 21.5469665527], [605.83770752, 38.3399276733, 233.611526489, 91.2055053711, 188.879745483, 75.7340164185, 32.3810844421, 56.7417869568, 13.3467245102, 35.7679405212, 30.7037754059, 37.4205703735, -2.29876446724], [475.913757324, 48.1776580811, 203.164154053, 111.891098022, 75.7340164185, 200.26449585, 97.2716674805, 26.3901805878, -1.04030311108, 18.1564407349, 14.701133728, 18.0218849182, 12.9017505646], [300.582580566, 72.305305481, 100.645439148, 84.7899398804, 32.3810844421, 97.2716674805, 148.985366821, 48.8894119263, 5.4335565567, -11.2253103256, -2.46772217751, 14.0239191055, 4.22721719742], [418.299407959, -21.0549640656, 108.044303894, 51.0661239624, 56.7417869568, 26.3901805878, 48.8894119263, 149.795822144, 63.1199645996, 10.7173776627, -11.1589241028, 5.94830226898, 5.2723441124], [101.557472229, -10.5027389526, -16.2206115723, 24.4476146698, 13.3467245102, -1.04030311108, 5.4335565567, 63.1199645996, 117.108718872, 36.4119148254, -7.96172809601, -5.60826396942, -1.9128319025], [214.621658325, -29.0286846161, 121.07182312, 39.2779579163, 35.7679405212, 18.1564407349, -11.2253103256, 10.7173776627, 36.4119148254, 111.240608215, 51.5876617432, 2.91537737846, -26.9020500183], [123.217544556, 71.444519043, 88.4360275269, 63.9149055481, 30.7037754059, 14.701133728, -2.46772217751, -11.1589241028, -7.96172809601, 51.5876617432, 109.451766968, 30.3838481903, -12.9370193481], [339.187072754, -16.6767158508, 82.8031768799, 35.7146034241, 37.4205703735, 18.0218849182, 14.0239191055, 5.94830226898, -5.60826396942, 2.91537737846, 30.3838481903, 96.3084869385, 20.8806419373], [-68.6672668457, 28.8149185181, -14.0918130875, 21.5469665527, -2.29876446724, 12.9017505646, 4.22721719742, 5.2723441124, -1.9128319025, -26.9020500183, -12.9370193481, 20.8806419373, 77.3767471313]],
        "icov": [[0.000260120606981, 3.74861810997e-05, -0.000300262239762, 8.70836083777e-06, -0.000179957874934, -0.000191005208762, -9.05146225705e-06, -0.000344878528267, -7.6838703535e-05, 1.13538890218e-05, 0.000190732054762, -0.000684392114636, 0.00042889433098], [3.74861810997e-05, 0.00334729556926, -0.000178125832463, -0.00115674408153, -0.000979605596513, 0.00079378427472, -0.00179902510718, 0.00172063696664, -0.00124880648218, 0.00282438285649, -0.00343467923813, 0.00265589822084, -0.001443873276], [-0.000300262239762, -0.000178125832463, 0.00239046034403, -0.00153591996059, -0.000640910642687, -0.000579636951443, 0.000564174959436, -0.000910176255275, 0.00212759827264, -0.00208873907104, 0.000850710319355, -0.000277058861684, 0.000315119541483], [8.70836083777e-06, -0.00115674408153, -0.00153591996059, 0.00471547897905, 0.000351443799445, -0.000438888033386, -0.000829313183203, 0.000129645573907, -0.00160263490397, 0.000367205124348, -0.00121393171139, -7.76296728873e-05, -0.00112820637878], [-0.000179957874934, -0.000979605596513, -0.000640910642687, 0.000351443799445, 0.0089262444526, -0.00247414829209, 0.00178652384784, -0.0029485670384, 0.000709805230144, -0.00135639542714, 0.000195842352696, -0.00239385454915, 0.000996251124889], [-0.000191005208762, 0.00079378427472, -0.000579636951443, -0.000438888033386, -0.00247414829209, 0.00983342714608, -0.00626751035452, 0.00258378824219, -0.000271432247246, -0.000662777631078, -0.000760047172662, 0.00223171315156, -0.00296169216745], [-9.05146225705e-06, -0.00179902510718, 0.000564174959436, -0.000829313183203, 0.00178652384784, -0.00626751035452, 0.0131905684248, -0.00480219442397, 0.00167846272234, 0.000666385691147, 0.00236483290792, -0.00295778736472, 0.00316706090234], [-0.000344878528267, 0.00172063696664, -0.000910176255275, 0.000129645573907, -0.0029485670384, 0.00258378824219, -0.00480219442397, 0.0134278973565, -0.00736854411662, 0.0032787467353, -0.00163501512725, 0.0033151099924, -0.0025298949331], [-7.6838703535e-05, -0.00124880648218, 0.00212759827264, -0.00160263490397, 0.000709805230144, -0.000271432247246, 0.00167846272234, -0.00736854411662, 0.0158648751676, -0.00858143810183, 0.00494707375765, -0.00165655999444, 0.000390149332816], [1.13538890218e-05, 0.00282438285649, -0.00208873907104, 0.000367205124348, -0.00135639542714, -0.000662777631078, 0.000666385691147, 0.0032787467353, -0.00858143810183, 0.0203329827636, -0.010686552152, 0.00423664133996, 0.00221315165982], [0.000190732054762, -0.00343467923813, 0.000850710319355, -0.00121393171139, 0.000195842352696, -0.000760047172662, 0.00236483290792, -0.00163501512725, 0.00494707375765, -0.010686552152, 0.0191883668303, -0.00799724087119, 0.00382921285927], [-0.000684392114636, 0.00265589822084, -0.000277058861684, -7.76296728873e-05, -0.00239385454915, 0.00223171315156, -0.00295778736472, 0.0033151099924, -0.00165655999444, 0.00423664133996, -0.00799724087119, 0.0180555041879, -0.0069102528505], [0.00042889433098, -0.001443873276, 0.000315119541483, -0.00112820637878, 0.000996251124889, -0.00296169216745, 0.00316706090234, -0.0025298949331, 0.000390149332816, 0.00221315165982, 0.00382921285927, -0.0069102528505, 0.0180205516517]]
    },
    "melbands": {
        "max": [0.0186973921955, 0.022330455482, 0.00735529698431, 0.00740574346855, 0.00373594416305, 0.00351793435402, 0.00589348003268, 0.00437692180276, 0.00662400899455, 0.00570309581235, 0.00830513425171, 0.00511600915343, 0.0069951065816, 0.0031774151139, 0.00227136467583, 0.00184474408161, 0.00198616296984, 0.0015988588566, 0.001248086337, 0.000664378982037, 0.000751188839786, 0.000775862019509, 0.000679045275319, 0.00044780789176, 0.000350591581082, 0.000283932487946, 0.00014505397121, 9.06757340999e-05, 5.39078610018e-05, 6.96684073773e-05, 6.34848402115e-05, 6.90766246407e-05, 6.50071597192e-05, 7.72039275034e-05, 5.36749976163e-05, 8.29884229461e-05, 0.000103496364318, 5.83550427109e-05, 4.68469443149e-05, 8.1062920799e-05],
        "mean": [0.00129455246497, 0.00108730734792, 0.000596678291913, 0.000315856683301, 0.000186711695278, 0.00013770374062, 0.000170121100382, 0.00020898981893, 0.000218115106691, 0.000357439770596, 0.000933106872253, 0.000569923955481, 0.000308914954076, 0.000183829324669, 8.78461069078e-05, 0.000111435438157, 0.000113248213893, 8.31901925267e-05, 5.07836957695e-05, 4.46370177087e-05, 3.70606030629e-05, 4.4645214075e-05, 2.54843871517e-05, 2.0268256776e-05, 2.72856086667e-05, 2.28990338655e-05, 9.15209329833e-06, 6.15753924649e-06, 4.47238971901e-06, 5.219929335e-06, 7.26187272448e-06, 5.66275639358e-06, 4.7487642405e-06, 3.8446992221e-06, 3.95991719415e-06, 3.18282673106e-06, 2.43119893639e-06, 2.17937554226e-06, 2.1091934741e-06, 2.26084625865e-06],
        "min": [9.52757490957e-12, 3.49608467176e-11, 6.46531370108e-11, 2.91548417353e-11, 1.64684533371e-11, 2.02867271593e-11, 3.72855912811e-11, 9.49310907661e-11, 7.10439276852e-11, 2.54849807924e-10, 2.20916812621e-10, 3.42423644994e-10, 1.56200649637e-10, 4.20585177796e-10, 3.80256048871e-10, 3.66488978054e-10, 9.06630936992e-10, 5.28935173438e-10, 6.80113326768e-11, 3.60103696861e-10, 5.81724557414e-10, 6.11693265484e-11, 1.5822359048e-11, 8.41266639684e-12, 1.24404193544e-11, 9.52597983134e-12, 1.47527927374e-11, 1.38747372966e-11, 2.98672696818e-12, 3.67070046234e-12, 3.13000775472e-12, 2.15211745994e-12, 2.11771832709e-12, 1.44080526589e-12, 1.26656085793e-12, 9.83918458861e-13, 9.57490922486e-13, 3.05530530346e-13, 4.28776372047e-13, 2.47028607422e-13],
        "stdev": [0.00202912953682, 0.00161427876446, 0.000756380497478, 0.000517207954545, 0.000341502222, 0.000243880669586, 0.000293496210361, 0.000394170405343, 0.000434472720372, 0.000660112709738, 0.00128999166191, 0.000757477711886, 0.000501615053508, 0.000333371863235, 0.000161051924806, 0.000184740551049, 0.000177548849024, 0.000145872618305, 8.01146015874e-05, 6.73909889883e-05, 6.73232570989e-05, 7.34423520043e-05, 5.43136484339e-05, 3.56774362444e-05, 3.58417164534e-05, 2.87974380626e-05, 1.27122884805e-05, 7.55508381189e-06, 4.85357395519e-06, 5.52313758817e-06, 8.54564132169e-06, 7.55505061534e-06, 6.33942363493e-06, 5.14339535584e-06, 5.43978239875e-06, 5.11488042321e-06, 5.48803973288e-06, 3.81057975574e-06, 3.60679064215e-06, 5.06266314915e-06]
    },
    "melbands128": {
        "max": [0.00830131303519, 0.0167663320899, 0.0326815843582, 0.0350940749049, 0.0283905826509, 0.0132201174274, 0.00892620999366, 0.0112087251619, 0.012655287981, 0.00911920331419, 0.00660895928741, 0.00649491325021, 0.00503973057494, 0.00597283942625, 0.00512477941811, 0.00436530727893, 0.00885129906237, 0.00791320763528, 0.00552757782862, 0.00838837772608, 0.00823222193867, 0.00641012052074, 0.0116517283022, 0.00932941678911, 0.00891170650721, 0.0131684662774, 0.0144136436284, 0.0152650251985, 0.0168033931404, 0.00875216070563, 0.00927241705358, 0.00844281725585, 0.0132592478767, 0.00483827339485, 0.00626154709607, 0.00551860453561, 0.00361769227311, 0.00402656989172, 0.00250535528176, 0.00354120554402, 0.00310484436341, 0.00360334571451, 0.00448395358399, 0.00256569683552, 0.00441293418407, 0.00278901704587, 0.00168900913559, 0.00182784046046, 0.00234894570895, 0.00168706919067, 0.00133478455245, 0.00104008987546, 0.00190974271391, 0.00117435387801, 0.000874540186487, 0.00174682587385, 0.00126248318702, 0.00141968938988, 0.00151011324488, 0.00149878219236, 0.000743842567317, 0.000616019009613, 0.000778846035246, 0.000756204070058, 0.000784386997111, 0.000575050769839, 0.000487093930133, 0.000387357751606, 0.000132987232064, 0.000151421685587, 0.000229653873248, 0.000116668670671, 0.000135062698973, 8.01558853709e-05, 6.78995638737e-05, 9.88897882053e-05, 7.39579336368e-05, 0.000153388420586, 0.000109016262286, 0.000101733472547, 0.00011836343765, 0.000108901520434, 7.1369446232e-05, 9.33811097639e-05, 7.03347250237e-05, 9.49650420807e-05, 8.3746141172e-05, 6.14006057731e-05, 7.8932964243e-05, 7.77150489739e-05, 6.17797923042e-05, 0.000126301296405, 0.000109682972834, 0.000151896761963, 9.42294136621e-05, 6.51185255265e-05, 6.55811381876e-05, 4.59574694105e-05, 3.71966052626e-05, 7.02505712979e-05, 0.000107994412247, 9.28830340854e-05, 9.10021481104e-05, 0.000194502150407, 0.000101792698842, 0.00010461936472, 8.58297862578e-05, 0.000120684882859, 9.00775557966e-05, 5.59463514946e-05, 3.73817383661e-05, 5.32756421308e-05, 4.89168887725e-05, 6.16736215306e-05, 3.88586449844e-05, 5.35276885785e-05, 2.30766690947e-05, 8.81872801983e-06, 5.5928439906e-06, 2.91817673315e-06, 1.42655937907e-06, 1.03827073872e-06, 7.97812731435e-07, 5.95326241637e-08, 1.61973296997e-08, 1.60041331299e-08, 1.58543027595e-08, 1.57595128059e-08],
        "mean": [0.000418865325628, 0.00122567138169, 0.00164204475004, 0.00147990777623, 0.00107582611963, 0.00079450145131, 0.000694177346304, 0.000567722541746, 0.000410297099734, 0.00031586890691, 0.000248128199019, 0.000209437508602, 0.000185808792594, 0.000134880421683, 0.000119773118058, 0.00014116676175, 0.000177513284143, 0.000161509189638, 0.000171953477548, 0.00023539691756, 0.000205875185202, 0.000203100338695, 0.000209084508242, 0.000255093706073, 0.000214284402318, 0.000334124692017, 0.000833226076793, 0.000938212906476, 0.00127000722568, 0.000502736424096, 0.00040358302067, 0.000462214229628, 0.000301263324218, 0.000181961542694, 0.000278697581962, 0.000148767663632, 9.85872175079e-05, 0.000104108738014, 5.8409092162e-05, 8.39779895614e-05, 0.000137139431899, 0.00013266550377, 0.000113051930384, 8.87722562766e-05, 0.000129307576572, 7.05803686287e-05, 5.44723152416e-05, 4.86877470394e-05, 5.17530570505e-05, 4.87419893034e-05, 4.77663597849e-05, 3.10823961627e-05, 4.65851808258e-05, 3.34747455781e-05, 2.99505991279e-05, 6.50512447464e-05, 3.59599762305e-05, 2.10333146242e-05, 2.61099557974e-05, 2.49327495112e-05, 1.71771262103e-05, 1.94893746084e-05, 2.00201484404e-05, 2.76004866464e-05, 4.48557875643e-05, 2.14709889406e-05, 1.1866260138e-05, 1.1408791579e-05, 7.38727248972e-06, 8.0981390056e-06, 6.33852459941e-06, 5.4189945331e-06, 4.4818079914e-06, 4.56071393273e-06, 4.0726044972e-06, 3.79499283554e-06, 6.20149694441e-06, 8.31180113892e-06, 6.75136243444e-06, 7.51025572754e-06, 5.65466007174e-06, 4.89320291308e-06, 5.38529820915e-06, 4.790006642e-06, 4.38422284788e-06, 3.50386471837e-06, 4.16596412833e-06, 3.48858907273e-06, 4.27614622822e-06, 3.82111011277e-06, 3.66404378838e-06, 2.9054810966e-06, 2.6323741622e-06, 2.35848369812e-06, 2.42531291406e-06, 2.14817669075e-06, 2.18866739488e-06, 2.08799542634e-06, 2.10279563362e-06, 2.10143343793e-06, 2.14912347474e-06, 2.21352684093e-06, 2.47627349381e-06, 2.658866606e-06, 2.40149893216e-06, 2.08868118534e-06, 1.90198488781e-06, 1.79536380074e-06, 1.60589763709e-06, 1.46794377542e-06, 1.21396112718e-06, 9.47118849126e-07, 7.86395276009e-07, 6.71042243994e-07, 5.11330426889e-07, 3.96685862825e-07, 2.73352810609e-07, 1.95980646822e-07, 9.66222089005e-08, 4.33848974524e-08, 1.6772363054e-08, 8.43494873948e-09, 4.4390069398e-09, 1.21840010303e-10, 1.18623045414e-11, 1.165298847e-11, 1.15095129608e-11, 1.14351280181e-11],
        "min": [4.10791583041e-12, 4.29233775259e-12, 1.05444351167e-11, 1.73003330411e-11, 3.00495982264e-11, 4.98888326483e-11, 6.93592475121e-11, 7.37245819948e-11, 5.44697550953e-11, 2.62912400184e-11, 1.27690115426e-11, 1.34064391533e-11, 1.67262106943e-11, 2.0860662156e-11, 2.35812480653e-11, 1.85881449122e-11, 1.51324144188e-11, 3.35398930851e-11, 7.09462211201e-11, 1.02048813844e-10, 1.08597547621e-10, 7.61142815442e-11, 2.81058856744e-11, 9.6579813591e-11, 2.61618005037e-10, 3.24983318034e-10, 2.48506548672e-10, 2.24674279181e-10, 1.60473079269e-10, 2.81596829188e-10, 5.12696884947e-10, 2.68252309255e-10, 5.87790788265e-11, 1.12795717211e-10, 2.75027417507e-10, 5.7473265036e-10, 5.75762271193e-10, 3.50716899966e-10, 2.89062468406e-10, 2.54155613222e-10, 2.63206123563e-10, 7.22827020461e-10, 8.59873505732e-10, 1.14936349327e-09, 8.37926172892e-10, 4.46800901832e-10, 1.07226540147e-10, 2.45138007116e-11, 5.31614405275e-11, 1.25001065054e-10, 2.10548620205e-10, 7.85047138407e-10, 1.02920783007e-09, 3.02800645668e-10, 3.62281524224e-11, 7.68482569247e-11, 3.57241666804e-11, 2.11007964573e-11, 6.11680367815e-12, 7.86441311379e-12, 1.07548032979e-11, 7.59759703067e-12, 5.95527490169e-12, 1.61931284354e-11, 1.94884854782e-11, 6.16257392339e-12, 7.91800132405e-12, 4.06548926468e-12, 1.50142242389e-11, 3.39027347862e-11, 1.31282536925e-11, 4.55557813694e-12, 5.94349873137e-12, 1.39402454424e-12, 2.05444125254e-12, 2.5007834345e-12, 6.02940700839e-12, 3.42907776826e-12, 2.37054408221e-12, 3.33213383101e-12, 2.10144141671e-12, 2.19184522962e-12, 8.50815511794e-13, 2.56690372083e-12, 2.97016491263e-12, 7.50635068426e-13, 9.25281335926e-13, 2.5288011702e-12, 1.14340860998e-12, 7.48047945202e-13, 3.59302350242e-13, 9.67979494303e-13, 2.18186623283e-12, 7.65976258116e-13, 5.12049495686e-13, 3.5274834811e-13, 2.44155200614e-13, 1.92085767865e-13, 6.53059312357e-13, 3.61135519275e-13, 3.6725107005e-13, 1.24978193484e-13, 2.25952327053e-13, 3.85989444617e-13, 4.08468262469e-13, 3.07361530975e-13, 3.1693102461e-13, 2.03186575095e-13, 3.43518101334e-13, 5.95932740546e-14, 1.23342417009e-13, 1.85409508384e-13, 1.53912676332e-13, 6.93731910025e-14, 1.14307733201e-13, 8.69097545667e-14, 6.3228373546e-14, 3.15854723561e-14, 3.05134606818e-14, 5.44922857922e-14, 1.89472088464e-14, 3.1554901243e-14, 2.93454158e-14, 3.78500602713e-14, 3.9813428433e-14, 1.8609359591e-14, 2.16591152701e-15, 8.9457253907e-17],
        "stdev": [0.000792672450189, 0.00201573758386, 0.00296812737361, 0.00266057369299, 0.00184191018343, 0.00112655572593, 0.000906559464056, 0.000906269648112, 0.000915022217669, 0.000590346229728, 0.000468139944132, 0.00047247580369, 0.000413214729633, 0.00032149074832, 0.000290980242426, 0.000304240384139, 0.00041716475971, 0.000367436383385, 0.000361262675142, 0.000626051449217, 0.000459723698441, 0.00050015700981, 0.000598786398768, 0.00074339233106, 0.000737273308914, 0.000954797549639, 0.00183079799172, 0.00173261738382, 0.0026029876899, 0.000872222066391, 0.000828365969937, 0.000844947062433, 0.000803256989457, 0.000393382943003, 0.000629164860584, 0.000424042111263, 0.000264879286988, 0.000258669839241, 0.000140990305226, 0.00023745202634, 0.00030436963425, 0.000259125052253, 0.000302113767248, 0.000195625019842, 0.000321132305544, 0.000189931306522, 0.000129144464154, 0.000115415416076, 0.000114693524665, 0.000116686540423, 0.000103742495412, 6.99929223629e-05, 0.000123721954878, 8.9737943199e-05, 6.8123867095e-05, 0.000137145907502, 9.41157413763e-05, 8.21676148917e-05, 8.1561760453e-05, 7.88076722529e-05, 4.26032820542e-05, 4.97182700201e-05, 4.80120143038e-05, 5.25345094502e-05, 7.43427590351e-05, 4.38338283857e-05, 2.85838432319e-05, 2.65620528808e-05, 1.17950494314e-05, 1.35751179187e-05, 1.15154434752e-05, 8.85160989128e-06, 7.58368560128e-06, 6.63222408548e-06, 5.24066945218e-06, 5.77788159717e-06, 8.27731309982e-06, 1.15955299407e-05, 1.08608928713e-05, 1.13014039016e-05, 9.13685016712e-06, 8.32124078443e-06, 7.71699251345e-06, 7.80167010817e-06, 6.37126049696e-06, 5.49652986592e-06, 6.98339590599e-06, 5.71827649765e-06, 6.58715816826e-06, 5.97637927058e-06, 5.50824870515e-06, 5.86893838772e-06, 5.83052997172e-06, 6.70794861435e-06, 5.71154350837e-06, 4.10773373005e-06, 4.06876642955e-06, 3.59035652764e-06, 3.54774601874e-06, 4.12888994106e-06, 5.15052624905e-06, 5.20091998624e-06, 6.1927448769e-06, 8.14600934973e-06, 7.09517098585e-06, 6.13801512372e-06, 5.87936392549e-06, 6.01156898483e-06, 5.26238045495e-06, 4.59857619717e-06, 3.54851476914e-06, 3.02504076899e-06, 2.61511809185e-06, 2.44745388045e-06, 1.84956297744e-06, 1.62267201631e-06, 9.3983686611e-07, 6.47623323857e-07, 4.07701804761e-07, 2.12307881498e-07, 8.15014971067e-08, 5.16664826478e-08, 3.28260192362e-08, 1.62967361828e-09, 3.52675250115e-10, 3.48471168587e-10, 3.45210832142e-10, 3.43147787962e-10]
    },
    "mfcc": {
        "mean": [-617.908691406, 96.5728378296, -14.6310892105, -1.15423285961, -3.42066168785, 6.52561950684, 6.33657455444, 12.2953310013, 5.11996793747, 3.16965913773, 0.448990315199, -7.70130825043, -3.96372270584],
        "cov": [[6934.84667969, 11.0097551346, 1194.89160156, 518.480102539, 541.432556152, 304.26940918, 395.470977783, 371.697052002, 127.389030457, 99.6918640137, 201.966644287, 107.68221283, 258.108947754], [11.0097551346, 340.09185791, 68.7726898193, 59.63438797, 37.7217597961, 18.1419391632, 63.8885765076, 7.80465888977, -25.0618171692, -4.26338005066, 2.84274506569, 0.431427776814, 19.6505565643], [1194.89160156, 68.7726898193, 876.690734863, 354.921264648, 238.361206055, 190.974273682, 207.297927856, 73.3390884399, 23.6782398224, 51.750453949, 56.8734397888, 34.4504394531, 97.2164611816], [518.480102539, 59.63438797, 354.921264648, 328.400756836, 125.093765259, 71.1600799561, 81.6298217773, 53.6316223145, 24.2393436432, 12.1791992188, 33.9058876038, 34.5244674683, 47.5837173462], [541.432556152, 37.7217597961, 238.361206055, 125.093765259, 217.494537354, 51.9057197571, 63.9001693726, 18.0475559235, 15.9629640579, 31.442237854, 18.4261054993, 29.0292434692, 50.4983444214], [304.26940918, 18.1419391632, 190.974273682, 71.1600799561, 51.9057197571, 210.716903687, 100.971969604, 37.8055419922, -6.13005495071, -8.52915763855, 21.4671630859, -12.2447500229, 37.6931991577], [395.470977783, 63.8885765076, 207.297927856, 81.6298217773, 63.9001693726, 100.971969604, 195.300949097, 53.9935493469, -8.21938419342, -3.96983170509, 13.9450836182, 7.22722244263, 46.6315231323], [371.697052002, 7.80465888977, 73.3390884399, 53.6316223145, 18.0475559235, 37.8055419922, 53.9935493469, 143.912811279, 61.6166114807, 4.74154853821, 8.07213592529, -19.3040084839, 14.8938541412], [127.389030457, -25.0618171692, 23.6782398224, 24.2393436432, 15.9629640579, -6.13005495071, -8.21938419342, 61.6166114807, 123.97164917, 50.6598243713, 3.93825030327, -21.5538635254, -16.9946937561], [99.6918640137, -4.26338005066, 51.750453949, 12.1791992188, 31.442237854, -8.52915763855, -3.96983170509, 4.74154853821, 50.6598243713, 128.519271851, 41.430480957, 0.102220766246, -23.2127857208], [201.966644287, 2.84274506569, 56.8734397888, 33.9058876038, 18.4261054993, 21.4671630859, 13.9450836182, 8.07213592529, 3.93825030327, 41.430480957, 118.787162781, 49.8524055481, 7.12963294983], [107.68221283, 0.431427776814, 34.4504394531, 34.5244674683, 29.0292434692, -12.2447500229, 7.22722244263, -19.3040084839, -21.5538635254, 0.102220766246, 49.8524055481, 110.46509552, 39.7998733521], [258.108947754, 19.6505565643, 97.2164611816, 47.5837173462, 50.4983444214, 37.6931991577, 46.6315231323, 14.8938541412, -16.9946937561, -23.2127857208, 7.12963294983, 39.7998733521, 96.4505767822]],
        "icov": [[0.000238847671426, 9.32526745601e-05, -0.000193286585272, 7.40267641959e-05, -0.000335418386385, 6.45061518298e-05, -5.35488507012e-05, -0.000489785859827, 5.97553917032e-05, 1.09400571091e-05, -0.000261100096395, 2.85160313069e-05, -0.000227250464377], [9.32526745601e-05, 0.0033393620979, 0.0001863612124, -0.000629549729638, -0.000437057635281, 0.000444273639005, -0.00115874933545, -0.000166212514159, 0.000914135365747, -0.000216390180867, -0.000213950566831, 0.000629067479167, -0.000300831161439], [-0.000193286585272, 0.0001863612124, 0.00311528984457, -0.00227510882542, -0.000897283956874, -0.000982094439678, -0.00132731243502, 0.000721355201676, 9.93266221485e-05, -0.000963328639045, 8.19142151158e-05, 0.000452664127806, -0.000561587570701], [7.40267641959e-05, -0.000629549729638, -0.00227510882542, 0.00613689888269, -0.00118864362594, 0.0001040220086, 0.00056756392587, -0.00128710747231, -0.000754117267206, 0.00113006599713, -0.000425742618972, -0.00132310041226, 0.000418280891608], [-0.000335418386385, -0.000437057635281, -0.000897283956874, -0.00118864362594, 0.00798332318664, -0.000285616697511, -0.000227643642575, 0.00138513545971, -0.000844985304866, -0.00172777066473, 0.00121960300021, -0.000892550451681, -0.00198109983467], [6.45061518298e-05, 0.000444273639005, -0.000982094439678, 0.0001040220086, -0.000285616697511, 0.00752658210695, -0.00253612943925, -0.000307125766994, 0.000500255671795, 0.0010826245416, -0.00217880983837, 0.00285516493022, -0.00151126552373], [-5.35488507012e-05, -0.00115874933545, -0.00132731243502, 0.00056756392587, -0.000227643642575, -0.00253612943925, 0.00925697665662, -0.00284831319004, 0.00175952794962, -0.000293458724627, 0.000528522243258, -0.000543086905964, -0.00106371042784], [-0.000489785859827, -0.000166212514159, 0.000721355201676, -0.00128710747231, 0.00138513545971, -0.000307125766994, -0.00284831319004, 0.0126620745286, -0.00666906032711, 0.00204877229407, -0.00126920128241, 0.00248210364953, -0.00154331652448], [5.97553917032e-05, 0.000914135365747, 9.93266221485e-05, -0.000754117267206, -0.000844985304866, 0.000500255671795, 0.00175952794962, -0.00666906032711, 0.0143285878003, -0.00528586655855, 0.00121686572675, 0.000993410591036, 0.00110450736247], [1.09400571091e-05, -0.000216390180867, -0.000963328639045, 0.00113006599713, -0.00172777066473, 0.0010826245416, -0.000293458724627, 0.00204877229407, -0.00528586655855, 0.0125473784283, -0.0046760533005, 0.000956270436291, 0.002774751978], [-0.000261100096395, -0.000213950566831, 8.19142151158e-05, -0.000425742618972, 0.00121960300021, -0.00217880983837, 0.000528522243258, -0.00126920128241, 0.00121686572675, -0.0046760533005, 0.0136246839538, -0.00709490664303, 0.00203275959939], [2.85160313069e-05, 0.000629067479167, 0.000452664127806, -0.00132310041226, -0.000892550451681, 0.00285516493022, -0.000543086905964, 0.00248210364953, 0.000993410591036, 0.000956270436291, -0.00709490664303, 0.0160396452993, -0.0064662406221], [-0.000227250464377, -0.000300831161439, -0.000561587570701, 0.000418280891608, -0.00198109983467, -0.00151126552373, -0.00106371042784, -0.00154331652448, 0.00110450736247, 0.002774751978, 0.00203275959939, -0.0064662406221, 0.0171579830348]]
    },
    "spectral_contrast_coeffs": {
        "max": [-0.494629025459, -0.514391899109, -0.442102342844, -0.561887264252, -0.616269648075, -0.645413100719],
        "mean": [-0.752256035805, -0.765490472317, -0.683766305447, -0.758648574352, -0.761391282082, -0.774936854839],
        "min": [-0.97155380249, -0.93666779995, -0.942604184151, -0.912265956402, -0.910939693451, -0.88829010725],
        "stdev": [0.0561328232288, 0.0676339641213, 0.0975372865796, 0.0670988410711, 0.0532135851681, 0.034919615835]
    },
    "spectral_contrast_valleys": {
        "max": [-4.98478460312, -4.73726606369, -5.74603557587, -6.11592245102, -6.08399963379, -7.51386022568],
        "mean": [-7.0712685585, -6.83621263504, -7.02175045013, -7.36042833328, -7.52105665207, -9.61326217651],
        "min": [-13.144534111, -12.9699134827, -12.3368501663, -12.2763214111, -13.6713733673, -16.1927433014],
        "stdev": [1.3297573328, 0.705819070339, 0.644294977188, 0.612204492092, 0.649963378906, 0.945810317993]
    }
},
"rhythm": {
    "beats_count": 130,
    "beats_loudness": {
        "max": 0.104443699121,
        "mean": 0.0364399142563,
        "min": 0.000244416383794,
        "stdev": 0.021718038246
    },
    "bpm": 165.58770752,
    "bpm_histogram_first_peak_bpm": 167,
    "bpm_histogram_first_peak_weight": 0,
    "bpm_histogram_second_peak_bpm": 172,
    "bpm_histogram_second_peak_spread": 0,
    "bpm_histogram_second_peak_weight": 0.240310072899,
    "danceability": 0.775548517704,
    "onset_rate": 3.12727093697,
    "beats_loudness_band_ratio": {
        "max": [0.826518595219, 0.360447973013, 0.723445057869, 0.838480710983, 0.517404973507, 0.439984321594],
        "mean": [0.249469727278, 0.0702449381351, 0.218933969736, 0.308611452579, 0.119089148939, 0.0701695010066],
        "min": [0.000789045414422, 0.00150352634955, 0.00582772586495, 0.0211847126484, 0.00816554762423, 0.0069834869355],
        "stdev": [0.185277745128, 0.0616604760289, 0.162493512034, 0.19759863615, 0.0941248983145, 0.0598050057888]
    },
