{
"metadata": {
    "version": {
        "essentia": "2.1-beta5",
        "essentia_git_sha": "Undefined",
        "extractor": "music 2.0"
    },
    "audio_properties": {
        "analysis": {
            "equal_loudness": 0,
            "length": 29.0017242432,
            "sample_rate": 44100,
            "start_time": 0,
            "downmix": "mix"
        },
        "bit_rate": 192000,
        "length": 236.750671387,
        "lossless": 0,
        "number_channels": 2,
        "replay_gain": 2.17829322815,
        "sample_rate": 48000,
        "codec": "mp3",
        "md5_encoded": "be224d74b8409fa91ef827beb0d353d9"
    },
    "tags": {
        "file_name": "United KingdomUK_That Sounds Good To Me_Josh.mp3",
        "encoding": ["Lavf58.29.100"]
    }
},
"lowlevel": {
    "average_loudness": 0.001344678225,
    "barkbands_crest": {
        "max": 24.3659534454,
        "mean": 9.00377845764,
        "min": 2.11198282242,
        "stdev": 4.10563802719
    },
    "barkbands_flatness_db": {
        "max": 0.367221176624,
        "mean": 0.149056196213,
        "min": 0.0281404331326,
        "stdev": 0.042309332639
    },
    "barkbands_kurtosis": {
        "max": 218.775604248,
        "mean": 4.65814685822,
        "min": -1.93645739555,
        "stdev": 20.809513092
    },
    "barkbands_skewness": {
        "max": 13.1794786453,
        "mean": 1.01818156242,
        "min": -2.53757953644,
        "stdev": 1.70667111874
    },
    "barkbands_spread": {
        "max": 93.7651596069,
        "mean": 24.0319881439,
        "min": 1.06402719021,
        "stdev": 13.689157486
    },
    "dissonance": {
        "max": 0.499895066023,
        "mean": 0.472290575504,
        "min": 0.359498858452,
        "stdev": 0.0211593452841
    },
    "dynamic_complexity": 5.22124195099,
    "erbbands_crest": {
        "max": 33.5574264526,
        "mean": 10.8242712021,
        "min": 2.69706439972,
        "stdev": 5.96776819229
    },
    "erbbands_flatness_db": {
        "max": 0.346417307854,
        "mean": 0.18987801671,
        "min": 0.0799419432878,
        "stdev": 0.0430436059833
    },
    "erbbands_kurtosis": {
        "max": 75.3933181763,
        "mean": 1.967654109,
        "min": -1.57936537266,
        "stdev": 5.9763584137
    },
    "erbbands_skewness": {
        "max": 3.69549202919,
        "mean": 0.449945956469,
        "min": -3.70715260506,
        "stdev": 0.763966262341
    },
    "erbbands_spread": {
        "max": 161.563583374,
        "mean": 30.9594287872,
        "min": 1.45860493183,
        "stdev": 19.4139957428
    },
    "hfc": {
        "max": 998.552185059,
        "mean": 18.9322357178,
        "min": 1.16602158472e-16,
        "stdev": 75.1241149902
    },
    "loudness_ebu128": {
        "integrated": -25.7634983063,
        "loudness_range": 17.0320301056,
        "momentary": {
            "max": -11.9662818909,
            "mean": -31.342376709,
            "min": -35.8623199463,
            "stdev": 4.94471359253
        },
        "short_term": {
            "max": -17.1749172211,
            "mean": -30.9108848572,
            "min": -34.724395752,
            "stdev": 5.14380121231
        }
    },
    "melbands_crest": {
        "max": 36.4791679382,
        "mean": 12.6653604507,
        "min": 2.34204721451,
        "stdev": 5.36980295181
    },
    "melbands_flatness_db": {
        "max": 0.473760426044,
        "mean": 0.179436281323,
        "min": 0.00498242117465,
        "stdev": 0.0630581602454
    },
    "melbands_kurtosis": {
        "max": 877.913879395,
        "mean": 15.8516778946,
        "min": -1.60947465897,
        "stdev": 65.8285751343
    },
    "melbands_skewness": {
        "max": 23.6449394226,
        "mean": 1.94416618347,
        "min": -1.95709002018,
        "stdev": 2.53126573563
    },
    "melbands_spread": {
        "max": 169.569854736,
        "mean": 30.9506282806,
        "min": 0.655163824558,
        "stdev": 23.4564762115
    },
    "pitch_salience": {
        "max": 0.864064335823,
        "mean": 0.556079447269,
        "min": 0.10515280813,
        "stdev": 0.116812504828
    },
    "silence_rate_20dB": {
        "max": 1,
        "mean": 0.974399983883,
        "min": 0,
        "stdev": 0.157940879464
    },
    "silence_rate_30dB": {
        "max": 1,
        "mean": 0.946399986744,
        "min": 0,
        "stdev": 0.225225627422
    },
    "silence_rate_60dB": {
        "max": 1,
        "mean": 0.331200003624,
        "min": 0,
        "stdev": 0.470645010471
    },
    "spectral_centroid": {
        "max": 11441.78125,
        "mean": 1426.67199707,
        "min": 188.141952515,
        "stdev": 790.94744873
    },
    "spectral_complexity": {
        "max": 65,
        "mean": 11.6288003922,
        "min": 0,
        "stdev": 10.2950611115
    },
    "spectral_decrease": {
        "max": 1.15529813536e-30,
        "mean": -6.13653394765e-09,
        "min": -2.493005411e-07,
        "stdev": 2.30924204203e-08
    },
    "spectral_energy": {
        "max": 0.961396515369,
        "mean": 0.0248778965324,
        "min": 1.0571804437e-20,
        "stdev": 0.0904059484601
    },
    "spectral_energyband_high": {
        "max": 0.0854733660817,
        "mean": 0.00171283131931,
        "min": 7.35249019432e-21,
        "stdev": 0.00770424166694
    },
    "spectral_energyband_low": {
        "max": 0.702031433582,
        "mean": 0.0148670487106,
        "min": 1.0512125658e-22,
        "stdev": 0.0649433284998
    },
    "spectral_energyband_middle_high": {
        "max": 0.158475071192,
        "mean": 0.00265496922657,
        "min": 1.6063036673e-21,
        "stdev": 0.00991167407483
    },
    "spectral_energyband_middle_low": {
        "max": 0.726548373699,
        "mean": 0.00612688390538,
        "min": 3.33149389843e-22,
        "stdev": 0.0347559042275
    },
    "spectral_entropy": {
        "max": 9.78461265564,
        "mean": 7.68352794647,
        "min": 6.48265790939,
        "stdev": 0.308899641037
    },
    "spectral_flux": {
        "max": 0.695294380188,
        "mean": 0.0561962649226,
        "min": 1.02819280867e-10,
        "stdev": 0.084175363183
    },
    "spectral_kurtosis": {
        "max": 14.3392715454,
        "mean": 3.38088393211,
        "min": -1.18628656864,
        "stdev": 2.51578450203
    },
    "spectral_rms": {
        "max": 0.0306259337813,
        "mean": 0.00306139839813,
        "min": 3.21153477076e-12,
        "stdev": 0.0038599211257
    },
    "spectral_rolloff": {
        "max": 19143.0175781,
        "mean": 1661.72924805,
        "min": 64.599609375,
        "stdev": 1673.58520508
    },
    "spectral_skewness": {
        "max": 2.72725582123,
        "mean": 1.39177954197,
        "min": -0.0605067014694,
        "stdev": 0.425254166126
    },
    "spectral_spread": {
        "max": 41779068,
        "mean": 4056221.25,
        "min": 2063993.375,
        "stdev": 1677996.5
    },
    "spectral_strongpeak": {
        "max": 32.5276527405,
        "mean": 0.750259935856,
        "min": 0,
        "stdev": 2.15010786057
    },
    "zerocrossingrate": {
        "max": 0.65234375,
        "mean": 0.0660015642643,
        "min": 0.005859375,
        "stdev": 0.0481763221323
    },
    "barkbands": {
        "max": [0.0835991576314, 0.610788226128, 0.182327568531, 0.115790173411, 0.632669448853, 0.0630601719022, 0.0200292188674, 0.0163350105286, 0.0369727239013, 0.0186392236501, 0.0161025337875, 0.0275498013943, 0.0166756846011, 0.0117492666468, 0.0208973735571, 0.0222605206072, 0.0243901405483, 0.0181314535439, 0.0275426711887, 0.0169722847641, 0.0363356098533, 0.0183963682503, 0.0352806448936, 0.0181959550828, 0.0217985771596, 0.000807412317954, 6.59060824546e-05],
        "mean": [0.00151761167217, 0.0101471478119, 0.00282782153226, 0.00128106528427, 0.00276799686253, 0.000559796520974, 0.000437091832282, 0.000391490815673, 0.000504629279021, 0.000445210549515, 0.000266543123871, 0.00049938209122, 0.000198819048819, 0.000218798377318, 0.000216902975808, 0.000180568196811, 0.000216731452383, 0.000182214396773, 0.000218799978029, 0.000223309063585, 0.000489073456265, 0.000265261449385, 0.000342686689692, 0.000270429125521, 0.000198870140593, 9.53905600909e-06, 1.07116449044e-07],
        "min": [2.81521895651e-23, 3.55976007836e-23, 3.02319771656e-23, 3.61005059216e-23, 9.06611143317e-23, 9.85266697129e-23, 2.76020663688e-23, 2.71563189366e-23, 4.69221408401e-23, 4.92597250289e-23, 1.81990917654e-22, 8.65524932345e-23, 1.1920464517e-22, 1.59177350576e-22, 1.06062146759e-22, 2.08169146887e-22, 8.63251435216e-23, 2.23595643744e-22, 2.33595976641e-22, 3.01074406411e-22, 5.48865486968e-22, 5.48615424372e-22, 6.36200744791e-22, 6.79796151909e-22, 9.28903633058e-22, 1.86983551428e-21, 2.24836495442e-21],
        "stdev": [0.00800202880055, 0.0470667891204, 0.0138715365902, 0.00765869626775, 0.0260872524232, 0.0026601224672, 0.00144660833757, 0.00108411058318, 0.00196525850333, 0.00104871671647, 0.000907703652047, 0.00156118557788, 0.00085658946773, 0.000760697235819, 0.00110497057904, 0.00109632138629, 0.00127353379503, 0.000965863349847, 0.00122728850693, 0.00116321549285, 0.00258622318506, 0.0013108830899, 0.00191771495156, 0.00140534562524, 0.00134202558547, 5.46806004422e-05, 2.01082411877e-06]
    },
    "erbbands": {
        "max": [23.171628952, 147.698181152, 246.377990723, 260.011566162, 1061.42346191, 3463.89794922, 910.67779541, 720.256103516, 330.977722168, 407.47442627, 604.624938965, 1004.71929932, 765.959350586, 605.216308594, 851.154541016, 1045.8527832, 617.800170898, 689.549621582, 916.676818848, 975.687438965, 1258.71630859, 1243.9576416, 1065.02160645, 1430.4921875, 739.382324219, 678.923278809, 1648.53369141, 829.463012695, 563.476013184, 667.675354004, 1460.36096191, 404.54208374, 269.984924316, 273.580078125, 127.596664429, 18.9904251099, 0.450404912233, 0.0954145789146, 0.00927241146564, 0.00197031465359],
        "mean": [0.388645529747, 1.862667799, 3.69340419769, 3.55392384529, 7.26380062103, 10.6550064087, 4.27560758591, 5.13404798508, 6.21206855774, 7.81159353256, 8.80126285553, 12.4133176804, 14.7190656662, 10.0023155212, 13.5211658478, 23.4577903748, 10.3147115707, 10.8651533127, 11.5900325775, 10.7770299911, 10.5537395477, 12.0900039673, 10.4544868469, 9.21791934967, 11.6317071915, 9.78585147858, 19.5794429779, 15.8690013885, 9.67485713959, 9.71547985077, 10.6916685104, 5.84059238434, 4.32972335815, 2.65655851364, 1.12497591972, 0.152003362775, 0.00446762889624, 0.000312325020786, 5.17312473676e-05, 3.64392653864e-05],
        "min": [1.78900385295e-21, 5.74210363541e-21, 2.60015032865e-20, 9.86643715559e-20, 1.39368895524e-19, 4.21849782241e-19, 3.15486866573e-19, 9.05821086979e-19, 4.85854769143e-19, 5.89757804765e-19, 9.29319116832e-19, 9.29788852023e-19, 1.16427005046e-18, 2.2884433479e-18, 7.44138875524e-18, 4.08524321333e-18, 4.51130657606e-18, 8.46247456545e-18, 7.44794581596e-18, 7.17658590729e-18, 1.01279704688e-17, 5.11183928719e-18, 1.15063147584e-17, 8.26822526066e-18, 1.36345106809e-17, 1.39054388013e-17, 1.90073134573e-17, 2.32556072042e-17, 1.9662773029e-17, 1.7660896685e-17, 1.82845776319e-17, 1.55796937202e-17, 1.21850412664e-17, 1.20229866582e-17, 6.20197689416e-18, 5.79546353161e-18, 3.76621040442e-18, 1.2411178177e-18, 3.29426281612e-19, 3.36161806545e-20],
        "stdev": [1.93430018425, 8.91197776794, 18.3935146332, 17.3162498474, 53.2419548035, 123.926025391, 31.9804878235, 28.251871109, 21.1551170349, 27.0214576721, 28.673002243, 46.2586631775, 35.9236755371, 29.2063980103, 45.0324363708, 70.3355331421, 38.9843215942, 36.7002105713, 51.0651283264, 63.1732292175, 62.5534324646, 69.3267974854, 58.4788169861, 57.9120597839, 59.5783691406, 47.977016449, 106.377159119, 75.0514907837, 45.9375, 46.613910675, 68.951789856, 29.8948631287, 22.7048091888, 16.9394855499, 7.98655223846, 0.948837757111, 0.0266991592944, 0.00308730849065, 0.000357830635039, 0.000132136672619]
    },
    "gfcc": {
        "mean": [-87.6082305908, 124.485702515, -150.138076782, 48.0031166077, -72.5059967041, 34.3017349243, -27.0508556366, 4.95682430267, -0.053501855582, -14.8144989014, 9.50940036774, -18.1014194489, 3.70117115974],
        "cov": [[7301.57714844, -1051.81689453, 809.114257812, 660.775390625, -164.745040894, 261.879943848, -264.069244385, 404.190338135, -423.030731201, 292.209960938, -402.06161499, 137.694503784, -105.631332397], [-1051.81689453, 1458.62768555, -489.486297607, -297.512115479, 136.646209717, -208.854507446, 85.7937698364, -277.638031006, 252.586517334, -272.352996826, 287.740814209, -170.378234863, 135.702880859], [809.114257812, -489.486297607, 924.366821289, 281.200866699, 44.5109825134, 165.312332153, -92.2696838379, 183.63053894, -134.860931396, 176.909698486, -124.048904419, 107.403648376, -96.193649292], [660.775390625, -297.512115479, 281.200866699, 303.643249512, -14.3042621613, 61.7519721985, -3.04512739182, 58.1882705688, -68.3030471802, 58.047000885, -69.7811050415, 28.456653595, -52.6267814636], [-164.745040894, 136.646209717, 44.5109825134, -14.3042621613, 183.519622803, -11.7081680298, 42.6205635071, 18.3209037781, -5.32444143295, -14.4346208572, 7.18214178085, 9.73948764801, 24.99177742], [261.879943848, -208.854507446, 165.312332153, 61.7519721985, -11.7081680298, 176.675262451, -7.69488239288, 41.3589630127, -53.333568573, 35.4390945435, 2.38829660416, 11.7349634171, -28.7312278748], [-264.069244385, 85.7937698364, -92.2696838379, -3.04512739182, 42.6205635071, -7.69488239288, 108.233627319, -1.60663318634, 40.52784729, -13.9135570526, 19.3746337891, -4.60179138184, 19.7458438873], [404.190338135, -277.638031006, 183.63053894, 58.1882705688, 18.3209037781, 41.3589630127, -1.60663318634, 193.033279419, -14.2624158859, 84.5606842041, -78.0417480469, 36.2063789368, -16.4902477264], [-423.030731201, 252.586517334, -134.860931396, -68.3030471802, -5.32444143295, -53.333568573, 40.52784729, -14.2624158859, 154.631210327, -24.4342365265, 55.1888504028, -42.9523735046, 16.6930427551], [292.209960938, -272.352996826, 176.909698486, 58.047000885, -14.4346208572, 35.4390945435, -13.9135570526, 84.5606842041, -24.4342365265, 126.011383057, -54.4682006836, 51.6825904846, -24.4345607758], [-402.06161499, 287.740814209, -124.048904419, -69.7811050415, 7.18214178085, 2.38829660416, 19.3746337891, -78.0417480469, 55.1888504028, -54.4682006836, 142.863922119, -20.1715774536, 20.9922599792], [137.694503784, -170.378234863, 107.403648376, 28.456653595, 9.73948764801, 11.7349634171, -4.60179138184, 36.2063789368, -42.9523735046, 51.6825904846, -20.1715774536, 93.9960784912, -4.10514307022], [-105.631332397, 135.702880859, -96.193649292, -52.6267814636, 24.99177742, -28.7312278748, 19.7458438873, -16.4902477264, 16.6930427551, -24.4345607758, 20.9922599792, -4.10514307022, 74.6973190308]],
        "icov": [[0.000315718702041, -0.000688251282554, 0.000412912777392, -0.000784658361226, 0.00042902311543, -0.000690672139172, 0.000770266924519, -0.000796085747425, 0.000867983384524, -0.000728305371013, 0.000989477266558, -0.000542310182936, 0.000147088983795], [-0.000688251282554, 0.00582680432126, -0.00240788375959, 0.0028828009963, -0.0029943168629, 0.0046661621891, -0.00218238076195, 0.00392384175211, -0.00479907356203, 0.00514538679272, -0.00682691577822, 0.00492038531229, -0.00344432680868], [0.000412912777392, -0.00240788375959, 0.00393076287583, -0.0031353069935, -0.000406360864872, -0.00349418260157, 0.00376202724874, -0.00242407573387, 0.00177653657738, -0.00372185255401, 0.00322319753468, -0.00326182949357, 0.00237414124422], [-0.000784658361226, 0.0028828009963, -0.0031353069935, 0.00784449651837, -0.000384749728255, 0.00275792297907, -0.00481198914349, 0.00274877925403, -0.00140880700201, 0.00299962470308, -0.00271324743517, 0.00312759354711, 0.000441142707132], [0.00042902311543, -0.0029943168629, -0.000406360864872, -0.000384749728255, 0.00921480171382, -0.000849444651976, -0.0029277857393, -0.0033690482378, 0.00438895681873, -0.000619466998614, 0.00257529574446, -0.00227770232596, -0.000159838513355], [-0.000690672139172, 0.0046661621891, -0.00349418260157, 0.00275792297907, -0.000849444651976, 0.0129001140594, -0.00448575103655, 0.00131487369072, 0.000314207514748, 0.00311262602918, -0.00968281459063, 0.00667827716097, -0.00125216087326], [0.000770266924519, -0.00218238076195, 0.00376202724874, -0.00481198914349, -0.0029277857393, -0.00448575103655, 0.0165055990219, -0.00241513457149, -0.00210601557046, -0.00250813178718, 0.00351341068745, -0.00418419437483, -0.000700839329511], [-0.000796085747425, 0.00392384175211, -0.00242407573387, 0.00274877925403, -0.0033690482378, 0.00131487369072, -0.00241513457149, 0.0126900933683, -0.00629677064717, 0.000117327166663, -0.000302471715258, 0.00226964685135, -0.00271114869975], [0.000867983384524, -0.00479907356203, 0.00177653657738, -0.00140880700201, 0.00438895681873, 0.000314207514748, -0.00210601557046, -0.00629677064717, 0.0168104209006, -0.00648694811389, 0.000394383096136, 0.00172589940485, 0.00316554354504], [-0.000728305371013, 0.00514538679272, -0.00372185255401, 0.00299962470308, -0.000619466998614, 0.00311262602918, -0.00250813178718, 0.000117327166663, -0.00648694811389, 0.0211384687573, -0.00326620670967, -0.00212075491436, -0.00179802183993], [0.000989477266558, -0.00682691577822, 0.00322319753468, -0.00271324743517, 0.00257529574446, -0.00968281459063, 0.00351341068745, -0.000302471715258, 0.000394383096136, -0.00326620670967, 0.0213474016637, -0.00877454970032, 0.00282135047019], [-0.000542310182936, 0.00492038531229, -0.00326182949357, 0.00312759354711, -0.00227770232596, 0.00667827716097, -0.00418419437483, 0.00226964685135, 0.00172589940485, -0.00212075491436, -0.00877454970032, 0.0213433597237, -0.00420545460656], [0.000147088983795, -0.00344432680868, 0.00237414124422, 0.000441142707132, -0.000159838513355, -0.00125216087326, -0.000700839329511, -0.00271114869975, 0.00316554354504, -0.00179802183993, 0.00282135047019, -0.00420545460656, 0.0200598668307]]
    },
    "melbands": {
        "max": [0.174521520734, 0.127472639084, 0.0504325889051, 0.148434355855, 0.0604600459337, 0.0143379783258, 0.00462439795956, 0.00379127613269, 0.00569405732676, 0.00590550852939, 0.00376451690681, 0.002365330467, 0.00273935333826, 0.00284644728526, 0.00203589117154, 0.00151386286598, 0.00136413774453, 0.00159097684082, 0.00171619234607, 0.00159725348931, 0.00138458318543, 0.00131202267949, 0.00118816026952, 0.000832527177408, 0.00136231654324, 0.000744725519326, 0.000732896383852, 0.000368947308743, 0.00060780957574, 0.00156952696852, 0.000488589168526, 0.000364490551874, 0.000391389476135, 0.000367090833606, 0.00123694562353, 0.000275459286058, 0.00027401803527, 0.000221401132876, 0.000235232830164, 0.000261910958216],
        "mean": [0.00311701209284, 0.00204956741072, 0.000731780135538, 0.000679317978211, 0.000206125085242, 0.000113629910629, 9.39453238971e-05, 8.33483427414e-05, 7.20944226487e-05, 7.77984969318e-05, 7.29945168132e-05, 4.0704409912e-05, 3.79957600671e-05, 5.93180593569e-05, 3.77468240913e-05, 1.94799522433e-05, 2.05424530577e-05, 1.84835243999e-05, 1.59745541168e-05, 1.34898618853e-05, 1.21232460515e-05, 1.22172114061e-05, 1.26069653561e-05, 7.10039830665e-06, 7.23961875337e-06, 8.94876939128e-06, 6.98747271599e-06, 6.31876901025e-06, 1.03551265056e-05, 1.46472111737e-05, 7.64595552027e-06, 5.33044249096e-06, 5.11639973411e-06, 5.23264679941e-06, 7.10885842636e-06, 3.92659921999e-06, 3.39686312145e-06, 3.25332052853e-06, 2.51202686741e-06, 2.18453806156e-06],
        "min": [1.41593480071e-23, 1.2085507629e-23, 1.6294332205e-23, 2.24111391537e-23, 1.18767813444e-23, 1.96151968023e-23, 8.65353828415e-24, 5.81450756121e-24, 8.66740882545e-24, 5.58814747433e-24, 6.10676790482e-24, 8.17125949227e-24, 2.64745600988e-23, 9.46125375387e-24, 1.17339525555e-23, 1.37746773416e-23, 1.52012108041e-23, 1.23856258161e-23, 8.00632129877e-24, 1.35801757968e-23, 1.10905828447e-23, 4.31353600039e-24, 8.58660264748e-24, 1.1915575946e-23, 5.0560185897e-24, 1.21789134934e-23, 9.01916821397e-24, 8.49497172017e-24, 1.24605960011e-23, 1.22549943945e-23, 1.30629780769e-23, 1.06234186278e-23, 1.10743693865e-23, 9.10418138714e-24, 1.0302042217e-23, 1.10549066103e-23, 8.85765209907e-24, 7.25783271695e-24, 1.0114608866e-23, 1.00878704256e-23],
        "stdev": [0.014665177092, 0.00963682681322, 0.00378670007922, 0.00644004298374, 0.00200352119282, 0.000579972052947, 0.000311548879836, 0.000276167993434, 0.000254819664406, 0.000287605973426, 0.000178268935997, 0.000118476018542, 0.0001365927601, 0.000179681781447, 0.000119340467791, 7.88584002294e-05, 6.90213782946e-05, 8.22517104098e-05, 8.74823526829e-05, 8.24551680125e-05, 7.17218936188e-05, 7.03652403899e-05, 7.04395788489e-05, 4.09006825066e-05, 4.99901798321e-05, 4.85689888592e-05, 3.93319533032e-05, 3.0819708627e-05, 5.06322794536e-05, 9.26120919758e-05, 3.80312849302e-05, 2.6336287192e-05, 2.64721729764e-05, 2.46843064815e-05, 5.46064111404e-05, 1.87076166185e-05, 1.87238492799e-05, 1.71244228113e-05, 1.43912911881e-05, 1.50150945046e-05]
    },
    "melbands128": {
        "max": [0.0665625780821, 0.232099160552, 0.223648026586, 0.262344777584, 0.172585308552, 0.08014126122, 0.0549462586641, 0.0624338872731, 0.126594826579, 0.168951705098, 0.252433031797, 0.0897236987948, 0.0190302897245, 0.00900051742792, 0.022997489199, 0.0131244603544, 0.00669291149825, 0.00522146653384, 0.00672227796167, 0.00575891882181, 0.00401925062761, 0.00384997902438, 0.00842271652073, 0.00730220740661, 0.010754504241, 0.00797834433615, 0.00340511999093, 0.00454264506698, 0.00419865828007, 0.00223580794409, 0.00285224290565, 0.00180903170258, 0.00366172892973, 0.0023968804162, 0.00386185175739, 0.00307417940348, 0.00328294816427, 0.00234086788259, 0.00254823593423, 0.002004327951, 0.00200565136038, 0.00123254070058, 0.00116024632007, 0.00230881432071, 0.00140057050157, 0.00266181188636, 0.00222838576883, 0.00202228198759, 0.001777095953, 0.00177943182644, 0.00174220721237, 0.0015771536855, 0.00191596418153, 0.00181039620657, 0.00137386855204, 0.00141150376294, 0.00188343191985, 0.00119349721354, 0.00142629642505, 0.000713340821676, 0.00105355866253, 0.000529510434717, 0.000813987513538, 0.00228447653353, 0.000999549287371, 0.00106758985203, 0.000929889152758, 0.000557914143428, 0.00113031128421, 0.000607606489211, 0.000439899245976, 0.000474826432765, 0.00158218713477, 0.000407133309636, 0.00180581747554, 0.00405260315165, 0.00101128360257, 0.000685001141392, 0.00062303285813, 0.00058425689349, 0.000427924358519, 0.000454119435744, 0.000495257670991, 0.000497683766298, 0.000385634193663, 0.000526960473508, 0.000336764875101, 0.000254583836067, 0.00261889514513, 0.000620954844635, 0.000278391758911, 0.000422119803261, 0.000348888977896, 0.00039750218275, 0.000244680355536, 0.000408153282478, 0.000235831263126, 0.000175289009348, 0.000273908372037, 0.000198230234673, 0.000364336272469, 0.000403886282584, 0.000245178642217, 0.000234913793975, 0.000144027624629, 0.000257685751421, 0.000148453691509, 2.87679849862e-05, 1.85371663974e-05, 4.20580181526e-06, 4.14519320202e-07, 8.26901839446e-07, 1.55084751441e-06, 1.34077083658e-06, 1.26452130189e-06, 7.22718823454e-07, 6.21590800165e-07, 5.25581242528e-07, 2.17527542645e-07, 1.76835712296e-07, 2.23505935537e-07, 1.68803978795e-07, 1.72472667259e-07, 3.21663037539e-07, 1.46473595919e-07, 2.50913188893e-07, 1.47748735913e-07, 2.35126123016e-07],
        "mean": [0.00130443915259, 0.00353813939728, 0.00352530903183, 0.00300251459703, 0.0022471898701, 0.00117586751003, 0.000652958930004, 0.000671115005389, 0.000718087016139, 0.000780816772021, 0.000649586960208, 0.000247523508733, 0.000119329772133, 8.5910258349e-05, 0.000111276887765, 0.000136954549816, 0.000111227083835, 8.34505553939e-05, 7.0269270509e-05, 0.000104485443444, 7.46226796764e-05, 6.25466927886e-05, 8.16555111669e-05, 6.3397375925e-05, 8.84028704604e-05, 7.89954865468e-05, 6.30434442428e-05, 8.82482345332e-05, 6.51925220154e-05, 4.65580415039e-05, 3.28067944793e-05, 2.46357194555e-05, 3.41045306413e-05, 5.94894954702e-05, 2.79737978417e-05, 7.53736749175e-05, 8.89724469744e-05, 2.19301182369e-05, 2.00110298465e-05, 2.17844226427e-05, 1.96344262804e-05, 1.57115882757e-05, 2.02907158382e-05, 2.47878597293e-05, 1.7393978851e-05, 1.71139745362e-05, 2.00975246116e-05, 1.56268051796e-05, 1.51423109855e-05, 1.35450418384e-05, 1.34050560519e-05, 1.35157661134e-05, 1.09493676064e-05, 1.21396533359e-05, 1.34923566293e-05, 1.11030103653e-05, 1.25781352835e-05, 1.35850605147e-05, 1.3515147657e-05, 8.41443579702e-06, 6.34754451312e-06, 6.11463428868e-06, 7.47927060729e-06, 7.59783370086e-06, 6.75606361256e-06, 9.65086110227e-06, 1.03801030491e-05, 7.17989632903e-06, 6.87146348355e-06, 5.20834828421e-06, 5.34012860953e-06, 6.61653302814e-06, 1.0320047295e-05, 7.43753616916e-06, 1.36426315294e-05, 2.25935546041e-05, 1.06882334876e-05, 7.69529742684e-06, 8.4174444055e-06, 5.70478005102e-06, 5.29640783498e-06, 5.22782147527e-06, 5.02711554873e-06, 4.87735951538e-06, 5.52657365915e-06, 5.39854727322e-06, 5.24933875568e-06, 4.5544884415e-06, 1.00979268609e-05, 5.98803126195e-06, 3.65328128282e-06, 3.91132016375e-06, 3.4255731407e-06, 3.16804062095e-06, 3.33736716129e-06, 4.05258106184e-06, 3.0591857012e-06, 2.42590522248e-06, 2.82290011455e-06, 2.25966300604e-06, 2.24251994041e-06, 2.24640484703e-06, 1.99014084501e-06, 1.85843202871e-06, 1.01032424027e-06, 1.10715416213e-06, 7.63657624248e-07, 3.44343220604e-07, 1.36544244356e-07, 1.62671351944e-08, 1.15126941314e-09, 1.45220513392e-09, 1.72955427757e-09, 1.45843359611e-09, 1.50100021301e-09, 9.34724742052e-10, 7.37893912639e-10, 6.78960054845e-10, 4.00382949017e-10, 3.71427527623e-10, 4.05641242818e-10, 3.5115368946e-10, 3.85558029947e-10, 4.59089100069e-10, 3.67989250183e-10, 4.33406976974e-10, 3.08575998087e-10, 4.64661337185e-10],
        "min": [1.53166984629e-23, 1.75502460978e-23, 1.41176772186e-23, 7.00915062747e-24, 9.29095288393e-24, 1.66989784063e-23, 2.26545926731e-23, 1.46252729235e-23, 6.06261614882e-24, 3.32422419809e-23, 2.50809852449e-23, 1.14065847461e-23, 8.18722919244e-24, 1.32522542071e-23, 1.49118203365e-23, 3.50813323419e-23, 6.98466832927e-24, 2.33239762555e-24, 1.22544272035e-23, 5.77682722564e-24, 3.30558889748e-24, 3.30039247348e-24, 1.21351971886e-23, 1.09799656132e-23, 5.2621073179e-24, 3.72799886589e-24, 3.94369473663e-24, 4.06772102587e-24, 1.15142319164e-23, 7.94183507521e-24, 2.18988260606e-24, 1.64844240173e-23, 3.90303858106e-23, 2.85231940043e-23, 3.71290637905e-24, 5.9814336842e-24, 1.11123711829e-23, 1.98330296972e-23, 5.27750469948e-24, 3.4453298876e-24, 1.64617095564e-23, 2.80823722196e-23, 1.46707681096e-23, 7.4397803293e-24, 1.67272953574e-23, 8.96424614003e-24, 1.54063319944e-23, 6.53744138843e-24, 4.82776523665e-24, 1.04976844547e-23, 1.33205884941e-23, 2.08221886971e-23, 8.92390063789e-24, 1.12012844844e-23, 6.53016335772e-24, 2.46062617683e-24, 2.03009370211e-24, 9.64556558234e-24, 1.0526051104e-23, 6.57288648662e-24, 1.98476662224e-23, 7.34149141595e-24, 3.95998786976e-24, 1.64068849068e-24, 1.1257411149e-23, 1.70747680758e-23, 1.06769672949e-23, 3.18447587156e-24, 1.06239061438e-23, 1.49575679581e-23, 5.14435128956e-24, 6.23519682677e-24, 1.39412847648e-23, 1.45173851507e-23, 8.85841808301e-24, 1.07209147359e-23, 1.32757591066e-23, 1.95654338787e-23, 1.15164075948e-23, 8.5807445664e-24, 8.59448810109e-24, 1.62241866933e-23, 7.07538654451e-24, 1.17360177933e-23, 1.26623771543e-23, 7.86701319607e-24, 7.34824643188e-24, 1.18190398816e-23, 1.01195842117e-23, 9.40826438914e-24, 1.27759636583e-23, 1.04710178007e-23, 9.34536140942e-24, 1.1671796627e-23, 6.57271688153e-24, 3.62474170657e-24, 9.54170415556e-24, 9.35415247535e-24, 8.10086391167e-24, 1.25212854371e-23, 1.16484755321e-23, 1.06933377364e-23, 6.35463076225e-24, 6.27591072695e-24, 6.9248939719e-24, 5.93370010525e-24, 6.53285968429e-24, 1.16801427754e-23, 1.26744980021e-23, 8.88277021915e-24, 7.6845757011e-24, 8.63837322211e-24, 1.78588563725e-23, 1.10703241078e-23, 1.3329493156e-23, 9.86472849676e-24, 7.8667260507e-24, 8.42108148576e-24, 1.1079799905e-23, 9.50744865961e-24, 1.1350268755e-23, 1.12344655518e-23, 7.18393538279e-24, 8.99114708576e-24, 1.005608012e-23, 1.26800271282e-23, 1.0370660494e-23, 1.56881209983e-23],
        "stdev": [0.00702801626176, 0.0185048338026, 0.0173975564539, 0.0152212595567, 0.0117488335818, 0.00551191531122, 0.00324393133633, 0.00422699516639, 0.00552943488583, 0.00833062268794, 0.00855119619519, 0.00284023000859, 0.000738825299777, 0.000433261971921, 0.000800537818577, 0.000664443243295, 0.000406331091654, 0.000316453020787, 0.000297639111523, 0.00042891126941, 0.000248393916991, 0.000193633211893, 0.000327298184857, 0.000324119871948, 0.0003754599893, 0.000318068137858, 0.000188247475307, 0.000218342771404, 0.00020727320225, 0.00012980158499, 0.000122360346722, 0.000102262776636, 0.000158092094352, 0.000191363491467, 0.000155558969709, 0.000247252988629, 0.000266954040853, 0.00010845761426, 0.000100047880551, 9.68489184743e-05, 8.70556032169e-05, 6.48926870781e-05, 7.21655669622e-05, 8.78145219758e-05, 7.78942921897e-05, 0.000102691010397, 9.43340055528e-05, 9.01922830963e-05, 9.44325438468e-05, 9.45460269577e-05, 8.39371350594e-05, 8.52305092849e-05, 8.52322482388e-05, 7.13988556527e-05, 6.93644251442e-05, 6.49603534839e-05, 9.29844609345e-05, 7.92164573795e-05, 7.89686309872e-05, 4.98685803905e-05, 4.29622123193e-05, 3.35796867148e-05, 4.27865779784e-05, 7.14335401426e-05, 4.62117386633e-05, 6.02945729042e-05, 5.57566854695e-05, 3.56762357114e-05, 5.18130909768e-05, 3.07460395561e-05, 2.82726468868e-05, 3.28379319399e-05, 6.60760561004e-05, 3.6045385059e-05, 9.13003750611e-05, 0.00019574900216, 6.3759405748e-05, 4.16724142269e-05, 4.80391245219e-05, 3.27091038343e-05, 2.95464469673e-05, 2.56236889982e-05, 2.67304749286e-05, 2.78325551335e-05, 2.903047789e-05, 2.88643514068e-05, 2.5619769076e-05, 2.11429342016e-05, 0.000109248088847, 3.46776032529e-05, 1.77195870492e-05, 2.04204625334e-05, 2.01658222068e-05, 1.94869280676e-05, 1.86557190318e-05, 2.31165486184e-05, 1.64593748195e-05, 1.34321699079e-05, 1.75373406819e-05, 1.32764653245e-05, 1.62218457262e-05, 1.7462136384e-05, 1.4664923583e-05, 1.46794982356e-05, 7.24576011635e-06, 9.58716464083e-06, 6.42572467768e-06, 2.05039327739e-06, 7.96138692749e-07, 1.52221062422e-07, 1.74052594559e-08, 2.7099552824e-08, 4.42867076345e-08, 3.81521054749e-08, 3.63289345273e-08, 2.10303987558e-08, 1.78809411722e-08, 1.52645984741e-08, 6.91385082519e-09, 5.97588378781e-09, 7.08125513782e-09, 5.66467184271e-09, 6.06644290357e-09, 9.58309875898e-09, 5.53682921733e-09, 7.8933313219e-09, 5.1570756554e-09, 7.97320609536e-09]
    },
    "mfcc": {
        "mean": [-704.003662109, 123.275871277, -4.21299028397, 9.29836463928, -0.544612944126, 12.0190916061, 0.204967230558, 13.2736730576, -1.85317111015, 12.9194021225, -1.35315406322, 9.59104347229, -4.20953941345],
        "cov": [[5156.70556641, -1011.94915771, 584.28515625, 350.138702393, 147.227294922, 41.2926902771, 149.610809326, -20.1416606903, 201.5546875, -80.3265762329, 30.5346336365, -54.0144615173, 3.28781080246], [-1011.94915771, 1268.31811523, -415.710784912, -122.636436462, 16.9691390991, -49.7903823853, -99.1586303711, 1.83484327793, -124.586891174, 71.5336151123, -85.2716445923, 0.396583378315, -39.1612243652], [584.28515625, -415.710784912, 711.587219238, 151.782012939, 149.967956543, 74.3958816528, 80.0688552856, -0.736564159393, 46.1239204407, -31.5499019623, 64.3803329468, 61.0059814453, 34.2153511047], [350.138702393, -122.636436462, 151.782012939, 232.80166626, 40.3592758179, 24.5915222168, 22.7713050842, 15.6808996201, 40.8109588623, -13.5521202087, 31.0606555939, -12.0393209457, -15.8935956955], [147.227294922, 16.9691390991, 149.967956543, 40.3592758179, 150.740264893, 7.79018115997, 63.3917198181, 6.22851228714, 22.762588501, -17.5330734253, 6.40862751007, 18.2128372192, 12.9509868622], [41.2926902771, -49.7903823853, 74.3958816528, 24.5915222168, 7.79018115997, 116.123001099, 31.7810459137, 10.9474630356, -35.5340576172, -2.58383655548, -8.64290714264, 7.80609560013, 6.19027853012], [149.610809326, -99.1586303711, 80.0688552856, 22.7713050842, 63.3917198181, 31.7810459137, 132.206634521, 15.9267663956, 28.810464859, -35.3894309998, 4.47543144226, 8.2069196701, 23.0715236664], [-20.1416606903, 1.83484327793, -0.736564159393, 15.6808996201, 6.22851228714, 10.9474630356, 15.9267663956, 72.2986068726, 8.87297058105, 15.4721212387, 2.3563170433, 22.8026866913, -9.58963775635], [201.5546875, -124.586891174, 46.1239204407, 40.8109588623, 22.762588501, -35.5340576172, 28.810464859, 8.87297058105, 139.985168457, 12.5912075043, 28.5395717621, -1.49963152409, 5.00394248962], [-80.3265762329, 71.5336151123, -31.5499019623, -13.5521202087, -17.5330734253, -2.58383655548, -35.3894309998, 15.4721212387, 12.5912075043, 117.036766052, 5.22802400589, 0.778552949429, -42.1114654541], [30.5346336365, -85.2716445923, 64.3803329468, 31.0606555939, 6.40862751007, -8.64290714264, 4.47543144226, 2.3563170433, 28.5395717621, 5.22802400589, 77.1078414917, 21.8261222839, 9.23089981079], [-54.0144615173, 0.396583378315, 61.0059814453, -12.0393209457, 18.2128372192, 7.80609560013, 8.2069196701, 22.8026866913, -1.49963152409, 0.778552949429, 21.8261222839, 88.0709609985, 25.0070953369], [3.28781080246, -39.1612243652, 34.2153511047, -15.8935956955, 12.9509868622, 6.19027853012, 23.0715236664, -9.58963775635, 5.00394248962, -42.1114654541, 9.23089981079, 25.0070953369, 80.4615097046]],
        "icov": [[0.00026166124735, 0.000172625324922, -5.1972358051e-05, -0.000255488150287, -0.000149452782352, 4.0463048208e-05, -3.21613224514e-05, 0.000130424785311, -0.000156936410349, 3.02772582472e-06, 0.000280337873846, 7.16395006748e-05, 4.75868546346e-05], [0.000172625324922, 0.0014790026471, 0.000883247179445, -0.000247073097853, -0.00167741044424, 0.000327610294335, 0.000725216523279, 0.000194586449652, 0.000920635997318, -0.000784743519034, 0.000929028261453, -0.000537327839993, -5.91274001636e-05], [-5.1972358051e-05, 0.000883247179445, 0.00302734761499, -0.00100319343619, -0.00286127417348, -0.00126712501515, 0.000612684467342, 0.00109344406519, 0.000257315172348, -0.000320540508255, -0.00067826412851, -0.00169699429534, -0.000119361116958], [-0.000255488150287, -0.000247073097853, -0.00100319343619, 0.00645432341844, -0.000549900229089, -0.00162087101489, 0.000905812310521, -0.00190180074424, -0.00150388374459, 0.00184106698725, -0.00246384367347, 0.00208491249941, 0.00201030215248], [-0.000149452782352, -0.00167741044424, -0.00286127417348, -0.000549900229089, 0.012315123342, 0.00173267920036, -0.00529600912705, 0.000144004181493, -0.00086247548461, 0.000462439435069, 0.00074799079448, -0.00066360575147, 0.000134110363433], [4.0463048208e-05, 0.000327610294335, -0.00126712501515, -0.00162087101489, 0.00173267920036, 0.0126271732152, -0.003935652785, -0.00118238141295, 0.00475309649482, -0.00240630470216, 0.00222507328726, -0.000101596851891, -0.00166500115301], [-3.21613224514e-05, 0.000725216523279, 0.000612684467342, 0.000905812310521, -0.00529600912705, -0.003935652785, 0.0129803363234, -0.00279584364034, -0.00261633913033, 0.00309844082221, -9.45165302255e-05, 0.000902133178897, -0.00111247960012], [0.000130424785311, 0.000194586449652, 0.00109344406519, -0.00190180074424, 0.000144004181493, -0.00118238141295, -0.00279584364034, 0.0180490016937, -0.00101791345514, -0.00196279678494, 0.00146410602611, -0.00653864676133, 0.00316958152689], [-0.000156936410349, 0.000920635997318, 0.000257315172348, -0.00150388374459, -0.00086247548461, 0.00475309649482, -0.00261633913033, -0.00101791345514, 0.0112298158929, -0.0033619524911, -0.00170599285048, 0.00102932273876, -0.00213209073991], [3.02772582472e-06, -0.000784743519034, -0.000320540508255, 0.00184106698725, 0.000462439435069, -0.00240630470216, 0.00309844082221, -0.00196279678494, -0.0033619524911, 0.0132369622588, -0.00201100017875, -0.000765436969232, 0.00671179406345], [0.000280337873846, 0.000929028261453, -0.00067826412851, -0.00246384367347, 0.00074799079448, 0.00222507328726, -9.45165302255e-05, 0.00146410602611, -0.00170599285048, -0.00201100017875, 0.0177874192595, -0.00442660273984, -0.00145882356446], [7.16395006748e-05, -0.000537327839993, -0.00169699429534, 0.00208491249941, -0.00066360575147, -0.000101596851891, 0.000902133178897, -0.00653864676133, 0.00102932273876, -0.000765436969232, -0.00442660273984, 0.0172644741833, -0.00537684047595], [4.75868546346e-05, -5.91274001636e-05, -0.000119361116958, 0.00201030215248, 0.000134110363433, -0.00166500115301, -0.00111247960012, 0.00316958152689, -0.00213209073991, 0.00671179406345, -0.00145882356446, -0.00537684047595, 0.0191325321794]]
    },
    "spectral_contrast_coeffs": {
        "max": [-0.492580920458, -0.574055075645, -0.588186919689, -0.718232572079, -0.680202245712, -0.569683790207],
        "mean": [-0.78967911005, -0.802485942841, -0.784228146076, -0.834372580051, -0.819194316864, -0.743791103363],
        "min": [-0.976361751556, -0.952777981758, -0.962020277977, -0.946065843105, -0.957223057747, -0.959021449089],
        "stdev": [0.054706171155, 0.0548975914717, 0.0510668754578, 0.0293941665441, 0.0329566262662, 0.0279728639871]
    },
    "spectral_contrast_valleys": {
        "max": [-4.08201217651, -4.369764328, -4.36405277252, -4.88023281097, -4.72447395325, -6.78797388077],
        "mean": [-7.25825643539, -7.05869007111, -7.52506017685, -7.87003755569, -8.17315006256, -11.218914032],
        "min": [-26.8209342957, -27.3909187317, -26.9493522644, -27.5344619751, -27.4840774536, -27.3195819855],
        "stdev": [1.02431774139, 0.914084553719, 0.872076451778, 0.886187911034, 0.973763346672, 1.22654390335]
    }
},
"rhythm": {
    "beats_count": 60,
    "beats_loudness": {
        "max": 0.420621871948,
        "mean": 0.0282519981265,
        "min": 0.00142443436198,
        "stdev": 0.076911456883
    },
    "bpm": 123.877006531,
    "bpm_histogram_first_peak_bpm": 123,
    "bpm_histogram_first_peak_weight": 0.276595771313,
    "bpm_histogram_second_peak_bpm": 136,
    "bpm_histogram_second_peak_spread": 0.400000035763,
    "bpm_histogram_second_peak_weight": 0.101694911718,
    "danceability": 0.780772864819,
    "onset_rate": 2.06801462173,
    "beats_loudness_band_ratio": {
        "max": [0.988767981529, 0.461837023497, 0.482397675514, 0.824396133423, 0.215379714966, 0.642977714539],
        "mean": [0.486618369818, 0.102624893188, 0.174681991339, 0.160899862647, 0.0566298477352, 0.0599507689476],
        "min": [0.0391163043678, 0.00122024328448, 0.00372908147983, 0.000615766155533, 0.000575113168452, 0.00203615054488],
        "stdev": [0.212905600667, 0.0837667509913, 0.111218877137, 0.155918598175, 0.0459738299251, 0.129092156887]
    },
    "beats_position": [0.441179126501, 0.882358253002, 1.3235373497, 1.77632653713, 2.22911548615, 2.67029476166, 3.11147379875, 3.55265307426, 3.99383211136, 4.45823097229, 4.91102027893, 5.36380958557, 5.8282084465, 6.31582736969, 6.80344676971, 7.2910656929, 7.77868461609, 8.26630401611, 8.75392246246, 9.24154186249, 9.71755123138, 10.1935596466, 10.6811790466, 11.1687984467, 11.656416893, 12.144036293, 12.6200447083, 13.0960540771, 13.5836734772, 14.0712919235, 14.5589113235, 15.0349206924, 15.5109291077, 15.9985485077, 16.4861679077, 16.9737873077, 17.4614048004, 17.9490242004, 18.4366436005, 18.9126529694, 19.3886623383, 19.8762817383, 20.363899231, 20.851518631, 21.339138031, 21.826757431, 22.3027667999, 22.7787742615, 23.2663936615, 23.7540130615, 24.2416324615, 24.7292518616, 25.2052612305, 25.681268692, 26.168888092, 26.6565074921, 27.1441268921, 27.6317462921, 28.1193637848, 28.5953731537],
