{
"metadata": {
    "version": {
        "essentia": "2.1-beta5",
        "essentia_git_sha": "Undefined",
        "extractor": "music 2.0"
    },
    "audio_properties": {
        "analysis": {
            "equal_loudness": 0,
            "length": 32.4963264465,
            "sample_rate": 44100,
            "start_time": 29.0017242432,
            "downmix": "mix"
        },
        "bit_rate": 192000,
        "length": 229.239013672,
        "lossless": 0,
        "number_channels": 2,
        "replay_gain": 6.6183719635,
        "sample_rate": 48000,
        "codec": "mp3",
        "md5_encoded": "c4f8f822c934e8241b87e2be52263ee7"
    },
    "tags": {
        "file_name": "Cyprus_Life Looks Better In Spring_Jon Lilygreen _ The Islanders.mp3",
        "encoding": ["Lavf58.29.100"]
    }
},
"lowlevel": {
    "average_loudness": 0.189513280988,
    "barkbands_crest": {
        "max": 25.6573066711,
        "mean": 10.4860181808,
        "min": 2.49853301048,
        "stdev": 5.19152212143
    },
    "barkbands_flatness_db": {
        "max": 0.38050699234,
        "mean": 0.19085277617,
        "min": 0.0823188051581,
        "stdev": 0.0580819137394
    },
    "barkbands_kurtosis": {
        "max": 58.3243789673,
        "mean": 4.06309080124,
        "min": -1.81428706646,
        "stdev": 7.53314685822
    },
    "barkbands_skewness": {
        "max": 6.81897068024,
        "mean": 1.36511707306,
        "min": -2.03943419456,
        "stdev": 1.27409815788
    },
    "barkbands_spread": {
        "max": 77.1288070679,
        "mean": 14.2736215591,
        "min": 1.30057215691,
        "stdev": 10.1520528793
    },
    "dissonance": {
        "max": 0.499953866005,
        "mean": 0.46249127388,
        "min": 0.330193966627,
        "stdev": 0.0313612557948
    },
    "dynamic_complexity": 3.2172973156,
    "erbbands_crest": {
        "max": 31.5994358063,
        "mean": 10.2668180466,
        "min": 2.99941396713,
        "stdev": 5.25516033173
    },
    "erbbands_flatness_db": {
        "max": 0.384109854698,
        "mean": 0.242825761437,
        "min": 0.111437052488,
        "stdev": 0.0470338538289
    },
    "erbbands_kurtosis": {
        "max": 18.2672176361,
        "mean": 0.786738395691,
        "min": -1.55132913589,
        "stdev": 1.99805998802
    },
    "erbbands_skewness": {
        "max": 3.38671517372,
        "mean": 0.571958303452,
        "min": -2.69386267662,
        "stdev": 0.707131266594
    },
    "erbbands_spread": {
        "max": 91.2110519409,
        "mean": 25.4366359711,
        "min": 4.1900177002,
        "stdev": 13.4768457413
    },
    "hfc": {
        "max": 697.429138184,
        "mean": 13.9202203751,
        "min": 0.530300617218,
        "stdev": 30.9768733978
    },
    "loudness_ebu128": {
        "integrated": -30.7629337311,
        "loudness_range": 4.61338424683,
        "momentary": {
            "max": -22.3276348114,
            "mean": -31.5452041626,
            "min": -37.7423706055,
            "stdev": 2.43148899078
        },
        "short_term": {
            "max": -27.0300960541,
            "mean": -31.4477996826,
            "min": -34.7525634766,
            "stdev": 1.52835690975
        }
    },
    "melbands_crest": {
        "max": 30.3810596466,
        "mean": 12.6457471848,
        "min": 2.91545295715,
        "stdev": 6.01271343231
    },
    "melbands_flatness_db": {
        "max": 0.445038676262,
        "mean": 0.20858669281,
        "min": 0.043576285243,
        "stdev": 0.085377946496
    },
    "melbands_kurtosis": {
        "max": 72.8809585571,
        "mean": 8.17171573639,
        "min": -1.77124857903,
        "stdev": 10.9025096893
    },
    "melbands_skewness": {
        "max": 6.92243051529,
        "mean": 1.90195393562,
        "min": -1.0481981039,
        "stdev": 1.36690270901
    },
    "melbands_spread": {
        "max": 239.604370117,
        "mean": 20.0675182343,
        "min": 1.51033568382,
        "stdev": 16.5382041931
    },
    "pitch_salience": {
        "max": 0.87364345789,
        "mean": 0.595932066441,
        "min": 0.13672105968,
        "stdev": 0.150745928288
    },
    "silence_rate_20dB": {
        "max": 1,
        "mean": 1,
        "min": 1,
        "stdev": 0
    },
    "silence_rate_30dB": {
        "max": 1,
        "mean": 0.987152040005,
        "min": 0,
        "stdev": 0.112618416548
    },
    "silence_rate_60dB": {
        "max": 1,
        "mean": 0.0742326900363,
        "min": 0,
        "stdev": 0.262147694826
    },
    "spectral_centroid": {
        "max": 4795.10058594,
        "mean": 1189.14770508,
        "min": 262.92666626,
        "stdev": 630.481262207
    },
    "spectral_complexity": {
        "max": 45,
        "mean": 16.4553890228,
        "min": 2,
        "stdev": 6.80593919754
    },
    "spectral_decrease": {
        "max": -1.63669258701e-10,
        "mean": -4.4805426036e-09,
        "min": -7.88763188098e-08,
        "stdev": 7.04431224463e-09
    },
    "spectral_energy": {
        "max": 0.307391315699,
        "mean": 0.0181732233614,
        "min": 0.000665823637974,
        "stdev": 0.0278156939894
    },
    "spectral_energyband_high": {
        "max": 0.0935461521149,
        "mean": 0.000524838920683,
        "min": 9.86488657873e-07,
        "stdev": 0.00400408450514
    },
    "spectral_energyband_low": {
        "max": 0.14075563848,
        "mean": 0.00189655495342,
        "min": 1.13736848562e-06,
        "stdev": 0.00670217489824
    },
    "spectral_energyband_middle_high": {
        "max": 0.0380306914449,
        "mean": 0.00414710026234,
        "min": 0.000107755018689,
        "stdev": 0.00443630851805
    },
    "spectral_energyband_middle_low": {
        "max": 0.296145707369,
        "mean": 0.0119429267943,
        "min": 0.000202385766897,
        "stdev": 0.0241016708314
    },
    "spectral_entropy": {
        "max": 8.43381786346,
        "mean": 7.31138134003,
        "min": 5.62440538406,
        "stdev": 0.578353703022
    },
    "spectral_flux": {
        "max": 0.388014763594,
        "mean": 0.0524985343218,
        "min": 0.00803305022418,
        "stdev": 0.035582151264
    },
    "spectral_kurtosis": {
        "max": 39.0170288086,
        "mean": 6.3770236969,
        "min": -1.02417564392,
        "stdev": 5.52980947495
    },
    "spectral_rms": {
        "max": 0.0173174459487,
        "mean": 0.00368023011833,
        "min": 0.000805967778433,
        "stdev": 0.00204594060779
    },
    "spectral_rolloff": {
        "max": 8936.27929688,
        "mean": 1465.7208252,
        "min": 172.265625,
        "stdev": 1159.88232422
    },
    "spectral_skewness": {
        "max": 4.43444824219,
        "mean": 1.67648160458,
        "min": -0.218217268586,
        "stdev": 0.596575319767
    },
    "spectral_spread": {
        "max": 28408956,
        "mean": 3002958.5,
        "min": 1440295.375,
        "stdev": 1170939.25
    },
    "spectral_strongpeak": {
        "max": 8.84139823914,
        "mean": 1.01764261723,
        "min": 0.0347757823765,
        "stdev": 0.91185516119
    },
    "zerocrossingrate": {
        "max": 0.26123046875,
        "mean": 0.0552249215543,
        "min": 0.00439453125,
        "stdev": 0.0320039279759
    },
    "barkbands": {
        "max": [0.00478036003187, 0.0889358446002, 0.0509429462254, 0.0226900968701, 0.231600880623, 0.0532081238925, 0.0109191900119, 0.0610270649195, 0.0184244085103, 0.00536316027865, 0.0216003041714, 0.0343232676387, 0.00394228613004, 0.00679332856089, 0.00380637007765, 0.0129961930215, 0.00557245966047, 0.00339070078917, 0.00252860761248, 0.0143223265186, 0.01808822155, 0.0223999507725, 0.00901025161147, 0.0485680699348, 0.00161907658912, 2.22692665375e-06, 2.28336693908e-06],
        "mean": [4.53125794593e-05, 0.00102475774474, 0.000637197925244, 0.000431398046203, 0.00551609741524, 0.00289529352449, 0.0011677677976, 0.000803541159257, 0.000824189628474, 0.000592107011471, 0.000757372006774, 0.000981739605777, 0.000416929513449, 0.000385881023249, 0.000359642901458, 0.000308721122565, 0.00017228568322, 0.000152916385559, 0.000112312169222, 0.000115870883747, 0.000106322979263, 0.000113934394903, 8.53099263622e-05, 0.000159301343956, 7.00853524904e-06, 5.75488989796e-09, 6.03469807459e-09],
        "min": [2.57181920205e-09, 1.45217541103e-07, 1.16593085409e-07, 6.60555770082e-08, 1.64971788763e-06, 7.09442929292e-06, 4.08104369853e-06, 4.2076912905e-06, 4.23950132244e-06, 4.21089634983e-06, 4.1792227421e-06, 5.53218887944e-06, 2.21233926823e-06, 1.8440354097e-06, 2.56974794866e-06, 2.75013599094e-06, 2.09174208976e-06, 2.14030137613e-06, 1.53995904384e-06, 6.34698096746e-07, 2.17581899165e-07, 1.5539718845e-07, 5.02287065274e-08, 1.8663202539e-08, 1.00274621939e-09, 4.97881735839e-10, 6.45461739612e-10],
        "stdev": [0.000227943266509, 0.00441191950813, 0.00220829132013, 0.00113281363156, 0.0175988040864, 0.00571910664439, 0.00183122302406, 0.00427111238241, 0.00196953373961, 0.000703444820829, 0.00169178179931, 0.00263338978402, 0.000524321803823, 0.00060275173746, 0.000403716374421, 0.000619110302068, 0.000259759573964, 0.000281652522972, 0.000212498649489, 0.000557949708309, 0.000786192947999, 0.000970624154434, 0.000506183132529, 0.00170750787947, 7.29285966372e-05, 9.58894830205e-08, 9.82935262073e-08]
    },
    "erbbands": {
        "max": [3.63501667976, 21.5065116882, 63.3981895447, 63.4289321899, 254.867462158, 990.317199707, 918.197692871, 651.68737793, 225.460189819, 1041.80651855, 702.957641602, 490.360107422, 244.690185547, 238.773651123, 1066.45654297, 1741.43151855, 194.916412354, 370.559967041, 206.829040527, 505.70401001, 437.973083496, 251.906295776, 187.583633423, 182.455535889, 287.907836914, 607.834777832, 689.38873291, 570.788391113, 777.045959473, 486.393493652, 262.995361328, 650.623779297, 871.998046875, 87.9833679199, 2.27232718468, 0.142793551087, 0.018289655447, 0.00359827000648, 0.00102817208972, 0.000517921114806],
        "mean": [0.0322749987245, 0.22134719789, 0.642476022243, 1.27658641338, 5.88180112839, 23.1535797119, 21.9480056763, 25.7311706543, 24.8840751648, 16.8123970032, 12.4327306747, 20.975479126, 20.3838043213, 17.8948459625, 32.8205947876, 49.0436973572, 22.0022640228, 19.5917892456, 17.940328598, 20.5219993591, 14.1674833298, 9.40578460693, 8.85378074646, 6.23339653015, 5.65263032913, 5.53289985657, 4.88496446609, 3.94714355469, 4.2401599884, 2.93115782738, 2.38213229179, 2.38218975067, 2.98197984695, 0.357126772404, 0.0091129373759, 0.00057869439479, 8.62948654685e-05, 1.93799951376e-05, 1.39051062433e-05, 2.25965759455e-05],
        "min": [2.62413868768e-06, 4.75962333439e-05, 0.000243611764745, 0.000905326509383, 0.0019366084598, 0.00685754930601, 0.0134040545672, 0.087278842926, 0.0891406908631, 0.136893421412, 0.107766471803, 0.0914791747928, 0.181728094816, 0.251461982727, 0.347517430782, 0.537549197674, 0.244923517108, 0.211130827665, 0.130623072386, 0.272108346224, 0.157070174813, 0.144555985928, 0.169365257025, 0.10385914892, 0.0540400482714, 0.0302904099226, 0.0208330433816, 0.00837652385235, 0.00600628415123, 0.00247568683699, 0.00101210118737, 0.000511008605827, 0.000256705592619, 4.5742472139e-05, 8.86026828084e-06, 4.68211055704e-06, 2.11626957025e-06, 5.48408820578e-07, 5.5304082025e-07, 8.0216278775e-07],
        "stdev": [0.164654925466, 0.922274053097, 2.32228064537, 3.27585482597, 17.9743232727, 77.2007980347, 77.7811126709, 58.5687561035, 34.5242500305, 73.8020782471, 38.8408737183, 52.0245285034, 27.5290431976, 21.6602420807, 79.1722183228, 134.227050781, 25.3214569092, 28.6374988556, 22.3346977234, 28.9113922119, 23.7666282654, 12.715344429, 15.6787071228, 10.79454422, 14.2143030167, 26.2800540924, 33.168598175, 31.228723526, 36.4235954285, 21.3010463715, 14.0026597977, 24.3324356079, 30.7665958405, 3.42511844635, 0.0873748585582, 0.00532470503822, 0.000696424336638, 0.000146661768667, 4.34140092693e-05, 3.68256769434e-05]
    },
    "gfcc": {
        "mean": [-75.0420074463, 135.707901001, -182.056365967, 27.3214244843, -76.3985824585, 3.26044487953, -35.3545341492, -20.7189903259, -5.7510509491, -24.5615901947, 8.30922222137, -15.5585813522, 4.50539255142],
        "cov": [[2582.12304688, -755.542602539, 337.861236572, 598.090576172, -296.468688965, 636.554138184, 45.5892906189, 439.065673828, 83.7857513428, 44.2216339111, 156.568206787, -68.84425354, 46.4837150574], [-755.542602539, 1640.66674805, 780.825073242, -127.210487366, 461.590301514, -681.994384766, 85.6967163086, -443.067901611, -169.341323853, -47.6154403687, 49.8690948486, 168.422668457, -41.0095710754], [337.861236572, 780.825073242, 1310.43066406, 408.846374512, 164.483322144, -35.8804397583, -46.0463294983, 9.69568824768, -91.3698043823, 37.9420471191, 100.212600708, 64.5816650391, -75.7697372437], [598.090576172, -127.210487366, 408.846374512, 453.656280518, -27.8717346191, 254.327880859, 17.8920612335, 167.75227356, 24.3533992767, 36.4815483093, 60.9751663208, -12.629652977, -27.1598548889], [-296.468688965, 461.590301514, 164.483322144, -27.8717346191, 237.544235229, -176.463653564, 50.5829849243, -118.723648071, -62.8125267029, -6.6970243454, 11.4949674606, 60.6601448059, -11.483171463], [636.554138184, -681.994384766, -35.8804397583, 254.327880859, -176.463653564, 649.854125977, 10.5222959518, 397.665130615, 153.711959839, 63.5837516785, 31.9086608887, -135.835891724, -0.143150344491], [45.5892906189, 85.6967163086, -46.0463294983, 17.8920612335, 50.5829849243, 10.5222959518, 141.591491699, 27.9517936707, 20.8658638, 19.6988334656, 20.2989864349, 6.47952222824, -1.61602258682], [439.065673828, -443.067901611, 9.69568824768, 167.75227356, -118.723648071, 397.665130615, 27.9517936707, 365.57598877, 129.911636353, 63.2093849182, 56.1871986389, -90.4276733398, -4.1148223877], [83.7857513428, -169.341323853, -91.3698043823, 24.3533992767, -62.8125267029, 153.711959839, 20.8658638, 129.911636353, 140.713699341, 48.3447990417, 4.78849411011, -41.0187911987, -3.64443731308], [44.2216339111, -47.6154403687, 37.9420471191, 36.4815483093, -6.6970243454, 63.5837516785, 19.6988334656, 63.2093849182, 48.3447990417, 74.9072952271, 28.7108535767, -4.12065935135, 1.7709903717], [156.568206787, 49.8690948486, 100.212600708, 60.9751663208, 11.4949674606, 31.9086608887, 20.2989864349, 56.1871986389, 4.78849411011, 28.7108535767, 110.62437439, 32.375377655, -6.49272966385], [-68.84425354, 168.422668457, 64.5816650391, -12.629652977, 60.6601448059, -135.835891724, 6.47952222824, -90.4276733398, -41.0187911987, -4.12065935135, 32.375377655, 95.8763961792, 17.6056900024], [46.4837150574, -41.0095710754, -75.7697372437, -27.1598548889, -11.483171463, -0.143150344491, -1.61602258682, -4.1148223877, -3.64443731308, 1.7709903717, -6.49272966385, 17.6056900024, 70.5221405029]],
        "icov": [[0.000879992730916, 0.000805853924248, -0.000739194161724, -0.000399413431296, 0.000289379153401, 5.77571590838e-05, -0.00113560783211, 0.000607822381426, -0.000478498201119, 0.00128828396555, -0.00150410959031, 0.000826844829135, -0.00140474096406], [0.000805853924248, 0.0101234493777, -0.00750317052007, 0.00377067667432, -0.00838258024305, 0.00449732551351, -0.00724571663886, 0.00771894585341, -0.00881248805672, 0.00831737741828, -0.00856698490679, 0.00834773946553, -0.00586202181876], [-0.000739194161724, -0.00750317052007, 0.00723821856081, -0.00430054357275, 0.00491403834894, -0.00266640540212, 0.00675122672692, -0.00622012233362, 0.00730585120618, -0.00728050153702, 0.00615759752691, -0.00628347927704, 0.00552707258612], [-0.000399413431296, 0.00377067667432, -0.00430054357275, 0.00706849386916, -0.00297204055823, -0.000398528936785, -0.00358760193922, 0.00272194948047, -0.00276649836451, 0.0028243009001, -0.00232830946334, 0.00085729098646, -0.000492738443427], [0.000289379153401, -0.00838258024305, 0.00491403834894, -0.00297204055823, 0.01550507918, -0.00371613889001, 0.0019033565186, -0.00543402926996, 0.00883628241718, -0.00674748048186, 0.00662255799398, -0.0087104132399, 0.00472381291911], [5.77571590838e-05, 0.00449732551351, -0.00266640540212, -0.000398528936785, -0.00371613889001, 0.00843451358378, -0.00225623021834, -0.00121145974845, -0.00475675659254, 0.00336436461657, -0.00345523050055, 0.00712926033884, -0.00357970269397], [-0.00113560783211, -0.00724571663886, 0.00675122672692, -0.00358760193922, 0.0019033565186, -0.00225623021834, 0.0151208303869, -0.00684496294707, 0.00520600937307, -0.00772340130061, 0.00571649707854, -0.00596439978108, 0.00513769080862], [0.000607822381426, 0.00771894585341, -0.00622012233362, 0.00272194948047, -0.00543402926996, -0.00121145974845, -0.00684496294707, 0.0173784624785, -0.0103432033211, 0.00584817724302, -0.0114436754957, 0.0107938004658, -0.00600638799369], [-0.000478498201119, -0.00881248805672, 0.00730585120618, -0.00276649836451, 0.00883628241718, -0.00475675659254, 0.00520600937307, -0.0103432033211, 0.0222384762019, -0.0142929647118, 0.00995495915413, -0.00841447431594, 0.00744514958933], [0.00128828396555, 0.00831737741828, -0.00728050153702, 0.0028243009001, -0.00674748048186, 0.00336436461657, -0.00772340130061, 0.00584817724302, -0.0142929647118, 0.0280671492219, -0.0115752257407, 0.00712601328269, -0.00796280056238], [-0.00150410959031, -0.00856698490679, 0.00615759752691, -0.00232830946334, 0.00662255799398, -0.00345523050055, 0.00571649707854, -0.0114436754957, 0.00995495915413, -0.0115752257407, 0.0238452982157, -0.0167762804776, 0.0094519648701], [0.000826844829135, 0.00834773946553, -0.00628347927704, 0.00085729098646, -0.0087104132399, 0.00712926033884, -0.00596439978108, 0.0107938004658, -0.00841447431594, 0.00712601328269, -0.0167762804776, 0.031674798578, -0.0130881527439], [-0.00140474096406, -0.00586202181876, 0.00552707258612, -0.000492738443427, 0.00472381291911, -0.00357970269397, 0.00513769080862, -0.00600638799369, 0.00744514958933, -0.00796280056238, 0.0094519648701, -0.0130881527439, 0.0226971339434]]
    },
    "melbands": {
        "max": [0.0287972986698, 0.0312790870667, 0.0159631017596, 0.0297741536051, 0.045889955014, 0.0126606663689, 0.00327225774527, 0.012820776552, 0.00462858239189, 0.0029268655926, 0.00125105469488, 0.000923236540984, 0.0030932687223, 0.0038237394765, 0.00194351596292, 0.00041577432421, 0.000834879290778, 0.000408596213674, 0.000327277928591, 0.00130606058519, 0.000306344532873, 0.000279017462162, 0.000235167768551, 0.000134932168294, 0.000154228269821, 9.90379267023e-05, 0.000392558780732, 0.000394430244341, 0.000488333636895, 0.000386167201214, 0.000326016539475, 0.000519626832101, 0.000295543577522, 0.000271572964266, 0.000160279407282, 0.000138078059535, 0.000539555738214, 0.000723630306311, 0.000315609155223, 5.85174757362e-06],
        "mean": [0.000285656482447, 0.000320336635923, 0.000330589216901, 0.000969131127931, 0.000953957147431, 0.000579833518714, 0.000349563575583, 0.000188053469174, 0.000103981801658, 0.00012790125038, 9.80024560704e-05, 6.62804668536e-05, 0.00010002082854, 0.000123887992231, 7.81819107942e-05, 3.97451949539e-05, 3.67589454981e-05, 2.86838385364e-05, 2.74152171187e-05, 2.74100821116e-05, 1.42511789818e-05, 9.4959332273e-06, 1.01331397673e-05, 6.0877055148e-06, 4.90033971801e-06, 3.81260792892e-06, 4.19031584897e-06, 3.41966529049e-06, 3.33404636876e-06, 2.33860873777e-06, 2.32284742196e-06, 2.62086837211e-06, 1.861933697e-06, 1.55088230258e-06, 1.34488163894e-06, 1.32505113015e-06, 1.52181416979e-06, 2.32408888223e-06, 1.24350685837e-06, 2.12170174763e-08],
        "min": [3.3119448517e-08, 1.09333136322e-07, 4.07231510735e-07, 2.01231713959e-07, 4.10652830851e-07, 1.89277204754e-06, 1.38046016218e-06, 9.24811899949e-07, 6.86060900534e-07, 6.4225253027e-07, 8.20421178105e-07, 2.05108392493e-07, 7.40378141018e-07, 6.22532127181e-07, 4.77984031022e-07, 1.79867811312e-07, 1.46493107422e-07, 1.34856620093e-07, 1.40869858001e-07, 2.22081013135e-07, 1.14657488837e-07, 1.32205528303e-07, 9.23172081002e-08, 9.81074066431e-08, 6.27662828379e-08, 4.04214937078e-08, 2.29148220399e-08, 1.74479470871e-08, 1.20796768144e-08, 4.37465175196e-09, 4.14936218718e-09, 3.68784935922e-09, 1.66249614075e-09, 9.33042865192e-10, 5.62852819908e-10, 3.11759756899e-10, 1.84590745467e-10, 1.4674686466e-10, 8.27552054661e-11, 5.76154141757e-12],
        "stdev": [0.00130473962054, 0.00115066289436, 0.000895346573088, 0.00263450620696, 0.0034553159494, 0.00119507231284, 0.00049626303371, 0.000943654973526, 0.000262029469013, 0.000313632976031, 0.000133747671498, 8.5380183009e-05, 0.000229027806199, 0.000296543410514, 0.000160865325597, 5.02725015394e-05, 5.8997040469e-05, 3.98080483137e-05, 3.13864802592e-05, 5.96845966356e-05, 2.24775449169e-05, 1.40847923831e-05, 1.8971022655e-05, 9.27688051888e-06, 9.09954724193e-06, 7.18388128007e-06, 1.64735556609e-05, 1.68769911397e-05, 2.29329016292e-05, 1.83599622687e-05, 1.87102905329e-05, 2.32787460845e-05, 1.51707608893e-05, 1.11681883936e-05, 7.77181503508e-06, 8.33265858091e-06, 1.87205550901e-05, 2.53796606557e-05, 1.16975679703e-05, 2.36906117834e-07]
    },
    "melbands128": {
        "max": [0.00477246148512, 0.0281026996672, 0.0480626486242, 0.0400960668921, 0.0379672162235, 0.021499665454, 0.0111538860947, 0.0129313729703, 0.0352124981582, 0.0180461257696, 0.0619887933135, 0.104482121766, 0.036136507988, 0.0124061256647, 0.0249794088304, 0.00847700983286, 0.00679600657895, 0.00395093718544, 0.00297497492284, 0.0143178114668, 0.0258719064295, 0.011773946695, 0.00189112045337, 0.00319967232645, 0.00514504918829, 0.00469651585445, 0.00278261303902, 0.00199098559096, 0.00127029721625, 0.000982371158898, 0.00183763727546, 0.00229621725157, 0.00379659049213, 0.00742616457865, 0.00106289843097, 0.00703557906672, 0.00738352676854, 0.000752156018279, 0.00104632088915, 0.000886685913429, 0.000753409345634, 0.000391698529711, 0.00119860330597, 0.00110803626012, 0.000688088999595, 0.000354959367542, 0.000381953519536, 0.000428281346103, 0.000410344306147, 0.000488996505737, 0.00227512046695, 0.00121773430146, 0.000346187356627, 0.000258770858636, 0.000559381966013, 0.000227392185479, 0.000265948823653, 0.00029913673643, 0.000628365494777, 0.000149568411871, 0.000130825676024, 8.87654532562e-05, 0.000357948796591, 7.72692073951e-05, 0.000105309321953, 0.000100312769064, 0.000249063043157, 0.000356320553692, 0.000454990688013, 0.000505842792336, 0.000460225739516, 0.000364505249308, 0.000611074385233, 0.000752031221054, 0.000252300698776, 0.000496742373798, 0.000522575515788, 0.000364223815268, 0.000338639132679, 0.000739586597774, 0.000545633083675, 0.000520859728567, 0.000366679625586, 0.000315485493047, 0.000264786591288, 0.000243137925281, 0.00037280304241, 0.000145381418406, 0.000169199149241, 0.000191680024727, 0.000142976568895, 0.000173123669811, 0.000188144302228, 0.000446448830189, 0.000871318567079, 0.000786987307947, 0.000640844227746, 0.000697772717103, 0.000442765041953, 6.89620210323e-05, 5.53834865968e-07, 2.67047646219e-08, 2.35555557282e-08, 2.14855404579e-08, 2.00349603574e-08, 1.85648509898e-08, 1.74287944077e-08, 1.64335709485e-08, 1.54857797696e-08, 1.47217615876e-08, 1.41366545137e-08, 1.35822944003e-08, 1.29807808946e-08, 1.24126495749e-08, 1.19153238387e-08, 1.14946034913e-08, 1.11426938787e-08, 1.06816706591e-08, 1.03642996407e-08, 1.01116333084e-08, 1.00499129019e-08, 9.69876712276e-09, 9.4284633434e-09, 9.20647291736e-09, 9.02332164543e-09, 8.99895269413e-09, 8.94862761669e-09, 8.88157103418e-09],
        "mean": [4.12620502175e-05, 0.000251635618042, 0.000393356545828, 0.000345907203155, 0.000311378971674, 0.000322254840285, 0.000228661941946, 0.000228626086027, 0.000646389846224, 0.000670722452924, 0.00149821280502, 0.00155084580183, 0.00061791279586, 0.00049991189735, 0.00057337153703, 0.000681317877024, 0.000546487455722, 0.000272379576927, 0.000125173537526, 0.000178201225935, 0.00026083769626, 8.54040117702e-05, 6.45827967674e-05, 0.000125673250295, 0.000177876645466, 0.000101449455542, 9.30364767555e-05, 0.000132770554046, 5.95036799496e-05, 5.82000429858e-05, 7.08044899511e-05, 7.68029494793e-05, 0.000101979705505, 0.000141513723065, 4.10709435528e-05, 0.000168356171343, 0.000183787182323, 3.57627832273e-05, 5.13665218023e-05, 4.86954886583e-05, 3.46078340954e-05, 3.00803822029e-05, 3.51809212589e-05, 4.52260501334e-05, 3.04394397972e-05, 2.37108615693e-05, 2.72497836704e-05, 3.00169940601e-05, 2.5033214115e-05, 2.84430861939e-05, 3.34688193107e-05, 2.02291885216e-05, 1.28483043227e-05, 1.31644128487e-05, 1.26075965454e-05, 7.60339935368e-06, 8.21726462163e-06, 9.71987446974e-06, 1.37262877615e-05, 6.62573438603e-06, 5.19177410752e-06, 4.01376337322e-06, 8.58299881656e-06, 3.22235359818e-06, 3.15989336741e-06, 3.51112043973e-06, 4.48292075816e-06, 4.47627235189e-06, 3.14454541694e-06, 5.80600135436e-06, 2.71831663667e-06, 2.68344547294e-06, 3.79316384169e-06, 3.66485005543e-06, 2.46433569373e-06, 2.59547891801e-06, 2.17586034523e-06, 1.85556382348e-06, 2.31942340179e-06, 2.65562312052e-06, 3.17517469739e-06, 2.35257107306e-06, 2.01597413252e-06, 1.88574188087e-06, 1.70582586634e-06, 1.39348264838e-06, 1.6728644141e-06, 1.4876560499e-06, 1.2251117596e-06, 1.27545126816e-06, 1.48746971718e-06, 1.29560885398e-06, 1.1804938822e-06, 1.34514834826e-06, 1.78879099622e-06, 2.22805988415e-06, 2.2934482331e-06, 2.81726602225e-06, 1.53333201069e-06, 3.11885344217e-07, 1.94133487064e-09, 7.90491561098e-11, 6.20406989671e-11, 5.47022392661e-11, 5.04263193701e-11, 4.73790208455e-11, 4.51663983991e-11, 4.19546238029e-11, 3.96549390547e-11, 3.78158789005e-11, 3.64826502341e-11, 3.52843448903e-11, 3.36965524927e-11, 3.22448595602e-11, 3.11358543115e-11, 3.02524706675e-11, 2.94425595015e-11, 2.84577240245e-11, 2.78691566352e-11, 2.71224154247e-11, 2.65153558832e-11, 2.59376929657e-11, 2.5544880447e-11, 2.48909764328e-11, 2.34603517169e-11, 2.14322865011e-11, 2.026156673e-11, 1.99923324423e-11],
        "min": [1.8386546452e-10, 2.55939514027e-09, 2.3668038196e-08, 1.9944597085e-08, 2.45780782393e-08, 4.90186060631e-08, 7.6893805101e-08, 4.31530970957e-08, 1.45064149137e-07, 6.52763390008e-08, 2.03331055104e-07, 5.46696412584e-08, 2.08699191262e-07, 5.18376509717e-07, 3.66046492672e-07, 6.56236863961e-07, 7.7138196275e-07, 2.52294285019e-07, 2.50569286209e-07, 3.21314018947e-07, 7.30574015506e-07, 2.49146694387e-07, 8.71312764161e-08, 2.35821957517e-07, 4.02096901553e-07, 5.25304074017e-07, 4.76443972275e-07, 6.05115189956e-07, 1.80575085551e-07, 1.57826420377e-07, 1.0414539986e-07, 1.38493362556e-07, 3.51977917035e-07, 4.33835651847e-07, 1.69939511352e-07, 8.48573051826e-08, 2.53762436841e-07, 1.98409765062e-07, 3.34368110089e-07, 1.61375993457e-07, 7.80909914511e-08, 2.29628103199e-08, 1.60058718279e-07, 4.57579112378e-08, 5.70053906301e-08, 8.0256299384e-08, 7.60958442925e-08, 4.66153551315e-08, 1.39167994462e-07, 9.48232425912e-08, 3.01100726574e-08, 5.7009835075e-08, 4.95352026064e-08, 8.59352056182e-08, 6.23072864414e-08, 6.2040292903e-08, 8.66799041432e-08, 7.26692022113e-08, 3.04375369353e-08, 2.21271214684e-08, 3.99737523082e-08, 4.14122425241e-08, 3.06722682808e-08, 2.72411497804e-08, 1.6608954212e-08, 1.85957684806e-08, 1.62614117727e-08, 1.71695244688e-08, 9.09646136193e-09, 9.3378726973e-09, 1.30767272566e-08, 9.14227005211e-09, 9.25194587609e-09, 4.17016154941e-09, 3.55901219606e-09, 2.96922109122e-09, 2.42720687993e-09, 1.67449132338e-09, 1.19343501748e-09, 2.23736651428e-09, 1.93003546478e-09, 1.32798350094e-09, 1.02856667628e-09, 6.16039497192e-10, 7.47024275771e-10, 1.0315506227e-09, 5.22512699774e-10, 6.50591747142e-10, 4.98286523154e-10, 2.13277576155e-10, 2.1483910484e-10, 1.20104495793e-10, 1.15919163157e-10, 7.1340211516e-11, 1.21369816974e-10, 1.14044766686e-10, 3.76629144538e-11, 7.77716710476e-11, 8.74672625994e-11, 1.77895424086e-11, 2.57174403301e-12, 1.49082005421e-12, 1.52015140926e-12, 1.96724407597e-12, 1.57599367584e-12, 1.35642636446e-12, 1.69775109769e-12, 1.88318501418e-12, 1.61798666912e-12, 1.73086089732e-12, 2.09480458153e-12, 1.83685423642e-12, 1.86615002964e-12, 1.94373380238e-12, 1.73022653063e-12, 2.1276968902e-12, 1.22612347792e-12, 2.08840865608e-12, 2.145599887e-12, 2.10003694122e-12, 1.79016122672e-12, 1.86245203287e-12, 2.00821650975e-12, 2.05716043158e-12, 1.41341495799e-12, 6.0398317207e-13, 6.74480612963e-14, 2.05638593176e-15],
        "stdev": [0.000220322966925, 0.00142496603075, 0.00189988256898, 0.00145982718095, 0.0012682878878, 0.00108827895019, 0.000659629586153, 0.000685924082063, 0.00238581700251, 0.00175108073745, 0.00515206390992, 0.00728650996462, 0.00282715889625, 0.00125166168436, 0.00210680882446, 0.00119094981346, 0.000880954379681, 0.00071336235851, 0.000299525097944, 0.00092105474323, 0.0017223485047, 0.000423167453846, 0.000153748653247, 0.000342496816302, 0.000529094249941, 0.000323480839143, 0.000164897006471, 0.000214516170672, 9.6849660622e-05, 9.01154780877e-05, 0.0001218376201, 0.000132132074214, 0.000228532022447, 0.000532593636308, 7.24800993339e-05, 0.000514062005095, 0.000607552297879, 6.2254453951e-05, 8.81505911821e-05, 7.18781375326e-05, 5.94884841121e-05, 4.88259065605e-05, 6.55812182231e-05, 9.74872891675e-05, 5.66913331568e-05, 3.81550235034e-05, 3.72507420252e-05, 3.96450013795e-05, 3.86430874642e-05, 4.91438186145e-05, 0.00010809230298, 5.13263294124e-05, 2.37596068473e-05, 2.13536422962e-05, 2.59096304944e-05, 1.37739989441e-05, 1.37105389513e-05, 1.7314332581e-05, 4.46520280093e-05, 1.20930453704e-05, 9.4321612778e-06, 6.45645513941e-06, 2.40148074226e-05, 4.95476479045e-06, 5.89303226661e-06, 7.02724628354e-06, 1.22151077449e-05, 1.76947523869e-05, 1.79710823431e-05, 2.72007691819e-05, 1.67737598531e-05, 1.49009620145e-05, 2.305104681e-05, 3.27560665028e-05, 1.5255706785e-05, 1.95338579942e-05, 2.26719930652e-05, 1.60797808348e-05, 1.71932933881e-05, 2.77771159745e-05, 2.68969542958e-05, 2.29578727158e-05, 1.83631036634e-05, 1.64212106029e-05, 1.18978005048e-05, 1.00953748188e-05, 1.39876083267e-05, 9.35481239139e-06, 7.00512691765e-06, 8.83954453457e-06, 7.34718742024e-06, 9.32343300519e-06, 1.03720140032e-05, 1.6678844986e-05, 2.70999735221e-05, 2.90432799375e-05, 2.40196350205e-05, 2.48793658102e-05, 1.62294054462e-05, 3.27840666614e-06, 1.92868956361e-08, 1.13630649334e-09, 1.0061577127e-09, 9.19300913171e-10, 8.55941428846e-10, 7.96983312679e-10, 7.49403039624e-10, 7.0835792787e-10, 6.70185851259e-10, 6.356972726e-10, 6.07529027086e-10, 5.82895287593e-10, 5.58609547507e-10, 5.34624566839e-10, 5.13830700211e-10, 4.94626228864e-10, 4.77835104817e-10, 4.61916838113e-10, 4.48143661069e-10, 4.3553058382e-10, 4.28853230705e-10, 4.15278034183e-10, 4.06252725904e-10, 3.97242627681e-10, 3.9011363584e-10, 3.87547466341e-10, 3.84218101779e-10, 3.8174596817e-10]
    },
    "mfcc": {
        "mean": [-687.315429688, 142.754165649, -38.6874351501, 9.43988513947, -15.2195043564, 5.78211975098, -16.7050857544, 1.84717917442, -18.1779518127, -0.302403867245, -14.7013473511, 1.73534667492, -6.36563110352],
        "cov": [[2848.90136719, -1516.18432617, 358.406036377, -241.035644531, 12.007932663, 93.0441741943, 179.141067505, 335.076263428, 212.590087891, 319.470306396, 126.025482178, 229.183929443, -32.2869682312], [-1516.18432617, 2112.73754883, 146.129257202, 641.071472168, 48.8835487366, -21.6967411041, -40.995388031, -269.326690674, -306.725036621, -383.00402832, -111.276527405, -185.207458496, 90.4382781982], [358.406036377, 146.129257202, 1028.54370117, 339.626617432, 279.554443359, 78.3641433716, 135.089599609, 95.36328125, -15.8077077866, 53.8434371948, 71.0437469482, 97.6981506348, 55.1251602173], [-241.035644531, 641.071472168, 339.626617432, 529.434692383, 83.1622619629, 31.4166526794, 46.7881278992, -57.0871276855, -144.049682617, -156.113861084, -51.4800796509, -19.5027961731, 87.3196105957], [12.007932663, 48.8835487366, 279.554443359, 83.1622619629, 191.618637085, 36.514705658, 60.6728744507, 44.2511253357, 15.4049005508, 22.2843227386, 35.3544464111, 31.7983016968, 27.1532230377], [93.0441741943, -21.6967411041, 78.3641433716, 31.4166526794, 36.514705658, 118.825393677, 27.9448184967, 23.3567314148, 26.8708934784, 17.7034759521, 21.3325901031, 0.10147600621, -6.10607862473], [179.141067505, -40.995388031, 135.089599609, 46.7881278992, 60.6728744507, 27.9448184967, 158.663421631, 69.9192962646, 28.4353122711, 34.9068946838, 46.0426445007, 41.1191673279, 25.4161128998], [335.076263428, -269.326690674, 95.36328125, -57.0871276855, 44.2511253357, 23.3567314148, 69.9192962646, 155.893478394, 66.7955627441, 114.704818726, 65.3445510864, 56.0030059814, 8.73480129242], [212.590087891, -306.725036621, -15.8077077866, -144.049682617, 15.4049005508, 26.8708934784, 28.4353122711, 66.7955627441, 173.971099854, 117.143295288, 55.5736274719, 27.2432174683, -29.7820034027], [319.470306396, -383.00402832, 53.8434371948, -156.113861084, 22.2843227386, 17.7034759521, 34.9068946838, 114.704818726, 117.143295288, 222.437210083, 91.3471832275, 70.7341842651, -16.9481067657], [126.025482178, -111.276527405, 71.0437469482, -51.4800796509, 35.3544464111, 21.3325901031, 46.0426445007, 65.3445510864, 55.5736274719, 91.3471832275, 141.346084595, 34.4019737244, 4.72529888153], [229.183929443, -185.207458496, 97.6981506348, -19.5027961731, 31.7983016968, 0.10147600621, 41.1191673279, 56.0030059814, 27.2432174683, 70.7341842651, 34.4019737244, 112.0522995, 14.4932250977], [-32.2869682312, 90.4382781982, 55.1251602173, 87.3196105957, 27.1532230377, -6.10607862473, 25.4161128998, 8.73480129242, -29.7820034027, -16.9481067657, 4.72529888153, 14.4932250977, 92.4484634399]],
        "icov": [[0.000761881761719, 0.000512561004143, -0.000335138698574, -0.000162613854627, 0.000691914581694, -0.000285538699245, -0.000304491783027, -0.000685141189024, 3.59080986527e-05, 0.000187723650015, 6.55816184008e-05, -0.000354957388481, 0.000142734294059], [0.000512561004143, 0.00146468461026, -8.46651673783e-05, -0.00116890820209, 3.76290772692e-05, 9.68264939729e-05, -0.0003233027237, 0.000552641111426, 0.000601468665991, 0.000393687107135, -0.00055967294611, 0.000839307962451, 9.56876756391e-05], [-0.000335138698574, -8.46651673783e-05, 0.00243123946711, -0.00152234337293, -0.00274703558534, 2.13618750422e-05, -1.40702750286e-05, 0.000156671914738, 0.000369048037101, -0.000904744956642, -0.00035849728738, -0.000647970300633, 0.000824212736916], [-0.000162613854627, -0.00116890820209, -0.00152234337293, 0.00553696602583, 0.000618219200987, -0.00135051563848, -0.000703703961335, -0.000205215459573, 0.00109019130468, 0.00165752193425, 0.00107056333218, -0.000422140059527, -0.00262674200349], [0.000691914581694, 3.76290772692e-05, -0.00274703558534, 0.000618219200987, 0.0102204242721, -0.00137015269138, -0.00113997957669, -0.00154043757357, -0.00122169149108, 0.00108135736082, -0.000251585384831, -0.000681943958625, -0.00145004782826], [-0.000285538699245, 9.68264939729e-05, 2.13618750422e-05, -0.00135051563848, -0.00137015269138, 0.010197901167, -0.000603985099588, -0.000189941521967, -0.00150969112292, -0.000117390489322, -0.000879183586221, 0.00169061264023, 0.0016004270874], [-0.000304491783027, -0.0003233027237, -1.40702750286e-05, -0.000703703961335, -0.00113997957669, -0.000603985099588, 0.00974076520652, -0.0033950121142, -0.00135444418993, 0.00154458533507, -0.00149421708193, -0.00163308891933, -0.00100003613625], [-0.000685141189024, 0.000552641111426, 0.000156671914738, -0.000205215459573, -0.00154043757357, -0.000189941521967, -0.0033950121142, 0.0147658130154, 9.45453066379e-05, -0.00479814969003, -0.00131187785883, 4.72696119687e-05, -0.00149086886086], [3.59080986527e-05, 0.000601468665991, 0.000369048037101, 0.00109019130468, -0.00122169149108, -0.00150969112292, -0.00135444418993, 9.45453066379e-05, 0.0110308649018, -0.0037579133641, -0.000689658510964, 0.00129534269217, 0.00149375107139], [0.000187723650015, 0.000393687107135, -0.000904744956642, 0.00165752193425, 0.00108135736082, -0.000117390489322, 0.00154458533507, -0.00479814969003, -0.0037579133641, 0.0128502110019, -0.00336166657507, -0.00332277198322, 0.000195592219825], [6.55816184008e-05, -0.00055967294611, -0.00035849728738, 0.00107056333218, -0.000251585384831, -0.000879183586221, -0.00149421708193, -0.00131187785883, -0.000689658510964, -0.00336166657507, 0.0109684737399, -0.000227357784752, -0.0010398653103], [-0.000354957388481, 0.000839307962451, -0.000647970300633, -0.000422140059527, -0.000681943958625, 0.00169061264023, -0.00163308891933, 4.72696119687e-05, 0.00129534269217, -0.00332277198322, -0.000227357784752, 0.0143871018663, -0.00183918233961], [0.000142734294059, 9.56876756391e-05, 0.000824212736916, -0.00262674200349, -0.00145004782826, 0.0016004270874, -0.00100003613625, -0.00149086886086, 0.00149375107139, 0.000195592219825, -0.0010398653103, -0.00183918233961, 0.0145685747266]]
    },
    "spectral_contrast_coeffs": {
        "max": [-0.328869342804, -0.437503993511, -0.533777952194, -0.624712526798, -0.60319173336, -0.561546444893],
        "mean": [-0.671610474586, -0.737888038158, -0.774674475193, -0.809742987156, -0.798648476601, -0.712218284607],
        "min": [-0.888380944729, -0.922678947449, -0.902306199074, -0.932992517948, -0.925068497658, -0.937347769737],
        "stdev": [0.115947760642, 0.0915216654539, 0.0658128112555, 0.0426241718233, 0.0438886247575, 0.0307124722749]
    },
    "spectral_contrast_valleys": {
        "max": [-4.90482902527, -5.05860567093, -5.57657766342, -5.55620527267, -5.92072963715, -7.59305810928],
        "mean": [-7.69955873489, -6.83221435547, -7.12067890167, -7.4079375267, -7.95773744583, -11.7532958984],
        "min": [-10.3524541855, -8.35620498657, -9.06473922729, -9.16898727417, -9.60258293152, -14.1153068542],
        "stdev": [0.982147872448, 0.446522057056, 0.573614001274, 0.69248175621, 0.66267812252, 1.1281182766]
    }
},
"rhythm": {
    "beats_count": 56,
    "beats_loudness": {
        "max": 0.119147486985,
        "mean": 0.0238543748856,
        "min": 0.00119491270743,
        "stdev": 0.0272675398737
    },
    "bpm": 99.1003494263,
    "bpm_histogram_first_peak_bpm": 99,
    "bpm_histogram_first_peak_weight": 0.47058826685,
    "bpm_histogram_second_peak_bpm": 123,
    "bpm_histogram_second_peak_spread": 0.111111104488,
    "bpm_histogram_second_peak_weight": 0.145454540849,
    "danceability": 1.00758576393,
    "onset_rate": 1.87646472454,
    "beats_loudness_band_ratio": {
        "max": [0.829548478127, 0.839873075485, 0.738460719585, 0.54860073328, 0.464647054672, 0.247328564525],
        "mean": [0.164645627141, 0.289618194103, 0.231031134725, 0.23292735219, 0.12563611567, 0.0310003198683],
        "min": [0.000926676089875, 0.00790521688759, 0.0202347096056, 0.0206863228232, 0.00880143698305, 0.00121560588013],
        "stdev": [0.208191722631, 0.278423190117, 0.177814081311, 0.143804937601, 0.128090575337, 0.0396055094898]
    },
    "beats_position": [0.487619042397, 0.975238084793, 1.46285712719, 1.95047616959, 2.43809509277, 2.92571425438, 3.41333317757, 3.90095233917, 4.38857126236, 4.841360569, 5.2941493988, 5.73532867432, 6.17650794983, 6.6176867485, 7.05886602402, 7.55809497833, 8.06893444061, 8.57977294922, 9.17188167572, 9.76399040222, 10.3560991287, 10.95981884, 11.5635375977, 12.1672563553, 12.7709751129, 13.3746938705, 13.9900226593, 14.5937414169, 15.2090702057, 15.8243989944, 16.4513378143, 17.0666656494, 17.693605423, 18.3205432892, 18.9358730316, 19.5395908356, 20.154920578, 20.758638382, 21.3623580933, 21.9776859283, 22.6394557953, 23.312833786, 23.9397735596, 24.5783214569, 25.2168693542, 25.8438091278, 26.470746994, 27.0744667053, 27.6665763855, 28.2586841583, 28.8507938385, 29.4312915802, 30.0234012604, 30.6271190643, 31.2076187134, 31.7881164551],
