{
"metadata": {
    "version": {
        "essentia": "2.1-beta5",
        "essentia_git_sha": "Undefined",
        "extractor": "music 2.0"
    },
    "audio_properties": {
        "analysis": {
            "equal_loudness": 0,
            "length": 43.4793663025,
            "sample_rate": 44100,
            "start_time": 191.4949646,
            "downmix": "mix"
        },
        "bit_rate": 192000,
        "length": 234.997558594,
        "lossless": 0,
        "number_channels": 2,
        "replay_gain": -1.84343719482,
        "sample_rate": 48000,
        "codec": "mp3",
        "md5_encoded": "a089e598e46eb742bd9d9d8426c8d7d3"
    },
    "tags": {
        "file_name": "Albania_It_s All About You_Juliana Pasha.mp3",
        "encoding": ["Lavf58.29.100"]
    }
},
"lowlevel": {
    "average_loudness": 0.907124221325,
    "barkbands_crest": {
        "max": 23.5368919373,
        "mean": 8.86198329926,
        "min": 2.6782708168,
        "stdev": 3.82122993469
    },
    "barkbands_flatness_db": {
        "max": 0.294362455606,
        "mean": 0.162443310022,
        "min": 0.0834057405591,
        "stdev": 0.033910959959
    },
    "barkbands_kurtosis": {
        "max": 30.1588973999,
        "mean": 1.05077219009,
        "min": -1.78372335434,
        "stdev": 2.52342510223
    },
    "barkbands_skewness": {
        "max": 5.1186299324,
        "mean": 0.816701054573,
        "min": -1.08216428757,
        "stdev": 0.808678984642
    },
    "barkbands_spread": {
        "max": 87.9839630127,
        "mean": 22.5534954071,
        "min": 3.07644081116,
        "stdev": 11.7714157104
    },
    "dissonance": {
        "max": 0.5,
        "mean": 0.473639845848,
        "min": 0.337451547384,
        "stdev": 0.0224811770022
    },
    "dynamic_complexity": 3.6611199379,
    "erbbands_crest": {
        "max": 30.4380760193,
        "mean": 10.0735006332,
        "min": 2.61353158951,
        "stdev": 5.42494153976
    },
    "erbbands_flatness_db": {
        "max": 0.373835086823,
        "mean": 0.215237349272,
        "min": 0.112102612853,
        "stdev": 0.0554840192199
    },
    "erbbands_kurtosis": {
        "max": 20.4048576355,
        "mean": 0.910999596119,
        "min": -1.57606899738,
        "stdev": 2.04819917679
    },
    "erbbands_skewness": {
        "max": 3.04227137566,
        "mean": 0.407154858112,
        "min": -2.08773994446,
        "stdev": 0.693702578545
    },
    "erbbands_spread": {
        "max": 98.5031204224,
        "mean": 29.1363620758,
        "min": 6.14818382263,
        "stdev": 17.06590271
    },
    "hfc": {
        "max": 90.2172393799,
        "mean": 26.034160614,
        "min": 2.75122183666e-05,
        "stdev": 18.8624305725
    },
    "loudness_ebu128": {
        "integrated": -20.7133655548,
        "loudness_range": 6.69980049133,
        "momentary": {
            "max": -17.8889350891,
            "mean": -21.9201583862,
            "min": -49.5569381714,
            "stdev": 4.21096897125
        },
        "short_term": {
            "max": -18.7492580414,
            "mean": -21.2457332611,
            "min": -31.0891227722,
            "stdev": 2.55960536003
        }
    },
    "melbands_crest": {
        "max": 27.4438514709,
        "mean": 11.7957954407,
        "min": 3.88717150688,
        "stdev": 4.9044137001
    },
    "melbands_flatness_db": {
        "max": 0.303099542856,
        "mean": 0.159588649869,
        "min": 0.073084436357,
        "stdev": 0.0368093028665
    },
    "melbands_kurtosis": {
        "max": 119.035774231,
        "mean": 5.48073673248,
        "min": -1.34271204472,
        "stdev": 9.00263118744
    },
    "melbands_skewness": {
        "max": 9.83231544495,
        "mean": 1.61185097694,
        "min": -0.846600294113,
        "stdev": 1.29616177082
    },
    "melbands_spread": {
        "max": 117.427185059,
        "mean": 28.4692573547,
        "min": 4.06148576736,
        "stdev": 13.6455411911
    },
    "pitch_salience": {
        "max": 0.895173311234,
        "mean": 0.585612475872,
        "min": 0.167814537883,
        "stdev": 0.13551594317
    },
    "silence_rate_20dB": {
        "max": 1,
        "mean": 1,
        "min": 1,
        "stdev": 0
    },
    "silence_rate_30dB": {
        "max": 1,
        "mean": 0.998932778835,
        "min": 0,
        "stdev": 0.0326513424516
    },
    "silence_rate_60dB": {
        "max": 1,
        "mean": 0.115795090795,
        "min": 0,
        "stdev": 0.319978654385
    },
    "spectral_centroid": {
        "max": 3625.08129883,
        "mean": 1651.65332031,
        "min": 504.200500488,
        "stdev": 388.266326904
    },
    "spectral_complexity": {
        "max": 47,
        "mean": 21.7993602753,
        "min": 0,
        "stdev": 8.58427715302
    },
    "spectral_decrease": {
        "max": -4.41552854393e-15,
        "mean": -6.90360479894e-09,
        "min": -3.79721996069e-08,
        "stdev": 5.95660010205e-09
    },
    "spectral_energy": {
        "max": 0.147334381938,
        "mean": 0.028417211026,
        "min": 1.91606908118e-08,
        "stdev": 0.0237327273935
    },
    "spectral_energyband_high": {
        "max": 0.0124579193071,
        "mean": 0.000859183783177,
        "min": 1.01323849311e-09,
        "stdev": 0.000862929504365
    },
    "spectral_energyband_low": {
        "max": 0.102410957217,
        "mean": 0.00964179355651,
        "min": 4.6952275401e-10,
        "stdev": 0.0167921986431
    },
    "spectral_energyband_middle_high": {
        "max": 0.0601861253381,
        "mean": 0.010971263051,
        "min": 1.53089931842e-08,
        "stdev": 0.0106148049235
    },
    "spectral_energyband_middle_low": {
        "max": 0.0623296461999,
        "mean": 0.00794523209333,
        "min": 2.69802180597e-09,
        "stdev": 0.0078125949949
    },
    "spectral_entropy": {
        "max": 8.44956302643,
        "mean": 7.72813653946,
        "min": 7.19709014893,
        "stdev": 0.194255709648
    },
    "spectral_flux": {
        "max": 0.333257704973,
        "mean": 0.100235581398,
        "min": 0.000811576435808,
        "stdev": 0.057844106108
    },
    "spectral_kurtosis": {
        "max": 16.2618103027,
        "mean": 2.86636805534,
        "min": -0.97394156456,
        "stdev": 2.19977903366
    },
    "spectral_rms": {
        "max": 0.0119891976938,
        "mean": 0.0047610825859,
        "min": 4.32358137914e-06,
        "stdev": 0.00224860827439
    },
    "spectral_rolloff": {
        "max": 8720.94726562,
        "mean": 1756.51721191,
        "min": 86.1328125,
        "stdev": 899.297912598
    },
    "spectral_skewness": {
        "max": 2.93547177315,
        "mean": 1.21985316277,
        "min": -0.0592020004988,
        "stdev": 0.295602381229
    },
    "spectral_spread": {
        "max": 8935715,
        "mean": 3714751.25,
        "min": 1910628.125,
        "stdev": 1007033.4375
    },
    "spectral_strongpeak": {
        "max": 10.2151699066,
        "mean": 1.56319618225,
        "min": 0,
        "stdev": 1.92935097218
    },
    "zerocrossingrate": {
        "max": 0.18896484375,
        "mean": 0.0696915984154,
        "min": 0.015625,
        "stdev": 0.0184211228043
    },
    "barkbands": {
        "max": [0.00321603869088, 0.078635469079, 0.0788520053029, 0.0161605551839, 0.0221931599081, 0.0371776334941, 0.0286615993828, 0.033295147121, 0.0316187739372, 0.0395396649837, 0.0485130995512, 0.0396424010396, 0.0267561227083, 0.0250955689698, 0.0248263161629, 0.0181258320808, 0.0119663588703, 0.00593034969643, 0.00494166789576, 0.00467945821583, 0.00178629951552, 0.00533901434392, 0.00340612232685, 0.00307681621052, 0.000463328295154, 1.90954434487e-08, 2.04898320533e-08],
        "mean": [0.000193197032786, 0.00520869996399, 0.00354067375883, 0.00111194187775, 0.00121791474521, 0.00139230675995, 0.00121579261031, 0.000798879133072, 0.00168254540768, 0.00167430448346, 0.00269379816018, 0.00157187320292, 0.00111821433529, 0.000829560973216, 0.001056086272, 0.000743908574805, 0.000537759333383, 0.00043858558638, 0.000364287174307, 0.000335561431712, 0.000164966506418, 0.000118062293041, 0.000208448356716, 0.000188135541975, 1.17085337479e-05, 8.99627483619e-10, 9.53896406308e-10],
        "min": [3.41268749371e-11, 1.53842674711e-10, 1.76323816659e-10, 2.09125938788e-10, 2.41006714585e-10, 1.82061504761e-10, 2.30147428892e-10, 2.02056343879e-10, 1.29635924218e-09, 2.6676918452e-09, 3.12201553498e-09, 2.36036457046e-09, 1.97409377733e-09, 3.53200513281e-09, 3.09454545322e-10, 2.47592474301e-10, 4.24830864931e-10, 2.96400987088e-10, 2.74541556156e-10, 6.12600581373e-10, 2.55249682501e-10, 1.668809535e-10, 1.23244650596e-10, 2.79296186873e-11, 4.30735091692e-12, 3.5218997857e-12, 6.52453048186e-12],
        "stdev": [0.000377324264264, 0.0110933827236, 0.00856171175838, 0.00191459606867, 0.00191338802688, 0.00263496953994, 0.00248829950579, 0.0018253136659, 0.003281716723, 0.00375438877381, 0.00535632763058, 0.00404058070853, 0.00226680911146, 0.00153974990826, 0.00246394239366, 0.00129468040541, 0.00103081506677, 0.000569117546547, 0.000466642959509, 0.000415836489992, 0.000196784545551, 0.000217187087401, 0.00026500664535, 0.000255786202615, 2.66311144514e-05, 1.43037792721e-09, 1.52476165027e-09]
    },
    "erbbands": {
        "max": [1.61466801167, 19.1671829224, 79.3690261841, 76.9779434204, 73.7748031616, 121.573501587, 152.973449707, 409.438415527, 422.89239502, 481.292266846, 1051.37426758, 901.014038086, 1304.65209961, 1092.47668457, 1738.03100586, 1301.95080566, 1013.18389893, 838.638061523, 1544.10852051, 1225.23022461, 1227.99841309, 580.067687988, 347.648040771, 225.073471069, 239.116943359, 234.707733154, 67.0793609619, 73.5751495361, 182.196853638, 191.721862793, 99.5550308228, 70.958946228, 50.0326347351, 12.3470582962, 0.285324692726, 0.0147326337174, 0.00166397355497, 0.000303201784845, 9.38068842515e-05, 0.000167524005519],
        "mean": [0.115815475583, 1.29719364643, 3.80934095383, 4.4492225647, 2.8140501976, 4.50458288193, 6.43949270248, 14.5084009171, 17.2381916046, 19.2354488373, 16.8104324341, 39.5272521973, 52.5236206055, 63.5808486938, 121.924743652, 51.4113197327, 47.5545654297, 45.3783836365, 46.8843803406, 58.4888000488, 37.7138519287, 29.7446746826, 25.5485134125, 21.7832107544, 16.3352050781, 15.4785757065, 7.80310487747, 6.30585098267, 4.26907205582, 5.13734102249, 6.13732433319, 4.50763940811, 2.49527430534, 0.359606176615, 0.00925703067333, 0.000584397290368, 8.90790761332e-05, 2.07629182114e-05, 2.0155828679e-05, 3.56298442057e-05],
        "min": [4.71155203741e-09, 3.52295330686e-08, 1.68370760889e-07, 5.10128472797e-07, 8.40684094783e-07, 7.55823862164e-07, 8.08369691185e-07, 1.76267280949e-06, 2.91439187095e-06, 3.20308708979e-06, 1.07751257019e-05, 3.41884333466e-05, 4.38207534899e-05, 0.000134552203235, 0.000101003213786, 9.21715327422e-05, 8.02331269369e-05, 0.000208224606467, 5.85126545047e-05, 1.13956157293e-05, 1.77087167685e-05, 2.18952282012e-05, 2.03017807507e-05, 1.34997053465e-05, 1.77479723789e-05, 2.49797103606e-05, 2.03851359402e-05, 7.38120706956e-06, 7.36486117603e-06, 2.58446561929e-06, 3.43664873981e-06, 6.85213194629e-07, 4.72158916409e-07, 1.04119621369e-07, 3.23866125029e-08, 1.72065579562e-08, 5.02821873027e-09, 5.1741189111e-09, 1.04384889621e-09, 7.69554489577e-11],
        "stdev": [0.224072679877, 2.8295481205, 9.12460517883, 8.01037883759, 5.01620197296, 8.23994255066, 11.4840517044, 28.2724018097, 36.2406272888, 40.6333656311, 39.4669342041, 80.2486953735, 106.333091736, 117.98651123, 253.851119995, 111.111747742, 86.7631759644, 73.6008071899, 97.9970092773, 122.147392273, 67.9055023193, 53.4463996887, 32.8993797302, 26.5935249329, 21.2283229828, 19.5695590973, 8.25215435028, 8.06801986694, 7.95044851303, 7.75781679153, 7.94551229477, 5.81418800354, 3.87278604507, 0.693800210953, 0.0168185904622, 0.000924014893826, 0.000114405724162, 2.3024602342e-05, 1.51233716679e-05, 2.81491065834e-05]
    },
    "gfcc": {
        "mean": [-24.8394298553, 106.24432373, -183.95451355, 45.7553405762, -77.3866195679, 27.4572410583, -28.6642341614, -2.03972315788, 0.929694950581, -23.2775402069, 11.0890684128, -19.0979537964, 4.93358802795],
        "cov": [[7210.46240234, 1084.8873291, 2431.36328125, 1740.95446777, 309.042877197, 628.719360352, -75.2920379639, 204.308883667, -73.0070724487, 82.5298080444, 281.253173828, -44.2397842407, 49.0348205566], [1084.8873291, 531.888183594, 712.637695312, 465.528533936, 140.244644165, 116.343421936, 8.06769275665, 6.47006082535, -24.0620365143, 28.3723297119, 83.3871994019, -7.9248509407, 14.8410129547], [2431.36328125, 712.637695312, 1823.7253418, 1142.13171387, 193.018157959, 356.928222656, -172.989364624, 71.3787536621, -97.8332061768, 101.39024353, 136.883605957, 47.3263816833, 22.8909320831], [1740.95446777, 465.528533936, 1142.13171387, 866.686889648, 205.75201416, 212.563766479, -118.041419983, 42.5248565674, -31.1988258362, 69.5003509521, 84.987449646, 30.3807067871, 16.834356308], [309.042877197, 140.244644165, 193.018157959, 205.75201416, 197.493499756, 108.400718689, 37.2608985901, 19.8039035797, 17.5702896118, 19.0724773407, 26.7236804962, 3.33930015564, 13.0303888321], [628.719360352, 116.343421936, 356.928222656, 212.563766479, 108.400718689, 254.224319458, 87.6323013306, 8.23415374756, -37.2465248108, 29.2774238586, 46.0320358276, 14.6745872498, 13.5138816833], [-75.2920379639, 8.06769275665, -172.989364624, -118.041419983, 37.2608985901, 87.6323013306, 226.780578613, 24.4132823944, 11.0880718231, -3.8798353672, 15.3638658524, -11.2084417343, 2.45943427086], [204.308883667, 6.47006082535, 71.3787536621, 42.5248565674, 19.8039035797, 8.23415374756, 24.4132823944, 124.231201172, 59.2501144409, 17.427904129, 10.9387025833, 0.691493332386, 11.3887405396], [-73.0070724487, -24.0620365143, -97.8332061768, -31.1988258362, 17.5702896118, -37.2465248108, 11.0880718231, 59.2501144409, 121.125297546, 28.664226532, -1.93558812141, 4.42372703552, 3.24142694473], [82.5298080444, 28.3723297119, 101.39024353, 69.5003509521, 19.0724773407, 29.2774238586, -3.8798353672, 17.427904129, 28.664226532, 81.1416168213, 51.4777374268, 8.41664123535, 3.19385433197], [281.253173828, 83.3871994019, 136.883605957, 84.987449646, 26.7236804962, 46.0320358276, 15.3638658524, 10.9387025833, -1.93558812141, 51.4777374268, 102.416641235, 33.4650344849, 7.40289735794], [-44.2397842407, -7.9248509407, 47.3263816833, 30.3807067871, 3.33930015564, 14.6745872498, -11.2084417343, 0.691493332386, 4.42372703552, 8.41664123535, 33.4650344849, 66.2777099609, 29.1694049835], [49.0348205566, 14.8410129547, 22.8909320831, 16.834356308, 13.0303888321, 13.5138816833, 2.45943427086, 11.3887405396, 3.24142694473, 3.19385433197, 7.40289735794, 29.1694049835, 56.1969490051]],
        "icov": [[0.000514858227689, -8.72785822139e-05, 0.000355787749868, -0.00141682859976, 0.00120332895312, -0.00118739320897, 0.000345778797055, -0.000410337815993, -0.000690709566697, 0.00188633159269, -0.00207195058465, 0.00231694732793, -0.00106919789687], [-8.72785822139e-05, 0.012707348913, -0.00968803092837, 0.00350089394487, -0.00653794920072, 0.0100277718157, -0.00810517277569, 0.00925381388515, -0.00645046541467, 0.00795428361744, -0.00982711650431, 0.0110108712688, -0.00729901297018], [0.000355787749868, -0.00968803092837, 0.0131653361022, -0.0101427929476, 0.00908139441162, -0.0121204061434, 0.00834535248578, -0.00978873856366, 0.00667440379038, -0.0050700600259, 0.00502713769674, -0.00644626189023, 0.00493812607601], [-0.00141682859976, 0.00350089394487, -0.0101427929476, 0.0153718246147, -0.0110828503966, 0.00848488137126, -0.00281230965629, 0.00523066148162, -0.00147942383774, -0.00347318872809, 0.00375339901075, -0.00413822056726, 0.00136712496169], [0.00120332895312, -0.00653794920072, 0.00908139441162, -0.0110828503966, 0.0169985573739, -0.0122414166108, 0.00464781466872, -0.00569205731153, -0.000569933792576, 0.00217537581921, -0.00174805533607, 0.00231917598285, -0.000814409053419], [-0.00118739320897, 0.0100277718157, -0.0121204061434, 0.00848488137126, -0.0122414166108, 0.021810721606, -0.0128551023081, 0.00953350029886, -0.00103928567842, -0.0010613698978, -0.00094833294861, 0.000749454484321, -0.00313658150844], [0.000345778797055, -0.00810517277569, 0.00834535248578, -0.00281230965629, 0.00464781466872, -0.0128551023081, 0.0143806431442, -0.00843153242022, 0.00316196097992, -0.0014365199022, 0.00151254434604, -0.0025685809087, 0.00340811442584], [-0.000410337815993, 0.00925381388515, -0.00978873856366, 0.00523066148162, -0.00569205731153, 0.00953350029886, -0.00843153242022, 0.0201351046562, -0.0119842579588, 0.00618441961706, -0.00704688718542, 0.00893463939428, -0.00771919032559], [-0.000690709566697, -0.00645046541467, 0.00667440379038, -0.00147942383774, -0.000569933792576, -0.00103928567842, 0.00316196097992, -0.0119842579588, 0.0210611987859, -0.0154374325648, 0.0129974866286, -0.0138643272221, 0.00784978549927], [0.00188633159269, 0.00795428361744, -0.0050700600259, -0.00347318872809, 0.00217537581921, -0.0010613698978, -0.0014365199022, 0.00618441961706, -0.0154374325648, 0.0365998223424, -0.0278066862375, 0.0226689204574, -0.0113736577332], [-0.00207195058465, -0.00982711650431, 0.00502713769674, 0.00375339901075, -0.00174805533607, -0.00094833294861, 0.00151254434604, -0.00704688718542, 0.0129974866286, -0.0278066862375, 0.0380879342556, -0.0303099956363, 0.0147721963003], [0.00231694732793, 0.0110108712688, -0.00644626189023, -0.00413822056726, 0.00231917598285, 0.000749454484321, -0.0025685809087, 0.00893463939428, -0.0138643272221, 0.0226689204574, -0.0303099956363, 0.0479302816093, -0.02485473454], [-0.00106919789687, -0.00729901297018, 0.00493812607601, 0.00136712496169, -0.000814409053419, -0.00313658150844, 0.00340811442584, -0.00771919032559, 0.00784978549927, -0.0113736577332, 0.0147721963003, -0.02485473454, 0.0317410640419]]
    },
    "melbands": {
        "max": [0.0191342588514, 0.0288412980735, 0.01123589091, 0.00516867265105, 0.00419065263122, 0.00825798232108, 0.00626888591796, 0.00613810261711, 0.00915453396738, 0.00598118826747, 0.00664385128766, 0.0043077734299, 0.00704670697451, 0.00471069430932, 0.00257380958647, 0.00362887675874, 0.00170573475771, 0.0025326537434, 0.00231045926921, 0.000982436700724, 0.00168832263444, 0.000847785850056, 0.000450182706118, 0.000355804164428, 0.000226449948968, 0.000232918260735, 0.000216987638851, 0.000143216559081, 6.30643335171e-05, 5.14345156262e-05, 5.41675653949e-05, 0.000103823600512, 0.000111791698146, 9.32508701226e-05, 6.6365370003e-05, 4.65861376142e-05, 4.46917474619e-05, 4.12475637859e-05, 4.33735658589e-05, 1.5819401824e-06],
        "mean": [0.00127688026987, 0.00190667714924, 0.000716900802217, 0.000237935688347, 0.000239160319325, 0.000315021141432, 0.00025734686642, 0.000206707263715, 0.000137652576086, 0.000262674206169, 0.000262709363597, 0.000242870417424, 0.000392577174352, 0.000221070818952, 9.19184385566e-05, 0.000116775765491, 7.94683801359e-05, 7.37215523259e-05, 8.34763122839e-05, 6.59841098241e-05, 3.96197356167e-05, 3.23104723066e-05, 2.38575466938e-05, 2.13961957343e-05, 1.74976903509e-05, 1.21915727505e-05, 1.17509252959e-05, 1.01450368675e-05, 5.22062009622e-06, 3.99866758016e-06, 3.51934272658e-06, 2.38310553868e-06, 2.23123220167e-06, 3.18623710882e-06, 3.9583042053e-06, 2.72663805845e-06, 2.84300108433e-06, 1.89601632883e-06, 1.1126633126e-06, 3.64651882023e-08],
        "min": [4.51251015721e-11, 7.69113800425e-11, 9.80119319038e-11, 5.86140580516e-11, 2.84121857985e-11, 3.88633500381e-11, 4.61560234477e-11, 3.14694936776e-11, 1.22748880504e-10, 1.99737976159e-10, 2.19342960461e-10, 5.43626255123e-10, 3.87708309901e-10, 2.73489592084e-10, 1.44908723909e-10, 2.66602850907e-10, 3.96751131948e-10, 1.07105865843e-10, 1.33171477318e-11, 1.3634880551e-11, 2.25706016377e-11, 2.35725397535e-11, 1.95097254324e-11, 1.49254445608e-11, 1.06811408676e-11, 8.42202522999e-12, 1.53269480441e-11, 1.84021946986e-11, 1.60046229741e-11, 6.43936466649e-12, 3.85006219614e-12, 5.49726193386e-12, 1.09491268049e-12, 1.80584301852e-12, 2.63275295662e-12, 7.41827985758e-13, 3.1961363894e-13, 3.32020354136e-13, 2.72334021653e-13, 3.03257242994e-14],
        "stdev": [0.00261236354709, 0.00394665496424, 0.00122333189938, 0.000391105364542, 0.000401986384531, 0.000592591764871, 0.000520008557942, 0.000436962815002, 0.000347476801835, 0.000536599196494, 0.00055388599867, 0.000484677584609, 0.000788283417933, 0.00052867771592, 0.000208821438719, 0.000260760629317, 0.000136437287438, 0.00016761443112, 0.000204350420972, 0.000111143766844, 8.86125708348e-05, 6.94250047673e-05, 3.41127342836e-05, 3.04289715132e-05, 2.36661398958e-05, 1.70848707057e-05, 1.70447019627e-05, 1.34497768158e-05, 6.26997689324e-06, 5.59734826311e-06, 4.99556244904e-06, 4.71856583317e-06, 4.40201165475e-06, 4.48175842394e-06, 5.27210841028e-06, 3.80750475415e-06, 3.77154174203e-06, 2.87359671347e-06, 2.2581423309e-06, 8.32766744452e-08]
    },
    "melbands128": {
        "max": [0.00234287325293, 0.00917530152947, 0.0301933567971, 0.0358253121376, 0.040624037385, 0.0348855480552, 0.0178336538374, 0.00853095576167, 0.00779291708022, 0.00550305750221, 0.00904832035303, 0.00517574837431, 0.00754043087363, 0.00819974858314, 0.0137783717364, 0.0093058552593, 0.0101376855746, 0.00997686292976, 0.00601428514346, 0.0081157553941, 0.0105134863406, 0.00673346733674, 0.0140250660479, 0.00868616998196, 0.00951056741178, 0.0103827249259, 0.0105772726238, 0.0115185463801, 0.0139826033264, 0.00689551047981, 0.00842216610909, 0.0129721434787, 0.0123847424984, 0.0126395057887, 0.0129449311644, 0.00641272496432, 0.00773444073275, 0.00487299123779, 0.00307594565675, 0.00339117459953, 0.00765581615269, 0.00426262384281, 0.00290333782323, 0.00370993115939, 0.00683016935363, 0.00513912597671, 0.0055603729561, 0.00324001116678, 0.00440298905596, 0.00250271032564, 0.00213461532257, 0.00149586785119, 0.00356989097781, 0.00168304017279, 0.00247420207597, 0.00169427902438, 0.000845723203383, 0.00111955683678, 0.000708057661541, 0.000561508757528, 0.000610646791756, 0.000403306417866, 0.000437373993918, 0.000419275165768, 0.000457466783701, 0.000352957838913, 0.000292984535918, 0.000257483217865, 0.000257509906078, 0.000493542233016, 0.000273182929959, 0.000255434308201, 0.000122053439554, 0.00011433763575, 6.84914921294e-05, 0.000136294591357, 0.000114844428026, 8.36759936647e-05, 7.89512123447e-05, 4.48615719506e-05, 0.000103748607216, 0.000155008790898, 8.49737407407e-05, 0.000125600068714, 0.000150614971062, 0.000152139167767, 6.89062071615e-05, 8.31244178698e-05, 7.16722643119e-05, 6.01432875555e-05, 5.55693659408e-05, 5.3741136071e-05, 4.07659535995e-05, 6.72078531352e-05, 7.41991898394e-05, 4.63767792098e-05, 3.84075538022e-05, 5.86266432947e-05, 8.74478500918e-05, 1.85818153113e-05, 1.57593305516e-07, 3.55511375894e-09, 2.45941245147e-09, 1.1539080802e-09, 6.86383228032e-10, 9.95928783887e-10, 5.1826631875e-10, 1.3582188152e-10, 1.30406754839e-10, 1.25662771855e-10, 1.20834911521e-10, 1.16474857537e-10, 1.12097268967e-10, 1.08423589551e-10, 1.04926449473e-10, 1.01467230451e-10, 9.87326331803e-11, 9.57274259861e-11, 9.30580959513e-11, 9.08253819376e-11, 8.85037945708e-11, 8.66142435552e-11, 8.49988829321e-11, 8.37601030201e-11, 8.23676890582e-11, 8.09789110767e-11, 8.02031080438e-11, 7.9757055127e-11],
        "mean": [0.000160711133503, 0.000723059056327, 0.00179368152749, 0.00225152610801, 0.00203339266591, 0.00171237136237, 0.000968153006397, 0.000454375549452, 0.000244998140261, 0.000184539792826, 0.000263844325673, 0.000292789569357, 0.000189145022887, 0.000216390995774, 0.000366665539332, 0.000327813439071, 0.000320456019836, 0.000223646711675, 0.000209972116863, 0.000225609881454, 0.000212331258808, 0.000137428345624, 0.000104867118353, 0.000156345762662, 0.00025480275508, 0.00033512947266, 0.000226532996749, 0.000271325348876, 0.000281428190647, 0.0001970329904, 0.000235371742747, 0.000316763704177, 0.000353664043359, 0.000551792618353, 0.000308273825794, 9.55777140916e-05, 0.000108661290142, 9.41286489251e-05, 7.77348250267e-05, 9.83884310699e-05, 0.000157565678819, 9.39447490964e-05, 6.25603061053e-05, 8.25027382234e-05, 8.42666777316e-05, 7.02669422026e-05, 6.41851729597e-05, 7.45441357139e-05, 0.000110154316644, 6.87009232934e-05, 6.72340902383e-05, 5.22901609656e-05, 3.82473881473e-05, 3.42417260981e-05, 4.00971875933e-05, 3.2112468034e-05, 2.63908423221e-05, 2.48776632361e-05, 2.14833089558e-05, 2.48972064583e-05, 2.34874351008e-05, 1.63356071425e-05, 1.85494100151e-05, 1.82815347216e-05, 1.54837143782e-05, 1.16879955385e-05, 1.0208979802e-05, 1.13636260721e-05, 1.32362974909e-05, 1.05280405478e-05, 9.82709570962e-06, 1.13779906314e-05, 6.67890481054e-06, 3.84176610169e-06, 3.32515696755e-06, 4.43728822574e-06, 4.15874501414e-06, 3.40257884091e-06, 4.1373368731e-06, 2.67367408924e-06, 2.44969032792e-06, 2.28068074648e-06, 2.03871832127e-06, 2.1290497898e-06, 2.48117225965e-06, 2.58356612903e-06, 3.15827514896e-06, 4.95229051012e-06, 4.35536549048e-06, 3.04987270283e-06, 2.74153853752e-06, 2.63266906586e-06, 2.69926613328e-06, 2.67482187155e-06, 3.4929339563e-06, 1.97522399503e-06, 1.49210040945e-06, 1.67343978319e-06, 1.61297919021e-06, 5.20950379723e-07, 3.82613318806e-09, 2.58064698083e-11, 1.0832234415e-11, 8.96526602956e-12, 8.29061038571e-12, 1.11025858646e-11, 1.04732073708e-11, 6.67992267403e-12, 6.19102208735e-12, 5.93135783544e-12, 5.68191414058e-12, 5.46824217851e-12, 5.24440430319e-12, 5.04412440636e-12, 4.87273719638e-12, 4.73500709128e-12, 4.61330366269e-12, 4.48428577257e-12, 4.39745679107e-12, 4.28219525811e-12, 4.16913899237e-12, 4.09518686323e-12, 4.03295626061e-12, 3.94599890957e-12, 3.74230074013e-12, 3.43304377981e-12, 3.2608638012e-12, 3.22255481848e-12],
        "min": [1.03617869493e-11, 2.11464908084e-11, 2.35726264897e-11, 5.89328585932e-11, 7.39214731094e-11, 9.19436124458e-11, 1.0455722399e-10, 1.03076380764e-10, 8.62299676108e-11, 6.15779024993e-11, 3.86637492855e-11, 2.44548513384e-11, 2.35528350295e-11, 3.47491063701e-11, 4.17371484596e-11, 3.89090010211e-11, 4.06879530068e-11, 5.07145506146e-11, 4.99375679697e-11, 3.36042652038e-11, 1.97020663673e-11, 2.92723068007e-11, 1.04180539195e-10, 2.50775483712e-10, 3.00446112433e-10, 1.4870131515e-10, 4.65488342316e-11, 1.97458494e-10, 3.74403397174e-10, 5.00829544503e-10, 6.19891526998e-10, 6.15203332721e-10, 3.74386188717e-10, 2.13841569452e-10, 2.80495932037e-10, 2.97634028534e-10, 2.66915767266e-10, 1.45319145606e-10, 5.59681433143e-11, 1.09750736277e-10, 3.19983983754e-10, 4.82087481046e-10, 5.00756880406e-10, 3.17000314887e-10, 1.35241498556e-10, 1.01450500778e-10, 2.15666356301e-11, 7.01495111999e-12, 9.38370041392e-12, 1.85763487925e-11, 8.60953235787e-12, 1.57024376141e-11, 2.08975874799e-11, 2.80376832862e-11, 2.50197900592e-11, 2.19390148409e-11, 2.22542661382e-11, 2.2559018889e-11, 1.15340410833e-11, 2.7445545836e-11, 1.58652448817e-11, 4.4722320465e-12, 1.53755671389e-11, 1.27631264932e-11, 2.98050061194e-12, 4.53187444169e-12, 1.19768752208e-11, 2.39385074263e-11, 1.21725823865e-11, 8.77236564639e-12, 1.7300308755e-11, 2.28002373925e-11, 2.86665916699e-11, 8.91285569654e-12, 1.09586168265e-11, 8.45354342083e-12, 3.23243124975e-12, 2.55165376675e-12, 3.15720041257e-12, 5.33431935776e-12, 8.83268631846e-12, 4.42149398691e-12, 1.61619394083e-12, 7.90063652521e-13, 4.03335540964e-13, 3.56017055029e-13, 2.52164218326e-12, 4.46379174943e-12, 2.77566489758e-12, 1.09749991213e-12, 1.40109798763e-12, 4.50496980215e-13, 8.4781567346e-14, 3.17333344931e-13, 3.92489372166e-13, 5.21815229915e-13, 1.0868031735e-13, 4.13371404164e-13, 4.77177704902e-13, 4.76069684163e-14, 6.16444422634e-14, 1.90062673716e-14, 1.13633713509e-14, 3.15777914613e-14, 3.33437772293e-14, 5.6223919292e-14, 2.07025541865e-14, 2.99173392223e-14, 5.22549058603e-14, 1.2751439817e-14, 1.05195215535e-14, 1.95951517816e-14, 7.05144721842e-15, 1.74934428109e-14, 1.43210808067e-14, 4.16987950246e-14, 6.7442091408e-14, 2.19257155021e-14, 6.24681445352e-14, 4.82993941337e-14, 2.01749797153e-14, 1.05022200585e-14, 1.19046999431e-14, 1.47330437509e-14, 1.73356033033e-14, 7.71456263129e-15, 9.46589599985e-16, 3.69369442488e-16],
        "stdev": [0.000310226489091, 0.0013055561576, 0.0040482962504, 0.00519916601479, 0.00514312647283, 0.00389010319486, 0.00184239004739, 0.000881331972778, 0.000504523748532, 0.000376546639018, 0.000554915808607, 0.000547356030438, 0.000416649301769, 0.000529611192178, 0.000825929630082, 0.000763835210819, 0.000803986506071, 0.000632292125374, 0.000533536251169, 0.000599848630372, 0.000531143508852, 0.00038792018313, 0.000441325129941, 0.000523114867974, 0.000660711782984, 0.000885094050318, 0.000562689267099, 0.000798256427515, 0.000875722209457, 0.00060519046383, 0.000662377336994, 0.000949637149461, 0.00104580575135, 0.00150369561743, 0.00110233179294, 0.000349427660694, 0.000467569741886, 0.000282629480353, 0.000207560675335, 0.000244071459747, 0.000465967983473, 0.000272956356639, 0.000148070030264, 0.000200747759663, 0.00025895453291, 0.000231187121244, 0.000285354617517, 0.000226590098464, 0.000382956262911, 0.000203664676519, 0.000150071908138, 0.00010929875134, 0.00013939938799, 0.000102790574601, 0.000138491610414, 9.82935744105e-05, 6.23759115115e-05, 5.15715910296e-05, 4.43763601652e-05, 4.58067843283e-05, 4.70929880976e-05, 3.18864986184e-05, 3.550035035e-05, 3.17395388265e-05, 2.952898285e-05, 2.08964720514e-05, 2.0136250896e-05, 2.12548675336e-05, 2.46856798185e-05, 2.20138645091e-05, 1.74958149728e-05, 1.9329279894e-05, 1.02046260508e-05, 7.26578628019e-06, 5.11546113557e-06, 8.61001080921e-06, 8.23749633128e-06, 5.49799597138e-06, 7.14784982847e-06, 4.3557565732e-06, 5.26279245605e-06, 6.08971822658e-06, 3.9833316805e-06, 4.66690653411e-06, 5.16516183779e-06, 5.11948883286e-06, 4.66182336822e-06, 7.30321653464e-06, 6.37144876237e-06, 5.21380752616e-06, 4.45881460109e-06, 4.12584540754e-06, 4.12452345699e-06, 4.34595403931e-06, 4.89303738505e-06, 3.28155147145e-06, 2.74940452982e-06, 3.32257059199e-06, 3.70252905668e-06, 1.15243949494e-06, 8.17937362285e-09, 1.3669901322e-10, 5.98181087996e-11, 3.02659911022e-11, 2.2233220473e-11, 4.0862136591e-11, 2.98431314383e-11, 1.0913175745e-11, 9.99968424037e-12, 9.49522318411e-12, 9.04715104916e-12, 8.6890069792e-12, 8.37387277575e-12, 8.07342213915e-12, 7.80020926322e-12, 7.54808802267e-12, 7.3169179049e-12, 7.10472089147e-12, 6.93392652323e-12, 6.75772632297e-12, 6.59207974665e-12, 6.441019159e-12, 6.32535690492e-12, 6.23038079461e-12, 6.13715979078e-12, 6.07315153028e-12, 6.02185142029e-12, 5.98959900774e-12]
    },
    "mfcc": {
        "mean": [-630.746154785, 102.217811584, -30.4460163116, 6.30890607834, -8.04064273834, 9.06136131287, -6.68956041336, 15.1668148041, -8.58030700684, 12.9456701279, -10.0987148285, 8.16574764252, -6.30175256729],
        "cov": [[6039.72363281, 352.838165283, 1970.7956543, 1123.39709473, 779.651855469, 430.588409424, 394.972167969, 191.908889771, -49.8216705322, 228.760971069, -84.0977325439, 167.192199707, 153.02305603], [352.838165283, 287.338500977, 247.061386108, 165.149139404, 86.2991943359, 63.6174812317, 80.0575942993, 19.2475967407, -23.202539444, 46.5073013306, -3.65254974365, 16.9952983856, -1.62041199207], [1970.7956543, 247.061386108, 1723.48205566, 807.225219727, 647.888977051, 304.624633789, 237.621704102, 21.2948131561, -57.3806419373, 10.5103063583, -48.8053588867, 122.044700623, 93.6541595459], [1123.39709473, 165.149139404, 807.225219727, 590.490478516, 403.097045898, 150.194992065, 86.5886383057, 18.6380233765, -18.2391471863, 29.1714439392, -33.3443183899, 73.5080337524, 67.0775985718], [779.651855469, 86.2991943359, 647.888977051, 403.097045898, 424.701690674, 137.901092529, 70.0889511108, 9.85113430023, 3.62872982025, 9.78405761719, -32.0607948303, 62.831073761, 64.3856964111], [430.588409424, 63.6174812317, 304.624633789, 150.194992065, 137.901092529, 246.252182007, 137.043273926, 33.2276763916, -4.81058645248, 16.1536521912, -3.17162466049, 23.0671710968, 20.6882362366], [394.972167969, 80.0575942993, 237.621704102, 86.5886383057, 70.0889511108, 137.043273926, 213.530731201, 47.3642120361, -0.746578037739, 27.4870090485, 14.2302350998, 7.20624351501, 20.6920146942], [191.908889771, 19.2475967407, 21.2948131561, 18.6380233765, 9.85113430023, 33.2276763916, 47.3642120361, 102.666397095, 41.4089546204, 27.8996067047, 10.5982046127, 6.73864459991, 4.80740022659], [-49.8216705322, -23.202539444, -57.3806419373, -18.2391471863, 3.62872982025, -4.81058645248, -0.746578037739, 41.4089546204, 111.165641785, 20.8316135406, 16.2907810211, -10.2966756821, -1.48959505558], [228.760971069, 46.5073013306, 10.5103063583, 29.1714439392, 9.78405761719, 16.1536521912, 27.4870090485, 27.8996067047, 20.8316135406, 115.342201233, 31.2734909058, 5.58990716934, 6.98558187485], [-84.0977325439, -3.65254974365, -48.8053588867, -33.3443183899, -32.0607948303, -3.17162466049, 14.2302350998, 10.5982046127, 16.2907810211, 31.2734909058, 91.5798950195, 11.6306018829, 0.504417717457], [167.192199707, 16.9952983856, 122.044700623, 73.5080337524, 62.831073761, 23.0671710968, 7.20624351501, 6.73864459991, -10.2966756821, 5.58990716934, 11.6306018829, 82.1261444092, 28.5298213959], [153.02305603, -1.62041199207, 93.6541595459, 67.0775985718, 64.3856964111, 20.6882362366, 20.6920146942, 4.80740022659, -1.48959505558, 6.98558187485, 0.504417717457, 28.5298213959, 72.3351821899]],
        "icov": [[0.000341041537467, 0.000147694881889, -0.000252289522905, -0.000325897504808, 0.00012892849918, 1.69515587913e-05, -0.000164968892932, -0.000442281772848, 0.000215434251004, -0.000632380251773, 0.000376638519811, -8.11532590888e-05, -3.74345290766e-05], [0.000147694881889, 0.00509917363524, -0.000144145466038, -0.00174443994183, 0.000609490089118, 0.000296571641229, -0.00157256016973, -0.000361555750715, 0.0011524646543, -0.00200295075774, 0.000657744007185, -0.000409101921832, 0.0018265331164], [-0.000252289522905, -0.000144145466038, 0.0023620033171, -0.00160079379566, -0.00143506249879, -0.000159887698828, -0.0011808462441, 0.000620668928605, 0.000427987368312, 0.00101537455339, -0.0003140111221, -0.000555415637791, 0.000708409352228], [-0.000325897504808, -0.00174443994183, -0.00160079379566, 0.00756677938625, -0.00375682022423, -0.000195482978597, 0.00156263553072, -0.000326099223457, 0.000175184468389, -0.000347624474671, 0.000111553832539, -8.71063166414e-05, -0.00124857376795], [0.00012892849918, 0.000609490089118, -0.00143506249879, -0.00375682022423, 0.00866235699505, -0.0014093760401, 0.000686617277097, 0.000846426584758, -0.00211610039696, -0.000132631656015, 0.00134431419428, -0.000957812473644, -0.0021396484226], [1.69515587913e-05, 0.000296571641229, -0.000159887698828, -0.000195482978597, -0.0014093760401, 0.00744962785393, -0.00416401168332, -0.000562802306376, 0.000422787939897, -9.19033336686e-05, 0.000376950047212, -0.000616918609012, 0.000969747896306], [-0.000164968892932, -0.00157256016973, -0.0011808462441, 0.00156263553072, 0.000686617277097, -0.00416401168332, 0.00956712849438, -0.00261616241187, 0.00050766923232, -3.71952883143e-05, -0.00170425733086, 0.00218728557229, -0.00242629484273], [-0.000442281772848, -0.000361555750715, 0.000620668928605, -0.000326099223457, 0.000846426584758, -0.000562802306376, -0.00261616241187, 0.0143904406577, -0.00549839250743, -0.000820023939013, 0.000305650115479, -0.0018890989013, 0.000334792770445], [0.000215434251004, 0.0011524646543, 0.000427987368312, 0.000175184468389, -0.00211610039696, 0.000422787939897, 0.00050766923232, -0.00549839250743, 0.0124615551904, -0.00159689295106, -0.00158559402917, 0.00219637411647, 0.000391939014662], [-0.000632380251773, -0.00200295075774, 0.00101537455339, -0.000347624474671, -0.000132631656015, -9.19033336686e-05, -3.71952883143e-05, -0.000820023939013, -0.00159689295106, 0.0124187525362, -0.0042195180431, 0.000573181197979, -0.000918718229514], [0.000376638519811, 0.000657744007185, -0.0003140111221, 0.000111553832539, 0.00134431419428, 0.000376950047212, -0.00170425733086, 0.000305650115479, -0.00158559402917, -0.0042195180431, 0.0140531016514, -0.00357678905129, 0.000371460162569], [-8.11532590888e-05, -0.000409101921832, -0.000555415637791, -8.71063166414e-05, -0.000957812473644, -0.000616918609012, 0.00218728557229, -0.0018890989013, 0.00219637411647, 0.000573181197979, -0.00357678905129, 0.0167076457292, -0.00508361589164], [-3.74345290766e-05, 0.0018265331164, 0.000708409352228, -0.00124857376795, -0.0021396484226, 0.000969747896306, -0.00242629484273, 0.000334792770445, 0.000391939014662, -0.000918718229514, 0.000371460162569, -0.00508361589164, 0.0185834690928]]
    },
    "spectral_contrast_coeffs": {
        "max": [-0.502697050571, -0.469199746847, -0.493538588285, -0.589615523815, -0.650756537914, -0.622831821442],
        "mean": [-0.745898663998, -0.758821547031, -0.743974328041, -0.787844598293, -0.786526679993, -0.714242935181],
        "min": [-0.934203267097, -0.939239263535, -0.943718910217, -0.923047244549, -0.940210342407, -0.865497708321],
        "stdev": [0.0644782185555, 0.072087071836, 0.0856086090207, 0.0576971545815, 0.0393191762269, 0.0272988732904]
    },
    "spectral_contrast_valleys": {
        "max": [-5.04153633118, -4.64258289337, -5.28233528137, -5.90500354767, -5.9752831459, -8.47149181366],
        "mean": [-7.35655403137, -6.73688316345, -6.92947292328, -7.04208517075, -7.25246047974, -10.520655632],
        "min": [-14.0024757385, -12.9735736847, -12.3008327484, -13.1097240448, -13.2094898224, -16.2670001984],
        "stdev": [1.60147571564, 0.686075389385, 0.57759976387, 0.500106334686, 0.614942789078, 0.9145206213]
    }
},
"rhythm": {
    "beats_count": 95,
    "beats_loudness": {
        "max": 0.110268265009,
        "mean": 0.0549774765968,
        "min": 0.000141254073242,
        "stdev": 0.0337216295302
    },
    "bpm": 136.556274414,
    "bpm_histogram_first_peak_bpm": 136,
    "bpm_histogram_first_peak_weight": 0.323529362679,
    "bpm_histogram_second_peak_bpm": 123,
    "bpm_histogram_second_peak_spread": 0.478260874748,
    "bpm_histogram_second_peak_weight": 0.127659574151,
    "danceability": 1.10557222366,
    "onset_rate": 3.19606542587,
    "beats_loudness_band_ratio": {
        "max": [0.943959832191, 0.376267582178, 0.503350436687, 0.872102439404, 0.553605616093, 0.165439739823],
        "mean": [0.496582597494, 0.0330822058022, 0.11095187813, 0.217057943344, 0.128243923187, 0.0331293866038],
        "min": [0.000270696124062, 0.000478545262013, 0.00480423821136, 0.00708636082709, 0.00567769818008, 0.00925435684621],
        "stdev": [0.336695671082, 0.0522536039352, 0.124980665743, 0.190027028322, 0.135864421725, 0.0230074934661]
    },
