{
"metadata": {
    "version": {
        "essentia": "2.1-beta5",
        "essentia_git_sha": "Undefined",
        "extractor": "music 2.0"
    },
    "audio_properties": {
        "analysis": {
            "equal_loudness": 0,
            "length": 35.9909286499,
            "sample_rate": 44100,
            "start_time": 29.0017242432,
            "downmix": "mix"
        },
        "bit_rate": 192000,
        "length": 237.609817505,
        "lossless": 0,
        "number_channels": 2,
        "replay_gain": -0.407705307007,
        "sample_rate": 48000,
        "codec": "mp3",
        "md5_encoded": "ea133a65091930f3f525fed953acaacc"
    },
    "tags": {
        "file_name": "Germany_Satellite_Lena.mp3",
        "encoding": ["Lavf58.29.100"]
    }
},
"lowlevel": {
    "average_loudness": 0.919873774052,
    "barkbands_crest": {
        "max": 25.0015563965,
        "mean": 10.9058561325,
        "min": 2.46379160881,
        "stdev": 5.38820695877
    },
    "barkbands_flatness_db": {
        "max": 0.36382189393,
        "mean": 0.168720290065,
        "min": 0.0537624247372,
        "stdev": 0.054756000638
    },
    "barkbands_kurtosis": {
        "max": 160.63508606,
        "mean": 6.65815973282,
        "min": -1.80117058754,
        "stdev": 15.9595899582
    },
    "barkbands_skewness": {
        "max": 10.746090889,
        "mean": 1.57708621025,
        "min": -5.5405216217,
        "stdev": 1.76847374439
    },
    "barkbands_spread": {
        "max": 86.1836395264,
        "mean": 19.0996494293,
        "min": 1.02572059631,
        "stdev": 12.1712331772
    },
    "dissonance": {
        "max": 0.499999970198,
        "mean": 0.472940683365,
        "min": 0.283490478992,
        "stdev": 0.0278494749218
    },
    "dynamic_complexity": 2.64598655701,
    "erbbands_crest": {
        "max": 30.8985958099,
        "mean": 8.790102005,
        "min": 2.54388856888,
        "stdev": 4.40272331238
    },
    "erbbands_flatness_db": {
        "max": 0.33924600482,
        "mean": 0.183929979801,
        "min": 0.076771453023,
        "stdev": 0.0485648438334
    },
    "erbbands_kurtosis": {
        "max": 62.558883667,
        "mean": 0.818580150604,
        "min": -1.68550312519,
        "stdev": 3.44400620461
    },
    "erbbands_skewness": {
        "max": 6.49305057526,
        "mean": 0.524002254009,
        "min": -4.29738998413,
        "stdev": 0.767312943935
    },
    "erbbands_spread": {
        "max": 105.326332092,
        "mean": 32.4544334412,
        "min": 2.7802836895,
        "stdev": 17.5417308807
    },
    "hfc": {
        "max": 158.762786865,
        "mean": 16.0424385071,
        "min": 0.425057381392,
        "stdev": 17.5760746002
    },
    "loudness_ebu128": {
        "integrated": -24.1654644012,
        "loudness_range": 3.52121353149,
        "momentary": {
            "max": -21.2931880951,
            "mean": -24.515619278,
            "min": -30.2153491974,
            "stdev": 1.86418020725
        },
        "short_term": {
            "max": -22.5228710175,
            "mean": -24.2255306244,
            "min": -27.2052593231,
            "stdev": 1.19397354126
        }
    },
    "melbands_crest": {
        "max": 34.8519744873,
        "mean": 15.2797803879,
        "min": 3.84124135971,
        "stdev": 7.29901218414
    },
    "melbands_flatness_db": {
        "max": 0.448014706373,
        "mean": 0.184796020389,
        "min": 0.0279064122587,
        "stdev": 0.0814630612731
    },
    "melbands_kurtosis": {
        "max": 373.254302979,
        "mean": 17.2253818512,
        "min": -1.67735815048,
        "stdev": 37.7285232544
    },
    "melbands_skewness": {
        "max": 17.1784553528,
        "mean": 2.4569041729,
        "min": -1.74040269852,
        "stdev": 2.40974164009
    },
    "melbands_spread": {
        "max": 204.10206604,
        "mean": 24.1797733307,
        "min": 0.689013779163,
        "stdev": 18.4875431061
    },
    "pitch_salience": {
        "max": 0.866278707981,
        "mean": 0.568603754044,
        "min": 0.0998014956713,
        "stdev": 0.166757777333
    },
    "silence_rate_20dB": {
        "max": 1,
        "mean": 1,
        "min": 1,
        "stdev": 0
    },
    "silence_rate_30dB": {
        "max": 1,
        "mean": 0.986460328102,
        "min": 0,
        "stdev": 0.115569211543
    },
    "silence_rate_60dB": {
        "max": 1,
        "mean": 0.029658285901,
        "min": 0,
        "stdev": 0.169642880559
    },
    "spectral_centroid": {
        "max": 6512.76660156,
        "mean": 1499.07543945,
        "min": 267.37399292,
        "stdev": 600.841369629
    },
    "spectral_complexity": {
        "max": 55,
        "mean": 17.803352356,
        "min": 0,
        "stdev": 10.0246343613
    },
    "spectral_decrease": {
        "max": -4.56915894009e-11,
        "mean": -6.02065242106e-09,
        "min": -4.79666155684e-08,
        "stdev": 7.22985404877e-09
    },
    "spectral_energy": {
        "max": 0.185993209481,
        "mean": 0.0241784416139,
        "min": 0.000224739342229,
        "stdev": 0.0279728770256
    },
    "spectral_energyband_high": {
        "max": 0.0146844768897,
        "mean": 0.000561892637052,
        "min": 1.07154010038e-05,
        "stdev": 0.00120442186017
    },
    "spectral_energyband_low": {
        "max": 0.131932273507,
        "mean": 0.0115660475567,
        "min": 4.33321162063e-07,
        "stdev": 0.0217886790633
    },
    "spectral_energyband_middle_high": {
        "max": 0.0398812107742,
        "mean": 0.00495034363121,
        "min": 6.3528183091e-05,
        "stdev": 0.00507429009303
    },
    "spectral_energyband_middle_low": {
        "max": 0.124688364565,
        "mean": 0.00834761932492,
        "min": 4.6426706831e-05,
        "stdev": 0.0145266344771
    },
    "spectral_entropy": {
        "max": 8.70750617981,
        "mean": 7.72342395782,
        "min": 5.60892772675,
        "stdev": 0.358573973179
    },
    "spectral_flux": {
        "max": 0.406522125006,
        "mean": 0.0925087556243,
        "min": 0.00967904925346,
        "stdev": 0.0651588439941
    },
    "spectral_kurtosis": {
        "max": 16.993724823,
        "mean": 3.95370101929,
        "min": -1.15561926365,
        "stdev": 1.8991382122
    },
    "spectral_rms": {
        "max": 0.0134705901146,
        "mean": 0.00428695045412,
        "min": 0.000468249811092,
        "stdev": 0.00228271191008
    },
    "spectral_rolloff": {
        "max": 11541.796875,
        "mean": 1558.4309082,
        "min": 64.599609375,
        "stdev": 1243.55493164
    },
    "spectral_skewness": {
        "max": 3.4798579216,
        "mean": 1.5392935276,
        "min": -0.337031960487,
        "stdev": 0.329002290964
    },
    "spectral_spread": {
        "max": 12566001,
        "mean": 4270075,
        "min": 1562753.5,
        "stdev": 1152606.25
    },
    "spectral_strongpeak": {
        "max": 11.6859540939,
        "mean": 0.792904138565,
        "min": 0,
        "stdev": 0.950666666031
    },
    "zerocrossingrate": {
        "max": 0.38623046875,
        "mean": 0.0616544000804,
        "min": 0.00439453125,
        "stdev": 0.0341365747154
    },
    "barkbands": {
        "max": [0.0102845374495, 0.120246320963, 0.053140271455, 0.0750609859824, 0.0271000154316, 0.0397518277168, 0.0536721125245, 0.0675738602877, 0.0430250652134, 0.0134472856298, 0.00650957738981, 0.0258641131222, 0.0068873190321, 0.00784570816904, 0.0144962314516, 0.00885312724859, 0.0089846663177, 0.0092399707064, 0.0126209491864, 0.00521987117827, 0.00280746025965, 0.00232314271852, 0.00448892591521, 0.00344870123081, 0.01336347498, 6.93925585438e-06, 6.12445955994e-06],
        "mean": [0.000558560481295, 0.0081615941599, 0.0018041630974, 0.00172387098428, 0.00104999030009, 0.00172903470229, 0.000519281020388, 0.00126483780332, 0.00162944360636, 0.0011814434547, 0.00060392805608, 0.000448085571406, 0.00046607281547, 0.000508595607243, 0.00047318378347, 0.000322365667671, 0.000419679272454, 0.000363842933439, 0.000309425959131, 0.000183324416867, 0.000136259404826, 8.93366304808e-05, 0.000102763260657, 6.86035564286e-05, 6.07366782788e-05, 1.75464780483e-08, 5.5217013184e-09],
        "min": [1.41740630344e-09, 3.79421116747e-08, 6.7880222332e-08, 8.38384579538e-08, 1.9144961243e-06, 8.99885435501e-07, 4.66986307401e-07, 5.93858771936e-07, 2.45241517405e-06, 1.39749374739e-06, 4.41631527792e-07, 1.22199332964e-06, 2.10660368793e-06, 3.044801133e-06, 4.24013387601e-06, 3.14936437462e-06, 4.88854993819e-06, 3.43881470144e-06, 1.56681915087e-06, 1.80750521395e-06, 2.03601052817e-06, 1.03368608961e-06, 1.12177838218e-06, 1.18499121982e-06, 1.24824168779e-06, 1.58695306895e-10, 1.30117291941e-10],
        "stdev": [0.00116595928557, 0.0179330632091, 0.00480622332543, 0.0072801890783, 0.00237638200633, 0.00472353817895, 0.0022826178465, 0.00468827784061, 0.00246498198248, 0.00182752590626, 0.000827489071526, 0.00114603620023, 0.000588633469306, 0.000662739330437, 0.000836768653244, 0.000509819015861, 0.000729274528567, 0.000688872882165, 0.000960012141149, 0.000416847731685, 0.000300201238133, 0.000214799161768, 0.000296728481771, 0.000177847468876, 0.000382223137422, 1.82847315955e-07, 1.57087001185e-07]
    },
    "erbbands": {
        "max": [5.88524961472, 24.7275829315, 40.4194107056, 163.12689209, 127.061302185, 101.641716003, 241.96383667, 428.687805176, 1016.44946289, 618.26361084, 1863.24279785, 661.987121582, 494.55090332, 483.751220703, 215.584197998, 1279.78808594, 362.604919434, 522.903930664, 759.754150391, 369.189147949, 492.590301514, 554.893920898, 346.882720947, 468.136383057, 867.819641113, 217.496444702, 141.072769165, 99.8615570068, 75.6588973999, 95.3158569336, 144.155654907, 69.9659194946, 58.6398277283, 155.527053833, 80.9247894287, 4.93711566925, 0.125504046679, 0.00798591226339, 0.00100188725628, 0.000236130828853],
        "mean": [0.330351501703, 1.44458806515, 2.02580666542, 4.66096019745, 3.43155241013, 3.68835067749, 9.65227603912, 15.1185283661, 7.38828611374, 12.2100105286, 33.7802886963, 37.3552589417, 41.3331298828, 31.6712379456, 21.909236908, 19.1376628876, 21.0561313629, 28.0071659088, 25.3403396606, 22.4958572388, 17.9111652374, 22.482049942, 19.2259845734, 17.9916362762, 13.6487207413, 9.12988567352, 6.81444454193, 4.42611503601, 3.2016787529, 3.3297522068, 2.7117562294, 1.49281287193, 1.22218191624, 0.790179252625, 0.363974153996, 0.0264216270298, 0.000688516069204, 5.13726990903e-05, 1.97655936063e-05, 2.97841997963e-05],
        "min": [1.82840244634e-06, 7.78574212745e-06, 0.000101659665233, 0.000615618715528, 0.0021833088249, 0.00421018665656, 0.0175636876374, 0.0323230363429, 0.0260409861803, 0.0294874720275, 0.0585722029209, 0.0661124587059, 0.0420615263283, 0.0513415746391, 0.0521347001195, 0.0731964632869, 0.145606398582, 0.190900191665, 0.115823812783, 0.27620446682, 0.145722597837, 0.254099547863, 0.218013644218, 0.126820355654, 0.0825075060129, 0.0868634656072, 0.0830274894834, 0.063109152019, 0.0450983755291, 0.0307722408324, 0.0308866426349, 0.0212418530136, 0.0210194252431, 0.0173501353711, 0.0044069532305, 0.000206132390304, 7.59439990361e-06, 9.47816658936e-07, 4.93650929911e-07, 4.95980998494e-07],
        "stdev": [0.700123548508, 3.38395261765, 4.35098838806, 18.031036377, 11.9351425171, 8.3204870224, 24.4474048615, 45.5609474182, 40.461681366, 36.5309371948, 125.990203857, 52.5573654175, 62.8826789856, 43.916973114, 28.0847225189, 51.862285614, 26.11195755, 37.619808197, 41.8585281372, 36.4733085632, 29.2709980011, 37.0872917175, 30.4052371979, 42.0078964233, 46.9894752502, 20.8963813782, 14.4289875031, 9.89649200439, 7.43615722656, 9.55795478821, 7.9015045166, 3.72392177582, 3.53283309937, 4.74436426163, 2.21933746338, 0.137559011579, 0.00351369194686, 0.000248228549026, 4.01303368562e-05, 3.24891661876e-05]
    },
    "gfcc": {
        "mean": [-29.5010871887, 90.5201187134, -152.78767395, 37.6161575317, -68.902557373, 31.1010971069, -38.3162689209, 20.8728866577, -14.5214099884, -3.27180361748, -7.01451444626, -12.5616264343, 4.00854587555],
        "cov": [[2224.34936523, 232.124664307, 125.570220947, 238.999237061, -9.40181064606, -40.5022621155, 74.6243286133, -1.76560306549, -34.7377738953, -20.4145278931, 7.4656496048, 19.1939468384, 30.0879192352], [232.124664307, 1011.75494385, 883.118286133, 394.834197998, 334.742156982, 29.9562530518, 157.73979187, 8.19715309143, 122.066825867, 33.0911865234, 109.860977173, -48.1064872742, 46.2870330811], [125.570220947, 883.118286133, 1820.46728516, 883.484130859, 425.356384277, 32.7601661682, -43.0135269165, 79.0678405762, 124.999061584, 207.094055176, 156.311004639, 48.8323898315, 59.3484230042], [238.999237061, 394.834197998, 883.484130859, 687.62701416, 292.473266602, -7.94664430618, -25.5837898254, 24.0534229279, 87.2110977173, 122.195594788, 106.119285583, 37.6417312622, 39.8752632141], [-9.40181064606, 334.742156982, 425.356384277, 292.473266602, 343.439880371, 86.3733596802, 87.8761367798, 66.5444793701, 76.0329589844, 72.7917556763, 58.8330078125, -2.57725214958, 31.8880577087], [-40.5022621155, 29.9562530518, 32.7601661682, -7.94664430618, 86.3733596802, 314.737030029, 133.429351807, 13.1908798218, 27.2781734467, -19.6576633453, -20.821346283, -1.86716389656, -33.0369911194], [74.6243286133, 157.73979187, -43.0135269165, -25.5837898254, 87.8761367798, 133.429351807, 227.378509521, 51.558921814, 50.4560585022, -14.5543699265, 11.688243866, -22.0434474945, -0.902266323566], [-1.76560306549, 8.19715309143, 79.0678405762, 24.0534229279, 66.5444793701, 13.1908798218, 51.558921814, 149.609741211, 63.8921508789, 43.4083709717, 3.28090310097, 5.85831069946, 13.2958278656], [-34.7377738953, 122.066825867, 124.999061584, 87.2110977173, 76.0329589844, 27.2781734467, 50.4560585022, 63.8921508789, 127.947723389, 46.9088554382, 35.3675308228, -1.71020495892, 15.6918182373], [-20.4145278931, 33.0911865234, 207.094055176, 122.195594788, 72.7917556763, -19.6576633453, -14.5543699265, 43.4083709717, 46.9088554382, 119.477478027, 51.8597869873, 24.7079238892, 20.7028179169], [7.4656496048, 109.860977173, 156.311004639, 106.119285583, 58.8330078125, -20.821346283, 11.688243866, 3.28090310097, 35.3675308228, 51.8597869873, 112.940483093, 34.1296234131, 33.403503418], [19.1939468384, -48.1064872742, 48.8323898315, 37.6417312622, -2.57725214958, -1.86716389656, -22.0434474945, 5.85831069946, -1.71020495892, 24.7079238892, 34.1296234131, 74.7299346924, 34.6053657532], [30.0879192352, 46.2870330811, 59.3484230042, 39.8752632141, 31.8880577087, -33.0369911194, -0.902266323566, 13.2958278656, 15.6918182373, 20.7028179169, 33.403503418, 34.6053657532, 72.3823699951]],
        "icov": [[0.000584984198213, -0.000511033926159, 0.000427442544606, -0.000817735097371, 0.000714657013305, -0.00013567134738, -0.000152807260747, -0.000533114012796, 0.000758751004469, -0.00028562603984, 0.000299433537293, -0.000264988775598, -0.00019138972857], [-0.000511033926159, 0.00525088841096, -0.00342117412947, 0.00260734022595, -0.00323688588105, 0.00241392618045, -0.00346879428253, 0.00390910310671, -0.00358658819459, 0.00396297639236, -0.00169478228781, 0.00287917605601, -0.000960521341767], [0.000427442544606, -0.00342117412947, 0.00385534903035, -0.00364860123955, 0.0020374506712, -0.00208176765591, 0.00273404759355, -0.0031745696906, 0.00279124919325, -0.00319428741932, 0.000647523440421, -0.0011920632096, 0.000208035446121], [-0.000817735097371, 0.00260734022595, -0.00364860123955, 0.00701908254996, -0.00456065498292, 0.00214483612217, -0.000853968667798, 0.00380564946681, -0.00375570682809, 0.0018029109342, -0.00108402164187, -0.000653459050227, 0.00118703371845], [0.000714657013305, -0.00323688588105, 0.0020374506712, -0.00456065498292, 0.0093167796731, -0.00324777956121, 0.000372454174794, -0.00428125448525, 0.00323503976688, -0.00369786354713, 0.000135257825605, 0.00191752589308, -0.00280390214175], [-0.00013567134738, 0.00241392618045, -0.00208176765591, 0.00214483612217, -0.00324777956121, 0.00689436774701, -0.00490975659341, 0.00343647762202, -0.0028950558044, 0.00246879225597, 0.00152480229735, -0.00302972923964, 0.0035894792527], [-0.000152807260747, -0.00346879428253, 0.00273404759355, -0.000853968667798, 0.000372454174794, -0.00490975659341, 0.0111238118261, -0.004867548123, 0.000879857048858, -0.00050389918033, -0.0019767198246, 0.00140066887252, -0.000665807863697], [-0.000533114012796, 0.00390910310671, -0.0031745696906, 0.00380564946681, -0.00428125448525, 0.00343647762202, -0.004867548123, 0.0139568159357, -0.00732402969152, -0.000114510519779, 0.00271030748263, -0.00113485730253, -2.92491567961e-05], [0.000758751004469, -0.00358658819459, 0.00279124919325, -0.00375570682809, 0.00323503976688, -0.0028950558044, 0.000879857048858, -0.00732402969152, 0.0159058291465, -0.0051863193512, -0.00169588916469, 0.0021412903443, -0.00183766824193], [-0.00028562603984, 0.00396297639236, -0.00319428741932, 0.0018029109342, -0.00369786354713, 0.00246879225597, -0.00050389918033, -0.000114510519779, -0.0051863193512, 0.017864022404, -0.00534669682384, -0.000256347295363, 0.000585880770814], [0.000299433537293, -0.00169478228781, 0.000647523440421, -0.00108402164187, 0.000135257825605, 0.00152480229735, -0.0019767198246, 0.00271030748263, -0.00169588916469, -0.00534669682384, 0.0163950640708, -0.0070111611858, -0.00117776961997], [-0.000264988775598, 0.00287917605601, -0.0011920632096, -0.000653459050227, 0.00191752589308, -0.00302972923964, 0.00140066887252, -0.00113485730253, 0.0021412903443, -0.000256347295363, -0.0070111611858, 0.0257271453738, -0.0118505638093], [-0.00019138972857, -0.000960521341767, 0.000208035446121, 0.00118703371845, -0.00280390214175, 0.0035894792527, -0.000665807863697, -2.92491567961e-05, -0.00183766824193, 0.000585880770814, -0.00117776961997, -0.0118505638093, 0.0229954440147]]
    },
    "melbands": {
        "max": [0.0416410453618, 0.0176865700632, 0.0270423926413, 0.00556450011209, 0.00618405966088, 0.00876312237233, 0.0129704279825, 0.0092785814777, 0.0142245385796, 0.00414075236768, 0.00248837610707, 0.00193666631822, 0.000895836856216, 0.00202617258765, 0.00249606906436, 0.000698591116816, 0.000891239964403, 0.00102715205867, 0.000889691582415, 0.000599273014814, 0.000498290522955, 0.000728179991711, 0.000257839477854, 0.000624948006589, 0.000446760881459, 0.000603516993579, 0.000366951775504, 0.000159639283083, 8.62733140821e-05, 6.92713947501e-05, 6.08962691331e-05, 4.33413260907e-05, 4.64958429802e-05, 6.47584456601e-05, 0.000101578807516, 5.40281289432e-05, 3.7286132283e-05, 4.21151598857e-05, 0.000111122870294, 0.000120346070617],
        "mean": [0.00256250356324, 0.00133300153539, 0.000751842046157, 0.000218774570385, 0.000312828167807, 0.000329273811076, 0.000109088337922, 0.000150068313815, 0.00027992669493, 0.000237339889281, 0.000204059237149, 0.000130009590066, 7.98976470833e-05, 4.87568868266e-05, 4.58421345684e-05, 5.19071400049e-05, 5.07454424223e-05, 4.05594437325e-05, 3.27653469867e-05, 2.64048194367e-05, 2.0022447643e-05, 2.36485175265e-05, 1.97247518372e-05, 1.76848552655e-05, 1.41286136568e-05, 1.17219115054e-05, 7.01918361301e-06, 5.93171353103e-06, 4.73315867566e-06, 2.93390530715e-06, 2.4253099582e-06, 1.75840023076e-06, 1.73342709786e-06, 1.93459572984e-06, 1.68988663063e-06, 1.20892843825e-06, 7.73363638018e-07, 8.32626483316e-07, 8.09006166946e-07, 6.19007266778e-07],
        "min": [1.65803459851e-08, 4.61388438566e-08, 1.69549963402e-07, 3.6461042896e-07, 4.27661376534e-07, 3.49247272879e-07, 1.36975785381e-07, 2.85692408397e-07, 3.58849860049e-07, 3.75122880314e-07, 1.9772771509e-07, 1.82506340707e-07, 1.4590516173e-07, 1.0548050966e-07, 2.19879026986e-07, 3.21522435343e-07, 3.10018435812e-07, 1.36748965929e-07, 3.20161007039e-07, 2.2717625825e-07, 1.10091683325e-07, 2.77633120049e-07, 2.15464410758e-07, 1.50617793793e-07, 7.93632324303e-08, 5.21061380709e-08, 3.15177928201e-08, 5.88717483652e-08, 3.31699716583e-08, 5.1755954189e-08, 3.12085433052e-08, 2.33561223695e-08, 1.26919932342e-08, 1.52903449901e-08, 1.83193620273e-08, 1.50296912693e-08, 7.67118812917e-09, 1.36395925665e-08, 1.28916042286e-08, 1.41996148173e-08],
        "stdev": [0.00551911722869, 0.00268164044246, 0.00281579373404, 0.000538986525498, 0.000744859687984, 0.000975431292318, 0.000540889392141, 0.000459943752503, 0.00102362700272, 0.000326965149725, 0.000318853795761, 0.000185779223102, 0.00010765738989, 9.59270473686e-05, 0.00011481418187, 6.88064028509e-05, 6.84886908857e-05, 6.52226954116e-05, 5.41638546565e-05, 4.47207021352e-05, 3.50446280208e-05, 4.32241322414e-05, 2.90676834993e-05, 3.80030105589e-05, 3.53538562194e-05, 4.29097854067e-05, 2.31304511544e-05, 1.43745655805e-05, 1.02065177998e-05, 6.16957549937e-06, 5.78571143706e-06, 4.01097167924e-06, 4.49339768238e-06, 5.96555037191e-06, 5.60609669265e-06, 2.83785470856e-06, 2.02001228899e-06, 2.26571364692e-06, 3.73346301785e-06, 3.8631346797e-06]
    },
    "melbands128": {
        "max": [0.00951842498034, 0.0540121234953, 0.0552616976202, 0.0390851348639, 0.0157362949103, 0.0309872254729, 0.0388992205262, 0.0348386652768, 0.0101915420964, 0.0043532345444, 0.00609363149852, 0.00856487359852, 0.0105772428215, 0.0102479625493, 0.0145685160533, 0.0199813172221, 0.0290688499808, 0.0100365085527, 0.00922368746251, 0.00896774046123, 0.0197460651398, 0.018660761416, 0.0268017221242, 0.0176052097231, 0.00719239143655, 0.0040976209566, 0.00802955217659, 0.0041969390586, 0.00254538306035, 0.00191800808534, 0.0034926335793, 0.00167192530353, 0.00144077371806, 0.000820936111268, 0.00243066367693, 0.00149137771223, 0.00806712172925, 0.00368467532098, 0.00124466512352, 0.00120423862245, 0.00112734851427, 0.00278372550383, 0.000999383511953, 0.00143170054071, 0.000550815078896, 0.00135820114519, 0.00337182194926, 0.000885991204996, 0.00115536211524, 0.000923962506931, 0.000798315799329, 0.00196846807376, 0.000726805243175, 0.00101510575041, 0.000765919976402, 0.00135230622254, 0.000710814492777, 0.000365223997505, 0.00051746761892, 0.000666825973894, 0.00109741196502, 0.00138174148742, 0.000829526339658, 0.000686513958499, 0.00116889714263, 0.00126790907234, 0.00163038587198, 0.000867625523824, 0.00033918346162, 0.000393384543713, 0.000271455588518, 0.000146597667481, 0.000153271772433, 0.000114966482215, 0.000111847453809, 8.47147821332e-05, 6.39632562525e-05, 5.61735796509e-05, 9.12280738703e-05, 4.18680501753e-05, 4.69374281238e-05, 4.07636034652e-05, 4.34306894022e-05, 5.82977008889e-05, 4.78827751067e-05, 6.5498832555e-05, 7.55506625865e-05, 0.000155792426085, 0.000149720552145, 6.53733732179e-05, 5.09391611558e-05, 5.33517377335e-05, 6.87834253768e-05, 3.06224501401e-05, 3.88971857319e-05, 4.93197330798e-05, 3.56810123776e-05, 6.69244909659e-05, 7.16230351827e-05, 0.000252257159445, 0.000206656215596, 6.84953483869e-05, 7.68552054069e-05, 9.03153049876e-05, 0.000157108806889, 7.46231162339e-05, 2.36462983594e-05, 7.43723376218e-08, 5.25046566224e-08, 4.61614213521e-08, 4.21168238063e-08, 3.8990769724e-08, 3.6674617121e-08, 3.46841559917e-08, 3.29503002661e-08, 3.14537160762e-08, 3.02128704277e-08, 2.90817752102e-08, 2.81431677962e-08, 2.72671467627e-08, 2.63829154079e-08, 2.57320049712e-08, 2.51448923905e-08, 2.46127314085e-08, 2.42636328807e-08, 2.39439561511e-08, 2.3716181019e-08, 2.35647998892e-08],
        "mean": [0.000527560943738, 0.00287046376616, 0.00343137234449, 0.00201006280258, 0.00102768221404, 0.000922896317206, 0.00104110839311, 0.000740076298825, 0.000278605526546, 0.000143374898471, 0.00020047534781, 0.000254502228927, 0.000315581157338, 0.0004202084383, 0.00042808271246, 0.000226258373004, 0.000125104968902, 7.71246559452e-05, 9.55777286435e-05, 0.000138118950417, 0.000145666344906, 0.000273998361081, 0.000356455071596, 0.000198818670469, 0.000242844602326, 0.000234757084399, 0.000254584854702, 0.000207198507269, 0.000157526679686, 0.000154214649228, 0.000112249435915, 9.68736130744e-05, 8.87997084646e-05, 6.11700379523e-05, 4.21724143962e-05, 4.49952713097e-05, 5.88600232732e-05, 4.79964473925e-05, 3.51147318725e-05, 4.38977913291e-05, 5.63701833016e-05, 6.30297581665e-05, 5.3359362937e-05, 4.6074794227e-05, 3.50671289198e-05, 4.53610264231e-05, 3.93602349504e-05, 2.9365564842e-05, 3.16260593536e-05, 3.28923633788e-05, 2.46180024988e-05, 2.26983011089e-05, 1.64494103956e-05, 1.95509819605e-05, 2.66566094069e-05, 2.1349374947e-05, 2.44825096161e-05, 2.45948249358e-05, 1.63432887348e-05, 1.33799221658e-05, 1.91101371456e-05, 2.02695955522e-05, 1.4025409655e-05, 1.22391556943e-05, 1.45552712638e-05, 1.19413280117e-05, 1.02209669421e-05, 8.70350686455e-06, 5.71100463276e-06, 5.47686249774e-06, 6.49089133731e-06, 5.83866358284e-06, 5.08025459567e-06, 5.22342133991e-06, 3.28303826791e-06, 3.05351750285e-06, 2.74016861113e-06, 2.4643877623e-06, 2.77341655419e-06, 1.84378961876e-06, 1.78360346581e-06, 1.58067120992e-06, 1.84601435649e-06, 1.76825517428e-06, 1.5769728634e-06, 2.00168801712e-06, 1.94195308723e-06, 2.08858796213e-06, 1.81740335847e-06, 1.24570590287e-06, 1.36972721521e-06, 1.23418101339e-06, 8.74219836078e-07, 7.511840181e-07, 7.21672563486e-07, 6.98410246969e-07, 8.48959075483e-07, 1.06624065666e-06, 7.15139378826e-07, 8.06438379186e-07, 6.90029253292e-07, 5.96380175466e-07, 5.0758467296e-07, 4.88409170885e-07, 5.00955195548e-07, 3.73855499447e-07, 1.7763717608e-07, 1.26085375474e-09, 4.77574611801e-11, 3.95898973327e-11, 3.65761899934e-11, 3.41936201576e-11, 3.23096341348e-11, 3.06940688144e-11, 2.93182700339e-11, 2.81336811486e-11, 2.71197560936e-11, 2.61914084171e-11, 2.54093933394e-11, 2.46307019919e-11, 2.3857771661e-11, 2.32907738235e-11, 2.28353325832e-11, 2.23453304471e-11, 2.18186961554e-11, 2.11720554283e-11, 2.07830974652e-11, 2.06273748082e-11],
        "min": [1.34845343225e-10, 9.52948941979e-10, 8.14606959665e-09, 5.59573365422e-09, 1.58269166661e-08, 2.18697486787e-08, 4.26894111172e-08, 5.14539806318e-08, 5.46978071725e-08, 8.93851463957e-08, 2.85727494997e-08, 4.58136604209e-08, 3.4254384218e-08, 1.31560966565e-07, 6.94594248785e-08, 2.68168722783e-08, 1.24077402575e-07, 6.45819540068e-08, 8.7965688067e-08, 1.29900797674e-07, 6.61534542701e-08, 5.41510303265e-08, 5.17145899437e-08, 8.2989515704e-08, 1.35702862281e-07, 2.19104620669e-07, 6.39360422383e-08, 3.08248502279e-08, 9.36619812819e-08, 6.31547294461e-08, 7.55615445769e-08, 4.92175828981e-08, 3.93838917034e-08, 3.21585638119e-08, 2.3760993173e-08, 3.89285226277e-08, 7.15011125862e-08, 7.07372720399e-08, 6.62187460421e-08, 6.87642653929e-08, 1.16104729386e-07, 1.11983510465e-07, 1.59202045324e-07, 8.02759956287e-08, 4.32594049471e-08, 5.59578161585e-08, 1.15350687224e-07, 1.39736570759e-07, 5.54126238228e-08, 1.90072711348e-07, 8.60347668663e-08, 1.0815868734e-07, 6.66845565434e-08, 7.4281643947e-08, 6.73719711131e-08, 2.63961965175e-07, 1.01715727396e-07, 1.38838473163e-07, 1.56825592512e-07, 6.67298820645e-08, 1.12048503809e-07, 5.6521152203e-08, 4.56262014836e-08, 7.8963395822e-08, 5.74181484581e-08, 3.71463286797e-08, 2.1520511595e-08, 2.43776305808e-08, 2.79065393016e-08, 1.94441422963e-08, 2.69915609863e-08, 2.53536391881e-08, 2.27722107837e-08, 7.59317497767e-09, 2.98098825624e-08, 1.78214296653e-08, 3.81315992115e-08, 2.30313457195e-08, 1.83972339585e-08, 1.00244141876e-08, 1.66526081813e-08, 1.22656347301e-08, 1.10644808871e-08, 1.65453661882e-09, 1.24965886528e-08, 1.22691341531e-08, 1.07669162475e-08, 1.29406645399e-08, 1.23179111355e-08, 1.02986996708e-08, 1.23398660179e-08, 1.28297950042e-08, 1.01206998337e-09, 1.46867051853e-09, 5.34514565942e-09, 8.60925286617e-09, 1.02590780315e-08, 9.26558441083e-10, 1.32584387913e-09, 9.49694278773e-09, 1.06075042083e-08, 1.0984820692e-10, 1.47079588092e-11, 2.43780151621e-09, 2.38296771204e-10, 5.45408232466e-11, 1.41357463929e-11, 1.12782548058e-12, 5.58256349134e-13, 3.89741000974e-13, 3.47834255973e-13, 2.91511931781e-13, 2.92543685674e-13, 4.27087944004e-13, 3.49764000315e-13, 4.46277942986e-13, 4.17155188431e-13, 3.60400972304e-13, 3.95255524274e-13, 3.05093922131e-13, 4.26395247236e-13, 3.79391803347e-13, 4.32989554584e-13, 4.04954878224e-13, 2.60762467391e-13, 9.37411498252e-14, 1.90760374754e-14, 5.6239472511e-16],
        "stdev": [0.00111666845623, 0.0060413540341, 0.00786434020847, 0.00497796852142, 0.0021894024685, 0.00276866508648, 0.00418146979064, 0.00317772687413, 0.00098267022986, 0.000327491317876, 0.000502094102558, 0.000711399479769, 0.000978922238573, 0.00123099680059, 0.00141448609065, 0.000963251106441, 0.0011704826029, 0.000411950459238, 0.000396325776819, 0.000536143721547, 0.000680854718667, 0.00118335301522, 0.00173697073478, 0.000685531937052, 0.000428958010161, 0.000402949750423, 0.000498275330756, 0.000404771097237, 0.000279343861621, 0.000267065275693, 0.000203125338885, 0.000167416917975, 0.000147822589497, 9.98542382149e-05, 9.0351451945e-05, 0.000101024983451, 0.000289665156743, 0.000154685185407, 5.93631521042e-05, 6.90377564752e-05, 8.84486289578e-05, 0.000152554828674, 8.12992875581e-05, 8.75784389791e-05, 5.46492083231e-05, 9.68299500528e-05, 0.000125708553242, 5.17365806445e-05, 6.81086676195e-05, 8.00252091722e-05, 5.01703216287e-05, 7.34881759854e-05, 3.20429317071e-05, 5.26232033735e-05, 6.66298510623e-05, 5.76523998461e-05, 4.9349222536e-05, 4.34845314885e-05, 3.29710637743e-05, 2.84586130874e-05, 5.21510337421e-05, 6.05071072641e-05, 3.97364528908e-05, 3.58315701305e-05, 6.42456434434e-05, 6.21587532805e-05, 5.7094010117e-05, 4.54171022284e-05, 1.73517419171e-05, 1.6458094251e-05, 1.98364887183e-05, 1.54893132276e-05, 1.23029976749e-05, 1.27427219923e-05, 7.68218342273e-06, 6.7381520239e-06, 6.03349189987e-06, 5.6172625591e-06, 7.79764104664e-06, 4.17004821429e-06, 4.06431354349e-06, 3.70040834241e-06, 4.54997143606e-06, 5.0689118325e-06, 4.11656765209e-06, 6.38371147943e-06, 6.25119400866e-06, 7.89902333054e-06, 7.28759187041e-06, 3.08435096485e-06, 3.10493032885e-06, 3.17776448355e-06, 2.78517200059e-06, 1.87889816061e-06, 1.94441417989e-06, 2.07005018638e-06, 2.18919785766e-06, 4.53747588836e-06, 2.75130514638e-06, 6.9065686148e-06, 5.59434465686e-06, 3.27660200128e-06, 3.11850749313e-06, 2.65157586909e-06, 4.09131689594e-06, 2.05649917007e-06, 7.61736885124e-07, 4.14749390387e-09, 1.34165867305e-09, 1.18087162271e-09, 1.07817810235e-09, 9.98586213719e-10, 9.39472721839e-10, 8.88774331909e-10, 8.44570080538e-10, 8.0635664812e-10, 7.7468648163e-10, 7.45766226551e-10, 7.2183126143e-10, 6.99411029093e-10, 6.76709799308e-10, 6.59926113755e-10, 6.45032638413e-10, 6.31436569698e-10, 6.22434825903e-10, 6.14247375186e-10, 6.08436301341e-10, 6.04564565077e-10]
    },
    "mfcc": {
        "mean": [-652.708496094, 104.441047668, -17.4250888824, 5.94681167603, 3.1607735157, 1.30007469654, 1.60095012188, 8.82171821594, 6.56510734558, 7.83039236069, 3.08459329605, 0.935426712036, -5.07198619843],
        "cov": [[2398.21679688, -126.877326965, -258.672668457, -28.8593273163, -237.675460815, -13.7140903473, 8.48734664917, 56.3784980774, -42.3213043213, -10.987121582, -83.2245941162, -109.7342453, -31.2061233521], [-126.877326965, 816.159423828, 479.903717041, 329.80267334, 221.951187134, 123.691200256, 144.569595337, 43.0184211731, 81.1228866577, 64.6508331299, 55.2847633362, 93.8627624512, 39.9778709412], [-258.672668457, 479.903717041, 1271.9798584, 729.186828613, 498.351867676, 188.881958008, 84.4208602905, -38.9689826965, 31.8965530396, 13.1869125366, 82.5875167847, 158.534088135, 91.7254714966], [-28.8593273163, 329.80267334, 729.186828613, 814.647277832, 431.414520264, 64.5407485962, 54.3024902344, -79.7786178589, 23.394947052, 19.9787025452, 49.2571640015, 165.423034668, 90.1381072998], [-237.675460815, 221.951187134, 498.351867676, 431.414520264, 412.225036621, 108.286422729, 60.6059074402, -21.1799125671, 45.7637252808, 37.9520759583, 49.3866348267, 109.538978577, 57.3097267151], [-13.7140903473, 123.691200256, 188.881958008, 64.5407485962, 108.286422729, 252.303390503, 101.163642883, 70.1313476562, 30.035577774, 37.1851196289, 41.6903190613, 11.4113435745, 12.9568977356], [8.48734664917, 144.569595337, 84.4208602905, 54.3024902344, 60.6059074402, 101.163642883, 154.414672852, 66.6895065308, 39.6189346313, 39.0237770081, 25.9845218658, 26.738155365, 18.7269954681], [56.3784980774, 43.0184211731, -38.9689826965, -79.7786178589, -21.1799125671, 70.1313476562, 66.6895065308, 145.766708374, 63.4142608643, 37.7962608337, 31.331703186, -16.8677825928, -5.51683282852], [-42.3213043213, 81.1228866577, 31.8965530396, 23.394947052, 45.7637252808, 30.035577774, 39.6189346313, 63.4142608643, 125.346916199, 56.5472373962, 38.6883888245, 31.2234115601, 0.6878490448], [-10.987121582, 64.6508331299, 13.1869125366, 19.9787025452, 37.9520759583, 37.1851196289, 39.0237770081, 37.7962608337, 56.5472373962, 95.5086288452, 42.0378913879, 33.8203201294, 12.7100381851], [-83.2245941162, 55.2847633362, 82.5875167847, 49.2571640015, 49.3866348267, 41.6903190613, 25.9845218658, 31.331703186, 38.6883888245, 42.0378913879, 91.2487411499, 43.8456459045, 9.49742221832], [-109.7342453, 93.8627624512, 158.534088135, 165.423034668, 109.538978577, 11.4113435745, 26.738155365, -16.8677825928, 31.2234115601, 33.8203201294, 43.8456459045, 120.881340027, 38.553401947], [-31.2061233521, 39.9778709412, 91.7254714966, 90.1381072998, 57.3097267151, 12.9568977356, 18.7269954681, -5.51683282852, 0.6878490448, 12.7100381851, 9.49742221832, 38.553401947, 70.032699585]],
        "icov": [[0.000520590634551, 6.69417568133e-05, 7.88721590652e-05, -0.000508657889441, 0.000589697796386, -0.000133840934723, -4.9495985877e-05, -0.000335728109349, 0.000139077063068, -0.000318040663842, 0.000431864173152, 0.000321813888149, 9.47532680584e-05], [6.69417568133e-05, 0.00192447088193, -0.000549878168385, -0.000345031672623, 0.000262164277956, 6.38417550363e-05, -0.00132046465296, -1.14767826744e-05, -0.000514756073244, -0.000556404818781, 0.000283635250526, -0.000120999720821, 0.000355569587555], [7.88721590652e-05, -0.000549878168385, 0.00219682254829, -0.00118966947775, -0.000911189650651, -0.000922430830542, 0.000566086207982, -0.00010117074271, 0.000191893108422, 0.00109419832006, -0.000719952629879, 4.09324784414e-05, -0.000365440966561], [-0.000508657889441, -0.000345031672623, -0.00118966947775, 0.00453215325251, -0.00298549630679, 0.000986730214208, -0.000358076475095, 0.00134334387258, 7.66513039707e-06, 0.000629307935014, -0.000161655101692, -0.00176988332532, -0.000960695091635], [0.000589697796386, 0.000262164277956, -0.000911189650651, -0.00298549630679, 0.00775481434539, -0.00181217619684, -0.000154787689098, 0.000521732261404, -0.0013478215551, -0.00114186387509, 0.000749575148802, -0.00064337515505, -0.000306084024487], [-0.000133840934723, 6.38417550363e-05, -0.000922430830542, 0.000986730214208, -0.00181217619684, 0.00703956792131, -0.00322830933146, -0.00167229573708, 0.00126944517251, -0.000836797291413, -0.00150921999011, 0.00151630223263, 0.000263480382273], [-4.9495985877e-05, -0.00132046465296, 0.000566086207982, -0.000358076475095, -0.000154787689098, -0.00322830933146, 0.0118448426947, -0.00398303661495, 0.000400049088057, -0.00104984198697, 0.00134715146851, -0.00190047454089, -0.00125587184448], [-0.000335728109349, -1.14767826744e-05, -0.00010117074271, 0.00134334387258, 0.000521732261404, -0.00167229573708, -0.00398303661495, 0.014009039849, -0.00582944089547, 1.05014862584e-06, -0.00325284549035, 0.00357397226617, -0.00115774408914], [0.000139077063068, -0.000514756073244, 0.000191893108422, 7.66513039707e-06, -0.0013478215551, 0.00126944517251, 0.000400049088057, -0.00582944089547, 0.01445840206, -0.00530935404822, -0.00048273766879, -0.00245020794682, 0.00263241981156], [-0.000318040663842, -0.000556404818781, 0.00109419832006, 0.000629307935014, -0.00114186387509, -0.000836797291413, -0.00104984198697, 1.05014862584e-06, -0.00530935404822, 0.0180111527443, -0.00482675479725, -0.00204308447428, -0.00213448656723], [0.000431864173152, 0.000283635250526, -0.000719952629879, -0.000161655101692, 0.000749575148802, -0.00150921999011, 0.00134715146851, -0.00325284549035, -0.00048273766879, -0.00482675479725, 0.0178242251277, -0.00548872957006, 0.0017159928102], [0.000321813888149, -0.000120999720821, 4.09324784414e-05, -0.00176988332532, -0.00064337515505, 0.00151630223263, -0.00190047454089, 0.00357397226617, -0.00245020794682, -0.00204308447428, -0.00548872957006, 0.0171155575663, -0.00481046177447], [9.47532680584e-05, 0.000355569587555, -0.000365440966561, -0.000960695091635, -0.000306084024487, 0.000263480382273, -0.00125587184448, -0.00115774408914, 0.00263241981156, -0.00213448656723, 0.0017159928102, -0.00481046177447, 0.0190567784011]]
    },
    "spectral_contrast_coeffs": {
        "max": [-0.374505847692, -0.363652348518, -0.490631490946, -0.574914336205, -0.594611346722, -0.663678109646],
        "mean": [-0.747719168663, -0.75085735321, -0.786224007607, -0.82140403986, -0.799809098244, -0.783774614334],
        "min": [-0.911396443844, -0.916871130466, -0.911269783974, -0.896405279636, -0.876162946224, -0.869805395603],
        "stdev": [0.0766543075442, 0.083687312901, 0.0584403946996, 0.0478384196758, 0.0452250726521, 0.033170837909]
    },
    "spectral_contrast_valleys": {
        "max": [-4.92620563507, -5.00680017471, -5.35291099548, -5.77335262299, -5.478120327, -7.48784065247],
        "mean": [-7.31144285202, -6.98293924332, -7.11037302017, -7.22880458832, -7.48752117157, -10.088763237],
        "min": [-10.7636728287, -9.01171970367, -9.63733482361, -9.16987323761, -9.1017370224, -11.5953226089],
        "stdev": [1.13160848618, 0.667845487595, 0.868284583092, 0.668703794479, 0.57894641161, 0.563512861729]
    }
},
"rhythm": {
    "beats_count": 59,
    "beats_loudness": {
        "max": 0.0503244549036,
        "mean": 0.0164297502488,
        "min": 0.00324187846854,
        "stdev": 0.00899136718363
    },
    "bpm": 94.7889328003,
    "bpm_histogram_first_peak_bpm": 96,
    "bpm_histogram_first_peak_weight": 0.5,
    "bpm_histogram_second_peak_bpm": 103,
    "bpm_histogram_second_peak_spread": 0.25,
    "bpm_histogram_second_peak_weight": 0.103448279202,
    "danceability": 1.34551048279,
    "onset_rate": 2.86090922356,
    "beats_loudness_band_ratio": {
        "max": [0.591218829155, 0.573112785816, 0.55255228281, 0.644022941589, 0.442176103592, 0.445303678513],
        "mean": [0.152776062489, 0.122396342456, 0.198586508632, 0.224920958281, 0.202556952834, 0.12100700289],
        "min": [0.000838626583572, 0.00304040103219, 0.0114996396005, 0.0368915982544, 0.0497361756861, 0.0149697298184],
        "stdev": [0.146269246936, 0.127611711621, 0.134659826756, 0.167883977294, 0.0834629014134, 0.0824898481369]
    },
    "beats_position": [0.580498874187, 1.16099774837, 1.74149656296, 2.32199549675, 2.91410422325, 3.50621318817, 4.08671188354, 4.59755086899, 5.10838985443, 5.61922883987, 6.14167785645, 6.66412687302, 7.17496585846, 7.6858048439, 8.19664382935, 8.71909236908, 9.24154186249, 9.77560043335, 10.3096599579, 10.8901586533, 11.4706573486, 12.1092061996, 12.7477550507, 13.3863039017, 14.0248527527, 14.6750106812, 15.3135595322, 15.9521083832, 16.5790481567, 17.2059860229, 17.8445339203, 18.483083725, 19.1100215912, 19.7369613647, 20.363899231, 20.9908390045, 21.6293869019, 22.2679367065, 22.8948745728, 23.5218143463, 24.1603622437, 24.7989120483, 25.4258499146, 26.0527877808, 26.6797275543, 27.3182754517, 27.9452152252, 28.5721530914, 29.2107028961, 29.8376407623, 30.4645805359, 31.1031284332, 31.7416782379, 32.3686180115, 32.9955558777, 33.6224937439, 34.2610435486, 34.8995895386, 35.5265312195],
