{
"metadata": {
    "version": {
        "essentia": "2.1-beta5",
        "essentia_git_sha": "Undefined",
        "extractor": "music 2.0"
    },
    "audio_properties": {
        "analysis": {
            "equal_loudness": 0,
            "length": 12.7477550507,
            "sample_rate": 44100,
            "start_time": 0,
            "downmix": "mix"
        },
        "bit_rate": 192000,
        "length": 198.170715332,
        "lossless": 0,
        "number_channels": 2,
        "replay_gain": 1.03800773621,
        "sample_rate": 48000,
        "codec": "mp3",
        "md5_encoded": "fa84219f4a4668c30d676def77b14a19"
    },
    "tags": {
        "file_name": "North MacedoniaNorth MacedoniaN_Jas Ja Imam Silata_Gjoko Taneski.mp3",
        "encoding": ["Lavf58.29.100"]
    }
},
"lowlevel": {
    "average_loudness": 0.96145939827,
    "barkbands_crest": {
        "max": 21.082025528,
        "mean": 6.29165697098,
        "min": 2.9647436142,
        "stdev": 2.57895159721
    },
    "barkbands_flatness_db": {
        "max": 0.173010393977,
        "mean": 0.0997799858451,
        "min": 0.0429611429572,
        "stdev": 0.0230065025389
    },
    "barkbands_kurtosis": {
        "max": 26.5709152222,
        "mean": 1.21343851089,
        "min": -1.46555566788,
        "stdev": 2.66205978394
    },
    "barkbands_skewness": {
        "max": 4.62453937531,
        "mean": 0.627631366253,
        "min": -0.695600032806,
        "stdev": 0.859396278858
    },
    "barkbands_spread": {
        "max": 58.0421676636,
        "mean": 20.7027378082,
        "min": 7.32459926605,
        "stdev": 10.997756958
    },
    "dissonance": {
        "max": 0.500000059605,
        "mean": 0.486491084099,
        "min": 0.420031636953,
        "stdev": 0.0130433915183
    },
    "dynamic_complexity": 2.85954833031,
    "erbbands_crest": {
        "max": 21.2359218597,
        "mean": 6.90516996384,
        "min": 3.0413236618,
        "stdev": 2.47751402855
    },
    "erbbands_flatness_db": {
        "max": 0.249380812049,
        "mean": 0.170695781708,
        "min": 0.0527405701578,
        "stdev": 0.0502705648541
    },
    "erbbands_kurtosis": {
        "max": 5.80653953552,
        "mean": 0.774229347706,
        "min": -1.55948472023,
        "stdev": 0.851668596268
    },
    "erbbands_skewness": {
        "max": 1.50540971756,
        "mean": 0.377770900726,
        "min": -0.862960994244,
        "stdev": 0.377300858498
    },
    "erbbands_spread": {
        "max": 117.41632843,
        "mean": 25.8503932953,
        "min": 9.6592874527,
        "stdev": 18.7025947571
    },
    "hfc": {
        "max": 92.3490371704,
        "mean": 35.3768882751,
        "min": 0.000602983287536,
        "stdev": 20.6175899506
    },
    "loudness_ebu128": {
        "integrated": -22.3875522614,
        "loudness_range": 4.59100532532,
        "momentary": {
            "max": -19.7412204742,
            "mean": -23.1636543274,
            "min": -36.137878418,
            "stdev": 2.82586312294
        },
        "short_term": {
            "max": -20.5925502777,
            "mean": -22.7332229614,
            "min": -25.5882358551,
            "stdev": 1.84275400639
        }
    },
    "melbands_crest": {
        "max": 27.5188312531,
        "mean": 8.99462509155,
        "min": 3.31948423386,
        "stdev": 4.32267093658
    },
    "melbands_flatness_db": {
        "max": 0.307909488678,
        "mean": 0.130574181676,
        "min": 0.0582750253379,
        "stdev": 0.0383179411292
    },
    "melbands_kurtosis": {
        "max": 70.8526306152,
        "mean": 4.87495756149,
        "min": -1.32972502708,
        "stdev": 10.0348052979
    },
    "melbands_skewness": {
        "max": 7.2763543129,
        "mean": 1.2132370472,
        "min": -0.402940243483,
        "stdev": 1.38222014904
    },
    "melbands_spread": {
        "max": 81.8200302124,
        "mean": 29.0521869659,
        "min": 4.32324790955,
        "stdev": 13.6709270477
    },
    "pitch_salience": {
        "max": 0.864568352699,
        "mean": 0.708894908428,
        "min": 0.348131150007,
        "stdev": 0.102494880557
    },
    "silence_rate_20dB": {
        "max": 1,
        "mean": 1,
        "min": 1,
        "stdev": 0
    },
    "silence_rate_30dB": {
        "max": 1,
        "mean": 0.989090919495,
        "min": 0,
        "stdev": 0.103876203299
    },
    "silence_rate_60dB": {
        "max": 1,
        "mean": 0.0309090912342,
        "min": 0,
        "stdev": 0.173072040081
    },
    "spectral_centroid": {
        "max": 2914.82543945,
        "mean": 1717.3651123,
        "min": 505.066497803,
        "stdev": 451.960540771
    },
    "spectral_complexity": {
        "max": 52,
        "mean": 32.1090927124,
        "min": 0,
        "stdev": 10.9031591415
    },
    "spectral_decrease": {
        "max": -1.28009690521e-13,
        "mean": -6.35382857439e-09,
        "min": -3.7018942578e-08,
        "stdev": 4.29960822501e-09
    },
    "spectral_energy": {
        "max": 0.144992917776,
        "mean": 0.0271896123886,
        "min": 5.37830260328e-07,
        "stdev": 0.0175537299365
    },
    "spectral_energyband_high": {
        "max": 0.00735535193235,
        "mean": 0.000873746001162,
        "min": 3.8783230849e-08,
        "stdev": 0.000697379582562
    },
    "spectral_energyband_low": {
        "max": 0.113820940256,
        "mean": 0.00403872225434,
        "min": 3.81090814017e-07,
        "stdev": 0.0108139151707
    },
    "spectral_energyband_middle_high": {
        "max": 0.0496292486787,
        "mean": 0.0167936552316,
        "min": 4.69334580089e-08,
        "stdev": 0.0121963797137
    },
    "spectral_energyband_middle_low": {
        "max": 0.0707038789988,
        "mean": 0.00633926177397,
        "min": 1.04229783915e-07,
        "stdev": 0.00699741393328
    },
    "spectral_entropy": {
        "max": 8.30971336365,
        "mean": 7.8899769783,
        "min": 7.1242609024,
        "stdev": 0.127208262682
    },
    "spectral_flux": {
        "max": 0.236959084868,
        "mean": 0.0989198386669,
        "min": 0.000733369088266,
        "stdev": 0.0339310951531
    },
    "spectral_kurtosis": {
        "max": 17.6149368286,
        "mean": 5.29973220825,
        "min": 1.25756406784,
        "stdev": 1.65039551258
    },
    "spectral_rms": {
        "max": 0.0118935490027,
        "mean": 0.00489733181894,
        "min": 2.29066026805e-05,
        "stdev": 0.00159455090761
    },
    "spectral_rolloff": {
        "max": 5318.70117188,
        "mean": 1972.01000977,
        "min": 150.732421875,
        "stdev": 676.271972656
    },
    "spectral_skewness": {
        "max": 3.32725667953,
        "mean": 1.78412652016,
        "min": 0.819305956364,
        "stdev": 0.26873549819
    },
    "spectral_spread": {
        "max": 9124010,
        "mean": 4148173.25,
        "min": 2671461.5,
        "stdev": 1303997.25
    },
    "spectral_strongpeak": {
        "max": 5.40160655975,
        "mean": 1.17802107334,
        "min": 0.000790009391494,
        "stdev": 1.01896202564
    },
    "zerocrossingrate": {
        "max": 0.1767578125,
        "mean": 0.0835662260652,
        "min": 0.0283203125,
        "stdev": 0.0167618431151
    },
    "barkbands": {
        "max": [0.00438492000103, 0.0991170704365, 0.0342000052333, 0.0219887383282, 0.0275756977499, 0.0257186368108, 0.0130172250792, 0.00933804456145, 0.0121293663979, 0.0148306777701, 0.0138669665903, 0.0137129705399, 0.00992104876786, 0.0103143537417, 0.0102336704731, 0.00962197873741, 0.00445163762197, 0.00357302813791, 0.00204487820156, 0.00132656376809, 0.00139947468415, 0.000613676325884, 0.00236150668934, 0.00610680459067, 0.000560785410926, 0.000202748808078, 0.000250297394814],
        "mean": [9.16229109862e-05, 0.00210464256816, 0.00136683799792, 0.000872358912602, 0.00104050640948, 0.000721866090316, 0.000595608435106, 0.000628270965535, 0.00169078528415, 0.00232654460706, 0.00238809292205, 0.00278884009458, 0.00210868800059, 0.00186542968731, 0.0020056439098, 0.00156773126218, 0.000943592574913, 0.000685451086611, 0.000400723394705, 0.000235148429056, 0.000194581298274, 0.000127743580379, 0.000151182612171, 0.000178463276825, 6.84377009748e-05, 2.93224911729e-05, 1.1511016055e-05],
        "min": [8.49145864734e-10, 1.82756991762e-07, 1.64944722769e-07, 5.75862202368e-08, 1.55229020748e-08, 1.41027178824e-09, 2.14918713937e-08, 1.11679110404e-09, 6.26114227131e-09, 2.09627115666e-09, 1.79084747032e-09, 3.67945984792e-09, 5.1705630888e-09, 5.8614308962e-09, 3.47927553435e-09, 8.57459703241e-09, 5.72259395426e-09, 6.48397202596e-09, 1.62890634314e-09, 3.63225782785e-09, 1.41005773724e-09, 1.53932944169e-09, 2.14191908654e-09, 2.87344592564e-09, 1.02999280216e-08, 1.46248924082e-08, 2.63967125935e-10],
        "stdev": [0.000338123878464, 0.0073953717947, 0.0035675005056, 0.00203756126575, 0.00271116150543, 0.00176546105649, 0.00111113011371, 0.000795015133917, 0.00169187993743, 0.00253779185005, 0.00233333813958, 0.0025190343149, 0.00194781331811, 0.00179378071334, 0.00198455364443, 0.00151278695557, 0.000771741557401, 0.00058568600798, 0.000302419386571, 0.000171383944689, 0.0001672279177, 9.22574763536e-05, 0.000209250487387, 0.000498727953527, 5.75636113354e-05, 3.07687732857e-05, 3.00846841128e-05]
    },
    "erbbands": {
        "max": [3.85472035408, 21.1981468201, 37.9047317505, 60.0269012451, 111.879203796, 77.1336135864, 133.711608887, 239.23526001, 210.115737915, 185.306350708, 237.651000977, 216.753067017, 666.442321777, 438.796936035, 488.906036377, 515.567077637, 477.246948242, 383.698883057, 546.325683594, 431.628265381, 501.893676758, 243.057052612, 194.541854858, 131.452346802, 78.9932479858, 63.2357635498, 71.3238677979, 53.6696090698, 22.2818527222, 17.0377788544, 77.3792495728, 22.3525886536, 175.191421509, 18.0050544739, 5.37089300156, 0.990028858185, 0.448677092791, 0.397330313921, 0.0128209255636, 0.00170023250394],
        "mean": [0.053311817348, 0.496866136789, 1.5475666523, 2.43988490105, 3.5010163784, 3.14639210701, 3.47764158249, 6.81335544586, 8.10893821716, 10.6291952133, 16.8360271454, 35.5417556763, 70.0062408447, 80.8507461548, 107.015777588, 106.905403137, 98.0111999512, 93.0166091919, 106.501068115, 100.428390503, 77.0896987915, 53.6244812012, 39.6434555054, 27.7719306946, 16.7258625031, 11.1974725723, 9.08874130249, 6.48444843292, 4.75200128555, 3.67880892754, 4.55703783035, 2.40437245369, 4.16189670563, 1.17159461975, 0.380494743586, 0.12869425118, 0.0601945072412, 0.0212480388582, 0.00100414641201, 8.11436693766e-05],
        "min": [2.56654038822e-06, 5.11339239893e-05, 0.000191861414351, 0.000189965212485, 0.000126576182083, 3.43173669535e-05, 1.39767143992e-05, 2.72621273325e-05, 0.000273936166195, 0.000158172784722, 5.29184362676e-05, 0.000142541073728, 9.80814002105e-05, 5.29598473804e-05, 9.92358254734e-05, 0.000148391729454, 0.00028425999335, 0.000189651196706, 0.000272629898973, 0.000357670680387, 0.000404836377129, 0.000321476836689, 0.000438892806415, 9.65259678196e-05, 0.00018433528021, 0.000126289931359, 7.01245808159e-05, 4.86421704409e-05, 5.13483828399e-05, 5.96629579377e-05, 6.23164887656e-05, 4.09804488299e-05, 6.39251593384e-05, 0.000129023101181, 7.05458951415e-05, 5.51344746782e-05, 2.92448094115e-05, 8.47578212415e-06, 5.19741433891e-07, 1.43177034673e-08],
        "stdev": [0.22881424427, 1.65492737293, 3.96739912033, 5.62918424606, 9.76968288422, 7.72041702271, 8.91437530518, 17.0595302582, 16.8381900787, 15.9355745316, 18.7502651215, 34.9474220276, 80.7484817505, 81.6560745239, 91.8593902588, 97.2856292725, 88.354598999, 84.5044021606, 105.468002319, 96.9681167603, 73.1548156738, 42.2745666504, 32.8504600525, 22.6974697113, 12.2922096252, 8.2949180603, 7.77954387665, 5.28222131729, 3.4732735157, 2.64949965477, 7.06000900269, 2.3855714798, 14.5164489746, 1.68558585644, 0.393471479416, 0.0997938364744, 0.078056126833, 0.0465888306499, 0.0022288991604, 0.000140836375067]
    },
    "gfcc": {
        "mean": [31.2509632111, 55.5960044861, -154.46812439, 6.36345624924, -55.3118515015, 24.8708057404, -39.4767036438, 11.764667511, -27.4932346344, -0.707929968834, -19.389213562, 0.919525444508, -13.0877227783],
        "cov": [[2184.41674805, -35.3471565247, -694.182617188, -112.558433533, -371.482330322, 97.0702590942, -42.6237983704, 18.919128418, 56.0793571472, -31.4613819122, 28.5373077393, -19.6655826569, 57.5978927612], [-35.3471565247, 472.81161499, 530.869750977, 330.390991211, 235.265991211, 79.879196167, 136.200088501, 23.8904666901, 17.5771522522, -50.0396461487, 73.931137085, -4.47840356827, -19.063243866], [-694.182617188, 530.869750977, 2242.91381836, 461.948120117, 538.125549316, -11.7042007446, 65.6960983276, -36.9701461792, 83.7662963867, -65.5819854736, 163.982055664, -87.9241790771, -116.285957336], [-112.558433533, 330.390991211, 461.948120117, 455.810760498, 204.726516724, 103.013450623, 120.996299744, 32.3052902222, -31.1644573212, -44.1104736328, 47.1486854553, 0.407928079367, -33.5861740112], [-371.482330322, 235.265991211, 538.125549316, 204.726516724, 300.69921875, 33.6156234741, 94.7252120972, 16.26121521, 8.54731750488, -6.86774110794, 30.8665466309, 7.66111516953, -31.4385204315], [97.0702590942, 79.879196167, -11.7042007446, 103.013450623, 33.6156234741, 99.9092178345, 54.3009223938, 31.8350276947, -9.3678560257, -7.69298410416, 11.4382514954, 8.1839723587, -4.66085958481], [-42.6237983704, 136.200088501, 65.6960983276, 120.996299744, 94.7252120972, 54.3009223938, 101.113945007, 28.8932800293, -2.09373378754, -16.7139644623, 14.1190824509, 12.8139410019, -6.88461446762], [18.919128418, 23.8904666901, -36.9701461792, 32.3052902222, 16.26121521, 31.8350276947, 28.8932800293, 52.9411125183, 5.37729740143, 11.8581848145, -3.05415511131, 7.36755132675, 4.52022600174], [56.0793571472, 17.5771522522, 83.7662963867, -31.1644573212, 8.54731750488, -9.3678560257, -2.09373378754, 5.37729740143, 76.059425354, 10.9765520096, 27.2462482452, -12.7681970596, 1.89078509808], [-31.4613819122, -50.0396461487, -65.5819854736, -44.1104736328, -6.86774110794, -7.69298410416, -16.7139644623, 11.8581848145, 10.9765520096, 57.8538589478, -4.41169071198, 13.3224287033, 10.6250371933], [28.5373077393, 73.931137085, 163.982055664, 47.1486854553, 30.8665466309, 11.4382514954, 14.1190824509, -3.05415511131, 27.2462482452, -4.41169071198, 59.1632080078, 2.11121916771, -4.16435003281], [-19.6655826569, -4.47840356827, -87.9241790771, 0.407928079367, 7.66111516953, 8.1839723587, 12.8139410019, 7.36755132675, -12.7681970596, 13.3224287033, 2.11121916771, 40.2379837036, 12.9415607452], [57.5978927612, -19.063243866, -116.285957336, -33.5861740112, -31.4385204315, -4.66085958481, -6.88461446762, 4.52022600174, 1.89078509808, 10.6250371933, -4.16435003281, 12.9415607452, 39.006149292]],
        "icov": [[0.000767101359088, -0.000518238812219, 0.000104433893284, 6.59053548588e-05, 0.00112021458335, -0.00103749113623, 0.00041151753976, 2.65944800049e-05, -0.000723615288734, 0.000388152198866, -0.000210893966141, 0.000161172807566, -0.00031609920552], [-0.000518238812219, 0.00763108488172, -0.00033776613418, -0.00274743698537, -0.00280758086592, 0.000634251686279, -0.0044800681062, 0.000465030403575, -0.000449040759122, 0.00217671273276, -0.00368286087178, 0.00211278581992, -0.00357493245974], [0.000104433893284, -0.00033776613418, 0.00166281347629, -0.000606672081631, -0.00267230393365, 0.000765211414546, 0.00255143549293, -0.000173114138306, -0.000204095442314, 0.000723466800991, -0.00299590779468, 0.00271993409842, 0.00111408683006], [6.59053548588e-05, -0.00274743698537, -0.000606672081631, 0.00646176980808, -0.000209328514757, -0.00294974865392, -0.00114667078014, -0.00136597629171, 0.00394263537601, 0.000293573510135, -0.000903396285139, 0.000388448068406, 0.00125352840405], [0.00112021458335, -0.00280758086592, -0.00267230393365, -0.000209328514757, 0.0139250950888, -0.000603820953984, -0.00749018788338, 0.00146619288716, -0.00212518172339, -0.00397369964048, 0.00634811073542, -0.00651287706569, 0.00251015368849], [-0.00103749113623, 0.000634251686279, 0.000765211414546, -0.00294974865392, -0.000603820953984, 0.0199611485004, -0.00590922310948, -0.00690996320918, 0.00300422590226, -0.000669962377287, -0.0038457158953, 0.00103297713213, 0.00252319965512], [0.00041151753976, -0.0044800681062, 0.00255143549293, -0.00114667078014, -0.00749018788338, -0.00590922310948, 0.0303582940251, -0.00752842659131, -0.00265160133131, 0.00800096616149, -0.00116854708176, -0.00466346042231, 0.00268108444288], [2.65944800049e-05, 0.000465030403575, -0.000173114138306, -0.00136597629171, 0.00146619288716, -0.00690996320918, -0.00752842659131, 0.0301812458783, -0.00515489792451, -0.00776921352372, 0.00654099602252, -0.000865116890054, -0.00262300483882], [-0.000723615288734, -0.000449040759122, -0.000204095442314, 0.00394263537601, -0.00212518172339, 0.00300422590226, -0.00265160133131, -0.00515489792451, 0.0238194670528, -0.00524044502527, -0.012714295648, 0.0114477938041, -0.00247186073102], [0.000388152198866, 0.00217671273276, 0.000723466800991, 0.000293573510135, -0.00397369964048, -0.000669962377287, 0.00800096616149, -0.00776921352372, -0.00524044502527, 0.0270157847553, -0.000726646103431, -0.00795128941536, -0.0026144401636], [-0.000210893966141, -0.00368286087178, -0.00299590779468, -0.000903396285139, 0.00634811073542, -0.0038457158953, -0.00116854708176, 0.00654099602252, -0.012714295648, -0.000726646103431, 0.035130944103, -0.0145458457991, 0.0018858400872], [0.000161172807566, 0.00211278581992, 0.00271993409842, 0.000388448068406, -0.00651287706569, 0.00103297713213, -0.00466346042231, -0.000865116890054, 0.0114477938041, -0.00795128941536, -0.0145458457991, 0.0444408617914, -0.0112976292148], [-0.00031609920552, -0.00357493245974, 0.00111408683006, 0.00125352840405, 0.00251015368849, 0.00252319965512, 0.00268108444288, -0.00262300483882, -0.00247186073102, -0.0026144401636, 0.0018858400872, -0.0112976292148, 0.0366407819092]]
    },
    "melbands": {
        "max": [0.0312770828605, 0.0193796344101, 0.00898043904454, 0.00678194733337, 0.0040491418913, 0.00514638936147, 0.00315354741178, 0.00198620907031, 0.0018192428397, 0.00152374559548, 0.00323743489571, 0.00185946002603, 0.00176016043406, 0.00175861269236, 0.00145789107773, 0.00111307122279, 0.00075148238102, 0.00095039739972, 0.000784992706031, 0.000661333964672, 0.000506477605086, 0.000287061353447, 0.00024959538132, 0.000176099420059, 0.00011556980462, 6.44804895273e-05, 4.55882727692e-05, 3.94308226532e-05, 4.60164992546e-05, 3.97127951146e-05, 2.71802655334e-05, 1.16708088171e-05, 1.28985511765e-05, 9.12511677598e-06, 3.07264381263e-05, 6.01187966822e-05, 7.49276159695e-06, 0.000111872257548, 8.23876835057e-05, 5.17880062034e-06],
        "mean": [0.000529321201611, 0.00075992080383, 0.00045109045459, 0.000247025833232, 0.000120692697237, 0.000149742845679, 0.000125291466247, 0.000119721116789, 0.000148834311403, 0.00024175188446, 0.00035177328391, 0.00031847160426, 0.000343384133885, 0.000334992073476, 0.000241124871536, 0.000197128319996, 0.000168448808836, 0.000170376210008, 0.000149496438098, 0.000120724507724, 8.17581094452e-05, 5.59955769859e-05, 4.23860474257e-05, 3.16551195283e-05, 2.16667194763e-05, 1.38754421641e-05, 9.30998703552e-06, 6.85189525029e-06, 5.95548090132e-06, 4.54310975329e-06, 3.47715285898e-06, 2.7713072086e-06, 2.22046173803e-06, 1.9064133312e-06, 2.50980406236e-06, 2.43318845605e-06, 1.08646679564e-06, 2.92010463454e-06, 2.04873617804e-06, 7.07633319053e-07],
        "min": [3.73134803056e-08, 8.85757671654e-08, 3.20721476044e-08, 4.79349404614e-09, 6.76063927063e-10, 5.42067946085e-10, 4.38339142761e-09, 1.31745570009e-09, 4.71217842524e-10, 9.47260714312e-10, 4.76873207589e-10, 2.03897246309e-10, 2.53544990558e-10, 3.49817924628e-10, 5.08783348785e-10, 5.58235069281e-10, 3.53338774906e-10, 5.17397846789e-10, 3.27452953641e-10, 6.34247265818e-10, 4.00232014197e-10, 3.17819270901e-10, 4.25470325638e-10, 3.00109992413e-10, 4.95331831107e-11, 7.09414402222e-11, 1.90108193077e-10, 6.06288352856e-11, 4.56139570559e-11, 3.06487335511e-11, 2.77250652991e-11, 2.52748412477e-11, 3.69393543531e-11, 3.22378373996e-11, 3.83423605366e-11, 2.73709926252e-11, 2.45139117339e-11, 4.08105944871e-11, 4.94659035954e-11, 1.42830372529e-10],
        "stdev": [0.00202687969431, 0.0019500865601, 0.00098904245533, 0.000652821268886, 0.000281268148683, 0.000365127227269, 0.000252771336818, 0.000171981664607, 0.000157825605129, 0.000244911556365, 0.000404159451136, 0.000333160685841, 0.000318073434755, 0.000309535564156, 0.000242758163949, 0.000184265765711, 0.000160038805916, 0.000173843000084, 0.00014868893777, 0.000118898962683, 7.99309782451e-05, 4.67909521831e-05, 3.62851715181e-05, 2.79247105937e-05, 1.88776048162e-05, 1.1088732208e-05, 6.87875399308e-06, 5.39163829671e-06, 5.23735025126e-06, 4.44432180302e-06, 2.76943251265e-06, 2.11447309084e-06, 1.68772680809e-06, 1.51221865963e-06, 3.12507063427e-06, 5.04944728164e-06, 9.03507668681e-07, 9.46096497501e-06, 6.61584499539e-06, 6.22812535767e-07]
    },
    "melbands128": {
        "max": [0.0040118964389, 0.03077349253, 0.0480703301728, 0.0407002680004, 0.0218084082007, 0.0169255938381, 0.0141414143145, 0.0116211138666, 0.0152575904503, 0.0094013819471, 0.00386981805786, 0.00344608607702, 0.00542263267562, 0.00504142325372, 0.00602745637298, 0.00568791292608, 0.00451816851273, 0.00298886443488, 0.00305327074602, 0.00208935607225, 0.00217160605825, 0.00304156960919, 0.00155754305888, 0.00139928702265, 0.002273716731, 0.00254153879359, 0.00653803395107, 0.00448672752827, 0.00254109338857, 0.00288752210326, 0.00260448898189, 0.00268971105106, 0.00294550741091, 0.00184991175774, 0.00278141000308, 0.00296706985682, 0.00189472606871, 0.00276365852915, 0.00216436455958, 0.00165504228789, 0.00149052508641, 0.00148905091919, 0.00114224397112, 0.00119015434757, 0.00131702655926, 0.00135011470411, 0.00162104400806, 0.00136759772431, 0.00117548147682, 0.000993483350612, 0.000758856593166, 0.000941627600696, 0.00104251119774, 0.00054151128279, 0.000467523321277, 0.000368220731616, 0.000341798906447, 0.000404207385145, 0.000400865799747, 0.000311648414936, 0.000247718038736, 0.000224204850383, 0.000210509489989, 0.000172865140485, 0.000119123367767, 8.38531705085e-05, 0.000116616582091, 6.23359374003e-05, 5.13944942213e-05, 6.22612642474e-05, 5.03406554344e-05, 4.42999444203e-05, 5.55518272449e-05, 6.25352695351e-05, 4.51370869996e-05, 6.13829033682e-05, 4.00914468628e-05, 3.94884664274e-05, 2.507096724e-05, 1.69511658896e-05, 1.70015300682e-05, 1.64356679306e-05, 2.2047688617e-05, 9.84858070296e-06, 1.40918273246e-05, 1.30508269649e-05, 1.1735807675e-05, 1.34440597321e-05, 2.85943679046e-05, 3.70166017092e-05, 0.000189163110917, 7.08643574399e-06, 6.94294703862e-06, 7.31101454221e-06, 1.04836108221e-05, 1.64370376297e-05, 0.000112961752166, 0.000398745090934, 8.51656750456e-06, 2.27402961173e-05, 1.02154581327e-05, 5.34387299922e-06, 6.72886972097e-06, 1.32589084387e-05, 9.93889079837e-06, 1.60376384883e-06, 1.47892262703e-06, 1.68379983734e-06, 2.03541253541e-06, 3.67713028027e-06, 1.8159356614e-06, 1.46631111875e-06, 3.03674846691e-06, 2.25291614697e-06, 1.85351962045e-06, 3.59058299182e-06, 8.52380253491e-06, 6.77976345287e-07, 4.02731416216e-07, 4.65181699383e-07, 4.54097943248e-07, 6.83996859152e-07, 2.45333558269e-06, 9.04146304492e-08, 6.60707252798e-11, 5.46830740411e-11, 4.74447078846e-11, 4.65566439567e-11],
        "mean": [7.97011743998e-05, 0.000391342415242, 0.00067731004674, 0.00087030994473, 0.000844416383188, 0.000630199559964, 0.00050508370623, 0.000406487000873, 0.000359119556379, 0.000274055288173, 0.000150816515088, 0.000111961184302, 0.000111409375677, 0.000127539926325, 0.000161413816386, 0.000161065850989, 0.000129534848384, 0.000118912983453, 0.00012011238141, 0.000114613445476, 0.000124184603919, 0.000121402932564, 0.000143757672049, 0.000184710501344, 0.000208487763302, 0.000249074277235, 0.00035620763083, 0.000383467850043, 0.000338582700351, 0.000287546718027, 0.000326125766151, 0.000349056295818, 0.000332387135131, 0.000343999243341, 0.000386907806387, 0.000342037674272, 0.000228488032008, 0.000247066491283, 0.000247558229603, 0.000202103168704, 0.000193251573364, 0.000171381398104, 0.000167053265614, 0.000168303231476, 0.000167636782862, 0.000172314292286, 0.000174320157384, 0.000146522957948, 0.000144638936035, 0.000133219888085, 0.000119588141388, 0.000105618259113, 9.51290494413e-05, 6.72601818223e-05, 5.90150448261e-05, 5.49727374164e-05, 5.45716757188e-05, 4.70434861199e-05, 3.76626703655e-05, 3.3703247027e-05, 3.27340385411e-05, 2.91292471957e-05, 2.51994551945e-05, 1.93118685274e-05, 1.61927782756e-05, 1.43981569636e-05, 1.2399181287e-05, 9.64380797086e-06, 8.87204532773e-06, 8.23386562843e-06, 7.06085938873e-06, 5.90441095483e-06, 6.003857834e-06, 6.50250194667e-06, 5.18574188391e-06, 4.70794384455e-06, 4.29233068644e-06, 3.6787728277e-06, 3.5445591493e-06, 3.02783359984e-06, 2.84982434096e-06, 2.74135663858e-06, 2.35401216742e-06, 2.15284967453e-06, 2.13839325625e-06, 1.97932217816e-06, 1.79001028755e-06, 1.78707466603e-06, 2.31802096096e-06, 2.49653271567e-06, 4.94034384246e-06, 1.19008200272e-06, 1.10425219191e-06, 1.06714935555e-06, 1.03075751667e-06, 1.47759999436e-06, 2.84884481516e-06, 6.32713545201e-06, 8.5558946239e-07, 1.19815649668e-06, 8.73776514254e-07, 5.92215144479e-07, 5.07324102728e-07, 5.63575497381e-07, 4.48587030633e-07, 2.97535876825e-07, 2.74173203252e-07, 2.34090919093e-07, 2.07350524306e-07, 1.85242200246e-07, 1.80078913559e-07, 1.75943583258e-07, 2.43510669407e-07, 1.70448259951e-07, 1.16719824916e-07, 2.11786996829e-07, 3.12145346015e-07, 2.39128024049e-08, 1.19218972472e-08, 1.10075335513e-08, 1.62810653848e-08, 2.35303438956e-08, 3.5755459038e-08, 7.13680115005e-10, 3.96347061074e-12, 3.37926193104e-12, 3.05996243968e-12, 2.99646115212e-12],
        "min": [8.48645209661e-10, 6.27567908751e-09, 4.70145202769e-08, 9.75724105956e-08, 1.09688201633e-07, 7.18969914715e-08, 3.89251120225e-08, 2.66268305182e-08, 1.16364713421e-08, 2.00706629094e-09, 1.620004908e-09, 1.12025022592e-09, 3.16579817916e-10, 2.11103690084e-10, 5.88937731916e-10, 2.01555244717e-10, 2.37051756002e-09, 7.009004932e-09, 4.65173100039e-09, 1.03218389391e-09, 1.20436008388e-10, 2.01620373175e-10, 5.11882036758e-10, 7.73631103623e-10, 7.96775923018e-10, 1.37065592209e-09, 5.14343123648e-10, 4.41012087959e-10, 3.55641904815e-10, 1.27897276103e-10, 2.76648093323e-10, 7.52408066407e-11, 1.35787395217e-10, 5.61021007428e-10, 2.86522555681e-10, 2.64103960923e-10, 3.94361515665e-10, 6.3587668464e-10, 2.27833363287e-10, 1.13883813491e-09, 4.75029293678e-10, 6.18713275058e-11, 2.83242818089e-10, 3.71033620494e-10, 9.75219016652e-10, 5.0746096214e-10, 7.0368273708e-11, 2.81449946682e-10, 4.37854696944e-10, 4.95774643561e-10, 7.4262279659e-10, 6.8449002022e-10, 4.91929996738e-10, 2.36817787602e-10, 2.88970680717e-10, 4.04832500855e-10, 1.7519485862e-10, 4.58846932672e-10, 4.41325642697e-10, 5.62624113964e-10, 2.99064634168e-10, 1.39154257561e-10, 1.6925277152e-11, 6.04818348182e-11, 3.33973647348e-11, 2.0400557979e-11, 8.74140412832e-11, 3.09287984113e-10, 1.88165205639e-10, 6.78509401442e-11, 6.31489860403e-11, 5.89793561212e-11, 4.64599470007e-11, 3.59840490738e-11, 5.87135617902e-11, 2.15466706976e-11, 2.73611584778e-11, 2.79274537524e-11, 2.99417088345e-11, 2.13417374051e-11, 2.88042558555e-11, 1.76248512312e-11, 3.87420512338e-11, 4.49939842329e-11, 2.74173010684e-11, 3.52754735145e-11, 2.43744902734e-11, 4.60457609541e-11, 3.81974729624e-11, 3.19554833983e-11, 4.22994833604e-11, 1.87662246853e-11, 2.02589021947e-11, 1.67030902998e-11, 3.78219504327e-11, 3.01562837202e-11, 4.22080009832e-11, 5.2456108901e-11, 5.1459152911e-11, 3.23421046888e-11, 8.27614851651e-11, 1.95705562867e-10, 1.81069034766e-10, 9.03710925537e-11, 5.07332266475e-11, 3.94147735283e-11, 8.28637575223e-11, 1.40481820621e-10, 7.01338015441e-11, 9.6783671355e-11, 8.96486149204e-11, 1.49050785603e-10, 1.09629492984e-10, 5.03529891394e-11, 3.93827435941e-11, 4.64674861089e-11, 1.25519950336e-12, 7.87974178094e-13, 6.90619599269e-13, 6.01749661384e-13, 5.94699203077e-13, 6.61052484453e-13, 7.39012909028e-13, 4.71195348364e-13, 3.0194683559e-13, 1.26753655857e-13, 2.09056066187e-14, 8.61293593954e-16],
        "stdev": [0.000304031622363, 0.00182645895984, 0.00295602646656, 0.0028660625685, 0.00227435305715, 0.00164534139913, 0.00126720499247, 0.00096495996695, 0.00119137810543, 0.000854791607708, 0.000376630108804, 0.000268159346888, 0.000339278980391, 0.000349276291672, 0.000452273758128, 0.000418088253355, 0.000300191313727, 0.000261148175923, 0.000239362358116, 0.000188999649254, 0.000174966655322, 0.000192406325368, 0.000179322698386, 0.000211308972212, 0.00025994196767, 0.000314380857162, 0.000560882559512, 0.000555036705919, 0.000419444375439, 0.000384271173971, 0.000409553904319, 0.000406940642279, 0.000427864317317, 0.000368208187865, 0.000412386929384, 0.000437262526248, 0.000302779342746, 0.000335900345817, 0.000299794017337, 0.000240080291405, 0.000222242713789, 0.000198023219127, 0.000191525294213, 0.000197971035959, 0.000200306400075, 0.000211531078094, 0.000219583700527, 0.000171969630173, 0.00017269491218, 0.000155682922923, 0.000136335860589, 0.000125115082483, 0.000119962263852, 7.60428520152e-05, 6.59534416627e-05, 5.55672195333e-05, 5.46662340639e-05, 5.21959336766e-05, 4.28344792454e-05, 3.65765263268e-05, 3.52217939508e-05, 3.1765033782e-05, 2.98209215543e-05, 2.0018154828e-05, 1.54101471708e-05, 1.40319752973e-05, 1.28098372443e-05, 7.89529440226e-06, 7.81688413554e-06, 7.99907502369e-06, 6.799374205e-06, 5.29479757461e-06, 5.74460409553e-06, 6.75719184073e-06, 5.17287389812e-06, 5.70919519305e-06, 4.70304712508e-06, 3.56247164746e-06, 3.10887298838e-06, 2.58655381913e-06, 2.5142294362e-06, 2.43516615228e-06, 2.1114710762e-06, 1.83384361208e-06, 1.88407648238e-06, 1.77548804459e-06, 1.67084363056e-06, 1.62977210039e-06, 2.47899220085e-06, 4.10817165175e-06, 1.56751866598e-05, 1.03245247374e-06, 1.00420072613e-06, 1.0270769053e-06, 1.0095665175e-06, 1.74885872184e-06, 8.28882275528e-06, 3.13320342684e-05, 9.59438011705e-07, 1.84031398476e-06, 9.93173443931e-07, 6.11248026416e-07, 5.38702920494e-07, 9.39125584409e-07, 6.6703006496e-07, 2.3593788967e-07, 2.23910888053e-07, 1.95698817151e-07, 1.92541861566e-07, 2.14261547171e-07, 1.90150714729e-07, 2.13169485619e-07, 4.44319510962e-07, 2.75901498981e-07, 2.07064601909e-07, 4.4141535227e-07, 9.47310184074e-07, 7.4062590727e-08, 4.53284734192e-08, 4.68459866454e-08, 5.97995608587e-08, 8.31393478506e-08, 1.62346879051e-07, 4.55892390505e-09, 5.66859406637e-12, 5.39415647566e-12, 5.23590936233e-12, 5.15965959194e-12]
    },
    "mfcc": {
        "mean": [-601.832702637, 96.9371032715, -38.2732772827, -10.7751913071, 0.862694263458, 3.1463830471, 2.00092983246, 6.18766260147, 0.365034192801, 0.131212726235, -4.03532314301, -1.44567167759, -2.71870970726],
        "cov": [[3088.47460938, -435.492126465, -937.956359863, -530.490600586, -518.206176758, -112.928672791, -194.00239563, 5.37897014618, -7.7119717598, -16.9407367706, -67.1791610718, -17.2839031219, -28.3847827911], [-435.492126465, 404.564208984, 479.306793213, 254.079467773, 245.220993042, 76.9958572388, 127.090576172, 54.3135261536, 13.5293073654, 38.0984230042, 22.8271427155, 60.042350769, 15.2950620651], [-937.956359863, 479.306793213, 1328.01843262, 495.057312012, 505.189086914, 88.5407562256, 199.760955811, 23.3008079529, -21.7154521942, 79.9128417969, 28.1333274841, 95.9940414429, 19.1141471863], [-530.490600586, 254.079467773, 495.057312012, 441.056274414, 260.45614624, 135.656188965, 183.375854492, 98.755065918, 13.1931333542, 9.83485221863, 20.5696926117, 69.9355163574, 12.0256814957], [-518.206176758, 245.220993042, 505.189086914, 260.45614624, 277.081817627, 76.5484848022, 113.606117249, 33.8122520447, 8.35949516296, 37.7502059937, 22.1247367859, 51.4281082153, 13.671374321], [-112.928672791, 76.9958572388, 88.5407562256, 135.656188965, 76.5484848022, 102.726600647, 84.5794296265, 61.3124923706, 8.63115596771, 4.08339118958, 7.8530960083, 25.9061946869, 13.7990884781], [-194.00239563, 127.090576172, 199.760955811, 183.375854492, 113.606117249, 84.5794296265, 137.704925537, 78.5809249878, 14.7169523239, 3.35902690887, 11.6087808609, 29.0206451416, 16.8300685883], [5.37897014618, 54.3135261536, 23.3008079529, 98.755065918, 33.8122520447, 61.3124923706, 78.5809249878, 102.793891907, 13.2862319946, 4.80701112747, 5.08932495117, 18.6728610992, 11.4584741592], [-7.7119717598, 13.5293073654, -21.7154521942, 13.1931333542, 8.35949516296, 8.63115596771, 14.7169523239, 13.2862319946, 47.8495292664, 9.23350429535, 8.41989135742, 2.67332363129, -0.880352437496], [-16.9407367706, 38.0984230042, 79.9128417969, 9.83485221863, 37.7502059937, 4.08339118958, 3.35902690887, 4.80701112747, 9.23350429535, 51.9763565063, 10.544921875, 14.661403656, 3.03640818596], [-67.1791610718, 22.8271427155, 28.1333274841, 20.5696926117, 22.1247367859, 7.8530960083, 11.6087808609, 5.08932495117, 8.41989135742, 10.544921875, 34.0339813232, 10.9688901901, 6.0464425087], [-17.2839031219, 60.042350769, 95.9940414429, 69.9355163574, 51.4281082153, 25.9061946869, 29.0206451416, 18.6728610992, 2.67332363129, 14.661403656, 10.9688901901, 55.0058479309, 10.988576889], [-28.3847827911, 15.2950620651, 19.1141471863, 12.0256814957, 13.671374321, 13.7990884781, 16.8300685883, 11.4584741592, -0.880352437496, 3.03640818596, 6.0464425087, 10.988576889, 30.4327888489]],
        "icov": [[0.000564039626624, 5.00785499753e-05, -7.06736245775e-05, 0.000487406097818, 0.00101267325226, -0.00018447288312, -8.83417669684e-05, -0.000525432638824, -4.80508570035e-05, -0.000345870008459, 0.000736806774512, -0.00116836326197, 0.00053670827765], [5.00785499753e-05, 0.00584702473134, -0.000551203323994, 0.000252007273957, -0.00337718636729, 0.000565647147596, -0.00151761574671, -0.000926745298784, -0.000573960016482, -0.00030822280678, -9.89612744888e-05, -0.00167745316867, 0.000443071563495], [-7.06736245775e-05, -0.000551203323994, 0.00347628653981, -0.00157446390949, -0.00460317358375, 0.00325855542906, -0.00218110461719, 0.00196717167273, 0.00275358883664, -0.00233430438675, 0.00105119019281, 8.98973012227e-05, -0.000222964168643], [0.000487406097818, 0.000252007273957, -0.00157446390949, 0.0105520086363, -0.00315134041011, -0.00443403236568, -0.00381855037995, -0.00313973496668, -0.000766371318605, 0.00481373863295, -6.63008759147e-05, -0.00493878312409, 0.00516126258299], [0.00101267325226, -0.00337718636729, -0.00460317358375, -0.00315134041011, 0.0221655461937, -0.00513666961342, -0.000536989886314, 0.00288750254549, -0.00260767177679, -0.00437437510118, -0.000955469731707, -0.00135373196099, -0.000600664061494], [-0.00018447288312, 0.000565647147596, 0.00325855542906, -0.00443403236568, -0.00513666961342, 0.026013225317, -0.00907215569168, -0.00333102163859, 0.00265094148926, -0.00220384588465, 0.00124685757328, -0.001361875562, -0.00342651922256], [-8.83417669684e-05, -0.00151761574671, -0.00218110461719, -0.00381855037995, -0.000536989886314, -0.00907215569168, 0.0302204098552, -0.0120670953766, -0.00487961340696, 0.00605198461562, -0.0018218025798, 0.00337467715144, -0.00585673097521], [-0.000525432638824, -0.000926745298784, 0.00196717167273, -0.00313973496668, 0.00288750254549, -0.00333102163859, -0.0120670953766, 0.0234197825193, 9.24195137486e-06, -0.00536032533273, 0.0012600311311, 0.000216088985326, -0.00174377579242], [-4.80508570035e-05, -0.000573960016482, 0.00275358883664, -0.000766371318605, -0.00260767177679, 0.00265094148926, -0.00487961340696, 9.24195137486e-06, 0.0258829221129, -0.00590319186449, -0.00427399016917, 0.00105205073487, 0.00328853121027], [-0.000345870008459, -0.00030822280678, -0.00233430438675, 0.00481373863295, -0.00437437510118, -0.00220384588465, 0.00605198461562, -0.00536032533273, -0.00590319186449, 0.0288883000612, -0.00552650541067, -0.0045166965574, 0.000707835482899], [0.000736806774512, -9.89612744888e-05, 0.00105119019281, -6.63008759147e-05, -0.000955469731707, 0.00124685757328, -0.0018218025798, 0.0012600311311, -0.00427399016917, -0.00552650541067, 0.036063939333, -0.00521185109392, -0.00435573142022], [-0.00116836326197, -0.00167745316867, 8.98973012227e-05, -0.00493878312409, -0.00135373196099, -0.001361875562, 0.00337467715144, 0.000216088985326, 0.00105205073487, -0.0045166965574, -0.00521185109392, 0.0296631753445, -0.0082676410675], [0.00053670827765, 0.000443071563495, -0.000222964168643, 0.00516126258299, -0.000600664061494, -0.00342651922256, -0.00585673097521, -0.00174377579242, 0.00328853121027, 0.000707835482899, -0.00435573142022, -0.0082676410675, 0.0408319011331]]
    },
    "spectral_contrast_coeffs": {
        "max": [-0.556651353836, -0.620393514633, -0.664718806744, -0.723355770111, -0.722190260887, -0.690091848373],
        "mean": [-0.741736829281, -0.824954032898, -0.793569147587, -0.819781243801, -0.796166718006, -0.773404479027],
        "min": [-0.868000626564, -0.912154197693, -0.909922361374, -0.905967175961, -0.892104148865, -0.90623909235],
        "stdev": [0.0531797483563, 0.0407893843949, 0.0400633700192, 0.0288173183799, 0.0275674182922, 0.0268174558878]
    },
    "spectral_contrast_valleys": {
        "max": [-4.77964067459, -4.46298313141, -4.91916131973, -5.2095656395, -6.06612873077, -8.55300807953],
        "mean": [-7.27314043045, -6.3400387764, -6.18347120285, -6.34360456467, -6.91829967499, -9.64798927307],
        "min": [-12.0064105988, -12.094244957, -12.5996551514, -12.3589477539, -12.535736084, -14.2603702545],
        "stdev": [0.914558947086, 0.612634539604, 0.83672863245, 0.782785534859, 0.649343550205, 0.580418527126]
    }
},
"rhythm": {
    "beats_count": 23,
    "beats_loudness": {
        "max": 0.118460394442,
        "mean": 0.0280637592077,
        "min": 0.00821690168232,
        "stdev": 0.0224780458957
    },
    "bpm": 114.729316711,
    "bpm_histogram_first_peak_bpm": 115,
    "bpm_histogram_first_peak_weight": 0.538461565971,
    "bpm_histogram_second_peak_bpm": 103,
    "bpm_histogram_second_peak_spread": 0.333333313465,
    "bpm_histogram_second_peak_weight": 0.181818187237,
    "danceability": 0.786032378674,
    "onset_rate": 0.626990437508,
    "beats_loudness_band_ratio": {
        "max": [0.513060212135, 0.676892101765, 0.243571192026, 0.584826052189, 0.420111835003, 0.121450401843],
        "mean": [0.177176684141, 0.0812746584415, 0.130672380328, 0.359045594931, 0.22573530674, 0.0577832572162],
        "min": [0.000704462174326, 0.00941796600819, 0.052607242018, 0.0447043962777, 0.0142417307943, 0.02415102534],
        "stdev": [0.190571978688, 0.137889236212, 0.0485215969384, 0.152912423015, 0.123921014369, 0.0263100620359]
    },
    "beats_position": [0.487619042397, 0.975238084793, 1.52090704441, 2.06657600403, 2.60063481331, 3.13469386101, 3.65714287758, 4.17959165573, 4.7020406723, 5.22448968887, 5.73532867432, 6.24616765976, 6.7570066452, 7.26784563065, 7.77868461609, 8.3011341095, 8.82358264923, 9.42730140686, 10.0078001022, 10.5882987976, 11.1687984467, 11.749297142, 12.3530158997],
