{
"metadata": {
    "version": {
        "essentia": "2.1-beta5",
        "essentia_git_sha": "Undefined",
        "extractor": "music 2.0"
    },
    "audio_properties": {
        "analysis": {
            "equal_loudness": 0,
            "length": 48.7502937317,
            "sample_rate": 44100,
            "start_time": 12.7477550507,
            "downmix": "mix"
        },
        "bit_rate": 192000,
        "length": 192.84173584,
        "lossless": 0,
        "number_channels": 2,
        "replay_gain": -8.24912643433,
        "sample_rate": 48000,
        "codec": "mp3",
        "md5_encoded": "383d05c8bed52cabadd11607c678d98c"
    },
    "tags": {
        "file_name": "Latvia_What For_Aisha.mp3",
        "encoding": ["Lavf58.29.100"]
    }
},
"lowlevel": {
    "average_loudness": 0.889367997646,
    "barkbands_crest": {
        "max": 25.6983127594,
        "mean": 12.7589483261,
        "min": 3.25092053413,
        "stdev": 4.70847415924
    },
    "barkbands_flatness_db": {
        "max": 0.47351872921,
        "mean": 0.203528821468,
        "min": 0.0324902646244,
        "stdev": 0.0753741040826
    },
    "barkbands_kurtosis": {
        "max": 272.520629883,
        "mean": 24.9403953552,
        "min": -1.95202541351,
        "stdev": 34.0717201233
    },
    "barkbands_skewness": {
        "max": 13.3992605209,
        "mean": 3.22147893906,
        "min": -5.66053533554,
        "stdev": 2.66234564781
    },
    "barkbands_spread": {
        "max": 113.893638611,
        "mean": 16.7032279968,
        "min": 0.410574942827,
        "stdev": 19.5564441681
    },
    "dissonance": {
        "max": 0.500000238419,
        "mean": 0.435703843832,
        "min": 0.222775563598,
        "stdev": 0.0544974915683
    },
    "dynamic_complexity": 4.41748189926,
    "erbbands_crest": {
        "max": 31.2008800507,
        "mean": 11.9484977722,
        "min": 3.0999288559,
        "stdev": 5.60043668747
    },
    "erbbands_flatness_db": {
        "max": 0.303224682808,
        "mean": 0.155408769846,
        "min": 0.0543394684792,
        "stdev": 0.0481934770942
    },
    "erbbands_kurtosis": {
        "max": 96.6659851074,
        "mean": 4.01069641113,
        "min": -1.83263039589,
        "stdev": 7.91056489944
    },
    "erbbands_skewness": {
        "max": 7.44933605194,
        "mean": 1.07421779633,
        "min": -5.26619577408,
        "stdev": 1.51747310162
    },
    "erbbands_spread": {
        "max": 170.640335083,
        "mean": 45.4513702393,
        "min": 3.19972133636,
        "stdev": 27.4152050018
    },
    "hfc": {
        "max": 311.580627441,
        "mean": 16.296875,
        "min": 0.0578142367303,
        "stdev": 31.5091743469
    },
    "loudness_ebu128": {
        "integrated": -16.7411403656,
        "loudness_range": 6.33670806885,
        "momentary": {
            "max": -11.5728435516,
            "mean": -18.0255775452,
            "min": -35.2120437622,
            "stdev": 3.57504677773
        },
        "short_term": {
            "max": -12.460931778,
            "mean": -17.4942913055,
            "min": -20.8953914642,
            "stdev": 1.87652313709
        }
    },
    "melbands_crest": {
        "max": 31.5331268311,
        "mean": 17.4959182739,
        "min": 2.87274932861,
        "stdev": 6.01581859589
    },
    "melbands_flatness_db": {
        "max": 0.603519558907,
        "mean": 0.283723592758,
        "min": 0.0239735469222,
        "stdev": 0.100369088352
    },
    "melbands_kurtosis": {
        "max": 502.910186768,
        "mean": 57.8371505737,
        "min": -1.90050506592,
        "stdev": 78.9477233887
    },
    "melbands_skewness": {
        "max": 17.5416374207,
        "mean": 4.58185529709,
        "min": -3.33482956886,
        "stdev": 3.50682616234
    },
    "melbands_spread": {
        "max": 283.553741455,
        "mean": 19.1185646057,
        "min": 0.459540516138,
        "stdev": 35.9017295837
    },
    "pitch_salience": {
        "max": 0.868752479553,
        "mean": 0.45079138875,
        "min": 0.0995905548334,
        "stdev": 0.131253778934
    },
    "silence_rate_20dB": {
        "max": 1,
        "mean": 1,
        "min": 1,
        "stdev": 0
    },
    "silence_rate_30dB": {
        "max": 1,
        "mean": 1,
        "min": 1,
        "stdev": 0
    },
    "silence_rate_60dB": {
        "max": 1,
        "mean": 0.129462167621,
        "min": 0,
        "stdev": 0.335706233978
    },
    "spectral_centroid": {
        "max": 6937.91748047,
        "mean": 989.027709961,
        "min": 131.635818481,
        "stdev": 1029.68017578
    },
    "spectral_complexity": {
        "max": 31,
        "mean": 6.55449771881,
        "min": 0,
        "stdev": 5.02705621719
    },
    "spectral_decrease": {
        "max": -1.2341817672e-11,
        "mean": -5.80276626749e-09,
        "min": -2.84884631441e-08,
        "stdev": 4.43859349275e-09
    },
    "spectral_energy": {
        "max": 0.111050263047,
        "mean": 0.0233791470528,
        "min": 5.61341767025e-05,
        "stdev": 0.0175777748227
    },
    "spectral_energyband_high": {
        "max": 0.0364301614463,
        "mean": 0.00103448785376,
        "min": 7.39555275686e-07,
        "stdev": 0.00362487439997
    },
    "spectral_energyband_low": {
        "max": 0.104873389006,
        "mean": 0.0107061378658,
        "min": 2.05623919669e-07,
        "stdev": 0.0108522120863
    },
    "spectral_energyband_middle_high": {
        "max": 0.0364019647241,
        "mean": 0.00185177335516,
        "min": 5.500336556e-06,
        "stdev": 0.00457154912874
    },
    "spectral_energyband_middle_low": {
        "max": 0.0945935770869,
        "mean": 0.0103024030104,
        "min": 1.83593838301e-05,
        "stdev": 0.0115533657372
    },
    "spectral_entropy": {
        "max": 8.86155605316,
        "mean": 7.17191696167,
        "min": 5.18068742752,
        "stdev": 0.676702797413
    },
    "spectral_flux": {
        "max": 0.316455602646,
        "mean": 0.0570832155645,
        "min": 0.00443791225553,
        "stdev": 0.0441628172994
    },
    "spectral_kurtosis": {
        "max": 24.1898441315,
        "mean": 4.62962436676,
        "min": -1.35423433781,
        "stdev": 3.71434378624
    },
    "spectral_rms": {
        "max": 0.0104087330401,
        "mean": 0.0043419636786,
        "min": 0.000234019331401,
        "stdev": 0.00198902818374
    },
    "spectral_rolloff": {
        "max": 13608.984375,
        "mean": 1302.50830078,
        "min": 64.599609375,
        "stdev": 2406.76049805
    },
    "spectral_skewness": {
        "max": 4.1732635498,
        "mean": 1.78768146038,
        "min": -0.508979141712,
        "stdev": 0.684828221798
    },
    "spectral_spread": {
        "max": 21678188,
        "mean": 6251231,
        "min": 1620888.125,
        "stdev": 2013808.375
    },
    "spectral_strongpeak": {
        "max": 13.9406452179,
        "mean": 0.860757648945,
        "min": 0,
        "stdev": 1.1968318224
    },
    "zerocrossingrate": {
        "max": 0.4404296875,
        "mean": 0.0583546049893,
        "min": 0.00341796875,
        "stdev": 0.0659587681293
    },
    "barkbands": {
        "max": [0.00336405355483, 0.0623810626566, 0.0645057037473, 0.0220328345895, 0.0395386628807, 0.0839599370956, 0.0205572769046, 0.0359918698668, 0.0506689250469, 0.0132533190772, 0.0111496224999, 0.0213404558599, 0.0104568544775, 0.010049149394, 0.0190097484738, 0.00913012493402, 0.0203870050609, 0.00891886651516, 0.00755923427641, 0.00357220252044, 0.00549607910216, 0.00779012264684, 0.0109518049285, 0.0134743424132, 0.0141464788467, 0.00197245855816, 9.02171232156e-05],
        "mean": [0.000264377595158, 0.00656117964536, 0.00341154728085, 0.000797960965429, 0.00347059732303, 0.00303809344769, 0.000636435928755, 0.00082103832392, 0.00145430024713, 0.000224200979574, 0.000243415095611, 0.000249818782322, 0.000126914150314, 0.000143873956404, 0.000215818203287, 0.000120291319035, 0.000175993729499, 0.000119729673315, 0.000193734129425, 0.000118334253784, 7.81170892878e-05, 0.0001332165848, 0.000192079052795, 0.000332395400619, 0.000216378393816, 3.68465262e-05, 2.45767728302e-06],
        "min": [1.06794040278e-09, 2.19526814504e-08, 5.73800740256e-08, 1.12592267953e-07, 9.44472901665e-07, 6.85080351559e-07, 2.83029777393e-07, 3.46427981412e-07, 4.55961014723e-07, 3.96198117869e-07, 2.50474812447e-07, 1.29061305643e-07, 1.66664278822e-07, 6.89664716447e-08, 1.28776136421e-07, 8.299410581e-08, 1.24841392335e-07, 8.23764452207e-08, 1.3187512593e-07, 5.48799512501e-08, 1.07422472695e-07, 3.99228028414e-08, 3.84617671045e-08, 4.59078108861e-08, 8.45627639023e-08, 2.24697451756e-08, 2.38144365339e-11],
        "stdev": [0.00058530602837, 0.00807686429471, 0.00372121599503, 0.00147778738756, 0.00542900059372, 0.00691008009017, 0.00183436577208, 0.00311830127612, 0.0048976293765, 0.000698812073097, 0.000838902196847, 0.00118213705719, 0.000540082517546, 0.000486210192321, 0.00113795266952, 0.000642962113488, 0.000902108615264, 0.000565088004805, 0.000745303928852, 0.000384344457416, 0.00030866425368, 0.000593337928876, 0.000761444272939, 0.00130297744181, 0.000874651712365, 0.000103735212178, 6.05658624409e-06]
    },
    "erbbands": {
        "max": [2.41394734383, 13.2145500183, 65.9320144653, 57.2636489868, 89.0345153809, 219.790313721, 648.192382812, 962.675292969, 369.593688965, 683.446594238, 774.635437012, 1403.0345459, 613.691833496, 479.193023682, 627.107055664, 500.246673584, 324.008514404, 588.230651855, 1154.69335938, 300.961517334, 624.979980469, 1128.54174805, 624.14440918, 360.358917236, 324.377929688, 212.518325806, 168.376251221, 307.414916992, 288.945709229, 338.467773438, 305.011077881, 370.541168213, 269.671661377, 197.98815918, 84.9106445312, 16.7041625977, 2.23891568184, 0.231775671244, 0.0131702823564, 0.000527148484252],
        "mean": [0.198672354221, 1.41922974586, 4.19001960754, 3.07319402695, 5.54884243011, 13.8169021606, 23.9778728485, 20.5664710999, 10.5205202103, 13.1205463409, 21.4768466949, 31.1796379089, 13.1649894714, 7.98073625565, 12.8208436966, 7.66731977463, 5.28205633163, 8.51586914062, 11.5307216644, 5.779712677, 7.60189247131, 10.0781059265, 7.6665225029, 9.87296581268, 8.17459583282, 5.6437125206, 2.90938901901, 3.48903226852, 4.51908302307, 5.37270832062, 5.57775211334, 6.75892925262, 5.26922512054, 3.34112668037, 1.04293704033, 0.233856067061, 0.061757452786, 0.0071171913296, 0.000430520129157, 4.09266176575e-05],
        "min": [9.84860207609e-07, 5.78309254706e-06, 0.000102875921584, 0.000505642732605, 0.00184861337766, 0.00321369129233, 0.00281568826176, 0.011708186008, 0.0101745491847, 0.00866857264191, 0.0122461570427, 0.0101290363818, 0.0141213228926, 0.016179587692, 0.0163007713854, 0.00926589686424, 0.00879930797964, 0.00625209091231, 0.00821806676686, 0.00634500710294, 0.00933153647929, 0.00849419366568, 0.00514068081975, 0.00590784987435, 0.00669142277911, 0.00277472892776, 0.00465811043978, 0.00305949361064, 0.00154453096911, 0.00099515193142, 0.00122729025315, 0.000618872290943, 0.00086164381355, 0.000644964515232, 0.000548922806047, 0.000218743094592, 6.14712844254e-05, 2.42328087552e-06, 1.67814533825e-07, 9.15702358384e-08],
        "stdev": [0.345581620932, 1.56395483017, 4.41579198837, 3.93168663979, 10.2948722839, 26.3440704346, 52.6543121338, 55.9485054016, 29.1706542969, 51.2384338379, 64.5066223145, 105.72744751, 40.6450538635, 21.264541626, 55.3057823181, 27.621055603, 18.7357749939, 29.635427475, 59.7941741943, 21.3684635162, 36.8997650146, 54.6192245483, 39.8027572632, 36.835975647, 29.3939266205, 18.1588344574, 10.8709516525, 13.9935884476, 19.2618579865, 24.2440834045, 21.8147773743, 28.5452518463, 19.9146118164, 13.4218082428, 4.45154047012, 0.767723441124, 0.152072146535, 0.0167644415051, 0.000988960615359, 4.46214835392e-05]
    },
    "gfcc": {
        "mean": [-59.1489753723, 79.3204650879, -70.2963027954, 33.215221405, -58.4859046936, 20.9453811646, -41.8477478027, 18.1348590851, -27.3054275513, 1.21550559998, -14.8118801117, -0.67130023241, -9.70104026794],
        "cov": [[5963.18994141, -782.830627441, -191.173324585, 74.3236236572, -578.939819336, 229.133026123, -98.0428390503, 60.5094985962, 146.484420776, 156.041061401, 167.345840454, 15.1009521484, -31.9622440338], [-782.830627441, 1990.41210938, 317.436187744, -101.433425903, 482.118865967, 1.34195888042, 229.819046021, 95.853187561, 102.610717773, -101.724121094, 108.973106384, -19.4436283112, -34.1514320374], [-191.173324585, 317.436187744, 1280.73608398, 468.92175293, 216.520233154, 178.562927246, 126.957931519, 48.1477012634, 59.4553985596, -2.60599541664, -5.42667913437, -18.9186820984, 31.9667930603], [74.3236236572, -101.433425903, 468.92175293, 625.475646973, 258.801727295, 118.881187439, 106.322669983, 112.835868835, 97.6616744995, 14.1516180038, -29.1048469543, -17.1615180969, 33.3814506531], [-578.939819336, 482.118865967, 216.520233154, 258.801727295, 890.175476074, 114.19278717, 255.396072388, 209.568191528, 49.1282997131, -19.4642238617, -59.3768997192, -62.2330970764, 13.7398376465], [229.133026123, 1.34195888042, 178.562927246, 118.881187439, 114.19278717, 325.006256104, 161.312911987, 44.4439697266, 40.8333969116, 57.5471878052, 3.04531478882, -51.3254241943, -14.2105140686], [-98.0428390503, 229.819046021, 126.957931519, 106.322669983, 255.396072388, 161.312911987, 321.282348633, 100.3021698, 31.1817188263, 31.4453983307, 4.01868963242, -38.7107200623, -8.74043655396], [60.5094985962, 95.853187561, 48.1477012634, 112.835868835, 209.568191528, 44.4439697266, 100.3021698, 215.337997437, 58.1107215881, 4.21875238419, -3.48977851868, 1.46765244007, 16.6503181458], [146.484420776, 102.610717773, 59.4553985596, 97.6616744995, 49.1282997131, 40.8333969116, 31.1817188263, 58.1107215881, 148.461273193, 29.4876308441, 19.9235095978, 20.5520954132, 14.8104600906], [156.041061401, -101.724121094, -2.60599541664, 14.1516180038, -19.4642238617, 57.5471878052, 31.4453983307, 4.21875238419, 29.4876308441, 113.003860474, 23.1455516815, 1.5711979866, 4.15580940247], [167.345840454, 108.973106384, -5.42667913437, -29.1048469543, -59.3768997192, 3.04531478882, 4.01868963242, -3.48977851868, 19.9235095978, 23.1455516815, 131.464874268, 36.4459342957, 9.09768104553], [15.1009521484, -19.4436283112, -18.9186820984, -17.1615180969, -62.2330970764, -51.3254241943, -38.7107200623, 1.46765244007, 20.5520954132, 1.5711979866, 36.4459342957, 105.166954041, 31.1772193909], [-31.9622440338, -34.1514320374, 31.9667930603, 33.3814506531, 13.7398376465, -14.2105140686, -8.74043655396, 16.6503181458, 14.8104600906, 4.15580940247, 9.09768104553, 31.1772193909, 85.0958251953]],
        "icov": [[0.000215652224142, 6.87374267727e-05, 3.05683752231e-05, -3.28229289153e-05, 0.00014279660536, -0.000169464576175, 8.91961244633e-05, -0.000192869687453, -0.000177446665475, -3.96427531086e-05, -0.000283770932583, 0.00011533745419, 0.000126422877656], [6.87374267727e-05, 0.000985270016827, -0.000370505906176, 0.000718096620403, -0.000510215468239, 0.000337173463777, -0.000508657540195, 0.000130235363031, -0.00109595700633, 0.00106587540358, -0.00113000161946, 0.000346235727193, 0.000472329586046], [3.05683752231e-05, -0.000370505906176, 0.00129983678926, -0.00111833831761, 0.00019129634893, -0.00058214890305, 0.000120957978652, 0.000237093787291, 0.000471221777843, -6.57895798213e-05, 0.000198284556973, -0.00019968955894, -0.000375710282242], [-3.28229289153e-05, 0.000718096620403, -0.00111833831761, 0.00328151509166, -0.000782283197623, 8.39150161482e-05, -0.000306887493934, -0.000386859319406, -0.00187455676496, 0.000705070095137, -0.000171780659002, 0.000433290289948, -0.000255362276221], [0.00014279660536, -0.000510215468239, 0.00019129634893, -0.000782283197623, 0.00231061759405, -0.000162266383995, -0.000716101494618, -0.00141136453021, 0.000505901523866, -0.00013395329006, 0.000932703900617, 0.000564841611777, -0.000501860398799], [-0.000169464576175, 0.000337173463777, -0.00058214890305, 8.39150161482e-05, -0.000162266383995, 0.00527873309329, -0.00225804816, 0.000326724140905, -0.000930502661504, -0.00131370732561, -0.000353240786353, 0.00182645046152, 0.000463995384052], [8.91961244633e-05, -0.000508657540195, 0.000120957978652, -0.000306887493934, -0.000716101494618, -0.00225804816, 0.00580581277609, -0.00143596844282, 0.000820181681775, -0.00125235214364, -0.000264697242528, 0.000345424690749, 0.000340310682077], [-0.000192869687453, 0.000130235363031, 0.000237093787291, -0.000386859319406, -0.00141136453021, 0.000326724140905, -0.00143596844282, 0.00732469884679, -0.00190073996782, 0.000670232169796, 7.67132369219e-05, -0.000733731139917, -0.000697019975632], [-0.000177446665475, -0.00109595700633, 0.000471221777843, -0.00187455676496, 0.000505901523866, -0.000930502661504, 0.000820181681775, -0.00190073996782, 0.0102268438786, -0.00281049660407, 0.000503055169247, -0.00216842885129, -0.000631062837783], [-3.96427531086e-05, 0.00106587540358, -6.57895798213e-05, 0.000705070095137, -0.00013395329006, -0.00131370732561, -0.00125235214364, 0.000670232169796, -0.00281049660407, 0.0119791459292, -0.00243142317049, 0.00041215645615, -0.00028345224564], [-0.000283770932583, -0.00113000161946, 0.000198284556973, -0.000171780659002, 0.000932703900617, -0.000353240786353, -0.000264697242528, 7.67132369219e-05, 0.000503055169247, -0.00243142317049, 0.0106658795848, -0.00343979801983, -0.000667818298098], [0.00011533745419, 0.000346235727193, -0.00019968955894, 0.000433290289948, 0.000564841611777, 0.00182645046152, 0.000345424690749, -0.000733731139917, -0.00216842885129, 0.00041215645615, -0.00343979801983, 0.0136936549097, -0.0038118539378], [0.000126422877656, 0.000472329586046, -0.000375710282242, -0.000255362276221, -0.000501860398799, 0.000463995384052, 0.000340310682077, -0.000697019975632, -0.000631062837783, -0.00028345224564, -0.000667818298098, -0.0038118539378, 0.0141513189301]]
    },
    "melbands": {
        "max": [0.0189178492874, 0.0267956312746, 0.00913577713072, 0.00901648029685, 0.017029279843, 0.0184533502907, 0.00474209524691, 0.00847780611366, 0.00870370306075, 0.00966756790876, 0.00319243664853, 0.00195466261357, 0.00169811304659, 0.00306091015227, 0.00106687820517, 0.00112353463192, 0.000991594628431, 0.00171935383696, 0.00119747687131, 0.000532364239916, 0.000728398037609, 0.000940268568229, 0.00101335311774, 0.000654582981952, 0.000358510063961, 0.000294014287647, 0.000212965969695, 0.000126630387967, 0.000113376947411, 0.000168522834429, 0.000198922090931, 0.000197135042981, 0.000240197958192, 0.000223263079533, 0.000167805730598, 0.000215912659769, 0.000223839495447, 0.00021569681121, 0.000151463551447, 0.000185166310985],
        "mean": [0.00174479337875, 0.00201151845977, 0.000590620213188, 0.00070500629954, 0.000788494304288, 0.000483611889649, 0.000150468025822, 0.000148842969793, 0.000203443021746, 0.000193268060684, 6.20430437266e-05, 3.01264171867e-05, 3.74055125576e-05, 3.46046945197e-05, 1.23593335957e-05, 1.21709326777e-05, 1.57957056217e-05, 1.67554735526e-05, 1.3748947822e-05, 7.28098302716e-06, 8.54391691973e-06, 1.03161446532e-05, 7.51305788071e-06, 6.74257762512e-06, 8.32686600916e-06, 6.03247826803e-06, 5.52868323211e-06, 3.26159693032e-06, 1.56620808411e-06, 1.94160588762e-06, 2.07568405131e-06, 2.4938531169e-06, 2.73832483799e-06, 3.08967764795e-06, 3.14755448017e-06, 3.51204016624e-06, 4.39895575255e-06, 3.94976996176e-06, 3.02950888909e-06, 2.78818470179e-06],
        "min": [8.43250802518e-09, 4.4435115143e-08, 1.31502758904e-07, 2.63604306383e-07, 9.92788002918e-08, 1.80363798563e-07, 1.42481979992e-07, 5.41132152421e-08, 8.51535659763e-08, 7.05981761939e-08, 5.86880766207e-08, 5.5185726211e-08, 4.44091021734e-08, 2.25636629381e-08, 1.73146386118e-08, 1.73692757954e-08, 9.12398245845e-09, 1.30064847781e-08, 8.73743921659e-09, 7.4098278624e-09, 1.20014753691e-08, 8.85941808804e-09, 4.57927296083e-09, 3.83349929578e-09, 3.39852168629e-09, 4.97959407042e-09, 2.97785951453e-09, 1.33941380209e-09, 2.49381826301e-09, 2.0597221706e-09, 7.07747860318e-10, 9.68146118829e-10, 2.97397412252e-10, 4.0993863859e-10, 8.39328662128e-10, 3.85288412286e-10, 3.22238069561e-10, 6.06303063311e-10, 2.61401650326e-10, 4.10423889319e-10],
        "stdev": [0.00248736096546, 0.00195021356922, 0.000737016089261, 0.00122158357408, 0.00148826732766, 0.00119687535334, 0.000406108942116, 0.000630464463029, 0.000663250160869, 0.000665281899273, 0.000205156000447, 8.73955505085e-05, 0.000141037089634, 0.000170838102349, 5.34900573257e-05, 5.33094644197e-05, 5.41923109267e-05, 8.81386222318e-05, 7.05247512087e-05, 3.8085396227e-05, 4.39940449724e-05, 5.14728853886e-05, 4.45611185569e-05, 3.57713179255e-05, 3.3653974242e-05, 2.28005374083e-05, 2.03953950404e-05, 1.04824648588e-05, 6.57889131617e-06, 7.98867313279e-06, 8.48587023938e-06, 1.07665082396e-05, 1.35043037517e-05, 1.35262316689e-05, 1.20587565107e-05, 1.4954782273e-05, 1.89315251191e-05, 1.57574759214e-05, 1.09516049633e-05, 1.1909620298e-05]
    },
    "melbands128": {
        "max": [0.00324910529889, 0.0209765341133, 0.0247939489782, 0.0227761045098, 0.0341229513288, 0.0297905169427, 0.0128273181617, 0.0108742639422, 0.0120695466176, 0.0126618277282, 0.017004083842, 0.0162867717445, 0.024571724236, 0.0357406102121, 0.0301165487617, 0.0214748103172, 0.0098037738353, 0.00599028589204, 0.00397458858788, 0.00925495196134, 0.0153172742575, 0.0109001807868, 0.0126673756167, 0.0200322363526, 0.0112080965191, 0.0178164783865, 0.00932467356324, 0.00425796071067, 0.00368898827583, 0.00187247246504, 0.00347422179766, 0.00272852159105, 0.00177130708471, 0.00471483636647, 0.00666627567261, 0.00247208634391, 0.000668099964969, 0.00137313012965, 0.00241663958877, 0.000826210016385, 0.00144951511174, 0.00282770139165, 0.0013778230641, 0.000864228932187, 0.000719015893992, 0.00310453725979, 0.00344895618036, 0.0026581005659, 0.00029686675407, 0.000344639149262, 0.00117509334814, 0.0017463171389, 0.00197558710352, 0.000787952740211, 0.000547009054571, 0.000833737663925, 0.00319356564432, 0.00171777850483, 0.000679664197378, 0.0011293750722, 0.00138900324237, 0.000336639612215, 0.000620421953499, 0.000612412986811, 0.000759767717682, 0.000555656384677, 0.000527461990714, 0.00045254494762, 0.00046745853615, 0.000399262207793, 0.000249931210419, 0.000156168694957, 0.000118480471428, 0.000180247065146, 0.000206364638871, 0.000217639098992, 0.000202292823815, 9.67150117503e-05, 0.000199061876629, 0.000339606282068, 0.000286711321678, 0.000179505979759, 0.000142979086377, 0.000337195961038, 0.000405052502174, 0.000271363183856, 0.000220444824663, 0.000246904528467, 0.000165333709447, 0.000237285115873, 0.000167866135598, 0.000240895649767, 0.000383119069738, 0.000232809252338, 0.000360345758963, 0.000354726304067, 0.000356813630788, 0.000180992676178, 0.000180015238584, 0.000192218067241, 0.000250063312706, 0.00026838760823, 0.000160534313181, 0.000149108003825, 0.000157755799592, 7.00844175299e-05, 4.40926633019e-05, 5.60357912036e-05, 2.52101599472e-05, 1.82561798283e-05, 9.63450293057e-06, 1.00646366263e-05, 1.11172403194e-05, 6.28631960353e-06, 3.52601637132e-06, 2.68363737632e-06, 2.02327100851e-06, 1.74347098891e-06, 1.10237908757e-06, 6.84670624196e-07, 4.86636736241e-07, 2.75028895658e-07, 1.10655960839e-07, 3.9506105054e-09, 1.50252388309e-09, 1.47200251988e-09, 1.45198075785e-09, 1.43964884458e-09],
        "mean": [0.000259075837675, 0.00163732271176, 0.00212010508403, 0.00242361519486, 0.0024837043602, 0.00139031431172, 0.000596847792622, 0.00035541516263, 0.00051682483172, 0.000788736331742, 0.000811354781035, 0.000637407705653, 0.000881999148987, 0.00087844801601, 0.000475074513815, 0.000293043151032, 0.000180733230081, 0.000125835053041, 0.000108538180939, 0.000143831726746, 0.000190432721865, 0.000105762206658, 0.000204248455702, 0.000315753015457, 0.00018014392117, 0.000198030815227, 0.00010110448784, 4.20692995249e-05, 2.71613389486e-05, 2.6711864848e-05, 3.39338366757e-05, 3.13000382448e-05, 2.38373067987e-05, 5.55675505893e-05, 5.59539912501e-05, 2.19892808673e-05, 1.08091317088e-05, 1.26770883071e-05, 1.40853171615e-05, 7.33654633223e-06, 1.22217961689e-05, 1.8057971829e-05, 1.69719041878e-05, 1.65314650076e-05, 6.05396007813e-06, 1.6816522475e-05, 2.95571899187e-05, 1.89560742001e-05, 4.1747589421e-06, 2.3307641186e-06, 8.25094230095e-06, 1.16690698633e-05, 9.57999327511e-06, 6.62291358822e-06, 7.31473392079e-06, 9.22618437471e-06, 1.63891618286e-05, 7.5622588156e-06, 3.99819464292e-06, 7.09279584044e-06, 8.75355272001e-06, 3.59512159775e-06, 8.58881503518e-06, 1.03279317045e-05, 7.60205239203e-06, 4.41457950728e-06, 6.28091493127e-06, 6.14912869423e-06, 5.36379729965e-06, 4.89915919388e-06, 3.73141779164e-06, 2.14629471884e-06, 1.49180550579e-06, 1.29372517677e-06, 1.74078286364e-06, 2.30299792747e-06, 1.80410665962e-06, 1.80239248948e-06, 2.11655287785e-06, 2.29001216212e-06, 2.54359474638e-06, 2.46088143285e-06, 2.64763389168e-06, 2.65540029432e-06, 2.95652625937e-06, 2.99780504065e-06, 3.14605654239e-06, 3.29477575178e-06, 3.27314273818e-06, 2.88581281893e-06, 2.99914700008e-06, 3.76978846361e-06, 4.25502776125e-06, 4.32510842074e-06, 4.63950573248e-06, 4.39217956227e-06, 3.89184015148e-06, 3.11750955007e-06, 3.08151811623e-06, 2.85478790829e-06, 3.13012787956e-06, 2.92198592433e-06, 2.27801729125e-06, 1.51484471189e-06, 1.05656442884e-06, 7.09192818249e-07, 5.46577552996e-07, 4.26041026458e-07, 3.56231197429e-07, 3.13371913307e-07, 2.63178066007e-07, 2.13492583612e-07, 2.30939974699e-07, 1.2478245992e-07, 7.78467068585e-08, 5.20735738974e-08, 2.92519288791e-08, 4.27752731014e-08, 3.19679571703e-08, 2.51642839899e-09, 3.46927619965e-09, 1.19439114155e-09, 6.73505862192e-10, 1.19568860021e-11, 4.7584327971e-12, 4.62200677037e-12, 4.53847463083e-12, 4.50291973847e-12],
        "min": [2.45880850402e-11, 7.45878470099e-10, 6.99657842773e-09, 4.92109908379e-09, 2.35723014441e-08, 1.75512528955e-08, 3.6694614014e-09, 2.40900686066e-08, 5.24131209545e-08, 8.04861528536e-08, 2.42410980178e-08, 3.14241148658e-08, 9.60230650549e-09, 3.225076739e-08, 7.0693928933e-08, 6.7276417326e-08, 3.16336432604e-08, 7.8376540813e-09, 4.60992595208e-08, 1.04286295155e-08, 2.28960139737e-08, 3.35484244829e-08, 3.5258128861e-08, 1.45513183725e-08, 1.84070856335e-08, 2.24351826006e-08, 4.30277324881e-09, 1.15287397406e-08, 2.28561010118e-08, 2.93256334771e-08, 2.66905075819e-08, 2.11335837719e-08, 1.18463026055e-08, 1.39821487721e-08, 8.14833356344e-09, 8.60839222128e-09, 2.44444553488e-09, 7.4316659493e-09, 6.73470879065e-09, 4.79600270609e-09, 1.00662669311e-08, 3.60648266806e-09, 7.73223529649e-09, 5.3629261032e-09, 5.07669550842e-09, 1.15041487447e-08, 4.65259208937e-09, 2.80681167197e-09, 3.44936057495e-09, 2.25931762188e-09, 3.63818419835e-09, 3.89135923484e-09, 3.87297083293e-09, 7.13343695224e-09, 9.68930979894e-09, 2.73861466837e-09, 2.09854311706e-09, 2.77576539531e-09, 1.19268595e-09, 2.41344721985e-09, 3.04623015701e-09, 3.26119575789e-09, 2.25570162549e-09, 1.62730062758e-09, 1.20184029395e-09, 5.73565772655e-09, 3.13846437727e-09, 1.42330180974e-09, 1.37584610371e-09, 8.38524027991e-10, 7.46614325919e-10, 4.81591766466e-10, 4.28306251576e-10, 4.55665921661e-10, 1.42972433892e-09, 9.60568180552e-10, 2.81075579478e-10, 2.4823568201e-10, 3.41299127848e-10, 7.6783018832e-10, 5.71080738254e-10, 3.79225206792e-10, 4.4433826063e-10, 1.98075500446e-10, 1.65373381655e-10, 1.91714630282e-10, 2.90347801357e-10, 5.18450782305e-10, 3.94191679298e-10, 6.98603452864e-10, 3.6045130769e-10, 3.49131973332e-10, 2.34758046336e-10, 1.77875283947e-10, 1.63952171284e-10, 9.09954889217e-11, 2.7561100624e-10, 3.31388583241e-10, 1.9042792343e-10, 9.66267413305e-11, 3.01689749571e-11, 2.57622395639e-10, 3.97954474929e-10, 2.22708587683e-10, 1.54311022293e-10, 5.09573383489e-10, 3.94264593195e-10, 2.26203760584e-11, 2.5270617196e-11, 4.18898735144e-11, 4.5132234755e-11, 7.70194324984e-11, 1.18714718611e-10, 1.65926161699e-11, 1.4077379941e-13, 1.09615312974e-13, 9.40968697817e-14, 7.37768949665e-14, 6.08504471312e-14, 8.11758971674e-14, 8.1597306223e-14, 6.88180320564e-14, 8.23426748878e-14, 7.82575569559e-14, 4.31734522807e-14, 1.87667891345e-14, 2.92989458785e-15, 1.07243642163e-16],
        "stdev": [0.000578148232307, 0.00330335414037, 0.00320959743112, 0.0027230787091, 0.00269221840426, 0.00153848656919, 0.000837326282635, 0.000754641077947, 0.00125368125737, 0.00169386947528, 0.00191912823357, 0.00152204476763, 0.00235768500715, 0.00240554730408, 0.00173937168438, 0.00117765832692, 0.000717214017641, 0.000465683959192, 0.000373208924429, 0.000714933616109, 0.00110763427801, 0.000450884079328, 0.000810955360066, 0.00154138565995, 0.000752936466597, 0.00104212737642, 0.00047671381617, 0.000176153058419, 0.000140577525599, 9.94779038592e-05, 0.000130877524498, 0.000129850464873, 0.000103919395769, 0.000315534358378, 0.000350234389771, 0.000122896046378, 3.56960008503e-05, 6.66702762828e-05, 9.67384767137e-05, 3.28857422573e-05, 6.96587521816e-05, 0.000132323359139, 7.2481452662e-05, 5.82646644034e-05, 2.86731847154e-05, 0.000140772011946, 0.000187572557479, 0.000133285648189, 1.62071810337e-05, 1.11750214273e-05, 6.16683173575e-05, 7.54148568376e-05, 8.90845840331e-05, 3.3398900996e-05, 2.69833017228e-05, 5.21493129781e-05, 0.000140896430821, 6.42018130748e-05, 2.73539444606e-05, 5.34263890586e-05, 6.4819236286e-05, 1.9238979803e-05, 4.66077726742e-05, 5.22766931681e-05, 5.14122402819e-05, 2.15265899897e-05, 2.76946157101e-05, 3.29874637828e-05, 2.67025643552e-05, 2.21467307711e-05, 1.690132558e-05, 7.34617424314e-06, 6.53250799587e-06, 7.954904504e-06, 8.60597538122e-06, 8.54116115079e-06, 9.97008828563e-06, 7.43011651139e-06, 8.5572437456e-06, 1.17423014672e-05, 1.16640258057e-05, 1.12870620796e-05, 1.1721041119e-05, 1.45867279571e-05, 1.76497342181e-05, 1.53068467625e-05, 1.34728707053e-05, 1.37467259265e-05, 1.22577557704e-05, 1.27920184241e-05, 1.24473826872e-05, 1.67778689502e-05, 2.1012921934e-05, 1.84588207048e-05, 2.21969257836e-05, 1.96190248971e-05, 1.65434921655e-05, 1.1822151464e-05, 1.08055346573e-05, 1.1552640899e-05, 1.37326323966e-05, 1.36544922498e-05, 9.66345851339e-06, 7.42623069527e-06, 5.60953185413e-06, 2.93655352834e-06, 1.89540855899e-06, 1.79773746822e-06, 1.33993785312e-06, 9.61221871876e-07, 7.32074909138e-07, 6.30161594017e-07, 5.25395478235e-07, 3.64300603906e-07, 2.35341019561e-07, 1.56650571626e-07, 1.09495189804e-07, 1.11952651594e-07, 7.50436726094e-08, 2.62850115007e-08, 2.78929181974e-08, 1.04853832283e-08, 5.63330759817e-09, 1.22299823047e-10, 4.64696579827e-11, 4.55432323798e-11, 4.49145824699e-11, 4.45340188338e-11]
    },
    "mfcc": {
        "mean": [-721.277099609, 115.870254517, 40.4827728271, 19.2001743317, 16.3792285919, 0.18638753891, 7.32916975021, 6.05326843262, -0.0287274178118, 3.7190425396, -2.23320031166, -3.06465268135, -1.9302918911],
        "cov": [[6327.73486328, -1290.05688477, 55.6426506042, -343.268554688, -305.440765381, -60.6718826294, -254.066314697, -77.4182510376, -309.01965332, 328.144317627, 24.9882297516, -93.727973938, -28.8399562836], [-1290.05688477, 2037.29553223, -114.028503418, 128.838424683, 259.099060059, 21.8853626251, 233.527175903, 206.031936646, 76.9003677368, -15.6070165634, 123.215988159, 88.4859542847, -6.96806716919], [55.6426506042, -114.028503418, 1180.41589355, 194.956420898, 48.3311576843, 176.20324707, 14.6489152908, 34.8510818481, 9.69833564758, -6.00413942337, 15.0092601776, 61.0956726074, 3.75762176514], [-343.268554688, 128.838424683, 194.956420898, 526.998474121, 294.455932617, 69.5009689331, 110.275794983, 131.667633057, 193.38394165, -4.45772075653, 39.3430213928, 87.6399459839, 78.0641326904], [-305.440765381, 259.099060059, 48.3311576843, 294.455932617, 477.650085449, 78.4238815308, 155.243133545, 121.928153992, 184.75201416, 61.9165496826, 23.4868164062, 20.7943210602, 52.141078949], [-60.6718826294, 21.8853626251, 176.20324707, 69.5009689331, 78.4238815308, 304.936248779, 136.243789673, 48.6095924377, 86.7702255249, 85.183555603, 67.499458313, 2.95064401627, 5.7062664032], [-254.066314697, 233.527175903, 14.6489152908, 110.275794983, 155.243133545, 136.243789673, 344.667877197, 92.3777694702, 134.607635498, 90.4060897827, 45.5271453857, 29.9748344421, 28.8005752563], [-77.4182510376, 206.031936646, 34.8510818481, 131.667633057, 121.928153992, 48.6095924377, 92.3777694702, 189.673843384, 90.4703826904, 38.9175376892, 54.7162704468, 28.0948982239, 26.2046356201], [-309.01965332, 76.9003677368, 9.69833564758, 193.38394165, 184.75201416, 86.7702255249, 134.607635498, 90.4703826904, 288.904144287, 37.9422531128, 30.3609867096, 42.4528121948, 53.6900863647], [328.144317627, -15.6070165634, -6.00413942337, -4.45772075653, 61.9165496826, 85.183555603, 90.4060897827, 38.9175376892, 37.9422531128, 197.207077026, 44.6925086975, -14.2624292374, 17.6577301025], [24.9882297516, 123.215988159, 15.0092601776, 39.3430213928, 23.4868164062, 67.499458313, 45.5271453857, 54.7162704468, 30.3609867096, 44.6925086975, 136.833480835, 7.4485411644, -0.183268949389], [-93.727973938, 88.4859542847, 61.0956726074, 87.6399459839, 20.7943210602, 2.95064401627, 29.9748344421, 28.0948982239, 42.4528121948, -14.2624292374, 7.4485411644, 113.364898682, 32.8747634888], [-28.8399562836, -6.96806716919, 3.75762176514, 78.0641326904, 52.141078949, 5.7062664032, 28.8005752563, 26.2046356201, 53.6900863647, 17.6577301025, -0.183268949389, 32.8747634888, 95.364440918]],
        "icov": [[0.000226074305829, 0.000136741175083, -1.59104019986e-05, 5.17529224453e-05, 8.99978931557e-06, 9.35356874834e-05, 0.000112271038233, -0.000141526834341, 0.000207305245567, -0.000458124181023, -9.75775110419e-05, -8.72418531799e-05, 2.90893749479e-05], [0.000136741175083, 0.000758774927817, 6.87019055476e-05, 0.000248196534812, -0.000408967229305, 0.000197863191715, -0.00031354353996, -0.000588167749811, 0.000377662217943, 0.000126919316244, -0.000567600189243, -0.000592253054492, 0.00032594561344], [-1.59104019986e-05, 6.87019055476e-05, 0.00106833362952, -0.000467361678602, 4.83787807752e-05, -0.000786872929893, 0.000169386650668, -0.000101538178569, 0.000382906000596, 0.000135873662657, 0.00022108774283, -0.000509333680384, 0.000273339246633], [5.17529224453e-05, 0.000248196534812, -0.000467361678602, 0.00425170082599, -0.00200869259425, 9.57732045208e-05, 8.66702466737e-05, -0.00104710634332, -0.000886552210432, 0.00110327010043, -0.000788563862443, -0.00171594170388, -0.00118923687842], [8.99978931557e-06, -0.000408967229305, 4.83787807752e-05, -0.00200869259425, 0.00427385931835, -1.44648911373e-05, -0.000429937528679, -0.000475928914966, -0.00108539673965, -0.00103136152029, 0.00103791046422, 0.00156691321172, -0.00019616704958], [9.35356874834e-05, 0.000197863191715, -0.000786872929893, 9.57732045208e-05, -1.44648911373e-05, 0.00528589868918, -0.00141460308805, 0.00026096534566, -0.000815210980363, -0.00128707848489, -0.00180317822378, 0.000550720957108, 0.000546443741769], [0.000112271038233, -0.00031354353996, 0.000169386650668, 8.66702466737e-05, -0.000429937528679, -0.00141460308805, 0.00487827276811, -0.000684598751832, -0.000965029001236, -0.00151418510359, 0.000386810017517, -0.000688404659741, 2.97224614769e-05], [-0.000141526834341, -0.000588167749811, -0.000101538178569, -0.00104710634332, -0.000475928914966, 0.00026096534566, -0.000684598751832, 0.00837046187371, -0.00102283444721, -0.000475785898743, -0.00191460829228, -4.20603173552e-05, -0.000398571894038], [0.000207305245567, 0.000377662217943, 0.000382906000596, -0.000886552210432, -0.00108539673965, -0.000815210980363, -0.000965029001236, -0.00102283444721, 0.00625567929819, -0.00011916414951, -0.000146790072904, -0.000925395521335, -0.00116549956147], [-0.000458124181023, 0.000126919316244, 0.000135873662657, 0.00110327010043, -0.00103136152029, -0.00128707848489, -0.00151418510359, -0.000475785898743, -0.00011916414951, 0.00812266021967, -0.0015378696844, 0.000962926947977, -0.00158061028924], [-9.75775110419e-05, -0.000567600189243, 0.00022108774283, -0.000788563862443, 0.00103791046422, -0.00180317822378, 0.000386810017517, -0.00191460829228, -0.000146790072904, -0.0015378696844, 0.00992209091783, 3.28888017975e-05, 0.000890637515113], [-8.72418531799e-05, -0.000592253054492, -0.000509333680384, -0.00171594170388, 0.00156691321172, 0.000550720957108, -0.000688404659741, -4.20603173552e-05, -0.000925395521335, 0.000962926947977, 3.28888017975e-05, 0.0120778977871, -0.00313597545028], [2.90893749479e-05, 0.00032594561344, 0.000273339246633, -0.00118923687842, -0.00019616704958, 0.000546443741769, 2.97224614769e-05, -0.000398571894038, -0.00116549956147, -0.00158061028924, 0.000890637515113, -0.00313597545028, 0.0136881405488]]
    },
    "spectral_contrast_coeffs": {
        "max": [-0.272682368755, -0.398885726929, -0.421784937382, -0.546503484249, -0.546719491482, -0.693981766701],
        "mean": [-0.658762335777, -0.732811689377, -0.781984508038, -0.813128829002, -0.783584952354, -0.814646184444],
        "min": [-0.911619007587, -0.941237866879, -0.935655653477, -0.926682293415, -0.891756057739, -0.922241449356],
        "stdev": [0.0973207131028, 0.111886002123, 0.0871331766248, 0.0711518153548, 0.0554909333587, 0.0308992415667]
    },
    "spectral_contrast_valleys": {
        "max": [-5.31344270706, -5.13747739792, -6.13386917114, -6.72934579849, -5.90838718414, -7.03240776062],
        "mean": [-7.20877361298, -7.6513376236, -8.31510734558, -8.79456710815, -8.74434757233, -10.4384765625],
        "min": [-10.9001264572, -9.90724754333, -10.1972522736, -10.5540151596, -10.8506765366, -13.2916927338],
        "stdev": [1.02118909359, 0.686213731766, 0.632394850254, 0.701911985874, 0.779453933239, 1.22219741344]
    }
},
"rhythm": {
    "beats_count": 62,
    "beats_loudness": {
        "max": 0.0880702883005,
        "mean": 0.0318046621978,
        "min": 0.00832973886281,
        "stdev": 0.0161253940314
    },
    "bpm": 77.6420974731,
    "bpm_histogram_first_peak_bpm": 78,
    "bpm_histogram_first_peak_weight": 0.196721315384,
    "bpm_histogram_second_peak_bpm": 0,
    "bpm_histogram_second_peak_spread": 0,
    "bpm_histogram_second_peak_weight": 0,
    "danceability": 1.23109269142,
    "onset_rate": 2.7685546875,
    "beats_loudness_band_ratio": {
        "max": [0.995047152042, 0.685064375401, 0.538575172424, 0.186723455787, 0.449897676706, 0.632973313332],
        "mean": [0.659827947617, 0.226267486811, 0.076214171946, 0.01634827815, 0.0234933868051, 0.0360911674798],
        "min": [0.0014151801588, 0.00187142740469, 0.000639185542241, 0.000581019849051, 0.000304780318402, 0.000241525223828],
        "stdev": [0.275852233171, 0.196696460247, 0.110040619969, 0.0272739194334, 0.0671347081661, 0.0983740910888]
    },
    "beats_position": [0.731428563595, 1.48607707024, 2.2523355484, 3.01859402657, 3.78485250473, 4.55111122131, 5.31736946106, 6.08362817764, 6.84988641739, 7.61614513397, 8.39401340485, 9.17188167572, 9.93814086914, 10.7043991089, 11.4706573486, 12.2485256195, 13.0263938904, 13.7926530838, 14.5589113235, 15.3251695633, 16.0914287567, 16.8576869965, 17.6355552673, 18.4018135071, 19.1680717468, 19.9343299866, 20.7005901337, 21.4784584045, 22.2447166443, 23.010974884, 23.7772331238, 24.5434913635, 25.3213596344, 26.0876178741, 26.865486145, 27.6317462921, 28.3980045319, 29.1642627716, 29.9305210114, 30.6967792511, 31.474647522, 32.2525177002, 33.0187759399, 33.7734222412, 34.539680481, 35.3175506592, 36.0954170227, 36.8732872009, 37.6395454407, 38.4058036804, 39.1720619202, 39.9499320984, 40.7394104004, 41.5404968262, 42.3299751282, 43.1310653687, 43.9321517944, 44.7216300964, 45.5111083984, 46.3005905151, 47.0900688171, 47.8795471191],
