{
"metadata": {
    "version": {
        "essentia": "2.1-beta5",
        "essentia_git_sha": "Undefined",
        "extractor": "music 2.0"
    },
    "audio_properties": {
        "analysis": {
            "equal_loudness": 0,
            "length": 48.3091163635,
            "sample_rate": 44100,
            "start_time": 191.4949646,
            "downmix": "mix"
        },
        "bit_rate": 192000,
        "length": 239.827316284,
        "lossless": 0,
        "number_channels": 2,
        "replay_gain": -1.38143348694,
        "sample_rate": 48000,
        "codec": "mp3",
        "md5_encoded": "2c4ec9ba387abea9879d83b13910c52b"
    },
    "tags": {
        "file_name": "Greece_OPA_Giorgos Alkaios _ Friends.mp3",
        "encoding": ["Lavf58.29.100"]
    }
},
"lowlevel": {
    "average_loudness": 0.771553516388,
    "barkbands_crest": {
        "max": 23.0754451752,
        "mean": 8.38168525696,
        "min": 2.46318411827,
        "stdev": 3.79037594795
    },
    "barkbands_flatness_db": {
        "max": 0.294841378927,
        "mean": 0.16269543767,
        "min": 0.036802098155,
        "stdev": 0.0411654449999
    },
    "barkbands_kurtosis": {
        "max": 25.3097438812,
        "mean": 0.688297748566,
        "min": -1.92864918709,
        "stdev": 2.49817323685
    },
    "barkbands_skewness": {
        "max": 4.89062833786,
        "mean": 0.754783213139,
        "min": -1.51043283939,
        "stdev": 0.827690899372
    },
    "barkbands_spread": {
        "max": 103.849838257,
        "mean": 25.149225235,
        "min": 3.24756264687,
        "stdev": 15.1247692108
    },
    "dissonance": {
        "max": 0.500000059605,
        "mean": 0.481413841248,
        "min": 0.363498091698,
        "stdev": 0.0164499059319
    },
    "dynamic_complexity": 4.38123559952,
    "erbbands_crest": {
        "max": 25.0938224792,
        "mean": 8.2480096817,
        "min": 2.50790739059,
        "stdev": 3.36266756058
    },
    "erbbands_flatness_db": {
        "max": 0.380128026009,
        "mean": 0.225418657064,
        "min": 0.113233797252,
        "stdev": 0.0626664087176
    },
    "erbbands_kurtosis": {
        "max": 13.90807724,
        "mean": 0.422433316708,
        "min": -1.60911726952,
        "stdev": 1.3259165287
    },
    "erbbands_skewness": {
        "max": 2.66488337517,
        "mean": 0.222895219922,
        "min": -3.31423640251,
        "stdev": 0.711800336838
    },
    "erbbands_spread": {
        "max": 91.4311447144,
        "mean": 26.7848262787,
        "min": 6.40732717514,
        "stdev": 14.1693782806
    },
    "hfc": {
        "max": 145.865646362,
        "mean": 20.4223308563,
        "min": 1.65738902069e-06,
        "stdev": 19.3942623138
    },
    "loudness_ebu128": {
        "integrated": -21.8926906586,
        "loudness_range": 6.40024375916,
        "momentary": {
            "max": -17.3164596558,
            "mean": -24.1002178192,
            "min": -60.6232910156,
            "stdev": 5.69620990753
        },
        "short_term": {
            "max": -18.180431366,
            "mean": -22.82929039,
            "min": -37.3450469971,
            "stdev": 2.9735019207
        }
    },
    "melbands_crest": {
        "max": 33.0487136841,
        "mean": 12.8942899704,
        "min": 3.28578710556,
        "stdev": 6.1801700592
    },
    "melbands_flatness_db": {
        "max": 0.303589046001,
        "mean": 0.15733037889,
        "min": 0.0384330265224,
        "stdev": 0.0393763482571
    },
    "melbands_kurtosis": {
        "max": 100.578598022,
        "mean": 4.95297765732,
        "min": -1.63883876801,
        "stdev": 8.95394134521
    },
    "melbands_skewness": {
        "max": 9.00955867767,
        "mean": 1.61796057224,
        "min": -0.766842901707,
        "stdev": 1.28244459629
    },
    "melbands_spread": {
        "max": 178.877166748,
        "mean": 32.6553611755,
        "min": 3.96106266975,
        "stdev": 21.0955524445
    },
    "pitch_salience": {
        "max": 0.856953322887,
        "mean": 0.61137509346,
        "min": 0.19110776484,
        "stdev": 0.128276318312
    },
    "silence_rate_20dB": {
        "max": 1,
        "mean": 1,
        "min": 1,
        "stdev": 0
    },
    "silence_rate_30dB": {
        "max": 1,
        "mean": 1,
        "min": 1,
        "stdev": 0
    },
    "silence_rate_60dB": {
        "max": 1,
        "mean": 0.132564842701,
        "min": 0,
        "stdev": 0.339102804661
    },
    "spectral_centroid": {
        "max": 4434.57763672,
        "mean": 1898.95117188,
        "min": 773.657287598,
        "stdev": 496.425811768
    },
    "spectral_complexity": {
        "max": 44,
        "mean": 19.8799228668,
        "min": 0,
        "stdev": 10.2494020462
    },
    "spectral_decrease": {
        "max": -2.32763700993e-16,
        "mean": -4.46442527391e-09,
        "min": -2.78970322398e-08,
        "stdev": 3.96974231265e-09
    },
    "spectral_energy": {
        "max": 0.115638785064,
        "mean": 0.0187021587044,
        "min": 1.02883723763e-09,
        "stdev": 0.0165347233415
    },
    "spectral_energyband_high": {
        "max": 0.0195373781025,
        "mean": 0.000712560256943,
        "min": 4.61883968572e-11,
        "stdev": 0.00117955973838
    },
    "spectral_energyband_low": {
        "max": 0.0315474122763,
        "mean": 0.00457588536665,
        "min": 4.88197468562e-11,
        "stdev": 0.0059566530399
    },
    "spectral_energyband_middle_high": {
        "max": 0.104490041733,
        "mean": 0.00865711458027,
        "min": 5.51621859302e-10,
        "stdev": 0.0105409072712
    },
    "spectral_energyband_middle_low": {
        "max": 0.0806478857994,
        "mean": 0.00540328398347,
        "min": 3.98684363301e-10,
        "stdev": 0.00742208817974
    },
    "spectral_entropy": {
        "max": 8.36140918732,
        "mean": 7.76193094254,
        "min": 6.99663877487,
        "stdev": 0.217287793756
    },
    "spectral_flux": {
        "max": 0.245194837451,
        "mean": 0.07975564152,
        "min": 0.000236774678342,
        "stdev": 0.0444720610976
    },
    "spectral_kurtosis": {
        "max": 19.5613651276,
        "mean": 3.25007367134,
        "min": -0.771823406219,
        "stdev": 2.85282707214
    },
    "spectral_rms": {
        "max": 0.0106215970591,
        "mean": 0.00383004313335,
        "min": 1.00187003227e-06,
        "stdev": 0.00189123593736
    },
    "spectral_rolloff": {
        "max": 8031.88476562,
        "mean": 2087.85131836,
        "min": 86.1328125,
        "stdev": 1180.00097656
    },
    "spectral_skewness": {
        "max": 3.11436700821,
        "mean": 1.15560102463,
        "min": -0.33325907588,
        "stdev": 0.420078188181
    },
    "spectral_spread": {
        "max": 6752897.5,
        "mean": 3346585,
        "min": 1700050.375,
        "stdev": 911007.625
    },
    "spectral_strongpeak": {
        "max": 11.2144193649,
        "mean": 0.892376840115,
        "min": 0,
        "stdev": 1.19995296001
    },
    "zerocrossingrate": {
        "max": 0.22900390625,
        "mean": 0.0728692933917,
        "min": 0.021484375,
        "stdev": 0.0262511521578
    },
    "barkbands": {
        "max": [0.00501069705933, 0.0285498127341, 0.0159378889948, 0.00777053553611, 0.0195230841637, 0.0132841449231, 0.0305565074086, 0.0341564677656, 0.06312199682, 0.0863968506455, 0.0211118776351, 0.0257516615093, 0.0308753754944, 0.0173691380769, 0.0079740062356, 0.00724216829985, 0.0129420869052, 0.0119915409014, 0.00413754209876, 0.00190371542703, 0.00460943905637, 0.00814090576023, 0.00491132540628, 0.00647458294407, 0.000104274622572, 2.06489471566e-06, 2.16281296161e-06],
        "mean": [0.000533782877028, 0.00296182162128, 0.000870107789524, 0.00041084937402, 0.000641607563011, 0.000276350299828, 0.00037474615965, 0.000814315862954, 0.00205950625241, 0.0024889940396, 0.000917071651202, 0.00126935564913, 0.000994345755316, 0.000835433136672, 0.000425877020461, 0.000392313551856, 0.000702615303453, 0.000719505827874, 0.000227489857934, 0.000169883700437, 0.000214418847463, 0.000185541561223, 0.000132359258714, 8.04639203125e-05, 3.38371478392e-06, 1.72669190057e-09, 1.82848858277e-09],
        "min": [5.16258390204e-12, 3.76279736536e-12, 1.13030695914e-11, 1.97295270399e-11, 7.79392453354e-11, 8.09286387904e-11, 1.48958432394e-11, 6.39112582301e-11, 1.09405644266e-10, 5.05702493769e-11, 6.8247484053e-11, 3.42130872244e-11, 7.20354054184e-11, 3.37763254865e-11, 1.36444272547e-10, 3.75924361085e-11, 2.57024818096e-11, 6.25027252177e-11, 3.41353438571e-11, 1.72757745609e-11, 1.01615712372e-11, 7.55097807198e-12, 4.15916476607e-12, 3.15821240687e-12, 2.06470170822e-12, 3.49366369168e-12, 1.05426466168e-11],
        "stdev": [0.000815478735603, 0.00440168939531, 0.0016792131355, 0.000788892270066, 0.00124884094112, 0.000799902423751, 0.00117177690845, 0.00187236792408, 0.00455259438604, 0.00603453628719, 0.00175252673216, 0.00222880207002, 0.00166849314701, 0.00145420571789, 0.000634242023807, 0.000565839989576, 0.00123864726629, 0.00116490700748, 0.000284342007944, 0.000210301892366, 0.000319220474921, 0.000372948328732, 0.000350671558408, 0.000245964882197, 6.71596944812e-06, 4.52419506303e-08, 4.7386937041e-08]
    },
    "erbbands": {
        "max": [1.04996907711, 5.71930980682, 15.1469488144, 24.8458538055, 42.6972579956, 94.0117950439, 125.47467041, 105.405158997, 492.753143311, 339.363708496, 894.074035645, 1166.97888184, 2595.9543457, 1491.9967041, 938.301879883, 1012.05877686, 1323.29394531, 732.502746582, 594.446166992, 526.091247559, 454.636474609, 590.476806641, 759.401123047, 335.439361572, 73.0429534912, 99.5626449585, 111.405456543, 210.649780273, 122.106941223, 372.874969482, 135.933258057, 180.634643555, 55.082157135, 3.17673707008, 0.104607015848, 0.00912539940327, 0.0038135543, 0.00134676031303, 0.000309579772875, 0.000141222408274],
        "mean": [0.134428352118, 0.47279420495, 0.970238745213, 1.35073626041, 1.61051261425, 2.10667586327, 2.47856712341, 2.28223800659, 5.15547657013, 8.53635311127, 21.4271450043, 43.5607719421, 81.5505828857, 54.3877449036, 45.2655334473, 47.4220695496, 46.4348716736, 42.7915039062, 31.5970897675, 21.0140914917, 23.9911975861, 42.9850120544, 42.8590927124, 18.4198513031, 8.94935703278, 8.1339225769, 8.73392009735, 7.84688711166, 6.47448778152, 5.69737005234, 3.60059070587, 2.08460855484, 1.05334353447, 0.126508459449, 0.00340996519662, 0.000247435149504, 4.59173279523e-05, 1.25314727484e-05, 1.34269130285e-05, 2.38497141254e-05],
        "min": [3.36400463041e-10, 3.88507315208e-09, 1.15943628032e-08, 4.27855688656e-08, 1.28152436218e-07, 2.80222621996e-07, 5.85431848776e-07, 6.30261297374e-07, 2.53992794796e-07, 4.727955627e-07, 1.86282227332e-06, 2.31550484386e-06, 2.58889235738e-06, 1.28225633489e-06, 2.93835546472e-06, 1.16466708278e-06, 2.87009879685e-06, 2.65374137598e-06, 2.4425492029e-06, 8.14981831354e-06, 1.8830838826e-06, 1.67614177826e-06, 2.38315556089e-06, 2.80381027551e-06, 1.46646971189e-06, 1.01339094272e-06, 1.51620525912e-07, 6.01858403115e-07, 3.72690664108e-07, 1.11594630425e-07, 1.45929561768e-07, 4.60619276055e-08, 6.88229491175e-08, 2.58347387927e-08, 1.37863382932e-08, 1.09313713637e-08, 7.67666819002e-09, 4.19500745252e-09, 2.06110528644e-09, 1.20256374303e-10],
        "stdev": [0.204021707177, 0.767386555672, 1.67184662819, 2.6669921875, 3.24553442001, 4.57942390442, 7.11547088623, 6.37151813507, 15.7003755569, 20.1628952026, 46.3719329834, 93.9661331177, 191.019439697, 105.127624512, 74.5048599243, 85.0053863525, 73.5988311768, 71.8180923462, 45.2322616577, 30.4124736786, 35.432258606, 71.5820465088, 71.0316848755, 23.9980983734, 8.78182029724, 10.2826910019, 12.5197505951, 12.3535633087, 10.7149753571, 15.810084343, 9.76239013672, 7.41508436203, 2.4166200161, 0.223656103015, 0.00628302013502, 0.000497558969073, 0.000112372210424, 3.49243637174e-05, 1.373376017e-05, 2.07166667678e-05]
    },
    "gfcc": {
        "mean": [-57.5052566528, 102.060050964, -197.052047729, 43.4386482239, -75.4538345337, 25.8171882629, -19.4885311127, -3.40589666367, 1.53453660011, -26.4461688995, 4.65435123444, -18.5509414673, 2.30120515823],
        "cov": [[8688.01269531, 1000.34716797, 1703.05285645, 1868.38647461, 321.402679443, 1002.28552246, 480.773925781, 384.887786865, 290.382476807, 159.692718506, 390.389068604, 68.8485870361, 79.5615768433], [1000.34716797, 497.089691162, 479.690887451, 377.511260986, 172.162780762, 147.921844482, 61.4915351868, 44.7260437012, 42.6940155029, 35.6881065369, 69.9892654419, 14.2521190643, 11.1194562912], [1703.05285645, 479.690887451, 1814.19812012, 1451.76342773, 287.353790283, 633.875, 8.58810901642, 139.562576294, 18.2082767487, 274.545654297, 166.341918945, 77.9214630127, 12.2352705002], [1868.38647461, 377.511260986, 1451.76342773, 1372.17163086, 301.390930176, 539.945800781, 32.4486351013, 119.869125366, 51.3742904663, 226.660232544, 145.433151245, 80.7306900024, 14.0435218811], [321.402679443, 172.162780762, 287.353790283, 301.390930176, 237.543197632, 161.209350586, 54.1663093567, 47.8455543518, 26.3024578094, 48.2038955688, 30.8833427429, 22.6376152039, 6.45293283463], [1002.28552246, 147.921844482, 633.875, 539.945800781, 161.209350586, 399.361083984, 92.6382369995, 97.5346755981, 17.0903968811, 99.8078536987, 88.1875, 12.3533678055, 15.401093483], [480.773925781, 61.4915351868, 8.58810901642, 32.4486351013, 54.1663093567, 92.6382369995, 155.274429321, 69.619392395, 37.3536491394, -0.620301008224, 26.6141147614, 4.10899305344, 2.0771651268], [384.887786865, 44.7260437012, 139.562576294, 119.869125366, 47.8455543518, 97.5346755981, 69.619392395, 102.922706604, 48.9937438965, 28.9780845642, 31.0073623657, 10.5377397537, 5.42079401016], [290.382476807, 42.6940155029, 18.2082767487, 51.3742904663, 26.3024578094, 17.0903968811, 37.3536491394, 48.9937438965, 89.1938476562, 31.7485103607, 20.2555065155, 11.4362220764, 6.85191440582], [159.692718506, 35.6881065369, 274.545654297, 226.660232544, 48.2038955688, 99.8078536987, -0.620301008224, 28.9780845642, 31.7485103607, 119.460960388, 59.0708694458, 20.265827179, 9.87898254395], [390.389068604, 69.9892654419, 166.341918945, 145.433151245, 30.8833427429, 88.1875, 26.6141147614, 31.0073623657, 20.2555065155, 59.0708694458, 89.8903579712, 35.0568733215, 16.0845756531], [68.8485870361, 14.2521190643, 77.9214630127, 80.7306900024, 22.6376152039, 12.3533678055, 4.10899305344, 10.5377397537, 11.4362220764, 20.265827179, 35.0568733215, 76.7196121216, 21.7775478363], [79.5615768433, 11.1194562912, 12.2352705002, 14.0435218811, 6.45293283463, 15.401093483, 2.0771651268, 5.42079401016, 6.85191440582, 9.87898254395, 16.0845756531, 21.7775478363, 50.5781822205]],
        "icov": [[0.000382930389605, -0.000640986487269, 0.000689741864335, -0.00103740685154, 0.000998471863568, -0.000692060159054, -0.000347748893546, -0.000235474435613, -0.000496204476804, 0.000733297143597, -0.000687663210556, 0.000284822919639, -0.000197348097572], [-0.000640986487269, 0.00745943421498, -0.00599983334541, 0.00368430372328, -0.0062626353465, 0.00546341016889, -0.00237257569097, 0.00404965085909, -0.00392459426075, 0.00588380964473, -0.00610328326002, 0.00431554671377, -0.00193918705918], [0.000689741864335, -0.00599983334541, 0.0100417286158, -0.00771901663393, 0.00629143416882, -0.00660792458802, 0.00335757969879, -0.00558574683964, 0.0056663393043, -0.00677078543231, 0.0050963270478, -0.00379088986665, 0.00218473793939], [-0.00103740685154, 0.00368430372328, -0.00771901663393, 0.0094881169498, -0.00590964825824, 0.00209389836527, 0.00018620013725, 0.00383334024809, -0.00328108784743, 0.00093971833121, -0.000529344950337, -0.000679532240611, 0.000474488711916], [0.000998471863568, -0.0062626353465, 0.00629143416882, -0.00590964825824, 0.0127936592326, -0.00676475046203, -1.97059671336e-06, -0.00318922824226, 0.00177092733793, -0.00400105491281, 0.00543976435438, -0.00422001024708, 0.00132328667678], [-0.000692060159054, 0.00546341016889, -0.00660792458802, 0.00209389836527, -0.00676475046203, 0.0145243499428, -0.00552358105779, 4.69355763926e-05, 0.00106945657171, 0.00353988842107, -0.00748994108289, 0.00756557984278, -0.00414506206289], [-0.000347748893546, -0.00237257569097, 0.00335757969879, 0.00018620013725, -1.97059671336e-06, -0.00552358105779, 0.0143271479756, -0.00729771936312, 0.000746079720557, -0.0012958975276, 0.00194724614266, -0.00324107916094, 0.00300894747488], [-0.000235474435613, 0.00404965085909, -0.00558574683964, 0.00383334024809, -0.00318922824226, 4.69355763926e-05, -0.00729771936312, 0.0239051450044, -0.0124540440738, 0.0052403146401, -0.00420818664134, 0.00178081530612, -0.000867662311066], [-0.000496204476804, -0.00392459426075, 0.0056663393043, -0.00328108784743, 0.00177092733793, 0.00106945657171, 0.000746079720557, -0.0124540440738, 0.0247225146741, -0.0128185926005, 0.00662263482809, -0.0036334565375, 0.000549113960005], [0.000733297143597, 0.00588380964473, -0.00677078543231, 0.00093971833121, -0.00400105491281, 0.00353988842107, -0.0012958975276, 0.0052403146401, -0.0128185926005, 0.0282503087074, -0.0184347368777, 0.00796053558588, -0.00349230715074], [-0.000687663210556, -0.00610328326002, 0.0050963270478, -0.000529344950337, 0.00543976435438, -0.00748994108289, 0.00194724614266, -0.00420818664134, 0.00662263482809, -0.0184347368777, 0.0325106494129, -0.0142802754417, 0.00180871586781], [0.000284822919639, 0.00431554671377, -0.00379088986665, -0.000679532240611, -0.00422001024708, 0.00756557984278, -0.00324107916094, 0.00178081530612, -0.0036334565375, 0.00796053558588, -0.0142802754417, 0.0240098275244, -0.00897340849042], [-0.000197348097572, -0.00193918705918, 0.00218473793939, 0.000474488711916, 0.00132328667678, -0.00414506206289, 0.00300894747488, -0.000867662311066, 0.000549113960005, -0.00349230715074, 0.00180871586781, -0.00897340849042, 0.0248068775982]]
    },
    "melbands": {
        "max": [0.00844556093216, 0.00603989418596, 0.00332550844178, 0.00374261848629, 0.00441850209609, 0.00220823497511, 0.00717144692317, 0.00309888971969, 0.00639739213511, 0.00824317801744, 0.0132410628721, 0.00771923456341, 0.00309922988527, 0.00344779877923, 0.00379795930348, 0.00182276382111, 0.00156329513993, 0.00137228448875, 0.000574757636059, 0.000660662306473, 0.000749421189539, 0.000527940981556, 0.000861514767166, 0.000355438038241, 0.000317823491059, 8.38347550598e-05, 7.59841568652e-05, 7.99989938969e-05, 7.34586865292e-05, 0.000132948189275, 0.000107924548502, 5.7031014876e-05, 0.000183908210602, 0.000173155698576, 8.97660720511e-05, 0.000144433128298, 8.74220859259e-05, 4.69134720333e-05, 8.71866814123e-06, 3.33790040941e-07],
        "mean": [0.000996535061859, 0.000526457908563, 0.000234239603742, 0.000136227361509, 8.92108437256e-05, 5.36814841325e-05, 7.62533600209e-05, 0.00011271238327, 0.000183888856554, 0.000296971906209, 0.000417607399868, 0.000233802362345, 0.000137878916576, 0.000148122955579, 0.000108332715172, 9.543379565e-05, 7.87933458923e-05, 5.55903752684e-05, 3.04708701151e-05, 2.56998864643e-05, 2.76089267572e-05, 4.16750190197e-05, 5.1330520364e-05, 2.73853784165e-05, 1.37886318043e-05, 7.29064686311e-06, 5.3825865507e-06, 5.34887021786e-06, 5.53347717869e-06, 5.00730811837e-06, 4.32381011706e-06, 3.61174988939e-06, 3.60872354577e-06, 2.92570484817e-06, 2.11717201637e-06, 1.65519440998e-06, 1.13452506412e-06, 8.4214417484e-07, 3.84646114071e-07, 1.15588516536e-08],
        "min": [2.6993309931e-12, 5.92733848115e-12, 9.72579742436e-12, 1.439664013e-11, 1.93810401755e-11, 1.40868063742e-11, 3.63514990678e-12, 6.47287475355e-12, 1.62661516201e-11, 1.5022962041e-11, 1.25870130291e-11, 4.42552591795e-12, 1.00575494114e-11, 4.48444883658e-12, 2.81109293829e-12, 8.76518475856e-12, 4.13425370327e-12, 2.35401737166e-12, 1.20546957832e-11, 5.5645154283e-12, 1.80975373576e-12, 1.66134911817e-12, 1.12899912943e-12, 3.75708405359e-12, 2.0420455691e-12, 1.64297384291e-12, 6.19881370626e-13, 6.01341838737e-13, 4.12587614085e-14, 1.27582501313e-13, 4.45554807242e-13, 2.07398266855e-13, 1.12294505292e-13, 4.86268435186e-14, 8.82369874324e-14, 4.77880335672e-14, 2.15652352204e-14, 4.74917922642e-14, 3.78695454173e-14, 1.8183005557e-14],
        "stdev": [0.00146297272295, 0.000805640476756, 0.000421541597461, 0.000264372007223, 0.000235814572079, 0.000143873679917, 0.000238007880398, 0.000254936196143, 0.000383579870686, 0.000671107205562, 0.000990941189229, 0.000489022466354, 0.000241864210693, 0.00026059418451, 0.000201484916033, 0.000163220291142, 0.000141421172884, 8.88965878403e-05, 4.47993807029e-05, 3.74297960661e-05, 4.5772158046e-05, 7.2821349022e-05, 9.28703011596e-05, 4.08523337683e-05, 1.99081823666e-05, 8.07222022559e-06, 6.14921145825e-06, 7.57974612497e-06, 8.06024036137e-06, 8.44459282234e-06, 6.93808306096e-06, 5.64824995308e-06, 8.84988094185e-06, 8.33532249089e-06, 5.80531104788e-06, 6.08654590906e-06, 3.93027630707e-06, 2.02538581107e-06, 6.70443398576e-07, 2.33487895684e-08]
    },
    "melbands128": {
        "max": [0.00479271216318, 0.0103439167142, 0.0131104709581, 0.00933728273958, 0.00871921516955, 0.00754446070641, 0.00634867884219, 0.00369071494788, 0.00529713043943, 0.00372043601237, 0.00635173963383, 0.00659325905144, 0.00539286341518, 0.004063364584, 0.00348887220025, 0.00270370114595, 0.00560994911939, 0.0127076478675, 0.00687450543046, 0.00473853619769, 0.00503611704335, 0.0111199906096, 0.00844182539731, 0.00725459633395, 0.0102956844494, 0.0146936550736, 0.0184864476323, 0.0211171898991, 0.0267879907042, 0.0137177091092, 0.0051383539103, 0.003436825471, 0.00555807212368, 0.00602763006464, 0.00530660385266, 0.00439663464203, 0.00493896752596, 0.00348603771999, 0.00823879148811, 0.00264669395983, 0.00314725702628, 0.00251115090214, 0.00306120933965, 0.00182199885603, 0.00419621262699, 0.00144369644113, 0.00096626119921, 0.00124406616669, 0.00141528365202, 0.00119951576926, 0.00122732296586, 0.000796120963059, 0.000807928096037, 0.00198826496489, 0.0011282049818, 0.00106671778485, 0.00178718485404, 0.00242798053659, 0.00166219880339, 0.00127436756156, 0.00047871877905, 0.000343156745657, 0.000479014386656, 0.000395394512452, 0.00017605740868, 0.000109989749035, 7.54629654693e-05, 5.64094189031e-05, 0.00012586201774, 0.000130043219542, 0.000180955219548, 8.87218120624e-05, 0.000121683675388, 0.000144817633554, 9.67965024756e-05, 0.000106109524495, 0.000167850666912, 0.000203817486181, 0.00011018117948, 7.59359900258e-05, 6.59035285935e-05, 7.28805971448e-05, 0.00012381686247, 0.000140144082252, 0.000447428552434, 0.000293349963613, 0.000105898921902, 0.000111425324576, 0.000134174493724, 9.85221267911e-05, 0.000105232706119, 0.000219362889766, 0.000176017711055, 6.63900791551e-05, 9.31688555283e-05, 7.97280008555e-05, 3.99933087465e-05, 3.07282389258e-05, 1.22201672639e-05, 3.92387391912e-06, 4.11210798745e-08, 2.08213783992e-08, 1.94789659957e-08, 1.83710113788e-08, 1.73254655067e-08, 1.65247300288e-08, 1.5680353016e-08, 1.50299364066e-08, 1.43209017978e-08, 1.36847315702e-08, 1.30821566913e-08, 1.25130066309e-08, 1.2071008193e-08, 1.16387450788e-08, 1.11597424635e-08, 1.07658264525e-08, 1.04384447752e-08, 1.0148657914e-08, 9.84576509211e-09, 9.61618340511e-09, 9.34866495328e-09, 9.16670028772e-09, 8.95655727362e-09, 8.76136141414e-09, 8.64473381768e-09, 8.54712745024e-09, 8.4817637358e-09, 8.44134984135e-09],
        "mean": [0.000476978864754, 0.00128086016048, 0.0011061913101, 0.000671411573421, 0.000514669110999, 0.000406209437642, 0.000292785494821, 0.000169845035998, 0.000160012205015, 0.000150851396029, 0.000107969644887, 0.000105085229734, 9.09253285499e-05, 6.10184579273e-05, 4.46456142527e-05, 4.62693205918e-05, 8.23874142952e-05, 8.94424229045e-05, 5.80114610784e-05, 7.4262432463e-05, 0.000154216817464, 0.00019135347975, 0.000168803337147, 0.000196277891519, 0.000254738755757, 0.000336064811563, 0.000411286018789, 0.000431080465205, 0.000451117521152, 0.00027473657974, 0.000162430500495, 0.00012567891099, 0.000126889091916, 0.000141480035381, 0.000192361607333, 0.00013153058535, 0.000112877823994, 0.000105661682028, 0.000109912383778, 0.000103419988591, 9.34648123803e-05, 8.12742073322e-05, 7.94259540271e-05, 7.21433170838e-05, 8.30643984955e-05, 4.6958153689e-05, 3.5357537854e-05, 3.02273128909e-05, 2.87569546344e-05, 2.71401459031e-05, 2.38351440203e-05, 2.55102768278e-05, 2.92227323371e-05, 2.57238225458e-05, 3.01995260088e-05, 4.70144113933e-05, 4.66636192868e-05, 5.10391291755e-05, 5.99899030931e-05, 3.84378690796e-05, 2.39035762206e-05, 2.12567902054e-05, 1.49518518811e-05, 1.19699398056e-05, 1.10476485133e-05, 6.66398136673e-06, 5.52122219233e-06, 5.53759400646e-06, 5.50959930479e-06, 4.7503276619e-06, 5.53140807824e-06, 5.75055901209e-06, 4.95713948112e-06, 6.03616808803e-06, 5.2396871979e-06, 4.9873287935e-06, 4.89154399475e-06, 4.96134634886e-06, 4.30823820352e-06, 3.59539944839e-06, 3.78550384994e-06, 3.46379442817e-06, 3.50874597643e-06, 3.59839509656e-06, 3.892438599e-06, 3.08110134029e-06, 2.68728808805e-06, 2.35587026509e-06, 1.96023529497e-06, 2.11977180697e-06, 1.83651798125e-06, 1.54020358423e-06, 1.33223841203e-06, 1.04937191736e-06, 1.12307418476e-06, 9.38073583256e-07, 8.26211532967e-07, 6.0394393131e-07, 5.49483957002e-07, 1.57055438876e-07, 1.49278933659e-09, 2.15429410422e-11, 1.63367739475e-11, 1.52098039025e-11, 1.44426953036e-11, 1.45928304163e-11, 1.4014899484e-11, 1.25113001556e-11, 1.19210622276e-11, 1.13819223144e-11, 1.09321406094e-11, 1.05045061191e-11, 1.01107776665e-11, 9.73829003548e-12, 9.37781623189e-12, 9.09277514394e-12, 8.84308858778e-12, 8.61160621979e-12, 8.38301563583e-12, 8.17683507709e-12, 7.94318517211e-12, 7.80695733754e-12, 7.66342371505e-12, 7.48838664688e-12, 7.22790056973e-12, 6.84801564413e-12, 6.63411296384e-12, 6.57812476365e-12],
        "min": [3.17384313275e-12, 1.57710910303e-12, 1.26672240405e-12, 9.05543489586e-13, 5.30432035101e-12, 5.86655854104e-12, 7.9291850863e-12, 1.06209329526e-11, 1.28315188336e-11, 1.4069091378e-11, 1.53895056421e-11, 1.79285284535e-11, 2.08589708006e-11, 2.10832792197e-11, 1.6367691924e-11, 9.72462388393e-12, 4.3375849787e-12, 2.31104740379e-12, 2.75350293781e-12, 4.16759031799e-12, 7.97708774036e-12, 1.43652537782e-11, 1.90639413977e-11, 1.64072228026e-11, 1.33068781688e-11, 1.48091469643e-11, 1.76506500388e-11, 1.47516148602e-11, 6.61439522945e-12, 1.69596498303e-12, 4.03562773477e-12, 8.42054637823e-12, 1.10821959248e-11, 1.16855223414e-11, 6.56446164787e-12, 1.25369549811e-12, 2.56809417482e-12, 2.95497870964e-12, 1.71861288221e-12, 7.39943436384e-12, 1.21468026609e-11, 8.5545980022e-12, 3.51123362156e-12, 2.4294496536e-12, 1.99846866486e-12, 1.75894628723e-12, 2.9162416839e-12, 9.49219088747e-12, 2.01915602294e-11, 1.24692504586e-11, 1.11622137314e-12, 1.28643504269e-12, 2.17617221986e-12, 2.07074591849e-12, 9.06951813998e-13, 1.72953394228e-12, 2.34540490328e-12, 1.26682876429e-12, 7.04055845742e-13, 5.47231530923e-13, 4.54936695954e-12, 6.43768502048e-12, 1.44242224501e-12, 8.3229332714e-13, 2.35971398671e-12, 2.36624673848e-12, 7.63638935072e-13, 2.18257175028e-13, 4.34384218049e-13, 1.40469775568e-12, 8.58474749621e-13, 4.33587221032e-14, 5.86435874904e-14, 2.89969159524e-14, 4.0687861202e-14, 1.15694847908e-13, 8.96921493782e-14, 3.68020962012e-13, 7.14974954241e-13, 2.77754463309e-13, 9.16932545517e-14, 3.10355067383e-13, 1.66087318052e-13, 1.01108601743e-13, 4.12886142376e-14, 2.08846510235e-14, 6.91055421437e-14, 6.68318482153e-14, 4.91184173955e-14, 1.78906463754e-13, 4.14592236139e-14, 2.13920525581e-14, 2.16245631021e-14, 2.5456091228e-14, 1.42548546887e-14, 2.48898209036e-14, 6.03973725958e-14, 7.78981100544e-14, 3.68779747679e-14, 1.715802454e-14, 1.8699419522e-14, 1.6022134723e-14, 2.38764103568e-14, 1.35583479665e-14, 8.70216239021e-15, 1.20970060683e-14, 3.01772021542e-14, 2.59846262346e-14, 1.29025411774e-14, 1.93365983625e-14, 1.20320293239e-14, 1.7502160474e-14, 3.656494866e-14, 2.19329305287e-14, 3.06360636187e-14, 1.86551569683e-14, 4.49980425642e-14, 2.43445959599e-14, 4.95421032757e-14, 7.53517460559e-14, 5.9425791924e-14, 9.65207121585e-14, 7.41246731421e-14, 1.80407158803e-14, 7.00209314968e-15, 4.08737569818e-15, 1.04266685313e-15, 3.32906341704e-16],
        "stdev": [0.000738824193832, 0.00197151605971, 0.00186679395847, 0.00113034597598, 0.000896210956853, 0.000847413495649, 0.000632903189398, 0.000330825016135, 0.000385210878449, 0.00031117227627, 0.000281441607513, 0.000277580867987, 0.000290153722744, 0.000227137847105, 0.000168048558407, 0.000155453570187, 0.0002370482689, 0.000362138584023, 0.000270262011327, 0.000254510756349, 0.000381564139389, 0.000568374758586, 0.000499580230098, 0.000505993375555, 0.000677183503285, 0.000997041468509, 0.00122059835121, 0.00123674503993, 0.0013751272345, 0.000695985625498, 0.000377827702323, 0.000283143395791, 0.00029691963573, 0.000298716098769, 0.000398385367589, 0.000311241514282, 0.000304256740492, 0.00024989026133, 0.000278378109215, 0.000207107310416, 0.000230531935813, 0.000194934735191, 0.000197331639356, 0.000164365425007, 0.000193532076082, 9.07018402359e-05, 7.10162421456e-05, 6.01030551479e-05, 6.14317468717e-05, 5.64415822737e-05, 4.54850342066e-05, 5.11468642799e-05, 5.62704663025e-05, 6.872931408e-05, 7.12354085408e-05, 0.000102273123048, 0.00011850080773, 0.000130803411594, 0.00013709088671, 9.69380052993e-05, 4.1122566472e-05, 3.39165453624e-05, 2.68704970949e-05, 2.45196515607e-05, 1.6204894564e-05, 9.22619710764e-06, 7.02041143086e-06, 7.01331555319e-06, 8.42258941702e-06, 7.08602055965e-06, 1.12362395157e-05, 8.50954074849e-06, 8.56854057929e-06, 1.10153114292e-05, 9.46578074945e-06, 9.63529510045e-06, 9.66036532191e-06, 9.59209410212e-06, 7.46158366383e-06, 6.2543454078e-06, 6.14785676589e-06, 6.11057475908e-06, 7.60427701607e-06, 8.93815922609e-06, 1.41349282785e-05, 1.10891933218e-05, 6.97333371136e-06, 6.93090896675e-06, 6.37670336801e-06, 5.66711833017e-06, 6.2162193899e-06, 7.59343402024e-06, 5.76831871513e-06, 3.90985451304e-06, 3.4790666632e-06, 3.0737949146e-06, 1.79295557245e-06, 1.29353941247e-06, 9.78062985268e-07, 2.99902069401e-07, 3.18719894921e-09, 4.56969351248e-10, 4.26800594866e-10, 4.02513966602e-10, 3.7962338828e-10, 3.62250285324e-10, 3.43770262257e-10, 3.29308968983e-10, 3.13773951266e-10, 2.99834213013e-10, 2.86630524871e-10, 2.74159916991e-10, 2.6447605217e-10, 2.55004545258e-10, 2.44510578451e-10, 2.35877956056e-10, 2.28704874483e-10, 2.22355175938e-10, 2.15718248819e-10, 2.10687897684e-10, 2.04827113603e-10, 2.00839650466e-10, 1.96235167005e-10, 1.91958782203e-10, 1.89407156626e-10, 1.87275639441e-10, 1.85846560363e-10, 1.84960810556e-10]
    },
    "mfcc": {
        "mean": [-659.363098145, 99.418510437, -45.2068023682, 5.90662813187, -16.7018146515, 12.8680782318, -6.03160762787, 20.9571151733, -3.62036681175, 8.78668403625, -4.48603391647, 7.15103387833, -12.7162055969],
        "cov": [[7955.78125, 234.081588745, 1364.61572266, 1020.76092529, 434.99786377, 717.353820801, 487.567993164, 567.755126953, 228.375244141, 114.734794617, 424.163818359, 467.672424316, -5.31616163254], [234.081588745, 344.642456055, -100.119598389, -42.6807518005, -7.88489866257, -41.6294937134, 15.136590004, 23.2010326385, 17.3793411255, -21.006193161, 25.7136650085, -4.21697044373, -20.9447250366], [1364.61572266, -100.119598389, 1749.53186035, 920.537841797, 663.540039062, 576.700500488, 335.036590576, 104.645782471, 60.7676239014, 101.206581116, 156.01651001, 234.832778931, 111.341529846], [1020.76092529, -42.6807518005, 920.537841797, 695.712158203, 429.162780762, 353.860351562, 171.405456543, 83.8257293701, 67.6685562134, 19.8301029205, 119.88772583, 168.417480469, 57.3237838745], [434.99786377, -7.88489866257, 663.540039062, 429.162780762, 423.73828125, 280.43347168, 161.300186157, 43.3921318054, 54.6902656555, 30.2284469604, 80.9229354858, 94.8343048096, 47.3891181946], [717.353820801, -41.6294937134, 576.700500488, 353.860351562, 280.43347168, 321.655548096, 179.678741455, 82.8747787476, 42.538394928, 56.7811317444, 68.891418457, 103.906867981, 34.7485237122], [487.567993164, 15.136590004, 335.036590576, 171.405456543, 161.300186157, 179.678741455, 205.47833252, 79.055480957, 37.6781272888, 43.5635032654, 59.6053962708, 59.7020645142, 22.448179245], [567.755126953, 23.2010326385, 104.645782471, 83.8257293701, 43.3921318054, 82.8747787476, 79.055480957, 150.60887146, 51.6666412354, 11.8822660446, 44.4356880188, 62.5342521667, -7.74284315109], [228.375244141, 17.3793411255, 60.7676239014, 67.6685562134, 54.6902656555, 42.538394928, 37.6781272888, 51.6666412354, 90.1498947144, 19.808391571, 40.066532135, 25.6407737732, 2.68277001381], [114.734794617, -21.006193161, 101.206581116, 19.8301029205, 30.2284469604, 56.7811317444, 43.5635032654, 11.8822660446, 19.808391571, 107.724098206, 23.3217506409, 4.42967891693, 10.7866621017], [424.163818359, 25.7136650085, 156.01651001, 119.88772583, 80.9229354858, 68.891418457, 59.6053962708, 44.4356880188, 40.066532135, 23.3217506409, 101.526046753, 66.1240158081, 14.1838312149], [467.672424316, -4.21697044373, 234.832778931, 168.417480469, 94.8343048096, 103.906867981, 59.7020645142, 62.5342521667, 25.6407737732, 4.42967891693, 66.1240158081, 125.000282288, 27.0357761383], [-5.31616163254, -20.9447250366, 111.341529846, 57.3237838745, 47.3891181946, 34.7485237122, 22.448179245, -7.74284315109, 2.68277001381, 10.7866621017, 14.1838312149, 27.0357761383, 68.2881622314]],
        "icov": [[0.00024457796826, -0.000169257298694, -4.78181027574e-05, -0.000262195448158, 0.000466073077405, -0.000385949271731, 1.99968399102e-05, -0.000476053304737, 4.64466502308e-05, 1.50785649566e-06, -0.000514853047207, -6.40123616904e-05, 0.000207812932786], [-0.000169257298694, 0.00346680171788, 0.000222217699047, 0.000346179847838, -0.00104255520273, 0.00141029467341, -0.000907070643734, -7.70254409872e-05, -0.000117530224088, 0.000634695519693, -0.000842790468596, 0.000259430235019, 0.00066922249971], [-4.78181027574e-05, 0.000222217699047, 0.00277690356597, -0.00245602615178, -0.00111810886301, -0.000400572927902, -0.00122613902204, 0.00041965796845, 0.00135555153247, -0.00141124182846, 0.000792755105067, -0.000659327080939, -0.000705091224518], [-0.000262195448158, 0.000346179847838, -0.00245602615178, 0.00815576314926, -0.00295669981278, -0.00241048494354, 0.00268842093647, 0.000379991426598, -0.00176490063313, 0.00282647670247, -0.00156357500236, -0.0015748165315, 0.000252810510574], [0.000466073077405, -0.00104255520273, -0.00111810886301, -0.00295669981278, 0.0101458309218, -0.00465631857514, -0.000983027741313, 0.00145598780364, -0.00234987470321, 0.00159519165754, -0.0020152006764, 0.00184837251436, -0.000634514086414], [-0.000385949271731, 0.00141029467341, -0.000400572927902, -0.00241048494354, -0.00465631857514, 0.0158180501312, -0.00594319310039, -0.00139319896698, 0.00136802822817, -0.00407486408949, 0.00406386563554, -0.00309736444615, 0.00102915323805], [1.99968399102e-05, -0.000907070643734, -0.00122613902204, 0.00268842093647, -0.000983027741313, -0.00594319310039, 0.0124831693247, -0.00360755715519, 8.69333234732e-05, -2.11690930882e-05, -0.00330438022502, 0.00216211052611, -0.00151018740144], [-0.000476053304737, -7.70254409872e-05, 0.00041965796845, 0.000379991426598, 0.00145598780364, -0.00139319896698, -0.00360755715519, 0.0138120148331, -0.0055424189195, 0.000845946313348, 0.00164765049703, -0.00510066701099, 0.00314788985997], [4.64466502308e-05, -0.000117530224088, 0.00135555153247, -0.00176490063313, -0.00234987470321, 0.00136802822817, 8.69333234732e-05, -0.0055424189195, 0.0172742437571, -0.00279239448719, -0.00419632298872, 0.00193924258929, -0.000617213372607], [1.50785649566e-06, 0.000634695519693, -0.00141124182846, 0.00282647670247, 0.00159519165754, -0.00407486408949, -2.11690930882e-05, 0.000845946313348, -0.00279239448719, 0.0131907491013, -0.0039726276882, 0.0030841815751, -0.00117730372585], [-0.000514853047207, -0.000842790468596, 0.000792755105067, -0.00156357500236, -0.0020152006764, 0.00406386563554, -0.00330438022502, 0.00164765049703, -0.00419632298872, -0.0039726276882, 0.0212085861713, -0.00884389970452, 0.000213599574636], [-6.40123616904e-05, 0.000259430235019, -0.000659327080939, -0.0015748165315, 0.00184837251436, -0.00309736444615, 0.00216211052611, -0.00510066701099, 0.00193924258929, 0.0030841815751, -0.00884389970452, 0.0195508506149, -0.00499086966738], [0.000207812932786, 0.00066922249971, -0.000705091224518, 0.000252810510574, -0.000634514086414, 0.00102915323805, -0.00151018740144, 0.00314788985997, -0.000617213372607, -0.00117730372585, 0.000213599574636, -0.00499086966738, 0.0187144409865]]
    },
    "spectral_contrast_coeffs": {
        "max": [-0.489642262459, -0.513454437256, -0.517840862274, -0.630610585213, -0.637448370457, -0.528959751129],
        "mean": [-0.760393023491, -0.772462904453, -0.776674926281, -0.80497610569, -0.784367263317, -0.692677736282],
        "min": [-0.967808246613, -0.978600502014, -0.945002794266, -0.93017667532, -0.89915817976, -0.881331384182],
        "stdev": [0.0601802319288, 0.0701787918806, 0.0612748712301, 0.044705696404, 0.042420938611, 0.0373182706535]
    },
    "spectral_contrast_valleys": {
        "max": [-5.52054834366, -4.89884519577, -4.83412361145, -5.61242246628, -6.11060571671, -8.56582832336],
        "mean": [-7.82757854462, -7.11952114105, -6.90538024902, -7.19074296951, -7.4157743454, -10.9712028503],
        "min": [-14.1566324234, -13.7157154083, -14.2695293427, -14.4388504028, -15.4386949539, -17.7148208618],
        "stdev": [1.65634918213, 0.786803483963, 0.907274663448, 0.728776216507, 0.798265218735, 1.02645087242]
    }
},
"rhythm": {
    "beats_count": 107,
    "beats_loudness": {
        "max": 0.0696827992797,
        "mean": 0.0225919187069,
        "min": 2.46390500251e-05,
        "stdev": 0.0169149972498
    },
    "bpm": 120.788162231,
    "bpm_histogram_first_peak_bpm": 120,
    "bpm_histogram_first_peak_weight": 0.396825373173,
    "bpm_histogram_second_peak_bpm": 185,
    "bpm_histogram_second_peak_spread": 0,
    "bpm_histogram_second_peak_weight": 0.179245278239,
    "danceability": 0.933573424816,
    "onset_rate": 2.83522248268,
    "beats_loudness_band_ratio": {
        "max": [0.835899531841, 0.260280787945, 0.73612755537, 0.70767891407, 0.571027755737, 0.521992921829],
        "mean": [0.258976459503, 0.0485206879675, 0.211986109614, 0.281950175762, 0.184382677078, 0.0573852919042],
        "min": [6.84546321281e-05, 0.00152412673924, 0.0238147489727, 0.0128873251379, 0.020568896085, 0.0108099989593],
        "stdev": [0.269964367151, 0.0531128272414, 0.178806856275, 0.182841867208, 0.10915222019, 0.0663533657789]
    },
