{
"metadata": {
    "version": {
        "essentia": "2.1-beta5",
        "essentia_git_sha": "Undefined",
        "extractor": "music 2.0"
    },
    "audio_properties": {
        "analysis": {
            "equal_loudness": 0,
            "length": 32.0087089539,
            "sample_rate": 44100,
            "start_time": 207.748931885,
            "downmix": "mix"
        },
        "bit_rate": 192000,
        "length": 239.78086853,
        "lossless": 0,
        "number_channels": 2,
        "replay_gain": -0.845407485962,
        "sample_rate": 48000,
        "codec": "mp3",
        "md5_encoded": "0f5924a1c8b4649d3e399131c1bf86eb"
    },
    "tags": {
        "file_name": "France_Allez Olla Olé_Jessy Matador.mp3",
        "encoding": ["Lavf58.29.100"]
    }
},
"lowlevel": {
    "average_loudness": 0.831509172916,
    "barkbands_crest": {
        "max": 25.9690341949,
        "mean": 9.88828277588,
        "min": 2.51797699928,
        "stdev": 4.99240684509
    },
    "barkbands_flatness_db": {
        "max": 0.340708881617,
        "mean": 0.190314382315,
        "min": 0.0471752621233,
        "stdev": 0.0465750098228
    },
    "barkbands_kurtosis": {
        "max": 60.0565567017,
        "mean": 1.67055046558,
        "min": -1.4897069931,
        "stdev": 4.19367170334
    },
    "barkbands_skewness": {
        "max": 7.56341314316,
        "mean": 0.87203848362,
        "min": -1.43320322037,
        "stdev": 0.866263926029
    },
    "barkbands_spread": {
        "max": 71.8151473999,
        "mean": 15.9883069992,
        "min": 2.04212880135,
        "stdev": 11.3411798477
    },
    "dissonance": {
        "max": 0.5,
        "mean": 0.475223094225,
        "min": 0.302740842104,
        "stdev": 0.0273062009364
    },
    "dynamic_complexity": 6.06155490875,
    "erbbands_crest": {
        "max": 29.3034572601,
        "mean": 10.4321212769,
        "min": 2.58085918427,
        "stdev": 5.54884529114
    },
    "erbbands_flatness_db": {
        "max": 0.3996565938,
        "mean": 0.25894254446,
        "min": 0.105859093368,
        "stdev": 0.064593270421
    },
    "erbbands_kurtosis": {
        "max": 36.0423927307,
        "mean": 0.934319376945,
        "min": -1.22594749928,
        "stdev": 2.7118575573
    },
    "erbbands_skewness": {
        "max": 4.52332019806,
        "mean": 0.619549095631,
        "min": -2.09468126297,
        "stdev": 0.767593979836
    },
    "erbbands_spread": {
        "max": 83.4618377686,
        "mean": 22.2466182709,
        "min": 2.67820835114,
        "stdev": 14.2265949249
    },
    "hfc": {
        "max": 106.15737915,
        "mean": 19.7157993317,
        "min": 1.16017349683e-06,
        "stdev": 18.8751087189
    },
    "loudness_ebu128": {
        "integrated": -22.2399463654,
        "loudness_range": 11.2458362579,
        "momentary": {
            "max": -18.4158535004,
            "mean": -25.4052448273,
            "min": -65.7953796387,
            "stdev": 7.44419717789
        },
        "short_term": {
            "max": -19.5144443512,
            "mean": -24.0756797791,
            "min": -41.9041290283,
            "stdev": 4.81317996979
        }
    },
    "melbands_crest": {
        "max": 36.1366577148,
        "mean": 12.9613876343,
        "min": 3.60479784012,
        "stdev": 6.17606019974
    },
    "melbands_flatness_db": {
        "max": 0.368751376867,
        "mean": 0.177657932043,
        "min": 0.0429768823087,
        "stdev": 0.0459816269577
    },
    "melbands_kurtosis": {
        "max": 226.024200439,
        "mean": 5.59848403931,
        "min": -1.52054774761,
        "stdev": 14.716550827
    },
    "melbands_skewness": {
        "max": 13.9726991653,
        "mean": 1.42621481419,
        "min": -1.91985762119,
        "stdev": 1.42153704166
    },
    "melbands_spread": {
        "max": 89.390007019,
        "mean": 21.803571701,
        "min": 2.06139612198,
        "stdev": 12.004655838
    },
    "pitch_salience": {
        "max": 0.898520231247,
        "mean": 0.617174386978,
        "min": 0.0667887032032,
        "stdev": 0.147948712111
    },
    "silence_rate_20dB": {
        "max": 1,
        "mean": 1,
        "min": 1,
        "stdev": 0
    },
    "silence_rate_30dB": {
        "max": 1,
        "mean": 0.999275386333,
        "min": 0,
        "stdev": 0.0269095357507
    },
    "silence_rate_60dB": {
        "max": 1,
        "mean": 0.237681165338,
        "min": 0,
        "stdev": 0.425663143396
    },
    "spectral_centroid": {
        "max": 3313.06616211,
        "mean": 1630.2677002,
        "min": 692.047790527,
        "stdev": 375.712585449
    },
    "spectral_complexity": {
        "max": 47,
        "mean": 18.644203186,
        "min": 0,
        "stdev": 10.6963596344
    },
    "spectral_decrease": {
        "max": -1.18539561051e-16,
        "mean": -5.4147717421e-09,
        "min": -2.81387499967e-08,
        "stdev": 5.76881076242e-09
    },
    "spectral_energy": {
        "max": 0.111854255199,
        "mean": 0.0222248621285,
        "min": 5.52627499317e-10,
        "stdev": 0.0232040435076
    },
    "spectral_energyband_high": {
        "max": 0.00651357229799,
        "mean": 0.000494543288369,
        "min": 4.71619791831e-11,
        "stdev": 0.0007583652623
    },
    "spectral_energyband_low": {
        "max": 0.0535665154457,
        "mean": 0.00590493157506,
        "min": 5.82868085394e-12,
        "stdev": 0.0121438214555
    },
    "spectral_energyband_middle_high": {
        "max": 0.100562207401,
        "mean": 0.00949178636074,
        "min": 4.2174891357e-10,
        "stdev": 0.0139999324456
    },
    "spectral_energyband_middle_low": {
        "max": 0.0726491436362,
        "mean": 0.0069776866585,
        "min": 8.27360818745e-11,
        "stdev": 0.0103429174051
    },
    "spectral_entropy": {
        "max": 8.51648044586,
        "mean": 7.64347171783,
        "min": 6.01651477814,
        "stdev": 0.290326982737
    },
    "spectral_flux": {
        "max": 0.237876996398,
        "mean": 0.0740912929177,
        "min": 0.00016394648992,
        "stdev": 0.0489841774106
    },
    "spectral_kurtosis": {
        "max": 19.6883125305,
        "mean": 4.6028046608,
        "min": -0.361268997192,
        "stdev": 3.43567419052
    },
    "spectral_rms": {
        "max": 0.0104463435709,
        "mean": 0.00392662966624,
        "min": 7.34267530333e-07,
        "stdev": 0.0025028756354
    },
    "spectral_rolloff": {
        "max": 8807.08007812,
        "mean": 1750.52392578,
        "min": 64.599609375,
        "stdev": 759.690124512
    },
    "spectral_skewness": {
        "max": 2.93996524811,
        "mean": 1.40031898022,
        "min": 0.37970367074,
        "stdev": 0.434310048819
    },
    "spectral_spread": {
        "max": 16252636,
        "mean": 3108257.5,
        "min": 1749229,
        "stdev": 1081303.625
    },
    "spectral_strongpeak": {
        "max": 12.7713127136,
        "mean": 1.31865060329,
        "min": 1.66691334016e-05,
        "stdev": 1.6352250576
    },
    "zerocrossingrate": {
        "max": 0.154296875,
        "mean": 0.0653391107917,
        "min": 0.0107421875,
        "stdev": 0.0184084773064
    },
    "barkbands": {
        "max": [0.00383790396154, 0.0513991639018, 0.0337014235556, 0.0100198127329, 0.00757006416097, 0.0150255998597, 0.0328357480466, 0.0541565567255, 0.0532380826771, 0.084817931056, 0.0144924679771, 0.0470494292676, 0.0203546714038, 0.0197290368378, 0.00749610643834, 0.00766578502953, 0.00736914016306, 0.00219880021177, 0.00144501030445, 0.0020087971352, 0.00136560259853, 0.00185978098307, 0.001440590946, 0.00296471547335, 0.00080371752847, 4.32447848198e-07, 4.91614741804e-07],
        "mean": [0.000159126604558, 0.00448679784313, 0.00111698848195, 0.000233422455494, 0.000321784813423, 0.000315886369208, 0.00085234909784, 0.00184348388575, 0.00247388565913, 0.00442406721413, 0.000971732544713, 0.00101226149127, 0.000693698355462, 0.000846773327794, 0.000620289472863, 0.000442393618869, 0.000413187313825, 0.000239978573518, 0.000165217046742, 0.000166728481418, 0.000124351092381, 0.000108950836875, 9.41757461987e-05, 8.88611612027e-05, 8.47375849844e-06, 1.11449016682e-09, 1.20935661485e-09],
        "min": [1.11238188799e-12, 2.02520162099e-12, 1.8138468158e-12, 2.99537478154e-12, 1.78268545759e-11, 2.52422666103e-11, 1.71201872123e-11, 9.24243841183e-12, 3.8073840955e-12, 5.92201426786e-11, 7.80864747862e-11, 1.11030525052e-10, 4.70884997661e-11, 2.22191761517e-11, 3.36346436813e-11, 7.69773307596e-12, 2.58978446327e-11, 2.30445818677e-11, 1.02032922042e-11, 9.90901284637e-12, 4.25449345892e-12, 4.00410954393e-12, 6.28018904242e-12, 4.88227947654e-12, 4.38817818887e-12, 7.45471479685e-12, 1.17877400549e-11],
        "stdev": [0.000479902955703, 0.0105921635404, 0.00326332822442, 0.000870626652613, 0.000742447038647, 0.00092946679797, 0.00279666343704, 0.00520454254001, 0.00592266628519, 0.0110787916929, 0.00143048702739, 0.00238012196496, 0.00128619628958, 0.0016058384208, 0.000760093214922, 0.000537297572009, 0.000573563505895, 0.000261999375653, 0.000173054097104, 0.000237705287873, 0.000198071720661, 0.000189645768842, 0.000162980548339, 0.000192601553863, 3.23803687934e-05, 1.1695634683e-08, 1.32829409694e-08]
    },
    "erbbands": {
        "max": [2.1345205307, 12.4697322845, 27.0438423157, 46.0280990601, 15.0808773041, 35.5991706848, 37.7551078796, 183.095458984, 343.551513672, 928.68737793, 1477.57910156, 1550.05212402, 2504.19995117, 2249.32055664, 332.623413086, 2100.20703125, 1067.59326172, 1063.4552002, 929.609802246, 216.131866455, 462.588531494, 295.047027588, 254.226669312, 121.383728027, 67.8864059448, 83.2373504639, 66.8523712158, 65.01978302, 56.8919029236, 79.4484405518, 45.6598968506, 35.6650276184, 77.3839111328, 13.0065765381, 0.306206911802, 0.0156467631459, 0.00178518297616, 0.000322621577652, 9.4238006568e-05, 0.000130133732455],
        "mean": [0.137998461723, 0.952077865601, 1.50012087822, 1.01884233952, 0.740244209766, 1.24420237541, 1.50520908833, 3.10406470299, 6.20666742325, 26.562335968, 50.4592514038, 51.7919387817, 104.554710388, 104.709060669, 38.8786811829, 43.2996025085, 33.7764434814, 39.7401847839, 38.9297790527, 28.6586990356, 23.801864624, 23.7377338409, 15.034526825, 10.1917009354, 8.10966587067, 7.67598199844, 5.73837089539, 4.54130363464, 4.00356483459, 2.92222332954, 2.80786371231, 1.83164358139, 1.47871470451, 0.248947143555, 0.00619378173724, 0.000369681656593, 5.53858444619e-05, 1.28011797642e-05, 1.46057254824e-05, 2.73118475889e-05],
        "min": [7.21525339475e-11, 4.2276199208e-10, 1.74269865205e-09, 6.75660416505e-09, 1.72531606779e-08, 6.48416147442e-08, 1.95217694454e-07, 1.89829307828e-07, 1.49991194576e-07, 3.72245892777e-07, 1.15584768423e-07, 9.13305555628e-08, 9.09770449198e-07, 2.70379655376e-06, 4.0127538341e-06, 4.16032844441e-06, 2.44467332777e-06, 1.02703404536e-06, 2.22275048145e-06, 6.62920626837e-07, 7.17026637176e-07, 1.32061495606e-06, 1.5027247855e-06, 4.52502462167e-07, 6.41362817078e-07, 4.84160182168e-07, 2.43635781771e-07, 1.53617932597e-07, 1.44410691405e-07, 1.6155028959e-07, 1.93662629044e-07, 1.07763831636e-07, 7.13914758421e-08, 3.30296145989e-08, 4.47524186598e-08, 3.02024467658e-08, 1.22065042518e-08, 7.10532921389e-09, 2.05614969495e-09, 1.36908470671e-10],
        "stdev": [0.357492774725, 2.35811877251, 4.00314712524, 3.24960184097, 1.82688009739, 3.02955722809, 3.11026024818, 9.87915611267, 18.9835128784, 81.7646179199, 139.88293457, 125.665206909, 242.321990967, 270.845001221, 51.6280937195, 104.357711792, 59.464466095, 69.1797485352, 59.9762229919, 29.7367553711, 29.795331955, 31.8032283783, 18.0680656433, 10.413819313, 9.04383277893, 10.7087106705, 9.03738975525, 7.5529999733, 6.79435253143, 5.34321212769, 4.9996881485, 3.37957715988, 3.82913923264, 0.750050365925, 0.0179398488253, 0.000939451507293, 0.000111859466415, 2.24382038141e-05, 1.44405476021e-05, 2.7514730391e-05]
    },
    "gfcc": {
        "mean": [-89.8447799683, 93.5077972412, -213.881362915, 20.8103199005, -80.1650772095, 17.7121753693, -24.6837348938, -2.90774154663, 2.73940396309, -24.6346416473, 3.47266483307, -21.8364658356, 3.90727829933],
        "cov": [[13816.0244141, 958.259399414, 2513.08227539, 2497.71704102, 233.404144287, 1733.06286621, 569.278442383, 944.885803223, 790.906066895, 550.729736328, 598.240600586, -361.696868896, 263.778961182], [958.259399414, 562.979431152, 658.226867676, 495.710601807, 210.603225708, 196.906234741, 135.17578125, 91.9391784668, 131.569778442, 98.9084243774, 64.4333648682, -18.2096252441, -11.3683280945], [2513.08227539, 658.226867676, 2159.71875, 1545.40100098, 373.612030029, 648.145263672, 62.6425743103, 377.146148682, 279.912445068, 458.131439209, 193.943389893, 31.283493042, -56.8850440979], [2497.71704102, 495.710601807, 1545.40100098, 1366.33227539, 289.308929443, 526.105651855, 74.6292800903, 258.046447754, 243.485809326, 339.76776123, 156.75630188, -24.8571281433, -43.4070892334], [233.404144287, 210.603225708, 373.612030029, 289.308929443, 263.780487061, 171.897567749, 108.813102722, 84.3324890137, 61.0519638062, 62.2031364441, 25.4638614655, 20.7751235962, -3.73073959351], [1733.06286621, 196.906234741, 648.145263672, 526.105651855, 171.897567749, 414.041015625, 138.346542358, 186.218170166, 114.879417419, 121.486824036, 105.299156189, -7.90356731415, 27.9226856232], [569.278442383, 135.17578125, 62.6425743103, 74.6292800903, 108.813102722, 138.346542358, 191.280212402, 89.4170532227, 72.7832183838, 8.39858818054, 34.4164772034, -21.9640331268, 22.6710472107], [944.885803223, 91.9391784668, 377.146148682, 258.046447754, 84.3324890137, 186.218170166, 89.4170532227, 195.283691406, 124.169586182, 108.403121948, 69.8027877808, -12.6835870743, 15.0610694885], [790.906066895, 131.569778442, 279.912445068, 243.485809326, 61.0519638062, 114.879417419, 72.7832183838, 124.169586182, 181.526931763, 115.368270874, 61.5171508789, -29.2876033783, 5.30918884277], [550.729736328, 98.9084243774, 458.131439209, 339.76776123, 62.2031364441, 121.486824036, 8.39858818054, 108.403121948, 115.368270874, 184.240325928, 77.2818374634, -2.4621386528, -13.7018136978], [598.240600586, 64.4333648682, 193.943389893, 156.75630188, 25.4638614655, 105.299156189, 34.4164772034, 69.8027877808, 61.5171508789, 77.2818374634, 98.2746353149, 22.9338130951, 19.4810180664], [-361.696868896, -18.2096252441, 31.283493042, -24.8571281433, 20.7751235962, -7.90356731415, -21.9640331268, -12.6835870743, -29.2876033783, -2.4621386528, 22.9338130951, 94.3875579834, 18.8352031708], [263.778961182, -11.3683280945, -56.8850440979, -43.4070892334, -3.73073959351, 27.9226856232, 22.6710472107, 15.0610694885, 5.30918884277, -13.7018136978, 19.4810180664, 18.8352031708, 70.84034729]],
        "icov": [[0.000388005864806, -0.000336447294103, 0.000329357426381, -0.000584360037465, 0.000809650227893, -0.00121197814588, 0.000448033737484, -0.000719098083209, -0.0002802455856, 0.000693769019563, -0.000876706908457, 0.0012291406747, -0.000993013381958], [-0.000336447294103, 0.00751747377217, -0.00543568283319, 0.0014390492579, -0.0034226954449, 0.00557997217402, -0.0055679641664, 0.00649443175644, -0.00361919379793, 0.00633635045961, -0.00560260517523, 0.00373389828019, -0.000957697222475], [0.000329357426381, -0.00543568283319, 0.00830937270075, -0.00454978458583, 0.00214219675399, -0.00585807906464, 0.00542905507609, -0.00773306703195, 0.0037865631748, -0.00790225807577, 0.00645930366591, -0.00547257391736, 0.00198092614301], [-0.000584360037465, 0.0014390492579, -0.00454978458583, 0.00646671373397, -0.00245234998874, 0.000423226010753, -0.000550855591428, 0.00520396418869, -0.00223867804743, -2.67197192443e-05, -0.00133065355476, 0.00171169347595, 0.00156315369532], [0.000809650227893, -0.0034226954449, 0.00214219675399, -0.00245234998874, 0.0110024511814, -0.00529527897015, -0.00222630286589, -0.00312566431239, 0.000816566811409, -0.00239044427872, 0.00510655669495, -0.0037181423977, -0.000242135516601], [-0.00121197814588, 0.00557997217402, -0.00585807906464, 0.000423226010753, -0.00529527897015, 0.0171596836299, -0.00813958700746, 0.00221794634126, 0.00127379002515, 0.00587168661878, -0.00669631408527, 0.001984591363, -0.00159157032613], [0.000448033737484, -0.0055679641664, 0.00542905507609, -0.000550855591428, -0.00222630286589, -0.00813958700746, 0.0174839757383, -0.0078034196049, -0.00105601502582, -0.000469241902465, 0.000563578447327, 0.00101409782656, 0.000178700182005], [-0.000719098083209, 0.00649443175644, -0.00773306703195, 0.00520396418869, -0.00312566431239, 0.00221794634126, -0.0078034196049, 0.0226116795093, -0.0085800839588, 0.00227951910347, -0.00478530116379, 0.00331268063746, -0.00113092677202], [-0.0002802455856, -0.00361919379793, 0.0037865631748, -0.00223867804743, 0.000816566811409, 0.00127379002515, -0.00105601502582, -0.0085800839588, 0.0174880754203, -0.0105691496283, 0.00257302867249, -0.000546501891222, -8.25485039968e-05], [0.000693769019563, 0.00633635045961, -0.00790225807577, -2.67197192443e-05, -0.00239044427872, 0.00587168661878, -0.000469241902465, 0.00227951910347, -0.0105691496283, 0.029698966071, -0.0186137128621, 0.0100701591, -0.00172542012297], [-0.000876706908457, -0.00560260517523, 0.00645930366591, -0.00133065355476, 0.00510655669495, -0.00669631408527, 0.000563578447327, -0.00478530116379, 0.00257302867249, -0.0186137128621, 0.0343576073647, -0.0175437554717, 0.00190547399689], [0.0012291406747, 0.00373389828019, -0.00547257391736, 0.00171169347595, -0.0037181423977, 0.001984591363, 0.00101409782656, 0.00331268063746, -0.000546501891222, 0.0100701591, -0.0175437554717, 0.0262037310749, -0.00948403589427], [-0.000993013381958, -0.000957697222475, 0.00198092614301, 0.00156315369532, -0.000242135516601, -0.00159157032613, 0.000178700182005, -0.00113092677202, -8.25485039968e-05, -0.00172542012297, 0.00190547399689, -0.00948403589427, 0.0226765535772]]
    },
    "melbands": {
        "max": [0.0155719351023, 0.0133140832186, 0.00646501919255, 0.00186355353799, 0.00132765504532, 0.00355897797272, 0.006029301323, 0.00875642616302, 0.0108567904681, 0.0089098373428, 0.012147330679, 0.0109757864848, 0.00145257846452, 0.0028152843006, 0.00505266012624, 0.00166855286807, 0.00223436462693, 0.00204556365497, 0.000382813479519, 0.000338931189617, 0.000557874620426, 0.000292387994705, 0.000595150166191, 0.000102194222563, 0.000105860941403, 4.74195585412e-05, 6.93438923918e-05, 7.01227982063e-05, 6.44450919935e-05, 3.38201134582e-05, 4.54624459962e-05, 3.77965552616e-05, 4.9168291298e-05, 4.017809988e-05, 3.02181742882e-05, 1.74946544576e-05, 2.72036068054e-05, 5.72461322008e-05, 4.17189839936e-05, 1.92981883629e-06],
        "mean": [0.00124435429461, 0.000927242741454, 0.000168944432517, 6.82926765876e-05, 5.51712000743e-05, 6.86636485625e-05, 0.000111345223559, 0.000303827488096, 0.000431720371125, 0.000322323292494, 0.00055846903706, 0.000476857414469, 0.000130084648845, 0.000100281111372, 0.000116018214612, 5.99898885412e-05, 7.57807865739e-05, 6.64897888782e-05, 4.27565828431e-05, 3.34256837959e-05, 2.58931268036e-05, 2.53401831287e-05, 1.7646500055e-05, 1.09201291707e-05, 7.96502899902e-06, 5.89770797887e-06, 6.22524203209e-06, 4.6127843234e-06, 3.93579239244e-06, 2.59054854723e-06, 2.60863430412e-06, 2.32731645156e-06, 1.9994035938e-06, 1.45575540955e-06, 1.59293483648e-06, 1.45075318869e-06, 1.00581416973e-06, 1.06531967958e-06, 7.89909336163e-07, 2.62792774208e-08],
        "min": [6.54913894383e-13, 8.32275600434e-13, 1.4197473492e-12, 2.64832448506e-12, 6.26296020254e-12, 4.2394395286e-12, 2.70236936127e-12, 3.81824086237e-12, 6.39653857226e-13, 5.85119246891e-13, 4.8191676344e-12, 1.08103083776e-11, 1.19114943603e-11, 1.40804173876e-11, 7.50088446216e-12, 3.74523806065e-12, 1.54685769402e-12, 3.64246870513e-12, 1.83336527383e-12, 3.48048846688e-13, 1.03411029739e-12, 1.1296441213e-12, 2.12022998984e-12, 8.17032747881e-13, 3.04245859192e-13, 3.40571890351e-13, 4.97547641108e-13, 2.86624375493e-13, 1.9594253249e-13, 4.85518336689e-14, 1.06746961259e-13, 8.9541235212e-14, 6.29456475007e-14, 9.64937358532e-14, 1.07148312575e-13, 1.00567530649e-13, 4.9866889589e-14, 5.56092579753e-14, 3.42697163778e-14, 2.43968968563e-14],
        "stdev": [0.00299879326485, 0.00216715736315, 0.000489657104481, 0.000168339480297, 0.000112248024379, 0.000211681384826, 0.000338570680469, 0.000861206615809, 0.00117304944433, 0.000789906771388, 0.00130104983691, 0.00129172299057, 0.000182125106221, 0.000184484524652, 0.000295070785796, 9.30523237912e-05, 0.000144620600622, 0.000119002404972, 4.97394394188e-05, 3.7170779251e-05, 3.47315071849e-05, 3.43780884577e-05, 2.9536198781e-05, 1.20825989143e-05, 8.63199056766e-06, 6.47648312224e-06, 8.2982433014e-06, 6.89860644343e-06, 6.66545975037e-06, 4.07903007726e-06, 4.71074599773e-06, 4.13737689087e-06, 3.55635438609e-06, 2.74318813354e-06, 2.93045150102e-06, 2.53711050391e-06, 2.038250841e-06, 2.73437535725e-06, 2.36745677284e-06, 9.6596878052e-08]
    },
    "melbands128": {
        "max": [0.00371571769938, 0.0204362813383, 0.0254423636943, 0.0237749814987, 0.0182442963123, 0.0188226290047, 0.0110893175006, 0.00401765061542, 0.00155734503642, 0.0025545572862, 0.00234694499522, 0.00185881508514, 0.00164231075905, 0.00211754068732, 0.00633670715615, 0.00531666353345, 0.00525033567101, 0.00880506727844, 0.00946969073266, 0.0181608200073, 0.00857669860125, 0.0163354948163, 0.0166960973293, 0.0173378624022, 0.017807489261, 0.0108245238662, 0.023319453001, 0.0203244648874, 0.0196544658393, 0.0257217455655, 0.00522155826911, 0.0043113110587, 0.00232016434893, 0.00189303047955, 0.00173578504473, 0.00176795339212, 0.012480340898, 0.00780632160604, 0.00399800483137, 0.0040684514679, 0.0013286875328, 0.00261229416355, 0.00486214831471, 0.00251712161116, 0.00415661139414, 0.00206697452813, 0.0011618162971, 0.000554050318897, 0.000688631960656, 0.000364605191862, 0.000351639493601, 0.000930037524085, 0.000612720381469, 0.000504488765728, 0.000359270052286, 0.000458037829958, 0.000440810224973, 0.00144924514461, 0.000289518502541, 0.000210012425669, 0.000140832766192, 9.05911438167e-05, 0.000297173653962, 7.85256270319e-05, 7.91916463641e-05, 6.95896960679e-05, 8.49519856274e-05, 9.52657646849e-05, 9.30199603317e-05, 0.000107804022264, 8.91116651474e-05, 9.07340072445e-05, 0.000179865877726, 6.87386418576e-05, 0.000100629382359, 4.62373136543e-05, 3.72286122001e-05, 6.36623444734e-05, 5.51778684894e-05, 8.81606829353e-05, 5.73712604819e-05, 3.43333849742e-05, 4.30579348176e-05, 4.50407933386e-05, 6.57202690491e-05, 5.51832454221e-05, 2.92839795293e-05, 2.19637258851e-05, 3.89430642826e-05, 4.28860803368e-05, 2.46837280429e-05, 2.12221166294e-05, 1.87814785022e-05, 3.52429196937e-05, 3.49089241354e-05, 4.02929799748e-05, 9.23518964555e-05, 6.78331198287e-05, 6.35803153273e-05, 3.00399915432e-05, 2.53742229006e-07, 3.5805194365e-09, 3.36043770588e-09, 3.28608251721e-09, 3.18049564463e-09, 3.10349990151e-09, 3.03301384008e-09, 2.95270052852e-09, 2.856437753e-09, 2.78566703038e-09, 2.71727951251e-09, 2.65136312905e-09, 2.57089083355e-09, 2.51196641265e-09, 2.45275044719e-09, 2.39267650137e-09, 2.32720620552e-09, 2.2562876012e-09, 2.22367613212e-09, 2.16954365584e-09, 2.11736139732e-09, 2.06245598378e-09, 2.0719970184e-09, 2.04271777271e-09, 1.98723704159e-09, 1.97936111945e-09, 1.96525817842e-09, 1.95652338775e-09],
        "mean": [0.000150818392285, 0.00105143710971, 0.00176419434138, 0.00152228900697, 0.000933626259211, 0.000480198214063, 0.000207729506656, 9.72805355559e-05, 6.57308119116e-05, 6.50284491712e-05, 7.37786758691e-05, 6.21106373728e-05, 4.61242707388e-05, 5.15076608281e-05, 6.67261338094e-05, 7.91836791905e-05, 8.13375881989e-05, 7.66868106439e-05, 0.00017011599266, 0.000387947191484, 0.000260072760284, 0.000380405574106, 0.000499339017551, 0.000457359827124, 0.000280265638139, 0.000268618867267, 0.000390074652387, 0.000494605803397, 0.000791416561697, 0.000800383801106, 0.000221857451834, 0.000156532143592, 0.000137120587169, 0.000106058010715, 8.70388103067e-05, 9.08371439436e-05, 0.000131855515065, 0.000144738616655, 9.02678439161e-05, 5.29326935066e-05, 5.08567172801e-05, 7.04852573108e-05, 7.87469980423e-05, 7.73159408709e-05, 7.56548179197e-05, 6.99662341503e-05, 4.90337843075e-05, 4.21424665547e-05, 3.96034520236e-05, 3.90998611692e-05, 3.08929156745e-05, 3.05750400003e-05, 2.89760337182e-05, 2.28155458899e-05, 2.10213802347e-05, 2.89464824164e-05, 2.52100253419e-05, 2.10520483961e-05, 1.38658269861e-05, 1.32077748276e-05, 1.09808815978e-05, 9.17863781069e-06, 8.23255322757e-06, 7.9731189544e-06, 7.15281248631e-06, 5.52161054657e-06, 5.2718646657e-06, 5.7362485677e-06, 6.49644744044e-06, 7.092699434e-06, 4.28218208981e-06, 3.56009968527e-06, 4.08264941143e-06, 4.39668701802e-06, 3.41499276146e-06, 1.92535662791e-06, 2.71935618912e-06, 2.85778719444e-06, 2.49672825703e-06, 2.45039132096e-06, 2.55417171502e-06, 2.05800733966e-06, 2.21578420678e-06, 2.16360740524e-06, 1.69307099895e-06, 1.4572112832e-06, 1.37749850637e-06, 1.41069256188e-06, 1.42198837239e-06, 1.95218467525e-06, 1.78200150458e-06, 1.20125264402e-06, 1.0959906831e-06, 9.79146534519e-07, 9.74974227574e-07, 9.71546569417e-07, 1.09451309527e-06, 1.17693969059e-06, 1.13850376238e-06, 3.76196197749e-07, 2.93022028863e-09, 2.41625903313e-11, 1.02940928351e-11, 9.49892681873e-12, 8.88274523381e-12, 9.59838111769e-12, 1.05755040142e-11, 8.03790974752e-12, 7.60915983e-12, 7.27458371319e-12, 7.07505018113e-12, 6.81395955285e-12, 6.52384179664e-12, 6.29793786566e-12, 6.12278283629e-12, 5.96367009595e-12, 5.83034445376e-12, 5.66563592916e-12, 5.55056087898e-12, 5.42191682176e-12, 5.28108893422e-12, 5.17779872797e-12, 5.13722094378e-12, 5.02415080025e-12, 4.75530378963e-12, 4.38098559166e-12, 4.16535425943e-12, 4.11839572861e-12],
        "min": [3.05197219493e-13, 6.46876324208e-13, 6.81822870732e-13, 6.81529377204e-13, 7.38244372318e-13, 9.65831798219e-13, 1.31657944095e-12, 1.54729495275e-12, 1.58013142501e-12, 2.00433441545e-12, 3.52271423837e-12, 5.66114082695e-12, 7.20025775114e-12, 6.98536064062e-12, 4.95407664544e-12, 2.47605343347e-12, 1.17295984123e-12, 2.48369467354e-12, 4.82262320356e-12, 5.05618030083e-12, 2.9840821654e-12, 1.21174262031e-12, 3.0468897262e-13, 4.5229750121e-14, 2.50196131174e-13, 7.60719395462e-13, 1.4583560054e-12, 3.909541961e-12, 8.60712803114e-12, 1.17738657365e-11, 1.12698583105e-11, 9.90425449987e-12, 1.07105227465e-11, 1.40451053565e-11, 1.63466653408e-11, 1.48479700757e-11, 9.50136583994e-12, 6.1524292605e-12, 7.42049303948e-12, 5.86700479865e-12, 1.85125872965e-12, 2.47235023253e-12, 1.60905414427e-12, 5.27073502031e-13, 2.74414020153e-12, 4.60945474498e-12, 4.60313037687e-12, 1.8423723918e-12, 8.48253813111e-13, 3.07102271131e-13, 3.01238065525e-13, 2.46899478943e-13, 7.12336873515e-13, 1.53189635456e-12, 1.50966056062e-12, 3.32143194242e-13, 1.44327713843e-12, 2.73407034859e-12, 2.43763863261e-12, 9.94400742305e-13, 8.27882575861e-13, 5.31640541052e-13, 2.6682055545e-13, 2.80210506491e-13, 2.62715657605e-13, 8.57269171015e-14, 5.90469350931e-13, 7.73967207598e-13, 3.04514822646e-13, 4.34528389832e-13, 2.59122123715e-13, 2.48800139562e-13, 2.28758716614e-13, 2.39650747164e-13, 8.59399560522e-14, 2.20977072361e-14, 3.28474938493e-14, 8.97812165866e-14, 1.21868579681e-13, 1.16941016332e-13, 1.17794025944e-13, 6.25623684802e-14, 5.82934511751e-14, 5.87751893054e-14, 6.61239793931e-14, 1.17536880294e-13, 1.23178959979e-13, 1.73968268448e-14, 1.19623332507e-13, 1.71224891362e-13, 8.44860748202e-14, 9.46792218736e-14, 9.51901860287e-14, 2.15707477108e-14, 4.47962522111e-14, 6.58296591609e-14, 5.50903012173e-14, 4.44734411787e-14, 4.55747974624e-14, 1.96630363901e-14, 1.93944320781e-14, 2.66813531853e-14, 2.68171037677e-14, 3.97666823787e-14, 8.94663507232e-14, 3.5890015867e-14, 4.00833134588e-14, 4.63002506885e-14, 4.50075259451e-14, 5.86260708491e-14, 8.98371478662e-14, 3.5812092224e-14, 2.16187897255e-14, 2.77975071346e-14, 4.01579167326e-14, 5.86366011627e-14, 8.51346039022e-14, 3.73893183938e-14, 4.21770332147e-14, 7.68755718805e-14, 7.60227316754e-14, 5.36571621282e-14, 7.78665055611e-14, 3.60339132122e-14, 1.77660671412e-14, 8.7156336022e-15, 5.04457671517e-15, 4.32343245152e-16],
        "stdev": [0.000467404868687, 0.00301438220777, 0.00462536513805, 0.00404967367649, 0.00260190130211, 0.00143065885641, 0.000753066211473, 0.000330239126924, 0.000168113299878, 0.000208528028452, 0.000189804850379, 0.000152544409502, 0.000108534222818, 0.000149250714458, 0.00026386269019, 0.000328496156726, 0.000331067625666, 0.000379146251362, 0.000668036460411, 0.00148410641123, 0.000844504276756, 0.00155642488971, 0.00164789811242, 0.00163280731067, 0.00104502995964, 0.000839254062157, 0.00128560943995, 0.00164126022719, 0.0023174979724, 0.00278264144436, 0.000543448666576, 0.000277895916952, 0.000220007044845, 0.000195913919015, 0.000158434777404, 0.000175657885848, 0.000544982380234, 0.000457431771792, 0.000233554848819, 0.000143304481753, 9.20093298191e-05, 0.000136661547003, 0.000218098153709, 0.000204718540772, 0.000211462684092, 0.000146976584801, 9.01007369976e-05, 6.37963894405e-05, 5.4965246818e-05, 4.90185630042e-05, 4.36094560428e-05, 5.52283599973e-05, 4.82219911646e-05, 3.62511527783e-05, 3.32377567247e-05, 4.80353082821e-05, 4.40634466941e-05, 5.84881672694e-05, 2.25944440899e-05, 1.88132835319e-05, 1.56226033141e-05, 1.13374526336e-05, 1.39402163768e-05, 1.03858437797e-05, 9.72264842858e-06, 7.11659913577e-06, 8.05483159638e-06, 8.63592231326e-06, 1.05140416053e-05, 1.22058736451e-05, 7.12395058144e-06, 6.69009932608e-06, 1.00066135929e-05, 8.44627902552e-06, 7.6213614193e-06, 3.54785129275e-06, 4.47401180281e-06, 5.48091065866e-06, 5.20756248079e-06, 5.42587304153e-06, 5.26681833435e-06, 3.77353035219e-06, 3.99240616389e-06, 4.05310447604e-06, 3.79605785383e-06, 3.19941545968e-06, 2.67513360086e-06, 2.62633284365e-06, 2.96807615996e-06, 3.9376618588e-06, 3.37202845913e-06, 2.31735702982e-06, 2.0795519049e-06, 2.28688281823e-06, 2.230916607e-06, 2.31293006436e-06, 3.52078336618e-06, 3.39475877809e-06, 3.59050773113e-06, 1.36391213346e-06, 1.0775257131e-08, 1.47915749094e-10, 9.14860548429e-11, 8.92053236834e-11, 8.6232243568e-11, 8.52974080257e-11, 1.01250695328e-10, 7.99770735749e-11, 7.73095545914e-11, 7.53657136698e-11, 7.35018018672e-11, 7.16993409089e-11, 6.9514845269e-11, 6.79110795376e-11, 6.62994589784e-11, 6.46670564319e-11, 6.28916432821e-11, 6.09768208149e-11, 6.00846247756e-11, 5.86200324393e-11, 5.72089250972e-11, 5.57277106406e-11, 5.59702111047e-11, 5.51783792269e-11, 5.36910203797e-11, 5.34825864151e-11, 5.31050411978e-11, 5.28691951329e-11]
    },
    "mfcc": {
        "mean": [-689.560913086, 99.1592407227, -61.5727081299, -10.066529274, -21.2192058563, 1.74789297581, -11.8122081757, 12.1683921814, -2.93008756638, 10.1430482864, -7.36771965027, 4.3345541954, -9.20584774017],
        "cov": [[12487.6621094, -74.906791687, 2158.15234375, 1150.19702148, 750.906066895, 924.588745117, 626.535827637, 588.885375977, 471.940124512, 941.168579102, 497.070709229, 498.579803467, 287.987548828], [-74.906791687, 367.331420898, 0.484470248222, 65.9529190063, 32.5810928345, 44.8093070984, 44.0046348572, 48.9818382263, 38.422706604, 23.2427463531, 0.64016854763, 6.76299142838, 15.2531881332], [2158.15234375, 0.484470248222, 2029.08520508, 1044.26672363, 812.23840332, 516.347167969, 273.250823975, 96.3246459961, 198.161193848, 302.598846436, 355.934112549, 358.095581055, 215.843154907], [1150.19702148, 65.9529190063, 1044.26672363, 745.45916748, 466.210754395, 342.353820801, 142.44039917, 62.1392784119, 124.592651367, 196.20993042, 189.89491272, 221.98298645, 117.029342651], [750.906066895, 32.5810928345, 812.23840332, 466.210754395, 460.077636719, 259.002960205, 152.731216431, 70.243309021, 118.623558044, 115.414978027, 150.502349854, 150.770233154, 103.338729858], [924.588745117, 44.8093070984, 516.347167969, 342.353820801, 259.002960205, 287.99609375, 144.38168335, 94.0741119385, 79.0793075562, 122.075958252, 83.2325897217, 106.305397034, 68.2934646606], [626.535827637, 44.0046348572, 273.250823975, 142.44039917, 152.731216431, 144.38168335, 190.239212036, 98.0748748779, 68.9497833252, 71.8742599487, 54.8100128174, 48.6325111389, 56.5141181946], [588.885375977, 48.9818382263, 96.3246459961, 62.1392784119, 70.243309021, 94.0741119385, 98.0748748779, 137.199050903, 62.741519928, 60.5978126526, 27.121635437, 29.1461009979, 21.6702537537], [471.940124512, 38.422706604, 198.161193848, 124.592651367, 118.623558044, 79.0793075562, 68.9497833252, 62.741519928, 123.561347961, 93.6212615967, 66.1365509033, 52.2953796387, 37.0850753784], [941.168579102, 23.2427463531, 302.598846436, 196.20993042, 115.414978027, 122.075958252, 71.8742599487, 60.5978126526, 93.6212615967, 199.619018555, 103.482032776, 90.3856430054, 48.2758674622], [497.070709229, 0.64016854763, 355.934112549, 189.89491272, 150.502349854, 83.2325897217, 54.8100128174, 27.121635437, 66.1365509033, 103.482032776, 145.757629395, 105.125160217, 52.5555381775], [498.579803467, 6.76299142838, 358.095581055, 221.98298645, 150.770233154, 106.305397034, 48.6325111389, 29.1461009979, 52.2953796387, 90.3856430054, 105.125160217, 139.63848877, 67.2772903442], [287.987548828, 15.2531881332, 215.843154907, 117.029342651, 103.338729858, 68.2934646606, 56.5141181946, 21.6702537537, 37.0850753784, 48.2758674622, 52.5555381775, 67.2772903442, 90.3761062622]],
        "icov": [[0.000157668589964, 0.000109264619823, -0.000162731696037, 7.04267658875e-05, 0.000217243199586, -0.000166850164533, -4.38378374383e-05, -0.00039657720481, 2.78088446066e-05, -0.000522476562764, 0.0001029453706, -2.28984299611e-05, 1.63469462677e-06], [0.000109264619823, 0.00316792959347, 0.000411347165937, -0.00101333798375, 0.000237996966462, 4.84416777908e-05, -0.000363663071766, -0.00103935564402, -0.000618748774286, -0.000141028009239, 0.000210114463698, 0.000487826298922, -0.000541284040082], [-0.000162731696037, 0.000411347165937, 0.00308856624179, -0.00212740083225, -0.00268570682965, 0.000203724586754, -0.000634236435872, 0.000950232613832, 0.00109688064549, 7.53737331252e-05, -0.00183759687934, -6.44882456982e-05, -0.000460446724901], [7.04267658875e-05, -0.00101333798375, -0.00212740083225, 0.00772878807038, -0.00200534006581, -0.00359653448686, 0.00160877977032, 0.0014610842336, -0.000219000867219, -0.00161305442452, 0.00155409972649, -0.00377820362337, 0.00153399806004], [0.000217243199586, 0.000237996966462, -0.00268570682965, -0.00200534006581, 0.0117895975709, -0.00319008319639, -0.00119227997493, -0.000312722317176, -0.00478599779308, 0.00394221395254, -0.00238341838121, 0.00132976484019, -0.00171668361872], [-0.000166850164533, 4.84416777908e-05, 0.000203724586754, -0.00359653448686, -0.00319008319639, 0.0135373240337, -0.0039988826029, -0.00309055414982, 0.00251343823038, -0.0028266934678, 0.00420501409099, -0.00158623233438, 0.000567902752664], [-4.38378374383e-05, -0.000363663071766, -0.000634236435872, 0.00160877977032, -0.00119227997493, -0.0039988826029, 0.0130011020228, -0.00551213370636, -0.000644675688818, 0.000392935937271, -0.0017642469611, 0.00364307733253, -0.00442190095782], [-0.00039657720481, -0.00103935564402, 0.000950232613832, 0.0014610842336, -0.000312722317176, -0.00309055414982, -0.00551213370636, 0.0160645712167, -0.00449410639703, 0.00045895614312, 0.000991884618998, -0.00261950190179, 0.00253777927719], [2.78088446066e-05, -0.000618748774286, 0.00109688064549, -0.000219000867219, -0.00478599779308, 0.00251343823038, -0.000644675688818, -0.00449410639703, 0.0179722756147, -0.00636955117807, -0.00218024360947, 0.00140657240991, -0.00101797026582], [-0.000522476562764, -0.000141028009239, 7.53737331252e-05, -0.00161305442452, 0.00394221395254, -0.0028266934678, 0.000392935937271, 0.00045895614312, -0.00636955117807, 0.0144828204066, -0.00592698855326, -0.000362727470929, -0.000535796396434], [0.0001029453706, 0.000210114463698, -0.00183759687934, 0.00155409972649, -0.00238341838121, 0.00420501409099, -0.0017642469611, 0.000991884618998, -0.00218024360947, -0.00592698855326, 0.0221838876605, -0.0114042051136, 0.00207558553666], [-2.28984299611e-05, 0.000487826298922, -6.44882456982e-05, -0.00377820362337, 0.00132976484019, -0.00158623233438, 0.00364307733253, -0.00261950190179, 0.00140657240991, -0.000362727470929, -0.0114042051136, 0.0253329090774, -0.00954456441104], [1.63469462677e-06, -0.000541284040082, -0.000460446724901, 0.00153399806004, -0.00171668361872, 0.000567902752664, -0.00442190095782, 0.00253777927719, -0.00101797026582, -0.000535796396434, 0.00207558553666, -0.00954456441104, 0.0205567032099]]
    },
    "spectral_contrast_coeffs": {
        "max": [-0.464032709599, -0.446365356445, -0.448895692825, -0.64337927103, -0.652922034264, -0.62081694603],
        "mean": [-0.740755677223, -0.749573111534, -0.778191268444, -0.81382894516, -0.795992732048, -0.717190623283],
        "min": [-0.896164417267, -0.95797753334, -0.955776512623, -0.925700843334, -0.925856769085, -0.929139912128],
        "stdev": [0.0647158250213, 0.0944668576121, 0.0820799842477, 0.043131262064, 0.0335175544024, 0.0296167209744]
    },
    "spectral_contrast_valleys": {
        "max": [-5.42938375473, -5.43942928314, -4.87925767899, -5.59821987152, -5.95058965683, -8.84218788147],
        "mean": [-8.71649074554, -7.27896690369, -6.95868444443, -7.16585588455, -7.65674877167, -11.2522668839],
        "min": [-15.8292818069, -15.1927747726, -14.0733633041, -15.0969772339, -15.0819244385, -17.3251972198],
        "stdev": [1.85448300838, 0.896668016911, 1.03910398483, 0.934401571751, 0.999074518681, 1.31653785706]
    }
},
"rhythm": {
    "beats_count": 70,
    "beats_loudness": {
        "max": 0.0900211110711,
        "mean": 0.0296660251915,
        "min": 6.08084519627e-06,
        "stdev": 0.0263437665999
    },
    "bpm": 128.086242676,
    "bpm_histogram_first_peak_bpm": 129,
    "bpm_histogram_first_peak_weight": 0.419354856014,
    "bpm_histogram_second_peak_bpm": 140,
    "bpm_histogram_second_peak_spread": 0.333333313465,
    "bpm_histogram_second_peak_weight": 0.260869562626,
    "danceability": 1.13011348248,
    "onset_rate": 2.40472316742,
    "beats_loudness_band_ratio": {
        "max": [0.928828239441, 0.275019347668, 0.77750223875, 0.928507506847, 0.714301049709, 0.110473811626],
        "mean": [0.209718286991, 0.0192001461983, 0.282003879547, 0.33291631937, 0.159709081054, 0.033032797277],
        "min": [2.62043904513e-05, 0.000768296304159, 0.00250924937427, 0.0075263264589, 0.020648252219, 0.0043674535118],
        "stdev": [0.291595816612, 0.0358971729875, 0.163902029395, 0.262331902981, 0.124027214944, 0.0219287984073]
    },
    "beats_position": [0.487619042397, 0.975238084793, 1.45124709606, 1.92725622654, 2.41487526894, 2.87927436829, 3.34367346764, 3.78485250473, 4.2492518425, 4.71365070343, 5.17804956436, 5.64244890213, 6.10684776306, 6.57124710083, 7.03564596176, 7.50004529953, 7.96444416046, 8.42884349823, 8.893242836, 9.35764122009, 9.82204055786, 10.2864398956, 10.7508392334, 11.2152376175, 11.6680269241, 12.1556463242, 12.6316547394, 13.1076641083, 13.5836734772, 14.0596818924, 14.5473012924, 15.0233106613, 15.4993190765, 15.9753284454, 16.4513378143, 16.9273471832, 17.4033565521, 17.8445339203, 18.2857131958, 18.7268924713, 19.1564617157, 19.5628108978, 19.96916008, 20.3755092621, 20.7818584442, 21.1765975952, 21.5713367462, 21.9660758972, 22.3840351105, 22.8136043549, 23.2431735992, 23.6727428436, 24.102312088, 24.5202713013, 24.9498405457, 25.37940979, 25.8089790344, 26.2385482788, 26.6681175232, 27.0976867676, 27.527256012, 27.9568252563, 28.3863945007, 28.8275737762, 29.2571430206, 29.686712265, 30.1162815094, 30.5458488464, 30.9870281219, 31.4282073975],
