{
"metadata": {
    "version": {
        "essentia": "2.1-beta5",
        "essentia_git_sha": "Undefined",
        "extractor": "music 2.0"
    },
    "audio_properties": {
        "analysis": {
            "equal_loudness": 0,
            "length": 12.7477550507,
            "sample_rate": 44100,
            "start_time": 0,
            "downmix": "mix"
        },
        "bit_rate": 192000,
        "length": 222.075668335,
        "lossless": 0,
        "number_channels": 2,
        "replay_gain": -1.82669830322,
        "sample_rate": 48000,
        "codec": "mp3",
        "md5_encoded": "76302c6710fb0574cfa64d21889259c9"
    },
    "tags": {
        "file_name": "Russia_Lost And Forgotten_Peter Nalitch _ Friends.mp3",
        "encoding": ["Lavf58.29.100"]
    }
},
"lowlevel": {
    "average_loudness": 0.038536682725,
    "barkbands_crest": {
        "max": 24.3859844208,
        "mean": 11.9537286758,
        "min": 2.16941928864,
        "stdev": 5.37770652771
    },
    "barkbands_flatness_db": {
        "max": 0.367189109325,
        "mean": 0.176524609327,
        "min": 0.0281403530389,
        "stdev": 0.0666640475392
    },
    "barkbands_kurtosis": {
        "max": 219.893173218,
        "mean": 14.9105701447,
        "min": -1.91725742817,
        "stdev": 30.8619117737
    },
    "barkbands_skewness": {
        "max": 13.2062005997,
        "mean": 2.47699284554,
        "min": -2.0240020752,
        "stdev": 2.49800872803
    },
    "barkbands_spread": {
        "max": 95.3276977539,
        "mean": 23.3164348602,
        "min": 1.06402468681,
        "stdev": 20.3385467529
    },
    "dissonance": {
        "max": 0.499812483788,
        "mean": 0.472913920879,
        "min": 0.39447799325,
        "stdev": 0.0208574421704
    },
    "dynamic_complexity": 9.17073440552,
    "erbbands_crest": {
        "max": 25.8379993439,
        "mean": 8.97577667236,
        "min": 2.26821398735,
        "stdev": 4.54149007797
    },
    "erbbands_flatness_db": {
        "max": 0.25780159235,
        "mean": 0.161699578166,
        "min": 0.0813493803144,
        "stdev": 0.0371254980564
    },
    "erbbands_kurtosis": {
        "max": 23.4908561707,
        "mean": 0.348219275475,
        "min": -1.62499189377,
        "stdev": 2.46910214424
    },
    "erbbands_skewness": {
        "max": 2.5021071434,
        "mean": 0.209926962852,
        "min": -4.23363256454,
        "stdev": 0.95148897171
    },
    "erbbands_spread": {
        "max": 161.755783081,
        "mean": 50.5438728333,
        "min": 10.6012096405,
        "stdev": 24.2347583771
    },
    "hfc": {
        "max": 383.884429932,
        "mean": 15.1381282806,
        "min": 1.26685146032e-16,
        "stdev": 44.4737854004
    },
    "loudness_ebu128": {
        "integrated": -18.3874588013,
        "loudness_range": 17.9063167572,
        "momentary": {
            "max": -11.9539299011,
            "mean": -29.9714889526,
            "min": -36.861114502,
            "stdev": 7.16607093811
        },
        "short_term": {
            "max": -17.1542243958,
            "mean": -28.5259361267,
            "min": -35.3652496338,
            "stdev": 7.7676987648
        }
    },
    "melbands_crest": {
        "max": 36.4766731262,
        "mean": 16.320432663,
        "min": 2.30814433098,
        "stdev": 6.72303342819
    },
    "melbands_flatness_db": {
        "max": 0.473769038916,
        "mean": 0.217721760273,
        "min": 0.00747861620039,
        "stdev": 0.0995974466205
    },
    "melbands_kurtosis": {
        "max": 878.002258301,
        "mean": 47.5114974976,
        "min": -1.51353001595,
        "stdev": 97.6959915161
    },
    "melbands_skewness": {
        "max": 23.4662513733,
        "mean": 4.22197532654,
        "min": -0.257296770811,
        "stdev": 3.61125683784
    },
    "melbands_spread": {
        "max": 173.353973389,
        "mean": 28.3644752502,
        "min": 0.652228116989,
        "stdev": 35.6776657104
    },
    "pitch_salience": {
        "max": 0.864065051079,
        "mean": 0.503943622112,
        "min": 0.0893507003784,
        "stdev": 0.168251216412
    },
    "silence_rate_20dB": {
        "max": 1,
        "mean": 1,
        "min": 1,
        "stdev": 0
    },
    "silence_rate_30dB": {
        "max": 1,
        "mean": 0.918181836605,
        "min": 0,
        "stdev": 0.274088323116
    },
    "silence_rate_60dB": {
        "max": 1,
        "mean": 0.62909090519,
        "min": 0,
        "stdev": 0.483047753572
    },
    "spectral_centroid": {
        "max": 11575.4189453,
        "mean": 1499.24438477,
        "min": 188.135070801,
        "stdev": 1174.78747559
    },
    "spectral_complexity": {
        "max": 64,
        "mean": 7.5927271843,
        "min": 0,
        "stdev": 12.3402376175
    },
    "spectral_decrease": {
        "max": 2.81421491412e-30,
        "mean": -5.0742352542e-09,
        "min": -1.09828100392e-07,
        "stdev": 1.38558977625e-08
    },
    "spectral_energy": {
        "max": 0.437476068735,
        "mean": 0.0205244198442,
        "min": 1.14800867158e-20,
        "stdev": 0.0541715025902
    },
    "spectral_energyband_high": {
        "max": 0.0331369563937,
        "mean": 0.00151388102677,
        "min": 8.4384272812e-21,
        "stdev": 0.00453257793561
    },
    "spectral_energyband_low": {
        "max": 0.330894529819,
        "mean": 0.0132841430604,
        "min": 1.32533163294e-22,
        "stdev": 0.0389294400811
    },
    "spectral_energyband_middle_high": {
        "max": 0.0608758740127,
        "mean": 0.0014175362885,
        "min": 1.53904071646e-21,
        "stdev": 0.00589549029246
    },
    "spectral_energyband_middle_low": {
        "max": 0.290573507547,
        "mean": 0.00466666417196,
        "min": 2.91449217894e-22,
        "stdev": 0.0210396498442
    },
    "spectral_entropy": {
        "max": 9.80764961243,
        "mean": 7.70495462418,
        "min": 6.48256254196,
        "stdev": 0.407842814922
    },
    "spectral_flux": {
        "max": 0.469904839993,
        "mean": 0.0539096966386,
        "min": 1.07145167738e-10,
        "stdev": 0.077136233449
    },
    "spectral_kurtosis": {
        "max": 11.1558074951,
        "mean": 2.20599842072,
        "min": -1.16521465778,
        "stdev": 2.07095122337
    },
    "spectral_rms": {
        "max": 0.0206592809409,
        "mean": 0.00274048815481,
        "min": 3.34665281598e-12,
        "stdev": 0.00353744835593
    },
    "spectral_rolloff": {
        "max": 18755.4199219,
        "mean": 1766.38745117,
        "min": 64.599609375,
        "stdev": 2510.76342773
    },
    "spectral_skewness": {
        "max": 2.64245176315,
        "mean": 1.1434905529,
        "min": -0.0870823040605,
        "stdev": 0.44777444005
    },
    "spectral_spread": {
        "max": 39791296,
        "mean": 4884473.5,
        "min": 2404032.25,
        "stdev": 2060578
    },
    "spectral_strongpeak": {
        "max": 21.6403961182,
        "mean": 0.536996424198,
        "min": 0,
        "stdev": 1.97189724445
    },
    "zerocrossingrate": {
        "max": 0.6572265625,
        "mean": 0.0691113248467,
        "min": 0.005859375,
        "stdev": 0.0710652768612
    },
    "barkbands": {
        "max": [0.0330494940281, 0.285637885332, 0.0725025162101, 0.0484311357141, 0.254816800356, 0.0260855183005, 0.00883766449988, 0.0094216838479, 0.0158264804631, 0.0086921043694, 0.00752616114914, 0.00947628729045, 0.00632636714727, 0.0048955893144, 0.00664646271616, 0.00897472258657, 0.00905367545784, 0.00674110325053, 0.0103862378746, 0.00709046050906, 0.0148255843669, 0.00704357866198, 0.0140289627016, 0.00785091612488, 0.00889478251338, 0.000310610193992, 3.58182234095e-07],
        "mean": [0.00135794782545, 0.00908938795328, 0.00251441518776, 0.00112203636672, 0.0023856186308, 0.000354361662176, 0.000264355767285, 0.000260168599198, 0.000229053199291, 0.000140614560223, 0.000111216169898, 0.000133229666972, 0.00010931120778, 0.00012273430184, 0.000132096465677, 0.000130840300699, 0.000148417471792, 0.000152284352225, 0.000177304842509, 0.00019110100402, 0.00044395957957, 0.000235530140344, 0.000297696446069, 0.000238158347202, 0.00017465907149, 7.93682374933e-06, 1.53933354952e-09],
        "min": [4.42554975242e-23, 5.79480938886e-23, 2.93320761993e-23, 9.71907637466e-24, 4.2842420451e-23, 4.85814371791e-23, 8.54909073372e-23, 3.3389992473e-23, 5.8505067553e-23, 7.90314176335e-23, 9.94551337548e-23, 9.39799973104e-23, 1.11711324851e-22, 1.07722515948e-22, 4.64687099027e-23, 1.38498491594e-22, 3.93399632288e-22, 1.46915624831e-22, 2.45842303821e-22, 2.70994496384e-22, 6.20448972184e-22, 5.55151181148e-22, 8.33372905602e-22, 8.16628758598e-22, 1.31775041459e-21, 1.75741811474e-21, 2.67506029768e-21],
        "stdev": [0.00469579454511, 0.0284483358264, 0.00822327379137, 0.0048069851473, 0.0156459249556, 0.00164485361893, 0.000874006538652, 0.00080729421461, 0.00122292374726, 0.000562445493415, 0.000537945888937, 0.000702181423549, 0.000493705330882, 0.000478423055029, 0.00061753753107, 0.000659922254272, 0.000715036469046, 0.000622470746748, 0.000705200829543, 0.000707572267856, 0.00153712474275, 0.00076272507431, 0.0011324994266, 0.000860092812218, 0.00077504379442, 2.87989532808e-05, 1.57113220212e-08]
    },
    "erbbands": {
        "max": [9.82890224457, 67.7534790039, 98.9064483643, 106.015838623, 419.474945068, 1396.71130371, 354.053009033, 299.127624512, 144.38760376, 160.921463013, 302.59677124, 394.908691406, 370.164398193, 192.251403809, 365.866973877, 381.193084717, 273.9793396, 309.672912598, 384.313476562, 348.121917725, 536.657348633, 437.62689209, 400.693115234, 523.657043457, 320.318969727, 298.926147461, 658.43536377, 331.598052979, 233.345336914, 237.996231079, 580.69128418, 167.883834839, 118.990242004, 99.6148681641, 55.2233657837, 7.71905708313, 0.174115791917, 0.00883084628731, 0.00104829866905, 0.000580483640078],
        "mean": [0.342424690723, 1.68941855431, 3.31580090523, 3.1246547699, 6.33874893188, 9.28008460999, 2.99233388901, 3.41154289246, 3.28557538986, 5.8400182724, 5.26346302032, 5.40315437317, 4.87487459183, 3.90759634972, 5.01362323761, 5.6395201683, 5.11961841583, 6.0638999939, 6.67300701141, 7.07611560822, 7.52206659317, 8.61255741119, 8.55498790741, 7.2928237915, 9.78511428833, 8.41799354553, 17.710855484, 14.1366386414, 8.81331634521, 8.51305294037, 9.29523086548, 5.13941192627, 3.76815915108, 2.34352517128, 0.986759603024, 0.131070971489, 0.00350657524541, 0.00017566983297, 3.24867432937e-05, 2.9173299481e-05],
        "min": [3.3657641871e-21, 7.34601896005e-21, 2.94329570445e-20, 3.37785083873e-20, 1.02703242455e-19, 1.60391910512e-19, 5.20733556992e-20, 5.48487023969e-19, 1.11610952724e-18, 1.19028891323e-18, 6.36152555866e-19, 1.07501333325e-18, 1.90935929447e-18, 3.43548994704e-18, 3.59339789879e-18, 4.26007528042e-18, 4.85319769402e-18, 7.15711407567e-18, 2.05499229952e-18, 4.46009044767e-18, 1.04394469828e-17, 1.86591630636e-17, 1.02286482755e-17, 9.31915822891e-18, 1.2695391852e-17, 1.27638187138e-17, 1.84693598546e-17, 2.78565478986e-17, 2.09732074447e-17, 2.03797781471e-17, 2.59093763172e-17, 1.72579852804e-17, 1.33405356543e-17, 1.46625489442e-17, 9.33810314648e-18, 5.75262384769e-18, 3.21460356537e-18, 1.49936174378e-18, 3.55013898939e-19, 3.9840698608e-20],
        "stdev": [1.15849781036, 5.43588399887, 11.019487381, 10.5488452911, 32.304889679, 74.7388687134, 18.5159683228, 17.5371494293, 12.9017057419, 16.9340610504, 21.2901916504, 28.4484405518, 21.1187000275, 15.6154022217, 25.1136417389, 29.5544204712, 22.772644043, 24.6619358063, 30.1844577789, 34.3344802856, 37.9379577637, 39.7078437805, 36.4533958435, 34.1311836243, 35.6100692749, 29.369808197, 63.4433059692, 43.6201934814, 27.6152706146, 26.8094158173, 40.8396339417, 17.957244873, 14.0648393631, 9.82154846191, 4.62307167053, 0.538729965687, 0.013139616698, 0.00068612548057, 9.91642373265e-05, 7.08238803782e-05]
    },
    "gfcc": {
        "mean": [-145.057830811, 111.586090088, -125.576522827, 64.7352600098, -71.2593231201, 28.2641372681, -29.4621486664, 4.42659950256, 0.828315973282, -9.96160316467, 3.71707510948, -15.9722833633, -3.14101243019],
        "cov": [[17489.7148438, -2615.74194336, 1087.08312988, 872.073730469, -451.63885498, 993.86529541, -540.161376953, 1244.72375488, -1109.19702148, 740.322998047, -825.293884277, 426.458343506, 115.226982117], [-2615.74194336, 2550.97802734, -342.008789062, -145.755966187, 332.101654053, -468.437713623, 109.879547119, -533.426147461, 519.613525391, -466.342254639, 509.37689209, -353.998046875, -14.0541152954], [1087.08312988, -342.008789062, 1082.77929688, 255.812957764, 241.466308594, 267.634796143, 7.87427330017, 294.808898926, -109.329368591, 132.850662231, -131.828018188, 121.369949341, -0.978634238243], [872.073730469, -145.755966187, 255.812957764, 353.870025635, 34.247592926, 139.394424438, 65.6256103516, 23.616109848, -31.9786338806, -2.18231511116, -17.5733413696, 2.66006994247, 16.2976207733], [-451.63885498, 332.101654053, 241.466308594, 34.247592926, 345.444152832, -20.2697639465, 90.462097168, 6.32115221024, 39.5706558228, -5.17215585709, 50.2030448914, -3.55889487267, -18.2452716827], [993.86529541, -468.437713623, 267.634796143, 139.394424438, -20.2697639465, 259.169036865, -1.96259200573, 133.400894165, -99.1402664185, 74.3561325073, -100.011192322, 49.2481384277, 12.7615642548], [-540.161376953, 109.879547119, 7.87427330017, 65.6256103516, 90.462097168, -1.96259200573, 184.415252686, -10.8980846405, 97.8003082275, 5.38145971298, 32.5447120667, -22.3923587799, -15.5601997375], [1244.72375488, -533.426147461, 294.808898926, 23.616109848, 6.32115221024, 133.400894165, -10.8980846405, 358.516845703, -85.4679107666, 167.124847412, -121.20866394, 121.224472046, -3.69059562683], [-1109.19702148, 519.613525391, -109.329368591, -31.9786338806, 39.5706558228, -99.1402664185, 97.8003082275, -85.4679107666, 260.481872559, -81.9210281372, 148.801940918, -75.6467514038, -25.5505943298], [740.322998047, -466.342254639, 132.850662231, -2.18231511116, -5.17215585709, 74.3561325073, 5.38145971298, 167.124847412, -81.9210281372, 183.552474976, -97.3433609009, 92.6322860718, -12.7207889557], [-825.293884277, 509.37689209, -131.828018188, -17.5733413696, 50.2030448914, -100.011192322, 32.5447120667, -121.20866394, 148.801940918, -97.3433609009, 185.878890991, -58.6375732422, 3.45563578606], [426.458343506, -353.998046875, 121.369949341, 2.66006994247, -3.55889487267, 49.2481384277, -22.3923587799, 121.224472046, -75.6467514038, 92.6322860718, -58.6375732422, 142.132797241, 4.73171710968], [115.226982117, -14.0541152954, -0.978634238243, 16.2976207733, -18.2452716827, 12.7615642548, -15.5601997375, -3.69059562683, -25.5505943298, -12.7207889557, 3.45563578606, 4.73171710968, 52.5640945435]],
        "icov": [[0.000210752827115, -0.000515900435857, 0.000311002775561, -0.000756755121984, 0.000297330261674, -0.00053214415675, 0.000563921988942, -0.000682126206812, 0.000645665277261, -0.000909721944481, 0.00054793106392, -0.000145712474477, 6.27167682978e-05], [-0.000515900435857, 0.0038030827418, -0.00133181200363, 0.00231489841826, -0.00231104786508, 0.00325593049638, -0.000766911020037, 0.00206301338039, -0.00317302765325, 0.00463321991265, -0.00370962754823, 0.0028320432175, -0.000701770361047], [0.000311002775561, -0.00133181200363, 0.00291578727774, -0.00248881266452, -0.00124465464614, -0.00243910262361, 0.0022769595962, -0.00202023237944, 0.00014867974096, -0.00187827891205, 0.00262089679018, -0.00141494267154, 5.32218618901e-05], [-0.000756755121984, 0.00231489841826, -0.00248881266452, 0.00780190434307, -0.000288996467134, 0.000361558690201, -0.00485045835376, 0.00309170898981, -0.000790601130575, 0.0048242318444, -0.00401733396575, 0.00128155259881, -0.000662432808895], [0.000297330261674, -0.00231104786508, -0.00124465464614, -0.000288996467134, 0.00689438125119, -0.000604398723226, -0.00318107171915, -0.00111648393795, 0.00444735586643, -0.00226446078159, -0.000813395425212, -0.00130938924849, 0.0021016120445], [-0.00053214415675, 0.00325593049638, -0.00243910262361, 0.000361558690201, -0.000604398723226, 0.0106490990147, -0.00171677616891, 0.000817240681499, -0.00160122103989, 0.00375378062017, -0.00202858238481, 0.00301968655549, -0.00137481978163], [0.000563921988942, -0.000766911020037, 0.0022769595962, -0.00485045835376, -0.00318107171915, -0.00171677616891, 0.0125982370228, -0.00121431052685, -0.00492038810626, -0.00474120210856, 0.00427827984095, 0.000342562940205, -0.000789417594206], [-0.000682126206812, 0.00206301338039, -0.00202023237944, 0.00309170898981, -0.00111648393795, 0.000817240681499, -0.00121431052685, 0.00881475117058, -0.00394076900557, -0.000365402171155, -0.000515508756507, -0.00120244477876, -0.00113767024595], [0.000645665277261, -0.00317302765325, 0.00014867974096, -0.000790601130575, 0.00444735586643, -0.00160122103989, -0.00492038810626, -0.00394076900557, 0.0152604263276, -0.00223886966705, -0.00553541257977, 0.000418009818532, 0.00538566894829], [-0.000909721944481, 0.00463321991265, -0.00187827891205, 0.0048242318444, -0.00226446078159, 0.00375378062017, -0.00474120210856, -0.000365402171155, -0.00223886966705, 0.0194314476103, -0.00281650060788, -0.00110995094292, 0.00247507216409], [0.00054793106392, -0.00370962754823, 0.00262089679018, -0.00401733396575, -0.000813395425212, -0.00202858238481, 0.00427827984095, -0.000515508756507, -0.00553541257977, -0.00281650060788, 0.0191584397107, -0.00433331448585, -0.0036998684518], [-0.000145712474477, 0.0028320432175, -0.00141494267154, 0.00128155259881, -0.00130938924849, 0.00301968655549, 0.000342562940205, -0.00120244477876, 0.000418009818532, -0.00110995094292, -0.00433331448585, 0.0149238910526, -0.00164167012554], [6.27167682978e-05, -0.000701770361047, 5.32218618901e-05, -0.000662432808895, 0.0021016120445, -0.00137481978163, -0.000789417594206, -0.00113767024595, 0.00538566894829, 0.00247507216409, -0.0036998684518, -0.00164167012554, 0.0232632402331]]
    },
    "melbands": {
        "max": [0.0747319310904, 0.0565309077501, 0.0195439141244, 0.0601512603462, 0.0238255672157, 0.00597584573552, 0.00204048072919, 0.00190612929873, 0.00288928160444, 0.00229631224647, 0.00183847395238, 0.000739862851333, 0.00122844253201, 0.00107555452269, 0.000746504345443, 0.000515735999215, 0.000598548096605, 0.000649997789878, 0.000548131531104, 0.000610710179899, 0.00059860147303, 0.000475096690934, 0.000516607135069, 0.000281984714093, 0.000490046862978, 0.000294165191008, 0.000309305411065, 0.000173265798367, 0.000225453040912, 0.000641419144813, 0.000192695486476, 0.000144339035614, 0.00014874804765, 0.000129451189423, 0.000491853686981, 0.000114900634799, 0.000114677008241, 0.000100700090115, 8.84153414518e-05, 9.05340857571e-05],
        "mean": [0.00277451309375, 0.00185036833864, 0.000641028746031, 0.000595014775172, 0.000157751244842, 7.33460547053e-05, 5.0903421652e-05, 6.25041939202e-05, 4.21192089561e-05, 3.28623464156e-05, 2.39644377871e-05, 1.5609919501e-05, 1.58448110597e-05, 1.5668105334e-05, 1.25915239551e-05, 1.08884514702e-05, 1.13047135528e-05, 1.05259323391e-05, 1.00358211057e-05, 9.35930074775e-06, 8.5205947471e-06, 8.36356866785e-06, 1.00397310234e-05, 5.98204178459e-06, 5.63595085623e-06, 7.368428669e-06, 6.005403975e-06, 5.39050870429e-06, 9.34415493248e-06, 1.32863369799e-05, 6.70189183438e-06, 4.89989861308e-06, 4.50696325061e-06, 4.59015336673e-06, 6.20822402198e-06, 3.37030178343e-06, 3.02635362459e-06, 2.84096131509e-06, 2.16239914153e-06, 1.94548715626e-06],
        "min": [2.62067055339e-23, 1.2736793559e-23, 7.5636662013e-24, 1.19556903119e-23, 2.10185085663e-24, 1.18289889953e-23, 1.83979733815e-23, 1.25287811934e-23, 5.63292598032e-24, 7.27618793249e-24, 1.0325703311e-23, 1.42515721578e-23, 1.2102720574e-23, 1.11690042962e-23, 1.09818801786e-23, 1.30574134521e-23, 1.21729102619e-23, 2.43002409295e-24, 3.88606884193e-24, 8.35932235436e-24, 1.42608018304e-23, 2.00160817148e-23, 1.72128124233e-23, 5.37835070545e-24, 7.68990918968e-24, 8.3725018535e-24, 7.9578505293e-24, 8.8782776563e-24, 9.97285844989e-24, 1.68801939558e-23, 1.47928616897e-23, 1.05186855097e-23, 1.31786534846e-23, 1.0443827343e-23, 1.55894471209e-23, 1.23110319178e-23, 9.83854856989e-24, 8.36759671639e-24, 1.0604821232e-23, 1.35740526584e-23],
        "stdev": [0.00881117675453, 0.00582283874974, 0.00231307581998, 0.00388583540916, 0.00117791222874, 0.000361424026778, 0.000189412763575, 0.000180278817425, 0.000188311038073, 0.000173175620148, 0.000104394872324, 6.17331825197e-05, 7.90900667198e-05, 8.37311890791e-05, 5.97392754571e-05, 4.81803435832e-05, 4.60873816337e-05, 4.84054762637e-05, 4.69863989565e-05, 4.76571804029e-05, 4.32684428233e-05, 3.99718555855e-05, 4.38436109107e-05, 2.61164350377e-05, 2.88501378236e-05, 2.81453030766e-05, 2.4047712941e-05, 1.86500892596e-05, 3.03908709611e-05, 5.55884580535e-05, 2.18818040594e-05, 1.58541733981e-05, 1.53868240886e-05, 1.42223443618e-05, 3.24195207213e-05, 1.11325261969e-05, 1.13600108307e-05, 1.09338516268e-05, 8.41566452436e-06, 8.57182476466e-06]
    },
    "melbands128": {
        "max": [0.0290706753731, 0.0930031314492, 0.105269603431, 0.119632020593, 0.0696387961507, 0.0318681523204, 0.0224200692028, 0.0288613773882, 0.0502400398254, 0.0693578347564, 0.101748563349, 0.0348396673799, 0.00716917775571, 0.00388430524617, 0.0095511265099, 0.00538730947301, 0.00277845468372, 0.00242659915239, 0.00227477937005, 0.00215302035213, 0.00294605921954, 0.0022972880397, 0.0045309131965, 0.00353087182157, 0.00415375968441, 0.00330008706078, 0.0011786284158, 0.00227166037075, 0.00187543046195, 0.000671957852319, 0.000766005076002, 0.000743165495805, 0.00176597130485, 0.00106127967592, 0.00123280170374, 0.0014048499288, 0.00127201573923, 0.000877267098986, 0.000669120403472, 0.00099409581162, 0.000637469871435, 0.000747504469473, 0.000657690688968, 0.000837437983137, 0.000441815005615, 0.00112724362407, 0.000722398806829, 0.000725225138012, 0.000615203403868, 0.00066160177812, 0.00063190277433, 0.000824679562356, 0.000772540573962, 0.000663582526613, 0.000536296982318, 0.000655884912703, 0.000634682946838, 0.000714297988452, 0.000863802561071, 0.000267565861577, 0.000390205736039, 0.000371083879145, 0.000393472990254, 0.000889704853762, 0.000282550754491, 0.000374295021174, 0.000385755993193, 0.000210096070077, 0.000461340940092, 0.000298727565678, 0.000189893937204, 0.000188425648957, 0.000611240917351, 0.000185261276783, 0.000654111325275, 0.00165491225198, 0.000442546472186, 0.000268431613222, 0.000269222829957, 0.000232473990764, 0.000164660596056, 0.000180083603482, 0.000213780076592, 0.000196084918571, 0.000144941586768, 0.00017236029089, 0.000128667699755, 0.000127850566059, 0.00104141945485, 0.000246908399276, 0.000102722966403, 0.000164357741596, 0.000122166602523, 0.000170581653947, 0.000111816916615, 0.00017229396326, 9.33330957196e-05, 7.309736975e-05, 0.000108052408905, 7.52063642722e-05, 0.000136618400575, 0.000137166876812, 9.25878121052e-05, 8.67648122949e-05, 4.95507993037e-05, 0.000125929713249, 5.25542200194e-05, 1.07291343738e-05, 7.03494242771e-06, 1.67210600921e-06, 4.55260584786e-09, 1.54576129674e-09, 3.59140850392e-09, 4.02924049681e-09, 3.7926048968e-09, 4.65700900065e-09, 1.55372059663e-09, 1.55864987583e-09, 1.53026968874e-09, 1.53213153276e-09, 1.53611756648e-09, 1.52756429728e-09, 1.54686830012e-09, 1.55712376326e-09, 1.54557755483e-09, 1.54667878505e-09, 1.54246926343e-09, 1.53960388882e-09],
        "mean": [0.00116091652308, 0.00309644220397, 0.00315569806844, 0.00273992097937, 0.00203120475635, 0.0010402899934, 0.00057496514637, 0.000585061032325, 0.000622537452728, 0.000693458947353, 0.000569800089579, 0.000191416664165, 7.33418637537e-05, 5.683566269e-05, 8.07865872048e-05, 8.18962580524e-05, 5.73008364881e-05, 3.89083761547e-05, 4.6229808504e-05, 8.36712715682e-05, 5.80656196689e-05, 3.74953669962e-05, 4.60528463009e-05, 3.73368711735e-05, 3.70123743778e-05, 3.06595939037e-05, 2.34810995607e-05, 2.59947955783e-05, 2.20466299652e-05, 1.55094166985e-05, 1.41322343552e-05, 1.34217980303e-05, 1.66911759152e-05, 1.76982193807e-05, 1.34650381369e-05, 1.7378712073e-05, 1.52329748744e-05, 1.23726867969e-05, 1.05658718894e-05, 1.1426815945e-05, 1.05314184111e-05, 1.10399396362e-05, 1.14989034046e-05, 1.16860983326e-05, 1.01321948023e-05, 1.01514988273e-05, 1.11193521661e-05, 1.01934301711e-05, 9.77633408183e-06, 9.02611918718e-06, 8.97152312973e-06, 1.02547064671e-05, 8.63859804667e-06, 7.59239401305e-06, 8.69965606398e-06, 7.79546280683e-06, 8.80298739503e-06, 1.06175475594e-05, 1.15063803605e-05, 6.52860762784e-06, 5.72141698285e-06, 5.3093463066e-06, 5.46453338757e-06, 6.15260296399e-06, 5.03018145537e-06, 7.77294735599e-06, 9.13764142751e-06, 5.93068216403e-06, 6.0052657318e-06, 4.53920301879e-06, 4.53965276392e-06, 5.52767187401e-06, 8.98827147466e-06, 7.03006708136e-06, 1.22419351101e-05, 2.06005079235e-05, 9.76525734586e-06, 6.76425497659e-06, 7.36849233363e-06, 4.80469634567e-06, 4.89668764203e-06, 4.95654921906e-06, 4.69023871119e-06, 4.15507156504e-06, 4.74475200463e-06, 4.81262486574e-06, 4.53321717941e-06, 4.049893505e-06, 8.86246652954e-06, 5.20220373801e-06, 2.98678355648e-06, 3.4002537177e-06, 3.06084439217e-06, 2.7400358249e-06, 3.11468647851e-06, 3.51290191247e-06, 2.63690594693e-06, 2.13448038267e-06, 2.37723224927e-06, 1.93401842807e-06, 2.0369500362e-06, 1.98304132937e-06, 1.78681978014e-06, 1.62015930982e-06, 8.68017252742e-07, 1.00289685179e-06, 6.373967949e-07, 2.93191106948e-07, 1.19851961244e-07, 1.38842617403e-08, 2.41414041535e-11, 1.29478441857e-11, 1.91161409618e-11, 2.08213082192e-11, 1.90098527197e-11, 2.0367943443e-11, 8.30076545694e-12, 8.00058196776e-12, 7.36347267882e-12, 6.58906436357e-12, 6.57807011986e-12, 6.53458667385e-12, 6.2855324244e-12, 5.96380974119e-12, 5.73768463297e-12, 5.442098161e-12, 5.26471661405e-12, 5.22763559871e-12],
        "min": [4.1584676401e-23, 3.69187850277e-23, 1.70821581247e-23, 1.05972458007e-23, 1.4664703347e-23, 1.38842075228e-23, 6.06438950813e-24, 5.54816484821e-24, 7.69612146931e-24, 2.11871331068e-23, 7.26758855977e-24, 8.52840482863e-25, 3.08306020941e-25, 2.92299707769e-24, 1.18617985092e-23, 1.77654978398e-23, 1.45377204071e-23, 1.92759613695e-23, 2.52430551401e-23, 8.60368779697e-24, 1.28611977126e-23, 3.20187893199e-24, 3.17734062468e-24, 1.01544392419e-23, 4.61173055016e-24, 8.00358789573e-24, 9.919234841e-24, 5.95021333058e-24, 1.51605750011e-23, 1.63506647623e-23, 1.04112521208e-23, 1.91360647766e-23, 8.21059604131e-24, 1.39235669488e-23, 8.21988330075e-24, 1.3306756607e-23, 9.19785783078e-24, 1.48983939238e-23, 7.94959746651e-24, 7.88851754435e-24, 1.48084006718e-23, 1.59249449307e-23, 2.28579673254e-23, 2.47506095089e-24, 2.12023545724e-24, 9.49606204409e-25, 5.08218589479e-24, 2.97197508471e-24, 3.33649035408e-24, 6.6723298979e-24, 1.09335624481e-23, 7.97190645291e-24, 9.00333656446e-24, 1.41530323867e-23, 3.09064658613e-23, 1.57747868351e-23, 1.50037636527e-23, 3.00741481865e-23, 1.17201293458e-23, 5.01356919553e-24, 3.58543907855e-24, 7.90169625463e-24, 6.40520384603e-24, 9.41251713828e-24, 6.81876614774e-24, 4.42518269544e-24, 1.38357667301e-23, 1.03388275899e-23, 4.29159304545e-24, 7.52491262047e-24, 9.14402438488e-24, 8.05080358749e-24, 1.3374870013e-23, 8.48798477914e-24, 8.0859820507e-24, 1.71891166194e-23, 1.96949695725e-23, 2.12032100921e-23, 1.4336754936e-23, 8.18343871579e-24, 9.7147936488e-24, 1.1365433817e-23, 1.28775610543e-23, 1.62847570113e-23, 8.72954897667e-24, 1.28543677549e-23, 6.53664148347e-24, 1.49042567381e-23, 1.6197941291e-23, 1.79745806896e-23, 1.19728385702e-23, 1.14639010129e-23, 1.14264372197e-23, 1.01231640625e-23, 8.04885115675e-24, 8.99212606214e-24, 7.29572722826e-24, 8.80601010877e-24, 1.38141803403e-23, 9.04042722651e-24, 9.40423409878e-24, 1.95897118619e-23, 1.01922927325e-23, 1.36249294537e-23, 1.02289526764e-23, 6.73008082705e-24, 1.06708780776e-23, 1.33299522731e-23, 9.24741407284e-24, 6.7141592474e-24, 1.07424837708e-23, 1.42517204636e-23, 8.73987437706e-24, 7.55080224652e-24, 1.1300814276e-23, 1.60235430775e-23, 1.01205560883e-23, 1.18254564762e-23, 1.26057385191e-23, 7.46745751416e-24, 1.07752254427e-23, 1.38655209857e-23, 1.42724217515e-23, 8.83027073705e-24, 1.1388993148e-23, 1.39630715252e-23, 1.02060757102e-23, 1.15978298731e-23],
        "stdev": [0.00413741730154, 0.0110521931201, 0.0105254845694, 0.00936685688794, 0.00709351524711, 0.00325007853098, 0.00196966039948, 0.00267049740069, 0.00335234124213, 0.00504819815978, 0.00516777485609, 0.001644977252, 0.000416627939558, 0.000274184800219, 0.000496350345202, 0.000400956545491, 0.000245005532634, 0.000189314800082, 0.000169247054146, 0.000260802160483, 0.000188676218386, 0.000151740910951, 0.000242075213464, 0.00023156714451, 0.000224732546485, 0.000184303993592, 9.86759987427e-05, 0.000126434941194, 0.000112181893201, 5.79931329412e-05, 6.4017745899e-05, 6.19461789029e-05, 9.68790191109e-05, 9.10858507268e-05, 7.22342010704e-05, 0.000105106999399, 8.42286463012e-05, 6.00127241341e-05, 4.77114554087e-05, 6.11642099102e-05, 4.82429313706e-05, 5.20752691955e-05, 5.01090908074e-05, 5.20986504853e-05, 4.24323916377e-05, 6.17037294433e-05, 5.44992290088e-05, 4.87701145175e-05, 4.79929985886e-05, 5.17588014191e-05, 4.68006255687e-05, 5.65678092244e-05, 5.23615854036e-05, 3.96158138756e-05, 4.01169600082e-05, 4.07442857977e-05, 4.71496059617e-05, 4.93050210935e-05, 5.4739182815e-05, 2.67247050942e-05, 2.86177328235e-05, 2.43072718149e-05, 2.83401186607e-05, 4.2023097194e-05, 2.22341532208e-05, 3.41713894159e-05, 3.48485446011e-05, 2.11688347918e-05, 3.14338249154e-05, 2.01817038032e-05, 1.72279105755e-05, 1.90287937585e-05, 3.90262794099e-05, 2.32667207456e-05, 5.27415868419e-05, 0.000119275799079, 3.8727572246e-05, 2.39993951254e-05, 2.86567919829e-05, 1.78398713615e-05, 1.78195678018e-05, 1.55956149683e-05, 1.73087992152e-05, 1.53595119627e-05, 1.63974400493e-05, 1.65541550814e-05, 1.44440246004e-05, 1.29841355374e-05, 6.50765796308e-05, 2.06458789762e-05, 1.0880249647e-05, 1.17306253742e-05, 1.18967254821e-05, 1.16884275485e-05, 1.17957861221e-05, 1.45345338751e-05, 1.07557643787e-05, 8.37670177134e-06, 1.02916874312e-05, 7.73855026637e-06, 9.45011470321e-06, 9.63410093391e-06, 8.38256437419e-06, 8.23808386485e-06, 4.10811981055e-06, 6.41782071398e-06, 3.42618113791e-06, 1.11947053938e-06, 4.55367882068e-07, 9.03358596815e-08, 2.24396348725e-10, 8.59351687033e-11, 1.73427106009e-10, 1.92501375951e-10, 1.81711257152e-10, 2.16555953725e-10, 7.36754199315e-11, 7.69802485645e-11, 7.08025790774e-11, 6.67561769752e-11, 6.71337568869e-11, 6.68790370306e-11, 6.69266517206e-11, 6.70072539122e-11, 6.64998264788e-11, 6.65452901116e-11, 6.63552685021e-11, 6.62319296629e-11]
    },
    "mfcc": {
        "mean": [-766.454528809, 109.317451477, 16.4493770599, 27.5098972321, 4.05601882935, 14.7237119675, -4.0399928093, 11.8158369064, -1.08690953255, 11.5817604065, 4.11892652512, 9.93998813629, -4.77119588852],
        "cov": [[12675.5878906, -2474.52587891, 863.519958496, 73.1992416382, 208.548660278, -4.22765684128, 596.195495605, -3.92540454865, 630.005371094, -227.713012695, -71.1063613892, -65.5963134766, 158.086349487], [-2474.52587891, 2047.71582031, -286.535003662, 149.617721558, 211.778900146, -51.2783279419, -191.241607666, 6.50663661957, -288.177246094, 141.002883911, 56.4369544983, 17.3978443146, -82.0354156494], [863.519958496, -286.535003662, 719.08795166, 126.385345459, 201.96421814, 102.872970581, 133.781646729, 102.804000854, 161.668640137, -20.858757019, 13.5776586533, 72.6211166382, 15.3821878433], [73.1992416382, 149.617721558, 126.385345459, 259.920501709, 95.939491272, 85.7495040894, 72.4747085571, 46.1923484802, 15.3213157654, 21.9747562408, 16.2236709595, 41.8199615479, 5.83588218689], [208.548660278, 211.778900146, 201.96421814, 95.939491272, 246.02293396, 29.6685638428, 88.4321365356, 42.2658805847, 20.3198833466, 0.993491590023, 20.7010669708, 6.96788835526, -5.84055757523], [-4.22765684128, -51.2783279419, 102.872970581, 85.7495040894, 29.6685638428, 194.4972229, 49.1435394287, 32.8839988708, -4.50049495697, 28.7355155945, -9.35241413116, -11.7886238098, -9.9630317688], [596.195495605, -191.241607666, 133.781646729, 72.4747085571, 88.4321365356, 49.1435394287, 175.388885498, 28.5588245392, 91.0365142822, 0.861965298653, 7.06360244751, -14.0701608658, 17.6310081482], [-3.92540454865, 6.50663661957, 102.804000854, 46.1923484802, 42.2658805847, 32.8839988708, 28.5588245392, 109.13848877, 40.2708930969, 24.1966590881, 29.620262146, 37.5293731689, 15.7066526413], [630.005371094, -288.177246094, 161.668640137, 15.3213157654, 20.3198833466, -4.50049495697, 91.0365142822, 40.2708930969, 182.695800781, 5.17353439331, 26.0091247559, 46.1203651428, 39.9202957153], [-227.713012695, 141.002883911, -20.858757019, 21.9747562408, 0.993491590023, 28.7355155945, 0.861965298653, 24.1966590881, 5.17353439331, 112.89188385, 31.4294071198, 2.00968742371, -10.3974246979], [-71.1063613892, 56.4369544983, 13.5776586533, 16.2236709595, 20.7010669708, -9.35241413116, 7.06360244751, 29.620262146, 26.0091247559, 31.4294071198, 85.1882476807, 49.7253913879, 23.0150375366], [-65.5963134766, 17.3978443146, 72.6211166382, 41.8199615479, 6.96788835526, -11.7886238098, -14.0701608658, 37.5293731689, 46.1203651428, 2.00968742371, 49.7253913879, 128.467163086, 35.4195671082], [158.086349487, -82.0354156494, 15.3821878433, 5.83588218689, -5.84055757523, -9.9630317688, 17.6310081482, 15.7066526413, 39.9202957153, -10.3974246979, 23.0150375366, 35.4195671082, 66.9796676636]],
        "icov": [[0.00012531876564, 0.00013265144662, -2.58905947703e-05, -8.92609459697e-05, -0.000165636374732, 0.000111987828859, -8.08730765129e-05, 0.000124515849166, -0.000178122019861, 3.06346846628e-05, 4.37243979832e-05, 0.000138598465128, -0.000102682410215], [0.00013265144662, 0.00135655887425, 0.000519943831023, -0.000818044296466, -0.00198438065127, 0.000646119820885, 0.00126467493828, 1.94699277927e-05, 0.000935943680815, -0.00135177723132, 8.20921195555e-06, -0.000226773263421, 0.000235308223637], [-2.58905947703e-05, 0.000519943831023, 0.00309281121008, -0.000317127880407, -0.00274718180299, -0.00109741347842, 0.00100476923399, -0.00105659663677, -0.00185739039443, 0.000424172001658, 0.00086645031115, -0.00124882929958, 0.00113130768295], [-8.92609459697e-05, -0.000818044296466, -0.000317127880407, 0.00659438269213, -0.000151651125634, -0.00216796225868, -0.00309981592, -0.000496939115692, 0.000995850539766, -9.0334971901e-05, 0.000992972636595, -0.00301353004761, -5.13578743266e-05], [-0.000165636374732, -0.00198438065127, -0.00274718180299, -0.000151651125634, 0.0102633051574, 0.00063113385113, -0.00529966317117, -0.000930000562221, 0.00138542545028, 0.00224517169409, -0.00210739346221, 0.00100847298745, 0.000920197810046], [0.000111987828859, 0.000646119820885, -0.00109741347842, -0.00216796225868, 0.00063113385113, 0.00795326940715, -0.00167347770184, -0.00132964213844, 0.00272056902759, -0.00255849142559, 0.00121252355166, 0.000756609777454, 0.000122948069475], [-8.08730765129e-05, 0.00126467493828, 0.00100476923399, -0.00309981592, -0.00529966317117, -0.00167347770184, 0.0146352127194, 7.52034393372e-05, -0.00584609387442, -0.000237522792304, -0.00120155245531, 0.00493925111368, -0.0015535634011], [0.000124515849166, 1.94699277927e-05, -0.00105659663677, -0.000496939115692, -0.000930000562221, -0.00132964213844, 7.52034393372e-05, 0.0132333980873, -0.00128717918415, -0.00191792717669, -0.00178396957926, -0.00151195004582, -0.00150400365237], [-0.000178122019861, 0.000935943680815, -0.00185739039443, 0.000995850539766, 0.00138542545028, 0.00272056902759, -0.00584609387442, -0.00128717918415, 0.0138243818656, -0.00328511651605, 0.000151539541548, -0.00386717147194, -0.00248373113573], [3.06346846628e-05, -0.00135177723132, 0.000424172001658, -9.0334971901e-05, 0.00224517169409, -0.00255849142559, -0.000237522792304, -0.00191792717669, -0.00328511651605, 0.0137177761644, -0.00561021687463, 0.00240545277484, 0.00325311091729], [4.37243979832e-05, 8.20921195555e-06, 0.00086645031115, 0.000992972636595, -0.00210739346221, 0.00121252355166, -0.00120155245531, -0.00178396957926, 0.000151539541548, -0.00561021687463, 0.0198110565543, -0.00675120949745, -0.00384584348649], [0.000138598465128, -0.000226773263421, -0.00124882929958, -0.00301353004761, 0.00100847298745, 0.000756609777454, 0.00493925111368, -0.00151195004582, -0.00386717147194, 0.00240545277484, -0.00675120949745, 0.0156596470624, -0.00408355612308], [-0.000102682410215, 0.000235308223637, 0.00113130768295, -5.13578743266e-05, 0.000920197810046, 0.000122948069475, -0.0015535634011, -0.00150400365237, -0.00248373113573, 0.00325311091729, -0.00384584348649, -0.00408355612308, 0.021531496197]]
    },
    "spectral_contrast_coeffs": {
        "max": [-0.554466426373, -0.600685298443, -0.710799694061, -0.752579212189, -0.707488179207, -0.578721404076],
        "mean": [-0.779135048389, -0.810638606548, -0.837692022324, -0.854551792145, -0.826372981071, -0.753482997417],
        "min": [-0.94932448864, -0.976810216904, -0.960908472538, -0.964347183704, -0.968844890594, -0.958070516586],
        "stdev": [0.0602163895965, 0.0570165589452, 0.0364253036678, 0.0252216998488, 0.0375508926809, 0.0373086631298]
    },
    "spectral_contrast_valleys": {
        "max": [-4.40059185028, -4.5850481987, -4.92303657532, -5.31945323944, -5.24540185928, -7.31392240524],
        "mean": [-7.66349983215, -7.75984573364, -8.50072574615, -8.69060516357, -8.73287773132, -11.4541282654],
        "min": [-27.4997272491, -26.9187679291, -27.2774543762, -27.2137908936, -27.1410446167, -27.3360328674],
        "stdev": [1.47948515415, 1.31416404247, 1.30997920036, 1.31767308712, 1.45684289932, 1.79156351089]
    }
},
"rhythm": {
    "beats_count": 26,
    "beats_loudness": {
        "max": 0.167276665568,
        "mean": 0.0242600124329,
        "min": 0.00123392639216,
        "stdev": 0.0450555048883
    },
    "bpm": 123.797142029,
    "bpm_histogram_first_peak_bpm": 123,
    "bpm_histogram_first_peak_weight": 0.25,
    "bpm_histogram_second_peak_bpm": 136,
    "bpm_histogram_second_peak_spread": 0.222222268581,
    "bpm_histogram_second_peak_weight": 0.280000001192,
    "danceability": 0.72578972578,
    "onset_rate": 2.42958807945,
    "beats_loudness_band_ratio": {
        "max": [0.988770127296, 0.485945463181, 0.441908359528, 0.162479490042, 0.146043777466, 0.638236880302],
        "mean": [0.708644628525, 0.0718473345041, 0.08085103333, 0.0287809744477, 0.0271939765662, 0.0974774733186],
        "min": [0.0400807596743, 0.00125198287424, 0.00372901582159, 0.000615866912995, 0.000574624515139, 0.00142265530303],
        "stdev": [0.297454446554, 0.122572347522, 0.100622177124, 0.0407795011997, 0.0371358804405, 0.190826967359]
    },
    "beats_position": [0.441179126501, 0.882358253002, 1.3235373497, 1.77632653713, 2.21750569344, 2.65868473053, 3.11147379875, 3.55265307426, 3.99383211136, 4.43501138687, 4.91102027893, 5.38702917099, 5.87464857101, 6.3622674942, 6.84988641739, 7.33750534058, 7.8251247406, 8.31274318695, 8.80036258698, 9.287981987, 9.77560043335, 10.2516098022, 10.7276191711, 11.2152376175, 11.7028570175, 12.1904764175],
