{
"metadata": {
    "version": {
        "essentia": "2.1-beta5",
        "essentia_git_sha": "Undefined",
        "extractor": "music 2.0"
    },
    "audio_properties": {
        "analysis": {
            "equal_loudness": 0,
            "length": 48.7502937317,
            "sample_rate": 44100,
            "start_time": 93.9943771362,
            "downmix": "mix"
        },
        "bit_rate": 192000,
        "length": 236.750671387,
        "lossless": 0,
        "number_channels": 2,
        "replay_gain": -1.2417049408,
        "sample_rate": 48000,
        "codec": "mp3",
        "md5_encoded": "be224d74b8409fa91ef827beb0d353d9"
    },
    "tags": {
        "file_name": "United KingdomUK_That Sounds Good To Me_Josh.mp3",
        "encoding": ["Lavf58.29.100"]
    }
},
"lowlevel": {
    "average_loudness": 0.967204928398,
    "barkbands_crest": {
        "max": 24.538230896,
        "mean": 9.39454841614,
        "min": 2.5830039978,
        "stdev": 3.92533183098
    },
    "barkbands_flatness_db": {
        "max": 0.296887934208,
        "mean": 0.163834273815,
        "min": 0.079404450953,
        "stdev": 0.033334735781
    },
    "barkbands_kurtosis": {
        "max": 75.9368591309,
        "mean": 2.59025382996,
        "min": -1.8453015089,
        "stdev": 5.8063287735
    },
    "barkbands_skewness": {
        "max": 8.28169727325,
        "mean": 1.28393363953,
        "min": -2.48787212372,
        "stdev": 1.0368270874
    },
    "barkbands_spread": {
        "max": 91.6631469727,
        "mean": 23.5235309601,
        "min": 3.08441543579,
        "stdev": 12.4423112869
    },
    "dissonance": {
        "max": 0.499869942665,
        "mean": 0.460223853588,
        "min": 0.317064017057,
        "stdev": 0.0263305082917
    },
    "dynamic_complexity": 2.48828744888,
    "erbbands_crest": {
        "max": 26.8474845886,
        "mean": 8.93124675751,
        "min": 2.13420772552,
        "stdev": 3.84411525726
    },
    "erbbands_flatness_db": {
        "max": 0.300358444452,
        "mean": 0.193048000336,
        "min": 0.113162502646,
        "stdev": 0.038589220494
    },
    "erbbands_kurtosis": {
        "max": 8.35883235931,
        "mean": 0.331799924374,
        "min": -1.76092100143,
        "stdev": 1.62119293213
    },
    "erbbands_skewness": {
        "max": 2.33568787575,
        "mean": 0.448412150145,
        "min": -2.95797801018,
        "stdev": 0.723090648651
    },
    "erbbands_spread": {
        "max": 127.136894226,
        "mean": 39.2954216003,
        "min": 8.54193496704,
        "stdev": 19.8918647766
    },
    "hfc": {
        "max": 146.441497803,
        "mean": 26.1064052582,
        "min": 0.595944344997,
        "stdev": 19.4154243469
    },
    "loudness_ebu128": {
        "integrated": -22.0057945251,
        "loudness_range": 3.13350296021,
        "momentary": {
            "max": -18.8777141571,
            "mean": -22.3460617065,
            "min": -27.9465141296,
            "stdev": 1.80391049385
        },
        "short_term": {
            "max": -20.3666820526,
            "mean": -22.1974468231,
            "min": -26.241191864,
            "stdev": 1.23466658592
        }
    },
    "melbands_crest": {
        "max": 28.8566493988,
        "mean": 12.8599338531,
        "min": 3.43577075005,
        "stdev": 4.84657049179
    },
    "melbands_flatness_db": {
        "max": 0.36297416687,
        "mean": 0.171836316586,
        "min": 0.0397021137178,
        "stdev": 0.0502936542034
    },
    "melbands_kurtosis": {
        "max": 254.30859375,
        "mean": 10.6810646057,
        "min": -1.7559684515,
        "stdev": 18.3785572052
    },
    "melbands_skewness": {
        "max": 13.0713949203,
        "mean": 2.29861235619,
        "min": -0.431589901447,
        "stdev": 1.5997647047
    },
    "melbands_spread": {
        "max": 207.006408691,
        "mean": 27.0362319946,
        "min": 1.78785908222,
        "stdev": 21.3121871948
    },
    "pitch_salience": {
        "max": 0.840022683144,
        "mean": 0.550940096378,
        "min": 0.136190488935,
        "stdev": 0.124723352492
    },
    "silence_rate_20dB": {
        "max": 1,
        "mean": 1,
        "min": 1,
        "stdev": 0
    },
    "silence_rate_30dB": {
        "max": 1,
        "mean": 1,
        "min": 1,
        "stdev": 0
    },
    "silence_rate_60dB": {
        "max": 1,
        "mean": 0.0142789147794,
        "min": 0,
        "stdev": 0.118638314307
    },
    "spectral_centroid": {
        "max": 5083.92480469,
        "mean": 1480.03955078,
        "min": 407.768127441,
        "stdev": 607.304931641
    },
    "spectral_complexity": {
        "max": 49,
        "mean": 19.2693958282,
        "min": 3,
        "stdev": 7.08911466599
    },
    "spectral_decrease": {
        "max": -2.4428870038e-10,
        "mean": -7.38472882844e-09,
        "min": -2.62685198038e-08,
        "stdev": 4.85675144546e-09
    },
    "spectral_energy": {
        "max": 0.106819607317,
        "mean": 0.030239675194,
        "min": 0.00105127820279,
        "stdev": 0.0193142406642
    },
    "spectral_energyband_high": {
        "max": 0.0210199858993,
        "mean": 0.00118963280693,
        "min": 1.19591550174e-05,
        "stdev": 0.00209382921457
    },
    "spectral_energyband_low": {
        "max": 0.0580506362021,
        "mean": 0.0101068280637,
        "min": 7.68669451645e-06,
        "stdev": 0.012690984644
    },
    "spectral_energyband_middle_high": {
        "max": 0.0456307046115,
        "mean": 0.00769089628011,
        "min": 9.27949658944e-05,
        "stdev": 0.00782696343958
    },
    "spectral_energyband_middle_low": {
        "max": 0.0634864866734,
        "mean": 0.0123803159222,
        "min": 0.000602442945819,
        "stdev": 0.00921172928065
    },
    "spectral_entropy": {
        "max": 8.4930229187,
        "mean": 7.65611171722,
        "min": 6.79790687561,
        "stdev": 0.301610380411
    },
    "spectral_flux": {
        "max": 0.254681974649,
        "mean": 0.0906869322062,
        "min": 0.016736689955,
        "stdev": 0.0409053117037
    },
    "spectral_kurtosis": {
        "max": 12.8669757843,
        "mean": 2.11933875084,
        "min": -1.29974710941,
        "stdev": 2.0436425209
    },
    "spectral_rms": {
        "max": 0.0102085387334,
        "mean": 0.00512341130525,
        "min": 0.00101273751352,
        "stdev": 0.00180353561882
    },
    "spectral_rolloff": {
        "max": 8979.34570312,
        "mean": 1686.01696777,
        "min": 86.1328125,
        "stdev": 1469.31103516
    },
    "spectral_skewness": {
        "max": 2.78496003151,
        "mean": 1.10121107101,
        "min": -0.353250294924,
        "stdev": 0.418766528368
    },
    "spectral_spread": {
        "max": 25683446,
        "mean": 4242095,
        "min": 2002162.625,
        "stdev": 1095977.375
    },
    "spectral_strongpeak": {
        "max": 8.20032310486,
        "mean": 1.20247018337,
        "min": 0,
        "stdev": 1.2001209259
    },
    "zerocrossingrate": {
        "max": 0.306640625,
        "mean": 0.0656748712063,
        "min": 0.00537109375,
        "stdev": 0.0352535396814
    },
    "barkbands": {
        "max": [0.000590349896811, 0.0466786250472, 0.0364286191761, 0.0228107627481, 0.0300482958555, 0.045580483973, 0.0348308719695, 0.0544375479221, 0.0368939004838, 0.0263123363256, 0.0270870402455, 0.0216405577958, 0.0110212787986, 0.0167113561183, 0.00756484968588, 0.00907355174422, 0.00754527375102, 0.00806583464146, 0.00633008033037, 0.00678474176675, 0.00655673071742, 0.00929980538785, 0.00931951589882, 0.00760895060375, 0.000887865608092, 1.13762075671e-06, 1.19484229799e-06],
        "mean": [6.01291139901e-05, 0.00619360385463, 0.00314986938611, 0.00113797688391, 0.00162679411005, 0.00153916107956, 0.00207681488246, 0.00311105907895, 0.00209028739482, 0.00188016693573, 0.0012438724516, 0.000979138188995, 0.000686429848429, 0.000801213260274, 0.000532381585799, 0.000476106593851, 0.000461456511403, 0.00052160397172, 0.000354120275006, 0.000212462502532, 0.000218341388972, 0.000352252798621, 0.000287854520138, 0.000230401288718, 1.6126963601e-05, 1.80729387012e-09, 1.89078086521e-09],
        "min": [1.21491758875e-08, 1.44665307289e-07, 4.69495034849e-07, 8.77867648796e-07, 7.86134205555e-06, 2.02393202926e-05, 1.13381802294e-05, 3.92930314774e-06, 4.92638082505e-06, 1.07840733108e-05, 2.39804307967e-06, 3.21030142914e-06, 1.24608152419e-06, 3.02186253975e-06, 9.95384198177e-07, 9.43002248732e-07, 8.23655398108e-07, 9.0220828497e-06, 1.95440952666e-06, 1.64418497661e-06, 2.39927339862e-06, 2.06525851354e-06, 2.44950751949e-06, 1.62360333889e-06, 1.55014632242e-08, 8.97352678275e-11, 9.96974031109e-11],
        "stdev": [9.75341899903e-05, 0.00893886387348, 0.00595827540383, 0.00261133071035, 0.0025407965295, 0.00189820874948, 0.00278837513179, 0.00471946503967, 0.00355602777563, 0.00304370070808, 0.00267347204499, 0.00196438934654, 0.00129980803467, 0.00150747958105, 0.000979061820544, 0.000807021628134, 0.000742106058169, 0.000664755934849, 0.000518607965205, 0.0003888742649, 0.000382488593459, 0.000769411504734, 0.000599879131187, 0.000546486233361, 4.82005307276e-05, 2.59981014494e-08, 2.7363144639e-08]
    },
    "erbbands": {
        "max": [0.751713335514, 12.5286340714, 41.5075073242, 61.7933731079, 54.614200592, 161.987701416, 270.459411621, 274.253601074, 335.376190186, 666.576293945, 1520.71459961, 1141.58618164, 974.42767334, 962.032592773, 1204.76794434, 929.569335938, 598.881530762, 924.014343262, 639.718017578, 431.412719727, 530.106384277, 354.800567627, 387.480560303, 289.535888672, 303.6300354, 348.220916748, 133.339080811, 356.522521973, 322.017547607, 425.90032959, 217.171768188, 181.088638306, 98.8404312134, 17.8701591492, 0.425393044949, 0.0222181044519, 0.00273224688135, 0.000743223179597, 0.000172272048076, 0.000131454406073],
        "mean": [0.103919424117, 1.63073682785, 3.98955011368, 3.89119100571, 3.56570625305, 5.98071861267, 10.9583377838, 11.7757730484, 24.295715332, 49.6534843445, 61.8206329346, 49.2215423584, 66.1850738525, 48.4109191895, 51.0518264771, 40.9302482605, 36.6272354126, 38.743850708, 33.6752967834, 27.1278915405, 23.9133682251, 26.8890018463, 27.7045211792, 22.5588512421, 15.4332113266, 9.88770484924, 7.52380132675, 9.95778083801, 12.9277172089, 9.98825454712, 8.07928752899, 5.6413397789, 3.24246430397, 0.478266060352, 0.0122615834698, 0.000766027544159, 0.000115321599878, 2.66562874458e-05, 2.2662583433e-05, 3.82167709176e-05],
        "min": [1.77046276804e-05, 0.000215000967728, 0.00127335358411, 0.00564566673711, 0.0244086273015, 0.0596619583666, 0.0963938906789, 0.169887423515, 0.310272872448, 0.125395908952, 0.185731381178, 0.238622114062, 0.378176778555, 0.346075236797, 0.236810863018, 0.311209738255, 0.093421600759, 0.113283999264, 0.12160191685, 0.0514742955565, 0.0435728505254, 0.0784363672137, 0.449662268162, 0.228047832847, 0.0923361033201, 0.0797545686364, 0.112192638218, 0.0772207379341, 0.0909371376038, 0.0677438303828, 0.064699433744, 0.0451924875379, 0.0169469024986, 0.00271915551275, 0.000119321790407, 1.38049763336e-05, 3.21578772855e-06, 7.84749431659e-07, 1.12481041015e-06, 1.51349968291e-06],
        "stdev": [0.124720185995, 2.42867660522, 6.66619253159, 8.10890102386, 5.92507457733, 11.6232624054, 15.3830518723, 15.5195989609, 31.145488739, 73.7593383789, 108.768333435, 86.9393539429, 108.811645508, 87.7997436523, 109.097602844, 77.1773223877, 62.1437339783, 72.3837738037, 62.029624939, 42.3460121155, 41.3889923096, 39.9202919006, 34.6125831604, 27.6929626465, 26.3093357086, 16.7924995422, 10.1802062988, 20.7153987885, 26.7366142273, 25.1291484833, 15.9432449341, 12.6775150299, 8.40309047699, 1.32834017277, 0.0328582935035, 0.00186660548206, 0.000241542322328, 5.19755958521e-05, 1.82432322617e-05, 2.33825794567e-05]
    },
    "gfcc": {
        "mean": [-3.89873123169, 119.326217651, -160.914840698, 53.7756195068, -88.3989562988, 21.0576057434, -30.0915565491, -1.64373230934, 5.98813152313, -21.1253623962, 10.810459137, -17.4488964081, 1.36267220974],
        "cov": [[1778.18786621, -80.1814651489, 38.2670440674, 199.173934937, 156.924499512, 246.022232056, 170.448852539, 150.617584229, 66.4403915405, -42.3096084595, -43.177898407, -37.8649787903, -85.4979400635], [-80.1814651489, 695.940368652, 32.5941581726, -59.8097839355, 304.01663208, -15.0084447861, 171.571456909, 67.8136138916, 133.015106201, -31.8555831909, 79.0867385864, -39.1725578308, -10.8694057465], [38.2670440674, 32.5941581726, 702.183166504, 451.482269287, 76.5807800293, 209.661148071, 46.5371856689, 59.3642539978, 49.2486801147, 78.421546936, -23.7472057343, -0.216675966978, -11.9530601501], [199.173934937, -59.8097839355, 451.482269287, 505.530487061, 130.823959351, 133.165252686, 26.0419750214, 69.36277771, 44.5804748535, 45.0849609375, -46.6160354614, 2.6280913353, 7.66406536102], [156.924499512, 304.01663208, 76.5807800293, 130.823959351, 320.907104492, 107.007904053, 140.071151733, 87.1301345825, 97.091545105, -1.25182771683, 29.4503498077, -16.6290493011, 12.6612644196], [246.022232056, -15.0084447861, 209.661148071, 133.165252686, 107.007904053, 300.339172363, 174.65713501, 48.6931877136, 4.30332708359, 45.6932601929, 20.2178554535, -1.27219474316, -12.6817102432], [170.448852539, 171.571456909, 46.5371856689, 26.0419750214, 140.071151733, 174.65713501, 254.608505249, 81.0578918457, 44.5188026428, 7.59096097946, 57.6312141418, -3.7371981144, -24.8296337128], [150.617584229, 67.8136138916, 59.3642539978, 69.36277771, 87.1301345825, 48.6931877136, 81.0578918457, 138.879241943, 82.2765274048, 15.9755077362, 24.7651672363, 9.28698253632, 4.62171316147], [66.4403915405, 133.015106201, 49.2486801147, 44.5804748535, 97.091545105, 4.30332708359, 44.5188026428, 82.2765274048, 157.550720215, 33.8167686462, 14.1873903275, 11.0669307709, 3.93376111984], [-42.3096084595, -31.8555831909, 78.421546936, 45.0849609375, -1.25182771683, 45.6932601929, 7.59096097946, 15.9755077362, 33.8167686462, 95.2272872925, 36.7162475586, 10.9685297012, 19.7376499176], [-43.177898407, 79.0867385864, -23.7472057343, -46.6160354614, 29.4503498077, 20.2178554535, 57.6312141418, 24.7651672363, 14.1873903275, 36.7162475586, 99.8551559448, 41.1500854492, 3.99649834633], [-37.8649787903, -39.1725578308, -0.216675966978, 2.6280913353, -16.6290493011, -1.27219474316, -3.7371981144, 9.28698253632, 11.0669307709, 10.9685297012, 41.1500854492, 78.5021209717, 32.828250885], [-85.4979400635, -10.8694057465, -11.9530601501, 7.66406536102, 12.6612644196, -12.6817102432, -24.8296337128, 4.62171316147, 3.93376111984, 19.7376499176, 3.99649834633, 32.828250885, 69.2027816772]],
        "icov": [[0.000879272178281, -6.77289353916e-05, 0.00076755619375, -0.000685710692778, 0.000151247761096, -0.00117667356972, 0.000453074258985, -0.000838470645249, -0.000260439730482, 0.000475433509564, 0.000308014219627, -0.000138190633152, 0.00118641951121], [-6.77289353916e-05, 0.00842281617224, -0.00529954442754, 0.00492197275162, -0.00722575094551, 0.00626717787236, -0.00472095655277, 0.00354807614349, -0.00404234463349, 0.00577828381211, -0.00732463272288, 0.00723830936477, -0.00411047320813], [0.00076755619375, -0.00529954442754, 0.00832100957632, -0.00754053052515, 0.00623900443316, -0.00743298046291, 0.00441340263933, -0.00224997778423, 0.000403388869017, -0.00258745183237, 0.00259286374785, -0.00285558961332, 0.0035383629147], [-0.000685710692778, 0.00492197275162, -0.00754053052515, 0.0106192184612, -0.0085291499272, 0.0063893571496, -0.00328110856935, -1.515553231e-05, 0.0017922463594, -0.00217668502592, 0.00343326339498, -0.00196324777789, 0.000254523445619], [0.000151247761096, -0.00722575094551, 0.00623900443316, -0.0085291499272, 0.0157622229308, -0.00905392225832, 0.00349903968163, -0.00134776474442, -0.00405478756875, 0.00453434837982, -0.00390514894389, 0.00438044732437, -0.00503863301128], [-0.00117667356972, 0.00626717787236, -0.00743298046291, 0.0063893571496, -0.00905392225832, 0.0169393289834, -0.0113810058683, 0.0025905945804, 0.00368906883523, -0.00536071369424, 0.00295058195479, -0.00142989994492, -0.000129449879751], [0.000453074258985, -0.00472095655277, 0.00441340263933, -0.00328110856935, 0.00349903968163, -0.0113810058683, 0.0149368178099, -0.00478853844106, -0.000530246004928, 0.0025912753772, -0.0037604351528, 9.84607031569e-05, 0.00335873453878], [-0.000838470645249, 0.00354807614349, -0.00224997778423, -1.515553231e-05, -0.00134776474442, 0.0025905945804, -0.00478853844106, 0.0160475093871, -0.00908478256315, 0.00630741193891, -0.00861604884267, 0.00681313732639, -0.00695105781779], [-0.000260439730482, -0.00404234463349, 0.000403388869017, 0.0017922463594, -0.00405478756875, 0.00368906883523, -0.000530246004928, -0.00908478256315, 0.0194238051772, -0.0165197048336, 0.0162544921041, -0.0153826214373, 0.0107148848474], [0.000475433509564, 0.00577828381211, -0.00258745183237, -0.00217668502592, 0.00453434837982, -0.00536071369424, 0.0025912753772, 0.00630741193891, -0.0165197048336, 0.0354110039771, -0.0291031487286, 0.0239513982087, -0.0188563540578], [0.000308014219627, -0.00732463272288, 0.00259286374785, 0.00343326339498, -0.00390514894389, 0.00295058195479, -0.0037604351528, -0.00861604884267, 0.0162544921041, -0.0291031487286, 0.0444863624871, -0.0337014459074, 0.0205738786608], [-0.000138190633152, 0.00723830936477, -0.00285558961332, -0.00196324777789, 0.00438044732437, -0.00142989994492, 9.84607031569e-05, 0.00681313732639, -0.0153826214373, 0.0239513982087, -0.0337014459074, 0.0435887351632, -0.0254809353501], [0.00118641951121, -0.00411047320813, 0.0035383629147, 0.000254523445619, -0.00503863301128, -0.000129449879751, 0.00335873453878, -0.00695105781779, 0.0107148848474, -0.0188563540578, 0.0205738786608, -0.0254809353501, 0.0340893641114]]
    },
    "melbands": {
        "max": [0.00982119329274, 0.0160355363041, 0.00911763682961, 0.00571164255962, 0.00727858766913, 0.00685196556151, 0.00520949345082, 0.00686720339581, 0.0123045435175, 0.00726735126227, 0.0049008326605, 0.00376151036471, 0.00417812308297, 0.00265626516193, 0.00246442505158, 0.00113545509521, 0.0016410399694, 0.00135905866046, 0.000770545273554, 0.000814703293145, 0.000606672314461, 0.0005378992646, 0.000388553278754, 0.000355305499397, 0.000285899324808, 0.000265790062258, 0.000300256477203, 0.000216445027036, 5.62401874049e-05, 0.000171146792127, 0.000235367246205, 0.00022330081265, 0.000311042997055, 0.00021588987147, 0.000138320436236, 9.22249673749e-05, 0.000129006235511, 7.61016126489e-05, 5.6668297475e-05, 4.28628891314e-06],
        "mean": [0.00136907084379, 0.00213472172618, 0.000658006058075, 0.000320960592944, 0.000367355620256, 0.000289087969577, 0.000374225521227, 0.000568536808714, 0.000488475780003, 0.000303809414618, 0.00032295807614, 0.000189089638297, 0.000176983856363, 0.000104629521957, 0.000104615246528, 6.84261685819e-05, 7.24046185496e-05, 5.49483811483e-05, 4.17510673287e-05, 3.3539148717e-05, 2.70093205472e-05, 2.70121599897e-05, 2.88276733045e-05, 2.27177279157e-05, 1.81631148735e-05, 1.20795048133e-05, 9.66024799709e-06, 5.65340042158e-06, 4.08297592003e-06, 5.61415254197e-06, 5.72839644519e-06, 7.3101155067e-06, 6.9176735451e-06, 5.10039262736e-06, 4.70795657748e-06, 4.20535388912e-06, 3.11772987516e-06, 2.3860204692e-06, 1.49863194565e-06, 5.3089259211e-08],
        "min": [3.86364575888e-08, 6.99590316344e-07, 1.12106704364e-06, 4.26639644502e-06, 2.89088734462e-06, 3.7843822156e-06, 4.30097770732e-06, 6.84907718096e-07, 7.85672966686e-07, 1.13929672807e-06, 1.82456585662e-06, 9.851513596e-07, 4.98324311593e-07, 6.63303694637e-07, 5.76647096295e-07, 1.23052231515e-07, 2.33585041087e-07, 2.48006330139e-07, 5.83541925891e-08, 7.8733783937e-08, 3.9104801175e-08, 4.87381868197e-08, 2.92768902455e-07, 2.69057494506e-07, 1.52211185878e-07, 6.33711465525e-08, 4.56796449555e-08, 5.65668401009e-08, 7.58047136173e-08, 4.55319018045e-08, 4.35371383389e-08, 4.0923548994e-08, 4.02924307252e-08, 3.01302627292e-08, 3.62039926927e-08, 2.32187620242e-08, 2.62288377684e-08, 1.43638994032e-08, 4.63587479516e-09, 4.41582118094e-11],
        "stdev": [0.00184939941391, 0.00307025271468, 0.00124307523947, 0.000501522968989, 0.000534919381607, 0.0003646920959, 0.000476054701721, 0.000829984259326, 0.000904887332581, 0.000567802286241, 0.000547823437955, 0.000356700184057, 0.000387297710404, 0.000213289604289, 0.000193309038877, 0.000133072200697, 0.000144171339343, 0.000115314345749, 7.82450370025e-05, 5.77402643103e-05, 5.01435970364e-05, 4.39273535449e-05, 4.07532534155e-05, 3.01906675304e-05, 2.35229217651e-05, 2.08147048397e-05, 2.07632601814e-05, 9.79988089966e-06, 5.33647607881e-06, 9.97047391138e-06, 1.372337465e-05, 1.58185448527e-05, 1.66073077708e-05, 1.33274679683e-05, 9.39619621931e-06, 8.30295357446e-06, 7.92465198174e-06, 6.33049830867e-06, 4.23470692112e-06, 1.75172175432e-07]
    },
    "melbands128": {
        "max": [0.000546000548638, 0.00365231442265, 0.0149128502235, 0.0249791368842, 0.0242126509547, 0.0194365158677, 0.0151435211301, 0.00978717394173, 0.0075212456286, 0.00531952641904, 0.0119381556287, 0.0088237253949, 0.00923923589289, 0.0163936465979, 0.00678326003253, 0.0054693124257, 0.0105963610113, 0.00851885136217, 0.0116788502783, 0.0120228305459, 0.0138796130195, 0.010229088366, 0.0231086108834, 0.00559940561652, 0.0112977745011, 0.0105697046965, 0.0108460765332, 0.00945427082479, 0.00586014334112, 0.00433434313163, 0.00798718910664, 0.00420964928344, 0.0079458039254, 0.00619314052165, 0.00668939482421, 0.00335604022257, 0.00585644505918, 0.00372679228894, 0.00255719386041, 0.00305782910436, 0.00214007683098, 0.00301663880236, 0.00345086841844, 0.00176638818812, 0.00211060116999, 0.00262247235514, 0.0015670544235, 0.00175220251549, 0.0014113833895, 0.00164198281709, 0.001606614911, 0.00177609862294, 0.00154059100896, 0.00116697186604, 0.00136556080543, 0.000567691051401, 0.000993825495243, 0.00112484185956, 0.000768106081523, 0.000626207212918, 0.000381472695153, 0.000671302375849, 0.000417682662373, 0.000447576952865, 0.000471282954095, 0.000515874940902, 0.000320958031807, 0.00070845783921, 0.000446845922852, 0.000347535300534, 0.000509945966769, 0.000202984898351, 6.52829912724e-05, 7.83873911132e-05, 9.4924835139e-05, 0.000161796910106, 0.000332921510562, 0.000284002599074, 0.000292047101539, 0.000347281456925, 0.000366301072063, 0.000268282252364, 0.000280355161522, 0.000426227168646, 0.000405414350098, 0.000205795557122, 0.000357510143658, 0.000131488748593, 0.000167030564626, 0.00013023824431, 0.000136637507239, 0.000149414816406, 0.000140597781865, 0.000191159211681, 0.000143340119394, 0.000139029682032, 9.65525759966e-05, 0.00012740760576, 9.67383894022e-05, 4.74183507322e-05, 3.87746013075e-07, 1.23074430647e-08, 1.08765538798e-08, 1.02248121081e-08, 9.63766577655e-09, 9.13262354629e-09, 8.67005933713e-09, 8.24587420567e-09, 7.92150878226e-09, 7.53661666408e-09, 7.19805548499e-09, 6.87872736549e-09, 6.6205085858e-09, 6.41201935991e-09, 6.18029671884e-09, 5.96667026898e-09, 5.7474345283e-09, 5.58621549018e-09, 5.43192912872e-09, 5.28422328117e-09, 5.1762221176e-09, 5.06419395307e-09, 4.95896346209e-09, 4.86029838598e-09, 4.79034989453e-09, 4.72586902944e-09, 4.68510830132e-09, 4.66164706836e-09],
        "mean": [5.14566636411e-05, 0.000490907870699, 0.00192471337505, 0.00303558516316, 0.00241893110797, 0.00138540007174, 0.000817939697299, 0.000486373348394, 0.000329758797307, 0.00027994273114, 0.000337127916282, 0.000366760359611, 0.000406411592849, 0.000345292122802, 0.000216946820728, 0.000263310706941, 0.000431431137258, 0.000343822553987, 0.000364370382158, 0.000626448949333, 0.000659149896819, 0.000448287581094, 0.000633058720268, 0.000259439751972, 0.000314804870868, 0.000269072421361, 0.000356711854693, 0.000395224691601, 0.000248651718721, 0.000157761372975, 0.000216248750803, 0.000132759538246, 0.000216829197598, 0.00016967963893, 9.96790622594e-05, 6.85834238539e-05, 0.000138149596751, 0.000115524155262, 7.355845446e-05, 9.20878228499e-05, 4.94867417729e-05, 6.38950368739e-05, 8.65400506882e-05, 6.89292282914e-05, 6.10414717812e-05, 4.59043294541e-05, 5.70620504732e-05, 4.65198281745e-05, 2.9592847568e-05, 3.8025300455e-05, 3.63543185813e-05, 2.7970649171e-05, 2.53338075709e-05, 2.60522574536e-05, 3.0499042623e-05, 2.55902195931e-05, 2.65207545453e-05, 2.93638586299e-05, 3.18449019687e-05, 2.25632047659e-05, 2.01660150196e-05, 2.76347909676e-05, 1.63987988344e-05, 1.78243044502e-05, 1.51496133185e-05, 1.15302382255e-05, 9.99955864245e-06, 1.18860780276e-05, 9.00676150195e-06, 7.59671547712e-06, 6.44916917736e-06, 4.16073862652e-06, 3.70591578758e-06, 4.19810066887e-06, 4.19892421633e-06, 5.72358112549e-06, 6.20609853286e-06, 5.52131405129e-06, 5.2802670325e-06, 6.46046919428e-06, 6.8575509431e-06, 8.03625607659e-06, 7.67530764278e-06, 7.52815458327e-06, 5.38956101082e-06, 5.0795547395e-06, 5.09556321049e-06, 4.94211371915e-06, 4.58015847471e-06, 4.65390849058e-06, 4.56396992377e-06, 3.82375128538e-06, 4.13118914366e-06, 2.94138362733e-06, 2.76427522294e-06, 2.45454680226e-06, 2.18078957914e-06, 2.55691657003e-06, 1.96651944862e-06, 7.28516511117e-07, 5.65781510531e-09, 5.11755082755e-11, 1.9877162416e-11, 1.66327247114e-11, 1.52616703997e-11, 1.53097153011e-11, 1.46886617453e-11, 1.33324974325e-11, 1.2655910174e-11, 1.20186577704e-11, 1.15006077578e-11, 1.0934956933e-11, 1.04291826911e-11, 1.00434972838e-11, 9.70477604528e-12, 9.42107416385e-12, 9.12593091373e-12, 8.88372882202e-12, 8.6652386655e-12, 8.43745299323e-12, 8.23434029296e-12, 8.0699006505e-12, 7.92451174125e-12, 7.75983357432e-12, 7.48641686837e-12, 7.0879404776e-12, 6.86292082192e-12, 6.80376891979e-12],
        "min": [2.58004451137e-10, 7.12451031504e-09, 2.35512409574e-08, 5.42095328626e-08, 4.79211514914e-08, 2.90613229481e-07, 4.06017818477e-07, 4.29891713338e-07, 4.74060271927e-07, 1.65802418906e-07, 2.29808961194e-07, 7.74697355155e-07, 3.96015963133e-07, 3.35842912591e-07, 5.35742913144e-07, 3.75566770572e-07, 6.49540538689e-07, 6.85540840095e-07, 6.51396021567e-07, 2.32116747156e-07, 1.21406984022e-07, 3.59820063522e-07, 2.54209965078e-07, 1.3677592392e-07, 3.21010844573e-07, 1.74164838995e-07, 5.11179564455e-07, 3.98734357532e-07, 4.94326343414e-07, 1.68298470271e-07, 2.08298772009e-07, 1.78835321663e-07, 8.90209861382e-08, 7.61671046234e-08, 1.50567103674e-07, 2.58868311676e-07, 2.35366002244e-07, 1.16994769428e-07, 5.80535228778e-08, 8.68611849114e-08, 1.25567652276e-07, 9.04942183411e-08, 1.45306799482e-07, 1.15806585654e-07, 1.50546938471e-07, 1.99377637955e-07, 4.63311025101e-08, 5.00115504565e-08, 5.78619925307e-08, 6.66326940291e-08, 8.20646874899e-08, 1.04634345632e-07, 3.04101490656e-08, 1.24305836735e-08, 4.44660628318e-08, 6.54327436678e-08, 3.00395903707e-08, 7.02270384068e-08, 1.56850020971e-07, 9.63825428357e-08, 1.16796762484e-07, 1.30077239646e-07, 8.03115938197e-08, 5.430072747e-08, 1.91262827798e-08, 4.68207339566e-08, 8.49102477218e-08, 4.28217923343e-08, 3.26586508947e-08, 3.75078066384e-08, 3.3260256771e-08, 3.72313877506e-08, 2.40539623775e-08, 6.45994049364e-08, 5.12073263792e-08, 2.11646238313e-08, 2.74311275916e-08, 4.59845139744e-08, 4.41773622128e-08, 2.05735375403e-08, 2.37530226599e-08, 2.81154743931e-08, 3.56346276931e-08, 2.37712249884e-08, 1.95122193958e-08, 3.39219674572e-08, 1.49177452613e-08, 2.52372576171e-08, 2.41912054832e-08, 1.56868260603e-08, 1.99020444569e-08, 1.63590403446e-08, 9.67071756008e-09, 1.40678553251e-08, 1.33461126595e-08, 1.55250603484e-08, 7.58551621516e-09, 5.25528287554e-09, 6.4833858282e-09, 8.60712223716e-10, 4.64296222996e-12, 7.32553828795e-13, 3.49094234423e-13, 3.63843666567e-13, 2.31799985023e-13, 3.32595387863e-13, 3.10118331839e-13, 3.53378676148e-13, 3.1673635611e-13, 3.59644497343e-13, 3.13436749428e-13, 3.64202673011e-13, 2.81269040177e-13, 3.42885306736e-13, 3.14640755941e-13, 3.6619836395e-13, 3.27185164812e-13, 3.2469876397e-13, 3.98576300003e-13, 3.5989530041e-13, 3.8409206371e-13, 3.50306074296e-13, 3.41563122187e-13, 3.86287925475e-13, 2.66061478404e-13, 1.02234518594e-13, 1.37140393985e-14, 4.70213664707e-16],
        "stdev": [9.07641879166e-05, 0.000600619590841, 0.00276056001894, 0.00485979672521, 0.00407696329057, 0.00271943816915, 0.00190319342073, 0.00109937519301, 0.000619250524323, 0.000526240037289, 0.000806123076472, 0.000833590689581, 0.000633777992334, 0.000589735631365, 0.000430183572462, 0.000437977345427, 0.000750438834075, 0.000583717541303, 0.000784377101809, 0.00125326728448, 0.00124507432338, 0.000950752350036, 0.00167629949283, 0.000513862236403, 0.000865544134285, 0.000796814914793, 0.000963052734733, 0.000819098670036, 0.000584404217079, 0.000384872953873, 0.000576130871195, 0.000361152400728, 0.000614901073277, 0.000480728776893, 0.000349148904206, 0.000209995312616, 0.000402053643484, 0.000307420094032, 0.000189730970305, 0.000250237237196, 0.000164118639077, 0.000197023764485, 0.000252017343882, 0.000159175760928, 0.000183543001185, 0.000163940872881, 0.000135204114486, 0.000122187077068, 8.81091109477e-05, 8.84645996848e-05, 8.28543852549e-05, 7.98527617007e-05, 7.77078603278e-05, 7.12504406692e-05, 7.41829426261e-05, 5.45694165339e-05, 6.79170916555e-05, 6.30697468296e-05, 6.013154416e-05, 4.87802099087e-05, 3.67257489415e-05, 5.24769384356e-05, 2.81586908386e-05, 3.10908726533e-05, 3.19365390169e-05, 3.06622750941e-05, 2.1382160412e-05, 3.87067739211e-05, 2.69314969046e-05, 1.85053613677e-05, 1.73237949639e-05, 7.41730309528e-06, 5.18141223438e-06, 6.04012620897e-06, 7.32420357963e-06, 1.07297473733e-05, 1.39269304782e-05, 1.34816218633e-05, 1.46131105794e-05, 1.82290259545e-05, 1.80080860446e-05, 1.75556979229e-05, 1.67314701685e-05, 1.95521170099e-05, 1.77062029252e-05, 1.54759181896e-05, 1.50218729686e-05, 1.0024529729e-05, 1.01792975329e-05, 9.57806059887e-06, 9.93954290607e-06, 8.30384215078e-06, 8.87076294021e-06, 9.04972421267e-06, 7.84894200478e-06, 7.15746227797e-06, 6.41509177512e-06, 7.47090416553e-06, 6.17419846094e-06, 2.26000406656e-06, 1.69749512224e-08, 4.09381889499e-10, 2.5016855254e-10, 2.33824959395e-10, 2.20087503777e-10, 2.08695852266e-10, 1.98247265826e-10, 1.88241811028e-10, 1.80801124072e-10, 1.72165184886e-10, 1.64565847061e-10, 1.57309068549e-10, 1.51429480066e-10, 1.46580414473e-10, 1.41286482513e-10, 1.36521072225e-10, 1.31598038022e-10, 1.27913443726e-10, 1.24393564893e-10, 1.21058579827e-10, 1.18538762139e-10, 1.15952275559e-10, 1.13547803104e-10, 1.11273032455e-10, 1.09754913491e-10, 1.08264022747e-10, 1.0733517547e-10, 1.06803774158e-10]
    },
    "mfcc": {
        "mean": [-614.53894043, 110.866760254, -4.07850933075, 16.3520107269, -11.8850021362, 6.33171844482, -14.786362648, 14.7381019592, -8.68472862244, 9.46244907379, -1.64245605469, 8.98622512817, -6.73099851608],
        "cov": [[1817.86682129, -199.260360718, -102.946395874, 12.4697847366, 49.4214019775, 94.2165985107, 105.206596375, 213.474502563, 68.3577575684, 119.680114746, 73.56615448, -26.0012264252, -42.3474235535], [-199.260360718, 781.882568359, -260.118438721, -23.0732707977, 53.0389862061, -22.4783744812, 56.2445297241, 99.7170257568, 11.2762851715, 88.0941009521, 78.1252441406, 42.945766449, -2.920399189], [-102.946395874, -260.118438721, 690.574890137, 225.70640564, 127.799446106, 176.139038086, 62.8987884521, 5.44055843353, 82.6817550659, 1.6199965477, 21.3394756317, 78.4356613159, 54.3089447021], [12.4697847366, -23.0732707977, 225.70640564, 351.061309814, 183.430297852, 57.9648590088, 0.688862204552, 48.4473953247, 86.8233261108, 30.249420166, -0.38514098525, 54.5821723938, 36.0309867859], [49.4214019775, 53.0389862061, 127.799446106, 183.430297852, 234.695449829, 71.1633682251, 19.0887203217, 44.6897201538, 93.4403991699, 45.5569229126, 19.3585948944, 23.8419551849, 34.6786346436], [94.2165985107, -22.4783744812, 176.139038086, 57.9648590088, 71.1633682251, 243.084243774, 136.649932861, 68.9178009033, 50.9291343689, 61.600479126, 34.5048027039, 24.06524086, 5.08972167969], [105.206596375, 56.2445297241, 62.8987884521, 0.688862204552, 19.0887203217, 136.649932861, 244.201629639, 93.2324523926, 25.8196487427, 51.7522125244, 47.3800315857, 17.3306541443, 16.341293335], [213.474502563, 99.7170257568, 5.44055843353, 48.4473953247, 44.6897201538, 68.9178009033, 93.2324523926, 190.968963623, 51.5462265015, 66.9435882568, 57.3714065552, 23.738067627, 4.65294742584], [68.3577575684, 11.2762851715, 82.6817550659, 86.8233261108, 93.4403991699, 50.9291343689, 25.8196487427, 51.5462265015, 129.632507324, 61.6526031494, 22.1977462769, 13.2039413452, 25.7233257294], [119.680114746, 88.0941009521, 1.6199965477, 30.249420166, 45.5569229126, 61.600479126, 51.7522125244, 66.9435882568, 61.6526031494, 131.947052002, 56.3507080078, 16.3308315277, 3.77982807159], [73.56615448, 78.1252441406, 21.3394756317, -0.38514098525, 19.3585948944, 34.5048027039, 47.3800315857, 57.3714065552, 22.1977462769, 56.3507080078, 100.660255432, 30.8657073975, 6.64172363281], [-26.0012264252, 42.945766449, 78.4356613159, 54.5821723938, 23.8419551849, 24.06524086, 17.3306541443, 23.738067627, 13.2039413452, 16.3308315277, 30.8657073975, 91.982711792, 44.0285606384], [-42.3474235535, -2.920399189, 54.3089447021, 36.0309867859, 34.6786346436, 5.08972167969, 16.341293335, 4.65294742584, 25.7233257294, 3.77982807159, 6.64172363281, 44.0285606384, 89.1856460571]],
        "icov": [[0.000787541153841, 0.000535872997716, 0.000358786637662, 6.53579336358e-05, -0.000320413644658, -1.22692636069e-05, -8.56363913044e-05, -0.000850927783176, 2.60037522821e-05, -0.000416621100157, -0.000247471005423, -9.11612150958e-05, 0.000405569036957], [0.000535872997716, 0.00230585038662, 0.00113310047891, 0.000252417725278, -0.00123979570344, 0.000421499775257, -0.000504098890815, -0.000902278523427, 0.000340112281265, -0.000889207760338, -0.000726086611394, -0.00158609170467, 0.00091211439576], [0.000358786637662, 0.00113310047891, 0.00315175810829, -0.00126288062893, -0.000196178662009, -0.00171393039636, -0.000196504013729, 0.000454185239505, -0.000915332406294, 0.00104102154728, -0.00124293286353, -0.0016324656317, 0.00010318117711], [6.53579336358e-05, 0.000252417725278, -0.00126288062893, 0.00641937740147, -0.00424386188388, 0.000985899125226, 0.000366700638551, -0.00138984748628, -0.000476387998788, -0.000592866970692, 0.0023985421285, -0.00292602181435, 0.00124252401292], [-0.000320413644658, -0.00123979570344, -0.000196178662009, -0.00424386188388, 0.00985414721072, -0.00197902391665, 0.000943651015405, 0.000809144985396, -0.00349044101313, 0.00071296322858, -0.00120880035684, 0.00277303624898, -0.00259502604604], [-1.22692636069e-05, 0.000421499775257, -0.00171393039636, 0.000985899125226, -0.00197902391665, 0.00859501957893, -0.00387438130565, -0.000585592351854, 9.60902543738e-05, -0.00247126840986, 0.00123903702479, -0.0012604908552, 0.00227983295918], [-8.56363913044e-05, -0.000504098890815, -0.000196504013729, 0.000366700638551, 0.000943651015405, -0.00387438130565, 0.0073958565481, -0.00215981970541, 0.00067000859417, 4.10149150412e-05, -0.00107113854028, 0.00145439070184, -0.00230713188648], [-0.000850927783176, -0.000902278523427, 0.000454185239505, -0.00138984748628, 0.000809144985396, -0.000585592351854, -0.00215981970541, 0.00949545670301, -0.00204816251062, -0.000253673846601, -0.00238684099168, -0.000604271830525, 0.000548034789972], [2.60037522821e-05, 0.000340112281265, -0.000915332406294, -0.000476387998788, -0.00349044101313, 9.60902543738e-05, 0.00067000859417, -0.00204816251062, 0.0146125266328, -0.00555254891515, 0.000788176374044, 0.00227927020751, -0.00305404723622], [-0.000416621100157, -0.000889207760338, 0.00104102154728, -0.000592866970692, 0.00071296322858, -0.00247126840986, 4.10149150412e-05, -0.000253673846601, -0.00555254891515, 0.0145593406633, -0.00535655627027, -1.53211331053e-05, 0.00063909671735], [-0.000247471005423, -0.000726086611394, -0.00124293286353, 0.0023985421285, -0.00120880035684, 0.00123903702479, -0.00107113854028, -0.00238684099168, 0.000788176374044, -0.00535655627027, 0.0168244205415, -0.00480659306049, 0.00148633448407], [-9.11612150958e-05, -0.00158609170467, -0.0016324656317, -0.00292602181435, 0.00277303624898, -0.0012604908552, 0.00145439070184, -0.000604271830525, 0.00227927020751, -1.53211331053e-05, -0.00480659306049, 0.0199518166482, -0.00930878799409], [0.000405569036957, 0.00091211439576, 0.00010318117711, 0.00124252401292, -0.00259502604604, 0.00227983295918, -0.00230713188648, 0.000548034789972, -0.00305404723622, 0.00063909671735, 0.00148633448407, -0.00930878799409, 0.0174818560481]]
    },
    "spectral_contrast_coeffs": {
        "max": [-0.41570264101, -0.506070196629, -0.501868247986, -0.609287083149, -0.606517553329, -0.549317657948],
        "mean": [-0.707947552204, -0.723246634007, -0.726600527763, -0.768567681313, -0.777980387211, -0.698630094528],
        "min": [-0.885977506638, -0.912763118744, -0.909089326859, -0.914262831211, -0.879875540733, -0.900795459747],
        "stdev": [0.0775534287095, 0.0687826126814, 0.0744130462408, 0.0563830211759, 0.0457919239998, 0.0282115992159]
    },
    "spectral_contrast_valleys": {
        "max": [-5.20088148117, -5.1044754982, -5.52176380157, -5.92527294159, -5.88514375687, -8.03896713257],
        "mean": [-6.83344507217, -6.42807102203, -7.21485328674, -7.50844907761, -7.38110733032, -10.3120250702],
        "min": [-9.18663024902, -8.63058280945, -8.80598449707, -8.79094982147, -9.26008892059, -12.2905778885],
        "stdev": [0.797727644444, 0.506359577179, 0.498695462942, 0.429201126099, 0.474872291088, 0.667818248272]
    }
},
"rhythm": {
    "beats_count": 102,
    "beats_loudness": {
        "max": 0.0879479795694,
        "mean": 0.0500409379601,
        "min": 0.0106927780434,
        "stdev": 0.017857702449
    },
    "bpm": 126.577758789,
    "bpm_histogram_first_peak_bpm": 126,
    "bpm_histogram_first_peak_weight": 0.367347002029,
    "bpm_histogram_second_peak_bpm": 136,
    "bpm_histogram_second_peak_spread": 0,
    "bpm_histogram_second_peak_weight": 0.0297029707581,
    "danceability": 1.35653877258,
    "onset_rate": 3.814453125,
    "beats_loudness_band_ratio": {
        "max": [0.935421466827, 0.534584879875, 0.538392901421, 0.447894483805, 0.345005899668, 0.211292162538],
        "mean": [0.568988084793, 0.0835846737027, 0.182424232364, 0.104488261044, 0.0617330819368, 0.0369489938021],
        "min": [0.00497465254739, 0.00982067640871, 0.00749982660636, 0.00397060904652, 0.00535355228931, 0.00577198946849],
        "stdev": [0.203460156918, 0.0888359695673, 0.117195405066, 0.10801551491, 0.0612354837358, 0.0331247374415]
    },
