{
"metadata": {
    "version": {
        "essentia": "2.1-beta5",
        "essentia_git_sha": "Undefined",
        "extractor": "music 2.0"
    },
    "audio_properties": {
        "analysis": {
            "equal_loudness": 0,
            "length": 45.2556915283,
            "sample_rate": 44100,
            "start_time": 162.493240356,
            "downmix": "mix"
        },
        "bit_rate": 192000,
        "length": 229.239013672,
        "lossless": 0,
        "number_channels": 2,
        "replay_gain": -1.33519363403,
        "sample_rate": 48000,
        "codec": "mp3",
        "md5_encoded": "589467265ae8dad79a75c076af6ac38d"
    },
    "tags": {
        "file_name": "BosniaHerzegovina_Thunder and Lightning_Vukašin Brajić.mp3",
        "encoding": ["Lavf58.29.100"]
    }
},
"lowlevel": {
    "average_loudness": 0.972591996193,
    "barkbands_crest": {
        "max": 19.2104797363,
        "mean": 6.86242723465,
        "min": 2.33687138557,
        "stdev": 2.4947104454
    },
    "barkbands_flatness_db": {
        "max": 0.231032446027,
        "mean": 0.140888616443,
        "min": 0.0708735510707,
        "stdev": 0.0209540240467
    },
    "barkbands_kurtosis": {
        "max": 15.2231025696,
        "mean": -0.309433281422,
        "min": -1.80806267262,
        "stdev": 1.56719195843
    },
    "barkbands_skewness": {
        "max": 3.67175769806,
        "mean": 0.338233649731,
        "min": -1.14364123344,
        "stdev": 0.645465195179
    },
    "barkbands_spread": {
        "max": 91.623840332,
        "mean": 29.8802108765,
        "min": 9.03555774689,
        "stdev": 10.2847318649
    },
    "dissonance": {
        "max": 0.49985396862,
        "mean": 0.477342694998,
        "min": 0.388107806444,
        "stdev": 0.0156826674938
    },
    "dynamic_complexity": 1.74890601635,
    "erbbands_crest": {
        "max": 23.0430660248,
        "mean": 8.65591239929,
        "min": 3.12740373611,
        "stdev": 3.3911447525
    },
    "erbbands_flatness_db": {
        "max": 0.28204998374,
        "mean": 0.201101243496,
        "min": 0.123537220061,
        "stdev": 0.025718851015
    },
    "erbbands_kurtosis": {
        "max": 7.3837146759,
        "mean": 0.512345969677,
        "min": -1.58651971817,
        "stdev": 1.20411145687
    },
    "erbbands_skewness": {
        "max": 1.47291457653,
        "mean": -0.12927223742,
        "min": -2.32310581207,
        "stdev": 0.606115400791
    },
    "erbbands_spread": {
        "max": 118.534393311,
        "mean": 27.1851730347,
        "min": 8.00790023804,
        "stdev": 11.7731218338
    },
    "hfc": {
        "max": 109.85622406,
        "mean": 34.3096008301,
        "min": 1.67495250702,
        "stdev": 13.8231716156
    },
    "loudness_ebu128": {
        "integrated": -20.2536277771,
        "loudness_range": 1.71285629272,
        "momentary": {
            "max": -18.8882904053,
            "mean": -20.4228610992,
            "min": -28.9449901581,
            "stdev": 1.34660565853
        },
        "short_term": {
            "max": -19.1298465729,
            "mean": -20.2500209808,
            "min": -23.4601173401,
            "stdev": 0.679825663567
        }
    },
    "melbands_crest": {
        "max": 24.7299137115,
        "mean": 10.1447906494,
        "min": 3.71663403511,
        "stdev": 3.38682126999
    },
    "melbands_flatness_db": {
        "max": 0.295060694218,
        "mean": 0.142761662602,
        "min": 0.0544717162848,
        "stdev": 0.0327226929367
    },
    "melbands_kurtosis": {
        "max": 68.51927948,
        "mean": 2.26964616776,
        "min": -1.58618366718,
        "stdev": 5.69663715363
    },
    "melbands_skewness": {
        "max": 7.86773300171,
        "mean": 1.23363101482,
        "min": -0.446219414473,
        "stdev": 1.00254821777
    },
    "melbands_spread": {
        "max": 152.685775757,
        "mean": 41.9972305298,
        "min": 5.88956308365,
        "stdev": 13.5678319931
    },
    "pitch_salience": {
        "max": 0.80239790678,
        "mean": 0.584013938904,
        "min": 0.329920381308,
        "stdev": 0.0699268579483
    },
    "silence_rate_20dB": {
        "max": 1,
        "mean": 1,
        "min": 1,
        "stdev": 0
    },
    "silence_rate_30dB": {
        "max": 1,
        "mean": 1,
        "min": 1,
        "stdev": 0
    },
    "silence_rate_60dB": {
        "max": 1,
        "mean": 0.00153846153989,
        "min": 0,
        "stdev": 0.0391930453479
    },
    "spectral_centroid": {
        "max": 3586.79760742,
        "mean": 1882.89880371,
        "min": 671.481811523,
        "stdev": 362.155395508
    },
    "spectral_complexity": {
        "max": 52,
        "mean": 32.7825622559,
        "min": 3,
        "stdev": 7.49657869339
    },
    "spectral_decrease": {
        "max": -3.57892826486e-10,
        "mean": -7.43358175015e-09,
        "min": -2.82822121278e-08,
        "stdev": 3.56449958439e-09
    },
    "spectral_energy": {
        "max": 0.110308229923,
        "mean": 0.0311680082232,
        "min": 0.00150269002188,
        "stdev": 0.0142904315144
    },
    "spectral_energyband_high": {
        "max": 0.0129947671667,
        "mean": 0.000871091033332,
        "min": 4.78060210298e-05,
        "stdev": 0.000771742023062
    },
    "spectral_energyband_low": {
        "max": 0.0710998773575,
        "mean": 0.00746319117025,
        "min": 7.70969636505e-05,
        "stdev": 0.00789084937423
    },
    "spectral_energyband_middle_high": {
        "max": 0.0440435111523,
        "mean": 0.0141967916861,
        "min": 0.000460158305941,
        "stdev": 0.00790539570153
    },
    "spectral_energyband_middle_low": {
        "max": 0.0613736957312,
        "mean": 0.00996892061085,
        "min": 0.000919949263334,
        "stdev": 0.00759765785187
    },
    "spectral_entropy": {
        "max": 8.37428665161,
        "mean": 7.74043703079,
        "min": 7.19198703766,
        "stdev": 0.153551608324
    },
    "spectral_flux": {
        "max": 0.297228872776,
        "mean": 0.100686147809,
        "min": 0.0235894806683,
        "stdev": 0.0365867912769
    },
    "spectral_kurtosis": {
        "max": 12.0133142471,
        "mean": 3.15334796906,
        "min": -0.966343641281,
        "stdev": 1.90768146515
    },
    "spectral_rms": {
        "max": 0.0103738997132,
        "mean": 0.00537401484326,
        "min": 0.00121080095414,
        "stdev": 0.00123607320711
    },
    "spectral_rolloff": {
        "max": 8914.74609375,
        "mean": 2140.24633789,
        "min": 129.19921875,
        "stdev": 880.857788086
    },
    "spectral_skewness": {
        "max": 2.32555675507,
        "mean": 1.11219263077,
        "min": 0.0794914290309,
        "stdev": 0.276356071234
    },
    "spectral_spread": {
        "max": 17382432,
        "mean": 3227298.5,
        "min": 2047982.125,
        "stdev": 755437.6875
    },
    "spectral_strongpeak": {
        "max": 10.6886959076,
        "mean": 1.66206514835,
        "min": 0,
        "stdev": 1.78252470493
    },
    "zerocrossingrate": {
        "max": 0.22412109375,
        "mean": 0.0734495222569,
        "min": 0.02001953125,
        "stdev": 0.018805867061
    },
    "barkbands": {
        "max": [0.00229694787413, 0.0262840054929, 0.0359098911285, 0.0276031196117, 0.0214584637433, 0.0313319563866, 0.0296983066946, 0.0316359400749, 0.0269971806556, 0.0215026587248, 0.0275245029479, 0.0192302018404, 0.0174518413842, 0.0186527986079, 0.0198356918991, 0.0149386441335, 0.00703594926745, 0.0082320002839, 0.00357289728709, 0.002940146951, 0.00235359603539, 0.0030854807701, 0.00600168528035, 0.00610958319157, 0.00155102321878, 9.83223571893e-07, 1.01399302821e-06],
        "mean": [9.28381850827e-05, 0.0038546374999, 0.00244195456617, 0.00184258713853, 0.00187831220683, 0.00120844354387, 0.000828369811643, 0.000949512876105, 0.00278056459501, 0.00173994211946, 0.0022157614585, 0.00119884486776, 0.00184665911365, 0.00136271142401, 0.00168275809847, 0.00119701249059, 0.00125925324392, 0.00102586252615, 0.000620207109023, 0.000464351673145, 0.000231674217503, 0.000145247817272, 0.000122253055451, 0.000164000579389, 1.43124361784e-05, 1.99290250968e-09, 2.09126738149e-09],
        "min": [1.13999206519e-07, 3.50127593265e-05, 4.62499565401e-06, 3.44394629792e-06, 3.4270586184e-05, 2.72569413937e-05, 7.87922272139e-06, 4.97960400025e-06, 1.21137027236e-05, 1.04231903606e-05, 7.24885239833e-06, 2.22197832045e-06, 8.61329226609e-06, 4.39040468336e-06, 2.80926833511e-05, 3.59096629836e-05, 2.7793679692e-05, 3.57504250132e-05, 8.41489600134e-06, 1.02412604974e-05, 6.1627033574e-06, 2.6600041565e-06, 7.71976544911e-07, 3.2116940929e-07, 5.2381219362e-09, 8.18425119342e-11, 1.06636255381e-10],
        "stdev": [0.000142778648296, 0.00338398478925, 0.00381975155324, 0.00323778414167, 0.0022358619608, 0.00184563081712, 0.0014670699602, 0.00206223875284, 0.00407686037943, 0.00233900314197, 0.00342424586415, 0.00173069455195, 0.00252099125646, 0.00202703056857, 0.00199477770366, 0.00137061346322, 0.00088985171169, 0.000706334481947, 0.000411649496527, 0.000318563077599, 0.000236736450461, 0.000151501342771, 0.000180141432793, 0.000376798445359, 6.27252593404e-05, 2.91492643356e-08, 3.02583913481e-08]
    },
    "erbbands": {
        "max": [0.771417856216, 6.64614915848, 33.5131187439, 80.5696258545, 73.0125198364, 73.8231277466, 125.182014465, 393.365661621, 175.74382019, 512.074279785, 765.883422852, 757.100585938, 824.352966309, 765.184875488, 1213.00891113, 651.269592285, 772.059448242, 999.276000977, 1472.49743652, 1099.58154297, 638.587768555, 414.723297119, 546.32232666, 229.320968628, 218.718566895, 123.223312378, 98.0839767456, 114.008979797, 135.890655518, 55.6048545837, 173.239807129, 151.663619995, 96.5230255127, 24.0710124969, 0.579135477543, 0.0296656582505, 0.0034283597488, 0.000644929124974, 0.00018037771224, 0.000124269849039],
        "mean": [0.0867745056748, 0.954759776592, 2.70340752602, 5.10055875778, 6.0769162178, 6.27180624008, 6.64891862869, 11.6466760635, 10.8205127716, 15.4279737473, 25.3862190247, 71.3445129395, 50.5683708191, 71.2094955444, 87.2329406738, 50.5503997803, 81.1791687012, 75.9625930786, 103.020950317, 62.1108398438, 66.6057281494, 69.6066741943, 59.7201652527, 39.6744689941, 30.3847026825, 21.0859375, 11.1946306229, 8.15307426453, 5.62482738495, 4.02332210541, 3.43343377113, 3.22201156616, 2.70084309578, 0.416643291712, 0.0104793263599, 0.000630689959507, 9.43480335991e-05, 2.2534355594e-05, 2.24654886551e-05, 3.9727656258e-05],
        "min": [0.00119493086822, 0.00484026689082, 0.00431801471859, 0.0427958145738, 0.082600414753, 0.135007768869, 0.169092208147, 0.271477043629, 0.183817312121, 0.614729106426, 0.569623529911, 0.316727310419, 0.409217387438, 0.336647450924, 0.353274434805, 0.227859973907, 0.49384328723, 0.446808695793, 1.3014228344, 2.06199455261, 2.53923225403, 2.32535266876, 1.98077654839, 1.3342679739, 0.626377463341, 0.385261952877, 0.293408244848, 0.289150476456, 0.112484402955, 0.033532217145, 0.0201016645879, 0.00751714548096, 0.00517733767629, 0.000715920701623, 2.82032215182e-05, 8.34655929793e-06, 3.7342140331e-06, 1.05097410596e-06, 1.96379733097e-06, 3.37808478434e-06],
        "stdev": [0.0744493529201, 0.908974945545, 3.70112109184, 8.66832065582, 8.43705654144, 7.87656211853, 9.92256546021, 19.9462547302, 14.57467556, 35.742275238, 41.4270515442, 112.403175354, 68.8676528931, 90.205947876, 141.713729858, 61.3509864807, 102.302474976, 97.5888061523, 120.264610291, 73.2852935791, 60.6030349731, 51.1306762695, 41.8072242737, 23.6238937378, 23.2475013733, 13.7447843552, 9.93535614014, 9.08775901794, 6.159760952, 3.87967276573, 5.23282051086, 7.40623903275, 6.59080505371, 1.28560566902, 0.0310146547854, 0.00160482688807, 0.000188505364349, 3.78500590159e-05, 1.15609600471e-05, 1.67766556842e-05]
    },
    "gfcc": {
        "mean": [19.4098377228, 124.63483429, -177.500350952, 62.8848991394, -61.180934906, 24.2818565369, -28.2281265259, 1.23568820953, -0.287054359913, -24.7611923218, 7.64572381973, -22.8794822693, 5.34191656113],
        "cov": [[752.969604492, -162.021911621, -98.0309295654, -103.947486877, -78.3492736816, 151.181869507, 4.81375455856, 11.7105884552, -89.3968887329, -37.4680252075, -16.6970767975, -30.8366317749, -12.4484214783], [-162.021911621, 337.079315186, -51.3815765381, -40.4997901917, 95.1935424805, -96.5060501099, 97.1738204956, -57.8148345947, 34.9312705994, -29.8403358459, 10.6910467148, -26.5990009308, -9.98340797424], [-98.0309295654, -51.3815765381, 280.941131592, 158.591094971, -21.5533370972, -29.2990150452, -115.056838989, 22.9020671844, 8.80023765564, 16.0563411713, -16.2028465271, 5.85935688019, -4.13230705261], [-103.947486877, -40.4997901917, 158.591094971, 251.556243896, 16.8515377045, -80.3380737305, -70.5070724487, -21.0835380554, 49.4816894531, 22.7254524231, -33.2726020813, 2.55481219292, -1.29516458511], [-78.3492736816, 95.1935424805, -21.5533370972, 16.8515377045, 118.077644348, 1.6472414732, 34.5478248596, -8.73701095581, 6.16619873047, -6.09163808823, 6.57998800278, -7.50962305069, 5.7579627037], [151.181869507, -96.5060501099, -29.2990150452, -80.3380737305, 1.6472414732, 187.762664795, 73.0815811157, 28.2286777496, -75.9392852783, -18.2403450012, 21.2497463226, 12.9027557373, -6.28715181351], [4.81375455856, 97.1738204956, -115.056838989, -70.5070724487, 34.5478248596, 73.0815811157, 195.717453003, 4.21820735931, -19.0763664246, -31.711101532, 3.65133857727, -5.65138912201, -15.1787910461], [11.7105884552, -57.8148345947, 22.9020671844, -21.0835380554, -8.73701095581, 28.2286777496, 4.21820735931, 98.0462493896, 23.2779827118, 5.81901264191, -10.7407798767, -7.63844251633, 10.8375768661], [-89.3968887329, 34.9312705994, 8.80023765564, 49.4816894531, 6.16619873047, -75.9392852783, -19.0763664246, 23.2779827118, 112.930465698, 32.6976242065, -19.1747131348, -16.598777771, -1.71107387543], [-37.4680252075, -29.8403358459, 16.0563411713, 22.7254524231, -6.09163808823, -18.2403450012, -31.711101532, 5.81901264191, 32.6976242065, 54.8230857849, 19.3827724457, 5.23313617706, 3.22757840157], [-16.6970767975, 10.6910467148, -16.2028465271, -33.2726020813, 6.57998800278, 21.2497463226, 3.65133857727, -10.7407798767, -19.1747131348, 19.3827724457, 65.0249633789, 34.1258850098, 2.85321736336], [-30.8366317749, -26.5990009308, 5.85935688019, 2.55481219292, -7.50962305069, 12.9027557373, -5.65138912201, -7.63844251633, -16.598777771, 5.23313617706, 34.1258850098, 53.176902771, 21.2874774933], [-12.4484214783, -9.98340797424, -4.13230705261, -1.29516458511, 5.7579627037, -6.28715181351, -15.1787910461, 10.8375768661, -1.71107387543, 3.22757840157, 2.85321736336, 21.2874774933, 44.1222496033]],
        "icov": [[0.00230229366571, -0.000436266389443, 0.0018082546303, -0.00115421705414, 0.00214402284473, -0.00268004531972, 0.00174274353776, -0.000327397458022, 0.000719023693819, 0.00121517013758, -0.000557798484806, 0.00279483571649, -0.000668766908348], [-0.000436266389443, 0.0224830228835, -0.0125982342288, 0.0126531291753, -0.012910774909, 0.0175879802555, -0.0173013526946, 0.015551853925, -0.0101311113685, 0.0140484189615, -0.0164703950286, 0.0158830173314, -0.00944373197854], [0.0018082546303, -0.0125982342288, 0.0165463555604, -0.0131940068677, 0.00922484695911, -0.0120655987412, 0.01448823791, -0.0129185197875, 0.00826263893396, -0.00562255596742, 0.00765556003898, -0.00746951345354, 0.00789662729949], [-0.00115421705414, 0.0126531291753, -0.0131940068677, 0.0177887380123, -0.0112287644297, 0.0125979529694, -0.011111731641, 0.0123408343643, -0.00759085221216, 0.00244162743911, -9.45129868342e-05, 0.000687140214723, -0.00256794225425], [0.00214402284473, -0.012910774909, 0.00922484695911, -0.0112287644297, 0.0204345211387, -0.0131809748709, 0.00912334024906, -0.00757326185703, 0.00408442923799, -0.00234218058176, 0.000471344421385, 0.0023410518188, -0.00215840176679], [-0.00268004531972, 0.0175879802555, -0.0120655987412, 0.0125979529694, -0.0131809748709, 0.0272665601224, -0.0181821025908, 0.00727315852419, -0.00023680391314, 0.00564571330324, -0.00989552121609, 0.00523690646514, -0.0022816490382], [0.00174274353776, -0.0173013526946, 0.01448823791, -0.011111731641, 0.00912334024906, -0.0181821025908, 0.0236551407725, -0.0131725268438, 0.00649528810754, -0.00544402189553, 0.0120152942836, -0.0118512995541, 0.0107905296609], [-0.000327397458022, 0.015551853925, -0.0129185197875, 0.0123408343643, -0.00757326185703, 0.00727315852419, -0.0131725268438, 0.0274191722274, -0.0146458223462, 0.00978840421885, -0.0104069961235, 0.015095137991, -0.0145567897707], [0.000719023693819, -0.0101311113685, 0.00826263893396, -0.00759085221216, 0.00408442923799, -0.00023680391314, 0.00649528810754, -0.0146458223462, 0.0256281513721, -0.0186978299171, 0.0144891394302, -0.00929071009159, 0.00963379256427], [0.00121517013758, 0.0140484189615, -0.00562255596742, 0.00244162743911, -0.00234218058176, 0.00564571330324, -0.00544402189553, 0.00978840421885, -0.0186978299171, 0.0460693910718, -0.0327489078045, 0.0233481768519, -0.0133424382657], [-0.000557798484806, -0.0164703950286, 0.00765556003898, -9.45129868342e-05, 0.000471344421385, -0.00989552121609, 0.0120152942836, -0.0104069961235, 0.0144891394302, -0.0327489078045, 0.0575928278267, -0.0457061342895, 0.0233331043273], [0.00279483571649, 0.0158830173314, -0.00746951345354, 0.000687140214723, 0.0023410518188, 0.00523690646514, -0.0118512995541, 0.015095137991, -0.00929071009159, 0.0233481768519, -0.0457061342895, 0.0673789009452, -0.0352617688477], [-0.000668766908348, -0.00944373197854, 0.00789662729949, -0.00256794225425, -0.00215840176679, -0.0022816490382, 0.0107905296609, -0.0145567897707, 0.00963379256427, -0.0133424382657, 0.0233331043273, -0.0352617688477, 0.0451005473733]]
    },
    "melbands": {
        "max": [0.00739185046405, 0.0147991934791, 0.0124160498381, 0.00487705459818, 0.00347551191226, 0.00762160401791, 0.00352157326415, 0.00635080924258, 0.00564104691148, 0.00486198021099, 0.00409957114607, 0.00344007229432, 0.00392879638821, 0.00288949999958, 0.00180013163481, 0.00230797147378, 0.00227636424825, 0.00269250106066, 0.00121176510584, 0.0013890338596, 0.000647725653835, 0.000455040310044, 0.000552594079636, 0.000408151332522, 0.000194152351469, 0.00016606709687, 0.000164592216606, 8.01423811936e-05, 5.74705154577e-05, 9.73016867647e-05, 7.91344282334e-05, 8.99566512089e-05, 3.56271993951e-05, 2.99459061353e-05, 5.70483825868e-05, 0.000186851582839, 0.000103209080407, 7.05419297446e-05, 6.89735024935e-05, 3.77761512027e-06],
        "mean": [0.000946338172071, 0.00138695340138, 0.000895214558113, 0.000446879130322, 0.000240457928157, 0.000248587515671, 0.000168165366631, 0.000175147521077, 0.000221016671276, 0.000464183685835, 0.000242701615207, 0.000279243540717, 0.000292955752229, 0.00015494695981, 0.000138252944453, 0.000195212793187, 0.000132383720484, 0.000165844074218, 0.000101143181382, 8.61379812704e-05, 7.46055375203e-05, 7.64251017245e-05, 5.83306937187e-05, 4.6931894758e-05, 3.05446374114e-05, 2.23508777708e-05, 1.97710924112e-05, 1.27085195345e-05, 7.12430301064e-06, 5.91460275245e-06, 4.20874948759e-06, 3.28939358951e-06, 2.48044466389e-06, 2.13681528294e-06, 1.925791139e-06, 1.95626830646e-06, 1.99299415726e-06, 2.0380184651e-06, 1.29149452732e-06, 4.84147193447e-08],
        "min": [1.02065232568e-05, 3.38123209076e-06, 1.38828045237e-05, 8.93713968253e-06, 8.93649030331e-06, 5.67751612834e-06, 2.73493401437e-06, 5.57783369004e-06, 2.6196125873e-06, 1.67949542629e-06, 1.94797530639e-06, 5.33894422006e-07, 1.0724677395e-06, 6.85384918597e-07, 4.64287381874e-07, 9.17225520425e-07, 4.66950837108e-07, 1.34804054142e-06, 1.55355473908e-06, 1.70844009517e-06, 2.63649917542e-06, 2.34375511354e-06, 1.48804633682e-06, 1.86408431091e-06, 5.57075907182e-07, 2.92008706992e-07, 3.64170034572e-07, 1.90980841808e-07, 2.15881698296e-07, 1.06787787502e-07, 1.24209947217e-07, 5.65191697888e-08, 2.1584668275e-08, 1.1520278953e-08, 1.07441353592e-08, 5.77157388548e-09, 3.83074993948e-09, 3.99427024789e-09, 2.2432675717e-09, 2.23669069377e-11],
        "stdev": [0.000780561764259, 0.00164512940682, 0.00140694493894, 0.000531167257577, 0.000332090276061, 0.000401278783102, 0.000244033682975, 0.000419155025156, 0.000369378569303, 0.000738659175113, 0.000342797313351, 0.00037239305675, 0.000463345088065, 0.000225561016123, 0.000203314193641, 0.000295360194286, 0.000207654331462, 0.000203065719688, 0.000116044910101, 0.000114101167128, 6.52565286146e-05, 6.1979466409e-05, 4.01032921218e-05, 3.41847371601e-05, 2.03143863473e-05, 1.72382588062e-05, 1.56936257554e-05, 9.03213185666e-06, 6.44897454549e-06, 6.70774807077e-06, 5.10001700604e-06, 3.90140303352e-06, 2.5123499654e-06, 2.17569368033e-06, 2.33097580349e-06, 5.002092621e-06, 4.94468758916e-06, 5.09464962306e-06, 3.7708120999e-06, 2.13158301676e-07]
    },
    "melbands128": {
        "max": [0.00207854108885, 0.00540976272896, 0.0114458585158, 0.0131248505786, 0.0152714289725, 0.0185294412076, 0.0187145844102, 0.0139987114817, 0.00815457291901, 0.00636536162347, 0.00453022914007, 0.00581298349425, 0.00606082333252, 0.00791102647781, 0.0112510602921, 0.0105280131102, 0.00306679098867, 0.00443198857829, 0.0114653138444, 0.0083483858034, 0.0137470578775, 0.00865027215332, 0.00795470457524, 0.00817665923387, 0.00969911180437, 0.00885771494359, 0.00726314075291, 0.0081817433238, 0.00436933757737, 0.00739094428718, 0.00375872734003, 0.00735143013299, 0.00641463277861, 0.00762825738639, 0.00409996137023, 0.00479731755331, 0.00341159827076, 0.00367912906222, 0.00256153289229, 0.00302273407578, 0.00434177089483, 0.00410554232076, 0.00300664152019, 0.00498007005081, 0.00321521540172, 0.00618478003889, 0.00501294387504, 0.00227466062643, 0.00260598491877, 0.00411873636767, 0.00187941698823, 0.00256880070083, 0.00123208016157, 0.000748998718336, 0.000827422947623, 0.000934738025535, 0.00124913454056, 0.000809471937828, 0.000800668261945, 0.00124994840007, 0.000852524768561, 0.000448864069767, 0.000344130035955, 0.000246313138632, 0.000157909817062, 0.000182804142241, 0.000463775126263, 0.00040650885785, 0.000167458201759, 0.000257240753854, 9.44610656006e-05, 0.000102602672996, 7.1959781053e-05, 7.44217759348e-05, 8.5794730694e-05, 0.000257693376625, 0.00011402634118, 0.000126942773932, 0.000112008288852, 9.07788635232e-05, 9.4170383818e-05, 0.000103768084955, 6.18134799879e-05, 2.93640641758e-05, 3.2573039789e-05, 4.86047647428e-05, 3.15567776852e-05, 2.87172151729e-05, 2.82438686554e-05, 0.000113194291771, 0.000271397235338, 0.000196399691049, 0.000100659606687, 0.000130235159304, 9.1978625278e-05, 0.000109109350888, 9.47039370658e-05, 9.07044232008e-05, 0.000149994608364, 5.86408605159e-05, 3.30972454776e-07, 1.27062058652e-08, 9.33196986352e-09, 8.76982220177e-09, 8.35801916566e-09, 7.92047671894e-09, 7.47509609766e-09, 7.14611125829e-09, 6.83694123538e-09, 6.56681731215e-09, 6.27208907034e-09, 5.99412475211e-09, 5.72468872306e-09, 5.48862510996e-09, 5.29608357169e-09, 5.09451458797e-09, 4.96758856272e-09, 4.76312544961e-09, 4.63998794942e-09, 4.49506742939e-09, 4.36936442583e-09, 4.27803126257e-09, 4.17840784195e-09, 4.09268485768e-09, 4.04743483173e-09, 3.992030706e-09, 3.95508958917e-09, 3.93424404166e-09],
        "mean": [7.87708195276e-05, 0.000537258340046, 0.00136016285978, 0.00164234044496, 0.00143032893538, 0.00117662304547, 0.00109452963807, 0.000825018563773, 0.000580697844271, 0.000476493180031, 0.000331721181283, 0.000231060825172, 0.000203371368116, 0.000252153608017, 0.000325901724864, 0.000195309097762, 0.000149363957462, 0.000170962972334, 0.000187788187759, 0.000155512199854, 0.000188323261682, 0.000172574727912, 0.000217947657802, 0.000252934580203, 0.000505120086018, 0.000624377222266, 0.000201880131499, 0.000226803196711, 0.000198967420147, 0.000311520358082, 0.000283083150862, 0.000283579196548, 0.000264194357442, 0.000387971231248, 0.000145568294101, 0.000101108962554, 0.0001201793566, 0.000146527119796, 0.000129754873342, 0.000193818268599, 0.000264698901447, 0.00010674274381, 0.000120754273667, 0.000155912988703, 0.000117725423479, 0.000196177497855, 0.000196534689167, 8.8492713985e-05, 6.94518093951e-05, 6.38336932752e-05, 0.000102697602415, 9.55956347752e-05, 6.12272633589e-05, 7.5190771895e-05, 8.1794016296e-05, 8.44551977934e-05, 6.17113546468e-05, 5.75908416067e-05, 5.5680899095e-05, 6.40063080937e-05, 4.31384760304e-05, 3.87299442082e-05, 3.76669777324e-05, 2.71420922218e-05, 2.19698194996e-05, 2.03992494789e-05, 2.52787322097e-05, 2.0444556867e-05, 1.98606285267e-05, 1.59951905516e-05, 1.22848960018e-05, 1.26440072563e-05, 7.8505354395e-06, 5.76323600399e-06, 6.21685148872e-06, 6.60748628434e-06, 5.45829379917e-06, 5.09672872795e-06, 4.07662355428e-06, 3.26851909449e-06, 3.31415367327e-06, 3.41203644894e-06, 2.89990862257e-06, 2.31693456954e-06, 2.17965634874e-06, 2.25926100939e-06, 2.11702877095e-06, 1.91676872419e-06, 1.90481227946e-06, 1.87859905054e-06, 2.13448015529e-06, 1.84325585906e-06, 1.87381203887e-06, 2.09515746974e-06, 1.93359346667e-06, 2.11617111745e-06, 2.0324862362e-06, 2.02020873985e-06, 1.77668641754e-06, 6.50257447887e-07, 5.25622434466e-09, 5.74925523855e-11, 2.00190974908e-11, 1.80157815749e-11, 1.85481248416e-11, 1.97611770697e-11, 1.99564722386e-11, 1.47045500776e-11, 1.37790152552e-11, 1.32155866112e-11, 1.26619157867e-11, 1.21364845257e-11, 1.16207894002e-11, 1.11627521462e-11, 1.08019279285e-11, 1.04534722892e-11, 1.0155283732e-11, 9.83651181341e-12, 9.60158168251e-12, 9.33102293349e-12, 9.07563434127e-12, 8.88872829508e-12, 8.74018565855e-12, 8.55407845252e-12, 8.27777516671e-12, 7.88502770022e-12, 7.6455187667e-12, 7.58252228367e-12],
        "min": [1.35044633254e-08, 1.43427072885e-07, 1.19814706068e-06, 3.5081209262e-06, 1.01732575786e-06, 2.83764802589e-06, 2.8314411793e-06, 1.96069754566e-06, 4.19627758674e-06, 1.7135738517e-06, 2.98548206956e-06, 1.19184960568e-06, 3.95699686351e-07, 2.02787077797e-06, 1.46075660723e-06, 2.64993019528e-07, 7.2777851301e-07, 1.50803975885e-06, 1.15467116757e-06, 8.74678448781e-07, 4.24872013127e-07, 1.34394110773e-06, 9.42225369727e-07, 7.77973752975e-07, 4.91915216116e-07, 1.20051583963e-06, 1.0403171018e-06, 5.63645073726e-07, 6.41456040285e-07, 4.08226526361e-07, 1.34828127329e-07, 1.35107043775e-07, 1.60264647775e-07, 4.23876713285e-07, 1.67908297044e-07, 1.17148402978e-07, 4.43920065152e-08, 2.767195042e-07, 1.57217144192e-07, 5.01538465869e-07, 4.47972610118e-07, 1.03180774147e-07, 1.66258146805e-07, 4.45273371952e-07, 3.28709234054e-07, 5.43920634755e-07, 8.93608898878e-07, 6.0722931039e-07, 8.55774203501e-07, 5.12785163664e-07, 1.01778846329e-06, 9.52964455792e-07, 1.15009845558e-06, 1.61486104844e-06, 7.52390349135e-07, 1.03145771391e-06, 9.73308033281e-07, 9.71013037088e-07, 1.41177679325e-06, 1.94341760107e-06, 1.3857400063e-06, 3.15862251909e-07, 5.10917857355e-07, 3.23702209926e-07, 3.04127212303e-07, 2.12761136709e-07, 2.92039459282e-07, 3.20452301139e-07, 2.95293858699e-07, 2.35754683331e-07, 8.27728641184e-08, 1.91348092926e-07, 2.61243570776e-07, 1.61361882078e-07, 1.36518892191e-07, 3.29955334166e-08, 7.70270531802e-08, 1.14819506791e-07, 6.49685034659e-08, 5.16128544348e-08, 4.18031191884e-08, 3.27012124046e-08, 1.88850304284e-08, 8.25273893668e-09, 1.72292633493e-08, 1.58323203436e-08, 6.89672452481e-09, 7.76290232096e-09, 7.00523461461e-09, 5.1934092582e-09, 5.32482236082e-09, 3.15891468539e-09, 2.50441511973e-09, 2.96375834985e-09, 2.11867057232e-09, 2.01725947058e-09, 2.58732391067e-09, 3.28233262792e-09, 2.513859787e-09, 2.2876681105e-10, 3.36289286348e-12, 4.38035892281e-13, 3.96960865871e-13, 3.41970836414e-13, 3.17006756132e-13, 3.37417377025e-13, 2.72526711484e-13, 2.72617892887e-13, 2.98887189954e-13, 3.47117083341e-13, 3.67730802406e-13, 3.61278173176e-13, 3.1674611393e-13, 3.25975601763e-13, 2.86884041913e-13, 3.74184949518e-13, 3.10159477311e-13, 3.85436176248e-13, 3.43524525232e-13, 3.22282944689e-13, 3.39851546427e-13, 3.05681451289e-13, 3.43641754592e-13, 3.19367525047e-13, 3.0853954374e-13, 1.12960910157e-13, 1.25902757051e-14, 5.22571047578e-16],
        "stdev": [0.000124996091472, 0.00056054466404, 0.00120193872135, 0.00175796099938, 0.00185516453348, 0.00196465104818, 0.00198925589211, 0.00145707116462, 0.000875396188349, 0.00063646765193, 0.000488120684167, 0.000443892087787, 0.000398107658839, 0.000430994958151, 0.000624795793556, 0.000441788666649, 0.000245748029556, 0.000287055823719, 0.000493482279126, 0.0004803155025, 0.000700897478964, 0.000387768406654, 0.000494247069582, 0.000598187150899, 0.000983783742413, 0.00121983350255, 0.00044392424752, 0.000546641822439, 0.000332839350449, 0.000607662310358, 0.000470965140266, 0.000655749405269, 0.000607557420153, 0.000859313586261, 0.000340488855727, 0.000231699596043, 0.000227225013077, 0.000352724746335, 0.000271208729828, 0.000359425030183, 0.000531933677848, 0.000252484431257, 0.000282739987597, 0.00036202793126, 0.000248859490966, 0.000336446712026, 0.000356617907528, 0.000151318236021, 0.000148753839312, 0.000180612303666, 0.000176643501618, 0.000175855806447, 9.07539360924e-05, 7.88570687291e-05, 8.42221270432e-05, 0.000106823004899, 7.22661861801e-05, 5.69856820221e-05, 5.76958154852e-05, 7.49566097511e-05, 4.9309219321e-05, 3.6108383938e-05, 3.55906086043e-05, 2.60279430222e-05, 2.01395814656e-05, 1.90571827261e-05, 3.30641960318e-05, 2.56491948676e-05, 1.91340677702e-05, 1.57757531269e-05, 1.07382775241e-05, 1.19357282529e-05, 8.13460701465e-06, 6.93593528922e-06, 7.298905075e-06, 1.04714972622e-05, 7.2535781328e-06, 7.64426386013e-06, 5.67424058318e-06, 4.5124056669e-06, 4.46278636446e-06, 4.75485740026e-06, 3.53404675479e-06, 2.75274123851e-06, 2.72110696642e-06, 2.68520557256e-06, 2.52402264778e-06, 2.18946320274e-06, 2.24462246479e-06, 3.33284879162e-06, 6.712513823e-06, 5.28604095962e-06, 4.37730432168e-06, 5.73842271478e-06, 4.92018534715e-06, 6.07952506471e-06, 5.76908496441e-06, 4.83900475956e-06, 5.95903929934e-06, 2.78048537439e-06, 2.02904519853e-08, 5.88376458666e-10, 2.75478251321e-10, 2.59069682373e-10, 2.53080806312e-10, 2.42636133407e-10, 2.46908909984e-10, 2.11556189234e-10, 2.02255795445e-10, 1.94158258915e-10, 1.85560386501e-10, 1.77355810593e-10, 1.69779024173e-10, 1.63016433685e-10, 1.57770810305e-10, 1.52083665106e-10, 1.47732312494e-10, 1.42143394277e-10, 1.38207834066e-10, 1.33836233762e-10, 1.30386076935e-10, 1.27397217775e-10, 1.24989088524e-10, 1.22268778435e-10, 1.21031781819e-10, 1.19589366188e-10, 1.18269713467e-10, 1.17690066026e-10]
    },
    "mfcc": {
        "mean": [-587.740356445, 115.101036072, -32.5149383545, 27.0433387756, 5.09458112717, 10.5124073029, -2.23095917702, 17.0510482788, -3.28819155693, 13.3344573975, -7.51079273224, 6.41690349579, -10.4788293839],
        "cov": [[844.684326172, -159.725585938, -70.0103302002, -224.319442749, -71.922454834, 32.5962333679, 93.0237350464, 30.3515129089, -10.4119119644, -7.12370061874, 2.43863344193, -48.0819587708, -43.6869468689], [-159.725585938, 382.787231445, -161.346130371, 7.65057373047, -54.713104248, 9.4412689209, 29.1913261414, 23.5173587799, -8.93701076508, 10.0399627686, 11.078086853, 4.86576366425, -20.4759254456], [-70.0103302002, -161.346130371, 301.84362793, 86.0841293335, 90.7447814941, -35.7269325256, -53.8753738403, -37.7179107666, -4.08808660507, -21.6668205261, -15.766954422, 13.2876939774, 22.761674881], [-224.319442749, 7.65057373047, 86.0841293335, 313.870300293, 63.14661026, -3.64020347595, -136.148345947, -47.9887504578, 15.9375810623, 23.2893371582, -25.6555747986, 13.3672895432, 17.4962921143], [-71.922454834, -54.713104248, 90.7447814941, 63.14661026, 159.723495483, -34.7147293091, -41.8205451965, -47.0632247925, 6.5426902771, -2.40387964249, -15.2628479004, 1.64601624012, 22.6955928802], [32.5962333679, 9.4412689209, -35.7269325256, -3.64020347595, -34.7147293091, 111.863189697, 57.8452568054, 29.4616622925, -20.4013347626, -12.1328382492, 2.38911938667, -0.729433298111, -7.40062713623], [93.0237350464, 29.1913261414, -53.8753738403, -136.148345947, -41.8205451965, 57.8452568054, 193.130615234, 66.5796203613, -5.03507041931, -40.997718811, 11.4138050079, -3.13963270187, -7.91172647476], [30.3515129089, 23.5173587799, -37.7179107666, -47.9887504578, -47.0632247925, 29.4616622925, 66.5796203613, 92.9557647705, 20.3762969971, 9.36419296265, 4.04170846939, -0.443208217621, -17.4405059814], [-10.4119119644, -8.93701076508, -4.08808660507, 15.9375810623, 6.5426902771, -20.4013347626, -5.03507041931, 20.3762969971, 82.093460083, 31.2784175873, 8.71950340271, -10.2342691422, -6.10548400879], [-7.12370061874, 10.0399627686, -21.6668205261, 23.2893371582, -2.40387964249, -12.1328382492, -40.997718811, 9.36419296265, 31.2784175873, 82.2397537231, 19.2652988434, -5.31972074509, -13.5754375458], [2.43863344193, 11.078086853, -15.766954422, -25.6555747986, -15.2628479004, 2.38911938667, 11.4138050079, 4.04170846939, 8.71950340271, 19.2652988434, 55.2903366089, 5.87058210373, -1.44605541229], [-48.0819587708, 4.86576366425, 13.2876939774, 13.3672895432, 1.64601624012, -0.729433298111, -3.13963270187, -0.443208217621, -10.2342691422, -5.31972074509, 5.87058210373, 56.6290473938, 15.1176252365], [-43.6869468689, -20.4759254456, 22.761674881, 17.4962921143, 22.6955928802, -7.40062713623, -7.91172647476, -17.4405059814, -6.10548400879, -13.5754375458, -1.44605541229, 15.1176252365, 58.1460723877]],
        "icov": [[0.00182878808118, 0.00102248380426, 0.000438001938164, 0.00101048033684, 0.000439743424067, -0.000260165950749, -0.000218578075874, 0.000450626714155, 0.000176270114025, -0.000296666868962, 0.000466210825834, 0.00081187998876, 0.000908997841179], [0.00102248380426, 0.00435118330643, 0.00244949641638, -0.000829326978419, 0.000503749470226, 0.00121575128287, -0.00115736294538, -0.00015141145559, 0.00129044835921, -8.89753646334e-05, -0.000392639864003, -7.62165946071e-05, 0.00147114961874], [0.000438001938164, 0.00244949641638, 0.00580506911501, -0.00134000554681, -0.00176944525447, 0.00155554909725, -8.46146213007e-05, -0.000662622042, 0.000945573905483, 0.00171442516148, -0.000632723153103, -0.000596015248448, 0.000639597419649], [0.00101048033684, -0.000829326978419, -0.00134000554681, 0.00689416145906, -0.000783981929999, -0.00378637760878, 0.00447907904163, 0.000862260756548, -0.00244849501178, -0.000337132340064, 0.00247008912265, -0.000760102353524, -0.00046734357602], [0.000439743424067, 0.000503749470226, -0.00176944525447, -0.000783981929999, 0.00949947722256, 0.0014486348955, -0.00164038385265, 0.00412465399131, -0.0011090823682, -0.00138066441286, 0.00217159581371, 0.000481592083815, -0.00158315896988], [-0.000260165950749, 0.00121575128287, 0.00155554909725, -0.00378637760878, 0.0014486348955, 0.0139915943146, -0.00515020964667, -0.00241588847712, 0.00496111251414, -0.000286818685709, -0.00126164488029, 0.000835037848447, 0.000758505775593], [-0.000218578075874, -0.00115736294538, -8.46146213007e-05, 0.00447907904163, -0.00164038385265, -0.00515020964667, 0.013492833823, -0.0064874435775, -0.00207497179508, 0.00670405104756, -0.00230253627524, 0.0002591444063, -0.000788907927927], [0.000450626714155, -0.00015141145559, -0.000662622042, 0.000862260756548, 0.00412465399131, -0.00241588847712, -0.0064874435775, 0.0202642735094, -0.00523074809462, -0.00485597271472, 0.00417892681435, -0.0025455954019, 0.00264595844783], [0.000176270114025, 0.00129044835921, 0.000945573905483, -0.00244849501178, -0.0011090823682, 0.00496111251414, -0.00207497179508, -0.00523074809462, 0.0179257690907, -0.00501415412873, -0.00227986602113, 0.00335345673375, -5.04465424456e-05], [-0.000296666868962, -8.89753646334e-05, 0.00171442516148, -0.000337132340064, -0.00138066441286, -0.000286818685709, 0.00670405104756, -0.00485597271472, -0.00501415412873, 0.0207158941776, -0.00746730342507, 0.000802992959507, 0.00304975733161], [0.000466210825834, -0.000392639864003, -0.000632723153103, 0.00247008912265, 0.00217159581371, -0.00126164488029, -0.00230253627524, 0.00417892681435, -0.00227986602113, -0.00746730342507, 0.0232420582324, -0.00347456522286, -0.00085302547086], [0.00081187998876, -7.62165946071e-05, -0.000596015248448, -0.000760102353524, 0.000481592083815, 0.000835037848447, 0.0002591444063, -0.0025455954019, 0.00335345673375, 0.000802992959507, -0.00347456522286, 0.0209791734815, -0.00476605584845], [0.000908997841179, 0.00147114961874, 0.000639597419649, -0.00046734357602, -0.00158315896988, 0.000758505775593, -0.000788907927927, 0.00264595844783, -5.04465424456e-05, 0.00304975733161, -0.00085302547086, -0.00476605584845, 0.0216147713363]]
    },
    "spectral_contrast_coeffs": {
        "max": [-0.525309383869, -0.507296919823, -0.539561510086, -0.631586253643, -0.680183291435, -0.584829092026],
        "mean": [-0.747021973133, -0.762185156345, -0.723794937134, -0.757409751415, -0.770610451698, -0.702531099319],
        "min": [-0.885694622993, -0.9163839221, -0.894745647907, -0.877061903477, -0.843141257763, -0.832951426506],
        "stdev": [0.0534030385315, 0.0603939220309, 0.0612428747118, 0.0414165966213, 0.0270849503577, 0.0291603282094]
    },
    "spectral_contrast_valleys": {
        "max": [-4.73429489136, -5.05426120758, -5.56814432144, -5.76693820953, -5.65398359299, -8.64760875702],
        "mean": [-6.39555597305, -6.42792320251, -6.9240527153, -6.77274703979, -6.69113540649, -10.3700313568],
        "min": [-8.22833156586, -7.91289806366, -8.97656726837, -8.34401035309, -8.32309150696, -12.8771276474],
        "stdev": [0.399896979332, 0.398019939661, 0.524448156357, 0.366019904613, 0.318385630846, 0.52244746685]
    }
},
"rhythm": {
    "beats_count": 70,
    "beats_loudness": {
        "max": 0.073120214045,
        "mean": 0.0377634726465,
        "min": 0.0109886936843,
        "stdev": 0.0116007300094
    },
    "bpm": 93.9018325806,
    "bpm_histogram_first_peak_bpm": 94,
    "bpm_histogram_first_peak_weight": 0.530303001404,
    "bpm_histogram_second_peak_bpm": 103,
    "bpm_histogram_second_peak_spread": 0.333333313465,
    "bpm_histogram_second_peak_weight": 0.0289855077863,
    "danceability": 1.00164556503,
    "onset_rate": 2.12073588371,
    "beats_loudness_band_ratio": {
        "max": [0.897638380527, 0.413178533316, 0.595325767994, 0.518630027771, 0.414350777864, 0.211139082909],
        "mean": [0.341344028711, 0.0925211310387, 0.160354748368, 0.18809774518, 0.181987211108, 0.068984143436],
        "min": [0.064470551908, 0.0239561144263, 0.0208942219615, 0.0134961241856, 0.0372518673539, 0.0141653725877],
        "stdev": [0.147861406207, 0.0665125697851, 0.123625397682, 0.138072147965, 0.090245693922, 0.0307989362627]
    },
    "beats_position": [0.557278871536, 1.13777780533, 1.71827661991, 2.32199549675, 2.94893407822, 3.59909296036, 4.23764181137, 4.88780021667, 5.52634906769, 6.1648979187, 6.80344676971, 7.4303855896, 8.06893444061, 8.70748329163, 9.33442115784, 9.98458003998, 10.623128891, 11.261677742, 11.8886165619, 12.538775444, 13.1657142639, 13.8158731461, 14.4428119659, 15.0929698944, 15.7315187454, 16.3700675964, 17.0086174011, 17.6471652985, 18.2741031647, 18.9242630005, 19.5512008667, 20.2013607025, 20.8282985687, 21.4668483734, 22.1053962708, 22.7555541992, 23.3941040039, 24.0326519012, 24.6595916748, 25.3097496033, 25.948299408, 26.5868473053, 27.22539711, 27.8639450073, 28.4908847809, 29.1410427094, 29.7679805756, 30.4181404114, 31.0450782776, 31.6836280823, 32.322177887, 32.960723877, 33.5992736816, 34.2378234863, 34.8879814148, 35.5265312195, 36.1534690857, 36.8036270142, 37.4305648804, 38.0807266235, 38.7192726135, 39.3578224182, 39.9847602844, 40.6233100891, 41.2618598938, 41.9120178223, 42.550567627, 43.2007255554, 43.8508834839, 44.5010414124],
