{
"metadata": {
    "version": {
        "essentia": "2.1-beta5",
        "essentia_git_sha": "Undefined",
        "extractor": "music 2.0"
    },
    "audio_properties": {
        "analysis": {
            "equal_loudness": 0,
            "length": 32.4963264465,
            "sample_rate": 44100,
            "start_time": 29.0017242432,
            "downmix": "mix"
        },
        "bit_rate": 192000,
        "length": 239.827316284,
        "lossless": 0,
        "number_channels": 2,
        "replay_gain": 1.46055412292,
        "sample_rate": 48000,
        "codec": "mp3",
        "md5_encoded": "2c4ec9ba387abea9879d83b13910c52b"
    },
    "tags": {
        "file_name": "Greece_OPA_Giorgos Alkaios _ Friends.mp3",
        "encoding": ["Lavf58.29.100"]
    }
},
"lowlevel": {
    "average_loudness": 0.344568133354,
    "barkbands_crest": {
        "max": 22.6403617859,
        "mean": 8.83956813812,
        "min": 2.58129310608,
        "stdev": 4.27277851105
    },
    "barkbands_flatness_db": {
        "max": 0.321255236864,
        "mean": 0.152707919478,
        "min": 0.0606797672808,
        "stdev": 0.0353511497378
    },
    "barkbands_kurtosis": {
        "max": 49.0679092407,
        "mean": 1.44192051888,
        "min": -1.55083727837,
        "stdev": 3.39007902145
    },
    "barkbands_skewness": {
        "max": 6.48551177979,
        "mean": 0.989643096924,
        "min": -0.867934882641,
        "stdev": 0.953016996384
    },
    "barkbands_spread": {
        "max": 63.1698455811,
        "mean": 24.007068634,
        "min": 4.59617233276,
        "stdev": 11.3378381729
    },
    "dissonance": {
        "max": 0.499999970198,
        "mean": 0.482708364725,
        "min": 0.368656307459,
        "stdev": 0.0160555634648
    },
    "dynamic_complexity": 5.18676042557,
    "erbbands_crest": {
        "max": 24.6826629639,
        "mean": 7.510201931,
        "min": 2.36945915222,
        "stdev": 3.60275745392
    },
    "erbbands_flatness_db": {
        "max": 0.377792209387,
        "mean": 0.19976593554,
        "min": 0.112855501473,
        "stdev": 0.0574159547687
    },
    "erbbands_kurtosis": {
        "max": 8.93762683868,
        "mean": 0.415674954653,
        "min": -1.51301324368,
        "stdev": 1.266528368
    },
    "erbbands_skewness": {
        "max": 2.5946264267,
        "mean": 0.315764516592,
        "min": -0.997662007809,
        "stdev": 0.503348529339
    },
    "erbbands_spread": {
        "max": 101.385688782,
        "mean": 31.7525901794,
        "min": 8.05386352539,
        "stdev": 17.7538909912
    },
    "hfc": {
        "max": 217.960586548,
        "mean": 14.8942632675,
        "min": 0.162014141679,
        "stdev": 21.6446456909
    },
    "loudness_ebu128": {
        "integrated": -25.7845172882,
        "loudness_range": 9.34427452087,
        "momentary": {
            "max": -18.690694809,
            "mean": -27.6765117645,
            "min": -37.7304458618,
            "stdev": 4.21427536011
        },
        "short_term": {
            "max": -21.7954616547,
            "mean": -27.3679866791,
            "min": -34.7844085693,
            "stdev": 3.53028917313
        }
    },
    "melbands_crest": {
        "max": 35.4673347473,
        "mean": 13.6645641327,
        "min": 3.68805217743,
        "stdev": 6.54507875443
    },
    "melbands_flatness_db": {
        "max": 0.323393076658,
        "mean": 0.163183391094,
        "min": 0.0358074344695,
        "stdev": 0.0422055087984
    },
    "melbands_kurtosis": {
        "max": 150.115112305,
        "mean": 8.21311569214,
        "min": -1.16354763508,
        "stdev": 13.2832145691
    },
    "melbands_skewness": {
        "max": 10.5643768311,
        "mean": 1.99895358086,
        "min": -0.597977340221,
        "stdev": 1.66934716702
    },
    "melbands_spread": {
        "max": 94.7950057983,
        "mean": 27.6987762451,
        "min": 2.63647532463,
        "stdev": 12.7819414139
    },
    "pitch_salience": {
        "max": 0.853190600872,
        "mean": 0.600013375282,
        "min": 0.14545238018,
        "stdev": 0.138378739357
    },
    "silence_rate_20dB": {
        "max": 1,
        "mean": 1,
        "min": 1,
        "stdev": 0
    },
    "silence_rate_30dB": {
        "max": 1,
        "mean": 0.987152040005,
        "min": 0,
        "stdev": 0.112618461251
    },
    "silence_rate_60dB": {
        "max": 1,
        "mean": 0.254104197025,
        "min": 0,
        "stdev": 0.435360103846
    },
    "spectral_centroid": {
        "max": 3592.69213867,
        "mean": 1724.7166748,
        "min": 644.027282715,
        "stdev": 394.419158936
    },
    "spectral_complexity": {
        "max": 49,
        "mean": 15.858672142,
        "min": 0,
        "stdev": 9.89639377594
    },
    "spectral_decrease": {
        "max": -2.86780321712e-11,
        "mean": -4.35832703261e-09,
        "min": -6.07600014746e-08,
        "stdev": 5.77619774234e-09
    },
    "spectral_energy": {
        "max": 0.249092042446,
        "mean": 0.0178002975881,
        "min": 0.000122933051898,
        "stdev": 0.0235224422067
    },
    "spectral_energyband_high": {
        "max": 0.00420929817483,
        "mean": 0.000571891549043,
        "min": 5.50202457816e-06,
        "stdev": 0.000718115828931
    },
    "spectral_energyband_low": {
        "max": 0.0694597065449,
        "mean": 0.00720598408952,
        "min": 2.35809167748e-07,
        "stdev": 0.0113783674315
    },
    "spectral_energyband_middle_high": {
        "max": 0.122949562967,
        "mean": 0.0059474487789,
        "min": 3.54998664989e-05,
        "stdev": 0.0111892726272
    },
    "spectral_energyband_middle_low": {
        "max": 0.181435823441,
        "mean": 0.00460956757888,
        "min": 4.80587987113e-05,
        "stdev": 0.0107797076926
    },
    "spectral_entropy": {
        "max": 8.60365009308,
        "mean": 7.8265337944,
        "min": 6.94291830063,
        "stdev": 0.226982027292
    },
    "spectral_flux": {
        "max": 0.396982252598,
        "mean": 0.0674653127789,
        "min": 0.0118002463132,
        "stdev": 0.0503800585866
    },
    "spectral_kurtosis": {
        "max": 12.6230144501,
        "mean": 2.64757204056,
        "min": -0.541489601135,
        "stdev": 2.16480398178
    },
    "spectral_rms": {
        "max": 0.0155889904127,
        "mean": 0.00348613411188,
        "min": 0.000346315879142,
        "stdev": 0.00228320015594
    },
    "spectral_rolloff": {
        "max": 7364.35546875,
        "mean": 1639.81213379,
        "min": 64.599609375,
        "stdev": 914.501708984
    },
    "spectral_skewness": {
        "max": 2.32737755775,
        "mean": 1.18427681923,
        "min": 0.307911068201,
        "stdev": 0.341611623764
    },
    "spectral_spread": {
        "max": 17351720,
        "mean": 3742218.5,
        "min": 2095608.5,
        "stdev": 1013551.1875
    },
    "spectral_strongpeak": {
        "max": 10.8429813385,
        "mean": 0.728180110455,
        "min": 0,
        "stdev": 1.445551157
    },
    "zerocrossingrate": {
        "max": 0.19677734375,
        "mean": 0.0668575912714,
        "min": 0.0166015625,
        "stdev": 0.0207813773304
    },
    "barkbands": {
        "max": [0.0121534904465, 0.0602467395365, 0.041612431407, 0.0166336670518, 0.0230089835823, 0.0109144635499, 0.0645225346088, 0.0672045052052, 0.148168921471, 0.145758762956, 0.0626424998045, 0.0466110147536, 0.0277907885611, 0.0127031821758, 0.00584246218204, 0.00243279500864, 0.00943827629089, 0.00685656676069, 0.00391005957499, 0.00143331196159, 0.00158917508088, 0.00162287068088, 0.001488035894, 0.000796822889242, 0.000108229098259, 2.20744009738e-08, 2.34398314092e-08],
        "mean": [0.000771628809161, 0.00462639750913, 0.00150666863192, 0.000626130320597, 0.000832101446576, 0.000359215104254, 0.000444008270279, 0.000703707744833, 0.0011444640113, 0.00129939697217, 0.000768076162785, 0.00130461307708, 0.000875144382007, 0.000504348950926, 0.000261585140834, 0.000193824249436, 0.000359600642696, 0.000398966687499, 0.000189804486581, 0.000133154084324, 0.00015193328727, 0.00012357266678, 0.000123187041027, 9.45519641391e-05, 4.21569757236e-06, 8.51549775138e-10, 9.25813536945e-10],
        "min": [1.20274512572e-09, 1.65850408962e-08, 3.31955902766e-08, 8.30096258397e-09, 3.24865993662e-07, 1.24768632759e-06, 7.45797478885e-07, 1.36360949909e-06, 4.04539105148e-06, 5.59994532523e-07, 6.85748204887e-07, 5.33786533197e-06, 2.40595932155e-06, 5.21284800925e-06, 3.96107964207e-07, 2.44809683636e-07, 2.83302938442e-06, 2.79496475741e-06, 3.35436220666e-06, 2.4299015422e-06, 1.409363108e-06, 6.5118956627e-07, 5.05893240188e-07, 2.11426694818e-07, 8.09871991692e-09, 1.3585506331e-10, 2.10968201242e-10],
        "stdev": [0.00152352754958, 0.00811042357236, 0.00352105963975, 0.00144177384209, 0.0017565562157, 0.000830053817481, 0.0023015437182, 0.00359728280455, 0.00581723777577, 0.00597754726186, 0.00251759425737, 0.00424881884828, 0.00256015895866, 0.0010516110342, 0.000406637700507, 0.000229912955547, 0.000872096512467, 0.000896652752999, 0.000326942943502, 0.000185794793651, 0.000223059454584, 0.000186706369277, 0.000173796448507, 0.00012401312415, 7.82546976552e-06, 1.57440549486e-09, 1.6231480604e-09]
    },
    "erbbands": {
        "max": [2.19008183479, 12.5500602722, 37.2695198059, 55.9469718933, 85.3650970459, 58.2915077209, 89.7526855469, 146.538497925, 973.807250977, 1368.69213867, 1458.68811035, 2617.77514648, 4909.85009766, 1243.28918457, 2075.05249023, 2206.65307617, 1190.35339355, 768.367248535, 341.905670166, 209.928039551, 154.649398804, 654.090515137, 448.451873779, 263.111755371, 79.8228530884, 68.5743331909, 74.1021499634, 48.2595100403, 65.1698684692, 48.9419441223, 44.7545089722, 16.4314651489, 20.4303684235, 2.43030381203, 0.0588969364762, 0.00292589142919, 0.000386131752748, 8.48575946293e-05, 0.000136989896419, 0.000295766803902],
        "mean": [0.199091553688, 0.780127048492, 1.7098031044, 2.09215402603, 2.53399538994, 2.57268333435, 2.7957239151, 2.99051761627, 6.77441883087, 8.13271903992, 16.8594341278, 24.220867157, 42.2801208496, 32.9863128662, 36.8838119507, 52.6507530212, 43.7591743469, 26.8365821838, 18.9574623108, 11.8405265808, 11.8024969101, 21.8200244904, 22.2183799744, 15.3288497925, 7.15055847168, 6.36067867279, 6.45208454132, 5.48924970627, 4.55841779709, 3.9672369957, 3.46656799316, 1.99406445026, 1.51515865326, 0.183668896556, 0.00478886859491, 0.000315607205266, 5.01612594235e-05, 1.1942396668e-05, 1.22615801956e-05, 2.20681577048e-05],
        "min": [4.45701203944e-07, 6.60694286125e-06, 5.28839882463e-05, 0.000187921905308, 0.000267319031991, 0.00260608526878, 0.00304377847351, 0.0139760468155, 0.016653303057, 0.0377265624702, 0.0759009793401, 0.0973683968186, 0.0225276648998, 0.0270977653563, 0.132823511958, 0.289650827646, 0.133571609855, 0.26973810792, 0.257257372141, 0.0192817151546, 0.0400562100112, 0.18294891715, 0.195665791631, 0.129553675652, 0.137494340539, 0.122162222862, 0.073487572372, 0.0355750881135, 0.0259910579771, 0.0179292410612, 0.0144048435614, 0.00457837898284, 0.00251555256546, 0.000306064437609, 1.32723816932e-05, 2.64706432063e-06, 8.72751456882e-07, 3.16040740245e-07, 2.85177748083e-07, 2.25444267699e-07],
        "stdev": [0.367257893085, 1.44266366959, 3.52094936371, 5.05331134796, 6.0533285141, 5.35881662369, 5.86918830872, 7.95003700256, 34.0023040771, 47.0515441895, 74.5364685059, 122.462356567, 218.455688477, 91.0201644897, 97.5017547607, 180.910491943, 123.420707703, 64.6925125122, 28.0026283264, 14.7147302628, 15.9751605988, 52.634552002, 53.0018310547, 27.9678020477, 9.8654499054, 8.93230724335, 9.88821315765, 8.00217342377, 6.94999694824, 5.9969329834, 4.94071674347, 2.58755016327, 2.16705918312, 0.261700421572, 0.00663284119219, 0.000409120693803, 5.89606897847e-05, 1.34657875606e-05, 1.46580377987e-05, 2.84692669084e-05]
    },
    "gfcc": {
        "mean": [-63.1098594666, 109.575881958, -178.928283691, 50.20520401, -72.4204559326, 35.687461853, -21.3935451508, -1.46150565147, -0.247001156211, -23.7241477966, 9.67918300629, -17.6778354645, 5.45558929443],
        "cov": [[5488.38378906, 280.756195068, 1535.97595215, 1226.54174805, 173.54083252, 515.928588867, 157.840301514, 119.768928528, -38.3182029724, 107.284309387, 124.900817871, 90.9616394043, -57.5539627075], [280.756195068, 739.194396973, 602.820068359, 303.516815186, 293.787536621, 137.018005371, 60.0504951477, 59.6545982361, 59.7875404358, 35.2589607239, 53.6907348633, -48.0886383057, 44.721736908], [1535.97595215, 602.820068359, 1575.73583984, 980.341064453, 291.806854248, 448.765899658, -46.5516281128, 114.253730774, -17.230676651, 127.482131958, 51.9099235535, -51.6436004639, 51.6025505066], [1226.54174805, 303.516815186, 980.341064453, 756.685546875, 219.669174194, 306.31918335, 14.4878015518, 48.0159301758, -15.2219028473, 66.4839248657, 20.5398082733, -22.7528591156, 16.0873622894], [173.54083252, 293.787536621, 291.806854248, 219.669174194, 243.80682373, 151.060516357, 67.3558425903, 46.765827179, 26.5163135529, 10.2662334442, 24.3268489838, -20.4776477814, 27.186964035], [515.928588867, 137.018005371, 448.765899658, 306.31918335, 151.060516357, 266.918395996, 47.4032592773, 58.8721542358, -4.8823261261, 28.4215736389, 12.3618555069, -10.8842916489, 19.7083797455], [157.840301514, 60.0504951477, -46.5516281128, 14.4878015518, 67.3558425903, 47.4032592773, 163.302749634, 40.830783844, 46.0402107239, -16.8794536591, 16.5883083344, 21.8253307343, -18.1470184326], [119.768928528, 59.6545982361, 114.253730774, 48.0159301758, 46.765827179, 58.8721542358, 40.830783844, 92.3373718262, 33.0207939148, 15.4927473068, 20.0281162262, -3.0851123333, 0.674362182617], [-38.3182029724, 59.7875404358, -17.230676651, -15.2219028473, 26.5163135529, -4.8823261261, 46.0402107239, 33.0207939148, 83.6965103149, 27.732542038, 20.6654148102, 9.21210575104, -1.19091880322], [107.284309387, 35.2589607239, 127.482131958, 66.4839248657, 10.2662334442, 28.4215736389, -16.8794536591, 15.4927473068, 27.732542038, 81.2867584229, 30.5232276917, -6.27691602707, 20.6301555634], [124.900817871, 53.6907348633, 51.9099235535, 20.5398082733, 24.3268489838, 12.3618555069, 16.5883083344, 20.0281162262, 20.6654148102, 30.5232276917, 66.1937179565, 34.5279388428, 3.31765031815], [90.9616394043, -48.0886383057, -51.6436004639, -22.7528591156, -20.4776477814, -10.8842916489, 21.8253307343, -3.0851123333, 9.21210575104, -6.27691602707, 34.5279388428, 63.7714233398, 7.10075426102], [-57.5539627075, 44.721736908, 51.6025505066, 16.0873622894, 27.186964035, 19.7083797455, -18.1470184326, 0.674362182617, -1.19091880322, 20.6301555634, 3.31765031815, 7.10075426102, 59.4470596313]],
        "icov": [[0.000366652355297, -0.000212029510294, 0.000185583747225, -0.000800938694738, 0.000669542991091, -0.000266561954049, -0.000286691880319, -0.000304214278003, 0.000472162035294, -0.00028683047276, -0.000160927738762, -0.000626079912763, 0.000461005751276], [-0.000212029510294, 0.00853984616697, -0.00789131596684, 0.00670933397487, -0.00824339874089, 0.00595507631078, -0.00442584231496, 0.00581325450912, -0.00490176444873, 0.00621890742332, -0.00659071560949, 0.00825486332178, -0.0040913047269], [0.000185583747225, -0.00789131596684, 0.0128477625549, -0.0125981727615, 0.00914825871587, -0.00780103541911, 0.00699816364795, -0.00815564207733, 0.00355190504342, -0.00414113048464, 0.00105547776911, -0.00307287694886, 0.000820844259579], [-0.000800938694738, 0.00670933397487, -0.0125981727615, 0.0169133618474, -0.0114543633536, 0.00507635436952, -0.00510293059051, 0.00820140726864, -0.00189784832764, -0.000274235004326, 0.00370164006017, -0.00065536564216, 0.00236942456104], [0.000669542991091, -0.00824339874089, 0.00914825871587, -0.0114543633536, 0.0219753626734, -0.0104291336611, 0.0011269923998, -0.00422570854425, -0.00102294143289, 0.00551016908139, -0.00891722273082, 0.00707576191053, -0.00647235941142], [-0.000266561954049, 0.00595507631078, -0.00780103541911, 0.00507635436952, -0.0104291336611, 0.0154329547659, -0.00591827183962, 0.000631212024018, 0.00175930710975, -0.000495459942613, 0.00194245472085, 0.00051403377438, -0.00146347715054], [-0.000286691880319, -0.00442584231496, 0.00699816364795, -0.00510293059051, 0.0011269923998, -0.00591827183962, 0.0152898896486, -0.00632677506655, -0.0029148766771, -0.000625776301604, 0.00390526419505, -0.00762479938567, 0.00539567833766], [-0.000304214278003, 0.00581325450912, -0.00815564207733, 0.00820140726864, -0.00422570854425, 0.000631212024018, -0.00632677506655, 0.0227438062429, -0.00993043463677, 0.0078260153532, -0.0104343108833, 0.0114523125812, -0.00397431338206], [0.000472162035294, -0.00490176444873, 0.00355190504342, -0.00189784832764, -0.00102294143289, 0.00175930710975, -0.0029148766771, -0.00993043463677, 0.0270402207971, -0.0191109068692, 0.0125544155017, -0.0152658475563, 0.00897914543748], [-0.00028683047276, 0.00621890742332, -0.00414113048464, -0.000274235004326, 0.00551016908139, -0.000495459942613, -0.000625776301604, 0.0078260153532, -0.0191109068692, 0.0413625016809, -0.0337175317109, 0.0312969498336, -0.0205164197832], [-0.000160927738762, -0.00659071560949, 0.00105547776911, 0.00370164006017, -0.00891722273082, 0.00194245472085, 0.00390526419505, -0.0104343108833, 0.0125544155017, -0.0337175317109, 0.0584905222058, -0.0461700968444, 0.0218323133886], [-0.000626079912763, 0.00825486332178, -0.00307287694886, -0.00065536564216, 0.00707576191053, 0.00051403377438, -0.00762479938567, 0.0114523125812, -0.0152658475563, 0.0312969498336, -0.0461700968444, 0.0587162300944, -0.0254390724003], [0.000461005751276, -0.0040913047269, 0.000820844259579, 0.00236942456104, -0.00647235941142, -0.00146347715054, 0.00539567833766, -0.00397431338206, 0.00897914543748, -0.0205164197832, 0.0218323133886, -0.0254390724003, 0.0332494936883]]
    },
    "melbands": {
        "max": [0.0174319129437, 0.0135965468362, 0.00778825068846, 0.00568791525438, 0.00284637743607, 0.00449623493478, 0.0131525173783, 0.0162041690201, 0.0116129210219, 0.0212170146406, 0.0251128822565, 0.00550444237888, 0.00892871897668, 0.00476044276729, 0.00654314272106, 0.00360624399036, 0.00151817733422, 0.000742446165532, 0.000635057513136, 0.000110824272269, 0.000256856350461, 0.000676805153489, 0.000522485817783, 0.000269468582701, 0.000252467521932, 9.44568309933e-05, 4.71196945e-05, 5.49766991753e-05, 4.93133957207e-05, 5.69633302803e-05, 3.57358112524e-05, 4.09112180932e-05, 2.48210526479e-05, 3.00582814816e-05, 3.26835688611e-05, 1.88331032405e-05, 1.13657370093e-05, 1.39652602229e-05, 8.83048141986e-06, 5.78764002057e-07],
        "mean": [0.00151202152483, 0.000906473840587, 0.00037012991379, 0.000190030812519, 9.93370194919e-05, 7.35430439818e-05, 9.49118111748e-05, 0.000104779552203, 0.000141764641739, 0.000161503470736, 0.000213685838389, 0.000134950096253, 0.00011385948892, 0.000134080648422, 0.000138419418363, 7.25242789485e-05, 4.79179871036e-05, 3.24129287037e-05, 1.99642872758e-05, 1.29540312628e-05, 1.33085968628e-05, 2.15533727896e-05, 2.33806749748e-05, 1.70189596247e-05, 1.22482542793e-05, 6.05976083534e-06, 4.1830835471e-06, 4.1861999307e-06, 4.35401034338e-06, 3.21125480696e-06, 3.1825336464e-06, 2.7244229841e-06, 2.12618715523e-06, 2.24665859605e-06, 2.07358993976e-06, 1.56658359174e-06, 1.11230508537e-06, 1.19839762647e-06, 5.98877022639e-07, 1.42528193692e-08],
        "min": [3.20394755171e-09, 4.11291090074e-08, 4.87103122282e-08, 5.35069695218e-08, 1.39488150808e-07, 3.42854718838e-07, 2.26058844532e-07, 3.44763719795e-07, 8.84134408352e-07, 5.34776063432e-07, 9.35112325351e-08, 1.00074110776e-07, 2.29883994507e-07, 9.62115791481e-07, 3.92761563717e-07, 2.01322833959e-07, 5.10805932663e-07, 5.97666542035e-07, 1.70903557972e-08, 1.5818921284e-08, 4.95197802763e-08, 2.0231860276e-07, 1.62869284281e-07, 1.08317664171e-07, 6.02213816592e-08, 1.1199714578e-07, 7.14275927294e-08, 6.56235314977e-08, 4.41877503476e-08, 3.06449763343e-08, 1.23673657981e-08, 1.48644581088e-08, 1.16549223605e-08, 1.00494874644e-08, 7.69078845053e-09, 4.88129936471e-09, 2.08635486665e-09, 1.584436915e-09, 8.14865341869e-10, 1.91269534933e-11],
        "stdev": [0.00266423006542, 0.00162946945056, 0.000811547681224, 0.000414257374359, 0.000197765126359, 0.00020026252605, 0.000473388616228, 0.00060628313804, 0.000597628182732, 0.000865551002789, 0.0011087814346, 0.000396786315832, 0.000355795462383, 0.000364125357009, 0.000515716150403, 0.000221454145503, 0.000116966046335, 5.37499581696e-05, 3.4515880543e-05, 1.44664218169e-05, 2.11489605135e-05, 5.47186318727e-05, 5.82739703532e-05, 3.78744807676e-05, 2.36227551795e-05, 9.72588441073e-06, 6.12167468717e-06, 6.31658622297e-06, 6.7439978011e-06, 5.5194327615e-06, 4.86739145344e-06, 4.52149788543e-06, 3.20908429785e-06, 3.55306474376e-06, 3.1567105907e-06, 2.05856736102e-06, 1.60729950949e-06, 1.72356715211e-06, 9.24083622067e-07, 2.91641395478e-08]
    },
    "melbands128": {
        "max": [0.00975501723588, 0.0200196597725, 0.0276838261634, 0.0191277116537, 0.0168663915247, 0.0204402916133, 0.0136694740504, 0.00756823644042, 0.0106234839186, 0.00632380321622, 0.00270847557113, 0.00312673160806, 0.003749048803, 0.0022036023438, 0.0040563037619, 0.00500184250996, 0.0226167645305, 0.0129932742566, 0.00742043461651, 0.0167594570667, 0.0255569126457, 0.0151124633849, 0.0140662845224, 0.0123896719888, 0.0253772512078, 0.040530692786, 0.0338493846357, 0.0419406965375, 0.018650373444, 0.0088631156832, 0.00559025676921, 0.0109273009002, 0.0138049591333, 0.00606812117621, 0.0089094908908, 0.00658054277301, 0.01422998216, 0.0141572207212, 0.00589407561347, 0.00479063298553, 0.00655412627384, 0.00251821964048, 0.00210457411595, 0.00204808497801, 0.00215859385207, 0.0010137821082, 0.000659978482872, 0.00132953654975, 0.000401809986215, 0.000165236560861, 0.000176851084689, 0.000162427299074, 0.000325802189764, 0.000334904296324, 0.00102387589868, 0.0010148298461, 0.00151940714568, 0.000993342604488, 0.000818650063593, 0.000822532048915, 0.000503107730765, 0.00029659786378, 0.000346885295585, 0.000494674080983, 0.000215282896534, 0.000112162349978, 8.75170808285e-05, 8.53646415635e-05, 6.69487126288e-05, 7.29698949726e-05, 6.31791554042e-05, 8.57235281728e-05, 4.93421430292e-05, 8.51673394209e-05, 9.48879969656e-05, 9.62388949119e-05, 6.30532231298e-05, 4.23018100264e-05, 6.86072016833e-05, 4.95325111842e-05, 8.24398593977e-05, 4.8032925406e-05, 4.3712931074e-05, 2.43024132942e-05, 6.36986005702e-05, 4.90558995807e-05, 3.77622382075e-05, 5.24896713614e-05, 4.16437433159e-05, 3.43340798281e-05, 3.61747952411e-05, 1.98369853024e-05, 1.48973249452e-05, 1.00554716482e-05, 2.96497582895e-05, 2.87385246338e-05, 1.76910143637e-05, 4.00836543122e-05, 9.65746312431e-06, 6.25013535682e-06, 5.9971782207e-08, 9.17852738258e-10, 5.44091494081e-10, 3.69593800009e-10, 2.78859407787e-10, 4.07373634825e-10, 2.64612581846e-10, 1.58333082756e-10, 1.52577520063e-10, 1.46105724741e-10, 1.40095213208e-10, 1.34378980166e-10, 1.29327604181e-10, 1.24715390792e-10, 1.20680576643e-10, 1.16784443227e-10, 1.13741641106e-10, 1.09747474997e-10, 1.06190792271e-10, 1.03721822797e-10, 1.0099247133e-10, 9.87152581899e-11, 9.70513044929e-11, 9.52677589594e-11, 9.39728156402e-11, 9.19105902497e-11, 9.08842098801e-11, 9.03130972785e-11],
        "mean": [0.000685978855472, 0.00186681374907, 0.00170123495627, 0.00115015474148, 0.00093026808463, 0.000688619504217, 0.00044203089783, 0.000270360789727, 0.000259692082182, 0.00021556194406, 0.000124454061734, 0.000103591977677, 9.34767740546e-05, 9.57773372647e-05, 5.66414419154e-05, 5.21838082932e-05, 0.000132307264721, 0.000105295614048, 4.89502490382e-05, 7.19645686331e-05, 0.000151223415742, 0.000153892236995, 0.000131800639792, 0.000141658514622, 0.000140800926602, 0.000163704651641, 0.000223694034503, 0.000236760970438, 0.000191563667613, 0.000155084591825, 0.000104904334876, 0.000112497502414, 0.000109146560135, 0.000114988644782, 0.000142516932101, 0.000121556251543, 0.000150366016896, 0.000158265043865, 0.000126843937323, 8.2434838987e-05, 6.29648493486e-05, 4.97481923958e-05, 5.12026126671e-05, 3.89879533031e-05, 5.0376092986e-05, 2.59824992099e-05, 2.10426460399e-05, 2.56577714026e-05, 1.59585506481e-05, 1.24864336613e-05, 1.33623971124e-05, 1.18413599921e-05, 1.49169673023e-05, 1.19692258522e-05, 1.40601878229e-05, 2.38129814534e-05, 2.73559126072e-05, 2.22184698941e-05, 2.37809581449e-05, 2.22452526941e-05, 1.46638658407e-05, 1.43514025694e-05, 1.66929894476e-05, 9.26484790398e-06, 1.03503816717e-05, 5.44521753909e-06, 3.99816190111e-06, 4.42304690296e-06, 4.11172413806e-06, 4.19825573772e-06, 3.64806692232e-06, 5.03309956912e-06, 3.94556582251e-06, 4.92802473673e-06, 3.52078382093e-06, 3.32193053509e-06, 2.86603381028e-06, 3.22682808473e-06, 3.49711649505e-06, 2.74091962638e-06, 3.16871273753e-06, 2.51156143349e-06, 2.09637778426e-06, 1.94159929379e-06, 2.45115779762e-06, 1.96624364435e-06, 2.39147652792e-06, 2.32955471802e-06, 1.79543656031e-06, 2.21809273171e-06, 1.91860453924e-06, 1.29710520014e-06, 1.14014710562e-06, 9.03996522084e-07, 1.38680900363e-06, 1.07699952423e-06, 1.26033876313e-06, 1.15890702546e-06, 7.83738357768e-07, 1.96558687549e-07, 1.8154950876e-09, 1.57362855385e-11, 8.43618230828e-12, 7.58531085165e-12, 6.99115938751e-12, 7.65690809368e-12, 7.20402600421e-12, 6.08001930053e-12, 5.7932885919e-12, 5.57989114983e-12, 5.37240824744e-12, 5.21606542681e-12, 5.02359221929e-12, 4.81351980844e-12, 4.67245036065e-12, 4.57372984972e-12, 4.4777632123e-12, 4.39678458572e-12, 4.34502997818e-12, 4.22602144251e-12, 4.08619145464e-12, 4.03820596753e-12, 4.00952231486e-12, 3.90122439561e-12, 3.5485108775e-12, 2.92941213821e-12, 2.60636521046e-12, 2.54868652225e-12],
        "min": [1.87162924048e-10, 1.88154958281e-09, 1.08412490096e-09, 4.93342255936e-09, 9.94811788502e-09, 1.63652416063e-08, 1.390953841e-08, 3.53113649432e-09, 4.42401404399e-09, 4.65243559233e-08, 2.04100647494e-08, 1.00463431352e-07, 1.76749193059e-08, 5.29663211069e-08, 1.21216984894e-07, 9.35488841947e-08, 1.35410445523e-07, 1.07852471842e-07, 6.36245331975e-08, 5.8692886995e-08, 1.63969403388e-07, 1.51371722268e-07, 3.32586580498e-07, 5.25044015376e-07, 6.61541321278e-07, 3.55860265699e-07, 1.38824091778e-07, 4.94213274749e-08, 6.08849077821e-08, 1.09549709748e-07, 1.17095424912e-07, 8.08439182265e-08, 3.15138244389e-08, 2.08085268127e-07, 1.07970606678e-07, 3.02999325186e-07, 5.51127584458e-07, 2.60735021129e-07, 3.49636650299e-07, 3.35295482046e-07, 9.31214714228e-08, 1.33216474296e-07, 2.77247778513e-07, 2.70328428087e-07, 3.47552173707e-07, 3.18209487205e-07, 1.61838791257e-08, 1.92008862143e-08, 1.2236542446e-08, 1.49607704003e-08, 1.20721148633e-08, 2.00994563215e-08, 2.53070702172e-08, 2.26778880119e-08, 1.39212062322e-07, 2.17011333348e-07, 9.64842996609e-08, 9.88927126855e-08, 9.66007149827e-08, 8.26693238309e-08, 5.09294437734e-08, 2.03039487445e-08, 2.76358846918e-08, 5.21944514276e-08, 5.38605142708e-08, 7.8467778053e-08, 5.13092786036e-08, 5.92317448422e-08, 4.37154028532e-08, 3.65014756198e-08, 4.69662246871e-08, 4.72590144796e-08, 4.02569320102e-08, 2.42810838103e-08, 2.19569269433e-08, 1.58341109113e-08, 1.66946989566e-08, 8.95305252158e-09, 8.13142086997e-09, 1.26902266473e-08, 1.16904308456e-08, 6.75968969688e-09, 7.91341303596e-09, 7.97747556902e-09, 4.06783806639e-09, 5.08075670425e-09, 5.0439190602e-09, 6.19599083151e-09, 4.07710132322e-09, 4.38827596483e-09, 4.67381289226e-09, 3.71185771009e-09, 8.43429270869e-10, 1.19054854864e-09, 9.24021859028e-10, 1.50213919081e-09, 1.25753896185e-09, 1.11434250716e-09, 1.16003473494e-09, 3.35107025462e-10, 2.38073102898e-12, 5.2914416555e-13, 4.60084607131e-13, 6.04274714034e-13, 4.59004253876e-13, 5.60099330197e-13, 4.78288307397e-13, 5.26056032502e-13, 5.99459826396e-13, 4.90854210576e-13, 5.38765104578e-13, 3.80938309326e-13, 5.90457912598e-13, 5.20060936589e-13, 5.99912914484e-13, 5.85276998307e-13, 6.00578126727e-13, 5.72223366781e-13, 5.74740342124e-13, 5.93992899572e-13, 5.45767261679e-13, 6.34078347553e-13, 6.79481807191e-13, 5.9813444345e-13, 4.44513268425e-13, 1.58205615492e-13, 2.53010232123e-14, 6.56781141669e-16],
        "stdev": [0.00136511761229, 0.00353944557719, 0.00337078166194, 0.00217279023491, 0.0018688570708, 0.00173351669218, 0.00117927475367, 0.000625453307293, 0.000719888485037, 0.00048987811897, 0.000299049424939, 0.000228292832617, 0.00022247817833, 0.000236859239521, 0.000173865744728, 0.000212444021599, 0.000742151110899, 0.000550828699488, 0.000295523379464, 0.000554153579287, 0.00103778287303, 0.000933879171498, 0.000721057818737, 0.000665032246616, 0.000937705568504, 0.00134988641366, 0.0014600304421, 0.00164346641395, 0.000929356901906, 0.000631041533779, 0.000297051970847, 0.000466547062388, 0.000487190438434, 0.000345765001839, 0.000396574963816, 0.000467988429591, 0.000842370092869, 0.00088457914535, 0.000501543865539, 0.000328399852151, 0.000291946082143, 0.000196836932446, 0.000162401032867, 0.000114277157991, 0.00012820721895, 5.16073632753e-05, 4.06272774853e-05, 6.8997440394e-05, 2.54916158156e-05, 1.68977585417e-05, 1.93861578737e-05, 1.6124899048e-05, 2.56071652984e-05, 2.24869290832e-05, 5.41763765796e-05, 7.34904533601e-05, 0.000102922283986, 7.60986295063e-05, 7.72434141254e-05, 7.21418327885e-05, 4.43139979325e-05, 3.30979601131e-05, 4.37348462583e-05, 2.86079903162e-05, 2.14522624447e-05, 1.00130791907e-05, 7.53111771701e-06, 8.3357854237e-06, 7.13063900548e-06, 8.00411726232e-06, 6.87258307153e-06, 9.52050504566e-06, 6.78451624481e-06, 9.62711965258e-06, 7.25500694898e-06, 7.68003337726e-06, 5.44723661733e-06, 5.53682366444e-06, 6.56279826217e-06, 5.07706636199e-06, 6.7180840233e-06, 4.4223097575e-06, 3.54760913979e-06, 3.2098785141e-06, 4.55289500678e-06, 3.61634215551e-06, 4.02472096539e-06, 4.05924765801e-06, 3.34161131832e-06, 3.84546865462e-06, 2.9478860597e-06, 2.00331896849e-06, 1.74705689915e-06, 1.36461073907e-06, 2.70843747785e-06, 1.97050621864e-06, 2.0076824967e-06, 2.92792901746e-06, 1.28060150928e-06, 3.64059644653e-07, 3.88258714068e-09, 5.21456766656e-11, 2.49433980415e-11, 1.91183145704e-11, 1.62104184243e-11, 1.89513769261e-11, 1.58754329127e-11, 1.20314843158e-11, 1.12591229742e-11, 1.0574654867e-11, 9.9904867365e-12, 9.50316908499e-12, 9.10435615786e-12, 8.73901905701e-12, 8.42954265418e-12, 8.10413368357e-12, 7.86848364243e-12, 7.61626959417e-12, 7.38491646307e-12, 7.22154324187e-12, 6.98666168322e-12, 6.83757824665e-12, 6.71583665415e-12, 6.62852975633e-12, 6.52005272689e-12, 6.43261485744e-12, 6.37504458945e-12, 6.34003526762e-12]
    },
    "mfcc": {
        "mean": [-669.859313965, 104.927772522, -28.3930892944, 7.07139348984, -8.02442359924, 17.8282260895, 0.14182920754, 20.9480285645, -5.03217077255, 11.4333105087, -6.6309967041, 7.71051025391, -8.49397087097],
        "cov": [[4871.16650391, -259.371246338, 1215.76513672, 704.606506348, 307.855621338, 433.655456543, 315.434387207, 239.814178467, 29.49933815, -44.6446723938, 167.444869995, 219.301849365, -7.79483127594], [-259.371246338, 617.77722168, 143.660720825, 110.285934448, 189.553482056, 43.0778846741, 81.0419387817, 23.1200199127, 43.5426559448, 106.391838074, 9.27569675446, -12.404499054, 45.262260437], [1215.76513672, 143.660720825, 1345.50964355, 611.68145752, 538.975402832, 354.974090576, 247.481033325, 43.01795578, 62.9518585205, 152.373809814, -2.24109768867, 46.9622001648, 80.9104309082], [704.606506348, 110.285934448, 611.68145752, 423.721954346, 273.478515625, 200.072814941, 129.576324463, 48.1211090088, 30.6080989838, 76.0099411011, 16.4407749176, 25.78241539, 34.9575042725], [307.855621338, 189.553482056, 538.975402832, 273.478515625, 366.834136963, 189.970352173, 149.649887085, 20.1557941437, 51.5642089844, 105.331047058, -15.2154312134, -1.92566907406, 37.9194259644], [433.655456543, 43.0778846741, 354.974090576, 200.072814941, 189.970352173, 218.743774414, 127.163337708, 58.4015159607, 43.037147522, 55.9531707764, -0.386903762817, 18.327047348, 19.8814983368], [315.434387207, 81.0419387817, 247.481033325, 129.576324463, 149.649887085, 127.163337708, 156.171646118, 63.3029403687, 46.458770752, 43.4713821411, 13.1961259842, 9.32005405426, 14.8419446945], [239.814178467, 23.1200199127, 43.01795578, 48.1211090088, 20.1557941437, 58.4015159607, 63.3029403687, 154.418029785, 22.5964832306, 11.2130031586, 30.4694728851, 28.2531661987, 0.174871504307], [29.49933815, 43.5426559448, 62.9518585205, 30.6080989838, 51.5642089844, 43.037147522, 46.458770752, 22.5964832306, 81.690536499, 41.3006248474, 7.74568557739, -7.3874464035, 9.76145553589], [-44.6446723938, 106.391838074, 152.373809814, 76.0099411011, 105.331047058, 55.9531707764, 43.4713821411, 11.2130031586, 41.3006248474, 119.660163879, 10.9768161774, -2.19729137421, 23.9095973969], [167.444869995, 9.27569675446, -2.24109768867, 16.4407749176, -15.2154312134, -0.386903762817, 13.1961259842, 30.4694728851, 7.74568557739, 10.9768161774, 73.3592529297, 27.1705551147, 3.03364300728], [219.301849365, -12.404499054, 46.9622001648, 25.78241539, -1.92566907406, 18.327047348, 9.32005405426, 28.2531661987, -7.3874464035, -2.19729137421, 27.1705551147, 74.9398956299, 14.0687427521], [-7.79483127594, 45.262260437, 80.9104309082, 34.9575042725, 37.9194259644, 19.8814983368, 14.8419446945, 0.174871504307, 9.76145553589, 23.9095973969, 3.03364300728, 14.0687427521, 57.3421478271]],
        "icov": [[0.000424127880251, 0.000146896330989, -0.000310653238557, -0.000354864954716, 0.000293739023618, -0.0002223149786, -0.00030015403172, -0.000108873748104, -7.97399188741e-05, 0.000584801193327, -0.000628781388514, -0.00061864592135, 0.0005120136193], [0.000146896330989, 0.00246404204518, 0.000590167881455, -0.000685354927555, -0.00166342302691, 0.00125857908279, -0.000850161828566, -0.000328705064021, 7.15892892913e-05, -0.00102478452027, -0.000342136307154, 1.67596281244e-05, -0.00102613668423], [-0.000310653238557, 0.000590167881455, 0.00348046096042, -0.00263392040506, -0.00259812828153, 6.78734795656e-06, -0.000588650465943, 0.000757471076213, 0.000349881825969, -0.000885107845534, 0.000965341925621, -0.000600958475843, -0.00154165574349], [-0.000354864954716, -0.000685354927555, -0.00263392040506, 0.00854408927262, -0.00142223015428, -0.00257608457468, 0.00168050383218, -0.000794909894466, 0.00104546081275, 0.000165645673405, -0.00193332345225, 0.00113306986168, -2.11322694668e-05], [0.000293739023618, -0.00166342302691, -0.00259812828153, -0.00142223015428, 0.0118161831051, -0.0027017837856, -0.00383550068364, 0.00158694584388, 2.70634827757e-05, -0.00243484182283, 0.00228342763148, 0.000799377972726, 0.000690473010764], [-0.0002223149786, 0.00125857908279, 6.78734795656e-06, -0.00257608457468, -0.0027017837856, 0.0138420118019, -0.00543272262439, -0.00169127550907, -0.00141981756315, -0.00136234925594, 0.00310365227051, -0.00170553848147, -7.88443585975e-08], [-0.00030015403172, -0.000850161828566, -0.000588650465943, 0.00168050383218, -0.00383550068364, -0.00543272262439, 0.0172857306898, -0.00369279552251, -0.00369197595865, 0.00184029713273, -0.00247581908479, 0.00158932094928, -4.28637895311e-06], [-0.000108873748104, -0.000328705064021, 0.000757471076213, -0.000794909894466, 0.00158694584388, -0.00169127550907, -0.00369279552251, 0.00954040139914, -0.000808909535408, -0.000186131554074, -0.00155184185132, -0.0023291639518, 0.000993014546111], [-7.97399188741e-05, 7.15892892913e-05, 0.000349881825969, 0.00104546081275, 2.70634827757e-05, -0.00141981756315, -0.00369197595865, -0.000808909535408, 0.0176095068455, -0.00475187413394, -0.0012960586464, 0.00312261306681, -0.00147983117495], [0.000584801193327, -0.00102478452027, -0.000885107845534, 0.000165645673405, -0.00243484182283, -0.00136234925594, 0.00184029713273, -0.000186131554074, -0.00475187413394, 0.0149769391865, -0.00385869061574, 0.000415751390392, -0.00169076141901], [-0.000628781388514, -0.000342136307154, 0.000965341925621, -0.00193332345225, 0.00228342763148, 0.00310365227051, -0.00247581908479, -0.00155184185132, -0.0012960586464, -0.00385869061574, 0.0198759064078, -0.00544366566464, 0.000174193832208], [-0.00061864592135, 1.67596281244e-05, -0.000600958475843, 0.00113306986168, 0.000799377972726, -0.00170553848147, 0.00158932094928, -0.0023291639518, 0.00312261306681, 0.000415751390392, -0.00544366566464, 0.0195891857147, -0.00550474133343], [0.0005120136193, -0.00102613668423, -0.00154165574349, -2.11322694668e-05, 0.000690473010764, -7.88443585975e-08, -4.28637895311e-06, 0.000993014546111, -0.00147983117495, -0.00169076141901, 0.000174193832208, -0.00550474133343, 0.0223466921598]]
    },
    "spectral_contrast_coeffs": {
        "max": [-0.509245574474, -0.430112183094, -0.516673207283, -0.613558292389, -0.599463045597, -0.542959928513],
        "mean": [-0.775753200054, -0.806929051876, -0.798715293407, -0.824793815613, -0.805651664734, -0.715579688549],
        "min": [-0.918245017529, -0.923187315464, -0.91012185812, -0.901562511921, -0.875797867775, -0.825823426247],
        "stdev": [0.0565116591752, 0.0726757794619, 0.0579573214054, 0.0423422567546, 0.0433967486024, 0.0366257540882]
    },
    "spectral_contrast_valleys": {
        "max": [-5.21020793915, -4.60514593124, -4.93322134018, -5.81947898865, -5.80285596848, -9.18236446381],
        "mean": [-7.47530221939, -7.12720823288, -6.94015216827, -7.29849720001, -7.61222934723, -10.9047899246],
        "min": [-10.8827600479, -8.73883628845, -9.3189125061, -9.94601249695, -8.97495079041, -13.1395263672],
        "stdev": [1.39907956123, 0.592822432518, 0.555147171021, 0.458027601242, 0.606705069542, 0.857860982418]
    }
},
"rhythm": {
    "beats_count": 58,
    "beats_loudness": {
        "max": 0.0760123804212,
        "mean": 0.0255213323981,
        "min": 0.000477804424008,
        "stdev": 0.0231338478625
    },
    "bpm": 120.87336731,
    "bpm_histogram_first_peak_bpm": 120,
    "bpm_histogram_first_peak_weight": 0.39473682642,
    "bpm_histogram_second_peak_bpm": 86,
    "bpm_histogram_second_peak_spread": 0.454545497894,
    "bpm_histogram_second_peak_weight": 0.105263158679,
    "danceability": 0.949198365211,
    "onset_rate": 2.21484351158,
    "beats_loudness_band_ratio": {
        "max": [0.854010760784, 0.632062792778, 0.703757107258, 0.692072093487, 0.425289541483, 0.111711874604],
        "mean": [0.392014443874, 0.070622831583, 0.137246266007, 0.255975484848, 0.13098873198, 0.0489112921059],
        "min": [6.36327604298e-05, 0.000604663626291, 0.0077066635713, 0.00724766356871, 0.0172623153776, 0.00518469093367],
        "stdev": [0.306528627872, 0.0894901454449, 0.126276776195, 0.194599092007, 0.104608722031, 0.0232158061117]
    },
    "beats_position": [0.684988677502, 1.369977355, 2.0549659729, 2.73995471001, 3.43655323982, 4.13315200806, 4.82975053787, 5.52634906769, 6.2229475975, 6.91954612732, 7.60453510284, 8.28952407837, 8.91646194458, 9.54340076447, 10.1587295532, 10.774058342, 11.3893871307, 12.0047159195, 12.6200447083, 13.235373497, 13.7462129593, 14.2570514679, 14.756280899, 15.2555103302, 15.7431287766, 16.242357254, 16.7415866852, 17.2292060852, 17.7168254852, 18.2160549164, 18.7152824402, 19.2029018402, 19.7021312714, 20.1897506714, 20.6889801025, 21.1882076263, 21.6874370575, 22.1750564575, 22.6742858887, 23.1735134125, 23.6611328125, 24.1603622437, 24.6595916748, 25.158821106, 25.6580486298, 26.1456680298, 26.6448974609, 27.1441268921, 27.6317462921, 28.1309738159, 28.6302032471, 29.1178226471, 29.6170520782, 30.1162815094, 30.6038990021, 31.0915184021, 31.6023578644, 32.1015853882],
