{
"metadata": {
    "version": {
        "essentia": "2.1-beta5",
        "essentia_git_sha": "Undefined",
        "extractor": "music 2.0"
    },
    "audio_properties": {
        "analysis": {
            "equal_loudness": 0,
            "length": 26.4591388702,
            "sample_rate": 44100,
            "start_time": 207.748931885,
            "downmix": "mix"
        },
        "bit_rate": 192000,
        "length": 234.231307983,
        "lossless": 0,
        "number_channels": 2,
        "replay_gain": -0.944864273071,
        "sample_rate": 48000,
        "codec": "mp3",
        "md5_encoded": "10051b25d3be2c4a7ff19b838ad24c95"
    },
    "tags": {
        "file_name": "Denmark_In A Moment Like This_Chanée _ N_evergreen.mp3",
        "encoding": ["Lavf58.29.100"]
    }
},
"lowlevel": {
    "average_loudness": 0.686104476452,
    "barkbands_crest": {
        "max": 21.5651264191,
        "mean": 7.87353134155,
        "min": 3.1915769577,
        "stdev": 2.86682343483
    },
    "barkbands_flatness_db": {
        "max": 0.266757637262,
        "mean": 0.170022204518,
        "min": 0.0904248058796,
        "stdev": 0.0282774195075
    },
    "barkbands_kurtosis": {
        "max": 14.0579624176,
        "mean": 0.650782704353,
        "min": -1.74199938774,
        "stdev": 1.75164210796
    },
    "barkbands_skewness": {
        "max": 3.56416392326,
        "mean": 0.58651471138,
        "min": -2.05993413925,
        "stdev": 0.639462649822
    },
    "barkbands_spread": {
        "max": 80.7438354492,
        "mean": 18.0373744965,
        "min": 4.29686880112,
        "stdev": 8.28795623779
    },
    "dissonance": {
        "max": 0.500000059605,
        "mean": 0.47295024991,
        "min": 0.304788649082,
        "stdev": 0.0275530908257
    },
    "dynamic_complexity": 5.08627462387,
    "erbbands_crest": {
        "max": 25.4510860443,
        "mean": 8.27203083038,
        "min": 3.21824359894,
        "stdev": 3.13933181763
    },
    "erbbands_flatness_db": {
        "max": 0.367366313934,
        "mean": 0.240621611476,
        "min": 0.108039297163,
        "stdev": 0.0515729375184
    },
    "erbbands_kurtosis": {
        "max": 10.3494062424,
        "mean": 0.647756099701,
        "min": -1.58437526226,
        "stdev": 1.5802116394
    },
    "erbbands_skewness": {
        "max": 2.62603163719,
        "mean": 0.586181402206,
        "min": -2.04275846481,
        "stdev": 0.58523362875
    },
    "erbbands_spread": {
        "max": 88.8560943604,
        "mean": 21.8854675293,
        "min": 4.56895828247,
        "stdev": 11.8826227188
    },
    "hfc": {
        "max": 93.2101974487,
        "mean": 19.917886734,
        "min": 2.27062355407e-05,
        "stdev": 18.1706256866
    },
    "loudness_ebu128": {
        "integrated": -22.2840919495,
        "loudness_range": 7.83024215698,
        "momentary": {
            "max": -18.9949054718,
            "mean": -24.2635326385,
            "min": -51.1944732666,
            "stdev": 5.1562256813
        },
        "short_term": {
            "max": -19.6874465942,
            "mean": -23.4138736725,
            "min": -33.5021743774,
            "stdev": 3.16371154785
        }
    },
    "melbands_crest": {
        "max": 27.5106468201,
        "mean": 11.143157959,
        "min": 4.27493143082,
        "stdev": 4.68264532089
    },
    "melbands_flatness_db": {
        "max": 0.25888261199,
        "mean": 0.166890531778,
        "min": 0.0741195753217,
        "stdev": 0.0289337243885
    },
    "melbands_kurtosis": {
        "max": 52.0715179443,
        "mean": 2.67310094833,
        "min": -1.39846813679,
        "stdev": 4.53802776337
    },
    "melbands_skewness": {
        "max": 6.34653091431,
        "mean": 1.0844399929,
        "min": -1.43415379524,
        "stdev": 0.828364253044
    },
    "melbands_spread": {
        "max": 95.2172470093,
        "mean": 26.2759532928,
        "min": 6.96770381927,
        "stdev": 10.6182308197
    },
    "pitch_salience": {
        "max": 0.913243055344,
        "mean": 0.633235871792,
        "min": 0.29570800066,
        "stdev": 0.104829989374
    },
    "silence_rate_20dB": {
        "max": 1,
        "mean": 1,
        "min": 1,
        "stdev": 0
    },
    "silence_rate_30dB": {
        "max": 1,
        "mean": 1,
        "min": 1,
        "stdev": 0
    },
    "silence_rate_60dB": {
        "max": 1,
        "mean": 0.155127078295,
        "min": 0,
        "stdev": 0.362026005983
    },
    "spectral_centroid": {
        "max": 2588.00854492,
        "mean": 1549.27404785,
        "min": 619.330932617,
        "stdev": 348.268554688
    },
    "spectral_complexity": {
        "max": 42,
        "mean": 20.3943901062,
        "min": 0,
        "stdev": 8.98262500763
    },
    "spectral_decrease": {
        "max": -2.75459751952e-15,
        "mean": -5.46869616258e-09,
        "min": -2.21053397809e-08,
        "stdev": 4.8760933069e-09
    },
    "spectral_energy": {
        "max": 0.0907967090607,
        "mean": 0.0224467460066,
        "min": 1.24560344261e-08,
        "stdev": 0.0199361927807
    },
    "spectral_energyband_high": {
        "max": 0.00847257208079,
        "mean": 0.000537124171387,
        "min": 2.72524336431e-10,
        "stdev": 0.000765353790484
    },
    "spectral_energyband_low": {
        "max": 0.0317126326263,
        "mean": 0.00469411816448,
        "min": 1.05597275715e-11,
        "stdev": 0.00513646006584
    },
    "spectral_energyband_middle_high": {
        "max": 0.0615059025586,
        "mean": 0.00904441066086,
        "min": 1.17733556237e-08,
        "stdev": 0.00992717593908
    },
    "spectral_energyband_middle_low": {
        "max": 0.0469743274152,
        "mean": 0.00878527667373,
        "min": 4.24119461773e-10,
        "stdev": 0.0101488782093
    },
    "spectral_entropy": {
        "max": 8.35983943939,
        "mean": 7.65693664551,
        "min": 6.94517040253,
        "stdev": 0.162233740091
    },
    "spectral_flux": {
        "max": 0.213477492332,
        "mean": 0.0726145729423,
        "min": 0.000615719472989,
        "stdev": 0.0398302152753
    },
    "spectral_kurtosis": {
        "max": 25.4654483795,
        "mean": 3.96732926369,
        "min": -0.796850204468,
        "stdev": 2.76237845421
    },
    "spectral_rms": {
        "max": 0.00941180903465,
        "mean": 0.00410892348737,
        "min": 3.48600474354e-06,
        "stdev": 0.00223964382894
    },
    "spectral_rolloff": {
        "max": 8570.21484375,
        "mean": 1680.62548828,
        "min": 193.798828125,
        "stdev": 647.966918945
    },
    "spectral_skewness": {
        "max": 4.04354572296,
        "mean": 1.35999417305,
        "min": 0.388275295496,
        "stdev": 0.305602610111
    },
    "spectral_spread": {
        "max": 8290405.5,
        "mean": 3127505,
        "min": 1801004.5,
        "stdev": 951464.5625
    },
    "spectral_strongpeak": {
        "max": 7.5274720192,
        "mean": 1.11726200581,
        "min": 0.000274350109976,
        "stdev": 1.30118322372
    },
    "zerocrossingrate": {
        "max": 0.19287109375,
        "mean": 0.0633349120617,
        "min": 0.02099609375,
        "stdev": 0.0164871979505
    },
    "barkbands": {
        "max": [0.00482359342277, 0.0251076091081, 0.0163685362786, 0.00508445873857, 0.0266666393727, 0.0236932076514, 0.0198145676404, 0.0257253888994, 0.0265804380178, 0.0503143146634, 0.0182271879166, 0.0164465494454, 0.0224234629422, 0.0233546365052, 0.0141481244937, 0.00855014286935, 0.00438688555732, 0.0025593994651, 0.00143460778054, 0.00159357697703, 0.00140227982774, 0.00128789735027, 0.00195023056585, 0.00446235109121, 0.000781066482887, 2.5926563012e-06, 2.88928686132e-06],
        "mean": [0.000237706015469, 0.00343191460706, 0.00079466443276, 0.000426923361374, 0.00102348974906, 0.00128653435968, 0.000973693444394, 0.00168754253536, 0.00280296150595, 0.00321386219002, 0.00147809006739, 0.000972681329586, 0.000643602979835, 0.000906457949895, 0.000566905888263, 0.000676751951687, 0.000286538735963, 0.000210709229577, 0.000179940092494, 0.000201753486181, 0.00014907696459, 9.53097478487e-05, 0.000117041949125, 7.50104518374e-05, 7.58027908887e-06, 3.16481130191e-09, 3.48809314765e-09],
        "min": [1.96676095549e-12, 5.87901428928e-12, 3.2182212624e-12, 8.20501544312e-13, 1.10666397921e-11, 3.8414958714e-11, 5.50627217433e-11, 1.25278759588e-10, 1.44675355029e-10, 1.05460348787e-10, 1.13728138018e-09, 1.22452281648e-09, 1.48315271176e-09, 1.27627652891e-09, 1.560328311e-09, 4.08067402091e-09, 6.23478324524e-10, 1.9190642131e-10, 5.93810833838e-11, 1.14247521166e-10, 7.76656794432e-11, 9.02530411517e-11, 2.30159329095e-11, 3.098747604e-12, 5.04493061909e-12, 7.53053869262e-12, 5.97188574633e-12],
        "stdev": [0.00054222723702, 0.00396941322833, 0.00158004381228, 0.000704195350409, 0.00229146284983, 0.00262854690664, 0.00195050775073, 0.00353089533746, 0.00409844145179, 0.00650787446648, 0.00202196440659, 0.00156433472876, 0.00125500641298, 0.00197912636213, 0.000836985185742, 0.00108378950972, 0.000329100876115, 0.00020693152328, 0.000191344326595, 0.000260775588686, 0.000220792542677, 0.000137461785926, 0.000191436702153, 0.000209575489862, 2.77977069345e-05, 7.6710449548e-08, 8.5486455248e-08]
    },
    "erbbands": {
        "max": [1.12513065338, 5.99602222443, 19.8071880341, 13.0121984482, 36.2801895142, 129.798614502, 183.267425537, 224.293945312, 195.792434692, 546.630371094, 639.94317627, 688.997314453, 1358.30053711, 822.846984863, 771.603271484, 349.402099609, 731.741699219, 1078.42895508, 900.710632324, 346.354644775, 542.86505127, 216.504852295, 172.736541748, 75.4529724121, 78.0228805542, 81.1751098633, 72.0677719116, 45.4569969177, 38.7443466187, 43.8081016541, 57.1210098267, 61.5274963379, 83.017326355, 17.6978778839, 0.419359624386, 0.0220161955804, 0.00485738366842, 0.00177047483157, 0.000413562636822, 0.00010919993656],
        "mean": [0.138252958655, 0.616939067841, 0.901688039303, 1.3202662468, 1.60397517681, 3.52500605583, 9.41094875336, 10.5538158417, 12.6817798615, 20.3464775085, 50.2187690735, 61.1217193604, 83.5791549683, 74.8175048828, 61.7534370422, 34.8727416992, 30.6856784821, 37.2200431824, 43.0161514282, 35.6634597778, 28.1149368286, 16.4168682098, 12.4523029327, 10.235449791, 8.52680492401, 9.38187503815, 7.33719587326, 4.82754611969, 3.44776773453, 3.23902106285, 3.37370109558, 1.6285225153, 1.23087155819, 0.21479767561, 0.00538766058162, 0.000331922987243, 5.42796224181e-05, 1.34280198836e-05, 1.48938297571e-05, 2.75735110336e-05],
        "min": [1.54895721249e-10, 1.37673783485e-09, 3.86049192613e-09, 3.24810889296e-09, 4.6412438337e-09, 4.2841723058e-08, 1.58153795837e-07, 3.7665793684e-07, 9.25205256408e-07, 8.50859123602e-07, 3.15980901178e-06, 2.934830718e-06, 4.6215996008e-06, 1.57544163812e-05, 4.80710987176e-05, 5.33073471161e-05, 6.2259772676e-05, 7.65256118029e-05, 5.79090810788e-05, 0.000150848602061, 0.000185695724213, 4.27278064308e-05, 1.39365265568e-05, 5.72707904212e-06, 3.39287680617e-06, 5.49689320906e-06, 3.83966425943e-06, 2.92670461022e-06, 3.1121730899e-06, 1.94970129996e-06, 5.81949450407e-07, 8.38229752276e-08, 6.51258602602e-08, 6.51016591746e-08, 3.23404698577e-08, 2.6586134183e-08, 1.55715564887e-08, 4.25876578447e-09, 7.95966514922e-10, 9.81530273725e-11],
        "stdev": [0.178624585271, 0.735977530479, 1.68732082844, 2.02476453781, 2.91038346291, 8.74569892883, 19.298576355, 25.1658649445, 23.8352947235, 46.6342506409, 85.1772232056, 92.4496078491, 152.963928223, 111.299339294, 86.9643096924, 48.0032920837, 51.609161377, 78.0036849976, 75.0755996704, 47.8358802795, 36.0740394592, 17.0065956116, 12.5774173737, 9.32437419891, 9.64494514465, 12.187502861, 11.0027780533, 7.01991558075, 4.97814893723, 4.91719818115, 5.68633079529, 3.47103047371, 3.89580178261, 0.713326871395, 0.0171820893884, 0.000979327131063, 0.000181524010259, 5.65163973079e-05, 1.81576742762e-05, 2.44443690463e-05]
    },
    "gfcc": {
        "mean": [-60.3939743042, 113.623573303, -202.005966187, 29.5724105835, -78.8498458862, 21.0081710815, -17.9527721405, 0.00876054074615, 7.57318067551, -22.2210979462, 7.1953458786, -17.3823013306, 10.2241268158],
        "cov": [[11238.9423828, 2351.44604492, 3600.59448242, 2291.88256836, 78.4744033813, 1064.54150391, 288.843902588, 455.623657227, 192.710784912, 486.215942383, 397.339080811, -233.896438599, 311.767120361], [2351.44604492, 1036.49560547, 1060.77416992, 628.615539551, 267.755767822, 267.29309082, 242.330749512, 145.489700317, 115.387817383, 160.416030884, 201.962753296, 22.7822647095, 73.9979858398], [3600.59448242, 1060.77416992, 1935.41113281, 1049.63598633, 24.6238899231, 402.978759766, 41.6717414856, 162.88432312, 5.67061901093, 246.489257812, 147.00793457, -54.9764480591, 56.4234733582], [2291.88256836, 628.615539551, 1049.63598633, 700.344848633, 101.203330994, 267.363952637, 59.0112609863, 113.495384216, 53.7163772583, 142.244140625, 95.4272460938, -10.4671287537, 73.3028945923], [78.4744033813, 267.755767822, 24.6238899231, 101.203330994, 320.411590576, 112.685882568, 178.176956177, 88.9768981934, 105.101448059, 45.680103302, 80.5370407104, 89.107208252, 52.7928848267], [1064.54150391, 267.29309082, 402.978759766, 267.363952637, 112.685882568, 218.167861938, 113.085830688, 92.8037796021, 40.1387062073, 72.0810928345, 56.1993217468, 4.22496318817, 40.209980011], [288.843902588, 242.330749512, 41.6717414856, 59.0112609863, 178.176956177, 113.085830688, 245.990234375, 107.803207397, 83.4017028809, 23.9149665833, 59.0839767456, 41.1029167175, 32.4156036377], [455.623657227, 145.489700317, 162.88432312, 113.495384216, 88.9768981934, 92.8037796021, 107.803207397, 130.668197632, 70.6524429321, 35.4746551514, 34.1710586548, 18.0283279419, 28.3348197937], [192.710784912, 115.387817383, 5.67061901093, 53.7163772583, 105.101448059, 40.1387062073, 83.4017028809, 70.6524429321, 102.943115234, 28.4070110321, 33.009677887, 31.8738479614, 27.8044090271], [486.215942383, 160.416030884, 246.489257812, 142.244140625, 45.680103302, 72.0810928345, 23.9149665833, 35.4746551514, 28.4070110321, 96.7686233521, 68.3237915039, 8.96827697754, 8.75570487976], [397.339080811, 201.962753296, 147.00793457, 95.4272460938, 80.5370407104, 56.1993217468, 59.0839767456, 34.1710586548, 33.009677887, 68.3237915039, 110.567192078, 32.6416282654, 11.4867630005], [-233.896438599, 22.7822647095, -54.9764480591, -10.4671287537, 89.107208252, 4.22496318817, 41.1029167175, 18.0283279419, 31.8738479614, 8.96827697754, 32.6416282654, 73.7406768799, 31.4596996307], [311.767120361, 73.9979858398, 56.4234733582, 73.3028945923, 52.7928848267, 40.209980011, 32.4156036377, 28.3348197937, 27.8044090271, 8.75570487976, 11.4867630005, 31.4596996307, 74.9241104126]],
        "icov": [[0.000732277985662, -0.00150864210445, 0.000895309785847, -0.00142953218892, 0.00200750422664, -0.00232861796394, 0.000962402729783, -0.000867123075295, -0.000191750674276, 2.79723553831e-06, -0.000632813957054, 0.00169438368175, -0.00162958889268], [-0.00150864210445, 0.0255902092904, -0.0203813929111, 0.00902287941426, -0.0197917241603, 0.0185753088444, -0.0166673082858, 0.0178637672216, -0.0162433777004, 0.0185833796859, -0.0255790259689, 0.0211555901915, -0.00914833508432], [0.000895309785847, -0.0203813929111, 0.0209906864911, -0.0134140560403, 0.0171813163906, -0.0143640832976, 0.0126083148643, -0.0166098847985, 0.0175755936652, -0.0185696966946, 0.0217502433807, -0.0195411834866, 0.0106676938012], [-0.00142953218892, 0.00902287941426, -0.0134140560403, 0.0176424700767, -0.0109355617315, 0.0048610707745, -0.00313937827013, 0.00867593009025, -0.0104303658009, 0.00776212941855, -0.00741103803739, 0.00707348901778, -0.00581833859906], [0.00200750422664, -0.0197917241603, 0.0171813163906, -0.0109355617315, 0.0260419249535, -0.0188519023359, 0.00937184225768, -0.0124084549025, 0.00808290112764, -0.0135565595701, 0.0163613967597, -0.0205063745379, 0.00604609306902], [-0.00232861796394, 0.0185753088444, -0.0143640832976, 0.0048610707745, -0.0188519023359, 0.0309019368142, -0.0163244400173, 0.00853514671326, -0.00423611421138, 0.00673488760367, -0.0129947932437, 0.0138109680265, -0.0050826119259], [0.000962402729783, -0.0166673082858, 0.0126083148643, -0.00313937827013, 0.00937184225768, -0.0163244400173, 0.0218574870378, -0.0158069096506, 0.00789427012205, -0.00729995733127, 0.0127610675991, -0.0122001962736, 0.00580154033378], [-0.000867123075295, 0.0178637672216, -0.0166098847985, 0.00867593009025, -0.0124084549025, 0.00853514671326, -0.0158069096506, 0.0320021659136, -0.0227400604635, 0.0141896158457, -0.0173142272979, 0.0152953108773, -0.00810284353793], [-0.000191750674276, -0.0162433777004, 0.0175755936652, -0.0104303658009, 0.00808290112764, -0.00423611421138, 0.00789427012205, -0.0227400604635, 0.0379267893732, -0.0213117711246, 0.0217652469873, -0.019547842443, 0.00885877385736], [2.79723553831e-06, 0.0185833796859, -0.0185696966946, 0.00776212941855, -0.0135565595701, 0.00673488760367, -0.00729995733127, 0.0141896158457, -0.0213117711246, 0.044203069061, -0.0364982448518, 0.0220165010542, -0.0091509334743], [-0.000632813957054, -0.0255790259689, 0.0217502433807, -0.00741103803739, 0.0163613967597, -0.0129947932437, 0.0127610675991, -0.0173142272979, 0.0217652469873, -0.0364982448518, 0.0539855547249, -0.0378349646926, 0.0190374162048], [0.00169438368175, 0.0211555901915, -0.0195411834866, 0.00707348901778, -0.0205063745379, 0.0138109680265, -0.0122001962736, 0.0152953108773, -0.019547842443, 0.0220165010542, -0.0378349646926, 0.0605964139104, -0.0285797007382], [-0.00162958889268, -0.00914833508432, 0.0106676938012, -0.00581833859906, 0.00604609306902, -0.0050826119259, 0.00580154033378, -0.00810284353793, 0.00885877385736, -0.0091509334743, 0.0190374162048, -0.0285797007382, 0.0327071882784]]
    },
    "melbands": {
        "max": [0.00758638139814, 0.00851331744343, 0.0025791011285, 0.0042952010408, 0.00549078732729, 0.00428425054997, 0.00335665233433, 0.00571172172204, 0.00484418077394, 0.00412098784, 0.00736567750573, 0.00449997279793, 0.0019000916509, 0.00205859146081, 0.00163968943525, 0.00285670603625, 0.00237400573678, 0.00148650805932, 0.000686383049469, 0.000856723519973, 0.000766889075749, 0.000320747756632, 0.000155541099957, 8.59691135702e-05, 6.79460354149e-05, 8.08968034107e-05, 8.07881078799e-05, 5.22787522641e-05, 5.55284423172e-05, 2.87524308078e-05, 3.22059495375e-05, 2.71356875601e-05, 3.33579155267e-05, 2.73090063274e-05, 3.45968983311e-05, 3.77929864044e-05, 4.66684214189e-05, 5.76406928303e-05, 5.77320533921e-05, 1.30711146085e-06],
        "mean": [0.00108166749123, 0.000563924142625, 0.000232264719671, 0.000169730730704, 0.000307994778268, 0.000243029848207, 0.000189823695109, 0.00025301243295, 0.000464277080027, 0.000366880267393, 0.000438925198978, 0.000336492492352, 0.000201646267669, 0.000125443533761, 7.36774964025e-05, 6.43846797175e-05, 7.21122269169e-05, 7.77653112891e-05, 4.20376127295e-05, 5.5967397202e-05, 2.68955209322e-05, 1.79806756933e-05, 1.20239938042e-05, 9.58159398579e-06, 8.27784060675e-06, 6.27824283583e-06, 7.0042419793e-06, 5.88855709793e-06, 4.61255876871e-06, 3.41002760251e-06, 2.74190028904e-06, 2.02279920813e-06, 1.63248023455e-06, 1.90218656826e-06, 2.20507354243e-06, 1.33703281335e-06, 8.47859325859e-07, 8.92496984761e-07, 6.60363923544e-07, 2.7120510282e-08],
        "min": [1.61442972706e-12, 1.92532231477e-12, 5.62961894983e-13, 1.41604067881e-12, 4.93779019409e-12, 8.73167337045e-12, 1.32920818449e-11, 1.26725826013e-11, 2.46451400954e-11, 2.0227357983e-11, 2.15023051447e-11, 5.06481211138e-11, 1.66150482261e-10, 1.45081516245e-10, 1.07250576475e-10, 1.75506914557e-10, 1.31070806986e-10, 8.35619490269e-11, 1.31327518305e-10, 2.99701541362e-10, 1.79317907745e-10, 4.30948852992e-11, 1.73162335165e-11, 9.00500247286e-12, 4.15259363354e-12, 1.21096817469e-12, 3.78341585491e-12, 3.66643260891e-12, 2.57537480924e-12, 1.6186418525e-12, 1.61666914664e-12, 1.78827569072e-12, 1.66158775107e-12, 8.46408175752e-13, 3.71504612013e-13, 1.03505887943e-13, 3.27277471074e-14, 4.34912997001e-14, 4.52088860054e-14, 6.25812539268e-14],
        "stdev": [0.00128949328791, 0.00080477213487, 0.000351073569618, 0.000347084132954, 0.000659740704577, 0.000526902731508, 0.000361579324817, 0.000604685745202, 0.000796129694209, 0.000555023958441, 0.00084844295634, 0.000558715546504, 0.000269478041446, 0.000194722451852, 0.00012723596592, 0.00014263491903, 0.000169006263604, 0.000153333079652, 5.70194970351e-05, 0.000100342775113, 3.88412991015e-05, 2.14803731069e-05, 1.36410035338e-05, 9.10568724066e-06, 8.17097861727e-06, 7.67517030908e-06, 9.68729273154e-06, 7.88408851804e-06, 7.10013682692e-06, 5.08872517457e-06, 4.44666056865e-06, 3.00978831547e-06, 2.59719013229e-06, 3.01564864458e-06, 3.77822289011e-06, 2.54459428106e-06, 2.09412519325e-06, 2.71890712611e-06, 2.41590282712e-06, 7.39793151183e-08]
    },
    "melbands128": {
        "max": [0.00461084349081, 0.0116523718461, 0.0103680733591, 0.0106681454927, 0.0119096385315, 0.00692076329142, 0.00284995534457, 0.00287337973714, 0.00457191979513, 0.00573651958257, 0.00906997453421, 0.00892761163414, 0.00842366926372, 0.0115314265713, 0.00818096194416, 0.00366713921539, 0.00569836562499, 0.00553712435067, 0.00786232296377, 0.0099913245067, 0.00881635770202, 0.00940301362425, 0.00867344252765, 0.00921725295484, 0.0078314198181, 0.00602938560769, 0.00417236844078, 0.00898319669068, 0.0171925984323, 0.00718383397907, 0.00587498676032, 0.0037397176493, 0.00298014469445, 0.00481272628531, 0.00446298578754, 0.00169589335565, 0.00204279203899, 0.00222477456555, 0.00279023195617, 0.00223073386587, 0.00658322451636, 0.00112874514889, 0.00213457550853, 0.00529691996053, 0.00413101306185, 0.0023907921277, 0.00220485683531, 0.000925549305975, 0.00142320839223, 0.000790826510638, 0.00190518645104, 0.00134056422394, 0.00139033759478, 0.000888259033673, 0.000672920141369, 0.000409010332078, 0.000240885347011, 0.000224901930778, 0.000294837838737, 0.000253852718743, 7.47187441448e-05, 0.000145117577631, 0.000115464521514, 0.000126117549371, 0.000187126905075, 0.00016741368745, 7.88865145296e-05, 8.66229602252e-05, 0.000135861118906, 0.000141401731526, 0.000101634941529, 8.10843266663e-05, 8.59282372403e-05, 5.58855790587e-05, 0.000118136696983, 5.07900331286e-05, 3.1099683838e-05, 2.84843936242e-05, 6.33782110526e-05, 3.04531167785e-05, 3.68441797036e-05, 3.06282054225e-05, 2.28191493079e-05, 3.39118887496e-05, 4.67485333502e-05, 2.23579554586e-05, 4.06214276154e-05, 4.84746633447e-05, 4.1324274207e-05, 3.70345296687e-05, 4.62387615698e-05, 3.98179327021e-05, 5.68886571273e-05, 1.73446260305e-05, 0.00010776372801, 6.07520632911e-05, 3.40335900546e-05, 0.000133867113618, 9.66982770478e-05, 2.71466051345e-05, 7.40484722428e-08, 1.97424814274e-08, 1.96340970149e-08, 1.94543350318e-08, 1.91456912546e-08, 1.87686950426e-08, 1.83750206162e-08, 1.782518666e-08, 1.73440479756e-08, 1.68954930047e-08, 1.63819642296e-08, 1.58546846762e-08, 1.54009054398e-08, 1.4934300907e-08, 1.45685055131e-08, 1.41767655393e-08, 1.3762442741e-08, 1.342461875e-08, 1.30949135979e-08, 1.27706281106e-08, 1.24706041049e-08, 1.22399193003e-08, 1.20374634704e-08, 1.18458558518e-08, 1.16582308252e-08, 1.15194644934e-08, 1.14409015595e-08, 1.13876659213e-08],
        "mean": [0.000215758947888, 0.0011832047021, 0.0014889955055, 0.000834646809381, 0.0004756229755, 0.000380696175853, 0.000279474654235, 0.000191306549823, 0.000151263040607, 0.000140783813549, 0.0001813898416, 0.000295269332128, 0.000331713905325, 0.000348344969098, 0.000268642470473, 0.000135898022563, 0.00022245553555, 0.000176080007805, 0.000202176364837, 0.000163508258993, 0.000355033989763, 0.000323956133798, 0.000492642982863, 0.000624456151854, 0.000363868515706, 0.000325933855493, 0.000176997753442, 0.000389394990634, 0.000813159684185, 0.000356027128873, 0.000212273094803, 0.000173799839104, 0.000194376363652, 0.000237810512772, 0.000163488730323, 8.30020435387e-05, 6.93650363246e-05, 9.44427956711e-05, 5.26416006323e-05, 6.74849216011e-05, 7.87793687778e-05, 3.96586401621e-05, 5.80445266678e-05, 9.65073122643e-05, 0.000104203594674, 7.52723572077e-05, 4.49816143373e-05, 4.33600216638e-05, 3.6984536564e-05, 4.49347717222e-05, 7.85682204878e-05, 4.23753044743e-05, 2.6283238185e-05, 2.14218289329e-05, 2.20350611926e-05, 1.93530322576e-05, 1.32133145598e-05, 1.08965523395e-05, 1.2233104826e-05, 1.27612265715e-05, 9.53693597694e-06, 7.21060860087e-06, 7.43812006476e-06, 8.7109146989e-06, 9.8099853858e-06, 5.59697582503e-06, 4.58916792923e-06, 5.87196700508e-06, 8.40303891891e-06, 7.27101632947e-06, 6.26161136097e-06, 4.97570090374e-06, 4.2877973101e-06, 4.13291309087e-06, 5.90647277932e-06, 3.43526380675e-06, 2.41239490606e-06, 2.50323000728e-06, 3.17850663123e-06, 2.49960930887e-06, 2.17982619688e-06, 1.87309376543e-06, 1.45023034293e-06, 1.64820289683e-06, 1.81548932687e-06, 1.35187883643e-06, 2.13956764128e-06, 2.58341424342e-06, 2.38991083279e-06, 1.77812535185e-06, 1.50619803208e-06, 1.28338547256e-06, 9.26638392684e-07, 7.95315884261e-07, 8.25346887723e-07, 8.51344225339e-07, 8.8187135816e-07, 9.71572262642e-07, 9.337005622e-07, 3.57119972705e-07, 2.98915447949e-09, 5.19641031593e-11, 2.8097883395e-11, 2.55075283812e-11, 2.62497593106e-11, 2.54737880095e-11, 2.57546466792e-11, 2.20596978184e-11, 2.13294642365e-11, 2.06845391509e-11, 2.00212381396e-11, 1.93380884222e-11, 1.87218209685e-11, 1.81102546154e-11, 1.76289746689e-11, 1.7173562919e-11, 1.6685436019e-11, 1.62730228598e-11, 1.5889276006e-11, 1.54907024708e-11, 1.51131954174e-11, 1.48394213584e-11, 1.46111612392e-11, 1.43531202548e-11, 1.39539274233e-11, 1.34654275577e-11, 1.31922424373e-11, 1.31031522438e-11],
        "min": [6.61685495892e-13, 1.2006100324e-12, 1.86514822684e-12, 2.441365686e-12, 2.25726750659e-12, 1.40177528873e-12, 6.57395145265e-13, 3.59983879728e-13, 2.75907416488e-13, 8.09999528388e-13, 2.38945603755e-12, 4.10499759185e-12, 5.3313781341e-12, 6.38860969335e-12, 7.36364788589e-12, 9.69824220931e-12, 1.5373565268e-11, 1.68407093826e-11, 7.67824952924e-12, 3.06984841193e-12, 1.77371815152e-11, 3.30075550226e-11, 2.86927617082e-11, 1.29077035518e-11, 1.19923506889e-11, 2.62560771735e-11, 3.14225971632e-11, 2.29403336605e-11, 1.21739944514e-11, 7.74509276158e-12, 4.90524461327e-11, 1.62996505182e-10, 2.1889737245e-10, 1.30391142328e-10, 1.12354882342e-10, 1.78914202897e-10, 1.51398199533e-10, 9.26093299269e-11, 7.7852418956e-11, 1.357186169e-10, 2.05834654876e-10, 2.28679464254e-10, 1.3795210807e-10, 7.0891029158e-11, 9.83470180294e-11, 8.90115967045e-11, 6.53588363986e-11, 9.20398271487e-11, 1.96104577022e-10, 1.74000383546e-10, 3.35626193504e-10, 4.19735551871e-10, 2.27186283674e-10, 7.48712966625e-11, 4.37246176765e-11, 5.69897323777e-11, 2.15641757922e-11, 2.64942182776e-11, 1.05873287568e-11, 9.88985542766e-12, 1.19260495576e-11, 5.11891614166e-12, 6.21840122797e-12, 3.78053621394e-12, 1.11807579254e-12, 2.61539406668e-13, 9.58423553195e-13, 5.10548461147e-12, 3.73418049954e-12, 3.25071523519e-12, 4.4176541765e-12, 3.78710517807e-12, 1.89039148918e-12, 2.76914060258e-12, 2.97509109362e-12, 5.0967059349e-13, 1.56505917167e-12, 2.7809779219e-12, 6.34514305247e-13, 1.66935389123e-12, 2.26411424331e-12, 1.25178166444e-12, 2.26636678174e-12, 1.5175254716e-12, 1.6331159515e-12, 7.65069377209e-13, 7.41181421793e-13, 6.08446886624e-13, 2.24417923481e-13, 3.72734070171e-13, 1.40283509635e-13, 2.5975383411e-14, 2.19222240323e-14, 4.19499402934e-14, 2.72622720975e-14, 3.77525091809e-14, 5.41639825981e-14, 4.0157489828e-14, 4.56879373472e-14, 5.12283019282e-14, 3.74485802069e-14, 8.33392125384e-14, 7.08324458115e-14, 1.45734610496e-14, 3.3061898217e-14, 4.14266230098e-14, 1.57845216525e-14, 6.21569514066e-14, 5.39148431033e-14, 4.40467432493e-14, 2.36775236326e-14, 6.35174015164e-14, 3.77542913382e-14, 7.9959862787e-14, 3.37990574385e-14, 2.80294315319e-14, 3.97053199238e-14, 2.32756962846e-14, 2.05600205643e-14, 1.80933522017e-14, 2.30105427849e-14, 2.82779425283e-14, 4.06393567073e-14, 2.90758390943e-14, 1.16476677953e-14, 1.43789229926e-14, 5.78150469665e-15, 3.10183862331e-16],
        "stdev": [0.000487064738991, 0.00167906284332, 0.00175051542465, 0.00113340502139, 0.000935375399422, 0.000736457412131, 0.000444434495876, 0.000336956960382, 0.000320712162647, 0.000332961906679, 0.000533842365257, 0.000883578089997, 0.0007068211562, 0.000799613131676, 0.000845621689223, 0.000371379835997, 0.000530217948835, 0.000388900516555, 0.00062172813341, 0.000578697305173, 0.00106938625686, 0.000934167648666, 0.00105591490865, 0.00138599250931, 0.000792052072939, 0.000698262476362, 0.000334620272042, 0.00082477403339, 0.00213939440437, 0.000730712083168, 0.000427071237937, 0.000323993182974, 0.000340651371516, 0.000466492492706, 0.00039214050048, 0.000150605192175, 0.0001665611926, 0.000208666577237, 0.000124963378767, 0.000148601160618, 0.000270640710369, 7.49342943891e-05, 0.000155636633281, 0.000344265106833, 0.00026298314333, 0.000188861551578, 0.000106466337456, 7.38687085686e-05, 7.92882347014e-05, 8.20644418127e-05, 0.000192887688172, 7.55748551455e-05, 5.83500659559e-05, 4.50157931482e-05, 4.45450423285e-05, 2.86463509838e-05, 1.72361051227e-05, 1.69130435097e-05, 1.94542408281e-05, 1.83617648872e-05, 1.10352393676e-05, 9.43633585848e-06, 8.9529376055e-06, 1.16024866657e-05, 1.55313100549e-05, 1.02704534584e-05, 6.76573381497e-06, 9.2181871878e-06, 1.43679708344e-05, 1.34670026455e-05, 1.06842862806e-05, 8.6234185801e-06, 9.19768172025e-06, 7.5748330346e-06, 1.30070584419e-05, 5.8697919485e-06, 3.67747861674e-06, 4.13535417465e-06, 6.89481430527e-06, 4.03375997848e-06, 3.59005707651e-06, 3.20694948641e-06, 2.41183579419e-06, 3.07469736072e-06, 3.14647081723e-06, 2.43031581704e-06, 3.81361542168e-06, 4.80838980366e-06, 4.67620748168e-06, 3.48226149072e-06, 2.96146436085e-06, 2.78837501355e-06, 2.31459921451e-06, 1.57748127094e-06, 3.55956171916e-06, 2.61188574768e-06, 2.14860256165e-06, 4.581439498e-06, 3.55818701792e-06, 1.10365408545e-06, 7.51845430358e-09, 7.32831573202e-10, 5.82039583197e-10, 5.75806513581e-10, 5.67770219728e-10, 5.5590698711e-10, 5.4560744811e-10, 5.27409504958e-10, 5.13172560002e-10, 4.99899066586e-10, 4.8470305547e-10, 4.6910131335e-10, 4.55674664668e-10, 4.41868625023e-10, 4.31045338312e-10, 4.19452972356e-10, 4.07193723184e-10, 3.97197330582e-10, 3.87441384531e-10, 3.77846809396e-10, 3.68970493048e-10, 3.62144148003e-10, 3.56153023739e-10, 3.50483808642e-10, 3.44938827501e-10, 3.40841216362e-10, 3.38522626597e-10, 3.36948607904e-10]
    },
    "mfcc": {
        "mean": [-661.750183105, 115.161399841, -49.7054977417, -2.21759128571, -22.3168315887, 5.55151796341, -9.40608024597, 16.9010219574, 0.403332173824, 14.2506322861, -7.98570680618, 4.45012664795, -5.6107544899],
        "cov": [[9500.78320312, 1181.82495117, 3174.71411133, 1436.04089355, 710.397766113, 766.299804688, 625.929504395, 137.098526001, 270.037628174, 582.01373291, 162.484970093, 164.160858154, 241.134765625], [1181.82495117, 657.930053711, 473.387268066, 354.896728516, 189.640808105, 195.006576538, 210.708786011, 121.719459534, 62.2626991272, 114.502616882, 113.629692078, 104.322525024, 106.349761963], [3174.71411133, 473.387268066, 2022.56079102, 742.617919922, 393.690429688, 288.786682129, 270.658111572, -70.3413848877, 55.7523345947, 171.242858887, 77.1746902466, 54.950958252, 113.023391724], [1436.04089355, 354.896728516, 742.617919922, 448.10067749, 235.942153931, 187.097946167, 141.971511841, 49.5710868835, 67.8514938354, 98.8908157349, 57.1410293579, 60.8063812256, 73.1445922852], [710.397766113, 189.640808105, 393.690429688, 235.942153931, 236.77633667, 129.120513916, 94.2422027588, 33.5584144592, 48.776184082, 53.6280822754, 50.2249984741, 37.0542678833, 54.3573722839], [766.299804688, 195.006576538, 288.786682129, 187.097946167, 129.120513916, 184.924743652, 120.039802551, 58.0985183716, 42.7552452087, 69.0223083496, 40.1786499023, 30.2687835693, 35.6316299438], [625.929504395, 210.708786011, 270.658111572, 141.971511841, 94.2422027588, 120.039802551, 185.905059814, 78.6731109619, 57.1553611755, 69.6931533813, 58.1367874146, 35.2108955383, 58.5553741455], [137.098526001, 121.719459534, -70.3413848877, 49.5710868835, 33.5584144592, 58.0985183716, 78.6731109619, 157.320861816, 92.9458312988, 46.3296890259, 25.9040107727, 32.6014137268, 34.9319953918], [270.037628174, 62.2626991272, 55.7523345947, 67.8514938354, 48.776184082, 42.7552452087, 57.1553611755, 92.9458312988, 127.005401611, 52.143951416, 8.90188884735, 13.2741155624, 34.188205719], [582.01373291, 114.502616882, 171.242858887, 98.8908157349, 53.6280822754, 69.0223083496, 69.6931533813, 46.3296890259, 52.143951416, 92.7168655396, 34.0353889465, 25.0862007141, 31.9550743103], [162.484970093, 113.629692078, 77.1746902466, 57.1410293579, 50.2249984741, 40.1786499023, 58.1367874146, 25.9040107727, 8.90188884735, 34.0353889465, 98.5624694824, 54.4592208862, 35.9562835693], [164.160858154, 104.322525024, 54.950958252, 60.8063812256, 37.0542678833, 30.2687835693, 35.2108955383, 32.6014137268, 13.2741155624, 25.0862007141, 54.4592208862, 82.6754608154, 38.4334068298], [241.134765625, 106.349761963, 113.023391724, 73.1445922852, 54.3573722839, 35.6316299438, 58.5553741455, 34.9319953918, 34.188205719, 31.9550743103, 35.9562835693, 38.4334068298, 71.9618453979]],
        "icov": [[0.000341714621754, -6.08056325291e-05, -0.00034652260365, -0.000202832350624, 0.000180458271643, -0.000409983098507, 6.81799065205e-05, 4.29695063531e-07, 7.34023706173e-05, -0.00124810880516, 0.000381632504286, -0.000110355504148, 9.385006706e-05], [-6.08056325291e-05, 0.00414944719523, 0.000549888820387, -0.00319892168045, 0.000482996780192, 2.20845031436e-05, -0.00206961412914, -0.00142166169826, 0.00206447765231, -0.000477938359836, -0.000995529349893, -0.000795594474766, -0.00138858298305], [-0.00034652260365, 0.000549888820387, 0.00233734562062, -0.00317010446452, -0.000277704413747, 0.0011104097357, -0.00220470549539, 0.00266131479293, -0.000198044857825, 0.000289126561256, -8.25116421765e-06, 0.000418385490775, -0.00019191125466], [-0.000202832350624, -0.00319892168045, -0.00317010446452, 0.0134411621839, -0.00432855449617, -0.0031541516073, 0.00386196840554, -0.00194333936088, -0.00152158737183, 0.000452781008789, 0.00149392872117, -0.00212401081808, 0.000266152375843], [0.000180458271643, 0.000482996780192, -0.000277704413747, -0.00432855449617, 0.010968843475, -0.00418260600418, 0.000720875686966, 0.00101821287535, -0.00200063688681, 0.00195796578191, -0.00282004242763, 0.00127082481049, -0.00296657695435], [-0.000409983098507, 2.20845031436e-05, 0.0011104097357, -0.0031541516073, -0.00418260600418, 0.0156226726249, -0.00636507943273, -0.00141829694621, 0.00238942494616, -0.00282647553831, 0.000936595199164, -0.000121978766401, 0.00381186394952], [6.81799065205e-05, -0.00206961412914, -0.00220470549539, 0.00386196840554, 0.000720875686966, -0.00636507943273, 0.0162745248526, -0.00510068098083, -0.000321879779221, -0.000798580178525, -0.00404165266082, 0.00354202557355, -0.00515680527315], [4.29695063531e-07, -0.00142166169826, 0.00266131479293, -0.00194333936088, 0.00101821287535, -0.00141829694621, -0.00510068098083, 0.0187309421599, -0.010809648782, -2.89942763629e-05, 0.00119860307314, -0.00329944421537, 0.00119780446403], [7.34023706173e-05, 0.00206447765231, -0.000198044857825, -0.00152158737183, -0.00200063688681, 0.00238942494616, -0.000321879779221, -0.010809648782, 0.0191413294524, -0.00688398536295, 0.00256083533168, 0.0021376342047, -0.00406021298841], [-0.00124810880516, -0.000477938359836, 0.000289126561256, 0.000452781008789, 0.00195796578191, -0.00282647553831, -0.000798580178525, -2.89942763629e-05, -0.00688398536295, 0.0259306505322, -0.00535275088623, 0.000396393355913, -0.0012226466788], [0.000381632504286, -0.000995529349893, -8.25116421765e-06, 0.00149392872117, -0.00282004242763, 0.000936595199164, -0.00404165266082, 0.00119860307314, 0.00256083533168, -0.00535275088623, 0.0205160733312, -0.0105396788567, -0.000401476951083], [-0.000110355504148, -0.000795594474766, 0.000418385490775, -0.00212401081808, 0.00127082481049, -0.000121978766401, 0.00354202557355, -0.00329944421537, 0.0021376342047, 0.000396393355913, -0.0105396788567, 0.0240141805261, -0.00788354128599], [9.385006706e-05, -0.00138858298305, -0.00019191125466, 0.000266152375843, -0.00296657695435, 0.00381186394952, -0.00515680527315, 0.00119780446403, -0.00406021298841, -0.0012226466788, -0.000401476951083, -0.00788354128599, 0.0265157911927]]
    },
    "spectral_contrast_coeffs": {
        "max": [-0.533925175667, -0.546761095524, -0.505813896656, -0.632800459862, -0.706564724445, -0.629572629929],
        "mean": [-0.762428164482, -0.764762639999, -0.760887563229, -0.803314089775, -0.795992612839, -0.707357645035],
        "min": [-0.924423158169, -0.949399113655, -0.918692290783, -0.933674812317, -0.919964253902, -0.824302315712],
        "stdev": [0.0625380948186, 0.0719254985452, 0.0776086673141, 0.0535194464028, 0.028261475265, 0.0247719064355]
    },
    "spectral_contrast_valleys": {
        "max": [-4.92212820053, -4.9091553688, -5.20929002762, -5.86083316803, -6.04271364212, -8.45788097382],
        "mean": [-7.89551019669, -6.7852730751, -6.74252748489, -7.08513069153, -7.50139427185, -11.1522016525],
        "min": [-15.579117775, -13.8222093582, -13.2575750351, -12.5234975815, -13.8169965744, -17.5924797058],
        "stdev": [1.96977126598, 0.948085904121, 0.705407559872, 0.627794623375, 0.720147788525, 1.08453893661]
    }
},
"rhythm": {
    "beats_count": 46,
    "beats_loudness": {
        "max": 0.0661884099245,
        "mean": 0.0210521239787,
        "min": 0.000134958856506,
        "stdev": 0.0179247576743
    },
    "bpm": 124.976203918,
    "bpm_histogram_first_peak_bpm": 126,
    "bpm_histogram_first_peak_weight": 0.357142865658,
    "bpm_histogram_second_peak_bpm": 115,
    "bpm_histogram_second_peak_spread": 0.363636374474,
    "bpm_histogram_second_peak_weight": 0.155555561185,
    "danceability": 0.83766579628,
    "onset_rate": 1.24665904045,
    "beats_loudness_band_ratio": {
        "max": [0.73187237978, 0.390346348286, 0.705639243126, 0.687086880207, 0.627179324627, 0.23514637351],
        "mean": [0.144183412194, 0.0451209023595, 0.292161375284, 0.336284697056, 0.174039080739, 0.0371093563735],
        "min": [0.000170595754753, 0.00390451215208, 0.0951323434711, 0.0539567731321, 0.0164601523429, 0.00814456585795],
        "stdev": [0.16865926981, 0.0663514733315, 0.162008807063, 0.166939660907, 0.128410711884, 0.0338074341416]
    },
    "beats_position": [0.638548731804, 1.30031740665, 1.9620860815, 2.62385487556, 3.27401351929, 3.92417216301, 4.5627207756, 5.20126962662, 5.8282084465, 6.46675729752, 7.10530614853, 7.73224496841, 8.37079334259, 9.0093421936, 9.65950107574, 10.3096599579, 10.95981884, 11.6215867996, 12.1904764175, 12.7477550507, 13.3050336838, 13.8158731461, 14.3267116547, 14.8375511169, 15.3483896255, 15.870839119, 16.3932876587, 16.9157371521, 17.4381847382, 17.9606342316, 18.483083725, 19.0055332184, 19.4815406799, 19.96916008, 20.4451694489, 20.9211788177, 21.4087982178, 21.8848075867, 22.3608150482, 22.8368244171, 23.312833786, 23.800453186, 24.2880725861, 24.7756919861, 25.2516994476, 25.7277088165],
