{
"metadata": {
    "version": {
        "essentia": "2.1-beta5",
        "essentia_git_sha": "Undefined",
        "extractor": "music 2.0"
    },
    "audio_properties": {
        "analysis": {
            "equal_loudness": 0,
            "length": 32.4963264465,
            "sample_rate": 44100,
            "start_time": 93.9943771362,
            "downmix": "mix"
        },
        "bit_rate": 192000,
        "length": 197.845626831,
        "lossless": 0,
        "number_channels": 2,
        "replay_gain": -5.94536781311,
        "sample_rate": 48000,
        "codec": "mp3",
        "md5_encoded": "f12061b106c10a883baf2bad0c433294"
    },
    "tags": {
        "file_name": "Malta_My Dream_Thea Garrett.mp3",
        "encoding": ["Lavf58.29.100"]
    }
},
"lowlevel": {
    "average_loudness": 0.956610321999,
    "barkbands_crest": {
        "max": 24.6337146759,
        "mean": 11.6894016266,
        "min": 2.69621968269,
        "stdev": 4.8038520813
    },
    "barkbands_flatness_db": {
        "max": 0.275371134281,
        "mean": 0.144064232707,
        "min": 0.0299234203994,
        "stdev": 0.043050929904
    },
    "barkbands_kurtosis": {
        "max": 57.3909416199,
        "mean": 4.31842279434,
        "min": -1.89790952206,
        "stdev": 6.48067569733
    },
    "barkbands_skewness": {
        "max": 6.95636796951,
        "mean": 1.52272593975,
        "min": -1.20706701279,
        "stdev": 1.13568866253
    },
    "barkbands_spread": {
        "max": 105.261451721,
        "mean": 21.232000351,
        "min": 2.64594602585,
        "stdev": 15.8454809189
    },
    "dissonance": {
        "max": 0.499955862761,
        "mean": 0.444786310196,
        "min": 0.221694752574,
        "stdev": 0.0365850068629
    },
    "dynamic_complexity": 2.71485447884,
    "erbbands_crest": {
        "max": 28.5376224518,
        "mean": 10.082449913,
        "min": 2.95609974861,
        "stdev": 4.42025756836
    },
    "erbbands_flatness_db": {
        "max": 0.289072483778,
        "mean": 0.152236834168,
        "min": 0.0381185002625,
        "stdev": 0.0454381480813
    },
    "erbbands_kurtosis": {
        "max": 21.1654758453,
        "mean": 1.36948955059,
        "min": -1.76495528221,
        "stdev": 2.31565475464
    },
    "erbbands_skewness": {
        "max": 3.51723313332,
        "mean": 0.562516450882,
        "min": -3.16619515419,
        "stdev": 0.764878809452
    },
    "erbbands_spread": {
        "max": 146.708526611,
        "mean": 33.5985908508,
        "min": 5.8091545105,
        "stdev": 20.1872901917
    },
    "hfc": {
        "max": 167.010238647,
        "mean": 25.3898773193,
        "min": 1.13668394089,
        "stdev": 22.3545894623
    },
    "loudness_ebu128": {
        "integrated": -17.271402359,
        "loudness_range": 2.79969024658,
        "momentary": {
            "max": -13.381986618,
            "mean": -17.6580734253,
            "min": -22.2459812164,
            "stdev": 1.87569856644
        },
        "short_term": {
            "max": -14.9008331299,
            "mean": -17.6430549622,
            "min": -20.4075469971,
            "stdev": 0.993914484978
        }
    },
    "melbands_crest": {
        "max": 30.4030380249,
        "mean": 14.3738822937,
        "min": 5.07862043381,
        "stdev": 4.94872426987
    },
    "melbands_flatness_db": {
        "max": 0.379745006561,
        "mean": 0.216251909733,
        "min": 0.0505254529417,
        "stdev": 0.0534034445882
    },
    "melbands_kurtosis": {
        "max": 170.374694824,
        "mean": 11.657365799,
        "min": -1.31278467178,
        "stdev": 17.3396167755
    },
    "melbands_skewness": {
        "max": 11.4026126862,
        "mean": 2.30428314209,
        "min": -0.484235554934,
        "stdev": 1.68261146545
    },
    "melbands_spread": {
        "max": 176.852081299,
        "mean": 21.2182922363,
        "min": 1.91183841228,
        "stdev": 15.9289731979
    },
    "pitch_salience": {
        "max": 0.801743626595,
        "mean": 0.500963389874,
        "min": 0.1460057199,
        "stdev": 0.123299628496
    },
    "silence_rate_20dB": {
        "max": 1,
        "mean": 1,
        "min": 1,
        "stdev": 0
    },
    "silence_rate_30dB": {
        "max": 1,
        "mean": 0.996431112289,
        "min": 0,
        "stdev": 0.0596333630383
    },
    "silence_rate_60dB": {
        "max": 1,
        "mean": 0.0021413275972,
        "min": 0,
        "stdev": 0.0462244749069
    },
    "spectral_centroid": {
        "max": 4265.37597656,
        "mean": 1184.58837891,
        "min": 352.343536377,
        "stdev": 541.382385254
    },
    "spectral_complexity": {
        "max": 46,
        "mean": 16.2612419128,
        "min": 3,
        "stdev": 5.55140781403
    },
    "spectral_decrease": {
        "max": -3.76492420573e-10,
        "mean": -7.99089061587e-09,
        "min": -3.21569402217e-08,
        "stdev": 4.58981208595e-09
    },
    "spectral_energy": {
        "max": 0.131329476833,
        "mean": 0.03246242553,
        "min": 0.00163030799013,
        "stdev": 0.0183660127223
    },
    "spectral_energyband_high": {
        "max": 0.0187688358128,
        "mean": 0.000974056194536,
        "min": 4.55777626485e-06,
        "stdev": 0.00197492609732
    },
    "spectral_energyband_low": {
        "max": 0.0925675407052,
        "mean": 0.0118459416553,
        "min": 8.70929670782e-06,
        "stdev": 0.0128033272922
    },
    "spectral_energyband_middle_high": {
        "max": 0.079067774117,
        "mean": 0.0076817208901,
        "min": 0.00022017651645,
        "stdev": 0.0102679282427
    },
    "spectral_energyband_middle_low": {
        "max": 0.0641002506018,
        "mean": 0.012727515772,
        "min": 0.000488887540996,
        "stdev": 0.0108239902183
    },
    "spectral_entropy": {
        "max": 8.7299823761,
        "mean": 7.44331884384,
        "min": 6.35604143143,
        "stdev": 0.411706447601
    },
    "spectral_flux": {
        "max": 0.290185153484,
        "mean": 0.0867599546909,
        "min": 0.0176687389612,
        "stdev": 0.048477217555
    },
    "spectral_kurtosis": {
        "max": 15.3125419617,
        "mean": 5.02796602249,
        "min": -1.11945688725,
        "stdev": 2.62337446213
    },
    "spectral_rms": {
        "max": 0.0113192899153,
        "mean": 0.00541248824447,
        "min": 0.0012611678103,
        "stdev": 0.00154129578732
    },
    "spectral_rolloff": {
        "max": 11261.8652344,
        "mean": 1345.66271973,
        "min": 86.1328125,
        "stdev": 1663.54553223
    },
    "spectral_skewness": {
        "max": 3.13764381409,
        "mean": 1.83934402466,
        "min": 0.154359549284,
        "stdev": 0.452707022429
    },
    "spectral_spread": {
        "max": 20897772,
        "mean": 5440189.5,
        "min": 2427540.75,
        "stdev": 2178249
    },
    "spectral_strongpeak": {
        "max": 11.9390726089,
        "mean": 1.42979550362,
        "min": 0,
        "stdev": 1.78924834728
    },
    "zerocrossingrate": {
        "max": 0.34716796875,
        "mean": 0.05708533898,
        "min": 0.00634765625,
        "stdev": 0.0426104217768
    },
    "barkbands": {
        "max": [0.00327471527271, 0.0901277661324, 0.0449836626649, 0.0219712890685, 0.0391163825989, 0.0260172076523, 0.0223084054887, 0.0504725947976, 0.0512211658061, 0.0542195290327, 0.0157297067344, 0.0213717333972, 0.0239643454552, 0.010806504637, 0.0155157661065, 0.0217686165124, 0.00596399232745, 0.00224016723223, 0.00135938753374, 0.00369215919636, 0.00303777400404, 0.00555392121896, 0.00676587875932, 0.00622541317716, 0.00699467444792, 0.00290370732546, 0.000828922842629],
        "mean": [0.000177718422492, 0.00913812126964, 0.00196994445287, 0.00111362070311, 0.002462398028, 0.00177141954191, 0.000925449538045, 0.00225644325837, 0.00348490430042, 0.00279616401531, 0.000766550132539, 0.00120565271936, 0.000744177028537, 0.000675512943417, 0.00048812374007, 0.000778100977186, 0.000274462538073, 0.000222162110731, 0.000156819500262, 0.000224954419537, 0.000133385634399, 9.58144446486e-05, 0.000145014710142, 0.000155941568664, 0.000192233448615, 9.15982018341e-05, 1.57227696036e-05],
        "min": [4.72910377525e-09, 6.55597887089e-07, 1.52652518182e-07, 9.81855555438e-06, 2.95860736514e-05, 2.77102080872e-05, 2.8763129194e-06, 1.1036543583e-05, 1.87061286852e-05, 3.79010134566e-06, 2.83068516183e-06, 9.96450216917e-06, 7.98784003564e-06, 6.12718031334e-06, 5.61026399737e-06, 1.64359107657e-06, 5.73284296479e-07, 3.51917537955e-06, 1.79444123205e-06, 1.10004270937e-06, 7.10993958819e-07, 4.17809246755e-07, 4.22648241738e-07, 6.23407345302e-07, 3.61385929182e-07, 6.45101536634e-08, 4.04242472829e-11],
        "stdev": [0.000330641662003, 0.0115854637697, 0.00333853042684, 0.00177103106398, 0.0027424893342, 0.0028397552669, 0.00169845228083, 0.00446652667597, 0.00616603856906, 0.00708814896643, 0.00195164990146, 0.00228772056289, 0.00175897625741, 0.00137411255855, 0.00119339942466, 0.00206189509481, 0.000666079751682, 0.000324293068843, 0.000204056937946, 0.000454361812444, 0.000264675123617, 0.000363638566341, 0.000502409355249, 0.000391906854929, 0.000481582072098, 0.000219772991841, 4.71039857075e-05]
    },
    "erbbands": {
        "max": [2.45628714561, 21.7812328339, 46.6723899841, 66.4107589722, 117.306663513, 121.0574646, 111.541549683, 293.835418701, 216.291610718, 563.104492188, 1354.61901855, 1156.29956055, 1986.02404785, 2059.58911133, 612.688171387, 991.190917969, 809.99597168, 641.70324707, 619.937011719, 718.727172852, 944.857055664, 350.448242188, 166.427032471, 94.1568908691, 114.907554626, 188.346969604, 172.932617188, 160.541275024, 159.759124756, 268.190856934, 162.745788574, 106.599937439, 120.851371765, 72.1899642944, 52.4327011108, 14.5967721939, 6.19002771378, 0.929676175117, 0.133322581649, 0.00164024333935],
        "mean": [0.219440832734, 2.1628973484, 2.8936522007, 3.12651228905, 5.5573348999, 8.24585056305, 11.3934783936, 16.0148468018, 13.7631654739, 24.6788787842, 53.3588676453, 61.5157318115, 104.767219543, 71.2506332397, 33.4754219055, 42.72082901, 31.9483356476, 32.2948036194, 32.6715583801, 29.9871520996, 38.4703559875, 17.8338108063, 13.5342407227, 9.79682826996, 7.07808685303, 10.9028272629, 7.77653741837, 4.05171632767, 3.39186215401, 3.98139333725, 4.11218738556, 3.25549030304, 2.64879274368, 2.14492273331, 1.34993958473, 0.47921359539, 0.15386326611, 0.0346287563443, 0.00249460502528, 8.71564407134e-05],
        "min": [2.76482332993e-05, 0.000252870639088, 0.00409465748817, 0.0524394027889, 0.0774721056223, 0.170663237572, 0.167821347713, 0.285180091858, 0.271688848734, 0.202989250422, 0.2070684582, 0.408294856548, 0.593387782574, 0.189150005579, 0.428487151861, 0.500099658966, 0.488325327635, 0.518064916134, 0.478079408407, 0.127537161112, 0.0674052089453, 0.0431958176196, 0.273773998022, 0.0861134901643, 0.0767307356, 0.0579070486128, 0.0415875427425, 0.0278456434608, 0.0153529355302, 0.015484187752, 0.0113097224385, 0.00965434405953, 0.0128699205816, 0.00611706636846, 0.00185623334255, 0.000472704326967, 9.1573674581e-05, 3.2552616176e-06, 1.21984783163e-06, 2.06572303796e-06],
        "stdev": [0.300515711308, 2.81616020203, 4.12307453156, 5.02541971207, 7.1606760025, 10.9492998123, 15.7796363831, 30.1234416962, 21.2244377136, 40.8409729004, 105.680419922, 107.817268372, 204.318313599, 190.256454468, 55.5898208618, 84.6536407471, 67.1036605835, 59.8598442078, 77.0919189453, 71.0866470337, 88.7808761597, 40.3962974548, 21.2015457153, 12.1185283661, 9.72752857208, 22.1023845673, 13.9405107498, 10.9002790451, 11.8692560196, 16.2046337128, 13.9314546585, 8.46813583374, 6.77889156342, 4.86842727661, 3.83947229385, 1.26676857471, 0.372585058212, 0.0797704011202, 0.00746491551399, 0.000136746835778]
    },
    "gfcc": {
        "mean": [19.7339992523, 89.5578460693, -102.561889648, 15.4780044556, -54.6571578979, 21.5472183228, -36.981136322, 20.5502147675, -26.0429439545, 4.9228272438, -16.9656581879, -3.0159933567, -7.94328260422],
        "cov": [[1920.49108887, -938.961425781, -17.1292819977, -161.615402222, -48.7947769165, 28.9961853027, 68.0051879883, 61.5607643127, -78.720123291, 59.0668754578, -103.670448303, -0.430440336466, -9.78965091705], [-938.961425781, 1123.70996094, -311.773803711, 86.2953262329, 164.428482056, -38.9913063049, 57.4222259521, 43.4477157593, 29.7242527008, -67.9444351196, 174.476913452, -87.6675643921, 101.961151123], [-17.1292819977, -311.773803711, 831.327880859, 174.065795898, -6.03434896469, 161.441680908, 7.18403673172, 11.849322319, 127.755348206, 78.3376312256, -38.9564437866, 152.412765503, -94.0826568604], [-161.615402222, 86.2953262329, 174.065795898, 408.666473389, 173.138290405, 98.8011016846, 51.289352417, 53.7413215637, 179.536315918, 61.5537986755, 33.502204895, 99.2929611206, 30.6069202423], [-48.7947769165, 164.428482056, -6.03434896469, 173.138290405, 292.424072266, 68.4376220703, 78.5079345703, 70.5207748413, 97.9316101074, 32.1059112549, 28.7121486664, 74.1145553589, 46.1783409119], [28.9961853027, -38.9913063049, 161.441680908, 98.8011016846, 68.4376220703, 222.474380493, 129.927734375, -5.07675361633, 37.0205574036, 57.0846824646, 38.499332428, 47.9863014221, -2.55598783493], [68.0051879883, 57.4222259521, 7.18403673172, 51.289352417, 78.5079345703, 129.927734375, 254.577407837, -15.4216070175, -23.354681015, 41.6974182129, 76.960105896, 31.455783844, -3.88617253304], [61.5607643127, 43.4477157593, 11.849322319, 53.7413215637, 70.5207748413, -5.07675361633, -15.4216070175, 149.576095581, 62.5766334534, 1.44135320187, 6.03991699219, 16.2018756866, 32.0315170288], [-78.720123291, 29.7242527008, 127.755348206, 179.536315918, 97.9316101074, 37.0205574036, -23.354681015, 62.5766334534, 220.319869995, 52.3107070923, -13.6637458801, 71.0329437256, 5.751953125], [59.0668754578, -67.9444351196, 78.3376312256, 61.5537986755, 32.1059112549, 57.0846824646, 41.6974182129, 1.44135320187, 52.3107070923, 99.5192718506, 29.5206356049, 37.6157302856, -6.70456457138], [-103.670448303, 174.476913452, -38.9564437866, 33.502204895, 28.7121486664, 38.499332428, 76.960105896, 6.03991699219, -13.6637458801, 29.5206356049, 128.39024353, 4.55245733261, 29.1232357025], [-0.430440336466, -87.6675643921, 152.412765503, 99.2929611206, 74.1145553589, 47.9863014221, 31.455783844, 16.2018756866, 71.0329437256, 37.6157302856, 4.55245733261, 147.846725464, 2.76895833015], [-9.78965091705, 101.961151123, -94.0826568604, 30.6069202423, 46.1783409119, -2.55598783493, -3.88617253304, 32.0315170288, 5.751953125, -6.70456457138, 29.1232357025, 2.76895833015, 115.070465088]],
        "icov": [[0.00125586485956, 0.00139319722075, 0.000226541902521, 0.000382650585379, -0.00049384025624, 0.000224214658374, -0.000783709518146, -0.000827048730571, -0.000109174674435, -7.2256581916e-05, -0.000249332806561, 0.000861038221046, -0.000593645614572], [0.00139319722075, 0.00341438036412, 0.000393124006223, 0.000372812821297, -0.00165704602841, 0.000683951482642, -0.000889787625056, -0.000408131920267, -0.00132743048016, 0.00217965012416, -0.00328681082465, 0.00241800490767, -0.000953855400439], [0.000226541902521, 0.000393124006223, 0.00231570703909, -0.000559948268346, 0.00077786372276, -0.00160102033988, 0.00061894452665, -0.000648830260616, -0.00014495405776, -0.000187953351997, 0.000196305933059, -0.00162594323047, 0.00155274395365], [0.000382650585379, 0.000372812821297, -0.000559948268346, 0.00514165963978, -0.001729290816, -0.000392517307773, -0.000454784545582, 0.000277234241366, -0.00312305684201, 0.000173551990883, -0.00106678903103, -8.34074235172e-05, -0.00109225872438], [-0.00049384025624, -0.00165704602841, 0.00077786372276, -0.001729290816, 0.00709379790351, -0.00103846087586, -0.00114854588173, -0.00184347701725, -0.000139934316394, -0.00108570232987, 0.00249625253491, -0.00312144705094, -0.000486195145641], [0.000224214658374, 0.000683951482642, -0.00160102033988, -0.000392517307773, -0.00103846087586, 0.00888343714178, -0.00409947568551, 0.000788854260463, -0.0005869481829, -0.00136270641815, -0.000610188115388, 0.00141827377956, -0.00146529218182], [-0.000783709518146, -0.000889787625056, 0.00061894452665, -0.000454784545582, -0.00114854588173, -0.00409947568551, 0.00827415473759, 0.000847758259624, 0.00213552988134, -0.000642905419227, -0.00273031974211, -0.00163186260033, 0.00234815245494], [-0.000827048730571, -0.000408131920267, -0.000648830260616, 0.000277234241366, -0.00184347701725, 0.000788854260463, 0.000847758259624, 0.00951263401657, -0.00267008855008, 0.00171565078199, -0.00150515895803, 0.000605722831097, -0.00157518801279], [-0.000109174674435, -0.00132743048016, -0.00014495405776, -0.00312305684201, -0.000139934316394, -0.0005869481829, 0.00213552988134, -0.00267008855008, 0.0106036048383, -0.00494478829205, 0.00365150580183, -0.00241026724689, 0.0010532757733], [-7.2256581916e-05, 0.00217965012416, -0.000187953351997, 0.000173551990883, -0.00108570232987, -0.00136270641815, -0.000642905419227, 0.00171565078199, -0.00494478829205, 0.017542982474, -0.00691794976592, 0.0004155577044, 0.000779002381023], [-0.000249332806561, -0.00328681082465, 0.000196305933059, -0.00106678903103, 0.00249625253491, -0.000610188115388, -0.00273031974211, -0.00150515895803, 0.00365150580183, -0.00691794976592, 0.0162337981164, -0.00219985144213, -0.00199441891164], [0.000861038221046, 0.00241800490767, -0.00162594323047, -8.34074235172e-05, -0.00312144705094, 0.00141827377956, -0.00163186260033, 0.000605722831097, -0.00241026724689, 0.0004155577044, -0.00219985144213, 0.0124733606353, -0.00191474542953], [-0.000593645614572, -0.000953855400439, 0.00155274395365, -0.00109225872438, -0.000486195145641, -0.00146529218182, 0.00234815245494, -0.00157518801279, 0.0010532757733, 0.000779002381023, -0.00199441891164, -0.00191474542953, 0.0122689977288]]
    },
    "melbands": {
        "max": [0.02360849455, 0.0217119362205, 0.0107025895268, 0.00979166384786, 0.00343520240858, 0.00597285712138, 0.00364331575111, 0.00597420055419, 0.00962221436203, 0.00626556668431, 0.00956663489342, 0.00896067824215, 0.00258906045929, 0.00251182005741, 0.00384657131508, 0.00155938754324, 0.00107345182914, 0.00124365801457, 0.00167346943635, 0.00207140482962, 0.00149101973511, 0.000317820144119, 0.000292368029477, 0.000157871152624, 9.62717604125e-05, 8.04673327366e-05, 0.000121198369015, 0.000129973035655, 9.9615608633e-05, 7.872164133e-05, 8.88272188604e-05, 8.55898324517e-05, 0.000120821154269, 0.000148098319187, 0.000118153016956, 8.08525510365e-05, 6.56369666103e-05, 9.68778185779e-05, 6.12910444033e-05, 7.71986087784e-05],
        "mean": [0.00234974035993, 0.00199027662165, 0.000609464128502, 0.00049276847858, 0.000399675423978, 0.000348973582732, 0.000211166174267, 0.000337679171935, 0.000410282518715, 0.000452068139566, 0.000539612607099, 0.00031045434298, 0.000102896367025, 0.000141763783176, 8.46748007461e-05, 7.41001276765e-05, 5.494431025e-05, 5.67339593545e-05, 3.56362797902e-05, 5.12631522724e-05, 4.06493636547e-05, 1.64253833645e-05, 1.35226773637e-05, 1.14122512969e-05, 7.57764610171e-06, 5.86684018344e-06, 4.95801350553e-06, 8.00269663159e-06, 5.85539919484e-06, 2.59795797319e-06, 2.27637679018e-06, 1.85817498277e-06, 1.91781077774e-06, 2.33557580032e-06, 2.39909149968e-06, 2.06661115953e-06, 2.03502850127e-06, 1.96652331397e-06, 1.58360239766e-06, 1.90107505205e-06],
        "min": [2.95588421295e-07, 1.39740757277e-06, 1.83401625691e-05, 9.42140650295e-06, 4.52481344837e-06, 5.87938484387e-06, 2.39134419644e-06, 1.68435303749e-06, 1.49428274199e-06, 2.15332102016e-06, 2.28605244956e-06, 4.23072094691e-07, 1.13580904326e-06, 1.32537354602e-06, 5.04546903812e-07, 6.90342744747e-07, 5.04987099248e-07, 6.15543456206e-07, 2.52158173453e-07, 1.20208611065e-07, 6.39333208596e-08, 4.41554490749e-08, 2.17307682959e-08, 1.04379331844e-07, 4.07590441398e-08, 5.18840614916e-08, 4.78435104867e-08, 3.39871562005e-08, 2.40783233352e-08, 1.70047442793e-08, 8.50464498825e-09, 7.35257765783e-09, 9.08625708007e-09, 7.82827402901e-09, 6.35980157426e-09, 5.40425393325e-09, 6.56571241819e-09, 8.17242895579e-09, 7.03362745824e-09, 4.25014157202e-09],
        "stdev": [0.00302142300643, 0.00238648080267, 0.000838153064251, 0.000608640431892, 0.000505135045387, 0.000617899757344, 0.000326621899148, 0.000560723652598, 0.000819707696792, 0.000814547936898, 0.00104520225432, 0.000875986239407, 0.000218816741835, 0.000284851732431, 0.000251050369116, 0.000159457529662, 0.000108621490654, 0.000150745152496, 9.40481186262e-05, 0.00017075893993, 0.000106440347736, 3.65867454093e-05, 3.12047159241e-05, 1.67144025909e-05, 1.05941289803e-05, 8.47105457069e-06, 9.62916510616e-06, 1.69685681612e-05, 1.07621262941e-05, 5.98672386332e-06, 6.89013040756e-06, 6.16210945736e-06, 8.11143308965e-06, 9.56530584517e-06, 8.31552642921e-06, 6.75071578371e-06, 5.00373380419e-06, 5.7445827224e-06, 3.43992223861e-06, 4.79542677567e-06]
    },
    "melbands128": {
        "max": [0.00303928880021, 0.0208842009306, 0.0423457026482, 0.039296656847, 0.0269529819489, 0.0202204659581, 0.014857981354, 0.00940549466759, 0.0129576036707, 0.0130633618683, 0.00668362341821, 0.00591744575649, 0.00550801679492, 0.00701519986615, 0.00797756854445, 0.0113653298467, 0.00589956063777, 0.00431337021291, 0.00913741718978, 0.0101729910821, 0.00744875939563, 0.0168260950595, 0.0133701972663, 0.0197527892888, 0.0141249299049, 0.012006749399, 0.0163818225265, 0.0145004922524, 0.0177877712995, 0.0173207651824, 0.0117304027081, 0.00439225370064, 0.00538924755529, 0.00248831114732, 0.0054484163411, 0.00379376998171, 0.00574847124517, 0.00600528065115, 0.00495651690289, 0.00265729334205, 0.00320417713374, 0.0039492957294, 0.00157738267444, 0.00133151956834, 0.00217682030052, 0.00258975056931, 0.00207162741572, 0.00220123818144, 0.00257273507304, 0.00181720650289, 0.00474484171718, 0.00294191506691, 0.00259177316912, 0.00229717139155, 0.000712852284778, 0.000385958031984, 0.000808716751635, 0.000811233767308, 0.00029726541834, 0.000382910511689, 0.000224191477173, 0.000254431943176, 0.000163871736731, 0.000173496911884, 0.000185736673302, 0.000170750703546, 0.000102519799839, 0.000278796564089, 0.000187997167814, 0.000326909677824, 0.000229817276704, 0.000365275074728, 0.000242500871536, 0.000186093529919, 0.000304193352349, 0.000110302047688, 0.000177685971721, 9.85000515357e-05, 0.000105284147139, 9.40559402807e-05, 8.52223529364e-05, 9.83801437542e-05, 0.000144355595694, 0.000113847701869, 0.000186466189916, 0.000277487764833, 0.000226675387239, 0.0002098071418, 0.000102541511296, 0.000169876497239, 0.000112568646728, 9.24806736293e-05, 5.43631867913e-05, 7.39995666663e-05, 7.53555796109e-05, 0.000145619924297, 0.000112543704745, 6.38008350506e-05, 9.06541245058e-05, 3.51867929567e-05, 6.41692458885e-05, 8.38582564029e-05, 0.000160378869623, 0.000103510101326, 5.72864119022e-05, 6.94512273185e-05, 4.99786365253e-05, 3.39266589435e-05, 3.03186807287e-05, 2.35470215557e-05, 2.71621047432e-05, 2.05862870644e-05, 2.31509420701e-05, 2.41820180236e-05, 1.46099700942e-05, 8.91191302799e-06, 8.36120671011e-06, 1.93712803593e-05, 1.62837404787e-05, 2.47169873546e-06, 1.17601348393e-06, 7.82626784712e-07, 4.49132642188e-07, 2.43160549473e-08, 1.15137339662e-08, 1.12848006495e-08, 1.11174696116e-08, 1.10144036114e-08],
        "mean": [0.000167081321706, 0.00132335862145, 0.00366547354497, 0.00360609218478, 0.00187552988064, 0.000877267215401, 0.000610977818724, 0.000548721291125, 0.000579695682973, 0.000479265290778, 0.000450946972705, 0.00046132033458, 0.000422672630521, 0.000271056604106, 0.000333046686137, 0.000457512709545, 0.000231956873904, 0.000157147427672, 0.000184341610293, 0.000215689578908, 0.000439948606072, 0.000649337365758, 0.000341169448802, 0.000300541112665, 0.000231293932302, 0.000558582309168, 0.000864447967615, 0.000365646468708, 0.000498494366184, 0.000421733013354, 0.000216611806536, 0.000153798391693, 7.08737206878e-05, 5.73793513468e-05, 0.000208255543839, 0.000144783974974, 7.62092895457e-05, 0.000111339548312, 6.52064481983e-05, 4.88269688503e-05, 8.61055887071e-05, 9.37983350013e-05, 4.94851810799e-05, 2.93302691716e-05, 7.34999339329e-05, 7.07462677383e-05, 2.54256010521e-05, 3.91209141526e-05, 4.08766172768e-05, 2.38368938881e-05, 6.72216774547e-05, 5.57543608011e-05, 6.16288525634e-05, 2.58090476564e-05, 8.55147936818e-06, 1.48598701344e-05, 2.63852216449e-05, 1.25049682538e-05, 9.50833327806e-06, 1.39056528496e-05, 1.21444127217e-05, 9.54686038313e-06, 6.92786352374e-06, 6.64495883029e-06, 9.34890249482e-06, 6.13958627582e-06, 3.31046794599e-06, 4.58296608485e-06, 4.84491374664e-06, 6.36548747934e-06, 7.75978332967e-06, 1.02395433714e-05, 6.43730845695e-06, 5.85085081184e-06, 3.71300893676e-06, 2.61245850197e-06, 2.00981958187e-06, 2.20755737246e-06, 2.62269145423e-06, 1.97222016141e-06, 1.82483336175e-06, 1.78825916919e-06, 1.88290289316e-06, 1.87877333246e-06, 1.90872447092e-06, 2.46096465162e-06, 2.45318028647e-06, 2.2392732717e-06, 2.38936013375e-06, 2.51960818787e-06, 2.37535391534e-06, 1.87450041267e-06, 1.65978883615e-06, 2.050567673e-06, 2.23632650886e-06, 2.15549266613e-06, 2.01111720344e-06, 1.53232576849e-06, 1.50676294197e-06, 1.62031778927e-06, 1.76430683041e-06, 2.03181389224e-06, 1.97745453079e-06, 1.91730987353e-06, 1.57364263487e-06, 1.31417061766e-06, 1.06824393242e-06, 8.19967510779e-07, 7.02399688635e-07, 8.376008509e-07, 7.1213304409e-07, 5.29054773324e-07, 4.25965026807e-07, 4.10943471252e-07, 3.57177498245e-07, 3.10603837761e-07, 2.42306242626e-07, 2.22335216904e-07, 1.44311783856e-07, 7.57475930868e-08, 2.13572644014e-08, 8.07097766398e-09, 3.9677359176e-09, 1.42763315059e-10, 1.29928116877e-11, 1.26632038189e-11, 1.2444722336e-11, 1.2336789576e-11],
        "min": [1.78353401492e-10, 9.05244501581e-09, 2.108703967e-08, 8.1088302295e-08, 1.78524217631e-07, 8.54065334011e-08, 8.99389533515e-07, 5.90711169934e-06, 2.34595381698e-06, 2.88114938485e-06, 1.19581659419e-06, 2.16431976696e-06, 4.03822781436e-07, 1.23679842545e-06, 2.45099471385e-07, 5.94448977154e-07, 2.26523582114e-07, 1.80256620297e-07, 1.22370337863e-07, 2.79082030374e-07, 1.32672425934e-06, 6.99780571267e-07, 6.68645782298e-07, 1.28810313527e-07, 4.66481736794e-07, 9.44372573031e-07, 6.52734456708e-07, 6.01253191235e-07, 1.24503415577e-07, 1.37434525982e-07, 2.11957186025e-07, 1.33832628535e-07, 7.55882965109e-08, 9.8083795308e-08, 3.71749848682e-07, 4.92963295073e-07, 1.3864156756e-07, 1.03069389468e-07, 1.92705641666e-07, 1.42992448104e-07, 2.44305908836e-07, 3.48550400986e-07, 1.14381570882e-07, 1.49285071416e-07, 1.54438708933e-07, 7.79757058922e-08, 4.67310066199e-08, 9.72290195023e-08, 4.52991670841e-08, 8.77812524891e-08, 3.28228395574e-08, 7.86312313039e-08, 9.72513021225e-08, 3.26988676136e-08, 1.82484765077e-08, 3.23539595115e-08, 2.76251661546e-08, 6.13081763134e-09, 1.00024415417e-08, 5.1583704419e-08, 2.81254415313e-08, 2.48570160011e-08, 2.24120082493e-08, 2.58199523984e-08, 2.04394225989e-08, 1.43128717767e-08, 2.06711572304e-08, 3.17564321506e-08, 1.55325494688e-08, 1.63667657205e-08, 1.88542976787e-08, 2.70900706312e-08, 1.72975678225e-08, 1.12824629639e-08, 1.04739141804e-08, 6.79630751677e-09, 1.04567003945e-08, 3.8227812027e-09, 4.42422587454e-09, 5.53285639526e-09, 5.64543167769e-09, 4.97249175169e-09, 4.29701385585e-09, 6.26873308818e-09, 4.31228341924e-09, 3.41164541062e-09, 4.14274214933e-09, 1.89676074847e-09, 2.37981367945e-09, 5.84421888661e-09, 4.62230120846e-09, 3.66952823683e-09, 4.16078194121e-09, 4.47311565566e-09, 4.77675987653e-09, 4.15623668815e-09, 4.15195255954e-09, 4.07312494843e-09, 4.1507193238e-09, 2.93944601992e-09, 3.5878779947e-09, 3.40506223218e-09, 8.66839933167e-10, 9.43847444645e-10, 6.75594968857e-10, 4.53202281259e-10, 7.2212202884e-10, 6.01680427703e-10, 4.92870022573e-10, 3.20843851487e-10, 3.50580953157e-10, 2.07839495614e-10, 1.81068743332e-10, 1.90802911665e-11, 7.25969794262e-13, 3.3154352202e-13, 1.47114633843e-13, 1.36674932439e-13, 1.6528653988e-13, 1.40437249503e-13, 1.38663494749e-13, 1.26007196214e-13, 1.2690007736e-13, 1.46241295441e-13, 1.01951413078e-13, 3.59954545283e-14, 5.37552053448e-15, 1.92723738893e-16],
        "stdev": [0.00031767913606, 0.00213825586252, 0.00510308239609, 0.00487380567938, 0.00273322896101, 0.00148511480074, 0.00114518462215, 0.00083383981837, 0.000826172472443, 0.000824681541417, 0.00074334454257, 0.00068776315311, 0.00070023688022, 0.000608414295129, 0.000714677560609, 0.00110020115972, 0.000443461176474, 0.000371603877284, 0.000500707537867, 0.00060137436958, 0.000896027660929, 0.00157109170686, 0.000995962996967, 0.00109095161315, 0.000757376663387, 0.00136527430732, 0.00217478862032, 0.00119957828429, 0.00158318434842, 0.0016463175416, 0.000803207512945, 0.000491826853249, 0.000299762614304, 0.000160236988449, 0.000497656466905, 0.000386848609196, 0.000340648257406, 0.000390457949834, 0.000301930820569, 0.00017891114112, 0.000247921765549, 0.000276195030892, 0.000145659010741, 9.7602380265e-05, 0.000222445698455, 0.00025874201674, 0.000112366076792, 0.00011291015835, 0.000169727078173, 9.42079495871e-05, 0.000334567768732, 0.00019635494391, 0.00018568901578, 0.000125369610032, 3.65236810467e-05, 3.70127818314e-05, 8.90795927262e-05, 5.86501409998e-05, 2.26677493629e-05, 3.42977473338e-05, 2.35063853324e-05, 2.19866942643e-05, 1.66683603311e-05, 1.41239916047e-05, 1.75308068719e-05, 1.31436554511e-05, 6.90861634212e-06, 1.2083159163e-05, 1.20995373436e-05, 2.25136045628e-05, 2.03361669264e-05, 2.97597871395e-05, 1.65444580489e-05, 1.39687899718e-05, 1.22835053844e-05, 7.58569376558e-06, 6.81748861098e-06, 7.30958663553e-06, 8.27765325084e-06, 6.73476597512e-06, 5.74058731218e-06, 6.43039493298e-06, 8.54814788909e-06, 8.08851018519e-06, 9.3374737844e-06, 1.18292364277e-05, 1.07614969238e-05, 9.08106812858e-06, 7.86937562225e-06, 1.05361350506e-05, 8.10781511973e-06, 6.53899633107e-06, 4.40679377789e-06, 4.9214891078e-06, 5.61621527595e-06, 7.95048072177e-06, 6.14515056441e-06, 3.966595159e-06, 3.86317060475e-06, 3.31686578647e-06, 4.16264219893e-06, 5.46513638255e-06, 6.80735320202e-06, 5.82098346058e-06, 4.71923158329e-06, 4.4793264351e-06, 3.73757143279e-06, 2.50263997259e-06, 2.07840184885e-06, 2.18982563638e-06, 1.91583671949e-06, 1.59477554007e-06, 1.17215142836e-06, 1.08094479856e-06, 8.96746655599e-07, 6.88793932113e-07, 6.36881622995e-07, 7.99199540324e-07, 6.71863233492e-07, 2.5917813673e-07, 9.84866304066e-08, 5.59110198139e-08, 2.97219084899e-08, 1.27112786963e-09, 3.07591979665e-10, 3.01484309739e-10, 2.97019131512e-10, 2.94265029011e-10]
    },
    "mfcc": {
        "mean": [-633.824462891, 130.464782715, 9.76492977142, 6.08620214462, 8.37291717529, -2.67443203926, 8.32923984528, 2.86980462074, 5.306391716, 7.95059251785, -2.87304711342, 1.27981638908, -1.75533974171],
        "cov": [[1834.89746094, -679.858520508, -223.879196167, -134.436019897, -115.45565033, -100.856788635, 62.5136604309, -69.9807739258, 33.9534912109, 110.138336182, -93.6020965576, -68.7073822021, -55.8967628479], [-679.858520508, 805.454711914, -236.044815063, 36.8550491333, 52.1226005554, -93.7653274536, 112.717689514, 7.19979715347, -35.6248168945, -3.01602053642, -6.70499801636, 11.4902820587, 20.2051086426], [-223.879196167, -236.044815063, 685.971130371, 27.536283493, 38.3699760437, 176.781494141, -69.6651229858, 68.0815200806, 25.3405056, -37.1226768494, 118.535858154, 63.8877410889, 18.0015087128], [-134.436019897, 36.8550491333, 27.536283493, 274.130279541, 135.388778687, 86.2549133301, -40.0782470703, 93.8796310425, 79.8538894653, 3.39856266975, 62.1254844666, 80.377532959, 37.7030487061], [-115.45565033, 52.1226005554, 38.3699760437, 135.388778687, 268.901062012, -3.8152141571, -76.9757614136, 60.8479919434, 121.355880737, -14.672164917, 38.701133728, 67.1659622192, 24.1560440063], [-100.856788635, -93.7653274536, 176.781494141, 86.2549133301, -3.8152141571, 343.697967529, 46.8776855469, 95.643737793, 14.4324655533, 32.7503967285, 104.26008606, 23.3863048553, 28.8650245667], [62.5136604309, 112.717689514, -69.6651229858, -40.0782470703, -76.9757614136, 46.8776855469, 291.100860596, 5.29139328003, -57.3040885925, 42.8023300171, -14.2174167633, -24.321395874, 19.096944809], [-69.9807739258, 7.19979715347, 68.0815200806, 93.8796310425, 60.8479919434, 95.643737793, 5.29139328003, 155.761138916, 57.4361457825, -3.67291045189, 62.3600730896, 35.475528717, 35.9672088623], [33.9534912109, -35.6248168945, 25.3405056, 79.8538894653, 121.355880737, 14.4324655533, -57.3040885925, 57.4361457825, 142.077728271, 4.97427368164, 20.8478870392, 39.8833351135, 14.7426643372], [110.138336182, -3.01602053642, -37.1226768494, 3.39856266975, -14.672164917, 32.7503967285, 42.8023300171, -3.67291045189, 4.97427368164, 130.958084106, 18.3289394379, -13.5835781097, -1.69034183025], [-93.6020965576, -6.70499801636, 118.535858154, 62.1254844666, 38.701133728, 104.26008606, -14.2174167633, 62.3600730896, 20.8478870392, 18.3289394379, 139.818878174, 44.4918174744, 8.27853107452], [-68.7073822021, 11.4902820587, 63.8877410889, 80.377532959, 67.1659622192, 23.3863048553, -24.321395874, 35.475528717, 39.8833351135, -13.5835781097, 44.4918174744, 140.293197632, 32.8258361816], [-55.8967628479, 20.2051086426, 18.0015087128, 37.7030487061, 24.1560440063, 28.8650245667, 19.096944809, 35.9672088623, 14.7426643372, -1.69034183025, 8.27853107452, 32.8258361816, 82.1749420166]],
        "icov": [[0.00127374462318, 0.00137899699621, 0.000656301795971, 0.000258812215179, 0.000117202340334, 0.000561060965993, -0.000714451714884, -0.000175184104592, -0.00056494580349, -0.000753462372813, 1.83605043276e-05, -0.000185203549336, 0.000434003275586], [0.00137899699621, 0.00314517901279, 0.00123769801576, 8.95781049621e-05, -0.000594409066252, 0.00111952330917, -0.00145068799611, -0.000444049888756, 0.000326747482177, -0.000587210757658, -0.00053286011098, -0.0002801103401, 0.000260296772467], [0.000656301795971, 0.00123769801576, 0.00252808094956, 0.000746064120904, -0.000315538985888, -0.000494460517075, -8.53724923218e-05, -0.000231571510085, 1.49547058754e-05, 0.000394248345401, -0.00127415568568, -0.000649705820251, 2.69486554316e-05], [0.000258812215179, 8.95781049621e-05, 0.000746064120904, 0.00664159934968, -0.00207746052183, -0.00120652082842, 0.00053325924091, -0.00190932129044, -0.000355780037353, -0.000504695461132, -0.000235745465034, -0.00202851812355, -0.000422899000114], [0.000117202340334, -0.000594409066252, -0.000315538985888, -0.00207746052183, 0.00779103813693, 0.000959598517511, 0.000552366604097, 0.00033448296017, -0.00533200521022, 0.000572233460844, -0.000816962739918, -0.000515499385074, -0.000397324853111], [0.000561060965993, 0.00111952330917, -0.000494460517075, -0.00120652082842, 0.000959598517511, 0.00537539320067, -0.00132599112112, -0.00157436949667, -0.00012007078476, -0.000998503179289, -0.00237153284252, 0.000706410501152, -0.00044702575542], [-0.000714451714884, -0.00145068799611, -8.53724923218e-05, 0.00053325924091, 0.000552366604097, -0.00132599112112, 0.00518410233781, -0.00084070401499, 0.00164254708216, -0.0010136065539, 0.000992165063508, -4.88414207211e-06, -0.00130217394326], [-0.000175184104592, -0.000444049888756, -0.000231571510085, -0.00190932129044, 0.00033448296017, -0.00157436949667, -0.00084070401499, 0.0115545243025, -0.0036985129118, 0.00180030986667, -0.00310607114807, 0.00107561587356, -0.00290665449575], [-0.00056494580349, 0.000326747482177, 1.49547058754e-05, -0.000355780037353, -0.00533200521022, -0.00012007078476, 0.00164254708216, -0.0036985129118, 0.0142810437828, -0.00158324616496, 0.00157272070646, -0.00107690086588, 0.00021905975882], [-0.000753462372813, -0.000587210757658, 0.000394248345401, -0.000504695461132, 0.000572233460844, -0.000998503179289, -0.0010136065539, 0.00180030986667, -0.00158324616496, 0.00959444604814, -0.00236514233984, 0.001268219552, -0.000379771139706], [1.83605043276e-05, -0.00053286011098, -0.00127415568568, -0.000235745465034, -0.000816962739918, -0.00237153284252, 0.000992165063508, -0.00310607114807, 0.00157272070646, -0.00236514233984, 0.0126011725515, -0.00267565459944, 0.00220144446939], [-0.000185203549336, -0.0002801103401, -0.000649705820251, -0.00202851812355, -0.000515499385074, 0.000706410501152, -4.88414207211e-06, 0.00107561587356, -0.00107690086588, 0.001268219552, -0.00267565459944, 0.0104048214853, -0.0032178144902], [0.000434003275586, 0.000260296772467, 2.69486554316e-05, -0.000422899000114, -0.000397324853111, -0.00044702575542, -0.00130217394326, -0.00290665449575, 0.00021905975882, -0.000379771139706, 0.00220144446939, -0.0032178144902, 0.015453661792]]
    },
    "spectral_contrast_coeffs": {
        "max": [-0.373600691557, -0.459434628487, -0.44801235199, -0.553737044334, -0.609424293041, -0.662351667881],
        "mean": [-0.716825127602, -0.718893826008, -0.691282570362, -0.753291189671, -0.769555270672, -0.81284314394],
        "min": [-0.956766724586, -0.903887271881, -0.869756817818, -0.881462037563, -0.879663407803, -0.884379565716],
        "stdev": [0.0766506791115, 0.0754759758711, 0.0887430682778, 0.0638731643558, 0.0522658266127, 0.0314181260765]
    },
    "spectral_contrast_valleys": {
        "max": [-5.11873292923, -4.90267705917, -5.74995565414, -5.5042424202, -5.77090024948, -7.68603181839],
        "mean": [-6.53471422195, -6.71125030518, -7.38439178467, -7.71955251694, -7.91510391235, -9.91229724884],
        "min": [-9.86773109436, -8.51039218903, -8.78623390198, -9.21091651917, -9.42205238342, -11.9724559784],
        "stdev": [0.592631101608, 0.475690931082, 0.485608637333, 0.480913281441, 0.515793859959, 0.789292931557]
    }
},
"rhythm": {
    "beats_count": 74,
    "beats_loudness": {
        "max": 0.114150822163,
        "mean": 0.0435301661491,
        "min": 0.00908309407532,
        "stdev": 0.0250589996576
    },
    "bpm": 137.889480591,
    "bpm_histogram_first_peak_bpm": 140,
    "bpm_histogram_first_peak_weight": 0.485714316368,
    "bpm_histogram_second_peak_bpm": 126,
    "bpm_histogram_second_peak_spread": 0.333333313465,
    "bpm_histogram_second_peak_weight": 0.0273972600698,
    "danceability": 1.1529917717,
    "onset_rate": 4.02978515625,
    "beats_loudness_band_ratio": {
        "max": [0.931789696217, 0.470841228962, 0.717063188553, 0.699194550514, 0.235823214054, 0.615116238594],
        "mean": [0.430081486702, 0.122953943908, 0.230315670371, 0.126616194844, 0.0495387651026, 0.0634818896651],
        "min": [0.00911517534405, 0.00388346728869, 0.00635100249201, 0.00602225866169, 0.00186922657304, 0.00246163760312],
        "stdev": [0.287400126457, 0.109088689089, 0.183531999588, 0.144668206573, 0.0490635409951, 0.0806633085012]
    },
