{
"metadata": {
    "version": {
        "essentia": "2.1-beta5",
        "essentia_git_sha": "Undefined",
        "extractor": "music 2.0"
    },
    "audio_properties": {
        "analysis": {
            "equal_loudness": 0,
            "length": 48.7502937317,
            "sample_rate": 44100,
            "start_time": 77.7520217896,
            "downmix": "mix"
        },
        "bit_rate": 192000,
        "length": 239.78086853,
        "lossless": 0,
        "number_channels": 2,
        "replay_gain": -1.18707847595,
        "sample_rate": 48000,
        "codec": "mp3",
        "md5_encoded": "9e7c3b26f84f1c54be7aec12901c2fa7"
    },
    "tags": {
        "file_name": "Ukraine_Sweet People_Alyosha.mp3",
        "encoding": ["Lavf58.29.100"]
    }
},
"lowlevel": {
    "average_loudness": 0.729966580868,
    "barkbands_crest": {
        "max": 25.5039196014,
        "mean": 10.6120405197,
        "min": 2.84116458893,
        "stdev": 4.30659246445
    },
    "barkbands_flatness_db": {
        "max": 0.381379574537,
        "mean": 0.205510258675,
        "min": 0.0895662754774,
        "stdev": 0.0552484467626
    },
    "barkbands_kurtosis": {
        "max": 71.4985046387,
        "mean": 2.16005253792,
        "min": -1.94160377979,
        "stdev": 5.41632413864
    },
    "barkbands_skewness": {
        "max": 7.93682765961,
        "mean": 0.785450994968,
        "min": -2.74864864349,
        "stdev": 1.18888545036
    },
    "barkbands_spread": {
        "max": 95.5399932861,
        "mean": 20.2611217499,
        "min": 1.32939910889,
        "stdev": 15.6240959167
    },
    "dissonance": {
        "max": 0.49992120266,
        "mean": 0.450362980366,
        "min": 0.238132804632,
        "stdev": 0.0411460287869
    },
    "dynamic_complexity": 5.19028806686,
    "erbbands_crest": {
        "max": 31.4708423615,
        "mean": 11.6764717102,
        "min": 2.78575706482,
        "stdev": 5.5653834343
    },
    "erbbands_flatness_db": {
        "max": 0.409205764532,
        "mean": 0.255328834057,
        "min": 0.10230024159,
        "stdev": 0.062044493854
    },
    "erbbands_kurtosis": {
        "max": 20.0126304626,
        "mean": 0.978350758553,
        "min": -1.81047189236,
        "stdev": 2.62992787361
    },
    "erbbands_skewness": {
        "max": 3.89971852303,
        "mean": 0.319426864386,
        "min": -2.85984563828,
        "stdev": 0.940701246262
    },
    "erbbands_spread": {
        "max": 118.677612305,
        "mean": 30.1795520782,
        "min": 3.20049118996,
        "stdev": 21.0524520874
    },
    "hfc": {
        "max": 127.661949158,
        "mean": 14.9228878021,
        "min": 0.0203248541802,
        "stdev": 17.4688472748
    },
    "loudness_ebu128": {
        "integrated": -25.3845653534,
        "loudness_range": 6.99298095703,
        "momentary": {
            "max": -19.6637058258,
            "mean": -27.9142723083,
            "min": -47.9041061401,
            "stdev": 5.27523040771
        },
        "short_term": {
            "max": -22.4487533569,
            "mean": -26.3656711578,
            "min": -32.2322158813,
            "stdev": 2.3882188797
        }
    },
    "melbands_crest": {
        "max": 35.1467285156,
        "mean": 13.2080535889,
        "min": 3.52690243721,
        "stdev": 5.3991150856
    },
    "melbands_flatness_db": {
        "max": 0.395249217749,
        "mean": 0.199064433575,
        "min": 0.0393698401749,
        "stdev": 0.0671635866165
    },
    "melbands_kurtosis": {
        "max": 253.451904297,
        "mean": 5.90559530258,
        "min": -1.81438302994,
        "stdev": 12.0235214233
    },
    "melbands_skewness": {
        "max": 13.4705295563,
        "mean": 1.53407561779,
        "min": -1.4067492485,
        "stdev": 1.36108732224
    },
    "melbands_spread": {
        "max": 212.476638794,
        "mean": 32.5609512329,
        "min": 1.42334866524,
        "stdev": 28.6357021332
    },
    "pitch_salience": {
        "max": 0.838478446007,
        "mean": 0.582496702671,
        "min": 0.129904046655,
        "stdev": 0.11668279022
    },
    "silence_rate_20dB": {
        "max": 1,
        "mean": 1,
        "min": 1,
        "stdev": 0
    },
    "silence_rate_30dB": {
        "max": 1,
        "mean": 1,
        "min": 1,
        "stdev": 0
    },
    "silence_rate_60dB": {
        "max": 1,
        "mean": 0.383626848459,
        "min": 0,
        "stdev": 0.48626318574
    },
    "spectral_centroid": {
        "max": 4531.83251953,
        "mean": 1790.3359375,
        "min": 316.545623779,
        "stdev": 902.92767334
    },
    "spectral_complexity": {
        "max": 44,
        "mean": 8.74012374878,
        "min": 0,
        "stdev": 5.32280111313
    },
    "spectral_decrease": {
        "max": -9.06598320721e-12,
        "mean": -2.27358754046e-09,
        "min": -2.76682801115e-08,
        "stdev": 2.67589328473e-09
    },
    "spectral_energy": {
        "max": 0.110973373055,
        "mean": 0.00993458926678,
        "min": 3.60605663445e-05,
        "stdev": 0.0113121708855
    },
    "spectral_energyband_high": {
        "max": 0.0168053619564,
        "mean": 0.000774974934757,
        "min": 5.24309804462e-08,
        "stdev": 0.00132442545146
    },
    "spectral_energyband_low": {
        "max": 0.0814455151558,
        "mean": 0.0008058292442,
        "min": 9.40648163805e-08,
        "stdev": 0.00476937415078
    },
    "spectral_energyband_middle_high": {
        "max": 0.0515204295516,
        "mean": 0.00574500625953,
        "min": 6.10419601799e-06,
        "stdev": 0.00804787036031
    },
    "spectral_energyband_middle_low": {
        "max": 0.0586605481803,
        "mean": 0.00278014107607,
        "min": 2.97754450003e-05,
        "stdev": 0.0041476059705
    },
    "spectral_entropy": {
        "max": 8.48274421692,
        "mean": 7.11612081528,
        "min": 5.78224754333,
        "stdev": 0.589189112186
    },
    "spectral_flux": {
        "max": 0.283234864473,
        "mean": 0.0518294163048,
        "min": 0.00237058009952,
        "stdev": 0.0432707220316
    },
    "spectral_kurtosis": {
        "max": 45.7645339966,
        "mean": 4.98795557022,
        "min": -1.5376765728,
        "stdev": 4.78386068344
    },
    "spectral_rms": {
        "max": 0.0104051288217,
        "mean": 0.00264905695803,
        "min": 0.000187566096429,
        "stdev": 0.00163547147531
    },
    "spectral_rolloff": {
        "max": 9539.20898438,
        "mean": 2530.21630859,
        "min": 64.599609375,
        "stdev": 2054.78344727
    },
    "spectral_skewness": {
        "max": 4.94399738312,
        "mean": 1.34172272682,
        "min": -0.239147529006,
        "stdev": 0.723431885242
    },
    "spectral_spread": {
        "max": 21827624,
        "mean": 3659285.25,
        "min": 1294089.875,
        "stdev": 1695661.625
    },
    "spectral_strongpeak": {
        "max": 14.9324417114,
        "mean": 1.75489366055,
        "min": 0.0148249529302,
        "stdev": 2.25784993172
    },
    "zerocrossingrate": {
        "max": 0.3173828125,
        "mean": 0.0829938650131,
        "min": 0.0126953125,
        "stdev": 0.0507634356618
    },
    "barkbands": {
        "max": [0.00909581314772, 0.0569553077221, 0.023879237473, 0.0226899050176, 0.0265122875571, 0.0164971351624, 0.0199645757675, 0.0172378905118, 0.0139298439026, 0.0224099196494, 0.0468365475535, 0.0255785286427, 0.0283533204347, 0.035187382251, 0.0163169894367, 0.0152202248573, 0.0113588105887, 0.0149800889194, 0.0127604398876, 0.00884640961885, 0.0167300384492, 0.000918630277738, 0.00174869969487, 0.00298367999494, 0.000969380838796, 5.4226390489e-08, 5.79749297458e-08],
        "mean": [8.77258789842e-05, 0.000515851483215, 0.000150224193931, 0.000152877022629, 0.000327995832777, 0.000648429791909, 0.000771043763962, 0.000272139150184, 0.000376343610696, 0.000709350162651, 0.00128900341224, 0.000547011382878, 0.00073560886085, 0.00048483570572, 0.000529889308382, 0.000259711843682, 0.000199836082174, 0.000597127655055, 0.000379787932616, 0.000517078267876, 0.000228093034821, 2.56432176684e-05, 3.40820370184e-05, 8.34009697428e-05, 1.15049360829e-05, 5.06239994369e-10, 5.29872756783e-10],
        "min": [1.0425102448e-10, 2.22608531608e-09, 7.6815993566e-09, 1.54728354573e-08, 3.02372598071e-07, 7.01030955952e-07, 5.15765464115e-07, 9.97780716716e-07, 5.05063724177e-07, 9.0496877192e-07, 4.23595793109e-07, 3.26118680505e-07, 1.2589991627e-07, 7.48804254158e-08, 4.68500935824e-08, 5.62030493256e-08, 6.68584547725e-08, 8.85658479888e-08, 4.0190066386e-08, 3.33940555208e-08, 1.57778821119e-08, 4.2187311422e-09, 1.80644954551e-09, 9.21382636854e-10, 1.27490837332e-10, 8.51593587314e-11, 1.15421408542e-10],
        "stdev": [0.000546809576917, 0.00343985902146, 0.00110073655378, 0.00104800204281, 0.00133478152566, 0.00148141453974, 0.00179143808782, 0.000937744101975, 0.00101411214564, 0.00227535679005, 0.0045691751875, 0.00181022041943, 0.00233170366846, 0.00160695880186, 0.00165204575751, 0.000973466609139, 0.000706046645064, 0.00149577623233, 0.00105805636849, 0.00100407050923, 0.000802354305051, 7.78970861575e-05, 8.57829145389e-05, 0.000228334407439, 4.76874192827e-05, 1.76988668166e-09, 1.88662929723e-09]
    },
    "erbbands": {
        "max": [2.27589249611, 13.1806726456, 29.2008304596, 34.9769363403, 128.989105225, 70.0015411377, 82.3494873047, 194.789855957, 147.994277954, 569.092346191, 152.246017456, 304.666534424, 675.098022461, 1171.18994141, 2243.04907227, 795.40020752, 1579.03198242, 1965.4744873, 880.078918457, 989.522216797, 909.433532715, 759.413146973, 635.365844727, 814.206665039, 434.744445801, 456.589111328, 1104.34191895, 199.12828064, 36.8220367432, 34.3337402344, 56.4226646423, 57.7832641602, 64.1389007568, 20.7991199493, 0.482632011175, 0.0225417502224, 0.00227733911015, 0.000369740184397, 8.61810622155e-05, 0.000131083113956],
        "mean": [0.0231558252126, 0.0821809917688, 0.179117172956, 0.330827534199, 0.773750841618, 1.20224487782, 2.42284202576, 6.11533212662, 6.92572784424, 15.4310665131, 4.12709236145, 7.67232894897, 18.034368515, 28.9263801575, 54.3039855957, 26.490064621, 30.8417739868, 34.062412262, 29.2228851318, 15.9030990601, 16.0417366028, 11.3597564697, 21.6247425079, 31.9500236511, 16.8404521942, 26.852191925, 19.2667922974, 3.15845417976, 0.990109324455, 0.80331915617, 1.04423642159, 1.41000497341, 1.4447748661, 0.290891557932, 0.00707109924406, 0.000385674647987, 5.10218924319e-05, 1.15561497296e-05, 8.70754138305e-06, 1.36265816764e-05],
        "min": [1.25276628182e-07, 1.77179776983e-06, 3.6173787521e-05, 0.000130115571665, 0.000399025855586, 0.000890507304575, 0.0036153215915, 0.00563558097929, 0.0312539376318, 0.0176307819784, 0.0172258354723, 0.0193327274173, 0.0457388423383, 0.0235785320401, 0.0282200761139, 0.0198075510561, 0.0100770471618, 0.00693667354062, 0.00445925351232, 0.00326970522292, 0.00253208889626, 0.00444639055058, 0.00412618881091, 0.00302654923871, 0.00183872168418, 0.0015775578795, 0.00125483504962, 0.000372732349206, 0.000181827839697, 9.01147868717e-05, 4.32930901297e-05, 2.76630962617e-05, 1.00936422314e-05, 2.65670655608e-06, 1.15345642371e-06, 5.78160950226e-07, 2.90975464168e-07, 8.22540258127e-08, 4.09359373066e-08, 4.29437783112e-08],
        "stdev": [0.15136307478, 0.642070114613, 1.38598716259, 1.83329761028, 5.71341943741, 3.40062046051, 6.36320257187, 14.921216011, 12.9240579605, 44.5005073547, 9.90930461884, 20.2729167938, 56.6994476318, 85.1098022461, 205.688964844, 76.3799057007, 105.802658081, 95.9006729126, 96.338684082, 46.5394935608, 56.4379386902, 39.5789070129, 55.07396698, 74.2774658203, 46.2882766724, 55.8340339661, 51.5923919678, 10.7829380035, 2.93876051903, 2.26326918602, 2.58951544762, 3.61166024208, 4.33045101166, 1.01100623608, 0.023962745443, 0.00118638831191, 0.00012889757636, 2.30045443459e-05, 9.27671499085e-06, 1.45584799611e-05]
    },
    "gfcc": {
        "mean": [-119.710441589, 97.5724563599, -182.611495972, 25.2859630585, -92.7469024658, -0.0974889621139, -40.2209892273, -6.69595813751, -21.9032287598, -21.1610546112, 16.2006797791, -24.4163951874, 8.45551300049],
        "cov": [[6357.89550781, -1674.91101074, -832.933898926, 1104.49230957, 469.487609863, 566.449035645, 181.224212646, 307.793518066, -59.9540061951, 223.297012329, 305.021240234, -365.528442383, 88.8682479858], [-1674.91101074, 1586.61120605, 505.950714111, -245.975463867, 212.161193848, -145.662902832, 196.631774902, -101.653762817, 98.6736221313, -138.433120728, -9.61122322083, 89.0953521729, -36.0091552734], [-832.933898926, 505.950714111, 1305.56469727, 234.6640625, -305.18862915, 299.815887451, -119.403343201, 29.5603656769, 123.816673279, -119.769096375, -215.014038086, 188.33416748, -62.4077186584], [1104.49230957, -245.975463867, 234.6640625, 897.801208496, 177.009902954, 146.248535156, 85.6517791748, 149.129653931, 123.378601074, -12.4342098236, -85.3029174805, 36.2066497803, 3.44002127647], [469.487609863, 212.161193848, -305.18862915, 177.009902954, 525.245056152, -25.6903800964, 214.494110107, 92.7354507446, 30.0931549072, 46.8811798096, 127.271072388, -50.6412467957, 10.1746644974], [566.449035645, -145.662902832, 299.815887451, 146.248535156, -25.6903800964, 434.282867432, 66.5697555542, 21.4780635834, 12.5320072174, 37.4102630615, 11.1825046539, -0.528247773647, -34.012298584], [181.224212646, 196.631774902, -119.403343201, 85.6517791748, 214.494110107, 66.5697555542, 325.743133545, 22.0709667206, 6.72556114197, 54.1657829285, 96.5612487793, 4.83768415451, -6.9518737793], [307.793518066, -101.653762817, 29.5603656769, 149.129653931, 92.7354507446, 21.4780635834, 22.0709667206, 204.590484619, 66.9149093628, 21.2370471954, 19.6439933777, 5.94188547134, 32.4224014282], [-59.9540061951, 98.6736221313, 123.816673279, 123.378601074, 30.0931549072, 12.5320072174, 6.72556114197, 66.9149093628, 179.24319458, -0.483077824116, -40.4069252014, 63.3817634583, 0.00733882375062], [223.297012329, -138.433120728, -119.769096375, -12.4342098236, 46.8811798096, 37.4102630615, 54.1657829285, 21.2370471954, -0.483077824116, 170.096740723, 89.129989624, -51.8603172302, 6.33953380585], [305.021240234, -9.61122322083, -215.014038086, -85.3029174805, 127.271072388, 11.1825046539, 96.5612487793, 19.6439933777, -40.4069252014, 89.129989624, 196.638214111, -36.7360305786, -3.99881982803], [-365.528442383, 89.0953521729, 188.33416748, 36.2066497803, -50.6412467957, -0.528247773647, 4.83768415451, 5.94188547134, 63.3817634583, -51.8603172302, -36.7360305786, 146.717636108, 14.1494235992], [88.8682479858, -36.0091552734, -62.4077186584, 3.44002127647, 10.1746644974, -34.012298584, -6.9518737793, 32.4224014282, 0.00733882375062, 6.33953380585, -3.99881982803, 14.1494235992, 121.122749329]],
        "icov": [[0.000519684923347, 0.000457572488813, 3.04098284687e-05, -0.000523770460859, -0.000106563296868, -0.000441228330601, -0.00010760580335, 0.00015490311489, -0.000454941007774, 0.000802719616331, -0.00106603617314, 0.00133824709337, -0.000610820658039], [0.000457572488813, 0.00378839136101, -0.00340214604512, 0.00138578994665, -0.00268706120551, 0.00241322582588, -0.00299058714882, 0.00307996640913, -0.00331066129729, 0.00357899907976, -0.00243950611912, 0.00418266933411, -0.00185074552428], [3.04098284687e-05, -0.00340214604512, 0.00512950168923, -0.00203242362477, 0.00310239451937, -0.00392405781895, 0.00321350386366, -0.00343371694908, 0.00284417415969, -0.0027216039598, 0.00249158381484, -0.00462779169902, 0.00217312760651], [-0.000523770460859, 0.00138578994665, -0.00203242362477, 0.00321717723273, -0.00203100731596, 0.0015276344493, -0.00167426874395, 0.000613140058704, -0.00139685836621, 0.000544094596989, 0.00154304935131, 0.000185722616152, -2.06844583772e-06], [-0.000106563296868, -0.00268706120551, 0.00310239451937, -0.00203100731596, 0.00591046968475, -0.0016202632105, 0.000339293590514, -0.00305350543931, 0.00123289239127, -0.00113906478509, -0.000468419311801, -0.00111674214713, 0.000995406531729], [-0.000441228330601, 0.00241322582588, -0.00392405781895, 0.0015276344493, -0.0016202632105, 0.00612589297816, -0.00323156709783, 0.00236243847758, -0.00189811282326, 0.00114209961612, -0.0012183181243, 0.00252441572957, -0.000380395242246], [-0.00010760580335, -0.00299058714882, 0.00321350386366, -0.00167426874395, 0.000339293590514, -0.00323156709783, 0.00757771916687, -0.00199902360328, 0.0029900977388, -0.00352704501711, 0.000606059446, -0.00477692577988, 0.00168969586957], [0.00015490311489, 0.00307996640913, -0.00343371694908, 0.000613140058704, -0.00305350543931, 0.00236243847758, -0.00199902360328, 0.00972129497677, -0.00509179569781, 0.00279035163112, -0.00334507226944, 0.00408613635227, -0.00351517740637], [-0.000454941007774, -0.00331066129729, 0.00284417415969, -0.00139685836621, 0.00123289239127, -0.00189811282326, 0.0029900977388, -0.00509179569781, 0.0119150206447, -0.00556388031691, 0.0049215243198, -0.00808837637305, 0.00315053970553], [0.000802719616331, 0.00357899907976, -0.0027216039598, 0.000544094596989, -0.00113906478509, 0.00114209961612, -0.00352704501711, 0.00279035163112, -0.00556388031691, 0.0131908645853, -0.00731367571279, 0.00836133025587, -0.00338393868878], [-0.00106603617314, -0.00243950611912, 0.00249158381484, 0.00154304935131, -0.000468419311801, -0.0012183181243, 0.000606059446, -0.00334507226944, 0.0049215243198, -0.00731367571279, 0.0136164631695, -0.00644448725507, 0.00350916432217], [0.00133824709337, 0.00418266933411, -0.00462779169902, 0.000185722616152, -0.00111674214713, 0.00252441572957, -0.00477692577988, 0.00408613635227, -0.00808837637305, 0.00836133025587, -0.00644448725507, 0.0184869598597, -0.00550290616229], [-0.000610820658039, -0.00185074552428, 0.00217312760651, -2.06844583772e-06, 0.000995406531729, -0.000380395242246, 0.00168969586957, -0.00351517740637, 0.00315053970553, -0.00338393868878, 0.00350916432217, -0.00550290616229, 0.0110568972304]]
    },
    "melbands": {
        "max": [0.0151080852374, 0.0152248851955, 0.00965105183423, 0.00636946223676, 0.00268099620007, 0.00384262530133, 0.0023240565788, 0.00610533636063, 0.000991746666841, 0.00231606629677, 0.00342010520399, 0.0044986740686, 0.0064526530914, 0.00345269753598, 0.00256792199798, 0.00278408359736, 0.00345670455135, 0.00149079330731, 0.00142053584568, 0.00125701632351, 0.000910653790925, 0.00105118448846, 0.000302407075651, 0.00111956312321, 0.000756436318625, 0.000560801534448, 0.000416543043684, 0.000426835555118, 0.000868567149155, 0.00035613210639, 8.36819162942e-05, 2.16432399611e-05, 1.60811705427e-05, 2.17436372623e-05, 3.53170580638e-05, 2.45697719947e-05, 4.07942025049e-05, 4.31979133282e-05, 6.17933692411e-05, 3.45467742591e-06],
        "mean": [0.000170367828105, 9.56015574047e-05, 7.31545151211e-05, 6.73927061143e-05, 8.20651330287e-05, 0.000133357578306, 0.000123035482829, 0.000148218823597, 2.76108676189e-05, 5.44738395547e-05, 9.05555498321e-05, 0.000108878477477, 0.000180895760423, 9.3801143521e-05, 5.48746611457e-05, 7.4247160228e-05, 5.8087061916e-05, 4.35508081864e-05, 2.94719084195e-05, 1.71886094904e-05, 1.84964210348e-05, 1.20064460134e-05, 9.38218272495e-06, 3.19129540003e-05, 2.51325272984e-05, 1.53748787852e-05, 8.11478093965e-06, 2.06460226764e-05, 1.56941623572e-05, 4.19926982431e-06, 8.44878002226e-07, 5.58866531719e-07, 4.07319731721e-07, 4.57065112869e-07, 5.72924534481e-07, 6.93465835866e-07, 9.38090977343e-07, 1.02432295535e-06, 8.81561561528e-07, 3.87996657025e-08],
        "min": [7.48453687915e-10, 1.81438863933e-08, 2.69139110998e-08, 5.18899341273e-08, 5.37766524644e-08, 1.36266564255e-07, 4.35563407564e-07, 1.76046270894e-07, 1.21780757922e-07, 1.14881302693e-07, 1.6682452042e-07, 6.58891892158e-08, 6.57907506252e-08, 4.05108266932e-08, 3.70429340535e-08, 1.27970851693e-08, 7.85862486197e-09, 8.48721981583e-09, 3.82216169825e-09, 5.35988498029e-09, 2.04900074685e-09, 3.74944963966e-09, 4.15926049158e-09, 3.66759800308e-09, 2.30822627678e-09, 1.29856903008e-09, 1.08320552528e-09, 1.01378982986e-09, 8.18141332459e-10, 2.5706481388e-10, 1.17742940398e-10, 9.95989055119e-11, 5.28868338012e-11, 4.0243832572e-11, 2.09745727731e-11, 2.02463375926e-11, 1.29895165804e-11, 5.76043119455e-12, 4.81275913219e-12, 9.55118146032e-13],
        "stdev": [0.0011001083767, 0.000731040083338, 0.00045468629105, 0.000317528698361, 0.000195214670384, 0.000311623880407, 0.000233688522712, 0.000431911321357, 7.30625397409e-05, 0.000147446218762, 0.000287261646008, 0.000355412834324, 0.000638171099126, 0.000286065536784, 0.000194285647012, 0.000217739347136, 0.000178968315595, 0.000155494635692, 8.7243541202e-05, 6.2371364038e-05, 6.6855980549e-05, 5.02068432979e-05, 2.49073309533e-05, 8.89607690624e-05, 6.46510379738e-05, 5.14826242579e-05, 1.83626943908e-05, 4.69908482046e-05, 4.31456355727e-05, 1.76815938175e-05, 3.13223017656e-06, 1.79546623258e-06, 1.28915189634e-06, 1.32375964768e-06, 1.50450273395e-06, 1.66303470905e-06, 2.544304607e-06, 3.08964058604e-06, 3.01455770568e-06, 1.67959200326e-07]
    },
    "melbands128": {
        "max": [0.00788352545351, 0.0230396687984, 0.0207588747144, 0.0222292020917, 0.0177810266614, 0.0102139320225, 0.00519643817097, 0.0144681362435, 0.0153345772997, 0.00685881124809, 0.00351125281304, 0.00293689104728, 0.00347659178078, 0.00511795608327, 0.00728907017037, 0.00666262675077, 0.00307895103469, 0.00332076614723, 0.00507007865235, 0.0106778349727, 0.0062014516443, 0.00191516149789, 0.00148962670937, 0.00277073401958, 0.00227426574565, 0.00537235662341, 0.00492938933894, 0.00692112930119, 0.00374545203522, 0.00801288057119, 0.00932830851525, 0.00754894735292, 0.00983049813658, 0.0146533306688, 0.00878157373518, 0.00359475961886, 0.00512589002028, 0.00227765389718, 0.00783497095108, 0.00737692043185, 0.00590338371694, 0.00757172796875, 0.00580148026347, 0.00413017254323, 0.00203371536918, 0.00332260155119, 0.00394874392077, 0.00147756782826, 0.00400510057807, 0.00139171874616, 0.00247939955443, 0.00282018259168, 0.00148806720972, 0.00102841248736, 0.00185588933527, 0.00240646768361, 0.00118017860223, 0.000694735150319, 0.000580762221944, 0.0011855448829, 0.00204690149985, 0.00265233777463, 0.00191900052596, 0.00167170632631, 0.00194649084006, 0.00126275978982, 0.000641056103632, 0.0001677635737, 0.000701558368746, 0.000778226763941, 0.000736566202249, 0.000954314484261, 0.000557303254027, 0.00206362153403, 0.000498261651956, 0.000528199947439, 0.000477613939438, 0.000135927853989, 0.000111536261102, 5.55424012418e-05, 1.73758307938e-05, 2.77370054391e-05, 2.52115059993e-05, 1.64951452462e-05, 1.80835686479e-05, 2.5471455956e-05, 3.09995120915e-05, 2.61862842308e-05, 4.54996079498e-05, 3.98846314056e-05, 2.0922982003e-05, 2.34545841522e-05, 3.94925409637e-05, 3.88300068153e-05, 6.12865405856e-05, 6.18408084847e-05, 5.3968255088e-05, 4.96330576425e-05, 0.000100091776403, 4.40372677986e-05, 2.98565510093e-07, 5.77460701479e-09, 2.6003819098e-09, 1.9444559296e-09, 4.13864054138e-09, 2.03837502433e-09, 1.24396404289e-09, 3.83841847196e-10, 3.72354092004e-10, 3.56982776673e-10, 3.41491418476e-10, 3.31626143213e-10, 3.20554027766e-10, 3.09397507614e-10, 2.9868596485e-10, 2.85456547289e-10, 2.78732537051e-10, 2.69816474718e-10, 2.62616040025e-10, 2.57684512617e-10, 2.51876908219e-10, 2.45390097131e-10, 2.38893294036e-10, 2.37996761188e-10, 2.32234842468e-10, 2.30145819069e-10, 2.28280394587e-10, 2.27167978872e-10],
        "mean": [8.09515331639e-05, 0.000224088304094, 0.000178897331352, 0.000123906735098, 9.92368077277e-05, 6.71245288686e-05, 5.79880797886e-05, 8.66337286425e-05, 8.19564666017e-05, 5.38419844816e-05, 6.98923977325e-05, 6.73601825838e-05, 5.87635113334e-05, 0.000137445909786, 0.000148384060594, 0.000138204195537, 8.50667056511e-05, 9.5426585176e-05, 0.000188029516721, 0.000239676766796, 8.02852227935e-05, 2.54292845057e-05, 1.8540500605e-05, 3.00494211842e-05, 4.16905604652e-05, 5.87429312873e-05, 0.000102667421743, 9.98410396278e-05, 6.06354224146e-05, 0.000126410275698, 9.66318548308e-05, 0.000134208909003, 0.000211226084502, 0.000227736090892, 7.23985140212e-05, 8.74203833519e-05, 6.0657668655e-05, 2.21412865358e-05, 8.40775537654e-05, 6.79491931805e-05, 5.23867129232e-05, 0.000120626536955, 6.42085433356e-05, 2.79821197182e-05, 1.62031665241e-05, 5.90869676671e-05, 6.45644613542e-05, 1.93365340238e-05, 2.42483074544e-05, 1.72474410647e-05, 1.25737906274e-05, 1.95820430235e-05, 2.4756662242e-05, 1.43252618727e-05, 1.41586069731e-05, 1.28726915136e-05, 8.65279525897e-06, 9.24824598769e-06, 8.04271257948e-06, 1.25864380607e-05, 3.26704976032e-05, 4.74807893625e-05, 3.75309173251e-05, 1.22655337691e-05, 1.65684796229e-05, 1.90852606465e-05, 1.36538783408e-05, 4.23767460234e-06, 5.07529966853e-06, 1.50677651618e-05, 2.49408385571e-05, 1.95934953808e-05, 2.02638439077e-05, 1.84294076462e-05, 5.79290599489e-06, 4.95582617077e-06, 3.20523895425e-06, 8.15080966277e-07, 6.02139323291e-07, 7.66805499097e-07, 5.41703570889e-07, 5.37789333066e-07, 4.38194575736e-07, 3.72892174028e-07, 3.83069703958e-07, 4.45075471589e-07, 4.55146079048e-07, 5.48644266019e-07, 5.88397824686e-07, 5.62339039334e-07, 6.63228718167e-07, 6.8894883043e-07, 8.25517417979e-07, 9.10609799121e-07, 1.05864296529e-06, 1.02107117073e-06, 9.72217890194e-07, 1.05266906303e-06, 1.33576213557e-06, 5.26264841483e-07, 3.59233620628e-09, 2.36497696426e-11, 7.99005826779e-12, 6.38028562275e-12, 6.60370412867e-12, 5.5479579264e-12, 5.19327332874e-12, 3.69129076264e-12, 3.49726801338e-12, 3.33327376117e-12, 3.21438513827e-12, 3.09087954883e-12, 2.94552229829e-12, 2.82036503527e-12, 2.74704412863e-12, 2.68237689005e-12, 2.61215138062e-12, 2.50742981066e-12, 2.47508545777e-12, 2.41723286352e-12, 2.3437892252e-12, 2.29934886235e-12, 2.28636879394e-12, 2.22308022685e-12, 2.02090167517e-12, 1.6877415264e-12, 1.5070616196e-12, 1.47535477758e-12],
        "min": [1.9932104578e-11, 1.24285567948e-10, 1.52692067323e-10, 2.62438987209e-10, 1.12091358417e-09, 5.03414598896e-09, 9.68187308104e-09, 8.75197603278e-09, 3.92273769023e-09, 7.76944730774e-09, 8.421411124e-09, 2.11318162968e-08, 2.11381667725e-08, 1.60219197909e-08, 4.57801974107e-08, 2.96395974431e-08, 7.54115205837e-08, 5.42947375948e-08, 2.22200000621e-08, 8.43158876052e-09, 1.66403722801e-07, 3.38825074664e-08, 1.40542857352e-08, 1.40762317358e-08, 5.75795500168e-09, 1.12163656141e-08, 8.92239313544e-08, 1.93879273525e-07, 6.40363495563e-08, 3.24515903039e-09, 1.67686966535e-08, 7.80056552685e-08, 6.21598346129e-08, 1.11824824955e-08, 8.83388118211e-09, 1.21041532353e-08, 1.88133935097e-08, 5.9841278599e-09, 3.17364179381e-09, 8.93026896875e-09, 5.45289458032e-09, 1.22167420624e-09, 4.79121009533e-09, 2.8832305432e-09, 1.90344429107e-09, 3.47252981925e-09, 2.60209254144e-09, 2.98035374158e-09, 2.621225903e-09, 2.86523405002e-09, 9.83000125743e-10, 2.06442618556e-09, 1.90949145384e-09, 1.85485049542e-09, 2.68464073194e-09, 1.13835418869e-09, 1.56601909218e-09, 3.18936921317e-09, 5.32243937812e-09, 1.97445282346e-09, 2.26568541706e-09, 1.68923375288e-09, 1.80193582278e-09, 6.86391665727e-10, 1.19201704063e-09, 4.76814587813e-10, 8.12827305463e-10, 7.55950246845e-10, 8.67355354206e-10, 3.71791597509e-10, 8.76562988861e-10, 5.96154292598e-10, 4.41315733957e-10, 4.78149686511e-10, 2.56758947437e-10, 1.61947788513e-10, 1.34659297601e-10, 7.21963946959e-11, 5.48193886118e-11, 7.57068713275e-11, 6.35996463827e-11, 3.68813486695e-12, 4.98975470317e-12, 1.65838714289e-11, 2.08505764737e-11, 2.19918631916e-11, 2.1786804999e-11, 2.17060432128e-11, 1.88001142432e-11, 1.5447603266e-11, 1.23237444555e-11, 1.38254477311e-11, 1.14952058289e-11, 1.05410359261e-11, 5.68039105336e-12, 1.79123870684e-12, 3.19478146195e-12, 4.46015056485e-12, 3.5808981648e-12, 7.46491301933e-13, 5.83787087682e-13, 3.26593786737e-13, 2.80760440938e-13, 3.45348370127e-13, 2.20510621481e-13, 3.08021403522e-13, 2.6561001662e-13, 2.60350307936e-13, 3.01921546575e-13, 3.11522997069e-13, 3.44720074968e-13, 3.50800578907e-13, 3.02196852611e-13, 2.30120528752e-13, 3.19105175227e-13, 3.06354442682e-13, 2.75112750506e-13, 2.77710742857e-13, 3.11889836874e-13, 3.61315334206e-13, 2.81225102884e-13, 3.15363241164e-13, 2.7592050823e-13, 3.45340509661e-13, 2.30956042051e-13, 1.03926036613e-13, 1.12402627353e-14, 4.2779409589e-16],
        "stdev": [0.000506877200678, 0.00147844012827, 0.00128519081045, 0.0010307978373, 0.000837105850223, 0.000457448069938, 0.000297003338346, 0.000649381719995, 0.000668116786983, 0.000305443187244, 0.000178639616934, 0.000167915088241, 0.000220868168981, 0.000402689533075, 0.00043676950736, 0.00044322796748, 0.000223953626119, 0.000280939333607, 0.00051896990044, 0.000787083990872, 0.000332068128046, 8.51716249599e-05, 8.24203816592e-05, 0.000127929233713, 0.000160878087627, 0.000253382953815, 0.00036014476791, 0.000493520521559, 0.000257753854385, 0.000572572578676, 0.000482892006403, 0.000543744594324, 0.000785040785559, 0.00127629807685, 0.000333971373038, 0.000358453806257, 0.000303256587358, 0.000130220956635, 0.000450313091278, 0.000395201408537, 0.00024599218159, 0.00044158558012, 0.000278831488686, 0.000177610607352, 0.000102813246485, 0.000270187709248, 0.000292719865683, 8.33434169181e-05, 0.000137688490213, 8.14290833659e-05, 8.45524555189e-05, 0.000130466840346, 0.000123094607261, 6.75608098391e-05, 7.88288089097e-05, 8.79377766978e-05, 4.75232409372e-05, 3.97901894758e-05, 3.18423735735e-05, 5.75876001676e-05, 0.000129740103148, 0.000177361333044, 0.00012748548761, 6.80606026435e-05, 9.01944804355e-05, 8.05944146123e-05, 6.28205816611e-05, 1.36159751492e-05, 2.2151549274e-05, 4.70011364087e-05, 7.48903112253e-05, 6.85170598445e-05, 5.96738245804e-05, 8.29717391753e-05, 2.71616590908e-05, 2.61177920038e-05, 2.22256221605e-05, 4.58787235402e-06, 3.0342437185e-06, 2.82143150798e-06, 1.66507413724e-06, 2.06781282941e-06, 1.73265482317e-06, 1.23537051877e-06, 1.18263267268e-06, 1.55282668857e-06, 1.39102485264e-06, 1.54721203671e-06, 1.75341335762e-06, 1.56394060014e-06, 1.68750659668e-06, 1.72604643467e-06, 2.43401086664e-06, 2.54360020335e-06, 3.31064347847e-06, 3.50140521732e-06, 3.28078363054e-06, 3.3333110423e-06, 4.78414722238e-06, 2.16983949031e-06, 1.50494265938e-08, 1.98374733307e-10, 6.61683832726e-11, 4.80687989413e-11, 9.17637077436e-11, 4.71454021655e-11, 3.20901950845e-11, 1.27555509558e-11, 1.22391853596e-11, 1.1727364739e-11, 1.1186745974e-11, 1.08135896071e-11, 1.04488119546e-11, 1.00776227641e-11, 9.7238900959e-12, 9.29079296136e-12, 9.08043605585e-12, 8.78777606239e-12, 8.55159953267e-12, 8.38439300627e-12, 8.19417103615e-12, 7.98492088422e-12, 7.77677314906e-12, 7.72861288856e-12, 7.55955194276e-12, 7.49628831231e-12, 7.43472297615e-12, 7.40009442612e-12]
    },
    "mfcc": {
        "mean": [-738.156555176, 107.702674866, -27.4554634094, 4.16747570038, -17.8111095428, -21.7682266235, 0.81917142868, -8.48232269287, -22.5472812653, 4.1463637352, -23.2499771118, 7.80111217499, -9.47761535645],
        "cov": [[6366.84765625, -1995.72265625, -707.925415039, 652.767883301, 401.622344971, 240.915802002, 505.428497314, 133.928405762, -79.4566802979, 722.28125, -193.945388794, 291.701629639, -67.3760528564], [-1995.72265625, 1682.328125, 58.6631202698, -123.306999207, -64.8174972534, -39.551738739, 6.30024719238, 21.289642334, -4.39911985397, -167.329940796, 125.525924683, -78.515663147, 13.2647781372], [-707.925415039, 58.6631202698, 1464.53161621, -118.999008179, -36.9440040588, 342.565765381, -291.964416504, 207.146514893, 198.662750244, -325.562774658, 256.058166504, -184.405929565, -29.7777271271], [652.767883301, -123.306999207, -118.999008179, 638.990478516, 169.401702881, 59.2949333191, 67.6803970337, 175.23576355, 101.732200623, 97.1248779297, -43.3351364136, 139.355422974, 38.6856002808], [401.622344971, -64.8174972534, -36.9440040588, 169.401702881, 308.822631836, -30.1441802979, 54.4310913086, 79.2337112427, 55.4485931396, 98.3071136475, -46.4443321228, 64.9862060547, 37.3515167236], [240.915802002, -39.551738739, 342.565765381, 59.2949333191, -30.1441802979, 421.374450684, 13.8254737854, 137.409545898, 40.3881454468, -2.81843209267, 148.930664062, -70.4606018066, -4.66863775253], [505.428497314, 6.30024719238, -291.964416504, 67.6803970337, 54.4310913086, 13.8254737854, 387.056762695, -39.7666015625, -66.8142929077, 191.621185303, -2.04964399338, 62.968044281, 25.6811828613], [133.928405762, 21.289642334, 207.146514893, 175.23576355, 79.2337112427, 137.409545898, -39.7666015625, 287.943847656, 82.2392730713, -29.6598777771, 50.2341461182, 22.9747600555, 22.707113266], [-79.4566802979, -4.39911985397, 198.662750244, 101.732200623, 55.4485931396, 40.3881454468, -66.8142929077, 82.2392730713, 215.181838989, -42.53490448, 23.9848613739, 2.5053396225, -9.96059799194], [722.28125, -167.329940796, -325.562774658, 97.1248779297, 98.3071136475, -2.81843209267, 191.621185303, -29.6598777771, -42.53490448, 308.433166504, -43.0918617249, 74.8464660645, 12.8481025696], [-193.945388794, 125.525924683, 256.058166504, -43.3351364136, -46.4443321228, 148.930664062, -2.04964399338, 50.2341461182, 23.9848613739, -43.0918617249, 241.38508606, -41.8771629333, 28.5318756104], [291.701629639, -78.515663147, -184.405929565, 139.355422974, 64.9862060547, -70.4606018066, 62.968044281, 22.9747600555, 2.5053396225, 74.8464660645, -41.8771629333, 198.109924316, 21.0059261322], [-67.3760528564, 13.2647781372, -29.7777271271, 38.6856002808, 37.3515167236, -4.66863775253, 25.6811828613, 22.707113266, -9.96059799194, 12.8481025696, 28.5318756104, 21.0059261322, 124.862503052]],
        "icov": [[0.000413761037635, 0.000425074365921, 9.40723766689e-05, -0.00015845472808, -0.000260038650595, -0.000215226289583, -0.0002249332465, -0.000172090862179, 0.000209113248275, -0.00036723606172, -5.43580645171e-05, -6.73078611726e-05, 0.000475150562124], [0.000425074365921, 0.00113779073581, 0.000231901824009, -9.67523083091e-05, -0.000316337565891, 1.56052974489e-05, -0.000485778902657, -0.000383909151424, 0.000198216905119, 0.000147160477354, -0.000534048303962, 0.000187914265553, 0.000549811345991], [9.40723766689e-05, 0.000231901824009, 0.00161017174833, 0.000323478045175, -0.000599056773353, -0.000834914273582, 0.000342647836078, -0.000400809716666, -0.000695560127497, 0.00109084742144, -0.000923807325307, 0.000417205825215, 0.000433480454376], [-0.00015845472808, -9.67523083091e-05, 0.000323478045175, 0.00272043887526, -0.000495977175888, -0.000528026197571, -6.12989315414e-05, -0.00106177781709, -0.00107481935993, 0.000120736833196, 0.000506419164594, -0.00116948026698, -0.000523757771589], [-0.000260038650595, -0.000316337565891, -0.000599056773353, -0.000495977175888, 0.00513334013522, 0.00105987244751, -0.00015235968749, -0.000987959560007, -0.000998981879093, -0.00157059566118, 0.00101802905556, -0.000113583948405, -0.0015124687925], [-0.000215226289583, 1.56052974489e-05, -0.000834914273582, -0.000528026197571, 0.00105987244751, 0.00470878463238, -0.000523159338627, -0.00160441431217, 0.000243617338128, -0.000922526873183, -0.00172572222073, 0.00153982825577, 0.0003547235101], [-0.0002249332465, -0.000485778902657, 0.000342647836078, -6.12989315414e-05, -0.00015235968749, -0.000523159338627, 0.00436548236758, 0.000651203037705, 0.000540448410902, -0.0018219348276, -0.000504273921251, -0.00046678763465, -0.000534998078365], [-0.000172090862179, -0.000383909151424, -0.000400809716666, -0.00106177781709, -0.000987959560007, -0.00160441431217, 0.000651203037705, 0.00603258563206, -0.0006258689682, 0.000736627262086, -1.78069876711e-05, -0.0008685112698, -0.000789694895502], [0.000209113248275, 0.000198216905119, -0.000695560127497, -0.00107481935993, -0.000998981879093, 0.000243617338128, 0.000540448410902, -0.0006258689682, 0.00659536756575, -2.95323170576e-05, -0.00041789439274, -9.44800704019e-05, 0.00121006800327], [-0.00036723606172, 0.000147160477354, 0.00109084742144, 0.000120736833196, -0.00157059566118, -0.000922526873183, -0.0018219348276, 0.000736627262086, -2.95323170576e-05, 0.00707518495619, -0.000245618808549, -0.000524807546753, 9.90876797005e-05], [-5.43580645171e-05, -0.000534048303962, -0.000923807325307, 0.000506419164594, 0.00101802905556, -0.00172572222073, -0.000504273921251, -1.78069876711e-05, -0.00041789439274, -0.000245618808549, 0.00689719431102, -0.000350497255567, -0.00213706702925], [-6.73078611726e-05, 0.000187914265553, 0.000417205825215, -0.00116948026698, -0.000113583948405, 0.00153982825577, -0.00046678763465, -0.0008685112698, -9.44800704019e-05, -0.000524807546753, -0.000350497255567, 0.00743115972728, -0.000372553506168], [0.000475150562124, 0.000549811345991, 0.000433480454376, -0.000523757771589, -0.0015124687925, 0.0003547235101, -0.000534998078365, -0.000789694895502, 0.00121006800327, 9.90876797005e-05, -0.00213706702925, -0.000372553506168, 0.00982914026827]]
    },
    "spectral_contrast_coeffs": {
        "max": [-0.370372116566, -0.473668187857, -0.419778674841, -0.496288239956, -0.542320072651, -0.512290596962],
        "mean": [-0.697871863842, -0.724381327629, -0.708488166332, -0.747796297073, -0.754271149635, -0.739055991173],
        "min": [-0.911326944828, -0.896295428276, -0.905828952789, -0.947220563889, -0.896678328514, -0.92364782095],
        "stdev": [0.083760663867, 0.0753898918629, 0.0926968231797, 0.0967232659459, 0.0823427960277, 0.0443658530712]
    },
    "spectral_contrast_valleys": {
        "max": [-5.86040639877, -5.65206861496, -6.04945039749, -6.40972328186, -6.16125822067, -8.67276477814],
        "mean": [-8.65059566498, -7.68382406235, -8.24139499664, -8.75328445435, -8.4389629364, -11.8117828369],
        "min": [-11.8512763977, -9.75967311859, -10.2777471542, -10.8567705154, -11.0277118683, -15.4602251053],
        "stdev": [1.01252388954, 0.5772331357, 0.554018735886, 0.633531749249, 0.879318118095, 1.13092410564]
    }
},
"rhythm": {
    "beats_count": 105,
    "beats_loudness": {
        "max": 0.0819689258933,
        "mean": 0.0157394371927,
        "min": 7.24881174392e-05,
        "stdev": 0.0161206740886
    },
    "bpm": 119.574203491,
    "bpm_histogram_first_peak_bpm": 120,
    "bpm_histogram_first_peak_weight": 0.339622616768,
    "bpm_histogram_second_peak_bpm": 144,
    "bpm_histogram_second_peak_spread": 0.5,
    "bpm_histogram_second_peak_weight": 0.0865384638309,
    "danceability": 1.02705335617,
    "onset_rate": 3.2197265625,
    "beats_loudness_band_ratio": {
        "max": [0.919921219349, 0.787499427795, 0.877896726131, 0.855810046196, 0.66304397583, 0.842095971107],
        "mean": [0.123031198978, 0.181560501456, 0.227416962385, 0.260403722525, 0.142539173365, 0.114677459002],
        "min": [7.65188378864e-05, 0.0015213630395, 0.00551318796352, 0.00293013313785, 0.00156460981816, 0.000920162303373],
        "stdev": [0.219580203295, 0.213109493256, 0.199894919991, 0.229747951031, 0.175588443875, 0.138825938106]
    },
