{
"metadata": {
    "version": {
        "essentia": "2.1-beta5",
        "essentia_git_sha": "Undefined",
        "extractor": "music 2.0"
    },
    "audio_properties": {
        "analysis": {
            "equal_loudness": 0,
            "length": 35.9909286499,
            "sample_rate": 44100,
            "start_time": 126.502311707,
            "downmix": "mix"
        },
        "bit_rate": 192000,
        "length": 229.239013672,
        "lossless": 0,
        "number_channels": 2,
        "replay_gain": -1.45188713074,
        "sample_rate": 48000,
        "codec": "mp3",
        "md5_encoded": "589467265ae8dad79a75c076af6ac38d"
    },
    "tags": {
        "file_name": "BosniaHerzegovina_Thunder and Lightning_Vukašin Brajić.mp3",
        "encoding": ["Lavf58.29.100"]
    }
},
"lowlevel": {
    "average_loudness": 0.958891153336,
    "barkbands_crest": {
        "max": 24.1044940948,
        "mean": 8.3434009552,
        "min": 2.74398040771,
        "stdev": 3.2773976326
    },
    "barkbands_flatness_db": {
        "max": 0.290223032236,
        "mean": 0.156254634261,
        "min": 0.0745565369725,
        "stdev": 0.0317053571343
    },
    "barkbands_kurtosis": {
        "max": 74.7325515747,
        "mean": 1.19024908543,
        "min": -1.75131380558,
        "stdev": 4.56343841553
    },
    "barkbands_skewness": {
        "max": 7.77099847794,
        "mean": 0.921136677265,
        "min": -1.52376353741,
        "stdev": 0.931838214397
    },
    "barkbands_spread": {
        "max": 94.4961547852,
        "mean": 28.5043411255,
        "min": 2.82350277901,
        "stdev": 13.3137378693
    },
    "dissonance": {
        "max": 0.500000059605,
        "mean": 0.472485870123,
        "min": 0.31891220808,
        "stdev": 0.0255774967372
    },
    "dynamic_complexity": 2.45562744141,
    "erbbands_crest": {
        "max": 27.491394043,
        "mean": 8.71135234833,
        "min": 2.79362869263,
        "stdev": 4.17121458054
    },
    "erbbands_flatness_db": {
        "max": 0.29779869318,
        "mean": 0.194184660912,
        "min": 0.108418025076,
        "stdev": 0.034501761198
    },
    "erbbands_kurtosis": {
        "max": 16.3235111237,
        "mean": 0.44213104248,
        "min": -1.76348984241,
        "stdev": 2.19101071358
    },
    "erbbands_skewness": {
        "max": 3.62739658356,
        "mean": -0.144670173526,
        "min": -2.59340071678,
        "stdev": 0.789329349995
    },
    "erbbands_spread": {
        "max": 144.799545288,
        "mean": 36.2114448547,
        "min": 5.91431856155,
        "stdev": 16.8263168335
    },
    "hfc": {
        "max": 110.570503235,
        "mean": 24.1047515869,
        "min": 0.447084248066,
        "stdev": 16.1934013367
    },
    "loudness_ebu128": {
        "integrated": -21.5228443146,
        "loudness_range": 4.30892753601,
        "momentary": {
            "max": -18.6697483063,
            "mean": -22.1086387634,
            "min": -30.2823200226,
            "stdev": 2.46217226982
        },
        "short_term": {
            "max": -19.7008342743,
            "mean": -21.8241958618,
            "min": -24.7344341278,
            "stdev": 1.77834367752
        }
    },
    "melbands_crest": {
        "max": 30.0769557953,
        "mean": 12.0651330948,
        "min": 3.38043928146,
        "stdev": 4.15997266769
    },
    "melbands_flatness_db": {
        "max": 0.353822588921,
        "mean": 0.170774951577,
        "min": 0.0377810001373,
        "stdev": 0.0472466275096
    },
    "melbands_kurtosis": {
        "max": 200.044769287,
        "mean": 7.08031797409,
        "min": -1.56450784206,
        "stdev": 11.7623767853
    },
    "melbands_skewness": {
        "max": 10.8425531387,
        "mean": 2.04793858528,
        "min": -0.52601569891,
        "stdev": 1.30279946327
    },
    "melbands_spread": {
        "max": 218.84552002,
        "mean": 33.5129814148,
        "min": 1.84438514709,
        "stdev": 19.6368141174
    },
    "pitch_salience": {
        "max": 0.799772381783,
        "mean": 0.585304498672,
        "min": 0.215276613832,
        "stdev": 0.0857793986797
    },
    "silence_rate_20dB": {
        "max": 1,
        "mean": 1,
        "min": 1,
        "stdev": 0
    },
    "silence_rate_30dB": {
        "max": 1,
        "mean": 1,
        "min": 1,
        "stdev": 0
    },
    "silence_rate_60dB": {
        "max": 1,
        "mean": 0.029658285901,
        "min": 0,
        "stdev": 0.169645473361
    },
    "spectral_centroid": {
        "max": 3936.2409668,
        "mean": 1656.70385742,
        "min": 259.395294189,
        "stdev": 556.223266602
    },
    "spectral_complexity": {
        "max": 54,
        "mean": 25.145067215,
        "min": 3,
        "stdev": 12.2602548599
    },
    "spectral_decrease": {
        "max": -2.41950293134e-10,
        "mean": -6.129053709e-09,
        "min": -3.18372066488e-08,
        "stdev": 4.17249790274e-09
    },
    "spectral_energy": {
        "max": 0.124525845051,
        "mean": 0.0253188293427,
        "min": 0.00103216897696,
        "stdev": 0.0167609155178
    },
    "spectral_energyband_high": {
        "max": 0.0113583942875,
        "mean": 0.000732780783437,
        "min": 9.39655637922e-06,
        "stdev": 0.000993446679786
    },
    "spectral_energyband_low": {
        "max": 0.0787495076656,
        "mean": 0.00676624802873,
        "min": 3.13235650538e-05,
        "stdev": 0.0085061211139
    },
    "spectral_energyband_middle_high": {
        "max": 0.0649348944426,
        "mean": 0.00805446319282,
        "min": 0.000110767970909,
        "stdev": 0.00762548996136
    },
    "spectral_energyband_middle_low": {
        "max": 0.0796454772353,
        "mean": 0.0111972633749,
        "min": 0.000298293540254,
        "stdev": 0.00988727342337
    },
    "spectral_entropy": {
        "max": 8.46875286102,
        "mean": 7.63298940659,
        "min": 6.09788799286,
        "stdev": 0.307358145714
    },
    "spectral_flux": {
        "max": 0.298378378153,
        "mean": 0.0912317559123,
        "min": 0.0167982894927,
        "stdev": 0.0444381460547
    },
    "spectral_kurtosis": {
        "max": 18.2058410645,
        "mean": 3.19933533669,
        "min": -1.57486736774,
        "stdev": 2.39592790604
    },
    "spectral_rms": {
        "max": 0.0110221877694,
        "mean": 0.00469403434545,
        "min": 0.00100349099375,
        "stdev": 0.00163321092259
    },
    "spectral_rolloff": {
        "max": 9539.20898438,
        "mean": 1947.67871094,
        "min": 150.732421875,
        "stdev": 1347.97167969
    },
    "spectral_skewness": {
        "max": 3.33419179916,
        "mean": 1.14427983761,
        "min": 0.0818799510598,
        "stdev": 0.418919175863
    },
    "spectral_spread": {
        "max": 12253199,
        "mean": 3508255.75,
        "min": 2154476.25,
        "stdev": 982162.3125
    },
    "spectral_strongpeak": {
        "max": 11.3384695053,
        "mean": 1.02268505096,
        "min": 0.0153513969854,
        "stdev": 1.32316398621
    },
    "zerocrossingrate": {
        "max": 0.3046875,
        "mean": 0.0672061964869,
        "min": 0.0146484375,
        "stdev": 0.0300743579865
    },
    "barkbands": {
        "max": [0.000901036837604, 0.0289989896119, 0.0407604686916, 0.0484700649977, 0.0399834476411, 0.0249089039862, 0.0404417701066, 0.0315695293248, 0.0414069853723, 0.0302158500999, 0.0210758596659, 0.0228097736835, 0.0187306180596, 0.0180657319725, 0.0102224210277, 0.0117447841913, 0.0127469683066, 0.00515168393031, 0.00368096213788, 0.00405558478087, 0.00216169119813, 0.00192077329848, 0.00466406764463, 0.00634248554707, 0.00390262505971, 9.55899054134e-07, 9.90258286038e-07],
        "mean": [6.27877670922e-05, 0.00300236744806, 0.00242909416556, 0.00213685794733, 0.00296805868857, 0.00121343554929, 0.00181928626262, 0.00119300803635, 0.00157507753465, 0.000943831459153, 0.000945704814512, 0.000684352766257, 0.000698339834344, 0.000758321257308, 0.000797415967099, 0.00104244111571, 0.000943677092437, 0.000703636091202, 0.000487261742819, 0.000329481990775, 0.000177305541001, 0.000103038481029, 0.000116644441732, 0.000166160069057, 2.12491959246e-05, 1.92406957034e-09, 1.91993754228e-09],
        "min": [3.86126615126e-08, 3.49068022842e-06, 3.2768730307e-06, 4.23075925937e-06, 4.32443302998e-05, 1.12491579785e-05, 6.1140726757e-06, 6.14718692304e-06, 3.38942913913e-06, 3.73503871742e-06, 3.74845922124e-06, 2.69782844953e-06, 5.46194996787e-06, 3.50209643329e-06, 2.82009796138e-06, 5.11082362209e-06, 3.26416602547e-06, 4.26789802077e-06, 3.20501612805e-06, 2.12966051549e-06, 1.33919229484e-06, 8.8198822823e-07, 1.16791716209e-06, 8.5140260353e-07, 1.30196422532e-08, 7.95298965572e-11, 1.10058018254e-10],
        "stdev": [9.12055402296e-05, 0.00320436689071, 0.0041727470234, 0.00430361833423, 0.0037600514479, 0.00217951321974, 0.00364641821943, 0.00265852571465, 0.00343941431493, 0.00234961579554, 0.00196013716049, 0.00179581413977, 0.00155920221005, 0.00156298431102, 0.00113346427679, 0.00137864472345, 0.00116157566663, 0.000633452145848, 0.000436017318862, 0.000341484526871, 0.000235683808569, 0.000148130769958, 0.000246369891101, 0.000477756053442, 0.00013668606698, 2.91295076948e-08, 2.85415353574e-08]
    },
    "erbbands": {
        "max": [0.698892593384, 7.84026479721, 36.406703949, 109.588737488, 172.219696045, 126.698654175, 241.493896484, 169.135131836, 622.575805664, 1093.94763184, 494.269317627, 1070.08654785, 764.217163086, 728.270568848, 948.076171875, 883.829589844, 1007.67816162, 1082.49121094, 497.940460205, 483.392730713, 553.253112793, 864.634094238, 348.639434814, 209.525787354, 240.978515625, 156.828689575, 80.8804550171, 97.6556015015, 65.5507659912, 139.624954224, 117.29586792, 111.83165741, 164.753921509, 72.9441604614, 1.6448032856, 0.0740945190191, 0.00722996983677, 0.00114404386841, 0.000265459559159, 0.000141012147651],
        "mean": [0.0614313185215, 0.772458553314, 2.58447742462, 5.7915968895, 7.85780334473, 10.4070444107, 10.5591068268, 9.44460201263, 21.2657032013, 32.8629150391, 23.2807540894, 38.2488555908, 30.4605579376, 30.4547920227, 35.0871505737, 30.1735630035, 35.6203575134, 37.7839164734, 39.5128211975, 47.9847946167, 55.6438903809, 54.8787727356, 41.25548172, 29.524515152, 21.994260788, 14.803902626, 9.00063419342, 5.81836462021, 3.8552775383, 3.44784641266, 3.28099274635, 3.06088089943, 2.83280181885, 0.542790949345, 0.0133137619123, 0.000740007613786, 9.99221010716e-05, 2.1723424652e-05, 1.86639081221e-05, 3.20119543176e-05],
        "min": [0.00012764344865, 0.00117911549751, 0.00938205886632, 0.0318574979901, 0.052335228771, 0.0997956618667, 0.126869991422, 0.107253104448, 0.0973882451653, 0.143667191267, 0.135549783707, 0.133067905903, 0.221574380994, 0.161950290203, 0.189941242337, 0.155599832535, 0.227510198951, 0.223246902227, 0.247646570206, 0.23005592823, 0.395456105471, 0.184845328331, 0.300499171019, 0.225962460041, 0.160464331508, 0.130243867636, 0.0583715885878, 0.0420060120523, 0.0340082868934, 0.0440189167857, 0.0331711769104, 0.0172084383667, 0.0105670439079, 0.00184577272739, 5.21219990333e-05, 4.5020115067e-06, 1.25132055473e-06, 3.25091463083e-07, 7.24323740542e-07, 1.39161147672e-06],
        "stdev": [0.0727380216122, 0.855673789978, 4.03101396561, 10.6048059464, 12.2236499786, 14.5960264206, 18.0432796478, 15.3418960571, 40.3667907715, 75.3996429443, 44.6929664612, 90.3954772949, 64.7210006714, 66.67603302, 76.8852081299, 72.3140869141, 77.178352356, 84.663482666, 58.3735313416, 60.1574554443, 66.8143844604, 61.8075866699, 37.8486175537, 25.7009181976, 21.0068225861, 14.825091362, 11.2823104858, 7.96345996857, 5.41369533539, 6.97460508347, 6.7597694397, 7.43832826614, 9.61448574066, 2.74120426178, 0.0637131258845, 0.00302864378318, 0.000320586201269, 5.68424002267e-05, 1.61753505381e-05, 2.01938019018e-05]
    },
    "gfcc": {
        "mean": [-11.0748386383, 128.65927124, -160.932510376, 67.10887146, -66.3826904297, 15.3573741913, -36.6497268677, 0.0123411547393, -0.375104039907, -26.8624706268, 7.99997091293, -22.9335079193, 4.03377437592],
        "cov": [[2363.81225586, -385.05291748, -472.535369873, 51.4595565796, 74.9802322388, 40.6826324463, -15.1565723419, 85.2592315674, -5.96031856537, 10.9608812332, -157.694168091, -150.180175781, -55.88722229], [-385.05291748, 615.906860352, -14.4700117111, -163.242080688, 87.6192245483, -131.906768799, 139.168411255, -81.1937179565, 51.0935668945, -41.1222915649, 88.2846450806, -8.43680477142, -6.19818544388], [-472.535369873, -14.4700117111, 469.558441162, 114.439346313, -73.2198562622, 48.6200256348, -74.0291290283, 12.9370279312, -20.1650905609, 13.8214654922, 33.2611083984, 56.9746742249, 12.8303499222], [51.4595565796, -163.242080688, 114.439346313, 371.496765137, 56.5123519897, -43.4165039062, -59.7249488831, -0.652606964111, 20.2077198029, 28.3060207367, -49.3165435791, 0.458938896656, 16.2796611786], [74.9802322388, 87.6192245483, -73.2198562622, 56.5123519897, 185.60585022, 22.8993549347, 20.93567276, 1.5008687973, 17.0351409912, 2.70311832428, 5.99721002579, -24.0731449127, 10.4783239365], [40.6826324463, -131.906768799, 48.6200256348, -43.4165039062, 22.8993549347, 274.786102295, 90.3375473022, 24.5415973663, -75.4530258179, 18.3699913025, 12.9179992676, 12.2758703232, -12.8857040405], [-15.1565723419, 139.168411255, -74.0291290283, -59.7249488831, 20.93567276, 90.3375473022, 217.333145142, 6.98593044281, -36.0701904297, -10.5097112656, 29.9160480499, -3.30508828163, -23.7893466949], [85.2592315674, -81.1937179565, 12.9370279312, -0.652606964111, 1.5008687973, 24.5415973663, 6.98593044281, 130.312210083, 31.0926055908, 7.61676025391, -8.93834972382, -6.46569919586, 3.45219230652], [-5.96031856537, 51.0935668945, -20.1650905609, 20.2077198029, 17.0351409912, -75.4530258179, -36.0701904297, 31.0926055908, 124.551765442, 28.493139267, -13.3424386978, -17.9665489197, 1.1713758707], [10.9608812332, -41.1222915649, 13.8214654922, 28.3060207367, 2.70311832428, 18.3699913025, -10.5097112656, 7.61676025391, 28.493139267, 58.0354995728, 15.0147047043, -3.12051725388, -4.52347040176], [-157.694168091, 88.2846450806, 33.2611083984, -49.3165435791, 5.99721002579, 12.9179992676, 29.9160480499, -8.93834972382, -13.3424386978, 15.0147047043, 93.6992721558, 46.5377311707, -6.54639673233], [-150.180175781, -8.43680477142, 56.9746742249, 0.458938896656, -24.0731449127, 12.2758703232, -3.30508828163, -6.46569919586, -17.9665489197, -3.12051725388, 46.5377311707, 72.8891296387, 23.4374866486], [-55.88722229, -6.19818544388, 12.8303499222, 16.2796611786, 10.4783239365, -12.8857040405, -23.7893466949, 3.45219230652, 1.1713758707, -4.52347040176, -6.54639673233, 23.4374866486, 51.4988059998]],
        "icov": [[0.000698699906934, 0.000152955253725, 0.000742078118492, -0.000200386755751, -3.32962918037e-05, -0.000137074253871, 0.00029582332354, -0.000473630265333, 0.000399255746743, -0.000176724162884, 0.000432976201409, 0.000481060997117, 0.000607492402196], [0.000152955253725, 0.0136833442375, -0.0067996843718, 0.00745223276317, -0.00901073589921, 0.0101130399853, -0.0128100914881, 0.00943900179118, -0.00807153433561, 0.00769804790616, -0.00916231796145, 0.00862775649875, -0.00526675628498], [0.000742078118492, -0.0067996843718, 0.00790956337005, -0.00615221634507, 0.00715523120016, -0.00741930911317, 0.00854970980436, -0.00554958963767, 0.00359486765228, -0.00153332878835, 0.000947267573792, -0.0022952100262, 0.00191890192218], [-0.000200386755751, 0.00745223276317, -0.00615221634507, 0.0098741389811, -0.00938332825899, 0.00883634760976, -0.00807345472276, 0.00506372191012, -0.00198562908918, -0.00266591552645, 0.00398399541155, -0.00267215608619, 0.000675662653521], [-3.32962918037e-05, -0.00901073589921, 0.00715523120016, -0.00938332825899, 0.0169031061232, -0.0112897222862, 0.00955511350185, -0.00529275648296, 0.00104687642306, 0.00273202173412, -0.00608228566125, 0.00667757214978, -0.00502844946459], [-0.000137074253871, 0.0101130399853, -0.00741930911317, 0.00883634760976, -0.0112897222862, 0.0163294039667, -0.0127544766292, 0.00504069216549, 0.000540580833331, -0.00379965291359, 0.00214078905992, -0.00168640795164, 0.000970338762272], [0.00029582332354, -0.0128100914881, 0.00854970980436, -0.00807345472276, 0.00955511350185, -0.0127544766292, 0.0193181205541, -0.00949515774846, 0.0072900140658, -0.00321890646592, 0.00364559190348, -0.00469402922317, 0.0057773203589], [-0.000473630265333, 0.00943900179118, -0.00554958963767, 0.00506372191012, -0.00529275648296, 0.00504069216549, -0.00949515774846, 0.016022304073, -0.00990107282996, 0.00720511516556, -0.00760655198246, 0.00755566870794, -0.00626563373953], [0.000399255746743, -0.00807153433561, 0.00359486765228, -0.00198562908918, 0.00104687642306, 0.000540580833331, 0.0072900140658, -0.00990107282996, 0.0208948794752, -0.017036177218, 0.0136868208647, -0.00990702956915, 0.00742433778942], [-0.000176724162884, 0.00769804790616, -0.00153332878835, -0.00266591552645, 0.00273202173412, -0.00379965291359, -0.00321890646592, 0.00720511516556, -0.017036177218, 0.0395343825221, -0.0267511177808, 0.0218949411064, -0.0110220834613], [0.000432976201409, -0.00916231796145, 0.000947267573792, 0.00398399541155, -0.00608228566125, 0.00214078905992, 0.00364559190348, -0.00760655198246, 0.0136868208647, -0.0267511177808, 0.047312233597, -0.0391975566745, 0.023031136021], [0.000481060997117, 0.00862775649875, -0.0022952100262, -0.00267215608619, 0.00667757214978, -0.00168640795164, -0.00469402922317, 0.00755566870794, -0.00990702956915, 0.0218949411064, -0.0391975566745, 0.0531542636454, -0.0285035576671], [0.000607492402196, -0.00526675628498, 0.00191890192218, 0.000675662653521, -0.00502844946459, 0.000970338762272, 0.0057773203589, -0.00626563373953, 0.00742433778942, -0.0110220834613, 0.023031136021, -0.0285035576671, 0.0378691703081]]
    },
    "melbands": {
        "max": [0.00684114918113, 0.0157306008041, 0.0186731871217, 0.0106180552393, 0.00742958951741, 0.0040690144524, 0.00936661474407, 0.0109148044139, 0.00544387288392, 0.00761706521735, 0.00420729536563, 0.00286856340244, 0.00268988427706, 0.00161605875473, 0.002889103489, 0.00176619621925, 0.00216292310506, 0.000796964392066, 0.000981088029221, 0.00111537252087, 0.000729387975298, 0.0011779650813, 0.000410478474805, 0.00019248163153, 0.0001940838265, 0.000154912893777, 0.000221087073442, 0.000103762322397, 6.88686486683e-05, 6.26979453955e-05, 4.90466190968e-05, 3.66423264495e-05, 4.96499487781e-05, 8.87615169631e-05, 7.88739780546e-05, 5.38003805559e-05, 7.85191441537e-05, 0.00013597040379, 0.000221085356316, 8.80906736711e-06],
        "mean": [0.000709231186192, 0.00127611344215, 0.00103019364178, 0.000665657396894, 0.000393938244088, 0.000228793374845, 0.000334258860676, 0.000344792963006, 0.000195033702767, 0.000239529981627, 0.000148289560457, 0.000121548117022, 0.000120182565297, 6.79989534547e-05, 0.000102061901998, 6.36988479528e-05, 7.14837588021e-05, 5.99665108894e-05, 6.34362149867e-05, 7.24530545995e-05, 6.18843987468e-05, 6.01443643973e-05, 4.21822187491e-05, 3.09518036374e-05, 2.33031951211e-05, 1.74448796315e-05, 1.34315196192e-05, 9.06071636564e-06, 5.88866578255e-06, 4.51393225376e-06, 2.91913625006e-06, 2.24241648539e-06, 1.80997915322e-06, 1.95965185412e-06, 1.84691998584e-06, 1.92875063476e-06, 1.84748762422e-06, 2.03706304092e-06, 1.64131643032e-06, 7.32148919269e-08],
        "min": [1.41248222008e-06, 5.44545991943e-06, 1.19697961054e-05, 1.051342133e-05, 7.24471146896e-06, 2.04679849958e-06, 1.45014314512e-06, 1.2614135585e-06, 1.04687603653e-06, 6.08071957231e-07, 5.13613940711e-07, 4.508772804e-07, 7.01017540905e-07, 2.20449294375e-07, 3.77796453677e-07, 3.14215668595e-07, 3.35023059961e-07, 3.09544986976e-07, 2.37351912347e-07, 2.8432742738e-07, 3.62228433914e-07, 1.72100385498e-07, 2.50887779885e-07, 2.78328855075e-07, 1.44515723832e-07, 1.01341349534e-07, 1.04741850748e-07, 5.08335737948e-08, 3.11525489849e-08, 2.48980818185e-08, 1.87639983551e-08, 1.70151874812e-08, 1.52096166772e-08, 1.67489009328e-08, 1.80609642797e-08, 1.37113662646e-08, 9.10135078414e-09, 7.67374519484e-09, 6.85432766101e-10, 5.82983730735e-11],
        "stdev": [0.00076403626008, 0.00173844245728, 0.00175816670526, 0.000889454386197, 0.000593410455622, 0.000375319621526, 0.000644722720608, 0.000797237502411, 0.000420977943577, 0.000577337516006, 0.000338302343152, 0.000282092049019, 0.000255970866419, 0.000151428030222, 0.000261996523477, 0.000137004622957, 0.000173068357981, 9.74956419668e-05, 8.82163149072e-05, 0.000106216553831, 8.1542879343e-05, 7.63514181017e-05, 4.12284498452e-05, 2.80035019387e-05, 2.15533254959e-05, 1.65857836691e-05, 1.47709570228e-05, 9.88401552604e-06, 7.68328573031e-06, 6.26939117865e-06, 4.3889990593e-06, 3.30042894348e-06, 2.92308004646e-06, 4.4856524255e-06, 4.13518728237e-06, 4.02344903705e-06, 4.89755348099e-06, 6.87753390594e-06, 8.1377056631e-06, 4.30221035685e-07]
    },
    "melbands128": {
        "max": [0.000709860294592, 0.00443595508114, 0.0115501377732, 0.0138272931799, 0.0168481767178, 0.0216647237539, 0.0236449725926, 0.0229375939816, 0.0196161735803, 0.0141258724034, 0.00845691375434, 0.00854059588164, 0.0117022208869, 0.0120035773143, 0.0059003578499, 0.00738372700289, 0.0098452148959, 0.0173355191946, 0.0117560159415, 0.0183998867869, 0.0119540244341, 0.00687693664804, 0.00743292365223, 0.0103884609416, 0.00876828376204, 0.0159824974835, 0.00417301943526, 0.00609502894804, 0.0101308943704, 0.00571564119309, 0.00543336104602, 0.00619630888104, 0.00449802121148, 0.00638141529635, 0.0029513023328, 0.00315820449032, 0.00379682146013, 0.00611052615568, 0.00520253088325, 0.0042552347295, 0.00259217550047, 0.00208044890314, 0.00512382993475, 0.0020399747882, 0.00190357281826, 0.00159506243654, 0.00170214555692, 0.00253730011173, 0.0017217786517, 0.0012265938567, 0.00200578849763, 0.00121554662473, 0.00157963612583, 0.00141243508551, 0.00194063177332, 0.00270350975916, 0.00074949732516, 0.000848956929985, 0.000450465071481, 0.000668766733725, 0.000258628628217, 0.000206288386835, 0.000281699700281, 0.000207799268537, 0.000221366470214, 0.000165868841577, 0.000240584966377, 0.000429911742685, 0.000218741246499, 0.000127935098135, 0.00015453947708, 9.52290356508e-05, 9.20941965887e-05, 0.000101781726698, 6.26563778496e-05, 0.000101155957964, 0.000100388322608, 7.15796850272e-05, 6.23274027021e-05, 3.99329983338e-05, 4.68532161904e-05, 4.03975573136e-05, 3.08550806949e-05, 5.37257692486e-05, 6.75121118547e-05, 0.000110411790956, 9.61329933489e-05, 0.000134677437018, 6.03158623562e-05, 7.14810375939e-05, 5.45959410374e-05, 7.71426348365e-05, 9.3119990197e-05, 0.000110931141535, 8.54282043292e-05, 0.000131326218252, 0.000234210572671, 0.000123143923702, 0.000427144259447, 0.000153079308802, 7.66021059917e-07, 2.14775202068e-08, 1.41442102475e-08, 1.06614903572e-08, 8.5451619114e-09, 7.71655539467e-09, 7.33961558197e-09, 7.02005076292e-09, 6.64833965658e-09, 6.3282614704e-09, 6.0652647349e-09, 5.80213832535e-09, 5.56242873984e-09, 5.36957101005e-09, 5.14961850939e-09, 4.96551200158e-09, 4.82273421198e-09, 4.65792693305e-09, 4.50164305832e-09, 4.38515002088e-09, 4.28516111484e-09, 4.17845402723e-09, 4.12195699795e-09, 4.0245198285e-09, 3.92905619151e-09, 3.8902827626e-09, 3.84996079461e-09, 3.83095732914e-09],
        "mean": [5.23667076777e-05, 0.00035507712164, 0.00100302952342, 0.00135394791141, 0.00130553275812, 0.00119769887533, 0.00125377241056, 0.000944722269196, 0.000751568819396, 0.000719992269296, 0.000561731052585, 0.000465936987894, 0.000357577024261, 0.000307574489852, 0.00017477372603, 0.000182984265848, 0.000340964907082, 0.000334915879648, 0.000374716561055, 0.000411563029047, 0.000331307877786, 0.000134646848892, 0.000184697812074, 0.00023643556051, 0.000271612167126, 0.000258998683421, 0.000112940288091, 0.000150345498696, 0.000169304694282, 0.000103339552879, 0.000126180864754, 0.000111680208647, 0.000120063850773, 0.000144553254358, 5.26138319401e-05, 4.29016290582e-05, 7.97130051069e-05, 0.000138140458148, 8.85953850229e-05, 7.30736428523e-05, 5.50501936232e-05, 4.88617515657e-05, 9.01703169802e-05, 6.77079078741e-05, 5.86576388741e-05, 5.97606704105e-05, 5.93406366534e-05, 7.38172675483e-05, 5.74612458877e-05, 5.46717928955e-05, 8.86234047357e-05, 7.32191692805e-05, 5.89156043134e-05, 6.17926125415e-05, 5.74648984184e-05, 6.96679562679e-05, 5.28117525391e-05, 3.73292168661e-05, 4.1893494199e-05, 4.38088318333e-05, 2.64648660959e-05, 2.48556534643e-05, 2.88182363875e-05, 1.94041349459e-05, 2.15854361159e-05, 1.72026848304e-05, 1.55668640218e-05, 1.52375541802e-05, 1.33567182274e-05, 9.92289187707e-06, 9.03065210878e-06, 9.36982996791e-06, 6.55793473925e-06, 5.15079091201e-06, 4.9371183195e-06, 5.05154639541e-06, 4.20684909841e-06, 3.34997321261e-06, 2.84624184133e-06, 2.32499451158e-06, 2.31881722357e-06, 2.28042290473e-06, 1.81028531188e-06, 1.69050781551e-06, 1.85809494724e-06, 1.98338375412e-06, 1.98016118702e-06, 1.96446080736e-06, 1.76652622486e-06, 1.81813663858e-06, 1.96251994566e-06, 1.97046620087e-06, 1.86899524124e-06, 1.70715350123e-06, 1.92117136066e-06, 2.1112318791e-06, 1.91515368897e-06, 2.16886724047e-06, 2.34999606619e-06, 9.92985633275e-07, 7.10877312571e-09, 6.42122813255e-11, 2.83619620844e-11, 2.40454808842e-11, 2.00246538101e-11, 2.07483474846e-11, 2.05821974048e-11, 1.49965716928e-11, 1.36810536858e-11, 1.28463194943e-11, 1.21832856304e-11, 1.15686019792e-11, 1.09955343441e-11, 1.05106366319e-11, 1.00913513656e-11, 9.72932758664e-12, 9.402065064e-12, 9.09072817024e-12, 8.82440821803e-12, 8.57812865879e-12, 8.34136665989e-12, 8.15351779149e-12, 8.03913966646e-12, 7.83537644489e-12, 7.54219950383e-12, 7.15458334938e-12, 6.92874447053e-12, 6.86551206511e-12],
        "min": [2.03578522928e-08, 1.53124290136e-07, 2.35622053424e-07, 1.24038388094e-06, 8.83705865817e-07, 2.01352850127e-06, 1.92062111637e-06, 1.93022492567e-06, 2.26621727961e-06, 3.96741961595e-06, 2.82987684841e-06, 1.27827331653e-06, 1.11471297259e-06, 9.04939383872e-07, 4.99620341543e-07, 1.13680221148e-06, 9.91246224658e-07, 7.13402869224e-07, 2.25781903396e-07, 3.14808801249e-07, 3.49490221652e-07, 4.11271543044e-07, 2.09147430041e-07, 1.55905183874e-07, 1.92447544123e-07, 1.97096454713e-07, 1.04906348497e-07, 3.63753031252e-07, 2.4258895337e-07, 1.3206266658e-07, 1.54132038688e-07, 1.56616266622e-07, 3.21298017525e-07, 2.06037924499e-07, 6.65982184955e-08, 5.80497570013e-08, 9.2557655762e-08, 8.8671562537e-08, 1.09638861545e-07, 1.47317678056e-07, 2.20682267127e-07, 1.24197882201e-07, 8.59148556742e-08, 7.26069586676e-08, 9.24054859297e-08, 1.22512503253e-07, 6.56968737189e-08, 6.46374900271e-08, 1.08608269045e-07, 4.70391512408e-08, 5.78127199446e-08, 2.4136409138e-07, 1.83850744406e-07, 3.96223676091e-08, 6.36967882883e-08, 6.04214847044e-08, 7.01765827671e-08, 9.65087778582e-08, 1.44410819303e-07, 2.1159981145e-07, 1.65705486666e-07, 2.87809331923e-08, 1.24539383251e-07, 6.42036681597e-08, 6.31062491152e-08, 4.79559254529e-08, 3.64781485018e-08, 6.60534098529e-08, 6.69947866072e-08, 4.4748507122e-08, 3.08326448817e-08, 2.98863085391e-08, 1.73177667762e-08, 1.06319362203e-08, 1.36005091633e-08, 1.12458566903e-08, 1.07546638262e-08, 5.31280397453e-09, 1.18603669108e-08, 7.29782412279e-09, 6.26564888861e-09, 1.30984822988e-08, 1.10849036616e-08, 1.01060519953e-08, 1.27984955967e-08, 8.37181168833e-09, 1.0777472248e-08, 1.54500732208e-08, 2.0089064634e-08, 9.13650310963e-09, 9.19449760772e-09, 7.29935667465e-09, 8.80896866562e-09, 3.46669004614e-09, 4.63778127013e-09, 6.3417444629e-09, 1.73496361722e-09, 5.0717163802e-10, 1.02480257613e-09, 6.42787489902e-10, 4.17300699204e-12, 4.25231654359e-13, 3.42302033073e-13, 3.92973603961e-13, 2.63653058804e-13, 3.129759364e-13, 2.037228757e-13, 3.06215637699e-13, 2.84374927035e-13, 3.08547566837e-13, 3.17042805854e-13, 3.03581758256e-13, 2.67207480101e-13, 3.03276880605e-13, 3.07768703101e-13, 3.55184929862e-13, 3.3132632922e-13, 2.91422078526e-13, 3.41392522975e-13, 3.17253195286e-13, 2.96468036752e-13, 3.58979203785e-13, 3.22143353659e-13, 2.83996404952e-13, 2.17975973642e-13, 7.07424909125e-14, 1.23240710375e-14, 4.09254688727e-16],
        "stdev": [7.99608751549e-05, 0.000499577785376, 0.00122507242486, 0.00159413425718, 0.0019761598669, 0.00213080644608, 0.00240418408066, 0.00197639712133, 0.00127408723347, 0.00115673651453, 0.000944692001212, 0.000874670455232, 0.000739880953915, 0.000789364799857, 0.000360319623724, 0.000508078897838, 0.000766087730881, 0.00085920211859, 0.00111942412332, 0.00116531027015, 0.000942692626268, 0.000368616863852, 0.00057043536799, 0.000720778421964, 0.000811561651062, 0.000826320203487, 0.000306784640998, 0.000440076546511, 0.000608375237789, 0.000357564276783, 0.00038992826012, 0.000335251475917, 0.0003459166619, 0.000423139805207, 0.000181387149496, 0.000165851422935, 0.00026457203785, 0.000467488542199, 0.000312339427182, 0.000240481167566, 0.000153017754201, 0.000140161529998, 0.000324546912452, 0.000158300477779, 0.000133969413582, 0.000149716273881, 0.000132861823658, 0.00015113542031, 0.000110180597403, 0.000111414468847, 0.000183105570613, 0.00011985310266, 0.000115557209938, 0.000107808518806, 0.000124935439089, 0.000119056625408, 7.20100142644e-05, 5.20259927725e-05, 4.92806648253e-05, 5.65106565773e-05, 2.98775867122e-05, 2.7998292353e-05, 3.35299191647e-05, 2.21701284318e-05, 2.51029414358e-05, 2.01976763492e-05, 1.89222482732e-05, 2.26987649512e-05, 1.63429249369e-05, 1.14989034046e-05, 1.1482001355e-05, 1.21761358969e-05, 9.50536468736e-06, 8.42588724481e-06, 7.55505016059e-06, 8.47069713927e-06, 6.68232632961e-06, 5.20471667187e-06, 5.17237003805e-06, 3.89637034459e-06, 3.84300437872e-06, 3.82463622373e-06, 2.70396753876e-06, 3.05439493786e-06, 3.68894052372e-06, 4.6707373258e-06, 4.77086359751e-06, 5.83714700042e-06, 4.00719409299e-06, 3.89090610042e-06, 3.90864897781e-06, 4.61905619886e-06, 4.85128703076e-06, 5.14567909704e-06, 5.61531032872e-06, 7.79298170528e-06, 8.3589411588e-06, 6.94140680935e-06, 1.43030520121e-05, 6.08998516327e-06, 3.57883109814e-08, 7.80813025347e-10, 4.44021236445e-10, 3.69093755559e-10, 3.05222375152e-10, 2.82080886427e-10, 2.7793012336e-10, 2.26078572529e-10, 2.09625275471e-10, 1.95926413982e-10, 1.85059328972e-10, 1.75473427455e-10, 1.66462538198e-10, 1.59145488454e-10, 1.51941709214e-10, 1.45515488548e-10, 1.40432276918e-10, 1.35203750973e-10, 1.30409960608e-10, 1.26530397271e-10, 1.23384885642e-10, 1.20091422917e-10, 1.18405049654e-10, 1.15248519061e-10, 1.12745750236e-10, 1.11407987002e-10, 1.10201923975e-10, 1.09574516127e-10]
    },
    "mfcc": {
        "mean": [-622.601623535, 118.382537842, -15.6374235153, 33.8663253784, 8.44913768768, 3.9376885891, -7.99209117889, 13.9166173935, -7.48592376709, 10.5855331421, -10.1251268387, 6.57665205002, -7.95030069351],
        "cov": [[2758.07104492, -463.900482178, -564.949768066, 11.9730091095, 8.94785499573, -7.28910923004, 2.06424093246, -17.6632728577, 152.712051392, 115.361068726, 9.94756031036, 7.94585418701, -104.510345459], [-463.900482178, 730.12097168, -124.801139832, -77.459564209, -100.479408264, -28.6675357819, 20.5819625854, 31.1681728363, -79.547416687, 4.25145196915, 31.4974994659, 10.9456539154, 10.8249082565], [-564.949768066, -124.801139832, 519.622802734, 17.0316047668, 35.5555152893, 4.36095285416, 2.67104148865, -9.18700122833, -25.1128177643, -70.9987716675, 2.88633227348, 0.946745276451, 39.8250923157], [11.9730091095, -77.459564209, 17.0316047668, 371.493438721, 75.8186264038, -18.2102947235, -105.402168274, -38.076915741, 26.1731948853, 21.1470870972, -56.8289756775, 28.7693214417, 7.67410230637], [8.94785499573, -100.479408264, 35.5555152893, 75.8186264038, 220.098770142, -8.47847175598, -46.1894340515, -31.9873313904, 26.6796264648, 27.437335968, -22.1129894257, -11.8440389633, 13.8307580948], [-7.28910923004, -28.6675357819, 4.36095285416, -18.2102947235, -8.47847175598, 189.610305786, 97.3011322021, 11.1489782333, -11.2474908829, -5.38545465469, 26.945438385, -10.1754388809, -21.5392112732], [2.06424093246, 20.5819625854, 2.67104148865, -105.402168274, -46.1894340515, 97.3011322021, 240.447845459, 68.6917419434, -3.81848359108, -34.4545631409, 50.835483551, 4.63226222992, -16.2702846527], [-17.6632728577, 31.1681728363, -9.18700122833, -38.076915741, -31.9873313904, 11.1489782333, 68.6917419434, 91.5833053589, 12.2992687225, 3.70576334, 15.1973018646, 9.06576061249, 2.08718538284], [152.712051392, -79.547416687, -25.1128177643, 26.1731948853, 26.6796264648, -11.2474908829, -3.81848359108, 12.2992687225, 108.23992157, 35.9580307007, 5.10534191132, -7.57979440689, -10.0639276505], [115.361068726, 4.25145196915, -70.9987716675, 21.1470870972, 27.437335968, -5.38545465469, -34.4545631409, 3.70576334, 35.9580307007, 109.904876709, 22.8474464417, 0.209603264928, -22.9905967712], [9.94756031036, 31.4974994659, 2.88633227348, -56.8289756775, -22.1129894257, 26.945438385, 50.835483551, 15.1973018646, 5.10534191132, 22.8474464417, 84.7633590698, 17.6148014069, -9.88359546661], [7.94585418701, 10.9456539154, 0.946745276451, 28.7693214417, -11.8440389633, -10.1754388809, 4.63226222992, 9.06576061249, -7.57979440689, 0.209603264928, 17.6148014069, 73.2375869751, 20.4160175323], [-104.510345459, 10.8249082565, 39.8250923157, 7.67410230637, 13.8307580948, -21.5392112732, -16.2702846527, 2.08718538284, -10.0639276505, -22.9905967712, -9.88359546661, 20.4160175323, 71.0845489502]],
        "icov": [[0.000651017704513, 0.000527064257767, 0.0007765913615, 6.40106954961e-05, 7.35212452128e-05, 0.000160305105965, -8.67843918968e-05, 0.000212729908526, -0.000362040416803, -1.78047848749e-05, -0.000130773303681, -0.000304126326228, 0.000455193745438], [0.000527064257767, 0.00218333140947, 0.00107999937609, 3.01960972138e-05, 0.000580247084145, 0.000587813265156, -8.3822880697e-05, -0.000347008812241, 0.00120588566642, -0.000339755380992, -0.000864698900841, 0.000212333136005, -0.000230061734328], [0.0007765913615, 0.00107999937609, 0.00332583975978, -0.00018425223243, -0.000314746372169, 0.000235456536757, 0.000184942866326, -8.3284896391e-05, 0.00013024098007, 0.00166758603882, -0.00154281244613, 0.000261136417976, -0.000420480966568], [6.40106954961e-05, 3.01960972138e-05, -0.00018425223243, 0.00396258477122, -0.000765752221923, -0.000833378289826, 0.00121170759667, 0.000531486060936, -0.00108570465818, -0.000479360547615, 0.00279927975498, -0.0029708519578, 0.000856871251017], [7.35212452128e-05, 0.000580247084145, -0.000314746372169, -0.000765752221923, 0.00594290113077, 2.07960929401e-05, -0.000468084705062, 0.00184039550368, -0.000649299123324, -0.00226442702115, 0.000905786466319, 0.0012825402664, -0.00209914962761], [0.000160305105965, 0.000587813265156, 0.000235456536757, -0.000833378289826, 2.07960929401e-05, 0.0074688741006, -0.00350253027864, 0.00112069398165, 0.00145991169848, -0.00065881741466, -0.0014135746751, 0.00159396172967, 0.000867993570864], [-8.67843918968e-05, -8.3822880697e-05, 0.000184942866326, 0.00121170759667, -0.000468084705062, -0.00350253027864, 0.00904042925686, -0.00549238547683, -0.000619204598479, 0.00424759788439, -0.00332804513164, -0.000728285114747, 0.00194357847795], [0.000212729908526, -0.000347008812241, -8.3284896391e-05, 0.000531486060936, 0.00184039550368, 0.00112069398165, -0.00549238547683, 0.0162320975214, -0.00244756112806, -0.00307966955006, 0.00203890120611, -0.00156273215543, -0.00200760061853], [-0.000362040416803, 0.00120588566642, 0.00013024098007, -0.00108570465818, -0.000649299123324, 0.00145991169848, -0.000619204598479, -0.00244756112806, 0.012773277238, -0.00320560485125, -0.00141890149098, 0.00248313671909, -0.000311673094984], [-1.78047848749e-05, -0.000339755380992, 0.00166758603882, -0.000479360547615, -0.00226442702115, -0.00065881741466, 0.00424759788439, -0.00307966955006, -0.00320560485125, 0.0154595049098, -0.00606402335688, -0.000217430730117, 0.00421212101355], [-0.000130773303681, -0.000864698900841, -0.00154281244613, 0.00279927975498, 0.000905786466319, -0.0014135746751, -0.00332804513164, 0.00203890120611, -0.00141890149098, -0.00606402335688, 0.0195682421327, -0.0062634749338, 0.00143293535803], [-0.000304126326228, 0.000212333136005, 0.000261136417976, -0.0029708519578, 0.0012825402664, 0.00159396172967, -0.000728285114747, -0.00156273215543, 0.00248313671909, -0.000217430730117, -0.0062634749338, 0.0189899615943, -0.00623611360788], [0.000455193745438, -0.000230061734328, -0.000420480966568, 0.000856871251017, -0.00209914962761, 0.000867993570864, 0.00194357847795, -0.00200760061853, -0.000311673094984, 0.00421212101355, 0.00143293535803, -0.00623611360788, 0.0193988159299]]
    },
    "spectral_contrast_coeffs": {
        "max": [-0.455909430981, -0.501796007156, -0.534357488155, -0.58318144083, -0.60047274828, -0.601426541805],
        "mean": [-0.721416652203, -0.756524503231, -0.762587070465, -0.773153603077, -0.776903569698, -0.71866106987],
        "min": [-0.872449874878, -0.911451637745, -0.892630934715, -0.896952688694, -0.861800432205, -0.813518643379],
        "stdev": [0.0664875879884, 0.0701484456658, 0.0624351985753, 0.0529873818159, 0.0349303074181, 0.0322683490813]
    },
    "spectral_contrast_valleys": {
        "max": [-4.8937048912, -4.82977771759, -5.39783573151, -5.65729475021, -5.6234703064, -8.61822891235],
        "mean": [-6.47896337509, -6.59977674484, -7.3180642128, -7.24058771133, -7.11569643021, -10.5857868195],
        "min": [-8.47703456879, -8.43108844757, -9.07498836517, -9.11423301697, -9.10091400146, -12.5949764252],
        "stdev": [0.515880465508, 0.56419968605, 0.629752755165, 0.679226875305, 0.75457662344, 0.663529932499]
    }
},
"rhythm": {
    "beats_count": 56,
    "beats_loudness": {
        "max": 0.0689533278346,
        "mean": 0.0356498286128,
        "min": 0.0156894251704,
        "stdev": 0.0128028895706
    },
    "bpm": 93.9427261353,
    "bpm_histogram_first_peak_bpm": 94,
    "bpm_histogram_first_peak_weight": 0.345454573631,
    "bpm_histogram_second_peak_bpm": 0,
    "bpm_histogram_second_peak_spread": 0,
    "bpm_histogram_second_peak_weight": 0,
    "danceability": 1.15713942051,
    "onset_rate": 3.11089158058,
    "beats_loudness_band_ratio": {
        "max": [0.880715310574, 0.534139811993, 0.484041750431, 0.524116635323, 0.47177618742, 0.247081309557],
        "mean": [0.427770555019, 0.127543121576, 0.168418690562, 0.110466249287, 0.136486083269, 0.0650563016534],
        "min": [0.124644942582, 0.0186748430133, 0.0152710871771, 0.00975142698735, 0.0108527773991, 0.00566343357787],
        "stdev": [0.179601550102, 0.102963455021, 0.137116476893, 0.119449995458, 0.0966489613056, 0.0455139540136]
    },
    "beats_position": [0.626938760281, 1.27709746361, 1.91564619541, 2.55419492722, 3.19274377823, 3.83129239082, 4.46984100342, 5.10838985443, 5.75854873657, 6.39709758759, 7.03564596176, 7.67419481277, 8.31274318695, 8.95129203796, 9.58984088898, 10.2399997711, 10.866938591, 11.5170974731, 12.144036293, 12.782585144, 13.4211339951, 14.0596818924, 14.6982307434, 15.3367795944, 15.9753284454, 16.6254863739, 17.2756462097, 17.9025840759, 18.5411338806, 19.179681778, 19.8182315826, 20.45677948, 21.0953292847, 21.7222671509, 22.3608150482, 23.010974884, 23.6495227814, 24.2880725861, 24.9150104523, 25.553560257, 26.1921081543, 26.830657959, 27.4575958252, 28.0961437225, 28.7346935272, 29.3732414246, 30.0001811981, 30.6503391266, 31.2772789001, 31.9274368286, 32.5659866333, 33.204536438, 33.8314743042, 34.4816322327, 35.1201820374, 35.7587280273],
