{
"metadata": {
    "version": {
        "essentia": "2.1-beta5",
        "essentia_git_sha": "Undefined",
        "extractor": "music 2.0"
    },
    "audio_properties": {
        "analysis": {
            "equal_loudness": 0,
            "length": 48.7502937317,
            "sample_rate": 44100,
            "start_time": 12.7477550507,
            "downmix": "mix"
        },
        "bit_rate": 192000,
        "length": 193.886627197,
        "lossless": 0,
        "number_channels": 2,
        "replay_gain": -10.5510044098,
        "sample_rate": 48000,
        "codec": "mp3",
        "md5_encoded": "e98cd23162b52632b54e334ae9fe5607"
    },
    "tags": {
        "file_name": "Estonia_Siren_Malcolm Lincoln.mp3",
        "encoding": ["Lavf58.29.100"]
    }
},
"lowlevel": {
    "average_loudness": 0.653824925423,
    "barkbands_crest": {
        "max": 26.4376468658,
        "mean": 11.2612543106,
        "min": 3.42691874504,
        "stdev": 4.28932857513
    },
    "barkbands_flatness_db": {
        "max": 0.452170699835,
        "mean": 0.215902924538,
        "min": 0.0578031986952,
        "stdev": 0.069059535861
    },
    "barkbands_kurtosis": {
        "max": 121.885253906,
        "mean": 5.8997759819,
        "min": -1.82235133648,
        "stdev": 8.25884914398
    },
    "barkbands_skewness": {
        "max": 7.44291591644,
        "mean": 1.40512549877,
        "min": -5.19223117828,
        "stdev": 1.19198215008
    },
    "barkbands_spread": {
        "max": 71.7182235718,
        "mean": 10.8982715607,
        "min": 0.394842177629,
        "stdev": 11.1633615494
    },
    "dissonance": {
        "max": 0.499937027693,
        "mean": 0.42672264576,
        "min": 0.145767718554,
        "stdev": 0.0509483627975
    },
    "dynamic_complexity": 7.20321083069,
    "erbbands_crest": {
        "max": 33.0861282349,
        "mean": 13.3820991516,
        "min": 2.99082231522,
        "stdev": 5.25150203705
    },
    "erbbands_flatness_db": {
        "max": 0.468144565821,
        "mean": 0.260868906975,
        "min": 0.108099065721,
        "stdev": 0.0672904923558
    },
    "erbbands_kurtosis": {
        "max": 55.3713035583,
        "mean": 3.56518912315,
        "min": -1.76359093189,
        "stdev": 5.70298910141
    },
    "erbbands_skewness": {
        "max": 5.49948167801,
        "mean": 1.05230998993,
        "min": -3.40853953362,
        "stdev": 1.00695633888
    },
    "erbbands_spread": {
        "max": 110.690994263,
        "mean": 19.0562725067,
        "min": 0.943975269794,
        "stdev": 15.5931901932
    },
    "hfc": {
        "max": 208.299667358,
        "mean": 15.2872848511,
        "min": 0.0203133001924,
        "stdev": 22.0835494995
    },
    "loudness_ebu128": {
        "integrated": -14.6222658157,
        "loudness_range": 9.33290481567,
        "momentary": {
            "max": -9.54539871216,
            "mean": -19.1785907745,
            "min": -41.7160644531,
            "stdev": 7.48810434341
        },
        "short_term": {
            "max": -11.0822563171,
            "mean": -16.5968208313,
            "min": -25.3706073761,
            "stdev": 3.27665781975
        }
    },
    "melbands_crest": {
        "max": 34.4731140137,
        "mean": 13.9033670425,
        "min": 2.91443300247,
        "stdev": 5.44540643692
    },
    "melbands_flatness_db": {
        "max": 0.506414592266,
        "mean": 0.24349707365,
        "min": 0.0230750162154,
        "stdev": 0.0813751518726
    },
    "melbands_kurtosis": {
        "max": 74.0359420776,
        "mean": 7.28679895401,
        "min": -1.7265162468,
        "stdev": 8.08220100403
    },
    "melbands_skewness": {
        "max": 6.50552988052,
        "mean": 1.49792981148,
        "min": -2.19905519485,
        "stdev": 1.10222125053
    },
    "melbands_spread": {
        "max": 188.270370483,
        "mean": 17.2938995361,
        "min": 0.861621797085,
        "stdev": 22.5209693909
    },
    "pitch_salience": {
        "max": 0.856417894363,
        "mean": 0.595095694065,
        "min": 0.128291800618,
        "stdev": 0.115214288235
    },
    "silence_rate_20dB": {
        "max": 1,
        "mean": 1,
        "min": 1,
        "stdev": 0
    },
    "silence_rate_30dB": {
        "max": 1,
        "mean": 1,
        "min": 1,
        "stdev": 0
    },
    "silence_rate_60dB": {
        "max": 1,
        "mean": 0.383626848459,
        "min": 0,
        "stdev": 0.486262440681
    },
    "spectral_centroid": {
        "max": 6049.80615234,
        "mean": 1141.65966797,
        "min": 320.828582764,
        "stdev": 735.713623047
    },
    "spectral_complexity": {
        "max": 38,
        "mean": 9.27177524567,
        "min": 0,
        "stdev": 7.03650903702
    },
    "spectral_decrease": {
        "max": -3.37525602086e-12,
        "mean": -3.13087089587e-09,
        "min": -2.12714255099e-08,
        "stdev": 3.41722472541e-09
    },
    "spectral_energy": {
        "max": 0.0842310935259,
        "mean": 0.013203217648,
        "min": 1.45814437928e-05,
        "stdev": 0.0142916589975
    },
    "spectral_energyband_high": {
        "max": 0.0202460642904,
        "mean": 0.000492232036777,
        "min": 5.56574804023e-08,
        "stdev": 0.00191717722919
    },
    "spectral_energyband_low": {
        "max": 0.00745299179107,
        "mean": 0.000119316217024,
        "min": 7.78352031716e-08,
        "stdev": 0.000320530292811
    },
    "spectral_energyband_middle_high": {
        "max": 0.054996073246,
        "mean": 0.00468535162508,
        "min": 1.35025175041e-06,
        "stdev": 0.00740732438862
    },
    "spectral_energyband_middle_low": {
        "max": 0.0826065018773,
        "mean": 0.00821711681783,
        "min": 4.05504624723e-06,
        "stdev": 0.00965619087219
    },
    "spectral_entropy": {
        "max": 8.73695468903,
        "mean": 6.87634563446,
        "min": 4.81627130508,
        "stdev": 0.647930800915
    },
    "spectral_flux": {
        "max": 0.287819266319,
        "mean": 0.0438272021711,
        "min": 0.00225510494784,
        "stdev": 0.040228381753
    },
    "spectral_kurtosis": {
        "max": 100.316047668,
        "mean": 11.5661458969,
        "min": -1.16639351845,
        "stdev": 11.7071723938
    },
    "spectral_rms": {
        "max": 0.00906513538212,
        "mean": 0.00295222271234,
        "min": 0.000119271957374,
        "stdev": 0.002040973166
    },
    "spectral_rolloff": {
        "max": 11347.9980469,
        "mean": 1591.60888672,
        "min": 236.865234375,
        "stdev": 1884.60314941
    },
    "spectral_skewness": {
        "max": 8.28304004669,
        "mean": 2.40122056007,
        "min": -0.00795313064009,
        "stdev": 1.06670129299
    },
    "spectral_spread": {
        "max": 14401723,
        "mean": 3584601.75,
        "min": 819823.4375,
        "stdev": 1852334.25
    },
    "spectral_strongpeak": {
        "max": 10.7419862747,
        "mean": 1.46003389359,
        "min": 0.0126859769225,
        "stdev": 1.5419267416
    },
    "zerocrossingrate": {
        "max": 0.3798828125,
        "mean": 0.0567126721144,
        "min": 0.01220703125,
        "stdev": 0.0511995740235
    },
    "barkbands": {
        "max": [0.000509479548782, 0.00359776988626, 0.00363054033369, 0.00673502217978, 0.0171486716717, 0.0220771878958, 0.0603452213109, 0.0321683958173, 0.064744412899, 0.0485548041761, 0.0262590590864, 0.0220592357218, 0.0390766561031, 0.0202376898378, 0.0145205575973, 0.0147000206634, 0.00842638872564, 0.00974952429533, 0.00796385947615, 0.00315077253617, 0.00572221539915, 0.00402836455032, 0.00650534871966, 0.00664864620194, 0.0131954215467, 0.00163471326232, 0.000260702887317],
        "mean": [1.49159325247e-06, 7.48450293031e-06, 3.62018508895e-05, 0.000168894141098, 0.000841978297103, 0.00124813441653, 0.00191136053763, 0.00103045324795, 0.00247818161733, 0.000979340751655, 0.00112908729352, 0.000385394669138, 0.000755006913096, 0.000397256953875, 0.00032686223858, 0.000120717646496, 0.000219925641431, 0.000237336542341, 0.000338638870744, 0.000131895998493, 6.12368894508e-05, 7.28143277229e-05, 8.32926962175e-05, 0.000124373196741, 9.46767468122e-05, 2.04922071134e-05, 7.0277337727e-07],
        "min": [1.0834850378e-10, 5.70533886801e-09, 3.44455397538e-09, 8.64261995304e-09, 9.93795339355e-08, 2.11397932048e-07, 1.27835704689e-07, 5.74423744126e-08, 1.02377282474e-06, 2.87163459234e-07, 1.16827855834e-07, 5.24294883064e-08, 6.21603248874e-08, 6.90804426995e-08, 3.41606920529e-08, 2.73018372354e-08, 1.99033980408e-08, 1.89055100464e-08, 2.46917259972e-08, 1.0432345654e-08, 8.87420359419e-09, 6.55142740058e-09, 5.45029310572e-09, 4.99315921942e-09, 4.93170793092e-09, 2.24097074231e-09, 1.31300985709e-11],
        "stdev": [1.51733365783e-05, 0.000107397747342, 0.000145713565871, 0.0004143815313, 0.00182105368003, 0.00226803473197, 0.00406780745834, 0.00211984594353, 0.00477286754176, 0.0028308944311, 0.00307090347633, 0.00148842681665, 0.00240625068545, 0.00132603093516, 0.00124171003699, 0.000663060229272, 0.000747457845137, 0.000798281456809, 0.00100999185815, 0.00033632828854, 0.00030571751995, 0.000263099529548, 0.000389501248719, 0.000565547437873, 0.000576995371375, 0.000101470330264, 7.01781391399e-06]
    },
    "erbbands": {
        "max": [0.159293457866, 0.647885739803, 2.92449998856, 11.7423810959, 72.8453292847, 66.5980911255, 85.0006713867, 249.451873779, 620.179626465, 1000.34973145, 686.090881348, 1746.55310059, 1814.30944824, 795.569152832, 1080.35559082, 1132.88208008, 2154.03222656, 1074.8404541, 746.619750977, 1204.57373047, 815.866455078, 366.237701416, 480.038299561, 195.520614624, 514.73248291, 155.772857666, 253.071533203, 170.345962524, 129.456604004, 149.774169922, 193.430862427, 171.913162231, 104.853904724, 123.846626282, 100.84563446, 11.0489425659, 3.46114253998, 0.449711173773, 0.0338887684047, 0.000516376458108],
        "mean": [0.000313731434289, 0.00186280324124, 0.0308923851699, 0.347713172436, 1.7145191431, 2.9183743, 5.0650305748, 11.7474832535, 26.6893367767, 21.9991836548, 30.040145874, 65.619392395, 39.4114074707, 27.5726146698, 45.123298645, 17.7929019928, 35.9140548706, 19.6869621277, 19.0380954742, 17.0770931244, 7.8275141716, 11.1171779633, 13.3419790268, 9.06037521362, 19.3734436035, 7.58299922943, 2.67591285706, 2.48632073402, 2.52084946632, 2.33265900612, 2.52342104912, 2.80465960503, 1.8672990799, 1.12703883648, 0.625680625439, 0.145725756884, 0.0329213477671, 0.00372823770158, 0.000139167517773, 2.20339170482e-05],
        "min": [1.89595155575e-07, 3.46940419149e-06, 1.94468830159e-05, 5.27651282027e-05, 0.00020472399774, 0.000460384850157, 0.00080588972196, 0.00238035060465, 0.00270026153885, 0.00232289987616, 0.0052522639744, 0.0202655121684, 0.0124817108735, 0.00998105388135, 0.0052246870473, 0.00317644723691, 0.0033204080537, 0.00430456921458, 0.00376554648392, 0.001991833793, 0.00169144780375, 0.00124713836703, 0.000937511038501, 0.00173623394221, 0.000987034058198, 0.000542039168067, 0.000358956021955, 0.000283403525827, 0.000267893774435, 0.000175524735823, 0.000140149873914, 0.000113538495498, 6.97811046848e-05, 4.05567407142e-05, 3.94771013816e-05, 1.76886278496e-05, 3.02956891574e-06, 1.36403855322e-07, 3.46026496345e-08, 2.44042652753e-08],
        "stdev": [0.00542017864063, 0.0167942848057, 0.119030334055, 0.73091763258, 4.43131828308, 6.98132562637, 8.68122291565, 22.249288559, 57.8302001953, 51.7296485901, 48.5050811768, 129.370178223, 113.017997742, 55.1286697388, 112.093505859, 58.5446929932, 115.299461365, 54.5473442078, 63.3166427612, 75.7623977661, 34.7916526794, 35.5198936462, 40.6199264526, 21.3873405457, 57.7599182129, 18.0082702637, 12.7410402298, 10.4814977646, 8.94872665405, 9.17824554443, 12.204873085, 13.4917564392, 8.3333568573, 6.15217208862, 4.2136592865, 0.756377875805, 0.181144624949, 0.0234391260892, 0.00101959425956, 3.67667453247e-05]
    },
    "gfcc": {
        "mean": [-130.629440308, 91.3123550415, -156.004074097, -22.2130565643, -92.8039321899, -10.7772169113, -47.3661956787, 5.64328289032, -32.0666313171, -6.48644208908, -13.9523181915, -6.52963638306, -13.7672929764],
        "cov": [[15435.3271484, -3411.71582031, -478.225524902, 714.74041748, -881.956176758, 457.15032959, -899.496398926, -141.284118652, -771.854248047, -183.796600342, 4.10889720917, -161.061004639, -633.704528809], [-3411.71582031, 2286.6237793, 101.357849121, -394.749389648, 392.94708252, -426.827392578, 177.368453979, -95.5177230835, 247.643875122, -117.229652405, 135.383300781, -47.4168586731, 52.2508010864], [-478.225524902, 101.357849121, 1052.1932373, 128.326705933, -197.688415527, 105.085662842, -172.711715698, -21.2408733368, -26.7078037262, 17.5377464294, -71.2926559448, 18.6145324707, -125.696113586], [714.74041748, -394.749389648, 128.326705933, 476.807281494, -31.9589214325, 127.973182678, -112.18006134, -7.49711990356, -43.5698242188, -19.0395183563, -117.77796936, -13.0446891785, -19.1372928619], [-881.956176758, 392.94708252, -197.688415527, -31.9589214325, 331.988525391, 1.57016193867, 114.398658752, 15.5021762848, 13.3677787781, -27.5760326385, -15.3822088242, -6.66606855392, 53.2283630371], [457.15032959, -426.827392578, 105.085662842, 127.973182678, 1.57016193867, 337.950134277, 23.7709255219, 8.08974075317, -123.167388916, 2.30475521088, -49.3914909363, -8.74787425995, -24.1982784271], [-899.496398926, 177.368453979, -172.711715698, -112.18006134, 114.398658752, 23.7709255219, 362.994598389, 70.0084381104, -40.5429420471, 2.37977290154, 34.4661369324, 10.64661026, 82.8337402344], [-141.284118652, -95.5177230835, -21.2408733368, -7.49711990356, 15.5021762848, 8.08974075317, 70.0084381104, 168.407943726, -4.03723239899, 12.2611513138, -2.89781665802, 33.3166465759, 10.3652524948], [-771.854248047, 247.643875122, -26.7078037262, -43.5698242188, 13.3677787781, -123.167388916, -40.5429420471, -4.03723239899, 259.638824463, 50.8098907471, -20.1978206635, 1.29182112217, 53.5608940125], [-183.796600342, -117.229652405, 17.5377464294, -19.0395183563, -27.5760326385, 2.30475521088, 2.37977290154, 12.2611513138, 50.8098907471, 139.462524414, 38.272277832, 6.02222967148, 12.1641845703], [4.10889720917, 135.383300781, -71.2926559448, -117.77796936, -15.3822088242, -49.3914909363, 34.4661369324, -2.89781665802, -20.1978206635, 38.272277832, 150.868865967, 0.135252863169, -11.3503103256], [-161.061004639, -47.4168586731, 18.6145324707, -13.0446891785, -6.66606855392, -8.74787425995, 10.64661026, 33.3166465759, 1.29182112217, 6.02222967148, 0.135252863169, 101.697189331, 46.3982200623], [-633.704528809, 52.2508010864, -125.696113586, -19.1372928619, 53.2283630371, -24.1982784271, 82.8337402344, 10.3652524948, 53.5608940125, 12.1641845703, -11.3503103256, 46.3982200623, 154.758041382]],
        "icov": [[0.000179075272172, 0.000196873224922, 0.000191509505385, -8.82442909642e-05, 0.000185312950634, 4.61934505438e-05, 0.000265103357378, 9.27451983443e-05, 0.000229559125728, 0.000316015211865, -0.000198590831133, 4.98318477185e-05, 0.000473026797408], [0.000196873224922, 0.00212596426718, -0.0010701934807, 0.000411818880821, -0.00231872289442, 0.00177917070687, -0.000605573237408, 0.00115078850649, -0.00142062897794, 0.00277440273203, -0.00245446385816, 0.00090711878147, 0.00041445743409], [0.000191509505385, -0.0010701934807, 0.00236441520974, -0.000481186434627, 0.00243576522917, -0.00141118804459, 0.000996207934804, -0.000407917279517, 0.00122135446873, -0.00155111553613, 0.00193204754032, -0.0013138835784, 0.00167693349067], [-8.82442909642e-05, 0.000411818880821, -0.000481186434627, 0.00325970328413, -0.000678672804497, -0.000256633153185, 0.000611725845374, -2.44800739893e-05, 9.87749517662e-05, 0.00016576636699, 0.00156801939011, 0.000781882728916, -0.000787232944276], [0.000185312950634, -0.00231872289442, 0.00243576522917, -0.000678672804497, 0.00736740650609, -0.00247505446896, 0.000517967448104, -0.00127037474886, 0.00204125186428, -0.00215233187191, 0.0033330086153, -0.000701103359461, 0.000240331937675], [4.61934505438e-05, 0.00177917070687, -0.00141118804459, -0.000256633153185, -0.00247505446896, 0.00600317399949, -0.00121471192688, 0.00101223355159, 0.000835523940623, 0.000835343729705, -0.000554302532692, 0.00120678322855, 2.55731556535e-05], [0.000265103357378, -0.000605573237408, 0.000996207934804, 0.000611725845374, 0.000517967448104, -0.00121471192688, 0.00536236958578, -0.00215070135891, 0.00233922945336, -0.000771062273998, 0.000234053732129, 0.0010139941005, -0.00195527635515], [9.27451983443e-05, 0.00115078850649, -0.000407917279517, -2.44800739893e-05, -0.00127037474886, 0.00101223355159, -0.00215070135891, 0.00786466058344, -0.00110297754873, 0.000719233998097, -0.000587379210629, -0.00248953234404, 0.00190502253827], [0.000229559125728, -0.00142062897794, 0.00122135446873, 9.87749517662e-05, 0.00204125186428, 0.000835523940623, 0.00233922945336, -0.00110297754873, 0.00822916161269, -0.00455341907218, 0.00397284794599, 0.000773626787122, -0.00175649498124], [0.000316015211865, 0.00277440273203, -0.00155111553613, 0.00016576636699, -0.00215233187191, 0.000835343729705, -0.000771062273998, 0.000719233998097, -0.00455341907218, 0.0131154824048, -0.00679111015052, 0.00113837828394, 5.90512063354e-05], [-0.000198590831133, -0.00245446385816, 0.00193204754032, 0.00156801939011, 0.0033330086153, -0.000554302532692, 0.000234053732129, -0.000587379210629, 0.00397284794599, -0.00679111015052, 0.0133997248486, -0.0014053909108, 0.00102258357219], [4.98318477185e-05, 0.00090711878147, -0.0013138835784, 0.000781882728916, -0.000701103359461, 0.00120678322855, 0.0010139941005, -0.00248953234404, 0.000773626787122, 0.00113837828394, -0.0014053909108, 0.0139507874846, -0.00566174462438], [0.000473026797408, 0.00041445743409, 0.00167693349067, -0.000787232944276, 0.000240331937675, 2.55731556535e-05, -0.00195527635515, 0.00190502253827, -0.00175649498124, 5.90512063354e-05, 0.00102258357219, -0.00566174462438, 0.0127394208685]]
    },
    "melbands": {
        "max": [0.00119502004236, 0.0011306629749, 0.00365866278298, 0.00473822746426, 0.00276511465199, 0.00483971368521, 0.00928249862045, 0.00936830509454, 0.0045591047965, 0.0117846466601, 0.00916472170502, 0.00364759168588, 0.00423747720197, 0.00286917411722, 0.00349201401696, 0.00328802014701, 0.00242417119443, 0.0012714281911, 0.00100056140218, 0.00113183923531, 0.000886286492459, 0.000382410013117, 0.000990026397631, 0.000167138176039, 0.000176620844286, 0.000412080611568, 0.000279189640423, 0.000124238285935, 0.000170778643223, 0.000195526736206, 8.15809544292e-05, 6.91601962899e-05, 9.60863471846e-05, 0.000100015204225, 0.000122842975543, 0.000112888730655, 0.00011236708815, 8.51336590131e-05, 9.97508104774e-05, 0.000106521561975],
        "mean": [2.32586057791e-06, 1.41723685374e-05, 9.29759407882e-05, 0.000186426826986, 0.000161382195074, 0.000264115107711, 0.000409376836615, 0.000219174486119, 0.000274087244179, 0.000399268610636, 0.000182393123396, 0.000100697492599, 0.000172658095835, 5.4861055105e-05, 5.65101581742e-05, 7.06654900569e-05, 3.38837671734e-05, 3.4369291825e-05, 2.01674065465e-05, 1.52332368089e-05, 9.64583796303e-06, 9.5668801805e-06, 1.92043880816e-05, 7.72273233451e-06, 6.63946866553e-06, 1.30247535708e-05, 1.17371946544e-05, 3.52795177605e-06, 1.61598461546e-06, 1.41499697293e-06, 1.41338477988e-06, 1.3940698409e-06, 1.45343972235e-06, 1.22537323932e-06, 1.37056736094e-06, 1.66754432485e-06, 1.7339225451e-06, 1.35161985781e-06, 1.09357154088e-06, 8.98642156244e-07],
        "min": [1.24311760885e-09, 1.32277664378e-08, 1.13126166212e-08, 2.31300436582e-08, 2.72210343155e-08, 5.00068964016e-08, 3.56176030891e-08, 2.67004924837e-08, 4.03330417953e-08, 1.34307214239e-07, 5.23226582061e-08, 3.96511907752e-08, 1.57419606239e-08, 7.12553882565e-09, 1.31314106255e-08, 5.17013143408e-09, 5.87267212637e-09, 6.5324945453e-09, 2.1933668215e-09, 2.09292005948e-09, 1.55480373021e-09, 1.30580224411e-09, 1.14711884436e-09, 6.9752315035e-10, 1.4018671779e-09, 6.19073237118e-10, 4.11975287218e-10, 3.25655113986e-10, 1.77870843054e-10, 1.62894364664e-10, 1.4295721551e-10, 1.28514268671e-10, 8.62774920951e-11, 8.34557353779e-11, 7.08759162471e-11, 5.83902162732e-11, 5.79205329532e-11, 4.64382213239e-11, 3.37630340352e-11, 3.26766703973e-11],
        "stdev": [3.7583460653e-05, 4.77974645037e-05, 0.000197844594368, 0.000453102693427, 0.000274107966106, 0.000496314431075, 0.000873902405147, 0.00052253389731, 0.000433864799561, 0.000811364443507, 0.000559131498449, 0.000220914473175, 0.000459984235931, 0.00019246363081, 0.000210793179576, 0.000199734524358, 0.000112084431748, 0.000125767983263, 8.2326165284e-05, 7.12933469913e-05, 4.71088314953e-05, 3.15534452966e-05, 7.49123573769e-05, 1.81690393219e-05, 1.70272778632e-05, 3.9501588617e-05, 3.40927035722e-05, 9.43115719565e-06, 8.14630129753e-06, 7.90424928709e-06, 5.69856001675e-06, 4.82621589981e-06, 5.798852726e-06, 5.01674594489e-06, 6.80533366904e-06, 8.34132697491e-06, 8.43949692353e-06, 6.17915657131e-06, 5.15343981533e-06, 5.23420294485e-06]
    },
    "melbands128": {
        "max": [0.000473991880426, 0.0016255073715, 0.00166040030308, 0.000731295440346, 0.00111332943197, 0.00192273943685, 0.0023376182653, 0.00449932785705, 0.00997141841799, 0.00891132559627, 0.00437327055261, 0.00628357427195, 0.00408038310707, 0.0080610383302, 0.00892010238022, 0.008246678859, 0.0133260264993, 0.0174225904047, 0.0187308937311, 0.0131032373756, 0.0082845594734, 0.0114977229387, 0.00726285157725, 0.00657674763352, 0.0184305775911, 0.0253773462027, 0.00888705439866, 0.0186371132731, 0.00472158845514, 0.00835212133825, 0.00484924996272, 0.00496274232864, 0.00821819528937, 0.00674742273986, 0.00553741818294, 0.00662335474044, 0.00640081660822, 0.00318969530053, 0.00982121471316, 0.00909477472305, 0.00462598353624, 0.00437619024888, 0.00377679429948, 0.00421257643029, 0.00362857501023, 0.00291332858615, 0.0036824408453, 0.000895205244888, 0.00240605184808, 0.003868334461, 0.00215347670019, 0.00232976838015, 0.00115805619862, 0.00176037079655, 0.00148002593778, 0.000345228763763, 0.00079732312588, 0.00160976010375, 0.0017980603734, 0.000316014309647, 0.000310200994136, 0.000347661436535, 0.000232716120081, 0.000327339803334, 0.000713906018063, 0.00081750244135, 0.00101318582892, 0.000848963216413, 0.000470877799671, 0.000252667843597, 0.000292703771265, 0.000303491717204, 0.000227241849643, 0.000227769487537, 0.00024160114117, 0.00027289573336, 0.000153271059389, 0.00014621875016, 0.000111553265015, 0.000101569283288, 8.07119504316e-05, 8.19724955363e-05, 0.000142676130054, 0.000139080570079, 8.10102719697e-05, 7.81197522883e-05, 0.000130888278363, 0.000148240447743, 0.000119823373097, 0.000159076444106, 0.00010820470925, 0.000164958182722, 0.000168662489159, 0.000136809918331, 0.000167522390257, 9.0635890956e-05, 0.000118245923659, 7.05684069544e-05, 0.0001124347109, 0.000116292758321, 0.000131777764182, 0.000143659111927, 9.09102527658e-05, 0.000116200055345, 0.000122006596939, 0.000169966660906, 6.1598540924e-05, 2.13872353925e-05, 1.68062651937e-05, 1.00948282125e-05, 1.32476698127e-05, 1.72199906956e-05, 1.08086287582e-05, 1.58690436365e-05, 7.35863613954e-06, 3.92354468204e-06, 5.08182438352e-06, 3.76481011699e-06, 2.24425366468e-06, 9.45591409618e-07, 3.58485721108e-07, 1.31837566641e-07, 9.78531886631e-08, 8.6782510067e-09, 5.52899059869e-10, 5.46653944333e-10, 5.40436861929e-10, 5.37067224027e-10],
        "mean": [1.05470371636e-06, 2.82019209408e-06, 2.44859211307e-06, 2.16565103983e-06, 6.50774427413e-06, 2.20991660171e-05, 6.22605439276e-05, 9.0153873316e-05, 0.000164588782354, 0.000262329645921, 0.000142041011713, 0.00010677435057, 0.000167102858541, 0.000215928259422, 0.000261821580352, 0.000282329740003, 0.000363502796972, 0.000533187005203, 0.000318293692544, 0.00025242601987, 0.000128204061184, 0.000206330019864, 0.000262582034338, 0.000337585021043, 0.000583671440836, 0.00033826980507, 0.000217678389163, 0.000225431780564, 6.76329073031e-05, 0.000118538860988, 6.64287363179e-05, 0.000148368650116, 0.000267464172794, 0.000112543508294, 6.31027796771e-05, 4.13853449572e-05, 3.76092684746e-05, 2.18590121221e-05, 0.000106361992948, 9.78479438345e-05, 6.28751076874e-05, 2.61525929091e-05, 3.24304382957e-05, 2.92533513857e-05, 5.41664230695e-05, 3.55743213731e-05, 1.76970570465e-05, 4.55789268017e-06, 3.24171269313e-05, 3.42532366631e-05, 6.81837263983e-06, 4.11482869822e-06, 4.46753983852e-06, 1.57856557053e-05, 1.45215708471e-05, 4.13812085753e-06, 7.61006685934e-06, 2.52653062489e-05, 2.47401367233e-05, 5.27133488504e-06, 7.90863305156e-06, 7.77485911385e-06, 4.66846540803e-06, 6.08546815783e-06, 1.03701122498e-05, 8.37449806568e-06, 1.83664014912e-05, 2.07604298339e-05, 5.76983484279e-06, 7.97503253125e-06, 3.26853205479e-06, 1.60196896104e-06, 1.70216640072e-06, 1.72594445758e-06, 1.41507484841e-06, 1.22199935504e-06, 1.51319466113e-06, 1.61839966495e-06, 1.28825024603e-06, 1.30625539896e-06, 1.52545101173e-06, 1.2546444168e-06, 1.5294607465e-06, 1.50670200583e-06, 1.46934246459e-06, 1.03920706351e-06, 1.2912424836e-06, 1.23731911117e-06, 1.35549237257e-06, 1.45628609971e-06, 1.56110741045e-06, 1.73363218892e-06, 1.82955284345e-06, 1.85275973763e-06, 1.61383638897e-06, 1.41008695209e-06, 1.34969593546e-06, 1.16693809105e-06, 1.13949670322e-06, 1.00791282875e-06, 9.72205839389e-07, 8.63816751462e-07, 8.43755174174e-07, 8.06120397101e-07, 7.62095737628e-07, 7.02522072515e-07, 4.68245531238e-07, 2.62485940539e-07, 1.98934642981e-07, 1.56272292884e-07, 1.37044466442e-07, 1.17975581304e-07, 1.00929881341e-07, 8.22069736728e-08, 5.2997116029e-08, 3.35709700039e-08, 1.66157931858e-08, 8.14701284213e-09, 3.29290683609e-09, 1.47130929662e-09, 9.6399788152e-10, 4.61616078695e-10, 2.75773792691e-10, 1.25566709808e-11, 2.07393434024e-12, 2.0107147284e-12, 1.97094836112e-12, 1.95600892254e-12],
        "min": [3.43949478274e-12, 6.47552705901e-11, 2.2015950174e-10, 4.40585290473e-10, 1.93033944385e-09, 1.27513677395e-09, 4.13944389877e-09, 1.83207315985e-09, 6.01726846128e-09, 3.9554177711e-09, 6.70358168975e-09, 4.28618029957e-09, 8.1204021285e-09, 4.37093419237e-08, 3.2843058051e-08, 1.85591009227e-08, 8.55763815366e-09, 1.40346916311e-08, 1.58319206633e-08, 1.16001306338e-08, 1.02696411375e-08, 7.37727656741e-09, 5.06555686286e-09, 7.91680143664e-09, 2.18308695565e-08, 2.73238143222e-08, 2.63780002285e-08, 2.61420325387e-08, 9.51485823464e-09, 1.90792430743e-08, 1.09971010076e-08, 1.47525609506e-08, 8.86566198233e-09, 4.18885504061e-09, 4.04867250836e-09, 2.0980310822e-09, 4.03866939891e-09, 3.572143914e-09, 2.9177900096e-09, 2.33269847882e-09, 4.20068202445e-09, 2.99250113578e-09, 3.05892933206e-09, 1.72875003202e-09, 1.44541212332e-09, 4.56442661445e-09, 2.93416779762e-09, 1.04808062229e-09, 6.07808026132e-10, 1.18438625574e-09, 1.63716740165e-09, 1.15922094146e-09, 7.41090300238e-10, 8.96905771874e-10, 6.44158060226e-10, 5.17393794475e-10, 5.83126213982e-10, 6.22860818478e-10, 7.85440323892e-10, 5.06894748398e-10, 2.36864416969e-10, 7.91538057321e-10, 4.23665630356e-10, 5.20108955904e-10, 3.14763493048e-10, 3.87623544373e-10, 2.44285147666e-10, 2.28018562365e-10, 3.57774115889e-10, 1.49144183115e-10, 2.04355601885e-10, 1.24364116227e-10, 1.33594024732e-10, 1.32197197633e-10, 9.41744182636e-11, 7.54593262875e-11, 8.27968318906e-11, 6.82551931641e-11, 7.93362112117e-11, 6.10716616167e-11, 9.1919270806e-11, 7.99715293986e-11, 5.92823984347e-11, 6.86365200786e-11, 5.78751976898e-11, 6.11360684299e-11, 6.51435225207e-11, 3.84942529241e-11, 4.70701706778e-11, 3.43537524816e-11, 4.76119942083e-11, 3.53235010686e-11, 4.10150038932e-11, 4.43362430103e-11, 3.54708658279e-11, 2.86504864971e-11, 3.26000164363e-11, 3.43352325738e-11, 1.68097723241e-11, 2.58303638895e-11, 2.729044421e-11, 2.85063084249e-11, 1.97565869914e-11, 1.74980325368e-11, 2.33217143514e-11, 2.66015109246e-11, 2.00481818646e-11, 1.89246066734e-11, 1.41474913382e-11, 1.09245728783e-11, 8.32507587173e-12, 4.00123207137e-12, 1.45522428743e-13, 1.24991569829e-13, 3.83069261262e-14, 3.95980516714e-14, 3.79210958424e-14, 4.27871205534e-14, 4.05502522294e-14, 3.58117364702e-14, 3.69531811292e-14, 3.74866052099e-14, 4.16176221632e-14, 4.15177502024e-14, 2.76100418028e-14, 1.15449845322e-14, 1.63596991636e-15, 5.54286449282e-17],
        "stdev": [1.39206031236e-05, 5.23045418959e-05, 4.52127969766e-05, 1.9063714717e-05, 4.48128048447e-05, 8.01070855232e-05, 0.000144563193317, 0.000246874173172, 0.000514673360158, 0.000766373414081, 0.000398518663133, 0.000355429423507, 0.000343466672348, 0.000491415208671, 0.000599972903728, 0.000752236344852, 0.000913234835025, 0.00146194687113, 0.000895998557098, 0.000795749190729, 0.000566877541132, 0.000466488942038, 0.000544377311599, 0.000744353048503, 0.00131124805193, 0.00114147865679, 0.000730709405616, 0.000983441947028, 0.000236112697166, 0.000374512688722, 0.000249201548286, 0.000486769946292, 0.000848378229421, 0.000429024134064, 0.000325330998749, 0.000259592256043, 0.000225986281293, 0.000120276636153, 0.000514334067702, 0.000401095079724, 0.000224341405556, 0.000164404526004, 0.000158039969392, 0.000134896486998, 0.000281798129436, 0.000192102481378, 0.000103926729935, 3.39280268236e-05, 0.000186160366866, 0.000195534157683, 5.59995314688e-05, 5.27448755747e-05, 3.87426989619e-05, 9.39986493904e-05, 7.82445567893e-05, 1.71933806996e-05, 4.74292792205e-05, 0.000108506006654, 0.00013138281065, 1.74464130396e-05, 2.75199472526e-05, 2.39732871705e-05, 1.40624888445e-05, 1.97108456632e-05, 4.84009069623e-05, 4.3149706471e-05, 6.63091486786e-05, 8.54483587318e-05, 2.76188748103e-05, 2.54737024079e-05, 1.25676970129e-05, 9.01306066226e-06, 8.51582535688e-06, 1.01822897705e-05, 9.72068301053e-06, 8.28868996905e-06, 8.77973707247e-06, 7.27399083189e-06, 5.79143352297e-06, 5.35786284672e-06, 5.7063462009e-06, 5.01795830132e-06, 6.02241061642e-06, 7.17221064406e-06, 5.68370251131e-06, 4.32844262832e-06, 5.43585701962e-06, 6.48017476124e-06, 6.98064059179e-06, 7.97456505097e-06, 7.92831269791e-06, 9.48624347075e-06, 9.33739829634e-06, 9.46574709815e-06, 8.44712212711e-06, 6.62161710352e-06, 6.5806711973e-06, 5.13228451382e-06, 5.50207687411e-06, 5.27160591446e-06, 5.87722615819e-06, 5.47707577425e-06, 5.2958116612e-06, 5.45782540939e-06, 5.61035085411e-06, 5.73954002903e-06, 3.1007709822e-06, 1.35793186473e-06, 1.00451177332e-06, 7.38067399197e-07, 6.89896978656e-07, 6.87263593591e-07, 6.39922461687e-07, 5.87516183259e-07, 3.46688864283e-07, 2.16612704662e-07, 1.46003657164e-07, 1.07351787904e-07, 5.36294955111e-08, 2.49193501389e-08, 1.40918112734e-08, 5.55603474339e-09, 3.91278609513e-09, 2.39202796459e-10, 1.34913477959e-11, 1.33301798419e-11, 1.31811193904e-11, 1.30979003685e-11]
    },
    "mfcc": {
        "mean": [-768.734985352, 136.125488281, -25.7671718597, -16.7257575989, -30.0662612915, -29.2419548035, -15.5771198273, -6.74958705902, -16.8340206146, -5.34176969528, -2.99272966385, -8.82468891144, -9.64870071411],
        "cov": [[16151.0625, -3817.41870117, 112.599578857, -381.722839355, 172.199661255, -99.0802154541, 20.3316230774, -125.542160034, -903.065795898, -145.16003418, 7.35660171509, -404.911254883, -65.7414169312], [-3817.41870117, 2458.77514648, -255.213638306, 117.088165283, -34.8780212402, -184.679702759, -73.616065979, 35.3237228394, 17.711391449, -56.7447891235, 89.6428985596, 102.284973145, 24.325969696], [112.599578857, -255.213638306, 1055.76281738, -12.0293149948, 74.6605987549, 85.1136627197, -67.0925292969, -50.3094978333, -68.3333282471, -80.1739501953, -10.624335289, 58.0188293457, -41.0642280579], [-381.722839355, 117.088165283, -12.0293149948, 286.810516357, 46.5157318115, 18.8150501251, -31.6342334747, 11.1401147842, 72.4451141357, 2.35053300858, -48.123790741, 9.31611251831, -1.14432048798], [172.199661255, -34.8780212402, 74.6605987549, 46.5157318115, 266.303985596, 53.0892028809, -70.5776443481, -5.87653160095, -9.91378116608, -12.8523139954, -13.2512807846, -14.7211141586, -27.7285957336], [-99.0802154541, -184.679702759, 85.1136627197, 18.8150501251, 53.0892028809, 227.772018433, 59.8354301453, 1.89319014549, 63.8189048767, 6.54594087601, -50.0406684875, 10.5012998581, -40.8477668762], [20.3316230774, -73.616065979, -67.0925292969, -31.6342334747, -70.5776443481, 59.8354301453, 401.740081787, 100.839874268, -17.5015201569, 33.9337654114, 3.20380496979, -47.6802558899, 19.8167285919], [-125.542160034, 35.3237228394, -50.3094978333, 11.1401147842, -5.87653160095, 1.89319014549, 100.839874268, 161.684463501, 53.111164093, -17.5091686249, -9.0228395462, -38.8362159729, -6.85488843918], [-903.065795898, 17.711391449, -68.3333282471, 72.4451141357, -9.91378116608, 63.8189048767, -17.5015201569, 53.111164093, 256.924713135, 39.820274353, -54.8767852783, 29.4016876221, -6.06551218033], [-145.16003418, -56.7447891235, -80.1739501953, 2.35053300858, -12.8523139954, 6.54594087601, 33.9337654114, -17.5091686249, 39.820274353, 119.435974121, 25.9684391022, 0.0489010699093, 26.4390678406], [7.35660171509, 89.6428985596, -10.624335289, -48.123790741, -13.2512807846, -50.0406684875, 3.20380496979, -9.0228395462, -54.8767852783, 25.9684391022, 123.617759705, 24.533498764, 18.7039146423], [-404.911254883, 102.284973145, 58.0188293457, 9.31611251831, -14.7211141586, 10.5012998581, -47.6802558899, -38.8362159729, 29.4016876221, 0.0489010699093, 24.533498764, 116.027992249, 19.0055274963], [-65.7414169312, 24.325969696, -41.0642280579, -1.14432048798, -27.7285957336, -40.8477668762, 19.8167285919, -6.85488843918, -6.06551218033, 26.4390678406, 18.7039146423, 19.0055274963, 130.261489868]],
        "icov": [[0.000153858098201, 0.000250764860539, 7.89953846834e-05, -1.54362514877e-05, -4.98333465657e-05, 8.81170635694e-05, 7.16742943041e-05, -7.5604992162e-05, 0.000508563243784, 0.000141384924063, -2.81134248326e-06, 0.000133611698402, 3.36228913511e-05], [0.000250764860539, 0.000910463568289, 0.000264775764663, -0.00026629466447, -0.000117127827252, 0.000516640662681, 7.82989591244e-05, -0.000224641305977, 0.000752022897359, 0.000613658339716, -0.000338987680152, -0.000287214177661, 0.000152048189193], [7.89953846834e-05, 0.000264775764663, 0.00119177100714, -3.09859387926e-05, -0.000210405109101, -0.00031470740214, 0.000121428420243, 1.88711910596e-05, 0.000617807847448, 0.000746155215893, -3.50357513526e-05, -0.000673016998917, 0.000185440629139], [-1.54362514877e-05, -0.00026629466447, -3.09859387926e-05, 0.00419750530273, -0.000770623970311, 0.000177356108907, 0.000102175683423, -0.000128894098452, -0.000816152140033, -0.00042875262443, 0.0016315021785, -0.000361800746759, -0.000194162785192], [-4.98333465657e-05, -0.000117127827252, -0.000210405109101, -0.000770623970311, 0.00469792727381, -0.00168507883791, 0.00130034727044, -0.000662731588818, 0.000672680209391, -0.000291304982966, -0.000360209407518, 0.00103826005943, 0.000153241227963], [8.81170635694e-05, 0.000516640662681, -0.00031470740214, 0.000177356108907, -0.00168507883791, 0.00709819281474, -0.00195742817596, 0.00116738199722, -0.00140301429201, -9.48594970396e-05, 0.00191335962154, -0.00165075797122, 0.00199676561169], [7.16742943041e-05, 7.82989591244e-05, 0.000121428420243, 0.000102175683423, 0.00130034727044, -0.00195742817596, 0.00418632663786, -0.00313597521745, 0.00192242418416, -0.00170792359859, 0.000183979660505, 0.000726509315427, -0.00077442463953], [-7.5604992162e-05, -0.000224641305977, 1.88711910596e-05, -0.000128894098452, -0.000662731588818, 0.00116738199722, -0.00313597521745, 0.0107936058193, -0.00450107920915, 0.00413110479712, -0.00220722635277, 0.00367308640853, 1.16277569759e-05], [0.000508563243784, 0.000752022897359, 0.000617807847448, -0.000816152140033, 0.000672680209391, -0.00140301429201, 0.00192242418416, -0.00450107920915, 0.00909889303148, -0.00356963509694, 0.00354654015973, -0.00277533847839, 0.000521624810062], [0.000141384924063, 0.000613658339716, 0.000746155215893, -0.00042875262443, -0.000291304982966, -9.48594970396e-05, -0.00170792359859, 0.00413110479712, -0.00356963509694, 0.0130710080266, -0.00481596495956, 0.00249786302447, -0.00191848434042], [-2.81134248326e-06, -0.000338987680152, -3.50357513526e-05, 0.0016315021785, -0.000360209407518, 0.00191335962154, 0.000183979660505, -0.00220722635277, 0.00354654015973, -0.00481596495956, 0.0129408584908, -0.00440020067617, 0.000370842200937], [0.000133611698402, -0.000287214177661, -0.000673016998917, -0.000361800746759, 0.00103826005943, -0.00165075797122, 0.000726509315427, 0.00367308640853, -0.00277533847839, 0.00249786302447, -0.00440020067617, 0.0135197099298, -0.002285113791], [3.36228913511e-05, 0.000152048189193, 0.000185440629139, -0.000194162785192, 0.000153241227963, 0.00199676561169, -0.00077442463953, 1.16277569759e-05, 0.000521624810062, -0.00191848434042, 0.000370842200937, -0.002285113791, 0.00919322948903]]
    },
    "spectral_contrast_coeffs": {
        "max": [-0.322922646999, -0.384591013193, -0.42836996913, -0.496565937996, -0.521002352238, -0.625911593437],
        "mean": [-0.622829496861, -0.720401287079, -0.717007756233, -0.768130600452, -0.761316239834, -0.804317891598],
        "min": [-0.871818780899, -0.949570119381, -0.924802422523, -0.917352616787, -0.907872676849, -0.893664777279],
        "stdev": [0.107430972159, 0.0901341736317, 0.0897652953863, 0.0857808515429, 0.080724067986, 0.041406467557]
    },
    "spectral_contrast_valleys": {
        "max": [-6.14124155045, -4.90572452545, -5.95685052872, -6.4534869194, -6.42536640167, -7.3897600174],
        "mean": [-9.28753376007, -7.18261051178, -8.17728614807, -8.92220115662, -9.18687725067, -11.6183013916],
        "min": [-11.4567832947, -10.0000934601, -10.7153339386, -11.198469162, -11.7916593552, -14.3258256912],
        "stdev": [0.945445775986, 1.00352036953, 0.94137185812, 0.924976408482, 1.10151171684, 1.59732091427]
    }
},
"rhythm": {
    "beats_count": 89,
    "beats_loudness": {
        "max": 0.0737450495362,
        "mean": 0.0143626490608,
        "min": 3.28903588525e-05,
        "stdev": 0.0144409816712
    },
    "bpm": 102.164726257,
    "bpm_histogram_first_peak_bpm": 103,
    "bpm_histogram_first_peak_weight": 0.522727251053,
    "bpm_histogram_second_peak_bpm": 161,
    "bpm_histogram_second_peak_spread": 0,
    "bpm_histogram_second_peak_weight": 0.102272726595,
    "danceability": 0.866966187954,
    "onset_rate": 2.583984375,
    "beats_loudness_band_ratio": {
        "max": [0.618931233883, 0.792809545994, 0.918228328228, 0.960035443306, 0.376444965601, 0.978148877621],
        "mean": [0.0334904491901, 0.198100686073, 0.463203907013, 0.229068756104, 0.0467673577368, 0.0910757258534],
        "min": [1.80791466846e-05, 0.000497285858728, 0.00800155103207, 0.00790056679398, 0.000378658878617, 4.92308936373e-05],
        "stdev": [0.0784905403852, 0.17118217051, 0.243294358253, 0.23413734138, 0.0689116716385, 0.211597159505]
    },
