{
"metadata": {
    "version": {
        "essentia": "2.1-beta5",
        "essentia_git_sha": "Undefined",
        "extractor": "music 2.0"
    },
    "audio_properties": {
        "analysis": {
            "equal_loudness": 0,
            "length": 32.4963264465,
            "sample_rate": 44100,
            "start_time": 77.7520217896,
            "downmix": "mix"
        },
        "bit_rate": 192000,
        "length": 234.997558594,
        "lossless": 0,
        "number_channels": 2,
        "replay_gain": -2.17840576172,
        "sample_rate": 48000,
        "codec": "mp3",
        "md5_encoded": "a089e598e46eb742bd9d9d8426c8d7d3"
    },
    "tags": {
        "file_name": "Albania_It_s All About You_Juliana Pasha.mp3",
        "encoding": ["Lavf58.29.100"]
    }
},
"lowlevel": {
    "average_loudness": 0.965615153313,
    "barkbands_crest": {
        "max": 24.4209861755,
        "mean": 9.68857002258,
        "min": 2.96685624123,
        "stdev": 4.07359647751
    },
    "barkbands_flatness_db": {
        "max": 0.294623494148,
        "mean": 0.15853279829,
        "min": 0.0356197692454,
        "stdev": 0.0308591481298
    },
    "barkbands_kurtosis": {
        "max": 79.7867660522,
        "mean": 1.89832925797,
        "min": -1.84394657612,
        "stdev": 4.67546224594
    },
    "barkbands_skewness": {
        "max": 7.66393518448,
        "mean": 1.02840161324,
        "min": -1.10293972492,
        "stdev": 1.04396140575
    },
    "barkbands_spread": {
        "max": 96.3947982788,
        "mean": 25.0572605133,
        "min": 2.29571175575,
        "stdev": 11.7629137039
    },
    "dissonance": {
        "max": 0.499999970198,
        "mean": 0.468120902777,
        "min": 0.350277513266,
        "stdev": 0.0239451546222
    },
    "dynamic_complexity": 2.0813267231,
    "erbbands_crest": {
        "max": 29.2907352448,
        "mean": 9.86981582642,
        "min": 2.41713047028,
        "stdev": 5.0720949173
    },
    "erbbands_flatness_db": {
        "max": 0.285378783941,
        "mean": 0.191148489714,
        "min": 0.106821678579,
        "stdev": 0.0368208549917
    },
    "erbbands_kurtosis": {
        "max": 13.3556118011,
        "mean": 0.570190608501,
        "min": -1.65279591084,
        "stdev": 1.94012665749
    },
    "erbbands_skewness": {
        "max": 2.47533893585,
        "mean": 0.279571741819,
        "min": -2.91973757744,
        "stdev": 0.721274495125
    },
    "erbbands_spread": {
        "max": 120.136909485,
        "mean": 36.2812767029,
        "min": 7.79886388779,
        "stdev": 18.4482955933
    },
    "hfc": {
        "max": 99.3795700073,
        "mean": 23.1546192169,
        "min": 0.319998621941,
        "stdev": 16.4868049622
    },
    "loudness_ebu128": {
        "integrated": -21.0970211029,
        "loudness_range": 2.19912338257,
        "momentary": {
            "max": -17.4734077454,
            "mean": -21.3362197876,
            "min": -25.8731708527,
            "stdev": 1.45248425007
        },
        "short_term": {
            "max": -19.5163860321,
            "mean": -21.0417575836,
            "min": -22.9990730286,
            "stdev": 0.741652667522
        }
    },
    "melbands_crest": {
        "max": 28.1840381622,
        "mean": 12.8159742355,
        "min": 4.23292446136,
        "stdev": 4.98784685135
    },
    "melbands_flatness_db": {
        "max": 0.363460808992,
        "mean": 0.170565977693,
        "min": 0.0608151368797,
        "stdev": 0.0435557961464
    },
    "melbands_kurtosis": {
        "max": 237.091537476,
        "mean": 8.7264547348,
        "min": -1.47189176083,
        "stdev": 15.5272607803
    },
    "melbands_skewness": {
        "max": 13.0810518265,
        "mean": 2.03352117538,
        "min": -0.687501549721,
        "stdev": 1.61814415455
    },
    "melbands_spread": {
        "max": 162.798965454,
        "mean": 29.824968338,
        "min": 1.37678658962,
        "stdev": 16.8818912506
    },
    "pitch_salience": {
        "max": 0.82354003191,
        "mean": 0.534470558167,
        "min": 0.0917988494039,
        "stdev": 0.113075725734
    },
    "silence_rate_20dB": {
        "max": 1,
        "mean": 1,
        "min": 1,
        "stdev": 0
    },
    "silence_rate_30dB": {
        "max": 1,
        "mean": 1,
        "min": 1,
        "stdev": 0
    },
    "silence_rate_60dB": {
        "max": 1,
        "mean": 0.000713775865734,
        "min": 0,
        "stdev": 0.0267071742564
    },
    "spectral_centroid": {
        "max": 4066.33398438,
        "mean": 1554.17260742,
        "min": 270.893585205,
        "stdev": 506.867584229
    },
    "spectral_complexity": {
        "max": 50,
        "mean": 19.9578876495,
        "min": 0,
        "stdev": 8.02087879181
    },
    "spectral_decrease": {
        "max": -5.32768031081e-11,
        "mean": -6.64266996964e-09,
        "min": -2.86768830904e-08,
        "stdev": 5.01522112728e-09
    },
    "spectral_energy": {
        "max": 0.115536957979,
        "mean": 0.0271711908281,
        "min": 0.000230103833019,
        "stdev": 0.0198483988643
    },
    "spectral_energyband_high": {
        "max": 0.00946036633104,
        "mean": 0.000759728020057,
        "min": 1.40727470352e-05,
        "stdev": 0.000857410603203
    },
    "spectral_energyband_low": {
        "max": 0.0804813206196,
        "mean": 0.00997756700963,
        "min": 6.52033995721e-05,
        "stdev": 0.0156052745879
    },
    "spectral_energyband_middle_high": {
        "max": 0.0573425255716,
        "mean": 0.00894782878458,
        "min": 9.98832620098e-05,
        "stdev": 0.0091712847352
    },
    "spectral_energyband_middle_low": {
        "max": 0.053544793278,
        "mean": 0.00842452980578,
        "min": 5.87882714171e-05,
        "stdev": 0.00680494308472
    },
    "spectral_entropy": {
        "max": 8.53526306152,
        "mean": 7.67366409302,
        "min": 6.81229543686,
        "stdev": 0.244187414646
    },
    "spectral_flux": {
        "max": 0.269386261702,
        "mean": 0.103696204722,
        "min": 0.0252062808722,
        "stdev": 0.0498754270375
    },
    "spectral_kurtosis": {
        "max": 12.1167459488,
        "mean": 2.42305779457,
        "min": -1.22910416126,
        "stdev": 1.7591354847
    },
    "spectral_rms": {
        "max": 0.0106169199571,
        "mean": 0.00483608525246,
        "min": 0.000473805383081,
        "stdev": 0.00176656560507
    },
    "spectral_rolloff": {
        "max": 9151.61132812,
        "mean": 1617.63256836,
        "min": 86.1328125,
        "stdev": 1196.52587891
    },
    "spectral_skewness": {
        "max": 2.85909223557,
        "mean": 1.13846933842,
        "min": -0.18465051055,
        "stdev": 0.290738403797
    },
    "spectral_spread": {
        "max": 8806784,
        "mean": 3937917.25,
        "min": 2339369.5,
        "stdev": 939053.1875
    },
    "spectral_strongpeak": {
        "max": 8.895362854,
        "mean": 1.39482009411,
        "min": 0,
        "stdev": 1.54052603245
    },
    "zerocrossingrate": {
        "max": 0.26708984375,
        "mean": 0.063805565238,
        "min": 0.01611328125,
        "stdev": 0.0257274396718
    },
    "barkbands": {
        "max": [0.0021693892777, 0.0662063360214, 0.0583531633019, 0.0109136495739, 0.0257554072887, 0.0230379234999, 0.0367168001831, 0.0256008263677, 0.0243718381971, 0.0364539772272, 0.0324467979372, 0.0179004315287, 0.0307589378208, 0.0165033452213, 0.0185334570706, 0.0101056843996, 0.0119265364483, 0.00706118391827, 0.00543465092778, 0.00578480027616, 0.00133024773095, 0.00212843483314, 0.00485955597833, 0.00481654936448, 0.000824711343739, 3.40230872098e-06, 3.66020162801e-06],
        "mean": [0.00016178865917, 0.00546443229541, 0.00371922901832, 0.00100710208062, 0.00148048682604, 0.00175535096787, 0.00123514654115, 0.00111805810593, 0.0013017548481, 0.00169454340357, 0.00186561176088, 0.000914343399927, 0.000919292331673, 0.000690682907589, 0.000823037698865, 0.000635231437627, 0.000560163869523, 0.000435173045844, 0.000455374072772, 0.000342130078934, 0.000144229226862, 9.36356445891e-05, 0.000189958082046, 0.000153160086484, 1.12550869744e-05, 3.91955978785e-09, 4.13955136835e-09],
        "min": [1.12511308714e-07, 4.58156546301e-06, 9.37808181334e-06, 6.02670525041e-07, 1.80692914e-05, 5.79963852942e-06, 6.38784649709e-06, 4.06966682931e-06, 6.91601144354e-06, 4.57555324829e-06, 5.21258789377e-06, 1.00274273791e-05, 4.66689243694e-06, 4.16704779127e-06, 7.60854845794e-06, 1.39722642416e-05, 4.5074184527e-06, 3.59013074558e-06, 4.78020956507e-06, 5.03486216985e-06, 2.63278161583e-06, 1.09895188416e-06, 2.73104410553e-06, 2.40882604885e-06, 6.78891538541e-08, 7.028808785e-11, 8.01735552947e-11],
        "stdev": [0.000254600687185, 0.0106766251847, 0.0079922452569, 0.00141158653423, 0.00199458235875, 0.00286115007475, 0.00237760436721, 0.00212069554254, 0.0024809432216, 0.00355632510036, 0.00381986773573, 0.00213561090641, 0.00223457254469, 0.00135660474189, 0.00175131345168, 0.00102506089024, 0.00103680742905, 0.000673145637847, 0.000658916600514, 0.000505171134137, 0.000155785048264, 0.000140855918289, 0.000290450931061, 0.000336284487275, 3.22623891407e-05, 9.2415582742e-08, 9.91316682075e-08]
    },
    "erbbands": {
        "max": [1.25937616825, 16.7696475983, 61.3915405273, 39.5687637329, 32.3399925232, 90.1506347656, 160.040527344, 218.973297119, 389.970672607, 528.682739258, 497.597961426, 505.51864624, 938.115539551, 1418.03601074, 1591.78808594, 767.222412109, 915.014770508, 912.732971191, 630.719726562, 1215.49182129, 557.79498291, 459.202941895, 370.441650391, 334.758911133, 226.158508301, 377.184112549, 73.6625671387, 44.0373077393, 74.7326507568, 96.0126342773, 143.089294434, 127.537895203, 64.5896987915, 15.2782850266, 0.369409024715, 0.0182576682419, 0.00631878897548, 0.00225990754552, 0.000523544498719, 0.000138650779263],
        "mean": [0.111275605857, 1.39347100258, 4.12984848022, 4.2290186882, 2.86778068542, 5.53040456772, 8.52373504639, 18.1171703339, 17.7765693665, 23.4870929718, 19.3144302368, 30.0483226776, 52.1635894775, 57.8047943115, 72.1573791504, 31.9409408569, 39.1877822876, 39.7008552551, 35.4243469238, 44.8796463013, 34.300983429, 31.4423522949, 25.0274047852, 26.6264667511, 18.6045608521, 16.4282550812, 7.37030935287, 5.15026187897, 3.36237168312, 4.42489385605, 5.54828834534, 3.43561005592, 2.30848670006, 0.359628230333, 0.00908445566893, 0.00056457775645, 8.74705656315e-05, 2.0669094738e-05, 1.92217248696e-05, 3.37708588631e-05],
        "min": [0.000187351572094, 0.00294251926243, 0.0231289826334, 0.0232711061835, 0.0367930755019, 0.0680037289858, 0.0833111926913, 0.0394722409546, 0.121960684657, 0.0791438445449, 0.165808111429, 0.167735204101, 0.0932638049126, 0.244188800454, 0.523084044456, 0.358805179596, 0.204634696245, 0.277757227421, 0.232817366719, 0.632484436035, 0.798042416573, 0.23237465322, 0.177908942103, 0.240572422743, 0.319420456886, 0.224010899663, 0.15364408493, 0.072276301682, 0.0391788184643, 0.0372448787093, 0.0808799043298, 0.0583600848913, 0.0254801847041, 0.00732454657555, 0.000193675819901, 1.57129979925e-05, 3.63230287803e-06, 9.14373572414e-07, 1.53615053478e-06, 2.61300215243e-06],
        "stdev": [0.193273812532, 2.77087783813, 8.74867534637, 6.47878599167, 3.94600009918, 8.28085803986, 13.1574726105, 30.8725471497, 32.4361038208, 39.9548301697, 38.6797447205, 52.1090736389, 100.882987976, 120.223342896, 150.780044556, 66.19165802, 85.8037796021, 79.9314727783, 63.0835533142, 85.2784881592, 53.2405433655, 55.0183181763, 36.3748512268, 37.7195930481, 26.9180908203, 27.6418685913, 8.46943283081, 5.67624664307, 4.85006475449, 6.62562227249, 8.77917385101, 7.75510406494, 5.05761241913, 0.886064946651, 0.0215525515378, 0.00123048399109, 0.000220946807531, 6.67526110192e-05, 1.88729973161e-05, 2.32104030147e-05]
    },
    "gfcc": {
        "mean": [-7.13160610199, 121.996643066, -159.787612915, 60.8517837524, -74.5685958862, 24.5227146149, -31.6210651398, 1.30096495152, 0.623225688934, -23.4424285889, 11.5887327194, -19.3041248322, 6.87604761124],
        "cov": [[1283.32177734, -176.489242554, -186.924865723, 14.2275114059, 23.6335906982, 79.6279678345, 97.2665634155, -6.35055017471, -50.7211723328, -6.97325944901, 27.1324501038, -49.7987327576, -71.2722244263], [-176.489242554, 321.869903564, 0.133846953511, -47.083366394, 54.3733024597, -74.7641525269, 53.7575798035, -25.41614151, 21.5922203064, -31.4381809235, 5.41637229919, -31.2476139069, 28.8883228302], [-186.924865723, 0.133846953511, 499.093780518, 178.430679321, -44.5543403625, 57.8090438843, -89.4735565186, 37.4681053162, 30.5395145416, 11.7318305969, -31.3884468079, 37.887676239, 1.06398773193], [14.2275114059, -47.083366394, 178.430679321, 239.761444092, 60.4501991272, 9.65387916565, -40.1320381165, 12.9184579849, 39.9838752747, 20.9188785553, -7.80985069275, 40.2505912781, -7.75216722488], [23.6335906982, 54.3733024597, -44.5543403625, 60.4501991272, 191.015869141, 69.072593689, 58.3791389465, 17.2447566986, 24.6371574402, 0.700549125671, 12.4765720367, 1.78661513329, 21.7639503479], [79.6279678345, -74.7641525269, 57.8090438843, 9.65387916565, 69.072593689, 292.902313232, 140.369293213, -44.2958564758, -36.013420105, 21.0088233948, 33.3041534424, 19.7279472351, -7.8931388855], [97.2665634155, 53.7575798035, -89.4735565186, -40.1320381165, 58.3791389465, 140.369293213, 217.629135132, -12.7255105972, -20.3941020966, 9.43940448761, 53.5982627869, -0.389490187168, 1.90229845047], [-6.35055017471, -25.41614151, 37.4681053162, 12.9184579849, 17.2447566986, -44.2958564758, -12.7255105972, 155.018005371, 69.7192382812, 10.5694589615, -1.34028100967, 12.775935173, 36.0331497192], [-50.7211723328, 21.5922203064, 30.5395145416, 39.9838752747, 24.6371574402, -36.013420105, -20.3941020966, 69.7192382812, 120.211967468, 32.2884063721, -0.709875047207, 22.3390159607, 26.5677585602], [-6.97325944901, -31.4381809235, 11.7318305969, 20.9188785553, 0.700549125671, 21.0088233948, 9.43940448761, 10.5694589615, 32.2884063721, 83.305770874, 54.934211731, 19.5122680664, 2.16681528091], [27.1324501038, 5.41637229919, -31.3884468079, -7.80985069275, 12.4765720367, 33.3041534424, 53.5982627869, -1.34028100967, -0.709875047207, 54.934211731, 120.480323792, 44.5737686157, -8.92297363281], [-49.7987327576, -31.2476139069, 37.887676239, 40.2505912781, 1.78661513329, 19.7279472351, -0.389490187168, 12.775935173, 22.3390159607, 19.5122680664, 44.5737686157, 82.4763793945, 31.8549308777], [-71.2722244263, 28.8883228302, 1.06398773193, -7.75216722488, 21.7639503479, -7.8931388855, 1.90229845047, 36.0331497192, 26.5677585602, 2.16681528091, -8.92297363281, 31.8549308777, 83.2565383911]],
        "icov": [[0.00105897791218, 0.000829745782539, 0.000366290973034, -0.000647162785754, 0.000179997645319, -3.27554662363e-05, -0.000470394792501, 1.99137393793e-05, -0.000255716586253, 0.00101844186429, -0.00108227564488, 0.0015740073286, -0.000157460177434], [0.000829745782539, 0.0119708906859, -0.00585435703397, 0.00476056151092, -0.00624178722501, 0.0090592475608, -0.00760728819296, 0.00874485168606, -0.00640394259244, 0.0071342443116, -0.00709997722879, 0.00821724813432, -0.00609275698662], [0.000366290973034, -0.00585435703397, 0.00770708732307, -0.00685669481754, 0.00650048488751, -0.00782597437501, 0.00597201054916, -0.0060609234497, 0.00273033068515, -0.00153215136379, 0.00190696108621, -0.00152186665218, 0.00160871632397], [-0.000647162785754, 0.00476056151092, -0.00685669481754, 0.0132484231144, -0.00919215381145, 0.0073387818411, -0.00433457177132, 0.00489567453042, -0.00213154405355, -0.00283875572495, 0.00393046904355, -0.00662061572075, 0.0039026949089], [0.000179997645319, -0.00624178722501, 0.00650048488751, -0.00919215381145, 0.0141841834411, -0.00931821577251, 0.00485637970269, -0.00565617112443, 0.000354787596734, 0.00201227585785, -0.00229963078164, 0.0037919068709, -0.00273625412956], [-3.27554662363e-05, 0.0090592475608, -0.00782597437501, 0.0073387818411, -0.00931821577251, 0.0157768167555, -0.0114285722375, 0.00857390929013, -0.00202351645567, -4.71252387797e-05, -5.25661489519e-05, -0.000530162767973, -0.00106196815614], [-0.000470394792501, -0.00760728819296, 0.00597201054916, -0.00433457177132, 0.00485637970269, -0.0114285722375, 0.0148127330467, -0.00636232411489, 0.00283528398722, -0.000499411602505, -0.00200760154985, 5.85456509725e-05, 0.000689801818226], [1.99137393793e-05, 0.00874485168606, -0.0060609234497, 0.00489567453042, -0.00565617112443, 0.00857390929013, -0.00636232411489, 0.0166902579367, -0.00992886442691, 0.00602173293009, -0.00627957982942, 0.0067350063473, -0.00750888558105], [-0.000255716586253, -0.00640394259244, 0.00273033068515, -0.00213154405355, 0.000354787596734, -0.00202351645567, 0.00283528398722, -0.00992886442691, 0.0192472077906, -0.0127216698602, 0.0102036911994, -0.0104095358402, 0.00498313363642], [0.00101844186429, 0.0071342443116, -0.00153215136379, -0.00283875572495, 0.00201227585785, -4.71252387797e-05, -0.000499411602505, 0.00602173293009, -0.0127216698602, 0.0308923237026, -0.0220891479403, 0.0165363308042, -0.0104124117643], [-0.00108227564488, -0.00709997722879, 0.00190696108621, 0.00393046904355, -0.00229963078164, -5.25661489519e-05, -0.00200760154985, -0.00627957982942, 0.0102036911994, -0.0220891479403, 0.0315386876464, -0.0258006192744, 0.0158090516925], [0.0015740073286, 0.00821724813432, -0.00152186665218, -0.00662061572075, 0.0037919068709, -0.000530162767973, 5.85456509725e-05, 0.0067350063473, -0.0104095358402, 0.0165363308042, -0.0258006192744, 0.0402035415173, -0.0213146414608], [-0.000157460177434, -0.00609275698662, 0.00160871632397, 0.0039026949089, -0.00273625412956, -0.00106196815614, 0.000689801818226, -0.00750888558105, 0.00498313363642, -0.0104124117643, 0.0158090516925, -0.0213146414608, 0.0267122201622]]
    },
    "melbands": {
        "max": [0.0151193588972, 0.0229100491852, 0.00602470198646, 0.00337382243015, 0.00629408704117, 0.00456780847162, 0.00527876103297, 0.00469776242971, 0.00339240836911, 0.00360023812391, 0.00457130745053, 0.00614733435214, 0.00440007029101, 0.00202038534917, 0.0021773960907, 0.00364863686264, 0.00206608069129, 0.00124024017714, 0.00149251590483, 0.000906399509404, 0.000806121621281, 0.000628540990874, 0.000467909587314, 0.000409181462601, 0.000302332831779, 0.000248977274168, 0.000162601965712, 0.000265067938017, 5.78026701987e-05, 3.61996171705e-05, 3.26374793076e-05, 3.33051939378e-05, 5.47199852008e-05, 5.78002000111e-05, 7.50643230276e-05, 9.23639745452e-05, 7.29289095034e-05, 5.0887803809e-05, 5.14714301971e-05, 3.37096867042e-06],
        "mean": [0.00129080598708, 0.00205598818138, 0.000689130916726, 0.000275373662589, 0.000313615542836, 0.000388550455682, 0.000264399248408, 0.000268776988378, 0.000142971766763, 0.000201033530175, 0.000263027846813, 0.000229426208534, 0.000250408338616, 0.000119804855785, 6.8480236223e-05, 0.000100765180832, 7.01759199728e-05, 5.35934450454e-05, 6.91259192536e-05, 5.11572834512e-05, 3.7090096157e-05, 3.40141668858e-05, 2.44413367909e-05, 2.07305765798e-05, 2.22672315431e-05, 1.47361315612e-05, 1.23430700114e-05, 1.07449413917e-05, 4.88073101224e-06, 3.34274909619e-06, 2.86972726826e-06, 1.9031389229e-06, 1.71381770997e-06, 2.85411442746e-06, 3.58056740879e-06, 2.52739346251e-06, 1.86648412637e-06, 1.66459199136e-06, 1.1557436892e-06, 3.58039677906e-08],
        "min": [1.3687944147e-06, 1.13338064693e-05, 4.58697195427e-06, 3.43789997714e-06, 3.18269962918e-06, 9.92591367321e-07, 1.83200836545e-06, 8.51891286402e-07, 1.44227271903e-06, 9.68699282566e-07, 4.54114854165e-07, 9.0685006171e-07, 1.35996651807e-06, 1.33272851599e-06, 5.65471964364e-07, 4.52822007446e-07, 4.27286096283e-07, 1.86327497431e-07, 6.52991616334e-07, 7.83683162808e-07, 7.6600997545e-07, 2.40868473611e-07, 1.42345854215e-07, 1.69684128082e-07, 2.03924201969e-07, 1.19415730637e-07, 1.94243170881e-07, 1.20827237993e-07, 1.2642547631e-07, 4.34352322998e-08, 2.24676508509e-08, 2.06760759625e-08, 1.2153180684e-08, 2.13417692407e-08, 4.86703086722e-08, 4.06570990208e-08, 2.9700801818e-08, 1.05621769109e-08, 2.30136283363e-08, 1.47097597991e-10],
        "stdev": [0.00241678254679, 0.00379789969884, 0.000995449139737, 0.000367400120012, 0.000455217435956, 0.000637071614619, 0.000478333822684, 0.000451174651971, 0.000295739446301, 0.000364540901501, 0.000523180293385, 0.000493856321555, 0.000503988296259, 0.000264911970589, 0.000181372859515, 0.000261409120867, 0.000148316612467, 0.000105832827103, 0.00015872156655, 8.49932839628e-05, 6.61964149913e-05, 6.61159792799e-05, 3.70734123862e-05, 3.5337972804e-05, 3.3679381886e-05, 2.46206582233e-05, 1.85781391338e-05, 1.98967136384e-05, 6.16038050794e-06, 3.86190458812e-06, 3.73954549104e-06, 2.78956599686e-06, 3.13466080115e-06, 4.15079512095e-06, 5.34433775101e-06, 5.69924350202e-06, 4.444626029e-06, 3.53911150341e-06, 2.9335913041e-06, 1.21151288113e-07]
    },
    "melbands128": {
        "max": [0.00140220543835, 0.0070811137557, 0.0241338480264, 0.0317674428225, 0.0331505723298, 0.0250316169113, 0.00897848419845, 0.00476149376482, 0.00323047139682, 0.00477728014812, 0.00566025590524, 0.0113756842911, 0.00636075437069, 0.005714898929, 0.007707323879, 0.00611426588148, 0.00925957784057, 0.00613590423018, 0.0152430683374, 0.0061273262836, 0.00601416546851, 0.00736775202677, 0.0043152263388, 0.00967362336814, 0.00364137184806, 0.00687353452668, 0.00798368640244, 0.00745602324605, 0.00944275036454, 0.0121749909595, 0.00883239414543, 0.00655379611999, 0.00647013355047, 0.011204441078, 0.00538864172995, 0.00148103176616, 0.00365285295993, 0.00387056730688, 0.00258852681145, 0.00422305706888, 0.00772834708914, 0.00583884771913, 0.00298806186765, 0.00267439289019, 0.00248699262738, 0.00190257001668, 0.00198081950657, 0.00329967122525, 0.00304255983792, 0.00243984023109, 0.00143620010931, 0.00105936732143, 0.0010925628012, 0.00154941971414, 0.00233837706037, 0.0013285712339, 0.000980687211268, 0.0009739244706, 0.000561885011848, 0.000526533345692, 0.000632419367321, 0.0010878368048, 0.000827003852464, 0.000492763530929, 0.000781183131039, 0.00054708076641, 0.000315358134685, 0.000273352139629, 0.000344002735801, 0.000558892497793, 0.000575690937694, 0.000293965393212, 0.000116763418191, 9.24718769966e-05, 8.78278151504e-05, 7.24461060599e-05, 5.71126729483e-05, 2.99546736642e-05, 5.1305622037e-05, 6.95487178746e-05, 4.27260019933e-05, 4.93807820021e-05, 8.94866898307e-05, 6.54570467304e-05, 5.66841445107e-05, 6.91941459081e-05, 6.98015719536e-05, 7.85412630648e-05, 7.92459541117e-05, 7.81588241807e-05, 0.00016044867516, 0.000136548493174, 0.000109211468953, 0.000100113873486, 7.22534459783e-05, 4.84296870127e-05, 5.89364572079e-05, 7.91828060756e-05, 9.71754998318e-05, 3.92162583012e-05, 4.84593442707e-07, 2.97252764625e-08, 2.90362471844e-08, 2.81075145381e-08, 2.71256190842e-08, 2.61453365624e-08, 2.51492018322e-08, 2.41911557453e-08, 2.32075461071e-08, 2.23577405478e-08, 2.1526505023e-08, 2.07553423337e-08, 2.00510257287e-08, 1.93337204024e-08, 1.86819839598e-08, 1.80922601345e-08, 1.75383547685e-08, 1.70832095137e-08, 1.66362852383e-08, 1.61614348571e-08, 1.58326685096e-08, 1.5507824358e-08, 1.51527910219e-08, 1.49293946095e-08, 1.47355141422e-08, 1.45721203992e-08, 1.44319631801e-08, 1.43501646122e-08],
        "mean": [0.000132468776428, 0.000654907198623, 0.00179050152656, 0.00248174020089, 0.00227646832354, 0.0017506236909, 0.000907249574084, 0.000412280554883, 0.000254028505879, 0.000217349632294, 0.000323626154568, 0.000377587624826, 0.000253303267527, 0.000292079377687, 0.000484073651023, 0.000376341806259, 0.000323516724166, 0.000222710921662, 0.000223563285545, 0.000259350665146, 0.000329925038386, 0.000200868395041, 9.27880755626e-05, 0.00010829600069, 0.000183468670002, 0.000250682380283, 0.00021610299882, 0.000282047549263, 0.000303113571135, 0.000182050265721, 0.000230495890719, 0.000262327695964, 0.000233845275943, 0.00028606937849, 0.000162522585015, 5.0479247875e-05, 7.46025471017e-05, 7.82893039286e-05, 5.16505097039e-05, 8.58350613271e-05, 0.000140470496262, 7.7667820733e-05, 6.06476714893e-05, 7.34383647796e-05, 6.22905427008e-05, 4.37896051153e-05, 4.70347113151e-05, 8.18293410703e-05, 7.73198553361e-05, 4.77809189761e-05, 5.17857879458e-05, 4.90103011543e-05, 3.63810031558e-05, 3.18453239743e-05, 3.77426367777e-05, 3.45714324794e-05, 3.21753723256e-05, 2.4840770493e-05, 2.14009742194e-05, 2.36467949435e-05, 2.0646593839e-05, 1.78574173333e-05, 2.29096476687e-05, 2.4391543775e-05, 2.05900723813e-05, 1.384585903e-05, 1.11666895464e-05, 1.30388216348e-05, 1.25650549307e-05, 1.16319133667e-05, 1.17312147268e-05, 1.0745065083e-05, 5.55744145458e-06, 3.96238056055e-06, 3.48611047229e-06, 3.68124096894e-06, 3.13362829729e-06, 2.77702270068e-06, 3.37723236044e-06, 2.28455769502e-06, 1.93920777747e-06, 1.8342467456e-06, 1.44002046909e-06, 1.60074159794e-06, 2.03744821192e-06, 2.17431852434e-06, 2.9621298836e-06, 4.55798090115e-06, 3.93197615267e-06, 2.62665048467e-06, 2.64897062152e-06, 2.50286507253e-06, 2.41289217229e-06, 1.75170862349e-06, 1.70840053215e-06, 1.41719146995e-06, 1.72374893737e-06, 1.86839042726e-06, 1.6274632344e-06, 5.04009392444e-07, 3.93080634709e-09, 5.83410680877e-11, 3.89267680589e-11, 3.62026034151e-11, 3.53468469771e-11, 3.47492382091e-11, 3.25706371596e-11, 2.84317795002e-11, 2.70607061065e-11, 2.59097916733e-11, 2.48154309601e-11, 2.38444299028e-11, 2.29328309814e-11, 2.20580307492e-11, 2.12780643799e-11, 2.05927514624e-11, 1.99618845759e-11, 1.94117933533e-11, 1.88998365569e-11, 1.83627921896e-11, 1.79464811068e-11, 1.75572681393e-11, 1.7197219343e-11, 1.68977679071e-11, 1.65279196579e-11, 1.60963707641e-11, 1.58123392852e-11, 1.57026284336e-11],
        "min": [3.62513716823e-08, 1.01616933534e-07, 2.64720569021e-07, 1.08093786366e-06, 3.93665868614e-06, 4.14976966567e-06, 2.51551819019e-06, 1.31670404357e-07, 1.200795964e-06, 8.07037963568e-07, 2.12275858757e-06, 1.1509066411e-07, 5.8532100411e-07, 1.16675266781e-06, 4.36998675468e-07, 5.7570662193e-07, 5.50228833163e-07, 3.7035403011e-07, 9.60851139098e-07, 5.64829747418e-07, 2.1222844282e-07, 1.78415319851e-07, 6.91058346547e-07, 5.75954970827e-07, 3.84989448321e-07, 1.87252453543e-07, 2.91529545393e-07, 2.5457859465e-07, 7.31825934963e-07, 5.42353632227e-07, 2.56463977166e-07, 3.55947094022e-07, 8.58761779909e-07, 4.91931530178e-07, 4.6649813612e-07, 1.67147618413e-07, 2.14700833112e-07, 2.31947808516e-07, 4.35900801676e-07, 2.64693056806e-07, 3.21370862366e-07, 2.17596522134e-07, 2.01581926262e-07, 1.1536756972e-07, 8.31226145692e-08, 9.55620862442e-08, 2.18287809162e-07, 1.55157621862e-07, 3.34320759521e-07, 1.89421427876e-07, 4.64830293367e-07, 1.76752365633e-07, 4.63414579599e-07, 2.68737267106e-07, 4.09990377648e-07, 9.06251074184e-08, 1.06708462511e-07, 1.38144130801e-07, 1.57251008659e-07, 1.30056591274e-07, 2.04119217528e-07, 1.20489758615e-07, 2.99883993193e-07, 2.29533156926e-07, 6.41856914285e-08, 1.89054460975e-08, 1.25181117028e-07, 9.58277937002e-08, 1.50299840129e-07, 1.4957343808e-07, 2.52933176625e-08, 4.72521577422e-08, 6.88714081321e-08, 5.68749314311e-08, 2.31721006827e-08, 2.56894026052e-08, 1.50371999297e-08, 7.35521110684e-09, 2.37124559987e-08, 2.4994777803e-08, 2.17941149572e-08, 9.80893055669e-09, 1.01462687141e-08, 1.11907461076e-08, 1.51384806912e-08, 1.38911184777e-08, 2.24073986033e-08, 2.70968261162e-08, 3.16511865606e-08, 3.17593489285e-08, 3.4577418262e-08, 3.50017117512e-08, 1.89167739251e-08, 1.49542263017e-08, 1.23230385896e-08, 3.40080519301e-09, 1.18241310076e-08, 1.40482985245e-08, 2.9487976505e-08, 3.93947896526e-09, 8.04354759881e-12, 5.19240791856e-13, 2.85938183938e-13, 2.79232800077e-13, 2.72949767172e-13, 2.56684376445e-13, 2.7763980893e-13, 3.01982532947e-13, 2.52372721245e-13, 2.40897904923e-13, 2.77688896183e-13, 2.38941977098e-13, 2.6600954512e-13, 3.22046425985e-13, 2.3198584438e-13, 2.53963354253e-13, 3.32805858609e-13, 2.93747312715e-13, 2.90858483132e-13, 3.20390659532e-13, 2.85528653672e-13, 2.85797020815e-13, 2.78776676223e-13, 2.85891536139e-13, 2.271286322e-13, 7.41379275137e-14, 1.22360024809e-14, 4.99832077532e-16],
        "stdev": [0.000207621415029, 0.00101312762126, 0.0036839665845, 0.00522231590003, 0.00506525672972, 0.003528699046, 0.00147356686648, 0.000621464569122, 0.000405274535296, 0.000365195795894, 0.000544979469851, 0.000656549062114, 0.000492572027724, 0.000620066886768, 0.000957018579356, 0.00076191109838, 0.000749187369365, 0.000516389496624, 0.000705905200448, 0.000533917220309, 0.000656374963, 0.000544799899217, 0.0003175776219, 0.00040192969027, 0.000401386845624, 0.000550920842215, 0.000716645095963, 0.000701193930581, 0.000822005444206, 0.00068105221726, 0.000712791865226, 0.000741639581975, 0.000653857598081, 0.000843958638143, 0.000534297607373, 0.000147682163515, 0.000277328246739, 0.0002866279101, 0.000178992500878, 0.000260415166849, 0.000449282000773, 0.000305004679831, 0.000175759079866, 0.000197599525563, 0.000157560905791, 0.000119420765259, 0.000156254143803, 0.00025976554025, 0.000241235844442, 0.000146933976794, 0.000114280679554, 0.000109832704766, 8.55997132021e-05, 8.69784562383e-05, 0.000110828579636, 9.03299078345e-05, 8.09092962299e-05, 5.65777227166e-05, 3.85631465178e-05, 4.75664346595e-05, 4.73282343592e-05, 5.35026665602e-05, 4.82863724756e-05, 4.83909789182e-05, 4.40825897385e-05, 3.48313260474e-05, 2.46099807555e-05, 2.39702403633e-05, 2.36682662944e-05, 3.12932897941e-05, 3.30383954861e-05, 2.11127753573e-05, 8.80378411239e-06, 7.9806377471e-06, 5.68712948734e-06, 5.53597692488e-06, 4.50791867479e-06, 3.59757905244e-06, 5.29584440301e-06, 3.96860878027e-06, 2.9374366477e-06, 3.44706813848e-06, 3.24504253513e-06, 3.41697682416e-06, 3.82603593607e-06, 3.86075635106e-06, 4.94678579344e-06, 7.02950819687e-06, 6.23492223895e-06, 4.99823909195e-06, 6.52098196952e-06, 6.69642849971e-06, 6.21184517513e-06, 4.90468664793e-06, 4.10361644754e-06, 3.00185160995e-06, 3.78189474759e-06, 5.2174314078e-06, 4.48579748991e-06, 1.49849279296e-06, 1.54850514633e-08, 8.47905357038e-10, 8.04466271376e-10, 7.74335817688e-10, 7.48011041996e-10, 7.17471082545e-10, 6.86743661937e-10, 6.58872234549e-10, 6.31467100831e-10, 6.0784505207e-10, 5.84787662739e-10, 5.6358151479e-10, 5.44173150985e-10, 5.24517207445e-10, 5.06619413088e-10, 4.90481211202e-10, 4.75407935241e-10, 4.62906296628e-10, 4.50686682418e-10, 4.3775610914e-10, 4.28810958963e-10, 4.19902029813e-10, 4.10327105627e-10, 4.04182964875e-10, 3.98896360387e-10, 3.94472177145e-10, 3.90675991557e-10, 3.88454490796e-10]
    },
    "mfcc": {
        "mean": [-619.41607666, 112.931938171, -8.93173217773, 22.9295406342, 0.849172592163, 7.12981462479, -5.36286687851, 15.6864795685, -7.50573158264, 13.0701818466, -10.7692394257, 6.69575786591, -4.78138303757],
        "cov": [[1407.80419922, -204.314422607, -243.556427002, -40.2402153015, -92.7762527466, 52.9288215637, 109.033615112, 29.2701091766, -67.8266601562, 78.512046814, -6.99540233612, -30.1287193298, 46.3278656006], [-204.314422607, 351.486083984, -80.1268844604, -2.24999260902, -33.3729553223, -48.4186058044, 10.278093338, -11.5944652557, 12.7627973557, 20.8575267792, -16.5239601135, -18.0787086487, -34.3875465393], [-243.556427002, -80.1268844604, 497.44329834, 60.6906204224, 79.449546814, 42.6366615295, -46.8870162964, 6.9679236412, 23.7734355927, -62.5787773132, 34.2582015991, 39.3272476196, -16.1516189575], [-40.2402153015, -2.24999260902, 60.6906204224, 225.344955444, 91.3273468018, -59.3405151367, -76.2173919678, -2.63413333893, 33.9227752686, -34.6277999878, 5.70662784576, 40.9319458008, 37.0940971375], [-92.7762527466, -33.3729553223, 79.449546814, 91.3273468018, 201.179702759, -11.241648674, -43.1580696106, 15.4174108505, 64.0264968872, -19.2904071808, 7.15551948547, 18.857093811, 18.6102027893], [52.9288215637, -48.4186058044, 42.6366615295, -59.3405151367, -11.241648674, 293.669128418, 135.014709473, 39.9296379089, -32.8391342163, 11.7539548874, 34.7536315918, -19.6433334351, -11.2348747253], [109.033615112, 10.278093338, -46.8870162964, -76.2173919678, -43.1580696106, 135.014709473, 210.198638916, 47.2255249023, -28.3517684937, 27.1840381622, 27.7715930939, -13.674826622, 3.47821879387], [29.2701091766, -11.5944652557, 6.9679236412, -2.63413333893, 15.4174108505, 39.9296379089, 47.2255249023, 101.851348877, 32.9281921387, 15.689330101, 2.82864141464, 12.77663517, 7.27598619461], [-67.8266601562, 12.7627973557, 23.7734355927, 33.9227752686, 64.0264968872, -32.8391342163, -28.3517684937, 32.9281921387, 152.024353027, 8.56661319733, -7.72932958603, -5.06378746033, -0.846158802509], [78.512046814, 20.8575267792, -62.5787773132, -34.6277999878, -19.2904071808, 11.7539548874, 27.1840381622, 15.689330101, 8.56661319733, 100.908660889, 11.8027200699, 0.396161496639, 4.53185462952], [-6.99540233612, -16.5239601135, 34.2582015991, 5.70662784576, 7.15551948547, 34.7536315918, 27.7715930939, 2.82864141464, -7.72932958603, 11.8027200699, 86.1129302979, 26.6805725098, 12.9632091522], [-30.1287193298, -18.0787086487, 39.3272476196, 40.9319458008, 18.857093811, -19.6433334351, -13.674826622, 12.77663517, -5.06378746033, 0.396161496639, 26.6805725098, 90.7543563843, 31.0971336365], [46.3278656006, -34.3875465393, -16.1516189575, 37.0940971375, 18.6102027893, -11.2348747253, 3.47821879387, 7.27598619461, -0.846158802509, 4.53185462952, 12.9632091522, 31.0971336365, 86.9772567749]],
        "icov": [[0.00100468134042, 0.000772519095335, 0.000414418114815, -0.000383378443075, 0.00033834768692, 0.000104503102193, -0.000433040084317, -0.000171134437551, 0.000299700419419, -0.000661218888126, 0.000178438727744, 0.000411433517002, -0.000152841836098], [0.000772519095335, 0.0039224345237, 0.000701187469531, -0.000928754045162, 0.000696795294061, 0.000780521600973, -0.00115223426837, 0.000350975402398, -0.000202301569516, -0.00109568447806, 0.00039191567339, 0.000311667827191, 0.00151933718007], [0.000414418114815, 0.000701187469531, 0.00286043062806, -0.000309904891765, -0.000395063951146, -0.000645022082608, 0.000517952255905, -0.000221903552301, -0.000215242762351, 0.00116968620569, -0.000880960025825, -0.000910078000743, 0.00111253955401], [-0.000383378443075, -0.000928754045162, -0.000309904891765, 0.00711918110028, -0.00230155722238, 0.00021065211331, 0.00186215573922, -0.000169693084899, -0.000441343552666, 0.00200448534451, -0.000504248368088, -0.00168172537815, -0.00222964840941], [0.00033834768692, 0.000696795294061, -0.000395063951146, -0.00230155722238, 0.00740263611078, -0.000510817510076, 0.000515197752975, -0.00042953598313, -0.0023973248899, 0.000225746553042, -0.000274173362413, 0.000125240476336, -0.00067009247141], [0.000104503102193, 0.000780521600973, -0.000645022082608, 0.00021065211331, -0.000510817510076, 0.00567666999996, -0.00323573127389, -0.0010687521426, 0.00111362000462, -0.000283559347736, -0.00122008111794, 0.00153263437096, 0.000764149182942], [-0.000433040084317, -0.00115223426837, 0.000517952255905, 0.00186215573922, 0.000515197752975, -0.00323573127389, 0.00919106882066, -0.00330643216148, 0.00081271585077, 0.000298201543046, -0.00216773990542, 0.000805708696134, -0.00151464832015], [-0.000171134437551, 0.000350975402398, -0.000221903552301, -0.000169693084899, -0.00042953598313, -0.0010687521426, -0.00330643216148, 0.0136243142188, -0.00358145288192, -0.00124914920889, 0.00206905626692, -0.00320041575469, 7.35507637728e-05], [0.000299700419419, -0.000202301569516, -0.000215242762351, -0.000441343552666, -0.0023973248899, 0.00111362000462, 0.00081271585077, -0.00358145288192, 0.00919941999018, -0.00153093400877, 4.175840877e-05, 0.00214693252929, 0.000227977288887], [-0.000661218888126, -0.00109568447806, 0.00116968620569, 0.00200448534451, 0.000225746553042, -0.000283559347736, 0.000298201543046, -0.00124914920889, -0.00153093400877, 0.0126877836883, -0.00229432387277, -0.000962305639405, -0.000700993696228], [0.000178438727744, 0.00039191567339, -0.000880960025825, -0.000504248368088, -0.000274173362413, -0.00122008111794, -0.00216773990542, 0.00206905626692, 4.175840877e-05, -0.00229432387277, 0.0149640301242, -0.00423591630533, -0.000669803412165], [0.000411433517002, 0.000311667827191, -0.000910078000743, -0.00168172537815, 0.000125240476336, 0.00153263437096, 0.000805708696134, -0.00320041575469, 0.00214693252929, -0.000962305639405, -0.00423591630533, 0.0160483308136, -0.00417645834386], [-0.000152841836098, 0.00151933718007, 0.00111253955401, -0.00222964840941, -0.00067009247141, 0.000764149182942, -0.00151464832015, 7.35507637728e-05, 0.000227977288887, -0.000700993696228, -0.000669803412165, -0.00417645834386, 0.0152651444077]]
    },
    "spectral_contrast_coeffs": {
        "max": [-0.531783521175, -0.50512355566, -0.494603663683, -0.5879945755, -0.610950708389, -0.632936000824],
        "mean": [-0.737587749958, -0.748501360416, -0.733818769455, -0.77462387085, -0.781257331371, -0.719044327736],
        "min": [-0.929974138737, -0.929609894753, -0.893864393234, -0.893310964108, -0.871612787247, -0.804944515228],
        "stdev": [0.0668196380138, 0.0712135061622, 0.0832561999559, 0.0588861294091, 0.0441234335303, 0.0265959352255]
    },
    "spectral_contrast_valleys": {
        "max": [-5.11901569366, -5.0007481575, -5.64015293121, -5.95445108414, -6.09698915482, -8.45597553253],
        "mean": [-6.62613153458, -6.60926294327, -7.16476392746, -7.30614423752, -7.23671913147, -10.4139757156],
        "min": [-8.42111492157, -8.62716388702, -8.71289348602, -8.7336807251, -8.76825237274, -11.7989654541],
        "stdev": [0.472219228745, 0.436336129904, 0.444465398788, 0.410544335842, 0.426292389631, 0.508253216743]
    }
},
"rhythm": {
    "beats_count": 73,
    "beats_loudness": {
        "max": 0.0941657721996,
        "mean": 0.0577636696398,
        "min": 0.00915062613785,
        "stdev": 0.0198195017874
    },
    "bpm": 136.734268188,
    "bpm_histogram_first_peak_bpm": 136,
    "bpm_histogram_first_peak_weight": 0.199999988079,
    "bpm_histogram_second_peak_bpm": 144,
    "bpm_histogram_second_peak_spread": 0,
    "bpm_histogram_second_peak_weight": 0.0277777779847,
    "danceability": 1.41823422909,
    "onset_rate": 4.060546875,
    "beats_loudness_band_ratio": {
        "max": [0.970528721809, 0.269748061895, 0.281015187502, 0.619418621063, 0.513353943825, 0.158644810319],
        "mean": [0.687923908234, 0.0423607751727, 0.0665837153792, 0.120007634163, 0.0660400986671, 0.0316622406244],
        "min": [0.0812076628208, 0.00434767687693, 0.00439185695723, 0.00404511159286, 0.00366943608969, 0.00433063134551],
        "stdev": [0.209691807628, 0.047073289752, 0.0698538422585, 0.150197356939, 0.0759777724743, 0.0271092392504]
    },
    "beats_position": [0.441179126501, 0.882358253002, 1.3235373497, 1.764716506, 2.20589566231, 2.6470746994, 3.08825397491, 3.52943301201, 3.95900225639, 4.38857126236, 4.82975053787, 5.27092981339, 5.71210861206, 6.15328788757, 6.59446716309, 7.02403593063, 7.46521520615, 7.89478445053, 8.33596324921, 8.77714252472, 9.21832180023, 9.65950107574, 10.077460289, 10.5186395645, 10.95981884, 11.4009971619, 11.8421764374, 12.2833557129, 12.7245349884, 13.1657142639, 13.6068935394, 14.0248527527, 14.4660310745, 14.90721035, 15.3483896255, 15.7895689011, 16.2307472229, 16.6719264984, 17.1014957428, 17.5310649872, 17.9722442627, 18.4134235382, 18.8546028137, 19.2957820892, 19.7253513336, 20.154920578, 20.5960998535, 21.037279129, 21.4784584045, 21.9196376801, 22.3492050171, 22.7787742615, 23.219953537, 23.6611328125, 24.102312088, 24.5434913635, 24.984670639, 25.4142398834, 25.8554191589, 26.2849884033, 26.7261676788, 27.1673469543, 27.6085262299, 28.0497055054, 28.4908847809, 28.932062149, 29.3732414246, 29.8028106689, 30.2323799133, 30.6735591888, 31.1147384644, 31.5559177399, 31.9970970154],
