{
"metadata": {
    "version": {
        "essentia": "2.1-beta5",
        "essentia_git_sha": "Undefined",
        "extractor": "music 2.0"
    },
    "audio_properties": {
        "analysis": {
            "equal_loudness": 0,
            "length": 37.7208175659,
            "sample_rate": 44100,
            "start_time": 191.4949646,
            "downmix": "mix"
        },
        "bit_rate": 192000,
        "length": 229.239013672,
        "lossless": 0,
        "number_channels": 2,
        "replay_gain": -0.695423126221,
        "sample_rate": 48000,
        "codec": "mp3",
        "md5_encoded": "c4f8f822c934e8241b87e2be52263ee7"
    },
    "tags": {
        "file_name": "Cyprus_Life Looks Better In Spring_Jon Lilygreen _ The Islanders.mp3",
        "encoding": ["Lavf58.29.100"]
    }
},
"lowlevel": {
    "average_loudness": 0.79365414381,
    "barkbands_crest": {
        "max": 22.7346954346,
        "mean": 8.18574142456,
        "min": 2.87424063683,
        "stdev": 3.61103963852
    },
    "barkbands_flatness_db": {
        "max": 0.270840644836,
        "mean": 0.168871030211,
        "min": 0.0760830789804,
        "stdev": 0.0278514102101
    },
    "barkbands_kurtosis": {
        "max": 23.340877533,
        "mean": 0.789391756058,
        "min": -1.92464745045,
        "stdev": 2.3811416626
    },
    "barkbands_skewness": {
        "max": 4.54760980606,
        "mean": 0.655626952648,
        "min": -1.45134603977,
        "stdev": 0.686333715916
    },
    "barkbands_spread": {
        "max": 109.444259644,
        "mean": 20.7699947357,
        "min": 4.13519906998,
        "stdev": 15.9177503586
    },
    "dissonance": {
        "max": 0.5,
        "mean": 0.470662027597,
        "min": 0.274014592171,
        "stdev": 0.0289087388664
    },
    "dynamic_complexity": 4.40703344345,
    "erbbands_crest": {
        "max": 28.6382541656,
        "mean": 9.95462799072,
        "min": 2.66185379028,
        "stdev": 5.02753305435
    },
    "erbbands_flatness_db": {
        "max": 0.360899835825,
        "mean": 0.230316117406,
        "min": 0.105989441276,
        "stdev": 0.0462212823331
    },
    "erbbands_kurtosis": {
        "max": 14.6011371613,
        "mean": 0.817807555199,
        "min": -1.60497879982,
        "stdev": 1.98770308495
    },
    "erbbands_skewness": {
        "max": 2.90952062607,
        "mean": 0.269644528627,
        "min": -3.63407087326,
        "stdev": 0.860827565193
    },
    "erbbands_spread": {
        "max": 107.372802734,
        "mean": 25.3944072723,
        "min": 7.22225666046,
        "stdev": 15.3408794403
    },
    "hfc": {
        "max": 163.989044189,
        "mean": 21.6602420807,
        "min": 4.84654374304e-05,
        "stdev": 20.7712535858
    },
    "loudness_ebu128": {
        "integrated": -22.7950744629,
        "loudness_range": 7.22665023804,
        "momentary": {
            "max": -19.2000160217,
            "mean": -24.1803455353,
            "min": -48.1628952026,
            "stdev": 4.11252164841
        },
        "short_term": {
            "max": -20.2272186279,
            "mean": -23.6058216095,
            "min": -31.2730808258,
            "stdev": 2.84866905212
        }
    },
    "melbands_crest": {
        "max": 28.9180164337,
        "mean": 10.904384613,
        "min": 2.97033810616,
        "stdev": 4.68884944916
    },
    "melbands_flatness_db": {
        "max": 0.308276623487,
        "mean": 0.16368983686,
        "min": 0.0717098712921,
        "stdev": 0.0390399247408
    },
    "melbands_kurtosis": {
        "max": 88.2471008301,
        "mean": 3.77465724945,
        "min": -1.32569301128,
        "stdev": 6.537586689
    },
    "melbands_skewness": {
        "max": 7.82824373245,
        "mean": 1.30685913563,
        "min": -0.485767781734,
        "stdev": 1.05892646313
    },
    "melbands_spread": {
        "max": 227.108383179,
        "mean": 28.2733421326,
        "min": 4.74492788315,
        "stdev": 19.0505886078
    },
    "pitch_salience": {
        "max": 0.864708006382,
        "mean": 0.609630286694,
        "min": 0.224911078811,
        "stdev": 0.134768292308
    },
    "silence_rate_20dB": {
        "max": 1,
        "mean": 1,
        "min": 1,
        "stdev": 0
    },
    "silence_rate_30dB": {
        "max": 1,
        "mean": 1,
        "min": 1,
        "stdev": 0
    },
    "silence_rate_60dB": {
        "max": 1,
        "mean": 0.228167280555,
        "min": 0,
        "stdev": 0.419650495052
    },
    "spectral_centroid": {
        "max": 4666.60302734,
        "mean": 1634.88049316,
        "min": 488.490600586,
        "stdev": 520.507751465
    },
    "spectral_complexity": {
        "max": 45,
        "mean": 18.2072563171,
        "min": 0,
        "stdev": 7.87882375717
    },
    "spectral_decrease": {
        "max": -6.8104654979e-15,
        "mean": -5.35839594917e-09,
        "min": -2.7772781408e-08,
        "stdev": 5.00404784276e-09
    },
    "spectral_energy": {
        "max": 0.109442293644,
        "mean": 0.0221884399652,
        "min": 3.01002103242e-08,
        "stdev": 0.0201149974018
    },
    "spectral_energyband_high": {
        "max": 0.0193532072008,
        "mean": 0.000776763947215,
        "min": 1.23839727362e-09,
        "stdev": 0.00201873620972
    },
    "spectral_energyband_low": {
        "max": 0.0692203119397,
        "mean": 0.00480881053954,
        "min": 5.53159185124e-10,
        "stdev": 0.00706791924313
    },
    "spectral_energyband_middle_high": {
        "max": 0.0422847568989,
        "mean": 0.00627789553255,
        "min": 1.9651963612e-08,
        "stdev": 0.00569183658808
    },
    "spectral_energyband_middle_low": {
        "max": 0.0737142637372,
        "mean": 0.0106415329501,
        "min": 9.70406333067e-09,
        "stdev": 0.0132141010836
    },
    "spectral_entropy": {
        "max": 8.49448394775,
        "mean": 7.61314201355,
        "min": 6.43779468536,
        "stdev": 0.281033396721
    },
    "spectral_flux": {
        "max": 0.236140921712,
        "mean": 0.0742179527879,
        "min": 0.00107994885184,
        "stdev": 0.0436312183738
    },
    "spectral_kurtosis": {
        "max": 16.0733222961,
        "mean": 3.6494140625,
        "min": -1.21048760414,
        "stdev": 2.33928728104
    },
    "spectral_rms": {
        "max": 0.0103331003338,
        "mean": 0.00409206049517,
        "min": 5.41904591955e-06,
        "stdev": 0.00221411488019
    },
    "spectral_rolloff": {
        "max": 9280.81054688,
        "mean": 1994.3894043,
        "min": 107.666015625,
        "stdev": 1398.24108887
    },
    "spectral_skewness": {
        "max": 3.24489712715,
        "mean": 1.32553625107,
        "min": -0.215542450547,
        "stdev": 0.364309251308
    },
    "spectral_spread": {
        "max": 9423254,
        "mean": 3417819.75,
        "min": 1995384,
        "stdev": 1200662.75
    },
    "spectral_strongpeak": {
        "max": 9.38671970367,
        "mean": 1.41463041306,
        "min": 0,
        "stdev": 1.7593985796
    },
    "zerocrossingrate": {
        "max": 0.3232421875,
        "mean": 0.0707103908062,
        "min": 0.0126953125,
        "stdev": 0.0331341661513
    },
    "barkbands": {
        "max": [0.00218201824464, 0.0398278534412, 0.028862234205, 0.00987770035863, 0.0494610927999, 0.0307857356966, 0.0365950651467, 0.0673109516501, 0.0573099479079, 0.0319795683026, 0.0276655033231, 0.0228685699403, 0.0272549968213, 0.0205408465117, 0.0154405301437, 0.0216284990311, 0.00562868500128, 0.00384156149812, 0.0025546066463, 0.0029785647057, 0.00244361371733, 0.00359825487249, 0.00656144274399, 0.0147198038176, 0.00174562935717, 1.42842353057e-07, 1.07322499332e-07],
        "mean": [0.000125113001559, 0.0027412045747, 0.00175245886203, 0.000390047120163, 0.00162975932471, 0.00165932136588, 0.000890565337613, 0.0025076312013, 0.00329407164827, 0.000887490634341, 0.000692547182553, 0.000583686982282, 0.000743028649595, 0.000719390809536, 0.000698613934219, 0.00100884831045, 0.000470191647764, 0.000276603153907, 0.000203224597499, 0.000241338988417, 0.000102153855551, 0.000108537125925, 0.000153438115376, 0.000285668909783, 2.34992166952e-05, 9.13710218597e-10, 9.41888234074e-10],
        "min": [6.99196395226e-11, 2.05013422905e-10, 2.08032091553e-10, 2.14884263161e-10, 2.81796003199e-10, 8.44003478218e-10, 2.93677415719e-10, 6.87403467481e-10, 5.19804510546e-09, 3.3371769792e-09, 7.28725468857e-10, 2.9681332947e-09, 2.03517869224e-09, 2.34302000024e-09, 2.06549599646e-09, 9.32531718512e-10, 3.04164449183e-09, 2.65142574563e-09, 5.99478078289e-10, 4.41375408444e-10, 4.99195629278e-10, 1.15198246775e-10, 2.35373831536e-10, 7.9505187156e-11, 1.27541571054e-11, 5.44268623226e-12, 5.26011786212e-12],
        "stdev": [0.000305163062876, 0.00479362159967, 0.00287065259181, 0.000760540773626, 0.00325136259198, 0.0031456546858, 0.0019709484186, 0.00655508693308, 0.00762582942843, 0.00218461407349, 0.00151511887088, 0.00154218391981, 0.00173774699215, 0.00145458301995, 0.00126894353889, 0.00209401757456, 0.00073376391083, 0.000380328012398, 0.000246305658948, 0.000338928541169, 0.000187251818716, 0.000226521515287, 0.000516506086569, 0.00121291168034, 0.000108557680505, 3.7726848312e-09, 2.99308111629e-09]
    },
    "erbbands": {
        "max": [1.59188508987, 10.4436349869, 35.9358901978, 19.805059433, 117.035652161, 219.983520508, 271.893951416, 319.039642334, 340.372283936, 870.643127441, 1715.17102051, 1548.48974609, 1049.39672852, 758.018798828, 1363.51074219, 1065.30456543, 1051.60925293, 1227.02429199, 927.862731934, 1463.66540527, 630.547424316, 358.096740723, 273.704986572, 86.5823974609, 182.183349609, 177.137390137, 132.446273804, 120.539428711, 116.69127655, 155.555999756, 171.928970337, 296.018310547, 310.351287842, 42.7880821228, 1.00202143192, 0.055992808193, 0.00656503811479, 0.0011929506436, 0.000309614435537, 0.00013966311235],
        "mean": [0.0806977599859, 0.608152210712, 2.04934620857, 1.55281233788, 3.28709173203, 5.42442989349, 10.2481718063, 13.8431081772, 12.5098114014, 26.7893123627, 60.719783783, 86.9593048096, 31.2003326416, 28.2493782043, 32.5335044861, 24.1924648285, 34.5542640686, 35.9314498901, 32.6043243408, 58.092754364, 43.4864997864, 24.6986732483, 17.2627944946, 10.2348899841, 11.4324846268, 12.2049150467, 5.56176376343, 3.55122590065, 3.69163990021, 4.01563024521, 4.53853416443, 4.98866081238, 4.90593862534, 0.783445596695, 0.0193514991552, 0.0011026179418, 0.000142047560075, 2.88963292405e-05, 1.87546283996e-05, 2.88494356937e-05],
        "min": [5.7147313548e-09, 4.84547584279e-08, 2.09138960372e-07, 5.26634323705e-07, 1.08457197712e-06, 8.22662514111e-07, 2.08067035601e-06, 8.43865745992e-06, 6.41335100227e-06, 5.53504378331e-06, 2.34754661506e-05, 0.000104575978185, 0.000175213936018, 4.61730815005e-05, 3.32778290613e-05, 0.000132905857754, 0.000113209927804, 0.00010532066517, 8.9048218797e-05, 0.000111957800982, 8.87627611519e-05, 0.000163554606843, 0.000144109741086, 4.75330234622e-05, 3.71557835024e-05, 2.02727751457e-05, 2.07016637432e-05, 1.90962728084e-05, 5.72073167859e-06, 9.33883256948e-06, 3.62742798643e-06, 2.02094997803e-06, 1.09250481728e-06, 2.23623743523e-07, 5.61736115401e-08, 2.06691606053e-08, 1.2555828377e-08, 4.1350838309e-09, 7.59389773286e-10, 1.08373983398e-10],
        "stdev": [0.169319882989, 1.04926717281, 3.31068849564, 2.15907931328, 7.50792694092, 12.3201913834, 20.1467857361, 28.5321216583, 25.0281867981, 63.3518714905, 151.871200562, 202.564926147, 76.4870986938, 58.242225647, 74.0749130249, 63.5366020203, 74.7527313232, 71.5102157593, 55.8795433044, 122.902160645, 82.0601654053, 38.0460281372, 23.5313663483, 10.9025392532, 15.1094532013, 17.8711643219, 9.54783916473, 7.61552429199, 8.01646137238, 9.75952720642, 15.8173904419, 19.9575004578, 22.2604866028, 3.56035542488, 0.086543135345, 0.0047529344447, 0.000557802210096, 0.00010339680739, 2.92683034786e-05, 2.61157692876e-05]
    },
    "gfcc": {
        "mean": [-51.5857162476, 110.643768311, -188.419143677, 39.5572547913, -77.697303772, 19.2992401123, -30.9790458679, -0.998241841793, 3.96778416634, -21.6866149902, 7.10224485397, -23.6513996124, 5.19421625137],
        "cov": [[7279.81787109, 1137.20019531, 2727.72558594, 1555.2208252, -23.4374370575, 123.410438538, -309.077545166, 256.904937744, 126.122848511, 310.158691406, 176.150543213, -191.753372192, 6.46744537354], [1137.20019531, 1095.49414062, 776.20501709, 452.46005249, 269.17376709, -30.6931724548, 127.503051758, 37.2564506531, 83.0773086548, 32.266292572, 78.0529708862, -93.75730896, -32.8477554321], [2727.72558594, 776.20501709, 2055.35522461, 1103.59240723, 124.871025085, 184.754852295, -161.254562378, 174.237670898, 36.7941551208, 175.25453186, 72.7352752686, -67.823387146, -21.5308265686], [1555.2208252, 452.46005249, 1103.59240723, 770.340759277, 186.365447998, 63.2169151306, -141.103897095, 84.7202758789, 53.0638313293, 101.217315674, 15.4969491959, -34.5261192322, 32.5274848938], [-23.4374370575, 269.17376709, 124.871025085, 186.365447998, 245.025634766, 12.7765922546, 10.313958168, 25.2580738068, 57.7834854126, 8.11314582825, -13.1736469269, -23.4006156921, 38.5011482239], [123.410438538, -30.6931724548, 184.754852295, 63.2169151306, 12.7765922546, 154.208084106, 65.2593841553, 23.6502456665, -26.3965110779, 9.97282123566, 5.92844104767, -3.46169567108, -17.1492290497], [-309.077545166, 127.503051758, -161.254562378, -141.103897095, 10.313958168, 65.2593841553, 290.674682617, 28.7479686737, -16.5301837921, -38.8842430115, 32.2056083679, -22.4760532379, -53.6282310486], [256.904937744, 37.2564506531, 174.237670898, 84.7202758789, 25.2580738068, 23.6502456665, 28.7479686737, 119.501243591, 41.3017692566, 18.9166564941, 3.59438681602, -18.3024654388, 6.4046125412], [126.122848511, 83.0773086548, 36.7941551208, 53.0638313293, 57.7834854126, -26.3965110779, -16.5301837921, 41.3017692566, 119.721633911, 32.9397621155, -18.7027511597, -13.6337528229, 24.9237194061], [310.158691406, 32.266292572, 175.25453186, 101.217315674, 8.11314582825, 9.97282123566, -38.8842430115, 18.9166564941, 32.9397621155, 67.6898880005, 19.4986476898, -5.43435764313, 7.832072258], [176.150543213, 78.0529708862, 72.7352752686, 15.4969491959, -13.1736469269, 5.92844104767, 32.2056083679, 3.59438681602, -18.7027511597, 19.4986476898, 72.3789749146, 17.1669807434, -25.6057624817], [-191.753372192, -93.75730896, -67.823387146, -34.5261192322, -23.4006156921, -3.46169567108, -22.4760532379, -18.3024654388, -13.6337528229, -5.43435764313, 17.1669807434, 60.1444473267, 17.7149047852], [6.46744537354, -32.8477554321, -21.5308265686, 32.5274848938, 38.5011482239, -17.1492290497, -53.6282310486, 6.4046125412, 24.9237194061, 7.832072258, -25.6057624817, 17.7149047852, 76.3270645142]],
        "icov": [[0.000521790818311, -0.00046202444355, 0.000316195160849, -0.00128554657567, 0.00185026729014, -0.000883764296304, 0.000649954075925, -0.000314300821628, -0.00055099860765, 0.000451043219073, -0.00192240811884, 0.00222019804642, -0.00128141965251], [-0.00046202444355, 0.00770726753399, -0.00635840790346, 0.00490651419386, -0.00879087671638, 0.00867943186313, -0.00596026750281, 0.00748027348891, -0.00413611391559, 0.00633293017745, -0.00649994052947, 0.00529763149098, -0.00166889431421], [0.000316195160849, -0.00635840790346, 0.00919328629971, -0.00954296067357, 0.0095658833161, -0.00956191960722, 0.00557567132637, -0.00772517034784, 0.00333189708181, -0.00534369284287, 0.00311954435892, -0.00248648109846, 0.00257302238606], [-0.00128554657567, 0.00490651419386, -0.00954296067357, 0.0157621093094, -0.0138208158314, 0.00875984504819, -0.00370222632773, 0.00525976158679, 9.28507870412e-05, 1.12984544103e-05, 0.00344666931778, -0.00400554807857, 0.000762949581258], [0.00185026729014, -0.00879087671638, 0.0095658833161, -0.0138208158314, 0.0223418697715, -0.0132461618632, 0.00681337621063, -0.00734396232292, -0.00130843010265, -0.000598535116296, -0.00275020697154, 0.00546091562137, -0.00589562719688], [-0.000883764296304, 0.00867943186313, -0.00956191960722, 0.00875984504819, -0.0132461618632, 0.0214144792408, -0.0107796955854, 0.00742966914549, 0.000661924073938, 0.000748190446757, 0.00147563056089, -0.00127983617131, 0.00117464561481], [0.000649954075925, -0.00596026750281, 0.00557567132637, -0.00370222632773, 0.00681337621063, -0.0107796955854, 0.0118521060795, -0.00752654066309, 0.0011667603394, 0.000574378704187, -0.00217929878272, 0.00142370851245, 0.00212914892472], [-0.000314300821628, 0.00748027348891, -0.00772517034784, 0.00525976158679, -0.00734396232292, 0.00742966914549, -0.00752654066309, 0.0198393389583, -0.00899363309145, 0.00818481203169, -0.00880861096084, 0.0086304731667, -0.0056152548641], [-0.00055099860765, -0.00413611391559, 0.00333189708181, 9.28507870412e-05, -0.00130843010265, 0.000661924073938, 0.0011667603394, -0.00899363309145, 0.019665710628, -0.0163002796471, 0.0153665821999, -0.0098136048764, 0.00423390883952], [0.000451043219073, 0.00633293017745, -0.00534369284287, 1.12984544103e-05, -0.000598535116296, 0.000748190446757, 0.000574378704187, 0.00818481203169, -0.0163002796471, 0.0397166125476, -0.0263540074229, 0.0183093156666, -0.010481480509], [-0.00192240811884, -0.00649994052947, 0.00311954435892, 0.00344666931778, -0.00275020697154, 0.00147563056089, -0.00217929878272, -0.00880861096084, 0.0153665821999, -0.0263540074229, 0.0483415201306, -0.0336610786617, 0.0194197669625], [0.00222019804642, 0.00529763149098, -0.00248648109846, -0.00400554807857, 0.00546091562137, -0.00127983617131, 0.00142370851245, 0.0086304731667, -0.0098136048764, 0.0183093156666, -0.0336610786617, 0.047169610858, -0.0205830521882], [-0.00128141965251, -0.00166889431421, 0.00257302238606, 0.000762949581258, -0.00589562719688, 0.00117464561481, 0.00212914892472, -0.0056152548641, 0.00423390883952, -0.010481480509, 0.0194197669625, -0.0205830521882, 0.0290824882686]]
    },
    "melbands": {
        "max": [0.0126315280795, 0.0164889860898, 0.00513999443501, 0.00765685550869, 0.00868355389684, 0.00627743406221, 0.00539093092084, 0.00928027648479, 0.0134560177103, 0.0101880496368, 0.00505528831854, 0.00382190733217, 0.00372442323714, 0.0023193329107, 0.00195486401208, 0.00368047552183, 0.00264046271332, 0.0014329002006, 0.000875507656019, 0.00202284497209, 0.000805962830782, 0.00041077521746, 0.000359961908543, 0.00018555886345, 7.83303985372e-05, 0.000119707365229, 0.000120326556498, 0.000126559389173, 0.000113331414468, 6.05390378041e-05, 6.75667615724e-05, 7.0596797741e-05, 6.28480993328e-05, 0.000104744809505, 0.000103194237454, 0.000113002264698, 0.000218258865061, 0.000260326225543, 0.000154009336256, 5.97136795477e-06],
        "mean": [0.000720789656043, 0.000944837520365, 0.000321800238453, 0.000324028369505, 0.000343814113876, 0.000309535564156, 0.000185552606126, 0.000354936491931, 0.000533487356734, 0.000509316567332, 0.000138239352964, 0.000112445071863, 0.00010191709589, 7.74665022618e-05, 5.87689646636e-05, 7.77218156145e-05, 6.62488673697e-05, 5.25105315319e-05, 5.71337914153e-05, 8.23029040475e-05, 4.66820056317e-05, 2.67896939476e-05, 2.04722618946e-05, 1.15194807222e-05, 7.74859199737e-06, 7.64413562138e-06, 9.16158205655e-06, 7.59615750212e-06, 3.56043483407e-06, 2.3727475309e-06, 1.97355439013e-06, 2.14700276047e-06, 1.99545183932e-06, 2.27923010243e-06, 2.46042986873e-06, 2.94307847071e-06, 3.10119298774e-06, 3.57231760972e-06, 2.56310318036e-06, 7.40938759236e-08],
        "min": [5.72834904511e-11, 9.60799773075e-11, 1.08038709923e-10, 7.34972568917e-11, 6.05852729096e-11, 1.83878773319e-10, 8.77452346892e-11, 7.55292772769e-11, 2.19825518899e-10, 7.61736729249e-10, 8.67085236944e-10, 1.78810119489e-10, 8.20792045442e-11, 3.41707467877e-10, 2.36533403974e-10, 2.23809568101e-10, 2.06193118135e-10, 1.48490567065e-10, 1.71887934441e-10, 9.05109598381e-11, 1.20549376037e-10, 1.99005339985e-10, 1.30828986533e-10, 1.15731042805e-10, 2.65104396768e-11, 3.08842257324e-11, 1.51695531136e-11, 1.37829964456e-11, 1.45830621884e-11, 9.55607294684e-12, 1.0974225001e-11, 2.59832541767e-12, 2.41728165262e-12, 7.00407917428e-12, 2.09886340079e-12, 1.07900168834e-12, 1.30046212514e-12, 8.5089357435e-13, 4.171947076e-13, 1.11671028056e-13],
        "stdev": [0.0013567492133, 0.00145524344407, 0.000468050508061, 0.000689328997396, 0.000650825037155, 0.000607395777479, 0.000379592209356, 0.000856688246131, 0.00122910190839, 0.0012098713778, 0.000373496179236, 0.000260414206423, 0.000220884452574, 0.000189194106497, 0.000125788385049, 0.00020245090127, 0.000144588790135, 0.000103694532299, 0.000103383892565, 0.00018332171021, 9.59431708907e-05, 4.63390679215e-05, 2.85399964923e-05, 1.66081335919e-05, 8.96771598491e-06, 1.03128086266e-05, 1.32705017677e-05, 1.19845572044e-05, 6.78739934301e-06, 4.40501389676e-06, 4.65378843728e-06, 4.8933634389e-06, 4.26181577495e-06, 6.21667641099e-06, 8.67116341396e-06, 1.12288998935e-05, 1.32312716232e-05, 1.66120080394e-05, 1.20897493616e-05, 3.51212037231e-07]
    },
    "melbands128": {
        "max": [0.00196101143956, 0.0127914762124, 0.0197039227933, 0.0193125866354, 0.0218785256147, 0.0113398237154, 0.00429381337017, 0.00627087242901, 0.0153595283628, 0.0114880185574, 0.014466220513, 0.0175343863666, 0.0118489665911, 0.011310278438, 0.0101111466065, 0.00880037993193, 0.0065756146796, 0.00985810253769, 0.0097434585914, 0.0159538909793, 0.0168187636882, 0.0222852602601, 0.0234179962426, 0.0168587863445, 0.0183647312224, 0.016117233783, 0.0144831547514, 0.00750924879685, 0.00779755692929, 0.00827771890908, 0.0031543248333, 0.00147101678886, 0.00536718592048, 0.00983329024166, 0.00325867347419, 0.00371649372391, 0.00548861641437, 0.00160882191267, 0.00489836512133, 0.00345710851252, 0.00733568891883, 0.00449777953327, 0.00481741176918, 0.00306120654568, 0.00309701473452, 0.00247300462797, 0.00352226383984, 0.00140444922727, 0.00161689321976, 0.00528883608058, 0.00342275900766, 0.00273412466049, 0.0014515935909, 0.00156240863726, 0.00100710825063, 0.000846143870149, 0.000820942397695, 0.000691308930982, 0.000578991195653, 0.000719204428606, 0.000240228197072, 0.00020131689962, 0.000143239783938, 0.000130559463287, 0.000139685114846, 0.00010307294724, 0.00026244338369, 0.000178040718311, 0.000168448634213, 0.000314060365781, 0.000210370286368, 0.000148731662193, 0.000154262364958, 0.000156329057063, 0.000110069413495, 6.18584599579e-05, 7.67428646213e-05, 0.000107444706373, 7.7837597928e-05, 9.28699300857e-05, 0.000154398629093, 7.62576164561e-05, 5.33118582098e-05, 7.67738310969e-05, 8.65703332238e-05, 8.25012757559e-05, 0.000135556110763, 0.000157405986101, 0.000124882586533, 0.000109274158604, 0.000137922499562, 0.000141730270116, 0.000191655766685, 0.000310299627017, 0.000311405165121, 0.000340845610481, 0.000229951561778, 0.000302733125864, 0.000247530464549, 6.89214939484e-05, 5.82724339893e-07, 1.2123401838e-08, 2.94565571934e-09, 3.83620779587e-09, 1.99975325188e-09, 1.72694680778e-09, 2.62959853892e-09, 1.2876194555e-09, 1.13499487586e-09, 1.01272767949e-09, 9.18844278441e-10, 8.35621016826e-10, 7.68330954415e-10, 7.13419601173e-10, 6.51130316331e-10, 6.04205796506e-10, 5.7355659111e-10, 5.31445332186e-10, 5.02591135376e-10, 4.8015602605e-10, 4.62370364218e-10, 4.50305709387e-10, 4.2900294428e-10, 4.21633505887e-10, 4.00862260053e-10, 3.92223087342e-10, 3.8848527173e-10, 3.85188880792e-10],
        "mean": [0.000117761555884, 0.000659665965941, 0.000866227317601, 0.00104128150269, 0.00117645657156, 0.000738269416615, 0.000287909293547, 0.000193656393094, 0.000354840682121, 0.000364165200153, 0.000272319506621, 0.000304897344904, 0.000321615691064, 0.000453480199212, 0.00037204779801, 0.000191398401512, 0.000176886183908, 0.000207575838431, 0.000159897099365, 0.000241520509007, 0.000520258734468, 0.000520517700352, 0.000477019115351, 0.000576677208301, 0.000764256867114, 0.000401678786147, 0.000146255726577, 0.000124123936985, 0.000100449717138, 0.000140037067467, 0.000112095643999, 6.79521326674e-05, 0.000103786631371, 0.000130447631818, 8.63990280777e-05, 6.27540430287e-05, 6.17157274974e-05, 3.73449038307e-05, 7.52020860091e-05, 8.9500368631e-05, 7.7942822827e-05, 5.865937419e-05, 7.04971898813e-05, 6.42528539174e-05, 6.71277957736e-05, 4.50961815659e-05, 4.56393245258e-05, 3.77012511308e-05, 5.45549373783e-05, 0.000128411440528, 7.78907342465e-05, 5.98919978074e-05, 3.4844953916e-05, 5.69457552047e-05, 3.59490222763e-05, 2.25767962547e-05, 1.62754022313e-05, 2.54928618233e-05, 2.0629431674e-05, 1.46960537677e-05, 1.0517883311e-05, 9.59766384767e-06, 8.93050673767e-06, 6.89497801432e-06, 6.25862912784e-06, 7.07725030225e-06, 9.41453799896e-06, 7.97701068223e-06, 8.26284940558e-06, 1.22161000036e-05, 8.78926493897e-06, 4.66642131869e-06, 3.96269933844e-06, 3.20082858707e-06, 3.46274464391e-06, 2.48627247856e-06, 1.80066251687e-06, 1.96829705601e-06, 1.87139983154e-06, 2.13010548578e-06, 2.33653918258e-06, 2.15905561163e-06, 1.75249579115e-06, 1.85075919035e-06, 2.33419200413e-06, 2.26954784921e-06, 2.27588793678e-06, 2.28321277973e-06, 2.37842118622e-06, 2.6091872769e-06, 2.96734719996e-06, 3.01475211018e-06, 2.96089706353e-06, 2.96379744213e-06, 3.33151479026e-06, 3.32184072249e-06, 3.46669048668e-06, 4.19096750193e-06, 3.66589756595e-06, 1.06056268123e-06, 7.42922701136e-09, 4.48000074538e-11, 1.42131497544e-11, 1.24169988527e-11, 9.65527397617e-12, 1.05470649575e-11, 1.11620157561e-11, 6.87937467408e-12, 6.40516199107e-12, 6.07932280905e-12, 5.80696385075e-12, 5.55415219025e-12, 5.28730314739e-12, 5.0554942177e-12, 4.86050999796e-12, 4.71790922302e-12, 4.598686449e-12, 4.46039993135e-12, 4.36170457391e-12, 4.25645586485e-12, 4.12928588892e-12, 4.05293767297e-12, 4.00396773029e-12, 3.90692166119e-12, 3.64773402456e-12, 3.25929452698e-12, 3.04645132905e-12, 3.00249668878e-12],
        "min": [1.31646776813e-11, 4.62936182444e-11, 6.30193050521e-11, 8.35328820004e-11, 9.93816903772e-11, 1.04221617447e-10, 1.03762970438e-10, 1.09724486441e-10, 1.15623011165e-10, 9.0109600337e-11, 3.55046547718e-11, 8.96959156255e-12, 4.82897957732e-11, 1.42786976687e-10, 2.10858747129e-10, 2.04710526308e-10, 1.37892780527e-10, 6.58011700683e-11, 2.45820724887e-11, 3.81969213203e-11, 1.11900190503e-10, 1.57088841934e-10, 1.84820103666e-10, 3.23306381667e-10, 5.64570279415e-10, 9.50725276283e-10, 1.23623400405e-09, 1.01273256448e-09, 4.5943224225e-10, 7.84844550461e-11, 1.60122540227e-10, 1.80690323814e-10, 3.1341214346e-11, 3.11260704711e-11, 2.01477959316e-10, 5.34597199842e-10, 4.36692626504e-10, 9.9459988856e-11, 1.79435993841e-10, 3.88595655654e-10, 1.79733949945e-10, 8.53754289487e-11, 1.72897404727e-10, 3.14461401363e-10, 2.40674313812e-10, 8.20669782131e-11, 9.26913129584e-11, 1.30504357321e-10, 2.83181256222e-10, 1.18475937394e-10, 6.03981170633e-11, 5.74015453225e-11, 5.48021732161e-11, 1.17089282714e-10, 3.33797989249e-10, 2.29459437562e-10, 7.43228950606e-11, 8.90239618134e-11, 2.07607556146e-10, 1.08028141987e-10, 1.35377209443e-10, 9.39502781128e-11, 3.41268888149e-11, 7.10691705139e-12, 8.29267730873e-12, 4.05488351229e-11, 4.3212391998e-11, 1.28797241969e-11, 1.34096483917e-11, 7.60836359193e-12, 1.43302288438e-11, 1.36152972577e-11, 1.93428467687e-11, 1.43439097405e-11, 1.12617389372e-11, 7.90311826399e-12, 6.41097808521e-12, 1.90006829714e-11, 1.24751849476e-11, 3.10372972982e-12, 1.40822162958e-12, 3.8872425244e-12, 1.91751692649e-12, 2.48821731448e-12, 1.48557262412e-12, 7.00041370358e-12, 1.10658305436e-11, 3.0723585568e-12, 1.21849741668e-12, 1.45355667606e-12, 9.11207524365e-13, 1.05535762421e-12, 1.07878994366e-12, 1.73578621095e-12, 8.83771246289e-13, 1.19504774999e-12, 7.56551776521e-13, 5.93180561094e-13, 5.64325875526e-13, 2.26283266213e-13, 1.04681590002e-13, 1.18127174167e-13, 8.11016631999e-14, 4.99235865863e-14, 4.26598487709e-14, 7.24510986687e-14, 7.59615216865e-14, 1.38264093303e-14, 3.64040056238e-14, 3.49822269405e-14, 2.02018103309e-14, 2.44104985113e-14, 6.53445464513e-14, 4.1127325612e-14, 2.68524741695e-14, 3.61789388053e-14, 3.56437698367e-14, 2.58679881037e-14, 3.23198262044e-14, 1.2690741436e-14, 1.54823223198e-14, 3.85796707352e-14, 1.34613296597e-14, 2.71059555552e-14, 1.63237140276e-14, 1.0204962316e-14, 7.56278110341e-15, 4.06840591887e-16],
        "stdev": [0.000292960903607, 0.00151296413969, 0.00184274453204, 0.00182884989772, 0.00194231630303, 0.00118820031639, 0.000435581663623, 0.000444348057499, 0.000913285999559, 0.000928695662878, 0.000754844222683, 0.000808815704659, 0.000803132075816, 0.00101006671321, 0.000919800018892, 0.000491236685775, 0.000411198998336, 0.000590682961047, 0.000430645071901, 0.000824434973765, 0.00149909546599, 0.00175905122887, 0.0016502517974, 0.00166075746529, 0.00209878035821, 0.00141082913615, 0.000705610786099, 0.000446667923825, 0.000366351974662, 0.000487331824843, 0.0002504515287, 0.000124150654301, 0.000274765130598, 0.000444017437985, 0.000276321603451, 0.000220077185077, 0.000275083672022, 0.000104767001176, 0.00021347310394, 0.000243798756856, 0.000330677168677, 0.000203962117666, 0.000223756462219, 0.000164389173733, 0.000199917893042, 0.000128466490423, 0.000139684299938, 9.5293718914e-05, 0.000135961206979, 0.000405834289268, 0.000234188875766, 0.000202714829356, 0.000116111070383, 0.00016608129954, 7.82336283009e-05, 6.70357912895e-05, 4.33476561739e-05, 4.2935298552e-05, 3.74695155188e-05, 3.86509746022e-05, 1.82477233466e-05, 1.75456916622e-05, 1.22084720715e-05, 1.11192093755e-05, 1.10309938464e-05, 1.124649134e-05, 1.81909472303e-05, 1.43706165545e-05, 1.64372013387e-05, 2.3398493795e-05, 1.807341323e-05, 1.0308457604e-05, 8.8969418357e-06, 8.541553143e-06, 7.78871344664e-06, 4.48102900918e-06, 4.60549745185e-06, 5.62328068554e-06, 4.85980717713e-06, 5.38708809472e-06, 6.7782170845e-06, 5.19066725246e-06, 3.79996117772e-06, 4.61932086182e-06, 5.33897764399e-06, 5.28412283529e-06, 7.33227761884e-06, 9.41651887842e-06, 8.86649650056e-06, 9.87247130979e-06, 1.22063738672e-05, 1.19079277283e-05, 1.24205962493e-05, 1.41514447023e-05, 1.58470938914e-05, 1.73503085534e-05, 1.62875003298e-05, 2.1143385311e-05, 1.82678886631e-05, 4.85621558255e-06, 3.38229106944e-08, 3.91718740778e-10, 1.20435869611e-10, 1.18403259419e-10, 6.89470494586e-11, 6.4615646167e-11, 8.16834377915e-11, 3.33774050065e-11, 2.95709429166e-11, 2.65749592471e-11, 2.42466949296e-11, 2.21771611492e-11, 2.04999489606e-11, 1.91330180865e-11, 1.76142763569e-11, 1.64602966674e-11, 1.56758633851e-11, 1.465183877e-11, 1.39331116089e-11, 1.33604707159e-11, 1.29046426323e-11, 1.25740407669e-11, 1.20565588763e-11, 1.1853295255e-11, 1.13656627512e-11, 1.1151659457e-11, 1.10514583596e-11, 1.09665393086e-11]
    },
    "mfcc": {
        "mean": [-657.151123047, 109.268302917, -36.9550704956, 5.34771728516, -9.05715942383, 3.1641664505, -11.8378286362, 10.0471029282, -4.67629289627, 13.6098995209, -6.37527084351, 5.22285842896, -6.62983179092],
        "cov": [[5946.46826172, 433.131072998, 2195.47070312, 1144.27575684, 664.329467773, 75.6424942017, 36.4520187378, -165.998077393, 2.74675488472, 232.344192505, 120.124969482, 165.939941406, 214.373947144], [433.131072998, 784.104248047, 280.800292969, 344.201202393, 126.603157043, 73.7304458618, 107.218833923, 59.0987586975, -5.00564050674, 95.6118545532, 110.194885254, -13.6976451874, 25.5469512939], [2195.47070312, 280.800292969, 1912.07580566, 844.2734375, 581.05847168, 154.418075562, 136.435302734, -46.3546066284, 25.2910575867, 115.689506531, 88.1231918335, 100.442306519, 138.97833252], [1144.27575684, 344.201202393, 844.2734375, 679.956237793, 433.159454346, 90.2952880859, 27.7694358826, -27.9549465179, 53.6474609375, 104.206443787, 12.170217514, 34.0778427124, 100.518165588], [664.329467773, 126.603157043, 581.05847168, 433.159454346, 481.317077637, 62.030330658, -48.9498138428, -66.1201019287, 75.3611907959, 68.5258026123, -36.1541900635, 4.1350812912, 101.349243164], [75.6424942017, 73.7304458618, 154.418075562, 90.2952880859, 62.030330658, 150.85118103, 61.1070098877, 21.7189311981, 2.59357023239, 24.4461402893, 16.576757431, -6.04211378098, -19.0958900452], [36.4520187378, 107.218833923, 136.435302734, 27.7694358826, -48.9498138428, 61.1070098877, 210.67805481, 81.33934021, -15.0005874634, 17.7958049774, 61.0275878906, 4.17546415329, -31.5706138611], [-165.998077393, 59.0987586975, -46.3546066284, -27.9549465179, -66.1201019287, 21.7189311981, 81.33934021, 113.496185303, 14.3073291779, 21.7173271179, 25.0720176697, 4.81505632401, -24.0116653442], [2.74675488472, -5.00564050674, 25.2910575867, 53.6474609375, 75.3611907959, 2.59357023239, -15.0005874634, 14.3073291779, 113.486747742, 55.5722541809, -23.2505283356, 1.37148988247, 15.5898447037], [232.344192505, 95.6118545532, 115.689506531, 104.206443787, 68.5258026123, 24.4461402893, 17.7958049774, 21.7173271179, 55.5722541809, 112.1927948, 21.9839935303, 9.68949794769, 9.40092086792], [120.124969482, 110.194885254, 88.1231918335, 12.170217514, -36.1541900635, 16.576757431, 61.0275878906, 25.0720176697, -23.2505283356, 21.9839935303, 109.743103027, 17.5264625549, -11.7693424225], [165.939941406, -13.6976451874, 100.442306519, 34.0778427124, 4.1350812912, -6.04211378098, 4.17546415329, 4.81505632401, 1.37148988247, 9.68949794769, 17.5264625549, 68.0519561768, 20.3412132263], [214.373947144, 25.5469512939, 138.97833252, 100.518165588, 101.349243164, -19.0958900452, -31.5706138611, -24.0116653442, 15.5898447037, 9.40092086792, -11.7693424225, 20.3412132263, 83.8921661377]],
        "icov": [[0.000349991576513, 1.71214978764e-05, -0.000318636215525, -0.000293762888759, 0.000258022657363, 0.000185776443686, 7.68416721257e-05, 0.000421406526584, 0.000254314334597, -0.000530694494955, -1.70810344571e-05, -0.000164591983776, -8.9893983386e-05], [1.71214978764e-05, 0.00252519431524, 0.000540328328498, -0.00209355843253, 0.000410703214584, -0.000145601807162, -0.000286633090582, -0.000803287839517, 0.000825065653771, -0.000856831495184, -0.00227257865481, 0.00170011550654, -0.000854833459016], [-0.000318636215525, 0.000540328328498, 0.00191951845773, -0.00142806768417, -0.000920696998946, -0.000430374959251, -0.00112966774032, 0.00014072189515, 0.000276551174466, 0.000540400389582, -0.00115814257879, -0.000863284803927, -0.000254790415056], [-0.000293762888759, -0.00209355843253, -0.00142806768417, 0.00729964207858, -0.00359258963726, -0.000355856172973, -1.93026971829e-05, -0.000427739141742, 0.000164383978699, -0.000929867790546, 0.00217312085442, -0.00142352341209, -0.000139166571898], [0.000258022657363, 0.000410703214584, -0.000920696998946, -0.00359258963726, 0.00791855063289, -0.00166203128174, 0.00128718232736, 0.00222579785623, -0.00248789857142, -0.00055518373847, 0.000803686096333, 0.00281088077463, -0.00382199673913], [0.000185776443686, -0.000145601807162, -0.000430374959251, -0.000355856172973, -0.00166203128174, 0.00941025465727, -0.00191310734954, -0.000499592977576, 0.000977865187451, -0.0010210389737, 0.000319511920679, 0.000297600665363, 0.0039012755733], [7.68416721257e-05, -0.000286633090582, -0.00112966774032, -1.93026971829e-05, 0.00128718232736, -0.00191310734954, 0.00923985894769, -0.0052000884898, 0.000495167798363, 0.00043240407831, -0.00217755581252, 0.0011582064908, 0.00105700991116], [0.000421406526584, -0.000803287839517, 0.00014072189515, -0.000427739141742, 0.00222579785623, -0.000499592977576, -0.0052000884898, 0.015754122287, -0.00304940529168, -0.00186346750706, 0.00050841079792, -0.00212950399145, 0.000559876905754], [0.000254314334597, 0.000825065653771, 0.000276551174466, 0.000164383978699, -0.00248789857142, 0.000977865187451, 0.000495167798363, -0.00304940529168, 0.0153605630621, -0.00796939246356, 0.00295537733473, -0.000312013318762, -0.000485656200908], [-0.000530694494955, -0.000856831495184, 0.000540400389582, -0.000929867790546, -0.00055518373847, -0.0010210389737, 0.00043240407831, -0.00186346750706, -0.00796939246356, 0.0164946727455, -0.00345804728568, -0.000833938480355, 0.00125325308181], [-1.70810344571e-05, -0.00227257865481, -0.00115814257879, 0.00217312085442, 0.000803686096333, 0.000319511920679, -0.00217755581252, 0.00050841079792, 0.00295537733473, -0.00345804728568, 0.0154676353559, -0.00368046318181, 0.0013790455414], [-0.000164591983776, 0.00170011550654, -0.000863284803927, -0.00142352341209, 0.00281088077463, 0.000297600665363, 0.0011582064908, -0.00212950399145, -0.000312013318762, -0.000833938480355, -0.00368046318181, 0.0201405547559, -0.00571140274405], [-8.9893983386e-05, -0.000854833459016, -0.000254790415056, -0.000139166571898, -0.00382199673913, 0.0039012755733, 0.00105700991116, 0.000559876905754, -0.000485656200908, 0.00125325308181, 0.0013790455414, -0.00571140274405, 0.0205904114991]]
    },
    "spectral_contrast_coeffs": {
        "max": [-0.49482652545, -0.454063087702, -0.499619483948, -0.553665339947, -0.629527688026, -0.5948985219],
        "mean": [-0.74255746603, -0.739702105522, -0.77364641428, -0.78130543232, -0.782029807568, -0.724224090576],
        "min": [-0.95951128006, -0.935235977173, -0.916476488113, -0.942858874798, -0.904011905193, -0.861650586128],
        "stdev": [0.0625699535012, 0.0921388566494, 0.0681238099933, 0.0711405202746, 0.0373280644417, 0.0246128160506]
    },
    "spectral_contrast_valleys": {
        "max": [-4.82845926285, -4.38519334793, -5.67639827728, -5.94440126419, -5.92372465134, -8.04911422729],
        "mean": [-7.64688205719, -6.86736392975, -7.18717670441, -7.24687051773, -7.54675483704, -10.8942680359],
        "min": [-12.8870029449, -12.5994577408, -12.9237232208, -12.5932426453, -12.9381084442, -16.0535030365],
        "stdev": [1.60429286957, 0.760891258717, 0.613801002502, 0.53974622488, 0.613807559013, 0.956949710846]
    }
},
"rhythm": {
    "beats_count": 84,
    "beats_loudness": {
        "max": 0.0733799263835,
        "mean": 0.0241725239903,
        "min": 0.000195695203729,
        "stdev": 0.019118797034
    },
    "bpm": 151.353378296,
    "bpm_histogram_first_peak_bpm": 152,
    "bpm_histogram_first_peak_weight": 0.321428596973,
    "bpm_histogram_second_peak_bpm": 126,
    "bpm_histogram_second_peak_spread": 0.545454502106,
    "bpm_histogram_second_peak_weight": 0.120481930673,
    "danceability": 0.960285007954,
    "onset_rate": 1.90817308426,
    "beats_loudness_band_ratio": {
        "max": [0.815889596939, 0.410698413849, 0.843069970608, 0.654771924019, 0.548385441303, 0.598284423351],
        "mean": [0.175182670355, 0.0911202952266, 0.268916755915, 0.241672679782, 0.199208259583, 0.0581826157868],
        "min": [0.000125791935716, 0.000531857891474, 0.0330116190016, 0.00648489454761, 0.0100546078756, 0.00630579423159],
        "stdev": [0.172022208571, 0.0925039425492, 0.181699231267, 0.200815990567, 0.14386741817, 0.0956432074308]
    },
