{
"metadata": {
    "version": {
        "essentia": "2.1-beta5",
        "essentia_git_sha": "Undefined",
        "extractor": "music 2.0"
    },
    "audio_properties": {
        "analysis": {
            "equal_loudness": 0,
            "length": 23.9513835907,
            "sample_rate": 44100,
            "start_time": 207.737319946,
            "downmix": "mix"
        },
        "bit_rate": 192000,
        "length": 231.71194458,
        "lossless": 0,
        "number_channels": 2,
        "replay_gain": -0.291311264038,
        "sample_rate": 48000,
        "codec": "mp3",
        "md5_encoded": "e3bca16b3eb96b2c6f527b58d46c1ccc"
    },
    "tags": {
        "file_name": "Moldova_Run Away_Sunstroke Project _ Olia Tira.mp3",
        "encoding": ["Lavf58.29.100"]
    }
},
"lowlevel": {
    "average_loudness": 0.799662709236,
    "barkbands_crest": {
        "max": 25.3738307953,
        "mean": 9.50517654419,
        "min": 2.92888760567,
        "stdev": 4.93061065674
    },
    "barkbands_flatness_db": {
        "max": 0.310530185699,
        "mean": 0.169982999563,
        "min": 0.0861169993877,
        "stdev": 0.0403179898858
    },
    "barkbands_kurtosis": {
        "max": 43.5456504822,
        "mean": 2.28322553635,
        "min": -1.80330348015,
        "stdev": 5.27710056305
    },
    "barkbands_skewness": {
        "max": 6.33036708832,
        "mean": 1.0331133604,
        "min": -2.36259937286,
        "stdev": 1.08548474312
    },
    "barkbands_spread": {
        "max": 88.1371002197,
        "mean": 19.4989414215,
        "min": 4.04250192642,
        "stdev": 12.8106431961
    },
    "dissonance": {
        "max": 0.49999281764,
        "mean": 0.47626966238,
        "min": 0.365539014339,
        "stdev": 0.0217579416931
    },
    "dynamic_complexity": 5.29555511475,
    "erbbands_crest": {
        "max": 26.3048915863,
        "mean": 9.33114624023,
        "min": 2.98172712326,
        "stdev": 4.15772819519
    },
    "erbbands_flatness_db": {
        "max": 0.352598547935,
        "mean": 0.224607929587,
        "min": 0.118034891784,
        "stdev": 0.0592537745833
    },
    "erbbands_kurtosis": {
        "max": 9.98046112061,
        "mean": 0.838540971279,
        "min": -1.43719255924,
        "stdev": 1.59875142574
    },
    "erbbands_skewness": {
        "max": 2.90369963646,
        "mean": 0.490259110928,
        "min": -2.3479244709,
        "stdev": 0.696254611015
    },
    "erbbands_spread": {
        "max": 96.9336547852,
        "mean": 27.1343383789,
        "min": 6.45540428162,
        "stdev": 16.5173034668
    },
    "hfc": {
        "max": 83.5251312256,
        "mean": 21.6633987427,
        "min": 7.13563349564e-06,
        "stdev": 19.4293689728
    },
    "loudness_ebu128": {
        "integrated": -22.919713974,
        "loudness_range": 10.4525489807,
        "momentary": {
            "max": -19.2931880951,
            "mean": -25.8506031036,
            "min": -57.5099945068,
            "stdev": 6.78340959549
        },
        "short_term": {
            "max": -21.1853942871,
            "mean": -24.4149723053,
            "min": -38.6803894043,
            "stdev": 4.10542058945
        }
    },
    "melbands_crest": {
        "max": 36.0029945374,
        "mean": 12.5142230988,
        "min": 3.96585178375,
        "stdev": 6.51743125916
    },
    "melbands_flatness_db": {
        "max": 0.360625803471,
        "mean": 0.161261707544,
        "min": 0.0410093478858,
        "stdev": 0.0524690002203
    },
    "melbands_kurtosis": {
        "max": 164.36958313,
        "mean": 8.7659740448,
        "min": -1.56592166424,
        "stdev": 17.9071140289
    },
    "melbands_skewness": {
        "max": 11.8901262283,
        "mean": 1.82299292088,
        "min": -0.505350768566,
        "stdev": 1.76630020142
    },
    "melbands_spread": {
        "max": 193.698364258,
        "mean": 26.0312347412,
        "min": 2.76578783989,
        "stdev": 17.3109512329
    },
    "pitch_salience": {
        "max": 0.886089861393,
        "mean": 0.599996984005,
        "min": 0.0944005548954,
        "stdev": 0.159044191241
    },
    "silence_rate_20dB": {
        "max": 1,
        "mean": 1,
        "min": 1,
        "stdev": 0
    },
    "silence_rate_30dB": {
        "max": 1,
        "mean": 1,
        "min": 1,
        "stdev": 0
    },
    "silence_rate_60dB": {
        "max": 1,
        "mean": 0.232333004475,
        "min": 0,
        "stdev": 0.42231926322
    },
    "spectral_centroid": {
        "max": 4355.84228516,
        "mean": 1746.94921875,
        "min": 475.96081543,
        "stdev": 463.840057373
    },
    "spectral_complexity": {
        "max": 52,
        "mean": 18.8383350372,
        "min": 0,
        "stdev": 11.0534276962
    },
    "spectral_decrease": {
        "max": -1.07807304208e-15,
        "mean": -5.5167337365e-09,
        "min": -2.77248766167e-08,
        "stdev": 5.08030950641e-09
    },
    "spectral_energy": {
        "max": 0.11082932353,
        "mean": 0.022786334157,
        "min": 4.71612526809e-09,
        "stdev": 0.0204000752419
    },
    "spectral_energyband_high": {
        "max": 0.0117431543767,
        "mean": 0.000819815904833,
        "min": 1.6612822229e-10,
        "stdev": 0.00103133113589
    },
    "spectral_energyband_low": {
        "max": 0.0723337680101,
        "mean": 0.00791842583567,
        "min": 2.98489293178e-12,
        "stdev": 0.0138062704355
    },
    "spectral_energyband_middle_high": {
        "max": 0.0537267997861,
        "mean": 0.00802896823734,
        "min": 3.68001518147e-09,
        "stdev": 0.00813073292375
    },
    "spectral_energyband_middle_low": {
        "max": 0.0641763284802,
        "mean": 0.00664646038786,
        "min": 9.33671917558e-10,
        "stdev": 0.00826855562627
    },
    "spectral_entropy": {
        "max": 8.50306987762,
        "mean": 7.7486448288,
        "min": 7.15163707733,
        "stdev": 0.204484090209
    },
    "spectral_flux": {
        "max": 0.268840670586,
        "mean": 0.0786433517933,
        "min": 0.00053090788424,
        "stdev": 0.0489114411175
    },
    "spectral_kurtosis": {
        "max": 14.9224529266,
        "mean": 3.00399422646,
        "min": -0.895447015762,
        "stdev": 2.25163650513
    },
    "spectral_rms": {
        "max": 0.0103983739391,
        "mean": 0.00409444049001,
        "min": 2.14501687879e-06,
        "stdev": 0.00233798683621
    },
    "spectral_rolloff": {
        "max": 9259.27734375,
        "mean": 1836.18127441,
        "min": 64.599609375,
        "stdev": 1067.93701172
    },
    "spectral_skewness": {
        "max": 2.90650606155,
        "mean": 1.23825144768,
        "min": -0.0658088251948,
        "stdev": 0.345201939344
    },
    "spectral_spread": {
        "max": 7521051,
        "mean": 3595887,
        "min": 1895272.625,
        "stdev": 976440
    },
    "spectral_strongpeak": {
        "max": 8.04263782501,
        "mean": 1.192273736,
        "min": 6.80933735566e-05,
        "stdev": 1.46676695347
    },
    "zerocrossingrate": {
        "max": 0.2412109375,
        "mean": 0.0712758302689,
        "min": 0.0068359375,
        "stdev": 0.0259165875614
    },
    "barkbands": {
        "max": [0.00727694993839, 0.0686276108027, 0.0126156788319, 0.0152646079659, 0.0205963663757, 0.0141925457865, 0.00750072347, 0.0250820033252, 0.0617658384144, 0.033160943538, 0.024754518643, 0.0232084542513, 0.0165513027459, 0.0246926825494, 0.00900037400424, 0.0141700599343, 0.00930808857083, 0.00331576820463, 0.00556615833193, 0.00189596647397, 0.00125862227287, 0.00339206540957, 0.00483840424567, 0.00336263421923, 0.000549767282791, 2.70098496458e-07, 3.10994693109e-07],
        "mean": [0.000236071078689, 0.00616644322872, 0.00117040344048, 0.000646326865535, 0.000731350446586, 0.000910578644834, 0.000449116982054, 0.000604699249379, 0.00278677954338, 0.00173397292383, 0.0011963294819, 0.000842596404254, 0.00109940231778, 0.000892419368029, 0.000554903410375, 0.000562343746424, 0.000458923634142, 0.000403122918215, 0.000424863537773, 0.000192700492335, 0.000175569002749, 0.000160641211551, 0.000187417695997, 0.000182956195204, 1.6416723156e-05, 1.07278341765e-09, 1.15028475633e-09],
        "min": [1.73446353851e-13, 1.49134741015e-12, 1.13941234919e-12, 1.2793213754e-12, 4.14257517178e-11, 2.96213158169e-11, 1.61665385939e-11, 2.12764750263e-10, 5.0233528448e-10, 6.19030104954e-10, 1.17824250356e-09, 4.87114126813e-10, 1.77474868135e-10, 2.52906889875e-10, 7.82152467793e-11, 2.45054448955e-10, 4.12867767752e-10, 5.91790297322e-11, 2.11045972365e-10, 5.63647253871e-11, 2.81485286469e-11, 5.59604515504e-11, 1.33605097472e-11, 1.51213850469e-11, 4.87807363947e-12, 5.47541222432e-12, 9.1545581879e-12],
        "stdev": [0.000701326644048, 0.0127014871687, 0.00196470366791, 0.00139946397394, 0.00155466876458, 0.00176325789653, 0.000807690434158, 0.00160721188877, 0.00629418250173, 0.00381652312353, 0.00232988153584, 0.00158429751173, 0.00202537840232, 0.00223084492609, 0.000941890466493, 0.00135227898136, 0.000902553205378, 0.000565808208194, 0.00061069073854, 0.00025936216116, 0.000214898464037, 0.000229651224799, 0.000302732747514, 0.000298050348647, 3.94562302972e-05, 8.47654835212e-09, 9.74059144454e-09]
    },
    "erbbands": {
        "max": [2.23982667923, 17.3641090393, 22.3233165741, 25.6260166168, 50.4412918091, 99.7040710449, 171.311508179, 160.679077148, 126.704956055, 248.626068115, 816.874816895, 1478.92407227, 1055.55651855, 1061.29418945, 992.434387207, 431.59173584, 639.282653809, 1240.42980957, 702.025146484, 764.909484863, 517.920776367, 626.82409668, 188.452682495, 361.11050415, 397.713623047, 87.9207992554, 65.0944061279, 60.2577133179, 122.014900208, 147.161239624, 126.407028198, 69.4133605957, 63.7788467407, 12.3674058914, 0.289799034595, 0.0151877142489, 0.00176358304452, 0.00032945847488, 9.13155163289e-05, 0.00013006280642],
        "mean": [0.195832982659, 1.29019510746, 1.64789009094, 1.82249224186, 1.96658062935, 2.4446709156, 6.45274400711, 6.83673524857, 6.67175483704, 7.89484834671, 21.8510494232, 73.9060745239, 46.9853591919, 52.7020606995, 50.1958885193, 37.4515419006, 50.4842414856, 46.6702346802, 33.8765296936, 33.4711532593, 26.3707351685, 25.2765293121, 21.7225017548, 23.2077884674, 18.9775905609, 9.26251029968, 7.86823272705, 6.390666008, 5.91777944565, 5.04919910431, 5.4758644104, 4.11617279053, 2.7447977066, 0.452637046576, 0.0113662565127, 0.000670819892548, 9.49266250245e-05, 2.12034137803e-05, 1.73996140802e-05, 2.90671359835e-05],
        "min": [3.36130567824e-11, 3.73901326567e-10, 1.32282318432e-09, 2.94725488459e-09, 3.77632503046e-08, 1.69583643128e-07, 2.53465344713e-07, 2.3351293521e-07, 2.03479871175e-07, 1.19193714454e-06, 6.4309319896e-06, 1.07263913378e-05, 1.59247229021e-05, 2.79152864096e-05, 5.3155952628e-05, 1.29617328639e-05, 9.35954176384e-06, 1.32030172608e-05, 5.03725641465e-06, 7.14165071258e-06, 1.76117791852e-05, 2.34692961385e-05, 4.07192237617e-06, 1.35427244459e-05, 3.75003651243e-06, 2.73217301583e-06, 1.65553558418e-06, 1.42252054047e-06, 1.75914487954e-06, 1.0989834891e-06, 3.70452966081e-07, 2.05069568437e-07, 2.84023684571e-07, 8.25471175858e-08, 3.13833332655e-08, 2.05037622436e-08, 8.69857075259e-09, 5.74593794767e-09, 1.85230175642e-09, 8.77072789396e-11],
        "stdev": [0.444630414248, 2.71025466919, 2.80386662483, 3.37700080872, 4.68758249283, 5.94722414017, 14.2236919403, 14.4162111282, 11.8417739868, 19.0403575897, 53.2534294128, 171.281692505, 104.918579102, 103.928215027, 98.1162033081, 48.4494514465, 88.002494812, 109.560211182, 56.2127799988, 65.3379440308, 56.1390113831, 52.9104499817, 28.495672226, 32.7777290344, 29.8645648956, 11.9318742752, 9.7958984375, 8.31514835358, 8.47823143005, 8.02700328827, 8.74754714966, 6.13775110245, 4.94797325134, 0.996417403221, 0.0238534081727, 0.00126276211813, 0.000151104453835, 3.01227173622e-05, 1.52650027303e-05, 2.49120057561e-05]
    },
    "gfcc": {
        "mean": [-63.3129234314, 93.8616867065, -193.780609131, 37.6969718933, -79.514213562, 28.7196578979, -24.7927398682, -0.833391845226, -1.1886330843, -22.6532020569, 9.40287590027, -18.6309051514, 5.47523403168],
        "cov": [[14348.5449219, 1703.26867676, 3333.33081055, 2694.75585938, 99.0604629517, 957.012634277, 62.3068122864, 597.085205078, 253.610809326, 250.868591309, 491.959197998, -284.068725586, -157.372573853], [1703.26867676, 938.590515137, 955.501342773, 655.207458496, 224.881835938, 155.157806396, 159.28793335, 47.4367179871, 11.3047933578, 23.6259880066, 83.2867431641, -35.7300987244, 47.2318153381], [3333.33081055, 955.501342773, 2095.04052734, 1373.71044922, 279.812652588, 420.094512939, 70.9751205444, 247.193634033, 50.0300559998, 200.166503906, 176.062026978, 5.40930843353, 2.06543397903], [2694.75585938, 655.207458496, 1373.71044922, 1086.74206543, 235.374816895, 270.562011719, 51.9023590088, 187.705215454, 78.8279495239, 138.096450806, 119.361885071, -9.1028137207, 1.64399015903], [99.0604629517, 224.881835938, 279.812652588, 235.374816895, 221.074752808, 76.4436798096, 67.3418197632, 78.0883407593, 57.4568824768, 33.3861083984, 31.8470287323, 0.0218501128256, 14.5127792358], [957.012634277, 155.157806396, 420.094512939, 270.562011719, 76.4436798096, 221.64855957, 105.240562439, 83.0706558228, 13.3958950043, 39.1675300598, 60.945110321, -9.86785411835, -12.8336429596], [62.3068122864, 159.28793335, 70.9751205444, 51.9023590088, 67.3418197632, 105.240562439, 241.555114746, 47.7362976074, 12.2273674011, -4.89630031586, 20.4756984711, -4.54530763626, 8.04706668854], [597.085205078, 47.4367179871, 247.193634033, 187.705215454, 78.0883407593, 83.0706558228, 47.7362976074, 168.533050537, 77.8575668335, 55.8225364685, 42.0144004822, -3.78649044037, -15.6176233292], [253.610809326, 11.3047933578, 50.0300559998, 78.8279495239, 57.4568824768, 13.3958950043, 12.2273674011, 77.8575668335, 110.251907349, 42.8633117676, 23.7229824066, 0.151519238949, 3.96096253395], [250.868591309, 23.6259880066, 200.166503906, 138.096450806, 33.3861083984, 39.1675300598, -4.89630031586, 55.8225364685, 42.8633117676, 90.6809616089, 52.9182434082, 19.4355773926, 2.53520488739], [491.959197998, 83.2867431641, 176.062026978, 119.361885071, 31.8470287323, 60.945110321, 20.4756984711, 42.0144004822, 23.7229824066, 52.9182434082, 108.602752686, 35.6863288879, 14.5861883163], [-284.068725586, -35.7300987244, 5.40930843353, -9.1028137207, 0.0218501128256, -9.86785411835, -4.54530763626, -3.78649044037, 0.151519238949, 19.4355773926, 35.6863288879, 65.3758392334, 31.9749984741], [-157.372573853, 47.2318153381, 2.06543397903, 1.64399015903, 14.5127792358, -12.8336429596, 8.04706668854, -15.6176233292, 3.96096253395, 2.53520488739, 14.5861883163, 31.9749984741, 66.0578765869]],
        "icov": [[0.000439957948402, -0.000580266234465, 0.000543166359421, -0.00129136943724, 0.00179004867096, -0.00127767573576, 0.000812621263321, -0.000767005956732, -0.000640627520625, 0.000962850113865, -0.00158170145005, 0.00173390971031, 6.777899398e-05], [-0.000580266234465, 0.00694340933114, -0.00475466065109, 0.00202825595625, -0.00517022097483, 0.00714629981667, -0.00540665071458, 0.00464674644172, -0.000132149929414, 0.00399963418022, -0.00376244471408, 0.00578443659469, -0.0040820222348], [0.000543166359421, -0.00475466065109, 0.00708631239831, -0.00594185246155, 0.0040742023848, -0.00724534923211, 0.00449184607714, -0.00421231007203, 0.00258082267828, -0.00422959867865, 0.00231872336008, -0.00370117463171, 0.00206125574186], [-0.00129136943724, 0.00202825595625, -0.00594185246155, 0.0102160265669, -0.0066998898983, 0.0046279351227, -0.00250816880725, 0.00278410688043, -0.00061131734401, -0.00192204792984, 0.00360291777179, -0.00307015143335, -0.000459379400127], [0.00179004867096, -0.00517022097483, 0.0040742023848, -0.0066998898983, 0.0157549083233, -0.00784111954272, 0.00394666753709, -0.00562552502379, -0.00453360565007, 0.00230236584321, -0.00349969579838, 0.00343450228684, 0.000498933310155], [-0.00127767573576, 0.00714629981667, -0.00724534923211, 0.0046279351227, -0.00784111954272, 0.0199028104544, -0.0100007764995, 0.00376947410405, 0.00231126928702, 0.00266867270693, -0.00459022913128, 0.00474887015298, -0.00186941900756], [0.000812621263321, -0.00540665071458, 0.00449184607714, -0.00250816880725, 0.00394666753709, -0.0100007764995, 0.0107895471156, -0.00513733876869, -6.46593107376e-05, -0.000541720015462, 0.00122082582675, -0.00232776417397, 0.00126658391673], [-0.000767005956732, 0.00464674644172, -0.00421231007203, 0.00278410688043, -0.00562552502379, 0.00376947410405, -0.00513733876869, 0.0164001695812, -0.00705455522984, -0.000290453259367, -0.00101831462234, 0.00100338365883, 0.00155746482778], [-0.000640627520625, -0.000132149929414, 0.00258082267828, -0.00061131734401, -0.00453360565007, 0.00231126928702, -6.46593107376e-05, -0.00705455522984, 0.0197579078376, -0.00867882091552, 0.00283859390765, -0.00088030169718, -0.00276444316842], [0.000962850113865, 0.00399963418022, -0.00422959867865, -0.00192204792984, 0.00230236584321, 0.00266867270693, -0.000541720015462, -0.000290453259367, -0.00867882091552, 0.029028845951, -0.0147414440289, 0.00670641753823, -0.000960728270002], [-0.00158170145005, -0.00376244471408, 0.00231872336008, 0.00360291777179, -0.00349969579838, -0.00459022913128, 0.00122082582675, -0.00101831462234, 0.00283859390765, -0.0147414440289, 0.028709249571, -0.0220322925597, 0.00296837557107], [0.00173390971031, 0.00578443659469, -0.00370117463171, -0.00307015143335, 0.00343450228684, 0.00474887015298, -0.00232776417397, 0.00100338365883, -0.00088030169718, 0.00670641753823, -0.0220322925597, 0.0442965216935, -0.015905354172], [6.777899398e-05, -0.0040820222348, 0.00206125574186, -0.000459379400127, 0.000498933310155, -0.00186941900756, 0.00126658391673, 0.00155746482778, -0.00276444316842, -0.000960728270002, 0.00296837557107, -0.015905354172, 0.0251525919884]]
    },
    "melbands": {
        "max": [0.0164800062776, 0.0144244292751, 0.00542772049084, 0.00498464191332, 0.00467289704829, 0.00315994862467, 0.00169703830034, 0.00284834718332, 0.00724222743884, 0.00793808326125, 0.00550413038582, 0.00466261897236, 0.00380058633164, 0.00274922442622, 0.0014618242858, 0.00181076151785, 0.00283591845073, 0.00164568028413, 0.000881274871062, 0.00133304763585, 0.000735914218239, 0.000836790015455, 0.000405176455388, 0.000191553044715, 0.000355790485628, 0.000284383655526, 0.00014745714725, 6.66110572638e-05, 4.87953839183e-05, 3.7848494685e-05, 4.00365606765e-05, 6.52902963338e-05, 7.40199902793e-05, 8.84208347998e-05, 7.30757310521e-05, 5.68075956835e-05, 4.50212683063e-05, 4.82218601974e-05, 4.27384911745e-05, 1.71406816207e-06],
        "mean": [0.00175472721457, 0.00112960964907, 0.000319226179272, 0.000150632185978, 0.000199610658456, 0.00015687715495, 9.84593498288e-05, 9.24504347495e-05, 0.000231132042245, 0.000449163315352, 0.000224667557632, 0.0002158984571, 0.000169572624145, 0.000107056555862, 0.00010281791765, 0.000102741651062, 8.74134711921e-05, 5.7547873439e-05, 4.17189003201e-05, 4.54792243545e-05, 2.69676984317e-05, 2.54110182141e-05, 2.33528498939e-05, 1.95456905203e-05, 1.85008047993e-05, 1.6179827071e-05, 8.79951403476e-06, 5.57637076781e-06, 5.1492561397e-06, 3.9454544094e-06, 3.68376936422e-06, 3.41301483786e-06, 2.95909671877e-06, 2.78877064375e-06, 3.14232488563e-06, 2.98328859571e-06, 2.37392623603e-06, 2.04154753192e-06, 1.37764368446e-06, 5.47555032426e-08],
        "min": [3.6626330766e-13, 6.08617648466e-13, 1.2606375362e-12, 7.3114977614e-12, 9.12521794239e-12, 5.25092859818e-12, 2.93462454858e-12, 1.83127141923e-11, 5.67360568249e-11, 7.1329941953e-11, 8.05819092009e-11, 1.06164535496e-10, 1.77280634617e-10, 8.1834351795e-11, 1.18689528691e-11, 1.99725687378e-11, 2.56685801087e-11, 8.40377593903e-12, 6.91627094138e-12, 1.24575332688e-11, 2.23760593387e-11, 3.12642654821e-11, 3.00188693347e-12, 3.90103444339e-12, 1.27813228751e-11, 4.28186566065e-12, 1.26151357156e-12, 1.87579118904e-12, 1.43349167172e-12, 2.35901792892e-13, 1.15833362867e-12, 9.75517952008e-13, 1.14112625599e-12, 3.61012055753e-13, 2.2008684751e-13, 1.2510569566e-13, 1.29346796403e-13, 2.25184982965e-13, 1.59323590562e-13, 3.73314084452e-14],
        "stdev": [0.00372937042266, 0.00196780543774, 0.0005727984244, 0.000358403485734, 0.000408761174185, 0.000312776654027, 0.000169803272001, 0.00022958315094, 0.000603446562309, 0.00102765427437, 0.00052453216631, 0.000459641596535, 0.000340895232512, 0.000200154361664, 0.000178031783435, 0.000194145584828, 0.000231011770666, 0.000115265909699, 7.70456608734e-05, 0.000111242472485, 6.22653242317e-05, 5.97192920395e-05, 4.12371628045e-05, 2.85824098682e-05, 2.86150843749e-05, 2.69553765975e-05, 1.3208647033e-05, 7.85577230999e-06, 6.84599035594e-06, 5.35790240974e-06, 5.0467838264e-06, 4.92806657348e-06, 4.73525324196e-06, 4.80205608255e-06, 5.16327509104e-06, 4.6825730351e-06, 3.68799760508e-06, 3.59598379873e-06, 3.19268974636e-06, 1.35196117412e-07]
    },
    "melbands128": {
        "max": [0.00689433235675, 0.0221866369247, 0.0292163137347, 0.0301184877753, 0.0169380679727, 0.00523119186983, 0.005539951846, 0.00843528378755, 0.00684089586139, 0.00688510481268, 0.0065350830555, 0.00310683180578, 0.00877054780722, 0.00572083238512, 0.00545763643458, 0.00390420830809, 0.00302541838028, 0.00213240622543, 0.00179262238089, 0.00430677086115, 0.00376808270812, 0.00428111990914, 0.0129982158542, 0.0213339477777, 0.0144473612309, 0.0128282103688, 0.00641534710303, 0.00962014123797, 0.00777179328725, 0.00805913470685, 0.00457417918369, 0.00494072725996, 0.00708127534017, 0.00576546927914, 0.00685989810154, 0.00180966814514, 0.00155194313265, 0.00278525939211, 0.00358126056381, 0.00312730786391, 0.00258956034668, 0.00564713962376, 0.00498709082603, 0.00560996541753, 0.00514925876632, 0.00222606491297, 0.00131614552811, 0.00136595906224, 0.00166718580294, 0.00249005877413, 0.00262517970987, 0.00130518677179, 0.00145159533713, 0.000822335365228, 0.000627968925983, 0.00181518401951, 0.00119381549302, 0.000956200761721, 0.000354689516826, 0.000339646969223, 0.000298491271678, 0.000541085959412, 0.000359415833373, 0.000885599642061, 0.000260232831351, 0.000389518419979, 0.000790142919868, 0.000218596062041, 0.000129950116388, 9.84313592198e-05, 8.90867377166e-05, 8.52532248246e-05, 0.000134610483656, 8.71666343301e-05, 5.76869642828e-05, 8.06522293715e-05, 5.6359822338e-05, 4.54521032225e-05, 5.57172461413e-05, 6.25390603091e-05, 7.18883165973e-05, 6.50983056403e-05, 9.27401342778e-05, 8.25848910608e-05, 9.4540817372e-05, 7.5856638432e-05, 9.42513652262e-05, 8.74996112543e-05, 5.46797054994e-05, 8.02402500995e-05, 8.91447198228e-05, 6.85686682118e-05, 3.32102063112e-05, 6.16723482381e-05, 6.11049545114e-05, 4.94392297696e-05, 5.55191691092e-05, 6.98711155565e-05, 7.33854758437e-05, 2.36184623645e-05, 2.00640116077e-07, 6.51009202102e-09, 4.01508248871e-09, 2.9937183843e-09, 2.48435094719e-09, 2.19967133397e-09, 2.04131134218e-09, 1.91459403887e-09, 1.8169675764e-09, 1.75676917458e-09, 1.68195657402e-09, 1.63262414699e-09, 1.58979507336e-09, 1.55471435725e-09, 1.50315448977e-09, 1.48626999597e-09, 1.4526465586e-09, 1.42302203354e-09, 1.38381062165e-09, 1.36185707156e-09, 1.3537719834e-09, 1.32572386402e-09, 1.31023292216e-09, 1.28214638906e-09, 1.26920207677e-09, 1.26419319457e-09, 1.2569000285e-09, 1.25176291554e-09],
        "mean": [0.000220138652367, 0.00147448596545, 0.00258599524386, 0.00198114174418, 0.00102751876693, 0.000512090395205, 0.000373605173081, 0.000301032414427, 0.000177513327799, 0.00014464535343, 0.000124882004457, 0.000139410272823, 0.000244273804128, 0.000243642847636, 0.000173926528078, 9.25904969336e-05, 9.67026135186e-05, 0.000117144350952, 7.82881324994e-05, 7.33075139578e-05, 0.000109529108158, 0.00011476760119, 0.000163788790815, 0.000423474120907, 0.000671401561704, 0.000373396178475, 0.000157792674145, 0.000243686401518, 0.000217773165787, 0.000297033519018, 0.000173590553459, 0.000148750754306, 0.000193273808691, 0.00017414035392, 0.000104753402411, 9.62212507147e-05, 9.475882689e-05, 7.79540569056e-05, 0.000137947543408, 0.000117769974167, 9.67451778706e-05, 7.24748242646e-05, 8.69126670295e-05, 0.000100441611721, 7.40238683647e-05, 4.86162607558e-05, 4.06003418902e-05, 3.71926471416e-05, 4.40250369138e-05, 4.85445634695e-05, 5.19056848134e-05, 3.38323552569e-05, 3.06836045638e-05, 2.17470551434e-05, 2.295766717e-05, 2.47742518695e-05, 2.66276165348e-05, 3.29345202772e-05, 1.81481391337e-05, 1.44381410792e-05, 1.95018437807e-05, 2.35154166148e-05, 2.09059599001e-05, 1.75492441485e-05, 1.3380143173e-05, 1.80433944479e-05, 1.73810731212e-05, 1.00697807284e-05, 7.55392738938e-06, 5.38488120583e-06, 5.64261245017e-06, 5.5394152696e-06, 5.18365277458e-06, 5.35756362297e-06, 4.64510276288e-06, 4.27286977356e-06, 3.42422163158e-06, 3.45503235621e-06, 3.9331903281e-06, 3.54388726009e-06, 3.7662377963e-06, 3.02138937514e-06, 3.31274009113e-06, 3.16839987136e-06, 2.4536300316e-06, 2.61085392594e-06, 2.97920792036e-06, 2.88461956188e-06, 3.13728560286e-06, 3.3857188555e-06, 3.29106796926e-06, 2.84617635771e-06, 2.48048195317e-06, 2.32627326113e-06, 2.34898402596e-06, 2.25201438298e-06, 1.8862511979e-06, 1.87371404081e-06, 2.00501540348e-06, 7.46852549582e-07, 6.05645400498e-09, 5.67024101283e-11, 1.4129845731e-11, 1.05242247209e-11, 9.27205881518e-12, 1.07722962495e-11, 1.05507616532e-11, 7.92682152556e-12, 7.4102009251e-12, 7.10568366299e-12, 6.79889694891e-12, 6.50357068546e-12, 6.19466544033e-12, 5.97880642564e-12, 5.78244700386e-12, 5.67677502228e-12, 5.54655149934e-12, 5.40719552466e-12, 5.28389918625e-12, 5.16246854293e-12, 5.03893975157e-12, 4.95053737587e-12, 4.88569211129e-12, 4.78067238574e-12, 4.5137435456e-12, 4.09594623843e-12, 3.85970595762e-12, 3.81116362427e-12],
        "min": [1.06881185488e-13, 2.32775468822e-13, 4.48017030375e-13, 6.70040357833e-13, 7.2450628396e-13, 5.07644165419e-13, 2.92469987031e-13, 8.66505218272e-13, 3.25313539128e-12, 7.2036205126e-12, 1.028683215e-11, 1.06749418333e-11, 9.06837452352e-12, 7.01156754185e-12, 5.53165369413e-12, 4.27886458904e-12, 3.10631576884e-12, 2.29828179057e-12, 2.8284265121e-12, 8.50719841794e-12, 2.57017220007e-11, 4.86695510282e-11, 6.50494658139e-11, 5.97907834354e-11, 6.03633670826e-11, 8.28783500162e-11, 8.14942349714e-11, 6.80272713161e-11, 9.09224223689e-11, 1.04540431867e-10, 9.98670729446e-11, 1.33067862285e-10, 1.93590601882e-10, 2.12458967086e-10, 1.34979846744e-10, 3.44037125177e-11, 4.70733434871e-12, 2.99192246499e-12, 2.11065869643e-11, 2.9846125571e-11, 8.71779731737e-12, 2.37070623549e-11, 3.15226872383e-11, 2.60752339859e-11, 1.37980486412e-11, 3.30353973343e-12, 4.60727766702e-12, 5.31166386916e-12, 9.13052619622e-12, 8.885977891e-12, 1.2995121472e-11, 1.45474778057e-11, 2.11269127193e-11, 2.25779794166e-11, 3.32014554738e-11, 4.75520491039e-11, 1.38121883722e-11, 1.2376125515e-12, 5.00700826286e-13, 1.8849730804e-12, 4.79147407514e-12, 2.8158009778e-12, 1.26121144778e-11, 1.72669066545e-11, 1.08083013026e-11, 2.97341816967e-12, 1.22903466918e-12, 8.22679652266e-13, 9.46715145514e-13, 2.3020760645e-12, 1.95212314195e-12, 1.4515667314e-12, 2.33128642259e-12, 1.5279367398e-12, 4.02090145034e-13, 1.07880664037e-13, 1.91252978623e-13, 3.20708303664e-13, 1.4432432029e-12, 2.02014056525e-12, 6.9260124979e-13, 9.42581733152e-13, 5.87948689301e-13, 1.78393020842e-12, 8.52656812343e-13, 4.38976762926e-13, 1.43354959522e-13, 2.0598214974e-13, 2.79268416118e-13, 1.95468044962e-13, 1.46133674822e-13, 9.8132663291e-14, 1.09420644474e-13, 5.57373632383e-14, 1.65142340991e-13, 3.38336400996e-13, 1.97253387127e-13, 1.39753551613e-13, 2.68003447126e-13, 7.28880999068e-14, 6.05951378484e-14, 3.24080429918e-14, 1.10209354121e-14, 3.20555146554e-14, 4.884617423e-14, 2.93156205691e-14, 2.26696086355e-14, 4.67033401156e-14, 4.46128966831e-14, 2.9922550169e-14, 2.2927121898e-14, 1.55437440669e-14, 2.44089687698e-14, 3.68272341062e-14, 3.54271259139e-14, 4.82221311764e-14, 4.18579592916e-14, 4.54521199866e-14, 7.56769863788e-14, 4.62184645753e-14, 9.2576283011e-14, 2.68061262207e-14, 4.66105764554e-14, 1.56280170689e-14, 4.31977739847e-15, 4.52552974817e-15, 2.24056858746e-15, 4.58622177643e-16],
        "stdev": [0.000663690036163, 0.00366707495414, 0.00589101435617, 0.00426610093564, 0.00198307773098, 0.000835353101138, 0.000768813537434, 0.000665460422169, 0.000520930218045, 0.000445490295533, 0.000376936630346, 0.000321421568515, 0.000651900540106, 0.000577495084144, 0.000450027757324, 0.00024724873947, 0.000250881450484, 0.000220592744881, 0.00017135469534, 0.000283132452751, 0.000345110689523, 0.000357185053872, 0.000647804292385, 0.00151533645112, 0.0017633298412, 0.00109482009429, 0.000477756315377, 0.000886065594386, 0.000561705266591, 0.000857930921484, 0.000435075664427, 0.000384582468541, 0.000538980122656, 0.00047206459567, 0.000400092132622, 0.000165583725902, 0.000165662262589, 0.000199039874133, 0.000367733795429, 0.000285619869828, 0.000252148689469, 0.000319686078001, 0.000311600539135, 0.000349784997525, 0.000266720133368, 0.00011473086488, 8.69108916959e-05, 9.42838596529e-05, 0.000119574397104, 0.000139482188388, 0.000177236215677, 9.874477837e-05, 0.00011509439355, 5.81248204981e-05, 5.84920962865e-05, 9.99976327876e-05, 8.93476317287e-05, 7.88655815995e-05, 3.80867968488e-05, 2.8261443731e-05, 3.39609869116e-05, 5.55858823645e-05, 4.13437483076e-05, 4.49287217634e-05, 2.46747003985e-05, 4.03342273785e-05, 4.13565976487e-05, 1.94700878637e-05, 1.32069926622e-05, 9.07010871742e-06, 9.11059487407e-06, 8.4934717961e-06, 9.08328456717e-06, 9.21844912227e-06, 7.17739885658e-06, 7.32011449145e-06, 5.64881202081e-06, 5.43819260201e-06, 6.03046555625e-06, 5.46301043869e-06, 6.10974802839e-06, 4.88394653075e-06, 5.97272355662e-06, 6.00564681008e-06, 4.40472967966e-06, 4.63690003016e-06, 5.74569821765e-06, 5.3163935263e-06, 5.6436892919e-06, 6.94543359714e-06, 6.13349857304e-06, 5.01904605699e-06, 4.10943903262e-06, 3.88577382182e-06, 4.62282469016e-06, 4.10682105212e-06, 3.6778417325e-06, 4.09653512179e-06, 5.36814741281e-06, 1.76318280865e-06, 1.47387559934e-08, 3.64593966129e-10, 1.29276353511e-10, 9.40707373109e-11, 7.80247186305e-11, 7.17504319847e-11, 6.71114760986e-11, 6.01602170858e-11, 5.70913247233e-11, 5.51812762151e-11, 5.28135105093e-11, 5.12380415874e-11, 4.98828235662e-11, 4.87669106486e-11, 4.71427757942e-11, 4.65891075718e-11, 4.55251426834e-11, 4.45884613953e-11, 4.33588893956e-11, 4.26609338133e-11, 4.23947821293e-11, 4.15137334231e-11, 4.10220052371e-11, 4.01465249933e-11, 3.97433023991e-11, 3.95918436924e-11, 3.93677972166e-11, 3.92067246724e-11]
    },
    "mfcc": {
        "mean": [-666.736328125, 93.6293869019, -39.8764762878, -2.31117129326, -14.1712722778, 8.33905315399, -3.88181591034, 15.3928136826, -6.32051181793, 10.9918956757, -6.48777961731, 5.08183574677, -8.08156013489],
        "cov": [[12801.3642578, 443.886993408, 2984.41625977, 1681.79016113, 899.307373047, 559.844299316, 434.196411133, 411.556060791, -23.6726016998, 438.953033447, 542.794799805, 482.516662598, -143.612594604], [443.886993408, 542.58404541, 351.031646729, 280.75378418, 117.902168274, 130.51776123, 143.629898071, 44.1383934021, 39.3351593018, 4.99856567383, 18.9463005066, 17.599817276, -6.85774326324], [2984.41625977, 351.031646729, 1940.03540039, 1007.33721924, 635.946105957, 358.623840332, 341.913818359, 118.807846069, 88.9287261963, 102.575897217, 234.771316528, 198.380340576, 61.4959220886], [1681.79016113, 280.75378418, 1007.33721924, 759.238220215, 420.118438721, 212.256591797, 175.533050537, 81.8371200562, 94.8215255737, 81.1950302124, 133.849746704, 120.50214386, 45.0654830933], [899.307373047, 117.902168274, 635.946105957, 420.118438721, 406.715881348, 101.223579407, 80.8858566284, 40.8685379028, 62.8398742676, 64.9473342896, 88.2607879639, 95.8879394531, 58.3731079102], [559.844299316, 130.51776123, 358.623840332, 212.256591797, 101.223579407, 190.006607056, 130.235809326, 58.7363395691, 27.7416496277, 26.2116928101, 42.5935020447, 40.6008300781, -5.75545215607], [434.196411133, 143.629898071, 341.913818359, 175.533050537, 80.8858566284, 130.235809326, 217.481460571, 89.3316879272, 46.4232788086, 29.163848877, 79.6776809692, 40.1540679932, 2.54897332191], [411.556060791, 44.1383934021, 118.807846069, 81.8371200562, 40.8685379028, 58.7363395691, 89.3316879272, 119.037406921, 47.3948287964, 49.3885192871, 51.8639907837, 31.1105442047, -4.04910182953], [-23.6726016998, 39.3351593018, 88.9287261963, 94.8215255737, 62.8398742676, 27.7416496277, 46.4232788086, 47.3948287964, 109.8438797, 41.0892677307, 42.1300048828, 9.72599220276, 14.3322763443], [438.953033447, 4.99856567383, 102.575897217, 81.1950302124, 64.9473342896, 26.2116928101, 29.163848877, 49.3885192871, 41.0892677307, 99.2782669067, 56.7249450684, 37.8318443298, 2.6609249115], [542.794799805, 18.9463005066, 234.771316528, 133.849746704, 88.2607879639, 42.5935020447, 79.6776809692, 51.8639907837, 42.1300048828, 56.7249450684, 125.166969299, 50.6299667358, 14.2464466095], [482.516662598, 17.599817276, 198.380340576, 120.50214386, 95.8879394531, 40.6008300781, 40.1540679932, 31.1105442047, 9.72599220276, 37.8318443298, 50.6299667358, 104.283981323, 34.1851196289], [-143.612594604, -6.85774326324, 61.4959220886, 45.0654830933, 58.3731079102, -5.75545215607, 2.54897332191, -4.04910182953, 14.3322763443, 2.6609249115, 14.2464466095, 34.1851196289, 81.6784057617]],
        "icov": [[0.00020090311591, -1.19071810332e-05, -0.000257096107816, -0.000195583255845, 0.000151186715811, 6.97678624419e-05, 0.000357405282557, -0.00048489504843, 0.000589597970247, -0.000414441106841, -0.00027659375337, -0.000344518019119, 0.000617877638433], [-1.19071810332e-05, 0.00277657294646, 0.000322236475768, -0.00128099077847, 1.63456170412e-05, -0.000302974192891, -0.00178863899782, 0.000408272724599, -0.000143828889122, 0.000247510673944, 0.0012166389497, 0.000329865491949, 0.0003862856247], [-0.000257096107816, 0.000322236475768, 0.00273064570501, -0.00181768462062, -0.00148830947001, -0.000987219624221, -0.00195406703278, 0.00139309023507, 0.00042364266119, 0.00107635313179, -0.0007178884116, 0.000185491488082, -0.00041570016765], [-0.000195583255845, -0.00128099077847, -0.00181768462062, 0.00650080339983, -0.00242554489523, -0.00160099635832, 0.00127125310246, 0.000177749854629, -0.00246079126373, 0.000317822908983, -0.000309096096316, -0.00018470424402, -0.000527219031937], [0.000151186715811, 1.63456170412e-05, -0.00148830947001, -0.00242554489523, 0.00747683783993, 0.000691905734129, 0.00144836411346, -9.26806824282e-05, -0.000741642317735, -0.00178901071195, 0.000225165160373, -0.00153483380564, -0.00182695663534], [6.97678624419e-05, -0.000302974192891, -0.000987219624221, -0.00160099635832, 0.000691905734129, 0.0120509583503, -0.00489156786352, -0.0011753126746, 0.000515388092026, -0.000954248418566, 0.0029277165886, -0.00149088772014, 0.00222690613009], [0.000357405282557, -0.00178863899782, -0.00195406703278, 0.00127125310246, 0.00144836411346, -0.00489156786352, 0.0138973034918, -0.00643488252535, -0.000241576359258, 0.00217079231516, -0.00536093441769, -0.000152796652401, 8.62527740537e-05], [-0.00048489504843, 0.000408272724599, 0.00139309023507, 0.000177749854629, -9.26806824282e-05, -0.0011753126746, -0.00643488252535, 0.0175018273294, -0.00474097905681, -0.00355917774141, 0.000288758659735, -0.0014871887397, 0.000606565969065], [0.000589597970247, -0.000143828889122, 0.00042364266119, -0.00246079126373, -0.000741642317735, 0.000515388092026, -0.000241576359258, -0.00474097905681, 0.0161214116961, -0.00451519619673, -0.00276602059603, 0.0031679586973, -0.00112298829481], [-0.000414441106841, 0.000247510673944, 0.00107635313179, 0.000317822908983, -0.00178901071195, -0.000954248418566, 0.00217079231516, -0.00355917774141, -0.00451519619673, 0.018798224628, -0.00496805412695, -0.00276757939719, 0.00147819938138], [-0.00027659375337, 0.0012166389497, -0.0007178884116, -0.000309096096316, 0.000225165160373, 0.0029277165886, -0.00536093441769, 0.000288758659735, -0.00276602059603, -0.00496805412695, 0.0171335786581, -0.00260052504018, -0.000698981573805], [-0.000344518019119, 0.000329865491949, 0.000185491488082, -0.00018470424402, -0.00153483380564, -0.00149088772014, -0.000152796652401, -0.0014871887397, 0.0031679586973, -0.00276757939719, -0.00260052504018, 0.0177987664938, -0.00715443259105], [0.000617877638433, 0.0003862856247, -0.00041570016765, -0.000527219031937, -0.00182695663534, 0.00222690613009, 8.62527740537e-05, 0.000606565969065, -0.00112298829481, 0.00147819938138, -0.000698981573805, -0.00715443259105, 0.0187209844589]]
    },
    "spectral_contrast_coeffs": {
        "max": [-0.460547983646, -0.455966293812, -0.565429806709, -0.619852781296, -0.620851397514, -0.595722079277],
        "mean": [-0.749929964542, -0.770684182644, -0.773034334183, -0.804841041565, -0.795189738274, -0.717100381851],
        "min": [-0.91896033287, -0.940083146095, -0.931006789207, -0.937636911869, -0.890831768513, -0.866279244423],
        "stdev": [0.0605792328715, 0.0852841958404, 0.0693922191858, 0.053324546665, 0.0413805134594, 0.0328130088747]
    },
    "spectral_contrast_valleys": {
        "max": [-5.28133296967, -5.28401327133, -5.58701992035, -5.87067604065, -5.75664663315, -8.38411045074],
        "mean": [-8.04456138611, -7.16735839844, -7.03094100952, -7.23807859421, -7.52482891083, -10.822804451],
        "min": [-14.7107343674, -14.1416864395, -13.1270303726, -13.8383760452, -14.3446455002, -17.2056388855],
        "stdev": [1.98190104961, 0.988132297993, 0.819555997849, 0.772390127182, 0.952150642872, 1.23866689205]
    }
},
"rhythm": {
    "beats_count": 46,
    "beats_loudness": {
        "max": 0.0570225305855,
        "mean": 0.022930206731,
        "min": 3.85868697776e-05,
        "stdev": 0.0166523400694
    },
    "bpm": 129.227310181,
    "bpm_histogram_first_peak_bpm": 129,
    "bpm_histogram_first_peak_weight": 0.347826123238,
    "bpm_histogram_second_peak_bpm": 99,
    "bpm_histogram_second_peak_spread": 0.199999988079,
    "bpm_histogram_second_peak_weight": 0.177777782083,
    "danceability": 0.910939753056,
    "onset_rate": 1.91962659359,
    "beats_loudness_band_ratio": {
        "max": [0.928184866905, 0.236658841372, 0.695513248444, 0.768997311592, 0.589796602726, 0.253006070852],
        "mean": [0.197772279382, 0.0612273737788, 0.210541918874, 0.316143959761, 0.165747687221, 0.0731706023216],
        "min": [0.000103037396912, 0.00205716327764, 0.00784327927977, 0.0219859164208, 0.00479443417862, 0.00610542017967],
        "stdev": [0.228437483311, 0.0640479400754, 0.152165994048, 0.207796633244, 0.129994019866, 0.0500590912998]
    },
    "beats_position": [0.476009070873, 0.952018141747, 1.43963718414, 1.90403628349, 2.36843538284, 2.83283448219, 3.29723358154, 3.75002264977, 4.20281171799, 4.66721057892, 5.13160991669, 5.59600877762, 6.06040811539, 6.52480697632, 6.98920631409, 7.45360517502, 7.90639448166, 8.37079334259, 8.83519268036, 9.29959201813, 9.75238037109, 10.22838974, 10.7043991089, 11.1687984467, 11.6448068619, 12.1672563553, 12.689704895, 13.2121543884, 13.722992897, 14.2338323593, 14.7330608368, 15.2322902679, 15.7431287766, 16.242357254, 16.7415866852, 17.2408161163, 17.8445339203, 18.4482536316, 19.0519733429, 19.6440811157, 20.2361907959, 20.8399085999, 21.4436283112, 22.0473461151, 22.6626758575, 23.2663936615],
