{
"metadata": {
    "version": {
        "essentia": "2.1-beta5",
        "essentia_git_sha": "Undefined",
        "extractor": "music 2.0"
    },
    "audio_properties": {
        "analysis": {
            "equal_loudness": 0,
            "length": 32.4963264465,
            "sample_rate": 44100,
            "start_time": 12.7477550507,
            "downmix": "mix"
        },
        "bit_rate": 192000,
        "length": 222.075668335,
        "lossless": 0,
        "number_channels": 2,
        "replay_gain": 7.07328987122,
        "sample_rate": 48000,
        "codec": "mp3",
        "md5_encoded": "76302c6710fb0574cfa64d21889259c9"
    },
    "tags": {
        "file_name": "Russia_Lost And Forgotten_Peter Nalitch _ Friends.mp3",
        "encoding": ["Lavf58.29.100"]
    }
},
"lowlevel": {
    "average_loudness": 0.396932601929,
    "barkbands_crest": {
        "max": 23.5861778259,
        "mean": 9.5238904953,
        "min": 2.73098158836,
        "stdev": 4.45784711838
    },
    "barkbands_flatness_db": {
        "max": 0.308544278145,
        "mean": 0.169761270285,
        "min": 0.0842988118529,
        "stdev": 0.0392740257084
    },
    "barkbands_kurtosis": {
        "max": 54.5737304688,
        "mean": 2.81515479088,
        "min": -1.61459362507,
        "stdev": 4.73843193054
    },
    "barkbands_skewness": {
        "max": 6.52335166931,
        "mean": 0.80842757225,
        "min": -2.53089594841,
        "stdev": 1.21948838234
    },
    "barkbands_spread": {
        "max": 78.2256546021,
        "mean": 16.7279243469,
        "min": 1.55598962307,
        "stdev": 9.14303016663
    },
    "dissonance": {
        "max": 0.499986857176,
        "mean": 0.475658178329,
        "min": 0.29575201869,
        "stdev": 0.0233281739056
    },
    "dynamic_complexity": 4.65913105011,
    "erbbands_crest": {
        "max": 30.4874763489,
        "mean": 10.3937835693,
        "min": 2.84930324554,
        "stdev": 5.75349569321
    },
    "erbbands_flatness_db": {
        "max": 0.38805642724,
        "mean": 0.226721301675,
        "min": 0.112789273262,
        "stdev": 0.0606121309102
    },
    "erbbands_kurtosis": {
        "max": 27.3485584259,
        "mean": 1.92525100708,
        "min": -1.65748369694,
        "stdev": 3.27692222595
    },
    "erbbands_skewness": {
        "max": 4.37322950363,
        "mean": 0.581030249596,
        "min": -1.33634197712,
        "stdev": 0.72236430645
    },
    "erbbands_spread": {
        "max": 118.223258972,
        "mean": 25.6198196411,
        "min": 2.46422743797,
        "stdev": 18.2410888672
    },
    "hfc": {
        "max": 159.58013916,
        "mean": 15.533987999,
        "min": 0.0488305874169,
        "stdev": 21.3921585083
    },
    "loudness_ebu128": {
        "integrated": -31.9242267609,
        "loudness_range": 8.41265487671,
        "momentary": {
            "max": -25.3604106903,
            "mean": -33.2601661682,
            "min": -39.7703170776,
            "stdev": 3.26142096519
        },
        "short_term": {
            "max": -27.0803928375,
            "mean": -32.7952880859,
            "min": -37.5546722412,
            "stdev": 2.87647128105
        }
    },
    "melbands_crest": {
        "max": 28.4818916321,
        "mean": 12.3178215027,
        "min": 2.9446208477,
        "stdev": 5.57760620117
    },
    "melbands_flatness_db": {
        "max": 0.378063112497,
        "mean": 0.189173713326,
        "min": 0.0545692034066,
        "stdev": 0.0558348558843
    },
    "melbands_kurtosis": {
        "max": 140.126495361,
        "mean": 7.54828977585,
        "min": -1.64325654507,
        "stdev": 12.6608333588
    },
    "melbands_skewness": {
        "max": 9.17749118805,
        "mean": 1.43206393719,
        "min": -2.15869069099,
        "stdev": 1.7187911272
    },
    "melbands_spread": {
        "max": 77.1049041748,
        "mean": 22.9129562378,
        "min": 2.14407444,
        "stdev": 11.4433784485
    },
    "pitch_salience": {
        "max": 0.876259624958,
        "mean": 0.587968409061,
        "min": 0.156014963984,
        "stdev": 0.142648175359
    },
    "silence_rate_20dB": {
        "max": 1,
        "mean": 1,
        "min": 1,
        "stdev": 0
    },
    "silence_rate_30dB": {
        "max": 1,
        "mean": 1,
        "min": 1,
        "stdev": 0
    },
    "silence_rate_60dB": {
        "max": 1,
        "mean": 0.151320487261,
        "min": 0,
        "stdev": 0.358363479376
    },
    "spectral_centroid": {
        "max": 3360.61352539,
        "mean": 1349.61010742,
        "min": 342.272521973,
        "stdev": 432.141540527
    },
    "spectral_complexity": {
        "max": 41,
        "mean": 15.4803714752,
        "min": 0,
        "stdev": 7.0146241188
    },
    "spectral_decrease": {
        "max": -1.03768608289e-11,
        "mean": -4.14731937681e-09,
        "min": -2.94129058886e-08,
        "stdev": 4.65254546e-09
    },
    "spectral_energy": {
        "max": 0.125485554338,
        "mean": 0.0170619413257,
        "min": 4.35937836301e-05,
        "stdev": 0.0193059947342
    },
    "spectral_energyband_high": {
        "max": 0.00571423349902,
        "mean": 0.000226202289923,
        "min": 8.11451457139e-07,
        "stdev": 0.000421506323619
    },
    "spectral_energyband_low": {
        "max": 0.0729115605354,
        "mean": 0.00444500939921,
        "min": 1.78540597062e-06,
        "stdev": 0.00722858309746
    },
    "spectral_energyband_middle_high": {
        "max": 0.118763029575,
        "mean": 0.00925035588443,
        "min": 2.41194011323e-05,
        "stdev": 0.0160987563431
    },
    "spectral_energyband_middle_low": {
        "max": 0.0337243117392,
        "mean": 0.00361201143824,
        "min": 1.70742714545e-05,
        "stdev": 0.00400766870007
    },
    "spectral_entropy": {
        "max": 8.36526584625,
        "mean": 7.56145811081,
        "min": 6.67734909058,
        "stdev": 0.310623764992
    },
    "spectral_flux": {
        "max": 0.209831491113,
        "mean": 0.0634566918015,
        "min": 0.0171841792762,
        "stdev": 0.0378992706537
    },
    "spectral_kurtosis": {
        "max": 26.195854187,
        "mean": 4.67329835892,
        "min": -0.898727178574,
        "stdev": 3.63802480698
    },
    "spectral_rms": {
        "max": 0.0110645797104,
        "mean": 0.0035619942937,
        "min": 0.000206229291507,
        "stdev": 0.00198946148157
    },
    "spectral_rolloff": {
        "max": 7450.48828125,
        "mean": 1431.72045898,
        "min": 107.666015625,
        "stdev": 966.684631348
    },
    "spectral_skewness": {
        "max": 3.45380115509,
        "mean": 1.50436913967,
        "min": 0.0763241127133,
        "stdev": 0.435818135738
    },
    "spectral_spread": {
        "max": 6962471.5,
        "mean": 3290738,
        "min": 1611597.625,
        "stdev": 1093334.5
    },
    "spectral_strongpeak": {
        "max": 13.4872970581,
        "mean": 1.37131428719,
        "min": 0.00269396812655,
        "stdev": 2.05827355385
    },
    "zerocrossingrate": {
        "max": 0.17724609375,
        "mean": 0.0589196197689,
        "min": 0.0107421875,
        "stdev": 0.0226361658424
    },
    "barkbands": {
        "max": [0.00599697697908, 0.0650544539094, 0.0264518894255, 0.0120987240225, 0.0160967856646, 0.0117276385427, 0.0141148092225, 0.0127367321402, 0.0145460534841, 0.0476605296135, 0.0429859273136, 0.0754162222147, 0.0492423847318, 0.0151167642325, 0.0446437746286, 0.0204964838922, 0.00455451803282, 0.00165184913203, 0.00760546233505, 0.00128748023417, 0.00134874007199, 0.00231352751143, 0.00173854664899, 0.00295549235307, 0.000167422258528, 8.09170508376e-09, 1.03962047859e-08],
        "mean": [6.60008881823e-05, 0.00272245681845, 0.00144329422619, 0.000374552997528, 0.000664730265271, 0.00044603535207, 0.000356302101864, 0.000491922954097, 0.000826079281978, 0.00128247879911, 0.00183570559602, 0.00347674405202, 0.000878496386576, 0.000451514148153, 0.00062626163708, 0.000370781053789, 0.000170586441527, 0.000111446912342, 0.00020048202714, 6.76073905197e-05, 4.03837912017e-05, 4.4309792429e-05, 5.62409404665e-05, 5.4791180446e-05, 2.71092062576e-06, 1.3290963885e-09, 1.49586576459e-09],
        "min": [5.76937608798e-10, 1.18459340115e-07, 2.31680672869e-07, 7.98603991825e-07, 5.37205642104e-06, 1.83012480193e-06, 5.09370738655e-06, 1.7511505348e-06, 1.47456330524e-06, 9.72057591753e-07, 5.34794844498e-06, 2.36680216403e-06, 1.74141393927e-06, 3.54059943675e-06, 7.50614935896e-06, 9.44176235862e-07, 8.75329646988e-07, 3.19870110843e-07, 4.95040524129e-07, 8.57356781125e-08, 2.82442357502e-07, 2.00986875143e-07, 1.44356533838e-07, 1.08649224728e-07, 3.34450778183e-09, 5.3552873247e-10, 7.13773651295e-10],
        "stdev": [0.00028315660893, 0.00516692455858, 0.00277696736157, 0.000894014723599, 0.00131131650414, 0.000803547387477, 0.000704927602783, 0.00106507970486, 0.00137708848342, 0.00329304602928, 0.00413149874657, 0.008834191598, 0.00360820163041, 0.000976024719421, 0.00307127856649, 0.00116658094339, 0.000320505932905, 0.000169134378666, 0.000504304189235, 0.000124745027279, 8.18835833343e-05, 0.000133580004331, 0.000129194086185, 0.000172231593751, 9.02929605218e-06, 9.33029209449e-10, 9.96646654094e-10]
    },
    "erbbands": {
        "max": [1.44505894184, 15.7029094696, 28.4350528717, 36.1762809753, 69.3245773315, 45.6229438782, 86.7393569946, 125.805480957, 247.634307861, 186.382019043, 348.00592041, 334.788452148, 1268.50805664, 800.512329102, 2072.28759766, 3675.85449219, 2181.08251953, 618.612121582, 2197.50439453, 1347.09643555, 363.201080322, 212.063873291, 91.4636001587, 333.52243042, 178.849655151, 42.3422317505, 43.3314170837, 60.8228607178, 99.6530685425, 63.9892807007, 40.3152122498, 28.7573661804, 84.3743667603, 8.79354190826, 0.219382822514, 0.0131955752149, 0.00155866937712, 0.000277039827779, 8.34426682559e-05, 0.00015538437583],
        "mean": [0.0533060692251, 0.696472883224, 1.79231631756, 1.45589745045, 2.01559090614, 1.97702670097, 1.90232336521, 4.0199341774, 5.8517575264, 5.72637939453, 12.4739189148, 18.2743549347, 40.9540061951, 40.0953712463, 108.34425354, 133.361801147, 46.6545906067, 21.7327136993, 30.5885047913, 27.8685703278, 17.4413375854, 9.43965911865, 6.6684589386, 9.31832122803, 7.69472980499, 3.06440424919, 1.87880671024, 1.55633378029, 1.69490373135, 1.42559671402, 1.53982138634, 0.928700208664, 1.14906287193, 0.135030984879, 0.00347116985358, 0.000226420641411, 3.63773833669e-05, 8.70960047905e-06, 1.08757321868e-05, 2.08283381653e-05],
        "min": [5.39902202945e-06, 6.94291447871e-05, 0.000424090860179, 0.00304981530644, 0.00791723933071, 0.0146607132629, 0.0163621362299, 0.0161652509123, 0.0562352128327, 0.0755417495966, 0.0288171712309, 0.0387320518494, 0.0176136028022, 0.115812830627, 0.190577939153, 0.0870869755745, 0.0842836871743, 0.156620055437, 0.450322926044, 0.132966548204, 0.0628060773015, 0.0468506664038, 0.0169781781733, 0.015812702477, 0.024880701676, 0.00429248064756, 0.00843040458858, 0.0125613128766, 0.00876578316092, 0.00339029426686, 0.00427749194205, 0.00352644803934, 0.00114932446741, 0.000200621041586, 2.48620217462e-05, 5.33002003067e-06, 2.47995626523e-06, 8.83137829533e-07, 6.38100516426e-07, 1.1663026811e-07],
        "stdev": [0.120443321764, 1.30366170406, 3.25721716881, 2.91775417328, 4.41228961945, 3.97274971008, 4.09804153442, 7.45467233658, 11.1229982376, 9.68223762512, 27.8998584747, 31.8577747345, 95.1418533325, 78.5387039185, 230.710632324, 360.238250732, 163.084289551, 37.540802002, 121.431968689, 101.44506073, 37.4023094177, 16.5243473053, 10.4514980316, 21.8618412018, 17.1455535889, 4.64548778534, 2.75583100319, 3.93141937256, 5.43952131271, 4.09924936295, 3.4087228775, 2.03129267693, 4.68196392059, 0.487377822399, 0.0121929552406, 0.0007317084237, 8.86379639269e-05, 1.65197961906e-05, 1.18583284348e-05, 2.34241433645e-05]
    },
    "gfcc": {
        "mean": [-68.9283828735, 130.620834351, -176.547805786, 35.9836044312, -69.9902801514, 25.2266235352, -23.6990146637, -5.51093769073, -0.79060792923, -26.0251502991, 9.01647758484, -20.3965339661, 3.08301305771],
        "cov": [[2176.97583008, 145.980331421, 555.820068359, 367.587646484, 291.000610352, 330.609924316, 218.170761108, 139.506454468, -77.3095321655, 13.0231180191, 139.951187134, 38.4569244385, 13.708486557], [145.980331421, 652.869384766, 308.746673584, 79.4151306152, 327.584472656, -8.83954524994, 200.524871826, 67.0359573364, 64.1601638794, -23.1481132507, 95.1029129028, 5.29457855225, -6.05652284622], [555.820068359, 308.746673584, 1457.03491211, 641.322143555, -6.01322984695, 371.657867432, -147.157394409, 281.451599121, 130.755569458, 114.95350647, 74.3909988403, -56.7470436096, -16.2534732819], [367.587646484, 79.4151306152, 641.322143555, 467.792999268, 37.7452812195, 180.851837158, -52.7248878479, 107.733024597, 57.6433639526, 70.0548400879, 23.8875999451, -19.516576767, -8.8435049057], [291.000610352, 327.584472656, -6.01322984695, 37.7452812195, 380.327941895, 35.1251831055, 216.333053589, 29.1200637817, -22.1331481934, -32.9202041626, 81.8200302124, 42.0703582764, 15.7002515793], [330.609924316, -8.83954524994, 371.657867432, 180.851837158, 35.1251831055, 225.189483643, 20.5914821625, 92.3017120361, 11.8451461792, 21.4141407013, 40.9150009155, 19.086730957, 2.81670451164], [218.170761108, 200.524871826, -147.157394409, -52.7248878479, 216.333053589, 20.5914821625, 334.682891846, 21.5042934418, -2.07809281349, -44.8305969238, 38.7490196228, 65.3763885498, 14.0948495865], [139.506454468, 67.0359573364, 281.451599121, 107.733024597, 29.1200637817, 92.3017120361, 21.5042934418, 132.76612854, 48.156993866, 29.654302597, 25.5547599792, -7.19232749939, 10.3632850647], [-77.3095321655, 64.1601638794, 130.755569458, 57.6433639526, -22.1331481934, 11.8451461792, -2.07809281349, 48.156993866, 120.111495972, 44.3955879211, -0.420764058828, -16.0434017181, -3.84212374687], [13.0231180191, -23.1481132507, 114.95350647, 70.0548400879, -32.9202041626, 21.4141407013, -44.8305969238, 29.654302597, 44.3955879211, 75.9571228027, 17.2735500336, -14.114405632, 1.86516964436], [139.951187134, 95.1029129028, 74.3909988403, 23.8875999451, 81.8200302124, 40.9150009155, 38.7490196228, 25.5547599792, -0.420764058828, 17.2735500336, 87.2754058838, 38.301235199, 0.157652929425], [38.4569244385, 5.29457855225, -56.7470436096, -19.516576767, 42.0703582764, 19.086730957, 65.3763885498, -7.19232749939, -16.0434017181, -14.114405632, 38.301235199, 72.8033370972, 23.0862903595], [13.708486557, -6.05652284622, -16.2534732819, -8.8435049057, 15.7002515793, 2.81670451164, 14.0948495865, 10.3632850647, -3.84212374687, 1.86516964436, 0.157652929425, 23.0862903595, 52.4451637268]],
        "icov": [[0.000810346216895, 0.000590439536609, -0.000321763276588, -0.000360798090696, -0.000294488592772, -0.000274473160971, -0.000917477940675, 0.000388965680031, 0.000530433724634, 0.000503309827764, -0.00167222775053, 0.00160610955209, -0.000712590757757], [0.000590439536609, 0.0120190596208, -0.00789321959019, 0.00345609895885, -0.00775848608464, 0.00998703297228, -0.00569468038157, 0.0057101403363, -0.00582931190729, 0.00740039721131, -0.00930930767208, 0.00685075018555, -0.00211935117841], [-0.000321763276588, -0.00789321959019, 0.00860180333257, -0.00543132051826, 0.00578089989722, -0.00855164695531, 0.00470369542018, -0.0067260437645, 0.00272800819948, -0.0026795824524, 0.00306164845824, -0.00177112489473, 0.000781766313594], [-0.000360798090696, 0.00345609895885, -0.00543132051826, 0.00834466144443, -0.00456149503589, 0.00232971203513, -0.000714032328688, 0.00320656225085, -0.00169882620685, -0.00294476305135, 0.00336308754049, -0.00244235014543, 0.00206128298305], [-0.000294488592772, -0.00775848608464, 0.00578089989722, -0.00456149503589, 0.0117125026882, -0.0060412324965, -0.000310600618832, -0.00330305378884, 0.00425182888284, -0.000515844847541, -0.00242792069912, 0.00173118733801, -0.00266721635126], [-0.000274473160971, 0.00998703297228, -0.00855164695531, 0.00232971203513, -0.0060412324965, 0.0190449766815, -0.00517564592883, 0.00151573342737, -0.00302543002181, 0.00557175744325, -0.00650788424537, 0.000429170264397, 0.000255631224718], [-0.000917477940675, -0.00569468038157, 0.00470369542018, -0.000714032328688, -0.000310600618832, -0.00517564592883, 0.0103093124926, -0.00564445788041, 0.000323311949614, -0.00258500268683, 0.00864880997688, -0.0102252010256, 0.0042258980684], [0.000388965680031, 0.0057101403363, -0.0067260437645, 0.00320656225085, -0.00330305378884, 0.00151573342737, -0.00564445788041, 0.0206607673317, -0.00628400733694, 0.0029717925936, -0.00779249100015, 0.00920349732041, -0.0072382655926], [0.000530433724634, -0.00582931190729, 0.00272800819948, -0.00169882620685, 0.00425182888284, -0.00302543002181, 0.000323311949614, -0.00628400733694, 0.0170544497669, -0.0113492310047, 0.00671950774267, -0.0037064559292, 0.00305604189634], [0.000503309827764, 0.00740039721131, -0.0026795824524, -0.00294476305135, -0.000515844847541, 0.00557175744325, -0.00258500268683, 0.0029717925936, -0.0113492310047, 0.0320604853332, -0.0207543689758, 0.0153557136655, -0.00931008160114], [-0.00167222775053, -0.00930930767208, 0.00306164845824, 0.00336308754049, -0.00242792069912, -0.00650788424537, 0.00864880997688, -0.00779249100015, 0.00671950774267, -0.0207543689758, 0.0418150648475, -0.0300339795649, 0.0154953459278], [0.00160610955209, 0.00685075018555, -0.00177112489473, -0.00244235014543, 0.00173118733801, 0.000429170264397, -0.0102252010256, 0.00920349732041, -0.0037064559292, 0.0153557136655, -0.0300339795649, 0.0436855629086, -0.0201589707285], [-0.000712590757757, -0.00211935117841, 0.000781766313594, 0.00206128298305, -0.00266721635126, 0.000255631224718, 0.0042258980684, -0.0072382655926, 0.00305604189634, -0.00931008160114, 0.0154953459278, -0.0201589707285, 0.0300605855882]]
    },
    "melbands": {
        "max": [0.0165652688593, 0.0128765441477, 0.00565876625478, 0.00392389809713, 0.00247048516758, 0.00256288261153, 0.00345436111093, 0.00180144060869, 0.00264599756338, 0.00233515258878, 0.00686854729429, 0.00367545336485, 0.00603154068813, 0.00949616637081, 0.0126916226, 0.00235710199922, 0.0013595543569, 0.00289128534496, 0.00401844969019, 0.0019518219633, 0.000559506181162, 0.000275810220046, 0.000112613117381, 0.0001246308384, 0.000311101612169, 0.00031294990913, 8.79230719875e-05, 2.68772437266e-05, 3.09257957269e-05, 5.14957682753e-05, 3.28095193254e-05, 5.70023694308e-05, 4.47141464974e-05, 3.80988058168e-05, 2.72422839771e-05, 2.43840495386e-05, 1.53693672473e-05, 5.27589400008e-05, 4.17873561673e-05, 3.92073587818e-07],
        "mean": [0.000635758857243, 0.000925636151806, 0.000269154057605, 0.000151373125846, 6.80532175465e-05, 9.36081487453e-05, 8.58829298522e-05, 6.63485334371e-05, 0.000100388846477, 0.000122282814118, 0.000208325654967, 0.000152666179929, 0.00029578039539, 0.00043355251546, 0.000226942065638, 5.05196658196e-05, 3.92706315324e-05, 4.60098344774e-05, 4.9266298447e-05, 2.91411652142e-05, 1.8773102056e-05, 1.04801574707e-05, 6.16782836005e-06, 5.43043324797e-06, 7.96425501903e-06, 6.93686888553e-06, 3.79016569241e-06, 1.64778646194e-06, 1.2452660485e-06, 9.42178132846e-07, 8.5868464339e-07, 9.97319375529e-07, 7.87526630575e-07, 7.95185030711e-07, 7.94955099082e-07, 9.70401970335e-07, 4.03364879276e-07, 8.19883041459e-07, 5.05293201059e-07, 9.67741442537e-09],
        "min": [3.49637261365e-08, 2.2805812705e-07, 7.50188860366e-07, 1.03832314835e-06, 6.47253784791e-07, 3.76017339931e-07, 9.25250049022e-07, 7.51728123305e-07, 2.08757001019e-07, 2.33849718256e-07, 7.1166269322e-08, 4.17275032305e-07, 7.16028068837e-07, 2.90758549681e-07, 1.74539124487e-07, 2.20337398105e-07, 2.71291526133e-07, 6.96201595929e-07, 4.41326449163e-07, 5.56341426261e-08, 7.34995637686e-08, 5.79519046084e-08, 1.70274088163e-08, 1.3750719674e-08, 1.12552980269e-08, 2.43146498491e-08, 6.98079771766e-09, 1.88034698922e-09, 6.27133189823e-09, 3.11851278134e-09, 9.35100707977e-09, 4.34023661455e-09, 4.31321023342e-09, 1.07047504194e-09, 1.95337768183e-09, 3.84936127418e-09, 1.47874779088e-09, 7.16055381655e-10, 6.63587296224e-10, 1.86270963931e-11],
        "stdev": [0.00126957381144, 0.00155556981917, 0.000494181469548, 0.000319182145176, 0.000133389577968, 0.000167766265804, 0.000161293588462, 0.000108182539407, 0.000213408391573, 0.000219295965508, 0.000500277266838, 0.000325685949065, 0.000631420698483, 0.00107551563997, 0.000828415621072, 0.000152349006385, 7.46311270632e-05, 0.00016120361397, 0.00025449754321, 0.000112375644676, 4.40311341663e-05, 2.04692605621e-05, 1.00385777841e-05, 9.31258455239e-06, 2.00521335501e-05, 1.93587366084e-05, 9.31906924961e-06, 2.30529440159e-06, 1.86889462839e-06, 2.29180045608e-06, 2.1959924652e-06, 3.26851500176e-06, 2.47085426963e-06, 2.39544829128e-06, 1.85571695965e-06, 2.40680606112e-06, 1.01075022485e-06, 3.07339564642e-06, 2.19524326894e-06, 3.04882377122e-08]
    },
    "melbands128": {
        "max": [0.00483930017799, 0.0121442293748, 0.0278976354748, 0.0259872451425, 0.0174471177161, 0.0109462626278, 0.00853703916073, 0.00531658157706, 0.0092557054013, 0.00575815001503, 0.00319803413004, 0.00147949217353, 0.00348062999547, 0.00339202978648, 0.00309840263799, 0.00388432340696, 0.00457581831142, 0.00444933352992, 0.0036769346334, 0.0022871021647, 0.00103969033808, 0.00307480944321, 0.00445059174672, 0.00174086086918, 0.00301309721544, 0.00463151698932, 0.00531774619594, 0.00899063237011, 0.0120689505711, 0.00674622599036, 0.00494099454954, 0.00657770317048, 0.00652039051056, 0.0129216648638, 0.0141475098208, 0.0177515875548, 0.0164141580462, 0.0242046564817, 0.0145781664178, 0.00506275566295, 0.000858864921611, 0.000868509872817, 0.00252345344052, 0.0015647293767, 0.0029898614157, 0.00276495236903, 0.011128124781, 0.00961627438664, 0.00139996851794, 0.00484376214445, 0.00311533291824, 0.00151114666369, 0.000665881787427, 0.000789392739534, 0.000640983053017, 0.000352224305971, 0.000158586306497, 0.000219719513552, 0.00014074597857, 0.000210270794923, 0.000269759184448, 5.76329184696e-05, 0.0002018820378, 0.000463748438051, 0.00109616201371, 0.000326344743371, 0.000148662758875, 0.000253134203376, 0.000153400542331, 6.34145835647e-05, 3.96784271288e-05, 3.09706811095e-05, 2.78175175481e-05, 6.25377142569e-05, 3.30765324179e-05, 2.55508257396e-05, 0.0001316331618, 3.66453532479e-05, 4.29245083069e-05, 2.74305839412e-05, 3.83851875085e-05, 0.000108514395833, 4.73169820907e-05, 3.42674138665e-05, 4.40400799562e-05, 4.00519456889e-05, 5.86468959227e-05, 5.57547973585e-05, 2.84615434794e-05, 2.8207725336e-05, 5.03957235196e-05, 4.26805818279e-05, 3.54698495357e-05, 1.23537693071e-05, 1.28865067381e-05, 1.66488407558e-05, 4.0459788579e-05, 0.000183301686775, 1.88597368833e-05, 6.53041615806e-06, 4.57277131716e-08, 2.96534241606e-09, 1.56904000903e-09, 8.38176583695e-10, 4.16635004274e-10, 2.29365498816e-10, 2.31493602065e-10, 6.13541439876e-11, 5.6223758288e-11, 5.45489660386e-11, 4.9938525537e-11, 5.04039275595e-11, 4.63209748336e-11, 4.57561072364e-11, 4.8401581354e-11, 4.27873847464e-11, 4.20522575095e-11, 4.55012381939e-11, 4.142021795e-11, 4.51293516446e-11, 4.20032897352e-11, 5.13014804249e-11, 5.32770737249e-11, 4.14483239397e-11, 4.40525602108e-11, 4.50789475193e-11, 4.38586597595e-11, 4.34890561063e-11],
        "mean": [5.41084045835e-05, 0.000298797327559, 0.000894528406207, 0.00125274120364, 0.00107482192107, 0.000621129991487, 0.000291603733785, 0.00016538258933, 0.000222388844122, 0.000173436768819, 9.47322623688e-05, 7.14599518687e-05, 6.19643251412e-05, 5.98806509515e-05, 7.50710314605e-05, 0.000130216445541, 0.00012324473937, 6.8041474151e-05, 5.24614297319e-05, 6.37931807432e-05, 6.21267026872e-05, 0.000100742327049, 0.000125690057757, 6.72012392897e-05, 0.000103430196759, 0.000135913127451, 0.000183927535545, 0.000234591178014, 0.000223941431614, 0.000138110568514, 0.000118370269774, 0.000192055289517, 0.000254690210568, 0.000427085265983, 0.000451934145531, 0.000482899078634, 0.000318795646308, 0.000245096918661, 0.000161477350048, 5.52246929146e-05, 2.86061513179e-05, 3.07185473503e-05, 4.15301838075e-05, 4.12804183725e-05, 4.24134013883e-05, 3.43807587342e-05, 6.45738182357e-05, 6.7969711381e-05, 2.69973879767e-05, 4.09423882957e-05, 2.72410161415e-05, 2.25575477089e-05, 1.92633015104e-05, 1.82077910722e-05, 1.3920791389e-05, 1.04668215499e-05, 6.67066615279e-06, 6.35656579107e-06, 5.87981230638e-06, 6.04240676694e-06, 5.87836802879e-06, 4.16143939219e-06, 5.99899703957e-06, 9.19312969927e-06, 1.14037957246e-05, 6.06448429608e-06, 4.75437900604e-06, 6.07979336564e-06, 2.97037081509e-06, 1.86268187008e-06, 1.63244214946e-06, 1.51384040237e-06, 1.46236027376e-06, 1.23733457258e-06, 9.75866441877e-07, 7.97156758381e-07, 1.13501118904e-06, 8.33901651731e-07, 8.20354273401e-07, 8.29668749702e-07, 9.31598549414e-07, 1.22302981254e-06, 8.43749262458e-07, 7.12982114237e-07, 7.16955753433e-07, 8.49840319006e-07, 8.59956003296e-07, 6.36732806925e-07, 6.69308235501e-07, 8.60273473791e-07, 1.49905952185e-06, 8.30605870306e-07, 4.80146411519e-07, 3.48703395048e-07, 3.93525198206e-07, 4.52439792298e-07, 8.22757044716e-07, 1.61063667292e-06, 3.73906573259e-07, 1.27064012645e-07, 1.19230769702e-09, 2.78299067819e-11, 1.44191984741e-11, 1.16498460184e-11, 1.08911985333e-11, 1.14938614182e-11, 1.12970631114e-11, 9.31369044388e-12, 8.8188302147e-12, 8.6060316859e-12, 8.64726085875e-12, 8.35779535857e-12, 7.73120803488e-12, 7.43397010616e-12, 7.35805340268e-12, 7.34693555993e-12, 7.20615147415e-12, 7.14113186986e-12, 7.16038036155e-12, 7.0524181113e-12, 6.83313778824e-12, 6.76788963413e-12, 6.88547613023e-12, 6.62636005094e-12, 5.4536141228e-12, 3.31364428084e-12, 2.17773151942e-12, 2.01000023917e-12],
        "min": [4.77371683849e-11, 8.26301871371e-09, 7.543575542e-09, 2.9618789199e-08, 1.02494553289e-07, 9.41459603609e-08, 1.06310146464e-07, 2.62931564521e-07, 2.82240080196e-07, 1.37708070724e-07, 2.77306668295e-07, 3.95988962509e-07, 2.30038867954e-08, 3.53601024017e-07, 2.81218973441e-07, 3.3192986848e-07, 4.35061195958e-07, 3.40763051554e-07, 2.5990021868e-07, 3.78955974156e-07, 5.19199829796e-07, 2.60842966782e-07, 1.08927693532e-07, 2.12888338069e-07, 3.27338995021e-07, 2.32937281908e-07, 5.98238401039e-08, 3.4335769783e-08, 8.38270679537e-08, 1.94975967815e-07, 1.75503629407e-07, 5.20754156241e-07, 7.60404191169e-07, 3.90150830754e-07, 3.46354653402e-07, 1.58537403649e-07, 2.3410466099e-07, 2.19142933133e-07, 7.45750270426e-08, 1.9173522503e-07, 2.46696970407e-07, 2.66484107669e-07, 3.25752893104e-07, 1.73209031118e-07, 1.87309993294e-07, 3.32832911454e-07, 3.31481260218e-07, 1.48584049953e-07, 1.00063253683e-07, 5.63365496475e-08, 3.2328628663e-08, 8.49372057132e-08, 7.16300121439e-08, 6.95299533504e-08, 8.11354254893e-08, 6.44906350544e-08, 3.58876768303e-08, 7.00082525285e-09, 2.14724664716e-08, 1.15945386625e-08, 1.04584767513e-08, 2.03601153714e-08, 6.83048773098e-09, 7.52353823685e-09, 1.74924235097e-08, 3.21504423084e-08, 2.48918858858e-08, 1.17745653228e-08, 2.13276285521e-09, 6.66310284725e-10, 1.38851219411e-09, 1.03803532436e-09, 8.06805555698e-09, 6.85079282192e-09, 5.15728393324e-09, 2.54676169043e-09, 1.64551072768e-09, 6.37867714204e-09, 8.1345392644e-09, 4.62552884883e-09, 3.47557094216e-09, 4.24776525065e-09, 5.08313080516e-09, 5.76029668409e-09, 1.23520838002e-09, 7.83492715151e-10, 4.27573976225e-10, 2.75679479245e-09, 1.24189192263e-09, 1.4645540336e-09, 5.64575941553e-09, 3.84884035753e-09, 2.45431097667e-09, 1.65127356233e-09, 5.84220449795e-10, 9.09704978014e-10, 4.2476500095e-10, 8.67187044395e-10, 6.84566348053e-10, 8.13773007313e-11, 5.10311801497e-12, 1.96325572986e-12, 1.67679119287e-12, 2.25998711932e-12, 1.55965442384e-12, 1.73283121793e-12, 1.66291015246e-12, 1.79391484306e-12, 1.78552333509e-12, 1.70164327507e-12, 2.19053724812e-12, 1.89552128334e-12, 1.90462229321e-12, 1.97761512027e-12, 1.87469441013e-12, 2.00207081816e-12, 1.80732132819e-12, 2.08758834871e-12, 1.64453422668e-12, 2.20051125759e-12, 2.01082488334e-12, 2.47757348491e-12, 2.20930543825e-12, 2.34679354942e-12, 1.13898994403e-12, 6.82412134613e-13, 7.82532811336e-14, 2.17556346744e-15],
        "stdev": [0.000234592866036, 0.000881915329956, 0.0019892801065, 0.00236905761994, 0.00198419531807, 0.00120519602206, 0.000653750437777, 0.000399187585572, 0.00054279784672, 0.000457772403024, 0.000211397389648, 0.000138030431117, 0.000155729270773, 0.000163048447575, 0.000177738125785, 0.000244447292062, 0.000241169313085, 0.00018151756376, 0.00013882908388, 0.00012635801977, 0.000101697369246, 0.000263193709543, 0.000332015770255, 0.000126750950585, 0.000232012476772, 0.00036555994302, 0.000418050272856, 0.000696397270076, 0.000761881354265, 0.000416332972236, 0.000297964870697, 0.000556555925868, 0.000643229985144, 0.00119426369201, 0.00130322575569, 0.00157135608606, 0.00115991116036, 0.00127996108495, 0.000825694995001, 0.000237029031268, 6.4071828092e-05, 6.07781112194e-05, 0.000108099273348, 0.000105089435237, 0.000170171333593, 0.000131967346533, 0.000459003611468, 0.000544246751815, 8.50398209877e-05, 0.000248499214649, 0.000139660172863, 7.87275857874e-05, 5.33321835974e-05, 5.63626854273e-05, 3.52455026587e-05, 2.84777979687e-05, 1.25837550513e-05, 1.32039558594e-05, 1.28552355818e-05, 1.39603807838e-05, 1.55076722876e-05, 6.0588672568e-06, 1.33808780447e-05, 2.63431338681e-05, 5.90411218582e-05, 1.88672001968e-05, 1.2623458133e-05, 2.09157424251e-05, 9.35303887672e-06, 3.73359807782e-06, 2.92685535896e-06, 2.58935187958e-06, 2.6853183499e-06, 2.66373535851e-06, 1.80950894446e-06, 1.64727043739e-06, 4.90093862027e-06, 2.27446639656e-06, 2.34855724557e-06, 2.10219786823e-06, 2.89534500553e-06, 5.11782172907e-06, 2.7547771424e-06, 2.36459845837e-06, 2.26279053095e-06, 2.53916527981e-06, 2.96834241453e-06, 2.28725230045e-06, 1.70183170667e-06, 2.03941203836e-06, 4.37749122284e-06, 2.80587096313e-06, 1.43816782838e-06, 9.45827594023e-07, 1.14344356916e-06, 1.1243461131e-06, 2.82347878056e-06, 9.63673028309e-06, 1.24428390791e-06, 4.05001287618e-07, 3.79221676283e-09, 1.6435726391e-10, 5.65829952337e-11, 2.80525203761e-11, 1.53943628678e-11, 1.27491723775e-11, 1.20089545946e-11, 7.32530876235e-12, 6.83637174648e-12, 6.4736874715e-12, 6.21813061111e-12, 5.976272862e-12, 5.64143653667e-12, 5.41217721681e-12, 5.33801475244e-12, 5.1213000854e-12, 4.96662693611e-12, 4.76152277329e-12, 4.62980782184e-12, 4.56582818428e-12, 4.4144713926e-12, 4.4172439144e-12, 4.33113571049e-12, 4.17820248885e-12, 4.09590720715e-12, 3.99624083824e-12, 3.94780605775e-12, 3.92554001458e-12]
    },
    "mfcc": {
        "mean": [-680.412109375, 132.806716919, -31.0478649139, 4.5215473175, -8.6016960144, 11.3300848007, -3.2941429615, 16.462392807, -8.08748626709, 11.898850441, -10.0356397629, 4.8732585907, -5.95811367035],
        "cov": [[1900.98388672, -51.1887016296, 117.326393127, 145.267288208, 109.079841614, 197.464508057, 327.430938721, 152.650863647, 30.7028408051, -25.2882423401, -4.64009237289, 45.8031311035, 162.914489746], [-51.1887016296, 742.87109375, -94.3896408081, 140.118560791, 101.672744751, 21.8854961395, 174.102828979, 133.847839355, 16.9599742889, 60.5166130066, -2.06654047966, 46.5021247864, 90.1756820679], [117.326393127, -94.3896408081, 1448.07202148, 305.276733398, 415.134246826, 86.1306381226, -20.6724720001, 34.9425849915, 87.60912323, 179.161880493, 126.756629944, 138.834411621, -51.9321327209], [145.267288208, 140.118560791, 305.276733398, 283.944702148, 163.392364502, 77.4883346558, 74.1837615967, 52.6958694458, 47.4372138977, 58.9855079651, 48.0656204224, 39.6170539856, 43.1010360718], [109.079841614, 101.672744751, 415.134246826, 163.392364502, 298.35043335, 50.4683647156, 72.6651763916, 21.1286811829, 26.1557254791, 53.2975540161, 30.5236663818, 65.7534255981, 31.2206134796], [197.464508057, 21.8854961395, 86.1306381226, 77.4883346558, 50.4683647156, 132.282272339, 86.3360519409, 72.1378707886, 14.8003530502, 7.20448446274, 11.7065544128, 27.0018558502, 39.5696754456], [327.430938721, 174.102828979, -20.6724720001, 74.1837615967, 72.6651763916, 86.3360519409, 256.420776367, 128.211700439, 32.4893722534, -18.0794563293, -4.69897508621, 12.293346405, 96.3752975464], [152.650863647, 133.847839355, 34.9425849915, 52.6958694458, 21.1286811829, 72.1378707886, 128.211700439, 166.380844116, 39.0849227905, 17.014541626, -0.538055002689, 23.7950057983, 58.150604248], [30.7028408051, 16.9599742889, 87.60912323, 47.4372138977, 26.1557254791, 14.8003530502, 32.4893722534, 39.0849227905, 102.275756836, 31.2254333496, 28.1192779541, -8.07454776764, 7.52707576752], [-25.2882423401, 60.5166130066, 179.161880493, 58.9855079651, 53.2975540161, 7.20448446274, -18.0794563293, 17.014541626, 31.2254333496, 118.759544373, 38.9224243164, 25.7927455902, -20.9867305756], [-4.64009237289, -2.06654047966, 126.756629944, 48.0656204224, 30.5236663818, 11.7065544128, -4.69897508621, -0.538055002689, 28.1192779541, 38.9224243164, 85.3474807739, 17.7604923248, -9.16643333435], [45.8031311035, 46.5021247864, 138.834411621, 39.6170539856, 65.7534255981, 27.0018558502, 12.293346405, 23.7950057983, -8.07454776764, 25.7927455902, 17.7604923248, 103.527557373, 33.2106819153], [162.914489746, 90.1756820679, -51.9321327209, 43.1010360718, 31.2206134796, 39.5696754456, 96.3752975464, 58.150604248, 7.52707576752, -20.9867305756, -9.16643333435, 33.2106819153, 124.603981018]],
        "icov": [[0.000793246319517, 0.000376222684281, -2.84448833554e-05, -0.000202351715416, 0.000134356465423, -0.000439725408796, -0.00107098231092, 0.000189717975445, 0.000157449772814, -0.000260684551904, 0.000210287689697, -0.000118142772408, -0.000411935645388], [0.000376222684281, 0.00255180685781, 0.000742339412682, -0.00128565717023, -0.000747946032789, 0.00147886632476, -0.00147506699432, -0.00139983894769, 0.000776312954258, -0.00165354146156, 0.000315418175887, -0.000755968620069, -0.000173287742655], [-2.84448833554e-05, 0.000742339412682, 0.00189201580361, -0.000845293165185, -0.00212871469557, 0.000224191389862, 0.00053496658802, -0.00104760506656, -0.000333298026817, -0.000859857362229, -0.000686388637405, -0.0011595269898, 0.00125206727535], [-0.000202351715416, -0.00128565717023, -0.000845293165185, 0.00734808808193, -0.00188320467714, -0.00287468242459, 0.000780006696004, 0.000666886742692, -0.00111872341949, -0.000527137774043, -0.00172980315983, 0.00160882715136, -0.00180607230868], [0.000134356465423, -0.000747946032789, -0.00212871469557, -0.00188320467714, 0.00846788845956, -0.000287678733002, -0.00294134602882, 0.00340983923525, -0.000146125865285, -0.000361046462785, 0.00161518435925, -0.0018757841317, -0.000650050467812], [-0.000439725408796, 0.00147886632476, 0.000224191389862, -0.00287468242459, -0.000287678733002, 0.0135106192902, -0.00213833083399, -0.00436164019629, 0.00150260562077, 0.000136474889587, -0.000767834775615, -0.00166275864467, 0.000382382044336], [-0.00107098231092, -0.00147506699432, 0.00053496658802, 0.000780006696004, -0.00294134602882, -0.00213833083399, 0.0114993806928, -0.00518996920437, -0.000947141379584, 0.00281352153979, -0.00124017929193, 0.00275112735108, -0.00292859924957], [0.000189717975445, -0.00139983894769, -0.00104760506656, 0.000666886742692, 0.00340983923525, -0.00436164019629, -0.00518996920437, 0.0141807096079, -0.00339634646662, -0.00189724517986, 0.00253115291707, -0.00174134888221, -0.00143931398634], [0.000157449772814, 0.000776312954258, -0.000333298026817, -0.00111872341949, -0.000146125865285, 0.00150260562077, -0.000947141379584, -0.00339634646662, 0.0139143085107, -0.0025441206526, -0.00339770154096, 0.00372279505245, -0.00115380890202], [-0.000260684551904, -0.00165354146156, -0.000859857362229, -0.000527137774043, -0.000361046462785, 0.000136474889587, 0.00281352153979, -0.00189724517986, -0.0025441206526, 0.0141943739727, -0.00322607508861, -0.0015863099834, 0.00284776161425], [0.000210287689697, 0.000315418175887, -0.000686388637405, -0.00172980315983, 0.00161518435925, -0.000767834775615, -0.00124017929193, 0.00253115291707, -0.00339770154096, -0.00322607508861, 0.0164188221097, -0.00249892869033, 0.000961946556345], [-0.000118142772408, -0.000755968620069, -0.0011595269898, 0.00160882715136, -0.0018757841317, -0.00166275864467, 0.00275112735108, -0.00174134888221, 0.00372279505245, -0.0015863099834, -0.00249892869033, 0.015560795553, -0.0054787020199], [-0.000411935645388, -0.000173287742655, 0.00125206727535, -0.00180607230868, -0.000650050467812, 0.000382382044336, -0.00292859924957, -0.00143931398634, -0.00115380890202, 0.00284776161425, 0.000961946556345, -0.0054787020199, 0.0148946093395]]
    },
    "spectral_contrast_coeffs": {
        "max": [-0.536746919155, -0.573315620422, -0.534578919411, -0.613853335381, -0.643926978111, -0.559531450272],
        "mean": [-0.752133727074, -0.8118262887, -0.766168951988, -0.810839891434, -0.805466532707, -0.724849760532],
        "min": [-0.886500298977, -0.931316256523, -0.907914817333, -0.90188151598, -0.878276288509, -0.823713421822],
        "stdev": [0.055058632046, 0.0503352843225, 0.0726066157222, 0.0470751710236, 0.0378381498158, 0.0268484391272]
    },
    "spectral_contrast_valleys": {
        "max": [-5.23820829391, -4.84200000763, -5.06192350388, -6.1232881546, -6.4500579834, -8.86828422546],
        "mean": [-7.40179109573, -6.76020479202, -6.94368505478, -7.37271976471, -7.85738611221, -11.3885536194],
        "min": [-10.0581035614, -8.82792949677, -9.26623821259, -9.18359184265, -10.2922697067, -13.028719902],
        "stdev": [0.96773993969, 0.44642624259, 0.655135214329, 0.494044840336, 0.4516736269, 0.671175539494]
    }
},
"rhythm": {
    "beats_count": 66,
    "beats_loudness": {
        "max": 0.0882176533341,
        "mean": 0.0210953652859,
        "min": 0.000959001539741,
        "stdev": 0.0198474619538
    },
    "bpm": 123.804931641,
    "bpm_histogram_first_peak_bpm": 123,
    "bpm_histogram_first_peak_weight": 0.361111104488,
    "bpm_histogram_second_peak_bpm": 136,
    "bpm_histogram_second_peak_spread": 0.294117689133,
    "bpm_histogram_second_peak_weight": 0.184615388513,
    "danceability": 0.816538333893,
    "onset_rate": 1.78417956829,
    "beats_loudness_band_ratio": {
        "max": [0.903459250927, 0.438155144453, 0.938503742218, 0.826580345631, 0.468737185001, 0.44082018733],
        "mean": [0.354209840298, 0.0812681764364, 0.166402116418, 0.299295276403, 0.1013135463, 0.0335518680513],
        "min": [0.001406737254, 0.00333080813289, 0.0132160848007, 0.010830658488, 0.00405210116878, 0.00156227336265],
        "stdev": [0.324433207512, 0.0826273113489, 0.162986263633, 0.252349406481, 0.118793226779, 0.0563600435853]
    },
    "beats_position": [0.441179126501, 0.893968224525, 1.369977355, 1.84598636627, 2.33360528946, 2.82122445107, 3.29723358154, 3.78485250473, 4.27247142792, 4.76009082794, 5.24770975113, 5.73532867432, 6.2229475975, 6.6989569664, 7.17496585846, 7.66258478165, 8.13859367371, 8.6146030426, 9.10222244263, 9.58984088898, 10.077460289, 10.5650787354, 11.0526981354, 11.5403175354, 12.0163259506, 12.5039453506, 12.9799547195, 13.4675731659, 13.9551925659, 14.4312019348, 14.90721035, 15.3948297501, 15.8824491501, 16.3700675964, 16.8576869965, 17.3453063965, 17.8445339203, 18.3553733826, 18.8546028137, 19.4002723694, 19.9459400177, 20.4683895111, 21.0140590668, 21.5597267151, 22.1053962708, 22.6510658264, 23.1967334747, 23.7540130615, 24.2764625549, 24.8105201721, 25.2633094788, 25.7044887543, 26.1456680298, 26.5984573364, 27.0396366119, 27.4924259186, 27.9336051941, 28.3747844696, 28.8159637451, 29.2571430206, 29.6983222961, 30.1394996643, 30.5806789398, 31.0334682465, 31.474647522, 31.9158267975],
