{
"metadata": {
    "version": {
        "essentia": "2.1-beta5",
        "essentia_git_sha": "Undefined",
        "extractor": "music 2.0"
    },
    "audio_properties": {
        "analysis": {
            "equal_loudness": 0,
            "length": 48.7502937317,
            "sample_rate": 44100,
            "start_time": 29.0017242432,
            "downmix": "mix"
        },
        "bit_rate": 192000,
        "length": 241.661682129,
        "lossless": 0,
        "number_channels": 2,
        "replay_gain": 3.17029380798,
        "sample_rate": 48000,
        "codec": "mp3",
        "md5_encoded": "d9904f7493feed866c2475237ecd8b85"
    },
    "tags": {
        "file_name": "Belgium_Me And My Guitar_Tom Dice.mp3",
        "encoding": ["Lavf58.29.100"]
    }
},
"lowlevel": {
    "average_loudness": 0.583714425564,
    "barkbands_crest": {
        "max": 25.8082466125,
        "mean": 10.2875585556,
        "min": 2.57056045532,
        "stdev": 5.22708511353
    },
    "barkbands_flatness_db": {
        "max": 0.427778631449,
        "mean": 0.195780396461,
        "min": 0.0774737372994,
        "stdev": 0.0628521069884
    },
    "barkbands_kurtosis": {
        "max": 75.7264938354,
        "mean": 6.27550506592,
        "min": -1.93591272831,
        "stdev": 11.0746469498
    },
    "barkbands_skewness": {
        "max": 8.24108886719,
        "mean": 1.45511376858,
        "min": -3.14603900909,
        "stdev": 1.65852475166
    },
    "barkbands_spread": {
        "max": 78.376953125,
        "mean": 15.7503662109,
        "min": 1.00816953182,
        "stdev": 12.3956613541
    },
    "dissonance": {
        "max": 0.500000059605,
        "mean": 0.451698094606,
        "min": 0.25385221839,
        "stdev": 0.0432576090097
    },
    "dynamic_complexity": 5.32018947601,
    "erbbands_crest": {
        "max": 26.1336040497,
        "mean": 9.90225982666,
        "min": 2.87336707115,
        "stdev": 4.38128471375
    },
    "erbbands_flatness_db": {
        "max": 0.355545699596,
        "mean": 0.231549203396,
        "min": 0.1148327142,
        "stdev": 0.0429757647216
    },
    "erbbands_kurtosis": {
        "max": 33.4563446045,
        "mean": 1.48275208473,
        "min": -1.82522404194,
        "stdev": 3.30919075012
    },
    "erbbands_skewness": {
        "max": 4.56402730942,
        "mean": 0.522967815399,
        "min": -4.7605547905,
        "stdev": 1.03054893017
    },
    "erbbands_spread": {
        "max": 131.652420044,
        "mean": 27.570520401,
        "min": 3.59384155273,
        "stdev": 17.3465175629
    },
    "hfc": {
        "max": 142.008956909,
        "mean": 10.1019477844,
        "min": 0.0345217809081,
        "stdev": 17.3474693298
    },
    "loudness_ebu128": {
        "integrated": -28.8874664307,
        "loudness_range": 6.35840988159,
        "momentary": {
            "max": -21.5002975464,
            "mean": -31.5122261047,
            "min": -48.8490066528,
            "stdev": 4.92121315002
        },
        "short_term": {
            "max": -25.9494571686,
            "mean": -29.8689994812,
            "min": -35.7132415771,
            "stdev": 2.16549777985
        }
    },
    "melbands_crest": {
        "max": 30.2952327728,
        "mean": 13.6832284927,
        "min": 2.9910094738,
        "stdev": 6.28112649918
    },
    "melbands_flatness_db": {
        "max": 0.515205264091,
        "mean": 0.214395359159,
        "min": 0.0425725989044,
        "stdev": 0.08838352561
    },
    "melbands_kurtosis": {
        "max": 174.84513855,
        "mean": 12.9866313934,
        "min": -1.91523098946,
        "stdev": 20.1121368408
    },
    "melbands_skewness": {
        "max": 10.9224472046,
        "mean": 2.18648982048,
        "min": -0.890397071838,
        "stdev": 1.93346846104
    },
    "melbands_spread": {
        "max": 217.890274048,
        "mean": 23.8254394531,
        "min": 1.08723926544,
        "stdev": 26.7470436096
    },
    "pitch_salience": {
        "max": 0.893137574196,
        "mean": 0.594945073128,
        "min": 0.168685853481,
        "stdev": 0.144727811217
    },
    "silence_rate_20dB": {
        "max": 1,
        "mean": 1,
        "min": 1,
        "stdev": 0
    },
    "silence_rate_30dB": {
        "max": 1,
        "mean": 0.987149000168,
        "min": 0,
        "stdev": 0.112631745636
    },
    "silence_rate_60dB": {
        "max": 1,
        "mean": 0.304140895605,
        "min": 0,
        "stdev": 0.460041701794
    },
    "spectral_centroid": {
        "max": 5292.44091797,
        "mean": 1208.78869629,
        "min": 202.372756958,
        "stdev": 780.242126465
    },
    "spectral_complexity": {
        "max": 31,
        "mean": 10.0647306442,
        "min": 0,
        "stdev": 6.1143860817
    },
    "spectral_decrease": {
        "max": -2.15724348107e-11,
        "mean": -3.21209947529e-09,
        "min": -5.26160590653e-08,
        "stdev": 5.60431523411e-09
    },
    "spectral_energy": {
        "max": 0.206756845117,
        "mean": 0.0130394995213,
        "min": 8.49839489092e-05,
        "stdev": 0.0224641580135
    },
    "spectral_energyband_high": {
        "max": 0.0125886108726,
        "mean": 0.000274895573966,
        "min": 1.49156662133e-07,
        "stdev": 0.000948934757616
    },
    "spectral_energyband_low": {
        "max": 0.0570586770773,
        "mean": 0.00215258984827,
        "min": 1.99353664243e-07,
        "stdev": 0.00571776507422
    },
    "spectral_energyband_middle_high": {
        "max": 0.0763020887971,
        "mean": 0.00369912222959,
        "min": 4.23652954851e-06,
        "stdev": 0.00870096404105
    },
    "spectral_energyband_middle_low": {
        "max": 0.166929036379,
        "mean": 0.00827211141586,
        "min": 5.27740521648e-05,
        "stdev": 0.0163431037217
    },
    "spectral_entropy": {
        "max": 8.44867992401,
        "mean": 7.26063251495,
        "min": 5.00468063354,
        "stdev": 0.624871194363
    },
    "spectral_flux": {
        "max": 0.280590772629,
        "mean": 0.0442861393094,
        "min": 0.00228882068768,
        "stdev": 0.0370425991714
    },
    "spectral_kurtosis": {
        "max": 57.4636268616,
        "mean": 6.19011211395,
        "min": -1.26840806007,
        "stdev": 6.19204473495
    },
    "spectral_rms": {
        "max": 0.0142026050016,
        "mean": 0.00285217026249,
        "min": 0.000287942995783,
        "stdev": 0.00214163470082
    },
    "spectral_rolloff": {
        "max": 9130.078125,
        "mean": 1500.59472656,
        "min": 150.732421875,
        "stdev": 1441.15551758
    },
    "spectral_skewness": {
        "max": 5.82005834579,
        "mean": 1.69507992268,
        "min": -0.535135567188,
        "stdev": 0.785331487656
    },
    "spectral_spread": {
        "max": 29033100,
        "mean": 3316327.25,
        "min": 1480034.25,
        "stdev": 1206270.625
    },
    "spectral_strongpeak": {
        "max": 11.6935491562,
        "mean": 0.827092111111,
        "min": 0,
        "stdev": 1.27933895588
    },
    "zerocrossingrate": {
        "max": 0.3134765625,
        "mean": 0.0566345825791,
        "min": 0.0048828125,
        "stdev": 0.0409567952156
    },
    "barkbands": {
        "max": [0.00241734599695, 0.0163336731493, 0.0109778326005, 0.13570779562, 0.0441666170955, 0.017975538969, 0.0339476689696, 0.109887339175, 0.0215560272336, 0.0276501886547, 0.0191964879632, 0.0318261794746, 0.0407965034246, 0.0453567281365, 0.0138487834483, 0.00414684880525, 0.00574101880193, 0.00426294002682, 0.00219587655738, 0.0103028677404, 0.0040814159438, 0.00370761216618, 0.00436921464279, 0.00433585746214, 0.000610600051004, 2.16028965383e-07, 2.37915415369e-07],
        "mean": [1.32664126795e-05, 0.000253715028521, 0.000621866900474, 0.00233781454153, 0.00222759670578, 0.000890485942364, 0.00068799010478, 0.000984929734841, 0.000931257614866, 0.000644772604574, 0.000358141725883, 0.000565650640056, 0.000779673631769, 0.000741032708902, 0.000271346973022, 0.000130561747937, 0.000127068560687, 0.00011237396393, 5.03286828462e-05, 5.69016556256e-05, 5.2229166613e-05, 5.9342593886e-05, 6.8754030508e-05, 6.76293857396e-05, 4.76872810395e-06, 1.01873853797e-09, 1.09352482625e-09],
        "min": [7.78604014595e-10, 5.37330748784e-08, 2.93894988346e-08, 3.55872487035e-08, 1.82348321687e-06, 7.57687018904e-07, 6.25206666882e-07, 2.75816915973e-07, 1.9814669372e-07, 2.63425533831e-07, 9.33248145429e-08, 1.65229991467e-07, 2.78576891333e-07, 1.74027221078e-07, 1.40808538163e-07, 1.43979193012e-07, 6.25362304163e-08, 1.26903344722e-07, 8.42751077812e-08, 5.56893091641e-08, 3.77030495713e-08, 1.40117091263e-08, 1.26483916674e-08, 7.39330729971e-09, 4.185611302e-10, 1.84427625949e-10, 3.06164427144e-10],
        "stdev": [7.84197982284e-05, 0.000859315623529, 0.00141873164102, 0.0100978650153, 0.00393623486161, 0.00162059045397, 0.00179602450226, 0.00524547277018, 0.00238128448837, 0.00213389727287, 0.001252529677, 0.00221583805978, 0.0029566003941, 0.00274029211141, 0.000912456191145, 0.000253903534031, 0.000338982819812, 0.000306156143779, 9.81931952992e-05, 0.000297643447993, 0.000207713543205, 0.000243758753641, 0.00027519010473, 0.00027359413798, 2.4823435524e-05, 5.76156145016e-09, 6.30005514424e-09]
    },
    "erbbands": {
        "max": [0.791075706482, 3.23986935616, 10.4639081955, 215.162948608, 277.690795898, 192.165313721, 180.194046021, 107.706634521, 186.622146606, 1809.99523926, 1963.64257812, 571.905944824, 986.636291504, 702.769836426, 726.674621582, 1167.96777344, 1481.79309082, 2506.53540039, 1324.61096191, 271.848754883, 206.833679199, 413.014770508, 277.604217529, 56.2199363708, 253.727294922, 419.5730896, 195.954986572, 153.71572876, 128.761199951, 138.061401367, 121.9557724, 126.038116455, 69.1249542236, 10.1916780472, 0.258325010538, 0.0145488539711, 0.00178781477734, 0.000347451219568, 0.000105950792204, 0.000233187543927],
        "mean": [0.00627509970218, 0.0672609806061, 0.573301136494, 4.87686634064, 6.31984806061, 8.71011638641, 8.0311870575, 7.08462429047, 7.11196947098, 16.9669399261, 19.6240348816, 19.0229682922, 25.8142089844, 15.7106046677, 18.4029712677, 21.8909950256, 36.271194458, 42.3571662903, 23.0946292877, 9.63512420654, 6.51197433472, 7.83319139481, 6.96550369263, 3.00899243355, 2.83677363396, 2.77986741066, 1.95354473591, 2.16032576561, 1.91243612766, 2.19052028656, 1.88852405548, 1.49337780476, 1.08301472664, 0.146125614643, 0.0037550793495, 0.00023619249987, 3.61814527423e-05, 8.25325969345e-06, 8.63088280312e-06, 1.58860057127e-05],
        "min": [1.89516458704e-06, 2.19658431888e-05, 3.37182864314e-05, 0.000288737792289, 0.00130232179072, 0.00402169954032, 0.00532027939335, 0.00556864775717, 0.00711809378117, 0.0194166619331, 0.00982612092048, 0.00434991857037, 0.0106591107324, 0.0080198654905, 0.00833436474204, 0.00914377439767, 0.0138252330944, 0.0110346721485, 0.0097786700353, 0.0115729151294, 0.00881169456989, 0.00442417245358, 0.00587179604918, 0.00609030760825, 0.00528566772118, 0.00328099122271, 0.00218215421773, 0.00096821092302, 0.000586003239732, 0.000442990392912, 0.00030723735108, 0.000179790484253, 9.75453513092e-05, 1.42466506077e-05, 2.80142398879e-06, 1.78974198661e-06, 8.1468664348e-07, 2.54181173887e-07, 1.63919168017e-07, 1.07371249669e-07],
        "stdev": [0.0287868008018, 0.192385748029, 1.12100803852, 17.8700275421, 20.3151378632, 16.3973789215, 17.0403423309, 12.4554948807, 13.4209051132, 74.1614685059, 103.515258789, 46.6263237, 78.6964035034, 41.7243080139, 57.0283241272, 79.7735900879, 126.707710266, 149.472000122, 84.2968215942, 19.2678585052, 12.8638486862, 22.4092693329, 19.9212360382, 4.8023147583, 9.17696094513, 13.5900268555, 7.52539730072, 8.98662471771, 8.38467407227, 8.23724079132, 7.75496339798, 6.79160642624, 4.19084739685, 0.597469568253, 0.0150555260479, 0.000876925420016, 0.000114495116577, 2.41368561547e-05, 1.39048415804e-05, 2.63104539044e-05]
    },
    "gfcc": {
        "mean": [-114.776107788, 129.011535645, -166.533416748, 34.4993553162, -77.9733810425, 10.2130241394, -40.181022644, -18.1988868713, -9.5284948349, -29.5459747314, 3.88622522354, -23.219493866, 1.59417843819],
        "cov": [[6134.32128906, -898.52154541, -607.317932129, -50.3919639587, -561.716125488, 838.230712891, -254.927825928, 395.985656738, 148.90071106, -116.027870178, 2.35226273537, -466.712158203, -61.8280487061], [-898.52154541, 1435.27307129, 600.081481934, -268.91595459, 482.292572021, -306.181945801, 106.041740417, -162.097610474, -97.0742111206, -121.803817749, -13.4919719696, -56.4953765869, -80.3153915405], [-607.317932129, 600.081481934, 1476.31152344, 383.672698975, 82.6322860718, -242.537078857, -189.622894287, -202.746673584, -215.471542358, -90.2742004395, -73.2919464111, 18.3771858215, -61.3657989502], [-50.3919639587, -268.91595459, 383.672698975, 611.209472656, 5.52414941788, 61.1941375732, -17.7742843628, 53.5388221741, 35.5427284241, 15.1819849014, -37.2638969421, 52.795085907, -5.1758313179], [-561.716125488, 482.292572021, 82.6322860718, 5.52414941788, 450.323852539, 79.4883270264, 168.055831909, 82.1920471191, 31.7527236938, 14.1485929489, -2.93399763107, -5.34545898438, -42.9191436768], [838.230712891, -306.181945801, -242.537078857, 61.1941375732, 79.4883270264, 512.542907715, 120.76713562, 259.931396484, 116.100967407, 64.1123199463, 16.4942913055, -59.2477684021, -18.5934963226], [-254.927825928, 106.041740417, -189.622894287, -17.7742843628, 168.055831909, 120.76713562, 263.285949707, 105.256477356, 69.9827423096, 53.9927520752, 22.6673603058, 32.7864685059, -14.7567405701], [395.985656738, -162.097610474, -202.746673584, 53.5388221741, 82.1920471191, 259.931396484, 105.256477356, 276.839202881, 123.074241638, 51.8725891113, 30.0547428131, -15.6861009598, -1.88298475742], [148.90071106, -97.0742111206, -215.471542358, 35.5427284241, 31.7527236938, 116.100967407, 69.9827423096, 123.074241638, 166.854888916, 42.5105857849, 8.15656852722, 18.2637424469, -1.15912520885], [-116.027870178, -121.803817749, -90.2742004395, 15.1819849014, 14.1485929489, 64.1123199463, 53.9927520752, 51.8725891113, 42.5105857849, 108.90952301, 39.3906097412, 29.1923656464, 19.8822822571], [2.35226273537, -13.4919719696, -73.2919464111, -37.2638969421, -2.93399763107, 16.4942913055, 22.6673603058, 30.0547428131, 8.15656852722, 39.3906097412, 81.791015625, 27.9144020081, 15.3575105667], [-466.712158203, -56.4953765869, 18.3771858215, 52.795085907, -5.34545898438, -59.2477684021, 32.7864685059, -15.6861009598, 18.2637424469, 29.1923656464, 27.9144020081, 120.574829102, 41.1170501709], [-61.8280487061, -80.3153915405, -61.3657989502, -5.1758313179, -42.9191436768, -18.5934963226, -14.7567405701, -1.88298475742, -1.15912520885, 19.8822822571, 15.3575105667, 41.1170501709, 81.3772506714]],
        "icov": [[0.000481197901536, -0.00013128502178, 6.34995376458e-05, -0.000150883046445, 0.000786525197327, -0.000747475307435, 0.000235412735492, -0.000129511623527, -0.000354423478711, 0.000741301802918, -0.000691161490977, 0.00157919630874, -0.000295598962111], [-0.00013128502178, 0.00683778291568, -0.00405529234558, 0.00410482147709, -0.00628729909658, 0.00393355358392, -0.00465938169509, 0.00262520811521, -0.00555485393852, 0.00606811279431, -0.00530164921656, 0.00646156305447, -0.00317553477362], [6.34995376458e-05, -0.00405529234558, 0.00383735704236, -0.00330993626267, 0.0030422534328, -0.00210886704735, 0.00374981132336, -0.0015215461608, 0.00497795455158, -0.00367782567628, 0.00359413959086, -0.00467938696966, 0.00315202702768], [-0.000150883046445, 0.00410482147709, -0.00330993626267, 0.00505079235882, -0.00352539750747, 0.00202617142349, -0.0026372668799, 0.000874970108271, -0.00404119305313, 0.00302023347467, -0.00157014816068, 0.00211266474798, -0.00165909982752], [0.000786525197327, -0.00628729909658, 0.0030422534328, -0.00352539750747, 0.0101361759007, -0.00440654112026, 0.00202850624919, -0.0032148854807, 0.00420656660572, -0.00419343449175, 0.00402263039723, -0.00307444552891, 0.00297349598259], [-0.000747475307435, 0.00393355358392, -0.00210886704735, 0.00202617142349, -0.00440654112026, 0.00749289244413, -0.00359356077388, -0.00169468438253, -0.00242090201937, 0.0011369070271, -0.00162081571762, 0.00351394643076, -0.001231834176], [0.000235412735492, -0.00465938169509, 0.00374981132336, -0.0026372668799, 0.00202850624919, -0.00359356077388, 0.0107925301418, -0.00281960493885, 0.00425462424755, -0.00568150915205, 0.00420762784779, -0.00756578473374, 0.00485824234784], [-0.000129511623527, 0.00262520811521, -0.0015215461608, 0.000874970108271, -0.0032148854807, -0.00169468438253, -0.00281960493885, 0.0107713555917, -0.00644093006849, 0.00285684596747, -0.00510908057913, 0.00422791950405, -0.00290578068234], [-0.000354423478711, -0.00555485393852, 0.00497795455158, -0.00404119305313, 0.00420656660572, -0.00242090201937, 0.00425462424755, -0.00644093006849, 0.0170353055, -0.00792115367949, 0.00813033804297, -0.0105561800301, 0.00601034518331], [0.000741301802918, 0.00606811279431, -0.00367782567628, 0.00302023347467, -0.00419343449175, 0.0011369070271, -0.00568150915205, 0.00285684596747, -0.00792115367949, 0.0208630729467, -0.0116999559104, 0.00816891435534, -0.00607481366023], [-0.000691161490977, -0.00530164921656, 0.00359413959086, -0.00157014816068, 0.00402263039723, -0.00162081571762, 0.00420762784779, -0.00510908057913, 0.00813033804297, -0.0116999559104, 0.0234278477728, -0.0127094928175, 0.00422359257936], [0.00157919630874, 0.00646156305447, -0.00467938696966, 0.00211266474798, -0.00307444552891, 0.00351394643076, -0.00756578473374, 0.00422791950405, -0.0105561800301, 0.00816891435534, -0.0127094928175, 0.0280106756836, -0.0118104498833], [-0.000295598962111, -0.00317553477362, 0.00315202702768, -0.00165909982752, 0.00297349598259, -0.001231834176, 0.00485824234784, -0.00290578068234, 0.00601034518331, -0.00607481366023, 0.00422359257936, -0.0118104498833, 0.020041840151]]
    },
    "melbands": {
        "max": [0.00570706790313, 0.00443704426289, 0.0429578982294, 0.0122259845957, 0.00616518175229, 0.00238600349985, 0.00297341775149, 0.019103532657, 0.0127589832991, 0.00307175563648, 0.00505979266018, 0.00299947243184, 0.00307424785569, 0.00306002655998, 0.00560925481841, 0.00438333675265, 0.0043506831862, 0.00296910014004, 0.000463129399577, 0.000333115574904, 0.000237721018493, 0.000517160573509, 0.000315432698699, 0.000219386754907, 3.84890590794e-05, 6.29514688626e-05, 0.000547851959709, 0.000178025016794, 0.000132381683215, 8.72688106028e-05, 0.000104005630419, 8.08067561593e-05, 8.24702437967e-05, 6.52875751257e-05, 6.48971545161e-05, 0.000106508043245, 7.05354977981e-05, 4.99000234413e-05, 3.16079203913e-05, 1.74238050477e-06],
        "mean": [6.14833406871e-05, 0.000277318787994, 0.000864442437887, 0.00054900260875, 0.000308951246552, 0.00015966394858, 0.000111430679681, 0.000202209237614, 0.000144885168993, 0.000127117295051, 0.000129595122417, 6.48580171401e-05, 5.91917232668e-05, 5.57583589398e-05, 6.88807849656e-05, 8.94167824299e-05, 7.39928946132e-05, 4.01440156566e-05, 1.45705880641e-05, 1.04367791209e-05, 6.75329329169e-06, 8.03808597993e-06, 7.56478630137e-06, 4.78011543237e-06, 2.13857492781e-06, 1.83145994015e-06, 2.41008024204e-06, 1.62671847193e-06, 1.17266733923e-06, 1.24050359318e-06, 1.24507937471e-06, 1.05647745841e-06, 1.1816271126e-06, 1.20642494039e-06, 1.0428071846e-06, 1.13286796477e-06, 8.21975788767e-07, 8.18077069198e-07, 4.66176146574e-07, 1.59080215667e-08],
        "min": [2.7320020024e-08, 2.16404973941e-08, 7.13652283935e-08, 2.27693362831e-07, 1.49281873973e-07, 1.253470856e-07, 1.340033009e-07, 1.5580204149e-07, 6.03558945045e-08, 2.02261620785e-08, 4.51198189921e-08, 3.68791752692e-08, 1.98860607981e-08, 2.22879030787e-08, 2.35701556051e-08, 2.96053013216e-08, 1.91550935114e-08, 1.41660594366e-08, 9.32237043116e-09, 1.11152402837e-08, 8.98109053793e-09, 4.48009584986e-09, 5.09315833952e-09, 5.03101293958e-09, 4.38036629191e-09, 3.10248737811e-09, 3.29479288297e-09, 1.88457782713e-09, 1.2507780367e-09, 4.90301355072e-10, 3.71467578919e-10, 2.74973016579e-10, 1.91100330005e-10, 2.15322010222e-10, 1.31505667467e-10, 1.00163377592e-10, 8.75643654807e-11, 6.46609502053e-11, 2.32775153319e-11, 3.36201205764e-12],
        "stdev": [0.000244005481363, 0.000576531630941, 0.00325538450852, 0.00109450542368, 0.000590627896599, 0.000279697764199, 0.000218618501094, 0.000909896509256, 0.000707648112439, 0.000315522280289, 0.000401122029871, 0.000191764454939, 0.00019979159697, 0.00021378796373, 0.000304018321913, 0.00034715142101, 0.00026702528703, 0.0001653629879, 3.32088275172e-05, 1.95889515453e-05, 1.38373197842e-05, 2.51259789366e-05, 2.20171568799e-05, 1.36513108373e-05, 3.30755483446e-06, 3.58008378498e-06, 1.49440602399e-05, 6.9389689088e-06, 4.77738740301e-06, 5.02581315232e-06, 5.60240368941e-06, 5.08547100253e-06, 4.74807211504e-06, 4.54230303149e-06, 4.2375859266e-06, 5.3216986089e-06, 3.77160654352e-06, 3.14953263114e-06, 1.89149386642e-06, 8.28262258779e-08]
    },
    "melbands128": {
        "max": [0.0013860509498, 0.00700344098732, 0.00817256420851, 0.00480800354853, 0.00503265671432, 0.0069593116641, 0.0390190929174, 0.0773497670889, 0.0212610736489, 0.0222559571266, 0.0107088554651, 0.00984465703368, 0.00823870766908, 0.00654492201284, 0.00348417297937, 0.00189617439173, 0.00167568807956, 0.00529182562605, 0.00480691203848, 0.0332404561341, 0.0318073444068, 0.0385336205363, 0.0150814373046, 0.00624061562121, 0.00645568827167, 0.00437749363482, 0.00977386906743, 0.00980767421424, 0.00873959157616, 0.00546597037464, 0.00380442547612, 0.004687840119, 0.00636096484959, 0.00384087092243, 0.00847415067255, 0.00634693540633, 0.00321171106771, 0.0126293413341, 0.00649778591469, 0.00609575212002, 0.00889295805246, 0.0137275727466, 0.00677715102211, 0.00388327427208, 0.00700290082023, 0.00342757767066, 0.00175565876998, 0.000322316569509, 0.000573395635001, 0.000542042951565, 0.000404733029427, 0.000709897023626, 0.000618161517195, 0.000350987073034, 0.000190796898096, 0.00112821254879, 0.000463834498078, 0.000744384597056, 0.000464109471068, 0.000654619070701, 0.000313144555548, 9.2814094387e-05, 4.93184015795e-05, 9.06432615011e-05, 4.86512035422e-05, 8.48354684422e-05, 0.000117487965326, 0.000305511290208, 0.00109355454333, 0.000680119497702, 0.000180737391929, 7.34864588594e-05, 8.68460701895e-05, 0.000256109051406, 8.16704850877e-05, 0.000106807427073, 0.000128927291371, 0.000101858502603, 0.000151701271534, 0.000181945928489, 0.000125697275507, 8.54176178109e-05, 9.25565327634e-05, 0.000100656303403, 0.00014026122517, 9.15785858524e-05, 7.99232875579e-05, 8.64040048327e-05, 7.11079119355e-05, 8.43500820338e-05, 0.00020029033476, 0.000105016762973, 0.000117822033644, 5.90700183238e-05, 7.44338758523e-05, 4.38918759755e-05, 6.69454966555e-05, 7.13606204954e-05, 4.66000237793e-05, 2.25659623538e-05, 1.66612650787e-07, 1.87505388993e-09, 1.80304748909e-09, 1.74535030872e-09, 1.68831437719e-09, 1.62207325349e-09, 1.57526391931e-09, 1.49879209044e-09, 1.4680968663e-09, 1.4222004685e-09, 1.30758459616e-09, 1.32678834586e-09, 1.29591914977e-09, 1.24820132008e-09, 1.19212661964e-09, 1.18847220953e-09, 1.13491849252e-09, 1.10277820209e-09, 1.0826745056e-09, 1.07254682913e-09, 1.03217823177e-09, 1.00504815581e-09, 1.00441777118e-09, 9.57344981067e-10, 9.48014888813e-10, 9.44411993054e-10, 9.40969857588e-10, 9.345149099e-10],
        "mean": [1.01472433016e-05, 4.64395088784e-05, 7.15769128874e-05, 0.000111216300866, 0.000171783976839, 0.00035983233829, 0.00104640272912, 0.00111228181049, 0.000465139921289, 0.000637977616861, 0.000488561927341, 0.000326110603055, 0.00023263944604, 0.000319084210787, 0.000202214941964, 3.2063206163e-05, 8.29818018246e-05, 0.000134149464429, 0.000120427721413, 0.000215477106394, 0.00021946313791, 0.00024067008053, 0.000104343140265, 9.16456119739e-05, 0.000123875739519, 0.00011430367158, 0.000205328105949, 0.000109899810923, 0.000101380464912, 8.58292114572e-05, 3.70840571122e-05, 4.8526628234e-05, 7.5247255154e-05, 4.78860965814e-05, 6.78130818415e-05, 5.10069148731e-05, 4.46418198408e-05, 8.4179591795e-05, 6.61203666823e-05, 8.19986817078e-05, 8.41311193653e-05, 0.000118608462799, 8.4865714598e-05, 4.62574789708e-05, 4.42524651589e-05, 4.73702421004e-05, 2.61078912445e-05, 9.49377317738e-06, 1.16259270726e-05, 1.5131505279e-05, 9.17152829061e-06, 7.36165429771e-06, 8.17484124127e-06, 5.78065919399e-06, 5.02908824274e-06, 1.07969462988e-05, 7.39084225643e-06, 7.38545168133e-06, 8.26167524792e-06, 6.76067429595e-06, 4.96672464578e-06, 2.95451195598e-06, 2.35087327383e-06, 1.80226822977e-06, 1.96929249796e-06, 1.55996747253e-06, 1.93936193682e-06, 2.24522295866e-06, 2.60159754362e-06, 2.70333362096e-06, 1.51699214257e-06, 1.25793519601e-06, 1.02465037344e-06, 1.24730661355e-06, 1.17864090043e-06, 1.05888955204e-06, 1.46223749198e-06, 1.28220654005e-06, 1.19789012842e-06, 1.2409431065e-06, 1.07854043563e-06, 1.00885529264e-06, 9.04975706817e-07, 1.18306797958e-06, 1.48686342527e-06, 1.15140346679e-06, 1.2160537608e-06, 1.10330495318e-06, 9.51092545165e-07, 9.90343551166e-07, 1.31737840547e-06, 1.14696683795e-06, 9.14718043532e-07, 8.02271472367e-07, 7.88559702869e-07, 7.34354784981e-07, 8.38431731154e-07, 9.53416019911e-07, 5.27099928149e-07, 2.15990695551e-07, 1.60859836562e-09, 1.62387360503e-11, 9.07305827691e-12, 8.2697867651e-12, 7.80898349456e-12, 7.79730967293e-12, 7.84634770351e-12, 7.08428151211e-12, 6.82602802407e-12, 6.60745590186e-12, 6.50918685272e-12, 6.32311824428e-12, 6.01188196447e-12, 5.7661674914e-12, 5.64321939872e-12, 5.6153211421e-12, 5.55105180572e-12, 5.23798322424e-12, 5.17151078905e-12, 5.04890617162e-12, 4.87241627253e-12, 4.85316301035e-12, 4.78103754503e-12, 4.54560087487e-12, 4.01467227518e-12, 3.13945245668e-12, 2.66506022979e-12, 2.58634368262e-12],
        "min": [4.57915406982e-11, 2.37461428299e-09, 6.64285870755e-09, 1.56440904675e-08, 8.71903793609e-09, 9.41468769611e-09, 2.14080753125e-08, 1.26235857323e-08, 3.48556419283e-08, 1.04154231906e-07, 1.02155809145e-07, 1.48846117654e-08, 1.41665204012e-08, 5.91941038408e-08, 3.14633545884e-08, 3.39448540387e-08, 3.02480493986e-08, 1.93820444139e-08, 5.18755634005e-08, 1.67370419746e-08, 2.72561724302e-08, 1.20497656297e-08, 1.723787868e-08, 9.67860458445e-09, 8.41583691624e-09, 5.31614618993e-09, 1.54580188649e-08, 6.35131502946e-09, 1.89002342665e-08, 2.07358468174e-08, 1.62039164309e-08, 1.30962796163e-08, 7.72027508589e-09, 1.05912585369e-08, 1.51762922229e-08, 5.12639841688e-09, 2.56123522391e-09, 4.220019445e-09, 1.50609302807e-08, 1.33013635661e-08, 1.09714246577e-08, 5.7459201841e-09, 1.14923723871e-08, 1.23247509975e-08, 4.21354995339e-09, 7.1564825177e-09, 2.98739655236e-09, 5.87601345359e-09, 5.16297582465e-09, 6.99602109577e-09, 4.45367920321e-09, 4.11142364598e-09, 4.81652140394e-09, 3.50929751924e-09, 3.96174515416e-09, 3.26345395152e-09, 1.183182885e-09, 3.04399305762e-09, 3.18322435078e-09, 1.22826548932e-09, 3.18311954572e-09, 3.37159589137e-09, 1.83990289671e-09, 1.69520231186e-09, 2.26808349879e-09, 1.90168436554e-09, 2.1493804514e-09, 2.25944174481e-09, 9.7351049444e-10, 1.17661702603e-09, 2.04470063103e-09, 9.24924525858e-10, 5.39232603014e-10, 8.60272075798e-10, 6.26827589834e-10, 4.28313245981e-10, 3.36070643536e-10, 2.85176021686e-10, 2.94623853092e-10, 1.59864177451e-10, 2.65019534096e-10, 1.91177615405e-10, 1.80869985655e-10, 1.12534606633e-10, 7.48827874708e-11, 2.08307163185e-10, 1.79560782909e-10, 1.26402166511e-10, 7.47674561152e-11, 7.05302830029e-11, 5.45265568808e-11, 5.17483556006e-11, 6.22536050487e-11, 5.58372306725e-11, 5.51685641614e-11, 5.80029670127e-11, 4.0438794674e-11, 2.93024493558e-11, 1.89271862072e-11, 7.58009800761e-12, 1.58876698689e-12, 1.0063768395e-12, 7.56058735583e-13, 7.90765565008e-13, 6.44854503996e-13, 8.11613363322e-13, 7.87384751583e-13, 7.75333790226e-13, 6.81119548783e-13, 7.78064082347e-13, 5.50073441657e-13, 8.47473783858e-13, 7.7443265559e-13, 6.75187499227e-13, 5.96764011904e-13, 5.71090971822e-13, 7.9255314334e-13, 8.91123817532e-13, 8.56375951055e-13, 9.04065396764e-13, 7.75478639636e-13, 7.74983376084e-13, 8.05097796156e-13, 9.56437620075e-13, 6.37111565761e-13, 2.28150018409e-13, 3.20287179211e-14, 9.67839856686e-16],
        "stdev": [5.51494958927e-05, 0.000239792483626, 0.000359751225915, 0.000323222018778, 0.00038692963426, 0.00093788682716, 0.00366842048243, 0.00544617464766, 0.00160363165196, 0.00147100898903, 0.0010325324256, 0.000862973683979, 0.000736852409318, 0.000613242795225, 0.000397281866753, 8.18288317532e-05, 0.000203851857805, 0.00030252194847, 0.000357869721483, 0.00123119005002, 0.00133972452022, 0.00171856023371, 0.00068953022128, 0.000382777274353, 0.000471911858767, 0.000358458986739, 0.000823034672067, 0.000525743933395, 0.000491414510179, 0.000340660539223, 0.000134328409331, 0.000207869859878, 0.000345391017618, 0.000217361142859, 0.000382346624974, 0.00028974187444, 0.000224839895964, 0.000600206141826, 0.000342931976775, 0.000425000878749, 0.000526686199009, 0.000658388773445, 0.000390579400118, 0.00025187258143, 0.000297974271234, 0.000238213135162, 0.000106446088466, 2.15812742681e-05, 3.01198942907e-05, 3.93414775317e-05, 2.12964259845e-05, 2.30079076573e-05, 2.44839447987e-05, 1.31739452627e-05, 1.01767136584e-05, 4.89796184411e-05, 2.55281302088e-05, 3.2020641811e-05, 3.24232169078e-05, 3.20300860039e-05, 1.83720167115e-05, 6.08870595897e-06, 5.09703886564e-06, 3.86368583349e-06, 3.64578409062e-06, 3.6987285057e-06, 5.86143369219e-06, 9.76000046649e-06, 2.61469886027e-05, 2.19348166866e-05, 6.78269634591e-06, 4.54005612482e-06, 3.81601694244e-06, 7.39560982765e-06, 5.43327541891e-06, 5.0900421229e-06, 6.49123558105e-06, 5.59744603379e-06, 6.343187124e-06, 6.56285874356e-06, 5.94613129579e-06, 4.84715064886e-06, 4.50469542557e-06, 4.82955920234e-06, 6.84483120494e-06, 5.02845250594e-06, 4.84562042402e-06, 4.90976754008e-06, 4.09752192354e-06, 4.33127024735e-06, 6.73658450978e-06, 5.89554565522e-06, 4.85106511405e-06, 3.8210873754e-06, 3.74760497834e-06, 2.97351857625e-06, 3.48684784512e-06, 4.55706231151e-06, 2.30061164075e-06, 1.09470317966e-06, 7.68443619847e-09, 7.72339553423e-11, 5.03860148049e-11, 4.75553867119e-11, 4.56751754474e-11, 4.39629721516e-11, 4.3066480937e-11, 4.0311358418e-11, 3.93866744774e-11, 3.81044536202e-11, 3.5617127303e-11, 3.52333544285e-11, 3.43386152846e-11, 3.30362195933e-11, 3.16305037718e-11, 3.12606052155e-11, 3.00632678474e-11, 2.93023799669e-11, 2.87240786712e-11, 2.82003448371e-11, 2.73047834343e-11, 2.67234828016e-11, 2.6411621154e-11, 2.54346318312e-11, 2.51882889546e-11, 2.50602941176e-11, 2.49166607486e-11, 2.47542333853e-11]
    },
    "mfcc": {
        "mean": [-729.594360352, 132.34236145, -20.4466514587, 8.419921875, -6.6172041893, 5.46442937851, -12.488193512, 2.6611521244, -16.4071121216, 0.977793991566, -13.5002717972, -1.53322076797, -15.2240924835],
        "cov": [[6808.32568359, -1463.29248047, -385.918518066, -979.77746582, -89.1414031982, 16.0523204803, -84.3869857788, 246.241729736, 139.430389404, 360.472503662, 180.050720215, 204.569213867, -225.808197021], [-1463.29248047, 1865.79968262, 110.938957214, 129.262313843, 209.808258057, -70.7116470337, 177.339889526, -97.6888656616, -88.7499923706, -126.854911804, 3.50223827362, -129.152374268, -7.10560655594], [-385.918518066, 110.938957214, 1195.2401123, 463.099456787, 193.196884155, -0.0644484758377, -55.6479873657, -122.820045471, -136.660110474, -173.476638794, -133.850341797, -55.584651947, -63.9509010315], [-979.77746582, 129.262313843, 463.099456787, 608.865600586, 108.733795166, 21.7075519562, -38.9433403015, -35.4102325439, -50.541595459, -81.9145126343, -90.047744751, -44.7597084045, 13.6426076889], [-89.1414031982, 209.808258057, 193.196884155, 108.733795166, 301.749237061, 50.0088768005, 79.0452423096, 58.8014297485, 50.681186676, 37.1609916687, 26.0235290527, -0.217132121325, 8.70697021484], [16.0523204803, -70.7116470337, -0.0644484758377, 21.7075519562, 50.0088768005, 175.392913818, 72.2835693359, 72.6152114868, 57.2739868164, 64.5778579712, 38.7159690857, 13.2035484314, 14.3324480057], [-84.3869857788, 177.339889526, -55.6479873657, -38.9433403015, 79.0452423096, 72.2835693359, 236.406784058, 69.76902771, 63.1430206299, 56.6184005737, 68.5175018311, 15.8263597488, 32.8869857788], [246.241729736, -97.6888656616, -122.820045471, -35.4102325439, 58.8014297485, 72.6152114868, 69.76902771, 216.258117676, 110.516769409, 116.350074768, 70.8135070801, 62.854763031, 29.6848297119], [139.430389404, -88.7499923706, -136.660110474, -50.541595459, 50.681186676, 57.2739868164, 63.1430206299, 110.516769409, 171.296340942, 92.46068573, 70.0283203125, 42.7910728455, 39.2308349609], [360.472503662, -126.854911804, -173.476638794, -81.9145126343, 37.1609916687, 64.5778579712, 56.6184005737, 116.350074768, 92.46068573, 177.907745361, 73.9844512939, 48.2749214172, 30.8025188446], [180.050720215, 3.50223827362, -133.850341797, -90.047744751, 26.0235290527, 38.7159690857, 68.5175018311, 70.8135070801, 70.0283203125, 73.9844512939, 135.009262085, 40.3130149841, 22.1414680481], [204.569213867, -129.152374268, -55.584651947, -44.7597084045, -0.217132121325, 13.2035484314, 15.8263597488, 62.854763031, 42.7910728455, 48.2749214172, 40.3130149841, 116.074058533, 30.0696926117], [-225.808197021, -7.10560655594, -63.9509010315, 13.6426076889, 8.70697021484, 14.3324480057, 32.8869857788, 29.6848297119, 39.2308349609, 30.8025188446, 22.1414680481, 30.0696926117, 90.6889724731]],
        "icov": [[0.000308424205286, 0.000185855562449, -0.000117531868455, 0.000454576977063, -0.000116305236588, 0.000163405100466, 5.28496057086e-05, -0.000109472668555, 5.50589502382e-05, -0.00046782172285, -7.42112097214e-05, -0.000205871634535, 0.000854717509355], [0.000185855562449, 0.000917133118492, 0.000107731073513, 0.00013706451864, -0.000712465553079, 0.000561731227208, -0.000692947127391, 2.71092521871e-05, 0.000488793826662, 0.000285694171907, -0.000401080760639, 0.000543047382962, 0.000421397184255], [-0.000117531868455, 0.000107731073513, 0.00170635897666, -0.00106688973028, -0.00110010767821, -0.000335950811859, -0.000150342297275, 0.000424509838922, 0.000623410684057, 0.0011475981446, 0.000380551151466, -0.000419826596044, 0.000540670531336], [0.000454576977063, 0.00013706451864, -0.00106688973028, 0.0034016452264, -0.000532721693162, -0.00037279818207, 0.000667283486109, -0.000710594118573, 0.000118305506476, -0.000261220237007, 0.000879514380358, 0.000326270965161, -0.000306144153001], [-0.000116305236588, -0.000712465553079, -0.00110010767821, -0.000532721693162, 0.00543717574328, -0.000251748715527, -0.000659295532387, -0.000706439081114, -0.00147283542901, -0.001182687236, -0.000215039966861, 0.000318152888212, -6.71070520184e-05], [0.000163405100466, 0.000561731227208, -0.000335950811859, -0.00037279818207, -0.000251748715527, 0.00817921757698, -0.00198701792397, -0.0011217413703, -0.000623128376901, -0.00179684883915, -0.000626717170235, 0.000966919062193, 0.00080159161007], [5.28496057086e-05, -0.000692947127391, -0.000150342297275, 0.000667283486109, -0.000659295532387, -0.00198701792397, 0.00667045637965, -0.000648754532449, -0.000495602143928, -0.000172442247276, -0.00157319800928, 0.000137474504299, -0.00134688976686], [-0.000109472668555, 2.71092521871e-05, 0.000424509838922, -0.000710594118573, -0.000706439081114, -0.0011217413703, -0.000648754532449, 0.00943150836974, -0.00284708943218, -0.0028727450408, -0.000367413769709, -0.00254137418233, 0.000668669352308], [5.50589502382e-05, 0.000488793826662, 0.000623410684057, 0.000118305506476, -0.00147283542901, -0.000623128376901, -0.000495602143928, -0.00284708943218, 0.0111377686262, -0.00117166945711, -0.00200793147087, 6.59742945572e-05, -0.00200300151482], [-0.00046782172285, 0.000285694171907, 0.0011475981446, -0.000261220237007, -0.001182687236, -0.00179684883915, -0.000172442247276, -0.0028727450408, -0.00117166945711, 0.0123991463333, -0.00187975540757, -0.000158996452228, -0.00208639726043], [-7.42112097214e-05, -0.000401080760639, 0.000380551151466, 0.000879514380358, -0.000215039966861, -0.000626717170235, -0.00157319800928, -0.000367413769709, -0.00200793147087, -0.00187975540757, 0.0123982662335, -0.00206665531732, -0.000104408587504], [-0.000205871634535, 0.000543047382962, -0.000419826596044, 0.000326270965161, 0.000318152888212, 0.000966919062193, 0.000137474504299, -0.00254137418233, 6.59742945572e-05, -0.000158996452228, -0.00206665531732, 0.012507759966, -0.0038336974103], [0.000854717509355, 0.000421397184255, 0.000540670531336, -0.000306144153001, -6.71070520184e-05, 0.00080159161007, -0.00134688976686, 0.000668669352308, -0.00200300151482, -0.00208639726043, -0.000104408587504, -0.0038336974103, 0.0166362710297]]
    },
    "spectral_contrast_coeffs": {
        "max": [-0.344669431448, -0.384784638882, -0.467050820589, -0.518784403801, -0.577032983303, -0.561780333519],
        "mean": [-0.651548802853, -0.753461122513, -0.77731782198, -0.810527026653, -0.800698876381, -0.73443043232],
        "min": [-0.91418159008, -0.924736976624, -0.907668828964, -0.924100279808, -0.925483226776, -0.960738003254],
        "stdev": [0.12299053371, 0.0986462235451, 0.0875944495201, 0.071745403111, 0.0466689430177, 0.0337160676718]
    },
    "spectral_contrast_valleys": {
        "max": [-5.57948684692, -5.45392751694, -5.90644884109, -5.76254463196, -6.69576883316, -8.34718799591],
        "mean": [-8.08945655823, -7.48993206024, -7.84537124634, -7.99883794785, -8.45842266083, -11.7811899185],
        "min": [-10.7497816086, -9.6471786499, -10.4768972397, -10.3389196396, -10.7409229279, -14.6160011292],
        "stdev": [0.962125658989, 0.671926259995, 0.863293886185, 0.895685791969, 0.799311280251, 1.14535117149]
    }
},
"rhythm": {
    "beats_count": 100,
    "beats_loudness": {
        "max": 0.180747956038,
        "mean": 0.0207879208028,
        "min": 0.000300645770039,
        "stdev": 0.0351132936776
    },
    "bpm": 129.803192139,
    "bpm_histogram_first_peak_bpm": 129,
    "bpm_histogram_first_peak_weight": 0.474999964237,
    "bpm_histogram_second_peak_bpm": 117,
    "bpm_histogram_second_peak_spread": 0.519999980927,
    "bpm_histogram_second_peak_weight": 0.121212124825,
    "danceability": 1.07822978497,
    "onset_rate": 2.0712890625,
    "beats_loudness_band_ratio": {
        "max": [0.83162343502, 0.936332583427, 0.795009553432, 0.838166415691, 0.572786390781, 0.924119949341],
        "mean": [0.220914080739, 0.257758766413, 0.179162487388, 0.220026507974, 0.101761192083, 0.067679464817],
        "min": [0.000304399029119, 0.00499891117215, 0.00354536040686, 0.00106311473064, 0.00040288027958, 0.000103004618722],
        "stdev": [0.216844975948, 0.268869459629, 0.148500367999, 0.200748085976, 0.117926739156, 0.163723886013]
    },
