{
"metadata": {
    "version": {
        "essentia": "2.1-beta5",
        "essentia_git_sha": "Undefined",
        "extractor": "music 2.0"
    },
    "audio_properties": {
        "analysis": {
            "equal_loudness": 0,
            "length": 12.7477550507,
            "sample_rate": 44100,
            "start_time": 0,
            "downmix": "mix"
        },
        "bit_rate": 192000,
        "length": 200.968704224,
        "lossless": 0,
        "number_channels": 2,
        "replay_gain": -4.7357635498,
        "sample_rate": 48000,
        "codec": "mp3",
        "md5_encoded": "79a6d4b7df7587ae2c6d9b2e979d3926"
    },
    "tags": {
        "file_name": "Finland_Työlki Ellää_Kuunkuiskaajat.mp3",
        "encoding": ["Lavf58.29.100"]
    }
},
"lowlevel": {
    "average_loudness": 0.71313482523,
    "barkbands_crest": {
        "max": 17.722486496,
        "mean": 7.37730503082,
        "min": 3.40088772774,
        "stdev": 2.7494828701
    },
    "barkbands_flatness_db": {
        "max": 0.179584696889,
        "mean": 0.115378409624,
        "min": 0.0360684320331,
        "stdev": 0.022377435118
    },
    "barkbands_kurtosis": {
        "max": 18.4287281036,
        "mean": 1.29571688175,
        "min": -1.00481700897,
        "stdev": 1.72996532917
    },
    "barkbands_skewness": {
        "max": 3.9835755825,
        "mean": 0.636348187923,
        "min": -1.14209830761,
        "stdev": 0.643774151802
    },
    "barkbands_spread": {
        "max": 57.2279396057,
        "mean": 14.6586904526,
        "min": 5.90561723709,
        "stdev": 6.08054447174
    },
    "dissonance": {
        "max": 0.5,
        "mean": 0.485108137131,
        "min": 0.366732239723,
        "stdev": 0.0149656487629
    },
    "dynamic_complexity": 3.94460940361,
    "erbbands_crest": {
        "max": 20.1380767822,
        "mean": 7.80757713318,
        "min": 3.11013579369,
        "stdev": 2.50552988052
    },
    "erbbands_flatness_db": {
        "max": 0.261271208525,
        "mean": 0.196295589209,
        "min": 0.0703078061342,
        "stdev": 0.0392449013889
    },
    "erbbands_kurtosis": {
        "max": 5.95569419861,
        "mean": 0.845035135746,
        "min": -1.49326527119,
        "stdev": 0.920719444752
    },
    "erbbands_skewness": {
        "max": 1.92063331604,
        "mean": 0.586563110352,
        "min": -0.885722100735,
        "stdev": 0.454357594252
    },
    "erbbands_spread": {
        "max": 109.090736389,
        "mean": 20.6564159393,
        "min": 7.3443403244,
        "stdev": 12.888792038
    },
    "hfc": {
        "max": 91.9204559326,
        "mean": 23.093164444,
        "min": 0.000104938648292,
        "stdev": 20.230890274
    },
    "loudness_ebu128": {
        "integrated": -18.8188915253,
        "loudness_range": 7.65618991852,
        "momentary": {
            "max": -14.4774780273,
            "mean": -20.4303836823,
            "min": -31.987575531,
            "stdev": 3.87692761421
        },
        "short_term": {
            "max": -15.3656873703,
            "mean": -18.9720401764,
            "min": -23.8564243317,
            "stdev": 2.75635409355
        }
    },
    "melbands_crest": {
        "max": 23.4449653625,
        "mean": 9.38123416901,
        "min": 3.59874582291,
        "stdev": 3.68875670433
    },
    "melbands_flatness_db": {
        "max": 0.282941550016,
        "mean": 0.135485172272,
        "min": 0.0810736045241,
        "stdev": 0.0302761383355
    },
    "melbands_kurtosis": {
        "max": 65.0811233521,
        "mean": 3.44292163849,
        "min": -0.733916521072,
        "stdev": 6.60441303253
    },
    "melbands_skewness": {
        "max": 7.01604890823,
        "mean": 0.910490870476,
        "min": -0.831771492958,
        "stdev": 0.998421907425
    },
    "melbands_spread": {
        "max": 49.0225334167,
        "mean": 23.4431591034,
        "min": 6.15941095352,
        "stdev": 6.87106561661
    },
    "pitch_salience": {
        "max": 0.865639269352,
        "mean": 0.713811337948,
        "min": 0.419886410236,
        "stdev": 0.0755789652467
    },
    "silence_rate_20dB": {
        "max": 1,
        "mean": 1,
        "min": 1,
        "stdev": 0
    },
    "silence_rate_30dB": {
        "max": 1,
        "mean": 1,
        "min": 1,
        "stdev": 0
    },
    "silence_rate_60dB": {
        "max": 1,
        "mean": 0.0854545459151,
        "min": 0,
        "stdev": 0.279558032751
    },
    "spectral_centroid": {
        "max": 2520.96826172,
        "mean": 1675.32836914,
        "min": 578.657104492,
        "stdev": 421.475128174
    },
    "spectral_complexity": {
        "max": 49,
        "mean": 25.0527267456,
        "min": 0,
        "stdev": 9.46167850494
    },
    "spectral_decrease": {
        "max": -1.09668947101e-14,
        "mean": -4.22801393896e-09,
        "min": -1.8053707862e-08,
        "stdev": 3.77489906001e-09
    },
    "spectral_energy": {
        "max": 0.0764552131295,
        "mean": 0.0180521346629,
        "min": 5.09098754264e-08,
        "stdev": 0.0160166267306
    },
    "spectral_energyband_high": {
        "max": 0.00813013408333,
        "mean": 0.000641892256681,
        "min": 6.94216462094e-09,
        "stdev": 0.00107669085264
    },
    "spectral_energyband_low": {
        "max": 0.0119549687952,
        "mean": 0.000840560707729,
        "min": 1.06991260296e-08,
        "stdev": 0.00132665690035
    },
    "spectral_energyband_middle_high": {
        "max": 0.0371702462435,
        "mean": 0.0102901319042,
        "min": 1.56590562739e-08,
        "stdev": 0.00843821652234
    },
    "spectral_energyband_middle_low": {
        "max": 0.0467579737306,
        "mean": 0.0068041998893,
        "min": 1.91691054141e-08,
        "stdev": 0.00809927750379
    },
    "spectral_entropy": {
        "max": 8.26924991608,
        "mean": 7.80059480667,
        "min": 7.34762144089,
        "stdev": 0.133611872792
    },
    "spectral_flux": {
        "max": 0.179515883327,
        "mean": 0.0741229355335,
        "min": 0.000225632174988,
        "stdev": 0.0347147732973
    },
    "spectral_kurtosis": {
        "max": 13.8618984222,
        "mean": 6.12562608719,
        "min": 1.14269828796,
        "stdev": 1.64381086826
    },
    "spectral_rms": {
        "max": 0.00863657612354,
        "mean": 0.00379427825101,
        "min": 7.04756484993e-06,
        "stdev": 0.00179312587716
    },
    "spectral_rolloff": {
        "max": 6287.6953125,
        "mean": 1945.74072266,
        "min": 215.33203125,
        "stdev": 590.528930664
    },
    "spectral_skewness": {
        "max": 3.16434550285,
        "mean": 1.91500174999,
        "min": 1.31072187424,
        "stdev": 0.213788837194
    },
    "spectral_spread": {
        "max": 8327187,
        "mean": 3761039.25,
        "min": 2719934.5,
        "stdev": 863715.625
    },
    "spectral_strongpeak": {
        "max": 11.8231115341,
        "mean": 1.23421096802,
        "min": 0.000118649797514,
        "stdev": 1.00189495087
    },
    "zerocrossingrate": {
        "max": 0.12841796875,
        "mean": 0.0786337032914,
        "min": 0.02734375,
        "stdev": 0.0166082493961
    },
    "barkbands": {
        "max": [0.000722955795936, 0.00943965651095, 0.00422697188333, 0.00301336450502, 0.00463862298056, 0.00134692678694, 0.0118544362485, 0.00393884722143, 0.0423999875784, 0.0211523547769, 0.0109067698941, 0.00712332222611, 0.00873142667115, 0.00692413607612, 0.00753933563828, 0.00313182221726, 0.00285232532769, 0.0017880591331, 0.00203630863689, 0.000781608046964, 0.0076368493028, 0.00178803061135, 0.000991392997093, 0.000484323740238, 0.0003097972658, 0.000226323172683, 5.65503760299e-05],
        "mean": [1.89124220924e-05, 0.000407332438044, 0.000324156833813, 0.000167222082382, 0.000242316309595, 0.00014752028801, 0.000343800929841, 0.00035169365583, 0.00453457934782, 0.00312350946479, 0.00136430561543, 0.000900379091036, 0.00125593156554, 0.00137299182825, 0.00102289242204, 0.000706345308572, 0.000532199046575, 0.000332984724082, 0.000195749817067, 0.000117221556138, 0.000329543196131, 0.000105150407762, 6.5231382905e-05, 4.32122724305e-05, 2.96802518278e-05, 1.52926149894e-05, 1.98385964723e-06],
        "min": [3.59503010694e-10, 3.9421692577e-09, 4.4592565196e-09, 2.9834930082e-09, 1.19875300797e-08, 1.43804934627e-09, 1.45493950221e-09, 4.59411064746e-10, 7.72364061596e-10, 5.98204097368e-10, 5.28615151651e-10, 7.33226757088e-10, 7.79266595696e-10, 1.11337228326e-09, 2.28221352927e-09, 2.55957743889e-09, 5.8563234262e-09, 4.25036839058e-10, 4.11182948801e-10, 7.4275058326e-10, 4.79766670836e-10, 1.27074395451e-09, 5.28118382359e-10, 1.30241883944e-09, 1.02829067483e-09, 1.85569570821e-09, 6.30205679308e-11],
        "stdev": [5.66540547879e-05, 0.000805481628049, 0.000559114618227, 0.000313784723403, 0.000445437442977, 0.000186774108442, 0.0011430104496, 0.000511849357281, 0.00652193604037, 0.00367295602337, 0.00190002424642, 0.000882469525095, 0.0014103774447, 0.00136163539719, 0.000922350795008, 0.000544554553926, 0.000425676465966, 0.000295181496767, 0.000190005186596, 0.000105889550468, 0.000914925592951, 0.000179509224836, 9.45474675973e-05, 5.64707916055e-05, 3.26558692905e-05, 1.91650997294e-05, 5.50773256691e-06]
    },
    "erbbands": {
        "max": [0.207574129105, 2.21987199783, 3.40766835213, 9.48552513123, 12.445104599, 19.6438274384, 7.60163164139, 12.6255159378, 184.11517334, 76.4243850708, 147.653869629, 915.476623535, 852.16394043, 495.723846436, 348.621582031, 186.991210938, 383.88494873, 369.51940918, 349.57043457, 200.07019043, 166.494567871, 182.199157715, 102.089141846, 116.701820374, 61.9528884888, 38.1229171753, 86.6829223633, 440.433135986, 89.3357467651, 21.6017818451, 27.7077541351, 13.7284870148, 5.42456865311, 2.73211693764, 2.61357021332, 1.10662257671, 0.418276816607, 0.090253405273, 0.00491449795663, 0.00021697372722],
        "mean": [0.0101658403873, 0.0975126326084, 0.358920961618, 0.495260119438, 0.636740863323, 0.908090531826, 0.82165646553, 1.44480741024, 4.74487686157, 4.67274093628, 16.7363128662, 92.6121673584, 121.165664673, 83.7811355591, 49.9653129578, 37.3140869141, 55.9386520386, 73.1966323853, 61.7062225342, 45.4498405457, 37.397354126, 29.9199352264, 19.93126297, 12.4919815063, 8.68169307709, 5.40759468079, 5.07201910019, 16.8276157379, 5.9544210434, 2.2574057579, 1.79877352715, 1.05735683441, 0.663237392902, 0.349491149187, 0.206450104713, 0.0806651860476, 0.0261343829334, 0.00486003048718, 0.000256223778706, 3.49950569216e-05],
        "min": [1.55676545432e-07, 7.62977606428e-07, 4.62504613097e-06, 8.17091040517e-06, 2.19728826778e-05, 5.14054518135e-05, 1.60512336151e-05, 1.71302363015e-05, 2.4243392545e-05, 1.5389501641e-05, 7.0301971391e-06, 1.11685521915e-05, 2.21058344323e-05, 2.06779350265e-05, 2.73257883237e-05, 3.0772836908e-05, 3.48865687556e-05, 4.46843987447e-05, 0.000161184609169, 9.91585911834e-05, 0.000157747897902, 0.000319395272527, 3.85654057027e-05, 2.56176717812e-05, 2.54919050349e-05, 2.6277914003e-05, 1.96702621906e-05, 2.44870516326e-05, 3.40292863257e-05, 3.68196815543e-05, 1.60926974786e-05, 1.09941011033e-05, 3.30870498146e-05, 1.4449588889e-05, 7.42269503462e-06, 4.76584182252e-06, 3.25983478433e-06, 1.08030735646e-06, 2.78897385186e-08, 9.90814319479e-10],
        "stdev": [0.0227897968143, 0.185720637441, 0.588156580925, 0.863685667515, 1.2020059824, 1.86491703987, 1.07835936546, 1.88786745071, 17.4080467224, 6.86496925354, 23.3322486877, 142.788818359, 157.651397705, 91.1756668091, 62.6379966736, 33.6837692261, 59.3687973022, 75.6864929199, 55.0086631775, 35.3183860779, 27.530708313, 23.69049263, 17.1209964752, 11.4328365326, 7.94868612289, 4.77210140228, 7.24761343002, 51.8743095398, 11.094824791, 3.15398144722, 2.47377896309, 1.57365989685, 0.791769981384, 0.351964265108, 0.261655926704, 0.106015011668, 0.0319639593363, 0.00816000811756, 0.000519055640325, 3.27249326801e-05]
    },
    "gfcc": {
        "mean": [-13.7206697464, 47.9705123901, -169.419128418, -5.35007953644, -59.4993972778, 23.2006568909, -35.6129798889, 14.6447515488, -24.302236557, -1.01038169861, -28.16065979, -2.40118741989, -13.3896465302],
        "cov": [[3945.1262207, 485.808807373, -236.160980225, 106.364494324, 61.2215385437, 426.859924316, 779.793518066, 249.617340088, 227.637771606, 95.7544250488, -121.971611023, 34.6379699707, 33.84009552], [485.808807373, 754.382995605, 749.747253418, 240.682800293, 173.528091431, 144.156982422, 210.603271484, 27.8940658569, 106.8489151, -5.85749006271, 139.716949463, -51.1476707458, 37.9754829407], [-236.160980225, 749.747253418, 1385.54504395, 324.09552002, 263.480957031, 144.423355103, 113.187446594, -36.8630065918, 116.208053589, -51.6555900574, 254.331619263, -73.8269958496, 27.7913074493], [106.364494324, 240.682800293, 324.09552002, 186.130279541, 66.1555862427, 90.776763916, 78.8297424316, 18.2118701935, 52.3109512329, 30.1499214172, 45.3846054077, -10.2048854828, 8.26815986633], [61.2215385437, 173.528091431, 263.480957031, 66.1555862427, 131.585769653, 54.1318283081, 87.0924453735, 6.70336580276, 40.8788909912, -16.9826488495, 39.9209213257, -6.30549478531, 3.16951298714], [426.859924316, 144.156982422, 144.423355103, 90.776763916, 54.1318283081, 158.42199707, 169.461837769, 65.8134613037, 73.8109893799, 30.3402748108, -2.24057793617, 2.12703227997, 12.9999408722], [779.793518066, 210.603271484, 113.187446594, 78.8297424316, 87.0924453735, 169.461837769, 316.372711182, 98.8550567627, 113.192062378, 36.5370826721, -27.5915699005, 14.2786741257, 14.4413547516], [249.617340088, 27.8940658569, -36.8630065918, 18.2118701935, 6.70336580276, 65.8134613037, 98.8550567627, 77.8546524048, 47.2098655701, 28.7501945496, -24.8215961456, 5.13398075104, 4.88403320312], [227.637771606, 106.8489151, 116.208053589, 52.3109512329, 40.8788909912, 73.8109893799, 113.192062378, 47.2098655701, 89.1579589844, 27.5282821655, 11.5075445175, 1.45325052738, 4.41983985901], [95.7544250488, -5.85749006271, -51.6555900574, 30.1499214172, -16.9826488495, 30.3402748108, 36.5370826721, 28.7501945496, 27.5282821655, 70.6750564575, -5.48509263992, 17.6706981659, -2.05999684334], [-121.971611023, 139.716949463, 254.331619263, 45.3846054077, 39.9209213257, -2.24057793617, -27.5915699005, -24.8215961456, 11.5075445175, -5.48509263992, 103.46522522, -4.00095891953, 9.6201505661], [34.6379699707, -51.1476707458, -73.8269958496, -10.2048854828, -6.30549478531, 2.12703227997, 14.2786741257, 5.13398075104, 1.45325052738, 17.6706981659, -4.00095891953, 43.7252616882, 8.90101051331], [33.84009552, 37.9754829407, 27.7913074493, 8.26815986633, 3.16951298714, 12.9999408722, 14.4413547516, 4.88403320312, 4.41983985901, -2.05999684334, 9.6201505661, 8.90101051331, 32.4490890503]],
        "icov": [[0.000697588024195, -0.00056306499755, 0.000625780841801, 6.4220825152e-05, 0.000823782698717, -0.000873489538208, -0.00173306150828, 0.000532916223165, 0.000198083333089, 0.000541727175005, -0.000691007648129, 0.000131191656692, 0.000515995488968], [-0.00056306499755, 0.00572172319517, -0.00136415869929, -0.00342754460871, -0.00103986868635, 0.00307862902991, -0.0029320504982, -0.000573443714529, 0.000983102596365, -0.000254817714449, -0.00348895927891, 0.00540914712474, -0.00440736720338], [0.000625780841801, -0.00136415869929, 0.00424498179927, -0.00288376747631, -0.00151535181794, -0.0018680349458, -0.00105438171886, 0.00220710481517, -0.00170524173882, 0.0030623737257, -0.00538005772978, 0.00260932161473, 0.000382417318178], [6.4220825152e-05, -0.00342754460871, -0.00288376747631, 0.0162876304239, -0.000699772499502, -0.00686096772552, 0.00390956038609, 0.00144137663301, 0.00018801051192, -0.00812528003007, 0.00542804598808, -0.00292864907533, 0.00177680433262], [0.000823782698717, -0.00103986868635, -0.00151535181794, -0.000699772499502, 0.0177309624851, -0.000780813395977, -0.00631730630994, 0.00177598185837, -0.000801504938863, 0.00642316183075, -0.00190773257054, -0.00392727321014, 0.0051189167425], [-0.000873489538208, 0.00307862902991, -0.0018680349458, -0.00686096772552, -0.000780813395977, 0.0230838470161, -0.00695938756689, -0.0072030229494, -0.000533700105734, -0.00125477602705, 0.000229091441724, 0.00303344824351, -0.00524120777845], [-0.00173306150828, -0.0029320504982, -0.00105438171886, 0.00390956038609, -0.00631730630994, -0.00695938756689, 0.0198250841349, -0.00486923567951, -0.00761504424736, -0.00144282588735, 0.00960064399987, -0.00782874412835, 0.000707408646122], [0.000532916223165, -0.000573443714529, 0.00220710481517, 0.00144137663301, 0.00177598185837, -0.0072030229494, -0.00486923567951, 0.0314160697162, -0.00859462469816, -0.00414695311338, 0.00189966359176, 0.004182101693, -0.00279446109198], [0.000198083333089, 0.000983102596365, -0.00170524173882, 0.00018801051192, -0.000801504938863, -0.000533700105734, -0.00761504424736, -0.00859462469816, 0.0290744379163, -0.00628973357379, -0.00437070243061, 0.00247766915709, 0.00128686975222], [0.000541727175005, -0.000254817714449, 0.0030623737257, -0.00812528003007, 0.00642316183075, -0.00125477602705, -0.00144282588735, -0.00414695311338, -0.00628973357379, 0.027961730957, -0.00566270295531, -0.00853667873889, 0.00697474833578], [-0.000691007648129, -0.00348895927891, -0.00538005772978, 0.00542804598808, -0.00190773257054, 0.000229091441724, 0.00960064399987, 0.00189966359176, -0.00437070243061, -0.00566270295531, 0.0281557515264, -0.00959538668394, -0.00191498850472], [0.000131191656692, 0.00540914712474, 0.00260932161473, -0.00292864907533, -0.00392727321014, 0.00303344824351, -0.00782874412835, 0.004182101693, 0.00247766915709, -0.00853667873889, -0.00959538668394, 0.0396801643074, -0.014851952903], [0.000515995488968, -0.00440736720338, 0.000382417318178, 0.00177680433262, 0.0051189167425, -0.00524120777845, 0.000707408646122, -0.00279446109198, 0.00128686975222, 0.00697474833578, -0.00191498850472, -0.014851952903, 0.0412718839943]]
    },
    "melbands": {
        "max": [0.00232941727154, 0.00199424684979, 0.00150719704106, 0.00133826490492, 0.000319423008477, 0.000263712747255, 0.00280281156301, 0.000855403544847, 0.00233358913101, 0.0063518602401, 0.00418565003201, 0.00222237268463, 0.0015194430016, 0.000897083838936, 0.000489811121952, 0.00104421249125, 0.00072917988291, 0.000555122445803, 0.000509910634719, 0.000268749339739, 0.000231317389989, 0.000215629683225, 0.000140543634188, 9.0217225079e-05, 0.000104892875243, 6.10421484453e-05, 3.65658670489e-05, 2.41363850364e-05, 2.79713567579e-05, 9.25439744606e-05, 0.000379831821192, 7.83444556873e-05, 1.7136320821e-05, 1.81995583262e-05, 1.73235439433e-05, 1.34594038173e-05, 7.4323465924e-06, 3.84688064514e-06, 3.56874738827e-06, 2.45784303843e-06],
        "mean": [0.000100611228845, 0.000166781057487, 8.9289736934e-05, 5.7501358242e-05, 3.10263567371e-05, 3.13854252454e-05, 7.3363618867e-05, 5.09917299496e-05, 0.000181311304914, 0.000651326670777, 0.000601092528086, 0.000346511194948, 0.000183278694749, 0.000104289581941, 9.20179154491e-05, 0.000142878387123, 0.000133873516461, 0.000100659519376, 7.29831081117e-05, 5.22751215613e-05, 4.1577994125e-05, 3.26151239278e-05, 2.22164580919e-05, 1.43051820487e-05, 9.71637382463e-06, 6.97094810675e-06, 5.02692182636e-06, 3.18107436215e-06, 2.70921123047e-06, 4.22437005909e-06, 1.22185329019e-05, 3.4072534163e-06, 1.34377967242e-06, 1.18194020615e-06, 1.07522646431e-06, 8.50557910326e-07, 5.63416335808e-07, 4.85534826566e-07, 3.55315137313e-07, 2.71644239547e-07],
        "min": [1.20084409083e-09, 1.89632975989e-09, 1.72349634564e-09, 2.79576339857e-09, 9.63965685052e-10, 3.59128116134e-10, 3.37855327048e-10, 1.46053030781e-10, 4.77030047408e-11, 9.21336132387e-11, 1.17993684268e-10, 8.71419325588e-11, 7.74159347738e-11, 8.52990802991e-11, 8.70276697928e-11, 7.22004747655e-11, 6.93670051954e-11, 2.76148492961e-10, 9.45241385164e-11, 2.1684022633e-10, 1.73898256906e-10, 4.35609825988e-10, 5.40228417556e-11, 1.9683523908e-11, 2.05839390671e-11, 1.49456558241e-11, 2.59666437658e-11, 1.56263127438e-11, 1.25240148113e-11, 1.39335184016e-11, 1.47648351878e-11, 1.87092424886e-11, 2.58903037897e-11, 1.51785944924e-11, 8.83319892925e-12, 9.2111014996e-12, 4.59165257899e-12, 2.45665276316e-11, 1.32682042436e-11, 1.38853911008e-11],
        "stdev": [0.000209173784242, 0.000265653885435, 0.00014769093832, 0.000118581272545, 4.26810511271e-05, 3.94358648919e-05, 0.000265733979177, 6.75538685755e-05, 0.000272611912806, 0.000972713227384, 0.000782149028964, 0.000381192192435, 0.000253195030382, 0.000106865540147, 8.21046342026e-05, 0.000172582746018, 0.000139734795084, 9.3639268016e-05, 6.60564983264e-05, 4.20316318923e-05, 3.16718324029e-05, 2.72691358987e-05, 1.952479397e-05, 1.303613044e-05, 9.63288766798e-06, 6.7610944825e-06, 4.94124924444e-06, 2.87525813292e-06, 3.1515221508e-06, 1.12152883958e-05, 4.15776557929e-05, 7.1425583883e-06, 1.82285043593e-06, 1.95170446204e-06, 1.52290226652e-06, 1.30421381073e-06, 8.63977845711e-07, 5.75822753035e-07, 4.17984011847e-07, 2.87725157477e-07]
    },
    "melbands128": {
        "max": [0.000718643772416, 0.00142555485945, 0.00290210056119, 0.00423988141119, 0.00203310512006, 0.00231669936329, 0.00217515369877, 0.00120951212011, 0.00113380386028, 0.00227308669128, 0.00119111838285, 0.000581676256843, 0.000249243312282, 0.000548185838852, 0.000351465540007, 0.000302579865092, 0.00122691038996, 0.00547837652266, 0.00170999299735, 0.00125410675537, 0.00106086290907, 0.0010528418934, 0.00186608475633, 0.00733095221221, 0.00864899717271, 0.00994950346649, 0.00929767079651, 0.00633470341563, 0.00482666445896, 0.00381323951297, 0.003307642648, 0.00222623068839, 0.00249388045631, 0.00129462056793, 0.00201048329473, 0.000698056421243, 0.000784408883192, 0.000552947924007, 0.000910722068511, 0.00106741650961, 0.00186937570106, 0.00133982254192, 0.00120206212159, 0.000866983202286, 0.00146523676813, 0.000699341413565, 0.00122337020002, 0.000760126160458, 0.000401452358346, 0.00044799974421, 0.000369194109226, 0.000327468500473, 0.000458374357549, 0.000506606302224, 0.00028552749427, 0.000346499902662, 0.000381180638215, 0.00031043816125, 0.000189150130609, 0.000152039079694, 0.00011655313574, 0.000105039529444, 0.000105703766167, 0.000117050476547, 0.000138357368996, 5.87541908317e-05, 4.36361769971e-05, 5.13943050464e-05, 4.79469636048e-05, 6.04156521149e-05, 3.02836215269e-05, 2.39201344812e-05, 3.73952498194e-05, 4.06735562137e-05, 6.42107552267e-05, 0.000224783478188, 0.000221602094825, 0.000424661498982, 0.000915921234991, 0.000157375499839, 0.000150402498548, 0.000104854174424, 1.80220631592e-05, 2.89741674351e-05, 1.18339294204e-05, 1.77692054422e-05, 3.20733452099e-05, 2.51546516665e-05, 1.47130613186e-05, 1.37072584039e-05, 2.01751390705e-05, 1.4862162061e-05, 9.751673133e-06, 7.65246386436e-06, 7.19750414646e-06, 4.5307911023e-06, 4.9795967243e-06, 1.06316429083e-05, 5.25563473275e-06, 2.99765497402e-06, 2.73237060355e-06, 2.71713702205e-06, 3.11961116495e-06, 3.98145448344e-06, 3.1837894312e-06, 5.10566678713e-06, 2.8320121146e-06, 2.24458881348e-06, 1.8433496507e-06, 2.04495700018e-06, 3.20817184729e-06, 2.25016151489e-06, 1.14364479487e-06, 1.10986798063e-06, 5.45060515833e-07, 7.94654113179e-07, 1.94176686819e-06, 1.89024390806e-07, 2.55057500453e-07, 1.97360208176e-07, 1.35331873707e-07, 1.85660184115e-07, 2.69086143589e-07, 1.3537122534e-08, 1.30881669946e-08, 1.29273169946e-08, 1.28006218958e-08, 1.2730054344e-08],
        "mean": [1.62291416927e-05, 7.66561424825e-05, 0.000121417142509, 0.00017340350314, 0.0001941126975, 0.000148081962834, 0.000102122066892, 7.82747010817e-05, 5.64160727663e-05, 6.72613241477e-05, 5.08223456563e-05, 3.19966311508e-05, 2.37052099692e-05, 3.16063524224e-05, 3.17345584335e-05, 2.87432485493e-05, 4.74005610158e-05, 0.000113362584671, 6.09051894571e-05, 4.03244157496e-05, 4.83161857119e-05, 6.81135497871e-05, 0.000127931227325, 0.000352705799742, 0.000620220729616, 0.000701259938069, 0.000931240967475, 0.000520649715327, 0.000442841119366, 0.000395641312934, 0.000317692727549, 0.000223366019782, 0.000200523805688, 0.000128113475512, 0.000115038252261, 8.97705904208e-05, 0.000102859281469, 7.96358363004e-05, 9.04279513634e-05, 0.00013378613221, 0.000158965718583, 0.000146959122503, 0.000145020283526, 0.000119625670777, 0.000111269117042, 9.13557232707e-05, 0.000100791119621, 7.63401476434e-05, 5.94631383137e-05, 5.85664529353e-05, 5.15540632477e-05, 4.5526510803e-05, 4.46215672127e-05, 3.97451367462e-05, 3.5852084693e-05, 3.40522965416e-05, 2.79488085653e-05, 2.26576448767e-05, 2.14831616177e-05, 1.8477509002e-05, 1.33049825308e-05, 1.19087644634e-05, 1.11899798867e-05, 8.69068389875e-06, 7.97897428129e-06, 7.10639915269e-06, 6.27600229564e-06, 5.98607266511e-06, 4.56739326182e-06, 3.90866853195e-06, 3.23698668581e-06, 2.78076367977e-06, 2.80758104054e-06, 2.67552763944e-06, 2.53029384112e-06, 3.02324201584e-06, 4.13884845329e-06, 1.0430583643e-05, 2.02812443604e-05, 5.31895238964e-06, 3.10615519084e-06, 3.24626398651e-06, 1.40376107538e-06, 1.20944662285e-06, 1.12781845019e-06, 1.16416606488e-06, 1.26662905586e-06, 1.10065809622e-06, 1.11066333375e-06, 9.30510339003e-07, 1.08889071271e-06, 7.42460372294e-07, 6.71069187774e-07, 5.6107603541e-07, 5.05732316469e-07, 4.7437740136e-07, 4.65876070166e-07, 5.28861960447e-07, 3.09462933501e-07, 3.30301872964e-07, 2.80306778677e-07, 2.60320945245e-07, 2.58344527992e-07, 2.75749641787e-07, 2.55360077972e-07, 2.00851005161e-07, 1.81012623557e-07, 1.56227287107e-07, 1.2973463015e-07, 1.18141272765e-07, 1.13142014868e-07, 9.27134351514e-08, 8.23132495498e-08, 6.58893597461e-08, 5.1675115742e-08, 5.18450029574e-08, 4.48425829802e-08, 5.31059152209e-09, 4.57071847038e-09, 3.81122333692e-09, 4.53062121153e-09, 5.72627456563e-09, 8.66159766133e-09, 2.7497620847e-10, 2.57763515393e-11, 2.53242704584e-11, 2.50048211303e-11, 2.48558465477e-11],
        "min": [1.9060345316e-11, 9.30614030281e-10, 9.72962488355e-10, 1.29177546437e-09, 2.32184005355e-09, 2.04539252202e-09, 1.60772295477e-09, 1.46074363716e-09, 1.98965177667e-09, 3.3131704047e-09, 3.266512838e-09, 1.57237134424e-09, 2.69316735579e-10, 2.21524742994e-10, 4.36823910377e-10, 3.55283469311e-10, 4.48124704011e-10, 3.93761134809e-10, 9.42538685988e-11, 2.28123089863e-10, 1.15521883726e-10, 5.28158697333e-11, 4.59636773087e-11, 3.51391762909e-11, 2.50649553196e-11, 1.21946355791e-10, 2.42200426381e-10, 4.02650725262e-11, 9.49693795826e-11, 1.54687915255e-10, 3.77085376813e-11, 6.28463045493e-11, 5.9684465703e-11, 1.29765476142e-10, 6.6585355285e-11, 1.05009639872e-10, 4.38527443525e-11, 1.26003402157e-10, 7.2740272139e-11, 5.74274516829e-11, 1.04319851368e-10, 3.41113387536e-11, 8.65727420307e-11, 6.17160073046e-11, 9.37467048434e-11, 5.14482068059e-10, 2.27619006976e-10, 2.97088326162e-11, 5.75311465134e-11, 1.12540997355e-10, 2.80644535389e-10, 3.2465788391e-10, 2.11501094416e-11, 4.68578925661e-11, 5.9880256309e-10, 6.40828223819e-10, 1.49571730002e-10, 6.48457815222e-11, 2.72469460189e-11, 8.66851035397e-12, 2.20847298782e-11, 2.40111992789e-11, 2.14408109322e-11, 1.92956345346e-11, 1.81934033811e-11, 1.59765985164e-11, 7.82302521374e-12, 2.53434599695e-11, 3.71227874829e-11, 1.85341637871e-11, 9.81347988982e-12, 1.3623450458e-11, 2.77222186179e-11, 5.42457528549e-12, 4.6729252412e-12, 2.08745330049e-11, 1.27270399081e-11, 1.03838951326e-11, 1.49188821019e-11, 1.55517439204e-11, 3.06512142056e-11, 9.75631554712e-12, 1.70490063039e-11, 2.64835844227e-11, 3.69385945442e-11, 2.24204630556e-11, 4.06164164801e-12, 7.75626785021e-12, 1.25064481341e-11, 5.18112375919e-12, 1.08434624127e-11, 1.09511800669e-11, 4.72286489431e-12, 1.99379163353e-12, 4.73810617477e-12, 1.36468674902e-11, 3.3218837403e-11, 3.79664910621e-11, 9.72957651946e-12, 2.28763492524e-12, 7.88463478535e-12, 1.87225825121e-11, 1.66144025621e-11, 1.32261510771e-11, 7.03082730924e-12, 3.8033239752e-12, 3.27956824024e-12, 9.22704360834e-12, 1.29976515661e-11, 5.91745055734e-12, 5.13344922126e-12, 6.14212326833e-12, 1.01011256651e-11, 1.51308115343e-11, 1.80954123213e-11, 1.6840844691e-11, 2.41084035331e-13, 2.10813273305e-13, 1.96549767022e-13, 8.90785925925e-14, 2.10130930668e-13, 1.29425739874e-13, 1.19560611411e-13, 1.25949530211e-13, 8.92808369552e-14, 2.87365752938e-14, 4.18761230661e-15, 2.84234558006e-16],
        "stdev": [5.11052712682e-05, 0.00018824293511, 0.000275707920082, 0.000339631718816, 0.000328785041347, 0.000267977913609, 0.000192085484741, 0.000155795671162, 0.000107631960418, 0.000179813854629, 0.000110160326585, 5.42463167221e-05, 3.24204956996e-05, 5.51013945369e-05, 4.79860245832e-05, 3.58590332326e-05, 0.000128027619212, 0.000509762845468, 0.000178599380888, 7.12388500688e-05, 7.59145550546e-05, 0.000115628026833, 0.0002279276232, 0.000650130270515, 0.00117241346743, 0.00120062602218, 0.00146538123954, 0.000823106034659, 0.000698954565451, 0.000488717167173, 0.000441775948275, 0.000355627737008, 0.000360460340744, 0.000181800569408, 0.000182268209755, 9.95411901386e-05, 0.000119626398373, 8.9609362476e-05, 0.000110959765152, 0.000174545653863, 0.00025090877898, 0.000203961026273, 0.000184178570635, 0.000137594979606, 0.000149011175381, 9.81140910881e-05, 0.000123098405311, 9.25817512325e-05, 5.94521479798e-05, 5.92015458096e-05, 5.10989630129e-05, 4.63792384835e-05, 4.54914697912e-05, 4.01345059799e-05, 3.54465810233e-05, 3.66047788702e-05, 3.12482552545e-05, 2.43498034251e-05, 2.44059010583e-05, 2.10350863199e-05, 1.44650994116e-05, 1.29807203848e-05, 1.18593916341e-05, 1.10022356239e-05, 1.06653851617e-05, 7.59456133892e-06, 6.76035779179e-06, 7.41923622627e-06, 5.13364921062e-06, 4.76384229842e-06, 3.41931968251e-06, 2.79992809737e-06, 3.09952019961e-06, 3.60997887583e-06, 4.77265621157e-06, 1.15984203148e-05, 1.65864021255e-05, 4.78598813061e-05, 8.5716121248e-05, 1.76134253707e-05, 9.74845897872e-06, 9.70310884441e-06, 2.07447374123e-06, 1.97811368707e-06, 1.5352883338e-06, 1.91852313947e-06, 2.64559344032e-06, 2.20435731535e-06, 1.49672416683e-06, 1.35012464852e-06, 1.73434034423e-06, 1.42902729294e-06, 1.20017296013e-06, 8.50786989304e-07, 8.28914721751e-07, 6.18663023033e-07, 5.49226342628e-07, 1.12942655051e-06, 4.83327369238e-07, 3.834744291e-07, 3.29716073111e-07, 3.1555433111e-07, 3.39113199743e-07, 4.33717360693e-07, 3.68003782114e-07, 3.30838815898e-07, 2.70268230906e-07, 2.17682199377e-07, 1.69270123251e-07, 1.79145629886e-07, 1.98159142428e-07, 1.45760239434e-07, 9.26815459934e-08, 7.47643511545e-08, 6.37156603034e-08, 8.34207156686e-08, 1.59826996082e-07, 1.71463927501e-08, 1.82908976853e-08, 1.49913876868e-08, 1.50952548239e-08, 2.01759817742e-08, 3.04701224252e-08, 1.38108657843e-09, 5.5749965755e-10, 5.50653911358e-10, 5.4526028137e-10, 5.42254796621e-10]
    },
    "mfcc": {
        "mean": [-644.437255859, 94.2260360718, -52.2044029236, -19.7504291534, -8.30376434326, 0.104804769158, -2.68828868866, 7.75270795822, 7.01319360733, 4.75230169296, -2.47617602348, -5.06896829605, -9.59765625],
        "cov": [[4134.22705078, 166.617126465, -536.016113281, -119.133125305, -498.277496338, 317.245269775, 189.976898193, 426.583648682, 392.385620117, 233.520462036, 286.748474121, -56.4789123535, -127.217353821], [166.617126465, 616.374450684, 575.09942627, 196.493148804, 169.649627686, 117.326812744, 187.919799805, 82.2281646729, 40.8360176086, 87.7005004883, 35.752281189, 74.8067245483, 28.8848838806], [-536.016113281, 575.09942627, 1015.51971436, 276.643859863, 334.372589111, 125.206581116, 203.228103638, 22.845369339, -13.8703317642, 84.0878601074, 0.046843316406, 141.897750854, 47.8277511597], [-119.133125305, 196.493148804, 276.643859863, 144.318344116, 98.8309555054, 54.8046073914, 66.5248413086, 11.7408504486, 9.12998199463, 20.517490387, 11.7264623642, 49.0794219971, 23.8397121429], [-498.277496338, 169.649627686, 334.372589111, 98.8309555054, 198.618331909, 7.37981176376, 43.7036743164, -36.2489776611, -60.4872360229, -0.385856926441, -42.2375984192, 47.5384635925, 32.0278244019], [317.245269775, 117.326812744, 125.206581116, 54.8046073914, 7.37981176376, 124.319587708, 81.4013214111, 81.0011444092, 81.9136505127, 48.1208724976, 61.0374107361, 27.7523784637, -6.1114358902], [189.976898193, 187.919799805, 203.228103638, 66.5248413086, 43.7036743164, 81.4013214111, 117.850067139, 70.5484924316, 51.2225761414, 48.5097618103, 34.7187843323, 25.8057117462, 0.642572879791], [426.583648682, 82.2281646729, 22.845369339, 11.7408504486, -36.2489776611, 81.0011444092, 70.5484924316, 127.786201477, 97.7136383057, 58.6378250122, 57.8016891479, -0.522828936577, -19.137336731], [392.385620117, 40.8360176086, -13.8703317642, 9.12998199463, -60.4872360229, 81.9136505127, 51.2225761414, 97.7136383057, 138.703918457, 57.7639503479, 80.1324462891, 2.20735049248, -21.6912212372], [233.520462036, 87.7005004883, 84.0878601074, 20.517490387, -0.385856926441, 48.1208724976, 48.5097618103, 58.6378250122, 57.7639503479, 76.0708847046, 43.6009140015, 14.0100727081, -5.78737640381], [286.748474121, 35.752281189, 0.046843316406, 11.7264623642, -42.2375984192, 61.0374107361, 34.7187843323, 57.8016891479, 80.1324462891, 43.6009140015, 89.4308319092, 15.58938694, -10.42623806], [-56.4789123535, 74.8067245483, 141.897750854, 49.0794219971, 47.5384635925, 27.7523784637, 25.8057117462, -0.522828936577, 2.20735049248, 14.0100727081, 15.58938694, 72.4754257202, 28.9560451508], [-127.217353821, 28.8848838806, 47.8277511597, 23.8397121429, 32.0278244019, -6.1114358902, 0.642572879791, -19.137336731, -21.6912212372, -5.78737640381, -10.42623806, 28.9560451508, 51.034702301]],
        "icov": [[0.000707305269316, -0.000644411949906, 0.000515857653227, 0.000171029649209, 0.00160187901929, -0.00130239443388, -0.000181773124496, -0.000735417939723, 0.000712146516889, -0.00103438447695, 0.000192408406292, -0.000526051793713, 0.000652962597087], [-0.000644411949906, 0.00567587744445, -0.00197067600675, -0.00287542352453, -0.00117189681623, 0.00242647738196, -0.00401402125135, -0.00053026759997, 0.000383965467336, -0.000493569066748, -0.000722395430785, 0.00163600745145, -0.00171967654023], [0.000515857653227, -0.00197067600675, 0.0054580559954, -0.00213647214696, -0.00341129396111, -0.00146890513133, -0.00279490277171, 0.00122207170352, 0.000511197198648, -0.00314917205833, 0.0012086086208, -0.00388660049066, 0.00305482954718], [0.000171029649209, -0.00287542352453, -0.00213647214696, 0.0189659874886, -0.00272093876265, -0.00423496495932, 0.000285854534013, 0.00212981528603, -0.00257323565893, 0.00362441921607, -0.00133381097112, -0.00138526596129, -0.0029772487469], [0.00160187901929, -0.00117189681623, -0.00341129396111, -0.00272093876265, 0.0203469656408, -0.00350229535252, -0.000350861228071, -0.000883347878698, 0.00556232081726, -0.00264449976385, 0.00488600740209, -0.00140360521618, -0.000532195263077], [-0.00130239443388, 0.00242647738196, -0.00146890513133, -0.00423496495932, -0.00350229535252, 0.0270190984011, -0.00826139748096, -0.00440498162061, -0.00630632415414, 0.00440252525732, -0.00628708163276, -0.00243612308986, 0.000537310435902], [-0.000181773124496, -0.00401402125135, -0.00279490277171, 0.000285854534013, -0.000350861228071, -0.00826139748096, 0.0299752932042, -0.00842412002385, 0.000715317029972, -0.000550599652342, 0.000552088022232, 0.00228167511523, -0.000941156817134], [-0.000735417939723, -0.00053026759997, 0.00122207170352, 0.00212981528603, -0.000883347878698, -0.00440498162061, -0.00842412002385, 0.0269382167608, -0.0105675635859, -0.0054565705359, 0.00259293545969, 0.00210380437784, 0.000786907272413], [0.000712146516889, 0.000383965467336, 0.000511197198648, -0.00257323565893, 0.00556232081726, -0.00630632415414, 0.000715317029972, -0.0105675635859, 0.0271504726261, -0.00559530546889, -0.0100597515702, 0.000763459771406, 0.0024800891988], [-0.00103438447695, -0.000493569066748, -0.00314917205833, 0.00362441921607, -0.00264449976385, 0.00440252525732, -0.000550599652342, -0.0054565705359, -0.00559530546889, 0.0292071197182, -0.00691491086036, 0.000232903839787, -0.00150419713464], [0.000192408406292, -0.000722395430785, 0.0012086086208, -0.00133381097112, 0.00488600740209, -0.00628708163276, 0.000552088022232, 0.00259293545969, -0.0100597515702, -0.00691491086036, 0.0297265145928, -0.00738354027271, 0.00272753299214], [-0.000526051793713, 0.00163600745145, -0.00388660049066, -0.00138526596129, -0.00140360521618, -0.00243612308986, 0.00228167511523, 0.00210380437784, 0.000763459771406, 0.000232903839787, -0.00738354027271, 0.0283537823707, -0.0138433938846], [0.000652962597087, -0.00171967654023, 0.00305482954718, -0.0029772487469, -0.000532195263077, 0.000537310435902, -0.000941156817134, 0.000786907272413, 0.0024800891988, -0.00150419713464, 0.00272753299214, -0.0138433938846, 0.0307238679379]]
    },
    "spectral_contrast_coeffs": {
        "max": [-0.574354052544, -0.578355908394, -0.619182109833, -0.736191272736, -0.720549464226, -0.653760433197],
        "mean": [-0.76053494215, -0.781277060509, -0.775844216347, -0.817909479141, -0.799167454243, -0.773425757885],
        "min": [-0.897086203098, -0.92460668087, -0.925555944443, -0.915053486824, -0.895976364613, -0.869399309158],
        "stdev": [0.0534740574658, 0.071551002562, 0.0558021701872, 0.0285419207066, 0.0253818631172, 0.0364099405706]
    },
    "spectral_contrast_valleys": {
        "max": [-6.15139627457, -5.69490718842, -5.07921361923, -5.58842372894, -6.22997570038, -8.58732128143],
        "mean": [-8.04172039032, -6.85971212387, -6.5029835701, -6.61494779587, -7.31618356705, -10.0949487686],
        "min": [-12.7818660736, -13.0685396194, -13.1558389664, -13.1231060028, -13.2088317871, -15.327750206],
        "stdev": [1.10455131531, 0.585563242435, 0.806192576885, 0.727058291435, 0.675465106964, 0.573399841785]
    }
},
"rhythm": {
    "beats_count": 20,
    "beats_loudness": {
        "max": 0.0415966250002,
        "mean": 0.0178832616657,
        "min": 0.00162344460841,
        "stdev": 0.0127546722069
    },
    "bpm": 103.37966156,
    "bpm_histogram_first_peak_bpm": 103,
    "bpm_histogram_first_peak_weight": 0.25,
    "bpm_histogram_second_peak_bpm": 92,
    "bpm_histogram_second_peak_spread": 0.400000035763,
    "bpm_histogram_second_peak_weight": 0.157894730568,
    "danceability": 0.656906604767,
    "onset_rate": 1.17560708523,
    "beats_loudness_band_ratio": {
        "max": [0.487570077181, 0.180108681321, 0.504239141941, 0.561921954155, 0.532792568207, 0.142705947161],
        "mean": [0.0623340718448, 0.0344302132726, 0.262778878212, 0.374360322952, 0.246769115329, 0.0559194870293],
        "min": [0.00130122480914, 0.00513932202011, 0.0553928166628, 0.11323492229, 0.0849225372076, 0.0203270241618],
        "stdev": [0.116724826396, 0.0493648946285, 0.122911207378, 0.0984497368336, 0.144074529409, 0.0327525697649]
    },
    "beats_position": [0.603718817234, 1.21904754639, 1.83437633514, 2.43809509277, 3.01859402657, 3.59909296036, 4.1679816246, 4.74848079681, 5.31736946106, 5.89786815643, 6.47836732864, 7.05886602402, 7.63936471939, 8.2198638916, 8.80036258698, 9.45052146912, 10.1006803513, 10.7508392334, 11.3893871307, 12.0279359818],
