{
"metadata": {
    "version": {
        "essentia": "2.1-beta5",
        "essentia_git_sha": "Undefined",
        "extractor": "music 2.0"
    },
    "audio_properties": {
        "analysis": {
            "equal_loudness": 0,
            "length": 41.2850799561,
            "sample_rate": 44100,
            "start_time": 162.493240356,
            "downmix": "mix"
        },
        "bit_rate": 192000,
        "length": 203.801559448,
        "lossless": 0,
        "number_channels": 2,
        "replay_gain": -1.61196517944,
        "sample_rate": 48000,
        "codec": "mp3",
        "md5_encoded": "ae7721d59366c2f49f3423e288d18ff1"
    },
    "tags": {
        "file_name": "Croatia_Lako Je Sve_Feminnem.mp3",
        "encoding": ["Lavf58.29.100"]
    }
},
"lowlevel": {
    "average_loudness": 0.69909799099,
    "barkbands_crest": {
        "max": 25.5986480713,
        "mean": 9.1686668396,
        "min": 2.58892083168,
        "stdev": 4.23395252228
    },
    "barkbands_flatness_db": {
        "max": 0.294171184301,
        "mean": 0.130004107952,
        "min": 0.0271654091775,
        "stdev": 0.0418378598988
    },
    "barkbands_kurtosis": {
        "max": 74.169342041,
        "mean": 2.52310657501,
        "min": -1.88018143177,
        "stdev": 5.37564659119
    },
    "barkbands_skewness": {
        "max": 6.98321151733,
        "mean": 0.912692427635,
        "min": -5.39241409302,
        "stdev": 1.05570912361
    },
    "barkbands_spread": {
        "max": 104.349655151,
        "mean": 20.2158069611,
        "min": 1.81275987625,
        "stdev": 11.8678321838
    },
    "dissonance": {
        "max": 0.500000059605,
        "mean": 0.458081007004,
        "min": 0.252597421408,
        "stdev": 0.0412395894527
    },
    "dynamic_complexity": 4.12167644501,
    "erbbands_crest": {
        "max": 30.0196456909,
        "mean": 10.0516843796,
        "min": 2.91238903999,
        "stdev": 5.30191659927
    },
    "erbbands_flatness_db": {
        "max": 0.322760432959,
        "mean": 0.187113434076,
        "min": 0.0674934536219,
        "stdev": 0.0414317622781
    },
    "erbbands_kurtosis": {
        "max": 45.6618537903,
        "mean": 1.50980985165,
        "min": -1.69470608234,
        "stdev": 3.68942379951
    },
    "erbbands_skewness": {
        "max": 5.98079061508,
        "mean": 0.655580043793,
        "min": -4.52991819382,
        "stdev": 0.894696474075
    },
    "erbbands_spread": {
        "max": 115.462379456,
        "mean": 27.6029071808,
        "min": 3.11495232582,
        "stdev": 14.8737831116
    },
    "hfc": {
        "max": 414.868133545,
        "mean": 24.684715271,
        "min": 0.000800175825134,
        "stdev": 32.9422988892
    },
    "loudness_ebu128": {
        "integrated": -22.0165328979,
        "loudness_range": 7.51062583923,
        "momentary": {
            "max": -18.1872806549,
            "mean": -23.9034767151,
            "min": -35.0413742065,
            "stdev": 4.3752617836
        },
        "short_term": {
            "max": -18.4139976501,
            "mean": -23.1555690765,
            "min": -31.3808269501,
            "stdev": 2.7925760746
        }
    },
    "melbands_crest": {
        "max": 30.6384010315,
        "mean": 12.049618721,
        "min": 2.62841796875,
        "stdev": 4.76958751678
    },
    "melbands_flatness_db": {
        "max": 0.335938125849,
        "mean": 0.161934524775,
        "min": 0.0386777035892,
        "stdev": 0.0493891648948
    },
    "melbands_kurtosis": {
        "max": 145.103530884,
        "mean": 5.68902158737,
        "min": -1.9146579504,
        "stdev": 9.07536220551
    },
    "melbands_skewness": {
        "max": 7.74055337906,
        "mean": 1.43679630756,
        "min": -1.96124398708,
        "stdev": 1.07889127731
    },
    "melbands_spread": {
        "max": 274.705993652,
        "mean": 29.6885204315,
        "min": 1.5415532589,
        "stdev": 26.1591472626
    },
    "pitch_salience": {
        "max": 0.900848329067,
        "mean": 0.620936155319,
        "min": 0.165322303772,
        "stdev": 0.121439941227
    },
    "silence_rate_20dB": {
        "max": 1,
        "mean": 1,
        "min": 1,
        "stdev": 0
    },
    "silence_rate_30dB": {
        "max": 1,
        "mean": 1,
        "min": 1,
        "stdev": 0
    },
    "silence_rate_60dB": {
        "max": 1,
        "mean": 0.201236650348,
        "min": 0,
        "stdev": 0.400924444199
    },
    "spectral_centroid": {
        "max": 6684.44970703,
        "mean": 1530.06054688,
        "min": 386.902923584,
        "stdev": 768.978027344
    },
    "spectral_complexity": {
        "max": 50,
        "mean": 18.3957271576,
        "min": 0,
        "stdev": 10.715265274
    },
    "spectral_decrease": {
        "max": 9.30195157012e-11,
        "mean": -5.2117692384e-09,
        "min": -2.7377451417e-08,
        "stdev": 4.75724437621e-09
    },
    "spectral_energy": {
        "max": 0.108655616641,
        "mean": 0.0219094064087,
        "min": 8.43555881147e-07,
        "stdev": 0.01927045919
    },
    "spectral_energyband_high": {
        "max": 0.0416145436466,
        "mean": 0.00122802401893,
        "min": 1.98671354923e-08,
        "stdev": 0.0032529856544
    },
    "spectral_energyband_low": {
        "max": 0.0548755377531,
        "mean": 0.00299734948203,
        "min": 9.04879726704e-08,
        "stdev": 0.00523314252496
    },
    "spectral_energyband_middle_high": {
        "max": 0.0506323799491,
        "mean": 0.00760601041839,
        "min": 4.79249536056e-07,
        "stdev": 0.00819026492536
    },
    "spectral_energyband_middle_low": {
        "max": 0.0842882469296,
        "mean": 0.0105841513723,
        "min": 1.73031551753e-07,
        "stdev": 0.0125108715147
    },
    "spectral_entropy": {
        "max": 8.91232204437,
        "mean": 7.66625261307,
        "min": 6.21984434128,
        "stdev": 0.389766067266
    },
    "spectral_flux": {
        "max": 0.278880119324,
        "mean": 0.0735167190433,
        "min": 0.00897094141692,
        "stdev": 0.0441490076482
    },
    "spectral_kurtosis": {
        "max": 15.4475631714,
        "mean": 4.32860517502,
        "min": -1.42047536373,
        "stdev": 2.52691936493
    },
    "spectral_rms": {
        "max": 0.0102958958596,
        "mean": 0.00411623809487,
        "min": 2.86876511382e-05,
        "stdev": 0.00210514781065
    },
    "spectral_rolloff": {
        "max": 12898.3886719,
        "mean": 1963.9621582,
        "min": 258.3984375,
        "stdev": 1755.49316406
    },
    "spectral_skewness": {
        "max": 2.88746404648,
        "mean": 1.56445646286,
        "min": -0.387657910585,
        "stdev": 0.502370774746
    },
    "spectral_spread": {
        "max": 17374872,
        "mean": 4590205,
        "min": 2087514.75,
        "stdev": 1866919.5
    },
    "spectral_strongpeak": {
        "max": 24.6392593384,
        "mean": 1.44569838047,
        "min": 0,
        "stdev": 1.97973608971
    },
    "zerocrossingrate": {
        "max": 0.5224609375,
        "mean": 0.0762070044875,
        "min": 0.01806640625,
        "stdev": 0.05380500108
    },
    "barkbands": {
        "max": [0.00303283357061, 0.0346985906363, 0.0310693383217, 0.0272837411612, 0.0363192148507, 0.0356724672019, 0.0739940032363, 0.0289976876229, 0.0648479908705, 0.0373728238046, 0.0402431413531, 0.013843155466, 0.0166503749788, 0.014511462301, 0.0108363525942, 0.0140318153426, 0.00537626398727, 0.00401773815975, 0.00522831967101, 0.003796341829, 0.00661947578192, 0.0107242185622, 0.00925363134593, 0.024163775146, 0.038052842021, 0.0199846532196, 0.000187569210539],
        "mean": [0.000199562404305, 0.0014731218107, 0.000971431611106, 0.00080757541582, 0.00158287328668, 0.00222786515951, 0.00247226073407, 0.000870876130648, 0.00222404301167, 0.00156225671526, 0.00207095127553, 0.00067567412043, 0.000809001969174, 0.000806650379673, 0.00073106889613, 0.000365365413018, 0.000311833544401, 0.000204710537218, 0.000212505168747, 0.000231155645452, 0.000234595790971, 0.000195981847355, 0.000184473450645, 0.000196505352505, 0.000223454640945, 6.28336056252e-05, 7.83360576406e-07],
        "min": [9.11921316238e-10, 1.2460598775e-08, 9.39434041669e-09, 1.3742456062e-08, 8.80324702024e-09, 2.7388358248e-09, 1.53072710063e-09, 6.44208419942e-09, 8.97913778886e-08, 1.85431574096e-07, 1.45476619196e-07, 9.33287367388e-08, 2.62540318374e-08, 4.93497465115e-09, 7.56775442312e-09, 4.39083658321e-09, 9.62978496943e-09, 1.03446566868e-08, 8.7439211427e-09, 6.88197143717e-09, 2.33454655607e-09, 4.3921910553e-09, 2.43110265252e-09, 2.85846901704e-09, 3.15621351277e-09, 1.52803347753e-09, 1.0047586374e-10],
        "stdev": [0.000507837859914, 0.00290688639507, 0.00244555366226, 0.00211442168802, 0.00328037585132, 0.00435572071001, 0.0066050356254, 0.0022675183136, 0.00547514809296, 0.00296603725292, 0.00519347842783, 0.00133053062018, 0.00153694837354, 0.00160097260959, 0.00121555617079, 0.000790363934357, 0.000469012244139, 0.00030129114748, 0.000346377288224, 0.000367972796084, 0.000458485970739, 0.000542696099728, 0.000503371295054, 0.00119507266209, 0.00162732216995, 0.000767148390878, 7.45318448026e-06]
    },
    "erbbands": {
        "max": [1.04016780853, 8.35368251801, 29.3739624023, 44.7592430115, 127.063545227, 108.75793457, 312.396087646, 385.845001221, 1037.44543457, 1442.05432129, 909.954223633, 2050.8046875, 1626.9119873, 1587.46118164, 1429.97937012, 392.739715576, 772.20715332, 830.015625, 657.811462402, 303.017974854, 954.382324219, 308.345703125, 187.720413208, 347.47958374, 203.477478027, 170.342254639, 103.862388611, 404.555633545, 422.603271484, 263.038024902, 242.523696899, 721.692504883, 388.127624512, 433.259460449, 336.292694092, 149.445510864, 16.4304447174, 0.388058662415, 0.0343716554344, 0.00139435136225],
        "mean": [0.0587534047663, 0.275719344616, 0.908156275749, 2.10936903954, 3.80999541283, 5.4706363678, 11.3443822861, 19.8809871674, 28.9439601898, 33.3937034607, 26.449464798, 46.2917633057, 50.1941833496, 81.822769165, 51.3952903748, 26.2838935852, 35.8810081482, 43.8471412659, 39.0941543579, 27.2297611237, 21.2124938965, 18.386390686, 11.3711204529, 12.3081817627, 10.1800508499, 10.7242956161, 8.72188282013, 9.90022563934, 7.4306178093, 5.73260259628, 5.3674621582, 4.11531114578, 3.25501418114, 2.58035993576, 1.45830154419, 0.550427496433, 0.060789309442, 0.00522570125759, 0.000197759465664, 3.77377509722e-05],
        "min": [7.23374625977e-07, 1.99777673515e-06, 1.06564903035e-05, 2.5504250516e-05, 3.49444526364e-05, 3.07366935886e-05, 1.95781340153e-05, 3.1767442124e-05, 2.13976054511e-05, 3.36182274623e-05, 0.000333894480718, 0.00191580678802, 0.00481266016141, 0.00633527990431, 0.00530179962516, 0.0035030215513, 0.00141373625956, 0.000436649192125, 0.000474642234622, 0.000201323826332, 0.000331799325068, 0.000578051141929, 0.000651595997624, 0.000347003544448, 0.000442003278295, 0.000315591489198, 0.000165752484463, 6.22773877694e-05, 0.000171303574461, 0.000111520508653, 5.66084236198e-05, 5.36715524504e-05, 5.3011419368e-05, 3.98046395276e-05, 1.841483936e-05, 8.12871712697e-06, 1.97709823624e-06, 6.78998901549e-07, 9.77477938591e-08, 4.89079976518e-09],
        "stdev": [0.106967315078, 0.650093793869, 2.2234313488, 4.73674058914, 10.0556135178, 11.8484582901, 24.8239746094, 41.7268180847, 72.4151306152, 105.400733948, 63.5557174683, 125.074050903, 107.803146362, 164.412979126, 125.08391571, 42.0639305115, 68.8433456421, 87.6767120361, 67.3664321899, 35.4312210083, 49.7773246765, 27.3270816803, 16.1535415649, 22.1200866699, 13.6733207703, 17.2031173706, 13.8616800308, 23.7830753326, 20.627664566, 14.027384758, 15.4840221405, 25.7796478271, 19.4514865875, 17.4275932312, 13.0752391815, 6.39851951599, 0.535794496536, 0.0248273219913, 0.00141384231392, 7.42145784898e-05]
    },
    "gfcc": {
        "mean": [-16.5177612305, 70.8374023438, -146.712783813, 12.3801174164, -71.1297531128, 20.7173137665, -37.4149551392, 12.8401355743, -22.1475334167, 6.1056137085, -16.6432857513, 1.78954327106, -7.23289489746],
        "cov": [[5324.44726562, 165.169143677, 837.66394043, 948.836181641, 220.019989014, 282.54788208, 194.463165283, -101.29750061, -0.278048992157, 107.13331604, 78.9703063965, 112.769294739, -42.871055603], [165.169143677, 1124.06811523, 230.971252441, 182.560745239, 174.323074341, -158.559402466, -33.5011482239, -143.807312012, -23.2347602844, -83.5608215332, 52.8168411255, -33.3140029907, 12.8268184662], [837.66394043, 230.971252441, 1146.97131348, 276.364196777, -106.819381714, 55.8969078064, -250.412963867, -38.1555633545, -89.1384963989, 57.0075416565, 134.60925293, 55.4298973083, 20.3399448395], [948.836181641, 182.560745239, 276.364196777, 654.51953125, 136.515441895, 84.6296768188, 139.91784668, -20.8583469391, 36.5746421814, -4.48394536972, -13.5025339127, 6.40247869492, -4.39083242416], [220.019989014, 174.323074341, -106.819381714, 136.515441895, 335.413024902, 108.289520264, 143.855819702, 78.73387146, 24.07954216, 7.7890253067, -40.5217132568, 5.36195468903, -12.9943637848], [282.54788208, -158.559402466, 55.8969078064, 84.6296768188, 108.289520264, 278.950256348, 141.160171509, 100.553146362, 39.81300354, 44.9683265686, 32.5216712952, 20.5282783508, 25.5443134308], [194.463165283, -33.5011482239, -250.412963867, 139.91784668, 143.855819702, 141.160171509, 337.108978271, 113.161560059, 100.700500488, 32.3187255859, -36.0468215942, 11.3276185989, 4.12159013748], [-101.29750061, -143.807312012, -38.1555633545, -20.8583469391, 78.73387146, 100.553146362, 113.161560059, 206.242034912, 81.8614501953, 66.8861999512, 8.77673912048, 7.35292100906, 15.9646902084], [-0.278048992157, -23.2347602844, -89.1384963989, 36.5746421814, 24.07954216, 39.81300354, 100.700500488, 81.8614501953, 137.716217041, 38.7082366943, 2.03291273117, 12.8138713837, 10.1798200607], [107.13331604, -83.5608215332, 57.0075416565, -4.48394536972, 7.7890253067, 44.9683265686, 32.3187255859, 66.8861999512, 38.7082366943, 131.582824707, 59.0826377869, 25.3987903595, 0.830706477165], [78.9703063965, 52.8168411255, 134.60925293, -13.5025339127, -40.5217132568, 32.5216712952, -36.0468215942, 8.77673912048, 2.03291273117, 59.0826377869, 121.636985779, 20.6972045898, 17.6679725647], [112.769294739, -33.3140029907, 55.4298973083, 6.40247869492, 5.36195468903, 20.5282783508, 11.3276185989, 7.35292100906, 12.8138713837, 25.3987903595, 20.6972045898, 69.4376296997, 25.1677780151], [-42.871055603, 12.8268184662, 20.3399448395, -4.39083242416, -12.9943637848, 25.5443134308, 4.12159013748, 15.9646902084, 10.1798200607, 0.830706477165, 17.6679725647, 25.1677780151, 69.2225265503]],
        "icov": [[0.000302693108097, 8.38735504658e-05, -0.000191041981452, -0.000275700120255, -0.000164119177498, -8.04345181677e-05, -0.0002126134641, 0.000412516645156, -2.83066601696e-05, -0.000138307979796, -0.000104256985651, -0.00024976459099, 0.00025020580506], [8.38735504658e-05, 0.00309525243938, -0.0018099230947, 0.000770061160438, -0.00404728669673, 0.00380403548479, -0.00248998706229, 0.00337357865646, -0.00214177044109, 0.00224106968381, -0.00393679505214, 0.00372121669352, -0.00279430369847], [-0.000191041981452, -0.0018099230947, 0.00319483969361, -0.00179612473585, 0.003112150589, -0.00305758276954, 0.00378331867978, -0.00325004407205, 0.00232362071984, -0.00147948088124, 0.00138031633105, -0.0035866969265, 0.00202896003611], [-0.000275700120255, 0.000770061160438, -0.00179612473585, 0.0034562216606, -0.00213274359703, 0.00145557615906, -0.00272373016924, 0.00250158738345, -0.00188041711226, 0.000943606544752, -0.000518793705851, 0.00252409162931, -0.00143877766095], [-0.000164119177498, -0.00404728669673, 0.003112150589, -0.00213274359703, 0.00998302828521, -0.00618949113414, 0.00311676971614, -0.0062933829613, 0.00428166566417, -0.00273651699536, 0.00611213548109, -0.00621459865943, 0.00512510724366], [-8.04345181677e-05, 0.00380403548479, -0.00305758276954, 0.00145557615906, -0.00618949113414, 0.0110467756167, -0.00584288593382, 0.00267576752231, -0.00202938425355, 0.00310211582109, -0.00660006096587, 0.00524831749499, -0.00523389317095], [-0.0002126134641, -0.00248998706229, 0.00378331867978, -0.00272373016924, 0.00311676971614, -0.00584288593382, 0.0103388009593, -0.00492993975058, 0.000110491113446, -0.00242333300412, 0.00430999090895, -0.00478824274614, 0.00296155409887], [0.000412516645156, 0.00337357865646, -0.00325004407205, 0.00250158738345, -0.0062933829613, 0.00267576752231, -0.00492993975058, 0.014143820852, -0.00650725141168, -0.00130843755323, -0.00279952189885, 0.00669008074328, -0.00513838790357], [-2.83066601696e-05, -0.00214177044109, 0.00232362071984, -0.00188041711226, 0.00428166566417, -0.00202938425355, 0.000110491113446, -0.00650725141168, 0.013594458811, -0.00287494016811, 0.00232581957243, -0.00448837457225, 0.001697658794], [-0.000138307979796, 0.00224106968381, -0.00147948088124, 0.000943606544752, -0.00273651699536, 0.00310211582109, -0.00242333300412, -0.00130843755323, -0.00287494016811, 0.015146558173, -0.00892295315862, -0.000690214976203, 0.00155068514869], [-0.000104256985651, -0.00393679505214, 0.00138031633105, -0.000518793705851, 0.00611213548109, -0.00660006096587, 0.00430999090895, -0.00279952189885, 0.00232581957243, -0.00892295315862, 0.0186642315239, -0.00476767495275, 0.000933061237447], [-0.00024976459099, 0.00372121669352, -0.0035866969265, 0.00252409162931, -0.00621459865943, 0.00524831749499, -0.00478824274614, 0.00669008074328, -0.00448837457225, -0.000690214976203, -0.00476767495275, 0.0247506033629, -0.0111049199477], [0.00025020580506, -0.00279430369847, 0.00202896003611, -0.00143877766095, 0.00512510724366, -0.00523389317095, 0.00296155409887, -0.00513838790357, 0.001697658794, 0.00155068514869, 0.000933061237447, -0.0111049199477, 0.0218647494912]]
    },
    "melbands": {
        "max": [0.00969106517732, 0.0124321868643, 0.0109032485634, 0.00941333826631, 0.00952272303402, 0.00846747122705, 0.0154265426099, 0.0141986105591, 0.00979214441031, 0.0127463787794, 0.00784857477993, 0.0058586280793, 0.00601412262768, 0.00174494984094, 0.00176626525354, 0.0022479952313, 0.00178300845437, 0.00110026949551, 0.000918359262869, 0.000548714888282, 0.00127639505081, 0.000352928822394, 0.000297715247143, 0.000305155757815, 0.000339256454026, 0.000143536279211, 0.000207263801713, 0.000131822700496, 8.06551979622e-05, 0.000114462789497, 0.000274550460745, 0.000292002310744, 0.000127935272758, 0.000173749300302, 0.000155551402713, 0.000139562194818, 0.000629916030448, 0.000354908494046, 0.000205331089091, 0.000580596097279],
        "mean": [0.000467173755169, 0.00043725388241, 0.000421785574872, 0.000322755106026, 0.000366154621588, 0.000443262659246, 0.000475852313684, 0.000320393708535, 0.000238243548665, 0.000302757747704, 0.00024665473029, 0.000322173000313, 0.000223049224587, 8.27992917039e-05, 6.95679627825e-05, 8.27375260997e-05, 7.95218074927e-05, 5.93925724388e-05, 5.67158203921e-05, 2.21526515816e-05, 2.50723896897e-05, 1.97181252588e-05, 1.20752374642e-05, 9.74445265456e-06, 1.00961815406e-05, 7.63677326177e-06, 7.32208309273e-06, 7.1829231274e-06, 5.5285659073e-06, 5.36061770617e-06, 5.73403758608e-06, 4.38594133811e-06, 3.31639762408e-06, 3.14139947477e-06, 3.27136422129e-06, 2.44856323661e-06, 2.58975001088e-06, 2.36962887357e-06, 2.0657882942e-06, 2.2778958737e-06],
        "min": [9.16598974499e-09, 4.09849354455e-09, 4.92296603483e-09, 2.73422995356e-09, 7.22783055629e-10, 6.20382134553e-10, 3.18551129919e-10, 4.2166981018e-10, 3.40682282385e-09, 1.34758302295e-08, 2.4613749261e-08, 2.58329411196e-08, 1.89797582095e-08, 1.17655254428e-08, 5.57449153504e-09, 2.27366969696e-09, 5.34236821448e-10, 7.50349560263e-10, 4.08712619304e-10, 2.14347081751e-10, 4.21728929556e-10, 6.00905825099e-10, 7.17942483242e-10, 3.70638075786e-10, 2.60100108118e-10, 3.69783592635e-10, 3.0538957474e-10, 1.77425046877e-10, 1.15479438512e-10, 5.54498530425e-11, 2.82380785421e-11, 8.67303173724e-11, 1.00873011333e-10, 5.4342797623e-11, 3.14010588365e-11, 2.87436550256e-11, 3.80150633195e-11, 4.20372452126e-11, 3.16655000832e-11, 3.4415730682e-11],
        "stdev": [0.000861273438204, 0.000986832659692, 0.000967380939983, 0.000683687976561, 0.00077188690193, 0.000904829765204, 0.00117790512741, 0.00098364695441, 0.000649044464808, 0.000799585774075, 0.000542606867384, 0.00063631136436, 0.00055779266404, 0.000177341629751, 0.000140797128552, 0.000153261178639, 0.000178780333954, 0.000114981936349, 9.36373544391e-05, 3.36113480444e-05, 6.65743427817e-05, 2.93564517051e-05, 1.98623911274e-05, 1.5566654838e-05, 1.99140649784e-05, 1.09710008473e-05, 1.22664287119e-05, 1.26626264318e-05, 9.00018767425e-06, 1.02530730146e-05, 1.53783112182e-05, 1.31927845359e-05, 8.69379255164e-06, 8.15987095848e-06, 9.46179807215e-06, 8.49431035022e-06, 2.06453314604e-05, 1.64673092513e-05, 1.06500410766e-05, 1.91460694623e-05]
    },
    "melbands128": {
        "max": [0.00283255567774, 0.00732409162447, 0.0150901600718, 0.0153683135286, 0.015082905069, 0.0145354121923, 0.00859526731074, 0.0166286919266, 0.0146375810727, 0.0115607921034, 0.00637510884553, 0.0132832983509, 0.0154654979706, 0.0132549507543, 0.0104216309264, 0.0149257034063, 0.0268578529358, 0.0284674111754, 0.026812851429, 0.0274367276579, 0.00955882482231, 0.00933915935457, 0.0143552087247, 0.0204967390746, 0.0225671362132, 0.0134662929922, 0.0208644550294, 0.011097076349, 0.00961762852967, 0.0131204472855, 0.0128044523299, 0.0110337650403, 0.0118428934366, 0.00717318290845, 0.00451446417719, 0.00228997482918, 0.00152703095227, 0.00333552877419, 0.00351649778895, 0.00377269648015, 0.00328557542525, 0.00277651729994, 0.00358921382576, 0.0033344279509, 0.0019883310888, 0.00237727304921, 0.00256669917144, 0.00195737369359, 0.00127057067584, 0.00034827546915, 0.00117994612083, 0.000882153282873, 0.00296072475612, 0.00166877370793, 0.000456262088846, 0.000650389061775, 0.000490080448799, 0.000718503433745, 0.000307863025228, 0.000193725063582, 0.000569199619349, 0.000265360664343, 0.000493355153594, 0.000684541359078, 0.000355515425326, 0.000221252397751, 0.000143447323353, 0.000468678073958, 0.000170644765603, 0.000139568379382, 0.000208525525522, 0.000178752889042, 0.000150793348439, 9.57813390414e-05, 9.00568411453e-05, 0.000102612597402, 0.000204271345865, 0.000404691410949, 0.000247797463089, 0.000345911597833, 0.000306025583996, 0.00034667464206, 0.000183825555723, 0.00013255813974, 0.000156845766469, 9.67584346654e-05, 0.000190438222489, 0.00031592103187, 0.00013307473273, 0.0001968654542, 0.00015209299454, 0.000142063567182, 0.000261249835603, 0.001040663803, 0.000531248922925, 0.000397233176045, 0.000496963504702, 0.000243247530307, 0.000183241485502, 0.00048187453649, 0.000320424005622, 0.000569928437471, 0.00175678520463, 0.000520931673236, 0.000380711135222, 0.0012726514833, 0.000669879547786, 0.000259873777395, 0.000568826915696, 0.000834838778246, 4.51778578281e-05, 1.49113675434e-05, 1.00101269709e-05, 6.85016175339e-06, 4.53057782579e-06, 3.15120109917e-06, 2.0984944058e-06, 2.55455597653e-06, 2.82195378531e-06, 1.27679936668e-06, 3.15420862762e-07, 5.58321655575e-09, 5.43817613163e-09, 5.34570077093e-09, 5.22266851988e-09, 5.16573317455e-09, 5.12221109972e-09, 5.08911490726e-09],
        "mean": [0.000187057259609, 0.000523230060935, 0.000569669588003, 0.000396105227992, 0.000398898700951, 0.000509193807375, 0.000412355642766, 0.000425779609941, 0.000394104601583, 0.000291914097033, 0.000304078712361, 0.000293284101645, 0.000383303238777, 0.000462044758024, 0.000442379445303, 0.000454262946732, 0.000386126514059, 0.000476528482977, 0.000607964291703, 0.000386751955375, 0.000160003779456, 0.000154986817506, 0.000242877315031, 0.000342486338923, 0.00028724342701, 0.000293264602078, 0.00031484165811, 0.000200210124603, 0.000245940376772, 0.000232405407587, 0.000402523466619, 0.000422979617724, 0.000183829397429, 0.000104626058601, 0.000113374182547, 7.06942810211e-05, 4.29692590842e-05, 7.32891057851e-05, 8.44640380819e-05, 7.33442720957e-05, 8.35368700791e-05, 8.95347111509e-05, 9.99143230729e-05, 5.56102131668e-05, 5.84088047617e-05, 6.41006554361e-05, 5.46630799363e-05, 7.91788042989e-05, 4.51705091109e-05, 1.94131607714e-05, 2.28013632295e-05, 1.85926182894e-05, 3.01694217342e-05, 2.70172913588e-05, 1.54538920469e-05, 2.2945305318e-05, 1.88721842278e-05, 1.3789896002e-05, 9.2481413958e-06, 8.71699467098e-06, 1.0019804904e-05, 1.02316525954e-05, 9.94183483272e-06, 9.86535815173e-06, 1.12586649266e-05, 6.55477060718e-06, 6.28395628155e-06, 7.67885012465e-06, 7.86488999438e-06, 5.89288310948e-06, 7.82979259384e-06, 7.89878686192e-06, 5.71186592424e-06, 5.48877278561e-06, 4.41494012193e-06, 4.79335903947e-06, 5.85387579122e-06, 6.90070464771e-06, 5.64634638067e-06, 4.82939185531e-06, 4.59079637949e-06, 4.2189526539e-06, 3.69682402379e-06, 3.20590970659e-06, 3.07065056404e-06, 3.0288617836e-06, 3.20180492963e-06, 3.176872724e-06, 3.54086432708e-06, 3.18906131724e-06, 2.54932479038e-06, 2.1882162855e-06, 2.29322927225e-06, 2.70353439191e-06, 2.66542997451e-06, 2.6665745736e-06, 2.36422806665e-06, 1.79469782324e-06, 2.16283524423e-06, 2.14714646063e-06, 2.03863987736e-06, 2.33989021581e-06, 2.53769280789e-06, 1.69587542587e-06, 1.19114952213e-06, 2.13929661186e-06, 1.16849128062e-06, 6.93050367317e-07, 1.13144301395e-06, 1.1329246945e-06, 2.06159484151e-07, 1.38701366836e-07, 1.12817652109e-07, 9.26996150952e-08, 7.57639213589e-08, 4.63056366584e-08, 1.99907255194e-08, 7.31128357856e-09, 4.87902918067e-09, 2.23712759428e-09, 2.85736156957e-10, 9.02748882592e-12, 6.76888276332e-12, 6.55611372483e-12, 6.27872406844e-12, 5.92478410083e-12, 5.72142290142e-12, 5.66460290133e-12],
        "min": [3.30439731133e-10, 1.75408532144e-09, 3.26181570642e-09, 1.76261960583e-09, 5.42003375514e-09, 3.52551743354e-09, 4.68450211955e-09, 7.54982920625e-09, 1.71042258135e-09, 4.52906157022e-09, 9.07828423546e-10, 9.49718859111e-10, 7.13452852352e-10, 2.59659682644e-10, 1.08798225984e-09, 4.47610060128e-10, 2.43937925415e-10, 3.90443843923e-10, 3.1782937393e-10, 1.85128135044e-10, 4.41219200065e-10, 1.17297471736e-09, 3.17653325865e-09, 5.8562248384e-09, 1.11227524968e-08, 1.62392446157e-08, 2.01497325492e-08, 2.58981565082e-08, 2.84041714593e-08, 2.62964885422e-08, 2.65265551747e-08, 2.16908873085e-08, 2.0071302842e-08, 1.56858881439e-08, 1.28330768234e-08, 1.15847100801e-08, 8.2460127615e-09, 6.33878682876e-09, 3.05911540543e-09, 2.49003528907e-09, 2.43257036736e-09, 1.30108557261e-09, 4.51158527204e-10, 1.31676933246e-10, 4.39120628748e-10, 1.08279307742e-09, 8.80478301379e-10, 4.03210909106e-10, 1.67746219693e-10, 2.62838861786e-10, 1.07800747495e-10, 2.9303132143e-10, 5.08637798546e-10, 2.40132580487e-10, 7.34636518285e-10, 7.89070697671e-10, 3.00627134298e-10, 6.12807860012e-10, 1.02777042432e-09, 6.58931298414e-10, 3.14198361773e-10, 1.53310142359e-10, 1.68992403404e-10, 2.79252704294e-10, 4.2361761321e-10, 4.79808470732e-10, 2.07095895988e-10, 3.13917808414e-10, 3.54841489525e-10, 2.8868271662e-10, 1.65282038056e-10, 1.20657206448e-10, 1.40951889049e-10, 1.01018297893e-10, 1.12569523147e-10, 6.01551863877e-11, 3.32020973215e-11, 2.44526360965e-11, 1.98628613557e-11, 3.20757378991e-11, 6.50282119818e-11, 1.0464900474e-10, 1.67464583867e-10, 9.6518792958e-11, 5.92626017704e-11, 3.70960345775e-11, 7.24250520667e-11, 4.20118835553e-11, 2.7292602206e-11, 2.02677614275e-11, 3.89476749463e-11, 3.03064275065e-11, 1.08455232642e-11, 3.74421396665e-11, 5.06777501907e-11, 6.38194774805e-11, 3.34403477131e-11, 2.43822375484e-11, 2.76260282012e-11, 3.85583578955e-11, 3.59428424523e-11, 2.58694628219e-11, 4.74921733884e-11, 2.58336008835e-11, 1.19212313632e-11, 1.51845046953e-11, 2.18569433386e-11, 1.98354527248e-11, 1.53543115722e-11, 9.32581095681e-12, 4.946388351e-12, 4.96416102669e-12, 5.53725208047e-12, 6.1517197586e-12, 2.42688790071e-12, 5.2578042831e-13, 3.76578461339e-13, 2.86291091745e-13, 2.99630762909e-13, 3.00916762211e-13, 2.95377031211e-13, 2.6550024115e-13, 3.30276360731e-13, 3.2844953428e-13, 2.22620831275e-13, 8.53007172275e-14, 1.15331235298e-14, 3.88680073149e-16],
        "stdev": [0.00047938482021, 0.0010192443151, 0.0011905466672, 0.0010611518519, 0.00104803859722, 0.00128451222554, 0.000960139208473, 0.00122034619562, 0.0011799891945, 0.000730478088371, 0.000781753566116, 0.000945061678067, 0.00100855680648, 0.00124956050422, 0.00108298996929, 0.00139151117764, 0.00124223530293, 0.00164625176694, 0.00208122492768, 0.00169915682636, 0.000587576418184, 0.000566572125535, 0.000845372618642, 0.00128335901536, 0.00120417575818, 0.000982357072644, 0.00128084467724, 0.000546382798348, 0.000638843979686, 0.000666219857521, 0.00111229030881, 0.00117527740076, 0.000856177066453, 0.000436886999523, 0.000332151394105, 0.00019481604977, 0.000106062281702, 0.000189931874047, 0.000252579280641, 0.00024703386589, 0.000204234005651, 0.000231477140915, 0.000307714712108, 0.000183907468454, 0.000134330024594, 0.000196132546989, 0.000160327952472, 0.000169763472513, 9.09828013391e-05, 3.04541554215e-05, 4.98373665323e-05, 4.26110673288e-05, 0.000132111061248, 7.49311802792e-05, 2.91020023724e-05, 4.40671465185e-05, 3.6642417399e-05, 3.44006111845e-05, 1.70467701537e-05, 1.55099623953e-05, 2.22655380639e-05, 1.96901000891e-05, 2.11176793528e-05, 3.01497002511e-05, 2.58066083916e-05, 1.19215865197e-05, 1.08780322989e-05, 1.83755637408e-05, 1.51816157086e-05, 1.02834428617e-05, 1.84066848306e-05, 1.64799948834e-05, 1.08674485091e-05, 1.08321319203e-05, 7.49833679947e-06, 9.06762579689e-06, 1.42341377796e-05, 1.89803668036e-05, 1.5526835341e-05, 1.74395954673e-05, 1.4555405869e-05, 1.34248966788e-05, 1.04438631752e-05, 9.6203693829e-06, 8.97818790691e-06, 8.10710116639e-06, 9.01446310309e-06, 1.12803772936e-05, 1.07333289634e-05, 1.13246278488e-05, 8.31606757856e-06, 7.6196433838e-06, 1.33000821734e-05, 2.90564767056e-05, 2.18976492761e-05, 2.13402363443e-05, 1.83324737009e-05, 9.91851720755e-06, 1.08172062028e-05, 1.54103927343e-05, 1.55490306497e-05, 2.08655546885e-05, 4.28036109952e-05, 1.62835312949e-05, 1.10151186163e-05, 3.71386122424e-05, 1.83940101124e-05, 8.04559567769e-06, 1.79795570148e-05, 2.47868320002e-05, 1.34759625325e-06, 6.06351648003e-07, 5.05248237914e-07, 3.97561848331e-07, 3.24304181731e-07, 2.0347646057e-07, 1.12722432277e-07, 1.01339047376e-07, 9.20676441751e-08, 4.65368650282e-08, 8.36462632492e-09, 1.5281065302e-10, 1.28968821733e-10, 1.26744933993e-10, 1.2383262471e-10, 1.22488713616e-10, 1.21460341784e-10, 1.20675733295e-10]
    },
    "mfcc": {
        "mean": [-651.053283691, 103.912506104, -20.7331428528, -3.15718793869, -10.0488328934, 1.38430738449, -3.67652440071, 2.03218817711, 0.436656177044, 4.21379756927, -2.73820972443, -1.73096060753, -1.69848930836],
        "cov": [[5059.18017578, -294.786621094, 508.442871094, 775.678161621, 173.38381958, 547.346923828, 218.797058105, 179.303619385, 88.0083389282, -19.4567070007, 92.2124176025, 56.9798583984, 83.7306289673], [-294.786621094, 960.171325684, 53.3108596802, 116.99596405, 136.288131714, -53.9553642273, -27.6003131866, -75.2389984131, -111.829185486, -80.5211639404, -35.4649391174, -29.3396205902, -48.238407135], [508.442871094, 53.3108596802, 1208.97241211, 197.198745728, 217.56690979, -2.87113761902, -1.60673367977, -145.457565308, -196.785202026, -91.7493286133, -67.6820449829, 14.9027919769, 93.7100601196], [775.678161621, 116.99596405, 197.198745728, 527.528747559, 70.3909454346, 160.320129395, 33.8542060852, 54.6978302002, 34.4902305603, -25.1886405945, 9.7542257309, 20.1303138733, 9.37595653534], [173.38381958, 136.288131714, 217.56690979, 70.3909454346, 252.200439453, 22.3564434052, 60.1434555054, -4.62414598465, -23.7761096954, -5.80976247787, -8.37161636353, -3.45519518852, 28.0565280914], [547.346923828, -53.9553642273, -2.87113761902, 160.320129395, 22.3564434052, 241.992324829, 93.9025650024, 100.400871277, 64.5010452271, 28.9847106934, 15.5041046143, 11.0526990891, 26.3191738129], [218.797058105, -27.6003131866, -1.60673367977, 33.8542060852, 60.1434555054, 93.9025650024, 196.003097534, 71.0707626343, 66.0065994263, 50.2136611938, 49.243309021, 20.0115642548, 31.583158493], [179.303619385, -75.2389984131, -145.457565308, 54.6978302002, -4.62414598465, 100.400871277, 71.0707626343, 182.973876953, 129.872619629, 70.4895019531, 34.8455352783, 11.3289222717, -7.9480676651], [88.0083389282, -111.829185486, -196.785202026, 34.4902305603, -23.7761096954, 64.5010452271, 66.0065994263, 129.872619629, 200.860046387, 85.8244552612, 64.3071975708, 25.5263576508, 2.5554561615], [-19.4567070007, -80.5211639404, -91.7493286133, -25.1886405945, -5.80976247787, 28.9847106934, 50.2136611938, 70.4895019531, 85.8244552612, 133.843490601, 52.5291442871, 35.9455833435, 25.7500534058], [92.2124176025, -35.4649391174, -67.6820449829, 9.7542257309, -8.37161636353, 15.5041046143, 49.243309021, 34.8455352783, 64.3071975708, 52.5291442871, 99.7228469849, 40.8316955566, 10.9856357574], [56.9798583984, -29.3396205902, 14.9027919769, 20.1303138733, -3.45519518852, 11.0526990891, 20.0115642548, 11.3289222717, 25.5263576508, 35.9455833435, 40.8316955566, 85.2442474365, 45.3108100891], [83.7306289673, -48.238407135, 93.7100601196, 9.37595653534, 28.0565280914, 26.3191738129, 31.583158493, -7.9480676651, 2.5554561615, 25.7500534058, 10.9856357574, 45.3108100891, 116.862457275]],
        "icov": [[0.000325369939674, 0.000145505196997, -6.5256273956e-05, -0.00030261464417, -0.000112824469397, -0.00051282934146, -2.33806031247e-06, -5.1207101933e-05, 0.000139581679832, 0.00022150213772, -0.000395277893404, 2.98332561215e-05, 1.70093753695e-05], [0.000145505196997, 0.0014249868691, 0.00025730865309, -0.000600189203396, -0.00089982256759, 0.00016398113803, -7.47286176193e-05, 0.00010691024363, 0.000812516023871, 0.000331806601025, -0.000200973721803, -0.000121056968055, 0.000507291813847], [-6.5256273956e-05, 0.00025730865309, 0.00142093386967, -0.000545516086277, -0.000961603072938, 0.000312345277052, -0.000146452526678, 0.00042287845281, 0.00109718239401, 8.52686207509e-05, 0.000403497717343, -0.000282344321022, -0.000685068487655], [-0.00030261464417, -0.000600189203396, -0.000545516086277, 0.00332462019287, -0.000126648214064, -0.00167257047724, 0.000782045477536, -0.000205779258977, -0.00117125420365, 0.000968205044046, -0.000137684008223, -0.000891955045518, 0.000492572842631], [-0.000112824469397, -0.00089982256759, -0.000961603072938, -0.000126648214064, 0.00590369617566, 0.000570817152038, -0.00188577664085, -0.000383532256819, -0.000100653225672, -0.000474977947306, 0.000599183375016, 0.00106199202128, -0.00093292776728], [-0.00051282934146, 0.00016398113803, 0.000312345277052, -0.00167257047724, 0.000570817152038, 0.00863412674516, -0.00265132030472, -0.00317037524655, 0.000601456034929, -0.000142068092828, 0.00162672740407, 0.000667506130412, -0.0016553850146], [-2.33806031247e-06, -7.47286176193e-05, -0.000146452526678, 0.000782045477536, -0.00188577664085, -0.00265132030472, 0.00847626850009, -0.00118289631791, -0.000564867455978, -0.000370728375856, -0.00336651923135, 0.000831436249427, -0.00120772293303], [-5.1207101933e-05, 0.00010691024363, 0.00042287845281, -0.000205779258977, -0.000383532256819, -0.00317037524655, -0.00118289631791, 0.0133785046637, -0.00620277924463, -0.00287571758963, 0.00214203842916, -0.000340709200827, 0.0024939426221], [0.000139581679832, 0.000812516023871, 0.00109718239401, -0.00117125420365, -0.000100653225672, 0.000601456034929, -0.000564867455978, -0.00620277924463, 0.0128050902858, -0.00236050062813, -0.00374247902073, 0.000352374045178, -0.000475657579955], [0.00022150213772, 0.000331806601025, 8.52686207509e-05, 0.000968205044046, -0.000474977947306, -0.000142068092828, -0.000370728375856, -0.00287571758963, -0.00236050062813, 0.0133891236037, -0.00341018266045, -0.00211862940341, -0.00187374115922], [-0.000395277893404, -0.000200973721803, 0.000403497717343, -0.000137684008223, 0.000599183375016, 0.00162672740407, -0.00336651923135, 0.00214203842916, -0.00374247902073, -0.00341018266045, 0.0180675741285, -0.00678909104317, 0.00220017763786], [2.98332561215e-05, -0.000121056968055, -0.000282344321022, -0.000891955045518, 0.00106199202128, 0.000667506130412, 0.000831436249427, -0.000340709200827, 0.000352374045178, -0.00211862940341, -0.00678909104317, 0.0194219760597, -0.00685965502635], [1.70093753695e-05, 0.000507291813847, -0.000685068487655, 0.000492572842631, -0.00093292776728, -0.0016553850146, -0.00120772293303, 0.0024939426221, -0.000475657579955, -0.00187374115922, 0.00220017763786, -0.00685965502635, 0.0132330404595]]
    },
    "spectral_contrast_coeffs": {
        "max": [-0.400225996971, -0.400382339954, -0.424965202808, -0.555143773556, -0.629622876644, -0.456129878759],
        "mean": [-0.722294747829, -0.723590433598, -0.739076554775, -0.795165538788, -0.80136603117, -0.764648497105],
        "min": [-0.917555570602, -0.932948887348, -0.950898587704, -0.908009707928, -0.91468411684, -0.888704001904],
        "stdev": [0.102631688118, 0.0979509800673, 0.0898471921682, 0.059003315866, 0.0372591651976, 0.057534173131]
    },
    "spectral_contrast_valleys": {
        "max": [-5.19184207916, -4.95171689987, -5.54393815994, -5.87369346619, -5.87844181061, -7.05658960342],
        "mean": [-7.66801977158, -6.93430995941, -7.15386533737, -7.32177400589, -7.56998920441, -10.1326351166],
        "min": [-11.7287359238, -12.022195816, -10.1484022141, -12.1223697662, -11.8046417236, -14.3488225937],
        "stdev": [1.15543496609, 0.598102867603, 0.731750488281, 0.737534999847, 0.746742248535, 0.828165471554]
    }
},
"rhythm": {
    "beats_count": 94,
    "beats_loudness": {
        "max": 0.0801954343915,
        "mean": 0.0253614168614,
        "min": 0.000646380824037,
        "stdev": 0.020858945325
    },
    "bpm": 154.371826172,
    "bpm_histogram_first_peak_bpm": 157,
    "bpm_histogram_first_peak_weight": 0.46875,
    "bpm_histogram_second_peak_bpm": 152,
    "bpm_histogram_second_peak_spread": 0.384615361691,
    "bpm_histogram_second_peak_weight": 0.172043010592,
    "danceability": 0.959279239178,
    "onset_rate": 2.25199651718,
    "beats_loudness_band_ratio": {
        "max": [0.565796375275, 0.775485873222, 0.818764686584, 0.805849134922, 0.384828954935, 0.907568395138],
        "mean": [0.128061696887, 0.136415719986, 0.285118937492, 0.24839091301, 0.111871778965, 0.115319088101],
        "min": [0.000251373712672, 0.00172344676685, 0.00572103308514, 0.00779899815097, 0.0018970068777, 0.00445940112695],
        "stdev": [0.149087324739, 0.173329249024, 0.205396860838, 0.176436915994, 0.0912102386355, 0.202892452478]
    },
