{
"metadata": {
    "version": {
        "essentia": "2.1-beta5",
        "essentia_git_sha": "Undefined",
        "extractor": "music 2.0"
    },
    "audio_properties": {
        "analysis": {
            "equal_loudness": 0,
            "length": 29.0017242432,
            "sample_rate": 44100,
            "start_time": 0,
            "downmix": "mix"
        },
        "bit_rate": 192000,
        "length": 236.959640503,
        "lossless": 0,
        "number_channels": 2,
        "replay_gain": 2.17771720886,
        "sample_rate": 48000,
        "codec": "mp3",
        "md5_encoded": "a569c31d49bcd5f7fa1bfe40e978a4cf"
    },
    "tags": {
        "file_name": "Iceland_Je Ne Sais Quoi_Hera Björk.mp3",
        "encoding": ["Lavf58.29.100"]
    }
},
"lowlevel": {
    "average_loudness": 0.00236450298689,
    "barkbands_crest": {
        "max": 24.3811721802,
        "mean": 9.1748456955,
        "min": 2.05844402313,
        "stdev": 4.55096292496
    },
    "barkbands_flatness_db": {
        "max": 0.366260260344,
        "mean": 0.157788172364,
        "min": 0.0299477502704,
        "stdev": 0.0448994114995
    },
    "barkbands_kurtosis": {
        "max": 216.802627563,
        "mean": 5.10841655731,
        "min": -1.94265949726,
        "stdev": 21.0740146637
    },
    "barkbands_skewness": {
        "max": 13.0779876709,
        "mean": 1.14919066429,
        "min": -2.02399802208,
        "stdev": 1.80982303619
    },
    "barkbands_spread": {
        "max": 95.1344299316,
        "mean": 23.0512428284,
        "min": 1.10990357399,
        "stdev": 13.782957077
    },
    "dissonance": {
        "max": 0.499986499548,
        "mean": 0.481515228748,
        "min": 0.387001782656,
        "stdev": 0.0148471323773
    },
    "dynamic_complexity": 4.89951133728,
    "erbbands_crest": {
        "max": 24.0582389832,
        "mean": 7.66023349762,
        "min": 2.51166462898,
        "stdev": 3.28979420662
    },
    "erbbands_flatness_db": {
        "max": 0.289427965879,
        "mean": 0.196694642305,
        "min": 0.080530397594,
        "stdev": 0.0428903028369
    },
    "erbbands_kurtosis": {
        "max": 22.616727829,
        "mean": 0.491054743528,
        "min": -1.57772803307,
        "stdev": 1.77818119526
    },
    "erbbands_skewness": {
        "max": 2.81311416626,
        "mean": 0.152794182301,
        "min": -4.12233972549,
        "stdev": 0.673853218555
    },
    "erbbands_spread": {
        "max": 161.536804199,
        "mean": 31.0210876465,
        "min": 8.96520614624,
        "stdev": 20.03673172
    },
    "hfc": {
        "max": 930.76574707,
        "mean": 20.0399913788,
        "min": 1.16567086014e-16,
        "stdev": 74.5532531738
    },
    "loudness_ebu128": {
        "integrated": -25.1824436188,
        "loudness_range": 16.5019207001,
        "momentary": {
            "max": -11.9287834167,
            "mean": -29.8236312866,
            "min": -36.6946258545,
            "stdev": 4.65926218033
        },
        "short_term": {
            "max": -17.1549453735,
            "mean": -29.31316185,
            "min": -34.9421310425,
            "stdev": 4.72973012924
        }
    },
    "melbands_crest": {
        "max": 36.5045928955,
        "mean": 13.1089391708,
        "min": 1.7516528368,
        "stdev": 6.08541154861
    },
    "melbands_flatness_db": {
        "max": 0.471771150827,
        "mean": 0.185883760452,
        "min": 0.00339145795442,
        "stdev": 0.0693389847875
    },
    "melbands_kurtosis": {
        "max": 854.372497559,
        "mean": 18.0286006927,
        "min": -1.53642010689,
        "stdev": 66.2473983765
    },
    "melbands_skewness": {
        "max": 23.40325737,
        "mean": 2.18901515007,
        "min": -0.437661856413,
        "stdev": 2.71363592148
    },
    "melbands_spread": {
        "max": 173.160095215,
        "mean": 30.4314899445,
        "min": 0.668673694134,
        "stdev": 24.0831413269
    },
    "pitch_salience": {
        "max": 0.864064216614,
        "mean": 0.576228559017,
        "min": 0.130512997508,
        "stdev": 0.147613704205
    },
    "silence_rate_20dB": {
        "max": 1,
        "mean": 0.972800016403,
        "min": 0,
        "stdev": 0.162666395307
    },
    "silence_rate_30dB": {
        "max": 1,
        "mean": 0.947200000286,
        "min": 0,
        "stdev": 0.223635315895
    },
    "silence_rate_60dB": {
        "max": 1,
        "mean": 0.243200004101,
        "min": 0,
        "stdev": 0.429011821747
    },
    "spectral_centroid": {
        "max": 11306.4599609,
        "mean": 1520.87841797,
        "min": 190.634979248,
        "stdev": 769.307128906
    },
    "spectral_complexity": {
        "max": 68,
        "mean": 14.7055997849,
        "min": 0,
        "stdev": 10.7108745575
    },
    "spectral_decrease": {
        "max": -2.46426212086e-29,
        "mean": -6.5653251724e-09,
        "min": -2.48580874995e-07,
        "stdev": 2.31203483025e-08
    },
    "spectral_energy": {
        "max": 0.965113520622,
        "mean": 0.0265967436135,
        "min": 1.06659867045e-20,
        "stdev": 0.0905123874545
    },
    "spectral_energyband_high": {
        "max": 0.0788969919086,
        "mean": 0.00172385922633,
        "min": 7.73501841457e-21,
        "stdev": 0.00771368853748
    },
    "spectral_energyband_low": {
        "max": 0.741243064404,
        "mean": 0.0158102549613,
        "min": 4.06469605984e-23,
        "stdev": 0.0646411925554
    },
    "spectral_energyband_middle_high": {
        "max": 0.158524572849,
        "mean": 0.00316088856198,
        "min": 1.5214437414e-21,
        "stdev": 0.00972336996347
    },
    "spectral_energyband_middle_low": {
        "max": 0.717893302441,
        "mean": 0.00641623232514,
        "min": 3.49088267635e-22,
        "stdev": 0.0355337113142
    },
    "spectral_entropy": {
        "max": 9.80575370789,
        "mean": 7.71330404282,
        "min": 6.4916882515,
        "stdev": 0.274252712727
    },
    "spectral_flux": {
        "max": 0.691198289394,
        "mean": 0.0656660422683,
        "min": 1.03276262542e-10,
        "stdev": 0.0825865343213
    },
    "spectral_kurtosis": {
        "max": 17.2270393372,
        "mean": 3.81290340424,
        "min": -1.19213247299,
        "stdev": 2.70094561577
    },
    "spectral_rms": {
        "max": 0.0306850802153,
        "mean": 0.00337235955521,
        "min": 3.2258085092e-12,
        "stdev": 0.00381775060669
    },
    "spectral_rolloff": {
        "max": 18540.0878906,
        "mean": 1726.10424805,
        "min": 64.599609375,
        "stdev": 1661.67871094
    },
    "spectral_skewness": {
        "max": 2.73035550117,
        "mean": 1.35266304016,
        "min": -0.0275270622224,
        "stdev": 0.395690321922
    },
    "spectral_spread": {
        "max": 40346704,
        "mean": 3560965.75,
        "min": 1958004.75,
        "stdev": 1734850
    },
    "spectral_strongpeak": {
        "max": 33.0772819519,
        "mean": 0.588910222054,
        "min": 0,
        "stdev": 2.12049603462
    },
    "zerocrossingrate": {
        "max": 0.6552734375,
        "mean": 0.0616914071143,
        "min": 0.005859375,
        "stdev": 0.0481443107128
    },
    "barkbands": {
        "max": [0.0834985226393, 0.650209903717, 0.185024559498, 0.125179350376, 0.628351867199, 0.0643009096384, 0.0198238492012, 0.0193703472614, 0.0407425835729, 0.0169588439167, 0.0167423859239, 0.0258967597038, 0.0139430323616, 0.0140118841082, 0.0182048957795, 0.0239695198834, 0.0211372692138, 0.0165849942714, 0.0262005440891, 0.0182097181678, 0.0333657413721, 0.0176958851516, 0.0389609597623, 0.017015920952, 0.021161692217, 0.000616941717453, 4.31149528595e-05],
        "mean": [0.00146804295946, 0.0107667157426, 0.00316758290865, 0.00131632108241, 0.00280669680797, 0.000485566706629, 0.00037773445365, 0.000469213759061, 0.000763412856031, 0.000603504537139, 0.000409963657148, 0.000321428669849, 0.000277905637631, 0.000279509054963, 0.0003189961717, 0.000242498033913, 0.000251760502579, 0.000228735967539, 0.000230913734413, 0.000229337121709, 0.000501731701661, 0.000274342601188, 0.000337733043125, 0.000265917100478, 0.000192061546841, 9.00494433154e-06, 9.71694618102e-08],
        "min": [2.41725566923e-23, 1.90150708686e-23, 1.36403895497e-23, 1.07095101738e-23, 6.2195396733e-23, 9.34528362773e-23, 3.20192362096e-23, 7.57840938053e-23, 5.90829176324e-23, 1.12439575995e-22, 5.00049587706e-23, 4.77001470193e-23, 1.1635868746e-22, 9.14638591889e-23, 1.32902690986e-22, 1.60189881947e-22, 2.14002135881e-22, 2.58617357134e-22, 2.60575751663e-22, 3.05015807929e-22, 4.1293480704e-22, 4.07760283399e-22, 7.11979303948e-22, 1.00022362611e-21, 1.3467679751e-21, 1.40370035693e-21, 2.48913752057e-21],
        "stdev": [0.00781770702451, 0.047039821744, 0.0137829603627, 0.00804581679404, 0.0264099054039, 0.00271751033142, 0.00148639362305, 0.00121050840244, 0.00216399389319, 0.000999086769298, 0.000863364257384, 0.00126782548614, 0.000851435819641, 0.000841058616061, 0.00101870833896, 0.00115540728439, 0.00121004332323, 0.000961409008596, 0.00121128407773, 0.00117901992053, 0.00257084262557, 0.00130625232123, 0.00196229852736, 0.00142433529254, 0.00128551491071, 4.8455218348e-05, 1.4978273839e-06]
    },
    "erbbands": {
        "max": [23.1971759796, 154.778869629, 246.892349243, 227.928909302, 1189.40429688, 3425.30151367, 903.328979492, 728.92010498, 331.018981934, 345.201599121, 729.524597168, 1133.80432129, 806.82611084, 503.627532959, 860.708251953, 976.138244629, 665.506591797, 660.592956543, 920.482788086, 1008.12145996, 1464.80749512, 1134.09448242, 982.654846191, 1282.04602051, 792.333190918, 752.034301758, 1515.10131836, 808.226257324, 570.215454102, 551.071228027, 1572.23950195, 402.318878174, 252.607818604, 241.763122559, 127.715881348, 17.7488365173, 0.426823526621, 0.0562560670078, 0.00892873574048, 0.00159899250139],
        "mean": [0.388606160879, 2.06615972519, 4.14816904068, 3.80565547943, 7.53798437119, 10.6932411194, 3.74743008614, 4.62667560577, 4.85655927658, 8.16770267487, 11.386223793, 17.7045936584, 19.909702301, 17.1585769653, 16.1047821045, 13.6130638123, 13.0005788803, 13.6814565659, 16.2196350098, 15.9228439331, 13.1811246872, 14.42466259, 12.8902683258, 10.3624782562, 12.1773796082, 10.2648019791, 20.1203327179, 16.2848682404, 10.1879024506, 9.62311172485, 10.6678323746, 5.83439016342, 4.15818929672, 2.58291244507, 1.08961737156, 0.145221158862, 0.0042281714268, 0.000277577666566, 5.35237923032e-05, 3.80188175768e-05],
        "min": [2.7695616437e-22, 5.54224742901e-21, 1.85511085119e-20, 1.91486689563e-20, 1.64105964387e-19, 1.75521974494e-19, 4.91496709607e-19, 8.78268217762e-19, 4.63473174623e-19, 7.74098623188e-19, 1.70414157475e-18, 1.21976838949e-18, 2.68549872732e-18, 2.61245123461e-18, 2.50189523702e-18, 2.0290097293e-18, 6.09978741487e-18, 3.62082720791e-18, 6.84882551573e-18, 5.88063170184e-18, 1.21689253065e-17, 1.33421296314e-17, 1.27487780887e-17, 1.57139931101e-17, 9.6646533728e-18, 1.31564325469e-17, 1.76188378595e-17, 1.65389750765e-17, 1.516551777e-17, 1.69175309752e-17, 2.05188917281e-17, 2.17903973698e-17, 1.66964884632e-17, 1.14189173364e-17, 1.09742415827e-17, 5.90802296065e-18, 2.58021269741e-18, 1.38786793017e-18, 3.52034988909e-19, 3.28918773994e-20],
        "stdev": [1.92299175262, 8.92828559875, 18.2752227783, 17.6224327087, 56.7929039001, 123.344512939, 31.320514679, 28.7336521149, 21.7545795441, 27.5451812744, 33.0390663147, 51.335899353, 37.1507072449, 27.770401001, 42.2446670532, 52.5519638062, 40.1650238037, 39.6838989258, 50.0766525269, 59.5081825256, 66.0442123413, 68.1875991821, 57.1768569946, 55.2667312622, 60.7288970947, 48.9296150208, 105.618797302, 75.6398849487, 46.5688552856, 44.8390922546, 72.0437240601, 30.4257030487, 22.7058563232, 16.3940467834, 7.68868589401, 0.885278344154, 0.0238854661584, 0.00218261079863, 0.000361675018212, 0.00012773097842]
    },
    "gfcc": {
        "mean": [-82.9864273071, 130.317932129, -163.700241089, 48.5995178223, -64.1997451782, 28.9916496277, -20.3024616241, 2.99793958664, 3.87932729721, -20.4429244995, 3.08880805969, -19.8499088287, 2.40010738373],
        "cov": [[7788.41455078, -1084.39807129, 827.742797852, 576.119567871, -276.163818359, 422.244781494, -286.665557861, 506.619506836, -446.335357666, 295.939208984, -320.788757324, 135.83934021, -53.0017127991], [-1084.39807129, 1619.82800293, -658.729919434, -287.600219727, 315.728210449, -232.942230225, 222.263092041, -265.188476562, 327.823822021, -354.05355835, 251.701843262, -211.870574951, 83.8042526245], [827.742797852, -658.729919434, 1321.6796875, 489.889465332, 45.9968681335, 242.969726562, -159.675842285, 254.834487915, -166.515106201, 308.62020874, -84.3295974731, 165.145950317, -81.2198867798], [576.119567871, -287.600219727, 489.889465332, 359.9425354, 5.1820473671, 141.936126709, -35.6787490845, 73.0629119873, -60.7624740601, 99.3225860596, -27.5749225616, 50.9942474365, -18.3664798737], [-276.163818359, 315.728210449, 45.9968681335, 5.1820473671, 249.319763184, 10.9381961823, 108.798301697, 18.7567577362, 61.8362503052, -37.9550704956, 40.6517448425, -14.3072681427, 17.2190933228], [422.244781494, -232.942230225, 242.969726562, 141.936126709, 10.9381961823, 185.911056519, 6.78857946396, 87.4594116211, -35.3221130371, 55.8804664612, -22.5902938843, 22.3685722351, -7.49910020828], [-286.665557861, 222.263092041, -159.675842285, -35.6787490845, 108.798301697, 6.78857946396, 174.874526978, -12.3667812347, 86.5129013062, -51.8637924194, 25.5415382385, -27.9345169067, 16.261932373], [506.619506836, -265.188476562, 254.834487915, 73.0629119873, 18.7567577362, 87.4594116211, -12.3667812347, 200.14906311, -34.1713142395, 99.3947143555, -37.1039390564, 55.4337844849, -17.480342865], [-446.335357666, 327.823822021, -166.515106201, -60.7624740601, 61.8362503052, -35.3221130371, 86.5129013062, -34.1713142395, 159.348175049, -53.7114067078, 74.2077941895, -33.4367866516, 17.6243877411], [295.939208984, -354.05355835, 308.62020874, 99.3225860596, -37.9550704956, 55.8804664612, -51.8637924194, 99.3947143555, -53.7114067078, 179.871765137, -25.6003494263, 81.5001144409, -25.8404750824], [-320.788757324, 251.701843262, -84.3295974731, -27.5749225616, 40.6517448425, -22.5902938843, 25.5415382385, -37.1039390564, 74.2077941895, -25.6003494263, 109.864280701, -16.8832950592, 20.6038227081], [135.83934021, -211.870574951, 165.145950317, 50.9942474365, -14.3072681427, 22.3685722351, -27.9345169067, 55.4337844849, -33.4367866516, 81.5001144409, -16.8832950592, 95.2380523682, -3.98792243004], [-53.0017127991, 83.8042526245, -81.2198867798, -18.3664798737, 17.2190933228, -7.49910020828, 16.261932373, -17.480342865, 17.6243877411, -25.8404750824, 20.6038227081, -3.98792243004, 47.9591941833]],
        "icov": [[0.000286514376057, -0.000683497171849, 0.000419730116846, -0.000638402067125, 0.000538536347449, -0.000655102252495, 0.000373453920474, -0.000882656895556, 0.000856265076436, -0.00068404636113, 0.00103492743801, -0.000384600833058, 7.33642737032e-05], [-0.000683497171849, 0.0060986331664, -0.00213374244049, 0.00255173328333, -0.00428911624476, 0.00449052359909, -0.00133343227208, 0.00337816006504, -0.00513247959316, 0.00598975131288, -0.00714838225394, 0.00455921515822, -0.00155941140838], [0.000419730116846, -0.00213374244049, 0.00434884149581, -0.0040816962719, -0.000862646265887, -0.00261362968013, 0.00352128013037, -0.00234272633679, 0.00199367618188, -0.00449347263202, 0.00323069607839, -0.00257288408466, 0.00309164565988], [-0.000638402067125, 0.00255173328333, -0.0040816962719, 0.00864593777806, -0.000657699303702, -0.000408008287195, -0.00246705231257, 0.00379479117692, -0.00228392169811, 0.00311408704147, -0.00370462425053, 0.00188855698798, -0.00210804888047], [0.000538536347449, -0.00428911624476, -0.000862646265887, -0.000657699303702, 0.010892663151, -0.00192258076277, -0.00469395099208, -0.00373227428645, 0.00419488549232, -0.0012215343304, 0.00267308624461, -0.00263537256978, -0.00117026665248], [-0.000655102252495, 0.00449052359909, -0.00261362968013, -0.000408008287195, -0.00192258076277, 0.0133000425994, -0.00406054314226, -0.000391039648093, -0.00230317190289, 0.00488011026755, -0.0060761119239, 0.00512645021081, -0.00263655977324], [0.000373453920474, -0.00133343227208, 0.00352128013037, -0.00246705231257, -0.00469395099208, -0.00406054314226, 0.0138411335647, -0.00110801693518, -0.00407945131883, -0.00261734914966, 0.00517473183572, -0.00154517346527, 0.00145194190554], [-0.000882656895556, 0.00337816006504, -0.00234272633679, 0.00379479117692, -0.00373227428645, -0.000391039648093, -0.00110801693518, 0.0122316069901, -0.00456400914118, 0.00022701297712, -0.0021362286061, 0.000694853544701, -0.000504823285155], [0.000856265076436, -0.00513247959316, 0.00199367618188, -0.00228392169811, 0.00419488549232, -0.00230317190289, -0.00407945131883, -0.00456400914118, 0.0180064998567, -0.00412124907598, -0.00124549446627, -0.0025410100352, 0.00175610091537], [-0.00068404636113, 0.00598975131288, -0.00449347263202, 0.00311408704147, -0.0012215343304, 0.00488011026755, -0.00261734914966, 0.00022701297712, -0.00412124907598, 0.0204555299133, -0.00921440031379, -0.00235484470613, 0.000830931647215], [0.00103492743801, -0.00714838225394, 0.00323069607839, -0.00370462425053, 0.00267308624461, -0.0060761119239, 0.00517473183572, -0.0021362286061, -0.00124549446627, -0.00921440031379, 0.0242410711944, -0.00474883709103, -0.00207182695158], [-0.000384600833058, 0.00455921515822, -0.00257288408466, 0.00188855698798, -0.00263537256978, 0.00512645021081, -0.00154517346527, 0.000694853544701, -0.0025410100352, -0.00235484470613, -0.00474883709103, 0.0222159530967, -0.00594838801771], [7.33642737032e-05, -0.00155941140838, 0.00309164565988, -0.00210804888047, -0.00117026665248, -0.00263655977324, 0.00145194190554, -0.000504823285155, 0.00175610091537, 0.000830931647215, -0.00207182695158, -0.00594838801771, 0.0276149325073]]
    },
    "melbands": {
        "max": [0.174968764186, 0.126493886113, 0.0565941408277, 0.148230955005, 0.0592099428177, 0.0145988725126, 0.00461155781522, 0.00358431437053, 0.00686490768567, 0.00659492239356, 0.00396894896403, 0.00195362488739, 0.00288979406469, 0.0033410906326, 0.00186602293979, 0.00156964315102, 0.0013144868426, 0.00158899126109, 0.00157036585733, 0.00142480479553, 0.00168147217482, 0.00128514214884, 0.00121174775995, 0.000766918528825, 0.00118696293794, 0.000828109448776, 0.000753665051889, 0.000420333555667, 0.000555671053007, 0.00144300644752, 0.000495312968269, 0.000344155560015, 0.000379184552003, 0.000278277701, 0.00136438396294, 0.000301412248518, 0.000268777250312, 0.000209480742342, 0.000214477389818, 0.000231443424127],
        "mean": [0.00321830553003, 0.00230109016411, 0.000775229942519, 0.000695165421348, 0.000190044680494, 0.000100648750958, 7.49371683924e-05, 8.95954945008e-05, 9.62997946772e-05, 0.000113105415949, 9.92150453385e-05, 7.02522665961e-05, 5.557773693e-05, 4.00067256123e-05, 2.99992079817e-05, 2.70959171758e-05, 2.51771780313e-05, 2.56162074947e-05, 2.4092001695e-05, 1.86378201761e-05, 1.47255923366e-05, 1.46737502291e-05, 1.45953445099e-05, 9.58153486863e-06, 7.95815503807e-06, 9.37680579227e-06, 7.12288237992e-06, 6.67557060297e-06, 1.08047479443e-05, 1.47481396198e-05, 7.90302419773e-06, 5.72078897676e-06, 5.16950194651e-06, 5.09014671479e-06, 7.13048893886e-06, 3.87124100598e-06, 3.40341853189e-06, 3.10851055474e-06, 2.39433461502e-06, 2.1461180495e-06],
        "min": [5.10960591099e-24, 8.51017622526e-24, 8.0478351039e-24, 1.26153965431e-23, 1.43746959901e-23, 1.82871747119e-23, 6.88786089671e-24, 1.1272060296e-23, 1.26286359957e-23, 8.24218676512e-24, 1.4790449353e-23, 1.19026370494e-23, 8.36573027149e-24, 5.91564702344e-24, 5.76587191982e-24, 1.35606483339e-23, 6.28434483332e-24, 1.17578258531e-23, 8.34227585905e-24, 7.51348281481e-24, 1.55928534223e-23, 1.288413621e-23, 1.40480034457e-23, 1.00891507468e-23, 1.33796741759e-23, 9.13924704324e-24, 5.84466965792e-24, 1.0050930436e-23, 1.12715388589e-23, 1.05160854242e-23, 9.24180763839e-24, 1.02646139225e-23, 5.62180106941e-24, 1.07187217026e-23, 1.06719414621e-23, 1.26357893864e-23, 1.40264628099e-23, 1.28485222956e-23, 8.96718149146e-24, 9.61053621385e-24],
        "stdev": [0.0146106621251, 0.00959079619497, 0.00396106019616, 0.00655748136342, 0.00195585587062, 0.000593014119659, 0.000320443068631, 0.000284121109871, 0.00029340540641, 0.000317613797961, 0.000184225616977, 0.000112810994324, 0.00013038625184, 0.000152883818373, 0.000105741615698, 8.17496693344e-05, 7.5422001828e-05, 8.22905640234e-05, 8.08765398688e-05, 8.26262476039e-05, 7.60749826441e-05, 7.04409903847e-05, 6.87087231199e-05, 4.05539758503e-05, 4.65746852569e-05, 4.92226936331e-05, 3.8406564272e-05, 3.17951380566e-05, 5.22643385921e-05, 9.01962266653e-05, 3.87175969081e-05, 2.70592372544e-05, 2.60890192294e-05, 2.32385773415e-05, 5.75780723011e-05, 1.90034479601e-05, 1.88866233657e-05, 1.72816362465e-05, 1.39078392749e-05, 1.45908334162e-05]
    },
    "melbands128": {
        "max": [0.0662090033293, 0.223008617759, 0.244127705693, 0.271432757378, 0.172623053193, 0.0815092027187, 0.0470525063574, 0.0737693831325, 0.141683056951, 0.171753689647, 0.248810946941, 0.0854657664895, 0.0196227766573, 0.0103331208229, 0.0234337802976, 0.0125095667318, 0.00697038415819, 0.00562599347904, 0.00535295857117, 0.00523962639272, 0.00419538002461, 0.00372436270118, 0.0102842058986, 0.00817688833922, 0.012118620798, 0.0085014719516, 0.00358068640344, 0.00424176361412, 0.00377229880542, 0.00189385842532, 0.00189207051881, 0.00175035640132, 0.00430752849206, 0.00274006114341, 0.00439190678298, 0.00336978188716, 0.00287837255746, 0.00211178930476, 0.00191820890177, 0.00238758092746, 0.00200498010963, 0.00139331317041, 0.00136062910315, 0.00232493854128, 0.00147839682177, 0.00256849825382, 0.00176861369982, 0.00210882769898, 0.00163678836543, 0.00165326579008, 0.00158859218936, 0.00190153368749, 0.00239125965163, 0.00156266964041, 0.00127983104903, 0.00192286714446, 0.0016367562348, 0.00126179400831, 0.00183151103556, 0.000630757596809, 0.00097891385667, 0.000541444227565, 0.00107931764796, 0.00196328922175, 0.000995977199636, 0.00114295782987, 0.000740264193155, 0.000474493921502, 0.00104924861807, 0.000653382157907, 0.00037003000034, 0.00047179608373, 0.00145377311856, 0.000567086273804, 0.00162646605168, 0.00372553896159, 0.00107207300607, 0.000720344251022, 0.000708535488229, 0.000553114805371, 0.000451532017905, 0.000396709074266, 0.000583248445764, 0.000510243989993, 0.000321175932186, 0.000421420874773, 0.0002299505868, 0.000243376736762, 0.00300488481298, 0.000619342143182, 0.000256243918557, 0.00044477218762, 0.000428671686677, 0.000381853693398, 0.000288557377644, 0.000323856074829, 0.000209692851058, 0.000169779392309, 0.000252150610322, 0.000175584907993, 0.000347107939888, 0.000351375696482, 0.000221688998863, 0.00021946693596, 0.00010698785627, 0.000287943024887, 0.000125841572299, 2.49210825132e-05, 1.53849923663e-05, 4.33537888966e-06, 3.67012631841e-07, 6.3719477339e-07, 7.94761149336e-07, 8.57972736412e-07, 8.40757309106e-07, 2.5642347623e-07, 2.86444702624e-07, 4.05374407819e-07, 2.40572148869e-07, 3.36825308977e-07, 2.1128157357e-07, 1.3523748521e-07, 9.22594338704e-08, 9.00265177961e-08, 8.98780854186e-08, 8.92452263201e-08, 8.90869173986e-08, 9.02577923512e-08],
        "mean": [0.00125576159917, 0.00344597361982, 0.00373456114903, 0.00338837387972, 0.00253659044392, 0.0013195569627, 0.000704909441993, 0.000680126075167, 0.00075099489186, 0.000810339814052, 0.000647165230475, 0.000229583791224, 9.53150956775e-05, 7.62332201703e-05, 0.000107352389023, 0.000115541399282, 8.67370108608e-05, 5.80934392929e-05, 6.70347071718e-05, 0.000111122295493, 8.20039058453e-05, 7.97507818788e-05, 0.000107088912046, 9.53283888521e-05, 0.000122678189655, 0.000114761816803, 0.000105786690256, 9.88859537756e-05, 9.61324403761e-05, 7.48243473936e-05, 6.05819295743e-05, 6.00824641879e-05, 6.00025523454e-05, 5.08053235535e-05, 3.73129078071e-05, 4.23483179475e-05, 3.47034510924e-05, 2.64036589215e-05, 2.96584312309e-05, 2.9851356885e-05, 2.62404173554e-05, 2.3610482458e-05, 2.54741225945e-05, 2.58056043094e-05, 2.45881510637e-05, 2.58930140262e-05, 2.62802059297e-05, 2.51564706559e-05, 2.32375969063e-05, 2.03645740839e-05, 1.87352088687e-05, 1.61008520081e-05, 1.44244659168e-05, 1.38422565215e-05, 1.56545647769e-05, 1.44658579302e-05, 1.43587021739e-05, 1.57083413796e-05, 1.57235717779e-05, 9.7961838037e-06, 9.83443987934e-06, 8.57231316331e-06, 8.28543488751e-06, 7.9372930486e-06, 6.914945061e-06, 9.91999695543e-06, 1.13982832772e-05, 7.20934804121e-06, 6.76139143252e-06, 5.41151348443e-06, 5.87379372519e-06, 6.9555430855e-06, 1.05340350274e-05, 8.32637397252e-06, 1.37704209919e-05, 2.249813042e-05, 1.08038584585e-05, 8.06853495305e-06, 8.67637754709e-06, 5.83974542678e-06, 5.86321266383e-06, 5.71745340494e-06, 5.07476306666e-06, 4.92505296279e-06, 5.47907529835e-06, 5.44465228813e-06, 4.9449809012e-06, 4.28560952059e-06, 1.0393946468e-05, 6.01351848672e-06, 3.39248481396e-06, 3.90435479858e-06, 3.55131032848e-06, 3.10679888571e-06, 3.44457407664e-06, 3.78127833756e-06, 2.86307567876e-06, 2.44023271989e-06, 2.65149787992e-06, 2.07937910091e-06, 2.2520694074e-06, 2.19780417865e-06, 1.94677500076e-06, 1.83321833447e-06, 9.59405724643e-07, 1.08344090677e-06, 6.92848743711e-07, 3.23803050151e-07, 1.39426788337e-07, 1.80204651201e-08, 9.65072022296e-10, 1.17940801569e-09, 1.06406883305e-09, 1.04370478926e-09, 1.12474651814e-09, 5.76167002997e-10, 4.85544104922e-10, 6.28808449754e-10, 5.06611586015e-10, 5.74808534104e-10, 4.59015186971e-10, 3.84181103597e-10, 3.17318421539e-10, 2.92973117988e-10, 2.72736500051e-10, 3.07519953946e-10, 2.79528872271e-10, 2.94435253956e-10],
        "min": [7.04832230458e-24, 1.31306479459e-24, 5.23886353133e-24, 1.04705287069e-23, 1.17025503694e-23, 4.85437075397e-24, 1.23340118304e-24, 7.90501104815e-24, 2.06143569808e-23, 1.29758696892e-23, 7.17571229672e-24, 1.03858610548e-23, 2.08681540444e-23, 1.30698806099e-23, 2.44118860469e-23, 1.73032663701e-23, 6.70289510254e-24, 5.23831251198e-24, 6.80531133614e-24, 4.50719661946e-24, 1.67700500407e-23, 2.39161753203e-23, 9.28689656115e-24, 6.83199928943e-24, 3.76488718511e-24, 1.21633721447e-23, 1.03335430107e-23, 8.55341369148e-24, 2.65088692373e-23, 2.01922564431e-23, 2.65133290624e-24, 4.1756241815e-24, 1.34802555191e-23, 6.23260620756e-24, 5.34058398961e-24, 7.65148929701e-24, 4.23407206925e-24, 2.09154498055e-24, 3.50330800869e-24, 2.80006525407e-23, 1.19260764735e-23, 1.24739863233e-24, 2.88214532407e-24, 1.10184494036e-23, 1.3414439276e-23, 1.12950145706e-23, 1.154673693e-23, 5.76891140089e-24, 1.02173698318e-23, 6.76467789977e-24, 3.71203626548e-24, 9.673079473e-24, 2.20434842179e-23, 1.3915914998e-23, 1.26644258261e-23, 1.12463095094e-23, 1.64853816945e-23, 1.1809628771e-23, 1.64074264598e-23, 1.08943647386e-23, 5.70752895056e-24, 1.50768910586e-23, 9.20511061794e-24, 1.60318513606e-23, 1.47581691648e-23, 1.09297885376e-23, 3.72106004537e-24, 3.71066443636e-24, 8.6053357274e-24, 5.03743973209e-24, 3.76190765747e-24, 2.11154982258e-23, 1.0824922102e-23, 7.41137108152e-24, 1.48276173234e-23, 6.39355000387e-24, 1.40877194369e-23, 8.25529368906e-24, 7.76949736641e-24, 8.2270193365e-24, 1.72474055517e-23, 7.63000467026e-24, 3.55993165561e-24, 4.84228974364e-24, 6.08833380319e-24, 1.40018787486e-23, 9.73259350627e-24, 1.06429303134e-23, 7.06340059192e-24, 1.38492909614e-23, 1.70143129314e-23, 8.64355603825e-24, 1.24761720597e-23, 1.53135856178e-23, 1.45327884487e-23, 1.34180822357e-23, 1.49084739885e-23, 8.06345454983e-24, 8.19765951133e-24, 9.80548109847e-24, 8.38329347068e-24, 9.72513088211e-24, 1.15500454126e-23, 8.83521373948e-24, 1.80126858267e-23, 9.11784919119e-24, 1.50121902649e-23, 1.18618205973e-23, 9.40809557291e-24, 9.54681991853e-24, 7.74577158582e-24, 6.21327319893e-24, 7.50216581626e-24, 9.27373362809e-24, 1.17909895655e-23, 5.96470352212e-24, 1.25227069645e-23, 1.6273790267e-23, 7.98960612504e-24, 1.19246289137e-23, 1.1008635185e-23, 9.73742054615e-24, 1.24702737467e-23, 9.55646453196e-24, 6.20534041366e-24, 1.0357678999e-23, 1.00553165026e-23, 1.05166920582e-23],
        "stdev": [0.00685623846948, 0.0183466281742, 0.0174576286227, 0.0152252409607, 0.0116723058745, 0.00546974036843, 0.00323492474854, 0.00451776571572, 0.00597705319524, 0.00853966828436, 0.00845672283322, 0.00270499661565, 0.000730523839593, 0.000456352427136, 0.000811258330941, 0.000666983542033, 0.000420685828431, 0.000313392170938, 0.000291047908831, 0.000431968597695, 0.000260214786977, 0.000222706978093, 0.000388871063478, 0.000367206521332, 0.000427208171459, 0.000341833656421, 0.000224244024139, 0.000205153919524, 0.000203591596801, 0.000128235842567, 0.000113084737677, 0.000115044800623, 0.000160482726642, 0.000154038600158, 0.000155538698891, 0.000189229322132, 0.000148273640662, 0.000101293146145, 9.25676795305e-05, 0.000110282941023, 8.54142781463e-05, 7.01236713212e-05, 8.05916497484e-05, 9.46925356402e-05, 8.39526182972e-05, 0.000100757737528, 8.60472791828e-05, 9.1918031103e-05, 8.31098950584e-05, 9.09184673219e-05, 8.82169188117e-05, 9.32461261982e-05, 9.11301831366e-05, 7.00297532603e-05, 7.16777649359e-05, 7.5361909694e-05, 8.43362140586e-05, 7.27869773982e-05, 8.3851206e-05, 4.47953170806e-05, 4.63812939415e-05, 3.20760918839e-05, 4.90283746331e-05, 6.26463152003e-05, 4.064260429e-05, 6.02094005444e-05, 6.02933178016e-05, 3.44155887433e-05, 4.77064604638e-05, 3.05286121147e-05, 2.84666257357e-05, 3.45257030858e-05, 6.66453706799e-05, 4.11723995057e-05, 8.68842180353e-05, 0.000188164354768, 6.32788724033e-05, 4.32779015682e-05, 4.92896724609e-05, 3.25849432556e-05, 3.18608290399e-05, 2.57556021097e-05, 2.72027664323e-05, 2.8087892133e-05, 2.76076916634e-05, 2.80764106719e-05, 2.31328303926e-05, 1.97643112188e-05, 0.000117034316645, 3.55577067239e-05, 1.74201231857e-05, 2.04561583814e-05, 2.19035555347e-05, 1.89587954083e-05, 1.92488059838e-05, 2.26410720643e-05, 1.65250130522e-05, 1.38388113555e-05, 1.70883358805e-05, 1.21492312246e-05, 1.58076545631e-05, 1.68829901668e-05, 1.43593006214e-05, 1.43178849612e-05, 6.54988070892e-06, 1.00588495116e-05, 5.56240911465e-06, 1.88209639873e-06, 7.95934056441e-07, 1.73218126065e-07, 1.49588696985e-08, 2.12928927823e-08, 2.32037340453e-08, 2.4718412206e-08, 2.47482603299e-08, 8.94597107504e-09, 8.84145645585e-09, 1.21332695002e-08, 7.95076093851e-09, 1.0426322028e-08, 7.23338500208e-09, 5.43656941687e-09, 4.37116076668e-09, 4.08057276857e-09, 3.78841580329e-09, 4.31483071495e-09, 3.96556920634e-09, 4.16481826804e-09]
    },
    "mfcc": {
        "mean": [-695.590698242, 129.749282837, -21.8241691589, 14.8970441818, -2.79951024055, 14.7668676376, -2.38605284691, 19.6736774445, 2.48122930527, 14.6419534683, -2.14266347885, 6.20760345459, -8.22488594055],
        "cov": [[5629.22949219, -1000.34179688, 605.257263184, 102.057289124, 115.653572083, -11.4005470276, 212.645996094, 4.93623256683, 214.549743652, -95.5606079102, 15.4000606537, 1.68174183369, 34.9600563049], [-1000.34179688, 1428.04443359, -680.848876953, -54.7196273804, -0.596574187279, -25.0979003906, -78.7693481445, 119.842132568, -92.1274337769, 129.376937866, -49.7612190247, -22.7113838196, -77.5379257202], [605.257263184, -680.848876953, 1084.11853027, 268.597900391, 276.558380127, 93.6490249634, 115.678581238, -71.0253448486, 65.3907775879, -62.5934181213, 108.273452759, 97.7176818848, 86.4275741577], [102.057289124, -54.7196273804, 268.597900391, 218.384613037, 108.171264648, 61.8582496643, 47.7557296753, 2.81810951233, 22.4223918915, -3.90795874596, 27.6342391968, 30.4883060455, 25.2422771454], [115.653572083, -0.596574187279, 276.558380127, 108.171264648, 206.227722168, 33.4347572327, 78.2158126831, 16.2380332947, 29.4363555908, 1.09667813778, 42.3103637695, 27.154466629, 20.1562004089], [-11.4005470276, -25.0979003906, 93.6490249634, 61.8582496643, 33.4347572327, 134.998779297, 35.6628074646, 31.1154727936, 7.20667457581, 22.2058105469, 3.32595252991, 3.51415228844, 0.266426533461], [212.645996094, -78.7693481445, 115.678581238, 47.7557296753, 78.2158126831, 35.6628074646, 131.296112061, 30.2583560944, 52.9396705627, 6.95573711395, 27.1113758087, 6.6094584465, 13.288485527], [4.93623256683, 119.842132568, -71.0253448486, 2.81810951233, 16.2380332947, 31.1154727936, 30.2583560944, 113.593887329, 40.3917045593, 35.0211486816, 3.70423984528, 11.0114250183, -7.20641994476], [214.549743652, -92.1274337769, 65.3907775879, 22.4223918915, 29.4363555908, 7.20667457581, 52.9396705627, 40.3917045593, 108.878479004, 5.02186393738, 28.8402824402, 16.680431366, 20.00440979], [-95.5606079102, 129.376937866, -62.5934181213, -3.90795874596, 1.09667813778, 22.2058105469, 6.95573711395, 35.0211486816, 5.02186393738, 91.1219863892, 7.36328840256, 5.82634305954, -9.18297481537], [15.4000606537, -49.7612190247, 108.273452759, 27.6342391968, 42.3103637695, 3.32595252991, 27.1113758087, 3.70423984528, 28.8402824402, 7.36328840256, 79.2664031982, 31.5941886902, 26.9693622589], [1.68174183369, -22.7113838196, 97.7176818848, 30.4883060455, 27.154466629, 3.51415228844, 6.6094584465, 11.0114250183, 16.680431366, 5.82634305954, 31.5941886902, 84.5187683105, 29.4224777222], [34.9600563049, -77.5379257202, 86.4275741577, 25.2422771454, 20.1562004089, 0.266426533461, 13.288485527, -7.20641994476, 20.00440979, -9.18297481537, 26.9693622589, 29.4224777222, 61.2365570068]],
        "icov": [[0.000223661787459, 0.000121141492855, -5.8873945818e-05, -2.35778898059e-05, -1.27995190269e-06, 0.000169961625943, -0.000210637081182, -8.39823915157e-05, -0.000266268063569, 3.41620252584e-05, 0.000222519593081, 4.90941492899e-05, 0.000124537327792], [0.000121141492855, 0.00176163599826, 0.00145097996574, -0.000771509308834, -0.00200233375654, 0.000320998602547, 0.000789330224507, -0.000873197859619, 0.00104386219755, -0.00114631012548, -5.77872706344e-05, -0.000559340871405, 0.000596506986767], [-5.8873945818e-05, 0.00145097996574, 0.00361305684783, -0.00174382177647, -0.00370846060105, -0.00103036640212, 0.000779942783993, 0.00145930703729, 0.000242865789915, 0.000155600151629, -0.00109903945122, -0.0018306998536, 2.55441300396e-05], [-2.35778898059e-05, -0.000771509308834, -0.00174382177647, 0.00812002178282, -0.00134302710649, -0.0024268780835, -0.0002476205118, 0.000472789834021, -0.000710365595296, 0.000567235809285, 0.000688449188601, -0.000411403481849, -0.00107581377961], [-1.27995190269e-06, -0.00200233375654, -0.00370846060105, -0.00134302710649, 0.0122964065522, 0.00121579493862, -0.00475283293054, -0.0014120794367, 0.000370410096366, 0.000722435419448, -0.00133075623307, 0.00112955947407, 9.61989426287e-05], [0.000169961625943, 0.000320998602547, -0.00103036640212, -0.0024268780835, 0.00121579493862, 0.0105974106118, -0.00204654107802, -0.00352703919634, 0.00189973658416, -0.00242154975422, 0.00115332845598, 0.00120218750089, 0.000277490384178], [-0.000210637081182, 0.000789330224507, 0.000779942783993, -0.0002476205118, -0.00475283293054, -0.00204654107802, 0.0132728889585, -0.00125916255638, -0.00367311877199, -0.000608892471064, -0.00140844273847, 0.00155874469783, -0.000354162300937], [-8.39823915157e-05, -0.000873197859619, 0.00145930703729, 0.000472789834021, -0.0014120794367, -0.00352703919634, -0.00125916255638, 0.0153128048405, -0.00602847151458, -0.00207743956707, 0.000856785045471, -0.00307003525086, 0.00199874327518], [-0.000266268063569, 0.00104386219755, 0.000242865789915, -0.000710365595296, 0.000370410096366, 0.00189973658416, -0.00367311877199, -0.00602847151458, 0.0156389232725, -0.000376205309294, -0.002935183933, 4.78700931126e-05, -0.00251430924982], [3.41620252584e-05, -0.00114631012548, 0.000155600151629, 0.000567235809285, 0.000722435419448, -0.00242154975422, -0.000608892471064, -0.00207743956707, -0.000376205309294, 0.0146546494216, -0.00246998434886, -0.00110166345257, 0.00167362939101], [0.000222519593081, -5.77872706344e-05, -0.00109903945122, 0.000688449188601, -0.00133075623307, 0.00115332845598, -0.00140844273847, 0.000856785045471, -0.002935183933, -0.00246998434886, 0.0190294273198, -0.00352389132604, -0.00419258791953], [4.90941492899e-05, -0.000559340871405, -0.0018306998536, -0.000411403481849, 0.00112955947407, 0.00120218750089, 0.00155874469783, -0.00307003525086, 4.78700931126e-05, -0.00110166345257, -0.00352389132604, 0.017279881984, -0.00599083304405], [0.000124537327792, 0.000596506986767, 2.55441300396e-05, -0.00107581377961, 9.61989426287e-05, 0.000277490384178, -0.000354162300937, 0.00199874327518, -0.00251430924982, 0.00167362939101, -0.00419258791953, -0.00599083304405, 0.0234981570393]]
    },
    "spectral_contrast_coeffs": {
        "max": [-0.487521409988, -0.549114346504, -0.65375494957, -0.719901442528, -0.668152451515, -0.566315829754],
        "mean": [-0.77079719305, -0.807125985622, -0.808079719543, -0.837282836437, -0.808199346066, -0.72774875164],
        "min": [-0.966957092285, -0.960388302803, -0.957561790943, -0.965945243835, -0.960466682911, -0.960981607437],
        "stdev": [0.0572936795652, 0.0547217987478, 0.0414936579764, 0.02743094787, 0.0340700112283, 0.033638920635]
    },
    "spectral_contrast_valleys": {
        "max": [-4.00775432587, -4.27219390869, -4.48698949814, -4.96223735809, -4.78784608841, -6.82268285751],
        "mean": [-7.31576776505, -7.00699138641, -7.20071077347, -7.50682401657, -7.9793844223, -11.3940582275],
        "min": [-27.2597446442, -27.1739463806, -27.3792037964, -27.1160526276, -27.3085727692, -27.2168388367],
        "stdev": [1.07409703732, 0.931514620781, 0.972959160805, 0.91690582037, 0.958278119564, 1.29578077793]
    }
},
"rhythm": {
    "beats_count": 59,
    "beats_loudness": {
        "max": 0.424311339855,
        "mean": 0.0323244519532,
        "min": 0.00103582697921,
        "stdev": 0.0771485939622
    },
    "bpm": 123.374046326,
    "bpm_histogram_first_peak_bpm": 123,
    "bpm_histogram_first_peak_weight": 0.3125,
    "bpm_histogram_second_peak_bpm": 136,
    "bpm_histogram_second_peak_spread": 0.333333313465,
    "bpm_histogram_second_peak_weight": 0.0689655169845,
    "danceability": 0.792889535427,
    "onset_rate": 2.27481603622,
    "beats_loudness_band_ratio": {
        "max": [0.989065527916, 0.468926489353, 0.579081833363, 0.331603288651, 0.170053601265, 0.647591173649],
        "mean": [0.585147738457, 0.0523769818246, 0.146300002933, 0.126649215817, 0.0651265531778, 0.0509243682027],
        "min": [0.0182743296027, 0.00116116402205, 0.00365408090875, 0.000594768673182, 0.000602573738433, 0.00199274136685],
        "stdev": [0.241574972868, 0.0731051787734, 0.130679637194, 0.0919544398785, 0.0448140799999, 0.133265137672]
    },
    "beats_position": [0.441179126501, 0.882358253002, 1.3235373497, 1.764716506, 2.21750569344, 2.65868473053, 3.11147379875, 3.5758728981, 4.04027223587, 4.53950119019, 5.0387301445, 5.53795909882, 6.04879808426, 6.5596370697, 7.05886602402, 7.5464849472, 8.03410434723, 8.52172279358, 9.0093421936, 9.49696159363, 9.98458003998, 10.47219944, 10.95981884, 11.4474372864, 11.9350566864, 12.4226751328, 12.9102945328, 13.3863039017, 13.8623123169, 14.3499317169, 14.8375511169, 15.3135595322, 15.7895689011, 16.2771873474, 16.7648067474, 17.2524261475, 17.7284355164, 18.2044448853, 18.6920623779, 19.179681778, 19.667301178, 20.154920578, 20.642539978, 21.1301574707, 21.6061668396, 22.0821762085, 22.5697956085, 23.0574150085, 23.5334243774, 24.009431839, 24.497051239, 24.984670639, 25.4722900391, 25.9599094391, 26.4475269318, 26.9351463318, 27.4227657318, 27.9103851318, 28.409614563],
