{
"metadata": {
    "version": {
        "essentia": "2.1-beta5",
        "essentia_git_sha": "Undefined",
        "extractor": "music 2.0"
    },
    "audio_properties": {
        "analysis": {
            "equal_loudness": 0,
            "length": 48.7502937317,
            "sample_rate": 44100,
            "start_time": 77.7520217896,
            "downmix": "mix"
        },
        "bit_rate": 192000,
        "length": 234.231307983,
        "lossless": 0,
        "number_channels": 2,
        "replay_gain": -0.839227676392,
        "sample_rate": 48000,
        "codec": "mp3",
        "md5_encoded": "10051b25d3be2c4a7ff19b838ad24c95"
    },
    "tags": {
        "file_name": "Denmark_In A Moment Like This_Chanée _ N_evergreen.mp3",
        "encoding": ["Lavf58.29.100"]
    }
},
"lowlevel": {
    "average_loudness": 0.946569144726,
    "barkbands_crest": {
        "max": 21.1018161774,
        "mean": 8.99298000336,
        "min": 3.27713036537,
        "stdev": 3.25461769104
    },
    "barkbands_flatness_db": {
        "max": 0.310339063406,
        "mean": 0.17265971005,
        "min": 0.0930497273803,
        "stdev": 0.0383262857795
    },
    "barkbands_kurtosis": {
        "max": 41.1476745605,
        "mean": 4.81780385971,
        "min": -1.87285792828,
        "stdev": 5.46172046661
    },
    "barkbands_skewness": {
        "max": 6.00761508942,
        "mean": 1.58292126656,
        "min": -0.850966155529,
        "stdev": 0.963886916637
    },
    "barkbands_spread": {
        "max": 103.844970703,
        "mean": 17.9964504242,
        "min": 2.53697228432,
        "stdev": 10.9649276733
    },
    "dissonance": {
        "max": 0.499999940395,
        "mean": 0.453805834055,
        "min": 0.289186030626,
        "stdev": 0.0294820126146
    },
    "dynamic_complexity": 2.45243668556,
    "erbbands_crest": {
        "max": 28.5286865234,
        "mean": 8.766456604,
        "min": 2.5761256218,
        "stdev": 3.78078222275
    },
    "erbbands_flatness_db": {
        "max": 0.305462300777,
        "mean": 0.181472182274,
        "min": 0.0827370211482,
        "stdev": 0.0323539972305
    },
    "erbbands_kurtosis": {
        "max": 18.5830459595,
        "mean": 1.22337853909,
        "min": -1.76887977123,
        "stdev": 2.35206818581
    },
    "erbbands_skewness": {
        "max": 3.97600579262,
        "mean": 0.915498554707,
        "min": -2.56333327293,
        "stdev": 0.658930242062
    },
    "erbbands_spread": {
        "max": 143.419372559,
        "mean": 37.3678779602,
        "min": 5.17787361145,
        "stdev": 19.3430461884
    },
    "hfc": {
        "max": 106.673728943,
        "mean": 23.7791595459,
        "min": 0.469253212214,
        "stdev": 17.5819320679
    },
    "loudness_ebu128": {
        "integrated": -21.8707561493,
        "loudness_range": 3.90542030334,
        "momentary": {
            "max": -18.1945877075,
            "mean": -22.2759056091,
            "min": -28.4362068176,
            "stdev": 1.95318031311
        },
        "short_term": {
            "max": -19.6302070618,
            "mean": -22.0433578491,
            "min": -25.0005054474,
            "stdev": 1.35807418823
        }
    },
    "melbands_crest": {
        "max": 32.4424591064,
        "mean": 12.2700853348,
        "min": 4.28673267365,
        "stdev": 4.87474679947
    },
    "melbands_flatness_db": {
        "max": 0.409055382013,
        "mean": 0.204310983419,
        "min": 0.07656429708,
        "stdev": 0.0569807365537
    },
    "melbands_kurtosis": {
        "max": 171.650146484,
        "mean": 12.4573431015,
        "min": -0.737708091736,
        "stdev": 14.2923755646
    },
    "melbands_skewness": {
        "max": 11.3367757797,
        "mean": 2.32076263428,
        "min": -0.297212928534,
        "stdev": 1.48803520203
    },
    "melbands_spread": {
        "max": 166.781143188,
        "mean": 18.7758312225,
        "min": 2.24498963356,
        "stdev": 11.754940033
    },
    "pitch_salience": {
        "max": 0.859220683575,
        "mean": 0.575166165829,
        "min": 0.217696979642,
        "stdev": 0.0868393033743
    },
    "silence_rate_20dB": {
        "max": 1,
        "mean": 1,
        "min": 1,
        "stdev": 0
    },
    "silence_rate_30dB": {
        "max": 1,
        "mean": 0.999524056911,
        "min": 0,
        "stdev": 0.0218114703894
    },
    "silence_rate_60dB": {
        "max": 1,
        "mean": 0.000951927679125,
        "min": 0,
        "stdev": 0.0308392364532
    },
    "spectral_centroid": {
        "max": 3717.1262207,
        "mean": 1050.83666992,
        "min": 247.239624023,
        "stdev": 446.832336426
    },
    "spectral_complexity": {
        "max": 49,
        "mean": 18.9352684021,
        "min": 2,
        "stdev": 8.19983577728
    },
    "spectral_decrease": {
        "max": -2.0760276831e-10,
        "mean": -9.18296194641e-09,
        "min": -2.93474311519e-08,
        "stdev": 4.59661952945e-09
    },
    "spectral_energy": {
        "max": 0.113565199077,
        "mean": 0.0368154942989,
        "min": 0.00082610337995,
        "stdev": 0.0184877738357
    },
    "spectral_energyband_high": {
        "max": 0.0134202679619,
        "mean": 0.000903005304281,
        "min": 3.86797773899e-06,
        "stdev": 0.00107190629933
    },
    "spectral_energyband_low": {
        "max": 0.0859086737037,
        "mean": 0.0118884332478,
        "min": 0.00019627927395,
        "stdev": 0.00971987564117
    },
    "spectral_energyband_middle_high": {
        "max": 0.054942406714,
        "mean": 0.00681058736518,
        "min": 7.46810837882e-05,
        "stdev": 0.00804943963885
    },
    "spectral_energyband_middle_low": {
        "max": 0.0596930682659,
        "mean": 0.0180180091411,
        "min": 0.000388049229514,
        "stdev": 0.0109239751473
    },
    "spectral_entropy": {
        "max": 8.3863401413,
        "mean": 7.53644800186,
        "min": 6.22195291519,
        "stdev": 0.357264012098
    },
    "spectral_flux": {
        "max": 0.246888414025,
        "mean": 0.0957184508443,
        "min": 0.0170825850219,
        "stdev": 0.0405790917575
    },
    "spectral_kurtosis": {
        "max": 25.5520954132,
        "mean": 2.68894958496,
        "min": -1.36094367504,
        "stdev": 2.52314543724
    },
    "spectral_rms": {
        "max": 0.0105259353295,
        "mean": 0.00579527718946,
        "min": 0.000897749676369,
        "stdev": 0.00152719637845
    },
    "spectral_rolloff": {
        "max": 8893.21289062,
        "mean": 959.688293457,
        "min": 64.599609375,
        "stdev": 938.496032715
    },
    "spectral_skewness": {
        "max": 3.87186336517,
        "mean": 1.32103264332,
        "min": -0.131643280387,
        "stdev": 0.448281466961
    },
    "spectral_spread": {
        "max": 11424065,
        "mean": 4240514,
        "min": 2115692.5,
        "stdev": 893952.6875
    },
    "spectral_strongpeak": {
        "max": 8.12267303467,
        "mean": 1.1105877161,
        "min": 0,
        "stdev": 1.30570280552
    },
    "zerocrossingrate": {
        "max": 0.255859375,
        "mean": 0.047885030508,
        "min": 0.00732421875,
        "stdev": 0.0243138801306
    },
    "barkbands": {
        "max": [0.0183389298618, 0.0575026869774, 0.0352814048529, 0.016980279237, 0.0431826226413, 0.0232837181538, 0.0376963317394, 0.0359722115099, 0.0441688261926, 0.0288722943515, 0.0419320166111, 0.031297814101, 0.0220293849707, 0.01636598818, 0.0114508206025, 0.00952604971826, 0.00351829524152, 0.0022280649282, 0.00242582662031, 0.00179249269422, 0.00286629097536, 0.00215047993697, 0.0035471864976, 0.00796973519027, 0.000954468967393, 2.18614081859e-06, 2.26384941016e-06],
        "mean": [0.00110141397454, 0.00764904823154, 0.0024727745913, 0.00165209791157, 0.00415070774034, 0.00259753433056, 0.00324307428673, 0.00196762708947, 0.00396506860852, 0.0014178424608, 0.00191746361088, 0.00089766678866, 0.000782253278885, 0.000535908446182, 0.000539778906386, 0.000286635389784, 0.00023368485563, 0.000185930985026, 0.000208060184377, 0.000234364284552, 0.000220208006795, 0.000160660696565, 0.000202932453249, 0.000175981083885, 1.67794842127e-05, 2.55889931466e-09, 2.64741628619e-09],
        "min": [5.9998069446e-07, 2.00046342798e-05, 1.22664823721e-05, 4.61040281152e-06, 1.84236596397e-05, 7.61241608416e-06, 2.40607823798e-05, 9.10166818358e-06, 4.5155893531e-06, 7.49808623368e-06, 5.54320695301e-06, 2.77471372101e-06, 3.13459008794e-06, 2.41366433329e-06, 3.26760005009e-06, 1.45498415804e-06, 8.68439599344e-07, 2.78829838862e-06, 1.71878866695e-06, 1.18419961836e-06, 6.01327485583e-07, 6.5136265448e-07, 7.37131472306e-07, 3.9074117808e-07, 6.26186258401e-09, 9.83630815687e-11, 1.26938529132e-10],
        "stdev": [0.00209399219602, 0.00667497888207, 0.00350887933746, 0.00190873933025, 0.00469330511987, 0.00299512944184, 0.00444279238582, 0.0031799825374, 0.00600463338196, 0.00243735848926, 0.0042834370397, 0.00190535117872, 0.0016655739164, 0.00104121142067, 0.00101027928758, 0.00058611726854, 0.0003568334796, 0.000208768935408, 0.000243349626544, 0.000247060263064, 0.000285198999336, 0.000213399311178, 0.000280633597868, 0.000407957792049, 4.52532767667e-05, 4.84161226666e-08, 5.01282144683e-08]
    },
    "erbbands": {
        "max": [2.94404983521, 11.9755134583, 39.7425308228, 44.7799186707, 118.543121338, 245.810150146, 209.774490356, 267.850494385, 674.805908203, 564.10760498, 548.134399414, 1242.14355469, 1272.9317627, 1551.12255859, 838.151489258, 614.334594727, 601.414733887, 650.414794922, 933.089050293, 448.707305908, 355.53527832, 191.180175781, 103.520851135, 104.09727478, 123.445617676, 83.7031173706, 101.786956787, 107.785598755, 102.848266602, 72.1984100342, 110.974891663, 216.000961304, 138.324569702, 19.1075839996, 0.458810597658, 0.0227918643504, 0.00407160632312, 0.00142207357567, 0.000327198737068, 0.00014246047067],
        "mean": [0.306254267693, 1.38419222832, 2.62645149231, 4.62674474716, 8.55764102936, 15.3233633041, 18.1261386871, 23.9867286682, 33.0702629089, 56.9971199036, 47.8585700989, 68.9496002197, 82.9219284058, 71.4610900879, 51.0962333679, 32.646156311, 34.4554519653, 30.5897960663, 26.2837772369, 24.1551933289, 15.9534387589, 13.5000114441, 9.99782371521, 11.1809196472, 10.2623758316, 10.856470108, 9.33613586426, 8.12582778931, 5.79062747955, 6.02483463287, 5.50661420822, 3.99560475349, 2.63410019875, 0.445767492056, 0.0112493718043, 0.000667183776386, 9.89062609733e-05, 2.18945515371e-05, 2.36546729866e-05, 4.42234013462e-05],
        "min": [0.000929319940042, 0.0045055677183, 0.0216625165194, 0.0175689999014, 0.0121271861717, 0.0743481442332, 0.174857646227, 0.134769648314, 0.37250906229, 0.380718380213, 0.299744069576, 0.17990526557, 0.389645159245, 0.16503188014, 0.195796176791, 0.120630100369, 0.283463805914, 0.135490685701, 0.216687232256, 0.103641159832, 0.080342464149, 0.0532115027308, 0.122173763812, 0.151589378715, 0.077219247818, 0.0580314099789, 0.0357803441584, 0.0247017871588, 0.0188924800605, 0.0181703548878, 0.0206753984094, 0.00758896581829, 0.00677548674867, 0.000915857264772, 2.72142224276e-05, 4.60085993836e-06, 1.98574821297e-06, 3.91028692093e-07, 1.30388639263e-06, 1.93075538846e-06],
        "stdev": [0.320762366056, 1.34876418114, 3.79184365273, 4.63059568405, 10.2249727249, 21.9708518982, 25.5783462524, 27.8182315826, 41.0400276184, 80.6160125732, 67.931602478, 100.448143005, 145.667907715, 157.623733521, 95.4570007324, 59.7840385437, 65.7172241211, 52.9587974548, 53.018611908, 40.3506240845, 29.4138584137, 19.5074310303, 11.1633615494, 12.6125802994, 11.2700634003, 11.4363965988, 11.5360908508, 10.8570251465, 8.05845451355, 7.60215377808, 8.01020050049, 8.62204265594, 6.68367099762, 0.997809529305, 0.0247963294387, 0.00138016860001, 0.000188956517377, 4.52659951407e-05, 1.54028530233e-05, 2.21945156227e-05]
    },
    "gfcc": {
        "mean": [1.14055395126, 140.628814697, -138.756469727, 59.2246551514, -82.9042282104, 23.3265800476, -27.1709480286, -1.84258854389, 4.94169855118, -19.1037979126, 11.2844305038, -20.4525661469, 7.93264627457],
        "cov": [[2287.06591797, -687.25177002, -609.09564209, -128.397720337, -362.003143311, 283.329559326, 134.484176636, 117.544242859, -140.240036011, 111.907684326, -53.792224884, -22.8786182404, 35.8371353149], [-687.25177002, 524.232666016, 116.039024353, -94.3236236572, 140.986083984, -175.016540527, 26.9977397919, -58.4997596741, 74.6699142456, -49.9124832153, 65.0060272217, -15.1950111389, -14.9884033203], [-609.09564209, 116.039024353, 442.898193359, 150.41027832, 81.5735168457, -51.8426437378, -108.088478088, -21.2508563995, 38.561920166, -14.2936000824, 7.51571702957, 5.04408407211, -29.699798584], [-128.397720337, -94.3236236572, 150.41027832, 251.612106323, 79.7253265381, -16.2105674744, -93.6843414307, -23.490196228, 30.9870414734, -2.96717333794, -44.5609664917, 12.2561159134, -1.09944081306], [-362.003143311, 140.986083984, 81.5735168457, 79.7253265381, 183.22177124, -24.8447227478, -38.367389679, -26.7973594666, 39.9256515503, -25.9320468903, -6.9927573204, -8.83582305908, 10.1992740631], [283.329559326, -175.016540527, -51.8426437378, -16.2105674744, -24.8447227478, 177.654571533, 67.2324981689, 26.2021770477, -64.6825485229, 20.1765956879, -8.47996234894, -6.02144384384, 3.76085114479], [134.484176636, 26.9977397919, -108.088478088, -93.6843414307, -38.367389679, 67.2324981689, 184.034851074, 34.0749015808, -33.6448631287, -13.0403852463, 10.6618490219, 2.61631774902, -0.333778768778], [117.544242859, -58.4997596741, -21.2508563995, -23.490196228, -26.7973594666, 26.2021770477, 34.0749015808, 80.2117385864, 14.8955488205, -0.542339801788, -11.0950469971, -1.8883408308, 8.35617637634], [-140.240036011, 74.6699142456, 38.561920166, 30.9870414734, 39.9256515503, -64.6825485229, -33.6448631287, 14.8955488205, 109.010688782, 0.277040272951, -18.7624950409, -0.662643671036, 4.70874977112], [111.907684326, -49.9124832153, -14.2936000824, -2.96717333794, -25.9320468903, 20.1765956879, -13.0403852463, -0.542339801788, 0.277040272951, 78.0202713013, 36.021812439, -6.6354341507, -8.14874744415], [-53.792224884, 65.0060272217, 7.51571702957, -44.5609664917, -6.9927573204, -8.47996234894, 10.6618490219, -11.0950469971, -18.7624950409, 36.021812439, 82.1632995605, 13.128903389, -13.7469816208], [-22.8786182404, -15.1950111389, 5.04408407211, 12.2561159134, -8.83582305908, -6.02144384384, 2.61631774902, -1.8883408308, -0.662643671036, -6.6354341507, 13.128903389, 54.8343696594, 24.2651004791], [35.8371353149, -14.9884033203, -29.699798584, -1.09944081306, 10.1992740631, 3.76085114479, -0.333778768778, 8.35617637634, 4.70874977112, -8.14874744415, -13.7469816208, 24.2651004791, 55.9515533447]],
        "icov": [[0.00152271112893, -5.86026799283e-05, 0.00187629379798, -0.00119211291894, 0.00249346252531, -0.00161171366926, 0.00065218139207, -0.000966391467955, 0.000186780045624, -0.000576399033889, 3.07372829411e-05, 0.00115709123202, -0.000810361176264], [-5.86026799283e-05, 0.0181127544492, -0.00587357534096, 0.0103934491053, -0.0118201905861, 0.0142792295665, -0.0107434494421, 0.011085533537, -0.00723316986114, 0.00753653887659, -0.0118570635095, 0.00906462408602, -0.00368674728088], [0.00187629379798, -0.00587357534096, 0.00770057179034, -0.00662637036294, 0.0064968187362, -0.0068575986661, 0.00568293966353, -0.00532627431676, 0.00177817582153, -0.00102285237517, 0.00140673166607, -0.00156261015218, 0.00201285886578], [-0.00119211291894, 0.0103934491053, -0.00662637036294, 0.0155797181651, -0.0125086661428, 0.0096350191161, -0.00467990618199, 0.00722418911755, -0.00264098239131, -0.000560504035093, 0.00210997252725, -0.00278881331906, 0.00273075420409], [0.00249346252531, -0.0118201905861, 0.0064968187362, -0.0125086661428, 0.0218761265278, -0.0142434695736, 0.00799032580107, -0.00491041271016, -0.000525431183632, 0.00163388636429, -3.20615145029e-05, 0.00388243072666, -0.00521945301443], [-0.00161171366926, 0.0142792295665, -0.0068575986661, 0.0096350191161, -0.0142434695736, 0.023905320093, -0.0123941237107, 0.00590843847021, 0.002200382296, -0.000888848968316, -0.00281993323006, 0.00407047150657, -0.00133283680771], [0.00065218139207, -0.0107434494421, 0.00568293966353, -0.00467990618199, 0.00799032580107, -0.0123941237107, 0.0158980954438, -0.00933168828487, 0.0040644267574, -0.000920135353226, 0.00496097281575, -0.00635132472962, 0.00399123225361], [-0.000966391467955, 0.011085533537, -0.00532627431676, 0.00722418911755, -0.00491041271016, 0.00590843847021, -0.00933168828487, 0.0248461831361, -0.011093635112, 0.00709052151069, -0.00813326705247, 0.00796253513545, -0.00585032952949], [0.000186780045624, -0.00723316986114, 0.00177817582153, -0.00264098239131, -0.000525431183632, 0.002200382296, 0.0040644267574, -0.011093635112, 0.0210423357785, -0.0118301659822, 0.0144346673042, -0.00839082989842, 0.00415528332815], [-0.000576399033889, 0.00753653887659, -0.00102285237517, -0.000560504035093, 0.00163388636429, -0.000888848968316, -0.000920135353226, 0.00709052151069, -0.0118301659822, 0.031290769577, -0.025415610522, 0.0152466073632, -0.00677226064727], [3.07372829411e-05, -0.0118570635095, 0.00140673166607, 0.00210997252725, -3.20615145029e-05, -0.00281993323006, 0.00496097281575, -0.00813326705247, 0.0144346673042, -0.025415610522, 0.0412729233503, -0.0239724051207, 0.0146524440497], [0.00115709123202, 0.00906462408602, -0.00156261015218, -0.00278881331906, 0.00388243072666, 0.00407047150657, -0.00635132472962, 0.00796253513545, -0.00839082989842, 0.0152466073632, -0.0239724051207, 0.0409172363579, -0.0221137478948], [-0.000810361176264, -0.00368674728088, 0.00201285886578, 0.00273075420409, -0.00521945301443, -0.00133283680771, 0.00399123225361, -0.00585032952949, 0.00415528332815, -0.00677226064727, 0.0146524440497, -0.0221137478948, 0.0323190279305]]
    },
    "melbands": {
        "max": [0.0197597369552, 0.0192987471819, 0.00713548390195, 0.00820008385926, 0.00720960088074, 0.00520874746144, 0.00867761671543, 0.00645405333489, 0.00385266821831, 0.00825490895659, 0.0062406132929, 0.00573253352195, 0.00330231012776, 0.00403003068641, 0.00180202128831, 0.00242658262141, 0.00111097062472, 0.00192672491539, 0.00122332456522, 0.000777115637902, 0.000365562533261, 0.00023061450338, 0.000108370011731, 0.000120158823847, 0.000100973797089, 0.00010967032722, 6.61937519908e-05, 7.70716796978e-05, 7.169869059e-05, 7.93000799604e-05, 6.69546061545e-05, 7.17277871445e-05, 4.00169446948e-05, 4.74207154184e-05, 8.19401757326e-05, 8.72179298312e-05, 0.00015676455223, 0.000120748132758, 5.43176247447e-05, 3.72900194634e-06],
        "mean": [0.00244693714194, 0.00150304695126, 0.000921206839848, 0.000823118025437, 0.000677457777783, 0.000523653929122, 0.00056565500563, 0.000591180287302, 0.000382444704883, 0.000505883945152, 0.0004096251796, 0.000273592740996, 0.000215444102651, 9.48438391788e-05, 8.28661286505e-05, 8.26768446132e-05, 5.06008109369e-05, 4.00393291784e-05, 4.6604884119e-05, 2.08936835406e-05, 1.78957780008e-05, 1.49110192069e-05, 9.1193960543e-06, 8.80573497852e-06, 9.17684246815e-06, 7.70687165641e-06, 7.52663800085e-06, 7.18782985132e-06, 5.89126375417e-06, 4.96949678563e-06, 4.80661492475e-06, 3.2863611068e-06, 2.97750921163e-06, 3.61870138477e-06, 3.42304269907e-06, 2.68546364168e-06, 2.31312651522e-06, 1.96849532585e-06, 1.29707450469e-06, 6.62412560359e-08],
        "min": [8.04188221082e-06, 1.48961526065e-05, 2.75146840067e-06, 2.67168411483e-06, 5.82191478316e-06, 2.83203212348e-06, 6.57356486045e-06, 3.00525448438e-06, 2.5683111744e-06, 5.64163599392e-07, 1.42827957461e-06, 5.77306934701e-07, 7.60330976846e-07, 2.97518255366e-07, 3.91033808e-07, 3.31840482204e-07, 2.18885361392e-07, 2.30941211044e-07, 2.1437956832e-07, 9.75941603087e-08, 9.01684700239e-08, 4.51925892264e-08, 8.6419298384e-08, 1.00175412854e-07, 1.17272051625e-07, 3.18994999304e-08, 2.42928770433e-08, 1.49134020688e-08, 2.03813428357e-08, 1.48935370703e-08, 1.18460929954e-08, 9.08910724462e-09, 6.03083938344e-09, 1.02291908277e-08, 1.09436362195e-08, 6.51964304765e-09, 3.65253738366e-09, 4.43492709223e-09, 3.21267723535e-09, 1.79752913942e-11],
        "stdev": [0.00226678675972, 0.00173264788464, 0.000886041438207, 0.000922728271689, 0.000947059888858, 0.000586756330449, 0.000700287346262, 0.00079887046013, 0.000565384572838, 0.000775202992372, 0.000717643240932, 0.000591401068959, 0.000426754442742, 0.000224724295549, 0.00018348726735, 0.000179267124622, 9.04915432329e-05, 0.000100591962109, 9.56075673457e-05, 4.47846468887e-05, 3.5296423448e-05, 2.28976095968e-05, 1.12151137728e-05, 1.03212823888e-05, 1.10474784378e-05, 9.61952446232e-06, 8.42851022753e-06, 8.35028276924e-06, 7.51104653318e-06, 7.05757611286e-06, 7.06790524418e-06, 4.86894441565e-06, 4.01842316933e-06, 4.76180412079e-06, 4.97648170494e-06, 4.62099114884e-06, 5.85113048146e-06, 5.34471018909e-06, 2.95933864436e-06, 1.76838383936e-07]
    },
    "melbands128": {
        "max": [0.0157504212111, 0.0301757603884, 0.0232012588531, 0.0231689605862, 0.0228533260524, 0.015936428681, 0.0101948659867, 0.0113988406956, 0.015715347603, 0.0138169294223, 0.0186945013702, 0.0142586445436, 0.00977535173297, 0.00948758143932, 0.00764314085245, 0.00779488170519, 0.0175038054585, 0.00885951984674, 0.0151264127344, 0.0102553935722, 0.0138961784542, 0.0091885086149, 0.00622723437846, 0.00705125601962, 0.0100377406925, 0.0126581341028, 0.0196452885866, 0.00656275032088, 0.00719291064888, 0.00682611344382, 0.0117397094145, 0.00974171049893, 0.00652462523431, 0.00361286220141, 0.0105582606047, 0.00246087927371, 0.00335779017769, 0.00277648260817, 0.00261094025336, 0.00185704766773, 0.00471321446821, 0.00331534072757, 0.00167840754148, 0.00133910879958, 0.00430941861123, 0.00348265888169, 0.000808747194242, 0.00217228918336, 0.00121493730694, 0.00110121851321, 0.00105725077447, 0.00145729165524, 0.000788448902313, 0.000637711433228, 0.00035968105658, 0.000454243272543, 0.000289022020297, 0.000157043992658, 0.000156258043717, 0.000179806782398, 0.000156578025781, 0.000246219336987, 0.000168100086739, 0.000181388255442, 0.000213764229557, 0.000234966733842, 0.000110720582597, 0.000139306939673, 0.000108537875349, 0.000118047195429, 0.000107347252197, 0.000172949177795, 0.000137535011163, 7.97427346697e-05, 0.000104627215478, 0.000115025424748, 6.13367010374e-05, 8.97873032955e-05, 0.000107921165181, 6.19435450062e-05, 8.65745460032e-05, 7.29522798792e-05, 6.42186496407e-05, 5.04951494804e-05, 4.08010382671e-05, 5.58091778657e-05, 5.79430197831e-05, 9.96551607386e-05, 0.000122238561744, 5.71497294004e-05, 7.01414683135e-05, 0.00010162495164, 0.000124356360175, 0.000189092432265, 0.000177108624484, 0.000106975487142, 0.000210918180528, 0.000100543329609, 7.20670868759e-05, 4.53754073533e-05, 3.71317497638e-07, 2.33802364136e-08, 2.26047571772e-08, 2.01689207557e-08, 1.8936646029e-08, 1.78051067223e-08, 1.67567417719e-08, 1.60241100389e-08, 1.52397809927e-08, 1.46230618725e-08, 1.38507258995e-08, 1.33083100096e-08, 1.2701614871e-08, 1.21859953239e-08, 1.16704468311e-08, 1.13517195643e-08, 1.09471356424e-08, 1.06238742248e-08, 1.03268247287e-08, 9.99511851063e-09, 9.77680514325e-09, 9.57303303295e-09, 9.39667987865e-09, 9.21954779187e-09, 9.03860719603e-09, 8.92785401163e-09, 8.84668249768e-09, 8.80124328972e-09],
        "mean": [0.000984643236734, 0.00271329376847, 0.00304662249982, 0.00200981134549, 0.00132777204271, 0.00124712579418, 0.000908500573132, 0.000851536635309, 0.000905734952539, 0.000681578239892, 0.000934057694394, 0.000840874854475, 0.000627910136245, 0.000448134873295, 0.000521289301105, 0.000596522470005, 0.000438837072579, 0.000476071290905, 0.000841707573272, 0.000696994247846, 0.000427912978921, 0.000417996634496, 0.000371702277334, 0.000387190608308, 0.000264253874775, 0.000641436025035, 0.000858034181874, 0.000247456133366, 0.000231692698435, 0.000149794897879, 0.000363787694369, 0.000381047808332, 0.000191014187294, 9.94407309918e-05, 0.000136682851007, 6.96131100995e-05, 6.51705413475e-05, 0.000124400656205, 5.36957450095e-05, 6.1547740188e-05, 0.000108007741801, 8.23818845674e-05, 5.08892517246e-05, 2.71267126664e-05, 5.08693483425e-05, 4.02157602366e-05, 2.69456013484e-05, 6.98391813785e-05, 4.16450093326e-05, 1.90558985196e-05, 2.18631339521e-05, 1.77500824066e-05, 1.88891954167e-05, 1.87350324268e-05, 1.42251537909e-05, 1.6762796804e-05, 1.35526970553e-05, 7.56887038733e-06, 8.725058251e-06, 9.46767249843e-06, 7.82607821748e-06, 9.91039269138e-06, 7.60694774726e-06, 9.47922490013e-06, 1.10589380711e-05, 6.77549269312e-06, 6.19724005446e-06, 7.96626682131e-06, 7.83616542321e-06, 6.80015682519e-06, 7.62044828662e-06, 7.34393734092e-06, 5.98063434154e-06, 5.52501387574e-06, 5.88640250498e-06, 5.42187353858e-06, 4.3919003474e-06, 4.07170318795e-06, 6.14511918684e-06, 3.75864465241e-06, 3.65818391401e-06, 2.94114852295e-06, 2.51409346674e-06, 3.20936760545e-06, 3.18533534482e-06, 2.78457878267e-06, 4.10245547755e-06, 4.65911170977e-06, 3.34434844262e-06, 2.49267736763e-06, 2.86037970909e-06, 2.65667404165e-06, 2.59898251898e-06, 2.35540051108e-06, 2.11932001548e-06, 2.04648404178e-06, 2.0004772523e-06, 1.72383340669e-06, 1.80660583737e-06, 8.24183302939e-07, 7.23682180848e-09, 7.4313714904e-11, 3.12901024535e-11, 2.53088348889e-11, 2.34085632822e-11, 2.44462922128e-11, 2.34856439851e-11, 1.9226989792e-11, 1.78707829784e-11, 1.70049252457e-11, 1.62373552104e-11, 1.55317182726e-11, 1.47586300819e-11, 1.41379165319e-11, 1.36186747643e-11, 1.32227518865e-11, 1.27986675078e-11, 1.24441264585e-11, 1.21349232746e-11, 1.17837684055e-11, 1.14965623826e-11, 1.12708635827e-11, 1.10704587858e-11, 1.08549610273e-11, 1.04901955178e-11, 1.00258065738e-11, 9.75889247884e-12, 9.68162702786e-12],
        "min": [5.67934783646e-08, 2.42701480602e-06, 3.44154932463e-06, 6.9307297963e-06, 9.63388356467e-06, 6.55298708807e-06, 3.76396337742e-06, 1.79179289717e-06, 6.47197225589e-07, 1.7378783923e-06, 1.70414637068e-06, 1.70795885879e-06, 2.06304866879e-06, 6.86569194386e-07, 8.35435571389e-07, 9.83970494417e-07, 1.27070450162e-06, 1.02244325717e-06, 6.33223976365e-07, 1.40045858643e-06, 1.25790916172e-06, 1.08786707642e-06, 1.18313732855e-06, 3.76198102003e-07, 2.19782265276e-07, 4.32928629834e-07, 2.1859902688e-07, 3.93079886862e-07, 5.82913287417e-07, 4.57895055206e-07, 1.51861044628e-07, 4.68407286291e-08, 1.51777811652e-07, 1.72923463992e-07, 1.91480879153e-07, 2.45084606831e-07, 1.22175833894e-07, 1.17844109582e-07, 9.15983591199e-08, 4.48355415017e-08, 2.97037360042e-07, 1.77013134817e-07, 1.1017448287e-07, 1.06600836602e-07, 1.36013952101e-07, 9.05693156028e-08, 8.83801831719e-08, 7.27096107767e-08, 9.21682925537e-08, 9.22124527847e-08, 9.0364913774e-08, 8.98092906709e-08, 9.24179204276e-08, 7.66252483686e-08, 5.27943910811e-08, 2.99333962062e-08, 4.62566518422e-08, 6.06695138572e-08, 5.21492857786e-08, 8.26456343361e-08, 3.22151194609e-08, 7.38866390293e-08, 5.03231838422e-08, 5.19332097326e-08, 2.33040804432e-08, 5.39621058948e-09, 2.47816487331e-08, 2.80244289996e-08, 1.63044031609e-08, 1.22288525972e-08, 9.08434572011e-09, 6.92380552891e-09, 1.2291271112e-08, 5.46462874951e-09, 9.81940395661e-09, 1.02596393603e-08, 6.55068088662e-09, 4.84368278819e-09, 8.45860004262e-09, 4.16493728395e-09, 5.53572832018e-09, 5.8924469748e-09, 2.80318945833e-09, 4.27221324983e-09, 6.26068308307e-09, 6.89853063562e-09, 7.19269177551e-09, 7.53884066285e-09, 7.90412268969e-09, 8.12288458718e-09, 7.53973594669e-09, 5.58523804983e-09, 3.56145357649e-09, 3.43991835017e-09, 2.74324341021e-09, 2.04766870127e-09, 7.87496068355e-10, 3.0227074177e-09, 2.58284549304e-09, 4.02016891998e-10, 2.70885115554e-12, 4.06078979037e-13, 3.89063808297e-13, 3.35110547168e-13, 2.7493488714e-13, 3.41856317559e-13, 3.3323262769e-13, 3.85966893212e-13, 3.89457969997e-13, 3.54203862421e-13, 4.24208059088e-13, 4.22014474147e-13, 4.19714474764e-13, 3.84593968001e-13, 3.38179896413e-13, 4.13292636876e-13, 3.44167890801e-13, 3.51463975111e-13, 4.17235392286e-13, 3.79961145013e-13, 3.60840345234e-13, 3.58778545068e-13, 4.21469906501e-13, 3.89434957806e-13, 2.75574864577e-13, 1.213353555e-13, 1.29818260024e-14, 5.40503793862e-16],
        "stdev": [0.00187363475561, 0.0033693399746, 0.00266966898926, 0.00235390127636, 0.00215825601481, 0.0016355154803, 0.00100806122646, 0.00109861092642, 0.00128322094679, 0.000986317172647, 0.00158988416661, 0.00142022408545, 0.00100787577685, 0.000821832916699, 0.000739332113881, 0.000833256053738, 0.000769295787904, 0.000837593339384, 0.00160896382295, 0.00129613361787, 0.000882867840119, 0.000932264316361, 0.000711083528586, 0.000843482732307, 0.000627698260359, 0.00122892332729, 0.00202951743267, 0.000522898044437, 0.000546754687093, 0.000378409225959, 0.00111729593482, 0.000980473123491, 0.000587578222621, 0.000289035320748, 0.000476419518236, 0.000194277337869, 0.000181210241863, 0.000321264960803, 0.000172706044395, 0.000168161626789, 0.000304533110466, 0.000201358954655, 0.000124329089886, 6.89625521773e-05, 0.000182353309356, 0.00014401160297, 6.31786315353e-05, 0.000174934612005, 9.28609006223e-05, 4.83619551233e-05, 6.38820129097e-05, 6.52787057334e-05, 4.31116677646e-05, 4.88501354994e-05, 2.84467078018e-05, 3.11651892844e-05, 2.4029159249e-05, 1.27958028315e-05, 1.23135478134e-05, 1.43869792737e-05, 1.18613352242e-05, 1.68280512298e-05, 1.11088384074e-05, 1.59550691023e-05, 1.77283127414e-05, 1.21570928968e-05, 9.32331386139e-06, 1.12462221296e-05, 1.10242308438e-05, 9.40675818129e-06, 1.09903166958e-05, 1.22358642329e-05, 1.0036880667e-05, 8.07959531812e-06, 9.48068100115e-06, 1.00147217381e-05, 6.48136301606e-06, 6.01973033554e-06, 1.17171775855e-05, 5.72937551624e-06, 5.94190760239e-06, 4.79315895063e-06, 4.82155564896e-06, 4.76894638268e-06, 4.0657973841e-06, 4.4053936108e-06, 5.97630059929e-06, 7.09004234523e-06, 5.70649490328e-06, 4.38202050645e-06, 5.06991318616e-06, 5.08586754222e-06, 5.48315529159e-06, 6.80437597111e-06, 6.8236909101e-06, 5.22597611052e-06, 6.77631396684e-06, 5.01920430906e-06, 3.8607749957e-06, 2.14584792957e-06, 1.71616072464e-08, 5.96147464726e-10, 5.03382502348e-10, 4.47577946927e-10, 4.20602636053e-10, 3.98275634694e-10, 3.74631409228e-10, 3.5505512419e-10, 3.37528893724e-10, 3.23775645183e-10, 3.06711073206e-10, 2.94743840445e-10, 2.81380224676e-10, 2.69913924544e-10, 2.58531168695e-10, 2.51363097004e-10, 2.42400349793e-10, 2.35263059034e-10, 2.28663102342e-10, 2.21394305666e-10, 2.16499373984e-10, 2.11960934915e-10, 2.08019823589e-10, 2.04117084346e-10, 2.00138530748e-10, 1.97687949344e-10, 1.95887847609e-10, 1.94881763504e-10]
    },
    "mfcc": {
        "mean": [-615.706359863, 130.78352356, 13.5001335144, 22.8925113678, -7.04699230194, 9.6646156311, -7.64712333679, 11.7504558563, -4.81222820282, 14.0626573563, -5.40106534958, 7.27350473404, -5.38696575165],
        "cov": [[2796.14526367, -835.320129395, -372.773681641, -429.560302734, -452.142883301, 5.93122339249, 184.289154053, -19.8890686035, 79.7365112305, 90.0255126953, 4.84007835388, -87.2251586914, -29.4330921173], [-835.320129395, 653.166625977, -31.8744907379, 55.3709182739, 35.0409126282, -60.3126564026, -39.386428833, 6.31266593933, -63.7712516785, -0.294029355049, 12.7998104095, 42.0573158264, 14.7344722748], [-372.773681641, -31.8744907379, 320.743438721, 91.6636657715, 106.348503113, 6.16350221634, -31.1746006012, -16.9399147034, -11.8649730682, -37.2282943726, 24.3318920135, 25.3914031982, 21.5621318817], [-429.560302734, 55.3709182739, 91.6636657715, 262.234191895, 162.175170898, 10.693564415, -116.595962524, -3.95921492577, 2.53521895409, -24.0474128723, -6.30290555954, 5.95198822021, -3.07033896446], [-452.142883301, 35.0409126282, 106.348503113, 162.175170898, 278.457458496, 27.1445884705, -95.7261886597, -32.182849884, 1.03274857998, -8.90276145935, -4.56595993042, -3.57813930511, -15.7300357819], [5.93122339249, -60.3126564026, 6.16350221634, 10.693564415, 27.1445884705, 106.866477966, 39.465713501, 1.04299068451, 1.35671174526, -4.20877218246, 0.391517460346, -5.52337408066, -13.8154706955], [184.289154053, -39.386428833, -31.1746006012, -116.595962524, -95.7261886597, 39.465713501, 187.375915527, 23.466802597, -4.00647878647, -9.5199174881, 15.9576749802, 3.58161497116, 7.44606971741], [-19.8890686035, 6.31266593933, -16.9399147034, -3.95921492577, -32.182849884, 1.04299068451, 23.466802597, 104.196708679, 42.4667053223, 4.2493185997, -26.3585243225, -9.50113201141, -4.17069768906], [79.7365112305, -63.7712516785, -11.8649730682, 2.53521895409, 1.03274857998, 1.35671174526, -4.00647878647, 42.4667053223, 104.95916748, 11.1694126129, -17.402469635, -22.255355835, 1.00806939602], [90.0255126953, -0.294029355049, -37.2282943726, -24.0474128723, -8.90276145935, -4.20877218246, -9.5199174881, 4.2493185997, 11.1694126129, 86.2012252808, 6.52300262451, -1.08345139027, -21.4349555969], [4.84007835388, 12.7998104095, 24.3318920135, -6.30290555954, -4.56595993042, 0.391517460346, 15.9576749802, -26.3585243225, -17.402469635, 6.52300262451, 71.2492980957, 21.8934421539, 11.3454313278], [-87.2251586914, 42.0573158264, 25.3914031982, 5.95198822021, -3.57813930511, -5.52337408066, 3.58161497116, -9.50113201141, -22.255355835, -1.08345139027, 21.8934421539, 60.8269805908, 21.0419025421], [-29.4330921173, 14.7344722748, 21.5621318817, -3.07033896446, -15.7300357819, -13.8154706955, 7.44606971741, -4.17069768906, 1.00806939602, -21.4349555969, 11.3454313278, 21.0419025421, 68.9485549927]],
        "icov": [[0.00131020252593, 0.00160075363237, 0.00106022681575, 0.000655811221804, 0.00119222945068, 0.000384099927032, 7.81707421993e-05, 0.000685609702487, -0.000115505514259, -0.000532346952241, -0.00054089789046, 0.000602498999797, 3.81762838515e-05], [0.00160075363237, 0.00388856674545, 0.00184146687388, 0.000428038387327, 0.000951918656938, 0.00162149989046, 5.33839920536e-05, -8.47127812449e-05, 0.0012347450247, -0.00069743063068, -0.000939880148508, -0.000169471706613, -0.000201782968361], [0.00106022681575, 0.00184146687388, 0.00509108183905, -0.000108595435449, -0.000530877616256, 0.00076971022645, -6.1132835981e-05, 3.28609712597e-05, 0.000299674633425, 0.000969002721831, -0.00182620494161, -0.000810490339063, -0.000651472364552], [0.000655811221804, 0.000428038387327, -0.000108595435449, 0.00833239592612, -0.00239514303394, -0.00142969901208, 0.0040776967071, -0.00158891896717, -0.000115001908853, 0.0019366198685, -0.0010507889092, -0.000574864272494, 0.000176193352672], [0.00119222945068, 0.000951918656938, -0.000530877616256, -0.00239514303394, 0.00803180783987, -0.00163732212968, 0.00137077027466, 0.00289482204244, -0.00110533612315, -0.000944360683206, 0.000237531799939, 0.00128514016978, 0.00118755188305], [0.000384099927032, 0.00162149989046, 0.00076971022645, -0.00142969901208, -0.00163732212968, 0.0126731386408, -0.00442771846429, 0.000358432414941, 0.000330375420162, -2.03342424356e-05, -1.89039474208e-05, -4.68114512842e-06, 0.00217213202268], [7.81707421993e-05, 5.33839920536e-05, -6.1132835981e-05, 0.0040776967071, 0.00137077027466, -0.00442771846429, 0.0101560354233, -0.00275577954017, 0.000680790282786, 0.00222355197184, -0.00271291309036, -0.000239665954723, -0.000414437730797], [0.000685609702487, -8.47127812449e-05, 3.28609712597e-05, -0.00158891896717, 0.00289482204244, 0.000358432414941, -0.00275577954017, 0.0148300295696, -0.00586657086387, -0.00115837785415, 0.00471090199426, -0.000425583450124, 0.00123703246936], [-0.000115505514259, 0.0012347450247, 0.000299674633425, -0.000115001908853, -0.00110533612315, 0.000330375420162, 0.000680790282786, -0.00586657086387, 0.0139170670882, -0.00204554153606, 0.000143675308209, 0.00394974183291, -0.00309481332079], [-0.000532346952241, -0.00069743063068, 0.000969002721831, 0.0019366198685, -0.000944360683206, -2.03342424356e-05, 0.00222355197184, -0.00115837785415, -0.00204554153606, 0.015043082647, -0.00292589864694, -0.00243861507624, 0.00510750059038], [-0.00054089789046, -0.000939880148508, -0.00182620494161, -0.0010507889092, 0.000237531799939, -1.89039474208e-05, -0.00271291309036, 0.00471090199426, 0.000143675308209, -0.00292589864694, 0.0191287510097, -0.00471972534433, -0.00149634515401], [0.000602498999797, -0.000169471706613, -0.000810490339063, -0.000574864272494, 0.00128514016978, -4.68114512842e-06, -0.000239665954723, -0.000425583450124, 0.00394974183291, -0.00243861507624, -0.00471972534433, 0.0231110602617, -0.00627866666764], [3.81762838515e-05, -0.000201782968361, -0.000651472364552, 0.000176193352672, 0.00118755188305, 0.00217213202268, -0.000414437730797, 0.00123703246936, -0.00309481332079, 0.00510750059038, -0.00149634515401, -0.00627866666764, 0.0193957649171]]
    },
    "spectral_contrast_coeffs": {
        "max": [-0.465424150229, -0.494178235531, -0.418008983135, -0.635320663452, -0.661677777767, -0.600832760334],
        "mean": [-0.737968802452, -0.736716389656, -0.733817219734, -0.794316828251, -0.804996371269, -0.715650558472],
        "min": [-0.896436870098, -0.908638954163, -0.897713184357, -0.913182199001, -0.882469475269, -0.805259525776],
        "stdev": [0.0612101815641, 0.0666322633624, 0.0846328809857, 0.0528166480362, 0.0308461617678, 0.0318318940699]
    },
    "spectral_contrast_valleys": {
        "max": [-4.85322237015, -4.84050798416, -5.46965742111, -5.84713077545, -5.8730764389, -8.32225131989],
        "mean": [-6.11064529419, -6.20249509811, -7.10545539856, -7.43556022644, -7.42426919937, -10.4130306244],
        "min": [-8.71036338806, -7.75997543335, -9.17507648468, -8.975066185, -9.30309391022, -12.8137197495],
        "stdev": [0.373691827059, 0.473873257637, 0.59163582325, 0.495739221573, 0.62753456831, 0.725406944752]
    }
},
"rhythm": {
    "beats_count": 76,
    "beats_loudness": {
        "max": 0.0978210493922,
        "mean": 0.0465621463954,
        "min": 0.014761920087,
        "stdev": 0.0181557014585
    },
    "bpm": 94.9600067139,
    "bpm_histogram_first_peak_bpm": 96,
    "bpm_histogram_first_peak_weight": 0.385714232922,
    "bpm_histogram_second_peak_bpm": 88,
    "bpm_histogram_second_peak_spread": 0.200000047684,
    "bpm_histogram_second_peak_weight": 0.0533333346248,
    "danceability": 1.11444175243,
    "onset_rate": 3.28125,
    "beats_loudness_band_ratio": {
        "max": [0.955711901188, 0.425040632486, 0.590248882771, 0.413323581219, 0.30492284894, 0.144181922078],
        "mean": [0.50986135006, 0.123972468078, 0.199814170599, 0.0991070196033, 0.0482493489981, 0.0432272590697],
        "min": [0.155193865299, 0.0135002657771, 0.0134794609621, 0.00350175634958, 0.0032181609422, 0.00259700510651],
        "stdev": [0.202152654529, 0.0889283716679, 0.138765066862, 0.10179015249, 0.0500406846404, 0.0262140426785]
    },
