{
"metadata": {
    "version": {
        "essentia": "2.1-beta5",
        "essentia_git_sha": "Undefined",
        "extractor": "music 2.0"
    },
    "audio_properties": {
        "analysis": {
            "equal_loudness": 0,
            "length": 30.6271209717,
            "sample_rate": 44100,
            "start_time": 162.493240356,
            "downmix": "mix"
        },
        "bit_rate": 192000,
        "length": 193.143585205,
        "lossless": 0,
        "number_channels": 2,
        "replay_gain": -8.38990974426,
        "sample_rate": 44100,
        "codec": "mp3",
        "md5_encoded": "604ab4f3fd7739090ac05fdc7370e0f4"
    },
    "tags": {
        "file_name": "Netherlands_Ik Ben Verliefd (Sha-la-lie)_Sieneke.mp3",
        "encoding": ["Lavf58.29.100"]
    }
},
"lowlevel": {
    "average_loudness": 0.950610697269,
    "barkbands_crest": {
        "max": 19.8698215485,
        "mean": 7.20588731766,
        "min": 2.55157470703,
        "stdev": 2.62184000015
    },
    "barkbands_flatness_db": {
        "max": 0.223085552454,
        "mean": 0.0901983007789,
        "min": 0.0224104002118,
        "stdev": 0.0385608188808
    },
    "barkbands_kurtosis": {
        "max": 13.4651508331,
        "mean": 0.646184742451,
        "min": -1.83801984787,
        "stdev": 1.7486846447
    },
    "barkbands_skewness": {
        "max": 3.54699158669,
        "mean": 0.880265116692,
        "min": -2.14712381363,
        "stdev": 0.697161912918
    },
    "barkbands_spread": {
        "max": 91.6438751221,
        "mean": 29.7766151428,
        "min": 5.24416780472,
        "stdev": 14.9440803528
    },
    "dissonance": {
        "max": 0.500000059605,
        "mean": 0.477307647467,
        "min": 0.36647310853,
        "stdev": 0.0196723937988
    },
    "dynamic_complexity": 3.21567869186,
    "erbbands_crest": {
        "max": 20.8020496368,
        "mean": 7.66834688187,
        "min": 2.39748167992,
        "stdev": 3.35607838631
    },
    "erbbands_flatness_db": {
        "max": 0.304269701242,
        "mean": 0.14455498755,
        "min": 0.0527378991246,
        "stdev": 0.0563207678497
    },
    "erbbands_kurtosis": {
        "max": 7.70425701141,
        "mean": 0.343801647425,
        "min": -1.53989946842,
        "stdev": 1.31009411812
    },
    "erbbands_skewness": {
        "max": 2.22984600067,
        "mean": 0.216009497643,
        "min": -2.46966743469,
        "stdev": 0.636141777039
    },
    "erbbands_spread": {
        "max": 116.858299255,
        "mean": 35.4273948669,
        "min": 9.74251174927,
        "stdev": 17.3002700806
    },
    "hfc": {
        "max": 183.957443237,
        "mean": 30.6172943115,
        "min": 1.4590606952e-05,
        "stdev": 23.8937969208
    },
    "loudness_ebu128": {
        "integrated": -14.5762577057,
        "loudness_range": 5.65955162048,
        "momentary": {
            "max": -12.3257799149,
            "mean": -15.8037958145,
            "min": -40.5624542236,
            "stdev": 4.16131496429
        },
        "short_term": {
            "max": -12.9981145859,
            "mean": -15.0674057007,
            "min": -25.274969101,
            "stdev": 2.69361901283
        }
    },
    "melbands_crest": {
        "max": 25.2390441895,
        "mean": 10.5307588577,
        "min": 3.22876119614,
        "stdev": 3.61642169952
    },
    "melbands_flatness_db": {
        "max": 0.242580190301,
        "mean": 0.136743322015,
        "min": 0.0260079968721,
        "stdev": 0.0329678505659
    },
    "melbands_kurtosis": {
        "max": 53.7703742981,
        "mean": 5.28481864929,
        "min": -1.66747927666,
        "stdev": 6.53243637085
    },
    "melbands_skewness": {
        "max": 6.34855079651,
        "mean": 1.84193098545,
        "min": -0.412660986185,
        "stdev": 1.04199826717
    },
    "melbands_spread": {
        "max": 180.224761963,
        "mean": 34.4705123901,
        "min": 6.61773109436,
        "stdev": 21.8357639313
    },
    "pitch_salience": {
        "max": 0.852656781673,
        "mean": 0.631485283375,
        "min": 0.310203075409,
        "stdev": 0.100079007447
    },
    "silence_rate_20dB": {
        "max": 1,
        "mean": 1,
        "min": 1,
        "stdev": 0
    },
    "silence_rate_30dB": {
        "max": 1,
        "mean": 1,
        "min": 1,
        "stdev": 0
    },
    "silence_rate_60dB": {
        "max": 1,
        "mean": 0.106060609221,
        "min": 0,
        "stdev": 0.307915002108
    },
    "spectral_centroid": {
        "max": 4538.45947266,
        "mean": 1786.82080078,
        "min": 753.290588379,
        "stdev": 494.149414062
    },
    "spectral_complexity": {
        "max": 50,
        "mean": 23.9386367798,
        "min": 0,
        "stdev": 9.12622070312
    },
    "spectral_decrease": {
        "max": -2.28169034299e-15,
        "mean": -5.87081094849e-09,
        "min": -2.81222867216e-08,
        "stdev": 4.35765556972e-09
    },
    "spectral_energy": {
        "max": 0.113797016442,
        "mean": 0.0249348487705,
        "min": 9.93504656321e-09,
        "stdev": 0.0179198887199
    },
    "spectral_energyband_high": {
        "max": 0.0182940680534,
        "mean": 0.0016361521557,
        "min": 2.73127021e-10,
        "stdev": 0.00227811024524
    },
    "spectral_energyband_low": {
        "max": 0.0702079162002,
        "mean": 0.00616134237498,
        "min": 7.20457807996e-12,
        "stdev": 0.00844792928547
    },
    "spectral_energyband_middle_high": {
        "max": 0.0385946594179,
        "mean": 0.0086977891624,
        "min": 6.07395467256e-09,
        "stdev": 0.00797812733799
    },
    "spectral_energyband_middle_low": {
        "max": 0.0953286513686,
        "mean": 0.00939373392612,
        "min": 3.65154817494e-09,
        "stdev": 0.0088759297505
    },
    "spectral_entropy": {
        "max": 8.85087776184,
        "mean": 7.901034832,
        "min": 7.30324649811,
        "stdev": 0.245033830404
    },
    "spectral_flux": {
        "max": 0.273591607809,
        "mean": 0.0932370945811,
        "min": 0.000752257707063,
        "stdev": 0.0451779328287
    },
    "spectral_kurtosis": {
        "max": 11.3185968399,
        "mean": 3.89401078224,
        "min": -1.08988952637,
        "stdev": 1.82076609135
    },
    "spectral_rms": {
        "max": 0.0105366734788,
        "mean": 0.00456446781754,
        "min": 3.11331473313e-06,
        "stdev": 0.00186877220403
    },
    "spectral_rolloff": {
        "max": 13135.2539062,
        "mean": 2286.17236328,
        "min": 193.798828125,
        "stdev": 1621.05932617
    },
    "spectral_skewness": {
        "max": 2.39674568176,
        "mean": 1.53050208092,
        "min": 0.391148090363,
        "stdev": 0.311169087887
    },
    "spectral_spread": {
        "max": 14359172,
        "mean": 5157634.5,
        "min": 2645903,
        "stdev": 1512361.375
    },
    "spectral_strongpeak": {
        "max": 8.03834819794,
        "mean": 1.03829848766,
        "min": 0,
        "stdev": 1.37843561172
    },
    "zerocrossingrate": {
        "max": 0.3544921875,
        "mean": 0.0915815904737,
        "min": 0.0390625,
        "stdev": 0.0386247076094
    },
    "barkbands": {
        "max": [0.00225286046043, 0.061814982444, 0.0321997255087, 0.0166412070394, 0.0312229674309, 0.032273940742, 0.0586422793567, 0.0276666693389, 0.0180155802518, 0.0171376056969, 0.0182846747339, 0.023866456002, 0.00988333113492, 0.0147202545777, 0.0209114607424, 0.0126293897629, 0.0111100561917, 0.00928208697587, 0.00568496249616, 0.00276314048097, 0.00701942062005, 0.0081092370674, 0.00514449551702, 0.00688323378563, 0.00863600615412, 0.00901742465794, 5.38851199963e-05],
        "mean": [0.000126544735394, 0.00319440988824, 0.00213407236151, 0.00146629987285, 0.00217702565715, 0.00145588465966, 0.00141760765109, 0.00104610132985, 0.00132895819843, 0.00149129796773, 0.00123378972057, 0.0011909713503, 0.000758173991926, 0.000809523218777, 0.00114063592628, 0.000517962092999, 0.000610292074271, 0.000565782829653, 0.00048033517669, 0.000357845623512, 0.000281448679743, 0.000273495301371, 0.000296930084005, 0.000205115589779, 0.000230327990721, 0.000139763098559, 4.26791984864e-06],
        "min": [1.20547799173e-12, 1.54280364525e-12, 2.62915036964e-12, 4.14948674379e-12, 1.42267673336e-11, 6.27823834587e-11, 6.51697862342e-11, 1.65264213425e-09, 1.74981262813e-09, 4.97838104074e-10, 1.06514475018e-09, 6.67838728763e-10, 1.18003495864e-09, 3.76128933555e-10, 7.17932879812e-10, 5.29716770448e-10, 6.81228753963e-11, 4.52844373111e-10, 5.13376785527e-10, 5.58607222978e-11, 8.06330904823e-11, 4.74699515807e-11, 3.53995548152e-11, 2.36944318333e-11, 2.12368473501e-11, 2.4877568755e-11, 1.58052564092e-11],
        "stdev": [0.00022251388873, 0.0056538679637, 0.00325126573443, 0.00186050601769, 0.00295274751261, 0.00269280723296, 0.00345619930886, 0.00212137936614, 0.00218748836778, 0.0023780586198, 0.00223580701277, 0.0024793096818, 0.0011460701935, 0.00148743216414, 0.00227483198978, 0.000875785248354, 0.00113888422493, 0.000942198734265, 0.000538278196473, 0.000375076197088, 0.000478317670058, 0.000620513106696, 0.000519540742971, 0.000381386518711, 0.000477103632875, 0.000321893603541, 6.4680957621e-06]
    },
    "erbbands": {
        "max": [1.28769159317, 15.5828142166, 33.7025680542, 44.1001548767, 62.6250572205, 136.09979248, 108.361778259, 344.238555908, 435.987884521, 822.805847168, 758.837097168, 501.12979126, 622.475341797, 687.514648438, 667.930358887, 889.676452637, 470.668334961, 588.041931152, 1032.52233887, 802.345092773, 713.632202148, 604.09979248, 663.095947266, 279.764221191, 372.992126465, 157.051956177, 117.218330383, 320.851104736, 270.218353271, 201.727737427, 133.013275146, 124.504936218, 154.010238647, 116.09790802, 80.8349227905, 76.1182174683, 6.02594423294, 0.501403033733, 0.00937534403056, 0.000659833138343],
        "mean": [0.0719727054238, 0.784807682037, 2.44085073471, 3.84584712982, 6.22013711929, 7.79848623276, 6.49905061722, 14.5865087509, 20.0528411865, 21.6452732086, 21.3064422607, 33.1921272278, 41.0932426453, 50.8886070251, 49.9591255188, 52.008972168, 37.2883033752, 37.6821060181, 63.3357849121, 40.3786506653, 31.0282459259, 32.2988700867, 30.8350257874, 29.353553772, 20.1992931366, 17.5115699768, 12.55859375, 10.7911920547, 9.83833026886, 9.11597919464, 8.48047828674, 4.68279266357, 3.39197897911, 2.67690896988, 1.586124897, 0.749111175537, 0.212541297078, 0.0339014045894, 0.000683478312567, 5.71836462768e-05],
        "min": [7.95747009952e-11, 2.55492793588e-10, 2.04467420772e-09, 1.02661603663e-08, 1.62924269631e-08, 4.71204515406e-08, 3.25604759155e-07, 5.25958000708e-07, 5.79406787438e-07, 5.75688045501e-06, 5.39143584319e-05, 4.22779921792e-05, 1.53783894348e-05, 2.16849275603e-05, 4.31093831139e-05, 3.15912548103e-05, 6.11769282841e-05, 2.23726910917e-05, 3.04819895973e-05, 2.98752856907e-05, 2.44185484917e-05, 6.74507191434e-06, 2.24347168114e-05, 3.27633679262e-05, 1.4264197489e-05, 3.39866460308e-06, 3.0915437037e-06, 2.89832905764e-06, 1.55643294875e-06, 1.59449132298e-06, 8.62755200615e-07, 6.27118026841e-07, 3.21398829328e-07, 2.02730149113e-07, 1.75098847421e-07, 9.85472823345e-08, 5.05363857428e-08, 1.08371329688e-08, 1.8825974113e-09, 2.67657646047e-10],
        "stdev": [0.133575603366, 1.3796762228, 3.7261595726, 4.51152563095, 7.14130783081, 12.6611604691, 10.4542827606, 28.9603748322, 41.1129455566, 46.4474716187, 43.8169631958, 57.5686225891, 63.5787963867, 87.8115386963, 83.0038299561, 105.416229248, 52.6843986511, 54.8150253296, 119.108604431, 69.4999008179, 49.6418266296, 60.4523544312, 53.9227371216, 33.8507766724, 23.797164917, 18.7075462341, 14.6106863022, 22.6596183777, 23.1499252319, 18.2405662537, 14.3653593063, 7.63941764832, 6.81770706177, 5.63614654541, 3.65052819252, 2.39263701439, 0.351914525032, 0.0480552278459, 0.000950976042077, 5.25496288901e-05]
    },
    "gfcc": {
        "mean": [27.8793182373, 53.7589797974, -130.482345581, 19.0976791382, -58.9724121094, 21.0938339233, -38.884513855, 17.1444225311, -30.3798446655, 5.96482515335, -20.6732177734, 1.95695602894, -16.6506137848],
        "cov": [[7744.9296875, 826.26763916, 2924.9284668, 1636.68115234, 646.575073242, 346.727905273, -339.437133789, -128.545578003, -200.304916382, 230.730056763, 114.492515564, 178.203460693, -126.882583618], [826.26763916, 567.76385498, 374.515594482, 278.354644775, 212.871231079, 39.2774391174, -27.9026603699, 1.69080269337, -25.1887531281, 14.1351995468, 68.5805206299, -19.4353885651, 3.44103932381], [2924.9284668, 374.515594482, 1795.99304199, 959.917541504, 337.786499023, 147.724853516, -227.180480957, -93.3452835083, -102.717079163, 133.723190308, 29.2535419464, 136.058105469, -98.3963165283], [1636.68115234, 278.354644775, 959.917541504, 707.11932373, 225.737945557, 72.1549911499, -132.044555664, -36.2787475586, -22.5468959808, 68.5670852661, 33.6720924377, 73.8706741333, -50.2622833252], [646.575073242, 212.871231079, 337.786499023, 225.737945557, 214.236938477, 68.6422042847, -31.1720371246, 4.28682518005, -31.4103279114, 14.5830726624, 24.4579639435, 8.26999664307, -14.9423809052], [346.727905273, 39.2774391174, 147.724853516, 72.1549911499, 68.6422042847, 169.555984497, 59.9009132385, -32.8411941528, -38.1907196045, 13.7311220169, -3.19575119019, -26.7425937653, -6.19830465317], [-339.437133789, -27.9026603699, -227.180480957, -132.044555664, -31.1720371246, 59.9009132385, 135.336013794, 15.3154182434, -4.16685724258, -13.4170064926, -8.0614824295, -35.0721855164, 9.88263130188], [-128.545578003, 1.69080269337, -93.3452835083, -36.2787475586, 4.28682518005, -32.8411941528, 15.3154182434, 91.2095565796, 46.2171592712, -12.4386014938, 17.1795330048, 2.11947369576, 9.43290710449], [-200.304916382, -25.1887531281, -102.717079163, -22.5468959808, -31.4103279114, -38.1907196045, -4.16685724258, 46.2171592712, 83.7780761719, 15.714972496, 3.82939577103, 3.79751849174, 0.612084031105], [230.730056763, 14.1351995468, 133.723190308, 68.5670852661, 14.5830726624, 13.7311220169, -13.4170064926, -12.4386014938, 15.714972496, 61.6036605835, 20.3867683411, 9.03531360626, -11.5354070663], [114.492515564, 68.5805206299, 29.2535419464, 33.6720924377, 24.4579639435, -3.19575119019, -8.0614824295, 17.1795330048, 3.82939577103, 20.3867683411, 61.7393608093, 15.4708099365, -0.745780169964], [178.203460693, -19.4353885651, 136.058105469, 73.8706741333, 8.26999664307, -26.7425937653, -35.0721855164, 2.11947369576, 3.79751849174, 9.03531360626, 15.4708099365, 70.1865005493, 3.12325429916], [-126.882583618, 3.44103932381, -98.3963165283, -50.2622833252, -14.9423809052, -6.19830465317, 9.88263130188, 9.43290710449, 0.612084031105, -11.5354070663, -0.745780169964, 3.12325429916, 47.4986686707]],
        "icov": [[0.000370234018192, -0.000146856080391, -0.000425963575253, -0.000150775682414, 0.000118837619084, -0.000381048943382, 0.00027209246764, -0.000411866756622, 0.000457651680335, -0.000345970038325, -8.07052274467e-05, 3.59917248716e-05, -0.000123027581139], [-0.000146856080391, 0.00578230014071, -0.00256803608499, 0.000446967373136, -0.00513717764989, 0.00483671296388, -0.00458972016349, 0.00633831648156, -0.00632665725425, 0.00713305873796, -0.00933992862701, 0.0081868218258, -0.00581790320575], [-0.000425963575253, -0.00256803608499, 0.00633179023862, -0.00402920786291, 0.00224745739251, -0.00451904954389, 0.00564410304651, -0.00653860764578, 0.00928084179759, -0.00965120550245, 0.00900469440967, -0.00815953686833, 0.00635716831312], [-0.000150775682414, 0.000446967373136, -0.00402920786291, 0.00696886517107, -0.00280782440677, 0.00139379838947, -0.00142211676575, 0.00440505333245, -0.00702090701088, 0.00495117204264, -0.00397732760757, 0.00168988038786, -0.00156856025569], [0.000118837619084, -0.00513717764989, 0.00224745739251, -0.00280782440677, 0.0140965254977, -0.007662656717, 0.00631087739021, -0.0104866726324, 0.0097113084048, -0.00622452097014, 0.00665232818574, -0.00566780427471, 0.00541863730177], [-0.000381048943382, 0.00483671296388, -0.00451904954389, 0.00139379838947, -0.007662656717, 0.0181685518473, -0.0136811025441, 0.0119431037456, -0.00799033604562, 0.00775668025017, -0.00961752515286, 0.0121285365894, -0.0077816285193], [0.00027209246764, -0.00458972016349, 0.00564410304651, -0.00142211676575, 0.00631087739021, -0.0136811025441, 0.0215323399752, -0.0138363493606, 0.0126068796962, -0.0115455444902, 0.0113263092935, -0.00820973608643, 0.00746562005952], [-0.000411866756622, 0.00633831648156, -0.00653860764578, 0.00440505333245, -0.0104866726324, 0.0119431037456, -0.0138363493606, 0.0349917374551, -0.0283275321126, 0.0237154178321, -0.0216733291745, 0.0124146454036, -0.0112860202789], [0.000457651680335, -0.00632665725425, 0.00928084179759, -0.00702090701088, 0.0097113084048, -0.00799033604562, 0.0126068796962, -0.0283275321126, 0.0419994555414, -0.0296590030193, 0.0218072459102, -0.0143459364772, 0.0120338331908], [-0.000345970038325, 0.00713305873796, -0.00965120550245, 0.00495117204264, -0.00622452097014, 0.00775668025017, -0.0115455444902, 0.0237154178321, -0.0296590030193, 0.046152997762, -0.0281295627356, 0.0158344823867, -0.00934027414769], [-8.07052274467e-05, -0.00933992862701, 0.00900469440967, -0.00397732760757, 0.00665232818574, -0.00961752515286, 0.0113263092935, -0.0216733291745, 0.0218072459102, -0.0281295627356, 0.0424158573151, -0.0212559718639, 0.0126425251365], [3.59917248716e-05, 0.0081868218258, -0.00815953686833, 0.00168988038786, -0.00566780427471, 0.0121285365894, -0.00820973608643, 0.0124146454036, -0.0143459364772, 0.0158344823867, -0.0212559718639, 0.035373467952, -0.0151986703277], [-0.000123027581139, -0.00581790320575, 0.00635716831312, -0.00156856025569, 0.00541863730177, -0.0077816285193, 0.00746562005952, -0.0112860202789, 0.0120338331908, -0.00934027414769, 0.0126425251365, -0.0151986703277, 0.0328071266413]]
    },
    "melbands": {
        "max": [0.0141739854589, 0.0150503432378, 0.00838444009423, 0.00684336107224, 0.00416782405227, 0.00710978079587, 0.00892813876271, 0.00730346981436, 0.00579941738397, 0.00306853442453, 0.0030302091036, 0.0029513980262, 0.00241990317591, 0.00328572676517, 0.00274556339718, 0.00107851845678, 0.00132466410287, 0.00154518627096, 0.00195468286984, 0.000688134809025, 0.000698347168509, 0.000888874405064, 0.000964478065725, 0.000459864269942, 0.000250861688983, 0.000327766261762, 0.000159984308993, 0.000134994203108, 8.43627422e-05, 0.000194519452634, 0.000175258915988, 0.000180055169039, 0.000122862475109, 0.000104463688331, 8.49405332701e-05, 6.28431807854e-05, 9.83454738162e-05, 8.48874187795e-05, 0.000141828044434, 0.000117682742712],
        "mean": [0.000769837526605, 0.00120412185788, 0.000741730968002, 0.000514732557349, 0.000253348756814, 0.000316679565003, 0.000310901901685, 0.000240055262111, 0.00016636341752, 0.000213338091271, 0.000201853865292, 0.000202542767511, 0.000163221862749, 0.000147357131937, 0.000100328819826, 7.18177325325e-05, 7.02463876223e-05, 0.000100564393506, 7.68018508097e-05, 3.92243309761e-05, 3.63952894986e-05, 3.44464060618e-05, 3.31460068992e-05, 2.3296521249e-05, 2.42269452428e-05, 1.56567493832e-05, 1.17926147141e-05, 1.17807148854e-05, 8.25374991109e-06, 6.51383606964e-06, 6.27906274531e-06, 5.64796437175e-06, 5.05478556079e-06, 5.09730853082e-06, 5.24343113284e-06, 3.66043036593e-06, 2.57461601905e-06, 2.59186094809e-06, 1.86529928214e-06, 2.45102819463e-06],
        "min": [6.20398860323e-13, 9.12491761838e-13, 1.89092014616e-12, 1.88733165381e-12, 9.58764057729e-12, 1.15548777144e-11, 9.2981889549e-12, 9.13614184306e-11, 4.83380280247e-10, 2.32277683199e-10, 7.14822853687e-11, 8.28147411758e-11, 1.50763776463e-10, 9.36169891608e-11, 1.05357188251e-10, 1.02605493546e-10, 3.49195637683e-11, 4.30583763089e-11, 5.51615836342e-11, 3.65824245896e-11, 2.62470305906e-11, 5.17772803799e-12, 1.22615199244e-11, 2.14699542866e-11, 2.80461487367e-11, 1.71941835769e-11, 2.66768508325e-12, 1.81014318118e-12, 2.20162798582e-12, 1.23229172092e-12, 1.95646862426e-12, 9.46147999357e-13, 8.05186592314e-13, 8.70239427395e-13, 4.67639056818e-13, 4.95852219961e-13, 3.14453758171e-13, 2.35759626882e-13, 1.75892449477e-13, 1.58872589563e-13],
        "stdev": [0.00137481477577, 0.00176970695611, 0.000811801059172, 0.00067214446608, 0.000400592223741, 0.000611041730735, 0.000670376466587, 0.000481665716507, 0.000320318853483, 0.000376126525225, 0.000319062935887, 0.000361526763299, 0.000283588015009, 0.000289096380584, 0.00020207358466, 0.000110687637061, 0.000119614858704, 0.000196182125364, 0.000169367733179, 6.41250517219e-05, 6.44444153295e-05, 7.59565300541e-05, 7.60478433222e-05, 3.44456238963e-05, 2.97214937746e-05, 1.98743618967e-05, 1.31078613776e-05, 1.37048400575e-05, 9.55872383201e-06, 1.16708806672e-05, 1.39866060636e-05, 1.39754893098e-05, 1.10353048512e-05, 1.01886125776e-05, 9.06633795239e-06, 6.10480992691e-06, 4.67660220238e-06, 4.81994811707e-06, 4.97546488987e-06, 5.31438627149e-06]
    },
    "melbands128": {
        "max": [0.00211933953688, 0.0116640841588, 0.0213739704341, 0.0290422793478, 0.0194503255188, 0.0141692850739, 0.00895783305168, 0.00833170395344, 0.00704051554203, 0.0080323535949, 0.00961100496352, 0.00561953429133, 0.00370844523422, 0.00529124587774, 0.00974811241031, 0.0130332894623, 0.00906942784786, 0.0104512628168, 0.0212407745421, 0.00946878269315, 0.0107916202396, 0.00797848496586, 0.00819652155042, 0.00429308507591, 0.00560466712341, 0.00543723860756, 0.00391340395436, 0.00569803966209, 0.00437661958858, 0.00538289453834, 0.00444513559341, 0.00568089680746, 0.0044237584807, 0.00439542392269, 0.00768788158894, 0.00476833246648, 0.00459570623934, 0.00579847907647, 0.00245896726847, 0.00139633973595, 0.00217130687088, 0.000956796866376, 0.00234783138148, 0.00225768960081, 0.00327998120338, 0.00312610785477, 0.005276536569, 0.00365035282448, 0.00329897971824, 0.00223920913413, 0.00140615005512, 0.00233107036911, 0.00121344253421, 0.0010900819907, 0.0016252475325, 0.00171420280822, 0.000999446725473, 0.00151541887317, 0.00112924154382, 0.00173945713323, 0.00061548181111, 0.000358176737791, 0.0006791530177, 0.000309851777274, 0.000438855553512, 0.000364639010513, 0.000708390201908, 0.000216579690459, 0.000215115345782, 0.000146910140757, 0.000235011350014, 0.000278788415017, 0.000219176828978, 0.000105873201392, 8.5937725089e-05, 0.000170848710695, 0.000368715060176, 0.000179546215804, 0.00025578806526, 0.000176490269951, 0.000291573058348, 0.000207535544178, 0.000158458336955, 0.000105461083876, 0.00016820266319, 0.000115025541163, 0.000170761355548, 9.93356516119e-05, 9.26579305087e-05, 0.000115974718938, 7.81787312008e-05, 9.38391240197e-05, 5.03794362885e-05, 4.74495464005e-05, 0.000203163959668, 0.000103080819827, 8.50025462569e-05, 0.000133421490318, 0.000251584046055, 6.11860741628e-05, 0.000174771543243, 0.000140644449857, 0.000150494015543, 9.04451080714e-05, 0.00010019668116, 0.000124637837871, 5.01800859638e-05, 3.65244959539e-05, 0.000331157731125, 0.00013067042164, 3.25026740029e-05, 1.51157346409e-05, 1.39831845445e-05, 1.09397433334e-05, 1.09336870082e-05, 6.01904048381e-06, 2.17741194319e-06, 5.30759036721e-09, 3.83142984006e-09, 3.29912785979e-09, 2.9528004486e-09, 2.70944777725e-09, 2.53160603592e-09, 2.39921815748e-09, 2.30216046226e-09, 2.22435247998e-09, 2.18259854634e-09, 2.14269069154e-09],
        "mean": [0.000111180597742, 0.000492711202241, 0.00098367058672, 0.00141465244815, 0.00134752027225, 0.000984347658232, 0.000759731163271, 0.000739782524761, 0.000603888300247, 0.000550013617612, 0.000442494550953, 0.000275968253845, 0.000178837130079, 0.000235196377616, 0.000356648728484, 0.000346387882018, 0.000298499799101, 0.000329479313223, 0.000309703376843, 0.000208761382964, 0.000242837093538, 0.000200254915399, 0.000145064012031, 0.000130501546664, 0.000239001572481, 0.000236550113186, 0.000187020283192, 0.000229875469813, 0.000159932926181, 0.000226931617362, 0.000217130058445, 0.000161641088198, 0.000156661262736, 0.000182484232937, 0.000112229841761, 0.000167022721143, 0.000156255046022, 7.73681604187e-05, 8.64720423124e-05, 8.31844881759e-05, 7.51214975026e-05, 4.23498095188e-05, 6.63804094074e-05, 8.46201728564e-05, 8.2990663941e-05, 0.000109404405521, 0.000118818607007, 8.38073101477e-05, 5.70603515371e-05, 4.22112716478e-05, 3.98368138121e-05, 3.16523910442e-05, 3.46426750184e-05, 3.54816766048e-05, 4.73063737445e-05, 3.45690204995e-05, 2.06908280234e-05, 3.9714792365e-05, 3.31911505782e-05, 2.92041313514e-05, 1.89461861737e-05, 1.99141413759e-05, 3.47482273355e-05, 2.20322581299e-05, 1.55881953106e-05, 1.45929570863e-05, 1.76525736606e-05, 1.16989585877e-05, 1.01099576568e-05, 1.1808844647e-05, 1.21412613225e-05, 1.25077722259e-05, 9.43253780861e-06, 7.40413952371e-06, 6.5749800342e-06, 7.0787336881e-06, 6.28861789664e-06, 5.39616712558e-06, 7.05064894646e-06, 6.12726989857e-06, 5.78113213123e-06, 5.42446514373e-06, 5.25436553289e-06, 4.89201784148e-06, 5.16688032803e-06, 4.64671711597e-06, 5.39630855201e-06, 5.30937040821e-06, 5.50572667635e-06, 5.0573162298e-06, 4.1255693759e-06, 3.36950256496e-06, 2.61886566477e-06, 2.35127095038e-06, 2.69927295449e-06, 2.85492683361e-06, 2.75865022559e-06, 1.83591987479e-06, 1.88093895304e-06, 1.65628500781e-06, 2.31996955335e-06, 2.58293630395e-06, 2.81818324765e-06, 1.81600796623e-06, 1.69215809365e-06, 1.53685846271e-06, 1.57644501542e-06, 1.62202672982e-06, 1.44553314385e-06, 9.31596844111e-07, 8.80282755134e-07, 7.17355192137e-07, 6.09704898125e-07, 5.85421673804e-07, 5.38657673133e-07, 4.444904107e-07, 1.7286490106e-07, 1.628684132e-10, 6.57649976143e-12, 5.96259153163e-12, 5.56345074176e-12, 5.27254281901e-12, 5.04387590722e-12, 4.8700119458e-12, 4.74034613646e-12, 4.64347570811e-12, 4.58373833681e-12, 4.52809621396e-12],
        "min": [7.36035473022e-13, 8.04461532111e-13, 5.47702670977e-13, 3.17040176664e-13, 5.7937443905e-13, 1.56038181508e-12, 2.19521297841e-12, 1.9464989516e-12, 1.54730612004e-12, 1.34536652652e-12, 2.00578182535e-12, 4.79876858736e-12, 1.05396542188e-11, 1.73205148141e-11, 1.42137803263e-11, 7.19843845989e-12, 4.43719149965e-12, 7.49624841367e-12, 1.72120095954e-11, 3.20134890819e-11, 1.02066168017e-10, 3.33483574089e-10, 6.79902523171e-10, 4.56784693403e-10, 2.75421657703e-10, 1.66844593696e-10, 1.5714263224e-11, 6.57206303267e-11, 1.20018397998e-10, 5.68244618027e-11, 5.94625251815e-11, 1.49738443866e-10, 1.82805826032e-10, 1.3877134164e-10, 9.04476910035e-11, 9.90547852076e-11, 6.5216491929e-11, 4.27898341759e-11, 1.78885295465e-10, 2.09519984695e-10, 4.18124285195e-11, 2.62446210597e-11, 3.85811972647e-11, 4.62350123465e-11, 1.45042831912e-11, 5.46925317535e-11, 4.4470888777e-11, 9.56112689021e-11, 3.09802010434e-11, 2.12801234967e-11, 5.03371302973e-11, 3.92025752138e-11, 2.8634766433e-11, 2.34805751231e-11, 4.59388777019e-12, 6.75086072113e-12, 1.77408792951e-12, 3.19107479156e-12, 1.49487592443e-11, 3.31845488588e-11, 1.65261745261e-11, 1.8680765268e-11, 2.52012525431e-11, 3.48370360337e-11, 2.93462094902e-11, 1.61761316148e-11, 1.10981935447e-11, 1.29718675038e-12, 1.39470065271e-12, 3.26958707504e-12, 2.0957257197e-12, 6.94695332076e-13, 1.89023146094e-12, 3.45823239836e-12, 1.33858928716e-12, 5.97403474346e-13, 1.76428468189e-12, 1.17724634294e-12, 2.40280104841e-12, 2.37706881089e-12, 8.20834069118e-13, 4.77444960737e-13, 6.23358190153e-13, 5.49299700777e-13, 1.43493853952e-12, 9.36740160266e-13, 6.79424452896e-13, 6.59437240057e-13, 3.51013760159e-13, 4.69784042396e-13, 4.27448251491e-13, 5.63753145728e-13, 5.13058562648e-13, 3.05770735337e-13, 1.97721586282e-13, 1.87216073807e-13, 3.37317847265e-13, 1.368972752e-13, 2.05404920503e-13, 1.41397351184e-13, 1.94332831077e-13, 1.73598345443e-13, 9.28479230891e-14, 2.1978642864e-13, 2.57671542523e-13, 1.60181262243e-13, 2.01059180698e-13, 1.65329487839e-13, 1.49243234416e-13, 2.00918085337e-13, 1.54605657703e-13, 1.07380704534e-13, 1.90663186194e-13, 2.29364026686e-13, 7.65148442652e-14, 1.10627903593e-13, 5.14586711729e-14, 6.62976889099e-14, 6.99108129785e-14, 4.25287179063e-14, 4.51820757186e-14, 5.45921814699e-14, 7.76503156479e-14, 6.04099154597e-14, 6.90499429011e-14, 8.20225438676e-14, 6.30654518408e-14, 8.09261511969e-14],
        "stdev": [0.000206530254218, 0.000978295691311, 0.00194428628311, 0.00256424141116, 0.00220848526806, 0.00145030790009, 0.000967388274148, 0.000999560696073, 0.000771648890804, 0.000831612502225, 0.0008439104422, 0.000546597177163, 0.000353276991518, 0.000467804056825, 0.000816279032733, 0.000828218879178, 0.000712962006219, 0.000834289588965, 0.0010449567344, 0.000515973079018, 0.000578069419134, 0.000569228315726, 0.000385033577913, 0.000262171233771, 0.000535413797479, 0.000551452394575, 0.000362891150871, 0.000497383822221, 0.00036400128738, 0.00055024784524, 0.000490694015753, 0.000457011861727, 0.000391697423765, 0.000438660033979, 0.000382794736652, 0.00046582944924, 0.000430754706031, 0.000320257182466, 0.00018557535077, 0.000158335999004, 0.000181896975846, 7.80185873737e-05, 0.000152426116983, 0.000197531029698, 0.00024652009597, 0.000291139091132, 0.000344532745657, 0.000283134228084, 0.000176844856469, 0.000119276948681, 8.49066564115e-05, 8.61120424815e-05, 0.00010591064347, 7.32238331693e-05, 0.000133908921271, 0.000124849320855, 5.37811174581e-05, 0.000121012657473, 9.52454647631e-05, 9.29031666601e-05, 3.85623025068e-05, 3.36264711223e-05, 6.46637417958e-05, 3.37638994097e-05, 2.78524366877e-05, 2.52396093856e-05, 3.6884626752e-05, 1.76745506906e-05, 1.63757886185e-05, 1.75062305061e-05, 2.11448023038e-05, 1.94890035345e-05, 1.47241880768e-05, 1.05692697616e-05, 9.96491689875e-06, 1.14365093395e-05, 1.60268609761e-05, 1.44201339936e-05, 1.59281007654e-05, 1.49623756442e-05, 1.62417072715e-05, 1.48562166942e-05, 1.28296114781e-05, 1.1377806004e-05, 1.06043426058e-05, 1.02247213363e-05, 1.21978773677e-05, 1.01315963548e-05, 9.82388610282e-06, 9.61567548075e-06, 7.15453643352e-06, 6.60605655867e-06, 4.65456059828e-06, 3.97418671128e-06, 7.05454294803e-06, 5.33574939254e-06, 5.06421929458e-06, 4.94805044582e-06, 7.77592595114e-06, 3.45478702002e-06, 5.71302598473e-06, 6.4833475335e-06, 6.28271845926e-06, 4.63762717118e-06, 4.67612790089e-06, 4.38024471805e-06, 2.91690889753e-06, 3.33018442689e-06, 9.31213526201e-06, 3.89124943467e-06, 1.69004010786e-06, 1.19289370559e-06, 9.4934802064e-07, 8.78962680417e-07, 8.46333193749e-07, 6.48054538033e-07, 2.53815926499e-07, 3.7175595935e-10, 1.05489297852e-10, 9.08571967662e-11, 8.13383527198e-11, 7.4649945947e-11, 6.97622376533e-11, 6.6123551079e-11, 6.34555810675e-11, 6.13169584551e-11, 6.01682939583e-11, 5.90720805604e-11]
    },
    "mfcc": {
        "mean": [-612.79876709, 92.7667007446, -15.1473140717, 5.04391527176, 0.563493669033, 1.04359638691, 3.76585292816, 4.93561506271, -0.749654829502, 3.99564242363, -0.610103309155, -2.35319709778, -1.19004845619],
        "cov": [[6027.20703125, 412.776641846, 2031.73327637, 1207.77233887, 1007.05999756, 541.686950684, 263.114990234, -66.4909667969, -131.664703369, -41.8151550293, -106.136184692, 167.523086548, 304.923217773], [412.776641846, 406.594055176, 99.5790100098, 118.294128418, 155.55128479, 20.3825721741, 94.6149291992, -10.3406801224, -21.3552303314, 31.4665431976, -28.0102825165, 4.82240867615, 28.429101944], [2031.73327637, 99.5790100098, 1342.49487305, 730.524658203, 563.496276855, 318.638244629, 78.0553436279, -55.1972541809, -57.1321601868, -105.14617157, -15.018119812, 131.717590332, 157.807174683], [1207.77233887, 118.294128418, 730.524658203, 596.377624512, 407.569274902, 138.134643555, 17.1045074463, -20.2905578613, -27.5493240356, -83.3492736816, -3.07394576073, 122.158737183, 103.694313049], [1007.05999756, 155.55128479, 563.496276855, 407.569274902, 420.652191162, 126.886039734, 59.6666374207, -14.1398916245, -24.7347068787, -44.6418075562, -17.7425918579, 84.9517059326, 86.6794433594], [541.686950684, 20.3825721741, 318.638244629, 138.134643555, 126.886039734, 224.52243042, 92.8760528564, -16.5099220276, -2.0839099884, -9.07912826538, 0.288926631212, 4.21827888489, 26.6733913422], [263.114990234, 94.6149291992, 78.0553436279, 17.1045074463, 59.6666374207, 92.8760528564, 156.654571533, 16.0280132294, -3.83805656433, 28.151304245, -15.6793260574, -14.0209674835, 11.6652565002], [-66.4909667969, -10.3406801224, -55.1972541809, -20.2905578613, -14.1398916245, -16.5099220276, 16.0280132294, 67.9887771606, 26.659620285, 0.922414660454, 7.23414468765, -1.4827568531, -11.4548749924], [-131.664703369, -21.3552303314, -57.1321601868, -27.5493240356, -24.7347068787, -2.0839099884, -3.83805656433, 26.659620285, 63.5911750793, 17.7664432526, 8.83068943024, -3.95118880272, -14.6117401123], [-41.8151550293, 31.4665431976, -105.14617157, -83.3492736816, -44.6418075562, -9.07912826538, 28.151304245, 0.922414660454, 17.7664432526, 83.3171157837, 3.25982999802, -27.295797348, -10.204246521], [-106.136184692, -28.0102825165, -15.018119812, -3.07394576073, -17.7425918579, 0.288926631212, -15.6793260574, 7.23414468765, 8.83068943024, 3.25982999802, 60.2452926636, 32.294708252, -2.85070729256], [167.523086548, 4.82240867615, 131.717590332, 122.158737183, 84.9517059326, 4.21827888489, -14.0209674835, -1.4827568531, -3.95118880272, -27.295797348, 32.294708252, 92.2892608643, 40.2986602783], [304.923217773, 28.429101944, 157.807174683, 103.694313049, 86.6794433594, 26.6733913422, 11.6652565002, -11.4548749924, -14.6117401123, -10.204246521, -2.85070729256, 40.2986602783, 68.3466262817]],
        "icov": [[0.000432332977653, -7.1625385317e-05, -0.000406671868404, -0.000279847154161, -7.73022547946e-05, -0.000277128128801, 4.01562101615e-05, -0.000444294186309, 0.000595746736508, -0.000831052137073, 0.000603848719038, -1.63547083503e-05, -0.000372483977117], [-7.1625385317e-05, 0.00390666769817, 0.000724215235095, -0.000922429782804, -0.00161979359109, 0.00130443705712, -0.00245405104943, 0.00119721866213, 0.000588159484323, -0.00130892894231, 0.000151330925291, 0.00073754042387, 8.8352986495e-05], [-0.000406671868404, 0.000724215235095, 0.00390807446092, -0.00253081903793, -0.00116076518316, -0.00221938313916, 0.000192308827536, 0.000959037861321, 0.000406479201047, 0.00101819785777, -0.000578812556341, 0.000862376648001, -0.00149815424811], [-0.000279847154161, -0.000922429782804, -0.00253081903793, 0.00887899845839, -0.00376307824627, 0.000336407567374, 0.00181059015449, -0.000504345691297, -0.00130582612474, 0.0025012276601, 0.000237631684286, -0.00343495444395, 0.00038172895438], [-7.73022547946e-05, -0.00161979359109, -0.00116076518316, -0.00376307824627, 0.00937605462968, -0.00059787009377, -0.000882227788679, -0.000809138466138, -1.8674561943e-05, -0.000454942812212, 0.00271538365632, -0.00271431263536, -0.000592933618464], [-0.000277128128801, 0.00130443705712, -0.00221938313916, 0.000336407567374, -0.00059787009377, 0.0115028647706, -0.00703757302836, 0.0047527118586, -0.00397100998089, 0.00268783862703, -0.00496486760676, 0.00441224174574, 0.00031826729537], [4.01562101615e-05, -0.00245405104943, 0.000192308827536, 0.00181059015449, -0.000882227788679, -0.00703757302836, 0.013882894069, -0.00678137410432, 0.00376686104573, -0.00443663913757, 0.00381377385929, -0.0016566645354, -0.000711270258762], [-0.000444294186309, 0.00119721866213, 0.000959037861321, -0.000504345691297, -0.000809138466138, 0.0047527118586, -0.00678137410432, 0.0223682764918, -0.010255982168, 0.00536246551201, -0.00455888034776, 0.00206945789978, 0.00131039752159], [0.000595746736508, 0.000588159484323, 0.000406479201047, -0.00130582612474, -1.8674561943e-05, -0.00397100998089, 0.00376686104573, -0.010255982168, 0.0237948726863, -0.00801485124975, 0.00214146869257, -0.00274754501879, 0.00295151676983], [-0.000831052137073, -0.00130892894231, 0.00101819785777, 0.0025012276601, -0.000454942812212, 0.00268783862703, -0.00443663913757, 0.00536246551201, -0.00801485124975, 0.0210193432868, -0.00716419331729, 0.00635633105412, -0.00333156064153], [0.000603848719038, 0.000151330925291, -0.000578812556341, 0.000237631684286, 0.00271538365632, -0.00496486760676, 0.00381377385929, -0.00455888034776, 0.00214146869257, -0.00716419331729, 0.0297254789621, -0.0175195038319, 0.00625573564321], [-1.63547083503e-05, 0.00073754042387, 0.000862376648001, -0.00343495444395, -0.00271431263536, 0.00441224174574, -0.0016566645354, 0.00206945789978, -0.00274754501879, 0.00635633105412, -0.0175195038319, 0.0295537766069, -0.0124581661075], [-0.000372483977117, 8.8352986495e-05, -0.00149815424811, 0.00038172895438, -0.000592933618464, 0.00031826729537, -0.000711270258762, 0.00131039752159, 0.00295151676983, -0.00333156064153, 0.00625573564321, -0.0124581661075, 0.027845242992]]
    },
    "spectral_contrast_coeffs": {
        "max": [-0.56499350071, -0.496404856443, -0.48904055357, -0.609324157238, -0.619946718216, -0.663972496986],
        "mean": [-0.737268745899, -0.759173929691, -0.7510176301, -0.788666605949, -0.783405303955, -0.78577798605],
        "min": [-0.882421076298, -0.917226552963, -0.940575301647, -0.925789058208, -0.879671037197, -0.871338844299],
        "stdev": [0.054046805948, 0.0641893669963, 0.0738836452365, 0.0567123107612, 0.0394417978823, 0.0281886365265]
    },
    "spectral_contrast_valleys": {
        "max": [-4.82760953903, -4.9599981308, -5.56418228149, -6.0094704628, -6.01918315887, -7.55689048767],
        "mean": [-7.05428218842, -6.63738536835, -6.95369768143, -7.10315465927, -7.13562679291, -9.50521087646],
        "min": [-15.5316448212, -13.5434551239, -13.0115375519, -13.3148183823, -14.1499090195, -16.8642063141],
        "stdev": [1.57447516918, 0.746079206467, 0.528380811214, 0.481067270041, 0.613152801991, 0.922328531742]
    }
},
"rhythm": {
    "beats_count": 81,
    "beats_loudness": {
        "max": 0.075633443892,
        "mean": 0.0324813649058,
        "min": 0.00056638562819,
        "stdev": 0.0174949429929
    },
    "bpm": 162.193603516,
    "bpm_histogram_first_peak_bpm": 161,
    "bpm_histogram_first_peak_weight": 0.0370370149612,
    "bpm_histogram_second_peak_bpm": 152,
    "bpm_histogram_second_peak_spread": 0.166666686535,
    "bpm_histogram_second_peak_weight": 0.125,
    "danceability": 1.00371921062,
    "onset_rate": 3.26384282112,
    "beats_loudness_band_ratio": {
        "max": [0.836060225964, 0.459849923849, 0.529379665852, 0.62793648243, 0.425777435303, 0.812821149826],
        "mean": [0.274004310369, 0.115127690136, 0.20328257978, 0.223155647516, 0.137666046619, 0.0929869413376],
        "min": [0.00011601519509, 0.000534894352313, 0.0206360258162, 0.0211578570306, 0.0203430093825, 0.0249544735998],
        "stdev": [0.205985337496, 0.112961940467, 0.143587693572, 0.167012736201, 0.0775817483664, 0.0892418697476]
    },
