{
"metadata": {
    "version": {
        "essentia": "2.1-beta5",
        "essentia_git_sha": "Undefined",
        "extractor": "music 2.0"
    },
    "audio_properties": {
        "analysis": {
            "equal_loudness": 0,
            "length": 24.5434913635,
            "sample_rate": 44100,
            "start_time": 175.240997314,
            "downmix": "mix"
        },
        "bit_rate": 192000,
        "length": 199.807723999,
        "lossless": 0,
        "number_channels": 2,
        "replay_gain": -7.92057609558,
        "sample_rate": 48000,
        "codec": "mp3",
        "md5_encoded": "51b326faa555889063aba11dbdc196e6"
    },
    "tags": {
        "file_name": "Slovenia_Narodnozabavni Rock_Ansambel Žlindra _ Kalamari.mp3",
        "encoding": ["Lavf58.29.100"]
    }
},
"lowlevel": {
    "average_loudness": 0.717767655849,
    "barkbands_crest": {
        "max": 19.3212280273,
        "mean": 7.40483140945,
        "min": 2.72053194046,
        "stdev": 2.90350532532
    },
    "barkbands_flatness_db": {
        "max": 0.199093282223,
        "mean": 0.106528587639,
        "min": 0.0169951226562,
        "stdev": 0.0384126156569
    },
    "barkbands_kurtosis": {
        "max": 18.2980060577,
        "mean": 0.628010869026,
        "min": -1.89530050755,
        "stdev": 1.80519330502
    },
    "barkbands_skewness": {
        "max": 4.01281070709,
        "mean": 0.870584666729,
        "min": -2.15726947784,
        "stdev": 0.645737051964
    },
    "barkbands_spread": {
        "max": 98.7138137817,
        "mean": 24.4973640442,
        "min": 6.78373098373,
        "stdev": 16.6897201538
    },
    "dissonance": {
        "max": 0.500000119209,
        "mean": 0.482819586992,
        "min": 0.408341944218,
        "stdev": 0.0148612344638
    },
    "dynamic_complexity": 4.59119081497,
    "erbbands_crest": {
        "max": 20.4416713715,
        "mean": 7.29437875748,
        "min": 2.38467907906,
        "stdev": 2.90278244019
    },
    "erbbands_flatness_db": {
        "max": 0.277133017778,
        "mean": 0.170880004764,
        "min": 0.0491426363587,
        "stdev": 0.0609749555588
    },
    "erbbands_kurtosis": {
        "max": 3.16948795319,
        "mean": -0.0485814362764,
        "min": -1.58958911896,
        "stdev": 0.763775885105
    },
    "erbbands_skewness": {
        "max": 1.74282085896,
        "mean": 0.277889668941,
        "min": -1.65314352512,
        "stdev": 0.585508525372
    },
    "erbbands_spread": {
        "max": 119.065361023,
        "mean": 33.0458946228,
        "min": 10.1766939163,
        "stdev": 18.741235733
    },
    "hfc": {
        "max": 172.301895142,
        "mean": 21.0170154572,
        "min": 0.000200173046323,
        "stdev": 24.7506465912
    },
    "loudness_ebu128": {
        "integrated": -16.7508106232,
        "loudness_range": 11.9554357529,
        "momentary": {
            "max": -12.6574478149,
            "mean": -19.3240470886,
            "min": -41.389541626,
            "stdev": 5.44703769684
        },
        "short_term": {
            "max": -13.7154560089,
            "mean": -18.7124881744,
            "min": -27.0700206757,
            "stdev": 4.55716609955
        }
    },
    "melbands_crest": {
        "max": 24.8244380951,
        "mean": 10.2012910843,
        "min": 3.78334498405,
        "stdev": 3.69570350647
    },
    "melbands_flatness_db": {
        "max": 0.246580302715,
        "mean": 0.131241679192,
        "min": 0.022667683661,
        "stdev": 0.0294416155666
    },
    "melbands_kurtosis": {
        "max": 80.2911605835,
        "mean": 4.94907474518,
        "min": -1.46440804005,
        "stdev": 6.61371278763
    },
    "melbands_skewness": {
        "max": 8.16182994843,
        "mean": 1.73071682453,
        "min": -0.0884893760085,
        "stdev": 1.02855873108
    },
    "melbands_spread": {
        "max": 196.163528442,
        "mean": 30.3125686646,
        "min": 6.07216310501,
        "stdev": 21.9492549896
    },
    "pitch_salience": {
        "max": 0.857667505741,
        "mean": 0.670839905739,
        "min": 0.333609580994,
        "stdev": 0.0995388180017
    },
    "silence_rate_20dB": {
        "max": 1,
        "mean": 1,
        "min": 1,
        "stdev": 0
    },
    "silence_rate_30dB": {
        "max": 1,
        "mean": 1,
        "min": 1,
        "stdev": 0
    },
    "silence_rate_60dB": {
        "max": 1,
        "mean": 0.295841217041,
        "min": 0,
        "stdev": 0.456419229507
    },
    "spectral_centroid": {
        "max": 4230.76367188,
        "mean": 1883.87609863,
        "min": 529.391540527,
        "stdev": 455.776763916
    },
    "spectral_complexity": {
        "max": 51,
        "mean": 18.4413986206,
        "min": 0,
        "stdev": 10.5888681412
    },
    "spectral_decrease": {
        "max": -2.7603722937e-14,
        "mean": -3.57711305021e-09,
        "min": -2.49880418579e-08,
        "stdev": 3.94052968034e-09
    },
    "spectral_energy": {
        "max": 0.100105717778,
        "mean": 0.0154071385041,
        "min": 1.22339045561e-07,
        "stdev": 0.0163702517748
    },
    "spectral_energyband_high": {
        "max": 0.0173749625683,
        "mean": 0.00118174217641,
        "min": 4.96862373467e-09,
        "stdev": 0.00208587315865
    },
    "spectral_energyband_low": {
        "max": 0.0564194098115,
        "mean": 0.00285187270492,
        "min": 7.06091407565e-10,
        "stdev": 0.00653532985598
    },
    "spectral_energyband_middle_high": {
        "max": 0.0479583851993,
        "mean": 0.00518650887534,
        "min": 7.93963153001e-08,
        "stdev": 0.00638951547444
    },
    "spectral_energyband_middle_low": {
        "max": 0.0498367771506,
        "mean": 0.00670717144385,
        "min": 3.79755213942e-08,
        "stdev": 0.0083784526214
    },
    "spectral_entropy": {
        "max": 8.91732692719,
        "mean": 7.88488817215,
        "min": 7.25289058685,
        "stdev": 0.231860503554
    },
    "spectral_flux": {
        "max": 0.241620272398,
        "mean": 0.0657017305493,
        "min": 0.00114773865789,
        "stdev": 0.043202534318
    },
    "spectral_kurtosis": {
        "max": 11.5107421875,
        "mean": 4.47888040543,
        "min": -1.07815897465,
        "stdev": 2.19095611572
    },
    "spectral_rms": {
        "max": 0.00988251529634,
        "mean": 0.00332134845667,
        "min": 1.09249785964e-05,
        "stdev": 0.0020000024233
    },
    "spectral_rolloff": {
        "max": 12446.1914062,
        "mean": 2563.91455078,
        "min": 150.732421875,
        "stdev": 1819.55517578
    },
    "spectral_skewness": {
        "max": 2.54166054726,
        "mean": 1.56036937237,
        "min": 0.217795431614,
        "stdev": 0.361176997423
    },
    "spectral_spread": {
        "max": 15394807,
        "mean": 4585044.5,
        "min": 2620653.75,
        "stdev": 1740247
    },
    "spectral_strongpeak": {
        "max": 8.68938064575,
        "mean": 0.81078761816,
        "min": 0.00097812700551,
        "stdev": 0.977228701115
    },
    "zerocrossingrate": {
        "max": 0.3935546875,
        "mean": 0.0927780494094,
        "min": 0.02294921875,
        "stdev": 0.0446812063456
    },
    "barkbands": {
        "max": [0.00149424665142, 0.0500118173659, 0.0181445740163, 0.01881685853, 0.0255936328322, 0.0220686942339, 0.00750047666952, 0.0132133476436, 0.0240236204118, 0.0331380590796, 0.0112223401666, 0.0164869893342, 0.0147450072691, 0.00976049061865, 0.00970887858421, 0.0052923457697, 0.00677793007344, 0.00725981360301, 0.0057950434275, 0.00417879316956, 0.0017815977335, 0.00225474033505, 0.00289373402484, 0.00427290331572, 0.00826251786202, 0.00353068392724, 0.000592448748648],
        "mean": [5.3558665968e-05, 0.00181992840953, 0.000585034489632, 0.00101365149021, 0.00174108776264, 0.00116767419968, 0.000472722807899, 0.000689163978677, 0.00138233194593, 0.00104203785304, 0.000519324676134, 0.000535104249138, 0.000564075540751, 0.000385804101825, 0.000475023960462, 0.000427664956078, 0.000449203711469, 0.000343120191246, 0.000358834426152, 0.000347823603079, 0.000177475449163, 0.000179531503818, 0.000190178849152, 0.00017758863396, 0.000204274096177, 8.68267088663e-05, 1.81053837878e-05],
        "min": [3.62520673203e-11, 2.08670844493e-10, 1.50042464564e-10, 6.15568207518e-10, 1.43127198982e-09, 2.15601403397e-09, 9.73143077232e-09, 1.18986855924e-08, 9.21222920169e-09, 7.90090837199e-09, 3.59280249995e-09, 5.3253046417e-09, 1.49413406092e-08, 7.81173170594e-09, 1.74432326361e-08, 6.81747414077e-09, 5.78002357088e-09, 5.62140201055e-09, 4.01517574744e-09, 3.42457906477e-09, 1.36276723239e-09, 1.16648124493e-09, 5.48547041124e-10, 4.83961259956e-10, 2.18317419698e-10, 2.22542081985e-10, 3.59137858341e-11],
        "stdev": [0.00014984329755, 0.00507326377556, 0.00149691384286, 0.00199448037893, 0.00320183462463, 0.00249528116547, 0.00091282784706, 0.00156835943926, 0.00257240957581, 0.00262421695516, 0.00112871464808, 0.00124561693519, 0.00132127059624, 0.000660963822156, 0.000847360759508, 0.000784171570558, 0.000844646245241, 0.000561218010262, 0.000542869791389, 0.000527916650753, 0.00024307660351, 0.000276806822512, 0.000295757025015, 0.000441589101683, 0.000821033492684, 0.000271549128229, 4.87198194605e-05]
    },
    "erbbands": {
        "max": [1.3608943224, 12.029425621, 19.9873542786, 38.4904975891, 125.680450439, 116.487129211, 148.561630249, 179.963485718, 134.348907471, 127.830841064, 446.924713135, 662.147888184, 421.163513184, 1294.27355957, 568.029602051, 708.218261719, 698.92388916, 368.319610596, 463.13494873, 402.539306641, 322.91809082, 414.480163574, 354.217559814, 294.182373047, 405.271728516, 223.258026123, 78.0216445923, 77.9980545044, 74.9014511108, 77.9383850098, 91.4053039551, 75.3964767456, 115.379066467, 132.140151978, 69.7179489136, 26.0916576385, 4.89981031418, 0.882228136063, 0.0938263460994, 0.00142229499761],
        "mean": [0.047737300396, 0.417897641659, 0.78328204155, 1.99454331398, 5.18897199631, 5.38278436661, 7.95191764832, 9.41051959991, 8.1342010498, 7.65038871765, 19.7927379608, 33.1402206421, 27.8802165985, 30.9552116394, 22.7552585602, 21.2370681763, 26.7247104645, 18.6976623535, 23.0966110229, 24.0294322968, 25.1147689819, 24.833240509, 21.7955970764, 14.9851036072, 22.0303096771, 16.8621807098, 7.95090436935, 6.93982362747, 6.17205762863, 6.09139299393, 5.3499994278, 3.89276957512, 2.98876428604, 2.47974276543, 1.3052905798, 0.459030151367, 0.150408357382, 0.036538105458, 0.00252554984763, 6.93838010193e-05],
        "min": [5.49359491231e-09, 5.5385584119e-08, 1.68071693452e-07, 1.30523255848e-06, 4.36236132373e-06, 5.11794769409e-06, 3.19831246998e-06, 2.63901274593e-05, 0.000164017590578, 0.000105370330857, 0.000259198452113, 0.000236214575125, 0.000274909252767, 0.000178293237695, 0.000224218791118, 0.000217534266994, 0.000529963814188, 0.000510683341417, 0.000816271698568, 0.000595341261942, 0.000455292261904, 0.000296297861496, 0.000323665473843, 0.000273520534392, 0.000124292928376, 0.000202043898753, 5.67973002035e-05, 5.75077247049e-05, 4.08205487474e-05, 2.58822601609e-05, 1.44032865137e-05, 1.27997755044e-05, 6.04776096225e-06, 2.32962474911e-06, 1.90972900782e-06, 1.00306965578e-06, 3.62724023262e-07, 7.37587413369e-08, 1.0520859739e-08, 1.14332798784e-09],
        "stdev": [0.138279736042, 1.18673121929, 1.9402474165, 3.71902608871, 11.6563034058, 10.0570688248, 16.6564407349, 20.5277462006, 15.6677370071, 14.509557724, 42.7705574036, 68.5912322998, 43.8325500488, 84.8823547363, 50.014251709, 42.9572677612, 64.1348495483, 29.6271362305, 37.696975708, 43.9911804199, 48.0366897583, 46.1478271484, 35.2764816284, 20.2070026398, 36.7358665466, 24.5582714081, 10.8493032455, 9.37250614166, 9.43950271606, 9.46922683716, 8.74463939667, 7.52633619308, 9.42048549652, 10.3745822906, 5.30571699142, 1.77651083469, 0.414869874716, 0.0830199494958, 0.00731505453587, 0.000138759918627]
    },
    "gfcc": {
        "mean": [-27.8399581909, 39.8198165894, -155.902252197, 5.38274621964, -69.7602920532, 11.1574964523, -40.1458206177, 12.7306594849, -27.950881958, 0.332896351814, -22.1202144623, 0.848507642746, -13.3060808182],
        "cov": [[10278.6962891, 501.921478271, 4129.90625, 2212.9831543, 769.808410645, 57.7771606445, -20.8583393097, -239.199401855, -101.890686035, 142.606704712, 128.338150024, 212.495742798, -276.871856689], [501.921478271, 607.796691895, 329.002807617, 284.224578857, 126.25328064, 18.5498638153, 59.0037345886, -52.7350082397, -0.292340576649, 9.89997577667, -9.33332824707, 18.3340778351, -23.4702033997], [4129.90625, 329.002807617, 2544.87719727, 1324.43518066, 542.419799805, 117.841629028, 12.6439228058, -160.190368652, -56.0923118591, 121.00692749, 27.8856124878, 116.243263245, -108.725395203], [2212.9831543, 284.224578857, 1324.43518066, 868.063354492, 342.261077881, 78.8605499268, 2.967056036, -100.48941803, -11.4235067368, 81.2850112915, 20.2684059143, 64.5540924072, -43.6384773254], [769.808410645, 126.25328064, 542.419799805, 342.261077881, 277.637969971, 63.1473197937, 20.5567092896, -21.5881958008, 28.538236618, 32.6509819031, -11.1712322235, 22.816110611, 0.21467487514], [57.7771606445, 18.5498638153, 117.841629028, 78.8605499268, 63.1473197937, 126.795455933, 61.7013702393, 16.8663349152, 1.13847219944, 13.7495298386, -7.63328647614, -16.4322719574, 2.45726037025], [-20.8583393097, 59.0037345886, 12.6439228058, 2.967056036, 20.5567092896, 61.7013702393, 149.844497681, 43.5683670044, 6.24199104309, 0.678218841553, 3.80114245415, -11.9998760223, -7.29056501389], [-239.199401855, -52.7350082397, -160.190368652, -100.48941803, -21.5881958008, 16.8663349152, 43.5683670044, 84.9431533813, 30.5179481506, -3.37000370026, 9.3077287674, -8.68036556244, 15.3988332748], [-101.890686035, -0.292340576649, -56.0923118591, -11.4235067368, 28.538236618, 1.13847219944, 6.24199104309, 30.5179481506, 71.6168823242, 25.3810920715, -3.81043219566, 3.82862329483, 16.3278541565], [142.606704712, 9.89997577667, 121.00692749, 81.2850112915, 32.6509819031, 13.7495298386, 0.678218841553, -3.37000370026, 25.3810920715, 63.4019393921, 13.1110172272, 9.74403381348, 6.48957824707], [128.338150024, -9.33332824707, 27.8856124878, 20.2684059143, -11.1712322235, -7.63328647614, 3.80114245415, 9.3077287674, -3.81043219566, 13.1110172272, 53.7853355408, 20.3833751678, -3.16925048828], [212.495742798, 18.3340778351, 116.243263245, 64.5540924072, 22.816110611, -16.4322719574, -11.9998760223, -8.68036556244, 3.82862329483, 9.74403381348, 20.3833751678, 53.1936035156, 9.10678577423], [-276.871856689, -23.4702033997, -108.725395203, -43.6384773254, 0.21467487514, 2.45726037025, -7.29056501389, 15.3988332748, 16.3278541565, 6.48957824707, -3.16925048828, 9.10678577423, 52.1754570007]],
        "icov": [[0.000338837824529, 5.52800156584e-05, -0.000441626558313, -0.000327024463331, 0.000171442326973, 0.000288324488793, 5.17187836522e-05, -0.000274863967206, -0.000202580631594, 0.000422798184445, -0.000376834737835, -6.71297602821e-05, 0.000702831428498], [5.52800156584e-05, 0.00236891559325, 0.000509994744789, -0.00145921274088, -0.000321177591104, 0.000706160091795, -0.00159272772726, 0.00135262031108, -0.000363046536222, 0.00054430111777, 0.000583373184782, -0.000585913599934, 0.000731170759536], [-0.000441626558313, 0.000509994744789, 0.00312538864091, -0.00289309187792, -0.00127171899658, -0.000146090926137, -0.000357194978278, -0.000396795658162, 0.00253802025691, -0.00196991045959, 0.00209203688428, -0.00234926235862, 0.00204618484713], [-0.000327024463331, -0.00145921274088, -0.00289309187792, 0.00832824036479, -0.00244904123247, -0.00151335028931, 0.000843759917188, 0.00277817831375, -0.000863767694682, -0.00153883593157, -0.00251032388769, 0.000886212976184, -0.00192109495401], [0.000171442326973, -0.000321177591104, -0.00127171899658, -0.00244904123247, 0.00956496875733, -0.00216940743849, -0.000139159266837, 0.000308204995235, -0.00540956994519, 0.00289963302203, 0.00144516141154, 0.000170980871189, -0.002590527758], [0.000288324488793, 0.000706160091795, -0.000146090926137, -0.00151335028931, -0.00216940743849, 0.0132462186739, -0.00457971869037, -0.00224882806651, 0.00312944082543, -0.00238213827834, 0.00125768757425, 0.00440123770386, -0.00168848969042], [5.17187836522e-05, -0.00159272772726, -0.000357194978278, 0.000843759917188, -0.000139159266837, -0.00457971869037, 0.0111366426572, -0.0062305573374, 0.00117214641068, -0.000277284969343, -0.000590509385802, -4.19889911427e-05, 0.00276974984445], [-0.000274863967206, 0.00135262031108, -0.000396795658162, 0.00277817831375, 0.000308204995235, -0.00224882806651, -0.0062305573374, 0.0248302761465, -0.0117357624695, 0.00567292748019, -0.00804915558547, 0.00380115630105, -0.00563301378861], [-0.000202580631594, -0.000363046536222, 0.00253802025691, -0.000863767694682, -0.00540956994519, 0.00312944082543, 0.00117214641068, -0.0117357624695, 0.0278830360621, -0.0139545518905, 0.00788107234985, -0.00458971969783, 0.0011201032903], [0.000422798184445, 0.00054430111777, -0.00196991045959, -0.00153883593157, 0.00289963302203, -0.00238213827834, -0.000277284969343, 0.00567292748019, -0.0139545518905, 0.0272358488292, -0.0092632016167, 0.00355220003985, -0.00471966667101], [-0.000376834737835, 0.000583373184782, 0.00209203688428, -0.00251032388769, 0.00144516141154, 0.00125768757425, -0.000590509385802, -0.00804915558547, 0.00788107234985, -0.0092632016167, 0.0294289346784, -0.0129863489419, 0.00549059640616], [-6.71297602821e-05, -0.000585913599934, -0.00234926235862, 0.000886212976184, 0.000170980871189, 0.00440123770386, -4.19889911427e-05, 0.00380115630105, -0.00458971969783, 0.00355220003985, -0.0129863489419, 0.0318430103362, -0.0114620365202], [0.000702831428498, 0.000731170759536, 0.00204618484713, -0.00192109495401, -0.002590527758, -0.00168848969042, 0.00276974984445, -0.00563301378861, 0.0011201032903, -0.00471966667101, 0.00549059640616, -0.0114620365202, 0.0305920988321]]
    },
    "melbands": {
        "max": [0.0129129979759, 0.0110969115049, 0.00851296447217, 0.00617836415768, 0.00440158136189, 0.00368399219587, 0.00178192975, 0.00186081777792, 0.00434162188321, 0.00370544055477, 0.00254160398617, 0.00565264746547, 0.00163840886671, 0.0024624906946, 0.0011039134115, 0.00130384066142, 0.000778379500844, 0.000690472195856, 0.0010477679316, 0.000443331839051, 0.000467894598842, 0.000341344013577, 0.000710724387318, 0.00023598097323, 0.000289994117338, 0.000205873177038, 0.000277492334135, 0.00020384612435, 4.96950524393e-05, 4.86512071802e-05, 6.50142028462e-05, 6.01615502092e-05, 6.63055325276e-05, 3.8735463022e-05, 5.5773256463e-05, 6.84480619384e-05, 5.6664513977e-05, 6.75744304317e-05, 0.000115457034553, 0.000112811962026],
        "mean": [0.000475176522741, 0.000464601878775, 0.000454281747807, 0.000385690742405, 0.000268587406026, 0.00021132978145, 0.000119052812806, 9.69555912889e-05, 0.000183096344699, 0.00019822458853, 0.000139085226692, 0.000131656386657, 7.735213876e-05, 6.28795969533e-05, 5.80354171689e-05, 4.90445345349e-05, 3.34699252562e-05, 3.69479239453e-05, 3.54063413397e-05, 2.68943113042e-05, 2.93669054372e-05, 2.24349696509e-05, 2.74490957963e-05, 1.64220818988e-05, 1.09408774733e-05, 1.4797716176e-05, 1.56903297466e-05, 1.02765989141e-05, 4.97116980114e-06, 3.86862257074e-06, 4.19954676545e-06, 3.57349495061e-06, 3.3390781482e-06, 3.34124820256e-06, 3.13509531225e-06, 2.71862700174e-06, 2.23220604312e-06, 1.98852808353e-06, 2.19189973905e-06, 2.06678828363e-06],
        "min": [6.14078510264e-11, 9.62887894418e-11, 2.58921800667e-10, 3.67465974316e-10, 1.14170242704e-10, 7.1325118034e-10, 2.30694485737e-09, 1.50566559221e-09, 1.86059267993e-09, 1.53428458827e-09, 1.33309419059e-09, 7.53475171145e-10, 6.13909034719e-10, 6.28158025595e-10, 7.1768635479e-10, 1.58170387898e-09, 7.7921274988e-10, 1.23895527171e-09, 1.31795452329e-09, 3.95022237143e-10, 5.87865145452e-10, 3.56762869247e-10, 2.16573467493e-10, 2.84574391829e-10, 2.30504129672e-10, 8.62530880053e-11, 1.14622852876e-10, 1.26635993358e-10, 2.71735967061e-11, 4.01236162351e-11, 3.02978718503e-11, 2.5262901146e-11, 1.87016686859e-11, 1.30499369991e-11, 8.18453811668e-12, 9.15798600148e-12, 6.52074748364e-12, 5.04998256753e-12, 1.91758371335e-12, 1.97947517752e-12],
        "stdev": [0.00133986712899, 0.00114325492177, 0.000866189249791, 0.000725804129615, 0.000521989772096, 0.000451407860965, 0.000230623438256, 0.000201659786399, 0.000397504045395, 0.000382962811273, 0.000235667379457, 0.000380649609724, 0.000168756960193, 0.000156960377353, 0.000114695299999, 0.000111166678835, 5.59630207135e-05, 6.68658321956e-05, 7.32196131139e-05, 4.37337184849e-05, 6.01366737101e-05, 4.11765613535e-05, 5.53638055862e-05, 2.63593374257e-05, 1.63874647114e-05, 2.31753019762e-05, 2.85618370981e-05, 1.66295030795e-05, 7.34641525924e-06, 5.2776758821e-06, 6.09672815699e-06, 5.84008830629e-06, 5.67917277294e-06, 5.11509279022e-06, 5.27074280399e-06, 4.98058489029e-06, 4.61383433503e-06, 5.76723232371e-06, 8.88102749741e-06, 8.95528228284e-06]
    },
    "melbands128": {
        "max": [0.00147535384167, 0.00998885277659, 0.021199695766, 0.0212000198662, 0.0133932800964, 0.00841408129781, 0.00787709373981, 0.0128012010828, 0.0164394918829, 0.00909405946732, 0.00875022448599, 0.00797912105918, 0.00659366510808, 0.00702000269666, 0.00512467045337, 0.00594275258482, 0.0035231388174, 0.00258420035243, 0.00145480129868, 0.00189214502461, 0.00373955559917, 0.00485995365307, 0.00447486899793, 0.00718551222235, 0.00716654909775, 0.00297110877, 0.0024459164124, 0.00329252425581, 0.00715298904106, 0.0107688074932, 0.00568709801883, 0.00305921956897, 0.00232311966829, 0.00393776083365, 0.00434986781329, 0.00512599851936, 0.00372407631949, 0.000885880435817, 0.00321590923704, 0.00288748368621, 0.00104238372296, 0.00088337669149, 0.00106288457755, 0.00105260568671, 0.00190988881513, 0.00142351770774, 0.00146750349086, 0.00215139403008, 0.0013683703728, 0.00140218273737, 0.000608051894233, 0.000807976000942, 0.000981153803878, 0.000947573164012, 0.000340122292982, 0.000570675241761, 0.00108896789607, 0.00121607654728, 0.000936543452553, 0.000628234527539, 0.000474492524518, 0.000282239139779, 0.000209195917705, 0.000690169574227, 0.000235855623032, 0.000395706389099, 0.00048957427498, 0.000791923026554, 0.000428987463238, 0.000213855688344, 0.00028129722341, 0.000262540736003, 9.83474164968e-05, 0.000103443999251, 5.26954318048e-05, 8.22034926387e-05, 4.8687983508e-05, 3.55497249984e-05, 0.0001266028994, 6.25832617516e-05, 0.000100889454188, 5.39789980394e-05, 4.10141183238e-05, 0.000110456290713, 7.06237988197e-05, 7.50209874241e-05, 6.26516703051e-05, 8.76904305187e-05, 8.36822000565e-05, 7.98118853709e-05, 6.50500878692e-05, 7.74290892878e-05, 5.17875487276e-05, 5.56905433768e-05, 7.968328282e-05, 8.58069543028e-05, 7.46096338844e-05, 0.000119768716104, 0.000116051691293, 0.00015082572645, 0.000144241654198, 0.000111346460471, 8.71255542734e-05, 8.78811333678e-05, 0.000113030182547, 9.4597300631e-05, 7.15783680789e-05, 6.40157813905e-05, 5.77957944188e-05, 3.77407704946e-05, 2.80030453723e-05, 2.70695654763e-05, 1.80400093086e-05, 9.88202373264e-06, 6.87492683937e-06, 7.23302355254e-06, 7.66076391301e-06, 8.90852788871e-06, 7.51562038204e-06, 3.97325084123e-06, 1.35850541483e-06, 6.77085438383e-07, 4.56219112266e-07, 3.37635732706e-08, 1.05174056131e-08, 1.03944994834e-08, 1.02891055676e-08, 1.02249924083e-08],
        "mean": [4.95132699143e-05, 0.000328452850226, 0.000687348481733, 0.000699598458596, 0.000460565119283, 0.0002601633023, 0.000349081761669, 0.000570085481741, 0.000551841570996, 0.000386501778848, 0.000272048055194, 0.000249668664765, 0.000275509170024, 0.000286433409201, 0.000216471016756, 0.00018604734214, 0.00011966049351, 0.000137214083225, 7.11717657396e-05, 6.15331300651e-05, 0.000117849434901, 0.000175279972609, 0.000142514458275, 0.000249649106991, 0.000286259513814, 0.000123960271594, 0.000141394077218, 0.000122630677652, 0.000154941139044, 0.000181803654414, 9.49802415562e-05, 9.0944020485e-05, 8.40230859467e-05, 5.71564341953e-05, 7.66394223319e-05, 6.4071828092e-05, 4.4588905439e-05, 4.42891068815e-05, 8.42471781652e-05, 6.21105791652e-05, 3.84629165637e-05, 3.27459674736e-05, 3.21454172081e-05, 3.14048193104e-05, 4.17846531491e-05, 3.80954879802e-05, 3.28127716784e-05, 3.36359007633e-05, 3.85010716855e-05, 3.39523721777e-05, 1.84713480849e-05, 2.64822720055e-05, 3.96420400648e-05, 2.71478020295e-05, 1.57943159138e-05, 1.59028004418e-05, 3.19785176544e-05, 4.18233212258e-05, 1.82183903235e-05, 1.55325942615e-05, 2.03077797778e-05, 1.36769640449e-05, 1.00187999124e-05, 1.05661711132e-05, 1.16092232929e-05, 1.28348228827e-05, 1.81635623449e-05, 1.99768801394e-05, 1.36264898174e-05, 1.24735579448e-05, 1.19923488455e-05, 8.58639577928e-06, 4.58452996099e-06, 5.12141150466e-06, 4.14833402829e-06, 3.93399386667e-06, 3.87669933843e-06, 3.21163383887e-06, 4.90709135192e-06, 4.404928859e-06, 3.59719410881e-06, 3.4462154872e-06, 2.69881252279e-06, 3.46258184436e-06, 3.74416140403e-06, 3.37242045134e-06, 3.21424681715e-06, 3.20337062476e-06, 3.11015105581e-06, 3.29191288984e-06, 2.65081030193e-06, 2.75328125099e-06, 2.33887658396e-06, 2.48814171755e-06, 1.81661914667e-06, 2.02057663046e-06, 1.9388075998e-06, 2.09471909329e-06, 2.24273912863e-06, 2.20757124225e-06, 2.24398399951e-06, 2.03001263799e-06, 1.89443949239e-06, 1.76922105766e-06, 1.51160645601e-06, 1.28094291085e-06, 1.07547339212e-06, 7.49107243792e-07, 7.22013908216e-07, 7.08910135927e-07, 7.02757347426e-07, 6.46507999136e-07, 4.10031844922e-07, 3.2166821029e-07, 2.82624313286e-07, 3.00167499745e-07, 3.20404353715e-07, 2.86835074803e-07, 1.32930040309e-07, 5.94842752832e-08, 2.36348540739e-08, 8.8541680654e-09, 3.66886476755e-09, 1.27572272191e-10, 1.17499447672e-11, 1.15334278586e-11, 1.1375977417e-11, 1.12973935762e-11],
        "min": [1.93838764484e-11, 3.01586637608e-11, 8.76363703828e-11, 7.53664630704e-11, 7.04566405219e-11, 8.38377006707e-11, 2.30174906912e-10, 2.32023053548e-10, 7.48322237509e-11, 4.38895642052e-10, 2.89235718709e-10, 8.57073717553e-11, 6.10165321047e-11, 1.56151813702e-10, 1.60530172488e-10, 9.30798604859e-10, 2.09101180815e-09, 3.0345028712e-09, 9.82630088409e-10, 3.75202785508e-10, 2.19736984164e-09, 3.55363605209e-09, 1.54581780709e-09, 4.87006102112e-10, 1.75732173258e-09, 1.54418866583e-09, 1.84145587667e-09, 1.2378013059e-09, 1.07261910465e-09, 1.08847619806e-09, 4.08430733678e-10, 5.52864976022e-10, 2.47490555827e-10, 1.17252729748e-09, 8.37588332026e-10, 2.92180668549e-10, 5.77449255079e-10, 6.07771943884e-10, 1.0752253532e-09, 7.71302133273e-10, 2.21823048818e-09, 1.92272642252e-09, 3.10795250646e-10, 5.21623855221e-10, 8.42761083142e-10, 1.79066395045e-09, 9.72502745e-10, 2.03780436969e-09, 8.90847562385e-10, 5.23176835188e-10, 2.98287061717e-10, 3.25315108185e-10, 5.82169812358e-10, 6.96959268076e-10, 6.78073652782e-10, 3.02725872148e-10, 1.22772347844e-10, 9.24228957255e-11, 3.00463959269e-10, 3.60335594696e-10, 3.42773004425e-10, 1.69294592234e-10, 1.776257752e-10, 3.66275315633e-10, 9.81790343468e-11, 6.31096702675e-11, 8.10480363378e-11, 5.69834214537e-11, 5.75141531622e-11, 3.21623394584e-10, 1.30419244848e-10, 4.14827339146e-11, 3.02056921142e-11, 1.97908425759e-11, 3.51755395644e-11, 3.0883632457e-11, 5.49967051067e-11, 3.24566241938e-11, 2.15812177157e-11, 3.3393430382e-11, 3.41427199013e-11, 1.44224172535e-11, 2.0983242921e-11, 2.27031952266e-11, 1.41373683593e-11, 1.11506472458e-11, 1.44202410429e-11, 1.27039680858e-11, 7.24487006845e-12, 6.11455287444e-12, 4.85122489055e-12, 1.21710887896e-11, 1.29480280664e-11, 3.43283192671e-12, 6.03748388089e-12, 4.4766365094e-12, 6.38028475539e-12, 3.01833536463e-12, 1.7072888242e-12, 1.3021013304e-12, 1.44722547748e-12, 2.47074257755e-12, 2.03408752515e-12, 2.09579228971e-12, 3.29135742098e-12, 1.5932491871e-12, 7.64213724854e-13, 2.70523924442e-12, 1.91895978274e-12, 1.10603746214e-12, 1.75711810553e-12, 1.37171491613e-12, 1.02224424672e-12, 8.27059557992e-13, 1.21911996557e-12, 4.95162179488e-13, 2.06296825868e-13, 8.28275097705e-14, 7.43353742818e-14, 8.69621418604e-14, 7.8236862247e-14, 7.05360723714e-14, 8.62469072397e-14, 9.13718699227e-14, 5.87579843721e-14, 2.56187723759e-14, 2.92963433698e-15, 1.41023772703e-16],
        "stdev": [0.000142793389386, 0.000996776390821, 0.0020948452875, 0.00201123370789, 0.00122084748, 0.000656714837532, 0.00069114472717, 0.00118881708477, 0.00146254338324, 0.000783102761488, 0.000617763609625, 0.00054829363944, 0.000691034656484, 0.000696101807989, 0.000513269216754, 0.000579679035582, 0.000273418903816, 0.000314496544888, 0.000158835653565, 0.000146646445501, 0.000347296241671, 0.00047482890659, 0.000394692266127, 0.000669638277031, 0.00074607465649, 0.000242085356149, 0.000254667218542, 0.000258210260654, 0.000452291831607, 0.000716965529136, 0.000319124927046, 0.00024679422495, 0.000216153610381, 0.000225752359256, 0.000279612722807, 0.000209169549635, 0.000139156167279, 8.9662586106e-05, 0.000235829546, 0.000204975687666, 0.000104176811874, 6.95181297488e-05, 6.6247273935e-05, 6.31800139672e-05, 0.000104240469227, 9.25024360185e-05, 7.90747362771e-05, 0.000103581158328, 0.00010276510875, 7.94904117356e-05, 3.7939829781e-05, 6.92428802722e-05, 0.00010511304572, 7.51774932723e-05, 2.95433328574e-05, 3.75033450837e-05, 8.66367190611e-05, 0.000105758219433, 4.77628236695e-05, 3.87139552913e-05, 4.03468984587e-05, 2.49665499723e-05, 1.75909117388e-05, 2.67955783784e-05, 2.05663818633e-05, 2.76951068372e-05, 4.40155126853e-05, 5.62770073884e-05, 3.28408532368e-05, 2.25077128562e-05, 2.30639052461e-05, 2.07486737054e-05, 8.59967622091e-06, 1.05042163341e-05, 6.51302752885e-06, 6.96085817253e-06, 6.10027655057e-06, 4.83076246383e-06, 8.82587119122e-06, 7.00516602592e-06, 7.53352014726e-06, 5.92664082433e-06, 4.71774046673e-06, 7.13979943612e-06, 6.71268526276e-06, 6.39397148916e-06, 5.19336799698e-06, 5.98270298724e-06, 6.21043091087e-06, 6.26660857961e-06, 5.05825528307e-06, 5.54880125492e-06, 4.82736277263e-06, 4.98785493619e-06, 4.86457474835e-06, 5.66734934182e-06, 5.67837787457e-06, 8.13451515569e-06, 8.90554383659e-06, 1.02506437543e-05, 9.98722043732e-06, 9.1466736194e-06, 8.37771040096e-06, 7.37386108085e-06, 6.957001915e-06, 5.43975329492e-06, 4.74958414998e-06, 3.68054725186e-06, 3.05355388264e-06, 2.75101751868e-06, 2.06831623473e-06, 1.81505970431e-06, 1.29696093154e-06, 8.13804092559e-07, 6.49335788694e-07, 6.91938453201e-07, 7.8314849361e-07, 8.24175231173e-07, 5.00888688748e-07, 2.65774730224e-07, 1.0307092424e-07, 4.55361721663e-08, 2.36058959047e-08, 1.37818112478e-09, 3.2315367049e-10, 3.19380438762e-10, 3.16142861889e-10, 3.14172937665e-10]
    },
    "mfcc": {
        "mean": [-660.670959473, 82.3538208008, -35.0332069397, -5.67115783691, -12.645825386, -6.95857191086, -5.65790653229, 3.53426742554, -3.14035582542, 3.49408149719, -4.96077871323, -5.82595491409, -5.3345746994],
        "cov": [[8002.46630859, 129.806747437, 2835.88867188, 1893.7779541, 992.130065918, 617.702880859, 285.931182861, 79.5502471924, -180.672073364, -61.1636390686, 76.3579406738, 207.402618408, 177.083908081], [129.806747437, 403.190490723, 84.7964096069, 142.529418945, 25.1548061371, 72.4226226807, 20.7871513367, 32.988445282, 9.26626396179, -10.6812009811, 2.30612969398, 22.1315021515, -3.87817502022], [2835.88867188, 84.7964096069, 1757.42431641, 1074.33850098, 605.912414551, 448.699279785, 206.724029541, 18.1298828125, -42.373664856, -47.8735427856, 36.016620636, 112.192550659, 90.2693939209], [1893.7779541, 142.529418945, 1074.33850098, 854.304321289, 455.423431396, 325.498352051, 106.914482117, 11.6534862518, -17.8166313171, -19.9038181305, 3.28380846977, 86.570930481, 71.0406112671], [992.130065918, 25.1548061371, 605.912414551, 455.423431396, 397.215057373, 203.652542114, 48.6098594666, -3.57081890106, 19.2055931091, -13.7643537521, 5.40187549591, 38.5234985352, 30.9815158844], [617.702880859, 72.4226226807, 448.699279785, 325.498352051, 203.652542114, 237.590896606, 83.1052017212, 9.76886177063, 30.7747745514, 5.62071657181, 6.24858188629, 41.5049743652, 9.51951026917], [285.931182861, 20.7871513367, 206.724029541, 106.914482117, 48.6098594666, 83.1052017212, 138.58581543, 45.8434410095, 15.1095438004, 21.8626060486, 9.21751499176, 22.6020698547, 6.13000059128], [79.5502471924, 32.988445282, 18.1298828125, 11.6534862518, -3.57081890106, 9.76886177063, 45.8434410095, 77.9175643921, 21.5256557465, 14.6783256531, 6.38367462158, 8.03289222717, 1.07945609093], [-180.672073364, 9.26626396179, -42.373664856, -17.8166313171, 19.2055931091, 30.7747745514, 15.1095438004, 21.5256557465, 93.4392166138, 39.3141860962, 0.562922239304, 4.60980033875, -1.43225121498], [-61.1636390686, -10.6812009811, -47.8735427856, -19.9038181305, -13.7643537521, 5.62071657181, 21.8626060486, 14.6783256531, 39.3141860962, 75.3346786499, 14.6481399536, -0.326410353184, 1.66245341301], [76.3579406738, 2.30612969398, 36.016620636, 3.28380846977, 5.40187549591, 6.24858188629, 9.21751499176, 6.38367462158, 0.562922239304, 14.6481399536, 47.924118042, 13.4501638412, -3.65614581108], [207.402618408, 22.1315021515, 112.192550659, 86.570930481, 38.5234985352, 41.5049743652, 22.6020698547, 8.03289222717, 4.60980033875, -0.326410353184, 13.4501638412, 49.1888275146, 22.2626438141], [177.083908081, -3.87817502022, 90.2693939209, 71.0406112671, 30.9815158844, 9.51951026917, 6.13000059128, 1.07945609093, -1.43225121498, 1.66245341301, -3.65614581108, 22.2626438141, 61.039024353]],
        "icov": [[0.000347927387338, 6.6139480623e-05, -0.000410493579693, -0.0003548519162, -4.54833170807e-05, 0.00031562091317, 0.000160483032232, -0.000429150270065, 0.000544362876099, -0.000332307332428, -6.35293181404e-05, -0.000245981500484, 8.79465878825e-05], [6.6139480623e-05, 0.00324180256575, 0.000780195055995, -0.00196736305952, 0.00116947817151, -0.000921493570786, 0.000186125049368, -0.00133435113821, -0.00043667605496, 0.00137536437251, -0.000943020626437, -2.93065349979e-05, 0.000611527997535], [-0.000410493579693, 0.000780195055995, 0.0040985988453, -0.00342072360218, -0.000263608846581, -0.00135129434057, -0.00263640331104, 0.000963222875725, -0.000275900325505, 0.00290153827518, -0.00315841124393, 0.0019135302864, -0.0012199539924], [-0.0003548519162, -0.00196736305952, -0.00342072360218, 0.00984783470631, -0.00380099145696, -0.00277585349977, 0.00242631998844, -0.00087515154155, 0.00303576677106, -0.00370966852643, 0.00505036953837, -0.00381303881295, -0.00149864563718], [-4.54833170807e-05, 0.00116947817151, -0.000263608846581, -0.00380099145696, 0.00826631113887, -0.00200263713486, 0.00107407208998, 0.000597405713052, -0.00353060686029, 0.00241503329016, -0.00189894554205, 0.0025215826463, -0.000163973963936], [0.00031562091317, -0.000921493570786, -0.00135129434057, -0.00277585349977, -0.00200263713486, 0.014117648825, -0.00420266808942, 0.00289497408085, -0.00424494035542, -0.000374180235667, 0.00120624830015, -0.00397411826998, 0.00487277749926], [0.000160483032232, 0.000186125049368, -0.00263640331104, 0.00242631998844, 0.00107407208998, -0.00420266808942, 0.0143264066428, -0.00748741487041, 0.00229469966143, -0.00479576224461, 0.00256928196177, -0.00301226740703, 0.000862211920321], [-0.000429150270065, -0.00133435113821, 0.000963222875725, -0.00087515154155, 0.000597405713052, 0.00289497408085, -0.00748741487041, 0.0191581305116, -0.00522662280127, 0.0012547041988, -0.00181364652235, 9.78444804787e-05, 0.000111597182695], [0.000544362876099, -0.00043667605496, -0.000275900325505, 0.00303576677106, -0.00353060686029, -0.00424494035542, 0.00229469966143, -0.00522662280127, 0.0195798426867, -0.0100214052945, 0.0042188372463, -0.00368137238547, -8.83849425009e-05], [-0.000332307332428, 0.00137536437251, 0.00290153827518, -0.00370966852643, 0.00241503329016, -0.000374180235667, -0.00479576224461, 0.0012547041988, -0.0100214052945, 0.0229393541813, -0.0099052451551, 0.00647542253137, -0.00344504811801], [-6.35293181404e-05, -0.000943020626437, -0.00315841124393, 0.00505036953837, -0.00189894554205, 0.00120624830015, 0.00256928196177, -0.00181364652235, 0.0042188372463, -0.0099052451551, 0.0299339275807, -0.0129244346172, 0.00634284503758], [-0.000245981500484, -2.93065349979e-05, 0.0019135302864, -0.00381303881295, 0.0025215826463, -0.00397411826998, -0.00301226740703, 9.78444804787e-05, -0.00368137238547, 0.00647542253137, -0.0129244346172, 0.0359040275216, -0.0121716894209], [8.79465878825e-05, 0.000611527997535, -0.0012199539924, -0.00149864563718, -0.000163973963936, 0.00487277749926, 0.000862211920321, 0.000111597182695, -8.83849425009e-05, -0.00344504811801, 0.00634284503758, -0.0121716894209, 0.023860797286]]
    },
    "spectral_contrast_coeffs": {
        "max": [-0.416892051697, -0.563510596752, -0.529119491577, -0.618635416031, -0.623678207397, -0.67071646452],
        "mean": [-0.721834301949, -0.781711935997, -0.783734798431, -0.815632820129, -0.787745654583, -0.778870284557],
        "min": [-0.875467479229, -0.919271349907, -0.937419056892, -0.921013474464, -0.888078927994, -0.898339569569],
        "stdev": [0.0692367777228, 0.0643511936069, 0.0591835640371, 0.0524195283651, 0.0442313663661, 0.0289354454726]
    },
    "spectral_contrast_valleys": {
        "max": [-4.85907840729, -4.7238407135, -5.80123996735, -5.83907413483, -6.0199637413, -7.49959993362],
        "mean": [-8.20237922668, -6.98219680786, -7.0761423111, -7.2240858078, -7.46318483353, -10.0275497437],
        "min": [-13.605723381, -11.7688293457, -12.2584962845, -11.8473892212, -12.5909328461, -14.6071023941],
        "stdev": [1.83355176449, 0.781889140606, 0.521872162819, 0.493518590927, 0.720274567604, 1.0430188179]
    }
},
"rhythm": {
    "beats_count": 58,
    "beats_loudness": {
        "max": 0.0578113161027,
        "mean": 0.017984310165,
        "min": 0.000353058101609,
        "stdev": 0.0180689431727
    },
    "bpm": 129.231536865,
    "bpm_histogram_first_peak_bpm": 129,
    "bpm_histogram_first_peak_weight": 0.399999976158,
    "bpm_histogram_second_peak_bpm": 157,
    "bpm_histogram_second_peak_spread": 0.1875,
    "bpm_histogram_second_peak_weight": 0.228070169687,
    "danceability": 0.882762730122,
    "onset_rate": 1.99551200867,
    "beats_loudness_band_ratio": {
        "max": [0.768185734749, 0.558939218521, 0.612803757191, 0.65345287323, 0.535516142845, 0.312420576811],
        "mean": [0.180022671819, 0.100588157773, 0.239786207676, 0.261426866055, 0.183413594961, 0.0902147293091],
        "min": [0.000214659725316, 0.00323145207949, 0.0277922246605, 0.0113839060068, 0.0252217613161, 0.02267527394],
        "stdev": [0.234776943922, 0.125012353063, 0.155055701733, 0.177795812488, 0.121751591563, 0.0655738711357]
    },
    "beats_position": [0.487619042397, 0.975238084793, 1.43963718414, 1.90403628349, 2.35682535172, 2.80961441994, 3.27401351929, 3.73841261864, 4.19120168686, 4.6439909935, 5.10838985443, 5.5727891922, 6.03718805313, 6.5015873909, 6.96598625183, 7.4303855896, 7.87156438828, 8.33596324921, 8.78875255585, 9.25315189362, 9.72916126251, 10.1935596466, 10.6695690155, 11.1339683533, 11.6099767685, 12.0743761063, 12.5503854752, 13.0263938904, 13.4095239639, 13.7926530838, 14.1757822037, 14.5589113235, 14.9304304123, 15.3135595322, 15.696688652, 16.0798187256, 16.4629478455, 16.8460769653, 17.2292060852, 17.6123352051, 17.995464325, 18.3785934448, 18.7501125336, 19.1216316223, 19.458322525, 19.7950115204, 20.1317005157, 20.4799995422, 20.8282985687, 21.1765975952, 21.5248966217, 21.8731975555, 22.221496582, 22.5697956085, 22.918094635, 23.2663936615, 23.614692688, 23.9629936218],
