{
"metadata": {
    "version": {
        "essentia": "2.1-beta5",
        "essentia_git_sha": "Undefined",
        "extractor": "music 2.0"
    },
    "audio_properties": {
        "analysis": {
            "equal_loudness": 0,
            "length": 48.262676239,
            "sample_rate": 44100,
            "start_time": 191.4949646,
            "downmix": "mix"
        },
        "bit_rate": 192000,
        "length": 239.78086853,
        "lossless": 0,
        "number_channels": 2,
        "replay_gain": -3.09894943237,
        "sample_rate": 48000,
        "codec": "mp3",
        "md5_encoded": "9e7c3b26f84f1c54be7aec12901c2fa7"
    },
    "tags": {
        "file_name": "Ukraine_Sweet People_Alyosha.mp3",
        "encoding": ["Lavf58.29.100"]
    }
},
"lowlevel": {
    "average_loudness": 0.687828481197,
    "barkbands_crest": {
        "max": 24.4409694672,
        "mean": 8.88154602051,
        "min": 2.86451292038,
        "stdev": 4.12262916565
    },
    "barkbands_flatness_db": {
        "max": 0.36365288496,
        "mean": 0.176469534636,
        "min": 0.0640942081809,
        "stdev": 0.0522039607167
    },
    "barkbands_kurtosis": {
        "max": 27.9100837708,
        "mean": 0.428308546543,
        "min": -1.70118165016,
        "stdev": 1.89651846886
    },
    "barkbands_skewness": {
        "max": 5.26065444946,
        "mean": 0.457850694656,
        "min": -1.83280336857,
        "stdev": 0.640706062317
    },
    "barkbands_spread": {
        "max": 73.3782653809,
        "mean": 20.1838550568,
        "min": 2.10960435867,
        "stdev": 12.3567361832
    },
    "dissonance": {
        "max": 0.500000059605,
        "mean": 0.471035897732,
        "min": 0.3490049541,
        "stdev": 0.0264297835529
    },
    "dynamic_complexity": 5.7430357933,
    "erbbands_crest": {
        "max": 30.9463500977,
        "mean": 11.058013916,
        "min": 2.9487092495,
        "stdev": 5.95970821381
    },
    "erbbands_flatness_db": {
        "max": 0.428506344557,
        "mean": 0.2515386343,
        "min": 0.118733890355,
        "stdev": 0.0580752342939
    },
    "erbbands_kurtosis": {
        "max": 17.6392345428,
        "mean": 0.558366894722,
        "min": -1.64562010765,
        "stdev": 1.62906742096
    },
    "erbbands_skewness": {
        "max": 3.5708937645,
        "mean": 0.43267250061,
        "min": -2.51151514053,
        "stdev": 0.701947569847
    },
    "erbbands_spread": {
        "max": 95.4840545654,
        "mean": 22.3589725494,
        "min": 3.55869555473,
        "stdev": 11.7621278763
    },
    "hfc": {
        "max": 90.7049407959,
        "mean": 21.8417472839,
        "min": 1.12402767627e-06,
        "stdev": 18.3799285889
    },
    "loudness_ebu128": {
        "integrated": -20.8703899384,
        "loudness_range": 10.2233219147,
        "momentary": {
            "max": -17.5226287842,
            "mean": -23.605348587,
            "min": -62.2999649048,
            "stdev": 6.76395654678
        },
        "short_term": {
            "max": -17.9822330475,
            "mean": -22.5777893066,
            "min": -41.0447769165,
            "stdev": 4.4417924881
        }
    },
    "melbands_crest": {
        "max": 34.6769866943,
        "mean": 11.23341465,
        "min": 2.69559931755,
        "stdev": 4.91746520996
    },
    "melbands_flatness_db": {
        "max": 0.318836897612,
        "mean": 0.158862069249,
        "min": 0.0189317986369,
        "stdev": 0.048607096076
    },
    "melbands_kurtosis": {
        "max": 134.395599365,
        "mean": 2.45581364632,
        "min": -1.69133496284,
        "stdev": 5.54993534088
    },
    "melbands_skewness": {
        "max": 10.8603553772,
        "mean": 1.0362445116,
        "min": -0.787899136543,
        "stdev": 0.874806523323
    },
    "melbands_spread": {
        "max": 130.866943359,
        "mean": 31.4373512268,
        "min": 2.84211111069,
        "stdev": 18.4501571655
    },
    "pitch_salience": {
        "max": 0.872395575047,
        "mean": 0.598712563515,
        "min": 0.150416970253,
        "stdev": 0.145709335804
    },
    "silence_rate_20dB": {
        "max": 1,
        "mean": 1,
        "min": 1,
        "stdev": 0
    },
    "silence_rate_30dB": {
        "max": 1,
        "mean": 1,
        "min": 1,
        "stdev": 0
    },
    "silence_rate_60dB": {
        "max": 1,
        "mean": 0.247596159577,
        "min": 0,
        "stdev": 0.431614488363
    },
    "spectral_centroid": {
        "max": 3910.72119141,
        "mean": 1909.01025391,
        "min": 729.638977051,
        "stdev": 440.244232178
    },
    "spectral_complexity": {
        "max": 45,
        "mean": 17.0086536407,
        "min": 0,
        "stdev": 9.46133136749
    },
    "spectral_decrease": {
        "max": -1.3282015273e-16,
        "mean": -4.49300552319e-09,
        "min": -2.21174687454e-08,
        "stdev": 4.12440526176e-09
    },
    "spectral_energy": {
        "max": 0.0888861343265,
        "mean": 0.018938774243,
        "min": 6.03246730346e-10,
        "stdev": 0.0171044692397
    },
    "spectral_energyband_high": {
        "max": 0.00356042548083,
        "mean": 0.000542164314538,
        "min": 2.98886158878e-11,
        "stdev": 0.000548423966393
    },
    "spectral_energyband_low": {
        "max": 0.0436518862844,
        "mean": 0.00277304579504,
        "min": 2.11886497931e-12,
        "stdev": 0.00497284438461
    },
    "spectral_energyband_middle_high": {
        "max": 0.068098783493,
        "mean": 0.0101708415896,
        "min": 4.84719875349e-10,
        "stdev": 0.0109586995095
    },
    "spectral_energyband_middle_low": {
        "max": 0.0521662160754,
        "mean": 0.00622655078769,
        "min": 1.09858337705e-10,
        "stdev": 0.00807618908584
    },
    "spectral_entropy": {
        "max": 8.27236270905,
        "mean": 7.52931690216,
        "min": 6.05083751678,
        "stdev": 0.386223375797
    },
    "spectral_flux": {
        "max": 0.217946901917,
        "mean": 0.0581200569868,
        "min": 0.000132450601086,
        "stdev": 0.0393197648227
    },
    "spectral_kurtosis": {
        "max": 19.8726787567,
        "mean": 3.6845934391,
        "min": -0.521801948547,
        "stdev": 2.54548573494
    },
    "spectral_rms": {
        "max": 0.00931225996464,
        "mean": 0.00372887053527,
        "min": 7.67159292536e-07,
        "stdev": 0.00213831127621
    },
    "spectral_rolloff": {
        "max": 9151.61132812,
        "mean": 2183.37792969,
        "min": 64.599609375,
        "stdev": 1033.50732422
    },
    "spectral_skewness": {
        "max": 2.86807703972,
        "mean": 1.1994702816,
        "min": 0.334547013044,
        "stdev": 0.353915661573
    },
    "spectral_spread": {
        "max": 7617132.5,
        "mean": 3105811.25,
        "min": 1939301.5,
        "stdev": 721570.875
    },
    "spectral_strongpeak": {
        "max": 13.6717538834,
        "mean": 2.09580755234,
        "min": 0,
        "stdev": 2.19763636589
    },
    "zerocrossingrate": {
        "max": 0.2451171875,
        "mean": 0.0757979154587,
        "min": 0.03271484375,
        "stdev": 0.0249574072659
    },
    "barkbands": {
        "max": [0.00615778379142, 0.0298976637423, 0.0156919378787, 0.00857126619667, 0.0134546440095, 0.0138997547328, 0.014727958478, 0.0231549050659, 0.0457329973578, 0.0476383753121, 0.054562613368, 0.0364439487457, 0.0185462776572, 0.0140033485368, 0.0111590009183, 0.0170444659889, 0.00593195203692, 0.0197744145989, 0.0132679808885, 0.0060549066402, 0.00139893055893, 0.000983288511634, 0.000587487942539, 0.00150402518921, 0.00129223696422, 1.62377432389e-07, 1.30485332761e-07],
        "mean": [0.00026620196877, 0.00185574777424, 0.00056725484319, 0.000264817412244, 0.000855663791299, 0.000398442527512, 0.000498392386362, 0.000231226062169, 0.00229149847291, 0.00240204529837, 0.0033024023287, 0.000831049866974, 0.000692006316967, 0.00127545441501, 0.000538771273568, 0.000247006537393, 0.000525677518453, 0.000710121181328, 0.000487932324177, 0.000321525207255, 0.000136865099194, 0.000105153747427, 6.06364010309e-05, 6.49101421004e-05, 7.97037591838e-06, 6.81665668356e-10, 7.01584290663e-10],
        "min": [1.59241499517e-14, 4.21065959877e-13, 8.50953042839e-13, 1.94375245066e-12, 4.2629086025e-12, 9.41219216281e-13, 3.02332594723e-12, 9.49731439326e-12, 4.93689533698e-11, 1.05286952767e-10, 7.14913683808e-11, 5.61765738094e-11, 3.06761283042e-11, 3.43421090176e-11, 7.68648894534e-11, 5.52291823386e-11, 2.20879408513e-11, 1.69699046482e-11, 1.40402056301e-11, 2.53275924539e-11, 5.54370438444e-12, 1.64520762465e-12, 2.89213705068e-12, 1.65840648506e-12, 3.13644401249e-12, 5.43910012515e-12, 4.08414621567e-12],
        "stdev": [0.000599900144152, 0.00351817510091, 0.00130909564905, 0.00048538291594, 0.0015060743317, 0.00117019214667, 0.000929782225285, 0.000693743641023, 0.00366839417256, 0.00628964370117, 0.00771339936182, 0.0017565889284, 0.00132578879129, 0.00224828673527, 0.00101002736483, 0.000654790899716, 0.000615210621618, 0.00132704875432, 0.000880883424543, 0.000458569644252, 0.000171627267264, 0.000123070261907, 7.91564016254e-05, 0.000130579792312, 4.82801042381e-05, 3.68794572658e-09, 3.03773606269e-09]
    },
    "erbbands": {
        "max": [1.34955072403, 7.87973070145, 19.030008316, 21.3440876007, 59.8681488037, 53.3307266235, 47.3893013, 146.00692749, 197.202758789, 291.891967773, 313.175109863, 883.160705566, 1583.71435547, 1763.44177246, 2912.30273438, 547.820129395, 513.933349609, 772.813598633, 396.044677734, 742.363647461, 395.552062988, 331.723297119, 895.389953613, 926.993591309, 366.075256348, 205.898788452, 91.412437439, 32.6752204895, 37.4538993835, 23.5785522461, 19.6824474335, 33.4323387146, 33.7643051147, 18.1041984558, 0.414447933435, 0.0183398332447, 0.00178701570258, 0.000284932990326, 7.16060239938e-05, 0.000104891536466],
        "mean": [0.0736018046737, 0.3340061903, 0.690462291241, 0.757701098919, 1.7797139883, 3.2417755127, 2.50334477425, 3.80181097984, 5.87092590332, 8.15703964233, 8.04651451111, 47.9384841919, 100.59992981, 79.4913024902, 115.806747437, 30.4736366272, 27.1541786194, 79.0995101929, 25.2875862122, 26.3114871979, 15.2810316086, 24.159784317, 35.4451446533, 42.2100028992, 17.3927383423, 13.5989713669, 9.1630191803, 3.88667559624, 4.09568166733, 2.42489886284, 1.70942234993, 1.39142346382, 0.978105485439, 0.197148323059, 0.00486306939274, 0.000283064437099, 4.37758208136e-05, 1.10183973447e-05, 1.30535081553e-05, 2.40410863626e-05],
        "min": [8.52977324189e-12, 1.16389738125e-10, 7.81488096457e-10, 4.03849886865e-09, 1.09400657422e-08, 1.41372522577e-08, 1.30313138058e-08, 6.24589091558e-09, 3.39374999214e-08, 6.84378846927e-08, 3.92138446159e-07, 1.00558418126e-06, 3.32363447342e-06, 2.19109438149e-06, 3.10166387862e-06, 2.20657716454e-06, 1.65158610343e-06, 2.06559479921e-06, 2.33356013268e-06, 4.10936218032e-06, 2.88723776976e-06, 9.84031089502e-07, 6.22497566383e-07, 1.37840913794e-06, 7.22696995581e-07, 1.09482971311e-06, 2.45767324714e-07, 2.38367235283e-07, 7.78137518864e-08, 8.39589304746e-08, 7.00242566154e-08, 4.6774793816e-08, 2.75556111262e-08, 3.77616338199e-08, 1.83339494697e-08, 1.281757811e-08, 1.43436738043e-08, 3.58938612166e-09, 6.77929601345e-10, 4.07991314344e-11],
        "stdev": [0.14713974297, 0.702858805656, 1.57664763927, 1.40365064144, 3.35485959053, 6.02681255341, 4.88653421402, 12.0743350983, 11.6631708145, 18.3405513763, 11.9390001297, 62.9881820679, 225.265594482, 191.270019531, 308.04095459, 47.9241828918, 39.6629180908, 133.949462891, 33.2113800049, 53.9814300537, 22.5368671417, 27.2881546021, 52.5075912476, 72.7347564697, 29.637960434, 17.0673103333, 11.2275924683, 4.68448400497, 4.84759187698, 3.00606846809, 2.22557353973, 2.52639889717, 2.35522651672, 0.828578054905, 0.0192786715925, 0.000893322459888, 9.33365517994e-05, 1.66336267284e-05, 1.09540496851e-05, 2.09572845051e-05]
    },
    "gfcc": {
        "mean": [-77.3830337524, 97.1805496216, -208.872299194, 33.3912086487, -78.984085083, 15.6404409409, -21.1203079224, -0.79014056921, -2.80501556396, -25.2387695312, 8.64726924896, -20.4482803345, 5.92586565018],
        "cov": [[12934.3105469, 1937.21008301, 2320.37548828, 2626.90844727, 584.663085938, 662.480285645, 597.995910645, 563.021240234, 251.289352417, -187.478256226, 242.503219604, -91.3880615234, 85.2646026611], [1937.21008301, 980.175048828, 768.696716309, 737.011108398, 361.655700684, 187.063491821, 178.407546997, 35.6887359619, 149.573974609, -89.4080047607, -78.2641143799, 22.5576038361, -11.5368061066], [2320.37548828, 768.696716309, 1431.5982666, 1189.35839844, 300.299468994, 305.419952393, 26.9361476898, 194.41583252, 143.576339722, 5.21303415298, -104.581489563, 79.0976257324, -63.6608581543], [2626.90844727, 737.011108398, 1189.35839844, 1215.49694824, 303.177520752, 261.715393066, 82.0822677612, 174.712966919, 168.89213562, -28.1167583466, -87.5170898438, 61.5991134644, -44.1225128174], [584.663085938, 361.655700684, 300.299468994, 303.177520752, 266.472991943, 125.556938171, 133.055725098, 42.9899291992, 30.4637260437, -42.5104026794, -13.8059597015, 20.7567996979, -12.5379123688], [662.480285645, 187.063491821, 305.419952393, 261.715393066, 125.556938171, 199.02142334, 81.9244689941, 60.9291419983, 39.0275764465, -22.6379566193, -10.9041557312, 20.0611839294, -16.2123222351], [597.995910645, 178.407546997, 26.9361476898, 82.0822677612, 133.055725098, 81.9244689941, 226.699630737, 38.7871360779, 7.80132627487, -37.1347694397, 28.7729568481, -8.60851669312, 2.7338449955], [563.021240234, 35.6887359619, 194.41583252, 174.712966919, 42.9899291992, 60.9291419983, 38.7871360779, 130.059921265, 37.9191398621, 19.9340648651, 8.51297283173, -0.639903783798, 1.14692604542], [251.289352417, 149.573974609, 143.576339722, 168.89213562, 30.4637260437, 39.0275764465, 7.80132627487, 37.9191398621, 133.960021973, 11.4570379257, -58.2533988953, 9.29660415649, -16.4118232727], [-187.478256226, -89.4080047607, 5.21303415298, -28.1167583466, -42.5104026794, -22.6379566193, -37.1347694397, 19.9340648651, 11.4570379257, 87.4010772705, 27.0931072235, -13.1852865219, -7.88005638123], [242.503219604, -78.2641143799, -104.581489563, -87.5170898438, -13.8059597015, -10.9041557312, 28.7729568481, 8.51297283173, -58.2533988953, 27.0931072235, 130.19128418, -1.40002441406, 8.78984832764], [-91.3880615234, 22.5576038361, 79.0976257324, 61.5991134644, 20.7567996979, 20.0611839294, -8.60851669312, -0.639903783798, 9.29660415649, -13.1852865219, -1.40002441406, 66.4105453491, 6.83313894272], [85.2646026611, -11.5368061066, -63.6608581543, -44.1225128174, -12.5379123688, -16.2123222351, 2.7338449955, 1.14692604542, -16.4118232727, -7.88005638123, 8.78984832764, 6.83313894272, 62.966293335]],
        "icov": [[0.00038301985478, -0.000356090662535, -4.28288913099e-05, -0.000836279825307, 0.000984818907455, -0.000229769590078, -0.000341944571119, -0.000486413337057, -0.000254097976722, 0.00126505934168, -0.00163128506392, 0.00153217220213, -0.00089902972104], [-0.000356090662535, 0.00886681489646, -0.00679419562221, 0.00266608013771, -0.00744605669752, 0.00432975543663, -0.00269283959642, 0.0093348948285, -0.0107514802366, 0.00687504513189, -0.00392524665222, 0.00621895352378, -0.00538397673517], [-4.28288913099e-05, -0.00679419562221, 0.0113674653694, -0.00643950840458, 0.00438087852672, -0.00586182018742, 0.00409227609634, -0.00878977868706, 0.0120728742331, -0.00998546741903, 0.00735892727971, -0.00870294775814, 0.00695335725322], [-0.000836279825307, 0.00266608013771, -0.00643950840458, 0.00830227136612, -0.00449123047292, 0.00270432420075, -0.000471433973871, 0.00303111574613, -0.00569701800123, 0.0021984167397, 0.000250965502346, -0.000239387751208, -0.000523523427546], [0.000984818907455, -0.00744605669752, 0.00438087852672, -0.00449123047292, 0.0159161016345, -0.00519788265228, -0.00264081126079, -0.00699065811932, 0.0082862554118, -0.00168730737641, 0.000318527105264, -0.00276432954706, 0.00286121619865], [-0.000229769590078, 0.00432975543663, -0.00586182018742, 0.00270432420075, -0.00519788265228, 0.0122791873291, -0.00339440465905, 0.00323515944183, -0.00674662832171, 0.00562078272924, -0.0028979703784, 0.00235873810016, -0.0016184624983], [-0.000341944571119, -0.00269283959642, 0.00409227609634, -0.000471433973871, -0.00264081126079, -0.00339440465905, 0.0100950775668, -0.00462146569043, 0.00320835318416, -0.00148296135012, 0.00103472196497, -0.00188080256339, 0.0027330883313], [-0.000486413337057, 0.0093348948285, -0.00878977868706, 0.00303111574613, -0.00699065811932, 0.00323515944183, -0.00462146569043, 0.0223175920546, -0.0138506079093, 0.00452855275944, -0.00590714951977, 0.00820516422391, -0.00826774537563], [-0.000254097976722, -0.0107514802366, 0.0120728742331, -0.00569701800123, 0.0082862554118, -0.00674662832171, 0.00320835318416, -0.0138506079093, 0.0287657491863, -0.0171346925199, 0.0159086473286, -0.0143183097243, 0.0113003216684], [0.00126505934168, 0.00687504513189, -0.00998546741903, 0.0021984167397, -0.00168730737641, 0.00562078272924, -0.00148296135012, 0.00452855275944, -0.0171346925199, 0.0310986060649, -0.0178708713502, 0.0169427040964, -0.00783345941454], [-0.00163128506392, -0.00392524665222, 0.00735892727971, 0.000250965502346, 0.000318527105264, -0.0028979703784, 0.00103472196497, -0.00590714951977, 0.0159086473286, -0.0178708713502, 0.0244797896594, -0.0152028687298, 0.00862823799253], [0.00153217220213, 0.00621895352378, -0.00870294775814, -0.000239387751208, -0.00276432954706, 0.00235873810016, -0.00188080256339, 0.00820516422391, -0.0143183097243, 0.0169427040964, -0.0152028687298, 0.0320007018745, -0.012875052169], [-0.00089902972104, -0.00538397673517, 0.00695335725322, -0.000523523427546, 0.00286121619865, -0.0016184624983, 0.0027330883313, -0.00826774537563, 0.0113003216684, -0.00783345941454, 0.00862823799253, -0.012875052169, 0.0251183789223]]
    },
    "melbands": {
        "max": [0.00869446527213, 0.00933997705579, 0.0035419985652, 0.00328928139061, 0.00191128847655, 0.00306159886532, 0.00307016819715, 0.00404311949387, 0.00207509449683, 0.00698538357392, 0.00766266975552, 0.00768102286384, 0.00750949140638, 0.00454656919464, 0.000807545438875, 0.00202790438198, 0.00175478262827, 0.000800512323622, 0.000982604455203, 0.00175019504968, 0.000607843452599, 0.000348398083588, 0.000499172310811, 0.00154158251826, 0.000878977705725, 0.00042281585047, 0.000390449771658, 0.000163276519743, 8.60240033944e-05, 5.42958805454e-05, 2.00452504941e-05, 2.47443767876e-05, 1.76973917405e-05, 1.70640232682e-05, 1.10100554593e-05, 1.24703592519e-05, 2.2739141059e-05, 1.77622514457e-05, 4.9992260756e-05, 3.39519283443e-06],
        "mean": [0.00057986646425, 0.000375150179025, 0.000160005947691, 0.000191517945495, 0.000101738522062, 8.30970311654e-05, 9.49586101342e-05, 8.16670071799e-05, 9.21013852349e-05, 0.000339142454322, 0.000493230530992, 0.000283445842797, 0.000392642919905, 0.000170155326487, 3.00399497064e-05, 9.35632924666e-05, 0.000152941545821, 3.31739429384e-05, 4.82125396957e-05, 2.09991430893e-05, 1.7562899302e-05, 2.1844791263e-05, 3.31336123054e-05, 3.72031499865e-05, 3.49384717993e-05, 1.37069200719e-05, 1.13172291094e-05, 8.62576780492e-06, 6.64612707624e-06, 3.37255073646e-06, 1.80878669198e-06, 2.43186264015e-06, 1.89216586932e-06, 1.16209855605e-06, 1.03970148757e-06, 8.3620022906e-07, 8.47863987019e-07, 6.82442305333e-07, 5.84408610393e-07, 2.75466369715e-08],
        "min": [9.67151163843e-14, 3.50747588525e-13, 9.06393287248e-13, 9.27768062028e-13, 4.96325365789e-13, 1.65241111809e-13, 5.45007344376e-13, 8.24771891408e-13, 3.95750142726e-12, 6.78451739233e-12, 1.72130313475e-11, 9.13039002043e-12, 1.05907435599e-11, 6.53161075573e-12, 4.89279146712e-12, 3.16931030031e-12, 3.73656921376e-12, 2.76333101366e-12, 6.30379992997e-12, 4.57791226802e-12, 3.29837589533e-12, 1.22854992238e-12, 3.63782490459e-13, 8.30953903776e-13, 1.21374915327e-12, 3.17539099398e-13, 1.02929904183e-12, 6.02644290807e-13, 1.45251107149e-13, 1.3630732014e-13, 1.35274631123e-13, 4.40468347288e-14, 2.57190034786e-14, 5.42553910056e-14, 4.02333670394e-14, 3.32691129691e-14, 2.77977764911e-14, 1.79266696702e-14, 2.2483259693e-14, 3.68332751452e-14],
        "stdev": [0.00109598925337, 0.000818377477117, 0.000267933879513, 0.000362694758223, 0.000184692078619, 0.000255548948189, 0.000178958129254, 0.000192779494682, 0.000118167554319, 0.000500929367263, 0.00111630756874, 0.000765832373872, 0.000942479120567, 0.00039915004163, 5.64402507734e-05, 0.000174026674358, 0.000276593200397, 5.16058498761e-05, 0.000102789170342, 6.30543145235e-05, 2.69083357125e-05, 2.62655448751e-05, 4.14950991399e-05, 8.08447948657e-05, 6.49284775136e-05, 2.7074240279e-05, 2.21116079047e-05, 1.17730005513e-05, 9.26059146877e-06, 4.59401007902e-06, 2.41486804953e-06, 3.0274375149e-06, 2.31482295021e-06, 1.58162004027e-06, 1.36941650908e-06, 1.32946286158e-06, 1.61624154771e-06, 1.39147130085e-06, 2.33982041209e-06, 1.62940295922e-07]
    },
    "melbands128": {
        "max": [0.00580582255498, 0.0141885839403, 0.0108768306673, 0.0142775196582, 0.0112883560359, 0.00660188402981, 0.00477914232761, 0.00381223391742, 0.00784160289913, 0.00483562937006, 0.00302579440176, 0.00244214944541, 0.00206514890306, 0.00252342037857, 0.00382871041074, 0.0036155548878, 0.00411909259856, 0.00389453629032, 0.00361089548096, 0.00500981975347, 0.00796918850392, 0.0042481306009, 0.0012348605087, 0.00233276397921, 0.00312044890597, 0.0157995875925, 0.0144331753254, 0.0144706591964, 0.00740079022944, 0.0170595645905, 0.00935905985534, 0.0139810368419, 0.0103193633258, 0.0226477701217, 0.0109631204978, 0.00150648655836, 0.00175297993701, 0.00170734920539, 0.000968955748249, 0.00253450009041, 0.00395242776722, 0.0046676597558, 0.00273079122417, 0.00236364104785, 0.00140386482235, 0.00146950501949, 0.00113390060142, 0.00170137919486, 0.00263738329522, 0.00253078551032, 0.00344924046658, 0.0010286468314, 0.000799133093096, 0.000875339377671, 0.00111211580224, 0.000688226544298, 0.000867453229148, 0.00104826048482, 0.000376836746, 0.000879329629242, 0.0030735549517, 0.00233032577671, 0.00199354905635, 0.00194334564731, 0.000923027982935, 0.001020255615, 0.000468860351248, 0.000911863928195, 0.000322484003846, 0.000143387864227, 0.000316942110658, 0.000204388779821, 0.000237372078118, 0.000172607949935, 9.80094773695e-05, 0.000120548182167, 4.35168403783e-05, 4.24568279414e-05, 3.42174716934e-05, 2.87485581794e-05, 3.04150307784e-05, 4.59546718048e-05, 2.40908339038e-05, 2.49143395195e-05, 1.37607321449e-05, 1.61773441505e-05, 3.20650069625e-05, 1.62578671734e-05, 1.45268113556e-05, 1.58464299602e-05, 1.08128797365e-05, 1.65635701705e-05, 3.7715984945e-05, 3.77502801712e-05, 1.70435941982e-05, 2.87973562081e-05, 2.35590196098e-05, 4.28916646342e-05, 7.50650797272e-05, 5.01597132825e-05, 2.81758076426e-07, 5.97432370242e-09, 1.88145032887e-09, 1.56646295935e-09, 1.53035562001e-09, 1.45874112789e-09, 1.39758349338e-09, 1.3099802354e-09, 1.21563203948e-09, 1.12037179534e-09, 1.0664127359e-09, 9.96338456183e-10, 9.00015229011e-10, 8.54447790299e-10, 8.04741218108e-10, 7.36865291007e-10, 6.9304745276e-10, 6.57471577181e-10, 6.20984208499e-10, 5.91724336196e-10, 5.6348076205e-10, 5.42624001287e-10, 5.17952236656e-10, 5.02526964485e-10, 4.85815165874e-10, 4.73798222878e-10, 4.68391658792e-10, 4.62021920722e-10],
        "mean": [0.000230552002904, 0.000670570356306, 0.000671415124089, 0.000517055916134, 0.000398778851377, 0.000247922900598, 0.000139879397466, 0.000139874246088, 0.000168959202711, 0.000229019613471, 0.000186071163625, 0.000124095458887, 7.02409379301e-05, 8.14185841591e-05, 8.84907349246e-05, 8.43840534799e-05, 7.71663544583e-05, 0.000101607634861, 0.000107338928501, 0.000104271464807, 6.12558797002e-05, 3.60511003237e-05, 3.00066403724e-05, 0.000210647340282, 0.000320940365782, 0.000298715982353, 0.000650415429845, 0.000685386883561, 0.000158694921993, 0.000182377145393, 0.000365300656995, 0.000445249665063, 0.000266807852313, 0.000588408438489, 0.000184951597475, 7.76828092057e-05, 4.33153072663e-05, 1.85968656297e-05, 3.05272515106e-05, 3.85018829547e-05, 9.17441866477e-05, 0.000209226753213, 0.000179546361323, 0.000125258680782, 2.86662088911e-05, 2.36145660892e-05, 2.51206984103e-05, 6.51879236102e-05, 4.65962075396e-05, 2.95962381642e-05, 1.67686575878e-05, 1.54007229867e-05, 1.43428342199e-05, 2.09514255403e-05, 2.11810984183e-05, 1.49969919221e-05, 2.06689965125e-05, 5.77697210247e-05, 1.96686632989e-05, 2.61164714175e-05, 3.64477637049e-05, 4.71208404633e-05, 4.53010216006e-05, 2.89518411591e-05, 2.52897043538e-05, 1.01469922811e-05, 8.79065737536e-06, 1.29129966808e-05, 1.23906429508e-05, 7.24429901311e-06, 8.82922904566e-06, 9.13790245249e-06, 9.34918625717e-06, 5.11787402502e-06, 5.30558327227e-06, 3.928100341e-06, 2.24361406254e-06, 2.03353374673e-06, 1.65914855188e-06, 1.76418154751e-06, 2.22903099711e-06, 3.0655255614e-06, 1.93252230929e-06, 2.2184469799e-06, 1.32487059545e-06, 1.03798220152e-06, 1.12232510219e-06, 1.36816538543e-06, 1.0009576954e-06, 8.66678362854e-07, 8.2081697883e-07, 7.827093782e-07, 9.40385859849e-07, 9.08348738449e-07, 7.51765412588e-07, 6.9783266099e-07, 6.66580092457e-07, 6.37275491044e-07, 8.96661845218e-07, 3.67510182286e-07, 2.85848877901e-09, 1.53938528591e-11, 7.60484297063e-12, 6.10537792198e-12, 5.77799353502e-12, 5.9879202291e-12, 5.76973148078e-12, 5.03736592369e-12, 4.76580580555e-12, 4.52465755835e-12, 4.33770293989e-12, 4.15433833167e-12, 3.94063037409e-12, 3.78475072463e-12, 3.6551412938e-12, 3.53477381913e-12, 3.42766505283e-12, 3.3287031985e-12, 3.24982792413e-12, 3.15564848558e-12, 3.06217616368e-12, 3.00350044315e-12, 2.95666355982e-12, 2.88892390912e-12, 2.73286341473e-12, 2.4990185702e-12, 2.36900993614e-12, 2.33890511125e-12],
        "min": [1.380799314e-14, 5.31947871711e-14, 1.20439370825e-13, 1.99695376337e-13, 2.95880236544e-13, 4.66024137682e-13, 7.51645978531e-13, 1.05213613429e-12, 1.15213101646e-12, 9.73342717189e-13, 7.59945600372e-13, 6.54132889348e-13, 5.04815265111e-13, 2.03447867819e-13, 3.21913956808e-14, 1.70235462012e-13, 4.50289870495e-13, 6.28568486323e-13, 6.56123376117e-13, 6.12135288205e-13, 7.94720842953e-13, 1.72808458081e-12, 4.28208466949e-12, 6.40960721998e-12, 5.48890100038e-12, 5.56766004828e-12, 1.2816557711e-11, 2.07604974878e-11, 2.02981641911e-11, 9.68921470834e-12, 3.8651538567e-12, 9.5905488412e-12, 1.27702171754e-11, 1.05758492241e-11, 6.75595603766e-12, 5.07736040711e-12, 6.31964662892e-12, 5.35111538413e-12, 3.51688404961e-12, 3.87584278908e-12, 1.60940575103e-12, 4.62273405319e-12, 5.5829043645e-12, 2.17912385185e-12, 9.64895481223e-13, 3.01218923936e-12, 4.62574119633e-12, 6.20862822959e-12, 8.43805147283e-12, 3.77400714846e-12, 4.86346683412e-12, 4.60549610601e-12, 1.57565800685e-12, 4.86199622229e-12, 2.2663054159e-12, 6.21557330344e-13, 3.36791955002e-13, 4.76968616513e-13, 1.9842532836e-13, 5.21115431622e-13, 4.10187427644e-13, 1.37382423146e-12, 2.17312539491e-12, 7.66052152268e-13, 3.89708583329e-13, 4.3875170966e-13, 1.11373136733e-13, 4.01854195536e-13, 1.60663442186e-12, 1.4843053002e-12, 2.96966905277e-13, 4.63091316596e-13, 2.04091463781e-13, 4.98301656285e-14, 1.05768414589e-13, 1.56467314149e-13, 1.07395551328e-13, 1.75459188736e-13, 1.87837836648e-13, 4.13993722658e-14, 4.93420408698e-14, 4.7882687805e-14, 1.09836939145e-14, 2.28244598108e-14, 2.76472570423e-14, 7.61122799986e-14, 4.6420271869e-14, 5.33097159895e-14, 3.07901897338e-14, 4.0352669936e-14, 4.79091355617e-14, 2.1486761006e-14, 2.48375809937e-14, 3.49740073328e-14, 2.8692797243e-14, 1.06522075706e-14, 2.61636906937e-14, 9.47239994233e-15, 1.24807119934e-14, 4.54029277011e-14, 1.57978200698e-14, 4.49705682035e-14, 4.98389578305e-14, 1.66675535e-14, 1.558315651e-14, 1.18888968494e-14, 2.27538884137e-14, 3.37412592983e-14, 1.31225613736e-14, 1.82357333579e-14, 2.37174815649e-14, 3.72596207089e-14, 7.41715648861e-14, 5.12578159442e-14, 3.04093942139e-14, 1.74740694733e-14, 3.75052399348e-14, 2.40165502638e-14, 9.27677005987e-15, 1.87682036796e-14, 1.89580559503e-14, 3.43735490646e-14, 2.36033726743e-14, 4.4748661665e-15, 2.81153592127e-15, 3.00762701318e-15, 9.66383701171e-16, 2.22940236388e-16],
        "stdev": [0.000528153905179, 0.00142705545295, 0.00133660435677, 0.00117631163448, 0.000939685269259, 0.000569009687752, 0.000287072936771, 0.000254273443716, 0.000364883977454, 0.000553994846996, 0.00036280034692, 0.000260625820374, 0.000159184914082, 0.000234580118558, 0.000328370661009, 0.000289696006803, 0.000209297868423, 0.00021214527078, 0.000236539024627, 0.000284479436232, 0.000225290044909, 0.000135679132654, 7.01141689206e-05, 0.000287888775347, 0.000421546545113, 0.000839938758872, 0.00137865368742, 0.00206935987808, 0.00051444908604, 0.00111430149991, 0.00111702783033, 0.00144792895298, 0.000897462770808, 0.0021298173815, 0.000503721355926, 0.000161555726663, 0.000130552740302, 7.19794115867e-05, 5.94913108216e-05, 0.000118460353406, 0.000222251139348, 0.000567254493944, 0.000402888545068, 0.000320746825309, 5.28815362486e-05, 7.32522021281e-05, 6.88594882376e-05, 0.000174341184902, 0.000122464174638, 0.000120057236927, 9.4263079518e-05, 4.96854372614e-05, 3.57404132956e-05, 3.52508650394e-05, 4.20141077484e-05, 2.90682419291e-05, 3.57684293704e-05, 9.01251187315e-05, 2.68180319836e-05, 6.74568218528e-05, 0.000133552908665, 0.000147043640027, 0.000120562515804, 7.7751763456e-05, 5.4924388678e-05, 4.3321539124e-05, 2.77563030977e-05, 3.87800864701e-05, 3.26116423821e-05, 1.25379419842e-05, 1.86354645848e-05, 1.87090590771e-05, 1.88326266652e-05, 1.13665118988e-05, 8.29129294289e-06, 6.90880960974e-06, 3.72721615349e-06, 3.24469192492e-06, 2.73334694612e-06, 2.77980529972e-06, 3.04974037135e-06, 4.25850976171e-06, 2.61818081526e-06, 2.99277098748e-06, 1.84944781267e-06, 1.59469334449e-06, 1.82567191587e-06, 2.01888747142e-06, 1.47543460116e-06, 1.32000752728e-06, 1.32257446239e-06, 1.34200172397e-06, 2.38269444708e-06, 1.9133810838e-06, 1.46986974414e-06, 1.41925534081e-06, 1.46066679463e-06, 2.05992546398e-06, 3.65497248822e-06, 2.12218560591e-06, 1.50052130721e-08, 1.38050570975e-10, 5.39083049034e-11, 3.54356925747e-11, 3.45492245923e-11, 3.35685715336e-11, 3.27017996016e-11, 2.960567555e-11, 2.75099439756e-11, 2.53900980102e-11, 2.41691441166e-11, 2.2612385922e-11, 2.05207274784e-11, 1.95009633441e-11, 1.8403346555e-11, 1.69319194082e-11, 1.59700794256e-11, 1.51834933515e-11, 1.43824153975e-11, 1.37376872031e-11, 1.31197153835e-11, 1.26558910921e-11, 1.21193038244e-11, 1.1778103666e-11, 1.14160998363e-11, 1.11568211267e-11, 1.10357920718e-11, 1.08984288608e-11]
    },
    "mfcc": {
        "mean": [-680.059570312, 97.7741699219, -55.0631370544, 4.5183262825, -21.1725215912, -1.34800410271, -5.19180297852, 13.9010972977, -7.22888660431, 11.5300140381, -6.16987609863, 3.1263821125, -14.0328807831],
        "cov": [[11607.8251953, 806.840820312, 2009.70410156, 2189.92993164, 710.24206543, 595.755615234, 399.213012695, 840.145812988, 314.992828369, 358.216583252, 350.50302124, 201.280853271, -147.076400757], [806.840820312, 535.129821777, 185.095199585, 297.354919434, 143.74609375, 186.581863403, 36.1817512512, 147.645492554, 88.1919631958, 28.442987442, 53.1199989319, -35.0756988525, -18.8556251526], [2009.70410156, 185.095199585, 1277.66589355, 868.019042969, 516.120910645, 311.977783203, 8.72673225403, 249.159927368, 215.077529907, 17.0199737549, 197.410064697, 48.315120697, 61.0893707275], [2189.92993164, 297.354919434, 868.019042969, 903.245361328, 400.243041992, 293.744171143, 54.3745498657, 276.691192627, 178.758575439, 61.5476074219, 137.209136963, 27.0513706207, 41.9671630859], [710.24206543, 143.74609375, 516.120910645, 400.243041992, 329.286560059, 163.109664917, 21.9685497284, 131.794586182, 111.181053162, -3.56152367592, 78.8103866577, 7.95203828812, 45.6680717468], [595.755615234, 186.581863403, 311.977783203, 293.744171143, 163.109664917, 251.020401001, 4.34901571274, 167.088607788, 95.3960647583, 4.19714307785, 61.6954040527, -4.05466270447, 29.7415466309], [399.213012695, 36.1817512512, 8.72673225403, 54.3745498657, 21.9685497284, 4.34901571274, 238.324005127, 37.7120857239, -46.7644805908, 54.3525657654, -2.82951688766, 11.8246164322, -19.2207889557], [840.145812988, 147.645492554, 249.159927368, 276.691192627, 131.794586182, 167.088607788, 37.7120857239, 226.768661499, 106.383613586, 21.9718475342, 49.038105011, 11.0247220993, 28.3105392456], [314.992828369, 88.1919631958, 215.077529907, 178.758575439, 111.181053162, 95.3960647583, -46.7644805908, 106.383613586, 177.032318115, 9.89034461975, 57.587978363, -11.8742742538, 20.597442627], [358.216583252, 28.442987442, 17.0199737549, 61.5476074219, -3.56152367592, 4.19714307785, 54.3525657654, 21.9718475342, 9.89034461975, 109.232772827, 26.9367198944, 12.2555246353, -24.8278198242], [350.50302124, 53.1199989319, 197.410064697, 137.209136963, 78.8103866577, 61.6954040527, -2.82951688766, 49.038105011, 57.587978363, 26.9367198944, 122.741744995, 19.4416694641, 3.97889661789], [201.280853271, -35.0756988525, 48.315120697, 27.0513706207, 7.95203828812, -4.05466270447, 11.8246164322, 11.0247220993, -11.8742742538, 12.2555246353, 19.4416694641, 81.7790145874, 12.4196033478], [-147.076400757, -18.8556251526, 61.0893707275, 41.9671630859, 45.6680717468, 29.7415466309, -19.2207889557, 28.3105392456, 20.597442627, -24.8278198242, 3.97889661789, 12.4196033478, 103.547958374]],
        "icov": [[0.000228513119509, -8.70725925779e-05, -0.000163252625498, -0.000489275087602, 0.000341017381288, 0.000308737857267, -7.7856646385e-05, -0.000543882837519, 0.000185268305358, -0.000161696458235, 1.67865036929e-05, -0.0002971526701, 0.000457873538835], [-8.70725925779e-05, 0.00318008544855, 0.00112274952698, -0.000839457090478, -0.000987543608062, -0.00179981603287, -0.000124653088278, 1.51125814227e-05, -0.000256310857367, 0.000123879639432, -0.000586402020417, 0.00114344269969, 0.00102454586886], [-0.000163252625498, 0.00112274952698, 0.00401314301416, -0.00212241429836, -0.00319740944542, -0.00109080318362, 0.000228874268942, 0.00125584285706, -0.000648880959488, 0.0010604406707, -0.00184200902004, -0.000609352486208, 0.000414966139942], [-0.000489275087602, -0.000839457090478, -0.00212241429836, 0.00597093068063, -0.00183776288759, -0.00082043959992, 0.000273328681942, -0.000869172683451, 6.93590845913e-05, -0.00173242355231, 0.000734341563657, 0.000617964600679, -0.00121262134053], [0.000341017381288, -0.000987543608062, -0.00319740944542, -0.00183776288759, 0.0109443264082, -0.000354143441655, -0.00165686744731, -2.87243947241e-05, -0.00142935640179, 0.00163416599389, 0.000111757952254, 0.000134380461532, -0.001433327212], [0.000308737857267, -0.00179981603287, -0.00109080318362, -0.00082043959992, -0.000354143441655, 0.0112151866779, 0.000837037689053, -0.0063327299431, 0.00114652514458, 0.00047945373808, -0.00110081594903, 0.00110833859071, -0.000295223784633], [-7.7856646385e-05, -0.000124653088278, 0.000228874268942, 0.000273328681942, -0.00165686744731, 0.000837037689053, 0.00607947818935, -0.00225770287216, 0.00320593453944, -0.00285593559965, 0.000350885180524, 0.000276447215583, 0.000487853074446], [-0.000543882837519, 1.51125814227e-05, 0.00125584285706, -0.000869172683451, -2.87243947241e-05, -0.0063327299431, -0.00225770287216, 0.0137348473072, -0.00527995685115, 0.000656902266201, 0.000829391297884, -0.00168551830575, -0.00212299334817], [0.000185268305358, -0.000256310857367, -0.000648880959488, 6.93590845913e-05, -0.00142935640179, 0.00114652514458, 0.00320593453944, -0.00527995685115, 0.0115325897932, -0.00189385318663, -0.002358578844, 0.00276957964525, -7.8750825196e-05], [-0.000161696458235, 0.000123879639432, 0.0010604406707, -0.00173242355231, 0.00163416599389, 0.00047945373808, -0.00285593559965, 0.000656902266201, -0.00189385318663, 0.0133005278185, -0.00286929565482, -0.00132356968243, 0.00213605677709], [1.67865036929e-05, -0.000586402020417, -0.00184200902004, 0.000734341563657, 0.000111757952254, -0.00110081594903, 0.000350885180524, 0.000829391297884, -0.002358578844, -0.00286929565482, 0.0128025636077, -0.00269593996927, 0.000424012221629], [-0.0002971526701, 0.00114344269969, -0.000609352486208, 0.000617964600679, 0.000134380461532, 0.00110833859071, 0.000276447215583, -0.00168551830575, 0.00276957964525, -0.00132356968243, -0.00269593996927, 0.0154694188386, -0.00259036500938], [0.000457873538835, 0.00102454586886, 0.000414966139942, -0.00121262134053, -0.001433327212, -0.000295223784633, 0.000487853074446, -0.00212299334817, -7.8750825196e-05, 0.00213605677709, 0.000424012221629, -0.00259036500938, 0.0129510881379]]
    },
    "spectral_contrast_coeffs": {
        "max": [-0.480810403824, -0.573370218277, -0.424201160669, -0.557675540447, -0.626699209213, -0.602190434933],
        "mean": [-0.759585440159, -0.771034777164, -0.705164015293, -0.777879178524, -0.767009437084, -0.710684239864],
        "min": [-0.964428246021, -0.942026495934, -0.956051707268, -0.940814197063, -0.916697502136, -0.892840743065],
        "stdev": [0.0611330643296, 0.0684388875961, 0.120551727712, 0.0746906921268, 0.0534646101296, 0.0339174754918]
    },
    "spectral_contrast_valleys": {
        "max": [-5.35754728317, -4.81157302856, -5.57217121124, -6.35749340057, -6.1645655632, -9.04452323914],
        "mean": [-8.31559848785, -7.25800466537, -7.48002624512, -7.57668685913, -7.60378885269, -11.2402172089],
        "min": [-15.2063598633, -15.2203092575, -13.9553537369, -14.457985878, -15.1489934921, -17.8364982605],
        "stdev": [1.94562041759, 0.979491114616, 0.745924055576, 0.741740703583, 0.940120875835, 1.08768939972]
    }
},
"rhythm": {
    "beats_count": 92,
    "beats_loudness": {
        "max": 0.0719870179892,
        "mean": 0.0202329456806,
        "min": 4.31985699834e-06,
        "stdev": 0.0168515518308
    },
    "bpm": 119.747367859,
    "bpm_histogram_first_peak_bpm": 120,
    "bpm_histogram_first_peak_weight": 0.433333337307,
    "bpm_histogram_second_peak_bpm": 115,
    "bpm_histogram_second_peak_spread": 0.25,
    "bpm_histogram_second_peak_weight": 0.131868138909,
    "danceability": 0.864849090576,
    "onset_rate": 1.78148674965,
    "beats_loudness_band_ratio": {
        "max": [0.590292811394, 0.312371820211, 0.753436684608, 0.834201395512, 0.570127010345, 0.691204547882],
        "mean": [0.128772959113, 0.0637452155352, 0.240177586675, 0.340076774359, 0.171968430281, 0.0857637897134],
        "min": [9.46458021645e-06, 0.000453800661489, 0.00938877370209, 0.0330763161182, 0.0354071520269, 0.00993524491787],
        "stdev": [0.151693165302, 0.0698902606964, 0.159680455923, 0.201551109552, 0.1141525805, 0.0956543162465]
    },
