{
"metadata": {
    "version": {
        "essentia": "2.1-beta5",
        "essentia_git_sha": "Undefined",
        "extractor": "music 2.0"
    },
    "audio_properties": {
        "analysis": {
            "equal_loudness": 0,
            "length": 48.7502937317,
            "sample_rate": 44100,
            "start_time": 77.7520217896,
            "downmix": "mix"
        },
        "bit_rate": 192000,
        "length": 241.661682129,
        "lossless": 0,
        "number_channels": 2,
        "replay_gain": -0.678424835205,
        "sample_rate": 48000,
        "codec": "mp3",
        "md5_encoded": "d9904f7493feed866c2475237ecd8b85"
    },
    "tags": {
        "file_name": "Belgium_Me And My Guitar_Tom Dice.mp3",
        "encoding": ["Lavf58.29.100"]
    }
},
"lowlevel": {
    "average_loudness": 0.495412886143,
    "barkbands_crest": {
        "max": 24.4563770294,
        "mean": 11.7706813812,
        "min": 3.56379342079,
        "stdev": 4.19976711273
    },
    "barkbands_flatness_db": {
        "max": 0.363172829151,
        "mean": 0.213554918766,
        "min": 0.109236821532,
        "stdev": 0.0437929667532
    },
    "barkbands_kurtosis": {
        "max": 94.4592285156,
        "mean": 7.22604799271,
        "min": -1.93769216537,
        "stdev": 9.62913513184
    },
    "barkbands_skewness": {
        "max": 8.71469211578,
        "mean": 1.9754165411,
        "min": -2.07862567902,
        "stdev": 1.26076316833
    },
    "barkbands_spread": {
        "max": 85.0242996216,
        "mean": 12.9665822983,
        "min": 0.976783812046,
        "stdev": 12.2570476532
    },
    "dissonance": {
        "max": 0.499960482121,
        "mean": 0.442378044128,
        "min": 0.275439858437,
        "stdev": 0.035474345088
    },
    "dynamic_complexity": 4.55584144592,
    "erbbands_crest": {
        "max": 29.9945888519,
        "mean": 10.2093296051,
        "min": 2.63048219681,
        "stdev": 4.47849607468
    },
    "erbbands_flatness_db": {
        "max": 0.342148989439,
        "mean": 0.229833498597,
        "min": 0.106410160661,
        "stdev": 0.0403603613377
    },
    "erbbands_kurtosis": {
        "max": 29.3253898621,
        "mean": 0.957717895508,
        "min": -1.78642308712,
        "stdev": 2.25344085693
    },
    "erbbands_skewness": {
        "max": 4.35288047791,
        "mean": 0.72649037838,
        "min": -2.994338274,
        "stdev": 0.792062938213
    },
    "erbbands_spread": {
        "max": 126.236442566,
        "mean": 31.2218952179,
        "min": 4.5882730484,
        "stdev": 16.6857719421
    },
    "hfc": {
        "max": 103.143684387,
        "mean": 11.2680015564,
        "min": 0.0624585710466,
        "stdev": 15.1738615036
    },
    "loudness_ebu128": {
        "integrated": -25.3848114014,
        "loudness_range": 6.91110801697,
        "momentary": {
            "max": -18.7624206543,
            "mean": -26.9824066162,
            "min": -42.2950515747,
            "stdev": 3.86043953896
        },
        "short_term": {
            "max": -21.2164173126,
            "mean": -26.1588420868,
            "min": -32.9664382935,
            "stdev": 2.29161024094
        }
    },
    "melbands_crest": {
        "max": 30.1653995514,
        "mean": 14.7965297699,
        "min": 4.7293047905,
        "stdev": 4.87916135788
    },
    "melbands_flatness_db": {
        "max": 0.459025859833,
        "mean": 0.239906847477,
        "min": 0.0585724376142,
        "stdev": 0.0656090676785
    },
    "melbands_kurtosis": {
        "max": 165.482589722,
        "mean": 14.2168397903,
        "min": -1.82801353931,
        "stdev": 16.5608234406
    },
    "melbands_skewness": {
        "max": 10.2901058197,
        "mean": 2.64119505882,
        "min": -0.197878673673,
        "stdev": 1.48581588268
    },
    "melbands_spread": {
        "max": 192.373580933,
        "mean": 16.5800552368,
        "min": 1.21356785297,
        "stdev": 21.4432811737
    },
    "pitch_salience": {
        "max": 0.859980463982,
        "mean": 0.563528954983,
        "min": 0.181585758924,
        "stdev": 0.108496263623
    },
    "silence_rate_20dB": {
        "max": 1,
        "mean": 1,
        "min": 1,
        "stdev": 0
    },
    "silence_rate_30dB": {
        "max": 1,
        "mean": 1,
        "min": 1,
        "stdev": 0
    },
    "silence_rate_60dB": {
        "max": 1,
        "mean": 0.185625895858,
        "min": 0,
        "stdev": 0.388802409172
    },
    "spectral_centroid": {
        "max": 4325.18701172,
        "mean": 885.132995605,
        "min": 225.098632812,
        "stdev": 586.142883301
    },
    "spectral_complexity": {
        "max": 27,
        "mean": 10.4935741425,
        "min": 1,
        "stdev": 4.62126111984
    },
    "spectral_decrease": {
        "max": -5.58778683046e-11,
        "mean": -3.56469498364e-09,
        "min": -2.95198248068e-08,
        "stdev": 3.93308630109e-09
    },
    "spectral_energy": {
        "max": 0.11410164088,
        "mean": 0.0144760273397,
        "min": 0.000216560452827,
        "stdev": 0.0160014051944
    },
    "spectral_energyband_high": {
        "max": 0.013237029314,
        "mean": 0.000280264066532,
        "min": 1.33540126512e-07,
        "stdev": 0.000923646730371
    },
    "spectral_energyband_low": {
        "max": 0.0374861396849,
        "mean": 0.00143546634354,
        "min": 1.93971118279e-06,
        "stdev": 0.00281012570485
    },
    "spectral_energyband_middle_high": {
        "max": 0.0407107360661,
        "mean": 0.00333740841597,
        "min": 9.58552482189e-06,
        "stdev": 0.00577802909538
    },
    "spectral_energyband_middle_low": {
        "max": 0.107097931206,
        "mean": 0.0102659938857,
        "min": 0.000110861037683,
        "stdev": 0.0118931466714
    },
    "spectral_entropy": {
        "max": 8.43399238586,
        "mean": 7.0224366188,
        "min": 5.66370105743,
        "stdev": 0.468338787556
    },
    "spectral_flux": {
        "max": 0.280451089144,
        "mean": 0.0458647608757,
        "min": 0.00170361041091,
        "stdev": 0.03429672122
    },
    "spectral_kurtosis": {
        "max": 42.2921485901,
        "mean": 6.37445449829,
        "min": -1.17498111725,
        "stdev": 5.61756372452
    },
    "spectral_rms": {
        "max": 0.010550766252,
        "mean": 0.00330332061276,
        "min": 0.000459650385892,
        "stdev": 0.00179193692748
    },
    "spectral_rolloff": {
        "max": 8871.6796875,
        "mean": 1175.15075684,
        "min": 172.265625,
        "stdev": 1442.97387695
    },
    "spectral_skewness": {
        "max": 4.6686501503,
        "mean": 1.78464365005,
        "min": -0.190885365009,
        "stdev": 0.704624295235
    },
    "spectral_spread": {
        "max": 23883974,
        "mean": 3425163.75,
        "min": 1288758.5,
        "stdev": 1179728.25
    },
    "spectral_strongpeak": {
        "max": 8.30782604218,
        "mean": 1.0582023859,
        "min": 0.0161452908069,
        "stdev": 1.37227869034
    },
    "zerocrossingrate": {
        "max": 0.26953125,
        "mean": 0.0450866483152,
        "min": 0.0048828125,
        "stdev": 0.0376467071474
    },
    "barkbands": {
        "max": [0.000585150090046, 0.00685840472579, 0.0146255549043, 0.0803522244096, 0.0270498748869, 0.0303863957524, 0.0446815378964, 0.0487753301859, 0.0542890317738, 0.0259599480778, 0.0234910883009, 0.0198965761811, 0.0265294760466, 0.0118290185928, 0.0077177323401, 0.00752386450768, 0.00651302654296, 0.00305732525885, 0.00259218900464, 0.00314110075124, 0.00329983560368, 0.002695530653, 0.00472676055506, 0.00606310833246, 0.000730887288228, 5.142069881e-07, 5.41498195616e-07],
        "mean": [7.82923962106e-06, 0.000139615047374, 0.000489224446937, 0.0017011903692, 0.00231271493249, 0.0010051492136, 0.00127089396119, 0.00120022776537, 0.00267934193835, 0.000594331824686, 0.000353428797098, 0.000314951961627, 0.00105072883889, 0.000301144318655, 0.000155982954311, 0.000140184580232, 0.000208576821024, 0.000116759729281, 9.34501222218e-05, 8.03037692094e-05, 4.72602041555e-05, 5.80601954425e-05, 7.52396808821e-05, 7.3827795859e-05, 5.61204933547e-06, 1.19089349493e-09, 1.26474131168e-09],
        "min": [1.43344991432e-09, 5.92850746273e-08, 1.10871830827e-07, 3.30762986778e-07, 1.26395916595e-05, 8.36647086544e-06, 1.89530987882e-06, 1.15532131417e-07, 3.41999111697e-07, 1.10117059648e-06, 1.409536452e-07, 1.2719112874e-07, 1.57536874212e-07, 1.32966533783e-07, 3.26285942265e-07, 2.00450813281e-07, 3.80708904402e-08, 9.54628376348e-08, 5.15432745374e-08, 4.5778506319e-08, 3.34191376794e-08, 2.11538591088e-08, 1.78754611113e-08, 6.61086607678e-09, 2.83341572427e-10, 9.09014391537e-11, 1.26069044093e-10],
        "stdev": [4.10713873862e-05, 0.000393702328438, 0.00106807344127, 0.00468883384019, 0.00248821591958, 0.0015654762974, 0.0030111479573, 0.0035650501959, 0.00824078638107, 0.00158373767044, 0.00138376699761, 0.000943061779253, 0.00319030927494, 0.000858004728798, 0.000501996546518, 0.000433820940088, 0.000606887217145, 0.000308122165734, 0.000222403017688, 0.000236401567236, 0.000156814407092, 0.000186434321222, 0.000280910608126, 0.000318087666528, 3.11080148094e-05, 1.6869021735e-08, 1.77932832912e-08]
    },
    "erbbands": {
        "max": [0.276696264744, 1.22740185261, 13.7041568756, 135.243881226, 207.256591797, 99.9970169067, 101.963264465, 295.189727783, 838.732055664, 731.677978516, 1441.90942383, 1645.83557129, 821.904724121, 1033.51940918, 865.080688477, 1022.60388184, 1390.67285156, 604.546691895, 608.48638916, 577.361755371, 219.579925537, 336.753936768, 184.106719971, 72.0867233276, 190.127838135, 141.946502686, 148.953582764, 116.455116272, 90.1742935181, 123.437194824, 140.151977539, 135.225891113, 79.5960998535, 17.0400619507, 0.419403463602, 0.0224058944732, 0.00269223330542, 0.000523334776517, 0.000151539919898, 0.000127242659801],
        "mean": [0.00296420138329, 0.0415502227843, 0.455892860889, 3.37750720978, 6.24604129791, 8.90269851685, 8.57516670227, 7.70929050446, 16.0815258026, 18.5457286835, 35.4604454041, 69.7164154053, 23.5362548828, 18.5367851257, 15.6941375732, 15.9926433563, 48.8460083008, 20.1694755554, 11.9067277908, 8.82431316376, 6.88220071793, 10.1313362122, 8.36106300354, 3.58573126793, 6.1150560379, 4.12124347687, 1.79949676991, 1.90541899204, 1.8469555378, 2.38653683662, 2.09578132629, 1.72905981541, 1.06107950211, 0.155792087317, 0.00399010954425, 0.00024907613988, 3.85613384424e-05, 8.8575634436e-06, 9.50445155468e-06, 1.76102003024e-05],
        "min": [5.95690062255e-06, 4.28012826887e-05, 0.00037060023169, 0.00529825594276, 0.0409899242222, 0.0546954348683, 0.0493311472237, 0.144616439939, 0.0529799312353, 0.0186717044562, 0.0082333618775, 0.013719689101, 0.0207693353295, 0.066577911377, 0.031439434737, 0.00732280453667, 0.0076029128395, 0.00948484707624, 0.0148451291025, 0.0109579013661, 0.0102535160258, 0.00297488784418, 0.00423386925831, 0.00558968400583, 0.00380790885538, 0.00427697040141, 0.001729464042, 0.00101632205769, 0.000753110216465, 0.000610530783888, 0.000448609527666, 0.000207320626942, 7.99359550001e-05, 1.28854153445e-05, 2.13485213862e-06, 9.32003047183e-07, 4.55112598274e-07, 1.56872189905e-07, 1.52515639229e-07, 2.42511532633e-07],
        "stdev": [0.0154416002333, 0.0903797224164, 0.92745834589, 8.20880889893, 12.1625928879, 9.53741359711, 10.8770942688, 13.7369012833, 44.5351295471, 37.0198783875, 96.4268493652, 226.719177246, 65.5930099487, 49.6808891296, 49.3958053589, 43.5037689209, 154.280212402, 53.8815498352, 37.7161483765, 29.7080917358, 17.9619255066, 27.0978927612, 20.7645664215, 7.40534305573, 15.2844734192, 11.6238203049, 5.83621454239, 6.68600130081, 6.30284929276, 7.69185352325, 7.96829080582, 7.779545784, 4.36384773254, 0.748699784279, 0.018598344177, 0.00104503403418, 0.000134451067424, 2.87690636469e-05, 1.17786921692e-05, 1.91732324311e-05]
    },
    "gfcc": {
        "mean": [-99.3434906006, 145.141616821, -156.528427124, 34.519443512, -85.3962631226, 0.993033707142, -41.6748085022, -23.3268470764, -10.866440773, -33.6838912964, 3.70981860161, -26.8871059418, -0.429722994566],
        "cov": [[5045.23144531, -1458.51293945, -868.27746582, -31.2651596069, -689.570556641, 366.385192871, -151.294158936, 451.26159668, 101.487930298, -48.3861846924, 53.2923164368, -218.370361328, -229.608551025], [-1458.51293945, 1228.77832031, 182.23197937, -183.936981201, 543.812683105, -205.023529053, 264.777923584, -187.072540283, -21.2841529846, -48.6093482971, 31.9977149963, -31.7488212585, 11.3343667984], [-868.27746582, 182.23197937, 591.131408691, 273.119720459, 140.230865479, 32.979675293, -8.54033279419, -89.8710632324, -42.9340400696, 14.1552066803, -67.6765365601, 45.5617218018, 46.5328598022], [-31.2651596069, -183.936981201, 273.119720459, 546.192077637, 34.3795089722, 43.1969490051, -7.49275875092, -24.7488517761, 20.9744224548, -7.62814664841, -74.2647018433, 47.9446372986, 29.8301029205], [-689.570556641, 543.812683105, 140.230865479, 34.3795089722, 395.366088867, -54.3495292664, 120.673088074, -87.7580337524, -30.0528850555, -35.2108306885, -23.2108917236, -10.9659976959, 9.87651157379], [366.385192871, -205.023529053, 32.979675293, 43.1969490051, -54.3495292664, 210.192611694, -16.6522045135, 27.0168514252, -24.5393066406, 21.3368167877, -7.43825864792, -20.4115943909, -6.53993034363], [-151.294158936, 264.777923584, -8.54033279419, -7.49275875092, 120.673088074, -16.6522045135, 237.47479248, -37.9422950745, -28.8232135773, 10.1398105621, 39.9296188354, -18.4019165039, -34.4190864563], [451.26159668, -187.072540283, -89.8710632324, -24.7488517761, -87.7580337524, 27.0168514252, -37.9422950745, 168.229232788, 52.2844276428, -1.0833761692, 12.5234069824, -18.5179405212, -11.0053958893], [101.487930298, -21.2841529846, -42.9340400696, 20.9744224548, -30.0528850555, -24.5393066406, -28.8232135773, 52.2844276428, 117.729934692, 2.99087023735, -6.25039768219, 23.7280273438, -1.11997199059], [-48.3861846924, -48.6093482971, 14.1552066803, -7.62814664841, -35.2108306885, 21.3368167877, 10.1398105621, -1.0833761692, 2.99087023735, 82.3195953369, 30.0724201202, 1.94162929058, 11.2957801819], [53.2923164368, 31.9977149963, -67.6765365601, -74.2647018433, -23.2108917236, -7.43825864792, 39.9296188354, 12.5234069824, -6.25039768219, 30.0724201202, 96.0355606079, 13.511431694, -15.3875637054], [-218.370361328, -31.7488212585, 45.5617218018, 47.9446372986, -10.9659976959, -20.4115943909, -18.4019165039, -18.5179405212, 23.7280273438, 1.94162929058, 13.511431694, 95.9990768433, 35.4423713684], [-229.608551025, 11.3343667984, 46.5328598022, 29.8301029205, 9.87651157379, -6.53993034363, -34.4190864563, -11.0053958893, -1.11997199059, 11.2957801819, -15.3875637054, 35.4423713684, 80.0743179321]],
        "icov": [[0.000644381274469, 0.000599910388701, 0.000539442233276, -0.000211243968806, 6.51379887131e-05, -0.000585490779486, -0.00018649167032, -0.000305368797854, -0.000559589127079, 0.0010071399156, -0.000720242445823, 0.00134987710044, 0.000464252807433], [0.000599910388701, 0.00837390124798, -0.00297060818411, 0.00368012278341, -0.0068660187535, 0.00289331562817, -0.00457097729668, 0.00506553892046, -0.00754282716662, 0.00651727477089, -0.00713931769133, 0.00836707651615, -0.0053954035975], [0.000539442233276, -0.00297060818411, 0.00493427272886, -0.00301381736062, 0.00204136036336, -0.00227782595903, 0.00236726668663, -0.00231539970264, 0.00401324639097, -0.00332455825992, 0.00379529758357, -0.0035103962291, 0.00329233473167], [-0.000211243968806, 0.00368012278341, -0.00301381736062, 0.00475008366629, -0.00318610761315, 0.00139531621244, -0.00272940564901, 0.00261508510448, -0.00399700319394, 0.00261770677753, -0.00125190534163, 0.00191434717271, -0.00296472432092], [6.51379887131e-05, -0.0068660187535, 0.00204136036336, -0.00318610761315, 0.0103484485298, -0.00249972660094, 0.00165641598869, -0.00337469880469, 0.00533458543941, -0.00242565805092, 0.00556908221915, -0.00449244957417, 0.00340233393945], [-0.000585490779486, 0.00289331562817, -0.00227782595903, 0.00139531621244, -0.00249972660094, 0.00781837198883, -0.00157473993022, 0.00127266149502, -0.000591733900364, -0.000255910563283, -0.00132584152743, 0.00246421038173, -0.00215727090836], [-0.00018649167032, -0.00457097729668, 0.00236726668663, -0.00272940564901, 0.00165641598869, -0.00157473993022, 0.00897124409676, -0.00237134890631, 0.00510303024203, -0.00488399062306, 0.00140328111593, -0.00407532369718, 0.00578454928473], [-0.000305368797854, 0.00506553892046, -0.00231539970264, 0.00261508510448, -0.00337469880469, 0.00127266149502, -0.00237134890631, 0.0129722096026, -0.00924026407301, 0.00561176380143, -0.00694618979469, 0.00796585064381, -0.00571905821562], [-0.000559589127079, -0.00754282716662, 0.00401324639097, -0.00399700319394, 0.00533458543941, -0.000591733900364, 0.00510303024203, -0.00924026407301, 0.0199209153652, -0.00949195865542, 0.0103527810425, -0.0132538191974, 0.00831056199968], [0.0010071399156, 0.00651727477089, -0.00332455825992, 0.00261770677753, -0.00242565805092, -0.000255910563283, -0.00488399062306, 0.00561176380143, -0.00949195865542, 0.0233650133014, -0.0134386168793, 0.0117436992005, -0.00933676213026], [-0.000720242445823, -0.00713931769133, 0.00379529758357, -0.00125190534163, 0.00556908221915, -0.00132584152743, 0.00140328111593, -0.00694618979469, 0.0103527810425, -0.0134386168793, 0.0250444915146, -0.0152757316828, 0.00967402104288], [0.00134987710044, 0.00836707651615, -0.0035103962291, 0.00191434717271, -0.00449244957417, 0.00246421038173, -0.00407532369718, 0.00796585064381, -0.0132538191974, 0.0117436992005, -0.0152757316828, 0.0276897475123, -0.0129218641669], [0.000464252807433, -0.0053954035975, 0.00329233473167, -0.00296472432092, 0.00340233393945, -0.00215727090836, 0.00578454928473, -0.00571905821562, 0.00831056199968, -0.00933676213026, 0.00967402104288, -0.0129218641669, 0.0238909032196]]
    },
    "melbands": {
        "max": [0.00214524730109, 0.00500645954162, 0.0265087541193, 0.00772762158886, 0.00300099398009, 0.00831095781177, 0.0109466109425, 0.00681949406862, 0.0125979334116, 0.00999364536256, 0.0042360140942, 0.00448419852182, 0.00380751583725, 0.00179350096732, 0.00240103690885, 0.0031009579543, 0.000993072288111, 0.00131108833011, 0.00051913241623, 0.000624543637969, 0.00034826589399, 0.000286260561552, 0.000425483827712, 0.000224357194384, 3.93261652789e-05, 7.62441413826e-05, 0.000169886116055, 0.000110571309051, 8.1977705122e-05, 0.000117269177281, 6.45565523882e-05, 6.1244747485e-05, 5.93740223849e-05, 7.63003190514e-05, 7.45398647268e-05, 9.901944577e-05, 8.72979871929e-05, 5.94380908296e-05, 4.8029494792e-05, 2.75352340395e-06],
        "mean": [3.07789850922e-05, 0.000203600866371, 0.000667261367198, 0.000558456638828, 0.000317010650178, 0.000179265596671, 0.000247117859544, 0.000205450181966, 0.000340638449416, 0.000400607736083, 0.000106657891592, 7.73843567003e-05, 5.70356241951e-05, 3.29553113261e-05, 8.66433620104e-05, 8.86308043846e-05, 3.14199423883e-05, 2.03947001864e-05, 1.01576370071e-05, 1.16092996905e-05, 7.64825290389e-06, 9.57310567173e-06, 1.145814349e-05, 6.13927704762e-06, 2.25108806262e-06, 3.54927897206e-06, 4.89094509248e-06, 2.12612826545e-06, 1.07491246126e-06, 1.07060463961e-06, 1.06621848772e-06, 9.72694806478e-07, 1.25977067e-06, 1.32970160394e-06, 1.17728359328e-06, 1.19463379633e-06, 1.01610032743e-06, 8.28344241199e-07, 4.62929534706e-07, 1.8196587348e-08],
        "min": [2.12277946332e-08, 1.65057173263e-07, 9.56561166277e-07, 2.69620090876e-06, 1.63533729847e-06, 1.3546715536e-06, 5.58246483706e-07, 1.12865343738e-07, 3.30786669167e-08, 4.53270168066e-08, 8.43904643943e-08, 2.07546833053e-07, 5.0579426869e-08, 1.66558642434e-08, 1.62685314109e-08, 1.40138025628e-08, 1.53469681408e-08, 1.83043287194e-08, 2.04888515043e-08, 1.09197806353e-08, 6.55691545504e-09, 2.748514083e-09, 2.53245291404e-09, 4.98044583352e-09, 4.19277634833e-09, 2.2094448493e-09, 3.70348596235e-09, 1.46342371554e-09, 1.16512799408e-09, 6.32494057129e-10, 3.44734546465e-10, 3.47094047948e-10, 2.92120022616e-10, 2.18020060339e-10, 2.49959219989e-10, 9.20222995027e-11, 1.05026105868e-10, 5.33519756152e-11, 2.61401750939e-11, 1.45735257629e-12],
        "stdev": [0.000113481946755, 0.000381000863854, 0.00157584785484, 0.000668185064569, 0.000345460575772, 0.000333620002493, 0.00064922159072, 0.000408586434787, 0.000885830901098, 0.00127823418006, 0.000337533769198, 0.000215262858546, 0.000209425779758, 0.000102265737951, 0.000270473072305, 0.000265783222858, 9.02965693967e-05, 7.33193955966e-05, 3.16096411552e-05, 4.03521517001e-05, 2.30666155403e-05, 2.60700871877e-05, 3.31309711328e-05, 1.88962640095e-05, 4.57243186247e-06, 7.93517756392e-06, 1.37718798214e-05, 6.81514029566e-06, 3.42782050211e-06, 4.44728948423e-06, 3.85871544495e-06, 3.68069618162e-06, 3.84117993235e-06, 4.63541982754e-06, 4.33939158029e-06, 5.54505641048e-06, 4.64797085442e-06, 3.32299669026e-06, 2.23301162805e-06, 1.04773953069e-07]
    },
    "melbands128": {
        "max": [0.000531039724592, 0.00243802531622, 0.00276223756373, 0.00194118788932, 0.00617754645646, 0.00723297055811, 0.0254092030227, 0.0441637709737, 0.0227745231241, 0.0131209045649, 0.00681100226939, 0.00641404092312, 0.00473521463573, 0.00522619253024, 0.00659239850938, 0.0154148265719, 0.0258135665208, 0.0123973796144, 0.00606365734711, 0.0143982581794, 0.0075258212164, 0.014782407321, 0.0253245942295, 0.0111846271902, 0.0208857133985, 0.0104636354372, 0.0137287098914, 0.00662420317531, 0.00592862116173, 0.00778959272429, 0.00801046565175, 0.00644047558308, 0.00793817639351, 0.00183076527901, 0.00193976506125, 0.00302400812507, 0.00607951637357, 0.00293440907262, 0.00729557219893, 0.0049855792895, 0.00495370011777, 0.0044970610179, 0.00179455359466, 0.00115546176676, 0.00332505698316, 0.0019611294847, 0.00205901847221, 0.000472449697554, 0.00142087088898, 0.00207913923077, 0.000984390033409, 0.000603296502959, 0.000425116304541, 0.000862454937305, 0.000695631373674, 0.000354078656528, 0.000912857241929, 0.00125563237816, 0.000410241191275, 0.000314962730044, 0.000462168827653, 0.00026838624035, 3.59765035682e-05, 9.96888775262e-05, 0.000102963880636, 8.1489844888e-05, 0.000129276319058, 0.000513842736837, 0.000284857611405, 0.000259806576651, 0.000181408773642, 0.000118685653433, 0.000120550110296, 6.05252207606e-05, 0.000109651824459, 0.000140493633808, 0.000121748416859, 7.21339965821e-05, 0.000105178092781, 0.000102748090285, 7.27118385839e-05, 8.38448031573e-05, 4.91917635372e-05, 7.21580145182e-05, 6.89880616846e-05, 0.00010432786803, 0.000130456741317, 9.34273557505e-05, 0.000100952318462, 0.000102652214991, 0.00012376839004, 0.000168709273566, 9.91301203612e-05, 9.29320594878e-05, 0.000117602336104, 9.51720649027e-05, 4.15640679421e-05, 5.03675437358e-05, 7.7839140431e-05, 3.51223716279e-05, 2.74580003179e-07, 5.04617814201e-09, 4.74383288207e-09, 4.47367476397e-09, 4.31998659067e-09, 4.08562472742e-09, 3.88895360359e-09, 3.71015906886e-09, 3.5434082335e-09, 3.40002315191e-09, 3.26404059336e-09, 3.12609516051e-09, 3.00450153645e-09, 2.90726709373e-09, 2.80213274806e-09, 2.69959787857e-09, 2.61669974577e-09, 2.53373988457e-09, 2.46653009128e-09, 2.39592790052e-09, 2.34417640854e-09, 2.29351315717e-09, 2.23623231044e-09, 2.19954077174e-09, 2.17221796106e-09, 2.14377005037e-09, 2.12542894396e-09, 2.11226813818e-09],
        "mean": [6.6035272539e-06, 2.21238460654e-05, 2.83454392047e-05, 6.99419542798e-05, 0.000152117965627, 0.000270927383099, 0.000670592417009, 0.000879830738995, 0.000533653190359, 0.000629594607744, 0.000511091086082, 0.000310532312142, 0.000283284083707, 0.000298452127026, 0.000178551505087, 9.03381951503e-05, 0.000196997076273, 0.000342571438523, 0.000206925018574, 0.000213360312046, 0.000162707641721, 0.000286402617348, 0.000262880465016, 0.000471771199955, 0.000718945928384, 0.00019058601174, 0.000182736897841, 5.8304209233e-05, 9.26421780605e-05, 0.000113028196211, 4.91557111673e-05, 4.95225140185e-05, 8.90525479917e-05, 2.44004368142e-05, 4.56074012618e-05, 2.93304110528e-05, 2.45613937295e-05, 4.98818408232e-05, 0.000177669586265, 0.00012150665134, 5.0468261179e-05, 6.9387977419e-05, 2.65276758e-05, 1.27711009554e-05, 3.02457538055e-05, 1.90960145119e-05, 1.67166836036e-05, 5.63319144931e-06, 8.19757860882e-06, 1.74350861926e-05, 1.26861395984e-05, 5.30334409632e-06, 6.46058424536e-06, 9.58925011219e-06, 8.78858372744e-06, 6.84510678184e-06, 1.03866077552e-05, 2.12329287024e-05, 6.72814621794e-06, 3.97628673454e-06, 9.78978368948e-06, 4.23645178671e-06, 1.11519238999e-06, 2.26073711929e-06, 3.06506422021e-06, 1.88091610198e-06, 4.64453887616e-06, 7.44053068047e-06, 3.42905445905e-06, 4.47291449746e-06, 2.2948431706e-06, 8.96565268249e-07, 9.11447386898e-07, 1.32145635234e-06, 8.88298586688e-07, 9.64522655522e-07, 1.17339379813e-06, 1.33833248128e-06, 9.40317761433e-07, 9.65615186033e-07, 1.00215117982e-06, 9.42286135341e-07, 9.5496807262e-07, 1.35221819164e-06, 1.46365994169e-06, 1.3564180108e-06, 1.35976517868e-06, 1.11933172775e-06, 1.16450303267e-06, 1.18271236715e-06, 1.26509462461e-06, 1.21107268569e-06, 1.07042114905e-06, 9.82901838142e-07, 1.01686146081e-06, 9.52155403411e-07, 7.92941875716e-07, 6.30012209513e-07, 6.63349339902e-07, 2.52839839732e-07, 1.79279369128e-09, 1.77818350322e-11, 1.14095980927e-11, 1.04759048658e-11, 9.90385464611e-12, 9.49570543723e-12, 9.03668806451e-12, 8.52056706441e-12, 8.14747141281e-12, 7.8166266862e-12, 7.57518006655e-12, 7.27128903963e-12, 6.98306776986e-12, 6.74087782121e-12, 6.51788735831e-12, 6.33176887657e-12, 6.13608599695e-12, 5.94966437228e-12, 5.82609394756e-12, 5.67509754468e-12, 5.51613355687e-12, 5.43006134848e-12, 5.34479448547e-12, 5.21872605894e-12, 4.96147394002e-12, 4.56188038733e-12, 4.33565553251e-12, 4.28435282043e-12],
        "min": [1.14544887464e-10, 3.67618735453e-09, 1.06384883125e-08, 1.17679910261e-08, 1.63546260978e-08, 4.56302515772e-08, 3.26562371811e-07, 1.18805104421e-07, 9.0554254939e-07, 9.75495026978e-07, 2.91083921411e-07, 9.90514692489e-08, 2.52594304584e-07, 6.13663360127e-07, 1.15727402772e-06, 1.49651455672e-07, 5.94123719111e-08, 7.6652888481e-08, 1.43227211424e-07, 3.33345724357e-08, 1.43717979739e-08, 1.00717176821e-08, 1.02576542815e-08, 1.09844666696e-08, 2.58744776716e-08, 3.06012459816e-09, 7.89577025984e-09, 1.99717065108e-09, 5.18859621934e-08, 1.56716538413e-07, 9.34831803079e-08, 2.49345610825e-08, 2.89909038997e-08, 6.24331830679e-09, 5.93112581271e-09, 9.86742598741e-09, 5.11364506295e-09, 5.43001821285e-09, 1.27146009277e-08, 1.10353486349e-08, 6.45198605653e-09, 9.54395584785e-09, 1.55438062421e-08, 7.80619835439e-09, 9.62173807295e-09, 1.56459485368e-08, 8.17455880764e-09, 4.93100538179e-09, 5.12541697972e-09, 4.87092854939e-09, 4.51580017824e-09, 6.17132922542e-09, 5.88142690106e-09, 1.81594528303e-09, 2.3721811182e-09, 2.05672212594e-09, 9.57997903228e-10, 1.69720415499e-09, 1.58516189064e-09, 7.35284444442e-10, 2.41177122717e-09, 2.61551713621e-09, 1.42555411919e-09, 9.45510114647e-10, 1.43772249661e-09, 2.04568917361e-09, 2.35229768997e-09, 1.54897106253e-09, 1.18587029085e-09, 6.9993844054e-10, 8.32249547056e-10, 4.32791191773e-10, 9.89988757638e-10, 7.49603212835e-10, 3.59616253442e-10, 2.71862143908e-10, 5.0038773125e-10, 3.74035802331e-10, 3.00232283479e-10, 2.92464497065e-10, 2.53838894348e-10, 2.3892438028e-10, 2.3244906e-10, 1.58480589763e-10, 1.81018713907e-10, 6.7501837453e-11, 2.06290526328e-10, 1.32605856851e-10, 1.44618844677e-10, 1.83231999018e-10, 6.51003140284e-11, 6.49792580854e-11, 4.89337424747e-11, 5.0665013851e-11, 5.52914693197e-11, 4.78922665414e-11, 3.86375306749e-11, 3.19873780241e-11, 2.57372352597e-11, 5.43156882318e-12, 7.33330822282e-13, 4.09257941121e-13, 3.32437229871e-13, 3.57460887062e-13, 3.27617598848e-13, 3.25337196419e-13, 3.54973347808e-13, 3.46178950306e-13, 2.90019500386e-13, 3.96893699546e-13, 3.46907208905e-13, 3.47084232015e-13, 3.44974699848e-13, 3.76267620577e-13, 3.33936871211e-13, 3.52180524327e-13, 3.02994527255e-13, 3.34358896906e-13, 3.70102250713e-13, 4.00372226692e-13, 3.45054524233e-13, 3.98591966724e-13, 3.78510482506e-13, 3.10993391412e-13, 2.88448274597e-13, 1.0015334509e-13, 1.38737847301e-14, 2.91981600751e-16],
        "stdev": [3.92640577047e-05, 0.000148980965605, 0.000126151891891, 0.000161997304531, 0.000384888815461, 0.000589896750171, 0.00163109437563, 0.00256726285443, 0.00119812507182, 0.000882011372596, 0.000621492625214, 0.000463239615783, 0.00050210749032, 0.000462061841972, 0.000329746835632, 0.000461321091279, 0.000898762664292, 0.000987905892543, 0.000527658849023, 0.000619229744188, 0.000497445696965, 0.00101823871955, 0.00119009788614, 0.00169907161035, 0.00276383664459, 0.000841359840706, 0.000924195628613, 0.000260284956312, 0.00034628144931, 0.000368045235518, 0.00023843983945, 0.000220430330955, 0.00039984768955, 0.000103577120171, 0.000160775933182, 0.00014107899915, 0.000173144828295, 0.000211078047869, 0.000731687468942, 0.000459600443719, 0.000290972500807, 0.000318747246638, 9.63363636401e-05, 6.22572406428e-05, 0.000159598785103, 8.64407629706e-05, 8.47055271151e-05, 2.29194538406e-05, 4.88035329909e-05, 8.78528589965e-05, 5.70092743146e-05, 2.51748369919e-05, 2.24534505833e-05, 4.43403660029e-05, 4.36202608398e-05, 2.36512096308e-05, 4.52890853921e-05, 7.76320957812e-05, 2.52083973464e-05, 1.65937726706e-05, 3.68705841538e-05, 1.64479406521e-05, 2.43096678787e-06, 6.31492093817e-06, 8.79319213709e-06, 5.18500246471e-06, 1.21881203086e-05, 2.88996616291e-05, 1.52882057591e-05, 1.78833033715e-05, 8.20389050205e-06, 4.49069102615e-06, 4.31114176536e-06, 3.5579366795e-06, 3.90247851101e-06, 5.22983600604e-06, 4.6977384045e-06, 4.47566526418e-06, 4.16287730332e-06, 4.35928086517e-06, 4.32270871897e-06, 3.94273774873e-06, 3.11875601255e-06, 4.42216605734e-06, 4.61767376692e-06, 4.88344130645e-06, 5.82095344726e-06, 4.50556444775e-06, 4.37352491645e-06, 5.32277954335e-06, 5.67717233935e-06, 6.72463283991e-06, 5.21585525348e-06, 4.64211871076e-06, 5.01498971062e-06, 4.28226212534e-06, 3.07587265524e-06, 2.79637811218e-06, 3.45734883922e-06, 1.40491363254e-06, 1.01041299772e-08, 1.919542858e-10, 1.55766163856e-10, 1.46272105539e-10, 1.41011119448e-10, 1.33606611885e-10, 1.27428595453e-10, 1.21554336041e-10, 1.16011887596e-10, 1.11377240763e-10, 1.07198895594e-10, 1.02640444755e-10, 9.87221693283e-11, 9.5398265676e-11, 9.19679332689e-11, 8.86284726165e-11, 8.59583446089e-11, 8.32180921395e-11, 8.09488032161e-11, 7.86474843584e-11, 7.69028174474e-11, 7.53951900911e-11, 7.35964830745e-11, 7.2300901377e-11, 7.13491557502e-11, 7.05368541354e-11, 6.99406643712e-11, 6.95144150575e-11]
    },
    "mfcc": {
        "mean": [-718.289855957, 147.83404541, -8.41697406769, 15.1763706207, -11.7154026031, 1.82718515396, -17.2662353516, 1.10430538654, -21.8308200836, 0.0667416676879, -16.2905158997, -1.01468074322, -16.9099655151],
        "cov": [[5590.73193359, -1684.44116211, -391.562072754, -508.418334961, -354.189819336, -245.784088135, -236.52142334, 293.911651611, -155.777481079, 305.254577637, 160.761306763, 221.109024048, -37.9456634521], [-1684.44116211, 1513.04052734, -296.055877686, 87.6104812622, 99.8364257812, 54.5654563904, 225.248184204, -50.2341003418, -1.45870923996, -24.3503303528, 35.1713790894, -75.5193405151, -8.40885162354], [-391.562072754, -296.055877686, 530.798034668, 134.842803955, 92.9304351807, 101.301322937, -5.84689283371, -43.238193512, 75.3070907593, -68.2363204956, -62.4761886597, 18.3840026855, 2.29127597809], [-508.418334961, 87.6104812622, 134.842803955, 468.524841309, 85.8898773193, 118.678703308, 27.2158603668, 44.7548866272, 46.3994293213, -3.82273459435, -62.508682251, 1.55658864975, -2.80390357971], [-354.189819336, 99.8364257812, 92.9304351807, 85.8898773193, 248.053543091, 44.7530059814, -2.64930224419, -9.88045501709, 78.4653930664, -44.5454978943, -33.3161354065, -48.000667572, 9.42582702637], [-245.784088135, 54.5654563904, 101.301322937, 118.678703308, 44.7530059814, 224.980239868, 88.2925186157, -8.59728527069, 23.2879543304, -24.3464794159, -13.1458568573, -18.7805080414, -10.4528570175], [-236.52142334, 225.248184204, -5.84689283371, 27.2158603668, -2.64930224419, 88.2925186157, 226.96522522, -19.3145084381, -2.48841738701, -2.72022390366, 30.7718830109, -16.4993934631, -13.3677482605], [293.911651611, -50.2341003418, -43.238193512, 44.7548866272, -9.88045501709, -8.59728527069, -19.3145084381, 140.895858765, -12.8903455734, 38.4738960266, 7.08756399155, 26.8313770294, 1.88875520229], [-155.777481079, -1.45870923996, 75.3070907593, 46.3994293213, 78.4653930664, 23.2879543304, -2.48841738701, -12.8903455734, 130.581237793, -15.3876857758, -18.2731704712, -27.9452781677, 8.54685401917], [305.254577637, -24.3503303528, -68.2363204956, -3.82273459435, -44.5454978943, -24.3464794159, -2.72022390366, 38.4738960266, -15.3876857758, 124.05456543, 30.833940506, 18.2475643158, -1.63462471962], [160.761306763, 35.1713790894, -62.4761886597, -62.508682251, -33.3161354065, -13.1458568573, 30.7718830109, 7.08756399155, -18.2731704712, 30.833940506, 101.088790894, 2.35518503189, -1.05034661293], [221.109024048, -75.5193405151, 18.3840026855, 1.55658864975, -48.000667572, -18.7805080414, -16.4993934631, 26.8313770294, -27.9452781677, 18.2475643158, 2.35518503189, 124.346977234, 6.88962602615], [-37.9456634521, -8.40885162354, 2.29127597809, -2.80390357971, 9.42582702637, -10.4528570175, -13.3677482605, 1.88875520229, 8.54685401917, -1.63462471962, -1.05034661293, 6.88962602615, 76.9356307983]],
        "icov": [[0.000522350717802, 0.0006569174584, 0.00056238390971, 0.000346988585079, -9.76841984084e-05, -7.0281974331e-05, -0.00014289302635, -0.000566890928894, -4.04373568017e-05, -0.000571281474549, -0.000272934848908, -0.00050180836115, 0.000350400136085], [0.0006569174584, 0.00186424236745, 0.00149976531975, 8.54623795021e-05, -0.000694773567375, 1.93437663256e-05, -0.00113670853898, -0.000233742408454, 1.89573329408e-05, -0.000422634824645, -0.000427599501563, -0.000573070778046, 0.000416582770413], [0.00056238390971, 0.00149976531975, 0.00384199479595, -0.000264898408204, -0.000881830928847, -0.000891568488441, -0.000520494242664, 0.000524830131326, -0.000999150448479, 0.000410091452068, 0.000246668234468, -0.00162664812524, 0.000469548045658], [0.000346988585079, 8.54623795021e-05, -0.000264898408204, 0.00335938786156, -0.000444099598099, -0.00129624654073, -5.43778878637e-06, -0.001659700647, -0.000358592049452, -0.00109178782441, 0.00141920545138, -0.000542411406059, 0.00031348480843], [-9.76841984084e-05, -0.000694773567375, -0.000881830928847, -0.000444099598099, 0.00613487558439, -0.000315250537824, 0.000775228079874, -0.000568899326026, -0.00250945053995, 0.00124921440147, 0.000481507595396, 0.00171078310814, -0.000601133855525], [-7.0281974331e-05, 1.93437663256e-05, -0.000891568488441, -0.00129624654073, -0.000315250537824, 0.0066257994622, -0.00246218498796, 1.32609129651e-05, 6.9510875619e-05, 0.0006685841945, 5.46008486708e-05, 0.000728559971321, 0.000399448035751], [-0.00014289302635, -0.00113670853898, -0.000520494242664, -5.43778878637e-06, 0.000775228079874, -0.00246218498796, 0.00669286539778, 0.000574513513129, 6.5617801738e-05, 2.68328221864e-05, -0.00184418924619, 0.000351571565261, 0.000476501678349], [-0.000566890928894, -0.000233742408454, 0.000524830131326, -0.001659700647, -0.000568899326026, 1.32609129651e-05, 0.000574513513129, 0.00954299792647, 0.000517367734574, -0.0012879940914, -0.000242339723627, -0.00105717463885, -0.000437696522567], [-4.04373568017e-05, 1.89573329408e-05, -0.000999150448479, -0.000358592049452, -0.00250945053995, 6.9510875619e-05, 6.5617801738e-05, 0.000517367734574, 0.0102481497452, -0.000561733962968, 0.000320440740325, 0.00160804134794, -0.000975631352048], [-0.000571281474549, -0.000422634824645, 0.000410091452068, -0.00109178782441, 0.00124921440147, 0.0006685841945, 2.68328221864e-05, -0.0012879940914, -0.000561733962968, 0.0110639547929, -0.00226003676653, -0.00012305949349, -0.000128247585963], [-0.000272934848908, -0.000427599501563, 0.000246668234468, 0.00141920545138, 0.000481507595396, 5.46008486708e-05, -0.00184418924619, -0.000242339723627, 0.000320440740325, -0.00226003676653, 0.0129837123677, 0.000355300609954, -0.000441207230324], [-0.00050180836115, -0.000573070778046, -0.00162664812524, -0.000542411406059, 0.00171078310814, 0.000728559971321, 0.000351571565261, -0.00105717463885, 0.00160804134794, -0.00012305949349, 0.000355300609954, 0.0103293899447, -0.00140643457416], [0.000350400136085, 0.000416582770413, 0.000469548045658, 0.00031348480843, -0.000601133855525, 0.000399448035751, 0.000476501678349, -0.000437696522567, -0.000975631352048, -0.000128247585963, -0.000441207230324, -0.00140643457416, 0.0136607130989]]
    },
    "spectral_contrast_coeffs": {
        "max": [-0.400899112225, -0.404208153486, -0.508544027805, -0.54866373539, -0.591673135757, -0.601294875145],
        "mean": [-0.628081977367, -0.71505188942, -0.740177869797, -0.773779392242, -0.777818441391, -0.725790262222],
        "min": [-0.875878691673, -0.888786673546, -0.887095212936, -0.936867713928, -0.894563317299, -0.9263895154],
        "stdev": [0.0689334645867, 0.0871071144938, 0.0701901763678, 0.0651760995388, 0.0551132000983, 0.0351092852652]
    },
    "spectral_contrast_valleys": {
        "max": [-5.53513526917, -5.61829996109, -6.08954763412, -6.63931941986, -6.662068367, -8.10809230804],
        "mean": [-7.53533697128, -7.22858572006, -8.04996490479, -8.39226531982, -8.6712884903, -11.9018201828],
        "min": [-10.5685157776, -9.84049797058, -10.8955373764, -10.5369968414, -11.0984869003, -14.6919174194],
        "stdev": [0.695778846741, 0.660080611706, 0.62930560112, 0.617023587227, 0.732381641865, 1.12563955784]
    }
},
"rhythm": {
    "beats_count": 101,
    "beats_loudness": {
        "max": 0.0753202289343,
        "mean": 0.0197001509368,
        "min": 0.0003131692647,
        "stdev": 0.0178308710456
    },
    "bpm": 126.760787964,
    "bpm_histogram_first_peak_bpm": 126,
    "bpm_histogram_first_peak_weight": 0.53125,
    "bpm_histogram_second_peak_bpm": 133,
    "bpm_histogram_second_peak_spread": 0.357142806053,
    "bpm_histogram_second_peak_weight": 0.0900000035763,
    "danceability": 0.998043179512,
    "onset_rate": 2.7890625,
    "beats_loudness_band_ratio": {
        "max": [0.968842148781, 0.843348681927, 0.895661771297, 0.517533481121, 0.306094110012, 0.652509093285],
        "mean": [0.268961936235, 0.292557030916, 0.265777111053, 0.129478514194, 0.05215312168, 0.0423191785812],
        "min": [0.00136104587, 0.0182953681797, 0.00377636635676, 0.00597452698275, 0.00302964122966, 0.000333618139848],
        "stdev": [0.259611070156, 0.199514105916, 0.215550348163, 0.136243194342, 0.0674222484231, 0.109064362943]
    },
