{
"metadata": {
    "version": {
        "essentia": "2.1-beta5",
        "essentia_git_sha": "Undefined",
        "extractor": "music 2.0"
    },
    "audio_properties": {
        "analysis": {
            "equal_loudness": 0,
            "length": 31.9274368286,
            "sample_rate": 44100,
            "start_time": 207.748931885,
            "downmix": "mix"
        },
        "bit_rate": 192000,
        "length": 239.69960022,
        "lossless": 0,
        "number_channels": 2,
        "replay_gain": -1.28731536865,
        "sample_rate": 48000,
        "codec": "mp3",
        "md5_encoded": "e07450e39b334608cdda0e6dcade07eb"
    },
    "tags": {
        "file_name": "Serbia_Ovo Je Balkan_Milan Stanković.mp3",
        "encoding": ["Lavf58.29.100"]
    }
},
"lowlevel": {
    "average_loudness": 0.871989369392,
    "barkbands_crest": {
        "max": 24.2923736572,
        "mean": 9.1957359314,
        "min": 2.61013245583,
        "stdev": 4.29050302505
    },
    "barkbands_flatness_db": {
        "max": 0.337061733007,
        "mean": 0.182536527514,
        "min": 0.0684875175357,
        "stdev": 0.041961979121
    },
    "barkbands_kurtosis": {
        "max": 42.4200706482,
        "mean": 1.20063173771,
        "min": -1.69329929352,
        "stdev": 2.78182053566
    },
    "barkbands_skewness": {
        "max": 6.13248300552,
        "mean": 0.823737740517,
        "min": -1.52553021908,
        "stdev": 0.734014093876
    },
    "barkbands_spread": {
        "max": 82.9305953979,
        "mean": 16.2679004669,
        "min": 3.50849318504,
        "stdev": 10.45262146
    },
    "dissonance": {
        "max": 0.499999880791,
        "mean": 0.471453815699,
        "min": 0.316530674696,
        "stdev": 0.0277384482324
    },
    "dynamic_complexity": 3.91684675217,
    "erbbands_crest": {
        "max": 31.1729640961,
        "mean": 10.3000745773,
        "min": 3.13810896873,
        "stdev": 5.3767414093
    },
    "erbbands_flatness_db": {
        "max": 0.400608152151,
        "mean": 0.253636598587,
        "min": 0.1239830181,
        "stdev": 0.0555060319602
    },
    "erbbands_kurtosis": {
        "max": 16.59998703,
        "mean": 1.06807661057,
        "min": -1.56692826748,
        "stdev": 2.06143164635
    },
    "erbbands_skewness": {
        "max": 3.88758039474,
        "mean": 0.619212567806,
        "min": -2.07684326172,
        "stdev": 0.687551915646
    },
    "erbbands_spread": {
        "max": 87.0525741577,
        "mean": 21.1008548737,
        "min": 4.25694227219,
        "stdev": 10.9047698975
    },
    "hfc": {
        "max": 119.811355591,
        "mean": 23.5510864258,
        "min": 0.00101649411954,
        "stdev": 19.3366546631
    },
    "loudness_ebu128": {
        "integrated": -21.8578739166,
        "loudness_range": 6.95055389404,
        "momentary": {
            "max": -17.2023220062,
            "mean": -23.3069572449,
            "min": -50.1629714966,
            "stdev": 4.38618707657
        },
        "short_term": {
            "max": -19.308921814,
            "mean": -22.441860199,
            "min": -31.1589412689,
            "stdev": 2.46506118774
        }
    },
    "melbands_crest": {
        "max": 32.5885925293,
        "mean": 12.4868516922,
        "min": 3.75558590889,
        "stdev": 5.66906452179
    },
    "melbands_flatness_db": {
        "max": 0.323558956385,
        "mean": 0.16616551578,
        "min": 0.0438863821328,
        "stdev": 0.0430874340236
    },
    "melbands_kurtosis": {
        "max": 120.930877686,
        "mean": 3.97805285454,
        "min": -1.59295868874,
        "stdev": 6.66533470154
    },
    "melbands_skewness": {
        "max": 9.28732395172,
        "mean": 1.3510158062,
        "min": -0.613656103611,
        "stdev": 0.946602404118
    },
    "melbands_spread": {
        "max": 193.669189453,
        "mean": 23.9758014679,
        "min": 2.88926792145,
        "stdev": 14.7909116745
    },
    "pitch_salience": {
        "max": 0.856153070927,
        "mean": 0.614926695824,
        "min": 0.188818350434,
        "stdev": 0.142538562417
    },
    "silence_rate_20dB": {
        "max": 1,
        "mean": 1,
        "min": 1,
        "stdev": 0
    },
    "silence_rate_30dB": {
        "max": 1,
        "mean": 1,
        "min": 1,
        "stdev": 0
    },
    "silence_rate_60dB": {
        "max": 1,
        "mean": 0.125,
        "min": 0,
        "stdev": 0.330718904734
    },
    "spectral_centroid": {
        "max": 4230.29394531,
        "mean": 1609.74328613,
        "min": 322.859039307,
        "stdev": 417.0234375
    },
    "spectral_complexity": {
        "max": 49,
        "mean": 20.5472393036,
        "min": 0,
        "stdev": 8.76605510712
    },
    "spectral_decrease": {
        "max": -1.51166365124e-13,
        "mean": -5.45119283046e-09,
        "min": -2.56147778543e-08,
        "stdev": 4.82827600123e-09
    },
    "spectral_energy": {
        "max": 0.101210780442,
        "mean": 0.0227102283388,
        "min": 6.62735544665e-07,
        "stdev": 0.0196836143732
    },
    "spectral_energyband_high": {
        "max": 0.00930094625801,
        "mean": 0.000665222469252,
        "min": 1.73282508342e-08,
        "stdev": 0.000978064956143
    },
    "spectral_energyband_low": {
        "max": 0.0537234805524,
        "mean": 0.0041767093353,
        "min": 5.27435262132e-10,
        "stdev": 0.00937656778842
    },
    "spectral_energyband_middle_high": {
        "max": 0.053761523217,
        "mean": 0.0101480279118,
        "min": 5.94772700424e-07,
        "stdev": 0.0094681205228
    },
    "spectral_energyband_middle_low": {
        "max": 0.0696426928043,
        "mean": 0.00900827068835,
        "min": 5.86974771011e-08,
        "stdev": 0.0105352792889
    },
    "spectral_entropy": {
        "max": 8.46304130554,
        "mean": 7.63598680496,
        "min": 6.68687105179,
        "stdev": 0.241724297404
    },
    "spectral_flux": {
        "max": 0.260216385126,
        "mean": 0.0860382691026,
        "min": 0.00088667270029,
        "stdev": 0.0489101596177
    },
    "spectral_kurtosis": {
        "max": 14.6675949097,
        "mean": 3.81367254257,
        "min": -1.17395186424,
        "stdev": 2.51064515114
    },
    "spectral_rms": {
        "max": 0.00993691198528,
        "mean": 0.00420685531572,
        "min": 2.54277656495e-05,
        "stdev": 0.00211156671867
    },
    "spectral_rolloff": {
        "max": 8828.61328125,
        "mean": 1840.65039062,
        "min": 86.1328125,
        "stdev": 899.249450684
    },
    "spectral_skewness": {
        "max": 3.29204463959,
        "mean": 1.3523863554,
        "min": -0.136699587107,
        "stdev": 0.352943390608
    },
    "spectral_spread": {
        "max": 8917909,
        "mean": 3227268,
        "min": 1719872,
        "stdev": 908879.5
    },
    "spectral_strongpeak": {
        "max": 12.5419311523,
        "mean": 1.7088329792,
        "min": 0.00479442812502,
        "stdev": 1.86227893829
    },
    "zerocrossingrate": {
        "max": 0.27783203125,
        "mean": 0.0663807019591,
        "min": 0.0146484375,
        "stdev": 0.022732552141
    },
    "barkbands": {
        "max": [0.00205351575278, 0.0409949421883, 0.0409456863999, 0.0141249969602, 0.0157295279205, 0.0166491325945, 0.0195060390979, 0.0485054366291, 0.0672807469964, 0.0397110804915, 0.0254005156457, 0.0275279767811, 0.0174388773739, 0.0467459335923, 0.0235242862254, 0.0266259182245, 0.00532731879503, 0.0035537511576, 0.00171415903606, 0.00410679215565, 0.00317686470225, 0.00234427466057, 0.00318570667878, 0.00580203486606, 0.000527400756255, 1.39515952924e-06, 1.11305121209e-06],
        "mean": [9.07072317204e-05, 0.00252380874008, 0.00132322928403, 0.000375574018108, 0.000429227395216, 0.00062693504151, 0.000572818797082, 0.0010977932252, 0.00371929141693, 0.0039054735098, 0.00124837982003, 0.00109025149141, 0.00105933321174, 0.00139783066697, 0.000895383825991, 0.000690059096087, 0.000424701109296, 0.000238665335928, 0.000221317401156, 0.000261713401414, 0.000157415808644, 0.000115883121907, 0.000119595417345, 0.000116713505122, 8.13420683698e-06, 1.83354031957e-09, 1.6653557422e-09],
        "min": [1.01315527148e-11, 2.13401362553e-11, 2.52728865613e-10, 8.8034574075e-10, 4.74293770925e-10, 3.04992520128e-09, 1.03425712439e-08, 6.36971186907e-09, 1.68296434566e-08, 2.69630167082e-08, 2.1579847953e-07, 9.68061399931e-08, 4.32812043982e-08, 5.46504708154e-08, 5.08066158034e-08, 4.37425811128e-08, 3.25711404514e-08, 1.78312919985e-08, 1.50850958391e-08, 4.95986274274e-09, 4.9914521405e-09, 2.86075385603e-09, 1.4711444285e-09, 5.65304203448e-09, 1.92549073907e-10, 8.80893344379e-11, 7.66266147756e-11],
        "stdev": [0.000232993013924, 0.00657910248265, 0.00417076563463, 0.00125458021648, 0.000905274879187, 0.00113141979091, 0.00136184319854, 0.00303295813501, 0.00722700264305, 0.00663200300187, 0.00210991641507, 0.00195656693541, 0.00188450946007, 0.00272126402706, 0.00183900306001, 0.00192073790822, 0.000553374527954, 0.000269518845016, 0.000238439548411, 0.00038780918112, 0.000246879673796, 0.000185367607628, 0.000253847159911, 0.000337639561621, 2.41735124291e-05, 3.75971751509e-08, 3.00014555421e-08]
    },
    "erbbands": {
        "max": [1.24901640415, 10.4631557465, 41.657409668, 43.2652816772, 47.2212104797, 47.9956512451, 106.189666748, 157.975570679, 357.663024902, 313.66998291, 1148.86779785, 1611.04870605, 1570.2154541, 1463.66357422, 1186.57092285, 1301.38317871, 896.725830078, 1122.49816895, 1744.05004883, 1127.85388184, 1727.91259766, 291.968719482, 126.72769928, 138.545913696, 113.405761719, 184.345046997, 133.01449585, 166.206604004, 58.3093566895, 88.4008865356, 91.3168106079, 145.30897522, 72.7905731201, 9.89407444, 0.244533106685, 0.0128629570827, 0.00275231548585, 0.000824665999971, 0.000186508812476, 0.000120130978758],
        "mean": [0.0708324164152, 0.573035538197, 1.51946032047, 1.46534311771, 0.991916716099, 1.62709772587, 3.6394610405, 4.9694981575, 7.53126430511, 11.54774189, 36.0381736755, 77.7659988403, 150.236038208, 72.0636444092, 43.2263259888, 47.9414176941, 49.2350120544, 70.3547592163, 55.5011405945, 41.6544151306, 37.0802154541, 22.5969772339, 14.4436120987, 13.0461015701, 10.3895311356, 12.4503469467, 7.99764585495, 5.79116868973, 4.41544342041, 3.19797635078, 3.52604675293, 2.61240887642, 1.81352818012, 0.250220865011, 0.00642124563456, 0.000408758787671, 6.41994192847e-05, 1.54702538566e-05, 1.59177725436e-05, 2.85861478915e-05],
        "min": [1.16930221061e-09, 7.94140930793e-09, 1.78030006737e-07, 2.10102552956e-06, 2.54761607721e-06, 2.02102251023e-06, 5.3492403822e-06, 3.05403045786e-05, 0.000141360374982, 9.46208601817e-05, 0.000134262445499, 0.000482256757095, 0.000896675977856, 0.0016404457856, 0.0114552248269, 0.00253881071694, 0.0018931546947, 0.0023763703648, 0.00305017689243, 0.00168816209771, 0.003124615876, 0.00166079762857, 0.00107086508069, 0.000996028888039, 0.000442352087703, 0.00022981427901, 0.000209395046113, 0.000162655414897, 0.000110224544187, 7.11629181751e-05, 4.63596079499e-05, 8.30525023048e-05, 6.49269859423e-05, 9.49016157392e-06, 1.03195566226e-06, 4.40060830442e-07, 2.22032667807e-07, 4.85081415036e-08, 1.11276010628e-08, 1.95235938527e-09],
        "stdev": [0.188396245241, 1.56878423691, 4.51090097427, 4.4696393013, 2.69801878929, 3.59654426575, 7.18762683868, 10.1696214676, 19.0550022125, 26.9299736023, 86.1068267822, 160.158874512, 253.398788452, 120.855529785, 78.215675354, 87.6884765625, 76.7452163696, 118.177642822, 109.512535095, 77.0898284912, 106.464363098, 28.5431156158, 15.6223077774, 15.5427389145, 11.399315834, 17.8270015717, 13.0697803497, 9.91806507111, 6.61997890472, 6.04531526566, 7.68285274506, 8.01622104645, 4.93671941757, 0.631814956665, 0.0161335840821, 0.000991134205833, 0.00014675942657, 3.44758409483e-05, 1.49182951645e-05, 2.4065559046e-05]
    },
    "gfcc": {
        "mean": [-56.7624855042, 95.6216278076, -211.990127563, 22.4798603058, -85.5232696533, 19.947259903, -24.8710460663, -4.50914621353, 2.30278325081, -22.9223823547, 5.0745215416, -23.2250099182, 7.50814056396],
        "cov": [[6753.05615234, 996.703063965, 2006.01525879, 1355.08398438, 286.248138428, 726.319763184, 205.425186157, 241.780044556, 27.9921646118, 232.781295776, 38.4847335815, -186.873596191, 142.970947266], [996.703063965, 871.697753906, 916.833007812, 526.753112793, 244.252883911, 147.992767334, 51.1975669861, 48.2396659851, -6.82613515854, 74.7127075195, 81.356048584, -36.9764137268, 26.5826244354], [2006.01525879, 916.833007812, 1833.02648926, 1134.07446289, 321.535980225, 509.015258789, -17.3488426208, 162.498413086, -38.7658729553, 177.018249512, 78.1900482178, -34.0148963928, 34.0364189148], [1355.08398438, 526.753112793, 1134.07446289, 917.138793945, 305.265319824, 353.890655518, 14.7241153717, 119.280158997, 2.49323368073, 110.683952332, 35.3336257935, -2.99373078346, 19.0754375458], [286.248138428, 244.252883911, 321.535980225, 305.265319824, 256.79119873, 159.70072937, 75.6802062988, 76.3382873535, 32.472240448, 31.2502613068, 24.0245704651, 2.07862114906, 0.736465394497], [726.319763184, 147.992767334, 509.015258789, 353.890655518, 159.70072937, 317.999084473, 115.25151062, 103.192657471, 6.18548583984, 48.7283859253, 16.8181266785, -2.16272258759, 6.20599365234], [205.425186157, 51.1975669861, -17.3488426208, 14.7241153717, 75.6802062988, 115.25151062, 261.938690186, 69.7445373535, 28.4466590881, -3.43864417076, -1.08203315735, -11.6790714264, 15.1049051285], [241.780044556, 48.2396659851, 162.498413086, 119.280158997, 76.3382873535, 103.192657471, 69.7445373535, 115.899246216, 39.9872055054, 23.1400985718, 10.927983284, -7.53167104721, -5.70010709763], [27.9921646118, -6.82613515854, -38.7658729553, 2.49323368073, 32.472240448, 6.18548583984, 28.4466590881, 39.9872055054, 87.1858520508, 28.8058547974, 2.51666355133, -5.01120328903, -6.54201841354], [232.781295776, 74.7127075195, 177.018249512, 110.683952332, 31.2502613068, 48.7283859253, -3.43864417076, 23.1400985718, 28.8058547974, 86.311706543, 28.1505222321, -12.3359031677, 11.1008071899], [38.4847335815, 81.356048584, 78.1900482178, 35.3336257935, 24.0245704651, 16.8181266785, -1.08203315735, 10.927983284, 2.51666355133, 28.1505222321, 65.7676925659, 31.2388725281, -1.81138062477], [-186.873596191, -36.9764137268, -34.0148963928, -2.99373078346, 2.07862114906, -2.16272258759, -11.6790714264, -7.53167104721, -5.01120328903, -12.3359031677, 31.2388725281, 73.3928833008, 17.0074539185], [142.970947266, 26.5826244354, 34.0364189148, 19.0754375458, 0.736465394497, 6.20599365234, 15.1049051285, -5.70010709763, -6.54201841354, 11.1008071899, -1.81138062477, 17.0074539185, 77.5429229736]],
        "icov": [[0.000327403453412, -0.000237163883867, 0.000233747734455, -0.000610581773799, 0.000802229507826, -0.000754684500862, 0.000105800114397, -4.59650364064e-05, -0.000378915079636, 0.000466017751023, -0.000789891346358, 0.00135263777338, -0.000859764812049], [-0.000237163883867, 0.0102931987494, -0.00942611694336, 0.00361479958519, -0.00825250148773, 0.0104873217642, -0.00567837944254, 0.00645673181862, -0.00416309945285, 0.00753419613466, -0.0104082636535, 0.00657007936388, -0.00213727820665], [0.000233747734455, -0.00942611694336, 0.0125041576102, -0.00737183075398, 0.0090397009626, -0.0120108956471, 0.00664130132645, -0.00690001202747, 0.0054825427942, -0.00695814937353, 0.00540146883577, -0.00207011518069, 0.000238712775172], [-0.000610581773799, 0.00361479958519, -0.00737183075398, 0.00947208609432, -0.0080089783296, 0.00477407453582, -0.00193383812439, 0.00248828739859, -0.00086023734184, -0.000840600230731, 0.00347563694231, -0.00463579129428, 0.00219153333455], [0.000802229507826, -0.00825250148773, 0.0090397009626, -0.0080089783296, 0.0167241096497, -0.0112777641043, 0.00373800541274, -0.00566696515307, -0.000260620203335, -0.00165870448109, 0.00171345623676, 0.000119036572869, -0.000819300534204], [-0.000754684500862, 0.0104873217642, -0.0120108956471, 0.00477407453582, -0.0112777641043, 0.0217175055295, -0.00964008830488, 0.00311783095822, -0.000945621926803, 0.00344005879015, -0.004117842298, -0.000413437053794, 0.00179214472882], [0.000105800114397, -0.00567837944254, 0.00664130132645, -0.00193383812439, 0.00373800541274, -0.00964008830488, 0.00998432468623, -0.00559533527121, 0.00147435581312, -0.00171514682006, 0.00290421349928, 4.42116288468e-05, -0.00187994982116], [-4.59650364064e-05, 0.00645673181862, -0.00690001202747, 0.00248828739859, -0.00566696515307, 0.00311783095822, -0.00559533527121, 0.0207709223032, -0.0103027811274, 0.00734152738005, -0.00902014411986, 0.0060778693296, -0.000755023909733], [-0.000378915079636, -0.00416309945285, 0.0054825427942, -0.00086023734184, -0.000260620203335, -0.000945621926803, 0.00147435581312, -0.0103027811274, 0.0227110087872, -0.015089655295, 0.0110489372164, -0.00827288534492, 0.00511335488409], [0.000466017751023, 0.00753419613466, -0.00695814937353, -0.000840600230731, -0.00165870448109, 0.00344005879015, -0.00171514682006, 0.00734152738005, -0.015089655295, 0.0338068529963, -0.0264518707991, 0.0207784119993, -0.0108548346907], [-0.000789891346358, -0.0104082636535, 0.00540146883577, 0.00347563694231, 0.00171345623676, -0.004117842298, 0.00290421349928, -0.00902014411986, 0.0110489372164, -0.0264518707991, 0.0492592900991, -0.0331513360143, 0.0140237277374], [0.00135263777338, 0.00657007936388, -0.00207011518069, -0.00463579129428, 0.000119036572869, -0.000413437053794, 4.42116288468e-05, 0.0060778693296, -0.00827288534492, 0.0207784119993, -0.0331513360143, 0.0404887013137, -0.0155543778092], [-0.000859764812049, -0.00213727820665, 0.000238712775172, 0.00219153333455, -0.000819300534204, 0.00179214472882, -0.00187994982116, -0.000755023909733, 0.00511335488409, -0.0108548346907, 0.0140237277374, -0.0155543778092, 0.0204695966095]]
    },
    "melbands": {
        "max": [0.010831842199, 0.0154390884563, 0.00637761875987, 0.00359734287485, 0.00299055478536, 0.00328443711624, 0.00457316637039, 0.00442694919184, 0.00824629794806, 0.0115254297853, 0.00763234915212, 0.0061236131005, 0.00389299076051, 0.00210733874701, 0.00310271140188, 0.00210089446045, 0.00246639852412, 0.00410274602473, 0.00240281643346, 0.00156230141874, 0.00187448307406, 0.000350751768565, 0.000299367005937, 0.00010418065358, 0.000113773356134, 7.55980872782e-05, 0.000104915430711, 0.000151752770762, 0.000125508493511, 5.37920786883e-05, 0.000103607468191, 3.29097638314e-05, 4.99859233969e-05, 4.46961566922e-05, 4.1756171413e-05, 9.12869509193e-05, 8.79750077729e-05, 6.68218926876e-05, 2.82123146462e-05, 1.91162189367e-06],
        "mean": [0.000669853005093, 0.000766167358961, 0.000238643639022, 8.82450913195e-05, 0.000113502261229, 0.000115993527288, 0.000118207179185, 0.000138787829201, 0.00033868761966, 0.00052759872051, 0.00074622995453, 0.000289399700705, 0.000155089743203, 0.000118837517221, 0.000116387513117, 0.000107518302684, 0.000137332666782, 9.33388364501e-05, 6.50225410936e-05, 5.07849727001e-05, 4.02294936066e-05, 2.42591722781e-05, 1.67883299582e-05, 1.05772514871e-05, 1.07508667497e-05, 7.26249663785e-06, 7.73261399445e-06, 8.53705932968e-06, 5.61000751986e-06, 3.52831261807e-06, 3.32993204211e-06, 2.6337700092e-06, 1.8653497591e-06, 1.73824537342e-06, 2.09775112125e-06, 1.87018713405e-06, 1.48449521475e-06, 1.398590598e-06, 7.86008740761e-07, 2.31618191293e-08],
        "min": [8.37734482478e-12, 8.42856201499e-11, 4.15733864001e-10, 1.48848808279e-10, 1.24152854664e-10, 7.23506088374e-10, 2.83135070944e-09, 1.09543130122e-09, 1.04757624797e-09, 3.14142112323e-09, 4.38540981307e-09, 3.98817601166e-09, 3.61776102409e-08, 1.65830318366e-08, 2.22154517004e-09, 4.75732253591e-09, 4.54320092658e-09, 4.98929386694e-09, 4.39662661833e-09, 1.0686205254e-09, 4.64124871868e-09, 1.8289173509e-09, 1.2886135492e-09, 6.69142685705e-10, 8.77044326053e-10, 2.90375085088e-10, 2.89031659717e-10, 1.19151563616e-10, 1.33580466133e-10, 1.05858689869e-10, 8.69057256714e-11, 5.62676190363e-11, 6.21781931498e-11, 3.13859910284e-11, 2.83115423466e-11, 2.53475036099e-11, 5.91431764674e-11, 4.75590469784e-11, 2.36428029932e-11, 7.73360271222e-13],
        "stdev": [0.00174320896622, 0.00199599307962, 0.000685390783474, 0.000200040929485, 0.000213392326259, 0.000229833691265, 0.000279910775134, 0.000352401460987, 0.000818646803964, 0.00104840670247, 0.00126599881332, 0.000526318093762, 0.000278921244899, 0.00019025313668, 0.000220273475861, 0.000203389208764, 0.000253153004451, 0.000208447803743, 0.000139004696393, 0.000125947699416, 0.000112496869406, 3.16447985824e-05, 2.43862923526e-05, 1.16560186143e-05, 1.38036484714e-05, 8.39419135445e-06, 1.01017258203e-05, 1.33401590574e-05, 1.11510598799e-05, 5.09852861796e-06, 6.54981340631e-06, 4.05798073189e-06, 3.34951778314e-06, 3.35966342391e-06, 4.42802138423e-06, 5.70772999708e-06, 4.78161473438e-06, 4.03382182412e-06, 1.98484462999e-06, 7.82522846521e-08]
    },
    "melbands128": {
        "max": [0.00163509533741, 0.0100806849077, 0.0187953133136, 0.0220673102885, 0.022486878559, 0.0197822377086, 0.0100394226611, 0.00554154952988, 0.00501968758181, 0.00397338299081, 0.00334950280376, 0.00232276227325, 0.0052382289432, 0.00267299823463, 0.0044340249151, 0.00468278443441, 0.0101935332641, 0.00410129129887, 0.0043891039677, 0.00564100919291, 0.00928736384958, 0.0155976396054, 0.015137529932, 0.0180778317153, 0.0196864232421, 0.0247442852706, 0.0209064744413, 0.0147105399519, 0.0101155005395, 0.00936267990619, 0.0092381183058, 0.00447823759168, 0.00608709920198, 0.0062982221134, 0.00446216808632, 0.00326228747144, 0.00829550996423, 0.00609936146066, 0.00405212910846, 0.0042338357307, 0.00358657399192, 0.00503378827125, 0.00467518111691, 0.00666324561462, 0.0127657819539, 0.00540051003918, 0.00470744026825, 0.00588441872969, 0.00226917187683, 0.00336392805912, 0.00324740470387, 0.00387589237653, 0.00459822360426, 0.000739875249565, 0.000900157378055, 0.000604176661, 0.000211656457395, 0.000824497605208, 0.000265974231297, 0.000274800288025, 0.000109405438707, 0.00026495824568, 0.000304723391309, 0.000177544759936, 0.000119873599033, 0.000153762477566, 0.000108841224574, 0.000196304288693, 0.000153917746502, 0.000269155832939, 0.000189584316104, 0.000402692850912, 0.000387599633541, 0.000200982074603, 0.000136526708957, 6.79598888382e-05, 5.79683328397e-05, 0.000212400205783, 0.000113832451461, 9.845913155e-05, 5.85218149354e-05, 5.11888356414e-05, 3.34806827595e-05, 4.6626693802e-05, 9.62101330515e-05, 6.34899115539e-05, 3.26537483488e-05, 4.45207479061e-05, 6.11864888924e-05, 5.45237126062e-05, 0.00014345262025, 0.000109439650259, 0.000111867680971, 6.76962372381e-05, 8.36072213133e-05, 0.000120399265143, 4.55738845631e-05, 5.74380064791e-05, 3.00579758914e-05, 2.4216440579e-05, 1.74915641082e-07, 3.27584430693e-08, 2.58915484608e-08, 2.13239346181e-08, 1.79859984684e-08, 1.55145425396e-08, 1.36151570018e-08, 1.21445609125e-08, 1.08792805875e-08, 9.79883107988e-09, 8.95203200457e-09, 8.24358359353e-09, 7.57253282302e-09, 7.03583147299e-09, 6.58273702214e-09, 6.15867001841e-09, 5.78784531413e-09, 5.52619017213e-09, 5.25156229614e-09, 5.00122832037e-09, 4.76378536618e-09, 4.64173721682e-09, 4.46746906135e-09, 4.32707514264e-09, 4.23596846488e-09, 4.17946921516e-09, 4.10331990608e-09, 4.06757560967e-09],
        "mean": [8.2706057583e-05, 0.000522182497662, 0.000926825741772, 0.000940861995332, 0.000851727323607, 0.000593365926761, 0.00031250421307, 0.000153577522724, 8.11216741567e-05, 8.65117763169e-05, 9.27823202801e-05, 8.2511040091e-05, 0.0001403940405, 0.000125402817503, 9.76804221864e-05, 0.000126513259602, 0.0001185203364, 0.000112856760097, 0.000127746825456, 0.000105346480268, 0.000150160398334, 0.000218160217628, 0.000357666489435, 0.000471023668069, 0.000445921788923, 0.000503005634528, 0.000822568079457, 0.000989779364318, 0.000472400977742, 0.000277756887954, 0.000261620472884, 0.000215333740925, 0.000144903446198, 0.000121314631542, 9.50972316787e-05, 0.000125431004562, 0.00014746542729, 0.000112107016321, 0.000102113619505, 0.000103510908957, 0.000113291505841, 0.000105551727756, 0.000135198322823, 0.000169485239894, 0.000107683263195, 7.84883086453e-05, 7.60021357564e-05, 6.93008478265e-05, 5.97049511271e-05, 4.79809714307e-05, 4.94395681017e-05, 5.25067771378e-05, 4.93102597829e-05, 3.03603792418e-05, 3.19070786645e-05, 2.21201771637e-05, 1.8715943952e-05, 2.21278914978e-05, 1.34771162266e-05, 1.24134821817e-05, 9.52637583396e-06, 9.57408428803e-06, 1.28565916384e-05, 1.13854239316e-05, 7.07380968379e-06, 6.80627044858e-06, 7.59872591516e-06, 7.18585351933e-06, 7.51476272853e-06, 8.89461625775e-06, 8.47987303132e-06, 8.97330664884e-06, 7.16952445146e-06, 4.80469134345e-06, 3.85058956454e-06, 3.86050396628e-06, 3.11500366479e-06, 3.20979756907e-06, 3.69655595023e-06, 3.08341896016e-06, 2.63910260401e-06, 2.64972459263e-06, 2.10951793633e-06, 1.70432690538e-06, 1.76176615696e-06, 1.59498529229e-06, 1.69095028468e-06, 2.03974241231e-06, 2.35588936448e-06, 1.84541079307e-06, 2.12036775338e-06, 1.76720686795e-06, 1.6649595409e-06, 1.41592499858e-06, 1.45916533256e-06, 1.42756130117e-06, 1.48077856466e-06, 1.21952405152e-06, 1.09538439119e-06, 3.47740609641e-07, 2.51793208506e-09, 7.63766341838e-11, 3.35971597765e-11, 2.58635543537e-11, 2.07178770667e-11, 1.91968854008e-11, 1.71975367974e-11, 1.49359205559e-11, 1.371499702e-11, 1.26151493765e-11, 1.17558159388e-11, 1.09247420138e-11, 1.01735148084e-11, 9.61668245036e-12, 9.15652276223e-12, 8.72367456051e-12, 8.34395486732e-12, 8.04978219499e-12, 7.77318487355e-12, 7.49848794168e-12, 7.21087642722e-12, 7.06285680982e-12, 6.88952974531e-12, 6.70724066565e-12, 6.42296502443e-12, 6.03819815329e-12, 5.79598695427e-12, 5.731313861e-12],
        "min": [8.77994638798e-12, 1.21944520454e-11, 3.42667821202e-12, 6.30589244016e-12, 2.50830155257e-11, 1.50081932992e-10, 7.84987075342e-11, 5.58641910509e-10, 2.01678201917e-10, 1.21719342938e-10, 1.27137189665e-10, 2.26585972207e-11, 5.99358895848e-11, 2.76784789532e-10, 4.27298751937e-10, 7.56409268554e-10, 1.47191225874e-09, 1.70133218624e-09, 2.91441371036e-10, 9.61005164335e-10, 1.53603274544e-09, 1.4193216602e-09, 6.03693817158e-10, 9.1825547166e-10, 3.10435765982e-09, 4.36130465076e-09, 2.06683381521e-09, 5.75127678815e-09, 3.86611853642e-09, 1.74483649751e-09, 1.97107086208e-09, 3.54357876375e-09, 4.56183784081e-08, 4.95640790632e-08, 2.79928169533e-08, 4.42999548156e-09, 7.79649789173e-10, 2.76917977438e-09, 1.75657244306e-09, 5.02904340394e-09, 7.00372293494e-09, 1.87153692544e-09, 2.64772515024e-09, 8.10893041603e-09, 5.43950084975e-09, 3.28985105824e-09, 4.79142014953e-09, 8.18084444631e-09, 1.87924786843e-09, 3.92123777893e-10, 1.17153142742e-09, 1.46328582584e-09, 3.62030960765e-09, 5.38138200668e-09, 3.52188700425e-09, 6.48985587492e-10, 9.00274021998e-10, 1.47824141816e-09, 1.40012312855e-09, 9.36887789571e-10, 5.90939408518e-10, 3.33297833777e-10, 1.16680842766e-09, 1.01534836094e-09, 5.26042542859e-10, 5.485911031e-11, 3.64924368501e-10, 3.38417682766e-10, 3.21539683767e-10, 1.01934176377e-10, 1.32996849644e-10, 1.17885062823e-10, 8.58984827712e-11, 1.84237181067e-10, 1.15889700614e-10, 1.11695215577e-10, 7.42469211112e-11, 1.34654717932e-10, 9.47589368083e-11, 3.36978535354e-11, 5.68622579578e-11, 5.91696552865e-11, 7.23428747462e-11, 7.32147120708e-11, 4.2734892014e-11, 2.97945695893e-11, 1.97346323311e-11, 5.01554665855e-11, 2.26004215342e-11, 2.47641490647e-11, 1.3578430047e-11, 1.3232459399e-11, 6.31075053326e-11, 8.3066262202e-11, 3.18946223599e-11, 3.80366571573e-11, 2.96923700904e-11, 4.33971504565e-11, 2.9261527229e-11, 8.5899820243e-12, 5.66605952695e-13, 4.25804113106e-13, 3.3894702366e-13, 2.54315747064e-13, 3.1929900347e-13, 2.65292779064e-13, 3.07609542222e-13, 3.21786434304e-13, 3.82298088585e-13, 3.05073593341e-13, 3.23712302623e-13, 3.70953159683e-13, 2.80297567925e-13, 2.95617588568e-13, 2.01208800597e-13, 3.06479044617e-13, 2.59667558723e-13, 2.94978885068e-13, 2.86121251475e-13, 2.14127774214e-13, 3.52602658443e-13, 3.67309264601e-13, 3.18407545339e-13, 3.72773074344e-13, 2.0563298243e-13, 9.22198379943e-14, 1.34377584269e-14, 3.8068138221e-16],
        "stdev": [0.000214565559872, 0.00145204656292, 0.00276464223862, 0.00277728680521, 0.00258290488273, 0.0018766419962, 0.00101970147807, 0.000507786171511, 0.000266690098215, 0.00022601224191, 0.000237187399762, 0.000193276297068, 0.000317826052196, 0.000260723405518, 0.000266312097665, 0.000298034748994, 0.000417443283368, 0.000335785327479, 0.000339763908414, 0.0003260623198, 0.000575273588765, 0.00076253520092, 0.00109905330464, 0.00156229641289, 0.00142632983625, 0.00149608624633, 0.00193024019245, 0.00212398427539, 0.00109958462417, 0.000744462246075, 0.000586275244132, 0.000402118370403, 0.000391343433876, 0.000350820220774, 0.000204402429517, 0.000260465953033, 0.000435460708104, 0.000327977933921, 0.0002205902274, 0.000239432469243, 0.000318965205224, 0.000326031760778, 0.000317192141665, 0.000464965967694, 0.000449981802376, 0.00024577032309, 0.000245103350608, 0.000229687357205, 0.000154656387167, 0.000153568311362, 0.000177720328793, 0.000218358050915, 0.000243404516368, 5.10062309331e-05, 5.9664103901e-05, 4.19973803218e-05, 2.82500932371e-05, 5.54925209144e-05, 2.00699814741e-05, 1.90108166862e-05, 1.32101004056e-05, 1.74279412022e-05, 2.23091119551e-05, 1.82891144505e-05, 1.0564222066e-05, 1.15952680062e-05, 1.10975233838e-05, 1.22811934489e-05, 1.33813837238e-05, 1.842977872e-05, 1.61038587976e-05, 2.05527576327e-05, 2.14955744013e-05, 1.22820256365e-05, 7.65666663938e-06, 6.71795396556e-06, 5.7250908867e-06, 8.15051316749e-06, 9.34046238399e-06, 6.7636528911e-06, 4.90797356179e-06, 4.98392046211e-06, 3.68257792616e-06, 3.46159481524e-06, 4.77331695947e-06, 3.65910455002e-06, 3.25616474584e-06, 4.23338769906e-06, 6.05318746238e-06, 4.12924964621e-06, 6.91545210429e-06, 5.92630885876e-06, 5.94067978454e-06, 4.60480532638e-06, 4.911283213e-06, 5.41415238331e-06, 4.11147857449e-06, 3.50738173438e-06, 2.76753848993e-06, 1.04977527826e-06, 8.50972270428e-09, 1.09284137295e-09, 7.07543246214e-10, 5.80653691795e-10, 4.84873585727e-10, 4.18375278866e-10, 3.67032654269e-10, 3.27265214928e-10, 2.93174429178e-10, 2.64062993693e-10, 2.41245190491e-10, 2.22152518603e-10, 2.04075645271e-10, 1.89616572444e-10, 1.7740903191e-10, 1.65984864742e-10, 1.55994037132e-10, 1.48943912759e-10, 1.41544748145e-10, 1.3480014327e-10, 1.28404231692e-10, 1.25115084959e-10, 1.20419493821e-10, 1.16637977055e-10, 1.14187347078e-10, 1.12672531027e-10, 1.10625536509e-10, 1.09663209069e-10]
    },
    "mfcc": {
        "mean": [-656.63269043, 100.077217102, -56.6621246338, -10.8346586227, -25.0725803375, 3.55347394943, -11.8136024475, 9.65107822418, -3.92067122459, 12.9343223572, -9.39905548096, 3.53942799568, -11.2977905273],
        "cov": [[5864.00195312, 317.562316895, 1534.55175781, 757.98034668, 476.393280029, 525.683959961, 410.745605469, 101.997749329, 255.831619263, 311.172515869, 32.1994667053, 93.7816085815, 16.2539653778], [317.562316895, 580.856506348, 404.406311035, 246.621047974, 164.60848999, 71.4359741211, 117.276931763, -18.2963886261, 10.1626081467, 21.4552745819, 54.9069366455, 20.6674804688, 28.7173843384], [1534.55175781, 404.406311035, 1660.76928711, 745.333068848, 650.444763184, 407.037231445, 324.160308838, 30.6598701477, 112.82371521, 117.019172668, 56.7809944153, 108.388023376, 103.232009888], [757.98034668, 246.621047974, 745.333068848, 564.06237793, 384.275726318, 232.557525635, 162.900848389, 35.5947418213, 76.7822570801, 71.1174087524, 17.3995704651, 64.0947189331, 62.8070220947], [476.393280029, 164.60848999, 650.444763184, 384.275726318, 455.662994385, 184.856201172, 131.069244385, 36.6294021606, 57.4985580444, 41.0168838501, 41.9333763123, 70.5812759399, 70.5185470581], [525.683959961, 71.4359741211, 407.037231445, 232.557525635, 184.856201172, 246.387908936, 161.26902771, 70.4437866211, 78.1043777466, 60.6299819946, 17.5909080505, 37.6179199219, 33.0944137573], [410.745605469, 117.276931763, 324.160308838, 162.900848389, 131.069244385, 161.26902771, 239.410049438, 95.434967041, 83.032699585, 50.8286857605, 52.7478294373, 20.0150699615, 28.4670448303], [101.997749329, -18.2963886261, 30.6598701477, 35.5947418213, 36.6294021606, 70.4437866211, 95.434967041, 159.091094971, 49.0146942139, 25.8087387085, 34.860824585, 19.0549468994, 10.4806470871], [255.831619263, 10.1626081467, 112.82371521, 76.7822570801, 57.4985580444, 78.1043777466, 83.032699585, 49.0146942139, 130.779663086, 66.8890304565, 25.0334224701, 10.4784698486, 4.87989854813], [311.172515869, 21.4552745819, 117.019172668, 71.1174087524, 41.0168838501, 60.6299819946, 50.8286857605, 25.8087387085, 66.8890304565, 108.667114258, 32.0040855408, 15.8113241196, -5.27435064316], [32.1994667053, 54.9069366455, 56.7809944153, 17.3995704651, 41.9333763123, 17.5909080505, 52.7478294373, 34.860824585, 25.0334224701, 32.0040855408, 104.316764832, 30.9182281494, 16.359960556], [93.7816085815, 20.6674804688, 108.388023376, 64.0947189331, 70.5812759399, 37.6179199219, 20.0150699615, 19.0549468994, 10.4784698486, 15.8113241196, 30.9182281494, 77.0737762451, 36.1926231384], [16.2539653778, 28.7173843384, 103.232009888, 62.8070220947, 70.5185470581, 33.0944137573, 28.4670448303, 10.4806470871, 4.87989854813, -5.27435064316, 16.359960556, 36.1926231384, 74.2621841431]],
        "icov": [[0.00026307295775, 1.18346524687e-05, -0.000212963685044, -8.27483381727e-05, 0.000179784867214, -0.000122913275845, -6.89246808179e-05, -4.6867871788e-06, -5.59979089303e-05, -0.000428604107583, 0.000172743631992, -0.000110028202471, 0.000203812611289], [1.18346524687e-05, 0.00257427291945, -0.000248161173658, -0.00120997847989, 0.000310633447953, 0.000888753274921, -0.00127023714595, 0.000917468278203, 0.000579094456043, 0.000261569948634, -0.00130906898994, 0.000369020563085, 0.000125700753415], [-0.000212963685044, -0.000248161173658, 0.00237661530264, -0.00103327585384, -0.00162974512205, -0.000873751530889, -0.00120907858945, 0.00121806724928, 0.000671750516631, -0.000238022825215, 8.27505937195e-05, -0.00030654555303, 1.13917321869e-05], [-8.27483381727e-05, -0.00120997847989, -0.00103327585384, 0.00648761633784, -0.00281379697844, -0.00158672535326, 0.000508560275193, -0.000338128214935, -0.000398586125812, -0.00120364699978, 0.00209682388231, -0.000458019174403, -0.00063067820156], [0.000179784867214, 0.000310633447953, -0.00162974512205, -0.00281379697844, 0.00705399364233, -0.000568170042243, 0.000958078715485, -0.000512205995619, -0.000756737194024, 0.00137403071858, -0.00169555516914, -0.000855392601807, -0.00131663563661], [-0.000122913275845, 0.000888753274921, -0.000873751530889, -0.00158672535326, -0.000568170042243, 0.0117198750377, -0.00478336773813, -0.00131156505086, -0.000903789710719, -0.00161857507192, 0.00266773276962, -0.00166976102628, -0.000254331273027], [-6.89246808179e-05, -0.00127023714595, -0.00120907858945, 0.000508560275193, 0.000958078715485, -0.00478336773813, 0.011916087009, -0.00411619571969, -0.00283735850826, 0.00132366805337, -0.00342406961136, 0.00331661733799, -0.00158969510812], [-4.6867871788e-06, 0.000917468278203, 0.00121806724928, -0.000338128214935, -0.000512205995619, -0.00131156505086, -0.00411619571969, 0.0100931208581, -0.000930986076128, 0.000488701974973, -0.00148673087824, -0.00170312018599, 0.0007167190779], [-5.59979089303e-05, 0.000579094456043, 0.000671750516631, -0.000398586125812, -0.000756737194024, -0.000903789710719, -0.00283735850826, -0.000930986076128, 0.013745514676, -0.00675144838169, 0.000140271804412, 0.00104412273504, -0.000390504224924], [-0.000428604107583, 0.000261569948634, -0.000238022825215, -0.00120364699978, 0.00137403071858, -0.00161857507192, 0.00132366805337, 0.000488701974973, -0.00675144838169, 0.0169467199594, -0.00445388164371, -0.00160459475592, 0.00359215703793], [0.000172743631992, -0.00130906898994, 8.27505937195e-05, 0.00209682388231, -0.00169555516914, 0.00266773276962, -0.00342406961136, -0.00148673087824, 0.000140271804412, -0.00445388164371, 0.0152413314208, -0.00511914165691, -0.000664735096507], [-0.000110028202471, 0.000369020563085, -0.00030654555303, -0.000458019174403, -0.000855392601807, -0.00166976102628, 0.00331661733799, -0.00170312018599, 0.00104412273504, -0.00160459475592, -0.00511914165691, 0.0210123304278, -0.00807518977672], [0.000203812611289, 0.000125700753415, 1.13917321869e-05, -0.00063067820156, -0.00131663563661, -0.000254331273027, -0.00158969510812, 0.0007167190779, -0.000390504224924, 0.00359215703793, -0.000664735096507, -0.00807518977672, 0.0201247539371]]
    },
    "spectral_contrast_coeffs": {
        "max": [-0.419356763363, -0.374211013317, -0.447065085173, -0.564944565296, -0.650365352631, -0.582736074924],
        "mean": [-0.724274396896, -0.758480489254, -0.746492266655, -0.791916966438, -0.788818776608, -0.705557286739],
        "min": [-0.928430259228, -0.922716915607, -0.919737577438, -0.90503257513, -0.887138187885, -0.856388747692],
        "stdev": [0.0664188489318, 0.0780202895403, 0.0853458344936, 0.0581473037601, 0.0349945873022, 0.0336110666394]
    },
    "spectral_contrast_valleys": {
        "max": [-5.70656919479, -5.18452501297, -5.17231082916, -5.8275718689, -6.09136724472, -8.51416110992],
        "mean": [-8.3623790741, -6.89641714096, -6.77362775803, -6.99839019775, -7.44975757599, -10.9608011246],
        "min": [-14.0588932037, -11.6067562103, -11.2371082306, -11.2853555679, -11.8589496613, -14.6715841293],
        "stdev": [1.58719909191, 0.731791853905, 0.704106807709, 0.590576529503, 0.622993588448, 0.872552871704]
    }
},
"rhythm": {
    "beats_count": 61,
    "beats_loudness": {
        "max": 0.0795626863837,
        "mean": 0.032125942409,
        "min": 0.000142036034958,
        "stdev": 0.0247766859829
    },
    "bpm": 105.843910217,
    "bpm_histogram_first_peak_bpm": 105,
    "bpm_histogram_first_peak_weight": 0.5,
    "bpm_histogram_second_peak_bpm": 110,
    "bpm_histogram_second_peak_spread": 0.5,
    "bpm_histogram_second_peak_weight": 0.0833333358169,
    "danceability": 1.05789256096,
    "onset_rate": 3.00572514534,
    "beats_loudness_band_ratio": {
        "max": [0.949905395508, 0.197965487838, 0.837996065617, 0.670827269554, 0.538011968136, 0.184142962098],
        "mean": [0.219550579786, 0.0252405367792, 0.298509001732, 0.296697974205, 0.158681869507, 0.0370658673346],
        "min": [3.80758210667e-05, 0.000260960892774, 0.00458031473681, 0.0224992707372, 0.00639868620783, 0.00621746852994],
        "stdev": [0.279453754425, 0.0364471971989, 0.190587997437, 0.174950242043, 0.12536239624, 0.0308150928468]
    },
    "beats_position": [0.592108845711, 1.20743763447, 1.8111563921, 2.41487526894, 3.01859402657, 3.62231278419, 4.23764181137, 4.85297060013, 5.44507932663, 6.01396799088, 6.58285713196, 7.1517457962, 7.72063493729, 8.28952407837, 8.87002277374, 9.43891143799, 10.0194101334, 10.5882987976, 11.1571884155, 11.7260770798, 12.294965744, 12.8638544083, 13.4443531036, 14.0016326904, 14.5821313858, 15.1626300812, 15.7431287766, 16.3236274719, 16.8809070587, 17.4381847382, 17.8677539825, 18.2973232269, 18.7268924713, 19.1564617157, 19.5163707733, 19.8878898621, 20.247800827, 20.6077098846, 20.9560089111, 21.3159179688, 21.6642169952, 22.0241260529, 22.4072551727, 22.7787742615, 23.1502952576, 23.5218143463, 24.009431839, 24.497051239, 24.9962806702, 25.5419502258, 26.0876178741, 26.6332874298, 27.1673469543, 27.7014045715, 28.2470741272, 28.7927436829, 29.3268013, 29.8608608246, 30.383310318, 30.9057598114, 31.4398174286],
