{
"metadata": {
    "version": {
        "essentia": "2.1-beta5",
        "essentia_git_sha": "Undefined",
        "extractor": "music 2.0"
    },
    "audio_properties": {
        "analysis": {
            "equal_loudness": 0,
            "length": 12.7477550507,
            "sample_rate": 44100,
            "start_time": 0,
            "downmix": "mix"
        },
        "bit_rate": 192000,
        "length": 203.801559448,
        "lossless": 0,
        "number_channels": 2,
        "replay_gain": 0.264015197754,
        "sample_rate": 48000,
        "codec": "mp3",
        "md5_encoded": "ae7721d59366c2f49f3423e288d18ff1"
    },
    "tags": {
        "file_name": "Croatia_Lako Je Sve_Feminnem.mp3",
        "encoding": ["Lavf58.29.100"]
    }
},
"lowlevel": {
    "average_loudness": 0.864851653576,
    "barkbands_crest": {
        "max": 22.8498420715,
        "mean": 8.66079235077,
        "min": 3.2060341835,
        "stdev": 4.29504776001
    },
    "barkbands_flatness_db": {
        "max": 0.240812435746,
        "mean": 0.123446069658,
        "min": 0.0363644845784,
        "stdev": 0.0382777862251
    },
    "barkbands_kurtosis": {
        "max": 34.6492652893,
        "mean": 3.12539458275,
        "min": -1.84696733952,
        "stdev": 5.36754369736
    },
    "barkbands_skewness": {
        "max": 4.61226415634,
        "mean": 0.846291363239,
        "min": -5.54137849808,
        "stdev": 1.37604296207
    },
    "barkbands_spread": {
        "max": 84.0048599243,
        "mean": 18.7207374573,
        "min": 3.31429553032,
        "stdev": 13.49522686
    },
    "dissonance": {
        "max": 0.500000119209,
        "mean": 0.46771761775,
        "min": 0.298693567514,
        "stdev": 0.0377572700381
    },
    "dynamic_complexity": 4.04460859299,
    "erbbands_crest": {
        "max": 25.3296108246,
        "mean": 8.56575012207,
        "min": 2.4149518013,
        "stdev": 3.5993142128
    },
    "erbbands_flatness_db": {
        "max": 0.319975048304,
        "mean": 0.18604516983,
        "min": 0.0603321008384,
        "stdev": 0.0444309413433
    },
    "erbbands_kurtosis": {
        "max": 44.6845855713,
        "mean": 1.61233389378,
        "min": -1.84087526798,
        "stdev": 4.58729505539
    },
    "erbbands_skewness": {
        "max": 3.31810832024,
        "mean": 0.310506612062,
        "min": -4.48758125305,
        "stdev": 1.04282402992
    },
    "erbbands_spread": {
        "max": 112.789634705,
        "mean": 27.8519420624,
        "min": 3.00105166435,
        "stdev": 18.4536476135
    },
    "hfc": {
        "max": 129.163879395,
        "mean": 13.7409162521,
        "min": 0.575072348118,
        "stdev": 16.3662776947
    },
    "loudness_ebu128": {
        "integrated": -26.350320816,
        "loudness_range": 4.95595359802,
        "momentary": {
            "max": -21.7607822418,
            "mean": -27.1631011963,
            "min": -33.4468917847,
            "stdev": 2.67509031296
        },
        "short_term": {
            "max": -23.8366203308,
            "mean": -26.3613548279,
            "min": -29.2353115082,
            "stdev": 1.89465451241
        }
    },
    "melbands_crest": {
        "max": 28.8130149841,
        "mean": 10.8960618973,
        "min": 3.29611444473,
        "stdev": 5.86791610718
    },
    "melbands_flatness_db": {
        "max": 0.30629914999,
        "mean": 0.15618160367,
        "min": 0.0426865927875,
        "stdev": 0.0587747357786
    },
    "melbands_kurtosis": {
        "max": 81.1258926392,
        "mean": 7.12808799744,
        "min": -1.89102470875,
        "stdev": 11.7505054474
    },
    "melbands_skewness": {
        "max": 7.7193236351,
        "mean": 1.53060269356,
        "min": -2.09578299522,
        "stdev": 1.59938156605
    },
    "melbands_spread": {
        "max": 224.089523315,
        "mean": 31.4222698212,
        "min": 3.60024881363,
        "stdev": 33.5304908752
    },
    "pitch_salience": {
        "max": 0.887781023979,
        "mean": 0.707855641842,
        "min": 0.319057255983,
        "stdev": 0.115236259997
    },
    "silence_rate_20dB": {
        "max": 1,
        "mean": 1,
        "min": 1,
        "stdev": 0
    },
    "silence_rate_30dB": {
        "max": 1,
        "mean": 1,
        "min": 1,
        "stdev": 0
    },
    "silence_rate_60dB": {
        "max": 1,
        "mean": 0.22909091413,
        "min": 0,
        "stdev": 0.420247584581
    },
    "spectral_centroid": {
        "max": 5130.04931641,
        "mean": 1666.09106445,
        "min": 429.073364258,
        "stdev": 944.862731934
    },
    "spectral_complexity": {
        "max": 38,
        "mean": 15.7054548264,
        "min": 1,
        "stdev": 7.67644166946
    },
    "spectral_decrease": {
        "max": -1.07295249074e-10,
        "mean": -3.16630788255e-09,
        "min": -1.66063003348e-08,
        "stdev": 3.70498853819e-09
    },
    "spectral_energy": {
        "max": 0.0656103864312,
        "mean": 0.0131967123598,
        "min": 0.00050091027515,
        "stdev": 0.0148574020714
    },
    "spectral_energyband_high": {
        "max": 0.0206641592085,
        "mean": 0.000686046259943,
        "min": 1.3208389646e-05,
        "stdev": 0.002198289847
    },
    "spectral_energyband_low": {
        "max": 0.00883682724088,
        "mean": 0.000652231392451,
        "min": 7.49862010707e-07,
        "stdev": 0.000913147698157
    },
    "spectral_energyband_middle_high": {
        "max": 0.0350902341306,
        "mean": 0.00354182929732,
        "min": 4.32342530985e-05,
        "stdev": 0.00374914403073
    },
    "spectral_energyband_middle_low": {
        "max": 0.060858078301,
        "mean": 0.00854521151632,
        "min": 6.07572692388e-05,
        "stdev": 0.0124411126599
    },
    "spectral_entropy": {
        "max": 8.48841190338,
        "mean": 7.69062328339,
        "min": 6.41159582138,
        "stdev": 0.389414042234
    },
    "spectral_flux": {
        "max": 0.241430938244,
        "mean": 0.0661081895232,
        "min": 0.014171903953,
        "stdev": 0.0411743484437
    },
    "spectral_kurtosis": {
        "max": 15.007390976,
        "mean": 5.37992477417,
        "min": -0.329721927643,
        "stdev": 2.64397954941
    },
    "spectral_rms": {
        "max": 0.00800063367933,
        "mean": 0.00312536582351,
        "min": 0.000699065742083,
        "stdev": 0.00176265183836
    },
    "spectral_rolloff": {
        "max": 7428.95507812,
        "mean": 2047.3770752,
        "min": 215.33203125,
        "stdev": 1517.62780762
    },
    "spectral_skewness": {
        "max": 3.02922606468,
        "mean": 1.63892769814,
        "min": -0.448509573936,
        "stdev": 0.610851764679
    },
    "spectral_spread": {
        "max": 14497500,
        "mean": 3944118,
        "min": 2086792.875,
        "stdev": 1347703.125
    },
    "spectral_strongpeak": {
        "max": 6.491314888,
        "mean": 0.943712949753,
        "min": 0.017369421199,
        "stdev": 0.977481305599
    },
    "zerocrossingrate": {
        "max": 0.271484375,
        "mean": 0.0798570662737,
        "min": 0.01953125,
        "stdev": 0.0433952324092
    },
    "barkbands": {
        "max": [0.00017031673633, 0.00497704604641, 0.00439171679318, 0.00570565694943, 0.0161722674966, 0.0529061071575, 0.0490902177989, 0.0223090145737, 0.0319408029318, 0.00960101094097, 0.0241719372571, 0.0139579270035, 0.00434565916657, 0.00835316907614, 0.00467389822006, 0.00277249491774, 0.00537575548515, 0.00440712878481, 0.00815469585359, 0.00355601962656, 0.00829693302512, 0.00908922683448, 0.00664974423125, 0.000950591405854, 7.13450062904e-05, 7.41680050851e-05, 1.94576969079e-05],
        "mean": [1.08040867417e-05, 0.00026135816006, 0.000246165407589, 0.000343853113009, 0.00125184573699, 0.00311929523014, 0.00158999674022, 0.00107036135159, 0.000991120701656, 0.000551224278752, 0.000385190855013, 0.000414001231547, 0.000409463100368, 0.00039204346831, 0.000337010860676, 0.000297558872262, 0.000303598673781, 0.000250132026849, 0.00022550545691, 0.00013249561016, 0.000198888534214, 0.000228407050599, 0.000138351824717, 2.97360256809e-05, 9.97769529931e-06, 7.00996497471e-06, 1.32746436066e-06],
        "min": [1.49090928492e-09, 1.29941724936e-07, 1.73029789607e-07, 1.8935763535e-07, 1.63595132108e-06, 1.08098595319e-06, 1.75418176696e-06, 9.43117129282e-07, 2.82165387944e-06, 6.99507324953e-07, 5.05130799411e-07, 1.400371616e-06, 8.72816372066e-07, 1.99818214242e-06, 2.32065372074e-06, 3.63579306395e-06, 3.92371657654e-06, 2.17229285226e-06, 3.26382814819e-06, 1.28795090859e-06, 2.58222598859e-06, 1.46574018345e-06, 1.85890723969e-06, 7.35309697575e-07, 9.40413372064e-07, 3.99813927743e-07, 1.97956984138e-10],
        "stdev": [2.19877510972e-05, 0.000507617194671, 0.000410604377976, 0.000607650144957, 0.0022289911285, 0.00739763630554, 0.0045869234018, 0.00310138706118, 0.00250428984873, 0.000982769415714, 0.00135292112827, 0.00103119958658, 0.000513825390954, 0.000623145839199, 0.000516674364917, 0.000385951600038, 0.00065101130167, 0.000536922365427, 0.00074414908886, 0.000343168445397, 0.000617200392298, 0.000928638677578, 0.00060360878706, 7.19982999726e-05, 1.08267622636e-05, 1.15426310003e-05, 2.6045404411e-06]
    },
    "erbbands": {
        "max": [0.170764699578, 1.19853413105, 4.18007612228, 14.0459842682, 36.3316192627, 90.8498153687, 291.328094482, 680.022277832, 792.645141602, 854.153503418, 580.485595703, 609.427246094, 376.168640137, 241.15284729, 1254.24157715, 490.398651123, 189.569793701, 431.259643555, 273.108428955, 248.28767395, 155.102630615, 324.724395752, 243.671539307, 390.856933594, 184.018768311, 188.494277954, 218.466033936, 379.761932373, 336.175140381, 267.0184021, 232.644271851, 54.9194297791, 18.4281406403, 1.91856622696, 0.557510793209, 0.344373136759, 0.166571125388, 0.0461960732937, 0.0016804698389, 7.99832268967e-05],
        "mean": [0.0064388550818, 0.063457660377, 0.261614978313, 0.738915026188, 2.36938071251, 4.15843057632, 11.3647165298, 31.2399253845, 26.0674915314, 26.039850235, 19.7932739258, 21.7026805878, 19.5764350891, 15.2546749115, 18.8146533966, 16.3489665985, 17.3299846649, 20.4825706482, 18.4021568298, 17.8859977722, 15.7663011551, 17.3409614563, 14.3419561386, 14.5946512222, 7.37157249451, 6.31944513321, 6.08793306351, 9.65934276581, 8.3656835556, 5.23421478271, 4.00874471664, 1.12266981602, 0.489225804806, 0.150901690125, 0.0641712024808, 0.0288508404046, 0.0134803596884, 0.00364724686369, 0.000111791130621, 1.91089002328e-05],
        "min": [3.57064504897e-06, 3.63901053788e-05, 0.000373323069653, 0.00105708593037, 0.00507690338418, 0.00616260943934, 0.0124006820843, 0.0164403263479, 0.0523475967348, 0.0379481054842, 0.042041733861, 0.0690327435732, 0.0451528206468, 0.0444100499153, 0.0474715195596, 0.0796857327223, 0.057714112103, 0.0899751707911, 0.280845910311, 0.214864179492, 0.194642215967, 0.250232636929, 0.137114524841, 0.191597983241, 0.101208925247, 0.0656194612384, 0.10547541827, 0.0879317522049, 0.0627329051495, 0.052678052336, 0.0538836121559, 0.0190321337432, 0.0132201015949, 0.0140948398039, 0.00438021309674, 0.0020779625047, 0.000779558671638, 5.72159224248e-05, 3.47622722074e-06, 9.98318455459e-07],
        "stdev": [0.0156720187515, 0.116019025445, 0.412351369858, 1.16961812973, 4.2808713913, 8.67015075684, 28.7071228027, 84.159362793, 73.0806655884, 80.6513519287, 52.6454582214, 53.8361091614, 35.9980239868, 27.9033279419, 67.1511459351, 36.9763183594, 20.4643363953, 31.0223770142, 24.0705013275, 26.9939517975, 20.6997299194, 37.1749534607, 31.0909385681, 41.552822113, 19.9149627686, 16.8922634125, 16.431892395, 33.2988510132, 32.7279434204, 22.6594219208, 18.5856342316, 4.45158815384, 1.32127070427, 0.1775791049, 0.0804380178452, 0.0404617451131, 0.0241551585495, 0.00646890653297, 0.000206773416721, 1.87290224858e-05]
    },
    "gfcc": {
        "mean": [-43.1035041809, 68.2898406982, -146.538543701, 15.716714859, -64.5369186401, 9.67284393311, -42.7029380798, 5.31563615799, -21.6307086945, 2.91576743126, -20.0221843719, 1.70135045052, -13.5015468597],
        "cov": [[1568.56860352, 721.261535645, 113.714790344, -57.8992385864, -144.456817627, -599.151184082, -90.6719207764, -203.448669434, 55.9292984009, -71.8612213135, 135.844482422, -21.9799289703, 41.0769195557], [721.261535645, 1287.14196777, 439.909515381, -297.768981934, 38.6967163086, -386.896942139, -139.576965332, -67.6487808228, -4.49392461777, -73.9727554321, 89.3136749268, -32.5945205688, 43.1461181641], [113.714790344, 439.909515381, 1740.05664062, 541.881347656, 143.522750854, -156.59147644, -183.21496582, -32.3126945496, -10.9543046951, 41.2499008179, 50.8932304382, 108.359840393, 9.5261259079], [-57.8992385864, -297.768981934, 541.881347656, 998.649230957, 26.4415397644, 43.64818573, 142.265518188, -79.5355072021, 119.511314392, 34.4562683105, 6.8661737442, 40.2892570496, -8.86125087738], [-144.456817627, 38.6967163086, 143.522750854, 26.4415397644, 218.993515015, 21.3267688751, -37.860168457, 64.9015350342, -21.6640319824, 29.6570167542, -9.96451568604, 28.5483074188, -7.22592592239], [-599.151184082, -386.896942139, -156.59147644, 43.64818573, 21.3267688751, 482.707763672, 169.999984741, 117.358711243, -2.54629611969, 14.3872795105, -65.4286117554, -34.7410354614, -28.3013935089], [-90.6719207764, -139.576965332, -183.21496582, 142.265518188, -37.860168457, 169.999984741, 304.989196777, 44.2303199768, 54.4396896362, -26.1958122253, -21.4809570312, -28.9981174469, -40.4650306702], [-203.448669434, -67.6487808228, -32.3126945496, -79.5355072021, 64.9015350342, 117.358711243, 44.2303199768, 153.999053955, -1.38428139687, 13.5659580231, -16.355550766, -7.29357147217, -15.6071014404], [55.9292984009, -4.49392461777, -10.9543046951, 119.511314392, -21.6640319824, -2.54629611969, 54.4396896362, -1.38428139687, 103.414360046, 26.9288005829, 19.7914028168, -6.58843851089, -11.6981925964], [-71.8612213135, -73.9727554321, 41.2499008179, 34.4562683105, 29.6570167542, 14.3872795105, -26.1958122253, 13.5659580231, 26.9288005829, 83.923828125, 7.81627082825, 16.1242198944, -3.50047516823], [135.844482422, 89.3136749268, 50.8932304382, 6.8661737442, -9.96451568604, -65.4286117554, -21.4809570312, -16.355550766, 19.7914028168, 7.81627082825, 77.2160797119, 11.8424730301, 6.75088262558], [-21.9799289703, -32.5945205688, 108.359840393, 40.2892570496, 28.5483074188, -34.7410354614, -28.9981174469, -7.29357147217, -6.58843851089, 16.1242198944, 11.8424730301, 66.2535400391, 15.5225372314], [41.0769195557, 43.1461181641, 9.5261259079, -8.86125087738, -7.22592592239, -28.3013935089, -40.4650306702, -15.6071014404, -11.6981925964, -3.50047516823, 6.75088262558, 15.5225372314, 59.5787315369]],
        "icov": [[0.00172707706224, -0.000253487523878, -6.21675644652e-05, 0.000112754685688, 0.000359733763617, 0.00185096182395, -0.000704638834577, 0.000679682474583, -0.000454120832728, 0.000455536326626, -0.00122231664136, 0.00126937101595, -0.000612730917055], [-0.000253487523878, 0.00213932106271, -0.000987342558801, 0.00134104455356, -0.00134525320027, 0.00102703110315, -0.000832580204587, 0.000817213265691, -0.00148481037468, 0.00147372623906, -0.00087911344599, 0.00269611226395, -0.00185164972208], [-6.21675644652e-05, -0.000987342558801, 0.00141209946014, -0.00132775038946, 0.000430802145274, -0.000550738652237, 0.00121836073231, -0.000898725003935, 0.00124630075879, -0.000538242980838, 0.000113248534035, -0.00216077151708, 0.00148053769954], [0.000112754685688, 0.00134104455356, -0.00132775038946, 0.00284176156856, -0.00137099600397, 0.000594275828917, -0.0018285078695, 0.00234192167409, -0.00299564516172, 0.000819195061922, -0.000193295549252, 0.00146570301149, -0.00182637455873], [0.000359733763617, -0.00134525320027, 0.000430802145274, -0.00137099600397, 0.00741181522608, -0.000142035249155, 0.00132517237216, -0.00371466926299, 0.00262076337822, -0.00228777783923, 0.00105906359386, -0.00343704991974, 0.00236746296287], [0.00185096182395, 0.00102703110315, -0.000550738652237, 0.000594275828917, -0.000142035249155, 0.00638713035733, -0.00297406665049, -0.000883311207872, 0.000115583468869, -0.000243196904194, -0.000228558375966, 0.00428794790059, -0.0021608567331], [-0.000704638834577, -0.000832580204587, 0.00121836073231, -0.0018285078695, 0.00132517237216, -0.00297406665049, 0.00730552105233, -0.00222136429511, -0.00165086239576, 0.00261744041927, 0.000976239563897, -0.00265192333609, 0.00415981654078], [0.000679682474583, 0.000817213265691, -0.000898725003935, 0.00234192167409, -0.00371466926299, -0.000883311207872, -0.00222136429511, 0.0115487929434, -0.0024380069226, 8.4930259618e-05, -0.000800200097729, 0.00219521694817, -0.000876934442203], [-0.000454120832728, -0.00148481037468, 0.00124630075879, -0.00299564516172, 0.00262076337822, 0.000115583468869, -0.00165086239576, -0.0024380069226, 0.0175925642252, -0.00749466195703, -0.00259731756523, 0.000272598030278, 0.00259363348596], [0.000455536326626, 0.00147372623906, -0.000538242980838, 0.000819195061922, -0.00228777783923, -0.000243196904194, 0.00261744041927, 8.4930259618e-05, -0.00749466195703, 0.0180890280753, -0.00167076860089, -0.00168353726622, 0.00045273185242], [-0.00122231664136, -0.00087911344599, 0.000113248534035, -0.000193295549252, 0.00105906359386, -0.000228558375966, 0.000976239563897, -0.000800200097729, -0.00259731756523, -0.00167076860089, 0.0175529588014, -0.00422797584906, 0.000410300446674], [0.00126937101595, 0.00269611226395, -0.00216077151708, 0.00146570301149, -0.00343704991974, 0.00428794790059, -0.00265192333609, 0.00219521694817, 0.000272598030278, -0.00168353726622, -0.00422797584906, 0.0253720544279, -0.00804695580155], [-0.000612730917055, -0.00185164972208, 0.00148053769954, -0.00182637455873, 0.00236746296287, -0.0021608567331, 0.00415981654078, -0.000876934442203, 0.00259363348596, 0.00045273185242, 0.000410300446674, -0.00804695580155, 0.0224816855043]]
    },
    "melbands": {
        "max": [0.00151195912622, 0.00160589104053, 0.00236762291752, 0.00374117167667, 0.0081272656098, 0.0130161913112, 0.011716529727, 0.00884814281017, 0.00466919876635, 0.0033065690659, 0.00193085800856, 0.00101818214171, 0.00354502769187, 0.00189007853623, 0.000590982090216, 0.000405072845751, 0.000954336428549, 0.000435977679444, 0.000373322836822, 0.00024731841404, 0.000205121614272, 0.000358100689482, 0.000291502539767, 0.000217948865611, 0.000355094496626, 0.000288757728413, 0.000117704657896, 0.000134738133056, 0.000104022881715, 0.000237472486333, 0.00023728486849, 0.000248477241257, 0.000199772446649, 0.000109604370664, 0.000134925474413, 9.16924254852e-05, 1.78074751602e-05, 1.12733041533e-05, 9.11323786568e-06, 7.94724314801e-07],
        "mean": [6.40167927486e-05, 0.000120963573863, 0.000176393485162, 0.000232315986068, 0.000358699675417, 0.000668778491672, 0.000382028374588, 0.000279873755062, 0.00015733820328, 0.00013611173199, 9.66260340647e-05, 6.15117460256e-05, 5.68896248296e-05, 5.33150232513e-05, 3.74349983758e-05, 4.02939331252e-05, 3.72995382349e-05, 2.99334787996e-05, 2.60746364802e-05, 2.19526336878e-05, 1.76446374098e-05, 1.81009836524e-05, 1.54146364366e-05, 1.13957848953e-05, 1.23765730677e-05, 6.71090492688e-06, 4.20114429289e-06, 4.14961277784e-06, 3.54167491423e-06, 4.21481945523e-06, 6.23504456598e-06, 5.10492463945e-06, 3.70807265426e-06, 2.44311945607e-06, 2.36099344875e-06, 1.74081026216e-06, 2.98287659461e-07, 3.20317582236e-07, 2.30084665986e-07, 1.0259050498e-07],
        "min": [3.72425468242e-08, 1.34451255462e-07, 4.93242794164e-07, 3.29370834606e-07, 4.10333598211e-07, 2.59402384017e-07, 7.31756472305e-07, 3.16989570592e-07, 3.87736321272e-07, 4.03355556955e-07, 2.14885574223e-07, 1.43115784113e-07, 1.90805394595e-07, 1.56207093482e-07, 1.60695165619e-07, 8.90092408667e-08, 1.62790414038e-07, 3.76352375042e-07, 1.65713402112e-07, 2.8941528285e-07, 1.86605390695e-07, 2.93042262456e-07, 1.09356136591e-07, 7.62260796705e-08, 1.61662597975e-07, 6.4295633706e-08, 5.53336150233e-08, 3.19866408915e-08, 3.92651848813e-08, 6.19702404947e-08, 4.30545270547e-08, 2.98059141812e-08, 2.63546073853e-08, 1.81124057974e-08, 3.19971533713e-08, 2.02117416137e-08, 8.91900597821e-09, 1.09813598215e-08, 6.55109877457e-09, 1.02674961866e-08],
        "stdev": [0.000137169612572, 0.000178938425961, 0.000263991038082, 0.000427077931818, 0.000833491154481, 0.00168878748082, 0.00104534381535, 0.000857566425111, 0.000433384091593, 0.000325606175466, 0.000181995797902, 0.00011370008724, 0.000197389163077, 0.000150999127072, 5.90206436755e-05, 5.08140619786e-05, 6.43410021439e-05, 4.10950196965e-05, 4.04530401283e-05, 3.27835841745e-05, 2.42022833845e-05, 3.89439810533e-05, 3.60180238204e-05, 2.58006475633e-05, 3.75200834242e-05, 2.44034672505e-05, 1.0908150216e-05, 1.17105473691e-05, 9.1636156867e-06, 1.40355678013e-05, 2.26606280194e-05, 2.09024383366e-05, 1.55719717441e-05, 1.08075346361e-05, 1.11463177745e-05, 8.08736695035e-06, 1.00498903066e-06, 8.35763216855e-07, 6.18921319528e-07, 1.14632634052e-07]
    },
    "melbands128": {
        "max": [0.000158394846949, 0.00142552854959, 0.00258491444401, 0.00228394242004, 0.00201962143183, 0.00226351572201, 0.0030783531256, 0.00260685873218, 0.00481774844229, 0.0047961352393, 0.00708372611552, 0.00732519850135, 0.0149142108858, 0.01176116243, 0.0227816551924, 0.0193870831281, 0.0202909857035, 0.0223599262536, 0.010025722906, 0.0159503277391, 0.00771303987131, 0.00731760449708, 0.00651797698811, 0.0127670234069, 0.00576055981219, 0.00487470440567, 0.00439002225175, 0.00151688372716, 0.00310189928859, 0.00182624708395, 0.00130817224272, 0.00166902702767, 0.00325330300257, 0.00811386760324, 0.00394010264426, 0.00208178069443, 0.00163982308004, 0.000919602636714, 0.00104266824201, 0.000408613821492, 0.000817757914774, 0.000527252792381, 0.000909973576199, 0.00224901922047, 0.000809389748611, 0.000540396664292, 0.000629333138932, 0.000928284600377, 0.000530497578438, 0.000558736617677, 0.000409422413213, 0.000260985281784, 0.00026096063084, 0.000325064960634, 0.00050158414524, 0.00058514799457, 0.000714770634659, 0.000358419871191, 0.000536186853424, 0.000421553646447, 0.000404272315791, 0.000438721384853, 0.000433513108874, 0.000377039978048, 0.00121826562099, 0.000157839502208, 0.000100683428172, 0.000117881034384, 0.000122647921671, 0.000190003789612, 0.000220958492719, 0.000104792823549, 0.000118041840324, 9.94695437839e-05, 9.6873001894e-05, 0.000276239879895, 0.000304157903884, 0.000195648099179, 0.000316624704283, 0.000251287041465, 0.000402502570068, 0.00018933499814, 0.000120060845802, 0.000229206852964, 0.000287209782982, 0.000177503956365, 6.22454535915e-05, 0.000229705197853, 0.000174852102646, 0.000215473904973, 0.000184078657185, 8.3859442384e-05, 5.22526643181e-05, 1.42178296301e-05, 1.38353345847e-06, 1.0746383623e-06, 5.62347850064e-06, 4.56648049294e-05, 1.22115454815e-06, 1.35153118208e-06, 1.17041281555e-06, 1.04648370325e-06, 1.31705417061e-06, 1.68767780906e-06, 8.63166405907e-07, 4.9950057246e-07, 5.47943329821e-07, 7.89849252669e-07, 9.84512666946e-07, 4.77432479329e-07, 5.4625724033e-07, 5.90927413668e-07, 6.27107283435e-07, 8.54712482123e-07, 6.15970236595e-07, 5.69997837374e-07, 5.84865233577e-07, 3.19833844742e-07, 4.82463278217e-08, 7.59194929145e-09, 7.32850224949e-09, 4.23451806952e-09, 4.15289047595e-09, 4.04889632932e-09, 3.95210753013e-09, 3.93840648982e-09, 3.89904597498e-09, 3.87607190788e-09],
        "mean": [9.28040753934e-06, 4.799549788e-05, 7.74640502641e-05, 0.000112222936878, 0.000129682608531, 0.000119189862744, 0.000129686872242, 0.000193025713088, 0.00024972789106, 0.000234230858041, 0.000209213976632, 0.000272978970315, 0.000358271674486, 0.000491129583679, 0.000798601598945, 0.00073541974416, 0.000459675036836, 0.000340622878866, 0.000228297460126, 0.000327594956616, 0.000293836172204, 0.000172359417775, 0.00012063144095, 0.000171755149495, 0.000138502728078, 0.000129928812385, 0.000115004724648, 9.24710693653e-05, 8.4055638581e-05, 6.74334369251e-05, 5.7368670241e-05, 3.97029652959e-05, 5.40543042007e-05, 7.26046710042e-05, 6.34742173133e-05, 4.82296636619e-05, 3.47470486304e-05, 3.66225212929e-05, 4.19714779127e-05, 3.07430600515e-05, 4.49427097919e-05, 4.51811720268e-05, 3.47858112946e-05, 3.70094421669e-05, 3.27805901179e-05, 2.86486974801e-05, 2.4896397008e-05, 2.92872027785e-05, 2.42879741563e-05, 2.31596113736e-05, 2.33332775679e-05, 1.88475769392e-05, 1.74340566446e-05, 1.64343346114e-05, 1.89276906895e-05, 1.77428682946e-05, 1.87436635315e-05, 1.65784804267e-05, 1.48381259351e-05, 1.18849538921e-05, 1.09172096927e-05, 1.05585259007e-05, 1.3242211935e-05, 1.12796551548e-05, 1.44686900967e-05, 5.12375481776e-06, 3.64090396943e-06, 4.38359620603e-06, 4.2209176172e-06, 4.1985849748e-06, 4.44400438937e-06, 3.94002199755e-06, 3.68112318938e-06, 3.33067123393e-06, 3.46894557879e-06, 4.1594639697e-06, 4.17409592046e-06, 5.60469652555e-06, 7.19299214325e-06, 6.09702874499e-06, 5.70400379729e-06, 4.57180431113e-06, 3.6578135223e-06, 3.86106876249e-06, 3.53618611371e-06, 2.85104192699e-06, 1.63234983575e-06, 2.4670109724e-06, 2.11932660932e-06, 2.63824608737e-06, 2.67773748419e-06, 1.28334670535e-06, 5.78983247124e-07, 2.45453179559e-07, 1.33495305477e-07, 1.55561153292e-07, 3.16993265415e-07, 6.89889077421e-07, 1.11186921004e-07, 1.23029778365e-07, 1.07966208418e-07, 9.70587592519e-08, 9.57032781912e-08, 9.82084316092e-08, 6.61153762849e-08, 5.2827658692e-08, 5.56845982658e-08, 5.59871189409e-08, 4.72996859457e-08, 4.49538291036e-08, 4.32713846976e-08, 4.45896795043e-08, 4.88344653604e-08, 3.92212697875e-08, 3.13477421798e-08, 3.68211559021e-08, 4.11459062377e-08, 9.97605376085e-09, 1.65030644705e-09, 4.04172008361e-11, 2.94791309419e-11, 1.50614330036e-11, 1.71711395103e-11, 1.00052457638e-11, 9.41837059731e-12, 8.94575039045e-12, 8.63182615662e-12, 8.54860626731e-12],
        "min": [2.55381462505e-11, 8.78440253871e-09, 2.01073522277e-08, 4.66893297357e-08, 6.80409257825e-08, 6.95822137686e-08, 8.95906637766e-08, 5.45602105717e-08, 1.95475223563e-07, 2.27872362757e-07, 1.61312541991e-07, 3.49609550199e-08, 6.46144897587e-08, 3.41455326236e-08, 6.79196006104e-08, 6.35834780383e-08, 7.92866572397e-08, 3.18087955975e-07, 1.70471508909e-07, 2.68679059445e-07, 1.04350142749e-07, 9.64597859365e-08, 8.16059895214e-08, 1.79279993517e-07, 8.22866823569e-08, 2.23343135985e-07, 8.73774865795e-08, 5.89104303117e-08, 5.77146828107e-08, 8.74752075219e-08, 5.12333926395e-08, 3.94267694048e-08, 8.11867835182e-08, 6.08717840578e-08, 8.3611510604e-08, 8.05974096352e-08, 9.04753392206e-08, 1.10742860215e-07, 4.40802061519e-08, 6.09997741208e-08, 9.01438994561e-08, 9.22118061908e-08, 1.33357744403e-07, 7.98924730816e-08, 4.82564175286e-08, 1.60057012977e-07, 9.43119502494e-08, 1.66911661381e-07, 1.36269420636e-07, 1.59874161909e-07, 2.71568666221e-07, 1.7013982756e-07, 1.9076107094e-07, 6.89737618131e-08, 1.0308647802e-07, 1.2166150043e-07, 1.24706872384e-07, 1.04598370854e-07, 6.7110867974e-08, 3.54364573241e-08, 6.39349480025e-08, 5.52532988252e-08, 7.70544943407e-08, 9.41504865182e-08, 8.46483061423e-08, 1.52846322266e-08, 2.02068637378e-08, 2.75444929088e-08, 4.93915202071e-08, 3.17693533702e-08, 3.81138960392e-08, 2.33537047478e-08, 1.87991506806e-08, 4.92096319249e-08, 3.39789956172e-08, 3.19869712939e-08, 3.45576971483e-08, 3.08369862978e-08, 3.10949772597e-08, 2.1161023156e-08, 1.49818397688e-08, 1.08324362813e-08, 1.21787033791e-08, 1.66482898578e-08, 1.22484244969e-08, 7.69922436916e-09, 1.17914398245e-08, 1.75536687408e-08, 1.32919497631e-08, 1.67514961902e-08, 2.24753335942e-08, 1.16464162758e-08, 5.07110220482e-09, 5.61321122916e-09, 5.02965136207e-09, 9.08765152019e-09, 1.28370922781e-08, 2.82406076302e-09, 2.67567501488e-09, 5.84657211533e-09, 1.06239976816e-08, 4.51662263146e-09, 3.10079606436e-09, 3.26461901956e-09, 2.48230658251e-09, 1.98674765528e-09, 2.13060613596e-09, 1.26673227463e-09, 2.260259091e-09, 1.96279015263e-09, 2.77835288109e-09, 2.45110887143e-09, 1.64582414364e-09, 1.58822111018e-09, 1.08745423777e-09, 1.16257857508e-10, 6.38959100473e-13, 5.3403494734e-13, 4.9610109857e-13, 6.07687240372e-13, 3.75295768854e-13, 3.98756684139e-13, 5.19920857669e-13, 4.72094965117e-13, 3.60917865689e-13, 1.18562698179e-13, 2.04285712153e-14, 4.01353353636e-16],
        "stdev": [1.99792884814e-05, 0.000126806189655, 0.000198072142666, 0.000206069424166, 0.000218263638089, 0.000204434370971, 0.000241158835706, 0.000358235178282, 0.000522984424606, 0.000581110653002, 0.000579551095143, 0.000727971550077, 0.00122600537725, 0.00152540556155, 0.00263581331819, 0.00219568470493, 0.00146173057146, 0.00158292974811, 0.000770642887801, 0.00136259431019, 0.000983400037512, 0.000667640648317, 0.000462411524495, 0.000740308023524, 0.000443091790657, 0.000388533168007, 0.000352702511009, 0.000177968628122, 0.000225944721024, 0.0001617801463, 0.000137914437801, 0.000109560496639, 0.000225466617849, 0.000386313040508, 0.000217778040678, 0.000157187329023, 0.000103301892523, 7.14895722922e-05, 6.91019522492e-05, 4.4254851673e-05, 8.02825088613e-05, 6.36449694866e-05, 6.09638227616e-05, 0.000132754124934, 5.60855442018e-05, 4.44973447884e-05, 4.56895759271e-05, 6.4585430664e-05, 5.11953767273e-05, 4.85210111947e-05, 3.895827831e-05, 3.45982371073e-05, 2.77551916952e-05, 2.58179206867e-05, 5.03699448018e-05, 4.67872414447e-05, 6.124972424e-05, 3.95703682443e-05, 4.13890484197e-05, 3.50553091266e-05, 2.74955164059e-05, 3.29853464791e-05, 3.99873642891e-05, 3.71042042389e-05, 9.14667907637e-05, 1.47838263729e-05, 9.07998219191e-06, 1.2670230717e-05, 1.18738680612e-05, 1.30851221911e-05, 1.57382019097e-05, 1.11152266982e-05, 1.01576933957e-05, 9.00335999177e-06, 9.53596099862e-06, 1.54833651322e-05, 1.64087450685e-05, 1.90540686162e-05, 2.72319175565e-05, 2.59399275819e-05, 2.66614570137e-05, 1.84898490261e-05, 1.4487174667e-05, 1.70760577021e-05, 1.78962218342e-05, 1.41088457895e-05, 6.19538559476e-06, 1.36886928885e-05, 1.06018624138e-05, 1.44483965414e-05, 1.32367713377e-05, 5.8261562117e-06, 2.79476694232e-06, 7.56980909955e-07, 1.34795328677e-07, 1.39088072615e-07, 6.69445569201e-07, 2.94156780001e-06, 1.30628038164e-07, 1.35812385338e-07, 1.17010088729e-07, 1.22448554407e-07, 1.52980888402e-07, 1.78229996095e-07, 8.75787620203e-08, 6.76066420624e-08, 7.55763593929e-08, 8.71830891924e-08, 8.16311285234e-08, 7.24537869701e-08, 7.39415213502e-08, 8.6917275155e-08, 9.17775864195e-08, 8.29363173693e-08, 6.94235424703e-08, 6.90135522063e-08, 8.02474318107e-08, 3.44204238445e-08, 5.68287772396e-09, 4.16847750762e-10, 3.66532804108e-10, 1.89826210306e-10, 2.15396311898e-10, 1.7243259598e-10, 1.68301983461e-10, 1.67736644019e-10, 1.66069949459e-10, 1.65092828297e-10]
    },
    "mfcc": {
        "mean": [-677.032287598, 104.885734558, -27.2619514465, 5.23746490479, -5.6709446907, 1.25837922096, -10.9943170547, -0.661159694195, -2.1623237133, -1.48009741306, -1.97518002987, -0.325164437294, -5.53061914444],
        "cov": [[1649.01245117, 425.877746582, -311.350280762, 173.207702637, -318.493865967, -232.692855835, -224.601516724, -175.402572632, -126.104042053, -125.587417603, -25.3308811188, 50.4277915955, -82.3302078247], [425.877746582, 1628.60375977, 212.160827637, -169.077835083, 157.906326294, -445.952484131, -75.0638122559, -225.718704224, -72.9387969971, -223.787139893, -15.2454996109, 34.5693626404, -97.2095718384], [-311.350280762, 212.160827637, 1324.60290527, 626.979919434, 293.745178223, 91.1309204102, -17.82239151, -30.3728694916, -32.4669036865, -35.719833374, -66.7178039551, 66.5899047852, 49.2538871765], [173.207702637, -169.077835083, 626.979919434, 880.291137695, 121.516990662, 115.116371155, -91.3065414429, -14.382900238, -35.3518714905, -27.2470684052, -17.4809875488, 48.5044937134, 50.4728775024], [-318.493865967, 157.906326294, 293.745178223, 121.516990662, 357.857696533, -42.8753089905, 8.94459056854, -64.8950042725, -2.50603675842, -43.6832199097, -14.7802066803, 10.0248699188, 16.7941741943], [-232.692855835, -445.952484131, 91.1309204102, 115.116371155, -42.8753089905, 311.715423584, 68.564239502, 123.298454285, 52.1419181824, 96.621383667, 26.7618637085, 1.103926301, 19.5114688873], [-224.601516724, -75.0638122559, -17.82239151, -91.3065414429, 8.94459056854, 68.564239502, 172.305633545, 106.680900574, 54.0850372314, 56.5253105164, 14.5766477585, -12.8706512451, 5.32039499283], [-175.402572632, -225.718704224, -30.3728694916, -14.382900238, -64.8950042725, 123.298454285, 106.680900574, 189.434997559, 65.9051818848, 87.5986557007, 30.1015300751, -6.06548881531, 6.97029495239], [-126.104042053, -72.9387969971, -32.4669036865, -35.3518714905, -2.50603675842, 52.1419181824, 54.0850372314, 65.9051818848, 97.957611084, 49.3682136536, 24.3649864197, 2.08647084236, -2.26232004166], [-125.587417603, -223.787139893, -35.719833374, -27.2470684052, -43.6832199097, 96.621383667, 56.5253105164, 87.5986557007, 49.3682136536, 133.982818604, 41.5931167603, 4.67260742188, 12.8313379288], [-25.3308811188, -15.2454996109, -66.7178039551, -17.4809875488, -14.7802066803, 26.7618637085, 14.5766477585, 30.1015300751, 24.3649864197, 41.5931167603, 78.242805481, 18.2656497955, -4.20693588257], [50.4277915955, 34.5693626404, 66.5899047852, 48.5044937134, 10.0248699188, 1.103926301, -12.8706512451, -6.06548881531, 2.08647084236, 4.67260742188, 18.2656497955, 79.7750320435, 14.033829689], [-82.3302078247, -97.2095718384, 49.2538871765, 50.4728775024, 16.7941741943, 19.5114688873, 5.32039499283, 6.97029495239, -2.26232004166, 12.8313379288, -4.20693588257, 14.033829689, 61.7797203064]],
        "icov": [[0.00160975509789, -0.000388455868233, 0.000637844903395, -0.00106925365981, 0.0015901644947, 0.00051563460147, 0.00035610049963, 0.000709355459549, 0.000698186457157, -0.000292528158752, 0.000868376810104, -0.0013151136227, 0.00163741188589], [-0.000388455868233, 0.00167678052094, -0.000814560509752, 0.000664795108605, -0.000287030241452, 0.00169786147308, -0.00070888310438, 0.000335393706337, -0.000421970355092, 0.00164007639978, -0.00158533768263, -0.000247155432589, 0.0013841134496], [0.000637844903395, -0.000814560509752, 0.00201825308613, -0.00146015558857, -0.000322417065036, -0.000814413186163, 4.2735671741e-05, 4.7039527999e-05, 0.000710911117494, -0.00102644029539, 0.00226991274394, -0.00129396782722, 0.000175781868165], [-0.00106925365981, 0.000664795108605, -0.00146015558857, 0.00291078654118, -0.00117479800247, -0.000622950377874, 0.00111609289888, -0.00101016252302, -0.000265398994088, 0.0012430875795, -0.0014513611095, 0.00063912459882, -0.00157079694327], [0.0015901644947, -0.000287030241452, -0.000322417065036, -0.00117479800247, 0.00573606742546, 0.00112141820136, -0.00130311085377, 0.00282964087091, -0.00059377704747, 0.000676988973282, -0.000184939301107, -0.000743910379242, 0.000757865374908], [0.00051563460147, 0.00169786147308, -0.000814413186163, -0.000622950377874, 0.00112141820136, 0.00752746686339, -0.00104758620728, -0.00103153416421, -0.000610699935351, -0.000491399783641, -0.00142334960401, -0.000501102011185, 0.00213795737363], [0.00035610049963, -0.00070888310438, 4.2735671741e-05, 0.00111609289888, -0.00130311085377, -0.00104758620728, 0.0113840466365, -0.00572008732706, -0.00133307604119, -0.00113985431381, 0.00118094473146, 0.000988916377537, -0.00119298277423], [0.000709355459549, 0.000335393706337, 4.7039527999e-05, -0.00101016252302, 0.00282964087091, -0.00103153416421, -0.00572008732706, 0.0133391031995, -0.00295333540998, -0.00237839343026, -0.000807099335361, -7.00532327755e-05, 0.00115181773435], [0.000698186457157, -0.000421970355092, 0.000710911117494, -0.000265398994088, -0.00059377704747, -0.000610699935351, -0.00133307604119, -0.00295333540998, 0.015680545941, -0.0028909582179, -0.000703521247488, -0.00151187472511, 0.00218899268657], [-0.000292528158752, 0.00164007639978, -0.00102644029539, 0.0012430875795, 0.000676988973282, -0.000491399783641, -0.00113985431381, -0.00237839343026, -0.0028909582179, 0.0157470759004, -0.00650977762416, 3.93835944124e-05, -0.0014974657679], [0.000868376810104, -0.00158533768263, 0.00226991274394, -0.0014513611095, -0.000184939301107, -0.00142334960401, 0.00118094473146, -0.000807099335361, -0.000703521247488, -0.00650977762416, 0.0199524722993, -0.00529584567994, 0.00241589779034], [-0.0013151136227, -0.000247155432589, -0.00129396782722, 0.00063912459882, -0.000743910379242, -0.000501102011185, 0.000988916377537, -7.00532327755e-05, -0.00151187472511, 3.93835944124e-05, -0.00529584567994, 0.0166467260569, -0.00555440830067], [0.00163741188589, 0.0013841134496, 0.000175781868165, -0.00157079694327, 0.000757865374908, 0.00213795737363, -0.00119298277423, 0.00115181773435, 0.00218899268657, -0.0014974657679, 0.00241589779034, -0.00555440830067, 0.0225986503065]]
    },
    "spectral_contrast_coeffs": {
        "max": [-0.414817214012, -0.447337567806, -0.595062971115, -0.631538212299, -0.61571931839, -0.459523767233],
        "mean": [-0.71875, -0.765978515148, -0.810152351856, -0.826312422752, -0.802568554878, -0.751031696796],
        "min": [-0.910058498383, -0.931943535805, -0.9313326478, -0.897721171379, -0.877162635326, -0.874875307083],
        "stdev": [0.0920363590121, 0.107649981976, 0.0531111843884, 0.0395727604628, 0.0451362356544, 0.0756327584386]
    },
    "spectral_contrast_valleys": {
        "max": [-5.64728498459, -4.83108043671, -5.31403875351, -6.13404083252, -5.73957920074, -9.60300731659],
        "mean": [-7.84669399261, -7.01399946213, -7.24502944946, -7.27088975906, -7.67804956436, -10.5535545349],
        "min": [-10.2751731873, -8.6610622406, -9.44591617584, -9.28532791138, -9.09109401703, -11.6019468307],
        "stdev": [0.885695695877, 0.674323856831, 0.729726374149, 0.637431323528, 0.509771585464, 0.394652098417]
    }
},
"rhythm": {
    "beats_count": 29,
    "beats_loudness": {
        "max": 0.0651927962899,
        "mean": 0.0157308895141,
        "min": 0.00137592072133,
        "stdev": 0.0167192537338
    },
    "bpm": 130.983047485,
    "bpm_histogram_first_peak_bpm": 133,
    "bpm_histogram_first_peak_weight": 0.461538493633,
    "bpm_histogram_second_peak_bpm": 126,
    "bpm_histogram_second_peak_spread": 0.199999988079,
    "bpm_histogram_second_peak_weight": 0.142857149243,
    "danceability": 0.972284257412,
    "onset_rate": 3.29169988632,
    "beats_loudness_band_ratio": {
        "max": [0.305158346891, 0.784834802151, 0.797732651234, 0.513010919094, 0.450988560915, 0.811389148235],
        "mean": [0.0982356220484, 0.252684026957, 0.237073808908, 0.160676181316, 0.147928535938, 0.144742771983],
        "min": [0.0014383229427, 0.00640323804691, 0.00919101200998, 0.00183636602014, 0.0181387457997, 0.00387440365739],
        "stdev": [0.0898548588157, 0.261593878269, 0.19898417592, 0.166426450014, 0.128318488598, 0.245251998305]
    },
    "beats_position": [0.348299324512, 0.719818592072, 1.11455774307, 1.49768710136, 1.86920630932, 2.26394557953, 2.65868473053, 3.03020405769, 3.40172338486, 3.76163268089, 4.12154197693, 4.59755086899, 5.08516979218, 5.56117916107, 6.025578022, 6.5015873909, 6.96598625183, 7.44199514389, 7.90639448166, 8.37079334259, 8.83519268036, 9.287981987, 9.74077033997, 10.2051696777, 10.6579589844, 11.110748291, 11.5635375977, 12.0163259506, 12.4691152573],
