{
"metadata": {
    "version": {
        "essentia": "2.1-beta5",
        "essentia_git_sha": "Undefined",
        "extractor": "music 2.0"
    },
    "audio_properties": {
        "analysis": {
            "equal_loudness": 0,
            "length": 48.7502937317,
            "sample_rate": 44100,
            "start_time": 45.2440834045,
            "downmix": "mix"
        },
        "bit_rate": 192000,
        "length": 193.085540771,
        "lossless": 0,
        "number_channels": 2,
        "replay_gain": -8.86667823792,
        "sample_rate": 48000,
        "codec": "mp3",
        "md5_encoded": "dfdf1984836ca59e0576d11e7354d7c1"
    },
    "tags": {
        "file_name": "Switzerland_Il Pleut de L_Or_Michael von der Heide.mp3",
        "encoding": ["Lavf58.29.100"]
    }
},
"lowlevel": {
    "average_loudness": 0.945542633533,
    "barkbands_crest": {
        "max": 24.8830871582,
        "mean": 10.3379812241,
        "min": 2.63343572617,
        "stdev": 4.808614254
    },
    "barkbands_flatness_db": {
        "max": 0.27503067255,
        "mean": 0.10683105886,
        "min": 0.0200897455215,
        "stdev": 0.0415404997766
    },
    "barkbands_kurtosis": {
        "max": 64.1298217773,
        "mean": 2.56549119949,
        "min": -1.90512371063,
        "stdev": 5.34008646011
    },
    "barkbands_skewness": {
        "max": 7.49449777603,
        "mean": 1.37653911114,
        "min": -2.17470002174,
        "stdev": 1.07251405716
    },
    "barkbands_spread": {
        "max": 121.877967834,
        "mean": 30.6488895416,
        "min": 3.73113036156,
        "stdev": 18.104675293
    },
    "dissonance": {
        "max": 0.499346196651,
        "mean": 0.469980239868,
        "min": 0.328541219234,
        "stdev": 0.0206462964416
    },
    "dynamic_complexity": 2.87693572044,
    "erbbands_crest": {
        "max": 23.4573764801,
        "mean": 7.53109121323,
        "min": 2.28245258331,
        "stdev": 3.29225468636
    },
    "erbbands_flatness_db": {
        "max": 0.23944722116,
        "mean": 0.128737911582,
        "min": 0.0472582615912,
        "stdev": 0.0344888605177
    },
    "erbbands_kurtosis": {
        "max": 6.1476764679,
        "mean": -0.131622612476,
        "min": -1.77041065693,
        "stdev": 1.05345857143
    },
    "erbbands_skewness": {
        "max": 2.25469660759,
        "mean": 0.0907351002097,
        "min": -2.31249475479,
        "stdev": 0.608261883259
    },
    "erbbands_spread": {
        "max": 125.432929993,
        "mean": 43.7054100037,
        "min": 10.8636732101,
        "stdev": 16.2612056732
    },
    "hfc": {
        "max": 264.789520264,
        "mean": 26.2924098969,
        "min": 0.94670689106,
        "stdev": 27.8659305573
    },
    "loudness_ebu128": {
        "integrated": -14.7925138474,
        "loudness_range": 4.13384151459,
        "momentary": {
            "max": -11.8306312561,
            "mean": -15.3369855881,
            "min": -20.9698238373,
            "stdev": 2.27866244316
        },
        "short_term": {
            "max": -12.5530433655,
            "mean": -15.0433769226,
            "min": -18.2562065125,
            "stdev": 1.57762289047
        }
    },
    "melbands_crest": {
        "max": 32.5439147949,
        "mean": 14.9900474548,
        "min": 3.59130358696,
        "stdev": 6.08459997177
    },
    "melbands_flatness_db": {
        "max": 0.368737995625,
        "mean": 0.167754486203,
        "min": 0.0269399229437,
        "stdev": 0.0561541169882
    },
    "melbands_kurtosis": {
        "max": 167.267089844,
        "mean": 11.6558265686,
        "min": -1.6518406868,
        "stdev": 14.814874649
    },
    "melbands_skewness": {
        "max": 10.7537555695,
        "mean": 2.66408419609,
        "min": -0.679227411747,
        "stdev": 1.4649784565
    },
    "melbands_spread": {
        "max": 213.227905273,
        "mean": 30.674074173,
        "min": 1.99197626114,
        "stdev": 25.2266845703
    },
    "pitch_salience": {
        "max": 0.835677921772,
        "mean": 0.531633138657,
        "min": 0.142179146409,
        "stdev": 0.119741819799
    },
    "silence_rate_20dB": {
        "max": 1,
        "mean": 1,
        "min": 1,
        "stdev": 0
    },
    "silence_rate_30dB": {
        "max": 1,
        "mean": 1,
        "min": 1,
        "stdev": 0
    },
    "silence_rate_60dB": {
        "max": 1,
        "mean": 0.0242741554976,
        "min": 0,
        "stdev": 0.153898581862
    },
    "spectral_centroid": {
        "max": 4678.80615234,
        "mean": 1685.75244141,
        "min": 315.011962891,
        "stdev": 676.538024902
    },
    "spectral_complexity": {
        "max": 54,
        "mean": 20.1980018616,
        "min": 2,
        "stdev": 8.2105178833
    },
    "spectral_decrease": {
        "max": -2.62349031388e-10,
        "mean": -6.04045879982e-09,
        "min": -2.1971287012e-08,
        "stdev": 3.97592891943e-09
    },
    "spectral_energy": {
        "max": 0.0887193828821,
        "mean": 0.0251829121262,
        "min": 0.00107603450306,
        "stdev": 0.0160803757608
    },
    "spectral_energyband_high": {
        "max": 0.0255649928004,
        "mean": 0.00149802665692,
        "min": 9.66592415352e-06,
        "stdev": 0.00271853175946
    },
    "spectral_energyband_low": {
        "max": 0.0560748800635,
        "mean": 0.00919453054667,
        "min": 1.02504600363e-05,
        "stdev": 0.00877066142857
    },
    "spectral_energyband_middle_high": {
        "max": 0.0354908555746,
        "mean": 0.00538661982864,
        "min": 0.000139205687447,
        "stdev": 0.00554208271205
    },
    "spectral_energyband_middle_low": {
        "max": 0.0733809173107,
        "mean": 0.00991403218359,
        "min": 0.000413568952354,
        "stdev": 0.0100965835154
    },
    "spectral_entropy": {
        "max": 8.77785682678,
        "mean": 7.84563827515,
        "min": 6.63036680222,
        "stdev": 0.354900360107
    },
    "spectral_flux": {
        "max": 0.226040676236,
        "mean": 0.0860396623611,
        "min": 0.0130001148209,
        "stdev": 0.0423563085496
    },
    "spectral_kurtosis": {
        "max": 16.7113113403,
        "mean": 3.27590322495,
        "min": -1.14524066448,
        "stdev": 1.87887430191
    },
    "spectral_rms": {
        "max": 0.0093035204336,
        "mean": 0.00468400120735,
        "min": 0.00102459243499,
        "stdev": 0.00162137008738
    },
    "spectral_rolloff": {
        "max": 12661.5234375,
        "mean": 2059.40258789,
        "min": 86.1328125,
        "stdev": 2177.06591797
    },
    "spectral_skewness": {
        "max": 2.89993262291,
        "mean": 1.41212701797,
        "min": 0.279422789812,
        "stdev": 0.347352921963
    },
    "spectral_spread": {
        "max": 14768441,
        "mean": 5475575,
        "min": 2743827.25,
        "stdev": 1827203.25
    },
    "spectral_strongpeak": {
        "max": 17.6167297363,
        "mean": 0.752570569515,
        "min": 0,
        "stdev": 1.13620698452
    },
    "zerocrossingrate": {
        "max": 0.39013671875,
        "mean": 0.0793151408434,
        "min": 0.005859375,
        "stdev": 0.0530145838857
    },
    "barkbands": {
        "max": [0.00271757645532, 0.0448905006051, 0.016156014055, 0.0298215486109, 0.0582263730466, 0.0368428193033, 0.0386357717216, 0.0346687436104, 0.0195288211107, 0.0146617367864, 0.0134584540501, 0.0138966199011, 0.0217568315566, 0.0173176731914, 0.0116371037439, 0.00808416306973, 0.00860533770174, 0.0171887595206, 0.0122106494382, 0.00576336728409, 0.00318831880577, 0.00902328174561, 0.010983357206, 0.00835259351879, 0.0162722636014, 0.00333753530867, 0.000257400039118],
        "mean": [0.00029936755891, 0.00687018688768, 0.00137305993121, 0.00144517421722, 0.00207720021717, 0.00237606256269, 0.00168390199542, 0.000865534530021, 0.00119165622164, 0.000728318467736, 0.000654694042169, 0.000499094021507, 0.000670328037813, 0.000465683173388, 0.000424902449595, 0.000398600270273, 0.000330659473548, 0.000571279611904, 0.000567092210986, 0.000309361581458, 0.000159398798132, 0.00022988357523, 0.000261211243924, 0.00029181104037, 0.000335936842021, 9.78566313279e-05, 4.62915249955e-06],
        "min": [1.30666677478e-08, 4.61185550193e-07, 7.10905112555e-08, 2.20726360567e-06, 1.28884967125e-05, 1.12499674287e-05, 3.89429351344e-06, 6.56654083286e-06, 5.79468996875e-06, 6.03869193583e-06, 6.8631970862e-06, 5.16619729751e-06, 1.04032096715e-06, 1.95959296434e-06, 1.32892705551e-06, 8.90724732017e-06, 4.64819459012e-06, 7.18958972357e-06, 3.33472485181e-06, 2.79145547211e-06, 1.70171153968e-06, 1.08236883989e-06, 6.63428636472e-07, 4.33918131648e-07, 2.14774985352e-07, 3.19449213748e-08, 2.21559194602e-11],
        "stdev": [0.000335415446898, 0.00747434655204, 0.00197522877716, 0.00281006097794, 0.00379942473955, 0.00436573848128, 0.00370556418784, 0.00191858562175, 0.00217385054566, 0.00138772919308, 0.001251397538, 0.00105340685695, 0.00164409645367, 0.00101373100188, 0.000750174222048, 0.000715537986252, 0.000539274013136, 0.00115835282486, 0.0010214750655, 0.000425935781095, 0.000215155901969, 0.000506856769789, 0.000617833633441, 0.000718589231838, 0.00116198929027, 0.000229050114285, 1.44160612763e-05]
    },
    "erbbands": {
        "max": [1.37608218193, 10.5456895828, 20.3530521393, 68.2491378784, 142.38067627, 308.450836182, 303.740264893, 444.384613037, 684.376708984, 643.56427002, 877.331298828, 487.436859131, 787.494934082, 713.351867676, 483.323974609, 560.796691895, 584.293945312, 942.823913574, 884.449645996, 412.590301514, 541.030639648, 346.469207764, 967.705810547, 668.635009766, 522.594787598, 221.503204346, 105.20324707, 162.131240845, 335.556549072, 328.647918701, 287.331787109, 153.503814697, 193.75970459, 247.649154663, 84.5899505615, 21.0495357513, 5.93728685379, 0.445456951857, 0.0466226488352, 0.00110013457015],
        "mean": [0.253911852837, 1.30261576176, 1.69223988056, 3.40671539307, 5.91534757614, 6.98791885376, 10.1057882309, 23.996465683, 27.4650745392, 20.0731811523, 16.9709796906, 28.9305953979, 26.9872512817, 20.0214157104, 28.3824577332, 18.5680561066, 28.7410831451, 26.9749202728, 23.5686721802, 22.5457782745, 20.4741172791, 19.6640815735, 30.3958530426, 32.1592521667, 24.0982456207, 13.9804763794, 7.52366924286, 6.3254365921, 7.82536029816, 8.52803707123, 7.44707870483, 5.475066185, 5.31843471527, 4.36640119553, 2.03639698029, 0.599855601788, 0.150318935513, 0.0180932004005, 0.000805929419585, 5.8392110077e-05],
        "min": [2.59346998064e-05, 0.000300704559777, 0.000636088720057, 0.00989280641079, 0.0172138269991, 0.0609157681465, 0.130110383034, 0.175545975566, 0.148076876998, 0.1902564466, 0.181502446532, 0.212008297443, 0.213854670525, 0.201049908996, 0.449037224054, 0.409824937582, 0.0524999387562, 0.0978284925222, 0.0537715144455, 0.169977456331, 0.542545199394, 0.413747519255, 0.463877469301, 0.372140139341, 0.303968310356, 0.14098149538, 0.110497519374, 0.0520052872598, 0.042019546032, 0.03089970164, 0.018057608977, 0.0100927697495, 0.00695124315098, 0.00374060845934, 0.00103197188582, 0.000265686394414, 3.83862243325e-05, 2.20021388486e-06, 1.01387865925e-06, 1.72203942839e-06],
        "stdev": [0.267014920712, 1.57615792751, 2.22338795662, 5.65077209473, 10.8935632706, 16.1226654053, 21.3429927826, 45.0456581116, 61.5953712463, 39.2984886169, 35.3106765747, 51.0952796936, 49.8762016296, 43.8100509644, 50.5177574158, 35.0264892578, 61.1657981873, 59.1348152161, 44.0726623535, 34.702003479, 34.9853286743, 29.4203968048, 60.412311554, 59.0838050842, 39.431968689, 18.9125499725, 9.52605724335, 9.46628952026, 17.0370121002, 22.2255191803, 16.7438220978, 11.2351160049, 15.25278759, 16.2474441528, 6.48823022842, 1.48734891415, 0.351459443569, 0.0408860705793, 0.0025718533434, 8.3830607764e-05]
    },
    "gfcc": {
        "mean": [24.3285369873, 72.7123031616, -113.29914093, 35.5329780579, -59.4826507568, 21.0011882782, -41.6546401978, 19.1027126312, -23.6783943176, 7.75213241577, -12.1058750153, 4.68715286255, -12.1966915131],
        "cov": [[2805.79223633, -1022.27069092, 428.42300415, 109.035804749, -98.6672210693, 83.7065505981, -94.9835891724, 147.329803467, -120.717628479, 53.5007171631, -77.7153701782, 51.1384544373, -185.026138306], [-1022.27069092, 1071.79260254, -273.574554443, -10.0542068481, 179.82270813, -56.9781341553, 134.111343384, -34.1188697815, 122.591339111, -36.9657402039, 100.778694153, -11.8984041214, 88.4448776245], [428.42300415, -273.574554443, 649.847290039, 164.748214722, 120.749710083, 171.44593811, 3.94684720039, 74.3414764404, 38.7530174255, 90.2477493286, -20.139169693, 44.9158172607, 0.425702035427], [109.035804749, -10.0542068481, 164.748214722, 314.305145264, 109.906082153, 87.7427749634, 61.5807113647, 41.6746902466, 71.7245559692, 43.2332992554, 8.73070144653, 19.4158401489, 57.2883453369], [-98.6672210693, 179.82270813, 120.749710083, 109.906082153, 211.74786377, 91.470451355, 90.4233474731, 49.7346229553, 64.5584335327, 38.0115699768, 26.0568447113, 14.115986824, 31.4983825684], [83.7065505981, -56.9781341553, 171.44593811, 87.7427749634, 91.470451355, 238.562225342, 144.714187622, 57.9123687744, 33.0375480652, 57.6223220825, 15.3475112915, 14.904047966, 29.0957489014], [-94.9835891724, 134.111343384, 3.94684720039, 61.5807113647, 90.4233474731, 144.714187622, 220.690185547, 57.1687202454, 31.0950660706, 32.1874160767, 42.3703804016, 1.02249550819, 25.1192131042], [147.329803467, -34.1188697815, 74.3414764404, 41.6746902466, 49.7346229553, 57.9123687744, 57.1687202454, 107.800735474, 50.5980224609, 29.1865959167, 12.9368801117, 9.81572246552, 7.29658412933], [-120.717628479, 122.591339111, 38.7530174255, 71.7245559692, 64.5584335327, 33.0375480652, 31.0950660706, 50.5980224609, 122.801246643, 35.1657028198, 16.8428516388, 15.0781011581, 41.458190918], [53.5007171631, -36.9657402039, 90.2477493286, 43.2332992554, 38.0115699768, 57.6223220825, 32.1874160767, 29.1865959167, 35.1657028198, 78.8180007935, 25.2482910156, 8.71896648407, 11.2819719315], [-77.7153701782, 100.778694153, -20.139169693, 8.73070144653, 26.0568447113, 15.3475112915, 42.3703804016, 12.9368801117, 16.8428516388, 25.2482910156, 96.7066650391, 17.7846393585, 7.58444213867], [51.1384544373, -11.8984041214, 44.9158172607, 19.4158401489, 14.115986824, 14.904047966, 1.02249550819, 9.81572246552, 15.0781011581, 8.71896648407, 17.7846393585, 70.8472824097, 23.8255348206], [-185.026138306, 88.4448776245, 0.425702035427, 57.2883453369, 31.4983825684, 29.0957489014, 25.1192131042, 7.29658412933, 41.458190918, 11.2819719315, 7.58444213867, 23.8255348206, 102.774856567]],
        "icov": [[0.000712736858986, 0.000370319263311, -5.38706372026e-05, -0.00043378045666, 0.000137479000841, -3.88352855225e-05, 0.000233931816183, -0.00112678855658, 0.000685880659148, -0.000175505818333, 0.000203187431907, -0.000707592524122, 0.00108979083598], [0.000370319263311, 0.00274968566373, 0.000302533211652, 0.000736336223781, -0.00238420814276, 0.00160453026183, -0.00180449499749, 0.00193445780315, -0.00260263797827, 0.00205277046189, -0.00180512561928, 0.000698096002452, -0.000735229987185], [-5.38706372026e-05, 0.000302533211652, 0.00312705687247, -0.000803958566394, -0.00141669157892, -0.00209936918691, 0.00205597793683, -0.000779665599111, 0.000484366260935, -0.00176082237158, 0.000821298279334, -0.00126174336765, 0.000889021437615], [-0.00043378045666, 0.000736336223781, -0.000803958566394, 0.00537435850129, -0.00212891073897, 0.000697976385709, -0.00149386213161, 0.00200711074285, -0.0028659265954, 0.000752744381316, -0.000599261547904, 0.00112850521691, -0.00287348055281], [0.000137479000841, -0.00238420814276, -0.00141669157892, -0.00212891073897, 0.0101112369448, -0.00165576115251, -0.000410741486121, -0.00264608277939, 0.000537766085472, -0.00156177277677, 0.000944746949244, -0.000888469803613, 0.00124071119353], [-3.88352855225e-05, 0.00160453026183, -0.00209936918691, 0.000697976385709, -0.00165576115251, 0.0117298373953, -0.00797211471945, 0.00146719964687, -0.00112417782657, -0.00160462642089, 0.000413902977016, 0.000308320508339, -0.00227246759459], [0.000233931816183, -0.00180449499749, 0.00205597793683, -0.00149386213161, -0.000410741486121, -0.00797211471945, 0.0126513112336, -0.00534339435399, 0.00370043423027, -0.00112397968769, -0.00130645406898, 0.000246652489295, 0.00113818550017], [-0.00112678855658, 0.00193445780315, -0.000779665599111, 0.00200711074285, -0.00264608277939, 0.00146719964687, -0.00534339435399, 0.0185234304518, -0.00930543988943, 0.00175592454616, -0.00193751882762, 0.00141433509998, -0.00104630738497], [0.000685880659148, -0.00260263797827, 0.000484366260935, -0.0028659265954, 0.000537766085472, -0.00112417782657, 0.00370043423027, -0.00930543988943, 0.0181171670556, -0.00657854881138, 0.00236467272043, -0.00230960035697, -0.00124547421001], [-0.000175505818333, 0.00205277046189, -0.00176082237158, 0.000752744381316, -0.00156177277677, -0.00160462642089, -0.00112397968769, 0.00175592454616, -0.00657854881138, 0.0221129283309, -0.00679005030543, 0.0026208574418, -0.00129203801043], [0.000203187431907, -0.00180512561928, 0.000821298279334, -0.000599261547904, 0.000944746949244, 0.000413902977016, -0.00130645406898, -0.00193751882762, 0.00236467272043, -0.00679005030543, 0.0152353914455, -0.00500162225217, 0.00212666997686], [-0.000707592524122, 0.000698096002452, -0.00126174336765, 0.00112850521691, -0.000888469803613, 0.000308320508339, 0.000246652489295, 0.00141433509998, -0.00230960035697, 0.0026208574418, -0.00500162225217, 0.0185046959668, -0.00575088663027], [0.00108979083598, -0.000735229987185, 0.000889021437615, -0.00287348055281, 0.00124071119353, -0.00227246759459, 0.00113818550017, -0.00104630738497, -0.00124547421001, -0.00129203801043, 0.00212666997686, -0.00575088663027, 0.0158023927361]]
    },
    "melbands": {
        "max": [0.0129625806585, 0.00979614071548, 0.0119623905048, 0.0117500806227, 0.00961447320879, 0.0086470823735, 0.00908486079425, 0.00808470789343, 0.00605877069756, 0.0034905700013, 0.0038576675579, 0.00271114963107, 0.0016728224, 0.00144576409366, 0.00183385203127, 0.00237138546072, 0.00215158169158, 0.00163826649077, 0.000708497362211, 0.000547155679669, 0.00079552968964, 0.000434856512584, 0.000465341028757, 0.00137985765468, 0.000636065611616, 0.000383048201911, 0.000361642945791, 0.000125932740048, 6.92065732437e-05, 7.99763438408e-05, 0.000104550133983, 0.00015540473396, 0.000246334908297, 0.000220163958147, 0.000189724902157, 0.000112076901132, 0.000107679370558, 0.000151766784256, 0.000143162964378, 0.000261135515757],
        "mean": [0.00206508324482, 0.00115176988766, 0.000675386516377, 0.000453284679679, 0.000359107973054, 0.000529322016519, 0.000393496156903, 0.000214951389353, 0.000134434405481, 0.000188537902432, 0.0001332667307, 7.98210385256e-05, 8.82561216713e-05, 6.377108366e-05, 4.68186735816e-05, 7.20936368452e-05, 4.77195317217e-05, 3.86460669688e-05, 3.12934425892e-05, 3.13397031277e-05, 2.19855774048e-05, 2.02882147278e-05, 2.25723888434e-05, 2.79304586002e-05, 2.63565616478e-05, 1.94129115698e-05, 1.42533081089e-05, 7.97595203039e-06, 4.90134607389e-06, 3.80163919544e-06, 3.53281552634e-06, 4.30795489592e-06, 4.72398414786e-06, 4.69662700198e-06, 4.46220792583e-06, 3.57476210411e-06, 3.23807944369e-06, 3.86446390621e-06, 3.21475113196e-06, 4.0432496462e-06],
        "min": [2.5783140245e-07, 5.60448313536e-07, 1.54753831794e-06, 1.86442241557e-06, 2.64878372036e-06, 1.67386622252e-06, 2.1422381451e-06, 1.60868648891e-06, 1.03385605144e-06, 6.27545887255e-07, 9.57698034654e-07, 8.2818763758e-07, 8.29198256724e-07, 6.6756393835e-07, 1.58757956115e-07, 1.12562446475e-07, 1.91072189182e-07, 8.67113882919e-08, 1.09693786499e-07, 4.58959277694e-07, 3.34455307893e-07, 3.05037076487e-07, 2.80228476868e-07, 3.21647462442e-07, 2.22650740511e-07, 1.36729013889e-07, 1.25745657442e-07, 7.16539148016e-08, 7.34477367814e-08, 3.35000507334e-08, 1.76933365736e-08, 2.35173960306e-08, 1.41322820113e-08, 1.41765958972e-08, 1.04987538663e-08, 7.45284012282e-09, 5.41184608238e-09, 4.24119539488e-09, 3.69651531607e-09, 2.0856487648e-09],
        "stdev": [0.00220150314271, 0.00131597765721, 0.00108322931919, 0.0008135738899, 0.000719115254469, 0.000953681126703, 0.000862615357619, 0.000430411222624, 0.000287731236313, 0.000343169231201, 0.000254986982327, 0.000177415538928, 0.00015985094069, 0.00012071414676, 0.000112914705824, 0.000186530029168, 0.000114715541713, 7.81018607086e-05, 4.98229637742e-05, 5.82227912673e-05, 4.26086553489e-05, 3.33258722094e-05, 4.08069136029e-05, 6.6321263148e-05, 5.03293777001e-05, 3.5706354538e-05, 2.33204755204e-05, 1.09727861854e-05, 6.56662632537e-06, 5.27337078893e-06, 5.62378272662e-06, 9.1233450803e-06, 1.18835714602e-05, 1.34550127768e-05, 1.07944706542e-05, 6.9852994784e-06, 7.38567086955e-06, 1.19349988381e-05, 8.78552509676e-06, 1.68441438291e-05]
    },
    "melbands128": {
        "max": [0.00244970573112, 0.0115395430475, 0.0218421779573, 0.0184084493667, 0.012331080623, 0.00753754517063, 0.0156481750309, 0.0178134571761, 0.018853886053, 0.0114513486624, 0.0222467295825, 0.0150725916028, 0.0145117007196, 0.0154375201091, 0.0166974682361, 0.0114770494401, 0.0142272254452, 0.0152224320918, 0.0132025051862, 0.00835465453565, 0.0139039810747, 0.0126548931003, 0.00675990292802, 0.00777527922764, 0.00534447608516, 0.00721774902195, 0.00966414157301, 0.00560739217326, 0.00479534082115, 0.00290079647675, 0.00585092557594, 0.00389248551801, 0.00302552478388, 0.00276266876608, 0.00327259046026, 0.00147973536514, 0.00277316058055, 0.00392672605813, 0.00146159273572, 0.00315390201285, 0.00462036998942, 0.00450828997418, 0.00297272088937, 0.0040769749321, 0.00152308156248, 0.00377589440905, 0.00139278976712, 0.00132469437085, 0.000998658128083, 0.00136585731525, 0.000971470028162, 0.00122508453205, 0.00115308747627, 0.00118641997688, 0.00134876754601, 0.000626440858468, 0.000446285732323, 0.000403386977268, 0.000980561948381, 0.00136927515268, 0.00319257169031, 0.00105747848283, 0.0012864402961, 0.00163340184372, 0.00126754166558, 0.000730064348318, 0.000486347795231, 0.000379087723559, 0.000492425577249, 0.000358353630872, 0.000170747327502, 0.000113514368422, 8.67733178893e-05, 0.000100291174022, 6.10641000094e-05, 8.94658805919e-05, 0.000104020786239, 7.13817644282e-05, 0.000112127294415, 0.000154336026753, 0.000203682400752, 0.000245395494858, 0.000256411643932, 0.000358460616553, 0.000207391058211, 0.000282118620817, 0.00036041130079, 0.000312244636007, 0.000202308277949, 0.000173856649781, 0.000168942919117, 0.000101612145954, 7.71644408815e-05, 0.000186246354133, 0.000141861586599, 0.000162467724294, 0.000258505169768, 0.000201762348297, 0.000169941282365, 0.000168336060597, 0.000261495995801, 0.000404188933317, 0.000402294448577, 0.000212440922041, 9.85173610388e-05, 5.7042507251e-05, 5.83410692343e-05, 4.59855509689e-05, 4.69106344099e-05, 6.04782107985e-05, 0.000101487639768, 2.2700507543e-05, 9.04057651496e-06, 1.24183416119e-05, 6.19488992015e-06, 4.36633717982e-06, 2.43076146944e-06, 3.17527155858e-06, 5.08298353452e-06, 1.32836953526e-06, 2.1949499569e-06, 6.80137759446e-07, 4.4968001589e-07, 1.62462328035e-08, 6.23611873252e-09, 6.15567685713e-09, 6.09768724402e-09, 6.06708239204e-09],
        "mean": [0.000286505121039, 0.00209701317362, 0.00290096877143, 0.00188883300871, 0.000938236888032, 0.000671324029099, 0.00066077883821, 0.000756007386371, 0.000598889600951, 0.0004113795585, 0.000381423393264, 0.000359082798241, 0.000286550493911, 0.000422360026278, 0.000619647558779, 0.000498788547702, 0.000553184014279, 0.000351489434252, 0.000251775752986, 0.000195011554752, 0.000240539069637, 0.000142157718074, 0.00011170477228, 0.000132358749397, 0.000180536895641, 0.000253819336649, 0.000108340806037, 0.000139242387377, 0.000137210823596, 6.07972215221e-05, 7.89249679656e-05, 7.44253629819e-05, 6.68736101943e-05, 0.000131538050482, 7.94137740741e-05, 3.91662179027e-05, 3.78706645279e-05, 5.42520247109e-05, 4.03987432946e-05, 6.70870795147e-05, 0.000100533485238, 4.61315539724e-05, 3.73863549612e-05, 5.86279747949e-05, 4.14880159951e-05, 3.68816108676e-05, 3.10369141516e-05, 3.50824775524e-05, 2.87467119051e-05, 2.58071540884e-05, 3.92685433326e-05, 2.82053242699e-05, 2.00939284696e-05, 2.00828799279e-05, 2.28291519306e-05, 2.15173167817e-05, 1.74058422999e-05, 1.51197918967e-05, 2.63600450126e-05, 3.40794140357e-05, 2.67730320047e-05, 2.35837978835e-05, 3.04245750158e-05, 2.64970676653e-05, 2.13128569158e-05, 2.00106987904e-05, 1.81538925972e-05, 1.48192093548e-05, 1.46007114381e-05, 1.17057088573e-05, 6.66731284582e-06, 7.76750039222e-06, 5.46232786292e-06, 4.25112102675e-06, 4.25545022154e-06, 3.74419914806e-06, 3.63845083484e-06, 3.70486804968e-06, 3.31051205649e-06, 3.60401963917e-06, 4.20641254095e-06, 4.52779750049e-06, 4.65766834168e-06, 4.50917832495e-06, 5.16167074238e-06, 4.76889545098e-06, 4.55216377304e-06, 4.55137842437e-06, 4.60878572994e-06, 4.20411743107e-06, 4.0904214984e-06, 3.05231810671e-06, 3.35770027959e-06, 3.07218874696e-06, 3.2314769669e-06, 3.87921363654e-06, 4.14685291616e-06, 3.69551753465e-06, 3.24471830027e-06, 2.72213947028e-06, 3.49198671756e-06, 4.62574735138e-06, 4.41200518253e-06, 3.00692704513e-06, 2.07003517971e-06, 1.58761986313e-06, 1.31729086661e-06, 1.12395071028e-06, 9.2628567927e-07, 9.17900820241e-07, 8.03714897302e-07, 5.76574109346e-07, 4.05077372534e-07, 3.04815728214e-07, 2.42644119908e-07, 1.66886636066e-07, 9.5994487026e-08, 5.41349116645e-08, 2.65627093654e-08, 1.18781615654e-08, 9.33764443545e-09, 5.45578782152e-09, 2.24808172078e-09, 5.42255407243e-11, 1.0640327161e-11, 1.04291983036e-11, 1.02866873006e-11, 1.02160441565e-11],
        "min": [5.00924590696e-09, 4.96639458447e-08, 5.81997809945e-08, 1.82018553119e-07, 2.38891971094e-07, 3.76983955164e-08, 1.40066703125e-07, 6.44168551389e-07, 1.24867028717e-07, 6.21626270458e-07, 2.27601049119e-07, 4.04753706107e-07, 4.04567515488e-07, 7.27538179035e-07, 6.38763253846e-07, 6.94539949109e-07, 6.08000846114e-07, 3.44609560443e-07, 1.5668106812e-07, 3.00396322928e-07, 3.36230328912e-07, 3.46620566916e-07, 3.74746029763e-08, 2.57272063209e-07, 1.6316104734e-07, 1.89722015875e-07, 8.98332217503e-08, 2.58449574631e-07, 5.83279415878e-07, 2.21043677584e-07, 5.25510017724e-08, 5.33889306098e-08, 2.23153421075e-07, 2.47173517209e-07, 3.78425909275e-07, 1.50835273161e-08, 5.62845734464e-08, 1.00954530069e-07, 9.33990591534e-08, 3.4374668445e-08, 1.25750844404e-07, 6.88222243639e-08, 1.54972610744e-07, 1.87504952009e-07, 1.53400776526e-07, 5.27708401421e-08, 2.95504154479e-08, 6.32844887605e-08, 1.75960593651e-07, 9.74577929469e-08, 2.08722340744e-07, 3.89405840906e-07, 7.60333662697e-08, 9.01244021634e-08, 1.42287476024e-07, 3.2439726283e-07, 9.81792069865e-08, 3.79111817495e-08, 1.45951091213e-07, 6.29685885656e-08, 7.55268558805e-08, 8.29904109878e-08, 1.93090500034e-07, 8.31826127978e-08, 5.01675323505e-08, 9.17475233564e-08, 5.85275010678e-08, 5.47418714802e-08, 7.95957433297e-08, 4.27407016446e-08, 2.19817586355e-08, 7.26767197534e-08, 3.69056394334e-08, 2.76569220858e-08, 2.58610270976e-08, 1.62386442071e-08, 1.91838971375e-08, 7.36637106868e-09, 1.18472032185e-08, 1.26643460163e-08, 1.3150184941e-08, 1.12637588146e-08, 1.14886749003e-08, 9.50506962027e-09, 7.87589105045e-09, 7.35540117702e-09, 7.76571340566e-09, 1.03749915326e-08, 7.46004058527e-09, 6.32277386003e-09, 6.43911457487e-09, 4.81275108655e-09, 4.02404864985e-09, 5.77578163075e-09, 4.70797445473e-09, 2.4770985263e-09, 3.35664895879e-09, 4.23469481703e-09, 2.69080269177e-09, 9.15477416097e-10, 2.18342988134e-09, 1.41810707621e-09, 9.88155002268e-10, 9.29738230848e-10, 1.03222796977e-09, 5.68309455051e-10, 5.84636894452e-10, 4.00184552163e-10, 3.72019637318e-10, 2.15497689138e-10, 2.38023822874e-10, 1.44691633674e-10, 6.39830965987e-11, 1.04991059249e-11, 2.19828414369e-13, 2.17655131115e-13, 9.56786191074e-14, 5.96316751403e-14, 6.53496760828e-14, 6.62141646851e-14, 8.08818954195e-14, 8.04078280196e-14, 7.38466498238e-14, 6.9608591623e-14, 4.8068974067e-14, 2.36987096207e-14, 3.18999701837e-15, 1.32036210502e-16],
        "stdev": [0.00032303694752, 0.0022249603644, 0.00342276855372, 0.00248231505975, 0.00133224728052, 0.000968131702393, 0.00119439431001, 0.00153173704166, 0.00126754550729, 0.000930760463234, 0.001126398216, 0.00104013027158, 0.000823896436486, 0.00113649049308, 0.00144426699262, 0.00122023560107, 0.0014790390851, 0.00110467907507, 0.000789325393271, 0.000505790289026, 0.000636683253106, 0.000430695217801, 0.000358735385817, 0.000442025717348, 0.000393104011891, 0.000586069596466, 0.000382150785299, 0.000336655648425, 0.000323313404806, 0.000174006985617, 0.000293460878311, 0.000233442653553, 0.000182636795216, 0.000287722417852, 0.00022970228747, 9.95001464617e-05, 0.000124355152366, 0.000190451595699, 0.000113485417387, 0.000202352210181, 0.000333164003678, 0.000227705415455, 0.000120349846839, 0.000202019989956, 8.96267665667e-05, 0.000135343769216, 8.52310331538e-05, 7.6760094089e-05, 5.86069581914e-05, 7.56794761401e-05, 8.84673572727e-05, 6.53094830341e-05, 5.36007100891e-05, 6.04547385592e-05, 6.62916063447e-05, 4.16048787883e-05, 3.68846594938e-05, 3.03911529045e-05, 6.73322501825e-05, 8.78292776179e-05, 0.000108516927867, 7.10468302714e-05, 7.04605990904e-05, 7.73076753831e-05, 6.35120813968e-05, 4.43047174485e-05, 4.00147691835e-05, 2.92054974125e-05, 3.1330728234e-05, 2.31539233937e-05, 1.19970500236e-05, 1.19876685858e-05, 8.99558017409e-06, 7.17933062333e-06, 6.53288407193e-06, 5.70599877392e-06, 5.9134881667e-06, 6.06681214776e-06, 5.75593685426e-06, 6.8513181759e-06, 9.64797709457e-06, 1.0725851098e-05, 1.18597045002e-05, 1.3531798686e-05, 1.29567097247e-05, 1.50530077008e-05, 1.49790957948e-05, 1.39605554068e-05, 1.14896265586e-05, 9.80763888947e-06, 8.85764620762e-06, 6.1518894654e-06, 7.03784644429e-06, 7.78202775109e-06, 8.71017346071e-06, 1.25135329654e-05, 1.51029198605e-05, 1.16176152005e-05, 8.85070039658e-06, 8.30868521007e-06, 1.40687970998e-05, 2.2369204089e-05, 1.86816487258e-05, 1.15398115668e-05, 6.8582876338e-06, 4.31688340541e-06, 3.58821807822e-06, 2.67494942818e-06, 2.52066115536e-06, 2.81885331788e-06, 3.08619587486e-06, 1.40228439705e-06, 9.06831473912e-07, 7.35956461995e-07, 5.66988035189e-07, 3.76640400646e-07, 2.5106993462e-07, 2.04195757192e-07, 1.6976740369e-07, 7.14616348318e-08, 7.20271060572e-08, 3.71862931559e-08, 1.92044282699e-08, 5.76801606478e-10, 1.96045082945e-10, 1.93222160494e-10, 1.91122770388e-10, 1.89927226724e-10]
    },
    "mfcc": {
        "mean": [-618.501098633, 102.520599365, 4.60287427902, 18.3256874084, 8.46589183807, 1.75839173794, 1.17602455616, 6.1690454483, -2.93667292595, 5.09022140503, 2.75699329376, -1.81901717186, 2.22808003426],
        "cov": [[2567.13891602, -852.662597656, 250.187744141, 1.87609696388, 2.13394188881, -104.264175415, 27.8886089325, 35.2476234436, -62.9469490051, 14.5000934601, 54.1926078796, -55.341960907, -41.3169326782], [-852.662597656, 876.948486328, -257.207672119, 24.6456699371, 6.00248193741, 14.6216630936, -0.335919499397, 38.9461936951, -13.9492874146, 10.132437706, 35.2431488037, 15.6889324188, 10.4828414917], [250.187744141, -257.207672119, 458.106384277, 48.5050811768, 137.806533813, 91.4378204346, 43.7231788635, 7.99567508698, 79.7580413818, 9.64556407928, 24.0044441223, 47.1563835144, 34.3132286072], [1.87609696388, 24.6456699371, 48.5050811768, 225.063919067, 91.9927444458, 44.5758247375, -2.64365458488, 18.5611782074, 52.4981307983, 12.567196846, 7.04821586609, 29.9054985046, 24.7361736298], [2.13394188881, 6.00248193741, 137.806533813, 91.9927444458, 190.020004272, 47.5933609009, -4.70282840729, 16.5810451508, 55.5142745972, 20.3459739685, 22.8603076935, 24.5140552521, 23.5613689423], [-104.264175415, 14.6216630936, 91.4378204346, 44.5758247375, 47.5933609009, 189.870361328, 103.71270752, 43.8047103882, 76.2452774048, 35.4568977356, 20.745054245, 38.9214744568, 22.5254573822], [27.8886089325, -0.335919499397, 43.7231788635, -2.64365458488, -4.70282840729, 103.71270752, 190.497711182, 56.4915161133, 30.7420310974, 51.2431869507, 34.8906097412, 25.3032073975, 18.9106845856], [35.2476234436, 38.9461936951, 7.99567508698, 18.5611782074, 16.5810451508, 43.8047103882, 56.4915161133, 110.606246948, 39.9226531982, 25.209859848, 33.0529708862, 13.2179450989, 16.5996589661], [-62.9469490051, -13.9492874146, 79.7580413818, 52.4981307983, 55.5142745972, 76.2452774048, 30.7420310974, 39.9226531982, 163.044494629, 40.211265564, -6.23183298111, 34.3896408081, 22.7009239197], [14.5000934601, 10.132437706, 9.64556407928, 12.567196846, 20.3459739685, 35.4568977356, 51.2431869507, 25.209859848, 40.211265564, 98.9665603638, 41.7090034485, 14.1760044098, 4.37671995163], [54.1926078796, 35.2431488037, 24.0044441223, 7.04821586609, 22.8603076935, 20.745054245, 34.8906097412, 33.0529708862, -6.23183298111, 41.7090034485, 98.2494125366, 22.9100513458, -1.15971708298], [-55.341960907, 15.6889324188, 47.1563835144, 29.9054985046, 24.5140552521, 38.9214744568, 25.3032073975, 13.2179450989, 34.3896408081, 14.1760044098, 22.9100513458, 73.1169128418, 31.1073665619], [-41.3169326782, 10.4828414917, 34.3132286072, 24.7361736298, 23.5613689423, 22.5254573822, 18.9106845856, 16.5996589661, 22.7009239197, 4.37671995163, -1.15971708298, 31.1073665619, 63.7138328552]],
        "icov": [[0.000680649303831, 0.000660185178276, -0.000123421894386, -0.000230258112424, -1.31089491333e-05, 0.000535313971341, -0.000230175399338, -0.000516132102348, 0.000256244646152, -3.22091764247e-05, -0.000476039538626, 0.000379240402253, 0.000224099450861], [0.000660185178276, 0.00220644730143, 0.00114874856081, -0.000171506340848, -0.000741931260563, 7.4359930295e-05, -0.000113856418466, -0.000715952599421, 0.000258556363406, 0.000324610999087, -0.00109615619294, -5.36336556252e-05, -0.000126774699311], [-0.000123421894386, 0.00114874856081, 0.00426987605169, 0.000611059949733, -0.00275839003734, -0.00102031580172, -0.000553801015485, 0.000950270798057, -0.00104653718881, 0.00147670693696, -0.00118033681065, -0.000940022408031, -0.000799355097115], [-0.000230258112424, -0.000171506340848, 0.000611059949733, 0.00604160735384, -0.00268491404131, -0.000925914151594, 0.000715810107067, -0.000140125499456, -0.000729438674171, 0.00011349554552, 0.000425417703809, -0.00132797379047, -0.000743285636418], [-1.31089491333e-05, -0.000741931260563, -0.00275839003734, -0.00268491404131, 0.00939344707876, -0.000760288268793, 0.00194936711341, -0.000129114458105, -0.000901775085367, -0.00109803769737, -0.00144578772597, 0.00130575965159, -0.00137546355836], [0.000535313971341, 7.4359930295e-05, -0.00102031580172, -0.000925914151594, -0.000760288268793, 0.0103901345283, -0.00499238539487, -0.000595330318902, -0.00248619331978, 0.000499789079186, -9.75071889115e-05, -0.00133233168162, 0.000988768646494], [-0.000230175399338, -0.000113856418466, -0.000553801015485, 0.000715810107067, 0.00194936711341, -0.00499238539487, 0.00992733612657, -0.00286014727317, 0.00160384259652, -0.00353193609044, -1.20795393741e-05, -0.000487789307954, -0.0013582627289], [-0.000516132102348, -0.000715952599421, 0.000950270798057, -0.000140125499456, -0.000129114458105, -0.000595330318902, -0.00286014727317, 0.0137067595497, -0.00380435446277, 0.00160063267685, -0.00462177349254, 0.00233213789761, -0.00311546516605], [0.000256244646152, 0.000258556363406, -0.00104653718881, -0.000729438674171, -0.000901775085367, -0.00248619331978, 0.00160384259652, -0.00380435446277, 0.0110806478187, -0.00485076149926, 0.00506687536836, -0.00332929496653, 0.000800965412054], [-3.22091764247e-05, 0.000324610999087, 0.00147670693696, 0.00011349554552, -0.00109803769737, 0.000499789079186, -0.00353193609044, 0.00160063267685, -0.00485076149926, 0.0161575004458, -0.00710491975769, 0.00142843194772, -0.000261348730419], [-0.000476039538626, -0.00109615619294, -0.00118033681065, 0.000425417703809, -0.00144578772597, -9.75071889115e-05, -1.20795393741e-05, -0.00462177349254, 0.00506687536836, -0.00710491975769, 0.0179485883564, -0.00665314448997, 0.0043767625466], [0.000379240402253, -5.36336556252e-05, -0.000940022408031, -0.00132797379047, 0.00130575965159, -0.00133233168162, -0.000487789307954, 0.00233213789761, -0.00332929496653, 0.00142843194772, -0.00665314448997, 0.0224217940122, -0.00917821750045], [0.000224099450861, -0.000126774699311, -0.000799355097115, -0.000743285636418, -0.00137546355836, 0.000988768646494, -0.0013582627289, -0.00311546516605, 0.000800965412054, -0.000261348730419, 0.0043767625466, -0.00917821750045, 0.0222477018833]]
    },
    "spectral_contrast_coeffs": {
        "max": [-0.383394539356, -0.487902015448, -0.509826123714, -0.582221090794, -0.555580317974, -0.646383702755],
        "mean": [-0.735285937786, -0.729229390621, -0.748271048069, -0.783954977989, -0.777731955051, -0.789756774902],
        "min": [-0.949160814285, -0.934263646603, -0.891878008842, -0.904058873653, -0.873366653919, -0.869332253933],
        "stdev": [0.079101331532, 0.0717964023352, 0.0604755878448, 0.0478055290878, 0.0497752390802, 0.0284099448472]
    },
    "spectral_contrast_valleys": {
        "max": [-5.01102876663, -5.1100525856, -5.68896865845, -5.94800376892, -5.8630194664, -7.37859153748],
        "mean": [-6.65847015381, -6.74174833298, -7.39699316025, -7.42677783966, -7.34427499771, -9.5544719696],
        "min": [-9.44251251221, -8.31999015808, -9.00747776031, -8.67160892487, -8.95719051361, -12.0597677231],
        "stdev": [0.668609499931, 0.515290975571, 0.554868459702, 0.454708367586, 0.609178900719, 0.894017577171]
    }
},
"rhythm": {
    "beats_count": 103,
    "beats_loudness": {
        "max": 0.086033038795,
        "mean": 0.0393081307411,
        "min": 0.00694035645574,
        "stdev": 0.0154567044228
    },
    "bpm": 128.227081299,
    "bpm_histogram_first_peak_bpm": 129,
    "bpm_histogram_first_peak_weight": 0.370000064373,
    "bpm_histogram_second_peak_bpm": 123,
    "bpm_histogram_second_peak_spread": 0,
    "bpm_histogram_second_peak_weight": 0.0196078438312,
    "danceability": 1.14960575104,
    "onset_rate": 3.814453125,
    "beats_loudness_band_ratio": {
        "max": [0.928514242172, 0.707009553909, 0.580240666866, 0.659526705742, 0.465562909842, 0.219584554434],
        "mean": [0.572992801666, 0.131866082549, 0.116977199912, 0.0814910233021, 0.062681414187, 0.0650897473097],
        "min": [0.00586614292115, 0.00968357827514, 0.00787100847811, 0.00381916784681, 0.00509321130812, 0.00197231257334],
        "stdev": [0.225938364863, 0.14216569066, 0.11103527993, 0.0922792255878, 0.0679543912411, 0.0384186208248]
    },
