{
"metadata": {
    "version": {
        "essentia": "2.1-beta5",
        "essentia_git_sha": "Undefined",
        "extractor": "music 2.0"
    },
    "audio_properties": {
        "analysis": {
            "equal_loudness": 0,
            "length": 51.7572784424,
            "sample_rate": 44100,
            "start_time": 142.744674683,
            "downmix": "mix"
        },
        "bit_rate": 192000,
        "length": 194.525192261,
        "lossless": 0,
        "number_channels": 2,
        "replay_gain": -8.04637336731,
        "sample_rate": 48000,
        "codec": "mp3",
        "md5_encoded": "33299435f462938769f3aa277e9d244d"
    },
    "tags": {
        "file_name": "Belgium_Près De Ma Rivière_Robert Cogoi.mp3",
        "encoding": ["Lavf58.29.100"]
    }
},
"lowlevel": {
    "average_loudness": 0.632642745972,
    "barkbands_crest": {
        "max": 26.7265758514,
        "mean": 10.4182767868,
        "min": 3.04287576675,
        "stdev": 4.19381761551
    },
    "barkbands_flatness_db": {
        "max": 0.438013702631,
        "mean": 0.237746089697,
        "min": 0.099908515811,
        "stdev": 0.0412676259875
    },
    "barkbands_kurtosis": {
        "max": 140.884246826,
        "mean": 5.46626710892,
        "min": -1.5077804327,
        "stdev": 7.08045721054
    },
    "barkbands_skewness": {
        "max": 11.896478653,
        "mean": 1.30753564835,
        "min": -1.12751030922,
        "stdev": 1.027166605
    },
    "barkbands_spread": {
        "max": 47.710483551,
        "mean": 7.08920669556,
        "min": 0.976219296455,
        "stdev": 3.91524863243
    },
    "dissonance": {
        "max": 0.5,
        "mean": 0.41692918539,
        "min": 0.231239795685,
        "stdev": 0.0520668067038
    },
    "dynamic_complexity": 4.3131608963,
    "erbbands_crest": {
        "max": 29.0603122711,
        "mean": 11.7863101959,
        "min": 3.16890764236,
        "stdev": 4.83964586258
    },
    "erbbands_flatness_db": {
        "max": 0.371206432581,
        "mean": 0.275369793177,
        "min": 0.0331509746611,
        "stdev": 0.0339291319251
    },
    "erbbands_kurtosis": {
        "max": 29.5791931152,
        "mean": 2.83609104156,
        "min": -1.78019201756,
        "stdev": 3.37718868256
    },
    "erbbands_skewness": {
        "max": 4.77341747284,
        "mean": 1.07683813572,
        "min": -1.74122357368,
        "stdev": 0.851599574089
    },
    "erbbands_spread": {
        "max": 105.376831055,
        "mean": 14.8547086716,
        "min": 2.83660244942,
        "stdev": 7.82588911057
    },
    "hfc": {
        "max": 88.6347579956,
        "mean": 14.2134103775,
        "min": 1.05932451788e-06,
        "stdev": 16.0891933441
    },
    "loudness_ebu128": {
        "integrated": -17.1336364746,
        "loudness_range": 9.06422233582,
        "momentary": {
            "max": -11.8283843994,
            "mean": -19.1295375824,
            "min": -37.5397872925,
            "stdev": 4.43489933014
        },
        "short_term": {
            "max": -13.0392274857,
            "mean": -18.5068874359,
            "min": -25.4848461151,
            "stdev": 3.25904750824
        }
    },
    "melbands_crest": {
        "max": 39.8465232849,
        "mean": 11.6808691025,
        "min": 3.54880142212,
        "stdev": 4.58012390137
    },
    "melbands_flatness_db": {
        "max": 0.43666356802,
        "mean": 0.276586949825,
        "min": 0.12010602653,
        "stdev": 0.0621426291764
    },
    "melbands_kurtosis": {
        "max": 350.215179443,
        "mean": 6.45621919632,
        "min": -1.52694761753,
        "stdev": 10.3859434128
    },
    "melbands_skewness": {
        "max": 18.3998699188,
        "mean": 1.3335069418,
        "min": -1.04702997208,
        "stdev": 1.01521170139
    },
    "melbands_spread": {
        "max": 40.6758842468,
        "mean": 10.9957933426,
        "min": 1.55343735218,
        "stdev": 6.60001420975
    },
    "pitch_salience": {
        "max": 0.874451816082,
        "mean": 0.63447535038,
        "min": 0.0111053436995,
        "stdev": 0.108459979296
    },
    "silence_rate_20dB": {
        "max": 1,
        "mean": 1,
        "min": 1,
        "stdev": 0
    },
    "silence_rate_30dB": {
        "max": 1,
        "mean": 1,
        "min": 1,
        "stdev": 0
    },
    "silence_rate_60dB": {
        "max": 1,
        "mean": 0.109417043626,
        "min": 0,
        "stdev": 0.312164723873
    },
    "spectral_centroid": {
        "max": 4309.93652344,
        "mean": 744.685424805,
        "min": 297.617736816,
        "stdev": 385.177429199
    },
    "spectral_complexity": {
        "max": 47,
        "mean": 14.2623319626,
        "min": 0,
        "stdev": 9.7940158844
    },
    "spectral_decrease": {
        "max": -1.3938054202e-15,
        "mean": -4.84997286776e-09,
        "min": -2.98845499458e-08,
        "stdev": 4.32455271593e-09
    },
    "spectral_energy": {
        "max": 0.119794405997,
        "mean": 0.0195941142738,
        "min": 5.35662270096e-09,
        "stdev": 0.0176130179316
    },
    "spectral_energyband_high": {
        "max": 0.000643566309009,
        "mean": 5.45705370314e-05,
        "min": 8.64716909188e-11,
        "stdev": 9.47089938563e-05
    },
    "spectral_energyband_low": {
        "max": 0.0106699466705,
        "mean": 0.000669084081892,
        "min": 2.53589615973e-09,
        "stdev": 0.000822045432869
    },
    "spectral_energyband_middle_high": {
        "max": 0.0670114383101,
        "mean": 0.00571074988693,
        "min": 1.29867210735e-11,
        "stdev": 0.0093217343092
    },
    "spectral_energyband_middle_low": {
        "max": 0.0924500897527,
        "mean": 0.0134504176676,
        "min": 9.67091749564e-13,
        "stdev": 0.0128668602556
    },
    "spectral_entropy": {
        "max": 8.872838974,
        "mean": 6.73478555679,
        "min": 5.47793769836,
        "stdev": 0.474242120981
    },
    "spectral_flux": {
        "max": 0.197211518884,
        "mean": 0.0593723990023,
        "min": 5.7833349274e-05,
        "stdev": 0.0365150570869
    },
    "spectral_kurtosis": {
        "max": 70.0961227417,
        "mean": 14.284488678,
        "min": -0.69909286499,
        "stdev": 9.00934314728
    },
    "spectral_rms": {
        "max": 0.0108107626438,
        "mean": 0.00393030047417,
        "min": 2.28603880714e-06,
        "stdev": 0.00191544869449
    },
    "spectral_rolloff": {
        "max": 4414.30664062,
        "mean": 861.787414551,
        "min": 21.533203125,
        "stdev": 485.12512207
    },
    "spectral_skewness": {
        "max": 6.74193239212,
        "mean": 2.61132669449,
        "min": 0.318826019764,
        "stdev": 0.86833691597
    },
    "spectral_spread": {
        "max": 15300956,
        "mean": 2306538.25,
        "min": 1222650.75,
        "stdev": 745408.9375
    },
    "spectral_strongpeak": {
        "max": 10.4861335754,
        "mean": 1.35487067699,
        "min": 0,
        "stdev": 1.14572608471
    },
    "zerocrossingrate": {
        "max": 0.12646484375,
        "mean": 0.0331853888929,
        "min": 0,
        "stdev": 0.0148394806311
    },
    "barkbands": {
        "max": [0.000231717043789, 0.00357943493873, 0.00606536306441, 0.0172736290842, 0.0445946753025, 0.0394940637052, 0.0477426946163, 0.0389391407371, 0.042332995683, 0.0321724042296, 0.0446657650173, 0.0207022130489, 0.010476113297, 0.0106278518215, 0.00811111088842, 0.00565145397559, 0.00353200826794, 0.00199147383682, 0.0010934851598, 0.000431865541032, 0.000269378855592, 0.00014508930326, 0.000122550845845, 4.56602247141e-05, 1.48836270455e-05, 2.85375404019e-06, 1.68355029473e-06],
        "mean": [6.13578367847e-06, 0.00020674924599, 0.000255892897258, 0.000512119499035, 0.00201954389922, 0.00253767543472, 0.00328545924276, 0.00169267237652, 0.00319094141014, 0.00129488343373, 0.00127488491125, 0.000830519013107, 0.000642180326395, 0.000584862485994, 0.000384725775803, 0.000336931232596, 0.000208289420698, 0.000172299594851, 8.08079275885e-05, 3.90237801184e-05, 1.88544490811e-05, 1.04716673377e-05, 5.44306203665e-06, 2.34610115513e-06, 4.10234974879e-07, 1.95923033353e-09, 1.4801795345e-09],
        "min": [4.28829149968e-09, 6.24319762554e-11, 8.54595528458e-14, 2.19836830489e-14, 5.60597236492e-14, 9.51479563541e-14, 9.88682131498e-14, 1.44754352819e-13, 3.74199044147e-13, 6.78774636324e-13, 7.78592088805e-13, 5.83831811021e-13, 6.78548417541e-13, 5.44451690763e-13, 4.90708168543e-13, 1.06692042354e-12, 1.01954588435e-12, 2.72558559923e-12, 2.09895013696e-12, 3.5656406213e-12, 4.90089436048e-12, 6.89192019426e-12, 9.84073326299e-12, 1.32581662662e-11, 1.18508536318e-11, 1.0762073524e-11, 1.17918062467e-11],
        "stdev": [8.696648365e-06, 0.000382333993912, 0.00047000637278, 0.00081713165855, 0.00305460090749, 0.00377307157032, 0.00473947357386, 0.00310728652403, 0.0054444684647, 0.00275162560865, 0.00293306540698, 0.00191786105279, 0.00138933886774, 0.00117910827976, 0.000935919757467, 0.000744640594348, 0.000443349621492, 0.000301375373965, 0.00015336231445, 7.32406188035e-05, 3.70928937627e-05, 1.74523920577e-05, 9.18822479434e-06, 4.84423571834e-06, 7.14040538696e-07, 6.0448080319e-08, 3.57188838507e-08]
    },
    "erbbands": {
        "max": [0.106605663896, 0.957386434078, 5.8279466629, 27.9913311005, 40.5865402222, 258.88168335, 210.784698486, 332.96673584, 599.225280762, 1072.80371094, 1170.54626465, 696.579589844, 660.801696777, 732.832763672, 1915.50708008, 596.914245605, 580.72857666, 509.278503418, 420.163360596, 357.674377441, 253.576675415, 182.507064819, 122.094108582, 78.958442688, 50.7134437561, 25.0190944672, 15.7137393951, 7.70320892334, 4.64874792099, 4.05048561096, 3.90815615654, 1.24178802967, 0.716487884521, 0.276460409164, 0.0389740802348, 0.0101870754734, 0.00570954661816, 0.00176715571433, 0.000367014261428, 0.000137296839966],
        "mean": [0.00427088700235, 0.0548205822706, 0.273336738348, 1.00787293911, 2.87387299538, 9.43566226959, 12.9098024368, 23.5532207489, 42.7162055969, 42.8303222656, 54.7931671143, 68.6451339722, 33.9371681213, 40.9199333191, 58.604801178, 32.7065811157, 31.4767723083, 24.8869876862, 28.3681087494, 20.3479785919, 16.2134170532, 12.1103458405, 9.99736213684, 5.50616788864, 3.54339170456, 2.02540588379, 0.988081097603, 0.582744538784, 0.372931182384, 0.25760152936, 0.146379828453, 0.0665612667799, 0.0295947436243, 0.00823889207095, 0.00128653354477, 5.38042731932e-05, 1.33151452246e-05, 3.73655188923e-06, 1.04336522782e-05, 2.28188528126e-05],
        "min": [4.78981654339e-08, 4.38268310532e-09, 6.76004030531e-10, 2.54788745657e-10, 2.29065211244e-10, 2.25274465748e-10, 6.4924826626e-10, 9.34409327691e-10, 6.17358553168e-10, 2.66293675999e-09, 5.04222130715e-09, 9.49578460308e-09, 1.54718247103e-08, 2.27216609971e-08, 2.99048110719e-08, 2.7758678911e-08, 2.78215619431e-08, 3.21523181412e-08, 2.40405757523e-08, 3.57809923912e-08, 7.4855755372e-08, 5.83799675269e-08, 1.32185618895e-07, 1.06830896129e-07, 1.49924801462e-07, 1.85465978575e-07, 1.93873361809e-07, 1.22681910852e-07, 2.52165222037e-07, 2.54397747312e-07, 2.86118051918e-07, 2.49024452614e-07, 2.54829444657e-07, 1.39413174338e-07, 8.83765878257e-08, 4.64131524325e-08, 1.82073272015e-08, 6.5467182786e-09, 2.06153027982e-09, 1.57281826452e-10],
        "stdev": [0.00869044940919, 0.10167530179, 0.4998716712, 1.34422874451, 3.62061882019, 16.8742961884, 19.2089672089, 31.9928779602, 66.3439102173, 73.663734436, 103.741485596, 110.261451721, 59.4399452209, 78.9421463013, 128.478240967, 66.3443984985, 68.0904693604, 54.4162559509, 58.5101966858, 46.1452407837, 37.4270515442, 24.4170818329, 17.3273258209, 10.2969150543, 6.55624485016, 3.77428674698, 1.98992538452, 1.1044921875, 0.645744502544, 0.3996784091, 0.260589599609, 0.12566524744, 0.0684717223048, 0.0152675388381, 0.00186249043327, 0.000222811868298, 0.000121160373965, 3.75227173208e-05, 1.21110433611e-05, 2.07452285395e-05]
    },
    "gfcc": {
        "mean": [-104.501342773, 173.346359253, -156.299316406, 8.64487171173, -76.6777572632, -12.250541687, -35.8285751343, -7.82292079926, -6.956387043, -21.9015750885, 6.14333248138, -18.1733360291, 2.2914814949],
        "cov": [[5741.32617188, -538.2734375, -2139.73999023, -181.214385986, -43.4300041199, -57.0463523865, 255.403488159, -350.783172607, 198.744659424, -219.135543823, -97.106590271, -44.3018455505, -106.705863953], [-538.2734375, 557.531188965, 504.531951904, -98.393951416, 51.1648406982, -107.252029419, 0.246526330709, 48.8074645996, -60.1023368835, -30.7310619354, 34.8754196167, -11.5584249496, -12.4494590759], [-2139.73999023, 504.531951904, 1267.90441895, 116.539672852, -51.6386489868, -12.2346220016, -113.503105164, 136.582397461, -59.7475662231, 58.8040046692, 57.1382293701, 5.50933790207, 2.26197504997], [-181.214385986, -98.393951416, 116.539672852, 251.975463867, 19.0774898529, 65.9387512207, -31.1603927612, 30.0693969727, 35.0413703918, 40.9934883118, 11.9361038208, -3.27999973297, 9.04432487488], [-43.4300041199, 51.1648406982, -51.6386489868, 19.0774898529, 170.063735962, 23.0391235352, 6.9159116745, 21.9423694611, -6.44098567963, 25.6006603241, 14.0480737686, 7.82308483124, 33.9525909424], [-57.0463523865, -107.252029419, -12.2346220016, 65.9387512207, 23.0391235352, 216.729629517, 63.185585022, 25.6094608307, -28.1063709259, 26.9780731201, 12.8967857361, 17.0331630707, 65.27759552], [255.403488159, 0.246526330709, -113.503105164, -31.1603927612, 6.9159116745, 63.185585022, 150.207351685, 39.1775932312, -30.4357299805, -27.6110916138, 12.5853328705, 20.4556293488, 0.639185786247], [-350.783172607, 48.8074645996, 136.582397461, 30.0693969727, 21.9423694611, 25.6094608307, 39.1775932312, 106.077125549, 4.69919967651, 11.4386177063, 19.4690608978, 7.18678569794, 3.2359418869], [198.744659424, -60.1023368835, -59.7475662231, 35.0413703918, -6.44098567963, -28.1063709259, -30.4357299805, 4.69919967651, 153.103805542, 25.7925567627, -23.0594024658, -11.9391031265, -57.1182174683], [-219.135543823, -30.7310619354, 58.8040046692, 40.9934883118, 25.6006603241, 26.9780731201, -27.6110916138, 11.4386177063, 25.7925567627, 72.2262649536, 23.9563999176, 2.05704569817, 16.6798763275], [-97.106590271, 34.8754196167, 57.1382293701, 11.9361038208, 14.0480737686, 12.8967857361, 12.5853328705, 19.4690608978, -23.0594024658, 23.9563999176, 62.9357910156, 26.5019378662, 12.3561162949], [-44.3018455505, -11.5584249496, 5.50933790207, -3.27999973297, 7.82308483124, 17.0331630707, 20.4556293488, 7.18678569794, -11.9391031265, 2.05704569817, 26.5019378662, 54.2901802063, 29.5476989746], [-106.705863953, -12.4494590759, 2.26197504997, 9.04432487488, 33.9525909424, 65.27759552, 0.639185786247, 3.2359418869, -57.1182174683, 16.6798763275, 12.3561162949, 29.5476989746, 117.758872986]],
        "icov": [[0.00104127882514, -0.00127127580345, 0.00197318661958, -0.0009724831325, 0.0010086344555, -0.000312967051286, -0.000955822179094, 0.00210502371192, -0.00182280689478, 0.00190975528676, -0.00161102146376, 0.000968368549366, -0.000552636454813], [-0.00127127580345, 0.0103671681136, -0.00760738411918, 0.00503182923421, -0.00702736433595, 0.00458469847217, -0.00425021722913, 0.00142618082464, -0.00139689294156, 0.0059158122167, -0.00596187869087, 0.00758179975674, -0.00362002523616], [0.00197318661958, -0.00760738411918, 0.00819892715663, -0.00436469772831, 0.00606898777187, -0.00318317953497, 0.00330885290168, -0.000890385184903, 0.000193742846022, -0.00207395525649, 0.00167833245359, -0.00413095485419, 0.00243084481917], [-0.0009724831325, 0.00503182923421, -0.00436469772831, 0.00788791757077, -0.00379415834323, -7.78257162892e-05, 0.000328287977027, -0.00124952581245, -0.00112947530579, 0.00145500293002, -0.00286259525456, 0.00346102332696, -0.00102358672302], [0.0010086344555, -0.00702736433595, 0.00606898777187, -0.00379415834323, 0.0118610812351, -0.00262650195509, 0.00288277631626, -0.00279627135023, 0.00128797697835, -0.00603220425546, 0.0034358962439, -0.00468622241169, 0.000737671740353], [-0.000312967051286, 0.00458469847217, -0.00318317953497, -7.78257162892e-05, -0.00262650195509, 0.0102995242923, -0.00730578321964, 0.00199744082056, -0.000911187089514, -0.000173591586645, -0.00185121106915, 0.00470583280548, -0.00610299967229], [-0.000955822179094, -0.00425021722913, 0.00330885290168, 0.000328287977027, 0.00288277631626, -0.00730578321964, 0.0188597626984, -0.011836849153, 0.00700195040554, -0.00251829088666, 0.00508590182289, -0.0108538214117, 0.00798006448895], [0.00210502371192, 0.00142618082464, -0.000890385184903, -0.00124952581245, -0.00279627135023, 0.00199744082056, -0.011836849153, 0.0226506646723, -0.00933976098895, 0.00829313416034, -0.0101516889408, 0.0088859545067, -0.00555722089484], [-0.00182280689478, -0.00139689294156, 0.000193742846022, -0.00112947530579, 0.00128797697835, -0.000911187089514, 0.00700195040554, -0.00933976098895, 0.0181954205036, -0.015150395222, 0.0145936552435, -0.0117187006399, 0.0110167162493], [0.00190975528676, 0.0059158122167, -0.00207395525649, 0.00145500293002, -0.00603220425546, -0.000173591586645, -0.00251829088666, 0.00829313416034, -0.015150395222, 0.0384816713631, -0.0246352478862, 0.0168636608869, -0.0105405468494], [-0.00161102146376, -0.00596187869087, 0.00167833245359, -0.00286259525456, 0.0034358962439, -0.00185121106915, 0.00508590182289, -0.0101516889408, 0.0145936552435, -0.0246352478862, 0.040582600981, -0.0250586010516, 0.010981829837], [0.000968368549366, 0.00758179975674, -0.00413095485419, 0.00346102332696, -0.00468622241169, 0.00470583280548, -0.0108538214117, 0.0088859545067, -0.0117187006399, 0.0168636608869, -0.0250586010516, 0.0411334782839, -0.015714649111], [-0.000552636454813, -0.00362002523616, 0.00243084481917, -0.00102358672302, 0.000737671740353, -0.00610299967229, 0.00798006448895, -0.00555722089484, 0.0110167162493, -0.0105405468494, 0.010981829837, -0.015714649111, 0.0205475538969]]
    },
    "melbands": {
        "max": [0.000897915335372, 0.00216537597589, 0.00557488342747, 0.00903494376689, 0.00676320213825, 0.00714855780825, 0.00804549641907, 0.0100714415312, 0.0112301548943, 0.00382335414179, 0.00346554000862, 0.00319617940113, 0.00722377980128, 0.00309477187693, 0.000996191636659, 0.00109375361353, 0.000954702787567, 0.000816728919744, 0.000658739882056, 0.000408511055866, 0.000345331092831, 0.000203708812478, 0.000148381790495, 0.00012092878751, 6.84076367179e-05, 5.01754329889e-05, 2.31808462559e-05, 1.63910190167e-05, 1.35006366691e-05, 6.98617077433e-06, 3.7791255636e-06, 2.80282847598e-06, 3.27960469804e-06, 1.87287218978e-06, 2.77856702269e-06, 1.17793831578e-06, 7.17109855941e-07, 6.16941917997e-07, 3.59596015187e-07, 1.87068167179e-07],
        "mean": [4.75988854305e-05, 0.000122422992717, 0.000225723881158, 0.000421811419073, 0.000480625458295, 0.000542222172953, 0.000636883021798, 0.000422641111072, 0.000535716244485, 0.000389411696233, 0.000165148521774, 0.000165509263752, 0.000204170602956, 0.000113263471576, 6.86010316713e-05, 5.87921313127e-05, 4.50491461379e-05, 4.99865782331e-05, 2.87315306196e-05, 2.43442209467e-05, 1.76913345058e-05, 1.21079428936e-05, 1.13898586278e-05, 7.40451469028e-06, 4.08513142247e-06, 3.11250073537e-06, 1.78015966412e-06, 1.18645004932e-06, 6.45204181637e-07, 4.19424850406e-07, 3.02798667917e-07, 2.17895333776e-07, 1.80337394795e-07, 1.25863550693e-07, 9.58176826771e-08, 4.89303531026e-08, 3.68402481854e-08, 2.35896600032e-08, 1.10265787612e-08, 5.47409628737e-09],
        "min": [5.66814040148e-10, 5.16079285426e-14, 1.33720566223e-14, 8.93753167042e-15, 1.83239721682e-14, 1.82344899136e-14, 1.21291179344e-14, 2.75637074065e-14, 4.90020113516e-14, 5.64173579002e-14, 7.9895027497e-14, 9.05291466791e-14, 1.12689968034e-13, 7.81896045848e-14, 4.84465203685e-14, 7.6716241595e-14, 5.29570487397e-14, 3.90196840225e-14, 3.46708779579e-14, 7.01360017698e-14, 8.75628508503e-14, 5.16737768839e-14, 1.1515187946e-13, 7.70265605856e-14, 6.28636885928e-14, 6.9485832832e-14, 1.48975395822e-13, 1.19815886813e-13, 1.02305723572e-13, 9.74729872554e-14, 6.27117918684e-14, 1.13009577282e-13, 1.58928087162e-13, 8.87272975361e-14, 1.63035925906e-13, 1.67836922203e-13, 1.42534489528e-13, 1.42803642717e-13, 1.50249021666e-13, 1.1660797653e-13],
        "stdev": [8.89629227458e-05, 0.000197028988623, 0.00028376080445, 0.000632868672255, 0.000654707779177, 0.000711731088813, 0.000949292851146, 0.000742892734706, 0.00106871011667, 0.000615027383901, 0.000318698672345, 0.000345112348441, 0.00046784710139, 0.000270998396445, 0.000133634050144, 0.000129920532345, 0.000100481753179, 0.000104095313873, 6.91895547789e-05, 5.62281420571e-05, 4.28196217399e-05, 2.72169527307e-05, 1.90799382835e-05, 1.4140849089e-05, 7.92090850155e-06, 5.92419337409e-06, 3.30265174853e-06, 2.29475699598e-06, 1.37248400733e-06, 8.60805755565e-07, 5.76771412852e-07, 4.01840907216e-07, 2.92286188142e-07, 1.98615509817e-07, 1.77804039936e-07, 9.38168867037e-08, 7.31962259692e-08, 5.66690623316e-08, 2.50595899587e-08, 9.19120246579e-09]
    },
    "melbands128": {
        "max": [0.00017350174312, 0.000793731829617, 0.00148441758938, 0.0019202446565, 0.0032678397838, 0.00281521957368, 0.00507023604587, 0.00972371455282, 0.00381687167101, 0.00552422739565, 0.0199359562248, 0.0112793324515, 0.00510529056191, 0.0170526839793, 0.0116029120982, 0.00895297992975, 0.0140286935493, 0.0149776320904, 0.0136895552278, 0.0197483636439, 0.0167827289551, 0.00700995605439, 0.0206481833011, 0.017358193174, 0.00851834751666, 0.00334951863624, 0.00870406907052, 0.00366520974785, 0.0108788665384, 0.00499641848728, 0.00412872061133, 0.00253744795918, 0.0137815903872, 0.00546599412337, 0.00504090869799, 0.00384044740349, 0.00208086031489, 0.00131653633434, 0.0015845564194, 0.00272561865859, 0.0014679353917, 0.00126222171821, 0.00124740239698, 0.000970673747361, 0.00169784901664, 0.000822298228741, 0.000837242405396, 0.000912549672648, 0.000655521755107, 0.000805037852842, 0.000687372346874, 0.000447586702649, 0.000609907263424, 0.000596345926169, 0.000415836402681, 0.000259282707702, 0.000240038658376, 0.000253536301898, 0.000216429747525, 0.000175471883267, 0.000207563352888, 0.000172595391632, 0.000105964594695, 8.83392058313e-05, 0.00011225174967, 8.25871757115e-05, 6.47366978228e-05, 4.94803061883e-05, 2.83557674265e-05, 3.96900068154e-05, 3.20517756336e-05, 1.63119075296e-05, 1.31444057843e-05, 3.35680560966e-05, 1.19465948956e-05, 1.37085971801e-05, 7.7054319263e-06, 8.47615956445e-06, 4.85333248434e-06, 1.23990694192e-05, 6.7569062594e-06, 2.36184109781e-06, 6.50499259791e-06, 4.16809098169e-06, 3.75656259166e-06, 2.77185972664e-06, 2.19248272515e-06, 2.52955760516e-06, 3.50525169779e-06, 2.45112187258e-06, 1.56485918978e-06, 1.1656385368e-06, 8.19507590677e-07, 8.39074402847e-07, 1.00042143458e-06, 8.02152328561e-07, 7.80101231612e-07, 5.17997420957e-07, 4.31651216104e-07, 3.15017189223e-07, 2.50998624551e-07, 1.35778464028e-07, 1.83024610578e-07, 7.97100057071e-08, 2.38969306565e-08, 2.0751460994e-08, 1.98959124731e-08, 1.73144023563e-08, 1.67878688728e-08, 1.62542921345e-08, 1.6486888299e-08, 2.07653911843e-08, 2.02326031484e-08, 1.61756172901e-08, 1.6495096844e-08, 1.64040283579e-08, 1.21177299306e-08, 1.13088365339e-08, 1.18125402793e-08, 1.35514355293e-08, 1.25627135361e-08, 8.85472406509e-09, 4.88392082332e-09, 4.36752717325e-10, 4.31023494674e-10, 4.27229307487e-10, 4.23138107886e-10, 4.21202878131e-10],
        "mean": [5.2153031902e-06, 2.75996517303e-05, 5.93028671574e-05, 9.68014501268e-05, 0.000130767759401, 0.000122781697428, 0.000178624788532, 0.000287758331979, 0.000246040814091, 0.000365236104699, 0.000627092493232, 0.000444556993898, 0.000271474331385, 0.00077994808089, 0.000580268737394, 0.000301239662804, 0.00068428524537, 0.000759264919907, 0.000477632536786, 0.000562113826163, 0.000302283326164, 0.000268047268037, 0.000538951309863, 0.000890612252988, 0.000524849747308, 0.000141239943332, 0.00015839849948, 0.000115709670354, 0.000250566547038, 0.000209098754567, 0.000118361182103, 0.000104387385363, 0.00032516149804, 0.000144759062096, 0.000137173061376, 0.000116065275506, 5.44819122297e-05, 5.95610981691e-05, 7.98380351625e-05, 8.47356423037e-05, 3.89728920709e-05, 5.04317795276e-05, 4.26254009653e-05, 3.50312984665e-05, 7.17390794307e-05, 4.76910499856e-05, 3.58869474439e-05, 2.73075729638e-05, 2.38085503952e-05, 3.28118039761e-05, 2.3204516765e-05, 1.76969097083e-05, 2.2731925128e-05, 1.52520315169e-05, 1.16554292617e-05, 1.24831594803e-05, 1.14316098916e-05, 1.28125275296e-05, 1.16572246043e-05, 8.0082736531e-06, 7.36922311262e-06, 7.09658297637e-06, 4.49808112535e-06, 2.85092801278e-06, 3.92974243368e-06, 3.1878378195e-06, 2.92679965241e-06, 1.73560579242e-06, 1.52858808633e-06, 1.67877044532e-06, 1.54589804424e-06, 6.90992692398e-07, 5.67814538499e-07, 7.98006112745e-07, 5.14030716658e-07, 4.01961358421e-07, 3.70578391085e-07, 3.94633303813e-07, 2.49321630008e-07, 2.7736643915e-07, 2.53474496503e-07, 1.69506989778e-07, 1.87934062978e-07, 1.91934660165e-07, 1.72415539623e-07, 1.24484785147e-07, 1.17442596093e-07, 1.07979886366e-07, 1.13573221938e-07, 6.88665053872e-08, 5.18357126111e-08, 4.34199236565e-08, 4.20391153e-08, 3.76314091e-08, 3.49512809805e-08, 2.74972862258e-08, 2.25397975839e-08, 1.53917092405e-08, 1.15877272222e-08, 8.3485840463e-09, 6.42343378487e-09, 5.06804376244e-09, 4.2479033624e-09, 2.99686209182e-09, 4.97042351721e-10, 1.51125102016e-11, 1.39220492773e-11, 1.2585360705e-11, 1.21708103665e-11, 1.17510645312e-11, 1.16948178572e-11, 1.34627725634e-11, 1.30738501622e-11, 1.11107902392e-11, 1.11304099618e-11, 1.09826332056e-11, 8.96945191731e-12, 8.47066514154e-12, 8.61434795024e-12, 9.31506347751e-12, 8.77429986307e-12, 7.04414001088e-12, 5.20816376137e-12, 2.9764064477e-12, 2.87738561276e-12, 2.78102389208e-12, 2.72213263215e-12, 2.70262544982e-12],
        "min": [1.70432401525e-09, 6.74788058763e-10, 1.40965537854e-11, 6.23747811756e-14, 6.99094035157e-14, 3.13110370693e-14, 5.61050272064e-15, 1.60418333212e-14, 1.2928830539e-14, 5.52447170177e-15, 6.59553893434e-15, 1.67628464007e-14, 2.63402580997e-14, 1.21334352613e-14, 2.77601902511e-14, 1.55620636955e-14, 3.46264337156e-15, 6.24884665497e-15, 2.70725875393e-14, 3.85115489574e-14, 1.89114708323e-14, 2.38081157843e-14, 5.54234392755e-14, 6.72800031833e-14, 7.29151439748e-14, 4.77573235407e-14, 3.34561547845e-14, 8.52398528281e-14, 1.14053813052e-13, 1.06114254753e-13, 5.84415802969e-14, 1.03462933208e-13, 1.87947978036e-13, 4.84860903597e-14, 3.63302663235e-14, 1.45481866029e-13, 5.09925048963e-14, 2.95284325149e-14, 6.09547134989e-14, 4.73228871183e-14, 8.91275104393e-14, 1.02644801025e-13, 5.3333483734e-14, 3.1807594888e-14, 2.80116031824e-14, 5.78304629661e-14, 2.43355140726e-14, 1.78067907912e-14, 6.04731244464e-14, 3.29677894684e-14, 4.5284099143e-14, 1.54514828666e-13, 6.02091415462e-14, 1.92996609498e-14, 4.15251329416e-14, 1.09843986459e-14, 2.9614301327e-14, 8.37941505462e-14, 1.69602396363e-13, 1.17197958695e-13, 6.32191578275e-14, 3.11056891778e-14, 1.84875935226e-14, 5.15764527983e-14, 6.1823518581e-14, 3.13361634547e-14, 7.67320641705e-14, 1.12884738178e-13, 1.48017462545e-13, 1.14949513124e-13, 6.22526458009e-14, 1.22834386976e-13, 6.59488129796e-14, 7.23324733985e-14, 7.06934307642e-14, 9.47359256472e-14, 5.61042030433e-14, 5.50707110393e-14, 5.94281839451e-14, 7.98293722792e-14, 7.24901367231e-14, 1.17506590395e-13, 2.00469035903e-13, 1.6761075763e-13, 1.20353976351e-13, 9.83063660315e-14, 5.80720164339e-14, 7.50956032926e-14, 1.43207602894e-13, 1.20778929392e-13, 1.55129584851e-13, 1.75265590886e-13, 1.25357664245e-13, 1.37144798556e-13, 1.52836822516e-13, 1.23508191521e-13, 1.18875910634e-13, 1.82418668929e-13, 9.52668865561e-14, 1.0788269014e-13, 4.64583036484e-14, 1.06612310126e-13, 1.27898180328e-13, 9.88782081386e-14, 8.76984642133e-14, 1.00796886842e-13, 3.55919924067e-14, 7.32592223105e-14, 6.7951971361e-14, 7.58511092477e-14, 7.46681091523e-14, 6.9520256251e-14, 4.9004566003e-14, 3.71702722855e-14, 5.29268604854e-14, 5.85327142658e-14, 5.36954412411e-14, 3.57606129496e-14, 5.02577546366e-14, 7.93588014313e-14, 7.2676985415e-14, 4.46564104597e-14, 7.53135076005e-14, 4.53558191167e-14, 2.97062789406e-14, 1.28275169282e-14, 2.94509967629e-15, 8.80180390505e-17],
        "stdev": [7.47779540688e-06, 6.11862415099e-05, 0.00013511205907, 0.000196762135602, 0.000280159845715, 0.000208068799111, 0.000250895333011, 0.00047253080993, 0.00036241489579, 0.000560319633223, 0.00128415913787, 0.000803782138973, 0.000530433375388, 0.00148659537081, 0.00099943834357, 0.000580700696446, 0.0013072550064, 0.00143015477806, 0.000959110271651, 0.00124560901895, 0.000766798679251, 0.000643153151032, 0.00157775636762, 0.00202961894684, 0.00101707072463, 0.000292627461022, 0.000419805466663, 0.000249331933446, 0.000739135139156, 0.000502935377881, 0.000330298149493, 0.000222113259952, 0.000849057279993, 0.000387838139432, 0.000422015116783, 0.000308506336296, 0.000147064973135, 0.000136578033562, 0.000186952544027, 0.000228058750508, 0.000123565157992, 0.000127691018861, 0.000114914451842, 0.000104202365037, 0.000171863575815, 0.000106307517854, 9.47130902205e-05, 7.8624827438e-05, 6.86578277964e-05, 8.2958729763e-05, 6.20845239609e-05, 4.92273866257e-05, 6.04177330388e-05, 4.23681485699e-05, 3.61663587682e-05, 2.98561299132e-05, 2.52518511843e-05, 2.36234609474e-05, 2.18222830881e-05, 1.80021143024e-05, 1.67925118149e-05, 1.5689227439e-05, 1.01886516859e-05, 6.89519902153e-06, 8.9553068392e-06, 6.9214420364e-06, 6.29944224784e-06, 3.86286774301e-06, 3.21744255416e-06, 3.68584710486e-06, 3.20384765473e-06, 1.70679345501e-06, 1.45667718243e-06, 1.97678559744e-06, 1.18889875012e-06, 1.01008549791e-06, 7.90376475379e-07, 8.28538304631e-07, 5.54971506972e-07, 6.28126144875e-07, 5.71545228922e-07, 3.33218480364e-07, 3.55658272611e-07, 3.36405179269e-07, 2.87333335791e-07, 2.23570225444e-07, 2.02955263262e-07, 1.84580912332e-07, 2.6719754942e-07, 1.4643022439e-07, 1.12954317899e-07, 8.7598643006e-08, 8.19235310701e-08, 7.76653550361e-08, 8.07136188996e-08, 6.87892409701e-08, 5.91349689216e-08, 4.24092263529e-08, 2.77725149544e-08, 1.87264621587e-08, 1.21574483813e-08, 8.51283488146e-09, 7.07072578265e-09, 3.92599996957e-09, 9.73306213403e-10, 4.39505598582e-10, 4.21430557118e-10, 3.66818658781e-10, 3.55665857876e-10, 3.44363371152e-10, 3.49269085875e-10, 4.39776048911e-10, 4.28490742888e-10, 3.42637584971e-10, 3.49384188247e-10, 3.47446516002e-10, 2.56764998152e-10, 2.39644443178e-10, 2.50284792891e-10, 2.87060319959e-10, 2.66132255122e-10, 1.877120126e-10, 1.03877767499e-10, 1.04459878247e-11, 1.02680659114e-11, 1.01719058523e-11, 1.00770659178e-11, 1.00291970909e-11]
    },
    "mfcc": {
        "mean": [-729.808227539, 190.164169312, -20.3393669128, 8.88020896912, -15.8819160461, -15.6466875076, -16.1020355225, -0.309154003859, -13.1424646378, -4.53518342972, -0.739985108376, -3.59888672829, -3.62014508247],
        "cov": [[6890.11376953, -1027.02905273, -2183.73876953, -364.059295654, -574.138122559, 333.19519043, -227.494766235, 156.767181396, -55.4490966797, 119.635063171, -144.678894043, -49.4804039001, -128.299423218], [-1027.02905273, 806.086914062, 396.098480225, 52.9481048584, 60.4886436462, -171.46585083, 68.662147522, 6.70893573761, -38.3442764282, -63.0263557434, 42.9977645874, -55.9071617126, 57.1044692993], [-2183.73876953, 396.098480225, 1091.32092285, 170.860778809, 158.578033447, -92.1053695679, 46.2201385498, -26.1760101318, -7.7009396553, -33.0463638306, 68.4598617554, 22.5204715729, 29.9178066254], [-364.059295654, 52.9481048584, 170.860778809, 183.87210083, 85.6779785156, -37.806930542, -30.1099567413, -8.68419551849, -13.1153888702, 4.24553871155, 47.3344154358, 19.7080097198, -3.91200113297], [-574.138122559, 60.4886436462, 158.578033447, 85.6779785156, 195.766311646, 13.633023262, -6.21652126312, -48.0627174377, 25.004486084, 12.0957221985, 8.34397602081, 40.95652771, -5.91436576843], [333.19519043, -171.46585083, -92.1053695679, -37.806930542, 13.633023262, 142.052581787, 19.4338588715, -3.3709127903, 29.1878738403, 20.6280479431, -26.0649833679, 27.3973846436, -10.8763399124], [-227.494766235, 68.662147522, 46.2201385498, -30.1099567413, -6.21652126312, 19.4338588715, 241.20249939, 38.8909416199, 29.3184566498, -23.4717388153, -76.6408157349, -3.06995034218, 96.7878112793], [156.767181396, 6.70893573761, -26.1760101318, -8.68419551849, -48.0627174377, -3.3709127903, 38.8909416199, 112.307723999, 14.8803014755, 9.37406826019, 23.5273857117, -13.0467939377, 21.3779602051], [-55.4490966797, -38.3442764282, -7.7009396553, -13.1153888702, 25.004486084, 29.1878738403, 29.3184566498, 14.8803014755, 80.4964447021, 23.2061023712, -30.2743797302, 8.02364444733, 14.116771698], [119.635063171, -63.0263557434, -33.0463638306, 4.24553871155, 12.0957221985, 20.6280479431, -23.4717388153, 9.37406826019, 23.2061023712, 76.9589614868, 27.9583454132, 7.73842144012, -19.2503604889], [-144.678894043, 42.9977645874, 68.4598617554, 47.3344154358, 8.34397602081, -26.0649833679, -76.6408157349, 23.5273857117, -30.2743797302, 27.9583454132, 144.981292725, 25.3608360291, -41.607006073], [-49.4804039001, -55.9071617126, 22.5204715729, 19.7080097198, 40.95652771, 27.3973846436, -3.06995034218, -13.0467939377, 8.02364444733, 7.73842144012, 25.3608360291, 77.663520813, 4.76831674576], [-128.299423218, 57.1044692993, 29.9178066254, -3.91200113297, -5.91436576843, -10.8763399124, 96.7878112793, 21.3779602051, 14.116771698, -19.2503604889, -41.607006073, 4.76831674576, 101.746170044]],
        "icov": [[0.000760065973736, -0.0002301751083, 0.00119880866259, -0.000587343471125, 0.00148048892152, -0.00138223078102, 0.000875736062881, -0.00105409673415, 0.00121135590598, -0.00101654359605, 0.00143338530324, -0.000826203206088, 0.000303718989016], [-0.0002301751083, 0.00249494682066, -0.000851657241583, 0.00101967307273, -0.00178869918454, 0.00253086374141, -0.000988113577478, 0.00047271308722, -0.000208172190469, 0.00152080948465, -0.00196421705186, 0.00230045500211, -0.000988102867268], [0.00119880866259, -0.000851657241583, 0.0032691382803, -0.00174534088001, 0.00186797790229, -0.00205503497273, 0.00094827322755, -0.00129937101156, 0.00149610603694, -0.00112757517491, 0.00164006976411, -0.00140604004264, 0.000536790117621], [-0.000587343471125, 0.00101967307273, -0.00174534088001, 0.00938013847917, -0.00530826020986, 0.0034449652303, 4.10170196119e-06, -0.00035163393477, 0.000881978892721, 0.000694128393661, -0.0026389437262, 0.000799233443104, -0.00141701649409], [0.00148048892152, -0.00178869918454, 0.00186797790229, -0.00530826020986, 0.0129400128499, -0.00472868327051, 0.00149502488784, 0.00165521341842, -0.00124233786482, -0.00311398878694, 0.00357772922143, -0.0052031041123, 0.00188423646614], [-0.00138223078102, 0.00253086374141, -0.00205503497273, 0.0034449652303, -0.00472868327051, 0.0145264817402, -0.00352952093817, 0.00135331961792, -0.00320684025064, 0.00090394722065, -0.00154591957107, -0.00125473877415, 0.00196705618873], [0.000875736062881, -0.000988113577478, 0.00094827322755, 4.10170196119e-06, 0.00149502488784, -0.00352952093817, 0.0094428230077, -0.00398527551442, 0.00163378950674, -0.001162993256, 0.0049275434576, -0.0015986013459, -0.00541229452938], [-0.00105409673415, 0.00047271308722, -0.00129937101156, -0.00035163393477, 0.00165521341842, 0.00135331961792, -0.00398527551442, 0.0157489702106, -0.0066986582242, 0.00157965219114, -0.00833903811872, 0.00470872456208, -0.00290550640784], [0.00121135590598, -0.000208172190469, 0.00149610603694, 0.000881978892721, -0.00124233786482, -0.00320684025064, 0.00163378950674, -0.0066986582242, 0.0215871054679, -0.00837156735361, 0.00834607519209, -0.0034112657886, -0.000329588685418], [-0.00101654359605, 0.00152080948465, -0.00112757517491, 0.000694128393661, -0.00311398878694, 0.00090394722065, -0.001162993256, 0.00157965219114, -0.00837156735361, 0.0201291386038, -0.0077779344283, 0.00350670609623, 0.0005378703936], [0.00143338530324, -0.00196421705186, 0.00164006976411, -0.0026389437262, 0.00357772922143, -0.00154591957107, 0.0049275434576, -0.00833903811872, 0.00834607519209, -0.0077779344283, 0.0187646131963, -0.00937081966549, 0.00491658272222], [-0.000826203206088, 0.00230045500211, -0.00140604004264, 0.000799233443104, -0.0052031041123, -0.00125473877415, -0.0015986013459, 0.00470872456208, -0.0034112657886, 0.00350670609623, -0.00937081966549, 0.0215255599469, -0.00549803767353], [0.000303718989016, -0.000988102867268, 0.000536790117621, -0.00141701649409, 0.00188423646614, 0.00196705618873, -0.00541229452938, -0.00290550640784, -0.000329588685418, 0.0005378703936, 0.00491658272222, -0.00549803767353, 0.0190481189638]]
    },
    "spectral_contrast_coeffs": {
        "max": [-0.404667317867, -0.42711687088, -0.549437105656, -0.626262366772, -0.638966858387, -0.673107624054],
        "mean": [-0.646319925785, -0.724197924137, -0.742817878723, -0.784284293652, -0.773293912411, -0.785668730736],
        "min": [-0.949170351028, -0.966554999352, -0.956757962704, -0.966411292553, -0.930757522583, -0.923804759979],
        "stdev": [0.076498709619, 0.0821485444903, 0.0584896355867, 0.0495288483799, 0.0452809073031, 0.0526947900653]
    },
    "spectral_contrast_valleys": {
        "max": [-5.59946727753, -4.46490192413, -5.06327342987, -5.26961278915, -6.36815738678, -9.88336277008],
        "mean": [-7.50537490845, -6.4047794342, -7.65549325943, -8.31658363342, -8.83490180969, -11.9571847916],
        "min": [-18.0935268402, -17.0451774597, -16.6780891418, -16.7348155975, -15.900724411, -17.1155719757],
        "stdev": [0.666665554047, 0.793674349785, 1.14423787594, 1.19021046162, 1.0556589365, 0.612212836742]
    }
},
"rhythm": {
    "beats_count": 81,
    "beats_loudness": {
        "max": 0.111116543412,
        "mean": 0.0232197139412,
        "min": 0.000260296219494,
        "stdev": 0.0210991464555
    },
    "bpm": 95.3977584839,
    "bpm_histogram_first_peak_bpm": 96,
    "bpm_histogram_first_peak_weight": 0.534482717514,
    "bpm_histogram_second_peak_bpm": 103,
    "bpm_histogram_second_peak_spread": 0.333333313465,
    "bpm_histogram_second_peak_weight": 0.0750000029802,
    "danceability": 0.806472301483,
    "onset_rate": 2.26004457474,
    "beats_loudness_band_ratio": {
        "max": [0.602547168732, 0.835326313972, 0.856615841389, 0.574740052223, 0.408248007298, 0.0261774472892],
        "mean": [0.125073626637, 0.323316752911, 0.406139940023, 0.139020442963, 0.0483952313662, 0.00519731268287],
        "min": [0.00193415454123, 0.0137157505378, 0.101631112397, 0.00533904368058, 0.00167584267911, 0.000487024168251],
        "stdev": [0.132214426994, 0.216075837612, 0.208619192243, 0.148325145245, 0.0855749547482, 0.00672039808705]
    },
