{
"metadata": {
    "version": {
        "essentia": "2.1-beta5",
        "essentia_git_sha": "Undefined",
        "extractor": "music 2.0"
    },
    "audio_properties": {
        "analysis": {
            "equal_loudness": 0,
            "length": 23.7424030304,
            "sample_rate": 44100,
            "start_time": 175.240997314,
            "downmix": "mix"
        },
        "bit_rate": 192000,
        "length": 199.006622314,
        "lossless": 0,
        "number_channels": 2,
        "replay_gain": -7.40699195862,
        "sample_rate": 48000,
        "codec": "mp3",
        "md5_encoded": "3c20427db6159f3aac5c69f694cdb477"
    },
    "tags": {
        "file_name": "Switzerland_I Miei Pensieri_Anita Traversi.mp3",
        "encoding": ["Lavf58.29.100"]
    }
},
"lowlevel": {
    "average_loudness": 0.808664679527,
    "barkbands_crest": {
        "max": 26.3413848877,
        "mean": 10.8908939362,
        "min": 2.98692536354,
        "stdev": 6.17040109634
    },
    "barkbands_flatness_db": {
        "max": 0.427708894014,
        "mean": 0.245622381568,
        "min": 0.0801593586802,
        "stdev": 0.0744655057788
    },
    "barkbands_kurtosis": {
        "max": 123.541305542,
        "mean": 4.5215921402,
        "min": -1.48722326756,
        "stdev": 10.5321521759
    },
    "barkbands_skewness": {
        "max": 10.5325460434,
        "mean": 0.96147018671,
        "min": -1.83379197121,
        "stdev": 1.25152766705
    },
    "barkbands_spread": {
        "max": 85.2512283325,
        "mean": 8.65208148956,
        "min": 0.742379486561,
        "stdev": 7.95714473724
    },
    "dissonance": {
        "max": 0.499999880791,
        "mean": 0.421239316463,
        "min": 0.202078253031,
        "stdev": 0.0713240802288
    },
    "dynamic_complexity": 3.15267467499,
    "erbbands_crest": {
        "max": 31.0114631653,
        "mean": 12.4057636261,
        "min": 3.33407402039,
        "stdev": 6.87665367126
    },
    "erbbands_flatness_db": {
        "max": 0.446052104235,
        "mean": 0.302415460348,
        "min": 0.0971231088042,
        "stdev": 0.0617787204683
    },
    "erbbands_kurtosis": {
        "max": 46.1332092285,
        "mean": 2.60611152649,
        "min": -1.52295541763,
        "stdev": 4.63407993317
    },
    "erbbands_skewness": {
        "max": 5.78727579117,
        "mean": 0.662798881531,
        "min": -3.46882963181,
        "stdev": 0.965581059456
    },
    "erbbands_spread": {
        "max": 76.2347412109,
        "mean": 13.7236700058,
        "min": 1.71548604965,
        "stdev": 8.76588726044
    },
    "hfc": {
        "max": 73.0569839478,
        "mean": 16.5074920654,
        "min": 0.000747859012336,
        "stdev": 12.6164493561
    },
    "loudness_ebu128": {
        "integrated": -17.2723617554,
        "loudness_range": 5.74458122253,
        "momentary": {
            "max": -12.8552398682,
            "mean": -18.9752655029,
            "min": -44.6646270752,
            "stdev": 5.05406570435
        },
        "short_term": {
            "max": -14.2611122131,
            "mean": -17.8881435394,
            "min": -21.023443222,
            "stdev": 1.79651248455
        }
    },
    "melbands_crest": {
        "max": 32.2882537842,
        "mean": 12.6397666931,
        "min": 3.23613023758,
        "stdev": 6.77824878693
    },
    "melbands_flatness_db": {
        "max": 0.480002522469,
        "mean": 0.267840951681,
        "min": 0.0450636669993,
        "stdev": 0.0896477848291
    },
    "melbands_kurtosis": {
        "max": 172.386260986,
        "mean": 5.66271162033,
        "min": -1.78401660919,
        "stdev": 14.6350231171
    },
    "melbands_skewness": {
        "max": 10.8797578812,
        "mean": 1.03782832623,
        "min": -1.02494847775,
        "stdev": 1.3141733408
    },
    "melbands_spread": {
        "max": 214.798751831,
        "mean": 14.6518354416,
        "min": 0.908859848976,
        "stdev": 16.1487445831
    },
    "pitch_salience": {
        "max": 0.924517571926,
        "mean": 0.610386312008,
        "min": 0.100881777704,
        "stdev": 0.156183853745
    },
    "silence_rate_20dB": {
        "max": 1,
        "mean": 1,
        "min": 1,
        "stdev": 0
    },
    "silence_rate_30dB": {
        "max": 1,
        "mean": 1,
        "min": 1,
        "stdev": 0
    },
    "silence_rate_60dB": {
        "max": 1,
        "mean": 0.0673828125,
        "min": 0,
        "stdev": 0.25068205595
    },
    "spectral_centroid": {
        "max": 4650.39306641,
        "mean": 975.153259277,
        "min": 361.280578613,
        "stdev": 513.444763184
    },
    "spectral_complexity": {
        "max": 44,
        "mean": 17.2275390625,
        "min": 0,
        "stdev": 11.494143486
    },
    "spectral_decrease": {
        "max": -1.65365632429e-13,
        "mean": -5.13770137545e-09,
        "min": -2.44389291026e-08,
        "stdev": 3.65945718173e-09
    },
    "spectral_energy": {
        "max": 0.0975866168737,
        "mean": 0.0208881385624,
        "min": 6.91961702159e-07,
        "stdev": 0.0148069830611
    },
    "spectral_energyband_high": {
        "max": 0.000880338833667,
        "mean": 6.28023335594e-05,
        "min": 1.1773954256e-08,
        "stdev": 9.5327886811e-05
    },
    "spectral_energyband_low": {
        "max": 0.0066333967261,
        "mean": 0.000595047196839,
        "min": 5.2787939353e-08,
        "stdev": 0.00106784119271
    },
    "spectral_energyband_middle_high": {
        "max": 0.0301437750459,
        "mean": 0.00650690076873,
        "min": 3.20268270571e-07,
        "stdev": 0.0068984539248
    },
    "spectral_energyband_middle_low": {
        "max": 0.0746722519398,
        "mean": 0.0144586171955,
        "min": 3.21623360833e-07,
        "stdev": 0.0119427070022
    },
    "spectral_entropy": {
        "max": 8.44269752502,
        "mean": 6.75672721863,
        "min": 4.94790315628,
        "stdev": 0.789275765419
    },
    "spectral_flux": {
        "max": 0.201581031084,
        "mean": 0.0622582174838,
        "min": 0.00260038115084,
        "stdev": 0.0323462598026
    },
    "spectral_kurtosis": {
        "max": 61.868927002,
        "mean": 17.6052494049,
        "min": -0.469938755035,
        "stdev": 13.6377906799
    },
    "spectral_rms": {
        "max": 0.00975738000125,
        "mean": 0.00419888878241,
        "min": 2.59823900706e-05,
        "stdev": 0.00165770691819
    },
    "spectral_rolloff": {
        "max": 7536.62109375,
        "mean": 1191.62219238,
        "min": 107.666015625,
        "stdev": 771.201599121
    },
    "spectral_skewness": {
        "max": 6.16210079193,
        "mean": 2.72782039642,
        "min": -0.210238128901,
        "stdev": 1.25793886185
    },
    "spectral_spread": {
        "max": 7414990,
        "mean": 2082607.875,
        "min": 1134724.75,
        "stdev": 731784.625
    },
    "spectral_strongpeak": {
        "max": 7.23972702026,
        "mean": 1.62114143372,
        "min": 0.000297086808132,
        "stdev": 1.18990433216
    },
    "zerocrossingrate": {
        "max": 0.25048828125,
        "mean": 0.0431146621704,
        "min": 0.0146484375,
        "stdev": 0.0230504758656
    },
    "barkbands": {
        "max": [4.76000168419e-05, 0.00215584412217, 0.00152920000255, 0.0136298593134, 0.0315428115427, 0.0693638026714, 0.0347409956157, 0.0153406001627, 0.0479943938553, 0.0316192097962, 0.00879488326609, 0.00990255735815, 0.0163584891707, 0.00593378534541, 0.00526574905962, 0.00516794715077, 0.00346213299781, 0.00177010102198, 0.00187569868285, 0.000610096671153, 0.000309706287226, 0.000163754040841, 7.26004655007e-05, 2.58378186118e-05, 3.25984137817e-06, 1.88365561371e-06, 1.97845906769e-06],
        "mean": [4.66365872853e-06, 8.87474961928e-05, 0.00014217486023, 0.000763597199693, 0.00166840769816, 0.00314217573032, 0.00238543818705, 0.00127257127315, 0.00445532146841, 0.00144842651207, 0.00119451235514, 0.00114356016275, 0.000847267336212, 0.000606276153121, 0.000589199597016, 0.000526278337929, 0.00023765777587, 0.000164807745023, 0.000125038059196, 4.33223103755e-05, 2.16236749111e-05, 9.96312246571e-06, 4.93811330671e-06, 1.82410860816e-06, 3.59653938631e-07, 2.81420398096e-09, 2.91880275505e-09],
        "min": [5.90924065236e-09, 3.71608308569e-08, 4.45853487463e-09, 8.92080898041e-09, 5.79856962446e-09, 1.69970686414e-08, 6.52165965676e-08, 9.18555258522e-08, 1.08977090463e-07, 5.76343381908e-08, 9.00711967233e-08, 8.12047744603e-08, 7.84136755527e-09, 1.6109085621e-08, 2.28441132677e-09, 2.81414314074e-09, 1.098768454e-08, 1.81330470639e-08, 2.69502393735e-08, 1.67251670291e-08, 2.32133090527e-09, 1.10184172897e-09, 8.01886390622e-10, 7.21606163712e-10, 7.12061964947e-10, 1.89527629701e-11, 2.6678789386e-11],
        "stdev": [4.88916703034e-06, 0.000199671238079, 0.000252415193245, 0.00172023253981, 0.00313919223845, 0.00544595299289, 0.00420529814437, 0.00172364886384, 0.00628359429538, 0.00324680609629, 0.00135540100746, 0.00136124459095, 0.00140853994526, 0.000978851225227, 0.000779776077252, 0.00079444993753, 0.000370220805053, 0.000230429010116, 0.000226525953622, 6.37248740532e-05, 3.76888056053e-05, 1.70596904354e-05, 8.91292620508e-06, 2.94597180073e-06, 3.76680759473e-07, 5.96490892235e-08, 6.24252365355e-08]
    },
    "erbbands": {
        "max": [0.0664466693997, 0.478434234858, 1.31602668762, 23.1999702454, 55.2966918945, 161.18812561, 206.355102539, 694.018127441, 455.264465332, 238.765365601, 380.577606201, 821.736999512, 1516.91333008, 300.970550537, 449.468933105, 369.945220947, 347.428100586, 525.617492676, 293.64251709, 248.087631226, 291.462493896, 177.517059326, 86.1416549683, 106.65007019, 58.7919883728, 26.2274551392, 21.4682941437, 11.6712036133, 4.29339599609, 3.05277991295, 2.4421441555, 0.901809990406, 0.317849963903, 0.0670940876007, 0.0150141399354, 0.00762231741101, 0.00347869144753, 0.0012341029942, 0.000286710506771, 0.000112734305731],
        "mean": [0.00198270869441, 0.0225401800126, 0.131025493145, 1.48528206348, 2.72156071663, 6.05490922928, 12.2970666885, 33.9419784546, 36.2021179199, 24.4104118347, 32.055809021, 98.0854568481, 85.5549621582, 36.7332038879, 62.6757545471, 40.735496521, 36.968914032, 35.9659729004, 31.9463863373, 27.9454917908, 26.6557006836, 13.5398349762, 9.64568042755, 8.07617950439, 4.09563684464, 2.05321097374, 1.40182614326, 0.627170205116, 0.34785926342, 0.226033657789, 0.130194067955, 0.0581460632384, 0.0223226267844, 0.00682402495295, 0.00119852577336, 5.59570253245e-05, 1.52064521899e-05, 4.69828182759e-06, 1.14337935884e-05, 2.45327610173e-05],
        "min": [1.53864857566e-06, 6.40165262666e-06, 5.83834707868e-06, 2.10708658415e-05, 1.79051712621e-05, 2.77607668977e-05, 4.65296798211e-05, 0.000179936731001, 0.000684513244778, 0.0015045942273, 0.00237292563543, 0.0025123343803, 0.00193133030552, 0.00240827491507, 0.00405143620446, 0.00294896238483, 0.000561351655051, 0.000685428036377, 0.000426398124546, 0.000123618679936, 0.000272890407359, 0.000595708203036, 0.000598784186877, 0.00214981054887, 0.000723739678506, 0.000742813397665, 0.000170899191289, 0.000101923855254, 3.87198087992e-05, 3.21487896144e-05, 2.54972819675e-05, 1.70630428329e-05, 1.01553659988e-05, 7.79206402513e-06, 5.0615803957e-06, 2.79507730738e-06, 5.286071314e-07, 8.82423449866e-08, 2.47376519269e-08, 8.09572231475e-09],
        "stdev": [0.00463862903416, 0.0511011220515, 0.225809395313, 3.17644333839, 5.51718759537, 12.0161981583, 20.8488178253, 53.8829574585, 58.5122375488, 33.1019744873, 39.1331787109, 132.50932312, 162.175811768, 42.4229049683, 69.2793884277, 50.2743453979, 52.2873306274, 58.4581794739, 44.1597213745, 38.3027153015, 40.6659202576, 20.6643638611, 13.1950883865, 12.925570488, 7.26458501816, 2.84522676468, 2.52719306946, 1.00222671032, 0.546247422695, 0.385910153389, 0.250617533922, 0.102145716548, 0.0362095758319, 0.00780837191269, 0.00110014888924, 0.000242975380388, 0.000110129760287, 3.92338188249e-05, 1.17883710118e-05, 1.73405478563e-05]
    },
    "gfcc": {
        "mean": [-100.731498718, 158.743133545, -181.397186279, -8.47211265564, -71.8797454834, -9.3733625412, -34.7585067749, -3.88119912148, -4.70270586014, -18.9760932922, 8.05449676514, -14.1724081039, 11.6717357635],
        "cov": [[6309.63818359, 220.349716187, -1786.58654785, 613.645629883, 264.783935547, -153.676895142, 297.451751709, -859.052246094, -223.258514404, -328.01751709, -189.771469116, -357.488861084, -452.277191162], [220.349716187, 610.215148926, 252.300872803, -322.152404785, 16.1771030426, -204.875289917, -20.6466197968, -36.5146751404, -94.2023239136, -76.3352813721, 20.6461849213, -57.8782463074, -25.7413215637], [-1786.58654785, 252.300872803, 950.389709473, -91.9013061523, -105.288848877, -70.1007461548, -164.501281738, 180.385955811, -25.7071857452, 48.536365509, 38.2442359924, 48.0664558411, 75.354675293], [613.645629883, -322.152404785, -91.9013061523, 904.070678711, 62.2271499634, 187.249603271, -39.7790336609, -249.112258911, -106.147697449, 3.09739422798, -109.847434998, -87.7137374878, -161.467468262], [264.783935547, 16.1771030426, -105.288848877, 62.2271499634, 91.5550765991, 15.4144201279, 3.58147859573, -26.090883255, -5.06188583374, -18.5806922913, -23.9323101044, -10.5708122253, -20.4186859131], [-153.676895142, -204.875289917, -70.1007461548, 187.249603271, 15.4144201279, 254.402206421, 54.9515304565, 2.79586005211, 12.1305046082, 36.6538734436, -29.3224334717, 7.69053125381, -12.4198875427], [297.451751709, -20.6466197968, -164.501281738, -39.7790336609, 3.58147859573, 54.9515304565, 130.687271118, 10.0228071213, 8.30872535706, 0.627519786358, -8.12211704254, -9.45669078827, -4.0232000351], [-859.052246094, -36.5146751404, 180.385955811, -249.112258911, -26.090883255, 2.79586005211, 10.0228071213, 232.536743164, 104.226730347, 49.0881652832, 48.5996017456, 79.2244110107, 114.631980896], [-223.258514404, -94.2023239136, -25.7071857452, -106.147697449, -5.06188583374, 12.1305046082, 8.30872535706, 104.226730347, 112.863838196, 36.280506134, 22.0076084137, 50.1748390198, 67.5222549438], [-328.01751709, -76.3352813721, 48.536365509, 3.09739422798, -18.5806922913, 36.6538734436, 0.627519786358, 49.0881652832, 36.280506134, 68.91065979, 31.0379276276, 32.0091934204, 32.0470695496], [-189.771469116, 20.6461849213, 38.2442359924, -109.847434998, -23.9323101044, -29.3224334717, -8.12211704254, 48.5996017456, 22.0076084137, 31.0379276276, 73.794670105, 36.5656585693, 32.510684967], [-357.488861084, -57.8782463074, 48.0664558411, -87.7137374878, -10.5708122253, 7.69053125381, -9.45669078827, 79.2244110107, 50.1748390198, 32.0091934204, 36.5656585693, 67.3649291992, 61.4297714233], [-452.277191162, -25.7413215637, 75.354675293, -161.467468262, -20.4186859131, -12.4198875427, -4.0232000351, 114.631980896, 67.5222549438, 32.0470695496, 32.510684967, 61.4297714233, 103.998962402]],
        "icov": [[0.00166582793463, -0.0015381166013, 0.00213013309985, -0.00123262428679, 9.03438922251e-06, 0.00124808645342, -0.00231409375556, 0.00351128098555, -0.00353559409268, 0.00337026640773, -0.00144836434629, 0.000919880287256, 0.000763973162975], [-0.0015381166013, 0.0108697488904, -0.00772326393053, 0.00597119750455, -0.00953800044954, 0.00141171249561, -0.00340524315834, 0.00531174847856, 0.00320743629709, 0.000570895790588, -0.00469141826034, 0.00821510702372, -0.00246667140163], [0.00213013309985, -0.00772326393053, 0.00916823744774, -0.00481252884492, 0.00826920382679, 0.000363140163245, 0.0040159211494, -0.00534535944462, 5.45601687918e-06, 0.000527191790752, 0.00335854641162, -0.00405212910846, 0.00212885811925], [-0.00123262428679, 0.00597119750455, -0.00481252884492, 0.00616130651906, -0.00570665905252, -0.0011211723322, 3.91673202103e-05, 0.00414450932294, 0.00235330406576, -0.00340671138838, 0.000581287720706, 0.0032665701583, 0.000760052294936], [9.03438922251e-06, -0.00953800044954, 0.00826920382679, -0.00570665905252, 0.024554412812, -0.00253271544352, 0.00826301053166, -0.0122587746009, 0.0018490056973, -0.00141137198079, 0.00979772303253, -0.0116296084598, 0.00421793945134], [0.00124808645342, 0.00141171249561, 0.000363140163245, -0.0011211723322, -0.00253271544352, 0.00846847519279, -0.00605331547558, 0.0031705298461, -0.00181564013474, -9.65465442277e-05, 0.000780016707722, -0.000519531720784, 0.00183015456423], [-0.00231409375556, -0.00340524315834, 0.0040159211494, 3.91673202103e-05, 0.00826301053166, -0.00605331547558, 0.0207187067717, -0.0154867228121, 0.00933339446783, -0.00886104628444, 0.00755354436114, -0.00246426439844, 0.000780517817475], [0.00351128098555, 0.00531174847856, -0.00534535944462, 0.00414450932294, -0.0122587746009, 0.0031705298461, -0.0154867228121, 0.0350077748299, -0.0188031047583, 0.0106646548957, -0.0106964018196, 0.0073602613993, -0.0064036892727], [-0.00353559409268, 0.00320743629709, 5.45601687918e-06, 0.00235330406576, 0.0018490056973, -0.00181564013474, 0.00933339446783, -0.0188031047583, 0.0326952189207, -0.0142125617713, 0.00854423828423, -0.00619015004486, -0.00556203629822], [0.00337026640773, 0.000570895790588, 0.000527191790752, -0.00340671138838, -0.00141137198079, -9.65465442277e-05, -0.00886104628444, 0.0106646548957, -0.0142125617713, 0.0379498116672, -0.0180297940969, 0.00431164586917, -0.00263661611825], [-0.00144836434629, -0.00469141826034, 0.00335854641162, 0.000581287720706, 0.00979772303253, 0.000780016707722, 0.00755354436114, -0.0106964018196, 0.00854423828423, -0.0180297940969, 0.033906955272, -0.0205255392939, 0.00664094649255], [0.000919880287256, 0.00821510702372, -0.00405212910846, 0.0032665701583, -0.0116296084598, -0.000519531720784, -0.00246426439844, 0.0073602613993, -0.00619015004486, 0.00431164586917, -0.0205255392939, 0.0550091639161, -0.0198978222907], [0.000763973162975, -0.00246667140163, 0.00212885811925, 0.000760052294936, 0.00421793945134, 0.00183015456423, 0.000780517817475, -0.0064036892727, -0.00556203629822, -0.00263661611825, 0.00664094649255, -0.0198978222907, 0.0342010483146]]
    },
    "melbands": {
        "max": [0.000644093146548, 0.000641624152195, 0.00491447420791, 0.00801848433912, 0.00647457735613, 0.0144536104053, 0.0074457610026, 0.00212601781823, 0.00319885998033, 0.00621087383479, 0.00733932573348, 0.00125791819301, 0.00133793451823, 0.00123787939083, 0.000925550586544, 0.00170912733302, 0.000803659670055, 0.000614708405919, 0.000479153706692, 0.000368789857021, 0.000292970129522, 0.000223218972678, 0.000119120391901, 5.48666139366e-05, 0.000102792415419, 4.61805648229e-05, 2.49963450187e-05, 2.28398639592e-05, 2.18957939069e-05, 5.22322761753e-06, 7.89518981037e-06, 3.61579941455e-06, 1.61187313097e-06, 1.41954899391e-06, 1.1858844573e-06, 1.59071282724e-06, 5.160126193e-07, 3.18555180456e-07, 9.3688967695e-08, 4.37198757197e-08],
        "mean": [2.11487586057e-05, 7.09303130861e-05, 0.000293838675134, 0.000285532034468, 0.000450432766229, 0.000698614923749, 0.000559340231121, 0.000257544685155, 0.000260479399003, 0.000700314994901, 0.00042189200758, 0.000133818553877, 0.000188288628124, 0.000145671627251, 8.23967566248e-05, 8.65279798745e-05, 6.25691318419e-05, 4.99372254126e-05, 4.30138788943e-05, 3.85259663744e-05, 2.79010600934e-05, 1.42019389386e-05, 1.05100889414e-05, 7.26372945792e-06, 6.70681220072e-06, 3.53296036337e-06, 1.83222527994e-06, 1.28088231577e-06, 1.07772405045e-06, 4.61536870944e-07, 3.32890465415e-07, 2.18795449314e-07, 1.35763059461e-07, 1.14154467212e-07, 7.4477853218e-08, 5.51347234534e-08, 2.91397004304e-08, 1.76128409635e-08, 8.41786107486e-09, 4.74002614936e-09],
        "min": [1.2263384086e-08, 4.99932228948e-09, 3.4312865882e-09, 1.47033196729e-09, 1.54398160923e-09, 4.22074153406e-09, 1.1153960422e-08, 1.59445114889e-08, 1.98791685335e-08, 1.53785570944e-08, 9.36518507189e-09, 7.98519916856e-09, 1.31403048442e-08, 1.01060972924e-08, 3.48859652277e-09, 5.65259894447e-10, 1.41227640693e-09, 8.66122451537e-10, 1.20349494259e-10, 1.51955198424e-10, 3.91601973071e-10, 7.51199380478e-10, 2.29231994497e-10, 9.47059652923e-10, 1.3745472538e-09, 6.254430307e-10, 6.30304086702e-10, 4.11949224732e-10, 1.406227218e-10, 4.70698896526e-11, 5.13726249041e-11, 2.12250009235e-11, 1.99579935911e-11, 1.46576240728e-11, 1.53879669423e-11, 1.12460934662e-11, 1.0079423407e-11, 7.6566990595e-12, 5.75392901728e-12, 6.811480633e-12],
        "stdev": [4.85332711833e-05, 0.000120516124298, 0.000620575447101, 0.000556798302568, 0.000734744069632, 0.00113046308979, 0.000928033376113, 0.000337969104294, 0.000339602847816, 0.000986564788036, 0.000806680007372, 0.000171265593963, 0.000207164834137, 0.000164945784491, 0.000122187208035, 0.0001501738152, 0.000101853074739, 7.43431373849e-05, 5.84259796597e-05, 5.62853820156e-05, 4.30682011938e-05, 2.30100558838e-05, 1.63545519172e-05, 9.5683744803e-06, 1.15435213957e-05, 6.23295045443e-06, 2.96796088151e-06, 1.93119149117e-06, 2.18133459384e-06, 6.81901553889e-07, 6.12871133399e-07, 3.65157831084e-07, 2.14346599137e-07, 2.01382889031e-07, 1.37170886205e-07, 1.21436457334e-07, 4.97149166279e-08, 3.1117618704e-08, 1.12349010095e-08, 4.8890744786e-09]
    },
    "melbands128": {
        "max": [2.79635278275e-05, 0.000409986329032, 0.00121273973491, 0.00106604804751, 0.000806605559774, 0.000910344242584, 0.00417772680521, 0.00768245849758, 0.0045989882201, 0.008804269135, 0.0117810638621, 0.00788742117584, 0.00360218668357, 0.0230798721313, 0.0255189798772, 0.00962207280099, 0.0066837365739, 0.0132834166288, 0.00825911294669, 0.00206466042437, 0.00426738709211, 0.00265869451687, 0.00570853985846, 0.0047746328637, 0.00584087567404, 0.0145702222362, 0.0215664468706, 0.0118252532557, 0.00239490438253, 0.00161844422109, 0.00179117021617, 0.00149710883852, 0.00165235437453, 0.00258961156942, 0.0019945485983, 0.00139068975113, 0.00153286661953, 0.00134358811192, 0.00135049165692, 0.00100050691981, 0.00280577177182, 0.00352313229814, 0.00105273281224, 0.00081948726438, 0.00118656503037, 0.000660210556816, 0.00061574956635, 0.000697579002008, 0.000443302851636, 0.000382560188882, 0.000614522607066, 0.00084954558406, 0.000592839613091, 0.00035200471757, 0.000315197044984, 0.000301564228721, 0.000178671252797, 0.000184357966646, 0.000202015449759, 0.000108759239083, 8.39908607304e-05, 9.44057101151e-05, 0.000155034620548, 0.000193269894226, 9.67342712102e-05, 7.64384385548e-05, 9.95228110696e-05, 6.34115713183e-05, 2.14030133066e-05, 1.25540118461e-05, 1.16590199468e-05, 6.39093923382e-05, 5.81623498874e-05, 3.74368828489e-05, 2.20166366489e-05, 5.7713100432e-06, 3.96110544898e-06, 9.20678758121e-06, 9.9166554719e-06, 1.45915400935e-05, 7.4816302913e-06, 2.40636518356e-06, 1.65763617588e-06, 1.26011912016e-06, 2.81721690953e-06, 3.41011809724e-06, 1.76989226475e-06, 1.56252554007e-06, 1.03909076188e-06, 2.62141497842e-06, 4.31003809354e-06, 7.8746154486e-07, 6.27751035154e-07, 6.60693615373e-07, 4.93854031447e-07, 6.77253865433e-07, 2.34251345432e-07, 3.1673081935e-07, 1.27453589016e-07, 1.14023698927e-07, 9.37890334285e-08, 4.37114522356e-08, 4.80610395925e-08, 2.71712590205e-08, 1.5768389261e-08, 1.53579495787e-08, 1.44271057323e-08, 1.36809479301e-08, 1.30163799739e-08, 1.24363834786e-08, 1.18977965258e-08, 1.14239586679e-08, 1.09802247295e-08, 1.05900053171e-08, 1.02550634651e-08, 9.89576065535e-09, 9.55190060381e-09, 9.25439636035e-09, 9.00699781425e-09, 8.76293704266e-09, 8.5457667609e-09, 8.3725497646e-09, 8.19675793906e-09, 8.04726685288e-09, 7.92615040268e-09, 7.83405074145e-09, 7.76299824423e-09, 7.72314656672e-09],
        "mean": [3.86161900678e-06, 1.35620884976e-05, 2.58316704276e-05, 4.03138365073e-05, 3.26034642057e-05, 8.90723822522e-05, 0.000295614852803, 0.000394247908844, 0.000251667166594, 0.000194894644665, 0.00032905995613, 0.000531643338036, 0.00027779431548, 0.000596879981458, 0.000988380750641, 0.000604238884989, 0.00037365782191, 0.000775638443884, 0.000513536448125, 0.000152697059093, 0.000223135735723, 0.000224998322665, 0.000308914633933, 0.00019360211445, 0.000466114492156, 0.0011908034794, 0.000680638186168, 0.00035089123412, 0.000132224449771, 0.000135354042868, 0.000140753647429, 0.000110491717351, 0.000165858247783, 0.000293791788863, 0.00017780502094, 8.92146708793e-05, 0.000108283013105, 7.56304943934e-05, 7.42091942811e-05, 7.57581656217e-05, 9.56095609581e-05, 9.74694121396e-05, 5.62765890209e-05, 5.17236621818e-05, 4.65465709567e-05, 4.63700125692e-05, 5.90832642047e-05, 4.70008890261e-05, 3.45133303199e-05, 3.21039115079e-05, 3.69784102077e-05, 5.10664722242e-05, 2.98862269119e-05, 1.92672268895e-05, 1.85121589311e-05, 1.33591547637e-05, 1.13253281597e-05, 1.14380218292e-05, 1.02734229586e-05, 7.90253852756e-06, 7.73531428422e-06, 6.0272986957e-06, 6.8040444603e-06, 7.99695499154e-06, 4.70017130283e-06, 2.86662088911e-06, 3.47523018718e-06, 2.26647762247e-06, 1.33404444114e-06, 1.30201442516e-06, 1.14832948839e-06, 1.36955782182e-06, 1.48440744852e-06, 1.0379392279e-06, 6.02028421781e-07, 4.81226379634e-07, 3.82016878575e-07, 3.41889176525e-07, 2.96069799788e-07, 3.98302233862e-07, 2.24714511887e-07, 1.62901827139e-07, 1.391289004e-07, 1.20478844678e-07, 1.40754764288e-07, 1.5698833522e-07, 8.74435812648e-08, 7.07278573486e-08, 6.68437607487e-08, 8.60728448515e-08, 7.40601819871e-08, 3.98052790729e-08, 3.49311264358e-08, 2.99590432462e-08, 2.49477309922e-08, 2.33747936562e-08, 1.53701300576e-08, 1.10869287084e-08, 8.56928838999e-09, 7.04047842248e-09, 5.55683454806e-09, 4.23510781999e-09, 3.90161236652e-09, 3.01078162401e-09, 4.53647369669e-10, 2.35716671876e-11, 2.18243929873e-11, 2.03792070025e-11, 1.95118816937e-11, 1.83289529387e-11, 1.77538730245e-11, 1.70306165004e-11, 1.61339778343e-11, 1.62728944902e-11, 1.54939047703e-11, 1.47097993508e-11, 1.46590899142e-11, 1.43433147304e-11, 1.39855575038e-11, 1.33889331913e-11, 1.3545827654e-11, 1.30884877589e-11, 1.18090650106e-11, 1.07390580803e-11, 1.053956835e-11, 1.03448118127e-11, 1.02113491274e-11, 1.01524370508e-11],
        "min": [3.53442075607e-09, 1.37969440317e-08, 1.51205572507e-08, 9.25933463236e-09, 3.12870040986e-09, 2.54034571157e-09, 4.70396965824e-09, 3.96434263195e-09, 1.26445076631e-09, 1.16789522497e-09, 1.86252269163e-09, 9.59052504079e-10, 1.0765719427e-09, 2.76252087872e-09, 3.16206660855e-09, 4.75933026323e-09, 9.36813471242e-09, 1.10511191309e-08, 5.14820674979e-09, 1.54618753356e-08, 1.19135403764e-08, 1.06735971173e-08, 8.12181433218e-09, 4.60825422266e-09, 1.64996247776e-08, 1.47786858307e-08, 1.03448085653e-08, 8.70330918445e-09, 8.03600475052e-09, 4.78894168765e-09, 2.1185972976e-09, 3.54001983283e-09, 5.80268189054e-09, 7.602117158e-09, 5.91823923202e-09, 6.06441563633e-09, 2.96682700629e-09, 2.52976883885e-09, 1.41585332347e-09, 4.47674314286e-10, 2.3173132857e-10, 8.42909075871e-10, 1.57491353292e-09, 1.42352230004e-09, 1.53290902194e-09, 7.02735314384e-10, 1.92197896487e-10, 3.7405877007e-11, 1.04641871557e-10, 2.30781199706e-10, 1.63810631726e-10, 6.22269250017e-11, 1.69748576306e-10, 5.13683928727e-10, 9.62563806439e-10, 9.30350407824e-10, 4.71903016663e-10, 1.5614159965e-10, 1.81612613837e-10, 2.4989271763e-10, 6.78199718607e-10, 1.60115332104e-09, 1.15235276876e-09, 9.99526461598e-10, 1.42070422093e-09, 5.86471260444e-10, 9.59132703815e-11, 2.24855051245e-10, 9.4819363472e-10, 6.13278927641e-10, 3.24211102409e-10, 1.72028197243e-10, 2.95071383993e-10, 1.07328985977e-10, 8.1349016065e-12, 1.30025963954e-11, 8.02834396185e-11, 1.10813407062e-10, 2.41430452019e-11, 2.4215050104e-11, 2.64463728694e-11, 1.66428485576e-11, 1.66860431722e-11, 2.19741412566e-11, 1.79631847591e-11, 2.73819925067e-11, 5.62754834052e-12, 6.49268269357e-12, 2.25045173469e-11, 1.42472682957e-11, 1.36683130092e-11, 9.95585384966e-12, 9.27800718198e-12, 1.19194480674e-11, 9.39933981342e-12, 7.60275349621e-12, 8.08583755507e-12, 5.14569593532e-12, 5.60614575595e-12, 6.25147893521e-12, 6.77259723997e-12, 6.81142251976e-12, 6.31387260183e-12, 6.92528326351e-12, 5.22470391603e-12, 2.20882502826e-13, 6.89867135856e-14, 1.09800935163e-13, 6.35704122264e-14, 5.30360125392e-14, 9.91820286924e-14, 1.16470730087e-13, 1.05976744036e-13, 7.92894395973e-14, 6.62501398684e-14, 7.46477735853e-14, 9.14428241786e-14, 8.63472704796e-14, 7.23640846681e-14, 9.88540981928e-14, 9.0101042675e-14, 1.02922865001e-13, 8.26940580356e-14, 7.41643278366e-14, 6.21811087863e-14, 2.29725008412e-14, 3.7746651101e-15, 1.20266647995e-16],
        "stdev": [4.02100022256e-06, 2.9027060009e-05, 8.09490229585e-05, 9.79473697953e-05, 8.16225510789e-05, 0.000164765573572, 0.000634428171907, 0.000919338141102, 0.000530845893081, 0.000470056867925, 0.000734813744202, 0.00107855303213, 0.000469501974294, 0.00189516076352, 0.00187465175986, 0.00092426064657, 0.000798163469881, 0.00168464169838, 0.00097252370324, 0.000210249520023, 0.000401774363127, 0.000301075837342, 0.000524499220774, 0.000435977213783, 0.000864132598508, 0.00212224130519, 0.0016618561931, 0.00121628877241, 0.000259469758021, 0.000197838773602, 0.000217318593059, 0.000194521286176, 0.000232902661082, 0.0004008897522, 0.000251988414675, 0.000148910257849, 0.00016849176609, 0.000145501559018, 0.000129099236801, 0.000120418517326, 0.000231660626014, 0.000250061159022, 0.000105101607915, 9.67827800196e-05, 9.41697580856e-05, 8.59588108142e-05, 8.40547145344e-05, 7.61229894124e-05, 6.17491168668e-05, 5.44985341548e-05, 6.25040047453e-05, 9.65020808508e-05, 5.53627687623e-05, 3.50700611307e-05, 3.12081574521e-05, 2.51766505244e-05, 2.12428640225e-05, 2.05491141969e-05, 1.9361375962e-05, 1.27299572341e-05, 1.12952293421e-05, 9.1478577815e-06, 1.26812428789e-05, 1.83939682756e-05, 1.00843326436e-05, 5.22445998286e-06, 8.84302153281e-06, 4.64403865408e-06, 2.15996897168e-06, 1.94670565179e-06, 1.70449061443e-06, 3.11949406751e-06, 3.74599221686e-06, 3.11877238346e-06, 1.42976386996e-06, 6.98705377999e-07, 5.93104402924e-07, 6.95941594131e-07, 6.19326385731e-07, 1.03519994354e-06, 4.34002402017e-07, 2.79275724324e-07, 2.35360062106e-07, 1.95334550313e-07, 2.7689259241e-07, 3.38309575909e-07, 1.56618042979e-07, 1.27943266648e-07, 1.18158716589e-07, 2.33917603509e-07, 2.64619558266e-07, 7.04766662807e-08, 6.21062739015e-08, 5.97038791739e-08, 4.75912926845e-08, 5.76328247348e-08, 2.48717171303e-08, 1.96772003136e-08, 1.24427446124e-08, 9.98105864625e-09, 7.93087195916e-09, 4.08958245046e-09, 3.69199582018e-09, 2.62244781446e-09, 6.53324894184e-10, 4.88481644023e-10, 4.59406040987e-10, 4.33381885934e-10, 4.12788997428e-10, 3.92655075121e-10, 3.76607217634e-10, 3.61426583106e-10, 3.46237621907e-10, 3.37845612597e-10, 3.25541843482e-10, 3.1275143586e-10, 3.04159863962e-10, 2.95888480384e-10, 2.88178730878e-10, 2.78896350459e-10, 2.7544275194e-10, 2.68506827883e-10, 2.57433796502e-10, 2.51314496991e-10, 2.47532244702e-10, 2.44658987514e-10, 2.42441539067e-10, 2.41196784767e-10]
    },
    "mfcc": {
        "mean": [-722.047485352, 181.469482422, -48.0492782593, -7.2420501709, -15.8289108276, -17.490819931, -14.7301244736, -2.14659404755, -8.17359924316, -1.7130177021, -6.47367429733, -4.37893772125, -1.04951548576],
        "cov": [[8222.25292969, -536.321899414, -1900.30444336, 592.338195801, -444.799987793, 877.530578613, 87.336769104, -48.5719146729, -292.846008301, -116.430488586, -213.951141357, 219.45664978, -166.605010986], [-536.321899414, 1102.78283691, 177.479782104, -279.358337402, -61.7515144348, -389.44140625, 5.58477401733, -58.7216911316, -47.4346389771, -62.2377319336, -2.46520018578, -80.4051818848, 21.4599494934], [-1900.30444336, 177.479782104, 816.118469238, 78.6924743652, 152.549377441, -130.707763672, 2.50404691696, -39.9838371277, 5.32867956161, -17.7582683563, 18.6403007507, -19.4378929138, 28.8816680908], [592.338195801, -279.358337402, 78.6924743652, 424.512115479, 88.6558990479, 187.573364258, 11.3508234024, -52.9583511353, -61.6284370422, -46.2452812195, -45.0944366455, 55.2045211792, -18.3451824188], [-444.799987793, -61.7515144348, 152.549377441, 88.6558990479, 162.991500854, 5.06330728531, -33.0485038757, -0.122679449618, 8.06660938263, -8.43250846863, 5.30877447128, -23.8224773407, 1.89285516739], [877.530578613, -389.44140625, -130.707763672, 187.573364258, 5.06330728531, 336.861999512, 64.5639190674, 6.53821516037, -1.52775394917, -13.204741478, -38.4068336487, 68.8022689819, -5.9830622673], [87.336769104, 5.58477401733, 2.50404691696, 11.3508234024, -33.0485038757, 64.5639190674, 91.3832931519, 13.6637811661, -6.99026203156, 1.90269351006, -6.21715307236, 14.4268360138, 4.51222705841], [-48.5719146729, -58.7216911316, -39.9838371277, -52.9583511353, -0.122679449618, 6.53821516037, 13.6637811661, 73.3882980347, 48.7549552917, 27.2728595734, 10.6296234131, -17.5888442993, -1.63738405704], [-292.846008301, -47.4346389771, 5.32867956161, -61.6284370422, 8.06660938263, -1.52775394917, -6.99026203156, 48.7549552917, 103.862068176, 39.2891349792, 6.9631357193, -15.7063360214, 13.0864706039], [-116.430488586, -62.2377319336, -17.7582683563, -46.2452812195, -8.43250846863, -13.204741478, 1.90269351006, 27.2728595734, 39.2891349792, 65.407043457, 21.7505435944, -19.8976993561, -0.0477816909552], [-213.951141357, -2.46520018578, 18.6403007507, -45.0944366455, 5.30877447128, -38.4068336487, -6.21715307236, 10.6296234131, 6.9631357193, 21.7505435944, 55.2038497925, 3.52677798271, -6.88356971741], [219.45664978, -80.4051818848, -19.4378929138, 55.2045211792, -23.8224773407, 68.8022689819, 14.4268360138, -17.5888442993, -15.7063360214, -19.8976993561, 3.52677798271, 79.253578186, 11.9092874527], [-166.605010986, 21.4599494934, 28.8816680908, -18.3451824188, 1.89285516739, -5.9830622673, 4.51222705841, -1.63738405704, 13.0864706039, -0.0477816909552, -6.88356971741, 11.9092874527, 53.2575645447]],
        "icov": [[0.00144278816879, -0.00176326127257, 0.00253925286233, -0.00227970280685, 0.00244490266778, -0.00385336088948, 0.00349147291854, -0.00295015610754, 0.00356576638296, -0.00233460776508, 0.00158429110888, -0.000989386462606, 0.00170307897497], [-0.00176326127257, 0.00474258279428, -0.00308739207685, 0.00372366583906, -0.00286920368671, 0.00768139446154, -0.00720840413123, 0.00602948805317, -0.00504637276754, 0.00616534566507, -0.00110185705125, 0.00238067051396, -0.00213826121762], [0.00253925286233, -0.00308739207685, 0.00647870963439, -0.00450893025845, 0.00227894657291, -0.00528168492019, 0.00406180135906, -0.00355395767838, 0.00503359176219, -0.00370135437697, 0.00235400721431, -0.00210825027898, 0.00252876803279], [-0.00227970280685, 0.00372366583906, -0.00450893025845, 0.00923272501677, -0.00688435370103, 0.005059663672, -0.00625425949693, 0.00704381568357, -0.00374177028425, 0.00351610570215, 0.00166885368526, -0.00113131699618, -5.56779559702e-05], [0.00244490266778, -0.00286920368671, 0.00227894657291, -0.00688435370103, 0.0166108477861, -0.00879830867052, 0.0112281693146, -0.00739848194644, 0.0053103743121, 0.000214633968426, -0.00328843994066, 0.00596488872543, -0.000623893167358], [-0.00385336088948, 0.00768139446154, -0.00528168492019, 0.005059663672, -0.00879830867052, 0.020980456844, -0.0174389909953, 0.0100876716897, -0.0122201489285, 0.00853158161044, 0.000830333388876, -0.00173070526216, -0.00258041243069], [0.00349147291854, -0.00720840413123, 0.00406180135906, -0.00625425949693, 0.0112281693146, -0.0174389909953, 0.029222259298, -0.0161177497357, 0.0142208980396, -0.0101371314377, 0.00241888849996, -0.00205693859607, 0.00140943389852], [-0.00295015610754, 0.00602948805317, -0.00355395767838, 0.00704381568357, -0.00739848194644, 0.0100876716897, -0.0161177497357, 0.0338496789336, -0.018593499437, 0.00699633872136, -0.00577834434807, 0.00647045439109, -0.00112104753498], [0.00356576638296, -0.00504637276754, 0.00503359176219, -0.00374177028425, 0.0053103743121, -0.0122201489285, 0.0142208980396, -0.018593499437, 0.0284564830363, -0.0151565857232, 0.0077623417601, -0.00429260311648, 0.000788704841398], [-0.00233460776508, 0.00616534566507, -0.00370135437697, 0.00351610570215, 0.000214633968426, 0.00853158161044, -0.0101371314377, 0.00699633872136, -0.0151565857232, 0.0355469658971, -0.0148339448497, 0.0128375031054, -0.00557622825727], [0.00158429110888, -0.00110185705125, 0.00235400721431, 0.00166885368526, -0.00328843994066, 0.000830333388876, 0.00241888849996, -0.00577834434807, 0.0077623417601, -0.0148339448497, 0.0341500379145, -0.0147789288312, 0.0103240013123], [-0.000989386462606, 0.00238067051396, -0.00210825027898, -0.00113131699618, 0.00596488872543, -0.00173070526216, -0.00205693859607, 0.00647045439109, -0.00429260311648, 0.0128375031054, -0.0147789288312, 0.0277393627912, -0.0103808585554], [0.00170307897497, -0.00213826121762, 0.00252876803279, -5.56779559702e-05, -0.000623893167358, -0.00258041243069, 0.00140943389852, -0.00112104753498, 0.000788704841398, -0.00557622825727, 0.0103240013123, -0.0103808585554, 0.0266107879579]]
    },
    "spectral_contrast_coeffs": {
        "max": [-0.422235816717, -0.428560465574, -0.457319647074, -0.622575759888, -0.652840197086, -0.680620968342],
        "mean": [-0.682699263096, -0.723502576351, -0.715539395809, -0.776531815529, -0.776562869549, -0.791581690311],
        "min": [-0.910438835621, -0.956716775894, -0.963107824326, -0.917850375175, -0.901343941689, -0.885405778885],
        "stdev": [0.0926102250814, 0.0986867249012, 0.106100127101, 0.0541379675269, 0.0380522795022, 0.0622160285711]
    },
    "spectral_contrast_valleys": {
        "max": [-6.03363037109, -4.78790330887, -5.07253789902, -5.45945978165, -6.62042331696, -10.3035707474],
        "mean": [-8.0046377182, -6.5411567688, -7.2147808075, -7.87558746338, -8.6312046051, -11.9000797272],
        "min": [-11.2418432236, -10.0916395187, -10.8492326736, -12.4712238312, -11.8427991867, -14.9823894501],
        "stdev": [0.829745173454, 1.03086638451, 1.20361673832, 1.39087677002, 1.23269045353, 0.52986484766]
    }
},
"rhythm": {
    "beats_count": 43,
    "beats_loudness": {
        "max": 0.0653913766146,
        "mean": 0.0223750453442,
        "min": 3.04174827761e-05,
        "stdev": 0.0164353158325
    },
    "bpm": 109.160011292,
    "bpm_histogram_first_peak_bpm": 108,
    "bpm_histogram_first_peak_weight": 0.529411792755,
    "bpm_histogram_second_peak_bpm": 115,
    "bpm_histogram_second_peak_spread": 0.45454543829,
    "bpm_histogram_second_peak_weight": 0.142857149243,
    "danceability": 0.842761874199,
    "onset_rate": 0.841962993145,
    "beats_loudness_band_ratio": {
        "max": [0.442542493343, 0.952414870262, 0.932792305946, 0.513578295708, 0.359103679657, 0.039164878428],
        "mean": [0.0537392869592, 0.255942136049, 0.453663080931, 0.179655581713, 0.082757525146, 0.00812358036637],
        "min": [0.000938522454817, 0.0213947929442, 0.033886641264, 0.0075275786221, 0.0032940634992, 0.000103307764221],
        "stdev": [0.0920915082097, 0.204045683146, 0.229963466525, 0.154346972704, 0.106734834611, 0.00995354820043]
    },
    "beats_position": [0.487619042397, 0.96362811327, 1.43963718414, 1.91564619541, 2.39165520668, 2.86766433716, 3.40172338486, 3.93578219414, 4.45823097229, 4.98067998886, 5.50312900543, 6.01396799088, 6.53641700745, 7.04725599289, 7.5464849472, 8.05732440948, 8.56816291809, 9.07900238037, 9.6014509201, 10.1239004135, 10.6695690155, 11.2152376175, 11.7609071732, 12.3065757751, 12.8522443771, 13.4443531036, 14.0364627838, 14.6401815414, 15.2555103302, 15.870839119, 16.4745578766, 17.0666656494, 17.6587753296, 18.2044448853, 18.7617225647, 19.3190021515, 19.8762817383, 20.4335594177, 20.9908390045, 21.548116684, 22.0937862396, 22.6510658264, 23.2083435059],
