{
"metadata": {
    "version": {
        "essentia": "2.1-beta5",
        "essentia_git_sha": "Undefined",
        "extractor": "music 2.0"
    },
    "audio_properties": {
        "analysis": {
            "equal_loudness": 0,
            "length": 25.4142627716,
            "sample_rate": 44100,
            "start_time": 240.245254517,
            "downmix": "mix"
        },
        "bit_rate": 192000,
        "length": 265.682739258,
        "lossless": 0,
        "number_channels": 2,
        "replay_gain": -7.71287155151,
        "sample_rate": 48000,
        "codec": "mp3",
        "md5_encoded": "923795f1a2b538520906719a9385c103"
    },
    "tags": {
        "file_name": "Austria_Warum Nur, Warum_Udo Jürgens.mp3",
        "encoding": ["Lavf58.29.100"]
    }
},
"lowlevel": {
    "average_loudness": 0.96622043848,
    "barkbands_crest": {
        "max": 26.9107303619,
        "mean": 5.89399194717,
        "min": 2.90887117386,
        "stdev": 3.47492742538
    },
    "barkbands_flatness_db": {
        "max": 0.591331064701,
        "mean": 0.146874219179,
        "min": 0.061354380101,
        "stdev": 0.0301094986498
    },
    "barkbands_kurtosis": {
        "max": 4131.98974609,
        "mean": 6.56236791611,
        "min": -1.91475296021,
        "stdev": 129.362808228
    },
    "barkbands_skewness": {
        "max": 63.0780029297,
        "mean": -0.173856154084,
        "min": -1.83054184914,
        "stdev": 2.51403737068
    },
    "barkbands_spread": {
        "max": 128.891235352,
        "mean": 13.8107862473,
        "min": 0.13217946887,
        "stdev": 6.77135229111
    },
    "dissonance": {
        "max": 0.500000178814,
        "mean": 0.49080619216,
        "min": 0.370544493198,
        "stdev": 0.0105213597417
    },
    "dynamic_complexity": 3.64612960815,
    "erbbands_crest": {
        "max": 14.2702865601,
        "mean": 6.66310024261,
        "min": 2.9055993557,
        "stdev": 1.4855093956
    },
    "erbbands_flatness_db": {
        "max": 0.30022880435,
        "mean": 0.238574624062,
        "min": 0.0639095827937,
        "stdev": 0.0473892278969
    },
    "erbbands_kurtosis": {
        "max": 6.83638191223,
        "mean": 0.721709251404,
        "min": -1.13517093658,
        "stdev": 0.767179906368
    },
    "erbbands_skewness": {
        "max": 1.16455328465,
        "mean": -0.369493424892,
        "min": -2.39520859718,
        "stdev": 0.391453653574
    },
    "erbbands_spread": {
        "max": 151.317169189,
        "mean": 15.6037492752,
        "min": 7.29073953629,
        "stdev": 10.1366157532
    },
    "hfc": {
        "max": 94.8148422241,
        "mean": 38.533203125,
        "min": 1.13017117993e-16,
        "stdev": 18.5281772614
    },
    "loudness_ebu128": {
        "integrated": -14.2887449265,
        "loudness_range": 2.38770294189,
        "momentary": {
            "max": -12.9864444733,
            "mean": -16.8341560364,
            "min": -93.7082901001,
            "stdev": 8.60485553741
        },
        "short_term": {
            "max": -13.5305700302,
            "mean": -14.7801733017,
            "min": -27.5251731873,
            "stdev": 2.17901611328
        }
    },
    "melbands_crest": {
        "max": 39.9817352295,
        "mean": 6.42129278183,
        "min": 2.13460564613,
        "stdev": 5.42782211304
    },
    "melbands_flatness_db": {
        "max": 0.566870748997,
        "mean": 0.163212165236,
        "min": 0.00538353947923,
        "stdev": 0.0394442826509
    },
    "melbands_kurtosis": {
        "max": 6940.02587891,
        "mean": 10.7702322006,
        "min": -1.63997685909,
        "stdev": 217.885726929
    },
    "melbands_skewness": {
        "max": 80.4172821045,
        "mean": 0.356752723455,
        "min": -0.95109307766,
        "stdev": 3.15312433243
    },
    "melbands_spread": {
        "max": 149.191085815,
        "mean": 32.2057876587,
        "min": 0.139913260937,
        "stdev": 12.8571929932
    },
    "pitch_salience": {
        "max": 0.883149862289,
        "mean": 0.75621753931,
        "min": 0.0031058001332,
        "stdev": 0.125849962234
    },
    "silence_rate_20dB": {
        "max": 1,
        "mean": 1,
        "min": 1,
        "stdev": 0
    },
    "silence_rate_30dB": {
        "max": 1,
        "mean": 1,
        "min": 1,
        "stdev": 0
    },
    "silence_rate_60dB": {
        "max": 1,
        "mean": 0.127737224102,
        "min": 0,
        "stdev": 0.333800077438
    },
    "spectral_centroid": {
        "max": 10965.296875,
        "mean": 1975.56433105,
        "min": 447.186157227,
        "stdev": 605.342407227
    },
    "spectral_complexity": {
        "max": 52,
        "mean": 35.3083953857,
        "min": 0,
        "stdev": 13.3435163498
    },
    "spectral_decrease": {
        "max": -3.48141087509e-29,
        "mean": -5.562409644e-09,
        "min": -1.25237011872e-08,
        "stdev": 2.5898005962e-09
    },
    "spectral_energy": {
        "max": 0.0558672808111,
        "mean": 0.0244888681918,
        "min": 1.03823833079e-20,
        "stdev": 0.0114320740104
    },
    "spectral_energyband_high": {
        "max": 0.00114190788008,
        "mean": 0.000244448368903,
        "min": 7.47210907351e-21,
        "stdev": 0.000131301174406
    },
    "spectral_energyband_low": {
        "max": 0.00543995108455,
        "mean": 0.000545524177141,
        "min": 9.74948648924e-23,
        "stdev": 0.000390423112549
    },
    "spectral_energyband_middle_high": {
        "max": 0.0513101369143,
        "mean": 0.0203151777387,
        "min": 1.59944681258e-21,
        "stdev": 0.00994534883648
    },
    "spectral_energyband_middle_low": {
        "max": 0.0106477234513,
        "mean": 0.00365244084969,
        "min": 3.74074231428e-22,
        "stdev": 0.00201712944545
    },
    "spectral_entropy": {
        "max": 9.79907035828,
        "mean": 7.65324640274,
        "min": 7.2748208046,
        "stdev": 0.1855263412
    },
    "spectral_flux": {
        "max": 0.160465016961,
        "mean": 0.0951211303473,
        "min": 6.87669921007e-11,
        "stdev": 0.0351023338735
    },
    "spectral_kurtosis": {
        "max": 29.2467727661,
        "mean": 8.14649677277,
        "min": -1.18614053726,
        "stdev": 3.80398607254
    },
    "spectral_rms": {
        "max": 0.00738272722811,
        "mean": 0.00461000297219,
        "min": 3.18263319345e-12,
        "stdev": 0.00162464764435
    },
    "spectral_rolloff": {
        "max": 18820.0195312,
        "mean": 2201.09887695,
        "min": 21.533203125,
        "stdev": 1117.29174805
    },
    "spectral_skewness": {
        "max": 3.19872522354,
        "mean": 1.44199085236,
        "min": -0.0139649631456,
        "stdev": 0.335746526718
    },
    "spectral_spread": {
        "max": 40252940,
        "mean": 2207958.25,
        "min": 1301686.375,
        "stdev": 2004147.75
    },
    "spectral_strongpeak": {
        "max": 5.39672422409,
        "mean": 1.43957638741,
        "min": 0,
        "stdev": 0.971686840057
    },
    "zerocrossingrate": {
        "max": 0.60791015625,
        "mean": 0.0768797919154,
        "min": 0,
        "stdev": 0.0349454469979
    },
    "barkbands": {
        "max": [5.92276774114e-05, 0.0043955524452, 0.00151960365474, 0.00135303614661, 0.00325491582043, 0.00232652481645, 0.00317545444705, 0.00518241664395, 0.00521162664518, 0.0071647898294, 0.00853000395, 0.011246278882, 0.0115595217794, 0.013217298314, 0.0134439114481, 0.0111284563318, 0.00653079524636, 0.00925436522812, 0.00258763693273, 0.00163441570476, 0.000378696480766, 8.71895172168e-05, 1.51909089254e-05, 2.43352496909e-06, 2.23155370804e-06, 3.25597397932e-06, 3.14338819862e-07],
        "mean": [4.73199770568e-06, 0.000226681950153, 0.000229368844884, 0.000162028081832, 0.000481341441628, 0.000503152201418, 0.00051178765716, 0.000583389133681, 0.0010712944204, 0.00134258368053, 0.00168714346364, 0.00238796509802, 0.00263506337069, 0.00273780175485, 0.00319748581387, 0.00287287845276, 0.00177168217488, 0.0011379038915, 0.000544693728443, 0.000265283306362, 0.000100484830909, 2.65312937699e-05, 4.59179091195e-06, 1.02205547137e-06, 9.25402048324e-07, 1.06492632312e-06, 2.21334630623e-08],
        "min": [1.7448068889e-24, 6.47010146055e-23, 2.50662067247e-23, 6.94951274303e-24, 1.04770352316e-22, 8.93727782558e-23, 5.10839122297e-23, 3.6492509838e-23, 2.18434133152e-23, 7.54907259009e-23, 5.81098545504e-23, 5.12882713804e-23, 7.66356344426e-23, 1.32727803678e-22, 1.9911697431e-22, 1.27897904968e-22, 1.09366905972e-22, 1.10191612716e-22, 2.91065263515e-22, 3.52386842178e-22, 3.40761783982e-22, 5.06747130388e-22, 5.28629248374e-22, 8.60258244507e-22, 1.11248461662e-21, 1.34819978919e-21, 2.56001938658e-21],
        "stdev": [5.75534886593e-06, 0.000248534895945, 0.000192057341337, 0.000177888621693, 0.00042001955444, 0.000393380527385, 0.00042880163528, 0.000526943535078, 0.000839792948682, 0.00101425719913, 0.00129313766956, 0.00171656778548, 0.00185415439773, 0.0018741725944, 0.00207261601463, 0.00182924873661, 0.00110790343024, 0.000901768915355, 0.000353941344656, 0.000169171034941, 5.60389671591e-05, 1.44342429849e-05, 2.51357187153e-06, 4.41599382839e-07, 3.65603312957e-07, 4.05110483825e-07, 3.4763043999e-08]
    },
    "erbbands": {
        "max": [0.0825582444668, 1.18149101734, 1.89423930645, 3.26523256302, 7.06037378311, 14.698682785, 24.1139087677, 22.2050476074, 50.6861305237, 52.678314209, 116.88394928, 119.190185547, 193.885360718, 246.61680603, 363.88873291, 507.284515381, 515.372741699, 775.639038086, 566.860656738, 745.97869873, 538.062011719, 321.161529541, 425.190704346, 300.887939453, 115.701133728, 79.9660186768, 25.3387050629, 11.5254774094, 3.17482423782, 1.46373975277, 0.399077445269, 0.0686486661434, 0.0406178608537, 0.0253277476877, 0.0169690102339, 0.0100795878097, 0.00532808247954, 0.0013868160313, 5.98652222834e-05, 7.36671063351e-05],
        "mean": [0.00345242675394, 0.0630791336298, 0.270458638668, 0.414493381977, 0.824498713017, 1.85060036182, 2.93147611618, 4.36184167862, 6.7576007843, 9.18469524384, 15.0449018478, 23.9788379669, 34.4804458618, 55.4894371033, 76.1829605103, 102.35433197, 118.899024963, 139.072387695, 155.793670654, 173.082809448, 145.945144653, 97.6537017822, 67.8182754517, 37.7176742554, 24.0622367859, 12.5063352585, 6.07513141632, 2.73762130737, 1.10600757599, 0.382197588682, 0.106389440596, 0.0297962427139, 0.0152905303985, 0.010352303274, 0.00672538718209, 0.00409786775708, 0.00198100181296, 0.000336763361702, 2.36337164097e-05, 3.20925937558e-05],
        "min": [1.4412901218e-21, 1.45711386881e-20, 3.39121368303e-20, 1.80913592656e-20, 8.48669278527e-20, 3.4151358756e-19, 6.22347221635e-19, 7.13829364878e-19, 7.68142767681e-19, 8.57792499072e-19, 4.01761856162e-19, 5.30768815248e-19, 1.7642345919e-18, 2.4555650577e-18, 1.25596994899e-18, 2.45854807779e-18, 4.19427885295e-18, 5.60535178425e-18, 1.05168917676e-17, 7.51836701023e-18, 7.9820555103e-18, 6.82004914299e-18, 7.19863275215e-18, 1.4926778556e-17, 1.14647522413e-17, 1.43697683664e-17, 1.36697419576e-17, 1.48223536211e-17, 1.91855394464e-17, 1.57075576449e-17, 1.47914931668e-17, 1.4523645467e-17, 1.42397603895e-17, 1.10344537138e-17, 8.11621924257e-18, 4.38108560018e-18, 2.60352802375e-18, 1.30272364478e-18, 3.16510321636e-19, 3.59576478564e-20],
        "stdev": [0.00473014591262, 0.0659567192197, 0.222640484571, 0.386646896601, 0.788951396942, 1.81147050858, 2.74691772461, 3.51530194283, 5.9189286232, 7.72295713425, 12.9031772614, 19.6824932098, 25.7914085388, 40.5438270569, 54.5759658813, 72.1288986206, 81.4592590332, 93.0441207886, 99.3550415039, 107.8698349, 88.8974761963, 58.8018074036, 50.1944885254, 29.0384349823, 15.0826587677, 7.93617010117, 3.41493034363, 1.51777875423, 0.598860502243, 0.212995693088, 0.0578322857618, 0.013952491805, 0.00669399835169, 0.00419824477285, 0.00277970964089, 0.00165957084391, 0.000789466954302, 0.000143608893268, 9.84846246865e-06, 1.49386296471e-05]
    },
    "gfcc": {
        "mean": [-36.5463600159, 107.369842529, -193.025695801, 9.94978141785, -29.8296985626, -5.32397508621, -25.2235336304, -0.161769926548, -22.8619365692, 4.19964981079, -20.1684150696, 1.89016008377, -10.1313333511],
        "cov": [[21826.765625, 3175.29785156, -4460.44970703, -642.735900879, -59.9628639221, -956.49621582, -364.365264893, -717.040039062, -435.580810547, -297.034057617, -449.948150635, -223.281158447, -155.858078003], [3175.29785156, 673.678222656, -334.291992188, -22.3669528961, -27.3070011139, -113.624916077, -64.7171630859, -68.7696990967, -69.377166748, -35.4169769287, -75.8582077026, -37.7536582947, -31.6086864471], [-4460.44970703, -334.291992188, 1617.72973633, 320.618103027, -52.2824211121, 297.45022583, 48.2125930786, 254.728744507, 73.8252944946, 92.2428817749, 64.0053787231, 48.1324920654, 0.235404402018], [-642.735900879, -22.3669528961, 320.618103027, 127.623718262, 16.2869548798, 65.3794250488, 10.9665088654, 63.4776687622, 9.76538944244, 19.1486415863, 8.06408119202, 9.51946163177, -7.01412677765], [-59.9628639221, -27.3070011139, -52.2824211121, 16.2869548798, 64.8631973267, 11.2195682526, 10.2514677048, 0.847873985767, 6.18289375305, -0.683873593807, 6.78491067886, 0.906441867352, 3.17181158066], [-956.49621582, -113.624916077, 297.45022583, 65.3794250488, 11.2195682526, 97.1399002075, 29.9454727173, 57.9622612, 23.8495426178, 22.9125957489, 16.0882129669, 13.3141155243, 2.62626457214], [-364.365264893, -64.7171630859, 48.2125930786, 10.9665088654, 10.2514677048, 29.9454727173, 45.1384277344, 28.4607505798, 15.8981542587, 6.67192697525, 10.5997781754, 4.80726194382, 4.7513051033], [-717.040039062, -68.7696990967, 254.728744507, 63.4776687622, 0.847873985767, 57.9622612, 28.4607505798, 80.5783462524, 26.0707378387, 22.1047744751, 15.1195440292, 10.9113740921, -0.855652153492], [-435.580810547, -69.377166748, 73.8252944946, 9.76538944244, 6.18289375305, 23.8495426178, 15.8981542587, 26.0707378387, 37.8697624207, 21.3623790741, 14.5949764252, 6.17244243622, 5.46746206284], [-297.034057617, -35.4169769287, 92.2428817749, 19.1486415863, -0.683873593807, 22.9125957489, 6.67192697525, 22.1047744751, 21.3623790741, 33.9978294373, 18.9713497162, 8.35422706604, 4.28967142105], [-449.948150635, -75.8582077026, 64.0053787231, 8.06408119202, 6.78491067886, 16.0882129669, 10.5997781754, 15.1195440292, 14.5949764252, 18.9713497162, 36.751285553, 18.9817142487, 9.29598045349], [-223.281158447, -37.7536582947, 48.1324920654, 9.51946163177, 0.906441867352, 13.3141155243, 4.80726194382, 10.9113740921, 6.17244243622, 8.35422706604, 18.9817142487, 26.5502471924, 13.2595853806], [-155.858078003, -31.6086864471, 0.235404402018, -7.01412677765, 3.17181158066, 2.62626457214, 4.7513051033, -0.855652153492, 5.46746206284, 4.28967142105, 9.29598045349, 13.2595853806, 25.3758735657]],
        "icov": [[0.00258895591833, -0.00844002887607, 0.00787432026118, -0.00361312134191, 0.00527143711224, -0.00595793686807, 0.00450195744634, -0.00405265809968, 0.00453585200012, -0.00492485519499, 0.00575487222522, -0.00499301264063, 0.00365066016093], [-0.00844002887607, 0.0302930735052, -0.0253114532679, 0.0104054603726, -0.0168543253094, 0.0219091866165, -0.0139183085412, 0.0126128997654, -0.0115732271224, 0.0125803640112, -0.0135772833601, 0.0148935476318, -0.0105649400502], [0.00787432026118, -0.0253114532679, 0.0274609774351, -0.0157470684499, 0.0212946161628, -0.0250199772418, 0.0180721674114, -0.0161180868745, 0.01336936187, -0.0131836989895, 0.0136039424688, -0.0117959147319, 0.00875679031014], [-0.00361312134191, 0.0104054603726, -0.0157470684499, 0.0306054074317, -0.0203257314861, 0.0096290986985, -0.00567423552275, -0.00256197131239, 0.00190349726472, -0.000361309153959, -0.000273508572718, -0.00138703035191, 0.00237119640224], [0.00527143711224, -0.0168543253094, 0.0212946161628, -0.0203257314861, 0.0377133376896, -0.0235633440316, 0.0112675689161, -0.00679976679385, 0.00243983394466, 5.33297825314e-05, -0.00133003352676, 0.000332805007929, 0.000731623556931], [-0.00595793686807, 0.0219091866165, -0.0250199772418, 0.0096290986985, -0.0235633440316, 0.0541519522667, -0.0267798025161, 0.0106354402378, -0.00841088406742, -0.00115357188042, 0.00312332739122, -0.00191840191837, -0.00183026737068], [0.00450195744634, -0.0139183085412, 0.0180721674114, -0.00567423552275, 0.0112675689161, -0.0267798025161, 0.0504178702831, -0.0245977435261, 0.0024543129839, 0.00232405564748, -0.00132392754313, 0.00188369920943, -0.00174933124799], [-0.00405265809968, 0.0126128997654, -0.0161180868745, -0.00256197131239, -0.00679976679385, 0.0106354402378, -0.0245977435261, 0.0473798550665, -0.0203704722226, 0.00554835470393, -0.0061724758707, 0.000424977508374, 0.00170352589339], [0.00453585200012, -0.0115732271224, 0.01336936187, 0.00190349726472, 0.00243983394466, -0.00841088406742, 0.0024543129839, -0.0203704722226, 0.0659052059054, -0.0405553802848, 0.0164718274027, -0.00737347500399, 0.00373900751583], [-0.00492485519499, 0.0125803640112, -0.0131836989895, -0.000361309153959, 5.33297825314e-05, -0.00115357188042, 0.00232405564748, 0.00554835470393, -0.0405553802848, 0.0802681073546, -0.0477773360908, 0.0239708591253, -0.0145449228585], [0.00575487222522, -0.0135772833601, 0.0136039424688, -0.000273508572718, -0.00133003352676, 0.00312332739122, -0.00132392754313, -0.0061724758707, 0.0164718274027, -0.0477773360908, 0.0907750278711, -0.0576597489417, 0.0195176992565], [-0.00499301264063, 0.0148935476318, -0.0117959147319, -0.00138703035191, 0.000332805007929, -0.00191840191837, 0.00188369920943, 0.000424977508374, -0.00737347500399, 0.0239708591253, -0.0576597489417, 0.0967784896493, -0.0444809608161], [0.00365066016093, -0.0105649400502, 0.00875679031014, 0.00237119640224, 0.000731623556931, -0.00183026737068, -0.00174933124799, 0.00170352589339, 0.00373900751583, -0.0145449228585, 0.0195176992565, -0.0444809608161, 0.0674727484584]]
    },
    "melbands": {
        "max": [0.00092552555725, 0.0012042511953, 0.000493961095344, 0.000717249931768, 0.000674775219522, 0.000458944879938, 0.000712358101737, 0.000611298251897, 0.000924132124055, 0.000748004531488, 0.000987484003417, 0.000958696007729, 0.00124031119049, 0.00140313582961, 0.00112660322338, 0.00121591647621, 0.00141339062247, 0.000961062614806, 0.0011230452219, 0.000862361921463, 0.000606791640166, 0.000358035875252, 0.000382442958653, 0.000449981249403, 0.000227681768592, 9.53131675487e-05, 6.99694064679e-05, 4.78708971059e-05, 1.40709580592e-05, 9.5711711765e-06, 5.47754370928e-06, 2.26851852858e-06, 1.32944990128e-06, 6.62633681259e-07, 2.90933712677e-07, 1.03670863894e-07, 3.77068332114e-08, 3.15319006461e-08, 3.06076515244e-08, 2.47079157134e-08],
        "mean": [4.66729688924e-05, 0.000120928292745, 8.14425075077e-05, 9.58719829214e-05, 0.000100206249044, 0.000100332901638, 0.000103880287497, 0.000104854138044, 0.000128503801534, 0.000155793124577, 0.000172118641785, 0.000217470762436, 0.000242034395342, 0.000266795832431, 0.000259703199845, 0.000266618386377, 0.000254653918091, 0.000244483962888, 0.000242940543103, 0.000217720938963, 0.000160751675139, 0.000105997190985, 7.19276358723e-05, 5.21666588611e-05, 2.8003954867e-05, 1.95626598725e-05, 1.29876198116e-05, 7.16939348422e-06, 4.1458083615e-06, 2.41257976086e-06, 1.28103681618e-06, 6.76059528359e-07, 3.43269334735e-07, 1.52805398557e-07, 6.49286207022e-08, 2.69211479775e-08, 1.37540308032e-08, 1.05366764203e-08, 9.36076993696e-09, 8.42916492161e-09],
        "min": [1.48417095346e-23, 1.8172600554e-23, 4.47588318025e-24, 2.41096939444e-23, 1.9383391603e-23, 1.57207593294e-23, 1.20231442302e-23, 1.00539170633e-23, 2.50712104694e-24, 4.03235599705e-24, 7.90867530706e-24, 9.51256284486e-24, 5.43896007209e-24, 4.90882858327e-24, 8.62919482548e-24, 7.09772156332e-24, 9.57711927704e-24, 1.6972517503e-23, 1.396538131e-23, 8.52970289925e-24, 9.5389833743e-24, 5.62241519762e-24, 8.83409119041e-24, 5.62480426288e-24, 1.34127353365e-23, 8.98452854276e-24, 1.03390674036e-23, 9.59249575381e-24, 7.92047429962e-24, 8.09581599074e-24, 8.54515037349e-24, 1.04693974804e-23, 1.03335453773e-23, 8.50526793271e-24, 8.96114670553e-24, 7.33671959633e-24, 9.66955326475e-24, 8.32254487009e-24, 1.04444237218e-23, 8.34759514814e-24],
        "stdev": [5.55835322302e-05, 9.60632387432e-05, 6.82333629811e-05, 8.94559925655e-05, 8.74206161825e-05, 7.84157891758e-05, 8.76216727193e-05, 8.90408191481e-05, 0.000109409433207, 0.000127829858684, 0.000131288528792, 0.000162898941198, 0.000181602663361, 0.000194865453523, 0.000182779447641, 0.000193385363673, 0.000179315044079, 0.000165686986293, 0.000160449024406, 0.000143680008478, 0.000103311074781, 6.61849117023e-05, 5.23952148797e-05, 4.34020985267e-05, 2.28157441597e-05, 1.29392956296e-05, 8.81110281625e-06, 4.80464996144e-06, 2.46490094469e-06, 1.40989561714e-06, 7.66935102092e-07, 3.92048292497e-07, 1.99293296532e-07, 9.04104169308e-08, 3.92182641917e-08, 1.582376008e-08, 7.09140701716e-09, 5.20156540063e-09, 4.31781899124e-09, 3.80588716098e-09]
    },
    "melbands128": {
        "max": [4.14263522543e-05, 0.000509021105245, 0.00136749178637, 0.00228009582497, 0.00142202875577, 0.000619835453108, 0.000815264123958, 0.000637240998913, 0.000737762369681, 0.00102650700137, 0.00113564787898, 0.000906064989977, 0.00124102667905, 0.000776809465606, 0.000677281233948, 0.00076712097507, 0.00097938394174, 0.000903836917132, 0.000958363118116, 0.000874384772032, 0.00101758004166, 0.00165747303981, 0.00115753605496, 0.00135624350514, 0.00133884476963, 0.00130564719439, 0.00152785482351, 0.00131334224716, 0.00124299502932, 0.00152723107021, 0.00138146057725, 0.00209761038423, 0.0017205576878, 0.00208052736707, 0.00205671600997, 0.00235709408298, 0.00227276561782, 0.0013768087374, 0.00165298313368, 0.00227373163216, 0.00191570888273, 0.00197082827799, 0.00277278432623, 0.00133697711863, 0.0014798855409, 0.00159529910889, 0.00146434328053, 0.00139285612386, 0.00211266404949, 0.00138011795934, 0.001229294925, 0.00125362712424, 0.000979414558969, 0.000797085638624, 0.000751407700591, 0.000563483394217, 0.000607047404628, 0.000563807727303, 0.000510990910698, 0.000613752228674, 0.00044766580686, 0.000601500738412, 0.000276383070741, 0.000210962331039, 0.000152144377353, 0.000111468027171, 0.000160254116054, 0.000128121901071, 9.46449654293e-05, 6.16752367932e-05, 8.53568417369e-05, 4.37979251728e-05, 2.50420252996e-05, 2.06559288927e-05, 1.99494679691e-05, 1.18263133118e-05, 1.37068072945e-05, 9.06122204469e-06, 6.93925039741e-06, 5.6364106058e-06, 3.87749332731e-06, 2.99058024211e-06, 2.21503455577e-06, 1.62325102337e-06, 1.42128124025e-06, 1.18437822039e-06, 6.07533308994e-07, 5.51164418994e-07, 5.06401647726e-07, 2.46410081672e-07, 1.53316477736e-07, 1.50343097971e-07, 7.80508315756e-08, 5.5278800204e-08, 7.44512860251e-08, 4.79799524555e-08, 4.9476355457e-08, 4.85684346074e-08, 4.19248280537e-08, 6.074504455e-08, 3.23454649731e-08, 3.29162759272e-08, 3.35095009518e-08, 3.51727678094e-08, 3.67389105804e-08, 3.41820225458e-08, 3.033390783e-08, 3.24827809095e-08, 3.20413029442e-08, 2.67014392819e-08, 3.18686410594e-08, 3.61532848103e-08, 1.99303933357e-08, 3.05323304417e-08, 2.89429191724e-08, 2.35038974949e-08, 8.13519029919e-09, 2.20625850922e-09, 2.80821477183e-09, 1.96377825112e-09, 1.63045055235e-09, 1.47577083887e-09, 1.86797910473e-09, 4.27418295201e-10, 4.16940343362e-10, 4.10414258134e-10, 4.03703542817e-10, 4.00466076966e-10],
        "mean": [3.06557853946e-06, 1.8161652406e-05, 5.40476466995e-05, 0.000120429336675, 0.000152449472807, 9.73499700194e-05, 8.27660696814e-05, 7.78959729359e-05, 7.53665808588e-05, 0.00010061312787, 0.000107020590804, 9.8396478279e-05, 0.000103548612969, 9.54754505074e-05, 9.11937240744e-05, 0.000107447107439, 0.000116230963613, 9.71617482719e-05, 9.73398346105e-05, 0.000100984456367, 0.000107834210212, 0.000119940843433, 0.000131506618345, 0.000135199792567, 0.000151884116349, 0.000165718913195, 0.000161317017046, 0.000170510364114, 0.000176538567757, 0.000213674487895, 0.00022687233286, 0.000238243956119, 0.000246786017669, 0.00024292182934, 0.000241581758019, 0.000292644690489, 0.000277614366496, 0.000251207675319, 0.00025180762168, 0.000262321496848, 0.000272168748779, 0.000272350123851, 0.000255410326645, 0.000249036267633, 0.000236236432102, 0.000250557844993, 0.00024304811086, 0.000240849447437, 0.000250675133429, 0.000229598255828, 0.00022456550505, 0.000193466272322, 0.000162536627613, 0.00015905588225, 0.000126356782857, 0.000101906000054, 8.65772308316e-05, 7.76862507337e-05, 6.62897436996e-05, 6.11428476986e-05, 5.50786317035e-05, 4.40721778432e-05, 3.17982121487e-05, 2.3644130124e-05, 2.02040100703e-05, 2.05207361432e-05, 1.88550002349e-05, 1.51429530888e-05, 1.20864779092e-05, 9.14423253562e-06, 7.48997490518e-06, 6.12689609625e-06, 4.74047828902e-06, 3.92664560422e-06, 3.26831877828e-06, 2.58293039224e-06, 2.02972819352e-06, 1.57722490712e-06, 1.21788434626e-06, 9.5016753221e-07, 7.44525038954e-07, 5.73858642383e-07, 4.51310455674e-07, 3.32325811314e-07, 2.43407015432e-07, 1.87028192045e-07, 1.19655950925e-07, 8.23497998681e-08, 6.92737245345e-08, 4.72488110859e-08, 2.81585137429e-08, 2.47495712813e-08, 1.66663802759e-08, 1.28666792776e-08, 1.25185737332e-08, 1.08693400946e-08, 9.90202142503e-09, 1.03199973012e-08, 9.37497723896e-09, 8.96238283588e-09, 8.6803293442e-09, 8.36636715462e-09, 8.12166689457e-09, 7.74092523415e-09, 7.67014185499e-09, 7.20422699274e-09, 6.93396540186e-09, 7.19950854489e-09, 7.0089063442e-09, 6.92503210331e-09, 7.16849513083e-09, 6.88051260411e-09, 5.96436500189e-09, 6.08272099356e-09, 6.19668494295e-09, 4.88517981623e-09, 7.70648544979e-10, 7.13166262156e-11, 6.11888387181e-11, 6.13643441616e-11, 6.22320459054e-11, 5.51094690715e-11, 3.6477851989e-11, 4.56442782876e-12, 3.47253736183e-12, 3.35949020339e-12, 3.28930220735e-12, 3.26458781882e-12],
        "min": [3.46287405552e-25, 1.0628935921e-23, 1.72900229732e-23, 2.55749794101e-23, 2.05667476474e-23, 8.63633953869e-24, 2.37120642664e-24, 3.1303799322e-24, 5.1084143366e-24, 1.76862204743e-23, 1.57554834088e-23, 8.24497696614e-24, 1.73794214242e-23, 8.75640259075e-24, 1.00307529517e-23, 1.21280974404e-23, 7.74117094902e-24, 1.08759803352e-23, 1.37620587225e-23, 5.75969356121e-24, 6.36124259993e-24, 3.9947419258e-24, 7.36054753441e-25, 5.5250876099e-25, 2.07090699876e-24, 4.78542983288e-24, 3.90631850694e-24, 8.52673678224e-24, 5.1481157338e-24, 8.57472555769e-24, 9.16708121142e-24, 1.3352150819e-23, 1.90714894117e-24, 1.45229825132e-24, 3.78535852003e-24, 5.44137793076e-24, 7.36892168735e-24, 5.95042158986e-24, 1.3228332789e-23, 6.41952758791e-24, 6.62539188518e-24, 4.30154807564e-24, 8.37602175086e-24, 1.16781753563e-23, 1.01195889448e-23, 2.12250836273e-23, 1.45432203453e-23, 1.11725944022e-23, 9.90643399509e-24, 4.52064788118e-24, 1.10858070808e-23, 6.57087173587e-24, 9.31215352075e-24, 5.99157054683e-24, 7.8527505909e-24, 2.65771557982e-24, 8.73584724214e-24, 8.07372709653e-24, 6.15020337512e-24, 3.85287396947e-24, 5.20672494362e-24, 7.58171533881e-24, 5.77140459578e-24, 1.83254123777e-23, 1.30423690858e-23, 7.68612029075e-24, 4.4011141548e-24, 4.41662434348e-24, 1.12210612273e-23, 8.60895028806e-24, 5.64763153089e-24, 8.03879712451e-24, 1.12567579721e-23, 3.7372727147e-24, 7.08050230748e-24, 7.35308136037e-24, 8.32905691687e-24, 5.85224666692e-24, 8.99917137888e-24, 8.82910322291e-24, 1.24123232357e-23, 7.04977538637e-24, 6.99400370923e-24, 1.13886405271e-23, 4.84691404626e-24, 6.1133888144e-24, 1.09701750605e-23, 6.20733899277e-24, 1.14168738589e-23, 7.3402978694e-24, 7.47646709456e-24, 6.71012659046e-24, 7.28733532595e-24, 9.54507338049e-24, 1.25609454191e-23, 7.13139566878e-24, 6.15081513675e-24, 9.82249130617e-24, 7.84838424579e-24, 8.53513657316e-24, 5.06020231351e-24, 7.53993174324e-24, 1.1120651067e-23, 7.61877286869e-24, 1.09065400178e-23, 8.15668055388e-24, 6.62248098844e-24, 5.89259059133e-24, 6.40027938183e-24, 9.93913701278e-24, 8.38211491249e-24, 9.01550632165e-24, 6.38349005518e-24, 6.78494689187e-24, 7.57223954161e-24, 9.35851408729e-24, 1.39210347053e-23, 7.99074208475e-24, 9.57123910785e-24, 8.53305003607e-24, 9.94327537709e-24, 8.50200835945e-24, 1.20124756753e-23, 1.0172037151e-23, 5.97526676407e-24, 6.85609267919e-24, 7.45407212232e-24, 8.72538379109e-24],
        "stdev": [3.76092430088e-06, 2.83730514639e-05, 8.54525351315e-05, 0.000128808140289, 0.000136195769301, 8.30184944789e-05, 8.89480579644e-05, 8.88647991815e-05, 8.55024554767e-05, 0.000118755553558, 0.000120794742543, 0.000110458000563, 0.000120603508549, 9.92017594399e-05, 9.25791173358e-05, 0.000111427449156, 0.00012495359988, 0.000106897728983, 0.000103110636701, 0.000107409548946, 0.000120064069051, 0.000137916082167, 0.000144731253386, 0.000142636534292, 0.000163549091667, 0.000170089493622, 0.000165984558407, 0.000168102313182, 0.000163706965395, 0.000208009572816, 0.000217085093027, 0.000230049277889, 0.000243675764068, 0.000234508333961, 0.000231097714277, 0.000279722415144, 0.000267184514087, 0.000231123543927, 0.000233737460803, 0.000253220961895, 0.000255490973359, 0.000251831079368, 0.000240114502958, 0.000227434895351, 0.000213489445741, 0.000221916110604, 0.000211339181988, 0.000203290008358, 0.000220029731281, 0.000188666512258, 0.000188459685887, 0.000168533500982, 0.000133406909299, 0.000134133399115, 9.93768990156e-05, 8.06149764685e-05, 7.33775377739e-05, 6.918523286e-05, 5.88342882111e-05, 5.74651166971e-05, 5.06450342073e-05, 4.98496883665e-05, 3.07467635139e-05, 2.23256774916e-05, 1.69560953509e-05, 1.66693189385e-05, 1.514635278e-05, 1.30923990582e-05, 9.89149157249e-06, 7.50133267502e-06, 6.55554549667e-06, 4.73141335533e-06, 3.48759203916e-06, 2.8811782613e-06, 2.41877796725e-06, 1.83535587439e-06, 1.43416764331e-06, 1.1734449572e-06, 9.03582417777e-07, 6.77905518387e-07, 5.41487224837e-07, 4.24400582233e-07, 3.17350583146e-07, 2.4616795713e-07, 1.96249345663e-07, 1.36821128649e-07, 9.16974869369e-08, 6.70189024277e-08, 5.32125810082e-08, 3.71591077908e-08, 2.41000481793e-08, 1.83273378696e-08, 1.2221354595e-08, 9.65439017619e-09, 9.61745261208e-09, 7.66109220507e-09, 7.74186315056e-09, 7.06511205095e-09, 6.49870379732e-09, 6.13433392971e-09, 5.38005417994e-09, 5.72706904123e-09, 4.95287499902e-09, 5.01192642943e-09, 5.05978325904e-09, 4.82647832811e-09, 4.92096852156e-09, 4.80054396235e-09, 4.9006931846e-09, 4.62783322774e-09, 4.6370214335e-09, 4.94587881761e-09, 3.30262328596e-09, 4.35155733669e-09, 3.53129858688e-09, 2.90670665315e-09, 8.81539841124e-10, 1.85601728431e-10, 1.91372390157e-10, 1.6960614857e-10, 1.68930147648e-10, 1.53322812779e-10, 1.21653312424e-10, 1.56517385858e-11, 1.33135195576e-11, 1.31119689759e-11, 1.2909703688e-11, 1.28099249957e-11]
    },
    "mfcc": {
        "mean": [-653.800109863, 146.901733398, -92.3213729858, 20.9759521484, -7.14465713501, 6.78043889999, -2.32723903656, -1.15360844135, 2.27468466759, -3.30869984627, -0.76486569643, -3.36014890671, 0.822230577469],
        "cov": [[11913.7392578, 1724.10339355, -3363.85180664, -95.5054626465, -516.672363281, 41.4502906799, -267.890075684, -209.219390869, -140.354812622, -252.238891602, -137.052902222, -183.530395508, -13.0514431], [1724.10339355, 489.065582275, -217.099700928, 51.1819534302, -24.4725704193, 11.7813272476, -11.834435463, -14.1365642548, 5.25186491013, -14.7394113541, -10.5631599426, -11.3388500214, 0.732809901237], [-3363.85180664, -217.099700928, 1359.68481445, 126.042762756, 204.059082031, 5.8017578125, 113.266952515, 92.5310211182, 75.5772857666, 108.644889832, 52.258556366, 69.9464645386, 6.96557044983], [-95.5054626465, 51.1819534302, 126.042762756, 80.7205429077, 44.6246757507, 4.62076759338, 24.4755706787, 18.8906288147, 13.152258873, 15.3313121796, 13.5800237656, 7.20328330994, -0.934604108334], [-516.672363281, -24.4725704193, 204.059082031, 44.6246757507, 85.8155899048, 14.6520938873, 26.8444519043, 19.1765098572, 15.9138593674, 19.2144412994, 14.5936908722, 14.9159545898, 0.137574240565], [41.4502906799, 11.7813272476, 5.8017578125, 4.62076759338, 14.6520938873, 35.6289634705, 9.387840271, 2.88953733444, 5.38712978363, 3.41765809059, -0.27342697978, 0.636977136135, 3.26449942589], [-267.890075684, -11.834435463, 113.266952515, 24.4755706787, 26.8444519043, 9.387840271, 43.5919075012, 24.9413585663, 12.3831710815, 13.369931221, 9.24653244019, 7.71826505661, 0.832260131836], [-209.219390869, -14.1365642548, 92.5310211182, 18.8906288147, 19.1765098572, 2.88953733444, 24.9413585663, 41.3564071655, 17.1673126221, 11.6290092468, 9.91108703613, 6.19784355164, -0.834484219551], [-140.354812622, 5.25186491013, 75.5772857666, 13.152258873, 15.9138593674, 5.38712978363, 12.3831710815, 17.1673126221, 34.2734107971, 19.481180191, 7.11413383484, 6.2137503624, 1.24340307713], [-252.238891602, -14.7394113541, 108.644889832, 15.3313121796, 19.2144412994, 3.41765809059, 13.369931221, 11.6290092468, 19.481180191, 35.8449211121, 14.8072309494, 8.54671764374, 1.77686989307], [-137.052902222, -10.5631599426, 52.258556366, 13.5800237656, 14.5936908722, -0.27342697978, 9.24653244019, 9.91108703613, 7.11413383484, 14.8072309494, 29.6424293518, 12.445271492, 1.55327177048], [-183.530395508, -11.3388500214, 69.9464645386, 7.20328330994, 14.9159545898, 0.636977136135, 7.71826505661, 6.19784355164, 6.2137503624, 8.54671764374, 12.445271492, 26.301279068, 9.31078529358], [-13.0514431, 0.732809901237, 6.96557044983, -0.934604108334, 0.137574240565, 3.26449942589, 0.832260131836, -0.834484219551, 1.24340307713, 1.77686989307, 1.55327177048, 9.31078529358, 23.3844356537]],
        "icov": [[0.00274785608053, -0.00675055058673, 0.00544591573998, -0.00293465936556, 0.00347310770303, -0.00340546551161, 0.00238030590117, -0.00238233385608, 0.00123163370881, -0.0013431746047, 0.000558029918466, 0.000394952105125, 0.000133213441586], [-0.00675055058673, 0.0194266308099, -0.0128747560084, 0.00356009067036, -0.00710489507765, 0.00724978139624, -0.00540072098374, 0.0069359424524, -0.0049175596796, 0.00412911502644, -0.000544162059668, -0.00145423330832, -0.000366781605408], [0.00544591573998, -0.0128747560084, 0.0124542517588, -0.0064493175596, 0.00447390042245, -0.00538395578042, 0.00336778210476, -0.00536795752123, 0.00226956838742, -0.0054601826705, 0.00278062140569, -0.00129351008218, 0.000513843493536], [-0.00293465936556, 0.00356009067036, -0.0064493175596, 0.0269546415657, -0.0137918191031, 0.00752734998241, -0.00799714401364, -5.35549152119e-05, -4.91523815072e-06, -0.00011828209972, -0.00531164882705, 0.00355119537562, -0.000489968108013], [0.00347310770303, -0.00710489507765, 0.00447390042245, -0.0137918191031, 0.0301928222179, -0.0136754792184, 0.001780349412, -0.00159448408522, -0.000246481591603, 0.00049896154087, -0.00150261609815, -0.00462704664096, 0.00380574911833], [-0.00340546551161, 0.00724978139624, -0.00538395578042, 0.00752734998241, -0.0136754792184, 0.0391081608832, -0.0117857027799, 0.00566793046892, -0.00505848182365, -0.000283418397885, 0.00220020092092, 0.00292001198977, -0.00599894439802], [0.00238030590117, -0.00540072098374, 0.00336778210476, -0.00799714401364, 0.001780349412, -0.0117857027799, 0.0461054928601, -0.0219224691391, 0.00416703475639, -0.00431680260226, 0.000515136460308, -0.00140476378147, 1.81151899596e-05], [-0.00238233385608, 0.0069359424524, -0.00536795752123, -5.35549152119e-05, -0.00159448408522, 0.00566793046892, -0.0219224691391, 0.0469599664211, -0.0180968008935, 0.00814916566014, -0.00741684902459, 0.00118919671513, 0.00208616536111], [0.00123163370881, -0.0049175596796, 0.00226956838742, -4.91523815072e-06, -0.000246481591603, -0.00505848182365, 0.00416703475639, -0.0180968008935, 0.0522328019142, -0.0255334507674, 0.00640070345253, -0.00338610378094, 0.000164682802279], [-0.0013431746047, 0.00412911502644, -0.0054601826705, -0.00011828209972, 0.00049896154087, -0.000283418397885, -0.00431680260226, 0.00814916566014, -0.0255334507674, 0.057005379349, -0.0206026546657, 0.00398495560512, -0.00196832534857], [0.000558029918466, -0.000544162059668, 0.00278062140569, -0.00531164882705, -0.00150261609815, 0.00220020092092, 0.000515136460308, -0.00741684902459, 0.00640070345253, -0.0206026546657, 0.0546160042286, -0.022393906489, 0.00522039970383], [0.000394952105125, -0.00145423330832, -0.00129351008218, 0.00355119537562, -0.00462704664096, 0.00292001198977, -0.00140476378147, 0.00118919671513, -0.00338610378094, 0.00398495560512, -0.022393906489, 0.0637242421508, -0.0235025696456], [0.000133213441586, -0.000366781605408, 0.000513843493536, -0.000489968108013, 0.00380574911833, -0.00599894439802, 1.81151899596e-05, 0.00208616536111, 0.000164682802279, -0.00196832534857, 0.00522039970383, -0.0235025696456, 0.0527174323797]]
    },
    "spectral_contrast_coeffs": {
        "max": [-0.609024882317, -0.703354716301, -0.717452943325, -0.7345739007, -0.64731991291, -0.562447607517],
        "mean": [-0.75981938839, -0.836593866348, -0.816843390465, -0.818079888821, -0.771974503994, -0.660078704357],
        "min": [-0.975363492966, -0.960216104984, -0.964159846306, -0.958865582943, -0.960136890411, -0.960836291313],
        "stdev": [0.0558209083974, 0.0381274968386, 0.0368677452207, 0.0346856750548, 0.0446527302265, 0.0605842843652]
    },
    "spectral_contrast_valleys": {
        "max": [-6.23008108139, -5.40519523621, -5.26315784454, -4.99290180206, -5.92907190323, -11.2731618881],
        "mean": [-7.50189447403, -6.58231925964, -6.45918607712, -6.29480695724, -7.09436273575, -12.2612400055],
        "min": [-27.4440002441, -27.3780956268, -27.1247749329, -27.3062725067, -27.4829730988, -27.2841072083],
        "stdev": [1.66396832466, 1.77304196358, 1.87525653839, 1.92948210239, 1.67968678474, 0.961892902851]
    }
},
"rhythm": {
    "beats_count": 61,
    "beats_loudness": {
        "max": 0.040049161762,
        "mean": 0.0243992190808,
        "min": 0.000392984249629,
        "stdev": 0.0112382546067
    },
    "bpm": 164.475921631,
    "bpm_histogram_first_peak_bpm": 167,
    "bpm_histogram_first_peak_weight": 0,
    "bpm_histogram_second_peak_bpm": 152,
    "bpm_histogram_second_peak_spread": 0.300000011921,
    "bpm_histogram_second_peak_weight": 0.116666667163,
    "danceability": 0.795955240726,
    "onset_rate": 0.393121004105,
    "beats_loudness_band_ratio": {
        "max": [0.884362220764, 0.284305274487, 0.222429558635, 0.57501155138, 0.584773004055, 0.12646228075],
        "mean": [0.112515479326, 0.0530457124114, 0.0989510044456, 0.343178838491, 0.382087558508, 0.0358327142894],
        "min": [0.00757363019511, 0.0139967789873, 0.0183040685952, 0.0156796425581, 0.00878199003637, 0.00434817094356],
        "stdev": [0.229930907488, 0.0427705906332, 0.0358796641231, 0.131330057979, 0.139257103205, 0.019856793806]
    },
    "beats_position": [0.336689323187, 0.673378646374, 1.01006805897, 1.34675729275, 1.68344664574, 2.02013611794, 2.35682535172, 2.69351458549, 3.06503391266, 3.43655323982, 3.80807256699, 4.17959165573, 4.55111122131, 4.91102027893, 5.28253936768, 5.64244890213, 5.99074840546, 6.35065746307, 6.71056699753, 7.07047605515, 7.4303855896, 7.77868461609, 8.13859367371, 8.498503685, 8.84680271149, 9.24154186249, 9.62467098236, 10.0078001022, 10.3909292221, 10.7856683731, 11.1804075241, 11.5867567062, 11.9814968109, 12.3762359619, 12.7709751129, 13.1657142639, 13.572063446, 13.9784126282, 14.3963718414, 14.8143310547, 15.2439002991, 15.6734695435, 16.114648819, 16.5674381256, 17.0202255249, 17.4614048004, 17.9025840759, 18.3437633514, 18.7965526581, 19.2609519958, 19.7369613647, 20.1897506714, 20.6541500092, 21.1301574707, 21.5945568085, 22.0589561462, 22.5930156708, 23.1619052887, 23.707572937, 24.2532424927, 24.7989120483],
