{
"metadata": {
    "version": {
        "essentia": "2.1-beta5",
        "essentia_git_sha": "Undefined",
        "extractor": "music 2.0"
    },
    "audio_properties": {
        "analysis": {
            "equal_loudness": 0,
            "length": 48.7502937317,
            "sample_rate": 44100,
            "start_time": 61.4980506897,
            "downmix": "mix"
        },
        "bit_rate": 192000,
        "length": 189.649002075,
        "lossless": 0,
        "number_channels": 2,
        "replay_gain": -9.77726173401,
        "sample_rate": 48000,
        "codec": "mp3",
        "md5_encoded": "c875e49ca71f6a24cb1829f4a2c4af24"
    },
    "tags": {
        "file_name": "Denmark_Sangen Om Dig_Bjørn Tidmand.mp3",
        "encoding": ["Lavf58.29.100"]
    }
},
"lowlevel": {
    "average_loudness": 0.450809925795,
    "barkbands_crest": {
        "max": 24.8611717224,
        "mean": 11.2904558182,
        "min": 3.48832178116,
        "stdev": 4.35626459122
    },
    "barkbands_flatness_db": {
        "max": 0.362279355526,
        "mean": 0.223784729838,
        "min": 0.0706080645323,
        "stdev": 0.0407268889248
    },
    "barkbands_kurtosis": {
        "max": 50.4584197998,
        "mean": 4.0951423645,
        "min": -1.88599312305,
        "stdev": 5.39485549927
    },
    "barkbands_skewness": {
        "max": 5.51802492142,
        "mean": 1.34172153473,
        "min": -3.50958991051,
        "stdev": 0.955224275589
    },
    "barkbands_spread": {
        "max": 64.7640686035,
        "mean": 11.1080970764,
        "min": 1.23689949512,
        "stdev": 8.02290534973
    },
    "dissonance": {
        "max": 0.499972224236,
        "mean": 0.430823594332,
        "min": 0.229126647115,
        "stdev": 0.0437979027629
    },
    "dynamic_complexity": 4.70625734329,
    "erbbands_crest": {
        "max": 31.6631259918,
        "mean": 12.3568239212,
        "min": 3.44458913803,
        "stdev": 5.25528430939
    },
    "erbbands_flatness_db": {
        "max": 0.426750272512,
        "mean": 0.259106785059,
        "min": 0.122211389244,
        "stdev": 0.041549757123
    },
    "erbbands_kurtosis": {
        "max": 56.6810874939,
        "mean": 1.84621238708,
        "min": -1.84314322472,
        "stdev": 4.15054988861
    },
    "erbbands_skewness": {
        "max": 4.50306606293,
        "mean": 0.825645148754,
        "min": -2.95198297501,
        "stdev": 0.855683207512
    },
    "erbbands_spread": {
        "max": 94.0288085938,
        "mean": 21.9070491791,
        "min": 0.916460752487,
        "stdev": 12.7299757004
    },
    "hfc": {
        "max": 114.738822937,
        "mean": 11.407201767,
        "min": 0.0292601026595,
        "stdev": 14.7643871307
    },
    "loudness_ebu128": {
        "integrated": -16.4315814972,
        "loudness_range": 9.91133499146,
        "momentary": {
            "max": -9.88107776642,
            "mean": -18.8596057892,
            "min": -34.3739700317,
            "stdev": 4.76539802551
        },
        "short_term": {
            "max": -11.6298437119,
            "mean": -17.7804012299,
            "min": -26.2373409271,
            "stdev": 3.36352658272
        }
    },
    "melbands_crest": {
        "max": 30.7147655487,
        "mean": 13.3591527939,
        "min": 3.82425093651,
        "stdev": 4.97601175308
    },
    "melbands_flatness_db": {
        "max": 0.378753513098,
        "mean": 0.244238674641,
        "min": 0.0712076947093,
        "stdev": 0.0512967593968
    },
    "melbands_kurtosis": {
        "max": 63.7396774292,
        "mean": 6.94183301926,
        "min": -1.51295518875,
        "stdev": 7.69887542725
    },
    "melbands_skewness": {
        "max": 6.18010616302,
        "mean": 1.64944648743,
        "min": -3.37963271141,
        "stdev": 1.07719767094
    },
    "melbands_spread": {
        "max": 130.703811646,
        "mean": 15.1456270218,
        "min": 1.57997179031,
        "stdev": 11.4945688248
    },
    "pitch_salience": {
        "max": 0.830743134022,
        "mean": 0.566786646843,
        "min": 0.141998663545,
        "stdev": 0.107341565192
    },
    "silence_rate_20dB": {
        "max": 1,
        "mean": 1,
        "min": 1,
        "stdev": 0
    },
    "silence_rate_30dB": {
        "max": 1,
        "mean": 1,
        "min": 1,
        "stdev": 0
    },
    "silence_rate_60dB": {
        "max": 1,
        "mean": 0.22893859446,
        "min": 0,
        "stdev": 0.420148551464
    },
    "spectral_centroid": {
        "max": 3938.97216797,
        "mean": 953.477111816,
        "min": 284.210449219,
        "stdev": 465.366210938
    },
    "spectral_complexity": {
        "max": 53,
        "mean": 11.3936223984,
        "min": 0,
        "stdev": 6.90988683701
    },
    "spectral_decrease": {
        "max": -9.05273252194e-12,
        "mean": -3.62010865729e-09,
        "min": -2.37275941117e-08,
        "stdev": 3.94068910836e-09
    },
    "spectral_energy": {
        "max": 0.0964769423008,
        "mean": 0.0146978134289,
        "min": 3.68210712622e-05,
        "stdev": 0.0161511842161
    },
    "spectral_energyband_high": {
        "max": 0.00645754020661,
        "mean": 9.56164367381e-05,
        "min": 6.78263631926e-07,
        "stdev": 0.000393934606109
    },
    "spectral_energyband_low": {
        "max": 0.0183206107467,
        "mean": 0.000479476439068,
        "min": 2.21911273002e-06,
        "stdev": 0.000947567808907
    },
    "spectral_energyband_middle_high": {
        "max": 0.0487584881485,
        "mean": 0.00390729354694,
        "min": 1.21505709103e-05,
        "stdev": 0.00589155871421
    },
    "spectral_energyband_middle_low": {
        "max": 0.0879344791174,
        "mean": 0.010421751067,
        "min": 2.19904613914e-05,
        "stdev": 0.0117812417448
    },
    "spectral_entropy": {
        "max": 8.50604057312,
        "mean": 6.94613361359,
        "min": 5.67137622833,
        "stdev": 0.374604642391
    },
    "spectral_flux": {
        "max": 0.251092284918,
        "mean": 0.052125107497,
        "min": 0.00445108348504,
        "stdev": 0.0347062833607
    },
    "spectral_kurtosis": {
        "max": 38.393032074,
        "mean": 8.63265037537,
        "min": -0.788436889648,
        "stdev": 5.22887134552
    },
    "spectral_rms": {
        "max": 0.00970174465328,
        "mean": 0.00329797412269,
        "min": 0.000189533631783,
        "stdev": 0.00186083442532
    },
    "spectral_rolloff": {
        "max": 6890.625,
        "mean": 1097.50500488,
        "min": 258.3984375,
        "stdev": 800.80859375
    },
    "spectral_skewness": {
        "max": 4.64573955536,
        "mean": 1.98306953907,
        "min": -0.141717210412,
        "stdev": 0.67837202549
    },
    "spectral_spread": {
        "max": 25355666,
        "mean": 2779101.5,
        "min": 1337114.5,
        "stdev": 833865.9375
    },
    "spectral_strongpeak": {
        "max": 11.0643157959,
        "mean": 1.36804831028,
        "min": 0.00454588839784,
        "stdev": 1.36100757122
    },
    "zerocrossingrate": {
        "max": 0.2041015625,
        "mean": 0.0402321889997,
        "min": 0.00927734375,
        "stdev": 0.0198585763574
    },
    "barkbands": {
        "max": [0.000125660328194, 0.00452279066667, 0.0136440675706, 0.0113455355167, 0.0362932942808, 0.0200188346207, 0.0207458864897, 0.0818032920361, 0.0776051431894, 0.0276869386435, 0.0357443168759, 0.0129935974255, 0.0191496331245, 0.022638592869, 0.00547511875629, 0.00830084085464, 0.00682245381176, 0.00365542597137, 0.00374076375738, 0.00313202454709, 0.00208674534224, 0.00153153506108, 0.000705892860424, 0.000555847538635, 8.79229992279e-05, 1.60633305768e-06, 1.67042412613e-06],
        "mean": [2.16535477193e-06, 0.000217027409235, 0.000154692388605, 0.000273410434602, 0.00184246769641, 0.00109832617454, 0.0014617749257, 0.00227095652372, 0.00315735209733, 0.000910930102691, 0.000864684523549, 0.000645484193228, 0.000427060964284, 0.00032526999712, 0.000161951582413, 0.000215516047319, 0.000186438133824, 0.000172010259121, 0.000183164607733, 5.34792015969e-05, 2.97831484204e-05, 2.23708811973e-05, 1.39244020829e-05, 6.58771068629e-06, 9.83111590358e-07, 1.28210819739e-09, 1.34732536239e-09],
        "min": [9.0730589708e-11, 3.14283369107e-07, 1.61243207231e-07, 1.62549667948e-07, 1.67037376286e-06, 1.25144094909e-06, 1.02293211057e-06, 1.15371381071e-06, 9.33784747303e-07, 7.05829165781e-07, 6.71521547702e-07, 5.75110959744e-07, 2.88536483595e-07, 9.97355584786e-08, 5.87951127784e-08, 7.98537413971e-08, 5.23741512382e-08, 6.45209681238e-08, 1.03107531402e-07, 1.1831509994e-07, 7.96688510718e-08, 1.16362464553e-07, 7.41312717878e-08, 1.05193855404e-07, 6.49305533784e-08, 1.14979397531e-11, 1.63183095508e-11],
        "stdev": [4.87650549985e-06, 0.000376262876671, 0.000592101830989, 0.000619060010649, 0.00285671465099, 0.00174126739148, 0.00266305939294, 0.00534251984209, 0.00850621238351, 0.00204813666642, 0.00248624407686, 0.00152383628301, 0.00148746860214, 0.00132310553454, 0.000402263656724, 0.000557256571483, 0.000398277159547, 0.000353019393515, 0.000364261999493, 0.000193014260731, 0.000127001476358, 9.16706849239e-05, 5.1107181207e-05, 3.05657813442e-05, 4.40649773736e-06, 3.50915385638e-08, 3.64960079935e-08]
    },
    "erbbands": {
        "max": [0.0836769789457, 1.27237844467, 10.4857206345, 24.3084220886, 41.1118164062, 185.233322144, 181.193817139, 251.422805786, 305.904632568, 834.387329102, 1767.2409668, 1965.8248291, 1328.94909668, 435.510375977, 1450.98083496, 504.265411377, 1054.55834961, 1348.16149902, 349.431884766, 469.326293945, 197.309112549, 462.067687988, 169.736923218, 192.147583008, 153.346725464, 174.80696106, 96.6641845703, 79.1328964233, 49.7894592285, 32.0967483521, 22.3827838898, 16.1659202576, 6.30099773407, 1.83105385303, 0.189499989152, 0.00655010575429, 0.00297163357027, 0.00104623776861, 0.000251351826591, 0.000122957586427],
        "mean": [0.00523394159973, 0.0532441772521, 0.158731400967, 0.570951938629, 1.9420388937, 7.85187864304, 8.90795612335, 9.9640083313, 15.2091283798, 37.5873069763, 58.6289253235, 70.8807983398, 39.1625862122, 25.3654251099, 38.35887146, 25.3447113037, 22.2533855438, 16.0649871826, 10.5577707291, 13.0742950439, 9.30268383026, 11.4853143692, 9.04799175262, 9.44300937653, 7.62185239792, 2.6037504673, 1.3601577282, 1.113727808, 0.790335536003, 0.596391797066, 0.360996633768, 0.201700314879, 0.0762609764934, 0.0203213151544, 0.00295428954996, 9.71301706159e-05, 1.36342168844e-05, 3.56671398549e-06, 8.13964925328e-06, 1.73239677679e-05],
        "min": [6.14573355051e-06, 0.0001114775514, 0.000545305025298, 0.00187436363194, 0.00301206787117, 0.00411144364625, 0.0256058294326, 0.00821752101183, 0.0429865755141, 0.0312503799796, 0.0611484274268, 0.0238607637584, 0.0532353445888, 0.0373710729182, 0.0511087216437, 0.0259501878172, 0.0186697021127, 0.0111823389307, 0.00588144082576, 0.00482762372121, 0.00482570147142, 0.00323120574467, 0.00410545011982, 0.00409108493477, 0.00444418005645, 0.00489802798256, 0.00420094793662, 0.00361938099377, 0.00397019181401, 0.00220599351451, 0.00221166107804, 0.0023767631501, 0.00149057782255, 0.000791457481682, 0.000361042300938, 9.78417938313e-06, 7.06843593434e-07, 1.1099598396e-07, 9.11966253625e-08, 1.6278978876e-07],
        "stdev": [0.0110545055941, 0.08945415169, 0.471491634846, 1.40216636658, 3.14483046532, 13.8252830505, 15.0946912766, 17.3359050751, 28.0689678192, 77.3846130371, 136.517654419, 201.301345825, 103.036758423, 43.9033889771, 99.0040817261, 56.2612190247, 75.9564208984, 73.2212524414, 26.5571899414, 33.8121986389, 19.0200538635, 25.360200882, 17.2968006134, 17.9659824371, 16.2681617737, 9.40027427673, 5.87026882172, 4.77125024796, 3.17299294472, 2.08507585526, 1.39606964588, 0.882383227348, 0.376772195101, 0.0957141146064, 0.0118988286704, 0.000376024690922, 7.01763638062e-05, 2.35222687479e-05, 1.06561155917e-05, 1.93244377442e-05]
    },
    "gfcc": {
        "mean": [-108.498382568, 152.304855347, -165.051513672, 18.8797912598, -80.8515701294, -6.8520154953, -37.3436813354, -3.72084569931, -8.03534698486, -24.6273651123, 5.62698698044, -16.0654277802, 4.15524244308],
        "cov": [[4157.83447266, -238.623703003, -1181.68249512, -80.6240158081, 63.6033172607, -293.791992188, 368.319702148, -98.8517227173, 114.424858093, -168.349822998, 108.529258728, -20.4348182678, -255.719406128], [-238.623703003, 488.231964111, 218.62600708, -149.054046631, 175.872573853, -2.6446287632, -11.4891996384, 16.7894630432, 12.1873197556, -36.1350059509, 16.8102226257, -11.0673666, 4.66591691971], [-1181.68249512, 218.62600708, 739.524536133, 174.488632202, -29.5660800934, 177.290557861, -91.5956115723, 26.3984737396, -17.7934055328, 57.8671073914, -40.0008010864, -1.36975729465, 81.7068786621], [-80.6240158081, -149.054046631, 174.488632202, 491.006256104, 83.7880096436, 33.5086402893, -100.547264099, 3.17378735542, 42.280330658, 42.8392410278, -57.8524131775, 19.2378997803, 74.7487106323], [63.6033172607, 175.872573853, -29.5660800934, 83.7880096436, 304.031188965, -28.6755218506, -90.9502639771, 30.6626777649, 51.1099700928, -17.5120677948, -3.67984104156, 21.0345401764, 39.2181167603], [-293.791992188, -2.6446287632, 177.290557861, 33.5086402893, -28.6755218506, 282.706512451, 93.6643447876, 12.558016777, -36.0788497925, 57.4423904419, 5.76282787323, 0.369687408209, 38.5995292664], [368.319702148, -11.4891996384, -91.5956115723, -100.547264099, -90.9502639771, 93.6643447876, 320.926300049, 60.6628913879, -34.7457580566, 1.94879245758, 75.0781555176, 19.1433048248, -56.5179252625], [-98.8517227173, 16.7894630432, 26.3984737396, 3.17378735542, 30.6626777649, 12.558016777, 60.6628913879, 116.875007629, 48.1922645569, 16.9502315521, 28.4421958923, 16.8459148407, 6.18335580826], [114.424858093, 12.1873197556, -17.7934055328, 42.280330658, 51.1099700928, -36.0788497925, -34.7457580566, 48.1922645569, 138.521621704, 40.7211875916, -1.66851639748, 0.0917178317904, 7.77088689804], [-168.349822998, -36.1350059509, 57.8671073914, 42.8392410278, -17.5120677948, 57.4423904419, 1.94879245758, 16.9502315521, 40.7211875916, 111.261329651, 21.4227256775, -4.5617685318, 25.6239490509], [108.529258728, 16.8102226257, -40.0008010864, -57.8524131775, -3.67984104156, 5.76282787323, 75.0781555176, 28.4421958923, -1.66851639748, 21.4227256775, 92.0004196167, 34.2079658508, -23.154630661], [-20.4348182678, -11.0673666, -1.36975729465, 19.2378997803, 21.0345401764, 0.369687408209, 19.1433048248, 16.8459148407, 0.0917178317904, -4.5617685318, 34.2079658508, 87.1606750488, 43.1661872864], [-255.719406128, 4.66591691971, 81.7068786621, 74.7487106323, 39.2181167603, 38.5995292664, -56.5179252625, 6.18335580826, 7.77088689804, 25.6239490509, -23.154630661, 43.1661872864, 119.641319275]],
        "icov": [[0.000804553041235, -0.000267615861958, 0.00113077519927, -0.000757505942602, 7.95818559709e-05, 3.28176429321e-05, -0.00107529992238, 0.00160443177447, -0.00153222703375, 0.00134541059379, -0.00102978420909, 0.000629110261798, 0.000188631733181], [-0.000267615861958, 0.00990827009082, -0.00651967013255, 0.00563006987795, -0.00866166222841, 0.00311032216996, -0.00413306476548, 0.00446029054001, -0.00243875407614, 0.00264550908469, -0.00236717727967, 0.00445108301938, -0.00284286006354], [0.00113077519927, -0.00651967013255, 0.00754649471492, -0.00493008317426, 0.00618604617193, -0.00337110599503, 0.00267055630684, -0.00233354466036, 0.000362455524737, -7.96217573225e-05, 0.000238519642153, -0.00195145921316, 0.00178335711826], [-0.000757505942602, 0.00563006987795, -0.00493008317426, 0.00647266162559, -0.00557337328792, 0.00178666447755, -0.00144318584353, 0.001371260616, -0.000359921948984, -0.00111793866381, 0.00196507503279, 0.000331191433361, -0.00149417144712], [7.95818559709e-05, -0.00866166222841, 0.00618604617193, -0.00557337328792, 0.0122993374243, -0.00363116175868, 0.00576496496797, -0.00579757196829, 0.00110441283323, 2.98351860692e-05, 3.06940164592e-05, -0.00340012437664, 0.00108270382043], [3.28176429321e-05, 0.00311032216996, -0.00337110599503, 0.00178666447755, -0.00363116175868, 0.00748507119715, -0.00465979892761, 0.00258106412366, 0.000754299922846, -0.00221049855463, 0.000337305304129, 0.00247622141615, -0.00282813794911], [-0.00107529992238, -0.00413306476548, 0.00267055630684, -0.00144318584353, 0.00576496496797, -0.00465979892761, 0.0105848070234, -0.00859806034714, 0.00476624257863, -0.00215131882578, -7.23697439753e-06, -0.00441948603839, 0.0037432408426], [0.00160443177447, 0.00446029054001, -0.00233354466036, 0.001371260616, -0.00579757196829, 0.00258106412366, -0.00859806034714, 0.019973706454, -0.0101873623207, 0.00532522099093, -0.00633323611692, 0.0044506713748, -0.00334431277588], [-0.00153222703375, -0.00243875407614, 0.000362455524737, -0.000359921948984, 0.00110441283323, 0.000754299922846, 0.00476624257863, -0.0101873623207, 0.016218977049, -0.00991706270725, 0.00640234304592, -0.00440022815019, 0.0028673412744], [0.00134541059379, 0.00264550908469, -7.96217573225e-05, -0.00111793866381, 2.98351860692e-05, -0.00221049855463, -0.00215131882578, 0.00532522099093, -0.00991706270725, 0.0209501814097, -0.0131821874529, 0.0101481135935, -0.00711822416633], [-0.00102978420909, -0.00236717727967, 0.000238519642153, 0.00196507503279, 3.06940164592e-05, 0.000337305304129, -7.23697439753e-06, -0.00633323611692, 0.00640234304592, -0.0131821874529, 0.0277562793344, -0.0165179800242, 0.0104445032775], [0.000629110261798, 0.00445108301938, -0.00195145921316, 0.000331191433361, -0.00340012437664, 0.00247622141615, -0.00441948603839, 0.0044506713748, -0.00440022815019, 0.0101481135935, -0.0165179800242, 0.0272649563849, -0.0146267935634], [0.000188631733181, -0.00284286006354, 0.00178335711826, -0.00149417144712, 0.00108270382043, -0.00282813794911, 0.0037432408426, -0.00334431277588, 0.0028673412744, -0.00711822416633, 0.0104445032775, -0.0146267935634, 0.0197235830128]]
    },
    "melbands": {
        "max": [0.000884381588548, 0.00400201650336, 0.00394227961078, 0.00916267931461, 0.00621163798496, 0.00488269375637, 0.00392245128751, 0.00936562940478, 0.011736609973, 0.0120290946215, 0.00643624970689, 0.00168605695944, 0.00589701347053, 0.0019204756245, 0.0018832454225, 0.00184231915046, 0.00289877457544, 0.000773112929892, 0.000483383919345, 0.000718474504538, 0.000264368514763, 0.000618857855443, 0.000264718750259, 0.000209021789487, 0.000164763740031, 0.000147570695844, 0.000139419469633, 0.000128868734464, 7.03830664861e-05, 4.22369157604e-05, 4.48046594101e-05, 3.06726869894e-05, 3.35207005264e-05, 1.52914599312e-05, 1.49862298713e-05, 8.77481943462e-06, 9.62814010563e-06, 4.57117857877e-06, 2.01029979507e-06, 1.40794281833e-06],
        "mean": [5.50769436813e-05, 8.14962404547e-05, 0.000132851302624, 0.000333349045832, 0.000354611082003, 0.000220837333472, 0.000244924885919, 0.000441755080828, 0.000519687659107, 0.00041630215128, 0.00018476365949, 9.79551259661e-05, 0.000134878180688, 8.71441297932e-05, 5.27789525222e-05, 3.81619356631e-05, 2.81121210719e-05, 1.7361711798e-05, 1.45089743455e-05, 1.53162745846e-05, 1.02438425529e-05, 1.16459323181e-05, 9.79905598797e-06, 7.75332136982e-06, 7.61208093536e-06, 7.31000272935e-06, 3.17929675475e-06, 1.34573372179e-06, 9.04417845504e-07, 6.23750167961e-07, 6.44391604965e-07, 4.46440878932e-07, 4.17105638917e-07, 3.00915786511e-07, 2.23998526394e-07, 1.516716992e-07, 1.11477980624e-07, 6.00580634114e-08, 2.60821835241e-08, 1.36696742814e-08],
        "min": [6.93317545597e-08, 4.75323133742e-07, 4.26954784416e-07, 3.66874331803e-07, 3.95283706212e-07, 2.04826676509e-07, 3.33094448024e-07, 1.29830667106e-07, 4.59431305444e-07, 1.21165570022e-07, 1.7007182862e-07, 1.04786046506e-07, 1.08796804454e-07, 3.80269362665e-08, 3.66073820146e-08, 2.5429429229e-08, 1.39548648193e-08, 8.84351436525e-09, 4.16168477457e-09, 4.61875915292e-09, 6.14746253902e-09, 2.71201550106e-09, 2.87056067805e-09, 2.99690139371e-09, 2.89470181158e-09, 2.74667977251e-09, 3.02780422956e-09, 3.09481773542e-09, 2.38985675693e-09, 1.66783387101e-09, 2.11613127021e-09, 1.88614612817e-09, 1.66234215282e-09, 1.04501385323e-09, 1.21738796821e-09, 1.40822120631e-09, 1.44647971378e-09, 1.09191600206e-09, 9.15111153521e-10, 5.54938928143e-10],
        "stdev": [0.000102664802398, 0.000189742422663, 0.000267633382464, 0.000553725054488, 0.000556030718144, 0.000370131718228, 0.000423085060902, 0.000891905569006, 0.00125106843188, 0.0011546779424, 0.000511963677127, 0.000183980431757, 0.000395850627683, 0.000213291161344, 0.000142842938658, 0.000130873988383, 0.000140869306051, 5.05367388541e-05, 3.7023502955e-05, 4.49800027127e-05, 2.19364210352e-05, 2.88419723802e-05, 2.01284547074e-05, 1.72453728737e-05, 1.49365323523e-05, 1.51508902491e-05, 9.0085040938e-06, 6.31859393252e-06, 4.31085709351e-06, 2.53301118391e-06, 2.86384897663e-06, 1.84092073141e-06, 1.77274421276e-06, 1.01297803212e-06, 8.92929790552e-07, 6.14459679582e-07, 5.14777696026e-07, 3.02228045257e-07, 1.23465554225e-07, 6.5265020055e-08]
    },
    "melbands128": {
        "max": [0.000114425442007, 0.000577795377467, 0.00130108406302, 0.00252627395093, 0.00359935732558, 0.00765801314265, 0.00563689833507, 0.00563851278275, 0.0034809645731, 0.0132063729689, 0.0125556439161, 0.00955133605748, 0.00850381702185, 0.00737638538703, 0.00805134791881, 0.00531667936593, 0.00794030725956, 0.00511168129742, 0.00575392367318, 0.015252311714, 0.0152165293694, 0.0331236869097, 0.0183559656143, 0.0316113084555, 0.0229164473712, 0.0115105444565, 0.0190410036594, 0.0104304216802, 0.00629630917683, 0.00265894643962, 0.00253317435272, 0.00382344331592, 0.0120738586411, 0.0034490339458, 0.00298637198284, 0.00381197594106, 0.00225650635548, 0.00239689718001, 0.00486292131245, 0.00459484849125, 0.00136084540281, 0.00473939720541, 0.00616260850802, 0.00146041787229, 0.00197676685639, 0.00086552236462, 0.000629379646853, 0.00111609883606, 0.000748160644434, 0.00166950083803, 0.000734730565455, 0.000148505554534, 0.000567126029637, 0.000350301619619, 0.000266027782345, 0.0013962641824, 0.000431112915976, 0.000532239908352, 0.000489857804496, 0.000359119847417, 0.000346319546225, 0.000643997744191, 0.000302559608826, 0.000204060095712, 0.000553333957214, 0.00016878725728, 0.000294410827337, 0.000240061126533, 0.000284428650048, 0.000128078347188, 0.00017444176774, 0.000105231694761, 9.69052416622e-05, 8.63112509251e-05, 4.8388945288e-05, 2.86021004285e-05, 5.09964156663e-05, 8.08066106401e-05, 3.40513252013e-05, 7.58866299293e-05, 4.25598627771e-05, 2.41436137003e-05, 2.57577994489e-05, 5.47538329556e-05, 1.51160993482e-05, 1.46182228491e-05, 1.87015466508e-05, 1.96090695681e-05, 2.34811614064e-05, 1.20857566799e-05, 1.05251638161e-05, 1.44478890434e-05, 1.77223591891e-05, 1.19400137919e-05, 8.41170913191e-06, 6.9689490374e-06, 6.49450203127e-06, 5.5940627135e-06, 1.56327973855e-06, 1.75015941295e-06, 2.89349213745e-06, 1.08213350813e-06, 5.07756510615e-07, 5.44822228221e-07, 1.15889427832e-07, 1.30723183389e-08, 1.23680719e-08, 1.17173124536e-08, 1.11795364077e-08, 1.06708473169e-08, 1.02012593928e-08, 9.74966951617e-09, 9.37165811621e-09, 9.00503849266e-09, 8.68622773709e-09, 8.36764257883e-09, 8.09417421976e-09, 7.83703502094e-09, 7.60809637512e-09, 7.39980787756e-09, 7.2162587017e-09, 7.0363412874e-09, 6.9078454068e-09, 6.79220324429e-09, 6.68239419355e-09, 6.60616095161e-09, 6.54037135561e-09, 6.50265086222e-09],
        "mean": [1.8175119294e-06, 3.18527090712e-05, 8.49148855195e-05, 8.63755703904e-05, 7.33059205231e-05, 8.04561132099e-05, 0.000100398414361, 0.000154490713612, 0.000165503559401, 0.000276899896562, 0.000502021110151, 0.000492933031637, 0.000280139094684, 0.000233710889006, 0.000229854660574, 0.000205455158721, 0.000217908775085, 0.000233920640312, 0.000268049916485, 0.000494791485835, 0.000441104115453, 0.000543227244634, 0.00039984533214, 0.00070329348091, 0.000589151575696, 0.000186767967534, 0.000300739979139, 0.000154017558089, 0.000150941996253, 0.000104513499537, 6.94819827913e-05, 9.63843194768e-05, 0.000206541197258, 8.78569262568e-05, 9.59651879384e-05, 0.000106413441245, 3.66332569683e-05, 4.6246288548e-05, 6.38245692244e-05, 6.0434696934e-05, 1.58578750415e-05, 3.26974368363e-05, 4.35365909652e-05, 1.02116109701e-05, 2.45524915954e-05, 1.90267473954e-05, 1.01314126368e-05, 1.03446282083e-05, 1.46949951159e-05, 2.94291512546e-05, 1.26759505292e-05, 5.01396880281e-06, 1.33978710437e-05, 1.0966762602e-05, 6.72260330248e-06, 1.41000991789e-05, 1.34878473546e-05, 1.03118472907e-05, 9.21911214391e-06, 6.54080531604e-06, 6.89241824148e-06, 1.0432740055e-05, 6.06756111665e-06, 6.26599103271e-06, 1.06977731775e-05, 7.62196077631e-06, 5.56325721845e-06, 4.40328221885e-06, 2.44380521508e-06, 1.61416539868e-06, 1.75884974851e-06, 8.39558140342e-07, 9.3885773822e-07, 1.05666219952e-06, 6.71840041377e-07, 5.44859460661e-07, 5.99801410317e-07, 7.92047046616e-07, 5.76068714508e-07, 6.40505504634e-07, 4.59390719243e-07, 3.58774684628e-07, 4.08430594234e-07, 5.09336416599e-07, 3.23246695189e-07, 2.99830190897e-07, 3.06299369868e-07, 2.79217317711e-07, 2.28586287676e-07, 1.74936744202e-07, 1.59214664563e-07, 1.51608446686e-07, 1.26092103869e-07, 1.18747038869e-07, 1.01149069565e-07, 6.90056367603e-08, 5.48212781837e-08, 4.03031314988e-08, 2.50669280888e-08, 1.8163079929e-08, 1.94240641349e-08, 1.20894885214e-08, 8.62239968313e-09, 6.98940150201e-09, 1.23545873532e-09, 1.18687429676e-11, 9.75602671566e-12, 9.27126084238e-12, 8.86580132226e-12, 8.48168063561e-12, 8.131476395e-12, 7.79598954836e-12, 7.50546933631e-12, 7.22174360243e-12, 6.96843711206e-12, 6.72958477138e-12, 6.52066334955e-12, 6.31624310146e-12, 6.13951771367e-12, 5.97662110774e-12, 5.82877973318e-12, 5.69000966136e-12, 5.5903875279e-12, 5.49226419552e-12, 5.38304687284e-12, 5.2776684932e-12, 5.20473291202e-12, 5.17207197209e-12],
        "min": [4.77697985335e-11, 6.15983664076e-09, 1.97247391753e-08, 3.64687977594e-08, 3.47308706239e-08, 5.14943998553e-08, 3.30125367043e-08, 6.32185503946e-08, 5.22888612409e-08, 1.02433688198e-07, 7.5055886839e-08, 1.23419383158e-07, 1.63275373666e-07, 2.22383988557e-07, 6.69794104624e-08, 1.73298701611e-07, 8.86827251634e-08, 1.57108331678e-07, 5.63236355333e-08, 3.07801713006e-08, 4.90168972078e-08, 7.60989848914e-08, 1.62391870617e-07, 1.17009236078e-07, 7.60045608672e-08, 2.45423521505e-08, 5.63628930195e-08, 4.10001774753e-08, 2.84970091968e-08, 1.73667160652e-08, 1.11040669992e-08, 3.88930416761e-08, 5.29498862534e-08, 2.65321897785e-08, 1.1498753949e-08, 1.14385034777e-08, 7.49626938301e-09, 1.53622412569e-08, 1.2088984036e-08, 1.3498881124e-08, 1.07794226878e-08, 6.33126662208e-09, 2.83334422591e-09, 3.21170401385e-09, 9.58185975009e-09, 3.81415565798e-09, 1.40992673092e-09, 2.73849209975e-09, 1.40759315315e-09, 5.05688113606e-09, 2.6731123981e-09, 3.71494079943e-09, 3.57014795505e-09, 1.62479396604e-09, 1.4069487797e-09, 1.3662025955e-09, 2.07824868426e-09, 2.17024354043e-09, 2.66356336986e-09, 1.39036915314e-09, 2.97293567542e-09, 1.46519163469e-09, 1.32643451778e-09, 1.51975465545e-09, 1.37395295141e-09, 1.36854017008e-09, 1.25871735257e-09, 2.0058230632e-09, 8.20086554221e-10, 1.20302667828e-09, 1.60042890052e-09, 1.57429902448e-09, 1.87901783022e-09, 1.58306578957e-09, 1.35868216677e-09, 1.95187621621e-09, 1.13569720295e-09, 1.07243647296e-09, 1.26918930921e-09, 9.79338388163e-10, 1.58997448541e-09, 1.13732034901e-09, 1.52412049648e-09, 9.03225827464e-10, 8.41528458029e-10, 1.11294207183e-09, 1.01112418438e-09, 1.13847409278e-09, 1.2011007744e-09, 1.3397498666e-09, 1.00057917507e-09, 1.09212994204e-09, 1.38186484477e-09, 1.35042133032e-09, 1.13904075061e-09, 8.32884428092e-10, 1.01936437069e-09, 7.59799667627e-10, 9.59241130971e-10, 8.72952765629e-10, 6.55642151681e-10, 4.87923423886e-10, 4.18112627854e-10, 5.69359503988e-10, 2.54947816331e-11, 1.22986676724e-13, 3.97636804939e-14, 5.17934931326e-14, 3.88573247472e-14, 3.81298454182e-14, 4.68397293608e-14, 5.28153536801e-14, 4.07867573808e-14, 3.92952814385e-14, 3.28501399802e-14, 4.95905671128e-14, 5.36330013604e-14, 3.80517828618e-14, 5.40780934572e-14, 5.49778186301e-14, 5.42731278756e-14, 4.80723520344e-14, 3.6099361754e-14, 5.17200485998e-14, 3.70766344872e-14, 1.51981512363e-14, 1.83375962696e-15, 6.80103863e-17],
        "stdev": [4.51887399322e-06, 7.63987918617e-05, 0.000173743843334, 0.000152963068103, 0.000193302723346, 0.000336467142915, 0.00030122580938, 0.000343523279298, 0.000302402680973, 0.000622811552603, 0.000989687745459, 0.000901769672055, 0.00065351248486, 0.000458134774817, 0.000536692619789, 0.00043979039765, 0.000584305438679, 0.000549313030206, 0.0006148442626, 0.00136744254269, 0.00109591393266, 0.00190060096793, 0.00137157645077, 0.0026448208373, 0.00213161180727, 0.0007478245534, 0.00124272773974, 0.000569647352677, 0.000467802776257, 0.000251132965786, 0.000198540568817, 0.000293030490866, 0.000768369820435, 0.000282291148324, 0.000267258321401, 0.000350287824403, 0.000154251101776, 0.000147914746776, 0.000275190715911, 0.000311177485855, 6.91623499733e-05, 0.00018651568098, 0.000292189302854, 5.06180331286e-05, 0.000100201446912, 6.33695526631e-05, 3.93338268623e-05, 4.86694952997e-05, 5.11002435815e-05, 0.000104773040221, 4.70494742331e-05, 1.24374009829e-05, 3.79984412575e-05, 2.82685559796e-05, 1.85867866094e-05, 5.3818741435e-05, 3.6733559682e-05, 2.89740182779e-05, 2.60869219346e-05, 2.03109466383e-05, 2.04289572139e-05, 3.1804003811e-05, 1.44419509525e-05, 1.44310852193e-05, 3.08881099045e-05, 1.86820489034e-05, 1.80604547495e-05, 1.52900574903e-05, 1.09679212983e-05, 7.29759130991e-06, 9.58341024671e-06, 4.56357338408e-06, 5.43385522178e-06, 5.40756082046e-06, 2.73296996056e-06, 2.18197124013e-06, 2.75631691693e-06, 3.84657732866e-06, 2.50540051638e-06, 3.73213606508e-06, 2.07313723877e-06, 1.38098459956e-06, 1.67611540292e-06, 2.76557193502e-06, 1.09199788767e-06, 1.03180423139e-06, 1.13064106699e-06, 1.14606905299e-06, 1.05900232938e-06, 7.52969185669e-07, 6.43070791284e-07, 7.0256288609e-07, 6.73638055559e-07, 5.78721937927e-07, 5.08373204866e-07, 3.53835218903e-07, 3.1798163036e-07, 2.45155121092e-07, 1.12038584632e-07, 7.85152067806e-08, 1.3301335855e-07, 5.04997501594e-08, 2.79666263481e-08, 2.83802084056e-08, 6.7454939412e-09, 2.85623164009e-10, 2.70159034033e-10, 2.55951038142e-10, 2.44211040279e-10, 2.33101760116e-10, 2.2285395751e-10, 2.12992914972e-10, 2.04739891707e-10, 1.96735724933e-10, 1.89769422398e-10, 1.82810391824e-10, 1.76836364996e-10, 1.71223452083e-10, 1.66222771658e-10, 1.61672425447e-10, 1.57664478695e-10, 1.53731916086e-10, 1.50926604547e-10, 1.48401083089e-10, 1.46002140933e-10, 1.44337042318e-10, 1.42901385169e-10, 1.42077780096e-10]
    },
    "mfcc": {
        "mean": [-729.463012695, 162.956008911, -22.5904693604, 11.1438312531, -14.5416240692, -15.4727907181, -15.9226560593, 5.03790235519, -12.3910121918, -4.59162521362, -2.2996366024, -4.42239665985, -3.92044854164],
        "cov": [[4810.69482422, -425.973297119, -1241.08581543, 110.756469727, -425.071502686, -26.6575546265, -73.2401657104, 229.484710693, -286.224151611, 135.445678711, 125.838851929, -32.6598777771, -35.2382354736], [-425.973297119, 737.713867188, -1.0675290823, -147.697937012, 120.338867188, -71.3838424683, 41.3052711487, 35.7039680481, -6.58233737946, -33.6602630615, 46.5773658752, -24.8647327423, -0.450068980455], [-1241.08581543, -1.0675290823, 768.708374023, 22.9644508362, 49.5525093079, 134.95614624, 70.2822494507, -58.5306549072, 112.633880615, -8.80207157135, -42.796913147, 44.6586685181, 1.24614191055], [110.756469727, -147.697937012, 22.9644508362, 343.593200684, 170.663711548, -0.973158240318, -76.8333816528, -1.5751696825, 43.6177101135, -18.8450946808, -14.4456882477, -4.08483695984, -6.60418987274], [-425.071502686, 120.338867188, 49.5525093079, 170.663711548, 438.428894043, 19.7471752167, -125.059791565, -57.4824905396, 82.1875457764, -16.7516498566, -59.7745704651, -17.0132007599, -24.8980178833], [-26.6575546265, -71.3838424683, 134.95614624, -0.973158240318, 19.7471752167, 177.658569336, 73.4828643799, -13.0352840424, 40.5935058594, 11.96941185, -13.6873912811, 15.2912607193, -0.774091243744], [-73.2401657104, 41.3052711487, 70.2822494507, -76.8333816528, -125.059791565, 73.4828643799, 232.485031128, 76.9311447144, -13.2431325912, 11.3655548096, 28.3521366119, 15.8781938553, 29.9776172638], [229.484710693, 35.7039680481, -58.5306549072, -1.5751696825, -57.4824905396, -13.0352840424, 76.9311447144, 164.527664185, -14.470500946, 9.24173736572, 43.7694129944, -7.35698604584, 19.7745780945], [-286.224151611, -6.58233737946, 112.633880615, 43.6177101135, 82.1875457764, 40.5935058594, -13.2431325912, -14.470500946, 140.72668457, 17.8164997101, -35.4907112122, 15.3888683319, 3.99722528458], [135.445678711, -33.6602630615, -8.80207157135, -18.8450946808, -16.7516498566, 11.96941185, 11.3655548096, 9.24173736572, 17.8164997101, 123.473869324, 45.9388580322, 15.000667572, 2.57516241074], [125.838851929, 46.5773658752, -42.796913147, -14.4456882477, -59.7745704651, -13.6873912811, 28.3521366119, 43.7694129944, -35.4907112122, 45.9388580322, 123.167068481, 25.0804920197, 7.94981479645], [-32.6598777771, -24.8647327423, 44.6586685181, -4.08483695984, -17.0132007599, 15.2912607193, 15.8781938553, -7.35698604584, 15.3888683319, 15.000667572, 25.0804920197, 95.9776611328, 39.6099090576], [-35.2382354736, -0.450068980455, 1.24614191055, -6.60418987274, -24.8980178833, -0.774091243744, 29.9776172638, 19.7745780945, 3.99722528458, 2.57516241074, 7.94981479645, 39.6099090576, 88.0181732178]],
        "icov": [[0.000708191830199, -0.000189656231669, 0.0011255670106, -0.000849257747177, 0.00105310382787, -0.0014310242841, 0.000928251014557, -0.000915435142815, 0.000981215387583, -0.00100739509799, 0.000854484562296, -0.000636229815427, 0.000571778742597], [-0.000189656231669, 0.00252449442632, -0.000481669441797, 0.00205097370781, -0.00216336268932, 0.00201404560357, -0.0014177801786, 0.000163422402693, -0.000850180105772, 0.00166306493338, -0.00230500590988, 0.00105782062747, -0.000328297377564], [0.0011255670106, -0.000481669441797, 0.00354884052649, -0.00157729443163, 0.00182053656317, -0.00312171201222, 0.000923514133319, -0.000784540141467, 0.000460270588519, -0.00130191806238, 0.00155568995979, -0.00164379144553, 0.00124523590785], [-0.000849257747177, 0.00205097370781, -0.00157729443163, 0.00619973056018, -0.00391151383519, 0.00271918694489, -0.000993421534076, 0.000199185335077, -0.00213619344868, 0.00291660171933, -0.00309030432254, 0.00138498318847, -0.000963432423305], [0.00105310382787, -0.00216336268932, 0.00182053656317, -0.00391151383519, 0.00659759296104, -0.00407874630764, 0.00373236415908, -0.00106955820229, 0.000636579177808, -0.00243843882345, 0.00344718527049, -0.00119641190395, 0.00116029777564], [-0.0014310242841, 0.00201404560357, -0.00312171201222, 0.00271918694489, -0.00407874630764, 0.0122133316472, -0.0061374460347, 0.00318046007305, -0.00357629451901, 0.00220400700346, -0.00247894204222, 0.00114346540067, -0.000177721842192], [0.000928251014557, -0.0014177801786, 0.000923514133319, -0.000993421534076, 0.00373236415908, -0.0061374460347, 0.00988255813718, -0.00463928002864, 0.0023012815509, -0.00184633675963, 0.00192942994181, -0.00114840921015, -0.000752938736696], [-0.000915435142815, 0.000163422402693, -0.000784540141467, 0.000199185335077, -0.00106955820229, 0.00318046007305, -0.00463928002864, 0.0102366199717, -0.00244382652454, 0.00172278610989, -0.00393241411075, 0.00305710546672, -0.00229392945766], [0.000981215387583, -0.000850180105772, 0.000460270588519, -0.00213619344868, 0.000636579177808, -0.00357629451901, 0.0023012815509, -0.00244382652454, 0.0121868243441, -0.00456674303859, 0.00525206048042, -0.00291851628572, 0.000554749392904], [-0.00100739509799, 0.00166306493338, -0.00130191806238, 0.00291660171933, -0.00243843882345, 0.00220400700346, -0.00184633675963, 0.00172278610989, -0.00456674303859, 0.0126562975347, -0.00710695143789, 0.00138476642314, -0.00073030591011], [0.000854484562296, -0.00230500590988, 0.00155568995979, -0.00309030432254, 0.00344718527049, -0.00247894204222, 0.00192942994181, -0.00393241411075, 0.00525206048042, -0.00710695143789, 0.0157999973744, -0.00559187727049, 0.00231487886049], [-0.000636229815427, 0.00105782062747, -0.00164379144553, 0.00138498318847, -0.00119641190395, 0.00114346540067, -0.00114840921015, 0.00305710546672, -0.00291851628572, 0.00138476642314, -0.00559187727049, 0.0160937979817, -0.00739162648097], [0.000571778742597, -0.000328297377564, 0.00124523590785, -0.000963432423305, 0.00116029777564, -0.000177721842192, -0.000752938736696, -0.00229392945766, 0.000554749392904, -0.00073030591011, 0.00231487886049, -0.00739162648097, 0.0157105345279]]
    },
    "spectral_contrast_coeffs": {
        "max": [-0.387844026089, -0.441731542349, -0.481402516365, -0.579551637173, -0.615758657455, -0.627138376236],
        "mean": [-0.65159714222, -0.718203365803, -0.713253498077, -0.770627617836, -0.761595904827, -0.780219018459],
        "min": [-0.904629647732, -0.914767026901, -0.924032986164, -0.898976147175, -0.907277703285, -0.944926977158],
        "stdev": [0.0841984897852, 0.0883887708187, 0.0755999237299, 0.0555700734258, 0.0627748444676, 0.047904420644]
    },
    "spectral_contrast_valleys": {
        "max": [-5.45941400528, -4.82168865204, -5.65285968781, -5.83335876465, -5.90292215347, -8.9837179184],
        "mean": [-7.83561658859, -6.84810352325, -8.00400066376, -8.4715795517, -8.69402599335, -11.6748113632],
        "min": [-9.98119068146, -8.84789848328, -9.9129858017, -10.7008991241, -10.6559467316, -12.3695468903],
        "stdev": [0.688042104244, 0.677088856697, 0.757372558117, 0.736456274986, 0.762822508812, 0.500800311565]
    }
},
"rhythm": {
    "beats_count": 108,
    "beats_loudness": {
        "max": 0.0938438177109,
        "mean": 0.0185633152723,
        "min": 0.000519576133229,
        "stdev": 0.0178664810956
    },
    "bpm": 127.007453918,
    "bpm_histogram_first_peak_bpm": 126,
    "bpm_histogram_first_peak_weight": 0.363636374474,
    "bpm_histogram_second_peak_bpm": 178,
    "bpm_histogram_second_peak_spread": 0,
    "bpm_histogram_second_peak_weight": 0.140186920762,
    "danceability": 0.877670943737,
    "onset_rate": 2.5224609375,
    "beats_loudness_band_ratio": {
        "max": [0.632708311081, 0.780459165573, 0.903395473957, 0.959842264652, 0.316976487637, 0.611664772034],
        "mean": [0.107113152742, 0.275176227093, 0.412205725908, 0.168045163155, 0.058063223958, 0.01927472651],
        "min": [0.00140732212458, 0.0118820304051, 0.0198566950858, 0.00315039395355, 0.00124009698629, 0.000546947820112],
        "stdev": [0.135973751545, 0.216050565243, 0.249788060784, 0.16859343648, 0.0659564808011, 0.0603604130447]
    },
