{
"metadata": {
    "version": {
        "essentia": "2.1-beta5",
        "essentia_git_sha": "Undefined",
        "extractor": "music 2.0"
    },
    "audio_properties": {
        "analysis": {
            "equal_loudness": 0,
            "length": 32.4963264465,
            "sample_rate": 44100,
            "start_time": 110.248344421,
            "downmix": "mix"
        },
        "bit_rate": 192000,
        "length": 199.006622314,
        "lossless": 0,
        "number_channels": 2,
        "replay_gain": -8.37363815308,
        "sample_rate": 48000,
        "codec": "mp3",
        "md5_encoded": "3c20427db6159f3aac5c69f694cdb477"
    },
    "tags": {
        "file_name": "Switzerland_I Miei Pensieri_Anita Traversi.mp3",
        "encoding": ["Lavf58.29.100"]
    }
},
"lowlevel": {
    "average_loudness": 0.772831618786,
    "barkbands_crest": {
        "max": 26.0520324707,
        "mean": 12.0991106033,
        "min": 2.79240465164,
        "stdev": 5.99916028976
    },
    "barkbands_flatness_db": {
        "max": 0.497501432896,
        "mean": 0.248991802335,
        "min": 0.111429430544,
        "stdev": 0.0794233754277
    },
    "barkbands_kurtosis": {
        "max": 155.16947937,
        "mean": 6.57880020142,
        "min": -1.32961940765,
        "stdev": 14.9085035324
    },
    "barkbands_skewness": {
        "max": 8.57667350769,
        "mean": 1.29356050491,
        "min": -1.06158351898,
        "stdev": 1.33835494518
    },
    "barkbands_spread": {
        "max": 40.9674758911,
        "mean": 10.1700868607,
        "min": 0.250278741121,
        "stdev": 7.30769729614
    },
    "dissonance": {
        "max": 0.499757826328,
        "mean": 0.418425828218,
        "min": 0.113802693784,
        "stdev": 0.0600128620863
    },
    "dynamic_complexity": 2.90412759781,
    "erbbands_crest": {
        "max": 31.8407154083,
        "mean": 13.5681743622,
        "min": 3.2755522728,
        "stdev": 6.34161472321
    },
    "erbbands_flatness_db": {
        "max": 0.461708396673,
        "mean": 0.29001173377,
        "min": 0.156450405717,
        "stdev": 0.0589925572276
    },
    "erbbands_kurtosis": {
        "max": 151.114028931,
        "mean": 3.42128777504,
        "min": -1.48442900181,
        "stdev": 9.34724712372
    },
    "erbbands_skewness": {
        "max": 9.99446105957,
        "mean": 1.00988924503,
        "min": -1.15349900723,
        "stdev": 1.12517678738
    },
    "erbbands_spread": {
        "max": 75.0830917358,
        "mean": 17.154127121,
        "min": 0.762741923332,
        "stdev": 10.2700424194
    },
    "hfc": {
        "max": 61.6593780518,
        "mean": 16.0707092285,
        "min": 0.123095318675,
        "stdev": 11.5876426697
    },
    "loudness_ebu128": {
        "integrated": -16.3496856689,
        "loudness_range": 5.072306633,
        "momentary": {
            "max": -11.7213258743,
            "mean": -17.47407341,
            "min": -32.1082000732,
            "stdev": 3.41600465775
        },
        "short_term": {
            "max": -13.2295465469,
            "mean": -16.5377998352,
            "min": -21.4044456482,
            "stdev": 1.66476249695
        }
    },
    "melbands_crest": {
        "max": 32.2190971375,
        "mean": 14.6061000824,
        "min": 4.12763834,
        "stdev": 6.87173080444
    },
    "melbands_flatness_db": {
        "max": 0.572319030762,
        "mean": 0.270352810621,
        "min": 0.104990459979,
        "stdev": 0.103078685701
    },
    "melbands_kurtosis": {
        "max": 225.431396484,
        "mean": 8.2471704483,
        "min": -1.24900555611,
        "stdev": 19.1963157654
    },
    "melbands_skewness": {
        "max": 9.67719364166,
        "mean": 1.43149769306,
        "min": -1.06461405754,
        "stdev": 1.34820020199
    },
    "melbands_spread": {
        "max": 48.2866821289,
        "mean": 15.2402439117,
        "min": 0.266993701458,
        "stdev": 10.8634748459
    },
    "pitch_salience": {
        "max": 0.864529907703,
        "mean": 0.529001951218,
        "min": 0.0407392084599,
        "stdev": 0.123886540532
    },
    "silence_rate_20dB": {
        "max": 1,
        "mean": 1,
        "min": 1,
        "stdev": 0
    },
    "silence_rate_30dB": {
        "max": 1,
        "mean": 0.998572468758,
        "min": 0,
        "stdev": 0.0377558767796
    },
    "silence_rate_60dB": {
        "max": 1,
        "mean": 0.0827980041504,
        "min": 0,
        "stdev": 0.275580644608
    },
    "spectral_centroid": {
        "max": 2587.0300293,
        "mean": 1006.44281006,
        "min": 285.042755127,
        "stdev": 537.929748535
    },
    "spectral_complexity": {
        "max": 33,
        "mean": 14.2462530136,
        "min": 0,
        "stdev": 7.90810108185
    },
    "spectral_decrease": {
        "max": -4.67128211112e-11,
        "mean": -5.32902211248e-09,
        "min": -3.40594468184e-08,
        "stdev": 4.15654044517e-09
    },
    "spectral_energy": {
        "max": 0.13327883184,
        "mean": 0.0215706173331,
        "min": 0.000203255403903,
        "stdev": 0.0165459923446
    },
    "spectral_energyband_high": {
        "max": 0.00223098811693,
        "mean": 0.000177119887667,
        "min": 1.78751847102e-07,
        "stdev": 0.000307057896862
    },
    "spectral_energyband_low": {
        "max": 0.00554568693042,
        "mean": 0.00046343888971,
        "min": 1.26372458453e-06,
        "stdev": 0.000643838196993
    },
    "spectral_energyband_middle_high": {
        "max": 0.0287792179734,
        "mean": 0.0049151442945,
        "min": 1.35326044983e-05,
        "stdev": 0.00542188622057
    },
    "spectral_energyband_middle_low": {
        "max": 0.130835607648,
        "mean": 0.016402291134,
        "min": 0.000113526351925,
        "stdev": 0.0162460077554
    },
    "spectral_entropy": {
        "max": 7.98691558838,
        "mean": 6.64062786102,
        "min": 3.97845125198,
        "stdev": 0.7344160676
    },
    "spectral_flux": {
        "max": 0.174341201782,
        "mean": 0.056582428515,
        "min": 0.0080794962123,
        "stdev": 0.025692101568
    },
    "spectral_kurtosis": {
        "max": 71.7523651123,
        "mean": 15.3934650421,
        "min": -0.455077648163,
        "stdev": 14.3530139923
    },
    "spectral_rms": {
        "max": 0.011402987875,
        "mean": 0.00424948194996,
        "min": 0.000445306592155,
        "stdev": 0.00172811991069
    },
    "spectral_rolloff": {
        "max": 5835.49804688,
        "mean": 1126.90356445,
        "min": 215.33203125,
        "stdev": 640.520141602
    },
    "spectral_skewness": {
        "max": 6.89255666733,
        "mean": 2.49682188034,
        "min": 0.619382500648,
        "stdev": 1.37000274658
    },
    "spectral_spread": {
        "max": 14416400,
        "mean": 2383443.75,
        "min": 1018748.4375,
        "stdev": 778699.75
    },
    "spectral_strongpeak": {
        "max": 7.9036283493,
        "mean": 1.81272029877,
        "min": 0.0195131786168,
        "stdev": 1.41486334801
    },
    "zerocrossingrate": {
        "max": 0.13623046875,
        "mean": 0.0410654656589,
        "min": 0.00732421875,
        "stdev": 0.0194580834359
    },
    "barkbands": {
        "max": [0.000132687011501, 0.00238115154207, 0.00365441455506, 0.00928197707981, 0.0249715931714, 0.128458246589, 0.00990472920239, 0.0155788660049, 0.0715837925673, 0.0306886136532, 0.0243602097034, 0.00695946393535, 0.0149441231042, 0.00322178145871, 0.0117212142795, 0.00481134746224, 0.00223791692406, 0.00239029317163, 0.00265320227481, 0.002191985026, 0.000870695512276, 0.000333091797074, 0.000132348519401, 8.43474481371e-05, 5.44883596376e-06, 2.1579414522e-07, 2.27395204888e-07],
        "mean": [4.37301878264e-06, 0.000253086327575, 0.00014629321231, 0.000149152270751, 0.00169588718563, 0.00640155700967, 0.000780221133027, 0.00130651250947, 0.00564824184403, 0.00101144006476, 0.000925082131289, 0.000554341357201, 0.000835461134557, 0.000251638906775, 0.000458617141703, 0.000338726764312, 0.000159903196618, 0.00018906929472, 0.000229098790442, 0.000148586259456, 4.42388263764e-05, 2.38080465351e-05, 1.032784985e-05, 4.51981622973e-06, 4.52805551276e-07, 8.61338000924e-10, 9.11694053585e-10],
        "min": [2.26654357505e-08, 6.86540261086e-07, 6.26336102982e-08, 3.58322012062e-07, 2.50468588092e-06, 2.53373536907e-06, 1.62315018315e-06, 7.75557907673e-07, 4.29465717389e-06, 1.00899137578e-06, 4.46282513167e-07, 3.21132517911e-07, 2.0788563404e-07, 1.28178868408e-07, 4.06985890322e-07, 1.866525281e-07, 1.4238450774e-07, 9.34798762842e-08, 8.20385750444e-08, 5.11924582725e-08, 2.67022404188e-08, 2.86551351536e-08, 2.31120740324e-08, 2.82861680745e-08, 1.70378076092e-08, 1.56446348931e-11, 2.28534309532e-11],
        "stdev": [6.40294001641e-06, 0.000358007440809, 0.000341840874171, 0.000415567250457, 0.00289123668335, 0.0111061297357, 0.00104950368404, 0.00194081710652, 0.0103241875768, 0.00234641111456, 0.00183534214739, 0.000795980973635, 0.00150382367428, 0.000425897713285, 0.00125311140437, 0.000549445161596, 0.00027043823502, 0.000305653578835, 0.000302509753965, 0.000278589635855, 8.97245045053e-05, 4.37352646259e-05, 1.83456977538e-05, 8.04882438388e-06, 5.61439946978e-07, 5.87853854483e-09, 6.19593087947e-09]
    },
    "erbbands": {
        "max": [0.0757360458374, 0.725503742695, 4.17987298965, 14.282582283, 39.0264434814, 88.0045776367, 504.22088623, 1667.73901367, 345.817871094, 209.541503906, 462.543731689, 1861.02124023, 1121.27294922, 647.467224121, 455.634643555, 356.554870605, 763.784484863, 204.131729126, 659.87512207, 168.989578247, 201.296173096, 89.6238250732, 147.209899902, 80.6485290527, 176.705749512, 150.605178833, 52.4002113342, 18.8907642365, 11.690120697, 7.88579654694, 4.02918291092, 2.25611972809, 0.523504912853, 0.124699130654, 0.0137511231005, 0.000878974446096, 0.000398963311454, 0.000141203694511, 6.31153816357e-05, 0.000148703009472],
        "mean": [0.00501164607704, 0.0653837025166, 0.18554456532, 0.334549516439, 1.58998024464, 6.72145795822, 19.7380371094, 70.56980896, 19.4834461212, 16.3549728394, 31.954536438, 141.25213623, 69.4776229858, 34.2234916687, 38.2417259216, 24.1948356628, 38.8295402527, 20.206111908, 26.4523506165, 16.0991973877, 14.1084089279, 8.47236633301, 12.0831298828, 10.0584173203, 10.5604772568, 8.11303329468, 3.08819556236, 1.40492129326, 0.854148745537, 0.444283127785, 0.329991281033, 0.135917901993, 0.0481306910515, 0.00996863096952, 0.0014462817926, 5.87056347285e-05, 1.32290479087e-05, 3.76625780518e-06, 1.15462225949e-05, 2.52640384133e-05],
        "min": [2.84040579572e-05, 0.000106638603029, 0.000104352460767, 0.000907671521418, 0.00318837654777, 0.0100890938193, 0.034436173737, 0.0411710515618, 0.101328909397, 0.0648782849312, 0.0693823620677, 0.105258613825, 0.0606084167957, 0.0851871594787, 0.045966964215, 0.0154364435002, 0.0111001227051, 0.0107301389799, 0.0245195198804, 0.0114081082866, 0.0119287855923, 0.00923299323767, 0.00651229079813, 0.00611391477287, 0.00401379726827, 0.0022912172135, 0.00139606161974, 0.001130870427, 0.00101593090221, 0.000703483179677, 0.000652470625937, 0.000782077258918, 0.000343484309269, 0.000185005977983, 0.000120667347801, 7.11246457286e-06, 5.90145646129e-07, 1.07524762427e-07, 1.29252072156e-07, 2.48260761282e-07],
        "stdev": [0.00861529447138, 0.0938797369599, 0.414814323187, 0.705857038498, 2.74002122879, 10.7416706085, 46.189414978, 125.337875366, 27.3538627625, 22.7614459991, 44.906791687, 259.699401855, 112.935928345, 68.1460952759, 55.3507423401, 38.0652351379, 70.8721084595, 27.4096488953, 68.6832962036, 23.3124828339, 23.4677505493, 12.5145130157, 18.501739502, 11.5440034866, 16.7931289673, 17.810634613, 5.8200712204, 2.37268352509, 1.49000120163, 0.797198593616, 0.610427558422, 0.237502709031, 0.0825284868479, 0.0134899038821, 0.00157787883654, 5.72766075493e-05, 1.38262721521e-05, 4.66408027933e-06, 8.30433873489e-06, 1.88770227396e-05]
    },
    "gfcc": {
        "mean": [-92.8384552002, 160.390106201, -168.281356812, 7.22383546829, -77.8156051636, -13.5986099243, -31.9977436066, -5.51715993881, -8.09119033813, -18.7956409454, 12.3205499649, -15.6457109451, 10.0078639984],
        "cov": [[5253.12988281, -1041.96228027, -2244.04833984, 899.190917969, -0.476238042116, 85.3734512329, 460.418914795, -412.021240234, -108.076225281, -112.741653442, -124.427101135, -227.451828003, -261.072418213], [-1041.96228027, 637.240234375, 641.179992676, -424.260894775, 203.641067505, -115.284263611, -23.0781269073, 175.014007568, 35.0076789856, 26.0192070007, 76.289390564, 38.505897522, 62.6075668335], [-2244.04833984, 641.179992676, 1345.08459473, -371.248748779, 44.7915802002, -72.0044784546, -205.898681641, 210.470718384, 59.2600631714, 27.7357902527, 80.8923416138, 93.83644104, 104.023651123], [899.190917969, -424.260894775, -371.248748779, 711.596740723, -56.5074005127, 178.920684814, 30.0739479065, -132.845123291, -1.59565341473, -29.2497901917, -95.1991882324, -60.9434585571, -88.3920211792], [-0.476238042116, 203.641067505, 44.7915802002, -56.5074005127, 216.117462158, -55.0965576172, -10.102558136, 63.875377655, 28.4160442352, 4.66107130051, 17.6103649139, 7.45436668396, 17.7305335999], [85.3734512329, -115.284263611, -72.0044784546, 178.920684814, -55.0965576172, 295.626342773, 87.5510406494, -33.6710586548, 19.0067138672, 53.1448783875, -30.210105896, -33.0609703064, -22.6536598206], [460.418914795, -23.0781269073, -205.898681641, 30.0739479065, -10.102558136, 87.5510406494, 220.631515503, 19.358795166, -32.0781478882, 29.4477767944, 20.318983078, -29.3531837463, -37.1367874146], [-412.021240234, 175.014007568, 210.470718384, -132.845123291, 63.875377655, -33.6710586548, 19.358795166, 145.990509033, 43.9189300537, 15.9089288712, 37.4374961853, 32.479839325, 31.0364456177], [-108.076225281, 35.0076789856, 59.2600631714, -1.59565341473, 28.4160442352, 19.0067138672, -32.0781478882, 43.9189300537, 111.561752319, 36.6591911316, 8.90086555481, 34.5221443176, 29.7128658295], [-112.741653442, 26.0192070007, 27.7357902527, -29.2497901917, 4.66107130051, 53.1448783875, 29.4477767944, 15.9089288712, 36.6591911316, 92.6248168945, 51.2327194214, 12.4382352829, 19.360458374], [-124.427101135, 76.289390564, 80.8923416138, -95.1991882324, 17.6103649139, -30.210105896, 20.318983078, 37.4374961853, 8.90086555481, 51.2327194214, 102.351806641, 47.8552131653, 22.7381668091], [-227.451828003, 38.505897522, 93.83644104, -60.9434585571, 7.45436668396, -33.0609703064, -29.3531837463, 32.479839325, 34.5221443176, 12.4382352829, 47.8552131653, 90.2257156372, 51.9097862244], [-261.072418213, 62.6075668335, 104.023651123, -88.3920211792, 17.7305335999, -22.6536598206, -37.1367874146, 31.0364456177, 29.7128658295, 19.360458374, 22.7381668091, 51.9097862244, 80.3280181885]],
        "icov": [[0.00134396296926, 0.000705925165676, 0.00113788037561, -0.00047884741798, -0.00126390275545, 0.000844217312988, -0.00252617429942, 0.00260027055629, -0.00252775847912, 0.00307415169664, -0.00256067374721, 0.00241244514473, -0.00047822369379], [0.000705925165676, 0.0148448906839, -0.0062141707167, 0.00481890095398, -0.012272852473, 0.001903985627, -0.00856199488044, 0.00498172827065, -0.00472481315956, 0.00381160201505, -0.001919631497, 0.00474211433902, -0.000255145714618], [0.00113788037561, -0.0062141707167, 0.00570300221443, -0.00243433052674, 0.0047623203136, -0.000796071602963, 0.00345085980371, -0.00214837025851, 0.000501300382894, 0.00136834767181, -0.00250574736856, 0.00032998691313, -0.000391898007365], [-0.00047884741798, 0.00481890095398, -0.00243433052674, 0.0043691941537, -0.00383694819175, -0.00111181777902, -0.00125764415134, 0.00147012446541, -0.0010381732136, 0.000291634001769, 0.00157699733973, -0.000607602647506, 0.00229200068861], [-0.00126390275545, -0.012272852473, 0.0047623203136, -0.00383694819175, 0.016296422109, -0.00110937969293, 0.00874905847013, -0.00820393580943, 0.00426122592762, -0.00443425867707, 0.00183605123311, -0.00304405926727, -0.000686996034347], [0.000844217312988, 0.001903985627, -0.000796071602963, -0.00111181777902, -0.00110937969293, 0.00727693550289, -0.0055158068426, 0.00343145267107, -0.0028763411101, -0.00290345749818, 0.0024419145193, 0.00159792287741, -0.000471614126582], [-0.00252617429942, -0.00856199488044, 0.00345085980371, -0.00125764415134, 0.00874905847013, -0.0055158068426, 0.0184357818216, -0.0131089156494, 0.011079207994, -0.0089259063825, 0.00281647522934, -0.00583200529218, 0.00373626709916], [0.00260027055629, 0.00498172827065, -0.00214837025851, 0.00147012446541, -0.00820393580943, 0.00343145267107, -0.0131089156494, 0.0225789975375, -0.0130382375792, 0.0103699713945, -0.0069824308157, 0.00594554329291, -0.00257985154167], [-0.00252775847912, -0.00472481315956, 0.000501300382894, -0.0010381732136, 0.00426122592762, -0.0028763411101, 0.011079207994, -0.0130382375792, 0.0233693849295, -0.0167363621294, 0.0120061635971, -0.0131799532101, 0.00259166886099], [0.00307415169664, 0.00381160201505, 0.00136834767181, 0.000291634001769, -0.00443425867707, -0.00290345749818, -0.0089259063825, 0.0103699713945, -0.0167363621294, 0.0359115637839, -0.0246196519583, 0.0172954145819, -0.00907621718943], [-0.00256067374721, -0.001919631497, -0.00250574736856, 0.00157699733973, 0.00183605123311, 0.0024419145193, 0.00281647522934, -0.0069824308157, 0.0120061635971, -0.0246196519583, 0.033425219357, -0.0215498171747, 0.00839446019381], [0.00241244514473, 0.00474211433902, 0.00032998691313, -0.000607602647506, -0.00304405926727, 0.00159792287741, -0.00583200529218, 0.00594554329291, -0.0131799532101, 0.0172954145819, -0.0215498171747, 0.0347533151507, -0.0164738111198], [-0.00047822369379, -0.000255145714618, -0.000391898007365, 0.00229200068861, -0.000686996034347, -0.000471614126582, 0.00373626709916, -0.00257985154167, 0.00259166886099, -0.00907621718943, 0.00839446019381, -0.0164738111198, 0.0263643357903]]
    },
    "melbands": {
        "max": [0.000682146754116, 0.00166113791056, 0.00348432851024, 0.00300512625836, 0.0132057573646, 0.0317430607975, 0.00472093792632, 0.002907556016, 0.00394638627768, 0.0131988795474, 0.00570852030069, 0.00254267523997, 0.00248812395148, 0.000675197108649, 0.000674027774949, 0.00174504099414, 0.000293344259262, 0.000921102240682, 0.00064569566166, 0.000373575167032, 0.000166121506481, 0.000108226915472, 0.000160051989951, 0.000114079361083, 7.57263114792e-05, 0.000150668303831, 6.75944320392e-05, 0.000102316073026, 3.57440039807e-05, 2.82251530734e-05, 1.07309260784e-05, 7.32282160243e-06, 4.39105178884e-06, 3.42500698025e-06, 3.09225401907e-06, 1.66918857758e-06, 1.11111182832e-06, 5.21753747762e-07, 1.3469579585e-07, 9.29289782903e-08],
        "mean": [5.93264157942e-05, 9.25569911487e-05, 8.68969436851e-05, 0.000278201740002, 0.000649304827675, 0.00142104795668, 0.000268255331321, 0.000187547309906, 0.000256066501606, 0.000978479511105, 0.00033083112794, 0.000128163999761, 0.000126389495563, 7.28492232156e-05, 5.99910745223e-05, 8.90532537596e-05, 3.01934142044e-05, 3.91389876313e-05, 2.64529244305e-05, 2.82866258203e-05, 1.22535066112e-05, 7.00690225131e-06, 1.35362915898e-05, 8.4684443209e-06, 8.07303877082e-06, 8.3529685071e-06, 5.52317032998e-06, 5.43587475477e-06, 2.02991896003e-06, 1.17503282127e-06, 7.51667073473e-07, 5.48990897187e-07, 2.99111690083e-07, 2.04567257356e-07, 2.05019517807e-07, 1.118445212e-07, 7.19334565247e-08, 4.1132800277e-08, 1.26111858734e-08, 6.41169739524e-09],
        "min": [2.76567106994e-07, 8.55983159909e-08, 2.44213282485e-07, 5.12046995027e-07, 1.23104609884e-06, 5.87873842051e-07, 8.34648346881e-07, 4.29600987673e-07, 4.75880938211e-07, 5.94494622419e-07, 2.1051675958e-07, 1.35365866072e-07, 9.66808855196e-08, 4.87011604378e-08, 2.72173856786e-08, 1.82915727009e-08, 1.38653328818e-08, 2.27621228532e-08, 2.25175966762e-08, 1.29117889713e-08, 1.13023395087e-08, 8.02284993995e-09, 5.75142022896e-09, 4.23478319078e-09, 5.0362598536e-09, 3.66966457221e-09, 1.93802351944e-09, 1.40049738473e-09, 9.43460420899e-10, 5.64719604412e-10, 7.35591365597e-10, 5.97442484374e-10, 4.967360967e-10, 3.64617336324e-10, 2.94416963031e-10, 5.55327839269e-10, 4.16951528859e-10, 2.64367167047e-10, 1.46551895619e-10, 1.59092863883e-10],
        "stdev": [8.78260398167e-05, 0.000166168858414, 0.000175495209987, 0.00037892657565, 0.00133918924257, 0.00247929361649, 0.000372112757759, 0.000286496826448, 0.000380260171369, 0.00185410224367, 0.000566808797885, 0.000273727986496, 0.0002139545104, 8.99485967238e-05, 0.000103839971416, 0.000165039818967, 4.47484781034e-05, 9.69620814431e-05, 6.7241526267e-05, 4.36575974163e-05, 2.09831796383e-05, 1.17632826004e-05, 2.22164053412e-05, 1.27595194499e-05, 1.04455748442e-05, 1.44606628965e-05, 9.00688155525e-06, 1.25417518575e-05, 3.77350829694e-06, 2.56615021499e-06, 1.37543179335e-06, 1.00172167095e-06, 5.35491551545e-07, 3.80014910206e-07, 3.94036248963e-07, 1.9888192071e-07, 1.30285329192e-07, 7.71369528252e-08, 1.86635666921e-08, 8.42638847587e-09]
    },
    "melbands128": {
        "max": [0.000129188716528, 0.000601563602686, 0.00122346298303, 0.00154441699851, 0.00261503038928, 0.00137787323911, 0.00221051019616, 0.00563852954656, 0.00446325540543, 0.00563508877531, 0.00530813680962, 0.0119746364653, 0.0249092038721, 0.0371770858765, 0.0596082732081, 0.0345644019544, 0.0107718324289, 0.00167116359808, 0.00189290882554, 0.00387340947054, 0.00619211373851, 0.00223197089508, 0.00758355204016, 0.00329505768605, 0.0150478156283, 0.0291709620506, 0.0101803308353, 0.0116316322237, 0.00357916811481, 0.0028427648358, 0.00416112365201, 0.00749247893691, 0.00218150578439, 0.0031025649514, 0.00109812931623, 0.00135163159575, 0.00217740563676, 0.000549954769667, 0.00161703210324, 0.00367075367831, 0.00244171894155, 0.00102362933103, 0.000322730193147, 0.000844326801598, 0.000900555052795, 0.0010203103302, 0.00274089793675, 0.000691167544574, 0.000419686431997, 0.000467989972094, 0.000392273475882, 0.000918344652746, 0.000227414348046, 0.000158645372721, 0.000305134104565, 0.000152562075527, 0.000137864830322, 0.000423966936069, 0.000406177190598, 0.00035732955439, 0.000199063215405, 9.84086218523e-05, 0.000101366269519, 0.000137441558763, 0.000177842230187, 0.00015164569777, 0.000345364678651, 0.000204914074857, 6.97260766174e-05, 0.00016646887525, 0.000213440434891, 8.71177617228e-05, 0.000119147778605, 4.52688873338e-05, 8.42014051159e-05, 4.01225115638e-05, 2.00298491109e-05, 2.82012206299e-05, 2.16148382606e-05, 2.29203724302e-05, 1.4439034203e-05, 2.00756458071e-05, 1.16305554911e-05, 9.33631690714e-06, 1.23764302771e-05, 7.64239939599e-06, 4.22956645707e-06, 3.14742965202e-06, 5.69534722672e-06, 5.19478908245e-06, 2.10838402381e-06, 2.55901431956e-06, 2.816879487e-06, 2.48221363108e-06, 1.05622848423e-06, 1.23154450193e-06, 4.77482103634e-07, 4.61353636183e-07, 1.34698893817e-07, 9.95788482783e-08, 2.80289725652e-07, 5.89469948409e-08, 7.91614880313e-08, 3.85020157978e-08, 5.47043832455e-09, 1.77404568813e-09, 1.66220803788e-09, 1.56149848607e-09, 1.50193824044e-09, 1.4237625523e-09, 1.35693656311e-09, 1.31105060142e-09, 1.26431309866e-09, 1.21875898262e-09, 1.16907850067e-09, 1.12389808571e-09, 1.10162856615e-09, 1.06263187138e-09, 1.03354402814e-09, 1.00757835408e-09, 9.85010295551e-10, 9.57535606361e-10, 9.44558098404e-10, 9.22827869676e-10, 9.14068043478e-10, 8.99638308294e-10, 8.91730522756e-10, 8.87271200956e-10],
        "mean": [3.5710377233e-06, 2.75298152701e-05, 8.54439058458e-05, 0.000115188071504, 0.000108456806629, 6.0756548919e-05, 5.58960637136e-05, 8.27203402878e-05, 0.000143086261232, 0.000243201415287, 0.000383805745514, 0.000491951301228, 0.000516491418239, 0.00097712862771, 0.00222562998533, 0.00125590083189, 0.000296688289382, 0.000136663351441, 0.000136537433718, 0.000166821831954, 0.000240788751398, 0.000177860129043, 0.000327899644617, 0.000161439515068, 0.000766676617786, 0.00181653536856, 0.000416551803937, 0.000208675410249, 9.40369718592e-05, 0.000112855035695, 0.00015374708164, 0.000122477242257, 0.000102480611531, 0.000180257338798, 6.40224316157e-05, 3.53089126293e-05, 9.26167267608e-05, 2.41305497184e-05, 7.0795933425e-05, 0.00010889684927, 0.000110873006633, 3.88768676203e-05, 1.96891614905e-05, 3.73007933376e-05, 1.35453992698e-05, 3.33609968948e-05, 8.59711799421e-05, 1.41169621202e-05, 9.69220309344e-06, 1.83147421922e-05, 3.23120111716e-05, 4.36834707216e-05, 6.87707688485e-06, 3.58941656486e-06, 8.66967639013e-06, 4.07461629948e-06, 7.12128667146e-06, 1.89992715605e-05, 1.22343926705e-05, 1.215679913e-05, 8.10370329418e-06, 5.51533230464e-06, 8.33891044749e-06, 8.67167545948e-06, 8.1639527707e-06, 6.84590622768e-06, 1.05205845102e-05, 7.35607409297e-06, 2.3821535251e-06, 5.43188934898e-06, 7.5487050708e-06, 4.61000945506e-06, 2.63593415184e-06, 1.02978867744e-06, 1.90927153199e-06, 1.48918957166e-06, 6.97952259543e-07, 6.39513871192e-07, 6.55808207739e-07, 1.13335249807e-06, 4.06368627637e-07, 5.2031003861e-07, 3.28485981527e-07, 2.48758141197e-07, 2.68212318133e-07, 3.00632166272e-07, 1.43587016055e-07, 1.1652020504e-07, 2.3225396717e-07, 2.72879816521e-07, 1.00423370952e-07, 7.15345009894e-08, 1.10202265091e-07, 6.43078976736e-08, 5.39534745769e-08, 6.78308893498e-08, 2.99890920985e-08, 2.07321875223e-08, 1.22697407789e-08, 7.70931762872e-09, 1.01344763692e-08, 4.48760850702e-09, 5.19391596399e-09, 3.28782201464e-09, 4.33917984877e-10, 7.25598487544e-12, 6.42806858089e-12, 6.15994191419e-12, 5.91785821735e-12, 5.66837505753e-12, 5.45224499229e-12, 5.25139090199e-12, 5.06314174614e-12, 4.87815213571e-12, 4.70546518416e-12, 4.55293485205e-12, 4.44230806654e-12, 4.27082761517e-12, 4.15054665984e-12, 4.04764633269e-12, 3.94950695412e-12, 3.85715548043e-12, 3.79319405747e-12, 3.7181204296e-12, 3.63401930076e-12, 3.53058684718e-12, 3.4671031237e-12, 3.44383484403e-12],
        "min": [3.94063892628e-09, 3.49263089561e-08, 4.35225189221e-08, 1.53337694542e-07, 5.37817363977e-08, 3.35352545733e-08, 9.10118131969e-08, 8.67858958031e-08, 1.29109395175e-07, 1.41245408258e-07, 1.59614774731e-08, 3.83595534004e-07, 1.43131899222e-07, 3.89763158637e-07, 3.17655008075e-07, 9.86382957535e-08, 1.40470774568e-07, 1.64709348383e-07, 9.87617951864e-08, 2.10507138831e-07, 1.55405686542e-07, 5.21127603292e-08, 9.94544464561e-08, 2.67530310794e-07, 1.66013350622e-07, 5.24907193267e-08, 1.40024409845e-08, 2.54164422842e-08, 5.91889595114e-08, 4.25285371364e-08, 6.15816588834e-08, 3.23221414078e-08, 1.62800297687e-08, 2.19379412414e-08, 8.86234730046e-09, 1.2633351254e-08, 1.83578645618e-08, 7.37381444793e-09, 7.00104818563e-09, 7.39157179908e-09, 6.73209044066e-09, 6.53836096376e-09, 8.56753779033e-09, 3.3207614436e-09, 3.61332919141e-09, 1.01108055262e-08, 2.65506585606e-08, 7.71950148248e-09, 2.11876272083e-09, 2.69947375564e-09, 5.55248913514e-09, 4.89381024593e-09, 2.61619637065e-09, 4.39382752404e-09, 3.9852192657e-09, 1.77679271296e-09, 4.55549331591e-09, 5.23935783647e-09, 2.18885087833e-09, 3.31490102035e-09, 2.08251038636e-09, 2.72926437006e-09, 3.47028294989e-09, 3.01728442231e-09, 1.69384384296e-09, 2.91780599682e-09, 1.27287991258e-09, 8.88965789869e-10, 1.02517661027e-09, 1.21346710458e-09, 1.4673228188e-09, 6.78161415912e-10, 7.04108771288e-10, 8.15992884373e-10, 7.91035181802e-10, 3.93031829304e-10, 4.9763487775e-10, 5.22384413504e-10, 5.0997461809e-10, 6.8204053516e-10, 5.59796153876e-10, 4.0227013387e-10, 5.56042323296e-10, 5.74233438577e-10, 2.74139960732e-10, 3.93102217444e-10, 4.19008910901e-10, 2.45768017049e-10, 1.77751577346e-10, 3.57122359462e-10, 4.80748552079e-10, 4.8739123848e-10, 6.07328742852e-10, 3.92671839489e-10, 2.50966303295e-10, 2.61108301647e-10, 3.36878969165e-10, 1.72583239366e-10, 9.96166413247e-11, 1.74966804933e-10, 1.28242305664e-10, 1.49257536886e-10, 2.15770984413e-10, 1.35009212143e-10, 1.5825953395e-11, 1.07865458102e-13, 4.0892477257e-14, 7.07211524585e-14, 7.69922726919e-14, 7.41343496465e-14, 8.97245873519e-14, 7.84158165918e-14, 7.39081173107e-14, 5.97818981276e-14, 5.58183192593e-14, 8.23194187512e-14, 8.39997491594e-14, 6.74373005897e-14, 6.98632097269e-14, 6.94913487105e-14, 6.88336852252e-14, 5.72389425896e-14, 7.40242421396e-14, 6.22180394228e-14, 5.2925769507e-14, 2.1320708667e-14, 2.98288475727e-15, 1.01392987073e-16],
        "stdev": [5.75050489715e-06, 5.55053520657e-05, 0.000149574960233, 0.000178164918907, 0.000252657831879, 0.000133176334202, 0.000128256113385, 0.000256802100921, 0.00031854151166, 0.000406009465223, 0.00064594775904, 0.0013182106195, 0.00192469649483, 0.00290089240298, 0.00418948801234, 0.00246219919063, 0.000733787368517, 0.000186896242667, 0.000208320372622, 0.000301670865156, 0.000547444215044, 0.000280353764538, 0.000710661930498, 0.000301965716062, 0.00157291721553, 0.00396259920672, 0.000973495189101, 0.000725795922335, 0.000255998806097, 0.000259131775238, 0.00041215334204, 0.000472459447337, 0.000226502132136, 0.000304779561702, 0.000107078274596, 7.89138794062e-05, 0.000215106992982, 5.47480303794e-05, 0.000182192030479, 0.000266477552941, 0.000253300124314, 7.62533018133e-05, 3.77186370315e-05, 9.02851243154e-05, 4.78588917758e-05, 0.00010066357936, 0.000284726062091, 4.36997725046e-05, 2.58354793914e-05, 4.57789901702e-05, 5.61668166483e-05, 0.00010122601816, 1.71316332853e-05, 8.46391776577e-06, 2.35856405197e-05, 9.79330616246e-06, 1.82847415999e-05, 3.85237981391e-05, 3.60802914656e-05, 2.71602712019e-05, 1.63171789609e-05, 9.66050538409e-06, 1.43460456457e-05, 1.53141027113e-05, 1.93282794498e-05, 1.66489462572e-05, 2.54896676779e-05, 1.94499043573e-05, 6.53328152111e-06, 1.87604473467e-05, 2.5384088076e-05, 1.08414214992e-05, 7.90234116721e-06, 3.64775814887e-06, 6.64827257424e-06, 3.94302378481e-06, 1.76876199021e-06, 1.7604849063e-06, 1.68614042195e-06, 2.89830654765e-06, 1.13190674256e-06, 1.61763216511e-06, 9.23184984458e-07, 6.70760812227e-07, 7.37347647828e-07, 7.42379370422e-07, 3.45686487435e-07, 2.22498670155e-07, 5.96381653395e-07, 6.40519374429e-07, 2.21412022938e-07, 1.90213654605e-07, 2.39877266495e-07, 1.6649066481e-07, 1.11959380433e-07, 1.67416231989e-07, 5.74820369081e-08, 4.22088355378e-08, 1.99307805815e-08, 1.13798526158e-08, 1.92958644618e-08, 5.00829955286e-09, 6.81270240221e-09, 3.71597819182e-09, 4.86832685276e-10, 4.82316964145e-11, 4.52331019862e-11, 4.25215349042e-11, 4.08947216368e-11, 3.87861062712e-11, 3.69771262221e-11, 3.57196737466e-11, 3.44457101731e-11, 3.31991864555e-11, 3.18562988488e-11, 3.06319310195e-11, 3.00066360648e-11, 2.89548177101e-11, 2.81621653081e-11, 2.74512808318e-11, 2.68364618722e-11, 2.60951191211e-11, 2.57367478024e-11, 2.51478976532e-11, 2.490335195e-11, 2.4517630981e-11, 2.43024975144e-11, 2.41805013512e-11]
    },
    "mfcc": {
        "mean": [-716.141235352, 176.797149658, -30.6686649323, 8.53797245026, -19.7172203064, -18.0228996277, -11.3426332474, -2.50379705429, -14.8748178482, 0.961617529392, -4.73616600037, -5.72107553482, -3.65580916405],
        "cov": [[7436.01708984, -2211.26196289, -2070.02319336, 584.05078125, -723.46673584, 741.352844238, 173.410018921, 80.9750518799, -96.1264038086, 139.421508789, -221.765151978, 166.550338745, -155.452590942], [-2211.26196289, 1404.19921875, 462.067687988, -265.828948975, 286.804260254, -411.038391113, 33.0768013, -21.075712204, 8.4528169632, 9.83123111725, 174.618041992, -150.353775024, 5.70062398911], [-2070.02319336, 462.067687988, 923.975463867, -90.4238204956, 195.536300659, -101.957496643, -41.4008789062, 5.77284860611, 31.4846515656, -26.5334339142, 49.3264732361, 4.04527711868, 50.2849845886], [584.05078125, -265.828948975, -90.4238204956, 307.645324707, 39.9078407288, 51.8454055786, -0.0368906073272, 33.8034324646, -12.1568384171, -5.99794435501, -23.7623157501, 29.7830505371, -20.6502990723], [-723.46673584, 286.804260254, 195.536300659, 39.9078407288, 285.40411377, -85.565536499, -77.7208938599, 7.37948465347, 22.3166503906, -9.01233863831, 24.7252368927, -32.3551864624, 0.791928470135], [741.352844238, -411.038391113, -101.957496643, 51.8454055786, -85.565536499, 295.660827637, 56.8413352966, 12.9521112442, 35.2924499512, 38.7524795532, -29.7864265442, 53.4225349426, 12.026515007], [173.410018921, 33.0768013, -41.4008789062, -0.0368906073272, -77.7208938599, 56.8413352966, 168.059051514, 22.2882518768, -5.8578119278, 43.1374931335, 30.7449054718, -1.73950648308, 6.84038496017], [80.9750518799, -21.075712204, 5.77284860611, 33.8034324646, 7.37948465347, 12.9521112442, 22.2882518768, 89.7954711914, 32.7269134521, 5.65279388428, 11.0016870499, 9.76965999603, 2.42094254494], [-96.1264038086, 8.4528169632, 31.4846515656, -12.1568384171, 22.3166503906, 35.2924499512, -5.8578119278, 32.7269134521, 89.6098022461, 24.3057537079, 1.30616986752, 10.2396736145, 18.5459976196], [139.421508789, 9.83123111725, -26.5334339142, -5.99794435501, -9.01233863831, 38.7524795532, 43.1374931335, 5.65279388428, 24.3057537079, 100.878684998, 35.3224716187, -18.3420906067, 3.13861107826], [-221.765151978, 174.618041992, 49.3264732361, -23.7623157501, 24.7252368927, -29.7864265442, 30.7449054718, 11.0016870499, 1.30616986752, 35.3224716187, 94.6483917236, 5.38814258575, -8.58274173737], [166.550338745, -150.353775024, 4.04527711868, 29.7830505371, -32.3551864624, 53.4225349426, -1.73950648308, 9.76965999603, 10.2396736145, -18.3420906067, 5.38814258575, 122.724060059, 44.7763595581], [-155.452590942, 5.70062398911, 50.2849845886, -20.6502990723, 0.791928470135, 12.026515007, 6.84038496017, 2.42094254494, 18.5459976196, 3.13861107826, -8.58274173737, 44.7763595581, 104.484260559]],
        "icov": [[0.00108092441224, -2.46885902015e-05, 0.0017622661544, -0.000981942168437, 0.00104193086736, -0.00134863506537, 0.000629266141914, -0.00131459406111, 0.0015853617806, -0.00183558138087, 0.00150002457667, -0.00122487626504, 0.00112583069131], [-2.46885902015e-05, 0.00384511030279, -0.00053652189672, 0.0020176123362, -0.00271136150695, 0.00370161840692, -0.00323249096982, 0.00160081486683, -0.00205306662247, 0.00191291281953, -0.0045753987506, 0.0028337247204, -0.00110379850958], [0.0017622661544, -0.00053652189672, 0.00436253100634, -0.00139327789657, 0.00105784891639, -0.00256563629955, 0.0012546677608, -0.00234359875321, 0.00257132109255, -0.00263591529801, 0.00249688117765, -0.00249547092244, 0.0014330270933], [-0.000981942168437, 0.0020176123362, -0.00139327789657, 0.00641529541463, -0.00413004588336, 0.0025863640476, -0.00265634944662, -0.000122523604659, -0.000488736608531, 0.00169580406509, -0.00156502833124, 0.000410502922023, 9.12127416086e-06], [0.00104193086736, -0.00271136150695, 0.00105784891639, -0.00413004588336, 0.00890260469168, -0.00323719205335, 0.00550245959312, -0.00221420568414, 0.00123285292648, -0.00243151863106, 0.00195725355297, -0.000533575133886, 0.000612603209447], [-0.00134863506537, 0.00370161840692, -0.00256563629955, 0.0025863640476, -0.00323719205335, 0.0104972515255, -0.00547625636682, 0.00370819750242, -0.00587746268138, 0.0016189601738, -0.00321583286859, 0.0013448552927, -0.00121955014765], [0.000629266141914, -0.00323249096982, 0.0012546677608, -0.00265634944662, 0.00550245959312, -0.00547625636682, 0.0124004492536, -0.00467409845442, 0.00487264385447, -0.00451944535598, 0.00109821499791, -0.000803457165603, -0.000425750011345], [-0.00131459406111, 0.00160081486683, -0.00234359875321, -0.000122523604659, -0.00221420568414, 0.00370819750242, -0.00467409845442, 0.0173417869955, -0.00964340288192, 0.00528269307688, -0.00571418646723, 0.00258940807544, -0.00147142261267], [0.0015853617806, -0.00205306662247, 0.00257132109255, -0.000488736608531, 0.00123285292648, -0.00587746268138, 0.00487264385447, -0.00964340288192, 0.0205291323364, -0.0086480518803, 0.00667930021882, -0.00450433883816, 0.000803083879873], [-0.00183558138087, 0.00191291281953, -0.00263591529801, 0.00169580406509, -0.00243151863106, 0.0016189601738, -0.00451944535598, 0.00528269307688, -0.0086480518803, 0.0207687728107, -0.0126437759027, 0.00895425956696, -0.00519082788378], [0.00150002457667, -0.0045753987506, 0.00249688117765, -0.00156502833124, 0.00195725355297, -0.00321583286859, 0.00109821499791, -0.00571418646723, 0.00667930021882, -0.0126437759027, 0.0255598109215, -0.0112658683211, 0.00750797847286], [-0.00122487626504, 0.0028337247204, -0.00249547092244, 0.000410502922023, -0.000533575133886, 0.0013448552927, -0.000803457165603, 0.00258940807544, -0.00450433883816, 0.00895425956696, -0.0112658683211, 0.0177627317607, -0.00886004883796], [0.00112583069131, -0.00110379850958, 0.0014330270933, 9.12127416086e-06, 0.000612603209447, -0.00121955014765, -0.000425750011345, -0.00147142261267, 0.000803083879873, -0.00519082788378, 0.00750797847286, -0.00886004883796, 0.0152429500595]]
    },
    "spectral_contrast_coeffs": {
        "max": [-0.33101734519, -0.454804807901, -0.47588160634, -0.608561992645, -0.616893112659, -0.646658957005],
        "mean": [-0.658262610435, -0.697382092476, -0.689852297306, -0.747576296329, -0.754533410072, -0.775928556919],
        "min": [-0.876447498798, -0.925447463989, -0.880171775818, -0.920316457748, -0.893733978271, -0.960783064365],
        "stdev": [0.0937205255032, 0.0874673426151, 0.0757581666112, 0.0564766079187, 0.0512344092131, 0.0705695077777]
    },
    "spectral_contrast_valleys": {
        "max": [-5.9114947319, -5.12462329865, -5.94453573227, -6.45829343796, -6.81409692764, -10.4755678177],
        "mean": [-7.71421861649, -6.5682387352, -7.6595492363, -8.36460113525, -8.67728900909, -11.9052724838],
        "min": [-9.75060081482, -8.94665050507, -10.0647678375, -10.4407253265, -10.7135705948, -12.7299976349],
        "stdev": [0.627572178841, 0.604297459126, 0.857568085194, 0.923264205456, 1.06016159058, 0.531009972095]
    }
},
"rhythm": {
    "beats_count": 69,
    "beats_loudness": {
        "max": 0.0837375074625,
        "mean": 0.0238881930709,
        "min": 0.000215798791032,
        "stdev": 0.017304353416
    },
    "bpm": 143.822036743,
    "bpm_histogram_first_peak_bpm": 144,
    "bpm_histogram_first_peak_weight": 0.294117629528,
    "bpm_histogram_second_peak_bpm": 123,
    "bpm_histogram_second_peak_spread": 0.590909123421,
    "bpm_histogram_second_peak_weight": 0.132352948189,
    "danceability": 0.916707932949,
    "onset_rate": 1.38427722454,
    "beats_loudness_band_ratio": {
        "max": [0.441550701857, 0.973116576672, 0.866606593132, 0.560251533985, 0.282529473305, 0.120219998062],
        "mean": [0.0494932159781, 0.359623849392, 0.38242816925, 0.167846411467, 0.070706538856, 0.0194509513676],
        "min": [0.00103610905353, 0.032700099051, 0.0187955461442, 0.00122521549929, 0.000363242666936, 9.11133975023e-05],
        "stdev": [0.0725254714489, 0.241931930184, 0.198407784104, 0.15058657527, 0.0713637024164, 0.025585886091]
    },
    "beats_position": [0.452789098024, 0.917188167572, 1.38158726692, 1.83437633514, 2.28716540337, 2.73995471001, 3.19274377823, 3.64553284645, 4.08671188354, 4.52789115906, 4.96907043457, 5.41024923325, 5.86303853989, 6.31582736969, 6.7570066452, 7.19818592072, 7.63936471939, 8.08054447174, 8.498503685, 8.98612213135, 9.47374153137, 9.96135997772, 10.4489793777, 10.9482088089, 11.4474372864, 11.9350566864, 12.4226751328, 12.8870744705, 13.3746938705, 13.873922348, 14.3499317169, 14.8375511169, 15.3135595322, 15.7895689011, 16.2887973785, 16.7880268097, 17.298866272, 17.8793640137, 18.4482536316, 19.0287532806, 19.5279808044, 20.0272102356, 20.5264396667, 20.9908390045, 21.4668483734, 21.9312477112, 22.4072551727, 22.918094635, 23.405714035, 23.8701133728, 24.3345127106, 24.7989120483, 25.2516994476, 25.6696586609, 26.0876178741, 26.5171871185, 26.9351463318, 27.353105545, 27.7710647583, 28.1890239716, 28.6069831848, 29.0249423981, 29.4429016113, 29.8608608246, 30.290430069, 30.6967792511, 31.1031284332, 31.5210876465, 31.9274368286],
