{
"metadata": {
    "version": {
        "essentia": "2.1-beta5",
        "essentia_git_sha": "Undefined",
        "extractor": "music 2.0"
    },
    "audio_properties": {
        "analysis": {
            "equal_loudness": 0,
            "length": 30.1743087769,
            "sample_rate": 44100,
            "start_time": 110.248344421,
            "downmix": "mix"
        },
        "bit_rate": 192000,
        "length": 140.445892334,
        "lossless": 0,
        "number_channels": 2,
        "replay_gain": -7.1840133667,
        "sample_rate": 48000,
        "codec": "mp3",
        "md5_encoded": "389c7f349cf50f66ac8f011425570403"
    },
    "tags": {
        "file_name": "France_Le Chant De Mallory_Rachel.mp3",
        "encoding": ["Lavf58.29.100"]
    }
},
"lowlevel": {
    "average_loudness": 0.613867819309,
    "barkbands_crest": {
        "max": 26.6911029816,
        "mean": 12.3743038177,
        "min": 2.48032689095,
        "stdev": 5.21534156799
    },
    "barkbands_flatness_db": {
        "max": 0.443288743496,
        "mean": 0.226571723819,
        "min": 0.0982383862138,
        "stdev": 0.0476910583675
    },
    "barkbands_kurtosis": {
        "max": 1419.5168457,
        "mean": 7.81797218323,
        "min": -1.63310027122,
        "stdev": 45.3474998474
    },
    "barkbands_skewness": {
        "max": 34.1961212158,
        "mean": 1.37255644798,
        "min": -1.26379191875,
        "stdev": 1.89778447151
    },
    "barkbands_spread": {
        "max": 47.6094970703,
        "mean": 9.89196300507,
        "min": 0.229990661144,
        "stdev": 5.55345344543
    },
    "dissonance": {
        "max": 0.499999314547,
        "mean": 0.434775739908,
        "min": 0.221024855971,
        "stdev": 0.0499859452248
    },
    "dynamic_complexity": 4.42348670959,
    "erbbands_crest": {
        "max": 30.8652801514,
        "mean": 13.8755989075,
        "min": 2.18757557869,
        "stdev": 6.31358146667
    },
    "erbbands_flatness_db": {
        "max": 0.392613202333,
        "mean": 0.260375142097,
        "min": 0.0457631610334,
        "stdev": 0.0438887029886
    },
    "erbbands_kurtosis": {
        "max": 81.1453170776,
        "mean": 2.41518187523,
        "min": -1.64824438095,
        "stdev": 5.95571565628
    },
    "erbbands_skewness": {
        "max": 7.66285514832,
        "mean": 0.749620497227,
        "min": -2.5755417347,
        "stdev": 0.958482265472
    },
    "erbbands_spread": {
        "max": 106.908447266,
        "mean": 19.6106414795,
        "min": 1.89708065987,
        "stdev": 11.5552787781
    },
    "hfc": {
        "max": 110.941612244,
        "mean": 13.87703228,
        "min": 2.000097993e-06,
        "stdev": 18.6043262482
    },
    "loudness_ebu128": {
        "integrated": -18.826128006,
        "loudness_range": 7.79344940186,
        "momentary": {
            "max": -11.8256578445,
            "mean": -20.8567771912,
            "min": -30.3914318085,
            "stdev": 4.3015255928
        },
        "short_term": {
            "max": -14.0724639893,
            "mean": -20.2313346863,
            "min": -25.8370571136,
            "stdev": 2.86941814423
        }
    },
    "melbands_crest": {
        "max": 39.2067337036,
        "mean": 13.9215669632,
        "min": 2.894977808,
        "stdev": 5.67427349091
    },
    "melbands_flatness_db": {
        "max": 0.481406897306,
        "mean": 0.241947114468,
        "min": 0.0879379808903,
        "stdev": 0.0659380704165
    },
    "melbands_kurtosis": {
        "max": 639.382263184,
        "mean": 9.21036052704,
        "min": -1.73672354221,
        "stdev": 26.2882328033
    },
    "melbands_skewness": {
        "max": 21.6656284332,
        "mean": 1.60311198235,
        "min": -1.41005635262,
        "stdev": 1.60672748089
    },
    "melbands_spread": {
        "max": 91.8832168579,
        "mean": 15.044634819,
        "min": 0.486315518618,
        "stdev": 9.01623344421
    },
    "pitch_salience": {
        "max": 0.87420374155,
        "mean": 0.528467059135,
        "min": 0.0342307388783,
        "stdev": 0.145725265145
    },
    "silence_rate_20dB": {
        "max": 1,
        "mean": 1,
        "min": 1,
        "stdev": 0
    },
    "silence_rate_30dB": {
        "max": 1,
        "mean": 0.996925413609,
        "min": 0,
        "stdev": 0.0553639009595
    },
    "silence_rate_60dB": {
        "max": 1,
        "mean": 0.216756343842,
        "min": 0,
        "stdev": 0.41203340888
    },
    "spectral_centroid": {
        "max": 4138.77294922,
        "mean": 977.697631836,
        "min": 275.255493164,
        "stdev": 494.573455811
    },
    "spectral_complexity": {
        "max": 59,
        "mean": 13.4227514267,
        "min": 0,
        "stdev": 11.329916954
    },
    "spectral_decrease": {
        "max": -4.00327718498e-15,
        "mean": -3.5843674695e-09,
        "min": -2.70581193007e-08,
        "stdev": 3.51807827315e-09
    },
    "spectral_energy": {
        "max": 0.11191765219,
        "mean": 0.0147869214416,
        "min": 1.52907428941e-08,
        "stdev": 0.0147802829742
    },
    "spectral_energyband_high": {
        "max": 0.00191279302817,
        "mean": 0.000119603282656,
        "min": 6.55810961092e-11,
        "stdev": 0.000241789544816
    },
    "spectral_energyband_low": {
        "max": 0.00298559642397,
        "mean": 0.000299722829368,
        "min": 9.56369827776e-09,
        "stdev": 0.000381576130167
    },
    "spectral_energyband_middle_high": {
        "max": 0.0595498718321,
        "mean": 0.0070789703168,
        "min": 2.73200739809e-10,
        "stdev": 0.00999330729246
    },
    "spectral_energyband_middle_low": {
        "max": 0.09422570467,
        "mean": 0.00745699508116,
        "min": 1.57396129463e-09,
        "stdev": 0.00902804080397
    },
    "spectral_entropy": {
        "max": 8.96409702301,
        "mean": 6.95874547958,
        "min": 4.75329685211,
        "stdev": 0.505033016205
    },
    "spectral_flux": {
        "max": 0.219512969255,
        "mean": 0.0529802814126,
        "min": 0.00104813347571,
        "stdev": 0.0333246588707
    },
    "spectral_kurtosis": {
        "max": 28.976348877,
        "mean": 7.85361099243,
        "min": -0.655958652496,
        "stdev": 4.24943113327
    },
    "spectral_rms": {
        "max": 0.0104493042454,
        "mean": 0.00338444719091,
        "min": 3.86235660699e-06,
        "stdev": 0.00172388995998
    },
    "spectral_rolloff": {
        "max": 6524.56054688,
        "mean": 1078.53308105,
        "min": 21.533203125,
        "stdev": 622.295532227
    },
    "spectral_skewness": {
        "max": 4.08156108856,
        "mean": 1.97486519814,
        "min": 0.513677656651,
        "stdev": 0.564947366714
    },
    "spectral_spread": {
        "max": 12339897,
        "mean": 2907990.5,
        "min": 1854541.5,
        "stdev": 767613.5
    },
    "spectral_strongpeak": {
        "max": 7.48997449875,
        "mean": 1.44883799553,
        "min": 0,
        "stdev": 1.38551604748
    },
    "zerocrossingrate": {
        "max": 0.1181640625,
        "mean": 0.0421242974699,
        "min": 0.00048828125,
        "stdev": 0.0188888199627
    },
    "barkbands": {
        "max": [0.000122875600937, 0.00211000721902, 0.00113635836169, 0.00322298542596, 0.00610909983516, 0.0377362035215, 0.0237251967192, 0.021016202867, 0.0918864533305, 0.0193421375006, 0.0362909287214, 0.0168477911502, 0.012067347765, 0.0256208647043, 0.00894409231842, 0.0143450470641, 0.00697071477771, 0.00517985736951, 0.00171568011865, 0.00137944496237, 0.000816025596578, 0.000399165553972, 0.000200290247449, 0.000177978494321, 1.8581526092e-05, 5.11806319992e-07, 4.22434823122e-07],
        "mean": [2.0389418296e-06, 0.000137655864819, 4.98174740642e-05, 0.00027742626844, 0.000852023600601, 0.00310509651899, 0.000661826867145, 0.000383414881071, 0.0020495550707, 0.00103960884735, 0.00251245102845, 0.000613690819591, 0.0005931375199, 0.00072077679215, 0.000515486754011, 0.000457624410046, 0.00028291461058, 0.000235773361055, 0.00013814153499, 7.79611436883e-05, 3.69558511011e-05, 2.07967459573e-05, 1.3844048226e-05, 7.64716332924e-06, 1.26337897655e-06, 1.00285690863e-09, 9.80391545724e-10],
        "min": [4.06823330579e-09, 4.83281192842e-09, 8.21327783562e-10, 4.40053493644e-10, 5.46482581409e-10, 2.50472087515e-10, 1.41847367185e-10, 9.10293992962e-11, 8.67790353465e-11, 5.67736933854e-11, 4.05098107836e-11, 3.91337448558e-11, 3.06735921385e-11, 2.50608787195e-11, 2.24068714971e-11, 1.92796074244e-11, 1.5820445648e-11, 1.36179002103e-11, 1.29620446321e-11, 1.1384568635e-11, 1.00405239678e-11, 9.25724601142e-12, 8.32500041126e-12, 8.79440010398e-12, 7.36653706784e-12, 6.90782587381e-12, 9.48782111904e-12],
        "stdev": [6.65530842525e-06, 0.000281208078377, 7.93148865341e-05, 0.000428130471846, 0.000843665678985, 0.0051618530415, 0.00178023625631, 0.00119937281124, 0.00750316632912, 0.00185838364996, 0.0044500650838, 0.00166555820033, 0.0014181160368, 0.00217367103323, 0.00133239082061, 0.00118715025019, 0.00075841700891, 0.000455792207504, 0.000263792986516, 0.000154643232236, 8.68501883815e-05, 5.04208073835e-05, 2.92768545478e-05, 1.66464778886e-05, 2.31728131439e-06, 1.51420280758e-08, 1.30622535011e-08]
    },
    "erbbands": {
        "max": [0.0687653273344, 0.442343533039, 1.33803856373, 5.06932640076, 10.1884155273, 32.4508552551, 183.97618103, 372.640991211, 395.080749512, 588.728515625, 655.45880127, 2408.92114258, 523.631164551, 827.980285645, 1496.31396484, 649.257019043, 490.808227539, 489.321960449, 1045.01599121, 711.190856934, 443.676513672, 412.605865479, 287.608581543, 124.323623657, 77.0066833496, 69.4218444824, 37.3618965149, 29.3352527618, 14.7459011078, 10.0265130997, 4.90539455414, 4.95022392273, 1.80434119701, 0.375266641378, 0.064669765532, 0.00232176925056, 0.000903536973055, 0.000311194395181, 9.15354758035e-05, 0.000133696274133],
        "mean": [0.00320346024819, 0.0331299714744, 0.0663093179464, 0.491995662451, 1.16553735733, 3.89654302597, 12.0043802261, 29.4205207825, 12.7345132828, 7.27276849747, 15.4686422348, 50.126625061, 27.4341468811, 46.6980819702, 105.791053772, 29.9144172668, 27.5385189056, 26.906873703, 36.9322319031, 29.2633037567, 20.940202713, 16.1373538971, 12.3634109497, 9.72726631165, 5.73614931107, 3.83825087547, 2.02505517006, 1.2248467207, 0.768231153488, 0.542367935181, 0.374849915504, 0.228093579412, 0.0872933939099, 0.0251270849258, 0.00379623961635, 0.00011811011791, 1.4850673324e-05, 3.977151664e-06, 8.52808443597e-06, 1.7785197997e-05],
        "min": [2.57975102613e-07, 6.94616687724e-07, 9.46965997173e-07, 1.34843185151e-06, 1.61206867233e-06, 1.81115456144e-06, 1.98718453248e-06, 1.99309693016e-06, 2.04127627512e-06, 2.05210881177e-06, 2.03289550882e-06, 1.96020710064e-06, 1.83190832104e-06, 1.76602259216e-06, 1.67375776527e-06, 1.56651447014e-06, 1.43329066304e-06, 1.33138587444e-06, 1.23181064282e-06, 1.11364283839e-06, 1.03056663647e-06, 9.09581729047e-07, 7.83822883932e-07, 6.62885497604e-07, 6.18425758603e-07, 5.45568013877e-07, 4.3999628474e-07, 3.87668961821e-07, 3.47945956491e-07, 2.81880062403e-07, 2.16629572947e-07, 1.59009076128e-07, 1.6716369089e-07, 9.62422816997e-08, 4.41489369507e-08, 2.54905767605e-08, 1.37194682281e-08, 5.19128917631e-09, 1.43832801225e-09, 1.40948239191e-10],
        "stdev": [0.00865289848298, 0.0631797760725, 0.0946765094995, 0.715810239315, 1.25813901424, 4.48387384415, 18.1542186737, 50.4885520935, 29.0602397919, 21.4898319244, 43.9647865295, 209.022186279, 45.1944465637, 78.7233963013, 188.175491333, 67.7138748169, 63.0571784973, 64.7236480713, 98.7331161499, 72.161529541, 56.2838935852, 41.6347846985, 26.9663715363, 16.2317409515, 11.2954339981, 7.19062519073, 4.43460464478, 2.96262836456, 1.92558252811, 1.24751675129, 0.752807974815, 0.491525411606, 0.190300166607, 0.0483819507062, 0.00629445258528, 0.000196921158931, 3.24080938299e-05, 1.06393990791e-05, 9.2933732958e-06, 1.82429157576e-05]
    },
    "gfcc": {
        "mean": [-102.483314514, 142.427993774, -167.050247192, 19.558631897, -78.9227218628, 0.0526092685759, -40.8617591858, -10.1206121445, -19.1075572968, -27.2559337616, 7.84509658813, -14.6056938171, 13.4158744812],
        "cov": [[4697.64160156, -857.24597168, -2174.88500977, -401.495300293, -98.1036834717, -146.621032715, 238.253479004, -148.208511353, 27.9332809448, -193.174407959, -29.1094703674, -45.8578109741, -132.805984497], [-857.24597168, 564.58203125, 583.475891113, 20.5416069031, 70.3768844604, -52.7507820129, 29.4046783447, 46.0296821594, -43.38854599, -16.6479225159, 26.4621753693, 7.46533107758, 78.1970596313], [-2174.88500977, 583.475891113, 1307.37927246, 248.217834473, 38.7325553894, 85.2106704712, -112.686439514, 67.5254058838, -1.23420977592, 76.9453353882, 29.6028156281, 53.6757888794, 102.299919128], [-401.495300293, 20.5416069031, 248.217834473, 343.335540771, 91.4776382446, 84.2883682251, -31.2846069336, 44.2456092834, 30.1789722443, 67.1885070801, -18.7127876282, 26.5028915405, 8.91288852692], [-98.1036834717, 70.3768844604, 38.7325553894, 91.4776382446, 145.692550659, 46.5687103271, 20.909866333, 38.4443702698, 23.3405284882, 37.8690414429, -7.72688007355, 0.0905468314886, 10.3257789612], [-146.621032715, -52.7507820129, 85.2106704712, 84.2883682251, 46.5687103271, 216.827835083, 27.3910160065, 26.507440567, 34.9171218872, 50.7769165039, -33.160533905, -29.9141941071, -23.2444553375], [238.253479004, 29.4046783447, -112.686439514, -31.2846069336, 20.909866333, 27.3910160065, 147.231796265, 37.5646629333, -24.9849376678, -33.9795417786, -10.4811382294, -1.85515081882, -1.06743478775], [-148.208511353, 46.0296821594, 67.5254058838, 44.2456092834, 38.4443702698, 26.507440567, 37.5646629333, 90.1204605103, 39.8817024231, 13.8044137955, -9.61747169495, -15.3038473129, 2.46942687035], [27.9332809448, -43.38854599, -1.23420977592, 30.1789722443, 23.3405284882, 34.9171218872, -24.9849376678, 39.8817024231, 120.26789856, 72.1846542358, -13.1556186676, -40.0763778687, -19.2758674622], [-193.174407959, -16.6479225159, 76.9453353882, 67.1885070801, 37.8690414429, 50.7769165039, -33.9795417786, 13.8044137955, 72.1846542358, 120.733314514, 10.6134128571, -31.7514533997, -12.8622655869], [-29.1094703674, 26.4621753693, 29.6028156281, -18.7127876282, -7.72688007355, -33.160533905, -10.4811382294, -9.61747169495, -13.1556186676, 10.6134128571, 97.1444473267, 45.9303321838, 8.68152141571], [-45.8578109741, 7.46533107758, 53.6757888794, 26.5028915405, 0.0905468314886, -29.9141941071, -1.85515081882, -15.3038473129, -40.0763778687, -31.7514533997, 45.9303321838, 166.377349854, 95.2446899414], [-132.805984497, 78.1970596313, 102.299919128, 8.91288852692, 10.3257789612, -23.2444553375, -1.06743478775, 2.46942687035, -19.2758674622, -12.8622655869, 8.68152141571, 95.2446899414, 119.824363708]],
        "icov": [[0.00138129282277, -0.000926979468204, 0.00264110649005, -0.000879643252119, 0.000851233140565, -0.000541675894056, -0.00083477771841, 0.00213775830343, -0.00264522968791, 0.00199032318778, -0.000861164007802, 5.15380961588e-05, -0.00047391091357], [-0.000926979468204, 0.00914330687374, -0.00654031569138, 0.00231989379972, -0.00620853761211, 0.00448958296329, -0.00437668291852, 0.000546385359485, 0.00169634574559, 0.00154849688988, -0.00181215687189, 0.00531183416024, -0.00387919833884], [0.00264110649005, -0.00654031569138, 0.00894686114043, -0.00327171687968, 0.00524326972663, -0.00391137273982, 0.00247612502426, 0.00139915698674, -0.00377779477276, 0.00174424913712, -0.00096026546089, -0.00219019455835, -2.69505926553e-05], [-0.000879643252119, 0.00231989379972, -0.00327171687968, 0.0061140069738, -0.00381918321364, 0.000540666398592, 0.000952534319367, -0.00315843429416, 0.00314867543057, -0.00328013952821, 0.0026028456632, -0.00223232503049, 0.00209736847319], [0.000851233140565, -0.00620853761211, 0.00524326972663, -0.00381918321364, 0.0140270935372, -0.0037429316435, 0.00164542358834, -0.00267526251264, -0.000722328433767, -0.00310663413256, 0.000922976061702, -0.00292890192941, 0.000749258906581], [-0.000541675894056, 0.00448958296329, -0.00391137273982, 0.000540666398592, -0.0037429316435, 0.00880718789995, -0.00446311989799, 0.000906540662982, 0.000399899465265, -0.0018989056116, 0.00172610732261, 0.00157096702605, 0.000228176795645], [-0.00083477771841, -0.00437668291852, 0.00247612502426, 0.000952534319367, 0.00164542358834, -0.00446311989799, 0.0150771196932, -0.0101494789124, 0.0066003985703, -0.00201793690212, 0.00205269129947, -0.00328126433305, 0.00238668383099], [0.00213775830343, 0.000546385359485, 0.00139915698674, -0.00315843429416, -0.00267526251264, 0.000906540662982, -0.0101494789124, 0.0255346167833, -0.014720601961, 0.00891105178744, -0.0036963140592, 0.00433749752119, -0.00374852912501], [-0.00264522968791, 0.00169634574559, -0.00377779477276, 0.00314867543057, -0.000722328433767, 0.000399899465265, 0.0066003985703, -0.014720601961, 0.0244896095246, -0.0148029569536, 0.00494808889925, -0.00076357339276, 0.00205327151343], [0.00199032318778, 0.00154849688988, 0.00174424913712, -0.00328013952821, -0.00310663413256, -0.0018989056116, -0.00201793690212, 0.00891105178744, -0.0148029569536, 0.0235608145595, -0.0087904073298, 0.00735093280673, -0.00541041465476], [-0.000861164007802, -0.00181215687189, -0.00096026546089, 0.0026028456632, 0.000922976061702, 0.00172610732261, 0.00205269129947, -0.0036963140592, 0.00494808889925, -0.0087904073298, 0.017523419112, -0.0100361462682, 0.00776435201988], [5.15380961588e-05, 0.00531183416024, -0.00219019455835, -0.00223232503049, -0.00292890192941, 0.00157096702605, -0.00328126433305, 0.00433749752119, -0.00076357339276, 0.00735093280673, -0.0100361462682, 0.0205920245498, -0.015909511596], [-0.00047391091357, -0.00387919833884, -2.69505926553e-05, 0.00209736847319, 0.000749258906581, 0.000228176795645, 0.00238668383099, -0.00374852912501, 0.00205327151343, -0.00541041465476, 0.00776435201988, -0.015909511596, 0.0221300330013]]
    },
    "melbands": {
        "max": [0.000626426073723, 0.00066157215042, 0.00111367402133, 0.00122973159887, 0.00529450085014, 0.00724941724911, 0.0056140194647, 0.00539790512994, 0.00860056374222, 0.0133824860677, 0.00263612857088, 0.00332984258421, 0.00586909940466, 0.00258197612129, 0.00179607071914, 0.000891231873538, 0.000990557484329, 0.00242072041146, 0.000798625173047, 0.00125950144138, 0.000454284250736, 0.000436901958892, 0.000407610059483, 0.000218287808821, 8.94799086382e-05, 0.00010295832908, 4.81563656649e-05, 4.80285270896e-05, 2.41230482061e-05, 2.1980225938e-05, 1.5747940779e-05, 1.01075465864e-05, 7.10214180799e-06, 6.69074097459e-06, 3.28711644215e-06, 3.49938022737e-06, 3.42647263096e-06, 1.3747040839e-06, 6.24902099844e-07, 2.23453454851e-07],
        "mean": [3.45063563145e-05, 4.17647825088e-05, 0.000105240993435, 0.000164256067364, 0.000396683899453, 0.000635378062725, 0.000171058738488, 7.44472345104e-05, 0.000177483438165, 0.00029743523919, 0.000132369881612, 0.000165018078405, 0.000396159593947, 9.57223965088e-05, 6.94455229677e-05, 5.05468015035e-05, 5.17897860846e-05, 6.67506537866e-05, 3.89401757275e-05, 3.64136649296e-05, 2.19879693759e-05, 1.70047787833e-05, 1.27067305584e-05, 1.10825958473e-05, 7.5471684795e-06, 5.12799397256e-06, 3.02945841213e-06, 2.41942325374e-06, 1.3791324136e-06, 8.37783545649e-07, 6.55438441299e-07, 4.49654180557e-07, 3.51086811179e-07, 2.81174749261e-07, 2.27156377264e-07, 1.69909640135e-07, 1.2638041369e-07, 6.80813982967e-08, 3.25288027625e-08, 1.69593086241e-08],
        "min": [2.19131868207e-09, 6.45063946703e-10, 2.39187114559e-10, 1.23451041056e-10, 7.16611908702e-11, 4.54051136967e-11, 3.09979854285e-11, 2.19513834193e-11, 1.62808898307e-11, 1.20713153015e-11, 9.04327220747e-12, 7.16596833955e-12, 5.6440858931e-12, 4.50338768013e-12, 3.69638998229e-12, 2.90346501182e-12, 2.39281402852e-12, 1.97496771541e-12, 1.67239746357e-12, 1.34702589794e-12, 1.16917207253e-12, 9.47657208782e-13, 8.18780427573e-13, 6.10146102479e-13, 5.25295410468e-13, 4.86831115785e-13, 3.88010722727e-13, 3.58541457158e-13, 2.78695388165e-13, 2.49561628958e-13, 2.11871197127e-13, 2.00879962079e-13, 1.67486196353e-13, 1.59589911273e-13, 1.30375799132e-13, 1.08742564107e-13, 8.8806966067e-14, 1.1445187788e-13, 1.08359318968e-13, 7.54896226909e-14],
        "stdev": [7.93361032265e-05, 5.73039869778e-05, 0.000144027246279, 0.000168852726347, 0.00054340576753, 0.00105712364893, 0.000401255383622, 0.000228205797612, 0.000618052028585, 0.00114936649334, 0.000232076607062, 0.000313330965582, 0.000724165991414, 0.000210081634577, 0.000176874455065, 0.00012267222337, 0.000130898828502, 0.000201071525225, 0.00010202012345, 9.48354499997e-05, 6.11436262261e-05, 4.60837982246e-05, 3.13783166348e-05, 2.06214554055e-05, 1.27575849547e-05, 1.03736310848e-05, 6.41200040263e-06, 4.53451593785e-06, 3.08405333271e-06, 2.16018929677e-06, 1.5918247982e-06, 1.17934564514e-06, 8.21785477001e-07, 6.74454895488e-07, 4.56872299992e-07, 3.59130268635e-07, 2.83373964294e-07, 1.53318481466e-07, 7.02574993738e-08, 3.04734086853e-08]
    },
    "melbands128": {
        "max": [0.000102575548226, 0.000477229157696, 0.00108442932833, 0.000851547694765, 0.000855794583913, 0.000507419463247, 0.00127174810041, 0.00196024565957, 0.000952688977122, 0.00121167465113, 0.0024189776741, 0.00201995833777, 0.00390397105366, 0.0165547840297, 0.0143405376002, 0.013154395856, 0.00897382199764, 0.00994499865919, 0.00584074668586, 0.0109843499959, 0.00363632943481, 0.00582829071209, 0.0109268352389, 0.0281059090048, 0.031167043373, 0.004816158209, 0.00850224588066, 0.00197022827342, 0.00652862340212, 0.00286742765456, 0.00631001032889, 0.00231925747357, 0.0117956716567, 0.00399275822565, 0.0024445054587, 0.00501641212031, 0.00237366231158, 0.00241121626459, 0.00285541382618, 0.00166357483249, 0.00126546307001, 0.00102947163396, 0.00102618406527, 0.00118921464309, 0.00717684952542, 0.00151664286386, 0.00137597229332, 0.00106875610072, 0.00161634606775, 0.00162181747146, 0.00165462284349, 0.000817551917862, 0.000627382658422, 0.00071460288018, 0.000646588858217, 0.000579044979531, 0.000614656484686, 0.000383689883165, 0.000566334463656, 0.000230169956922, 0.000224929564865, 0.000304640765535, 0.000132084212964, 0.000117031442642, 0.000229805824347, 0.000242269059527, 7.36888396204e-05, 6.50829897495e-05, 7.32237531338e-05, 5.39434004168e-05, 6.47218184895e-05, 3.68002220057e-05, 6.84185215505e-05, 3.22090745613e-05, 2.07412267628e-05, 2.78197221633e-05, 2.16495373024e-05, 1.49370207509e-05, 1.47049158841e-05, 1.62247488333e-05, 1.3859583305e-05, 9.34276704356e-06, 9.07032699615e-06, 1.08090034701e-05, 6.31818102192e-06, 6.54395580568e-06, 9.79281230684e-06, 5.58851252208e-06, 4.03749936595e-06, 4.79239406559e-06, 3.47039076587e-06, 5.30712623004e-06, 5.29958924744e-06, 5.24895858689e-06, 2.64994196186e-06, 1.7773613763e-06, 1.60907234203e-06, 9.73791316028e-07, 9.63032448453e-07, 4.55539407085e-07, 4.1945833118e-07, 2.34963522416e-07, 2.65194387339e-07, 1.64901749145e-07, 5.35891224729e-08, 5.96924643048e-09, 5.68453950578e-09, 4.90107776585e-09, 3.47113848775e-09, 2.9088633724e-09, 3.22947246723e-09, 2.49427922761e-09, 2.8593021284e-09, 2.8141384778e-09, 2.96936675248e-09, 2.88661961001e-09, 2.35943331539e-09, 1.9348871394e-09, 1.97479610442e-09, 9.15952258485e-10, 5.07750197443e-09, 4.44524417276e-09, 2.38186737e-09, 8.48352055272e-10, 8.34375901704e-10, 8.27527935066e-10, 8.20165324544e-10, 8.15507994467e-10],
        "mean": [1.7232709979e-06, 1.93306368601e-05, 5.23910239281e-05, 5.62739369343e-05, 3.2246709452e-05, 2.57992614934e-05, 8.8548847998e-05, 0.000155007772264, 9.41991311265e-05, 0.000126426413772, 0.000245588715188, 0.000220632980927, 0.00022909285326, 0.000888976210263, 0.000886792957317, 0.000350725284079, 0.000232788253925, 0.000151809887029, 6.74543698551e-05, 8.15839230199e-05, 6.86194252921e-05, 8.04106675787e-05, 9.87939347397e-05, 0.00036908974289, 0.000490846752655, 0.000159701317898, 0.000161604955792, 7.44663338992e-05, 0.000181054507266, 0.000181598501513, 0.000146421414684, 0.000148267761688, 0.000702682707924, 0.000283179193502, 7.80796253821e-05, 7.83515642979e-05, 5.66516318941e-05, 7.1784525062e-05, 7.6472038927e-05, 6.05012282904e-05, 4.04837337555e-05, 4.34769899584e-05, 3.86822139262e-05, 4.97675719089e-05, 0.00011098318646, 5.60588741791e-05, 4.17703013227e-05, 3.75882118533e-05, 3.57008393621e-05, 4.60134142486e-05, 3.80698911613e-05, 2.61002005573e-05, 2.26065913012e-05, 2.11440237763e-05, 1.7762373318e-05, 1.69784907484e-05, 1.61970074259e-05, 1.40888905662e-05, 1.18831103464e-05, 8.58285056893e-06, 1.13205842354e-05, 1.39643452712e-05, 6.89971511747e-06, 5.75264402869e-06, 8.08009554021e-06, 4.89508465762e-06, 3.79557150154e-06, 3.32169020112e-06, 2.74981607618e-06, 2.70398231805e-06, 2.96871144201e-06, 1.83323174952e-06, 1.68010399193e-06, 1.3459849697e-06, 1.02187266293e-06, 8.15479495486e-07, 7.59319675581e-07, 7.75090882144e-07, 6.27299698408e-07, 5.81584004067e-07, 4.71183000172e-07, 4.01422568075e-07, 3.60203159744e-07, 3.74573687623e-07, 3.15677084473e-07, 2.80932965779e-07, 2.78920651908e-07, 2.54876255212e-07, 2.34448847891e-07, 2.00973957476e-07, 1.73753178956e-07, 1.65503777794e-07, 1.54244034434e-07, 1.36594167088e-07, 1.0263173067e-07, 8.26723152159e-08, 6.1767984505e-08, 4.49059847085e-08, 3.36241861021e-08, 2.58989025781e-08, 2.05576142775e-08, 1.54745869452e-08, 1.26640937737e-08, 9.02602170783e-09, 1.32066002578e-09, 1.09875797696e-11, 8.92097073296e-12, 8.09658937118e-12, 6.83296258117e-12, 6.23574976377e-12, 6.34436427005e-12, 5.62753099329e-12, 5.78672006146e-12, 5.62792043871e-12, 5.6375503224e-12, 5.47640145038e-12, 4.9801673202e-12, 4.58337187648e-12, 4.53653217422e-12, 2.92244332033e-12, 6.80689489149e-12, 6.26200523726e-12, 4.57064854714e-12, 2.65466446568e-12, 2.56966713533e-12, 2.4646400372e-12, 2.40141522119e-12, 2.38224218997e-12],
        "min": [5.94768290174e-10, 2.692561063e-09, 1.72063407966e-09, 9.93214621658e-10, 4.74955186291e-10, 4.00154159808e-10, 2.44350845113e-10, 2.00381031212e-10, 1.50512394215e-10, 1.02403682756e-10, 9.60667587147e-11, 7.82646933373e-11, 7.05563454884e-11, 3.88524559747e-11, 4.43141148776e-11, 4.1632412795e-11, 2.92189987483e-11, 2.86482643164e-11, 2.62934621992e-11, 2.25613208671e-11, 1.96823390919e-11, 1.86806368985e-11, 1.53922308926e-11, 1.48427607011e-11, 1.26671303655e-11, 1.12232341476e-11, 9.97976354333e-12, 8.79722857061e-12, 8.42906040105e-12, 7.42314282959e-12, 6.96621883442e-12, 5.97854838552e-12, 5.74535211073e-12, 5.26955692623e-12, 4.78526289774e-12, 4.33151257917e-12, 3.95423103983e-12, 3.88732362272e-12, 3.39767146709e-12, 2.98463315694e-12, 2.83470621108e-12, 2.71544028582e-12, 2.49160978308e-12, 2.20364416818e-12, 2.01001802008e-12, 1.95505157202e-12, 1.89065538399e-12, 1.75531832992e-12, 1.56160273514e-12, 1.41763835913e-12, 1.33733605787e-12, 1.23620504024e-12, 1.24879349483e-12, 1.14108874259e-12, 9.8322944838e-13, 9.58095690458e-13, 8.73786503222e-13, 8.73636449641e-13, 7.9766868024e-13, 7.12970101794e-13, 6.02606289521e-13, 5.28188441335e-13, 5.37887009239e-13, 5.1643281665e-13, 5.24316809587e-13, 4.99131118381e-13, 4.60226746036e-13, 4.15095475353e-13, 3.64353973424e-13, 3.5720276563e-13, 3.95275365174e-13, 3.28521118729e-13, 3.14436302516e-13, 2.60830121607e-13, 2.51878867156e-13, 2.50254542566e-13, 2.52355943217e-13, 2.4166278245e-13, 1.94797438813e-13, 1.91555552345e-13, 2.14023324887e-13, 1.82927837374e-13, 2.19485318592e-13, 1.50900152833e-13, 1.56989357495e-13, 1.30437734181e-13, 1.8695814211e-13, 1.55536391058e-13, 1.40648723137e-13, 8.83964532431e-14, 1.21697939811e-13, 1.12942119578e-13, 9.03943329152e-14, 9.74712322031e-14, 7.72350458871e-14, 8.58696523175e-14, 1.37892681214e-13, 1.32705695391e-13, 1.20630434352e-13, 8.77262401177e-14, 6.97324617212e-14, 7.01012666427e-14, 9.11124135665e-14, 5.8357541076e-14, 4.25056582813e-14, 3.54757320525e-14, 4.04232819906e-14, 4.58150736045e-14, 4.38026893403e-14, 4.51168541817e-14, 4.04076762556e-14, 5.01069387262e-14, 4.88245816661e-14, 3.79245890063e-14, 3.54387167127e-14, 3.76337687142e-14, 3.72544470316e-14, 4.90226044166e-14, 4.8359740149e-14, 4.63216602933e-14, 4.28336023334e-14, 4.66710546078e-14, 3.91930547261e-14, 2.791107223e-14, 3.37770684632e-14, 2.73326825583e-14, 4.73683439884e-15, 1.3169422095e-16],
        "stdev": [5.92834794588e-06, 6.01774409006e-05, 0.000134412519401, 0.000102240177512, 5.93096883676e-05, 4.22582452302e-05, 0.00014030339662, 0.000251049816143, 0.000123745048768, 0.000160159048392, 0.00033061823342, 0.00027490107459, 0.000372322916519, 0.00178457854781, 0.00165874650702, 0.00102461490314, 0.000602699583396, 0.000534447142854, 0.000272510165814, 0.000357512559276, 0.000262529705651, 0.000340017519193, 0.000386680825613, 0.00177884101868, 0.00255142548122, 0.000419363495894, 0.000522934016772, 0.000186176184798, 0.000399265583837, 0.00035011881846, 0.00050440285122, 0.000260015542153, 0.00142489606515, 0.00052997446619, 0.000231766622164, 0.000289706455078, 0.000201974558877, 0.000208727375139, 0.000216508371523, 0.000163356133271, 0.000132648536237, 0.000121496581414, 0.000109697197331, 0.00014643430768, 0.000522550661117, 0.000151548709255, 0.000125212740386, 0.000115895600175, 0.000119182033814, 0.00011383088713, 0.00011397794151, 8.7315303972e-05, 6.49880676065e-05, 6.54800314805e-05, 5.68254035898e-05, 4.98939552926e-05, 4.38478855358e-05, 3.73617076548e-05, 3.34796422976e-05, 2.4834940632e-05, 2.38303564402e-05, 2.36431806115e-05, 1.35593845698e-05, 1.26296490635e-05, 2.02440114663e-05, 1.35965701702e-05, 9.09679511096e-06, 7.81441303843e-06, 6.8687518251e-06, 5.88885677644e-06, 5.33826550964e-06, 4.21505728809e-06, 4.73405771118e-06, 3.18628917739e-06, 2.53804068961e-06, 2.43159161073e-06, 2.1995113002e-06, 1.83544534593e-06, 1.63764968875e-06, 1.53615224008e-06, 1.35676305035e-06, 1.13320641049e-06, 9.50851642756e-07, 8.93153583092e-07, 7.5093146279e-07, 7.34710681627e-07, 7.3048778404e-07, 5.95929350311e-07, 4.69826346716e-07, 4.30785121353e-07, 3.74312378426e-07, 3.96041059503e-07, 3.67945204971e-07, 3.24388082618e-07, 2.54602412042e-07, 1.97283085868e-07, 1.4291904904e-07, 1.0394107619e-07, 7.77304691724e-08, 5.68088154296e-08, 4.14983922781e-08, 2.80822298748e-08, 2.12770778774e-08, 1.53700785432e-08, 2.68344502175e-09, 1.6978393691e-10, 1.61991253744e-10, 1.40731121201e-10, 1.02751869513e-10, 8.78211114941e-11, 9.56184645351e-11, 7.63231075562e-11, 8.52102347015e-11, 8.36925598269e-11, 8.73566566306e-11, 8.49658191027e-11, 7.10434419626e-11, 6.01304075976e-11, 6.07462830038e-11, 2.5682881169e-11, 1.42954190152e-10, 1.25588053845e-10, 7.01686347915e-11, 2.37366046957e-11, 2.33475981604e-11, 2.31559493802e-11, 2.29509744543e-11, 2.2820904888e-11]
    },
    "mfcc": {
        "mean": [-723.081604004, 152.533599854, -23.3652229309, 6.32991170883, -10.361041069, -9.92244243622, -6.19155406952, 1.0615272522, -17.0696601868, -6.39905309677, -15.4242677689, -10.7660970688, -6.61132526398],
        "cov": [[5898.90478516, -1034.91564941, -2256.57617188, -481.441741943, -639.79876709, -70.749420166, -132.671508789, 115.26663208, -62.9467430115, -18.3539028168, -115.718505859, 47.6595916748, -12.8297786713], [-1034.91564941, 687.888916016, 431.409667969, 102.780265808, 62.6988334656, -83.6147766113, 90.5940551758, 4.14197444916, 0.859759807587, -26.1250114441, -34.0275840759, -91.6613845825, -6.12413835526], [-2256.57617188, 431.409667969, 1088.63745117, 211.051483154, 258.226623535, 65.677947998, 35.8515205383, -21.3196334839, 25.8766918182, -7.1374001503, 30.0701141357, -10.7750530243, 19.107542038], [-481.441741943, 102.780265808, 211.051483154, 260.545684814, 111.845504761, -0.807550430298, 19.8291912079, 5.64289903641, 42.1138267517, -36.1211547852, -2.9506790638, 20.8837146759, 46.5897789001], [-639.79876709, 62.6988334656, 258.226623535, 111.845504761, 217.714370728, 70.8461837769, -12.7864933014, -31.1440296173, 41.1783485413, 35.5923271179, 53.1129646301, 29.5811386108, 14.3196954727], [-70.749420166, -83.6147766113, 65.677947998, -0.807550430298, 70.8461837769, 156.740600586, 23.4972286224, -10.8511819839, 62.0706787109, 22.3906993866, 55.5415267944, 41.525100708, 4.04462528229], [-132.671508789, 90.5940551758, 35.8515205383, 19.8291912079, -12.7864933014, 23.4972286224, 134.460601807, 55.2996635437, -0.54605871439, 3.28956437111, -10.3884325027, -9.65185642242, 3.99370408058], [115.26663208, 4.14197444916, -21.3196334839, 5.64289903641, -31.1440296173, -10.8511819839, 55.2996635437, 114.074264526, 28.4067153931, -30.1487598419, -39.4694633484, -10.9898223877, 32.1399841309], [-62.9467430115, 0.859759807587, 25.8766918182, 42.1138267517, 41.1783485413, 62.0706787109, -0.54605871439, 28.4067153931, 169.181518555, -1.23481178284, 9.70977497101, 8.00921535492, 38.5403518677], [-18.3539028168, -26.1250114441, -7.1374001503, -36.1211547852, 35.5923271179, 22.3906993866, 3.28956437111, -30.1487598419, -1.23481178284, 221.9868927, 116.023712158, -11.1881914139, -97.8975448608], [-115.718505859, -34.0275840759, 30.0701141357, -2.9506790638, 53.1129646301, 55.5415267944, -10.3884325027, -39.4694633484, 9.70977497101, 116.023712158, 159.803817749, 43.7053756714, -71.5547180176], [47.6595916748, -91.6613845825, -10.7750530243, 20.8837146759, 29.5811386108, 41.525100708, -9.65185642242, -10.9898223877, 8.00921535492, -11.1881914139, 43.7053756714, 98.3914718628, 32.8725738525], [-12.8297786713, -6.12413835526, 19.107542038, 46.5897789001, 14.3196954727, 4.04462528229, 3.99370408058, 32.1399841309, 38.5403518677, -97.8975448608, -71.5547180176, 32.8725738525, 141.88293457]],
        "icov": [[0.00128502887674, -0.0003283797123, 0.00247785425745, -0.000546162365936, 0.00159762718249, -0.00229033711366, 0.00227449834347, -0.00184607564006, 0.000936259981245, -0.000828255317174, 0.00116211059503, -0.000773007341195, 0.000145246187458], [-0.0003283797123, 0.00347888097167, -0.00182451680303, 0.000547626870684, -0.00118996412493, 0.0040800627321, -0.00404399819672, 0.00240340153687, -0.00158122426365, 0.00145239429548, -0.00165881740395, 0.00271380320191, -0.000274141231785], [0.00247785425745, -0.00182451680303, 0.00662904279307, -0.00170672882814, 0.00176808272954, -0.00577847566456, 0.00516471918672, -0.00415283627808, 0.0025878243614, -0.00156577152666, 0.00237752986141, -0.00141994608566, 0.000339344143867], [-0.000546162365936, 0.000547626870684, -0.00170672882814, 0.00678450521082, -0.00414010602981, 0.00454662041739, -0.00349007197656, 0.00164587097242, -0.0023580386769, 0.0018756724894, -0.00113886513282, -0.000603399414103, -0.000509908946697], [0.00159762718249, -0.00118996412493, 0.00176808272954, -0.00414010602981, 0.0124673545361, -0.00742390472442, 0.00589496549219, -0.00191042944789, 0.00175262056291, -0.00350666465238, 0.000952041824348, -0.00147712358739, -0.00163861364126], [-0.00229033711366, 0.0040800627321, -0.00577847566456, 0.00454662041739, -0.00742390472442, 0.0199830364436, -0.0120239686221, 0.00763875199482, -0.00765207130462, 0.00419061351568, -0.00562115199864, 0.000348740781192, 9.63052516454e-05], [0.00227449834347, -0.00404399819672, 0.00516471918672, -0.00349007197656, 0.00589496549219, -0.0120239686221, 0.0190987102687, -0.0112956240773, 0.00564697850496, -0.00427976250648, 0.00405163923278, -0.00252569885924, 0.000392169575207], [-0.00184607564006, 0.00240340153687, -0.00415283627808, 0.00164587097242, -0.00191042944789, 0.00763875199482, -0.0112956240773, 0.0176540371031, -0.0054039042443, 0.00226584076881, -0.00124425825197, 0.00243180547841, -0.0019100822974], [0.000936259981245, -0.00158122426365, 0.0025878243614, -0.0023580386769, 0.00175262056291, -0.00765207130462, 0.00564697850496, -0.0054039042443, 0.0103498129174, -0.00185604183935, -6.50958754704e-05, 0.00145927770063, -0.00291431648657], [-0.000828255317174, 0.00145239429548, -0.00156577152666, 0.0018756724894, -0.00350666465238, 0.00419061351568, -0.00427976250648, 0.00226584076881, -0.00185604183935, 0.0106601081789, -0.00768191274256, 0.0042704991065, 0.0024203308858], [0.00116211059503, -0.00165881740395, 0.00237752986141, -0.00113886513282, 0.000952041824348, -0.00562115199864, 0.00405163923278, -0.00124425825197, -6.50958754704e-05, -0.00768191274256, 0.020251205191, -0.0117920385674, 0.00798169150949], [-0.000773007341195, 0.00271380320191, -0.00141994608566, -0.000603399414103, -0.00147712358739, 0.000348740781192, -0.00252569885924, 0.00243180547841, 0.00145927770063, 0.0042704991065, -0.0117920385674, 0.0217507164925, -0.00834019575268], [0.000145246187458, -0.000274141231785, 0.000339344143867, -0.000509908946697, -0.00163861364126, 9.63052516454e-05, 0.000392169575207, -0.0019100822974, -0.00291431648657, 0.0024203308858, 0.00798169150949, -0.00834019575268, 0.0161746758968]]
    },
    "spectral_contrast_coeffs": {
        "max": [-0.389127373695, -0.387367606163, -0.491218447685, -0.577416539192, -0.647472321987, -0.673893034458],
        "mean": [-0.640492081642, -0.718939363956, -0.708213746548, -0.774980425835, -0.779349446297, -0.79677093029],
        "min": [-0.934569716454, -0.948682546616, -0.953392982483, -0.968313097954, -0.935276925564, -0.928694009781],
        "stdev": [0.0752526521683, 0.0962976664305, 0.0840458273888, 0.0511236302555, 0.0472287163138, 0.044775608927]
    },
    "spectral_contrast_valleys": {
        "max": [-6.36707735062, -5.1864900589, -5.10181903839, -5.13492822647, -5.77135229111, -9.65031242371],
        "mean": [-7.8547911644, -7.1588177681, -7.8499455452, -8.2832403183, -8.51614189148, -11.4097824097],
        "min": [-17.748468399, -19.130941391, -18.7232265472, -18.1056613922, -17.9239044189, -18.7546825409],
        "stdev": [0.616939902306, 0.821403503418, 1.09853625298, 1.15987575054, 1.01617074013, 0.618532121181]
    }
},
"rhythm": {
    "beats_count": 57,
    "beats_loudness": {
        "max": 0.081364646554,
        "mean": 0.0167868491262,
        "min": 0.00122079800349,
        "stdev": 0.0153576591983
    },
    "bpm": 112.958328247,
    "bpm_histogram_first_peak_bpm": 115,
    "bpm_histogram_first_peak_weight": 0.214285731316,
    "bpm_histogram_second_peak_bpm": 110,
    "bpm_histogram_second_peak_spread": 0.272727251053,
    "bpm_histogram_second_peak_weight": 0.142857149243,
    "danceability": 0.917820811272,
    "onset_rate": 1.55701613426,
    "beats_loudness_band_ratio": {
        "max": [0.623746216297, 0.986388266087, 0.717946767807, 0.732496857643, 0.472007781267, 0.0668229907751],
        "mean": [0.0855930894613, 0.374295443296, 0.224446445704, 0.259185880423, 0.081847243011, 0.012171166949],
        "min": [0.0010449696565, 0.013424015604, 0.00795563682914, 0.00177641899791, 0.00108509056736, 0.00038059783401],
        "stdev": [0.128893151879, 0.267138928175, 0.197789102793, 0.215773642063, 0.113447360694, 0.0149401491508]
    },
    "beats_position": [0.441179126501, 0.893968224525, 1.35836732388, 1.8111563921, 2.26394557953, 2.71673464775, 3.16952371597, 3.62231278419, 4.06349182129, 4.5046710968, 4.94585037231, 5.39863920212, 5.94430828094, 6.47836732864, 7.02403593063, 7.67419481277, 8.33596324921, 9.03256225586, 9.71755123138, 10.4141492844, 11.110748291, 11.807346344, 12.4575052261, 13.1076641083, 13.6301136017, 14.1525621414, 14.6750106812, 15.1974601746, 15.7199087143, 16.242357254, 16.7415866852, 17.2408161163, 17.7516555786, 18.2508831024, 18.7385025024, 19.2377319336, 19.667301178, 20.0968704224, 20.5148296356, 20.94439888, 21.3739681244, 21.7919273376, 22.3143768311, 22.8368244171, 23.3592739105, 23.8817234039, 24.40417099, 24.9382305145, 25.4839000702, 26.0295696259, 26.5868473053, 27.132516861, 27.6897945404, 28.2354640961, 28.7811336517, 29.3268013, 29.8840808868],
