{
"metadata": {
    "version": {
        "essentia": "2.1-beta5",
        "essentia_git_sha": "Undefined",
        "extractor": "music 2.0"
    },
    "audio_properties": {
        "analysis": {
            "equal_loudness": 0,
            "length": 48.7502937317,
            "sample_rate": 44100,
            "start_time": 12.7477550507,
            "downmix": "mix"
        },
        "bit_rate": 192000,
        "length": 151.010986328,
        "lossless": 0,
        "number_channels": 2,
        "replay_gain": -9.33914375305,
        "sample_rate": 48000,
        "codec": "mp3",
        "md5_encoded": "2c74bf09fbdb0162fbef909f44487e23"
    },
    "tags": {
        "file_name": "Monaco_Où Sont-elles Passées_Romuald.mp3",
        "encoding": ["Lavf58.29.100"]
    }
},
"lowlevel": {
    "average_loudness": 0.214014843106,
    "barkbands_crest": {
        "max": 25.4949111938,
        "mean": 11.0558977127,
        "min": 3.82386064529,
        "stdev": 4.22364282608
    },
    "barkbands_flatness_db": {
        "max": 0.401347845793,
        "mean": 0.231336385012,
        "min": 0.107538469136,
        "stdev": 0.0433313809335
    },
    "barkbands_kurtosis": {
        "max": 42.7806434631,
        "mean": 4.76152181625,
        "min": -1.52780199051,
        "stdev": 5.07091569901
    },
    "barkbands_skewness": {
        "max": 5.27437353134,
        "mean": 1.43794095516,
        "min": -1.78575527668,
        "stdev": 0.912255346775
    },
    "barkbands_spread": {
        "max": 66.8116149902,
        "mean": 9.9031124115,
        "min": 0.790573060513,
        "stdev": 6.96224117279
    },
    "dissonance": {
        "max": 0.499624192715,
        "mean": 0.420152813196,
        "min": 0.199920892715,
        "stdev": 0.0463057793677
    },
    "dynamic_complexity": 5.37647342682,
    "erbbands_crest": {
        "max": 29.9219398499,
        "mean": 12.2457418442,
        "min": 2.95016431808,
        "stdev": 5.15891361237
    },
    "erbbands_flatness_db": {
        "max": 0.429036229849,
        "mean": 0.25461602211,
        "min": 0.125759080052,
        "stdev": 0.0458401292562
    },
    "erbbands_kurtosis": {
        "max": 26.885881424,
        "mean": 1.99472212791,
        "min": -1.66514122486,
        "stdev": 3.28288269043
    },
    "erbbands_skewness": {
        "max": 3.95003080368,
        "mean": 0.915898740292,
        "min": -1.66316664219,
        "stdev": 0.751372933388
    },
    "erbbands_spread": {
        "max": 96.3105010986,
        "mean": 21.391960144,
        "min": 1.26746869087,
        "stdev": 12.0729446411
    },
    "hfc": {
        "max": 108.112213135,
        "mean": 9.13376045227,
        "min": 0.0755075663328,
        "stdev": 14.486243248
    },
    "loudness_ebu128": {
        "integrated": -17.4177150726,
        "loudness_range": 9.92016887665,
        "momentary": {
            "max": -8.71175861359,
            "mean": -19.9260292053,
            "min": -33.97631073,
            "stdev": 4.60407018661
        },
        "short_term": {
            "max": -12.2523860931,
            "mean": -18.7005443573,
            "min": -25.0308494568,
            "stdev": 3.22551417351
        }
    },
    "melbands_crest": {
        "max": 31.8291549683,
        "mean": 13.6435041428,
        "min": 4.38769054413,
        "stdev": 4.83198928833
    },
    "melbands_flatness_db": {
        "max": 0.449349284172,
        "mean": 0.267755836248,
        "min": 0.101261846721,
        "stdev": 0.0510273911059
    },
    "melbands_kurtosis": {
        "max": 65.8090209961,
        "mean": 7.9309926033,
        "min": -1.40862894058,
        "stdev": 8.35116100311
    },
    "melbands_skewness": {
        "max": 7.19567584991,
        "mean": 1.76018226147,
        "min": -2.02379918098,
        "stdev": 1.18392062187
    },
    "melbands_spread": {
        "max": 71.6142883301,
        "mean": 12.742442131,
        "min": 1.75518321991,
        "stdev": 8.22751617432
    },
    "pitch_salience": {
        "max": 0.846731483936,
        "mean": 0.58010917902,
        "min": 0.216124668717,
        "stdev": 0.106295026839
    },
    "silence_rate_20dB": {
        "max": 1,
        "mean": 1,
        "min": 1,
        "stdev": 0
    },
    "silence_rate_30dB": {
        "max": 1,
        "mean": 0.990004777908,
        "min": 0,
        "stdev": 0.0994740873575
    },
    "silence_rate_60dB": {
        "max": 1,
        "mean": 0.277962863445,
        "min": 0,
        "stdev": 0.447998613119
    },
    "spectral_centroid": {
        "max": 2797.04443359,
        "mean": 831.85534668,
        "min": 231.961715698,
        "stdev": 364.809020996
    },
    "spectral_complexity": {
        "max": 28,
        "mean": 9.54926204681,
        "min": 0,
        "stdev": 5.17509222031
    },
    "spectral_decrease": {
        "max": -2.61844070731e-11,
        "mean": -3.49953044321e-09,
        "min": -3.78975748561e-08,
        "stdev": 4.78270756332e-09
    },
    "spectral_energy": {
        "max": 0.152840182185,
        "mean": 0.014036513865,
        "min": 0.000106073173811,
        "stdev": 0.019330445677
    },
    "spectral_energyband_high": {
        "max": 0.00036342619569,
        "mean": 1.97474637389e-05,
        "min": 9.25899087179e-07,
        "stdev": 3.3634922147e-05
    },
    "spectral_energyband_low": {
        "max": 0.0256008468568,
        "mean": 0.000785661046393,
        "min": 2.94681558444e-06,
        "stdev": 0.0015916666016
    },
    "spectral_energyband_middle_high": {
        "max": 0.0553394034505,
        "mean": 0.0028010730166,
        "min": 6.68233087708e-06,
        "stdev": 0.00581622729078
    },
    "spectral_energyband_middle_low": {
        "max": 0.148732721806,
        "mean": 0.0109462579712,
        "min": 2.57265655819e-05,
        "stdev": 0.0165072344244
    },
    "spectral_entropy": {
        "max": 8.20429325104,
        "mean": 6.81088829041,
        "min": 5.20611524582,
        "stdev": 0.39574727416
    },
    "spectral_flux": {
        "max": 0.270024567842,
        "mean": 0.049756873399,
        "min": 0.00516310986131,
        "stdev": 0.0346271693707
    },
    "spectral_kurtosis": {
        "max": 60.5861473083,
        "mean": 10.1316900253,
        "min": -1.02533769608,
        "stdev": 7.14225769043
    },
    "spectral_rms": {
        "max": 0.0122111579403,
        "mean": 0.00310600362718,
        "min": 0.000321692437865,
        "stdev": 0.00201169447973
    },
    "spectral_rolloff": {
        "max": 6675.29296875,
        "mean": 875.911010742,
        "min": 150.732421875,
        "stdev": 566.789916992
    },
    "spectral_skewness": {
        "max": 6.19758701324,
        "mean": 2.22991466522,
        "min": -0.0982296839356,
        "stdev": 0.783479630947
    },
    "spectral_spread": {
        "max": 14873665,
        "mean": 2836784,
        "min": 1175875.5,
        "stdev": 823040.875
    },
    "spectral_strongpeak": {
        "max": 10.7403841019,
        "mean": 1.17524707317,
        "min": 0.00639804219827,
        "stdev": 1.39988017082
    },
    "zerocrossingrate": {
        "max": 0.15478515625,
        "mean": 0.0351462550461,
        "min": 0.00439453125,
        "stdev": 0.0143225146458
    },
    "barkbands": {
        "max": [7.30736646801e-05, 0.00631218217313, 0.0208498239517, 0.0257031023502, 0.0241205375642, 0.0157442577183, 0.0604224130511, 0.101852461696, 0.144320443273, 0.0491051375866, 0.0234569869936, 0.02187628299, 0.0122103234753, 0.00382124586031, 0.00193207757547, 0.0010814688867, 0.00345874554478, 0.00182225485332, 0.00417811889201, 0.0030401844997, 0.000175389199285, 0.000141147334944, 0.000113734975457, 0.000115228824143, 3.08160952045e-06, 1.01709844103e-07, 1.02732961693e-07],
        "mean": [2.95054542221e-06, 0.000318457343383, 0.00024018487602, 0.000403821846703, 0.0014613866806, 0.000897004036233, 0.002846282674, 0.00197597406805, 0.00277827633545, 0.00107573159039, 0.000697056006175, 0.000411281886045, 0.00031316204695, 0.000139064475661, 6.09867165622e-05, 4.76365494251e-05, 0.000127417035401, 6.65709594614e-05, 0.000115192611702, 4.34462999692e-05, 5.27416978002e-06, 3.8695548028e-06, 3.08130643134e-06, 1.93702862816e-06, 4.77207493077e-07, 5.80108017179e-10, 6.17845885564e-10],
        "min": [5.95374460843e-09, 2.6280119414e-07, 8.08497873095e-08, 1.25684792351e-07, 2.09235145121e-06, 9.99395751933e-07, 3.6184644614e-07, 2.80742199266e-07, 7.14365739896e-07, 6.15324324826e-07, 1.78931628625e-07, 7.28152542706e-07, 1.77519552835e-07, 8.4650245924e-08, 8.0255716739e-08, 1.30585135594e-07, 1.12748509196e-07, 8.6373276531e-08, 1.08040218549e-07, 8.02239696895e-08, 1.35178254368e-07, 1.24281882563e-07, 9.7075187e-08, 1.00250282742e-07, 7.74172903562e-08, 1.34288222903e-11, 1.73594506825e-11],
        "stdev": [3.99619966629e-06, 0.000533746264409, 0.000762737356126, 0.0013686028542, 0.00214580306783, 0.00150232203305, 0.00528751779348, 0.00600861012936, 0.0109355654567, 0.00404168525711, 0.00191867188551, 0.00111727393232, 0.000842139706947, 0.000314366916427, 0.00013811943063, 9.12024697755e-05, 0.000271826836979, 0.000181932744454, 0.000308903545374, 0.000131184075144, 1.00924607978e-05, 9.65116305451e-06, 7.5703269431e-06, 4.80211565446e-06, 2.34128535226e-07, 3.26110627391e-09, 3.41676087423e-09]
    },
    "erbbands": {
        "max": [0.1068784073, 1.62638819218, 19.3707408905, 52.8546295166, 81.7107467651, 114.388526917, 103.976348877, 206.11756897, 549.817565918, 1911.4407959, 1156.28186035, 3854.17114258, 1867.45825195, 536.40802002, 1197.30249023, 373.38394165, 507.355804443, 215.766433716, 191.51550293, 48.401096344, 47.7562408447, 185.15725708, 115.446670532, 87.3135223389, 282.614013672, 54.4697189331, 5.22507953644, 11.524189949, 6.47330951691, 3.35376358032, 3.53079342842, 1.07348620892, 2.3539955616, 0.0767525956035, 0.00628164270893, 0.000442256190581, 0.000188447651453, 6.51712762192e-05, 7.74148211349e-05, 0.000176152301719],
        "mean": [0.00484619755298, 0.087480455637, 0.291035324335, 0.928436219692, 2.58832597733, 5.84078407288, 5.10347890854, 9.13049697876, 32.8251953125, 49.4477424622, 41.8174781799, 63.3350868225, 50.9642410278, 16.2523708344, 35.4042663574, 15.0042390823, 13.2110977173, 7.9125919342, 5.65022039413, 2.7907781601, 3.14819931984, 7.51604557037, 4.72434997559, 2.98934054375, 7.19670438766, 1.64454984665, 0.22141957283, 0.272123128176, 0.15184558928, 0.112100735307, 0.0813359245658, 0.0438624471426, 0.030446421355, 0.00859036203474, 0.00177871482447, 5.61201268283e-05, 8.47308638185e-06, 2.04625780498e-06, 7.23057382856e-06, 1.61901207321e-05],
        "min": [2.03622021218e-05, 0.000111404900963, 0.000726134050637, 0.00227360567078, 0.00380789674819, 0.00537140388042, 0.00475927628577, 0.0116846673191, 0.0102674327791, 0.00837039109319, 0.0182237923145, 0.0176553744823, 0.0302289612591, 0.0143795805052, 0.0214961078018, 0.0385127142072, 0.0122499102727, 0.00952697824687, 0.00438070064411, 0.00518282689154, 0.00879572425038, 0.00638904049993, 0.00592234218493, 0.00568819744512, 0.00512450141832, 0.00433297129348, 0.00467952899635, 0.00490200472996, 0.00482837716118, 0.00373444915749, 0.00264808279462, 0.00222590658814, 0.0015229129931, 0.000948591274209, 0.00052587169921, 1.74685319507e-05, 1.09350071398e-06, 1.48016610524e-07, 9.10938950938e-08, 1.35271108093e-07],
        "stdev": [0.00932999420911, 0.147775441408, 0.780580341816, 3.01367998123, 4.52088069916, 9.99132728577, 8.36972999573, 15.643488884, 53.4748916626, 130.521316528, 93.9580841064, 278.236114502, 171.935745239, 37.4095916748, 105.412895203, 29.9531707764, 33.0288581848, 19.6924743652, 11.4389467239, 5.10262155533, 5.36538362503, 15.087972641, 12.2148752213, 6.64888811111, 19.8987865448, 3.95022058487, 0.416381001472, 0.582371771336, 0.409840196371, 0.251475691795, 0.209910675883, 0.0750413015485, 0.0944210588932, 0.00541427964345, 0.000684197468217, 3.15382094414e-05, 1.07206051325e-05, 3.366793635e-06, 1.00218485386e-05, 2.2450409233e-05]
    },
    "gfcc": {
        "mean": [-124.921943665, 159.215896606, -148.828704834, 18.5401248932, -76.4592285156, -1.35707712173, -35.9096717834, 0.849171519279, -14.6207485199, -19.9501991272, 9.10444736481, -20.5389842987, 1.96201562881],
        "cov": [[3273.47680664, 157.026290894, -1178.73461914, -711.00793457, -136.276473999, -691.286437988, 132.246444702, -73.3636779785, 227.594116211, -126.083633423, 206.150238037, -113.545074463, -127.922592163], [157.026290894, 396.327545166, 221.324661255, -147.269256592, 94.6069641113, -43.8663215637, 3.77483177185, 18.7176437378, 38.7791442871, 8.85052776337, 13.6132898331, -43.5760345459, 9.24317359924], [-1178.73461914, 221.324661255, 883.255981445, 308.770446777, 89.168182373, 316.68737793, -13.2237291336, 23.6459445953, -40.0874862671, 27.171710968, -99.436416626, 26.4820804596, 39.1978492737], [-711.00793457, -147.269256592, 308.770446777, 562.295410156, 164.602676392, 209.765365601, -25.7395477295, 3.69943499565, -31.0238265991, 62.6975517273, -41.8605918884, 65.0677261353, 32.1927719116], [-136.276473999, 94.6069641113, 89.168182373, 164.602676392, 256.287658691, 31.6633777618, -39.5386428833, 37.472026825, 7.79056024551, 54.3796005249, 12.8211593628, -9.26237010956, 13.749007225], [-691.286437988, -43.8663215637, 316.68737793, 209.765365601, 31.6633777618, 400.556884766, 113.518104553, -13.2520694733, -98.2143630981, -3.73826503754, -73.8217086792, 62.663520813, 45.380405426], [132.246444702, 3.77483177185, -13.2237291336, -25.7395477295, -39.5386428833, 113.518104553, 217.744094849, 44.267364502, -51.3774986267, -42.4202651978, -1.69106125832, 27.4898471832, -5.24956893921], [-73.3636779785, 18.7176437378, 23.6459445953, 3.69943499565, 37.472026825, -13.2520694733, 44.267364502, 122.811607361, 34.3065719604, 15.1091165543, 17.1197948456, -7.90354156494, -12.7179222107], [227.594116211, 38.7791442871, -40.0874862671, -31.0238265991, 7.79056024551, -98.2143630981, -51.3774986267, 34.3065719604, 141.316970825, 48.5664901733, 14.8778047562, -27.2483444214, -19.4552326202], [-126.083633423, 8.85052776337, 27.171710968, 62.6975517273, 54.3796005249, -3.73826503754, -42.4202651978, 15.1091165543, 48.5664901733, 109.788345337, 33.0931968689, -14.0580406189, -1.13447916508], [206.150238037, 13.6132898331, -99.436416626, -41.8605918884, 12.8211593628, -73.8217086792, -1.69106125832, 17.1197948456, 14.8778047562, 33.0931968689, 88.8848266602, 8.16954708099, -16.9884796143], [-113.545074463, -43.5760345459, 26.4820804596, 65.0677261353, -9.26237010956, 62.663520813, 27.4898471832, -7.90354156494, -27.2483444214, -14.0580406189, 8.16954708099, 92.3165283203, 38.5724067688], [-127.922592163, 9.24317359924, 39.1978492737, 32.1927719116, 13.749007225, 45.380405426, -5.24956893921, -12.7179222107, -19.4552326202, -1.13447916508, -16.9884796143, 38.5724067688, 63.158706665]],
        "icov": [[0.00286451401189, -0.00177007645834, 0.00266008940525, -0.000487175682792, -0.000780967064202, 0.00190344790462, -0.00451170513406, 0.00530151603743, -0.00598750449717, 0.00520179746673, -0.00416386825964, 0.00208444334567, 9.21885020944e-06], [-0.00177007645834, 0.0128246275708, -0.00819935463369, 0.00678547332063, -0.00739876180887, 0.00261322967708, -0.00279917242005, 0.00199897959828, -0.000450586696388, -0.00159050093498, -0.00168988993391, 0.00216199783608, -0.00587135693058], [0.00266008940525, -0.00819935463369, 0.00810570642352, -0.00451154913753, 0.00374765461311, -0.0019207833102, 1.09379043352e-05, 0.000933866947889, -0.00326187326573, 0.00393886165693, -0.000600516970735, 0.000314699078444, 0.00332223018631], [-0.000487175682792, 0.00678547332063, -0.00451154913753, 0.0073237135075, -0.00616231421009, 0.00108875345904, -0.00162847957108, 0.00200789584778, -0.000565510767046, -0.00231196265668, 0.000908084854018, -0.00228887517005, -0.000658234464936], [-0.000780967064202, -0.00739876180887, 0.00374765461311, -0.00616231421009, 0.0116038192064, -0.0034807564225, 0.00604759063572, -0.00707145733759, 0.0048767151311, -0.00282461591996, 0.00153632368892, 0.000394152535591, 0.000993788358755], [0.00190344790462, 0.00261322967708, -0.0019207833102, 0.00108875345904, -0.0034807564225, 0.0098153911531, -0.00878665223718, 0.00667930254713, -0.00242592953146, 0.000364634557627, 0.000698168005329, -0.000403376383474, -0.00187673408072], [-0.00451170513406, -0.00279917242005, 1.09379043352e-05, -0.00162847957108, 0.00604759063572, -0.00878665223718, 0.0186615623534, -0.0153688276187, 0.012771085836, -0.00646825879812, 0.00702303927392, -0.00589242205024, 0.00485351728275], [0.00530151603743, 0.00199897959828, 0.000933866947889, 0.00200789584778, -0.00707145733759, 0.00667930254713, -0.0153688276187, 0.0241719670594, -0.0163653995842, 0.0103077506647, -0.011049204506, 0.00582554424182, -0.00221344269812], [-0.00598750449717, -0.000450586696388, -0.00326187326573, -0.000565510767046, 0.0048767151311, -0.00242592953146, 0.012771085836, -0.0163653995842, 0.0263232793659, -0.0180470347404, 0.0147347636521, -0.00776020623744, 0.00518602505326], [0.00520179746673, -0.00159050093498, 0.00393886165693, -0.00231196265668, -0.00282461591996, 0.000364634557627, -0.00646825879812, 0.0103077506647, -0.0180470347404, 0.0284104496241, -0.0197045393288, 0.0117228915915, -0.0061150752008], [-0.00416386825964, -0.00168988993391, -0.000600516970735, 0.000908084854018, 0.00153632368892, 0.000698168005329, 0.00702303927392, -0.011049204506, 0.0147347636521, -0.0197045393288, 0.0322079695761, -0.0162733159959, 0.0120330285281], [0.00208444334567, 0.00216199783608, 0.000314699078444, -0.00228887517005, 0.000394152535591, -0.000403376383474, -0.00589242205024, 0.00582554424182, -0.00776020623744, 0.0117228915915, -0.0162733159959, 0.0265464149415, -0.0170054063201], [9.21885020944e-06, -0.00587135693058, 0.00332223018631, -0.000658234464936, 0.000993788358755, -0.00187673408072, 0.00485351728275, -0.00221344269812, 0.00518602505326, -0.0061150752008, 0.0120330285281, -0.0170054063201, 0.0311844162643]]
    },
    "melbands": {
        "max": [0.00145380932372, 0.0070224031806, 0.00842506904155, 0.00552544835955, 0.00461338926107, 0.00429729791358, 0.0106300786138, 0.0238520689309, 0.00967482943088, 0.0271080229431, 0.00934344250709, 0.00313292443752, 0.00320288119838, 0.00292263459414, 0.00134410848841, 0.000782216608059, 0.000366035586921, 0.000409837521147, 0.000135711219627, 8.80911757122e-05, 5.9458117903e-05, 0.000177641399205, 0.000152484004502, 0.000123457357404, 6.08190675848e-05, 0.000217631764826, 0.000181625015102, 1.30045364131e-05, 5.3627768466e-06, 4.29424426329e-06, 7.40807399779e-06, 3.95052347812e-06, 2.4613837013e-06, 2.12385134546e-06, 2.45534829446e-06, 1.15971783998e-06, 1.06644665721e-06, 2.76966693491e-06, 8.89023255013e-08, 3.11540837572e-08],
        "mean": [6.81083402014e-05, 0.00014609763457, 0.000194951295271, 0.000312961812597, 0.000203183750273, 0.000221413938561, 0.000520846573636, 0.000518641027156, 0.000351304857759, 0.000412021472584, 0.000250260345638, 6.31651273579e-05, 0.000101077785075, 6.42846134724e-05, 3.72894137399e-05, 2.46684649028e-05, 1.34071888169e-05, 1.03168986243e-05, 4.55508461528e-06, 3.31725982505e-06, 3.47097898157e-06, 7.99617100711e-06, 5.81436643188e-06, 2.95304607789e-06, 2.04774573831e-06, 5.23832477484e-06, 4.16242255596e-06, 4.32682725204e-07, 1.23075196257e-07, 1.19600130688e-07, 1.53493232347e-07, 8.71921344014e-08, 6.50479918818e-08, 6.22877820433e-08, 5.02975971983e-08, 3.23165814109e-08, 2.6167217726e-08, 2.82578831445e-08, 8.67358451728e-09, 6.5214891265e-09],
        "min": [1.57671038892e-07, 4.23665369453e-07, 6.07335209679e-07, 6.64085973767e-07, 2.33591222809e-07, 2.43418384116e-07, 1.25116940808e-07, 5.17016012225e-08, 1.48678708456e-07, 7.00553215438e-08, 1.11714122397e-07, 5.44827933879e-08, 3.95660499919e-08, 7.61509326708e-08, 4.22931663024e-08, 1.95499243461e-08, 9.62346202726e-09, 5.79308867543e-09, 5.52204770798e-09, 6.95770996373e-09, 8.53913206811e-09, 6.58641452489e-09, 5.97832583438e-09, 2.76191336468e-09, 3.73413433508e-09, 3.27018057078e-09, 3.16510329057e-09, 2.61347832264e-09, 2.38945774278e-09, 2.87944734723e-09, 2.04794048386e-09, 2.04704830864e-09, 2.27586083312e-09, 1.86101556388e-09, 1.50370715879e-09, 1.57233848164e-09, 1.14489262515e-09, 1.18338205901e-09, 7.62147678302e-10, 8.05322808439e-10],
        "stdev": [0.000116906980111, 0.000314372795401, 0.000494985433761, 0.000462566531496, 0.00033703041845, 0.000365713844076, 0.000887664558832, 0.00147524173371, 0.000829466618598, 0.00193343928549, 0.000855807738844, 0.000176932357135, 0.000286552909529, 0.00017382921942, 8.58332205098e-05, 6.98252551956e-05, 3.38968420692e-05, 2.25699241128e-05, 1.04639893834e-05, 6.67822359901e-06, 6.56011934552e-06, 1.65487799677e-05, 1.39695148391e-05, 8.87580790732e-06, 4.52244375992e-06, 1.46342090375e-05, 1.16622832138e-05, 1.0148801266e-06, 3.38797462973e-07, 2.36451697333e-07, 3.59322001486e-07, 2.61580311189e-07, 1.51592630004e-07, 1.54151663878e-07, 1.36332531042e-07, 7.32441947093e-08, 5.12453652846e-08, 1.09781545632e-07, 7.69192354255e-09, 2.93688251496e-09]
    },
    "melbands128": {
        "max": [5.50872828171e-05, 0.000662139209453, 0.00235651805997, 0.00293694995344, 0.00911003258079, 0.0099668269977, 0.0120086437091, 0.0114531386644, 0.0111331315711, 0.00871485378593, 0.00778608908877, 0.00783377606422, 0.00370147218928, 0.00493216887116, 0.00706423353404, 0.00789162144065, 0.0134180244058, 0.0159237422049, 0.0253334473819, 0.0254071410745, 0.0399322398007, 0.0107848793268, 0.0188541803509, 0.0185327623039, 0.0264735650271, 0.055881857872, 0.0185227934271, 0.0189735628664, 0.0162044465542, 0.00384339177981, 0.00226239021868, 0.001877886476, 0.00317887496203, 0.00852683745325, 0.00622533680871, 0.00203609839082, 0.00200483109802, 0.0010794850532, 0.0034951067064, 0.00104606267996, 0.00171430082992, 0.00129508064128, 0.000796159321908, 0.000503174029291, 0.000514392217156, 0.000655681011267, 0.000343566556694, 0.000295836100122, 0.000163027623785, 0.000131699547637, 0.000169592589373, 0.000187946701772, 0.000101971476397, 8.41405271785e-05, 0.000162283307873, 0.000302050611936, 0.000579796498641, 0.000329443224473, 0.000203222167329, 0.000239088083617, 0.000227963420912, 4.85618220409e-05, 7.04926860635e-05, 5.51079356228e-05, 0.000128989122459, 0.000469870399684, 0.000284002831904, 0.000475764682051, 0.000150767838932, 2.89996369247e-05, 3.08973467327e-05, 1.58452294272e-05, 1.35911914185e-05, 2.31883745982e-06, 1.69056011146e-06, 3.01197292174e-06, 9.29053385335e-06, 1.21830125863e-05, 1.04935497802e-05, 5.9516901274e-06, 3.81772906621e-06, 5.49504466107e-06, 5.75267722525e-06, 2.18733771362e-06, 1.83586166713e-06, 3.51847074853e-06, 5.15383953825e-06, 3.02196554003e-06, 2.52455652117e-06, 2.77831941276e-06, 1.57117540311e-06, 1.00260388081e-06, 5.30703118784e-07, 3.66886212078e-07, 4.09693456049e-07, 8.18772514322e-06, 1.07867310817e-06, 1.98537861706e-07, 1.09761693068e-07, 1.00463935837e-07, 5.96509437401e-08, 2.76843863389e-08, 2.8571884414e-08, 2.0881238072e-08, 4.39964997767e-09, 8.80384321e-10, 8.0820683479e-10, 7.53198836634e-10, 7.15421777375e-10, 6.7728805897e-10, 6.42506492454e-10, 6.13609885125e-10, 5.90310411663e-10, 5.68869840123e-10, 5.44081668608e-10, 5.22588639029e-10, 5.00521457614e-10, 4.85396334238e-10, 4.70565197919e-10, 4.57703042134e-10, 4.42951370028e-10, 4.33947933143e-10, 4.23788087955e-10, 4.16194134711e-10, 4.07206129927e-10, 4.02732486249e-10, 3.98740790386e-10, 3.96822408266e-10],
        "mean": [2.36730988945e-06, 1.98906909645e-05, 9.4158713182e-05, 0.000162458411069, 0.00015664412058, 0.000109323635115, 0.000190227874555, 0.000188765247003, 0.000244763534283, 0.000349718233338, 0.000348493078491, 0.000258034706349, 0.000152571708895, 0.000149616680574, 0.000155597226694, 0.000228034608881, 0.000531363999471, 0.000517263775691, 0.000627422181424, 0.000583572138567, 0.000493647588883, 0.000220431698835, 0.000395225011744, 0.000400587217882, 0.000333152653184, 0.000562338333111, 0.000247447780566, 0.000273020996246, 0.000182590083568, 5.35240360477e-05, 3.51656381099e-05, 4.13072230003e-05, 7.47144513298e-05, 0.000206122058444, 7.57956513553e-05, 2.47563002631e-05, 2.27620748774e-05, 4.91306382173e-05, 4.06245344493e-05, 1.81656905625e-05, 2.92252188956e-05, 1.96975142899e-05, 1.08099902718e-05, 9.71772351477e-06, 1.63891927514e-05, 9.90661101241e-06, 4.35902438767e-06, 5.9677072386e-06, 3.80852202397e-06, 2.35766583501e-06, 3.67769371223e-06, 3.90754985347e-06, 2.71773728855e-06, 3.49849233316e-06, 4.69317546958e-06, 9.67507639871e-06, 9.95060418063e-06, 6.14186183157e-06, 4.16157399741e-06, 5.03794581164e-06, 3.16430896419e-06, 1.24573386984e-06, 1.55112729772e-06, 1.78326047262e-06, 3.60331591764e-06, 5.31516570845e-06, 5.9943913584e-06, 7.20739717508e-06, 3.32213562615e-06, 7.27618839846e-07, 3.63316758012e-07, 2.919682629e-07, 1.89543882811e-07, 7.47407398194e-08, 6.31576568821e-08, 7.59287672736e-08, 1.25638663917e-07, 2.92706488381e-07, 1.13453594963e-07, 9.40695059626e-08, 8.61035758248e-08, 8.91616167564e-08, 7.47146415847e-08, 6.03862844173e-08, 5.91823337004e-08, 6.10171895232e-08, 6.68688358019e-08, 5.93171662899e-08, 4.76290296092e-08, 4.7241339729e-08, 3.7668645092e-08, 2.84440950793e-08, 2.0995752692e-08, 2.12115196518e-08, 2.42747102419e-08, 5.66945139724e-08, 1.88495725695e-08, 1.05718624965e-08, 8.56336601629e-09, 7.87274245795e-09, 6.81924205992e-09, 6.32540375634e-09, 6.1226663739e-09, 4.72068251156e-09, 7.00014546329e-10, 5.61875632826e-12, 4.32924833135e-12, 4.14010926236e-12, 3.97598056909e-12, 3.8193033805e-12, 3.67434034587e-12, 3.53471267013e-12, 3.40814832953e-12, 3.28925124984e-12, 3.17603040222e-12, 3.07967150046e-12, 2.99419126645e-12, 2.89721935678e-12, 2.81632833374e-12, 2.74624398743e-12, 2.67700293356e-12, 2.62012655496e-12, 2.5741947636e-12, 2.52427245773e-12, 2.46066231627e-12, 2.38533281668e-12, 2.33883225287e-12, 2.32271580441e-12],
        "min": [1.64939284453e-09, 1.45274432484e-08, 8.55328323723e-08, 5.84077746169e-08, 7.25751192476e-08, 3.48284743268e-08, 8.89523619207e-08, 7.82141142963e-08, 1.13553191738e-07, 2.97937049254e-07, 1.29556212869e-07, 4.42446399518e-08, 5.27840349207e-08, 8.09539528746e-08, 1.50895559159e-07, 3.37087122659e-08, 5.73982177343e-08, 1.96317841983e-08, 4.46928574149e-08, 2.7733838337e-08, 2.37015349569e-08, 2.76092944063e-08, 6.21644460352e-08, 9.87940182995e-08, 1.96054408264e-08, 2.03378682784e-08, 1.13157145876e-08, 3.24090905224e-08, 5.80486094748e-08, 6.91689372445e-09, 3.52825568761e-09, 8.22333934281e-09, 5.44080602793e-09, 2.20593765476e-08, 4.81516870821e-08, 1.39277469557e-08, 8.65062155242e-09, 1.02718944461e-08, 3.91222032547e-09, 2.67684652222e-09, 5.13061637619e-09, 2.84916956694e-09, 3.84256049202e-09, 3.31327720815e-09, 2.88197088416e-09, 3.16617909668e-09, 1.45095768733e-09, 2.06018158089e-09, 3.15867998424e-09, 1.90069737727e-09, 2.76772804675e-09, 5.2450324084e-09, 3.31546212706e-09, 5.3210036377e-09, 4.22136725575e-09, 3.87983334349e-09, 4.34510427638e-09, 2.08025641157e-09, 2.25771645823e-09, 1.28848764991e-09, 1.10447584412e-09, 2.11724970889e-09, 2.18587525858e-09, 2.3274848715e-09, 1.89676718776e-09, 1.45744916136e-09, 1.2459483445e-09, 3.24290994058e-09, 1.52080648075e-09, 1.94178606527e-09, 1.77120729195e-09, 1.05163555641e-09, 1.55014734382e-09, 1.68591685057e-09, 1.27549926177e-09, 1.75897252319e-09, 1.16411946749e-09, 1.49354950629e-09, 1.54108059647e-09, 1.48913381626e-09, 9.03768837546e-10, 7.50641326874e-10, 1.31745148124e-09, 1.26205135231e-09, 1.13185960604e-09, 1.15871345852e-09, 9.84165304807e-10, 9.46937639412e-10, 9.99856086814e-10, 1.1003300493e-09, 7.47156281289e-10, 8.2280560143e-10, 1.12618958603e-09, 6.82321366074e-10, 9.17383780052e-10, 1.20975796047e-09, 1.18112053471e-09, 1.05436459563e-09, 6.1692229103e-10, 6.85860757077e-10, 8.89066320564e-10, 9.48946476953e-10, 5.34906785532e-10, 7.11104231055e-10, 5.5421531947e-11, 2.08478118666e-13, 4.3293005899e-14, 4.64041646905e-14, 5.70496815479e-14, 5.35506189359e-14, 6.20516753757e-14, 6.71263446304e-14, 5.07266856287e-14, 4.3221380793e-14, 4.62902997455e-14, 4.95743786191e-14, 5.54643136974e-14, 4.22676928451e-14, 5.0043611155e-14, 5.15101639998e-14, 5.05129792161e-14, 5.25894872626e-14, 4.99814863705e-14, 6.20601253764e-14, 3.86915841163e-14, 1.71389764631e-14, 1.72814817097e-15, 5.27313710781e-17],
        "stdev": [3.44993509316e-06, 5.23424714629e-05, 0.000184365679161, 0.000282367138425, 0.000411290180637, 0.000362060702173, 0.000697390700225, 0.000597335631028, 0.000522386806551, 0.00059895880986, 0.000708739506081, 0.000624164706096, 0.000291754491627, 0.000345902808476, 0.000418560142862, 0.000532818259671, 0.00109164998867, 0.00107957422733, 0.00192264420912, 0.00186654564459, 0.00218808022328, 0.000656466407236, 0.00128009356558, 0.00131175480783, 0.00181506690569, 0.00375167559832, 0.00117845751811, 0.00133429467678, 0.000775306951255, 0.00020100652182, 0.000114161935926, 0.000121073957416, 0.000263034628006, 0.000721309974324, 0.000293869350571, 8.56754486449e-05, 8.91122253961e-05, 0.000110341992695, 0.0001647779427, 6.37968551018e-05, 0.000112793786684, 9.25728818402e-05, 4.68559701403e-05, 2.64014233835e-05, 4.0372768126e-05, 3.21463849104e-05, 1.63799122674e-05, 1.69716186065e-05, 1.12737925519e-05, 6.94935715728e-06, 9.40392965276e-06, 1.0517967894e-05, 6.33600666333e-06, 8.52587163536e-06, 1.34854262797e-05, 2.38111970248e-05, 2.68813873845e-05, 2.21866430365e-05, 1.44620307765e-05, 1.90250902961e-05, 1.18149118862e-05, 2.83087251773e-06, 4.18980289396e-06, 4.56109546576e-06, 8.73570570548e-06, 2.05303022085e-05, 1.78231930477e-05, 2.7399888495e-05, 9.45864303503e-06, 2.09939048545e-06, 1.2830768128e-06, 1.03445825061e-06, 7.44171416045e-07, 1.48461396066e-07, 1.28682316358e-07, 1.89223868574e-07, 3.61087160172e-07, 7.2433567766e-07, 3.98383576794e-07, 3.17133213912e-07, 2.74624113672e-07, 3.32112563228e-07, 2.36749784222e-07, 1.44373927924e-07, 1.27557953533e-07, 1.66792943901e-07, 2.08600781093e-07, 1.66694633208e-07, 1.38690325002e-07, 1.58881263701e-07, 9.83774341989e-08, 5.80438985764e-08, 3.78080855512e-08, 3.37029426589e-08, 4.30108393346e-08, 3.17935018757e-07, 4.90909926043e-08, 1.30481527805e-08, 8.51217318854e-09, 7.31414750987e-09, 4.40572511806e-09, 3.01522629087e-09, 2.7761999366e-09, 2.12933248811e-09, 4.88970364199e-10, 2.64673890443e-11, 2.48478841669e-11, 2.35527153336e-11, 2.25315651553e-11, 2.15710296847e-11, 2.06504188749e-11, 1.98186519279e-11, 1.90939711958e-11, 1.84208533843e-11, 1.77359238407e-11, 1.71047394998e-11, 1.65159379228e-11, 1.60488081158e-11, 1.55754870806e-11, 1.51704048629e-11, 1.4772374296e-11, 1.44307595387e-11, 1.41485590605e-11, 1.38825105925e-11, 1.36334953743e-11, 1.3491911581e-11, 1.33702771077e-11, 1.33039248021e-11]
    },
    "mfcc": {
        "mean": [-753.419799805, 173.322616577, -9.42603778839, 8.56953620911, -9.44693851471, -15.2676448822, -2.98541688919, 2.39513158798, -11.7465925217, -3.80159091949, -1.01212382317, 0.311296582222, 0.523459851742],
        "cov": [[3978.27172852, 263.494445801, -1447.71081543, -271.249145508, -523.819885254, -548.244689941, -344.821594238, -38.3154830933, -414.721923828, 297.831878662, 48.2494544983, -214.01020813, 6.77227306366], [263.494445801, 623.337402344, -5.01678609848, -121.958229065, 25.8271102905, -148.639022827, -10.8769798279, -51.4575576782, -2.24380397797, 60.8645515442, 30.5979137421, -25.1575603485, 33.8692016602], [-1447.71081543, -5.01678609848, 878.053527832, 103.665206909, 141.34262085, 308.002838135, 150.719909668, 79.5542526245, 194.959274292, -135.594055176, -27.4155445099, 122.820854187, -18.2285137177], [-271.249145508, -121.958229065, 103.665206909, 305.313751221, 202.943389893, 57.8552398682, -2.39669036865, -18.0509471893, 32.0015449524, -3.21331691742, 30.2837371826, 45.2669448853, 35.1975250244], [-523.819885254, 25.8271102905, 141.34262085, 202.943389893, 340.510101318, 77.0330352783, -19.0742397308, -62.3853111267, 49.674407959, 20.1339626312, 25.2847766876, 22.7475166321, 23.0288314819], [-548.244689941, -148.639022827, 308.002838135, 57.8552398682, 77.0330352783, 319.748382568, 135.540527344, 48.3658828735, 105.95892334, -94.2675628662, -23.7973232269, 46.7328720093, -43.5213394165], [-344.821594238, -10.8769798279, 150.719909668, -2.39669036865, -19.0742397308, 135.540527344, 244.118148804, 102.056922913, 62.7913551331, -67.8960037231, -6.95907306671, 55.1292495728, -12.6586971283], [-38.3154830933, -51.4575576782, 79.5542526245, -18.0509471893, -62.3853111267, 48.3658828735, 102.056922913, 151.427093506, 53.6709823608, -44.5446243286, -19.5097084045, 42.8038024902, 1.61349523067], [-414.721923828, -2.24380397797, 194.959274292, 32.0015449524, 49.674407959, 105.95892334, 62.7913551331, 53.6709823608, 153.219482422, -37.3193321228, -20.296957016, 68.4419784546, -0.504091382027], [297.831878662, 60.8645515442, -135.594055176, -3.21331691742, 20.1339626312, -94.2675628662, -67.8960037231, -44.5446243286, -37.3193321228, 163.228256226, 76.6859283447, -55.3924789429, -2.86723923683], [48.2494544983, 30.5979137421, -27.4155445099, 30.2837371826, 25.2847766876, -23.7973232269, -6.95907306671, -19.5097084045, -20.296957016, 76.6859283447, 116.819541931, 9.83215999603, -20.0243663788], [-214.01020813, -25.1575603485, 122.820854187, 45.2669448853, 22.7475166321, 46.7328720093, 55.1292495728, 42.8038024902, 68.4419784546, -55.3924789429, 9.83215999603, 175.882766724, 52.9077949524], [6.77227306366, 33.8692016602, -18.2285137177, 35.1975250244, 23.0288314819, -43.5213394165, -12.6586971283, 1.61349523067, -0.504091382027, -2.86723923683, -20.0243663788, 52.9077949524, 124.998321533]],
        "icov": [[0.00237193028443, -0.00281966244802, 0.00362585904077, -0.00297646783292, 0.00392155535519, -0.00372290355153, 0.00347439968027, -0.00365880830213, 0.00420506764203, -0.00393163366243, 0.00323746120557, -0.00264059915207, 0.00194585113786], [-0.00281966244802, 0.00614904798567, -0.00487981783226, 0.00559869362041, -0.00596836581826, 0.0067144096829, -0.00538262957707, 0.0055614458397, -0.00623276783153, 0.00513823097572, -0.00516886776313, 0.00410889089108, -0.00345549173653], [0.00362585904077, -0.00487981783226, 0.00776199763641, -0.00492031127214, 0.0058046435006, -0.00733208842576, 0.00562394037843, -0.00601281644776, 0.00523144658655, -0.0051256865263, 0.00464891036972, -0.00440941052511, 0.00318271364085], [-0.00297646783292, 0.00559869362041, -0.00492031127214, 0.0112104220316, -0.00937624182552, 0.00593186356127, -0.00472848629579, 0.00454846210778, -0.00583891756833, 0.00648703007028, -0.00696270354092, 0.0038247522898, -0.00458382302895], [0.00392155535519, -0.00596836581826, 0.0058046435006, -0.00937624182552, 0.0133089600131, -0.00805773958564, 0.00629455596209, -0.00384714826941, 0.00597853632644, -0.00796888396144, 0.00610542530194, -0.00442304695025, 0.00301257846877], [-0.00372290355153, 0.0067144096829, -0.00733208842576, 0.00593186356127, -0.00805773958564, 0.0146272638813, -0.0089322431013, 0.00752125354484, -0.00954566616565, 0.0086429649964, -0.00616098754108, 0.0055141299963, -0.00194264680613], [0.00347439968027, -0.00538262957707, 0.00562394037843, -0.00472848629579, 0.00629455596209, -0.0089322431013, 0.0131099345163, -0.00988578889519, 0.00680571654812, -0.0045454329811, 0.00354218971916, -0.00458927126601, 0.00304056028835], [-0.00365880830213, 0.0055614458397, -0.00601281644776, 0.00454846210778, -0.00384714826941, 0.00752125354484, -0.00988578889519, 0.0177146308124, -0.0100890183821, 0.00647006789222, -0.00477710692212, 0.00400899909437, -0.00372306047939], [0.00420506764203, -0.00623276783153, 0.00523144658655, -0.00583891756833, 0.00597853632644, -0.00954566616565, 0.00680571654812, -0.0100890183821, 0.0209592226893, -0.0106804147363, 0.0106059247628, -0.00973371975124, 0.00592102156952], [-0.00393163366243, 0.00513823097572, -0.0051256865263, 0.00648703007028, -0.00796888396144, 0.0086429649964, -0.0045454329811, 0.00647006789222, -0.0106804147363, 0.0217302888632, -0.0163815505803, 0.0102660367265, -0.00633396813646], [0.00323746120557, -0.00516886776313, 0.00464891036972, -0.00696270354092, 0.00610542530194, -0.00616098754108, 0.00354218971916, -0.00477710692212, 0.0106059247628, -0.0163815505803, 0.0233288370073, -0.0106274690479, 0.00891662295908], [-0.00264059915207, 0.00410889089108, -0.00440941052511, 0.0038247522898, -0.00442304695025, 0.0055141299963, -0.00458927126601, 0.00400899909437, -0.00973371975124, 0.0102660367265, -0.0106274690479, 0.0148221217096, -0.00825202371925], [0.00194585113786, -0.00345549173653, 0.00318271364085, -0.00458382302895, 0.00301257846877, -0.00194264680613, 0.00304056028835, -0.00372306047939, 0.00592102156952, -0.00633396813646, 0.00891662295908, -0.00825202371925, 0.0145102431998]]
    },
    "spectral_contrast_coeffs": {
        "max": [-0.41692212224, -0.375304341316, -0.457052797079, -0.635380744934, -0.599206149578, -0.640952825546],
        "mean": [-0.678654849529, -0.699674487114, -0.736501932144, -0.792339920998, -0.769475340843, -0.812018215656],
        "min": [-0.940880000591, -0.923566699028, -0.920249402523, -0.907677650452, -0.911977529526, -0.948093652725],
        "stdev": [0.0810497701168, 0.100517749786, 0.0772118195891, 0.0518962368369, 0.056799210608, 0.0386381670833]
    },
    "spectral_contrast_valleys": {
        "max": [-5.66964149475, -4.91053581238, -5.68026351929, -6.87790346146, -7.14895009995, -10.6108074188],
        "mean": [-7.71245956421, -7.13701915741, -8.02299690247, -8.70773410797, -9.02512645721, -11.7140474319],
        "min": [-9.89227199554, -9.58718681335, -10.2121486664, -10.7121276855, -10.6219758987, -12.2572822571],
        "stdev": [0.648045003414, 0.793419778347, 0.824575066566, 0.797065973282, 0.692416250706, 0.285378307104]
    }
},
"rhythm": {
    "beats_count": 85,
    "beats_loudness": {
        "max": 0.138290122151,
        "mean": 0.0184657480568,
        "min": 0.000849174975883,
        "stdev": 0.0229234937578
    },
    "bpm": 106.891716003,
    "bpm_histogram_first_peak_bpm": 108,
    "bpm_histogram_first_peak_weight": 0.534482836723,
    "bpm_histogram_second_peak_bpm": 91,
    "bpm_histogram_second_peak_spread": 0.333333313465,
    "bpm_histogram_second_peak_weight": 0.0714285746217,
    "danceability": 0.905286490917,
    "onset_rate": 2.7890625,
    "beats_loudness_band_ratio": {
        "max": [0.82402586937, 0.737860381603, 0.948115050793, 0.571935653687, 0.137685999274, 0.0531677231193],
        "mean": [0.194145873189, 0.266887784004, 0.451064527035, 0.147848799825, 0.0309606157243, 0.0105412481353],
        "min": [0.000583557935897, 0.0217830203474, 0.0139065850526, 0.0044550052844, 0.00138878938742, 0.000203108720598],
        "stdev": [0.20820222795, 0.183657258749, 0.249180555344, 0.125416144729, 0.0284455809742, 0.0116128278896]
    },
