{
"metadata": {
    "version": {
        "essentia": "2.1-beta5",
        "essentia_git_sha": "Undefined",
        "extractor": "music 2.0"
    },
    "audio_properties": {
        "analysis": {
            "equal_loudness": 0,
            "length": 32.4963264465,
            "sample_rate": 44100,
            "start_time": 93.9943771362,
            "downmix": "mix"
        },
        "bit_rate": 192000,
        "length": 222.52897644,
        "lossless": 0,
        "number_channels": 2,
        "replay_gain": -11.5974445343,
        "sample_rate": 48000,
        "codec": "mp3",
        "md5_encoded": "2710570e987e52d5f508fb056fd0ce5f"
    },
    "tags": {
        "file_name": "Italy_Non Ho L_étà_Gigliola Cinquetti.mp3",
        "encoding": ["Lavf58.29.100"]
    }
},
"lowlevel": {
    "average_loudness": 0.830379068851,
    "barkbands_crest": {
        "max": 25.64270401,
        "mean": 12.355052948,
        "min": 3.52946543694,
        "stdev": 4.64656352997
    },
    "barkbands_flatness_db": {
        "max": 0.40651255846,
        "mean": 0.240682765841,
        "min": 0.117827825248,
        "stdev": 0.0437573865056
    },
    "barkbands_kurtosis": {
        "max": 99.0960922241,
        "mean": 6.18840885162,
        "min": -1.3347222805,
        "stdev": 9.86431217194
    },
    "barkbands_skewness": {
        "max": 8.66365909576,
        "mean": 1.56930494308,
        "min": -1.28605592251,
        "stdev": 1.23619830608
    },
    "barkbands_spread": {
        "max": 32.0203514099,
        "mean": 7.72464418411,
        "min": 0.918694674969,
        "stdev": 4.24092626572
    },
    "dissonance": {
        "max": 0.498391419649,
        "mean": 0.418084770441,
        "min": 0.23387478292,
        "stdev": 0.0484696291387
    },
    "dynamic_complexity": 4.00604343414,
    "erbbands_crest": {
        "max": 30.5059089661,
        "mean": 12.8599405289,
        "min": 4.06383180618,
        "stdev": 5.13826084137
    },
    "erbbands_flatness_db": {
        "max": 0.395101994276,
        "mean": 0.270666331053,
        "min": 0.13273948431,
        "stdev": 0.0400218740106
    },
    "erbbands_kurtosis": {
        "max": 27.0615997314,
        "mean": 2.09057927132,
        "min": -1.68177378178,
        "stdev": 3.46589851379
    },
    "erbbands_skewness": {
        "max": 4.38410711288,
        "mean": 0.955541074276,
        "min": -1.25402724743,
        "stdev": 0.86067956686
    },
    "erbbands_spread": {
        "max": 66.6143035889,
        "mean": 17.7746105194,
        "min": 2.30030965805,
        "stdev": 8.14293384552
    },
    "hfc": {
        "max": 67.933555603,
        "mean": 11.6069726944,
        "min": 0.108113497496,
        "stdev": 10.9824151993
    },
    "loudness_ebu128": {
        "integrated": -13.4727430344,
        "loudness_range": 9.5644493103,
        "momentary": {
            "max": -8.25259017944,
            "mean": -15.025182724,
            "min": -28.4188327789,
            "stdev": 3.99122405052
        },
        "short_term": {
            "max": -10.5923633575,
            "mean": -14.3866376877,
            "min": -21.4324150085,
            "stdev": 3.04575181007
        }
    },
    "melbands_crest": {
        "max": 33.1141204834,
        "mean": 14.5942907333,
        "min": 4.39981508255,
        "stdev": 5.12527370453
    },
    "melbands_flatness_db": {
        "max": 0.475643634796,
        "mean": 0.318682163954,
        "min": 0.196333035827,
        "stdev": 0.0497635565698
    },
    "melbands_kurtosis": {
        "max": 143.507736206,
        "mean": 9.06157207489,
        "min": -1.32331228256,
        "stdev": 14.3120412827
    },
    "melbands_skewness": {
        "max": 10.0519971848,
        "mean": 1.82019853592,
        "min": -1.12382733822,
        "stdev": 1.32239818573
    },
    "melbands_spread": {
        "max": 41.9805603027,
        "mean": 10.612112999,
        "min": 1.17399704456,
        "stdev": 6.1001791954
    },
    "pitch_salience": {
        "max": 0.858761489391,
        "mean": 0.535060584545,
        "min": 0.0923745706677,
        "stdev": 0.112418428063
    },
    "silence_rate_20dB": {
        "max": 1,
        "mean": 1,
        "min": 1,
        "stdev": 0
    },
    "silence_rate_30dB": {
        "max": 1,
        "mean": 0.997144877911,
        "min": 0,
        "stdev": 0.0533567853272
    },
    "silence_rate_60dB": {
        "max": 1,
        "mean": 0.0992148444057,
        "min": 0,
        "stdev": 0.298948049545
    },
    "spectral_centroid": {
        "max": 1842.73303223,
        "mean": 656.130554199,
        "min": 210.674621582,
        "stdev": 244.215377808
    },
    "spectral_complexity": {
        "max": 28,
        "mean": 11.7801570892,
        "min": 1,
        "stdev": 4.82856559753
    },
    "spectral_decrease": {
        "max": -6.5852004405e-11,
        "mean": -5.31072119614e-09,
        "min": -3.79541589268e-08,
        "stdev": 4.67921656977e-09
    },
    "spectral_energy": {
        "max": 0.149409487844,
        "mean": 0.021096656099,
        "min": 0.000260259141214,
        "stdev": 0.0185778513551
    },
    "spectral_energyband_high": {
        "max": 0.000216448315769,
        "mean": 1.69911072589e-05,
        "min": 6.16591876224e-07,
        "stdev": 2.8755317544e-05
    },
    "spectral_energyband_low": {
        "max": 0.0126207880676,
        "mean": 0.000958965450991,
        "min": 2.7440478334e-06,
        "stdev": 0.00134553643875
    },
    "spectral_energyband_middle_high": {
        "max": 0.0441703051329,
        "mean": 0.00363097107038,
        "min": 8.46584225656e-06,
        "stdev": 0.00564785115421
    },
    "spectral_energyband_middle_low": {
        "max": 0.146510526538,
        "mean": 0.0170982610434,
        "min": 0.000141965691,
        "stdev": 0.0169629789889
    },
    "spectral_entropy": {
        "max": 7.77727222443,
        "mean": 6.59179878235,
        "min": 5.07496070862,
        "stdev": 0.399696677923
    },
    "spectral_flux": {
        "max": 0.227345615625,
        "mean": 0.0600351169705,
        "min": 0.00803813710809,
        "stdev": 0.032909270376
    },
    "spectral_kurtosis": {
        "max": 56.2818336487,
        "mean": 17.4453754425,
        "min": 0.0427589416504,
        "stdev": 10.0639734268
    },
    "spectral_rms": {
        "max": 0.0120733324438,
        "mean": 0.00411468045786,
        "min": 0.00050389621174,
        "stdev": 0.00191088661086
    },
    "spectral_rolloff": {
        "max": 2842.3828125,
        "mean": 757.242980957,
        "min": 150.732421875,
        "stdev": 349.758575439
    },
    "spectral_skewness": {
        "max": 5.77117538452,
        "mean": 2.66889429092,
        "min": 0.665498435497,
        "stdev": 0.911418259144
    },
    "spectral_spread": {
        "max": 11939582,
        "mean": 2027304.375,
        "min": 1142625.625,
        "stdev": 563590.875
    },
    "spectral_strongpeak": {
        "max": 7.54124259949,
        "mean": 1.40820455551,
        "min": 0.0210335366428,
        "stdev": 1.3136049509
    },
    "zerocrossingrate": {
        "max": 0.072265625,
        "mean": 0.029709527269,
        "min": 0.00634765625,
        "stdev": 0.0102009801194
    },
    "barkbands": {
        "max": [5.38949352631e-05, 0.00614608079195, 0.00606955867261, 0.0166894607246, 0.04688013345, 0.0470368675888, 0.116209857166, 0.0544561073184, 0.0600277930498, 0.0491562895477, 0.016902666539, 0.0194282345474, 0.011440878734, 0.00617342675105, 0.010248334147, 0.00612736446783, 0.00134994206019, 0.00232196226716, 0.000895769742783, 0.000227455457207, 5.79942934564e-05, 3.60566482414e-05, 3.24164147969e-06, 1.41784414609e-06, 1.47065736655e-06, 1.44634861954e-06, 1.48019637436e-06],
        "mean": [4.04607362725e-06, 0.00041822885396, 0.000283982051769, 0.00061548652593, 0.00506413634866, 0.00327367568389, 0.00327516207471, 0.00202649249695, 0.00230255932547, 0.00134282058571, 0.000747709185816, 0.000545814225916, 0.000265250593657, 0.000183533440577, 0.000316204328556, 0.00016193454212, 8.37778788991e-05, 9.61223195191e-05, 6.24873864581e-05, 2.26762113016e-05, 3.215410743e-06, 7.05503794052e-07, 2.34915447095e-07, 1.4456340125e-07, 1.34485901526e-07, 1.5623913896e-07, 1.0182941601e-08],
        "min": [2.49112055428e-08, 9.31846784624e-07, 7.02142472164e-07, 3.84839040635e-07, 8.23364462121e-06, 1.22506044136e-05, 6.6606380642e-06, 1.49943355154e-06, 9.01275143406e-07, 5.94755817929e-07, 2.06473302455e-07, 2.1046604104e-07, 1.52873269599e-07, 2.12032659874e-07, 2.59091962107e-07, 2.85796602384e-07, 1.87913684613e-07, 2.1527456795e-07, 1.79519574317e-07, 1.05220145485e-07, 8.10545728314e-08, 4.75242565301e-08, 3.84615468363e-08, 4.29112674283e-08, 4.3805414407e-08, 5.33457615859e-08, 2.10233185027e-11],
        "stdev": [4.98088002132e-06, 0.000570402247831, 0.000459095754195, 0.00153843616135, 0.0067929411307, 0.00516744004562, 0.00923387985677, 0.00537162506953, 0.00649389438331, 0.00416706362739, 0.00159575848375, 0.00142364331987, 0.000878508843016, 0.000500423717313, 0.00074443675112, 0.000377828866476, 0.000124357902678, 0.000206131793675, 9.03155669221e-05, 3.43347055605e-05, 5.01960676047e-06, 1.54487020154e-06, 2.78455956959e-07, 8.35696809531e-08, 6.4607760919e-08, 6.92442014838e-08, 4.15593888192e-08]
    },
    "erbbands": {
        "max": [0.0681339502335, 1.75528407097, 7.11374044418, 25.9103336334, 76.4558868408, 265.940307617, 449.005615234, 601.999511719, 2168.47460938, 874.394958496, 570.258422852, 1698.12915039, 1753.34973145, 1302.53063965, 998.731079102, 996.901367188, 616.512939453, 211.122680664, 588.739746094, 307.279968262, 274.8125, 102.473686218, 154.463058472, 99.427947998, 35.6167831421, 15.8981781006, 4.82622718811, 1.62387681007, 1.58176326752, 0.264553010464, 0.0735645145178, 0.0459769517183, 0.0221277624369, 0.016314631328, 0.0107224145904, 0.00566619960591, 0.00275898724794, 0.00091129768407, 0.000211874808883, 0.000167865742696],
        "mean": [0.00729149859399, 0.110516771674, 0.337088704109, 1.24482274055, 4.6068239212, 20.2485980988, 25.3563690186, 34.1364898682, 48.6279220581, 48.5765190125, 25.8894615173, 60.354221344, 47.4301719666, 37.5021018982, 31.5213527679, 22.8990306854, 13.983707428, 9.87908649445, 17.4904289246, 9.66595649719, 8.48202419281, 4.69268226624, 5.90036010742, 4.06819629669, 2.20238018036, 1.1805382967, 0.362775921822, 0.0673244073987, 0.0282114781439, 0.0118667101488, 0.00632492313161, 0.00349592114799, 0.00225064414553, 0.001492594718, 0.000997411436401, 0.000615822325926, 0.000300008396152, 5.69318981434e-05, 1.19749165606e-05, 2.40588960878e-05],
        "min": [2.44283564825e-05, 0.000219876237679, 0.000755127926823, 0.00533563550562, 0.0196486432105, 0.0267886444926, 0.019486669451, 0.194665759802, 0.205890446901, 0.237070962787, 0.0933808162808, 0.0383542068303, 0.0291567109525, 0.0255119763315, 0.0226534102112, 0.0138925733045, 0.013565168716, 0.020162595436, 0.0326335728168, 0.0201583858579, 0.0197563897818, 0.0106228347868, 0.0131842158735, 0.00856113806367, 0.00779953924939, 0.00490142032504, 0.00393883697689, 0.00303553580306, 0.00184984738007, 0.00125245808158, 0.000948643835727, 0.0010199296521, 0.000687139516231, 0.000483407609863, 0.000326717447024, 0.000200978116482, 9.80510230875e-05, 1.45633530337e-05, 6.27173278644e-07, 3.25523416222e-07],
        "stdev": [0.00944267306477, 0.157692566514, 0.53174418211, 2.65667438507, 7.95107316971, 29.2208194733, 37.5571937561, 58.4130935669, 147.751037598, 96.4750747681, 54.8585510254, 160.411758423, 136.049682617, 98.4516677856, 71.9334945679, 68.8115692139, 44.0521430969, 22.3250617981, 38.9394378662, 19.7287654877, 19.6098060608, 7.93146038055, 12.9532384872, 6.35012531281, 3.25149393082, 2.04227089882, 0.523806810379, 0.106900565326, 0.0654698237777, 0.0189717132598, 0.00713937915862, 0.00255044456571, 0.00113999459427, 0.00074342294829, 0.000492692983244, 0.00029619448469, 0.000137553797686, 3.39436992363e-05, 1.08287476905e-05, 2.10939069802e-05]
    },
    "gfcc": {
        "mean": [-101.85874176, 172.56918335, -133.998413086, -8.54904174805, -41.9774131775, -30.1219272614, -36.4785041809, 2.69126343727, -25.233543396, -2.56359505653, -9.32479953766, -3.31066513062, -3.71158862114],
        "cov": [[2851.75366211, 448.899627686, -1281.35595703, -330.606536865, 291.947753906, -302.532775879, 301.657928467, -91.5603713989, -255.203460693, -138.19744873, 149.642181396, -82.1974334717, 201.211090088], [448.899627686, 274.347442627, -72.6889572144, -140.316711426, 88.5773696899, -5.1124830246, 66.3717803955, 3.42558550835, -46.5529708862, -66.6919555664, 25.446439743, -26.7435684204, 54.8776321411], [-1281.35595703, -72.6889572144, 806.639526367, 153.985656738, -127.222702026, 147.22454834, -140.188140869, 33.1947937012, 141.066741943, 38.508682251, -53.3732757568, 26.7747020721, -102.188369751], [-330.606536865, -140.316711426, 153.985656738, 281.483825684, 20.5643444061, 11.7234163284, -46.9871139526, 6.95701599121, 46.7432365417, 42.9945449829, -19.9218616486, 33.0216903687, -57.2092895508], [291.947753906, 88.5773696899, -127.222702026, 20.5643444061, 150.23739624, 42.6003837585, 44.5778923035, 7.44936800003, -28.4291934967, -16.2326812744, 13.3093948364, -1.325725317, 26.1649913788], [-302.532775879, -5.1124830246, 147.22454834, 11.7234163284, 42.6003837585, 270.718994141, 69.7531890869, -1.35631477833, 15.3153629303, 32.7457962036, -27.0009040833, 20.0825481415, -23.5046348572], [301.657928467, 66.3717803955, -140.188140869, -46.9871139526, 44.5778923035, 69.7531890869, 129.21307373, 11.4106292725, -45.2664337158, -6.40272951126, 17.1118621826, 2.30500793457, 32.6242675781], [-91.5603713989, 3.42558550835, 33.1947937012, 6.95701599121, 7.44936800003, -1.35631477833, 11.4106292725, 92.4968338013, 47.2852516174, 4.10763502121, -6.34734010696, 12.0150108337, 15.6838989258], [-255.203460693, -46.5529708862, 141.066741943, 46.7432365417, -28.4291934967, 15.3153629303, -45.2664337158, 47.2852516174, 124.229934692, 55.6127548218, -9.18528842926, 7.70710849762, -23.4949417114], [-138.19744873, -66.6919555664, 38.508682251, 42.9945449829, -16.2326812744, 32.7457962036, -6.40272951126, 4.10763502121, 55.6127548218, 91.9689865112, 34.0119094849, 13.8553972244, -26.5698776245], [149.642181396, 25.446439743, -53.3732757568, -19.9218616486, 13.3093948364, -27.0009040833, 17.1118621826, -6.34734010696, -9.18528842926, 34.0119094849, 97.1882553101, 36.1316337585, 3.11398291588], [-82.1974334717, -26.7435684204, 26.7747020721, 33.0216903687, -1.325725317, 20.0825481415, 2.30500793457, 12.0150108337, 7.70710849762, 13.8553972244, 36.1316337585, 79.4202957153, 18.8708152771], [201.211090088, 54.8776321411, -102.188369751, -57.2092895508, 26.1649913788, -23.5046348572, 32.6242675781, 15.6838989258, -23.4949417114, -26.5698776245, 3.11398291588, 18.8708152771, 82.5790557861]],
        "icov": [[0.00471111526713, -0.00410587387159, 0.0055227112025, -0.00102445250377, -0.00151902670041, 0.00343877659179, -0.00635251402855, 0.00604297313839, -0.00544007634744, 0.00423609092832, -0.00333838607185, 0.00180578802247, -0.000275626196526], [-0.00410587387159, 0.0185930803418, -0.0105365021154, 0.00945697166026, -0.0122908046469, 0.00411992706358, -0.00561274262145, -7.97997927293e-05, 0.000309519993607, 0.00274015800096, 0.000523872266058, -4.95465610584e-05, -0.000577716506086], [0.0055227112025, -0.0105365021154, 0.0127735836431, -0.00723489187658, 0.0081393904984, -0.00421856995672, 0.00213780580088, 0.00307556428015, -0.0068726032041, 0.00760409142822, -0.007678123191, 0.00465175136924, -0.00115056277718], [-0.00102445250377, 0.00945697166026, -0.00723489187658, 0.0145077509806, -0.0150500861928, 0.010237715207, -0.00905391573906, 0.00330541282892, 0.000454176071798, -0.0057319663465, 0.0104244351387, -0.0102766081691, 0.00818132050335], [-0.00151902670041, -0.0122908046469, 0.0081393904984, -0.0150500861928, 0.0295152701437, -0.0182829499245, 0.0186506118625, -0.0106697324663, 0.00414624158293, 0.00351896719076, -0.01028829813, 0.00952302850783, -0.00785906706005], [0.00343877659179, 0.00411992706358, -0.00421856995672, 0.010237715207, -0.0182829499245, 0.022194314748, -0.0233014039695, 0.0121418517083, -0.00465437397361, -0.00574123254046, 0.0124429455027, -0.0112390816212, 0.00869275350124], [-0.00635251402855, -0.00561274262145, 0.00213780580088, -0.00905391573906, 0.0186506118625, -0.0233014039695, 0.0402333438396, -0.0207589101046, 0.0157758183777, -0.00556219555438, -0.00565558345988, 0.00654907431453, -0.00749700563028], [0.00604297313839, -7.97997927293e-05, 0.00307556428015, 0.00330541282892, -0.0106697324663, 0.0121418517083, -0.0207589101046, 0.0287145413458, -0.018852006644, 0.00896395929158, -0.000529443845153, -0.00245584454387, -0.00088955234969], [-0.00544007634744, 0.000309519993607, -0.0068726032041, 0.000454176071798, 0.00414624158293, -0.00465437397361, 0.0157758183777, -0.018852006644, 0.0304204095155, -0.0223033726215, 0.0109220724553, -0.004164990969, 0.00158789823763], [0.00423609092832, 0.00274015800096, 0.00760409142822, -0.0057319663465, 0.00351896719076, -0.00574123254046, -0.00556219555438, 0.00896395929158, -0.0223033726215, 0.0403442271054, -0.0258005410433, 0.0133519861847, -0.0044010700658], [-0.00333838607185, 0.000523872266058, -0.007678123191, 0.0104244351387, -0.01028829813, 0.0124429455027, -0.00565558345988, -0.000529443845153, 0.0109220724553, -0.0258005410433, 0.0380424447358, -0.025239078328, 0.0137821733952], [0.00180578802247, -4.95465610584e-05, 0.00465175136924, -0.0102766081691, 0.00952302850783, -0.0112390816212, 0.00654907431453, -0.00245584454387, -0.004164990969, 0.0133519861847, -0.025239078328, 0.0341172926128, -0.0178010370582], [-0.000275626196526, -0.000577716506086, -0.00115056277718, 0.00818132050335, -0.00785906706005, 0.00869275350124, -0.00749700563028, -0.00088955234969, 0.00158789823763, -0.0044010700658, 0.0137821733952, -0.0178010370582, 0.0280882213265]]
    },
    "melbands": {
        "max": [0.00102052325383, 0.00285096187145, 0.00588740082458, 0.0107870185748, 0.0119202500209, 0.013743490912, 0.0275775175542, 0.0116295386106, 0.00372754246928, 0.0112666077912, 0.00893361959606, 0.00561555381864, 0.00250808149576, 0.00193675444461, 0.00130888470449, 0.000942291575484, 0.000477630528621, 0.000825143535621, 0.000821246940177, 0.000590590178035, 0.000345587963238, 8.81386440597e-05, 0.000198982961592, 0.000151426385855, 9.05250853975e-05, 2.53250109381e-05, 2.42686619458e-05, 1.19808109957e-05, 5.2752211559e-06, 1.0724885442e-06, 1.32855961965e-06, 1.0353229527e-06, 4.41294105258e-07, 1.12204254776e-07, 5.55599584118e-08, 3.77252113992e-08, 1.97394918189e-08, 1.55207757757e-08, 1.42477887266e-08, 1.34872308877e-08],
        "mean": [9.27600704017e-05, 0.000173988577444, 0.000295310310321, 0.000835079699755, 0.00102367880754, 0.000725474557839, 0.000727483769879, 0.000549693242647, 0.000175017426955, 0.000408075982705, 0.000231934667681, 0.000150688923895, 9.72238121904e-05, 7.3035058449e-05, 3.79814628104e-05, 2.64454884018e-05, 1.78721384145e-05, 2.68390413112e-05, 2.04235257115e-05, 1.11653607746e-05, 9.13553776627e-06, 4.53205620943e-06, 5.63494359085e-06, 4.37231028627e-06, 3.3206513308e-06, 1.57392230449e-06, 1.10473752102e-06, 7.48546199247e-07, 2.8266444474e-07, 6.66148736173e-08, 2.65264112898e-08, 1.72347380811e-08, 9.27257914896e-09, 5.32830046751e-09, 3.7662357677e-09, 2.65829869228e-09, 1.9016981323e-09, 1.58579371856e-09, 1.36750610835e-09, 1.20165521977e-09],
        "min": [2.44387962312e-07, 3.93197467474e-07, 1.37488257224e-06, 1.66993413586e-06, 5.82834616125e-07, 3.99344935431e-06, 2.79583400697e-06, 1.594487685e-06, 4.69173869533e-07, 1.1977257941e-07, 1.10125959907e-07, 7.17230861369e-08, 5.0369493465e-08, 3.56880107688e-08, 1.88114146482e-08, 1.93300930817e-08, 3.45827864123e-08, 4.9158025206e-08, 1.66153224512e-08, 2.01318552939e-08, 1.79433889969e-08, 9.58615409274e-09, 1.24310597371e-08, 7.15110504146e-09, 6.26634344414e-09, 4.75091344043e-09, 4.32719904353e-09, 2.12477879735e-09, 2.07995043411e-09, 1.32636257533e-09, 1.41870026837e-09, 8.73768002396e-10, 6.43617215079e-10, 6.55045573339e-10, 3.25527771405e-10, 4.42210712492e-10, 4.59617149895e-10, 3.95914828699e-10, 3.10049541596e-10, 2.88585183528e-10],
        "stdev": [0.000116833201901, 0.000253682926996, 0.000582861131988, 0.0011490174802, 0.00143193081021, 0.0013030662667, 0.00206401641481, 0.00118484545965, 0.000351900671376, 0.00115021574311, 0.000693532580044, 0.000423129939009, 0.000201969247428, 0.000172655389179, 0.000107463121822, 8.37769985083e-05, 4.83786825498e-05, 6.0252044932e-05, 5.16347936355e-05, 2.41841407842e-05, 2.55004742939e-05, 7.70612314227e-06, 1.2220224562e-05, 1.02320145743e-05, 5.73722309127e-06, 2.26891688726e-06, 1.69955501406e-06, 1.50252208186e-06, 4.61842830646e-07, 1.06270881872e-07, 5.66788287415e-08, 4.29771560562e-08, 2.02463326104e-08, 7.89629694964e-09, 4.72351535663e-09, 2.45057241166e-09, 1.26623456165e-09, 8.70674254916e-10, 7.12429115701e-10, 6.43953557145e-10]
    },
    "melbands128": {
        "max": [4.26415499533e-05, 0.000368219945813, 0.00130531250034, 0.00391133502126, 0.00412696134299, 0.00242773373611, 0.00635280646384, 0.0114003382623, 0.00853428803384, 0.0165501441807, 0.0203669127077, 0.0216874852777, 0.0219050869346, 0.0118814138696, 0.0210049599409, 0.0180418360978, 0.0643583834171, 0.0297074951231, 0.0269715636969, 0.0110758738592, 0.0230311453342, 0.00876917783171, 0.00229776161723, 0.00356134865433, 0.0139540182427, 0.0233572125435, 0.00734704686329, 0.0169637296349, 0.0115557741374, 0.00965627189726, 0.00595629867166, 0.00418371194974, 0.00235090986826, 0.00772094447166, 0.0020305197686, 0.0027366373688, 0.00518300337717, 0.000761268602218, 0.00234382878989, 0.00243941950612, 0.00167112541385, 0.000448443868663, 0.000695477297995, 0.0012957387371, 0.00118745281361, 0.00129158364143, 0.002419505734, 0.00194566952996, 0.00106062239502, 0.000843004148919, 0.000936065625865, 0.000776803179178, 0.000885535846464, 0.00059706059983, 0.000190344027942, 0.000143918194226, 0.000145787897054, 0.00033583905315, 0.000394216331188, 0.000377227464924, 0.000241293935687, 9.30160822463e-05, 0.000250798970228, 8.47215414979e-05, 2.78008174064e-05, 2.53370872088e-05, 7.3241062637e-05, 7.55905130063e-05, 1.37720180646e-05, 2.43965769187e-05, 2.81148186332e-05, 1.30600301418e-05, 1.32934719659e-05, 7.38103335607e-06, 3.89484739571e-06, 1.74737954239e-06, 1.12645784611e-06, 6.56337874716e-07, 2.30607815865e-06, 9.75482180365e-07, 1.14394583761e-06, 1.09194911602e-06, 1.03410468455e-06, 2.88011534622e-07, 1.52925267116e-07, 1.99491992703e-07, 8.16534253545e-08, 9.55296357574e-08, 7.7136384391e-08, 4.81081698922e-08, 2.95272784001e-08, 3.32037686235e-08, 7.53733075953e-08, 1.81449770764e-08, 1.65213176473e-08, 1.52639163531e-08, 1.56178501243e-08, 1.51750239041e-08, 1.32725554991e-08, 1.49221577317e-08, 1.4171905427e-08, 1.31541115778e-08, 1.28390054144e-08, 1.18593739273e-08, 1.36680036178e-08, 1.09047384456e-08, 1.09502389378e-08, 1.11841211847e-08, 8.38377012258e-09, 9.74121672215e-09, 9.39002653411e-09, 8.16502510048e-09, 9.97035520811e-09, 8.58724114039e-09, 7.14166992211e-09, 6.91588564194e-09, 7.19918658021e-09, 6.96538959843e-09, 6.726133428e-09, 6.55242704539e-09, 6.39795150192e-09, 6.25213525396e-09, 6.12651396281e-09, 6.00993610433e-09, 5.93066173948e-09, 5.86300075156e-09, 5.811520154e-09, 5.77943337632e-09],
        "mean": [2.81383290712e-06, 3.66010972357e-05, 0.000128467465402, 0.000203413233976, 0.000176831905264, 0.000135755268275, 0.000220470290515, 0.000338846206432, 0.000397815048927, 0.000652961141896, 0.00121134275105, 0.00159482529853, 0.000787209370174, 0.000554655736778, 0.000922385603189, 0.000629988615401, 0.000714912312105, 0.000878466118593, 0.00062815239653, 0.000413373112679, 0.000752524589188, 0.000232963633607, 7.34150962671e-05, 8.4023711679e-05, 0.000352598493919, 0.000723104050849, 0.000167190999491, 0.000255407387158, 0.000138475952554, 0.000174121087184, 0.000161415286129, 8.92450407264e-05, 5.70520860492e-05, 0.00016575132031, 5.83286528126e-05, 4.74337684864e-05, 9.0294975962e-05, 1.6233218048e-05, 2.64148202405e-05, 3.82660764444e-05, 2.88601804641e-05, 7.90318244981e-06, 1.17107092592e-05, 3.08291528199e-05, 1.59477676789e-05, 2.39015134866e-05, 4.4724180043e-05, 2.12998929783e-05, 1.03919246612e-05, 8.43418456498e-06, 1.03346683318e-05, 1.67748785316e-05, 9.30789155973e-06, 6.34942580291e-06, 6.39426889393e-06, 3.95476763515e-06, 3.01150271298e-06, 6.26295604889e-06, 5.3084290812e-06, 6.99210067978e-06, 4.49749813924e-06, 1.96733412849e-06, 4.77938192489e-06, 3.65902951671e-06, 1.18945445138e-06, 1.11385190849e-06, 2.35799598158e-06, 1.39259077514e-06, 7.14362386134e-07, 7.13404403996e-07, 9.57778752309e-07, 6.23225048457e-07, 4.66035459112e-07, 2.05616984772e-07, 1.03192832057e-07, 7.70995498556e-08, 4.66964209522e-08, 2.468884297e-08, 2.56219010453e-08, 2.67156963218e-08, 1.80013834949e-08, 1.4128835879e-08, 1.23858061585e-08, 8.39409874942e-09, 7.36250616029e-09, 5.89725956956e-09, 4.54494308855e-09, 4.15600931447e-09, 3.88775900362e-09, 3.45516326661e-09, 2.80715695133e-09, 2.55246646041e-09, 2.13402961968e-09, 1.86207582686e-09, 1.78490233704e-09, 1.68639402442e-09, 1.51034529328e-09, 1.49254308912e-09, 1.42830036687e-09, 1.25157495479e-09, 1.24381016597e-09, 1.20022780603e-09, 1.14584641775e-09, 1.1504757147e-09, 1.10109421581e-09, 1.09334563625e-09, 1.05829944808e-09, 1.02948305436e-09, 1.06479436379e-09, 1.06248998488e-09, 9.91010495888e-10, 9.7861063697e-10, 9.39422206692e-10, 9.40057698351e-10, 8.75214123397e-10, 7.20267734344e-10, 2.98620295158e-10, 3.29831335855e-11, 1.83680987087e-11, 1.99782534266e-11, 1.92015309902e-11, 2.05981811469e-11, 1.57065350309e-11, 8.80517533886e-12, 8.43267903422e-12, 8.30515257261e-12, 8.21566772946e-12, 8.1682161035e-12],
        "min": [7.28645366266e-09, 5.54902896965e-08, 4.24532515808e-08, 3.74457272301e-07, 3.1464935546e-07, 3.77946236085e-07, 4.66765783358e-07, 9.3134609358e-08, 6.61150522774e-07, 3.56403404567e-07, 6.22313450549e-07, 6.17088346644e-07, 2.79662970115e-07, 3.09503178642e-07, 8.40695918214e-07, 3.61094976142e-07, 1.12527777674e-06, 5.61038064006e-07, 8.68224162787e-07, 5.38797849003e-07, 2.23400135724e-07, 1.34787512707e-07, 1.56616941638e-08, 9.59335295647e-08, 1.52588086166e-07, 4.11636946751e-08, 2.23344063244e-08, 2.76074345607e-08, 3.93443393421e-08, 1.9832954834e-08, 1.14679270524e-08, 1.12073124114e-08, 4.11590193039e-08, 3.8395750579e-08, 1.16849392384e-08, 4.59126336949e-09, 3.2181965981e-09, 6.9100432043e-09, 9.51815870565e-09, 8.78931505355e-09, 9.41319644454e-09, 4.39497238602e-09, 1.64998663621e-08, 3.04486533764e-08, 7.55792139984e-09, 1.16851159859e-08, 8.704307497e-09, 1.10684945653e-08, 9.16396558637e-09, 5.19955722922e-09, 1.02238795208e-08, 9.15945275182e-09, 3.28179039499e-09, 6.76067513083e-09, 4.38959268934e-09, 3.70266528549e-09, 2.85435608482e-09, 3.68565666875e-09, 6.14152062539e-09, 6.22648332893e-09, 4.50573534039e-09, 4.29498392407e-09, 5.0013544417e-09, 3.4265061899e-09, 2.4481343619e-09, 2.57068810683e-09, 2.51680321028e-09, 1.85309989575e-09, 1.7100539873e-09, 1.92489157946e-09, 1.29266186644e-09, 1.04668773648e-09, 1.15601683781e-09, 1.3616063832e-09, 7.041566219e-10, 9.16964060238e-10, 5.20824883221e-10, 1.59169580294e-10, 3.65798724644e-10, 5.51269141447e-10, 3.67363583997e-10, 1.45349440817e-10, 2.38890490722e-10, 3.85819959314e-10, 1.65953903397e-10, 1.38596634169e-10, 2.33598307364e-10, 1.84058199237e-10, 1.44069062236e-10, 2.04368799661e-10, 8.10806838336e-11, 9.95751259225e-11, 7.62222160389e-11, 4.43375960946e-11, 8.29286639359e-11, 1.22956894666e-10, 1.29743325458e-11, 9.47637524007e-11, 9.81041844983e-11, 2.85844091452e-11, 1.08951105082e-10, 3.38810576817e-11, 6.970535954e-11, 4.31933031009e-11, 2.85265838729e-11, 7.0010261477e-11, 3.71949207545e-11, 6.03990191195e-11, 5.41811907839e-11, 8.29367616251e-11, 1.49657456566e-11, 4.12612236045e-11, 1.32413538467e-10, 3.65433863725e-11, 1.16807591377e-10, 5.04481560692e-11, 1.98676513609e-12, 5.02340682072e-14, 3.83414308603e-14, 3.7891185415e-14, 2.69844469848e-14, 3.49259704003e-14, 3.77136303686e-14, 3.84549502159e-14, 2.89255009105e-14, 1.07863098268e-14, 1.38951752766e-15, 6.97537984811e-17],
        "stdev": [3.72943918592e-06, 5.77711725782e-05, 0.000173295426066, 0.00033055539825, 0.000317477475619, 0.000230790858041, 0.000551186793018, 0.000951325520873, 0.000804808398243, 0.00132151821163, 0.00191015691962, 0.0027518379502, 0.00156233075541, 0.000901048304513, 0.00170816108584, 0.00161735084839, 0.00375697482377, 0.00254552601837, 0.00189602060709, 0.00100803014357, 0.0022110035643, 0.000712357461452, 0.000172253741766, 0.000183655691217, 0.000918733829167, 0.00244923844002, 0.000594892713707, 0.00121077836957, 0.000617812096607, 0.000705866143107, 0.000504177936818, 0.000293502758723, 0.000151625252329, 0.000529097917024, 0.000154239605763, 0.000204063529964, 0.000353999232175, 5.58506289963e-05, 0.000140437419759, 0.000178128364496, 0.000105832878035, 3.05682733597e-05, 4.35987240053e-05, 0.000102812940895, 6.79429722368e-05, 8.26554824016e-05, 0.00013311157818, 9.0878631454e-05, 4.41462980234e-05, 3.22944979416e-05, 3.16482073686e-05, 4.31844455306e-05, 4.32203160017e-05, 3.10486029775e-05, 1.35529726322e-05, 1.03439278973e-05, 9.30009900912e-06, 1.52999364218e-05, 1.7147487597e-05, 2.35931966017e-05, 1.33725106934e-05, 5.37784671906e-06, 1.14629665404e-05, 6.97539962857e-06, 2.41447332883e-06, 1.91721483134e-06, 4.72119882033e-06, 3.39367306879e-06, 1.34764741233e-06, 1.75745867637e-06, 2.7302298804e-06, 1.39277494782e-06, 9.99442477223e-07, 4.05672409443e-07, 2.10409538681e-07, 1.40845983765e-07, 9.7586116965e-08, 5.27600327871e-08, 7.67415144765e-08, 5.9100109695e-08, 5.28196935079e-08, 4.19591685841e-08, 3.77278546182e-08, 1.79428916169e-08, 1.39155647005e-08, 1.03919344241e-08, 6.72016398084e-09, 6.77568046115e-09, 5.6472422294e-09, 4.2353134333e-09, 2.96630009444e-09, 2.65996624726e-09, 2.75149880657e-09, 1.42705725015e-09, 1.30486499383e-09, 1.2112415515e-09, 1.09288289529e-09, 1.01733743652e-09, 9.39196831418e-10, 8.78242811808e-10, 8.51179904338e-10, 8.37927838226e-10, 7.72347463762e-10, 8.07385824864e-10, 7.96928634195e-10, 7.03353597586e-10, 7.19155734963e-10, 6.93032187193e-10, 7.4499467706e-10, 6.85362433472e-10, 6.27355611904e-10, 6.49139464404e-10, 5.56460766354e-10, 6.64649779658e-10, 5.05048836086e-10, 4.47167636253e-10, 3.62977148338e-10, 1.96013053011e-10, 1.86541213032e-10, 1.83295101319e-10, 1.78350945124e-10, 1.77188846928e-10, 1.7017739995e-10, 1.65407798569e-10, 1.63198191072e-10, 1.61332461279e-10, 1.59907934116e-10, 1.59024557411e-10]
    },
    "mfcc": {
        "mean": [-751.707458496, 219.107467651, -36.8599243164, 25.4566802979, -2.62315368652, -21.7234802246, -5.95568752289, -8.23430633545, -8.58089637756, -1.97225260735, -8.11891174316, -6.04493522644, -1.97166800499],
        "cov": [[3461.70605469, 496.156799316, -1519.04394531, -24.6377086639, -301.874389648, -170.511703491, 370.635162354, -50.1932907104, -100.73387146, -44.7059898376, -284.248931885, -126.893035889, 109.289375305], [496.156799316, 396.22088623, -154.080780029, -134.858978271, -16.5527229309, -58.6142311096, 108.45841217, 22.7638587952, 4.45079469681, -3.26764988899, -77.6954421997, -40.9964828491, -0.048551145941], [-1519.04394531, -154.080780029, 822.530700684, 19.9086780548, 127.682357788, 100.689750671, -176.158508301, 31.8831119537, 31.1487865448, 18.6661319733, 138.885299683, 66.3655471802, -40.6568145752], [-24.6377086639, -134.858978271, 19.9086780548, 226.591567993, 53.8422775269, -39.9746284485, -57.7137260437, -12.9818439484, -16.8920345306, -18.0873165131, 13.6281042099, 33.3803901672, 21.8108634949], [-301.874389648, -16.5527229309, 127.682357788, 53.8422775269, 144.325912476, 35.6843681335, -39.0294189453, 22.1607761383, 19.2357540131, 12.5812892914, 29.1414813995, 16.3418045044, -3.17600631714], [-170.511703491, -58.6142311096, 100.689750671, -39.9746284485, 35.6843681335, 206.543945312, 53.1603507996, 23.2003364563, 15.940279007, 13.1159858704, 42.936252594, 3.83432865143, -0.612126231194], [370.635162354, 108.45841217, -176.158508301, -57.7137260437, -39.0294189453, 53.1603507996, 177.175415039, 34.059223175, -7.61865234375, -7.2249994278, -46.9066390991, -19.8274650574, 15.3770227432], [-50.1932907104, 22.7638587952, 31.8831119537, -12.9818439484, 22.1607761383, 23.2003364563, 34.059223175, 81.8634567261, 39.6563835144, -4.92179393768, -10.6353645325, -2.99132013321, 17.3083877563], [-100.73387146, 4.45079469681, 31.1487865448, -16.8920345306, 19.2357540131, 15.940279007, -7.61865234375, 39.6563835144, 98.7493972778, 33.7759971619, -8.1192741394, -14.7866477966, -7.91978788376], [-44.7059898376, -3.26764988899, 18.6661319733, -18.0873165131, 12.5812892914, 13.1159858704, -7.2249994278, -4.92179393768, 33.7759971619, 85.6205825806, 30.0243186951, -16.3441886902, -19.5434684753], [-284.248931885, -77.6954421997, 138.885299683, 13.6281042099, 29.1414813995, 42.936252594, -46.9066390991, -10.6353645325, -8.1192741394, 30.0243186951, 100.678886414, 37.5923957825, -13.0823936462], [-126.893035889, -40.9964828491, 66.3655471802, 33.3803901672, 16.3418045044, 3.83432865143, -19.8274650574, -2.99132013321, -14.7866477966, -16.3441886902, 37.5923957825, 88.9271240234, 56.2001457214], [109.289375305, -0.048551145941, -40.6568145752, 21.8108634949, -3.17600631714, -0.612126231194, 15.3770227432, 17.3083877563, -7.91978788376, -19.5434684753, -13.0823936462, 56.2001457214, 124.903083801]],
        "icov": [[0.00347962323576, -0.00405480666086, 0.00587659562007, -0.0036096740514, 0.00443077133968, -0.00331880082376, 0.00256725563668, -0.00215271557681, 0.0026948840823, -0.00198007561266, 0.00102895731106, -0.000235963263549, -0.000349369074684], [-0.00405480666086, 0.00992143526673, -0.00699138082564, 0.00756554817781, -0.00788995716721, 0.00706005375832, -0.006471847184, 0.00328147551045, -0.0032254057005, 0.00251285801642, 6.00393141212e-05, 0.00094012793852, -9.71159461187e-05], [0.00587659562007, -0.00699138082564, 0.0124026406556, -0.00568753900006, 0.00692507065833, -0.0070054223761, 0.00723075866699, -0.00588263943791, 0.00508008338511, -0.00333303236403, 0.000923893472645, -0.00220553134568, 0.000842112931423], [-0.0036096740514, 0.00756554817781, -0.00568753900006, 0.0117790745571, -0.00888621248305, 0.00643532210961, -0.0035439201165, 0.00316518661566, -0.00235756160691, 0.00334147829562, -0.000720093550626, -0.000326266570482, -0.000498843321111], [0.00443077133968, -0.00788995716721, 0.00692507065833, -0.00888621248305, 0.0173082873225, -0.00814546551555, 0.00728991441429, -0.00695115141571, 0.00407432997599, -0.00499208411202, 0.00209011510015, -0.00246579945087, 0.00119753973559], [-0.00331880082376, 0.00706005375832, -0.0070054223761, 0.00643532210961, -0.00814546551555, 0.0136464666575, -0.0102283926681, 0.00512791611254, -0.00557232974097, 0.00478250952438, -0.00663168588653, 0.00437844824046, -0.00235869828612], [0.00256725563668, -0.006471847184, 0.00723075866699, -0.0035439201165, 0.00728991441429, -0.0102283926681, 0.0181313399225, -0.0106352390721, 0.00790016632527, -0.00565250404179, 0.0068115144968, -0.00485824095085, 0.00261638872325], [-0.00215271557681, 0.00328147551045, -0.00588263943791, 0.00316518661566, -0.00695115141571, 0.00512791611254, -0.0106352390721, 0.0254407078028, -0.0133715085685, 0.00872877892107, -0.00515988143161, 0.00646250788122, -0.00588072184473], [0.0026948840823, -0.0032254057005, 0.00508008338511, -0.00235756160691, 0.00407432997599, -0.00557232974097, 0.00790016632527, -0.0133715085685, 0.0215732622892, -0.0119785498828, 0.00910920649767, -0.00406841607764, 0.00294098467566], [-0.00198007561266, 0.00251285801642, -0.00333303236403, 0.00334147829562, -0.00499208411202, 0.00478250952438, -0.00565250404179, 0.00872877892107, -0.0119785498828, 0.0226383637637, -0.0134249068797, 0.00926965847611, -0.00334642711096], [0.00102895731106, 6.00393141212e-05, 0.000923893472645, -0.000720093550626, 0.00209011510015, -0.00663168588653, 0.0068115144968, -0.00515988143161, 0.00910920649767, -0.0134249068797, 0.0280552022159, -0.0153973242268, 0.00776681583375], [-0.000235963263549, 0.00094012793852, -0.00220553134568, -0.000326266570482, -0.00246579945087, 0.00437844824046, -0.00485824095085, 0.00646250788122, -0.00406841607764, 0.00926965847611, -0.0153973242268, 0.029081100598, -0.0142981018871], [-0.000349369074684, -9.71159461187e-05, 0.000842112931423, -0.000498843321111, 0.00119753973559, -0.00235869828612, 0.00261638872325, -0.00588072184473, 0.00294098467566, -0.00334642711096, 0.00776681583375, -0.0142981018871, 0.0160945877433]]
    },
    "spectral_contrast_coeffs": {
        "max": [-0.416878581047, -0.344736874104, -0.456176161766, -0.634460806847, -0.619449555874, -0.641748130322],
        "mean": [-0.645684123039, -0.702863335609, -0.724469125271, -0.790400922298, -0.776319801807, -0.789806187153],
        "min": [-0.888969779015, -0.91611456871, -0.9186642766, -0.930704116821, -0.888927459717, -0.947368979454],
        "stdev": [0.0906835347414, 0.0836997628212, 0.0803848952055, 0.0508953928947, 0.0444341935217, 0.0337200313807]
    },
    "spectral_contrast_valleys": {
        "max": [-5.94346046448, -4.91315555573, -5.89339733124, -6.4176440239, -7.24759626389, -10.9202575684],
        "mean": [-7.17789030075, -6.66849660873, -7.79636287689, -8.20363426208, -8.77975749969, -12.8627405167],
        "min": [-9.26326751709, -8.55274391174, -10.0750923157, -10.2017507553, -10.4526977539, -13.4695167542],
        "stdev": [0.505669951439, 0.628317117691, 0.836035788059, 0.719597160816, 0.6720084548, 0.22698161006]
    }
},
"rhythm": {
    "beats_count": 61,
    "beats_loudness": {
        "max": 0.0737592577934,
        "mean": 0.024869762361,
        "min": 0.000517717737239,
        "stdev": 0.0179507937282
    },
    "bpm": 97.9318618774,
    "bpm_histogram_first_peak_bpm": 98,
    "bpm_histogram_first_peak_weight": 0.375,
    "bpm_histogram_second_peak_bpm": 133,
    "bpm_histogram_second_peak_spread": 0.619047641754,
    "bpm_histogram_second_peak_weight": 0.133333340287,
    "danceability": 0.966570138931,
    "onset_rate": 1.90722644329,
    "beats_loudness_band_ratio": {
        "max": [0.689962506294, 0.891799628735, 0.712883710861, 0.646923780441, 0.141493692994, 0.0208058021963],
        "mean": [0.132629677653, 0.446597903967, 0.316521823406, 0.130554318428, 0.033838763833, 0.0033998740837],
        "min": [0.00466075586155, 0.0604340992868, 0.0450534000993, 0.00286675035022, 0.00245511974208, 8.1620477431e-05],
        "stdev": [0.153857901692, 0.222895473242, 0.16648119688, 0.148711383343, 0.0296609140933, 0.0040834848769]
    },
    "beats_position": [0.53405892849, 1.09133780003, 1.62539684772, 2.15945577621, 2.70512461662, 3.20435357094, 3.69197273254, 4.19120168686, 4.66721057892, 5.14321994781, 5.61922883987, 6.08362817764, 6.52480697632, 6.96598625183, 7.40716552734, 7.84834432602, 8.28952407837, 8.73070240021, 9.18349170685, 9.63628101349, 10.077460289, 10.5418596268, 10.9946479797, 11.4474372864, 11.900226593, 12.3530158997, 12.8058052063, 13.2702035904, 13.7346029282, 14.1990022659, 14.66340065, 15.1161899567, 15.5921993256, 16.0682086945, 16.5558280945, 17.0434455872, 17.5310649872, 18.1696147919, 18.7965526581, 19.4234924316, 20.0388202667, 20.6541500092, 21.2694778442, 21.8848075867, 22.5117454529, 23.1270751953, 23.7540130615, 24.3461227417, 24.9382305145, 25.5419502258, 26.1456680298, 26.7609977722, 27.3763256073, 27.9916553497, 28.6069831848, 29.2223129272, 29.8376407623, 30.4297504425, 31.0218582153, 31.6255779266, 32.2409057617],
