{
"metadata": {
    "version": {
        "essentia": "2.1-beta5",
        "essentia_git_sha": "Undefined",
        "extractor": "music 2.0"
    },
    "audio_properties": {
        "analysis": {
            "equal_loudness": 0,
            "length": 12.7477550507,
            "sample_rate": 44100,
            "start_time": 0,
            "downmix": "mix"
        },
        "bit_rate": 192000,
        "length": 194.977966309,
        "lossless": 0,
        "number_channels": 2,
        "replay_gain": -9.18762779236,
        "sample_rate": 44100,
        "codec": "mp3",
        "md5_encoded": "75005cdc356be735e615182e0bed0fdb"
    },
    "tags": {
        "file_name": "Yugoslavia_Život je sklopio krug_Sabahudin Kurt.mp3",
        "encoding": ["Lavf58.29.100"]
    }
},
"lowlevel": {
    "average_loudness": 0.685529589653,
    "barkbands_crest": {
        "max": 23.4259281158,
        "mean": 9.29933738708,
        "min": 3.05400085449,
        "stdev": 4.42127895355
    },
    "barkbands_flatness_db": {
        "max": 0.315890669823,
        "mean": 0.207562401891,
        "min": 0.0601156353951,
        "stdev": 0.0386159606278
    },
    "barkbands_kurtosis": {
        "max": 20.7008666992,
        "mean": 1.9260289669,
        "min": -1.03243768215,
        "stdev": 2.91736102104
    },
    "barkbands_skewness": {
        "max": 4.07500123978,
        "mean": 0.776308357716,
        "min": -1.91455149651,
        "stdev": 0.764080524445
    },
    "barkbands_spread": {
        "max": 39.5543403625,
        "mean": 10.4711208344,
        "min": 1.98870503902,
        "stdev": 4.04146957397
    },
    "dissonance": {
        "max": 0.499544769526,
        "mean": 0.442618042231,
        "min": 0.27848520875,
        "stdev": 0.0452104993165
    },
    "dynamic_complexity": 3.32535481453,
    "erbbands_crest": {
        "max": 31.0075092316,
        "mean": 11.6966171265,
        "min": 3.16893196106,
        "stdev": 6.07361698151
    },
    "erbbands_flatness_db": {
        "max": 0.374010771513,
        "mean": 0.275106310844,
        "min": 0.1017864272,
        "stdev": 0.02954104729
    },
    "erbbands_kurtosis": {
        "max": 18.0269317627,
        "mean": 0.950269639492,
        "min": -1.37269091606,
        "stdev": 2.30253481865
    },
    "erbbands_skewness": {
        "max": 2.47980260849,
        "mean": 0.52464389801,
        "min": -0.617653667927,
        "stdev": 0.571676969528
    },
    "erbbands_spread": {
        "max": 36.3739356995,
        "mean": 16.8401908875,
        "min": 2.73245120049,
        "stdev": 5.87059259415
    },
    "hfc": {
        "max": 71.7783508301,
        "mean": 12.0972185135,
        "min": 1.2195170093e-16,
        "stdev": 10.8944168091
    },
    "loudness_ebu128": {
        "integrated": -16.7334766388,
        "loudness_range": 7.90436172485,
        "momentary": {
            "max": -11.653591156,
            "mean": -18.0965137482,
            "min": -23.8507709503,
            "stdev": 3.52976799011
        },
        "short_term": {
            "max": -13.14935112,
            "mean": -17.6571750641,
            "min": -23.1063976288,
            "stdev": 2.77165150642
        }
    },
    "melbands_crest": {
        "max": 28.8042182922,
        "mean": 11.7260046005,
        "min": 1.88918280602,
        "stdev": 5.81067180634
    },
    "melbands_flatness_db": {
        "max": 0.347729682922,
        "mean": 0.225546836853,
        "min": 0.00620675319806,
        "stdev": 0.0502338372171
    },
    "melbands_kurtosis": {
        "max": 38.3137168884,
        "mean": 2.72746753693,
        "min": -1.15999293327,
        "stdev": 3.89134287834
    },
    "melbands_skewness": {
        "max": 4.93673229218,
        "mean": 0.943256497383,
        "min": -1.40126597881,
        "stdev": 0.799919307232
    },
    "melbands_spread": {
        "max": 124.195648193,
        "mean": 17.8355369568,
        "min": 3.36696743965,
        "stdev": 9.6657333374
    },
    "pitch_salience": {
        "max": 0.864616692066,
        "mean": 0.617943525314,
        "min": 0.263493269682,
        "stdev": 0.131077110767
    },
    "silence_rate_20dB": {
        "max": 1,
        "mean": 1,
        "min": 1,
        "stdev": 0
    },
    "silence_rate_30dB": {
        "max": 1,
        "mean": 1,
        "min": 1,
        "stdev": 0
    },
    "silence_rate_60dB": {
        "max": 1,
        "mean": 0.152727276087,
        "min": 0,
        "stdev": 0.359722942114
    },
    "spectral_centroid": {
        "max": 10738.7705078,
        "mean": 1109.33044434,
        "min": 511.715942383,
        "stdev": 552.387756348
    },
    "spectral_complexity": {
        "max": 27,
        "mean": 15.8963632584,
        "min": 0,
        "stdev": 3.40563583374
    },
    "spectral_decrease": {
        "max": 4.88610804211e-29,
        "mean": -4.25567625584e-09,
        "min": -2.39932482771e-08,
        "stdev": 4.21720658395e-09
    },
    "spectral_energy": {
        "max": 0.0958700627089,
        "mean": 0.0171591639519,
        "min": 1.08769629972e-20,
        "stdev": 0.0168639309704
    },
    "spectral_energyband_high": {
        "max": 0.00016799592413,
        "mean": 3.235038821e-05,
        "min": 7.97733871319e-21,
        "stdev": 2.64286118181e-05
    },
    "spectral_energyband_low": {
        "max": 0.00576219335198,
        "mean": 0.000543481495697,
        "min": 2.99327275143e-23,
        "stdev": 0.000798422843218
    },
    "spectral_energyband_middle_high": {
        "max": 0.0713377594948,
        "mean": 0.0064610214904,
        "min": 1.57394911156e-21,
        "stdev": 0.00838791579008
    },
    "spectral_energyband_middle_low": {
        "max": 0.0712307393551,
        "mean": 0.0102446218953,
        "min": 2.95390013567e-22,
        "stdev": 0.0120206642896
    },
    "spectral_entropy": {
        "max": 9.79639625549,
        "mean": 7.1432185173,
        "min": 6.21503448486,
        "stdev": 0.392659008503
    },
    "spectral_flux": {
        "max": 0.173001557589,
        "mean": 0.0572680011392,
        "min": 1.0429267866e-10,
        "stdev": 0.0237206202
    },
    "spectral_kurtosis": {
        "max": 35.1289978027,
        "mean": 9.76522064209,
        "min": -1.21706616879,
        "stdev": 5.92730045319
    },
    "spectral_rms": {
        "max": 0.00967118237168,
        "mean": 0.00368228647858,
        "min": 3.25755590037e-12,
        "stdev": 0.00178364745807
    },
    "spectral_rolloff": {
        "max": 18669.2871094,
        "mean": 1303.85449219,
        "min": 452.197265625,
        "stdev": 1133.74902344
    },
    "spectral_skewness": {
        "max": 4.43908023834,
        "mean": 1.90902125835,
        "min": 0.0280340183526,
        "stdev": 0.589792191982
    },
    "spectral_spread": {
        "max": 40874384,
        "mean": 2259542.25,
        "min": 1370842.125,
        "stdev": 1777838
    },
    "spectral_strongpeak": {
        "max": 9.18204402924,
        "mean": 1.54356372356,
        "min": 0,
        "stdev": 1.47477328777
    },
    "zerocrossingrate": {
        "max": 0.4892578125,
        "mean": 0.046177200973,
        "min": 0.02099609375,
        "stdev": 0.0226827356964
    },
    "barkbands": {
        "max": [2.96476682706e-05, 0.00378680927679, 0.00352775119245, 0.00380332907662, 0.0167094040662, 0.00806923396885, 0.0651570782065, 0.0102412737906, 0.00503922672942, 0.0656029284, 0.00851198565215, 0.0161722321063, 0.0061909626238, 0.000879238650668, 0.00173502753023, 0.00176985387225, 0.00107974209823, 0.000833040045109, 0.000411928282119, 0.000155120156705, 0.00015693694877, 2.27794171224e-05, 1.30447042466e-05, 1.17531271826e-05, 2.26489964916e-06, 3.41418285643e-07, 3.66459204315e-07],
        "mean": [3.87031559512e-06, 0.000256187544437, 0.000184655888006, 0.000312351825414, 0.00123549450655, 0.00119195308071, 0.00551959685981, 0.00111889990512, 0.000761770759709, 0.00399365508929, 0.000519948545843, 0.000540654815268, 0.000474850094179, 0.000180443952559, 0.000239850123762, 0.000246581388637, 0.000140418822411, 0.000115622024168, 7.85268639447e-05, 2.21572354349e-05, 1.45410613186e-05, 4.25478901889e-06, 1.81585846804e-06, 8.5085559931e-07, 2.1820414986e-07, 1.20125476233e-09, 1.29036192842e-09],
        "min": [5.38789600129e-23, 2.878012679e-24, 3.67307915853e-24, 1.827617168e-23, 7.71876919258e-23, 4.42627108684e-23, 4.72084153072e-23, 5.23752081118e-23, 5.09194378864e-23, 2.13332695895e-23, 4.08506949712e-23, 1.42861523489e-22, 1.00008989841e-22, 1.85541157759e-22, 9.343237007e-23, 2.20990408516e-22, 1.45640257628e-22, 2.09382869343e-22, 2.24483156438e-22, 3.01639104601e-22, 4.86274612175e-22, 4.27006040862e-22, 7.42307963906e-22, 8.70974030069e-22, 1.10830620342e-21, 1.87706082384e-21, 2.55787206934e-21],
        "stdev": [4.18219542553e-06, 0.000461790448753, 0.000388861168176, 0.000544473528862, 0.00179361563642, 0.00148412655108, 0.00974340643734, 0.0014646811178, 0.000836285820697, 0.0078625138849, 0.000728126615286, 0.00117453443818, 0.000623877043836, 0.000150736916112, 0.000200332564418, 0.000218021945329, 0.000133547364385, 0.000104349288449, 6.50505025988e-05, 1.83758475032e-05, 1.88561589312e-05, 3.62418450095e-06, 1.87244916106e-06, 1.03724073597e-06, 1.88553201497e-07, 1.45617073954e-08, 1.56289274855e-08]
    },
    "erbbands": {
        "max": [0.0652030929923, 1.0663690567, 3.1838991642, 5.76625013351, 28.257806778, 57.3175849915, 104.355003357, 86.9528503418, 1141.32702637, 340.078277588, 227.598770142, 155.72668457, 286.466339111, 2682.41455078, 377.995117188, 577.098022461, 339.239990234, 39.9751167297, 77.0182495117, 84.1128845215, 117.217399597, 39.7135505676, 46.1198120117, 33.1850204468, 24.521030426, 8.605676651, 9.48052501678, 1.63672459126, 0.771696269512, 0.508746564388, 0.445878595114, 0.37122541666, 0.106377579272, 0.0386819578707, 0.00541262282059, 0.0013607662404, 0.00063696783036, 0.000227471609833, 5.67977440369e-05, 0.000109504988359],
        "mean": [0.00435163779184, 0.0687952563167, 0.229843124747, 0.585058867931, 2.32572793961, 3.67508172989, 8.48215103149, 13.115696907, 81.3670806885, 36.4957771301, 25.2122306824, 17.5409488678, 33.1461372375, 161.675888062, 26.4311542511, 21.6944236755, 24.4524993896, 8.76206970215, 14.738951683, 10.4250192642, 13.0692653656, 8.25393199921, 6.60666751862, 3.95551013947, 3.9458758831, 1.27956771851, 0.852207779884, 0.312813878059, 0.147734686732, 0.0809583365917, 0.0480114780366, 0.0266799312085, 0.00999061297625, 0.00401774980128, 0.000674427312333, 3.21440784319e-05, 9.43479426496e-06, 2.70213104159e-06, 8.962465472e-06, 1.98996112886e-05],
        "min": [1.92533936367e-22, 8.38125660027e-22, 5.30212392499e-21, 3.09592442152e-20, 1.68479746499e-19, 3.03428150056e-19, 1.75218838648e-19, 3.97021490866e-19, 5.62216981367e-19, 9.16589530988e-19, 1.49943401869e-18, 1.01795482819e-18, 5.86170736039e-19, 1.1370902397e-18, 2.44444464834e-18, 6.2541724044e-18, 5.33073154319e-18, 1.07657316841e-17, 4.4123501322e-18, 5.6669589555e-18, 1.25327979221e-17, 8.59919676735e-18, 1.01680572956e-17, 1.16928340603e-17, 1.32820233793e-17, 1.32989723101e-17, 1.79278460666e-17, 1.81374883754e-17, 1.57283562742e-17, 1.92956454577e-17, 2.11139588433e-17, 1.43494875521e-17, 1.71500762608e-17, 1.05368690066e-17, 9.15679590955e-18, 5.48895506435e-18, 4.13532941301e-18, 1.90198787444e-18, 3.05621264353e-19, 3.43766536742e-20],
        "stdev": [0.00851370580494, 0.123020976782, 0.435644239187, 0.942607402802, 3.55658483505, 5.35723829269, 14.5555419922, 16.1658191681, 150.782119751, 50.9192352295, 32.3809356689, 20.3458881378, 43.1428260803, 320.997924805, 33.476020813, 40.3213653564, 33.0345573425, 5.98245048523, 11.2132263184, 9.25551795959, 12.4537010193, 6.24397706985, 5.75095367432, 3.68142318726, 3.58517789841, 1.06121814251, 1.1686681509, 0.242850109935, 0.116482190788, 0.0736126825213, 0.0514914058149, 0.0329824276268, 0.010937070474, 0.00359269394539, 0.000452993815998, 5.98384613113e-05, 2.76775808743e-05, 9.77542367764e-06, 8.66001391842e-06, 1.9287397663e-05]
    },
    "gfcc": {
        "mean": [-90.8319625854, 163.365249634, -190.412094116, 9.41842746735, -66.17137146, -12.1235408783, -27.2839603424, -6.67268753052, -6.86327123642, -18.9728755951, 7.56942033768, -15.1118717194, 8.460064888],
        "cov": [[5486.91552734, 1097.85949707, -177.56842041, -48.1221084595, -418.879150391, -265.464080811, -48.231754303, -77.5616760254, 9.6316318512, -229.238098145, 27.4253864288, -36.9535751343, 38.7238044739], [1097.85949707, 424.859436035, 192.837615967, 13.0910615921, -55.0290298462, -100.251678467, 10.2754049301, -6.23058843613, 18.4251232147, -52.743057251, 2.7306497097, -8.27282047272, 6.60746622086], [-177.56842041, 192.837615967, 499.418701172, 31.8364181519, -28.6947383881, -75.7649307251, 48.0484924316, 27.2976226807, 31.5898075104, -23.6007442474, 5.03300285339, 18.9089450836, -10.4480161667], [-48.1221084595, 13.0910615921, 31.8364181519, 164.856628418, 47.2381057739, 57.0989456177, 10.3594474792, 18.6410560608, 14.7396268845, 21.6084671021, 4.75696468353, -29.9128494263, -8.50857543945], [-418.879150391, -55.0290298462, -28.6947383881, 47.2381057739, 116.751121521, 70.941696167, 16.0376758575, 22.3617267609, 2.88402819633, 35.6172676086, -1.95437419415, -3.55914163589, -3.97562456131], [-265.464080811, -100.251678467, -75.7649307251, 57.0989456177, 70.941696167, 148.039886475, 41.4711875916, 37.2923126221, 9.51229953766, 34.6676101685, 4.55616569519, -16.7655715942, -3.02333021164], [-48.231754303, 10.2754049301, 48.0484924316, 10.3594474792, 16.0376758575, 41.4711875916, 84.2886734009, 49.9870185852, 21.6642608643, 8.63958072662, 6.73105573654, 7.39862775803, 4.74279308319], [-77.5616760254, -6.23058843613, 27.2976226807, 18.6410560608, 22.3617267609, 37.2923126221, 49.9870185852, 72.5861740112, 40.3288726807, 24.358795166, 13.5899829865, 5.2969994545, 1.85419487953], [9.6316318512, 18.4251232147, 31.5898075104, 14.7396268845, 2.88402819633, 9.51229953766, 21.6642608643, 40.3288726807, 62.6372108459, 37.5194854736, 20.9066867828, 10.5603103638, 1.26238894463], [-229.238098145, -52.743057251, -23.6007442474, 21.6084671021, 35.6172676086, 34.6676101685, 8.63958072662, 24.358795166, 37.5194854736, 77.1473693848, 33.6922111511, 8.43374252319, -0.489034563303], [27.4253864288, 2.7306497097, 5.03300285339, 4.75696468353, -1.95437419415, 4.55616569519, 6.73105573654, 13.5899829865, 20.9066867828, 33.6922111511, 55.2993049622, 28.8261756897, 3.93040966988], [-36.9535751343, -8.27282047272, 18.9089450836, -29.9128494263, -3.55914163589, -16.7655715942, 7.39862775803, 5.2969994545, 10.5603103638, 8.43374252319, 28.8261756897, 54.9863929749, 22.8526802063], [38.7238044739, 6.60746622086, -10.4480161667, -8.50857543945, -3.97562456131, -3.02333021164, 4.74279308319, 1.85419487953, 1.26238894463, -0.489034563303, 3.93040966988, 22.8526802063, 44.8564453125]],
        "icov": [[0.00161019270308, -0.00500468397513, 0.00281150103547, -0.000995901878923, 0.00511677609757, -0.00148661993444, 0.000269269250566, -0.000828474701848, 3.50050067937e-05, 0.00130820425693, -0.000175679975655, -0.00184797367547, 0.0011423220858], [-0.00500468397513, 0.0200162380934, -0.00971345696598, 0.00293267285451, -0.0176266506314, 0.00774377770722, -0.00269491667859, 0.00483764382079, -0.00455174827948, 0.00141100841574, -0.00469948165119, 0.0115787712857, -0.00663320766762], [0.00281150103547, -0.00971345696598, 0.00804511271417, -0.00317621813156, 0.00913537293673, -0.000796469394118, -0.00164167885669, -0.00181593908928, -0.000270727585303, 0.0022362084128, 0.00124913058244, -0.00604825420305, 0.00428362842649], [-0.000995901878923, 0.00293267285451, -0.00317621813156, 0.0103100780398, -0.00665956642479, -0.00176794012077, 0.00134054711089, 0.00128746184055, -0.00268023018725, 0.00102064118255, -0.0053249951452, 0.00990919116884, -0.00375596433878], [0.00511677609757, -0.0176266506314, 0.00913537293673, -0.00665956642479, 0.0338115803897, -0.0113605102524, 0.00321043422446, -0.00820103287697, 0.0094480542466, -0.0081680547446, 0.0115236854181, -0.0170758161694, 0.00860921479762], [-0.00148661993444, 0.00774377770722, -0.000796469394118, -0.00176794012077, -0.0113605102524, 0.018404090777, -0.00818848144263, 0.000239340035478, -0.00104423391167, 0.000658417353407, -0.00529602309689, 0.00990185048431, -0.00383272441104], [0.000269269250566, -0.00269491667859, -0.00164167885669, 0.00134054711089, 0.00321043422446, -0.00818848144263, 0.02544141002, -0.0163775831461, 0.00407426524907, -0.000173917680513, 0.00321633368731, -0.00559315644205, 0.000207170407521], [-0.000828474701848, 0.00483764382079, -0.00181593908928, 0.00128746184055, -0.00820103287697, 0.000239340035478, -0.0163775831461, 0.038284253329, -0.0219859723002, 0.00611104862764, -0.00672706821933, 0.00779214221984, -0.00343274674378], [3.50050067937e-05, -0.00455174827948, -0.000270727585303, -0.00268023018725, 0.0094480542466, -0.00104423391167, 0.00407426524907, -0.0219859723002, 0.0434667356312, -0.0238238740712, 0.0098464936018, -0.0121662784368, 0.00516632385552], [0.00130820425693, 0.00141100841574, 0.0022362084128, 0.00102064118255, -0.0081680547446, 0.000658417353407, -0.000173917680513, 0.00611104862764, -0.0238238740712, 0.0410404093564, -0.0257227122784, 0.0139386858791, -0.00526597164571], [-0.000175679975655, -0.00469948165119, 0.00124913058244, -0.0053249951452, 0.0115236854181, -0.00529602309689, 0.00321633368731, -0.00672706821933, 0.0098464936018, -0.0257227122784, 0.0497788637877, -0.0343853533268, 0.0133259641007], [-0.00184797367547, 0.0115787712857, -0.00604825420305, 0.00990919116884, -0.0170758161694, 0.00990185048431, -0.00559315644205, 0.00779214221984, -0.0121662784368, 0.0139386858791, -0.0343853533268, 0.0569984950125, -0.0257474966347], [0.0011423220858, -0.00663320766762, 0.00428362842649, -0.00375596433878, 0.00860921479762, -0.00383272441104, 0.000207170407521, -0.00343274674378, 0.00516632385552, -0.00526597164571, 0.0133259641007, -0.0257474966347, 0.0349412150681]]
    },
    "melbands": {
        "max": [0.000685503706336, 0.00147903407924, 0.00134982704185, 0.00232732272707, 0.00366119341925, 0.0026081262622, 0.015447281301, 0.00356684927829, 0.0014805838, 0.000881853920873, 0.00136076181661, 0.0115536060184, 0.00138941430487, 0.0024663771037, 0.000468894228106, 0.000510530371685, 6.80095472489e-05, 0.000104943130282, 0.000123994163005, 0.000147475249832, 0.000146158083226, 4.47079110018e-05, 0.000106067389424, 3.05719622702e-05, 2.92705753964e-05, 2.01897582883e-05, 1.2527155377e-05, 6.7323408075e-06, 8.07000651548e-06, 1.81241807695e-06, 9.37040567806e-07, 5.1072208862e-07, 5.3114581533e-07, 2.5810788884e-07, 3.18422678447e-07, 1.56059556389e-07, 2.66704972773e-07, 7.56115596801e-08, 4.42988650207e-08, 2.71718505473e-08],
        "mean": [5.61546003155e-05, 0.000110524582851, 0.000156974245328, 0.000215359919821, 0.000274974765489, 0.00029143327265, 0.0012350686593, 0.00035070622107, 0.000181992378202, 0.000105864673969, 0.000159438772243, 0.000690013926942, 8.16918691271e-05, 7.24841738702e-05, 4.93572952109e-05, 3.9251470298e-05, 1.36808967e-05, 2.3526379664e-05, 1.64108023455e-05, 1.32148988996e-05, 1.5766299839e-05, 7.0002256507e-06, 9.86467057373e-06, 4.10075472246e-06, 2.94084998131e-06, 3.21916809298e-06, 1.65286166975e-06, 6.79131971992e-07, 6.09183075539e-07, 2.51226822456e-07, 1.62433877904e-07, 9.37136661605e-08, 5.43812639364e-08, 4.05265900838e-08, 3.00376292728e-08, 2.02639807156e-08, 1.40342626409e-08, 7.15327264089e-09, 4.78574957441e-09, 2.8633766469e-09],
        "min": [3.80410816603e-24, 2.22434379749e-24, 8.96860538539e-24, 1.93081279618e-23, 6.73443533925e-24, 9.14977518088e-24, 9.22881036612e-24, 1.07630107204e-23, 1.25687788079e-23, 5.69154741748e-24, 2.76934196171e-24, 4.33190186555e-24, 6.87877321908e-24, 1.55803389329e-23, 1.39706966547e-23, 1.37429335788e-23, 1.90574326992e-23, 5.85957124042e-24, 7.05844891202e-24, 1.03612959262e-23, 1.57567440085e-23, 8.69385223185e-24, 9.80927473056e-24, 8.77115902284e-24, 9.66989563038e-24, 7.76696906721e-24, 1.2768082149e-23, 7.16769825878e-24, 1.16345363599e-23, 9.76671962903e-24, 1.06353335829e-23, 8.58131096853e-24, 8.45577795496e-24, 1.22202687375e-23, 1.32952029502e-23, 9.66672519841e-24, 8.39227938525e-24, 1.18858792772e-23, 1.00996307639e-23, 8.24717078832e-24],
        "stdev": [0.000101882804302, 0.000184791409993, 0.000223118797294, 0.000283661909634, 0.000467433885206, 0.000391192297684, 0.00221415818669, 0.000473975058412, 0.000226948512136, 0.000121074481285, 0.000216872111196, 0.00138078117743, 0.000113968417281, 0.000175388209755, 5.45710354345e-05, 4.90187849209e-05, 1.1778469343e-05, 1.85766766663e-05, 1.33636967803e-05, 1.51537460624e-05, 1.75145796675e-05, 6.55066651234e-06, 1.20684662761e-05, 3.5681632653e-06, 3.08961466544e-06, 2.75871002486e-06, 1.63365939443e-06, 7.88362456206e-07, 9.20439504171e-07, 2.53562348007e-07, 1.41196352388e-07, 7.93284513634e-08, 5.69215963253e-08, 3.95624049077e-08, 3.38003367517e-08, 2.33545698336e-08, 1.98377527738e-08, 8.12381273363e-09, 4.9331245755e-09, 2.35309549623e-09]
    },
    "melbands128": {
        "max": [2.68971107289e-05, 0.000477951223729, 0.000963428639807, 0.00225505651906, 0.00200363644399, 0.0017089425819, 0.00137453735806, 0.00236221519299, 0.00380214233883, 0.00230990210548, 0.00308197340928, 0.00550897698849, 0.00504457205534, 0.00225307233632, 0.00252830050886, 0.00344577920623, 0.0202588289976, 0.0238192044199, 0.0122801270336, 0.0040494510904, 0.00293329590932, 0.0041918149218, 0.002466885373, 0.000791453290731, 0.00192778545897, 0.000573027296923, 0.00236518145539, 0.000711154891178, 0.00273779919371, 0.0192224960774, 0.0134789710864, 0.000434680579929, 0.00262432475574, 0.00117606983986, 0.0022167051211, 0.00459706410766, 0.000574000761844, 0.000618964666501, 0.00116529094521, 0.00134621525649, 0.000172122527147, 0.000137437673402, 8.00838388386e-05, 0.000102342237369, 0.000167012840393, 0.000153405795572, 0.000367712113075, 0.000191378931049, 7.23860794096e-05, 0.000220786503633, 0.000218001063331, 0.000103036822111, 0.0003172273573, 0.000136561036925, 0.000105258390249, 5.40072614967e-05, 6.66388732498e-05, 0.000216916188947, 0.000117510717246, 3.30908114847e-05, 4.75060114695e-05, 2.8179572837e-05, 8.10928686406e-05, 9.66116022028e-06, 4.73604413855e-05, 2.5285375159e-05, 3.56816162821e-05, 3.02853532048e-05, 1.45507528941e-05, 1.38190753205e-05, 1.3972360648e-05, 6.1595706029e-06, 3.28979717779e-06, 1.60985146067e-05, 7.64518608776e-06, 1.80340418865e-06, 2.10326152228e-06, 1.63136519404e-06, 1.06410993794e-06, 1.60172896813e-06, 9.28275710521e-07, 4.98196698118e-07, 9.98989207801e-07, 7.35556568543e-07, 4.62745305185e-07, 2.10674997447e-07, 4.8839279998e-07, 3.89575546933e-07, 4.74033186038e-07, 3.48645443182e-07, 1.82038036201e-07, 2.98132164289e-07, 1.66027348314e-07, 4.34337692923e-07, 1.99494721187e-07, 1.03980916322e-07, 7.49829496272e-08, 5.82364698687e-08, 4.96601231248e-08, 5.70341178729e-08, 2.89977872825e-08, 2.55329801746e-08, 3.08721617159e-08, 9.17669495948e-09, 2.88961410355e-09, 2.58510923778e-09, 2.51035814358e-09, 2.42734454758e-09, 2.3367330293e-09, 2.24050000774e-09, 2.16443285517e-09, 2.08128092538e-09, 2.01237981834e-09, 1.94852978197e-09, 1.86589699247e-09, 1.81534187682e-09, 1.76733827573e-09, 1.71602143606e-09, 1.66844371652e-09, 1.61085966788e-09, 1.58188706578e-09, 1.55258461643e-09, 1.52158552424e-09, 1.49587431331e-09, 1.46828560421e-09, 1.45293488352e-09, 1.44278389236e-09, 1.43620171311e-09],
        "mean": [3.18182219416e-06, 2.21073969442e-05, 7.49793616706e-05, 0.000127068677102, 0.000130415530293, 7.86271630204e-05, 8.88152135303e-05, 0.000188964564586, 0.000252085883403, 0.000214323517866, 0.000172123778611, 0.000284622976324, 0.000328194204485, 0.000223544426262, 0.000231838304899, 0.000238947468461, 0.000848638417665, 0.00205547874793, 0.00089534727158, 0.000179999842658, 0.00019547122065, 0.000326694338582, 0.000148632272612, 8.22307993076e-05, 0.000141933516716, 6.17533078184e-05, 0.000152291977429, 5.40693472431e-05, 0.000162606738741, 0.00104378547985, 0.000841923931148, 5.76465972699e-05, 6.77210118738e-05, 3.658903006e-05, 8.34987222333e-05, 9.68050953816e-05, 3.02732605633e-05, 3.0917886761e-05, 7.13725894457e-05, 7.80332338763e-05, 1.55932484631e-05, 1.50897622007e-05, 1.3456099623e-05, 1.09106940727e-05, 1.9996703486e-05, 2.40738427237e-05, 3.28682144755e-05, 1.47789851326e-05, 9.04004809854e-06, 1.62326214195e-05, 1.27762205011e-05, 9.5994100775e-06, 2.45150877163e-05, 1.38107707244e-05, 6.12796156929e-06, 5.57907833354e-06, 7.62732179282e-06, 1.45670655911e-05, 9.03054296941e-06, 3.25489395436e-06, 4.22304856329e-06, 4.0962759158e-06, 4.2904057409e-06, 1.56212865932e-06, 2.83619328911e-06, 2.79066648545e-06, 4.66543951916e-06, 2.19809476221e-06, 8.79880303728e-07, 6.77932803228e-07, 9.59173348747e-07, 4.58807761561e-07, 3.920579843e-07, 9.43251563967e-07, 4.43978819931e-07, 1.91926446291e-07, 2.16308635004e-07, 1.49531942384e-07, 1.43080470139e-07, 2.00468264211e-07, 9.75763470024e-08, 5.53134498205e-08, 5.68657370081e-08, 5.53663923597e-08, 5.71907250446e-08, 3.18354942408e-08, 4.33155236124e-08, 3.84777827378e-08, 2.96153075396e-08, 2.4500822704e-08, 1.753343426e-08, 2.19473808016e-08, 1.8565016191e-08, 1.65575180233e-08, 8.99426222389e-09, 6.97701985075e-09, 7.8874045073e-09, 5.52478240934e-09, 4.27953938953e-09, 5.47481393554e-09, 3.00975244727e-09, 2.48805354097e-09, 2.2258912491e-09, 1.70781666586e-09, 2.11054174137e-10, 9.25365079701e-12, 8.88194726101e-12, 8.55268980637e-12, 8.22379924575e-12, 7.89253471606e-12, 7.60560711632e-12, 7.3142655127e-12, 7.07220306623e-12, 6.83972149751e-12, 6.57993191183e-12, 6.38657139326e-12, 6.20786798702e-12, 6.02564049004e-12, 5.85793219487e-12, 5.68908808951e-12, 5.57541079277e-12, 5.46507457344e-12, 5.3584246415e-12, 5.26433584225e-12, 5.18484257264e-12, 5.12619287296e-12, 5.09110071809e-12, 5.06514838752e-12],
        "min": [1.72960908913e-23, 2.65865057721e-24, 3.75423539352e-25, 1.63673817109e-24, 2.9041671651e-24, 1.25923075705e-24, 4.59731963914e-24, 1.09027045761e-23, 1.4803437159e-23, 2.75737715059e-23, 1.71507369587e-23, 5.61433173993e-24, 6.13950168808e-24, 4.15287579957e-24, 6.75766650405e-24, 1.48954341177e-23, 1.06695859234e-23, 5.80827398234e-24, 1.04761580183e-23, 1.12127190232e-23, 8.32092139435e-24, 1.67625684839e-23, 1.02493510417e-23, 1.47117636332e-23, 6.17877157837e-24, 2.62155242099e-24, 2.9812643163e-24, 2.69257258221e-24, 2.74704678038e-24, 2.85621428282e-24, 4.26124753858e-24, 8.06109033369e-24, 7.07209226137e-24, 4.15410484486e-24, 1.45508076095e-23, 1.75433151659e-23, 2.12805295049e-23, 1.15012172892e-23, 1.20434763311e-23, 1.07902287882e-23, 3.27585120794e-24, 3.47923789032e-23, 2.92519721076e-23, 6.72586594324e-24, 2.44093601142e-24, 6.84524820833e-24, 7.59333762652e-24, 7.61889750872e-24, 7.57513387228e-24, 3.67028935194e-24, 1.175647059e-23, 1.62665611457e-23, 1.30399149395e-23, 2.02700333951e-23, 1.10380707408e-23, 6.76756513069e-24, 6.02874916686e-24, 9.87234573766e-24, 1.27112218439e-23, 7.99720916645e-24, 5.39797362047e-24, 1.31753923337e-23, 1.03479018569e-23, 1.01273489696e-23, 4.68322580286e-24, 9.17698772667e-24, 5.55194980283e-24, 1.29712232985e-23, 1.62313669053e-23, 1.29759320092e-23, 3.33396639361e-24, 5.86049854642e-24, 1.04383124164e-23, 1.39152271113e-23, 1.11721905054e-23, 1.10777961983e-23, 5.94523364612e-24, 1.2736838524e-23, 1.36717814805e-23, 5.79698972152e-24, 8.60425656568e-24, 9.19352067352e-24, 9.06203649328e-24, 6.96857241136e-24, 1.13192341781e-23, 6.24362698884e-24, 1.67479919121e-23, 1.51316238059e-23, 1.40935506967e-23, 9.78302143964e-24, 1.20632688512e-23, 8.93907911057e-24, 7.14365298953e-24, 8.56017738488e-24, 7.80665823707e-24, 1.16520814153e-23, 8.10686004341e-24, 2.26538984755e-23, 5.42650593055e-24, 8.11774947935e-24, 9.78190599032e-24, 7.71993244687e-24, 6.86239646669e-24, 1.2406389424e-23, 1.29126274993e-23, 7.39033216118e-24, 1.16399582009e-23, 7.92026998464e-24, 7.88354140975e-24, 1.03428918013e-23, 1.24434856081e-23, 7.76210337314e-24, 1.7575715261e-23, 1.53243709241e-23, 1.13721170466e-23, 1.31884748029e-23, 2.50729120424e-23, 9.1232647213e-24, 1.06717797456e-23, 7.15447931659e-24, 9.82786502665e-24, 7.42629001896e-24, 1.03548438329e-23, 9.52500081476e-24, 1.15734966696e-23, 9.94912320298e-24, 1.08775194028e-23, 1.03421352837e-23],
        "stdev": [3.50426444129e-06, 5.14530074724e-05, 0.000157256421517, 0.000243480957579, 0.000254190497799, 0.000165152989211, 0.000192046936718, 0.000331804942107, 0.000446803867817, 0.000323450629367, 0.000282801367575, 0.000605243025348, 0.000673405244015, 0.000360685400665, 0.000360947975423, 0.000448068371043, 0.00217466778122, 0.00378506304696, 0.00168533157557, 0.000389332184568, 0.000299846986309, 0.000530535995495, 0.000277562532574, 0.000106330800918, 0.000245098723099, 6.5038097091e-05, 0.000262236426352, 7.2159418778e-05, 0.000357544398867, 0.00228574685752, 0.00168106809724, 6.07461006439e-05, 0.000201126982574, 7.77710447437e-05, 0.000198761525098, 0.000302347529214, 5.02916991536e-05, 4.6411074436e-05, 0.000121505880088, 0.000130985819851, 1.96238979697e-05, 1.70001203514e-05, 1.38390405482e-05, 1.60425333888e-05, 2.43106642301e-05, 2.48621345236e-05, 4.24123645644e-05, 1.83358351933e-05, 1.0136617675e-05, 2.70861528406e-05, 2.14383726416e-05, 1.11195186037e-05, 3.41400227626e-05, 1.85791377589e-05, 1.14835320346e-05, 7.15985652278e-06, 9.94104539132e-06, 2.29469205806e-05, 1.27577868625e-05, 3.4083986975e-06, 5.4188744798e-06, 4.27670238423e-06, 8.00888847152e-06, 1.35583320571e-06, 4.22782068199e-06, 3.18344496009e-06, 6.1014120547e-06, 3.00295596389e-06, 1.11720680707e-06, 9.39927190302e-07, 1.52405925746e-06, 5.25368250237e-07, 4.05590640185e-07, 1.8431717308e-06, 8.5137816086e-07, 2.24337568966e-07, 2.90963441785e-07, 1.64467081731e-07, 1.46046673422e-07, 2.47562184086e-07, 9.18868323652e-08, 6.11174399978e-08, 7.00863367342e-08, 7.45384838297e-08, 6.05301337941e-08, 3.35943539653e-08, 5.721118157e-08, 5.13093603161e-08, 4.01743776024e-08, 3.37007683981e-08, 2.21628244645e-08, 3.00560287769e-08, 2.33869723587e-08, 3.02996170376e-08, 1.3899627227e-08, 9.12129571873e-09, 9.18284470686e-09, 6.53124621053e-09, 5.00263386272e-09, 6.53670850781e-09, 2.59993715446e-09, 2.06496908461e-09, 1.95524751945e-09, 1.14258025263e-09, 2.23464399762e-10, 1.10271035358e-10, 1.07076569833e-10, 1.03531634654e-10, 9.96646723483e-11, 9.55606635489e-11, 9.23144893861e-11, 8.87677986672e-11, 8.58279072813e-11, 8.31030314008e-11, 7.95813415166e-11, 7.74232969403e-11, 7.5374269326e-11, 7.31856450442e-11, 7.11563308275e-11, 6.8702876721e-11, 6.74652000932e-11, 6.62144991614e-11, 6.48927994673e-11, 6.37960170802e-11, 6.26202423248e-11, 6.19653495182e-11, 6.15317380381e-11, 6.12507197739e-11]
    },
    "mfcc": {
        "mean": [-704.200256348, 178.499816895, -56.3878479004, 10.0940828323, -18.7486591339, -12.6035842896, -10.0543241501, -0.462792813778, -7.47935533524, -2.43021273613, -6.17242574692, -1.04218745232, 1.1617923975],
        "cov": [[1950.22583008, 570.598022461, 245.902435303, 83.2728118896, -156.809814453, -131.806365967, -82.0289993286, 54.1665458679, -41.8445930481, -48.04529953, -101.052658081, 10.8706531525, -9.15813732147], [570.598022461, 446.658599854, 216.972213745, 78.9355316162, -33.0366096497, -85.4728240967, -35.721408844, 13.1295461655, 9.04095077515, -38.0584526062, -38.1108779907, 32.5679244995, 8.57541370392], [245.902435303, 216.972213745, 439.426544189, 113.5054245, -31.4124584198, -68.3859786987, -23.1878128052, 32.9580154419, 12.0707025528, -3.9195625782, -38.6598587036, 42.074962616, 37.0436935425], [83.2728118896, 78.9355316162, 113.5054245, 123.667152405, 27.1578121185, -7.32659292221, -0.817363858223, 3.90063476562, 2.00317335129, 9.81506919861, -2.3018784523, 7.03696584702, 22.7591171265], [-156.809814453, -33.0366096497, -31.4124584198, 27.1578121185, 86.7990341187, 48.6423034668, 22.4138908386, -3.7712905407, 6.51197147369, 18.5517444611, 18.8531074524, 4.74780797958, 3.75736284256], [-131.806365967, -85.4728240967, -68.3859786987, -7.32659292221, 48.6423034668, 87.2956237793, 42.1108627319, 2.04635810852, 12.0254659653, 25.2357006073, 19.7745742798, 0.134939700365, 5.47456550598], [-82.0289993286, -35.721408844, -23.1878128052, -0.817363858223, 22.4138908386, 42.1108627319, 69.5691223145, 26.5859470367, 17.9646930695, 27.75233078, 16.0364265442, -3.51847982407, 5.88318681717], [54.1665458679, 13.1295461655, 32.9580154419, 3.90063476562, -3.7712905407, 2.04635810852, 26.5859470367, 60.6001625061, 27.665933609, 14.0643672943, 5.39090108871, 7.14728355408, 3.02511119843], [-41.8445930481, 9.04095077515, 12.0707025528, 2.00317335129, 6.51197147369, 12.0254659653, 17.9646930695, 27.665933609, 65.4555892944, 28.5143318176, 2.85697555542, 12.0440216064, 10.2228479385], [-48.04529953, -38.0584526062, -3.9195625782, 9.81506919861, 18.5517444611, 25.2357006073, 27.75233078, 14.0643672943, 28.5143318176, 72.7585372925, 39.5379066467, -1.17880773544, 9.9137134552], [-101.052658081, -38.1108779907, -38.6598587036, -2.3018784523, 18.8531074524, 19.7745742798, 16.0364265442, 5.39090108871, 2.85697555542, 39.5379066467, 71.5209274292, 23.0893516541, 0.982108712196], [10.8706531525, 32.5679244995, 42.074962616, 7.03696584702, 4.74780797958, 0.134939700365, -3.51847982407, 7.14728355408, 12.0440216064, -1.17880773544, 23.0893516541, 77.524017334, 32.6154060364], [-9.15813732147, 8.57541370392, 37.0436935425, 22.7591171265, 3.75736284256, 5.47456550598, 5.88318681717, 3.02511119843, 10.2228479385, 9.9137134552, 0.982108712196, 32.6154060364, 68.0199127197]],
        "icov": [[0.00141051050741, -0.00195448030718, 0.000809030374512, -0.00083451543469, 0.00255937431939, -0.00165786687285, 0.00171565520577, -0.002585131675, 0.00306664058007, -0.00312185054645, 0.00297911697999, -0.00133611704223, 0.000825337599963], [-0.00195448030718, 0.00638036755845, -0.00206573936157, -0.000356797245331, -0.00361496303231, 0.00497597735375, -0.00304813636467, 0.00391468405724, -0.00556206796318, 0.00581007031724, -0.00370168010704, 0.000588923459873, -0.000174222310307], [0.000809030374512, -0.00206573936157, 0.00516674155369, -0.00388022535481, 0.00274659437127, 0.000457491871202, 0.00134837301448, -0.00371741107665, 0.00341745326295, -0.00511170038953, 0.00586538109928, -0.00418271543458, 0.000866331218276], [-0.00083451543469, -0.000356797245331, -0.00388022535481, 0.0147931007668, -0.0081849321723, 0.0021882543806, -0.000432664295658, 0.0017214716645, -0.000881873769686, 0.0012193468865, -0.00352911325172, 0.00460425252095, -0.00486898189411], [0.00255937431939, -0.00361496303231, 0.00274659437127, -0.0081849321723, 0.0252566691488, -0.0136137111112, 0.00265300949104, -0.00244935671799, 0.00475531909615, -0.00583595270291, 0.00400724215433, -0.00438644224778, 0.00380450300872], [-0.00165786687285, 0.00497597735375, 0.000457491871202, 0.0021882543806, -0.0136137111112, 0.0291880741715, -0.0138739496469, 0.00653907749802, -0.00520543195307, 0.00184965855442, -0.00180792668834, -0.00068364146864, -0.00165322981775], [0.00171565520577, -0.00304813636467, 0.00134837301448, -0.000432664295658, 0.00265300949104, -0.0138739496469, 0.0300129633397, -0.0148635674268, 0.00476740859449, -0.00778662227094, 0.00254652206786, 0.00195247249212, -0.00149363046512], [-0.002585131675, 0.00391468405724, -0.00371741107665, 0.0017214716645, -0.00244935671799, 0.00653907749802, -0.0148635674268, 0.031658988446, -0.0156039185822, 0.00854628719389, -0.00851364992559, 0.00208032084629, 0.000318465550663], [0.00306664058007, -0.00556206796318, 0.00341745326295, -0.000881873769686, 0.00475531909615, -0.00520543195307, 0.00476740859449, -0.0156039185822, 0.033542227, -0.0221829377115, 0.0177868176252, -0.0106061995029, 0.00300674396567], [-0.00312185054645, 0.00581007031724, -0.00511170038953, 0.0012193468865, -0.00583595270291, 0.00184965855442, -0.00778662227094, 0.00854628719389, -0.0221829377115, 0.0428782217205, -0.0299571771175, 0.0165704097599, -0.00873846560717], [0.00297911697999, -0.00370168010704, 0.00586538109928, -0.00352911325172, 0.00400724215433, -0.00180792668834, 0.00254652206786, -0.00851364992559, 0.0177868176252, -0.0299571771175, 0.0412055030465, -0.0207616817206, 0.00999004580081], [-0.00133611704223, 0.000588923459873, -0.00418271543458, 0.00460425252095, -0.00438644224778, -0.00068364146864, 0.00195247249212, 0.00208032084629, -0.0106061995029, 0.0165704097599, -0.0207616817206, 0.0287399217486, -0.0137828858569], [0.000825337599963, -0.000174222310307, 0.000866331218276, -0.00486898189411, 0.00380450300872, -0.00165322981775, -0.00149363046512, 0.000318465550663, 0.00300674396567, -0.00873846560717, 0.00999004580081, -0.0137828858569, 0.0233162641525]]
    },
    "spectral_contrast_coeffs": {
        "max": [-0.399293065071, -0.55409771204, -0.491891950369, -0.645795762539, -0.667939960957, -0.695343077183],
        "mean": [-0.687470853329, -0.745422184467, -0.729967772961, -0.785613656044, -0.776006519794, -0.755972266197],
        "min": [-0.965967655182, -0.967566251755, -0.954462170601, -0.963746249676, -0.962380886078, -0.959561467171],
        "stdev": [0.0867071449757, 0.0856221392751, 0.0928388834, 0.0565867163241, 0.0299629438668, 0.0217647980899]
    },
    "spectral_contrast_valleys": {
        "max": [-5.97657775879, -5.05462169647, -5.62968444824, -6.44381809235, -7.31510257721, -10.7654342651],
        "mean": [-7.77408027649, -6.45460700989, -7.15951299667, -7.588950634, -8.17309474945, -12.1059465408],
        "min": [-26.8144130707, -27.3303470612, -27.3393535614, -27.1441726685, -27.1091499329, -27.2833023071],
        "stdev": [1.17642915249, 1.10605108738, 1.05009293556, 1.05249655247, 0.927339375019, 0.758254051208]
    }
},
"rhythm": {
    "beats_count": 34,
    "beats_loudness": {
        "max": 0.0799227580428,
        "mean": 0.01901602,
        "min": 0.00230054650456,
        "stdev": 0.0176211483777
    },
    "bpm": 163.115783691,
    "bpm_histogram_first_peak_bpm": 161,
    "bpm_histogram_first_peak_weight": 0,
    "bpm_histogram_second_peak_bpm": 167,
    "bpm_histogram_second_peak_spread": 0,
    "bpm_histogram_second_peak_weight": 0.272727280855,
    "danceability": 0.842567443848,
    "onset_rate": 1.25398087502,
    "beats_loudness_band_ratio": {
        "max": [0.526132762432, 0.67230039835, 0.745849609375, 0.844767212868, 0.432876348495, 0.0371871441603],
        "mean": [0.0776527822018, 0.135722652078, 0.38304528594, 0.317463427782, 0.106510005891, 0.0113582834601],
        "min": [0.00826109480113, 0.0295734088868, 0.0722095668316, 0.0807003006339, 0.0164711829275, 0.00156165787484],
        "stdev": [0.0903296545148, 0.115341566503, 0.196872770786, 0.185926377773, 0.102438986301, 0.00836256425828]
    },
    "beats_position": [0.359909296036, 0.719818592072, 1.09133780003, 1.46285712719, 1.83437633514, 2.20589566231, 2.57741498947, 2.94893407822, 3.32045340538, 3.69197273254, 4.06349182129, 4.43501138687, 4.79492044449, 5.15482997894, 5.52634906769, 5.89786815643, 6.26938772202, 6.64090681076, 7.00081634521, 7.36072540283, 7.72063493729, 8.08054447174, 8.42884349823, 8.77714252472, 9.12544155121, 9.49696159363, 9.85687065125, 10.2167797089, 10.5882987976, 10.9365987778, 11.3081178665, 11.6796369553, 12.051156044, 12.4226751328],
