{
"metadata": {
    "version": {
        "essentia": "2.1-beta5",
        "essentia_git_sha": "Undefined",
        "extractor": "music 2.0"
    },
    "audio_properties": {
        "analysis": {
            "equal_loudness": 0,
            "length": 34.1565551758,
            "sample_rate": 44100,
            "start_time": 142.744674683,
            "downmix": "mix"
        },
        "bit_rate": 192000,
        "length": 176.924453735,
        "lossless": 0,
        "number_channels": 2,
        "replay_gain": -10.8118934631,
        "sample_rate": 48000,
        "codec": "mp3",
        "md5_encoded": "f619caf9806f2e67990b6de9e277345e"
    },
    "tags": {
        "file_name": "Germany_Man Gewöhnt Sich So Schnell An Das Schöne_Nora Nova.mp3",
        "encoding": ["Lavf58.29.100"]
    }
},
"lowlevel": {
    "average_loudness": 0.859108746052,
    "barkbands_crest": {
        "max": 26.7406673431,
        "mean": 9.66466808319,
        "min": 2.50562238693,
        "stdev": 4.50512170792
    },
    "barkbands_flatness_db": {
        "max": 0.379792422056,
        "mean": 0.188832476735,
        "min": 0.0650961250067,
        "stdev": 0.0413388572633
    },
    "barkbands_kurtosis": {
        "max": 171.991546631,
        "mean": 1.50897634029,
        "min": -1.79954838753,
        "stdev": 5.84532213211
    },
    "barkbands_skewness": {
        "max": 13.0374317169,
        "mean": 0.77750056982,
        "min": -1.80858004093,
        "stdev": 0.905705392361
    },
    "barkbands_spread": {
        "max": 109.150161743,
        "mean": 14.75893116,
        "min": 1.53541707993,
        "stdev": 6.52055692673
    },
    "dissonance": {
        "max": 0.499999940395,
        "mean": 0.460775822401,
        "min": 0.306661397219,
        "stdev": 0.0312386788428
    },
    "dynamic_complexity": 3.16035485268,
    "erbbands_crest": {
        "max": 28.674665451,
        "mean": 10.2509183884,
        "min": 2.56094288826,
        "stdev": 4.73191833496
    },
    "erbbands_flatness_db": {
        "max": 0.383787035942,
        "mean": 0.248256415129,
        "min": 0.0662761852145,
        "stdev": 0.0424261912704
    },
    "erbbands_kurtosis": {
        "max": 14.0921440125,
        "mean": 0.439932316542,
        "min": -1.94479584694,
        "stdev": 1.72239768505
    },
    "erbbands_skewness": {
        "max": 3.53688573837,
        "mean": 0.412042230368,
        "min": -2.33656024933,
        "stdev": 0.632854759693
    },
    "erbbands_spread": {
        "max": 80.6778030396,
        "mean": 23.4059925079,
        "min": 4.68816328049,
        "stdev": 10.3567056656
    },
    "hfc": {
        "max": 109.876609802,
        "mean": 20.1769771576,
        "min": 2.63810413514e-08,
        "stdev": 17.6094112396
    },
    "loudness_ebu128": {
        "integrated": -14.2208747864,
        "loudness_range": 5.05652809143,
        "momentary": {
            "max": -8.70620250702,
            "mean": -15.0441255569,
            "min": -22.9002342224,
            "stdev": 2.84802937508
        },
        "short_term": {
            "max": -11.2999897003,
            "mean": -14.5774936676,
            "min": -18.1134090424,
            "stdev": 1.78518426418
        }
    },
    "melbands_crest": {
        "max": 39.6870803833,
        "mean": 11.4893484116,
        "min": 2.48504948616,
        "stdev": 5.47030973434
    },
    "melbands_flatness_db": {
        "max": 0.380669742823,
        "mean": 0.178251549602,
        "min": 0.0115445619449,
        "stdev": 0.0542973615229
    },
    "melbands_kurtosis": {
        "max": 246.668869019,
        "mean": 3.92242455482,
        "min": -1.57538878918,
        "stdev": 9.34743881226
    },
    "melbands_skewness": {
        "max": 15.0162668228,
        "mean": 1.21666264534,
        "min": -1.29682838917,
        "stdev": 1.12122988701
    },
    "melbands_spread": {
        "max": 139.825714111,
        "mean": 23.2873935699,
        "min": 1.7607101202,
        "stdev": 10.3394680023
    },
    "pitch_salience": {
        "max": 0.941670715809,
        "mean": 0.594099998474,
        "min": 0.013066929765,
        "stdev": 0.124072045088
    },
    "silence_rate_20dB": {
        "max": 1,
        "mean": 1,
        "min": 1,
        "stdev": 0
    },
    "silence_rate_30dB": {
        "max": 1,
        "mean": 1,
        "min": 1,
        "stdev": 0
    },
    "silence_rate_60dB": {
        "max": 1,
        "mean": 0.0930706486106,
        "min": 0,
        "stdev": 0.290528148413
    },
    "spectral_centroid": {
        "max": 4085.83203125,
        "mean": 1503.89416504,
        "min": 376.226226807,
        "stdev": 484.269134521
    },
    "spectral_complexity": {
        "max": 47,
        "mean": 18.9639949799,
        "min": 0,
        "stdev": 9.90886306763
    },
    "spectral_decrease": {
        "max": -1.23052383125e-19,
        "mean": -4.14251344338e-09,
        "min": -2.29631584858e-08,
        "stdev": 3.40114847397e-09
    },
    "spectral_energy": {
        "max": 0.0951294600964,
        "mean": 0.0174649208784,
        "min": 2.85726520569e-12,
        "stdev": 0.0143213076517
    },
    "spectral_energyband_high": {
        "max": 0.00450146244839,
        "mean": 0.000314774224535,
        "min": 2.18962781934e-12,
        "stdev": 0.00049102876801
    },
    "spectral_energyband_low": {
        "max": 0.00758279953152,
        "mean": 0.00025205561542,
        "min": 4.02792389557e-14,
        "stdev": 0.000546706840396
    },
    "spectral_energyband_middle_high": {
        "max": 0.0869217738509,
        "mean": 0.00925796758384,
        "min": 5.01809206167e-13,
        "stdev": 0.0102463699877
    },
    "spectral_energyband_middle_low": {
        "max": 0.0796189978719,
        "mean": 0.00779789313674,
        "min": 9.30055728612e-14,
        "stdev": 0.00808740966022
    },
    "spectral_entropy": {
        "max": 8.75798988342,
        "mean": 7.36321496964,
        "min": 6.04509735107,
        "stdev": 0.390143871307
    },
    "spectral_flux": {
        "max": 0.271763801575,
        "mean": 0.0722177624702,
        "min": 1.00381794255e-05,
        "stdev": 0.0369760021567
    },
    "spectral_kurtosis": {
        "max": 29.1913871765,
        "mean": 5.97874069214,
        "min": -0.12809753418,
        "stdev": 4.12596750259
    },
    "spectral_rms": {
        "max": 0.00963375438005,
        "mean": 0.00378769636154,
        "min": 5.27974997055e-08,
        "stdev": 0.00164083135314
    },
    "spectral_rolloff": {
        "max": 16085.3027344,
        "mean": 1733.11804199,
        "min": 21.533203125,
        "stdev": 838.001586914
    },
    "spectral_skewness": {
        "max": 3.56927514076,
        "mean": 1.51419651508,
        "min": 0.539201557636,
        "stdev": 0.428679764271
    },
    "spectral_spread": {
        "max": 9900647,
        "mean": 2924904.25,
        "min": 1362900.75,
        "stdev": 854882.4375
    },
    "spectral_strongpeak": {
        "max": 9.40194892883,
        "mean": 1.81562650204,
        "min": 0,
        "stdev": 1.57594311237
    },
    "zerocrossingrate": {
        "max": 0.67138671875,
        "mean": 0.0619556605816,
        "min": 0,
        "stdev": 0.0263682100922
    },
    "barkbands": {
        "max": [3.31136216118e-05, 0.00119417277165, 0.00531829707325, 0.0148090310395, 0.0393592342734, 0.0366652309895, 0.0296396911144, 0.0135207939893, 0.0774937793612, 0.0288932099938, 0.0495393760502, 0.0501829609275, 0.0454466789961, 0.0166724864393, 0.00897333491594, 0.0108701307327, 0.0125793544576, 0.00706356437877, 0.00628900155425, 0.00248319725506, 0.00135037780274, 0.00105759280268, 0.000616403762251, 0.000334361946443, 8.96102937986e-05, 3.21646348311e-06, 3.23414292325e-06],
        "mean": [2.68910525847e-06, 8.72087548487e-05, 8.82614403963e-05, 0.000237521671806, 0.000944648287259, 0.00175148958806, 0.00121062633116, 0.000632793293335, 0.00276867044158, 0.000850197800901, 0.00226165330969, 0.00127362390049, 0.0015974015696, 0.000662867678329, 0.000656240561511, 0.000524584087543, 0.000421310745878, 0.000636388373096, 0.000420858967118, 0.000201032686164, 0.00010314687097, 5.49505457457e-05, 4.49335821031e-05, 2.78818752122e-05, 3.94506741941e-06, 3.080956823e-09, 2.97659719095e-09],
        "min": [5.18654604399e-14, 1.44556404607e-14, 2.49872178341e-15, 3.66736551744e-15, 8.77620746936e-15, 2.72787790756e-14, 1.1859553087e-14, 4.89581231865e-15, 2.51099529082e-14, 4.63130442742e-14, 5.61004998153e-15, 5.02621253266e-14, 4.5595688683e-14, 4.5847016911e-14, 2.86519126567e-14, 5.47533650635e-14, 2.14151037127e-14, 2.65087803867e-14, 7.21993062666e-14, 1.50975816592e-13, 1.57687339748e-13, 2.29447510254e-13, 1.17913084895e-13, 3.05150978271e-13, 3.57511817459e-13, 4.76411282386e-13, 5.06061447088e-13],
        "stdev": [3.02500188809e-06, 0.000112238398287, 0.00030979415169, 0.000844801950734, 0.0021565228235, 0.00264993193559, 0.00262811011635, 0.00111516506877, 0.00519063603133, 0.00195469520986, 0.00465761730447, 0.00294250971638, 0.00352997099981, 0.00129005801864, 0.00104583194479, 0.000919466139749, 0.000768960861024, 0.00091009947937, 0.000644900195766, 0.000329991307808, 0.000181725132279, 9.89961408777e-05, 7.39322349546e-05, 4.72279498354e-05, 6.73257591188e-06, 8.50684784837e-08, 8.4737152406e-08]
    },
    "erbbands": {
        "max": [0.0209283679724, 0.33228173852, 3.44880723953, 21.4327945709, 158.982727051, 94.1137695312, 109.272033691, 424.217956543, 336.434539795, 329.786865234, 354.358184814, 2189.33520508, 963.871276855, 1524.03039551, 1639.79772949, 2154.52832031, 1462.61193848, 877.436218262, 1262.26062012, 404.786315918, 705.942810059, 459.589019775, 458.1925354, 364.020568848, 215.815261841, 90.0513381958, 102.513145447, 42.0281295776, 33.1468544006, 27.2116699219, 11.5389051437, 11.343328476, 5.12690973282, 1.51475036144, 0.172710672021, 0.0133898193017, 0.00590133480728, 0.00204703444615, 0.000469412072562, 0.000114408801892],
        "mean": [0.00210971222259, 0.0217207986861, 0.0894428938627, 0.437009721994, 1.77479040623, 3.61495280266, 7.74991321564, 16.5687713623, 15.8765335083, 15.6001758575, 18.668970108, 60.284122467, 46.1858406067, 66.5982894897, 73.9944915771, 40.9213485718, 60.3381576538, 50.1621589661, 35.9601325989, 30.5624465942, 29.3049106598, 23.9947929382, 37.3163108826, 25.6531581879, 17.30352211, 7.81336069107, 5.45561504364, 3.25991153717, 2.0742931366, 1.52797484398, 1.08834004402, 0.812120437622, 0.342774569988, 0.0853215903044, 0.00982631649822, 0.000310671108309, 3.50808040821e-05, 9.12980431167e-06, 1.15710881801e-05, 2.18921159103e-05],
        "min": [8.93280620914e-13, 1.91443562392e-12, 3.10215503459e-12, 8.20424023856e-12, 1.65870633201e-11, 3.08167935614e-11, 2.01986122272e-10, 1.83566009615e-10, 1.5515649876e-10, 1.17715226455e-10, 1.78680806262e-10, 5.77520531397e-10, 9.81780212683e-10, 1.13127962553e-09, 3.75319775259e-10, 2.28237428956e-09, 2.0197978845e-09, 2.93074586821e-09, 1.22196430752e-09, 2.79927836466e-09, 2.48176057482e-09, 1.29183463926e-09, 1.35504296672e-09, 2.63462052175e-09, 5.05010966378e-09, 7.04601843537e-09, 6.03818062217e-09, 7.58740714701e-09, 9.14279763009e-09, 3.26683946561e-09, 3.53655327245e-09, 5.50590906201e-09, 5.19255083375e-09, 4.39563629939e-09, 2.4509434482e-09, 1.4426790873e-09, 8.79896877581e-10, 3.5944858201e-10, 7.46561007459e-11, 7.51860466247e-12],
        "stdev": [0.0027359246742, 0.0295485276729, 0.230845883489, 1.43806874752, 6.32197999954, 7.97630167007, 11.4725084305, 26.3929901123, 32.9638710022, 28.342086792, 29.3955554962, 128.989685059, 84.6064453125, 140.842575073, 135.843505859, 94.7766418457, 119.705223083, 87.7370300293, 60.0561943054, 45.4814529419, 51.3063964844, 37.3314476013, 52.6757164001, 38.3373069763, 26.5126647949, 11.2012662888, 9.47543716431, 5.50559139252, 3.63675618172, 2.58801960945, 1.68316924572, 1.36152338982, 0.591084897518, 0.139497473836, 0.015514661558, 0.000564949994441, 0.000159483432071, 5.4930227634e-05, 1.51249778355e-05, 1.79261605808e-05]
    },
    "gfcc": {
        "mean": [-61.0398254395, 121.897171021, -193.330062866, 21.8222942352, -79.9078598022, 0.748368144035, -38.8819351196, -1.46920096874, -10.7720775604, -22.5837879181, 9.58369922638, -14.3977279663, 8.8478937149],
        "cov": [[7195.76806641, -55.7459220886, -1105.71850586, 212.728729248, -517.11138916, 197.072616577, -39.5428466797, -375.473480225, -185.524627686, -144.693984985, -3.39772510529, -257.540618896, -125.203613281], [-55.7459220886, 689.346679688, 150.541870117, -95.1004867554, 177.338424683, -140.011138916, -7.62889480591, 67.3348846436, 26.5608768463, -67.6513824463, 31.3504581451, -2.06665945053, 28.3567905426], [-1105.71850586, 150.541870117, 575.791748047, 110.26651001, -69.3077926636, -5.91824436188, -63.1128997803, 61.6678009033, 11.7990407944, 20.2069702148, -11.4067840576, 52.5339546204, 30.2211856842], [212.728729248, -95.1004867554, 110.26651001, 228.562240601, -94.0895080566, 35.967754364, -46.3874473572, -36.0948791504, -5.82005023956, 15.9930915833, -29.4917221069, -8.97282791138, -9.71498584747], [-517.11138916, 177.338424683, -69.3077926636, -94.0895080566, 337.919494629, -63.7695960999, 67.1133651733, 96.2457275391, 31.0506324768, -25.5845375061, 19.2163829803, 7.12394618988, -14.4356279373], [197.072616577, -140.011138916, -5.91824436188, 35.967754364, -63.7695960999, 268.513793945, 69.9111862183, -88.1889419556, -28.3037376404, 35.8374900818, -47.0285301208, -29.9225273132, -9.57482719421], [-39.5428466797, -7.62889480591, -63.1128997803, -46.3874473572, 67.1133651733, 69.9111862183, 149.899154663, 14.9327774048, -24.8959732056, 10.6495685577, 17.035987854, -11.6662082672, -10.7426176071], [-375.473480225, 67.3348846436, 61.6678009033, -36.0948791504, 96.2457275391, -88.1889419556, 14.9327774048, 175.607299805, 75.3400726318, -18.0204277039, 23.9215507507, 32.2801551819, 12.1449108124], [-185.524627686, 26.5608768463, 11.7990407944, -5.82005023956, 31.0506324768, -28.3037376404, -24.8959732056, 75.3400726318, 122.530982971, 21.8868045807, -5.27257537842, 24.2024898529, 18.4530677795], [-144.693984985, -67.6513824463, 20.2069702148, 15.9930915833, -25.5845375061, 35.8374900818, 10.6495685577, -18.0204277039, 21.8868045807, 85.3186264038, 25.5607242584, 14.6143541336, 9.21262264252], [-3.39772510529, 31.3504581451, -11.4067840576, -29.4917221069, 19.2163829803, -47.0285301208, 17.035987854, 23.9215507507, -5.27257537842, 25.5607242584, 115.301132202, 62.1180038452, 0.678477525711], [-257.540618896, -2.06665945053, 52.5339546204, -8.97282791138, 7.12394618988, -29.9225273132, -11.6662082672, 32.2801551819, 24.2024898529, 14.6143541336, 62.1180038452, 104.042999268, 33.8859443665], [-125.203613281, 28.3567905426, 30.2211856842, -9.71498584747, -14.4356279373, -9.57482719421, -10.7426176071, 12.1449108124, 18.4530677795, 9.21262264252, 0.678477525711, 33.8859443665, 64.5272903442]],
        "icov": [[0.000540448294487, -0.000819651177153, 0.00161062332336, -0.00105618382804, 0.00127528025769, -0.000730964296963, 0.000458115537185, -0.000583202170674, 0.000477346999105, 0.000548237119801, -0.000654409115668, 0.000413469533669, 0.000433334353147], [-0.000819651177153, 0.00438460847363, -0.00432281801477, 0.0024808361195, -0.00364757049829, 0.00206692237407, -0.00123570300639, 0.00356542109512, -0.00345552689396, 0.00311758043244, -0.00265701720491, 0.00318046542816, -0.00360439834185], [0.00161062332336, -0.00432281801477, 0.00845469627529, -0.00458115851507, 0.00512226950377, -0.00314050144516, 0.00288102775812, -0.00573662435636, 0.00499509368092, -0.00218856800348, 0.00167802092619, -0.0027177289594, 0.00290816859342], [-0.00105618382804, 0.0024808361195, -0.00458115851507, 0.00819868128747, -0.00198892340995, 0.00132664653938, 0.000146146485349, 0.00218167016283, -0.00154108006973, -0.00107394345105, 0.00164536735974, -0.000265648937784, 0.000322240666719], [0.00127528025769, -0.00364757049829, 0.00512226950377, -0.00198892340995, 0.00835585594177, -0.00128439778928, -0.000633395160548, -0.00432379310951, 0.00212854822166, -0.000421718199505, 0.0013121929951, -0.00193908298388, 0.00422202469781], [-0.000730964296963, 0.00206692237407, -0.00314050144516, 0.00132664653938, -0.00128439778928, 0.00836746860296, -0.00566034112126, 0.00505162263289, -0.00251969415694, -0.00148541526869, 0.00369988381863, -0.00116001430433, -9.19995145523e-05], [0.000458115537185, -0.00123570300639, 0.00288102775812, 0.000146146485349, -0.000633395160548, -0.00566034112126, 0.0130895934999, -0.00597864575684, 0.00590907596052, -0.00278341793455, -0.00223575835116, 0.00166397308931, 0.000284685986117], [-0.000583202170674, 0.00356542109512, -0.00573662435636, 0.00218167016283, -0.00432379310951, 0.00505162263289, -0.00597864575684, 0.0175744760782, -0.0126186935231, 0.00842822808772, -0.00519643211737, 0.00332925259136, -0.00349243124947], [0.000477346999105, -0.00345552689396, 0.00499509368092, -0.00154108006973, 0.00212854822166, -0.00251969415694, 0.00590907596052, -0.0126186935231, 0.0202972516418, -0.0114208208397, 0.00863073393703, -0.00699923373759, 0.0027452907525], [0.000548237119801, 0.00311758043244, -0.00218856800348, -0.00107394345105, -0.000421718199505, -0.00148541526869, -0.00278341793455, 0.00842822808772, -0.0114208208397, 0.0247571375221, -0.0138278715312, 0.00864919088781, -0.00647261366248], [-0.000654409115668, -0.00265701720491, 0.00167802092619, 0.00164536735974, 0.0013121929951, 0.00369988381863, -0.00223575835116, -0.00519643211737, 0.00863073393703, -0.0138278715312, 0.0263738296926, -0.019139373675, 0.0100877098739], [0.000413469533669, 0.00318046542816, -0.0027177289594, -0.000265648937784, -0.00193908298388, -0.00116001430433, 0.00166397308931, 0.00332925259136, -0.00699923373759, 0.00864919088781, -0.019139373675, 0.0272976234555, -0.0136852031574], [0.000433334353147, -0.00360439834185, 0.00290816859342, 0.000322240666719, 0.00422202469781, -9.19995145523e-05, 0.000284685986117, -0.00349243124947, 0.0027452907525, -0.00647261366248, 0.0100877098739, -0.0136852031574, 0.0254637859762]]
    },
    "melbands": {
        "max": [0.000218933098949, 0.00136145367287, 0.00824821833521, 0.0100844791159, 0.0032542552799, 0.00843091122806, 0.00554361985996, 0.00348864356056, 0.00331290182658, 0.0149213736877, 0.00479334872216, 0.00596580887213, 0.00612278236076, 0.00422706082463, 0.00836923066527, 0.00580038921908, 0.00140152440872, 0.00264743156731, 0.000950208748691, 0.000813404971268, 0.0011254666606, 0.000661087222397, 0.000526797783095, 0.000477890775073, 0.000312393269269, 0.000261748733465, 0.000139324591146, 7.66046578065e-05, 9.45715219132e-05, 5.89972223679e-05, 2.78701172647e-05, 2.63370438915e-05, 1.05424951471e-05, 1.84581840585e-05, 6.77167827234e-06, 9.7285847005e-06, 7.17611192158e-06, 5.52352639716e-06, 2.29658940043e-06, 8.95859614047e-07],
        "mean": [2.18146706175e-05, 4.23642450187e-05, 0.000116062627058, 0.00019371547387, 0.000254602782661, 0.000360456091585, 0.000249115691986, 0.000161286836374, 0.000165958306752, 0.000415416463511, 0.000220365443965, 0.000249474309385, 0.000270363729214, 0.000165552075487, 7.24355340935e-05, 0.000186848032172, 7.56917725084e-05, 5.58108658879e-05, 5.08881748829e-05, 3.71166315745e-05, 3.34601863869e-05, 2.44257589657e-05, 2.95987756544e-05, 2.99717521557e-05, 2.0224311811e-05, 1.49820152728e-05, 9.53198377829e-06, 4.2079323066e-06, 3.83330552722e-06, 2.57207784671e-06, 1.67956841324e-06, 1.27131727368e-06, 8.33812464407e-07, 8.82402218849e-07, 5.99999964379e-07, 6.3050231347e-07, 4.70293656463e-07, 2.75958768725e-07, 1.33856090656e-07, 4.86399756028e-08],
        "min": [8.58972384866e-15, 1.91174425635e-15, 1.64863930579e-15, 1.5811469794e-15, 6.65473171428e-15, 4.23387470509e-15, 2.44638340584e-15, 1.12765273922e-15, 1.65038027613e-15, 3.83584502933e-15, 5.32841787931e-15, 5.28064818571e-15, 8.50612984945e-16, 2.94780022908e-15, 8.24742343511e-15, 4.10290054156e-15, 5.39827480406e-15, 1.68756428136e-15, 2.41892069187e-15, 4.15040596089e-15, 2.56812406322e-15, 1.22705978475e-15, 1.47382049344e-15, 1.04283625972e-15, 2.13003142312e-15, 3.06580483588e-15, 5.4189868772e-15, 4.14290844876e-15, 3.2588627028e-15, 4.36715364528e-15, 5.01888197072e-15, 6.868081526e-15, 1.89842063985e-15, 1.85276408168e-15, 2.16221634577e-15, 1.91466821408e-15, 3.91923118782e-15, 3.56593374552e-15, 3.54428167757e-15, 3.79838118559e-15],
        "stdev": [2.71006538242e-05, 9.40264872042e-05, 0.00040012827958, 0.000503405928612, 0.000360012461897, 0.000558297091629, 0.00052111496916, 0.000280295236735, 0.000294580939226, 0.000854223559145, 0.000426212500315, 0.000541271874681, 0.000500306370668, 0.000343056715792, 0.000286294525722, 0.000428498606198, 0.000134747824632, 0.000111593304609, 8.6593980086e-05, 6.50997608318e-05, 7.13234840077e-05, 4.79296249978e-05, 4.8650897952e-05, 4.231595085e-05, 3.32882118528e-05, 2.58089985437e-05, 1.76902831299e-05, 6.67858466841e-06, 7.02144279785e-06, 5.82860457143e-06, 3.05357343677e-06, 2.45914338848e-06, 1.38028372021e-06, 1.6137117882e-06, 9.23307027278e-07, 1.11031420147e-06, 8.4777838083e-07, 5.12318081292e-07, 2.41903592268e-07, 7.85438629691e-08]
    },
    "melbands128": {
        "max": [2.96798880299e-05, 0.000170717714354, 0.000348039378878, 0.000705345126335, 0.000956363859586, 0.00332276243716, 0.00326186511666, 0.0101679805666, 0.0191568676382, 0.0131204370409, 0.0063097095117, 0.00549031700939, 0.00435703014955, 0.00849890429527, 0.0140299927443, 0.00667149666697, 0.00739806238562, 0.00764575367793, 0.0111993812025, 0.00341478222981, 0.0052063590847, 0.00571594480425, 0.00293227285147, 0.0107696503401, 0.0155415600166, 0.0257764551789, 0.0149357896298, 0.00664556073025, 0.00825203955173, 0.00810748338699, 0.0114364894107, 0.0143759474158, 0.010782991536, 0.0090739633888, 0.0101141147316, 0.00389580032788, 0.0123380599543, 0.0179178658873, 0.00577851338312, 0.00242049968801, 0.0136339990422, 0.00640251627192, 0.00284096924588, 0.00170861347578, 0.00230828905478, 0.00501608941704, 0.00194788200315, 0.00178000866435, 0.00144619483035, 0.00110648316331, 0.00175910210237, 0.00147360598203, 0.00133918970823, 0.00209387927316, 0.00212874799035, 0.00134857289959, 0.000460839073639, 0.00099714344833, 0.00130264344625, 0.000796452979557, 0.0010581323877, 0.00047524049296, 0.000842218229081, 0.000550386263058, 0.000731758656912, 0.000561851193197, 0.000341290637152, 0.000185327749932, 0.000340792437783, 4.36072914454e-05, 5.09611891175e-05, 0.000198368405108, 9.47778025875e-05, 0.000103095226223, 4.55035988125e-05, 0.000153244996909, 4.0060516767e-05, 4.57749265479e-05, 4.08272026107e-05, 8.06348398328e-05, 3.47042623616e-05, 3.49114998244e-05, 1.39828243846e-05, 1.23007139337e-05, 1.94811673282e-05, 2.37676231336e-05, 2.27560540225e-05, 1.33169805849e-05, 8.95351968211e-06, 1.23818244901e-05, 1.75150562427e-05, 1.75515942828e-05, 1.43975876199e-05, 1.18828857012e-05, 1.06078596218e-05, 1.41813743539e-05, 3.81604195354e-06, 2.4936941827e-06, 3.67517486666e-06, 5.10116706209e-06, 1.15093212116e-06, 5.78432775455e-07, 6.76599540839e-07, 4.56269674487e-07, 9.89848842892e-08, 2.76795422138e-08, 2.57154173511e-08, 2.41064874729e-08, 2.27125216412e-08, 2.14947526445e-08, 2.04134700255e-08, 1.94920133367e-08, 1.85708710632e-08, 1.77782712996e-08, 1.70593228432e-08, 1.63855435886e-08, 1.58215591739e-08, 1.52951695753e-08, 1.48040415482e-08, 1.43688527743e-08, 1.39665425891e-08, 1.36255335903e-08, 1.33151587534e-08, 1.30616513161e-08, 1.28609780603e-08, 1.26831967151e-08, 1.25585701838e-08, 1.24853896111e-08],
        "mean": [2.28289923143e-06, 1.39525118357e-05, 3.04709665215e-05, 3.61450911441e-05, 3.8941627281e-05, 4.58676222479e-05, 6.74680268276e-05, 0.000144461417221, 0.000177558991709, 0.00019963971863, 0.000208434837987, 0.000174543398316, 0.000216483851545, 0.000412441469962, 0.000455727422377, 0.000269614771241, 0.000230915524298, 0.000245480565354, 0.000292895594612, 0.00014329982514, 0.000117941941426, 0.000137317576446, 0.000141051306855, 0.000219357607421, 0.000384406390367, 0.000541496439837, 0.000409627653426, 0.000128833489725, 0.000125358928926, 0.00011905975407, 0.000325646135025, 0.00047389275278, 0.000145798738231, 0.000267383555183, 0.000244012015173, 0.000113116962893, 6.78115029586e-05, 8.14557424746e-05, 6.36936310912e-05, 9.29430752876e-05, 0.000330473383656, 0.000135908616357, 5.68442701478e-05, 4.48713071819e-05, 5.86968853895e-05, 5.5739608797e-05, 5.58435458515e-05, 6.06361754762e-05, 4.63915202999e-05, 2.61120494542e-05, 4.24591344199e-05, 4.05164100812e-05, 3.1558007322e-05, 3.22529340337e-05, 3.17695885315e-05, 2.26674583246e-05, 1.94065614778e-05, 2.01623788598e-05, 3.35101722158e-05, 4.99617563037e-05, 2.75756792689e-05, 1.92025217984e-05, 1.82826588571e-05, 2.18261611735e-05, 2.16746229853e-05, 1.44219820868e-05, 1.23335476019e-05, 9.32701732381e-06, 1.23079516925e-05, 3.30201964971e-06, 2.77704771179e-06, 5.93095910517e-06, 4.75896831631e-06, 3.31612750415e-06, 2.34425147028e-06, 3.74026990357e-06, 1.81226278073e-06, 1.80233598712e-06, 1.55942609581e-06, 1.82335065801e-06, 1.26077600271e-06, 1.17126637633e-06, 9.08727713522e-07, 7.94758364009e-07, 7.65776292155e-07, 8.06780747098e-07, 1.09132326997e-06, 7.2405867968e-07, 5.14482735525e-07, 4.82973064209e-07, 7.55496387228e-07, 6.8594744107e-07, 4.12325306343e-07, 4.37535248921e-07, 5.70228564811e-07, 3.49378666442e-07, 2.10078084706e-07, 1.51046307906e-07, 1.67488863667e-07, 1.07540145677e-07, 5.58870247858e-08, 4.1472336676e-08, 3.27211857609e-08, 2.08627106701e-08, 2.83357959319e-09, 3.12466268138e-11, 2.4622043987e-11, 2.31839564907e-11, 2.1417412982e-11, 2.03838439183e-11, 1.9614429872e-11, 1.86358498078e-11, 1.80508698266e-11, 1.70073347766e-11, 1.65193397156e-11, 1.56304968968e-11, 1.51005700999e-11, 1.74821060406e-11, 1.51530298725e-11, 1.23601623728e-11, 1.19327941625e-11, 1.16041733514e-11, 1.28423608553e-11, 1.11666674171e-11, 1.08519452105e-11, 1.06716649406e-11, 1.05502160827e-11, 1.04866306611e-11],
        "min": [2.1550725546e-14, 1.00610217721e-14, 4.63946033826e-15, 2.87645739679e-15, 1.71210070826e-15, 8.80076761318e-16, 1.61496625212e-15, 1.86809537803e-15, 1.06174976427e-15, 6.03455494261e-16, 8.53355412931e-16, 2.20712179747e-15, 1.12277245301e-15, 8.54403319742e-15, 4.77670593374e-15, 1.04275356812e-15, 1.25833499402e-15, 3.53631808556e-15, 2.83947784414e-15, 8.51016490266e-16, 5.1010685188e-16, 9.52359164905e-16, 1.8241737551e-15, 2.19377891097e-15, 3.3188309414e-15, 5.68064128384e-15, 2.68243221824e-15, 3.46664539048e-15, 9.57559481333e-15, 8.37065995267e-15, 3.1025097381e-15, 3.80682917457e-16, 7.70456986597e-16, 1.02379866483e-15, 1.19554359461e-15, 1.91117780307e-15, 7.83092971165e-15, 1.35790087941e-14, 4.75437602766e-15, 8.66096694282e-16, 4.81172142874e-15, 6.95221222645e-15, 8.31772293457e-15, 2.28625034486e-15, 1.28230295594e-15, 2.16005683528e-15, 1.55970306979e-15, 9.80294311505e-16, 2.67300092989e-15, 6.71484056035e-15, 3.15411437338e-15, 3.09335818238e-15, 4.41300269168e-15, 6.78358776605e-16, 2.26918877196e-15, 9.36617586976e-16, 9.079323927e-16, 1.49922269389e-15, 2.01849581869e-15, 8.08199715936e-16, 8.20772596549e-16, 9.90090035782e-16, 2.26356426143e-15, 2.18663185872e-15, 2.52387400326e-15, 3.56638436705e-15, 3.09646192286e-15, 2.98543390293e-15, 6.56500551418e-15, 7.96961526314e-15, 3.45726407707e-15, 2.74248050146e-15, 3.42819792973e-15, 3.07528567566e-15, 3.46981011733e-15, 5.48087576301e-15, 4.84295026296e-15, 7.79757355419e-16, 4.68472704951e-15, 9.38197155192e-15, 9.69947338186e-15, 5.66239153547e-15, 8.25388184958e-16, 3.07412989921e-15, 5.76557698323e-16, 1.10578806599e-15, 2.83790342165e-15, 2.10743470167e-15, 2.76918914435e-15, 1.30831629066e-15, 1.78974631271e-15, 1.29523873723e-15, 3.55726182221e-15, 5.02094703704e-15, 3.25845125655e-15, 3.32230504704e-15, 3.65644175704e-15, 3.67118605955e-15, 3.77267458268e-15, 2.83178445563e-15, 4.5359347009e-15, 4.39332526928e-15, 2.11840187251e-15, 3.92696841028e-15, 2.10871308615e-15, 2.61738262899e-15, 2.37434706533e-15, 3.73452972445e-15, 2.04447114281e-15, 1.70478933162e-15, 2.89690710148e-15, 2.58506683975e-15, 2.3577475489e-15, 2.83785514077e-15, 5.10922438729e-15, 2.60061412949e-15, 3.26390847807e-15, 1.80031029587e-15, 1.76435798243e-15, 1.94588646039e-15, 3.33891853951e-15, 1.63851472097e-15, 1.87644479355e-15, 3.95567096873e-15, 1.86454249833e-15, 4.01187361649e-16, 4.26800744618e-17, 3.38173995763e-18],
        "stdev": [2.72973193205e-06, 2.01641723834e-05, 4.22777629865e-05, 5.51247976546e-05, 7.89542318671e-05, 0.00018653429288, 0.000232443941059, 0.000537429121323, 0.000737311376724, 0.00062908208929, 0.000508192344569, 0.000323602638673, 0.000370977417333, 0.000790126388893, 0.000848663097713, 0.000559579057153, 0.000697349663824, 0.000680330209434, 0.000827153737191, 0.000264492817223, 0.000271345721558, 0.000326407403918, 0.000280107371509, 0.000651140580885, 0.00119730574079, 0.00126871711109, 0.00113028846681, 0.000321760046063, 0.000397924653953, 0.000398538599256, 0.000867899274454, 0.00126662780531, 0.000519040564541, 0.000753799511585, 0.000644120154902, 0.000333828415023, 0.000364071252989, 0.000529369281139, 0.000234386330703, 0.000197564149857, 0.000930664478801, 0.000378600234399, 0.000150816282257, 0.000116471099318, 0.00015057278506, 0.000181734430953, 0.000140413991176, 0.000139486248372, 0.000108753090899, 7.16858412488e-05, 0.000106368584966, 9.5128423709e-05, 9.2801383289e-05, 0.000114540933282, 0.000102653808426, 6.76709387335e-05, 3.83877959393e-05, 4.9167250836e-05, 9.72476482275e-05, 8.59057545313e-05, 6.48967252346e-05, 4.10924039898e-05, 4.74858788948e-05, 4.86247954541e-05, 4.95246677019e-05, 3.63746839867e-05, 3.63112230843e-05, 1.87528021343e-05, 3.26916306221e-05, 5.28636383024e-06, 4.59457214674e-06, 1.28371775645e-05, 9.91880187939e-06, 7.68616246205e-06, 4.88313889946e-06, 1.31745628096e-05, 3.65147138837e-06, 4.15826889366e-06, 3.17126955451e-06, 4.84858401251e-06, 2.87706188828e-06, 2.5399444894e-06, 1.74314993728e-06, 1.43324496094e-06, 1.56154897013e-06, 1.76026776444e-06, 2.55298459706e-06, 1.40299925988e-06, 9.39484664286e-07, 8.61662499574e-07, 1.70453256487e-06, 1.36075573209e-06, 9.86841541817e-07, 1.05386857285e-06, 1.15786474453e-06, 9.33712897222e-07, 3.75354204607e-07, 2.70868298458e-07, 3.83796674441e-07, 2.50468332297e-07, 9.94604434368e-08, 6.96912039189e-08, 5.56459696099e-08, 3.7612014836e-08, 5.97550853243e-09, 7.3878120288e-10, 6.80978162748e-10, 6.39099329014e-10, 5.99111316113e-10, 5.67433044996e-10, 5.40356759338e-10, 5.15202436269e-10, 4.9269388569e-10, 4.69668914871e-10, 4.51939485835e-10, 4.32455293797e-10, 4.17546136555e-10, 4.34699026775e-10, 3.98127891765e-10, 3.74395292546e-10, 3.63885310772e-10, 3.54991536167e-10, 3.51643075769e-10, 3.40317746206e-10, 3.3506475372e-10, 3.30433180817e-10, 3.27184890292e-10, 3.25279025937e-10]
    },
    "mfcc": {
        "mean": [-668.757141113, 129.358734131, -45.7274589539, 3.74658179283, -13.6456460953, -14.8289632797, -11.050403595, 3.78457999229, -13.1895513535, -2.09835100174, -7.0161113739, -3.76188659668, -5.96379137039],
        "cov": [[5561.47021484, -867.4140625, -437.962982178, -217.912246704, -430.831695557, 369.211547852, 68.9861373901, -119.581481934, -150.340927124, 59.2275238037, -106.983947754, 61.7812271118, -203.712615967], [-867.4140625, 848.892089844, -80.9630432129, 82.9610137939, 177.142364502, -177.226486206, 40.1321754456, 90.8218917847, 31.0936756134, -20.8216648102, 64.9651870728, -50.5292320251, 38.5265350342], [-437.962982178, -80.9630432129, 647.810302734, 58.2408218384, -35.6367301941, 41.9053649902, -57.9454040527, -43.8166656494, 8.66785240173, -46.2685470581, -36.829574585, 26.4111995697, -8.70213603973], [-217.912246704, 82.9610137939, 58.2408218384, 209.592468262, 74.9974746704, -102.933403015, -18.3654270172, 13.3206920624, -14.6584129333, -11.6303787231, 13.320183754, -0.113629259169, 10.101436615], [-430.831695557, 177.142364502, -35.6367301941, 74.9974746704, 178.199813843, -77.7405700684, -32.8447151184, 55.8922119141, 23.4223365784, 8.82071685791, 30.9858093262, -26.8398418427, 13.6073789597], [369.211547852, -177.226486206, 41.9053649902, -102.933403015, -77.7405700684, 279.164398193, 60.7484931946, -58.9939460754, 17.037815094, 7.37275886536, -26.839006424, 10.1896724701, -29.7525997162], [68.9861373901, 40.1321754456, -57.9454040527, -18.3654270172, -32.8447151184, 60.7484931946, 157.098052979, 19.7432422638, -23.1950778961, 13.2139968872, 5.68431329727, -6.22199630737, -5.29344415665], [-119.581481934, 90.8218917847, -43.8166656494, 13.3206920624, 55.8922119141, -58.9939460754, 19.7432422638, 119.406364441, 29.6219329834, 8.38318920135, 14.6790590286, -9.30927181244, 21.9106140137], [-150.340927124, 31.0936756134, 8.66785240173, -14.6584129333, 23.4223365784, 17.037815094, -23.1950778961, 29.6219329834, 110.38658905, 31.1383686066, -8.89971446991, -7.12429904938, 8.77416801453], [59.2275238037, -20.8216648102, -46.2685470581, -11.6303787231, 8.82071685791, 7.37275886536, 13.2139968872, 8.38318920135, 31.1383686066, 104.022132874, 11.8919992447, -31.6294765472, -9.48145103455], [-106.983947754, 64.9651870728, -36.829574585, 13.320183754, 30.9858093262, -26.839006424, 5.68431329727, 14.6790590286, -8.89971446991, 11.8919992447, 87.8898696899, 18.8244991302, -13.2617635727], [61.7812271118, -50.5292320251, 26.4111995697, -0.113629259169, -26.8398418427, 10.1896724701, -6.22199630737, -9.30927181244, -7.12429904938, -31.6294765472, 18.8244991302, 94.6976013184, 33.4163208008], [-203.712615967, 38.5265350342, -8.70213603973, 10.101436615, 13.6073789597, -29.7525997162, -5.29344415665, 21.9106140137, 8.77416801453, -9.48145103455, -13.2617635727, 33.4163208008, 101.448936462]],
        "icov": [[0.000341934239259, 5.91941425228e-05, 0.000351784954546, -0.000197640023543, 0.000661993108224, -0.0004159497621, 0.000419266754761, -0.000535204773769, 0.000624454813078, -0.000452322216006, 0.000629843270872, -0.000603084627073, 0.000825379916932], [5.91941425228e-05, 0.00206712540239, -5.13847135153e-06, 0.000260144879576, -0.00135875307024, 0.00116710911971, -0.00155222741887, 0.000556470826268, -0.00121052993927, 0.00149283814244, -0.00141607236583, 0.00147842499427, -0.000797014334239], [0.000351784954546, -5.13847135153e-06, 0.00221855961718, -0.00115018012002, 0.00123957986943, -0.00101198907942, 0.00125439325348, -0.000527448486537, 0.000373523507733, 6.98988587828e-05, 0.00121062493417, -0.000967415980995, 0.00118062959518], [-0.000197640023543, 0.000260144879576, -0.00115018012002, 0.00738289905712, -0.00375737180002, 0.00304984836839, -0.00180691177957, 0.00188036228064, 2.45944102062e-05, 0.000475714245113, 3.67396241927e-05, -0.000498486158904, -0.000220085741603], [0.000661993108224, -0.00135875307024, 0.00123957986943, -0.00375737180002, 0.0123136453331, -0.00208999193273, 0.00442218827084, -0.00478063570336, 0.0008654317935, -0.00101781613193, -0.00173109106254, 0.00200292188674, 0.000268420466455], [-0.0004159497621, 0.00116710911971, -0.00101198907942, 0.00304984836839, -0.00208999193273, 0.00772100966424, -0.0047713201493, 0.00440797302872, -0.00375920813531, 0.00141435186379, -0.000161240706802, 6.69401852065e-05, 8.89797738637e-05], [0.000419266754761, -0.00155222741887, 0.00125439325348, -0.00180691177957, 0.00442218827084, -0.0047713201493, 0.0112540004775, -0.00542327435687, 0.00505115604028, -0.00291938195005, 0.00082326575648, -0.000623466388788, 0.00108821783215], [-0.000535204773769, 0.000556470826268, -0.000527448486537, 0.00188036228064, -0.00478063570336, 0.00440797302872, -0.00542327435687, 0.0146746849641, -0.00579996826127, 0.0023352408316, -0.00248335767537, 0.00206153839827, -0.0033206960652], [0.000624454813078, -0.00121052993927, 0.000373523507733, 2.45944102062e-05, 0.0008654317935, -0.00375920813531, 0.00505115604028, -0.00579996826127, 0.014985804446, -0.00618790462613, 0.00429615564644, -0.00316403945908, 0.00177027133759], [-0.000452322216006, 0.00149283814244, 6.98988587828e-05, 0.000475714245113, -0.00101781613193, 0.00141435186379, -0.00291938195005, 0.0023352408316, -0.00618790462613, 0.0149022769183, -0.00575329177082, 0.0073354258202, -0.00286229955964], [0.000629843270872, -0.00141607236583, 0.00121062493417, 3.67396241927e-05, -0.00173109106254, -0.000161240706802, 0.00082326575648, -0.00248335767537, 0.00429615564644, -0.00575329177082, 0.0191853549331, -0.0102796871215, 0.00765164801851], [-0.000603084627073, 0.00147842499427, -0.000967415980995, -0.000498486158904, 0.00200292188674, 6.69401852065e-05, -0.000623466388788, 0.00206153839827, -0.00316403945908, 0.0073354258202, -0.0102796871215, 0.0203883238137, -0.00963290221989], [0.000825379916932, -0.000797014334239, 0.00118062959518, -0.000220085741603, 0.000268420466455, 8.89797738637e-05, 0.00108821783215, -0.0033206960652, 0.00177027133759, -0.00286229955964, 0.00765164801851, -0.00963290221989, 0.016457112506]]
    },
    "spectral_contrast_coeffs": {
        "max": [-0.399725794792, -0.472482472658, -0.43203163147, -0.541116654873, -0.515347063541, -0.659387469292],
        "mean": [-0.667605340481, -0.76116412878, -0.719678640366, -0.765225350857, -0.752927005291, -0.765093922615],
        "min": [-0.9612210989, -0.964047670364, -0.95785433054, -0.948390960693, -0.943963468075, -0.92122066021],
        "stdev": [0.0815108343959, 0.0749992579222, 0.0829079598188, 0.0634526610374, 0.0627775788307, 0.043770711869]
    },
    "spectral_contrast_valleys": {
        "max": [-5.82551670074, -4.56965732574, -5.42408752441, -5.65332698822, -6.1468963623, -9.06870174408],
        "mean": [-7.98389911652, -6.61422348022, -7.22759866714, -7.57436990738, -7.77329015732, -10.9799900055],
        "min": [-19.1926612854, -18.279088974, -18.4148979187, -18.1745243073, -17.586145401, -19.0798778534],
        "stdev": [0.880827784538, 0.908809363842, 0.974073410034, 1.00403869152, 0.931770265102, 0.838112771511]
    }
},
"rhythm": {
    "beats_count": 67,
    "beats_loudness": {
        "max": 0.0568571984768,
        "mean": 0.0203175526112,
        "min": 0.000738684844691,
        "stdev": 0.0137243717909
    },
    "bpm": 129.234588623,
    "bpm_histogram_first_peak_bpm": 129,
    "bpm_histogram_first_peak_weight": 0.4375,
    "bpm_histogram_second_peak_bpm": 115,
    "bpm_histogram_second_peak_spread": 0.411764681339,
    "bpm_histogram_second_peak_weight": 0.151515156031,
    "danceability": 1.10366511345,
    "onset_rate": 3.19010424614,
    "beats_loudness_band_ratio": {
        "max": [0.352091789246, 0.839844167233, 0.886238336563, 0.863206982613, 0.505142748356, 0.191395878792],
        "mean": [0.036649171263, 0.213695108891, 0.276952266693, 0.29286685586, 0.160710021853, 0.0506022870541],
        "min": [0.00141216872726, 0.00514098489657, 0.037112608552, 0.0122551191598, 0.00634206505492, 0.00430325884372],
        "stdev": [0.0559646263719, 0.18779926002, 0.180804505944, 0.203567937016, 0.132122829556, 0.043398026377]
    },
