{
"metadata": {
    "version": {
        "essentia": "2.1-beta5",
        "essentia_git_sha": "Undefined",
        "extractor": "music 2.0"
    },
    "audio_properties": {
        "analysis": {
            "equal_loudness": 0,
            "length": 48.7502937317,
            "sample_rate": 44100,
            "start_time": 61.4980506897,
            "downmix": "mix"
        },
        "bit_rate": 192000,
        "length": 265.682739258,
        "lossless": 0,
        "number_channels": 2,
        "replay_gain": -7.50520706177,
        "sample_rate": 48000,
        "codec": "mp3",
        "md5_encoded": "923795f1a2b538520906719a9385c103"
    },
    "tags": {
        "file_name": "Austria_Warum Nur, Warum_Udo Jürgens.mp3",
        "encoding": ["Lavf58.29.100"]
    }
},
"lowlevel": {
    "average_loudness": 0.875350236893,
    "barkbands_crest": {
        "max": 25.8080692291,
        "mean": 10.6471385956,
        "min": 3.23662209511,
        "stdev": 3.97794485092
    },
    "barkbands_flatness_db": {
        "max": 0.32034689188,
        "mean": 0.211000740528,
        "min": 0.111255131662,
        "stdev": 0.0361178889871
    },
    "barkbands_kurtosis": {
        "max": 59.6316108704,
        "mean": 5.63335037231,
        "min": -1.80073487759,
        "stdev": 7.03483438492
    },
    "barkbands_skewness": {
        "max": 7.37656497955,
        "mean": 1.72965824604,
        "min": -0.630584716797,
        "stdev": 1.03539335728
    },
    "barkbands_spread": {
        "max": 52.984462738,
        "mean": 9.80251312256,
        "min": 1.31828832626,
        "stdev": 6.02687644958
    },
    "dissonance": {
        "max": 0.500000059605,
        "mean": 0.431577801704,
        "min": 0.284560233355,
        "stdev": 0.0357115790248
    },
    "dynamic_complexity": 3.05975294113,
    "erbbands_crest": {
        "max": 27.5717716217,
        "mean": 10.8556432724,
        "min": 3.88037729263,
        "stdev": 4.21284484863
    },
    "erbbands_flatness_db": {
        "max": 0.335824370384,
        "mean": 0.223390817642,
        "min": 0.12417306751,
        "stdev": 0.0279635246843
    },
    "erbbands_kurtosis": {
        "max": 15.1263217926,
        "mean": 0.937208473682,
        "min": -1.79719388485,
        "stdev": 2.32557868958
    },
    "erbbands_skewness": {
        "max": 3.48294377327,
        "mean": 0.737930417061,
        "min": -2.19128894806,
        "stdev": 0.711039602757
    },
    "erbbands_spread": {
        "max": 90.2126541138,
        "mean": 25.2900714874,
        "min": 4.65653610229,
        "stdev": 12.0718927383
    },
    "hfc": {
        "max": 135.376434326,
        "mean": 9.9815864563,
        "min": 0.33030179143,
        "stdev": 10.5832643509
    },
    "loudness_ebu128": {
        "integrated": -17.4319400787,
        "loudness_range": 3.89862728119,
        "momentary": {
            "max": -11.9799757004,
            "mean": -18.4473285675,
            "min": -26.0574131012,
            "stdev": 3.17108106613
        },
        "short_term": {
            "max": -14.9394416809,
            "mean": -17.7901573181,
            "min": -23.1513061523,
            "stdev": 1.4970574379
        }
    },
    "melbands_crest": {
        "max": 29.8861103058,
        "mean": 14.1439619064,
        "min": 4.38954734802,
        "stdev": 5.05094051361
    },
    "melbands_flatness_db": {
        "max": 0.42422837019,
        "mean": 0.297063916922,
        "min": 0.145853549242,
        "stdev": 0.0431764945388
    },
    "melbands_kurtosis": {
        "max": 122.659767151,
        "mean": 10.2104768753,
        "min": -1.30763351917,
        "stdev": 12.2182531357
    },
    "melbands_skewness": {
        "max": 9.33277225494,
        "mean": 2.22786021233,
        "min": -0.411036849022,
        "stdev": 1.29364180565
    },
    "melbands_spread": {
        "max": 87.269821167,
        "mean": 11.4510145187,
        "min": 1.40798962116,
        "stdev": 7.37115287781
    },
    "pitch_salience": {
        "max": 0.850949585438,
        "mean": 0.545185983181,
        "min": 0.127979934216,
        "stdev": 0.103433072567
    },
    "silence_rate_20dB": {
        "max": 1,
        "mean": 1,
        "min": 1,
        "stdev": 0
    },
    "silence_rate_30dB": {
        "max": 1,
        "mean": 0.990956664085,
        "min": 0,
        "stdev": 0.0946662425995
    },
    "silence_rate_60dB": {
        "max": 1,
        "mean": 0.0337934307754,
        "min": 0,
        "stdev": 0.180699929595
    },
    "spectral_centroid": {
        "max": 2867.03808594,
        "mean": 661.106201172,
        "min": 212.173233032,
        "stdev": 320.410430908
    },
    "spectral_complexity": {
        "max": 44,
        "mean": 12.4935741425,
        "min": 2,
        "stdev": 4.77993392944
    },
    "spectral_decrease": {
        "max": -2.21020007851e-10,
        "mean": -6.04107208702e-09,
        "min": -4.96696834773e-08,
        "stdev": 5.51899459467e-09
    },
    "spectral_energy": {
        "max": 0.19974398613,
        "mean": 0.0237057358027,
        "min": 0.000864139292389,
        "stdev": 0.0216641854495
    },
    "spectral_energyband_high": {
        "max": 0.00395363895223,
        "mean": 4.66054880235e-05,
        "min": 2.36494361161e-06,
        "stdev": 0.000168821381521
    },
    "spectral_energyband_low": {
        "max": 0.0673409551382,
        "mean": 0.00613239221275,
        "min": 5.0846432714e-05,
        "stdev": 0.00799199379981
    },
    "spectral_energyband_middle_high": {
        "max": 0.0322576500475,
        "mean": 0.00223246240057,
        "min": 4.31233020208e-05,
        "stdev": 0.00273271184415
    },
    "spectral_energyband_middle_low": {
        "max": 0.163725048304,
        "mean": 0.0181351918727,
        "min": 0.000328491732944,
        "stdev": 0.0191910956055
    },
    "spectral_entropy": {
        "max": 7.84325122833,
        "mean": 6.81617689133,
        "min": 5.85599708557,
        "stdev": 0.312276184559
    },
    "spectral_flux": {
        "max": 0.350391954184,
        "mean": 0.065983466804,
        "min": 0.0115377604961,
        "stdev": 0.0359886325896
    },
    "spectral_kurtosis": {
        "max": 39.8182563782,
        "mean": 12.1624965668,
        "min": -0.556565761566,
        "stdev": 6.43714666367
    },
    "spectral_rms": {
        "max": 0.0139596620575,
        "mean": 0.00440673204139,
        "min": 0.000918184465263,
        "stdev": 0.00192568812054
    },
    "spectral_rolloff": {
        "max": 3639.11132812,
        "mean": 689.279968262,
        "min": 129.19921875,
        "stdev": 444.428619385
    },
    "spectral_skewness": {
        "max": 4.67362260818,
        "mean": 2.2791891098,
        "min": 0.0828275233507,
        "stdev": 0.727814137936
    },
    "spectral_spread": {
        "max": 14897504,
        "mean": 2370778.5,
        "min": 1374281.5,
        "stdev": 556897.75
    },
    "spectral_strongpeak": {
        "max": 6.17787837982,
        "mean": 0.899922668934,
        "min": 0.0176587067544,
        "stdev": 0.803629755974
    },
    "zerocrossingrate": {
        "max": 0.10791015625,
        "mean": 0.028028877452,
        "min": 0.005859375,
        "stdev": 0.0110836979002
    },
    "barkbands": {
        "max": [0.000205675707548, 0.0145972818136, 0.022777678445, 0.0837014392018, 0.055532194674, 0.134246945381, 0.117840416729, 0.0908219665289, 0.0422889702022, 0.0143582047895, 0.0102178510278, 0.0133476657793, 0.00955781340599, 0.013002673164, 0.0109851555899, 0.0110634770244, 0.00581555021927, 0.00320484722033, 0.00463912356645, 0.00282238633372, 0.00141418119892, 0.000696656352375, 5.78607941861e-05, 6.63644368615e-06, 2.5082895263e-06, 2.64913182946e-06, 2.55677855421e-06],
        "mean": [1.02967906059e-05, 0.00139497977216, 0.00197512400337, 0.00511740846559, 0.00363879767247, 0.00407045939937, 0.00296510965563, 0.00139160361141, 0.00078833749285, 0.000446333258878, 0.000356775301043, 0.000198113877559, 0.000163045086083, 0.000192600840819, 0.000281729153357, 0.000292813259875, 0.000160864598001, 0.000107489329821, 9.30494279601e-05, 2.95016143355e-05, 2.10304042412e-05, 7.8639595813e-06, 1.22149867821e-06, 4.0369565113e-07, 3.82675125365e-07, 4.37178528045e-07, 2.20230944592e-08],
        "min": [2.01630401264e-09, 6.89924536346e-06, 2.74586318483e-06, 1.6545204744e-06, 3.19911996485e-05, 1.51207068484e-05, 1.71290084836e-05, 5.33357251697e-06, 8.33626290841e-06, 1.55437896865e-06, 1.00329782526e-06, 1.07039625163e-06, 1.13675309876e-06, 6.18908984507e-07, 7.2349422453e-07, 1.15717625704e-06, 1.24358200537e-06, 1.04759647002e-06, 1.03408365248e-06, 9.19145179523e-07, 4.22136707812e-07, 1.95142959569e-07, 1.0106353443e-07, 1.06169807168e-07, 1.25637271253e-07, 1.38811088846e-07, 3.29689539558e-11],
        "stdev": [1.42828266689e-05, 0.00179712043609, 0.00266461982392, 0.00972260907292, 0.00570010906085, 0.00733508169651, 0.00642878655344, 0.00464317714795, 0.0020179792773, 0.000990542932414, 0.000707986182533, 0.000522611720953, 0.000504529976752, 0.000633994408417, 0.000651920330711, 0.000624839798547, 0.000361761980457, 0.000287864910206, 0.000279734871583, 0.000117663068522, 7.44891294744e-05, 3.12883130391e-05, 3.41600662068e-06, 3.16408375056e-07, 1.62066882581e-07, 1.7336020619e-07, 6.03916774367e-08]
    },
    "erbbands": {
        "max": [0.254990011454, 4.15737581253, 22.8075618744, 184.338363647, 204.724273682, 258.113616943, 204.878036499, 1675.56713867, 1201.93457031, 2175.85424805, 2459.09155273, 638.267822266, 448.245239258, 629.35760498, 269.971557617, 688.34161377, 288.356567383, 621.604675293, 684.395324707, 405.420318604, 621.666442871, 260.527374268, 150.653305054, 410.890655518, 107.437156677, 164.544082642, 69.133934021, 48.1738357544, 24.1092300415, 4.94852209091, 1.30712354183, 0.320755034685, 0.0606649965048, 0.0289889853448, 0.0168800298125, 0.01085322164, 0.0049439384602, 0.00161843758542, 0.000369421264622, 0.000231937898207],
        "mean": [0.0195879153907, 0.398831188679, 2.02177143097, 10.9948034286, 15.1374206543, 10.9068508148, 14.931224823, 41.2503585815, 43.2866706848, 38.791469574, 28.0780010223, 18.9256420135, 12.5231714249, 19.4338741302, 9.40468883514, 8.48602104187, 7.53217554092, 9.57873821259, 13.2966966629, 13.8441095352, 16.7258071899, 8.7723531723, 5.54836606979, 6.73119163513, 2.9065682888, 1.42580711842, 0.961756467819, 0.749674618244, 0.316364914179, 0.114746212959, 0.0282438416034, 0.0103740729392, 0.00630323542282, 0.00427026487887, 0.00275782309473, 0.00167383695953, 0.000830476114061, 0.000146352875163, 1.61649804795e-05, 2.68170333584e-05],
        "min": [0.000181878262083, 0.00269419117831, 0.0154675906524, 0.0385109372437, 0.0650335475802, 0.0996588766575, 0.111206188798, 0.242180094123, 0.25663381815, 0.323836505413, 0.203724235296, 0.335241854191, 0.116591222584, 0.153916522861, 0.0968841388822, 0.0536535046995, 0.0622000209987, 0.0452715456486, 0.019453426823, 0.0468956455588, 0.0827737823129, 0.0963991209865, 0.0554206855595, 0.0746107771993, 0.0479031577706, 0.0449454970658, 0.0268917325884, 0.0163459144533, 0.0079948278144, 0.0044056638144, 0.00324319838546, 0.00265782605857, 0.00188335229177, 0.00154950818978, 0.000825860188343, 0.000468409736641, 0.000254005513852, 4.47542806796e-05, 2.00323574973e-06, 1.25267297335e-06],
        "stdev": [0.0256231240928, 0.508968472481, 2.48034858704, 20.3821315765, 23.4097862244, 21.1256484985, 22.0922431946, 86.7460479736, 87.4733886719, 110.03465271, 109.222312927, 39.3167114258, 25.7145786285, 38.3992576599, 19.1412067413, 22.3965873718, 18.9054660797, 28.9329490662, 35.590473175, 26.2343463898, 33.9448509216, 19.4245853424, 13.1509780884, 23.0168876648, 7.82098913193, 5.97664260864, 3.748244524, 2.65848708153, 1.27169322968, 0.339210033417, 0.0739950835705, 0.0148530360311, 0.00365406088531, 0.0019968606066, 0.0011439853115, 0.00072170200292, 0.000328326859744, 6.89444277668e-05, 1.36799180837e-05, 2.43531412707e-05]
    },
    "gfcc": {
        "mean": [-69.5617828369, 160.816223145, -120.032608032, 12.8560714722, -40.4648857117, -17.8134937286, -34.791217804, 1.41402161121, -19.7157936096, 0.545207202435, -19.7864074707, -1.87667131424, -9.98502159119],
        "cov": [[1256.02746582, 112.542991638, -390.046417236, 221.670928955, 172.061889648, -326.273529053, -113.847190857, -190.550216675, 52.698097229, -49.7337379456, -45.1441230774, -54.7704200745, -13.5526409149], [112.542991638, 236.240249634, 57.9778709412, -156.262832642, 58.7252197266, 26.1267299652, 3.40274095535, 6.85712432861, 9.09577083588, -32.7873725891, 24.7449684143, -20.5377349854, 0.167895138264], [-390.046417236, 57.9778709412, 388.29989624, 9.54829978943, -80.1933059692, 104.679977417, 62.9456787109, 26.3641700745, -5.49325275421, -15.0424995422, -5.14765024185, -2.27681851387, -10.7843341827], [221.670928955, -156.262832642, 9.54829978943, 412.591003418, 56.7508621216, -126.217514038, -23.4567832947, -84.8825759888, 18.0113544464, 2.95609498024, -61.5498046875, -7.95519065857, 12.9335460663], [172.061889648, 58.7252197266, -80.1933059692, 56.7508621216, 193.537414551, -3.98065280914, -49.2602615356, -16.3041725159, 3.6966958046, -5.51640939713, -4.77628898621, -21.9344902039, 25.2577705383], [-326.273529053, 26.1267299652, 104.679977417, -126.217514038, -3.98065280914, 219.65574646, 93.5507202148, 80.5571975708, -3.32778978348, 28.7818508148, 27.9913825989, 9.21304893494, -2.89812660217], [-113.847190857, 3.40274095535, 62.9456787109, -23.4567832947, -49.2602615356, 93.5507202148, 125.620101929, 77.4189987183, 11.9567298889, 8.70348644257, 13.3538351059, 14.5802974701, -6.94229793549], [-190.550216675, 6.85712432861, 26.3641700745, -84.8825759888, -16.3041725159, 80.5571975708, 77.4189987183, 143.325180054, 34.1322669983, 19.5503063202, 31.8626594543, 21.2854137421, 1.51284861565], [52.698097229, 9.09577083588, -5.49325275421, 18.0113544464, 3.6966958046, -3.32778978348, 11.9567298889, 34.1322669983, 76.3618240356, 37.9147186279, 1.09233510494, -5.71986675262, -8.47536754608], [-49.7337379456, -32.7873725891, -15.0424995422, 2.95609498024, -5.51640939713, 28.7818508148, 8.70348644257, 19.5503063202, 37.9147186279, 87.8591537476, 46.1870880127, 7.64198684692, -10.0578718185], [-45.1441230774, 24.7449684143, -5.14765024185, -61.5498046875, -4.77628898621, 27.9913825989, 13.3538351059, 31.8626594543, 1.09233510494, 46.1870880127, 93.3831481934, 37.3518409729, -10.558763504], [-54.7704200745, -20.5377349854, -2.27681851387, -7.95519065857, -21.9344902039, 9.21304893494, 14.5802974701, 21.2854137421, -5.71986675262, 7.64198684692, 37.3518409729, 64.7040710449, 28.6383800507], [-13.5526409149, 0.167895138264, -10.7843341827, 12.9335460663, 25.2577705383, -2.89812660217, -6.94229793549, 1.51284861565, -8.47536754608, -10.0578718185, -10.558763504, 28.6383800507, 74.5044403076]],
        "icov": [[0.00546380039304, -0.00566289806738, 0.00572374323383, -0.00313660223037, -0.000415708229411, 0.00368701666594, -0.00446514366195, 0.00597143685445, -0.00504918629304, 0.00311439763755, -0.00161455199122, 0.000439984869445, 0.00157479592599], [-0.00566289806738, 0.0299453455955, -0.0145252104849, 0.0190144162625, -0.0156889948994, 0.00685298070312, -0.0110010458156, 0.00810236111283, -0.0112810451537, 0.0105949407443, -0.011854798533, 0.007546401117, -0.00653895223513], [0.00572374323383, -0.0145252104849, 0.0133787570521, -0.0111588845029, 0.00885105133057, -0.00431908387691, 0.0027904571034, 0.00105284131132, -0.00136953161564, 0.00304007763043, -0.000784747186117, 0.00119310710579, 0.00170237664133], [-0.00313660223037, 0.0190144162625, -0.0111588845029, 0.0184388216585, -0.0153280282393, 0.0110955415294, -0.0133204758167, 0.00873186904937, -0.00611420394853, 1.48965336848e-05, 0.000354890857125, -0.00158419250511, -0.00125432980713], [-0.000415708229411, -0.0156889948994, 0.00885105133057, -0.0153280282393, 0.0230185370892, -0.0150299947709, 0.0187684651464, -0.0117436181754, 0.00703062163666, -0.000154695881065, -0.00160439440515, 0.00614607287571, -0.00431004259735], [0.00368701666594, 0.00685298070312, -0.00431908387691, 0.0110955415294, -0.0150299947709, 0.0230180192739, -0.0208727028221, 0.00978947710246, -0.00343508622609, -0.0044462592341, 0.00261388579383, -0.00272032432258, 0.00237603858113], [-0.00446514366195, -0.0110010458156, 0.0027904571034, -0.0133204758167, 0.0187684651464, -0.0208727028221, 0.035877674818, -0.0223784148693, 0.0118077546358, -0.00322156678885, 0.00383838848211, -0.00119617790915, 0.000463760807179], [0.00597143685445, 0.00810236111283, 0.00105284131132, 0.00873186904937, -0.0117436181754, 0.00978947710246, -0.0223784148693, 0.030627887696, -0.0227317586541, 0.0132830040529, -0.0117339324206, 0.00242188107222, -0.00202714768238], [-0.00504918629304, -0.0112810451537, -0.00136953161564, -0.00611420394853, 0.00703062163666, -0.00343508622609, 0.0118077546358, -0.0227317586541, 0.0417339541018, -0.0301543474197, 0.0231457073241, -0.0101111512631, 0.00685840565711], [0.00311439763755, 0.0105949407443, 0.00304007763043, 1.48965336848e-05, -0.000154695881065, -0.0044462592341, -0.00322156678885, 0.0132830040529, -0.0301543474197, 0.0447615012527, -0.034300621599, 0.018991548568, -0.00925904419273], [-0.00161455199122, -0.011854798533, -0.000784747186117, 0.000354890857125, -0.00160439440515, 0.00261388579383, 0.00383838848211, -0.0117339324206, 0.0231457073241, -0.034300621599, 0.0474900007248, -0.0322947278619, 0.0179457105696], [0.000439984869445, 0.007546401117, 0.00119310710579, -0.00158419250511, 0.00614607287571, -0.00272032432258, -0.00119617790915, 0.00242188107222, -0.0101111512631, 0.018991548568, -0.0322947278619, 0.045469481498, -0.022480295971], [0.00157479592599, -0.00653895223513, 0.00170237664133, -0.00125432980713, -0.00431004259735, 0.00237603858113, 0.000463760807179, -0.00202714768238, 0.00685840565711, -0.00925904419273, 0.0179457105696, -0.022480295971, 0.0265399198979]]
    },
    "melbands": {
        "max": [0.00268236640841, 0.00929794460535, 0.027549892664, 0.0147445816547, 0.00626977952197, 0.0324576273561, 0.0178791731596, 0.019853906706, 0.0176114682108, 0.00341239920817, 0.00214426941238, 0.00270008062944, 0.00127907423303, 0.00151034828741, 0.000848637719173, 0.00103870080784, 0.0013917182805, 0.00114929117262, 0.000626789813396, 0.000577836995944, 0.000947628403082, 0.000324877648382, 0.000231759302551, 0.000174535161932, 0.000385018473025, 0.000112085268483, 7.1416136052e-05, 0.000123812220409, 5.23195667483e-05, 3.65351697837e-05, 3.28976784658e-05, 1.8075983462e-05, 4.57086571259e-06, 2.15149066207e-06, 8.0819586401e-07, 3.66871859114e-07, 1.27871402356e-07, 3.61984433539e-08, 2.76670810706e-08, 2.40358062342e-08],
        "mean": [0.000284047564492, 0.000983201549388, 0.00201074010693, 0.000910523696803, 0.000501256959978, 0.000890528724995, 0.000663272105157, 0.000397597323172, 0.000212649654713, 0.000113629990665, 5.83772562095e-05, 7.66824377934e-05, 3.72323447664e-05, 2.27747132158e-05, 1.65382207342e-05, 1.77457986865e-05, 1.7982263671e-05, 2.00738140848e-05, 2.15444542846e-05, 1.78966511157e-05, 1.99429014174e-05, 9.58339660428e-06, 5.43251462659e-06, 5.00071882925e-06, 5.73306670049e-06, 2.54372753261e-06, 1.26323914174e-06, 8.80105005763e-07, 6.27457438895e-07, 5.11195992203e-07, 4.08444691402e-07, 1.94854209212e-07, 1.00567163486e-07, 4.49122055102e-08, 1.63562727806e-08, 8.24547186085e-09, 5.30483479366e-09, 4.40149605652e-09, 3.90403886996e-09, 3.47705242376e-09],
        "min": [2.25239136853e-06, 6.71560701448e-06, 1.19991109386e-05, 6.36386039332e-06, 4.79011623611e-06, 2.80254721474e-06, 3.40315250469e-06, 2.4314761049e-06, 9.56964981924e-07, 1.36944504447e-06, 4.29757477605e-07, 4.71833857318e-07, 2.39688802139e-07, 1.29872319121e-07, 9.39695183888e-08, 1.30439602231e-07, 7.73752049099e-08, 1.9362655479e-08, 6.26116332114e-08, 6.78678517829e-08, 8.20664496359e-08, 8.44693062163e-08, 4.24066577409e-08, 4.40586447326e-08, 5.1663551659e-08, 2.96320141757e-08, 3.17834327745e-08, 2.01238972153e-08, 1.51079913024e-08, 6.79670453252e-09, 5.93376059399e-09, 4.08304812183e-09, 3.85111986745e-09, 1.71070568822e-09, 1.60386337544e-09, 1.38468236877e-09, 9.16952347385e-10, 8.32192093014e-10, 7.5237505115e-10, 7.82193698701e-10],
        "stdev": [0.000351521041011, 0.00110982020851, 0.00323763978668, 0.00140940630808, 0.00070648023393, 0.00174083758611, 0.00127141200937, 0.00110162387136, 0.000850067939609, 0.000229818848311, 0.000126402024762, 0.000160305819008, 7.25543941371e-05, 6.09349626757e-05, 4.02522236982e-05, 5.55073056603e-05, 5.92687101744e-05, 5.91428797634e-05, 4.6220717195e-05, 3.61795136996e-05, 4.45567384304e-05, 2.253864659e-05, 1.31583910843e-05, 1.42454646266e-05, 2.08935489354e-05, 6.98888379702e-06, 4.16100101575e-06, 4.15703652834e-06, 2.65050857706e-06, 1.74834872269e-06, 1.58721388743e-06, 8.40495260945e-07, 3.39180729725e-07, 1.32528739982e-07, 4.55412951794e-08, 1.79310646331e-08, 5.47367751125e-09, 2.65868038696e-09, 2.11482342749e-09, 1.74973791012e-09]
    },
    "melbands128": {
        "max": [9.71137051238e-05, 0.00170344905928, 0.00471693929285, 0.00913878157735, 0.0143691916019, 0.0130853969604, 0.0440139994025, 0.0338928662241, 0.0285412166268, 0.0258326437324, 0.0196812748909, 0.0130004771054, 0.00906683690846, 0.0136642483994, 0.049803674221, 0.0406672656536, 0.0370916612446, 0.0181267429143, 0.0486000776291, 0.0432561337948, 0.0174433626235, 0.02914083004, 0.024613302201, 0.0172587372363, 0.0031341877766, 0.00542198354378, 0.00488370098174, 0.00393965421245, 0.000599613762461, 0.00439852848649, 0.00304460781626, 0.00251271785237, 0.00159292737953, 0.0018886749167, 0.00173092749901, 0.00218695192598, 0.00326899508946, 0.000774045125581, 0.0010210723849, 0.0013963378733, 0.00206413818523, 0.00163158285432, 0.00180212722626, 0.00318200420588, 0.00183380418457, 0.00223321607336, 0.00172540906351, 0.000868440780323, 0.000430572748883, 0.00150065275375, 0.00102472433355, 0.000594028271735, 0.000994546106085, 0.00157354760449, 0.000857643026393, 0.000499649147969, 0.000385355262551, 0.000237939937506, 0.000342561223079, 0.000171296473127, 0.000203100804356, 0.000294917321298, 0.000571294745896, 0.000651146459859, 0.00016664735449, 0.000183823649422, 0.000117185263662, 8.76407211763e-05, 6.54053219478e-05, 0.000107229272544, 0.000180558927241, 0.000114387614303, 8.37468905956e-05, 7.26525468053e-05, 3.72697068087e-05, 4.89909507451e-05, 3.67612410628e-05, 2.99566563626e-05, 6.02137915848e-05, 4.23720521212e-05, 2.02124192583e-05, 1.32326340463e-05, 7.32486205379e-06, 5.26525400346e-06, 3.75610352421e-06, 3.20270714838e-06, 1.99888768293e-06, 1.06197069272e-06, 9.22337164866e-07, 8.45049726195e-07, 5.90459478644e-07, 4.12505784197e-07, 2.61017135017e-07, 1.62055115993e-07, 5.76370702277e-08, 4.34908145053e-08, 5.74697089917e-08, 3.44144588382e-08, 3.63695278338e-08, 2.90428694427e-08, 2.76043063963e-08, 4.77140851274e-08, 2.26052208063e-08, 2.31106653814e-08, 1.67852078903e-08, 3.09407930388e-08, 2.2013759704e-08, 2.00236875969e-08, 1.81960935208e-08, 2.77845053631e-08, 2.63593342709e-08, 1.75439733852e-08, 1.51871351051e-08, 2.38002524355e-08, 1.27263817262e-08, 1.26757484509e-08, 1.27912214154e-08, 1.21664651687e-08, 1.18961693829e-08, 1.20692433825e-08, 1.0834301456e-08, 1.03814343788e-08, 1.03169908172e-08, 1.01881516557e-08, 1.00807513448e-08, 9.97526239388e-09, 9.90520554467e-09, 9.86043158235e-09],
        "mean": [6.64214167045e-06, 7.99313784228e-05, 0.000358185818186, 0.000747178855818, 0.000849604781251, 0.00104755850043, 0.00232840655372, 0.00244485680014, 0.00146113696974, 0.00084585044533, 0.000536803272553, 0.000410594861023, 0.000467117904918, 0.000581156869885, 0.00106401741505, 0.000969123502728, 0.000756346911658, 0.000567066192161, 0.000648671062663, 0.000391366396798, 0.000328271737089, 0.000223818176892, 0.000241534697125, 0.000142714401591, 9.91065680864e-05, 0.00013538179337, 4.82224204461e-05, 7.07461585989e-05, 2.71264816547e-05, 7.71725972299e-05, 0.000100178345747, 7.09570012987e-05, 2.05103715416e-05, 2.82031287497e-05, 1.88582616829e-05, 2.13436396734e-05, 3.01460095216e-05, 1.20702770801e-05, 1.19558981169e-05, 1.70090133906e-05, 2.21239242819e-05, 1.40852962431e-05, 1.44774503497e-05, 2.44298116741e-05, 1.73169701156e-05, 1.50881724039e-05, 2.91890373774e-05, 2.35735205933e-05, 1.70265266206e-05, 1.76964658749e-05, 1.61882635439e-05, 2.01657585421e-05, 2.38538050326e-05, 1.87662917597e-05, 1.36071412271e-05, 8.11832342151e-06, 7.19283843864e-06, 5.76115007789e-06, 4.90993761559e-06, 4.28753719461e-06, 4.47781258117e-06, 5.65599339097e-06, 7.38027893021e-06, 5.78642038818e-06, 3.22243954543e-06, 2.37171434492e-06, 2.3084512577e-06, 1.42674866765e-06, 1.05431934116e-06, 8.84998314632e-07, 9.26783513933e-07, 8.58222847455e-07, 7.55129747176e-07, 5.74503644657e-07, 4.88154398681e-07, 5.42298778328e-07, 5.10590950853e-07, 4.51609196261e-07, 4.41650655603e-07, 3.15231346804e-07, 2.13735773968e-07, 1.50695825596e-07, 1.14572699772e-07, 1.02794324164e-07, 8.3377294402e-08, 5.68808040669e-08, 3.0438744858e-08, 2.05462225011e-08, 1.70375216157e-08, 1.22638317279e-08, 8.65204174971e-09, 7.67228058862e-09, 6.29187635326e-09, 5.0251762751e-09, 4.99028685041e-09, 4.43836656316e-09, 4.31122648692e-09, 4.28011937004e-09, 3.879248478e-09, 3.80566023139e-09, 3.54175955231e-09, 3.44629969007e-09, 3.29975979874e-09, 3.31349903071e-09, 2.98336888527e-09, 3.02104741223e-09, 2.93084401193e-09, 2.88467738585e-09, 2.75080269674e-09, 2.96852320503e-09, 2.91303425826e-09, 2.73645617277e-09, 2.69848321466e-09, 2.52714404958e-09, 2.49926057627e-09, 1.98469596313e-09, 5.46800882351e-10, 9.11239625423e-11, 7.13440764799e-11, 7.61974441876e-11, 7.37724326072e-11, 7.49473746953e-11, 5.23891242887e-11, 9.46684657749e-12, 8.02915199605e-12, 7.86471582304e-12, 7.76443319361e-12, 7.72077887734e-12],
        "min": [1.93688509675e-09, 6.08926882251e-08, 7.498981347e-08, 1.93780442714e-06, 5.8444836526e-08, 1.06110701381e-06, 9.27369342207e-07, 5.88036982663e-07, 1.54433178068e-06, 1.34887238801e-06, 2.26644374379e-07, 7.31820534838e-07, 6.75862906974e-07, 1.54255326379e-06, 9.14729071155e-07, 6.56153531509e-07, 3.05029885794e-07, 5.55045005513e-07, 9.69176539911e-07, 7.7047150171e-07, 3.30230875534e-07, 2.2301517788e-07, 3.11506056505e-07, 2.51946346452e-07, 1.11489029564e-07, 1.03702078036e-07, 1.0086026947e-07, 9.72164500013e-08, 1.43884506087e-07, 8.93525893275e-08, 1.29440479668e-07, 1.18422143203e-07, 1.8544785263e-08, 1.52886521221e-08, 2.31758967573e-08, 8.66364935348e-09, 2.7583178408e-08, 2.81240737365e-08, 2.64597925792e-08, 5.08843420732e-08, 6.68628317158e-08, 2.25716156876e-08, 3.09532843801e-09, 3.80307696446e-08, 6.0594285145e-09, 1.55614348074e-08, 2.70635762689e-08, 1.43129099683e-08, 3.51479698679e-08, 4.17523864371e-08, 3.92549246442e-08, 5.01614429993e-08, 1.18658247672e-08, 2.93774551352e-08, 2.22945697459e-08, 7.50983364384e-09, 6.21118489974e-09, 6.38496100436e-09, 7.72421149264e-09, 1.02572315086e-08, 3.00652338581e-08, 1.68466218753e-08, 7.53940110343e-09, 2.53263845451e-08, 3.76974584881e-09, 4.55594539872e-09, 1.20136851578e-08, 1.45098795201e-08, 3.95842558731e-09, 1.16821938789e-08, 1.72449765579e-09, 3.62837565548e-10, 1.93292715167e-09, 4.04347311189e-09, 1.4124071912e-09, 1.60103730273e-09, 2.72633138287e-09, 5.11332365338e-10, 4.96132246397e-10, 8.36020419559e-10, 5.27871801825e-10, 2.58233628925e-10, 4.04491440342e-10, 1.27018076612e-10, 5.6758941297e-11, 1.09133625747e-10, 2.30207047869e-10, 8.54025808406e-11, 1.11133630076e-10, 1.5050853619e-10, 4.43780429071e-11, 9.07815905782e-11, 9.00834892792e-11, 2.10145269242e-11, 4.09492058318e-11, 9.32187452229e-11, 6.83305842464e-12, 7.34630065113e-11, 3.94115816371e-11, 3.88825430186e-11, 5.55750515052e-11, 2.75185551429e-11, 2.35884350247e-11, 1.46620545566e-11, 4.82999751306e-12, 3.50216071421e-11, 1.03079992458e-11, 3.10338317544e-11, 1.68567937386e-11, 1.65598975504e-11, 1.5595835387e-11, 2.86048285753e-11, 9.29507582015e-11, 9.90531788536e-12, 1.5873712067e-10, 1.22071346087e-11, 4.23989923032e-12, 1.13056685866e-13, 9.04436844428e-14, 9.40496731059e-14, 9.00039591467e-14, 1.05474941389e-13, 9.46011931985e-14, 8.11452074696e-14, 6.02884712639e-14, 2.55967258023e-14, 2.46207511471e-15, 7.22038148113e-17],
        "stdev": [9.15675354918e-06, 0.000141578595503, 0.00051712046843, 0.00107518653385, 0.00129423604812, 0.00152938696556, 0.0048137367703, 0.00450439099222, 0.00272540841252, 0.00192873820197, 0.00143252534326, 0.000926391570829, 0.000920836348087, 0.00112347747199, 0.00278927688487, 0.00228575756773, 0.00218086969107, 0.00146178842988, 0.00171679735649, 0.00183610699605, 0.00105358753353, 0.00120247760788, 0.00126817263663, 0.000716438051313, 0.000211460195715, 0.000312168587698, 0.000211101330933, 0.000201529153856, 5.58236024517e-05, 0.000268935429631, 0.00019407630316, 0.000182298070285, 6.41807200736e-05, 9.58548625931e-05, 7.7523982327e-05, 7.80317859608e-05, 9.98265240924e-05, 4.11283872381e-05, 4.51003907074e-05, 5.54268299311e-05, 9.27965520532e-05, 7.01544195181e-05, 6.24883177807e-05, 0.000109422617243, 8.8484142907e-05, 6.6330008849e-05, 0.000100144017779, 6.61338926875e-05, 4.14204441768e-05, 5.94808479946e-05, 4.35680049122e-05, 5.12762926519e-05, 6.31107905065e-05, 5.83909459237e-05, 3.66911117453e-05, 2.5777353585e-05, 2.48158212344e-05, 1.4763206309e-05, 1.36381404445e-05, 1.1013882613e-05, 1.39234543894e-05, 2.09249774343e-05, 3.05839275825e-05, 2.61180775851e-05, 1.01481873571e-05, 8.08992081147e-06, 7.70583665144e-06, 4.7395128604e-06, 3.64365564565e-06, 4.42645750809e-06, 4.99204043081e-06, 4.09691574532e-06, 3.74638875655e-06, 2.75967818197e-06, 2.02577348318e-06, 2.05729406844e-06, 1.68935901002e-06, 1.64423852311e-06, 2.06872437047e-06, 1.54593499246e-06, 9.35725552154e-07, 7.33335184577e-07, 4.89180479235e-07, 3.57426785058e-07, 2.47376902962e-07, 1.85177825074e-07, 1.00538159131e-07, 6.58677379306e-08, 4.76610644284e-08, 3.61579033381e-08, 2.37033521699e-08, 1.61953028766e-08, 1.09595044151e-08, 5.91158144658e-09, 4.3090335744e-09, 3.68718455768e-09, 3.58057095085e-09, 3.25602345086e-09, 2.8958513365e-09, 2.89909207751e-09, 2.45449705005e-09, 2.66854516262e-09, 2.13788897696e-09, 2.29342500546e-09, 1.98508676164e-09, 2.15629580858e-09, 2.11358996971e-09, 2.0122516986e-09, 2.03449679326e-09, 2.07475658875e-09, 2.07681583042e-09, 1.8581159944e-09, 1.43609202308e-09, 1.89847315646e-09, 1.39046385517e-09, 1.2371407232e-09, 6.90553947358e-10, 3.04419128794e-10, 2.93392560247e-10, 2.95392904581e-10, 2.77184719621e-10, 2.66471983368e-10, 2.49252368745e-10, 2.22776630476e-10, 2.20370818815e-10, 2.18060708379e-10, 2.16525353203e-10, 2.15545484239e-10]
    },
    "mfcc": {
        "mean": [-718.963378906, 200.208770752, -21.3609409332, 35.8456268311, 1.95028221607, -4.92487287521, -9.62296485901, -4.93876695633, 1.72395002842, -4.00314044952, -3.14823126793, -4.02573823929, 0.637363255024],
        "cov": [[1505.16333008, -28.864440918, -521.834472656, 404.434936523, 80.3484039307, -6.95579195023, -208.455657959, -144.69670105, -48.5587921143, -103.373802185, -19.2209568024, -51.6855430603, -17.7991142273], [-28.864440918, 410.163238525, 8.02280235291, -246.950378418, 44.7263526917, -43.8482894897, 46.7015113831, 29.6557598114, -8.94844055176, -0.652579784393, 0.590203940868, 37.2925796509, -4.22740030289], [-521.834472656, 8.02280235291, 431.464996338, -45.3382072449, -91.3986587524, 41.1943321228, 48.8680763245, 67.7128448486, 21.1678371429, 14.3483476639, 30.1931724548, 15.3945684433, -18.6907577515], [404.434936523, -246.950378418, -45.3382072449, 447.154754639, 67.9802780151, 33.6393814087, -105.688613892, -66.5663299561, 9.17677211761, -50.6840820312, -25.7232284546, -62.7369422913, -20.2772293091], [80.3484039307, 44.7263526917, -91.3986587524, 67.9802780151, 177.327194214, 29.7572917938, -12.5984859467, -36.7512016296, 2.71417689323, 5.20508384705, -29.4365882874, -23.8770980835, -13.9962530136], [-6.95579195023, -43.8482894897, 41.1943321228, 33.6393814087, 29.7572917938, 113.153892517, 21.5381336212, -15.6611175537, 9.05332946777, 9.84233856201, -1.70394194126, -7.06798267365, -14.4400072098], [-208.455657959, 46.7015113831, 48.8680763245, -105.688613892, -12.5984859467, 21.5381336212, 124.844497681, 61.5215187073, 4.37529325485, 30.5993614197, 4.7303237915, 24.2009220123, 17.6609134674], [-144.69670105, 29.6557598114, 67.7128448486, -66.5663299561, -36.7512016296, -15.6611175537, 61.5215187073, 113.727287292, 38.9913749695, 17.9319171906, 13.7911701202, 13.1573514938, 12.8216276169], [-48.5587921143, -8.94844055176, 21.1678371429, 9.17677211761, 2.71417689323, 9.05332946777, 4.37529325485, 38.9913749695, 97.5137176514, 37.1415023804, -7.55232620239, -3.8727312088, -8.35910129547], [-103.373802185, -0.652579784393, 14.3483476639, -50.6840820312, 5.20508384705, 9.84233856201, 30.5993614197, 17.9319171906, 37.1415023804, 98.3365707397, 35.9826850891, 10.3183403015, 4.89759159088], [-19.2209568024, 0.590203940868, 30.1931724548, -25.7232284546, -29.4365882874, -1.70394194126, 4.7303237915, 13.7911701202, -7.55232620239, 35.9826850891, 99.3316268921, 53.2502861023, 1.55820977688], [-51.6855430603, 37.2925796509, 15.3945684433, -62.7369422913, -23.8770980835, -7.06798267365, 24.2009220123, 13.1573514938, -3.8727312088, 10.3183403015, 53.2502861023, 96.7251358032, 30.4800319672], [-17.7991142273, -4.22740030289, -18.6907577515, -20.2772293091, -13.9962530136, -14.4400072098, 17.6609134674, 12.8216276169, -8.35910129547, 4.89759159088, 1.55820977688, 30.4800319672, 80.5535964966]],
        "icov": [[0.00418802769855, -0.00438308762386, 0.00585243431851, -0.00554826576263, 0.00486844265833, -0.00428678793833, 0.0039305514656, -0.00199678749777, 0.00207769847475, -0.000664346094709, -0.00041714697727, -0.000210069978493, 0.000533744867425], [-0.00438308762386, 0.00964088737965, -0.0067359120585, 0.00906867347658, -0.00841919612139, 0.00655590649694, -0.00432445527986, 0.0023229920771, -0.0029556567315, 0.00301825348288, -0.000132024317281, -0.000369008048438, 0.000200026028324], [0.00585243431851, -0.0067359120585, 0.0113987773657, -0.00825973507017, 0.00882036425173, -0.00789696536958, 0.00547919794917, -0.0046086711809, 0.00333354598843, -0.0014588086633, -0.000496794527862, -0.000604193308391, 0.00182739051525], [-0.00554826576263, 0.00906867347658, -0.00825973507017, 0.0129999862984, -0.0096293548122, 0.00592366233468, -0.00342070451006, 0.00370808877051, -0.00495720189065, 0.00476675480604, -0.0017325313529, 0.00242250366136, -0.00153294380289], [0.00486844265833, -0.00841919612139, 0.00882036425173, -0.0096293548122, 0.0156476199627, -0.00820242241025, 0.00439471658319, -0.00189136783592, 0.00359010603279, -0.00455918814987, 0.00267769210041, -0.00077086687088, 0.00173212343361], [-0.00428678793833, 0.00655590649694, -0.00789696536958, 0.00592366233468, -0.00820242241025, 0.0175985880196, -0.00971536338329, 0.00744241848588, -0.00529838446528, 0.00250503444113, -0.00156907725614, 0.00114798278082, 0.000624472275376], [0.0039305514656, -0.00432445527986, 0.00547919794917, -0.00342070451006, 0.00439471658319, -0.00971536338329, 0.0217116642743, -0.0128482244909, 0.00864697992802, -0.00709926057607, 0.0060147754848, -0.004984756466, 0.000457429152448], [-0.00199678749777, 0.0023229920771, -0.0046086711809, 0.00370808877051, -0.00189136783592, 0.00744241848588, -0.0128482244909, 0.0216301064938, -0.0119922440499, 0.00660522375256, -0.00695278914645, 0.00530040729791, -0.00359279592521], [0.00207769847475, -0.0029556567315, 0.00333354598843, -0.00495720189065, 0.00359010603279, -0.00529838446528, 0.00864697992802, -0.0119922440499, 0.0210319496691, -0.012046138756, 0.00948642659932, -0.00605502584949, 0.00453910557553], [-0.000664346094709, 0.00301825348288, -0.0014588086633, 0.00476675480604, -0.00455918814987, 0.00250503444113, -0.00709926057607, 0.00660522375256, -0.012046138756, 0.0219405479729, -0.0131514761597, 0.00745489168912, -0.00411536544561], [-0.00041714697727, -0.000132024317281, -0.000496794527862, -0.0017325313529, 0.00267769210041, -0.00156907725614, 0.0060147754848, -0.00695278914645, 0.00948642659932, -0.0131514761597, 0.0245239846408, -0.0149265695363, 0.0062790219672], [-0.000210069978493, -0.000369008048438, -0.000604193308391, 0.00242250366136, -0.00077086687088, 0.00114798278082, -0.004984756466, 0.00530040729791, -0.00605502584949, 0.00745489168912, -0.0149265695363, 0.0223182048649, -0.00851276051253], [0.000533744867425, 0.000200026028324, 0.00182739051525, -0.00153294380289, 0.00173212343361, 0.000624472275376, 0.000457429152448, -0.00359279592521, 0.00453910557553, -0.00411536544561, 0.0062790219672, -0.00851276051253, 0.0172859840095]]
    },
    "spectral_contrast_coeffs": {
        "max": [-0.385397821665, -0.433155715466, -0.536104142666, -0.584721982479, -0.602068603039, -0.490061402321],
        "mean": [-0.672902703285, -0.701364457607, -0.738071918488, -0.786930084229, -0.78120726347, -0.724766016006],
        "min": [-0.901649773121, -0.888540446758, -0.886945307255, -0.910750865936, -0.883286476135, -0.923969864845],
        "stdev": [0.0906203016639, 0.0703305527568, 0.0558586642146, 0.0485422126949, 0.044938609004, 0.0493049025536]
    },
    "spectral_contrast_valleys": {
        "max": [-5.26216316223, -4.72955131531, -5.60192871094, -5.84312391281, -5.79034996033, -10.6344957352],
        "mean": [-6.73299312592, -6.64202642441, -7.85521221161, -7.99101877213, -8.53527641296, -12.6658706665],
        "min": [-8.60006141663, -8.17884159088, -9.55858135223, -9.62584972382, -9.90740966797, -13.3328351974],
        "stdev": [0.43753105402, 0.497401803732, 0.534449934959, 0.563036620617, 0.584335267544, 0.241266280413]
    }
},
"rhythm": {
    "beats_count": 81,
    "beats_loudness": {
        "max": 0.151645883918,
        "mean": 0.0301243960857,
        "min": 0.00182195694651,
        "stdev": 0.0283257793635
    },
    "bpm": 131.640197754,
    "bpm_histogram_first_peak_bpm": 133,
    "bpm_histogram_first_peak_weight": 0.263157904148,
    "bpm_histogram_second_peak_bpm": 83,
    "bpm_histogram_second_peak_spread": 0.294117629528,
    "bpm_histogram_second_peak_weight": 0.15000000596,
    "danceability": 1.04946374893,
    "onset_rate": 2.1123046875,
    "beats_loudness_band_ratio": {
        "max": [0.855407893658, 0.820007383823, 0.760032951832, 0.214339420199, 0.414516299963, 0.218523904681],
        "mean": [0.342945277691, 0.330123722553, 0.288749158382, 0.0640100613236, 0.0443958565593, 0.0100130736828],
        "min": [0.0432763472199, 0.0189729072154, 0.00712347356603, 0.00263512320817, 0.00223191617988, 0.000404935330153],
        "stdev": [0.199851870537, 0.193394988775, 0.187472805381, 0.051953908056, 0.0633981898427, 0.0287376269698]
    },
