{
"metadata": {
    "version": {
        "essentia": "2.1-beta5",
        "essentia_git_sha": "Undefined",
        "extractor": "music 2.0"
    },
    "audio_properties": {
        "analysis": {
            "equal_loudness": 0,
            "length": 12.7477550507,
            "sample_rate": 44100,
            "start_time": 0,
            "downmix": "mix"
        },
        "bit_rate": 192000,
        "length": 164.931350708,
        "lossless": 0,
        "number_channels": 2,
        "replay_gain": -13.1848506927,
        "sample_rate": 48000,
        "codec": "mp3",
        "md5_encoded": "cb9f64268e1ec5499237ba6f550dc932"
    },
    "tags": {
        "file_name": "Netherlands_Jij Bent Mijn Leven_Anneke Grönloh.mp3",
        "encoding": ["Lavf58.29.100"]
    }
},
"lowlevel": {
    "average_loudness": 0.956758737564,
    "barkbands_crest": {
        "max": 24.2115135193,
        "mean": 7.45602178574,
        "min": 2.81388282776,
        "stdev": 3.36807370186
    },
    "barkbands_flatness_db": {
        "max": 0.289906054735,
        "mean": 0.16618655622,
        "min": 0.108197703958,
        "stdev": 0.0292923636734
    },
    "barkbands_kurtosis": {
        "max": 19.1839694977,
        "mean": 1.21996891499,
        "min": -1.78593313694,
        "stdev": 3.0887594223
    },
    "barkbands_skewness": {
        "max": 4.19412994385,
        "mean": 0.648552775383,
        "min": -1.06943261623,
        "stdev": 0.910652637482
    },
    "barkbands_spread": {
        "max": 63.6738853455,
        "mean": 17.1286277771,
        "min": 2.88412666321,
        "stdev": 7.90722131729
    },
    "dissonance": {
        "max": 0.500000119209,
        "mean": 0.475980013609,
        "min": 0.255527168512,
        "stdev": 0.0225587133318
    },
    "dynamic_complexity": 2.72478222847,
    "erbbands_crest": {
        "max": 23.8747406006,
        "mean": 8.73046970367,
        "min": 2.72097730637,
        "stdev": 3.8853521347
    },
    "erbbands_flatness_db": {
        "max": 0.3272126019,
        "mean": 0.224028214812,
        "min": 0.110830180347,
        "stdev": 0.0364834181964
    },
    "erbbands_kurtosis": {
        "max": 7.13202571869,
        "mean": 0.364887028933,
        "min": -1.69140601158,
        "stdev": 1.16816902161
    },
    "erbbands_skewness": {
        "max": 2.32408618927,
        "mean": 0.260694354773,
        "min": -1.2521982193,
        "stdev": 0.564096093178
    },
    "erbbands_spread": {
        "max": 94.5363464355,
        "mean": 26.4029693604,
        "min": 6.07839107513,
        "stdev": 14.5679731369
    },
    "hfc": {
        "max": 84.9270172119,
        "mean": 22.4610919952,
        "min": 0.14966148138,
        "stdev": 17.1936130524
    },
    "loudness_ebu128": {
        "integrated": -11.6361560822,
        "loudness_range": 3.65803623199,
        "momentary": {
            "max": -8.56745910645,
            "mean": -12.5766820908,
            "min": -24.1279506683,
            "stdev": 3.27231144905
        },
        "short_term": {
            "max": -9.58243179321,
            "mean": -11.6082143784,
            "min": -15.1179380417,
            "stdev": 1.40354061127
        }
    },
    "melbands_crest": {
        "max": 28.0669727325,
        "mean": 9.20308876038,
        "min": 2.75860834122,
        "stdev": 4.52746629715
    },
    "melbands_flatness_db": {
        "max": 0.34878847003,
        "mean": 0.146587044001,
        "min": 0.065124489367,
        "stdev": 0.0481835566461
    },
    "melbands_kurtosis": {
        "max": 50.451625824,
        "mean": 3.9177942276,
        "min": -1.22468400002,
        "stdev": 6.55870437622
    },
    "melbands_skewness": {
        "max": 6.51470184326,
        "mean": 1.19049930573,
        "min": -0.851220309734,
        "stdev": 1.17239332199
    },
    "melbands_spread": {
        "max": 86.6211624146,
        "mean": 27.3068313599,
        "min": 3.4644882679,
        "stdev": 11.8805961609
    },
    "pitch_salience": {
        "max": 0.880991697311,
        "mean": 0.676488041878,
        "min": 0.273311108351,
        "stdev": 0.114197932184
    },
    "silence_rate_20dB": {
        "max": 1,
        "mean": 1,
        "min": 1,
        "stdev": 0
    },
    "silence_rate_30dB": {
        "max": 1,
        "mean": 1,
        "min": 1,
        "stdev": 0
    },
    "silence_rate_60dB": {
        "max": 1,
        "mean": 0.107272729278,
        "min": 0,
        "stdev": 0.309459865093
    },
    "spectral_centroid": {
        "max": 3497.09399414,
        "mean": 1637.75231934,
        "min": 296.986785889,
        "stdev": 543.828613281
    },
    "spectral_complexity": {
        "max": 49,
        "mean": 24.1618175507,
        "min": 0,
        "stdev": 11.885102272
    },
    "spectral_decrease": {
        "max": -3.41760474087e-11,
        "mean": -3.88716259181e-09,
        "min": -1.68516862686e-08,
        "stdev": 2.53797360905e-09
    },
    "spectral_energy": {
        "max": 0.0708024650812,
        "mean": 0.0167083498091,
        "min": 0.000147465645568,
        "stdev": 0.0109757604077
    },
    "spectral_energyband_high": {
        "max": 0.0117399608716,
        "mean": 0.000589095754549,
        "min": 2.03525564757e-06,
        "stdev": 0.000967327388935
    },
    "spectral_energyband_low": {
        "max": 0.00760403927416,
        "mean": 0.000463702570414,
        "min": 5.10289225986e-07,
        "stdev": 0.000689435109962
    },
    "spectral_energyband_middle_high": {
        "max": 0.0488862618804,
        "mean": 0.00990448892117,
        "min": 1.83326828846e-05,
        "stdev": 0.00786176323891
    },
    "spectral_energyband_middle_low": {
        "max": 0.0485985018313,
        "mean": 0.00609193556011,
        "min": 5.74682817387e-05,
        "stdev": 0.00594657985494
    },
    "spectral_entropy": {
        "max": 8.26202964783,
        "mean": 7.64354133606,
        "min": 6.40951824188,
        "stdev": 0.295467734337
    },
    "spectral_flux": {
        "max": 0.232937574387,
        "mean": 0.0761182010174,
        "min": 0.00966420210898,
        "stdev": 0.0306934397668
    },
    "spectral_kurtosis": {
        "max": 14.7120132446,
        "mean": 3.93201518059,
        "min": -0.620010375977,
        "stdev": 2.3441157341
    },
    "spectral_rms": {
        "max": 0.00831117201596,
        "mean": 0.00377576355822,
        "min": 0.000379300559871,
        "stdev": 0.00142983871046
    },
    "spectral_rolloff": {
        "max": 7170.55664062,
        "mean": 1936.14904785,
        "min": 301.46484375,
        "stdev": 911.602722168
    },
    "spectral_skewness": {
        "max": 3.24742603302,
        "mean": 1.33157002926,
        "min": 0.22382928431,
        "stdev": 0.348919153214
    },
    "spectral_spread": {
        "max": 7159686.5,
        "mean": 3254514.25,
        "min": 2142619,
        "stdev": 883987.6875
    },
    "spectral_strongpeak": {
        "max": 9.57512187958,
        "mean": 1.47423303127,
        "min": 0.00451525114477,
        "stdev": 1.57014393806
    },
    "zerocrossingrate": {
        "max": 0.17333984375,
        "mean": 0.0708575993776,
        "min": 0.0166015625,
        "stdev": 0.0217460393906
    },
    "barkbands": {
        "max": [4.09204039897e-05, 0.000965632963926, 0.00282576144673, 0.00819222815335, 0.0216343291104, 0.0334223359823, 0.0459457747638, 0.0193953160197, 0.0138469571248, 0.0462194420397, 0.0144045706838, 0.00873158872128, 0.00675575667992, 0.0240904781967, 0.0142583912238, 0.0153274405748, 0.00997226219624, 0.0102418893948, 0.00734752975404, 0.00228191749193, 0.00990663189441, 0.00102356390562, 0.000569627329241, 0.000484099524328, 0.000128684871015, 5.24548056546e-07, 5.72509918584e-07],
        "mean": [1.39217684136e-06, 9.02533065528e-05, 0.000209019752219, 0.000302798114717, 0.00127924012486, 0.00103785528336, 0.00125442817807, 0.000935838092119, 0.000956275907811, 0.00191974558402, 0.000926934997551, 0.000931586895604, 0.000895087840036, 0.00109671254177, 0.00150242599193, 0.000901209597941, 0.000756464200094, 0.000544203503523, 0.000467113917693, 0.000207998498809, 0.000260148051893, 0.000105902414361, 6.90977249178e-05, 4.882633948e-05, 7.78686808189e-06, 1.83767845385e-09, 1.5399527209e-09],
        "min": [9.32867560977e-09, 1.82329742415e-07, 2.34207703897e-07, 1.25380935856e-07, 7.55345695325e-07, 9.095072528e-06, 8.84611836227e-06, 3.65405844605e-06, 8.7362514023e-06, 1.88944000001e-06, 1.31099375267e-06, 7.11607299309e-07, 7.78516834998e-07, 1.87167029253e-06, 6.76599597682e-07, 9.38952553042e-07, 6.06140531545e-07, 7.33608885639e-07, 6.04683009442e-07, 5.48383468413e-07, 5.35352569386e-07, 3.60232718322e-07, 3.07536794253e-07, 2.03850305525e-07, 2.69823487997e-08, 6.85863518757e-12, 8.57070057286e-12],
        "stdev": [2.41896373154e-06, 0.000129087842652, 0.000375548057491, 0.000599430815782, 0.0019240929978, 0.00239167967811, 0.00312294089235, 0.00181859883014, 0.00122597429436, 0.00356629909948, 0.0013559316285, 0.0011467167642, 0.00104752776679, 0.00182449771091, 0.00195380556397, 0.00126101751812, 0.00116325542331, 0.00092408520868, 0.000854613201227, 0.00028535281308, 0.000684697763063, 0.000142588207382, 9.3267284683e-05, 7.592428301e-05, 1.38971736305e-05, 2.42606041922e-08, 2.43824160862e-08]
    },
    "erbbands": {
        "max": [0.0259741097689, 0.275613725185, 2.11735010147, 18.9612808228, 39.065120697, 101.166824341, 285.82244873, 174.967254639, 590.066223145, 470.853942871, 536.687988281, 215.533721924, 1661.26428223, 903.232788086, 407.562072754, 392.001586914, 334.272094727, 990.748168945, 793.598388672, 942.387390137, 257.795013428, 707.943847656, 658.092895508, 483.884216309, 226.28187561, 95.7071533203, 621.317382812, 245.979156494, 28.3172302246, 33.8570823669, 18.9762134552, 14.5290384293, 5.21637773514, 2.23108959198, 0.315500706434, 0.00792807620019, 0.000987896462902, 0.000354284798959, 8.29623531899e-05, 8.74422476045e-05],
        "mean": [0.0015399659751, 0.0266806520522, 0.193230181932, 0.74239730835, 2.03272342682, 5.0127120018, 7.0266418457, 8.28413009644, 17.6834621429, 13.7924404144, 26.0165290833, 21.8383026123, 32.8151664734, 71.003944397, 38.3670578003, 40.9107093811, 43.2969474792, 55.9635124207, 80.4158401489, 62.1905593872, 41.2536888123, 38.4640808105, 36.0115432739, 25.9104919434, 19.7162685394, 10.9526262283, 13.0783605576, 6.75178098679, 3.58749961853, 2.74163603783, 2.10145258904, 1.43550217152, 0.553893625736, 0.152360528708, 0.0191017463803, 0.000556090439204, 5.00245478179e-05, 1.14601052701e-05, 1.22139508676e-05, 2.17578399315e-05],
        "min": [3.86280453313e-06, 4.80488524772e-05, 0.000235120562138, 0.000400325021474, 0.000769085309003, 0.0030014582444, 0.0172445159405, 0.0968384891748, 0.164233744144, 0.125613927841, 0.182081520557, 0.225299105048, 0.0684007182717, 0.0625587850809, 0.0803161412477, 0.0377015024424, 0.0485189184546, 0.0996500104666, 0.044146027416, 0.0383249521255, 0.0530913285911, 0.0439805388451, 0.0554965250194, 0.0264504663646, 0.035627014935, 0.019357977435, 0.0178476832807, 0.0214072298259, 0.0127101037651, 0.0120781799778, 0.00917988829315, 0.00568018900231, 0.00298718665726, 0.000635665841401, 7.50230974518e-05, 2.52630115938e-06, 2.97243815339e-07, 8.21458101541e-08, 1.04316143279e-07, 1.91394804006e-07],
        "stdev": [0.00265745050274, 0.0356805622578, 0.313094109297, 1.43169021606, 3.63319087029, 8.47997188568, 16.8017787933, 17.8785362244, 44.7630958557, 27.2548656464, 51.867816925, 25.3449649811, 76.4049682617, 117.692008972, 46.7338485718, 51.929813385, 48.8202781677, 84.8975296021, 101.405288696, 85.6288070679, 41.8078804016, 55.537902832, 59.1143836975, 52.4695587158, 29.3764648438, 13.6979608536, 40.359336853, 15.3231678009, 4.68002414703, 3.76052427292, 2.93634390831, 2.27306771278, 0.84509241581, 0.253610670567, 0.031928576529, 0.000863939174451, 7.44348508306e-05, 1.87785244634e-05, 9.15878445085e-06, 1.45667927427e-05]
    },
    "gfcc": {
        "mean": [-39.1070747375, 111.688110352, -191.390808105, 35.8331108093, -84.2553482056, 6.93476486206, -41.8041419983, -8.53191184998, -10.4418935776, -22.5511951447, 0.296851634979, -21.2797622681, 4.9367351532],
        "cov": [[3716.24926758, -1045.03234863, -1248.79064941, -289.430664062, -39.3298606873, 232.396591187, -22.6255226135, -91.1118927002, -32.9929924011, -7.63022279739, -120.140869141, -78.9836959839, -26.8166561127], [-1045.03234863, 730.923706055, 505.09954834, 71.0811309814, 101.812942505, -113.347473145, 71.1150970459, -16.163898468, -24.2813415527, -55.1033058167, 26.5844783783, -0.187518045306, 27.0766143799], [-1248.79064941, 505.09954834, 1135.3939209, 402.671020508, -164.71522522, -128.495025635, -87.7540664673, 93.5997390747, -50.8617286682, 0.799187779427, 42.6790237427, 40.4522895813, 19.5654258728], [-289.430664062, 71.0811309814, 402.671020508, 289.358947754, -44.7830162048, -96.462890625, -61.2704696655, 70.4331970215, 2.39410281181, 2.41350984573, 48.6774177551, 20.2362003326, -12.7499933243], [-39.3298606873, 101.812942505, -164.71522522, -44.7830162048, 180.794921875, 8.13422489166, 54.4922599792, -10.2935142517, 24.3667736053, -18.269525528, 18.8173713684, -7.35627269745, -8.94049453735], [232.396591187, -113.347473145, -128.495025635, -96.462890625, 8.13422489166, 217.642852783, 48.3992729187, -33.492099762, -21.2190475464, 21.2057170868, -70.2461471558, -18.0583267212, 10.4608306885], [-22.6255226135, 71.1150970459, -87.7540664673, -61.2704696655, 54.4922599792, 48.3992729187, 93.957572937, -9.24733161926, 1.23508894444, -6.77041387558, -17.1022701263, -12.6773834229, 12.0313720703], [-91.1118927002, -16.163898468, 93.5997390747, 70.4331970215, -10.2935142517, -33.492099762, -9.24733161926, 74.090713501, 27.1108722687, 5.41931819916, 28.6267280579, 10.712305069, -8.55179595947], [-32.9929924011, -24.2813415527, -50.8617286682, 2.39410281181, 24.3667736053, -21.2190475464, 1.23508894444, 27.1108722687, 67.0454711914, 26.9883289337, 30.3649997711, 8.76447582245, -8.51824474335], [-7.63022279739, -55.1033058167, 0.799187779427, 2.41350984573, -18.269525528, 21.2057170868, -6.77041387558, 5.41931819916, 26.9883289337, 68.0465545654, 22.915397644, 7.10451221466, 1.50038313866], [-120.140869141, 26.5844783783, 42.6790237427, 48.6774177551, 18.8173713684, -70.2461471558, -17.1022701263, 28.6267280579, 30.3649997711, 22.915397644, 85.7562332153, 29.8865375519, -10.0858001709], [-78.9836959839, -0.187518045306, 40.4522895813, 20.2362003326, -7.35627269745, -18.0583267212, -12.6773834229, 10.712305069, 8.76447582245, 7.10451221466, 29.8865375519, 43.9774856567, 19.5349502563], [-26.8166561127, 27.0766143799, 19.5654258728, -12.7499933243, -8.94049453735, 10.4608306885, 12.0313720703, -8.55179595947, -8.51824474335, 1.50038313866, -10.0858001709, 19.5349502563, 49.8104667664]],
        "icov": [[0.000645625463221, 0.000170588406036, 0.00101417466067, -0.000783006777056, 0.000641733116936, -0.000478911562823, 0.000500615686178, -0.000107278101495, 0.000616821402218, 0.000390379573219, -0.000356514006853, 0.00101040012669, -0.000642237486318], [0.000170588406036, 0.0113797020167, -0.00983696337789, 0.00741931702942, -0.00915937125683, 0.00558391772211, -0.00857850536704, 0.00936454162002, -0.00388943543658, 0.00540035031736, -0.0031692951452, 0.0054118912667, -0.00305990152992], [0.00101417466067, -0.00983696337789, 0.0127534978092, -0.0107784569263, 0.0103799942881, -0.00552816456184, 0.00796448066831, -0.00913420226425, 0.00633394578472, -0.00453953770921, 0.00230996729806, -0.00340576493181, 0.000680259661749], [-0.000783006777056, 0.00741931702942, -0.0107784569263, 0.0154312308878, -0.00851150695235, 0.0054854284972, -0.00344290072098, 0.00177931261715, -0.00250690989196, 0.00253259856254, -0.00228700856678, 0.00235590338707, 0.000294363882858], [0.000641733116936, -0.00915937125683, 0.0103799942881, -0.00851150695235, 0.018075145781, -0.00681129656732, 0.00297913723625, -0.00459977425635, -0.000487282028189, 0.0020509744063, -0.00407877471298, -0.000406175327953, 0.00142229592893], [-0.000478911562823, 0.00558391772211, -0.00552816456184, 0.0054854284972, -0.00681129656732, 0.0131935002282, -0.00816268380731, 0.00340486853383, 0.00195672549307, -0.00632940232754, 0.00971947982907, -0.00453728251159, 0.00311796087772], [0.000500615686178, -0.00857850536704, 0.00796448066831, -0.00344290072098, 0.00297913723625, -0.00816268380731, 0.0251021236181, -0.0102882990614, 0.0027677109465, -0.00149084068835, -0.000505132658873, 0.00475447811186, -0.00610628677532], [-0.000107278101495, 0.00936454162002, -0.00913420226425, 0.00177931261715, -0.00459977425635, 0.00340486853383, -0.0102882990614, 0.0317025184631, -0.0147547610104, 0.009616676718, -0.00705204671249, 0.00373938400298, -0.000425009435276], [0.000616821402218, -0.00388943543658, 0.00633394578472, -0.00250690989196, -0.000487282028189, 0.00195672549307, 0.0027677109465, -0.0147547610104, 0.0315850488842, -0.0154205793515, 0.00335099943914, -0.00667041819543, 0.0047770999372], [0.000390379573219, 0.00540035031736, -0.00453953770921, 0.00253259856254, 0.0020509744063, -0.00632940232754, -0.00149084068835, 0.009616676718, -0.0154205793515, 0.0317066758871, -0.0179495941848, 0.0127744190395, -0.00882211700082], [-0.000356514006853, -0.0031692951452, 0.00230996729806, -0.00228700856678, -0.00407877471298, 0.00971947982907, -0.000505132658873, -0.00705204671249, 0.00335099943914, -0.0179495941848, 0.0386958271265, -0.0280787497759, 0.0161371584982], [0.00101040012669, 0.0054118912667, -0.00340576493181, 0.00235590338707, -0.000406175327953, -0.00453728251159, 0.00475447811186, 0.00373938400298, -0.00667041819543, 0.0127744190395, -0.0280787497759, 0.0566026493907, -0.0294932518154], [-0.000642237486318, -0.00305990152992, 0.000680259661749, 0.000294363882858, 0.00142229592893, 0.00311796087772, -0.00610628677532, -0.000425009435276, 0.0047770999372, -0.00882211700082, 0.0161371584982, -0.0294932518154, 0.0381212867796]]
    },
    "melbands": {
        "max": [0.000235816129134, 0.000757845817134, 0.00282365037128, 0.00476198084652, 0.00748557364568, 0.00409548263997, 0.00950655713677, 0.00416435766965, 0.004100500606, 0.00121140829287, 0.00845556613058, 0.00374662876129, 0.0020048385486, 0.00107706745621, 0.000633880263194, 0.000617447134573, 0.00231624906883, 0.00109662907198, 0.000720416195691, 0.00139792729169, 0.000410948006902, 0.000772565370426, 0.000600792642217, 0.000355414493242, 0.000457174930489, 0.000221018926823, 0.00010100761574, 8.11789213913e-05, 0.000357711192919, 0.000232361708186, 0.000143030803883, 1.93726154976e-05, 2.68451040029e-05, 1.18751358968e-05, 1.10650598799e-05, 9.85743008641e-06, 8.51176628203e-06, 5.06231617692e-06, 2.966868351e-06, 1.57557212788e-06],
        "mean": [1.94617532543e-05, 8.365103713e-05, 0.000155906993314, 0.000254536571447, 0.000245259725489, 0.000197002998902, 0.000273437733995, 0.000145180354593, 0.000217231921852, 0.00013166507415, 0.000163577133208, 0.000295393663691, 0.000134231333504, 0.000104278522485, 0.000100455370557, 9.00134255062e-05, 0.000104753147752, 0.000122324418044, 0.000101628444099, 7.01797325746e-05, 4.41704469267e-05, 3.56995769835e-05, 4.72853353131e-05, 2.39947439695e-05, 2.0794752345e-05, 1.59447063197e-05, 9.2859409051e-06, 6.47738625048e-06, 8.6688060037e-06, 5.33626098331e-06, 3.55570114152e-06, 1.97494796339e-06, 1.94032077161e-06, 1.28814451728e-06, 1.28810791011e-06, 9.96675339593e-07, 7.80798757205e-07, 4.35493831219e-07, 2.12127588384e-07, 9.49107317183e-08],
        "min": [4.43664909255e-08, 1.03526119233e-07, 7.49900976871e-08, 1.20588040886e-07, 4.97616383655e-07, 2.17267711378e-06, 2.263038823e-06, 1.35465643325e-06, 1.50728885728e-06, 1.11778138034e-06, 3.13618414793e-07, 2.42746807544e-07, 2.27794075158e-07, 8.03238577873e-08, 9.0234280492e-08, 9.40855926501e-08, 1.91961277096e-07, 6.6484119543e-08, 6.13211454947e-08, 4.64607872175e-08, 5.3803397293e-08, 3.82998202042e-08, 3.43838166827e-08, 3.58803688982e-08, 1.75662275836e-08, 2.68672302184e-08, 2.28354419818e-08, 9.37281541269e-09, 1.14640492654e-08, 1.23992567325e-08, 9.66386171086e-09, 5.7087019556e-09, 7.39885530621e-09, 5.14829956444e-09, 4.25193613651e-09, 5.05553066077e-09, 2.87768719964e-09, 1.95177740636e-09, 1.38015221474e-09, 2.41238196086e-10],
        "stdev": [2.92279364658e-05, 0.000120574957691, 0.000247389340075, 0.000412423192756, 0.00047887742403, 0.000453620712506, 0.000677514821291, 0.000245433329837, 0.000427601888077, 0.000151136002387, 0.000391308858525, 0.000510792538989, 0.000196258260985, 0.000125978433061, 0.000121930264868, 0.000100287979876, 0.00018360807735, 0.000150550840772, 0.00012429508206, 0.000112984344014, 4.92709223181e-05, 5.30882462044e-05, 8.84942346602e-05, 3.78741533495e-05, 5.00289133925e-05, 2.67985105893e-05, 1.15786915558e-05, 9.62492413237e-06, 2.41339548666e-05, 1.55463858391e-05, 8.62616161612e-06, 2.56001112575e-06, 2.9660054679e-06, 1.68771657627e-06, 1.82401652182e-06, 1.52372354023e-06, 1.26217423713e-06, 6.92966523275e-07, 3.60528275678e-07, 1.61995643566e-07]
    },
    "melbands128": {
        "max": [3.52100469172e-05, 0.000176194866071, 0.00042890291661, 0.000594931188971, 0.000912990479264, 0.0015738052316, 0.00455648126081, 0.00324151106179, 0.00480527617037, 0.00551081076264, 0.00674419756979, 0.00359515147284, 0.0119134197012, 0.0132539533079, 0.00502375653014, 0.00851910281926, 0.0133956568316, 0.0148086613044, 0.0138856125996, 0.00457231421024, 0.000699343800079, 0.00477680191398, 0.00680830143392, 0.00574135640636, 0.00258107576519, 0.00174720934592, 0.00422017229721, 0.0147874094546, 0.0065709692426, 0.00845176447183, 0.00606621801853, 0.00347487116233, 0.00315878656693, 0.00083333888324, 0.000893042888492, 0.00197290000506, 0.00163725821767, 0.000922130187973, 0.00123262102716, 0.00102105573751, 0.000723125238437, 0.00122843962163, 0.00297090574168, 0.0062805255875, 0.0011815354228, 0.000989231630228, 0.00337637611665, 0.000808671175037, 0.000397065887228, 0.00318338465877, 0.00142789899837, 0.000369861721992, 0.000495655927807, 0.000758829817642, 0.000499700312503, 0.00116472598165, 0.00128130265512, 0.00164364173543, 0.00127989717294, 0.00102466333192, 0.000400798104238, 0.000719300122, 0.000589144532569, 0.00104174867738, 0.000343740481185, 0.000301839521853, 0.000375505769625, 0.000113624504593, 0.000152040447574, 9.50193352764e-05, 0.000119240852655, 0.000170338724274, 0.000121173929074, 0.000318655802403, 0.000979542033747, 0.000135267124278, 7.94267325546e-05, 0.000426706043072, 8.65437614266e-05, 5.19559180248e-05, 4.32862543676e-05, 1.22870414998e-05, 3.8680183934e-05, 2.51446781476e-05, 6.81581223034e-05, 1.2173803043e-05, 1.40703386933e-05, 1.0463983017e-05, 2.07948924071e-05, 1.91903127416e-05, 1.65474448295e-05, 1.24507214423e-05, 2.32711736317e-05, 9.59624958341e-06, 8.04934188636e-06, 5.3856924751e-06, 8.81923915586e-06, 4.02927571486e-06, 2.7238572784e-06, 4.085855835e-06, 1.28970486912e-06, 1.19106948659e-06, 1.64923756074e-06, 6.31400325801e-07, 7.89643124222e-08, 3.74652442403e-09, 3.6940404069e-09, 3.6261251779e-09, 3.54043794282e-09, 3.43882611276e-09, 3.32741012521e-09, 3.21625259758e-09, 3.10377568091e-09, 3.01347857778e-09, 2.92344659591e-09, 2.83162382431e-09, 2.74482392371e-09, 2.67052868708e-09, 2.59500709809e-09, 2.53385779025e-09, 2.47976950085e-09, 2.42519537785e-09, 2.37579622642e-09, 2.33399677363e-09, 2.29976815369e-09, 2.2760304752e-09, 2.25855711911e-09, 2.24619345346e-09],
        "mean": [1.08506776542e-06, 7.79898800829e-06, 2.49931872531e-05, 4.55658373539e-05, 7.82493807492e-05, 0.000110625966045, 0.00015176301531, 0.000144493664266, 0.000194747015485, 0.000267964060185, 0.000297313643387, 0.000254894752288, 0.000257048261119, 0.000204011390451, 0.000145207173773, 0.000221388603677, 0.000271378230536, 0.000313380936859, 0.000254077138379, 0.00012049965153, 8.83264947333e-05, 0.000191720988369, 0.000296415120829, 0.000157179209054, 0.000134087124025, 0.000105728118797, 0.000149592742673, 0.000155620335136, 0.00014155174722, 0.000423626275733, 0.00030372760375, 0.000137935581733, 0.000165606528753, 8.45608010422e-05, 9.24780979403e-05, 0.000116084178444, 0.000118584903248, 8.50514188642e-05, 0.000106633779069, 9.72201451077e-05, 7.29743696866e-05, 0.000100924000435, 0.000102582991531, 0.00012386108574, 7.71461564e-05, 0.000105155486381, 0.000214429572225, 7.92766950326e-05, 5.9993348259e-05, 0.00010847239173, 6.59567303956e-05, 4.13241286878e-05, 5.25186915183e-05, 4.08674131904e-05, 3.6803605326e-05, 2.9220685974e-05, 2.94380843116e-05, 7.86440068623e-05, 3.73216971639e-05, 2.65443522949e-05, 2.31783196796e-05, 2.21060472541e-05, 2.30528130487e-05, 2.21235350182e-05, 1.32852846946e-05, 1.39624344229e-05, 2.25914172916e-05, 8.54327390698e-06, 6.41857923256e-06, 8.46200146043e-06, 6.67328595227e-06, 5.55823316972e-06, 5.84529470871e-06, 1.01694186014e-05, 1.12633479148e-05, 4.42887085228e-06, 3.26290637531e-06, 4.56065936305e-06, 3.4165825582e-06, 3.10664427161e-06, 1.99331520889e-06, 1.35645177579e-06, 2.0279758246e-06, 2.01770671993e-06, 2.09653899219e-06, 1.19506364626e-06, 1.13225814857e-06, 1.09208019694e-06, 1.53182509166e-06, 1.20556796901e-06, 9.42166536788e-07, 8.02029319402e-07, 1.34142840125e-06, 7.61367516589e-07, 5.25041855326e-07, 4.73507583365e-07, 4.87078750666e-07, 2.53803790429e-07, 1.99265471679e-07, 2.28858823448e-07, 9.82218892887e-08, 7.47152100189e-08, 7.6580015218e-08, 3.89069150231e-08, 5.09168929241e-09, 2.16392979924e-11, 1.44850268932e-11, 1.3971895689e-11, 1.23402217264e-11, 1.2275217301e-11, 1.14744125659e-11, 1.18138337654e-11, 1.14435769888e-11, 9.57913349336e-12, 9.30714880165e-12, 8.91146531568e-12, 7.76107216688e-12, 7.15613983002e-12, 6.95249587068e-12, 6.78072528681e-12, 6.62595889614e-12, 6.47912105911e-12, 6.34849030984e-12, 6.23524495924e-12, 6.13131724211e-12, 6.04316856972e-12, 5.98346676026e-12, 5.9488117557e-12],
        "min": [2.4335318205e-09, 1.16698473107e-08, 5.01418355725e-08, 8.62910667365e-08, 1.15504754206e-07, 1.14626992342e-07, 8.41084641934e-08, 5.58844917009e-08, 6.57032543927e-08, 1.11524983026e-07, 1.55182505068e-07, 2.14842586388e-07, 4.12213239542e-07, 1.01514092421e-06, 7.40521954867e-07, 3.10314533181e-07, 2.03249101105e-06, 1.67575262822e-06, 1.36007167839e-06, 4.61323907075e-07, 3.21155056326e-07, 3.85107910006e-07, 4.93796505907e-07, 6.30222757536e-07, 8.23371522074e-07, 1.99239480025e-07, 1.59101205099e-07, 1.75888857257e-07, 9.27626189196e-08, 9.53019068106e-08, 3.4082233924e-08, 9.68933377976e-08, 5.50684546852e-08, 5.55955708137e-08, 3.55334144331e-08, 4.50525980966e-08, 8.63102798121e-08, 2.52978260562e-08, 6.74366162912e-08, 5.84242769719e-08, 3.83899738665e-08, 2.05014156762e-08, 9.89194859358e-08, 9.95854421149e-08, 4.47652475088e-08, 2.14421174149e-08, 4.29437001515e-08, 6.63993802164e-08, 3.04461416079e-08, 3.70689505758e-08, 2.93887971736e-08, 1.70659486542e-08, 2.26667431491e-08, 2.41203750306e-08, 1.78697270314e-08, 2.50075178343e-08, 3.3345301631e-08, 2.11693844676e-08, 1.57843693671e-08, 3.74864477237e-08, 4.17889651771e-08, 2.01307592818e-08, 1.2361874191e-08, 1.75701035943e-08, 2.06435135652e-08, 2.26248300095e-08, 1.95158733618e-08, 1.80270784966e-08, 1.65853659695e-08, 9.5553334134e-09, 7.6217530065e-09, 9.44412636983e-09, 7.43351424859e-09, 1.13052722739e-08, 5.10536102283e-09, 1.00830677141e-08, 8.0990414375e-09, 5.09198994081e-09, 5.27342924883e-09, 2.18065610014e-09, 3.23545878977e-09, 5.91906879066e-09, 6.28427621052e-09, 5.27255483718e-09, 8.27898638533e-09, 3.7147629417e-09, 2.87570633972e-09, 3.57081453295e-09, 3.48015261054e-09, 2.9361544307e-09, 2.85925838561e-09, 4.25347268518e-09, 2.24751794953e-09, 1.98785454764e-09, 1.92276705668e-09, 1.10085363048e-09, 1.53207901921e-09, 1.23276577835e-09, 1.05696784658e-09, 6.5376637437e-10, 3.0750160751e-10, 1.74753087001e-10, 1.8628025511e-10, 2.16421866539e-10, 2.01316029819e-11, 1.76316751997e-13, 2.86201861906e-14, 3.22628581565e-14, 3.05191120856e-14, 3.06587065034e-14, 3.80111557735e-14, 3.04530740089e-14, 2.83788631158e-14, 3.04560826699e-14, 2.80347220997e-14, 3.10745996805e-14, 2.60028357489e-14, 2.51367936882e-14, 2.92673261386e-14, 3.12525375858e-14, 2.80949088728e-14, 3.3024645708e-14, 3.25770159004e-14, 2.89931314091e-14, 2.17313875093e-14, 1.05086515797e-14, 1.08616591249e-15, 7.06168787322e-17],
        "stdev": [2.02755973078e-06, 1.70129624166e-05, 4.57972855656e-05, 6.79839067743e-05, 0.000136645219754, 0.000207482007681, 0.00034672403126, 0.000262953428319, 0.00043125677621, 0.000488425546791, 0.000581076310482, 0.0004116439668, 0.000720653682947, 0.000725332531147, 0.000317292986438, 0.000774804851972, 0.00103932817001, 0.000854388985317, 0.000857517414261, 0.000241896646912, 0.000101215795439, 0.000383532955311, 0.000743419863284, 0.000379335484467, 0.000213166815229, 0.000144619465573, 0.000285447022179, 0.000655047770124, 0.000345820153598, 0.000911302806344, 0.000588972005062, 0.000255723745795, 0.000337387202308, 0.000123662583064, 0.000120238568343, 0.000182186777238, 0.000206461409107, 0.000137717011967, 0.000155895351782, 0.000131076536491, 0.000105405670183, 0.000153619097546, 0.000195309708943, 0.000374236493371, 0.000120790180517, 0.000137338472996, 0.000408783438616, 0.000111036919407, 7.75239896029e-05, 0.000261945649981, 0.000118054820632, 5.90618583374e-05, 6.98374569765e-05, 6.45118489047e-05, 5.36239822395e-05, 7.01129538356e-05, 7.77258028393e-05, 0.000209876525332, 9.94691727101e-05, 8.31901998026e-05, 3.68537439499e-05, 4.66193487227e-05, 6.37816920062e-05, 7.81669587013e-05, 2.81476168311e-05, 2.65675353148e-05, 4.75303313578e-05, 1.33223102239e-05, 1.10080718514e-05, 1.35617692649e-05, 1.0990280316e-05, 1.55854067998e-05, 1.22642532006e-05, 2.47402404057e-05, 6.34482348687e-05, 1.04318769445e-05, 6.15995350017e-06, 2.15300606214e-05, 7.43013151805e-06, 5.36529478268e-06, 3.58302077075e-06, 1.70789837739e-06, 3.72757313016e-06, 3.41290433425e-06, 4.63620108349e-06, 1.60188244536e-06, 1.72838667822e-06, 1.54640224537e-06, 2.63118454313e-06, 2.04300249607e-06, 1.78676805263e-06, 1.3609690086e-06, 3.00065812553e-06, 1.23574181998e-06, 8.89564603312e-07, 7.49696710045e-07, 9.94784272734e-07, 4.08470867796e-07, 3.51419146227e-07, 4.78592824038e-07, 1.62116208458e-07, 1.31157634087e-07, 1.50964339696e-07, 6.76704345892e-08, 8.96843754816e-09, 1.69182626242e-10, 1.80894590973e-10, 1.78802167516e-10, 1.62169430662e-10, 1.60446184116e-10, 1.52447457435e-10, 1.54665821817e-10, 1.5000961584e-10, 1.32481858817e-10, 1.28741226013e-10, 1.24279364577e-10, 1.17237775044e-10, 1.1373051112e-10, 1.10514222773e-10, 1.07910035074e-10, 1.0560662761e-10, 1.03282452035e-10, 1.01178669609e-10, 9.93986351561e-11, 9.79414466196e-11, 9.69313865284e-11, 9.61876828187e-11, 9.56612150604e-11]
    },
    "mfcc": {
        "mean": [-643.922119141, 112.402854919, -39.0414390564, 7.81725406647, -13.4328098297, -3.01865911484, -14.7157020569, -0.0743043795228, -9.3643655777, 0.229083314538, -9.41889858246, -4.16289949417, -8.25780105591],
        "cov": [[4539.12207031, -1117.83312988, -1333.22546387, -704.62890625, -219.140289307, 175.592590332, -42.8502311707, -55.535194397, 41.4756851196, 69.1209869385, -116.099594116, -17.4784812927, -40.5049171448], [-1117.83312988, 721.469421387, 239.874740601, 163.408950806, 44.4312019348, 2.96891403198, 71.0498352051, 20.5442123413, 15.5431804657, -45.469997406, -8.93623065948, -32.61510849, 8.12798786163], [-1333.22546387, 239.874740601, 1155.19470215, 432.480072021, 90.919128418, -123.696861267, -3.94852805138, -7.29162359238, -43.753276825, -25.1451759338, 15.2772569656, -24.8347759247, -30.0829601288], [-704.62890625, 163.408950806, 432.480072021, 404.552703857, 112.339263916, -148.440078735, -18.2680606842, 25.8976478577, -77.803352356, 7.81442832947, 23.3008670807, -3.50731682777, 15.5371932983], [-219.140289307, 44.4312019348, 90.919128418, 112.339263916, 113.306167603, -30.4217300415, -0.696473538876, 25.3576583862, -29.9045524597, 3.45056772232, 21.6131381989, 11.8984642029, 17.6110076904], [175.592590332, 2.96891403198, -123.696861267, -148.440078735, -30.4217300415, 152.267959595, 46.8027153015, -12.2795124054, 62.5631332397, -5.45262098312, -12.0917186737, -3.22766900063, -15.938501358], [-42.8502311707, 71.0498352051, -3.94852805138, -18.2680606842, -0.696473538876, 46.8027153015, 71.2498397827, 16.7507915497, 21.2170810699, -0.211711540818, -6.68806409836, -7.32477617264, -10.3947191238], [-55.535194397, 20.5442123413, -7.29162359238, 25.8976478577, 25.3576583862, -12.2795124054, 16.7507915497, 61.7475891113, 5.3480219841, 5.38054990768, 2.45226550102, 0.290568590164, 1.98530817032], [41.4756851196, 15.5431804657, -43.753276825, -77.803352356, -29.9045524597, 62.5631332397, 21.2170810699, 5.3480219841, 81.0565261841, 5.13253641129, -14.3317317963, -10.0121088028, -15.4522733688], [69.1209869385, -45.469997406, -25.1451759338, 7.81442832947, 3.45056772232, -5.45262098312, -0.211711540818, 5.38054990768, 5.13253641129, 56.8443450928, 19.1590251923, 8.44015979767, 2.43375134468], [-116.099594116, -8.93623065948, 15.2772569656, 23.3008670807, 21.6131381989, -12.0917186737, -6.68806409836, 2.45226550102, -14.3317317963, 19.1590251923, 56.7127304077, 25.3732585907, 10.001326561], [-17.4784812927, -32.61510849, -24.8347759247, -3.50731682777, 11.8984642029, -3.22766900063, -7.32477617264, 0.290568590164, -10.0121088028, 8.44015979767, 25.3732585907, 50.9578742981, 23.4332675934], [-40.5049171448, 8.12798786163, -30.0829601288, 15.5371932983, 17.6110076904, -15.938501358, -10.3947191238, 1.98530817032, -15.4522733688, 2.43375134468, 10.001326561, 23.4332675934, 56.5842208862]],
        "icov": [[0.000626764143817, 0.000763767864555, 0.000467031059088, 0.000218599656364, 8.52494340506e-05, -0.000146489517647, -0.000231016296311, 0.000217508510104, 0.000515167310368, -0.000528092845343, 0.00118700577877, 0.00038735877024, 0.000202531751711], [0.000763767864555, 0.0029978081584, 0.000558893836569, -0.000883705157321, 0.000166821817402, -0.000230538062169, -0.00243095075712, 0.000607568246778, -0.00063322565984, 0.00138044555206, 0.000561099033803, 0.00181958999019, -0.00101386953611], [0.000467031059088, 0.000558893836569, 0.00204669963568, -0.00200963509269, 0.000227422046009, -6.09634662396e-05, -0.000479303969769, 0.00128070847131, -0.000714586523827, 0.000781477021519, 0.000340547878295, 0.000207538716495, 0.00129814411048], [0.000218599656364, -0.000883705157321, -0.00200963509269, 0.00900525134057, -0.00457665976137, 0.0050099613145, -0.000661783851683, -0.000481722847326, 0.00275497650728, -0.00310530280694, 0.00124970718753, 0.00100442522671, -0.000277715880657], [8.52494340506e-05, 0.000166821817402, 0.000227422046009, -0.00457665976137, 0.0153484866023, -0.00392701011151, 0.00108216784429, -0.00557118002325, 0.00329338782467, 0.00091580307344, -0.00309710507281, -0.000555244914722, -0.00243687559851], [-0.000146489517647, -0.000230538062169, -6.09634662396e-05, 0.0050099613145, -0.00392701011151, 0.0175972059369, -0.00913839880377, 0.00599820492789, -0.00833563692868, 0.00176502182148, -0.000812685815617, -0.00123633712064, 0.00111333292443], [-0.000231016296311, -0.00243095075712, -0.000479303969769, -0.000661783851683, 0.00108216784429, -0.00913839880377, 0.0237925518304, -0.00799904763699, 0.00231053563766, -0.00266313157044, 0.00150356430095, -0.000254124810454, 0.00243625533767], [0.000217508510104, 0.000607568246778, 0.00128070847131, -0.000481722847326, -0.00557118002325, 0.00599820492789, -0.00799904763699, 0.0226836651564, -0.00596678582951, 1.47659284266e-05, 0.00031404895708, -4.68425787403e-05, 0.000373584189219], [0.000515167310368, -0.00063322565984, -0.000714586523827, 0.00275497650728, 0.00329338782467, -0.00833563692868, 0.00231053563766, -0.00596678582951, 0.0236466769129, -0.00623919861391, 0.00476750219241, 0.00105351372622, 0.00203111371957], [-0.000528092845343, 0.00138044555206, 0.000781477021519, -0.00310530280694, 0.00091580307344, 0.00176502182148, -0.00266313157044, 1.47659284266e-05, -0.00623919861391, 0.0240653324872, -0.00984895136207, 0.000426585465902, -0.000760539900512], [0.00118700577877, 0.000561099033803, 0.000340547878295, 0.00124970718753, -0.00309710507281, -0.000812685815617, 0.00150356430095, 0.00031404895708, 0.00476750219241, -0.00984895136207, 0.030021654442, -0.0118196681142, 0.00292127765715], [0.00038735877024, 0.00181958999019, 0.000207538716495, 0.00100442522671, -0.000555244914722, -0.00123633712064, -0.000254124810454, -4.68425787403e-05, 0.00105351372622, 0.000426585465902, -0.0118196681142, 0.0323807373643, -0.0114213963971], [0.000202531751711, -0.00101386953611, 0.00129814411048, -0.000277715880657, -0.00243687559851, 0.00111333292443, 0.00243625533767, 0.000373584189219, 0.00203111371957, -0.000760539900512, 0.00292127765715, -0.0114213963971, 0.0250372756273]]
    },
    "spectral_contrast_coeffs": {
        "max": [-0.434315860271, -0.442403495312, -0.489626467228, -0.578014016151, -0.534525513649, -0.641423285007],
        "mean": [-0.686820328236, -0.793438673019, -0.780651569366, -0.802200257778, -0.78856408596, -0.740359306335],
        "min": [-0.856985092163, -0.945164084435, -0.908171474934, -0.921668767929, -0.888293147087, -0.828713536263],
        "stdev": [0.0663095638156, 0.0754042938352, 0.0611824356019, 0.051611110568, 0.0514662861824, 0.0345599725842]
    },
    "spectral_contrast_valleys": {
        "max": [-6.27842521667, -5.11573791504, -5.49525785446, -5.48443698883, -5.96404647827, -8.77862358093],
        "mean": [-7.60737371445, -6.43675041199, -6.88427639008, -7.0439658165, -7.30420207977, -10.5469961166],
        "min": [-10.3893671036, -8.18953704834, -9.26526641846, -9.81750583649, -9.81942176819, -12.557311058],
        "stdev": [0.548480808735, 0.522140741348, 0.897646903992, 1.00367105007, 0.740678012371, 0.742686927319]
    }
},
"rhythm": {
    "beats_count": 32,
    "beats_loudness": {
        "max": 0.0473137535155,
        "mean": 0.0205800849944,
        "min": 0.00294149154797,
        "stdev": 0.0100827747956
    },
    "bpm": 154.557983398,
    "bpm_histogram_first_peak_bpm": 157,
    "bpm_histogram_first_peak_weight": 0.21052634716,
    "bpm_histogram_second_peak_bpm": 152,
    "bpm_histogram_second_peak_spread": 0,
    "bpm_histogram_second_peak_weight": 0.387096762657,
    "danceability": 1.01598739624,
    "onset_rate": 3.29169988632,
    "beats_loudness_band_ratio": {
        "max": [0.320749163628, 0.762156426907, 0.495926499367, 0.72003364563, 0.474299281836, 0.129004746675],
        "mean": [0.0535961464047, 0.175016328692, 0.229692384601, 0.32489168644, 0.214693978429, 0.0475926399231],
        "min": [0.00267458125018, 0.0114746037871, 0.0808933749795, 0.0089145116508, 0.0233463123441, 0.00659842882305],
        "stdev": [0.072073854506, 0.194517940283, 0.12068926543, 0.179764270782, 0.132819622755, 0.0282424446195]
    },
    "beats_position": [0.383129239082, 0.777868449688, 1.16099774837, 1.54412698746, 1.92725622654, 2.32199549675, 2.71673464775, 3.09986400604, 3.48299312592, 3.86612248421, 4.2492518425, 4.62077093124, 5.01551008224, 5.38702917099, 5.78176879883, 6.17650794983, 6.5596370697, 6.94276618958, 7.32589578629, 7.70902490616, 8.10376358032, 8.498503685, 8.893242836, 9.287981987, 9.682721138, 10.077460289, 10.4489793777, 10.8204984665, 11.2036275864, 11.5867567062, 11.9698867798, 12.3530158997],
