{
"metadata": {
    "version": {
        "essentia": "2.1-beta5",
        "essentia_git_sha": "Undefined",
        "extractor": "music 2.0"
    },
    "audio_properties": {
        "analysis": {
            "equal_loudness": 0,
            "length": 22.4304771423,
            "sample_rate": 44100,
            "start_time": 126.513923645,
            "downmix": "mix"
        },
        "bit_rate": 192000,
        "length": 148.96762085,
        "lossless": 0,
        "number_channels": 2,
        "replay_gain": -9.68521118164,
        "sample_rate": 48000,
        "codec": "mp3",
        "md5_encoded": "a8da414acaa8a426e40b5c65c6e605a3"
    },
    "tags": {
        "file_name": "United KingdomUK_I Love The Little Things_Matt Monro.mp3",
        "encoding": ["Lavf58.29.100"]
    }
},
"lowlevel": {
    "average_loudness": 0.817411065102,
    "barkbands_crest": {
        "max": 26.9109630585,
        "mean": 10.0336341858,
        "min": 2.82035946846,
        "stdev": 4.81643199921
    },
    "barkbands_flatness_db": {
        "max": 0.633695542812,
        "mean": 0.202443346381,
        "min": 0.101330563426,
        "stdev": 0.0501313656569
    },
    "barkbands_kurtosis": {
        "max": 8019.38574219,
        "mean": 20.744802475,
        "min": -1.67618513107,
        "stdev": 331.415863037
    },
    "barkbands_skewness": {
        "max": 83.4891662598,
        "mean": 1.26180255413,
        "min": -1.61605572701,
        "stdev": 4.10368490219
    },
    "barkbands_spread": {
        "max": 39.0175819397,
        "mean": 11.7748594284,
        "min": 0.0526313968003,
        "stdev": 6.41872262955
    },
    "dissonance": {
        "max": 0.500000119209,
        "mean": 0.445371329784,
        "min": 0.212216258049,
        "stdev": 0.044633962214
    },
    "dynamic_complexity": 3.5814473629,
    "erbbands_crest": {
        "max": 30.2333431244,
        "mean": 11.0250654221,
        "min": 1.78902029991,
        "stdev": 5.54413509369
    },
    "erbbands_flatness_db": {
        "max": 0.377183049917,
        "mean": 0.253834038973,
        "min": 0.0320443101227,
        "stdev": 0.0460317656398
    },
    "erbbands_kurtosis": {
        "max": 32.3155136108,
        "mean": 1.50019097328,
        "min": -1.62418532372,
        "stdev": 2.86443519592
    },
    "erbbands_skewness": {
        "max": 5.02437496185,
        "mean": 0.630737423897,
        "min": -1.82335495949,
        "stdev": 0.724468111992
    },
    "erbbands_spread": {
        "max": 177.168182373,
        "mean": 21.0155467987,
        "min": 3.43933796883,
        "stdev": 13.4426994324
    },
    "hfc": {
        "max": 83.4441452026,
        "mean": 20.6569271088,
        "min": 7.32259138658e-07,
        "stdev": 16.4180259705
    },
    "loudness_ebu128": {
        "integrated": -14.5291757584,
        "loudness_range": 5.99330329895,
        "momentary": {
            "max": -10.2415513992,
            "mean": -15.9590063095,
            "min": -33.2247619629,
            "stdev": 4.13254737854
        },
        "short_term": {
            "max": -12.1633872986,
            "mean": -15.219119072,
            "min": -20.5724334717,
            "stdev": 2.15226888657
        }
    },
    "melbands_crest": {
        "max": 39.9916992188,
        "mean": 12.4396820068,
        "min": 3.10603475571,
        "stdev": 6.34166669846
    },
    "melbands_flatness_db": {
        "max": 0.615888834,
        "mean": 0.191833227873,
        "min": 0.0654229670763,
        "stdev": 0.0661542415619
    },
    "melbands_kurtosis": {
        "max": 11310.7236328,
        "mean": 28.0200538635,
        "min": -1.20857346058,
        "stdev": 422.242980957
    },
    "melbands_skewness": {
        "max": 103.359725952,
        "mean": 1.57640194893,
        "min": -1.09869325161,
        "stdev": 4.63946580887
    },
    "melbands_spread": {
        "max": 59.4869804382,
        "mean": 18.3460865021,
        "min": 0.0848629847169,
        "stdev": 9.75273895264
    },
    "pitch_salience": {
        "max": 0.861724734306,
        "mean": 0.620106339455,
        "min": 0.00223225867376,
        "stdev": 0.140286445618
    },
    "silence_rate_20dB": {
        "max": 1,
        "mean": 1,
        "min": 1,
        "stdev": 0
    },
    "silence_rate_30dB": {
        "max": 1,
        "mean": 0.998965859413,
        "min": 0,
        "stdev": 0.0321412310004
    },
    "silence_rate_60dB": {
        "max": 1,
        "mean": 0.0723888278008,
        "min": 0,
        "stdev": 0.259131401777
    },
    "spectral_centroid": {
        "max": 4123.6796875,
        "mean": 1264.63684082,
        "min": 352.501373291,
        "stdev": 551.490722656
    },
    "spectral_complexity": {
        "max": 46,
        "mean": 17.9038257599,
        "min": 0,
        "stdev": 9.16853713989
    },
    "spectral_decrease": {
        "max": -2.4145290378e-15,
        "mean": -5.31712807117e-09,
        "min": -2.94397697331e-08,
        "stdev": 4.5083194955e-09
    },
    "spectral_energy": {
        "max": 0.118276968598,
        "mean": 0.0219417270273,
        "min": 9.17942877265e-09,
        "stdev": 0.018319696188
    },
    "spectral_energyband_high": {
        "max": 0.00379453157075,
        "mean": 0.000332518451614,
        "min": 4.01509277215e-11,
        "stdev": 0.000502387643792
    },
    "spectral_energyband_low": {
        "max": 0.00306690833531,
        "mean": 0.000273333280347,
        "min": 4.27324264862e-09,
        "stdev": 0.000422602985054
    },
    "spectral_energyband_middle_high": {
        "max": 0.0526312366128,
        "mean": 0.00894658174366,
        "min": 1.13625723414e-11,
        "stdev": 0.0086740674451
    },
    "spectral_energyband_middle_low": {
        "max": 0.11090002954,
        "mean": 0.0126234143972,
        "min": 1.48738204912e-12,
        "stdev": 0.0148476427421
    },
    "spectral_entropy": {
        "max": 8.81311225891,
        "mean": 7.32119941711,
        "min": 6.08349466324,
        "stdev": 0.452236622572
    },
    "spectral_flux": {
        "max": 0.262730270624,
        "mean": 0.069115370512,
        "min": 0.000171303123352,
        "stdev": 0.0376410409808
    },
    "spectral_kurtosis": {
        "max": 28.1728229523,
        "mean": 5.4857172966,
        "min": -0.336470365524,
        "stdev": 3.63879561424
    },
    "spectral_rms": {
        "max": 0.01074207481,
        "mean": 0.00422008521855,
        "min": 2.99258090308e-06,
        "stdev": 0.00189668824896
    },
    "spectral_rolloff": {
        "max": 4285.10742188,
        "mean": 1466.50683594,
        "min": 21.533203125,
        "stdev": 674.196228027
    },
    "spectral_skewness": {
        "max": 3.93016004562,
        "mean": 1.63232803345,
        "min": 0.654037058353,
        "stdev": 0.466808825731
    },
    "spectral_spread": {
        "max": 12179089,
        "mean": 3139070,
        "min": 1831462.625,
        "stdev": 916598.625
    },
    "spectral_strongpeak": {
        "max": 8.84195423126,
        "mean": 1.9306948185,
        "min": 0,
        "stdev": 1.80361044407
    },
    "zerocrossingrate": {
        "max": 0.1240234375,
        "mean": 0.055295959115,
        "min": 0,
        "stdev": 0.0213083699346
    },
    "barkbands": {
        "max": [2.28232729569e-05, 0.00140816962812, 0.00230387714691, 0.00458261137828, 0.0386651977897, 0.0174827668816, 0.0254294537008, 0.108436278999, 0.0830326080322, 0.0413885712624, 0.0158613864332, 0.0399948433042, 0.0209406558424, 0.0189495570958, 0.00762880966067, 0.00539264688268, 0.00333190127276, 0.00220792042091, 0.00195256329607, 0.0020665328484, 0.00116867246106, 0.00108122290112, 0.000754171109293, 0.000537508341949, 5.59121654078e-05, 1.37121992339e-06, 1.41278053434e-06],
        "mean": [1.39103963193e-06, 0.000114221169497, 0.00011156880646, 0.000180772083695, 0.00223100627773, 0.000966300198343, 0.001927761361, 0.00449381489307, 0.0025419825688, 0.00168329617009, 0.000703760480974, 0.00281687616371, 0.00117931293789, 0.000871029798873, 0.000550016353372, 0.000470639206469, 0.000325663510012, 0.000189966245671, 0.000198563284357, 0.000133263078169, 8.83409302332e-05, 8.65443580551e-05, 4.39729701611e-05, 2.81504053419e-05, 3.50147774952e-06, 2.15946771576e-09, 2.22040030806e-09],
        "min": [2.54879761741e-09, 2.29369481741e-10, 8.29185624242e-14, 2.47792847981e-14, 1.70555681123e-13, 1.61136146201e-13, 9.2318012501e-14, 2.22949236113e-13, 4.51236324781e-13, 2.16808721584e-13, 5.5044380512e-13, 4.10683748293e-13, 4.25895321614e-13, 5.09185900908e-13, 6.68258634193e-13, 6.67314998832e-13, 7.81756278635e-13, 1.0842301449e-12, 1.81033400076e-12, 2.66635910399e-12, 3.64240105091e-12, 2.06869937847e-12, 3.63489034878e-12, 4.01491079965e-12, 5.91828972982e-12, 7.66926105955e-12, 1.04739958026e-11],
        "stdev": [2.36439677792e-06, 0.000211541293538, 0.000242656868068, 0.00041154428618, 0.00481695728377, 0.00156693742611, 0.00308330007829, 0.0105787850916, 0.00742271682248, 0.00309583777562, 0.00126524886582, 0.00513609778136, 0.00199610088021, 0.00183917302638, 0.000964371894952, 0.000700129603501, 0.00043842868763, 0.00026136773522, 0.000255226594163, 0.000216246553464, 0.000113070724183, 0.000157456583111, 8.10926067061e-05, 5.56240011065e-05, 6.17155819782e-06, 4.40717613515e-08, 4.54031265917e-08]
    },
    "erbbands": {
        "max": [0.0477040782571, 0.319502711296, 2.0389008522, 7.25867366791, 112.143737793, 232.630279541, 141.260299683, 221.941619873, 349.803436279, 640.51953125, 2900.11157227, 2154.33447266, 1629.76550293, 647.210388184, 527.33807373, 2033.71582031, 1124.25976562, 1111.70166016, 428.040496826, 269.242797852, 221.932785034, 199.306121826, 107.074996948, 137.664031982, 118.082641602, 69.0200881958, 67.3804931641, 34.9772148132, 59.5441589355, 24.2314853668, 22.4563961029, 17.0218372345, 4.21959018707, 1.1505934, 0.191362828016, 0.00567473331466, 0.00254710274749, 0.000890776573215, 0.000204975571251, 0.000136858754558],
        "mean": [0.00211484287865, 0.0309421420097, 0.129536837339, 0.346366077662, 2.59536385536, 10.6814250946, 8.56659126282, 7.83546590805, 18.2602748871, 40.6819267273, 117.377166748, 68.0509490967, 36.2682151794, 64.4746170044, 32.4730796814, 133.987091064, 61.5261383057, 53.2925071716, 30.5104885101, 29.5464420319, 23.9779052734, 17.0987663269, 11.099732399, 10.9343605042, 8.31883716583, 5.60638427734, 4.95613288879, 3.0369489193, 3.79568505287, 1.77200484276, 1.29600417614, 0.851385831833, 0.276205480099, 0.0742333754897, 0.0100129609928, 0.000304327870253, 3.29824324581e-05, 8.07450578577e-06, 1.32103241413e-05, 2.65842572844e-05],
        "min": [9.20532912119e-08, 1.41948408583e-08, 1.86843340799e-09, 8.69059824105e-10, 5.8591992369e-10, 9.78787939587e-10, 1.10251208163e-09, 1.30425548139e-09, 1.25577492849e-09, 2.0875443596e-09, 6.30865404361e-09, 9.03708485822e-09, 1.00759791621e-08, 1.45121665796e-08, 1.97079401687e-08, 1.73060819009e-08, 2.04004670934e-08, 3.1968383496e-08, 3.83321818731e-08, 3.54625981913e-08, 3.26963132125e-08, 4.38475780129e-08, 6.21077518304e-08, 5.73866358877e-08, 1.14251157868e-07, 1.39722104109e-07, 1.35650552124e-07, 1.5934263331e-07, 9.19449973935e-08, 8.12054565813e-08, 1.07996996235e-07, 8.48283576715e-08, 6.4592697413e-08, 6.26948732929e-08, 4.68718148738e-08, 3.08389580539e-08, 1.22307142192e-08, 6.32598329275e-09, 1.31650013113e-09, 1.69956299034e-10],
        "stdev": [0.00533942040056, 0.0555532574654, 0.273836642504, 0.605963528156, 6.64408111572, 26.9061813354, 15.5463724136, 14.9490842819, 33.8974990845, 64.286781311, 283.075714111, 189.602920532, 97.5668334961, 107.14225769, 44.608631134, 255.773498535, 90.1022872925, 95.4476013184, 51.5513801575, 44.954498291, 33.6195983887, 23.5005397797, 14.5600290298, 13.6817989349, 12.2484121323, 8.11161518097, 7.36955356598, 3.75961780548, 7.71209955215, 3.02263665199, 2.53775620461, 1.71690237522, 0.478986680508, 0.129575133324, 0.0182590857148, 0.000526877120137, 8.8914835942e-05, 2.93853918265e-05, 1.19253800221e-05, 2.15970922e-05]
    },
    "gfcc": {
        "mean": [-60.4587860107, 121.720779419, -191.007904053, 17.6474914551, -89.4197158813, 3.87318348885, -35.8381080627, -14.7498149872, -8.75746059418, -17.214384079, 4.01975536346, -20.1072731018, 1.49055850506],
        "cov": [[6852.9609375, -7.50115251541, -1133.80200195, -101.537574768, -661.648132324, -109.925468445, -43.7571220398, -188.324401855, 4.92222881317, -211.009628296, 66.100440979, -113.49143219, -108.423873901], [-7.50115251541, 1054.2454834, 474.811065674, -80.0737686157, 112.522140503, -201.645935059, 106.988586426, -130.318084717, 30.986328125, -23.6872081757, 24.4449119568, -40.7436752319, -23.126033783], [-1133.80200195, 474.811065674, 889.687255859, 165.42515564, 12.7199192047, -61.18516922, -9.88240432739, -35.8419151306, -8.90056991577, 57.2659339905, 8.70052433014, -16.880865097, -33.6537666321], [-101.537574768, -80.0737686157, 165.42515564, 310.178283691, 45.3813018799, 34.834236145, -146.176391602, 18.977766037, -16.6528778076, 19.3911724091, -21.4357948303, -22.4724235535, 25.9640235901], [-661.648132324, 112.522140503, 12.7199192047, 45.3813018799, 286.150695801, 21.9739685059, 17.8736305237, 22.142250061, 39.5731048584, 19.4253330231, -30.2544708252, 12.5107517242, 37.1734924316], [-109.925468445, -201.645935059, -61.18516922, 34.834236145, 21.9739685059, 163.793670654, 66.0687866211, 77.7354431152, -3.03098964691, 9.21076774597, 6.27188014984, 31.1577529907, 11.0217676163], [-43.7571220398, 106.988586426, -9.88240432739, -146.176391602, 17.8736305237, 66.0687866211, 325.811035156, 90.6461639404, 12.0430040359, -12.1605234146, 48.2471084595, 62.4417457581, -39.7032585144], [-188.324401855, -130.318084717, -35.8419151306, 18.977766037, 22.142250061, 77.7354431152, 90.6461639404, 137.923553467, 13.7054433823, 8.88581466675, 6.81414365768, 22.5117797852, 7.22804403305], [4.92222881317, 30.986328125, -8.90056991577, -16.6528778076, 39.5731048584, -3.03098964691, 12.0430040359, 13.7054433823, 95.1708068848, 49.5308914185, 4.02320051193, 0.445004463196, 1.90279424191], [-211.009628296, -23.6872081757, 57.2659339905, 19.3911724091, 19.4253330231, 9.21076774597, -12.1605234146, 8.88581466675, 49.5308914185, 94.5765533447, 24.2111530304, -0.0819192230701, 3.9156396389], [66.100440979, 24.4449119568, 8.70052433014, -21.4357948303, -30.2544708252, 6.27188014984, 48.2471084595, 6.81414365768, 4.02320051193, 24.2111530304, 67.7262878418, 43.0513877869, -0.400236815214], [-113.49143219, -40.7436752319, -16.880865097, -22.4724235535, 12.5107517242, 31.1577529907, 62.4417457581, 22.5117797852, 0.445004463196, -0.0819192230701, 43.0513877869, 84.0192108154, 24.6033401489], [-108.423873901, -23.126033783, -33.6537666321, 25.9640235901, 37.1734924316, 11.0217676163, -39.7032585144, 7.22804403305, 1.90279424191, 3.9156396389, -0.400236815214, 24.6033401489, 71.4931716919]],
        "icov": [[0.000523573020473, -0.000669167900924, 0.00118452939205, -0.00113480410073, 0.00158796471078, -0.000323662126902, -0.000279302243143, 0.000662909005769, -0.000980207929388, 0.000676176976413, -0.000228943492402, 0.000218626504648, 0.000461916293716], [-0.000669167900924, 0.00479346094653, -0.00367064308375, 0.00192091870122, -0.00425521750003, 0.00327001488768, -0.0026321336627, 0.00235378672369, -0.00142090267036, 0.00395459448919, -0.00585179496557, 0.00618972722441, -0.00422270456329], [0.00118452939205, -0.00367064308375, 0.00545867625624, -0.00425073644146, 0.00493515236303, -0.0011944581056, -4.99643501826e-05, 0.000453834305517, -3.5852608562e-05, -0.00273940409534, 0.00369815155864, -0.00356752565131, 0.00366618414409], [-0.00113480410073, 0.00192091870122, -0.00425073644146, 0.00911594741046, -0.00503451516852, -0.00126670312602, 0.00463915010914, -0.00392525782809, 0.0028338523116, -0.000129404812469, -0.00207427330315, 0.00117918301839, -0.00111075025052], [0.00158796471078, -0.00425521750003, 0.00493515236303, -0.00503451516852, 0.0109813529998, -0.00222279224545, -0.000972060544882, 0.00103548774496, -0.00298982043751, -0.00211475766264, 0.00739713199437, -0.00471814256161, 0.00103208981454], [-0.000323662126902, 0.00327001488768, -0.0011944581056, -0.00126670312602, -0.00222279224545, 0.0124807134271, -0.0041911448352, -0.00145921460353, 0.000889149319846, -0.00024023577862, -0.000734736386221, 0.000980010954663, -0.0028355398681], [-0.000279302243143, -0.0026321336627, -4.99643501826e-05, 0.00463915010914, -0.000972060544882, -0.0041911448352, 0.0112520698458, -0.00773407239467, 0.00196702335961, -0.00089890928939, 0.000458902912214, -0.00754282530397, 0.0077941394411], [0.000662909005769, 0.00235378672369, 0.000453834305517, -0.00392525782809, 0.00103548774496, -0.00145921460353, -0.00773407239467, 0.0164967291057, -0.00499046267942, 0.00360147887841, -0.00309931696393, 0.0058666318655, -0.00497116521001], [-0.000980207929388, -0.00142090267036, -3.5852608562e-05, 0.0028338523116, -0.00298982043751, 0.000889149319846, 0.00196702335961, -0.00499046267942, 0.0206172894686, -0.014849871397, 0.00816545262933, -0.0063127791509, 0.00250496482477], [0.000676176976413, 0.00395459448919, -0.00273940409534, -0.000129404812469, -0.00211475766264, -0.00024023577862, -0.00089890928939, 0.00360147887841, -0.014849871397, 0.028111288324, -0.0209169127047, 0.0146296424791, -0.00496063195169], [-0.000228943492402, -0.00585179496557, 0.00369815155864, -0.00207427330315, 0.00739713199437, -0.000734736386221, 0.000458902912214, -0.00309931696393, 0.00816545262933, -0.0209169127047, 0.0445053130388, -0.0285344682634, 0.00808645132929], [0.000218626504648, 0.00618972722441, -0.00356752565131, 0.00117918301839, -0.00471814256161, 0.000980010954663, -0.00754282530397, 0.0058666318655, -0.0063127791509, 0.0146296424791, -0.0285344682634, 0.0386236310005, -0.0163383837789], [0.000461916293716, -0.00422270456329, 0.00366618414409, -0.00111075025052, 0.00103208981454, -0.0028355398681, 0.0077941394411, -0.00497116521001, 0.00250496482477, -0.00496063195169, 0.00808645132929, -0.0163383837789, 0.0260555297136]]
    },
    "melbands": {
        "max": [0.000415827118559, 0.000774036569055, 0.00458891503513, 0.00959037896246, 0.003980435431, 0.00423654261976, 0.00448772264645, 0.00847940891981, 0.0205165911466, 0.0152549082413, 0.00814092997462, 0.00274924607947, 0.0017990488559, 0.00445069978014, 0.00316399312578, 0.0016535136383, 0.00229708710685, 0.000787288474385, 0.000533294281922, 0.000415001966758, 0.000256959116086, 0.000200026246603, 0.000123740363051, 0.000140680233017, 0.000132635075715, 9.00553786778e-05, 0.000106243438495, 5.08652228746e-05, 6.50951405987e-05, 3.45746302628e-05, 2.87383936666e-05, 3.7818626879e-05, 1.49560373757e-05, 1.33364465e-05, 1.36740636663e-05, 1.28840847538e-05, 7.45151055526e-06, 3.13398913931e-06, 2.44211651079e-06, 7.6552265682e-07],
        "mean": [2.55647410086e-05, 5.73773031647e-05, 0.000111131725134, 0.000477876805235, 0.000342110724887, 0.000176655041287, 0.000325854402035, 0.000492780469358, 0.000953851500526, 0.000380521669285, 0.000169020713656, 0.000265923357802, 9.21510145417e-05, 0.000267479132162, 0.000244732189458, 0.000129455889692, 9.24625928747e-05, 4.85276686959e-05, 4.34362300439e-05, 3.73764160031e-05, 2.60903598246e-05, 1.95090924535e-05, 1.10940336526e-05, 9.17467605177e-06, 9.00231589185e-06, 6.45129830446e-06, 4.52364747616e-06, 3.76490834242e-06, 3.79972425435e-06, 2.13533985516e-06, 1.51999631726e-06, 2.34001822719e-06, 1.28709280034e-06, 8.30483315895e-07, 7.641818911e-07, 6.62403465412e-07, 4.28773546446e-07, 2.05106132967e-07, 1.11074150766e-07, 4.6019522415e-08],
        "min": [9.48185086003e-10, 4.68103983039e-14, 3.25989574419e-14, 3.39238524967e-14, 3.35247373482e-14, 2.78304143647e-14, 1.88808336506e-14, 2.94250402852e-14, 4.48845232086e-14, 6.42794736709e-14, 4.65796597528e-14, 4.8300532546e-14, 6.75309485523e-14, 3.70618656207e-14, 7.51573282776e-14, 5.18889842389e-14, 5.42688385007e-14, 5.40142881594e-14, 5.94033557153e-14, 4.21745022803e-14, 3.60453684858e-14, 4.11354266351e-14, 5.82759006524e-14, 5.30868819498e-14, 4.15672338672e-14, 7.35186651141e-14, 7.35775643971e-14, 9.12752878379e-14, 8.65848733857e-14, 8.3785686993e-14, 9.40977371434e-14, 5.09101461888e-14, 4.01611286816e-14, 4.75816997294e-14, 6.06456074595e-14, 6.2983086357e-14, 4.87273287312e-14, 4.21000345317e-14, 5.29524002229e-14, 5.0765950688e-14],
        "stdev": [5.2473427786e-05, 0.000107906453195, 0.000267670315225, 0.00113497523125, 0.000584961962886, 0.000307912792778, 0.000555195205379, 0.000929677858949, 0.00227872724645, 0.00121186650358, 0.000486236822326, 0.000452084175777, 0.000153962173499, 0.000470057799248, 0.000430784595665, 0.000194872758584, 0.000183998985449, 9.38478697208e-05, 7.35801295377e-05, 5.45043076272e-05, 3.80385026801e-05, 2.68914991466e-05, 1.65549899975e-05, 1.30118687593e-05, 1.23178915601e-05, 9.07185494725e-06, 7.83072118793e-06, 6.20463742962e-06, 6.63683431412e-06, 3.11649546347e-06, 2.03035824597e-06, 4.86404906042e-06, 2.20011429519e-06, 1.42937267356e-06, 1.53156940996e-06, 1.33875107622e-06, 8.2783316202e-07, 3.64559838317e-07, 2.07743752867e-07, 8.26404686904e-08]
    },
    "melbands128": {
        "max": [2.08384226426e-05, 0.000342849234585, 0.000679847435094, 0.000687968393322, 0.00122105912305, 0.00113258440979, 0.00053636461962, 0.00358652905561, 0.0160419344902, 0.0106287365779, 0.0181391090155, 0.00657872669399, 0.00714684417471, 0.00323727400973, 0.00775258336216, 0.00336090475321, 0.0102840382606, 0.00653889868408, 0.0098776826635, 0.00695966044441, 0.0188458487391, 0.0379541665316, 0.0329557284713, 0.0221199970692, 0.0214838422835, 0.0310175977647, 0.0163392946124, 0.0146243683994, 0.00678761629388, 0.00487016933039, 0.00390219897963, 0.00507142907009, 0.00305353337899, 0.00205885828473, 0.00215200777166, 0.00815911591053, 0.0111742364243, 0.0039152004756, 0.00516186701134, 0.0040739797987, 0.00258612376638, 0.00426160776988, 0.00528702698648, 0.00264853378758, 0.00239229388535, 0.000710469379555, 0.00200702180155, 0.000880860548932, 0.00104123726487, 0.000504232011735, 0.000582374050282, 0.000552500307094, 0.000397646857891, 0.000359950674465, 0.000343689869624, 0.00029266870115, 0.000453552143881, 0.000147069600644, 0.000228802586207, 0.000138074421557, 0.000162312033353, 0.000265632901574, 0.000282537075691, 0.000126342201838, 0.000140879506944, 8.45318500069e-05, 0.000194864405785, 0.000118137861136, 0.000225945055718, 3.71755340893e-05, 3.53124596586e-05, 0.000131469903863, 0.000120663280541, 0.00014108401956, 3.20250146615e-05, 7.71373888711e-05, 3.30763577949e-05, 2.01685834327e-05, 2.48068645305e-05, 8.72711971169e-05, 1.72528707481e-05, 0.000106306892121, 1.68304522958e-05, 2.06128497666e-05, 1.27071161842e-05, 3.15206889354e-05, 1.2875032553e-05, 9.61731984717e-06, 1.79482594831e-05, 2.14686406252e-05, 1.22367200674e-05, 1.49866646098e-05, 2.75337170024e-05, 5.64989886698e-06, 3.99464897782e-06, 6.47936440146e-06, 4.31189846495e-06, 4.41063548351e-06, 3.87927775591e-06, 9.61939122135e-07, 1.30277010157e-06, 8.63625814418e-07, 1.32435377509e-06, 4.00717652838e-07, 6.11128569972e-08, 1.0910983228e-08, 1.04346264962e-08, 9.95264670678e-09, 9.52921741515e-09, 9.11402953108e-09, 8.72327987622e-09, 8.34534752414e-09, 8.0030391203e-09, 7.68453123356e-09, 7.40544781053e-09, 7.11848091584e-09, 6.86850132325e-09, 6.65112320775e-09, 6.45454223402e-09, 6.27192786595e-09, 6.09324635192e-09, 5.97015903381e-09, 5.83503023677e-09, 5.72964298229e-09, 5.62569013596e-09, 5.56006307662e-09, 5.50584910997e-09, 5.47415224261e-09],
        "mean": [1.01599482605e-06, 1.15869952424e-05, 3.43911742675e-05, 5.48834723304e-05, 6.95016860845e-05, 4.85323980683e-05, 4.43261487817e-05, 0.000115740309411, 0.000210056488868, 0.000491798564326, 0.000744595716242, 0.000363107013982, 0.000308007642161, 0.000193174681044, 0.000177696652827, 0.000147360740812, 0.000185955679626, 0.000308774469886, 0.000617894867901, 0.000331309944158, 0.000458858528873, 0.00087279494619, 0.00143346574623, 0.000440679694293, 0.000386081956094, 0.000421539327363, 0.0001328135113, 0.000151621861733, 0.000143729601405, 0.000314797187457, 0.000333096802933, 0.00011537651153, 7.52600244596e-05, 6.5644569986e-05, 9.55247887759e-05, 0.000295545876725, 0.000654544681311, 0.000162981406902, 9.36970973271e-05, 0.000111478715553, 0.000149457584484, 0.000140184522024, 9.0547146101e-05, 7.40278701414e-05, 6.13137308392e-05, 3.52195384039e-05, 4.63908872916e-05, 4.42047712568e-05, 4.4652075303e-05, 3.36982593581e-05, 4.18388408434e-05, 3.50534173776e-05, 2.3916381906e-05, 2.1642410502e-05, 3.02982643916e-05, 1.78031641553e-05, 1.34767533382e-05, 1.20187742141e-05, 9.93698267848e-06, 9.66215793596e-06, 9.05425986275e-06, 8.91953368409e-06, 9.54699498834e-06, 9.57165775617e-06, 7.06780110704e-06, 4.93965126225e-06, 8.6346972239e-06, 4.20922560807e-06, 4.77247431263e-06, 2.41657744482e-06, 2.3584864266e-06, 5.55338056074e-06, 5.7384286265e-06, 3.15251509164e-06, 1.75265461166e-06, 2.71431167675e-06, 1.86959971415e-06, 1.62627111422e-06, 1.45876708757e-06, 1.53458063323e-06, 1.39911423958e-06, 4.33471541328e-06, 1.23327663459e-06, 9.20272270832e-07, 9.57781708166e-07, 1.21374955597e-06, 6.07361243965e-07, 5.26684061697e-07, 9.58885948421e-07, 7.78060723405e-07, 4.99942530041e-07, 6.93115964623e-07, 8.2670987922e-07, 3.48454562982e-07, 2.73885973456e-07, 2.4171873747e-07, 1.87286616438e-07, 1.61624356565e-07, 1.29108968849e-07, 6.85757370888e-08, 6.0754871356e-08, 4.01826802943e-08, 3.45404949087e-08, 2.3334525423e-08, 2.67941935306e-09, 2.11602228795e-11, 1.64334067188e-11, 1.5785471888e-11, 1.49770976871e-11, 1.42761254207e-11, 1.37061603386e-11, 1.31994476113e-11, 1.26045918494e-11, 1.20967428782e-11, 1.1650626644e-11, 1.12110381742e-11, 1.07793444309e-11, 1.0437476404e-11, 1.01372738329e-11, 9.85870846765e-12, 9.58803002271e-12, 9.39129243122e-12, 9.19306731434e-12, 9.02660324958e-12, 8.84829102349e-12, 8.70064350428e-12, 8.59484098475e-12, 8.54273856515e-12],
        "min": [3.27572052816e-10, 1.11308828821e-09, 5.18273861327e-11, 4.96914453487e-14, 3.2714418197e-14, 4.17917890778e-14, 2.75442883291e-14, 1.28567048365e-14, 2.60490600309e-14, 2.51566074829e-14, 2.99735279999e-14, 1.84776527439e-14, 1.40319376398e-14, 1.80195790201e-14, 3.03982269315e-14, 2.14966679033e-14, 1.64250632138e-14, 1.93185955243e-14, 6.84985549456e-15, 1.9694527381e-14, 2.01614339644e-14, 6.66187347257e-14, 3.0337335427e-14, 2.8015784137e-14, 2.54541396641e-14, 5.4954111872e-14, 4.45264180073e-14, 5.02843616355e-14, 4.73184385012e-14, 1.39261813412e-14, 2.77748608618e-14, 6.86958356953e-14, 3.11281491035e-14, 6.69346847913e-14, 3.45715277694e-14, 1.61937808676e-14, 4.6303374546e-14, 6.49435678303e-14, 2.74377078674e-14, 1.85289931049e-14, 4.01419721844e-14, 1.36094545464e-13, 5.36334519819e-14, 1.71025947039e-14, 2.42579292428e-14, 2.93395644964e-14, 5.90775055286e-14, 3.67260848198e-14, 3.62662848428e-14, 4.1246486207e-14, 3.44343321489e-14, 2.95662745588e-14, 3.81868473474e-14, 3.53909406664e-14, 3.07471198025e-14, 4.63532952798e-14, 3.38836997468e-14, 7.1992616675e-14, 5.78212269189e-14, 5.00596200777e-14, 6.60420137089e-14, 3.9204696347e-14, 3.97981615111e-14, 4.73178286375e-14, 3.95273549135e-14, 4.89720433259e-14, 9.5895025861e-14, 6.6288256351e-14, 4.98797407729e-14, 4.70688382205e-14, 6.36588966762e-14, 6.03437791272e-14, 1.0874330272e-13, 8.20210937472e-14, 6.53869658613e-14, 6.06494224959e-14, 8.82700081648e-14, 6.56823906245e-14, 5.40467701789e-14, 6.36742720182e-14, 4.01188278562e-14, 5.55567148276e-14, 4.25718149426e-14, 3.62708554326e-14, 4.00876401031e-14, 4.29676944253e-14, 4.97563619538e-14, 5.52600296793e-14, 5.92152466384e-14, 5.78732686231e-14, 4.3807720716e-14, 6.23741306543e-14, 4.15114008434e-14, 4.12055474106e-14, 5.6069359496e-14, 4.54264413358e-14, 2.94483709607e-14, 3.01956674725e-14, 5.80945204052e-14, 4.78694537622e-14, 6.03147699428e-14, 5.40137494464e-14, 2.31930648325e-14, 3.30834501233e-14, 5.56817436668e-14, 6.32932020597e-14, 5.81763505642e-14, 5.12379547157e-14, 2.48977000041e-14, 6.35761246166e-14, 5.27027762252e-14, 3.38530574829e-14, 1.91882981401e-14, 3.37952119089e-14, 4.5435213209e-14, 3.85247592833e-14, 5.43187422938e-14, 2.88450327805e-14, 3.15447910577e-14, 3.82159954452e-14, 3.18157840026e-14, 5.58588074341e-14, 4.89951503847e-14, 6.11994314817e-14, 3.29444249116e-14, 1.07213500231e-14, 1.99056744835e-15, 5.13661524905e-17],
        "stdev": [1.98736461243e-06, 3.56061464117e-05, 8.72638483997e-05, 0.000103636200947, 0.00015865219757, 0.000101994723082, 6.9715155405e-05, 0.000296835351037, 0.000803683302365, 0.00123724376317, 0.00208200165071, 0.000739981769584, 0.000717298826203, 0.000344248051988, 0.000495887128636, 0.000276287260931, 0.000681105942931, 0.000675963063259, 0.00111849862151, 0.000579538580496, 0.00168951274827, 0.00284401373938, 0.00386386783794, 0.00152947765309, 0.0016731946962, 0.0019414370181, 0.000843806948978, 0.000620260601863, 0.000437680049799, 0.000677603238728, 0.000640966289211, 0.00026353917201, 0.000234250124777, 0.000154547626153, 0.000238558728597, 0.000660219462588, 0.00150672520977, 0.000369887828128, 0.000358141143806, 0.000291920732707, 0.000286375347059, 0.000336454599164, 0.000317215832183, 0.000223914670642, 0.000192851890461, 8.3136750618e-05, 0.000120993681776, 8.6014799308e-05, 9.18889418244e-05, 6.83785838191e-05, 7.00908931321e-05, 5.76973543502e-05, 4.81284841953e-05, 4.00797543989e-05, 4.54642577097e-05, 2.97365113511e-05, 2.93304783554e-05, 1.95665943465e-05, 1.81640643859e-05, 1.51943513629e-05, 1.51997537614e-05, 1.80761981028e-05, 1.86841443792e-05, 1.44259611261e-05, 1.03115989987e-05, 7.75343414716e-06, 1.92457737285e-05, 7.47242575017e-06, 1.28869296532e-05, 3.58986221727e-06, 3.56159739567e-06, 1.3423315977e-05, 1.3064977793e-05, 7.72574912844e-06, 2.73835530606e-06, 5.71386772208e-06, 2.72789588962e-06, 2.01463512894e-06, 2.07653033613e-06, 3.91933326682e-06, 2.08001893043e-06, 1.20810482258e-05, 2.14485316974e-06, 1.5474194015e-06, 1.58014665885e-06, 3.069134209e-06, 1.03514810235e-06, 8.91906097422e-07, 2.16710282075e-06, 2.01356078833e-06, 1.03974741705e-06, 1.46332752138e-06, 2.40122858486e-06, 6.3820516516e-07, 5.09231085744e-07, 5.16496641012e-07, 3.76096409127e-07, 3.51183274461e-07, 2.81830239146e-07, 1.21364791994e-07, 1.20503855783e-07, 8.04689221923e-08, 8.52238102311e-08, 4.46454428982e-08, 5.52965051526e-09, 3.50727974441e-10, 3.35370176074e-10, 3.19981985353e-10, 3.06285191654e-10, 2.92916829681e-10, 2.80367257188e-10, 2.68249866764e-10, 2.57214166632e-10, 2.46972248208e-10, 2.37999592256e-10, 2.2877270911e-10, 2.20735041356e-10, 2.13749434819e-10, 2.07431835597e-10, 2.01563432611e-10, 1.95821317495e-10, 1.91865551225e-10, 1.87523066519e-10, 1.84136053627e-10, 1.80796017046e-10, 1.78689049668e-10, 1.76946846064e-10, 1.75928605017e-10]
    },
    "mfcc": {
        "mean": [-667.362487793, 129.484085083, -39.6895942688, -2.21096205711, -25.7374801636, -1.70254004002, -15.8187484741, -5.13975477219, -12.8179044724, -3.59027266502, -4.10087156296, 2.03110122681, -4.2864985466],
        "cov": [[5260.84082031, -575.064208984, -581.710083008, -235.936569214, -428.434143066, -68.6086959839, -131.266815186, 96.6117172241, -142.835830688, -32.4446487427, -45.4556312561, 58.644618988, -11.1954946518], [-575.064208984, 1215.40014648, 279.734985352, 175.527130127, -42.0666389465, 37.0639305115, 17.9911766052, -26.2532253265, -0.670953273773, -60.0951042175, 90.2471618652, -12.3879203796, -8.29094409943], [-581.710083008, 279.734985352, 769.197509766, 204.304031372, 19.9108657837, 0.039422865957, -7.51147079468, -72.2277374268, -66.5969924927, -10.5565404892, 3.50211763382, 49.2293319702, -14.5655088425], [-235.936569214, 175.527130127, 204.304031372, 232.030639648, 126.347312927, 12.2996778488, -20.0374393463, -46.7794151306, -8.70907878876, 21.5230083466, -13.4578552246, -27.6514205933, 8.81331062317], [-428.434143066, -42.0666389465, 19.9108657837, 126.347312927, 296.285552979, 43.3998908997, -70.1394119263, -85.2075195312, 26.4814243317, 50.3324241638, -64.207611084, -70.082824707, -6.30588197708], [-68.6086959839, 37.0639305115, 0.039422865957, 12.2996778488, 43.3998908997, 88.8633422852, 12.1062479019, 2.02049922943, 13.6454782486, 9.22444534302, 20.8593769073, -4.48235321045, -2.2489528656], [-131.266815186, 17.9911766052, -7.51147079468, -20.0374393463, -70.1394119263, 12.1062479019, 156.585739136, 112.567756653, 29.6386909485, -10.7730026245, 32.2918167114, 22.0230579376, 11.4100503922], [96.6117172241, -26.2532253265, -72.2277374268, -46.7794151306, -85.2075195312, 2.02049922943, 112.567756653, 181.215194702, 43.0924339294, -10.4769182205, 30.797580719, 22.7929782867, 26.9651031494], [-142.835830688, -0.670953273773, -66.5969924927, -8.70907878876, 26.4814243317, 13.6454782486, 29.6386909485, 43.0924339294, 87.2078170776, 40.3226547241, 16.7120933533, -3.30920386314, 3.35562539101], [-32.4446487427, -60.0951042175, -10.5565404892, 21.5230083466, 50.3324241638, 9.22444534302, -10.7730026245, -10.4769182205, 40.3226547241, 96.1325302124, 21.5765953064, -6.48620700836, -1.22979342937], [-45.4556312561, 90.2471618652, 3.50211763382, -13.4578552246, -64.207611084, 20.8593769073, 32.2918167114, 30.797580719, 16.7120933533, 21.5765953064, 112.522499084, 41.237953186, 4.48930597305], [58.644618988, -12.3879203796, 49.2293319702, -27.6514205933, -70.082824707, -4.48235321045, 22.0230579376, 22.7929782867, -3.30920386314, -6.48620700836, 41.237953186, 91.2879104614, 29.3239498138], [-11.1954946518, -8.29094409943, -14.5655088425, 8.81331062317, -6.30588197708, -2.2489528656, 11.4100503922, 26.9651031494, 3.35562539101, -1.22979342937, 4.48930597305, 29.3239498138, 66.2754592896]],
        "icov": [[0.000336320983479, 9.52916743699e-05, 0.000371538044419, -0.000491979240905, 0.000837635190692, -0.000412484834669, 0.000742233416531, -0.000514175975695, 0.000676009338349, -0.000486425444251, 0.00059477519244, -0.000406663253671, 0.000459316477645], [9.52916743699e-05, 0.00132336188108, -0.000203320450964, -0.00122018891852, 0.000937078148127, -0.000469533813884, 0.000346536806319, 0.000431306456449, -0.00108282780275, 0.00156222772785, -0.00128139008302, 0.00106677564327, -0.000164082244737], [0.000371538044419, -0.000203320450964, 0.0027312936727, -0.00272629247047, 0.00124628015328, -0.0006076854188, 0.000379759643693, -0.000290119205602, 0.00214894209057, -0.00113041501027, 0.00165526708588, -0.00314654433168, 0.00230105267838], [-0.000491979240905, -0.00122018891852, -0.00272629247047, 0.0104917678982, -0.00549583416432, 0.00210529169999, -0.00217918492854, 0.000701049750205, 0.000923076062463, -0.000859628198668, -0.00193970650434, 0.00313866650686, -0.00391165912151], [0.000837635190692, 0.000937078148127, 0.00124628015328, -0.00549583416432, 0.0110989287496, -0.00538476184011, 0.00339298835024, 0.00121430982836, -0.00217523099855, -0.00264890608378, 0.00507438369095, 0.00183983624447, -3.82278776669e-05], [-0.000412484834669, -0.000469533813884, -0.0006076854188, 0.00210529169999, -0.00538476184011, 0.0150455422699, -0.00282313954085, 0.000600190018304, -0.000721559219528, 0.00169001356699, -0.00525421462953, 0.00085208954988, -0.000255099992501], [0.000742233416531, 0.000346536806319, 0.000379759643693, -0.00217918492854, 0.00339298835024, -0.00282313954085, 0.0142890382558, -0.00817761383951, -0.000470647210022, 0.00016711250646, 0.000768906029407, -0.0012867716141, 0.00218036118895], [-0.000514175975695, 0.000431306456449, -0.000290119205602, 0.000701049750205, 0.00121430982836, 0.000600190018304, -0.00817761383951, 0.0139463385567, -0.00631706090644, 0.00296273105778, -0.00172064220533, 0.00256308703683, -0.00496306363493], [0.000676009338349, -0.00108282780275, 0.00214894209057, 0.000923076062463, -0.00217523099855, -0.000721559219528, -0.000470647210022, -0.00631706090644, 0.0224196016788, -0.00983746349812, 0.00143658951856, -0.0028424828779, 0.00259070517495], [-0.000486425444251, 0.00156222772785, -0.00113041501027, -0.000859628198668, -0.00264890608378, 0.00169001356699, 0.00016711250646, 0.00296273105778, -0.00983746349812, 0.018801767379, -0.00734724150971, 0.0028851556126, -0.00138164835516], [0.00059477519244, -0.00128139008302, 0.00165526708588, -0.00193970650434, 0.00507438369095, -0.00525421462953, 0.000768906029407, -0.00172064220533, 0.00143658951856, -0.00734724150971, 0.0179203078151, -0.00783701054752, 0.00347869377583], [-0.000406663253671, 0.00106677564327, -0.00314654433168, 0.00313866650686, 0.00183983624447, 0.00085208954988, -0.0012867716141, 0.00256308703683, -0.0028424828779, 0.0028851556126, -0.00783701054752, 0.0222348608077, -0.010771102272], [0.000459316477645, -0.000164082244737, 0.00230105267838, -0.00391165912151, -3.82278776669e-05, -0.000255099992501, 0.00218036118895, -0.00496306363493, 0.00259070517495, -0.00138164835516, 0.00347869377583, -0.010771102272, 0.0221763979644]]
    },
    "spectral_contrast_coeffs": {
        "max": [-0.392236828804, -0.44261649251, -0.47282910347, -0.589716076851, -0.670363545418, -0.653429865837],
        "mean": [-0.64760529995, -0.73023468256, -0.731358408928, -0.771812915802, -0.794454216957, -0.734140515327],
        "min": [-0.946399271488, -0.944824457169, -0.95597743988, -0.946041226387, -0.935399055481, -0.913946568966],
        "stdev": [0.0846890807152, 0.0975810959935, 0.0954840704799, 0.0596618838608, 0.0371166430414, 0.0367084145546]
    },
    "spectral_contrast_valleys": {
        "max": [-6.23772764206, -5.02074050903, -5.33069515228, -5.37157583237, -6.31535387039, -9.11147689819],
        "mean": [-8.05353450775, -6.58309841156, -7.22457408905, -7.56348848343, -7.80134963989, -11.0098218918],
        "min": [-18.2618331909, -17.7713775635, -17.0919742584, -17.093170166, -16.3137817383, -17.9197483063],
        "stdev": [0.946768522263, 0.897604048252, 0.968195557594, 1.05518364906, 0.935152649879, 0.85594534874]
    }
},
"rhythm": {
    "beats_count": 33,
    "beats_loudness": {
        "max": 0.0483981855214,
        "mean": 0.0223956014961,
        "min": 0.000410484353779,
        "stdev": 0.0132742347196
    },
    "bpm": 88.5650787354,
    "bpm_histogram_first_peak_bpm": 88,
    "bpm_histogram_first_peak_weight": 0.259259283543,
    "bpm_histogram_second_peak_bpm": 101,
    "bpm_histogram_second_peak_spread": 0.199999988079,
    "bpm_histogram_second_peak_weight": 0.125,
    "danceability": 0.891387999058,
    "onset_rate": 2.45075273514,
    "beats_loudness_band_ratio": {
        "max": [0.0590280108154, 0.593596577644, 0.765746295452, 0.815351724625, 0.47241461277, 0.175464332104],
        "mean": [0.0172402635217, 0.175701588392, 0.310834050179, 0.32220903039, 0.152463778853, 0.049892693758],
        "min": [0.00202958285809, 0.0153316138312, 0.0876505225897, 0.0555039085448, 0.00896135065705, 0.00516328029335],
        "stdev": [0.0144767388701, 0.181081220508, 0.179677739739, 0.181822791696, 0.148330613971, 0.0407977774739]
    },
    "beats_position": [0.650158703327, 1.31192743778, 1.98530614376, 2.6470746994, 3.32045340538, 3.99383211136, 4.67882061005, 5.36380958557, 6.04879808426, 6.73378658295, 7.41877555847, 8.09215450287, 8.76553249359, 9.43891143799, 10.1239004135, 10.8204984665, 11.5170974731, 12.1904764175, 12.8638544083, 13.5488433838, 14.2338323593, 14.90721035, 15.6038093567, 16.2771873474, 16.9621772766, 17.6471652985, 18.2973232269, 18.9474830627, 19.5395908356, 20.1433105469, 20.7354183197, 21.3275279999, 21.9196376801],
