{
"metadata": {
    "version": {
        "essentia": "2.1-beta5",
        "essentia_git_sha": "Undefined",
        "extractor": "music 2.0"
    },
    "audio_properties": {
        "analysis": {
            "equal_loudness": 0,
            "length": 32.4963264465,
            "sample_rate": 44100,
            "start_time": 29.0017242432,
            "downmix": "mix"
        },
        "bit_rate": 192000,
        "length": 265.682739258,
        "lossless": 0,
        "number_channels": 2,
        "replay_gain": -4.62396812439,
        "sample_rate": 48000,
        "codec": "mp3",
        "md5_encoded": "923795f1a2b538520906719a9385c103"
    },
    "tags": {
        "file_name": "Austria_Warum Nur, Warum_Udo Jürgens.mp3",
        "encoding": ["Lavf58.29.100"]
    }
},
"lowlevel": {
    "average_loudness": 0.398180693388,
    "barkbands_crest": {
        "max": 22.6759700775,
        "mean": 9.56119728088,
        "min": 3.20361638069,
        "stdev": 3.89985156059
    },
    "barkbands_flatness_db": {
        "max": 0.364511460066,
        "mean": 0.193601578474,
        "min": 0.0489880815148,
        "stdev": 0.0527033433318
    },
    "barkbands_kurtosis": {
        "max": 56.5052452087,
        "mean": 6.3832244873,
        "min": -1.62807536125,
        "stdev": 7.49761343002
    },
    "barkbands_skewness": {
        "max": 6.70194292068,
        "mean": 1.21082246304,
        "min": -1.86685395241,
        "stdev": 1.53740406036
    },
    "barkbands_spread": {
        "max": 45.2880516052,
        "mean": 9.11386013031,
        "min": 0.946402490139,
        "stdev": 5.86277627945
    },
    "dissonance": {
        "max": 0.500000059605,
        "mean": 0.425716817379,
        "min": 0.225558623672,
        "stdev": 0.0567833036184
    },
    "dynamic_complexity": 4.880879879,
    "erbbands_crest": {
        "max": 29.0105018616,
        "mean": 9.88387680054,
        "min": 2.50190114975,
        "stdev": 3.97281551361
    },
    "erbbands_flatness_db": {
        "max": 0.31964084506,
        "mean": 0.213078349829,
        "min": 0.0844018384814,
        "stdev": 0.0464416369796
    },
    "erbbands_kurtosis": {
        "max": 31.5349082947,
        "mean": 2.38535523415,
        "min": -1.83437776566,
        "stdev": 3.04913020134
    },
    "erbbands_skewness": {
        "max": 4.40651988983,
        "mean": 0.683863699436,
        "min": -1.61621558666,
        "stdev": 0.901384651661
    },
    "erbbands_spread": {
        "max": 114.104118347,
        "mean": 20.844285965,
        "min": 3.86307263374,
        "stdev": 18.0349330902
    },
    "hfc": {
        "max": 111.666847229,
        "mean": 13.2616434097,
        "min": 0.00207785284147,
        "stdev": 16.7580127716
    },
    "loudness_ebu128": {
        "integrated": -20.0827960968,
        "loudness_range": 10.1749801636,
        "momentary": {
            "max": -14.2741928101,
            "mean": -22.5448207855,
            "min": -33.9823303223,
            "stdev": 4.77731513977
        },
        "short_term": {
            "max": -16.6575279236,
            "mean": -22.0560569763,
            "min": -31.9077320099,
            "stdev": 3.9359266758
        }
    },
    "melbands_crest": {
        "max": 28.9607601166,
        "mean": 12.7525939941,
        "min": 2.98635721207,
        "stdev": 6.06258296967
    },
    "melbands_flatness_db": {
        "max": 0.467885941267,
        "mean": 0.270872235298,
        "min": 0.106833487749,
        "stdev": 0.0802886337042
    },
    "melbands_kurtosis": {
        "max": 156.195205688,
        "mean": 10.3173904419,
        "min": -1.58768677711,
        "stdev": 17.5418434143
    },
    "melbands_skewness": {
        "max": 10.0775146484,
        "mean": 1.67193961143,
        "min": -1.10298848152,
        "stdev": 1.93594241142
    },
    "melbands_spread": {
        "max": 75.6304244995,
        "mean": 15.5273017883,
        "min": 1.24420714378,
        "stdev": 15.1414136887
    },
    "pitch_salience": {
        "max": 0.863109469414,
        "mean": 0.59192687273,
        "min": 0.234930336475,
        "stdev": 0.130964100361
    },
    "silence_rate_20dB": {
        "max": 1,
        "mean": 1,
        "min": 1,
        "stdev": 0
    },
    "silence_rate_30dB": {
        "max": 1,
        "mean": 0.989293336868,
        "min": 0,
        "stdev": 0.102917298675
    },
    "silence_rate_60dB": {
        "max": 1,
        "mean": 0.11491791904,
        "min": 0,
        "stdev": 0.318917959929
    },
    "spectral_centroid": {
        "max": 2747.25073242,
        "mean": 907.655334473,
        "min": 204.285263062,
        "stdev": 717.406860352
    },
    "spectral_complexity": {
        "max": 51,
        "mean": 15.1548891068,
        "min": 0,
        "stdev": 12.977314949
    },
    "spectral_decrease": {
        "max": -7.75699112148e-13,
        "mean": -5.15391063161e-09,
        "min": -4.6173258994e-08,
        "stdev": 6.05324101954e-09
    },
    "spectral_energy": {
        "max": 0.180553168058,
        "mean": 0.0206549093127,
        "min": 3.11613462145e-06,
        "stdev": 0.0235631484538
    },
    "spectral_energyband_high": {
        "max": 0.00168155820575,
        "mean": 9.09141090233e-05,
        "min": 1.2964518703e-07,
        "stdev": 0.00017998815747
    },
    "spectral_energyband_low": {
        "max": 0.0819057300687,
        "mean": 0.0057726893574,
        "min": 7.30999659027e-07,
        "stdev": 0.00959548354149
    },
    "spectral_energyband_middle_high": {
        "max": 0.0560623854399,
        "mean": 0.00482224998996,
        "min": 3.81750908218e-07,
        "stdev": 0.0086170528084
    },
    "spectral_energyband_middle_low": {
        "max": 0.166795700788,
        "mean": 0.0124379582703,
        "min": 6.25323934855e-07,
        "stdev": 0.0212452653795
    },
    "spectral_entropy": {
        "max": 8.13958740234,
        "mean": 6.93319940567,
        "min": 5.21788930893,
        "stdev": 0.561890006065
    },
    "spectral_flux": {
        "max": 0.283645004034,
        "mean": 0.0633071660995,
        "min": 0.00710231950507,
        "stdev": 0.0397780463099
    },
    "spectral_kurtosis": {
        "max": 43.7022705078,
        "mean": 12.0580663681,
        "min": -0.702322483063,
        "stdev": 6.61427545547
    },
    "spectral_rms": {
        "max": 0.0132721299306,
        "mean": 0.00392257981002,
        "min": 5.51373850612e-05,
        "stdev": 0.00218277284876
    },
    "spectral_rolloff": {
        "max": 4328.17382812,
        "mean": 942.929870605,
        "min": 129.19921875,
        "stdev": 855.518188477
    },
    "spectral_skewness": {
        "max": 5.16588258743,
        "mean": 2.36616849899,
        "min": -0.0995877683163,
        "stdev": 0.873211622238
    },
    "spectral_spread": {
        "max": 5759252,
        "mean": 2641110.5,
        "min": 1341487.625,
        "stdev": 814989.4375
    },
    "spectral_strongpeak": {
        "max": 5.63550662994,
        "mean": 0.905045151711,
        "min": 0,
        "stdev": 0.817284822464
    },
    "zerocrossingrate": {
        "max": 0.10400390625,
        "mean": 0.0370706878603,
        "min": 0.00537109375,
        "stdev": 0.026841154322
    },
    "barkbands": {
        "max": [0.000265523325652, 0.0219520553946, 0.0603139661252, 0.128231018782, 0.0380290299654, 0.0478692837059, 0.0563182681799, 0.0751058831811, 0.0163409691304, 0.0102978367358, 0.0145375011489, 0.00656392611563, 0.00938423816115, 0.0104852775112, 0.00836219359189, 0.0103352898732, 0.0123039958999, 0.00601020175964, 0.00201859418303, 0.00107687094714, 0.000840777298436, 0.000550464261323, 7.36851070542e-05, 1.26727400129e-05, 2.8349729746e-06, 3.41364102496e-06, 8.30331430279e-07],
        "mean": [1.44941996041e-05, 0.00116989784874, 0.00218986603431, 0.00474949460477, 0.00159895292018, 0.0027264021337, 0.00171589141246, 0.00076513318345, 0.00075630057836, 0.000391861540265, 0.000445490441052, 0.000471221079351, 0.000575422367547, 0.000588463735767, 0.000687306397595, 0.000690936343744, 0.00051727576647, 0.000311358628096, 0.000155760149937, 7.57372836233e-05, 3.8705431507e-05, 1.37848983286e-05, 2.64457207777e-06, 8.23918753667e-07, 7.77321133683e-07, 8.84184032657e-07, 5.45617879766e-08],
        "min": [2.3841273844e-08, 6.78042937352e-08, 4.80906692246e-08, 9.33872499331e-08, 1.61675274057e-07, 1.1890733731e-07, 8.50867039048e-08, 4.1622399749e-08, 1.18433121088e-07, 2.15914379709e-08, 1.11190532337e-08, 5.75315510787e-08, 4.24954258449e-08, 1.53894781363e-08, 1.03366053494e-08, 6.17052933194e-08, 1.82704944507e-08, 3.69398911459e-08, 9.34111383799e-08, 3.21914157553e-08, 2.68426489924e-08, 1.53121906266e-08, 2.40591457867e-08, 1.45424907672e-08, 1.46433203341e-08, 1.53274388737e-08, 8.7065854526e-11],
        "stdev": [2.26589054364e-05, 0.00179622147698, 0.00434541888535, 0.0124712474644, 0.00336835882626, 0.00563719449565, 0.00359235098585, 0.00330615253188, 0.00141414697282, 0.000848488998599, 0.000812610553112, 0.000919332145713, 0.00126043439377, 0.00131410779431, 0.00149303558283, 0.00148881424684, 0.00115086487494, 0.000688261468895, 0.000310906412778, 0.000152195061673, 8.9240296802e-05, 3.39731450367e-05, 5.67611959923e-06, 6.96076483564e-07, 4.08965121323e-07, 4.53834218206e-07, 6.55909104808e-08]
    },
    "erbbands": {
        "max": [0.273385941982, 6.09788179398, 55.5961952209, 211.573959351, 271.080291748, 98.776473999, 194.06036377, 549.19744873, 689.265930176, 1324.70556641, 595.323669434, 434.28213501, 410.144958496, 402.670562744, 612.234802246, 272.34942627, 420.214080811, 480.104125977, 518.750671387, 541.75958252, 625.536560059, 650.727661133, 371.276275635, 207.173858643, 81.3613891602, 39.968585968, 50.7902641296, 25.9042606354, 23.43318367, 5.59525489807, 1.850908041, 0.588249862194, 0.100848354399, 0.0370505042374, 0.0218286756426, 0.0151234902442, 0.00591907370836, 0.00121173274238, 0.000141162978252, 0.00020259572193],
        "mean": [0.0184417683631, 0.339684963226, 2.15007448196, 10.060798645, 10.7931423187, 4.06711959839, 9.26462936401, 28.204044342, 22.2040748596, 24.9764976501, 15.3330783844, 19.4767131805, 12.3187160492, 16.4107837677, 16.9026031494, 20.906879425, 25.783996582, 28.6529788971, 33.599445343, 39.2071762085, 36.3139801025, 29.1692428589, 18.3284664154, 10.6157236099, 6.94848775864, 3.4953186512, 2.20111608505, 1.09589397907, 0.554122745991, 0.221236586571, 0.0615172125399, 0.0216091554612, 0.0127374483272, 0.00865434017032, 0.00561370560899, 0.00343117793091, 0.00167049432639, 0.000305533932988, 2.0862893507e-05, 2.4308114007e-05],
        "min": [7.03421801518e-06, 1.53850578499e-05, 3.81036225008e-05, 0.000198868758162, 0.000466026947834, 0.000630407186691, 0.000281744491076, 0.00122503330931, 0.00160894973669, 0.000683862832375, 0.00144676677883, 0.00283909658901, 0.0011151767103, 0.000571488053538, 0.000678234617226, 0.00269057950936, 0.00196380843408, 0.00102389312815, 0.000666647858452, 0.00158971070778, 0.00282522500493, 0.00132783444133, 0.00237920880318, 0.00462222192436, 0.00282596307807, 0.00146627950016, 0.00118810962886, 0.00114053324796, 0.000446281424956, 0.000714627851266, 0.000679789227434, 0.000363155268133, 0.000215331790969, 0.000151102576638, 0.000114793168905, 5.9483863879e-05, 2.77060771623e-05, 5.686158147e-06, 1.22330007457e-07, 9.18707954156e-09],
        "stdev": [0.0291651263833, 0.513598144054, 3.70383667946, 23.5548629761, 29.845741272, 8.15850353241, 18.7220783234, 65.0781326294, 43.266254425, 67.56690979, 37.6461868286, 35.3659973145, 26.9856185913, 27.4294166565, 32.4784965515, 39.4707870483, 54.9351654053, 62.177444458, 72.626411438, 84.9061889648, 77.7240982056, 64.5497665405, 40.1674919128, 22.1150970459, 13.8504629135, 6.87955379486, 4.8971362114, 2.45778441429, 1.37627482414, 0.534785151482, 0.12901571393, 0.0305618327111, 0.00792067870498, 0.00480725709349, 0.00296676484868, 0.00184293685015, 0.000881201296579, 0.000162666052347, 1.51423164425e-05, 2.63672372967e-05]
    },
    "gfcc": {
        "mean": [-76.3594894409, 136.905395508, -115.700973511, 13.5020837784, -46.3524627686, -4.70824384689, -28.1779594421, 4.71898365021, -23.1532058716, 3.40810513496, -18.1171321869, 1.46181046963, -14.4656763077],
        "cov": [[2896.3894043, -92.2345046997, -1708.16870117, -49.651222229, 399.285461426, -221.322341919, 122.438941956, -132.942810059, 116.218315125, -108.150917053, -76.3216247559, -44.3535270691, 10.152100563], [-92.2345046997, 795.475952148, 873.28894043, -260.778503418, -320.022338867, -133.099868774, -16.3643074036, 4.39710330963, 40.8899726868, -96.1954345703, 64.0753097534, -5.26281166077, -16.408372879], [-1708.16870117, 873.28894043, 2129.34057617, -2.36148667336, -597.436340332, -80.1339035034, -84.3602981567, 28.0254993439, -14.5858945847, -66.5005111694, 75.2972564697, -6.00325775146, -42.2194824219], [-49.651222229, -260.778503418, -2.36148667336, 442.459320068, 147.857330322, -13.2089719772, -10.8813457489, -57.5280914307, -5.78859472275, -7.9233083725, -78.7639389038, -38.7839660645, -15.2420215607], [399.285461426, -320.022338867, -597.436340332, 147.857330322, 399.913848877, 91.5010070801, -2.53317403793, -3.50111889839, -22.2588748932, -16.3096542358, -51.5531845093, -10.6737670898, 14.1273880005], [-221.322341919, -133.099868774, -80.1339035034, -13.2089719772, 91.5010070801, 154.482803345, 37.1390609741, 42.5273628235, -29.0070343018, 43.7276306152, 16.0334339142, 16.3615837097, 9.60605430603], [122.438941956, -16.3643074036, -84.3602981567, -10.8813457489, -2.53317403793, 37.1390609741, 89.3871231079, 33.4466285706, 5.32716083527, 10.9097719193, 11.2576847076, -0.01688670367, -2.18503761292], [-132.942810059, 4.39710330963, 28.0254993439, -57.5280914307, -3.50111889839, 42.5273628235, 33.4466285706, 89.1793212891, 17.1615753174, 15.5922937393, 15.6375045776, 14.3959569931, 8.38294029236], [116.218315125, 40.8899726868, -14.5858945847, -5.78859472275, -22.2588748932, -29.0070343018, 5.32716083527, 17.1615753174, 67.3977966309, 25.1940727234, -0.899956405163, -1.49434399605, 4.92540645599], [-108.150917053, -96.1954345703, -66.5005111694, -7.9233083725, -16.3096542358, 43.7276306152, 10.9097719193, 15.5922937393, 25.1940727234, 99.3526000977, 34.9747085571, 11.7722530365, 5.54911470413], [-76.3216247559, 64.0753097534, 75.2972564697, -78.7639389038, -51.5531845093, 16.0334339142, 11.2576847076, 15.6375045776, -0.899956405163, 34.9747085571, 67.5945205688, 27.9187641144, -4.21199560165], [-44.3535270691, -5.26281166077, -6.00325775146, -38.7839660645, -10.6737670898, 16.3615837097, -0.01688670367, 14.3959569931, -1.49434399605, 11.7722530365, 27.9187641144, 46.2459220886, 22.6397953033], [10.152100563, -16.408372879, -42.2194824219, -15.2420215607, 14.1273880005, 9.60605430603, -2.18503761292, 8.38294029236, 4.92540645599, 5.54911470413, -4.21199560165, 22.6397953033, 49.4489555359]],
        "icov": [[0.00453144172207, -0.00582278613001, 0.00581544730812, -0.00241119693965, -0.000663192709908, 0.00332016870379, -0.00508296443149, 0.00451485952362, -0.00384705141187, 0.00283808191307, -0.00160426599905, -0.000154444453074, -8.72085729497e-05], [-0.00582278613001, 0.0189390126616, -0.013308419846, 0.0115413060412, -0.00412003602833, 0.00165808550082, -0.000943768653087, 0.00199363031425, -0.00617260253057, 0.00535718398169, -0.00533605087548, 0.00536744995043, -0.00274839485064], [0.00581544730812, -0.013308419846, 0.0126196369529, -0.00989422760904, 0.00635136570781, -0.00284305564128, 0.00172047049273, -0.000136356422445, -0.00111231894698, 0.00489586638287, -0.00436485698447, 0.0015491269296, -0.000567920506001], [-0.00241119693965, 0.0115413060412, -0.00989422760904, 0.0140127260238, -0.00979582965374, 0.00846278294921, -0.00885993335396, 0.00711430329829, -0.00310879712924, -0.00404129130766, 0.00733227469027, -0.00265703466721, 0.00235756719485], [-0.000663192709908, -0.00412003602833, 0.00635136570781, -0.00979582965374, 0.0162156391889, -0.0155256222934, 0.0144676594064, -0.00766434567049, 0.000205420423299, 0.0101409014314, -0.00855261553079, 0.00761946476996, -0.00388119835407], [0.00332016870379, 0.00165808550082, -0.00284305564128, 0.00846278294921, -0.0155256222934, 0.0297571923584, -0.0202988758683, 0.00471547199413, 0.00659118732437, -0.0145031409338, 0.0101982327178, -0.00924551486969, 0.00308091705665], [-0.00508296443149, -0.000943768653087, 0.00172047049273, -0.00885993335396, 0.0144676594064, -0.0202988758683, 0.0342917777598, -0.0179689899087, 0.00508044613525, 0.00551318190992, -0.00985874608159, 0.0099656721577, -0.00268736714497], [0.00451485952362, 0.00199363031425, -0.000136356422445, 0.00711430329829, -0.00766434567049, 0.00471547199413, -0.0179689899087, 0.0297355540097, -0.0176550336182, 0.00673289317638, -0.00153985014185, -0.00338949263096, -0.000326591631165], [-0.00384705141187, -0.00617260253057, -0.00111231894698, -0.00310879712924, 0.000205420423299, 0.00659118732437, 0.00508044613525, -0.0176550336182, 0.0422854050994, -0.0288926754147, 0.0206764452159, -0.00960049964488, 0.00389918242581], [0.00283808191307, 0.00535718398169, 0.00489586638287, -0.00404129130766, 0.0101409014314, -0.0145031409338, 0.00551318190992, 0.00673289317638, -0.0288926754147, 0.0463131330907, -0.0375383980572, 0.0219788905233, -0.0124278785661], [-0.00160426599905, -0.00533605087548, -0.00436485698447, 0.00733227469027, -0.00855261553079, 0.0101982327178, -0.00985874608159, -0.00153985014185, 0.0206764452159, -0.0375383980572, 0.0624407939613, -0.0406212545931, 0.0234495904297], [-0.000154444453074, 0.00536744995043, 0.0015491269296, -0.00265703466721, 0.00761946476996, -0.00924551486969, 0.0099656721577, -0.00338949263096, -0.00960049964488, 0.0219788905233, -0.0406212545931, 0.058971978724, -0.0290195047855], [-8.72085729497e-05, -0.00274839485064, -0.000567920506001, 0.00235756719485, -0.00388119835407, 0.00308091705665, -0.00268736714497, -0.000326591631165, 0.00389918242581, -0.0124278785661, 0.0234495904297, -0.0290195047855, 0.0363075584173]]
    },
    "melbands": {
        "max": [0.00438179913908, 0.0207610037178, 0.0415351614356, 0.00935190916061, 0.00511120865121, 0.0105060525239, 0.0116466134787, 0.0169791597873, 0.00433141505346, 0.00300349621102, 0.00200348673388, 0.00148015352897, 0.00244620651938, 0.000902528816368, 0.00108650582843, 0.00100693560671, 0.000986028811894, 0.000895364675671, 0.000840068038087, 0.00082568830112, 0.000859526568092, 0.000836069288198, 0.000387854699511, 0.000288909563096, 0.000158697934239, 8.82684689714e-05, 4.20957694587e-05, 2.92185359285e-05, 4.08972446166e-05, 3.32325071213e-05, 1.59324044944e-05, 1.52492784764e-05, 7.11099801265e-06, 2.26153656513e-06, 9.93996650323e-07, 7.16389592981e-07, 3.42648036167e-07, 7.02060418689e-08, 4.58740174736e-08, 3.86336083125e-08],
        "mean": [0.000244153226959, 0.000974568247329, 0.00180146947969, 0.000459000264527, 0.000297926657367, 0.000587499351241, 0.00036229021498, 0.000253247999353, 0.000116979528684, 0.000123289326439, 5.80511441512e-05, 6.40237485641e-05, 5.67769347981e-05, 5.31273071829e-05, 5.35845756531e-05, 5.92264987063e-05, 5.22287773492e-05, 5.34567734576e-05, 5.40186083526e-05, 5.02030634379e-05, 4.08741580031e-05, 3.20620420098e-05, 2.02908340725e-05, 1.38467494253e-05, 7.95285632194e-06, 5.64799347558e-06, 3.63440335605e-06, 2.01190573534e-06, 1.49295181018e-06, 9.29379496029e-07, 5.36679181096e-07, 3.40526582931e-07, 1.94433056322e-07, 8.92899834071e-08, 3.63128016545e-08, 1.79557417823e-08, 1.09487858779e-08, 8.9106189094e-09, 7.87168197292e-09, 7.08010094996e-09],
        "min": [1.28589761061e-07, 2.16533102559e-08, 4.3412200057e-08, 4.05355855548e-08, 1.4184400321e-08, 2.6620133653e-08, 2.37862689545e-08, 6.64318156041e-09, 1.42000660119e-08, 1.73655969604e-08, 5.17138998291e-09, 2.38646236106e-09, 1.56211066304e-09, 5.57542945145e-09, 6.51217257897e-09, 3.5297644807e-09, 1.68854796812e-09, 1.07347297718e-09, 1.01785491147e-09, 4.03625932677e-09, 2.79007905668e-09, 8.86527795618e-10, 2.51976794985e-09, 1.47005130291e-09, 4.23590229559e-09, 2.63253285837e-09, 1.1679321954e-09, 8.93251583811e-10, 7.85557952021e-10, 7.71268160449e-10, 6.13338824174e-10, 2.50801712731e-10, 2.57045829066e-10, 4.24272644794e-10, 4.25934426618e-10, 2.97228991419e-10, 1.97799415735e-10, 1.5422416122e-10, 1.30536664811e-10, 1.21757257054e-10],
        "stdev": [0.000368033506675, 0.00152117863763, 0.00421497831121, 0.00105184828863, 0.000571752141695, 0.00128369184677, 0.000710506516043, 0.000793855171651, 0.000280656618997, 0.000224396921112, 0.000131759370561, 0.000106945313746, 0.000114299313282, 0.00010166958964, 0.000113402689749, 0.000127697538119, 0.00011657471623, 0.000118540556286, 0.000119483767776, 0.000110569177195, 9.08475849428e-05, 7.25830032025e-05, 4.613539204e-05, 3.05934663629e-05, 1.69331815414e-05, 1.14356234917e-05, 7.4991899055e-06, 4.04761112804e-06, 3.39393227478e-06, 2.31150261243e-06, 1.22943686165e-06, 8.65993570187e-07, 5.12725478075e-07, 2.12228414398e-07, 7.62239480423e-08, 3.75336099978e-08, 1.38450211296e-08, 5.90185811333e-09, 4.65372229641e-09, 4.43674963435e-09]
    },
    "melbands128": {
        "max": [0.000147003680468, 0.00159211631399, 0.0059637776576, 0.01203014981, 0.0255652051419, 0.0294449739158, 0.0430667549372, 0.0713578984141, 0.0297238565981, 0.0105959018692, 0.00779894087464, 0.00636909063905, 0.0073528541252, 0.0143433148041, 0.0202896818519, 0.0116497054696, 0.0067890570499, 0.0204442292452, 0.0154669610783, 0.0157141145319, 0.0309205651283, 0.00480210687965, 0.00837752688676, 0.00448290305212, 0.00466903671622, 0.00623591570184, 0.00173324544448, 0.00389877520502, 0.00108101451769, 0.00126420462038, 0.00265289540403, 0.0016731263604, 0.00429037166759, 0.00128366355784, 0.00154656160157, 0.00180093245581, 0.00109222414903, 0.00166500115301, 0.00160054850858, 0.00149389682338, 0.00156741542742, 0.00135485152714, 0.00123746856116, 0.00141592195723, 0.00146723445505, 0.00119414227083, 0.000995501177385, 0.00131777930073, 0.000930728157982, 0.00118025555275, 0.00107184471563, 0.000707332219463, 0.000913291471079, 0.00141515361611, 0.000850113981869, 0.00113089336082, 0.000838967505842, 0.000452253472758, 0.000653255148791, 0.000498070032336, 0.000306980742607, 0.000348265049979, 0.000285183457891, 0.000142807315569, 0.000106165833131, 0.000146236459841, 0.000107324209239, 7.02444012859e-05, 6.68284264975e-05, 4.0607246774e-05, 4.46285521321e-05, 4.78472538816e-05, 8.26505565783e-05, 3.33001189574e-05, 3.6627992813e-05, 4.94703708682e-05, 2.60831529886e-05, 2.50389657594e-05, 2.14958545257e-05, 1.65249257407e-05, 1.32184995891e-05, 1.74268589035e-05, 1.18812995424e-05, 8.93972082849e-06, 5.94456651015e-06, 4.50344896308e-06, 1.74383353624e-06, 1.12446389267e-06, 9.79920969257e-07, 1.98205702873e-06, 1.51295148498e-06, 6.44990848286e-07, 3.9320903511e-07, 4.94922744565e-07, 4.52562971986e-07, 8.24967614221e-08, 6.04661707371e-08, 6.55633130009e-08, 6.51014602226e-08, 6.03995005122e-08, 4.70610324044e-08, 7.74503590151e-08, 6.01343117523e-08, 3.75560844645e-08, 4.01525248606e-08, 4.63473277534e-08, 3.60174503555e-08, 3.60308511915e-08, 4.2811869605e-08, 4.12166336616e-08, 3.36993402072e-08, 3.45707213967e-08, 3.65997259166e-08, 3.86326171053e-08, 2.64553996487e-08, 2.4306027413e-08, 1.15510863097e-08, 3.95415611365e-09, 4.06238287454e-09, 4.03807787208e-09, 5.59870505512e-09, 4.73303440884e-09, 3.30487326394e-09, 3.09573722213e-09, 3.0212259361e-09, 2.98916513763e-09, 2.96608337891e-09, 2.95198443467e-09],
        "mean": [9.6513203971e-06, 9.08583169803e-05, 0.000300794286886, 0.000610461516771, 0.000896264682524, 0.00114343641326, 0.00208975700662, 0.00235825614072, 0.000967625470366, 0.000238994412939, 0.000181500712642, 0.000202911382075, 0.000261569279246, 0.000454135064501, 0.000840673630591, 0.000522420101333, 0.000281916698441, 0.000331324379658, 0.000501606031321, 0.000234925959376, 0.000187242359971, 0.000107180443592, 0.00013070688874, 8.83514221641e-05, 0.000121614459204, 0.000170035942574, 4.29428691859e-05, 5.92375836277e-05, 4.46748017566e-05, 5.98036931478e-05, 7.56518711569e-05, 6.62300953991e-05, 5.19108762091e-05, 5.61621091038e-05, 4.45210280304e-05, 5.70139854972e-05, 5.91681200603e-05, 5.09709061589e-05, 5.06968026457e-05, 5.87327340327e-05, 6.47824708722e-05, 5.44658323633e-05, 4.66738674731e-05, 5.51510420337e-05, 5.7853783801e-05, 5.10417703481e-05, 4.9742495321e-05, 5.66872840864e-05, 5.43622554687e-05, 5.2968676755e-05, 5.26018484379e-05, 4.34094945376e-05, 4.21702025051e-05, 4.07878033002e-05, 3.54336334567e-05, 3.35479235218e-05, 2.73060159088e-05, 2.13535349758e-05, 1.85557273653e-05, 1.56569258252e-05, 1.44411751535e-05, 1.20151898955e-05, 9.54972529144e-06, 6.64753724777e-06, 5.39680286238e-06, 6.01690817348e-06, 5.64986294194e-06, 4.34227558799e-06, 3.28612850353e-06, 2.39495625465e-06, 2.01811212719e-06, 1.79523294719e-06, 1.70763075857e-06, 1.42632131883e-06, 1.29772865876e-06, 1.03869626855e-06, 7.0628919957e-07, 6.31024136055e-07, 5.30998590875e-07, 4.29372533972e-07, 3.90050047372e-07, 2.92687616366e-07, 2.36209757531e-07, 1.96683686227e-07, 1.50802648591e-07, 1.12203004221e-07, 6.57699459339e-08, 4.33106919218e-08, 3.85837815031e-08, 2.821890277e-08, 1.97951255387e-08, 1.60759743295e-08, 1.23434675814e-08, 1.04999200445e-08, 1.05092121672e-08, 9.33536270509e-09, 8.34536351135e-09, 8.60341309306e-09, 7.99061972145e-09, 7.46585282485e-09, 7.27637949893e-09, 7.11338143944e-09, 6.75058853261e-09, 6.36395069975e-09, 5.94619242733e-09, 6.47072040394e-09, 6.26912965984e-09, 5.941740433e-09, 5.77370817822e-09, 5.97011862169e-09, 5.72317748748e-09, 5.57059909312e-09, 5.35069544227e-09, 5.33006971892e-09, 4.86265827604e-09, 4.07036582217e-09, 1.3809067223e-09, 2.18370058147e-10, 1.58358187674e-10, 1.54844817524e-10, 1.57941548729e-10, 1.60729554666e-10, 1.01536688779e-10, 1.14585398461e-11, 8.60551994247e-12, 8.34394706106e-12, 8.19692057286e-12, 8.14168524266e-12],
        "min": [3.74907260792e-09, 9.21659690789e-08, 3.14606722895e-08, 2.13457784781e-08, 1.12501332694e-08, 3.01013649562e-08, 3.6224573563e-08, 5.32685895394e-08, 4.55615172257e-08, 4.23846771014e-08, 3.75814863673e-08, 1.99495922004e-08, 1.75692993487e-09, 1.42546916493e-08, 2.8104462757e-08, 3.65251935364e-08, 2.65431641111e-08, 2.63389310362e-08, 1.29518316072e-08, 3.946153182e-09, 5.73232350476e-09, 7.26323357014e-09, 1.54121053697e-08, 2.0079367502e-08, 2.23629985641e-08, 1.57709365567e-08, 7.61303553531e-09, 3.23544435687e-09, 3.882479227e-09, 3.1891089769e-09, 1.51778911661e-09, 1.61154345424e-09, 9.21772935758e-10, 2.15727746777e-09, 2.90944246473e-09, 6.78149181255e-09, 9.93185977904e-09, 6.61025012505e-09, 4.75470818273e-09, 3.76405129288e-09, 3.60329677207e-09, 2.5389574887e-09, 1.48019618784e-09, 1.40998268616e-09, 1.42841616313e-09, 8.95067242546e-10, 7.09477421257e-10, 1.27755261925e-09, 5.82008496952e-10, 1.83236148477e-09, 5.5298299273e-09, 4.79420458888e-09, 4.74582906307e-09, 1.02105701671e-09, 3.00417468679e-10, 6.49398923525e-10, 1.52714985102e-09, 2.14566098222e-09, 3.66090247006e-09, 2.04635175471e-09, 1.12591558299e-09, 6.98639701646e-10, 3.13880943459e-09, 7.45573469629e-09, 2.21558793534e-09, 2.76742229133e-09, 2.76110978525e-09, 7.74588615471e-10, 7.40782712949e-10, 1.70955383183e-09, 5.94489124595e-10, 4.58230453582e-10, 1.61672131238e-09, 4.6069217885e-10, 3.9533648577e-10, 1.05993092081e-09, 5.94382543184e-10, 9.1276669556e-10, 5.23661614071e-10, 5.76481196113e-10, 2.05727893055e-10, 2.07698011567e-10, 1.00245749202e-10, 2.01329952709e-10, 2.44844616804e-10, 6.05726857561e-10, 2.57986382257e-10, 4.49128123581e-10, 3.99810823337e-10, 3.13735148971e-10, 2.22729737431e-10, 1.22731116936e-10, 2.77896011758e-10, 9.06054606342e-11, 2.1617168125e-11, 1.62419966365e-10, 2.93073898483e-11, 1.40817302263e-10, 1.38110578529e-10, 9.21277151789e-11, 1.46552936453e-10, 7.94545748639e-11, 1.04463403205e-10, 4.78315130559e-11, 7.96821116034e-12, 5.80858521004e-11, 3.02021879728e-11, 7.36163074944e-11, 1.29600954968e-10, 7.5887678086e-11, 7.74696001793e-11, 1.75607445252e-11, 6.70581576379e-11, 6.12515246856e-11, 1.10212151905e-10, 7.05591973738e-11, 7.01105753315e-12, 2.62516733612e-13, 1.77572122588e-13, 1.69470692904e-13, 1.6889073961e-13, 1.74990298402e-13, 2.00361889623e-13, 1.42497152316e-13, 1.21756595149e-13, 4.3878393757e-14, 6.66521332348e-15, 1.6871555615e-16],
        "stdev": [1.50862397277e-05, 0.000174025670276, 0.000541543937288, 0.00102975347545, 0.00164606096223, 0.00242783874273, 0.00515426136553, 0.00672785704955, 0.00297577306628, 0.000606741115917, 0.000519845809322, 0.000598924176302, 0.000670836539939, 0.00118544325233, 0.00232642237097, 0.00117723678704, 0.000717223854735, 0.00101252284367, 0.0011816828046, 0.000780360889621, 0.00130929797888, 0.000304214365315, 0.000358090881491, 0.000350269081537, 0.000256736646406, 0.000367387896404, 0.000104213417217, 0.000226810137974, 0.000109027132567, 0.000116892086226, 0.000152152220835, 0.000126501065097, 0.000160490977578, 0.000113351554319, 0.000116127434012, 0.00013027768, 0.000122518467833, 0.000131665263325, 0.000135442998726, 0.000144698700751, 0.000153312532348, 0.000141693773912, 0.000116281538794, 0.000142528340803, 0.000146777718328, 0.000129505177028, 0.00011680447642, 0.000145039855852, 0.000133723166073, 0.000132828907226, 0.000130039057694, 0.000100796016341, 0.000103189428046, 0.000107166182715, 8.61432854435e-05, 8.32803998492e-05, 6.94110640325e-05, 5.2339888498e-05, 4.8058165703e-05, 3.91098328691e-05, 3.49564143107e-05, 2.94611545542e-05, 2.30686200666e-05, 1.49961088027e-05, 1.19194137369e-05, 1.33840749186e-05, 1.2506038729e-05, 9.62714784691e-06, 7.64703054301e-06, 5.4131246543e-06, 4.45855130238e-06, 3.94365588363e-06, 4.55652070741e-06, 3.43947499459e-06, 3.36121320288e-06, 3.01015870718e-06, 1.81499797236e-06, 1.49557774876e-06, 1.39767905694e-06, 1.0827367305e-06, 1.02469266494e-06, 8.34159664009e-07, 7.03532464286e-07, 5.60184446385e-07, 4.17644827166e-07, 3.00991843005e-07, 1.53652749191e-07, 1.00113517476e-07, 8.36775271296e-08, 7.76042625716e-08, 5.86953774473e-08, 3.14641610544e-08, 1.68593050631e-08, 1.79676007406e-08, 1.66090661224e-08, 8.14855560805e-09, 7.44772243877e-09, 7.27614457574e-09, 6.85072754081e-09, 6.23687324008e-09, 5.63435520462e-09, 7.03453428841e-09, 5.46903011767e-09, 4.96061858257e-09, 4.7003290149e-09, 5.20814458227e-09, 5.18547249584e-09, 4.58830529126e-09, 4.88733409298e-09, 4.82215201103e-09, 4.46964598666e-09, 4.7553183613e-09, 3.77187303613e-09, 4.77142414468e-09, 3.42783512686e-09, 3.21848214746e-09, 1.505350955e-09, 3.90927568095e-10, 3.5828287559e-10, 3.20768189788e-10, 3.56301377291e-10, 3.6877098597e-10, 2.39806730029e-10, 1.3416616429e-10, 1.31054264663e-10, 1.29187660569e-10, 1.28101820818e-10, 1.27421170837e-10]
    },
    "mfcc": {
        "mean": [-725.34942627, 176.894744873, -13.8474178314, 27.9148006439, -4.2463259697, 0.778887033463, -1.69985258579, 0.566339194775, 0.661731004715, -3.91054201126, 0.780460059643, 0.117232717574, 1.977602005],
        "cov": [[4105.19189453, -472.109771729, -2405.47314453, 49.9876747131, -64.9279403687, 147.119903564, -108.548545837, 38.7392578125, 94.1692276001, -43.518321991, 68.5816955566, -102.514709473, -41.1554260254], [-472.109771729, 983.915344238, 929.920776367, -186.298309326, -142.017684937, -244.144821167, -83.2914657593, 29.0023097992, -72.7406082153, -83.1478881836, 0.629500448704, 24.6729183197, 15.182135582], [-2405.47314453, 929.920776367, 2323.0222168, 112.413963318, -162.909301758, -233.122238159, -89.3202362061, -26.0034656525, -122.225036621, -45.9874267578, -25.8435325623, 49.6530418396, -7.61553430557], [49.9876747131, -186.298309326, 112.413963318, 351.899383545, 88.0816574097, 69.8709411621, -46.360534668, -7.81214475632, 11.1946220398, -3.30737686157, -1.10266983509, -50.3669128418, -62.7948036194], [-64.9279403687, -142.017684937, -162.909301758, 88.0816574097, 224.245117188, 81.6229476929, 38.9416694641, 19.7148780823, 24.3066425323, -3.27528953552, -15.3403072357, -23.9593219757, -26.0405101776], [147.119903564, -244.144821167, -233.122238159, 69.8709411621, 81.6229476929, 139.56930542, 50.8023605347, -7.73568964005, 19.4962463379, 19.3150196075, 0.885468304157, -4.7352938652, -11.1534719467], [-108.548545837, -83.2914657593, -89.3202362061, -46.360534668, 38.9416694641, 50.8023605347, 122.586753845, 40.0854988098, 4.39131736755, 17.2059192657, 5.0322804451, 15.7660169601, 1.0947458744], [38.7392578125, 29.0023097992, -26.0034656525, -7.81214475632, 19.7148780823, -7.73568964005, 40.0854988098, 79.2366485596, 19.8120441437, -4.84902238846, 2.55633711815, -9.67737102509, -11.4789171219], [94.1692276001, -72.7406082153, -122.225036621, 11.1946220398, 24.3066425323, 19.4962463379, 4.39131736755, 19.8120441437, 67.1026153564, 32.9681854248, -6.04572534561, -9.4522819519, -0.159953162074], [-43.518321991, -83.1478881836, -45.9874267578, -3.30737686157, -3.27528953552, 19.3150196075, 17.2059192657, -4.84902238846, 32.9681854248, 70.8609008789, 21.1879558563, 11.4094638824, 5.37627220154], [68.5816955566, 0.629500448704, -25.8435325623, -1.10266983509, -15.3403072357, 0.885468304157, 5.0322804451, 2.55633711815, -6.04572534561, 21.1879558563, 57.3346595764, 20.8444786072, -2.86409831047], [-102.514709473, 24.6729183197, 49.6530418396, -50.3669128418, -23.9593219757, -4.7352938652, 15.7660169601, -9.67737102509, -9.4522819519, 11.4094638824, 20.8444786072, 66.0799331665, 39.2017402649], [-41.1554260254, 15.182135582, -7.61553430557, -62.7948036194, -26.0405101776, -11.1534719467, 1.0947458744, -11.4789171219, -0.159953162074, 5.37627220154, -2.86409831047, 39.2017402649, 72.1979598999]],
        "icov": [[0.00341777061112, -0.00445253262296, 0.00570037867874, -0.00492558628321, 0.00517961196601, -0.0037207074929, 0.00278043793514, -0.00188941077795, 0.000810311292298, 0.000524386763573, -0.000158741415362, -0.000576600199565, 0.000422132114181], [-0.00445253262296, 0.00938932411373, -0.00877400580794, 0.00886666029692, -0.00726985838264, 0.00699806725606, -0.00194695976097, 0.00107891962398, -0.00190391612705, 0.00262548588216, -0.00221610884182, 0.00149868533481, -0.000167515972862], [0.00570037867874, -0.00877400580794, 0.010717461817, -0.00984405446798, 0.00902457721531, -0.00562067702413, 0.00381936389022, -0.00276271952316, 0.00292348489165, -0.00106458028313, 0.00187771208584, -0.00251284544356, 0.00107718596701], [-0.00492558628321, 0.00886666029692, -0.00984405446798, 0.0141682131216, -0.00906183104962, 0.00246273633093, 0.00105932285078, 0.000608020578511, -0.00193494989071, 0.00141304987483, -0.0027653737925, 0.00323879974894, 0.00182709819637], [0.00517961196601, -0.00726985838264, 0.00902457721531, -0.00906183104962, 0.0145701626316, -0.0083520533517, 0.00250397925265, -0.00331285619177, -0.000175884226337, 0.00190348294564, 0.00143249530811, -0.000968101609033, 0.00139221886639], [-0.0037207074929, 0.00699806725606, -0.00562067702413, 0.00246273633093, -0.0083520533517, 0.0225015468895, -0.0111812027171, 0.00865023583174, -0.00395068759099, 0.00133827677928, -0.000924700929318, -0.000241385030677, -4.88706064061e-05], [0.00278043793514, -0.00194695976097, 0.00381936389022, 0.00105932285078, 0.00250397925265, -0.0111812027171, 0.0221255272627, -0.0148484585807, 0.00825981143862, -0.00538984686136, 0.00280182808638, -0.00492074340582, 0.00300077861175], [-0.00188941077795, 0.00107891962398, -0.00276271952316, 0.000608020578511, -0.00331285619177, 0.00865023583174, -0.0148484585807, 0.0261508133262, -0.0135375261307, 0.00861878972501, -0.00606879172847, 0.00439055962488, 0.000161356627359], [0.000810311292298, -0.00190391612705, 0.00292348489165, -0.00193494989071, -0.000175884226337, -0.00395068759099, 0.00825981143862, -0.0135375261307, 0.0329192765057, -0.0203281324357, 0.0114571135491, -0.000818982545752, -0.000977787422016], [0.000524386763573, 0.00262548588216, -0.00106458028313, 0.00141304987483, 0.00190348294564, 0.00133827677928, -0.00538984686136, 0.00861878972501, -0.0203281324357, 0.0323214754462, -0.0153711009771, 0.00194331351668, -0.000907941255718], [-0.000158741415362, -0.00221610884182, 0.00187771208584, -0.0027653737925, 0.00143249530811, -0.000924700929318, 0.00280182808638, -0.00606879172847, 0.0114571135491, -0.0153711009771, 0.0312802456319, -0.0141378222033, 0.00762221636251], [-0.000576600199565, 0.00149868533481, -0.00251284544356, 0.00323879974894, -0.000968101609033, -0.000241385030677, -0.00492074340582, 0.00439055962488, -0.000818982545752, 0.00194331351668, -0.0141378222033, 0.0332657061517, -0.0164755508304], [0.000422132114181, -0.000167515972862, 0.00107718596701, 0.00182709819637, 0.00139221886639, -4.88706064061e-05, 0.00300077861175, 0.000161356627359, -0.000977787422016, -0.000907941255718, 0.00762221636251, -0.0164755508304, 0.0256178155541]]
    },
    "spectral_contrast_coeffs": {
        "max": [-0.392296463251, -0.442115277052, -0.552030920982, -0.653916954994, -0.603220641613, -0.524568676949],
        "mean": [-0.725704729557, -0.74386125803, -0.762055873871, -0.815386712551, -0.798971831799, -0.733665764332],
        "min": [-0.899855732918, -0.930727124214, -0.919870734215, -0.922105550766, -0.887640595436, -0.852019309998],
        "stdev": [0.0885113924742, 0.0855196192861, 0.0647965744138, 0.0368401035666, 0.0446479618549, 0.0577141717076]
    },
    "spectral_contrast_valleys": {
        "max": [-5.30636167526, -4.85691595078, -5.34178447723, -5.14116191864, -5.99822092056, -11.0552110672],
        "mean": [-6.920981884, -6.81779146194, -7.75490236282, -8.11211395264, -8.46923828125, -12.2828197479],
        "min": [-10.9125366211, -10.22133255, -11.1203460693, -11.4782629013, -11.3078012466, -13.6877202988],
        "stdev": [0.520421922207, 0.655916690826, 0.937805652618, 1.24316799641, 1.01827263832, 0.258114874363]
    }
},
"rhythm": {
    "beats_count": 78,
    "beats_loudness": {
        "max": 0.10661624372,
        "mean": 0.0214981045574,
        "min": 0.000623134023044,
        "stdev": 0.0213924609125
    },
    "bpm": 154.877883911,
    "bpm_histogram_first_peak_bpm": 157,
    "bpm_histogram_first_peak_weight": 0.285714268684,
    "bpm_histogram_second_peak_bpm": 133,
    "bpm_histogram_second_peak_spread": 0.454545497894,
    "bpm_histogram_second_peak_weight": 0.155844151974,
    "danceability": 0.861353874207,
    "onset_rate": 1.59960925579,
    "beats_loudness_band_ratio": {
        "max": [0.881460368633, 0.624313354492, 0.734608352184, 0.408617347479, 0.602628469467, 0.0796122252941],
        "mean": [0.382862478495, 0.179910078645, 0.241842657328, 0.111516095698, 0.111023537815, 0.0134769873694],
        "min": [0.0162182711065, 0.0142067996785, 0.0139346346259, 0.00280267535709, 0.000819447333924, 0.000171606967342],
        "stdev": [0.285154342651, 0.140925213695, 0.190103545785, 0.113905094564, 0.199384987354, 0.0209767762572]
    },
