{
"metadata": {
    "version": {
        "essentia": "2.1-beta5",
        "essentia_git_sha": "Undefined",
        "extractor": "music 2.0"
    },
    "audio_properties": {
        "analysis": {
            "equal_loudness": 0,
            "length": 32.4963264465,
            "sample_rate": 44100,
            "start_time": 61.4980506897,
            "downmix": "mix"
        },
        "bit_rate": 192000,
        "length": 184.610244751,
        "lossless": 0,
        "number_channels": 2,
        "replay_gain": -10.0994853973,
        "sample_rate": 48000,
        "codec": "mp3",
        "md5_encoded": "a59e9f0d804a1019ae75d6dd5de702ff"
    },
    "tags": {
        "file_name": "Luxembourg_Dès Que Le Printemps Revient_Hugues Aufray.mp3",
        "encoding": ["Lavf58.29.100"]
    }
},
"lowlevel": {
    "average_loudness": 0.934513449669,
    "barkbands_crest": {
        "max": 24.6512393951,
        "mean": 9.33121776581,
        "min": 3.06657576561,
        "stdev": 3.91397643089
    },
    "barkbands_flatness_db": {
        "max": 0.339036345482,
        "mean": 0.196824073792,
        "min": 0.0765518695116,
        "stdev": 0.0307413265109
    },
    "barkbands_kurtosis": {
        "max": 54.8677062988,
        "mean": 4.04005813599,
        "min": -1.86019992828,
        "stdev": 5.70087194443
    },
    "barkbands_skewness": {
        "max": 6.37524414062,
        "mean": 1.56807410717,
        "min": -0.618709027767,
        "stdev": 0.925460159779
    },
    "barkbands_spread": {
        "max": 80.6803512573,
        "mean": 13.5472946167,
        "min": 1.68498146534,
        "stdev": 8.29323959351
    },
    "dissonance": {
        "max": 0.499999970198,
        "mean": 0.451905816793,
        "min": 0.304979473352,
        "stdev": 0.0286986120045
    },
    "dynamic_complexity": 2.31340456009,
    "erbbands_crest": {
        "max": 28.3419361115,
        "mean": 9.43303871155,
        "min": 3.06835436821,
        "stdev": 4.22859716415
    },
    "erbbands_flatness_db": {
        "max": 0.326095968485,
        "mean": 0.230209097266,
        "min": 0.117120705545,
        "stdev": 0.0281598847359
    },
    "erbbands_kurtosis": {
        "max": 28.3912677765,
        "mean": 0.535226941109,
        "min": -1.76590418816,
        "stdev": 2.23545765877
    },
    "erbbands_skewness": {
        "max": 4.76540613174,
        "mean": 0.704241275787,
        "min": -1.34597146511,
        "stdev": 0.730804264545
    },
    "erbbands_spread": {
        "max": 118.671257019,
        "mean": 29.3162021637,
        "min": 5.9360332489,
        "stdev": 12.2757902145
    },
    "hfc": {
        "max": 98.430229187,
        "mean": 16.4411754608,
        "min": 0.817485332489,
        "stdev": 12.4714860916
    },
    "loudness_ebu128": {
        "integrated": -14.5229578018,
        "loudness_range": 3.96702575684,
        "momentary": {
            "max": -10.331032753,
            "mean": -15.0385580063,
            "min": -21.0428600311,
            "stdev": 2.19685935974
        },
        "short_term": {
            "max": -12.709186554,
            "mean": -14.8125276566,
            "min": -18.2123699188,
            "stdev": 1.45481562614
        }
    },
    "melbands_crest": {
        "max": 31.9792671204,
        "mean": 11.5940351486,
        "min": 4.07097291946,
        "stdev": 4.56352615356
    },
    "melbands_flatness_db": {
        "max": 0.365085124969,
        "mean": 0.214499369264,
        "min": 0.0378344915807,
        "stdev": 0.042534712702
    },
    "melbands_kurtosis": {
        "max": 99.1876678467,
        "mean": 8.54072380066,
        "min": -0.931019306183,
        "stdev": 9.75530529022
    },
    "melbands_skewness": {
        "max": 7.98339366913,
        "mean": 2.06442379951,
        "min": -0.453829050064,
        "stdev": 1.03265082836
    },
    "melbands_spread": {
        "max": 101.800117493,
        "mean": 17.3360214233,
        "min": 2.27782869339,
        "stdev": 11.3911685944
    },
    "pitch_salience": {
        "max": 0.829107403755,
        "mean": 0.615091860294,
        "min": 0.261227667332,
        "stdev": 0.0841196551919
    },
    "silence_rate_20dB": {
        "max": 1,
        "mean": 1,
        "min": 1,
        "stdev": 0
    },
    "silence_rate_30dB": {
        "max": 1,
        "mean": 1,
        "min": 1,
        "stdev": 0
    },
    "silence_rate_60dB": {
        "max": 1,
        "mean": 0.00285510346293,
        "min": 0,
        "stdev": 0.0533564984798
    },
    "spectral_centroid": {
        "max": 3125.35131836,
        "mean": 1052.21704102,
        "min": 338.253387451,
        "stdev": 435.141113281
    },
    "spectral_complexity": {
        "max": 39,
        "mean": 17.7251968384,
        "min": 3,
        "stdev": 6.02180194855
    },
    "spectral_decrease": {
        "max": -4.29727003981e-10,
        "mean": -5.7032609746e-09,
        "min": -3.00805744757e-08,
        "stdev": 3.77801123719e-09
    },
    "spectral_energy": {
        "max": 0.119252003729,
        "mean": 0.0230166669935,
        "min": 0.00169603712857,
        "stdev": 0.0151698617265
    },
    "spectral_energyband_high": {
        "max": 0.00865040253848,
        "mean": 0.000279112078715,
        "min": 3.80650953957e-06,
        "stdev": 0.000661533500534
    },
    "spectral_energyband_low": {
        "max": 0.00990310497582,
        "mean": 0.001287646126,
        "min": 1.26441245811e-05,
        "stdev": 0.00126899103634
    },
    "spectral_energyband_middle_high": {
        "max": 0.0385917425156,
        "mean": 0.00497858831659,
        "min": 8.10349665699e-05,
        "stdev": 0.004459310323
    },
    "spectral_energyband_middle_low": {
        "max": 0.111160941422,
        "mean": 0.0170677993447,
        "min": 0.00117146316916,
        "stdev": 0.0129963392392
    },
    "spectral_entropy": {
        "max": 8.33579063416,
        "mean": 7.22272586823,
        "min": 6.21136474609,
        "stdev": 0.267028898001
    },
    "spectral_flux": {
        "max": 0.302170276642,
        "mean": 0.0688066482544,
        "min": 0.0184049811214,
        "stdev": 0.0281840004027
    },
    "spectral_kurtosis": {
        "max": 22.5315208435,
        "mean": 5.24471712112,
        "min": -1.10072135925,
        "stdev": 3.40370297432
    },
    "spectral_rms": {
        "max": 0.0107862604782,
        "mean": 0.00450611440465,
        "min": 0.00128633994609,
        "stdev": 0.00146636506543
    },
    "spectral_rolloff": {
        "max": 8548.68164062,
        "mean": 1171.6739502,
        "min": 236.865234375,
        "stdev": 983.219116211
    },
    "spectral_skewness": {
        "max": 3.29465436935,
        "mean": 1.47052013874,
        "min": 0.0265566706657,
        "stdev": 0.448741018772
    },
    "spectral_spread": {
        "max": 11944140,
        "mean": 3008764.5,
        "min": 1803596.25,
        "stdev": 844465.125
    },
    "spectral_strongpeak": {
        "max": 7.14402484894,
        "mean": 1.28557896614,
        "min": 0.0353907756507,
        "stdev": 1.07605838776
    },
    "zerocrossingrate": {
        "max": 0.2578125,
        "mean": 0.0437703542411,
        "min": 0.005859375,
        "stdev": 0.0231448635459
    },
    "barkbands": {
        "max": [7.70116894273e-05, 0.00431613670662, 0.00457972008735, 0.015113228932, 0.0429137870669, 0.0251499731094, 0.0787293314934, 0.0821506381035, 0.0582978390157, 0.0246285069734, 0.014556880109, 0.0128861581907, 0.0104182418436, 0.00745474826545, 0.00480564916506, 0.0036012546625, 0.00293906475417, 0.00442034332082, 0.00354594504461, 0.00739720556885, 0.00197305064648, 0.00172256783117, 0.00241571222432, 0.00500814896077, 0.000480696151499, 2.16746611841e-05, 2.281158595e-05],
        "mean": [3.12448446493e-06, 0.000415704445913, 0.000352297123754, 0.00117591186427, 0.00418766541407, 0.00240798434243, 0.00504180276766, 0.00197799457237, 0.00211236649193, 0.00104472762905, 0.000769911392126, 0.000671821879223, 0.000582013162784, 0.000504972238559, 0.000231946178246, 0.000284288194962, 0.000273825920885, 0.000254872895312, 0.000304552610032, 0.000230072677368, 5.6926819525e-05, 5.02973962284e-05, 3.99378441216e-05, 3.74829251086e-05, 4.13884436057e-06, 1.93423872474e-08, 2.04129442238e-08],
        "min": [3.47033735082e-09, 7.77659522555e-07, 7.98897872301e-07, 2.36681216848e-06, 7.56843583076e-05, 3.65137566405e-05, 2.54071928794e-05, 6.54621362628e-06, 7.68446716393e-06, 7.15003534424e-06, 4.15909380536e-06, 3.29544263877e-06, 3.49915399056e-06, 1.40724841913e-06, 2.64864524979e-07, 8.30891849546e-07, 4.84732754558e-06, 2.49745289693e-06, 2.43498652708e-06, 1.6689871245e-06, 4.14363455548e-07, 3.72453911268e-07, 2.31383793903e-07, 1.54290106025e-07, 1.18404223315e-07, 1.23950849584e-11, 1.56047466615e-11],
        "stdev": [5.11972757522e-06, 0.00062168482691, 0.000465841003461, 0.00139848748222, 0.00421074545011, 0.00256106792949, 0.00866311043501, 0.00501626823097, 0.00401329109445, 0.00179491960444, 0.00143054639921, 0.00104091083631, 0.00089565734379, 0.000910446105991, 0.000442635035142, 0.00042505946476, 0.000391811627196, 0.000339966063621, 0.000412641529692, 0.000457970279967, 0.000108474581793, 0.000122307086713, 0.000156831738423, 0.000290833704639, 3.07774062094e-05, 5.84610120313e-07, 6.15442445451e-07]
    },
    "erbbands": {
        "max": [0.121661834419, 1.28631448746, 5.88639354706, 20.2412910461, 85.6460800171, 205.172912598, 104.496055603, 253.278656006, 1155.984375, 1708.59020996, 1536.38146973, 943.241699219, 919.646057129, 515.355102539, 463.75668335, 374.061248779, 400.959442139, 399.21194458, 399.943603516, 154.037765503, 243.861404419, 201.727630615, 204.487564087, 232.495529175, 281.462982178, 267.199981689, 128.605651855, 52.4322395325, 64.8085021973, 71.9020309448, 61.8809928894, 105.972434998, 80.6826171875, 12.7405605316, 1.15140593052, 0.0871301069856, 0.0400306135416, 0.0141922608018, 0.00323826819658, 0.000337165780365],
        "mean": [0.00823883060366, 0.109021484852, 0.404579699039, 2.31869125366, 8.10042190552, 16.5610160828, 14.2591533661, 24.4109039307, 72.2917251587, 51.9419937134, 46.244846344, 43.3978118896, 35.7815666199, 30.1589717865, 34.7813491821, 25.3060112, 28.0706672668, 24.3661231995, 17.6886138916, 12.2787361145, 15.8590097427, 16.7227993011, 12.8196783066, 17.1242980957, 15.1725597382, 10.4687671661, 4.04692697525, 1.51211714745, 1.67354166508, 1.64807212353, 1.05884873867, 0.952961444855, 0.492785602808, 0.097199626267, 0.00931004155427, 0.000371575442841, 6.67163767503e-05, 1.92687202798e-05, 1.58786133397e-05, 2.74808753602e-05],
        "min": [4.6375207603e-05, 0.000513063278049, 0.00527541944757, 0.0326289571822, 0.13828741014, 0.119125694036, 0.334044456482, 0.41532471776, 0.80132907629, 0.260734796524, 0.616582810879, 0.267253875732, 0.320865869522, 0.422293037176, 0.329929828644, 0.118241511285, 0.155381679535, 0.0477711372077, 0.0601452887058, 0.0324488691986, 0.106558710337, 0.202203184366, 0.173050731421, 0.106910787523, 0.148796632886, 0.0698353871703, 0.0161444321275, 0.0170637983829, 0.012293741107, 0.00881325639784, 0.00681612361223, 0.0037446685601, 0.00255929678679, 0.00200190860778, 0.000370495748939, 1.30996895678e-05, 1.42800297454e-06, 2.36059705117e-07, 8.46491900575e-07, 1.92269931176e-06],
        "stdev": [0.0149232372642, 0.160253629088, 0.565261006355, 2.46101713181, 8.61305141449, 20.1021213531, 14.1401224136, 25.9643859863, 130.128448486, 91.0101699829, 97.6281738281, 88.6481170654, 62.8836975098, 42.0788116455, 51.2742767334, 35.1812934875, 41.4664802551, 44.3327827454, 30.5971851349, 17.8199157715, 26.0404567719, 23.5807151794, 15.9100675583, 23.2660427094, 22.0032501221, 21.2848911285, 7.94916582108, 2.79725170135, 4.20437145233, 4.7110877037, 4.31256246567, 6.3832526207, 4.25648546219, 0.761360764503, 0.0590919703245, 0.00297900964506, 0.00108912715223, 0.000383523671189, 8.77114362083e-05, 1.97648496396e-05]
    },
    "gfcc": {
        "mean": [-42.8740501404, 154.775970459, -169.806427002, 34.1897697449, -80.4427566528, -12.1297035217, -34.8770179749, -12.2723350525, -13.4671411514, -24.2266578674, 6.45457983017, -21.1446228027, -0.0868387818336],
        "cov": [[1628.51855469, -436.439147949, -326.098846436, 87.1548461914, -249.946807861, 14.3167629242, 86.9892425537, 1.44321703911, 62.442199707, -36.0262374878, 23.1365413666, -13.2832994461, -93.7593994141], [-436.439147949, 543.104553223, 71.7457580566, -101.949516296, 235.37689209, -73.496131897, 87.3929977417, 0.879520535469, 13.4677743912, -8.74826812744, 9.46703338623, 26.7066459656, 64.9671173096], [-326.098846436, 71.7457580566, 436.608215332, 147.706512451, -67.149017334, 34.0040016174, -12.2119541168, 22.2666053772, 10.5800428391, 11.4876480103, 15.000538826, 37.0993385315, 45.7226791382], [87.1548461914, -101.949516296, 147.706512451, 235.886520386, -35.2315330505, 48.3008155823, -6.41102313995, -1.65627372265, 21.0057220459, 19.8936290741, -3.3102581501, 3.34984755516, 12.9298057556], [-249.946807861, 235.37689209, -67.149017334, -35.2315330505, 313.347290039, 38.3506736755, 1.44894695282, 9.31683826447, -11.3623409271, 34.197479248, -30.0405521393, -1.10782980919, 39.5046195984], [14.3167629242, -73.496131897, 34.0040016174, 48.3008155823, 38.3506736755, 149.844345093, 7.3295583725, 16.1115226746, -5.45937108994, 3.82233142853, -20.1181221008, 10.6815462112, 17.1140365601], [86.9892425537, 87.3929977417, -12.2119541168, -6.41102313995, 1.44894695282, 7.3295583725, 128.129806519, 26.8779945374, 18.3985862732, -9.99633693695, 17.6432380676, 17.5142612457, 0.860136091709], [1.44321703911, 0.879520535469, 22.2666053772, -1.65627372265, 9.31683826447, 16.1115226746, 26.8779945374, 67.4598846436, 23.5245571136, 16.681350708, 10.1105966568, -0.668419063091, -0.524853110313], [62.442199707, 13.4677743912, 10.5800428391, 21.0057220459, -11.3623409271, -5.45937108994, 18.3985862732, 23.5245571136, 65.3827590942, 26.9067268372, 19.93475914, 9.86218357086, -2.36523747444], [-36.0262374878, -8.74826812744, 11.4876480103, 19.8936290741, 34.197479248, 3.82233142853, -9.99633693695, 16.681350708, 26.9067268372, 78.0294723511, 27.3871231079, -5.00246620178, 3.21021485329], [23.1365413666, 9.46703338623, 15.000538826, -3.3102581501, -30.0405521393, -20.1181221008, 17.6432380676, 10.1105966568, 19.93475914, 27.3871231079, 69.1801452637, 19.9769649506, -11.0490684509], [-13.2832994461, 26.7066459656, 37.0993385315, 3.34984755516, -1.10782980919, 10.6815462112, 17.5142612457, -0.668419063091, 9.86218357086, -5.00246620178, 19.9769649506, 78.2408981323, 38.2985191345], [-93.7593994141, 64.9671173096, 45.7226791382, 12.9298057556, 39.5046195984, 17.1140365601, 0.860136091709, -0.524853110313, -2.36523747444, 3.21021485329, -11.0490684509, 38.2985191345, 73.8271408081]],
        "icov": [[0.00129606155679, 0.000876181118656, 0.00109593861271, -0.000765022530686, 0.000311415322358, 0.000122540193843, -0.00114990561269, 0.000249331671512, -0.00133923848625, 0.00099842925556, -0.000419181829784, 2.72497709375e-05, -1.2870822502e-05], [0.000876181118656, 0.0141546111554, -0.00664677470922, 0.00644031632692, -0.0128078600392, 0.00816857255995, -0.0103645781055, 0.00802213232964, -0.00971062015742, 0.0100644100457, -0.00683942204341, 0.00715928152204, -0.00870324764401], [0.00109593861271, -0.00664677470922, 0.00843144953251, -0.00649982038885, 0.00808422360569, -0.00427756784484, 0.00497403088957, -0.00591349229217, 0.00455541862175, -0.00401648646221, 0.00226102233864, -0.0044576250948, 0.00269468082115], [-0.000765022530686, 0.00644031632692, -0.00649982038885, 0.0104154488072, -0.00619300082326, 0.00213064579293, -0.00461341254413, 0.00630075205117, -0.0061182375066, 0.00258231186308, -0.00184717983939, 0.00462908577174, -0.00450527621433], [0.000311415322358, -0.0128078600392, 0.00808422360569, -0.00619300082326, 0.0170259922743, -0.00847132410854, 0.00834587216377, -0.00789510831237, 0.00938846264035, -0.0121362619102, 0.00859703589231, -0.00682058604434, 0.00609740801156], [0.000122540193843, 0.00816857255995, -0.00427756784484, 0.00213064579293, -0.00847132410854, 0.0132839782164, -0.00633074250072, 0.00194249930792, -0.0031458530575, 0.00453992560506, -0.000741438590921, 0.0017695336137, -0.00454257149249], [-0.00114990561269, -0.0103645781055, 0.00497403088957, -0.00461341254413, 0.00834587216377, -0.00633074250072, 0.0177231393754, -0.00957707501948, 0.00526459654793, -0.00327737932093, 0.00159979204182, -0.00599337508902, 0.00577466096729], [0.000249331671512, 0.00802213232964, -0.00591349229217, 0.00630075205117, -0.00789510831237, 0.00194249930792, -0.00957707501948, 0.0252648238093, -0.0118208285421, 0.00332372426055, -0.00447346735746, 0.00711388932541, -0.00500148441643], [-0.00133923848625, -0.00971062015742, 0.00455541862175, -0.0061182375066, 0.00938846264035, -0.0031458530575, 0.00526459654793, -0.0118208285421, 0.0301397889853, -0.0147340521216, 0.00520657282323, -0.00949863251299, 0.00796784460545], [0.00099842925556, 0.0100644100457, -0.00401648646221, 0.00258231186308, -0.0121362619102, 0.00453992560506, -0.00327737932093, 0.00332372426055, -0.0147340521216, 0.0306949634105, -0.017387598753, 0.0119832232594, -0.0106752850115], [-0.000419181829784, -0.00683942204341, 0.00226102233864, -0.00184717983939, 0.00859703589231, -0.000741438590921, 0.00159979204182, -0.00447346735746, 0.00520657282323, -0.017387598753, 0.0304982271045, -0.0148914353922, 0.0131430123001], [2.72497709375e-05, 0.00715928152204, -0.0044576250948, 0.00462908577174, -0.00682058604434, 0.0017695336137, -0.00599337508902, 0.00711388932541, -0.00949863251299, 0.0119832232594, -0.0148914353922, 0.0282145068049, -0.0186462253332], [-1.2870822502e-05, -0.00870324764401, 0.00269468082115, -0.00450527621433, 0.00609740801156, -0.00454257149249, 0.00577466096729, -0.00500148441643, 0.00796784460545, -0.0106752850115, 0.0131430123001, -0.0186462253332, 0.0303545966744]]
    },
    "melbands": {
        "max": [0.00118059385568, 0.00257410947233, 0.00551195442677, 0.0111700538546, 0.00357638462447, 0.00539691606537, 0.0179215930402, 0.0153478970751, 0.0101338829845, 0.00807101652026, 0.0048119938001, 0.00222694245167, 0.00219851662405, 0.00170917017385, 0.00118102761917, 0.000562067958526, 0.000675182265695, 0.00076204794459, 0.000335366115905, 0.000209962759982, 0.000290504918667, 0.000250390789006, 0.00020273233531, 0.000228648015764, 0.000231358484598, 0.000111635461508, 0.000421535893111, 0.000190744191059, 0.000116282448289, 1.87637651834e-05, 4.11587279814e-05, 3.77299147658e-05, 3.01039035548e-05, 4.65807606815e-05, 3.21252882713e-05, 5.38184758625e-05, 8.47778355819e-05, 7.62677809689e-05, 1.85127537407e-05, 6.8750846367e-06],
        "mean": [9.66007064562e-05, 0.000203268136829, 0.000546828261577, 0.000937387987506, 0.000562404515222, 0.000575734477025, 0.00105320522562, 0.000531836529262, 0.000379178498406, 0.000262366811512, 0.000180482165888, 0.000127525621792, 0.000123870762764, 7.83392461017e-05, 7.52155465307e-05, 5.0993890909e-05, 4.22894045187e-05, 3.03042925225e-05, 1.63413824339e-05, 1.62794076459e-05, 1.74895485543e-05, 1.67751677509e-05, 1.32796658363e-05, 1.22400369946e-05, 1.40705360536e-05, 1.17731733553e-05, 9.92540481093e-06, 6.1744804043e-06, 3.18619481732e-06, 9.49992056576e-07, 7.97393795438e-07, 8.32452656141e-07, 1.1840248817e-06, 8.09525658951e-07, 5.83488713346e-07, 6.15968133388e-07, 5.80428036301e-07, 4.33204917272e-07, 1.2976605035e-07, 5.89059361289e-08],
        "min": [2.33902113678e-07, 1.18609113997e-06, 1.51923213707e-05, 1.7726668375e-05, 1.3593595213e-05, 9.62081139733e-06, 7.90873218648e-06, 1.98067664314e-06, 2.54244082498e-06, 1.1724689557e-06, 1.17436002256e-06, 1.19817923405e-06, 1.15476234441e-06, 3.79896619052e-07, 3.77076901259e-07, 2.06333112374e-07, 7.71147483647e-08, 1.13988889439e-07, 2.23529603716e-08, 2.7615241649e-08, 1.40300471685e-07, 1.45021786579e-07, 1.76361311333e-07, 7.70842234488e-08, 5.64159527983e-08, 9.24045195916e-08, 9.18163820529e-08, 1.95050873231e-08, 7.33070093517e-09, 8.67285088191e-09, 4.97936136767e-09, 6.07550187937e-09, 5.5062510107e-09, 3.99282162888e-09, 3.49221962459e-09, 2.89822477129e-09, 1.90048976556e-09, 1.59043400672e-09, 1.6579997375e-09, 1.6499865918e-09],
        "stdev": [0.000151560307131, 0.000252392695984, 0.000542044756003, 0.000995872193016, 0.000550059776288, 0.000601890147664, 0.00190615677275, 0.000987054547295, 0.000717685383279, 0.000540297129191, 0.00032243251917, 0.00018919185095, 0.000217535009142, 0.000128262705402, 0.000124778831378, 7.63265416026e-05, 7.782146713e-05, 5.81933636568e-05, 2.90808984573e-05, 2.29745492106e-05, 3.02738335449e-05, 2.67099676421e-05, 2.1650132112e-05, 1.56198475452e-05, 2.08031251532e-05, 1.57829235832e-05, 1.98597699637e-05, 1.4314922737e-05, 7.07556819179e-06, 1.53269604652e-06, 1.79951223345e-06, 2.26157430916e-06, 2.86724161924e-06, 2.69674592346e-06, 2.1701669084e-06, 3.39419989359e-06, 4.3706568249e-06, 3.92002903027e-06, 1.02945159597e-06, 4.49949624226e-07]
    },
    "melbands128": {
        "max": [5.15841820743e-05, 0.000803444359917, 0.0018932413077, 0.00279113138095, 0.00364635162987, 0.00199323706329, 0.00409537600353, 0.0100696291775, 0.0107572050765, 0.0174677446485, 0.0135537479073, 0.00544722843915, 0.00364535162225, 0.00929110497236, 0.00773587590083, 0.0114531880245, 0.0153706232086, 0.0342760682106, 0.0229475237429, 0.029348500073, 0.0205105859786, 0.0268056541681, 0.00618190132082, 0.014247495681, 0.0110441073775, 0.0173655021936, 0.0135446861386, 0.00428934488446, 0.00803110189736, 0.00386677775532, 0.00239784829319, 0.00251042377204, 0.00423670979217, 0.00180711341091, 0.00413195416331, 0.00281513109803, 0.00132097408641, 0.00235726218671, 0.0024484556634, 0.000979994307272, 0.000480853661429, 0.00209759129211, 0.000999417039566, 0.000516196538229, 0.00197754940018, 0.00172402278986, 0.000687875086442, 0.000653124123346, 0.000405211292673, 0.000585337984376, 0.000223159877351, 0.000368993467418, 0.000733222288545, 0.000192121151485, 7.2991286288e-05, 0.000552445766516, 0.000315260200296, 0.000588993658312, 0.000357137148967, 0.000148474355228, 0.000350271089701, 0.000431303196819, 0.000360147358151, 0.00048554255045, 0.000238972075749, 0.000170326806256, 0.000198784546228, 0.000345189910149, 0.000781710376032, 0.000550418568309, 0.000291271862807, 0.00033197918674, 8.94920085557e-05, 0.000183668205864, 3.28345122398e-05, 3.13038581226e-05, 2.23708393605e-05, 1.48391773109e-05, 5.98830956733e-05, 5.43964233657e-05, 2.62839548668e-05, 4.18413437728e-05, 4.17546834797e-05, 4.20216929342e-05, 4.23552010034e-05, 4.42425771325e-05, 5.89548253629e-05, 3.4137377952e-05, 3.27500893036e-05, 3.52709830622e-05, 6.27221743343e-05, 7.0978916483e-05, 5.26175208506e-05, 8.9181943622e-05, 0.000112589092168, 9.9304386822e-05, 8.94272525329e-05, 3.20480103255e-05, 1.71814444911e-05, 1.25567285068e-05, 1.36514681799e-05, 4.60929004475e-06, 3.92966740037e-06, 2.6953307497e-06, 2.84181425059e-07, 1.72597239612e-07, 1.64182665685e-07, 1.56578707333e-07, 1.49683472728e-07, 1.43247632423e-07, 1.3731893489e-07, 1.31849532181e-07, 1.26849400317e-07, 1.22114954593e-07, 1.17866932214e-07, 1.13873682039e-07, 1.10244165796e-07, 1.06870501781e-07, 1.03817662023e-07, 1.01053821311e-07, 9.85583383795e-08, 9.63520747632e-08, 9.44076816722e-08, 9.27550090069e-08, 9.13860205287e-08, 9.03169592448e-08, 8.95133354106e-08, 8.90224356453e-08],
        "mean": [2.41784914579e-06, 4.49098515674e-05, 0.000139324285556, 0.000189676618902, 0.00018774093769, 0.000173415406607, 0.000425658479799, 0.000628843612503, 0.000747505982872, 0.00111620069947, 0.0009635843453, 0.000654956500512, 0.000385102117434, 0.000545230403077, 0.000476133631309, 0.000483965966851, 0.00121618970297, 0.00133293087129, 0.000606093613897, 0.000592290482018, 0.000443536846433, 0.000485729950015, 0.000273071433185, 0.000437752343714, 0.000309168768581, 0.000151259708218, 0.000260314380284, 0.000112714209536, 0.000220064204768, 0.000158372684382, 6.68170032441e-05, 0.000108684995212, 0.000185333468835, 6.45444888505e-05, 0.000114485133963, 7.43786949897e-05, 3.14453791361e-05, 8.50365904626e-05, 0.000106307736132, 4.48465871159e-05, 1.86394445336e-05, 9.0459259809e-05, 4.43007847934e-05, 1.0836486581e-05, 4.75808010378e-05, 2.89889885607e-05, 2.28021744988e-05, 1.32213863253e-05, 1.23213894767e-05, 2.2403548428e-05, 1.09913735287e-05, 1.6017960661e-05, 3.04940385831e-05, 1.11089257189e-05, 5.84185863772e-06, 2.31965768762e-05, 1.80163769983e-05, 1.76954054041e-05, 1.01978448583e-05, 8.1420321294e-06, 1.08907670437e-05, 1.69447394001e-05, 1.48130893649e-05, 1.29647423819e-05, 1.35469117595e-05, 1.15631119115e-05, 1.12684965643e-05, 1.02103467725e-05, 1.02391595647e-05, 8.07888045529e-06, 6.11582390775e-06, 6.06742651144e-06, 3.52658844349e-06, 3.49479819306e-06, 1.26481324969e-06, 8.14856548459e-07, 8.71580652984e-07, 8.5295550889e-07, 7.70283520524e-07, 7.80245215992e-07, 7.07769402197e-07, 8.52943742302e-07, 1.12335408176e-06, 1.39200642479e-06, 1.07324592591e-06, 8.20787988687e-07, 7.77282991749e-07, 6.5575983399e-07, 5.36933157491e-07, 5.35501726517e-07, 6.45611521577e-07, 6.41807389457e-07, 5.72140550048e-07, 5.68835673675e-07, 6.12513758824e-07, 5.27342479018e-07, 4.59068900227e-07, 1.95166151684e-07, 1.08689945932e-07, 1.00638622769e-07, 9.58212140745e-08, 4.43469971856e-08, 2.6889519944e-08, 1.70710467984e-08, 2.39151254355e-09, 1.581016984e-10, 1.46126735712e-10, 1.39449687908e-10, 1.33403496583e-10, 1.27765700797e-10, 1.22545917858e-10, 1.1770955044e-10, 1.13278920966e-10, 1.0909691206e-10, 1.05317483901e-10, 1.017883694e-10, 9.85712692025e-11, 9.55933734947e-11, 9.28777124654e-11, 9.04240710087e-11, 8.81994616231e-11, 8.62391685841e-11, 8.45122444249e-11, 8.30453275591e-11, 8.18119877399e-11, 8.08053901569e-11, 8.00698812808e-11, 7.96287619176e-11],
        "min": [3.39972411334e-10, 6.15421846817e-09, 2.13119164982e-07, 1.75894797394e-07, 3.21705158512e-07, 2.57351672417e-07, 1.79796279554e-06, 1.59996557159e-06, 7.02325405655e-06, 5.85807083553e-06, 3.6487844568e-07, 1.1988697679e-06, 1.55863608597e-06, 2.97405290439e-06, 2.4304724775e-06, 1.87119485417e-06, 6.61527428747e-06, 1.5256819097e-06, 2.71914336736e-06, 6.13668021288e-07, 1.97154562898e-07, 3.94649845248e-07, 1.43446254697e-06, 5.62136619919e-07, 5.49113394754e-07, 1.94829112843e-07, 2.23694641477e-07, 1.0960368968e-07, 2.57777202251e-07, 3.15807881179e-07, 1.51262554482e-07, 5.31082150701e-07, 3.17752466117e-07, 3.82752205041e-07, 9.23959930788e-08, 1.54661776719e-07, 8.30891693226e-08, 1.23038148558e-07, 2.01003942379e-07, 6.79405616211e-08, 6.25949567734e-08, 1.06761611107e-07, 4.7575230866e-08, 4.927742836e-08, 5.43464793168e-08, 8.29462294405e-08, 1.74393708363e-08, 1.39310962766e-08, 1.45782648175e-08, 4.78668766846e-08, 2.28467538221e-08, 1.44644802802e-08, 5.10441999779e-08, 9.44761993082e-08, 5.04026402837e-08, 5.30988089054e-08, 6.50483045206e-08, 8.93841018978e-08, 1.10291807687e-07, 9.74542615495e-08, 9.66535793623e-08, 3.17528119353e-08, 3.72792001713e-08, 4.29929087886e-08, 4.10868885581e-08, 4.63754936675e-08, 5.81030370483e-08, 8.7314347752e-08, 5.13686977399e-08, 1.49618735179e-08, 1.15439435788e-08, 1.46528922329e-08, 1.13596350104e-08, 4.48518600038e-09, 4.95742202844e-09, 8.17002554498e-09, 5.37225863795e-09, 4.79648276652e-09, 2.92556201487e-09, 6.16961948197e-09, 3.80252496157e-09, 6.74497258046e-09, 5.43239409012e-09, 3.49071149763e-09, 3.77810183139e-09, 2.75679146178e-09, 2.44703879382e-09, 2.65615884842e-09, 2.17754436704e-09, 2.17191753471e-09, 2.26479923704e-09, 2.26984764318e-09, 1.5097669781e-09, 1.3904739582e-09, 1.54591184298e-09, 1.23553001163e-09, 1.41052536318e-09, 1.10817177656e-09, 8.59979421008e-10, 1.27815280582e-09, 1.39297440249e-09, 8.65701066388e-10, 9.69594515787e-10, 8.10453204547e-10, 4.63983920729e-11, 1.38602047591e-13, 5.23934330166e-14, 6.04075098862e-14, 5.21177000753e-14, 5.01055258753e-14, 5.97262311223e-14, 5.63532544468e-14, 5.8074720163e-14, 4.16475461431e-14, 5.26742413793e-14, 5.29121221122e-14, 5.70865918556e-14, 4.56731820333e-14, 5.09258535678e-14, 4.99137982736e-14, 4.7679410062e-14, 4.90967570689e-14, 5.78104933173e-14, 4.82018599839e-14, 3.57730846627e-14, 1.77032274609e-14, 2.11112120081e-15, 7.18358716399e-17],
        "stdev": [4.09635867982e-06, 9.66826701188e-05, 0.000252120138612, 0.000308067072183, 0.000345781503711, 0.00020464368572, 0.000489214609843, 0.000796094478574, 0.000950873771217, 0.00145225110464, 0.00143632525578, 0.000794807157945, 0.000480804330437, 0.00076127354987, 0.000709492014721, 0.000741206225939, 0.00209544459358, 0.00331502291374, 0.0015745429555, 0.00140996777918, 0.00128515227698, 0.0017309441464, 0.000533297657967, 0.00107102119364, 0.00087561365217, 0.000690848508384, 0.00073461595457, 0.000274936464848, 0.000514850777108, 0.000318168604281, 0.000164139084518, 0.000257726205746, 0.000411673332565, 0.000148203718709, 0.000241138724959, 0.000167257239809, 8.98806465557e-05, 0.000209556237678, 0.000209112433367, 8.51070362842e-05, 4.60098017356e-05, 0.000216525266296, 0.000100830817246, 3.25204528053e-05, 0.000140197749715, 6.81740784785e-05, 6.8057262979e-05, 4.123346298e-05, 2.79649575532e-05, 5.20634785062e-05, 2.19541907427e-05, 3.81569880119e-05, 7.22952681826e-05, 1.6268919353e-05, 7.61914907343e-06, 5.03868759552e-05, 3.11962357955e-05, 5.12277256348e-05, 2.56379917118e-05, 1.27059929582e-05, 1.72999261849e-05, 2.93308039545e-05, 2.88236442429e-05, 3.14514800266e-05, 2.38732845901e-05, 1.77202000486e-05, 2.13139319385e-05, 2.15055297303e-05, 2.79725736618e-05, 2.14514075196e-05, 1.56215774041e-05, 1.96695618797e-05, 7.19591844245e-06, 9.47694843489e-06, 2.29100010074e-06, 1.71920908087e-06, 1.77011020241e-06, 1.58250304594e-06, 2.21244340537e-06, 2.26599922826e-06, 2.19581852434e-06, 2.6476388939e-06, 2.82842211163e-06, 3.44314139511e-06, 2.91391256724e-06, 2.77627145806e-06, 3.10357859235e-06, 2.36365963246e-06, 1.92853508452e-06, 2.23560618906e-06, 3.57001795237e-06, 3.9300221033e-06, 3.50608047484e-06, 4.26494761996e-06, 5.5005084505e-06, 4.81992265122e-06, 4.4975658966e-06, 1.63727224844e-06, 8.56220196965e-07, 8.11399218037e-07, 8.32502735193e-07, 3.04813141838e-07, 1.70309121472e-07, 1.00712668427e-07, 1.24825501047e-08, 4.65281457807e-09, 4.42685665902e-09, 4.22226742458e-09, 4.03663458215e-09, 3.86345133663e-09, 3.70378083758e-09, 3.55636520233e-09, 3.42161721179e-09, 3.29406968369e-09, 3.17952553175e-09, 3.07190783921e-09, 2.97407298788e-09, 2.88321611031e-09, 2.8008675379e-09, 2.72637801224e-09, 2.65907251773e-09, 2.59961296933e-09, 2.5471373899e-09, 2.50263099133e-09, 2.46575537766e-09, 2.43688824675e-09, 2.41520781152e-09, 2.40192576939e-09]
    },
    "mfcc": {
        "mean": [-657.73840332, 158.37298584, -26.2834835052, 26.1967601776, -18.9089660645, -10.3828735352, -11.3308258057, -0.141731292009, -18.7252197266, -1.96377778053, -6.85672616959, -4.60907506943, -2.12985777855],
        "cov": [[1974.30053711, -605.813476562, -194.082992554, -68.4632110596, -270.3309021, 2.8021094799, -79.0076141357, 95.3259506226, -125.384941101, 140.472595215, 45.9165725708, -10.7042703629, -92.0054550171], [-605.813476562, 707.202026367, -179.597290039, 25.8828830719, 83.2219924927, -20.7881946564, 74.4369277954, 2.62903881073, 83.1841659546, -77.412727356, 12.8885250092, -0.413075864315, 51.5998382568], [-194.082992554, -179.597290039, 537.981262207, 94.1700134277, -43.4464073181, 3.59494304657, -34.937953949, 32.1154975891, -14.2801523209, 24.5712871552, -60.0286331177, 16.78383255, 50.3707313538], [-68.4632110596, 25.8828830719, 94.1700134277, 175.074401855, 23.6285667419, 19.0409145355, -4.52017688751, -10.4587755203, 13.4526453018, 16.0750083923, -11.9160995483, 9.88821125031, 31.9040260315], [-270.3309021, 83.2219924927, -43.4464073181, 23.6285667419, 213.025283813, 56.9640083313, 25.9753990173, -44.7213439941, 63.3718528748, -28.7496795654, 7.53732538223, 4.61550998688, -12.6586608887], [2.8021094799, -20.7881946564, 3.59494304657, 19.0409145355, 56.9640083313, 111.237709045, 29.971704483, 11.6933956146, 35.135974884, -9.83951282501, -1.05507302284, -7.67299795151, -14.9046287537], [-79.0076141357, 74.4369277954, -34.937953949, -4.52017688751, 25.9753990173, 29.971704483, 89.6779327393, 20.0021057129, 28.1387634277, -0.795406937599, 11.0774898529, 5.08612108231, -3.76922297478], [95.3259506226, 2.62903881073, 32.1154975891, -10.4587755203, -44.7213439941, 11.6933956146, 20.0021057129, 100.569221497, 11.0056209564, 0.568613946438, 0.344443827868, -9.57830047607, 4.82281398773], [-125.384941101, 83.1841659546, -14.2801523209, 13.4526453018, 63.3718528748, 35.135974884, 28.1387634277, 11.0056209564, 107.006011963, -21.380865097, -6.78432750702, -3.62418556213, 0.952301442623], [140.472595215, -77.412727356, 24.5712871552, 16.0750083923, -28.7496795654, -9.83951282501, -0.795406937599, 0.568613946438, -21.380865097, 110.086997986, 25.3659439087, 6.1605091095, -1.04910826683], [45.9165725708, 12.8885250092, -60.0286331177, -11.9160995483, 7.53732538223, -1.05507302284, 11.0774898529, 0.344443827868, -6.78432750702, 25.3659439087, 77.4799423218, 22.7361946106, -8.00688934326], [-10.7042703629, -0.413075864315, 16.78383255, 9.88821125031, 4.61550998688, -7.67299795151, 5.08612108231, -9.57830047607, -3.62418556213, 6.1605091095, 22.7361946106, 70.4462738037, 26.9694957733], [-92.0054550171, 51.5998382568, 50.3707313538, 31.9040260315, -12.6586608887, -14.9046287537, -3.76922297478, 4.82281398773, 0.952301442623, -1.04910826683, -8.00688934326, 26.9694957733, 76.8335571289]],
        "icov": [[0.00123171578161, 0.000947722175624, 0.00106878136285, -0.000406008533901, 0.00113173865248, -0.00054704840295, 0.000825925322715, -0.00128172012046, 0.000148681545397, -0.000796346983407, 0.000185194250662, -0.000637614110019, 0.000738082861062], [0.000947722175624, 0.0031028278172, 0.00155828031711, -0.000991773791611, 0.000340285390848, 0.00113519467413, -0.00113294867333, -0.0011026354041, -0.000963563274126, 0.000853772682603, -0.000571799173485, 0.000604427943472, -0.00151693366934], [0.00106878136285, 0.00155828031711, 0.00372514501214, -0.0015827830648, 0.000890644907486, -0.000402130448492, 0.00112998171244, -0.00231377594173, 0.000170049708686, -0.00105662120041, 0.00221277517267, -0.0013819381129, -0.000583058048505], [-0.000406008533901, -0.000991773791611, -0.0015827830648, 0.00760408723727, -0.000852727214806, -0.00164834246971, 0.000611887488049, 0.00158983061556, -0.000396827701479, -0.00152864539996, 0.00045603007311, 0.000219681067392, -0.0025155316107], [0.00113173865248, 0.000340285390848, 0.000890644907486, -0.000852727214806, 0.00909956078976, -0.0036516264081, 0.000214201048948, 0.00315168593079, -0.00331562804058, 0.00043880767771, -0.00108867953531, -0.00104663218372, 0.00180140032899], [-0.00054704840295, 0.00113519467413, -0.000402130448492, -0.00164834246971, -0.0036516264081, 0.0137126483023, -0.0041581671685, -0.00162010244094, -0.00209371256642, 0.00167969311588, -0.000382623751648, 0.00157079973724, 0.00094442354748], [0.000825925322715, -0.00113294867333, 0.00112998171244, 0.000611887488049, 0.000214201048948, -0.0041581671685, 0.0161215383559, -0.00391996186227, -0.00128167530056, -0.00245455908589, 0.000120378310385, -0.00309494137764, 0.0021018772386], [-0.00128172012046, -0.0011026354041, -0.00231377594173, 0.00158983061556, 0.00315168593079, -0.00162010244094, -0.00391996186227, 0.0152023313567, -0.00273090531118, 0.00153123622295, -0.00244371220469, 0.0034903830383, -0.00230423151515], [0.000148681545397, -0.000963563274126, 0.000170049708686, -0.000396827701479, -0.00331562804058, -0.00209371256642, -0.00128167530056, -0.00273090531118, 0.0137920463458, 0.000383925769711, 0.00178850907832, -0.000207797143958, 0.000128193685669], [-0.000796346983407, 0.000853772682603, -0.00105662120041, -0.00152864539996, 0.00043880767771, 0.00167969311588, -0.00245455908589, 0.00153123622295, 0.000383925769711, 0.0125398095697, -0.0051263733767, 0.00186599057633, -0.00104066415224], [0.000185194250662, -0.000571799173485, 0.00221277517267, 0.00045603007311, -0.00108867953531, -0.000382623751648, 0.000120378310385, -0.00244371220469, 0.00178850907832, -0.0051263733767, 0.0193045549095, -0.00793732050806, 0.00357713713311], [-0.000637614110019, 0.000604427943472, -0.0013819381129, 0.000219681067392, -0.00104663218372, 0.00157079973724, -0.00309494137764, 0.0034903830383, -0.000207797143958, 0.00186599057633, -0.00793732050806, 0.0210934635252, -0.00879648700356], [0.000738082861062, -0.00151693366934, -0.000583058048505, -0.0025155316107, 0.00180140032899, 0.00094442354748, 0.0021018772386, -0.00230423151515, 0.000128193685669, -0.00104066415224, 0.00357713713311, -0.00879648700356, 0.0205168873072]]
    },
    "spectral_contrast_coeffs": {
        "max": [-0.453058540821, -0.408362090588, -0.527418255806, -0.621342182159, -0.655482053757, -0.601119875908],
        "mean": [-0.644704639912, -0.719959914684, -0.721639871597, -0.7673189044, -0.765155076981, -0.742294728756],
        "min": [-0.895568370819, -0.910776793957, -0.914816856384, -0.884935617447, -0.859864652157, -0.879844784737],
        "stdev": [0.0627807974815, 0.0676635876298, 0.0592234544456, 0.0509193204343, 0.0404345393181, 0.0357444062829]
    },
    "spectral_contrast_valleys": {
        "max": [-5.55977344513, -4.55394649506, -5.90920543671, -6.7177696228, -6.30929756165, -7.91461896896],
        "mean": [-6.96817064285, -6.21991109848, -7.3831372261, -7.8030257225, -7.69981908798, -11.2628860474],
        "min": [-9.11690330505, -8.14650821686, -9.05645561218, -9.85844516754, -9.68581485748, -12.3391656876],
        "stdev": [0.523295342922, 0.470928937197, 0.471255660057, 0.43991163373, 0.507763445377, 0.593836665154]
    }
},
"rhythm": {
    "beats_count": 65,
    "beats_loudness": {
        "max": 0.0868403986096,
        "mean": 0.0296995490789,
        "min": 0.00391454668716,
        "stdev": 0.0168654508889
    },
    "bpm": 122.533927917,
    "bpm_histogram_first_peak_bpm": 123,
    "bpm_histogram_first_peak_weight": 0.350000023842,
    "bpm_histogram_second_peak_bpm": 117,
    "bpm_histogram_second_peak_spread": 0.25,
    "bpm_histogram_second_peak_weight": 0.046875,
    "danceability": 1.0446844101,
    "onset_rate": 2.24560523033,
    "beats_loudness_band_ratio": {
        "max": [0.546330630779, 0.821851193905, 0.905906915665, 0.449070543051, 0.288438856602, 0.110961683095],
        "mean": [0.17053027451, 0.318690299988, 0.366126477718, 0.139903739095, 0.0587979741395, 0.0267565269023],
        "min": [0.0186589360237, 0.0348958484828, 0.033983156085, 0.0176709387451, 0.00367746618576, 0.00477628363296],
        "stdev": [0.119565591216, 0.18125718832, 0.207147732377, 0.0979020819068, 0.0527296103537, 0.0219776593149]
    },
    "beats_position": [0.510838985443, 1.03328800201, 1.54412698746, 2.0549659729, 2.56580495834, 3.06503391266, 3.56426286697, 4.05188179016, 4.52789115906, 5.02712011337, 5.51473903656, 6.01396799088, 6.51319694519, 7.01242637634, 7.50004529953, 7.99927425385, 8.48689365387, 8.97451210022, 9.46213150024, 9.94974994659, 10.4489793777, 10.9365987778, 11.4242172241, 11.9118366241, 12.3994560242, 12.8870744705, 13.3746938705, 13.8623123169, 14.3499317169, 14.8375511169, 15.3251695633, 15.8243989944, 16.3236274719, 16.8228569031, 17.3220863342, 17.8213157654, 18.2973232269, 18.784942627, 19.272562027, 19.760181427, 20.247800827, 20.7354183197, 21.2230377197, 21.7106571198, 22.1982765198, 22.6975059509, 23.1851234436, 23.6727428436, 24.1603622437, 24.6479816437, 25.1239910126, 25.6116104126, 26.0992279053, 26.5984573364, 27.0976867676, 27.5853061676, 28.0729255676, 28.5605430603, 29.0481624603, 29.5357818604, 30.0234012604, 30.4994106293, 30.9754180908, 31.4630374908, 31.9506568909],
