{
"metadata": {
    "version": {
        "essentia": "2.1-beta5",
        "essentia_git_sha": "Undefined",
        "extractor": "music 2.0"
    },
    "audio_properties": {
        "analysis": {
            "equal_loudness": 0,
            "length": 41.8423576355,
            "sample_rate": 44100,
            "start_time": 142.744674683,
            "downmix": "mix"
        },
        "bit_rate": 192000,
        "length": 184.610244751,
        "lossless": 0,
        "number_channels": 2,
        "replay_gain": -12.6583366394,
        "sample_rate": 48000,
        "codec": "mp3",
        "md5_encoded": "a59e9f0d804a1019ae75d6dd5de702ff"
    },
    "tags": {
        "file_name": "Luxembourg_Dès Que Le Printemps Revient_Hugues Aufray.mp3",
        "encoding": ["Lavf58.29.100"]
    }
},
"lowlevel": {
    "average_loudness": 0.93191164732,
    "barkbands_crest": {
        "max": 26.9072761536,
        "mean": 7.8548784256,
        "min": 2.7542719841,
        "stdev": 3.42999267578
    },
    "barkbands_flatness_db": {
        "max": 0.597214758396,
        "mean": 0.177018865943,
        "min": 0.0760570690036,
        "stdev": 0.0311234612018
    },
    "barkbands_kurtosis": {
        "max": 4311.0390625,
        "mean": 5.07123231888,
        "min": -1.81188297272,
        "stdev": 108.920898438
    },
    "barkbands_skewness": {
        "max": 64.3273696899,
        "mean": 1.09847176075,
        "min": -0.897480368614,
        "stdev": 1.96849381924
    },
    "barkbands_spread": {
        "max": 78.7985839844,
        "mean": 16.7657985687,
        "min": 0.127923116088,
        "stdev": 7.87882852554
    },
    "dissonance": {
        "max": 0.499999850988,
        "mean": 0.466760069132,
        "min": 0.369596093893,
        "stdev": 0.0225040819496
    },
    "dynamic_complexity": 2.09064388275,
    "erbbands_crest": {
        "max": 26.4945411682,
        "mean": 7.96955442429,
        "min": 1.76951098442,
        "stdev": 3.44056105614
    },
    "erbbands_flatness_db": {
        "max": 0.322474807501,
        "mean": 0.223375618458,
        "min": 0.0282553005964,
        "stdev": 0.0274319313467
    },
    "erbbands_kurtosis": {
        "max": 8.06822872162,
        "mean": -0.0606472790241,
        "min": -1.74080097675,
        "stdev": 1.02862417698
    },
    "erbbands_skewness": {
        "max": 2.75319218636,
        "mean": 0.378040403128,
        "min": -1.8617246151,
        "stdev": 0.530294775963
    },
    "erbbands_spread": {
        "max": 144.085754395,
        "mean": 29.4117946625,
        "min": 6.83249187469,
        "stdev": 11.3600301743
    },
    "hfc": {
        "max": 85.8257369995,
        "mean": 20.8697605133,
        "min": 3.76872009156e-07,
        "stdev": 12.8701734543
    },
    "loudness_ebu128": {
        "integrated": -11.5662164688,
        "loudness_range": 3.03705406189,
        "momentary": {
            "max": -8.54218101501,
            "mean": -11.9391517639,
            "min": -23.5553722382,
            "stdev": 1.93194234371
        },
        "short_term": {
            "max": -9.17023468018,
            "mean": -11.6900091171,
            "min": -14.0389556885,
            "stdev": 1.00129783154
        }
    },
    "melbands_crest": {
        "max": 39.9871482849,
        "mean": 9.61301898956,
        "min": 3.17164111137,
        "stdev": 3.91173863411
    },
    "melbands_flatness_db": {
        "max": 0.580946981907,
        "mean": 0.176423236728,
        "min": 0.0487789139152,
        "stdev": 0.0475077107549
    },
    "melbands_kurtosis": {
        "max": 7150.12548828,
        "mean": 10.4682207108,
        "min": -1.1475301981,
        "stdev": 180.581359863
    },
    "melbands_skewness": {
        "max": 81.6817626953,
        "mean": 1.65592694283,
        "min": -0.644905984402,
        "stdev": 2.45442414284
    },
    "melbands_spread": {
        "max": 162.534713745,
        "mean": 23.5822505951,
        "min": 0.120254792273,
        "stdev": 12.1386232376
    },
    "pitch_salience": {
        "max": 0.882782101631,
        "mean": 0.6383664608,
        "min": 0.00271446863189,
        "stdev": 0.102188721299
    },
    "silence_rate_20dB": {
        "max": 1,
        "mean": 1,
        "min": 1,
        "stdev": 0
    },
    "silence_rate_30dB": {
        "max": 1,
        "mean": 1,
        "min": 1,
        "stdev": 0
    },
    "silence_rate_60dB": {
        "max": 1,
        "mean": 0.0155296726152,
        "min": 0,
        "stdev": 0.123646318913
    },
    "spectral_centroid": {
        "max": 3968.36230469,
        "mean": 1438.73474121,
        "min": 440.138061523,
        "stdev": 518.539855957
    },
    "spectral_complexity": {
        "max": 52,
        "mean": 23.6655578613,
        "min": 0,
        "stdev": 8.11349391937
    },
    "spectral_decrease": {
        "max": -9.6831017173e-16,
        "mean": -5.57729906703e-09,
        "min": -2.72144689006e-08,
        "stdev": 3.41767192324e-09
    },
    "spectral_energy": {
        "max": 0.110498517752,
        "mean": 0.0229429546744,
        "min": 3.68881902801e-09,
        "stdev": 0.0138173084706
    },
    "spectral_energyband_high": {
        "max": 0.00634206086397,
        "mean": 0.000377331714844,
        "min": 2.18505526173e-11,
        "stdev": 0.000549252028577
    },
    "spectral_energyband_low": {
        "max": 0.0198685694486,
        "mean": 0.00147059501614,
        "min": 1.72881520211e-09,
        "stdev": 0.00228068255819
    },
    "spectral_energyband_middle_high": {
        "max": 0.0304771102965,
        "mean": 0.00744843669236,
        "min": 8.88730495446e-12,
        "stdev": 0.00557212764397
    },
    "spectral_energyband_middle_low": {
        "max": 0.0941146016121,
        "mean": 0.0142728770152,
        "min": 9.05982754096e-13,
        "stdev": 0.0111867664382
    },
    "spectral_entropy": {
        "max": 8.78015232086,
        "mean": 7.45213508606,
        "min": 6.64340877533,
        "stdev": 0.265708476305
    },
    "spectral_flux": {
        "max": 0.226413831115,
        "mean": 0.0796716958284,
        "min": 0.000100591911178,
        "stdev": 0.0285299252719
    },
    "spectral_kurtosis": {
        "max": 18.3905315399,
        "mean": 4.09195184708,
        "min": -0.999582529068,
        "stdev": 2.39746618271
    },
    "spectral_rms": {
        "max": 0.0103828432038,
        "mean": 0.0045168614015,
        "min": 1.89706292986e-06,
        "stdev": 0.00140759372152
    },
    "spectral_rolloff": {
        "max": 8828.61328125,
        "mean": 1593.39709473,
        "min": 21.533203125,
        "stdev": 964.01171875
    },
    "spectral_skewness": {
        "max": 3.44731140137,
        "mean": 1.28333294392,
        "min": 0.145837798715,
        "stdev": 0.342278450727
    },
    "spectral_spread": {
        "max": 10139122,
        "mean": 3005013.75,
        "min": 1973829.875,
        "stdev": 732579.5625
    },
    "spectral_strongpeak": {
        "max": 7.20716428757,
        "mean": 1.25045216084,
        "min": 0,
        "stdev": 1.11214411259
    },
    "zerocrossingrate": {
        "max": 0.26123046875,
        "mean": 0.0572876036167,
        "min": 0,
        "stdev": 0.0236019566655
    },
    "barkbands": {
        "max": [0.000316292920616, 0.00734639819711, 0.00990445539355, 0.0221295617521, 0.0277221482247, 0.0177793614566, 0.0503819286823, 0.0874028727412, 0.0214398503304, 0.0243312139064, 0.0247735790908, 0.0136838778853, 0.0107103073969, 0.0120123522356, 0.00686011975631, 0.0056204367429, 0.00384676386602, 0.00570387905464, 0.00787606276572, 0.00309466687031, 0.00287432502955, 0.00158338865731, 0.0025290758349, 0.00347367837094, 0.000211837992538, 3.77318883693e-07, 3.89520494082e-07],
        "mean": [2.16358944272e-06, 0.000356636970537, 0.000581994827371, 0.00135957496241, 0.00375831802376, 0.00146752467845, 0.0029219747521, 0.00247502792627, 0.00206908793189, 0.000943467079196, 0.00119537627324, 0.000778083514888, 0.00111451069824, 0.000892868614756, 0.000508083146997, 0.000422175973654, 0.000393886381062, 0.000582701526582, 0.000542343012057, 0.000302172964439, 0.00011259574967, 6.47297565592e-05, 5.61739689147e-05, 3.76589159714e-05, 3.86388683182e-06, 9.10696851264e-10, 9.32228183537e-10],
        "min": [3.05193603722e-09, 9.49719955456e-11, 3.33881956371e-14, 2.19110889372e-14, 4.57995254677e-14, 4.69791645364e-14, 1.0087503749e-13, 1.28684606374e-13, 1.46964959733e-13, 1.61266643485e-13, 4.28344805372e-13, 2.89740372536e-13, 5.60189373187e-13, 4.33577002426e-13, 4.39160806245e-13, 4.28455177153e-13, 6.47047844991e-13, 9.20312328949e-13, 1.21075979104e-12, 8.76583202726e-13, 1.48041713437e-12, 1.47977658772e-12, 1.23591078777e-12, 1.91679398048e-12, 4.191612335e-12, 3.65957698173e-12, 6.02227078969e-12],
        "stdev": [8.01616897661e-06, 0.000543911592104, 0.00101327896118, 0.0019122005906, 0.00344938319176, 0.00188765057828, 0.00494320923463, 0.00586664164439, 0.00271434057504, 0.00180360162631, 0.00185673695523, 0.00107000023127, 0.00148222967982, 0.00118280679453, 0.000719510775525, 0.000589354371186, 0.00046549749095, 0.000624923210125, 0.000664855586365, 0.000330648559611, 0.000183405267308, 9.56393414526e-05, 0.000159248680575, 0.000198065754375, 1.15291659313e-05, 8.94898821713e-09, 9.22126197622e-09]
    },
    "erbbands": {
        "max": [0.0712505206466, 2.23831892014, 10.1638011932, 41.8284301758, 66.5378417969, 152.036560059, 88.5626525879, 215.645507812, 709.046386719, 870.033203125, 2391.04443359, 509.075164795, 521.910705566, 699.319091797, 528.252502441, 470.999969482, 476.570617676, 769.207946777, 644.00390625, 374.395050049, 239.226531982, 262.721435547, 244.543273926, 282.195343018, 436.505157471, 118.821258545, 189.257507324, 100.286582947, 40.5139274597, 107.362457275, 73.8403091431, 77.443069458, 73.9018630981, 7.0600233078, 0.578075349331, 0.0192824825644, 0.00169903086498, 0.000289163115667, 7.74487489252e-05, 0.000129670399474],
        "mean": [0.00393501343206, 0.106465257704, 0.606837451458, 2.70591545105, 9.31581306458, 12.6310825348, 9.70703887939, 14.8932952881, 34.0373268127, 45.3852424622, 61.2198753357, 42.0933151245, 41.4221801758, 43.7310218811, 32.1371612549, 31.1725330353, 46.5243721008, 52.5069122314, 27.5437812805, 27.4192886353, 25.1338596344, 23.3582401276, 30.2916946411, 28.6365737915, 26.8348369598, 13.1085586548, 7.2338681221, 2.58674049377, 2.32633161545, 2.14344573021, 1.44677495956, 1.06555879116, 0.449734181166, 0.0852146297693, 0.0112896645442, 0.000347543536918, 3.606169048e-05, 8.56087990542e-06, 1.39641842907e-05, 2.79149662674e-05],
        "min": [3.77172959531e-08, 5.41030464873e-09, 6.93669233165e-10, 3.03592845308e-10, 2.20370943715e-10, 2.03865826998e-10, 4.12053058341e-10, 4.12978345965e-10, 1.16324883059e-09, 2.70293121218e-09, 2.80062151248e-09, 3.33580896239e-09, 3.94316446162e-09, 8.79439365775e-09, 1.61245505836e-08, 1.4516932545e-08, 2.28294787519e-08, 2.61736339269e-08, 2.25167493539e-08, 2.33856045639e-08, 2.50547191882e-08, 3.67561767689e-08, 4.8901895866e-08, 5.48281420265e-08, 5.26830454817e-08, 5.21441236856e-08, 4.00325710359e-08, 5.86351234233e-08, 5.19279979017e-08, 4.19277697006e-08, 3.49907729458e-08, 3.72858757203e-08, 3.95508230611e-08, 4.47317241026e-08, 3.02746165914e-08, 1.57387098909e-08, 6.42962394437e-09, 2.85104961861e-09, 8.17020784361e-10, 1.03073431734e-10],
        "stdev": [0.00694075366482, 0.161501377821, 0.954752981663, 4.28158998489, 9.76904201508, 14.4320240021, 10.8542613983, 20.4730567932, 52.5720710754, 78.982673645, 143.642456055, 57.6565856934, 50.5050964355, 57.9177017212, 41.0170783997, 40.2301254272, 58.1767921448, 66.8626022339, 36.9877319336, 35.6897583008, 32.8665390015, 26.2618808746, 30.4869041443, 29.0939121246, 35.5073318481, 14.215294838, 11.188709259, 4.08370065689, 3.20453882217, 4.65066337585, 4.43715524673, 4.74450922012, 2.85127282143, 0.31830701232, 0.0304308570921, 0.000973437796347, 8.51398945088e-05, 1.6482121282e-05, 8.64870162331e-06, 1.63623390108e-05]
    },
    "gfcc": {
        "mean": [-27.1697158813, 135.737854004, -183.695495605, 35.6146240234, -81.0378952026, -3.64599680901, -35.5961952209, -9.32742404938, -14.4976034164, -25.0446147919, 4.62007808685, -25.7757072449, -3.23825669289],
        "cov": [[3755.28466797, 42.51014328, -373.952545166, 208.571426392, -254.103607178, 23.3057174683, -47.5005264282, -44.5519866943, -38.8447570801, -118.584716797, -1.36022090912, -137.682800293, -83.2782821655], [42.51014328, 1062.56982422, 480.686004639, 44.8990745544, 123.787734985, -263.406677246, 109.514289856, -30.8439655304, -10.1900339127, -113.533096313, 48.5537109375, -100.693077087, -87.525177002], [-373.952545166, 480.686004639, 632.450683594, 167.481216431, 8.55446243286, -88.7576293945, 22.0508155823, 1.84420454502, -24.450176239, -44.3319778442, 21.6919746399, -47.4729690552, -62.3339691162], [208.571426392, 44.8990745544, 167.481216431, 185.011062622, 10.0042257309, 7.2675075531, -13.8539581299, -0.060771048069, -7.98995304108, -5.74425983429, 5.63809537888, -18.6717605591, -19.4355487823], [-254.103607178, 123.787734985, 8.55446243286, 10.0042257309, 171.748596191, 6.89939498901, 31.2783260345, 9.97957134247, 10.727856636, 11.4040336609, 4.2699007988, 15.6405220032, 12.7204084396], [23.3057174683, -263.406677246, -88.7576293945, 7.2675075531, 6.89939498901, 193.802581787, 10.7297258377, 9.47916603088, -4.70291423798, 28.0151576996, -28.8492546082, 34.8847808838, 35.9014892578], [-47.5005264282, 109.514289856, 22.0508155823, -13.8539581299, 31.2783260345, 10.7297258377, 121.639411926, 30.9498748779, 5.95305585861, -9.25138759613, 10.0946922302, -12.8241415024, -29.8547382355], [-44.5519866943, -30.8439655304, 1.84420454502, -0.060771048069, 9.97957134247, 9.47916603088, 30.9498748779, 63.4427528381, 23.9933624268, 14.863702774, 9.3119020462, 3.81461620331, -4.83033752441], [-38.8447570801, -10.1900339127, -24.450176239, -7.98995304108, 10.727856636, -4.70291423798, 5.95305585861, 23.9933624268, 67.9254455566, 37.0051116943, 12.7929134369, 4.00963163376, 4.21204948425], [-118.584716797, -113.533096313, -44.3319778442, -5.74425983429, 11.4040336609, 28.0151576996, -9.25138759613, 14.863702774, 37.0051116943, 75.5897674561, 15.8314123154, 13.5589723587, 16.8087902069], [-1.36022090912, 48.5537109375, 21.6919746399, 5.63809537888, 4.2699007988, -28.8492546082, 10.0946922302, 9.3119020462, 12.7929134369, 15.8314123154, 52.8780441284, 4.96994543076, -16.4137172699], [-137.682800293, -100.693077087, -47.4729690552, -18.6717605591, 15.6405220032, 34.8847808838, -12.8241415024, 3.81461620331, 4.00963163376, 13.5589723587, 4.96994543076, 67.547996521, 45.5209846497], [-83.2782821655, -87.525177002, -62.3339691162, -19.4355487823, 12.7204084396, 35.9014892578, -29.8547382355, -4.83033752441, 4.21204948425, 16.8087902069, -16.4137172699, 45.5209846497, 82.1283035278]],
        "icov": [[0.000799712841399, -0.0014672067482, 0.00205486128107, -0.00226893019862, 0.00209007528611, -0.00135987508111, 0.00102818291634, -0.000991050153971, 0.000383615435567, 0.000260441243881, -0.000173183259903, 0.000259593682131, 0.000604686094448], [-0.0014672067482, 0.00814084522426, -0.00715103140101, 0.00606923783198, -0.00779774365947, 0.00638849427924, -0.00570055283606, 0.00617971317843, -0.00402609724551, 0.00601672520861, -0.00402107881382, 0.00558108789846, -0.00501883402467], [0.00205486128107, -0.00715103140101, 0.00982451997697, -0.00921668484807, 0.00781215867028, -0.00483962427825, 0.00441962573677, -0.00546377943829, 0.00360216409899, -0.0028601589147, 0.00206916732714, -0.00305999396369, 0.00443928269669], [-0.00226893019862, 0.00606923783198, -0.00921668484807, 0.0151650831103, -0.00822949409485, 0.00303041213192, -0.00181026896462, 0.00371298589744, -0.00223104911856, 0.00204251799732, -0.00264630978927, 0.00354303349741, -0.00252518733032], [0.00209007528611, -0.00779774365947, 0.00781215867028, -0.00822949409485, 0.0149513017386, -0.00573379779235, 0.00292518828064, -0.00533315818757, 0.0030350969173, -0.00512567721307, 0.00324679422192, -0.00537455175072, 0.00325261079706], [-0.00135987508111, 0.00638849427924, -0.00483962427825, 0.00303041213192, -0.00573379779235, 0.013445707038, -0.00711597781628, 0.00415851315483, -0.000252765166806, -0.000588806462474, 0.0033291419968, -0.000623030413408, -0.00371426390484], [0.00102818291634, -0.00570055283606, 0.00441962573677, -0.00181026896462, 0.00292518828064, -0.00711597781628, 0.0164325907826, -0.00960454437882, 0.00214133621193, -0.000710927590262, 0.000147606668179, -0.0019024774665, 0.00707929674536], [-0.000991050153971, 0.00617971317843, -0.00546377943829, 0.00371298589744, -0.00533315818757, 0.00415851315483, -0.00960454437882, 0.0261448398232, -0.00956265162677, 0.00344306672923, -0.00372689589858, 0.00221754098311, -0.00282106758095], [0.000383615435567, -0.00402609724551, 0.00360216409899, -0.00223104911856, 0.0030350969173, -0.000252765166806, 0.00214133621193, -0.00956265162677, 0.0256686154753, -0.0147154610604, 0.00247902842239, -0.00306408503093, 0.00204977486283], [0.000260441243881, 0.00601672520861, -0.0028601589147, 0.00204251799732, -0.00512567721307, -0.000588806462474, -0.000710927590262, 0.00344306672923, -0.0147154610604, 0.0316022112966, -0.0144443949685, 0.0104895830154, -0.00842988584191], [-0.000173183259903, -0.00402107881382, 0.00206916732714, -0.00264630978927, 0.00324679422192, 0.0033291419968, 0.000147606668179, -0.00372689589858, 0.00247902842239, -0.0144443949685, 0.033466052264, -0.0162493959069, 0.0128835439682], [0.000259593682131, 0.00558108789846, -0.00305999396369, 0.00354303349741, -0.00537455175072, -0.000623030413408, -0.0019024774665, 0.00221754098311, -0.00306408503093, 0.0104895830154, -0.0162493959069, 0.0364116095006, -0.0201482940465], [0.000604686094448, -0.00501883402467, 0.00443928269669, -0.00252518733032, 0.00325261079706, -0.00371426390484, 0.00707929674536, -0.00282106758095, 0.00204977486283, -0.00842988584191, 0.0128835439682, -0.0201482940465, 0.0291022565216]]
    },
    "melbands": {
        "max": [0.00122293096501, 0.00439896807075, 0.00757474452257, 0.00547857023776, 0.00353805697523, 0.00420731585473, 0.00930894818157, 0.00839663203806, 0.0176612045616, 0.00372934201732, 0.00297331274487, 0.00258415029384, 0.00231662741862, 0.00138936995063, 0.00207213568501, 0.00143466040026, 0.00129320344422, 0.00131904380396, 0.000592019525357, 0.000428857776569, 0.00027210987173, 0.000284040987026, 0.000195083310246, 0.000357371085556, 0.000233901213505, 0.000419336778577, 0.000190158345504, 7.99403060228e-05, 0.000128522049636, 4.32896813436e-05, 7.12823384674e-05, 2.51515248237e-05, 3.7580528442e-05, 6.97731520631e-05, 4.69984697702e-05, 5.29991048097e-05, 4.76026980323e-05, 6.71128509566e-05, 1.65919518622e-05, 2.4183966616e-06],
        "mean": [6.56084666844e-05, 0.000273481709883, 0.000667933141813, 0.000814757950138, 0.00039161418681, 0.000335506367264, 0.000553035468329, 0.000514402578119, 0.000457209476735, 0.000275266938843, 0.000207741526538, 0.000174316577613, 0.000132681409013, 8.71479423949e-05, 7.7659242379e-05, 0.000135191250592, 8.61409571371e-05, 4.32356355304e-05, 4.49742656201e-05, 2.74426838587e-05, 2.94764940918e-05, 2.39636028709e-05, 2.21308418986e-05, 2.99223811453e-05, 2.20865440497e-05, 2.25715666602e-05, 1.54519511852e-05, 6.86062367095e-06, 5.20066532772e-06, 2.11139877138e-06, 1.29511693103e-06, 1.24432563098e-06, 1.38201164646e-06, 1.13291366688e-06, 8.42173676574e-07, 7.69978157678e-07, 6.00037196818e-07, 3.81721292797e-07, 1.21948588117e-07, 5.14584108657e-08],
        "min": [3.84994258695e-10, 3.69618378059e-14, 1.38839499725e-14, 6.90893223098e-15, 9.81329936338e-15, 8.5531311783e-15, 1.37498231523e-14, 2.64357729229e-14, 1.98821739779e-14, 1.55061950964e-14, 1.76161084282e-14, 3.34088327478e-14, 6.11737833241e-14, 4.45581444734e-14, 3.67387564327e-14, 6.14707801804e-14, 4.37889504659e-14, 3.41209977211e-14, 3.29505980877e-14, 3.47940941467e-14, 2.7529373773e-14, 3.1590740901e-14, 5.15026796167e-14, 5.13521483095e-14, 4.19015543833e-14, 4.81014222052e-14, 2.50491511892e-14, 3.35820035517e-14, 2.03425872067e-14, 3.91774659318e-14, 3.04651628631e-14, 2.97133228666e-14, 2.26908810209e-14, 2.38998867219e-14, 1.96933838865e-14, 1.98636984953e-14, 1.86787570003e-14, 2.55390597993e-14, 2.5159719482e-14, 3.75059717712e-14],
        "stdev": [0.000100442048279, 0.000408981373766, 0.000793430372141, 0.000788219622336, 0.000430490588769, 0.00044659152627, 0.000837425526697, 0.000848410767503, 0.00103711360134, 0.000389966997318, 0.000268743024208, 0.000236407257034, 0.000194118270883, 0.000119125375932, 0.00013415684225, 0.000193073195987, 0.000113404195872, 6.79743970977e-05, 6.55124094919e-05, 4.3384199671e-05, 4.01939505537e-05, 3.00475148833e-05, 2.28725966736e-05, 3.48961584677e-05, 2.38901520788e-05, 3.19823993777e-05, 1.92999887076e-05, 8.14016584627e-06, 8.119355698e-06, 3.05328285322e-06, 2.49005779551e-06, 1.73302191797e-06, 2.22248741011e-06, 2.9004308999e-06, 2.56450175584e-06, 3.05373828269e-06, 2.90122807201e-06, 2.5940089472e-06, 6.2243185539e-07, 1.4594938591e-07]
    },
    "melbands128": {
        "max": [0.000172968429979, 0.000369481072994, 0.00133002211805, 0.00466067250818, 0.0062543079257, 0.00647246139124, 0.0106094395742, 0.0110932718962, 0.00769456289709, 0.00709355529398, 0.0113516366109, 0.00725958822295, 0.00384330237284, 0.00380292371847, 0.00629144487903, 0.00753472279757, 0.0165164731443, 0.0108965234831, 0.0213029906154, 0.0167959388345, 0.0129201989621, 0.0324709787965, 0.0273644644767, 0.00885738711804, 0.00354978302494, 0.00828064978123, 0.00428648572415, 0.00267932005227, 0.0087184952572, 0.0030507419724, 0.00370893860236, 0.00772412400693, 0.00439198501408, 0.000744857767131, 0.00234259106219, 0.00172267563175, 0.00303977844305, 0.00467289844528, 0.00119974976406, 0.00154188554734, 0.00284032360651, 0.00448365369812, 0.00173191656359, 0.000734245229978, 0.00230748136528, 0.00148013373837, 0.000571665004827, 0.0013969730353, 0.000740704010241, 0.000652463524602, 0.000733846507501, 0.000603185093496, 0.000654939329252, 0.000352402974386, 0.000364841689589, 0.000459057715489, 0.000647119421046, 0.000342144630849, 0.000384206970921, 0.000507359509356, 0.00038784489152, 0.00067293952452, 0.000322209321894, 0.000307767128106, 0.000462599564344, 0.000722430937458, 0.000730976695195, 0.000432017986896, 0.000317555735819, 0.000158497816301, 0.000128190178657, 0.000104853163066, 7.80712798587e-05, 0.000233036553254, 0.000175957000465, 4.63630349259e-05, 4.65132325189e-05, 7.02715842635e-05, 9.29017624003e-05, 5.63452158531e-05, 3.11124422296e-05, 2.88133105641e-05, 3.00845695165e-05, 3.53149225703e-05, 5.69779367652e-05, 7.44490753277e-05, 8.02103822934e-05, 7.36952279112e-05, 4.97940964124e-05, 5.34801220056e-05, 8.91353047336e-05, 6.4981104515e-05, 7.87046374171e-05, 4.58701324533e-05, 5.06057076564e-05, 5.10854224558e-05, 0.000111647867016, 3.5693821701e-05, 1.4845854821e-05, 6.86827297613e-06, 3.74651904167e-06, 3.11467579195e-06, 3.20284812005e-06, 1.06724758098e-06, 1.48797255406e-07, 2.95995916666e-09, 2.85526513544e-09, 2.72936850898e-09, 2.61719557137e-09, 2.507741792e-09, 2.40455899636e-09, 2.30131202983e-09, 2.20807083728e-09, 2.11734008104e-09, 2.03832706269e-09, 1.96093297156e-09, 1.90704696479e-09, 1.83719406355e-09, 1.77493786335e-09, 1.7302786981e-09, 1.68079272722e-09, 1.63896585192e-09, 1.60796276294e-09, 1.57488200259e-09, 1.55105728261e-09, 1.53052159835e-09, 1.51532142389e-09, 1.50577383895e-09],
        "mean": [1.48045489823e-06, 1.41918071677e-05, 6.64592298563e-05, 0.000209601552342, 0.000277500570519, 0.000293343997328, 0.000468916783575, 0.000766098324675, 0.00102092151064, 0.000842153967824, 0.000710434280336, 0.000540481531061, 0.000337969337124, 0.000141095835716, 0.000262830639258, 0.000476507964777, 0.000543449714314, 0.000494562729727, 0.000688120024279, 0.000463377480628, 0.000398222589865, 0.0007503638044, 0.000423915364081, 0.000282417167909, 0.000169631617609, 0.000363581202691, 0.000297300284728, 0.000132628818392, 0.00021820308757, 0.000100282522908, 0.000189544807654, 0.000265031005256, 0.000109188105853, 5.15462379553e-05, 0.000102969512227, 9.77619201876e-05, 5.83629444009e-05, 9.6964497061e-05, 7.27672886569e-05, 7.36128567951e-05, 0.000179317823495, 0.000170645434991, 9.0679335699e-05, 3.15142715408e-05, 6.79098884575e-05, 3.84551858588e-05, 2.29923080042e-05, 5.98057813477e-05, 4.45576915808e-05, 3.20066938002e-05, 2.32579095609e-05, 2.35369807342e-05, 3.9216803998e-05, 2.6221787266e-05, 2.12554696191e-05, 2.60191172856e-05, 2.52466325037e-05, 1.65459041455e-05, 2.05029900826e-05, 3.43393039657e-05, 2.82250057353e-05, 3.31459268637e-05, 1.81747509487e-05, 1.92975021491e-05, 2.72012948699e-05, 2.36544965446e-05, 1.99198075279e-05, 1.70187176991e-05, 1.65747915162e-05, 9.1091833383e-06, 6.67578206048e-06, 6.21259732725e-06, 4.51077130492e-06, 6.52216067465e-06, 3.98392376155e-06, 1.87855459899e-06, 1.37101881137e-06, 1.35304594551e-06, 1.37915537834e-06, 1.08501569684e-06, 1.23322956824e-06, 1.26759084651e-06, 1.36711867071e-06, 1.58701516284e-06, 1.15506941256e-06, 1.16613853152e-06, 1.19415062727e-06, 9.4905988135e-07, 8.85679696694e-07, 6.18291380761e-07, 8.55762948504e-07, 7.73111764829e-07, 7.285408401e-07, 6.01650015142e-07, 5.3715393733e-07, 4.64695034452e-07, 3.94536613157e-07, 1.8718623096e-07, 1.22553643678e-07, 8.36162072915e-08, 5.90705973025e-08, 4.8679034137e-08, 3.86254228602e-08, 2.47774210038e-08, 3.50704665308e-09, 1.24293726353e-11, 7.00124333508e-12, 6.68357209854e-12, 6.23474319048e-12, 6.08855847684e-12, 5.73820548369e-12, 5.50001147057e-12, 5.31047558358e-12, 5.12063958943e-12, 4.94635105444e-12, 4.78421902789e-12, 4.59427244512e-12, 4.37919188759e-12, 4.23835619379e-12, 4.12652724491e-12, 4.02113758957e-12, 3.929064539e-12, 3.85409716294e-12, 3.78163125814e-12, 3.71468090662e-12, 3.64471907516e-12, 3.5991782471e-12, 3.57689138725e-12],
        "min": [9.67758650994e-10, 4.53916959575e-10, 2.15260431008e-11, 7.4303525843e-14, 1.1826078345e-14, 2.18558759415e-14, 1.54019270346e-14, 1.12432180333e-14, 1.2234488833e-14, 2.03573420972e-15, 5.82834053643e-15, 7.40658568683e-15, 1.17677897727e-14, 7.25636185254e-15, 3.90437380641e-15, 3.72326799789e-15, 1.19263763633e-14, 2.73405845286e-15, 2.28504552519e-14, 8.0284925233e-15, 3.51654571077e-14, 3.37900788892e-14, 1.25242562632e-14, 7.60858525706e-15, 9.45066338284e-15, 5.21580230788e-15, 2.94429711257e-15, 1.01348059651e-14, 2.02372569657e-14, 1.14729935079e-14, 2.83261336208e-14, 2.50824921e-14, 1.67982371313e-14, 2.50031979577e-14, 4.32029290272e-14, 3.41968478274e-14, 3.42926099843e-14, 8.64559244779e-15, 4.42289739176e-14, 5.64561520092e-14, 4.62680905416e-14, 7.44650313091e-14, 3.56400123986e-14, 1.61595302433e-14, 3.00578213307e-14, 3.31019323822e-14, 3.08626381558e-14, 4.27899496435e-14, 2.32076507398e-14, 1.97539179431e-14, 3.15276640515e-14, 3.79930495972e-14, 1.84583302283e-14, 3.21658999891e-14, 2.04620442633e-14, 1.70487301848e-14, 4.987735214e-14, 2.88268859467e-14, 1.96143591007e-14, 2.4277216183e-14, 5.84180802148e-14, 7.49277484675e-14, 2.40274685185e-14, 2.01367260133e-14, 3.13449217753e-14, 4.6042891586e-14, 1.84460634972e-14, 1.15687641351e-14, 1.41313301799e-14, 2.36438422145e-14, 3.16569517724e-14, 2.42354354358e-14, 1.55070319649e-14, 1.68115897586e-14, 1.75378866296e-14, 2.2861153278e-14, 3.60500847652e-14, 3.46950319494e-14, 2.18362264712e-14, 2.14490798983e-14, 1.86275470824e-14, 1.874425467e-14, 1.87999996023e-14, 2.31270250617e-14, 2.19924295111e-14, 2.0034294319e-14, 3.2512553305e-14, 1.56689084315e-14, 1.96610763558e-14, 2.231360577e-14, 1.33093626316e-14, 2.3479009603e-14, 2.27480930143e-14, 1.1610306019e-14, 1.74901359942e-14, 2.16377683457e-14, 2.45555224104e-14, 2.70839360867e-14, 2.07433032475e-14, 1.61791034807e-14, 4.18393381193e-14, 3.51137813216e-14, 2.92019216425e-14, 2.08179505671e-14, 3.11749696967e-14, 3.3766368743e-14, 2.93726834847e-14, 1.35322635869e-14, 2.65518367655e-14, 2.76457561e-14, 3.13306882337e-14, 1.62157596785e-14, 1.91514894763e-14, 1.5313036009e-14, 2.32282353345e-14, 3.04254946161e-14, 1.77315793477e-14, 2.07656293419e-14, 2.61194433866e-14, 1.48711185917e-14, 2.90442210484e-14, 2.91343318015e-14, 2.81023221051e-14, 3.2158903497e-14, 2.17799563785e-14, 9.98072643683e-15, 9.78703371872e-16, 3.5536790846e-17],
        "stdev": [4.64518825538e-06, 3.44875406881e-05, 0.000131676832098, 0.000336004421115, 0.000492094142828, 0.000569605908822, 0.00100324850064, 0.00102027959656, 0.0011992593063, 0.000994573812932, 0.000989875406958, 0.000705124868546, 0.000451938161859, 0.000201123926672, 0.000467771169497, 0.000764270836953, 0.00107137602754, 0.000974366208538, 0.00164654909167, 0.00112395838369, 0.000827609736007, 0.00214453972876, 0.00127135333605, 0.000720870448276, 0.000306403177092, 0.000764525320847, 0.000422977143899, 0.000238039385295, 0.000603477761615, 0.000212233077036, 0.00033682436333, 0.000492123421282, 0.000270834745606, 8.64316825755e-05, 0.000183419004316, 0.000163180113304, 0.000121573059005, 0.000261225301074, 0.000127245803014, 0.000128150131786, 0.000353429582901, 0.000286057242192, 0.000164370110724, 6.74064067425e-05, 0.000128067869809, 7.62878262321e-05, 5.27747142769e-05, 0.000112129455374, 6.86883577146e-05, 6.34494062979e-05, 5.20929097547e-05, 5.14869498147e-05, 7.0882269938e-05, 4.12270455854e-05, 3.50456102751e-05, 4.60943774669e-05, 4.28783823736e-05, 2.55456943705e-05, 3.01753243548e-05, 4.86347962578e-05, 3.95132992708e-05, 5.48491880181e-05, 2.52489480772e-05, 2.83132776531e-05, 4.11047876696e-05, 4.4541877287e-05, 4.1562878323e-05, 2.64006921498e-05, 2.34082071984e-05, 1.36629678309e-05, 9.73753412836e-06, 9.66853895079e-06, 6.21031995252e-06, 1.42234230225e-05, 8.7036005425e-06, 3.02397029373e-06, 2.36037226387e-06, 2.81923257717e-06, 3.16927503263e-06, 2.0931349809e-06, 1.89625200164e-06, 1.84701332273e-06, 2.06296067518e-06, 2.61759510067e-06, 2.49731715485e-06, 2.88879004984e-06, 3.50639447788e-06, 3.3515495943e-06, 2.7276939818e-06, 2.26627116717e-06, 3.29032422997e-06, 3.51676976607e-06, 3.4711713397e-06, 2.71132034868e-06, 3.00473971038e-06, 2.96543203149e-06, 3.47623677044e-06, 1.33266360081e-06, 5.56522934403e-07, 2.97320696063e-07, 1.6530603375e-07, 1.49641437019e-07, 1.19849573821e-07, 5.52240528862e-08, 8.68269101062e-09, 7.23817950021e-11, 6.76325523363e-11, 6.50430195814e-11, 6.20043044686e-11, 5.97054558571e-11, 5.69764305181e-11, 5.45231186588e-11, 5.23435080002e-11, 5.01959550314e-11, 4.83420595221e-11, 4.65264909932e-11, 4.51808902791e-11, 4.34892122314e-11, 4.20171779314e-11, 4.09592464112e-11, 3.97900011551e-11, 3.88012053043e-11, 3.80666713429e-11, 3.72849529029e-11, 3.67213690011e-11, 3.62363750117e-11, 3.58772629661e-11, 3.56516483002e-11]
    },
    "mfcc": {
        "mean": [-635.223815918, 137.765777588, -35.9065437317, 18.545003891, -17.7308120728, -8.4519739151, -8.22100353241, 1.8689314127, -18.3250102997, 2.62534666061, -4.17336177826, -5.61943101883, -7.23346233368],
        "cov": [[2845.36206055, -417.858795166, -157.600967407, -10.5490598679, -98.1106567383, 49.7608642578, 2.18598937988, 59.2464294434, -57.4147109985, 75.6101989746, 1.49806582928, 8.55219364166, -76.8626937866], [-417.858795166, 1074.75720215, 268.502075195, 294.16293335, 29.1417827606, -104.372886658, 63.661655426, 49.8761940002, -70.7357940674, 16.9703807831, 63.2958831787, -41.9296989441, 0.910184442997], [-157.600967407, 268.502075195, 565.550048828, 209.407623291, 24.908821106, -23.2999706268, 23.4572753906, 18.2897567749, -65.2182998657, 35.3280410767, -4.57012319565, -14.1886901855, -29.7698020935], [-10.5490598679, 294.16293335, 209.407623291, 257.095458984, 50.7008247375, -43.6161193848, 19.5967483521, 11.983297348, -53.9240341187, 38.1158103943, 19.6845245361, -16.0886878967, 2.7130753994], [-98.1106567383, 29.1417827606, 24.908821106, 50.7008247375, 120.066711426, 25.4855804443, -5.80251169205, -11.5014753342, 11.3691720963, -7.22199249268, -11.7025899887, -4.43680381775, 8.32401371002], [49.7608642578, -104.372886658, -23.2999706268, -43.6161193848, 25.4855804443, 111.881896973, 26.7211494446, 5.30799055099, 35.9910926819, -9.96854019165, -4.38295936584, 3.95318675041, -16.1129188538], [2.18598937988, 63.661655426, 23.4572753906, 19.5967483521, -5.80251169205, 26.7211494446, 89.7139205933, 40.6862030029, 1.12646818161, 4.10937833786, 19.9655036926, 3.42692494392, -13.9054298401], [59.2464294434, 49.8761940002, 18.2897567749, 11.983297348, -11.5014753342, 5.30799055099, 40.6862030029, 79.424331665, 4.28116989136, 4.36376667023, 14.8227176666, -7.70563697815, -6.39708280563], [-57.4147109985, -70.7357940674, -65.2182998657, -53.9240341187, 11.3691720963, 35.9910926819, 1.12646818161, 4.28116989136, 89.3377380371, -8.31074714661, -7.12681245804, 3.50847458839, 3.98798704147], [75.6101989746, 16.9703807831, 35.3280410767, 38.1158103943, -7.22199249268, -9.96854019165, 4.10937833786, 4.36376667023, -8.31074714661, 90.3427429199, 23.6894187927, 1.42737317085, 4.01687240601], [1.49806582928, 63.2958831787, -4.57012319565, 19.6845245361, -11.7025899887, -4.38295936584, 19.9655036926, 14.8227176666, -7.12681245804, 23.6894187927, 87.0424728394, 28.2498455048, -10.9479656219], [8.55219364166, -41.9296989441, -14.1886901855, -16.0886878967, -4.43680381775, 3.95318675041, 3.42692494392, -7.70563697815, 3.50847458839, 1.42737317085, 28.2498455048, 65.3175201416, 12.9439058304], [-76.8626937866, 0.910184442997, -29.7698020935, 2.7130753994, 8.32401371002, -16.1129188538, -13.9054298401, -6.39708280563, 3.98798704147, 4.01687240601, -10.9479656219, 12.9439058304, 71.1305084229]],
        "icov": [[0.000468670070404, 0.000209701494896, 0.000297467660857, -0.000501205213368, 0.000427268299973, -0.000363190105418, 0.000323531450704, -0.000606990419328, 0.000475254229968, -0.000404777529184, 0.000371976639144, -0.000326901877997, 0.000636708224192], [0.000209701494896, 0.00174800900277, -0.000136597256642, -0.00159602076747, 0.000146550955833, 0.00102236261591, -0.000860246887896, -0.000304662593408, -1.63736240211e-05, 0.000705897400621, -0.00120245816652, 0.001176519203, -0.0002113054652], [0.000297467660857, -0.000136597256642, 0.00304439757019, -0.00245853024535, 0.000636663287878, -0.000846239272505, 0.000496599881444, -0.000919835176319, 0.00115840905346, -0.000859327672515, 0.00191795069259, -0.00137396028731, 0.00196807458997], [-0.000501205213368, -0.00159602076747, -0.00245853024535, 0.0100272828713, -0.00453238887712, 0.00235434505157, -0.00166666531004, 0.000774484826252, 0.00198975391686, -0.0019913255237, -0.0014944600407, 0.00161492289044, -0.00164802954532], [0.000427268299973, 0.000146550955833, 0.000636663287878, -0.00453238887712, 0.0119100976735, -0.00440462026745, 0.00198963773437, 0.000820293265861, -0.00143172603566, 0.00119146704674, 0.00125523190945, -0.000208335171919, -0.000785549811553], [-0.000363190105418, 0.00102236261591, -0.000846239272505, 0.00235434505157, -0.00440462026745, 0.0147725557908, -0.00587232410908, 0.00130832218565, -0.00408289488405, 0.000556117331143, -0.000370822905097, 0.000327871210175, 0.00206274585798], [0.000323531450704, -0.000860246887896, 0.000496599881444, -0.00166666531004, 0.00198963773437, -0.00587232410908, 0.0181305389851, -0.00820169132203, 0.00109453801997, -0.000358681747457, -0.000444437202532, -0.00262902257964, 0.00224460428581], [-0.000606990419328, -0.000304662593408, -0.000919835176319, 0.000774484826252, 0.000820293265861, 0.00130832218565, -0.00820169132203, 0.0185078643262, -0.00250280508772, 0.000918743084185, -0.00320954085328, 0.00436489703134, -0.00200486695394], [0.000475254229968, -1.63736240211e-05, 0.00115840905346, 0.00198975391686, -0.00143172603566, -0.00408289488405, 0.00109453801997, -0.00250280508772, 0.0155074140057, -0.00102869712282, 0.00115001248196, -0.000774481624831, -0.000339163932949], [-0.000404777529184, 0.000705897400621, -0.000859327672515, -0.0019913255237, 0.00119146704674, 0.000556117331143, -0.000358681747457, 0.000918743084185, -0.00102869712282, 0.0138686681166, -0.0049707791768, 0.00243352702819, -0.00266449875198], [0.000371976639144, -0.00120245816652, 0.00191795069259, -0.0014944600407, 0.00125523190945, -0.000370822905097, -0.000444437202532, -0.00320954085328, 0.00115001248196, -0.0049707791768, 0.0191291142255, -0.0103797009215, 0.00571992667392], [-0.000326901877997, 0.001176519203, -0.00137396028731, 0.00161492289044, -0.000208335171919, 0.000327871210175, -0.00262902257964, 0.00436489703134, -0.000774481624831, 0.00243352702819, -0.0103797009215, 0.0226597376168, -0.00684274500236], [0.000636708224192, -0.0002113054652, 0.00196807458997, -0.00164802954532, -0.000785549811553, 0.00206274585798, 0.00224460428581, -0.00200486695394, -0.000339163932949, -0.00266449875198, 0.00571992667392, -0.00684274500236, 0.0187486838549]]
    },
    "spectral_contrast_coeffs": {
        "max": [-0.437832713127, -0.430460691452, -0.526782333851, -0.615697264671, -0.616340458393, -0.644541561604],
        "mean": [-0.657615184784, -0.75672441721, -0.74486553669, -0.768409788609, -0.758516192436, -0.740457475185],
        "min": [-0.943641543388, -0.947215437889, -0.939110636711, -0.95153683424, -0.941220879555, -0.925832092762],
        "stdev": [0.0646040141582, 0.071808539331, 0.0627642646432, 0.0508003570139, 0.0410824753344, 0.0280381012708]
    },
    "spectral_contrast_valleys": {
        "max": [-5.27689599991, -4.63950872421, -5.55249261856, -5.51170969009, -6.03275537491, -8.36703300476],
        "mean": [-7.17929553986, -6.19176006317, -6.95698833466, -7.36077642441, -7.34504938126, -10.8805332184],
        "min": [-18.6982059479, -17.7910003662, -17.6370677948, -17.4420890808, -16.495136261, -17.9903583527],
        "stdev": [0.923808515072, 0.72774130106, 0.71387308836, 0.748084783554, 0.687074005604, 0.728455424309]
    }
},
"rhythm": {
    "beats_count": 93,
    "beats_loudness": {
        "max": 0.0739126577973,
        "mean": 0.0281206201762,
        "min": 0.00105587113649,
        "stdev": 0.0155664179474
    },
    "bpm": 125.666061401,
    "bpm_histogram_first_peak_bpm": 126,
    "bpm_histogram_first_peak_weight": 0.499999940395,
    "bpm_histogram_second_peak_bpm": 178,
    "bpm_histogram_second_peak_spread": 0,
    "bpm_histogram_second_peak_weight": 0.130434781313,
    "danceability": 1.15411138535,
    "onset_rate": 2.26979660988,
    "beats_loudness_band_ratio": {
        "max": [0.440357297659, 0.680652141571, 0.866988241673, 0.570596396923, 0.515604138374, 0.329217791557],
        "mean": [0.152686074376, 0.197414413095, 0.328064531088, 0.207337617874, 0.127891421318, 0.0489907562733],
        "min": [0.000920370745007, 0.0126735903323, 0.0525191985071, 0.018680434674, 0.0116106560454, 0.00327031919733],
        "stdev": [0.124161735177, 0.142885714769, 0.180430263281, 0.1335940063, 0.123867712915, 0.0396064072847]
    },
