{
"metadata": {
    "version": {
        "essentia": "2.1-beta5",
        "essentia_git_sha": "Undefined",
        "extractor": "music 2.0"
    },
    "audio_properties": {
        "analysis": {
            "equal_loudness": 0,
            "length": 12.7477550507,
            "sample_rate": 44100,
            "start_time": 0,
            "downmix": "mix"
        },
        "bit_rate": 192000,
        "length": 222.52897644,
        "lossless": 0,
        "number_channels": 2,
        "replay_gain": -11.9231987,
        "sample_rate": 48000,
        "codec": "mp3",
        "md5_encoded": "2710570e987e52d5f508fb056fd0ce5f"
    },
    "tags": {
        "file_name": "Italy_Non Ho L_étà_Gigliola Cinquetti.mp3",
        "encoding": ["Lavf58.29.100"]
    }
},
"lowlevel": {
    "average_loudness": 0.946637928486,
    "barkbands_crest": {
        "max": 18.5155715942,
        "mean": 8.02742481232,
        "min": 2.61901926994,
        "stdev": 3.02977919579
    },
    "barkbands_flatness_db": {
        "max": 0.328646063805,
        "mean": 0.198317661881,
        "min": 0.056512337178,
        "stdev": 0.0547864176333
    },
    "barkbands_kurtosis": {
        "max": 16.8242893219,
        "mean": 1.80085933208,
        "min": -1.50266468525,
        "stdev": 2.69724678993
    },
    "barkbands_skewness": {
        "max": 3.71239280701,
        "mean": 0.72687715292,
        "min": -2.2753431797,
        "stdev": 1.1075476408
    },
    "barkbands_spread": {
        "max": 47.9498558044,
        "mean": 13.2539157867,
        "min": 2.39089512825,
        "stdev": 7.13823270798
    },
    "dissonance": {
        "max": 0.499796420336,
        "mean": 0.449430972338,
        "min": 0.287451505661,
        "stdev": 0.0408257804811
    },
    "dynamic_complexity": 3.18981313705,
    "erbbands_crest": {
        "max": 26.4914188385,
        "mean": 7.99052810669,
        "min": 2.76816678047,
        "stdev": 4.01917791367
    },
    "erbbands_flatness_db": {
        "max": 0.34391322732,
        "mean": 0.24175786972,
        "min": 0.0879836827517,
        "stdev": 0.0543279461563
    },
    "erbbands_kurtosis": {
        "max": 7.63894081116,
        "mean": 0.0143462009728,
        "min": -1.42449569702,
        "stdev": 0.941330254078
    },
    "erbbands_skewness": {
        "max": 2.3905415535,
        "mean": 0.0753564015031,
        "min": -1.69434905052,
        "stdev": 0.594882369041
    },
    "erbbands_spread": {
        "max": 48.3403282166,
        "mean": 22.129858017,
        "min": 5.64905929565,
        "stdev": 8.89105701447
    },
    "hfc": {
        "max": 46.8801574707,
        "mean": 11.4239854813,
        "min": 1.07511695003e-16,
        "stdev": 9.37913513184
    },
    "loudness_ebu128": {
        "integrated": -12.5913677216,
        "loudness_range": 1.55125141144,
        "momentary": {
            "max": -8.69085025787,
            "mean": -34.5983848572,
            "min": -300.691009521,
            "stdev": 74.2349624634
        },
        "short_term": {
            "max": -11.8349933624,
            "mean": -12.874876976,
            "min": -14.3699493408,
            "stdev": 0.612684130669
        }
    },
    "melbands_crest": {
        "max": 24.3397731781,
        "mean": 9.99135875702,
        "min": 1.6691339016,
        "stdev": 4.45489835739
    },
    "melbands_flatness_db": {
        "max": 0.432487785816,
        "mean": 0.265075922012,
        "min": 0.0026458047796,
        "stdev": 0.0981110781431
    },
    "melbands_kurtosis": {
        "max": 28.7980155945,
        "mean": 3.24197435379,
        "min": -1.3495388031,
        "stdev": 4.30346727371
    },
    "melbands_skewness": {
        "max": 4.59732723236,
        "mean": 1.34566533566,
        "min": -0.438910931349,
        "stdev": 0.91824144125
    },
    "melbands_spread": {
        "max": 150.158248901,
        "mean": 27.6204166412,
        "min": 3.03651332855,
        "stdev": 34.8330726624
    },
    "pitch_salience": {
        "max": 0.869046449661,
        "mean": 0.66586124897,
        "min": 0.397180467844,
        "stdev": 0.0982255339622
    },
    "silence_rate_20dB": {
        "max": 1,
        "mean": 1,
        "min": 1,
        "stdev": 0
    },
    "silence_rate_30dB": {
        "max": 1,
        "mean": 1,
        "min": 1,
        "stdev": 0
    },
    "silence_rate_60dB": {
        "max": 1,
        "mean": 0.118181817234,
        "min": 0,
        "stdev": 0.322821438313
    },
    "spectral_centroid": {
        "max": 11878.9863281,
        "mean": 1778.58300781,
        "min": 277.223480225,
        "stdev": 3017.62695312
    },
    "spectral_complexity": {
        "max": 32,
        "mean": 16.6418190002,
        "min": 0,
        "stdev": 8.45506477356
    },
    "spectral_decrease": {
        "max": 1.29713765093e-28,
        "mean": -5.60007373807e-09,
        "min": -3.40951054056e-08,
        "stdev": 5.17061815586e-09
    },
    "spectral_energy": {
        "max": 0.131531983614,
        "mean": 0.0221721231937,
        "min": 9.84886958422e-21,
        "stdev": 0.0202519893646
    },
    "spectral_energyband_high": {
        "max": 0.000384560815291,
        "mean": 2.55973009189e-05,
        "min": 7.03965032509e-21,
        "stdev": 5.59709587833e-05
    },
    "spectral_energyband_low": {
        "max": 0.0440135933459,
        "mean": 0.00386357097887,
        "min": 2.10498476435e-23,
        "stdev": 0.00573616381735
    },
    "spectral_energyband_middle_high": {
        "max": 0.0294635351747,
        "mean": 0.00435313116759,
        "min": 1.32715757457e-21,
        "stdev": 0.00468305172399
    },
    "spectral_energyband_middle_low": {
        "max": 0.115184418857,
        "mean": 0.0152771603316,
        "min": 1.84316858256e-22,
        "stdev": 0.0163912344724
    },
    "spectral_entropy": {
        "max": 9.8237991333,
        "mean": 7.18509244919,
        "min": 5.85442304611,
        "stdev": 0.938174128532
    },
    "spectral_flux": {
        "max": 0.229056254029,
        "mean": 0.064805097878,
        "min": 6.4633111363e-11,
        "stdev": 0.0427449829876
    },
    "spectral_kurtosis": {
        "max": 60.8470954895,
        "mean": 17.7460155487,
        "min": -1.24418520927,
        "stdev": 13.2727470398
    },
    "spectral_rms": {
        "max": 0.0113280126825,
        "mean": 0.00406319461763,
        "min": 3.09978280023e-12,
        "stdev": 0.00226313667372
    },
    "spectral_rolloff": {
        "max": 19293.75,
        "mean": 2734.79907227,
        "min": 258.3984375,
        "stdev": 5253.54052734
    },
    "spectral_skewness": {
        "max": 5.91995429993,
        "mean": 2.40091204643,
        "min": -0.0962060987949,
        "stdev": 1.30320286751
    },
    "spectral_spread": {
        "max": 41885876,
        "mean": 5435381.5,
        "min": 1107308.875,
        "stdev": 11356004
    },
    "spectral_strongpeak": {
        "max": 6.94407367706,
        "mean": 0.782150626183,
        "min": 0,
        "stdev": 0.926054060459
    },
    "zerocrossingrate": {
        "max": 0.779296875,
        "mean": 0.0823188945651,
        "min": 0.009765625,
        "stdev": 0.142381101847
    },
    "barkbands": {
        "max": [0.000114743379527, 0.00832958519459, 0.0212172493339, 0.0577878765762, 0.0501091852784, 0.0243763178587, 0.0559300407767, 0.00984312687069, 0.0126865347847, 0.00429782923311, 0.0176838748157, 0.0168842580169, 0.0148757407442, 0.00207135500386, 0.00210240157321, 0.00147711380851, 0.00205393601209, 0.00300301937386, 0.000247954536462, 0.000520689820405, 9.59819008131e-05, 2.32449274336e-05, 2.55418080997e-06, 2.08098299481e-06, 2.08899996323e-06, 1.86106581168e-06, 1.96702103494e-06],
        "mean": [5.51553557671e-06, 0.00075075100176, 0.00184234033804, 0.00295386905782, 0.00486794067547, 0.00231714220718, 0.00287114549428, 0.000964478065725, 0.00116669584531, 0.000589090632275, 0.00124136474915, 0.000773557752836, 0.00071144127287, 0.000242665060796, 0.000315205543302, 0.000212241808185, 0.000146169535583, 0.00012284249533, 3.42217172147e-05, 3.52215247403e-05, 6.42785062155e-06, 1.23063807678e-06, 1.91831276197e-07, 1.23032265265e-07, 1.28581930881e-07, 1.58369232395e-07, 1.04402531065e-08],
        "min": [2.85270296433e-25, 3.81888708066e-24, 1.47439858401e-24, 1.77310825995e-24, 1.42739284758e-23, 1.59186009113e-23, 8.50466918728e-24, 1.06212295388e-23, 1.61119570301e-23, 1.51445832129e-23, 1.0383472384e-23, 3.67607130795e-23, 3.39940705998e-23, 4.49652199034e-23, 4.86104609495e-23, 3.81651631698e-23, 7.67622750169e-23, 1.1766419546e-22, 1.23769574969e-22, 1.75920260646e-22, 2.36474877183e-22, 2.60909446136e-22, 4.07245441218e-22, 6.24604615702e-22, 8.1502402619e-22, 1.30082905787e-21, 2.12021032256e-21],
        "stdev": [9.29755515244e-06, 0.000989080755971, 0.00335657317191, 0.00587185891345, 0.00724181486294, 0.00319485110231, 0.00453462544829, 0.00121184799355, 0.00155402522068, 0.000699780939613, 0.00229296111502, 0.00156199687626, 0.00124206766486, 0.00030647587846, 0.000337097124429, 0.000230483521591, 0.000179387658136, 0.000242660084041, 3.63082108379e-05, 7.33598935767e-05, 1.30140961119e-05, 2.92377308142e-06, 2.6577450285e-07, 1.1721161286e-07, 1.1806588418e-07, 1.23240042171e-07, 8.38425151528e-08]
    },
    "erbbands": {
        "max": [0.149403765798, 2.42581868172, 14.9503660202, 117.519203186, 138.075119019, 206.039077759, 239.5597229, 283.046508789, 746.671264648, 408.309967041, 217.937286377, 347.655731201, 152.725860596, 602.978271484, 925.543518066, 866.294311523, 509.725799561, 258.419708252, 123.291557312, 81.9857711792, 78.3694229126, 88.6830978394, 199.20552063, 34.5548057556, 16.3645038605, 24.7310218811, 11.1737756729, 1.53283786774, 0.814560592175, 0.244009524584, 0.0716621354222, 0.0455811396241, 0.0344966948032, 0.0255251061171, 0.0134210465476, 0.00730731990188, 0.00353813357651, 0.00124056346249, 0.000282277964288, 0.000144350240589],
        "mean": [0.0111452694982, 0.222720593214, 1.60376763344, 6.47226953506, 11.3684158325, 16.8948230743, 19.3744049072, 24.5345726013, 36.9338150024, 34.3163909912, 18.1117420197, 31.3427562714, 17.4592380524, 32.3182029724, 54.1782646179, 30.77003479, 28.9090652466, 20.5394306183, 16.4175567627, 13.3377351761, 10.8375701904, 8.09833717346, 8.19096946716, 2.81782126427, 1.63200390339, 1.54243922234, 0.666353821754, 0.137079268694, 0.0495761744678, 0.0144208334386, 0.00499233976007, 0.00281271198764, 0.00198349612765, 0.001430593431, 0.000950951362029, 0.000611531548202, 0.000304751039948, 5.64549663977e-05, 1.261333e-05, 2.52463632933e-05],
        "min": [9.49456640326e-23, 8.77471618599e-22, 2.24714276275e-21, 6.48218794557e-21, 2.32252605842e-20, 2.92010879791e-20, 5.00094011304e-20, 1.38375735952e-19, 1.26015873992e-19, 1.49865003241e-19, 2.89721638059e-19, 3.62624348316e-19, 7.35041894699e-19, 9.3990030783e-19, 8.244096092e-19, 1.33138410884e-18, 1.26080058037e-18, 2.17151102856e-18, 2.7083768887e-18, 3.65591000564e-18, 4.49948078844e-18, 5.17200468263e-18, 5.5527083557e-18, 6.74717039512e-18, 7.00322208578e-18, 8.1301100866e-18, 9.71935730825e-18, 1.08354208236e-17, 8.99118028885e-18, 1.09387191385e-17, 1.12874998437e-17, 1.02555192377e-17, 9.75363319129e-18, 8.15062912887e-18, 6.10801496684e-18, 4.09449812361e-18, 1.91467992696e-18, 1.05326820252e-18, 2.73690800239e-19, 2.90381010867e-20],
        "stdev": [0.0162894204259, 0.285841196775, 2.48823547363, 11.9623422623, 17.8410491943, 26.5247917175, 32.0729408264, 33.2537498474, 58.5558204651, 48.9057197571, 22.413640976, 41.9769363403, 19.7724895477, 51.9089889526, 115.266487122, 71.2362976074, 45.068813324, 28.1196193695, 18.2532901764, 13.13123703, 11.3384256363, 9.09260368347, 16.3384151459, 3.83806276321, 1.99059009552, 3.11274027824, 1.48061180115, 0.266607344151, 0.111422583461, 0.0307813622057, 0.00665596313775, 0.00274850893766, 0.00188802508637, 0.00141606433317, 0.000821603112854, 0.000495948130265, 0.000235793660977, 6.04079759796e-05, 1.52779412019e-05, 2.26845349971e-05]
    },
    "gfcc": {
        "mean": [-190.871170044, 168.126373291, -130.86289978, -10.0526037216, -24.452129364, -16.9643001556, -28.9813480377, -2.15582704544, -25.3851222992, -3.21443295479, -11.4120063782, -4.9878911972, -7.277592659],
        "cov": [[126990.851562, 20118.9765625, -15347.1953125, -1010.10687256, -2673.92114258, -2292.78540039, -3175.36425781, -419.352386475, -3042.8125, -463.268798828, -1331.5637207, -663.900756836, -844.831298828], [20118.9765625, 3451.5234375, -2186.33911133, -310.1484375, -420.549377441, -359.244812012, -565.49597168, -73.1246490479, -439.634674072, -124.859260559, -191.482192993, -132.092849731, -140.531768799], [-15347.1953125, -2186.33911133, 2326.53930664, 38.2042655945, 239.187637329, 294.643707275, 331.881195068, 29.6912937164, 400.833068848, 13.7357931137, 189.766464233, 69.9363098145, 75.2200698853], [-1010.10687256, -310.1484375, 38.2042655945, 327.671142578, 96.4317779541, -27.9770469666, 122.968040466, -27.4800167084, -25.6092662811, 40.8955802917, -25.0610256195, -23.5690422058, 1.55118000507], [-2673.92114258, -420.549377441, 239.187637329, 96.4317779541, 196.450668335, 50.0614395142, 78.6501922607, 5.32682704926, 60.3824996948, -4.07272768021, 3.64812731743, -20.5304279327, 19.4401721954], [-2292.78540039, -359.244812012, 294.643707275, -27.9770469666, 50.0614395142, 143.460189819, 57.6281929016, 35.247959137, 70.4747619629, 15.2645740509, 21.7185211182, 29.7691287994, 8.26690578461], [-3175.36425781, -565.49597168, 331.881195068, 122.968040466, 78.6501922607, 57.6281929016, 180.708618164, 14.9826517105, 56.0342903137, 26.6899681091, 27.9625911713, 15.9080266953, 19.4343948364], [-419.352386475, -73.1246490479, 29.6912937164, -27.4800167084, 5.32682704926, 35.247959137, 14.9826517105, 54.4355659485, 36.0912399292, 14.9479465485, 12.0707454681, 15.3070411682, 0.0826905295253], [-3042.8125, -439.634674072, 400.833068848, -25.6092662811, 60.3824996948, 70.4747619629, 56.0342903137, 36.0912399292, 132.582687378, 30.6324005127, 44.9371566772, 22.2633514404, 19.2886104584], [-463.268798828, -124.859260559, 13.7357931137, 40.8955802917, -4.07272768021, 15.2645740509, 26.6899681091, 14.9479465485, 30.6324005127, 63.2888145447, 26.1255760193, 18.1295566559, 1.45067989826], [-1331.5637207, -191.482192993, 189.766464233, -25.0610256195, 3.64812731743, 21.7185211182, 27.9625911713, 12.0707454681, 44.9371566772, 26.1255760193, 65.3020401001, 34.3977203369, 9.85245704651], [-663.900756836, -132.092849731, 69.9363098145, -23.5690422058, -20.5304279327, 29.7691287994, 15.9080266953, 15.3070411682, 22.2633514404, 18.1295566559, 34.3977203369, 58.4671478271, 22.3854980469], [-844.831298828, -140.531768799, 75.2200698853, 1.55118000507, 19.4401721954, 8.26690578461, 19.4343948364, 0.0826905295253, 19.2886104584, 1.45067989826, 9.85245704651, 22.3854980469, 40.9739952087]],
        "icov": [[0.00134955463, -0.00539091276005, 0.00322482828051, -0.00294272229075, 0.00330381072126, -0.00107563298661, 0.00133147079032, -0.000464711978566, 0.00115212670062, 0.000112771966087, 0.000926152744796, -0.00221029063687, 0.00198513711803], [-0.00539091276005, 0.0231390707195, -0.0117659922689, 0.0115767959505, -0.0115462429821, 0.00408808561042, -0.00322603737004, 0.00182394229341, -0.00466305715963, 0.00194671843201, -0.00551143707708, 0.0112098762766, -0.00712313875556], [0.00322482828051, -0.0117659922689, 0.0109139094129, -0.0093646729365, 0.0112301595509, -0.00602570222691, 0.00357554270886, 0.00219017989002, -0.00456622056663, 0.00870786886662, -0.00512163667008, -0.000884934386704, 0.00419933814555], [-0.00294272229075, 0.0115767959505, -0.0093646729365, 0.0180942025036, -0.0146207492799, 0.00938315689564, -0.00899027194828, 0.00209775473922, 0.0078189112246, -0.0162838324904, 0.0109926713631, -0.0010456572054, -0.000335229735356], [0.00330381072126, -0.0115462429821, 0.0112301595509, -0.0146207492799, 0.0235203113407, -0.0104105584323, 0.00557797821239, 7.58953610784e-05, -0.00813923310488, 0.0155755858868, -0.0101651567966, 0.00939045194536, -0.0026541412808], [-0.00107563298661, 0.00408808561042, -0.00602570222691, 0.00938315689564, -0.0104105584323, 0.019551480189, -0.00453397864476, -0.00517955515534, 0.00544887594879, -0.0121101466939, 0.0149139259011, -0.0127662224695, 0.00695755146444], [0.00133147079032, -0.00322603737004, 0.00357554270886, -0.00899027194828, 0.00557797821239, -0.00453397864476, 0.0173276606947, -0.00467440253124, 0.00167852465529, 0.0045323879458, -0.00550840469077, 0.00211563194171, -0.00055791757768], [-0.000464711978566, 0.00182394229341, 0.00219017989002, 0.00209775473922, 7.58953610784e-05, -0.00517955515534, -0.00467440253124, 0.0324329249561, -0.0152789391577, 0.00285554910079, -0.00142288685311, -0.00370377255604, 0.00519162602723], [0.00115212670062, -0.00466305715963, -0.00456622056663, 0.0078189112246, -0.00813923310488, 0.00544887594879, 0.00167852465529, -0.0152789391577, 0.0412457175553, -0.02728067711, 0.0121246306226, -0.00500687165186, -0.000784892414231], [0.000112771966087, 0.00194671843201, 0.00870786886662, -0.0162838324904, 0.0155755858868, -0.0121101466939, 0.0045323879458, 0.00285554910079, -0.02728067711, 0.0533563010395, -0.0309650395066, 0.0107814548537, -0.000960616685916], [0.000926152744796, -0.00551143707708, -0.00512163667008, 0.0109926713631, -0.0101651567966, 0.0149139259011, -0.00550840469077, -0.00142288685311, 0.0121246306226, -0.0309650395066, 0.0548506975174, -0.0333192162216, 0.0140114668757], [-0.00221029063687, 0.0112098762766, -0.000884934386704, -0.0010456572054, 0.00939045194536, -0.0127662224695, 0.00211563194171, -0.00370377255604, -0.00500687165186, 0.0107814548537, -0.0333192162216, 0.0577808767557, -0.0299179777503], [0.00198513711803, -0.00712313875556, 0.00419933814555, -0.000335229735356, -0.0026541412808, 0.00695755146444, -0.00055791757768, 0.00519162602723, -0.000784892414231, -0.000960616685916, 0.0140114668757, -0.0299179777503, 0.0466986820102]]
    },
    "melbands": {
        "max": [0.00135320425034, 0.00566001003608, 0.0213120821863, 0.0112899858505, 0.0089796576649, 0.00556442793459, 0.0116417258978, 0.00343735422939, 0.00163288530894, 0.00240763975307, 0.000784201314673, 0.00223519629799, 0.00227707182057, 0.00174883659929, 0.00107678503264, 0.00193196407054, 0.000332052004524, 0.000215000996832, 0.0001423577487, 9.59202589002e-05, 0.000103457961814, 6.6434389737e-05, 0.000135543697979, 0.000181507828529, 2.09092886507e-05, 6.34207799521e-06, 2.61756267719e-05, 1.79180970008e-05, 1.07315145215e-05, 2.34825893131e-06, 1.03574541299e-06, 6.70554641147e-07, 1.93342643229e-07, 1.01020120269e-07, 4.57014941446e-08, 2.95279125595e-08, 2.71611977354e-08, 2.35102088908e-08, 2.42220021818e-08, 2.07801971186e-08],
        "mean": [0.000152154738316, 0.000707369705196, 0.00130220549181, 0.000952960050199, 0.000775249558501, 0.000497980625369, 0.000593116797972, 0.000340950995451, 0.000131246517412, 0.000202813389478, 8.1101199612e-05, 0.000122737139463, 0.000157570437295, 0.000119624841318, 4.8167683417e-05, 7.98024993856e-05, 3.13498967444e-05, 2.46083000093e-05, 2.29181187024e-05, 1.59879364219e-05, 1.15582215585e-05, 8.74746910995e-06, 7.17562443242e-06, 6.17470050202e-06, 1.87354373793e-06, 1.08198116777e-06, 1.24252676414e-06, 9.89776367533e-07, 5.65682114484e-07, 1.16532106631e-07, 6.27956850963e-08, 3.30939329274e-08, 1.13412106373e-08, 5.82367398749e-09, 2.85538548361e-09, 1.9092896153e-09, 1.61909896601e-09, 1.37613731521e-09, 1.27813970519e-09, 1.15650555799e-09],
        "min": [1.33059111454e-24, 1.61127236056e-24, 2.6815435179e-24, 3.65536015931e-24, 2.04695008193e-24, 3.3089334705e-24, 1.97648882866e-24, 1.7292420716e-24, 2.13232810327e-24, 2.36627111561e-24, 3.2934165765e-24, 3.23043037195e-24, 1.99742914139e-24, 3.58603782397e-24, 1.2438117804e-24, 3.1687018089e-24, 2.85016746677e-24, 3.54505097792e-24, 4.26367604688e-24, 3.01106314257e-24, 4.15007968209e-24, 4.69544249727e-24, 3.86999501212e-24, 4.64346602995e-24, 4.91173750786e-24, 3.50635695609e-24, 4.80600490301e-24, 4.79268301447e-24, 4.87748753394e-24, 5.80372028276e-24, 5.46553245725e-24, 4.4929509748e-24, 4.20929710367e-24, 5.92670251459e-24, 5.71969949661e-24, 5.87823687273e-24, 5.9692339503e-24, 5.64698269279e-24, 7.06137085281e-24, 6.5388061178e-24],
        "stdev": [0.000192531471839, 0.00101575313602, 0.00219273031689, 0.00136662705336, 0.0012502130121, 0.000683388730977, 0.000925783941057, 0.000462674506707, 0.000167701145983, 0.000276285019936, 9.53088965616e-05, 0.000194333479158, 0.000300757441437, 0.000225969895837, 9.56209187279e-05, 0.000147909420775, 4.06811086577e-05, 2.87335933535e-05, 2.437729745e-05, 1.7064401618e-05, 1.25070746435e-05, 9.25507811189e-06, 1.22058881971e-05, 1.38180857903e-05, 2.34624894802e-06, 1.03659738215e-06, 2.46843683271e-06, 2.17509386857e-06, 1.34264701046e-06, 2.32518644339e-07, 1.31839271944e-07, 8.02856163773e-08, 2.52494647413e-08, 1.18546346073e-08, 3.91957044599e-09, 1.96352090143e-09, 1.64415325798e-09, 1.30650734675e-09, 1.34026700849e-09, 1.16717380205e-09]
    },
    "melbands128": {
        "max": [7.59341201046e-05, 0.00109544105362, 0.00214406521991, 0.00537602137774, 0.0060946540907, 0.013492888771, 0.0245672613382, 0.0286842212081, 0.0131477415562, 0.0119644301012, 0.0132879000157, 0.0172688793391, 0.00962696038187, 0.00572568038478, 0.0101378737018, 0.00496738078073, 0.00883554294705, 0.0171035435051, 0.0111585687846, 0.00438395049423, 0.00394543400034, 0.00201571756043, 0.00264699338004, 0.00156557292212, 0.00293461675756, 0.00475979270414, 0.000908303656615, 0.00117537588812, 0.000852902245242, 0.00115433265455, 0.00419155135751, 0.00419567665085, 0.00111236958764, 0.0067245438695, 0.0026952046901, 0.00269293226302, 0.00428200513124, 0.000241736095631, 0.000990341883153, 0.00100220285822, 0.00439896807075, 0.00109206337947, 0.00034030873212, 0.000323864718666, 0.000240788300289, 0.000271110067843, 0.000513169798069, 0.000321901228745, 0.000209856210859, 0.000149487372255, 0.000145342841279, 0.000273808836937, 0.000169396953424, 8.05129529908e-05, 9.54373899731e-05, 7.05867059878e-05, 0.000116307390272, 0.000326153181959, 5.2817442338e-05, 0.000420512689743, 0.000226909687626, 2.84184861812e-05, 2.7181700716e-05, 2.48463602475e-05, 8.7549969976e-06, 6.93660012985e-06, 9.24553387449e-06, 2.65488852165e-05, 5.02489419887e-05, 2.20382844418e-05, 2.35807619902e-05, 1.66235531651e-05, 2.79940122709e-05, 1.03558177216e-05, 5.27223710378e-06, 3.29684462486e-06, 1.44350133269e-06, 8.9360628408e-07, 1.2181776583e-06, 1.64107109413e-06, 1.06805987343e-06, 6.76533943533e-07, 2.96024808222e-07, 2.41891939368e-07, 2.768814511e-07, 1.52900625494e-07, 5.40896216705e-08, 5.58678081575e-08, 4.93106249166e-08, 5.991563512e-08, 2.81616046038e-08, 2.86522787718e-08, 2.77386469349e-08, 2.7382210277e-08, 2.65145221334e-08, 2.49319214163e-08, 2.26777565615e-08, 2.12888338069e-08, 2.79974425865e-08, 2.22050662302e-08, 2.15397211178e-08, 2.2582598902e-08, 1.78612449275e-08, 1.50020422751e-08, 1.37302453851e-08, 1.56685171504e-08, 1.34057538403e-08, 1.25634977977e-08, 1.3355210271e-08, 1.12132081398e-08, 1.14441638388e-08, 1.27183232834e-08, 1.0779857007e-08, 1.13215197217e-08, 9.70708757819e-09, 9.84734516152e-09, 1.003400385e-08, 9.12052833257e-09, 8.83022721609e-09, 8.59753868099e-09, 8.38907965317e-09, 8.20272116897e-09, 8.0455953011e-09, 7.90910714699e-09, 7.79348585667e-09, 7.69857866345e-09, 7.63114638147e-09, 7.58912932497e-09],
        "mean": [4.13713723901e-06, 5.28769378434e-05, 0.000179552167538, 0.000402960460633, 0.000604532659054, 0.00102879456244, 0.00124428537674, 0.00159867457114, 0.00112145172898, 0.000714129360858, 0.000968011503574, 0.00115539797116, 0.000625474262051, 0.000397003721446, 0.000718799012247, 0.000394128583139, 0.000342772778822, 0.000815923674963, 0.000680301571265, 0.000315110344673, 0.000241857283982, 0.000146294012666, 0.000130535117933, 7.48660313548e-05, 0.000206860015169, 0.00031678751111, 6.49305657134e-05, 6.69356668368e-05, 5.25849027326e-05, 0.000110332024633, 0.000165009565535, 0.000123003250337, 6.31943694316e-05, 0.000337057397701, 0.000106380728539, 6.95582202752e-05, 9.5489594969e-05, 2.73759433185e-05, 3.77184624085e-05, 5.53143072466e-05, 0.000129899402964, 5.29820463271e-05, 2.17533124669e-05, 2.43713329837e-05, 1.95193388208e-05, 2.27906275541e-05, 3.42789862771e-05, 2.47511798079e-05, 1.77476540557e-05, 1.45567109939e-05, 1.60266681632e-05, 1.84318123502e-05, 1.11852514237e-05, 9.06541299628e-06, 1.03635311461e-05, 9.4582874226e-06, 6.27231429462e-06, 7.45171428207e-06, 4.95275844514e-06, 1.18162770377e-05, 6.60110299577e-06, 2.58377122009e-06, 1.95659686142e-06, 1.97859480977e-06, 1.11583187845e-06, 9.1469689778e-07, 1.225085839e-06, 1.08153994915e-06, 1.46896911701e-06, 1.03269826468e-06, 9.64934429248e-07, 9.405572996e-07, 1.00433385342e-06, 4.19265575147e-07, 2.01453687509e-07, 1.16941080819e-07, 8.82021424786e-08, 5.64007685e-08, 6.2559003311e-08, 6.48867626296e-08, 4.16413605819e-08, 1.80594899035e-08, 1.39770204299e-08, 9.92797399846e-09, 1.07113544701e-08, 6.91371271344e-09, 4.01149424789e-09, 3.43411876713e-09, 2.78604206372e-09, 2.61134358581e-09, 1.96083638215e-09, 1.76727166235e-09, 1.64243096901e-09, 1.6407354364e-09, 1.61966717815e-09, 1.42894196475e-09, 1.30956712141e-09, 1.28861787907e-09, 1.34061239887e-09, 1.21848919843e-09, 1.22450594109e-09, 1.16297749209e-09, 1.03543651431e-09, 1.13363762821e-09, 1.03964814535e-09, 9.95141080651e-10, 1.05491737568e-09, 1.05354514002e-09, 1.06991204785e-09, 9.86081105658e-10, 1.05301301012e-09, 1.01687103182e-09, 9.70789448829e-10, 9.03629004956e-10, 8.91099138922e-10, 7.57588658473e-10, 2.42435460596e-10, 3.56669936641e-11, 2.7358020363e-11, 2.53921172283e-11, 2.54431180985e-11, 2.57092507006e-11, 2.2283256837e-11, 1.77969219223e-11, 1.74659470914e-11, 1.72288849853e-11, 1.70654532172e-11, 1.69699931191e-11],
        "min": [1.98485292363e-25, 5.54324854379e-26, 3.21024282974e-25, 8.67546230643e-25, 4.00606000903e-25, 5.56678088089e-25, 4.77727853315e-25, 1.35605653063e-24, 9.32480527195e-25, 1.33350763191e-24, 3.50704928014e-25, 2.31376108249e-25, 4.06214851243e-25, 9.04336040857e-25, 9.25197467495e-25, 4.93256087196e-25, 1.46550516338e-24, 7.57847479682e-25, 1.29195122828e-24, 9.97312469045e-25, 1.90895937695e-24, 1.38461674667e-24, 1.12944381105e-24, 6.5233294557e-25, 9.7064847741e-25, 5.76820073582e-25, 1.51627191251e-24, 1.42033449491e-24, 1.54440634087e-24, 1.32203069182e-24, 1.27764918007e-24, 1.17815981764e-24, 1.19519753687e-24, 7.67580494834e-25, 1.43323315957e-24, 2.14470789468e-24, 1.69606475129e-24, 1.18352091635e-24, 1.17517900811e-24, 1.079486236e-24, 1.27640662554e-24, 1.24939297131e-24, 1.19624563719e-24, 4.76569164556e-25, 2.18179796507e-24, 2.25818593032e-24, 1.75961656911e-24, 2.73259544024e-24, 2.57056834069e-24, 2.10843291481e-24, 1.85249153006e-24, 2.39487935355e-24, 2.75850774604e-24, 2.63408564584e-24, 1.5536495227e-24, 3.44006779093e-24, 3.18738499337e-24, 2.50037175025e-24, 2.10743441412e-24, 2.09386876756e-24, 1.76718628114e-24, 3.33966039162e-24, 2.27550852694e-24, 3.29299552199e-24, 1.88066155577e-24, 2.95126847203e-24, 3.01251898537e-24, 2.08643099252e-24, 1.51927589484e-24, 3.88786034505e-24, 3.82413576669e-24, 1.92002019292e-24, 3.20608139125e-24, 2.8762511526e-24, 4.77410494572e-24, 3.2086854211e-24, 2.91676468211e-24, 3.90471475272e-24, 3.8043811119e-24, 2.19407796557e-24, 2.71787016815e-24, 3.25052798402e-24, 3.3517859726e-24, 2.96898904897e-24, 3.27716268919e-24, 4.07346393326e-24, 3.65458668119e-24, 3.30432218408e-24, 3.76982584881e-24, 4.30477767219e-24, 3.76568235691e-24, 2.55327611521e-24, 3.03554149646e-24, 3.85421858288e-24, 3.99731282349e-24, 2.64732766221e-24, 3.72641798864e-24, 3.90830406983e-24, 5.03297754038e-24, 4.80501093827e-24, 4.84394280166e-24, 4.78311215954e-24, 4.61010667999e-24, 3.92733928348e-24, 4.28265840684e-24, 5.14978772449e-24, 4.43611551873e-24, 5.14881782001e-24, 5.4948260181e-24, 4.64758388387e-24, 3.95780785265e-24, 3.81470966773e-24, 4.65044784339e-24, 5.69286757621e-24, 4.58694375166e-24, 6.93205367348e-24, 6.61582891886e-24, 5.9336074141e-24, 5.59981788256e-24, 6.28251230944e-24, 5.7887311367e-24, 5.69254611539e-24, 6.28801579754e-24, 5.38528203179e-24, 5.16304847631e-24, 6.08146479685e-24, 6.16643182166e-24, 6.35459565794e-24],
        "stdev": [7.47144304114e-06, 0.000115666342026, 0.00025463529164, 0.000601937586907, 0.00089216203196, 0.0020030119922, 0.00258652353659, 0.00314263696782, 0.00187741895206, 0.00128659314942, 0.00165723753162, 0.00216062483378, 0.00123156607151, 0.000663885730319, 0.00107322807889, 0.000618020130787, 0.000733504479285, 0.00142730015796, 0.00119137065485, 0.000549147487618, 0.000410385458963, 0.000223199327593, 0.000242088732193, 0.000147541126353, 0.000337465608027, 0.000475489941891, 9.6859439509e-05, 0.000120166245324, 8.17750769784e-05, 0.000171414809301, 0.000363457540516, 0.000312812160701, 0.00011184271716, 0.000875836296473, 0.000240845838562, 0.000207106815651, 0.000353977055056, 3.86709507438e-05, 8.1535850768e-05, 0.000104239130451, 0.000301663938444, 0.000105842089397, 3.41628001479e-05, 3.6019111576e-05, 2.92399399768e-05, 3.31914998242e-05, 4.91953178425e-05, 3.56147538696e-05, 2.25481580856e-05, 1.93567975657e-05, 1.9425577193e-05, 2.53927428275e-05, 1.71053961822e-05, 1.15978191388e-05, 1.26615632325e-05, 1.1190791156e-05, 9.97511324385e-06, 2.18221721298e-05, 6.84766428094e-06, 3.34016112902e-05, 1.6307205442e-05, 3.47085529029e-06, 2.85716464532e-06, 2.98315376313e-06, 1.28103999941e-06, 1.00127556379e-06, 1.41820237332e-06, 2.07167977351e-06, 4.18788204115e-06, 2.11371661862e-06, 2.29473585023e-06, 2.32553543356e-06, 2.75470142697e-06, 1.00717886653e-06, 4.60879647335e-07, 2.82701961396e-07, 1.78330267886e-07, 1.03025342924e-07, 1.49363586388e-07, 1.75763702259e-07, 1.1306947556e-07, 4.54896493807e-08, 3.22357500693e-08, 2.26195204789e-08, 2.96316358117e-08, 1.59363686691e-08, 6.4491105789e-09, 5.53615642218e-09, 4.07741307384e-09, 4.0853871397e-09, 2.14267426024e-09, 1.93696791939e-09, 1.80261316984e-09, 1.8950883085e-09, 1.82043979891e-09, 1.51309065277e-09, 1.39143208067e-09, 1.35651656574e-09, 1.62634461454e-09, 1.37095701458e-09, 1.40632461232e-09, 1.33653776935e-09, 1.06424224988e-09, 1.14077503e-09, 1.01307595646e-09, 1.03646224936e-09, 1.0326896005e-09, 1.11396580849e-09, 1.04411856938e-09, 8.84508521981e-10, 9.65734936464e-10, 9.48958467362e-10, 8.65743532419e-10, 8.30892021852e-10, 7.57879037305e-10, 6.81858125517e-10, 4.84274786938e-10, 3.89282883706e-10, 3.76699949012e-10, 3.66840086086e-10, 3.58001905898e-10, 3.50161649676e-10, 3.4301606e-10, 3.36844940829e-10, 3.31923405428e-10, 3.27882387907e-10, 3.25010962587e-10, 3.23221532872e-10]
    },
    "mfcc": {
        "mean": [-773.817016602, 210.925720215, -48.4004745483, 17.4350414276, 2.77213358879, -7.04644060135, 1.46377563477, -6.22290802002, -4.41949129105, -4.98723077774, -6.26941633224, -2.09310603142, -1.12618601322],
        "cov": [[28588.7949219, 11359.3828125, -3077.21313477, 1455.93994141, 15.1537132263, -338.973022461, 193.299667358, -411.524353027, -207.550918579, -372.539123535, -350.044952393, -82.8161315918, -139.072860718], [11359.3828125, 5266.06054688, -911.315002441, 262.127197266, 144.434005737, -225.805618286, -28.2957687378, -132.564437866, -134.727539062, -111.400352478, -163.241744995, -59.9278144836, -9.37348365784], [-3077.21313477, -911.315002441, 776.590454102, -217.609786987, -8.30257225037, 15.802239418, -70.027381897, 54.7584114075, -22.4856739044, 37.163394928, 32.8401031494, 11.9006509781, 38.7229690552], [1455.93994141, 262.127197266, -217.609786987, 361.006469727, -28.7037696838, 40.9263343811, 73.566986084, -55.348487854, 14.996216774, -26.2124347687, -2.77243280411, -2.5379357338, -53.517539978], [15.1537132263, 144.434005737, -8.30257225037, -28.7037696838, 127.924964905, 6.74724817276, -18.4589042664, 6.09857082367, 0.772011458874, 22.3340244293, -2.67930817604, -17.2351322174, -9.60848045349], [-338.973022461, -225.805618286, 15.802239418, 40.9263343811, 6.74724817276, 79.7326049805, 31.2567958832, 8.94738578796, 22.8616313934, 9.56296539307, 17.7043037415, -4.7887005806, -19.6783218384], [193.299667358, -28.2957687378, -70.027381897, 73.566986084, -18.4589042664, 31.2567958832, 71.5491256714, 11.088809967, 11.7717342377, -7.39647865295, 0.270741373301, 3.62545394897, -12.7320861816], [-411.524353027, -132.564437866, 54.7584114075, -55.348487854, 6.09857082367, 8.94738578796, 11.088809967, 54.3009567261, 18.6454677582, 5.55420923233, 3.69913911819, 0.594966471195, 7.62768936157], [-207.550918579, -134.727539062, -22.4856739044, 14.996216774, 0.772011458874, 22.8616313934, 11.7717342377, 18.6454677582, 47.4871520996, 18.4645214081, 6.71168279648, -5.37478971481, -11.2362689972], [-372.539123535, -111.400352478, 37.163394928, -26.2124347687, 22.3340244293, 9.56296539307, -7.39647865295, 5.55420923233, 18.4645214081, 48.2935638428, 22.6760787964, -0.806379139423, 2.65635323524], [-350.044952393, -163.241744995, 32.8401031494, -2.77243280411, -2.67930817604, 17.7043037415, 0.270741373301, 3.69913911819, 6.71168279648, 22.6760787964, 53.9736175537, 20.9671421051, 2.41343998909], [-82.8161315918, -59.9278144836, 11.9006509781, -2.5379357338, -17.2351322174, -4.7887005806, 3.62545394897, 0.594966471195, -5.37478971481, -0.806379139423, 20.9671421051, 42.4332313538, 22.6918792725], [-139.072860718, -9.37348365784, 38.7229690552, -53.517539978, -9.60848045349, -19.6783218384, -12.7320861816, 7.62768936157, -11.2362689972, 2.65635323524, 2.41343998909, 22.6918792725, 57.0218925476]],
        "icov": [[0.00200385856442, -0.00386063125916, 0.00270381337032, -0.00357444491237, 0.00350929331034, -0.00250799464993, 0.00170037697535, -0.00135691300966, 0.000747085141484, 0.0011894623749, 0.000661828264128, -0.00176966632716, 0.000116788425657], [-0.00386063125916, 0.00777048198506, -0.00485788704827, 0.00661549530923, -0.00712524028495, 0.00545204849914, -0.00304305437021, 0.00237253191881, -0.000535742030479, -0.00235040974803, -0.000883091182914, 0.00366350030527, -0.000363181228749], [0.00270381337032, -0.00485788704827, 0.00608362676576, -0.00481280637905, 0.00553785869852, -0.00482410332188, 0.00526629853994, -0.00515560386702, 0.00519381510094, -0.000713206769433, 0.00174138811417, -0.00263378815725, 0.00031249501626], [-0.00357444491237, 0.00661549530923, -0.00481280637905, 0.0126762026921, -0.00625836849213, 0.0036742973607, -0.00887831859291, 0.0105222789571, -0.00607555825263, 0.00129490427207, -0.00254514277913, 0.00222960300744, 0.00232156459242], [0.00350929331034, -0.00712524028495, 0.00553785869852, -0.00625836849213, 0.0172546710819, -0.0083079719916, 0.00767631968483, -0.00716006662697, 0.00647350493819, -0.00593464728445, 0.00405798759311, -0.00242759869434, 0.00281180581078], [-0.00250799464993, 0.00545204849914, -0.00482410332188, 0.0036742973607, -0.0083079719916, 0.0264526512474, -0.0124362530187, 0.00529411667958, -0.00924636237323, 0.0029786422383, -0.00924875587225, 0.00787329766899, 0.00104527524672], [0.00170037697535, -0.00304305437021, 0.00526629853994, -0.00887831859291, 0.00767631968483, -0.0124362530187, 0.0315110050142, -0.0178658999503, 0.009686130099, -0.00436226604506, 0.00719840591773, -0.00776514504105, 0.00306278537028], [-0.00135691300966, 0.00237253191881, -0.00515560386702, 0.0105222789571, -0.00716006662697, 0.00529411667958, -0.0178658999503, 0.0414639823139, -0.0236728191376, 0.0118496445939, -0.00637296773493, 0.00458409357816, -0.00522919511423], [0.000747085141484, -0.000535742030479, 0.00519381510094, -0.00607555825263, 0.00647350493819, -0.00924636237323, 0.009686130099, -0.0236728191376, 0.0471449419856, -0.0222931001335, 0.00881441682577, -0.00238615693524, 0.00663911225274], [0.0011894623749, -0.00235040974803, -0.000713206769433, 0.00129490427207, -0.00593464728445, 0.0029786422383, -0.00436226604506, 0.0118496445939, -0.0222931001335, 0.0444385744631, -0.0202205535024, 0.009555936791, -0.00772691518068], [0.000661828264128, -0.000883091182914, 0.00174138811417, -0.00254514277913, 0.00405798759311, -0.00924875587225, 0.00719840591773, -0.00637296773493, 0.00881441682577, -0.0202205535024, 0.0386578328907, -0.0232400242239, 0.00814058631659], [-0.00176966632716, 0.00366350030527, -0.00263378815725, 0.00222960300744, -0.00242759869434, 0.00787329766899, -0.00776514504105, 0.00458409357816, -0.00238615693524, 0.009555936791, -0.0232400242239, 0.0481686405838, -0.0189721975476], [0.000116788425657, -0.000363181228749, 0.00031249501626, 0.00232156459242, 0.00281180581078, 0.00104527524672, 0.00306278537028, -0.00522919511423, 0.00663911225274, -0.00772691518068, 0.00814058631659, -0.0189721975476, 0.0308204870671]]
    },
    "spectral_contrast_coeffs": {
        "max": [-0.473580390215, -0.545763611794, -0.571728289127, -0.703905344009, -0.69301366806, -0.641700208187],
        "mean": [-0.704543411732, -0.771112143993, -0.77677410841, -0.825836837292, -0.79403090477, -0.789893507957],
        "min": [-0.976151645184, -0.978887975216, -0.968794703484, -0.97160166502, -0.964745461941, -0.96488314867],
        "stdev": [0.107772216201, 0.0885332748294, 0.0866998657584, 0.056189134717, 0.0612255446613, 0.0700551196933]
    },
    "spectral_contrast_valleys": {
        "max": [-5.27753448486, -5.01553821564, -5.79914808273, -6.22139501572, -6.73782587051, -8.91644859314],
        "mean": [-8.66611099243, -8.29916477203, -8.96834182739, -9.25999832153, -10.2740697861, -14.2716989517],
        "min": [-28.0454521179, -28.0724639893, -27.8021259308, -27.5775699615, -27.510515213, -27.3845920563],
        "stdev": [6.08008527756, 6.18899774551, 5.99741458893, 5.88461256027, 5.56913232803, 4.22022008896]
    }
},
"rhythm": {
    "beats_count": 28,
    "beats_loudness": {
        "max": 0.0772323459387,
        "mean": 0.0254887957126,
        "min": 0,
        "stdev": 0.0209672059864
    },
    "bpm": 137.597259521,
    "bpm_histogram_first_peak_bpm": 136,
    "bpm_histogram_first_peak_weight": 0.43478256464,
    "bpm_histogram_second_peak_bpm": 126,
    "bpm_histogram_second_peak_spread": 0.5,
    "bpm_histogram_second_peak_weight": 0.074074074626,
    "danceability": 0.999590575695,
    "onset_rate": 1.01885950565,
    "beats_loudness_band_ratio": {
        "max": [0.805487632751, 0.725759267807, 0.685720145702, 0.430736660957, 0.288856238127, 0.0992831662297],
        "mean": [0.24535754323, 0.243152588606, 0.248520508409, 0.167383283377, 0.0578957423568, 0.0072185555473],
        "min": [0, 0, 0, 0, 0, 0],
        "stdev": [0.193867310882, 0.169848099351, 0.164293467999, 0.132000803947, 0.0722623169422, 0.0184359401464]
    },
    "beats_position": [0.46439909935, 0.940408170223, 1.4164172411, 1.88081634045, 2.34521532059, 2.7863945961, 3.21596360207, 3.64553284645, 4.07510185242, 4.51628112793, 4.95746040344, 5.39863920212, 5.8282084465, 6.25777769089, 6.6989569664, 7.14013576508, 7.56970500946, 7.99927425385, 8.44045352936, 8.87002277374, 9.31120204926, 9.74077033997, 10.1703395844, 10.6115188599, 11.0526981354, 11.4938774109, 11.9350566864, 12.3762359619],
