{
"metadata": {
    "version": {
        "essentia": "2.1-beta5",
        "essentia_git_sha": "Undefined",
        "extractor": "music 2.0"
    },
    "audio_properties": {
        "analysis": {
            "equal_loudness": 0,
            "length": 32.4963264465,
            "sample_rate": 44100,
            "start_time": 93.9943771362,
            "downmix": "mix"
        },
        "bit_rate": 192000,
        "length": 151.010986328,
        "lossless": 0,
        "number_channels": 2,
        "replay_gain": -9.48721313477,
        "sample_rate": 48000,
        "codec": "mp3",
        "md5_encoded": "2c74bf09fbdb0162fbef909f44487e23"
    },
    "tags": {
        "file_name": "Monaco_Où Sont-elles Passées_Romuald.mp3",
        "encoding": ["Lavf58.29.100"]
    }
},
"lowlevel": {
    "average_loudness": 0.647983431816,
    "barkbands_crest": {
        "max": 24.903470993,
        "mean": 11.9425592422,
        "min": 4.06416797638,
        "stdev": 4.03049373627
    },
    "barkbands_flatness_db": {
        "max": 0.384895414114,
        "mean": 0.242359131575,
        "min": 0.138036876917,
        "stdev": 0.034969586879
    },
    "barkbands_kurtosis": {
        "max": 67.8897094727,
        "mean": 5.84811258316,
        "min": -1.70678758621,
        "stdev": 6.59587287903
    },
    "barkbands_skewness": {
        "max": 6.33152198792,
        "mean": 1.71076047421,
        "min": -0.788315176964,
        "stdev": 0.893096804619
    },
    "barkbands_spread": {
        "max": 52.7684631348,
        "mean": 9.45017337799,
        "min": 1.50118911266,
        "stdev": 6.46317911148
    },
    "dissonance": {
        "max": 0.49986705184,
        "mean": 0.421201825142,
        "min": 0.162873283029,
        "stdev": 0.045584063977
    },
    "dynamic_complexity": 4.48690319061,
    "erbbands_crest": {
        "max": 29.4984016418,
        "mean": 12.27480793,
        "min": 3.7866590023,
        "stdev": 4.63540887833
    },
    "erbbands_flatness_db": {
        "max": 0.370237648487,
        "mean": 0.266709417105,
        "min": 0.170500099659,
        "stdev": 0.0339893475175
    },
    "erbbands_kurtosis": {
        "max": 39.5289764404,
        "mean": 2.05519866943,
        "min": -1.82651209831,
        "stdev": 4.24483060837
    },
    "erbbands_skewness": {
        "max": 5.12743711472,
        "mean": 1.02695178986,
        "min": -1.47387206554,
        "stdev": 0.825909435749
    },
    "erbbands_spread": {
        "max": 102.459968567,
        "mean": 22.8951778412,
        "min": 2.59839892387,
        "stdev": 12.7858524323
    },
    "hfc": {
        "max": 122.784683228,
        "mean": 10.9357185364,
        "min": 0.0144418627024,
        "stdev": 14.8442459106
    },
    "loudness_ebu128": {
        "integrated": -16.8271007538,
        "loudness_range": 8.77793884277,
        "momentary": {
            "max": -9.82799911499,
            "mean": -18.8837871552,
            "min": -28.5426864624,
            "stdev": 4.28866195679
        },
        "short_term": {
            "max": -12.9900054932,
            "mean": -17.7552127838,
            "min": -23.9135131836,
            "stdev": 2.96989536285
        }
    },
    "melbands_crest": {
        "max": 32.8449020386,
        "mean": 14.6079854965,
        "min": 5.82923460007,
        "stdev": 4.76770162582
    },
    "melbands_flatness_db": {
        "max": 0.473349779844,
        "mean": 0.274476826191,
        "min": 0.140813797712,
        "stdev": 0.0468611977994
    },
    "melbands_kurtosis": {
        "max": 77.5672912598,
        "mean": 9.07510089874,
        "min": -0.487676620483,
        "stdev": 8.20528411865
    },
    "melbands_skewness": {
        "max": 8.20170497894,
        "mean": 2.02069783211,
        "min": -0.852831959724,
        "stdev": 1.05753529072
    },
    "melbands_spread": {
        "max": 50.4201278687,
        "mean": 11.7467012405,
        "min": 1.26771843433,
        "stdev": 7.4017906189
    },
    "pitch_salience": {
        "max": 0.840608477592,
        "mean": 0.56624519825,
        "min": 0.173343285918,
        "stdev": 0.103654049337
    },
    "silence_rate_20dB": {
        "max": 1,
        "mean": 1,
        "min": 1,
        "stdev": 0
    },
    "silence_rate_30dB": {
        "max": 1,
        "mean": 0.996431112289,
        "min": 0,
        "stdev": 0.0596344694495
    },
    "silence_rate_60dB": {
        "max": 1,
        "mean": 0.205567449331,
        "min": 0,
        "stdev": 0.40411439538
    },
    "spectral_centroid": {
        "max": 2536.24829102,
        "mean": 861.112792969,
        "min": 199.278488159,
        "stdev": 438.493499756
    },
    "spectral_complexity": {
        "max": 27,
        "mean": 10.6902208328,
        "min": 0,
        "stdev": 5.22741508484
    },
    "spectral_decrease": {
        "max": -7.43944315873e-12,
        "mean": -3.69118335897e-09,
        "min": -5.32383594987e-08,
        "stdev": 4.38853442475e-09
    },
    "spectral_energy": {
        "max": 0.21207100153,
        "mean": 0.0149232996628,
        "min": 2.93881475955e-05,
        "stdev": 0.017848758027
    },
    "spectral_energyband_high": {
        "max": 0.00100898160599,
        "mean": 2.01260463655e-05,
        "min": 1.58545844897e-07,
        "stdev": 5.51392149646e-05
    },
    "spectral_energyband_low": {
        "max": 0.00759106036276,
        "mean": 0.000416928960476,
        "min": 2.96436201097e-06,
        "stdev": 0.000840717751998
    },
    "spectral_energyband_middle_high": {
        "max": 0.0883754119277,
        "mean": 0.00372624141164,
        "min": 3.10399991577e-06,
        "stdev": 0.00802171323448
    },
    "spectral_energyband_middle_low": {
        "max": 0.203401908278,
        "mean": 0.0108982799575,
        "min": 2.3495642381e-05,
        "stdev": 0.0136291375384
    },
    "spectral_entropy": {
        "max": 7.98613977432,
        "mean": 6.73666334152,
        "min": 5.43165493011,
        "stdev": 0.344687432051
    },
    "spectral_flux": {
        "max": 0.298488140106,
        "mean": 0.0513119585812,
        "min": 0.00596884358674,
        "stdev": 0.0329280868173
    },
    "spectral_kurtosis": {
        "max": 34.2937965393,
        "mean": 10.3081445694,
        "min": -0.955423593521,
        "stdev": 5.34690284729
    },
    "spectral_rms": {
        "max": 0.0143839679658,
        "mean": 0.00333555112593,
        "min": 0.000169326202013,
        "stdev": 0.00185294297989
    },
    "spectral_rolloff": {
        "max": 5663.23242188,
        "mean": 922.129638672,
        "min": 193.798828125,
        "stdev": 625.245483398
    },
    "spectral_skewness": {
        "max": 4.65534877777,
        "mean": 2.17117357254,
        "min": 0.183599099517,
        "stdev": 0.802643179893
    },
    "spectral_spread": {
        "max": 8224909.5,
        "mean": 2633780,
        "min": 1697631.875,
        "stdev": 589889.9375
    },
    "spectral_strongpeak": {
        "max": 8.46537208557,
        "mean": 1.2328286171,
        "min": 0.00259917345829,
        "stdev": 1.29976773262
    },
    "zerocrossingrate": {
        "max": 0.13330078125,
        "mean": 0.0339782424271,
        "min": 0.0078125,
        "stdev": 0.0137105751783
    },
    "barkbands": {
        "max": [6.00690982537e-05, 0.00432344293222, 0.00407881569117, 0.00123515864834, 0.0562125444412, 0.020903006196, 0.0729846954346, 0.16445158422, 0.0665311291814, 0.0736881569028, 0.0280792657286, 0.0229332484305, 0.0338746160269, 0.0140514457598, 0.00683202408254, 0.00867059081793, 0.00291194021702, 0.00502567272633, 0.00411790004, 0.000748747901525, 0.000483612442622, 0.00051319913473, 0.000229278710322, 3.45024309354e-05, 7.57476936997e-06, 3.21418838212e-06, 3.44124168805e-06],
        "mean": [3.137154863e-06, 0.000260792672634, 0.000134779198561, 0.000104086386273, 0.00235028192401, 0.00116707012057, 0.00247942958958, 0.00270968559198, 0.00188404798973, 0.000874353107065, 0.000582462584134, 0.000462953234091, 0.000549060176127, 0.000295400648611, 0.000210987403989, 0.000119429125334, 0.000183623400517, 0.000206531301956, 0.000286027847324, 4.33802160842e-05, 4.31610669693e-06, 5.68082577956e-06, 3.66835433852e-06, 1.64650839451e-06, 4.5393537107e-07, 2.78979772617e-09, 2.98448665781e-09],
        "min": [1.8330446494e-08, 6.46182343189e-07, 1.20712925877e-07, 2.54600422522e-07, 6.50239144306e-06, 4.79664458908e-06, 1.30181535951e-06, 2.97535757454e-06, 1.8695216113e-06, 8.85745464529e-07, 2.28407984082e-07, 1.67664381934e-07, 1.30097021156e-07, 6.79853897623e-08, 2.43020892299e-08, 4.35591935855e-08, 2.85568741987e-08, 3.17190149701e-08, 2.14644266805e-08, 1.48640131314e-08, 1.90513382847e-08, 1.99632506082e-08, 2.79810681292e-08, 2.4931471998e-08, 2.68410147442e-08, 1.27123650148e-11, 1.75769104133e-11],
        "stdev": [4.07817287851e-06, 0.000520038534887, 0.000390373315895, 0.000151877495227, 0.00378554896452, 0.00196696794592, 0.00494883162901, 0.00824162270874, 0.00539652816951, 0.00480860518292, 0.00189696450252, 0.00166051567066, 0.00217420328408, 0.000810737372376, 0.000537100771908, 0.0004483826051, 0.00034698023228, 0.000471552804811, 0.000455781526398, 9.01280218386e-05, 1.81139694178e-05, 2.36141968344e-05, 1.23215650092e-05, 3.10632140099e-06, 3.32605253561e-07, 8.58366959733e-08, 9.18999774058e-08]
    },
    "erbbands": {
        "max": [0.0875450074673, 1.22764074802, 5.50349855423, 2.37360239029, 50.708240509, 315.824859619, 170.104919434, 209.382659912, 483.571411133, 3789.29980469, 2165.11962891, 1139.95178223, 1757.57629395, 1060.78027344, 722.049743652, 862.228942871, 1214.19702148, 761.318237305, 267.936340332, 313.136535645, 393.573242188, 173.51965332, 366.262481689, 160.681625366, 180.236129761, 20.8419036865, 7.48143863678, 27.2872467041, 22.4338302612, 8.57372093201, 6.95621967316, 1.06476306915, 0.500503599644, 0.136661082506, 0.0263516902924, 0.0128663834184, 0.00596022000536, 0.00212899036705, 0.000493526516948, 0.000241650675889],
        "mean": [0.00474483892322, 0.0676361769438, 0.186480551958, 0.213682293892, 2.05641245842, 10.7379932404, 11.2882928848, 8.62225151062, 19.1236000061, 65.1947631836, 56.9200172424, 36.0485992432, 34.1665534973, 26.7780036926, 13.835770607, 21.2188243866, 26.4168815613, 16.192949295, 11.1108999252, 10.0418214798, 7.71624279022, 11.5488834381, 12.7464494705, 8.58148765564, 14.6819877625, 1.90738165379, 0.227070063353, 0.205531075597, 0.216844901443, 0.13990791142, 0.0988662987947, 0.0472765155137, 0.0204893294722, 0.00778430420905, 0.00177139043808, 6.52196249575e-05, 1.32868644869e-05, 3.91946150557e-06, 8.24845392344e-06, 1.74656215677e-05],
        "min": [1.31544975375e-05, 0.000159260758664, 0.000269743119134, 0.002280785935, 0.011790169403, 0.0238088071346, 0.0334628224373, 0.0397964715958, 0.0252737049013, 0.0334071815014, 0.111232362688, 0.0617524124682, 0.0274943783879, 0.0104755098, 0.00799162033945, 0.00507938535884, 0.0061717950739, 0.00501928338781, 0.00126275559887, 0.00160862656776, 0.00257921009324, 0.00160976068582, 0.00172336783726, 0.00100745377131, 0.0011199460132, 0.000880774459802, 0.000724989455193, 0.000755724322516, 0.000711244705599, 0.000822070986032, 0.000812887039501, 0.000517819833476, 0.00038830388803, 0.000347106310073, 0.000155126559548, 1.48411681948e-05, 1.26653662846e-06, 1.84705697848e-07, 2.78656756336e-07, 2.41649303234e-07],
        "stdev": [0.0105390166864, 0.141965657473, 0.532537043095, 0.26860794425, 3.21781277657, 21.033039093, 19.309627533, 13.8263578415, 34.6879081726, 183.293655396, 141.109405518, 96.7681884766, 129.295059204, 86.8659896851, 38.4983406067, 74.6234130859, 91.0275192261, 43.2123641968, 25.8358726501, 23.4938430786, 22.2222652435, 19.7911567688, 29.5816192627, 13.9521722794, 23.3629379272, 2.97022747993, 0.405142605305, 1.05982875824, 0.948689162731, 0.4377592206, 0.361164867878, 0.0914377570152, 0.0400258265436, 0.00646861363202, 0.00109898007941, 0.000343726831488, 0.000159205315867, 5.68712675886e-05, 1.60662148119e-05, 2.09814388654e-05]
    },
    "gfcc": {
        "mean": [-119.123939514, 157.108322144, -156.069625854, 15.0404872894, -75.7925949097, -14.194934845, -46.8099555969, -1.40438067913, -10.3940505981, -19.5465049744, 10.0365066528, -20.3180942535, 4.06185054779],
        "cov": [[3786.30541992, -442.63659668, -2077.84399414, -152.533340454, 353.810974121, -623.508422852, 375.350189209, 61.9392127991, 97.3340759277, -226.345870972, 250.022476196, -37.3919715881, -294.895233154], [-442.63659668, 321.434082031, 396.31048584, -24.358297348, 78.3455352783, 148.184356689, 0.0712750256062, 39.5590629578, 15.7027263641, 64.3635864258, -8.25196456909, -10.5806980133, 64.5463256836], [-2077.84399414, 396.31048584, 1518.18859863, 214.967773438, -147.109191895, 436.140716553, -149.306945801, -3.73867368698, 9.2867231369, 139.849655151, -134.153808594, 38.7244300842, 168.440032959], [-152.533340454, -24.358297348, 214.967773438, 367.761352539, 97.6499023438, -0.394680708647, -73.9577102661, -12.8399362564, 37.6284828186, 9.01815605164, -49.3990745544, 26.3291378021, 37.274066925], [353.810974121, 78.3455352783, -147.109191895, 97.6499023438, 257.624450684, -29.8090076447, 5.96941947937, 44.8128890991, 27.2678031921, 7.21469593048, 21.6234169006, -15.4445228577, 4.24381542206], [-623.508422852, 148.184356689, 436.140716553, -0.394680708647, -29.8090076447, 359.627044678, 73.5770187378, -1.87051892281, -26.4532108307, 42.2811355591, -23.8564758301, 27.4351005554, 74.6408004761], [375.350189209, 0.0712750256062, -149.306945801, -73.9577102661, 5.96941947937, 73.5770187378, 200.488037109, 57.759677887, -12.8228282928, -27.1476840973, 55.0776329041, 7.62023067474, -41.7303695679], [61.9392127991, 39.5590629578, -3.73867368698, -12.8399362564, 44.8128890991, -1.87051892281, 57.759677887, 104.425292969, 36.5997200012, 15.7887859344, 31.2957191467, -12.7940177917, -27.0527648926], [97.3340759277, 15.7027263641, 9.2867231369, 37.6284828186, 27.2678031921, -26.4532108307, -12.8228282928, 36.5997200012, 115.465065002, 51.2593688965, 9.47929859161, -5.39634132385, -15.4667205811], [-226.345870972, 64.3635864258, 139.849655151, 9.01815605164, 7.21469593048, 42.2811355591, -27.1476840973, 15.7887859344, 51.2593688965, 110.500282288, 19.6749477386, -9.75847911835, 14.3658733368], [250.022476196, -8.25196456909, -134.153808594, -49.3990745544, 21.6234169006, -23.8564758301, 55.0776329041, 31.2957191467, 9.47929859161, 19.6749477386, 99.5673904419, 21.8013629913, -35.5730514526], [-37.3919715881, -10.5806980133, 38.7244300842, 26.3291378021, -15.4445228577, 27.4351005554, 7.62023067474, -12.7940177917, -5.39634132385, -9.75847911835, 21.8013629913, 78.6753311157, 39.5666503906], [-294.895233154, 64.5463256836, 168.440032959, 37.274066925, 4.24381542206, 74.6408004761, -41.7303695679, -27.0527648926, -15.4667205811, 14.3658733368, -35.5730514526, 39.5666503906, 108.21987915]],
        "icov": [[0.0035170011688, -0.000377443211619, 0.00261140870862, -0.000538672262337, -0.00261469371617, 0.00302460882813, -0.00639325473458, 0.00516539625823, -0.00549314869568, 0.00408547464758, -0.00301979156211, 0.00140453560743, -6.13914962742e-05], [-0.000377443211619, 0.0128434700891, -0.00621109735221, 0.00604838784784, -0.00846191029996, 0.00222804793157, -0.00363264372572, 0.00193930789828, -0.00183441396803, 9.3415241281e-05, -0.00249692518264, 0.00436296872795, -0.00591611955315], [0.00261140870862, -0.00621109735221, 0.00702575361356, -0.00441910559312, 0.0038374424912, -0.00181325059384, -0.000109274980787, -0.000166331054061, -0.00209665670991, 0.00132591696456, 0.000257283070823, -0.00156485615298, 0.00260474020615], [-0.000538672262337, 0.00604838784784, -0.00441910559312, 0.0076993429102, -0.00671451957896, 0.00209123920649, -0.00145057670306, 0.00203618360683, -0.00146625004709, -0.000389764958527, 0.00209115445614, -0.00167777389288, -0.000935466669034], [-0.00261469371617, -0.00846191029996, 0.0038374424912, -0.00671451957896, 0.0149471024051, -0.00577363371849, 0.00950089562684, -0.00941000320017, 0.00554633745924, -0.00257982709445, 0.000849110540003, 0.000131041451823, 0.000335556687787], [0.00302460882813, 0.00222804793157, -0.00181325059384, 0.00209123920649, -0.00577363371849, 0.0116247916594, -0.0133107695729, 0.00872429460287, -0.00455212546512, 0.00149575388059, -0.00173792883288, 0.001701915171, -0.00377084058709], [-0.00639325473458, -0.00363264372572, -0.000109274980787, -0.00145057670306, 0.00950089562684, -0.0133107695729, 0.0266366880387, -0.0177946295589, 0.0118174673989, -0.00439344998449, 0.00329875363968, -0.00528642814606, 0.00533530628309], [0.00516539625823, 0.00193930789828, -0.000166331054061, 0.00203618360683, -0.00941000320017, 0.00872429460287, -0.0177946295589, 0.0267902929336, -0.0139402598143, 0.00727240741253, -0.00843813456595, 0.00627621775493, -0.00136266229674], [-0.00549314869568, -0.00183441396803, -0.00209665670991, -0.00146625004709, 0.00554633745924, -0.00455212546512, 0.0118174673989, -0.0139402598143, 0.02401066944, -0.0155393593013, 0.0102109247819, -0.00803502555937, 0.00567670445889], [0.00408547464758, 9.3415241281e-05, 0.00132591696456, -0.000389764958527, -0.00257982709445, 0.00149575388059, -0.00439344998449, 0.00727240741253, -0.0155393593013, 0.0252836793661, -0.0162724833935, 0.01212034747, -0.00701662292704], [-0.00301979156211, -0.00249692518264, 0.000257283070823, 0.00209115445614, 0.000849110540003, -0.00173792883288, 0.00329875363968, -0.00843813456595, 0.0102109247819, -0.0162724833935, 0.030450342223, -0.0200194101781, 0.0134159587324], [0.00140453560743, 0.00436296872795, -0.00156485615298, -0.00167777389288, 0.000131041451823, 0.001701915171, -0.00528642814606, 0.00627621775493, -0.00803502555937, 0.01212034747, -0.0200194101781, 0.0320471711457, -0.0184647273272], [-6.13914962742e-05, -0.00591611955315, 0.00260474020615, -0.000935466669034, 0.000335556687787, -0.00377084058709, 0.00533530628309, -0.00136266229674, 0.00567670445889, -0.00701662292704, 0.0134159587324, -0.0184647273272, 0.0260777845979]]
    },
    "melbands": {
        "max": [0.000824487884529, 0.00227188854478, 0.00140708382241, 0.0110064102337, 0.00826568249613, 0.00504491245374, 0.00750631652772, 0.0442422516644, 0.0170856751502, 0.00814820826054, 0.00982958171517, 0.00550532341003, 0.00377455400303, 0.000879826548044, 0.00459446385503, 0.00172182300594, 0.00172324385494, 0.00043256819481, 0.000757625210099, 0.000637721677776, 0.000342286424711, 0.000223829309107, 0.000228993638302, 0.000338366255164, 0.000121477300127, 0.000217917084228, 4.84238153149e-05, 7.78155754233e-06, 4.59207876702e-06, 1.40371130328e-05, 1.56733822223e-05, 1.29124200612e-05, 9.73621627054e-06, 3.91535559174e-06, 4.6590726015e-06, 1.99701503334e-06, 5.44515671663e-07, 5.57739326723e-07, 1.97119717882e-07, 8.63198792445e-08],
        "mean": [5.78581093578e-05, 9.24923151615e-05, 7.82984498073e-05, 0.000438697024947, 0.000443461321993, 0.000206691736821, 0.000346995133441, 0.000702805584297, 0.000455278670415, 0.000219378198381, 0.000173800450284, 0.000113142763439, 6.33925519651e-05, 2.72043052973e-05, 9.46291402215e-05, 3.85462371923e-05, 2.91112664854e-05, 1.84838718269e-05, 1.41287655424e-05, 1.0128374015e-05, 8.59791452967e-06, 1.19317710414e-05, 1.34829087983e-05, 7.7225113273e-06, 6.02630007052e-06, 1.40519841807e-05, 4.98130884807e-06, 4.11208787909e-07, 1.1244748066e-07, 9.46113800637e-08, 1.2598653143e-07, 1.26854843074e-07, 9.90132988932e-08, 7.30838962681e-08, 6.26392946401e-08, 3.66594612444e-08, 2.66636792645e-08, 1.68389675537e-08, 7.56437046334e-09, 6.2108282961e-09],
        "min": [1.32242590212e-07, 2.22245603254e-07, 6.63676075874e-07, 1.30830335365e-06, 1.18005141303e-06, 8.88206614036e-07, 3.5065986026e-07, 4.80753271859e-07, 7.43468149267e-07, 2.82600495893e-07, 1.28812104094e-07, 3.05711722604e-08, 2.46042954899e-08, 2.24225935597e-08, 1.47525547334e-08, 1.18540350869e-08, 8.59560067568e-09, 1.61018687272e-09, 2.12976170033e-09, 2.32490249275e-09, 3.1948008683e-09, 1.65915103878e-09, 1.58381574522e-09, 1.48471224204e-09, 6.98782809394e-10, 8.99449348335e-10, 4.51153947534e-10, 6.78786304942e-10, 3.81012388306e-10, 5.28604715555e-10, 4.10018546892e-10, 3.41647710123e-10, 4.5356976508e-10, 4.96829355434e-10, 5.14935816209e-10, 3.20973414514e-10, 3.19640008906e-10, 3.02981029154e-10, 1.90802915134e-10, 3.67123442757e-10],
        "stdev": [0.000112971603812, 0.000231343947235, 0.00011037686636, 0.000806020747405, 0.000669363769703, 0.000348414061591, 0.000611338415183, 0.00204328191467, 0.00121308560483, 0.000621492741629, 0.000704278645571, 0.000421567005105, 0.000203352290555, 7.3690462159e-05, 0.000388481479604, 0.00012959180458, 9.04435801203e-05, 4.62913485535e-05, 4.23317105742e-05, 3.4753807995e-05, 2.23768893193e-05, 2.2904612706e-05, 2.90342268272e-05, 1.97813114937e-05, 1.04038053905e-05, 2.39342207351e-05, 8.38160394778e-06, 7.14641771538e-07, 1.94477763671e-07, 4.68927879638e-07, 6.91661796282e-07, 5.72979843128e-07, 3.90012075968e-07, 2.19620005737e-07, 2.35650176705e-07, 1.0594246902e-07, 5.37537410139e-08, 4.03200708377e-08, 9.24332343999e-09, 4.15267198406e-09]
    },
    "melbands128": {
        "max": [3.4251708712e-05, 0.000613154727034, 0.00134990271181, 0.00264684041031, 0.00353085529059, 0.00136667734478, 0.000286044407403, 0.000844150665216, 0.00488333683461, 0.0168771594763, 0.0238778367639, 0.017079371959, 0.00796686112881, 0.00638916622847, 0.00311107095331, 0.0101719507948, 0.0159749481827, 0.00470980629325, 0.0236889030784, 0.0594238005579, 0.0610400810838, 0.0158642344177, 0.0305654667318, 0.0273836683482, 0.0115298386663, 0.0179115831852, 0.0136013785377, 0.00848597194999, 0.0264693535864, 0.0106234196573, 0.00396855268627, 0.0074968021363, 0.00564131932333, 0.000822378788143, 0.00135299039539, 0.000504235271364, 0.0040442510508, 0.00853388104588, 0.00851213745773, 0.00287165446207, 0.0025906204246, 0.000888458394911, 0.00268440227956, 0.00254012132064, 0.00117747706827, 0.000885546440259, 0.000599609978963, 0.00127670646179, 0.00111234304495, 0.000965777027886, 0.000996193382889, 0.00185742636677, 0.000686566112563, 0.000250992190558, 0.000338863901561, 0.000476901012007, 0.000232755177421, 0.000509863370098, 0.000470807484817, 0.000509366451297, 0.000588119379245, 0.00015644254745, 0.000153918517753, 0.000194586726138, 0.000264514092123, 0.000527196505573, 0.000290482363198, 0.000141176889883, 8.58209677972e-05, 3.53137111233e-05, 1.27919493025e-05, 4.07960396842e-06, 2.97563155982e-06, 4.46984131486e-06, 8.19503020466e-06, 7.96171116235e-06, 3.02119697153e-05, 1.71755018528e-05, 1.81830746442e-05, 1.32908107844e-05, 1.23361733131e-05, 1.55029902089e-05, 1.29970903799e-05, 1.07538689917e-05, 4.79152777189e-06, 2.995342129e-06, 4.99437646795e-06, 5.30151964995e-06, 4.56028192275e-06, 5.84672534387e-06, 3.17847275255e-06, 8.98336907085e-07, 5.23273058661e-07, 4.21337631451e-07, 1.07601545096e-06, 1.07154562556e-06, 3.97242928329e-07, 3.21819754845e-07, 1.783775474e-07, 2.0157639824e-07, 1.07882797806e-07, 6.06689525284e-08, 9.29586221332e-08, 4.32003481876e-08, 3.33402958574e-08, 2.46093865286e-08, 2.38553159448e-08, 2.28964101012e-08, 2.20261870965e-08, 2.11424655561e-08, 2.03559693546e-08, 1.95494802568e-08, 1.88806197343e-08, 1.82680093275e-08, 1.76591488099e-08, 1.70234422114e-08, 1.65537894503e-08, 1.60990296649e-08, 1.56082347047e-08, 1.52309986845e-08, 1.48851215798e-08, 1.45515830496e-08, 1.42681786386e-08, 1.40421594352e-08, 1.38117126625e-08, 1.36505660109e-08, 1.35377797861e-08, 1.34638939997e-08],
        "mean": [2.55536929217e-06, 2.70081200142e-05, 7.55258952267e-05, 0.000126664555864, 0.000118264935736, 5.05411662743e-05, 2.0820145437e-05, 7.12592518539e-05, 0.000172492073034, 0.000376371288439, 0.000724120356608, 0.000570405914914, 0.000389651890146, 0.000270234886557, 0.000139734474942, 0.000210972997593, 0.000253670848906, 0.000242369118496, 0.000590333889704, 0.00093154667411, 0.000639566627797, 0.000433773675468, 0.000490754842758, 0.000433719862485, 0.000138447212521, 0.000207766672247, 0.000199497444555, 0.000135855138069, 0.000219240959268, 7.12324836059e-05, 0.000104332037154, 0.000128781830426, 6.06529392826e-05, 1.55409034051e-05, 2.45282481046e-05, 1.41266846185e-05, 5.18114320585e-05, 0.000148247403558, 8.03462025942e-05, 4.26274855272e-05, 3.03561537294e-05, 2.81208467641e-05, 3.34326687152e-05, 2.6693327527e-05, 2.18657060032e-05, 2.09666723094e-05, 9.66811239778e-06, 1.24172793221e-05, 1.58489874593e-05, 1.72887375811e-05, 5.01633348904e-06, 9.44432122196e-06, 9.1972096925e-06, 7.46733167034e-06, 9.25487802306e-06, 1.63771255757e-05, 9.28224835661e-06, 1.03630745798e-05, 1.77331603481e-05, 1.46263209899e-05, 5.99799113843e-06, 3.84283111998e-06, 3.85580960938e-06, 6.3517018134e-06, 9.38798712014e-06, 1.89551246876e-05, 1.37849583552e-05, 7.42619522498e-06, 3.25749078911e-06, 7.19692991424e-07, 4.05491817901e-07, 2.08458715178e-07, 1.29450640429e-07, 1.02779573297e-07, 7.93791770093e-08, 8.34686630924e-08, 1.07538376426e-07, 1.14236271997e-07, 1.2589110554e-07, 1.42441052731e-07, 1.23026921983e-07, 1.22171798012e-07, 1.34204285018e-07, 9.78810135166e-08, 6.91450310342e-08, 6.592159707e-08, 8.12178697629e-08, 7.47286392766e-08, 6.03257888088e-08, 5.80770347369e-08, 4.08930276308e-08, 3.06832887986e-08, 2.8022872911e-08, 2.53954475227e-08, 2.76545772948e-08, 2.37393624758e-08, 1.33783322198e-08, 9.04451979977e-09, 7.16978965087e-09, 7.12681558213e-09, 6.32907548592e-09, 6.05518479802e-09, 6.0657421308e-09, 4.76796380156e-09, 7.45035921845e-10, 2.24022640716e-11, 2.07061277846e-11, 1.98752542202e-11, 1.9114558894e-11, 1.83495284939e-11, 1.76662642848e-11, 1.69750168783e-11, 1.63908400741e-11, 1.58505066711e-11, 1.53223111282e-11, 1.4788089156e-11, 1.4380781288e-11, 1.39669152979e-11, 1.354914618e-11, 1.32169952066e-11, 1.29123673559e-11, 1.26259567038e-11, 1.23856229092e-11, 1.21834009895e-11, 1.19623469116e-11, 1.17760150589e-11, 1.16536138378e-11, 1.1586481774e-11],
        "min": [7.78918440858e-09, 3.26434275166e-08, 1.56851687194e-08, 2.85785226595e-08, 6.12636910091e-08, 6.36133776766e-08, 4.58110065438e-08, 6.80493172922e-08, 5.96755512561e-07, 7.41943949834e-07, 1.34710035127e-06, 1.23683207676e-06, 5.20468915965e-07, 4.92596939239e-07, 3.85529432378e-07, 1.82453945285e-07, 4.33756525808e-07, 1.59605875183e-07, 1.06104302233e-07, 4.83829225573e-08, 1.92489437723e-07, 2.38921984419e-07, 1.75541885028e-07, 5.84310910767e-08, 4.68184246927e-08, 4.44570673608e-08, 2.25181224778e-08, 5.20404164206e-08, 4.10502494219e-08, 1.05549986529e-08, 1.91683167117e-08, 1.35278526159e-08, 1.11082343324e-08, 1.61604187809e-08, 1.1532405253e-08, 9.86210224596e-09, 4.0576431104e-09, 6.24872864563e-09, 6.19551787651e-09, 8.09414846259e-09, 4.14625711542e-09, 6.02803762462e-09, 4.42139036494e-09, 4.52140014318e-09, 1.44433731641e-09, 1.11983144979e-09, 1.59823443369e-09, 2.60292098986e-09, 1.9759309744e-09, 1.99661975842e-09, 2.11494066704e-09, 2.88199419884e-09, 1.82385306857e-09, 2.3458244236e-09, 1.95401606007e-09, 1.55332513518e-09, 1.06892494856e-09, 1.5879045856e-09, 1.84021053951e-09, 1.45296275011e-09, 1.67236746673e-09, 1.49268153393e-09, 4.32624547297e-10, 6.94080071195e-10, 6.60157262189e-10, 7.20064174953e-10, 1.20412180227e-09, 6.56195042747e-10, 1.25336199752e-10, 2.16845041923e-10, 8.86643536369e-10, 9.21026033218e-10, 2.32757257912e-10, 2.59569588046e-10, 5.28888821627e-10, 5.56252988115e-10, 5.65185842571e-10, 4.11579631487e-10, 3.99291349984e-10, 4.18085177589e-10, 1.96360830373e-10, 2.91374785411e-10, 6.93533563911e-10, 4.5470824328e-10, 3.05942077228e-10, 3.633859047e-10, 7.36626593056e-10, 4.07877370767e-10, 5.58951163132e-10, 5.48409373469e-10, 2.87762813578e-10, 2.21868912131e-10, 4.48919568186e-10, 1.35309707883e-10, 4.41183062305e-10, 4.25434298901e-10, 1.60899502055e-10, 3.27645077736e-10, 1.50920054232e-10, 1.8794117651e-10, 1.26294003033e-10, 5.11692577199e-10, 5.34291277887e-10, 1.86024737281e-10, 4.2752287821e-11, 2.619970213e-13, 5.48148833724e-14, 5.5633930351e-14, 5.93265670965e-14, 5.49250857469e-14, 5.41586801718e-14, 5.94670254879e-14, 4.96296390486e-14, 5.68072844353e-14, 4.99344760419e-14, 5.41199233323e-14, 5.95029667899e-14, 5.2418406936e-14, 4.55570707569e-14, 3.86599931755e-14, 6.18053988522e-14, 6.08385683411e-14, 7.25916248227e-14, 5.56231425394e-14, 4.44672442856e-14, 1.76479094332e-14, 2.10132102961e-15, 6.11113029446e-17],
        "stdev": [3.47362674802e-06, 7.07053623046e-05, 0.000170255691046, 0.000293166900519, 0.000348724977812, 0.000135733978823, 3.54618860001e-05, 0.000108731153887, 0.000327574409312, 0.000854195968714, 0.00160116225015, 0.00102187762968, 0.000860570988152, 0.000584311259445, 0.000236952968407, 0.000632860988844, 0.000827979296446, 0.000546258990653, 0.0014688387746, 0.00298883789219, 0.00278671225533, 0.00129777996335, 0.00181545806117, 0.00178454548586, 0.000567153037991, 0.00099158892408, 0.000868230126798, 0.000691971625201, 0.00157637824304, 0.000499742629472, 0.000395906972699, 0.000507329707034, 0.000250843702815, 5.90899944655e-05, 9.58633536357e-05, 4.3971267587e-05, 0.00024603822385, 0.000684633560013, 0.000485445430968, 0.000207534219953, 0.000163610719028, 8.99064762052e-05, 0.000142555480124, 0.000125899605337, 8.29437922221e-05, 8.01442292868e-05, 4.3877884309e-05, 6.47650958854e-05, 5.67501592741e-05, 4.88478508487e-05, 3.56232085323e-05, 8.50563592394e-05, 2.77726940112e-05, 2.06544646062e-05, 2.56411713053e-05, 4.28394996561e-05, 2.33006267081e-05, 3.47169843735e-05, 4.9471957027e-05, 5.12316983077e-05, 2.30324603763e-05, 8.71639622346e-06, 8.81005780684e-06, 1.24263351609e-05, 2.12327468034e-05, 4.3186963012e-05, 2.97537571896e-05, 1.51962822201e-05, 8.32654041005e-06, 1.86672798463e-06, 8.73135320489e-07, 3.3479958006e-07, 2.48094949029e-07, 1.98491889591e-07, 2.70700951432e-07, 2.98899863083e-07, 8.94671643437e-07, 6.23796836408e-07, 7.54989514462e-07, 7.65013339787e-07, 6.13838835761e-07, 5.58688384444e-07, 5.93694267081e-07, 4.12424867591e-07, 2.13467544086e-07, 1.80108543191e-07, 2.85892781449e-07, 2.6823553867e-07, 2.24192930887e-07, 3.05679691337e-07, 1.46339132812e-07, 6.20073450364e-08, 4.93944227742e-08, 4.79438604373e-08, 7.99708459454e-08, 7.7802738474e-08, 2.69551172494e-08, 1.48153338486e-08, 8.54319992527e-09, 8.91432794248e-09, 5.41872724469e-09, 3.78127751333e-09, 3.83158571537e-09, 2.58176635626e-09, 1.00818420279e-09, 6.5718125386e-10, 6.37069341725e-10, 6.1145616348e-10, 5.88223136866e-10, 5.64617186338e-10, 5.43616429649e-10, 5.22078547061e-10, 5.04216612907e-10, 4.87853424325e-10, 4.71596928175e-10, 4.5461878706e-10, 4.4207729144e-10, 4.29930258061e-10, 4.16827211636e-10, 4.06746997195e-10, 3.97512550654e-10, 3.8860703544e-10, 3.8103645239e-10, 3.75002695563e-10, 3.68849062404e-10, 3.64544505693e-10, 3.6153427474e-10, 3.59561797003e-10]
    },
    "mfcc": {
        "mean": [-745.348876953, 173.178192139, -19.5667972565, 12.3893079758, -4.64908742905, -23.6004104614, -15.6247062683, -3.71610045433, -18.2560539246, -0.956976950169, 0.387924283743, -8.99374866486, -1.22738218307],
        "cov": [[4840.71630859, -542.915100098, -2449.36865234, 186.312652588, -367.280944824, -395.584960938, -26.7022018433, 359.779571533, -479.751617432, 212.322525024, 134.992126465, -113.907966614, 40.4704856873], [-542.915100098, 418.030273438, 263.088012695, -114.799957275, 96.6978759766, 33.6360473633, 89.2012252808, -49.1645355225, 100.52003479, 28.4181861877, 25.5435409546, 35.6577835083, 21.9472694397], [-2449.36865234, 263.088012695, 1533.41711426, -45.3606491089, 165.34942627, 297.85458374, 26.4286460876, -110.767425537, 269.668121338, -101.012588501, -45.1360168457, 83.8146896362, -26.8784294128], [186.312652588, -114.799957275, -45.3606491089, 323.308776855, 149.483779907, -26.8399753571, -85.0759811401, 2.75788092613, 4.04099845886, 7.01304674149, -0.892942130566, -41.7194099426, 41.7197723389], [-367.280944824, 96.6978759766, 165.34942627, 149.483779907, 265.65222168, 61.1318092346, -34.0949821472, -48.6844139099, 78.9152603149, 24.5084075928, -19.2350769043, -19.8612785339, 42.6112785339], [-395.584960938, 33.6360473633, 297.85458374, -26.8399753571, 61.1318092346, 212.806243896, 67.2954483032, -1.80389666557, 87.6430587769, -14.3733510971, -33.7537689209, 10.5702733994, -2.89187145233], [-26.7022018433, 89.2012252808, 26.4286460876, -85.0759811401, -34.0949821472, 67.2954483032, 205.120620728, 76.653465271, 11.7196369171, 12.8246774673, 5.6303319931, 28.1622467041, -16.3851470947], [359.779571533, -49.1645355225, -110.767425537, 2.75788092613, -48.6844139099, -1.80389666557, 76.653465271, 169.477355957, -28.0980110168, 12.8556947708, 27.4980125427, -5.52629899979, -16.0346069336], [-479.751617432, 100.52003479, 269.668121338, 4.04099845886, 78.9152603149, 87.6430587769, 11.7196369171, -28.0980110168, 146.536193848, 14.3060007095, -31.4595432281, 5.60164737701, 9.81431293488], [212.322525024, 28.4181861877, -101.012588501, 7.01304674149, 24.5084075928, -14.3733510971, 12.8246774673, 12.8556947708, 14.3060007095, 119.82723999, 57.244392395, 5.34485244751, 9.4735956192], [134.992126465, 25.5435409546, -45.1360168457, -0.892942130566, -19.2350769043, -33.7537689209, 5.6303319931, 27.4980125427, -31.4595432281, 57.244392395, 127.36504364, 48.2735977173, -6.74583005905], [-113.907966614, 35.6577835083, 83.8146896362, -41.7194099426, -19.8612785339, 10.5702733994, 28.1622467041, -5.52629899979, 5.60164737701, 5.34485244751, 48.2735977173, 106.901329041, 28.239938736], [40.4704856873, 21.9472694397, -26.8784294128, 41.7197723389, 42.6112785339, -2.89187145233, -16.3851470947, -16.0346069336, 9.81431293488, 9.4735956192, -6.74583005905, 28.239938736, 98.6762390137]],
        "icov": [[0.00293543795124, -0.00205413461663, 0.00435419753194, -0.00342881400138, 0.00387215707451, -0.00392482429743, 0.00290039926767, -0.00371764646843, 0.00323382718489, -0.0033870046027, 0.00212649907917, -0.00192767125554, 0.00067963503534], [-0.00205413461663, 0.00797486118972, -0.00363699905574, 0.00636201351881, -0.00663510337472, 0.00631098961458, -0.0060483077541, 0.00452996511012, -0.00610949099064, 0.00413853535429, -0.00576157169417, 0.00400604587048, -0.00315984874032], [0.00435419753194, -0.00363699905574, 0.007982541807, -0.00532042514533, 0.00567043013871, -0.00719240820035, 0.00487315561622, -0.00526096951216, 0.00298021314666, -0.00341934361495, 0.00268910638988, -0.00403048051521, 0.00211096741259], [-0.00342881400138, 0.00636201351881, -0.00532042514533, 0.0119640110061, -0.0102139208466, 0.00732044456527, -0.00404057092965, 0.00380487786606, -0.00581719819456, 0.00607777805999, -0.00616388441995, 0.00553331384435, -0.00395362405106], [0.00387215707451, -0.00663510337472, 0.00567043013871, -0.0102139208466, 0.0150541737676, -0.00863818824291, 0.00575500680134, -0.00418394617736, 0.00474689994007, -0.00717213703319, 0.00519581278786, -0.00256312009878, 0.000577549275476], [-0.00392482429743, 0.00631098961458, -0.00719240820035, 0.00732044456527, -0.00863818824291, 0.0156362727284, -0.00846759043634, 0.00556669291109, -0.00854527857155, 0.00587169546634, -0.00404986971989, 0.00417961878702, -0.00234798109159], [0.00290039926767, -0.0060483077541, 0.00487315561622, -0.00404057092965, 0.00575500680134, -0.00846759043634, 0.0135475089774, -0.00870598945767, 0.00593923823908, -0.00581550784409, 0.00636333459988, -0.00621384708211, 0.00347390654497], [-0.00371764646843, 0.00452996511012, -0.00526096951216, 0.00380487786606, -0.00418394617736, 0.00556669291109, -0.00870598945767, 0.0141631355509, -0.00536582246423, 0.0054024788551, -0.00643617007881, 0.0051768203266, -0.00160532293376], [0.00323382718489, -0.00610949099064, 0.00298021314666, -0.00581719819456, 0.00474689994007, -0.00854527857155, 0.00593923823908, -0.00536582246423, 0.0205569136888, -0.0106678334996, 0.00999451987445, -0.00486977258697, 0.00217433297075], [-0.0033870046027, 0.00413853535429, -0.00341934361495, 0.00607777805999, -0.00717213703319, 0.00587169546634, -0.00581550784409, 0.0054024788551, -0.0106678334996, 0.0197709854692, -0.0129140978679, 0.00625132909045, -0.00335999275558], [0.00212649907917, -0.00576157169417, 0.00268910638988, -0.00616388441995, 0.00519581278786, -0.00404986971989, 0.00636333459988, -0.00643617007881, 0.00999451987445, -0.0129140978679, 0.0218418836594, -0.0124826384708, 0.00670759333298], [-0.00192767125554, 0.00400604587048, -0.00403048051521, 0.00553331384435, -0.00256312009878, 0.00417961878702, -0.00621384708211, 0.0051768203266, -0.00486977258697, 0.00625132909045, -0.0124826384708, 0.0203314665705, -0.00928679015487], [0.00067963503534, -0.00315984874032, 0.00211096741259, -0.00395362405106, 0.000577549275476, -0.00234798109159, 0.00347390654497, -0.00160532293376, 0.00217433297075, -0.00335999275558, 0.00670759333298, -0.00928679015487, 0.0160252004862]]
    },
    "spectral_contrast_coeffs": {
        "max": [-0.333947002888, -0.351249992847, -0.440596282482, -0.571671783924, -0.563299357891, -0.639631867409],
        "mean": [-0.615513622761, -0.681232511997, -0.728429913521, -0.77080309391, -0.757287740707, -0.814166009426],
        "min": [-0.844462275505, -0.92811024189, -0.906482756138, -0.911833763123, -0.907315552235, -0.911672472954],
        "stdev": [0.0890305116773, 0.0842332467437, 0.0781711861491, 0.0599487051368, 0.0774089843035, 0.0428424216807]
    },
    "spectral_contrast_valleys": {
        "max": [-6.11258172989, -5.48367500305, -6.14336204529, -6.82380485535, -7.19530630112, -10.1427049637],
        "mean": [-7.95438671112, -7.09320688248, -8.19508552551, -8.56649875641, -8.8577375412, -11.7479143143],
        "min": [-9.60501861572, -8.95579528809, -10.3394498825, -11.8222885132, -12.1286849976, -13.658241272],
        "stdev": [0.621656179428, 0.590950787067, 0.703204512596, 0.803470849991, 0.817470371723, 0.279822766781]
    }
},
"rhythm": {
    "beats_count": 59,
    "beats_loudness": {
        "max": 0.0857790708542,
        "mean": 0.0184985436499,
        "min": 0.00169097119942,
        "stdev": 0.0175288226455
    },
    "bpm": 104.469177246,
    "bpm_histogram_first_peak_bpm": 105,
    "bpm_histogram_first_peak_weight": 0.575757563114,
    "bpm_histogram_second_peak_bpm": 129,
    "bpm_histogram_second_peak_spread": 0.181818187237,
    "bpm_histogram_second_peak_weight": 0.155172407627,
    "danceability": 0.912696897984,
    "onset_rate": 2.24560523033,
    "beats_loudness_band_ratio": {
        "max": [0.85810059309, 0.814233362675, 0.876657962799, 0.904681622982, 0.253157734871, 0.0798133015633],
        "mean": [0.118029996753, 0.360427230597, 0.419049233198, 0.112649798393, 0.0586700364947, 0.0170169249177],
        "min": [0.00138613232411, 0.0207661148161, 0.00895018968731, 0.000501607195474, 0.000226432355703, 0.000265813374426],
        "stdev": [0.178282752633, 0.228462040424, 0.22780855, 0.149973005056, 0.0602473691106, 0.020504463464]
    },
    "beats_position": [0.510838985443, 1.03328800201, 1.55573689938, 2.06657600403, 2.55419492722, 3.05342388153, 3.56426286697, 4.06349182129, 4.57433080673, 5.08516979218, 5.59600877762, 6.18811798096, 6.79183673859, 7.38394546509, 7.96444416046, 8.53333282471, 9.12544155121, 9.71755123138, 10.2980499268, 10.866938591, 11.4474372864, 12.0279359818, 12.6084346771, 13.2005443573, 13.7578229904, 14.3267116547, 14.8956003189, 15.4760990143, 16.0565986633, 16.6254863739, 17.1943759918, 17.7632656097, 18.3437633514, 18.9242630005, 19.4815406799, 20.0388202667, 20.5960998535, 21.1649875641, 21.733877182, 22.3143768311, 22.8832645416, 23.4521541595, 24.0210418701, 24.589931488, 25.158821106, 25.681268692, 26.2037181854, 26.7261676788, 27.1905670166, 27.6549663544, 28.1193637848, 28.5837631226, 29.0481624603, 29.5125617981, 29.9653511047, 30.4181404114, 30.8825397491, 31.3469390869, 31.8113365173],
