{
"metadata": {
    "version": {
        "essentia": "2.1-beta5",
        "essentia_git_sha": "Undefined",
        "extractor": "music 2.0"
    },
    "audio_properties": {
        "analysis": {
            "equal_loudness": 0,
            "length": 12.7477550507,
            "sample_rate": 44100,
            "start_time": 0,
            "downmix": "mix"
        },
        "bit_rate": 192000,
        "length": 154.969985962,
        "lossless": 0,
        "number_channels": 2,
        "replay_gain": -9.56245613098,
        "sample_rate": 48000,
        "codec": "mp3",
        "md5_encoded": "50c0fdd721a113318c3167a2fb4d2bb3"
    },
    "tags": {
        "file_name": "Norway_Spiral_Arne Bendiksen.mp3",
        "encoding": ["Lavf58.29.100"]
    }
},
"lowlevel": {
    "average_loudness": 0.921371459961,
    "barkbands_crest": {
        "max": 23.0813732147,
        "mean": 7.76857852936,
        "min": 2.85440659523,
        "stdev": 4.20748472214
    },
    "barkbands_flatness_db": {
        "max": 0.314450234175,
        "mean": 0.173805847764,
        "min": 0.107858106494,
        "stdev": 0.036052223295
    },
    "barkbands_kurtosis": {
        "max": 13.970741272,
        "mean": 0.756844639778,
        "min": -1.79596912861,
        "stdev": 2.50367999077
    },
    "barkbands_skewness": {
        "max": 3.24480080605,
        "mean": 0.676360309124,
        "min": -0.690790057182,
        "stdev": 0.80285358429
    },
    "barkbands_spread": {
        "max": 47.7237510681,
        "mean": 18.5512523651,
        "min": 2.84811115265,
        "stdev": 9.35395908356
    },
    "dissonance": {
        "max": 0.499884068966,
        "mean": 0.471256315708,
        "min": 0.272591620684,
        "stdev": 0.0290222708136
    },
    "dynamic_complexity": 2.5473549366,
    "erbbands_crest": {
        "max": 22.333650589,
        "mean": 7.75290489197,
        "min": 2.84522104263,
        "stdev": 3.00676655769
    },
    "erbbands_flatness_db": {
        "max": 0.328494668007,
        "mean": 0.231038853526,
        "min": 0.145194232464,
        "stdev": 0.0354206375778
    },
    "erbbands_kurtosis": {
        "max": 6.45398139954,
        "mean": -0.00143703026697,
        "min": -1.77186024189,
        "stdev": 0.969702124596
    },
    "erbbands_skewness": {
        "max": 2.33455681801,
        "mean": 0.141137495637,
        "min": -1.42153263092,
        "stdev": 0.62090754509
    },
    "erbbands_spread": {
        "max": 80.8248214722,
        "mean": 25.5625858307,
        "min": 8.17293357849,
        "stdev": 9.93613624573
    },
    "hfc": {
        "max": 82.8243179321,
        "mean": 16.7764358521,
        "min": 0.163686975837,
        "stdev": 14.2236938477
    },
    "loudness_ebu128": {
        "integrated": -16.1323356628,
        "loudness_range": 3.53355789185,
        "momentary": {
            "max": -11.2921466827,
            "mean": -16.8088436127,
            "min": -22.9069747925,
            "stdev": 2.46882653236
        },
        "short_term": {
            "max": -14.1807689667,
            "mean": -16.1528625488,
            "min": -18.4571170807,
            "stdev": 1.27166187763
        }
    },
    "melbands_crest": {
        "max": 24.0967330933,
        "mean": 9.73186683655,
        "min": 3.09029173851,
        "stdev": 4.32229137421
    },
    "melbands_flatness_db": {
        "max": 0.334358334541,
        "mean": 0.164952978492,
        "min": 0.0656015276909,
        "stdev": 0.0579702407122
    },
    "melbands_kurtosis": {
        "max": 31.6972198486,
        "mean": 3.13273215294,
        "min": -1.15799248219,
        "stdev": 4.59810686111
    },
    "melbands_skewness": {
        "max": 4.4618601799,
        "mean": 1.29598987103,
        "min": -0.45899400115,
        "stdev": 0.889425873756
    },
    "melbands_spread": {
        "max": 80.6300125122,
        "mean": 28.5026836395,
        "min": 3.44917750359,
        "stdev": 14.946436882
    },
    "pitch_salience": {
        "max": 0.912463068962,
        "mean": 0.65000975132,
        "min": 0.290541142225,
        "stdev": 0.116727449
    },
    "silence_rate_20dB": {
        "max": 1,
        "mean": 1,
        "min": 1,
        "stdev": 0
    },
    "silence_rate_30dB": {
        "max": 1,
        "mean": 1,
        "min": 1,
        "stdev": 0
    },
    "silence_rate_60dB": {
        "max": 1,
        "mean": 0.0545454546809,
        "min": 0,
        "stdev": 0.227090984583
    },
    "spectral_centroid": {
        "max": 2847.90307617,
        "mean": 1602.17053223,
        "min": 345.511077881,
        "stdev": 577.78326416
    },
    "spectral_complexity": {
        "max": 45,
        "mean": 22.5490913391,
        "min": 0,
        "stdev": 10.0379419327
    },
    "spectral_decrease": {
        "max": -2.36122909419e-11,
        "mean": -3.5463836312e-09,
        "min": -1.92981062241e-08,
        "stdev": 2.82209500213e-09
    },
    "spectral_energy": {
        "max": 0.0803479775786,
        "mean": 0.0149065451697,
        "min": 0.000103965030576,
        "stdev": 0.0117668034509
    },
    "spectral_energyband_high": {
        "max": 0.00325444620103,
        "mean": 0.000335787597578,
        "min": 2.13399061977e-06,
        "stdev": 0.000544635462575
    },
    "spectral_energyband_low": {
        "max": 0.0222971756011,
        "mean": 0.000995259848423,
        "min": 4.90522666041e-07,
        "stdev": 0.00202223844826
    },
    "spectral_energyband_middle_high": {
        "max": 0.027592509985,
        "mean": 0.00636274786666,
        "min": 8.45953618409e-05,
        "stdev": 0.0052298870869
    },
    "spectral_energyband_middle_low": {
        "max": 0.0633411929011,
        "mean": 0.00739530846477,
        "min": 1.85754233826e-05,
        "stdev": 0.00776703143492
    },
    "spectral_entropy": {
        "max": 8.05596160889,
        "mean": 7.4955701828,
        "min": 6.43112039566,
        "stdev": 0.345021575689
    },
    "spectral_flux": {
        "max": 0.179430231452,
        "mean": 0.064586289227,
        "min": 0.0101963244379,
        "stdev": 0.0268092900515
    },
    "spectral_kurtosis": {
        "max": 23.91447258,
        "mean": 5.39896583557,
        "min": -0.607895851135,
        "stdev": 3.42330646515
    },
    "spectral_rms": {
        "max": 0.00885371491313,
        "mean": 0.00355733302422,
        "min": 0.000318479666021,
        "stdev": 0.0013741691364
    },
    "spectral_rolloff": {
        "max": 5598.6328125,
        "mean": 1941.43322754,
        "min": 215.33203125,
        "stdev": 861.761535645
    },
    "spectral_skewness": {
        "max": 3.5688431263,
        "mean": 1.42579817772,
        "min": 0.153906643391,
        "stdev": 0.407561451197
    },
    "spectral_spread": {
        "max": 9527131,
        "mean": 2811685.75,
        "min": 1494019.75,
        "stdev": 629744.625
    },
    "spectral_strongpeak": {
        "max": 7.0194940567,
        "mean": 1.02501034737,
        "min": 0.0243004392833,
        "stdev": 0.978193163872
    },
    "zerocrossingrate": {
        "max": 0.1669921875,
        "mean": 0.0632945671678,
        "min": 0.013671875,
        "stdev": 0.0234144870192
    },
    "barkbands": {
        "max": [0.00011138728587, 0.0093647222966, 0.0125899622217, 0.0128849288449, 0.0210293866694, 0.0157508775592, 0.031004589051, 0.026260426268, 0.0393653959036, 0.00942172948271, 0.0135871740058, 0.00600430415943, 0.00833416450769, 0.00313603132963, 0.00969211384654, 0.00408190255985, 0.00929845776409, 0.00764520745724, 0.00709640188143, 0.00277827633545, 0.0014273263514, 0.000905154913198, 0.000727266306058, 0.000253665581113, 6.11295326962e-05, 2.01455236493e-06, 2.11971837416e-06],
        "mean": [4.25368898505e-06, 0.000563202193007, 0.000375760311726, 0.00018266918778, 0.00126607471611, 0.00103720265906, 0.00254233926535, 0.00107453460805, 0.00106759474147, 0.000576887337957, 0.000883847707883, 0.000512764439918, 0.000827208103146, 0.000480934657389, 0.000891600269824, 0.000599382387009, 0.000650377070997, 0.000483513751533, 0.000436623988207, 0.000199159301701, 0.000108716958493, 6.61254307488e-05, 5.20088578924e-05, 2.02340270334e-05, 3.52814777216e-06, 4.09031830628e-09, 4.30378088723e-09],
        "min": [5.37659339273e-09, 1.90693810964e-07, 1.81319350645e-07, 1.12002247477e-07, 1.08326298687e-06, 1.10478401893e-06, 1.96134209318e-07, 5.74101477469e-07, 8.62247179612e-06, 4.46323292635e-06, 3.97366329707e-06, 3.34290302817e-06, 4.26391306974e-06, 1.6747897007e-06, 3.19220521305e-06, 1.34190099743e-06, 8.14001680283e-07, 2.85476471618e-06, 1.46146840052e-06, 1.46725267314e-06, 4.09753738495e-07, 1.9912383209e-07, 1.56307763177e-07, 1.05353485935e-07, 1.52073020843e-08, 1.35822525102e-11, 1.75062048191e-11],
        "stdev": [1.10463797682e-05, 0.00111885042861, 0.000993081135675, 0.000624046137091, 0.00212846440263, 0.00158100307453, 0.00446889689192, 0.00222730101086, 0.00291681173258, 0.000900085549802, 0.00122644694056, 0.000630141701549, 0.000996789429337, 0.000564939749893, 0.00121183693409, 0.000648768502288, 0.00088906736346, 0.000732706277631, 0.000736729125492, 0.000370964437025, 0.000181652823812, 0.000115660550364, 9.87191233435e-05, 3.65612795576e-05, 6.54553832646e-06, 8.58082671584e-08, 9.02876919895e-08]
    },
    "erbbands": {
        "max": [0.274253755808, 2.95002388954, 15.8349294662, 22.8839321136, 79.1131515503, 62.755859375, 49.1255073547, 190.997055054, 252.41242981, 510.65725708, 712.769714355, 612.446289062, 360.453521729, 257.536987305, 642.058837891, 264.235626221, 348.983703613, 192.428970337, 225.229171753, 384.984222412, 303.85055542, 295.499420166, 439.645812988, 399.671478271, 205.813278198, 80.5075836182, 71.5098495483, 45.754524231, 25.7169361115, 22.6602687836, 18.7952880859, 9.94389629364, 2.95787191391, 0.971748352051, 0.141269370914, 0.00813359487802, 0.00372244045138, 0.00131870957557, 0.00030429798062, 0.000102186408185],
        "mean": [0.011834749952, 0.143542394042, 0.483320266008, 0.442679286003, 2.5890314579, 4.38848781586, 5.46050882339, 9.88003730774, 23.2074394226, 38.1199798584, 28.1098537445, 25.4456253052, 19.0340690613, 28.199590683, 27.3909778595, 22.6630020142, 36.2949943542, 29.5723648071, 32.2384338379, 47.7137756348, 35.1363868713, 31.3242225647, 30.744638443, 25.4718284607, 15.7233791351, 7.67998027802, 5.64471817017, 3.65584421158, 2.46289491653, 1.79007160664, 1.34249997139, 0.715757489204, 0.247226372361, 0.069350540638, 0.0113900657743, 0.000336458004313, 3.52853166987e-05, 9.14076554182e-06, 1.02669655462e-05, 1.87622190424e-05],
        "min": [5.08029779667e-06, 4.55052067991e-05, 0.00018468782946, 0.00048879312817, 0.00136951031163, 0.00404729088768, 0.00877287611365, 0.00828894134611, 0.00379736139439, 0.00279345479794, 0.0386916846037, 0.25356093049, 0.148679003119, 0.167121455073, 0.248108759522, 0.201376229525, 0.191379338503, 0.158140078187, 0.270803570747, 0.184928074479, 0.0843037590384, 0.0760223194957, 0.217400327325, 0.0919965431094, 0.0856522992253, 0.0651244223118, 0.0298944339156, 0.0100309159607, 0.00459438888356, 0.00782154686749, 0.0049273269251, 0.00321727455594, 0.000883163476828, 0.000265470764134, 7.30332903913e-05, 2.17561228055e-06, 3.15931345085e-07, 9.75397185243e-08, 8.2835455828e-08, 1.37143416623e-07],
        "stdev": [0.0313294678926, 0.288626015186, 1.28937113285, 1.21715021133, 6.56020975113, 6.843105793, 7.02061319351, 17.6567935944, 34.3041114807, 64.2773208618, 72.3925704956, 60.6110343933, 31.3577518463, 32.2576408386, 44.6469039917, 27.12408638, 42.9689865112, 30.6706981659, 36.1230316162, 57.6554298401, 37.4999275208, 36.8180618286, 44.2788619995, 42.1620292664, 24.6195259094, 11.5985240936, 9.59459877014, 6.50536584854, 4.1035900116, 3.27769732475, 2.52012205124, 1.41189455986, 0.454146921635, 0.124466225505, 0.021001977846, 0.000654090428725, 0.000162261116202, 5.64773945371e-05, 1.48644339788e-05, 1.47861137521e-05]
    },
    "gfcc": {
        "mean": [-52.2864227295, 126.438476562, -191.730270386, 32.6597900391, -74.9156188965, -0.218568727374, -39.7972602844, -2.58191728592, -5.52742576599, -16.9474563599, 7.58703565598, -16.6482753754, 5.18968057632],
        "cov": [[2929.16259766, -768.184020996, -416.110321045, 291.124511719, -204.522323608, 264.560760498, -58.1088600159, -138.56791687, 33.1645240784, -49.523727417, -136.435470581, 15.3733100891, -12.6194057465], [-768.184020996, 905.595336914, 659.545227051, -7.3131275177, 215.379776001, -199.482925415, 92.5388946533, 165.484680176, -0.237906873226, -10.5907459259, 123.269012451, -26.7559223175, -27.6625652313], [-416.110321045, 659.545227051, 871.423828125, 257.6690979, 111.921562195, -34.443649292, 36.1173973083, 131.093780518, -31.0809421539, -4.05890607834, 60.1315956116, -13.5113382339, -36.2359619141], [291.124511719, -7.3131275177, 257.6690979, 369.62008667, 60.6479530334, 103.659706116, -8.64182949066, 7.55390310287, -11.7777490616, -0.702785491943, -30.5171222687, 6.13252353668, 3.55806875229], [-204.522323608, 215.379776001, 111.921562195, 60.6479530334, 220.210876465, -6.51400613785, 33.6441688538, 81.3806381226, 4.00855493546, 8.82229232788, 23.8050327301, -13.2884702682, 5.98228263855], [264.560760498, -199.482925415, -34.443649292, 103.659706116, -6.51400613785, 315.484466553, 47.4557685852, -51.7894287109, 11.5893135071, 47.3760414124, -49.0501708984, 20.4529514313, 47.345993042], [-58.1088600159, 92.5388946533, 36.1173973083, -8.64182949066, 33.6441688538, 47.4557685852, 108.311408997, 42.9599876404, 21.596736908, 13.0571603775, 26.9158706665, 10.0394001007, 4.38403701782], [-138.56791687, 165.484680176, 131.093780518, 7.55390310287, 81.3806381226, -51.7894287109, 42.9599876404, 130.525985718, 16.4846458435, 0.483435690403, 49.337474823, -2.87713122368, -14.7022151947], [33.1645240784, -0.237906873226, -31.0809421539, -11.7777490616, 4.00855493546, 11.5893135071, 21.596736908, 16.4846458435, 90.2948150635, 48.4546089172, 9.6522731781, 15.153049469, 6.63335323334], [-49.523727417, -10.5907459259, -4.05890607834, -0.702785491943, 8.82229232788, 47.3760414124, 13.0571603775, 0.483435690403, 48.4546089172, 76.0466918945, 21.9669914246, 19.4084033966, 17.6077594757], [-136.435470581, 123.269012451, 60.1315956116, -30.5171222687, 23.8050327301, -49.0501708984, 26.9158706665, 49.337474823, 9.6522731781, 21.9669914246, 80.784034729, 22.8835983276, -10.1225633621], [15.3733100891, -26.7559223175, -13.5113382339, 6.13252353668, -13.2884702682, 20.4529514313, 10.0394001007, -2.87713122368, 15.153049469, 19.4084033966, 22.8835983276, 46.8320655823, 21.2470741272], [-12.6194057465, -27.6625652313, -36.2359619141, 3.55806875229, 5.98228263855, 47.345993042, 4.38403701782, -14.7022151947, 6.63335323334, 17.6077594757, -10.1225633621, 21.2470741272, 58.0300941467]],
        "icov": [[0.000564936024603, -7.59476388339e-05, 0.000492619990837, -0.000763499760069, 0.00055062782485, -0.000484551797854, 0.000296886573778, -0.000219068329898, -0.000626347842626, 0.000886641792022, -9.86843369901e-05, -4.02010082325e-05, 0.000501788628753], [-7.59476388339e-05, 0.0165956877172, -0.0141100501642, 0.00828120857477, -0.0115428101271, 0.00691342074424, -0.00919771194458, 0.0107780387625, -0.00830889679492, 0.00900689512491, -0.0137188732624, 0.0112190647051, -0.0107330447063], [0.000492619990837, -0.0141100501642, 0.0142852654681, -0.00915763527155, 0.0104127749801, -0.00584245519713, 0.00759351579472, -0.0107113216072, 0.00769460108131, -0.00777886621654, 0.010466597043, -0.00844885129482, 0.00966850109398], [-0.000763499760069, 0.00828120857477, -0.00915763527155, 0.00987991224974, -0.00783727690578, 0.00232085143216, -0.00333000184037, 0.00567183364183, -0.00357279856689, 0.00407190481201, -0.00381945981644, 0.00211451598443, -0.00420717708766], [0.00055062782485, -0.0115428101271, 0.0104127749801, -0.00783727690578, 0.0154239656404, -0.00490349484608, 0.00573492888361, -0.011616810225, 0.00605179183185, -0.00684809638187, 0.00819306913763, -0.00342787895352, 0.00470455735922], [-0.000484551797854, 0.00691342074424, -0.00584245519713, 0.00232085143216, -0.00490349484608, 0.00995966419578, -0.00881058350205, 0.00562358740717, 0.000267136056209, -0.00328462594189, 0.000245371891651, 0.00250747287646, -0.00603957800195], [0.000296886573778, -0.00919771194458, 0.00759351579472, -0.00333000184037, 0.00573492888361, -0.00881058350205, 0.0200261566788, -0.00929789803922, -1.62303549587e-05, 0.000363815808669, 0.00182463473175, -0.00571864238009, 0.00565809477121], [-0.000219068329898, 0.0107780387625, -0.0107113216072, 0.00567183364183, -0.011616810225, 0.00562358740717, -0.00929789803922, 0.023760555312, -0.0102603333071, 0.0105528850108, -0.0168938469142, 0.0107059665024, -0.00751037988812], [-0.000626347842626, -0.00830889679492, 0.00769460108131, -0.00357279856689, 0.00605179183185, 0.000267136056209, -1.62303549587e-05, -0.0102603333071, 0.0269572325051, -0.0229095835239, 0.0167876891792, -0.012297811918, 0.00878769438714], [0.000886641792022, 0.00900689512491, -0.00777886621654, 0.00407190481201, -0.00684809638187, -0.00328462594189, 0.000363815808669, 0.0105528850108, -0.0229095835239, 0.0388116165996, -0.0236574951559, 0.010311698541, -0.0116485999897], [-9.86843369901e-05, -0.0137188732624, 0.010466597043, -0.00381945981644, 0.00819306913763, 0.000245371891651, 0.00182463473175, -0.0168938469142, 0.0167876891792, -0.0236574951559, 0.0470000654459, -0.0309540573508, 0.0195372216403], [-4.02010082325e-05, 0.0112190647051, -0.00844885129482, 0.00211451598443, -0.00342787895352, 0.00250747287646, -0.00571864238009, 0.0107059665024, -0.012297811918, 0.010311698541, -0.0309540573508, 0.0507389716804, -0.0243141837418], [0.000501788628753, -0.0107330447063, 0.00966850109398, -0.00420717708766, 0.00470455735922, -0.00603957800195, 0.00565809477121, -0.00751037988812, 0.00878769438714, -0.0116485999897, 0.0195372216403, -0.0243141837418, 0.0354731939733]]
    },
    "melbands": {
        "max": [0.00231691077352, 0.00646750256419, 0.00421717530116, 0.00499498145655, 0.00175532442518, 0.00374765018933, 0.00509032653645, 0.00464829523116, 0.00773215480149, 0.00432892935351, 0.00179452961311, 0.00103478960227, 0.00198145816103, 0.000483559299028, 0.00065836077556, 0.00111849082168, 0.000340597849572, 0.000289646268357, 0.00102732633241, 0.000386462459574, 0.000520597328432, 0.000468581798486, 0.000558909901883, 0.000265054637566, 0.000370578462025, 0.000214566724026, 0.000164458280778, 5.46911978745e-05, 5.44758113392e-05, 5.71101190872e-05, 3.36081138812e-05, 1.4848774299e-05, 1.39827452585e-05, 1.26109107441e-05, 1.20200838865e-05, 1.48377412188e-05, 4.9245959417e-06, 2.31886315305e-06, 1.35793015943e-06, 6.29691498943e-07],
        "mean": [0.000130367276142, 0.000221561669605, 0.000139121184475, 0.000262121786363, 0.000195940490812, 0.000219408320845, 0.000426257727668, 0.000370593537809, 0.000229710174608, 0.000153222877998, 9.00727754924e-05, 0.000107052517706, 0.000103904916614, 5.72055250814e-05, 6.30518625258e-05, 9.02979372768e-05, 4.92406798003e-05, 4.3224201363e-05, 7.90769627201e-05, 4.93528896186e-05, 4.10208558606e-05, 3.4880318708e-05, 2.97075675917e-05, 2.19419671339e-05, 2.12068243854e-05, 1.40964930324e-05, 8.88416161615e-06, 4.26409724241e-06, 3.86771307603e-06, 2.73045498034e-06, 2.07809193853e-06, 1.42047224472e-06, 1.11899498734e-06, 9.49915033743e-07, 7.76543743086e-07, 6.97716757259e-07, 3.36639374154e-07, 1.89828597286e-07, 8.91697808925e-08, 4.76681911721e-08],
        "min": [5.00308345863e-08, 8.62123599177e-08, 1.06133093425e-07, 1.86223473975e-07, 2.92133904622e-07, 1.87640083027e-07, 5.30542223487e-08, 2.86175136921e-08, 4.27502726552e-07, 1.08526751319e-06, 6.74075295137e-07, 5.35755532383e-07, 6.32780995602e-07, 4.54147453866e-07, 3.00684945387e-07, 4.14936408788e-07, 2.12296654922e-07, 2.58669757613e-07, 2.15007986526e-07, 2.38412809495e-07, 6.2851661653e-08, 4.56158169015e-08, 1.5809332865e-07, 1.21157327726e-07, 4.99170731416e-08, 7.42294972156e-08, 2.29999148615e-08, 2.92765260923e-08, 1.58697996966e-08, 1.28074448824e-08, 2.84696999309e-09, 1.72180303348e-09, 3.34709104877e-09, 4.09200850982e-09, 3.12689119042e-09, 1.88149873459e-09, 2.12933959354e-09, 6.84715784072e-10, 2.35518549108e-10, 2.46806963755e-10],
        "stdev": [0.000281567277852, 0.000530790770426, 0.000339044840075, 0.000490631151479, 0.000245460891165, 0.000362754508387, 0.000684541941155, 0.000581198662985, 0.000670049397741, 0.00038278842112, 0.000154333363753, 0.000123839286971, 0.000163900083862, 6.56552801956e-05, 7.99839763204e-05, 0.000117227791634, 5.52696656086e-05, 5.01074282511e-05, 0.000119745476695, 5.7461362303e-05, 5.22281443409e-05, 4.5754310122e-05, 4.63667456643e-05, 3.17995618389e-05, 3.71153182641e-05, 2.49909280683e-05, 1.56612677529e-05, 7.05250158717e-06, 7.24988694856e-06, 5.09693836648e-06, 4.34134017269e-06, 2.41958832703e-06, 1.93988421415e-06, 1.83098950401e-06, 1.43083207149e-06, 1.57893282449e-06, 6.43490466246e-07, 3.60073215688e-07, 1.63083896609e-07, 8.71516689926e-08]
    },
    "melbands128": {
        "max": [0.000111342509626, 0.00201579090208, 0.00390100036748, 0.00626266561449, 0.00968686491251, 0.00464979140088, 0.00455971667543, 0.00674152234569, 0.0104828914627, 0.00670891720802, 0.0048700068146, 0.00220083119348, 0.00233964668587, 0.00278275320306, 0.00724882446229, 0.00216760998592, 0.00403379742056, 0.00587304448709, 0.0126512954012, 0.00706287799403, 0.00221815868281, 0.00762319331989, 0.0108063444495, 0.0161438621581, 0.00443967198953, 0.00915513653308, 0.00213048630394, 0.00353608606383, 0.00109310157131, 0.0012998492457, 0.00175647088327, 0.00159471889492, 0.00371951726265, 0.00353702600114, 0.000502032111399, 0.000690886750817, 0.00144364277367, 0.0013131571468, 0.000613927724771, 0.00170232425444, 0.00223894743249, 0.000512531492859, 0.000429883017205, 0.000581318396144, 0.000548090902157, 0.000401862518629, 0.000572946795728, 0.0018536784919, 0.00108266738243, 0.00111930025741, 0.000786866119597, 0.000532494916115, 0.000321353960317, 0.000670782697853, 0.0016527264379, 0.000208676661714, 0.000459426169982, 0.000585689558648, 0.000956705480348, 0.000668542110361, 0.000286467169644, 0.000235993516981, 0.000334322481649, 0.000545606540982, 0.000812163809314, 0.000202613446163, 0.000321753817843, 0.000136638074764, 0.000299220584566, 3.86748179153e-05, 3.53817231371e-05, 0.00010951719014, 0.000145943151438, 7.44633580325e-05, 7.6572643593e-05, 0.000136653994559, 1.58915154316e-05, 2.45878327405e-05, 6.86261628289e-05, 8.35280006868e-05, 1.82852345461e-05, 2.84771103907e-05, 1.64813936863e-05, 1.85020253411e-05, 2.80321855826e-05, 1.43423721966e-05, 2.44613875111e-05, 1.19981341413e-05, 1.55451343744e-05, 1.88471403817e-05, 2.13110561162e-05, 1.73250828084e-05, 7.80792743171e-06, 6.81523033563e-06, 3.96558152715e-06, 4.84543897983e-06, 3.18902038998e-06, 2.12150825973e-06, 1.72519014541e-06, 2.0336333364e-06, 1.34541562602e-06, 6.17319585672e-07, 7.65401978242e-07, 4.57616181393e-07, 4.70321843693e-08, 1.62856448327e-08, 1.53675614456e-08, 1.45983491961e-08, 1.39201778993e-08, 1.32931523567e-08, 1.27526602611e-08, 1.22585808171e-08, 1.17956622248e-08, 1.13411022795e-08, 1.09407682913e-08, 1.05702602227e-08, 1.0244793458e-08, 9.93535742566e-09, 9.64162616413e-09, 9.38410238405e-09, 9.16043330079e-09, 8.95866847372e-09, 8.77251071785e-09, 8.62577387295e-09, 8.48709547085e-09, 8.3898026304e-09, 8.32259861028e-09, 8.27512547374e-09],
        "mean": [3.85544672099e-06, 7.56365188863e-05, 0.000171636085724, 0.000256673636613, 0.000294032826787, 0.000141700715176, 5.85696507187e-05, 0.000113817804959, 0.000296557409456, 0.000285183254164, 0.000243498434429, 0.000201629081857, 0.000173285588971, 0.000193217711058, 0.000235076062381, 0.000208711921005, 0.000251085264608, 0.000367654953152, 0.000852736877277, 0.000386129511753, 0.0001734749967, 0.000171319246874, 0.000307117443299, 0.00019369617803, 0.000146879916429, 0.000167664169567, 7.48384845792e-05, 0.000106649255031, 6.77659918438e-05, 6.79490476614e-05, 0.000141379830893, 0.000149676532601, 9.31256654439e-05, 8.94692711881e-05, 4.78713773191e-05, 5.13486920681e-05, 6.11140276305e-05, 6.73600297887e-05, 5.77153878112e-05, 7.90300182416e-05, 0.000129749663756, 5.35500512342e-05, 4.53609281976e-05, 4.82766154164e-05, 3.93280824937e-05, 4.04773563787e-05, 4.58728063677e-05, 9.90439220914e-05, 8.12834041426e-05, 5.32461381226e-05, 4.94275664096e-05, 4.43122189608e-05, 3.00022784359e-05, 4.2474570364e-05, 5.96150021011e-05, 2.56301282207e-05, 2.3619581043e-05, 3.05339999613e-05, 2.69957636192e-05, 4.0236296627e-05, 1.74957349373e-05, 1.32419281726e-05, 1.90140472114e-05, 2.3350587071e-05, 2.73021450994e-05, 1.06995439637e-05, 1.02567573776e-05, 8.51557342685e-06, 1.14408003355e-05, 3.60388435183e-06, 2.7497821975e-06, 5.7523589021e-06, 5.64807714909e-06, 2.37580616158e-06, 2.9559205359e-06, 4.51972982773e-06, 1.42335886721e-06, 1.34942024488e-06, 2.99455382446e-06, 1.82778887847e-06, 1.17433569358e-06, 1.62756384725e-06, 9.29860846099e-07, 1.27297232666e-06, 1.05476578938e-06, 7.20433945389e-07, 1.30038063162e-06, 6.39068503006e-07, 8.56193935306e-07, 6.43822943402e-07, 8.71135455327e-07, 6.66652056225e-07, 4.05768929568e-07, 3.97075098135e-07, 2.4713594371e-07, 2.40215939584e-07, 1.81589925319e-07, 1.26280099266e-07, 9.04130601498e-08, 6.45152695711e-08, 5.80056074284e-08, 4.19652010919e-08, 4.210183846e-08, 2.82735470591e-08, 3.18255799492e-09, 3.81462188226e-11, 3.12044695638e-11, 2.96301594371e-11, 2.82609161767e-11, 2.69913588008e-11, 2.58950812182e-11, 2.48918160389e-11, 2.39488671949e-11, 2.30272016732e-11, 2.2215040571e-11, 2.14698207129e-11, 2.08066897045e-11, 2.01782739823e-11, 1.95866396019e-11, 1.90646508996e-11, 1.86081254572e-11, 1.81969578295e-11, 1.78241865711e-11, 1.75210644604e-11, 1.72175589758e-11, 1.69736100175e-11, 1.68110421417e-11, 1.67118350408e-11],
        "min": [2.11742889888e-09, 3.91519812126e-08, 1.71332743548e-08, 7.85040299434e-08, 8.83850788114e-08, 9.07508024284e-08, 9.37670705525e-08, 8.03875011002e-08, 1.29695706619e-07, 1.71538033555e-07, 1.78898417857e-07, 2.85488795271e-07, 1.32206764647e-07, 2.95299088293e-07, 2.09863713962e-07, 1.22778061495e-07, 6.75838123243e-08, 4.29161488569e-08, 3.07167198343e-08, 1.67705174192e-08, 1.36393385475e-08, 9.61727835147e-08, 3.48770925029e-07, 8.52989444411e-07, 2.0025925096e-07, 3.80466104843e-07, 3.60649977438e-07, 2.21820485535e-07, 1.42387293067e-07, 2.60375827565e-07, 1.43507278949e-07, 5.13424822657e-08, 2.94042393989e-07, 4.84813597268e-07, 3.49595097759e-07, 7.31411091692e-08, 1.46803941448e-07, 1.34519851258e-07, 1.29126448201e-07, 1.6849730855e-07, 2.38026316879e-07, 9.02155434801e-08, 1.16966390351e-07, 1.76041297095e-07, 3.36535777024e-08, 6.36456860548e-08, 2.76537207355e-07, 8.72692353937e-08, 7.23584534512e-08, 9.15416009661e-08, 8.3234091619e-08, 1.30015905597e-07, 4.98475287714e-08, 4.80710617978e-08, 3.31750307225e-08, 3.72535957638e-08, 2.29022418807e-08, 5.31800843362e-08, 6.54585434745e-08, 8.11808007484e-08, 5.80183545651e-08, 2.70911719724e-08, 3.36967893588e-08, 3.25792370859e-08, 2.8579012934e-08, 2.46499087808e-08, 4.0153040004e-08, 1.2576342634e-08, 1.7485266568e-08, 3.64735690539e-08, 2.01309404702e-08, 2.23156106927e-08, 1.06354764995e-08, 8.89105766788e-09, 8.59064552827e-09, 3.86486442849e-09, 2.88181190022e-09, 4.2536734135e-09, 2.90113888468e-09, 1.60654611836e-09, 1.36758759872e-09, 1.51402324011e-09, 2.56821852673e-09, 3.18851034464e-09, 3.22443693968e-09, 2.97403102145e-09, 2.15490469913e-09, 2.45621789574e-09, 1.85546844556e-09, 2.63112154286e-09, 1.94474347737e-09, 1.27949018047e-09, 1.82917092584e-09, 1.64530800095e-09, 1.70219771611e-09, 1.23204835223e-09, 1.56951049379e-10, 3.22644466699e-10, 4.02108235598e-10, 6.12520312249e-11, 7.94691396022e-11, 3.02663033525e-10, 4.6005305121e-10, 1.33319050244e-10, 1.30102578016e-11, 1.74840556529e-13, 4.19610025437e-14, 4.76414833148e-14, 6.14607987442e-14, 4.50917989471e-14, 6.04271068404e-14, 6.82008567459e-14, 6.28479270037e-14, 5.95264872008e-14, 4.43996442802e-14, 6.14588675091e-14, 5.84831120164e-14, 5.00351747068e-14, 5.63400881666e-14, 6.44424563625e-14, 5.6845533055e-14, 5.90167495494e-14, 4.88306396457e-14, 5.51386092004e-14, 4.30860655856e-14, 1.87145661652e-14, 2.00568486888e-15, 7.75447876776e-17],
        "stdev": [1.0891754755e-05, 0.000232510647038, 0.000446901976829, 0.000561381923035, 0.000809652206954, 0.000354105752194, 0.000214511324884, 0.00035021075746, 0.000848659954499, 0.000644902291242, 0.00043197182822, 0.000299364124658, 0.000265768292593, 0.000311685551424, 0.000610386254266, 0.000340350467013, 0.000469323043944, 0.000704714388121, 0.00183634378482, 0.00070469698403, 0.000303418899421, 0.000484201329527, 0.00103702920023, 0.000967793166637, 0.000369111163309, 0.000604561821092, 0.000137328359415, 0.000265960581601, 0.000124792699353, 0.000110872781079, 0.000203713207156, 0.000211483013118, 0.000270955380984, 0.000202870127396, 6.38405108475e-05, 7.8697616118e-05, 0.000107345309516, 0.000122162047774, 8.76904086908e-05, 0.000136137299705, 0.000210720027098, 7.16592330718e-05, 6.18086851318e-05, 7.25476711523e-05, 5.65757436561e-05, 5.90434392507e-05, 6.59274301142e-05, 0.000200400070753, 0.000128906976897, 0.000110107299406, 7.88439720054e-05, 5.96510362811e-05, 4.19235038862e-05, 6.89485095791e-05, 0.000132376269903, 3.21796251228e-05, 3.95004390157e-05, 6.17897239863e-05, 5.77854043513e-05, 6.85111808707e-05, 2.93479333777e-05, 2.44185757765e-05, 3.67527754861e-05, 4.77967769257e-05, 6.887040945e-05, 2.08895526157e-05, 2.52119680226e-05, 1.46483480421e-05, 2.82355613308e-05, 4.95502308695e-06, 4.25212783739e-06, 1.39179310281e-05, 1.52509956024e-05, 5.70729935134e-06, 6.94351683705e-06, 1.12599900604e-05, 1.97981808014e-06, 2.22883386414e-06, 7.84595158621e-06, 6.01912233833e-06, 2.07853577194e-06, 3.59865589417e-06, 1.56094233716e-06, 2.48802757596e-06, 2.47951288657e-06, 1.54945030317e-06, 2.96746839012e-06, 1.2354989849e-06, 1.81540212907e-06, 1.57744500484e-06, 2.08504934562e-06, 1.74351839632e-06, 8.77830927948e-07, 8.78741161614e-07, 4.58315156493e-07, 5.98688131959e-07, 3.81855073783e-07, 2.48603782893e-07, 1.76375209548e-07, 1.38412829642e-07, 1.18629898793e-07, 7.79564075515e-08, 8.65207141487e-08, 5.87158055509e-08, 5.70660674271e-09, 6.93583246392e-10, 6.54568510505e-10, 6.21805440471e-10, 5.92919102704e-10, 5.66211355579e-10, 5.43189437874e-10, 5.22144438797e-10, 5.0242687788e-10, 4.83065309975e-10, 4.66013283518e-10, 4.50231490978e-10, 4.36368524648e-10, 4.23188317722e-10, 4.10676881391e-10, 3.99707822396e-10, 3.90180887599e-10, 3.81586900966e-10, 3.7365746608e-10, 3.67407493318e-10, 3.61501578672e-10, 3.57359419834e-10, 3.54498014277e-10, 3.52476020593e-10]
    },
    "mfcc": {
        "mean": [-659.497192383, 130.377227783, -46.6447639465, 13.907998085, -9.66570949554, -9.30335903168, -14.446354866, 0.765850663185, -9.90101528168, 0.638453781605, -3.66560029984, 0.676820576191, -0.702889740467],
        "cov": [[3555.06030273, -1261.00512695, -340.280090332, -199.654678345, -164.203674316, 359.75604248, -166.329116821, 32.3183708191, 17.6236400604, 18.3039741516, -154.980422974, 13.2421789169, -99.6622161865], [-1261.00512695, 1090.87487793, 338.112823486, 238.770431519, 155.022827148, -289.34564209, 138.979644775, 49.7083053589, -11.5912675858, 21.5637779236, 114.347480774, 16.7792110443, 75.6527252197], [-340.280090332, 338.112823486, 709.099731445, 273.152191162, 120.292350769, 33.5172424316, 87.6292648315, 59.3007545471, 1.35928022861, 14.8839998245, 37.0001411438, 16.5335216522, 17.9373550415], [-199.654678345, 238.770431519, 273.152191162, 351.521331787, 154.349212646, -73.9890670776, 46.0324325562, 48.0918197632, -17.70013237, 25.5272254944, 26.3150959015, -9.79995632172, 18.5336284637], [-164.203674316, 155.022827148, 120.292350769, 154.349212646, 197.350448608, 3.09571170807, 62.8172225952, 26.648815155, 23.8362140656, 26.2199363708, 18.6077461243, -5.72853088379, 8.60360145569], [359.75604248, -289.34564209, 33.5172424316, -73.9890670776, 3.09571170807, 300.995147705, 21.5262756348, -7.62811994553, 79.0065689087, 8.00445556641, -43.2157058716, 21.7009372711, -5.31053161621], [-166.329116821, 138.979644775, 87.6292648315, 46.0324325562, 62.8172225952, 21.5262756348, 136.341384888, 54.1598205566, 11.302315712, 15.9014797211, 21.1794109344, 3.44314336777, -4.44380569458], [32.3183708191, 49.7083053589, 59.3007545471, 48.0918197632, 26.648815155, -7.62811994553, 54.1598205566, 82.308631897, 12.0230264664, 15.6278676987, 26.63422966, 0.169916957617, -3.30015397072], [17.6236400604, -11.5912675858, 1.35928022861, -17.70013237, 23.8362140656, 79.0065689087, 11.302315712, 12.0230264664, 89.299697876, 30.6096000671, -6.02048015594, 11.6229791641, 15.9377937317], [18.3039741516, 21.5637779236, 14.8839998245, 25.5272254944, 26.2199363708, 8.00445556641, 15.9014797211, 15.6278676987, 30.6096000671, 56.030834198, 21.9783000946, 6.06446743011, 11.2752428055], [-154.980422974, 114.347480774, 37.0001411438, 26.3150959015, 18.6077461243, -43.2157058716, 21.1794109344, 26.63422966, -6.02048015594, 21.9783000946, 84.6781234741, 27.3636646271, 11.7410058975], [13.2421789169, 16.7792110443, 16.5335216522, -9.79995632172, -5.72853088379, 21.7009372711, 3.44314336777, 0.169916957617, 11.6229791641, 6.06446743011, 27.3636646271, 57.0478515625, 24.6704235077], [-99.6622161865, 75.6527252197, 17.9373550415, 18.5336284637, 8.60360145569, -5.31053161621, -4.44380569458, -3.30015397072, 15.9377937317, 11.2752428055, 11.7410058975, 24.6704235077, 59.8694572449]],
        "icov": [[0.00058861967409, 0.000429173145676, 0.000103350088466, -2.7777030482e-05, -6.6603992309e-05, -0.000325916218571, 0.000751245301217, -0.00130706769414, 0.000771288119722, -0.00100174034014, 0.0011080019176, -0.00105478905607, 0.00058023550082], [0.000429173145676, 0.00320802791975, -0.00106477888767, -1.55868747242e-05, -0.000555441016331, 0.00330929132178, -0.00268662837334, 0.00134002743289, -0.00243205833249, 0.00133106845897, -0.00122859934345, -3.565141742e-05, -0.00211528758518], [0.000103350088466, -0.00106477888767, 0.00276559102349, -0.00204097456299, 0.000616771110799, -0.00227864878252, 0.000597328587901, -0.00119931669906, 0.00132499204483, -0.000147797880345, 0.000221556911129, -0.000734882371034, 0.000942710379604], [-2.7777030482e-05, -1.55868747242e-05, -0.00204097456299, 0.00722413510084, -0.00468708667904, 0.00141622975934, 0.00157754251268, -0.00272733229212, 0.00282443314791, -0.0023711998947, 0.0017876465572, 0.000283252447844, -0.00165808328893], [-6.6603992309e-05, -0.000555441016331, 0.000616771110799, -0.00468708667904, 0.0100547336042, -0.0010613022605, -0.00328935147263, 0.00256552943029, -0.00318314204924, 1.90802602447e-05, -0.00191473157611, 0.00212178356014, 0.000560340995435], [-0.000325916218571, 0.00330929132178, -0.00227864878252, 0.00141622975934, -0.0010613022605, 0.0103239668533, -0.00530489720404, 0.00422258116305, -0.00850215181708, 0.00307874777354, 0.000395704817493, -0.00201329961419, -0.00113714870531], [0.000751245301217, -0.00268662837334, 0.000597328587901, 0.00157754251268, -0.00328935147263, -0.00530489720404, 0.0166429746896, -0.0114644849673, 0.00634574983269, -0.00481007480994, 0.00379275996238, -0.00303179956973, 0.00430576736107], [-0.00130706769414, 0.00134002743289, -0.00119931669906, -0.00272733229212, 0.00256552943029, 0.00422258116305, -0.0114644849673, 0.0250028241426, -0.00909869000316, 0.00428481260315, -0.00963659305125, 0.00545648345724, -0.000875791942235], [0.000771288119722, -0.00243205833249, 0.00132499204483, 0.00282443314791, -0.00318314204924, -0.00850215181708, 0.00634574983269, -0.00909869000316, 0.026221871376, -0.0142002133653, 0.00784416124225, -0.00372937042266, -0.00154915556777], [-0.00100174034014, 0.00133106845897, -0.000147797880345, -0.0023711998947, 1.90802602447e-05, 0.00307874777354, -0.00481007480994, 0.00428481260315, -0.0142002133653, 0.0311623383313, -0.0117360558361, 0.00577975064516, -0.00459038931876], [0.0011080019176, -0.00122859934345, 0.000221556911129, 0.0017876465572, -0.00191473157611, 0.000395704817493, 0.00379275996238, -0.00963659305125, 0.00784416124225, -0.0117360558361, 0.0252472572029, -0.0143532287329, 0.00392310926691], [-0.00105478905607, -3.565141742e-05, -0.000734882371034, 0.000283252447844, 0.00212178356014, -0.00201329961419, -0.00303179956973, 0.00545648345724, -0.00372937042266, 0.00577975064516, -0.0143532287329, 0.0315221250057, -0.0122563075274], [0.00058023550082, -0.00211528758518, 0.000942710379604, -0.00165808328893, 0.000560340995435, -0.00113714870531, 0.00430576736107, -0.000875791942235, -0.00154915556777, -0.00459038931876, 0.00392310926691, -0.0122563075274, 0.0262206196785]]
    },
    "spectral_contrast_coeffs": {
        "max": [-0.474956154823, -0.55069488287, -0.571568489075, -0.637596964836, -0.564570963383, -0.583140909672],
        "mean": [-0.700665175915, -0.772276639938, -0.783047497272, -0.793954133987, -0.763156831264, -0.751105546951],
        "min": [-0.883125841618, -0.915705740452, -0.934408247471, -0.876044154167, -0.883541226387, -0.901632368565],
        "stdev": [0.0698836296797, 0.0767140612006, 0.0547504983842, 0.0450678914785, 0.0541505664587, 0.0442913845181]
    },
    "spectral_contrast_valleys": {
        "max": [-5.83698511124, -4.96979236603, -5.64327716827, -5.72717523575, -6.25340938568, -9.30935668945],
        "mean": [-7.61352872849, -6.40988111496, -7.06639671326, -7.21253252029, -7.55142068863, -10.978012085],
        "min": [-10.4434251785, -9.67218494415, -9.01365661621, -9.27805233002, -9.35429477692, -13.0371026993],
        "stdev": [0.773715913296, 0.502546310425, 0.723249435425, 0.861420452595, 0.705211043358, 0.694757580757]
    }
},
"rhythm": {
    "beats_count": 28,
    "beats_loudness": {
        "max": 0.0586440712214,
        "mean": 0.0216870456934,
        "min": 0.00540282018483,
        "stdev": 0.0140574555844
    },
    "bpm": 138.27456665,
    "bpm_histogram_first_peak_bpm": 140,
    "bpm_histogram_first_peak_weight": 0.380952358246,
    "bpm_histogram_second_peak_bpm": 126,
    "bpm_histogram_second_peak_spread": 0.200000047684,
    "bpm_histogram_second_peak_weight": 0.148148149252,
    "danceability": 1.11410009861,
    "onset_rate": 3.05657839775,
    "beats_loudness_band_ratio": {
        "max": [0.480253398418, 0.488935887814, 0.565736532211, 0.455229997635, 0.443407744169, 0.231000423431],
        "mean": [0.121880292892, 0.209409102798, 0.281930804253, 0.188720911741, 0.194598421454, 0.0556917004287],
        "min": [0.00515957549214, 0.0333819426596, 0.0905529111624, 0.0248143486679, 0.0103524727747, 0.00592445163056],
        "stdev": [0.134144261479, 0.136944904923, 0.155324727297, 0.122674055398, 0.124147757888, 0.0472124256194]
    },
    "beats_position": [0.46439909935, 0.940408170223, 1.42802715302, 1.90403628349, 2.38004541397, 2.85605430603, 3.30884337425, 3.73841261864, 4.17959165573, 4.60916090012, 5.0387301445, 5.47990942001, 5.92108821869, 6.35065746307, 6.78022670746, 7.20979595184, 7.63936471939, 8.08054447174, 8.52172279358, 8.95129203796, 9.39247131348, 9.82204055786, 10.2632198334, 10.7043991089, 11.1339683533, 11.5635375977, 11.9931058884, 12.4226751328],
