{
"metadata": {
    "version": {
        "essentia": "2.1-beta5",
        "essentia_git_sha": "Undefined",
        "extractor": "music 2.0"
    },
    "audio_properties": {
        "analysis": {
            "equal_loudness": 0,
            "length": 48.7502937317,
            "sample_rate": 44100,
            "start_time": 12.7477550507,
            "downmix": "mix"
        },
        "bit_rate": 192000,
        "length": 184.610244751,
        "lossless": 0,
        "number_channels": 2,
        "replay_gain": -11.2034168243,
        "sample_rate": 48000,
        "codec": "mp3",
        "md5_encoded": "a59e9f0d804a1019ae75d6dd5de702ff"
    },
    "tags": {
        "file_name": "Luxembourg_Dès Que Le Printemps Revient_Hugues Aufray.mp3",
        "encoding": ["Lavf58.29.100"]
    }
},
"lowlevel": {
    "average_loudness": 0.926000058651,
    "barkbands_crest": {
        "max": 24.6162624359,
        "mean": 9.34053039551,
        "min": 3.01133036613,
        "stdev": 3.86713933945
    },
    "barkbands_flatness_db": {
        "max": 0.304270803928,
        "mean": 0.202193766832,
        "min": 0.0489624887705,
        "stdev": 0.0299394354224
    },
    "barkbands_kurtosis": {
        "max": 37.6015701294,
        "mean": 3.98607444763,
        "min": -1.86805844307,
        "stdev": 5.60934448242
    },
    "barkbands_skewness": {
        "max": 5.26378202438,
        "mean": 1.48888063431,
        "min": -0.894600868225,
        "stdev": 1.05445480347
    },
    "barkbands_spread": {
        "max": 77.1117248535,
        "mean": 14.3796443939,
        "min": 2.30599141121,
        "stdev": 10.1694755554
    },
    "dissonance": {
        "max": 0.499954104424,
        "mean": 0.453138262033,
        "min": 0.308757245541,
        "stdev": 0.0291660483927
    },
    "dynamic_complexity": 3.26290178299,
    "erbbands_crest": {
        "max": 28.3468036652,
        "mean": 9.90234565735,
        "min": 3.28886628151,
        "stdev": 4.42526054382
    },
    "erbbands_flatness_db": {
        "max": 0.320618271828,
        "mean": 0.2357994169,
        "min": 0.118264406919,
        "stdev": 0.0336436368525
    },
    "erbbands_kurtosis": {
        "max": 21.4312477112,
        "mean": 0.595606565475,
        "min": -1.79955625534,
        "stdev": 1.99399185181
    },
    "erbbands_skewness": {
        "max": 3.99897003174,
        "mean": 0.622274398804,
        "min": -2.91664123535,
        "stdev": 0.831804871559
    },
    "erbbands_spread": {
        "max": 106.071899414,
        "mean": 29.6793575287,
        "min": 5.32299804688,
        "stdev": 15.3145523071
    },
    "hfc": {
        "max": 93.832901001,
        "mean": 14.2060470581,
        "min": 0.30193784833,
        "stdev": 12.4750909805
    },
    "loudness_ebu128": {
        "integrated": -14.2157897949,
        "loudness_range": 5.12714767456,
        "momentary": {
            "max": -10.2391529083,
            "mean": -14.9827365875,
            "min": -22.8197307587,
            "stdev": 2.79386711121
        },
        "short_term": {
            "max": -11.7697467804,
            "mean": -14.6388206482,
            "min": -19.8666954041,
            "stdev": 1.92073440552
        }
    },
    "melbands_crest": {
        "max": 30.7318534851,
        "mean": 11.8336992264,
        "min": 3.5016810894,
        "stdev": 4.74903726578
    },
    "melbands_flatness_db": {
        "max": 0.341207563877,
        "mean": 0.21918591857,
        "min": 0.071277372539,
        "stdev": 0.0416595414281
    },
    "melbands_kurtosis": {
        "max": 69.6911010742,
        "mean": 8.81722640991,
        "min": -1.46089708805,
        "stdev": 9.92934513092
    },
    "melbands_skewness": {
        "max": 6.82779455185,
        "mean": 2.03700661659,
        "min": -0.534342288971,
        "stdev": 1.21549248695
    },
    "melbands_spread": {
        "max": 153.966171265,
        "mean": 18.7730922699,
        "min": 2.95784282684,
        "stdev": 13.7851409912
    },
    "pitch_salience": {
        "max": 0.902044594288,
        "mean": 0.614291369915,
        "min": 0.236471995711,
        "stdev": 0.0925475358963
    },
    "silence_rate_20dB": {
        "max": 1,
        "mean": 1,
        "min": 1,
        "stdev": 0
    },
    "silence_rate_30dB": {
        "max": 1,
        "mean": 0.99857211113,
        "min": 0,
        "stdev": 0.0377604588866
    },
    "silence_rate_60dB": {
        "max": 1,
        "mean": 0.0761542096734,
        "min": 0,
        "stdev": 0.265243142843
    },
    "spectral_centroid": {
        "max": 4279.13183594,
        "mean": 1116.34606934,
        "min": 364.666107178,
        "stdev": 508.814727783
    },
    "spectral_complexity": {
        "max": 38,
        "mean": 15.2784385681,
        "min": 1,
        "stdev": 6.8449883461
    },
    "spectral_decrease": {
        "max": -1.69843902831e-10,
        "mean": -4.62703431126e-09,
        "min": -3.35944285723e-08,
        "stdev": 4.02805566679e-09
    },
    "spectral_energy": {
        "max": 0.134420752525,
        "mean": 0.0187520682812,
        "min": 0.000679024495184,
        "stdev": 0.0162313375622
    },
    "spectral_energyband_high": {
        "max": 0.00528697529808,
        "mean": 0.00018910743529,
        "min": 1.69312909293e-06,
        "stdev": 0.0004387346562
    },
    "spectral_energyband_low": {
        "max": 0.0108491387218,
        "mean": 0.000920468301047,
        "min": 1.32508503157e-05,
        "stdev": 0.00105105678085
    },
    "spectral_energyband_middle_high": {
        "max": 0.0292360559106,
        "mean": 0.00455472338945,
        "min": 3.20398248732e-05,
        "stdev": 0.00483425240964
    },
    "spectral_energyband_middle_low": {
        "max": 0.124639235437,
        "mean": 0.0135660627857,
        "min": 0.000289892748697,
        "stdev": 0.0136730428785
    },
    "spectral_entropy": {
        "max": 8.89166069031,
        "mean": 7.20649766922,
        "min": 6.41792440414,
        "stdev": 0.285109609365
    },
    "spectral_flux": {
        "max": 0.271980911493,
        "mean": 0.0638371482491,
        "min": 0.0119167808443,
        "stdev": 0.0333356112242
    },
    "spectral_kurtosis": {
        "max": 27.8327598572,
        "mean": 5.71407270432,
        "min": -1.00226140022,
        "stdev": 3.98484039307
    },
    "spectral_rms": {
        "max": 0.0114517332986,
        "mean": 0.00391142768785,
        "min": 0.000813918246422,
        "stdev": 0.00173072423786
    },
    "spectral_rolloff": {
        "max": 7558.15429688,
        "mean": 1255.15490723,
        "min": 172.265625,
        "stdev": 1050.16210938
    },
    "spectral_skewness": {
        "max": 3.55143857002,
        "mean": 1.47954404354,
        "min": -0.149324581027,
        "stdev": 0.518153131008
    },
    "spectral_spread": {
        "max": 28919598,
        "mean": 3006749,
        "min": 1509718.5,
        "stdev": 1079369
    },
    "spectral_strongpeak": {
        "max": 7.25122880936,
        "mean": 1.21305191517,
        "min": 0.0150298355147,
        "stdev": 1.14974474907
    },
    "zerocrossingrate": {
        "max": 0.21728515625,
        "mean": 0.0454387404025,
        "min": 0.009765625,
        "stdev": 0.0236127749085
    },
    "barkbands": {
        "max": [7.31338805053e-05, 0.00527551583946, 0.00323420972563, 0.0186320655048, 0.0258235707879, 0.0418086498976, 0.108539111912, 0.0498103126884, 0.0512614808977, 0.0166064817458, 0.0218634605408, 0.0119741959497, 0.0095998654142, 0.00686346320435, 0.00368449930102, 0.00364861660637, 0.00291414582171, 0.00341955875047, 0.00767164118588, 0.00619041919708, 0.00250981980935, 0.00116678129416, 0.00155220646411, 0.00133634835947, 0.000250198034337, 2.58945465248e-06, 2.72596298601e-06],
        "mean": [3.00776969198e-06, 0.00032238746644, 0.000188010482816, 0.00105553586036, 0.00272381887771, 0.00173887249548, 0.00414219824597, 0.00156343181152, 0.00220624450594, 0.000763106567319, 0.000439078867203, 0.000863259308971, 0.000709954416379, 0.000525333220139, 0.000163030897966, 0.000245492527029, 0.000261545385001, 0.000235576444538, 0.000291504635243, 0.000180047019967, 4.64552431367e-05, 3.67443062714e-05, 3.05171633954e-05, 1.44753184941e-05, 2.42834698838e-06, 3.13811820973e-09, 3.30651772629e-09],
        "min": [4.62436838822e-10, 3.35149024977e-07, 1.34707465804e-06, 6.64427602715e-07, 3.96857685701e-05, 2.28118788073e-05, 2.0856203264e-05, 1.42802150549e-06, 4.73607724416e-06, 1.28864746785e-06, 5.36119387107e-07, 6.94577295235e-07, 7.44018905152e-07, 8.7613091182e-07, 8.12495386526e-07, 9.9947601484e-07, 8.66986624715e-07, 7.42659267416e-07, 8.11556333247e-07, 4.76844661534e-07, 2.00521995453e-07, 1.81506266017e-07, 1.61765399298e-07, 1.14264068429e-07, 8.1422342646e-08, 8.7791570888e-12, 1.28319741985e-11],
        "stdev": [5.30523175257e-06, 0.000563225068618, 0.000286592403427, 0.00149178598076, 0.00308385654353, 0.00329125463031, 0.00781350582838, 0.0039224983193, 0.00441834237427, 0.00136826536618, 0.00120207527652, 0.0014557056129, 0.00108798395377, 0.000860206957441, 0.000366904190741, 0.00040719145909, 0.000367415632354, 0.000316259363899, 0.000547467730939, 0.000411466200603, 0.000163486925885, 9.99710973701e-05, 9.28881127038e-05, 6.17303376202e-05, 1.16230448839e-05, 7.99623336434e-08, 8.41859773004e-08]
    },
    "erbbands": {
        "max": [0.124637544155, 1.38058006763, 4.73040819168, 32.4143218994, 76.3209457397, 142.831680298, 186.03326416, 406.736663818, 1156.86584473, 2626.3125, 1274.6192627, 1304.7635498, 776.077880859, 466.175506592, 853.14251709, 412.045471191, 404.298065186, 444.948028564, 229.129501343, 149.535079956, 244.661407471, 192.828414917, 140.707275391, 200.175537109, 521.07824707, 337.467102051, 152.278121948, 116.965492249, 38.901763916, 42.3529586792, 40.7962150574, 35.5182037354, 16.3115463257, 5.55214309692, 0.401342451572, 0.0118499146774, 0.00479165138677, 0.00169808964711, 0.000400610268116, 0.00015517945576],
        "mean": [0.00752114178613, 0.0795115530491, 0.231308847666, 1.89821577072, 6.73212718964, 10.0738124847, 8.26745796204, 18.0014419556, 53.5766410828, 52.6185379028, 35.1367454529, 48.935344696, 29.530380249, 20.5666446686, 20.7464370728, 34.3701095581, 37.4721832275, 23.9398822784, 17.6170730591, 10.8367547989, 11.8246564865, 15.7301750183, 13.6373968124, 11.7336835861, 16.697561264, 8.02569580078, 2.75964593887, 1.58958113194, 1.29941380024, 1.13231801987, 0.830307900906, 0.456651061773, 0.157374963164, 0.0497342646122, 0.00607417244464, 0.000194881518837, 2.52221379924e-05, 6.46982243779e-06, 1.08862186607e-05, 2.22261860472e-05],
        "min": [2.68147286988e-05, 0.000456186156953, 0.00426970375702, 0.0140598081052, 0.0382455289364, 0.0794830396771, 0.119674414396, 0.300116151571, 0.149039164186, 0.310827404261, 0.0700322985649, 0.105729691684, 0.0532152317464, 0.0536119453609, 0.0365444943309, 0.0363635905087, 0.0407497808337, 0.0643533840775, 0.0915850102901, 0.0712195932865, 0.0806769579649, 0.0630676075816, 0.0463649407029, 0.051875140518, 0.0354402214289, 0.0245470684022, 0.0177862159908, 0.00804622750729, 0.00650632195175, 0.00635676598176, 0.00464849825948, 0.00313752307557, 0.00187572080176, 0.00126786797773, 0.000301548832795, 9.41960934142e-06, 9.88140868685e-07, 1.43454215618e-07, 3.66514910866e-07, 7.88663726325e-07],
        "stdev": [0.0154921552166, 0.136832401156, 0.381709545851, 2.44405913353, 8.1509513855, 12.1844434738, 13.9490594864, 32.1374740601, 99.8687973022, 152.763748169, 71.3459777832, 99.4414749146, 60.2580795288, 38.6988868713, 48.5920333862, 54.9008140564, 53.9006195068, 42.0664367676, 29.2475318909, 17.3152980804, 20.3828468323, 22.7459545135, 17.5483665466, 16.5279026031, 36.4012985229, 18.5646266937, 7.29819107056, 6.05039215088, 3.473092556, 3.13601636887, 2.63001608849, 1.79075598717, 0.722421526909, 0.245720356703, 0.023509843275, 0.00073124706978, 0.000154487323016, 5.28914897586e-05, 1.47215150719e-05, 1.89476977539e-05]
    },
    "gfcc": {
        "mean": [-67.0932540894, 151.696258545, -168.361602783, 33.4197616577, -77.7771148682, -11.5907554626, -37.6916770935, -11.1524391174, -14.4721736908, -21.8008708954, 7.5775103569, -23.7969799042, -2.69641828537],
        "cov": [[2727.39648438, -297.724395752, -649.437988281, -91.989112854, -117.77948761, -60.736831665, 193.636459351, -54.1295089722, 95.4337539673, -62.2996711731, 59.0773277283, -21.6797046661, -217.64440918], [-297.724395752, 656.366333008, -114.457069397, -307.082855225, 320.193572998, -46.4823036194, 134.484054565, 39.020866394, 2.9659011364, -24.7305297852, 56.4206848145, -8.31116867065, 21.5295200348], [-649.437988281, -114.457069397, 650.766601562, 366.054931641, -196.752197266, 89.4192733765, -97.1742858887, 12.722360611, 13.4191331863, 58.9386253357, 2.67679047585, 25.8368148804, 66.1498031616], [-91.989112854, -307.082855225, 366.054931641, 474.186279297, -135.321777344, 22.1913337708, -113.175071716, -4.22017908096, 33.1924438477, 50.8167800903, -4.96590709686, 17.7908496857, 29.8143730164], [-117.77948761, 320.193572998, -196.752197266, -135.321777344, 399.038482666, 8.40735149384, 25.0710830688, 17.3768577576, -7.22071218491, 18.4567432404, 15.7651844025, 34.4823112488, 51.1171569824], [-60.736831665, -46.4823036194, 89.4192733765, 22.1913337708, 8.40735149384, 241.736175537, 53.4108810425, 4.54926967621, -10.9814815521, 21.6629581451, -18.830537796, 46.372215271, 51.2797584534], [193.636459351, 134.484054565, -97.1742858887, -113.175071716, 25.0710830688, 53.4108810425, 191.985870361, 52.9369087219, 0.366110146046, -14.3916654587, 26.795042038, -0.443050593138, -26.8079166412], [-54.1295089722, 39.020866394, 12.722360611, -4.22017908096, 17.3768577576, 4.54926967621, 52.9369087219, 91.2666625977, 21.6368122101, 9.68412971497, 18.5241584778, 0.447093755007, -5.9022860527], [95.4337539673, 2.9659011364, 13.4191331863, 33.1924438477, -7.22071218491, -10.9814815521, 0.366110146046, 21.6368122101, 92.3894424438, 41.7089614868, 29.2977962494, 5.6687746048, -15.2519617081], [-62.2996711731, -24.7305297852, 58.9386253357, 50.8167800903, 18.4567432404, 21.6629581451, -14.3916654587, 9.68412971497, 41.7089614868, 94.8514862061, 39.1002578735, 10.8868227005, 16.1511306763], [59.0773277283, 56.4206848145, 2.67679047585, -4.96590709686, 15.7651844025, -18.830537796, 26.795042038, 18.5241584778, 29.2977962494, 39.1002578735, 86.3028259277, 18.274679184, -12.7220077515], [-21.6797046661, -8.31116867065, 25.8368148804, 17.7908496857, 34.4823112488, 46.372215271, -0.443050593138, 0.447093755007, 5.6687746048, 10.8868227005, 18.274679184, 77.2808837891, 38.3171806335], [-217.64440918, 21.5295200348, 66.1498031616, 29.8143730164, 51.1171569824, 51.2797584534, -26.8079166412, -5.9022860527, -15.2519617081, 16.1511306763, -12.7220077515, 38.3171806335, 89.274597168]],
        "icov": [[0.000885754998308, 0.000396105402615, 0.0010953459423, -0.0006541502662, 0.000153593311552, -0.000181661205715, -0.000987554900348, 0.00110547128133, -0.00104518828448, 0.000726039346773, -0.000723794277292, -0.00021889040363, 0.000944549334235], [0.000396105402615, 0.0141338147223, -0.00912872701883, 0.00960950925946, -0.012611198239, 0.00524835009128, -0.0093797352165, 0.00557617284358, -0.00822979118675, 0.0106080025434, -0.00809529796243, 0.00849054008722, -0.0052525610663], [0.0010953459423, -0.00912872701883, 0.0116943782195, -0.00970099493861, 0.0104032624513, -0.00499940337613, 0.00592508818954, -0.00355434208177, 0.00471100118011, -0.00654892716557, 0.00314083485864, -0.00542951514944, 0.00267322268337], [-0.0006541502662, 0.00960950925946, -0.00970099493861, 0.0117636984214, -0.0087883817032, 0.00413614185527, -0.00429856963456, 0.00259691779502, -0.00556921865791, 0.00582568626851, -0.00402518874034, 0.00529062002897, -0.00396532658488], [0.000153593311552, -0.012611198239, 0.0104032624513, -0.0087883817032, 0.0154358483851, -0.00479977903888, 0.0082567660138, -0.0056152259931, 0.00734195485711, -0.0103181172162, 0.00640032999218, -0.00844846479595, 0.00232834275812], [-0.000181661205715, 0.00524835009128, -0.00499940337613, 0.00413614185527, -0.00479977903888, 0.00909030158073, -0.0069702048786, 0.00291926437058, -0.002032215707, 0.000650642905384, 0.00143564480823, -0.000541756453458, -0.00378656107932], [-0.000987554900348, -0.0093797352165, 0.00592508818954, -0.00429856963456, 0.0082567660138, -0.0069702048786, 0.0167771149427, -0.00965452939272, 0.00671587511897, -0.00493574887514, 0.00172497262247, -0.00412952294573, 0.0046339025721], [0.00110547128133, 0.00557617284358, -0.00355434208177, 0.00259691779502, -0.0056152259931, 0.00291926437058, -0.00965452939272, 0.018328871578, -0.00740393577144, 0.00480464845896, -0.00401157652959, 0.00352860800922, -0.00125260860659], [-0.00104518828448, -0.00822979118675, 0.00471100118011, -0.00556921865791, 0.00734195485711, -0.002032215707, 0.00671587511897, -0.00740393577144, 0.0216996334493, -0.013649825938, 0.004643375054, -0.00732669839635, 0.00627948762849], [0.000726039346773, 0.0106080025434, -0.00654892716557, 0.00582568626851, -0.0103181172162, 0.000650642905384, -0.00493574887514, 0.00480464845896, -0.013649825938, 0.0280090272427, -0.0159500036389, 0.0111230136827, -0.0079576857388], [-0.000723794277292, -0.00809529796243, 0.00314083485864, -0.00402518874034, 0.00640032999218, 0.00143564480823, 0.00172497262247, -0.00401157652959, 0.004643375054, -0.0159500036389, 0.0261226408184, -0.0131187988445, 0.00800025183707], [-0.00021889040363, 0.00849054008722, -0.00542951514944, 0.00529062002897, -0.00844846479595, -0.000541756453458, -0.00412952294573, 0.00352860800922, -0.00732669839635, 0.0111230136827, -0.0131187988445, 0.0268866177648, -0.0128565095365], [0.000944549334235, -0.0052525610663, 0.00267322268337, -0.00396532658488, 0.00232834275812, -0.00378656107932, 0.0046339025721, -0.00125260860659, 0.00627948762849, -0.0079576857388, 0.00800025183707, -0.0128565095365, 0.0254354979843]]
    },
    "melbands": {
        "max": [0.00113386660814, 0.00214164494537, 0.0061762467958, 0.00655852723867, 0.00516468798742, 0.00857522618026, 0.0207344349474, 0.0257833544165, 0.0107279922813, 0.00932729337364, 0.00386754469946, 0.00199237908237, 0.0036002646666, 0.00160124117974, 0.00164601043798, 0.000804462528322, 0.000751450541429, 0.000528399192262, 0.000320967199514, 0.000333493400831, 0.000271754484857, 0.000243424306973, 0.000176073037437, 0.000214190440602, 0.000171613472048, 0.000329305185005, 0.000313147436827, 0.000234121573158, 0.000139003750519, 6.66504056426e-05, 6.34531825199e-05, 2.45464434556e-05, 2.86924150714e-05, 2.6359446565e-05, 2.38244429056e-05, 2.16191565414e-05, 2.42652313318e-05, 1.36902963277e-05, 6.61085277898e-06, 3.86232477467e-06],
        "mean": [8.04781884653e-05, 0.000127438281197, 0.000466956698801, 0.000655779032968, 0.000316666031722, 0.000426919548772, 0.000799970643129, 0.000518686312716, 0.000301200139802, 0.00029742778861, 0.000144909863593, 8.71454467415e-05, 7.16459107934e-05, 6.38890778646e-05, 0.000132538712933, 5.55478327442e-05, 4.27177692472e-05, 3.30936200044e-05, 1.108959259e-05, 1.8595603251e-05, 1.14652957564e-05, 1.63679087564e-05, 1.34676165544e-05, 1.16484170576e-05, 8.71291740623e-06, 1.24345115182e-05, 1.03546535684e-05, 4.16227931055e-06, 1.89655952454e-06, 1.04339812879e-06, 8.54236759551e-07, 7.07539811629e-07, 7.32861224151e-07, 5.96034055889e-07, 5.03906903759e-07, 3.80044838266e-07, 2.36835589362e-07, 1.20326205888e-07, 6.28772767186e-08, 3.34620651188e-08],
        "min": [1.13879899288e-07, 2.07375160244e-06, 3.00429883282e-06, 7.91231286712e-06, 3.48620051227e-06, 5.54928919883e-06, 2.76665650745e-06, 1.16815067486e-06, 5.29152657691e-07, 5.73494901346e-07, 2.56588776892e-07, 1.33041709205e-07, 1.00683834603e-07, 9.36357480441e-08, 4.95416685453e-08, 9.66487903042e-08, 1.01847966505e-07, 8.73317205219e-08, 6.37971169226e-08, 6.20136262341e-08, 7.80548887747e-08, 5.70423743795e-08, 4.57586644131e-08, 3.66414241171e-08, 3.99028863285e-08, 2.75641482972e-08, 1.22377583622e-08, 1.14640545945e-08, 9.84986758823e-09, 4.58655780022e-09, 3.6719842722e-09, 3.10056025299e-09, 3.42879435955e-09, 2.74420530744e-09, 2.29643060123e-09, 1.81735060334e-09, 1.65431413013e-09, 1.18286935802e-09, 1.19622889372e-09, 1.00513064538e-09],
        "stdev": [0.00014728208771, 0.000183432726772, 0.000553012127057, 0.000759498216212, 0.000450867519248, 0.000734711822588, 0.00144080340397, 0.00149280484766, 0.000620736798737, 0.000641159538645, 0.000301382940961, 0.000165690973517, 0.000194250169443, 0.000118037853099, 0.000232516846154, 8.62115921336e-05, 7.53912463551e-05, 5.93875338382e-05, 2.29392626352e-05, 3.29394570144e-05, 2.19949015445e-05, 2.64797363343e-05, 1.94580479729e-05, 1.60158851941e-05, 1.36206163006e-05, 2.50547800533e-05, 2.44166931225e-05, 1.06085517473e-05, 5.2739765124e-06, 4.26070573667e-06, 3.41064401255e-06, 1.97312010641e-06, 1.97867393581e-06, 1.71647400293e-06, 1.60126489845e-06, 1.35532468448e-06, 1.02766546206e-06, 5.81101346597e-07, 3.023660895e-07, 1.70621134998e-07]
    },
    "melbands128": {
        "max": [7.02118413756e-05, 0.000867498922162, 0.00190408958588, 0.00267852423713, 0.00310426065698, 0.00107072351966, 0.00634855777025, 0.00986885465682, 0.00845313910395, 0.0110680973157, 0.0105774253607, 0.00875348038971, 0.00672545749694, 0.0145310927182, 0.0148808872327, 0.0144287431613, 0.0223309807479, 0.0331915430725, 0.0344560816884, 0.0512638241053, 0.0178971532732, 0.0136232431978, 0.019353851676, 0.0147184068337, 0.011147105135, 0.0201074630022, 0.0126688405871, 0.0059170583263, 0.0034009621013, 0.00377459335141, 0.00228912290186, 0.00167141214479, 0.0075707109645, 0.00124804233201, 0.00390956085175, 0.00240894383751, 0.00165181595366, 0.00347754266113, 0.00206662039272, 0.00150225998368, 0.00124896713533, 0.00255886139348, 0.00153117312584, 0.00121828669216, 0.00158955680672, 0.000428289931733, 0.000627616711427, 0.000529411016032, 0.000561492983252, 0.000423503690399, 0.000731242937036, 0.00032831117278, 0.000695458904374, 0.000182744348422, 0.000156077410793, 0.000541716231965, 0.000291425676551, 0.000424966681749, 0.000375210365746, 0.000166840560269, 0.000228979042731, 0.000407209940022, 0.000133130262839, 0.000200827009394, 0.000449957209639, 0.000416487280745, 0.000999132869765, 0.000478411267977, 0.000534889230039, 0.000436681555584, 0.000264475005679, 0.000143534402014, 0.000160369309015, 0.000210720580071, 9.98545801849e-05, 9.08255242393e-05, 9.56008516368e-05, 9.84233774943e-05, 5.77301179874e-05, 3.98464944737e-05, 4.26778387919e-05, 2.46744748438e-05, 2.62120884145e-05, 4.05345635954e-05, 3.27504349116e-05, 2.82858545688e-05, 3.3772248571e-05, 3.20828548865e-05, 3.84832674172e-05, 2.93481953122e-05, 2.11838105315e-05, 2.43701288127e-05, 2.35627467191e-05, 2.53412090387e-05, 2.46657436946e-05, 1.78919272003e-05, 1.18393372759e-05, 9.74348222371e-06, 5.63484763916e-06, 5.7927677517e-06, 6.61293734083e-06, 3.3006913327e-06, 1.46047761973e-06, 7.24197718682e-07, 1.73434202111e-07, 2.06208685682e-08, 1.96158573829e-08, 1.87146671493e-08, 1.78709971266e-08, 1.71141643079e-08, 1.64000457659e-08, 1.57482009655e-08, 1.51408308113e-08, 1.45914311744e-08, 1.40785010316e-08, 1.36089486347e-08, 1.31682424964e-08, 1.27635795266e-08, 1.24008847635e-08, 1.20746825871e-08, 1.17793614862e-08, 1.15215570418e-08, 1.12863380863e-08, 1.10903277672e-08, 1.09199262965e-08, 1.07898916468e-08, 1.06923216947e-08, 1.06335509287e-08],
        "mean": [2.44700959229e-06, 4.50593579444e-05, 0.000122540543089, 0.000131881781272, 0.000102082936792, 9.51773981797e-05, 0.000325783796143, 0.000597222009674, 0.000640720012598, 0.000824927352369, 0.000546350784134, 0.000318747654092, 0.000202939438168, 0.000383196020266, 0.000353298441041, 0.000366344669601, 0.000919450540096, 0.000917902740184, 0.000580381718464, 0.00070792878978, 0.000380791869247, 0.000274301797617, 0.000231031022849, 0.000410787994042, 0.000384465878597, 0.000214853484067, 0.000211274760659, 9.02469328139e-05, 0.000159557748702, 0.000104865554022, 5.36357147212e-05, 5.65044865652e-05, 0.000111019042379, 3.2633288356e-05, 7.00006130501e-05, 5.84735935263e-05, 6.62614038447e-05, 0.000202940253075, 0.000123098754557, 5.74438963667e-05, 2.47487460001e-05, 7.76730739744e-05, 3.69936715288e-05, 1.89720194612e-05, 6.86377825332e-05, 2.26798056246e-05, 1.80123752216e-05, 8.25270217319e-06, 7.61359251555e-06, 1.64574230439e-05, 2.55733812082e-05, 1.27150133267e-05, 1.59247829288e-05, 8.76259218785e-06, 7.14713632988e-06, 2.34870458371e-05, 1.53889213834e-05, 1.57581180247e-05, 1.19678206829e-05, 1.07505366032e-05, 1.41340469781e-05, 9.86600389297e-06, 7.86269356468e-06, 7.52703954277e-06, 1.17541630971e-05, 1.11028275569e-05, 1.49306461026e-05, 1.293949299e-05, 9.53413291427e-06, 6.22981406195e-06, 4.23309347752e-06, 3.13274927066e-06, 2.40592589762e-06, 1.71492422396e-06, 1.23111817629e-06, 9.92636159936e-07, 1.02563183191e-06, 9.46850661876e-07, 8.06523985375e-07, 8.10069423096e-07, 6.68027780648e-07, 6.61434455651e-07, 7.92270668626e-07, 7.90050535215e-07, 6.36421304989e-07, 5.95422875449e-07, 5.92305241298e-07, 5.72682552047e-07, 5.13158170179e-07, 4.42190781769e-07, 4.13576998426e-07, 3.70778963088e-07, 3.15831385933e-07, 2.40923867523e-07, 1.89257804095e-07, 1.4395736514e-07, 1.08120353559e-07, 7.98519010914e-08, 6.30296170812e-08, 5.46876712804e-08, 4.71244838707e-08, 2.86021286655e-08, 1.91301534613e-08, 1.31593091979e-08, 1.71247771519e-09, 2.86394241655e-11, 2.38687715426e-11, 2.26506383094e-11, 2.16460807612e-11, 2.07313246431e-11, 1.9870964249e-11, 1.90903404196e-11, 1.83649189606e-11, 1.76976055338e-11, 1.70763455459e-11, 1.65109367151e-11, 1.59751933904e-11, 1.54833940808e-11, 1.50453503822e-11, 1.46524493927e-11, 1.4295301054e-11, 1.39800471546e-11, 1.37007939716e-11, 1.34579413585e-11, 1.32370243239e-11, 1.3048224827e-11, 1.29139268723e-11, 1.28405177116e-11],
        "min": [4.04432182188e-10, 2.26762075783e-09, 6.69224888838e-08, 1.14554971731e-07, 6.7594896791e-08, 8.42170720716e-07, 9.83464587989e-07, 3.55715570777e-07, 1.21108280382e-06, 1.65454093803e-06, 9.06394291178e-07, 1.17266881716e-06, 4.84451618377e-07, 1.4163731521e-06, 3.89887333085e-07, 2.08299775295e-06, 2.13574594454e-06, 6.93660865636e-07, 1.50759603912e-06, 8.4876865003e-07, 1.95027553218e-07, 3.01493798815e-08, 1.12060192237e-07, 3.62862095926e-07, 2.20329894773e-07, 1.69828055618e-07, 1.49182582732e-07, 1.23384921835e-07, 5.90974131853e-08, 1.90606161965e-08, 2.01327381433e-08, 4.25247144165e-08, 8.27626411848e-09, 3.71898885021e-08, 3.54558089555e-08, 3.12694119486e-08, 3.66268757546e-08, 2.04155892192e-08, 5.17494243013e-08, 3.73727431224e-08, 2.68039244133e-08, 6.74983837712e-08, 3.75202873215e-08, 1.36066296008e-08, 1.89832096709e-08, 2.7160762528e-08, 2.72672089352e-08, 2.83263350553e-08, 2.81657257517e-08, 3.61656127268e-08, 2.6080694937e-08, 3.11866479308e-08, 2.19546674174e-08, 3.9207577629e-08, 3.25395390632e-08, 2.49916318751e-08, 2.06716386231e-08, 2.26532996805e-08, 3.21517745761e-08, 2.07264072571e-08, 2.50183269657e-08, 3.33974021771e-08, 1.09875335497e-08, 1.94952409771e-08, 1.03234354398e-08, 1.73494001388e-08, 2.19788311995e-08, 1.14837863663e-08, 8.5985547571e-09, 6.24310203534e-09, 1.05149036145e-08, 6.68071242771e-09, 3.46000361695e-09, 6.85065248973e-09, 5.36571631571e-09, 3.50233264612e-09, 3.06166580977e-09, 1.86925497303e-09, 2.88904589141e-09, 2.39969599747e-09, 1.89333326794e-09, 2.61121524403e-09, 2.05814654208e-09, 1.91051263698e-09, 2.12783124454e-09, 1.62501534451e-09, 1.83756299066e-09, 1.33596289587e-09, 1.47799983363e-09, 1.48324919014e-09, 1.33735478247e-09, 1.20673659953e-09, 9.54356593752e-10, 1.20822463145e-09, 1.14857034994e-09, 8.19365131299e-10, 6.70423438986e-10, 8.92749485448e-10, 5.34593369572e-10, 6.51445786204e-10, 8.26010038146e-10, 6.80019485166e-10, 7.84574460955e-10, 3.23995719143e-10, 3.45400444357e-11, 1.03180878013e-13, 3.01464785752e-14, 3.57977299333e-14, 3.2270427243e-14, 3.34588144679e-14, 3.96482536201e-14, 3.80082521446e-14, 3.40656085426e-14, 3.63235612107e-14, 3.91690227074e-14, 3.84934936031e-14, 3.77353821747e-14, 3.76023573444e-14, 3.75323653179e-14, 3.43017477757e-14, 3.38835201758e-14, 3.59758203046e-14, 4.02380528257e-14, 4.00970658857e-14, 2.82680017496e-14, 1.12442437902e-14, 1.2822397461e-15, 8.25590903765e-17],
        "stdev": [4.70051372758e-06, 0.000105403072666, 0.000246547075221, 0.000251378369285, 0.000242697642534, 0.000123554447782, 0.000448202627013, 0.000870202900842, 0.000897837919183, 0.00117796554696, 0.000769980135374, 0.000507823657244, 0.000445696467068, 0.000985421822406, 0.00088260974735, 0.000967950851191, 0.00207747425884, 0.00199342519045, 0.00174652680289, 0.00277999020182, 0.00118895282503, 0.000858222134411, 0.000798819470219, 0.00102371803951, 0.000861251726747, 0.00104537699372, 0.000759543909226, 0.000256729865214, 0.000321634841384, 0.00026970077306, 0.000173029737198, 0.000126172992168, 0.000392718357034, 9.50938701862e-05, 0.000214257626794, 0.000153611559654, 0.000157426824444, 0.00044380343752, 0.000237740256125, 0.000108932101284, 8.05587842478e-05, 0.000205399017432, 0.00010052799189, 6.16006145719e-05, 0.000163028962561, 4.66894416604e-05, 5.76421443839e-05, 2.67856376013e-05, 2.54991318798e-05, 3.79416924261e-05, 6.26943656243e-05, 2.73000368907e-05, 5.2754276112e-05, 1.57111626322e-05, 1.33718485813e-05, 4.96268985444e-05, 2.74576686934e-05, 3.07308291667e-05, 2.88262817776e-05, 1.75830118678e-05, 2.52760783042e-05, 1.87561272469e-05, 1.5178029571e-05, 1.55283451022e-05, 2.23311999434e-05, 2.53310990956e-05, 5.22314148839e-05, 3.10646828439e-05, 2.69701176876e-05, 2.0869938453e-05, 1.14194126581e-05, 7.74275940785e-06, 6.24467702437e-06, 6.46744047117e-06, 5.08452694703e-06, 4.70505028716e-06, 4.71781822853e-06, 4.37795097241e-06, 3.5232017126e-06, 2.87267039312e-06, 2.22401308747e-06, 1.74298918409e-06, 2.1194321107e-06, 2.23745200856e-06, 2.08412234315e-06, 1.80575932518e-06, 1.76044920863e-06, 1.86254123946e-06, 1.83244208074e-06, 1.50739560922e-06, 1.47356286107e-06, 1.46837089687e-06, 1.29881163957e-06, 1.06117806808e-06, 9.74331896941e-07, 7.60275327139e-07, 5.00652731716e-07, 3.95333074721e-07, 2.8817561315e-07, 2.8780235084e-07, 2.77259715631e-07, 1.4500966472e-07, 7.44380130868e-08, 4.6256356967e-08, 6.6367364937e-09, 6.36792119035e-10, 6.05674066456e-10, 5.77842607097e-10, 5.51902856749e-10, 5.28515675668e-10, 5.06475639206e-10, 4.86364171159e-10, 4.67617999877e-10, 4.50639914273e-10, 4.34796726401e-10, 4.20278256641e-10, 4.06682743037e-10, 3.94167753992e-10, 3.82968989854e-10, 3.72898240064e-10, 3.63787000524e-10, 3.55810075847e-10, 3.48556850049e-10, 3.42491063288e-10, 3.37221611746e-10, 3.33218536097e-10, 3.30205557342e-10, 3.28394977878e-10]
    },
    "mfcc": {
        "mean": [-683.274414062, 156.897338867, -26.4999961853, 25.1668968201, -14.9175872803, -11.4009113312, -9.68633747101, -2.562104702, -20.3845844269, -0.879494667053, -3.44644761086, -3.51298546791, -3.61091947556],
        "cov": [[3153.59667969, -378.262634277, -590.05682373, -126.66254425, -350.56652832, 1.4311248064, -61.8785476685, 153.163513184, -180.318206787, 116.747909546, 117.401504517, 36.9232749939, -53.8121261597], [-378.262634277, 1005.74511719, -522.21862793, -181.123214722, 58.7963485718, -67.4666213989, 170.5027771, 54.1743507385, 41.6267089844, -38.2190208435, 97.8496627808, -1.43714749813, -6.72508096695], [-590.05682373, -522.21862793, 934.90637207, 203.227661133, -12.2423286438, 77.2090911865, -92.9092025757, -37.5446548462, 3.8310687542, 41.5511512756, -69.8006210327, 19.0194511414, 27.4592838287], [-126.66254425, -181.123214722, 203.227661133, 305.339538574, 97.1719207764, -25.267408371, -68.91822052, -47.12915802, -27.4974899292, 33.4209861755, -22.1194992065, 6.5897397995, 43.9603881836], [-350.56652832, 58.7963485718, -12.2423286438, 97.1719207764, 249.941253662, 50.0954170227, -12.3443317413, -52.5877418518, 40.8652839661, -35.2407112122, -32.2519264221, 0.490783631802, 25.36967659], [1.4311248064, -67.4666213989, 77.2090911865, -25.267408371, 50.0954170227, 164.416397095, 37.3470077515, 4.910800457, 47.7365379333, -24.3716335297, -18.3194847107, 17.1207923889, -3.10390973091], [-61.8785476685, 170.5027771, -92.9092025757, -68.91822052, -12.3443317413, 37.3470077515, 161.68800354, 53.8480987549, 40.7533226013, -18.5074367523, 24.157585144, 6.63447570801, -14.8864746094], [153.163513184, 54.1743507385, -37.5446548462, -47.12915802, -52.5877418518, 4.910800457, 53.8480987549, 118.523521423, 17.2178611755, -4.69436979294, 36.7810668945, 1.44328832626, -12.1414480209], [-180.318206787, 41.6267089844, 3.8310687542, -27.4974899292, 40.8652839661, 47.7365379333, 40.7533226013, 17.2178611755, 110.273582458, -24.4879302979, -10.6105957031, 0.940358757973, -12.3391962051], [116.747909546, -38.2190208435, 41.5511512756, 33.4209861755, -35.2407112122, -24.3716335297, -18.5074367523, -4.69436979294, -24.4879302979, 125.898925781, 33.4802436829, 8.37489509583, 14.6981525421], [117.401504517, 97.8496627808, -69.8006210327, -22.1194992065, -32.2519264221, -18.3194847107, 24.157585144, 36.7810668945, -10.6105957031, 33.4802436829, 118.090072632, 39.9668617249, -10.3709068298], [36.9232749939, -1.43714749813, 19.0194511414, 6.5897397995, 0.490783631802, 17.1207923889, 6.63447570801, 1.44328832626, 0.940358757973, 8.37489509583, 39.9668617249, 74.7109069824, 13.5441923141], [-53.8121261597, -6.72508096695, 27.4592838287, 43.9603881836, 25.36967659, -3.10390973091, -14.8864746094, -12.1414480209, -12.3391962051, 14.6981525421, -10.3709068298, 13.5441923141, 68.6968307495]],
        "icov": [[0.000816849758849, 0.000560433312785, 0.00102586566936, -0.000318331352901, 0.000912907882594, -0.000992545392364, 0.000566138711292, -0.00104695849586, 0.000984212965705, -0.000568930641748, 2.56876046478e-05, -0.000476791377878, 0.000440425937995], [0.000560433312785, 0.00240563112311, 0.00125682214275, 0.000687151274178, -0.000477271765703, 0.000646489323117, -0.00129189726431, -0.000509591889568, 0.000367624626961, -0.000122588011436, -0.00133589480538, 0.000197275119717, -0.000580451393034], [0.00102586566936, 0.00125682214275, 0.00305893085897, -0.001417889609, 0.00179778027814, -0.00204449589364, 0.000972706300672, -0.00132784084417, 0.000706365914084, -0.0010147652356, 0.000619020545855, -0.00105310510844, 0.00047613287461], [-0.000318331352901, 0.000687151274178, -0.001417889609, 0.00624029664323, -0.00365822785534, 0.00269797840156, -0.000403873971663, 0.000397332361899, 0.000666673877276, -0.00075166526949, -0.000478214846225, 0.000102949394204, -0.00196495070122], [0.000912907882594, -0.000477271765703, 0.00179778027814, -0.00365822785534, 0.00862579420209, -0.00410693744197, 0.00183692714199, 0.00140167283826, -0.00145445938688, 0.0010823935736, 0.000246539333602, 2.63271431322e-05, -0.000895326200407], [-0.000992545392364, 0.000646489323117, -0.00204449589364, 0.00269797840156, -0.00410693744197, 0.0110242813826, -0.00347562064417, 0.000907780544367, -0.00297425850295, 0.000965364160948, 0.000807333213743, -0.00184258900117, -0.000457005866338], [0.000566138711292, -0.00129189726431, 0.000972706300672, -0.000403873971663, 0.00183692714199, -0.00347562064417, 0.0106847789139, -0.003702606773, -0.00116004433949, -0.000228886972764, 0.000307375798002, -0.000929970352445, 0.00108256423846], [-0.00104695849586, -0.000509591889568, -0.00132784084417, 0.000397332361899, 0.00140167283826, 0.000907780544367, -0.003702606773, 0.0137157356367, -0.00321133318357, 0.0022197002545, -0.00436181249097, 0.00310312001966, -0.00177038146649], [0.000984212965705, 0.000367624626961, 0.000706365914084, 0.000666673877276, -0.00145445938688, -0.00297425850295, -0.00116004433949, -0.00321133318357, 0.013823164627, -0.000495180720463, 0.00175114802551, -0.00142762856558, 0.00281645497307], [-0.000568930641748, -0.000122588011436, -0.0010147652356, -0.00075166526949, 0.0010823935736, 0.000965364160948, -0.000228886972764, 0.0022197002545, -0.000495180720463, 0.0107787307352, -0.00431918818504, 0.00201001274399, -0.00302790594287], [2.56876046478e-05, -0.00133589480538, 0.000619020545855, -0.000478214846225, 0.000246539333602, 0.000807333213743, 0.000307375798002, -0.00436181249097, 0.00175114802551, -0.00431918818504, 0.0162923336029, -0.00939625501633, 0.00473987031728], [-0.000476791377878, 0.000197275119717, -0.00105310510844, 0.000102949394204, 2.63271431322e-05, -0.00184258900117, -0.000929970352445, 0.00310312001966, -0.00142762856558, 0.00201001274399, -0.00939625501633, 0.0202048812062, -0.00583373568952], [0.000440425937995, -0.000580451393034, 0.00047613287461, -0.00196495070122, -0.000895326200407, -0.000457005866338, 0.00108256423846, -0.00177038146649, 0.00281645497307, -0.00302790594287, 0.00473987031728, -0.00583373568952, 0.0191631261259]]
    },
    "spectral_contrast_coeffs": {
        "max": [-0.419218152761, -0.444055408239, -0.521510958672, -0.583293259144, -0.607327699661, -0.639594495296],
        "mean": [-0.652240157127, -0.718576192856, -0.742442011833, -0.768228888512, -0.763652086258, -0.759232699871],
        "min": [-0.911260843277, -0.921070218086, -0.903814136982, -0.907014429569, -0.883013129234, -0.945976018906],
        "stdev": [0.0691261962056, 0.0731387212873, 0.0713047087193, 0.0621948540211, 0.0505450889468, 0.0378692112863]
    },
    "spectral_contrast_valleys": {
        "max": [-5.75161981583, -4.72343826294, -6.01884746552, -6.58003950119, -6.27419519424, -8.22775554657],
        "mean": [-7.26922559738, -6.49409770966, -7.62089014053, -8.0067949295, -7.9226231575, -11.3820257187],
        "min": [-9.10488033295, -8.43544769287, -9.76512145996, -9.75041770935, -9.89689826965, -12.4701166153],
        "stdev": [0.526517570019, 0.620875775814, 0.662262678146, 0.554321408272, 0.602021098137, 0.655561923981]
    }
},
"rhythm": {
    "beats_count": 97,
    "beats_loudness": {
        "max": 0.102847054601,
        "mean": 0.0283345319331,
        "min": 0.00300031364895,
        "stdev": 0.0193743184209
    },
    "bpm": 121.801429749,
    "bpm_histogram_first_peak_bpm": 123,
    "bpm_histogram_first_peak_weight": 0.49295771122,
    "bpm_histogram_second_peak_bpm": 117,
    "bpm_histogram_second_peak_spread": 0.272727251053,
    "bpm_histogram_second_peak_weight": 0.166666671634,
    "danceability": 1.20275020599,
    "onset_rate": 2.87109375,
    "beats_loudness_band_ratio": {
        "max": [0.63876748085, 0.866341710091, 0.849951565266, 0.46001341939, 0.392041832209, 0.199854016304],
        "mean": [0.185984939337, 0.279127895832, 0.385151386261, 0.148174449801, 0.0594252720475, 0.0265019573271],
        "min": [0.01493490953, 0.0299337413162, 0.031787019223, 0.00280528748408, 0.00525047350675, 0.00323163880967],
        "stdev": [0.142626538873, 0.163219094276, 0.201264306903, 0.110343389213, 0.0594528727233, 0.0261785946786]
    },
