{
"metadata": {
    "version": {
        "essentia": "2.1-beta5",
        "essentia_git_sha": "Undefined",
        "extractor": "music 2.0"
    },
    "audio_properties": {
        "analysis": {
            "equal_loudness": 0,
            "length": 48.7502937317,
            "sample_rate": 44100,
            "start_time": 110.248344421,
            "downmix": "mix"
        },
        "bit_rate": 192000,
        "length": 190.125,
        "lossless": 0,
        "number_channels": 2,
        "replay_gain": -9.48080062866,
        "sample_rate": 48000,
        "codec": "mp3",
        "md5_encoded": "aca92746487f0c98f733152d753340b4"
    },
    "tags": {
        "file_name": "Spain_Caracola_Tim, Nelly and Tony.mp3",
        "encoding": ["Lavf58.29.100"]
    }
},
"lowlevel": {
    "average_loudness": 0.625111103058,
    "barkbands_crest": {
        "max": 25.9557723999,
        "mean": 12.9348621368,
        "min": 3.48046255112,
        "stdev": 5.46501636505
    },
    "barkbands_flatness_db": {
        "max": 0.419955193996,
        "mean": 0.237804830074,
        "min": 0.102421723306,
        "stdev": 0.0465870909393
    },
    "barkbands_kurtosis": {
        "max": 139.286621094,
        "mean": 7.05309915543,
        "min": -1.57325828075,
        "stdev": 11.110868454
    },
    "barkbands_skewness": {
        "max": 8.56951999664,
        "mean": 1.32449245453,
        "min": -0.75299090147,
        "stdev": 1.12801146507
    },
    "barkbands_spread": {
        "max": 38.3770980835,
        "mean": 7.32960605621,
        "min": 0.594863176346,
        "stdev": 4.34232378006
    },
    "dissonance": {
        "max": 0.499994367361,
        "mean": 0.423118114471,
        "min": 0.221909999847,
        "stdev": 0.0505756773055
    },
    "dynamic_complexity": 5.78969478607,
    "erbbands_crest": {
        "max": 31.9043235779,
        "mean": 14.8101348877,
        "min": 3.86921453476,
        "stdev": 6.45448350906
    },
    "erbbands_flatness_db": {
        "max": 0.450646460056,
        "mean": 0.286035209894,
        "min": 0.164742127061,
        "stdev": 0.0476438105106
    },
    "erbbands_kurtosis": {
        "max": 78.865852356,
        "mean": 4.96998548508,
        "min": -1.73272323608,
        "stdev": 7.49244070053
    },
    "erbbands_skewness": {
        "max": 6.64613103867,
        "mean": 1.33992421627,
        "min": -0.974626779556,
        "stdev": 1.1052968502
    },
    "erbbands_spread": {
        "max": 82.5264434814,
        "mean": 13.6818008423,
        "min": 1.75210869312,
        "stdev": 8.57752418518
    },
    "hfc": {
        "max": 91.9812774658,
        "mean": 15.0078878403,
        "min": 0.000917420897167,
        "stdev": 16.3936767578
    },
    "loudness_ebu128": {
        "integrated": -15.3570537567,
        "loudness_range": 13.6301250458,
        "momentary": {
            "max": -9.97725296021,
            "mean": -18.9016418457,
            "min": -35.955909729,
            "stdev": 6.35993099213
        },
        "short_term": {
            "max": -12.3089323044,
            "mean": -17.6613826752,
            "min": -29.4103946686,
            "stdev": 4.86265468597
        }
    },
    "melbands_crest": {
        "max": 33.4461669922,
        "mean": 14.7186660767,
        "min": 4.3445019722,
        "stdev": 6.17567253113
    },
    "melbands_flatness_db": {
        "max": 0.46114936471,
        "mean": 0.2615698874,
        "min": 0.118221096694,
        "stdev": 0.0561913177371
    },
    "melbands_kurtosis": {
        "max": 123.875,
        "mean": 8.00625419617,
        "min": -1.19242537022,
        "stdev": 12.8292865753
    },
    "melbands_skewness": {
        "max": 8.96714401245,
        "mean": 1.16281723976,
        "min": -1.32719230652,
        "stdev": 1.13356840611
    },
    "melbands_spread": {
        "max": 62.0697593689,
        "mean": 11.2942438126,
        "min": 1.01275229454,
        "stdev": 6.4020409584
    },
    "pitch_salience": {
        "max": 0.836814165115,
        "mean": 0.535002589226,
        "min": 0.130669400096,
        "stdev": 0.128006190062
    },
    "silence_rate_20dB": {
        "max": 1,
        "mean": 1,
        "min": 1,
        "stdev": 0
    },
    "silence_rate_30dB": {
        "max": 1,
        "mean": 0.99857211113,
        "min": 0,
        "stdev": 0.0377615652978
    },
    "silence_rate_60dB": {
        "max": 1,
        "mean": 0.256068527699,
        "min": 0,
        "stdev": 0.436459124088
    },
    "spectral_centroid": {
        "max": 2774.62231445,
        "mean": 878.657409668,
        "min": 218.885070801,
        "stdev": 313.367095947
    },
    "spectral_complexity": {
        "max": 32,
        "mean": 12.4369344711,
        "min": 0,
        "stdev": 7.04174661636
    },
    "spectral_decrease": {
        "max": -2.8838227379e-13,
        "mean": -4.48980452816e-09,
        "min": -2.84688397301e-08,
        "stdev": 4.67512384361e-09
    },
    "spectral_energy": {
        "max": 0.115173585713,
        "mean": 0.0183067899197,
        "min": 1.17163267532e-06,
        "stdev": 0.0191035047174
    },
    "spectral_energyband_high": {
        "max": 0.000889664574061,
        "mean": 7.21156975487e-05,
        "min": 1.04997175399e-08,
        "stdev": 9.37869044719e-05
    },
    "spectral_energyband_low": {
        "max": 0.00905500166118,
        "mean": 0.000291253352771,
        "min": 3.71064814431e-08,
        "stdev": 0.00054146128241
    },
    "spectral_energyband_middle_high": {
        "max": 0.084887906909,
        "mean": 0.00931647885591,
        "min": 3.96779427092e-07,
        "stdev": 0.0141243040562
    },
    "spectral_energyband_middle_low": {
        "max": 0.111354313791,
        "mean": 0.00911155063659,
        "min": 7.82635368068e-07,
        "stdev": 0.0118757104501
    },
    "spectral_entropy": {
        "max": 7.86554431915,
        "mean": 6.86771583557,
        "min": 5.22727251053,
        "stdev": 0.424075245857
    },
    "spectral_flux": {
        "max": 0.240883424878,
        "mean": 0.0606901980937,
        "min": 0.00221380009316,
        "stdev": 0.043178845197
    },
    "spectral_kurtosis": {
        "max": 45.1265983582,
        "mean": 9.86540794373,
        "min": -0.817061185837,
        "stdev": 6.0990653038
    },
    "spectral_rms": {
        "max": 0.0106002110988,
        "mean": 0.00361086870544,
        "min": 3.38091158483e-05,
        "stdev": 0.00219588377513
    },
    "spectral_rolloff": {
        "max": 3531.4453125,
        "mean": 946.877075195,
        "min": 215.33203125,
        "stdev": 388.147033691
    },
    "spectral_skewness": {
        "max": 5.06791257858,
        "mean": 2.1283955574,
        "min": 0.594640791416,
        "stdev": 0.704633295536
    },
    "spectral_spread": {
        "max": 8841060,
        "mean": 2534814.75,
        "min": 1402335.125,
        "stdev": 643073.9375
    },
    "spectral_strongpeak": {
        "max": 10.1003293991,
        "mean": 2.08061790466,
        "min": 0.00262805214152,
        "stdev": 2.08666467667
    },
    "zerocrossingrate": {
        "max": 0.10009765625,
        "mean": 0.0376034677029,
        "min": 0.0078125,
        "stdev": 0.0115335872397
    },
    "barkbands": {
        "max": [5.33343409188e-05, 0.00181986368261, 0.00698753958568, 0.011277705431, 0.0175308007747, 0.0390635803342, 0.0508094131947, 0.0591867640615, 0.11045884341, 0.0860671699047, 0.0545262284577, 0.0115161910653, 0.0052369334735, 0.030884148553, 0.0170869436115, 0.00601844256744, 0.000848944473546, 0.00169448228553, 0.000834110018332, 0.000793456507381, 0.000537510553841, 7.01572498656e-05, 4.60488008684e-05, 3.13702803396e-05, 3.75313447876e-06, 1.11326176011e-06, 1.1721916735e-06],
        "mean": [2.77434401141e-06, 0.000121371893329, 8.83557804627e-05, 0.000194185529836, 0.000899933977053, 0.00117715110537, 0.00109959847759, 0.00113560236059, 0.00368736754172, 0.00661339750513, 0.00119941227604, 0.000435277645011, 0.000411716435337, 0.000474515749374, 0.000251646852121, 0.000155030124006, 7.26520302123e-05, 0.000113587615488, 8.52434022818e-05, 4.58669601358e-05, 3.34749929607e-05, 4.57966916656e-06, 2.36421078625e-06, 1.41214616178e-06, 2.74321365623e-07, 1.0869630751e-09, 1.14944476159e-09],
        "min": [9.77263270308e-10, 2.1375671011e-08, 1.19907852536e-08, 5.27782528792e-09, 1.50975267843e-07, 6.07664105701e-08, 2.82661201112e-08, 3.03434291027e-08, 3.75101876671e-07, 1.89279418805e-07, 6.73492621672e-08, 7.55058380264e-08, 1.16520233462e-08, 5.18387155424e-09, 2.41403674828e-09, 1.16159286634e-08, 7.72525099446e-10, 1.55408941271e-09, 1.94085925109e-09, 1.45066392232e-09, 1.68037683768e-09, 2.25682916799e-09, 7.50780715375e-10, 2.24166973872e-09, 2.0301487158e-09, 1.24398252116e-11, 1.89180719701e-11],
        "stdev": [3.34873948304e-06, 0.00018508300127, 0.000276448874502, 0.000710910651833, 0.00149544782471, 0.00205029547215, 0.00228766584769, 0.00282760825939, 0.00890424754471, 0.0129216369241, 0.00399711634964, 0.000845253409352, 0.000621039711405, 0.00119791133329, 0.000668840191793, 0.000395605573431, 9.24823470996e-05, 0.000145074664033, 0.000102740807051, 6.86057246639e-05, 5.21423789905e-05, 6.92258117851e-06, 3.71311216441e-06, 2.31291414821e-06, 2.98988794611e-07, 2.42970461528e-08, 2.55839065488e-08]
    },
    "erbbands": {
        "max": [0.0407616943121, 0.483029812574, 4.33564758301, 20.9418334961, 44.264289856, 73.6933746338, 81.9082336426, 417.24710083, 428.164367676, 622.788818359, 1638.11950684, 2555.7487793, 3456.50805664, 2743.62866211, 2122.0625, 454.375823975, 251.96081543, 1797.23156738, 965.231811523, 545.644836426, 339.994934082, 68.9522781372, 63.1942672729, 88.4690856934, 40.3412895203, 19.7944049835, 34.2943267822, 7.40355062485, 1.76176786423, 1.62739384174, 1.53837668896, 0.703139781952, 0.514249444008, 0.0894098058343, 0.00931079033762, 0.00448737060651, 0.00205711950548, 0.000729284132831, 0.000168031838257, 0.000133344321512],
        "mean": [0.00238795182668, 0.0315327420831, 0.100851774216, 0.389391839504, 1.34997951984, 3.18484449387, 6.00430297852, 11.6240797043, 17.7581958771, 12.8606090546, 31.3263244629, 81.6574783325, 149.445465088, 173.470855713, 42.9049911499, 19.4962520599, 19.5195674896, 19.0811100006, 22.2770061493, 9.88951969147, 7.35173797607, 4.5298705101, 5.42000865936, 5.80795860291, 3.31092000008, 2.09174990654, 2.36333560944, 0.557648420334, 0.166870176792, 0.0990014597774, 0.0657047778368, 0.0421672612429, 0.018108388409, 0.00544999539852, 0.00091142882593, 3.9791004383e-05, 1.0443213796e-05, 3.11085818794e-06, 9.78203206614e-06, 2.14959600271e-05],
        "min": [5.61888668926e-07, 4.96895472679e-06, 1.39595613291e-05, 1.73821208591e-05, 0.000113393769425, 0.000634747208096, 0.000666323117912, 0.000501210044604, 0.000666664622258, 0.000226332587772, 0.00134675425943, 0.00759709766135, 0.01078466326, 0.00403231754899, 0.00354035082273, 0.00233214930631, 0.000650008325465, 0.000334830052452, 0.000139031355502, 0.000276903330814, 0.00059564516414, 7.92626960902e-05, 7.70429032855e-05, 0.000118254887639, 6.65076004225e-05, 6.87125793775e-05, 5.17567386851e-05, 9.62152116699e-05, 8.83441534825e-05, 3.27827256115e-05, 2.36740797845e-05, 3.3482672734e-05, 4.41164520453e-05, 3.13661766995e-05, 7.45839724914e-06, 1.19176934277e-06, 3.07152163259e-07, 5.37819424551e-08, 3.45096857757e-08, 4.79629758132e-09],
        "stdev": [0.00410635955632, 0.0477148666978, 0.235818877816, 1.30230844021, 2.64891195297, 5.77011871338, 9.51497554779, 21.7287406921, 31.1314640045, 25.8296527863, 75.2588500977, 209.418075562, 274.878326416, 355.370666504, 128.75201416, 31.9530773163, 26.8285942078, 54.5922470093, 49.2724456787, 26.7919578552, 16.6651725769, 5.76803350449, 6.43999671936, 7.17459583282, 4.06015586853, 2.71007990837, 3.60606217384, 0.754529058933, 0.223053470254, 0.147897064686, 0.106128551066, 0.0691754445434, 0.0317423455417, 0.00654202140868, 0.000901749299373, 0.000102617988887, 4.56075067632e-05, 1.61031985044e-05, 1.06677653093e-05, 2.24340146815e-05]
    },
    "gfcc": {
        "mean": [-123.074295044, 158.061279297, -170.806991577, 6.89378261566, -78.7021408081, -7.69747114182, -23.4152202606, -3.61121749878, -12.7880249023, -18.6727390289, 6.33858394623, -20.0634441376, 12.6961984634],
        "cov": [[7866.58203125, -373.919403076, -3084.34423828, -620.617736816, 387.099914551, -526.913513184, 773.866943359, -262.133239746, 88.5493164062, -281.87600708, -217.205886841, -318.20614624, -44.3344612122], [-373.919403076, 311.954437256, 326.917053223, 27.9730701447, 70.466468811, 31.376909256, -72.1934661865, -17.5526313782, -18.8756637573, 2.6752872467, 34.8893508911, 16.9238262177, -13.0343418121], [-3084.34423828, 326.917053223, 1621.82299805, 363.580078125, -197.481048584, 273.347015381, -352.77545166, 97.3574295044, -22.3039741516, 70.4769515991, 106.575698853, 148.873275757, -5.42263221741], [-620.617736816, 27.9730701447, 363.580078125, 358.176635742, 8.67158889771, 90.257194519, -156.950942993, 19.8304252625, 40.1896018982, 8.35070228577, 6.69367027283, 44.1463127136, -9.77320575714], [387.099914551, 70.466468811, -197.481048584, 8.67158889771, 194.997512817, -22.8301296234, 51.4218673706, -11.6062116623, -13.3286600113, -3.96495866776, -25.2870006561, -20.8118038177, 17.8416481018], [-526.913513184, 31.376909256, 273.347015381, 90.257194519, -22.8301296234, 238.734436035, -15.2252922058, 1.79369652271, 1.24938821793, 38.94008255, 26.679151535, 18.6560382843, -16.977804184], [773.866943359, -72.1934661865, -352.77545166, -156.950942993, 51.4218673706, -15.2252922058, 279.542755127, 24.0588474274, -34.7308769226, -8.1103105545, -22.3849906921, -49.5220451355, 11.9931316376], [-262.133239746, -17.5526313782, 97.3574295044, 19.8304252625, -11.6062116623, 1.79369652271, 24.0588474274, 99.9406509399, 34.0388336182, 16.7051639557, 11.2693185806, 7.08864068985, 6.645819664], [88.5493164062, -18.8756637573, -22.3039741516, 40.1896018982, -13.3286600113, 1.24938821793, -34.7308769226, 34.0388336182, 95.332611084, 22.0359992981, 7.05373907089, 8.60756969452, -7.12453889847], [-281.87600708, 2.6752872467, 70.4769515991, 8.35070228577, -3.96495866776, 38.94008255, -8.1103105545, 16.7051639557, 22.0359992981, 88.941078186, 50.1936073303, 7.79925346375, 5.48843050003], [-217.205886841, 34.8893508911, 106.575698853, 6.69367027283, -25.2870006561, 26.679151535, -22.3849906921, 11.2693185806, 7.05373907089, 50.1936073303, 97.8606033325, 38.8181152344, -10.9682312012], [-318.20614624, 16.9238262177, 148.873275757, 44.1463127136, -20.8118038177, 18.6560382843, -49.5220451355, 7.08864068985, 8.60756969452, 7.79925346375, 38.8181152344, 77.5947189331, 26.3002300262], [-44.3344612122, -13.0343418121, -5.42263221741, -9.77320575714, 17.8416481018, -16.977804184, 11.9931316376, 6.645819664, -7.12453889847, 5.48843050003, -10.9682312012, 26.3002300262, 72.8261795044]],
        "icov": [[0.00114629988093, -0.000991869485006, 0.0017632660456, -0.000789793848526, 0.000497525674291, 0.000335650198394, -0.00198446190916, 0.00237650796771, -0.00286835525185, 0.00329994456843, -0.00196203659289, 0.00181499274913, -0.000868356437422], [-0.000991869485006, 0.0115877008066, -0.00703196693212, 0.00432354724035, -0.00973506644368, 0.00167155882809, 0.000503605930135, 0.00519383326173, -0.00384111865424, 0.00290668127127, -0.00487417960539, 0.0034462439362, 0.00117103056982], [0.0017632660456, -0.00703196693212, 0.00767558021471, -0.00379251874983, 0.00676570879295, -0.00211143959314, -7.00504751876e-05, -0.00334903760813, 0.00224621547386, 0.0011406004196, 0.000769320351537, -0.00158513255883, -0.00113308196887], [-0.000789793848526, 0.00432354724035, -0.00379251874983, 0.00683422852308, -0.00528529798612, -0.000771449296735, 0.00286155915819, 0.00022291217465, -0.00184067722876, 0.000291719072266, 0.000319491606206, -0.000773093779571, 0.00167643779423], [0.000497525674291, -0.00973506644368, 0.00676570879295, -0.00528529798612, 0.0151603026316, -0.00166591780726, -5.08053199155e-05, -0.00578455813229, 0.00642956700176, -0.00485095661134, 0.00560202728957, -0.00311344116926, -0.00224856752902], [0.000335650198394, 0.00167155882809, -0.00211143959314, -0.000771449296735, -0.00166591780726, 0.00728427199647, -0.00381954433396, 0.00518119800836, -0.00341525673866, -0.000686367682647, -0.000820595247205, 0.000614673714153, 0.00187729892787], [-0.00198446190916, 0.000503605930135, -7.00504751876e-05, 0.00286155915819, -5.08053199155e-05, -0.00381954433396, 0.0125397276133, -0.011520058848, 0.0108596049249, -0.00629513850436, 0.00400038901716, -0.0024930704385, 0.000408714287914], [0.00237650796771, 0.00519383326173, -0.00334903760813, 0.00022291217465, -0.00578455813229, 0.00518119800836, -0.011520058848, 0.0280853565782, -0.0202035196126, 0.0114426249638, -0.0104629453272, 0.00982562452555, -0.00384695245884], [-0.00286835525185, -0.00384111865424, 0.00224621547386, -0.00184067722876, 0.00642956700176, -0.00341525673866, 0.0108596049249, -0.0202035196126, 0.0307226479053, -0.0183029174805, 0.0131864845753, -0.0131643116474, 0.00629559438676], [0.00329994456843, 0.00290668127127, 0.0011406004196, 0.000291719072266, -0.00485095661134, -0.000686367682647, -0.00629513850436, 0.0114426249638, -0.0183029174805, 0.0353533402085, -0.0243288073689, 0.0188010279089, -0.0112346503884], [-0.00196203659289, -0.00487417960539, 0.000769320351537, 0.000319491606206, 0.00560202728957, -0.000820595247205, 0.00400038901716, -0.0104629453272, 0.0131864845753, -0.0243288073689, 0.0328157804906, -0.0233634989709, 0.0132689103484], [0.00181499274913, 0.0034462439362, -0.00158513255883, -0.000773093779571, -0.00311344116926, 0.000614673714153, -0.0024930704385, 0.00982562452555, -0.0131643116474, 0.0188010279089, -0.0233634989709, 0.0368115529418, -0.0175976026803], [-0.000868356437422, 0.00117103056982, -0.00113308196887, 0.00167643779423, -0.00224856752902, 0.00187729892787, 0.000408714287914, -0.00384695245884, 0.00629559438676, -0.0112346503884, 0.0132689103484, -0.0175976026803, 0.0246412977576]]
    },
    "melbands": {
        "max": [0.000425757258199, 0.00175094488077, 0.00389329623431, 0.00382335134782, 0.00359215866774, 0.00874935183674, 0.00842333212495, 0.00570431910455, 0.0127569995821, 0.0190388858318, 0.0170557517558, 0.0120088374242, 0.00897343363613, 0.00131860398687, 0.00146597938146, 0.0006195360329, 0.0039430516772, 0.00186110904906, 0.000949991343077, 0.000579074665438, 0.000380476791179, 5.99778322794e-05, 5.88431284996e-05, 8.41328146635e-05, 7.40293980925e-05, 3.76043681172e-05, 1.58026177814e-05, 1.89830188901e-05, 3.52645365638e-05, 1.48836725202e-05, 3.88930175177e-06, 1.31160686578e-06, 9.77277068159e-07, 1.10408836917e-06, 9.23816855902e-07, 8.2350845787e-07, 3.81190943699e-07, 4.09363963172e-07, 1.69754798662e-07, 4.73832848513e-08],
        "mean": [2.84504585579e-05, 5.10871541337e-05, 9.24943742575e-05, 0.000166591751622, 0.000203918563784, 0.000254457991105, 0.000260090135271, 0.000157016969752, 0.000260929547949, 0.000559564388823, 0.000794764666352, 0.00078765215585, 0.000158226204803, 5.29381541128e-05, 5.32158846909e-05, 3.58835241059e-05, 3.47359782609e-05, 4.00526296289e-05, 1.66971385624e-05, 1.0697599464e-05, 7.93313483882e-06, 4.07884454035e-06, 4.68130019726e-06, 5.70870543015e-06, 4.64472032036e-06, 3.12893416776e-06, 1.37767972319e-06, 1.41561338296e-06, 1.80985773568e-06, 6.89283240263e-07, 2.04422718753e-07, 8.94787461903e-08, 7.89269734014e-08, 4.46848105184e-08, 3.66571413224e-08, 3.60680800782e-08, 2.16521964802e-08, 1.38877558342e-08, 7.12855952045e-09, 3.7632434946e-09],
        "min": [5.56216406267e-09, 6.96464841354e-09, 4.77218664585e-09, 2.59268375657e-08, 2.68388209435e-08, 1.18150493833e-08, 8.95988971905e-09, 2.79215295329e-09, 1.3638106644e-08, 5.51351391209e-08, 5.26383736599e-08, 1.38581093267e-08, 1.05970858755e-08, 8.98765595281e-09, 1.68900882169e-09, 9.73682245942e-10, 5.88707749216e-10, 2.11269765571e-10, 1.8402600277e-10, 6.44200970346e-10, 6.51050435785e-10, 5.72305362823e-11, 4.3632635699e-11, 7.80079473239e-11, 1.03177744126e-10, 5.47173625853e-11, 3.52039682128e-11, 5.24748126896e-11, 3.41022488026e-11, 3.28849447673e-11, 6.50880252473e-11, 5.4724284132e-11, 3.36203391516e-11, 1.2110049942e-11, 1.37323685409e-11, 1.28951033879e-11, 2.41672272472e-11, 3.37540724538e-11, 3.10974752893e-11, 2.62366101067e-11],
        "stdev": [4.50092775282e-05, 9.65141880442e-05, 0.000263494148385, 0.000275643164059, 0.000331099348841, 0.000453834218206, 0.000477561872685, 0.000299329374684, 0.000597319507506, 0.00150158896577, 0.0014830424916, 0.00163810024969, 0.00055878458079, 0.000111789289804, 8.85808622115e-05, 5.63712746953e-05, 0.00011448879377, 9.70441251411e-05, 4.8497618991e-05, 3.35159311362e-05, 1.92758161575e-05, 5.54641155759e-06, 6.01139345235e-06, 7.67951587477e-06, 6.00125986239e-06, 4.13675707023e-06, 1.80233598712e-06, 2.16671787712e-06, 3.02511057271e-06, 1.15151874525e-06, 3.08154824324e-07, 1.26216434637e-07, 1.26966639868e-07, 6.92181103545e-08, 6.07367525163e-08, 6.39296544591e-08, 3.71361785767e-08, 2.50858391837e-08, 1.07037951835e-08, 4.05560207639e-09]
    },
    "melbands128": {
        "max": [5.146303738e-05, 0.000234872844885, 0.000729966035578, 0.000923927756958, 0.0014025804121, 0.00447156326845, 0.00423173652962, 0.00582026457414, 0.00495124002919, 0.00486660096794, 0.00460774917156, 0.00745448004454, 0.00347629585303, 0.00526939984411, 0.00964199472219, 0.0162785183638, 0.00506516359746, 0.0106010306627, 0.0187306217849, 0.00534802442417, 0.0093067381531, 0.0156194819137, 0.0226859692484, 0.01029367093, 0.01454484649, 0.0454875230789, 0.0281303673983, 0.0323025546968, 0.0253173355013, 0.0278451200575, 0.0159190483391, 0.0116247255355, 0.0186662543565, 0.00541059207171, 0.0032840850763, 0.00276946648955, 0.00228443252854, 0.00320459390059, 0.00146803073585, 0.000820511253551, 0.000806476047728, 0.00242694094777, 0.00751123763621, 0.00320064509287, 0.00343745970167, 0.00368613516912, 0.00368069997057, 0.000816937768832, 0.00236324057914, 0.000831106386613, 0.00100283138454, 0.00091106002219, 0.000804589828476, 0.00030336677446, 0.000103879821836, 9.84810685623e-05, 0.00014419145009, 9.83035861282e-05, 8.05638774182e-05, 0.000107136933366, 0.000189276281162, 0.000202745373826, 0.00014167567133, 0.000100800119981, 0.00011338598415, 4.4583579438e-05, 7.84850344644e-05, 2.13342391362e-05, 3.0227649404e-05, 3.8838468754e-05, 1.95848533622e-05, 5.035857248e-05, 9.75962830125e-05, 5.9820322349e-05, 5.55451588298e-05, 2.71689932561e-05, 1.08932208605e-05, 1.2167524801e-05, 1.78016614427e-06, 6.05019204158e-06, 1.14900979042e-06, 9.19414219425e-07, 2.05784908758e-06, 1.45498245274e-06, 2.56988960246e-06, 1.19327989978e-06, 1.43248962559e-06, 8.00515067567e-07, 1.06051322746e-06, 1.27926352889e-06, 1.11325368835e-06, 1.1916455378e-06, 7.9133633335e-07, 6.50796664559e-07, 3.39814107519e-07, 3.58054393246e-07, 8.464800203e-07, 3.6542428461e-07, 1.18300768293e-07, 1.31000490455e-07, 5.29591659415e-08, 3.76339244212e-08, 4.60306637251e-08, 2.77116303238e-08, 9.85445236523e-09, 8.86092621499e-09, 8.43163849851e-09, 8.02260213817e-09, 7.71165797886e-09, 7.36420791014e-09, 7.04555258579e-09, 6.77443612318e-09, 6.51087850301e-09, 6.26723428709e-09, 6.04853234165e-09, 5.85262682762e-09, 5.65427704657e-09, 5.49006839989e-09, 5.32567057121e-09, 5.19086462702e-09, 5.07615860457e-09, 4.95393237543e-09, 4.85443107934e-09, 4.7683363924e-09, 4.69631622479e-09, 4.64289406921e-09, 4.60072646646e-09, 4.57391635678e-09],
        "mean": [2.27698888011e-06, 1.30362932396e-05, 4.07334700867e-05, 5.5544613133e-05, 5.07796794409e-05, 4.27980339737e-05, 6.91307359375e-05, 0.000107408050098, 0.000120964592497, 0.000189128142665, 0.00016509280249, 0.000210589147173, 0.000198294132133, 0.000210114027141, 0.000276106235106, 0.000259830499999, 0.000274570367765, 0.00032239878783, 0.000161143776495, 9.1283051006e-05, 0.000166176119819, 0.000299095583614, 0.0002448753512, 0.000235273939325, 0.000499375979416, 0.000719192204997, 0.000672486086842, 0.000518456101418, 0.0012179412879, 0.00121801078785, 0.000525701791048, 0.000165319317603, 0.000195223066839, 8.73356475495e-05, 5.37525229447e-05, 4.82060386275e-05, 4.02050318371e-05, 6.23870510026e-05, 5.3564337577e-05, 4.05033206334e-05, 2.53772032011e-05, 4.02120385843e-05, 3.55308511644e-05, 2.50872453762e-05, 5.27469492226e-05, 4.21763143095e-05, 2.94661458611e-05, 1.55203815666e-05, 1.2086762581e-05, 1.20552613225e-05, 1.11232520794e-05, 8.01081750978e-06, 1.16584187708e-05, 5.90643139731e-06, 3.39360599355e-06, 3.80691153623e-06, 4.83822122987e-06, 5.54079133508e-06, 4.05641958423e-06, 3.78669687962e-06, 6.02356340096e-06, 7.35446155886e-06, 5.16251429872e-06, 3.29210388372e-06, 4.64104141429e-06, 3.22339860759e-06, 2.57955048255e-06, 1.43107274653e-06, 1.20784852697e-06, 9.56319581746e-07, 1.10399378173e-06, 1.89987770227e-06, 2.04212074095e-06, 1.8793801928e-06, 1.49965239871e-06, 6.79594393205e-07, 3.6978789808e-07, 2.98384037478e-07, 1.50521614728e-07, 1.66349948927e-07, 8.77503296692e-08, 5.06256405686e-08, 9.52419725309e-08, 8.85871642708e-08, 6.66076331868e-08, 3.94912191837e-08, 4.39273257768e-08, 3.83063998299e-08, 3.34475664943e-08, 3.84783191976e-08, 3.85510290357e-08, 3.72942601246e-08, 2.6579025203e-08, 2.20972378173e-08, 1.92662525933e-08, 1.34686386488e-08, 1.48463694671e-08, 1.10439293266e-08, 6.63580612681e-09, 5.71910030445e-09, 4.19502743654e-09, 3.42078143589e-09, 3.06169400943e-09, 2.21206519768e-09, 3.32329413988e-10, 8.93898236681e-12, 8.13754012091e-12, 7.78907320587e-12, 7.48795123129e-12, 7.17146524457e-12, 6.87977062472e-12, 6.62053658423e-12, 6.3747735389e-12, 6.14122815101e-12, 5.930418049e-12, 5.74689905039e-12, 5.5797966074e-12, 5.38650157464e-12, 5.22773751371e-12, 5.09723903711e-12, 4.97440153305e-12, 4.86211982134e-12, 4.77459217996e-12, 4.68478511192e-12, 4.58917279178e-12, 4.49045401557e-12, 4.42546563631e-12, 4.39706344252e-12],
        "min": [2.19247467403e-10, 4.18884837927e-09, 7.09670988641e-09, 8.62101146026e-09, 7.87827136861e-09, 5.40673328331e-09, 2.94173951865e-09, 2.79942358183e-09, 8.69776695112e-09, 2.35718324859e-08, 3.98610140451e-08, 4.20357331166e-08, 2.55537671023e-08, 5.22733145658e-09, 6.70848088191e-09, 1.93105762492e-08, 1.75710397343e-08, 5.40841060825e-09, 6.78724132452e-10, 1.32300481681e-09, 3.8613534592e-09, 7.15855819067e-09, 1.0301672404e-08, 1.19779119956e-08, 1.94563600786e-08, 1.63036872891e-08, 1.45599265977e-08, 2.10038031412e-08, 1.28226051999e-08, 4.31523838884e-09, 1.96731608781e-09, 1.14610065882e-09, 4.46036141355e-09, 8.58803783643e-09, 4.06073574766e-09, 3.35655903072e-09, 1.78219039526e-09, 1.19501786244e-09, 9.81793202293e-10, 8.84509188115e-10, 6.49633957739e-10, 3.76450176587e-10, 8.46932857179e-10, 5.78036007948e-10, 1.10484454918e-10, 2.71576400257e-10, 1.31265470715e-10, 9.57117926581e-11, 2.00313723941e-10, 4.23185431142e-10, 5.42690115068e-10, 6.94852508865e-10, 7.16387060784e-10, 3.15527076689e-10, 7.41161507167e-11, 4.86933202093e-11, 3.52610544929e-11, 7.62844908769e-12, 6.04118075009e-11, 9.08436798008e-11, 5.46346891339e-11, 1.09743339416e-10, 6.13899139856e-11, 1.54774110195e-10, 7.57564427856e-11, 3.70059261012e-11, 4.63206764612e-11, 5.20025342232e-11, 2.30833928361e-11, 2.49694882826e-11, 4.7085859517e-11, 8.42531530654e-11, 4.43427829178e-11, 2.00558857716e-11, 2.34204600158e-11, 2.8090687762e-11, 3.31459339142e-11, 6.16773854212e-11, 7.18941225997e-11, 7.01981112128e-11, 4.82345274833e-11, 7.3144323931e-11, 1.83490583838e-11, 4.76377236269e-11, 2.06250693607e-11, 7.22653447499e-12, 1.00585633572e-11, 1.73835355832e-11, 1.31118527494e-11, 1.47848885912e-11, 6.80114515053e-12, 1.84557126526e-11, 1.22875615932e-11, 1.63020898863e-11, 4.01624324076e-11, 3.58866235339e-11, 4.28655791418e-11, 7.89849609328e-12, 4.48799816755e-11, 3.1236731951e-11, 1.78419935076e-11, 3.02257836815e-11, 3.23571690275e-11, 1.12036768751e-11, 3.82041750666e-12, 1.26086749548e-13, 3.7039043165e-14, 4.96038689182e-14, 6.24381256875e-14, 5.46728969335e-14, 5.65463711825e-14, 5.16099749742e-14, 6.1961984751e-14, 5.51368236549e-14, 4.95632892638e-14, 6.72166654476e-14, 6.47639426354e-14, 5.78268579939e-14, 5.76065684412e-14, 5.39328781288e-14, 5.96375840422e-14, 4.6742479814e-14, 5.82941288014e-14, 5.647247264e-14, 3.538244662e-14, 1.6924124862e-14, 2.28470218039e-15, 7.26078561445e-17],
        "stdev": [2.84599082079e-06, 2.50276843872e-05, 7.53214480937e-05, 8.7197717221e-05, 0.000108802239993, 0.000155445828568, 0.000255417893641, 0.00039605947677, 0.000267724884907, 0.000335259421263, 0.000356464850483, 0.000506955024321, 0.000372517941287, 0.000380166922696, 0.000565960130189, 0.000733467866667, 0.000529182027094, 0.000677304167766, 0.000617864832748, 0.000265370763373, 0.000351217226125, 0.000828033371363, 0.000877232581843, 0.000636343494989, 0.00130249874201, 0.00311405025423, 0.00191423704382, 0.00169505702797, 0.00318248849362, 0.00303315161727, 0.00166348251514, 0.0006902916939, 0.00104456418194, 0.000342999614077, 0.000163324861205, 0.000151500484208, 0.000105175946373, 0.000146590391523, 0.000105948471173, 7.757153071e-05, 6.63329556119e-05, 0.000125319813378, 0.000193169093109, 0.000129008476506, 0.000168667160324, 0.000140550269862, 0.000105588202132, 6.05447057751e-05, 7.88817487773e-05, 4.62184434582e-05, 5.31719051651e-05, 3.4894575947e-05, 3.59638543159e-05, 1.71961837623e-05, 6.63460014039e-06, 6.87594865667e-06, 8.75715613802e-06, 9.48444176174e-06, 6.38758319838e-06, 6.91636296324e-06, 1.03754464362e-05, 1.24917914945e-05, 9.2788177426e-06, 5.34681203135e-06, 8.57731174619e-06, 5.41312692803e-06, 5.07250842929e-06, 2.3343338853e-06, 2.16996113522e-06, 1.91225763047e-06, 1.89235242942e-06, 4.45373598268e-06, 5.71602186028e-06, 4.27238319389e-06, 3.46852925759e-06, 1.66791107858e-06, 7.89933039869e-07, 7.00144255461e-07, 2.04498007861e-07, 3.66542536767e-07, 1.22923268009e-07, 7.59044382903e-08, 1.87187836787e-07, 1.67778964055e-07, 1.48301921854e-07, 6.48781011137e-08, 7.84321727565e-08, 6.28379765999e-08, 6.59050130025e-08, 7.58162670422e-08, 8.26057302561e-08, 7.44999368862e-08, 5.43703890798e-08, 4.73429899728e-08, 3.27451097348e-08, 2.34135324462e-08, 3.83731197928e-08, 2.21123954702e-08, 9.70601909955e-09, 8.77954420275e-09, 4.97249086351e-09, 3.69121622157e-09, 3.59699892094e-09, 2.2683588341e-09, 4.22677143286e-10, 1.9338096402e-10, 1.84019549598e-10, 1.75093634036e-10, 1.68305258619e-10, 1.60724100695e-10, 1.53770676747e-10, 1.47853590482e-10, 1.42101913569e-10, 1.36784930604e-10, 1.32011415688e-10, 1.27735350075e-10, 1.2340672928e-10, 1.1982297099e-10, 1.16236881231e-10, 1.13294082449e-10, 1.10790002172e-10, 1.08123149323e-10, 1.05951268592e-10, 1.04072618579e-10, 1.02500875843e-10, 1.01336307401e-10, 1.00416765181e-10, 9.98316429524e-11]
    },
    "mfcc": {
        "mean": [-744.559265137, 174.407669067, -32.0776329041, 6.43309879303, -26.1080665588, -15.8962287903, -2.31645035744, -2.29989218712, -6.23455667496, 2.1279296875, -6.8574795723, -3.79265499115, -9.73390388489],
        "cov": [[9621.81738281, -394.967041016, -3424.5871582, -229.690536499, -892.38885498, -57.9902229309, 10.3093004227, 52.930103302, 108.168670654, 354.839294434, -170.051757812, -115.040931702, -452.620452881], [-394.967041016, 385.312286377, 131.442398071, -15.6035995483, 71.5655136108, -7.603910923, 57.8028793335, -28.6313858032, -23.8524665833, -46.2441482544, -0.432077258825, 8.97123527527, 32.1811218262], [-3424.5871582, 131.442398071, 1671.32214355, 109.559089661, 376.065246582, 92.6140899658, -62.4717025757, 42.5652961731, -76.5895996094, -155.89201355, 88.2547225952, 68.5580673218, 187.339813232], [-229.690536499, -15.6035995483, 109.559089661, 210.155090332, 118.79095459, -16.4304466248, -26.2866420746, 9.27089500427, 17.2300987244, -27.5552062988, -21.6989307404, 1.34710717201, 24.2418632507], [-892.38885498, 71.5655136108, 376.065246582, 118.79095459, 278.490509033, 56.0816383362, -63.1379547119, -1.59019052982, -18.7315235138, -55.1607437134, 11.0342235565, 6.26407289505, 73.8374328613], [-57.9902229309, -7.603910923, 92.6140899658, -16.4304466248, 56.0816383362, 157.892272949, 36.1131477356, 9.59700012207, -1.5923166275, -4.53034543991, 14.5708808899, -6.15941619873, 6.40318441391], [10.3093004227, 57.8028793335, -62.4717025757, -26.2866420746, -63.1379547119, 36.1131477356, 173.688598633, 11.2590856552, 14.1024942398, 28.4864940643, -0.391971707344, 5.59128332138, -19.4610900879], [52.930103302, -28.6313858032, 42.5652961731, 9.27089500427, -1.59019052982, 9.59700012207, 11.2590856552, 84.3689346313, 24.6021614075, 0.332214772701, 11.2744970322, -0.806461751461, 0.82731872797], [108.168670654, -23.8524665833, -76.5895996094, 17.2300987244, -18.7315235138, -1.5923166275, 14.1024942398, 24.6021614075, 100.407554626, 37.2701950073, -22.8647861481, -21.1594848633, -17.5364704132], [354.839294434, -46.2441482544, -155.89201355, -27.5552062988, -55.1607437134, -4.53034543991, 28.4864940643, 0.332214772701, 37.2701950073, 98.6876525879, 25.6446762085, -3.1973388195, -27.2246742249], [-170.051757812, -0.432077258825, 88.2547225952, -21.6989307404, 11.0342235565, 14.5708808899, -0.391971707344, 11.2744970322, -22.8647861481, 25.6446762085, 101.27155304, 36.0078277588, 3.13427662849], [-115.040931702, 8.97123527527, 68.5580673218, 1.34710717201, 6.26407289505, -6.15941619873, 5.59128332138, -0.806461751461, -21.1594848633, -3.1973388195, 36.0078277588, 74.4950790405, 36.33984375], [-452.620452881, 32.1811218262, 187.339813232, 24.2418632507, 73.8374328613, 6.40318441391, -19.4610900879, 0.82731872797, -17.5364704132, -27.2246742249, 3.13427662849, 36.33984375, 93.8207168579]],
        "icov": [[0.000758940237574, -0.000527294992935, 0.00133920263033, -0.000730141648091, 0.00122116634157, -0.00157011102419, 0.00170596141834, -0.00191358453594, 0.00148364435881, -0.00159653986339, 0.00140595599078, -0.00123820186127, 0.00112028338481], [-0.000527294992935, 0.00420761900023, -0.000796594889835, 0.00201406213455, -0.00298657966778, 0.00282828067429, -0.00385588314384, 0.00285785878077, -0.00175577506889, 0.00356730422936, -0.00192297657486, 0.00143222254701, -0.00136797898449], [0.00133920263033, -0.000796594889835, 0.00350429886021, -0.00103770114947, 0.00102819001768, -0.0026754566934, 0.00261938129552, -0.00365908863023, 0.00237466441467, -0.00130111095496, 0.0011715075234, -0.00187954760622, 0.000708950974513], [-0.000730141648091, 0.00201406213455, -0.00103770114947, 0.00883751828223, -0.00642566708848, 0.00433393428102, -0.0032327552326, 0.00145286892075, -0.0032932641916, 0.00317843235098, 2.3935954232e-05, -0.000257087114733, 5.87172944506e-05], [0.00122116634157, -0.00298657966778, 0.00102819001768, -0.00642566708848, 0.0125512350351, -0.00679442472756, 0.006454909686, -0.00235745101236, 0.00283426232636, -0.00298908632249, 0.000930828275159, 0.000545025744941, -0.00211133621633], [-0.00157011102419, 0.00282828067429, -0.0026754566934, 0.00433393428102, -0.00679442472756, 0.0125295817852, -0.00737526360899, 0.00398168154061, -0.0037798776757, 0.0049736276269, -0.00441225711256, 0.00412348797545, -0.00210821069777], [0.00170596141834, -0.00385588314384, 0.00261938129552, -0.0032327552326, 0.006454909686, -0.00737526360899, 0.0131298843771, -0.00609747553244, 0.00405236240476, -0.0072569497861, 0.00540208909661, -0.00508153392002, 0.00379764148965], [-0.00191358453594, 0.00285785878077, -0.00365908863023, 0.00145286892075, -0.00235745101236, 0.00398168154061, -0.00609747553244, 0.019792355597, -0.00910811685026, 0.00790507160127, -0.00789284706116, 0.00483519816771, -0.00415443954989], [0.00148364435881, -0.00175577506889, 0.00237466441467, -0.0032932641916, 0.00283426232636, -0.0037798776757, 0.00405236240476, -0.00910811685026, 0.018989097327, -0.0116080949083, 0.00861003715545, -0.00143698137254, 0.00326721183956], [-0.00159653986339, 0.00356730422936, -0.00130111095496, 0.00317843235098, -0.00298908632249, 0.0049736276269, -0.0072569497861, 0.00790507160127, -0.0116080949083, 0.0238282121718, -0.0124698225409, 0.00498936139047, -0.00348233198747], [0.00140595599078, -0.00192297657486, 0.0011715075234, 2.3935954232e-05, 0.000930828275159, -0.00441225711256, 0.00540208909661, -0.00789284706116, 0.00861003715545, -0.0124698225409, 0.0217786692083, -0.0120187029243, 0.00777419889346], [-0.00123820186127, 0.00143222254701, -0.00187954760622, -0.000257087114733, 0.000545025744941, 0.00412348797545, -0.00508153392002, 0.00483519816771, -0.00143698137254, 0.00498936139047, -0.0120187029243, 0.0256684683263, -0.0128138316795], [0.00112028338481, -0.00136797898449, 0.000708950974513, 5.87172944506e-05, -0.00211133621633, -0.00210821069777, 0.00379764148965, -0.00415443954989, 0.00326721183956, -0.00348233198747, 0.00777419889346, -0.0128138316795, 0.0220352448523]]
    },
    "spectral_contrast_coeffs": {
        "max": [-0.466026246548, -0.441087067127, -0.447969675064, -0.604467511177, -0.687037289143, -0.670069277287],
        "mean": [-0.684196650982, -0.742345750332, -0.692908883095, -0.779602646828, -0.797348678112, -0.783862411976],
        "min": [-0.881063103676, -0.90129160881, -0.922303140163, -0.92217040062, -0.924570441246, -0.903066217899],
        "stdev": [0.071917720139, 0.0687694400549, 0.0913916379213, 0.0597743503749, 0.0489146523178, 0.0507009811699]
    },
    "spectral_contrast_valleys": {
        "max": [-5.90249586105, -4.99335241318, -5.81613111496, -6.48133468628, -6.83215427399, -10.3871870041],
        "mean": [-7.96208906174, -6.83992958069, -7.68370199203, -8.42293643951, -8.61064434052, -12.0462760925],
        "min": [-10.8351135254, -10.8819799423, -10.7521696091, -12.0639400482, -12.7426986694, -14.4232273102],
        "stdev": [0.662351250648, 0.8734126091, 1.09472060204, 1.16689884663, 1.07064414024, 0.502541482449]
    }
},
"rhythm": {
    "beats_count": 85,
    "beats_loudness": {
        "max": 0.0676411986351,
        "mean": 0.0234026871622,
        "min": 0.000180125309271,
        "stdev": 0.0174684599042
    },
    "bpm": 111.836135864,
    "bpm_histogram_first_peak_bpm": 112,
    "bpm_histogram_first_peak_weight": 0.530612230301,
    "bpm_histogram_second_peak_bpm": 105,
    "bpm_histogram_second_peak_spread": 0.400000035763,
    "bpm_histogram_second_peak_weight": 0.0714285746217,
    "danceability": 0.934800803661,
    "onset_rate": 2.8505859375,
    "beats_loudness_band_ratio": {
        "max": [0.490861654282, 0.956690251827, 0.962023317814, 0.879294395447, 0.32400149107, 0.041245508939],
        "mean": [0.0651805624366, 0.219444841146, 0.383403092623, 0.305908769369, 0.0545360222459, 0.00825328379869],
        "min": [0.000589834467974, 0.00567146856338, 0.0124361291528, 0.00321749784052, 0.000590449606534, 0.000288993353024],
        "stdev": [0.10482224077, 0.222375124693, 0.25050085783, 0.263110816479, 0.0670318603516, 0.00735031859949]
    },
