{
"metadata": {
    "version": {
        "essentia": "2.1-beta5",
        "essentia_git_sha": "Undefined",
        "extractor": "music 2.0"
    },
    "audio_properties": {
        "analysis": {
            "equal_loudness": 0,
            "length": 32.4963264465,
            "sample_rate": 44100,
            "start_time": 93.9943771362,
            "downmix": "mix"
        },
        "bit_rate": 192000,
        "length": 162.191375732,
        "lossless": 0,
        "number_channels": 2,
        "replay_gain": -8.74946403503,
        "sample_rate": 44100,
        "codec": "mp3",
        "md5_encoded": "afed28665b0df1c9b6238de0a46443a4"
    },
    "tags": {
        "file_name": "Portugal_Oração_António Calvário.mp3",
        "encoding": ["Lavf58.29.100"]
    }
},
"lowlevel": {
    "average_loudness": 0.973500728607,
    "barkbands_crest": {
        "max": 22.7633056641,
        "mean": 9.91006183624,
        "min": 3.01589369774,
        "stdev": 3.78796696663
    },
    "barkbands_flatness_db": {
        "max": 0.292650818825,
        "mean": 0.189823806286,
        "min": 0.0945245176554,
        "stdev": 0.0310259237885
    },
    "barkbands_kurtosis": {
        "max": 23.4055328369,
        "mean": 1.35211741924,
        "min": -1.80429530144,
        "stdev": 3.10372209549
    },
    "barkbands_skewness": {
        "max": 4.24634742737,
        "mean": 0.915949046612,
        "min": -1.54663217068,
        "stdev": 0.762824892998
    },
    "barkbands_spread": {
        "max": 61.2274055481,
        "mean": 17.0806884766,
        "min": 3.00377774239,
        "stdev": 7.81387805939
    },
    "dissonance": {
        "max": 0.499478161335,
        "mean": 0.44669687748,
        "min": 0.322449564934,
        "stdev": 0.0304430555552
    },
    "dynamic_complexity": 1.6024787426,
    "erbbands_crest": {
        "max": 28.0213603973,
        "mean": 10.9373235703,
        "min": 3.7143061161,
        "stdev": 4.47787237167
    },
    "erbbands_flatness_db": {
        "max": 0.353342205286,
        "mean": 0.25205886364,
        "min": 0.131735160947,
        "stdev": 0.032627902925
    },
    "erbbands_kurtosis": {
        "max": 9.77413272858,
        "mean": -0.089928381145,
        "min": -1.79435193539,
        "stdev": 1.54712557793
    },
    "erbbands_skewness": {
        "max": 2.77483654022,
        "mean": 0.30698916316,
        "min": -2.44932866096,
        "stdev": 0.772866606712
    },
    "erbbands_spread": {
        "max": 68.1370010376,
        "mean": 27.3432235718,
        "min": 3.94361042976,
        "stdev": 9.51457023621
    },
    "hfc": {
        "max": 113.866546631,
        "mean": 18.3192768097,
        "min": 0.13646787405,
        "stdev": 13.5013618469
    },
    "loudness_ebu128": {
        "integrated": -15.9799633026,
        "loudness_range": 1.82621765137,
        "momentary": {
            "max": -12.6699647903,
            "mean": -16.1641330719,
            "min": -19.398273468,
            "stdev": 1.26846766472
        },
        "short_term": {
            "max": -14.6026859283,
            "mean": -15.9118814468,
            "min": -17.6166439056,
            "stdev": 0.632309377193
        }
    },
    "melbands_crest": {
        "max": 28.413482666,
        "mean": 12.7439374924,
        "min": 3.81564712524,
        "stdev": 4.65261554718
    },
    "melbands_flatness_db": {
        "max": 0.399048507214,
        "mean": 0.226047337055,
        "min": 0.08878287673,
        "stdev": 0.0428782701492
    },
    "melbands_kurtosis": {
        "max": 44.6277656555,
        "mean": 4.40703821182,
        "min": -1.72373652458,
        "stdev": 5.45293521881
    },
    "melbands_skewness": {
        "max": 5.44555044174,
        "mean": 1.52850139141,
        "min": -1.3212723732,
        "stdev": 0.846200168133
    },
    "melbands_spread": {
        "max": 118.401451111,
        "mean": 23.6626873016,
        "min": 2.95525431633,
        "stdev": 12.9326763153
    },
    "pitch_salience": {
        "max": 0.805966615677,
        "mean": 0.56296312809,
        "min": 0.253447204828,
        "stdev": 0.0892473459244
    },
    "silence_rate_20dB": {
        "max": 1,
        "mean": 1,
        "min": 1,
        "stdev": 0
    },
    "silence_rate_30dB": {
        "max": 1,
        "mean": 0.998572468758,
        "min": 0,
        "stdev": 0.0377559438348
    },
    "silence_rate_60dB": {
        "max": 1,
        "mean": 0.00285510346293,
        "min": 0,
        "stdev": 0.0533565841615
    },
    "spectral_centroid": {
        "max": 3527.87792969,
        "mean": 1376.62670898,
        "min": 285.533508301,
        "stdev": 554.722045898
    },
    "spectral_complexity": {
        "max": 39,
        "mean": 17.4568157196,
        "min": 0,
        "stdev": 5.01928281784
    },
    "spectral_decrease": {
        "max": -7.78593439721e-11,
        "mean": -5.09839459539e-09,
        "min": -2.73420344143e-08,
        "stdev": 3.1638962561e-09
    },
    "spectral_energy": {
        "max": 0.113523043692,
        "mean": 0.0209041107446,
        "min": 0.0003062376054,
        "stdev": 0.0128845004365
    },
    "spectral_energyband_high": {
        "max": 0.00649764062837,
        "mean": 0.000119352866022,
        "min": 2.07525795304e-06,
        "stdev": 0.0003359184484
    },
    "spectral_energyband_low": {
        "max": 0.0234694164246,
        "mean": 0.00196186429821,
        "min": 8.72678501764e-05,
        "stdev": 0.00288512418047
    },
    "spectral_energyband_middle_high": {
        "max": 0.0408095568419,
        "mean": 0.0061685051769,
        "min": 2.64232603513e-05,
        "stdev": 0.00525728287175
    },
    "spectral_energyband_middle_low": {
        "max": 0.0825065895915,
        "mean": 0.0130854463205,
        "min": 0.000138288829476,
        "stdev": 0.0100287441164
    },
    "spectral_entropy": {
        "max": 8.63148975372,
        "mean": 7.084628582,
        "min": 6.14992380142,
        "stdev": 0.261717826128
    },
    "spectral_flux": {
        "max": 0.283499121666,
        "mean": 0.0797173455358,
        "min": 0.0227481760085,
        "stdev": 0.0328393802047
    },
    "spectral_kurtosis": {
        "max": 31.0471992493,
        "mean": 6.78397130966,
        "min": -0.0552637577057,
        "stdev": 4.70571231842
    },
    "spectral_rms": {
        "max": 0.0105239814147,
        "mean": 0.00434918515384,
        "min": 0.000546597118955,
        "stdev": 0.00121607235633
    },
    "spectral_rolloff": {
        "max": 5318.70117188,
        "mean": 1572.81140137,
        "min": 193.798828125,
        "stdev": 887.967529297
    },
    "spectral_skewness": {
        "max": 3.70006918907,
        "mean": 1.37931215763,
        "min": -0.0696814730763,
        "stdev": 0.575603425503
    },
    "spectral_spread": {
        "max": 21605950,
        "mean": 2380948.75,
        "min": 1567604,
        "stdev": 675238.75
    },
    "spectral_strongpeak": {
        "max": 10.3894348145,
        "mean": 1.56048429012,
        "min": 0,
        "stdev": 1.22515499592
    },
    "zerocrossingrate": {
        "max": 0.15771484375,
        "mean": 0.0511925071478,
        "min": 0.0107421875,
        "stdev": 0.0184533093125
    },
    "barkbands": {
        "max": [0.000806635129265, 0.014344968833, 0.019735943526, 0.0420263409615, 0.0244907084852, 0.0749065726995, 0.0388088449836, 0.0658065751195, 0.0692662373185, 0.0136924246326, 0.0118398340419, 0.035900708288, 0.0202135648578, 0.00819425471127, 0.0203480906785, 0.0154395429417, 0.0165800545365, 0.00701071042567, 0.00912920944393, 0.00354944984429, 0.00341952475719, 0.0018368816236, 0.000427841587225, 7.00199379935e-05, 4.70852364742e-06, 5.29000681126e-06, 4.10812435803e-06],
        "mean": [7.0857720857e-05, 0.00106971093919, 0.000521829759236, 0.000936735596042, 0.00167075975332, 0.00303715351038, 0.0016760090366, 0.00275937607512, 0.00279136071913, 0.000640252721496, 0.000500676571392, 0.000905231456272, 0.00084466196131, 0.00028371278313, 0.000360619975254, 0.000573014491238, 0.000822339789011, 0.000498450302985, 0.000751359912101, 0.000101429672213, 4.25839607487e-05, 3.25407818309e-05, 1.14937038234e-05, 1.67810605944e-06, 2.16696591337e-07, 6.84256136196e-08, 6.35372288116e-09],
        "min": [5.50909192043e-07, 4.86161734443e-05, 3.98517613576e-07, 1.51430270989e-07, 8.99962469703e-06, 1.10943631171e-06, 2.35520565184e-06, 1.18792386274e-05, 7.38171047487e-06, 6.36840741208e-06, 1.86488182408e-06, 2.72026767334e-07, 1.09792335934e-06, 3.45029025084e-06, 2.54415795098e-06, 1.0589270687e-06, 4.06324573987e-07, 8.17636802708e-08, 5.28810915057e-07, 8.64373305376e-07, 8.87144153694e-07, 1.69107394754e-07, 7.19586665809e-08, 3.83713789631e-08, 1.7828556409e-08, 2.43796337285e-11, 2.65115776554e-11],
        "stdev": [7.74176078266e-05, 0.00124092411716, 0.00172708765604, 0.00302295992151, 0.00228949333541, 0.0049225827679, 0.00336918607354, 0.0052213347517, 0.00540706003085, 0.000958132615779, 0.000857387261931, 0.00194644730072, 0.00185045250691, 0.000539158412721, 0.00112473859917, 0.00132751627825, 0.00146666518413, 0.000866296235472, 0.00101991649717, 0.000205493503017, 0.000157309972565, 0.000107465253677, 2.46980216616e-05, 4.2268056859e-06, 3.95896734062e-07, 2.98724813774e-07, 1.13318527895e-07]
    },
    "erbbands": {
        "max": [0.220943361521, 3.91991186142, 18.3980121613, 62.0504074097, 114.801818848, 144.275924683, 281.610626221, 783.891723633, 487.898895264, 1033.07104492, 1354.07910156, 1691.39208984, 364.069213867, 539.549987793, 471.095581055, 1372.30749512, 1032.68273926, 429.912261963, 1222.98657227, 941.032165527, 696.090698242, 802.15625, 380.500213623, 482.285186768, 308.618255615, 161.889907837, 138.687515259, 135.22795105, 74.3560638428, 35.3083953857, 12.6543607712, 3.29000782967, 0.792897999287, 0.129667535424, 0.0303390715271, 0.0194698851556, 0.0108707454056, 0.00270886509679, 0.000587713846471, 0.00013728585327],
        "mean": [0.0384862199426, 0.207801401615, 0.626465559006, 1.71792435646, 4.66205453873, 5.10903930664, 13.0068731308, 27.9685211182, 26.2283859253, 38.3773345947, 64.9073257446, 71.4367752075, 21.0925369263, 20.0360488892, 24.7678050995, 41.7941818237, 44.9601097107, 15.850227356, 17.7862091064, 27.6563396454, 30.9181747437, 43.4657783508, 33.1245803833, 34.2565231323, 26.4410457611, 5.23238992691, 2.09027290344, 1.58536684513, 1.20769715309, 0.666985034943, 0.264043211937, 0.0675598978996, 0.0158749893308, 0.00400080671534, 0.000955390802119, 0.000312579533784, 0.000142394870636, 2.6457304557e-05, 1.25541482703e-05, 2.5083669243e-05],
        "min": [0.0021637827158, 0.00509453192353, 0.00257387198508, 0.00224868231453, 0.00615929020569, 0.0495426729321, 0.0407658815384, 0.00900733936578, 0.0298014841974, 0.120898425579, 0.510917723179, 0.235536336899, 0.481646627188, 0.309304356575, 0.044881593436, 0.0180721022189, 0.0791123509407, 0.180080518126, 0.24112740159, 0.0730333253741, 0.038969758898, 0.0243030376732, 0.00506946397945, 0.0133124832064, 0.0396158583462, 0.040758613497, 0.0295612663031, 0.0310778059065, 0.00656719459221, 0.00314026605338, 0.00212811422534, 0.00094949034974, 0.000346359069226, 0.000273930840194, 7.66068405937e-05, 2.19246485358e-05, 5.55495853405e-06, 1.60406546001e-06, 1.37576978432e-06, 7.18933108601e-07],
        "stdev": [0.033760573715, 0.314904153347, 1.72782218456, 4.80408525467, 9.96442317963, 8.5976190567, 19.583562851, 52.0309104919, 48.3129119873, 83.024848938, 109.44934845, 140.562179565, 25.8054485321, 33.1004753113, 36.8235702515, 89.1594696045, 92.1797790527, 28.3069858551, 54.3343849182, 71.3897781372, 60.6481399536, 66.6401519775, 54.2198982239, 45.0381813049, 42.5765914917, 9.05079841614, 6.2948102951, 6.11618947983, 4.23618507385, 1.68418896198, 0.654451131821, 0.188071250916, 0.0427837744355, 0.00789332110435, 0.00201960722916, 0.00111911643762, 0.00060418137582, 0.000139561263495, 1.72715335793e-05, 1.53801665874e-05]
    },
    "gfcc": {
        "mean": [-51.009853363, 156.664764404, -176.466278076, 32.4582061768, -56.7259559631, -16.6597881317, -17.7146625519, -1.81631731987, 0.357507318258, -11.9499855042, 4.53241872787, -1.74194860458, -4.68378305435],
        "cov": [[707.747375488, -192.453521729, -279.433258057, 134.156311035, -41.3882484436, -33.6004104614, -20.5174617767, -23.0460453033, 48.8948440552, -88.0515823364, 54.4293251038, -30.4273777008, -55.5255393982], [-192.453521729, 473.240539551, 328.723327637, -64.5908508301, 99.1776351929, -25.619550705, -36.3960418701, -75.6194000244, -8.4096364975, 17.1179676056, -56.7036170959, -29.0642490387, 15.7463550568], [-279.433258057, 328.723327637, 648.207519531, 52.4002418518, 78.6704864502, 24.4305477142, -104.585021973, -42.8690986633, -63.5454978943, 83.8465805054, -168.172393799, -6.3400220871, 31.1910400391], [134.156311035, -64.5908508301, 52.4002418518, 313.199645996, 16.6922588348, -46.9080200195, -67.7145233154, -46.3951301575, 10.4209747314, -79.5862503052, -25.6147403717, -15.1866960526, 21.2429790497], [-41.3882484436, 99.1776351929, 78.6704864502, 16.6922588348, 165.549057007, -1.50424015522, -57.7441558838, -23.644525528, -15.8403310776, 25.6619472504, -62.2342987061, -6.89587402344, 4.26693582535], [-33.6004104614, -25.619550705, 24.4305477142, -46.9080200195, -1.50424015522, 176.366119385, 33.5849075317, -4.18396520615, -10.5109272003, 54.7561264038, -15.7132139206, -38.5077514648, -2.3538711071], [-20.5174617767, -36.3960418701, -104.585021973, -67.7145233154, -57.7441558838, 33.5849075317, 168.355209351, 76.7512969971, -37.4384613037, -27.9375610352, 48.9418754578, -10.077703476, -38.0212135315], [-23.0460453033, -75.6194000244, -42.8690986633, -46.3951301575, -23.644525528, -4.18396520615, 76.7512969971, 118.582687378, -12.1581945419, -12.1188306808, 6.40070581436, 1.40381073952, -32.9097862244], [48.8948440552, -8.4096364975, -63.5454978943, 10.4209747314, -15.8403310776, -10.5109272003, -37.4384613037, -12.1581945419, 107.729377747, 6.49309015274, 3.21770572662, -7.76138591766, 7.91426610947], [-88.0515823364, 17.1179676056, 83.8465805054, -79.5862503052, 25.6619472504, 54.7561264038, -27.9375610352, -12.1188306808, 6.49309015274, 143.203231812, -16.4629039764, 4.75624036789, 20.09425354], [54.4293251038, -56.7036170959, -168.172393799, -25.6147403717, -62.2342987061, -15.7132139206, 48.9418754578, 6.40070581436, 3.21770572662, -16.4629039764, 128.22416687, 16.6920795441, -14.1240062714], [-30.4273777008, -29.0642490387, -6.3400220871, -15.1866960526, -6.89587402344, -38.5077514648, -10.077703476, 1.40381073952, -7.76138591766, 4.75624036789, 16.6920795441, 97.0643005371, 31.0107307434], [-55.5255393982, 15.7463550568, 31.1910400391, 21.2429790497, 4.26693582535, -2.3538711071, -38.0212135315, -32.9097862244, 7.91426610947, 20.09425354, -14.1240062714, 31.0107307434, 112.540100098]],
        "icov": [[0.00221705483273, -0.000161169460625, 0.00132191984449, -0.00104646221735, 0.00071412982652, -0.000128561528982, 0.000983234960586, 0.00026073679328, 0.000220101574087, 2.59674470726e-05, 0.000579294690397, 0.000157450020197, 0.00133542902768], [-0.000161169460625, 0.0118256881833, -0.00958469044417, 0.0068491208367, -0.00863635074347, 0.00437172222883, -0.00761874672025, 0.00958163570613, -0.00734439119697, 0.00684049259871, -0.00706513598561, 0.00530721340328, -0.00277768238448], [0.00132191984449, -0.00958469044417, 0.0114952074364, -0.00658354209736, 0.00823296234012, -0.00325557170436, 0.00759439123794, -0.00712392758578, 0.00840302743018, -0.00735823344439, 0.00977257825434, -0.00424303859472, 0.00327084539458], [-0.00104646221735, 0.0068491208367, -0.00658354209736, 0.009083641693, -0.00537079013884, 0.00275140302256, -0.00314501160756, 0.00602558068931, -0.00446828827262, 0.0072235558182, -0.00454403785989, 0.00406092312187, -0.00306872348301], [0.00071412982652, -0.00863635074347, 0.00823296234012, -0.00537079013884, 0.0151425274089, -0.00258517893963, 0.00822595972568, -0.00627623172477, 0.00812191702425, -0.00661121867597, 0.00957106426358, -0.00341566815041, 0.0033599329181], [-0.000128561528982, 0.00437172222883, -0.00325557170436, 0.00275140302256, -0.00258517893963, 0.00992333330214, -0.00582228181884, 0.00551073206589, -0.00203823228367, -0.00111887452658, -0.000736712827347, 0.00504768127576, -0.00148238893598], [0.000983234960586, -0.00761874672025, 0.00759439123794, -0.00314501160756, 0.00822595972568, -0.00582228181884, 0.0193523224443, -0.0127566680312, 0.00935626029968, -0.00174295168836, 0.00218969024718, -0.00196503754705, 0.00288350065239], [0.00026073679328, 0.00958163570613, -0.00712392758578, 0.00602558068931, -0.00627623172477, 0.00551073206589, -0.0127566680312, 0.0216102469712, -0.00658123847097, 0.00477383891121, -0.00214736000635, 0.00297834491357, 0.000508161494508], [0.000220101574087, -0.00734439119697, 0.00840302743018, -0.00446828827262, 0.00812191702425, -0.00203823228367, 0.00935626029968, -0.00658123847097, 0.0174642466009, -0.0060308505781, 0.00637068180367, -0.00134599267039, 0.00155565456953], [2.59674470726e-05, 0.00684049259871, -0.00735823344439, 0.0072235558182, -0.00661121867597, -0.00111887452658, -0.00174295168836, 0.00477383891121, -0.0060308505781, 0.0160640105605, -0.00656173564494, 0.0024131310638, -0.00316662713885], [0.000579294690397, -0.00706513598561, 0.00977257825434, -0.00454403785989, 0.00957106426358, -0.000736712827347, 0.00218969024718, -0.00214736000635, 0.00637068180367, -0.00656173564494, 0.0202725976706, -0.00525299087167, 0.00387242739089], [0.000157450020197, 0.00530721340328, -0.00424303859472, 0.00406092312187, -0.00341566815041, 0.00504768127576, -0.00196503754705, 0.00297834491357, -0.00134599267039, 0.0024131310638, -0.00525299087167, 0.0161715019494, -0.00526487315074], [0.00133542902768, -0.00277768238448, 0.00327084539458, -0.00306872348301, 0.0033599329181, -0.00148238893598, 0.00288350065239, 0.000508161494508, 0.00155565456953, -0.00316662713885, 0.00387242739089, -0.00526487315074, 0.0129631049931]]
    },
    "melbands": {
        "max": [0.00278332643211, 0.00645830202848, 0.0138520672917, 0.00523198023438, 0.00786609109491, 0.016085986048, 0.00739863235503, 0.0137765612453, 0.00932509917766, 0.00906315073371, 0.00184170925058, 0.0023219389841, 0.0019371798262, 0.0052361371927, 0.00178760034032, 0.00169180997182, 0.000876852544025, 0.00195862003602, 0.00143191486131, 0.0014598997077, 0.0010497799376, 0.00118539144751, 0.000961444398854, 0.00021134983399, 0.000459379050881, 0.000442470191047, 0.000167840131326, 8.58158164192e-05, 8.00304696895e-05, 8.64350877237e-05, 0.000100654528069, 4.91433274874e-05, 4.21745244239e-05, 1.09538996185e-05, 8.20969034976e-06, 4.70642589789e-06, 1.32266143282e-06, 5.70794497889e-07, 3.08267260607e-07, 4.71291166093e-08],
        "mean": [0.000305487279547, 0.000305907509755, 0.0004111577, 0.000336098804837, 0.000423516175942, 0.000627060653642, 0.00037783064181, 0.000457856425783, 0.000577055558097, 0.00039412555634, 9.08989532036e-05, 7.9328980064e-05, 7.48710372136e-05, 9.75041766651e-05, 0.000113720387162, 6.91810855642e-05, 2.61281093117e-05, 2.80033109448e-05, 2.80785679934e-05, 4.43330936832e-05, 3.53057184839e-05, 4.58889444417e-05, 4.34320681961e-05, 1.84958171303e-05, 2.93769353448e-05, 2.63629335677e-05, 8.8243305072e-06, 2.18066043089e-06, 1.32703291911e-06, 9.75611669674e-07, 9.23324478208e-07, 7.45772922528e-07, 4.87508373226e-07, 3.27676673351e-07, 1.71621877598e-07, 6.80267575603e-08, 2.84025993835e-08, 1.12973772559e-08, 5.74697933686e-09, 2.35393349257e-09],
        "min": [1.69393952092e-05, 4.99931184095e-06, 2.58231125372e-07, 1.28472061078e-06, 2.25192889047e-06, 2.00299297148e-07, 4.33302346892e-07, 1.75971911176e-06, 3.79127641281e-06, 9.83786549114e-07, 1.1564769693e-06, 9.64569608186e-07, 1.84894631161e-07, 2.81684329195e-08, 8.0280855741e-08, 2.55649240444e-07, 3.28989017362e-07, 4.42480455831e-07, 1.05032810893e-07, 9.3055433581e-08, 3.3117327547e-08, 2.8861899537e-08, 6.82576084543e-09, 4.14581791119e-09, 9.35467525665e-09, 2.79245799817e-08, 3.51366189477e-08, 2.15464375231e-08, 1.42918743506e-08, 1.74120309282e-08, 1.13634239796e-08, 2.98624147632e-09, 1.9738934931e-09, 1.24294996517e-09, 1.19320286984e-09, 5.22792420465e-10, 2.73913614013e-10, 1.91586149723e-10, 4.88115728392e-11, 1.48289838742e-10],
        "stdev": [0.000295354606351, 0.00066430203151, 0.00104108767118, 0.000517929554917, 0.000606190296821, 0.00108008214738, 0.00067909352947, 0.000975853763521, 0.000921584083699, 0.0007867187378, 0.000126838102005, 0.000139568714076, 0.000126509621623, 0.000218795525143, 0.000197194531211, 0.000155198955326, 5.32314006705e-05, 8.65445836098e-05, 7.88994002505e-05, 0.000118652344099, 7.59617832955e-05, 8.25045717647e-05, 8.0766803876e-05, 3.0146105928e-05, 4.12445660913e-05, 4.42749696958e-05, 1.77648289537e-05, 4.50704283139e-06, 3.89845354221e-06, 3.68513360627e-06, 3.85987550544e-06, 2.58392947217e-06, 1.76585501777e-06, 6.74913280818e-07, 4.11484052165e-07, 2.46977919005e-07, 7.20064150528e-08, 3.15044452748e-08, 1.5389860053e-08, 4.29976365623e-09]
    },
    "melbands128": {
        "max": [0.000632890732959, 0.00205391459167, 0.00356236216612, 0.00806539319456, 0.00912159774452, 0.0092375446111, 0.0107959816232, 0.0256418846548, 0.0122746536508, 0.00481911515817, 0.0112388273701, 0.00781113654375, 0.0133221391588, 0.021961690858, 0.0288634803146, 0.0131573649123, 0.0112606147304, 0.0134254153818, 0.0128622520715, 0.0143793839961, 0.0255889538676, 0.0192379336804, 0.0147671326995, 0.0234166104347, 0.0169957652688, 0.00652243895456, 0.00217246101238, 0.00362652679905, 0.00190944073256, 0.00392367411405, 0.00259340903722, 0.00186539813876, 0.00393324391916, 0.00209222780541, 0.00405043130741, 0.00999135244638, 0.00514169596136, 0.00197179662064, 0.00520090851933, 0.0043530324474, 0.00340421521105, 0.00167355127633, 0.00150871020742, 0.00114747614134, 0.00138469145168, 0.00389172090217, 0.00213929545134, 0.00288984691724, 0.00177656952292, 0.00344719970599, 0.00314368098043, 0.00184277829248, 0.000613852404058, 0.00260138092563, 0.00273395050317, 0.00136253901292, 0.00163328077178, 0.00223018159159, 0.000984988408163, 0.000742691627238, 0.000342921615811, 0.000246119976509, 0.000418200099375, 0.000836592924315, 0.000681498204358, 0.0010481425561, 0.00063426035922, 0.000370913650841, 0.000184517819434, 0.00014887371799, 7.1012560511e-05, 6.58892749925e-05, 9.47187072597e-05, 8.1700120063e-05, 0.000113112808322, 7.17491057003e-05, 9.88356478047e-05, 6.6580294515e-05, 0.000182775213034, 6.88360669301e-05, 6.90865781507e-05, 5.2954415878e-05, 5.8001573052e-05, 5.31461228093e-05, 2.50369994319e-05, 1.19739497677e-05, 9.2873651738e-06, 1.10821483759e-05, 8.58197836351e-06, 8.17690761323e-06, 6.90154502081e-06, 3.40411065736e-06, 2.09274276131e-06, 1.80777635705e-06, 6.39374604816e-07, 7.42666259157e-07, 5.04315664784e-07, 6.43077783025e-07, 4.17009204057e-07, 1.57819272317e-07, 7.94094177081e-08, 5.49673941919e-08, 5.77011576297e-08, 3.24190381207e-08, 3.09881933447e-08, 3.02538332164e-08, 5.39565085944e-08, 4.66340814853e-08, 2.83083387842e-08, 3.5548975319e-08, 4.24398223231e-08, 3.76834492499e-08, 4.59427091926e-08, 3.72277426663e-08, 4.43296244157e-08, 2.51407890062e-08, 2.67225477302e-08, 1.92627105378e-08, 1.8692448478e-08, 1.81878583305e-08, 1.77597385687e-08, 1.73539245196e-08, 1.69742140343e-08, 1.6696846572e-08, 1.6451494389e-08, 1.62783280189e-08, 1.6133920866e-08, 1.60149404849e-08],
        "mean": [6.01314277446e-05, 0.000343797088135, 0.00035194226075, 0.000340601662174, 0.000340975937434, 0.000227830867516, 0.000276049599051, 0.000559810199775, 0.000505247327965, 0.000271438853815, 0.000250259181485, 0.000345543900039, 0.000372974638594, 0.000652147689834, 0.000685216626152, 0.000595550111029, 0.000528148317244, 0.000296695856377, 0.000234499282669, 0.000440061732661, 0.000589928764384, 0.000472667015856, 0.000560731277801, 0.000671287649311, 0.000642485858407, 0.000180717004696, 7.8224693425e-05, 0.000101902565802, 7.59627146181e-05, 9.0207257017e-05, 8.02442082204e-05, 5.51598241145e-05, 8.0279460235e-05, 8.66566842888e-05, 6.77908319631e-05, 0.000104312741314, 0.000145500554936, 7.46620935388e-05, 0.000134734626045, 0.000129921056214, 3.37991259585e-05, 1.96820219571e-05, 2.27850559895e-05, 3.46615088347e-05, 2.3966331355e-05, 2.95119407383e-05, 2.8263679269e-05, 2.27316813834e-05, 2.3528940801e-05, 5.17176704307e-05, 4.66488418169e-05, 4.40152871306e-05, 2.1602056222e-05, 3.37423007295e-05, 5.96034624323e-05, 4.28333187301e-05, 3.82696489396e-05, 5.34285645699e-05, 4.29199935752e-05, 2.88392475341e-05, 1.46206639329e-05, 1.21835309983e-05, 2.23078495765e-05, 3.74348746845e-05, 3.59250989277e-05, 2.6937776056e-05, 2.17368888116e-05, 1.32343348014e-05, 5.06639435116e-06, 3.44338400282e-06, 2.26791826208e-06, 1.48017420543e-06, 1.43130216657e-06, 1.38069208333e-06, 1.07461789867e-06, 1.04845958049e-06, 8.72758278092e-07, 8.36443518892e-07, 9.23176969536e-07, 1.07310404474e-06, 7.67827600612e-07, 6.43838063752e-07, 5.72437954816e-07, 4.949682193e-07, 4.0083108388e-07, 3.351267992e-07, 3.36751611485e-07, 2.39512701228e-07, 1.67817233887e-07, 1.18911167135e-07, 7.71973560632e-08, 5.69645735027e-08, 4.34963602913e-08, 2.9770982124e-08, 1.7996704571e-08, 1.31385400337e-08, 1.0113677007e-08, 8.09368572163e-09, 6.00440230869e-09, 4.70037697653e-09, 2.89536772335e-09, 1.88762894204e-09, 1.71526093329e-09, 1.33226152332e-09, 9.21630161077e-10, 5.78044501154e-10, 6.55511533942e-10, 5.19568388313e-10, 4.57745397142e-10, 4.16671558368e-10, 4.67921534852e-10, 4.18581419526e-10, 4.77608896876e-10, 3.7666489372e-10, 3.76473963115e-10, 2.63651905863e-10, 1.23761875748e-10, 1.72039483354e-11, 1.63813320547e-11, 1.59465132071e-11, 1.55700192322e-11, 1.52223320754e-11, 1.48929896193e-11, 1.46429101483e-11, 1.44335801991e-11, 1.4282444151e-11, 1.41567512921e-11, 1.405640708e-11],
        "min": [4.86055178328e-08, 8.19155047793e-06, 7.91294041846e-06, 2.77126423498e-06, 1.59844901759e-07, 1.51344806909e-07, 5.65752920068e-08, 8.09083218201e-08, 2.07540686858e-08, 3.70611928702e-07, 2.13014786254e-07, 2.30312593885e-07, 4.48188586688e-07, 1.60295940077e-07, 8.29779409628e-08, 2.39648613842e-07, 2.82516111838e-07, 1.93176120433e-07, 3.5182321767e-07, 6.72105556987e-07, 1.52845677803e-06, 8.99243332242e-07, 2.52224594988e-07, 9.84888174571e-07, 5.31153887096e-07, 1.13917117517e-07, 2.98922827824e-07, 4.82741427277e-07, 4.94722087296e-07, 5.39538227429e-08, 3.23128652724e-08, 1.35826127234e-07, 6.11359780578e-08, 7.58943059509e-08, 1.12550715414e-08, 5.32447685941e-09, 7.50590523069e-09, 1.03432098442e-08, 1.0289559782e-07, 1.69181522125e-08, 2.4205396798e-08, 6.35785326608e-08, 3.9765037485e-08, 9.92602267047e-09, 6.84564440689e-08, 1.02809591951e-08, 6.30912495581e-08, 1.6536539249e-08, 2.65709871883e-08, 9.48819760538e-08, 2.5207677723e-08, 6.51078764236e-08, 3.3530444199e-08, 2.2287874657e-08, 2.28600320895e-08, 3.41858275021e-08, 5.9907296901e-09, 6.98852797854e-09, 2.58316457113e-09, 1.5854887403e-09, 2.69806710307e-09, 8.23859469534e-09, 5.35929034484e-09, 8.40830249871e-09, 8.64619309482e-09, 1.4164199813e-09, 1.46710847915e-08, 1.44003502456e-08, 3.35840368848e-08, 1.30971908874e-08, 1.05804893735e-08, 7.39522443283e-10, 1.19372700613e-09, 1.07695496965e-09, 2.31875657564e-10, 1.55570145655e-09, 8.26779622543e-09, 3.71441877256e-10, 5.45829159648e-10, 3.91162630065e-10, 2.51246357053e-10, 1.88043539073e-11, 3.24632994098e-11, 3.19369308777e-10, 1.43769145894e-11, 5.68877670665e-12, 1.35230632248e-10, 7.26716907137e-12, 1.22919910361e-10, 2.08713740735e-11, 1.88314533238e-12, 8.02460181637e-12, 1.24074306385e-10, 1.14594163152e-12, 1.92908059318e-12, 8.07957780541e-12, 4.52317735133e-13, 8.69096190414e-13, 1.11184097953e-12, 2.21798274191e-12, 1.37380098617e-11, 5.87366418524e-13, 3.14079578317e-12, 2.01829026582e-12, 1.7518538703e-12, 2.57469962234e-13, 1.582099523e-13, 1.412156389e-13, 9.8257427856e-14, 1.39293849892e-13, 1.05490052457e-13, 7.74767958665e-14, 7.13246126115e-14, 9.22927302616e-14, 8.66352210241e-14, 9.52368134984e-14, 8.28467611354e-14, 7.07669328952e-14, 6.19387557194e-14, 6.20430085346e-14, 7.98705990668e-14, 8.69725230962e-14, 7.33786946136e-14, 6.84999135864e-14, 7.52742798107e-14, 8.274923715e-14, 7.95186941467e-14, 8.10471617119e-14],
        "stdev": [6.3483537815e-05, 0.000301599240629, 0.00037069193786, 0.000642832950689, 0.000902929401491, 0.000784256611951, 0.000865138543304, 0.00183111964725, 0.00110784440767, 0.000567147915717, 0.000572020770051, 0.000675631396007, 0.000774760032073, 0.00123850873206, 0.00169278180692, 0.00137109053321, 0.00121959205717, 0.000808168086223, 0.000742080213968, 0.00124912301544, 0.00156295171473, 0.00124824047089, 0.0013169067679, 0.00161015149206, 0.00158690148965, 0.000520769855939, 0.000175924869836, 0.000195281638298, 0.000170509985765, 0.000210222468013, 0.000191828352399, 0.000126891682157, 0.000217961933231, 0.00016722039436, 0.000180846676813, 0.000376747630071, 0.000428352796007, 0.000176849003765, 0.000376607320504, 0.000323120795656, 0.000179232141818, 7.30410829419e-05, 7.03782206983e-05, 7.68065001466e-05, 6.69150758768e-05, 0.000155609537615, 0.000110843626317, 0.000112154921226, 8.74290853972e-05, 0.000193825122551, 0.000182169824257, 0.000123234000057, 5.23979979334e-05, 0.000120602548122, 0.000181646784768, 9.41040270845e-05, 8.86229900061e-05, 0.000142229953781, 0.000106600084109, 8.26858595246e-05, 3.17825906677e-05, 2.03706658795e-05, 3.90683635487e-05, 6.83573525748e-05, 6.86952771503e-05, 7.67849123804e-05, 5.58299252589e-05, 3.60565973097e-05, 1.34031633934e-05, 1.09691382022e-05, 4.57436226498e-06, 3.6517180888e-06, 4.34865296484e-06, 4.04408638133e-06, 4.76980039821e-06, 4.12160170526e-06, 3.57426574737e-06, 3.17586591336e-06, 5.53984000362e-06, 3.48690991814e-06, 3.00592364511e-06, 2.40564713749e-06, 2.41247130361e-06, 2.13109228753e-06, 1.18120169645e-06, 7.31490615635e-07, 6.66940252358e-07, 5.85391319419e-07, 4.30343561675e-07, 4.40716860339e-07, 3.50495724888e-07, 1.93235194956e-07, 1.10186661573e-07, 8.53923722843e-08, 4.38725997753e-08, 3.84370615336e-08, 3.29827827272e-08, 3.2142729367e-08, 1.69961467122e-08, 1.02532018431e-08, 5.94375082485e-09, 4.18470769148e-09, 3.20824655731e-09, 2.52053267147e-09, 2.29915508854e-09, 2.28050467399e-09, 2.73700950792e-09, 2.24722329634e-09, 1.96731231306e-09, 1.81683734723e-09, 2.29316543532e-09, 2.21502061137e-09, 2.43802111832e-09, 1.838530439e-09, 1.95371030465e-09, 1.65005598074e-09, 1.20356435929e-09, 5.1442616833e-10, 4.99176366908e-10, 4.856978153e-10, 4.74267847217e-10, 4.63429516984e-10, 4.5328840681e-10, 4.45883163724e-10, 4.39330849478e-10, 4.34704688912e-10, 4.30845970012e-10, 4.27669538672e-10]
    },
    "mfcc": {
        "mean": [-673.068969727, 170.812301636, -51.2768440247, 39.1120300293, -18.2792797089, -2.66982007027, -15.8741054535, 12.3662481308, -9.6859292984, 1.244830966, 5.23316955566, 2.52253890038, 2.77363920212],
        "cov": [[1036.1237793, -468.504333496, -302.243469238, 45.1559524536, -59.9372558594, -36.3023033142, -77.4253158569, 101.435012817, -120.230514526, 7.12754869461, 50.8742904663, 9.92269420624, 17.585981369], [-468.504333496, 665.807373047, 199.515670776, -29.2561435699, 84.2621688843, 42.9005508423, 11.3776741028, -102.787162781, 65.2032012939, -32.5958213806, -27.714427948, 8.27558708191, -14.1572437286], [-302.243469238, 199.515670776, 467.125274658, 76.8914642334, 76.6703033447, 76.2411575317, -4.44801139832, -86.192276001, 80.1818466187, -6.03219509125, -78.9912948608, -17.7195568085, -30.4973125458], [45.1559524536, -29.2561435699, 76.8914642334, 281.079223633, 91.1807937622, -23.3738441467, -67.1469345093, 22.8040561676, -3.61029982567, -51.6613273621, -48.341709137, -85.5372543335, -10.5348739624], [-59.9372558594, 84.2621688843, 76.6703033447, 91.1807937622, 206.252883911, 70.3595123291, -75.5838165283, -72.8229675293, 47.1271133423, -2.58195185661, -64.7805480957, -28.4565353394, -10.3791093826], [-36.3023033142, 42.9005508423, 76.2411575317, -23.3738441467, 70.3595123291, 153.442764282, -12.333155632, -80.1096038818, 41.9552497864, 10.1444406509, -40.8768768311, 28.1856060028, -5.51607704163], [-77.4253158569, 11.3776741028, -4.44801139832, -67.1469345093, -75.5838165283, -12.333155632, 191.067230225, 34.5327453613, -10.8959608078, 24.453956604, 21.4820079803, 14.9762601852, -6.62345409393], [101.435012817, -102.787162781, -86.192276001, 22.8040561676, -72.8229675293, -80.1096038818, 34.5327453613, 167.776321411, -40.0944709778, -17.7961406708, 37.755657196, -27.5075893402, -2.70934557915], [-120.230514526, 65.2032012939, 80.1818466187, -3.61029982567, 47.1271133423, 41.9552497864, -10.8959608078, -40.0944709778, 120.714836121, 28.9853630066, -38.3691673279, -8.59031200409, -16.7917613983], [7.12754869461, -32.5958213806, -6.03219509125, -51.6613273621, -2.58195185661, 10.1444406509, 24.453956604, -17.7961406708, 28.9853630066, 98.9485626221, 10.4873085022, 4.89686012268, -9.34386825562], [50.8742904663, -27.714427948, -78.9912948608, -48.341709137, -64.7805480957, -40.8768768311, 21.4820079803, 37.755657196, -38.3691673279, 10.4873085022, 111.750968933, 46.817489624, -6.48764276505], [9.92269420624, 8.27558708191, -17.7195568085, -85.5372543335, -28.4565353394, 28.1856060028, 14.9762601852, -27.5075893402, -8.59031200409, 4.89686012268, 46.817489624, 119.715812683, 7.7123298645], [17.585981369, -14.1572437286, -30.4973125458, -10.5348739624, -10.3791093826, -5.51607704163, -6.62345409393, -2.70934557915, -16.7917613983, -9.34386825562, -6.48764276505, 7.7123298645, 61.2505989075]],
        "icov": [[0.0017863427056, 0.000841629400384, 0.000711155531462, -0.000467953592306, 0.000249796576099, -0.000609075301327, 0.000809947319794, -0.000394392060116, 0.00111268355977, -0.000553852994926, 0.000228127348237, -0.000431312830187, 0.000311888376018], [0.000841629400384, 0.00256005395204, -0.000464038806967, 0.000713270914275, -0.000980207463726, 0.000426533923019, -0.000215649590245, 0.000860388565343, -0.000256284838542, 0.00142188894097, -0.000766580691561, 0.000298624567222, 0.000156613081344], [0.000711155531462, -0.000464038806967, 0.00361269293353, -0.00156391481869, 0.000896575686056, -0.00103406829294, -2.85112582787e-05, 0.000619407917839, -0.000523735943716, -0.000405727187172, 0.00162879086565, -0.000752882857341, 0.00136333180126], [-0.000467953592306, 0.000713270914275, -0.00156391481869, 0.00712314248085, -0.00326941628009, 0.00171810702886, 0.000578957085963, -0.000696329690982, 0.000328699243255, 0.0031812035013, -0.000377469143132, 0.00344358338043, 0.000480036338558], [0.000249796576099, -0.000980207463726, 0.000896575686056, -0.00326941628009, 0.00989647116512, -0.00314801372588, 0.00240293308161, 0.00158884655684, -0.000582300126553, -0.00170305930078, 0.00248278677464, -1.56872520165e-05, 0.00115492823534], [-0.000609075301327, 0.000426533923019, -0.00103406829294, 0.00171810702886, -0.00314801372588, 0.0114925652742, -0.000957818818279, 0.00289777503349, -0.00142918294296, 0.000884153472725, 0.00263591483235, -0.00280398805626, 0.000955579860602], [0.000809947319794, -0.000215649590245, -2.85112582787e-05, 0.000578957085963, 0.00240293308161, -0.000957818818279, 0.00731208128855, -0.00181596388575, 0.00135675922502, -0.00218309951015, 0.000972827896476, -0.000438325543655, 0.00103144650348], [-0.000394392060116, 0.000860388565343, 0.000619407917839, -0.000696329690982, 0.00158884655684, 0.00289777503349, -0.00181596388575, 0.0106524648145, -0.000493732397445, 0.00243425904773, -0.00216296338476, 0.00258490210399, 0.000987191335298], [0.00111268355977, -0.000256284838542, -0.000523735943716, 0.000328699243255, -0.000582300126553, -0.00142918294296, 0.00135675922502, -0.000493732397445, 0.0130190784112, -0.00422492623329, 0.00344083388336, -0.000411952874856, 0.00265551661141], [-0.000553852994926, 0.00142188894097, -0.000405727187172, 0.0031812035013, -0.00170305930078, 0.000884153472725, -0.00218309951015, 0.00243425904773, -0.00422492623329, 0.0146273719147, -0.00327720795758, 0.00270337052643, 0.000881103507709], [0.000228127348237, -0.000766580691561, 0.00162879086565, -0.000377469143132, 0.00248278677464, 0.00263591483235, 0.000972827896476, -0.00216296338476, 0.00344083388336, -0.00327720795758, 0.0174148436636, -0.00735566485673, 0.00438512256369], [-0.000431312830187, 0.000298624567222, -0.000752882857341, 0.00344358338043, -1.56872520165e-05, -0.00280398805626, -0.000438325543655, 0.00258490210399, -0.000411952874856, 0.00270337052643, -0.00735566485673, 0.014896331355, -0.00213326769881], [0.000311888376018, 0.000156613081344, 0.00136333180126, 0.000480036338558, 0.00115492823534, 0.000955579860602, 0.00103144650348, 0.000987191335298, 0.00265551661141, 0.000881103507709, 0.00438512256369, -0.00213326769881, 0.0190668702126]]
    },
    "spectral_contrast_coeffs": {
        "max": [-0.425672769547, -0.42685136199, -0.477659195662, -0.558706223965, -0.519322276115, -0.518535077572],
        "mean": [-0.68596726656, -0.691925942898, -0.731535315514, -0.762101948261, -0.705573260784, -0.629896521568],
        "min": [-0.875035524368, -0.926826655865, -0.891648054123, -0.928326845169, -0.879218220711, -0.851348042488],
        "stdev": [0.0623093806207, 0.0703087151051, 0.0613886006176, 0.0549541041255, 0.0584890022874, 0.0451377481222]
    },
    "spectral_contrast_valleys": {
        "max": [-5.63614749908, -4.93145275116, -5.90539884567, -5.9496588707, -5.88111972809, -9.99757385254],
        "mean": [-7.18998765945, -6.50284481049, -7.45193719864, -7.69720077515, -7.99734210968, -13.0140008926],
        "min": [-9.40263748169, -8.00601005554, -9.10695552826, -9.21415996552, -9.96992588043, -14.6553955078],
        "stdev": [0.556025326252, 0.455641329288, 0.480371534824, 0.469758987427, 0.584292888641, 0.776594460011]
    }
},
"rhythm": {
    "beats_count": 57,
    "beats_loudness": {
        "max": 0.100519374013,
        "mean": 0.0286244656891,
        "min": 0.00970731396228,
        "stdev": 0.0178915262222
    },
    "bpm": 127.82913208,
    "bpm_histogram_first_peak_bpm": 129,
    "bpm_histogram_first_peak_weight": 0.434782624245,
    "bpm_histogram_second_peak_bpm": 94,
    "bpm_histogram_second_peak_spread": 0.444444477558,
    "bpm_histogram_second_peak_weight": 0.178571432829,
    "danceability": 1.62354850769,
    "onset_rate": 3.01464819908,
    "beats_loudness_band_ratio": {
        "max": [0.448861002922, 0.696777522564, 0.859357237816, 0.502565383911, 0.593361496925, 0.180771738291],
        "mean": [0.129788681865, 0.231607809663, 0.384860128164, 0.148675903678, 0.120340444148, 0.0397538840771],
        "min": [0.00438344571739, 0.0127864703536, 0.0160808432847, 0.011822078377, 0.00332685047761, 0.00218310090713],
        "stdev": [0.123697943985, 0.180060207844, 0.205958321691, 0.122121050954, 0.116661168635, 0.0399930737913]
    },
    "beats_position": [0.46439909935, 0.9287981987, 1.39319729805, 1.8575963974, 2.32199549675, 2.79800438881, 3.27401351929, 3.75002264977, 4.22603178024, 4.69043064117, 5.16644001007, 5.64244890213, 6.13006782532, 6.60607719421, 7.07047605515, 7.53487491608, 8.01088428497, 8.47528362274, 8.96290206909, 9.45052146912, 9.93814086914, 10.4141492844, 10.8901586533, 11.354557991, 11.8189563751, 12.2833557129, 12.7477550507, 13.2121543884, 13.8390922546, 14.4428119659, 15.0813598633, 15.7199087143, 16.4165077209, 17.1131057739, 17.8329238892, 18.5527439117, 19.272562027, 19.9111099243, 20.549659729, 21.1765975952, 21.8035373688, 22.430475235, 23.0458049774, 23.6611328125, 24.2648525238, 24.8569602966, 25.4490699768, 26.0411777496, 26.6216773987, 27.2718353271, 27.9103851318, 28.5489330292, 29.1874828339, 29.8260307312, 30.4645805359, 31.0915184021, 31.7300682068],
