{
"metadata": {
    "version": {
        "essentia": "2.1-beta5",
        "essentia_git_sha": "Undefined",
        "extractor": "music 2.0"
    },
    "audio_properties": {
        "analysis": {
            "equal_loudness": 0,
            "length": 48.7502937317,
            "sample_rate": 44100,
            "start_time": 12.7477550507,
            "downmix": "mix"
        },
        "bit_rate": 192000,
        "length": 194.977966309,
        "lossless": 0,
        "number_channels": 2,
        "replay_gain": -9.15260696411,
        "sample_rate": 44100,
        "codec": "mp3",
        "md5_encoded": "75005cdc356be735e615182e0bed0fdb"
    },
    "tags": {
        "file_name": "Yugoslavia_Život je sklopio krug_Sabahudin Kurt.mp3",
        "encoding": ["Lavf58.29.100"]
    }
},
"lowlevel": {
    "average_loudness": 0.708201527596,
    "barkbands_crest": {
        "max": 26.4906616211,
        "mean": 12.5688791275,
        "min": 3.96726727486,
        "stdev": 5.16236209869
    },
    "barkbands_flatness_db": {
        "max": 0.505435168743,
        "mean": 0.279762834311,
        "min": 0.146207660437,
        "stdev": 0.0522321239114
    },
    "barkbands_kurtosis": {
        "max": 492.963897705,
        "mean": 10.6353302002,
        "min": -1.13366568089,
        "stdev": 18.7696247101
    },
    "barkbands_skewness": {
        "max": 16.9720306396,
        "mean": 1.77380502224,
        "min": -1.27737939358,
        "stdev": 1.6097086668
    },
    "barkbands_spread": {
        "max": 32.658164978,
        "mean": 5.0779542923,
        "min": 0.148441657424,
        "stdev": 3.06979084015
    },
    "dissonance": {
        "max": 0.498777478933,
        "mean": 0.395620107651,
        "min": 0.19551704824,
        "stdev": 0.0514138489962
    },
    "dynamic_complexity": 4.14367723465,
    "erbbands_crest": {
        "max": 31.4523334503,
        "mean": 14.5144720078,
        "min": 4.59254646301,
        "stdev": 5.33829307556
    },
    "erbbands_flatness_db": {
        "max": 0.436250895262,
        "mean": 0.299347341061,
        "min": 0.151615992188,
        "stdev": 0.0401197522879
    },
    "erbbands_kurtosis": {
        "max": 78.9814224243,
        "mean": 4.83197593689,
        "min": -1.59004890919,
        "stdev": 6.09979248047
    },
    "erbbands_skewness": {
        "max": 7.23629331589,
        "mean": 1.46376955509,
        "min": -0.825937688351,
        "stdev": 0.888877391815
    },
    "erbbands_spread": {
        "max": 69.0543746948,
        "mean": 12.9379520416,
        "min": 1.3986645937,
        "stdev": 7.33134889603
    },
    "hfc": {
        "max": 67.9064865112,
        "mean": 7.72207546234,
        "min": 0.116050921381,
        "stdev": 8.61733436584
    },
    "loudness_ebu128": {
        "integrated": -17.2050457001,
        "loudness_range": 7.39112472534,
        "momentary": {
            "max": -11.4092750549,
            "mean": -18.8255882263,
            "min": -28.8755931854,
            "stdev": 3.91627550125
        },
        "short_term": {
            "max": -13.2452058792,
            "mean": -18.0755310059,
            "min": -23.8597660065,
            "stdev": 2.58458518982
        }
    },
    "melbands_crest": {
        "max": 31.6112308502,
        "mean": 14.4836549759,
        "min": 5.16344451904,
        "stdev": 5.4849524498
    },
    "melbands_flatness_db": {
        "max": 0.555960297585,
        "mean": 0.334184408188,
        "min": 0.156904548407,
        "stdev": 0.0602016486228
    },
    "melbands_kurtosis": {
        "max": 169.321777344,
        "mean": 11.0400152206,
        "min": -1.11992490292,
        "stdev": 17.6052684784
    },
    "melbands_skewness": {
        "max": 9.1739654541,
        "mean": 1.65433359146,
        "min": -1.08599066734,
        "stdev": 1.51900315285
    },
    "melbands_spread": {
        "max": 33.1902732849,
        "mean": 7.39868307114,
        "min": 0.388314425945,
        "stdev": 4.06979560852
    },
    "pitch_salience": {
        "max": 0.835732936859,
        "mean": 0.567967653275,
        "min": 0.127979889512,
        "stdev": 0.130720287561
    },
    "silence_rate_20dB": {
        "max": 1,
        "mean": 1,
        "min": 1,
        "stdev": 0
    },
    "silence_rate_30dB": {
        "max": 1,
        "mean": 0.997620165348,
        "min": 0,
        "stdev": 0.0487257614732
    },
    "silence_rate_60dB": {
        "max": 1,
        "mean": 0.150404572487,
        "min": 0,
        "stdev": 0.357469320297
    },
    "spectral_centroid": {
        "max": 2184.58911133,
        "mean": 543.101928711,
        "min": 238.855514526,
        "stdev": 171.123123169
    },
    "spectral_complexity": {
        "max": 27,
        "mean": 8.98048591614,
        "min": 1,
        "stdev": 3.44271373749
    },
    "spectral_decrease": {
        "max": -9.04452970851e-11,
        "mean": -4.35589742054e-09,
        "min": -4.01370385816e-08,
        "stdev": 4.62700810999e-09
    },
    "spectral_energy": {
        "max": 0.157645627856,
        "mean": 0.0171405561268,
        "min": 0.000358615157893,
        "stdev": 0.0181947145611
    },
    "spectral_energyband_high": {
        "max": 0.000126607279526,
        "mean": 5.10755808136e-06,
        "min": 6.51138094554e-08,
        "stdev": 8.91457420948e-06
    },
    "spectral_energyband_low": {
        "max": 0.00613996386528,
        "mean": 0.00064211076824,
        "min": 6.56410429656e-06,
        "stdev": 0.000752570631448
    },
    "spectral_energyband_middle_high": {
        "max": 0.018769999966,
        "mean": 0.00116167636588,
        "min": 2.50423045145e-06,
        "stdev": 0.00159139034804
    },
    "spectral_energyband_middle_low": {
        "max": 0.15592558682,
        "mean": 0.0155752999708,
        "min": 0.000289915886242,
        "stdev": 0.0174673311412
    },
    "spectral_entropy": {
        "max": 7.92997789383,
        "mean": 6.36181211472,
        "min": 4.42893838882,
        "stdev": 0.482445329428
    },
    "spectral_flux": {
        "max": 0.241640120745,
        "mean": 0.0481962412596,
        "min": 0.00745673989877,
        "stdev": 0.0282980799675
    },
    "spectral_kurtosis": {
        "max": 82.0578842163,
        "mean": 21.2685317993,
        "min": -0.157791137695,
        "stdev": 12.4124002457
    },
    "spectral_rms": {
        "max": 0.0124016376212,
        "mean": 0.00360870640725,
        "min": 0.000591496820562,
        "stdev": 0.00192347576376
    },
    "spectral_rolloff": {
        "max": 3380.71289062,
        "mean": 615.442810059,
        "min": 236.865234375,
        "stdev": 225.429351807
    },
    "spectral_skewness": {
        "max": 7.40265083313,
        "mean": 3.1735637188,
        "min": 0.358880698681,
        "stdev": 1.04912686348
    },
    "spectral_spread": {
        "max": 23312650,
        "mean": 2008231,
        "min": 1012615.6875,
        "stdev": 674567.25
    },
    "spectral_strongpeak": {
        "max": 7.00131797791,
        "mean": 1.20286166668,
        "min": 0.0143187185749,
        "stdev": 1.02237606049
    },
    "zerocrossingrate": {
        "max": 0.0830078125,
        "mean": 0.0247970651835,
        "min": 0.0068359375,
        "stdev": 0.00740801403299
    },
    "barkbands": {
        "max": [4.06357758038e-05, 0.0032555134967, 0.00469269556925, 0.00550827523693, 0.0841974690557, 0.0564406178892, 0.146923094988, 0.0611442625523, 0.0710945278406, 0.0164669826627, 0.0111322207376, 0.00336776860058, 0.00275039440021, 0.00361686991528, 0.00173622986767, 0.000805568939541, 0.0018240272766, 0.000686424027663, 0.00075799744809, 8.09107368696e-05, 4.6138833568e-05, 3.66047752323e-05, 2.28671415243e-05, 1.30146609081e-05, 1.33796925184e-06, 3.44579149214e-07, 3.70447168052e-07],
        "mean": [3.87917816624e-06, 0.000213375111343, 0.000211738442886, 0.000572038057726, 0.0050230063498, 0.00197103340179, 0.00454192981124, 0.00186021742411, 0.00150195660535, 0.00051532976795, 0.000182468749699, 0.00012651112047, 7.52234554966e-05, 0.000119575299323, 4.41220618086e-05, 4.92627259518e-05, 5.68254508835e-05, 3.83744554711e-05, 2.6379535484e-05, 3.72800400328e-06, 1.71715680608e-06, 9.1846527539e-07, 5.78884339575e-07, 2.79198559383e-07, 1.18272353689e-07, 7.07919889376e-10, 7.63176355445e-10],
        "min": [2.03055616765e-08, 7.18561864232e-07, 1.17190268156e-07, 3.255868819e-07, 1.02661169876e-05, 1.34140591399e-05, 3.95995084546e-06, 2.60820729636e-06, 1.55175951022e-06, 2.85086770191e-07, 9.80905312531e-08, 1.41468945003e-07, 6.00274674412e-08, 6.44249382731e-08, 7.055072615e-08, 3.1585653204e-08, 5.17087386243e-08, 7.40033740954e-08, 1.80264070337e-08, 3.24665165863e-08, 9.43328881675e-09, 1.07697992746e-08, 7.57875096014e-09, 5.94340487936e-09, 7.67926255918e-09, 1.46706969489e-11, 2.1019784871e-11],
        "stdev": [4.29606961916e-06, 0.000338133715559, 0.000406833773013, 0.000849065778311, 0.0108840242028, 0.00413388758898, 0.00968560669571, 0.00431129988283, 0.00438540196046, 0.0009390671039, 0.000640210113488, 0.000275498925475, 0.000188031393918, 0.000352288567228, 0.000128465355374, 8.05394447525e-05, 0.000139158655657, 6.42620361759e-05, 5.2178176702e-05, 6.20716355115e-06, 3.53777863893e-06, 2.21479513129e-06, 1.47797743466e-06, 6.77399100368e-07, 7.59304938924e-08, 7.5887083284e-09, 8.15680767374e-09]
    },
    "erbbands": {
        "max": [0.110424421728, 0.844643890858, 3.94058632851, 10.5630617142, 84.3687744141, 371.353820801, 644.839172363, 503.094329834, 2521.03466797, 1898.23779297, 1470.35571289, 1236.72595215, 523.193237305, 633.354797363, 435.815795898, 148.077926636, 146.257583618, 208.015045166, 179.501022339, 51.8418006897, 53.1018218994, 96.293800354, 36.928062439, 38.3749465942, 22.9135551453, 4.09991884232, 1.688393116, 1.80030608177, 1.48922789097, 1.24979090691, 0.620819985867, 0.382223129272, 0.135526910424, 0.0296268928796, 0.00274440576322, 0.00137311511207, 0.0006413286319, 0.000229089142522, 7.55650544306e-05, 0.000176441652002],
        "mean": [0.00333834788762, 0.0588800758123, 0.24449673295, 1.11477684975, 5.48047304153, 21.9185409546, 18.4300346375, 19.3335132599, 61.9020843506, 53.0692062378, 44.1792373657, 30.4921607971, 17.3225212097, 13.8729839325, 7.78753948212, 5.11854171753, 3.79436182976, 4.10300207138, 5.15802764893, 2.33763384819, 2.87442350388, 3.47298073769, 2.17966032028, 1.81238520145, 0.803398966789, 0.193216204643, 0.0892805606127, 0.0550733655691, 0.0331112891436, 0.0250726081431, 0.0147290481254, 0.00772432982922, 0.00381064834073, 0.00200577056967, 0.000452399457572, 2.22299349844e-05, 7.05095817466e-06, 1.53922837853e-06, 8.28479460324e-06, 1.92584739125e-05],
        "min": [3.6311281292e-05, 0.000231115933275, 0.00115458504297, 0.00241538602859, 0.0217046868056, 0.0217949803919, 0.0553297810256, 0.12352064997, 0.0993176177144, 0.180759176612, 0.0463731847703, 0.0365884117782, 0.0208155848086, 0.0113853421062, 0.00724931200966, 0.0109890932217, 0.00413447571918, 0.0037161805667, 0.0032471884042, 0.00323094963096, 0.00283997529186, 0.00323726679198, 0.00490079121664, 0.00179026718251, 0.000938341196161, 0.00135659705848, 0.000809147895779, 0.000191010200069, 0.000273440906312, 0.000348828354618, 0.000305098394165, 0.000134137502755, 9.1214569693e-05, 9.94375586743e-05, 4.51410269307e-05, 5.21523725183e-06, 5.19204661487e-07, 8.0385802903e-08, 2.0983856075e-07, 4.65441161168e-07],
        "stdev": [0.00632406398654, 0.0921664386988, 0.423723518848, 1.3959363699, 8.44515895844, 54.82862854, 48.230266571, 35.5428733826, 148.133514404, 134.297485352, 104.4061203, 85.1006240845, 29.1653556824, 33.1495628357, 23.5557041168, 10.6382675171, 9.11077594757, 12.0899734497, 16.1118755341, 4.59790706635, 5.17739868164, 8.1927318573, 3.60340428352, 3.34400033951, 1.59908378124, 0.299302637577, 0.157362014055, 0.122214384377, 0.0827696993947, 0.0606701560318, 0.0395091325045, 0.0206907317042, 0.00746745336801, 0.00163073674776, 0.00019945159147, 3.25183282257e-05, 1.54225072038e-05, 5.21536321685e-06, 8.79325762071e-06, 2.04162570299e-05]
    },
    "gfcc": {
        "mean": [-142.996871948, 189.824386597, -138.201721191, 2.98300099373, -68.3574676514, -22.8760585785, -39.5330162048, -1.90137195587, -7.27060174942, -23.4148082733, 4.92768144608, -19.6097755432, 3.53024458885],
        "cov": [[2243.55395508, 44.5834007263, -724.990905762, -149.299530029, 200.035507202, -351.380218506, 133.617950439, -62.3670463562, 69.9867935181, -82.2435073853, 18.3112316132, 9.79479312897, -216.653945923], [44.5834007263, 219.651138306, 133.397140503, -100.925628662, 91.3120346069, -3.9454729557, 31.4458255768, 36.1499137878, -14.3704586029, -32.5190429688, -7.43304777145, -10.5189495087, -20.4538459778], [-724.990905762, 133.397140503, 607.409606934, 47.8638038635, -34.1439361572, 35.5697784424, -80.4405059814, -7.83657073975, -34.6405944824, -40.3548088074, -19.2273864746, 25.7277641296, 48.2597084045], [-149.299530029, -100.925628662, 47.8638038635, 297.221954346, 30.275554657, 60.5193710327, -41.1733512878, -37.6247177124, 20.3581142426, 31.9007263184, -7.06749534607, -2.25700974464, 36.7369117737], [200.035507202, 91.3120346069, -34.1439361572, 30.275554657, 201.538742065, -48.9139328003, -47.733341217, -5.90913057327, 7.40178012848, -5.95886993408, -11.1962738037, -6.50903511047, -13.8389959335], [-351.380218506, -3.9454729557, 35.5697784424, 60.5193710327, -48.9139328003, 274.53338623, 109.621353149, 54.7618522644, 4.87668609619, 46.1555328369, -6.50651073456, -12.7289705276, 66.8937988281], [133.617950439, 31.4458255768, -80.4405059814, -41.1733512878, -47.733341217, 109.621353149, 196.523864746, 83.1798782349, -13.991309166, -0.155619576573, 15.7570333481, 5.6549782753, -1.74073636532], [-62.3670463562, 36.1499137878, -7.83657073975, -37.6247177124, -5.90913057327, 54.7618522644, 83.1798782349, 112.935516357, 28.1263828278, 14.495303154, 9.77745342255, -13.0247993469, -11.1615095139], [69.9867935181, -14.3704586029, -34.6405944824, 20.3581142426, 7.40178012848, 4.87668609619, -13.991309166, 28.1263828278, 104.021614075, 57.4814376831, -4.40378046036, -18.301782608, -12.6482620239], [-82.2435073853, -32.5190429688, -40.3548088074, 31.9007263184, -5.95886993408, 46.1555328369, -0.155619576573, 14.495303154, 57.4814376831, 103.173355103, 27.0151958466, -19.3543663025, 10.7727966309], [18.3112316132, -7.43304777145, -19.2273864746, -7.06749534607, -11.1962738037, -6.50651073456, 15.7570333481, 9.77745342255, -4.40378046036, 27.0151958466, 60.0939216614, 23.3893260956, -8.42229747772], [9.79479312897, -10.5189495087, 25.7277641296, -2.25700974464, -6.50903511047, -12.7289705276, 5.6549782753, -13.0247993469, -18.301782608, -19.3543663025, 23.3893260956, 73.315788269, 42.1687049866], [-216.653945923, -20.4538459778, 48.2597084045, 36.7369117737, -13.8389959335, 66.8937988281, -1.74073636532, -11.1615095139, -12.6482620239, 10.7727966309, -8.42229747772, 42.1687049866, 117.579063416]],
        "icov": [[0.00326865259558, -0.00116409617476, 0.00277875270694, -5.65349582757e-05, -0.00235126097687, 0.00353816966526, -0.00657849060372, 0.00668894685805, -0.00651439605281, 0.00447761733085, -0.00172967894468, -0.000447826605523, 0.00187109981198], [-0.00116409617476, 0.0199253894389, -0.00817830581218, 0.00834091659635, -0.0124899102375, -0.00134323106613, -0.00711050536484, 0.00196288782172, -0.00293332850561, 0.00488328468055, -0.00670777261257, 0.010426514782, -0.0035357514862], [0.00277875270694, -0.00817830581218, 0.00720522133633, -0.00341115007177, 0.00359228276648, 0.00216359598562, 0.000141591081046, 0.00241700839251, -0.00256018084474, 0.00200744741596, 0.00194768444635, -0.00544105796143, 0.00286095356569], [-5.65349582757e-05, 0.00834091659635, -0.00341115007177, 0.00785006675869, -0.00656174309552, -0.00156253518071, -0.00352824945003, 0.00393098033965, -0.00348816625774, 0.00267744087614, -0.00388470268808, 0.00495268078521, -0.00194328743964], [-0.00235126097687, -0.0124899102375, 0.00359228276648, -0.00656174309552, 0.0166621562093, -0.0018754650373, 0.0132526969537, -0.00998507253826, 0.00940425135195, -0.00821611005813, 0.00829258188605, -0.00794378854334, 0.00155439449009], [0.00353816966526, -0.00134323106613, 0.00216359598562, -0.00156253518071, -0.0018754650373, 0.0120223015547, -0.0119747407734, 0.00632541207597, -0.00602170312777, 0.0016922748182, -0.000486214034026, 0.00315978424624, -0.00272222794592], [-0.00657849060372, -0.00711050536484, 0.000141591081046, -0.00352824945003, 0.0132526969537, -0.0119747407734, 0.0311634875834, -0.0241624917835, 0.0202209241688, -0.0124164130539, 0.00887538678944, -0.00996545609087, 0.00174851471093], [0.00668894685805, 0.00196288782172, 0.00241700839251, 0.00393098033965, -0.00998507253826, 0.00632541207597, -0.0241624917835, 0.0337360166013, -0.0239201840013, 0.0159862972796, -0.013321054168, 0.00907206442207, 0.000271581608104], [-0.00651439605281, -0.00293332850561, -0.00256018084474, -0.00348816625774, 0.00940425135195, -0.00602170312777, 0.0202209241688, -0.0239201840013, 0.0373484194279, -0.0286899991333, 0.0213284827769, -0.0126523124054, 0.00489998003468], [0.00447761733085, 0.00488328468055, 0.00200744741596, 0.00267744087614, -0.00821611005813, 0.0016922748182, -0.0124164130539, 0.0159862972796, -0.0286899991333, 0.0404405966401, -0.0307070668787, 0.0219067204744, -0.0100042587146], [-0.00172967894468, -0.00670777261257, 0.00194768444635, -0.00388470268808, 0.00829258188605, -0.000486214034026, 0.00887538678944, -0.013321054168, 0.0213284827769, -0.0307070668787, 0.0474543869495, -0.0309307090938, 0.0157798528671], [-0.000447826605523, 0.010426514782, -0.00544105796143, 0.00495268078521, -0.00794378854334, 0.00315978424624, -0.00996545609087, 0.00907206442207, -0.0126523124054, 0.0219067204744, -0.0309307090938, 0.0445785038173, -0.0219160504639], [0.00187109981198, -0.0035357514862, 0.00286095356569, -0.00194328743964, 0.00155439449009, -0.00272222794592, 0.00174851471093, 0.000271581608104, 0.00489998003468, -0.0100042587146, 0.0157798528671, -0.0219160504639, 0.0229878816754]]
    },
    "melbands": {
        "max": [0.000979398726486, 0.00148351897951, 0.002977471333, 0.0129448371008, 0.0203729514033, 0.0134061491117, 0.0345151908696, 0.0184427499771, 0.0119609059766, 0.00741904554889, 0.00251940265298, 0.0027736290358, 0.00183753843885, 0.000478170317365, 0.000426168349804, 0.000374606403057, 0.000356574455509, 0.000393327325583, 9.61281257332e-05, 4.37212984252e-05, 7.52130581532e-05, 0.000100621036836, 5.5827851611e-05, 2.67945815722e-05, 3.55291158485e-05, 2.36397481785e-05, 6.33372201264e-06, 3.46353476743e-06, 1.2854840179e-06, 1.18481375466e-06, 9.63342131399e-07, 8.07681317383e-07, 7.48382376514e-07, 7.02687600551e-07, 4.51945368241e-07, 2.86259563609e-07, 2.32477560758e-07, 1.19123264142e-07, 3.85320184648e-08, 1.98255651895e-08],
        "mean": [4.49004437542e-05, 0.000116096212878, 0.000298326369375, 0.00094310939312, 0.000808789744042, 0.000450733292382, 0.000924947613385, 0.000529626151547, 0.000359566533007, 0.000173927983269, 8.40117645566e-05, 5.98239857936e-05, 2.75971797237e-05, 1.58604361786e-05, 1.11652043415e-05, 6.94511936672e-06, 7.30619558453e-06, 1.00089691841e-05, 2.89249078378e-06, 2.80314839074e-06, 3.53869313585e-06, 3.66737367585e-06, 2.46664512815e-06, 1.72063926129e-06, 1.48352091855e-06, 8.33618457818e-07, 2.37627503452e-07, 9.77547003345e-08, 6.01308229875e-08, 3.65431844784e-08, 2.96173379155e-08, 1.92406979238e-08, 1.56815662677e-08, 1.32161064315e-08, 9.00369379053e-09, 6.01914118548e-09, 4.13477962979e-09, 2.7975481931e-09, 2.01336325389e-09, 1.59941571098e-09],
        "min": [1.82327397624e-07, 4.69236567824e-07, 7.39411802897e-07, 2.60312799583e-06, 1.61805132848e-06, 2.49417803388e-06, 1.44066052599e-06, 1.52928441821e-06, 1.86277489433e-07, 1.99101108933e-07, 7.92443373143e-08, 3.39024914808e-08, 2.47616878113e-08, 1.65316933476e-08, 2.13841495622e-08, 5.77863401574e-09, 6.1161511411e-09, 4.93950702563e-09, 4.9804795843e-09, 2.50359089016e-09, 3.56988993921e-09, 3.41804495818e-09, 4.20785228883e-09, 2.13610884536e-09, 1.19346044158e-09, 4.81790607409e-10, 9.1180185624e-10, 8.55431059321e-10, 6.40294650633e-10, 1.28269228572e-10, 9.8811785143e-11, 1.29411828476e-10, 2.51055509715e-10, 1.33457356277e-10, 1.88683971225e-10, 1.04813893675e-10, 8.04235913976e-11, 5.56659059125e-11, 7.53193132863e-11, 9.37213986973e-11],
        "stdev": [7.30556930648e-05, 0.000171841064002, 0.000388195679989, 0.00186203699559, 0.00204931548797, 0.000853852368891, 0.00207196781412, 0.00131207529921, 0.00091241998598, 0.000483399751829, 0.000141691925819, 0.000143569443026, 9.86115410342e-05, 3.48040521203e-05, 2.98470222333e-05, 1.93372434296e-05, 2.17421766138e-05, 3.37782475981e-05, 6.98369603924e-06, 4.82451241623e-06, 6.99357224221e-06, 9.33710362006e-06, 4.64665617983e-06, 2.88580690722e-06, 2.86819431494e-06, 1.67693838193e-06, 4.98632402923e-07, 1.65262264318e-07, 1.05709169418e-07, 8.17568022171e-08, 6.90803574344e-08, 4.85622813073e-08, 4.14840712892e-08, 3.27229372488e-08, 2.53950265261e-08, 1.64334554853e-08, 1.12584954692e-08, 6.199024849e-09, 2.32120611621e-09, 1.01438557554e-09]
    },
    "melbands128": {
        "max": [3.12739612127e-05, 0.000765214324929, 0.00168532377575, 0.00168178312015, 0.00234453403391, 0.00246760668233, 0.00252712611109, 0.00417942134663, 0.00901376083493, 0.0205374695361, 0.0275597274303, 0.040321290493, 0.0328721702099, 0.0194208845496, 0.0102585824206, 0.0295113325119, 0.0427903048694, 0.0536587163806, 0.0229688175023, 0.0373951271176, 0.0139680542052, 0.0259238295257, 0.0137877631932, 0.0298629179597, 0.0144046237692, 0.0124415382743, 0.0067133246921, 0.0023140902631, 0.00187643163372, 0.00527817662805, 0.00260037695989, 0.00143793190364, 0.00384623697028, 0.00120421836618, 0.000805582327303, 0.00101026566699, 0.000877088983543, 0.000969541317318, 0.000543389527593, 0.000720200885553, 0.000672905414831, 0.00102145411074, 0.00046574920998, 0.00044109908049, 0.00078996719094, 0.000764953030739, 0.000214609011891, 0.000170022205566, 0.000129701104015, 0.000110652123112, 9.43524064496e-05, 7.90245321696e-05, 0.00016221505939, 0.00013543033856, 0.000107488442154, 0.000185132827028, 0.000249992706813, 7.1426256909e-05, 8.99515944184e-05, 4.32930282841e-05, 3.60904559784e-05, 3.66609419871e-05, 3.3530210203e-05, 5.66326307307e-05, 3.74795818061e-05, 3.2978841773e-05, 2.21490845433e-05, 1.62730957527e-05, 7.91103320807e-06, 3.20815729538e-06, 3.48785829374e-06, 6.19643196842e-06, 1.17178251458e-06, 3.03405522573e-06, 1.66538472968e-06, 1.89232696357e-06, 1.39207668326e-06, 1.28484316519e-06, 1.36785592986e-06, 8.94016466191e-07, 1.007183414e-06, 1.69806776285e-06, 6.54654570553e-07, 9.18380692383e-07, 7.57635120863e-07, 7.80894822583e-07, 7.08997447418e-07, 7.31826162337e-07, 5.26310998339e-07, 3.0036011367e-07, 2.70142038516e-07, 3.38976178682e-07, 3.01092995869e-07, 3.15688424735e-07, 2.03404098897e-07, 1.3581657754e-07, 1.66513174804e-07, 5.46021752257e-08, 4.4162817403e-08, 3.62051117975e-08, 2.78220237959e-08, 2.24583462938e-08, 8.10101141724e-09, 6.3637632941e-09, 2.6279507459e-09, 2.62230326342e-09, 2.52100140763e-09, 2.44622633261e-09, 2.35655828185e-09, 2.26091101396e-09, 2.17824847049e-09, 2.10026640524e-09, 2.02816363704e-09, 1.95928429036e-09, 1.89243487547e-09, 1.83455817204e-09, 1.77394354761e-09, 1.72344483129e-09, 1.67776437188e-09, 1.64083724385e-09, 1.60114577152e-09, 1.56935886508e-09, 1.53298951311e-09, 1.51349388577e-09, 1.4922248992e-09, 1.47608381074e-09, 1.45536183105e-09, 1.45178702393e-09],
        "mean": [3.04099717141e-06, 1.65623969224e-05, 5.5611384596e-05, 0.000111037297756, 0.00012145537039, 0.000100668905361, 0.000182165327715, 0.000327677495079, 0.000502413604409, 0.000790202175267, 0.00141555164009, 0.00131718826015, 0.00054600398289, 0.000350473535946, 0.000335460499628, 0.000466292200144, 0.000974276917987, 0.00116625719238, 0.0006202069344, 0.00067584606586, 0.000366914784536, 0.000399622425903, 0.00033163477201, 0.000404369086027, 0.000197066721739, 6.53998795315e-05, 0.000136032875162, 5.53222307644e-05, 8.4794643044e-05, 8.67764319992e-05, 4.19850548496e-05, 2.31515787164e-05, 3.93346672354e-05, 1.70888397406e-05, 1.7350726921e-05, 1.70764997165e-05, 1.02074445749e-05, 1.23374993564e-05, 1.05848248495e-05, 7.82300594437e-06, 2.7896589927e-06, 1.15912589536e-05, 6.99099427948e-06, 3.21945799442e-06, 1.43033885251e-05, 1.2963514564e-05, 2.80912536255e-06, 2.43217368734e-06, 2.78310676549e-06, 3.67357347386e-06, 2.64918321591e-06, 2.10812459045e-06, 3.89895785702e-06, 4.28334396929e-06, 2.31075296142e-06, 4.39117002315e-06, 4.18480476583e-06, 2.24196946874e-06, 2.37151971305e-06, 1.603670853e-06, 1.69439272213e-06, 1.77519439148e-06, 1.60131617122e-06, 1.37216693474e-06, 1.31365493417e-06, 8.77750210293e-07, 5.81675067224e-07, 2.80486858628e-07, 1.76838995003e-07, 1.12625080817e-07, 1.15495332409e-07, 8.25718515785e-08, 5.38540128048e-08, 7.27380253807e-08, 4.18713170802e-08, 3.20535420428e-08, 3.73236339613e-08, 3.49761108964e-08, 2.69093689553e-08, 2.71354707593e-08, 2.03339869387e-08, 1.56021755515e-08, 1.63427511524e-08, 1.6129968472e-08, 1.50240779817e-08, 1.37958240387e-08, 1.30545156907e-08, 1.08849222968e-08, 8.91333229447e-09, 7.7244068919e-09, 6.30061958162e-09, 5.83507997476e-09, 4.92893637016e-09, 4.29031654647e-09, 3.55859564038e-09, 3.00705371714e-09, 2.79121636915e-09, 2.18384510475e-09, 1.99273908486e-09, 2.01928473942e-09, 1.64940339165e-09, 1.51663570591e-09, 1.52772028361e-09, 1.21259602359e-09, 1.76907280491e-10, 5.49476826886e-12, 5.2314420157e-12, 5.03433059129e-12, 4.83969852041e-12, 4.64886852972e-12, 4.47346023072e-12, 4.30996861464e-12, 4.16423666383e-12, 4.0227010091e-12, 3.8919054611e-12, 3.77528433862e-12, 3.65842816111e-12, 3.54856660549e-12, 3.45398926474e-12, 3.37545399617e-12, 3.29913396949e-12, 3.23434183082e-12, 3.16891586756e-12, 3.11481005918e-12, 3.0741856543e-12, 3.04333121204e-12, 3.01632503696e-12, 2.99989460356e-12],
        "min": [4.06353423132e-10, 2.26147580662e-08, 1.58532373007e-07, 1.25932928086e-07, 1.16296369868e-07, 6.06805770076e-08, 2.0524618094e-07, 1.4665849335e-07, 8.04755472927e-07, 3.22318101098e-07, 6.24162396434e-07, 5.18700971952e-07, 3.20096319228e-07, 2.43799888722e-07, 5.10533823217e-07, 6.47183640012e-08, 6.32985234006e-07, 3.67045799976e-07, 2.15786442936e-07, 1.51951212501e-07, 3.8481135789e-07, 1.6633404698e-07, 9.03674717279e-08, 7.58418963187e-08, 4.68933691877e-08, 7.29226741214e-08, 1.21505241424e-08, 2.55033487662e-08, 1.74587029278e-08, 1.33825865944e-08, 7.84456943848e-09, 9.45615141745e-09, 7.65359242649e-09, 7.37072092249e-09, 6.04383609826e-09, 3.62738328263e-09, 5.67253977124e-09, 3.71628883222e-09, 3.88403309515e-09, 3.29995497594e-09, 2.72997979778e-09, 2.24255902737e-09, 1.34430855336e-09, 3.19281800998e-09, 3.48992967858e-09, 1.8702071003e-09, 1.83261961162e-09, 1.07788400427e-09, 2.68466182618e-09, 1.12705778044e-09, 1.74574465994e-09, 1.7614067982e-09, 1.89527238348e-09, 2.55571763752e-09, 1.19676024646e-09, 2.31901298164e-09, 1.22776722122e-09, 3.20360094008e-09, 2.49276221886e-09, 1.1890703977e-09, 1.1477189199e-09, 1.69114766635e-09, 1.24976184956e-09, 9.22230292133e-10, 4.97754726325e-10, 5.95623605992e-10, 3.79178966003e-10, 4.66701621793e-10, 5.59105928222e-10, 5.20443077523e-10, 5.00050112429e-10, 5.47613010493e-10, 3.1759067598e-10, 3.75597275504e-10, 2.8515956263e-10, 9.02713181983e-11, 7.62137436494e-11, 8.37194757963e-11, 1.09228619205e-10, 1.02213085218e-10, 1.23595161883e-10, 1.32827318589e-10, 1.5414956811e-10, 2.25336346804e-10, 3.44776762695e-10, 1.18742557453e-10, 5.94817181621e-11, 4.71878161545e-11, 2.28200625063e-10, 2.57781268553e-10, 7.77665848384e-11, 8.61527932328e-11, 6.18687184817e-11, 6.33134308869e-11, 1.218356388e-10, 4.99380189978e-11, 3.52626816635e-11, 6.00370725357e-11, 1.0819185825e-10, 4.3036626346e-11, 8.10273653729e-11, 8.73064329165e-11, 1.50021217671e-10, 5.64367788614e-11, 9.90123000949e-12, 5.56651316567e-14, 5.75353160297e-14, 3.45950244634e-14, 5.63943999192e-14, 4.68426431541e-14, 5.26235413752e-14, 5.49893687714e-14, 5.95904957866e-14, 5.98946144959e-14, 6.04934058033e-14, 5.82513976833e-14, 5.64906499671e-14, 5.55820885465e-14, 6.01793463152e-14, 6.69189028735e-14, 6.49539490661e-14, 5.64047235568e-14, 5.10433946358e-14, 5.89845961787e-14, 6.03933000614e-14, 6.75346077347e-14, 5.91200807927e-14, 6.74765080508e-14],
        "stdev": [3.35720301337e-06, 4.02352525271e-05, 0.000110782479169, 0.000186349949217, 0.000240560111706, 0.000195719549083, 0.000282315537333, 0.000544623297174, 0.000987360952422, 0.00164914794732, 0.00394246634096, 0.00413812603801, 0.00196670484729, 0.00102451164275, 0.000749376544263, 0.00149938918184, 0.00290870526806, 0.00306420587003, 0.0016337443376, 0.00250012800097, 0.000980643671937, 0.0014327946119, 0.00104165135417, 0.00167596840765, 0.000673028174788, 0.000373256159946, 0.000353782583261, 0.000130766871735, 0.000161370946444, 0.000242560156039, 0.000166088604601, 8.49603966344e-05, 0.000195616972633, 6.6709035309e-05, 4.64089825982e-05, 4.88050718559e-05, 3.35826698574e-05, 5.20711764693e-05, 3.21279876516e-05, 2.86853664875e-05, 1.60747877089e-05, 5.15453684784e-05, 2.64700538537e-05, 1.76038065547e-05, 5.72719254706e-05, 5.2477553254e-05, 1.0047867363e-05, 8.14625036583e-06, 9.38336961553e-06, 9.62408375926e-06, 5.58187139177e-06, 5.51563562112e-06, 8.75869682204e-06, 1.23638656078e-05, 7.0816358857e-06, 1.30608086693e-05, 1.43356319313e-05, 5.37714231541e-06, 5.44621116205e-06, 3.1765246149e-06, 3.49706238012e-06, 3.583448688e-06, 3.60417629963e-06, 3.32253171109e-06, 2.80711560663e-06, 2.06609297493e-06, 1.40937970627e-06, 8.42395422751e-07, 3.97714842393e-07, 2.22985789833e-07, 2.40339517177e-07, 1.84695394978e-07, 9.44875750974e-08, 1.66961825698e-07, 1.00012314874e-07, 9.0466400593e-08, 9.00564245399e-08, 8.33112565601e-08, 7.44879571357e-08, 6.74536693168e-08, 5.46343166263e-08, 5.66511815236e-08, 4.21337205125e-08, 4.80425050853e-08, 3.63107197643e-08, 3.67043426763e-08, 3.49673463518e-08, 3.16211021811e-08, 2.92205282193e-08, 2.25561489486e-08, 1.7665705343e-08, 1.75267143021e-08, 1.44408716096e-08, 1.25626122838e-08, 9.9731254366e-09, 7.64503393924e-09, 6.55619958323e-09, 3.38434702485e-09, 2.33785746317e-09, 2.21477991502e-09, 1.47689416252e-09, 1.00587760343e-09, 7.45669193059e-10, 5.85749171389e-10, 1.4344628263e-10, 5.77829659121e-11, 5.55449644613e-11, 5.38824020124e-11, 5.19025586398e-11, 4.97968506707e-11, 4.79736597669e-11, 4.62538965462e-11, 4.46637726803e-11, 4.31457682082e-11, 4.16738830944e-11, 4.03977441776e-11, 3.90647687809e-11, 3.79519783655e-11, 3.69451587379e-11, 3.61291066509e-11, 3.52552362304e-11, 3.45535405843e-11, 3.37554359464e-11, 3.3323319798e-11, 3.28548230288e-11, 3.24986634825e-11, 3.20458728997e-11, 3.19651353997e-11]
    },
    "mfcc": {
        "mean": [-778.111694336, 212.674453735, -12.6739702225, 15.5662879944, -7.10157442093, -26.9078350067, -15.9000806808, -1.38211715221, -10.0612745285, -4.88128995895, -0.713124036789, -4.52100038528, -3.66444015503],
        "cov": [[2633.82592773, -11.4453735352, -985.628540039, 96.9339294434, -189.395950317, -75.0224838257, -82.7823867798, 102.619781494, -125.709434509, 35.6243133545, 95.628616333, 51.0040626526, -11.8558273315], [-11.4453735352, 433.746124268, 23.1797199249, -64.958114624, 53.7555885315, -100.511322021, 40.7882766724, 45.8466491699, -4.43519449234, -39.5903778076, 36.891960144, -4.95864009857, -23.6366615295], [-985.628540039, 23.1797199249, 612.075561523, -0.974841892719, 32.1219139099, 52.4256019592, 21.0819225311, 2.50272035599, 44.0057411194, -34.7571983337, -41.5884132385, -22.2643108368, -0.470869213343], [96.9339294434, -64.958114624, -0.974841892719, 210.707382202, 110.632049561, 7.80842161179, -59.7196655273, -25.8689537048, -37.645942688, -21.2509841919, -8.95017242432, -34.0707321167, 6.019551754], [-189.395950317, 53.7555885315, 32.1219139099, 110.632049561, 235.84262085, 24.2475395203, -73.3931808472, -51.4209213257, -6.3981924057, -11.1641702652, -10.6251535416, -27.135061264, -8.98272132874], [-75.0224838257, -100.511322021, 52.4256019592, 7.80842161179, 24.2475395203, 149.25189209, 37.5335159302, -18.1462364197, 52.5537567139, 23.6163597107, -34.1158599854, 16.3702392578, 20.1686210632], [-82.7823867798, 40.7882766724, 21.0819225311, -59.7196655273, -73.3931808472, 37.5335159302, 176.731491089, 69.4483642578, 39.2993927002, 9.82077312469, -9.2860994339, 30.3916702271, 18.1316623688], [102.619781494, 45.8466491699, 2.50272035599, -25.8689537048, -51.4209213257, -18.1462364197, 69.4483642578, 119.330078125, 26.2190055847, -11.2157058716, 9.78256416321, 8.54471969604, -2.05070471764], [-125.709434509, -4.43519449234, 44.0057411194, -37.645942688, -6.3981924057, 52.5537567139, 39.2993927002, 26.2190055847, 124.199226379, 44.6246185303, -16.6453819275, 27.3603820801, 9.27555179596], [35.6243133545, -39.5903778076, -34.7571983337, -21.2509841919, -11.1641702652, 23.6163597107, 9.82077312469, -11.2157058716, 44.6246185303, 117.453765869, 44.5531730652, 21.1169433594, 16.6470394135], [95.628616333, 36.891960144, -41.5884132385, -8.95017242432, -10.6251535416, -34.1158599854, -9.2860994339, 9.78256416321, -16.6453819275, 44.5531730652, 104.429382324, 38.9295082092, -8.85673141479], [51.0040626526, -4.95864009857, -22.2643108368, -34.0707321167, -27.135061264, 16.3702392578, 30.3916702271, 8.54471969604, 27.3603820801, 21.1169433594, 38.9295082092, 91.0006027222, 23.5246601105], [-11.8558273315, -23.6366615295, -0.470869213343, 6.019551754, -8.98272132874, 20.1686210632, 18.1316623688, -2.05070471764, 9.27555179596, 16.6470394135, -8.85673141479, 23.5246601105, 74.1142425537]],
        "icov": [[0.0028943864163, -0.00269027822651, 0.00437939958647, -0.00382382795215, 0.00483487872407, -0.00439200690016, 0.00484328297898, -0.00483336811885, 0.00370304984972, -0.00288894330151, 0.00284910108894, -0.00322855031118, 0.00195667264052], [-0.00269027822651, 0.00704806717113, -0.00415684934705, 0.0059261568822, -0.00762041425332, 0.00759615469724, -0.0069862366654, 0.00462384568527, -0.00511034531519, 0.00539828417823, -0.00561300385743, 0.00470624817535, -0.002581481589], [0.00437939958647, -0.00415684934705, 0.00846655480564, -0.00566464196891, 0.00719643523917, -0.00725155323744, 0.00714331772178, -0.00702067371458, 0.00455997884274, -0.00321162608452, 0.00378977530636, -0.00393753312528, 0.00264583877288], [-0.00382382795215, 0.0059261568822, -0.00566464196891, 0.0135909765959, -0.0109709426761, 0.00639812462032, -0.00636199349537, 0.00536437844858, -0.00403158599511, 0.00590071873739, -0.00599833298475, 0.0070713008754, -0.00500962883234], [0.00483487872407, -0.00762041425332, 0.00719643523917, -0.0109709426761, 0.0168677438051, -0.0107360351831, 0.0111099341884, -0.00636012107134, 0.00568571547046, -0.00561581877992, 0.00575156789273, -0.00562145840377, 0.00437332456931], [-0.00439200690016, 0.00759615469724, -0.00725155323744, 0.00639812462032, -0.0107360351831, 0.0199600178748, -0.0120006222278, 0.0101447096094, -0.009406901896, 0.0042440504767, -0.00255723600276, 0.00362691073678, -0.00359483691864], [0.00484328297898, -0.0069862366654, 0.00714331772178, -0.00636199349537, 0.0111099341884, -0.0120006222278, 0.0193578824401, -0.0138520114124, 0.00815970171243, -0.00755858840421, 0.00852877739817, -0.00854846648872, 0.00301110069267], [-0.00483336811885, 0.00462384568527, -0.00702067371458, 0.00536437844858, -0.00636012107134, 0.0101447096094, -0.0138520114124, 0.0226972941309, -0.0122209563851, 0.0100564239547, -0.0100527359173, 0.00869652442634, -0.00398451834917], [0.00370304984972, -0.00511034531519, 0.00455997884274, -0.00403158599511, 0.00568571547046, -0.009406901896, 0.00815970171243, -0.0122209563851, 0.0219614375383, -0.0138571429998, 0.0135093536228, -0.0116304447874, 0.00590359605849], [-0.00288894330151, 0.00539828417823, -0.00321162608452, 0.00590071873739, -0.00561581877992, 0.0042440504767, -0.00755858840421, 0.0100564239547, -0.0138571429998, 0.0225380491465, -0.0173687487841, 0.0108617125079, -0.00779961235821], [0.00284910108894, -0.00561300385743, 0.00378977530636, -0.00599833298475, 0.00575156789273, -0.00255723600276, 0.00852877739817, -0.0100527359173, 0.0135093536228, -0.0173687487841, 0.0282719153911, -0.0174927283078, 0.00934666302055], [-0.00322855031118, 0.00470624817535, -0.00393753312528, 0.0070713008754, -0.00562145840377, 0.00362691073678, -0.00854846648872, 0.00869652442634, -0.0116304447874, 0.0108617125079, -0.0174927283078, 0.0255266055465, -0.010128159076], [0.00195667264052, -0.002581481589, 0.00264583877288, -0.00500962883234, 0.00437332456931, -0.00359483691864, 0.00301110069267, -0.00398451834917, 0.00590359605849, -0.00779961235821, 0.00934666302055, -0.010128159076, 0.0194122679532]]
    },
    "spectral_contrast_coeffs": {
        "max": [-0.313736319542, -0.388973802328, -0.537089526653, -0.652910888195, -0.60967195034, -0.665053009987],
        "mean": [-0.632713079453, -0.706595540047, -0.736536979675, -0.79279011488, -0.779565215111, -0.819907546043],
        "min": [-0.957146942616, -0.907022595406, -0.90280008316, -0.922408938408, -0.91078799963, -0.9593308568],
        "stdev": [0.101447239518, 0.0846679806709, 0.0623397603631, 0.0422572568059, 0.0534609444439, 0.0334262624383]
    },
    "spectral_contrast_valleys": {
        "max": [-6.15882492065, -5.03905057907, -5.90349292755, -7.02674627304, -7.73742961884, -10.7908248901],
        "mean": [-7.5833530426, -6.6469168663, -8.16319656372, -8.85898685455, -9.33054637909, -12.4522266388],
        "min": [-9.5718793869, -8.83292484283, -10.4266710281, -11.0953435898, -10.9698171616, -12.9288101196],
        "stdev": [0.560266435146, 0.566168367863, 0.668452560902, 0.648007035255, 0.61536604166, 0.268358469009]
    }
},
"rhythm": {
    "beats_count": 112,
    "beats_loudness": {
        "max": 0.097551189363,
        "mean": 0.0202747322619,
        "min": 0.00127207953483,
        "stdev": 0.019757470116
    },
    "bpm": 165.145782471,
    "bpm_histogram_first_peak_bpm": 167,
    "bpm_histogram_first_peak_weight": 0,
    "bpm_histogram_second_peak_bpm": 172,
    "bpm_histogram_second_peak_spread": 0,
    "bpm_histogram_second_peak_weight": 0.117117114365,
    "danceability": 0.943462908268,
    "onset_rate": 1.9892578125,
    "beats_loudness_band_ratio": {
        "max": [0.765736997128, 0.965146899223, 0.876484870911, 0.304920554161, 0.137420743704, 0.0268109440804],
        "mean": [0.157735228539, 0.375026464462, 0.456757158041, 0.0600837059319, 0.0137039646506, 0.00212425063364],
        "min": [0.00156813324429, 0.0235507655889, 0.0142210396007, 0.000420163210947, 0.000198113135411, 6.63799437461e-05],
        "stdev": [0.146599307656, 0.237122952938, 0.239735156298, 0.0640713572502, 0.0179956313223, 0.00358651624992]
    },
