{
"metadata": {
    "version": {
        "essentia": "2.1-beta5",
        "essentia_git_sha": "Undefined",
        "extractor": "music 2.0"
    },
    "audio_properties": {
        "analysis": {
            "equal_loudness": 0,
            "length": 12.7477550507,
            "sample_rate": 44100,
            "start_time": 0,
            "downmix": "mix"
        },
        "bit_rate": 192000,
        "length": 190.125,
        "lossless": 0,
        "number_channels": 2,
        "replay_gain": -5.43846130371,
        "sample_rate": 48000,
        "codec": "mp3",
        "md5_encoded": "aca92746487f0c98f733152d753340b4"
    },
    "tags": {
        "file_name": "Spain_Caracola_Tim, Nelly and Tony.mp3",
        "encoding": ["Lavf58.29.100"]
    }
},
"lowlevel": {
    "average_loudness": 0.920133292675,
    "barkbands_crest": {
        "max": 23.7313213348,
        "mean": 9.08507537842,
        "min": 2.61538624763,
        "stdev": 4.41898679733
    },
    "barkbands_flatness_db": {
        "max": 0.346144944429,
        "mean": 0.202487498522,
        "min": 0.136954322457,
        "stdev": 0.0386632755399
    },
    "barkbands_kurtosis": {
        "max": 32.4773254395,
        "mean": 1.7010076046,
        "min": -1.28596913815,
        "stdev": 3.25077700615
    },
    "barkbands_skewness": {
        "max": 3.40261316299,
        "mean": 0.763379752636,
        "min": -0.893373847008,
        "stdev": 0.680060684681
    },
    "barkbands_spread": {
        "max": 25.8865528107,
        "mean": 10.6434879303,
        "min": 1.84184622765,
        "stdev": 3.97489762306
    },
    "dissonance": {
        "max": 0.499977558851,
        "mean": 0.460821002722,
        "min": 0.23738078773,
        "stdev": 0.0398591272533
    },
    "dynamic_complexity": 2.48120164871,
    "erbbands_crest": {
        "max": 27.7718276978,
        "mean": 9.41742706299,
        "min": 3.31386899948,
        "stdev": 4.84383249283
    },
    "erbbands_flatness_db": {
        "max": 0.337729394436,
        "mean": 0.269922822714,
        "min": 0.200506955385,
        "stdev": 0.0244744308293
    },
    "erbbands_kurtosis": {
        "max": 15.3898658752,
        "mean": 0.766448140144,
        "min": -1.36447668076,
        "stdev": 2.04945206642
    },
    "erbbands_skewness": {
        "max": 3.43252158165,
        "mean": 0.466283291578,
        "min": -1.03310263157,
        "stdev": 0.572181105614
    },
    "erbbands_spread": {
        "max": 40.459022522,
        "mean": 17.6502571106,
        "min": 5.52872562408,
        "stdev": 6.97657394409
    },
    "hfc": {
        "max": 101.613853455,
        "mean": 18.9401874542,
        "min": 0.0596108287573,
        "stdev": 13.643163681
    },
    "loudness_ebu128": {
        "integrated": -19.1655769348,
        "loudness_range": 3.71083831787,
        "momentary": {
            "max": -14.8212480545,
            "mean": -19.9519386292,
            "min": -29.3445301056,
            "stdev": 2.80799722672
        },
        "short_term": {
            "max": -17.1440372467,
            "mean": -18.9778079987,
            "min": -22.1304225922,
            "stdev": 1.37929701805
        }
    },
    "melbands_crest": {
        "max": 24.6612758636,
        "mean": 10.3828611374,
        "min": 3.44239711761,
        "stdev": 4.68782043457
    },
    "melbands_flatness_db": {
        "max": 0.399547696114,
        "mean": 0.211650505662,
        "min": 0.137491255999,
        "stdev": 0.0570167340338
    },
    "melbands_kurtosis": {
        "max": 31.3683776855,
        "mean": 2.84417438507,
        "min": -1.09180676937,
        "stdev": 3.77798819542
    },
    "melbands_skewness": {
        "max": 4.28161621094,
        "mean": 1.03955638409,
        "min": -0.813482224941,
        "stdev": 0.75880074501
    },
    "melbands_spread": {
        "max": 34.4923973083,
        "mean": 17.4845981598,
        "min": 2.44377613068,
        "stdev": 6.86228132248
    },
    "pitch_salience": {
        "max": 0.86942666769,
        "mean": 0.637584447861,
        "min": 0.255098640919,
        "stdev": 0.134787648916
    },
    "silence_rate_20dB": {
        "max": 1,
        "mean": 1,
        "min": 1,
        "stdev": 0
    },
    "silence_rate_30dB": {
        "max": 1,
        "mean": 0.998181819916,
        "min": 0,
        "stdev": 0.0426011532545
    },
    "silence_rate_60dB": {
        "max": 1,
        "mean": 0.0290909092873,
        "min": 0,
        "stdev": 0.168061211705
    },
    "spectral_centroid": {
        "max": 1950.10351562,
        "mean": 1173.46984863,
        "min": 368.729827881,
        "stdev": 395.546813965
    },
    "spectral_complexity": {
        "max": 46,
        "mean": 23.4018173218,
        "min": 0,
        "stdev": 9.23178482056
    },
    "spectral_decrease": {
        "max": -1.04391538816e-11,
        "mean": -5.17314635573e-09,
        "min": -2.61446064798e-08,
        "stdev": 3.77102171711e-09
    },
    "spectral_energy": {
        "max": 0.107892483473,
        "mean": 0.0212425813079,
        "min": 4.48066057288e-05,
        "stdev": 0.0153784668073
    },
    "spectral_energyband_high": {
        "max": 0.0022866318468,
        "mean": 0.000142662596772,
        "min": 5.97655798629e-07,
        "stdev": 0.000224080664339
    },
    "spectral_energyband_low": {
        "max": 0.00666565448046,
        "mean": 0.00043189045391,
        "min": 4.30107121474e-07,
        "stdev": 0.000955265073571
    },
    "spectral_energyband_middle_high": {
        "max": 0.0726568102837,
        "mean": 0.0100311385468,
        "min": 1.4474985619e-05,
        "stdev": 0.00895181857049
    },
    "spectral_energyband_middle_low": {
        "max": 0.0678756460547,
        "mean": 0.0112699959427,
        "min": 1.8288154024e-05,
        "stdev": 0.00945288036019
    },
    "spectral_entropy": {
        "max": 7.76347017288,
        "mean": 7.22769927979,
        "min": 5.59250164032,
        "stdev": 0.467554777861
    },
    "spectral_flux": {
        "max": 0.214744508266,
        "mean": 0.0720771923661,
        "min": 0.00669377343729,
        "stdev": 0.0293287076056
    },
    "spectral_kurtosis": {
        "max": 40.0446205139,
        "mean": 9.13692188263,
        "min": 0.651787757874,
        "stdev": 6.09171533585
    },
    "spectral_rms": {
        "max": 0.0102596767247,
        "mean": 0.00429467624053,
        "min": 0.000209078367334,
        "stdev": 0.00151003641076
    },
    "spectral_rolloff": {
        "max": 2368.65234375,
        "mean": 1369.70629883,
        "min": 344.53125,
        "stdev": 495.000335693
    },
    "spectral_skewness": {
        "max": 4.9989066124,
        "mean": 1.90520644188,
        "min": 0.810327410698,
        "stdev": 0.729959011078
    },
    "spectral_spread": {
        "max": 10926769,
        "mean": 2280262,
        "min": 1666006.625,
        "stdev": 505069.75
    },
    "spectral_strongpeak": {
        "max": 8.1596326828,
        "mean": 1.61175334454,
        "min": 0.00822220370173,
        "stdev": 1.48012089729
    },
    "zerocrossingrate": {
        "max": 0.1455078125,
        "mean": 0.0501873232424,
        "min": 0.01513671875,
        "stdev": 0.0155218355358
    },
    "barkbands": {
        "max": [5.2801129641e-05, 0.00299175851978, 0.000791499624029, 0.0182320773602, 0.0306546390057, 0.0243345089257, 0.0163242202252, 0.0186321362853, 0.0246112700552, 0.0257339160889, 0.0583877377212, 0.0125364493579, 0.0222663190216, 0.00917414389551, 0.00732365157455, 0.00459138862789, 0.00318975234404, 0.00181236921344, 0.000919938494917, 0.00167356419843, 0.000842428067699, 0.000320449355058, 0.000214930754737, 0.000137115857797, 3.97492694901e-05, 2.43723036419e-07, 2.41699098069e-07],
        "mean": [7.0867681643e-06, 0.000184691030881, 5.77886203246e-05, 0.000595582125243, 0.00150709936861, 0.00314757181332, 0.00147457106505, 0.00156595220324, 0.00231224065647, 0.0017540177796, 0.00344720832072, 0.00111114117317, 0.00121983152349, 0.000678198004607, 0.000604448607191, 0.000629118236247, 0.000353533483576, 0.0002520782582, 0.000150969193783, 0.000112661691674, 4.28397543146e-05, 1.71272531588e-05, 9.83402060228e-06, 6.16303350398e-06, 8.25225356493e-07, 1.137280492e-09, 1.18054166443e-09],
        "min": [3.98128641166e-09, 1.24832610027e-07, 1.73161964767e-07, 2.08727101381e-07, 2.60531635377e-07, 4.2894703256e-07, 9.59149360824e-07, 1.45359751968e-06, 4.67955760541e-06, 5.91176274156e-07, 2.59858711615e-06, 2.61540492374e-07, 2.57941974269e-06, 3.62272231769e-07, 3.99119159056e-07, 7.08609775302e-07, 1.47789535276e-07, 1.81547235911e-07, 1.71067313204e-07, 1.42605600217e-07, 1.30434543166e-07, 2.42114932547e-08, 2.04760155498e-08, 8.84796502731e-09, 2.72668243539e-09, 2.3553308609e-11, 3.23037499528e-11],
        "stdev": [7.03018577042e-06, 0.000386712927138, 0.000101613120933, 0.00217388919555, 0.00289211445488, 0.00325450627133, 0.00189803214744, 0.00250067119487, 0.00275462958962, 0.00254841148853, 0.006649275776, 0.00153347058222, 0.00198278483003, 0.000809129793197, 0.000650146394037, 0.000608685892075, 0.000353275652742, 0.000218145301915, 0.000127543797134, 0.000175653549377, 8.36178223835e-05, 2.90343250526e-05, 1.97547233256e-05, 1.19415590234e-05, 2.20016636376e-06, 1.04069615148e-08, 1.03263788631e-08]
    },
    "erbbands": {
        "max": [0.0432045422494, 0.791428923607, 1.23691236973, 23.211643219, 108.792907715, 119.42162323, 195.353607178, 264.883666992, 251.616073608, 411.577728271, 523.662780762, 499.362945557, 903.663024902, 1384.31164551, 1226.9107666, 466.305450439, 773.514709473, 303.280487061, 274.84979248, 408.209014893, 119.529815674, 158.952545166, 145.534423828, 53.2119216919, 43.0000267029, 70.864151001, 70.0955505371, 16.4336853027, 12.3233671188, 7.57255029678, 4.18956422806, 4.67036628723, 1.73465871811, 0.531906843185, 0.0252222474664, 0.00103746575769, 0.000447947648354, 0.000154765570187, 6.03508997301e-05, 0.000129098407342],
        "mean": [0.00337010878138, 0.0464485958219, 0.0983083620667, 0.945666491985, 3.20549201965, 5.09937810898, 15.9064130783, 26.9907741547, 19.4144897461, 29.8586940765, 39.0525016785, 49.3911933899, 58.9000701904, 87.2344589233, 104.901092529, 50.965171814, 52.217540741, 36.9842224121, 31.6762046814, 41.9059906006, 25.7409362793, 19.7350006104, 14.7422151566, 9.9284324646, 6.37374401093, 5.61686944962, 2.79689860344, 1.19339489937, 0.663296401501, 0.366298884153, 0.303239613771, 0.185288965702, 0.041128128767, 0.0148196825758, 0.0020007090643, 7.47181038605e-05, 1.48514745888e-05, 4.44601437266e-06, 1.18048965305e-05, 2.5306326279e-05],
        "min": [3.56317036676e-06, 3.00107585645e-05, 0.000163136559422, 0.000507151824422, 0.000869122100994, 0.000831396027934, 0.000835613289382, 0.00549819041044, 0.0392320677638, 0.0470968522131, 0.0710553228855, 0.195071160793, 0.150866106153, 0.0869642868638, 0.125069081783, 0.0213602054864, 0.122067950666, 0.0255927033722, 0.0242747422308, 0.0487358309329, 0.0222951583564, 0.00918754749, 0.00865984614938, 0.00816744193435, 0.00688808271661, 0.00650538224727, 0.00631769746542, 0.00477852998301, 0.00114862201735, 0.000235650426475, 0.000705638842192, 0.000213941471884, 0.000173654625542, 5.38704480277e-05, 4.89788499181e-06, 2.84151809637e-07, 8.82474253672e-08, 3.52757787425e-08, 3.30344498423e-08, 5.71155034379e-08],
        "stdev": [0.00490129133686, 0.104720778763, 0.18364572525, 3.05814790726, 9.56286907196, 10.1770858765, 19.4225769043, 30.3869762421, 25.065120697, 47.5608024597, 53.6291122437, 53.0963020325, 87.7826843262, 144.523651123, 179.23576355, 63.2668533325, 71.2483978271, 37.7602272034, 30.0415077209, 41.7830696106, 19.0876712799, 18.2470417023, 13.5252313614, 8.04158973694, 5.74314594269, 8.30854606628, 5.78368616104, 2.00301980972, 1.06754624844, 0.683082580566, 0.515469610691, 0.359162092209, 0.122742839158, 0.0325037650764, 0.0019942196086, 7.84995427239e-05, 2.13504499698e-05, 7.13221152182e-06, 8.45557769935e-06, 1.81697760127e-05]
    },
    "gfcc": {
        "mean": [-60.0791282654, 147.450942993, -196.96395874, 8.63862323761, -73.299079895, -5.50923442841, -30.9552593231, -8.1374578476, -5.94823122025, -18.6255073547, 8.46790122986, -13.3656663895, 12.5445346832],
        "cov": [[2710.02172852, -248.807769775, -998.447387695, 123.051574707, 12.1934566498, -81.3368453979, 185.010742188, -135.827697754, 37.0395736694, -74.5662307739, -20.7363681793, -32.7032737732, -135.140991211], [-248.807769775, 400.383331299, 489.639465332, 99.1809005737, 52.7334480286, -125.747039795, -67.8455276489, -83.9812088013, -96.8406677246, -22.1524925232, -50.2637481689, 8.60043716431, 60.6428794861], [-998.447387695, 489.639465332, 1066.04516602, 91.9371948242, -82.3852005005, -66.4505310059, -143.063522339, -27.6352672577, -108.270988464, -44.7059745789, -45.5966339111, 18.4061317444, 125.328338623], [123.051574707, 99.1809005737, 91.9371948242, 237.272644043, 83.0481338501, -43.3009223938, 25.3361530304, -47.9673652649, -53.041267395, -17.9480514526, -63.4191856384, -17.7361335754, -1.87900280952], [12.1934566498, 52.7334480286, -82.3852005005, 83.0481338501, 177.175064087, -1.16764128208, 23.7104091644, -25.0040512085, -35.0569343567, 14.8368272781, -27.7655487061, -2.98259758949, -23.5091876984], [-81.3368453979, -125.747039795, -66.4505310059, -43.3009223938, -1.16764128208, 144.352279663, 52.2351455688, 59.8175811768, 56.8628540039, 10.7102308273, 26.8276557922, -3.31353664398, -28.6216068268], [185.010742188, -67.8455276489, -143.063522339, 25.3361530304, 23.7104091644, 52.2351455688, 101.623573303, 25.902765274, 27.8692626953, 3.69570183754, -7.87466096878, -2.75163030624, -26.2037639618], [-135.827697754, -83.9812088013, -27.6352672577, -47.9673652649, -25.0040512085, 59.8175811768, 25.902765274, 85.056427002, 55.2525215149, 24.2969875336, 26.5284175873, -0.16386666894, -1.77806389332], [37.0395736694, -96.8406677246, -108.270988464, -53.041267395, -35.0569343567, 56.8628540039, 27.8692626953, 55.2525215149, 90.8168945312, 37.0141029358, 28.4337081909, -2.50749063492, -22.3810520172], [-74.5662307739, -22.1524925232, -44.7059745789, -17.9480514526, 14.8368272781, 10.7102308273, 3.69570183754, 24.2969875336, 37.0141029358, 85.476348877, 30.5026798248, 0.916215240955, 3.66348552704], [-20.7363681793, -50.2637481689, -45.5966339111, -63.4191856384, -27.7655487061, 26.8276557922, -7.87466096878, 26.5284175873, 28.4337081909, 30.5026798248, 67.5018234253, 21.1323566437, 4.24035930634], [-32.7032737732, 8.60043716431, 18.4061317444, -17.7361335754, -2.98259758949, -3.31353664398, -2.75163030624, -0.16386666894, -2.50749063492, 0.916215240955, 21.1323566437, 47.4181747437, 26.181470871], [-135.140991211, 60.6428794861, 125.328338623, -1.87900280952, -23.5091876984, -28.6216068268, -26.2037639618, -1.77806389332, -22.3810520172, 3.66348552704, 4.24035930634, 26.181470871, 69.0421981812]],
        "icov": [[0.00118061318062, -0.00253425189294, 0.00249013397843, -0.00149177317508, 0.00250657717697, -0.000903010251932, -0.000239200890064, 0.000743214564864, -9.17782599572e-05, 0.00107994943392, -0.000604819215368, -0.000136373826535, 0.000385362858651], [-0.00253425189294, 0.0360893681645, -0.0233279634267, 0.0103967376053, -0.0269103944302, 0.0266240723431, -0.0175066906959, 0.0214855540544, -0.0172771532089, 0.00431787362322, -0.00984761957079, 0.0116180591285, -0.00787822529674], [0.00249013397843, -0.0233279634267, 0.0176925286651, -0.00856769178063, 0.0193463675678, -0.0178426764905, 0.0129351792857, -0.0133729036897, 0.0122940531, -0.0022501940839, 0.0071882433258, -0.00784025434405, 0.00340675842017], [-0.00149177317508, 0.0103967376053, -0.00856769178063, 0.0113864988089, -0.0111476872116, 0.00880572572351, -0.0082999644801, 0.00698898127303, -0.00415770942345, 0.000125288701383, 0.000672214955557, 0.00504898373038, -0.00261540920474], [0.00250657717697, -0.0269103944302, 0.0193463675678, -0.0111476872116, 0.0316987894475, -0.0224854834378, 0.0139519479126, -0.0165590271354, 0.0214261282235, -0.00973697844893, 0.0126752052456, -0.0146918864921, 0.0117172049358], [-0.000903010251932, 0.0266240723431, -0.0178426764905, 0.00880572572351, -0.0224854834378, 0.0349624119699, -0.02084142901, 0.0138424448669, -0.0196067336947, 0.0087995165959, -0.0144621562213, 0.0119119947776, -0.00369203579612], [-0.000239200890064, -0.0175066906959, 0.0129351792857, -0.0082999644801, 0.0139519479126, -0.02084142901, 0.0306642539799, -0.0191165860742, 0.0118476711214, -0.00582470186055, 0.0143495993689, -0.0133949285373, 0.00680679036304], [0.000743214564864, 0.0214855540544, -0.0133729036897, 0.00698898127303, -0.0165590271354, 0.0138424448669, -0.0191165860742, 0.0444906204939, -0.0266995839775, 0.00701648741961, -0.0141664966941, 0.0152883389965, -0.0129161048681], [-9.17782599572e-05, -0.0172771532089, 0.0122940531, -0.00415770942345, 0.0214261282235, -0.0196067336947, 0.0118476711214, -0.0266995839775, 0.0446622222662, -0.0175173077732, 0.0125445881858, -0.0141596645117, 0.0155489193276], [0.00107994943392, 0.00431787362322, -0.0022501940839, 0.000125288701383, -0.00973697844893, 0.0087995165959, -0.00582470186055, 0.00701648741961, -0.0175173077732, 0.0249232146889, -0.0156677253544, 0.0114928027615, -0.00968513730913], [-0.000604819215368, -0.00984761957079, 0.0071882433258, 0.000672214955557, 0.0126752052456, -0.0144621562213, 0.0143495993689, -0.0141664966941, 0.0125445881858, -0.0156677253544, 0.0390632078052, -0.0217902939767, 0.0085994116962], [-0.000136373826535, 0.0116180591285, -0.00784025434405, 0.00504898373038, -0.0146918864921, 0.0119119947776, -0.0133949285373, 0.0152883389965, -0.0141596645117, 0.0114928027615, -0.0217902939767, 0.043445199728, -0.0211932621896], [0.000385362858651, -0.00787822529674, 0.00340675842017, -0.00261540920474, 0.0117172049358, -0.00369203579612, 0.00680679036304, -0.0129161048681, 0.0155489193276, -0.00968513730913, 0.0085994116962, -0.0211932621896, 0.0336755700409]]
    },
    "melbands": {
        "max": [0.000652242219076, 0.000883919070475, 0.00705656781793, 0.0054647740908, 0.00766936363652, 0.00540331425145, 0.00331316306256, 0.0037851978559, 0.00555153051391, 0.00280531006865, 0.00461890269071, 0.00513666355982, 0.00603208923712, 0.00191784719937, 0.00294664478861, 0.000883285189047, 0.00069510017056, 0.000644231913611, 0.000594743469264, 0.000423772900831, 0.0001557211217, 0.000184047792573, 0.000128071711515, 9.6890158602e-05, 4.37085764133e-05, 5.59380241612e-05, 5.69633630221e-05, 5.5494820117e-05, 6.20063583483e-05, 1.27468947539e-05, 1.21781686175e-05, 1.0110362382e-05, 2.4212365588e-06, 6.63309219817e-06, 3.36820039593e-06, 1.11360554911e-06, 4.23232768298e-06, 1.75270588443e-06, 1.10301880341e-06, 2.74054258398e-07],
        "mean": [4.1526323912e-05, 6.18953199591e-05, 0.000244802969974, 0.000278777297353, 0.000514590530656, 0.000606662302744, 0.000293583521852, 0.000336959637934, 0.000342884799466, 0.000305286288494, 0.000290022406261, 0.000327554298565, 0.000444673292805, 0.000137539362186, 0.00013996216876, 9.66735897237e-05, 6.59857614664e-05, 5.14146813657e-05, 5.13408813276e-05, 5.21746260347e-05, 2.5997595003e-05, 2.14693955058e-05, 1.44826735777e-05, 1.2081353816e-05, 7.66398716223e-06, 5.60854414289e-06, 3.5836551433e-06, 3.86093370253e-06, 1.97802864932e-06, 8.81076175574e-07, 6.25312111424e-07, 4.01681290896e-07, 2.50843271488e-07, 1.94128233488e-07, 2.12872436123e-07, 1.24226701814e-07, 9.71561959773e-08, 2.81056458107e-08, 1.79121855126e-08, 9.90149384705e-09],
        "min": [3.55205429514e-08, 7.28247684378e-08, 9.83477761451e-08, 6.2537239387e-08, 2.82619083691e-08, 1.29213574951e-07, 6.58580688651e-07, 3.61946320027e-07, 6.85372640419e-07, 1.17114166187e-06, 1.68898878883e-07, 2.03455911674e-07, 3.32054327146e-07, 1.12848624667e-07, 5.26130037315e-08, 1.79072472406e-07, 2.16845545964e-08, 3.36590275651e-08, 6.62600854184e-08, 6.29284571119e-08, 8.11144662549e-09, 8.3438962406e-09, 9.34674915243e-09, 6.82296175114e-09, 5.65579938439e-09, 5.47125811323e-09, 3.90214216495e-09, 3.81179043885e-09, 3.30162652773e-09, 2.89300650103e-09, 2.35923502956e-09, 6.6862554382e-10, 8.8557411404e-11, 1.23335924807e-10, 4.18760109921e-10, 2.93940594087e-10, 9.28765189756e-11, 1.29675492566e-10, 1.11118204915e-10, 2.1762263866e-11],
        "stdev": [7.88732577348e-05, 0.000128706087708, 0.000810130441096, 0.000547383097, 0.000672509835567, 0.000650125264656, 0.000368532957509, 0.000540304346941, 0.000482269213535, 0.000334194890456, 0.000447041064035, 0.0005459584645, 0.000829584139865, 0.000202703042305, 0.00025273358915, 0.000118210729852, 7.29326420696e-05, 5.77183127461e-05, 5.2487859648e-05, 5.38555977982e-05, 2.18808654608e-05, 2.18581335503e-05, 1.27572247948e-05, 1.17207091535e-05, 6.44809006189e-06, 5.46454157302e-06, 5.02789089296e-06, 6.03192029303e-06, 4.64645836473e-06, 1.48756953422e-06, 1.14696479159e-06, 7.62572085478e-07, 3.4590354403e-07, 5.10475899773e-07, 4.18005413394e-07, 1.90405629041e-07, 2.51531417916e-07, 1.10180934598e-07, 6.08970722737e-08, 1.66330078599e-08]
    },
    "melbands128": {
        "max": [3.62186256098e-05, 0.000132240485982, 0.00100618589204, 0.00149773864541, 0.000722474302165, 0.000492937222589, 0.00323760299943, 0.0125489942729, 0.0132930101827, 0.00483294948936, 0.00689950818196, 0.0128851570189, 0.00697600375861, 0.00509047182277, 0.00771608715877, 0.00668708514422, 0.00718609709293, 0.00330705707893, 0.00491728819907, 0.00789138954133, 0.00692463247105, 0.0056690974161, 0.00706912623718, 0.00980733148754, 0.00358395604417, 0.00409278133884, 0.0093140900135, 0.00893127825111, 0.00375683768652, 0.00236233510077, 0.00526378536597, 0.018756069243, 0.0104382690042, 0.00295031280257, 0.00194693694357, 0.00327455322258, 0.00176977249794, 0.0035056269262, 0.00531005300581, 0.0013026339002, 0.00191578874364, 0.00125604437198, 0.00059475650778, 0.00140850967728, 0.00160289811902, 0.000291734613711, 0.000453621410998, 0.000365502113709, 0.00136084784754, 0.000889189017471, 0.000580763444304, 0.000482552393805, 0.000148903462104, 0.000204306052183, 0.000510808778927, 0.000206778931897, 0.000226200631005, 0.000153226123075, 7.7677264926e-05, 0.000281287066173, 0.000126256112708, 0.000213689942029, 5.94776538492e-05, 6.78227079334e-05, 6.78501601215e-05, 0.000121912977193, 4.87078286824e-05, 2.18226978177e-05, 0.000124244514154, 4.79399350297e-05, 7.91243801359e-05, 7.78116445872e-05, 6.28649358987e-05, 9.34813142521e-05, 2.75663787761e-05, 1.49609586515e-05, 2.03207091545e-05, 1.12334028017e-05, 1.33848725454e-05, 2.0494160708e-05, 1.81069954124e-05, 3.18787851938e-06, 6.20819309916e-06, 2.48129254032e-06, 4.58023168903e-06, 4.91020364279e-06, 1.15275524877e-05, 3.37051073984e-06, 5.82238953939e-06, 1.44640000599e-06, 5.94011225985e-07, 2.43673889599e-06, 2.87237071461e-06, 8.04412320576e-06, 2.68603025688e-06, 3.53619861926e-06, 1.65956191722e-06, 3.26352392221e-07, 1.32645993745e-06, 1.78510890692e-06, 1.47400413653e-07, 5.37103687748e-07, 1.49033496655e-07, 3.47819337776e-08, 4.08860367784e-09, 2.21814211443e-09, 1.98848870703e-09, 1.85621440441e-09, 1.74931102936e-09, 1.65102309602e-09, 1.54090828985e-09, 1.45548151309e-09, 1.38895828172e-09, 1.34470257152e-09, 1.28374288977e-09, 1.23018628617e-09, 1.18335530264e-09, 1.14238996041e-09, 1.11125963986e-09, 1.07775177671e-09, 1.03636521587e-09, 1.0192683364e-09, 1.00468933173e-09, 9.72783187336e-10, 9.58096713077e-10, 9.4174967824e-10, 9.3126156786e-10, 9.25807430718e-10],
        "mean": [5.98474935032e-06, 1.98415709747e-05, 5.22795453435e-05, 9.02875326574e-05, 5.29393873876e-05, 2.76015380223e-05, 0.00014190429647, 0.000363903411198, 0.000340402213624, 0.000216675878619, 0.00026076255017, 0.000382431200705, 0.000423504505306, 0.000926398031879, 0.000705516140442, 0.000391126377508, 0.000325875444105, 0.000246160721872, 0.000283999339445, 0.000351258495357, 0.000368877546862, 0.00030336951022, 0.000304818007862, 0.000451084459201, 0.000307747162879, 0.000264997914201, 0.00025087557151, 0.000344795524143, 0.000278186664218, 0.00017447299615, 0.000312573072733, 0.000691729132086, 0.000539173604921, 0.000216947766603, 0.000130066342535, 0.000138400413562, 0.000106770996354, 0.000151705811732, 0.000161715375725, 9.07748326426e-05, 0.00010161636601, 7.09953601472e-05, 5.9655008954e-05, 6.78310825606e-05, 6.32445589872e-05, 4.4011270802e-05, 4.41074625996e-05, 4.35109577666e-05, 5.22345544596e-05, 7.84624644439e-05, 4.81589158881e-05, 3.55179618055e-05, 2.49964159593e-05, 2.15205873246e-05, 2.75033398793e-05, 2.00538397621e-05, 1.99878086278e-05, 1.44554032886e-05, 1.16637884275e-05, 1.54035569722e-05, 1.16538440125e-05, 1.17440094982e-05, 7.26939424567e-06, 6.55948952044e-06, 7.55056998969e-06, 6.40445887257e-06, 4.05888204114e-06, 3.05203548123e-06, 4.24028030466e-06, 2.82400651486e-06, 5.29158842255e-06, 3.04559898723e-06, 2.34671392718e-06, 2.09401264328e-06, 1.3243200101e-06, 7.71826989876e-07, 7.95204812221e-07, 6.66233688662e-07, 5.894661399e-07, 5.88643445099e-07, 4.72367815973e-07, 2.48778746936e-07, 4.03406460237e-07, 2.22201578026e-07, 1.82501452173e-07, 1.59612056905e-07, 1.84290144034e-07, 2.56860857917e-07, 3.34665770652e-07, 6.59585168705e-08, 5.03489765435e-08, 2.04640045354e-07, 1.50093754314e-07, 1.02708291649e-07, 4.51487984776e-08, 3.94287837935e-08, 2.45215971972e-08, 1.38431479613e-08, 1.84369977063e-08, 2.15083879596e-08, 1.25770887038e-08, 7.39457961529e-09, 7.01612901111e-09, 4.36213731803e-09, 6.48549991489e-10, 1.01738235891e-11, 8.74547483043e-12, 8.31298137965e-12, 7.93099266816e-12, 7.55910698619e-12, 7.19225503806e-12, 6.88704518761e-12, 6.60780284656e-12, 6.37870745807e-12, 6.14486413142e-12, 5.93904005836e-12, 5.75103983533e-12, 5.55673866295e-12, 5.41104877919e-12, 5.26434885267e-12, 5.10750252855e-12, 5.00477046958e-12, 4.92514015682e-12, 4.81121956511e-12, 4.67831762913e-12, 4.49659320195e-12, 4.39216978759e-12, 4.35863324599e-12],
        "min": [2.88272583582e-09, 2.95627149427e-08, 3.72280801741e-08, 5.09204625132e-08, 7.0356279025e-08, 9.06181227833e-08, 1.03522040718e-07, 1.03375541016e-07, 8.9292043981e-08, 6.59314167706e-08, 4.31301678816e-08, 2.8233358762e-08, 2.21546443413e-08, 2.8358202897e-08, 6.42625934688e-08, 1.70799523858e-07, 4.45197997578e-07, 1.9242122562e-07, 8.93482194897e-08, 2.44316197495e-07, 1.43931742969e-07, 1.6803292624e-07, 4.52603501344e-07, 8.38407459014e-07, 7.05235663645e-07, 1.47280616147e-07, 4.20224921527e-08, 1.15534241729e-07, 6.39720951767e-08, 6.84764174252e-08, 4.13338199223e-08, 2.33575406128e-07, 4.21204873646e-07, 1.14738647028e-07, 1.86285227244e-08, 1.46942085166e-08, 1.16978089437e-08, 1.50017491762e-08, 7.54672626613e-08, 6.90085144583e-08, 2.67583644131e-08, 5.21438625611e-09, 9.06439634463e-09, 5.27009591522e-09, 4.2560703406e-08, 1.75387597778e-08, 7.62360219397e-09, 5.12987208268e-09, 1.57645558829e-08, 6.18113915607e-08, 4.34952589501e-08, 6.48805364989e-09, 5.73560354766e-09, 6.73309141774e-09, 5.020401872e-09, 3.53126217156e-09, 2.69415867393e-09, 8.45254088944e-09, 7.97297960986e-09, 5.40725508813e-09, 5.10094677608e-09, 5.23181897805e-09, 2.88728108089e-09, 3.97610744329e-09, 3.62238972151e-09, 2.42701614361e-09, 3.78245879062e-09, 3.1772124931e-09, 3.19443871355e-09, 2.23557572454e-09, 1.659794302e-09, 1.62257451919e-09, 3.29540861266e-09, 2.42483277901e-09, 2.18109286187e-09, 2.68722022412e-09, 1.82143922167e-09, 1.55218637943e-09, 9.08313646519e-10, 1.59781621267e-09, 3.04664904416e-10, 3.16117410026e-10, 1.08100514651e-10, 6.48575290696e-11, 3.91668086852e-11, 9.85782913632e-11, 1.03888057879e-10, 2.66108357572e-10, 3.72761405076e-10, 5.80809123019e-10, 6.20061668677e-10, 6.56910290053e-11, 4.54796339477e-11, 7.00072846915e-11, 1.56148746711e-10, 1.34669317364e-10, 1.46446035854e-10, 6.62167057297e-11, 1.64419103332e-10, 1.07665702742e-10, 1.18040976299e-11, 1.72148753586e-11, 1.2409230761e-11, 8.98529948362e-12, 2.62452234424e-12, 2.17986002513e-13, 1.28315421981e-13, 1.57261126322e-13, 1.54992961824e-13, 7.56171858528e-14, 1.02667718348e-13, 1.15123500468e-13, 1.65354898827e-13, 7.14805412126e-14, 7.28351976171e-14, 1.08722641892e-13, 1.68156883817e-13, 1.199493521e-13, 1.63050738818e-13, 9.18401165122e-14, 1.25636060258e-13, 1.31486970834e-13, 1.60678165651e-13, 8.11201691757e-14, 8.41208342133e-14, 2.33690376214e-14, 5.16482320643e-15, 2.45107618013e-16],
        "stdev": [6.03851822234e-06, 1.95066586457e-05, 0.000112992187496, 0.000209804347833, 0.00010468147957, 5.51926204935e-05, 0.000447139784228, 0.00143420614768, 0.00108490115963, 0.000435566413216, 0.000593015691265, 0.000979656237178, 0.000629184243735, 0.00112158607226, 0.000951588212047, 0.000687454652507, 0.000600140308961, 0.000361804384738, 0.000503593066242, 0.000723053410184, 0.000758074864279, 0.000574937439524, 0.000533075246494, 0.000842734356411, 0.0004052973527, 0.000442891323473, 0.000638707948383, 0.000736575108021, 0.000458712282125, 0.000290642725304, 0.000622919003945, 0.00189376017079, 0.00131352688186, 0.000388749060221, 0.000228226548643, 0.000348883651895, 0.000182472082088, 0.000323898129864, 0.000421500968514, 0.000128452869831, 0.000202210430871, 0.000115121692943, 7.25484787836e-05, 0.000109820546641, 0.0001251615613, 4.7995326895e-05, 5.43036148883e-05, 5.25344185007e-05, 9.42934711929e-05, 0.000120179123769, 5.98589831498e-05, 4.75157576147e-05, 2.41210418608e-05, 2.4560962629e-05, 4.3203443056e-05, 2.24699251703e-05, 2.60647593677e-05, 1.63782424352e-05, 1.11112758532e-05, 2.18650020543e-05, 1.40908432513e-05, 1.83782285603e-05, 7.18750970918e-06, 7.43240843804e-06, 8.55930829857e-06, 8.71114571055e-06, 5.20966932527e-06, 3.15932356898e-06, 9.53613289312e-06, 4.38373444922e-06, 8.3637132775e-06, 5.64429410588e-06, 5.4977435866e-06, 6.20649279881e-06, 2.82977725874e-06, 1.25887947888e-06, 1.69107840975e-06, 1.08063591142e-06, 1.14583338018e-06, 1.49034383412e-06, 1.28105023123e-06, 3.20400403098e-07, 6.52902770071e-07, 2.93111042993e-07, 4.01044957243e-07, 4.19822811182e-07, 8.41373037019e-07, 4.78942695281e-07, 7.79164452069e-07, 1.17554016299e-07, 6.68194459763e-08, 3.86584247281e-07, 2.93275803642e-07, 4.38073044506e-07, 1.39749928962e-07, 2.2007196776e-07, 1.03310533461e-07, 2.55003271832e-08, 7.47680743984e-08, 1.00689916849e-07, 1.70580438663e-08, 2.35939925375e-08, 9.93848736641e-09, 3.37726313582e-09, 5.11809872261e-10, 9.46069333985e-11, 8.48633524564e-11, 7.92288387674e-11, 7.4673031647e-11, 7.04855895872e-11, 6.5797658988e-11, 6.21580564797e-11, 5.9321159096e-11, 5.74298074374e-11, 5.48303936976e-11, 5.25465469747e-11, 5.05489747282e-11, 4.88025106438e-11, 4.74718701848e-11, 4.60422602822e-11, 4.428060002e-11, 4.35475787375e-11, 4.29220478604e-11, 4.15647030683e-11, 4.09398764889e-11, 4.02484018336e-11, 3.98036742455e-11, 3.95711137469e-11]
    },
    "mfcc": {
        "mean": [-671.366088867, 161.947311401, -57.4812011719, 1.79993677139, -20.5024318695, -9.66455841064, -13.0923433304, -0.759737491608, -9.43461608887, -1.01789021492, -8.46314716339, -2.72463989258, -1.27060067654],
        "cov": [[3695.21557617, -566.975952148, -1240.85058594, 6.77372741699, -346.137298584, 118.657783508, -48.0769500732, 100.570625305, -28.2369556427, 73.3611907959, -77.8384094238, 155.119384766, 115.488571167], [-566.975952148, 420.156860352, 406.1824646, 156.421386719, 101.278244019, -32.0101852417, 6.5236158371, -91.3377151489, -15.8275823593, -108.711097717, -31.3806991577, -79.3601760864, -33.0554924011], [-1240.85058594, 406.1824646, 999.321166992, 153.920913696, 118.915969849, -68.9778747559, -10.6068658829, -58.7928924561, -4.01475286484, -73.349609375, -72.1180953979, -114.111434937, -77.7387771606], [6.77372741699, 156.421386719, 153.920913696, 360.811401367, 69.4579315186, 55.9920120239, 41.2662010193, -68.2013320923, 30.8638782501, -101.939750671, -29.1986465454, -72.0825195312, -65.0288467407], [-346.137298584, 101.278244019, 118.915969849, 69.4579315186, 116.139205933, 20.2543430328, 26.2566413879, -23.6933078766, -1.94782614708, -32.4421234131, 5.52802991867, -22.713350296, -27.3469181061], [118.657783508, -32.0101852417, -68.9778747559, 55.9920120239, 20.2543430328, 97.6291503906, 35.4362182617, 18.7658309937, 19.9469146729, -4.22470760345, 20.3680496216, 12.9614009857, -9.39152336121], [-48.0769500732, 6.5236158371, -10.6068658829, 41.2662010193, 26.2566413879, 35.4362182617, 66.2724838257, 7.41240310669, 18.4220123291, -14.0516672134, 2.53516197205, 7.54624271393, -7.60050582886], [100.570625305, -91.3377151489, -58.7928924561, -68.2013320923, -23.6933078766, 18.7658309937, 7.41240310669, 107.340400696, 7.49155759811, 39.4794883728, -2.45274090767, 16.2577171326, 9.39424228668], [-28.2369556427, -15.8275823593, -4.01475286484, 30.8638782501, -1.94782614708, 19.9469146729, 18.4220123291, 7.49155759811, 69.4014968872, 11.0930271149, 13.6374511719, 10.1852960587, 5.93212366104], [73.3611907959, -108.711097717, -73.349609375, -101.939750671, -32.4421234131, -4.22470760345, -14.0516672134, 39.4794883728, 11.0930271149, 99.9264678955, 29.310710907, 39.2955245972, 22.6323204041], [-77.8384094238, -31.3806991577, -72.1180953979, -29.1986465454, 5.52802991867, 20.3680496216, 2.53516197205, -2.45274090767, 13.6374511719, 29.310710907, 88.2211837769, 31.8874092102, 4.96279859543], [155.119384766, -79.3601760864, -114.111434937, -72.0825195312, -22.713350296, 12.9614009857, 7.54624271393, 16.2577171326, 10.1852960587, 39.2955245972, 31.8874092102, 85.290763855, 44.3274345398], [115.488571167, -33.0554924011, -77.7387771606, -65.0288467407, -27.3469181061, -9.39152336121, -7.60050582886, 9.39424228668, 5.93212366104, 22.6323204041, 4.96279859543, 44.3274345398, 86.6037139893]],
        "icov": [[0.000964570615906, -0.000165260673384, 0.00108203047421, -0.00116445682943, 0.0019872316625, -0.000959132157732, 0.00110934872646, -0.000279914936982, 0.000916508142836, -0.000523706898093, 0.00189785868861, -0.00144629541319, 0.000104368147731], [-0.000165260673384, 0.00659619783983, -0.00210881349631, -0.000281522748992, -0.0025304146111, 0.00129275035579, -0.000622074876446, 0.00204941956326, 0.000536184234079, 0.0039255451411, -0.00172385666519, 0.00218341499567, -0.00238340022042], [0.00108203047421, -0.00210881349631, 0.00325013836846, -0.00144930824172, 0.00139313202817, -0.000130526386783, 0.00176777550951, -0.000897949270438, 0.000251297664363, -0.00183016899973, 0.00328301475383, -0.00148775381967, 0.001294102869], [-0.00116445682943, -0.000281522748992, -0.00144930824172, 0.00767692504451, -0.00262446468696, -0.00256600417197, -0.00204156967811, 0.00313268462196, -0.00429068505764, 0.00363667635247, -0.000963934115134, 0.00403721816838, 0.00161522615235], [0.0019872316625, -0.0025304146111, 0.00139313202817, -0.00262446468696, 0.0178457610309, -0.00446717161685, -0.00208518351428, 0.000291420263238, 0.00382850621827, -0.00107367569581, 0.0015568776289, -0.00215571909212, 0.00163265911397], [-0.000959132157732, 0.00129275035579, -0.000130526386783, -0.00256600417197, -0.00446717161685, 0.0187533423305, -0.00587153341621, -0.00400751410052, -0.00160292326473, 0.00145121023525, -0.00520587386563, -0.0011429223232, 0.000884870183654], [0.00110934872646, -0.000622074876446, 0.00176777550951, -0.00204156967811, -0.00208518351428, -0.00587153341621, 0.0242141541094, -0.00278559536673, -0.00363079714589, 0.00260801007971, 0.00425096182153, -0.00675890548155, 0.00225218269043], [-0.000279914936982, 0.00204941956326, -0.000897949270438, 0.00313268462196, 0.000291420263238, -0.00400751410052, -0.00278559536673, 0.014558182098, -0.00115048058797, -0.00281651783735, 0.00233851815574, 0.00265509914607, -0.000142620818224], [0.000916508142836, 0.000536184234079, 0.000251297664363, -0.00429068505764, 0.00382850621827, -0.00160292326473, -0.00363079714589, -0.00115048058797, 0.0197596456856, -0.00385806174017, -0.00112905341666, -0.00138929917011, -0.00274193310179], [-0.000523706898093, 0.0039255451411, -0.00183016899973, 0.00363667635247, -0.00107367569581, 0.00145121023525, 0.00260801007971, -0.00281651783735, -0.00385806174017, 0.0211163647473, -0.00543211353943, -0.00208327826113, -0.000239200264332], [0.00189785868861, -0.00172385666519, 0.00328301475383, -0.000963934115134, 0.0015568776289, -0.00520587386563, 0.00425096182153, 0.00233851815574, -0.00112905341666, -0.00543211353943, 0.0204461552203, -0.00789117999375, 0.00344512122683], [-0.00144629541319, 0.00218341499567, -0.00148775381967, 0.00403721816838, -0.00215571909212, -0.0011429223232, -0.00675890548155, 0.00265509914607, -0.00138929917011, -0.00208327826113, -0.00789117999375, 0.026659136638, -0.00978126283735], [0.000104368147731, -0.00238340022042, 0.001294102869, 0.00161522615235, 0.00163265911397, 0.000884870183654, 0.00225218269043, -0.000142620818224, -0.00274193310179, -0.000239200264332, 0.00344512122683, -0.00978126283735, 0.0187564305961]]
    },
    "spectral_contrast_coeffs": {
        "max": [-0.402443051338, -0.580691218376, -0.544306874275, -0.597850978374, -0.655247449875, -0.643462181091],
        "mean": [-0.653435230255, -0.769596099854, -0.755720198154, -0.799482345581, -0.779684603214, -0.743900716305],
        "min": [-0.898268759251, -0.90237891674, -0.901130616665, -0.891386806965, -0.896500825882, -0.915236532688],
        "stdev": [0.0874496772885, 0.0639462992549, 0.0722859203815, 0.0474765077233, 0.0355936549604, 0.0444252230227]
    },
    "spectral_contrast_valleys": {
        "max": [-5.97543001175, -4.60218238831, -5.43663692474, -5.89242172241, -6.2531208992, -9.80464363098],
        "mean": [-7.77033996582, -6.16519737244, -6.68457365036, -7.0787024498, -7.7752494812, -11.5992107391],
        "min": [-10.545832634, -8.73169326782, -9.90706634521, -10.3056774139, -10.4185504913, -14.0170946121],
        "stdev": [0.608031868935, 0.674632072449, 0.911234080791, 1.01738762856, 0.865467071533, 0.359336733818]
    }
},
"rhythm": {
    "beats_count": 22,
    "beats_loudness": {
        "max": 0.0619454756379,
        "mean": 0.0238745585084,
        "min": 0.00493300007656,
        "stdev": 0.0149993356317
    },
    "bpm": 105.49622345,
    "bpm_histogram_first_peak_bpm": 105,
    "bpm_histogram_first_peak_weight": 0.33333337307,
    "bpm_histogram_second_peak_bpm": 117,
    "bpm_histogram_second_peak_spread": 0.375,
    "bpm_histogram_second_peak_weight": 0.238095238805,
    "danceability": 0.929193854332,
    "onset_rate": 0.783738076687,
    "beats_loudness_band_ratio": {
        "max": [0.384441435337, 0.774253368378, 0.764819145203, 0.826260387897, 0.294512480497, 0.0424265563488],
        "mean": [0.0464761629701, 0.239160448313, 0.253435730934, 0.37440636754, 0.110873177648, 0.0153482044116],
        "min": [0.00182365614455, 0.00472622271627, 0.0704599842429, 0.0121047915891, 0.00161106628366, 0.000375868432457],
        "stdev": [0.0820919722319, 0.221075773239, 0.141607001424, 0.189860284328, 0.0708491876721, 0.0109133590013]
    },
    "beats_position": [0.557278871536, 1.1261677742, 1.69505667686, 2.26394557953, 2.83283448219, 3.40172338486, 3.98222208023, 4.52789115906, 5.05034017563, 5.56117916107, 6.07201814651, 6.58285713196, 7.0936961174, 7.60453510284, 8.12698364258, 8.64943313599, 9.2067117691, 9.77560043335, 10.3444900513, 10.9133787155, 11.4938774109, 12.0743761063],
