{
"metadata": {
    "version": {
        "essentia": "2.1-beta5",
        "essentia_git_sha": "Undefined",
        "extractor": "music 2.0"
    },
    "audio_properties": {
        "analysis": {
            "equal_loudness": 0,
            "length": 12.7477550507,
            "sample_rate": 44100,
            "start_time": 0,
            "downmix": "mix"
        },
        "bit_rate": 192000,
        "length": 195.767456055,
        "lossless": 0,
        "number_channels": 2,
        "replay_gain": -14.1210689545,
        "sample_rate": 48000,
        "codec": "mp3",
        "md5_encoded": "cdbabb238d9e697249234510e88c44c1"
    },
    "tags": {
        "file_name": "Monaco_Marlène_Dominique Dussault.mp3",
        "encoding": ["Lavf58.29.100"]
    }
},
"lowlevel": {
    "average_loudness": 0.879489541054,
    "barkbands_crest": {
        "max": 26.8643417358,
        "mean": 9.32054710388,
        "min": 2.16825699806,
        "stdev": 4.85064268112
    },
    "barkbands_flatness_db": {
        "max": 0.496128082275,
        "mean": 0.163211017847,
        "min": 0.0935537368059,
        "stdev": 0.0519139356911
    },
    "barkbands_kurtosis": {
        "max": 558.020141602,
        "mean": 4.32206058502,
        "min": -1.70462763309,
        "stdev": 26.4868965149
    },
    "barkbands_skewness": {
        "max": 23.50390625,
        "mean": 1.21811068058,
        "min": -0.672562599182,
        "stdev": 1.65358865261
    },
    "barkbands_spread": {
        "max": 58.7853622437,
        "mean": 25.574131012,
        "min": 0.967264950275,
        "stdev": 14.0333194733
    },
    "dissonance": {
        "max": 0.499995410442,
        "mean": 0.473382949829,
        "min": 0.343370854855,
        "stdev": 0.0274469070137
    },
    "dynamic_complexity": 5.06822872162,
    "erbbands_crest": {
        "max": 27.8379154205,
        "mean": 7.31250858307,
        "min": 1.88153505325,
        "stdev": 3.98564147949
    },
    "erbbands_flatness_db": {
        "max": 0.293278217316,
        "mean": 0.190849199891,
        "min": 0.0766860991716,
        "stdev": 0.0360560566187
    },
    "erbbands_kurtosis": {
        "max": 10.3844356537,
        "mean": 0.435439825058,
        "min": -1.69375419617,
        "stdev": 1.84404909611
    },
    "erbbands_skewness": {
        "max": 2.90898346901,
        "mean": 0.277288407087,
        "min": -1.5547273159,
        "stdev": 0.644533097744
    },
    "erbbands_spread": {
        "max": 120.766494751,
        "mean": 33.6513290405,
        "min": 8.19582748413,
        "stdev": 16.3613128662
    },
    "hfc": {
        "max": 68.7445983887,
        "mean": 17.8784370422,
        "min": 1.89216189028e-06,
        "stdev": 18.5688800812
    },
    "loudness_ebu128": {
        "integrated": -10.7715291977,
        "loudness_range": 10.5918169022,
        "momentary": {
            "max": -7.28204917908,
            "mean": -13.3972253799,
            "min": -26.47631073,
            "stdev": 5.28622913361
        },
        "short_term": {
            "max": -8.20020294189,
            "mean": -12.043759346,
            "min": -20.4622879028,
            "stdev": 3.70570802689
        }
    },
    "melbands_crest": {
        "max": 39.939491272,
        "mean": 14.9600019455,
        "min": 3.49484181404,
        "stdev": 7.77353239059
    },
    "melbands_flatness_db": {
        "max": 0.47159948945,
        "mean": 0.176580473781,
        "min": 0.07495264709,
        "stdev": 0.0728296563029
    },
    "melbands_kurtosis": {
        "max": 1110.71618652,
        "mean": 13.6225223541,
        "min": -1.39987981319,
        "stdev": 55.8643798828
    },
    "melbands_skewness": {
        "max": 32.4325714111,
        "mean": 2.28501820564,
        "min": 0.0454675666988,
        "stdev": 2.40165567398
    },
    "melbands_spread": {
        "max": 82.6205825806,
        "mean": 32.4959869385,
        "min": 0.911568343639,
        "stdev": 21.4256763458
    },
    "pitch_salience": {
        "max": 0.887275218964,
        "mean": 0.582902908325,
        "min": 0.0108130220324,
        "stdev": 0.127872660756
    },
    "silence_rate_20dB": {
        "max": 1,
        "mean": 1,
        "min": 1,
        "stdev": 0
    },
    "silence_rate_30dB": {
        "max": 1,
        "mean": 1,
        "min": 1,
        "stdev": 0
    },
    "silence_rate_60dB": {
        "max": 1,
        "mean": 0.239999994636,
        "min": 0,
        "stdev": 0.427084445953
    },
    "spectral_centroid": {
        "max": 4140.40576172,
        "mean": 1709.99816895,
        "min": 249.217544556,
        "stdev": 791.576721191
    },
    "spectral_complexity": {
        "max": 46,
        "mean": 18.1890907288,
        "min": 0,
        "stdev": 12.5955448151
    },
    "spectral_decrease": {
        "max": -4.40529977406e-15,
        "mean": -4.18566203919e-09,
        "min": -1.42249989565e-08,
        "stdev": 3.41446404484e-09
    },
    "spectral_energy": {
        "max": 0.0578195229173,
        "mean": 0.0174192972481,
        "min": 1.68178218019e-08,
        "stdev": 0.0142581388354
    },
    "spectral_energyband_high": {
        "max": 0.00618215184659,
        "mean": 0.000973383430392,
        "min": 1.45611828151e-10,
        "stdev": 0.00136473902967
    },
    "spectral_energyband_low": {
        "max": 0.0295948497951,
        "mean": 0.00240455335006,
        "min": 3.93690413603e-09,
        "stdev": 0.0028371643275
    },
    "spectral_energyband_middle_high": {
        "max": 0.0402112901211,
        "mean": 0.00546204531565,
        "min": 2.54055040894e-11,
        "stdev": 0.006419764366
    },
    "spectral_energyband_middle_low": {
        "max": 0.050492439419,
        "mean": 0.00908807013184,
        "min": 1.59349421679e-12,
        "stdev": 0.00896656885743
    },
    "spectral_entropy": {
        "max": 8.64019393921,
        "mean": 7.62505149841,
        "min": 6.15798330307,
        "stdev": 0.494636625051
    },
    "spectral_flux": {
        "max": 0.181242406368,
        "mean": 0.0649085193872,
        "min": 7.19375966582e-05,
        "stdev": 0.0375379957259
    },
    "spectral_kurtosis": {
        "max": 19.6704978943,
        "mean": 3.48163461685,
        "min": -0.232812643051,
        "stdev": 3.41246891022
    },
    "spectral_rms": {
        "max": 0.00751061178744,
        "mean": 0.00368296704255,
        "min": 4.05063337894e-06,
        "stdev": 0.00185207475442
    },
    "spectral_rolloff": {
        "max": 5641.69921875,
        "mean": 1804.40368652,
        "min": 21.533203125,
        "stdev": 1190.94018555
    },
    "spectral_skewness": {
        "max": 3.73806190491,
        "mean": 1.25825023651,
        "min": 0.204689115286,
        "stdev": 0.690775334835
    },
    "spectral_spread": {
        "max": 12394911,
        "mean": 3727281.5,
        "min": 2158251.25,
        "stdev": 1035633.6875
    },
    "spectral_strongpeak": {
        "max": 7.19118261337,
        "mean": 0.65204834938,
        "min": 0,
        "stdev": 0.878685891628
    },
    "zerocrossingrate": {
        "max": 0.1884765625,
        "mean": 0.0619096234441,
        "min": 0,
        "stdev": 0.0304950587451
    },
    "barkbands": {
        "max": [0.000467490870506, 0.00261399103329, 0.0216314326972, 0.00820565968752, 0.0317105054855, 0.0315813943744, 0.00993702374399, 0.0129367019981, 0.0260028820485, 0.0191808883101, 0.0150258904323, 0.0128525970504, 0.00612257560715, 0.00609196349978, 0.00248172227293, 0.00239052274264, 0.00282508321106, 0.00343356025405, 0.00425374694169, 0.00389120238833, 0.00339168100618, 0.00173021596856, 0.001860306249, 7.20887619536e-05, 3.37901983585e-05, 4.51791265732e-07, 4.79405343867e-07],
        "mean": [7.46983787394e-05, 0.000656089279801, 0.00133609608747, 0.000538624008186, 0.00298949889839, 0.00231448910199, 0.00125553819817, 0.000919539364986, 0.00079372280743, 0.00122407800518, 0.000696760078426, 0.000725869904272, 0.000539923727047, 0.000491891696583, 0.000260815984802, 0.000278237537714, 0.000241105313762, 0.00038301575114, 0.000520364847034, 0.000484222837258, 0.000326472130837, 0.000222566304728, 0.000134421759867, 6.99881957189e-06, 4.25237067248e-06, 1.69939484707e-09, 1.447048259e-09],
        "min": [1.65537166197e-08, 5.60910033698e-11, 5.31984632941e-15, 1.94671566329e-14, 1.99312341262e-13, 1.76541615528e-13, 1.57437268517e-13, 2.27059311023e-13, 3.31223601064e-13, 4.87790797338e-13, 3.67527297658e-13, 8.43447165409e-13, 1.76762348248e-12, 8.94703202584e-13, 4.55981389799e-13, 9.14677404998e-13, 1.55617359276e-12, 1.33285266504e-11, 1.19619689588e-12, 3.24967418426e-12, 3.33941251388e-12, 4.46297035786e-12, 5.56042798611e-12, 2.77081187855e-11, 7.70851299459e-11, 5.2628227297e-12, 6.18908526859e-12],
        "stdev": [5.49249853066e-05, 0.000404516846174, 0.00225152424537, 0.000873290817253, 0.00429092580453, 0.00398039259017, 0.00177462899592, 0.00134833273478, 0.00163521361537, 0.00248444848694, 0.00145940633956, 0.00125863170251, 0.000811626086943, 0.000811167701613, 0.000341870996635, 0.000370724388631, 0.000377917051082, 0.00056108267745, 0.000838295731228, 0.000741995754652, 0.000516371917911, 0.00035433852463, 0.00023144777515, 7.35696721677e-06, 2.62224716607e-06, 2.04095496059e-08, 2.04818668692e-08]
    },
    "erbbands": {
        "max": [0.064618460834, 0.731318533421, 14.3295106888, 40.4765472412, 69.8139343262, 67.032875061, 441.167755127, 108.367958069, 149.311676025, 193.641372681, 369.630950928, 496.048095703, 710.423034668, 503.475585938, 730.755126953, 239.817443848, 256.158233643, 321.12789917, 184.117141724, 120.068634033, 104.728523254, 156.372787476, 98.6359710693, 225.715393066, 245.981674194, 191.980606079, 247.276229858, 102.840385437, 92.1070251465, 124.857192993, 39.8414306641, 2.63626432419, 0.975535929203, 0.618908345699, 0.0771089717746, 0.00201736320741, 0.000845372618642, 0.000300175830489, 7.055302558e-05, 7.46892401366e-05],
        "mean": [0.0289831478149, 0.123244583607, 1.02038371563, 2.2943751812, 4.80531358719, 8.76131057739, 24.9844551086, 13.1787319183, 16.6460819244, 17.7574424744, 23.0252628326, 17.976556778, 28.9569168091, 34.5345497131, 30.1281280518, 26.9765663147, 26.074382782, 24.7301464081, 17.9295215607, 15.2079353333, 14.8714771271, 14.0223913193, 15.8927736282, 28.1838932037, 25.4455509186, 22.4787406921, 17.5215969086, 10.5819177628, 8.40329647064, 6.69679403305, 3.19031739235, 0.371641606092, 0.107798881829, 0.0703741982579, 0.0165008623153, 0.000454654044006, 3.94946582674e-05, 9.71586541709e-06, 1.19483584058e-05, 2.20039819396e-05],
        "min": [3.83082152666e-08, 3.57872642631e-09, 5.16772624692e-10, 2.56081267302e-10, 3.40018180278e-10, 1.1422162105e-09, 7.10142222804e-10, 1.51363577228e-09, 1.61058211212e-09, 3.62537511123e-09, 3.8811087677e-09, 8.38135516545e-09, 1.82595947251e-08, 1.10235855999e-08, 2.99816171889e-08, 2.78985581303e-08, 8.9348873189e-08, 4.53514346077e-08, 2.89367232398e-08, 3.24241646865e-08, 5.96608984438e-08, 2.24541921057e-07, 7.75113562668e-07, 9.11719482133e-08, 5.94454334646e-08, 1.70684927525e-07, 1.35261771561e-07, 1.28431551616e-07, 1.72511562369e-07, 1.17849310755e-07, 2.0441120796e-07, 7.65310460338e-07, 3.16045060345e-07, 3.87337962593e-07, 8.5634297875e-07, 5.41864650927e-08, 1.75853980267e-08, 6.50977849403e-09, 1.68980396342e-09, 1.72211009342e-10],
        "stdev": [0.0153611330315, 0.103474847972, 1.59238910675, 3.92362999916, 8.98718929291, 11.8109197617, 56.0353469849, 17.2351493835, 24.2501277924, 24.2135219574, 34.8697509766, 33.6623001099, 63.3418579102, 60.5821838379, 64.7425079346, 38.4692687988, 35.7381629944, 40.8097991943, 22.191493988, 17.8733921051, 18.3235473633, 20.7293376923, 20.2607955933, 43.3943252563, 41.6336708069, 33.4585380554, 30.1005535126, 16.5277309418, 13.6101722717, 11.6477794647, 5.4453792572, 0.501008808613, 0.102593243122, 0.0485703013837, 0.00824944581836, 0.000237878528424, 4.58976319351e-05, 1.59238370543e-05, 1.05751532828e-05, 1.82861149369e-05]
    },
    "gfcc": {
        "mean": [-53.3951416016, 121.149627686, -159.374252319, 53.0128593445, -75.0949630737, 18.2735843658, -27.6582527161, -2.33530235291, -10.3133563995, -6.38771772385, 2.5812458992, -11.6406393051, 7.62787532806],
        "cov": [[9851.2265625, 1329.75134277, -1906.65856934, 142.260879517, -952.309875488, -1139.41040039, 349.99420166, -1004.23510742, -192.037811279, -585.515930176, -59.9528846741, -351.834625244, -459.868469238], [1329.75134277, 987.298400879, 330.466430664, -345.155670166, -272.260223389, -370.569244385, -117.912582397, -227.893280029, -144.403121948, -160.122314453, 13.9917221069, -180.873031616, -7.892557621], [-1906.65856934, 330.466430664, 1137.65454102, -198.970932007, 26.0916805267, 133.443466187, -231.398895264, 132.568847656, -49.9358825684, 42.7210998535, -1.80418074131, -61.8128852844, 93.5180053711], [142.260879517, -345.155670166, -198.970932007, 324.851745605, 76.9098052979, 81.4772415161, 38.0907287598, 20.0683803558, 85.8200302124, 26.13879776, -35.1963157654, 56.9935760498, -59.0408859253], [-952.309875488, -272.260223389, 26.0916805267, 76.9098052979, 248.785583496, 215.282012939, -43.2299232483, 179.471176147, 69.5859375, 95.3175964355, 3.88437438011, 81.6497192383, 71.6564178467], [-1139.41040039, -370.569244385, 133.443466187, 81.4772415161, 215.282012939, 483.00302124, 10.3190450668, 213.617553711, 105.230964661, 130.124786377, -42.8335571289, 73.5223922729, 39.8060798645], [349.99420166, -117.912582397, -231.398895264, 38.0907287598, -43.2299232483, 10.3190450668, 134.294876099, -41.7576789856, -12.8228120804, -27.5052433014, -14.7094478607, -10.2852144241, -61.2713088989], [-1004.23510742, -227.893280029, 132.568847656, 20.0683803558, 179.471176147, 213.617553711, -41.7576789856, 236.020111084, 65.1950759888, 98.2791442871, 7.31335687637, 59.7865715027, 83.4290847778], [-192.037811279, -144.403121948, -49.9358825684, 85.8200302124, 69.5859375, 105.230964661, -12.8228120804, 65.1950759888, 107.869552612, 49.6803321838, -22.2950439453, 45.0400657654, -6.95530986786], [-585.515930176, -160.122314453, 42.7210998535, 26.13879776, 95.3175964355, 130.124786377, -27.5052433014, 98.2791442871, 49.6803321838, 112.053367615, 21.7776737213, 50.5094413757, 60.58411026], [-59.9528846741, 13.9917221069, -1.80418074131, -35.1963157654, 3.88437438011, -42.8335571289, -14.7094478607, 7.31335687637, -22.2950439453, 21.7776737213, 56.7196884155, 20.8213863373, 35.8882255554], [-351.834625244, -180.873031616, -61.8128852844, 56.9935760498, 81.6497192383, 73.5223922729, -10.2852144241, 59.7865715027, 45.0400657654, 50.5094413757, 20.8213863373, 86.0170211792, 41.4565429688], [-459.868469238, -7.892557621, 93.5180053711, -59.0408859253, 71.6564178467, 39.8060798645, -61.2713088989, 83.4290847778, -6.95530986786, 60.58411026, 35.8882255554, 41.4565429688, 135.059692383]],
        "icov": [[0.00104219594505, -0.00215638033114, 0.00238822330721, -0.00233801896684, 0.00268483348191, -0.00128965207841, 0.00119312934112, -0.000366131163901, 0.000268414441962, 0.00148141698446, -0.00135846296325, 0.00138059153687, -0.000243529459112], [-0.00215638033114, 0.00965725444257, -0.00517362449318, 0.00785602536052, -0.00481627322733, 0.0027896980755, 0.00186796672642, 0.00387767679058, -0.00376078858972, 0.00117992784362, -2.82244709524e-05, 0.00434560934082, -0.00162556837313], [0.00238822330721, -0.00517362449318, 0.00793233886361, -0.0051145227626, 0.00801782589406, -0.00452660256997, 0.00776235898957, -0.00281471735798, 0.00378067186102, 0.00267904554494, -0.00215927395038, 0.0036659645848, 0.000882960273884], [-0.00233801896684, 0.00785602536052, -0.0051145227626, 0.0125842979178, -0.00723337847739, 0.00380730163306, -0.0002919191611, 0.00308020785451, -0.00315503240563, -0.00285521894693, 0.00527203967795, -0.00293786451221, 0.00284049380571], [0.00268483348191, -0.00481627322733, 0.00801782589406, -0.00723337847739, 0.0211619567126, -0.00663534412161, 0.0102377412841, -0.00793890282512, 0.00440485822037, 0.00364863593131, -0.00245530344546, 4.85710079374e-05, -0.000349294161424], [-0.00128965207841, 0.0027896980755, -0.00452660256997, 0.00380730163306, -0.00663534412161, 0.00888282805681, -0.00653991894796, -0.00101719459053, -0.00105127412826, -0.00724574131891, 0.00895437225699, -0.00456810882315, 0.00135323719587], [0.00119312934112, 0.00186796672642, 0.00776235898957, -0.0002919191611, 0.0102377412841, -0.00653991894796, 0.0272758062929, -0.00212445366196, 0.00850778911263, 0.00409088563174, -0.00164597306866, 0.00578313879669, 0.0061166882515], [-0.000366131163901, 0.00387767679058, -0.00281471735798, 0.00308020785451, -0.00793890282512, -0.00101719459053, -0.00212445366196, 0.0165752768517, -0.00874491967261, 0.00217015249655, -0.00506240967661, 0.0069468896836, -0.0066264057532], [0.000268414441962, -0.00376078858972, 0.00378067186102, -0.00315503240563, 0.00440485822037, -0.00105127412826, 0.00850778911263, -0.00874491967261, 0.0310207866132, -0.0137220025063, 0.0174559745938, -0.0164268016815, 0.0120881367475], [0.00148141698446, 0.00117992784362, 0.00267904554494, -0.00285521894693, 0.00364863593131, -0.00724574131891, 0.00409088563174, 0.00217015249655, -0.0137220025063, 0.0329696312547, -0.0209674946964, 0.0122510455549, -0.0109599241987], [-0.00135846296325, -2.82244709524e-05, -0.00215927395038, 0.00527203967795, -0.00245530344546, 0.00895437225699, -0.00164597306866, -0.00506240967661, 0.0174559745938, -0.0209674946964, 0.0467020273209, -0.0233368724585, 0.00527457753196], [0.00138059153687, 0.00434560934082, 0.0036659645848, -0.00293786451221, 4.85710079374e-05, -0.00456810882315, 0.00578313879669, 0.0069468896836, -0.0164268016815, 0.0122510455549, -0.0233368724585, 0.043962251395, -0.0128495004028], [-0.000243529459112, -0.00162556837313, 0.000882960273884, 0.00284049380571, -0.000349294161424, 0.00135323719587, 0.0061166882515, -0.0066264057532, 0.0120881367475, -0.0109599241987, 0.00527457753196, -0.0128495004028, 0.0218463428319]]
    },
    "melbands": {
        "max": [0.000505298841745, 0.00567288137972, 0.00565215805545, 0.00615437235683, 0.0129696838558, 0.00272595998831, 0.00212154258043, 0.00207439414226, 0.00350544578396, 0.00269625615329, 0.00357959978282, 0.00194250780623, 0.00208987598307, 0.00163415027782, 0.000931314192712, 0.000823910755571, 0.000720574520528, 0.000409746600781, 0.00025057658786, 0.000251991354162, 0.000148333725519, 0.000197718210984, 0.000134197442094, 0.000166197190993, 0.000206274533411, 0.000156823720317, 0.000201772258151, 0.000165670411661, 0.000190599850612, 6.06776447967e-05, 5.56759950996e-05, 5.15959545737e-05, 4.44167926617e-05, 7.16566937626e-05, 3.22994892485e-05, 5.92814922129e-06, 1.05607250589e-06, 7.52341804855e-07, 6.4393179855e-07, 4.6628531436e-07],
        "mean": [0.000208642071811, 0.000421498582, 0.000446158082923, 0.000498213630635, 0.000774835818447, 0.000333104020683, 0.000250569311902, 0.000192838459043, 0.000194414285943, 0.000100639459561, 0.000150743901031, 0.000147571889102, 9.57526062848e-05, 7.97412576503e-05, 6.94836999173e-05, 5.16715081176e-05, 4.68220641778e-05, 3.10037576128e-05, 2.09594581975e-05, 2.00213016797e-05, 1.66351110238e-05, 1.46948186739e-05, 1.31292763399e-05, 1.70644816535e-05, 2.40033914451e-05, 1.63067306858e-05, 1.83222200576e-05, 1.48311091834e-05, 1.33562989504e-05, 6.68032635076e-06, 5.6523836065e-06, 4.92401750307e-06, 4.02049818149e-06, 3.67617030861e-06, 2.19870435103e-06, 5.63876369597e-07, 9.72077955907e-08, 7.08231908675e-08, 6.39289581272e-08, 5.89059609979e-08],
        "min": [7.53699547218e-10, 6.32886966914e-15, 2.03625653258e-14, 5.01089749934e-14, 2.76601065321e-14, 3.52426963481e-14, 2.95455459686e-14, 4.51180772972e-14, 3.13591316001e-14, 4.58518890445e-14, 9.08153015137e-14, 3.99437630866e-14, 7.30411689248e-14, 1.00720863941e-13, 9.25796440378e-14, 1.82507166931e-13, 7.09690552853e-14, 4.61614558698e-14, 3.67126508772e-14, 4.47461552945e-14, 6.44396509894e-14, 7.71035931499e-14, 8.93431162385e-13, 3.45548161482e-13, 4.42507053949e-14, 5.50656457823e-14, 4.43904455024e-14, 1.24535093609e-13, 7.21040252245e-14, 7.28146790909e-14, 7.08483835835e-14, 9.79825080663e-14, 5.43468807283e-14, 5.42127818603e-14, 1.24077912658e-13, 4.83896844578e-14, 6.78785153085e-13, 1.5463883429e-13, 3.34316179341e-13, 1.33639193461e-13],
        "stdev": [0.000106645435153, 0.000602969026659, 0.000681062811054, 0.000771086139139, 0.00161573698279, 0.000450741208624, 0.000358317571227, 0.000253673904808, 0.000319886516081, 0.000189176978893, 0.00033736199839, 0.000272668607067, 0.000201616727281, 0.000155878224177, 0.000107909356302, 8.91618401511e-05, 8.54276804603e-05, 4.40738949692e-05, 3.04865989165e-05, 3.07205446006e-05, 2.20373494813e-05, 2.52823811024e-05, 1.85817698366e-05, 2.51629498962e-05, 3.81138415833e-05, 2.63418787654e-05, 3.05982030113e-05, 2.35496445384e-05, 2.54740061791e-05, 1.05212156996e-05, 9.26083248487e-06, 8.18569787953e-06, 6.94535765433e-06, 6.77669368088e-06, 3.93378786612e-06, 9.68106633081e-07, 1.09745535326e-07, 7.52393134462e-08, 5.3503008246e-08, 3.72054884679e-08]
    },
    "melbands128": {
        "max": [0.000241379908402, 0.000656058313325, 0.000590073061176, 0.00160198041704, 0.00340709974989, 0.0133308768272, 0.0100058764219, 0.00244646589272, 0.00806625001132, 0.0108641646802, 0.00493536144495, 0.0146496333182, 0.0222754776478, 0.00954049546272, 0.00301483110525, 0.00232915906236, 0.00322793703526, 0.00327299302444, 0.00243024970405, 0.00312639260665, 0.00218179356307, 0.00297896959819, 0.00604422297329, 0.0106000993401, 0.00324043515138, 0.00171276158653, 0.00315528665669, 0.00713543361053, 0.00669847195968, 0.00412196526304, 0.00430903257802, 0.00213111005723, 0.00390677992254, 0.00477738678455, 0.00442612916231, 0.00137330999132, 0.00106852652971, 0.00158358516637, 0.00100010517053, 0.000650315312669, 0.00146246305667, 0.000627389526926, 0.00136631820351, 0.00119445926975, 0.000904095009901, 0.000486213277327, 0.000301365565974, 0.000543292087968, 0.000196725377464, 0.000352766510332, 0.000540052715223, 0.00027625405346, 0.000299736624584, 0.000320296006976, 0.000443475059001, 0.000403945567086, 0.000265681068413, 0.000160421826877, 0.000262849702267, 0.000104457532871, 0.000182549352758, 0.000449163810117, 0.000471248145914, 0.00035560442484, 0.000604882545304, 0.000185397046153, 0.000302773463773, 0.000403123267461, 0.000394745438825, 0.000240985536948, 0.00018051690131, 0.000458983238786, 0.000247730349656, 0.000334533397108, 0.00015177714522, 8.85487461346e-05, 0.000153776447405, 9.51466572587e-05, 0.000117701783893, 4.39335490228e-05, 7.98258115537e-05, 0.000127259700093, 4.46576086688e-05, 8.95889534149e-05, 9.57661250141e-05, 0.000134190748213, 7.22768891137e-05, 9.16089702514e-05, 2.04670577659e-05, 2.90384086838e-05, 1.80342376552e-05, 4.80821790916e-06, 1.83437225587e-06, 1.28460271753e-06, 1.1496854313e-06, 9.06222169306e-07, 6.5429372853e-07, 5.14466989898e-07, 5.85681959819e-07, 7.99236431703e-07, 6.41898168396e-07, 3.81071771471e-07, 2.97788773196e-07, 1.83814577781e-07, 4.4285386025e-08, 3.25666915657e-09, 3.20359339057e-09, 3.16091885999e-09, 3.07738923233e-09, 2.97904745317e-09, 2.87251933351e-09, 2.77492562262e-09, 2.66970401341e-09, 2.58167665024e-09, 2.48564302474e-09, 2.40512298966e-09, 2.3266166771e-09, 2.24987717345e-09, 2.18230900018e-09, 2.12280881762e-09, 2.06856953788e-09, 2.0241874843e-09, 1.9842114618e-09, 1.94731208936e-09, 1.91607241184e-09, 1.89366100578e-09, 1.87480764247e-09, 1.86390658463e-09],
        "mean": [6.20525097474e-05, 0.000272673409199, 0.000232770034927, 0.000159271556186, 0.000341481849318, 0.000766676093917, 0.00049707677681, 0.000222484610276, 0.00052440474974, 0.000572824443225, 0.000375033414457, 0.000693454174325, 0.00104398000985, 0.000696558330674, 0.000240175446379, 0.000165185541846, 0.000265459733782, 0.000279213680187, 0.00021387002198, 0.000197558634682, 0.000174860528205, 0.000203642310225, 0.000193199433852, 0.000203278556, 0.000119843716675, 4.65648590762e-05, 7.72044295445e-05, 0.000152189590153, 0.000238181703025, 0.000167422665982, 0.000127752733533, 8.14260420157e-05, 9.07135763555e-05, 0.000106100851553, 9.96165545075e-05, 6.21123763267e-05, 5.71883392695e-05, 9.57991578616e-05, 5.50933436898e-05, 4.90276797791e-05, 6.37037446722e-05, 3.10308969347e-05, 4.79657028336e-05, 5.10866157128e-05, 4.75580782222e-05, 2.33205064433e-05, 1.7778502297e-05, 2.5613941034e-05, 1.8442489818e-05, 1.90986484085e-05, 2.44137991103e-05, 1.47622959048e-05, 1.77742313099e-05, 1.81088871614e-05, 1.36118715091e-05, 1.66009849636e-05, 1.2151316696e-05, 1.25317355923e-05, 1.56029163918e-05, 1.05136368802e-05, 1.28700794448e-05, 2.31659196288e-05, 3.1252286135e-05, 2.06136282941e-05, 2.24345913011e-05, 7.04795365891e-06, 1.97068984562e-05, 2.59498501691e-05, 1.54815515998e-05, 1.34652764245e-05, 1.03118873085e-05, 2.10275757127e-05, 1.54516110342e-05, 1.34240472107e-05, 7.80622940511e-06, 5.58877809453e-06, 7.47270541979e-06, 6.35478409095e-06, 5.82083839618e-06, 3.80375558962e-06, 5.58382134841e-06, 5.67952338315e-06, 3.01031877825e-06, 4.27977465733e-06, 4.44886154582e-06, 3.01998875329e-06, 4.03183321396e-06, 3.68697942577e-06, 1.60280842465e-06, 1.88669184809e-06, 7.12113489953e-07, 2.25976791057e-07, 1.19239274454e-07, 9.61019068768e-08, 7.87967309179e-08, 7.36095486786e-08, 7.01917244328e-08, 6.49886686688e-08, 6.31454923905e-08, 6.46708357976e-08, 6.12149833046e-08, 5.66663409529e-08, 5.84654138436e-08, 4.47046026864e-08, 6.80372336248e-09, 2.90306893108e-11, 1.43110349959e-11, 1.16164126929e-11, 1.20017398797e-11, 1.14235764945e-11, 1.04728378747e-11, 1.04170257489e-11, 1.00589059651e-11, 9.75147393389e-12, 9.17852165799e-12, 8.88371667895e-12, 7.92469301986e-12, 7.07012400014e-12, 6.55951595124e-12, 6.35426520429e-12, 6.17177749879e-12, 6.01275322934e-12, 5.86883363088e-12, 5.72505931551e-12, 5.55685749151e-12, 5.38577299078e-12, 5.28586636267e-12, 5.24891848735e-12],
        "min": [3.8807299596e-09, 5.71633240742e-10, 1.26694219352e-11, 1.10884168329e-14, 2.11182339113e-15, 3.0619065785e-15, 8.76365444108e-15, 1.39317141604e-14, 1.54264283097e-14, 5.88748884714e-14, 5.10114343886e-14, 1.68271141785e-14, 1.60563396075e-14, 3.3322404894e-14, 1.88163388679e-14, 3.99005711826e-14, 1.98202643398e-14, 6.92419872931e-15, 2.75790607257e-14, 3.01998179339e-14, 2.94401615174e-14, 2.12468406177e-14, 2.918257541e-14, 3.22798089799e-14, 3.15578150363e-14, 1.31239496606e-14, 3.74517311694e-14, 1.16838911593e-13, 2.2673554115e-14, 4.69244597606e-14, 4.11843410937e-14, 2.38676147666e-14, 2.73278002603e-14, 1.4210612125e-13, 1.4505081435e-13, 4.68779102179e-14, 4.20545115929e-14, 8.00800601503e-14, 5.12276751238e-14, 3.13960120922e-13, 1.58090554536e-13, 6.12982429572e-14, 6.01888737418e-14, 5.72867897867e-14, 5.72579229039e-14, 3.42988949688e-14, 2.22391058341e-14, 3.97455709295e-14, 3.68456926482e-14, 3.89319822311e-14, 4.59632366076e-14, 3.98703321064e-14, 6.72304144864e-14, 5.86263622284e-14, 2.3358231175e-14, 5.0523929658e-14, 1.13718062744e-13, 1.46319127604e-13, 2.16479460226e-12, 5.29926092157e-13, 1.40802964448e-13, 5.82566289588e-14, 3.22657516211e-14, 3.17146753737e-14, 6.68683451709e-14, 7.32426475697e-14, 3.60245585803e-14, 3.81704682713e-15, 2.21103602143e-14, 9.5110754667e-14, 1.18923439347e-13, 9.72639124189e-14, 9.20038649216e-14, 6.45205189189e-14, 4.50987209003e-14, 5.26706262426e-14, 5.58605658745e-14, 3.584443533e-14, 6.57314914304e-14, 5.37268153415e-14, 1.32472076928e-13, 8.36682001351e-14, 5.91915364921e-14, 3.40986123343e-14, 4.57040343614e-14, 5.15350972617e-14, 3.69190016557e-14, 8.01683819698e-14, 1.51831441842e-13, 9.70240936747e-14, 4.81538264395e-14, 3.66028550785e-14, 2.71303534922e-14, 8.99422734641e-13, 9.16434137778e-13, 5.08667272799e-14, 5.13755331951e-14, 6.85883099448e-14, 2.95135606492e-13, 6.73126214056e-13, 6.60769860052e-14, 7.49914385689e-14, 5.71269445052e-14, 2.26857421737e-12, 1.75560466772e-12, 5.87232831264e-14, 4.81238685783e-14, 2.74343959686e-14, 2.77862653134e-14, 1.76754668031e-14, 1.8769397996e-14, 2.58537308451e-14, 2.54661658379e-14, 2.38482312647e-14, 2.16250018652e-14, 1.78637469807e-14, 1.68680478927e-14, 2.3379954182e-14, 2.97202888656e-14, 2.58489146158e-14, 2.04204363109e-14, 2.13017198824e-14, 2.39479914171e-14, 2.50156899996e-14, 1.3336108544e-14, 7.05814216684e-15, 7.10101124545e-16, 2.83775029397e-17],
        "stdev": [4.52917993243e-05, 0.000154987385031, 0.000129400999867, 0.000227164768148, 0.000508445489686, 0.00133932463359, 0.000937874487136, 0.000357144948794, 0.00108898209874, 0.00117106735706, 0.000593921809923, 0.00154585100245, 0.0027329036966, 0.00137066165917, 0.000393425812945, 0.000276145088719, 0.000463447126094, 0.000465353601612, 0.000343404681189, 0.000353055133019, 0.00028684627614, 0.000341827137163, 0.000451037776656, 0.000598029640969, 0.000265097100055, 9.76114606601e-05, 0.000233195096371, 0.000495738000609, 0.000645650201477, 0.000451466796221, 0.000347021181369, 0.000188599704416, 0.000270057033049, 0.000352670089342, 0.000320599181578, 0.000127602863358, 0.00011468170851, 0.000185157812666, 0.000101492434624, 8.60014260979e-05, 0.000159342220286, 6.66327250656e-05, 0.000121488614241, 0.000127433784655, 9.27288929233e-05, 4.69705410069e-05, 3.10293398798e-05, 5.47807612747e-05, 2.7314737963e-05, 2.90011776087e-05, 5.44718132005e-05, 2.50029606832e-05, 3.80482379114e-05, 3.27007692249e-05, 3.46333363268e-05, 3.9413349441e-05, 2.32618094742e-05, 2.08051678783e-05, 3.15946272167e-05, 1.57400172611e-05, 2.19470639422e-05, 4.92530525662e-05, 6.78785072523e-05, 4.35975161963e-05, 5.38748899999e-05, 1.6537394913e-05, 4.55580739072e-05, 5.92108153796e-05, 3.99027339881e-05, 2.92891418212e-05, 1.96308028535e-05, 5.00838796142e-05, 3.48690664396e-05, 3.71998976334e-05, 1.50047471834e-05, 9.55150608206e-06, 1.7179405404e-05, 1.24427115225e-05, 1.30836833705e-05, 6.74461398376e-06, 1.15571665447e-05, 1.28660658447e-05, 5.52138089915e-06, 9.74062186287e-06, 9.62256581261e-06, 7.75171974965e-06, 8.71002430358e-06, 9.18405658012e-06, 2.94674805446e-06, 4.17437513534e-06, 1.63205288572e-06, 4.3399381866e-07, 1.5641721518e-07, 1.12393074403e-07, 9.88598642948e-08, 8.63420837049e-08, 8.06900999351e-08, 6.27660270425e-08, 5.3029911129e-08, 5.85628079364e-08, 5.33562882765e-08, 3.64693626409e-08, 3.13728065748e-08, 2.47636560147e-08, 5.51113066294e-09, 1.42692246907e-10, 1.44119202683e-10, 1.39822889378e-10, 1.41572961687e-10, 1.35357267061e-10, 1.27150290297e-10, 1.25577381827e-10, 1.21386789509e-10, 1.17978640746e-10, 1.12020136223e-10, 1.08008296751e-10, 1.01088110105e-10, 9.66668411984e-11, 9.32568675061e-11, 9.06697911196e-11, 8.83196432655e-11, 8.63900964654e-11, 8.46542350108e-11, 8.30463059431e-11, 8.16701359319e-11, 8.06898367567e-11, 7.98840923966e-11, 7.94196583498e-11]
    },
    "mfcc": {
        "mean": [-666.880371094, 121.188690186, -15.8764028549, 25.3613243103, -12.5263166428, 12.3467235565, -2.0864648819, 2.06010293961, -2.14668560028, 0.492706179619, 2.23693418503, -2.30316281319, 3.4560136795],
        "cov": [[8417.80371094, 273.482910156, -1421.41516113, 732.404663086, -1456.89135742, 4.29037094116, -360.027526855, 5.4512295723, -724.548461914, -109.032043457, -127.721565247, -349.553100586, -92.0467758179], [273.482910156, 1160.16394043, 502.960784912, -130.976699829, -106.980979919, -303.339538574, -32.718082428, -239.708221436, -170.079315186, -110.475250244, -100.165565491, -91.1379699707, -147.642425537], [-1421.41516113, 502.960784912, 867.065246582, -149.952087402, 195.012252808, -93.4503860474, 26.0981750488, -106.981513977, 28.7926235199, -14.3746709824, -30.6893672943, -2.56967496872, -57.2458496094], [732.404663086, -130.976699829, -149.952087402, 258.340118408, -121.691642761, -21.0546188354, -74.6182785034, -5.78387117386, -97.8078994751, -22.9462490082, -28.5706386566, -16.1256732941, 2.33878684044], [-1456.89135742, -106.980979919, 195.012252808, -121.691642761, 457.776702881, 34.1886405945, 57.4300575256, 45.996471405, 217.766998291, 20.8966350555, 45.4201278687, 122.273254395, 53.2688179016], [4.29037094116, -303.339538574, -93.4503860474, -21.0546188354, 34.1886405945, 220.353713989, 4.16784095764, 95.8756103516, 71.2700500488, 39.1480941772, 63.3803634644, 4.88250589371, 56.5213165283], [-360.027526855, -32.718082428, 26.0981750488, -74.6182785034, 57.4300575256, 4.16784095764, 123.520545959, 9.29883289337, 37.6559448242, 24.9196872711, -1.31094288826, 2.23713231087, -12.9482908249], [5.4512295723, -239.708221436, -106.981513977, -5.78387117386, 45.996471405, 95.8756103516, 9.29883289337, 131.866760254, 72.075843811, 26.0899600983, 35.8231010437, 24.3688812256, 55.0232048035], [-724.548461914, -170.079315186, 28.7926235199, -97.8078994751, 217.766998291, 71.2700500488, 37.6559448242, 72.075843811, 189.52684021, 44.6949462891, 40.0119895935, 69.3045578003, 50.8025398254], [-109.032043457, -110.475250244, -14.3746709824, -22.9462490082, 20.8966350555, 39.1480941772, 24.9196872711, 26.0899600983, 44.6949462891, 60.1242599487, 20.0049266815, 5.7011051178, 15.1703453064], [-127.721565247, -100.165565491, -30.6893672943, -28.5706386566, 45.4201278687, 63.3803634644, -1.31094288826, 35.8231010437, 40.0119895935, 20.0049266815, 69.6158065796, 25.9590110779, 25.6655654907], [-349.553100586, -91.1379699707, -2.56967496872, -16.1256732941, 122.273254395, 4.88250589371, 2.23713231087, 24.3688812256, 69.3045578003, 5.7011051178, 25.9590110779, 76.4308242798, 35.9664115906], [-92.0467758179, -147.642425537, -57.2458496094, 2.33878684044, 53.2688179016, 56.5213165283, -12.9482908249, 55.0232048035, 50.8025398254, 15.1703453064, 25.6655654907, 35.9664115906, 67.2634658813]],
        "icov": [[0.000661019876134, -0.00115035753697, 0.00100974785164, -0.00124687689822, 0.00113827793393, -0.00119859876577, 0.00038242599112, -0.00118081632536, 0.00046595549793, -0.000996036920696, 0.000568234478123, -0.000717973220162, 0.000467360805487], [-0.00115035753697, 0.00529335113242, -0.0027897383552, 0.00456418236718, -0.00171347288415, 0.00497057056054, 0.000796012289356, 0.00372136523947, -0.000440236355644, 0.00471260771155, -0.00156142329797, 0.00391203910112, -0.000425431557233], [0.00100974785164, -0.0027897383552, 0.00366241647862, -0.00166794541292, 0.000131795037305, -0.00257624662481, 0.000886889989488, -0.00147090689279, 0.00145845150109, -0.0030304887332, 0.00167303101625, -0.000784314586781, 0.00123067758977], [-0.00124687689822, 0.00456418236718, -0.00166794541292, 0.0110484212637, -0.00279868557118, 0.00380344735458, 0.00382975488901, 0.00205776793882, 0.0044339587912, 0.00196901871823, 0.00222497805953, 0.000782773422543, -0.000477855937788], [0.00113827793393, -0.00171347288415, 0.000131795037305, -0.00279868557118, 0.0101539026946, -0.00193698273506, -0.00161065813154, -0.00067737698555, -0.00702499272302, 0.00239358469844, -0.00014458935766, -0.00730543024838, 0.00056392303668], [-0.00119859876577, 0.00497057056054, -0.00257624662481, 0.00380344735458, -0.00193698273506, 0.0145463719964, 0.000274255638942, 0.00066579808481, -0.00303574744612, 0.00400127517059, -0.00841682869941, 0.0110251465812, -0.00552910519764], [0.00038242599112, 0.000796012289356, 0.000886889989488, 0.00382975488901, -0.00161065813154, 0.000274255638942, 0.0132945934311, -0.00221469765529, 0.00269420421682, -0.00505074299872, 0.00361369154416, 0.000373265473172, 0.00583400344476], [-0.00118081632536, 0.00372136523947, -0.00147090689279, 0.00205776793882, -0.00067737698555, 0.00066579808481, -0.00221469765529, 0.0192075371742, -0.00609988160431, 0.00485515594482, -0.00313837453723, 0.0047661755234, -0.00877146888524], [0.00046595549793, -0.000440236355644, 0.00145845150109, 0.0044339587912, -0.00702499272302, -0.00303574744612, 0.00269420421682, -0.00609988160431, 0.0233649164438, -0.0105672208592, 0.00500805629417, -0.00654157763347, 0.000704453676008], [-0.000996036920696, 0.00471260771155, -0.0030304887332, 0.00196901871823, 0.00239358469844, 0.00400127517059, -0.00505074299872, 0.00485515594482, -0.0105672208592, 0.0306993573904, -0.00747587904334, 0.00762206921354, -0.00403396738693], [0.000568234478123, -0.00156142329797, 0.00167303101625, 0.00222497805953, -0.00014458935766, -0.00841682869941, 0.00361369154416, -0.00313837453723, 0.00500805629417, -0.00747587904334, 0.0267111677676, -0.0115594407544, 0.00303928903304], [-0.000717973220162, 0.00391203910112, -0.000784314586781, 0.000782773422543, -0.00730543024838, 0.0110251465812, 0.000373265473172, 0.0047661755234, -0.00654157763347, 0.00762206921354, -0.0115594407544, 0.040006518364, -0.0141557808965], [0.000467360805487, -0.000425431557233, 0.00123067758977, -0.000477855937788, 0.00056392303668, -0.00552910519764, 0.00583400344476, -0.00877146888524, 0.000704453676008, -0.00403396738693, 0.00303928903304, -0.0141557808965, 0.0349217765033]]
    },
    "spectral_contrast_coeffs": {
        "max": [-0.458403468132, -0.566662013531, -0.526105165482, -0.666648864746, -0.662809789181, -0.568655371666],
        "mean": [-0.714196026325, -0.810572147369, -0.793215334415, -0.808979332447, -0.799881696701, -0.72931265831],
        "min": [-0.938239216805, -0.973782837391, -0.946199893951, -0.949559569359, -0.920288980007, -0.918390274048],
        "stdev": [0.120023213327, 0.0590343475342, 0.0703372433782, 0.0482083596289, 0.0579042211175, 0.0836579948664]
    },
    "spectral_contrast_valleys": {
        "max": [-5.79882574081, -5.10038280487, -5.79901599884, -6.21635770798, -6.06092500687, -9.66704177856],
        "mean": [-7.17606115341, -6.67798042297, -7.28078603745, -7.57153654099, -7.64823865891, -10.7268018723],
        "min": [-18.7539997101, -16.9357948303, -16.7767677307, -16.5003528595, -16.1604213715, -17.5010185242],
        "stdev": [1.01182484627, 1.19837808609, 1.06943225861, 1.00469088554, 1.06781816483, 0.614467084408]
    }
},
"rhythm": {
    "beats_count": 30,
    "beats_loudness": {
        "max": 0.0562779344618,
        "mean": 0.0227415245026,
        "min": 2.40614263021e-05,
        "stdev": 0.0175477024168
    },
    "bpm": 142.811981201,
    "bpm_histogram_first_peak_bpm": 144,
    "bpm_histogram_first_peak_weight": 0.5,
    "bpm_histogram_second_peak_bpm": 152,
    "bpm_histogram_second_peak_spread": 0,
    "bpm_histogram_second_peak_weight": 0.172413796186,
    "danceability": 0.780428826809,
    "onset_rate": 2.11609268188,
    "beats_loudness_band_ratio": {
        "max": [0.783807337284, 0.913941860199, 0.596969604492, 0.420830875635, 0.322021186352, 0.20959867537],
        "mean": [0.277679979801, 0.23305913806, 0.172489225864, 0.166443303227, 0.111110009253, 0.0861904993653],
        "min": [0.00817717518657, 0.0114804217592, 0.0188926234841, 0.0176844075322, 0.00176816061139, 0.0010499630589],
        "stdev": [0.201884612441, 0.231621608138, 0.128735020757, 0.105706050992, 0.0860461071134, 0.0714570060372]
    },
    "beats_position": [0.383129239082, 0.777868449688, 1.17260766029, 1.57895684242, 1.98530614376, 2.39165520668, 2.80961441994, 3.22757363319, 3.64553284645, 4.06349182129, 4.45823097229, 4.85297060013, 5.24770975113, 5.61922883987, 6.04879808426, 6.47836732864, 6.8963265419, 7.31428575516, 7.74385452271, 8.18503379822, 8.6146030426, 9.03256225586, 9.45052146912, 9.86848068237, 10.2980499268, 10.7276191711, 11.1687984467, 11.6099767685, 12.0279359818, 12.4575052261],
