{
"metadata": {
    "version": {
        "essentia": "2.1-beta5",
        "essentia_git_sha": "Undefined",
        "extractor": "music 2.0"
    },
    "audio_properties": {
        "analysis": {
            "equal_loudness": 0,
            "length": 12.7477550507,
            "sample_rate": 44100,
            "start_time": 0,
            "downmix": "mix"
        },
        "bit_rate": 192000,
        "length": 184.610244751,
        "lossless": 0,
        "number_channels": 2,
        "replay_gain": -13.8278713226,
        "sample_rate": 48000,
        "codec": "mp3",
        "md5_encoded": "7e8c3aa4a365e3c6aa31b1a57537cadb"
    },
    "tags": {
        "file_name": "France_Marie Blanche_Guy Bonnet.mp3",
        "encoding": ["Lavf58.29.100"]
    }
},
"lowlevel": {
    "average_loudness": 0.849098086357,
    "barkbands_crest": {
        "max": 24.6754798889,
        "mean": 14.0530872345,
        "min": 4.14493227005,
        "stdev": 5.6360502243
    },
    "barkbands_flatness_db": {
        "max": 0.308847308159,
        "mean": 0.222136542201,
        "min": 0.125094935298,
        "stdev": 0.0346335694194
    },
    "barkbands_kurtosis": {
        "max": 49.5390472412,
        "mean": 7.89579391479,
        "min": -1.7661768198,
        "stdev": 10.4209270477
    },
    "barkbands_skewness": {
        "max": 6.92255353928,
        "mean": 1.79864704609,
        "min": -4.08333778381,
        "stdev": 1.99041557312
    },
    "barkbands_spread": {
        "max": 88.147277832,
        "mean": 13.0126218796,
        "min": 2.81564354897,
        "stdev": 9.18180465698
    },
    "dissonance": {
        "max": 0.49996060133,
        "mean": 0.435048609972,
        "min": 0.241758197546,
        "stdev": 0.0571152605116
    },
    "dynamic_complexity": 6.98440647125,
    "erbbands_crest": {
        "max": 32.736492157,
        "mean": 12.6556777954,
        "min": 2.37745523453,
        "stdev": 8.09121608734
    },
    "erbbands_flatness_db": {
        "max": 0.351737141609,
        "mean": 0.205614492297,
        "min": 0.0817585885525,
        "stdev": 0.0719799697399
    },
    "erbbands_kurtosis": {
        "max": 65.0856933594,
        "mean": 3.94034051895,
        "min": -1.67630660534,
        "stdev": 8.65571308136
    },
    "erbbands_skewness": {
        "max": 4.19990110397,
        "mean": 0.102752588689,
        "min": -7.02247905731,
        "stdev": 1.23242020607
    },
    "erbbands_spread": {
        "max": 127.892547607,
        "mean": 38.561378479,
        "min": 2.01739954948,
        "stdev": 37.1153640747
    },
    "hfc": {
        "max": 455.761016846,
        "mean": 18.5636196136,
        "min": 0.00174375157803,
        "stdev": 46.6126594543
    },
    "loudness_ebu128": {
        "integrated": -10.1917791367,
        "loudness_range": 6.9610118866,
        "momentary": {
            "max": -4.67856407166,
            "mean": -14.4250936508,
            "min": -29.2813949585,
            "stdev": 7.33776473999
        },
        "short_term": {
            "max": -7.84793519974,
            "mean": -11.8254003525,
            "min": -24.3288211823,
            "stdev": 3.21322417259
        }
    },
    "melbands_crest": {
        "max": 34.9226913452,
        "mean": 18.0467739105,
        "min": 6.16151857376,
        "stdev": 8.36052131653
    },
    "melbands_flatness_db": {
        "max": 0.358038455248,
        "mean": 0.260432869196,
        "min": 0.134420886636,
        "stdev": 0.0410378724337
    },
    "melbands_kurtosis": {
        "max": 320.555999756,
        "mean": 40.871761322,
        "min": -1.9170871973,
        "stdev": 71.4916763306
    },
    "melbands_skewness": {
        "max": 16.3788948059,
        "mean": 3.73093748093,
        "min": -2.05477333069,
        "stdev": 4.48087692261
    },
    "melbands_spread": {
        "max": 231.102523804,
        "mean": 16.5462532043,
        "min": 2.52209758759,
        "stdev": 26.6234741211
    },
    "pitch_salience": {
        "max": 0.79432785511,
        "mean": 0.472258299589,
        "min": 0.114780798554,
        "stdev": 0.15301464498
    },
    "silence_rate_20dB": {
        "max": 1,
        "mean": 1,
        "min": 1,
        "stdev": 0
    },
    "silence_rate_30dB": {
        "max": 1,
        "mean": 1,
        "min": 1,
        "stdev": 0
    },
    "silence_rate_60dB": {
        "max": 1,
        "mean": 0.223636358976,
        "min": 0,
        "stdev": 0.416678756475
    },
    "spectral_centroid": {
        "max": 5639.63818359,
        "mean": 1136.21533203,
        "min": 328.103179932,
        "stdev": 859.234375
    },
    "spectral_complexity": {
        "max": 25,
        "mean": 10.5690908432,
        "min": 0,
        "stdev": 6.46035814285
    },
    "spectral_decrease": {
        "max": -4.39888143272e-13,
        "mean": -5.1116137989e-09,
        "min": -2.12818616063e-08,
        "stdev": 4.24865964632e-09
    },
    "spectral_energy": {
        "max": 0.0870467424393,
        "mean": 0.0209761876613,
        "min": 1.81839982361e-06,
        "stdev": 0.0179952923208
    },
    "spectral_energyband_high": {
        "max": 0.0702214464545,
        "mean": 0.00106909696478,
        "min": 1.94103193962e-07,
        "stdev": 0.00718332687393
    },
    "spectral_energyband_low": {
        "max": 0.0218018777668,
        "mean": 0.00351350544952,
        "min": 1.0398782706e-06,
        "stdev": 0.00409944821149
    },
    "spectral_energyband_middle_high": {
        "max": 0.0809839963913,
        "mean": 0.00578321237117,
        "min": 7.70680728124e-08,
        "stdev": 0.0101571595296
    },
    "spectral_energyband_middle_low": {
        "max": 0.0536241903901,
        "mean": 0.0116546107456,
        "min": 1.96446023892e-07,
        "stdev": 0.0128433937207
    },
    "spectral_entropy": {
        "max": 8.6050901413,
        "mean": 7.26238584518,
        "min": 6.07197666168,
        "stdev": 0.647740006447
    },
    "spectral_flux": {
        "max": 0.262627154589,
        "mean": 0.0523942634463,
        "min": 0.00134848058224,
        "stdev": 0.0407542809844
    },
    "spectral_kurtosis": {
        "max": 25.157201767,
        "mean": 5.13186836243,
        "min": -0.323041915894,
        "stdev": 4.28055143356
    },
    "spectral_rms": {
        "max": 0.00921540334821,
        "mean": 0.00399124948308,
        "min": 4.21194563387e-05,
        "stdev": 0.00212943716906
    },
    "spectral_rolloff": {
        "max": 7256.68945312,
        "mean": 846.91998291,
        "min": 64.599609375,
        "stdev": 1045.35473633
    },
    "spectral_skewness": {
        "max": 4.06719398499,
        "mean": 1.66275072098,
        "min": -0.988050043583,
        "stdev": 0.850423812866
    },
    "spectral_spread": {
        "max": 9775843,
        "mean": 4389181,
        "min": 2231671,
        "stdev": 1773364.625
    },
    "spectral_strongpeak": {
        "max": 24.1399860382,
        "mean": 1.62859046459,
        "min": 0,
        "stdev": 2.35383796692
    },
    "zerocrossingrate": {
        "max": 0.29248046875,
        "mean": 0.0402956306934,
        "min": 0.0126953125,
        "stdev": 0.0339605398476
    },
    "barkbands": {
        "max": [0.00109407585114, 0.00471156975254, 0.0171902086586, 0.00935432780534, 0.0442131124437, 0.0128641026095, 0.00486945454031, 0.0494326613843, 0.0131541211158, 0.078734010458, 0.0566534399986, 0.0417940989137, 0.0172391012311, 0.0101267881691, 0.0172525886446, 0.000618737947661, 0.0037931308616, 0.00236259354278, 0.00137514481321, 0.00107101420872, 0.00628734426573, 0.0321118049324, 0.0454623401165, 0.000511279155035, 5.37786509085e-05, 3.34301694238e-06, 1.60695662998e-06],
        "mean": [0.000109297747258, 0.000991916283965, 0.00181924563367, 0.00110492506064, 0.00363796460442, 0.00134052126668, 0.000581721018534, 0.00344030978158, 0.000578901497647, 0.00259628542699, 0.00125048088375, 0.000836602121126, 0.000330234266585, 0.000239640634391, 0.000631103292108, 5.64721412957e-05, 0.000171481573489, 9.9385077192e-05, 6.40110811219e-05, 5.04048184666e-05, 0.000111406669021, 0.000422955490649, 0.000498162582517, 8.33737885841e-06, 4.39074347014e-06, 2.44004034755e-08, 1.07705675489e-08],
        "min": [6.30343606645e-07, 6.14585474068e-07, 1.06751187445e-07, 1.18025118567e-08, 3.81641811487e-08, 1.07236161284e-07, 2.50822225212e-08, 1.04259445521e-08, 3.16513792953e-09, 1.44794054524e-09, 7.01443791939e-09, 5.61525315135e-09, 7.11433045808e-09, 1.24463435114e-08, 1.4294813333e-08, 1.00182662166e-08, 6.68002719806e-09, 4.39174785427e-09, 5.96952354215e-09, 7.17699544239e-09, 8.60940563285e-09, 4.28382023188e-08, 5.11770430478e-08, 5.01252159779e-08, 3.59234562097e-08, 2.70691065049e-12, 2.40099975492e-12],
        "stdev": [9.48441083892e-05, 0.000663766462822, 0.00307564157993, 0.00147233530879, 0.00707476679236, 0.00192659359891, 0.000835063576233, 0.0084415981546, 0.00116645160597, 0.00809010304511, 0.00494333030656, 0.00311965984292, 0.00107542704791, 0.000681954610627, 0.00245513184927, 8.41186556499e-05, 0.000477770721773, 0.000245815783273, 0.00012927618809, 0.000113274225441, 0.000548331532627, 0.00283885514364, 0.0040149516426, 3.76138632419e-05, 3.26103963744e-06, 2.3867892196e-07, 1.12320826418e-07]
    },
    "erbbands": {
        "max": [0.105601266026, 1.4534714222, 16.3502960205, 21.2112846375, 34.7334747314, 199.908721924, 383.988983154, 137.91519165, 56.5240097046, 497.600769043, 1271.30847168, 321.226409912, 2148.65380859, 2407.45507812, 2216.20776367, 1269.76745605, 743.708679199, 279.980010986, 983.678405762, 331.562347412, 45.060333252, 153.658416748, 150.693878174, 77.3493804932, 33.9819488525, 45.2120361328, 124.91230011, 351.588134766, 1346.87426758, 1454.45666504, 1321.89978027, 125.442893982, 6.99948787689, 0.843169808388, 0.267845988274, 0.0226704645902, 0.00807185471058, 0.00227048597299, 0.000547571165953, 0.000267512339633],
        "mean": [0.0403115488589, 0.199491709471, 1.53952419758, 3.44774127007, 4.12836885452, 13.8304166794, 16.9668827057, 13.4106712341, 7.51070213318, 40.4135093689, 55.4939804077, 17.9581394196, 78.881439209, 41.3660621643, 54.4880714417, 30.4333095551, 19.7340087891, 12.3067245483, 31.1559524536, 13.4921751022, 4.00179004669, 9.75407505035, 6.77812194824, 4.44963598251, 2.55509877205, 2.09326314926, 2.64832162857, 6.82969903946, 15.999464035, 16.9356174469, 13.1325292587, 1.18403351307, 0.127935633063, 0.0716876462102, 0.0188557691872, 0.000652518065181, 9.5189010608e-05, 2.45411283686e-05, 1.64240045706e-05, 2.65334765572e-05],
        "min": [2.79319447145e-05, 0.000102444966615, 0.00014791142894, 7.60693146731e-05, 2.21932787099e-05, 0.000145626589074, 0.000565585040022, 0.00092697609216, 0.000517680600751, 0.000304239743855, 0.00016372918617, 7.94785519247e-05, 5.46924129594e-05, 0.000109140921268, 0.000309592316626, 0.000209522608202, 0.000326484296238, 0.000502123497427, 0.000901587540284, 0.000419332645833, 0.000666227308102, 0.000352102215402, 0.000269689480774, 0.000401068420615, 0.000147453902173, 0.000395409471821, 0.000316886143992, 0.000435674242908, 0.00193480530288, 0.00130781473126, 0.00144001678564, 0.000651699723676, 0.00109693524428, 0.000718566938303, 9.50981120695e-05, 2.43378372033e-06, 1.3255464637e-07, 1.68140701362e-08, 4.21866719336e-09, 3.03047320571e-09],
        "stdev": [0.0195085722953, 0.203142181039, 2.59408473969, 4.54845952988, 5.31182765961, 29.9156093597, 38.6371307373, 21.3300819397, 8.67209625244, 85.0211334229, 157.793624878, 31.1936759949, 231.5337677, 154.986221313, 198.057769775, 99.533203125, 59.2713356018, 26.266336441, 109.909416199, 44.2436408997, 6.89170885086, 23.1806755066, 17.2734050751, 8.40370082855, 4.47883653641, 4.85414981842, 11.0826997757, 36.5044441223, 108.483100891, 125.210166931, 108.702331543, 9.14732170105, 0.495846509933, 0.0683805495501, 0.0180941075087, 0.00186304224189, 0.000586490496062, 0.000168833867065, 4.50559527962e-05, 3.09497991111e-05]
    },
    "gfcc": {
        "mean": [-88.2434234619, 130.853683472, -121.447715759, 47.3905601501, -74.9755020142, 24.5748291016, -30.2077159882, 3.05340743065, -13.3416442871, -12.2483234406, -0.0467707812786, -12.8671483994, 8.46962356567],
        "cov": [[7244.5, 2377.25805664, -2357.23022461, -1807.74414062, -247.7605896, -1265.37365723, 92.32862854, -966.617004395, 7.88686800003, -413.158874512, 36.0187339783, -171.994857788, -158.988952637], [2377.25805664, 1599.20129395, -698.035888672, -1112.8572998, -51.7808494568, -403.106140137, 26.5079421997, -214.838043213, -191.481552124, -259.105102539, 65.8743057251, -162.548065186, 29.7288131714], [-2357.23022461, -698.035888672, 1116.44238281, 600.367736816, -4.46098709106, 513.333251953, 43.397026062, 361.308959961, -80.2285614014, 41.1527633667, -63.1786766052, 30.0331115723, 58.5892181396], [-1807.74414062, -1112.8572998, 600.367736816, 1048.26855469, 167.985412598, 285.051025391, -80.0193405151, 195.972549438, 63.1411857605, 189.720733643, -21.5971717834, 97.3748245239, -34.0327415466], [-247.7605896, -51.7808494568, -4.46098709106, 167.985412598, 224.410095215, 28.7362651825, -71.1509780884, 80.4169692993, -63.0081977844, 36.1389083862, 59.2925872803, 2.37029933929, 4.2080245018], [-1265.37365723, -403.106140137, 513.333251953, 285.051025391, 28.7362651825, 325.759613037, 60.9805107117, 197.936691284, -52.9040794373, 36.8170928955, 2.74206757545, 32.8545303345, 20.9203014374], [92.32862854, 26.5079421997, 43.397026062, -80.0193405151, -71.1509780884, 60.9805107117, 134.313644409, 27.785282135, -34.1549377441, -45.5594062805, -7.18896055222, 0.305404752493, -5.4778342247], [-966.617004395, -214.838043213, 361.308959961, 195.972549438, 80.4169692993, 197.936691284, 27.785282135, 238.09538269, -53.2353363037, 18.6758880615, -1.55768704414, -3.98416423798, 38.7400894165], [7.88686800003, -191.481552124, -80.2285614014, 63.1411857605, -63.0081977844, -52.9040794373, -34.1549377441, -53.2353363037, 176.254699707, 66.22240448, -66.6036453247, -10.4020347595, -26.9261608124], [-413.158874512, -259.105102539, 41.1527633667, 189.720733643, 36.1389083862, 36.8170928955, -45.5594062805, 18.6758880615, 66.22240448, 140.579071045, 40.3535652161, 20.850019455, -39.7983055115], [36.0187339783, 65.8743057251, -63.1786766052, -21.5971717834, 59.2925872803, 2.74206757545, -7.18896055222, -1.55768704414, -66.6036453247, 40.3535652161, 124.263458252, 45.4691925049, -14.7701931], [-171.994857788, -162.548065186, 30.0331115723, 97.3748245239, 2.37029933929, 32.8545303345, 0.305404752493, -3.98416423798, -10.4020347595, 20.850019455, 45.4691925049, 94.0425338745, 23.4247665405], [-158.988952637, 29.7288131714, 58.5892181396, -34.0327415466, 4.2080245018, 20.9203014374, -5.4778342247, 38.7400894165, -26.9261608124, -39.7983055115, -14.7701931, 23.4247665405, 79.9797973633]],
        "icov": [[0.00170764885843, -0.00115921348333, 0.000648993242066, -0.00013889168622, -0.00125309650321, 0.00311525096186, -0.00318716722541, 0.00252954452299, -0.000602164829616, 0.001990520861, 0.000572724791709, -0.00125583622139, 0.00235982425511], [-0.00115921348333, 0.00872916728258, -0.00295981368981, 0.00605769641697, -0.00157825450879, 0.00479438435286, 0.00194363668561, 0.000265079201199, 0.00358781940304, 0.00297521403991, -0.00713487016037, 0.0100820502266, -0.00355159747414], [0.000648993242066, -0.00295981368981, 0.0103577878326, -0.00530285295099, 0.00970074627548, -0.0110924402252, 0.00654760934412, -0.00537691731006, 0.00435452489182, 0.000862303364556, 0.00380188156851, -6.2975093897e-05, 0.000605814740993], [-0.00013889168622, 0.00605769641697, -0.00530285295099, 0.00923693086952, -0.0073592569679, 0.00721089122817, -0.00102817546576, 0.00191425636876, 0.00208207545802, -0.00093813391868, 0.00124115380459, -0.000944843865, 0.00353079126216], [-0.00125309650321, -0.00157825450879, 0.00970074627548, -0.0073592569679, 0.0218248125166, -0.0124546149746, 0.0149832274765, -0.0117595382035, 0.00738301267847, 0.000312559655868, -0.00317290937528, 0.00577163230628, -0.00294568878599], [0.00311525096186, 0.00479438435286, -0.0110924402252, 0.00721089122817, -0.0124546149746, 0.0320460610092, -0.0170362852514, 0.00635477574542, -0.000849612755701, 0.00271860230714, -0.00435025431216, -6.53236857033e-05, 0.00391533318907], [-0.00318716722541, 0.00194363668561, 0.00654760934412, -0.00102817546576, 0.0149832274765, -0.0170362852514, 0.0278623327613, -0.0135530177504, 0.00730863120407, 0.00232917792164, 0.00123047025409, 0.000205013537197, 0.00363554409705], [0.00252954452299, 0.000265079201199, -0.00537691731006, 0.00191425636876, -0.0117595382035, 0.00635477574542, -0.0135530177504, 0.0217146091163, -0.003754776204, 0.00115585315507, -0.00383573956788, 0.00656913826242, -0.00612775236368], [-0.000602164829616, 0.00358781940304, 0.00435452489182, 0.00208207545802, 0.00738301267847, -0.000849612755701, 0.00730863120407, -0.003754776204, 0.0251399893314, -0.0137662375346, 0.0163669865578, -0.00117136747576, 0.00229766126722], [0.001990520861, 0.00297521403991, 0.000862303364556, -0.00093813391868, 0.000312559655868, 0.00271860230714, 0.00232917792164, 0.00115585315507, -0.0137662375346, 0.0323051773012, -0.0227007698268, 0.00957401935011, 0.00513654202223], [0.000572724791709, -0.00713487016037, 0.00380188156851, 0.00124115380459, -0.00317290937528, -0.00435025431216, 0.00123047025409, -0.00383573956788, 0.0163669865578, -0.0227007698268, 0.0450402311981, -0.0313962437212, 0.0165080036968], [-0.00125583622139, 0.0100820502266, -6.2975093897e-05, -0.000944843865, 0.00577163230628, -6.53236857033e-05, 0.000205013537197, 0.00656913826242, -0.00117136747576, 0.00957401935011, -0.0313962437212, 0.0460649952292, -0.0249743703753], [0.00235982425511, -0.00355159747414, 0.000605814740993, 0.00353079126216, -0.00294568878599, 0.00391533318907, 0.00363554409705, -0.00612775236368, 0.00229766126722, 0.00513654202223, 0.0165080036968, -0.0249743703753, 0.0356135852635]]
    },
    "melbands": {
        "max": [0.00105575704947, 0.00582756754011, 0.00337737891823, 0.00622060336173, 0.0125623419881, 0.00264671491459, 0.000887570844498, 0.00665276870131, 0.00863134302199, 0.00219624093734, 0.0116077959538, 0.0090834274888, 0.0063276682049, 0.00564174400643, 0.00527720525861, 0.00200927769765, 0.000705361599103, 0.00159975397401, 0.00140592467505, 6.06167668593e-05, 5.52710444026e-05, 0.000151858621393, 0.000236476815189, 7.65721561038e-05, 7.25782083464e-05, 4.28191051469e-05, 3.62874852726e-05, 4.17740920966e-05, 5.51096673007e-05, 0.000172777698026, 0.000214023442823, 0.000799625879154, 0.000630485825241, 0.00101156707387, 0.000926950597204, 0.000291980599286, 8.99814858712e-06, 3.45511421074e-06, 9.92232003227e-07, 7.59631234359e-07],
        "mean": [0.000301523978123, 0.000629686517641, 0.000608494738117, 0.000574119505472, 0.000712174572982, 0.000272469391348, 0.000107336323708, 0.000581657805014, 0.000372648908524, 9.9523938843e-05, 0.000405961123761, 0.000181129173143, 0.000158879731316, 0.000105250743218, 7.48309175833e-05, 3.26102635881e-05, 2.15204981941e-05, 4.42473574367e-05, 4.6939614549e-05, 4.49380331702e-06, 3.98816655434e-06, 9.77817580861e-06, 9.33940191317e-06, 3.98398242396e-06, 3.68109658666e-06, 1.84661030289e-06, 1.83979943813e-06, 1.27322573462e-06, 1.40760914746e-06, 2.46082436206e-06, 4.06595745517e-06, 9.22166782402e-06, 8.43086218083e-06, 1.0298324014e-05, 9.59190583671e-06, 2.2203480512e-06, 1.27439491848e-07, 6.94223771802e-08, 5.80802392847e-08, 6.05339494086e-08],
        "min": [2.40412930452e-07, 9.32576753598e-08, 1.15374554355e-08, 4.85501061576e-09, 1.76723098377e-08, 2.05633270411e-08, 7.22134085862e-09, 3.08627901013e-09, 1.14392706418e-09, 4.38151875892e-10, 2.56906440566e-10, 3.73701763978e-10, 1.04229880282e-09, 7.42720107638e-10, 4.30338292778e-10, 7.89132037493e-10, 9.8986541186e-10, 1.48962520097e-09, 9.71787983417e-10, 3.86563642207e-10, 8.81088924043e-10, 3.13773951266e-10, 4.60507687539e-10, 1.09381240176e-10, 3.83016202088e-10, 7.55294993215e-11, 1.19029092138e-10, 3.05374697751e-10, 1.6001468206e-10, 2.36274860788e-10, 2.30477081864e-10, 9.6401908678e-10, 1.01679020759e-09, 8.08341393821e-10, 1.08953013278e-09, 3.63394592195e-10, 3.75773107075e-10, 7.08054115339e-10, 7.71079589068e-10, 5.75811731629e-10],
        "stdev": [0.000157217597007, 0.000952430535108, 0.000727588834707, 0.000938609242439, 0.00157804402988, 0.000418966112193, 0.000135753420182, 0.00126677472144, 0.00104768923484, 0.000201853821636, 0.001228630892, 0.000688872707542, 0.000580585328862, 0.000353727809852, 0.000347887369571, 0.000119196993182, 5.08214652655e-05, 0.000149287545355, 0.000182614647201, 6.77851903674e-06, 7.89283421909e-06, 2.24969498959e-05, 2.84256911982e-05, 8.51451295603e-06, 7.32848639018e-06, 3.8883263187e-06, 3.43814531334e-06, 3.88721355193e-06, 4.92482240588e-06, 1.25194856082e-05, 2.20637575694e-05, 6.38782803435e-05, 5.77883365622e-05, 8.02560243756e-05, 8.08254990261e-05, 1.86944362213e-05, 6.72774206123e-07, 2.09842184518e-07, 5.99754983455e-08, 4.28835420507e-08]
    },
    "melbands128": {
        "max": [0.000716929207556, 0.000883605098352, 0.000895629287697, 0.00255425227806, 0.0079419054091, 0.00968371145427, 0.00504032429308, 0.0048167295754, 0.00467260740697, 0.00507873948663, 0.013968761079, 0.0208178739995, 0.0181030482054, 0.00271918834187, 0.0050948029384, 0.00172207911965, 0.00152487820014, 0.00123689882457, 0.00194158754312, 0.0060644922778, 0.0133106298745, 0.0192683991045, 0.00918195862323, 0.00385642121546, 0.00338267930783, 0.00348892319016, 0.00457185599953, 0.0131522919983, 0.0251354258507, 0.00305417785421, 0.0178090203553, 0.0129986470565, 0.00606241822243, 0.0146387498826, 0.0133613375947, 0.00350796454586, 0.00351699953899, 0.0108700403944, 0.00143920315895, 0.0024032057263, 0.0027995982673, 0.00105532060843, 0.000325514760334, 0.00158463604748, 0.00182837888133, 0.00325965788215, 0.00422299047932, 0.00283178663813, 0.000387561158277, 0.000100613251561, 0.000127880295622, 4.42967539129e-05, 0.00010828320228, 0.000139803712955, 0.000146255290019, 0.000346127577359, 0.000382520520361, 0.000546050432604, 0.00036129594082, 0.000224721705308, 7.46283403714e-05, 4.26266233262e-05, 0.000180722345249, 9.98555115075e-05, 6.69033324812e-05, 8.72768796398e-05, 4.03323065257e-05, 4.30084510299e-05, 5.72599528823e-05, 4.34861467511e-05, 2.50695320574e-05, 9.70091423369e-05, 6.26831970294e-05, 3.22597152262e-05, 8.30388162285e-05, 0.000129990949063, 0.000290029711323, 0.000267382682068, 0.000254657032201, 0.000364395615179, 0.000874738791026, 0.000913095020223, 0.000992438290268, 0.000684879079927, 0.000685055390932, 0.000828714459203, 0.00125532108359, 0.0016397027066, 0.00113617931493, 0.00106195907574, 0.000371861184249, 0.00010733713134, 1.5778485249e-05, 1.21101375044e-05, 6.66256437398e-06, 4.25631560574e-06, 4.75233673569e-06, 2.16628882299e-06, 9.32459158776e-07, 6.47047670554e-07, 8.79965284639e-07, 7.12111955181e-07, 7.0144193387e-07, 7.26113626115e-07, 1.84631829825e-07, 2.44080311518e-08, 2.27171845779e-08, 2.49422367204e-08, 2.57423433681e-08, 2.44183002707e-08, 2.49463152358e-08, 2.60253862905e-08, 2.05680450449e-08, 1.69685243634e-08, 1.53034918071e-08, 2.03434851187e-08, 2.05501216044e-08, 7.51014628264e-09, 7.30401739091e-09, 7.94645060864e-09, 8.39681568721e-09, 8.42462100081e-09, 8.24969781377e-09, 7.125754653e-09, 6.4573337788e-09, 6.37394670377e-09, 6.32266239364e-09, 6.2882983265e-09],
        "mean": [9.12770919967e-05, 0.000374593393644, 0.000328221998643, 0.000279848405626, 0.000603201391641, 0.00097706366796, 0.00073282798985, 0.000518585147802, 0.000374563533114, 0.000343966908986, 0.000809133634903, 0.00124936993234, 0.000545174465515, 0.000250782264629, 0.000413375382777, 0.000183378928341, 0.00010668294999, 7.92278369772e-05, 0.00012303602125, 0.000361689802958, 0.000972773705143, 0.000826699251775, 0.000176591260242, 8.3948179963e-05, 9.90644693957e-05, 7.20969837857e-05, 0.00017021720123, 0.000533770769835, 0.0005963180447, 0.000106334555312, 0.00013561155356, 7.64967262512e-05, 0.000116357856314, 0.000299737817841, 0.00011351347348, 4.29409883509e-05, 6.17771147517e-05, 0.000137461640406, 2.37253170781e-05, 3.64496008842e-05, 4.28751336585e-05, 1.36488451972e-05, 1.53229393618e-05, 2.67333034571e-05, 3.33477692038e-05, 1.96736637008e-05, 9.71011977526e-05, 7.79893307481e-05, 8.30851513456e-06, 2.95259246741e-06, 5.6169101299e-06, 3.55816064257e-06, 3.7775716919e-06, 4.21676122642e-06, 4.55953795608e-06, 1.10051551019e-05, 1.28301835502e-05, 1.22576584545e-05, 7.06862829247e-06, 6.58782528262e-06, 2.60861088464e-06, 2.42336591327e-06, 6.06929052083e-06, 2.49171921496e-06, 3.03461865769e-06, 1.6561917846e-06, 1.14183626465e-06, 2.35584570873e-06, 1.86594695606e-06, 1.4279894458e-06, 8.37659740682e-07, 1.62645949331e-06, 1.54977408329e-06, 1.23093002458e-06, 1.30621128847e-06, 1.96391192731e-06, 2.9977156828e-06, 4.19054094891e-06, 3.83361702916e-06, 3.89450588045e-06, 8.98627604329e-06, 1.19369187814e-05, 9.00565009943e-06, 7.66238463257e-06, 8.23292066343e-06, 9.36309243116e-06, 9.93885259959e-06, 1.41145410453e-05, 1.04274431578e-05, 6.3930719989e-06, 3.57314934263e-06, 8.35042726521e-07, 1.49695267737e-07, 1.22238120071e-07, 9.02442565121e-08, 7.30006064487e-08, 6.73493758541e-08, 5.72056677584e-08, 5.66008786507e-08, 5.99791860623e-08, 5.93069309218e-08, 5.93919686764e-08, 6.39245030243e-08, 5.23598409075e-08, 8.30636803784e-09, 1.65105887295e-10, 1.7399647001e-10, 1.79824308222e-10, 1.95316554596e-10, 1.79207884643e-10, 1.67382330218e-10, 1.47984943744e-10, 1.2331055621e-10, 1.23798971075e-10, 1.09673173321e-10, 1.15335359319e-10, 9.56291434928e-11, 4.75989803128e-11, 4.52433993048e-11, 5.21989187985e-11, 5.16029267927e-11, 4.47259590475e-11, 4.32900347513e-11, 3.96054265772e-11, 3.12529203905e-11, 2.02800710253e-11, 1.5095005107e-11, 1.43555792254e-11],
        "min": [1.76169777433e-07, 2.74671435818e-07, 2.21730829253e-07, 1.57038471116e-07, 9.36293886866e-08, 4.45404140237e-08, 1.56666875029e-08, 3.61386520709e-09, 9.25261145479e-10, 2.89177259916e-09, 7.9109216955e-09, 1.42312313045e-08, 1.96904661465e-08, 2.30092567222e-08, 2.31027623698e-08, 1.92749531891e-08, 1.11755689147e-08, 4.35066915827e-09, 2.91396262675e-09, 3.76064068774e-09, 3.03054070727e-09, 1.59495094909e-09, 8.70704230937e-10, 7.0287592413e-10, 5.53271706227e-10, 3.07174952141e-10, 1.96380245399e-10, 2.98557789602e-10, 2.9082386499e-10, 8.93369614396e-11, 3.49936774002e-10, 1.02286934478e-09, 1.14623488479e-09, 1.04543318447e-09, 9.18901288394e-10, 6.63317623051e-10, 4.44805720035e-10, 2.71686673159e-10, 4.4728107329e-10, 9.39868960437e-10, 9.71761449087e-10, 4.17776618855e-10, 7.30395299797e-10, 1.4063952225e-09, 1.59840507497e-09, 1.21117915697e-09, 1.858079135e-09, 1.25379251426e-09, 4.64278893109e-10, 2.93571417176e-10, 2.69229860628e-10, 5.29565835627e-10, 1.11197284713e-09, 1.0057947808e-09, 4.65961547125e-10, 1.82006507088e-10, 1.24679266911e-10, 7.14767522947e-10, 5.48703915637e-10, 6.06074912479e-11, 3.29308663671e-11, 1.01575525768e-10, 5.08773800867e-10, 5.34048305578e-10, 5.51139932303e-11, 1.7474343153e-11, 1.08601183602e-10, 1.20433885087e-10, 2.96034134706e-11, 2.41209524576e-10, 4.38810071612e-10, 2.23252291653e-10, 2.32817445878e-10, 9.08963945778e-11, 1.18298121299e-10, 4.54372955927e-10, 1.24328394802e-10, 1.01322845947e-10, 3.48142653595e-10, 2.56514476327e-10, 2.61409893731e-10, 1.49308365671e-09, 2.13327755461e-09, 8.60840732031e-10, 2.24594592924e-10, 3.3496927454e-10, 8.27092505595e-10, 2.1342223544e-09, 1.06377273656e-09, 4.65471966526e-10, 4.93256990808e-10, 2.15500228773e-10, 4.06334133007e-10, 3.78196224338e-10, 3.53118922991e-10, 3.90379506499e-10, 8.03470179278e-10, 1.21524257324e-09, 6.74126254818e-10, 5.4257059956e-10, 8.98692897877e-10, 5.81361514485e-10, 1.95863075758e-10, 2.62087879177e-10, 1.51262353337e-11, 5.35950949419e-13, 4.64932894972e-14, 3.69165757534e-14, 2.51761248161e-14, 2.0159675524e-14, 1.81763343255e-14, 1.23878746413e-14, 1.38588574685e-14, 1.23382198759e-14, 7.42281568513e-15, 7.53809686926e-15, 1.92769350558e-14, 1.04777602881e-14, 9.19169322361e-15, 1.07456530924e-14, 1.17901810886e-14, 9.03005816145e-15, 8.51114460214e-15, 1.03974522473e-14, 9.65931385577e-15, 4.38055243595e-15, 9.90875870599e-16, 2.53757058558e-17],
        "stdev": [7.85516895121e-05, 0.000188787496882, 0.000166306577739, 0.000361260114005, 0.00113256392069, 0.00163484679069, 0.00105979433283, 0.000726444704924, 0.000614116259385, 0.000582529988606, 0.00195864867419, 0.00314551452175, 0.00157919956837, 0.000383816135582, 0.000798484717961, 0.000267780473223, 0.000174982269527, 0.000141408818308, 0.000238991895458, 0.00099470699206, 0.00241383211687, 0.00274041201919, 0.000784986186773, 0.000248456286499, 0.000261400622549, 0.000243833244895, 0.000642400584184, 0.00156047532801, 0.00262125674635, 0.000341519509675, 0.00104387127794, 0.00062908133259, 0.000474628788652, 0.00130752904806, 0.000661073951051, 0.000215146603296, 0.00025537572219, 0.00073812919436, 7.91030615801e-05, 0.000131741006044, 0.000189829544979, 8.3405568148e-05, 3.24485190504e-05, 0.000100361925433, 0.000140828808071, 0.000166918442119, 0.000459974253317, 0.000354745425284, 3.02887419821e-05, 7.88379657024e-06, 1.1217993233e-05, 5.57979865334e-06, 8.34583806864e-06, 1.48386143337e-05, 1.51277645273e-05, 3.02338703477e-05, 4.04185520892e-05, 5.75483281864e-05, 3.02186526824e-05, 2.12676823139e-05, 7.8274306361e-06, 5.46339606444e-06, 1.44967998494e-05, 6.76198123983e-06, 6.44984584142e-06, 5.33491856913e-06, 3.26741565004e-06, 5.22957589055e-06, 4.4626331146e-06, 3.56503210241e-06, 2.57152692029e-06, 7.25831932868e-06, 5.41060808246e-06, 3.00175884149e-06, 7.38130211175e-06, 1.10038754428e-05, 1.65350411407e-05, 2.1940411898e-05, 2.18401964958e-05, 2.55782397289e-05, 6.38245401205e-05, 8.37941406644e-05, 6.53927854728e-05, 5.41257650184e-05, 6.02530926699e-05, 7.06506252754e-05, 8.04198716651e-05, 0.000125069011119, 8.97532663657e-05, 5.89222909184e-05, 2.92678560072e-05, 7.22878485249e-06, 8.44167459491e-07, 6.69477344672e-07, 4.40266347823e-07, 2.45470062055e-07, 2.27780532214e-07, 1.08778529295e-07, 6.60812489173e-08, 5.03671166996e-08, 4.54240662862e-08, 4.57530688891e-08, 5.04040222893e-08, 4.88727636139e-08, 1.23689236631e-08, 1.43778888795e-09, 1.68898739439e-09, 1.78250381122e-09, 1.96229787974e-09, 1.74818315379e-09, 1.67035629772e-09, 1.50449896985e-09, 1.22439780537e-09, 1.18171661345e-09, 1.05551167806e-09, 1.19095588946e-09, 1.05877850931e-09, 5.01065522407e-10, 4.90992135838e-10, 5.61268254096e-10, 5.56114876371e-10, 5.047298135e-10, 4.92907215044e-10, 4.48906911643e-10, 3.59666352256e-10, 2.82380813177e-10, 2.69422179011e-10, 2.67822375388e-10]
    },
    "mfcc": {
        "mean": [-718.925964355, 135.44770813, 18.1768856049, 20.2143611908, -2.99805879593, 9.339594841, 2.73249721527, 7.42242479324, 2.17020606995, -3.54214501381, 2.14495134354, -2.81148600578, 0.134397491813],
        "cov": [[7978.94824219, 2659.7265625, -2456.03173828, -639.286804199, -1175.46655273, -386.336425781, -724.538024902, -446.083312988, -628.620666504, -460.730804443, -51.6944389343, -316.673736572, -286.613677979], [2659.7265625, 2089.6640625, -805.357727051, -742.80871582, -419.073394775, -429.042785645, 19.2004852295, -176.926528931, -209.948013306, -230.989532471, -136.943267822, -135.648025513, -155.394104004], [-2456.03173828, -805.357727051, 1108.72900391, 168.260879517, 244.213394165, 157.093490601, 245.530563354, 219.706710815, 228.567214966, 166.436080933, -57.1648979187, 63.1418685913, 93.1100540161], [-639.286804199, -742.80871582, 168.260879517, 456.796630859, 237.786376953, 125.845397949, -13.1059675217, 22.2380695343, 36.0754432678, 63.010848999, 40.3717689514, 39.2760734558, 89.1429977417], [-1175.46655273, -419.073394775, 244.213394165, 237.786376953, 396.771057129, 26.3794937134, 141.781555176, 27.9191513062, 64.203453064, 67.1767807007, -2.27513933182, 58.5776863098, 76.3047027588], [-386.336425781, -429.042785645, 157.093490601, 125.845397949, 26.3794937134, 160.065979004, -38.5437202454, 27.1946678162, 18.1375484467, 33.0731620789, 41.407081604, 31.402589798, 24.3388957977], [-724.538024902, 19.2004852295, 245.530563354, -13.1059675217, 141.781555176, -38.5437202454, 336.381896973, 97.3895874023, 21.6905841827, -6.95813941956, -79.3041610718, 70.9253692627, 114.872390747], [-446.083312988, -176.926528931, 219.706710815, 22.2380695343, 27.9191513062, 27.1946678162, 97.3895874023, 119.747306824, 64.8512115479, 26.2055492401, -42.78698349, -4.26281070709, 26.8674354553], [-628.620666504, -209.948013306, 228.567214966, 36.0754432678, 64.203453064, 18.1375484467, 21.6905841827, 64.8512115479, 143.412887573, 85.8422164917, -4.09521579742, -15.0660734177, -33.7342681885], [-460.730804443, -230.989532471, 166.436080933, 63.010848999, 67.1767807007, 33.0731620789, -6.95813941956, 26.2055492401, 85.8422164917, 107.907447815, 32.0087471008, 6.15083169937, -15.8108043671], [-51.6944389343, -136.943267822, -57.1648979187, 40.3717689514, -2.27513933182, 41.407081604, -79.3041610718, -42.78698349, -4.09521579742, 32.0087471008, 108.446662903, 40.2343826294, -21.3938217163], [-316.673736572, -135.648025513, 63.1418685913, 39.2760734558, 58.5776863098, 31.402589798, 70.9253692627, -4.26281070709, -15.0660734177, 6.15083169937, 40.2343826294, 106.304641724, 74.7783737183], [-286.613677979, -155.394104004, 93.1100540161, 89.1429977417, 76.3047027588, 24.3388957977, 114.872390747, 26.8674354553, -33.7342681885, -15.8108043671, -21.3938217163, 74.7783737183, 148.482971191]],
        "icov": [[0.002893084893, -0.0038239529822, 0.00398915912956, -0.00519514316693, 0.00477711949497, -0.00295365974307, 0.00323893432505, -0.00427465187386, 0.00471891229972, -0.00477884709835, 0.00532983196899, -0.00271697924472, 0.00119638664182], [-0.0038239529822, 0.00924988556653, -0.00462786480784, 0.0104144150391, -0.00514397118241, 0.00903424713761, -0.00627864617854, 0.00968905072659, -0.00465972209349, 0.00705221155658, -0.00507186399773, 0.0052280924283, -0.000455865549156], [0.00398915912956, -0.00462786480784, 0.00815123412758, -0.00624209037051, 0.00630344962701, -0.00553524121642, 0.0034742327407, -0.00674149859697, 0.00481299497187, -0.00830757804215, 0.0093545075506, -0.00438842969015, 0.00145979982335], [-0.00519514316693, 0.0104144150391, -0.00624209037051, 0.0179568361491, -0.0110130058601, 0.00671427510679, -0.0056631793268, 0.0102246319875, -0.00776062719524, 0.00887753721327, -0.00971870683134, 0.00931468419731, -0.00581427663565], [0.00477711949497, -0.00514397118241, 0.00630344962701, -0.0110130058601, 0.0142742488533, -0.00231184111908, 0.00170644023456, -0.00258864928037, 0.00688930787146, -0.00904166791588, 0.0100661618635, -0.00505636353046, 0.00328775588423], [-0.00295365974307, 0.00903424713761, -0.00553524121642, 0.00671427510679, -0.00231184111908, 0.0223449729383, -0.0022324915044, 0.00483286799863, 0.000183985583135, 0.00625832006335, -0.00582376122475, 0.00115780776832, 0.000857383594848], [0.00323893432505, -0.00627864617854, 0.0034742327407, -0.0056631793268, 0.00170644023456, -0.0022324915044, 0.0148274777457, -0.0135310934857, 0.00628480315208, -0.00514592649415, 0.00953242834657, -0.010814868845, -0.000931316288188], [-0.00427465187386, 0.00968905072659, -0.00674149859697, 0.0102246319875, -0.00258864928037, 0.00483286799863, -0.0135310934857, 0.0330372452736, -0.0142480963841, 0.00956718903035, -0.00460904184729, 0.0122113460675, -0.00402616336942], [0.00471891229972, -0.00465972209349, 0.00481299497187, -0.00776062719524, 0.00688930787146, 0.000183985583135, 0.00628480315208, -0.0142480963841, 0.0316819772124, -0.0202319100499, 0.0125998882577, -0.00687787262723, 0.0103414896876], [-0.00477884709835, 0.00705221155658, -0.00830757804215, 0.00887753721327, -0.00904166791588, 0.00625832006335, -0.00514592649415, 0.00956718903035, -0.0202319100499, 0.0330244638026, -0.0178483948112, 0.00800016894937, -0.0037743865978], [0.00532983196899, -0.00507186399773, 0.0093545075506, -0.00971870683134, 0.0100661618635, -0.00582376122475, 0.00953242834657, -0.00460904184729, 0.0125998882577, -0.0178483948112, 0.0383867509663, -0.0234181284904, 0.0124765085056], [-0.00271697924472, 0.0052280924283, -0.00438842969015, 0.00931468419731, -0.00505636353046, 0.00115780776832, -0.010814868845, 0.0122113460675, -0.00687787262723, 0.00800016894937, -0.0234181284904, 0.0362545177341, -0.0163907147944], [0.00119638664182, -0.000455865549156, 0.00145979982335, -0.00581427663565, 0.00328775588423, 0.000857383594848, -0.000931316288188, -0.00402616336942, 0.0103414896876, -0.0037743865978, 0.0124765085056, -0.0163907147944, 0.0227611009032]]
    },
    "spectral_contrast_coeffs": {
        "max": [-0.381290793419, -0.458219826221, -0.481347411871, -0.610879421234, -0.6707239151, -0.450535833836],
        "mean": [-0.703230977058, -0.742838799953, -0.737742245197, -0.79775094986, -0.81516456604, -0.787376046181],
        "min": [-0.912838459015, -0.935229957104, -0.958716928959, -0.938078582287, -0.90857976675, -0.886472702026],
        "stdev": [0.100356273353, 0.106170013547, 0.10162550956, 0.068335711956, 0.055092856288, 0.0766968205571]
    },
    "spectral_contrast_valleys": {
        "max": [-5.28999376297, -5.35098075867, -5.75419044495, -7.03246355057, -7.00915193558, -9.23625946045],
        "mean": [-7.12461185455, -7.32690095901, -8.02818584442, -8.60268497467, -8.51874637604, -10.7576475143],
        "min": [-11.0821886063, -11.3724060059, -12.1677684784, -11.6714611053, -12.2997198105, -13.0293664932],
        "stdev": [0.735368967056, 1.06964421272, 1.12592828274, 0.912124752998, 0.683351516724, 0.232431977987]
    }
},
"rhythm": {
    "beats_count": 21,
    "beats_loudness": {
        "max": 0.0822988376021,
        "mean": 0.0294469818473,
        "min": 0.00052570347907,
        "stdev": 0.0207357350737
    },
    "bpm": 111.762001038,
    "bpm_histogram_first_peak_bpm": 112,
    "bpm_histogram_first_peak_weight": 0.125,
    "bpm_histogram_second_peak_bpm": 96,
    "bpm_histogram_second_peak_spread": 0.375,
    "bpm_histogram_second_peak_weight": 0.25,
    "danceability": 0.921948254108,
    "onset_rate": 2.19446659088,
    "beats_loudness_band_ratio": {
        "max": [0.959468901157, 0.646440505981, 0.701670885086, 0.898795425892, 0.322554975748, 0.0356197878718],
        "mean": [0.377603769302, 0.125529676676, 0.20097130537, 0.288506686687, 0.0300091225654, 0.0108581837267],
        "min": [0.0129162333906, 0.0132717322558, 0.0033583776094, 0.00193579390179, 0.000708749168552, 0.00103369401768],
        "stdev": [0.34326583147, 0.140765428543, 0.208465144038, 0.304531008005, 0.0686762332916, 0.0107430256903]
    },
    "beats_position": [0.568888902664, 1.13777780533, 1.71827661991, 2.28716540337, 2.85605430603, 3.41333317757, 3.94739222527, 4.48145103455, 5.01551008224, 5.54956912994, 6.08362817764, 6.6176867485, 7.1517457962, 7.76707458496, 8.39401340485, 9.02095222473, 9.63628101349, 10.2632198334, 10.8901586533, 11.505487442, 12.1324262619],
    "bpm_histogram": [0, 0, 0, 0, 0, 0, 0, 0, 0, 0, 0, 0, 0, 0, 0, 0, 0, 0, 0, 0, 0, 0, 0, 0, 0, 0, 0, 0, 0, 0, 0, 0, 0, 0, 0, 0, 0, 0, 0, 0, 0, 0, 0, 0, 0, 0, 0, 0, 0, 0, 0, 0, 0, 0, 0, 0, 0, 0, 0, 0, 0, 0, 0, 0, 0, 0, 0, 0, 0, 0, 0, 0, 0, 0, 0, 0, 0, 0, 0, 0, 0, 0, 0, 0, 0, 0, 0, 0, 0, 0, 0, 0, 0, 0, 0, 0, 0.25, 0, 0.15000000596, 0, 0, 0, 0, 0.0500000007451, 0, 0.15000000596, 0, 0, 0.0500000007451, 0, 0, 0, 0.34999999404, 0, 0, 0, 0, 0, 0, 0, 0, 0, 0, 0, 0, 0, 0, 0, 0, 0, 0, 0, 0, 0, 0, 0, 0, 0, 0, 0, 0, 0, 0, 0, 0, 0, 0, 0, 0, 0, 0, 0, 0, 0, 0, 0, 0, 0, 0, 0, 0, 0, 0, 0, 0, 0, 0, 0, 0, 0, 0, 0, 0, 0, 0, 0, 0, 0, 0, 0, 0, 0, 0, 0, 0, 0, 0, 0, 0, 0, 0, 0, 0, 0, 0, 0, 0, 0, 0, 0, 0, 0, 0, 0, 0, 0, 0, 0, 0, 0, 0, 0, 0, 0, 0, 0, 0, 0, 0, 0, 0, 0, 0, 0, 0, 0, 0, 0, 0, 0, 0, 0, 0, 0, 0, 0, 0, 0, 0, 0, 0, 0, 0, 0, 0, 0, 0, 0, 0, 0]
},
"tonal": {
