{
"metadata": {
    "version": {
        "essentia": "2.1-beta5",
        "essentia_git_sha": "Undefined",
        "extractor": "music 2.0"
    },
    "audio_properties": {
        "analysis": {
            "equal_loudness": 0,
            "length": 22.9645347595,
            "sample_rate": 44100,
            "start_time": 191.4949646,
            "downmix": "mix"
        },
        "bit_rate": 192000,
        "length": 214.482727051,
        "lossless": 0,
        "number_channels": 2,
        "replay_gain": -12.2900371552,
        "sample_rate": 48000,
        "codec": "mp3",
        "md5_encoded": "9a4d76084a115f60d66d2280169afefe"
    },
    "tags": {
        "file_name": "Spain_Gwendolyne_Julio Iglesias.mp3",
        "encoding": ["Lavf58.29.100"]
    }
},
"lowlevel": {
    "average_loudness": 0.185005903244,
    "barkbands_crest": {
        "max": 23.4432010651,
        "mean": 8.83232688904,
        "min": 2.64718127251,
        "stdev": 4.8377904892
    },
    "barkbands_flatness_db": {
        "max": 0.35656362772,
        "mean": 0.165796071291,
        "min": 0.0712150260806,
        "stdev": 0.0732474774122
    },
    "barkbands_kurtosis": {
        "max": 127.124023438,
        "mean": 11.3431768417,
        "min": -1.75944960117,
        "stdev": 20.1398448944
    },
    "barkbands_skewness": {
        "max": 7.17910766602,
        "mean": 1.6237694025,
        "min": -0.925438225269,
        "stdev": 1.75955331326
    },
    "barkbands_spread": {
        "max": 75.277305603,
        "mean": 14.6390571594,
        "min": 0.706889986992,
        "stdev": 11.4147291183
    },
    "dissonance": {
        "max": 0.499999791384,
        "mean": 0.453889071941,
        "min": 0.244618549943,
        "stdev": 0.0498732030392
    },
    "dynamic_complexity": 5.36104345322,
    "erbbands_crest": {
        "max": 29.2709159851,
        "mean": 9.84401130676,
        "min": 2.73822689056,
        "stdev": 5.50746965408
    },
    "erbbands_flatness_db": {
        "max": 0.307293146849,
        "mean": 0.214998826385,
        "min": 0.0834276154637,
        "stdev": 0.0329250954092
    },
    "erbbands_kurtosis": {
        "max": 64.8603897095,
        "mean": 3.06749582291,
        "min": -1.66289007664,
        "stdev": 7.42921972275
    },
    "erbbands_skewness": {
        "max": 6.7904086113,
        "mean": 0.994251728058,
        "min": -3.96428084373,
        "stdev": 1.36465108395
    },
    "erbbands_spread": {
        "max": 95.5922012329,
        "mean": 27.2408714294,
        "min": 3.77185511589,
        "stdev": 13.4983129501
    },
    "hfc": {
        "max": 127.859191895,
        "mean": 11.6850805283,
        "min": 0.000265923357802,
        "stdev": 20.7377605438
    },
    "loudness_ebu128": {
        "integrated": -15.0620126724,
        "loudness_range": 15.524679184,
        "momentary": {
            "max": -7.46941184998,
            "mean": -19.2114887238,
            "min": -38.3034820557,
            "stdev": 6.24345779419
        },
        "short_term": {
            "max": -10.3432407379,
            "mean": -18.4065876007,
            "min": -28.0180053711,
            "stdev": 5.31109857559
        }
    },
    "melbands_crest": {
        "max": 28.0309944153,
        "mean": 11.4398365021,
        "min": 2.72459959984,
        "stdev": 5.83176803589
    },
    "melbands_flatness_db": {
        "max": 0.46742144227,
        "mean": 0.216226473451,
        "min": 0.0750807523727,
        "stdev": 0.112246021628
    },
    "melbands_kurtosis": {
        "max": 172.168685913,
        "mean": 13.8023443222,
        "min": -0.884824991226,
        "stdev": 19.854598999
    },
    "melbands_skewness": {
        "max": 7.54984331131,
        "mean": 1.91387271881,
        "min": -0.508057892323,
        "stdev": 1.47276711464
    },
    "melbands_spread": {
        "max": 114.847305298,
        "mean": 23.968662262,
        "min": 0.852253496647,
        "stdev": 19.9548492432
    },
    "pitch_salience": {
        "max": 0.950770437717,
        "mean": 0.659481167793,
        "min": 0.255040049553,
        "stdev": 0.125882700086
    },
    "silence_rate_20dB": {
        "max": 1,
        "mean": 1,
        "min": 1,
        "stdev": 0
    },
    "silence_rate_30dB": {
        "max": 1,
        "mean": 1,
        "min": 1,
        "stdev": 0
    },
    "silence_rate_60dB": {
        "max": 1,
        "mean": 0.356565654278,
        "min": 0,
        "stdev": 0.478983193636
    },
    "spectral_centroid": {
        "max": 4096.84423828,
        "mean": 1564.01477051,
        "min": 214.605804443,
        "stdev": 1018.72296143
    },
    "spectral_complexity": {
        "max": 57,
        "mean": 15.8101005554,
        "min": 0,
        "stdev": 14.2429952621
    },
    "spectral_decrease": {
        "max": -3.5456412925e-14,
        "mean": -1.78727210809e-09,
        "min": -1.27184920373e-08,
        "stdev": 2.27052709967e-09
    },
    "spectral_energy": {
        "max": 0.0528655163944,
        "mean": 0.00780544010922,
        "min": 1.57940391432e-07,
        "stdev": 0.0102294860408
    },
    "spectral_energyband_high": {
        "max": 0.0154842874035,
        "mean": 0.000838145671878,
        "min": 6.67917898767e-09,
        "stdev": 0.00239173904993
    },
    "spectral_energyband_low": {
        "max": 0.00677306437865,
        "mean": 0.000418676703703,
        "min": 8.30250368455e-10,
        "stdev": 0.000762719195336
    },
    "spectral_energyband_middle_high": {
        "max": 0.0212186034769,
        "mean": 0.00309610110708,
        "min": 1.44093903032e-07,
        "stdev": 0.00392704829574
    },
    "spectral_energyband_middle_low": {
        "max": 0.0385409668088,
        "mean": 0.00376723404042,
        "min": 6.59859855645e-09,
        "stdev": 0.00581455696374
    },
    "spectral_entropy": {
        "max": 8.07466506958,
        "mean": 7.26895427704,
        "min": 5.40362977982,
        "stdev": 0.746453166008
    },
    "spectral_flux": {
        "max": 0.152775675058,
        "mean": 0.0402720570564,
        "min": 0.00138053565752,
        "stdev": 0.028728922829
    },
    "spectral_kurtosis": {
        "max": 30.6484489441,
        "mean": 4.88290071487,
        "min": -0.383434295654,
        "stdev": 4.26454639435
    },
    "spectral_rms": {
        "max": 0.00718165095896,
        "mean": 0.00233885250054,
        "min": 1.24132266137e-05,
        "stdev": 0.00146452407353
    },
    "spectral_rolloff": {
        "max": 5792.43164062,
        "mean": 1920.97900391,
        "min": 193.798828125,
        "stdev": 1540.21862793
    },
    "spectral_skewness": {
        "max": 4.38759231567,
        "mean": 1.34980154037,
        "min": -0.0747570097446,
        "stdev": 0.801157295704
    },
    "spectral_spread": {
        "max": 7370515.5,
        "mean": 3283404.25,
        "min": 1993708.75,
        "stdev": 905063.9375
    },
    "spectral_strongpeak": {
        "max": 4.94903564453,
        "mean": 0.587636172771,
        "min": 0.000425092352089,
        "stdev": 0.555086195469
    },
    "zerocrossingrate": {
        "max": 0.16796875,
        "mean": 0.0651608854532,
        "min": 0.0078125,
        "stdev": 0.0416107103229
    },
    "barkbands": {
        "max": [2.65957369265e-05, 0.000290582422167, 0.00211612461135, 0.00934840366244, 0.00544779654592, 0.0244572032243, 0.0152214597911, 0.0340437442064, 0.00405085925013, 0.00404183752835, 0.00532861379907, 0.00753429252654, 0.00418839370832, 0.00429654726759, 0.00244512152858, 0.00255535286851, 0.00311811966822, 0.00278656627052, 0.00315682310611, 0.00856248382479, 0.0063157742843, 0.00675392989069, 0.00407219817862, 0.000304406596115, 4.64923004984e-06, 2.63938431999e-06, 6.86441271682e-05],
        "mean": [2.35937022808e-06, 4.19417010562e-05, 9.74558715825e-05, 0.000590677489527, 0.000435269990703, 0.00130317290314, 0.000723186589312, 0.000326068198774, 0.000328233494656, 0.000261585868429, 0.000348185421899, 0.000430308573414, 0.000349239766365, 0.000296434067423, 0.000274916324997, 0.000228687218623, 0.000288214330794, 0.000222620277782, 0.000243092086748, 0.000369348214008, 0.000275783007964, 0.00024776061764, 0.000114546353871, 4.12022473029e-06, 4.86563806135e-07, 2.46707770657e-07, 1.51245217239e-06],
        "min": [2.93705615384e-10, 4.35056934922e-10, 1.89841309339e-10, 1.01460284618e-10, 2.94865021289e-10, 4.31857438699e-10, 1.35784283817e-09, 1.45884060387e-09, 2.77465161957e-09, 6.42811359697e-10, 5.18212806e-09, 8.33298496872e-09, 3.4869429566e-09, 3.57486373836e-09, 2.9770683696e-09, 3.99796684647e-09, 5.4351184664e-10, 3.61727092724e-09, 3.24120086326e-09, 6.12546680046e-09, 6.32521368615e-10, 1.77443826299e-09, 4.87529072668e-10, 1.36924721561e-10, 5.20147050431e-11, 6.18759488091e-11, 6.33254282345e-11],
        "stdev": [2.22439530262e-06, 3.98700649384e-05, 0.000197252971702, 0.00120175664779, 0.000673087022733, 0.0025747360196, 0.00181246153079, 0.0017958501121, 0.000533129554242, 0.000410658860346, 0.000596501980908, 0.000653074472211, 0.000495916465297, 0.000441112817498, 0.000373134971596, 0.000332688621711, 0.000433406996308, 0.000363920407835, 0.000427136314102, 0.000997707713395, 0.000716721639037, 0.000715811096597, 0.000444484729087, 1.68469268829e-05, 5.36079085123e-07, 2.60306819655e-07, 6.23627329333e-06]
    },
    "erbbands": {
        "max": [0.0108551150188, 0.0773567855358, 1.52234506607, 18.8444442749, 30.909154892, 24.1203250885, 82.1841812134, 317.699768066, 209.550460815, 464.274078369, 507.797851562, 73.9346923828, 119.762825012, 163.514053345, 204.880020142, 235.113296509, 153.509124756, 226.898590088, 218.632049561, 100.210159302, 160.964096069, 200.807479858, 146.45123291, 170.882568359, 282.929290771, 397.799743652, 291.002441406, 262.34197998, 287.432189941, 158.961898804, 128.495697021, 16.083486557, 0.611023008823, 0.0647353157401, 0.0313684083521, 0.0166380237788, 0.00549809681252, 0.0770937800407, 0.00993305910379, 0.000200789785595],
        "mean": [0.00148124259431, 0.00956659391522, 0.0914263427258, 1.12052154541, 1.76346671581, 1.31889653206, 4.87965154648, 12.3093357086, 9.91304588318, 11.3271245956, 6.251932621, 6.84093284607, 7.4382185936, 11.2535676956, 15.3059186935, 17.4866027832, 16.0447673798, 15.7138595581, 13.8844223022, 13.4664764404, 13.4181509018, 16.3747558594, 12.8018331528, 12.8884515762, 15.0376443863, 15.5304985046, 12.8457365036, 10.5022439957, 9.70713043213, 5.75130796432, 2.73823428154, 0.431098103523, 0.0152067765594, 0.00596163701266, 0.00362893426791, 0.00163169112056, 0.000399811455281, 0.0012884712778, 0.000247602525633, 1.40262000059e-05],
        "min": [1.5357288774e-08, 8.84171029725e-08, 2.21835449565e-07, 3.05852125848e-07, 4.03651569059e-07, 1.12805435037e-06, 2.38861412072e-06, 3.78208483198e-06, 1.44517898661e-05, 2.45331793849e-05, 4.39538780483e-05, 6.68266002322e-05, 2.57335905189e-05, 8.02309441497e-05, 0.000338833866408, 0.000344523199601, 0.000357865617843, 0.000196740191313, 0.000222705464694, 0.00031061086338, 0.000125860446133, 3.80495621357e-05, 0.00012024865282, 0.000289815739961, 0.00013035540178, 0.000321568863001, 6.58209755784e-05, 3.57047210855e-05, 8.08384866104e-05, 2.70865966741e-05, 1.28981482703e-05, 5.70956808588e-06, 9.45761826188e-07, 5.92360834162e-07, 3.25709606841e-07, 2.0192955219e-07, 1.38890584367e-07, 5.13610700636e-08, 1.29762138812e-08, 6.98951341249e-10],
        "stdev": [0.00105972855818, 0.011162747629, 0.159684255719, 2.2454764843, 2.8496992588, 2.31893825531, 9.46576023102, 29.0079784393, 22.0151443481, 35.1690788269, 24.331697464, 10.892168045, 12.0631914139, 18.2300395966, 23.9467964172, 25.2245063782, 21.7050228119, 22.7664031982, 19.0347061157, 18.1251888275, 19.4235363007, 24.905796051, 19.559753418, 23.4883270264, 32.4246063232, 41.1651039124, 33.8813209534, 28.6618690491, 27.9005851746, 18.7596054077, 11.1572580338, 1.73086667061, 0.0573594607413, 0.00818010605872, 0.00401767203584, 0.00176442833617, 0.000560857297387, 0.0057150083594, 0.000944231462199, 2.56897837971e-05]
    },
    "gfcc": {
        "mean": [-120.293830872, 101.855247498, -146.753967285, 31.9764175415, -62.6572723389, -14.4529447556, -22.2914619446, -13.6489620209, -20.9308757782, 0.17165081203, -16.1151294708, 7.35987472534, -12.0808610916],
        "cov": [[12222.5605469, -1881.00842285, -5721.4453125, -500.340057373, -51.8604049683, 117.207382202, 1185.62768555, -640.979736328, 822.12512207, -376.093444824, 61.6482582092, -92.1802520752, -364.356384277], [-1881.00842285, 1714.61120605, 1633.90124512, 33.6938667297, -110.45803833, -560.698913574, -439.432495117, 103.315765381, -359.393737793, -15.4766788483, 47.1512794495, -161.140899658, 6.87423229218], [-5721.4453125, 1633.90124512, 3766.57763672, 383.031646729, -176.90612793, -374.921966553, -776.083984375, 174.612213135, -552.324401855, 44.4879302979, 10.1045017242, -48.8595619202, 104.962203979], [-500.340057373, 33.6938667297, 383.031646729, 228.821914673, -11.8047580719, -54.7816581726, -94.8247299194, -24.236749649, -28.0114841461, 16.042175293, -26.8016700745, -0.151279956102, 4.61026763916], [-51.8604049683, -110.45803833, -176.90612793, -11.8047580719, 160.143218994, 49.5859642029, -24.4523296356, 32.2885627747, 40.8627052307, 46.1321487427, -24.4110164642, 0.898533701897, 34.4230499268], [117.207382202, -560.698913574, -374.921966553, -54.7816581726, 49.5859642029, 339.473907471, 164.87890625, -2.62383580208, 96.2792510986, 3.99642491341, -24.4215984344, 83.9799118042, 7.29218673706], [1185.62768555, -439.432495117, -776.083984375, -94.8247299194, -24.4523296356, 164.87890625, 276.809692383, -30.9289245605, 95.3241653442, -43.7935676575, 7.89807939529, 44.4395027161, -36.9497566223], [-640.979736328, 103.315765381, 174.612213135, -24.236749649, 32.2885627747, -2.62383580208, -30.9289245605, 129.081008911, -26.2058372498, 43.0737609863, -9.35730838776, 6.56440830231, 33.1870346069], [822.12512207, -359.393737793, -552.324401855, -28.0114841461, 40.8627052307, 96.2792510986, 95.3241653442, -26.2058372498, 161.842987061, 16.7381153107, -14.0602331161, 13.3003873825, -7.95284748077], [-376.093444824, -15.4766788483, 44.4879302979, 16.042175293, 46.1321487427, 3.99642491341, -43.7935676575, 43.0737609863, 16.7381153107, 99.1709060669, 7.06219768524, -1.00084769726, 25.6338844299], [61.6482582092, 47.1512794495, 10.1045017242, -26.8016700745, -24.4110164642, -24.4215984344, 7.89807939529, -9.35730838776, -14.0602331161, 7.06219768524, 52.576423645, 6.69883728027, -9.68268108368], [-92.1802520752, -161.140899658, -48.8595619202, -0.151279956102, 0.898533701897, 83.9799118042, 44.4395027161, 6.56440830231, 13.3003873825, -1.00084769726, 6.69883728027, 72.9023590088, 25.7721347809], [-364.356384277, 6.87423229218, 104.962203979, 4.61026763916, 34.4230499268, 7.29218673706, -36.9497566223, 33.1870346069, -7.95284748077, 25.6338844299, -9.68268108368, 25.7721347809, 60.5830307007]],
        "icov": [[0.00090774014825, -0.000261187349679, 0.0010759254219, -0.000134600340971, 0.000115344766527, 0.00108150683809, -0.000915911281481, 0.00183899316471, -0.001674070023, 0.0018708454445, -0.00078866322292, 0.000682809739374, 0.000445511454018], [-0.000261187349679, 0.00337087060325, -0.00115007918794, 0.00212029344402, -0.000258403888438, 0.00324516673572, 0.000794495921582, -0.00143683608621, 0.00259311450645, 9.17240613489e-05, 0.000182112897164, 0.00157545309048, 0.000566259317566], [0.0010759254219, -0.00115007918794, 0.00381137989461, -0.00265379762277, 0.00338709005155, -0.00232454552315, 0.00482929032296, -8.76562990015e-05, 0.00141524651553, 0.003514805343, -0.00299399043433, 0.00142921495717, -0.000839333108161], [-0.000134600340971, 0.00212029344402, -0.00265379762277, 0.0101174060255, -0.00191439012997, 0.00591212557629, -0.00239516561851, 0.00415047258139, -0.000922641309444, -0.00465352507308, 0.00886663328856, -0.00541544286534, 0.00498821819201], [0.000115344766527, -0.000258403888438, 0.00338709005155, -0.00191439012997, 0.0140952179208, -0.00551428971812, 0.00959390029311, -0.00353957014158, 0.00294580869377, -0.000298225291772, -0.000377465359634, 0.00404057558626, -0.00582066643983], [0.00108150683809, 0.00324516673572, -0.00232454552315, 0.00591212557629, -0.00551428971812, 0.0155578572303, -0.00995795987546, 0.00515466555953, -0.00463678035885, -0.0014879120281, 0.00744661455974, -0.00738479429856, 0.00642960472032], [-0.000915911281481, 0.000794495921582, 0.00482929032296, -0.00239516561851, 0.00959390029311, -0.00995795987546, 0.0254934690893, -0.00908348988742, 0.00871000438929, 0.00458069657907, -0.00532395159826, -0.00102956022602, 0.00128084456082], [0.00183899316471, -0.00143683608621, -8.76562990015e-05, 0.00415047258139, -0.00353957014158, 0.00515466555953, -0.00908348988742, 0.0188505556434, -0.00464700721204, -0.00434818677604, 0.00643200427294, -0.00276439730078, 1.72744348674e-05], [-0.001674070023, 0.00259311450645, 0.00141524651553, -0.000922641309444, 0.00294580869377, -0.00463678035885, 0.00871000438929, -0.00464700721204, 0.0218535866588, -0.00533376494423, 0.00222126068547, 0.00105414330028, -0.000969784043264], [0.0018708454445, 9.17240613489e-05, 0.003514805343, -0.00465352507308, -0.000298225291772, -0.0014879120281, 0.00458069657907, -0.00434818677604, -0.00533376494423, 0.0240525510162, -0.0145207215101, 0.00898671615869, -0.00599101884291], [-0.00078866322292, 0.000182112897164, -0.00299399043433, 0.00886663328856, -0.000377465359634, 0.00744661455974, -0.00532395159826, 0.00643200427294, 0.00222126068547, -0.0145207215101, 0.0369234234095, -0.0166257489473, 0.0117057869211], [0.000682809739374, 0.00157545309048, 0.00142921495717, -0.00541544286534, 0.00404057558626, -0.00738479429856, -0.00102956022602, -0.00276439730078, 0.00105414330028, 0.00898671615869, -0.0166257489473, 0.0371481105685, -0.0207810215652], [0.000445511454018, 0.000566259317566, -0.000839333108161, 0.00498821819201, -0.00582066643983, 0.00642960472032, 0.00128084456082, 1.72744348674e-05, -0.000969784043264, -0.00599101884291, 0.0117057869211, -0.0207810215652, 0.0366198532283]]
    },
    "melbands": {
        "max": [7.61787159718e-05, 0.000676880823448, 0.00311933388002, 0.00121088686865, 0.00222244812176, 0.00607343250886, 0.00332457153127, 0.00616142898798, 0.00330758024938, 0.000523887923919, 0.000588650000282, 0.000620099308435, 0.000640016864054, 0.00109523790888, 0.000565926427953, 0.000252998201177, 0.000490671198349, 0.000412290915847, 0.000208856727113, 0.000156703143148, 0.000196515160496, 0.000230999168707, 0.000162145996001, 0.000143605080666, 0.000151573723997, 0.000138208939461, 0.000380401586881, 0.000264353642706, 0.000234654653468, 0.000148092192831, 0.00014559320698, 0.000231534155319, 9.15025593713e-05, 8.73410317581e-05, 9.56961812335e-05, 3.0023547879e-05, 5.88962711845e-06, 1.29815269645e-08, 2.90567960803e-08, 5.2721457422e-08],
        "mean": [1.18716525321e-05, 4.61378476757e-05, 0.000217679087655, 0.000102952675661, 0.000142367207445, 0.00026478341897, 0.000156962807523, 0.000115110335173, 4.90292222821e-05, 4.41483825853e-05, 3.69502959074e-05, 4.42778364231e-05, 4.75089909742e-05, 4.8267924285e-05, 4.56112538814e-05, 3.27075904352e-05, 2.81994307443e-05, 2.16998196265e-05, 2.15148920688e-05, 1.56184087245e-05, 1.54003100761e-05, 1.71629781107e-05, 1.34886104206e-05, 1.0630147699e-05, 1.03975717138e-05, 8.295392945e-06, 1.36320850288e-05, 9.51650872594e-06, 9.35671505431e-06, 5.70664451516e-06, 5.97857388129e-06, 6.16845727563e-06, 3.67312782146e-06, 3.02665262097e-06, 1.88763954156e-06, 6.73879583246e-07, 7.66544872022e-08, 2.48569553829e-10, 2.11579576082e-09, 5.16143350282e-09],
        "min": [1.43645442763e-10, 1.15973765313e-10, 5.41158021172e-11, 5.15248052557e-11, 7.83311887576e-11, 9.28588039795e-11, 2.38964181776e-10, 2.66230731905e-10, 4.04256322861e-10, 4.01047861587e-10, 1.07501466062e-10, 2.56348942074e-10, 8.44366521147e-10, 1.14756115721e-09, 6.27154661537e-10, 3.50914769465e-10, 3.49500706154e-10, 2.82979195632e-10, 3.294561568e-10, 3.17409071249e-10, 7.22287923915e-11, 3.38833475166e-11, 3.73661657171e-11, 1.95074054132e-10, 2.53150417295e-10, 7.19745513189e-11, 1.46314779736e-10, 2.32020208601e-10, 4.95320590099e-11, 1.36143232105e-11, 1.8408729402e-11, 4.85912282633e-11, 3.11122308472e-11, 1.02007386912e-11, 7.15009648711e-12, 7.20330435924e-12, 1.87014813358e-12, 5.44643323497e-13, 5.71098723867e-13, 4.69439537156e-13],
        "stdev": [9.80170170806e-06, 7.8200318967e-05, 0.000396025396185, 0.000162927783094, 0.000265990878688, 0.000579461047892, 0.000346896616975, 0.000405256520025, 0.000162048920174, 7.03380064806e-05, 6.0733727878e-05, 7.18839582987e-05, 7.48153324821e-05, 7.67037927289e-05, 7.44878998375e-05, 4.4492440793e-05, 4.33782697655e-05, 3.16048935929e-05, 3.07082591462e-05, 2.26020219998e-05, 2.30500427278e-05, 2.63720121438e-05, 2.0876794224e-05, 1.74340530066e-05, 2.01700931939e-05, 1.56919086294e-05, 3.52325478161e-05, 2.69263455266e-05, 2.66628467216e-05, 1.41476793942e-05, 1.67195030372e-05, 1.86989818758e-05, 1.04077953438e-05, 1.06734678411e-05, 7.96830317995e-06, 2.90695697913e-06, 3.44736065472e-07, 5.55933798996e-10, 2.65403343747e-09, 5.98892713199e-09]
    },
    "melbands128": {
        "max": [2.03089366551e-05, 9.84894431895e-05, 0.000114338763524, 0.000141700700624, 0.000464281532913, 0.00123944273219, 0.00410552695394, 0.005408374127, 0.00325951725245, 0.00204973458312, 0.00159432785586, 0.00199269596487, 0.00407512392849, 0.00316201010719, 0.0103067979217, 0.00660169869661, 0.00417222455144, 0.00388267170638, 0.00453514326364, 0.00536715984344, 0.0120406402275, 0.00889634061605, 0.000962240330409, 0.00136058661155, 0.000734167988412, 0.00100303860381, 0.0013353836257, 0.000712268811185, 0.000655419600662, 0.000696832255926, 0.00095542089548, 0.0013063835213, 0.000574784935452, 0.00111390487291, 0.00152007502038, 0.00155439227819, 0.000721741525922, 0.00104531168472, 0.000736772199161, 0.000337797013344, 0.00057772063883, 0.000409948261222, 0.000577638566028, 0.000789412588347, 0.000536273117177, 0.000574666890316, 0.000224626011914, 0.000421859323978, 0.000229031575145, 0.00022839968733, 0.000206277065445, 0.000304703018628, 0.000205007090699, 0.000233803672018, 0.000166822588653, 0.000385792023735, 0.000444126664661, 0.000261591398157, 0.000159072544193, 0.000167027043062, 0.000178721384145, 0.000192322666408, 0.000346390908817, 0.000133319728775, 0.000123358287965, 0.000113409063488, 0.000314054137561, 0.000644917658065, 0.0007457009051, 0.000142642704304, 0.000461768533569, 0.000201912655029, 0.000420306576416, 0.000338938552886, 0.000133783629281, 0.000170737941517, 0.00029231570079, 0.000299366220133, 0.000164902201504, 0.000113595655421, 0.00050877808826, 0.000169106817339, 0.000102402089396, 0.000127574297949, 0.000150745399878, 9.55908835749e-05, 0.000127038903884, 0.000142657852848, 0.00014537460811, 6.42190643703e-05, 6.690799637e-05, 3.24157117575e-05, 2.09294321394e-05, 5.85192310609e-06, 1.50431969104e-08, 1.39442422054e-08, 1.23328955937e-08, 1.4326234421e-08, 2.75431482066e-08, 3.91952852397e-08, 6.24005522809e-08, 5.59008022094e-08, 4.79527919595e-08, 4.75220112151e-08, 3.10181889063e-08, 3.24556168607e-08, 3.62729686287e-08, 3.59574379161e-08, 3.19627808665e-08, 2.06930756974e-08, 2.64452300058e-08, 9.54685042132e-09, 1.01268931019e-08, 6.64672361594e-09, 6.90556101191e-09, 5.70485747531e-09, 9.86656345958e-07, 1.85602755209e-06, 1.26845714021e-06, 3.30271092253e-07, 4.2616143503e-08, 1.66901727994e-08, 4.60832572102e-09, 4.4330930038e-09, 4.35414548861e-09, 4.30034319265e-09, 4.25899138179e-09, 4.23304813424e-09],
        "mean": [2.14488136407e-06, 1.25362812469e-05, 1.43971883517e-05, 1.36393719004e-05, 2.11650840356e-05, 5.86873356951e-05, 0.000223355775233, 0.000305862165987, 0.000167445134139, 8.54618192534e-05, 5.99965424044e-05, 6.6683300247e-05, 0.000164075987414, 0.000230455945712, 0.000315739423968, 0.000275699538179, 0.000147715618368, 0.000130639658892, 0.000174294938915, 0.000126579529024, 9.74907597993e-05, 4.96084066981e-05, 3.87827712984e-05, 5.53216304979e-05, 3.67358770745e-05, 4.81056231365e-05, 3.98312113248e-05, 3.18916936521e-05, 3.7695554056e-05, 4.20116448367e-05, 4.72068277304e-05, 4.91067039547e-05, 3.77450123779e-05, 5.95348283241e-05, 5.01851645822e-05, 4.5797056373e-05, 3.96866962546e-05, 6.04548986303e-05, 3.62533537555e-05, 2.76553400909e-05, 3.66625681636e-05, 3.09624119836e-05, 2.9830083804e-05, 2.62123048742e-05, 2.27631298912e-05, 2.12424693018e-05, 1.89616239368e-05, 2.5942837965e-05, 2.026997754e-05, 1.47927139551e-05, 1.55872403411e-05, 1.5575249563e-05, 1.58605289471e-05, 1.52949141921e-05, 1.47126747834e-05, 1.78907994268e-05, 1.90249484149e-05, 1.49939796756e-05, 1.0798277799e-05, 1.18816060422e-05, 9.47769240156e-06, 9.2363834483e-06, 1.58482798724e-05, 8.00825910119e-06, 7.47413014324e-06, 6.51834307064e-06, 9.49617970036e-06, 1.51958911374e-05, 1.65957299032e-05, 6.86319208398e-06, 1.14755584946e-05, 7.93524577603e-06, 1.22334395201e-05, 1.0057993677e-05, 5.17883472639e-06, 5.57460407435e-06, 5.5868445088e-06, 7.10944914317e-06, 5.76078991799e-06, 4.54425025964e-06, 8.28693737276e-06, 5.91698744756e-06, 3.84352551919e-06, 3.42923067365e-06, 3.69605390915e-06, 2.73967407338e-06, 2.98868894788e-06, 3.11506187245e-06, 1.93607547772e-06, 8.27192479846e-07, 1.09041081942e-06, 5.017295166e-07, 2.45795149567e-07, 4.44876206984e-08, 7.64579372037e-11, 8.43352124247e-11, 1.97032209992e-10, 5.64872926212e-10, 1.38892852775e-09, 3.1001750056e-09, 4.9044546202e-09, 5.79900749642e-09, 5.23508303374e-09, 4.57191129399e-09, 3.86902820892e-09, 3.38176531223e-09, 3.28559623952e-09, 3.20451842839e-09, 3.01511815515e-09, 2.40874986623e-09, 1.75823144932e-09, 1.19851339964e-09, 8.12505840386e-10, 5.80946457607e-10, 4.72055561307e-10, 4.46496700723e-10, 8.09923861311e-09, 3.07242267183e-08, 2.11146673479e-08, 7.96281174331e-09, 1.63002844555e-09, 5.4098853175e-10, 1.80608319966e-10, 7.96259325836e-12, 5.55317293885e-12, 5.45895143325e-12, 5.39370848332e-12, 5.35921177228e-12],
        "min": [8.47251505065e-11, 1.39243241937e-10, 1.44275938418e-10, 1.49426235274e-10, 1.24517979261e-10, 8.73754402164e-11, 6.43730624361e-11, 4.53688371593e-11, 3.49380108178e-11, 4.56046381214e-11, 6.47153719502e-11, 7.85217862953e-11, 8.8345053495e-11, 7.43569372741e-11, 4.79293688072e-11, 1.17280171685e-10, 2.03079539296e-10, 2.43736725247e-10, 3.10947212423e-10, 2.87987744763e-10, 2.12770578933e-10, 2.86195706023e-10, 4.26012253252e-10, 5.28610599737e-10, 5.13099285282e-10, 3.48391038241e-10, 1.49475681832e-10, 8.87272547101e-11, 5.85429066335e-11, 7.85273929216e-11, 3.25114241084e-10, 6.06605876641e-10, 4.46241377183e-10, 6.64202748357e-10, 2.90773571887e-10, 6.13918027526e-10, 6.25428264733e-10, 2.51929255235e-10, 3.66237595806e-10, 4.68642236129e-10, 1.20416746019e-10, 2.05743685977e-10, 2.67441457869e-10, 1.68913688592e-10, 1.0286104607e-10, 1.8876580854e-10, 7.27336593731e-11, 1.53141832548e-10, 2.2258633825e-10, 1.90555488055e-10, 9.51189613185e-11, 7.95710580759e-11, 2.92264441815e-11, 6.22572549069e-11, 3.19630988344e-11, 2.76353141759e-11, 4.0615833613e-11, 2.44375544106e-11, 4.12064930788e-11, 4.74057494648e-11, 1.88750473584e-10, 3.03683578284e-10, 3.43841011219e-10, 2.37532937764e-10, 1.11779599465e-10, 4.42180493609e-11, 6.96467952754e-11, 6.45087594453e-11, 1.48512230291e-10, 2.76020012402e-10, 2.91965007726e-10, 1.90319468518e-10, 9.27961388286e-11, 1.57570692605e-11, 8.76035702313e-12, 7.7672330373e-12, 1.69149850376e-11, 2.63493116215e-11, 1.65383158557e-11, 9.71143304662e-12, 4.07586291107e-11, 8.3585360855e-11, 3.3675277844e-11, 3.49466774963e-11, 1.5316735727e-11, 3.98036161323e-12, 1.3617067543e-11, 1.13855860503e-11, 3.48611113934e-12, 5.53351808819e-12, 1.15688144828e-11, 5.27456594027e-12, 5.95304664938e-12, 7.08765674189e-13, 1.81044700173e-13, 9.25112105519e-14, 7.11454143211e-14, 5.58005410541e-13, 5.55105603411e-13, 6.34106970491e-13, 4.86884241691e-13, 5.13471914727e-13, 3.45411335168e-13, 2.17195524261e-13, 2.80531023758e-13, 4.87600845117e-13, 5.86322169201e-13, 1.57431427378e-13, 2.84780771014e-13, 4.539279922e-13, 3.24537841262e-13, 4.92161866816e-13, 5.49888747817e-13, 4.10759913496e-13, 3.03783175915e-13, 4.26296964309e-13, 4.71995706408e-13, 5.26643277056e-14, 5.30248655856e-14, 4.45102261255e-14, 3.4006489031e-14, 3.39195394049e-14, 3.42371089975e-14, 3.02369247533e-14, 1.66955326923e-14, 6.80629470766e-15, 8.79470815123e-16, 3.33575140391e-17],
        "stdev": [1.88246019661e-06, 8.72271630215e-06, 1.38991672429e-05, 1.89167549252e-05, 3.95018905692e-05, 0.000122304423712, 0.000480908289319, 0.00061541312607, 0.000293903285637, 0.000215723499423, 0.000135389636853, 0.000168440470588, 0.000406282255426, 0.000438356539235, 0.000933932024054, 0.000667676271405, 0.000405311380746, 0.00036008754978, 0.000545946531929, 0.000457914517028, 0.000659805547912, 0.000397612922825, 8.30090648378e-05, 0.000137105060276, 7.15248752385e-05, 9.35985444812e-05, 9.19241210795e-05, 6.40397120151e-05, 7.05883576302e-05, 7.37701557227e-05, 9.28426743485e-05, 0.000105885686935, 6.08043810644e-05, 0.000123084319057, 0.000101459503639, 9.11490424187e-05, 6.91749155521e-05, 0.000126721599372, 6.344972644e-05, 4.31930238847e-05, 6.2294631789e-05, 5.20901849086e-05, 5.08846205776e-05, 5.60755725019e-05, 4.13488487538e-05, 3.75671297661e-05, 2.96659454762e-05, 4.58867689304e-05, 3.16396435665e-05, 2.44486163865e-05, 2.63347719738e-05, 2.68499206868e-05, 2.67883751803e-05, 2.62821886281e-05, 2.32889306062e-05, 3.22088708344e-05, 3.77810792997e-05, 2.76314094663e-05, 1.79291309905e-05, 2.18579098146e-05, 1.66188092408e-05, 1.90090668184e-05, 3.86946230719e-05, 1.52725533553e-05, 1.50424712047e-05, 1.18962871056e-05, 2.49986806011e-05, 4.46369267593e-05, 5.25960094819e-05, 1.46947631947e-05, 4.14737551182e-05, 2.07637021958e-05, 4.16930633946e-05, 3.02202533931e-05, 1.21623952509e-05, 1.40802285387e-05, 1.63822460308e-05, 2.43792092078e-05, 1.65670699062e-05, 1.17719064292e-05, 3.20849467244e-05, 1.73074004124e-05, 1.07359846879e-05, 1.04849959826e-05, 1.26151917357e-05, 9.37442018767e-06, 1.15610991998e-05, 1.34505680762e-05, 9.43901704886e-06, 3.63579465557e-06, 5.17328226124e-06, 2.28931730817e-06, 1.09959876227e-06, 2.80269688346e-07, 5.75419545346e-10, 4.65414318196e-10, 5.61313107106e-10, 1.07004227701e-09, 2.00084526725e-09, 4.05719324803e-09, 6.17797102365e-09, 6.98318824988e-09, 6.01997607319e-09, 5.29486277046e-09, 4.31735758255e-09, 3.7777021511e-09, 3.64290264621e-09, 3.62357388539e-09, 3.45304029814e-09, 2.67726729675e-09, 2.05387751251e-09, 1.31617028387e-09, 9.35572397331e-10, 6.50554610182e-10, 5.54405799047e-10, 4.92542451269e-10, 4.90846510104e-08, 1.37448253668e-07, 9.25496337345e-08, 3.11713641565e-08, 3.78653686184e-09, 1.32588906521e-09, 5.21395482345e-10, 1.41404873921e-10, 1.38310446429e-10, 1.36602701373e-10, 1.35289390801e-10, 1.34464814283e-10]
    },
    "mfcc": {
        "mean": [-757.773254395, 135.912796021, -35.5179748535, 45.1423683167, -31.0182247162, 13.9853954315, -15.4700860977, 1.55880641937, -9.98829078674, -9.19381713867, -2.55012178421, -5.67384386063, 6.84996414185],
        "cov": [[15970.2724609, -2416.21142578, -6373.52978516, -825.418884277, -2123.37646484, 1147.26916504, -697.802062988, 873.797668457, -147.757125854, 635.018981934, 242.280685425, -134.892227173, 116.333213806], [-2416.21142578, 1674.50964355, 1509.19848633, 399.090118408, 383.603088379, -631.766113281, 115.308021545, -356.002197266, -146.829788208, -208.048995972, -119.351417542, -16.5447216034, 29.8108005524], [-6373.52978516, 1509.19848633, 3326.28417969, 624.297241211, 805.159423828, -579.30847168, 224.642837524, -419.416229248, -130.828582764, -344.03012085, -207.31854248, 36.3710250854, -39.2919311523], [-825.418884277, 399.090118408, 624.297241211, 380.183654785, 158.776657104, -172.786651611, -34.1182518005, -159.089447021, -66.4604187012, -68.742767334, -49.6099700928, -45.1886482239, -5.46680021286], [-2123.37646484, 383.603088379, 805.159423828, 158.776657104, 458.62411499, -173.500900269, 40.3830947876, -186.240966797, 44.2478637695, -65.2924499512, -40.4805145264, 7.8522143364, -21.0725784302], [1147.26916504, -631.766113281, -579.30847168, -172.786651611, -173.500900269, 343.411315918, -52.8635253906, 158.260910034, 31.5306053162, 67.8698883057, 34.3462638855, 11.6560659409, -20.3015613556], [-697.802062988, 115.308021545, 224.642837524, -34.1182518005, 40.3830947876, -52.8635253906, 136.223648071, 2.56113505363, 6.56223392487, -51.8495254517, 3.93507242203, 16.2124938965, -8.04338359833], [873.797668457, -356.002197266, -419.416229248, -159.089447021, -186.240966797, 158.260910034, 2.56113505363, 194.270782471, 29.6213989258, 25.3632392883, 18.770980835, 14.7341804504, -7.81877279282], [-147.757125854, -146.829788208, -130.828582764, -66.4604187012, 44.2478637695, 31.5306053162, 6.56223392487, 29.6213989258, 115.122055054, 24.7369441986, 21.0742683411, 2.19383311272, -10.2736949921], [635.018981934, -208.048995972, -344.03012085, -68.742767334, -65.2924499512, 67.8698883057, -51.8495254517, 25.3632392883, 24.7369441986, 115.305198669, 30.8703193665, -9.64035511017, 9.43634414673], [242.280685425, -119.351417542, -207.31854248, -49.6099700928, -40.4805145264, 34.3462638855, 3.93507242203, 18.770980835, 21.0742683411, 30.8703193665, 76.4319458008, 4.65191459656, -10.1273536682], [-134.892227173, -16.5447216034, 36.3710250854, -45.1886482239, 7.8522143364, 11.6560659409, 16.2124938965, 14.7341804504, 2.19383311272, -9.64035511017, 4.65191459656, 53.4272384644, 11.1722002029], [116.333213806, 29.8108005524, -39.2919311523, -5.46680021286, -21.0725784302, -20.3015613556, -8.04338359833, -7.81877279282, -10.2736949921, 9.43634414673, -10.1273536682, 11.1722002029, 60.2752914429]],
        "icov": [[0.00114103814121, -0.00100223440677, 0.00203263293952, -0.00108857010491, 0.00175885320641, -0.00122635462321, 0.00179754721466, -0.00104403786827, 0.00167280202731, -0.000661633443087, 0.00116349325981, -0.000371995003661, 0.000479170645121], [-0.00100223440677, 0.00382303749211, -0.00210323370993, 0.00151445390657, -0.00140195421409, 0.00509649608284, -0.0014669514494, 0.00237103994004, 0.000212124243262, 0.00214038649574, -0.000120313146908, 0.000702550052665, -0.000301246996969], [0.00203263293952, -0.00210323370993, 0.00480209989473, -0.00306086661294, 0.00186001171824, -0.00226035062224, 0.00188090233132, -0.00210296781734, 0.0036832690239, -0.000780912640039, 0.0033595841378, -0.00205339351669, 0.00153220561333], [-0.00108857010491, 0.00151445390657, -0.00306086661294, 0.00820003822446, -0.00124963442795, 0.00272784125991, 0.00226707896218, 0.00363378087059, -9.1325106041e-05, 0.00340037769638, -0.00181456981227, 0.00552241085097, -0.000520215719007], [0.00175885320641, -0.00140195421409, 0.00186001171824, -0.00124963442795, 0.00983827468008, -0.00200722902082, 0.00324907666072, 0.00403387984261, -0.00269885733724, -0.000702734803781, 0.00294471951202, -0.00225601741113, 0.00268110982142], [-0.00122635462321, 0.00509649608284, -0.00226035062224, 0.00272784125991, -0.00200722902082, 0.012856900692, 0.000247317366302, -0.000500198802911, 0.00108387146611, 0.00192423327826, -2.09321442526e-05, -0.000263339519734, 0.00214578653686], [0.00179754721466, -0.0014669514494, 0.00188090233132, 0.00226707896218, 0.00324907666072, 0.000247317366302, 0.0158807877451, -0.00279792980291, 0.00195936788805, 0.00397683121264, -0.00201078341343, 0.000767431163695, 0.000894664030056], [-0.00104403786827, 0.00237103994004, -0.00210296781734, 0.00363378087059, 0.00403387984261, -0.000500198802911, -0.00279792980291, 0.0172437820584, -0.00528861721978, 0.0036687203683, 0.00228564348072, -0.00154611573089, 0.00210114452057], [0.00167280202731, 0.000212124243262, 0.0036832690239, -9.1325106041e-05, -0.00269885733724, 0.00108387146611, 0.00195936788805, -0.00528861721978, 0.0176595933735, -0.00182257289998, 0.000169510502019, 0.00142655114178, 0.00111564784311], [-0.000661633443087, 0.00214038649574, -0.000780912640039, 0.00340037769638, -0.000702734803781, 0.00192423327826, 0.00397683121264, 0.0036687203683, -0.00182257289998, 0.0173670127988, -0.00397289078683, 0.00405112653971, -0.0030211887788], [0.00116349325981, -0.000120313146908, 0.0033595841378, -0.00181456981227, 0.00294471951202, -2.09321442526e-05, -0.00201078341343, 0.00228564348072, 0.000169510502019, -0.00397289078683, 0.0209234543145, -0.00517338234931, 0.00601526768878], [-0.000371995003661, 0.000702550052665, -0.00205339351669, 0.00552241085097, -0.00225601741113, -0.000263339519734, 0.000767431163695, -0.00154611573089, 0.00142655114178, 0.00405112653971, -0.00517338234931, 0.0273965913802, -0.00778108416125], [0.000479170645121, -0.000301246996969, 0.00153220561333, -0.000520215719007, 0.00268110982142, 0.00214578653686, 0.000894664030056, 0.00210114452057, 0.00111564784311, -0.0030211887788, 0.00601526768878, -0.00778108416125, 0.0219344105572]]
    },
    "spectral_contrast_coeffs": {
        "max": [-0.485255658627, -0.491880834103, -0.614575386047, -0.604695379734, -0.595318496227, -0.381858348846],
        "mean": [-0.698586642742, -0.762706160545, -0.811256110668, -0.829791605473, -0.807109415531, -0.637738823891],
        "min": [-0.955900490284, -0.958495080471, -0.928065776825, -0.933740794659, -0.904058873653, -0.817264318466],
        "stdev": [0.0838809236884, 0.0873574763536, 0.0503901392221, 0.0426383204758, 0.0551856718957, 0.113294117153]
    },
    "spectral_contrast_valleys": {
        "max": [-6.47994613647, -4.97648477554, -5.61799716949, -5.8317694664, -5.57724952698, -11.0569419861],
        "mean": [-8.2072057724, -7.59596633911, -8.0146780014, -8.4113035202, -8.23025798798, -12.7895040512],
        "min": [-12.9329853058, -12.1238355637, -12.3330745697, -12.3518295288, -12.6087284088, -16.1577892303],
        "stdev": [0.683294951916, 1.10971343517, 1.58332884312, 1.83911836147, 1.57087481022, 0.577405929565]
    }
},
"rhythm": {
    "beats_count": 31,
    "beats_loudness": {
        "max": 0.0477144382894,
        "mean": 0.00796301849186,
        "min": 0.000113606118248,
        "stdev": 0.00983682647347
    },
    "bpm": 85.3436050415,
    "bpm_histogram_first_peak_bpm": 86,
    "bpm_histogram_first_peak_weight": 0.538461565971,
    "bpm_histogram_second_peak_bpm": 76,
    "bpm_histogram_second_peak_spread": 0,
    "bpm_histogram_second_peak_weight": 0.133333340287,
    "danceability": 0.710033118725,
    "onset_rate": 1.82798290253,
    "beats_loudness_band_ratio": {
        "max": [0.76802521944, 0.841081261635, 0.52497780323, 0.449841350317, 0.53382897377, 0.437222659588],
        "mean": [0.199221357703, 0.297447532415, 0.12184728682, 0.17038936913, 0.14838911593, 0.107298746705],
        "min": [0.00257086870261, 0.00649759825319, 0.00381379225291, 0.000677510979585, 0.000356478471076, 0.00062661775155],
        "stdev": [0.225925013423, 0.265781223774, 0.127272158861, 0.166418865323, 0.160510659218, 0.117280334234]
    },
    "beats_position": [0.777868449688, 1.5673469305, 2.34521532059, 3.13469386101, 3.92417216301, 4.65560102463, 5.38702917099, 6.10684776306, 6.83827638626, 7.52326536179, 8.20825386047, 8.893242836, 9.56662082672, 10.2399997711, 10.95981884, 11.6796369553, 12.3646259308, 13.0612239838, 13.7578229904, 14.4428119659, 15.1394100189, 15.8243989944, 16.5209980011, 17.2175960541, 17.9141941071, 18.6107940674, 19.3190021515, 20.0272102356, 20.7354183197, 21.4436283112, 22.1518363953],
