{
"metadata": {
    "version": {
        "essentia": "2.1-beta5",
        "essentia_git_sha": "Undefined",
        "extractor": "music 2.0"
    },
    "audio_properties": {
        "analysis": {
            "equal_loudness": 0,
            "length": 12.7477550507,
            "sample_rate": 44100,
            "start_time": 0,
            "downmix": "mix"
        },
        "bit_rate": 192000,
        "length": 157.721557617,
        "lossless": 0,
        "number_channels": 2,
        "replay_gain": -14.0980606079,
        "sample_rate": 48000,
        "codec": "mp3",
        "md5_encoded": "15bce436af75f604f42bad15ffaea1e6"
    },
    "tags": {
        "file_name": "Belgium_Viens L_oublier_Jean Vallée.mp3",
        "encoding": ["Lavf58.29.100"]
    }
},
"lowlevel": {
    "average_loudness": 0.962577819824,
    "barkbands_crest": {
        "max": 17.6325683594,
        "mean": 5.92858743668,
        "min": 2.48575568199,
        "stdev": 2.32218718529
    },
    "barkbands_flatness_db": {
        "max": 0.207694530487,
        "mean": 0.134716033936,
        "min": 0.0672092288733,
        "stdev": 0.0185046009719
    },
    "barkbands_kurtosis": {
        "max": 4.54052400589,
        "mean": -0.355053633451,
        "min": -1.57204735279,
        "stdev": 0.720096051693
    },
    "barkbands_skewness": {
        "max": 2.31126236916,
        "mean": -0.0718369483948,
        "min": -1.12433063984,
        "stdev": 0.486149847507
    },
    "barkbands_spread": {
        "max": 52.9276657104,
        "mean": 26.9304275513,
        "min": 7.38067579269,
        "stdev": 7.36895942688
    },
    "dissonance": {
        "max": 0.499998569489,
        "mean": 0.480938494205,
        "min": 0.192852884531,
        "stdev": 0.019439984113
    },
    "dynamic_complexity": 2.64976143837,
    "erbbands_crest": {
        "max": 23.6008815765,
        "mean": 8.31830978394,
        "min": 3.27368974686,
        "stdev": 3.76210832596
    },
    "erbbands_flatness_db": {
        "max": 0.309516608715,
        "mean": 0.214428991079,
        "min": 0.159369319677,
        "stdev": 0.0200877394527
    },
    "erbbands_kurtosis": {
        "max": 3.8373670578,
        "mean": 0.169662207365,
        "min": -1.42866563797,
        "stdev": 0.887633800507
    },
    "erbbands_skewness": {
        "max": 1.47037923336,
        "mean": 0.0505814440548,
        "min": -0.968214154243,
        "stdev": 0.356713294983
    },
    "erbbands_spread": {
        "max": 76.0881500244,
        "mean": 24.7832641602,
        "min": 7.86943149567,
        "stdev": 9.05342769623
    },
    "hfc": {
        "max": 88.8694458008,
        "mean": 30.3614444733,
        "min": 0.295228838921,
        "stdev": 18.0951709747
    },
    "loudness_ebu128": {
        "integrated": -9.77962684631,
        "loudness_range": 5.34142398834,
        "momentary": {
            "max": -7.08065319061,
            "mean": -10.6573371887,
            "min": -16.6857261658,
            "stdev": 3.11282229424
        },
        "short_term": {
            "max": -8.10358047485,
            "mean": -9.88400745392,
            "min": -15.7546186447,
            "stdev": 2.13334059715
        }
    },
    "melbands_crest": {
        "max": 17.0737991333,
        "mean": 8.03679943085,
        "min": 3.1272687912,
        "stdev": 2.82097268105
    },
    "melbands_flatness_db": {
        "max": 0.194065317512,
        "mean": 0.114500693977,
        "min": 0.0755761489272,
        "stdev": 0.0198530200869
    },
    "melbands_kurtosis": {
        "max": 23.41381073,
        "mean": 0.341669648886,
        "min": -1.31486022472,
        "stdev": 1.81499958038
    },
    "melbands_skewness": {
        "max": 4.39784145355,
        "mean": 0.612557649612,
        "min": -0.807523846626,
        "stdev": 0.598696529865
    },
    "melbands_spread": {
        "max": 85.1643218994,
        "mean": 49.3663864136,
        "min": 14.8251123428,
        "stdev": 12.6929140091
    },
    "pitch_salience": {
        "max": 0.897742509842,
        "mean": 0.632676661015,
        "min": 0.415760457516,
        "stdev": 0.0830398052931
    },
    "silence_rate_20dB": {
        "max": 1,
        "mean": 1,
        "min": 1,
        "stdev": 0
    },
    "silence_rate_30dB": {
        "max": 1,
        "mean": 1,
        "min": 1,
        "stdev": 0
    },
    "silence_rate_60dB": {
        "max": 1,
        "mean": 0.00545454537496,
        "min": 0,
        "stdev": 0.073653459549
    },
    "spectral_centroid": {
        "max": 3091.43530273,
        "mean": 2220.58618164,
        "min": 1185.18493652,
        "stdev": 310.299865723
    },
    "spectral_complexity": {
        "max": 47,
        "mean": 27.4418182373,
        "min": 0,
        "stdev": 7.09617853165
    },
    "spectral_decrease": {
        "max": -3.71700170643e-11,
        "mean": -4.64990002058e-09,
        "min": -1.41504878926e-08,
        "stdev": 2.81868173246e-09
    },
    "spectral_energy": {
        "max": 0.0574665404856,
        "mean": 0.020303664729,
        "min": 0.000167065387359,
        "stdev": 0.0121341804042
    },
    "spectral_energyband_high": {
        "max": 0.00769478129223,
        "mean": 0.00137590232771,
        "min": 7.49974515202e-06,
        "stdev": 0.00116114609409
    },
    "spectral_energyband_low": {
        "max": 0.0113565428182,
        "mean": 0.00149048061576,
        "min": 1.34650031214e-06,
        "stdev": 0.00155011285096
    },
    "spectral_energyband_middle_high": {
        "max": 0.040617570281,
        "mean": 0.0115302316844,
        "min": 0.000149040206452,
        "stdev": 0.00707749789581
    },
    "spectral_energyband_middle_low": {
        "max": 0.0445923730731,
        "mean": 0.00623424584046,
        "min": 1.02942085505e-05,
        "stdev": 0.00628247484565
    },
    "spectral_entropy": {
        "max": 8.14579963684,
        "mean": 7.77695846558,
        "min": 7.25060510635,
        "stdev": 0.196105316281
    },
    "spectral_flux": {
        "max": 0.18357847631,
        "mean": 0.0770164728165,
        "min": 0.0129253780469,
        "stdev": 0.0277590043843
    },
    "spectral_kurtosis": {
        "max": 21.100479126,
        "mean": 2.3341588974,
        "min": -0.304221391678,
        "stdev": 1.67604398727
    },
    "spectral_rms": {
        "max": 0.00748765096068,
        "mean": 0.00420553609729,
        "min": 0.000403720972827,
        "stdev": 0.00145668757614
    },
    "spectral_rolloff": {
        "max": 4478.90625,
        "mean": 2640.47998047,
        "min": 667.529296875,
        "stdev": 642.977722168
    },
    "spectral_skewness": {
        "max": 3.43108320236,
        "mean": 0.915452361107,
        "min": 0.320310711861,
        "stdev": 0.301358401775
    },
    "spectral_spread": {
        "max": 11870894,
        "mean": 3278419.75,
        "min": 2456417.75,
        "stdev": 475053.65625
    },
    "spectral_strongpeak": {
        "max": 10.3916139603,
        "mean": 2.00103712082,
        "min": 0.0280941128731,
        "stdev": 2.1130900383
    },
    "zerocrossingrate": {
        "max": 0.16796875,
        "mean": 0.0905637443066,
        "min": 0.03759765625,
        "stdev": 0.0123748257756
    },
    "barkbands": {
        "max": [0.000571916229092, 0.00469275563955, 0.00768248131499, 0.0117531353608, 0.0234653018415, 0.0146247372031, 0.0181729532778, 0.00641952641308, 0.012684315443, 0.0225529503077, 0.00974582787603, 0.0032287472859, 0.0315010808408, 0.012615990825, 0.0108729638159, 0.0147586958483, 0.00442262366414, 0.00491988379508, 0.00440203398466, 0.00422543380409, 0.00338481622748, 0.00308355758898, 0.00117707264144, 4.37796843471e-05, 1.4608548554e-05, 7.96708889084e-07, 8.38969299366e-07],
        "mean": [9.95772279566e-05, 0.000748338294216, 0.000436464557424, 0.000515624065883, 0.00101954187267, 0.0011823013192, 0.0014385515824, 0.000329996051732, 0.00159267301206, 0.00158917868976, 0.00102414097637, 0.000470196275273, 0.00202468712814, 0.00191818131134, 0.000801355170552, 0.0013176772045, 0.00085456907982, 0.000594542594627, 0.000591515039559, 0.000653176102787, 0.00053338217549, 0.000397678290028, 0.000159137838637, 6.85870418238e-06, 4.33092100138e-06, 2.5641657686e-09, 2.27655916341e-09],
        "min": [3.31391092345e-08, 5.79394168199e-07, 5.49058484012e-07, 3.23999245211e-07, 6.01547014867e-07, 2.70418610171e-07, 8.14363886548e-07, 1.44037358041e-06, 4.81196821056e-06, 5.0490330068e-06, 1.73125317815e-05, 7.43365990274e-06, 5.52135352336e-05, 8.67014750838e-06, 8.94674576557e-06, 7.67624078435e-06, 1.58498241944e-05, 4.51988489658e-06, 7.34474724595e-07, 6.19395223111e-07, 3.26465737999e-06, 3.40658561981e-06, 3.10423814653e-07, 2.09389270367e-08, 3.18548707412e-08, 4.43492768551e-12, 7.5080584111e-12],
        "stdev": [6.71208181302e-05, 0.000619128579274, 0.000896869692951, 0.00103206606582, 0.0020597204566, 0.0018249413697, 0.00214813230559, 0.000467175268568, 0.00202870927751, 0.00265475059859, 0.00119007984176, 0.000432733504567, 0.00293814158067, 0.00216646050103, 0.00104494695552, 0.00228239153512, 0.000724167679437, 0.000637359800749, 0.000633893941995, 0.000645494495984, 0.000463821255835, 0.000416381924879, 0.000182721894816, 4.34293542639e-06, 1.71120950654e-06, 3.42938761833e-08, 3.5736288595e-08]
    },
    "erbbands": {
        "max": [0.0952176079154, 1.16029214859, 8.53478145599, 16.0666160583, 94.4502716064, 63.5251655579, 62.3723449707, 121.245147705, 304.010498047, 221.313461304, 95.3672332764, 265.884307861, 437.332824707, 367.547943115, 260.970184326, 227.721923828, 1604.37487793, 554.946350098, 458.491455078, 1314.56494141, 1010.00482178, 239.785064697, 156.121536255, 182.47756958, 187.899093628, 277.38293457, 131.144699097, 138.597335815, 106.94455719, 52.6822509766, 34.1706771851, 4.05498027802, 0.792822480202, 0.261394530535, 0.0573422163725, 0.00348473247141, 0.00149027793668, 0.000525165640283, 0.000122639088659, 7.28536324459e-05],
        "mean": [0.0249844193459, 0.15219758451, 0.457854360342, 1.20139431953, 2.76608943939, 3.66677451134, 5.28095436096, 10.9240341187, 18.5156135559, 17.5110626221, 9.7367143631, 31.2283744812, 51.1951065063, 39.1182174683, 34.8495330811, 27.9461860657, 102.18611145, 73.8864212036, 64.3015670776, 74.4445571899, 67.2369995117, 56.0532646179, 32.8061943054, 32.6298828125, 26.9638767242, 34.9075393677, 21.4269256592, 21.2269248962, 14.6974649429, 9.07113361359, 3.36456441879, 0.385514467955, 0.110219307244, 0.0715757980943, 0.0174085833132, 0.00049553217832, 4.9165366363e-05, 1.40558022395e-05, 1.57029189722e-05, 2.72475826932e-05],
        "min": [1.35610089274e-05, 0.000144009231008, 0.000569764699321, 0.000969691143837, 0.00127534405328, 0.00215953215957, 0.0030456923414, 0.00185468990821, 0.0073648262769, 0.0222439914942, 0.036034271121, 0.0983191952109, 0.179664745927, 0.30579122901, 0.672040998936, 0.465703696012, 2.38656210899, 1.01651239395, 0.455174177885, 0.584237039089, 0.482965499163, 1.19698095322, 0.430937796831, 0.0862656906247, 0.0239282362163, 0.0316003933549, 0.179340600967, 0.0610045455396, 0.0998604595661, 0.0721346959472, 0.00949745997787, 0.0014908692101, 0.000468172627734, 0.000535068917088, 7.16055656085e-05, 3.35669460583e-06, 8.42790882416e-07, 2.90327164976e-07, 1.70823710732e-07, 2.31123124195e-07],
        "stdev": [0.0130078000948, 0.175514295697, 0.863307952881, 2.07722353935, 6.9909658432, 6.16346788406, 8.40801811218, 15.9651145935, 33.23412323, 23.7565307617, 10.2181901932, 38.4328422546, 63.3271598816, 44.2670555115, 37.1636390686, 22.9819278717, 150.144958496, 79.2035369873, 81.7252426147, 125.437553406, 147.551681519, 47.2030258179, 26.5513458252, 30.6506671906, 25.7145690918, 39.4389724731, 19.642999649, 19.5733356476, 14.9145307541, 8.69186019897, 3.94029331207, 0.433927297592, 0.0692870542407, 0.0302828010172, 0.00707888975739, 0.000236599429627, 6.68052962283e-05, 2.348705857e-05, 1.02162484836e-05, 1.60576946655e-05]
    },
    "gfcc": {
        "mean": [-5.91651964188, 107.327384949, -196.714950562, 54.3643608093, -71.1245651245, 18.7445354462, -19.7335567474, -7.38676261902, -2.40037059784, -5.31360435486, -0.968345403671, -7.83757734299, 6.34099721909],
        "cov": [[1720.50793457, 425.790771484, 78.2781066895, 156.483505249, -284.968231201, -580.117004395, -12.2810335159, -324.294677734, -107.143814087, -195.362579346, -32.5999336243, -131.689712524, -136.558319092], [425.790771484, 235.994979858, 75.9397735596, 13.2836837769, -78.349609375, -186.597015381, -19.0009746552, -109.285446167, -62.2667007446, -67.623550415, -6.52402019501, -58.9887084961, -47.0446434021], [78.2781066895, 75.9397735596, 132.072235107, 62.2539710999, -25.1413955688, -8.35785198212, -8.54580497742, -24.1459140778, -39.4700088501, -25.30210495, -7.27223777771, -21.0348415375, -37.6285667419], [156.483505249, 13.2836837769, 62.2539710999, 111.485748291, -13.6228590012, -24.0602817535, 11.9461669922, -25.0127334595, -16.190246582, -28.2065467834, -11.7605485916, -15.9834070206, -35.7186546326], [-284.968231201, -78.349609375, -25.1413955688, -13.6228590012, 113.434425354, 127.380760193, 1.03618586063, 65.8585586548, 22.2750034332, 29.065410614, -6.56067419052, 11.8270816803, 17.1723270416], [-580.117004395, -186.597015381, -8.35785198212, -24.0602817535, 127.380760193, 281.571136475, 25.7104225159, 130.033279419, 49.3280181885, 71.5288925171, 5.14810037613, 46.828338623, 38.8331375122], [-12.2810335159, -19.0009746552, -8.54580497742, 11.9461669922, 1.03618586063, 25.7104225159, 53.9997138977, 24.206111908, 4.48701381683, 2.340903759, -2.32409834862, -0.733593583107, -6.39923191071], [-324.294677734, -109.285446167, -24.1459140778, -25.0127334595, 65.8585586548, 130.033279419, 24.206111908, 114.288879395, 41.5379180908, 40.1302032471, -0.29852193594, 27.077960968, 26.3607463837], [-107.143814087, -62.2667007446, -39.4700088501, -16.190246582, 22.2750034332, 49.3280181885, 4.48701381683, 41.5379180908, 61.4669570923, 34.2155914307, -0.24247802794, 18.1516914368, 17.6717414856], [-195.362579346, -67.623550415, -25.30210495, -28.2065467834, 29.065410614, 71.5288925171, 2.340903759, 40.1302032471, 34.2155914307, 72.4743499756, 30.3751144409, 23.5269641876, 24.5874900818], [-32.5999336243, -6.52402019501, -7.27223777771, -11.7605485916, -6.56067419052, 5.14810037613, -2.32409834862, -0.29852193594, -0.24247802794, 30.3751144409, 47.0895614624, 21.0087337494, 6.48234939575], [-131.689712524, -58.9887084961, -21.0348415375, -15.9834070206, 11.8270816803, 46.828338623, -0.733593583107, 27.077960968, 18.1516914368, 23.5269641876, 21.0087337494, 50.4313316345, 32.0601425171], [-136.558319092, -47.0446434021, -37.6285667419, -35.7186546326, 17.1723270416, 38.8331375122, -6.39923191071, 26.3607463837, 17.6717414856, 24.5874900818, 6.48234939575, 32.0601425171, 55.3324127197]],
        "icov": [[0.00327821820974, -0.00069262238685, 0.000268477306236, -0.00227198912762, 0.000741192430723, 0.00391950365156, -0.00226389500313, 0.00349939102307, -0.00315589667298, 0.00280321086757, -0.00135793501977, 0.00162958307192, 0.000284998590359], [-0.00069262238685, 0.039114985615, -0.0364258177578, 0.024885667488, -0.0216301325709, 0.0251091588289, -0.0186353251338, 0.0169726535678, -0.0152560295537, 0.020430650562, -0.0226156748831, 0.0226501859725, -0.0129905072972], [0.000268477306236, -0.0364258177578, 0.0525981225073, -0.0313119739294, 0.0298112183809, -0.0304737649858, 0.0272168349475, -0.0198799353093, 0.026682889089, -0.0220627188683, 0.0245472099632, -0.019628457725, 0.0197818167508], [-0.00227198912762, 0.024885667488, -0.0313119739294, 0.033067189157, -0.0186468157917, 0.015682792291, -0.0173534788191, 0.0130787109956, -0.012881314382, 0.0139378672466, -0.0121764885262, 0.0085312044248, -0.00344984675758], [0.000741192430723, -0.0216301325709, 0.0298112183809, -0.0186468157917, 0.0378582216799, -0.0256036482751, 0.0208595283329, -0.015544665046, 0.0151520203799, -0.0121621582657, 0.0156434122473, -0.00583966774866, 0.00982873048633], [0.00391950365156, 0.0251091588289, -0.0304737649858, 0.015682792291, -0.0256036482751, 0.0372879654169, -0.0213133879006, 0.0108998380601, -0.01544523146, 0.0102660376579, -0.0125478422269, 0.0085171200335, -0.00855317432433], [-0.00226389500313, -0.0186353251338, 0.0272168349475, -0.0173534788191, 0.0208595283329, -0.0213133879006, 0.0398741364479, -0.0209899749607, 0.0170904677361, -0.0128855993971, 0.0134570077062, -0.00906308274716, 0.0129130994901], [0.00349939102307, 0.0169726535678, -0.0198799353093, 0.0130787109956, -0.015544665046, 0.0108998380601, -0.0209899749607, 0.0371709689498, -0.0201230868697, 0.0126892384142, -0.0103264944628, 0.00889679323882, -0.00812807679176], [-0.00315589667298, -0.0152560295537, 0.026682889089, -0.012881314382, 0.0151520203799, -0.01544523146, 0.0170904677361, -0.0201230868697, 0.0481492951512, -0.0316531732678, 0.0291674025357, -0.0209125149995, 0.0141589539126], [0.00280321086757, 0.020430650562, -0.0220627188683, 0.0139378672466, -0.0121621582657, 0.0102660376579, -0.0128855993971, 0.0126892384142, -0.0316531732678, 0.0578552596271, -0.0461818277836, 0.0288423411548, -0.0195839945227], [-0.00135793501977, -0.0226156748831, 0.0245472099632, -0.0121764885262, 0.0156434122473, -0.0125478422269, 0.0134570077062, -0.0103264944628, 0.0291674025357, -0.0461818277836, 0.0676791444421, -0.042772103101, 0.024740435183], [0.00162958307192, 0.0226501859725, -0.019628457725, 0.0085312044248, -0.00583966774866, 0.0085171200335, -0.00906308274716, 0.00889679323882, -0.0209125149995, 0.0288423411548, -0.042772103101, 0.0671990960836, -0.0340759083629], [0.000284998590359, -0.0129905072972, 0.0197818167508, -0.00344984675758, 0.00982873048633, -0.00855317432433, 0.0129130994901, -0.00812807679176, 0.0141589539126, -0.0195839945227, 0.024740435183, -0.0340759083629, 0.0483006834984]]
    },
    "melbands": {
        "max": [0.00110910984222, 0.003191789845, 0.00574670825154, 0.00480065075681, 0.00238064536825, 0.00280437082984, 0.00419332319871, 0.00202595861629, 0.000684045895468, 0.00147677317727, 0.00258330907673, 0.00204639602453, 0.0012657630723, 0.00032555180951, 0.00290673715062, 0.00209606415592, 0.000949175038841, 0.00102632667404, 0.000983243342489, 0.00140059133992, 0.00139184272848, 0.000273366895271, 0.000333070755005, 0.00030225131195, 0.000156950074597, 0.000220514411922, 9.84623184195e-05, 0.000186193836271, 0.000100989927887, 8.91914169188e-05, 9.18462246773e-05, 7.36510046409e-05, 4.10513857787e-05, 3.67239736079e-05, 2.09038407775e-05, 1.0242022654e-05, 5.75136311909e-07, 6.56988163428e-07, 2.70226848897e-07, 2.36678644683e-07],
        "mean": [0.000212820537854, 0.000233143218793, 0.000255173479673, 0.000238420048845, 0.000181569354027, 0.00025640509557, 0.000273914920399, 0.000159390387125, 9.74591530394e-05, 0.000207757446333, 0.000272465840681, 0.00017825269606, 0.000147006227053, 3.71048117813e-05, 0.000184800563147, 0.000189717320609, 0.000129242849653, 0.000124914382468, 6.59442011965e-05, 8.807885024e-05, 7.61199044064e-05, 5.69720759813e-05, 3.25631190208e-05, 3.42554631061e-05, 2.44580351136e-05, 2.68848289124e-05, 1.86625002243e-05, 2.21828886424e-05, 1.44491414176e-05, 1.02315316326e-05, 1.26478653328e-05, 8.40092798171e-06, 6.83599364493e-06, 4.6634759201e-06, 2.32545949075e-06, 5.62912987334e-07, 9.42155793382e-08, 7.23953519355e-08, 6.41597424078e-08, 6.03152372491e-08],
        "min": [1.42684172033e-07, 2.63687866209e-07, 1.7376771666e-07, 1.2115474135e-07, 1.07615093725e-07, 4.50582184897e-08, 1.26549053903e-07, 2.6487734317e-07, 3.06717623744e-07, 7.00842065271e-07, 8.77725994997e-07, 1.06633933683e-06, 2.45281557909e-06, 9.23792015328e-07, 2.89198396786e-06, 5.59530280952e-06, 1.33079697662e-06, 6.06879211773e-07, 6.94446953275e-07, 1.15266720968e-06, 3.48529738403e-07, 1.07725827547e-06, 5.5422162859e-07, 1.71002938032e-07, 5.05438180198e-08, 2.13811937044e-08, 1.12083196058e-08, 1.81238508645e-08, 1.06620056783e-07, 8.00734838435e-08, 2.68182951402e-08, 3.45397417334e-08, 1.08956513145e-07, 1.37106690445e-08, 5.13962739035e-09, 2.5361852618e-09, 2.25707383339e-10, 1.24691409975e-10, 6.8933797559e-10, 3.91458199189e-10],
        "stdev": [0.000131358843646, 0.000355357595254, 0.000478829402709, 0.000472996762255, 0.000270536460448, 0.000371054746211, 0.00046773997019, 0.000218571774894, 0.000111545974505, 0.000256138067925, 0.0003522192128, 0.000238949403865, 0.000175203531398, 3.21670158883e-05, 0.000258349318756, 0.000215782914893, 0.000141255368362, 0.000186444536666, 9.55153809628e-05, 0.000137092312798, 0.000200769369258, 5.3496005421e-05, 3.28007881762e-05, 4.1378181777e-05, 2.43072154262e-05, 3.11481744575e-05, 1.99348833121e-05, 2.55942759395e-05, 1.49561783473e-05, 9.1360643637e-06, 1.20093627629e-05, 9.48249635258e-06, 6.59336956232e-06, 4.9293516895e-06, 2.69214365289e-06, 9.33661453928e-07, 6.49428315569e-08, 5.04974302373e-08, 3.2781823478e-08, 2.51410927632e-08]
    },
    "melbands128": {
        "max": [0.000354497256922, 0.000638992176391, 0.00155602826271, 0.00223325402476, 0.00479037873447, 0.00332328816876, 0.00276866648346, 0.00818088557571, 0.0120294643566, 0.00416558375582, 0.00323521229438, 0.00409267423674, 0.00206479802728, 0.00482250610366, 0.00308106653392, 0.00323739694431, 0.00590434111655, 0.00592739600688, 0.00212655006908, 0.0041568512097, 0.00181421241723, 0.000936221680604, 0.00059170165332, 0.00168785848655, 0.00328138074838, 0.00166150950827, 0.00499906903133, 0.00182169384789, 0.00797223672271, 0.00276822480373, 0.000354179792339, 0.00239216140471, 0.00235054315999, 0.000408858992159, 0.000317721511237, 0.000488142977702, 0.000260146596702, 0.00105737242848, 0.00797844026238, 0.00412718998268, 0.00165654323064, 0.00274487072602, 0.0014834163012, 0.000301499443594, 0.0026771381963, 0.0011682267068, 0.000276820443105, 0.000300025392789, 0.00092780450359, 0.00480658747256, 0.000389163993532, 0.000327892630594, 0.00304337404668, 0.000893194228411, 0.000130828193505, 0.000535479455721, 0.000427561171819, 0.000868580420502, 0.000259717548033, 0.000118909156299, 0.00039047919563, 0.000561702414416, 0.000197414250579, 0.000166792815435, 0.000539494794793, 0.00044777529547, 0.000137623341288, 0.000162608455867, 0.000151009080582, 0.000416163471527, 0.000287001923425, 0.000140921474667, 9.30785099627e-05, 0.000203082890948, 7.27971710148e-05, 4.4287466153e-05, 0.000125361737446, 0.000173425170942, 0.000104275546619, 0.000170732426341, 0.000160338924616, 5.40779001312e-05, 7.70725382608e-05, 5.45048169442e-05, 2.97780170513e-05, 4.51026244264e-05, 6.22005027253e-05, 3.06183756038e-05, 2.38583997998e-05, 2.61418590526e-05, 2.24787181651e-05, 3.26916733684e-06, 7.95037180978e-07, 7.22248159946e-07, 5.11023131367e-07, 6.18624767412e-07, 8.03880993772e-07, 5.05575428633e-07, 3.7335442471e-07, 2.55618999745e-07, 2.87289225298e-07, 3.22034054534e-07, 2.56069682791e-07, 2.12270052202e-07, 3.75031881106e-08, 6.05828498479e-09, 5.93079141353e-09, 5.70888758489e-09, 5.48473311213e-09, 5.26146992641e-09, 5.05880626278e-09, 4.86194684512e-09, 4.6735810777e-09, 4.50550974307e-09, 4.3400660843e-09, 4.18750811804e-09, 4.05844202689e-09, 3.93574417501e-09, 3.82416365241e-09, 3.71727182369e-09, 3.62089092043e-09, 3.54136830971e-09, 3.46902262471e-09, 3.41123440606e-09, 3.35810446117e-09, 3.31788130303e-09, 3.28929972149e-09, 3.27094107355e-09],
        "mean": [7.76185406721e-05, 0.000219565845327, 0.000237311498495, 0.000260965287453, 0.000226302538067, 0.000222749571549, 0.000228360950132, 0.000275011552731, 0.000281926157186, 0.000260352884652, 0.000203498784686, 0.000128177169245, 0.000123698657262, 0.000323662097799, 0.00025024995557, 0.000184759992408, 0.000354357936885, 0.000270229618764, 0.000190181075595, 0.000268855976174, 7.65425502323e-05, 4.07861771237e-05, 6.37790217297e-05, 0.000189351878362, 0.000240228502662, 0.000149132945808, 0.000313587690471, 0.000141795433592, 0.000482507457491, 0.000186320292414, 4.59575458081e-05, 0.000179078342626, 0.000235291503486, 4.90312195325e-05, 3.2401716453e-05, 3.00261235679e-05, 4.42268210463e-05, 0.000120644515846, 0.000363742292393, 0.000261652487097, 5.63294634048e-05, 0.000245946808718, 0.000114276896056, 3.93733134842e-05, 0.000246015551966, 0.000123255580547, 2.13603470911e-05, 2.81877000816e-05, 6.9732144766e-05, 0.000207667369978, 3.9504680899e-05, 2.81250395346e-05, 0.000155412344611, 4.39210125478e-05, 1.92232892005e-05, 8.69331779541e-05, 5.76310267206e-05, 4.54503206129e-05, 1.94004733203e-05, 1.19832629935e-05, 4.98372901347e-05, 3.93026712118e-05, 1.19764663395e-05, 1.73405296664e-05, 4.89025660499e-05, 3.36463999702e-05, 7.96856147645e-06, 1.27645580505e-05, 1.47196296894e-05, 3.75697418349e-05, 2.59631287918e-05, 1.49754232552e-05, 1.02857793536e-05, 1.96128166863e-05, 1.11461376946e-05, 5.34761647941e-06, 1.17777599371e-05, 1.74393862835e-05, 9.97838287731e-06, 1.25946025946e-05, 8.36154504213e-06, 5.20472713106e-06, 1.12101615741e-05, 6.29697160548e-06, 4.46297281087e-06, 4.63800233774e-06, 5.23203561897e-06, 4.04412867283e-06, 2.02330488719e-06, 1.07112282421e-06, 1.10138830678e-06, 2.06935951041e-07, 1.1003623257e-07, 9.65319983948e-08, 8.12386531379e-08, 7.51117923414e-08, 7.1309173677e-08, 6.62878676394e-08, 6.51812968044e-08, 6.22639575454e-08, 6.12982731241e-08, 5.92443392122e-08, 6.10328356743e-08, 4.74848604881e-08, 7.39561389906e-09, 3.16117340637e-11, 2.10611042495e-11, 1.88549106883e-11, 1.90995639443e-11, 1.71531937959e-11, 1.6079138021e-11, 1.55941110719e-11, 1.46251500494e-11, 1.38919275389e-11, 1.35970670487e-11, 1.32912300957e-11, 1.22670823152e-11, 1.07503875593e-11, 1.02164388061e-11, 9.9335921433e-12, 9.67789043349e-12, 9.46297293997e-12, 9.2716615635e-12, 9.10866607834e-12, 8.93775158051e-12, 8.77970612878e-12, 8.67559236256e-12, 8.62276569591e-12],
        "min": [3.07715950498e-08, 9.56495114224e-08, 1.78378144255e-07, 2.53286202678e-07, 2.88406113214e-07, 2.6628492833e-07, 1.69091492808e-07, 1.47387808624e-07, 1.2130520588e-07, 1.19473668292e-07, 1.20957182048e-07, 1.20884322996e-07, 1.14471120582e-07, 8.05502509138e-08, 3.28082414569e-08, 2.14711128876e-08, 7.23858875062e-08, 1.4089195588e-07, 1.9574268606e-07, 2.55134381177e-07, 3.04037826027e-07, 2.10287240066e-07, 2.71663225249e-07, 3.49197250671e-07, 5.32123578978e-07, 8.50086223636e-07, 4.02747048156e-07, 9.5989116744e-07, 6.24603615051e-07, 5.39078882866e-07, 5.18947445016e-07, 2.32682987189e-06, 1.53503503952e-06, 1.44004968661e-06, 3.56062059836e-07, 3.77630669846e-07, 2.81281671732e-07, 1.76464368451e-06, 2.63859283223e-06, 5.9797156382e-07, 2.39855103246e-06, 8.53070218909e-07, 3.9071107949e-07, 3.88133429396e-07, 2.92228406806e-07, 6.29781425232e-07, 1.68588400129e-07, 2.30307051652e-07, 3.22542462072e-07, 6.77727484799e-07, 4.11420046476e-07, 1.32656509777e-07, 2.6792645258e-07, 1.60766816748e-07, 2.57116710145e-07, 9.76864953373e-07, 6.99918643932e-07, 1.900107236e-07, 4.00198160833e-07, 1.00119642354e-07, 2.75845138731e-07, 1.06676715461e-07, 4.04243607477e-08, 5.05492643299e-08, 3.93194596882e-08, 1.49699026508e-08, 1.72467782278e-08, 5.28943733258e-09, 1.54079256021e-08, 1.04252482203e-08, 1.03372759241e-08, 2.27213945436e-08, 4.29875903762e-08, 1.19080624472e-07, 2.06209946896e-07, 8.12831828512e-08, 3.62839500667e-08, 7.99854138478e-09, 3.28466285282e-08, 3.64511869577e-08, 2.11238049275e-08, 1.42899878597e-08, 1.0420118457e-07, 1.33116202505e-07, 5.5274952615e-08, 6.22341334022e-09, 6.74451872129e-09, 6.08478867292e-09, 5.69706726239e-09, 3.61718477393e-09, 4.05059008557e-09, 2.00316252474e-09, 2.97366492541e-10, 3.07438408065e-10, 4.38126306068e-11, 3.73173263124e-11, 4.79511846896e-11, 3.56739249252e-10, 8.18120904356e-10, 1.01628760962e-09, 1.74211103876e-10, 4.70893379845e-10, 2.67847632962e-10, 1.43353134918e-10, 1.09694336947e-11, 1.71014808217e-12, 4.14087878841e-14, 2.98160340818e-14, 1.73507092889e-14, 2.86156359296e-14, 3.09725152697e-14, 2.29806120287e-14, 2.77497785221e-14, 2.13923812069e-14, 2.4286626719e-14, 2.71987107451e-14, 2.88420444483e-14, 2.892368826e-14, 3.29854348588e-14, 3.00413821152e-14, 2.99754253537e-14, 3.13624384167e-14, 2.66209055261e-14, 2.41259665918e-14, 2.17126613049e-14, 7.2262455961e-15, 1.23957914347e-15, 6.04635014109e-17],
        "stdev": [5.64275796933e-05, 0.000123288191389, 0.000172803280293, 0.000365171290468, 0.000453858403489, 0.000464030483272, 0.000427115475759, 0.000641822000034, 0.000867200375069, 0.000574471720029, 0.000335405784426, 0.000270534132142, 0.000251689401921, 0.000585712958127, 0.000402914942242, 0.000368319859263, 0.000657879048958, 0.000606350135058, 0.000271346478257, 0.000410016888054, 0.000123577934573, 8.08663098724e-05, 8.92918542377e-05, 0.000272116798442, 0.000431333988672, 0.000233504353673, 0.000669180648401, 0.000180496208486, 0.0009494216647, 0.000308535178192, 4.94587548019e-05, 0.000234419188928, 0.000325931439875, 4.93645056849e-05, 4.11490618717e-05, 3.91330650018e-05, 4.39184404968e-05, 0.000152159147547, 0.000704641162883, 0.000454608234577, 0.000100489691249, 0.000386060593883, 0.000188175836229, 3.72164067812e-05, 0.000418356008595, 0.000191863015061, 2.75934798992e-05, 3.56911878043e-05, 9.88440951915e-05, 0.000454686902231, 4.75959750474e-05, 3.40185360983e-05, 0.000469702616101, 0.000105167026049, 1.92070874618e-05, 9.64476421359e-05, 6.98443545843e-05, 6.7754444899e-05, 2.83403824142e-05, 1.11813042167e-05, 6.0438458604e-05, 6.67469139444e-05, 1.73996741069e-05, 1.9603257897e-05, 7.37966984161e-05, 5.22293885297e-05, 1.24147372844e-05, 2.01789316634e-05, 2.03363852052e-05, 5.87101203564e-05, 3.89039814763e-05, 2.08129604289e-05, 1.43127390402e-05, 2.66969018412e-05, 1.18907710203e-05, 5.00812075188e-06, 1.30371827254e-05, 2.26753109018e-05, 1.0630491488e-05, 1.81562481885e-05, 1.45458361658e-05, 5.28228292751e-06, 1.30474745674e-05, 7.64795186114e-06, 4.26408769272e-06, 5.73890383748e-06, 6.98288204148e-06, 4.57940768683e-06, 3.00227884509e-06, 1.7907241272e-06, 2.32277307077e-06, 2.32788679e-07, 8.9623924282e-08, 7.48684811924e-08, 6.47739284432e-08, 6.00795502237e-08, 5.95081068866e-08, 4.47668355719e-08, 4.14685494832e-08, 3.45756738795e-08, 3.31231113648e-08, 3.0793021466e-08, 2.90706392292e-08, 2.36925696839e-08, 5.74560488076e-09, 2.59604365782e-10, 2.56265203502e-10, 2.4643492802e-10, 2.3974167096e-10, 2.27129273722e-10, 2.17395032531e-10, 2.09446196497e-10, 2.00700289721e-10, 1.93042665186e-10, 1.86354112697e-10, 1.80011339168e-10, 1.73611375276e-10, 1.67683381069e-10, 1.6287513005e-10, 1.58323132382e-10, 1.54218693371e-10, 1.50831930279e-10, 1.47750894852e-10, 1.45288961417e-10, 1.43022066412e-10, 1.41304704049e-10, 1.40086497957e-10, 1.39304581759e-10]
    },
    "mfcc": {
        "mean": [-610.509521484, 104.922019958, -49.0219497681, 25.6153774261, -21.9710979462, 21.5552616119, -8.15557289124, 6.28028726578, 1.14036726952, 1.05297541618, 7.73563194275, -4.08730888367, 3.00975108147],
        "cov": [[1687.90979004, 255.722045898, 160.180450439, 454.172637939, -357.83303833, -175.035125732, -187.573654175, -151.909820557, -276.235687256, -64.4664306641, -96.3988037109, -142.591751099, -152.908691406], [255.722045898, 206.215667725, 62.5202140808, 69.9172592163, -69.3614578247, -72.2771530151, -26.9773330688, -59.6499252319, -80.3701782227, -32.4700965881, -13.9603147507, -37.9883575439, -64.0259170532], [160.180450439, 62.5202140808, 159.65713501, 88.02293396, -39.4594230652, -6.21098470688, -2.64271616936, -10.7972726822, -60.3466758728, -13.9232673645, -15.0363941193, -23.5261821747, -28.5988082886], [454.172637939, 69.9172592163, 88.02293396, 197.610092163, -97.8475875854, -46.5909919739, -38.7221984863, -37.8705673218, -92.6430282593, -20.2877388, -28.429775238, -52.6225967407, -47.17603302], [-357.83303833, -69.3614578247, -39.4594230652, -97.8475875854, 148.700836182, 61.0444221497, 40.2969970703, 42.2890319824, 70.0351486206, 19.1029148102, 11.2106933594, 42.3099403381, 51.0681190491], [-175.035125732, -72.2771530151, -6.21098470688, -46.5909919739, 61.0444221497, 81.551322937, 30.4378566742, 28.6619567871, 40.0339241028, 13.777346611, 7.66542053223, 23.1174182892, 29.9991569519], [-187.573654175, -26.9773330688, -2.64271616936, -38.7221984863, 40.2969970703, 30.4378566742, 73.4320373535, 31.4260559082, 23.4852142334, 12.0609369278, 17.1891765594, 11.7286539078, 10.3877506256], [-151.909820557, -59.6499252319, -10.7972726822, -37.8705673218, 42.2890319824, 28.6619567871, 31.4260559082, 75.0692749023, 51.9682159424, 10.3162937164, 4.62988519669, 15.8252010345, 24.2279567719], [-276.235687256, -80.3701782227, -60.3466758728, -92.6430282593, 70.0351486206, 40.0339241028, 23.4852142334, 51.9682159424, 112.970611572, 28.7888469696, 9.26497173309, 36.8351631165, 44.6661872864], [-64.4664306641, -32.4700965881, -13.9232673645, -20.2877388, 19.1029148102, 13.777346611, 12.0609369278, 10.3162937164, 28.7888469696, 39.7435722351, 13.5874576569, 7.3515048027, 14.1765174866], [-96.3988037109, -13.9603147507, -15.0363941193, -28.429775238, 11.2106933594, 7.66542053223, 17.1891765594, 4.62988519669, 9.26497173309, 13.5874576569, 53.3557624817, 17.5453872681, -9.02939224243], [-142.591751099, -37.9883575439, -23.5261821747, -52.6225967407, 42.3099403381, 23.1174182892, 11.7286539078, 15.8252010345, 36.8351631165, 7.3515048027, 17.5453872681, 66.8745422363, 40.9637374878], [-152.908691406, -64.0259170532, -28.5988082886, -47.17603302, 51.0681190491, 29.9991569519, 10.3877506256, 24.2279567719, 44.6661872864, 14.1765174866, -9.02939224243, 40.9637374878, 90.7707901001]],
        "icov": [[0.00315861962736, -0.00111308391206, 0.00151707080659, -0.00441911956295, 0.00328374933451, -0.00115931185428, 0.00352254952304, -0.00117303221487, 0.00275855348445, -0.00254768389277, 0.00281795766205, -0.00156569341198, 0.00119003769942], [-0.00111308391206, 0.011327364482, -0.00378775014542, 0.00266952672973, -0.0022845370695, 0.00787273421884, -0.00304744835012, 0.00559246586636, -0.00030559670995, 0.00411333143711, 0.000609563372564, 0.000314418401103, 0.00327497767285], [0.00151707080659, -0.00378775014542, 0.0113704595715, -0.00561177171767, 0.00203192699701, -0.00513695925474, 0.000954752904363, -0.00427788216621, 0.00560791743919, -0.00300755281933, 0.00308661395684, -0.00229425216094, 0.00118945399299], [-0.00441911956295, 0.00266952672973, -0.00561177171767, 0.0181726571172, -0.00133922300301, 0.00277080526575, -0.00266045099124, 0.000216737724259, 0.00209859223105, 0.00101415626705, -0.000628733017948, 0.0042044785805, -0.000951250316575], [0.00328374933451, -0.0022845370695, 0.00203192699701, -0.00133922300301, 0.017559370026, -0.00728164147586, 0.0014500656398, -0.00275479862466, 0.00113259302452, -0.00325104291551, 0.00387202436104, -0.00339466403238, -0.0011711360421], [-0.00115931185428, 0.00787273421884, -0.00513695925474, 0.00277080526575, -0.00728164147586, 0.0257178321481, -0.00610676920041, 0.00324526126496, -0.00300491601229, 0.00212951144204, -0.000502056849655, -3.04534187308e-05, -3.86232422898e-05], [0.00352254952304, -0.00304744835012, 0.000954752904363, -0.00266045099124, 0.0014500656398, -0.00610676920041, 0.0250155571848, -0.0092851864174, 0.00632693106309, -0.00603457866237, -0.0015548011288, -0.000165731835295, 0.00126978137996], [-0.00117303221487, 0.00559246586636, -0.00427788216621, 0.000216737724259, -0.00275479862466, 0.00324526126496, -0.0092851864174, 0.027034169063, -0.0131272021681, 0.00716851884499, -0.00155420124065, 0.002618805971, -0.000938814308029], [0.00275855348445, -0.00030559670995, 0.00560791743919, 0.00209859223105, 0.00113259302452, -0.00300491601229, 0.00632693106309, -0.0131272021681, 0.0295045115054, -0.0141963185742, 0.00764193432406, -0.00602626381442, 0.00160307693295], [-0.00254768389277, 0.00411333143711, -0.00300755281933, 0.00101415626705, -0.00325104291551, 0.00212951144204, -0.00603457866237, 0.00716851884499, -0.0141963185742, 0.0403310544789, -0.0136703699827, 0.00812749844044, -0.00624925503507], [0.00281795766205, 0.000609563372564, 0.00308661395684, -0.000628733017948, 0.00387202436104, -0.000502056849655, -0.0015548011288, -0.00155420124065, 0.00764193432406, -0.0136703699827, 0.0330888293684, -0.013537324965, 0.0121783046052], [-0.00156569341198, 0.000314418401103, -0.00229425216094, 0.0042044785805, -0.00339466403238, -3.04534187308e-05, -0.000165731835295, 0.002618805971, -0.00602626381442, 0.00812749844044, -0.013537324965, 0.0296455956995, -0.0127427680418], [0.00119003769942, 0.00327497767285, 0.00118945399299, -0.000951250316575, -0.0011711360421, -3.86232422898e-05, 0.00126978137996, -0.000938814308029, 0.00160307693295, -0.00624925503507, 0.0121783046052, -0.0127427680418, 0.0231380220503]]
    },
    "spectral_contrast_coeffs": {
        "max": [-0.508136928082, -0.618114352226, -0.564434051514, -0.577338576317, -0.671683728695, -0.553113281727],
        "mean": [-0.752954363823, -0.789245784283, -0.751655519009, -0.749675631523, -0.767447292805, -0.650433182716],
        "min": [-0.916315436363, -0.915908813477, -0.920836210251, -0.885952889919, -0.861976563931, -0.793626070023],
        "stdev": [0.078506603837, 0.0646257475019, 0.0765494704247, 0.0710389986634, 0.0456579960883, 0.0422902442515]
    },
    "spectral_contrast_valleys": {
        "max": [-5.74287176132, -4.80590724945, -5.56140184402, -5.93130207062, -6.16951084137, -9.70305919647],
        "mean": [-7.22795152664, -6.54973745346, -6.88165283203, -6.93639183044, -6.9533457756, -10.5780544281],
        "min": [-9.87631416321, -9.10229492188, -8.45620441437, -8.47047424316, -9.35399436951, -12.8957548141],
        "stdev": [0.57569783926, 0.561045348644, 0.391127824783, 0.387686252594, 0.36158156395, 0.204030498862]
    }
},
"rhythm": {
    "beats_count": 20,
    "beats_loudness": {
        "max": 0.0461957603693,
        "mean": 0.0239444058388,
        "min": 0.00489458953962,
        "stdev": 0.0123638771474
    },
    "bpm": 95.9139556885,
    "bpm_histogram_first_peak_bpm": 96,
    "bpm_histogram_first_peak_weight": 0.421052575111,
    "bpm_histogram_second_peak_bpm": 0,
    "bpm_histogram_second_peak_spread": 0,
    "bpm_histogram_second_peak_weight": 0,
    "danceability": 0.84020370245,
    "onset_rate": 1.64584994316,
    "beats_loudness_band_ratio": {
        "max": [0.346631616354, 0.307333886623, 0.435149103403, 0.446830183268, 0.439819067717, 0.222393319011],
        "mean": [0.151041671634, 0.119145348668, 0.180941820145, 0.261202484369, 0.205766290426, 0.116921104491],
        "min": [0.0545954443514, 0.0140118515119, 0.0572556145489, 0.0849054530263, 0.0586100630462, 0.0352423936129],
        "stdev": [0.0884699299932, 0.0913930460811, 0.120844997466, 0.101775981486, 0.111465021968, 0.0463598147035]
    },
    "beats_position": [0.626938760281, 1.26548755169, 1.89242625237, 2.53097510338, 3.15791368484, 3.78485250473, 4.43501138687, 5.0387301445, 5.65405893326, 6.26938772202, 6.8963265419, 7.51165533066, 8.13859367371, 8.76553249359, 9.38086128235, 10.0078001022, 10.6347389221, 11.261677742, 11.8886165619, 12.5155553818],
    "bpm_histogram": [0, 0, 0, 0, 0, 0, 0, 0, 0, 0, 0, 0, 0, 0, 0, 0, 0, 0, 0, 0, 0, 0, 0, 0, 0, 0, 0, 0, 0, 0, 0, 0, 0, 0, 0, 0, 0, 0, 0, 0, 0, 0, 0, 0, 0, 0, 0, 0, 0, 0, 0, 0, 0, 0, 0, 0, 0, 0, 0, 0, 0, 0, 0, 0, 0, 0, 0, 0, 0, 0, 0, 0, 0, 0, 0, 0, 0, 0, 0, 0, 0, 0, 0, 0, 0, 0, 0, 0, 0, 0, 0, 0, 0.0526315793395, 0, 0.105263158679, 0, 0.578947365284, 0, 0.210526317358, 0.0526315793395, 0, 0, 0, 0, 0, 0, 0, 0, 0, 0, 0, 0, 0, 0, 0, 0, 0, 0, 0, 0, 0, 0, 0, 0, 0, 0, 0, 0, 0, 0, 0, 0, 0, 0, 0, 0, 0, 0, 0, 0, 0, 0, 0, 0, 0, 0, 0, 0, 0, 0, 0, 0, 0, 0, 0, 0, 0, 0, 0, 0, 0, 0, 0, 0, 0, 0, 0, 0, 0, 0, 0, 0, 0, 0, 0, 0, 0, 0, 0, 0, 0, 0, 0, 0, 0, 0, 0, 0, 0, 0, 0, 0, 0, 0, 0, 0, 0, 0, 0, 0, 0, 0, 0, 0, 0, 0, 0, 0, 0, 0, 0, 0, 0, 0, 0, 0, 0, 0, 0, 0, 0, 0, 0, 0, 0, 0, 0, 0, 0, 0, 0, 0, 0, 0, 0, 0, 0, 0, 0, 0, 0, 0, 0, 0, 0, 0, 0, 0, 0, 0]
},
"tonal": {
    "chords_changes_rate": 0.0434782616794,
