{
"metadata": {
    "version": {
        "essentia": "2.1-beta5",
        "essentia_git_sha": "Undefined",
        "extractor": "music 2.0"
    },
    "audio_properties": {
        "analysis": {
            "equal_loudness": 0,
            "length": 32.4963264465,
            "sample_rate": 44100,
            "start_time": 29.0017242432,
            "downmix": "mix"
        },
        "bit_rate": 192000,
        "length": 214.482727051,
        "lossless": 0,
        "number_channels": 2,
        "replay_gain": -15.3665332794,
        "sample_rate": 48000,
        "codec": "mp3",
        "md5_encoded": "9a4d76084a115f60d66d2280169afefe"
    },
    "tags": {
        "file_name": "Spain_Gwendolyne_Julio Iglesias.mp3",
        "encoding": ["Lavf58.29.100"]
    }
},
"lowlevel": {
    "average_loudness": 0.389170140028,
    "barkbands_crest": {
        "max": 20.606262207,
        "mean": 6.67091464996,
        "min": 2.50656247139,
        "stdev": 3.41600751877
    },
    "barkbands_flatness_db": {
        "max": 0.357086747885,
        "mean": 0.129400357604,
        "min": 0.0648983195424,
        "stdev": 0.0430194921792
    },
    "barkbands_kurtosis": {
        "max": 116.932991028,
        "mean": 1.79337716103,
        "min": -1.79348254204,
        "stdev": 9.78105926514
    },
    "barkbands_skewness": {
        "max": 7.76021671295,
        "mean": 0.296447843313,
        "min": -3.41415572166,
        "stdev": 1.17857003212
    },
    "barkbands_spread": {
        "max": 68.4861297607,
        "mean": 21.0957603455,
        "min": 0.687604427338,
        "stdev": 11.744228363
    },
    "dissonance": {
        "max": 0.499983906746,
        "mean": 0.478482216597,
        "min": 0.284953355789,
        "stdev": 0.0271393768489
    },
    "dynamic_complexity": 4.32439661026,
    "erbbands_crest": {
        "max": 29.1540374756,
        "mean": 8.21823596954,
        "min": 2.76154589653,
        "stdev": 4.52016687393
    },
    "erbbands_flatness_db": {
        "max": 0.322878658772,
        "mean": 0.219334512949,
        "min": 0.117846637964,
        "stdev": 0.0297148693353
    },
    "erbbands_kurtosis": {
        "max": 26.6477108002,
        "mean": 0.323187738657,
        "min": -1.85537695885,
        "stdev": 2.31458353996
    },
    "erbbands_skewness": {
        "max": 4.51932430267,
        "mean": 0.0956606715918,
        "min": -4.10585021973,
        "stdev": 0.844615459442
    },
    "erbbands_spread": {
        "max": 118.203262329,
        "mean": 25.4694137573,
        "min": 5.04782581329,
        "stdev": 11.0086612701
    },
    "hfc": {
        "max": 89.4496536255,
        "mean": 15.8104286194,
        "min": 0.0170414038002,
        "stdev": 17.7879390717
    },
    "loudness_ebu128": {
        "integrated": -11.4595527649,
        "loudness_range": 10.2369308472,
        "momentary": {
            "max": -6.05026912689,
            "mean": -14.2218542099,
            "min": -31.5597801208,
            "stdev": 5.31083011627
        },
        "short_term": {
            "max": -6.65196704865,
            "mean": -13.0355434418,
            "min": -23.9189662933,
            "stdev": 3.73370933533
        }
    },
    "melbands_crest": {
        "max": 26.6263561249,
        "mean": 8.00451660156,
        "min": 2.28194904327,
        "stdev": 3.90731549263
    },
    "melbands_flatness_db": {
        "max": 0.471554368734,
        "mean": 0.149851724505,
        "min": 0.0592998862267,
        "stdev": 0.0721613541245
    },
    "melbands_kurtosis": {
        "max": 179.059082031,
        "mean": 3.3121368885,
        "min": -1.83267486095,
        "stdev": 12.848154068
    },
    "melbands_skewness": {
        "max": 10.7674808502,
        "mean": 0.904058396816,
        "min": -1.68331444263,
        "stdev": 1.10463297367
    },
    "melbands_spread": {
        "max": 143.620025635,
        "mean": 42.2196807861,
        "min": 0.965865015984,
        "stdev": 24.8712692261
    },
    "pitch_salience": {
        "max": 0.890571773052,
        "mean": 0.664813756943,
        "min": 0.163459420204,
        "stdev": 0.1401720047
    },
    "silence_rate_20dB": {
        "max": 1,
        "mean": 1,
        "min": 1,
        "stdev": 0
    },
    "silence_rate_30dB": {
        "max": 1,
        "mean": 1,
        "min": 1,
        "stdev": 0
    },
    "silence_rate_60dB": {
        "max": 1,
        "mean": 0.244111344218,
        "min": 0,
        "stdev": 0.429556369781
    },
    "spectral_centroid": {
        "max": 4052.54125977,
        "mean": 2418.92529297,
        "min": 227.675765991,
        "stdev": 857.140625
    },
    "spectral_complexity": {
        "max": 53,
        "mean": 19.7573165894,
        "min": 0,
        "stdev": 12.8242969513
    },
    "spectral_decrease": {
        "max": -8.75445115706e-12,
        "mean": -1.85145432319e-09,
        "min": -9.66233049127e-09,
        "stdev": 1.88986959415e-09
    },
    "spectral_energy": {
        "max": 0.0423660390079,
        "mean": 0.00842186342925,
        "min": 3.45869993907e-05,
        "stdev": 0.0085846465081
    },
    "spectral_energyband_high": {
        "max": 0.0117457965389,
        "mean": 0.00109453964978,
        "min": 3.7835349076e-07,
        "stdev": 0.001885142643
    },
    "spectral_energyband_low": {
        "max": 0.0134911173955,
        "mean": 0.000364798586816,
        "min": 1.67797134054e-06,
        "stdev": 0.000892545271199
    },
    "spectral_energyband_middle_high": {
        "max": 0.0361532866955,
        "mean": 0.00497925886884,
        "min": 2.07227867577e-06,
        "stdev": 0.00520980544388
    },
    "spectral_energyband_middle_low": {
        "max": 0.02880541794,
        "mean": 0.00216345745139,
        "min": 2.40543595282e-05,
        "stdev": 0.00334394373931
    },
    "spectral_entropy": {
        "max": 8.14163780212,
        "mean": 7.53973770142,
        "min": 5.45954418182,
        "stdev": 0.524950504303
    },
    "spectral_flux": {
        "max": 0.150548383594,
        "mean": 0.0475743338466,
        "min": 0.00329969543964,
        "stdev": 0.0278174635023
    },
    "spectral_kurtosis": {
        "max": 22.8433189392,
        "mean": 4.07473897934,
        "min": -0.459325313568,
        "stdev": 3.35335826874
    },
    "spectral_rms": {
        "max": 0.0064290529117,
        "mean": 0.00252379756421,
        "min": 0.000183693802683,
        "stdev": 0.00135900662281
    },
    "spectral_rolloff": {
        "max": 6266.16210938,
        "mean": 3173.08276367,
        "min": 172.265625,
        "stdev": 1393.94616699
    },
    "spectral_skewness": {
        "max": 3.75594782829,
        "mean": 1.00822806358,
        "min": -0.129411831498,
        "stdev": 0.617846488953
    },
    "spectral_spread": {
        "max": 10228186,
        "mean": 3027848.25,
        "min": 1814563,
        "stdev": 626043.9375
    },
    "spectral_strongpeak": {
        "max": 11.0041532516,
        "mean": 1.19115746021,
        "min": 0.00280726910569,
        "stdev": 1.44419336319
    },
    "zerocrossingrate": {
        "max": 0.17919921875,
        "mean": 0.0989642590284,
        "min": 0.00830078125,
        "stdev": 0.0366234630346
    },
    "barkbands": {
        "max": [5.96741301706e-05, 0.00297692441382, 0.0110407993197, 0.014299986884, 0.0146193802357, 0.0161791462451, 0.00336679862812, 0.00594804529101, 0.00966999307275, 0.0150173967704, 0.0276173055172, 0.0113044437021, 0.00983485206962, 0.00744916358963, 0.00349925970659, 0.00246527651325, 0.00410563964397, 0.0041367970407, 0.00538331177086, 0.00665219407529, 0.00487982202321, 0.00477114552632, 0.00232402654365, 0.000105162311229, 4.84730990138e-05, 2.25932762987e-05, 1.33446064865e-05],
        "mean": [3.72780505131e-06, 9.84833168332e-05, 0.000137837574584, 0.000264691800112, 0.000441056559794, 0.000478189816931, 0.000235262763454, 0.000156829046318, 0.00049418391427, 0.000487275508931, 0.000828875578009, 0.000613342795987, 0.000567384879105, 0.000415696704295, 0.000325981411152, 0.000260577799054, 0.000309048307827, 0.000382460275432, 0.000463047123048, 0.000664339866489, 0.000405250408221, 0.000306061847368, 7.45340512367e-05, 3.63475419363e-06, 2.42784926741e-06, 1.23385916595e-06, 4.37671161535e-07],
        "min": [1.13137641478e-08, 1.02148464975e-06, 8.29795538948e-08, 6.50184048823e-08, 9.20169611618e-07, 1.79668040801e-06, 5.75217939058e-07, 1.90447948967e-07, 4.59753835003e-07, 8.09398699175e-08, 3.30376650481e-08, 1.12998449708e-07, 2.61751917918e-08, 2.2434681668e-08, 2.51668197393e-08, 1.96434299937e-08, 1.77994312622e-08, 4.0845439031e-08, 7.16295218695e-08, 1.26082724705e-07, 6.05069985227e-08, 8.45409005024e-08, 2.73827573949e-08, 1.91691569285e-08, 2.48935805303e-08, 1.60281796724e-08, 5.32541288845e-10],
        "stdev": [4.64260938315e-06, 0.000185313838301, 0.000472336047096, 0.000862065411638, 0.00111482082866, 0.00119264633395, 0.000413256697357, 0.000388926302548, 0.000953916402068, 0.00116942555178, 0.00208015157841, 0.000904865737539, 0.000850105891004, 0.000617103709374, 0.000369643443264, 0.000296943297144, 0.000422161770985, 0.000531614583451, 0.000734241330065, 0.0011515544029, 0.000679228804074, 0.00057168857893, 0.000203375675483, 7.68032259657e-06, 3.84614577342e-06, 1.9873311885e-06, 1.18777677471e-06]
    },
    "erbbands": {
        "max": [0.0352900661528, 0.863122522831, 9.73692035675, 29.8492679596, 33.8601646423, 60.3506202698, 124.487960815, 128.719665527, 45.7179412842, 86.6623687744, 166.235488892, 219.248565674, 306.025085449, 528.541259766, 1096.62683105, 413.774841309, 331.524627686, 285.316070557, 331.776611328, 119.251853943, 167.550247192, 247.566421509, 214.164474487, 270.666564941, 253.892120361, 253.244689941, 295.416290283, 228.44392395, 186.161132812, 102.329833984, 52.4441833496, 6.63523626328, 0.292870014906, 0.554016113281, 0.322836995125, 0.150753200054, 0.0292295683175, 0.0147241381928, 0.00216455990449, 7.78542744229e-05],
        "mean": [0.00262642139569, 0.0243725478649, 0.146507650614, 0.559998869896, 1.42475235462, 1.37369501591, 2.14524126053, 4.31383943558, 3.09660553932, 3.68227314949, 5.24234104156, 9.8069190979, 14.8296442032, 20.4153175354, 32.7310028076, 25.3292198181, 25.6173706055, 22.1473426819, 19.9098377228, 14.9932842255, 14.9167995453, 18.2233886719, 19.4030838013, 24.4750461578, 28.9757061005, 26.6759090424, 19.8156986237, 15.0466842651, 12.0857830048, 5.8549041748, 1.55573058128, 0.236527234316, 0.0142444176599, 0.0256889127195, 0.0177524182945, 0.00815260596573, 0.00161594781093, 0.000478791102068, 8.4701598098e-05, 1.34253323267e-05],
        "min": [7.06014861862e-06, 0.000173366017407, 0.000150067571667, 0.00063562131254, 0.000908908958081, 0.0033227163367, 0.00684058200568, 0.0173920895904, 0.0134469270706, 0.00821485091001, 0.00719235185534, 0.0099477507174, 0.00842178519815, 0.00142796523869, 0.00245910789818, 0.00494036870077, 0.00282365782186, 0.00115559948608, 0.00242975912988, 0.00101744919084, 0.00156911695376, 0.00115149409976, 0.00210889335722, 0.00151214352809, 0.00491160852835, 0.00730147445574, 0.00335012772121, 0.00307468837127, 0.00330354459584, 0.00145341746975, 0.000794093357399, 0.000527658325154, 0.000135852402309, 0.000284113863017, 0.000166727986652, 9.1955284006e-05, 2.1503867174e-05, 3.40370024787e-06, 4.2521273258e-07, 1.14656856454e-07],
        "stdev": [0.00335922208615, 0.0561361387372, 0.470709085464, 1.73751628399, 3.8812789917, 3.46391415596, 6.48927879333, 11.2180395126, 5.50800132751, 6.66107225418, 11.9294214249, 19.3644218445, 29.816488266, 37.5978469849, 79.1986846924, 34.3416786194, 34.3744163513, 25.3552646637, 29.6886081696, 15.3252096176, 17.1217021942, 24.6616973877, 25.4904117584, 38.1697654724, 45.9857368469, 42.8032226562, 33.9972686768, 27.293636322, 21.9285526276, 13.2113723755, 4.30450534821, 0.503521025181, 0.0232242755592, 0.0403834842145, 0.0279297959059, 0.0130975665525, 0.00254210154526, 0.00108093244489, 0.000194151507458, 1.4536436538e-05]
    },
    "gfcc": {
        "mean": [-80.5511932373, 76.4966430664, -178.975158691, 31.6682167053, -60.4207763672, -0.543147683144, -7.88170623779, -6.54390859604, -22.7184734344, 4.85518407822, -17.2574825287, 8.56171131134, -10.9231615067],
        "cov": [[6262.28417969, -1268.77111816, -2100.04614258, -254.337661743, 59.3018989563, 24.0704345703, 182.490081787, -260.927825928, 38.2863006592, -63.5965385437, -21.6929073334, -87.5508499146, -249.208175659], [-1268.77111816, 2276.34301758, 1235.42663574, 36.5228462219, -142.613922119, -497.295013428, 14.3595762253, -160.117660522, -177.09197998, -254.91204834, 219.017425537, -330.946105957, -91.865486145], [-2100.04614258, 1235.42663574, 1449.5657959, 263.868377686, -176.495635986, -227.372772217, -90.8863525391, -65.1604995728, -73.7551116943, -145.686187744, 58.5783195496, -113.190078735, 9.14036941528], [-254.337661743, 36.5228462219, 263.868377686, 479.215789795, -30.4558296204, -80.9159622192, 53.5129928589, -108.589508057, 0.312199234962, -68.7657623291, 18.2947368622, 33.7452468872, 9.09901809692], [59.3018989563, -142.613922119, -176.495635986, -30.4558296204, 177.555526733, 82.1459121704, 20.2127857208, 71.2706604004, -22.7587966919, 49.7461395264, 2.23164772987, 8.10712814331, 9.38820457458], [24.0704345703, -497.295013428, -227.372772217, -80.9159622192, 82.1459121704, 247.497940063, -5.82629060745, 72.3179931641, 69.6185455322, 79.6585159302, -82.6513595581, 82.2519989014, 43.9653816223], [182.490081787, 14.3595762253, -90.8863525391, 53.5129928589, 20.2127857208, -5.82629060745, 106.850959778, 9.69305706024, -14.1463298798, -4.28894042969, 25.3046283722, -6.49855518341, -8.91833686829], [-260.927825928, -160.117660522, -65.1604995728, -108.589508057, 71.2706604004, 72.3179931641, 9.69305706024, 159.570083618, 5.70305538177, 79.1561355591, -13.5660200119, 31.0149803162, 21.9999809265], [38.2863006592, -177.09197998, -73.7551116943, 0.312199234962, -22.7587966919, 69.6185455322, -14.1463298798, 5.70305538177, 108.220878601, 18.6015148163, -35.0159645081, 36.7321243286, 6.48989248276], [-63.5965385437, -254.91204834, -145.686187744, -68.7657623291, 49.7461395264, 79.6585159302, -4.28894042969, 79.1561355591, 18.6015148163, 124.584899902, -9.52865982056, 37.1585083008, 14.814245224], [-21.6929073334, 219.017425537, 58.5783195496, 18.2947368622, 2.23164772987, -82.6513595581, 25.3046283722, -13.5660200119, -35.0159645081, -9.52865982056, 87.3765029907, -24.772485733, -18.6736812592], [-87.5508499146, -330.946105957, -113.190078735, 33.7452468872, 8.10712814331, 82.2519989014, -6.49855518341, 31.0149803162, 36.7321243286, 37.1585083008, -24.772485733, 118.644309998, 62.2077178955], [-249.208175659, -91.865486145, 9.14036941528, 9.09901809692, 9.38820457458, 43.9653816223, -8.91833686829, 21.9999809265, 6.48989248276, 14.814245224, -18.6736812592, 62.2077178955, 86.3152389526]],
        "icov": [[0.000572089513298, 0.000236625841353, 0.000800792186055, 0.000169944818481, 0.000135494148708, 0.000266235816525, -0.000340075901477, 0.000851551711094, 6.16130419075e-05, 0.000712373526767, -8.12390644569e-05, 0.000717244984116, 0.000736934598535], [0.000236625841353, 0.00379703263752, -0.00274913874455, 0.00316239264794, -0.00285548181273, 0.00417340220883, -0.00389364105649, 0.00329314498231, -0.00212271907367, 0.00180833402555, -0.00254432507791, 0.00409343838692, -0.00202607014216], [0.000800792186055, -0.00274913874455, 0.00547268940136, -0.00423332350329, 0.00507554225624, -0.00432355003431, 0.00558703066781, -0.00390254124068, 0.00288903294131, 0.00124745955691, -0.00021856368403, 0.00152200774755, 0.000899459933862], [0.000169944818481, 0.00316239264794, -0.00423332350329, 0.0080408109352, -0.00634467275813, 0.00716316187754, -0.0085026845336, 0.00804042443633, -0.00366260041483, 0.000207188000786, 0.00164309877437, -0.00338424369693, 0.000605006702244], [0.000135494148708, -0.00285548181273, 0.00507554225624, -0.00634467275813, 0.0158567558974, -0.0109826270491, 0.00728993723169, -0.00930379703641, 0.00715428963304, 0.000625078275334, -0.00503606721759, 0.00521310139447, -0.00101438956335], [0.000266235816525, 0.00417340220883, -0.00432355003431, 0.00716316187754, -0.0109826270491, 0.0194341726601, -0.0093730147928, 0.00752304913476, -0.00800728518516, -0.00240602064878, 0.00875502731651, -0.00400359369814, -0.000882679247297], [-0.000340075901477, -0.00389364105649, 0.00558703066781, -0.0085026845336, 0.00728993723169, -0.0093730147928, 0.0208599604666, -0.0105276647955, 0.0050674630329, 0.00204504816793, -0.00591381220147, 0.00328718684614, -0.000381777586881], [0.000851551711094, 0.00329314498231, -0.00390254124068, 0.00804042443633, -0.00930379703641, 0.00752304913476, -0.0105276647955, 0.0198066812009, -0.00359457032755, -0.00523897819221, 0.00356952380389, -0.00362002919428, 0.00112375116441], [6.16130419075e-05, -0.00212271907367, 0.00288903294131, -0.00366260041483, 0.00715428963304, -0.00800728518516, 0.0050674630329, -0.00359457032755, 0.0161580462009, -0.000292684213491, 0.00090365781216, -0.00232800585218, 0.00344767374918], [0.000712373526767, 0.00180833402555, 0.00124745955691, 0.000207188000786, 0.000625078275334, -0.00240602064878, 0.00204504816793, -0.00523897819221, -0.000292684213491, 0.0169301778078, -0.00628107599914, 0.00335054658353, -0.000125754871988], [-8.12390644569e-05, -0.00254432507791, -0.00021856368403, 0.00164309877437, -0.00503606721759, 0.00875502731651, -0.00591381220147, 0.00356952380389, 0.00090365781216, -0.00628107599914, 0.0261698961258, -0.0107568930835, 0.0058992090635], [0.000717244984116, 0.00409343838692, 0.00152200774755, -0.00338424369693, 0.00521310139447, -0.00400359369814, 0.00328718684614, -0.00362002919428, -0.00232800585218, 0.00335054658353, -0.0107568930835, 0.0326066836715, -0.0168693289161], [0.000736934598535, -0.00202607014216, 0.000899459933862, 0.000605006702244, -0.00101438956335, -0.000882679247297, -0.000381777586881, 0.00112375116441, 0.00344767374918, -0.000125754871988, 0.0058992090635, -0.0168693289161, 0.0248281937093]]
    },
    "melbands": {
        "max": [0.000576045247726, 0.0034695120994, 0.00471970252693, 0.00335843767971, 0.00339354481548, 0.0025599016808, 0.000646301778033, 0.000982045894489, 0.00158635166008, 0.00160048203543, 0.00172985787503, 0.00195470382459, 0.00456749182194, 0.00135142181534, 0.00156413670629, 0.00128973950632, 0.0005092760548, 0.000742840813473, 0.000250430224696, 0.000210238897125, 0.000209353500395, 0.000264936796157, 0.00027419050457, 0.000201572183869, 0.000248466152698, 0.000215465493966, 0.000371085188817, 0.000206818105653, 0.000291903910693, 0.00013919553021, 0.000116045259347, 0.000142102231621, 8.79288854776e-05, 6.10596907791e-05, 4.42682248831e-05, 6.52463950246e-06, 2.26402926273e-06, 2.78656457908e-08, 2.21332385308e-07, 5.53222889721e-07],
        "mean": [2.4383480195e-05, 6.33018134977e-05, 0.000122096796986, 0.00010567811114, 6.74332113704e-05, 9.36139040277e-05, 4.93761799589e-05, 3.72284266632e-05, 4.7709352657e-05, 6.65084298817e-05, 7.61859628255e-05, 7.97118482296e-05, 0.000113122354378, 6.95798225934e-05, 6.62492311676e-05, 5.81359745411e-05, 3.73583752662e-05, 3.32907038683e-05, 2.36663217947e-05, 1.7946558728e-05, 1.66984063981e-05, 1.91056205949e-05, 1.53348937602e-05, 2.02218016057e-05, 1.96072378458e-05, 1.79227772605e-05, 2.52098798228e-05, 1.60007166414e-05, 1.41457885547e-05, 8.80154220795e-06, 8.35125320009e-06, 7.5762054621e-06, 4.52931863038e-06, 2.72755687547e-06, 1.0325961739e-06, 2.73992640132e-07, 6.09657533346e-08, 1.57213742025e-09, 1.06083284379e-08, 2.5303828366e-08],
        "min": [1.66059948015e-07, 1.45967490539e-07, 1.21559196486e-07, 1.77751971364e-07, 2.72521106126e-07, 4.37363468109e-07, 1.51472988819e-07, 5.82021364437e-08, 5.58321566757e-08, 5.68732403394e-08, 1.36480968749e-08, 4.96183494292e-09, 5.81485481987e-09, 1.20413972127e-08, 4.67696725792e-09, 1.80778436665e-09, 1.68429770131e-09, 1.85598514335e-09, 1.37035072179e-09, 1.09107900492e-09, 1.61113766772e-09, 1.04480135654e-09, 1.63652724705e-09, 1.86371118538e-09, 8.66670180066e-10, 3.63882723953e-09, 2.58191623637e-09, 4.53152226854e-09, 2.16215978455e-09, 1.27374077952e-09, 1.90533366862e-09, 1.82865034226e-09, 1.64704383465e-09, 5.04441155513e-10, 4.51134019031e-10, 3.46677825336e-10, 2.53204707201e-10, 8.38844185086e-13, 1.04053751726e-10, 2.23529333931e-10],
        "stdev": [3.80963647331e-05, 0.000180746326805, 0.000325250264723, 0.000264854548732, 0.000187154990272, 0.000233294442296, 8.48556082929e-05, 6.82990430505e-05, 0.000108801024908, 0.000137619208544, 0.000161685238709, 0.000155193047249, 0.00030158093432, 9.90066328086e-05, 0.000130816813908, 9.6759875305e-05, 4.51035593869e-05, 5.93905060668e-05, 2.59252337855e-05, 2.06840777537e-05, 2.0804694941e-05, 2.64230475295e-05, 2.40214721998e-05, 3.03035030811e-05, 3.30623734044e-05, 3.07922855427e-05, 4.54692053609e-05, 2.83957651845e-05, 2.68861203949e-05, 1.58264501806e-05, 1.52595221152e-05, 1.41773052746e-05, 8.96509209269e-06, 6.91558625476e-06, 3.1771430713e-06, 5.56095869797e-07, 1.52096035322e-07, 2.59251375923e-09, 1.68605964745e-08, 4.05021616245e-08]
    },
    "melbands128": {
        "max": [5.59830004931e-05, 0.000246547773713, 0.000688417581841, 0.00167441810481, 0.0042346897535, 0.00547732226551, 0.0068262340501, 0.00629199203104, 0.00411227252334, 0.00480349734426, 0.00354234757833, 0.00176840485074, 0.00518788397312, 0.00497372774407, 0.00371825322509, 0.00430540367961, 0.00125797383953, 0.000932412222028, 0.00117106852122, 0.00138160237111, 0.00114581861999, 0.00192351802252, 0.00298396241851, 0.00222253473476, 0.00138874712866, 0.00326497107744, 0.00421631429344, 0.00219175126404, 0.00497598526999, 0.00233022426255, 0.00389411859214, 0.00494763022289, 0.00950442999601, 0.00411230977625, 0.00191582983825, 0.00191687047482, 0.00146216386929, 0.00343571626581, 0.00161210016813, 0.000727034697775, 0.00297077232972, 0.000976308656391, 0.000915653654374, 0.000477042194689, 0.00178888335358, 0.00108022766653, 0.000231904879911, 0.000540306093171, 0.000223263821681, 0.000246405339567, 0.000370121066226, 0.000234810009715, 0.000298177532386, 0.000222816306632, 0.000200914117158, 0.000455385219539, 0.000262886722339, 0.00043852700037, 0.000255052873399, 0.000377681135433, 0.000417682051193, 0.000520353671163, 0.000533586367965, 0.000502590264659, 0.000835540879052, 0.00023152596259, 0.000451703323051, 0.00052333145868, 0.000865625974257, 0.000213976149098, 0.000277571700281, 0.000487916724524, 0.000572083459701, 0.000320904189721, 0.000198644789634, 0.000338291807566, 0.000242425419856, 0.000251806661254, 0.000136024100357, 0.000176583271241, 0.000172826359631, 0.000185892422451, 9.98143586912e-05, 9.2433343525e-05, 0.000185696888366, 6.79503718857e-05, 0.000119642136269, 7.09523446858e-05, 0.000100281395135, 1.91088220163e-05, 1.73509888555e-05, 3.55465181201e-06, 7.43580039853e-06, 2.56628663919e-06, 1.92014315559e-08, 2.16317879165e-08, 2.58909107487e-08, 6.78909444218e-08, 1.24880060071e-07, 3.36718727567e-07, 5.61827391721e-07, 6.55615110645e-07, 4.72547668551e-07, 4.50770556881e-07, 3.11754888571e-07, 3.07503285057e-07, 3.19102156254e-07, 2.91222619353e-07, 3.18730371873e-07, 2.28165902172e-07, 1.45274881902e-07, 1.15766248143e-07, 7.73107728946e-08, 5.7617622673e-08, 3.93709598256e-08, 2.8738742941e-08, 1.65330874324e-07, 3.25234339016e-07, 2.83997707129e-07, 7.32955527383e-08, 4.22776444964e-08, 3.06383185489e-08, 1.48658712007e-08, 5.07600517174e-10, 9.28991120142e-11, 9.19430850899e-11, 9.10626782313e-11, 9.06031014103e-11],
        "mean": [3.40679594046e-06, 2.08916444535e-05, 2.76833925454e-05, 4.12172485085e-05, 6.87067222316e-05, 6.49888970656e-05, 0.000107769716124, 0.00013655165094, 0.000154220062541, 0.00011927295418, 6.80211815052e-05, 3.87780746678e-05, 7.16036520316e-05, 9.54684219323e-05, 0.000109245731437, 9.1099042038e-05, 4.54905130027e-05, 3.95293864131e-05, 5.70633092138e-05, 4.2896164814e-05, 2.40083718381e-05, 2.87127277261e-05, 5.43405294593e-05, 6.71318775858e-05, 4.74998560094e-05, 7.95281521278e-05, 7.57844172767e-05, 5.57195053261e-05, 0.000109280183096, 6.30798094789e-05, 7.19779054634e-05, 0.000106217594293, 0.000128505314933, 0.000115093760542, 6.83633406879e-05, 5.95326491748e-05, 5.67039642192e-05, 9.47932712734e-05, 4.54639812233e-05, 4.35278670921e-05, 7.8652134107e-05, 4.83528747282e-05, 3.67533866665e-05, 2.81549764622e-05, 3.9512233343e-05, 3.60084086424e-05, 2.33746814047e-05, 2.8834456316e-05, 1.99636397156e-05, 1.70824332599e-05, 1.8508571884e-05, 1.75013701664e-05, 1.85796252481e-05, 1.54026547534e-05, 1.49682400661e-05, 2.19758603635e-05, 2.02350001928e-05, 1.51948524945e-05, 1.28574656628e-05, 1.65490018844e-05, 2.09549671126e-05, 2.19508110604e-05, 2.30504374485e-05, 1.50017604028e-05, 2.23759707296e-05, 1.45462490764e-05, 1.76098837983e-05, 2.71523185802e-05, 3.10014729621e-05, 1.39294961627e-05, 1.59787068696e-05, 1.70483672264e-05, 1.64710672834e-05, 1.4693862795e-05, 9.62834292295e-06, 7.58342685003e-06, 9.11221741262e-06, 1.01116893347e-05, 7.82254028309e-06, 6.98779558661e-06, 8.61928401719e-06, 7.61994124332e-06, 5.39699749424e-06, 4.15849444835e-06, 4.28068142355e-06, 2.4359528652e-06, 3.02313060274e-06, 1.4803350723e-06, 1.07409653083e-06, 3.89099881204e-07, 3.6428039607e-07, 2.1147077689e-07, 2.091078386e-07, 3.07522043386e-08, 3.11992903734e-10, 6.17788986634e-10, 1.39217537498e-09, 3.37059669064e-09, 7.38793604071e-09, 1.47826115793e-08, 2.40243522853e-08, 2.83234964371e-08, 2.61656776246e-08, 2.2490256768e-08, 1.91948323902e-08, 1.77808114898e-08, 1.72982339564e-08, 1.67912315163e-08, 1.52826835631e-08, 1.20306360429e-08, 8.54003889827e-09, 5.78036196686e-09, 3.90355525681e-09, 2.96584734549e-09, 2.21732432415e-09, 1.84722726004e-09, 3.0077469404e-09, 6.91665258401e-09, 5.86906523381e-09, 2.64608557288e-09, 1.12962461607e-09, 4.05987632401e-10, 1.06942961431e-10, 3.25499891797e-12, 1.3141744637e-12, 1.2852295183e-12, 1.2663558353e-12, 1.25798904713e-12],
        "min": [5.28643395725e-09, 1.99403551449e-08, 7.94990384634e-08, 1.48629752061e-07, 1.86127966373e-08, 3.06491010349e-08, 2.75656777404e-08, 2.39575719263e-08, 1.70171006175e-08, 3.69454795646e-08, 3.71087764961e-08, 9.915739696e-08, 8.06397704167e-09, 7.1918364597e-08, 1.97622910036e-07, 7.37050598332e-08, 7.94578767227e-08, 4.00021349378e-08, 4.56693882711e-08, 2.83137602253e-08, 2.58943764209e-08, 1.29576367414e-08, 3.46403972173e-08, 3.79060480782e-08, 9.22533960335e-09, 1.66772693433e-08, 7.03771085853e-09, 9.87765425009e-09, 9.2134184726e-09, 5.74297054357e-09, 1.42083345089e-09, 1.54455204182e-09, 5.03510522165e-09, 3.94027477313e-09, 4.49032633298e-09, 1.70949876477e-09, 1.81881998351e-09, 5.11761433231e-09, 1.52350698723e-09, 1.47690659702e-09, 7.92026277896e-10, 1.22858645479e-09, 1.26730914651e-09, 9.46101197385e-10, 1.09130804393e-09, 1.154559226e-09, 1.02637520705e-09, 5.04354502606e-10, 4.97328900284e-10, 5.07022701601e-10, 4.11708667158e-10, 8.76444916642e-10, 8.32418356467e-10, 8.67421967587e-10, 8.67383775915e-10, 2.50835546778e-10, 1.05814146334e-09, 5.02601515961e-10, 1.14554310482e-09, 9.48434109027e-10, 9.59425205949e-10, 2.00384242532e-09, 3.57978452437e-10, 3.3490635265e-10, 1.78781334181e-09, 1.68927227762e-09, 2.20088880454e-09, 2.18332196766e-09, 1.18364196222e-09, 1.6933516811e-09, 2.50729681461e-09, 2.77087530698e-09, 2.21888307728e-09, 1.5500895012e-09, 7.86265941244e-10, 1.24539134561e-09, 1.14388165606e-09, 1.18129128701e-09, 7.89108001165e-10, 1.49277390449e-09, 1.73633385447e-09, 1.354317547e-09, 1.86503834598e-09, 8.90956253219e-10, 6.29114871309e-10, 3.06141473283e-10, 1.17860499138e-10, 2.09001677076e-10, 5.47894674074e-10, 5.87627113635e-10, 3.49906492669e-10, 2.69230499006e-10, 1.65379265837e-10, 2.93285881692e-11, 1.17539766982e-13, 9.67475204767e-14, 4.972047825e-14, 1.38079367276e-13, 3.45742115493e-11, 6.54022808133e-11, 1.58585783394e-10, 1.8658401213e-10, 1.59168830893e-10, 1.65950725384e-10, 1.88384918776e-10, 1.92138666089e-10, 1.18538470706e-10, 1.33805064251e-10, 1.0234261355e-10, 8.69456243113e-11, 6.13692430207e-11, 4.42042374926e-11, 2.48413321163e-11, 1.12329937019e-11, 1.24629820353e-11, 8.51162629961e-12, 1.15928482092e-11, 3.74818015167e-12, 3.80661146593e-14, 2.72364274282e-14, 2.27300207194e-14, 1.59398048146e-14, 1.63418693318e-14, 1.59085882624e-14, 1.24399951196e-14, 4.54607410879e-15, 6.68801068586e-16, 2.0045663354e-17],
        "stdev": [4.07025981985e-06, 2.47966399911e-05, 4.70375744044e-05, 0.000104250444565, 0.000236930514802, 0.000222168717301, 0.000380727724405, 0.000423028337536, 0.000488462508656, 0.0003467858769, 0.000192799547222, 0.000112238085421, 0.000259746098891, 0.00028848144575, 0.000324273714796, 0.000269212061539, 0.00010528886196, 8.54853497003e-05, 0.000119374279166, 9.4106690085e-05, 6.64973194944e-05, 8.79439394339e-05, 0.000167817983311, 0.00015183542564, 0.000111436194857, 0.000226562682656, 0.000231013589655, 0.000131135981064, 0.000371018366423, 0.000157584436238, 0.000188406847883, 0.00028838813887, 0.00053482898511, 0.000338105222909, 0.00013014592696, 0.000114397567813, 9.0878449555e-05, 0.000262844579993, 8.66016998771e-05, 7.03327168594e-05, 0.000199612855795, 7.45654615457e-05, 6.11148425378e-05, 4.41659794888e-05, 0.000108481508505, 8.51290824357e-05, 3.19451864925e-05, 4.05950922868e-05, 2.45894825639e-05, 2.42041114689e-05, 2.6899500881e-05, 2.39267919824e-05, 2.78196475847e-05, 2.48297801591e-05, 2.34124090639e-05, 3.75392082788e-05, 3.20247017953e-05, 3.1283005228e-05, 2.4595650757e-05, 2.90527823381e-05, 4.01584693464e-05, 5.23522030562e-05, 5.06552569277e-05, 3.38420504704e-05, 5.93162549194e-05, 2.75356433121e-05, 4.65797311335e-05, 5.93148870394e-05, 7.31107429601e-05, 2.48238666245e-05, 3.48925314029e-05, 4.21912554884e-05, 4.24030222348e-05, 2.99826169794e-05, 2.040061554e-05, 1.66815734701e-05, 2.01654002012e-05, 2.29738743656e-05, 1.51122085299e-05, 1.40747388286e-05, 1.78371974471e-05, 1.53554592544e-05, 1.0612807273e-05, 8.40063057694e-06, 1.31813412736e-05, 5.78738763579e-06, 1.02600051832e-05, 4.66412075184e-06, 5.02933244206e-06, 1.23728091239e-06, 9.53715925789e-07, 3.60678257039e-07, 4.97789869769e-07, 1.35409266022e-07, 8.70473138015e-10, 1.3602389215e-09, 2.3246369274e-09, 5.56996626599e-09, 1.16645493264e-08, 2.38764776839e-08, 3.91202270578e-08, 4.61666971319e-08, 4.14623819722e-08, 3.67167096726e-08, 2.96017912405e-08, 2.861995263e-08, 2.84063172984e-08, 2.75255160886e-08, 2.55099248392e-08, 1.93551592531e-08, 1.3431423973e-08, 9.55820578241e-09, 6.36860209013e-09, 4.95569985048e-09, 3.56856100225e-09, 2.91842883193e-09, 8.62113314071e-09, 2.43394939758e-08, 1.92577598312e-08, 6.05125682895e-09, 3.06324832167e-09, 1.40672939963e-09, 6.05918926144e-10, 2.29605258417e-11, 4.41035185803e-12, 4.35984928715e-12, 4.31860146602e-12, 4.294955884e-12]
    },
    "mfcc": {
        "mean": [-709.282714844, 109.442611694, -62.1605148315, 34.9686584473, -40.6294593811, 20.5187587738, -3.06475448608, 7.14593076706, -3.77899050713, -3.2575032711, 2.81428194046, -8.06497955322, 7.47630310059],
        "cov": [[7880.78076172, -1554.41638184, -2563.39990234, -451.996887207, -504.502624512, 364.175231934, -187.133911133, 91.8748550415, -96.9135818481, -39.7865028381, 161.145263672, 15.7812080383, -62.4805526733], [-1554.41638184, 2069.29541016, 1034.29296875, 299.857696533, 10.194311142, -349.003112793, 161.855514526, -120.788238525, -358.145935059, 128.743377686, -24.0172691345, -119.052581787, -134.291778564], [-2563.39990234, 1034.29296875, 1519.34362793, 500.666351318, 72.2348861694, -136.608062744, -15.2991142273, -43.5495185852, -149.717819214, 27.6895618439, -144.290512085, -54.7897109985, -30.9288978577], [-451.996887207, 299.857696533, 500.666351318, 571.671447754, -68.5508728027, 19.343788147, 28.1630630493, 5.5066857338, -158.844848633, 4.94540929794, -92.503944397, -62.4641189575, 43.0903282166], [-504.502624512, 10.194311142, 72.2348861694, -68.5508728027, 174.220443726, -15.984711647, 31.7828884125, -2.68560814857, 55.9923362732, 5.64950466156, 2.25272154808, 20.3046588898, -2.91203379631], [364.175231934, -349.003112793, -136.608062744, 19.343788147, -15.984711647, 201.026519775, -64.5431900024, 40.7983970642, 54.4654464722, -15.5691728592, -24.9748401642, 8.76004886627, 14.1768274307], [-187.133911133, 161.855514526, -15.2991142273, 28.1630630493, 31.7828884125, -64.5431900024, 191.966827393, -24.610212326, -20.672870636, 24.9504966736, 26.8511123657, -21.2507324219, 11.9937667847], [91.8748550415, -120.788238525, -43.5495185852, 5.5066857338, -2.68560814857, 40.7983970642, -24.610212326, 93.8337478638, 31.0055885315, -4.61583709717, -29.0177593231, 10.6762390137, 23.4611530304], [-96.9135818481, -358.145935059, -149.717819214, -158.844848633, 55.9923362732, 54.4654464722, -20.672870636, 31.0055885315, 188.697906494, -20.439447403, 11.6840286255, 39.4505310059, 24.9534454346], [-39.7865028381, 128.743377686, 27.6895618439, 4.94540929794, 5.64950466156, -15.5691728592, 24.9504966736, -4.61583709717, -20.439447403, 72.5925750732, 7.63466930389, -13.3592882156, -5.12394762039], [161.145263672, -24.0172691345, -144.290512085, -92.503944397, 2.25272154808, -24.9748401642, 26.8511123657, -29.0177593231, 11.6840286255, 7.63466930389, 162.070144653, 29.9551753998, -64.7148742676], [15.7812080383, -119.052581787, -54.7897109985, -62.4641189575, 20.3046588898, 8.76004886627, -21.2507324219, 10.6762390137, 39.4505310059, -13.3592882156, 29.9551753998, 79.7450637817, 4.29868268967], [-62.4805526733, -134.291778564, -30.9288978577, 43.0903282166, -2.91203379631, 14.1768274307, 11.9937667847, 23.4611530304, 24.9534454346, -5.12394762039, -64.7148742676, 4.29868268967, 117.910850525]],
        "icov": [[0.000506712996867, 3.42893727066e-05, 0.000969689688645, -0.000196086082724, 0.000702348188497, -0.000197304631001, 0.000357720797183, -7.10869644536e-05, 0.000723160337657, -0.000185369950486, 0.000420175725594, -0.000174656117451, 0.000728282087948], [3.42893727066e-05, 0.00169174210168, -0.000865184818394, 0.000519544410054, 0.000173263790202, 0.00127516756766, -0.000800363603048, -2.72187116934e-05, 0.00204449240118, -0.00144385430031, 0.000352337927325, 0.00049009459326, 0.00114600965753], [0.000969689688645, -0.000865184818394, 0.00383591931313, -0.0022361355368, 0.000284488749458, 0.000279902131297, 0.00188712193631, 0.000468331156299, -0.000228432152653, -0.000127204897581, 0.00193954654969, -0.00101721449755, 0.00218447833322], [-0.000196086082724, 0.000519544410054, -0.0022361355368, 0.00472181942314, 0.00100551894866, -0.00185569783207, -0.00174219778273, -0.000956804375164, 0.00342259928584, 0.000689529289957, -0.000668641645461, 0.00138691265602, -0.00232067890465], [0.000702348188497, 0.000173263790202, 0.000284488749458, 0.00100551894866, 0.00888523831964, -0.000395046139602, -0.0016698227264, 9.59438475547e-05, -0.000983456731774, -0.00094299565535, 0.00140222290065, -0.00186379335355, 0.0016990652075], [-0.000197304631001, 0.00127516756766, 0.000279902131297, -0.00185569783207, -0.000395046139602, 0.00901376549155, 0.00168347416911, -0.00101626606192, -0.00175931234844, -0.00147256918717, 0.00150992989074, 0.000316510122502, 0.00216231984086], [0.000357720797183, -0.000800363603048, 0.00188712193631, -0.00174219778273, -0.0016698227264, 0.00168347416911, 0.00819076225162, 0.000860490137711, -0.000717254297342, -0.0010647556046, -0.0016250499757, 0.00185208790936, -0.00169223186094], [-7.10869644536e-05, -2.72187116934e-05, 0.000468331156299, -0.000956804375164, 9.59438475547e-05, -0.00101626606192, 0.000860490137711, 0.0133713064715, -0.00216691498645, -0.00102208345197, 0.00242927810177, -0.00191796408035, -0.000402276345994], [0.000723160337657, 0.00204449240118, -0.000228432152653, 0.00342259928584, -0.000983456731774, -0.00175931234844, -0.000717254297342, -0.00216691498645, 0.0136165469885, 0.000156421097927, -0.00050824630307, -0.000487088254886, -0.00104367930908], [-0.000185369950486, -0.00144385430031, -0.000127204897581, 0.000689529289957, -0.00094299565535, -0.00147256918717, -0.0010647556046, -0.00102208345197, 0.000156421097927, 0.0168061573058, -0.00198982679285, 0.00218413653784, -0.00203709676862], [0.000420175725594, 0.000352337927325, 0.00193954654969, -0.000668641645461, 0.00140222290065, 0.00150992989074, -0.0016250499757, 0.00242927810177, -0.00050824630307, -0.00198982679285, 0.0122910663486, -0.00515243504196, 0.0078669032082], [-0.000174656117451, 0.00049009459326, -0.00101721449755, 0.00138691265602, -0.00186379335355, 0.000316510122502, 0.00185208790936, -0.00191796408035, -0.000487088254886, 0.00218413653784, -0.00515243504196, 0.0176131967455, -0.00347091024742], [0.000728282087948, 0.00114600965753, 0.00218447833322, -0.00232067890465, 0.0016990652075, 0.00216231984086, -0.00169223186094, -0.000402276345994, -0.00104367930908, -0.00203709676862, 0.0078669032082, -0.00347091024742, 0.016203969717]]
    },
    "spectral_contrast_coeffs": {
        "max": [-0.444106221199, -0.530469059944, -0.565698087215, -0.571386277676, -0.55213958025, -0.407649487257],
        "mean": [-0.761836886406, -0.811025857925, -0.779556453228, -0.79944986105, -0.77244925499, -0.612536370754],
        "min": [-0.924585461617, -0.926314592361, -0.947423160076, -0.909876763821, -0.895202755928, -0.870198667049],
        "stdev": [0.0844896584749, 0.0600234791636, 0.0664566159248, 0.0580843687057, 0.0732402727008, 0.0779547467828]
    },
    "spectral_contrast_valleys": {
        "max": [-5.80920934677, -5.47680282593, -5.76814460754, -5.93360090256, -5.79703807831, -9.95881271362],
        "mean": [-8.27097988129, -7.39047384262, -7.42754220963, -7.819627285, -7.71551847458, -12.2635631561],
        "min": [-10.3772926331, -9.58355712891, -11.0744113922, -11.3340873718, -11.4598112106, -13.8415660858],
        "stdev": [0.772897303104, 0.785957574844, 1.15871620178, 1.42041885853, 1.26566493511, 0.881124734879]
    }
},
"rhythm": {
    "beats_count": 84,
    "beats_loudness": {
        "max": 0.0341506637633,
        "mean": 0.00896635651588,
        "min": 0.000108944033855,
        "stdev": 0.00914840120822
    },
    "bpm": 184.570327759,
    "bpm_histogram_first_peak_bpm": 185,
    "bpm_histogram_first_peak_weight": 0,
    "bpm_histogram_second_peak_bpm": 140,
    "bpm_histogram_second_peak_spread": 0.16666662693,
    "bpm_histogram_second_peak_weight": 0.120481930673,
    "danceability": 0.753565788269,
    "onset_rate": 2.06103515625,
    "beats_loudness_band_ratio": {
        "max": [0.906451821327, 0.635196328163, 0.551565766335, 0.583515763283, 0.525386810303, 0.593579292297],
        "mean": [0.0996613129973, 0.0913666784763, 0.113927088678, 0.306423813105, 0.22516168654, 0.199854210019],
        "min": [0.00104057719, 0.000933728646487, 0.00812806934118, 0.00251107639633, 0.00119043292943, 0.000810861471109],
        "stdev": [0.173009008169, 0.132293790579, 0.105919249356, 0.151980385184, 0.150176614523, 0.132987707853]
    },
