{
"metadata": {
    "version": {
        "essentia": "2.1-beta5",
        "essentia_git_sha": "Undefined",
        "extractor": "music 2.0"
    },
    "audio_properties": {
        "analysis": {
            "equal_loudness": 0,
            "length": 32.4963264465,
            "sample_rate": 44100,
            "start_time": 126.502311707,
            "downmix": "mix"
        },
        "bit_rate": 192000,
        "length": 228.15927124,
        "lossless": 0,
        "number_channels": 2,
        "replay_gain": -13.013671875,
        "sample_rate": 44100,
        "codec": "mp3",
        "md5_encoded": "748b03c9ccad648c02e59e1c31c9b95a"
    },
    "tags": {
        "file_name": "Italy_Occhi Di Ragazza_Gianni Morandi.mp3",
        "encoding": ["Lavf58.29.100"]
    }
},
"lowlevel": {
    "average_loudness": 0.911422431469,
    "barkbands_crest": {
        "max": 25.783821106,
        "mean": 12.2525367737,
        "min": 2.84369492531,
        "stdev": 5.75883054733
    },
    "barkbands_flatness_db": {
        "max": 0.347353190184,
        "mean": 0.20215536654,
        "min": 0.10019941628,
        "stdev": 0.0467086620629
    },
    "barkbands_kurtosis": {
        "max": 49.226688385,
        "mean": 6.06214857101,
        "min": -1.77310216427,
        "stdev": 7.92747402191
    },
    "barkbands_skewness": {
        "max": 5.15481710434,
        "mean": 1.4650028944,
        "min": -1.41743803024,
        "stdev": 1.03982949257
    },
    "barkbands_spread": {
        "max": 68.3812561035,
        "mean": 12.8453950882,
        "min": 1.30360519886,
        "stdev": 9.07364177704
    },
    "dissonance": {
        "max": 0.498827964067,
        "mean": 0.438394367695,
        "min": 0.191248714924,
        "stdev": 0.0457770377398
    },
    "dynamic_complexity": 2.42375898361,
    "erbbands_crest": {
        "max": 32.6452102661,
        "mean": 13.9434251785,
        "min": 2.9470205307,
        "stdev": 7.64015722275
    },
    "erbbands_flatness_db": {
        "max": 0.396955758333,
        "mean": 0.264264136553,
        "min": 0.149934619665,
        "stdev": 0.0507156401873
    },
    "erbbands_kurtosis": {
        "max": 34.8118667603,
        "mean": 3.91431736946,
        "min": -1.59317243099,
        "stdev": 6.27153491974
    },
    "erbbands_skewness": {
        "max": 5.49824619293,
        "mean": 1.34223365784,
        "min": -2.33572745323,
        "stdev": 1.22529006004
    },
    "erbbands_spread": {
        "max": 79.0873718262,
        "mean": 23.2212543488,
        "min": 2.7022330761,
        "stdev": 14.7719106674
    },
    "hfc": {
        "max": 104.72808075,
        "mean": 24.6459732056,
        "min": 1.03274142742,
        "stdev": 15.7559576035
    },
    "loudness_ebu128": {
        "integrated": -10.7852134705,
        "loudness_range": 3.6250743866,
        "momentary": {
            "max": -7.96393966675,
            "mean": -11.1927680969,
            "min": -20.5085830688,
            "stdev": 1.95986330509
        },
        "short_term": {
            "max": -8.73789215088,
            "mean": -10.9147148132,
            "min": -13.0733938217,
            "stdev": 1.25732588768
        }
    },
    "melbands_crest": {
        "max": 34.0359191895,
        "mean": 15.2352647781,
        "min": 4.1322145462,
        "stdev": 6.78207111359
    },
    "melbands_flatness_db": {
        "max": 0.32504299283,
        "mean": 0.207616373897,
        "min": 0.0826169252396,
        "stdev": 0.048907276243
    },
    "melbands_kurtosis": {
        "max": 70.2381744385,
        "mean": 10.6083631516,
        "min": -1.64906561375,
        "stdev": 11.5440015793
    },
    "melbands_skewness": {
        "max": 6.3142285347,
        "mean": 1.66847479343,
        "min": -0.821335375309,
        "stdev": 1.15408074856
    },
    "melbands_spread": {
        "max": 168.607269287,
        "mean": 17.5989189148,
        "min": 1.82429432869,
        "stdev": 14.3578205109
    },
    "pitch_salience": {
        "max": 0.837831735611,
        "mean": 0.563623130322,
        "min": 0.126564800739,
        "stdev": 0.163467898965
    },
    "silence_rate_20dB": {
        "max": 1,
        "mean": 1,
        "min": 1,
        "stdev": 0
    },
    "silence_rate_30dB": {
        "max": 1,
        "mean": 1,
        "min": 1,
        "stdev": 0
    },
    "silence_rate_60dB": {
        "max": 1,
        "mean": 0.010706637986,
        "min": 0,
        "stdev": 0.102917574346
    },
    "spectral_centroid": {
        "max": 4443.42675781,
        "mean": 1230.10961914,
        "min": 353.975189209,
        "stdev": 479.25982666
    },
    "spectral_complexity": {
        "max": 45,
        "mean": 17.5189151764,
        "min": 2,
        "stdev": 6.67538976669
    },
    "spectral_decrease": {
        "max": -2.45099995855e-10,
        "mean": -6.43198161399e-09,
        "min": -1.86521482703e-08,
        "stdev": 3.65968610971e-09
    },
    "spectral_energy": {
        "max": 0.076719366014,
        "mean": 0.0265112258494,
        "min": 0.00101873988751,
        "stdev": 0.0150231532753
    },
    "spectral_energyband_high": {
        "max": 0.0157878343016,
        "mean": 0.000566900009289,
        "min": 5.18906426805e-06,
        "stdev": 0.00101361237466
    },
    "spectral_energyband_low": {
        "max": 0.0116062769666,
        "mean": 0.000889671675395,
        "min": 3.14308381348e-05,
        "stdev": 0.00119837815873
    },
    "spectral_energyband_middle_high": {
        "max": 0.0752702206373,
        "mean": 0.0120173459873,
        "min": 0.000117408599181,
        "stdev": 0.0139338336885
    },
    "spectral_energyband_middle_low": {
        "max": 0.0660086721182,
        "mean": 0.0144938211888,
        "min": 0.000236556501477,
        "stdev": 0.0129027133808
    },
    "spectral_entropy": {
        "max": 8.10460567474,
        "mean": 7.28256797791,
        "min": 6.25523757935,
        "stdev": 0.376660615206
    },
    "spectral_flux": {
        "max": 0.235237628222,
        "mean": 0.085244871676,
        "min": 0.0188961215317,
        "stdev": 0.0375020503998
    },
    "spectral_kurtosis": {
        "max": 19.2533512115,
        "mean": 3.39212989807,
        "min": -1.11335432529,
        "stdev": 3.02717685699
    },
    "spectral_rms": {
        "max": 0.00865148287266,
        "mean": 0.00487110065296,
        "min": 0.000996941584162,
        "stdev": 0.00146184838377
    },
    "spectral_rolloff": {
        "max": 6890.625,
        "mean": 1303.75219727,
        "min": 236.865234375,
        "stdev": 811.38684082
    },
    "spectral_skewness": {
        "max": 3.08105278015,
        "mean": 1.23485207558,
        "min": -0.501482546329,
        "stdev": 0.468348622322
    },
    "spectral_spread": {
        "max": 5706622,
        "mean": 3250949.25,
        "min": 2128898,
        "stdev": 531455.4375
    },
    "spectral_strongpeak": {
        "max": 11.5435085297,
        "mean": 2.60633826256,
        "min": 0.0214047506452,
        "stdev": 2.11783027649
    },
    "zerocrossingrate": {
        "max": 0.23095703125,
        "mean": 0.0526116937399,
        "min": 0.0126953125,
        "stdev": 0.0213264618069
    },
    "barkbands": {
        "max": [0.000498763867654, 0.00245776493102, 0.00476587936282, 0.0133335758001, 0.0145512828603, 0.0343920588493, 0.035743907094, 0.0413221940398, 0.061638019979, 0.0720955505967, 0.0305334907025, 0.0409319475293, 0.0328056141734, 0.0187267772853, 0.0073854518123, 0.00212246715091, 0.00331111182459, 0.00307245319709, 0.00222959904931, 0.00256913411431, 0.00292266043834, 0.00955535750836, 0.00404146779329, 4.8670128308e-05, 5.27270231032e-06, 8.68971028467e-07, 8.39632662064e-07],
        "mean": [6.52155576972e-05, 0.000280153064523, 0.000235032799537, 0.000701201613992, 0.00138976878952, 0.00232954579405, 0.00156468327623, 0.00136423541699, 0.0045384997502, 0.00657584425062, 0.00245554326102, 0.00130191084463, 0.000909617927391, 0.000878725026269, 0.000305688561639, 0.000202563562198, 0.000263002060819, 0.000259877706412, 0.000249205739237, 0.000143223223859, 0.00016320173745, 0.000228319826419, 0.000102029072877, 3.84367012884e-06, 2.99667362924e-07, 1.79114223453e-09, 1.83378900953e-09],
        "min": [2.70936482138e-07, 3.29332056026e-06, 6.30046656624e-07, 3.5887796912e-07, 3.48087246493e-06, 7.97783195594e-06, 9.12004452402e-07, 1.97542840397e-06, 1.43451761687e-05, 1.07076648419e-05, 4.0084723878e-06, 7.79555102781e-06, 2.34738672589e-06, 4.74981834486e-06, 1.63384925145e-06, 2.98612633287e-07, 5.92852757109e-07, 2.72689612757e-06, 3.10454106511e-06, 2.12008649214e-06, 3.01742375086e-07, 1.91870640265e-06, 8.71313943662e-07, 4.30635850535e-07, 4.15922407626e-08, 5.50457596171e-12, 8.1698640908e-12],
        "stdev": [5.26422591065e-05, 0.000246151234023, 0.000489019032102, 0.00173702696338, 0.00187266175635, 0.00389642268419, 0.00295208045281, 0.00318359397352, 0.00979889836162, 0.0133534055203, 0.00469965068623, 0.00271200854331, 0.00216074474156, 0.00168054469395, 0.00057140388526, 0.000247360294452, 0.000360780541087, 0.000314836768666, 0.000299733539578, 0.000205663454835, 0.000245684146648, 0.000520032423083, 0.000272204837529, 4.43864928457e-06, 3.22995873603e-07, 2.53464857991e-08, 2.48354687926e-08]
    },
    "erbbands": {
        "max": [0.0478733554482, 0.627774178982, 5.16461086273, 24.8536472321, 37.245765686, 65.3705978394, 186.664398193, 370.554931641, 410.045532227, 919.417602539, 1114.4822998, 1715.94128418, 2286.57348633, 1824.71899414, 1143.80786133, 1024.86364746, 1379.46264648, 1100.94665527, 455.687316895, 426.600097656, 135.640884399, 140.199447632, 138.258224487, 239.519393921, 123.215911865, 91.7330932617, 92.8682556152, 153.182739258, 311.127685547, 268.964324951, 84.3576889038, 7.02782058716, 0.539567351341, 0.12707734108, 0.00745776947588, 0.00367182050832, 0.00159189011902, 0.000542274385225, 0.000125039601699, 9.11700262805e-05],
        "mean": [0.0109396446496, 0.0536395385861, 0.247359886765, 1.41229510307, 3.4182934761, 5.25041437149, 10.2639942169, 19.6863517761, 18.4815196991, 31.1530971527, 33.6010894775, 87.6693191528, 228.07371521, 145.973098755, 83.4527816772, 56.8690109253, 43.9708480835, 53.5894355774, 20.8019542694, 13.0451059341, 13.2639293671, 13.6065473557, 12.4095125198, 15.9351673126, 10.2915372849, 6.94857263565, 5.25248622894, 8.21802043915, 8.36797618866, 6.01586532593, 2.14486432076, 0.222979158163, 0.0481053739786, 0.00812629517168, 0.000350186048308, 5.80779560551e-05, 2.25371422857e-05, 7.69177586335e-06, 1.56832975335e-05, 3.20990293403e-05],
        "min": [0.000132438144647, 0.000768654106651, 0.00213675084524, 0.00309658143669, 0.00492267077789, 0.0136707471684, 0.0632197931409, 0.0442945733666, 0.0837571769953, 0.113158904016, 0.789369821548, 0.410328984261, 0.482934504747, 0.787451028824, 0.405792593956, 0.458931624889, 0.206991836429, 0.289082348347, 0.229938045144, 0.0406968481839, 0.0257424265146, 0.0411839149892, 0.159701570868, 0.142103165388, 0.207932785153, 0.110226243734, 0.0292443558574, 0.027574274689, 0.0614508613944, 0.043262436986, 0.0207021217793, 0.0114729311317, 0.00594706181437, 0.001780443592, 6.43697931082e-05, 5.54056532565e-06, 1.79364576525e-06, 3.70253047777e-07, 9.09225889245e-07, 1.63236984463e-06],
        "stdev": [0.00703803962097, 0.0651376023889, 0.465407580137, 3.10659956932, 5.31825399399, 7.43790197372, 17.2817173004, 34.4864578247, 37.1349639893, 70.8271102905, 77.4458084106, 193.266784668, 457.452026367, 270.092773438, 147.073974609, 96.5528793335, 95.3073425293, 99.4825897217, 34.5470123291, 23.3506774902, 15.6432361603, 18.4209918976, 13.3371496201, 18.6057109833, 13.3165187836, 9.39942932129, 7.85129022598, 13.016541481, 17.1836128235, 16.9071674347, 5.67070102692, 0.415962219238, 0.0505119077861, 0.00822113547474, 0.000481644994579, 0.000120964548842, 4.97934597661e-05, 1.73297357833e-05, 9.20883394429e-06, 1.78543486982e-05]
    },
    "gfcc": {
        "mean": [-43.1104469299, 141.711868286, -189.11567688, 36.254283905, -84.101234436, 1.33644640446, -7.73254394531, -22.6945896149, 3.53834080696, -26.7149047852, 4.92194700241, -8.01172065735, 3.02130532265],
        "cov": [[863.87310791, -235.817428589, -252.770980835, 62.8718414307, -26.3647689819, 42.7799530029, 42.4585952759, -110.468673706, -3.81483507156, -21.3360939026, -50.9697036743, 26.8136196136, -122.86265564], [-235.817428589, 551.218444824, 293.348815918, 97.5143508911, 90.3928451538, -167.727661133, -208.411804199, -69.8606033325, 38.1967391968, 47.8990020752, -10.5869026184, -89.2577514648, -19.9198246002], [-252.770980835, 293.348815918, 406.741607666, 185.817245483, -39.8654289246, -120.041137695, -165.822372437, -48.3113174438, 43.4046554565, 29.0210494995, -36.929851532, -22.3524932861, -8.51595592499], [62.8718414307, 97.5143508911, 185.817245483, 352.556396484, -2.10927152634, -66.5425415039, -143.043273926, -119.552223206, 39.4861755371, 74.1626205444, -48.6794624329, -18.9432868958, -58.9232826233], [-26.3647689819, 90.3928451538, -39.8654289246, -2.10927152634, 156.776412964, 12.0077667236, -36.0178337097, 13.9146432877, -11.175450325, -3.47801280022, -7.45636796951, -63.9295043945, 2.55004835129], [42.7799530029, -167.727661133, -120.041137695, -66.5425415039, 12.0077667236, 180.340988159, 142.501052856, 9.74181461334, -53.8748283386, -27.1448307037, 10.6013555527, 13.9441318512, -8.66761493683], [42.4585952759, -208.411804199, -165.822372437, -143.043273926, -36.0178337097, 142.501052856, 255.282516479, 71.3607177734, -76.3825454712, -50.6424064636, 10.1993341446, 25.2561740875, 15.4242420197], [-110.468673706, -69.8606033325, -48.3113174438, -119.552223206, 13.9146432877, 9.74181461334, 71.3607177734, 170.994934082, 25.5934009552, -71.2923583984, -3.53796768188, -20.4008865356, 39.0022010803], [-3.81483507156, 38.1967391968, 43.4046554565, 39.4861755371, -11.175450325, -53.8748283386, -76.3825454712, 25.5934009552, 114.599006653, 24.2037029266, -17.4891014099, 2.50610470772, -22.5789318085], [-21.3360939026, 47.8990020752, 29.0210494995, 74.1626205444, -3.47801280022, -27.1448307037, -50.6424064636, -71.2923583984, 24.2037029266, 114.88609314, 34.249874115, 3.27636408806, -11.2749347687], [-50.9697036743, -10.5869026184, -36.929851532, -48.6794624329, -7.45636796951, 10.6013555527, 10.1993341446, -3.53796768188, -17.4891014099, 34.249874115, 92.7224578857, 47.1957626343, 11.3502388], [26.8136196136, -89.2577514648, -22.3524932861, -18.9432868958, -63.9295043945, 13.9441318512, 25.2561740875, -20.4008865356, 2.50610470772, 3.27636408806, 47.1957626343, 117.524421692, 23.5186080933], [-122.86265564, -19.9198246002, -8.51595592499, -58.9232826233, 2.55004835129, -8.66761493683, 15.4242420197, 39.0022010803, -22.5789318085, -11.2749347687, 11.3502388, 23.5186080933, 118.092552185]],
        "icov": [[0.00275155669078, 0.000797001353931, 0.0020861516241, -0.000591135816649, -4.25155449193e-05, 0.00160849187523, -0.000521757174283, 0.00298842648044, -0.000931044400204, 0.00214790087193, 0.000960180012044, -0.00013271352509, 0.00201396900229], [0.000797001353931, 0.00857341848314, -0.00601537991315, 0.00252355332486, -0.00672506447881, 0.00681579532102, -0.00426028901711, 0.00962939113379, -0.00602948153391, 0.00490107992664, -0.00624292949215, 0.00625295890495, -0.000207801436773], [0.0020861516241, -0.00601537991315, 0.0113280015066, -0.0042741834186, 0.00759384548292, -0.00343759078532, 0.00568212289363, -0.00602760957554, 0.00533715449274, -0.00180577894207, 0.0065509849228, -0.00435368530452, 0.00175774388481], [-0.000591135816649, 0.00252355332486, -0.0042741834186, 0.00733651826158, -0.00278534251265, 0.00110141711775, 0.00100659171585, 0.00238710246049, 0.000218279863475, -0.00349403684959, 0.00313349440694, -0.000573584577069, 0.00190538656898], [-4.25155449193e-05, -0.00672506447881, 0.00759384548292, -0.00278534251265, 0.0166571550071, -0.00854308158159, 0.00883343722671, -0.00932783447206, 0.0071140434593, -0.0035146700684, 0.00401025591418, 0.000915173615795, -0.000623639498372], [0.00160849187523, 0.00681579532102, -0.00343759078532, 0.00110141711775, -0.00854308158159, 0.0182187799364, -0.0121519220993, 0.0128883467987, -0.00715351803228, 0.00783763732761, -0.00692611606792, 0.00487811630592, 0.00105183036067], [-0.000521757174283, -0.00426028901711, 0.00568212289363, 0.00100659171585, 0.00883343722671, -0.0121519220993, 0.0209245495498, -0.018070731312, 0.017684308812, -0.0119096450508, 0.013132170774, -0.00951558724046, 0.00468008546159], [0.00298842648044, 0.00962939113379, -0.00602760957554, 0.00238710246049, -0.00932783447206, 0.0128883467987, -0.018070731312, 0.0376628637314, -0.0274842772633, 0.0252776928246, -0.0206485278904, 0.0194986592978, -0.00818154588342], [-0.000931044400204, -0.00602948153391, 0.00533715449274, 0.000218279863475, 0.0071140434593, -0.00715351803228, 0.017684308812, -0.0274842772633, 0.0344064086676, -0.0221693441272, 0.0221286602318, -0.0182874742895, 0.0105737708509], [0.00214790087193, 0.00490107992664, -0.00180577894207, -0.00349403684959, -0.0035146700684, 0.00783763732761, -0.0119096450508, 0.0252776928246, -0.0221693441272, 0.0324804857373, -0.0236327070743, 0.0169279742986, -0.00719143636525], [0.000960180012044, -0.00624292949215, 0.0065509849228, 0.00313349440694, 0.00401025591418, -0.00692611606792, 0.013132170774, -0.0206485278904, 0.0221286602318, -0.0236327070743, 0.0373487062752, -0.0233298763633, 0.00952231604606], [-0.00013271352509, 0.00625295890495, -0.00435368530452, -0.000573584577069, 0.000915173615795, 0.00487811630592, -0.00951558724046, 0.0194986592978, -0.0182874742895, 0.0169279742986, -0.0233298763633, 0.0289953760803, -0.00995468348265], [0.00201396900229, -0.000207801436773, 0.00175774388481, 0.00190538656898, -0.000623639498372, 0.00105183036067, 0.00468008546159, -0.00818154588342, 0.0105737708509, -0.00719143636525, 0.00952231604606, -0.00995468348265, 0.0161895267665]]
    },
    "melbands": {
        "max": [0.000535658095032, 0.00186329660937, 0.00430591544136, 0.00376306450926, 0.00577946472913, 0.00782457273453, 0.00521152745932, 0.00837462116033, 0.00793950539082, 0.0117663685232, 0.0114404233173, 0.00752141745761, 0.00410958332941, 0.00595599412918, 0.00151234213263, 0.00448065064847, 0.00221570581198, 0.00107574963477, 0.000742498028558, 0.000365038780728, 0.000204803131055, 0.000172737796674, 0.000112758345495, 0.000174761182279, 0.000213701903704, 0.000103637488792, 0.000163810851518, 6.81659730617e-05, 7.19926538295e-05, 7.16457943781e-05, 0.000112251342216, 0.000168139958987, 0.000193762898562, 0.000128701591166, 5.72423014091e-05, 1.50193445734e-05, 1.16066041755e-06, 4.36194511622e-07, 1.72415525412e-07, 8.37489366745e-08],
        "mean": [8.69858122314e-05, 0.000117744719319, 0.000300563493511, 0.000312026648317, 0.000338758516591, 0.00045469251927, 0.000286709633656, 0.000318934849929, 0.000288897077553, 0.000630715221632, 0.00114830373786, 0.000607936934102, 0.000321769388393, 0.000158182956511, 0.000108931817522, 0.000101354089566, 9.59289318416e-05, 3.26739063894e-05, 2.03817198781e-05, 1.39134690471e-05, 1.64639150171e-05, 1.50823880176e-05, 1.04466726043e-05, 1.32107479658e-05, 1.30869821078e-05, 8.66692607815e-06, 5.68612858842e-06, 4.32098249803e-06, 3.25438600157e-06, 3.15577062793e-06, 5.43977739653e-06, 4.95863787364e-06, 3.94728749598e-06, 3.17701551467e-06, 1.50379014485e-06, 2.77294560647e-07, 6.25194545023e-08, 3.49406690248e-08, 1.57792143796e-08, 2.69004885034e-09],
        "min": [2.10950543078e-06, 1.80609390554e-06, 7.59172792186e-07, 6.18513411155e-07, 2.17339993469e-06, 1.0731630482e-06, 2.79985641782e-07, 2.77756811329e-07, 1.0971808706e-06, 2.3293951017e-06, 1.80367010216e-06, 1.17215824957e-06, 7.12615531029e-07, 1.32115633278e-06, 7.28763268398e-07, 2.83915170485e-07, 5.40658675163e-07, 2.37403298797e-07, 6.00253144967e-08, 2.0004751633e-08, 3.06876941636e-08, 3.29218039496e-08, 7.73599424519e-08, 1.30322888481e-07, 1.08804044885e-07, 7.29826510337e-08, 1.17027880719e-07, 5.62287354455e-08, 1.63589621849e-08, 4.68349803384e-09, 2.17630802268e-08, 3.20833031253e-08, 4.32363940206e-08, 1.95283806903e-08, 1.35954882907e-08, 7.96321497631e-09, 6.84970657971e-09, 4.22306989378e-09, 2.99920333013e-09, 3.03023744985e-10],
        "stdev": [5.97401667619e-05, 0.000190008358913, 0.000585065688938, 0.000435547088273, 0.000528738659341, 0.000769571168348, 0.000530097575393, 0.000713109155186, 0.000671925954521, 0.00136037589982, 0.00234508607537, 0.00122719875071, 0.000600962608587, 0.00035298828152, 0.000193994608708, 0.000230613048188, 0.00019055341545, 6.64565086481e-05, 4.36074260506e-05, 1.90422542801e-05, 2.16188509512e-05, 2.25876028708e-05, 1.27431394503e-05, 1.61869120348e-05, 1.61916213983e-05, 1.22792562252e-05, 9.19442209124e-06, 6.32156161373e-06, 5.13426402904e-06, 4.94311461807e-06, 9.07753747015e-06, 9.64035280049e-06, 1.10879263957e-05, 8.93543074199e-06, 3.99633017878e-06, 7.58605665396e-07, 7.97767256699e-08, 3.81107305714e-08, 1.49870018618e-08, 3.55094087467e-09]
    },
    "melbands128": {
        "max": [0.000226533331443, 0.000401002762374, 0.0007363158511, 0.00125016039237, 0.00281450548209, 0.00304049672559, 0.00585222989321, 0.00738631002605, 0.00454419199377, 0.00636996375397, 0.00484274933115, 0.00584614370018, 0.00708289491013, 0.0126221273094, 0.0109928678721, 0.0155201628804, 0.0126190623268, 0.00805649720132, 0.00882109440863, 0.0174586307257, 0.00892057269812, 0.013631535694, 0.0154719715938, 0.0117490841076, 0.0191015675664, 0.0217488110065, 0.0252602994442, 0.0232344381511, 0.0262190680951, 0.0140646714717, 0.0132982823998, 0.00781589373946, 0.00739513104782, 0.00667877076194, 0.0119499797001, 0.0070233871229, 0.00494807492942, 0.00209133303724, 0.00310139427893, 0.00477419700474, 0.00799625366926, 0.00452887499705, 0.00486450502649, 0.00216356385499, 0.00300277140923, 0.00191127706785, 0.000784983567428, 0.00117133022286, 0.00148275587708, 0.00101266149431, 0.000203471718123, 0.000377832475351, 0.000286172318738, 0.000530683377292, 0.00037830095971, 0.000379632489057, 0.000386992731364, 0.000277298793662, 0.000201869261218, 0.000189114871318, 0.000266883231234, 0.000414447364165, 0.000478661182569, 0.00018604916113, 0.000322539679473, 0.000195746106328, 0.000173406078829, 0.000233316575759, 0.000229735334869, 0.000124346508528, 0.000117364885227, 8.65613183123e-05, 0.000104837301478, 5.83686451137e-05, 7.64689102652e-05, 7.03638434061e-05, 0.000121690798551, 0.000125013306388, 0.000128480416606, 0.000187299388926, 0.000154143723194, 0.000163679535035, 0.000215953841689, 0.000186835532077, 0.000264060508925, 0.000188888094272, 0.00015542244364, 0.000103081234556, 6.41094084131e-05, 4.23722376581e-05, 2.86429494736e-05, 4.3223699322e-06, 1.95700476979e-06, 1.35169648274e-06, 7.63403988913e-07, 4.42093238462e-07, 4.8932554364e-07, 3.2530439853e-07, 2.30951926028e-07, 1.66798230339e-07, 1.9617846192e-07, 4.51145538705e-08, 3.20040491886e-08, 8.89359341727e-09, 8.19574985655e-09, 7.6116943859e-09, 7.09886860406e-09, 6.63202603945e-09, 6.23547480316e-09, 5.8637521505e-09, 5.53439249984e-09, 5.24846255345e-09, 4.98896390866e-09, 4.743115678e-09, 4.52750903435e-09, 4.33652003196e-09, 4.1570493714e-09, 4.01385014115e-09, 3.86428977706e-09, 3.73246988872e-09, 3.62622487593e-09, 3.52611695398e-09, 3.44712414169e-09, 3.36878791529e-09, 3.30835936424e-09, 3.26018390062e-09, 3.22641358075e-09, 3.20712301161e-09],
        "mean": [4.69504520879e-05, 0.000102588135633, 8.88970535016e-05, 8.53605160955e-05, 0.000104898870632, 0.000119458374684, 0.000273470679531, 0.000363934610505, 0.000340568687534, 0.000320906954585, 0.000300843443256, 0.000210121710552, 0.000252328580245, 0.00064602389466, 0.000465623830678, 0.000364430918125, 0.000349579844624, 0.000204714786378, 0.000269726879196, 0.000473933643661, 0.000226682721404, 0.000205046293559, 0.000314955395879, 0.000302265456412, 0.000530722842086, 0.000538096763194, 0.00139215704985, 0.00128073815722, 0.00100463989656, 0.000622570456471, 0.000540109118447, 0.000371032714611, 0.000415392016293, 0.000171290332219, 0.000139240306453, 0.000166998463101, 0.000175838242285, 8.18032131065e-05, 9.86005979939e-05, 8.76610502019e-05, 8.63331515575e-05, 0.000143489160109, 0.000129329084302, 5.00431669934e-05, 3.81149511668e-05, 3.01664967992e-05, 2.82633227471e-05, 1.89339789358e-05, 1.73066200659e-05, 1.919247552e-05, 1.06059078462e-05, 1.25294354802e-05, 1.50631885845e-05, 1.89680849871e-05, 1.89364636753e-05, 1.45878802869e-05, 1.11469580588e-05, 1.31790357045e-05, 8.66365098773e-06, 8.45881004352e-06, 1.32450559249e-05, 1.75400527951e-05, 1.39393259815e-05, 1.18218813441e-05, 1.17361205412e-05, 8.08167987998e-06, 7.58079886509e-06, 6.41938459012e-06, 4.93101515531e-06, 5.04973240822e-06, 4.64522372567e-06, 3.828064564e-06, 3.34874607688e-06, 3.38134100275e-06, 2.83440704152e-06, 2.65711264547e-06, 3.16794398714e-06, 4.85372902403e-06, 6.11664154349e-06, 5.78367416892e-06, 4.92487470183e-06, 4.93528341394e-06, 4.15701197198e-06, 4.03122157877e-06, 3.55552265319e-06, 3.29122144649e-06, 3.24808729602e-06, 2.5466383704e-06, 1.4547297269e-06, 7.32462297037e-07, 3.99624099146e-07, 1.33357019649e-07, 7.73789281538e-08, 6.39079189568e-08, 5.18743838995e-08, 4.2176175441e-08, 3.23655733325e-08, 2.24335447996e-08, 1.6870405517e-08, 1.30565789291e-08, 5.2609436807e-09, 2.50817755454e-10, 1.41791911545e-10, 1.68544032897e-11, 1.55992250367e-11, 1.47099520065e-11, 1.39108160754e-11, 1.31804749406e-11, 1.25281564636e-11, 1.19248777519e-11, 1.13695095005e-11, 1.08717219255e-11, 1.04139006446e-11, 9.99394230566e-12, 9.60372580072e-12, 9.25158560872e-12, 8.9269884887e-12, 8.6452876108e-12, 8.37133574266e-12, 8.13648454168e-12, 7.92205363809e-12, 7.73286729788e-12, 7.57301599902e-12, 7.42434239087e-12, 7.31046907038e-12, 7.21690849442e-12, 7.14969793439e-12, 7.11192346334e-12],
        "min": [1.03874015167e-07, 4.53283576007e-07, 9.01057433111e-07, 7.16442684734e-07, 1.45298670873e-07, 2.08257588952e-07, 1.90463396166e-07, 7.80262183753e-08, 7.32978406859e-08, 2.10864442352e-07, 1.47785428339e-07, 3.6326650843e-07, 3.96581754103e-07, 8.58501380208e-07, 7.53183940105e-07, 8.31691764347e-08, 9.2135394425e-08, 8.34160189811e-08, 3.16592405625e-08, 8.70627445693e-08, 2.20942666829e-07, 1.74824748456e-07, 3.53318228008e-07, 4.68764568495e-07, 3.08498471213e-07, 2.87785695718e-07, 3.10900816203e-07, 4.32974871956e-07, 4.00001113121e-07, 1.57205363394e-07, 1.86699338656e-07, 2.71026095788e-07, 3.35958816322e-07, 2.3398145288e-07, 1.18749220235e-07, 2.09129865425e-07, 2.64750440238e-07, 2.75560950058e-07, 1.09988384622e-07, 2.21309743864e-08, 1.52431397282e-07, 1.85130431873e-07, 3.24029940657e-07, 2.96819450796e-07, 3.75137219066e-08, 9.386894817e-08, 4.86030771185e-08, 2.36907062856e-08, 2.06139247894e-08, 2.01963903379e-08, 9.31733712406e-09, 3.72334021392e-08, 1.68494622699e-08, 3.26528137862e-08, 5.37976063697e-08, 2.02235348468e-08, 3.3685768841e-08, 3.59184824106e-08, 9.33126464986e-09, 3.54019427107e-08, 7.4026246466e-08, 4.07640392552e-08, 5.71495206714e-08, 9.07920423288e-08, 3.00179543444e-08, 2.82859371481e-08, 3.74382196355e-08, 2.84338277368e-08, 1.34704070121e-08, 2.79284311233e-08, 3.80215787743e-08, 1.5263263986e-09, 2.49837963651e-08, 1.10171631817e-08, 2.33772246006e-09, 3.85634901789e-09, 4.21271462159e-09, 9.6522825288e-09, 1.25248389438e-08, 9.84187575881e-09, 3.04809013585e-08, 1.04037063409e-08, 3.33718048751e-08, 3.33368577188e-09, 8.08121480844e-09, 5.09044584263e-09, 1.93782536684e-08, 1.42053595553e-08, 4.75772798936e-09, 3.7248091278e-09, 2.06993444607e-09, 5.13307663041e-09, 5.63497648542e-09, 4.8340269565e-09, 7.40744465766e-10, 1.93958196726e-10, 1.0372142728e-10, 2.13728879039e-09, 2.67743027749e-09, 1.78146697394e-09, 1.62217128619e-10, 4.2964156538e-13, 3.6682127198e-14, 3.22512165357e-14, 2.70227294859e-14, 3.24627511558e-14, 2.96494396417e-14, 2.77553621633e-14, 3.36933680554e-14, 2.80311137393e-14, 2.42428469741e-14, 2.8159007244e-14, 2.7085384513e-14, 2.99798231487e-14, 2.76123931662e-14, 2.5543062877e-14, 1.99227485502e-14, 2.57730272399e-14, 2.29190310393e-14, 3.04963506162e-14, 2.71221559073e-14, 2.45248733702e-14, 2.82085502011e-14, 3.10477589005e-14, 2.34736190853e-14, 2.68652355678e-14, 2.64886650483e-14, 2.2347465065e-14],
        "stdev": [3.56994023605e-05, 6.70430745231e-05, 7.14746056474e-05, 0.000130044136313, 0.000231678161072, 0.000256667059148, 0.0006347973831, 0.000935753516387, 0.000561170862056, 0.00060310139088, 0.000470351427794, 0.000401590164984, 0.000510997953825, 0.00138681859244, 0.00101356452797, 0.000958046875894, 0.000965186685789, 0.000593299628235, 0.0006476478884, 0.00129932886921, 0.000679241959006, 0.000685849809088, 0.00106667017099, 0.000967181171291, 0.00201065046713, 0.00164727389347, 0.00393634987995, 0.00329903210513, 0.00358704128303, 0.00164993596263, 0.00170353881549, 0.000936273718253, 0.00100853363983, 0.000551848497707, 0.000624859123491, 0.000434699235484, 0.000424169382313, 0.000208804442082, 0.000334797688993, 0.00033875394729, 0.00034021033207, 0.000332814728608, 0.000358636374585, 0.000155885150889, 0.000125306061818, 9.27715882426e-05, 6.7172011768e-05, 5.79105726501e-05, 6.69051296427e-05, 3.74740375264e-05, 1.9644101485e-05, 2.22588696488e-05, 2.49481636274e-05, 3.90137101931e-05, 3.51747294189e-05, 3.63127001037e-05, 2.31872345466e-05, 2.2320973585e-05, 1.35834134198e-05, 1.41902037285e-05, 2.07977245736e-05, 3.02285134239e-05, 2.59479311353e-05, 2.05854230444e-05, 2.44491438934e-05, 1.73713688127e-05, 1.44523201016e-05, 1.4174318494e-05, 1.20344448078e-05, 9.34738818614e-06, 7.98378550826e-06, 6.35977130514e-06, 6.24602125754e-06, 5.86433498029e-06, 5.6069288803e-06, 4.64201320938e-06, 6.40620555714e-06, 8.63274271978e-06, 1.18814177767e-05, 1.13844789666e-05, 9.90291846392e-06, 1.09956345113e-05, 1.12347879622e-05, 1.17888866953e-05, 1.39031453728e-05, 1.05331773739e-05, 8.55016878631e-06, 7.61979663366e-06, 4.01387205784e-06, 2.31324725064e-06, 1.2978138102e-06, 2.75516015336e-07, 1.12054308943e-07, 8.88650788511e-08, 7.02033133848e-08, 5.09658057979e-08, 3.79564113473e-08, 2.4367491136e-08, 1.72369123419e-08, 1.3362329021e-08, 7.19861326104e-09, 2.26860064068e-09, 1.63072899628e-09, 2.54351956164e-10, 2.35155978023e-10, 2.18981388578e-10, 2.04797609427e-10, 1.9191244427e-10, 1.80838372055e-10, 1.70519001697e-10, 1.61310256819e-10, 1.53295362515e-10, 1.45951528641e-10, 1.39082786954e-10, 1.329667626e-10, 1.27513111181e-10, 1.22424542726e-10, 1.18331497378e-10, 1.14080841995e-10, 1.10351568161e-10, 1.0726548122e-10, 1.0440390219e-10, 1.02105081334e-10, 9.98872234925e-11, 9.81487738305e-11, 9.67597460488e-11, 9.5789168264e-11, 9.52421266853e-11]
    },
    "mfcc": {
        "mean": [-651.553466797, 139.277023315, -38.2944717407, 22.0458564758, -38.4008827209, 15.1103916168, -16.5310287476, 14.9125537872, -11.217209816, -1.5188190937, -1.53373062611, -5.29113674164, -5.73138237],
        "cov": [[1080.23254395, -309.043579102, -278.409881592, 21.2007808685, -135.75982666, 182.084411621, -58.9062652588, 58.6217842102, -84.7682418823, -8.02048301697, 46.3060836792, -15.6648311615, 1.88478338718], [-309.043579102, 536.825500488, 145.247894287, 71.6024703979, 171.913757324, -107.622451782, -78.0905990601, -141.204971313, 7.57937574387, -16.9006118774, -12.8006191254, 39.5382156372, 1.94213521481], [-278.409881592, 145.247894287, 400.061523438, 179.194259644, 48.4708480835, -14.0411787033, -139.792358398, -78.7322540283, 8.91796779633, -66.7467193604, -17.1239109039, 40.9228820801, 23.0521011353], [21.2007808685, 71.6024703979, 179.194259644, 292.692199707, 98.1416397095, 24.1010494232, -151.174926758, -117.58152771, -0.9757578969, -16.6928310394, -12.3102445602, 15.2961206436, 19.6101264954], [-135.75982666, 171.913757324, 48.4708480835, 98.1416397095, 252.915710449, -58.6950378418, -90.7085189819, -85.2676315308, 18.2841281891, 26.8567581177, -24.6666297913, 13.2760801315, -14.6854991913], [182.084411621, -107.622451782, -14.0411787033, 24.1010494232, -58.6950378418, 207.55796814, 31.3676376343, -19.0667285919, -38.6177864075, -29.1677532196, 16.754858017, 10.1040935516, 21.6529903412], [-58.9062652588, -78.0905990601, -139.792358398, -151.174926758, -90.7085189819, 31.3676376343, 276.403045654, 76.4229278564, 2.32118606567, 28.5336380005, -29.1449394226, -36.1441726685, -14.5030269623], [58.6217842102, -141.204971313, -78.7322540283, -117.58152771, -85.2676315308, -19.0667285919, 76.4229278564, 199.953567505, 13.9414787292, 16.6315193176, 17.8306674957, -41.5730819702, -17.6195011139], [-84.7682418823, 7.57937574387, 8.91796779633, -0.9757578969, 18.2841281891, -38.6177864075, 2.32118606567, 13.9414787292, 107.679130554, 32.4339256287, -32.6860198975, -7.7359752655, -25.4459037781], [-8.02048301697, -16.9006118774, -66.7467193604, -16.6928310394, 26.8567581177, -29.1677532196, 28.5336380005, 16.6315193176, 32.4339256287, 120.978515625, 10.2090597153, -33.1903305054, -9.87941837311], [46.3060836792, -12.8006191254, -17.1239109039, -12.3102445602, -24.6666297913, 16.754858017, -29.1449394226, 17.8306674957, -32.6860198975, 10.2090597153, 96.2668609619, 16.3346309662, 1.38960683346], [-15.6648311615, 39.5382156372, 40.9228820801, 15.2961206436, 13.2760801315, 10.1040935516, -36.1441726685, -41.5730819702, -7.7359752655, -33.1903305054, 16.3346309662, 74.0435180664, 22.3464355469], [1.88478338718, 1.94213521481, 23.0521011353, 19.6101264954, -14.6854991913, 21.6529903412, -14.5030269623, -17.6195011139, -25.4459037781, -9.87941837311, 1.38960683346, 22.3464355469, 62.0566558838]],
        "icov": [[0.00227957754396, 0.000178245827556, 0.00239225523546, -0.00139435043093, 0.0014107238967, -0.00155385641847, 0.00203157146461, -0.00104063015897, 0.0017165474128, -0.000472317740787, 0.0014087499585, -0.00108219473623, 0.00151932181325], [0.000178245827556, 0.00340478844009, -0.000849994597957, 0.00071478204336, -0.0017111870693, 0.00148549873848, -0.000551568111405, 0.0021341224201, -0.000180388335139, 0.000898048107047, -0.00116368348245, 0.000367881701095, -0.000505754142068], [0.00239225523546, -0.000849994597957, 0.00697442190722, -0.00391011219472, 0.00237443507649, -0.00140462024137, 0.00298788002692, -0.00180830131285, 0.00103676971048, 0.00108396587893, 0.00214645755477, -0.00210175360553, 0.00114210206084], [-0.00139435043093, 0.00071478204336, -0.00391011219472, 0.00854669045657, -0.00259928754531, -0.000369709159713, 0.00106999126729, 0.00354128470644, -0.00146179820877, 3.66968538401e-06, -0.000822444155347, 0.00346670555882, -0.00228765839711], [0.0014107238967, -0.0017111870693, 0.00237443507649, -0.00259928754531, 0.00822253432125, -0.000447635597084, 0.00301497918554, -0.000432381115388, 0.00238791806623, -0.00326474546455, 0.00398198375478, -0.00308132823557, 0.00411375658587], [-0.00155385641847, 0.00148549873848, -0.00140462024137, -0.000369709159713, -0.000447635597084, 0.00813032500446, -0.00313764740713, 0.00259861932136, -0.000503208721057, 0.00214097858407, -0.00282724411227, 0.000890674709808, -0.00242186919786], [0.00203157146461, -0.000551568111405, 0.00298788002692, 0.00106999126729, 0.00301497918554, -0.00313764740713, 0.00868464261293, -0.00191683589946, 0.00278312829323, -0.00258487160318, 0.0052626519464, -0.000958691758569, 0.00275830086321], [-0.00104063015897, 0.0021341224201, -0.00180830131285, 0.00354128470644, -0.000432381115388, 0.00259861932136, -0.00191683589946, 0.0104256570339, -0.0030597767327, 0.0020526885055, -0.0043505099602, 0.00566777447239, -0.00185079942457], [0.0017165474128, -0.000180388335139, 0.00103676971048, -0.00146179820877, 0.00238791806623, -0.000503208721057, 0.00278312829323, -0.0030597767327, 0.016313161701, -0.0065059796907, 0.00839712563902, -0.00607085973024, 0.00820408947766], [-0.000472317740787, 0.000898048107047, 0.00108396587893, 3.66968538401e-06, -0.00326474546455, 0.00214097858407, -0.00258487160318, 0.0020526885055, -0.0065059796907, 0.0146074434742, -0.00685711856931, 0.00789106637239, -0.00498872669414], [0.0014087499585, -0.00116368348245, 0.00214645755477, -0.000822444155347, 0.00398198375478, -0.00282724411227, 0.0052626519464, -0.0043505099602, 0.00839712563902, -0.00685711856931, 0.018679458648, -0.00854458939284, 0.00638982374221], [-0.00108219473623, 0.000367881701095, -0.00210175360553, 0.00346670555882, -0.00308132823557, 0.000890674709808, -0.000958691758569, 0.00566777447239, -0.00607085973024, 0.00789106637239, -0.00854458939284, 0.0244104266167, -0.00978003814816], [0.00151932181325, -0.000505754142068, 0.00114210206084, -0.00228765839711, 0.00411375658587, -0.00242186919786, 0.00275830086321, -0.00185079942457, 0.00820408947766, -0.00498872669414, 0.00638982374221, -0.00978003814816, 0.0242688432336]]
    },
    "spectral_contrast_coeffs": {
        "max": [-0.452059149742, -0.431900203228, -0.413901954889, -0.559144198895, -0.651616930962, -0.386109828949],
        "mean": [-0.677060186863, -0.72663885355, -0.676109433174, -0.772371530533, -0.771083474159, -0.627218604088],
        "min": [-0.905981004238, -0.903149366379, -0.881971120834, -0.8839173913, -0.87391602993, -0.76640355587],
        "stdev": [0.0681511461735, 0.0818136036396, 0.107137821615, 0.0528603978455, 0.0423191078007, 0.0587207116187]
    },
    "spectral_contrast_valleys": {
        "max": [-5.75678110123, -5.11560249329, -5.32178735733, -5.83669662476, -6.17190790176, -10.363117218],
        "mean": [-7.43091773987, -6.66929531097, -7.13536453247, -7.6054854393, -7.67984104156, -11.738866806],
        "min": [-9.1213388443, -8.90964698792, -8.56128025055, -9.61083221436, -9.1528711319, -12.6796455383],
        "stdev": [0.546550154686, 0.546881496906, 0.47332650423, 0.487771630287, 0.508733212948, 0.333337157965]
    }
},
"rhythm": {
    "beats_count": 66,
    "beats_loudness": {
        "max": 0.0661166980863,
        "mean": 0.0318982899189,
        "min": 0.0095678428188,
        "stdev": 0.0139876157045
    },
    "bpm": 172.265640259,
    "bpm_histogram_first_peak_bpm": 172,
    "bpm_histogram_first_peak_weight": 0,
    "bpm_histogram_second_peak_bpm": 115,
    "bpm_histogram_second_peak_spread": 0.625,
    "bpm_histogram_second_peak_weight": 0.0923076942563,
    "danceability": 0.963219046593,
    "onset_rate": 2.79931616783,
    "beats_loudness_band_ratio": {
        "max": [0.632988929749, 0.876962780952, 0.943071305752, 0.933690130711, 0.322046518326, 0.184010624886],
        "mean": [0.0804200395942, 0.189172148705, 0.357930809259, 0.349846601486, 0.0518859811127, 0.037525832653],
        "min": [0.00193837843835, 0.0034519569017, 0.0195220652968, 0.0206795353442, 0.00433891359717, 0.00272586848587],
        "stdev": [0.132133811712, 0.211754664779, 0.266570001841, 0.299131244421, 0.0567311383784, 0.0393019095063]
    },
    "beats_position": [0.545668900013, 1.10294783115, 1.67183673382, 2.2523355484, 2.85605430603, 3.45977306366, 4.06349182129, 4.67882061005, 5.30575942993, 5.93269824982, 6.5596370697, 7.18657588959, 7.80190467834, 8.4172334671, 8.99773216248, 9.58984088898, 10.1819496155, 10.7276191711, 11.2848978043, 11.8305664062, 12.2833557129, 12.7245349884, 13.177324295, 13.5372333527, 13.9087524414, 14.2802715302, 14.6517915726, 15.0000905991, 15.3483896255, 15.696688652, 16.0449886322, 16.3932876587, 16.7415866852, 17.1014957428, 17.4381847382, 17.786485672, 18.1347846985, 18.483083725, 18.8429927826, 19.1912918091, 19.5279808044, 19.8646717072, 20.2013607025, 20.5612697601, 21.0024490356, 21.4436283112, 21.8731975555, 22.3840351105, 22.8948745728, 23.405714035, 23.9165534973, 24.4390010834, 24.9614505768, 25.5071201324, 26.0527877808, 26.6100673676, 27.1441268921, 27.6665763855, 28.1890239716, 28.7230834961, 29.2339229584, 29.7563705444, 30.2672100067, 30.7896595001, 31.3237190247, 31.8577766418],
