{
"metadata": {
    "version": {
        "essentia": "2.1-beta5",
        "essentia_git_sha": "Undefined",
        "extractor": "music 2.0"
    },
    "audio_properties": {
        "analysis": {
            "equal_loudness": 0,
            "length": 31.2076187134,
            "sample_rate": 44100,
            "start_time": 126.490699768,
            "downmix": "mix"
        },
        "bit_rate": 192000,
        "length": 157.721557617,
        "lossless": 0,
        "number_channels": 2,
        "replay_gain": -14.7408161163,
        "sample_rate": 48000,
        "codec": "mp3",
        "md5_encoded": "15bce436af75f604f42bad15ffaea1e6"
    },
    "tags": {
        "file_name": "Belgium_Viens L_oublier_Jean Vallée.mp3",
        "encoding": ["Lavf58.29.100"]
    }
},
"lowlevel": {
    "average_loudness": 0.983704149723,
    "barkbands_crest": {
        "max": 26.8139514923,
        "mean": 7.07890701294,
        "min": 2.50844478607,
        "stdev": 3.04882097244
    },
    "barkbands_flatness_db": {
        "max": 0.469246983528,
        "mean": 0.154666915536,
        "min": 0.0958128198981,
        "stdev": 0.0371085107327
    },
    "barkbands_kurtosis": {
        "max": 649.394470215,
        "mean": 1.41336488724,
        "min": -1.72955012321,
        "stdev": 19.5988864899
    },
    "barkbands_skewness": {
        "max": 25.2252731323,
        "mean": 0.0895759761333,
        "min": -3.10290026665,
        "stdev": 1.23488795757
    },
    "barkbands_spread": {
        "max": 54.8622932434,
        "mean": 22.0042686462,
        "min": 0.863625824451,
        "stdev": 9.55838298798
    },
    "dissonance": {
        "max": 0.499977886677,
        "mean": 0.473628401756,
        "min": 0.347185730934,
        "stdev": 0.0211942512542
    },
    "dynamic_complexity": 1.05371332169,
    "erbbands_crest": {
        "max": 21.8909339905,
        "mean": 8.34491157532,
        "min": 2.72659015656,
        "stdev": 3.10261011124
    },
    "erbbands_flatness_db": {
        "max": 0.366139501333,
        "mean": 0.234218716621,
        "min": 0.0323348604143,
        "stdev": 0.0451768748462
    },
    "erbbands_kurtosis": {
        "max": 5.95400905609,
        "mean": 0.0538329221308,
        "min": -1.66622686386,
        "stdev": 1.19754648209
    },
    "erbbands_skewness": {
        "max": 1.91625261307,
        "mean": 0.0142751885578,
        "min": -2.13229203224,
        "stdev": 0.66409689188
    },
    "erbbands_spread": {
        "max": 79.5573577881,
        "mean": 24.992816925,
        "min": 3.54621720314,
        "stdev": 9.74408531189
    },
    "hfc": {
        "max": 115.089546204,
        "mean": 36.6705322266,
        "min": 1.62994822972e-07,
        "stdev": 15.7449531555
    },
    "loudness_ebu128": {
        "integrated": -8.35985469818,
        "loudness_range": 1.64547920227,
        "momentary": {
            "max": -6.2629032135,
            "mean": -8.45880889893,
            "min": -11.9672241211,
            "stdev": 0.947725176811
        },
        "short_term": {
            "max": -7.15918540955,
            "mean": -8.33228111267,
            "min": -9.07089805603,
            "stdev": 0.490550935268
        }
    },
    "melbands_crest": {
        "max": 39.9019088745,
        "mean": 8.68860054016,
        "min": 2.62604689598,
        "stdev": 4.01106595993
    },
    "melbands_flatness_db": {
        "max": 0.447651326656,
        "mean": 0.135789692402,
        "min": 0.0519114360213,
        "stdev": 0.0394650772214
    },
    "melbands_kurtosis": {
        "max": 1141.75744629,
        "mean": 2.9067595005,
        "min": -1.6029869318,
        "stdev": 34.8963394165
    },
    "melbands_skewness": {
        "max": 32.4737358093,
        "mean": 0.703976929188,
        "min": -2.1975543499,
        "stdev": 1.41490411758
    },
    "melbands_spread": {
        "max": 108.214744568,
        "mean": 39.2167892456,
        "min": 0.760705173016,
        "stdev": 17.3502292633
    },
    "pitch_salience": {
        "max": 0.881130635738,
        "mean": 0.642673075199,
        "min": 0.00825397763401,
        "stdev": 0.0909449607134
    },
    "silence_rate_20dB": {
        "max": 1,
        "mean": 1,
        "min": 1,
        "stdev": 0
    },
    "silence_rate_30dB": {
        "max": 1,
        "mean": 1,
        "min": 1,
        "stdev": 0
    },
    "silence_rate_60dB": {
        "max": 1,
        "mean": 0.00297397770919,
        "min": 0,
        "stdev": 0.0544530376792
    },
    "spectral_centroid": {
        "max": 3607.42895508,
        "mean": 2166.55517578,
        "min": 795.742980957,
        "stdev": 465.682342529
    },
    "spectral_complexity": {
        "max": 55,
        "mean": 29.6282520294,
        "min": 0,
        "stdev": 7.37735557556
    },
    "spectral_decrease": {
        "max": -2.39706591834e-16,
        "mean": -5.57269652646e-09,
        "min": -1.24522934186e-08,
        "stdev": 1.83587778313e-09
    },
    "spectral_energy": {
        "max": 0.051221370697,
        "mean": 0.0243587829173,
        "min": 9.19493203799e-10,
        "stdev": 0.0078007010743
    },
    "spectral_energyband_high": {
        "max": 0.0132172908634,
        "mean": 0.00125274725724,
        "min": 1.10389761568e-11,
        "stdev": 0.0017684843624
    },
    "spectral_energyband_low": {
        "max": 0.0141950426623,
        "mean": 0.00141659367364,
        "min": 4.32136160189e-10,
        "stdev": 0.00143294839654
    },
    "spectral_energyband_middle_high": {
        "max": 0.0478875301778,
        "mean": 0.0143919466063,
        "min": 4.19622366368e-12,
        "stdev": 0.00651280302554
    },
    "spectral_energyband_middle_low": {
        "max": 0.0395994745195,
        "mean": 0.00763804791495,
        "min": 4.02708899214e-13,
        "stdev": 0.00600659893826
    },
    "spectral_entropy": {
        "max": 8.76096534729,
        "mean": 7.62262487411,
        "min": 6.92033910751,
        "stdev": 0.23268686235
    },
    "spectral_flux": {
        "max": 0.186748802662,
        "mean": 0.0887447968125,
        "min": 4.91072605655e-05,
        "stdev": 0.0234804116189
    },
    "spectral_kurtosis": {
        "max": 39.9072685242,
        "mean": 5.14358568192,
        "min": -0.681839942932,
        "stdev": 7.07250642776
    },
    "spectral_rms": {
        "max": 0.00706909270957,
        "mean": 0.00480217160657,
        "min": 9.47135958995e-07,
        "stdev": 0.000838932232
    },
    "spectral_rolloff": {
        "max": 6933.69140625,
        "mean": 2666.27172852,
        "min": 21.533203125,
        "stdev": 982.577758789
    },
    "spectral_skewness": {
        "max": 4.03215122223,
        "mean": 1.13366484642,
        "min": 0.048329398036,
        "stdev": 0.711594164371
    },
    "spectral_spread": {
        "max": 10053375,
        "mean": 2945639.5,
        "min": 1057356.875,
        "stdev": 791368.375
    },
    "spectral_strongpeak": {
        "max": 9.05465984344,
        "mean": 2.0568048954,
        "min": 0,
        "stdev": 1.35579609871
    },
    "zerocrossingrate": {
        "max": 0.189453125,
        "mean": 0.0851932764053,
        "min": 0,
        "stdev": 0.0218963697553
    },
    "barkbands": {
        "max": [0.000314113422064, 0.0111694261432, 0.00671567954123, 0.00816448964179, 0.0131432395428, 0.0133641669527, 0.0301857367158, 0.0298505276442, 0.0348629504442, 0.0272293109447, 0.0149283781648, 0.0241083167493, 0.0153883118182, 0.0106905847788, 0.0139410179108, 0.018390763551, 0.00979152321815, 0.0213369093835, 0.0148616191, 0.00526532158256, 0.00590113457292, 0.00426961481571, 0.00670009758323, 0.000113235641038, 4.93748921144e-05, 8.94473032531e-07, 5.18139984251e-07],
        "mean": [7.30885221856e-05, 0.000540152774192, 0.000610312039498, 0.000487528159283, 0.000872933713254, 0.000615228840616, 0.00172630918678, 0.000941687438171, 0.00274933641776, 0.00244162045419, 0.00104762846604, 0.00109305640217, 0.00237727048807, 0.00125554064289, 0.00128710584249, 0.00121150456835, 0.00131496659014, 0.000734235858545, 0.00132115453016, 0.000597588776145, 0.000439937284682, 0.000367364002159, 0.000235137689742, 1.25928900161e-05, 5.50044251213e-06, 1.95338967224e-09, 1.54723656109e-09],
        "min": [7.43806460868e-10, 3.47436628079e-11, 2.68378201607e-13, 5.86225539683e-14, 1.08569911687e-13, 2.89644203804e-14, 3.66974720468e-14, 5.94048058357e-14, 4.28990305464e-14, 1.49053919164e-13, 1.17622572923e-13, 1.61962796148e-13, 2.88904398451e-13, 2.02194814711e-13, 1.25287272419e-13, 3.24130587821e-13, 6.16440329771e-13, 3.60078557683e-13, 7.30318529176e-13, 6.68933170574e-13, 4.76808913533e-13, 5.24742087889e-13, 7.80044052354e-13, 6.8399268454e-13, 1.36427999974e-12, 2.57566841119e-12, 2.74963385394e-12],
        "stdev": [4.67312420369e-05, 0.000683638674673, 0.000924685329664, 0.000778032524977, 0.00129310064949, 0.00092920428142, 0.0033312633168, 0.00210460182279, 0.00340478820726, 0.00336326891556, 0.00144542101771, 0.00165149383247, 0.0023509117309, 0.00139146088623, 0.00177212816197, 0.00165087659843, 0.00130971393082, 0.000980849377811, 0.0013043981744, 0.000645013002213, 0.000605378765613, 0.000601938401815, 0.00045554008102, 1.31607012008e-05, 5.1367424021e-06, 2.72388671618e-08, 1.75911054612e-08]
    },
    "erbbands": {
        "max": [0.147017970681, 2.96579813957, 6.8977689743, 21.6412620544, 54.5421218872, 33.0444030762, 50.7751197815, 164.708740234, 427.819976807, 534.031616211, 488.415405273, 1042.3614502, 721.442810059, 881.226623535, 533.390441895, 971.964782715, 807.540771484, 488.930633545, 823.632385254, 691.144775391, 617.946166992, 580.483215332, 1331.55126953, 390.435241699, 579.639831543, 201.274902344, 326.933258057, 181.861618042, 181.265274048, 190.012390137, 198.271820068, 18.0049629211, 1.26545631886, 0.843617498875, 0.169011697173, 0.00510567007586, 0.0015538939042, 0.000455975241493, 0.000106320381747, 7.07708895789e-05],
        "mean": [0.0138338999823, 0.129944160581, 0.601868391037, 1.25678563118, 2.75241780281, 2.70350003242, 2.64892601967, 6.47250509262, 19.9020118713, 26.3331432343, 29.5993328094, 60.8663902283, 63.62266922, 59.7199745178, 43.5807609558, 54.3045005798, 114.199440002, 61.7852172852, 75.2498092651, 67.4191513062, 64.7712249756, 79.0333557129, 45.0431098938, 44.2186355591, 72.6115722656, 27.408039093, 18.6315689087, 16.2767810822, 13.216843605, 11.6290874481, 5.18800640106, 0.616677820683, 0.18186172843, 0.0960518792272, 0.0198150277138, 0.000569976400584, 5.70823140151e-05, 1.61066309374e-05, 1.86394518096e-05, 3.26325716742e-05],
        "min": [9.59584589566e-09, 1.93194682474e-09, 5.66845181904e-10, 3.03361502585e-10, 2.84068157885e-10, 3.38584049686e-10, 5.29645327596e-10, 1.54000714958e-10, 4.89288776162e-10, 1.09991515895e-09, 1.71304259666e-09, 9.47468548063e-10, 1.5830654565e-09, 5.79265524436e-09, 7.17589676569e-09, 6.52396581202e-09, 1.23780363737e-08, 1.01536050678e-08, 1.02502335508e-08, 1.50558658873e-08, 2.42951632146e-08, 3.71884070205e-08, 3.12922239232e-08, 2.98091507034e-08, 3.79550151308e-08, 3.4314563635e-08, 2.39536124269e-08, 1.66506417543e-08, 1.84453181618e-08, 2.1840753206e-08, 2.10580033411e-08, 1.17945013756e-08, 1.47743239864e-08, 1.32919177886e-08, 1.10339009041e-08, 6.74220190788e-09, 6.32622843e-09, 1.53921364543e-09, 4.78150519179e-10, 3.83075168808e-11],
        "stdev": [0.00975906383246, 0.187165573239, 0.797624945641, 1.7464427948, 4.3517127037, 3.91508865356, 4.18874692917, 10.189157486, 45.0806083679, 49.8636016846, 44.8461303711, 83.3697052002, 78.1882324219, 84.8634567261, 53.0195541382, 74.3074417114, 118.18699646, 55.4158172607, 94.9204177856, 81.4481964111, 84.6007080078, 75.126663208, 60.4412193298, 42.0050392151, 67.4522705078, 27.3158626556, 28.4499015808, 21.4203910828, 22.8264904022, 19.1412124634, 10.9788503647, 0.963667809963, 0.186563327909, 0.0919295474887, 0.0178841743618, 0.000510604062583, 6.46996995783e-05, 1.88021840586e-05, 8.09516313893e-06, 1.07007090264e-05]
    },
    "gfcc": {
        "mean": [-3.40000534058, 108.768692017, -199.488540649, 45.5604896545, -69.4741287231, 14.2970056534, -19.3000793457, 0.248881265521, -3.39209532738, -13.4396276474, 1.13579714298, -15.1768903732, -1.63312530518],
        "cov": [[3951.88012695, 354.228546143, -75.4554748535, 565.370483398, -716.061645508, -92.7149658203, 148.154129028, -277.723693848, -171.706039429, -139.134475708, -100.471992493, -179.88470459, -172.055404663], [354.228546143, 369.646636963, 94.7425460815, -3.84304332733, -140.941864014, -131.637054443, 5.07772922516, -50.7662277222, -38.4576034546, -29.6809482574, -22.6364688873, -58.2058448792, -5.5339512825], [-75.4554748535, 94.7425460815, 360.965820312, 272.564117432, -242.95791626, -87.4175720215, 52.0434112549, -113.191696167, -97.5428390503, -24.2882671356, -62.5328598022, -47.8833808899, -72.8987197876], [565.370483398, -3.84304332733, 272.564117432, 510.38470459, -242.723373413, -50.967540741, 66.1067733765, -181.285110474, -86.8178787231, -42.2306022644, -87.3244018555, -48.8769721985, -110.839538574], [-716.061645508, -140.941864014, -242.95791626, -242.723373413, 485.097015381, 107.826126099, -138.152923584, 152.37878418, 133.605682373, 31.5228843689, 55.7131996155, 74.8413925171, 94.5294418335], [-92.7149658203, -131.637054443, -87.4175720215, -50.967540741, 107.826126099, 183.462982178, 91.0442199707, 26.7791461945, -12.0714321136, -0.0726550444961, 6.54634237289, 14.0909919739, -6.87341403961], [148.154129028, 5.07772922516, 52.0434112549, 66.1067733765, -138.152923584, 91.0442199707, 210.335632324, -25.3972377777, -82.2576446533, -24.4252872467, -28.6099414825, -37.1287155151, -57.631061554], [-277.723693848, -50.7662277222, -113.191696167, -181.285110474, 152.37878418, 26.7791461945, -25.3972377777, 162.032806396, 61.1242752075, 11.2454929352, 39.3026924133, 5.61515903473, 39.8057937622], [-171.706039429, -38.4576034546, -97.5428390503, -86.8178787231, 133.605682373, -12.0714321136, -82.2576446533, 61.1242752075, 127.745834351, 53.9446144104, 18.4646492004, 25.9072532654, 40.9095649719], [-139.134475708, -29.6809482574, -24.2882671356, -42.2306022644, 31.5228843689, -0.0726550444961, -24.4252872467, 11.2454929352, 53.9446144104, 77.1786727905, 27.3494358063, 14.7784099579, 17.5374641418], [-100.471992493, -22.6364688873, -62.5328598022, -87.3244018555, 55.7131996155, 6.54634237289, -28.6099414825, 39.3026924133, 18.4646492004, 27.3494358063, 72.301399231, 39.610244751, 20.6747398376], [-179.88470459, -58.2058448792, -47.8833808899, -48.8769721985, 74.8413925171, 14.0909919739, -37.1287155151, 5.61515903473, 25.9072532654, 14.7784099579, 39.610244751, 75.1636581421, 39.6687393188], [-172.055404663, -5.5339512825, -72.8987197876, -110.839538574, 94.5294418335, -6.87341403961, -57.631061554, 39.8057937622, 40.9095649719, 17.5374641418, 20.6747398376, 39.6687393188, 76.411239624]],
        "icov": [[0.00190319376998, -0.00331786903553, 0.00607654824853, -0.00449528312311, 0.00546756060794, -0.00477545661852, 0.00449898000807, -0.00273221195675, 0.000873685290571, 0.000353766139597, 0.00044914172031, 8.1199912529e-05, 0.00023200501164], [-0.00331786903553, 0.0126391956583, -0.0125098479912, 0.0104818660766, -0.01136418432, 0.0145989451557, -0.0124669373035, 0.011495760642, -0.00467227213085, 0.00471378443763, -0.00671380851418, 0.00897142663598, -0.004726419691], [0.00607654824853, -0.0125098479912, 0.0272490251809, -0.0174640826881, 0.0186176206917, -0.0138857718557, 0.016114410013, -0.0130338808522, 0.00982847064734, -0.00535413529724, 0.00853491667658, -0.00537833524868, 0.0045524048619], [-0.00449528312311, 0.0104818660766, -0.0174640826881, 0.0171624142677, -0.0137202423066, 0.0137210488319, -0.0124048488215, 0.0126567911357, -0.00517492042854, 0.00280128442682, -0.00137390685268, 0.00199886923656, 0.0025909957476], [0.00546756060794, -0.01136418432, 0.0186176206917, -0.0137202423066, 0.0243217591196, -0.0225166846067, 0.0205096416175, -0.0138285122812, 0.000773860083427, 0.00110936095007, 0.00426286645234, -0.00458496669307, 0.000464342767373], [-0.00477545661852, 0.0145989451557, -0.0138857718557, 0.0137210488319, -0.0225166846067, 0.0343972481787, -0.0255045201629, 0.0139995850623, 0.000231355646974, -0.000645632273518, -0.00289363902994, 0.00371535704471, 0.000259453285253], [0.00449898000807, -0.0124669373035, 0.016114410013, -0.0124048488215, 0.0205096416175, -0.0255045201629, 0.0291717108339, -0.0162479076535, 0.00885174144059, -0.00509730866179, 0.0101108327508, -0.00787628814578, 0.00719031039625], [-0.00273221195675, 0.011495760642, -0.0130338808522, 0.0126567911357, -0.0138285122812, 0.0139995850623, -0.0162479076535, 0.0288221538067, -0.0141161056235, 0.0133935771883, -0.0188248790801, 0.020293161273, -0.00925533846021], [0.000873685290571, -0.00467227213085, 0.00982847064734, -0.00517492042854, 0.000773860083427, 0.000231355646974, 0.00885174144059, -0.0141161056235, 0.030361013487, -0.0223397966474, 0.0187421794981, -0.014014811255, 0.00766937853768], [0.000353766139597, 0.00471378443763, -0.00535413529724, 0.00280128442682, 0.00110936095007, -0.000645632273518, -0.00509730866179, 0.0133935771883, -0.0223397966474, 0.0341209247708, -0.02288723737, 0.0171177387238, -0.0107236597687], [0.00044914172031, -0.00671380851418, 0.00853491667658, -0.00137390685268, 0.00426286645234, -0.00289363902994, 0.0101108327508, -0.0188248790801, 0.0187421794981, -0.02288723737, 0.0458064079285, -0.0326701141894, 0.018358591944], [8.1199912529e-05, 0.00897142663598, -0.00537833524868, 0.00199886923656, -0.00458496669307, 0.00371535704471, -0.00787628814578, 0.020293161273, -0.014014811255, 0.0171177387238, -0.0326701141894, 0.0484763681889, -0.0246569309384], [0.00023200501164, -0.004726419691, 0.0045524048619, 0.0025909957476, 0.000464342767373, 0.000259453285253, 0.00719031039625, -0.00925533846021, 0.00766937853768, -0.0107236597687, 0.018358591944, -0.0246569309384, 0.0372506305575]]
    },
    "melbands": {
        "max": [0.0023454441689, 0.00367951905355, 0.00346957403235, 0.00318037951365, 0.00167564419098, 0.00319005874917, 0.00638163788244, 0.00486012734473, 0.00500602787361, 0.00612414302304, 0.00393294403329, 0.00393373100087, 0.00234932312742, 0.00216517946683, 0.00301678502001, 0.00171720574144, 0.000835051410832, 0.00118291587569, 0.000822247762699, 0.00164394115563, 0.000698382093105, 0.00053905666573, 0.00127996399533, 0.000852676457725, 0.000327101821313, 0.000733393535484, 0.000295192934573, 0.000110028486233, 0.000182428688277, 0.000150877123815, 0.000109077394882, 0.000108122047095, 7.48082093196e-05, 0.000116690789582, 0.000145443482324, 3.36967677868e-05, 2.28721569329e-06, 9.98504447125e-07, 7.8495395428e-07, 7.19432819096e-07],
        "mean": [0.000137253126013, 0.000271199765848, 0.000265271315584, 0.000211885868339, 9.34740455705e-05, 0.000143748897244, 0.000316385354381, 0.000265765120275, 0.000293457589578, 0.000370750029106, 0.000333791744197, 0.000272854522336, 0.000157732021762, 8.56698097778e-05, 0.000266005547019, 0.000197869667318, 0.000103322621726, 0.000125231803395, 8.94415716175e-05, 8.62133892952e-05, 7.10714011802e-05, 8.35753817228e-05, 5.82577522437e-05, 3.14397111651e-05, 3.32361451001e-05, 6.07947586104e-05, 3.65942905773e-05, 1.34626507133e-05, 1.21415559988e-05, 8.73611588759e-06, 9.61351634032e-06, 7.49958735469e-06, 6.68099391987e-06, 6.63851460558e-06, 3.67002166968e-06, 7.90247440818e-07, 1.81709708613e-07, 1.24125591583e-07, 9.66876640973e-08, 7.66218875015e-08],
        "min": [9.67087521175e-11, 3.17963429024e-13, 4.148565443e-14, 2.05383348268e-14, 1.70014657463e-14, 3.77986885701e-15, 7.31701703486e-15, 1.18110612978e-14, 1.45939050368e-14, 5.22584600105e-15, 8.38923284411e-15, 2.38527933841e-14, 2.12891448312e-14, 2.00864139503e-14, 2.23362774538e-14, 2.10067982567e-14, 1.80078289791e-14, 1.63139748428e-14, 1.1427312174e-14, 1.82476832987e-14, 2.89404527361e-14, 4.13545032365e-14, 3.18000630711e-14, 1.88087951925e-14, 2.2873313283e-14, 2.39809359165e-14, 2.92781783247e-14, 2.09228877848e-14, 1.55573694389e-14, 1.19028500232e-14, 8.56126354163e-15, 1.12554009082e-14, 9.32222438891e-15, 1.32064023888e-14, 1.22412532381e-14, 8.66425597175e-15, 6.4396450615e-15, 1.067013587e-14, 9.49364691678e-15, 1.12243503744e-14],
        "stdev": [0.000135522917844, 0.000327066110913, 0.000337278674124, 0.000315477052936, 0.00014275610738, 0.000217209686525, 0.00068883295171, 0.000515061779879, 0.00039633634151, 0.000512633356266, 0.000421854900196, 0.000396121176891, 0.000215819483856, 0.000156486625201, 0.000276187201962, 0.000188369696843, 0.000104966980871, 0.000160583120305, 0.000120549826534, 0.000122623518109, 9.89169711829e-05, 8.28283446026e-05, 7.64345822972e-05, 3.83775259252e-05, 3.58144607162e-05, 6.17629339104e-05, 4.00558528781e-05, 1.59286119015e-05, 1.84884629562e-05, 1.29912205011e-05, 1.31186779981e-05, 1.38555315061e-05, 1.05420731416e-05, 1.15919401651e-05, 8.05354648037e-06, 1.65231836036e-06, 2.03872062343e-07, 1.31629306566e-07, 9.80192496058e-08, 7.33251610541e-08]
    },
    "melbands128": {
        "max": [0.000181180948857, 0.000442407093942, 0.00345590291545, 0.00600955123082, 0.00496365269646, 0.00357723864727, 0.00494091026485, 0.00351241393946, 0.00732831889763, 0.00510638952255, 0.00179362879135, 0.00233364850283, 0.00235359417275, 0.00187267758884, 0.00583140738308, 0.00486740656197, 0.00574111612514, 0.0119604272768, 0.0118782417849, 0.00934653822333, 0.00901144556701, 0.00906762387604, 0.00695830117911, 0.0142957791686, 0.0126388799399, 0.00632806308568, 0.00849860254675, 0.00437671830878, 0.00913973152637, 0.0089925583452, 0.0058828741312, 0.00365996081382, 0.00471506407484, 0.0023407661356, 0.001886095386, 0.00396338943392, 0.00465794280171, 0.00635909149423, 0.00357383186929, 0.00328685762361, 0.00187670590822, 0.00235645566136, 0.00111323979218, 0.00115820555948, 0.00248935096897, 0.001998196356, 0.00306487828493, 0.00126181764062, 0.00143210170791, 0.00112302531488, 0.00307913054712, 0.00163985230029, 0.00102838431485, 0.000809631310403, 0.00125897384714, 0.000877646845765, 0.00114490394481, 0.00146160379518, 0.00191959587391, 0.00152480287943, 0.000882084015757, 0.000350671558408, 0.000416135881096, 0.000452955748187, 0.00111769745126, 0.00108435191214, 0.000709363492206, 0.000567219918594, 0.000564592250157, 0.000259898894001, 0.000168886705069, 0.000172815591213, 0.000142415505252, 0.000264191796305, 0.000443161203293, 0.000166600875673, 0.000105716339021, 0.000139786890941, 0.000130764470669, 0.000190940801986, 0.000107279702206, 0.000199296599021, 0.000125954000396, 8.85769259185e-05, 9.13644107641e-05, 0.000123143487144, 0.00015709825675, 0.000177886366146, 0.000216966087464, 0.000123013262055, 3.00039191643e-05, 2.37022377405e-05, 2.28008957492e-06, 2.8543793178e-06, 1.95227175936e-06, 1.46242541632e-06, 1.28358828988e-06, 1.4324342601e-06, 9.82298047347e-07, 9.3380879207e-07, 7.21367825918e-07, 7.14326176876e-07, 6.16184820501e-07, 4.96286475027e-07, 8.56497663904e-08, 6.20347417879e-09, 7.22700432831e-09, 6.57445342611e-09, 8.01186672561e-09, 7.56162599203e-09, 6.39865760377e-09, 5.60796475924e-09, 4.65753347001e-09, 3.93199561799e-09, 3.70146024942e-09, 3.81759779344e-09, 3.2403408845e-09, 3.50182305375e-09, 3.18755177808e-09, 3.42736483638e-09, 3.36638961151e-09, 3.58002005818e-09, 2.4399380294e-09, 1.4946626159e-09, 1.46773471155e-09, 1.44518319534e-09, 1.42726586105e-09, 1.41702982681e-09],
        "mean": [5.45464863535e-05, 0.000111876310257, 0.000144633624586, 0.000235335595789, 0.00028804061003, 0.000308615330141, 0.000238437452936, 0.000262368004769, 0.000285978458123, 0.000257780397078, 0.000128115163534, 8.07599790278e-05, 7.21690958017e-05, 0.000120727469039, 0.000141995362355, 0.000133178458782, 0.000247678690357, 0.000401911092922, 0.000311938259983, 0.000345864944393, 0.000194676104002, 0.000165367906447, 0.000239048022195, 0.000507556658704, 0.000495686777867, 0.000242909329245, 0.000279420055449, 0.000200617141672, 0.000601885491051, 0.000370440655388, 0.000112902896944, 0.00013834850688, 0.000237376007135, 0.000100828801806, 6.80323209963e-05, 7.24493802409e-05, 0.000110967885121, 0.000291177624604, 0.000360277539585, 0.000272821984254, 0.000116210547276, 0.000175851033418, 8.38057894725e-05, 6.09520247963e-05, 0.00015356419317, 0.000131522450829, 0.00011615245603, 7.12373002898e-05, 8.19992710603e-05, 0.000111251814815, 7.88686738815e-05, 7.28001687094e-05, 8.68945789989e-05, 6.08147092862e-05, 5.43122441741e-05, 0.000108791347884, 8.21204084787e-05, 7.18931114534e-05, 4.97954824823e-05, 2.76206101262e-05, 3.42276798619e-05, 3.12610536639e-05, 2.28636235988e-05, 2.92212462227e-05, 5.78278741159e-05, 6.09489616181e-05, 7.30071624275e-05, 4.22220837208e-05, 3.164555892e-05, 1.86969846254e-05, 1.38426721605e-05, 1.14261310955e-05, 8.52892117109e-06, 1.49195175254e-05, 1.27951589093e-05, 6.03078160566e-06, 7.956020454e-06, 1.17584950203e-05, 8.9742061391e-06, 9.41214966588e-06, 6.68037819196e-06, 7.5744374044e-06, 7.29043858883e-06, 6.52061726214e-06, 6.09761491432e-06, 6.34358821117e-06, 7.92323135101e-06, 5.41649069419e-06, 3.66864446733e-06, 2.09954487218e-06, 1.09003553916e-06, 4.14097996781e-07, 2.19265601231e-07, 1.83133892051e-07, 1.50339303673e-07, 1.37665580269e-07, 1.17209012274e-07, 1.06777562792e-07, 9.96670408426e-08, 9.12464273028e-08, 8.18179941575e-08, 7.46578621147e-08, 7.0151308762e-08, 5.14537497054e-08, 7.49402939704e-09, 2.64916370091e-11, 1.65532466206e-11, 1.4603917034e-11, 1.50832905194e-11, 1.44676918015e-11, 1.29502528493e-11, 1.20589935607e-11, 1.08175881447e-11, 9.95423361794e-12, 9.47541264201e-12, 9.40462985266e-12, 8.53889615265e-12, 8.22463104566e-12, 7.74559843347e-12, 7.83440760183e-12, 7.59344323531e-12, 7.6644064359e-12, 6.63566814343e-12, 4.55990974146e-12, 4.32344654869e-12, 4.25185884764e-12, 4.20135627677e-12, 4.17470528633e-12],
        "min": [2.93955554342e-10, 1.14611736768e-10, 8.4505267367e-12, 5.98412812358e-13, 2.4347196351e-13, 1.06988101375e-13, 5.15214363143e-14, 1.99018488592e-14, 2.86509843086e-14, 2.09616497066e-14, 1.22166333785e-14, 1.70863824933e-14, 2.34410506685e-14, 7.10333815084e-15, 9.53969374537e-16, 1.22399204318e-15, 6.13930157796e-15, 8.46211494702e-15, 1.02840396179e-14, 4.11231997145e-15, 6.75842802878e-15, 1.03633854292e-14, 2.1078506372e-14, 1.17519460214e-14, 3.32048583203e-15, 4.23508680924e-15, 4.38771706414e-15, 2.98174507444e-15, 1.49209444577e-14, 3.51638341925e-14, 2.58039744357e-14, 4.62236128415e-15, 1.24992738734e-14, 2.61341834539e-14, 1.06587890166e-14, 1.12258877392e-14, 1.31034345226e-14, 1.54254000117e-14, 3.44096089512e-14, 2.39688589208e-14, 1.07413696468e-14, 3.73269420405e-15, 7.9319536372e-15, 3.19268943965e-14, 1.46149588877e-14, 1.45618956617e-14, 6.77198436758e-15, 4.29966714224e-15, 7.73270861812e-15, 1.54794932298e-14, 1.75243798422e-14, 2.09486545271e-14, 1.70812613321e-14, 1.98657025752e-14, 4.35543528327e-14, 5.02039782088e-14, 1.69753398621e-14, 2.15122448392e-14, 8.52047721115e-15, 1.45730781907e-14, 1.75585711742e-14, 1.56102971397e-14, 2.24838983559e-14, 4.7329537174e-15, 1.97511735564e-14, 1.80357183859e-14, 2.7431449988e-14, 2.80859404879e-14, 2.60653925202e-14, 1.53109760249e-14, 1.81537625915e-14, 2.08851287501e-14, 1.33755116697e-14, 1.51516186343e-14, 1.63115150591e-14, 1.20726454007e-14, 8.83115619071e-15, 1.24108834443e-14, 4.51520145193e-15, 9.39804654319e-15, 1.47381954053e-14, 9.65949512082e-15, 8.93725384362e-15, 8.72677462655e-15, 9.37714939335e-15, 1.56594690963e-14, 8.77931184511e-15, 1.06720035776e-14, 1.38008543463e-14, 8.30747383591e-15, 9.77694047412e-15, 1.003407596e-14, 3.95312944637e-15, 7.1310899148e-15, 6.36673712408e-15, 8.1000862891e-15, 1.26578113361e-14, 8.42316583101e-15, 8.38926503136e-15, 6.72466868363e-15, 1.30661684611e-14, 9.63054522875e-15, 7.36233414457e-15, 1.15803354522e-14, 1.37206437143e-14, 1.43405795051e-14, 1.34346040762e-14, 1.07380399603e-14, 7.29894812803e-15, 1.12636383036e-14, 1.75565552358e-14, 2.10301933067e-14, 2.03379556306e-14, 1.85992036659e-14, 1.30797794335e-14, 1.08739972186e-14, 1.32027948754e-14, 5.79863720855e-15, 8.80932899869e-15, 1.94644698444e-14, 1.68793456182e-14, 1.5468907012e-14, 1.20315092457e-14, 1.35458008674e-14, 8.99331302517e-15, 2.93956664532e-15, 2.88751334727e-16, 1.71734854721e-17],
        "stdev": [3.66478088836e-05, 7.05960701453e-05, 0.000175498134922, 0.000393536669435, 0.000386058760341, 0.000497577770147, 0.000375173956854, 0.000424347934313, 0.000535871542525, 0.000474885600852, 0.000209866979276, 0.000195812492166, 0.000167793608853, 0.000178380971192, 0.000281788466964, 0.000296096142847, 0.000540837820154, 0.00122211896814, 0.000751135929022, 0.000832305755466, 0.000570021686144, 0.00056508689886, 0.000514101644512, 0.000756164256018, 0.000934406532906, 0.000561074935831, 0.00073892751243, 0.000373858987587, 0.000990446656942, 0.000729797873646, 0.000340865342878, 0.000236754713114, 0.000400102464482, 0.000158681563335, 0.000131579057779, 0.000260234461166, 0.000308148708427, 0.000438238290371, 0.000483795418404, 0.000417843228206, 0.000190528560779, 0.000253475882346, 0.000122199693578, 0.000113609487016, 0.000262285640929, 0.000213925246499, 0.000260633561993, 0.000140833406476, 0.000138129587867, 0.000154322915478, 0.00016984132526, 0.000147542639752, 0.000131711465656, 0.000100802157249, 0.000105395694845, 0.000118182950246, 0.000104416714748, 9.98453324428e-05, 9.53290291363e-05, 6.34355819784e-05, 4.38542374468e-05, 3.39318794431e-05, 2.81381453533e-05, 4.08764353779e-05, 8.07610485936e-05, 8.18046100903e-05, 8.80023144418e-05, 5.36679181096e-05, 5.4050477047e-05, 2.54717506323e-05, 1.95637276192e-05, 1.85706630873e-05, 1.26453642224e-05, 2.39376950049e-05, 3.19049686368e-05, 1.01931263998e-05, 1.09742804852e-05, 1.62379565154e-05, 1.370654536e-05, 1.727003837e-05, 1.26093445942e-05, 1.92401003005e-05, 1.23729760162e-05, 1.09469265226e-05, 9.69546726992e-06, 1.1706112673e-05, 1.58005004778e-05, 1.0523463061e-05, 1.00974466477e-05, 5.58632245884e-06, 2.23776874009e-06, 9.15418183922e-07, 2.4713179414e-07, 2.27802317454e-07, 1.84549534765e-07, 1.63228634165e-07, 1.31202099851e-07, 1.20866289421e-07, 1.0846777343e-07, 9.81907888331e-08, 8.56149640072e-08, 7.68699521814e-08, 6.84718131083e-08, 4.93630487597e-08, 8.04661404175e-09, 2.02837913132e-10, 2.23843998892e-10, 2.04035802143e-10, 2.36760694383e-10, 2.23128834853e-10, 1.911853037e-10, 1.69539673966e-10, 1.4377475599e-10, 1.2467619992e-10, 1.17507947817e-10, 1.19251164499e-10, 1.03536478002e-10, 1.08390699194e-10, 9.99425472936e-11, 1.05232780823e-10, 1.02735243923e-10, 1.07590721055e-10, 7.94175766816e-11, 4.11942216449e-11, 4.01488460533e-11, 3.95335916781e-11, 3.90448923193e-11, 3.87654526535e-11]
    },
    "mfcc": {
        "mean": [-607.55859375, 109.950942993, -54.3815536499, 20.1738967896, -19.3327999115, 8.85784339905, -5.75586938858, 12.9718847275, -2.14298605919, 5.38734388351, 8.87747764587, -3.90777945518, 1.80711531639],
        "cov": [[2541.34545898, -194.930358887, 512.628173828, 449.092681885, -550.733581543, 169.45300293, 27.1248512268, 0.661009311676, -164.60710144, 24.0682945251, -42.9046287537, -120.184127808, -11.8000974655], [-194.930358887, 438.087005615, -120.545082092, -131.47038269, 54.3038215637, -142.696670532, -25.3721981049, -42.8952713013, 33.2727851868, -13.1992073059, 1.26764583588, 7.18399429321, -12.2519311905], [512.628173828, -120.545082092, 706.438964844, 418.042877197, -441.581207275, 84.7699356079, 17.5705165863, -59.376739502, -147.765457153, 8.37993907928, -63.8446807861, -124.992248535, -9.83044242859], [449.092681885, -131.47038269, 418.042877197, 432.044372559, -185.453048706, 80.9569549561, -66.8975830078, -48.2785263062, -92.7128677368, -0.125061437488, -49.389415741, -89.7355117798, 9.624335289], [-550.733581543, 54.3038215637, -441.581207275, -185.453048706, 500.774414062, -82.6067657471, -93.509185791, 15.1074333191, 93.9450302124, -8.57670402527, 22.3052196503, 74.8941497803, 18.5318050385], [169.45300293, -142.696670532, 84.7699356079, 80.9569549561, -82.6067657471, 208.821166992, 51.3257026672, 21.1880111694, -11.8243074417, -13.9816608429, -2.48803591728, -6.82842731476, -3.38115215302], [27.1248512268, -25.3721981049, 17.5705165863, -66.8975830078, -93.509185791, 51.3257026672, 178.296264648, 74.4851379395, -5.19769573212, 2.8037712574, 8.9280424118, -3.96501660347, -15.8038311005], [0.661009311676, -42.8952713013, -59.376739502, -48.2785263062, 15.1074333191, 21.1880111694, 74.4851379395, 100.653213501, 17.2615013123, 0.0436858087778, 6.61742305756, -1.96130228043, -2.50169181824], [-164.60710144, 33.2727851868, -147.765457153, -92.7128677368, 93.9450302124, -11.8243074417, -5.19769573212, 17.2615013123, 100.534851074, 23.6631774902, 13.6152429581, 26.5899372101, -8.61455249786], [24.0682945251, -13.1992073059, 8.37993907928, -0.125061437488, -8.57670402527, -13.9816608429, 2.8037712574, 0.0436858087778, 23.6631774902, 64.2467651367, 22.8361797333, -5.01351547241, -2.7849316597], [-42.9046287537, 1.26764583588, -63.8446807861, -49.389415741, 22.3052196503, -2.48803591728, 8.9280424118, 6.61742305756, 13.6152429581, 22.8361797333, 60.4526786804, 32.9848823547, -1.05645537376], [-120.184127808, 7.18399429321, -124.992248535, -89.7355117798, 74.8941497803, -6.82842731476, -3.96501660347, -1.96130228043, 26.5899372101, -5.01351547241, 32.9848823547, 76.0186920166, 15.6086235046], [-11.8000974655, -12.2519311905, -9.83044242859, 9.624335289, 18.5318050385, -3.38115215302, -15.8038311005, -2.50169181824, -8.61455249786, -2.7849316597, -1.05645537376, 15.6086235046, 44.0761909485]],
        "icov": [[0.000665626954287, -2.26024403673e-05, 0.000808300857898, -0.000833204656374, 0.00100545049645, -0.000195171989617, 0.000324123335304, -0.000467005651444, 0.00087784382049, -0.000800779205747, 0.000536003441084, -0.000281920918496, 0.000419788557338], [-2.26024403673e-05, 0.00362875103019, 0.000293298973702, 0.000640534039121, 0.000361286103725, 0.00233421917073, -0.00077467574738, 0.00245420495048, -0.00170841347426, 0.00247105327435, -0.00108436483424, 0.00198590708897, -9.01491730474e-05], [0.000808300857898, 0.000293298973702, 0.0097237881273, -0.00641451962292, 0.00572717981413, 0.000565606809687, -0.00117490754928, 0.0017521197442, 0.00429101055488, -0.00332777760923, 0.00357509963214, 0.000429130799603, 0.00174300628714], [-0.000833204656374, 0.000640534039121, -0.00641451962292, 0.00980745442212, -0.0029644719325, -0.00197916990146, 0.0035918133799, -0.000396683288272, -0.000568584364373, 0.0012296542991, -0.00142917130142, 0.00403805822134, -0.00275492784567], [0.00100545049645, 0.000361286103725, 0.00572717981413, -0.0029644719325, 0.00748618971556, 0.000712097913492, 0.00246797245927, -0.00135003624018, 0.00107778015081, -0.00134774320759, 0.0024288748391, -0.00140644353814, 0.000691385997925], [-0.000195171989617, 0.00233421917073, 0.000565606809687, -0.00197916990146, 0.000712097913492, 0.00805584155023, -0.00304236379452, 0.00145264854655, -0.00295047042891, 0.00417707581073, -0.00177049310878, 2.00110207516e-05, 0.000102816091385], [0.000324123335304, -0.00077467574738, -0.00117490754928, 0.0035918133799, 0.00246797245927, -0.00304236379452, 0.0133472057059, -0.0095132747665, 0.00323215988465, -0.00270996149629, 0.00133274472319, -0.00185325206257, 0.00294855353422], [-0.000467005651444, 0.00245420495048, 0.0017521197442, -0.000396683288272, -0.00135003624018, 0.00145264854655, -0.0095132747665, 0.0198383722454, -0.00459979008883, 0.00438643060625, -0.00368257099763, 0.00720142154023, -0.00383178470656], [0.00087784382049, -0.00170841347426, 0.00429101055488, -0.000568584364373, 0.00107778015081, -0.00295047042891, 0.00323215988465, -0.00459979008883, 0.0216652937233, -0.0129211954772, 0.00801091361791, -0.00669531710446, 0.00704067479819], [-0.000800779205747, 0.00247105327435, -0.00332777760923, 0.0012296542991, -0.00134774320759, 0.00417707581073, -0.00270996149629, 0.00438643060625, -0.0129211954772, 0.0289232097566, -0.0165793579072, 0.0108680631965, -0.00531781604514], [0.000536003441084, -0.00108436483424, 0.00357509963214, -0.00142917130142, 0.0024288748391, -0.00177049310878, 0.00133274472319, -0.00368257099763, 0.00801091361791, -0.0165793579072, 0.0326672196388, -0.0170243475586, 0.00739327026531], [-0.000281920918496, 0.00198590708897, 0.000429130799603, 0.00403805822134, -0.00140644353814, 2.00110207516e-05, -0.00185325206257, 0.00720142154023, -0.00669531710446, 0.0108680631965, -0.0170243475586, 0.0324834547937, -0.0125056086108], [0.000419788557338, -9.01491730474e-05, 0.00174300628714, -0.00275492784567, 0.000691385997925, 0.000102816091385, 0.00294855353422, -0.00383178470656, 0.00704067479819, -0.00531781604514, 0.00739327026531, -0.0125056086108, 0.0299684219062]]
    },
    "spectral_contrast_coeffs": {
        "max": [-0.489377826452, -0.4613057971, -0.537706196308, -0.590872228146, -0.515783786774, -0.542513847351],
        "mean": [-0.73585152626, -0.74352401495, -0.722463190556, -0.744592666626, -0.730765521526, -0.679505825043],
        "min": [-0.964424967766, -0.981855273247, -0.955279409885, -0.959363281727, -0.946127772331, -0.933008253574],
        "stdev": [0.0706811621785, 0.0740171447396, 0.0717621967196, 0.047478992492, 0.0525033585727, 0.0624309107661]
    },
    "spectral_contrast_valleys": {
        "max": [-6.0058350563, -5.06436014175, -5.61238718033, -5.28803825378, -5.68107032776, -9.3759469986],
        "mean": [-7.37912130356, -6.56320667267, -6.95922040939, -6.93353509903, -6.96246528625, -10.5462112427],
        "min": [-18.2134075165, -17.95911026, -17.6871490479, -17.1051368713, -16.5630493164, -18.5426635742],
        "stdev": [0.810417890549, 0.75300180912, 0.70233798027, 0.773218810558, 0.717787802219, 0.595661520958]
    }
},
"rhythm": {
    "beats_count": 44,
    "beats_loudness": {
        "max": 0.0472132116556,
        "mean": 0.0264702215791,
        "min": 0.0111194998026,
        "stdev": 0.00694519747049
    },
    "bpm": 91.8433990479,
    "bpm_histogram_first_peak_bpm": 92,
    "bpm_histogram_first_peak_weight": 0.285714268684,
    "bpm_histogram_second_peak_bpm": 81,
    "bpm_histogram_second_peak_spread": 0.0999999642372,
    "bpm_histogram_second_peak_weight": 0.209302335978,
    "danceability": 1.39115774632,
    "onset_rate": 1.79376626015,
    "beats_loudness_band_ratio": {
        "max": [0.27076998353, 0.370437413454, 0.62598502636, 0.6501480937, 0.719459354877, 0.51261472702],
        "mean": [0.0969014391303, 0.0787969529629, 0.210559561849, 0.290811508894, 0.216582864523, 0.138740107417],
        "min": [0.00457914359868, 0.000883001834154, 0.0195777267218, 0.0216636620462, 0.0224683713168, 0.00519909476861],
        "stdev": [0.0714398995042, 0.0811669453979, 0.1415348351, 0.153936624527, 0.184442639351, 0.105205126107]
    },
    "beats_position": [0.603718817234, 1.23065757751, 1.88081634045, 2.53097510338, 3.16952371597, 3.80807256699, 4.45823097229, 5.10838985443, 5.75854873657, 6.420317173, 7.07047605515, 7.70902490616, 8.34757328033, 8.99773216248, 9.65950107574, 10.3096599579, 10.95981884, 11.6099767685, 12.2717456818, 12.933514595, 13.5952835083, 14.2570514679, 14.9304304123, 15.6038093567, 16.2771873474, 16.9273471832, 17.5891151428, 18.2508831024, 18.9010429382, 19.6208610535, 20.363899231, 21.0953292847, 21.8383674622, 22.5814056396, 23.3244438171, 24.0674819946, 24.7989120483, 25.5419502258, 26.2849884033, 27.0744667053, 27.8755550385, 28.6766433716, 29.4893417358, 30.3020401001],
