{
"metadata": {
    "version": {
        "essentia": "2.1-beta5",
        "essentia_git_sha": "Undefined",
        "extractor": "music 2.0"
    },
    "audio_properties": {
        "analysis": {
            "equal_loudness": 0,
            "length": 81.2582321167,
            "sample_rate": 44100,
            "start_time": 45.2440834045,
            "downmix": "mix"
        },
        "bit_rate": 192000,
        "length": 176.088973999,
        "lossless": 0,
        "number_channels": 2,
        "replay_gain": -14.3968830109,
        "sample_rate": 48000,
        "codec": "mp3",
        "md5_encoded": "7428ce825851de00773aebd20c8dc345"
    },
    "tags": {
        "file_name": "Switzerland_Retour_Henri Dès.mp3",
        "encoding": ["Lavf58.29.100"]
    }
},
"lowlevel": {
    "average_loudness": 0.957598030567,
    "barkbands_crest": {
        "max": 23.7913379669,
        "mean": 8.83588600159,
        "min": 2.05601549149,
        "stdev": 3.79949593544
    },
    "barkbands_flatness_db": {
        "max": 0.300907880068,
        "mean": 0.160077095032,
        "min": 0.0885859876871,
        "stdev": 0.031779166311
    },
    "barkbands_kurtosis": {
        "max": 43.4112815857,
        "mean": 1.83214581013,
        "min": -1.89616513252,
        "stdev": 3.83462524414
    },
    "barkbands_skewness": {
        "max": 5.43613290787,
        "mean": 1.05452680588,
        "min": -5.71936321259,
        "stdev": 0.837930440903
    },
    "barkbands_spread": {
        "max": 81.2428207397,
        "mean": 21.6916618347,
        "min": 2.15783214569,
        "stdev": 11.4380512238
    },
    "dissonance": {
        "max": 0.499880820513,
        "mean": 0.456773072481,
        "min": 0.297693967819,
        "stdev": 0.0310461018234
    },
    "dynamic_complexity": 2.96903061867,
    "erbbands_crest": {
        "max": 29.4107208252,
        "mean": 9.25744628906,
        "min": 2.47226715088,
        "stdev": 4.25966215134
    },
    "erbbands_flatness_db": {
        "max": 0.335680633783,
        "mean": 0.209204509854,
        "min": 0.125764429569,
        "stdev": 0.0329586714506
    },
    "erbbands_kurtosis": {
        "max": 73.2515335083,
        "mean": 0.336570590734,
        "min": -1.82821178436,
        "stdev": 3.64961671829
    },
    "erbbands_skewness": {
        "max": 4.66805076599,
        "mean": 0.451245248318,
        "min": -6.83666944504,
        "stdev": 0.852105736732
    },
    "erbbands_spread": {
        "max": 93.174407959,
        "mean": 34.8168449402,
        "min": 2.66874170303,
        "stdev": 14.0235290527
    },
    "hfc": {
        "max": 211.10067749,
        "mean": 21.9047966003,
        "min": 0.344444602728,
        "stdev": 19.2521018982
    },
    "loudness_ebu128": {
        "integrated": -10.2955007553,
        "loudness_range": 1.99512386322,
        "momentary": {
            "max": -7.38052463531,
            "mean": -10.6110162735,
            "min": -18.8705768585,
            "stdev": 1.76049780846
        },
        "short_term": {
            "max": -8.9511013031,
            "mean": -10.3642492294,
            "min": -12.2227020264,
            "stdev": 0.723519086838
        }
    },
    "melbands_crest": {
        "max": 30.3761520386,
        "mean": 11.7655305862,
        "min": 3.11118841171,
        "stdev": 4.72206258774
    },
    "melbands_flatness_db": {
        "max": 0.334831565619,
        "mean": 0.165329322219,
        "min": 0.0520372949541,
        "stdev": 0.0417360365391
    },
    "melbands_kurtosis": {
        "max": 83.1322860718,
        "mean": 6.13739442825,
        "min": -1.89388310909,
        "stdev": 6.88239002228
    },
    "melbands_skewness": {
        "max": 6.92574262619,
        "mean": 1.77761459351,
        "min": -2.36733055115,
        "stdev": 0.95241445303
    },
    "melbands_spread": {
        "max": 225.557052612,
        "mean": 28.559419632,
        "min": 2.33953928947,
        "stdev": 21.1293430328
    },
    "pitch_salience": {
        "max": 0.874123752117,
        "mean": 0.654925465584,
        "min": 0.255586057901,
        "stdev": 0.0939277261496
    },
    "silence_rate_20dB": {
        "max": 1,
        "mean": 1,
        "min": 1,
        "stdev": 0
    },
    "silence_rate_30dB": {
        "max": 1,
        "mean": 1,
        "min": 1,
        "stdev": 0
    },
    "silence_rate_60dB": {
        "max": 1,
        "mean": 0.083976007998,
        "min": 0,
        "stdev": 0.277348667383
    },
    "spectral_centroid": {
        "max": 5324.50146484,
        "mean": 1641.5645752,
        "min": 295.530731201,
        "stdev": 681.523071289
    },
    "spectral_complexity": {
        "max": 53,
        "mean": 19.4481582642,
        "min": 1,
        "stdev": 10.0127010345
    },
    "spectral_decrease": {
        "max": -1.64244312595e-10,
        "mean": -4.73172701021e-09,
        "min": -1.52197188186e-08,
        "stdev": 3.42068462444e-09
    },
    "spectral_energy": {
        "max": 0.0621388852596,
        "mean": 0.0198454633355,
        "min": 0.000679538119584,
        "stdev": 0.0142980739474
    },
    "spectral_energyband_high": {
        "max": 0.0383332334459,
        "mean": 0.00082618475426,
        "min": 8.41761266202e-06,
        "stdev": 0.00199835794047
    },
    "spectral_energyband_low": {
        "max": 0.0147120859474,
        "mean": 0.0012397847604,
        "min": 6.67809217703e-05,
        "stdev": 0.00129052787088
    },
    "spectral_energyband_middle_high": {
        "max": 0.0480675846338,
        "mean": 0.00712395785376,
        "min": 2.12612885662e-05,
        "stdev": 0.00748679693788
    },
    "spectral_energyband_middle_low": {
        "max": 0.0530909709632,
        "mean": 0.0113912867382,
        "min": 0.000191409213585,
        "stdev": 0.00973115582019
    },
    "spectral_entropy": {
        "max": 9.22761058807,
        "mean": 7.58380079269,
        "min": 6.41271924973,
        "stdev": 0.274486243725
    },
    "spectral_flux": {
        "max": 0.21260586381,
        "mean": 0.0810091421008,
        "min": 0.0107908463106,
        "stdev": 0.0395988821983
    },
    "spectral_kurtosis": {
        "max": 15.2620849609,
        "mean": 2.7050549984,
        "min": -1.10612547398,
        "stdev": 2.06583428383
    },
    "spectral_rms": {
        "max": 0.00778609700501,
        "mean": 0.0040610730648,
        "min": 0.000814225990325,
        "stdev": 0.0016938385088
    },
    "spectral_rolloff": {
        "max": 6782.95898438,
        "mean": 1892.27307129,
        "min": 172.265625,
        "stdev": 1191.90270996
    },
    "spectral_skewness": {
        "max": 2.91708946228,
        "mean": 1.02152597904,
        "min": -0.952338337898,
        "stdev": 0.456276983023
    },
    "spectral_spread": {
        "max": 31157314,
        "mean": 3590504.25,
        "min": 2115207.5,
        "stdev": 787378.5
    },
    "spectral_strongpeak": {
        "max": 15.2245063782,
        "mean": 1.45867586136,
        "min": 0,
        "stdev": 1.4731490612
    },
    "zerocrossingrate": {
        "max": 0.2470703125,
        "mean": 0.0663186609745,
        "min": 0.0126953125,
        "stdev": 0.0275920387357
    },
    "barkbands": {
        "max": [0.00056950940052, 0.0027281541843, 0.0108726443723, 0.0120985712856, 0.0208963081241, 0.0382613986731, 0.0490792766213, 0.0391493402421, 0.0436665900052, 0.0376463159919, 0.0231740865856, 0.0221792720258, 0.0149464635178, 0.0428473129869, 0.0124912839383, 0.0115030873567, 0.00963082630187, 0.00607155077159, 0.00945693347603, 0.0272758435458, 0.0211255419999, 0.0169949810952, 0.00530376285315, 0.000162080628797, 8.64211106091e-05, 2.60959069465e-07, 2.61247521394e-07],
        "mean": [7.61939227232e-05, 0.000405025144573, 0.000493165280204, 0.000565541209653, 0.00133696559351, 0.00181156559847, 0.00215865881182, 0.00167246116325, 0.003007682506, 0.00183181813918, 0.000714106136002, 0.00112828693818, 0.000937281409279, 0.000475640612422, 0.000325337168761, 0.000257203384535, 0.000386630854337, 0.000567553855944, 0.000686670828145, 0.000324563065078, 0.000268279400188, 0.000274832505966, 0.00012824049918, 7.57260295359e-06, 4.18743002228e-06, 8.48431602751e-10, 8.39237679351e-10],
        "min": [1.78369660375e-07, 2.8308832043e-05, 4.98560325468e-07, 9.33963349325e-07, 5.31938303538e-06, 3.03251908917e-06, 8.9539844339e-06, 2.02508908842e-06, 2.54000815403e-06, 2.40243002736e-06, 1.54959661813e-06, 1.43839156408e-06, 1.37136703415e-06, 7.02503143657e-07, 9.21088371797e-07, 8.10514279692e-07, 6.66170024033e-07, 5.88508498822e-07, 5.34222806436e-07, 6.71821226206e-07, 1.15736906992e-06, 1.08125288989e-06, 9.31683189265e-07, 4.25601569987e-07, 3.23004002212e-07, 4.15260664396e-12, 6.05030825787e-12],
        "stdev": [6.05908571742e-05, 0.000294896919513, 0.000798453926109, 0.000864393950906, 0.00191970169544, 0.00340430811048, 0.00423523643985, 0.00355010083877, 0.00516678811982, 0.00400641234592, 0.00129054114223, 0.0019987015985, 0.00158268492669, 0.00155113369692, 0.000705390120856, 0.000581805943511, 0.000630894559436, 0.000703874160536, 0.000920101127122, 0.000762617506552, 0.000877346203197, 0.000751759682316, 0.000272780249361, 1.13005244202e-05, 5.23044582224e-06, 6.74245548282e-09, 6.40961195231e-09]
    },
    "erbbands": {
        "max": [0.0634845644236, 0.721671819687, 7.1152176857, 29.016708374, 51.3769454956, 113.79536438, 121.298995972, 479.40020752, 612.913208008, 780.210327148, 815.410339355, 1265.38342285, 1406.56921387, 1172.9666748, 603.876281738, 978.631713867, 776.703552246, 2255.76953125, 722.029541016, 234.976318359, 465.110046387, 363.702545166, 410.482147217, 470.415130615, 424.624084473, 1359.55505371, 626.677734375, 1199.39526367, 706.348388672, 290.934783936, 140.036819458, 10.351852417, 2.89447283745, 1.43401873112, 0.425826966763, 0.0109117235988, 0.000851979712024, 0.000224036921281, 0.000115914546768, 0.000107267849671],
        "mean": [0.0158419907093, 0.0789201110601, 0.425504118204, 1.44472002983, 3.28203415871, 4.85862445831, 5.77874946594, 18.3639011383, 30.4811840057, 31.5670967102, 41.2123947144, 75.76537323, 65.0817871094, 39.5550956726, 35.0188674927, 47.6070404053, 45.5709724426, 29.6526126862, 21.2542915344, 12.576505661, 15.2883167267, 22.1788959503, 32.0350570679, 33.897857666, 28.1081924438, 16.1566333771, 9.86749362946, 12.146074295, 10.6222114563, 6.98849487305, 2.72514057159, 0.332053035498, 0.111843042076, 0.0701641812921, 0.0161130651832, 0.000442927441327, 3.8623031287e-05, 9.70733708527e-06, 1.33266630655e-05, 2.50833836617e-05],
        "min": [0.00107560423203, 0.00694049475715, 0.00375212263316, 0.00981861911714, 0.0194057803601, 0.0137190008536, 0.0351331904531, 0.139971002936, 0.129811003804, 0.122998535633, 0.168174862862, 0.0939016491175, 0.072021253407, 0.0866667032242, 0.0464318543673, 0.0560877770185, 0.0622355379164, 0.0541662238538, 0.0564424470067, 0.0673257634044, 0.0489315912127, 0.0411073081195, 0.035367038101, 0.0313289500773, 0.0358670465648, 0.0306048765779, 0.0326854288578, 0.0464421920478, 0.042955648154, 0.0414056964219, 0.0285645443946, 0.0135438619182, 0.00525530660525, 0.00335199153051, 0.00247073033825, 7.77950990596e-05, 5.26532858203e-06, 6.43019859581e-07, 5.3046346693e-07, 8.83798406903e-07],
        "stdev": [0.00846454035491, 0.0773890316486, 0.611707746983, 2.12495613098, 4.10865497589, 9.10933971405, 9.63129711151, 38.039264679, 58.2868766785, 66.4055328369, 71.1226501465, 134.644317627, 145.097595215, 74.7213439941, 57.9644088745, 81.7579345703, 71.7339935303, 82.4321060181, 43.3820037842, 20.6885528564, 31.9484958649, 31.9885196686, 38.7247238159, 44.7750778198, 37.6271476746, 39.8529472351, 26.4822597504, 44.1021232605, 30.6414070129, 14.2839803696, 6.4708943367, 0.554148972034, 0.15908202529, 0.0905471071601, 0.0197959523648, 0.000532961101271, 4.55949812022e-05, 1.29101135826e-05, 1.03250067696e-05, 1.8088341676e-05]
    },
    "gfcc": {
        "mean": [-31.4560699463, 124.030586243, -169.45942688, 50.3578605652, -86.5066604614, 6.86736249924, -22.9482288361, -2.88453030586, -8.7920627594, -13.0261507034, 2.96922063828, -11.0532188416, -2.05570459366],
        "cov": [[2503.73681641, -255.159561157, -992.250366211, -224.055465698, -11.0275144577, -205.154693604, 210.907592773, -30.4648723602, 47.2648468018, -194.900405884, 39.8713531494, -41.0242004395, -146.658233643], [-255.159561157, 350.72088623, 130.770126343, -140.222869873, 65.6714859009, -37.7365074158, -97.110786438, 17.1963558197, -18.1273956299, -21.9294815063, 22.8897514343, -40.9271697998, 8.10953807831], [-992.250366211, 130.770126343, 616.885925293, 184.920730591, -37.4540710449, 60.130897522, -125.696609497, -29.8330249786, -10.0973997116, 68.0482025146, -48.1018295288, 11.7424440384, 48.4385185242], [-224.055465698, -140.222869873, 184.920730591, 353.101867676, 11.0909051895, 6.79170751572, -17.2517604828, -91.6549530029, 12.3677692413, 50.5060462952, -60.7557182312, 30.7350025177, 7.16614961624], [-11.0275144577, 65.6714859009, -37.4540710449, 11.0909051895, 152.619476318, 24.4746456146, -58.8677330017, -5.55762720108, -11.4472007751, 6.77776575089, 7.75627231598, -31.1046066284, -2.59848546982], [-205.154693604, -37.7365074158, 60.130897522, 6.79170751572, 24.4746456146, 179.207046509, 69.1372909546, -7.7556848526, -39.6827354431, 19.4310245514, -24.2405261993, -2.83064675331, 17.9295330048], [210.907592773, -97.110786438, -125.696609497, -17.2517604828, -58.8677330017, 69.1372909546, 216.248046875, 43.374835968, -46.5930709839, -46.9403610229, -10.8908395767, 3.64841294289, -21.5313072205], [-30.4648723602, 17.1963558197, -29.8330249786, -91.6549530029, -5.55762720108, -7.7556848526, 43.374835968, 139.209747314, -2.57374215126, -26.8142719269, 21.4494514465, -29.0391807556, -15.9646806717], [47.2648468018, -18.1273956299, -10.0973997116, 12.3677692413, -11.4472007751, -39.6827354431, -46.5930709839, -2.57374215126, 101.085243225, 40.5237770081, -12.7874155045, -6.69693422318, -14.0188045502], [-194.900405884, -21.9294815063, 68.0482025146, 50.5060462952, 6.77776575089, 19.4310245514, -46.9403610229, -26.8142719269, 40.5237770081, 103.398971558, 8.192029953, -4.73590660095, 14.3958053589], [39.8713531494, 22.8897514343, -48.1018295288, -60.7557182312, 7.75627231598, -24.2405261993, -10.8908395767, 21.4494514465, -12.7874155045, 8.192029953, 77.2822799683, 16.7681770325, -18.8799800873], [-41.0242004395, -40.9271697998, 11.7424440384, 30.7350025177, -31.1046066284, -2.83064675331, 3.64841294289, -29.0391807556, -6.69693422318, -4.73590660095, 16.7681770325, 82.8766403198, 31.2595539093], [-146.658233643, 8.10953807831, 48.4385185242, 7.16614961624, -2.59848546982, 17.9295330048, -21.5313072205, -15.9646806717, -14.0188045502, 14.3958053589, -18.8799800873, 31.2595539093, 84.0516662598]],
        "icov": [[0.00183784461115, 0.000878531602211, 0.00204225000925, 0.000220591173274, 8.57440172695e-05, 0.00118061818648, -0.000806938100141, 0.00240992498584, -0.00158723350614, 0.00304486462846, -0.00123763701413, 0.00220440234989, 4.40292787971e-05], [0.000878531602211, 0.00995713938028, -0.00519860675558, 0.00766169466078, -0.00803719367832, 0.00675617624074, -0.00415482046083, 0.0056805764325, -0.00159592996351, 0.00336909526959, -0.00152916926891, 0.00347526720725, -0.00123930361588], [0.00204225000925, -0.00519860675558, 0.0102171134204, -0.00704796891659, 0.00910872593522, -0.00576155818999, 0.0066458475776, -0.00268500973471, 0.00135594245512, 0.0016502016224, 0.000248798984103, 0.00138817855623, 0.000964069156907], [0.000220591173274, 0.00766169466078, -0.00704796891659, 0.0133849382401, -0.0108712688088, 0.00947334524244, -0.00673861987889, 0.0060300049372, 0.00152777764015, -0.00445539969951, 0.00797477271408, -0.00474990019575, 0.0042041731067], [8.57440172695e-05, -0.00803719367832, 0.00910872593522, -0.0108712688088, 0.0207966193557, -0.0121188275516, 0.0119838165119, -0.00552372355014, 0.00230548600666, 0.00258650630713, -0.00460578128695, 0.00549328932539, -0.00128465273883], [0.00118061818648, 0.00675617624074, -0.00576155818999, 0.00947334524244, -0.0121188275516, 0.0179027859122, -0.0109482193366, 0.00615288829431, 0.00263878330588, -0.00501707009971, 0.0066752540879, -0.00213422905654, 0.00168388255406], [-0.000806938100141, -0.00415482046083, 0.0066458475776, -0.00673861987889, 0.0119838165119, -0.0109482193366, 0.017418500036, -0.00865115318447, 0.00688438024372, -0.000167728372617, 0.00331773539074, -0.00220281584188, 0.00400365749374], [0.00240992498584, 0.0056805764325, -0.00268500973471, 0.0060300049372, -0.00552372355014, 0.00615288829431, -0.00865115318447, 0.0179429426789, -0.00766826840118, 0.00931587815285, -0.00914793275297, 0.0103649385273, -0.00438540056348], [-0.00158723350614, -0.00159592996351, 0.00135594245512, 0.00152777764015, 0.00230548600666, 0.00263878330588, 0.00688438024372, -0.00766826840118, 0.0250176601112, -0.0179648250341, 0.0185489952564, -0.0116676529869, 0.0120436185971], [0.00304486462846, 0.00336909526959, 0.0016502016224, -0.00445539969951, 0.00258650630713, -0.00501707009971, -0.000167728372617, 0.00931587815285, -0.0179648250341, 0.0319235250354, -0.0231753941625, 0.018758457154, -0.0133528159931], [-0.00123763701413, -0.00152916926891, 0.000248798984103, 0.00797477271408, -0.00460578128695, 0.0066752540879, 0.00331773539074, -0.00914793275297, 0.0185489952564, -0.0231753941625, 0.0420880801976, -0.0253435838968, 0.0206533074379], [0.00220440234989, 0.00347526720725, 0.00138817855623, -0.00474990019575, 0.00549328932539, -0.00213422905654, -0.00220281584188, 0.0103649385273, -0.0116676529869, 0.018758457154, -0.0253435838968, 0.0343888998032, -0.0184956025332], [4.40292787971e-05, -0.00123930361588, 0.000964069156907, 0.0042041731067, -0.00128465273883, 0.00168388255406, 0.00400365749374, -0.00438540056348, 0.0120436185971, -0.0133528159931, 0.0206533074379, -0.0184956025332, 0.0267871506512]]
    },
    "melbands": {
        "max": [0.000625037646387, 0.0028205094859, 0.00453306222335, 0.00546671962366, 0.00334538775496, 0.00922201108187, 0.0102299144492, 0.00841426849365, 0.00732246180996, 0.00734614254907, 0.00707773026079, 0.00506961205974, 0.00217332085595, 0.00293775182217, 0.0023432825692, 0.0017730431864, 0.00512709701434, 0.00104808993638, 0.000616206903942, 0.000928730296437, 0.000574175210204, 0.000543164031114, 0.000462244090158, 0.000340637896443, 0.000425890146289, 0.000369302724721, 0.000297625025269, 0.00129261484835, 0.000553466554265, 0.000622689549346, 0.000807437230833, 0.000445926765678, 0.000230302437558, 0.000134367553983, 0.000110812834464, 2.11450751522e-05, 2.76266860055e-06, 1.99540568246e-06, 1.70697785506e-06, 1.39056453463e-06],
        "mean": [0.000125015052618, 0.000191601109691, 0.000295513338642, 0.000312271062285, 0.000198696827283, 0.000409852684243, 0.000465827994049, 0.000341601466062, 0.000361137004802, 0.000472548272228, 0.000315384560963, 0.000161348987604, 0.000103038779343, 0.000120423421322, 0.00011629294022, 9.10906674108e-05, 5.08247831021e-05, 3.46618326148e-05, 2.07397715712e-05, 1.72807049239e-05, 1.74150445673e-05, 2.05502910831e-05, 3.09854585794e-05, 2.56551993516e-05, 2.77501458186e-05, 2.59240732703e-05, 1.3682612007e-05, 9.82933761406e-06, 6.14716418568e-06, 5.8556302065e-06, 7.42583461033e-06, 6.40469079372e-06, 4.44796660304e-06, 3.81477548217e-06, 1.92571201296e-06, 3.84737177228e-07, 1.07207753786e-07, 7.52617665967e-08, 6.48098748002e-08, 5.86170152417e-08],
        "min": [1.04832524812e-05, 3.89048500438e-06, 1.86853390005e-06, 1.3338582221e-06, 1.16726630495e-06, 1.58118132276e-06, 2.47978277912e-06, 8.96931339867e-07, 9.10609799121e-07, 4.08948011454e-07, 2.3040261965e-07, 3.18054503623e-07, 1.71826513906e-07, 1.82887674782e-07, 9.55518828505e-08, 7.11425300892e-08, 9.93263000737e-08, 6.51131202289e-08, 7.85132883152e-08, 6.27101073292e-08, 4.33109903497e-08, 4.36364011591e-08, 3.38140537792e-08, 2.93513853222e-08, 2.01067020811e-08, 2.57237946499e-08, 2.57711683105e-08, 1.91551148276e-08, 1.26925705501e-08, 2.2092905283e-08, 1.99757437258e-08, 2.09246504568e-08, 1.68447957805e-08, 1.79938890454e-08, 1.52074033366e-08, 1.04957083025e-08, 5.44743183895e-09, 3.79116693594e-09, 2.34400054921e-09, 3.16207149353e-09],
        "stdev": [7.25704958313e-05, 0.000244617753197, 0.00035523835686, 0.000476067070849, 0.000301723717712, 0.000802534341346, 0.000871635624208, 0.000744521385059, 0.000621833314653, 0.000847578572575, 0.000731556152459, 0.00032021154766, 0.000169164486579, 0.000212256651139, 0.000216785017983, 0.000158590803039, 0.000178565751412, 7.32925254852e-05, 4.44130382675e-05, 3.96274845116e-05, 3.88441985706e-05, 3.57491189789e-05, 3.98581723857e-05, 3.35928052664e-05, 3.89307497244e-05, 3.78941222152e-05, 2.19359881157e-05, 3.01533873426e-05, 1.71088249772e-05, 2.25276671699e-05, 2.70770487987e-05, 1.93250689335e-05, 1.11656499939e-05, 7.49192668081e-06, 4.83960093334e-06, 8.85527697392e-07, 1.69546183315e-07, 1.12948313813e-07, 9.19585261272e-08, 7.58520641853e-08]
    },
    "melbands128": {
        "max": [0.000351989932824, 0.000644419516902, 0.000822161091492, 0.00133873871528, 0.00211831927299, 0.00673877634108, 0.00675479881465, 0.00519590964541, 0.00573361152783, 0.00896488782018, 0.00843360368162, 0.00536095257849, 0.00605858489871, 0.00777938449755, 0.0155860912055, 0.0172028318048, 0.0185563135892, 0.0181630961597, 0.0159171875566, 0.0142876021564, 0.0166199915111, 0.0124698486179, 0.0137623604387, 0.0146836591884, 0.0162291396409, 0.011893264018, 0.0129258828238, 0.0144306020811, 0.00852246209979, 0.0118200276047, 0.00867070257664, 0.00641530100256, 0.00260795257054, 0.00423968816176, 0.00500088743865, 0.00602834811434, 0.00528985122219, 0.0050358325243, 0.00307059264742, 0.00376664148644, 0.00278780097142, 0.00224305130541, 0.00605246191844, 0.00873295869678, 0.0014279987663, 0.00166956102476, 0.00234018126503, 0.00152074312791, 0.000536737090442, 0.000422478129622, 0.00123503187206, 0.0019302025903, 0.00117268494796, 0.00132457818836, 0.00188380270265, 0.00079880154226, 0.000649566354696, 0.000720426498447, 0.000752426101826, 0.000938144163229, 0.000607488444075, 0.000475479115266, 0.000501115981024, 0.000688202213496, 0.00111345225014, 0.000752999447286, 0.000361098122085, 0.000422305834945, 0.000421276374254, 0.00137305574026, 0.000921994040255, 0.00287621747702, 0.000602739863098, 0.000372247421183, 0.000457115878817, 0.000679795979522, 0.00100829580333, 0.00120435166173, 0.000792950333562, 0.000873581622727, 0.000626461405773, 0.000836619816255, 0.000364024424925, 0.000272783800028, 0.000168361017131, 0.000155375208124, 0.000220145608182, 0.000205233693123, 0.000116596842417, 8.15641615191e-05, 2.69810916507e-05, 1.44204041135e-05, 3.50063965016e-06, 3.95806910092e-06, 2.46995659836e-06, 2.04476918952e-06, 2.13029898077e-06, 2.61909281107e-06, 2.26392353397e-06, 1.61847970048e-06, 1.70629311924e-06, 1.43776844652e-06, 2.32120873989e-06, 1.17637159747e-06, 2.58642899098e-07, 2.36407671217e-09, 2.13061346344e-09, 1.97135330282e-09, 1.84637427569e-09, 1.74251435503e-09, 1.65505387173e-09, 1.57332946671e-09, 1.50215417882e-09, 1.4375138857e-09, 1.37894273777e-09, 1.32718502854e-09, 1.27710553244e-09, 1.23474186431e-09, 1.19559784295e-09, 1.159328189e-09, 1.12869869007e-09, 1.10061337821e-09, 1.07648601144e-09, 1.05661723815e-09, 1.03892916492e-09, 1.02537645041e-09, 1.01554353815e-09, 1.0095726477e-09],
        "mean": [5.66218914173e-05, 0.000145945319673, 0.000135538299219, 0.00011998777336, 0.000161569725606, 0.000273645971902, 0.000292174430797, 0.000281497457763, 0.000321906903991, 0.000383290345781, 0.000267644034466, 0.000149232058902, 0.00016152029275, 0.000261259556282, 0.000415419810452, 0.000481163326185, 0.000514784653205, 0.000465474819066, 0.000427794322604, 0.000320562539855, 0.000336017517839, 0.000274430349236, 0.00037310103653, 0.000398561736802, 0.000581726490054, 0.00047748425277, 0.000286343565676, 0.000389094726415, 0.000228088581935, 0.000195151529624, 0.000143047451274, 7.86390082794e-05, 8.51780059747e-05, 0.000141529148095, 0.00010713001393, 0.000105022620119, 0.000159265095135, 0.000113638809125, 9.42601982388e-05, 0.000107267223939, 0.000102654666989, 4.70314444101e-05, 4.91338796564e-05, 5.92916803726e-05, 2.9349605029e-05, 3.32474155584e-05, 3.68131914001e-05, 2.13815656025e-05, 1.35217960633e-05, 1.2891251572e-05, 1.86619672604e-05, 2.15245891013e-05, 1.61823209055e-05, 1.60707604664e-05, 1.89334550669e-05, 1.85395838344e-05, 2.27994423767e-05, 3.25254477502e-05, 3.29885624524e-05, 3.17323974741e-05, 2.4177996238e-05, 2.15980016947e-05, 2.53881025856e-05, 3.00374558719e-05, 3.10325413011e-05, 2.95556128549e-05, 2.06947479455e-05, 1.41937171065e-05, 1.15315724543e-05, 1.42918906931e-05, 8.81714549905e-06, 9.50027242652e-06, 6.39127983959e-06, 5.52148367206e-06, 5.51217544853e-06, 5.21262609254e-06, 5.99919485467e-06, 7.8938455772e-06, 7.74620548327e-06, 6.98760140949e-06, 6.50731317364e-06, 6.53620554658e-06, 5.2494638112e-06, 4.20303513238e-06, 3.77967649001e-06, 3.62145829058e-06, 4.4603675633e-06, 3.07535333377e-06, 1.87170689969e-06, 9.58022042141e-07, 5.26239887222e-07, 2.1330983202e-07, 1.32936747832e-07, 1.10275379939e-07, 8.63070894752e-08, 7.98190384899e-08, 7.3377400156e-08, 6.75637039649e-08, 6.58696350797e-08, 6.33143244499e-08, 5.97484444143e-08, 5.80927803639e-08, 5.73447742624e-08, 4.323679903e-08, 6.44079412027e-09, 2.16538592612e-11, 8.81835836991e-12, 6.18419638415e-12, 5.77398762483e-12, 5.52750206717e-12, 5.27098590469e-12, 5.12511083919e-12, 5.02945515096e-12, 4.81952498743e-12, 4.65288831769e-12, 4.55999821236e-12, 4.36254634847e-12, 3.98376557437e-12, 3.81653215975e-12, 3.70333364669e-12, 3.60178618701e-12, 3.51015982773e-12, 3.43307327011e-12, 3.36185029468e-12, 3.29072056063e-12, 3.22141575568e-12, 3.17805460767e-12, 3.15813651272e-12],
        "min": [3.59689056317e-09, 2.82001087726e-06, 1.62037235896e-06, 5.02948296344e-07, 3.72064619114e-07, 2.93272563567e-07, 1.4155435224e-07, 3.02776612671e-07, 1.45480964875e-06, 5.76391869345e-07, 1.01077894499e-07, 4.09007213875e-07, 1.0065535605e-07, 1.77031026283e-07, 2.07867444146e-07, 4.22299564207e-07, 3.53433222244e-07, 2.85530461497e-07, 3.4385783465e-07, 1.12896302085e-07, 2.10652416399e-07, 3.3235767205e-07, 1.11245945789e-07, 2.36263446141e-07, 4.58383880186e-07, 2.00643015091e-07, 8.25793335935e-08, 8.45545855555e-08, 5.35399529156e-08, 2.02574909736e-07, 1.78033232601e-07, 1.088343069e-07, 1.31283982796e-07, 1.93635880663e-08, 4.91610450126e-08, 6.48393054803e-08, 2.08198098761e-08, 3.58014382584e-08, 1.4314291974e-08, 5.49766419056e-08, 7.14156058734e-08, 5.46984182392e-08, 2.48386946566e-08, 7.81056641586e-08, 1.93081888256e-08, 2.06786339163e-08, 3.74974575834e-08, 1.29982469232e-08, 2.05108072748e-08, 3.09689731637e-08, 4.64620626417e-08, 1.27517161275e-08, 2.84640435666e-08, 1.8115724032e-08, 1.35781288435e-08, 1.27971171437e-08, 1.49544572281e-08, 3.40638983687e-08, 2.91777961792e-08, 1.46382683752e-08, 2.64766963909e-08, 1.97639451471e-08, 9.74482272653e-09, 9.68607150043e-09, 1.40887461697e-08, 1.42228087086e-08, 2.18915658934e-08, 1.24174901472e-08, 1.21423759936e-08, 7.43908357137e-09, 7.58044915727e-09, 1.52614703097e-08, 1.39627740481e-08, 8.76781314219e-09, 7.30231430879e-09, 1.08532764997e-08, 1.84856325802e-08, 1.52292471967e-08, 1.40817579819e-08, 1.08218047856e-08, 1.63400351028e-08, 1.06121902377e-08, 1.16306795306e-08, 1.3625711226e-08, 1.23004939567e-08, 9.02875640918e-09, 1.41364591144e-08, 1.23379821915e-08, 8.5065279265e-09, 6.34995611648e-09, 5.65507196626e-09, 4.84844120408e-09, 6.19229068022e-09, 4.59582416568e-09, 2.77835088269e-09, 2.44472087019e-09, 4.50672388297e-09, 3.11144421339e-09, 2.3559159068e-09, 1.85926352092e-09, 1.61001123544e-09, 4.07135569702e-09, 4.21759072111e-09, 3.21542326098e-09, 1.76138603702e-10, 2.19942851909e-13, 2.58340000596e-14, 1.84064968942e-14, 1.82565127702e-14, 1.34384487587e-14, 1.85459608689e-14, 1.9428543789e-14, 1.94947732951e-14, 1.77509645437e-14, 1.68140546245e-14, 1.74047754019e-14, 1.62115719476e-14, 1.98503441738e-14, 2.26045649755e-14, 1.54227691273e-14, 2.01928622749e-14, 1.86369051024e-14, 1.79929601627e-14, 1.67388601217e-14, 1.37942779825e-14, 5.55109733543e-15, 6.71759172336e-16, 2.70116623123e-17],
        "stdev": [4.5064749429e-05, 8.23693990242e-05, 9.0350084065e-05, 0.000155993373482, 0.000237768545048, 0.000467476114864, 0.000502914714161, 0.00044299493311, 0.000475916225696, 0.000716420589015, 0.00062645052094, 0.000321157160215, 0.00037356102257, 0.000553281395696, 0.00111135758925, 0.00124380819034, 0.00136152515188, 0.00114511465654, 0.00125106819905, 0.00088121322915, 0.00115032226313, 0.000727372127585, 0.000920677615795, 0.00103062810376, 0.00137748441193, 0.00116258510388, 0.000869353942107, 0.00129004777409, 0.00066796032479, 0.000518132233992, 0.000418563693529, 0.000240057779592, 0.000190538383322, 0.000317697355058, 0.000335640477715, 0.000276796490652, 0.000378028926207, 0.000335651537171, 0.00026635924587, 0.000234509308939, 0.000253616570262, 0.000140504460433, 0.000223448034376, 0.00028691047919, 8.6245861894e-05, 9.9147320725e-05, 0.000113927555503, 7.23422999727e-05, 3.28264904965e-05, 2.6838561098e-05, 5.40943401575e-05, 7.5997915701e-05, 5.13287195645e-05, 4.78511210531e-05, 6.32197770756e-05, 4.23675082857e-05, 4.71756138722e-05, 5.98601000092e-05, 5.45440452697e-05, 5.3433705034e-05, 4.05605387641e-05, 3.42455532518e-05, 4.05374303227e-05, 4.97684741276e-05, 5.31484438397e-05, 5.49155338376e-05, 3.58321631211e-05, 2.65068028966e-05, 2.23748666031e-05, 6.00420353294e-05, 2.41182769969e-05, 5.38797248737e-05, 1.87911155081e-05, 1.55667166837e-05, 1.68936294358e-05, 2.25642488658e-05, 3.04504756059e-05, 3.50318296114e-05, 2.82107885141e-05, 2.4367514925e-05, 2.25600106205e-05, 2.25168041652e-05, 1.49504394358e-05, 1.16619221444e-05, 8.63323293743e-06, 7.14403677193e-06, 1.01091682154e-05, 8.37596780912e-06, 5.36892412129e-06, 2.86816475636e-06, 1.26899408315e-06, 4.57511475815e-07, 2.22820958129e-07, 1.91017264228e-07, 1.49500067437e-07, 1.28962383883e-07, 1.14295779952e-07, 1.08763572371e-07, 1.00295203254e-07, 9.041514204e-08, 8.72253309581e-08, 7.85781324453e-08, 8.12135567685e-08, 5.4281581896e-08, 9.37433330961e-09, 6.95991944633e-11, 5.99296515191e-11, 5.02513378131e-11, 4.76156995777e-11, 4.53771707709e-11, 4.2831720809e-11, 4.06100847394e-11, 3.95835829392e-11, 3.7671012143e-11, 3.6110881646e-11, 3.57760696068e-11, 3.35821578878e-11, 3.05862175864e-11, 2.94231583542e-11, 2.84705384268e-11, 2.76617253409e-11, 2.6928235683e-11, 2.63035357384e-11, 2.57834031903e-11, 2.53244231141e-11, 2.49624210191e-11, 2.47288665239e-11, 2.45825877015e-11]
    },
    "mfcc": {
        "mean": [-644.027770996, 122.449584961, -20.7306632996, 28.7275848389, -26.9127731323, 4.32179450989, -8.2347650528, 8.88344669342, -8.28102397919, -3.19060826302, 10.213968277, -5.28340196609, 2.06391453743],
        "cov": [[3120.15795898, -316.21887207, -1055.78955078, -120.256011963, -376.706115723, -138.378768921, -18.9747390747, 202.656066895, -126.39705658, 38.2176551819, 21.276102066, -13.7514295578, -32.6331062317], [-316.21887207, 484.310699463, 31.0972595215, -158.145721436, 125.959625244, -141.033035278, 9.20264530182, -37.6353187561, -35.4237937927, -7.83388900757, 1.70507133007, -9.16707992554, -17.6142234802], [-1055.78955078, 31.0972595215, 583.201660156, 127.785369873, 75.9856491089, 92.3051605225, -44.7034835815, -68.241065979, 48.1129760742, -30.6437358856, -19.5674762726, -17.5260410309, 7.45735883713], [-120.256011963, -158.145721436, 127.785369873, 281.597229004, 34.270401001, 74.3249816895, -74.37084198, -40.4918136597, 2.20791959763, -20.7402553558, -10.9734621048, -25.7517223358, 17.5838871002], [-376.706115723, 125.959625244, 75.9856491089, 34.270401001, 271.644744873, 1.83761012554, -60.6866416931, -95.0680618286, -9.69824886322, 3.6324133873, -5.76192331314, -2.77656769753, 0.795625507832], [-138.378768921, -141.033035278, 92.3051605225, 74.3249816895, 1.83761012554, 242.47277832, 3.50252485275, -42.8410682678, 43.8988800049, -20.3130531311, -47.8734779358, 9.19087123871, 27.7029533386], [-18.9747390747, 9.20264530182, -44.7034835815, -74.37084198, -60.6866416931, 3.50252485275, 204.968231201, 73.8839035034, 7.08515071869, 2.10688304901, -14.8368635178, 20.7923316956, -15.2621173859], [202.656066895, -37.6353187561, -68.241065979, -40.4918136597, -95.0680618286, -42.8410682678, 73.8839035034, 139.810424805, 1.57542192936, -14.5638151169, 16.8250484467, -8.43204498291, -16.7805805206], [-126.39705658, -35.4237937927, 48.1129760742, 2.20791959763, -9.69824886322, 43.8988800049, 7.08515071869, 1.57542192936, 101.36743927, 19.6795406342, -30.330450058, 2.72627234459, -4.39580440521], [38.2176551819, -7.83388900757, -30.6437358856, -20.7402553558, 3.6324133873, -20.3130531311, 2.10688304901, -14.5638151169, 19.6795406342, 99.193145752, 32.7125473022, -3.47933220863, -11.4045734406], [21.276102066, 1.70507133007, -19.5674762726, -10.9734621048, -5.76192331314, -47.8734779358, -14.8368635178, 16.8250484467, -30.330450058, 32.7125473022, 98.6584091187, 16.100446701, -19.3061408997], [-13.7514295578, -9.16707992554, -17.5260410309, -25.7517223358, -2.77656769753, 9.19087123871, 20.7923316956, -8.43204498291, 2.72627234459, -3.47933220863, 16.100446701, 77.9238052368, 24.9212989807], [-32.6331062317, -17.6142234802, 7.45735883713, 17.5838871002, 0.795625507832, 27.7029533386, -15.2621173859, -16.7805805206, -4.39580440521, -11.4045734406, -19.3061408997, 24.9212989807, 64.7510910034]],
        "icov": [[0.00146100309212, 0.000336879689712, 0.00236110482365, -0.000279791391222, 0.00129151192959, -0.000220361878746, 0.00162403925788, -0.00120075314771, 0.00177009415347, -0.000967896019574, 0.00182398315519, -0.000735747627914, 0.00155873247422], [0.000336879689712, 0.00438657263294, -0.000171063045855, 0.00257758283988, -0.00141117267776, 0.00231217546389, -0.000396039511543, 0.00144557841122, 0.000694706337526, 0.00120613293257, 0.000411128654378, 0.00131464214064, -0.00013162526011], [0.00236110482365, -0.000171063045855, 0.00619425438344, -0.00156444194727, 0.00204501580447, -0.00100408599246, 0.00228186231107, -0.00102728162892, 0.00112539401744, -0.000343010266079, 0.00163855799474, -0.000342393672327, 0.00216725678183], [-0.000279791391222, 0.00257758283988, -0.00156444194727, 0.00646880315617, -0.00139866373502, 0.000204068390303, 0.000443986442406, 0.00135302427225, 7.9384430137e-05, 0.00169794866815, -0.00106422323734, 0.00284257880412, -0.00173806608655], [0.00129151192959, -0.00141117267776, 0.00204501580447, -0.00139866373502, 0.00685282796621, -0.000503574032336, 0.00190241227392, 0.00171393936034, 0.00173501530662, -0.00108553434256, 0.00167808856349, -0.00115218572319, 0.00230551976711], [-0.000220361878746, 0.00231217546389, -0.00100408599246, 0.000204068390303, -0.000503574032336, 0.00721562886611, -0.00191750423983, 0.00340648507699, -0.00250933808275, 0.00219850707799, 0.000389744556742, 0.000852456258144, -0.00206695706584], [0.00162403925788, -0.000396039511543, 0.00228186231107, 0.000443986442406, 0.00190241227392, -0.00191750423983, 0.0101839434355, -0.00690066954121, 0.00449327891693, -0.00427744491026, 0.00689163384959, -0.00582890352234, 0.00558631401509], [-0.00120075314771, 0.00144557841122, -0.00102728162892, 0.00135302427225, 0.00171393936034, 0.00340648507699, -0.00690066954121, 0.0168368536979, -0.0057577858679, 0.00741707999259, -0.00793058238924, 0.00670125661418, -0.00323093542829], [0.00177009415347, 0.000694706337526, 0.00112539401744, 7.9384430137e-05, 0.00173501530662, -0.00250933808275, 0.00449327891693, -0.0057577858679, 0.0183269549161, -0.00854666903615, 0.0112912468612, -0.00642610993236, 0.0071278125979], [-0.000967896019574, 0.00120613293257, -0.000343010266079, 0.00169794866815, -0.00108553434256, 0.00219850707799, -0.00427744491026, 0.00741707999259, -0.00854666903615, 0.0175424702466, -0.01089523267, 0.00668365415186, -0.00390596827492], [0.00182398315519, 0.000411128654378, 0.00163855799474, -0.00106422323734, 0.00167808856349, 0.000389744556742, 0.00689163384959, -0.00793058238924, 0.0112912468612, -0.01089523267, 0.0237173493952, -0.0115578882396, 0.0108806425706], [-0.000735747627914, 0.00131464214064, -0.000342393672327, 0.00284257880412, -0.00115218572319, 0.000852456258144, -0.00582890352234, 0.00670125661418, -0.00642610993236, 0.00668365415186, -0.0115578882396, 0.0226592998952, -0.0121597023681], [0.00155873247422, -0.00013162526011, 0.00216725678183, -0.00173806608655, 0.00230551976711, -0.00206695706584, 0.00558631401509, -0.00323093542829, 0.0071278125979, -0.00390596827492, 0.0108806425706, -0.0121597023681, 0.0254714097828]]
    },
    "spectral_contrast_coeffs": {
        "max": [-0.448128700256, -0.406961858273, -0.511238694191, -0.612940132618, -0.558456480503, -0.450642704964],
        "mean": [-0.70497661829, -0.733849704266, -0.748364508152, -0.790921926498, -0.771576285362, -0.689352452755],
        "min": [-0.908602774143, -0.922108709812, -0.920060694218, -0.902854859829, -0.894135475159, -0.911281824112],
        "stdev": [0.0668472722173, 0.0906293839216, 0.0763631314039, 0.0522590130568, 0.0521292723715, 0.0603581517935]
    },
    "spectral_contrast_valleys": {
        "max": [-5.89885520935, -4.66578817368, -5.29432916641, -5.82212305069, -5.50538444519, -9.08023166656],
        "mean": [-7.24235439301, -6.51577472687, -7.22965431213, -7.65540218353, -7.38649940491, -10.7377119064],
        "min": [-8.60071182251, -8.48940467834, -9.48173236847, -9.69444084167, -9.70658111572, -11.4473609924],
        "stdev": [0.437446951866, 0.553474605083, 0.696594774723, 0.658810079098, 0.692631304264, 0.397071301937]
    }
},
"rhythm": {
    "beats_count": 184,
    "beats_loudness": {
        "max": 0.0512642674148,
        "mean": 0.0290532168001,
        "min": 0.00322230323218,
        "stdev": 0.0118348831311
    },
    "bpm": 136.537460327,
    "bpm_histogram_first_peak_bpm": 136,
    "bpm_histogram_first_peak_weight": 0.3125,
    "bpm_histogram_second_peak_bpm": 126,
    "bpm_histogram_second_peak_spread": 0.400000035763,
    "bpm_histogram_second_peak_weight": 0.0163934417069,
    "danceability": 1.41528391838,
    "onset_rate": 4.56503868103,
    "beats_loudness_band_ratio": {
        "max": [0.426675826311, 0.8931594491, 0.773205578327, 0.688104271889, 0.426978617907, 0.746785700321],
        "mean": [0.0848288312554, 0.189963594079, 0.361862957478, 0.236167043447, 0.102228872478, 0.0995274856687],
        "min": [0.00644628284499, 0.015201177448, 0.0173432528973, 0.00423525040969, 0.00602819491178, 0.00432224804536],
        "stdev": [0.0756397917867, 0.175269126892, 0.188957050443, 0.165470793843, 0.0664714947343, 0.100468911231]
    },
