{
"metadata": {
    "version": {
        "essentia": "2.1-beta5",
        "essentia_git_sha": "Undefined",
        "extractor": "music 2.0"
    },
    "audio_properties": {
        "analysis": {
            "equal_loudness": 0,
            "length": 29.0017242432,
            "sample_rate": 44100,
            "start_time": 0,
            "downmix": "mix"
        },
        "bit_rate": 192000,
        "length": 160.484725952,
        "lossless": 0,
        "number_channels": 2,
        "replay_gain": -14.0578746796,
        "sample_rate": 48000,
        "codec": "mp3",
        "md5_encoded": "aeda0df6a9430afa32ac241b08ab43d3"
    },
    "tags": {
        "file_name": "United KingdomUK_Knock, Knock (who_s there)_Mary Hopkin.mp3",
        "encoding": ["Lavf58.29.100"]
    }
},
"lowlevel": {
    "average_loudness": 0.958332598209,
    "barkbands_crest": {
        "max": 25.2655544281,
        "mean": 10.4937438965,
        "min": 2.38792920113,
        "stdev": 5.10470485687
    },
    "barkbands_flatness_db": {
        "max": 0.324217885733,
        "mean": 0.179740041494,
        "min": 0.0919445008039,
        "stdev": 0.0393771566451
    },
    "barkbands_kurtosis": {
        "max": 77.4127883911,
        "mean": 3.39470148087,
        "min": -1.83801746368,
        "stdev": 6.37422800064
    },
    "barkbands_skewness": {
        "max": 6.7976474762,
        "mean": 1.14425373077,
        "min": -1.55612826347,
        "stdev": 1.18108153343
    },
    "barkbands_spread": {
        "max": 80.9352416992,
        "mean": 18.2728614807,
        "min": 1.30873095989,
        "stdev": 10.4292621613
    },
    "dissonance": {
        "max": 0.499999016523,
        "mean": 0.455139070749,
        "min": 0.341470211744,
        "stdev": 0.0289809834212
    },
    "dynamic_complexity": 2.15749335289,
    "erbbands_crest": {
        "max": 27.0777721405,
        "mean": 10.9185400009,
        "min": 3.48905611038,
        "stdev": 4.9676117897
    },
    "erbbands_flatness_db": {
        "max": 0.333248257637,
        "mean": 0.219495922327,
        "min": 0.129946172237,
        "stdev": 0.0297593660653
    },
    "erbbands_kurtosis": {
        "max": 19.4201984406,
        "mean": 0.499067872763,
        "min": -1.84481346607,
        "stdev": 2.08836460114
    },
    "erbbands_skewness": {
        "max": 4.13990497589,
        "mean": 0.540112018585,
        "min": -3.44572281837,
        "stdev": 0.785468161106
    },
    "erbbands_spread": {
        "max": 104.63256073,
        "mean": 30.4986305237,
        "min": 7.94773578644,
        "stdev": 14.1401834488
    },
    "hfc": {
        "max": 201.955551147,
        "mean": 19.0536270142,
        "min": 0.121091499925,
        "stdev": 15.8945112228
    },
    "loudness_ebu128": {
        "integrated": -10.5567436218,
        "loudness_range": 2.2572517395,
        "momentary": {
            "max": -7.81118392944,
            "mean": -10.8842554092,
            "min": -17.0049934387,
            "stdev": 1.76692342758
        },
        "short_term": {
            "max": -9.19076633453,
            "mean": -10.6156330109,
            "min": -13.2455778122,
            "stdev": 0.924425125122
        }
    },
    "melbands_crest": {
        "max": 30.4723110199,
        "mean": 13.4757423401,
        "min": 2.98910689354,
        "stdev": 5.64543056488
    },
    "melbands_flatness_db": {
        "max": 0.354039728642,
        "mean": 0.191884487867,
        "min": 0.0687403902411,
        "stdev": 0.0584895350039
    },
    "melbands_kurtosis": {
        "max": 98.7559280396,
        "mean": 7.66640710831,
        "min": -1.72401320934,
        "stdev": 10.1280031204
    },
    "melbands_skewness": {
        "max": 6.55104255676,
        "mean": 1.79379594326,
        "min": -0.672835886478,
        "stdev": 1.27467823029
    },
    "melbands_spread": {
        "max": 192.159866333,
        "mean": 26.476650238,
        "min": 1.40447390079,
        "stdev": 20.6787567139
    },
    "pitch_salience": {
        "max": 0.865643203259,
        "mean": 0.557262003422,
        "min": 0.170618787408,
        "stdev": 0.129643678665
    },
    "silence_rate_20dB": {
        "max": 1,
        "mean": 1,
        "min": 1,
        "stdev": 0
    },
    "silence_rate_30dB": {
        "max": 1,
        "mean": 1,
        "min": 1,
        "stdev": 0
    },
    "silence_rate_60dB": {
        "max": 1,
        "mean": 0.00559999980032,
        "min": 0,
        "stdev": 0.0746239721775
    },
    "spectral_centroid": {
        "max": 4894.77197266,
        "mean": 1423.79650879,
        "min": 320.136352539,
        "stdev": 710.397033691
    },
    "spectral_complexity": {
        "max": 51,
        "mean": 18.2567996979,
        "min": 0,
        "stdev": 7.65863513947
    },
    "spectral_decrease": {
        "max": -1.53885480747e-11,
        "mean": -5.2232849157e-09,
        "min": -1.48093830532e-08,
        "stdev": 3.07855674286e-09
    },
    "spectral_energy": {
        "max": 0.0605741068721,
        "mean": 0.0214420817792,
        "min": 6.90633314662e-05,
        "stdev": 0.0125288031995
    },
    "spectral_energyband_high": {
        "max": 0.0318560823798,
        "mean": 0.000571079552174,
        "min": 9.21655100683e-06,
        "stdev": 0.00140471861232
    },
    "spectral_energyband_low": {
        "max": 0.0253967531025,
        "mean": 0.00225179735571,
        "min": 4.40271833213e-06,
        "stdev": 0.00272084726021
    },
    "spectral_energyband_middle_high": {
        "max": 0.054446298629,
        "mean": 0.00674830935895,
        "min": 3.67888242181e-05,
        "stdev": 0.00826709810644
    },
    "spectral_energyband_middle_low": {
        "max": 0.0546641536057,
        "mean": 0.0121805481613,
        "min": 1.79588150786e-05,
        "stdev": 0.0101114148274
    },
    "spectral_entropy": {
        "max": 8.19453048706,
        "mean": 7.3781414032,
        "min": 6.18592500687,
        "stdev": 0.38152641058
    },
    "spectral_flux": {
        "max": 0.260870963335,
        "mean": 0.0731528028846,
        "min": 0.00831043533981,
        "stdev": 0.0308727230877
    },
    "spectral_kurtosis": {
        "max": 20.5934391022,
        "mean": 3.89059329033,
        "min": -1.19104146957,
        "stdev": 2.81736159325
    },
    "spectral_rms": {
        "max": 0.00768743688241,
        "mean": 0.00437336554751,
        "min": 0.000259574386291,
        "stdev": 0.00133895454928
    },
    "spectral_rolloff": {
        "max": 7062.890625,
        "mean": 1561.36254883,
        "min": 215.33203125,
        "stdev": 1144.51159668
    },
    "spectral_skewness": {
        "max": 3.32520580292,
        "mean": 1.23980140686,
        "min": -0.756785929203,
        "stdev": 0.514797627926
    },
    "spectral_spread": {
        "max": 7096657,
        "mean": 3348502,
        "min": 2113734.75,
        "stdev": 622217.9375
    },
    "spectral_strongpeak": {
        "max": 8.53452968597,
        "mean": 1.44707369804,
        "min": 0,
        "stdev": 1.31347548962
    },
    "zerocrossingrate": {
        "max": 0.23681640625,
        "mean": 0.0566433593631,
        "min": 0.01416015625,
        "stdev": 0.0287916995585
    },
    "barkbands": {
        "max": [0.000478384608869, 0.0106692444533, 0.0214424654841, 0.00674395542592, 0.0225902199745, 0.0463018603623, 0.029615400359, 0.0451990775764, 0.0300672836602, 0.048910677433, 0.0167729668319, 0.030331350863, 0.0146058527753, 0.0188392344862, 0.0148117681965, 0.0106581244618, 0.00763629749417, 0.00625830329955, 0.00716390926391, 0.00524810003117, 0.00279842386954, 0.0151406656951, 0.0139813879505, 0.000114115144243, 2.39613145823e-05, 1.67475354829e-06, 1.74253341356e-06],
        "mean": [8.92318130354e-05, 0.000836999213789, 0.00106414372567, 0.000671805930324, 0.00177839829121, 0.00602737488225, 0.00101041095331, 0.00128510757349, 0.0013012769632, 0.00159539503511, 0.00060798949562, 0.000955717929173, 0.000620169972535, 0.000670453009661, 0.00053879263578, 0.00040674614138, 0.000411557964981, 0.0003791617346, 0.000528479693457, 0.000218064087676, 0.000207576769753, 0.000133014051244, 9.66781153693e-05, 4.29177453043e-06, 3.25047381011e-06, 2.11524864291e-09, 2.12017869927e-09],
        "min": [3.5096428519e-07, 2.53105963566e-06, 1.22251890389e-07, 1.20242972912e-07, 7.40043219594e-07, 1.3932432239e-06, 1.65751066561e-06, 4.47364891443e-06, 8.0166864791e-06, 4.77700086776e-06, 2.16217199522e-06, 2.96801636068e-06, 1.04617538454e-06, 3.15013085128e-06, 1.74588103619e-06, 2.7383748602e-06, 1.77940933099e-06, 9.91023625829e-07, 1.83765178008e-06, 1.83409679266e-06, 1.28752606088e-06, 1.40560337059e-06, 5.70919610254e-07, 4.19534877949e-08, 1.90231812525e-08, 5.06890449753e-12, 6.56500461632e-12],
        "stdev": [6.91158420523e-05, 0.000858758459799, 0.00210664933547, 0.000872608099598, 0.00278430967592, 0.00807406939566, 0.00242121494375, 0.00370625848882, 0.00240015122108, 0.00405822461471, 0.00161820626818, 0.00265016662888, 0.00141482765321, 0.00160634948406, 0.00104551936965, 0.000834244128782, 0.000767649675254, 0.000647662440315, 0.000877285376191, 0.000347989320289, 0.000286506081466, 0.000629303453024, 0.000689485692419, 5.14545945407e-06, 1.35058064643e-06, 4.74051304877e-08, 4.92578777767e-08]
    },
    "erbbands": {
        "max": [0.11756721884, 3.12956976891, 22.4933376312, 13.1081151962, 40.8032341003, 101.678062439, 388.773193359, 525.206359863, 453.716827393, 758.989501953, 876.030761719, 625.932922363, 469.321166992, 1634.89624023, 648.433044434, 1173.33508301, 724.13885498, 763.439208984, 866.356933594, 625.204956055, 501.236785889, 506.00390625, 348.721099854, 560.585632324, 354.930145264, 306.156433105, 175.884414673, 253.172225952, 591.182067871, 395.044708252, 423.572723389, 35.9963264465, 1.39322578907, 0.388480007648, 0.147741556168, 0.00693093566224, 0.00310966302641, 0.00109673093539, 0.00026029458968, 0.000115685536002],
        "mean": [0.0232168920338, 0.200602397323, 1.12263059616, 1.70248186588, 2.98817539215, 5.38318347931, 28.5017242432, 52.6922073364, 21.4785499573, 17.3876399994, 31.4789619446, 27.5184459686, 27.816400528, 60.9088821411, 32.3206596375, 36.6954612732, 28.4152030945, 31.866815567, 32.9504814148, 24.4737110138, 22.1290645599, 22.4833984375, 21.3451404572, 26.8745937347, 21.3671207428, 11.0346765518, 12.0058870316, 5.14573574066, 4.59131002426, 4.2530169487, 2.45150136948, 0.259539961815, 0.068519808352, 0.0518364198506, 0.0135488193482, 0.000373005488655, 3.39475409419e-05, 8.35473201732e-06, 1.31855549625e-05, 2.61048699031e-05],
        "min": [0.000107883955934, 0.000448013364803, 0.000815416919068, 0.000593874079641, 0.000513585458975, 0.00296910968609, 0.00730470381677, 0.0127359069884, 0.0230733100325, 0.0381063707173, 0.171610474586, 0.185619860888, 0.100798584521, 0.173644319177, 0.222532093525, 0.101138055325, 0.0492488518357, 0.121945910156, 0.279459774494, 0.168229967356, 0.151095688343, 0.107609756291, 0.0658845826983, 0.047523047775, 0.0816307738423, 0.0822347030044, 0.109023958445, 0.0390515364707, 0.0631012097001, 0.0390134528279, 0.0187949705869, 0.00233473791741, 0.000556222745217, 0.000257627718383, 0.000110516113637, 3.09496317641e-06, 2.34797695953e-07, 6.34217514062e-08, 6.05763332828e-08, 9.74988338953e-08],
        "stdev": [0.013618840836, 0.266477912664, 2.1510579586, 1.96508073807, 3.76192998886, 9.11405467987, 44.2679862976, 81.2048721313, 40.5043373108, 45.1578063965, 74.8391876221, 50.9960289001, 45.0626525879, 141.720733643, 74.0695953369, 99.2249069214, 63.1563186646, 57.4148483276, 69.362197876, 51.1366882324, 38.5263938904, 44.240146637, 34.3847312927, 47.3423881531, 34.3815116882, 17.0598754883, 16.7522010803, 9.88032341003, 23.4605903625, 22.5127048492, 18.2718963623, 1.46017682552, 0.0650985389948, 0.0231997389346, 0.00655633863062, 0.000298651197227, 9.54236093094e-05, 3.34296928486e-05, 1.12556053864e-05, 1.52877892106e-05]
    },
    "gfcc": {
        "mean": [-31.4728221893, 132.751754761, -166.589920044, 48.9659118652, -72.2085952759, 5.68163251877, -27.5319900513, -3.83809924126, -11.9684667587, -9.0436668396, 3.50486803055, -12.0454568863, 10.8933887482],
        "cov": [[986.336975098, -112.003486633, -447.011962891, 46.289932251, 7.95599985123, -129.276504517, 186.521835327, -32.6473884583, 3.2086918354, -49.0221977234, -11.7974157333, 24.7672176361, -6.7917137146], [-112.003486633, 521.850952148, 404.359222412, -152.012008667, -25.1563625336, -163.016815186, -119.547462463, -39.6617851257, -156.404708862, -56.8343658447, 31.7505474091, -111.695281982, 19.3567142487], [-447.011962891, 404.359222412, 757.587280273, 38.6568832397, -121.025871277, -102.04335022, -198.134475708, -70.3534545898, -82.3722763062, -48.6452484131, -11.4547109604, -70.999206543, -14.9720230103], [46.289932251, -152.012008667, 38.6568832397, 269.534667969, -8.67968082428, -26.3169193268, 25.3524608612, 19.0426177979, 59.9011764526, 1.53961181641, -52.5462188721, 26.1295452118, -22.2471618652], [7.95599985123, -25.1563625336, -121.025871277, -8.67968082428, 146.010879517, 46.1236000061, 2.75106930733, 34.2419891357, -18.3845767975, 15.0659122467, 22.3054428101, -15.4230995178, 2.84212994576], [-129.276504517, -163.016815186, -102.04335022, -26.3169193268, 46.1236000061, 355.755371094, 89.5076904297, -49.6526298523, 54.2996253967, 39.5555496216, -34.7973327637, 25.6748542786, -44.0727386475], [186.521835327, -119.547462463, -198.134475708, 25.3524608612, 2.75106930733, 89.5076904297, 165.522384644, 19.510427475, 7.77576303482, -1.52171492577, -28.8123970032, 11.7609119415, -6.54755783081], [-32.6473884583, -39.6617851257, -70.3534545898, 19.0426177979, 34.2419891357, -49.6526298523, 19.510427475, 115.90020752, 19.5350589752, 0.898905158043, -0.101784713566, 0.638341844082, 15.6912670135], [3.2086918354, -156.404708862, -82.3722763062, 59.9011764526, -18.3845767975, 54.2996253967, 7.77576303482, 19.5350589752, 132.470718384, 39.1861724854, -25.64985466, 44.3849220276, -14.4361600876], [-49.0221977234, -56.8343658447, -48.6452484131, 1.53961181641, 15.0659122467, 39.5555496216, -1.52171492577, 0.898905158043, 39.1861724854, 66.5249633789, 16.2777557373, 5.71192026138, -2.16375899315], [-11.7974157333, 31.7505474091, -11.4547109604, -52.5462188721, 22.3054428101, -34.7973327637, -28.8123970032, -0.101784713566, -25.64985466, 16.2777557373, 78.7036743164, 19.4201221466, 7.44244289398], [24.7672176361, -111.695281982, -70.999206543, 26.1295452118, -15.4230995178, 25.6748542786, 11.7609119415, 0.638341844082, 44.3849220276, 5.71192026138, 19.4201221466, 86.3859939575, 20.7371444702], [-6.7917137146, 19.3567142487, -14.9720230103, -22.2471618652, 2.84212994576, -44.0727386475, -6.54755783081, 15.6912670135, -14.4361600876, -2.16375899315, 7.44244289398, 20.7371444702, 70.9536743164]],
        "icov": [[0.00369965378195, -0.0017990951892, 0.00252883252688, -0.000750778184738, -0.00153389701154, 0.00367208267562, -0.0045420601964, 0.00507129402831, -0.0026872609742, 0.00273280218244, 0.000221386333578, -0.00114594609477, 0.00179313973058], [-0.0017990951892, 0.0122690564021, -0.00821425579488, 0.00780557142571, -0.00465869205073, 0.00368835311383, -0.00260184961371, 0.000710674910806, 0.00194740132429, 3.53010073013e-05, 0.000351824826794, 0.00504795042798, -0.00183978665154], [0.00252883252688, -0.00821425579488, 0.0103975757957, -0.00811914540827, 0.00787621177733, -0.00384841533378, 0.00623417971656, 0.000387143983971, 0.000572787190322, 0.00349211273715, -0.00275877839886, 0.00144789379556, 4.24454310632e-06], [-0.000750778184738, 0.00780557142571, -0.00811914540827, 0.0135300699621, -0.00932700838894, 0.00796582177281, -0.0073408652097, 0.00216857157648, -0.00041875030729, -0.00442526210099, 0.0099615380168, -0.00646727252752, 0.00511745642871], [-0.00153389701154, -0.00465869205073, 0.00787621177733, -0.00932700838894, 0.0212649647146, -0.0121964542195, 0.0136321485043, -0.00978006049991, 0.00573149882257, 0.00184591137804, -0.0103045804426, 0.00998060312122, -0.0057588359341], [0.00367208267562, 0.00368835311383, -0.00384841533378, 0.00796582177281, -0.0121964542195, 0.0154546098784, -0.0139453196898, 0.0108793405816, -0.00394625356421, -0.00308866612613, 0.00975817628205, -0.00870297010988, 0.00804911646992], [-0.0045420601964, -0.00260184961371, 0.00623417971656, -0.0073408652097, 0.0136321485043, -0.0139453196898, 0.0254439469427, -0.0126967513934, 0.0103104179725, -0.00109926669393, -0.00152198562864, 0.00453585805371, -0.00386531534605], [0.00507129402831, 0.000710674910806, 0.000387143983971, 0.00216857157648, -0.00978006049991, 0.0108793405816, -0.0126967513934, 0.0214086547494, -0.00970519520342, 0.00531270261854, 0.000610486895312, 0.00012389101903, 0.000383647799026], [-0.0026872609742, 0.00194740132429, 0.000572787190322, -0.00041875030729, 0.00573149882257, -0.00394625356421, 0.0103104179725, -0.00970519520342, 0.0251963026822, -0.0152035774663, 0.0126145081595, -0.0115464180708, 0.00633222097531], [0.00273280218244, 3.53010073013e-05, 0.00349211273715, -0.00442526210099, 0.00184591137804, -0.00308866612613, -0.00109926669393, 0.00531270261854, -0.0152035774663, 0.0330416560173, -0.019478559494, 0.0169115345925, -0.00865264888853], [0.000221386333578, 0.000351824826794, -0.00275877839886, 0.0099615380168, -0.0103045804426, 0.00975817628205, -0.00152198562864, 0.000610486895312, 0.0126145081595, -0.019478559494, 0.0389224812388, -0.0268252938986, 0.0143949780613], [-0.00114594609477, 0.00504795042798, 0.00144789379556, -0.00646727252752, 0.00998060312122, -0.00870297010988, 0.00453585805371, 0.00012389101903, -0.0115464180708, 0.0169115345925, -0.0268252938986, 0.0408749766648, -0.0195895191282], [0.00179313973058, -0.00183978665154, 4.24454310632e-06, 0.00511745642871, -0.0057588359341, 0.00804911646992, -0.00386531534605, 0.000383647799026, 0.00633222097531, -0.00865264888853, 0.0143949780613, -0.0195895191282, 0.0264014005661]]
    },
    "melbands": {
        "max": [0.00191591598559, 0.00773889245465, 0.00261307810433, 0.00369717762806, 0.0106483697891, 0.0107357222587, 0.00690096104518, 0.00871060416102, 0.00569335930049, 0.00349211320281, 0.00259096408263, 0.00727627472952, 0.00274842162617, 0.00465367361903, 0.0016690432094, 0.00160414015409, 0.00136040244251, 0.00194035668392, 0.00124248350039, 0.000968351843767, 0.00061710603768, 0.000577234080993, 0.000695600465406, 0.000468330777949, 0.000521679990925, 0.000264515518211, 0.000179490656592, 0.000185515804333, 0.000156297304784, 5.2264007536e-05, 0.000192717430764, 0.000361165904906, 0.00026106563746, 0.000248841592111, 0.000317808124237, 7.37436275813e-05, 2.24630457524e-06, 4.90471620651e-07, 3.22444577705e-07, 3.4330150811e-07],
        "mean": [0.000213237450225, 0.000465874822112, 0.000344770116499, 0.000271781696938, 0.000846575247124, 0.00114051508717, 0.000318575155688, 0.000209310717764, 0.000250812066952, 0.000172183586983, 0.00014362942602, 0.00026029869332, 9.88939209492e-05, 0.000120903350762, 6.39929130557e-05, 6.29718851997e-05, 5.82361462875e-05, 5.55470178369e-05, 3.77178294002e-05, 2.72342804237e-05, 2.49006516242e-05, 1.98817833734e-05, 2.54711540038e-05, 1.86636680155e-05, 2.20085639739e-05, 1.9583341782e-05, 8.78245646163e-06, 6.79415597915e-06, 9.27523069549e-06, 3.66737094737e-06, 2.7804696856e-06, 2.6914258342e-06, 2.38735879066e-06, 2.36077562477e-06, 1.80081201506e-06, 3.74390680236e-07, 5.88275952396e-08, 4.3195839794e-08, 4.31437285897e-08, 4.52093473768e-08],
        "min": [9.44768885347e-07, 4.68401367471e-07, 9.56352650405e-08, 1.12380746486e-07, 2.40481284663e-07, 2.90897304467e-07, 3.47268809264e-07, 5.09447943386e-07, 1.57574390869e-06, 1.07234200186e-06, 4.88102273266e-07, 4.24404447585e-07, 6.75117007631e-07, 4.40415703906e-07, 1.44845500927e-07, 9.57854524586e-08, 2.32816915968e-07, 4.24722486514e-07, 1.8999293161e-07, 1.7134507857e-07, 1.50321739056e-07, 1.09765920797e-07, 7.07843312853e-08, 5.38508722059e-08, 2.99099554013e-08, 5.90304800596e-08, 3.3750328754e-08, 4.76477026723e-08, 5.54046337697e-08, 1.92456823811e-08, 2.00496472758e-08, 3.24856017642e-08, 2.49728788759e-08, 1.312621567e-08, 1.27062360633e-08, 3.3651390563e-09, 6.02970562369e-10, 3.67061187001e-10, 2.76175388114e-10, 1.91340276956e-10],
        "stdev": [0.000154846988153, 0.000780848495197, 0.000380995188607, 0.000345668406226, 0.00128132279497, 0.00168692623265, 0.000610984512605, 0.000581900996622, 0.000536205945536, 0.000311568001052, 0.000254669779679, 0.000636663346086, 0.000248997122981, 0.000346949178493, 0.000162431155331, 0.000125264050439, 0.000114711801871, 0.00013704050798, 7.79355686973e-05, 6.32939627394e-05, 4.61955314677e-05, 4.25744583481e-05, 5.13736449648e-05, 3.26267072523e-05, 4.24357240263e-05, 3.41374252457e-05, 1.36103353725e-05, 1.12891284516e-05, 1.47941591422e-05, 4.598518899e-06, 6.82046720613e-06, 1.46586262417e-05, 1.08548965727e-05, 1.42189364851e-05, 1.40173960972e-05, 2.84832299258e-06, 9.70139097944e-08, 3.07545597877e-08, 2.08960582171e-08, 2.02805505722e-08]
    },
    "melbands128": {
        "max": [0.000292330398224, 0.000660931284074, 0.00151037599426, 0.00643452862278, 0.0119870835915, 0.00908024795353, 0.00321630900726, 0.00406721653417, 0.00526430923492, 0.00250108307227, 0.00763261131942, 0.0103678377345, 0.0172896385193, 0.0147486012429, 0.013869157061, 0.0209606364369, 0.00581491319463, 0.0129707632586, 0.00546817248687, 0.0117967110127, 0.011659395881, 0.0173933468759, 0.00637655053288, 0.0120733454823, 0.00710686808452, 0.00406913738698, 0.00717002619058, 0.00117742840666, 0.00538558559492, 0.0173854827881, 0.0081321215257, 0.00435599917546, 0.00569210201502, 0.00494834547862, 0.00910417363048, 0.00884915702045, 0.0058667268604, 0.00175471883267, 0.0044402051717, 0.00245178630576, 0.00308196921833, 0.00238096038811, 0.00267194700427, 0.00250197434798, 0.00448721274734, 0.00178236654028, 0.00304769794457, 0.0024137487635, 0.00125191104598, 0.00232956930995, 0.00129687588196, 0.000586801441386, 0.00162018963601, 0.00108735112008, 0.000300224637613, 0.000978758907877, 0.00162610050756, 0.00116871937644, 0.00104429852217, 0.000227129698033, 0.00105435447767, 0.000376503186999, 0.00131844985299, 0.000775110907853, 0.000978276482783, 0.000555697712116, 0.000742305826861, 0.000173289256054, 0.00026729144156, 0.000637082906906, 0.000201520510018, 0.000234163613641, 0.000243015616434, 0.000353050796548, 9.63862912613e-05, 8.4428495029e-05, 5.54235339223e-05, 6.95233029546e-05, 0.000199022470042, 0.000368968117982, 0.000330946728354, 0.000525826355442, 0.000214708474232, 0.000314619595883, 0.000234443708905, 0.000247036339715, 0.000298773054965, 0.000614864344243, 0.000437934300862, 0.000184983960935, 0.000140493328217, 2.75756938208e-05, 3.81168274544e-06, 2.07772563954e-06, 7.94262803083e-07, 4.5409865379e-07, 6.65267236855e-07, 6.76262970956e-07, 3.52233911372e-07, 3.55326989165e-07, 2.83322123096e-07, 3.45045322092e-07, 6.06639559919e-07, 3.71547372424e-07, 6.58383640939e-08, 1.33604327601e-08, 1.27284343066e-08, 1.21414220899e-08, 1.16143956674e-08, 1.10927427244e-08, 1.06176107906e-08, 1.01895007987e-08, 9.77533165525e-09, 9.40705557895e-09, 9.06918451449e-09, 8.74490968528e-09, 8.44844461056e-09, 8.19105760996e-09, 7.95832377776e-09, 7.72625963208e-09, 7.52531370551e-09, 7.35504546157e-09, 7.19667880844e-09, 7.06799152539e-09, 6.9669425784e-09, 6.87248835618e-09, 6.81459422225e-09, 6.77585498821e-09],
        "mean": [6.78068608977e-05, 0.000197751505766, 0.000214724452235, 0.000351788243279, 0.000579874438699, 0.000481494469568, 0.000316126999678, 0.00036657351302, 0.000292496348266, 0.000232101316215, 0.000230274599744, 0.000500721100252, 0.000941854668781, 0.00139055156615, 0.00132902874611, 0.00108490523417, 0.00028649577871, 0.00026887349668, 0.00018248159904, 0.000172051353729, 0.000205322619877, 0.000363585335435, 0.000222052738536, 0.000196919005248, 0.000182112402399, 0.00014280132018, 0.000210733676795, 5.80834166612e-05, 0.000124645404867, 0.000450030434877, 0.000212763756281, 9.86830709735e-05, 0.000109486485599, 6.45107720629e-05, 0.000145785263157, 0.000143183380715, 8.3173312305e-05, 3.60674275726e-05, 8.33172889543e-05, 5.2899147704e-05, 5.08385965077e-05, 8.91092349775e-05, 4.53753709735e-05, 4.91902428621e-05, 7.5182870205e-05, 4.32754968642e-05, 5.82306383876e-05, 3.40081569448e-05, 2.89361723844e-05, 4.04377460654e-05, 2.00911872525e-05, 2.06120057555e-05, 3.82720063499e-05, 1.94194471987e-05, 1.35154250529e-05, 1.46947013491e-05, 2.81739266939e-05, 4.06576291425e-05, 1.73014905158e-05, 1.10967275759e-05, 2.15319741983e-05, 2.14418359974e-05, 1.87106525118e-05, 2.42701134994e-05, 2.52206209552e-05, 1.65266574186e-05, 2.19757912419e-05, 9.12403538678e-06, 5.56153827347e-06, 7.33891283744e-06, 6.46895023237e-06, 6.15457611275e-06, 9.53136714088e-06, 1.23348399939e-05, 5.35693743586e-06, 3.86716465073e-06, 2.77315280073e-06, 2.34359231399e-06, 2.85490295937e-06, 3.23495078192e-06, 2.65719540948e-06, 2.77161052509e-06, 1.95827851712e-06, 2.41118664235e-06, 2.68666076408e-06, 2.27248369811e-06, 2.15676300286e-06, 2.69034831035e-06, 2.04473303711e-06, 1.01726470803e-06, 5.29567785179e-07, 1.93366844314e-07, 7.34202600938e-08, 5.86340505038e-08, 4.56473365773e-08, 4.40765326459e-08, 4.27076294329e-08, 4.14383904968e-08, 4.29994422291e-08, 4.44863381688e-08, 4.35031068946e-08, 4.47554207028e-08, 4.84702837866e-08, 3.76799285107e-08, 5.71692293505e-09, 2.84986895194e-11, 1.68602198175e-11, 1.54027103572e-11, 1.4711962551e-11, 1.40272246943e-11, 1.35954711031e-11, 1.29612926295e-11, 1.22014039497e-11, 1.1759283651e-11, 1.14482156394e-11, 1.09745042914e-11, 1.05729097352e-11, 9.97525499702e-12, 9.6325681806e-12, 9.35976556676e-12, 9.12294805672e-12, 8.91635376643e-12, 8.73003665885e-12, 8.57398527176e-12, 8.43942537382e-12, 8.30875819535e-12, 8.22695557512e-12, 8.17907720718e-12],
        "min": [9.69539115658e-08, 1.04015441593e-06, 8.9609824272e-07, 7.06236448877e-07, 4.89059971187e-07, 4.10957383679e-08, 5.42761924294e-08, 4.23311732334e-08, 3.33191323421e-08, 8.99888803474e-08, 1.73940406967e-07, 2.36223058891e-07, 2.57112816371e-07, 2.50219386544e-07, 2.64257579374e-07, 3.19279848782e-07, 3.77332725066e-07, 1.61163427492e-07, 2.38749663595e-07, 2.14155264189e-07, 5.91976345277e-07, 6.29833834864e-07, 4.79560981148e-07, 4.94418770813e-07, 3.10008147153e-07, 4.33013838119e-07, 3.80753107265e-07, 3.39567634455e-07, 1.71432759544e-07, 2.87407885935e-07, 6.4575139902e-08, 9.46628873066e-08, 1.85744170267e-07, 3.70977289776e-07, 4.82554582959e-07, 2.95493492786e-07, 4.876425308e-08, 5.63956881194e-08, 6.98340869576e-08, 6.21143669832e-08, 8.86014248636e-08, 1.31608047127e-07, 7.86675826703e-08, 1.32335415515e-07, 4.82820325942e-08, 8.48424122069e-08, 4.93790714984e-08, 4.46229648787e-08, 7.69521903976e-08, 8.56814352801e-08, 4.04946263188e-08, 5.03501382809e-08, 1.1079090001e-07, 9.93742972355e-08, 3.76509099453e-08, 4.749578153e-08, 1.24674656377e-07, 7.72309576291e-08, 2.83819368008e-08, 5.45086003001e-08, 6.55756551282e-08, 3.7745948589e-08, 2.71067950308e-08, 1.81725425819e-08, 3.55815181763e-08, 4.32804583284e-08, 7.25264612811e-08, 2.69256492658e-08, 2.7854904161e-08, 1.46841863113e-08, 3.15262482786e-08, 3.41874155652e-08, 3.40172228164e-08, 5.00971637507e-08, 3.38018288915e-08, 1.31760096167e-08, 1.2882113154e-08, 1.30573090118e-08, 1.36467299683e-08, 1.4209225796e-08, 1.89732958233e-08, 1.96018437038e-08, 1.10771827266e-08, 1.18497531787e-08, 1.31209381138e-08, 7.17102821568e-09, 9.89293713616e-09, 3.44628436899e-09, 1.21696501765e-08, 1.3975298252e-08, 2.70634692434e-09, 1.83321280378e-09, 7.97601595881e-10, 7.83105746915e-10, 1.93608254428e-10, 3.62677887722e-10, 4.69197347641e-10, 2.64135602279e-10, 3.12936038194e-10, 2.77332351528e-10, 1.47740819578e-10, 1.51081175348e-10, 2.47313225454e-10, 3.78576781035e-10, 8.52231618609e-11, 2.78801992343e-13, 1.55458667315e-14, 2.41993128688e-14, 2.7320927435e-14, 2.39856759129e-14, 2.62212584409e-14, 2.88500539918e-14, 2.57147073275e-14, 1.80884648216e-14, 2.05216194786e-14, 2.59963322299e-14, 1.88095930975e-14, 2.22599191277e-14, 2.76635658147e-14, 2.44332515103e-14, 2.30987561841e-14, 2.34164460554e-14, 2.50889075276e-14, 1.9854255772e-14, 1.81721787818e-14, 4.21656855143e-15, 8.48151083684e-16, 3.37965550384e-17],
        "stdev": [5.4488205933e-05, 0.000123846213683, 0.000170243278262, 0.000558327825274, 0.00114928593393, 0.000927781162318, 0.00040309666656, 0.000510151789058, 0.000458397931652, 0.00035220765858, 0.000577631406486, 0.00117776799016, 0.00198665331118, 0.00251727877185, 0.00221465947106, 0.00255930656567, 0.000632589042652, 0.000902630097698, 0.000447008467745, 0.000717567629181, 0.000862967630383, 0.00132384675089, 0.000523710681591, 0.000656747317407, 0.000512265309226, 0.000321128900396, 0.000521133770235, 9.80184413493e-05, 0.000419088144554, 0.00135207059793, 0.000514203275088, 0.000300333253108, 0.000394479371607, 0.000303716718918, 0.000533431244548, 0.000560990127269, 0.000357482233085, 0.000124174344819, 0.000318222708302, 0.000155835950864, 0.000190299921087, 0.000199284346309, 0.000134537127451, 0.000184416974662, 0.000332161056576, 0.000131551394588, 0.000175952998688, 0.000111320667202, 8.2332866441e-05, 0.000140442847623, 7.56681984058e-05, 4.9927199143e-05, 9.91226552287e-05, 4.71913735964e-05, 2.71618155239e-05, 5.07858567289e-05, 0.000102759804577, 9.83772115433e-05, 5.60911503271e-05, 2.29516335821e-05, 5.41542576684e-05, 4.3674637709e-05, 5.87165304751e-05, 6.41223523417e-05, 7.31358668418e-05, 4.45045116066e-05, 5.37179475941e-05, 1.59239825734e-05, 1.3967312043e-05, 2.40227691393e-05, 1.21263456094e-05, 1.30960752358e-05, 1.84915443242e-05, 2.68107105512e-05, 8.15251223685e-06, 6.36825461697e-06, 4.66175424663e-06, 4.06088429372e-06, 6.87706233293e-06, 1.24512216644e-05, 1.35162817969e-05, 2.0450388547e-05, 8.68261213327e-06, 1.14198528536e-05, 1.16295923362e-05, 1.34319971039e-05, 1.4223760445e-05, 2.426743049e-05, 1.63259010151e-05, 7.9535138866e-06, 4.72617921332e-06, 1.31303852413e-06, 1.60349642897e-07, 9.1615419251e-08, 4.90075677817e-08, 3.70074673128e-08, 3.42314017132e-08, 2.89811339371e-08, 2.52305856208e-08, 2.34906885055e-08, 2.41180231342e-08, 2.39341808594e-08, 2.63656261268e-08, 2.03881711514e-08, 4.36098890333e-09, 3.78582470928e-10, 3.60470958638e-10, 3.43851391804e-10, 3.28969573804e-10, 3.14115594646e-10, 3.00878072457e-10, 2.88543688942e-10, 2.76477840622e-10, 2.66080907307e-10, 2.5663685066e-10, 2.47364795314e-10, 2.38960934373e-10, 2.31546351537e-10, 2.24964755158e-10, 2.18404863639e-10, 2.12724546311e-10, 2.07911479699e-10, 2.03434824542e-10, 1.99797137168e-10, 1.96940977415e-10, 1.94271543297e-10, 1.92635310481e-10, 1.91540269756e-10]
    },
    "mfcc": {
        "mean": [-647.922790527, 133.969009399, -25.7663516998, 31.3919086456, -14.1567392349, 5.06865024567, -3.71783900261, -0.791436374187, -3.14207649231, -1.96703517437, 0.678644418716, -5.85725164413, 1.10146260262],
        "cov": [[1317.46801758, -332.467651367, -609.35760498, 101.586746216, -253.932815552, 59.733291626, 0.395051270723, 115.58164978, 32.5829582214, 53.1504821777, -9.88503837585, -62.5805130005, 69.5278167725], [-332.467651367, 659.034790039, 327.200134277, -58.1740264893, 87.3486633301, -205.228317261, 86.573928833, -168.40663147, -112.689903259, -72.1473083496, -59.9406661987, -47.2112770081, -105.520004272], [-609.35760498, 327.200134277, 723.499145508, 89.8620223999, 57.8512802124, -36.7514686584, -81.3571014404, -83.121711731, -66.6471862793, -72.4209213257, -41.0521697998, -17.0089244843, -61.9338035583], [101.586746216, -58.1740264893, 89.8620223999, 325.696166992, 2.74167346954, -145.301818848, -42.8372917175, -18.5310440063, 9.22986125946, -22.0493469238, -39.0744361877, 20.0630283356, -8.49232196808], [-253.932815552, 87.3486633301, 57.8512802124, 2.74167346954, 180.036148071, -34.635307312, 7.21274757385, -41.1097183228, -21.9908981323, -7.42643737793, 7.47078514099, 29.8647575378, -17.424369812], [59.733291626, -205.228317261, -36.7514686584, -145.301818848, -34.635307312, 326.358459473, -2.93818855286, 73.1583175659, 38.1285018921, 46.7932128906, 52.2874565125, -28.7426872253, 46.9202690125], [0.395051270723, 86.573928833, -81.3571014404, -42.8372917175, 7.21274757385, -2.93818855286, 166.642883301, -5.03061294556, -13.6868524551, 5.97644662857, -6.9921913147, -15.1201429367, -32.8546562195], [115.58164978, -168.40663147, -83.121711731, -18.5310440063, -41.1097183228, 73.1583175659, -5.03061294556, 123.80632019, 51.7263450623, 11.7595901489, 12.8565397263, 3.53741073608, 38.750579834], [32.5829582214, -112.689903259, -66.6471862793, 9.22986125946, -21.9908981323, 38.1285018921, -13.6868524551, 51.7263450623, 113.18497467, 35.753162384, 0.494715064764, 2.62823486328, 26.1632957458], [53.1504821777, -72.1473083496, -72.4209213257, -22.0493469238, -7.42643737793, 46.7932128906, 5.97644662857, 11.7595901489, 35.753162384, 71.917098999, 22.445350647, -15.2900333405, 7.16046667099], [-9.88503837585, -59.9406661987, -41.0521697998, -39.0744361877, 7.47078514099, 52.2874565125, -6.9921913147, 12.8565397263, 0.494715064764, 22.445350647, 71.2671737671, 33.4612083435, 5.88963079453], [-62.5805130005, -47.2112770081, -17.0089244843, 20.0630283356, 29.8647575378, -28.7426872253, -15.1201429367, 3.53741073608, 2.62823486328, -15.2900333405, 33.4612083435, 97.3303451538, 23.876657486], [69.5278167725, -105.520004272, -61.9338035583, -8.49232196808, -17.424369812, 46.9202690125, -32.8546562195, 38.750579834, 26.1632957458, 7.16046667099, 5.88963079453, 23.876657486, 82.8890762329]],
        "icov": [[0.00370533997193, -0.0030212753918, 0.00476949149743, -0.00427491310984, 0.00407970603555, -0.00327912881039, 0.00294978567399, -0.00309068337083, 0.0031217657961, -0.001603332581, 0.00166892807465, -6.33916133665e-05, 0.000552215671632], [-0.0030212753918, 0.0095733795315, -0.00690188165754, 0.00733525119722, -0.00428805267438, 0.00759131181985, -0.00631427392364, 0.00760308094323, -0.00306967669167, 0.00449307775125, -0.00276020891033, 0.00436961650848, -0.00142160744872], [0.00476949149743, -0.00690188165754, 0.00946894288063, -0.0076171066612, 0.00520143425092, -0.00715742819011, 0.00670440634713, -0.00534056546167, 0.00458855740726, -0.00184649799485, 0.00366890127771, -0.00189321127255, 0.00280263740569], [-0.00427491310984, 0.00733525119722, -0.0076171066612, 0.0113518433645, -0.00491120992228, 0.00827406533062, -0.0046696360223, 0.00587422493845, -0.00455621955916, 0.00285424035974, -0.0010737121338, 0.00134473945946, -0.00103720428888], [0.00407970603555, -0.00428805267438, 0.00520143425092, -0.00491120992228, 0.0112433265895, -0.00416367966682, 0.00339344935492, -0.00251143425703, 0.00384192657657, -0.00310274655931, 0.0023312503472, -0.00338318571448, 0.00160619802773], [-0.00327912881039, 0.00759131181985, -0.00715742819011, 0.00827406533062, -0.00416367966682, 0.012319165282, -0.00581660913303, 0.00431989785284, -0.0039475527592, 0.0027750201989, -0.00718090776354, 0.00662476243451, -0.00465125031769], [0.00294978567399, -0.00631427392364, 0.00670440634713, -0.0046696360223, 0.00339344935492, -0.00581660913303, 0.0123513685539, -0.00589393312111, 0.00406401278451, -0.00394980609417, 0.00496018584818, -0.0034092257265, 0.00536354864016], [-0.00309068337083, 0.00760308094323, -0.00534056546167, 0.00587422493845, -0.00251143425703, 0.00431989785284, -0.00589393312111, 0.0193897020072, -0.00805218797177, 0.00733872642741, -0.00465808063745, 0.00403752876446, -0.00441567972302], [0.0031217657961, -0.00306967669167, 0.00458855740726, -0.00455621955916, 0.00384192657657, -0.0039475527592, 0.00406401278451, -0.00805218797177, 0.0171651933342, -0.00984605867416, 0.00703771831468, -0.00380748137832, 0.000882007821929], [-0.001603332581, 0.00449307775125, -0.00184649799485, 0.00285424035974, -0.00310274655931, 0.0027750201989, -0.00394980609417, 0.00733872642741, -0.00984605867416, 0.0269270092249, -0.0125240562484, 0.010571998544, -0.00261578266509], [0.00166892807465, -0.00276020891033, 0.00366890127771, -0.0010737121338, 0.0023312503472, -0.00718090776354, 0.00496018584818, -0.00465808063745, 0.00703771831468, -0.0125240562484, 0.0305104516447, -0.0158271323889, 0.00766793033108], [-6.33916133665e-05, 0.00436961650848, -0.00189321127255, 0.00134473945946, -0.00338318571448, 0.00662476243451, -0.0034092257265, 0.00403752876446, -0.00380748137832, 0.010571998544, -0.0158271323889, 0.0233993083239, -0.00868824869394], [0.000552215671632, -0.00142160744872, 0.00280263740569, -0.00103720428888, 0.00160619802773, -0.00465125031769, 0.00536354864016, -0.00441567972302, 0.000882007821929, -0.00261578266509, 0.00766793033108, -0.00868824869394, 0.0208454374224]]
    },
    "spectral_contrast_coeffs": {
        "max": [-0.438148677349, -0.461597591639, -0.470407664776, -0.560897946358, -0.645728170872, -0.461228102446],
        "mean": [-0.69674706459, -0.712453007698, -0.732214033604, -0.770095527172, -0.780388772488, -0.723183453083],
        "min": [-0.907143414021, -0.91513299942, -0.922560870647, -0.890624403954, -0.881839990616, -0.855501651764],
        "stdev": [0.0870152488351, 0.0893726050854, 0.0759537890553, 0.0539148747921, 0.0479138381779, 0.0583644658327]
    },
    "spectral_contrast_valleys": {
        "max": [-5.74178791046, -5.49038171768, -5.57621335983, -5.66332817078, -5.72620391846, -9.79737854004],
        "mean": [-6.97783279419, -6.76431703568, -7.34799289703, -7.61331176758, -7.44343042374, -10.8088312149],
        "min": [-9.82381343842, -8.43494415283, -9.00954055786, -9.1903295517, -9.12957668304, -13.0338907242],
        "stdev": [0.469033241272, 0.431077808142, 0.581263065338, 0.647165596485, 0.580807685852, 0.198569104075]
    }
},
"rhythm": {
    "beats_count": 45,
    "beats_loudness": {
        "max": 0.0540653169155,
        "mean": 0.0280214976519,
        "min": 0.00481704436243,
        "stdev": 0.0123111866415
    },
    "bpm": 95.2491226196,
    "bpm_histogram_first_peak_bpm": 96,
    "bpm_histogram_first_peak_weight": 0.5,
    "bpm_histogram_second_peak_bpm": 0,
    "bpm_histogram_second_peak_spread": 0,
    "bpm_histogram_second_peak_weight": 0,
    "danceability": 1.19405269623,
    "onset_rate": 3.30882334709,
    "beats_loudness_band_ratio": {
        "max": [0.811096489429, 0.786898136139, 0.677140057087, 0.787829220295, 0.429860413074, 0.424494355917],
        "mean": [0.227084845304, 0.269761353731, 0.182360902429, 0.174351096153, 0.108018957078, 0.0567258521914],
        "min": [0.0233906563371, 0.0108496053144, 0.00924765039235, 0.0026490194723, 0.00701650418341, 0.00343177909963],
        "stdev": [0.215144738555, 0.217677876353, 0.170243293047, 0.186676606536, 0.113426752388, 0.0670535191894]
    },
    "beats_position": [0.626938760281, 1.24226760864, 1.8575963974, 2.46131515503, 3.09986400604, 3.73841261864, 4.3653512001, 4.99229001999, 5.61922883987, 6.24616765976, 6.87310647964, 7.50004529953, 8.12698364258, 8.74231243134, 9.35764122009, 9.98458003998, 10.6115188599, 11.2268476486, 11.8421764374, 12.4691152573, 13.0960540771, 13.722992897, 14.3499317169, 15.0000905991, 15.6502494812, 16.3004074097, 16.9273471832, 17.5775051117, 18.2160549164, 18.8429927826, 19.4815406799, 20.1084804535, 20.7470283508, 21.3971881866, 22.0241260529, 22.6510658264, 23.2896137238, 23.9281635284, 24.5667114258, 25.1936511993, 25.8321990967, 26.470746994, 27.0976867676, 27.7246246338, 28.3515644073],
