{
"metadata": {
    "version": {
        "essentia": "2.1-beta5",
        "essentia_git_sha": "Undefined",
        "extractor": "music 2.0"
    },
    "audio_properties": {
        "analysis": {
            "equal_loudness": 0,
            "length": 29.0017242432,
            "sample_rate": 44100,
            "start_time": 0,
            "downmix": "mix"
        },
        "bit_rate": 192000,
        "length": 232.768432617,
        "lossless": 0,
        "number_channels": 2,
        "replay_gain": -13.1636123657,
        "sample_rate": 48000,
        "codec": "mp3",
        "md5_encoded": "1bca1ba8de2f9314a30f46f845b735f9"
    },
    "tags": {
        "file_name": "Germany_Wunder Gibt Es Immer Wieder_Katja Ebstein.mp3",
        "encoding": ["Lavf58.29.100"]
    }
},
"lowlevel": {
    "average_loudness": 0.95382630825,
    "barkbands_crest": {
        "max": 25.5299701691,
        "mean": 11.5418815613,
        "min": 3.44971108437,
        "stdev": 4.46486854553
    },
    "barkbands_flatness_db": {
        "max": 0.333151519299,
        "mean": 0.208648443222,
        "min": 0.0725353583694,
        "stdev": 0.042568102479
    },
    "barkbands_kurtosis": {
        "max": 54.2011909485,
        "mean": 1.50772583485,
        "min": -1.90685486794,
        "stdev": 3.82135748863
    },
    "barkbands_skewness": {
        "max": 5.08890962601,
        "mean": 0.362889587879,
        "min": -6.77781963348,
        "stdev": 1.3187494278
    },
    "barkbands_spread": {
        "max": 59.0241966248,
        "mean": 22.5413913727,
        "min": 2.01327157021,
        "stdev": 13.8173646927
    },
    "dissonance": {
        "max": 0.499992877245,
        "mean": 0.451442092657,
        "min": 0.173061385751,
        "stdev": 0.0578640587628
    },
    "dynamic_complexity": 6.62100791931,
    "erbbands_crest": {
        "max": 33.1649246216,
        "mean": 10.8838319778,
        "min": 3.14327335358,
        "stdev": 4.382396698
    },
    "erbbands_flatness_db": {
        "max": 0.423865139484,
        "mean": 0.269627124071,
        "min": 0.100446559489,
        "stdev": 0.0678014159203
    },
    "erbbands_kurtosis": {
        "max": 86.2470169067,
        "mean": 2.36706209183,
        "min": -1.88142240047,
        "stdev": 6.24433326721
    },
    "erbbands_skewness": {
        "max": 3.09245562553,
        "mean": -0.405527383089,
        "min": -5.33797502518,
        "stdev": 1.06516134739
    },
    "erbbands_spread": {
        "max": 66.4845581055,
        "mean": 18.8462734222,
        "min": 0.871343553066,
        "stdev": 11.3975191116
    },
    "hfc": {
        "max": 151.265380859,
        "mean": 13.648976326,
        "min": 1.19852700347e-16,
        "stdev": 19.1019611359
    },
    "loudness_ebu128": {
        "integrated": -13.0589103699,
        "loudness_range": 2.33025455475,
        "momentary": {
            "max": -8.81255626678,
            "mean": -14.788523674,
            "min": -30.454366684,
            "stdev": 4.40430164337
        },
        "short_term": {
            "max": -11.8085193634,
            "mean": -13.5719156265,
            "min": -15.511888504,
            "stdev": 0.82965618372
        }
    },
    "melbands_crest": {
        "max": 34.9294967651,
        "mean": 17.5309677124,
        "min": 2.23786902428,
        "stdev": 8.22807979584
    },
    "melbands_flatness_db": {
        "max": 0.363274931908,
        "mean": 0.221800297499,
        "min": 0.00733173079789,
        "stdev": 0.0420388914645
    },
    "melbands_kurtosis": {
        "max": 75.3352050781,
        "mean": 4.48477458954,
        "min": -1.94458138943,
        "stdev": 7.95024442673
    },
    "melbands_skewness": {
        "max": 7.95335006714,
        "mean": 1.29890120029,
        "min": -3.61073064804,
        "stdev": 1.59008026123
    },
    "melbands_spread": {
        "max": 134.313415527,
        "mean": 33.2530479431,
        "min": 3.16430091858,
        "stdev": 23.4343013763
    },
    "pitch_salience": {
        "max": 0.956034123898,
        "mean": 0.581380069256,
        "min": 0.082318931818,
        "stdev": 0.174023166299
    },
    "silence_rate_20dB": {
        "max": 1,
        "mean": 1,
        "min": 1,
        "stdev": 0
    },
    "silence_rate_30dB": {
        "max": 1,
        "mean": 1,
        "min": 1,
        "stdev": 0
    },
    "silence_rate_60dB": {
        "max": 1,
        "mean": 0.416799992323,
        "min": 0,
        "stdev": 0.493028670549
    },
    "spectral_centroid": {
        "max": 11272.1591797,
        "mean": 1740.19799805,
        "min": 440.027954102,
        "stdev": 691.736694336
    },
    "spectral_complexity": {
        "max": 33,
        "mean": 9.69359970093,
        "min": 0,
        "stdev": 8.51867580414
    },
    "spectral_decrease": {
        "max": 1.09809411525e-28,
        "mean": -3.01015368187e-09,
        "min": -2.08980672767e-08,
        "stdev": 4.06861744295e-09
    },
    "spectral_energy": {
        "max": 0.0856421738863,
        "mean": 0.0125990239903,
        "min": 1.04565541054e-20,
        "stdev": 0.016917495057
    },
    "spectral_energyband_high": {
        "max": 0.000879019964486,
        "mean": 1.94299573195e-05,
        "min": 7.54593090421e-21,
        "stdev": 5.0772112445e-05
    },
    "spectral_energyband_low": {
        "max": 0.00151521363296,
        "mean": 0.000386807514587,
        "min": 4.51037060131e-23,
        "stdev": 0.000169226521393
    },
    "spectral_energyband_middle_high": {
        "max": 0.0586398094893,
        "mean": 0.00594363594428,
        "min": 1.47008998194e-21,
        "stdev": 0.00908821169287
    },
    "spectral_energyband_middle_low": {
        "max": 0.0590220205486,
        "mean": 0.00637725926936,
        "min": 2.94706594966e-22,
        "stdev": 0.0101892054081
    },
    "spectral_entropy": {
        "max": 9.82289028168,
        "mean": 7.22162723541,
        "min": 5.83955192566,
        "stdev": 0.482498466969
    },
    "spectral_flux": {
        "max": 0.264131575823,
        "mean": 0.0672818943858,
        "min": 1.02257292911e-10,
        "stdev": 0.0567454658449
    },
    "spectral_kurtosis": {
        "max": 79.5173492432,
        "mean": 12.3068904877,
        "min": -1.21985256672,
        "stdev": 9.30171775818
    },
    "spectral_rms": {
        "max": 0.00914075132459,
        "mean": 0.00274808960967,
        "min": 3.19398132075e-12,
        "stdev": 0.00217709038407
    },
    "spectral_rolloff": {
        "max": 19207.6171875,
        "mean": 1834.95556641,
        "min": 21.533203125,
        "stdev": 1081.06213379
    },
    "spectral_skewness": {
        "max": 5.633228302,
        "mean": 2.10739159584,
        "min": -0.00256540067494,
        "stdev": 0.762934088707
    },
    "spectral_spread": {
        "max": 40800784,
        "mean": 2424008.25,
        "min": 634733,
        "stdev": 1519546.125
    },
    "spectral_strongpeak": {
        "max": 9.11873912811,
        "mean": 1.01129925251,
        "min": 0,
        "stdev": 1.30900323391
    },
    "zerocrossingrate": {
        "max": 0.6904296875,
        "mean": 0.0567339845002,
        "min": 0.015625,
        "stdev": 0.0346596874297
    },
    "barkbands": {
        "max": [0.000785541313235, 0.00117052835412, 5.92407523072e-05, 0.000358178367605, 0.00651081651449, 0.0137503575534, 0.0364606454968, 0.0409481339157, 0.0541456155479, 0.0358437858522, 0.0349832512438, 0.0182731747627, 0.0189707279205, 0.0207234993577, 0.0221767611802, 0.0139806298539, 0.0208215564489, 0.0178709737957, 0.0278713535517, 0.000350966060068, 0.000559131090995, 0.000111431603727, 4.29618339695e-05, 2.07149842026e-05, 2.81707275462e-06, 3.68709862641e-07, 3.87682376868e-07],
        "mean": [5.7275108702e-05, 0.000333259842591, 4.98446934216e-06, 1.3798643522e-05, 0.000153202563524, 0.000606915564276, 0.00138887448702, 0.00157743378077, 0.00231002643704, 0.00107497477438, 0.000827129813842, 0.000603429100011, 0.000443282653578, 0.000663025362883, 0.000633724266663, 0.000450767372968, 0.000697658455465, 0.00059321540175, 0.000143389188452, 6.95342623658e-06, 7.02000170349e-06, 3.52701295014e-06, 2.0080892682e-06, 2.87739203486e-06, 2.68054719754e-07, 6.54953702384e-10, 6.84882428548e-10],
        "min": [5.5688240898e-23, 1.68595289555e-23, 9.58808523249e-24, 7.96639566785e-25, 7.58303084325e-23, 1.04417952373e-22, 2.83510046014e-23, 2.06707479137e-23, 5.61545965325e-23, 3.01270775978e-23, 5.78258583136e-23, 9.34155767991e-23, 8.90592281341e-23, 7.63095508988e-23, 2.04346730837e-22, 1.16144319242e-22, 2.31893425481e-22, 2.18833549205e-22, 2.2589601263e-22, 4.88129306205e-22, 2.77433216958e-22, 4.32254881512e-22, 6.06399473058e-22, 5.6819381608e-22, 1.28361013019e-21, 1.47389337698e-21, 2.80086707754e-21],
        "stdev": [6.57335840515e-05, 0.000147263301187, 5.32824287802e-06, 2.5278675821e-05, 0.000412848690758, 0.0014033265179, 0.00390835851431, 0.00436294265091, 0.00542915612459, 0.00309929717332, 0.00291326409206, 0.0017957262462, 0.00134071987122, 0.00180398102384, 0.00163543072995, 0.0010587584693, 0.0018873749068, 0.00183020404074, 0.00101655244362, 2.18239074457e-05, 3.02753014694e-05, 9.01493331185e-06, 2.07636230698e-06, 1.45892602177e-06, 1.4052901065e-07, 1.04501252096e-08, 1.09878666166e-08]
    },
    "erbbands": {
        "max": [0.0622331723571, 0.153884887695, 0.0588621124625, 0.466198652983, 2.68918919563, 27.9028205872, 72.0927963257, 169.186691284, 462.893280029, 836.840576172, 839.076843262, 1356.55163574, 827.92010498, 1391.4440918, 1649.81640625, 802.651672363, 721.238891602, 757.682434082, 1363.97302246, 1134.00183105, 842.503967285, 1279.23474121, 1268.55651855, 916.523071289, 1058.18493652, 41.4099082947, 21.1730575562, 18.9545059204, 5.47501516342, 1.35691356659, 0.998359262943, 0.749655365944, 0.342948555946, 0.0757912322879, 0.00274395081215, 0.00148380710743, 0.000686591665726, 0.000242926646024, 5.94910452492e-05, 0.000100814177131],
        "mean": [0.018031667918, 0.0412813089788, 0.00986824929714, 0.0278891716152, 0.147512689233, 0.651704549789, 2.17886400223, 5.99925756454, 12.8281154633, 32.6641731262, 36.2781143188, 51.1027565002, 41.9727859497, 36.4174308777, 29.1278629303, 24.6752948761, 20.0661754608, 29.5737133026, 37.4217910767, 27.9143772125, 28.2327728271, 39.9959449768, 34.7497024536, 15.5444736481, 3.70140004158, 0.440553665161, 0.296626478434, 0.262247234583, 0.140717059374, 0.0758640095592, 0.0591551400721, 0.0874332487583, 0.0266524776816, 0.00637290626764, 0.000324999273289, 2.41335565079e-05, 8.44024634716e-06, 2.9947159419e-06, 7.34686636861e-06, 1.53810397023e-05],
        "min": [5.95938091982e-22, 3.971340569e-21, 1.13119428693e-20, 7.88932718069e-21, 9.83635880057e-20, 2.29710537648e-19, 9.1199009659e-19, 6.06559600765e-19, 3.44289140406e-19, 4.6573329055e-19, 6.00173249448e-19, 1.27496480759e-18, 9.33933026892e-19, 9.4102330891e-19, 2.91565077262e-18, 4.34114022122e-18, 4.38129115456e-18, 3.82395216067e-18, 4.6594277404e-18, 1.23954975209e-17, 7.9078855335e-18, 1.31238457667e-17, 1.25643366645e-17, 1.18137471864e-17, 1.12775778123e-17, 2.30235880055e-17, 1.62335717226e-17, 1.07841141189e-17, 1.55287989514e-17, 1.8039674268e-17, 1.32915558087e-17, 1.55926556404e-17, 9.27245147562e-18, 1.07641616953e-17, 1.08135361061e-17, 5.65958091803e-18, 2.81498640759e-18, 1.43233250701e-18, 3.37710417898e-19, 4.02970987422e-20],
        "stdev": [0.00829965434968, 0.019290311262, 0.0064983102493, 0.0395406484604, 0.290612310171, 1.98682868481, 5.64318132401, 14.9951343536, 36.6781806946, 96.0391387939, 90.4126586914, 127.401321411, 108.011535645, 113.563201904, 101.597488403, 71.870803833, 54.4599189758, 71.3794708252, 99.9480056763, 72.9467773438, 60.6187858582, 107.820777893, 102.913520813, 59.4689788818, 34.8110771179, 1.61533749104, 1.16455352306, 1.1593568325, 0.407947182655, 0.111940063536, 0.0520499311388, 0.0488169714808, 0.0138255795464, 0.00313088833354, 0.000225460127695, 4.45882942586e-05, 2.13182538573e-05, 7.83328050602e-06, 9.73376245383e-06, 2.04700190807e-05]
    },
    "gfcc": {
        "mean": [-147.733581543, 127.885787964, -184.713928223, 28.5909881592, -49.2056007385, 18.3554706573, -33.0665893555, 17.9909210205, 22.0957717896, -18.6394577026, 21.2635211945, -4.56318712234, 10.7055101395],
        "cov": [[7195.49023438, 1618.4041748, -1650.92370605, -1802.76000977, -247.998703003, -1171.69726562, 181.926773071, -400.577789307, 304.475067139, -145.712661743, -2.04823946953, -123.515686035, -59.9019546509], [1618.4041748, 797.44342041, -154.766830444, -757.321472168, -335.660186768, -356.026428223, -16.3620510101, -181.854202271, 53.3471908569, -31.4073314667, 37.2627296448, -34.287940979, -10.5773563385], [-1650.92370605, -154.766830444, 813.781188965, 508.952667236, -217.611816406, 186.72454834, -164.453598022, 123.244110107, -91.7186737061, 23.895816803, 53.3509063721, 62.9086074829, 38.9058609009], [-1802.76000977, -757.321472168, 508.952667236, 1251.19702148, 248.477828979, 367.798431396, -211.286453247, 246.43699646, -54.5805282593, 16.9632720947, 25.7638721466, 78.449180603, 39.9343910217], [-247.998703003, -335.660186768, -217.611816406, 248.477828979, 362.704162598, 149.553222656, 9.08627986908, 49.2414321899, 9.70880508423, -13.9574127197, -20.8160629272, -8.25098705292, -19.1034755707], [-1171.69726562, -356.026428223, 186.72454834, 367.798431396, 149.553222656, 617.406677246, 77.1187362671, 63.6625099182, -88.0006484985, 28.3436431885, -22.6111240387, -38.7575950623, 35.9605369568], [181.926773071, -16.3620510101, -164.453598022, -211.286453247, 9.08627986908, 77.1187362671, 225.350509644, -10.0466413498, -43.5018959045, -22.3923397064, -52.1206474304, -46.5640029907, -10.8480224609], [-400.577789307, -181.854202271, 123.244110107, 246.43699646, 49.2414321899, 63.6625099182, -10.0466413498, 166.428329468, 15.9560117722, -20.3829116821, 10.5388822556, 12.9219465256, -4.40044403076], [304.475067139, 53.3471908569, -91.7186737061, -54.5805282593, 9.70880508423, -88.0006484985, -43.5018959045, 15.9560117722, 117.364204407, 29.9347629547, -9.21010684967, -14.5194015503, -4.13634681702], [-145.712661743, -31.4073314667, 23.895816803, 16.9632720947, -13.9574127197, 28.3436431885, -22.3923397064, -20.3829116821, 29.9347629547, 78.2639923096, 4.63395738602, -21.8860111237, -0.637603878975], [-2.04823946953, 37.2627296448, 53.3509063721, 25.7638721466, -20.8160629272, -22.6111240387, -52.1206474304, 10.5388822556, -9.21010684967, 4.63395738602, 93.7011260986, 42.6696624756, -14.7465362549], [-123.515686035, -34.287940979, 62.9086074829, 78.449180603, -8.25098705292, -38.7575950623, -46.5640029907, 12.9219465256, -14.5194015503, -21.8860111237, 42.6696624756, 83.7702560425, 15.9910364151], [-59.9019546509, -10.5773563385, 38.9058609009, 39.9343910217, -19.1034755707, 35.9605369568, -10.8480224609, -4.40044403076, -4.13634681702, -0.637603878975, -14.7465362549, 15.9910364151, 57.8652496338]],
        "icov": [[0.00101028999779, -0.00238194549456, 0.00220752204768, -0.00126162299421, 0.000435989320977, 0.000653894094285, -0.000936225929763, -0.0003227959387, -0.000334714277415, 0.000239235901972, -0.000446660676971, 0.00027440325357, -0.000676546129398], [-0.00238194549456, 0.018615366891, -0.00390653079376, 0.00778796244413, 0.00790153350681, -0.00174198078457, 0.00934396963567, 0.00657092826441, -0.0039690467529, 0.0140480473638, -0.00789164286107, 0.0111082373187, -0.00107839144766], [0.00220752204768, -0.00390653079376, 0.0108227925375, -0.00336201046593, 0.00731186801568, -0.000510524609126, 0.00319117773324, -0.004185304977, 0.00380081380717, -0.000243843984208, 0.000566285161767, -0.000127320236061, 7.42801275919e-05], [-0.00126162299421, 0.00778796244413, -0.00336201046593, 0.00654704216868, 0.000455999484984, -0.00147142645437, 0.00645045330748, -0.000788017990999, 0.000952560745645, 0.00293726986274, -0.00075476866914, 0.00223027099855, -0.000634197378531], [0.000435989320977, 0.00790153350681, 0.00731186801568, 0.000455999484984, 0.0155935101211, -0.0025928216055, 0.00760322343558, 0.00168847013265, -0.00157387158833, 0.0105451177806, -0.00365304108709, 0.006155598443, 0.00234956643544], [0.000653894094285, -0.00174198078457, -0.000510524609126, -0.00147142645437, -0.0025928216055, 0.00437451899052, -0.00388501910493, 0.000715307192877, 0.00031796543044, -0.00107272190508, -0.00240623275749, 0.00328305666335, -0.00404083635658], [-0.000936225929763, 0.00934396963567, 0.00319117773324, 0.00645045330748, 0.00760322343558, -0.00388501910493, 0.01875863038, -0.00415842281654, 0.00726224156097, 0.00502084288746, 0.00307870050892, 0.00457863230258, 0.00236024823971], [-0.0003227959387, 0.00657092826441, -0.004185304977, -0.000788017990999, 0.00168847013265, 0.000715307192877, -0.00415842281654, 0.0187247600406, -0.0130927059799, 0.0150488875806, -0.00967750977725, 0.00807660724968, -0.00048622553004], [-0.000334714277415, -0.0039690467529, 0.00380081380717, 0.000952560745645, -0.00157387158833, 0.00031796543044, 0.00726224156097, -0.0130927059799, 0.0238238498569, -0.0165052115917, 0.0101173408329, -0.00533109996468, 0.000936419470236], [0.000239235901972, 0.0140480473638, -0.000243843984208, 0.00293726986274, 0.0105451177806, -0.00107272190508, 0.00502084288746, 0.0150488875806, -0.0165052115917, 0.0391375534236, -0.0168718956411, 0.0212165117264, -0.00372538296506], [-0.000446660676971, -0.00789164286107, 0.000566285161767, -0.00075476866914, -0.00365304108709, -0.00240623275749, 0.00307870050892, -0.00967750977725, 0.0101173408329, -0.0168718956411, 0.0285679604858, -0.021390857175, 0.0120948003605], [0.00027440325357, 0.0111082373187, -0.000127320236061, 0.00223027099855, 0.006155598443, 0.00328305666335, 0.00457863230258, 0.00807660724968, -0.00533109996468, 0.0212165117264, -0.021390857175, 0.0363788977265, -0.0133264129981], [-0.000676546129398, -0.00107839144766, 7.42801275919e-05, -0.000634197378531, 0.00234956643544, -0.00404083635658, 0.00236024823971, -0.00048622553004, 0.000936419470236, -0.00372538296506, 0.0120948003605, -0.0133264129981, 0.0272550620139]]
    },
    "melbands": {
        "max": [0.000449768907856, 7.33482593205e-05, 0.000138118979521, 0.000868325820193, 0.0019327228656, 0.0032424335368, 0.00677548348904, 0.00901342742145, 0.00631246576086, 0.00958732608706, 0.00412674620748, 0.00520863384008, 0.00515960901976, 0.00251972558908, 0.0027477350086, 0.00108397274744, 0.00180192489643, 0.00231307093054, 0.00120971444994, 0.000933067232836, 0.0010164444102, 0.00156979064923, 0.00133049360011, 0.00101925455965, 0.000689938955475, 0.00154371780809, 2.92714248644e-05, 1.06903144115e-05, 1.37355182233e-05, 1.31393344418e-05, 1.0839225979e-05, 3.43536248693e-06, 1.27337261802e-06, 9.03014495179e-07, 8.07729634289e-07, 3.94251912894e-07, 4.51583019867e-07, 2.58310507206e-07, 1.89019900176e-07, 2.17424638294e-08],
        "mean": [0.000121482611576, 1.83190859389e-05, 7.477732197e-06, 2.65404851234e-05, 6.74175171298e-05, 0.000131295411848, 0.000221635957132, 0.000359360157745, 0.00030187208904, 0.000329960137606, 0.000205257078051, 0.000146185266203, 0.000104261889646, 7.04295161995e-05, 5.53628997295e-05, 4.30896943726e-05, 5.64879701415e-05, 6.41538645141e-05, 4.26331971539e-05, 3.00152714772e-05, 3.43257124769e-05, 4.15162357967e-05, 3.80240126105e-05, 2.63857909886e-05, 1.11669251055e-05, 4.65195580546e-06, 3.22029421795e-07, 2.15482145904e-07, 1.84218563959e-07, 1.68151700564e-07, 1.45113460803e-07, 8.50359000992e-08, 5.20308311991e-08, 3.77448579059e-08, 3.27754996476e-08, 4.19502939053e-08, 5.26802672596e-08, 1.89617228585e-08, 1.08891820005e-08, 3.17594284205e-09],
        "min": [7.70912426361e-24, 5.45903145453e-24, 3.19659691659e-24, 1.36925427218e-23, 2.65289536359e-23, 1.46577424384e-23, 5.63098301592e-24, 5.26291984463e-24, 5.86293612661e-24, 7.75998291503e-24, 4.7067476629e-24, 3.60877752843e-24, 7.77843121616e-24, 9.0840646452e-24, 1.53422607117e-23, 7.6052857138e-24, 6.7068204744e-24, 5.22105736297e-24, 1.8928943035e-23, 1.05035709348e-23, 9.00882940295e-24, 1.29182623327e-23, 1.46719561342e-23, 8.04898920741e-24, 9.56688065135e-24, 9.61112391522e-24, 7.12356780202e-24, 1.89306722181e-23, 1.14196041065e-23, 7.80242126515e-24, 6.01162733535e-24, 9.94021380791e-24, 6.62700273915e-24, 1.16867210865e-23, 7.05236994988e-24, 9.2245087076e-24, 9.80469539301e-24, 5.52443551775e-24, 7.62067007917e-24, 9.51969335859e-24],
        "stdev": [5.42647576367e-05, 8.82039603312e-06, 1.16907167467e-05, 7.09952655598e-05, 0.000163872769917, 0.000313399883453, 0.000609322276432, 0.00102377380244, 0.000744415447116, 0.000841255008709, 0.000544171023648, 0.000461188843474, 0.000354698277079, 0.000219493871555, 0.000188990292372, 0.000114688969916, 0.000147692175233, 0.000184821416042, 0.000104314320197, 8.02518843557e-05, 7.94282386778e-05, 0.000113977745059, 0.000110191860585, 8.57467239257e-05, 4.65561097371e-05, 5.12101687491e-05, 1.15938746603e-06, 6.99648580849e-07, 7.53340600568e-07, 7.64626918226e-07, 6.46758508083e-07, 2.65039147962e-07, 1.02075823349e-07, 5.1685798752e-08, 3.64780952111e-08, 2.52726373162e-08, 3.01135330005e-08, 1.09674251902e-08, 6.45562048263e-09, 2.01024819013e-09]
    },
    "melbands128": {
        "max": [0.000348135188688, 0.000608855858445, 0.000495687301736, 0.000173548207385, 3.74784722226e-05, 3.97556796088e-05, 7.48715829104e-05, 0.000246171839535, 0.000219736990402, 0.000825459428597, 0.0017819419736, 0.00269990344532, 0.00353148416616, 0.00447094393894, 0.00642901193351, 0.00621333997697, 0.00839104503393, 0.0126889869571, 0.0157210715115, 0.0159538947046, 0.016162648797, 0.0149719510227, 0.0116425510496, 0.0109038818628, 0.0116644510999, 0.0182811450213, 0.0135644366965, 0.00731150852516, 0.00741845648736, 0.00812526326627, 0.0115004470572, 0.00776337832212, 0.00710129737854, 0.00982307642698, 0.0048298840411, 0.00371162500232, 0.00392735702917, 0.00474114855751, 0.00520456768572, 0.00215826602653, 0.00247946917079, 0.0026175447274, 0.00192273082212, 0.00529010035098, 0.00478483876213, 0.00506351375952, 0.00211673579179, 0.00222068256699, 0.00224388390779, 0.00279001588933, 0.00102907314431, 0.00133860646747, 0.00191943813115, 0.00215308717452, 0.00280913896859, 0.00322168087587, 0.00283289980143, 0.0017477828078, 0.00173671590164, 0.0019827678334, 0.00139918376226, 0.00150210421998, 0.00108755496331, 0.000589089351706, 0.00172569334973, 0.0029833340086, 0.000254152459092, 1.01654914033e-05, 1.54325152835e-05, 1.65370656759e-05, 7.97834218247e-06, 2.22373200813e-05, 1.90548453247e-05, 1.75619497895e-05, 2.03870331461e-05, 8.01859550847e-06, 2.83887420665e-05, 8.87559417606e-06, 1.6093837985e-05, 6.31603597867e-06, 5.52003302801e-06, 2.69999259217e-06, 2.29827537623e-06, 1.79558730906e-06, 9.68753852248e-07, 1.07927121462e-06, 8.63832383402e-07, 1.15358147923e-06, 1.14349847991e-06, 3.52704432771e-07, 3.58875354323e-07, 5.00197472775e-07, 7.38778908271e-07, 5.51862399334e-07, 3.0518327776e-07, 3.37071639933e-07, 2.11368814007e-07, 3.04498286141e-07, 2.08202408203e-07, 1.49144526063e-07, 3.07636440766e-08, 2.23294023272e-08, 1.24149037717e-08, 3.17858050991e-09, 3.03429836812e-09, 2.89817569943e-09, 2.77181499975e-09, 2.65601829419e-09, 2.53445842091e-09, 2.43469733263e-09, 2.32777841447e-09, 2.26636953649e-09, 2.16253592811e-09, 2.07762562709e-09, 2.00961758345e-09, 1.93644700275e-09, 1.87222282122e-09, 1.81869574956e-09, 1.76723569112e-09, 1.71750302869e-09, 1.67328340073e-09, 1.63323066182e-09, 1.6051738827e-09, 1.57799795453e-09, 1.5520383867e-09, 1.53537771386e-09, 1.52155577027e-09, 1.51310797225e-09],
        "mean": [4.33450913988e-05, 0.000175563531229, 0.000142991164466, 4.25062644354e-05, 4.5628053158e-06, 2.53041866927e-06, 4.52458107247e-06, 7.87128101365e-06, 1.27691491798e-05, 2.37131898757e-05, 3.8635040255e-05, 4.06387880503e-05, 6.37538687442e-05, 0.000114111280709, 0.000141771117342, 0.000131884851726, 0.000143338460475, 0.00021887535695, 0.000330369482981, 0.000428213272244, 0.000330641167238, 0.000285446702037, 0.000299409497529, 0.000315917830449, 0.000327933288645, 0.000357703189366, 0.000291285075946, 0.000165497360285, 0.000163394623087, 0.000138575560413, 0.000157095040777, 0.000128560161102, 0.000101585508673, 8.78712307895e-05, 7.0365400461e-05, 6.84346669004e-05, 6.38138735667e-05, 6.22919469606e-05, 4.57505448139e-05, 3.35919976351e-05, 4.44424695161e-05, 5.28223099536e-05, 4.89509366162e-05, 6.36679615127e-05, 7.05907077645e-05, 7.10482854629e-05, 4.79657574033e-05, 4.08886808145e-05, 4.21001241193e-05, 3.777107122e-05, 2.56681378232e-05, 2.38084012381e-05, 3.36035591317e-05, 3.74714472855e-05, 4.06538456446e-05, 4.18546551373e-05, 4.25807302236e-05, 4.11088512919e-05, 3.73205475626e-05, 3.01053860312e-05, 2.8878048397e-05, 2.15443287743e-05, 1.34077217808e-05, 7.63198386267e-06, 7.66606808611e-06, 6.66663208904e-06, 1.13031114779e-06, 2.97890181855e-07, 2.16720991375e-07, 2.37062621977e-07, 2.0594698924e-07, 2.24300237051e-07, 1.94352452354e-07, 1.75371866362e-07, 1.74774328343e-07, 1.506611369e-07, 1.90111947518e-07, 1.55842258209e-07, 1.52909223061e-07, 1.14509880689e-07, 9.19158651413e-08, 7.38577483617e-08, 6.05115744179e-08, 5.18379685843e-08, 4.29940740787e-08, 3.84157416988e-08, 3.59274672235e-08, 3.59961802587e-08, 3.32439853423e-08, 2.99493692069e-08, 2.90569968087e-08, 2.81882037712e-08, 9.28873262751e-08, 6.46827587047e-08, 2.34284076583e-08, 2.17253237622e-08, 1.84333526221e-08, 1.43182292689e-08, 1.17311982351e-08, 9.37421607006e-09, 5.04570740745e-09, 2.01499550379e-09, 9.4983887422e-10, 4.54770769653e-11, 5.36321074357e-12, 5.18727899176e-12, 5.02797586552e-12, 4.81881288344e-12, 4.58271918677e-12, 4.32967594069e-12, 4.11449737128e-12, 3.97390714085e-12, 3.80827184024e-12, 3.66422994377e-12, 3.53982511705e-12, 3.41907275062e-12, 3.30870682415e-12, 3.21183748e-12, 3.12252545868e-12, 3.03896534673e-12, 2.96157347777e-12, 2.8937813517e-12, 2.84229389157e-12, 2.79201293162e-12, 2.7366000091e-12, 2.68559436842e-12, 2.65073683489e-12, 2.63452194088e-12],
        "min": [1.82368864069e-23, 5.55166739063e-24, 6.03393711061e-24, 6.59442515035e-24, 6.53421060859e-24, 4.0775924368e-24, 1.11301075371e-24, 3.86244541605e-25, 7.90703763182e-24, 2.30358949025e-23, 7.14833882331e-24, 1.60201131103e-23, 3.61410344394e-23, 3.58677414674e-23, 1.41929582148e-23, 3.92140665504e-24, 1.17161049719e-24, 8.59981448992e-24, 7.89913955643e-24, 3.65796103371e-24, 5.87802900788e-24, 4.2439422969e-24, 3.14515687468e-24, 1.07739940308e-23, 9.59098192973e-24, 7.23355157829e-24, 4.14303515421e-24, 4.72355158347e-24, 4.14255828779e-24, 4.71608698716e-24, 2.0906596814e-24, 3.91170603249e-24, 5.25270646249e-24, 1.68345788628e-23, 5.61607748911e-24, 7.06366170488e-24, 1.10613318824e-23, 2.22368119377e-23, 1.34147674422e-23, 6.27783949187e-24, 4.61581645522e-24, 1.17480920983e-23, 7.414646432e-24, 2.91391452766e-24, 7.22024665026e-24, 2.48762592739e-24, 6.9969564156e-24, 1.60809642628e-23, 3.21073519728e-23, 1.36012715151e-23, 3.75939631878e-24, 1.16046014551e-23, 5.73269006356e-24, 1.25953271328e-23, 7.52069615893e-24, 1.33033929041e-23, 1.59109505382e-23, 1.42169821848e-23, 1.70115172084e-23, 1.2079564351e-23, 4.09109221347e-24, 7.4715043706e-24, 1.0024847539e-23, 1.16179103275e-23, 6.67200094291e-24, 1.40483095238e-23, 7.67245800874e-24, 2.7127015515e-24, 9.06862900387e-24, 1.04078884179e-23, 1.33882916925e-23, 3.20387557839e-23, 1.5628380562e-23, 5.99339557654e-24, 6.71942252736e-24, 1.23225950409e-23, 5.64569882167e-24, 2.40237767367e-24, 6.29608426688e-24, 8.99001112605e-24, 1.10898563038e-23, 1.17223271123e-23, 4.59643453721e-24, 4.38467153252e-24, 1.06037649472e-23, 9.77389905213e-24, 1.52975985627e-23, 8.32900011888e-24, 7.72541897447e-24, 4.58133100632e-24, 6.26062220818e-24, 1.413840375e-23, 6.22400367939e-24, 1.3749063028e-23, 8.37466648782e-24, 4.93015307126e-24, 5.32640658142e-24, 5.58100670542e-24, 8.03243338359e-24, 7.78719940512e-24, 8.46055214116e-24, 8.72428175241e-24, 1.25877130474e-23, 1.27865911925e-23, 1.32227421318e-23, 1.21037090167e-23, 1.19049965324e-23, 1.15713817335e-23, 8.06915801417e-24, 7.18489542652e-24, 1.2186537834e-23, 1.25889207934e-23, 7.85234669412e-24, 5.68672589963e-24, 8.18808668424e-24, 8.11390536016e-24, 1.35124394663e-23, 1.62250781061e-23, 1.09433790332e-23, 8.45446529041e-24, 9.92262773175e-24, 9.82273033102e-24, 1.50274831224e-23, 8.7775219749e-24, 1.4139538132e-23, 1.33856568971e-23, 8.63696273881e-24, 1.12108028801e-23],
        "stdev": [3.94118869735e-05, 8.43163215904e-05, 6.34714961052e-05, 2.16247626668e-05, 4.14142823502e-06, 3.01591762764e-06, 7.04225112713e-06, 1.63671629707e-05, 2.90708721877e-05, 6.82338868501e-05, 0.000141731230542, 0.000149699524627, 0.000220369154704, 0.000348161527654, 0.000457107729744, 0.000423053308623, 0.000563826644793, 0.000853823847137, 0.00117290730122, 0.00159696023911, 0.00125658023171, 0.00105885439552, 0.0010519673815, 0.00102015200537, 0.00110674020834, 0.00133368477691, 0.00105541315861, 0.000613560783677, 0.000651670328807, 0.000558229861781, 0.000742806412745, 0.000556915241759, 0.000473868334666, 0.000526760704815, 0.000316872115945, 0.000292656186502, 0.000267365161562, 0.000288821465801, 0.000230948338867, 0.000119731172163, 0.000166655852809, 0.000177499503479, 0.000142257311381, 0.000292523647659, 0.000266266870312, 0.000302203756291, 0.000149397877976, 0.000120425647765, 0.000141524913488, 0.000157174494234, 8.02644062787e-05, 6.55481853755e-05, 9.51996989897e-05, 0.000108568783617, 0.000141062177136, 0.000137452647323, 0.000163650227478, 0.000123919802718, 0.000125152015244, 0.000112997324322, 9.98619289021e-05, 9.2555739684e-05, 6.20834034635e-05, 3.26975423377e-05, 6.77341158735e-05, 9.49609602685e-05, 8.96112396731e-06, 8.20977390958e-07, 6.91303569056e-07, 8.79083529526e-07, 5.85935481467e-07, 1.02225112641e-06, 8.89557952632e-07, 7.30874091914e-07, 8.97517168141e-07, 5.50257141185e-07, 1.22112237477e-06, 6.7104218715e-07, 7.51443167246e-07, 4.33642441067e-07, 3.30897847789e-07, 2.046522809e-07, 1.53556541704e-07, 1.11244126799e-07, 7.24976416677e-08, 6.09422059483e-08, 4.85642495107e-08, 5.16938101214e-08, 4.75587498272e-08, 2.46326674613e-08, 2.31524115435e-08, 2.84402261741e-08, 5.78663019724e-08, 3.9489354009e-08, 1.85057764668e-08, 1.65212892256e-08, 1.07251239001e-08, 1.08502797858e-08, 8.06417865817e-09, 5.83884940397e-09, 3.02747027447e-09, 2.70128830415e-09, 1.46526013545e-09, 1.39044969982e-10, 8.59989787716e-11, 8.21465326317e-11, 7.85689013849e-11, 7.52833975715e-11, 7.18374734698e-11, 6.9006862724e-11, 6.59751350773e-11, 6.42292677377e-11, 6.12895081908e-11, 5.88841544968e-11, 5.69558428198e-11, 5.48829419411e-11, 5.3063303751e-11, 5.15456566319e-11, 5.00870733777e-11, 4.86780303566e-11, 4.74251991844e-11, 4.62903777809e-11, 4.54944450168e-11, 4.47240786072e-11, 4.39890034121e-11, 4.35170545432e-11, 4.31256419464e-11, 4.28862535762e-11]
    },
    "mfcc": {
        "mean": [-758.367126465, 136.632705688, -47.6595840454, 0.198726296425, 18.363489151, -7.09346151352, -14.6812467575, 25.1073646545, 2.40321016312, 8.8751001358, 8.71174716949, 14.8875265121, -2.59393286705],
        "cov": [[5493.16943359, 2037.67834473, -1782.63647461, -694.315490723, -906.09197998, -574.715881348, -570.199279785, -293.299499512, -104.671638489, -76.3151016235, -17.4851226807, 18.7997093201, -201.947937012], [2037.67834473, 1367.17199707, -371.77947998, -605.479431152, -617.56072998, -351.238616943, -274.868530273, -236.938446045, -130.613922119, -76.1501464844, -55.7134895325, 40.0508346558, -69.1884536743], [-1782.63647461, -371.77947998, 1147.86437988, 268.333129883, 145.623168945, 8.46189594269, 80.277557373, 17.8484249115, -39.911693573, -42.8370895386, -35.1097640991, 45.2471313477, 80.9888916016], [-694.315490723, -605.479431152, 268.333129883, 570.734130859, 331.905487061, -36.1359329224, -36.4874916077, 81.5397186279, 1.16360771656, -41.7470359802, 30.4696102142, -2.16357254982, 19.3372955322], [-906.09197998, -617.56072998, 145.623168945, 331.905487061, 534.926330566, 147.945892334, 53.8504676819, 122.942932129, 20.9883899689, 18.974899292, 53.5210113525, -7.64468669891, 41.6309013367], [-574.715881348, -351.238616943, 8.46189594269, -36.1359329224, 147.945892334, 344.837280273, 194.129592896, 29.1864280701, 64.8782119751, 68.3061752319, -12.9602050781, -33.0449333191, 3.68107104301], [-570.199279785, -274.868530273, 80.277557373, -36.4874916077, 53.8504676819, 194.129592896, 273.470703125, 110.545661926, 29.9987106323, 41.8035850525, -3.03346204758, -41.0654602051, 4.02050065994], [-293.299499512, -236.938446045, 17.8484249115, 81.5397186279, 122.942932129, 29.1864280701, 110.545661926, 175.504898071, 40.0810165405, -5.4263010025, 13.41036129, -8.21468639374, 13.4360218048], [-104.671638489, -130.613922119, -39.911693573, 1.16360771656, 20.9883899689, 64.8782119751, 29.9987106323, 40.0810165405, 124.399429321, 70.0465545654, -15.910112381, -26.0351161957, 2.35265469551], [-76.3151016235, -76.1501464844, -42.8370895386, -41.7470359802, 18.974899292, 68.3061752319, 41.8035850525, -5.4263010025, 70.0465545654, 141.109619141, 27.9403553009, -42.7196769714, -15.4854803085], [-17.4851226807, -55.7134895325, -35.1097640991, 30.4696102142, 53.5210113525, -12.9602050781, -3.03346204758, 13.41036129, -15.910112381, 27.9403553009, 82.5168151855, 19.8275032043, -14.9714431763], [18.7997093201, 40.0508346558, 45.2471313477, -2.16357254982, -7.64468669891, -33.0449333191, -41.0654602051, -8.21468639374, -26.0351161957, -42.7196769714, 19.8275032043, 91.3314056396, 31.4443435669], [-201.947937012, -69.1884536743, 80.9888916016, 19.3372955322, 41.6309013367, 3.68107104301, 4.02050065994, 13.4360218048, 2.35265469551, -15.4854803085, -14.9714431763, 31.4443435669, 81.5775375366]],
        "icov": [[0.00200531375594, -0.00425375951454, 0.00247717113234, -0.0037843498867, 0.00111098831985, -0.00190377340186, 0.000558122061193, -0.00163172453176, -0.000338598329108, -0.00107012572698, -0.000330455019139, -0.000738368020393, -0.000414998590713], [-0.00425375951454, 0.0167319849133, -0.00488895270973, 0.0152775663882, -0.00114389974624, 0.00931572262198, 0.002248353092, 0.00489586684853, 0.00494116544724, 0.00220130919479, 0.00516027398407, 0.000599975406658, 0.0051302104257], [0.00247717113234, -0.00488895270973, 0.00434958236292, -0.00504357367754, 0.00112435908522, -0.00136277172714, -0.000599391409196, -0.000972221198026, 0.000131478664116, -0.00188615405932, 0.00120093813166, -0.00224900431931, -0.000733980443329], [-0.0037843498867, 0.0152775663882, -0.00504357367754, 0.0178314428777, -0.00361206824891, 0.0100356126204, 0.00224195676856, 0.00485368911177, 0.00275206449442, 0.0041413535364, 0.00370296416804, 0.00178070436232, 0.00555001664907], [0.00111098831985, -0.00114389974624, 0.00112435908522, -0.00361206824891, 0.00724343210459, -0.00569623708725, 0.00566424336284, -0.00620121043175, 0.00368740526028, -0.00190598331392, -0.00272645964287, 0.00190822687, -0.00288123288192], [-0.00190377340186, 0.00931572262198, -0.00136277172714, 0.0100356126204, -0.00569623708725, 0.0165377240628, -0.00842148624361, 0.010914446786, -0.00246456847526, 0.00174469791818, 0.0066352635622, -0.00343079282902, 0.00588267482817], [0.000558122061193, 0.002248353092, -0.000599391409196, 0.00224195676856, 0.00566424336284, -0.00842148624361, 0.0177811887115, -0.0125754131004, 0.00868574716151, -0.00335591402836, -0.000202257971978, 0.00473614456132, -0.000713756016921], [-0.00163172453176, 0.00489586684853, -0.000972221198026, 0.00485368911177, -0.00620121043175, 0.010914446786, -0.0125754131004, 0.0201600678265, -0.009457196109, 0.00772752100602, -0.00108068517875, -0.00111636787187, 0.00187070295215], [-0.000338598329108, 0.00494116544724, 0.000131478664116, 0.00275206449442, 0.00368740526028, -0.00246456847526, 0.00868574716151, -0.009457196109, 0.0226854532957, -0.0127536002547, 0.0108621139079, -0.00204509100877, 0.00163520837668], [-0.00107012572698, 0.00220130919479, -0.00188615405932, 0.0041413535364, -0.00190598331392, 0.00174469791818, -0.00335591402836, 0.00772752100602, -0.0127536002547, 0.0205871257931, -0.0129551673308, 0.0093789100647, -0.00182162516285], [-0.000330455019139, 0.00516027398407, 0.00120093813166, 0.00370296416804, -0.00272645964287, 0.0066352635622, -0.000202257971978, -0.00108068517875, 0.0108621139079, -0.0129551673308, 0.0293745957315, -0.0137355709448, 0.0106813274324], [-0.000738368020393, 0.000599975406658, -0.00224900431931, 0.00178070436232, 0.00190822687, -0.00343079282902, 0.00473614456132, -0.00111636787187, -0.00204509100877, 0.0093789100647, -0.0137355709448, 0.0231665223837, -0.00998796522617], [-0.000414998590713, 0.0051302104257, -0.000733980443329, 0.00555001664907, -0.00288123288192, 0.00588267482817, -0.000713756016921, 0.00187070295215, 0.00163520837668, -0.00182162516285, 0.0106813274324, -0.00998796522617, 0.0213443301618]]
    },
    "spectral_contrast_coeffs": {
        "max": [-0.493807077408, -0.43641269207, -0.469550430775, -0.559527933598, -0.397363185883, -0.580630481243],
        "mean": [-0.78639370203, -0.750906527042, -0.780669569969, -0.793214380741, -0.706548213959, -0.792228579521],
        "min": [-0.974021852016, -0.959245145321, -0.970160126686, -0.963492512703, -0.967043220997, -0.963568329811],
        "stdev": [0.0946383327246, 0.128657490015, 0.0968856886029, 0.0622096993029, 0.0865471735597, 0.0426171049476]
    },
    "spectral_contrast_valleys": {
        "max": [-6.6863617897, -4.6177482605, -5.12164592743, -5.67043781281, -6.3460021019, -11.0314884186],
        "mean": [-8.49037265778, -7.75944137573, -8.00242614746, -7.92077827454, -8.97159481049, -11.8891630173],
        "min": [-27.3534698486, -27.488817215, -26.9812316895, -27.135969162, -27.067527771, -27.1837921143],
        "stdev": [0.800761461258, 1.15306401253, 1.17537915707, 1.17681872845, 0.863799273968, 0.561022937298]
    }
},
"rhythm": {
    "beats_count": 51,
    "beats_loudness": {
        "max": 0.0700605809689,
        "mean": 0.0233449731022,
        "min": 0.000420329743065,
        "stdev": 0.0191484428942
    },
    "bpm": 111.505661011,
    "bpm_histogram_first_peak_bpm": 112,
    "bpm_histogram_first_peak_weight": 0.363636374474,
    "bpm_histogram_second_peak_bpm": 140,
    "bpm_histogram_second_peak_spread": 0.545454502106,
    "bpm_histogram_second_peak_weight": 0.10000000149,
    "danceability": 1.63802874088,
    "onset_rate": 4.92876815796,
    "beats_loudness_band_ratio": {
        "max": [0.809601485729, 0.552232861519, 0.830872952938, 0.6954241395, 0.736365497112, 0.0392601191998],
        "mean": [0.134959384799, 0.0567133724689, 0.360593080521, 0.223570302129, 0.237991645932, 0.00848250370473],
        "min": [0.00242523266934, 0.00131123117171, 0.0101002091542, 0.00914226006716, 0.00325711397454, 0.000366694352124],
        "stdev": [0.21448764205, 0.0889243036509, 0.261844873428, 0.20480287075, 0.21499414742, 0.00941997114569]
    },
    "beats_position": [0.522448956966, 1.04489791393, 1.55573689938, 2.06657600403, 2.57741498947, 3.11147379875, 3.64553284645, 4.17959165573, 4.71365070343, 5.24770975113, 5.80498838425, 6.33904743195, 6.87310647964, 7.47682523727, 8.09215450287, 8.68426322937, 9.38086128235, 10.0658502579, 10.7508392334, 11.4474372864, 12.144036293, 12.8522443771, 13.5604534149, 14.2802715302, 14.9536504745, 15.6502494812, 16.3352375031, 16.904127121, 17.4846248627, 18.0651245117, 18.6107940674, 19.179681778, 19.760181427, 20.3406791687, 20.9095687866, 21.4668483734, 22.0589561462, 22.5349655151, 22.9645347595, 23.405714035, 23.8585033417, 24.3112926483, 24.7408618927, 25.1820411682, 25.6116104126, 26.0527877808, 26.470746994, 26.8887062073, 27.3182754517, 27.747844696, 28.1890239716],
