{
"metadata": {
    "version": {
        "essentia": "2.1-beta5",
        "essentia_git_sha": "Undefined",
        "extractor": "music 2.0"
    },
    "audio_properties": {
        "analysis": {
            "equal_loudness": 0,
            "length": 32.4963264465,
            "sample_rate": 44100,
            "start_time": 61.4980506897,
            "downmix": "mix"
        },
        "bit_rate": 192000,
        "length": 232.768432617,
        "lossless": 0,
        "number_channels": 2,
        "replay_gain": -14.2637863159,
        "sample_rate": 48000,
        "codec": "mp3",
        "md5_encoded": "1bca1ba8de2f9314a30f46f845b735f9"
    },
    "tags": {
        "file_name": "Germany_Wunder Gibt Es Immer Wieder_Katja Ebstein.mp3",
        "encoding": ["Lavf58.29.100"]
    }
},
"lowlevel": {
    "average_loudness": 0.971627354622,
    "barkbands_crest": {
        "max": 25.7697219849,
        "mean": 11.2207708359,
        "min": 3.19155192375,
        "stdev": 4.71183395386
    },
    "barkbands_flatness_db": {
        "max": 0.349516659975,
        "mean": 0.199719637632,
        "min": 0.12031634897,
        "stdev": 0.035723682493
    },
    "barkbands_kurtosis": {
        "max": 55.6613998413,
        "mean": 2.20142364502,
        "min": -1.87853908539,
        "stdev": 5.94833946228
    },
    "barkbands_skewness": {
        "max": 6.91364002228,
        "mean": 0.929711461067,
        "min": -2.79836940765,
        "stdev": 1.11390078068
    },
    "barkbands_spread": {
        "max": 84.901473999,
        "mean": 20.219865799,
        "min": 2.11258721352,
        "stdev": 10.8326749802
    },
    "dissonance": {
        "max": 0.499972015619,
        "mean": 0.448470085859,
        "min": 0.236045628786,
        "stdev": 0.0338974967599
    },
    "dynamic_complexity": 1.88809764385,
    "erbbands_crest": {
        "max": 32.4712944031,
        "mean": 12.4598693848,
        "min": 3.25002217293,
        "stdev": 5.50420475006
    },
    "erbbands_flatness_db": {
        "max": 0.40680167079,
        "mean": 0.250069350004,
        "min": 0.15323767066,
        "stdev": 0.0328701660037
    },
    "erbbands_kurtosis": {
        "max": 86.6176757812,
        "mean": 0.963154613972,
        "min": -1.88828253746,
        "stdev": 4.64830446243
    },
    "erbbands_skewness": {
        "max": 3.824903965,
        "mean": 0.380456477404,
        "min": -4.24209260941,
        "stdev": 0.825319051743
    },
    "erbbands_spread": {
        "max": 98.0481491089,
        "mean": 32.9138679504,
        "min": 0.920924842358,
        "stdev": 16.2569732666
    },
    "hfc": {
        "max": 131.755752563,
        "mean": 21.8176212311,
        "min": 0.601510167122,
        "stdev": 15.1414108276
    },
    "loudness_ebu128": {
        "integrated": -10.2966060638,
        "loudness_range": 2.23296546936,
        "momentary": {
            "max": -7.70993614197,
            "mean": -10.5150146484,
            "min": -15.3164682388,
            "stdev": 1.42875552177
        },
        "short_term": {
            "max": -8.67947387695,
            "mean": -10.4203891754,
            "min": -11.8737106323,
            "stdev": 0.735447108746
        }
    },
    "melbands_crest": {
        "max": 31.6921596527,
        "mean": 13.4595546722,
        "min": 3.80834913254,
        "stdev": 5.85500574112
    },
    "melbands_flatness_db": {
        "max": 0.375546336174,
        "mean": 0.207131803036,
        "min": 0.104548722506,
        "stdev": 0.0450932383537
    },
    "melbands_kurtosis": {
        "max": 114.682296753,
        "mean": 6.55197477341,
        "min": -1.86556148529,
        "stdev": 10.7353849411
    },
    "melbands_skewness": {
        "max": 8.6552696228,
        "mean": 1.70175611973,
        "min": -2.0424246788,
        "stdev": 1.33138406277
    },
    "melbands_spread": {
        "max": 180.251205444,
        "mean": 27.8121452332,
        "min": 1.86161255836,
        "stdev": 17.1371707916
    },
    "pitch_salience": {
        "max": 0.904319107533,
        "mean": 0.526262164116,
        "min": 0.141350209713,
        "stdev": 0.125686228275
    },
    "silence_rate_20dB": {
        "max": 1,
        "mean": 1,
        "min": 1,
        "stdev": 0
    },
    "silence_rate_30dB": {
        "max": 1,
        "mean": 1,
        "min": 1,
        "stdev": 0
    },
    "silence_rate_60dB": {
        "max": 1,
        "mean": 0.0128479655832,
        "min": 0,
        "stdev": 0.1126184389
    },
    "spectral_centroid": {
        "max": 4400.68310547,
        "mean": 1635.83996582,
        "min": 345.385894775,
        "stdev": 697.920349121
    },
    "spectral_complexity": {
        "max": 47,
        "mean": 15.8315486908,
        "min": 0,
        "stdev": 6.24313783646
    },
    "spectral_decrease": {
        "max": -7.88086332304e-11,
        "mean": -4.99800378861e-09,
        "min": -1.54616941472e-08,
        "stdev": 2.59296450977e-09
    },
    "spectral_energy": {
        "max": 0.0616019368172,
        "mean": 0.0208425410092,
        "min": 0.000360823585652,
        "stdev": 0.01079297252
    },
    "spectral_energyband_high": {
        "max": 0.022142181173,
        "mean": 0.00106554909144,
        "min": 6.72825217407e-06,
        "stdev": 0.00171547697391
    },
    "spectral_energyband_low": {
        "max": 0.00598430586979,
        "mean": 0.00129335781094,
        "min": 4.18327954321e-06,
        "stdev": 0.000858402985614
    },
    "spectral_energyband_middle_high": {
        "max": 0.0426277182996,
        "mean": 0.00737393647432,
        "min": 8.21291978355e-05,
        "stdev": 0.00690608052537
    },
    "spectral_energyband_middle_low": {
        "max": 0.0570554733276,
        "mean": 0.0114346817136,
        "min": 6.51332811685e-05,
        "stdev": 0.00866044964641
    },
    "spectral_entropy": {
        "max": 8.09681892395,
        "mean": 7.18609619141,
        "min": 5.88918924332,
        "stdev": 0.333198100328
    },
    "spectral_flux": {
        "max": 0.209632098675,
        "mean": 0.0806236192584,
        "min": 0.0169194322079,
        "stdev": 0.0368106178939
    },
    "spectral_kurtosis": {
        "max": 25.5269374847,
        "mean": 3.35776281357,
        "min": -1.37043023109,
        "stdev": 3.25412392616
    },
    "spectral_rms": {
        "max": 0.00775238359347,
        "mean": 0.00433702720329,
        "min": 0.000593315286096,
        "stdev": 0.0012346659787
    },
    "spectral_rolloff": {
        "max": 6524.56054688,
        "mean": 1833.43884277,
        "min": 172.265625,
        "stdev": 1233.01586914
    },
    "spectral_skewness": {
        "max": 3.88436293602,
        "mean": 0.967663228512,
        "min": -0.826122879982,
        "stdev": 0.600059986115
    },
    "spectral_spread": {
        "max": 6476484,
        "mean": 3176845.25,
        "min": 1625870.625,
        "stdev": 539457.25
    },
    "spectral_strongpeak": {
        "max": 8.70057201385,
        "mean": 1.87471282482,
        "min": 0.0174672305584,
        "stdev": 1.40714097023
    },
    "zerocrossingrate": {
        "max": 0.216796875,
        "mean": 0.0613537058234,
        "min": 0.01220703125,
        "stdev": 0.0253716148436
    },
    "barkbands": {
        "max": [0.000373659771867, 0.0036480743438, 0.00463871890679, 0.00635978672653, 0.0288392156363, 0.0402821749449, 0.0362002924085, 0.0195181425661, 0.0403167493641, 0.0265977662057, 0.0361221134663, 0.0219864565879, 0.0176552832127, 0.0175299365073, 0.0107068102807, 0.017312252894, 0.00871312618256, 0.0043894322589, 0.00701163802296, 0.00939200725406, 0.00851151160896, 0.0102273868397, 0.00232782494277, 4.0777700633e-05, 4.78735819343e-06, 6.63385890221e-07, 6.4399631583e-07],
        "mean": [5.13576087542e-05, 0.000584821158554, 0.000418403069489, 0.000554564699996, 0.00176034856122, 0.00279004266486, 0.00358324684203, 0.00045709477854, 0.0021769865416, 0.00117629521992, 0.00139663170557, 0.00088019517716, 0.000922378501855, 0.000925970263779, 0.000424819008913, 0.00021566011128, 0.000312997639412, 0.000341469014529, 0.000441264914116, 0.00107343716081, 0.000178749018232, 9.83441423159e-05, 7.38632661523e-05, 3.34457104145e-06, 2.58523499497e-07, 1.13519582623e-09, 1.1461498417e-09],
        "min": [1.9476405555e-07, 4.78964011563e-07, 8.55641474118e-07, 2.0903355562e-06, 6.98909661878e-06, 4.53957864011e-06, 8.22067534045e-07, 1.88294541204e-06, 2.61379750555e-06, 1.27094972413e-06, 1.54151507559e-06, 1.16506464565e-06, 1.03980380572e-06, 1.5837428009e-06, 6.8995939273e-07, 9.86609961728e-07, 8.92638013283e-07, 7.01553233284e-07, 1.16953003726e-06, 8.90631895345e-07, 1.19647779684e-06, 3.54844786443e-07, 5.06517721988e-07, 5.39755902196e-08, 8.27078761034e-09, 4.59086718294e-12, 6.16551861649e-12],
        "stdev": [4.37857270299e-05, 0.000499287329149, 0.000580674910452, 0.000740650983062, 0.00342326238751, 0.00452173920348, 0.00626596994698, 0.00128847919405, 0.00439103459939, 0.00279291113839, 0.0035072080791, 0.00258926511742, 0.00209322501905, 0.00183234305587, 0.000891759584192, 0.000611206749454, 0.000667685235385, 0.000562185305171, 0.000557687541004, 0.00149750628043, 0.000512234226335, 0.00045461114496, 0.000160598065122, 3.81556947104e-06, 2.49670677022e-07, 1.77233996368e-08, 1.72086256356e-08]
    },
    "erbbands": {
        "max": [0.0741220489144, 0.89539372921, 3.55683350563, 11.8305110931, 42.119594574, 172.867279053, 286.878997803, 433.024200439, 656.022216797, 1034.40197754, 251.050216675, 1035.32287598, 548.424682617, 946.120361328, 1108.3157959, 1108.39172363, 885.785217285, 839.280029297, 937.324707031, 222.002212524, 907.596740723, 525.803405762, 282.267425537, 344.24786377, 288.396331787, 584.97869873, 325.908111572, 384.453887939, 412.165222168, 162.241073608, 61.9965400696, 4.30669689178, 0.603960454464, 0.12100917846, 0.00561604043469, 0.00279335374944, 0.00121796247549, 0.000414811278461, 0.000102144222183, 7.24076598999e-05],
        "mean": [0.0150886578485, 0.136575430632, 0.462394237518, 1.23301517963, 2.84027075768, 8.36682701111, 12.743522644, 25.5498867035, 48.9408912659, 35.0247879028, 15.5340118408, 56.0054550171, 29.621509552, 44.4131469727, 50.7856941223, 40.7353553772, 46.3566360474, 33.9600830078, 46.9864654541, 13.0972614288, 12.1130580902, 19.0609092712, 16.0740356445, 22.2192249298, 27.2006664276, 53.8458900452, 16.29986763, 6.33599328995, 3.74274754524, 2.7383723259, 2.11284708977, 0.250844091177, 0.0429498367012, 0.00715833390132, 0.000308202870656, 5.05366660946e-05, 1.98159086722e-05, 7.27289852875e-06, 1.31687629619e-05, 2.5926690796e-05],
        "min": [2.45462506427e-05, 9.79909891612e-05, 0.00141023239121, 0.0075190924108, 0.0102050723508, 0.0280689913779, 0.0458429306746, 0.0314919315279, 0.0136687345803, 0.0194415897131, 0.151392266154, 0.113803111017, 0.0752964764833, 0.0812520980835, 0.0796433463693, 0.0589061230421, 0.0791449099779, 0.0881337895989, 0.0617645308375, 0.093795992434, 0.0528574436903, 0.0662024468184, 0.0619268864393, 0.0545789599419, 0.0721365436912, 0.0448534339666, 0.0383740514517, 0.042429830879, 0.012837455608, 0.0197333078831, 0.0118477987126, 0.00220585684292, 0.000755275133997, 0.000147623344674, 4.6689165174e-05, 5.07474669575e-06, 1.20285039884e-06, 2.59646185441e-07, 8.12194457467e-07, 6.11057771494e-07],
        "stdev": [0.00915463455021, 0.12915122509, 0.482486069202, 1.41755032539, 3.79287266731, 19.1083984375, 20.0129089355, 42.0648727417, 94.3905792236, 82.8792648315, 26.225063324, 118.250030518, 59.4950294495, 90.4855041504, 111.215499878, 117.403999329, 98.7587585449, 74.8750457764, 81.1668395996, 19.9991855621, 31.2413387299, 40.3626251221, 24.3186569214, 31.7864875793, 34.4524345398, 79.2495193481, 25.20429039, 22.6130771637, 18.0858650208, 9.27719974518, 4.14459085464, 0.356910973787, 0.0493931472301, 0.00733538810164, 0.0003498600272, 8.95113698789e-05, 3.65842897736e-05, 1.30815005832e-05, 7.77680543251e-06, 1.35691316245e-05]
    },
    "gfcc": {
        "mean": [-48.6690254211, 145.460861206, -176.93699646, 55.6703910828, -74.8550338745, -5.83330392838, -12.2681722641, -21.0756416321, -1.65640687943, -17.9381866455, 14.0463762283, -17.0832462311, 2.53023862839],
        "cov": [[1458.58081055, -332.59564209, -608.974731445, 51.0773887634, -48.2612609863, -181.556991577, 144.022247314, -109.285041809, 2.66582298279, 113.966514587, -28.8494243622, -101.857688904, -69.2006225586], [-332.59564209, 418.90133667, 154.026596069, -235.744842529, 54.5498085022, 105.837921143, -12.2338876724, -9.87087440491, -76.7972183228, -121.43800354, -45.1813430786, -10.709192276, 75.4431686401], [-608.974731445, 154.026596069, 508.49420166, 118.652702332, -72.8330764771, -5.90521144867, -132.174301147, 34.8544654846, 51.2463569641, -64.6369171143, -16.1709861755, 82.9051971436, 3.7657854557], [51.0773887634, -235.744842529, 118.652702332, 421.979949951, -46.428527832, -204.835540771, -108.323303223, 31.6340847015, 118.185539246, 52.320400238, 21.6825046539, 69.1416549683, -74.0192565918], [-48.2612609863, 54.5498085022, -72.8330764771, -46.428527832, 161.19694519, 43.5256538391, -12.8652105331, 28.154291153, -36.884563446, -36.2238006592, 32.4961662292, 6.38101768494, 8.26398468018], [-181.556991577, 105.837921143, -5.90521144867, -204.835540771, 43.5256538391, 360.224090576, 155.94960022, -79.6703720093, -111.139427185, -15.5688772202, -32.0647926331, -40.9513511658, 1.29083704948], [144.022247314, -12.2338876724, -132.174301147, -108.323303223, -12.8652105331, 155.94960022, 228.52772522, -24.3253383636, -93.7435379028, 28.2700538635, -20.298833847, -67.2796173096, 5.62899923325], [-109.285041809, -9.87087440491, 34.8544654846, 31.6340847015, 28.154291153, -79.6703720093, -24.3253383636, 142.232223511, 58.6929626465, -21.1622524261, 21.9499855042, 21.0120372772, 18.0975608826], [2.66582298279, -76.7972183228, 51.2463569641, 118.185539246, -36.884563446, -111.139427185, -93.7435379028, 58.6929626465, 160.695922852, 42.2327270508, -7.22370815277, 36.1778068542, -30.4089622498], [113.966514587, -121.43800354, -64.6369171143, 52.320400238, -36.2238006592, -15.5688772202, 28.2700538635, -21.1622524261, 42.2327270508, 145.807922363, 41.7838973999, -67.1307449341, -40.5333328247], [-28.8494243622, -45.1813430786, -16.1709861755, 21.6825046539, 32.4961662292, -32.0647926331, -20.298833847, 21.9499855042, -7.22370815277, 41.7838973999, 126.879081726, 29.7357177734, -34.3709526062], [-101.857688904, -10.709192276, 82.9051971436, 69.1416549683, 6.38101768494, -40.9513511658, -67.2796173096, 21.0120372772, 36.1778068542, -67.1307449341, 29.7357177734, 158.888366699, 13.2686634064], [-69.2006225586, 75.4431686401, 3.7657854557, -74.0192565918, 8.26398468018, 1.29083704948, 5.62899923325, 18.0975608826, -30.4089622498, -40.5333328247, -34.3709526062, 13.2686634064, 109.095733643]],
        "icov": [[0.00251692743041, 0.000585881585721, 0.00240818527527, 2.9393553632e-05, 0.000228548640735, 0.00235981517471, -0.00208569294773, 0.00294138584286, -0.0015562599292, 0.00163812760729, 0.000236995721934, 0.000639642821625, 0.000874331512023], [0.000585881585721, 0.00882126390934, -0.00454124016687, 0.00519018992782, -0.00467861350626, 0.00318152760155, -0.0035040830262, 0.00617590080947, -0.0048219980672, 0.00719430251047, -0.00220344192348, 0.00454685511068, -0.00249561085366], [0.00240818527527, -0.00454124016687, 0.00953850150108, -0.00481059821323, 0.0069636227563, -0.00270987814292, 0.0041212439537, -0.00336346821859, 0.00275264098309, -0.00102961051743, 0.00119613483548, -0.00187966739759, 0.00191486719996], [2.9393553632e-05, 0.00519018992782, -0.00481059821323, 0.0093158390373, -0.00476843724027, 0.00567426718771, -0.00224294792861, 0.00211699958891, 0.000134998306748, -0.00255518755876, 0.0041273268871, -0.00294437119737, 0.0037214520853], [0.000228548640735, -0.00467861350626, 0.0069636227563, -0.00476843724027, 0.0152056710795, -0.00667495699599, 0.00789874792099, -0.00829858053476, 0.00581038650125, -0.000136124057462, -0.00203832983971, -0.000683004618622, 0.000810827245004], [0.00235981517471, 0.00318152760155, -0.00270987814292, 0.00567426718771, -0.00667495699599, 0.0122897205874, -0.00928772985935, 0.00849984679371, -0.00261377240531, 0.000656751915812, 0.00292914290912, -0.000893450516742, 0.00321651855484], [-0.00208569294773, -0.0035040830262, 0.0041212439537, -0.00224294792861, 0.00789874792099, -0.00928772985935, 0.0192251726985, -0.0155454017222, 0.0168966129422, -0.0128168035299, 0.00831685867161, -0.00640512863174, 0.00388156855479], [0.00294138584286, 0.00617590080947, -0.00336346821859, 0.00211699958891, -0.00829858053476, 0.00849984679371, -0.0155454017222, 0.0288278311491, -0.024620320648, 0.0219567082822, -0.0156114585698, 0.0138720525429, -0.00961507856846], [-0.0015562599292, -0.0048219980672, 0.00275264098309, 0.000134998306748, 0.00581038650125, -0.00261377240531, 0.0168966129422, -0.024620320648, 0.0378177687526, -0.0306165795773, 0.0240198206156, -0.0205567628145, 0.0143808089197], [0.00163812760729, 0.00719430251047, -0.00102961051743, -0.00255518755876, -0.000136124057462, 0.000656751915812, -0.0128168035299, 0.0219567082822, -0.0306165795773, 0.0433218702674, -0.0282488428056, 0.0266917366534, -0.0131970262155], [0.000236995721934, -0.00220344192348, 0.00119613483548, 0.0041273268871, -0.00203832983971, 0.00292914290912, 0.00831685867161, -0.0156114585698, 0.0240198206156, -0.0282488428056, 0.0315458364785, -0.0205841548741, 0.0153552507982], [0.000639642821625, 0.00454685511068, -0.00187966739759, -0.00294437119737, -0.000683004618622, -0.000893450516742, -0.00640512863174, 0.0138720525429, -0.0205567628145, 0.0266917366534, -0.0205841548741, 0.0253316815943, -0.0119587155059], [0.000874331512023, -0.00249561085366, 0.00191486719996, 0.0037214520853, 0.000810827245004, 0.00321651855484, 0.00388156855479, -0.00961507856846, 0.0143808089197, -0.0131970262155, 0.0153552507982, -0.0119587155059, 0.0205981787294]]
    },
    "melbands": {
        "max": [0.00086461903993, 0.00128758198116, 0.00248920731246, 0.0057976921089, 0.00769297266379, 0.00924022309482, 0.00855960231274, 0.00965697783977, 0.00376138812862, 0.00556606752798, 0.00290478952229, 0.00424242997542, 0.0053425594233, 0.00275624170899, 0.00161609426141, 0.00233628903516, 0.00189113628585, 0.00201621395536, 0.000418381096097, 0.00100576097611, 0.000889326795004, 0.000769850274082, 0.000240893597947, 0.000220366448048, 0.000340184866218, 0.00042008724995, 0.000339524820447, 0.000555061618797, 0.000234906197875, 0.000203182076802, 0.000267855735729, 0.000258188490989, 0.000143011697219, 8.16899337224e-05, 4.72258871014e-05, 1.10343553388e-05, 5.62574541618e-07, 4.71054022455e-07, 2.40382917127e-07, 6.20764453174e-08],
        "mean": [0.000148289182107, 0.000227619457291, 0.000253811042057, 0.000390999746742, 0.000447125465143, 0.00059364119079, 0.000726311584003, 0.00030513110687, 0.000167973412317, 0.000333162635798, 0.00014405825641, 0.000184252654435, 0.000203289135243, 0.000106136219983, 0.000100681660115, 8.3666323917e-05, 6.19964921498e-05, 9.00406957953e-05, 2.1242438379e-05, 1.58859220392e-05, 1.2587243873e-05, 2.11693568417e-05, 1.2123579836e-05, 1.86308407137e-05, 1.74761626113e-05, 1.78795035026e-05, 2.42778605752e-05, 4.10860848206e-05, 1.23949685076e-05, 4.25520238423e-06, 3.13773966809e-06, 2.15402860704e-06, 1.67398331996e-06, 1.46787806443e-06, 1.47624132296e-06, 4.29668517654e-07, 5.2957769725e-08, 3.02414733255e-08, 1.37816114076e-08, 2.40477682212e-09],
        "min": [2.02617115974e-07, 5.8956391058e-07, 1.52702136802e-06, 1.46086597397e-06, 8.64884611929e-07, 7.22398397102e-07, 1.95574173745e-07, 2.40215797476e-07, 3.60941186273e-07, 4.17123260377e-07, 2.49706289424e-07, 2.93295897791e-07, 2.18715896949e-07, 1.52524521013e-07, 1.4199545717e-07, 7.30053102416e-08, 1.66026993043e-07, 8.77796964005e-08, 7.6533211768e-08, 7.66228893667e-08, 4.84932272116e-08, 5.39739986039e-08, 2.30230394749e-08, 3.06108880466e-08, 3.91468617522e-08, 4.4611979888e-08, 2.74923781518e-08, 3.11780254947e-08, 2.53098537684e-08, 2.16175308765e-08, 1.92549283184e-08, 4.63913751858e-09, 9.20269371818e-09, 1.17862555271e-08, 7.91896503927e-09, 3.09659409226e-09, 6.62134402862e-10, 6.69805377829e-10, 1.6742422726e-10, 9.19697790147e-11],
        "stdev": [0.000110547058284, 0.00018803459534, 0.000269705575192, 0.000708767038304, 0.000657829921693, 0.000929900852498, 0.00135214545298, 0.000773818406742, 0.000346950691892, 0.00070437672548, 0.000319580489304, 0.000391505629523, 0.000508938217536, 0.000320287537761, 0.000185219527339, 0.000222401882638, 0.000153278160724, 0.000165576057043, 4.5742301154e-05, 4.12900735682e-05, 3.42058447131e-05, 5.20395042258e-05, 2.10272592085e-05, 3.2659376302e-05, 2.83617901005e-05, 2.30740351981e-05, 3.999202454e-05, 6.54156465316e-05, 2.04803764063e-05, 1.21337834571e-05, 1.36471671794e-05, 1.13661526484e-05, 6.86416433382e-06, 4.60027968074e-06, 2.9921704936e-06, 7.24767119209e-07, 6.07734875757e-08, 3.77940025942e-08, 1.47859067212e-08, 2.70550071235e-09]
    },
    "melbands128": {
        "max": [0.000239623070229, 0.000479017908219, 0.0012222356163, 0.00164396781474, 0.00143841526005, 0.00266779912636, 0.00277245533653, 0.00366058619693, 0.00517140934244, 0.00713328365237, 0.0136036761105, 0.0075098304078, 0.0117432354018, 0.0145088434219, 0.0132835078984, 0.0187782458961, 0.0217467453331, 0.0158987585455, 0.0127966767177, 0.0202974639833, 0.00709483632818, 0.00373380351812, 0.00380080100149, 0.012288688682, 0.0111884977669, 0.0099964691326, 0.0075050718151, 0.00418587867171, 0.00736590102315, 0.00903955847025, 0.00656142830849, 0.00770949712023, 0.00998617801815, 0.00186616636347, 0.00407889066264, 0.00562067423016, 0.00406780513003, 0.0020600380376, 0.00488882418722, 0.00311919231899, 0.00498674018309, 0.00347017147578, 0.00311441719532, 0.00343055929989, 0.00388203444891, 0.00331813329831, 0.00160800700542, 0.000746028497815, 0.000743717653677, 0.000531605037395, 0.00116188218817, 0.00250229518861, 0.00143850594759, 0.000331278599333, 0.00123076140881, 0.00160935381427, 0.000712734472472, 0.000443932251073, 0.000473960855743, 0.000433506967966, 0.000494462437928, 0.000520861824043, 0.000458034599433, 0.000611836265307, 0.000548525422346, 0.000885543646291, 0.000262206915068, 0.000696220959071, 0.000760419119615, 0.00060844887048, 0.000876020523719, 0.000976194976829, 0.000428147381172, 0.000217912645894, 0.000196376480744, 0.000184169359272, 0.000303041510051, 0.000241337402258, 0.000320576742524, 0.000245261908276, 0.000332202005666, 0.00021258094057, 0.000235982559389, 0.000106935891381, 0.000117214243801, 0.000107190200652, 7.10306412657e-05, 5.66274538869e-05, 7.14257039363e-05, 4.62536045234e-05, 1.64332341228e-05, 5.18476463185e-06, 8.11453446659e-07, 6.74815737511e-07, 8.09071309504e-07, 5.48179798443e-07, 6.09310973232e-07, 5.01618103499e-07, 2.57150986727e-07, 2.24394568704e-07, 9.97146685222e-08, 3.20808553056e-08, 7.21446813401e-09, 6.65681243461e-09, 6.1848912658e-09, 5.76058223345e-09, 5.38461053523e-09, 5.04949104752e-09, 4.7438439843e-09, 4.47656756108e-09, 4.22633794628e-09, 4.00932442801e-09, 3.8146610315e-09, 3.63458219077e-09, 3.46959594388e-09, 3.31866822911e-09, 3.19339354959e-09, 3.0773184001e-09, 2.95921243065e-09, 2.86933610205e-09, 2.77803935411e-09, 2.70146194303e-09, 2.63979460513e-09, 2.5776139001e-09, 2.54156162782e-09, 2.50576293048e-09, 2.47741671622e-09, 2.46108711188e-09],
        "mean": [3.88215703424e-05, 0.000117321375001, 0.000173334716237, 0.000245985633228, 0.000238376975176, 0.000202638781047, 0.000236025371123, 0.000292294716928, 0.0002378263016, 0.000373913557269, 0.000556618149858, 0.000319669779856, 0.000293507473543, 0.000790922145825, 0.000603300810326, 0.000386948668165, 0.000802632770501, 0.00087533146143, 0.00050570408348, 0.000472410320072, 0.000118866570119, 4.02716177632e-05, 8.66972404765e-05, 0.000390304543544, 0.000532074191142, 0.000230841847952, 9.41177859204e-05, 8.78709106473e-05, 0.000254366284935, 0.000196727007278, 0.000107413601654, 0.000244053808274, 0.000317144411383, 6.38808560325e-05, 9.4650858955e-05, 0.000141817232361, 9.84717262327e-05, 6.1632359575e-05, 0.000142939548823, 0.000117968789709, 5.72470598854e-05, 4.97525506944e-05, 5.26264593645e-05, 5.70080228499e-05, 0.000128426370793, 0.000101823396108, 4.58518989035e-05, 1.75315817614e-05, 1.13413670988e-05, 1.52094098667e-05, 1.83031916094e-05, 1.33763869599e-05, 1.59711889864e-05, 8.41451492306e-06, 1.38377145049e-05, 3.03968390654e-05, 1.913513006e-05, 1.25254964587e-05, 1.04858154373e-05, 7.99203371571e-06, 2.28301978495e-05, 2.40558711084e-05, 1.39388812386e-05, 1.61822208611e-05, 2.17619617615e-05, 1.79767394002e-05, 1.41530945257e-05, 2.10684265767e-05, 2.73863934126e-05, 2.57840365521e-05, 5.08449302288e-05, 4.73402651551e-05, 1.79262478923e-05, 6.62155844111e-06, 3.72416388927e-06, 3.95575989387e-06, 4.95172935189e-06, 3.90977675124e-06, 2.82484870695e-06, 2.40070539803e-06, 2.18826630771e-06, 2.08968322113e-06, 1.93943196791e-06, 1.57230545028e-06, 1.56453904765e-06, 1.36697849484e-06, 1.44405441915e-06, 1.63627839811e-06, 1.63382765095e-06, 1.36294124786e-06, 5.94850121161e-07, 1.72547515831e-07, 6.60914381001e-08, 5.13175102412e-08, 4.26432578138e-08, 3.57728282552e-08, 2.88461237119e-08, 2.03569197055e-08, 1.43415306297e-08, 1.11734310693e-08, 4.83273820961e-09, 2.42070363754e-10, 1.0171653797e-10, 1.37892024188e-11, 9.8217432451e-12, 9.27319158961e-12, 8.79713663027e-12, 8.34663328037e-12, 7.95225343908e-12, 7.55977572209e-12, 7.26670893597e-12, 7.08638269592e-12, 6.54967096184e-12, 6.26902566317e-12, 6.02033960878e-12, 5.79601470985e-12, 5.59620101995e-12, 5.41412878072e-12, 5.24014078657e-12, 5.09326565298e-12, 4.95343176199e-12, 4.83157567774e-12, 4.72991871364e-12, 4.63484155569e-12, 4.55965647184e-12, 4.48443105566e-12, 4.43148035628e-12, 4.40383233352e-12],
        "min": [1.79698318448e-08, 2.58633889416e-07, 1.3353260897e-07, 1.22560180671e-07, 4.26122937824e-07, 5.9527292251e-07, 9.00580005236e-07, 5.68678899526e-07, 5.7923557506e-07, 6.90470869813e-07, 2.65570520241e-07, 4.2634681563e-08, 3.20213644045e-07, 4.29127396728e-07, 7.64979006362e-07, 1.12861357593e-07, 2.30385722944e-07, 1.47459701338e-07, 7.48983239873e-08, 1.53784611712e-07, 7.40784784625e-08, 4.83760906889e-08, 1.18802347515e-07, 2.19987242644e-07, 8.45935019811e-08, 1.65065316082e-07, 5.81984878067e-08, 7.80424542768e-08, 9.55736965125e-08, 9.08057486981e-08, 9.04967691895e-08, 1.36494080039e-07, 8.83718556111e-08, 2.02319991871e-08, 2.34788792852e-08, 1.29332677901e-08, 2.30241941068e-08, 1.14295161779e-07, 3.49879094586e-08, 2.36748594062e-08, 9.11999187281e-09, 1.94533047448e-08, 2.05164685241e-08, 1.73133507531e-08, 4.49846773165e-08, 1.06259392396e-08, 2.11862190014e-08, 6.10466699413e-09, 1.91654940807e-08, 4.5191452358e-08, 1.49285028783e-08, 2.32819665769e-08, 2.90358848076e-08, 3.58171661219e-08, 2.63600128392e-08, 6.34510133324e-09, 3.00979650092e-08, 1.40949438787e-08, 1.0597820399e-08, 1.05108695081e-08, 7.31862792591e-09, 1.00831556438e-08, 9.6157970475e-09, 2.33115038384e-08, 2.41307152038e-08, 3.06408587392e-08, 1.41024427691e-08, 1.1409682088e-08, 2.39150366177e-09, 1.03208233071e-08, 2.50342768737e-08, 1.79901711306e-08, 1.9597230505e-08, 1.85624937643e-08, 1.84389854496e-08, 9.27492926905e-09, 3.50045969988e-09, 4.8071804315e-09, 1.33423290194e-08, 7.99310662103e-09, 4.31461222306e-09, 8.95507668019e-10, 8.53248494082e-09, 9.18473830325e-09, 9.19785403397e-09, 7.10542025217e-09, 1.00930392932e-08, 9.33395316594e-09, 6.18946316422e-09, 1.84435688944e-09, 4.57396032161e-09, 1.58751578549e-09, 1.18022436268e-09, 1.32588676149e-10, 8.17399706948e-12, 8.80611902843e-12, 7.24486512449e-11, 2.89535923015e-10, 1.28665453292e-10, 1.02580791084e-10, 1.64550761905e-10, 4.21448872979e-13, 2.96883015134e-14, 2.98539167833e-14, 2.87630535438e-14, 2.04888121985e-14, 1.55363308346e-14, 2.12505828093e-14, 1.80950937014e-14, 2.2826806092e-14, 2.69987262663e-14, 1.77876376822e-14, 2.47125521544e-14, 2.13081556387e-14, 1.95606148602e-14, 2.56187994809e-14, 2.37519134542e-14, 2.03712999296e-14, 2.75271257476e-14, 2.12766883647e-14, 2.33009327843e-14, 1.97358727532e-14, 2.39279506175e-14, 1.89321740116e-14, 1.42294589469e-14, 6.67565173401e-15, 9.28169915634e-16, 3.13632146694e-17],
        "stdev": [3.24623906636e-05, 6.52895105304e-05, 0.000162708733114, 0.000259466498392, 0.000226309683057, 0.000307742331643, 0.000301002670312, 0.000391392008169, 0.000404458580306, 0.000642940285616, 0.0014778469922, 0.000853274948895, 0.000634535856079, 0.00149628729559, 0.0012401730055, 0.00127953453921, 0.00187984074, 0.00209936895408, 0.00121111667249, 0.00151046889368, 0.000419195712311, 0.000194163585547, 0.000239629895077, 0.00100950826891, 0.00126778997947, 0.000754868320655, 0.000482466130052, 0.000273460318567, 0.000721402524505, 0.000659967423417, 0.000376521755243, 0.000694427406415, 0.000934438430704, 0.000147908605868, 0.000370321591618, 0.000561744265724, 0.00043433814426, 0.000165072400705, 0.000389532506233, 0.000337641919032, 0.000323009153362, 0.000223891896894, 0.000227781143622, 0.000219525609282, 0.00030950299697, 0.000248751137406, 0.000140060597914, 6.81651872583e-05, 3.77899195882e-05, 3.24377833749e-05, 6.28911075182e-05, 7.15543937986e-05, 6.23216983513e-05, 2.25553085329e-05, 6.22248699074e-05, 9.72294656094e-05, 5.11607977387e-05, 3.08893031615e-05, 3.13116870529e-05, 2.22016406042e-05, 5.22399968759e-05, 6.03380576649e-05, 3.70591624232e-05, 4.6027755161e-05, 4.59527072962e-05, 3.74658557121e-05, 2.55302093137e-05, 5.06598335051e-05, 6.16442484898e-05, 5.15276296937e-05, 0.000109162494482, 9.81551784207e-05, 3.99776254199e-05, 1.57150880113e-05, 1.06598627099e-05, 1.05741710286e-05, 1.70852290466e-05, 1.51287722474e-05, 1.43474062497e-05, 1.2268811588e-05, 1.39558578667e-05, 1.10827122626e-05, 8.95484936336e-06, 6.61689864501e-06, 6.33141507933e-06, 5.03881392433e-06, 4.49302206107e-06, 4.13991620007e-06, 3.7607055674e-06, 2.82697465082e-06, 1.05907372472e-06, 3.14601948048e-07, 7.72765105239e-08, 6.31521501759e-08, 6.39627444343e-08, 4.65101557268e-08, 4.13545606648e-08, 2.77805991544e-08, 1.66188236506e-08, 1.1311853676e-08, 5.75355274535e-09, 1.25417976005e-09, 5.65278379661e-10, 1.7957708931e-10, 1.65210914393e-10, 1.53881130061e-10, 1.43841272227e-10, 1.34893193837e-10, 1.2673165295e-10, 1.19594598114e-10, 1.12910819583e-10, 1.07114456194e-10, 1.01919007955e-10, 9.71104446856e-11, 9.27040805232e-11, 8.8673499099e-11, 8.53271828194e-11, 8.22271070677e-11, 7.90729634548e-11, 7.66723212697e-11, 7.42338343573e-11, 7.21885259902e-11, 7.05411493107e-11, 6.88806650606e-11, 6.79175812812e-11, 6.69616237459e-11, 6.62047569544e-11, 6.57687238004e-11]
    },
    "mfcc": {
        "mean": [-661.944580078, 137.997344971, -29.4803524017, 43.324798584, -27.4293956757, 11.4242458344, -6.28651952744, 3.30705094337, -18.8092861176, 10.5061216354, -10.2058877945, 0.590691864491, 1.33697116375],
        "cov": [[1792.19055176, -388.761352539, -644.108032227, 154.687393188, -339.345794678, 76.8929748535, -36.0265159607, -131.988723755, -88.308921814, 248.034240723, -71.0098571777, -53.561466217, -28.2403621674], [-388.761352539, 586.779174805, 70.6090087891, -353.910186768, 67.1471481323, -2.94149065018, 124.145858765, 35.0586929321, 75.9889144897, -97.9038391113, -31.7389316559, -101.254142761, -99.2749786377], [-644.108032227, 70.6090087891, 509.751373291, 65.7469940186, 61.8091812134, 0.526805698872, -112.691719055, 39.6448478699, 37.9932823181, -127.798233032, 65.920539856, 25.0761547089, 8.10727024078], [154.687393188, -353.910186768, 65.7469940186, 509.442047119, 68.2982711792, -169.289016724, -217.482635498, -6.78414058685, -66.1717300415, 4.77150678635, -4.06268167496, 103.746543884, 85.6919326782], [-339.345794678, 67.1471481323, 61.8091812134, 68.2982711792, 265.204528809, -117.743858337, -74.0591125488, 55.7087097168, -14.1959819794, -101.188461304, -5.15845823288, 62.4279594421, 38.5478439331], [76.8929748535, -2.94149065018, 0.526805698872, -169.289016724, -117.743858337, 284.008148193, 111.574356079, -23.7137107849, 14.4133396149, 11.7535238266, 42.2664299011, -44.5929832458, -31.5383453369], [-36.0265159607, 124.145858765, -112.691719055, -217.482635498, -74.0591125488, 111.574356079, 315.38394165, -4.42943239212, -8.09429550171, 64.9755477905, -34.1999320984, -47.0358695984, -16.8194541931], [-131.988723755, 35.0586929321, 39.6448478699, -6.78414058685, 55.7087097168, -23.7137107849, -4.42943239212, 170.001983643, 26.4523105621, -114.507965088, -9.5921049118, -4.11077928543, 41.5384483337], [-88.308921814, 75.9889144897, 37.9932823181, -66.1717300415, -14.1959819794, 14.4133396149, -8.09429550171, 26.4523105621, 150.519866943, -11.5477218628, -11.4497833252, -47.1398887634, -44.9836540222], [248.034240723, -97.9038391113, -127.798233032, 4.77150678635, -101.188461304, 11.7535238266, 64.9755477905, -114.507965088, -11.5477218628, 248.244033813, -2.21986460686, -29.7227401733, -27.0008182526], [-71.0098571777, -31.7389316559, 65.920539856, -4.06268167496, -5.15845823288, 42.2664299011, -34.1999320984, -9.5921049118, -11.4497833252, -2.21986460686, 131.949615479, 42.8420410156, -10.3477869034], [-53.561466217, -101.254142761, 25.0761547089, 103.746543884, 62.4279594421, -44.5929832458, -47.0358695984, -4.11077928543, -47.1398887634, -29.7227401733, 42.8420410156, 137.080871582, 64.7555236816], [-28.2403621674, -99.2749786377, 8.10727024078, 85.6919326782, 38.5478439331, -31.5383453369, -16.8194541931, 41.5384483337, -44.9836540222, -27.0008182526, -10.3477869034, 64.7555236816, 139.455032349]],
        "icov": [[0.00243859644979, -0.000200449256226, 0.00314489984885, -0.00117437576409, 0.00275748874992, -0.00105583574623, 0.00184381077997, -0.000180743329111, 0.000888872833457, -0.000169297039974, 0.000689040403813, -2.85078840534e-05, 0.000483453623019], [-0.000200449256226, 0.00555713661015, -0.00132419692818, 0.00394509546459, -0.00167496502399, 0.00280518014915, -0.00136449467391, 0.00128100614529, -0.000287369737634, 0.00217132316902, 0.000220627407543, 0.00213634246029, 0.00147155800369], [0.00314489984885, -0.00132419692818, 0.00692497240379, -0.00273379473947, 0.00358753651381, -0.00203170045279, 0.00282395607792, 0.000133719760925, 0.000298254948575, 0.000865243782755, -0.000697644194588, 0.000286651338683, -0.000100052384369], [-0.00117437576409, 0.00394509546459, -0.00273379473947, 0.00730292033404, -0.00185797817539, 0.00338688516058, 0.000774941814598, 0.000401903322199, 0.00067402725108, 0.000239533750573, 0.00119977002032, -0.000468137295684, 6.55509866192e-05], [0.00275748874992, -0.00167496502399, 0.00358753651381, -0.00185797817539, 0.00945860613137, 0.000243072776357, 0.00270185479894, -0.00110157078598, 0.0013869041577, 0.000894592667464, 0.00113445019815, -0.00256455503404, 0.000289185612928], [-0.00105583574623, 0.00280518014915, -0.00203170045279, 0.00338688516058, 0.000243072776357, 0.00791235733777, -0.0028511073906, 0.00207095826045, -0.000661864643916, 0.00266314484179, -0.0027226919774, 0.00242573372088, -0.000444698351203], [0.00184381077997, -0.00136449467391, 0.00282395607792, 0.000774941814598, 0.00270185479894, -0.0028511073906, 0.00776406517252, -0.00213498342782, 0.00221737520769, -0.00278790178709, 0.00288257119246, -0.00176215893589, 0.000149997984408], [-0.000180743329111, 0.00128100614529, 0.000133719760925, 0.000401903322199, -0.00110157078598, 0.00207095826045, -0.00213498342782, 0.0115062147379, -0.00262895878404, 0.00599451549351, -0.00213848729618, 0.0043662879616, -0.00416486477479], [0.000888872833457, -0.000287369737634, 0.000298254948575, 0.00067402725108, 0.0013869041577, -0.000661864643916, 0.00221737520769, -0.00262895878404, 0.00931508280337, -0.00125228206161, 0.00177030288614, 0.000497066765092, 0.002724197926], [-0.000169297039974, 0.00217132316902, 0.000865243782755, 0.000239533750573, 0.000894592667464, 0.00266314484179, -0.00278790178709, 0.00599451549351, -0.00125228206161, 0.00948938541114, -0.00229926058091, 0.00364200631157, -0.000881247862708], [0.000689040403813, 0.000220627407543, -0.000697644194588, 0.00119977002032, 0.00113445019815, -0.0027226919774, 0.00288257119246, -0.00213848729618, 0.00177030288614, -0.00229926058091, 0.0123314019293, -0.00627445289865, 0.00360962818377], [-2.85078840534e-05, 0.00213634246029, 0.000286651338683, -0.000468137295684, -0.00256455503404, 0.00242573372088, -0.00176215893589, 0.0043662879616, 0.000497066765092, 0.00364200631157, -0.00627445289865, 0.0162130910903, -0.00559815345332], [0.000483453623019, 0.00147155800369, -0.000100052384369, 6.55509866192e-05, 0.000289185612928, -0.000444698351203, 0.000149997984408, -0.00416486477479, 0.002724197926, -0.000881247862708, 0.00360962818377, -0.00559815345332, 0.0129353608936]]
    },
    "spectral_contrast_coeffs": {
        "max": [-0.41377556324, -0.385829418898, -0.461199700832, -0.527972817421, -0.559727191925, -0.40641310811],
        "mean": [-0.696088850498, -0.685989439487, -0.715726435184, -0.738616704941, -0.733613014221, -0.659802913666],
        "min": [-0.96355342865, -0.91172516346, -0.917984068394, -0.898048639297, -0.886154353619, -0.857504248619],
        "stdev": [0.0762615650892, 0.104460634291, 0.0801405757666, 0.0618847236037, 0.0651068910956, 0.060827087611]
    },
    "spectral_contrast_valleys": {
        "max": [-5.90884828568, -5.30339288712, -5.72277021408, -6.3265542984, -5.94061040878, -10.3034696579],
        "mean": [-7.1003704071, -6.87650632858, -7.67510652542, -8.0446844101, -7.68250274658, -11.7583036423],
        "min": [-8.53390026093, -8.57023239136, -9.54400730133, -9.80687713623, -9.42730045319, -13.531993866],
        "stdev": [0.425032645464, 0.55008405447, 0.590202450752, 0.590242028236, 0.591478586197, 0.28664201498]
    }
},
"rhythm": {
    "beats_count": 87,
    "beats_loudness": {
        "max": 0.0588761605322,
        "mean": 0.0266653206199,
        "min": 0.00584902055562,
        "stdev": 0.0104071032256
    },
    "bpm": 163.731735229,
    "bpm_histogram_first_peak_bpm": 161,
    "bpm_histogram_first_peak_weight": 0.346938788891,
    "bpm_histogram_second_peak_bpm": 167,
    "bpm_histogram_second_peak_spread": 0,
    "bpm_histogram_second_peak_weight": 0.279069781303,
    "danceability": 1.26573956013,
    "onset_rate": 3.56835913658,
    "beats_loudness_band_ratio": {
        "max": [0.439726501703, 0.609539091587, 0.795010268688, 0.905069172382, 0.399342536926, 0.768958747387],
        "mean": [0.088265389204, 0.185243651271, 0.280591338873, 0.288487017155, 0.112846672535, 0.0869136527181],
        "min": [0.00689878454432, 0.00447841733694, 0.00512045249343, 0.00178158597555, 0.00625100312755, 0.00370971043594],
        "stdev": [0.0644725337625, 0.155465558171, 0.223947376013, 0.257894575596, 0.0931083858013, 0.10071349889]
    },
