{
"metadata": {
    "version": {
        "essentia": "2.1-beta5",
        "essentia_git_sha": "Undefined",
        "extractor": "music 2.0"
    },
    "audio_properties": {
        "analysis": {
            "equal_loudness": 0,
            "length": 35.9909286499,
            "sample_rate": 44100,
            "start_time": 29.0017242432,
            "downmix": "mix"
        },
        "bit_rate": 192000,
        "length": 171.641921997,
        "lossless": 0,
        "number_channels": 2,
        "replay_gain": -14.679473877,
        "sample_rate": 48000,
        "codec": "mp3",
        "md5_encoded": "85624fae6dc78c31ec570ecf2d5b6f16"
    },
    "tags": {
        "file_name": "Luxembourg_Je Suis Tombé Du Ciel_David-Alexandre Winter.mp3",
        "encoding": ["Lavf58.29.100"]
    }
},
"lowlevel": {
    "average_loudness": 0.973404526711,
    "barkbands_crest": {
        "max": 24.8625640869,
        "mean": 10.0025501251,
        "min": 2.28711795807,
        "stdev": 5.08157634735
    },
    "barkbands_flatness_db": {
        "max": 0.28371194005,
        "mean": 0.164441406727,
        "min": 0.0894840806723,
        "stdev": 0.0335483849049
    },
    "barkbands_kurtosis": {
        "max": 27.2222061157,
        "mean": 1.6508975029,
        "min": -1.78709816933,
        "stdev": 3.41879916191
    },
    "barkbands_skewness": {
        "max": 4.90007638931,
        "mean": 0.784011363983,
        "min": -3.16707754135,
        "stdev": 0.920535743237
    },
    "barkbands_spread": {
        "max": 69.0210647583,
        "mean": 20.0180969238,
        "min": 2.73710608482,
        "stdev": 10.8220624924
    },
    "dissonance": {
        "max": 0.499970823526,
        "mean": 0.461396634579,
        "min": 0.322553217411,
        "stdev": 0.0270891617984
    },
    "dynamic_complexity": 2.25491786003,
    "erbbands_crest": {
        "max": 28.6771278381,
        "mean": 11.2778463364,
        "min": 2.45043992996,
        "stdev": 5.34171581268
    },
    "erbbands_flatness_db": {
        "max": 0.319911837578,
        "mean": 0.229759424925,
        "min": 0.153044998646,
        "stdev": 0.0335251688957
    },
    "erbbands_kurtosis": {
        "max": 15.3809299469,
        "mean": 0.746731340885,
        "min": -1.81462585926,
        "stdev": 2.25981855392
    },
    "erbbands_skewness": {
        "max": 3.14928364754,
        "mean": 0.541097700596,
        "min": -2.96322226524,
        "stdev": 0.84733492136
    },
    "erbbands_spread": {
        "max": 74.8644866943,
        "mean": 28.2612609863,
        "min": 5.1909403801,
        "stdev": 11.5632123947
    },
    "hfc": {
        "max": 161.680465698,
        "mean": 31.3541641235,
        "min": 0.94193148613,
        "stdev": 19.2752361298
    },
    "loudness_ebu128": {
        "integrated": -8.78647899628,
        "loudness_range": 1.8282623291,
        "momentary": {
            "max": -6.8611035347,
            "mean": -9.05581760406,
            "min": -17.391626358,
            "stdev": 1.68808436394
        },
        "short_term": {
            "max": -7.71716213226,
            "mean": -8.84239387512,
            "min": -10.1548547745,
            "stdev": 0.582878887653
        }
    },
    "melbands_crest": {
        "max": 31.7626533508,
        "mean": 13.071436882,
        "min": 2.73454833031,
        "stdev": 6.19459819794
    },
    "melbands_flatness_db": {
        "max": 0.350111812353,
        "mean": 0.156085520983,
        "min": 0.0487866252661,
        "stdev": 0.0445520468056
    },
    "melbands_kurtosis": {
        "max": 72.3319473267,
        "mean": 4.78342866898,
        "min": -1.82379364967,
        "stdev": 6.5939745903
    },
    "melbands_skewness": {
        "max": 7.21122646332,
        "mean": 1.39196538925,
        "min": -1.2581526041,
        "stdev": 1.01984012127
    },
    "melbands_spread": {
        "max": 182.679473877,
        "mean": 31.6713867188,
        "min": 3.39549279213,
        "stdev": 22.7708034515
    },
    "pitch_salience": {
        "max": 0.85839754343,
        "mean": 0.5926887393,
        "min": 0.170978829265,
        "stdev": 0.132351279259
    },
    "silence_rate_20dB": {
        "max": 1,
        "mean": 1,
        "min": 1,
        "stdev": 0
    },
    "silence_rate_30dB": {
        "max": 1,
        "mean": 1,
        "min": 1,
        "stdev": 0
    },
    "silence_rate_60dB": {
        "max": 1,
        "mean": 0.0206318497658,
        "min": 0,
        "stdev": 0.142147645354
    },
    "spectral_centroid": {
        "max": 4459.28613281,
        "mean": 1815.1081543,
        "min": 315.037719727,
        "stdev": 682.657714844
    },
    "spectral_complexity": {
        "max": 55,
        "mean": 23.5506134033,
        "min": 4,
        "stdev": 8.76640033722
    },
    "spectral_decrease": {
        "max": -2.64472554967e-10,
        "mean": -5.91646376336e-09,
        "min": -1.46313396954e-08,
        "stdev": 3.14345505181e-09
    },
    "spectral_energy": {
        "max": 0.0586260333657,
        "mean": 0.0251740179956,
        "min": 0.00118130387273,
        "stdev": 0.0130027439445
    },
    "spectral_energyband_high": {
        "max": 0.0248246900737,
        "mean": 0.00148185959551,
        "min": 1.19144378914e-05,
        "stdev": 0.00217210594565
    },
    "spectral_energyband_low": {
        "max": 0.0169275850058,
        "mean": 0.00119882007129,
        "min": 4.65621706098e-05,
        "stdev": 0.00157333782408
    },
    "spectral_energyband_middle_high": {
        "max": 0.0497716888785,
        "mean": 0.0105750747025,
        "min": 0.000126070211991,
        "stdev": 0.00870943441987
    },
    "spectral_energyband_middle_low": {
        "max": 0.0548118390143,
        "mean": 0.0125500187278,
        "min": 0.000220904068556,
        "stdev": 0.010570413433
    },
    "spectral_entropy": {
        "max": 8.19954299927,
        "mean": 7.61005163193,
        "min": 6.39294338226,
        "stdev": 0.245166063309
    },
    "spectral_flux": {
        "max": 0.235506087542,
        "mean": 0.093290515244,
        "min": 0.0197571013123,
        "stdev": 0.0396347120404
    },
    "spectral_kurtosis": {
        "max": 11.0316019058,
        "mean": 2.27725481987,
        "min": -0.77459692955,
        "stdev": 1.79539418221
    },
    "spectral_rms": {
        "max": 0.00756281241775,
        "mean": 0.00474464520812,
        "min": 0.00107354158536,
        "stdev": 0.00143120728899
    },
    "spectral_rolloff": {
        "max": 6761.42578125,
        "mean": 2100.19897461,
        "min": 215.33203125,
        "stdev": 1314.8293457
    },
    "spectral_skewness": {
        "max": 2.96233034134,
        "mean": 0.8922072649,
        "min": -0.385055601597,
        "stdev": 0.410930424929
    },
    "spectral_spread": {
        "max": 4860257,
        "mean": 3434410.25,
        "min": 2202440.25,
        "stdev": 378986.65625
    },
    "spectral_strongpeak": {
        "max": 11.4733943939,
        "mean": 2.358700037,
        "min": 0.01664772816,
        "stdev": 1.88411390781
    },
    "zerocrossingrate": {
        "max": 0.23974609375,
        "mean": 0.0735834464431,
        "min": 0.01708984375,
        "stdev": 0.031657397747
    },
    "barkbands": {
        "max": [0.000369458692148, 0.00271288934164, 0.0132894795388, 0.00828732084483, 0.0148775931448, 0.0152125554159, 0.034541066736, 0.0518526770175, 0.0449861064553, 0.0343232937157, 0.0198730546981, 0.0393693372607, 0.0239751283079, 0.0278591644019, 0.0274767167866, 0.00737111037597, 0.00763295590878, 0.00689996173605, 0.00437727663666, 0.00804793927819, 0.00758098578081, 0.0111105944961, 0.0102327428758, 8.64561807248e-05, 6.9725625508e-05, 7.00110376783e-07, 7.6813682881e-07],
        "mean": [6.88505897415e-05, 0.000332302501192, 0.000619210884906, 0.000384305312764, 0.000867419003043, 0.000745042867493, 0.00177976582199, 0.00496294349432, 0.00300466897897, 0.00173361715861, 0.00130482681561, 0.00170148257166, 0.00136708200444, 0.00174086017068, 0.0010016936576, 0.000403361453209, 0.000443293683929, 0.0003572620044, 0.00041866445099, 0.000815901497845, 0.000477033143397, 0.000436920352513, 0.000195063199499, 8.2602718976e-06, 4.20266678702e-06, 1.19264997878e-09, 1.2671851346e-09],
        "min": [1.68244719134e-06, 1.92882216652e-05, 9.06924128685e-07, 2.08425745996e-07, 1.75489549292e-05, 6.1002278926e-06, 2.7773498914e-06, 2.92432764581e-06, 1.84615528269e-05, 6.02742966294e-06, 6.85317809257e-06, 8.21578851173e-06, 4.29805504609e-06, 2.52687868851e-06, 1.60744548339e-06, 1.78223785952e-06, 1.47167406794e-06, 1.36311768983e-06, 1.86271222447e-06, 2.06572553907e-06, 2.1940568331e-06, 1.96443397726e-06, 1.38828215768e-06, 9.43133443343e-07, 8.73449096161e-07, 4.99060471768e-12, 5.5983442708e-12],
        "stdev": [4.90395977977e-05, 0.000308146089083, 0.00128131709062, 0.000698180694599, 0.00111310125794, 0.00112187489867, 0.00375168002211, 0.00919228326529, 0.00583321647719, 0.00320045952685, 0.00228113005869, 0.0036067829933, 0.00276779639535, 0.00325524900109, 0.00233118631877, 0.000654361443594, 0.00054415903287, 0.000456142937765, 0.000447746191639, 0.000938784040045, 0.000698187272064, 0.000805227726232, 0.00052182294894, 9.88948340819e-06, 4.67025984108e-06, 1.77828507475e-08, 1.95089402411e-08]
    },
    "erbbands": {
        "max": [0.0491856597364, 0.959316194057, 12.9737462997, 18.4255161285, 49.4677085876, 58.4609947205, 124.335990906, 117.998497009, 315.504150391, 865.477111816, 1305.50683594, 1201.2911377, 1193.27478027, 1067.97973633, 1026.64477539, 1488.22460938, 1064.89440918, 1594.2635498, 1631.91967773, 994.604370117, 269.636260986, 260.896636963, 408.876342773, 212.059768677, 285.772613525, 413.317443848, 235.696990967, 346.312835693, 473.840606689, 465.203918457, 128.333709717, 10.2585964203, 1.21910119057, 1.09393560886, 0.338540792465, 0.00934415869415, 0.0013138006907, 0.000473604275612, 0.000112770794658, 8.46799084684e-05],
        "mean": [0.0105510875583, 0.0796306431293, 0.593710422516, 1.09079837799, 1.78586518764, 3.17408370972, 5.15076065063, 6.0337805748, 16.081987381, 69.5414276123, 100.189605713, 70.6323318481, 59.8012237549, 54.5100135803, 46.3834533691, 76.2899856567, 66.3225402832, 92.943939209, 65.0089797974, 33.237323761, 22.3982696533, 23.812505722, 22.0263824463, 18.2500686646, 29.2194595337, 38.4636535645, 19.8258132935, 19.7001132965, 16.2659130096, 11.9126253128, 4.16657209396, 0.45092856884, 0.124162644148, 0.0717408061028, 0.0158420354128, 0.000459599745227, 4.81578572362e-05, 1.36458893394e-05, 1.77905658347e-05, 3.25262080878e-05],
        "min": [0.000356618082151, 0.00281436694786, 0.00254419608973, 0.00656112283468, 0.011343893595, 0.0434691719711, 0.0129614081234, 0.0610395222902, 0.0936842337251, 0.129140257835, 0.181567832828, 0.713841736317, 0.682289063931, 0.351620018482, 0.295569479465, 0.343832284212, 0.276376187801, 0.267912507057, 0.131948918104, 0.107974857092, 0.109864979982, 0.0762383639812, 0.0700100138783, 0.0946644172072, 0.0943667888641, 0.0989007279277, 0.0810586437583, 0.0905587673187, 0.0830601155758, 0.0483835376799, 0.0365270376205, 0.0242137145251, 0.017086211592, 0.0114527903497, 0.00276530743577, 7.39957686164e-05, 6.62312595523e-06, 8.35193361581e-07, 9.55416453507e-07, 1.75090360699e-06],
        "stdev": [0.00657451199368, 0.0956792086363, 1.15884757042, 1.70060384274, 3.41352844238, 4.17327594757, 7.79621219635, 9.00372982025, 29.7595100403, 135.218276978, 176.711380005, 136.175079346, 106.862060547, 92.6158828735, 87.3296279907, 149.228057861, 118.769897461, 165.444046021, 121.503456116, 65.8333740234, 31.2747612, 25.5627059937, 26.8586463928, 19.2481441498, 32.4420471191, 44.6362342834, 26.7737045288, 30.347530365, 30.0293617249, 28.4390735626, 10.382853508, 0.809912621975, 0.147314429283, 0.081200376153, 0.0177307575941, 0.000513387436513, 5.94321754761e-05, 1.88829253602e-05, 1.02519506981e-05, 1.63441891345e-05]
    },
    "gfcc": {
        "mean": [-13.1660051346, 114.790336609, -186.799041748, 46.4241065979, -85.1293106079, 8.95432281494, -15.9282131195, -8.09653568268, -4.54519557953, -6.87350654602, -1.80845165253, -17.9214687347, -0.198610320687],
        "cov": [[1237.59265137, -279.810333252, -452.754547119, -14.0295438766, 8.38465309143, 5.13540458679, 91.6873397827, -97.0688705444, 66.3326187134, -22.5229187012, -18.9345531464, -33.8405609131, -45.2197265625], [-279.810333252, 451.905853271, 178.65737915, -117.155899048, 72.2944946289, -51.3377609253, -51.375705719, 26.3291397095, -48.8209877014, -34.2274093628, 22.6833019257, -30.0664081573, 11.2061796188], [-452.754547119, 178.65737915, 422.71496582, 126.928710938, -36.0348434448, -0.254195719957, -37.0121994019, 36.3178405762, -68.0296173096, -22.4929161072, -13.4809093475, -0.25321790576, -14.2220640182], [-14.0295438766, -117.155899048, 126.928710938, 293.175537109, 10.5232601166, -1.8463665247, -29.467250824, -37.3644714355, -13.2853593826, -6.93841171265, -48.1898422241, 23.3685970306, -6.63805198669], [8.38465309143, 72.2944946289, -36.0348434448, 10.5232601166, 126.54523468, 15.279548645, -52.5797462463, -9.62275218964, 10.3011255264, -5.23046159744, -22.3972759247, -28.3894634247, 12.4173908234], [5.13540458679, -51.3377609253, -0.254195719957, -1.8463665247, 15.279548645, 140.60748291, 75.8912658691, 0.213118880987, -64.2361755371, -55.0721359253, -6.34315443039, 27.9510631561, -9.90900039673], [91.6873397827, -51.375705719, -37.0121994019, -29.467250824, -52.5797462463, 75.8912658691, 170.646270752, 32.2006225586, -67.0309677124, -56.1020545959, 19.1530094147, 25.6173439026, -26.0946292877], [-97.0688705444, 26.3291397095, 36.3178405762, -37.3644714355, -9.62275218964, 0.213118880987, 32.2006225586, 90.3000640869, 6.84809398651, -7.85405254364, 0.345216840506, -20.2748661041, -3.1567928791], [66.3326187134, -48.8209877014, -68.0296173096, -13.2853593826, 10.3011255264, -64.2361755371, -67.0309677124, 6.84809398651, 161.531188965, 95.3695297241, -21.1611843109, -42.7812385559, -2.56513786316], [-22.5229187012, -34.2274093628, -22.4929161072, -6.93841171265, -5.23046159744, -55.0721359253, -56.1020545959, -7.85405254364, 95.3695297241, 121.301643372, 21.3146800995, -32.6894187927, -2.15618920326], [-18.9345531464, 22.6833019257, -13.4809093475, -48.1898422241, -22.3972759247, -6.34315443039, 19.1530094147, 0.345216840506, -21.1611843109, 21.3146800995, 73.8842163086, 32.7875671387, -5.24890136719], [-33.8405609131, -30.0664081573, -0.25321790576, 23.3685970306, -28.3894634247, 27.9510631561, 25.6173439026, -20.2748661041, -42.7812385559, -32.6894187927, 32.7875671387, 109.80368042, 34.7736778259], [-45.2197265625, 11.2061796188, -14.2220640182, -6.63805198669, 12.4173908234, -9.90900039673, -26.0946292877, -3.1567928791, -2.56513786316, -2.15618920326, -5.24890136719, 34.7736778259, 69.7463531494]],
        "icov": [[0.00195372081362, 0.000105061306385, 0.00194056669716, -0.00104379607365, 0.00066597876139, 0.000150878200657, -0.00100217328873, 0.00219679856673, -0.00182675488759, 0.0028424540069, -0.00177713006269, 0.00232753180899, -9.99840995064e-05], [0.000105061306385, 0.00970991980284, -0.00781463179737, 0.00759120145813, -0.0109839020297, 0.00831499882042, -0.00392765970901, 0.00405150419101, -0.000334367709002, 0.00400977628306, -0.00213531940244, -0.00042237364687, -0.000350677088136], [0.00194056669716, -0.00781463179737, 0.0127908382565, -0.00908611621708, 0.0120794437826, -0.00753675680608, 0.00592758553103, -0.00495636230335, 0.00212340592407, -0.00149023404811, 0.000731266103685, 0.00278281979263, 0.00172883842606], [-0.00104379607365, 0.00759120145813, -0.00908611621708, 0.0131100574508, -0.0115588866174, 0.00889931991696, -0.00382979982533, 0.00354117015377, 0.00350181781687, -0.00341002224013, 0.00853152573109, -0.0083441445604, 0.00437380885705], [0.00066597876139, -0.0109839020297, 0.0120794437826, -0.0115588866174, 0.0269518923014, -0.0155225824565, 0.0113360174, -0.00454071629792, -0.00170950975735, 0.00212277774699, -0.00352340610698, 0.00954250432551, -0.00442849379033], [0.000150878200657, 0.00831499882042, -0.00753675680608, 0.00889931991696, -0.0155225824565, 0.0213863644749, -0.0100823352113, 0.00430948473513, 0.00433338806033, -0.000561969703995, 0.00695661362261, -0.00802558474243, 0.00496375374496], [-0.00100217328873, -0.00392765970901, 0.00592758553103, -0.00382979982533, 0.0113360174, -0.0100823352113, 0.0180509667844, -0.00942301470786, 0.0046258084476, -0.000309982046019, -0.000672851398122, -0.000362984312233, 0.00399277266115], [0.00219679856673, 0.00405150419101, -0.00495636230335, 0.00354117015377, -0.00454071629792, 0.00430948473513, -0.00942301470786, 0.0220923125744, -0.00960886850953, 0.0109811266884, -0.00827149860561, 0.00895752385259, -0.00610759109259], [-0.00182675488759, -0.000334367709002, 0.00212340592407, 0.00350181781687, -0.00170950975735, 0.00433338806033, 0.0046258084476, -0.00960886850953, 0.0258309561759, -0.0236047636718, 0.0213302057236, -0.0122197037563, 0.00976935122162], [0.0028424540069, 0.00400977628306, -0.00149023404811, -0.00341002224013, 0.00212277774699, -0.000561969703995, -0.000309982046019, 0.0109811266884, -0.0236047636718, 0.0391485616565, -0.030499599874, 0.020799793303, -0.0118299163878], [-0.00177713006269, -0.00213531940244, 0.000731266103685, 0.00853152573109, -0.00352340610698, 0.00695661362261, -0.000672851398122, -0.00827149860561, 0.0213302057236, -0.030499599874, 0.0477703809738, -0.0278849229217, 0.0184808373451], [0.00232753180899, -0.00042237364687, 0.00278281979263, -0.0083441445604, 0.00954250432551, -0.00802558474243, -0.000362984312233, 0.00895752385259, -0.0122197037563, 0.020799793303, -0.0278849229217, 0.0338282883167, -0.0199901126325], [-9.99840995064e-05, -0.000350677088136, 0.00172883842606, 0.00437380885705, -0.00442849379033, 0.00496375374496, 0.00399277266115, -0.00610759109259, 0.00976935122162, -0.0118299163878, 0.0184808373451, -0.0199901126325, 0.0291599687189]]
    },
    "melbands": {
        "max": [0.000533598999027, 0.00462363334373, 0.00367579376325, 0.00391908269376, 0.00343935214914, 0.00286105368286, 0.00587766245008, 0.0107588320971, 0.0100129460916, 0.00736516341567, 0.00615658750758, 0.00492342887446, 0.00311556644738, 0.0039491141215, 0.00593954510987, 0.0024214158766, 0.00346848322079, 0.00251486711204, 0.00278901495039, 0.000656004645862, 0.000432672939496, 0.000325943081407, 0.000550899305381, 0.000194759282749, 0.000179023641977, 0.000188423480722, 0.000324863416608, 0.000343108316883, 0.000154365901835, 0.000184481017641, 0.00021590461256, 0.000271671684459, 0.000190615173778, 0.000353167968569, 8.88183203642e-05, 2.154386857e-05, 1.2695239775e-06, 9.09462528398e-07, 8.06322645985e-07, 1.15000966616e-06],
        "mean": [9.2971502454e-05, 0.000237297674175, 0.000208379235119, 0.000176686531631, 0.000174166925717, 0.000141895201523, 0.000270801741863, 0.00086702714907, 0.000786776188761, 0.000420081778429, 0.000288346607704, 0.000212790182559, 0.000157335365657, 0.000155918954988, 0.000220016634557, 0.000122552621178, 0.000181935422006, 0.000104154867586, 7.24500860088e-05, 3.07784284814e-05, 2.4510665753e-05, 2.4942222808e-05, 2.31062531384e-05, 1.59819537657e-05, 1.42589351526e-05, 1.64069606399e-05, 2.92416425509e-05, 2.44908405875e-05, 1.20664517453e-05, 1.1203147551e-05, 1.14596223284e-05, 9.47249645833e-06, 7.61124738347e-06, 6.24094082013e-06, 2.86108934233e-06, 6.02214470291e-07, 1.16290287622e-07, 8.270804841e-08, 6.80387373109e-08, 5.87430939447e-08],
        "min": [7.37640311854e-06, 3.23976769323e-06, 1.4845138594e-06, 4.21791901317e-06, 4.27182271778e-07, 1.49619904732e-06, 1.17272315947e-06, 1.64553784998e-06, 1.94562699107e-06, 3.70605243916e-06, 9.61753585216e-07, 1.09077700472e-06, 8.33702358705e-07, 9.71798954197e-07, 5.74720957047e-07, 4.45152238626e-07, 4.08554512887e-07, 2.26662066893e-07, 1.84758704336e-07, 1.41809962884e-07, 1.11182828277e-07, 5.53627863553e-08, 7.44909698369e-08, 6.31187404565e-08, 7.44968318145e-08, 7.15226633474e-08, 6.61347598907e-08, 5.35496411658e-08, 4.68093865891e-08, 4.14320062703e-08, 4.95079923724e-08, 4.58114151058e-08, 3.53885099003e-08, 2.34451409398e-08, 2.01231955543e-08, 1.43470302305e-08, 8.86628903629e-09, 7.28366611469e-09, 1.10284270605e-08, 8.55683968126e-09],
        "stdev": [6.48678033031e-05, 0.000408224237617, 0.00032506333082, 0.000248202733928, 0.000236344698351, 0.000217929584323, 0.000535813742317, 0.00167859822977, 0.00137803051621, 0.000832194695249, 0.000541765242815, 0.000380279059755, 0.000287221890176, 0.000295313308015, 0.000497367465869, 0.000235470841289, 0.000344132888131, 0.000214116182178, 0.000199127651285, 5.44120448467e-05, 3.86923893529e-05, 2.83995468635e-05, 3.34575561283e-05, 1.88687718037e-05, 1.62675187312e-05, 1.90955888684e-05, 3.68383771274e-05, 3.0560669984e-05, 1.80639126484e-05, 1.68712140294e-05, 1.84828004421e-05, 1.74016822712e-05, 1.56639071065e-05, 1.67658945429e-05, 7.34287232262e-06, 1.4021612742e-06, 1.43745950254e-07, 1.01199056246e-07, 7.78134605639e-08, 6.84265657469e-08]
    },
    "melbands128": {
        "max": [0.000254813901847, 0.000479179929243, 0.00067554647103, 0.00157261302229, 0.00638559227809, 0.00599959213287, 0.00432788394392, 0.00558412680402, 0.00608434947208, 0.00544361351058, 0.00381124252453, 0.00492686405778, 0.00507311802357, 0.00517198164016, 0.00356795056723, 0.00648441910744, 0.0071421097964, 0.00780233554542, 0.0132132526487, 0.0149693563581, 0.0219346545637, 0.0212635844946, 0.0170841962099, 0.016346514225, 0.0141172399744, 0.0149957835674, 0.00664502568543, 0.0116044133902, 0.00660169171169, 0.0103552779183, 0.00679969927296, 0.00586936995387, 0.00570150511339, 0.00724993506446, 0.0108478693292, 0.0049938946031, 0.009616849944, 0.0136113641784, 0.00682174041867, 0.00354636902921, 0.00439210049808, 0.00946728419513, 0.00760851567611, 0.00665613124147, 0.00430836109444, 0.0038530533202, 0.00665162643418, 0.00506532145664, 0.00267118727788, 0.000602857035119, 0.00148245121818, 0.00101190549321, 0.000586159178056, 0.00116062478628, 0.000711172411684, 0.000727430277038, 0.000452849955764, 0.00144468049984, 0.00122160708997, 0.0004786112695, 0.000233303479035, 0.000176397908945, 0.00040428165812, 0.000235012732446, 0.000368193577742, 0.000317933183396, 0.000316689198371, 0.000462239782792, 0.000560520333238, 0.000871029507834, 0.000381952471798, 0.000618601101451, 0.00028815906262, 0.000243107278948, 0.000227560041822, 0.000209707577596, 0.000220400310354, 0.000320140563417, 0.000263792462647, 0.000261802750174, 0.000171841064002, 0.000428686384112, 0.000317880592775, 0.00018987027579, 0.000239587112446, 0.00037403558963, 0.000564598594792, 0.000190344377188, 0.000101344827272, 5.61247616133e-05, 4.24670943175e-05, 9.18182649912e-06, 1.75395530277e-06, 1.41291491218e-06, 1.38231109759e-06, 1.2812016621e-06, 8.36418053041e-07, 9.3119513167e-07, 8.16375347767e-07, 8.63365016812e-07, 9.49981938447e-07, 1.83344104698e-06, 1.0639004131e-06, 9.36681715302e-07, 1.45894063053e-07, 5.20415399663e-09, 4.99818408883e-09, 4.87575402275e-09, 4.72856154232e-09, 4.57551774247e-09, 4.43546399609e-09, 4.28320046097e-09, 4.14457224096e-09, 4.01891231405e-09, 3.89359389175e-09, 3.77837405807e-09, 3.6759786326e-09, 3.57454110755e-09, 3.48506445924e-09, 3.39550298989e-09, 3.3180100889e-09, 3.24946336505e-09, 3.1876106199e-09, 3.13936809881e-09, 3.09837577817e-09, 3.0624649483e-09, 3.03579850147e-09, 3.02053737578e-09],
        "mean": [5.04158851982e-05, 9.39413657761e-05, 9.06198765733e-05, 0.000128208674141, 0.000275515427347, 0.000300356827211, 0.000220657340833, 0.000189413782209, 0.000170917119249, 0.000179479218787, 0.000176024681423, 0.000173919106601, 0.000190973863937, 0.00015617995814, 0.00011670323147, 0.000135192080052, 0.000197414759896, 0.000240425026277, 0.000418590789195, 0.000808057200629, 0.00114751653746, 0.00091800338123, 0.000798256136477, 0.000588146329392, 0.000411969202105, 0.000406711071264, 0.000274232006632, 0.000362205901183, 0.000186353194294, 0.000185402517673, 0.000256662169704, 0.000203104689717, 0.000125054750242, 0.000167646561749, 9.31568793021e-05, 0.000150784588186, 0.000249243661528, 0.000271747994702, 0.000180788862053, 9.59535173024e-05, 0.000105163737317, 0.00015981218894, 0.000203368414077, 0.000199927002541, 9.89715917967e-05, 8.99218211998e-05, 0.000101644647657, 0.000102117664937, 4.2110827053e-05, 2.02649862331e-05, 3.98887132178e-05, 2.98293380183e-05, 1.9729757696e-05, 2.52859281318e-05, 2.75138445431e-05, 2.34599065152e-05, 2.36272826442e-05, 2.49162767432e-05, 2.17236811295e-05, 2.36178857449e-05, 1.40629326779e-05, 1.10350056275e-05, 1.6614296328e-05, 1.40859474413e-05, 1.25920259961e-05, 1.565936509e-05, 1.82042058441e-05, 2.46144991252e-05, 3.4685141145e-05, 3.17216945405e-05, 2.62184803432e-05, 2.13958101085e-05, 1.25087954075e-05, 1.02847643575e-05, 1.08540016299e-05, 1.18854613902e-05, 1.03127849798e-05, 1.23741638163e-05, 1.21878465507e-05, 1.03934180515e-05, 8.60652835399e-06, 1.03837455754e-05, 8.23689242679e-06, 6.89117450747e-06, 7.48504726289e-06, 7.14705993232e-06, 5.76122374696e-06, 4.61412946606e-06, 2.84709744847e-06, 1.52447660184e-06, 8.81476410086e-07, 3.14516228173e-07, 1.39277744893e-07, 1.15012504409e-07, 9.63944302157e-08, 9.03589523205e-08, 7.91655025978e-08, 7.28683531293e-08, 6.88913530666e-08, 6.60840839828e-08, 6.0927952461e-08, 5.82088439671e-08, 5.5307921798e-08, 4.22191064331e-08, 6.17967810257e-09, 1.97510133249e-11, 9.67663796314e-12, 8.58652211833e-12, 8.1841365282e-12, 7.85486779786e-12, 7.55396439844e-12, 7.26318831468e-12, 6.99579586969e-12, 6.75175887421e-12, 6.51557323719e-12, 6.30465905177e-12, 6.11318851443e-12, 5.93088772538e-12, 5.76732541932e-12, 5.61474651495e-12, 5.47693834729e-12, 5.35586028652e-12, 5.25164547266e-12, 5.1622855296e-12, 5.07908862538e-12, 5.00311641075e-12, 4.95038298548e-12, 4.92244222813e-12],
        "min": [9.84627916978e-08, 2.45468618232e-06, 3.99628106607e-07, 2.25158328249e-06, 2.37616802679e-07, 2.75924890047e-07, 1.71128249349e-07, 7.12863865715e-08, 2.45954851152e-07, 6.99836675722e-07, 1.78280188834e-07, 4.89534897952e-07, 1.06777669373e-07, 7.39159645491e-07, 2.08387973544e-07, 2.24947058314e-07, 3.63165440831e-07, 3.50332697963e-07, 1.51330880271e-07, 7.83826976658e-07, 3.45464115981e-07, 5.04455044847e-07, 3.93411369259e-07, 6.27205679393e-07, 7.23092909993e-07, 1.24474468066e-07, 4.83189808165e-07, 4.92356889481e-07, 4.54322616861e-07, 3.12476714726e-07, 1.64860708196e-07, 4.30068041624e-07, 4.05025332384e-07, 6.95499124959e-08, 2.28237581723e-07, 9.01611869608e-08, 2.81542725133e-07, 1.66340669239e-07, 1.54843917244e-07, 2.08425788628e-07, 1.32254129426e-07, 2.12510002484e-07, 1.52934987341e-07, 8.78910242363e-08, 9.74487761596e-08, 1.02082424291e-07, 1.03742856083e-07, 8.6436223512e-08, 4.12993870214e-08, 3.17262021099e-08, 6.34567456359e-08, 1.34293571818e-07, 6.15518729319e-08, 2.436383717e-08, 4.44308483338e-08, 2.34849775183e-08, 2.85379986309e-08, 3.9602838342e-08, 5.6506795687e-08, 3.93377170838e-08, 3.07129468524e-08, 3.64120253948e-08, 7.46272377228e-08, 5.47970024911e-08, 5.15647862187e-08, 5.38194697697e-08, 4.52015811447e-08, 2.11195327893e-08, 3.7535940578e-08, 5.968943384e-08, 2.52424605662e-08, 1.80687198537e-08, 5.70087124174e-08, 3.94965375961e-08, 3.83723310904e-08, 3.16097761299e-08, 3.03024236814e-08, 2.64076653878e-08, 4.51165398374e-08, 4.58151987459e-08, 1.90600175642e-08, 1.68168377002e-08, 3.60271421584e-08, 2.41609523499e-08, 1.84914554779e-08, 1.57640549503e-08, 1.21073497894e-08, 2.04815204796e-08, 1.68294036484e-08, 1.37128113309e-08, 8.76724204346e-09, 7.09938996479e-09, 5.19910203778e-09, 7.14584125205e-09, 4.97663954491e-09, 4.45909709157e-09, 5.09752284827e-09, 5.75557823623e-09, 7.0935826102e-09, 7.75338904191e-09, 3.77116249339e-09, 4.91067453368e-09, 8.40315550477e-09, 4.68043692692e-09, 2.77320888475e-10, 5.89458440826e-13, 2.87900332372e-14, 2.11471973559e-14, 2.70863518247e-14, 2.16313325894e-14, 1.49474955525e-14, 1.90006024152e-14, 2.27755334937e-14, 2.3778415421e-14, 2.33395049706e-14, 2.13944903189e-14, 2.17008875469e-14, 1.88428222e-14, 1.92939739706e-14, 1.57037248737e-14, 1.45325849336e-14, 1.95545992322e-14, 1.93615112956e-14, 2.37552185767e-14, 1.38698409447e-14, 5.94337650452e-15, 7.67840713582e-16, 3.55582280588e-17],
        "stdev": [3.59824261977e-05, 6.24196691206e-05, 7.43463897379e-05, 0.000182314557605, 0.00053659954574, 0.000622623076197, 0.000361765967682, 0.000383700564271, 0.000404007878387, 0.00031534419395, 0.000265570124611, 0.000291897566058, 0.000335665157763, 0.000321772327879, 0.000223661976634, 0.000292601325782, 0.000513605365995, 0.000628825160675, 0.00118669262156, 0.0019306410104, 0.00292426720262, 0.00236253393814, 0.00191702169832, 0.00177641271148, 0.00123358226847, 0.00112662091851, 0.000603924680036, 0.000994819798507, 0.000462677620817, 0.000527781783603, 0.00060967769241, 0.000463569711428, 0.000379689532565, 0.000483494455693, 0.000389677821659, 0.000415916292695, 0.000679751858115, 0.000933244300541, 0.000607885769568, 0.000271148746833, 0.000292190990876, 0.000577733211685, 0.000500297290273, 0.000520111934748, 0.000351756258169, 0.00029002915835, 0.000343115534633, 0.000392681919038, 0.000137869486935, 4.1104547563e-05, 0.000105339066067, 6.03744738328e-05, 4.75475571875e-05, 6.22451771051e-05, 4.83995718241e-05, 4.02818295697e-05, 3.63493272744e-05, 6.55002950225e-05, 4.83504809381e-05, 3.91648427467e-05, 2.08973233384e-05, 1.591565524e-05, 2.55898794421e-05, 1.90608461708e-05, 1.97642893909e-05, 2.16515491047e-05, 2.78741263173e-05, 4.02840014431e-05, 5.50964286958e-05, 5.00645364809e-05, 4.07154730055e-05, 3.69151239283e-05, 2.38908723986e-05, 2.00405538635e-05, 1.88071098819e-05, 1.95576722035e-05, 1.79701164598e-05, 2.14740321098e-05, 2.14646443055e-05, 1.9018412786e-05, 1.55555153469e-05, 2.71405879175e-05, 1.7304375433e-05, 1.55734869622e-05, 1.72108429979e-05, 2.10597318073e-05, 1.91733161046e-05, 1.29350682982e-05, 7.61884803069e-06, 4.0219820221e-06, 2.32248930843e-06, 6.87292924795e-07, 1.78452012278e-07, 1.51483263267e-07, 1.33226649268e-07, 1.22195260133e-07, 1.0044918497e-07, 9.38742132917e-08, 8.09404454571e-08, 8.06239484064e-08, 7.60630243235e-08, 7.87733043239e-08, 6.07589001334e-08, 4.90926659324e-08, 8.66582094972e-09, 1.34694963516e-10, 1.27056337673e-10, 1.23859436596e-10, 1.20112600421e-10, 1.1622151852e-10, 1.12660755724e-10, 1.08791704811e-10, 1.05269168382e-10, 1.02076014308e-10, 9.8892033451e-11, 9.5964902691e-11, 9.33632546274e-11, 9.07864131094e-11, 8.85131551387e-11, 8.62383428557e-11, 8.42700423331e-11, 8.25286297634e-11, 8.09576988781e-11, 7.97319918422e-11, 7.8690873262e-11, 7.77791511752e-11, 7.71021579915e-11, 7.67143779057e-11]
    },
    "mfcc": {
        "mean": [-621.52532959, 113.458404541, -37.3019561768, 24.696603775, -34.1172065735, 12.9209384918, -8.51450252533, 1.84772706032, -1.13897037506, 4.22592163086, 7.53751945496, -3.92554140091, 2.98650383949],
        "cov": [[1569.46032715, -392.703552246, -483.708740234, -54.3771438599, -140.013702393, 115.342170715, -61.718547821, 27.9829654694, -18.8248538971, 66.2862167358, -24.1825714111, -0.176927432418, -6.91621351242], [-392.703552246, 560.787109375, 68.5076751709, -93.8619384766, 88.6390609741, -120.515274048, 44.5590629578, -36.0475540161, -12.1192417145, -35.2738723755, -11.1327190399, 18.08543396, 8.2225484848], [-483.708740234, 68.5076751709, 392.026641846, 119.857658386, 2.21207618713, -9.55446910858, 53.0279693604, 28.8745307922, -13.9972105026, -44.4466094971, -22.6470241547, -5.69019365311, 19.6019058228], [-54.3771438599, -93.8619384766, 119.857658386, 232.244277954, 44.4672279358, 20.916305542, -55.4412994385, -30.02485466, -1.33162975311, 10.2191963196, -21.8131904602, -30.4887542725, 15.0025148392], [-140.013702393, 88.6390609741, 2.21207618713, 44.4672279358, 196.065444946, -2.57640719414, -71.5715332031, -65.8889312744, 26.6475448608, 23.6336269379, -6.86191701889, -20.8302135468, -32.2216186523], [115.342170715, -120.515274048, -9.55446910858, 20.916305542, -2.57640719414, 125.950950623, 7.13859081268, 22.1294879913, -5.23852920532, -19.7501831055, -4.68586874008, -16.7713699341, -14.1762008667], [-61.718547821, 44.5590629578, 53.0279693604, -55.4412994385, -71.5715332031, 7.13859081268, 215.415542603, 118.565567017, -32.01820755, -65.5625457764, -29.5703601837, 1.77054011822, -6.21761417389], [27.9829654694, -36.0475540161, 28.8745307922, -30.02485466, -65.8889312744, 22.1294879913, 118.565567017, 160.72996521, -0.0979886353016, -65.6873626709, -34.8550453186, -12.3636684418, 0.429635316133], [-18.8248538971, -12.1192417145, -13.9972105026, -1.33162975311, 26.6475448608, -5.23852920532, -32.01820755, -0.0979886353016, 78.9904785156, 40.3362617493, -3.68685078621, -6.84133338928, -13.747759819], [66.2862167358, -35.2738723755, -44.4466094971, 10.2191963196, 23.6336269379, -19.7501831055, -65.5625457764, -65.6873626709, 40.3362617493, 121.50769043, 46.3193397522, -2.61985039711, -12.9622554779], [-24.1825714111, -11.1327190399, -22.6470241547, -21.8131904602, -6.86191701889, -4.68586874008, -29.5703601837, -34.8550453186, -3.68685078621, 46.3193397522, 93.07862854, 29.441822052, -13.2689237595], [-0.176927432418, 18.08543396, -5.69019365311, -30.4887542725, -20.8302135468, -16.7713699341, 1.77054011822, -12.3636684418, -6.84133338928, -2.61985039711, 29.441822052, 71.7216415405, 26.9214572906], [-6.91621351242, 8.2225484848, 19.6019058228, 15.0025148392, -32.2216186523, -14.1762008667, -6.21761417389, 0.429635316133, -13.747759819, -12.9622554779, -13.2689237595, 26.9214572906, 77.8060455322]],
        "icov": [[0.00175180181395, 0.000264905189397, 0.00211111386307, -0.000574106292333, 0.00123959139455, -0.00117528997362, 0.000922012841329, -0.00121714617126, 0.00200245319866, -0.00222637248226, 0.0025989448186, -0.00165024609305, 0.00108330440708], [0.000264905189397, 0.00353976967745, -0.000504243245814, 0.00187396851834, -0.00201625749469, 0.00276093394496, -0.00126790942159, 0.00155559624545, 8.88590147952e-06, 0.00149591860827, -0.000149213155964, 0.000737491063774, -0.00105653388891], [0.00211111386307, -0.000504243245814, 0.0063370782882, -0.00349464197643, 0.00187954679132, -0.0012873307569, -0.000101832709333, -0.00151505647227, 0.0015755094355, -0.00146345153917, 0.00227662944235, -0.00207903143018, 0.00100449915044], [-0.000574106292333, 0.00187396851834, -0.00349464197643, 0.00819149892777, -0.00250861956738, 0.000552432786208, 0.000952012196649, 0.00122505973559, 0.000727194943465, 6.10812858213e-05, 0.000306839909172, 0.00330442655832, -0.00276942271739], [0.00123959139455, -0.00201625749469, 0.00187954679132, -0.00250861956738, 0.00970369298011, -0.00238185375929, 0.0025342523586, 0.00103679532185, -0.000511804886628, -0.00140982272569, 0.00357087492011, -0.00143146887422, 0.00489380769432], [-0.00117528997362, 0.00276093394496, -0.0012873307569, 0.000552432786208, -0.00238185375929, 0.0123325046152, -0.00148927781265, 0.00118856516201, -0.00158439052757, 0.00513033103198, -0.00347492354922, 0.00342216528952, -0.000245393137448], [0.000922012841329, -0.00126790942159, -0.000101832709333, 0.000952012196649, 0.0025342523586, -0.00148927781265, 0.0114905731753, -0.00811658240855, 0.00608692876995, -0.00333768827841, 0.00471080653369, -0.00370458862744, 0.00440390314907], [-0.00121714617126, 0.00155559624545, -0.00151505647227, 0.00122505973559, 0.00103679532185, 0.00118856516201, -0.00811658240855, 0.0170353781432, -0.00875647552311, 0.00933261960745, -0.00346114882268, 0.00568948639557, -0.00277514825575], [0.00200245319866, 8.88590147952e-06, 0.0015755094355, 0.000727194943465, -0.000511804886628, -0.00158439052757, 0.00608692876995, -0.00875647552311, 0.0236515011638, -0.0133548267186, 0.00988411065191, -0.00606254255399, 0.00541153969243], [-0.00222637248226, 0.00149591860827, -0.00146345153917, 6.10812858213e-05, -0.00140982272569, 0.00513033103198, -0.00333768827841, 0.00933261960745, -0.0133548267186, 0.0229858569801, -0.0133071662858, 0.00841777771711, -0.00367875699885], [0.0025989448186, -0.000149213155964, 0.00227662944235, 0.000306839909172, 0.00357087492011, -0.00347492354922, 0.00471080653369, -0.00346114882268, 0.00988411065191, -0.0133071662858, 0.0248732920736, -0.0133587783203, 0.00924890022725], [-0.00165024609305, 0.000737491063774, -0.00207903143018, 0.00330442655832, -0.00143146887422, 0.00342216528952, -0.00370458862744, 0.00568948639557, -0.00606254255399, 0.00841777771711, -0.0133587783203, 0.0260093547404, -0.0115812039003], [0.00108330440708, -0.00105653388891, 0.00100449915044, -0.00276942271739, 0.00489380769432, -0.000245393137448, 0.00440390314907, -0.00277514825575, 0.00541153969243, -0.00367875699885, 0.00924890022725, -0.0115812039003, 0.0216183345765]]
    },
    "spectral_contrast_coeffs": {
        "max": [-0.523843348026, -0.442534953356, -0.477492034435, -0.556329607964, -0.661684155464, -0.50309419632],
        "mean": [-0.717961788177, -0.710995912552, -0.728518128395, -0.758558154106, -0.775501608849, -0.657094478607],
        "min": [-0.868219614029, -0.917207598686, -0.884275257587, -0.903401851654, -0.892947912216, -0.845179378986],
        "stdev": [0.0567317530513, 0.0963169112802, 0.0718118399382, 0.0580987669528, 0.0347196310759, 0.050927311182]
    },
    "spectral_contrast_valleys": {
        "max": [-5.785551548, -5.0922794342, -5.57296609879, -5.8872013092, -5.83961772919, -9.32669353485],
        "mean": [-7.28285503387, -6.54267835617, -7.05588150024, -7.33679199219, -7.06360769272, -10.678730011],
        "min": [-8.73446464539, -8.2730512619, -8.77413654327, -9.18717861176, -9.14448928833, -11.3829145432],
        "stdev": [0.460478931665, 0.482985675335, 0.527050554752, 0.531518220901, 0.512399077415, 0.371449351311]
    }
},
"rhythm": {
    "beats_count": 73,
    "beats_loudness": {
        "max": 0.0503478646278,
        "mean": 0.0312894321978,
        "min": 0.00363910919987,
        "stdev": 0.009367399849
    },
    "bpm": 122.694503784,
    "bpm_histogram_first_peak_bpm": 123,
    "bpm_histogram_first_peak_weight": 0.459016382694,
    "bpm_histogram_second_peak_bpm": 117,
    "bpm_histogram_second_peak_spread": 0,
    "bpm_histogram_second_peak_weight": 0.0972222238779,
    "danceability": 1.21524548531,
    "onset_rate": 2.97201251984,
    "beats_loudness_band_ratio": {
        "max": [0.538071274757, 0.367058098316, 0.922994852066, 0.761295080185, 0.778598248959, 0.413762331009],
        "mean": [0.0774548575282, 0.0697272270918, 0.382645845413, 0.277047902346, 0.140576839447, 0.0942744612694],
        "min": [0.00430360622704, 0.00646910769865, 0.051907800138, 0.0271346289665, 0.0186041388661, 0.00835428293794],
        "stdev": [0.100824408233, 0.0657537132502, 0.219850227237, 0.186715841293, 0.139457404613, 0.085197865963]
    },
