{
"metadata": {
    "version": {
        "essentia": "2.1-beta5",
        "essentia_git_sha": "Undefined",
        "extractor": "music 2.0"
    },
    "audio_properties": {
        "analysis": {
            "equal_loudness": 0,
            "length": 12.7477550507,
            "sample_rate": 44100,
            "start_time": 0,
            "downmix": "mix"
        },
        "bit_rate": 192000,
        "length": 237.284729004,
        "lossless": 0,
        "number_channels": 2,
        "replay_gain": -2.32258033752,
        "sample_rate": 48000,
        "codec": "mp3",
        "md5_encoded": "29c472c8eea74d1487861775988d4c86"
    },
    "tags": {
        "file_name": "Austria_Du Hast Mich So Fasziniert_Harry Winter.mp3",
        "encoding": ["Lavf58.29.100"]
    }
},
"lowlevel": {
    "average_loudness": 0.955769121647,
    "barkbands_crest": {
        "max": 20.0861263275,
        "mean": 6.82364845276,
        "min": 2.99458551407,
        "stdev": 2.73026514053
    },
    "barkbands_flatness_db": {
        "max": 0.27170625329,
        "mean": 0.157903015614,
        "min": 0.0516091920435,
        "stdev": 0.0344162173569
    },
    "barkbands_kurtosis": {
        "max": 17.1165084839,
        "mean": 0.319619715214,
        "min": -1.67025876045,
        "stdev": 2.01353144646
    },
    "barkbands_skewness": {
        "max": 4.14229011536,
        "mean": 0.170417755842,
        "min": -1.39251852036,
        "stdev": 0.79470962286
    },
    "barkbands_spread": {
        "max": 66.2694168091,
        "mean": 22.4375686646,
        "min": 5.33353376389,
        "stdev": 13.0766067505
    },
    "dissonance": {
        "max": 0.499997854233,
        "mean": 0.478153079748,
        "min": 0.31374335289,
        "stdev": 0.0200373753905
    },
    "dynamic_complexity": 5.98952198029,
    "erbbands_crest": {
        "max": 18.8176784515,
        "mean": 8.06697368622,
        "min": 3.13948535919,
        "stdev": 2.7022049427
    },
    "erbbands_flatness_db": {
        "max": 0.341517090797,
        "mean": 0.247484132648,
        "min": 0.104075156152,
        "stdev": 0.0531903170049
    },
    "erbbands_kurtosis": {
        "max": 3.83352041245,
        "mean": 0.0945035591722,
        "min": -1.56109333038,
        "stdev": 1.06373596191
    },
    "erbbands_skewness": {
        "max": 1.97087836266,
        "mean": -0.143936529756,
        "min": -1.85229194164,
        "stdev": 0.551565289497
    },
    "erbbands_spread": {
        "max": 97.3504104614,
        "mean": 24.3356189728,
        "min": 5.91608524323,
        "stdev": 11.5364217758
    },
    "hfc": {
        "max": 89.3208770752,
        "mean": 23.4747867584,
        "min": 0.0113184079528,
        "stdev": 16.1145038605
    },
    "loudness_ebu128": {
        "integrated": -21.941450119,
        "loudness_range": 4.94480705261,
        "momentary": {
            "max": -19.1615276337,
            "mean": -26.2515850067,
            "min": -55.195526123,
            "stdev": 10.0558452606
        },
        "short_term": {
            "max": -21.1349239349,
            "mean": -23.4627952576,
            "min": -28.8643341064,
            "stdev": 1.77538979053
        }
    },
    "melbands_crest": {
        "max": 31.0068378448,
        "mean": 8.98134708405,
        "min": 3.19709420204,
        "stdev": 4.91209077835
    },
    "melbands_flatness_db": {
        "max": 0.292052388191,
        "mean": 0.145940095186,
        "min": 0.0687596127391,
        "stdev": 0.0266557298601
    },
    "melbands_kurtosis": {
        "max": 87.2674102783,
        "mean": 2.3527970314,
        "min": -1.58033323288,
        "stdev": 6.07427120209
    },
    "melbands_skewness": {
        "max": 8.59468173981,
        "mean": 0.870585262775,
        "min": -1.01146423817,
        "stdev": 1.18723344803
    },
    "melbands_spread": {
        "max": 90.5154800415,
        "mean": 36.4142684937,
        "min": 4.98695850372,
        "stdev": 16.4443187714
    },
    "pitch_salience": {
        "max": 0.875958621502,
        "mean": 0.63377904892,
        "min": 0.326235383749,
        "stdev": 0.123972594738
    },
    "silence_rate_20dB": {
        "max": 1,
        "mean": 1,
        "min": 1,
        "stdev": 0
    },
    "silence_rate_30dB": {
        "max": 1,
        "mean": 1,
        "min": 1,
        "stdev": 0
    },
    "silence_rate_60dB": {
        "max": 1,
        "mean": 0.17090909183,
        "min": 0,
        "stdev": 0.376432090998
    },
    "spectral_centroid": {
        "max": 3203.54296875,
        "mean": 2272.92626953,
        "min": 712.949645996,
        "stdev": 401.873382568
    },
    "spectral_complexity": {
        "max": 49,
        "mean": 22.7945461273,
        "min": 0,
        "stdev": 11.6317548752
    },
    "spectral_decrease": {
        "max": -1.24306435371e-12,
        "mean": -3.52817841609e-09,
        "min": -2.22878071554e-08,
        "stdev": 2.78262124453e-09
    },
    "spectral_energy": {
        "max": 0.0889039635658,
        "mean": 0.0154453990981,
        "min": 5.81988751946e-06,
        "stdev": 0.0116840619594
    },
    "spectral_energyband_high": {
        "max": 0.00791203323752,
        "mean": 0.000641297199763,
        "min": 8.24375149477e-07,
        "stdev": 0.000722434720956
    },
    "spectral_energyband_low": {
        "max": 0.00260112131946,
        "mean": 0.000332510826411,
        "min": 5.03906960603e-08,
        "stdev": 0.000483844196424
    },
    "spectral_energyband_middle_high": {
        "max": 0.0442590601742,
        "mean": 0.0097541725263,
        "min": 1.86413399206e-06,
        "stdev": 0.00761782610789
    },
    "spectral_energyband_middle_low": {
        "max": 0.0729518830776,
        "mean": 0.00482146255672,
        "min": 6.92886601428e-07,
        "stdev": 0.00807240512222
    },
    "spectral_entropy": {
        "max": 8.27019119263,
        "mean": 7.56784820557,
        "min": 6.93772172928,
        "stdev": 0.285203188658
    },
    "spectral_flux": {
        "max": 0.169111073017,
        "mean": 0.0624434575438,
        "min": 0.00153386569582,
        "stdev": 0.0316279195249
    },
    "spectral_kurtosis": {
        "max": 24.7925567627,
        "mean": 3.75101351738,
        "min": -0.211752176285,
        "stdev": 2.85552978516
    },
    "spectral_rms": {
        "max": 0.00931319408119,
        "mean": 0.00347568490542,
        "min": 7.53521017032e-05,
        "stdev": 0.00172866845969
    },
    "spectral_rolloff": {
        "max": 4457.37304688,
        "mean": 2625.4465332,
        "min": 129.19921875,
        "stdev": 705.422668457
    },
    "spectral_skewness": {
        "max": 3.4847638607,
        "mean": 0.971940338612,
        "min": 0.171138286591,
        "stdev": 0.369416475296
    },
    "spectral_spread": {
        "max": 6681484.5,
        "mean": 2714144,
        "min": 1546847.625,
        "stdev": 783551
    },
    "spectral_strongpeak": {
        "max": 9.09036445618,
        "mean": 1.64993071556,
        "min": 0,
        "stdev": 1.41030657291
    },
    "zerocrossingrate": {
        "max": 0.18115234375,
        "mean": 0.0871324539185,
        "min": 0.02880859375,
        "stdev": 0.0170992091298
    },
    "barkbands": {
        "max": [0.000126631464809, 0.00245852582157, 0.000650959322229, 0.00137280207127, 0.0203584507108, 0.0469528436661, 0.0492913238704, 0.0100749712437, 0.0144483912736, 0.0319790318608, 0.0102455457672, 0.00784648768604, 0.010120742023, 0.0120931640267, 0.011647650972, 0.0092914281413, 0.00604306580499, 0.0166988205165, 0.00961100589484, 0.00310186343268, 0.00740637583658, 0.00118452287279, 0.000189091471839, 1.43400429806e-05, 1.05511458059e-06, 7.96392498614e-07, 8.42071472107e-07],
        "mean": [1.86829493032e-05, 0.000237979242229, 7.27729566279e-05, 6.5562358941e-05, 0.000500428024679, 0.000870629388373, 0.0010301762959, 0.000814120052382, 0.00136519444641, 0.00121949648019, 0.00100763584487, 0.00077059189789, 0.00105561001692, 0.000925608212128, 0.00113630318083, 0.00109152949881, 0.000717471411917, 0.00102138577495, 0.000655585608911, 0.000426501763286, 0.000271427183179, 0.00014286446094, 2.54618553299e-05, 2.24241557589e-06, 1.43355237014e-07, 2.07670280972e-09, 2.20533857842e-09],
        "min": [3.68593910949e-09, 6.62451649092e-09, 2.28963781268e-08, 3.09062109238e-08, 1.48509172959e-07, 1.16246695825e-07, 3.86795342422e-08, 2.857601622e-08, 4.82908042443e-08, 2.2225101759e-08, 1.16727498778e-08, 2.95674098538e-08, 2.3922082093e-08, 2.26867005182e-08, 1.30842053636e-07, 7.19251929127e-08, 7.9065664238e-08, 2.7958873261e-07, 2.78690208688e-07, 1.33285098514e-07, 1.78911477633e-07, 1.25609460611e-07, 8.9022762495e-08, 4.86886158058e-08, 1.81687065393e-09, 5.81158801638e-11, 9.3552686431e-11],
        "stdev": [1.99363566935e-05, 0.000437755865278, 8.35794417071e-05, 0.000135213544127, 0.00140287179966, 0.00349132204428, 0.00319919735193, 0.00124315987341, 0.00250700581819, 0.00280531169847, 0.00121740973555, 0.000916715187486, 0.00132784328889, 0.00133060908411, 0.00155901932158, 0.00164931558538, 0.000952264061198, 0.00138833990786, 0.00104848854244, 0.000449479033705, 0.000493525702041, 0.000174921238795, 2.50691264227e-05, 1.95708389583e-06, 5.65223778892e-08, 3.39165246999e-08, 3.58615217522e-08]
    },
    "erbbands": {
        "max": [0.0959842801094, 0.453978210688, 0.733597874641, 1.78455328941, 13.4903421402, 49.4536590576, 469.079742432, 289.555206299, 513.916931152, 476.106323242, 215.450164795, 391.316894531, 717.226623535, 483.46005249, 222.646759033, 231.42388916, 420.60446167, 497.160095215, 654.659179688, 529.759887695, 568.468139648, 289.257354736, 478.817474365, 659.608398438, 162.803726196, 129.282333374, 464.985900879, 48.0054130554, 43.9867172241, 13.1451406479, 2.90864777565, 0.956190049648, 0.10127902776, 0.0137543333694, 0.00637858686969, 0.00323401018977, 0.00148170022294, 0.000528471020516, 0.000126619343064, 0.000102415193396],
        "mean": [0.00885815173388, 0.0473778620362, 0.0747935324907, 0.138799667358, 0.77222263813, 1.55533874035, 6.00262355804, 6.71709632874, 10.7720909119, 16.4619617462, 19.6376571655, 34.6786117554, 32.3745269775, 47.6608352661, 34.2630615234, 31.5001316071, 46.6413993835, 48.8402633667, 54.1994247437, 54.0734481812, 66.1928634644, 39.0566673279, 58.6927680969, 48.3490524292, 23.4055767059, 17.1900997162, 17.3926239014, 6.53962898254, 5.41463756561, 1.80203771591, 0.498463958502, 0.115841038525, 0.0176000613719, 0.00286895455793, 0.000659898272716, 5.15883220942e-05, 1.85254648386e-05, 7.57607540436e-06, 1.103465911e-05, 2.03553699976e-05],
        "min": [1.36035779974e-07, 2.01369357455e-06, 2.01550301426e-05, 9.54056667979e-05, 0.000112238703878, 0.000432889151853, 0.00034984992817, 0.00107831065543, 0.00120582582895, 0.000645045365673, 0.000890838797204, 0.00114374491386, 0.00119722401723, 0.000972821144387, 0.00126236572396, 0.00135463383049, 0.0013931839494, 0.00155598053243, 0.00776010099798, 0.00519478460774, 0.00429324712604, 0.00721106864512, 0.0158984791487, 0.0115448888391, 0.0159991662949, 0.00764614110813, 0.00777074927464, 0.00512686884031, 0.00586650753394, 0.00401703594252, 0.00245256815106, 0.00182706641499, 0.000351362716174, 3.81294266845e-05, 9.21621813177e-06, 9.90580815596e-07, 3.87297205862e-07, 1.46827801473e-07, 3.69070818351e-08, 1.55044652672e-08],
        "stdev": [0.0162599012256, 0.0854476168752, 0.0840602889657, 0.192950278521, 1.35384559631, 4.03598356247, 33.8713302612, 20.8362960815, 33.165019989, 36.8664360046, 29.829832077, 65.419670105, 65.2649078369, 68.6362991333, 35.5130805969, 34.7901229858, 57.3670578003, 60.9030303955, 74.109413147, 76.139213562, 95.7762756348, 46.3696365356, 66.7507095337, 76.7727584839, 24.0986385345, 16.4240989685, 31.8455505371, 7.09186792374, 6.02707052231, 1.70390045643, 0.402810394764, 0.100448086858, 0.0125205572695, 0.00106478540692, 0.00033003979479, 0.00013782903261, 6.32871960988e-05, 2.26748325076e-05, 8.92648040463e-06, 1.46398269862e-05]
    },
    "gfcc": {
        "mean": [-84.3009338379, 112.96030426, -213.391067505, 46.2255706787, -66.3132781982, -3.47922325134, -13.396736145, -12.3012084961, 0.876000285149, -12.8931760788, 2.55264282227, -8.40861606598, 1.51824438572],
        "cov": [[11738.8310547, 1742.37841797, -2995.08422852, -1204.30065918, -385.957611084, -1445.24841309, 1210.17687988, -1068.23486328, 620.758239746, -611.589111328, 43.6652793884, 25.4317245483, -114.414611816], [1742.37841797, 703.461364746, -46.8841323853, -78.7033691406, -161.249542236, -333.411407471, 203.135726929, -119.971336365, 21.3373813629, -75.6281280518, 1.60715687275, -12.4207162857, -6.36280298233], [-2995.08422852, -46.8841323853, 1346.13977051, 539.897888184, -82.4099960327, 198.754623413, -259.494628906, 350.619750977, -235.128601074, 180.317779541, -22.2199478149, 0.0820953398943, 27.3699970245], [-1204.30065918, -78.7033691406, 539.897888184, 334.798217773, 20.4892215729, 96.3848724365, -91.8845596313, 157.680084229, -70.0770874023, 74.0627822876, -1.21080338955, 21.0911407471, 21.7524394989], [-385.957611084, -161.249542236, -82.4099960327, 20.4892215729, 212.365386963, 178.252349854, -43.7681427002, 42.9078330994, 33.3056526184, 32.0030708313, 20.5106906891, 9.22592163086, 28.1955814362], [-1445.24841309, -333.411407471, 198.754623413, 96.3848724365, 178.252349854, 362.491912842, -101.620903015, 146.351852417, -29.8658847809, 87.4909286499, 15.3043642044, 0.76474159956, 23.3669433594], [1210.17687988, 203.135726929, -259.494628906, -91.8845596313, -43.7681427002, -101.620903015, 212.46963501, -60.3154754639, 61.2354431152, -56.3580703735, 8.87282085419, 5.66578865051, -17.8445606232], [-1068.23486328, -119.971336365, 350.619750977, 157.680084229, 42.9078330994, 146.351852417, -60.3154754639, 173.962982178, -35.6997718811, 68.9972000122, 6.8557100296, 4.89404153824, 9.62714862823], [620.758239746, 21.3373813629, -235.128601074, -70.0770874023, 33.3056526184, -29.8658847809, 61.2354431152, -35.6997718811, 110.630981445, -0.990883409977, 17.9083194733, 11.5886621475, 5.4007601738], [-611.589111328, -75.6281280518, 180.317779541, 74.0627822876, 32.0030708313, 87.4909286499, -56.3580703735, 68.9972000122, -0.990883409977, 86.4024276733, 21.8054828644, 4.96110153198, 15.569726944], [43.6652793884, 1.60715687275, -22.2199478149, -1.21080338955, 20.5106906891, 15.3043642044, 8.87282085419, 6.8557100296, 17.9083194733, 21.8054828644, 46.3726234436, 18.8431377411, 5.35298204422], [25.4317245483, -12.4207162857, 0.0820953398943, 21.0911407471, 9.22592163086, 0.76474159956, 5.66578865051, 4.89404153824, 11.5886621475, 4.96110153198, 18.8431377411, 40.1350440979, 18.5465965271], [-114.414611816, -6.36280298233, 27.3699970245, 21.7524394989, 28.1955814362, 23.3669433594, -17.8445606232, 9.62714862823, 5.4007601738, 15.569726944, 5.35298204422, 18.5465965271, 42.9229545593]],
        "icov": [[0.00344348535873, -0.00208766781725, 0.00157034606673, 0.000385319697671, -0.00180179683957, 0.00533651094884, -0.00858756247908, 0.00646145362407, -0.00615361519158, 0.0037621234078, -0.00200331700034, -0.000397087307647, 0.000762878975365], [-0.00208766781725, 0.0104171568528, -0.0114489691332, 0.00713486270979, -0.00638319598511, 0.0046723857522, -0.00541326869279, 0.0049678911455, -0.00185397360474, 0.00439032167196, -0.00600338540971, 0.0079949721694, -0.00611635483801], [0.00157034606673, -0.0114489691332, 0.0216717403382, -0.0151560176164, 0.0130427936092, -0.00571905262768, 0.0103903692216, -0.0153880063444, 0.0126001080498, -0.0136395730078, 0.00936323031783, -0.00730184745044, 0.00401666667312], [0.000385319697671, 0.00713486270979, -0.0151560176164, 0.0182412788272, -0.011759750545, 0.00845827441663, -0.0108996536583, 0.00855461321771, -0.00868200045079, 0.00822803471237, -0.00444122310728, 2.65729413513e-05, -0.00217490177602], [-0.00180179683957, -0.00638319598511, 0.0130427936092, -0.011759750545, 0.0219536740333, -0.0156420432031, 0.0163309182972, -0.0136040728539, 0.00701979687437, -0.00656869448721, 0.0036279601045, -0.00193678936921, -0.00228752265684], [0.00533651094884, 0.0046723857522, -0.00571905262768, 0.00845827441663, -0.0156420432031, 0.0242486502975, -0.0223011299968, 0.0115839196369, -0.0095053575933, 0.00588131183758, -0.00709733832628, 0.00513988547027, -0.00279051950201], [-0.00858756247908, -0.00541326869279, 0.0103903692216, -0.0108996536583, 0.0163309182972, -0.0223011299968, 0.0422243326902, -0.0294390916824, 0.0193038713187, -0.0132132312283, 0.0105897150934, -0.00747164944187, 0.00504671921954], [0.00646145362407, 0.0049678911455, -0.0153880063444, 0.00855461321771, -0.0136040728539, 0.0115839196369, -0.0294390916824, 0.0443167500198, -0.0251558870077, 0.015985082835, -0.0121998284012, 0.00545987952501, 0.00041757611325], [-0.00615361519158, -0.00185397360474, 0.0126001080498, -0.00868200045079, 0.00701979687437, -0.0095053575933, 0.0193038713187, -0.0251558870077, 0.0403812527657, -0.0263230893761, 0.0113344844431, -0.00694249663502, -2.78987154161e-05], [0.0037621234078, 0.00439032167196, -0.0136395730078, 0.00822803471237, -0.00656869448721, 0.00588131183758, -0.0132132312283, 0.015985082835, -0.0263230893761, 0.0452003069222, -0.0244524199516, 0.0134657695889, -0.0086113801226], [-0.00200331700034, -0.00600338540971, 0.00936323031783, -0.00444122310728, 0.0036279601045, -0.00709733832628, 0.0105897150934, -0.0121998284012, 0.0113344844431, -0.0244524199516, 0.044722892344, -0.0255827978253, 0.011589916423], [-0.000397087307647, 0.0079949721694, -0.00730184745044, 2.65729413513e-05, -0.00193678936921, 0.00513988547027, -0.00747164944187, 0.00545987952501, -0.00694249663502, 0.0134657695889, -0.0255827978253, 0.0519931912422, -0.0243736859411], [0.000762878975365, -0.00611635483801, 0.00401666667312, -0.00217490177602, -0.00228752265684, -0.00279051950201, 0.00504671921954, 0.00041757611325, -2.78987154161e-05, -0.0086113801226, 0.011589916423, -0.0243736859411, 0.0402049869299]]
    },
    "melbands": {
        "max": [0.000783043273259, 0.000325325876474, 0.000751199317165, 0.00121820473578, 0.0131868897006, 0.00691056018695, 0.00931692775339, 0.0043055312708, 0.00186137016863, 0.00214367895387, 0.0040634572506, 0.00271319784224, 0.000875813071616, 0.00112117792014, 0.000604913220741, 0.00133256230038, 0.00102401757613, 0.00112840661313, 0.000929817033466, 0.000623669999186, 0.000836249208078, 0.00032161117997, 0.000278309744317, 0.000981187215075, 0.000536352861673, 0.000273507233942, 0.000194524487597, 0.000123123361846, 0.00040985175292, 5.10475547344e-05, 4.33112654719e-05, 2.72072957159e-05, 2.76600239886e-05, 6.97594259691e-06, 2.25772828344e-06, 2.14246165342e-06, 2.337185947e-07, 1.14792079842e-07, 1.17257101806e-08, 1.10114912744e-08],
        "mean": [7.48642851249e-05, 4.38555980509e-05, 4.45160731033e-05, 7.83135474194e-05, 0.000179548776941, 0.000149787752889, 0.000191521976376, 0.000186475881492, 0.000160191906616, 0.000217365959543, 0.000161908988957, 0.000198437643121, 0.00011886676657, 9.72494744929e-05, 7.88519973867e-05, 0.000111865192594, 8.71948504937e-05, 8.29709824757e-05, 8.85379122337e-05, 6.48000277579e-05, 8.06912648841e-05, 4.06933395425e-05, 4.28006060247e-05, 5.14929379278e-05, 3.9815207856e-05, 1.68885690073e-05, 1.59591691045e-05, 1.01472196548e-05, 1.32844570544e-05, 5.59640784559e-06, 3.51855601366e-06, 3.74926162294e-06, 1.43729994306e-06, 8.20905370347e-07, 2.88033731977e-07, 1.40207859545e-07, 4.17726049307e-08, 1.39837057489e-08, 2.33886998657e-09, 1.96163418842e-09],
        "min": [1.66857894168e-09, 8.49780601442e-09, 2.17208953046e-08, 2.59519836732e-08, 2.06830641503e-08, 2.44685853801e-08, 1.52473855763e-08, 5.941003689e-09, 8.66358362828e-09, 7.76346542608e-09, 5.91978821518e-09, 3.7544238829e-09, 3.56919249711e-09, 2.92217605669e-09, 3.49557094381e-09, 1.68518377031e-09, 2.20606222179e-09, 1.06380610987e-08, 8.59299831291e-09, 2.55782617309e-09, 4.18308232497e-09, 4.56652538006e-09, 1.01459791679e-08, 1.3672917909e-08, 8.1931181839e-09, 9.85123271846e-09, 5.36050404065e-09, 4.88929385867e-09, 4.59742377501e-09, 3.93859300729e-09, 2.74594547101e-09, 2.92153612413e-09, 1.85525772523e-09, 1.89566073949e-09, 1.38329581123e-09, 1.22068422037e-09, 1.06002240319e-09, 2.69530536778e-10, 2.42610844609e-11, 2.77777609942e-11],
        "stdev": [0.000136266084155, 5.49098440388e-05, 7.28916929802e-05, 0.000134132846142, 0.000941039412282, 0.000486028468003, 0.00059425184736, 0.000360571022611, 0.000270068354439, 0.000396307324991, 0.000361519283615, 0.000314759614412, 0.000130608110339, 0.000114569171274, 0.000101155448647, 0.000144600169733, 0.000119287476991, 0.000123307123431, 0.000126928789541, 9.89580876194e-05, 0.000120095704915, 5.54431062483e-05, 4.47216552857e-05, 8.15596213215e-05, 7.18527298886e-05, 2.68049607257e-05, 2.18721124838e-05, 1.39291314554e-05, 2.79560463241e-05, 6.80860875946e-06, 6.17261412117e-06, 4.39489485871e-06, 2.43222802965e-06, 8.78099797319e-07, 2.59752624743e-07, 1.60417783945e-07, 3.62228256279e-08, 1.229891744e-08, 1.01001740305e-09, 7.20365989082e-10]
    },
    "melbands128": {
        "max": [9.59110839176e-05, 0.000754331995267, 0.00123606144916, 0.000559724809136, 0.000415957241785, 0.000263135094428, 0.000153550994582, 0.00102319044527, 0.0018112877151, 0.00104608619586, 0.00226887944154, 0.00940657034516, 0.0223489031196, 0.0147955920547, 0.00771243171766, 0.00240320945159, 0.00228676060215, 0.0132329175249, 0.0169344227761, 0.00274812267162, 0.00231382995844, 0.00245291553438, 0.00264056795277, 0.00331447762437, 0.00457668537274, 0.00379839865491, 0.00523690273985, 0.0025351352524, 0.0116417249665, 0.0035946557764, 0.00211102305911, 0.00263361586258, 0.00120903435163, 0.00107474217657, 0.00182276463602, 0.00137936882675, 0.00104523240589, 0.000998996431008, 0.00165150302928, 0.00157789781224, 0.00255320360884, 0.00108195154462, 0.00107238721102, 0.00146525423042, 0.0016922642244, 0.000857838138472, 0.00112244626507, 0.00160686159506, 0.00113079161383, 0.000720595475286, 0.000696788541973, 0.00136761507019, 0.00129175430629, 0.00103838811629, 0.00069655047264, 0.000414120469941, 0.000343753781635, 0.000440031522885, 0.000447762926342, 0.00099890306592, 0.00108452059794, 0.00240468839183, 0.000605072709732, 0.0010897560278, 0.00107922649477, 0.000183992888196, 0.000264701200649, 0.000320983555866, 0.000400920747779, 0.00015979987802, 0.000106327541289, 0.000313893018756, 0.000292310258374, 0.000982640776783, 0.000186928315088, 0.000124224316096, 2.39458440774e-05, 2.18200893869e-05, 8.45255781314e-05, 0.000123127203551, 4.64697805e-05, 7.39442693884e-05, 5.12454498676e-05, 3.79709126719e-05, 1.3950815628e-05, 1.80572023964e-05, 7.36151559977e-06, 3.89384058508e-06, 2.7102094009e-06, 2.01029729396e-06, 3.5068503621e-06, 2.14211490857e-06, 5.14832095178e-07, 2.69155378874e-07, 2.73732894129e-07, 2.79588277863e-07, 5.32463033664e-08, 1.13646212441e-08, 1.12244737949e-08, 1.49749688205e-08, 1.22783809786e-08, 1.02754853515e-08, 9.26073795426e-09, 7.8530302261e-09, 6.65450983206e-09, 6.26039886598e-09, 5.98908256322e-09, 5.7577609347e-09, 5.49950618378e-09, 5.28830002011e-09, 5.06421393709e-09, 4.84834838943e-09, 4.63011540219e-09, 4.48212489346e-09, 4.33801838895e-09, 4.17762135996e-09, 4.06802413977e-09, 3.9648466732e-09, 3.82560427781e-09, 3.72612740662e-09, 3.6245511037e-09, 3.56463858431e-09, 3.48779027881e-09, 3.42147687959e-09, 3.37189365318e-09, 3.32915117696e-09, 3.30356653144e-09, 3.28203997313e-09],
        "mean": [1.17776926345e-05, 6.73379472573e-05, 0.00011924032151, 5.85298366786e-05, 3.57140379492e-05, 3.56777891284e-05, 1.64812845469e-05, 4.59616094304e-05, 9.03406689758e-05, 6.63681930746e-05, 7.51287007006e-05, 0.000127906256239, 0.000246402429184, 0.000191033817828, 0.00016822424368, 0.000115909533633, 8.72715463629e-05, 0.000208822064451, 0.000351188646164, 0.000117773182865, 0.000159468399943, 0.000210627360502, 0.000120620337839, 0.00014915940119, 0.000268272211542, 0.000242168418481, 0.000129315958475, 0.000117393297842, 0.000239064771449, 0.000183854092029, 0.000208533121622, 0.000177622045157, 8.11315621831e-05, 0.000110223780212, 0.000115354654554, 9.07620560611e-05, 7.01588141965e-05, 6.32613227936e-05, 0.000103446167486, 9.99400654109e-05, 0.000131483204314, 9.36056385399e-05, 8.35743776406e-05, 8.51183140185e-05, 8.47598930704e-05, 8.04646988399e-05, 8.17194450065e-05, 0.00010843641212, 8.34272723296e-05, 5.33414749952e-05, 5.74089172005e-05, 8.11980353319e-05, 8.86262132553e-05, 8.12401922303e-05, 6.18110934738e-05, 3.33113057422e-05, 2.467581362e-05, 3.30858347297e-05, 4.20767391915e-05, 7.8767661762e-05, 4.69860897283e-05, 3.86260471714e-05, 4.79972040921e-05, 4.29949650425e-05, 2.16393800656e-05, 1.44624036693e-05, 1.49537963807e-05, 1.5679448552e-05, 2.03723720915e-05, 8.89064813236e-06, 6.41110773358e-06, 1.3906028471e-05, 1.40030751936e-05, 1.57051745191e-05, 7.71757459006e-06, 8.47529827297e-06, 2.52779386756e-06, 1.77188712769e-06, 3.46380966221e-06, 6.01841702519e-06, 3.70449424736e-06, 3.58696343028e-06, 1.71444594343e-06, 1.34704862376e-06, 9.37952734148e-07, 9.76431920208e-07, 8.39442236611e-07, 3.97304546595e-07, 2.41134785028e-07, 2.06973695072e-07, 1.86306749583e-07, 1.21984200518e-07, 5.91624846891e-08, 3.63675418669e-08, 3.58592302518e-08, 2.20840004062e-08, 8.21179391153e-09, 2.75032729924e-09, 2.21078111373e-09, 2.05277550513e-09, 1.98743999036e-09, 1.98222394054e-09, 1.89827287222e-09, 1.58139124018e-09, 3.13749470848e-10, 1.65623834092e-11, 1.55105719934e-11, 1.49176348357e-11, 1.42907742931e-11, 1.37217312166e-11, 1.31701568054e-11, 1.26717386584e-11, 1.21232494529e-11, 1.17231380853e-11, 1.13443785615e-11, 1.09868086851e-11, 1.08352519665e-11, 1.04529562089e-11, 1.00936160471e-11, 9.82269040412e-12, 9.53746196602e-12, 9.37870267559e-12, 9.1788954909e-12, 8.95146370222e-12, 8.69391104247e-12, 8.35253654435e-12, 8.16096582673e-12, 8.09172000238e-12],
        "min": [1.59220525653e-09, 1.01715236234e-09, 1.39583700154e-09, 3.42991057778e-09, 7.35470617741e-09, 1.25691110853e-08, 1.79327788175e-08, 1.48050158799e-08, 4.1799945727e-09, 1.73619945087e-08, 1.77069825469e-08, 1.15858043159e-08, 2.33530395022e-09, 1.10779554419e-08, 8.8625062844e-09, 9.32554922173e-09, 1.14986713484e-08, 6.88081636113e-09, 2.19799511925e-09, 1.90947568868e-09, 3.09606296156e-09, 5.63769564366e-09, 3.09386227748e-09, 3.41994077502e-09, 4.01766042657e-09, 3.2144267248e-09, 2.11764383806e-09, 1.594213761e-09, 3.31006178023e-09, 3.30854721398e-09, 8.89309792473e-10, 1.12399467511e-09, 6.42808362095e-10, 1.71129921345e-09, 1.67145541852e-09, 1.7121213336e-09, 1.25891153058e-09, 2.0025325842e-09, 2.51075338298e-09, 1.20108656354e-09, 1.26964116998e-09, 9.87959714038e-10, 1.16620391122e-09, 2.06836814343e-09, 1.63152746868e-09, 8.90010820598e-09, 9.43415834342e-09, 1.02144515068e-08, 1.12803955066e-09, 1.89518867266e-09, 2.37237607337e-09, 1.85214965587e-09, 2.93727708822e-09, 1.97522886936e-09, 2.49883647108e-09, 2.52285103919e-09, 3.41260708581e-09, 2.78823319988e-09, 6.40217345804e-09, 1.0062353617e-08, 8.80726069852e-09, 7.51325668347e-09, 5.48844036885e-09, 3.87694099047e-09, 3.80677001033e-09, 5.31129407122e-09, 8.07032041195e-09, 3.28352633971e-09, 2.98205504734e-09, 4.41167102849e-09, 2.75377698422e-09, 4.00185928839e-09, 3.6916325552e-09, 3.15243742222e-09, 2.74037570414e-09, 2.97945357275e-09, 2.50496667853e-09, 2.7072397657e-09, 2.13088169332e-09, 2.04851424712e-09, 1.75584302653e-09, 2.44863063159e-09, 2.26344654131e-09, 1.474268152e-09, 9.56010826059e-10, 1.25266774731e-09, 1.38128075644e-09, 1.21303633804e-09, 1.0267960926e-09, 7.53739459736e-10, 5.87429938026e-10, 9.14738562674e-10, 7.34646787848e-10, 8.53112691601e-10, 6.10220041164e-10, 2.79433531869e-10, 2.89911983309e-10, 4.33204097594e-11, 7.26129096087e-12, 1.31136585965e-11, 2.56288028994e-11, 2.82199073137e-11, 3.80667233846e-11, 1.6567202471e-11, 4.84266836701e-12, 2.98740876871e-13, 3.23153260878e-13, 3.29815520598e-13, 2.32881666425e-13, 3.03272354061e-13, 3.00922725323e-13, 2.21810715411e-13, 3.62198931871e-13, 2.71764192096e-13, 2.53441473537e-13, 2.80275667041e-13, 3.4848903277e-13, 3.04530760418e-13, 3.18884079299e-13, 2.77876408949e-13, 2.88714934122e-13, 3.1694110769e-13, 2.62999745679e-13, 2.08071705482e-13, 2.16171549519e-13, 9.32118491008e-14, 1.12969266984e-14, 2.985487266e-16],
        "stdev": [1.263993272e-05, 0.000121261298773, 0.000228375327424, 0.000104942235339, 4.24274985562e-05, 4.08337873523e-05, 2.08160436159e-05, 9.97447205009e-05, 0.000178297006642, 0.000112767585961, 0.000186050092452, 0.000606886635069, 0.00157337437849, 0.00101484905463, 0.000558750354685, 0.000236397943809, 0.000215390711674, 0.00080275174696, 0.00110037403647, 0.00027947165654, 0.000278052699286, 0.000345902546542, 0.000262232584646, 0.000491057173349, 0.000677288335282, 0.000528286444023, 0.00038873613812, 0.000236522057094, 0.000962847087067, 0.0004119281366, 0.000325660133967, 0.000295028614346, 0.000147365411976, 0.000177036752575, 0.000194568347069, 0.000122560377349, 0.000117793766549, 0.00011061305122, 0.000178042289917, 0.000151877888129, 0.000233870741795, 0.000138064162456, 0.000138332470669, 0.00015361320402, 0.000153818429681, 0.00013868183305, 0.000125973674585, 0.000184970936971, 0.000142437580507, 0.000107896710688, 9.87699386314e-05, 0.000161964213476, 0.000182274641702, 0.000135638387292, 9.7070573247e-05, 5.6352091633e-05, 4.796975918e-05, 6.10534625594e-05, 5.73378056288e-05, 0.000122333789477, 0.000101492543763, 0.000144066390931, 9.23386251088e-05, 0.000108274609374, 7.3367911682e-05, 2.3280897949e-05, 3.08802482323e-05, 2.62163484877e-05, 4.01520956075e-05, 1.72398122231e-05, 1.06757952381e-05, 3.19389910146e-05, 2.70927721431e-05, 5.88826405874e-05, 1.52319753397e-05, 1.42150893225e-05, 2.84080033452e-06, 2.59821217696e-06, 7.3045530371e-06, 1.55445795826e-05, 5.40155224371e-06, 7.04425292497e-06, 4.07561174143e-06, 3.37502137882e-06, 1.38925565807e-06, 1.50820619638e-06, 1.23755535242e-06, 4.76158390939e-07, 2.89645754492e-07, 2.7098954547e-07, 2.75949560091e-07, 1.75697195459e-07, 7.45071417896e-08, 4.20541681478e-08, 3.60595073801e-08, 2.53630965119e-08, 7.68391039685e-09, 1.58980606457e-09, 1.16870702005e-09, 1.00512453916e-09, 9.66605795405e-10, 8.64373517206e-10, 8.55000625855e-10, 7.19774628788e-10, 3.42899458827e-10, 2.66607791399e-10, 2.55066523458e-10, 2.45212739003e-10, 2.34212566008e-10, 2.25218260708e-10, 2.15674283988e-10, 2.06479056075e-10, 1.97185712203e-10, 1.90882601392e-10, 1.84745538312e-10, 1.77911949062e-10, 1.7323714685e-10, 1.68848074411e-10, 1.62919455704e-10, 1.58683247098e-10, 1.54358484328e-10, 1.51806206494e-10, 1.48533921274e-10, 1.45712650279e-10, 1.43606293523e-10, 1.41796047126e-10, 1.4071167842e-10, 1.39795591769e-10]
    },
    "mfcc": {
        "mean": [-688.080444336, 117.208930969, -72.3806838989, 32.18334198, -29.108297348, 12.0791149139, -14.1783046722, 9.04835987091, -6.40656137466, 3.80980157852, -0.748279094696, 2.05428814888, -1.85657536983],
        "cov": [[13045.4238281, 1922.8605957, -3065.62426758, -204.085968018, -2091.88891602, 61.1223373413, -873.528259277, 269.887451172, -362.993530273, -66.2834396362, -302.925445557, 69.1403884888, -170.056259155], [1922.8605957, 690.910583496, -118.440826416, 98.3375244141, -387.05267334, -90.6505966187, -88.8273925781, -12.2548236847, -52.7246131897, -54.0921173096, -29.24477005, -18.6968364716, -39.5356140137], [-3065.62426758, -118.440826416, 1333.86035156, 368.977539062, 324.674621582, -165.932388306, 229.318634033, -86.7917709351, 73.3694458008, -23.348815918, 102.986915588, -66.2836837769, -7.71521711349], [-204.085968018, 98.3375244141, 368.977539062, 296.37612915, -11.8427448273, -91.5332565308, 10.9747476578, -14.3932161331, 4.70912075043, -19.4158706665, 8.58526420593, -41.1027679443, -2.28839468956], [-2091.88891602, -387.05267334, 324.674621582, -11.8427448273, 479.150909424, 64.6977386475, 140.0234375, -29.505115509, 72.0778274536, 43.507232666, 33.2945289612, 3.03412604332, 70.5285797119], [61.1223373413, -90.6505966187, -165.932388306, -91.5332565308, 64.6977386475, 120.224769592, 22.0696048737, 26.0535030365, 20.5242156982, 29.2521724701, 1.05193114281, 16.3787174225, 25.5316886902], [-873.528259277, -88.8273925781, 229.318634033, 10.9747476578, 140.0234375, 22.0696048737, 149.159759521, 21.4990367889, 39.0251846313, 12.5586500168, 35.3940963745, 6.34145689011, 8.19478321075], [269.887451172, -12.2548236847, -86.7917709351, -14.3932161331, -29.505115509, 26.0535030365, 21.4990367889, 84.5225601196, 15.5741958618, 16.0250759125, 6.75401496887, 9.79723072052, -0.158896252513], [-362.993530273, -52.7246131897, 73.3694458008, 4.70912075043, 72.0778274536, 20.5242156982, 39.0251846313, 15.5741958618, 63.7237167358, 24.7573165894, 17.1173381805, 3.23044586182, 14.5963640213], [-66.2834396362, -54.0921173096, -23.348815918, -19.4158706665, 43.507232666, 29.2521724701, 12.5586500168, 16.0250759125, 24.7573165894, 68.9148635864, 21.0573749542, 11.0115232468, 13.4848842621], [-302.925445557, -29.24477005, 102.986915588, 8.58526420593, 33.2945289612, 1.05193114281, 35.3940963745, 6.75401496887, 17.1173381805, 21.0573749542, 64.5219039917, 18.0530967712, -3.59917545319], [69.1403884888, -18.6968364716, -66.2836837769, -41.1027679443, 3.03412604332, 16.3787174225, 6.34145689011, 9.79723072052, 3.23044586182, 11.0115232468, 18.0530967712, 52.8709030151, 9.84040164948], [-170.056259155, -39.5356140137, -7.71521711349, -2.28839468956, 70.5285797119, 25.5316886902, 8.19478321075, -0.158896252513, 14.5963640213, 13.4848842621, -3.59917545319, 9.84040164948, 64.1604766846]],
        "icov": [[0.00412272522226, -0.00540859857574, 0.00617320509627, -0.00577922258526, 0.00753438659012, -0.00557199073955, 0.00485764071345, -0.00537178944796, 0.00447223102674, -0.00428803125396, 0.00313028716482, -0.00316813657992, 0.00197730399668], [-0.00540859857574, 0.0103073688224, -0.00778890075162, 0.00671825325117, -0.0067122168839, 0.00793594028801, -0.00798579584807, 0.00899413879961, -0.00660579651594, 0.0060883029364, -0.0042013595812, 0.00473786890507, -0.00415745284408], [0.00617320509627, -0.00778890075162, 0.0128499809653, -0.0114132985473, 0.0102439047769, -0.00495377415791, 0.0031558056362, -0.00505127944052, 0.00515372632071, -0.00532707944512, 0.00127087230794, -0.00235352455638, 0.00337505107746], [-0.00577922258526, 0.00671825325117, -0.0114132985473, 0.0155929541215, -0.0101489434019, 0.0092111248523, -0.00404323032126, 0.00457170093432, -0.00591753609478, 0.0055319070816, -0.00342754903249, 0.00641821045429, -0.00496875727549], [0.00753438659012, -0.0067122168839, 0.0102439047769, -0.0101489434019, 0.0218511354178, -0.0118583999574, 0.00508646341041, -0.00563671905547, 0.00596771482378, -0.0088568367064, 0.00663582514971, -0.00490165455267, -0.00163326726761], [-0.00557199073955, 0.00793594028801, -0.00495377415791, 0.0092111248523, -0.0118583999574, 0.0251121073961, -0.0111572686583, 0.00687556527555, -0.00860696285963, 0.00406071916223, -0.006066639442, 0.00686776312068, -0.00595006905496], [0.00485764071345, -0.00798579584807, 0.0031558056362, -0.00404323032126, 0.00508646341041, -0.0111572686583, 0.023145025596, -0.0144278695807, 0.00464812945575, -0.00351619115099, 0.00316821760498, -0.00685752276331, 0.00495724705979], [-0.00537178944796, 0.00899413879961, -0.00505127944052, 0.00457170093432, -0.00563671905547, 0.00687556527555, -0.0144278695807, 0.0265647061169, -0.0106927352026, 0.00403101556003, -0.00576621387154, 0.00481547275558, -0.00324796093628], [0.00447223102674, -0.00660579651594, 0.00515372632071, -0.00591753609478, 0.00596771482378, -0.00860696285963, 0.00464812945575, -0.0106927352026, 0.029267931357, -0.0102123012766, 0.00270979781635, -0.00327014666982, 0.000578120059799], [-0.00428803125396, 0.0060883029364, -0.00532707944512, 0.0055319070816, -0.0088568367064, 0.00406071916223, -0.00351619115099, 0.00403101556003, -0.0102123012766, 0.0254647452384, -0.0104928771034, 0.00389838311821, -0.00369321019389], [0.00313028716482, -0.0042013595812, 0.00127087230794, -0.00342754903249, 0.00663582514971, -0.006066639442, 0.00316821760498, -0.00576621387154, 0.00270979781635, -0.0104928771034, 0.0290388427675, -0.0134230973199, 0.00571577483788], [-0.00316813657992, 0.00473786890507, -0.00235352455638, 0.00641821045429, -0.00490165455267, 0.00686776312068, -0.00685752276331, 0.00481547275558, -0.00327014666982, 0.00389838311821, -0.0134230973199, 0.0302135311067, -0.00745096663013], [0.00197730399668, -0.00415745284408, 0.00337505107746, -0.00496875727549, -0.00163326726761, -0.00595006905496, 0.00495724705979, -0.00324796093628, 0.000578120059799, -0.00369321019389, 0.00571577483788, -0.00745096663013, 0.024123551324]]
    },
    "spectral_contrast_coeffs": {
        "max": [-0.358558624983, -0.547200024128, -0.561938107014, -0.625551104546, -0.578776478767, -0.541087925434],
        "mean": [-0.758891999722, -0.783870279789, -0.753830850124, -0.773825347424, -0.747091770172, -0.644800722599],
        "min": [-0.926948547363, -0.966748833656, -0.937367141247, -0.926393568516, -0.903282284737, -0.860451698303],
        "stdev": [0.0793093293905, 0.0798023492098, 0.0904324427247, 0.0673878863454, 0.0695826634765, 0.0798561051488]
    },
    "spectral_contrast_valleys": {
        "max": [-6.53611946106, -4.96016931534, -5.41442918777, -5.01188373566, -6.01435279846, -10.1043386459],
        "mean": [-8.09383487701, -7.14412879944, -7.47063302994, -7.45854330063, -7.54039764404, -12.0060634613],
        "min": [-11.5414543152, -10.6609802246, -11.5882043839, -11.201915741, -10.285410881, -13.4660158157],
        "stdev": [0.90624332428, 1.20758461952, 1.29821968079, 1.33929908276, 1.01456129551, 0.264173835516]
    }
},
"rhythm": {
    "beats_count": 32,
    "beats_loudness": {
        "max": 0.0377001725137,
        "mean": 0.0154354395345,
        "min": 1.54581011884e-05,
        "stdev": 0.00992229860276
    },
    "bpm": 147.499420166,
    "bpm_histogram_first_peak_bpm": 148,
    "bpm_histogram_first_peak_weight": 0.449999988079,
    "bpm_histogram_second_peak_bpm": 172,
    "bpm_histogram_second_peak_spread": 0,
    "bpm_histogram_second_peak_weight": 0.290322571993,
    "danceability": 0.794385790825,
    "onset_rate": 1.41072845459,
    "beats_loudness_band_ratio": {
        "max": [0.741658210754, 0.306953638792, 0.577064394951, 0.649660110474, 0.671640872955, 0.199312075973],
        "mean": [0.110124409199, 0.0699476450682, 0.183080583811, 0.28674775362, 0.285681694746, 0.0897395685315],
        "min": [0.00147986609954, 0.0025215393398, 0.0142524754629, 0.0235446263105, 0.0741074904799, 0.0370606780052],
        "stdev": [0.198574244976, 0.0660385116935, 0.149979680777, 0.156328961253, 0.18001191318, 0.0497123524547]
    },
    "beats_position": [0.336689323187, 0.684988677502, 1.04489791393, 1.39319729805, 1.74149656296, 2.08979582787, 2.43809509277, 2.7863945961, 3.13469386101, 3.48299312592, 3.83129239082, 4.19120168686, 4.59755086899, 5.00390005112, 5.41024923325, 5.80498838425, 6.19972801208, 6.60607719421, 7.01242637634, 7.40716552734, 7.80190467834, 8.20825386047, 8.6146030426, 9.02095222473, 9.42730140686, 9.83365058899, 10.2399997711, 10.6579589844, 11.0759181976, 11.4938774109, 11.9118366241, 12.3297958374],
