{
"metadata": {
    "version": {
        "essentia": "2.1-beta5",
        "essentia_git_sha": "Undefined",
        "extractor": "music 2.0"
    },
    "audio_properties": {
        "analysis": {
            "equal_loudness": 0,
            "length": 32.4963264465,
            "sample_rate": 44100,
            "start_time": 240.245254517,
            "downmix": "mix"
        },
        "bit_rate": 192000,
        "length": 301.67364502,
        "lossless": 0,
        "number_channels": 2,
        "replay_gain": 2.27925682068,
        "sample_rate": 44100,
        "codec": "mp3",
        "md5_encoded": "8facb120664ac5e1c5ed54f1960067d3"
    },
    "tags": {
        "file_name": "Italy_Romantica_Renato Rascel.mp3",
        "encoding": ["Lavf58.29.100"]
    }
},
"lowlevel": {
    "average_loudness": 0.938561141491,
    "barkbands_crest": {
        "max": 26.8601303101,
        "mean": 13.2058362961,
        "min": 3.8902823925,
        "stdev": 5.10442352295
    },
    "barkbands_flatness_db": {
        "max": 0.454257875681,
        "mean": 0.262658089399,
        "min": 0.0470478124917,
        "stdev": 0.0535707473755
    },
    "barkbands_kurtosis": {
        "max": 1107.76696777,
        "mean": 18.2318019867,
        "min": -1.72313177586,
        "stdev": 72.1957550049
    },
    "barkbands_skewness": {
        "max": 30.0002212524,
        "mean": 1.88045489788,
        "min": -1.11354720592,
        "stdev": 2.90738916397
    },
    "barkbands_spread": {
        "max": 48.7332839966,
        "mean": 6.28014659882,
        "min": 0.162411540747,
        "stdev": 4.34599542618
    },
    "dissonance": {
        "max": 0.495596855879,
        "mean": 0.39180380106,
        "min": 0.180727496743,
        "stdev": 0.0609072446823
    },
    "dynamic_complexity": 2.34644627571,
    "erbbands_crest": {
        "max": 30.4815921783,
        "mean": 13.8239889145,
        "min": 2.62469792366,
        "stdev": 5.33392572403
    },
    "erbbands_flatness_db": {
        "max": 0.386802613735,
        "mean": 0.293093293905,
        "min": 0.0768259242177,
        "stdev": 0.0429799258709
    },
    "erbbands_kurtosis": {
        "max": 123.043762207,
        "mean": 4.50860786438,
        "min": -1.64926981926,
        "stdev": 11.4916181564
    },
    "erbbands_skewness": {
        "max": 9.69750595093,
        "mean": 0.895809650421,
        "min": -2.40017461777,
        "stdev": 1.45320153236
    },
    "erbbands_spread": {
        "max": 70.8475646973,
        "mean": 13.4522008896,
        "min": 1.71518921852,
        "stdev": 8.75967121124
    },
    "hfc": {
        "max": 47.1484107971,
        "mean": 15.7665157318,
        "min": 0.0372698493302,
        "stdev": 9.4455537796
    },
    "loudness_ebu128": {
        "integrated": -26.3114757538,
        "loudness_range": 3.11487388611,
        "momentary": {
            "max": -23.1396961212,
            "mean": -26.6543273926,
            "min": -34.6161804199,
            "stdev": 1.83321762085
        },
        "short_term": {
            "max": -24.7373275757,
            "mean": -26.3925952911,
            "min": -29.0336933136,
            "stdev": 1.02291142941
        }
    },
    "melbands_crest": {
        "max": 29.6192970276,
        "mean": 15.3615446091,
        "min": 5.03639364243,
        "stdev": 5.54948854446
    },
    "melbands_flatness_db": {
        "max": 0.521533668041,
        "mean": 0.329698681831,
        "min": 0.103976368904,
        "stdev": 0.0582807250321
    },
    "melbands_kurtosis": {
        "max": 309.89553833,
        "mean": 12.0623035431,
        "min": -1.73659014702,
        "stdev": 32.7692642212
    },
    "melbands_skewness": {
        "max": 11.5851612091,
        "mean": 1.62724626064,
        "min": -0.659041702747,
        "stdev": 1.69039201736
    },
    "melbands_spread": {
        "max": 36.4439163208,
        "mean": 9.91467571259,
        "min": 0.34921386838,
        "stdev": 6.57623529434
    },
    "pitch_salience": {
        "max": 0.832159399986,
        "mean": 0.551139950752,
        "min": 0.0471424646676,
        "stdev": 0.127281978726
    },
    "silence_rate_20dB": {
        "max": 1,
        "mean": 1,
        "min": 1,
        "stdev": 0
    },
    "silence_rate_30dB": {
        "max": 1,
        "mean": 1,
        "min": 1,
        "stdev": 0
    },
    "silence_rate_60dB": {
        "max": 1,
        "mean": 0.0306923631579,
        "min": 0,
        "stdev": 0.172483459115
    },
    "spectral_centroid": {
        "max": 1995.39233398,
        "mean": 625.86138916,
        "min": 232.995285034,
        "stdev": 224.335540771
    },
    "spectral_complexity": {
        "max": 26,
        "mean": 11.9186296463,
        "min": 0,
        "stdev": 5.10480260849
    },
    "spectral_decrease": {
        "max": -5.71613416323e-12,
        "mean": -7.04552816089e-09,
        "min": -2.43017304058e-08,
        "stdev": 4.00785626908e-09
    },
    "spectral_energy": {
        "max": 0.0959967523813,
        "mean": 0.0280214976519,
        "min": 2.55607628787e-05,
        "stdev": 0.0158217158169
    },
    "spectral_energyband_high": {
        "max": 9.83800564427e-05,
        "mean": 7.46962632547e-06,
        "min": 1.70296459601e-06,
        "stdev": 6.34879597783e-06
    },
    "spectral_energyband_low": {
        "max": 0.0130582069978,
        "mean": 0.000477440858958,
        "min": 2.24737800636e-06,
        "stdev": 0.00113839004189
    },
    "spectral_energyband_middle_high": {
        "max": 0.0367179661989,
        "mean": 0.00505715701729,
        "min": 4.63511560156e-06,
        "stdev": 0.00483718002215
    },
    "spectral_energyband_middle_low": {
        "max": 0.0904346182942,
        "mean": 0.0230660252273,
        "min": 1.26196719066e-05,
        "stdev": 0.0154900941998
    },
    "spectral_entropy": {
        "max": 8.32215976715,
        "mean": 6.30723524094,
        "min": 4.57579040527,
        "stdev": 0.50361096859
    },
    "spectral_flux": {
        "max": 0.200538188219,
        "mean": 0.064303688705,
        "min": 0.00307840714231,
        "stdev": 0.0322887971997
    },
    "spectral_kurtosis": {
        "max": 55.6285743713,
        "mean": 25.4966621399,
        "min": 1.38582897186,
        "stdev": 10.0225324631
    },
    "spectral_rms": {
        "max": 0.00967757031322,
        "mean": 0.00497431028634,
        "min": 0.000157915579621,
        "stdev": 0.00161068665329
    },
    "spectral_rolloff": {
        "max": 2950.04882812,
        "mean": 843.162475586,
        "min": 215.33203125,
        "stdev": 374.902160645
    },
    "spectral_skewness": {
        "max": 6.0946598053,
        "mean": 3.84004092216,
        "min": 0.669719219208,
        "stdev": 0.841993331909
    },
    "spectral_spread": {
        "max": 15070357,
        "mean": 2214022,
        "min": 1251250.5,
        "stdev": 941557.5
    },
    "spectral_strongpeak": {
        "max": 6.08711385727,
        "mean": 1.94625961781,
        "min": 0.0100588649511,
        "stdev": 1.29018044472
    },
    "zerocrossingrate": {
        "max": 0.138671875,
        "mean": 0.0315054692328,
        "min": 0.00927734375,
        "stdev": 0.0126550775021
    },
    "barkbands": {
        "max": [1.63724071172e-05, 0.000699994037859, 0.00213642301969, 0.0191445350647, 0.0692421793938, 0.0649556443095, 0.0816217809916, 0.0491606481373, 0.0429255850613, 0.0298733524978, 0.00872607715428, 0.0114224562421, 0.0127438446507, 0.00728296395391, 0.00343946483918, 0.00199133809656, 0.000962799356785, 0.000553078716621, 0.000330643786583, 0.000249073927989, 1.72785366885e-05, 3.04996774503e-06, 2.461928716e-06, 2.61085506281e-06, 3.60528952115e-06, 3.83856695407e-06, 4.04810265309e-07],
        "mean": [4.08698451793e-06, 3.38212339557e-05, 9.17079014471e-05, 0.000931741844397, 0.00682154856622, 0.00367810833268, 0.00425458187237, 0.00293410895392, 0.00392126245424, 0.00151669851039, 0.000925414671656, 0.00105110451113, 0.000984648359008, 0.000404037011322, 0.000186193385161, 0.000120292279462, 9.05039487407e-05, 4.31429325545e-05, 1.68490314536e-05, 6.46129410597e-06, 9.54266170083e-07, 5.51016341888e-07, 5.05392165451e-07, 9.12982613954e-07, 1.7906170342e-06, 4.78536605897e-07, 2.23668772392e-09],
        "min": [3.9139642638e-08, 2.79524613234e-07, 2.34122524034e-07, 1.05531648842e-06, 4.65864059151e-06, 1.22781045775e-06, 6.87618012307e-07, 4.22832215463e-07, 4.52313827282e-07, 2.59240380274e-07, 2.96116496656e-07, 2.1532878236e-07, 1.92145591882e-07, 2.12625877793e-07, 2.13908933233e-07, 2.35966751916e-07, 2.14070439597e-07, 2.16060911384e-07, 1.65942239505e-07, 1.36368385029e-07, 1.3298227941e-07, 1.5308044965e-07, 2.29070536761e-07, 2.65851014092e-07, 3.84299084999e-07, 1.52675568188e-07, 3.08332803733e-10],
        "stdev": [2.54906831287e-06, 5.14593048138e-05, 0.000193701023818, 0.00198527122848, 0.00934450048953, 0.00666718464345, 0.00803711917251, 0.00653499737382, 0.00659195194021, 0.00317176873796, 0.00130951730534, 0.0015391294146, 0.00143482373096, 0.000850664044265, 0.000316906400258, 0.000209711084608, 0.000154627123266, 6.32472438156e-05, 2.8935035516e-05, 1.35730597322e-05, 1.35338007112e-06, 1.82863900022e-07, 1.21711963175e-07, 1.83688925404e-07, 3.09021004341e-07, 1.40703349416e-07, 1.74921765961e-08]
    },
    "erbbands": {
        "max": [0.00670205708593, 0.206410825253, 1.8614782095, 38.7185440063, 141.50604248, 385.983123779, 351.708099365, 826.17755127, 915.633850098, 921.226745605, 1230.30517578, 1209.13391113, 1050.22338867, 1120.93518066, 426.845611572, 586.017333984, 566.289978027, 434.645019531, 222.908859253, 86.917388916, 136.598831177, 63.4747543335, 38.5042304993, 25.3047828674, 7.56343126297, 11.9141426086, 1.86800837517, 0.447066009045, 0.0940436199307, 0.0614153556526, 0.07720464468, 0.0561376772821, 0.041960414499, 0.0353271178901, 0.0282456725836, 0.0161806475371, 0.00645810784772, 0.00162250967696, 6.20830469416e-05, 0.000108211424958],
        "mean": [0.000654178787954, 0.0100828353316, 0.0954299718142, 1.73050224781, 9.9790096283, 28.1012554169, 22.9664554596, 38.8327941895, 56.4023590088, 61.3026351929, 68.5565948486, 93.8995819092, 62.9445648193, 44.1892242432, 36.7817420959, 40.4031066895, 48.6682395935, 26.9639091492, 13.4610071182, 6.48656988144, 7.11131858826, 5.40130710602, 2.8343038559, 1.21134328842, 0.603362560272, 0.268179923296, 0.0804280862212, 0.0271489359438, 0.0176989883184, 0.0189613588154, 0.0151651902124, 0.0161239784211, 0.0175669509917, 0.0191413741559, 0.0127010354772, 0.00386528624222, 0.000517922686413, 2.36993928411e-05, 1.45963658724e-05, 3.19487771776e-05],
        "min": [1.67177367985e-05, 7.4606956332e-05, 0.00049816200044, 0.00283954129554, 0.00697184354067, 0.0130090173334, 0.00975937861949, 0.0179434455931, 0.0115984715521, 0.0178225059062, 0.0320185050368, 0.0124194584787, 0.00923940818757, 0.0138887502253, 0.010682198219, 0.0125686954707, 0.0115023441613, 0.010875152424, 0.0158287584782, 0.0165576282889, 0.0132372826338, 0.0122847417369, 0.0123280156404, 0.0118519514799, 0.00676104053855, 0.00680580129847, 0.00482489075512, 0.00546090817079, 0.00440538302064, 0.00690121017396, 0.00666224397719, 0.00554522918537, 0.00489967502654, 0.00477498862892, 0.00237725861371, 0.00117752759252, 0.000197477085749, 8.3211416495e-06, 3.94784194668e-07, 8.03065347554e-08],
        "stdev": [0.000679959601257, 0.0147530613467, 0.167403921485, 3.61217474937, 14.9446992874, 47.7945594788, 32.7519721985, 79.6110229492, 100.792327881, 111.412635803, 137.54838562, 171.021331787, 123.136993408, 81.9482421875, 55.1254577637, 57.0914344788, 68.5973739624, 48.3781089783, 19.9951210022, 9.01215267181, 12.6536846161, 8.59810256958, 3.9647154808, 2.06368803978, 0.854924023151, 0.616403639317, 0.13774099946, 0.0274007376283, 0.00670098420233, 0.0048995623365, 0.00375074474141, 0.00355812441558, 0.00381302065216, 0.00376115296967, 0.00253076781519, 0.00086097267922, 0.000198006731807, 4.67354948341e-05, 7.89019850345e-06, 1.78327154572e-05]
    },
    "gfcc": {
        "mean": [-86.5120315552, 150.76322937, -131.78894043, -35.1958732605, -64.6261749268, -9.71205615997, -64.365272522, -0.152188017964, -35.8086280823, -10.4207229614, -10.1140365601, -10.9200153351, -6.8458943367],
        "cov": [[1660.6517334, 544.278198242, -924.203369141, -625.565612793, 229.914459229, -74.0144577026, 160.689041138, 80.3197402954, 54.2316017151, -70.0625457764, 114.872520447, -89.4400634766, -11.4053440094], [544.278198242, 290.630279541, -123.490242004, -195.353393555, 44.9324645996, -17.2940731049, 38.6424217224, -2.3562605381, 25.9454021454, -40.5474739075, 25.4080638885, -45.5265197754, -24.1110916138], [-924.203369141, -123.490242004, 1011.24542236, 503.200622559, -205.12461853, -98.4524536133, -189.487350464, -128.574478149, 8.25057029724, -1.67337226868, -104.821838379, 19.9396629333, 11.8004322052], [-625.565612793, -195.353393555, 503.200622559, 569.474182129, 26.6026725769, -89.4442367554, -175.137115479, -81.8989334106, -47.0268173218, 42.3540382385, -53.7996749878, 39.1539497375, 35.3495521545], [229.914459229, 44.9324645996, -205.12461853, 26.6026725769, 190.51663208, 62.6149673462, -8.52473449707, -19.3529415131, -33.4907188416, 10.4025440216, 37.1096000671, 1.62372100353, -17.2874469757], [-74.0144577026, -17.2940731049, -98.4524536133, -89.4442367554, 62.6149673462, 245.843322754, 109.133995056, -0.800309360027, -60.128868103, 15.6406078339, 31.3580913544, 8.13835811615, -56.1822319031], [160.689041138, 38.6424217224, -189.487350464, -175.137115479, -8.52473449707, 109.133995056, 172.183303833, 74.8590393066, -22.1828784943, -14.9392547607, 28.3141040802, -5.37325286865, -14.4991645813], [80.3197402954, -2.3562605381, -128.574478149, -81.8989334106, -19.3529415131, -0.800309360027, 74.8590393066, 106.058296204, 45.4254760742, -2.8674530983, -3.13709568977, -0.150848865509, 2.13632249832], [54.2316017151, 25.9454021454, 8.25057029724, -47.0268173218, -33.4907188416, -60.128868103, -22.1828784943, 45.4254760742, 112.561248779, 32.8819541931, -17.2438163757, -21.6081256866, 0.485813081264], [-70.0625457764, -40.5474739075, -1.67337226868, 42.3540382385, 10.4025440216, 15.6406078339, -14.9392547607, -2.8674530983, 32.8819541931, 82.916305542, 23.622215271, -4.4401345253, -11.6970129013], [114.872520447, 25.4080638885, -104.821838379, -53.7996749878, 37.1096000671, 31.3580913544, 28.3141040802, -3.13709568977, -17.2438163757, 23.622215271, 67.6030273438, 21.1174869537, -10.3326272964], [-89.4400634766, -45.5265197754, 19.9396629333, 39.1539497375, 1.62372100353, 8.13835811615, -5.37325286865, -0.150848865509, -21.6081256866, -4.4401345253, 21.1174869537, 58.2552833557, 29.2570514679], [-11.4053440094, -24.1110916138, 11.8004322052, 35.3495521545, -17.2874469757, -56.1822319031, -14.4991645813, 2.13632249832, 0.485813081264, -11.6970129013, -10.3326272964, 29.2570514679, 76.5294113159]],
        "icov": [[0.0231410097331, -0.0269343070686, 0.0115754017606, 0.00599605962634, -0.0177669562399, 0.02295839414, -0.0177089683712, 0.0120829427615, -0.00492638116702, 0.00104145717341, -0.00167536153458, 0.00157560175285, -0.00108115328476], [-0.0269343070686, 0.0418383553624, -0.0196360293776, 0.00199970928952, 0.00859045237303, -0.0199914760888, 0.0168098751456, -0.0146951768547, 0.00761086307466, -0.00106603780296, -0.000699698401149, 0.00354680116288, 0.000469056423753], [0.0115754017606, -0.0196360293776, 0.0218564849347, -0.0184535980225, 0.0156909152865, -0.00119774148334, -0.00943850260228, 0.0234675705433, -0.0249505676329, 0.0203908570111, -0.00937098171562, 0.000614115502685, 0.00268922094256], [0.00599605962634, 0.00199970928952, -0.0184535980225, 0.0354968570173, -0.0394417308271, 0.0261793974787, -0.00229567172937, -0.019882299006, 0.0344843640924, -0.0335822477937, 0.0202280730009, -0.00566430203617, -0.00205294252373], [-0.0177669562399, 0.00859045237303, 0.0156909152865, -0.0394417308271, 0.0612913258374, -0.0441196970642, 0.0218633301556, 0.00958372466266, -0.0274202115834, 0.0322844833136, -0.0224554650486, 0.00725380796939, 0.000491740298457], [0.02295839414, -0.0199914760888, -0.00119774148334, 0.0261793974787, -0.0441196970642, 0.0502769462764, -0.0336448922753, 0.0102738216519, 0.0151186697185, -0.0251262821257, 0.0223000235856, -0.0162355508655, 0.0107787828892], [-0.0177089683712, 0.0168098751456, -0.00943850260228, -0.00229567172937, 0.0218633301556, -0.0336448922753, 0.0501605421305, -0.0397491343319, 0.0199003983289, 0.00108670780901, -0.0151807395741, 0.0189472492784, -0.0132286185399], [0.0120829427615, -0.0146951768547, 0.0234675705433, -0.019882299006, 0.00958372466266, 0.0102738216519, -0.0397491343319, 0.0639795213938, -0.048158608377, 0.0254324749112, 0.00100834120531, -0.0158912111074, 0.0135307367891], [-0.00492638116702, 0.00761086307466, -0.0249505676329, 0.0344843640924, -0.0274202115834, 0.0151186697185, 0.0199003983289, -0.048158608377, 0.0677002072334, -0.0513211376965, 0.027083883062, -0.00246180617251, -0.00407404685393], [0.00104145717341, -0.00106603780296, 0.0203908570111, -0.0335822477937, 0.0322844833136, -0.0251262821257, 0.00108670780901, 0.0254324749112, -0.0513211376965, 0.0659084990621, -0.0461713708937, 0.0241336300969, -0.00453059747815], [-0.00167536153458, -0.000699698401149, -0.00937098171562, 0.0202280730009, -0.0224554650486, 0.0223000235856, -0.0151807395741, 0.00100834120531, 0.027083883062, -0.0461713708937, 0.0679444596171, -0.0451564006507, 0.0192333664745], [0.00157560175285, 0.00354680116288, 0.000614115502685, -0.00566430203617, 0.00725380796939, -0.0162355508655, 0.0189472492784, -0.0158912111074, -0.00246180617251, 0.0241336300969, -0.0451564006507, 0.0611567758024, -0.0281457062811], [-0.00108115328476, 0.000469056423753, 0.00268922094256, -0.00205294252373, 0.000491740298457, 0.0107787828892, -0.0132286185399, 0.0135307367891, -0.00407404685393, -0.00453059747815, 0.0192333664745, -0.0281457062811, 0.0314174443483]]
    },
    "melbands": {
        "max": [0.000109996835818, 0.00112006731797, 0.00642798654735, 0.0169476177543, 0.0126043921337, 0.015918860212, 0.0161841306835, 0.0103070214391, 0.00997309945524, 0.00731731532142, 0.00506272213534, 0.00495430780575, 0.00117815716658, 0.00142299477011, 0.00123624375556, 0.00173549493775, 0.000852676166687, 0.000347408029484, 0.000223182112677, 0.000118104828289, 0.000171961655724, 8.42544905026e-05, 3.30228576786e-05, 2.90974476229e-05, 2.49716285907e-05, 7.0487362791e-06, 1.10165356091e-05, 6.61522835799e-06, 1.36856181143e-06, 5.05876300849e-07, 1.68609474827e-07, 4.95571264025e-08, 3.02230205307e-08, 3.61102010515e-08, 4.74702268605e-08, 3.51519346964e-08, 3.4337059418e-08, 2.71668838536e-08, 3.21166488959e-08, 3.4173346819e-08],
        "mean": [7.88604666013e-06, 4.92908293381e-05, 0.00050159113016, 0.00139243481681, 0.0009527875809, 0.000822157540824, 0.000889233662747, 0.000671028334182, 0.000557519611903, 0.000596858677454, 0.000295686273603, 0.000177451496711, 0.000112484412966, 0.000117904142826, 0.000107058396679, 0.0001048678605, 4.14457790612e-05, 2.18173845496e-05, 1.32126124299e-05, 6.98287840351e-06, 8.23252230475e-06, 6.05755121796e-06, 3.24145003106e-06, 1.71766066615e-06, 9.16511055493e-07, 5.27340489498e-07, 3.23301634353e-07, 1.45199265944e-07, 6.19855526907e-08, 1.98424796594e-08, 1.34343949298e-08, 9.68496749465e-09, 1.05103801218e-08, 9.90062254402e-09, 8.38649949486e-09, 8.85176554277e-09, 1.02628572307e-08, 1.1412101486e-08, 1.41528735398e-08, 1.72514997843e-08],
        "min": [1.31318998342e-07, 2.82975747723e-07, 6.67695417178e-07, 8.38452763219e-07, 3.7227204075e-07, 3.80217954898e-07, 1.92614308503e-07, 1.40438785934e-07, 2.46801391768e-07, 6.82625866943e-08, 4.21215204938e-08, 4.7043318574e-08, 3.92737327104e-08, 2.96263547028e-08, 2.53784371296e-08, 1.76133418961e-08, 1.48520697962e-08, 2.12055972781e-08, 1.96190867996e-08, 1.66777329724e-08, 1.28544987987e-08, 1.13852900441e-08, 9.13823949844e-09, 1.06073096973e-08, 8.78126815707e-09, 5.60787771775e-09, 3.40080674732e-09, 4.23551593798e-09, 2.88829538064e-09, 3.13854320311e-09, 2.90086710208e-09, 2.08327244344e-09, 3.419363237e-09, 3.7122689367e-09, 3.09406167354e-09, 3.45190942497e-09, 3.25985394234e-09, 3.40065220428e-09, 3.19423509865e-09, 4.07375289058e-09],
        "stdev": [9.8658438219e-06, 9.70454639173e-05, 0.000789560959674, 0.00195366400294, 0.00141918391455, 0.00157866522204, 0.00158335373271, 0.00125030044001, 0.00112856901251, 0.00107861089054, 0.000614619231783, 0.000352269707946, 0.000158632989042, 0.000189065627637, 0.000179433511221, 0.000166625206475, 9.22782273847e-05, 3.58884608431e-05, 2.2623777113e-05, 1.13272653834e-05, 1.6117686755e-05, 1.07682544694e-05, 4.3472609832e-06, 2.62478829427e-06, 1.95231109501e-06, 8.45957856654e-07, 6.5574437258e-07, 3.78327825956e-07, 1.1384384635e-07, 3.12361478905e-08, 1.13748495068e-08, 4.35819291766e-09, 3.08172465324e-09, 2.79318035368e-09, 2.48440135131e-09, 2.36153274713e-09, 2.60016030929e-09, 2.87368484564e-09, 3.54797702329e-09, 3.91418941703e-09]
    },
    "melbands128": {
        "max": [9.13624262466e-06, 3.85488237953e-05, 0.000120120996144, 0.000461876828922, 0.000471498642582, 0.00149633083493, 0.00873425975442, 0.00867508724332, 0.0195790845901, 0.0198284331709, 0.0286347251385, 0.0244426950812, 0.0159373097122, 0.0085924025625, 0.025196377188, 0.0222793333232, 0.017629114911, 0.0272846408188, 0.0255242362618, 0.0170299038291, 0.0173091124743, 0.0209798812866, 0.0196273382753, 0.0179315153509, 0.0141715817153, 0.0109206652269, 0.0116773601621, 0.00804970040917, 0.00641734199598, 0.0092239100486, 0.00560992024839, 0.00176820985507, 0.00117413909175, 0.00289603229612, 0.00311229866929, 0.00240301154554, 0.00283324392512, 0.00282081915066, 0.00151271081995, 0.00223650294356, 0.00278154131956, 0.00253533408977, 0.00156491145026, 0.00115215661936, 0.000753133674152, 0.000541138462722, 0.000651282432955, 0.000448391161626, 0.000213442195673, 0.000145563768456, 0.000230796416872, 0.000352508941432, 0.000375965115381, 0.000227858341532, 0.000168767131981, 0.000183172160177, 9.96759554255e-05, 4.88228106406e-05, 5.92719952692e-05, 8.59091232996e-05, 2.48420619755e-05, 1.89176826098e-05, 5.15076280863e-05, 2.57190113189e-05, 2.36200685322e-05, 1.288617932e-05, 1.00022753031e-05, 1.02460371636e-05, 1.45009362313e-05, 1.63408112712e-05, 7.32772150513e-06, 4.49946674053e-06, 2.36802929976e-06, 1.54726319579e-06, 6.93108177074e-07, 8.03238151548e-07, 3.7868485947e-07, 2.40988867972e-07, 1.9104240323e-07, 2.45127836251e-07, 7.26174747001e-08, 5.09646902458e-08, 4.84947513257e-08, 2.81622263287e-08, 4.62646347898e-08, 3.42204700132e-08, 5.31347446042e-08, 4.42881642471e-08, 5.26935686196e-08, 5.0741292057e-08, 3.45969262128e-08, 2.87424040124e-08, 3.61460266163e-08, 3.59777843073e-08, 4.5482089206e-08, 2.97628339752e-08, 3.43025519101e-08, 3.07734637772e-08, 4.29515516487e-08, 4.03103861402e-08, 3.56430120974e-08, 4.8406985087e-08, 4.02572908342e-08, 4.92167195887e-08, 4.06607867376e-08, 3.62655967479e-08, 2.76215317285e-08, 3.51193349957e-08, 4.80986130924e-08, 2.99196933895e-08, 2.36163906209e-08, 2.29490364489e-08, 1.71972374119e-08, 1.93268512305e-08, 2.18944666841e-08, 1.89159763408e-08, 1.55933559398e-08, 1.62356228461e-09, 1.5734623604e-09, 1.54762369586e-09, 1.50185941461e-09, 1.47578760323e-09, 1.44754797038e-09, 1.42380651713e-09, 1.414218187e-09, 1.39174105573e-09, 1.37485245411e-09, 1.36434763487e-09],
        "mean": [2.89709100798e-06, 3.37756318913e-06, 9.79841843218e-06, 1.674682062e-05, 1.68380502146e-05, 5.81328058615e-05, 0.000277033890598, 0.000533423095476, 0.000960298290011, 0.00145652075298, 0.00177377427462, 0.00128556590062, 0.00071798247518, 0.000485504540848, 0.0009517747676, 0.00092667125864, 0.000784231873695, 0.000961300742347, 0.00097715202719, 0.000562464294489, 0.000646512256935, 0.000577758648433, 0.000567514507566, 0.00048908503959, 0.000666419393383, 0.000648245040793, 0.000363424245734, 0.000275504484307, 0.000241661604377, 0.00014757635654, 0.000216534521314, 0.000106581923319, 7.7995529864e-05, 0.000136970207677, 0.000141310010804, 0.000105509716377, 7.66525699873e-05, 0.000150526175275, 7.04190097167e-05, 0.000128506682813, 0.000117832561955, 6.12958756392e-05, 4.34577486885e-05, 2.85529567918e-05, 2.8641499739e-05, 1.89326765394e-05, 1.74643118953e-05, 1.95023403649e-05, 7.1766239671e-06, 4.40036365035e-06, 7.62394074627e-06, 8.27374151413e-06, 1.0781380297e-05, 6.49921958029e-06, 6.27080225968e-06, 7.44036924516e-06, 4.76996001453e-06, 2.51105029747e-06, 3.47473019247e-06, 2.91689434562e-06, 1.58420516527e-06, 7.60502928188e-07, 1.06031131963e-06, 8.73282033353e-07, 9.39785422815e-07, 4.49397930424e-07, 3.18842467095e-07, 4.45107957603e-07, 3.19108551139e-07, 1.71535631921e-07, 1.31449837681e-07, 1.62819659977e-07, 8.2860644568e-08, 4.70454999402e-08, 2.53441321263e-08, 2.08012558289e-08, 1.70414313772e-08, 1.47539376272e-08, 1.33926683077e-08, 1.17501484098e-08, 9.86074066844e-09, 8.93828211446e-09, 8.6256317644e-09, 8.74859829025e-09, 1.56822359543e-08, 9.66026281191e-09, 8.90068641013e-09, 7.73659092346e-09, 8.02982480508e-09, 9.43732914038e-09, 7.92840637587e-09, 9.12363429251e-09, 9.59031609682e-09, 8.97836649472e-09, 1.28228370144e-08, 9.76214575843e-09, 1.18818270778e-08, 1.20711023399e-08, 1.38469209432e-08, 1.58623709723e-08, 1.41638683004e-08, 1.89285369601e-08, 1.8081415476e-08, 1.8725447859e-08, 1.42589051677e-08, 1.24796200041e-08, 1.08143085598e-08, 8.29418045356e-09, 6.99108859692e-09, 3.97015709197e-09, 2.81977352579e-09, 1.84938608871e-09, 1.23167098742e-09, 7.46468498125e-10, 1.8542231639e-10, 4.48666902242e-11, 2.79330343578e-11, 8.67690121142e-12, 7.80748122403e-12, 7.70366322816e-12, 7.567956678e-12, 7.47392512462e-12, 7.33539010783e-12, 7.19019939074e-12, 7.15822670236e-12, 7.13994011484e-12, 7.0916150556e-12, 7.03064082647e-12],
        "min": [2.69959059551e-08, 7.80998590244e-08, 4.17329992786e-08, 9.27712733301e-08, 8.47982946084e-08, 1.3340341809e-07, 7.52942952431e-08, 2.65930168553e-07, 6.28944860637e-07, 1.81368804419e-07, 6.48149750759e-07, 9.51709111519e-08, 8.46602006277e-08, 2.51902410042e-08, 6.08093841947e-08, 1.44977093441e-07, 1.5904419115e-07, 3.95698656064e-08, 1.79667949851e-07, 8.16562959471e-08, 4.41000587159e-08, 7.29541298483e-08, 6.47394671205e-08, 3.40911689989e-08, 4.55313902137e-08, 4.90586415935e-08, 3.00312805734e-08, 2.77838321239e-08, 2.28357510679e-08, 6.21318729799e-09, 1.48793741772e-08, 4.80450381701e-08, 9.72169900137e-09, 1.03009574204e-08, 1.09758309108e-08, 1.52369068473e-08, 9.50324618998e-09, 1.23666401564e-08, 1.35630902065e-08, 2.66806621241e-09, 1.24251711142e-08, 1.73685599236e-08, 9.36299393572e-09, 1.32579449641e-08, 1.86038633387e-08, 6.45234088381e-09, 1.36059021827e-08, 1.08329869519e-08, 1.50059520365e-08, 9.92265913879e-09, 7.23724769003e-09, 3.48073103673e-09, 1.0092908731e-08, 5.82675552252e-09, 7.13041448108e-09, 8.73645422672e-09, 3.27387961185e-09, 4.32611146906e-09, 5.49331513611e-09, 9.87820492071e-09, 4.85013496032e-09, 4.08352374137e-09, 4.84340612061e-09, 3.63726981867e-09, 4.0412255764e-09, 4.96015184481e-09, 3.73151554101e-09, 2.21210449958e-09, 2.24743357258e-09, 2.75705147601e-09, 1.69434244413e-09, 3.59093488278e-09, 2.56346543992e-09, 1.67246405613e-09, 1.82578774321e-09, 1.59067858885e-09, 2.26030705264e-09, 1.78639492088e-09, 1.61634694518e-09, 1.63724123148e-09, 1.30122401742e-09, 1.47807122097e-09, 1.86993598383e-09, 1.72186032099e-09, 3.90342913548e-09, 2.75555755991e-09, 1.86121562606e-09, 1.41395439801e-09, 1.65240277017e-09, 1.92782101394e-09, 2.0019397251e-09, 1.86778903455e-09, 2.18477747005e-09, 2.35592301223e-09, 2.11225748004e-09, 2.204082028e-09, 2.29041252631e-09, 2.67635003048e-09, 1.64353708421e-09, 3.97022947851e-09, 1.99308392013e-09, 3.72946429295e-09, 4.77461670201e-09, 3.96966770566e-09, 2.35073538413e-09, 2.02688776874e-09, 1.12223230708e-09, 1.25350752e-09, 1.93175830887e-09, 1.28598975913e-09, 7.63619556476e-10, 4.18042600536e-10, 3.8560230009e-10, 8.45363362645e-11, 1.96953000783e-12, 9.25625028014e-13, 8.65527159492e-13, 7.72536819672e-13, 7.90934104235e-13, 9.02739038036e-13, 8.9041892349e-13, 8.06165518456e-13, 8.51758984524e-13, 8.09816352431e-13, 8.65792951655e-13, 9.065388956e-13, 9.55805204948e-13, 8.67200137655e-13],
        "stdev": [1.62718527008e-06, 3.5955090425e-06, 1.38010900628e-05, 3.07297341351e-05, 3.28442365571e-05, 0.000131009786855, 0.000767291290686, 0.00105857860763, 0.00191010523122, 0.00225331378169, 0.00357708963566, 0.00272524729371, 0.00128814287018, 0.000906022032723, 0.00234480551444, 0.00227995915338, 0.00175860954914, 0.0024071901571, 0.00241900468245, 0.00150175474118, 0.00192339194473, 0.00175825308543, 0.00160440127365, 0.00149118946865, 0.00173427455593, 0.00140097422991, 0.00123262533452, 0.000861149223056, 0.00055420427816, 0.000539401604328, 0.000467991223559, 0.000192706866073, 0.000178116650204, 0.000350724731106, 0.000342525308952, 0.00024010593188, 0.000209671678022, 0.00035945957643, 0.000185560507816, 0.000284146197373, 0.000232765261899, 0.000213857740164, 0.000129371124785, 8.8131375378e-05, 6.81743767927e-05, 4.29494684795e-05, 5.26171425008e-05, 3.99857381126e-05, 1.61914067576e-05, 1.21282964756e-05, 1.506532044e-05, 1.95608645299e-05, 2.74108879239e-05, 1.62190008268e-05, 1.7138894691e-05, 1.65773199114e-05, 9.96639300865e-06, 4.69473116027e-06, 6.28016869086e-06, 6.82588506606e-06, 2.96466328109e-06, 1.39521853271e-06, 3.59024761565e-06, 2.23928168452e-06, 2.20525157602e-06, 1.02532521851e-06, 6.67664949106e-07, 8.93830986115e-07, 7.66661514717e-07, 7.21389255887e-07, 4.07033041938e-07, 4.0727815076e-07, 1.89149503171e-07, 9.80217294e-08, 4.71330565688e-08, 4.34241087532e-08, 2.31145644847e-08, 1.61241420216e-08, 1.33443638362e-08, 1.11315889839e-08, 6.05036554191e-09, 4.83165152332e-09, 4.01353261736e-09, 3.95367694139e-09, 6.51458620382e-09, 3.75094089122e-09, 3.9993772738e-09, 3.48484685553e-09, 3.40475359017e-09, 3.96186461415e-09, 3.27723714832e-09, 3.54338602904e-09, 3.85346465848e-09, 3.55664186991e-09, 5.10554576394e-09, 3.53183216006e-09, 4.50951587183e-09, 4.3772798719e-09, 4.9682395975e-09, 5.53136025871e-09, 4.85093964997e-09, 6.2961920122e-09, 5.57356827358e-09, 6.32549257418e-09, 4.82547513059e-09, 4.27418900273e-09, 3.43853634455e-09, 2.83920553734e-09, 2.70477706898e-09, 1.58957724761e-09, 1.11988707197e-09, 8.64090021757e-10, 6.16195483527e-10, 6.11521333571e-10, 6.27584484381e-10, 5.50845757896e-10, 4.51148035596e-10, 6.39984940043e-11, 5.95163987538e-11, 5.84843354301e-11, 5.67937259721e-11, 5.57650835231e-11, 5.47236839177e-11, 5.38104213965e-11, 5.34274846586e-11, 5.2590314048e-11, 5.19460793824e-11, 5.15954327873e-11]
    },
    "mfcc": {
        "mean": [-736.903381348, 203.121520996, -19.1372241974, -20.1974868774, 2.41989994049, -26.6770076752, -11.471411705, -13.6100664139, -17.5527000427, -13.404753685, -7.30004024506, -9.12068557739, -7.27150297165],
        "cov": [[2039.97460938, 765.014404297, -1177.97961426, -514.359802246, -135.50743103, -199.929168701, 102.82824707, 82.4707183838, 18.1022109985, 73.3077774048, 32.133682251, 62.8005905151, 83.6235961914], [765.014404297, 456.37878418, -282.316192627, -275.396820068, -90.5964584351, -71.5849533081, 17.5552577972, 45.6799201965, 1.54030203819, 20.5035037994, 33.798500061, 19.6260871887, 18.9997692108], [-1177.97961426, -282.316192627, 1006.11444092, 410.600006104, 75.6709518433, 85.7482223511, -140.978530884, -91.5783004761, -14.8645009995, -69.4621658325, -47.0433158875, -46.6978340149, -49.3173713684], [-514.359802246, -275.396820068, 410.600006104, 493.5625, 188.935089111, 19.7169075012, -109.509300232, -114.195991516, -10.8128013611, -48.7734832764, -91.5729522705, -25.840927124, 7.89357423782], [-135.50743103, -90.5964584351, 75.6709518433, 188.935089111, 193.565185547, 67.2176437378, -47.8058776855, -56.1493797302, -28.9961280823, -24.8019504547, -22.1133937836, -7.78019809723, 7.35844516754], [-199.929168701, -71.5849533081, 85.7482223511, 19.7169075012, 67.2176437378, 148.794815063, 78.2283401489, -7.99350309372, -40.3478240967, -5.57199621201, 26.9025859833, -11.6870737076, -23.1476345062], [102.82824707, 17.5552577972, -140.978530884, -109.509300232, -47.8058776855, 78.2283401489, 190.53704834, 82.683631897, -36.042137146, 0.355235338211, 35.4060249329, -4.37358283997, -23.3912830353], [82.4707183838, 45.6799201965, -91.5783004761, -114.195991516, -56.1493797302, -7.99350309372, 82.683631897, 112.676315308, 21.4005908966, -5.12276315689, 16.5997695923, 4.0086889267, -10.1848545074], [18.1022109985, 1.54030203819, -14.8645009995, -10.8128013611, -28.9961280823, -40.3478240967, -36.042137146, 21.4005908966, 86.417930603, 37.2725067139, -15.1048717499, 8.29908275604, 18.7789573669], [73.3077774048, 20.5035037994, -69.4621658325, -48.7734832764, -24.8019504547, -5.57199621201, 0.355235338211, -5.12276315689, 37.2725067139, 74.1258239746, 36.5964202881, 6.9112868309, 8.88450813293], [32.133682251, 33.798500061, -47.0433158875, -91.5729522705, -22.1133937836, 26.9025859833, 35.4060249329, 16.5997695923, -15.1048717499, 36.5964202881, 98.1896896362, 35.6631317139, -17.24792099], [62.8005905151, 19.6260871887, -46.6978340149, -25.840927124, -7.78019809723, -11.6870737076, -4.37358283997, 4.0086889267, 8.29908275604, 6.9112868309, 35.6631317139, 69.7970046997, 35.1475563049], [83.6235961914, 18.9997692108, -49.3173713684, 7.89357423782, 7.35844516754, -23.1476345062, -23.3912830353, -10.1848545074, 18.7789573669, 8.88450813293, -17.24792099, 35.1475563049, 90.0928497314]],
        "icov": [[0.0187599174678, -0.0263747759163, 0.0198367256671, -0.0135143296793, 0.00723626185209, -0.000275594327832, -0.000784575066064, 0.00355716585182, -0.000532280246262, 0.000488618970849, 0.00192289659753, -0.00216013519093, 0.00100239180028], [-0.0263747759163, 0.0411596857011, -0.0286712646484, 0.0230348929763, -0.0133676920086, 0.00496249971911, -0.001363585121, -0.00269493018277, 0.000538666557986, -0.000397316820454, -0.0024739431683, 0.00314942770638, -0.00197960925288], [0.0198367256671, -0.0286712646484, 0.0257424544543, -0.0212019011378, 0.0169786587358, -0.0111803784966, 0.00953129120171, -0.00304546649568, 0.00239071971737, 0.00181135523599, -2.0032579414e-05, -0.000576348102186, 0.000998494564556], [-0.0135143296793, 0.0230348929763, -0.0212019011378, 0.0266827195883, -0.0242786165327, 0.0197414122522, -0.0169616900384, 0.0130993044004, -0.00706982333213, 0.00117075932212, 0.00297408970073, -0.000665815721732, 6.16560937488e-05], [0.00723626185209, -0.0133676920086, 0.0169786587358, -0.0242786165327, 0.0354306735098, -0.0318907685578, 0.0285299532115, -0.0188867878169, 0.0131630050018, -0.00192985322792, -0.000216123706196, 0.000352810049662, -0.00102381710894], [-0.000275594327832, 0.00496249971911, -0.0111803784966, 0.0197414122522, -0.0318907685578, 0.0459163226187, -0.0387283116579, 0.0290214493871, -0.0164104718715, 0.00729194236919, -0.0058270515874, 0.00328446761705, -0.000708398467395], [-0.000784575066064, -0.001363585121, 0.00953129120171, -0.0169616900384, 0.0285299532115, -0.0387283116579, 0.0464506670833, -0.0375845953822, 0.0273629482836, -0.0145005667582, 0.00728507619351, -0.00345434760675, 0.00171881110873], [0.00355716585182, -0.00269493018277, -0.00304546649568, 0.0130993044004, -0.0188867878169, 0.0290214493871, -0.0375845953822, 0.0476093217731, -0.0337877012789, 0.0259230434895, -0.0143330264837, 0.00796060543507, -0.00228856946342], [-0.000532280246262, 0.000538666557986, 0.00239071971737, -0.00706982333213, 0.0131630050018, -0.0164104718715, 0.0273629482836, -0.0337877012789, 0.0495819821954, -0.0387156009674, 0.0270819403231, -0.0170451570302, 0.00561942020431], [0.000488618970849, -0.000397316820454, 0.00181135523599, 0.00117075932212, -0.00192985322792, 0.00729194236919, -0.0145005667582, 0.0259230434895, -0.0387156009674, 0.0539845973253, -0.0363982319832, 0.0236993506551, -0.0117517635226], [0.00192289659753, -0.0024739431683, -2.0032579414e-05, 0.00297408970073, -0.000216123706196, -0.0058270515874, 0.00728507619351, -0.0143330264837, 0.0270819403231, -0.0363982319832, 0.0464351065457, -0.0311984829605, 0.0162626150995], [-0.00216013519093, 0.00314942770638, -0.000576348102186, -0.000665815721732, 0.000352810049662, 0.00328446761705, -0.00345434760675, 0.00796060543507, -0.0170451570302, 0.0236993506551, -0.0311984829605, 0.0394846014678, -0.0182592067868], [0.00100239180028, -0.00197960925288, 0.000998494564556, 6.16560937488e-05, -0.00102381710894, -0.000708398467395, 0.00171881110873, -0.00228856946342, 0.00561942020431, -0.0117517635226, 0.0162626150995, -0.0182592067868, 0.0214414559305]]
    },
    "spectral_contrast_coeffs": {
        "max": [-0.300364881754, -0.436071902514, -0.502179801464, -0.60501408577, -0.644804358482, -0.770546913147],
        "mean": [-0.548491239548, -0.676120996475, -0.699708580971, -0.758081138134, -0.771822154522, -0.867156505585],
        "min": [-0.947223186493, -0.921645700932, -0.921029388905, -0.908969581127, -0.89991915226, -0.933124065399],
        "stdev": [0.0862333476543, 0.0838747769594, 0.0773459002376, 0.0621456727386, 0.0518297813833, 0.0117459688336]
    },
    "spectral_contrast_valleys": {
        "max": [-6.17059135437, -5.12273406982, -5.82640790939, -6.72187995911, -7.71748828888, -10.9006910324],
        "mean": [-7.88515233994, -6.6169462204, -7.61813640594, -8.16800308228, -9.20941448212, -11.5812368393],
        "min": [-9.87677001953, -9.4844045639, -10.0949707031, -10.3314809799, -10.4711360931, -12.0546169281],
        "stdev": [0.592614650726, 0.705315828323, 0.762080669403, 0.652309536934, 0.383552372456, 0.0896855592728]
    }
},
"rhythm": {
    "beats_count": 54,
    "beats_loudness": {
        "max": 0.0749057233334,
        "mean": 0.0320985428989,
        "min": 0.00430416548625,
        "stdev": 0.0170056130737
    },
    "bpm": 107.03842926,
    "bpm_histogram_first_peak_bpm": 108,
    "bpm_histogram_first_peak_weight": 0.25,
    "bpm_histogram_second_peak_bpm": 99,
    "bpm_histogram_second_peak_spread": 0.363636434078,
    "bpm_histogram_second_peak_weight": 0.396226406097,
    "danceability": 1.18624413013,
    "onset_rate": 1.38427722454,
    "beats_loudness_band_ratio": {
        "max": [0.582292973995, 0.98846411705, 0.910609006882, 0.714521706104, 0.142523899674, 0.00881066732109],
        "mean": [0.0936885178089, 0.37707439065, 0.399772495031, 0.170224010944, 0.0229393988848, 0.00102457916364],
        "min": [0.00181244011037, 0.016534306109, 0.00700931623578, 0.000378653698135, 0.000273132842267, 0.000101292913314],
        "stdev": [0.128781467676, 0.272267699242, 0.269428730011, 0.157037958503, 0.0268385317177, 0.00137874588836]
    },
    "beats_position": [0.650158703327, 1.31192743778, 1.97369611263, 2.62385487556, 3.25079369545, 3.85451245308, 4.45823097229, 5.06195020676, 5.66566896439, 6.26938772202, 6.88471651077, 7.50004529953, 8.11537361145, 8.74231243134, 9.32281208038, 9.91492080688, 10.5186395645, 11.1223583221, 11.7260770798, 12.3065757751, 12.8986845016, 13.5140132904, 14.1409521103, 14.7446708679, 15.3483896255, 15.9404983521, 16.5558280945, 17.1711559296, 17.7748756409, 18.390203476, 19.0055332184, 19.6440811157, 20.2710208893, 20.8979587555, 21.5132884979, 22.128616333, 22.6858959198, 23.2431735992, 23.8236732483, 24.369342804, 24.9150104523, 25.4722900391, 26.0295696259, 26.5868473053, 27.1441268921, 27.7246246338, 28.2935142517, 28.8507938385, 29.3964614868, 29.9537410736, 30.5110206604, 31.0682983398, 31.6255779266, 32.1828575134],
