{
"metadata": {
    "version": {
        "essentia": "2.1-beta5",
        "essentia_git_sha": "Undefined",
        "extractor": "music 2.0"
    },
    "audio_properties": {
        "analysis": {
            "equal_loudness": 0,
            "length": 12.7477550507,
            "sample_rate": 44100,
            "start_time": 0,
            "downmix": "mix"
        },
        "bit_rate": 192000,
        "length": 224.92010498,
        "lossless": 0,
        "number_channels": 2,
        "replay_gain": -4.35485458374,
        "sample_rate": 48000,
        "codec": "mp3",
        "md5_encoded": "8b185f07463da7d1d64236fef0f4dfd2"
    },
    "tags": {
        "file_name": "Switzerland_Cielo E Terra_Anita Traversi.mp3",
        "encoding": ["Lavf58.29.100"]
    }
},
"lowlevel": {
    "average_loudness": 0.768134891987,
    "barkbands_crest": {
        "max": 21.4323215485,
        "mean": 8.53899288177,
        "min": 2.98791098595,
        "stdev": 3.51166343689
    },
    "barkbands_flatness_db": {
        "max": 0.312621444464,
        "mean": 0.183832660317,
        "min": 0.0524023883045,
        "stdev": 0.0518738739192
    },
    "barkbands_kurtosis": {
        "max": 10.4976949692,
        "mean": 0.0937068760395,
        "min": -1.74126434326,
        "stdev": 1.33029234409
    },
    "barkbands_skewness": {
        "max": 3.39972734451,
        "mean": 0.114240765572,
        "min": -1.84951615334,
        "stdev": 0.758823096752
    },
    "barkbands_spread": {
        "max": 67.839515686,
        "mean": 19.7355709076,
        "min": 4.45343351364,
        "stdev": 10.9700021744
    },
    "dissonance": {
        "max": 0.5,
        "mean": 0.466823965311,
        "min": 0.337632268667,
        "stdev": 0.0284275971353
    },
    "dynamic_complexity": 7.57380342484,
    "erbbands_crest": {
        "max": 26.8389148712,
        "mean": 10.7601203918,
        "min": 3.16004252434,
        "stdev": 4.89133071899
    },
    "erbbands_flatness_db": {
        "max": 0.382518678904,
        "mean": 0.271106868982,
        "min": 0.103786118329,
        "stdev": 0.0602126307786
    },
    "erbbands_kurtosis": {
        "max": 5.9582195282,
        "mean": 0.241776257753,
        "min": -1.56194710732,
        "stdev": 1.35499572754
    },
    "erbbands_skewness": {
        "max": 1.93882441521,
        "mean": -0.0691472664475,
        "min": -1.57981181145,
        "stdev": 0.57934242487
    },
    "erbbands_spread": {
        "max": 61.1045265198,
        "mean": 21.8274154663,
        "min": 5.20889186859,
        "stdev": 11.9496526718
    },
    "hfc": {
        "max": 81.1599273682,
        "mean": 17.0921821594,
        "min": 0.00428012060001,
        "stdev": 18.8359546661
    },
    "loudness_ebu128": {
        "integrated": -21.1640052795,
        "loudness_range": 6.47322654724,
        "momentary": {
            "max": -17.6925754547,
            "mean": -27.1519298553,
            "min": -56.9789733887,
            "stdev": 10.2262659073
        },
        "short_term": {
            "max": -18.4838905334,
            "mean": -22.1996040344,
            "min": -32.0159988403,
            "stdev": 2.82260370255
        }
    },
    "melbands_crest": {
        "max": 31.2481784821,
        "mean": 10.8834724426,
        "min": 3.4917550087,
        "stdev": 4.25670862198
    },
    "melbands_flatness_db": {
        "max": 0.277450561523,
        "mean": 0.16904810071,
        "min": 0.0623222738504,
        "stdev": 0.0409662015736
    },
    "melbands_kurtosis": {
        "max": 25.5723400116,
        "mean": 1.40952467918,
        "min": -1.54106879234,
        "stdev": 2.93935847282
    },
    "melbands_skewness": {
        "max": 4.83626461029,
        "mean": 0.782053112984,
        "min": -1.2619035244,
        "stdev": 0.91378057003
    },
    "melbands_spread": {
        "max": 105.456291199,
        "mean": 34.2862625122,
        "min": 8.58458709717,
        "stdev": 15.2882957458
    },
    "pitch_salience": {
        "max": 0.880654931068,
        "mean": 0.626706600189,
        "min": 0.23672477901,
        "stdev": 0.107881747186
    },
    "silence_rate_20dB": {
        "max": 1,
        "mean": 1,
        "min": 1,
        "stdev": 0
    },
    "silence_rate_30dB": {
        "max": 1,
        "mean": 1,
        "min": 1,
        "stdev": 0
    },
    "silence_rate_60dB": {
        "max": 1,
        "mean": 0.329090923071,
        "min": 0,
        "stdev": 0.469881922007
    },
    "spectral_centroid": {
        "max": 3951.94384766,
        "mean": 2173.67260742,
        "min": 804.656677246,
        "stdev": 459.679443359
    },
    "spectral_complexity": {
        "max": 34,
        "mean": 10.8763637543,
        "min": 0,
        "stdev": 7.68582439423
    },
    "spectral_decrease": {
        "max": -4.98876330871e-13,
        "mean": -2.15639195389e-09,
        "min": -8.01440513953e-09,
        "stdev": 2.0448502891e-09
    },
    "spectral_energy": {
        "max": 0.0376095846295,
        "mean": 0.00968903955072,
        "min": 2.32298930314e-06,
        "stdev": 0.00936454720795
    },
    "spectral_energyband_high": {
        "max": 0.00270475330763,
        "mean": 0.000323725165799,
        "min": 2.9465309126e-07,
        "stdev": 0.000398447416956
    },
    "spectral_energyband_low": {
        "max": 0.00536392442882,
        "mean": 0.000152971697389,
        "min": 6.10877677332e-08,
        "stdev": 0.000555999053176
    },
    "spectral_energyband_middle_high": {
        "max": 0.0331222563982,
        "mean": 0.00708697037771,
        "min": 6.69167491196e-07,
        "stdev": 0.00812186207622
    },
    "spectral_energyband_middle_low": {
        "max": 0.012304821983,
        "mean": 0.00218711257912,
        "min": 3.65741840369e-07,
        "stdev": 0.00222520157695
    },
    "spectral_entropy": {
        "max": 8.35206413269,
        "mean": 7.29717969894,
        "min": 6.43201351166,
        "stdev": 0.450710535049
    },
    "spectral_flux": {
        "max": 0.137406364083,
        "mean": 0.040787011385,
        "min": 0.00113121513277,
        "stdev": 0.0277622230351
    },
    "spectral_kurtosis": {
        "max": 22.8637084961,
        "mean": 5.06524276733,
        "min": -0.298446893692,
        "stdev": 3.90429210663
    },
    "spectral_rms": {
        "max": 0.00605741515756,
        "mean": 0.00259310845286,
        "min": 4.76059976791e-05,
        "stdev": 0.00165181409102
    },
    "spectral_rolloff": {
        "max": 5706.29882812,
        "mean": 2539.97875977,
        "min": 43.06640625,
        "stdev": 704.391784668
    },
    "spectral_skewness": {
        "max": 3.28175711632,
        "mean": 1.11424601078,
        "min": 0.0195915848017,
        "stdev": 0.509338676929
    },
    "spectral_spread": {
        "max": 5882238,
        "mean": 2646905.25,
        "min": 1728598.75,
        "stdev": 747210.8125
    },
    "spectral_strongpeak": {
        "max": 11.1389665604,
        "mean": 2.29416823387,
        "min": 0,
        "stdev": 2.54795646667
    },
    "zerocrossingrate": {
        "max": 0.21875,
        "mean": 0.0848002508283,
        "min": 0.02685546875,
        "stdev": 0.0211884323508
    },
    "barkbands": {
        "max": [9.01098392205e-05, 0.00364247825928, 0.0018540029414, 0.000502158887684, 0.00250706844963, 0.00848411675543, 0.00402977177873, 0.0030428590253, 0.00454408721998, 0.0161883234978, 0.0013941898942, 0.0240177623928, 0.00496120611206, 0.0144537165761, 0.0150454733521, 0.0112046729773, 0.00953443907201, 0.0089516043663, 0.0054814312607, 0.00350873242132, 0.00127519771922, 0.00154772668611, 0.000240073146415, 7.52883788664e-05, 1.30867147163e-06, 5.08396080789e-09, 5.28161603341e-09],
        "mean": [1.02670965134e-05, 8.01138885436e-05, 6.09147537034e-05, 1.86470260815e-05, 0.000185822267667, 0.000408639927628, 0.000296894810162, 0.000265815266175, 0.000831714074593, 0.000878682825714, 9.65285289567e-05, 0.000544614042155, 0.000361269834684, 0.00144713558257, 0.000557986146305, 0.00128420512192, 0.000371977512259, 0.0010731004877, 0.000320117804222, 0.000326022185618, 0.000127851002617, 0.000107808897155, 2.86227186734e-05, 4.19280240749e-06, 8.95077789664e-08, 3.48100354097e-10, 3.54216156406e-10],
        "min": [3.70766417568e-09, 1.51609782506e-08, 2.0478704954e-08, 2.43810145406e-08, 6.28831244853e-08, 5.15836831028e-08, 5.26577430549e-08, 1.95332852115e-08, 1.32522659513e-08, 1.34693731724e-08, 1.57799373568e-08, 1.66247442479e-08, 2.01334380279e-08, 2.08235295673e-08, 5.4591165366e-08, 2.99484632649e-08, 6.13343331679e-08, 5.9875432612e-08, 6.57489920286e-08, 5.54739472136e-08, 5.46590435135e-08, 5.98230656124e-08, 1.57174557813e-08, 2.61565702431e-09, 1.81021364565e-09, 1.87998071971e-11, 1.52285614674e-11],
        "stdev": [1.29878317239e-05, 0.000332480907673, 0.000232681341004, 5.79641018703e-05, 0.000370492169168, 0.00105313863605, 0.000496648717672, 0.000438908929937, 0.00101837248076, 0.00154357322026, 0.000166849466041, 0.00306299841031, 0.000716217327863, 0.00266501214355, 0.00179717608262, 0.00228390865959, 0.000879654893652, 0.00176530110184, 0.000572396733332, 0.000514583312906, 0.000183531636139, 0.000191745915799, 4.87153847644e-05, 9.14758766157e-06, 6.07120043128e-08, 5.50972989455e-10, 5.7974353096e-10]
    },
    "erbbands": {
        "max": [0.0273581948131, 1.04024326801, 2.84474205971, 0.76643884182, 3.18339323997, 10.0573759079, 31.6650009155, 79.8889923096, 86.5427093506, 136.01272583, 70.2317810059, 71.1702957153, 281.362823486, 425.715270996, 85.7961425781, 1234.75439453, 266.123779297, 813.483398438, 857.899902344, 147.222915649, 736.640380859, 221.231781006, 305.476074219, 538.872375488, 340.996124268, 204.923324585, 52.2078781128, 43.8935661316, 31.479227066, 26.0489025116, 7.23924160004, 2.81661295891, 0.244890779257, 0.0248433984816, 0.00427693175152, 0.000161852163728, 5.38310741831e-05, 2.20562451432e-05, 3.05558205582e-05, 5.36247243872e-05],
        "mean": [0.000945912266616, 0.022483151406, 0.0824128165841, 0.0520320795476, 0.190396860242, 0.666420578957, 2.1305167675, 3.4696791172, 3.9777739048, 5.41899442673, 5.47861385345, 11.0062589645, 27.8727664948, 28.8318881989, 5.76167678833, 28.4710083008, 23.1673583984, 83.297203064, 35.8655014038, 12.1802854538, 89.4158096313, 22.9316120148, 42.0807609558, 37.3248977661, 24.9161891937, 11.1959762573, 5.75033807755, 4.17861938477, 3.52208566666, 2.3220872879, 0.637734413147, 0.197166964412, 0.0249206256121, 0.0023161766585, 0.000432296161307, 3.49895490217e-05, 1.1945663573e-05, 5.05639445691e-06, 7.31361205908e-06, 1.32032528199e-05],
        "min": [3.75050035473e-07, 3.90420200347e-06, 2.40332483372e-05, 6.57091295579e-05, 0.0001035927271, 0.000209480363992, 0.000137366077979, 0.000449683371698, 0.00049658108037, 0.000539501546882, 0.000521567999385, 0.000301756139379, 0.000452648440842, 0.000339040037943, 0.000846250681207, 0.000934496812988, 0.00110172689892, 0.00121567188762, 0.00297704851255, 0.00185037800111, 0.00252747978084, 0.00422206055373, 0.00405262690037, 0.00264997733757, 0.00396998552606, 0.00271428725682, 0.00192995765246, 0.00248687551357, 0.00242270436138, 0.00155947112944, 0.000293738441542, 7.80941627454e-05, 3.10989744321e-05, 3.59641489922e-05, 5.12995484314e-06, 1.95883046672e-07, 4.65025209451e-08, 1.31090072131e-08, 4.79685091648e-09, 3.62616114913e-09],
        "stdev": [0.00221986812539, 0.0975009053946, 0.34005343914, 0.117683067918, 0.363113135099, 1.38382613659, 4.6429028511, 9.76051425934, 7.53586864471, 10.3023118973, 9.78983974457, 12.0255422592, 39.1445884705, 46.3944320679, 10.6782779694, 157.899383545, 37.9334220886, 149.275497437, 104.471443176, 17.3762722015, 152.611526489, 32.1552352905, 59.5913581848, 59.7557487488, 37.0773277283, 17.2305088043, 7.50447463989, 6.83715486526, 5.67520141602, 3.93911123276, 1.07000076771, 0.386722356081, 0.0429749935865, 0.00205911346711, 0.000271899189102, 3.32961499225e-05, 1.28553392642e-05, 5.65425307286e-06, 7.44886665416e-06, 1.30828075271e-05]
    },
    "gfcc": {
        "mean": [-139.986831665, 101.201217651, -217.712661743, 38.8194732666, -64.8480758667, -5.29738426208, -19.6904468536, -5.47676944733, 2.69971704483, -12.3963375092, 1.3303476572, -11.4546670914, 5.10635232925],
        "cov": [[11674.5, 317.808135986, -2902.43359375, -301.840179443, -565.135131836, -1947.4576416, 1018.48712158, -804.729370117, 865.972900391, -743.878723145, 141.115768433, 8.16189002991, -344.986846924], [317.808135986, 1179.82312012, 330.372253418, -143.15411377, 61.7869224548, -441.674957275, -40.3351135254, -42.4819946289, -207.261688232, -22.4017505646, -70.5165100098, -22.7015895844, 183.267944336], [-2902.43359375, 330.372253418, 1148.94995117, 278.273864746, 93.3695526123, 320.597045898, -342.506103516, 161.716247559, -301.694458008, 180.072372437, -89.043258667, -5.73757791519, 98.3896560669], [-301.840179443, -143.15411377, 278.273864746, 413.678497314, 11.1484012604, 76.3244781494, -52.0035552979, -34.2984848022, -8.55450153351, 52.960231781, -18.5294895172, -0.129195928574, -81.7339019775], [-565.135131836, 61.7869224548, 93.3695526123, 11.1484012604, 193.268005371, 160.583847046, 0.196107566357, 83.2265548706, -32.2379570007, 45.6524658203, -1.22894525528, -5.6178188324, 32.1746025085], [-1947.4576416, -441.674957275, 320.597045898, 76.3244781494, 160.583847046, 646.322937012, -80.0932769775, 172.755386353, -24.4237785339, 147.065979004, 12.6627693176, 4.554874897, 9.27363014221], [1018.48712158, -40.3351135254, -342.506103516, -52.0035552979, 0.196107566357, -80.0932769775, 212.14680481, -27.4050216675, 98.6782455444, -60.2018661499, 19.1556568146, 0.841907799244, -29.0569801331], [-804.729370117, -42.4819946289, 161.716247559, -34.2984848022, 83.2265548706, 172.755386353, -27.4050216675, 150.443466187, -19.3193702698, 24.8667888641, -15.1861639023, 6.01357364655, 44.3009757996], [865.972900391, -207.261688232, -301.694458008, -8.55450153351, -32.2379570007, -24.4237785339, 98.6782455444, -19.3193702698, 177.02897644, -36.9593658447, 23.6051311493, 11.0172281265, -66.1669311523], [-743.878723145, -22.4017505646, 180.072372437, 52.960231781, 45.6524658203, 147.065979004, -60.2018661499, 24.8667888641, -36.9593658447, 119.01966095, 27.5834522247, -2.59833192825, -5.77660083771], [141.115768433, -70.5165100098, -89.043258667, -18.5294895172, -1.22894525528, 12.6627693176, 19.1556568146, -15.1861639023, 23.6051311493, 27.5834522247, 74.8618545532, 19.1080150604, -25.2404251099], [8.16189002991, -22.7015895844, -5.73757791519, -0.129195928574, -5.6178188324, 4.554874897, 0.841907799244, 6.01357364655, 11.0172281265, -2.59833192825, 19.1080150604, 48.8952445984, 27.7946300507], [-344.986846924, 183.267944336, 98.3896560669, -81.7339019775, 32.1746025085, 9.27363014221, -29.0569801331, 44.3009757996, -66.1669311523, -5.77660083771, -25.2404251099, 27.7946300507, 140.947784424]],
        "icov": [[0.00280079524964, -0.00301005202346, 0.00349845108576, -0.00277864770032, 0.00181507156231, 0.00121771951672, -0.00222031702287, 0.00417513400316, -0.00701331812888, 0.00754298223183, -0.00423508416861, 0.00156630075071, 0.000400753546273], [-0.00301005202346, 0.0117259211838, -0.0135525176302, 0.00944985076785, -0.0109405471012, 0.00764005677775, -0.00431026564911, 0.0044669485651, 0.00255758408457, -0.0086479652673, 0.00217932043597, 0.00436825118959, -0.00759660918266], [0.00349845108576, -0.0135525176302, 0.0219620410353, -0.0142465475947, 0.014372235164, -0.00870130676776, 0.00870311632752, -0.0108236111701, 0.00368166225962, 0.00522720115259, 0.00223294948228, -0.00713757611811, 0.00883021578193], [-0.00277864770032, 0.00944985076785, -0.0142465475947, 0.0132984751835, -0.0104265995324, 0.0052607152611, -0.00451149465516, 0.00727435387671, 0.000414781970903, -0.00713634910062, 0.00393391121179, -0.000179293099791, -0.00197214959189], [0.00181507156231, -0.0109405471012, 0.014372235164, -0.0104265995324, 0.019589336589, -0.00958741270006, 0.00458650290966, -0.0117810023949, 0.00365519919433, 0.00269825337455, -0.000240043547819, -0.0030869517941, 0.00578891159967], [0.00121771951672, 0.00764005677775, -0.00870130676776, 0.0052607152611, -0.00958741270006, 0.0132828038186, -0.00770453969017, 0.00817433465272, -0.00885511189699, -0.000501372676808, -0.00390756130219, 0.0065043810755, -0.00683175260201], [-0.00222031702287, -0.00431026564911, 0.00870311632752, -0.00451149465516, 0.00458650290966, -0.00770453969017, 0.0172956213355, -0.0126201789826, 0.00956133753061, -0.00490900687873, 0.00557041354477, -0.00546138966456, 0.0048324521631], [0.00417513400316, 0.0044669485651, -0.0108236111701, 0.00727435387671, -0.0117810023949, 0.00817433465272, -0.0126201789826, 0.0338954590261, -0.0225102286786, 0.0161603409797, -0.0100904190913, 0.00867567025125, -0.00834178924561], [-0.00701331812888, 0.00255758408457, 0.00368166225962, 0.000414781970903, 0.00365519919433, -0.00885511189699, 0.00956133753061, -0.0225102286786, 0.0383414104581, -0.0221285801381, 0.0177833214402, -0.01540455129, 0.00928804650903], [0.00754298223183, -0.0086479652673, 0.00522720115259, -0.00713634910062, 0.00269825337455, -0.000501372676808, -0.00490900687873, 0.0161603409797, -0.0221285801381, 0.0419069416821, -0.0243061129004, 0.0103868069127, 0.000173966313014], [-0.00423508416861, 0.00217932043597, 0.00223294948228, 0.00393391121179, -0.000240043547819, -0.00390756130219, 0.00557041354477, -0.0100904190913, 0.0177833214402, -0.0243061129004, 0.0367222987115, -0.0221135076135, 0.010443629697], [0.00156630075071, 0.00436825118959, -0.00713757611811, -0.000179293099791, -0.0030869517941, 0.0065043810755, -0.00546138966456, 0.00867567025125, -0.01540455129, 0.0103868069127, -0.0221135076135, 0.0434064865112, -0.0198692083359], [0.000400753546273, -0.00759660918266, 0.00883021578193, -0.00197214959189, 0.00578891159967, -0.00683175260201, 0.0048324521631, -0.00834178924561, 0.00928804650903, 0.000173966313014, 0.010443629697, -0.0198692083359, 0.0235474910587]]
    },
    "melbands": {
        "max": [0.000615470751654, 0.00143612886313, 0.000171002902789, 0.000395383336581, 0.000970194581896, 0.00171139475424, 0.00118280330207, 0.00132364942692, 0.000538334134035, 0.00047901168, 0.00161380704958, 0.00187274033669, 0.000163540142239, 0.00261038425379, 0.00142631866038, 0.000977785792202, 0.00138461706229, 0.00120975612663, 0.00078045920236, 0.000156514623086, 0.00112126732711, 0.000361023237929, 0.000397212686948, 0.000605233712122, 0.000478699541418, 0.000353928626282, 0.000164251352544, 0.0001161913533, 4.98175504617e-05, 6.30681388429e-05, 3.98993433919e-05, 1.81507530215e-05, 2.19238154386e-05, 9.40467998589e-06, 4.80235530631e-06, 2.18463878809e-06, 1.50837502133e-06, 2.15567325768e-07, 1.39921807474e-08, 2.33485586421e-08],
        "mean": [1.54590579768e-05, 3.79857774533e-05, 1.27949651869e-05, 2.94331330224e-05, 6.69048531563e-05, 7.78969842941e-05, 6.17985569988e-05, 5.907960076e-05, 3.91569556086e-05, 9.69234242802e-05, 0.00013881707855, 0.000120983786474, 1.41240825542e-05, 5.70365918975e-05, 4.5311946451e-05, 0.000100795230537, 0.000142392076668, 4.82157593069e-05, 2.62194553216e-05, 1.8913526219e-05, 0.000127161212731, 1.61050593306e-05, 1.74887936737e-05, 6.87887877575e-05, 2.50279754255e-05, 1.49400057126e-05, 1.89392376342e-05, 4.35219817518e-06, 4.23245046477e-06, 1.74176636847e-06, 2.95235781778e-06, 1.47440630371e-06, 2.76587388726e-06, 8.53894505326e-07, 4.30942236562e-07, 1.62185557429e-07, 1.0309685905e-07, 1.38783384784e-08, 1.96749416759e-09, 1.24730403783e-09],
        "min": [3.9302707755e-09, 1.06132826971e-08, 1.71745053734e-08, 1.35977709093e-08, 4.85387241511e-09, 9.37235089538e-09, 9.02997232544e-09, 5.6000639681e-09, 3.35171024268e-09, 2.00083905e-09, 1.92899474172e-09, 6.69231059458e-10, 2.59794408208e-09, 1.90545090817e-09, 2.34007768718e-09, 1.79215242646e-09, 1.9898809267e-09, 4.16384660085e-09, 3.73743080928e-09, 2.00977656739e-09, 1.37817024459e-09, 4.1305976417e-09, 3.05943315126e-09, 2.30748198327e-09, 1.77564574155e-09, 2.23197926807e-09, 2.62377786164e-09, 1.42981049223e-09, 1.05338171519e-09, 1.24512755661e-09, 9.57860346595e-10, 1.18708132213e-09, 1.12202425129e-09, 5.80319237109e-10, 1.30314273261e-10, 9.26216395247e-11, 2.80274709691e-11, 2.37791817487e-11, 1.65458254736e-11, 3.67625409281e-11],
        "stdev": [5.36424740858e-05, 0.000156963738846, 2.70195778285e-05, 5.78137914999e-05, 0.000140815536724, 0.000214606348891, 0.000112890607852, 0.000103730337287, 7.44234057493e-05, 0.00011235531565, 0.000197290588403, 0.000203714735107, 2.06360618904e-05, 0.000317182508297, 0.000199738700758, 0.000172125524841, 0.000257855048403, 0.000149965111632, 8.18709449959e-05, 2.35781553783e-05, 0.000224867646466, 3.33294119628e-05, 4.4503940444e-05, 0.000118624382594, 4.53403699794e-05, 3.0784511182e-05, 3.12464217131e-05, 9.38011089602e-06, 6.27631561656e-06, 4.50426250609e-06, 5.61664910492e-06, 2.46247827818e-06, 4.6760587793e-06, 1.52629479544e-06, 7.57148484354e-07, 3.1296593761e-07, 2.18065224544e-07, 2.64197641542e-08, 1.86782544986e-09, 1.04677433388e-09]
    },
    "melbands128": {
        "max": [4.32318120147e-05, 4.47178645118e-05, 0.00053578504594, 0.00229045562446, 0.00199510878883, 0.000601118721534, 0.000154283188749, 0.00029644384631, 0.000443502358394, 0.00055293564219, 0.000709863845259, 0.00103818881325, 0.00152835296467, 0.00300379283726, 0.00272890063934, 0.00351710664108, 0.00278259767219, 0.0015580188483, 0.000748135440517, 0.00265128165483, 0.00114467658568, 0.000995649723336, 0.00100311776623, 0.000321216677548, 0.000526429794263, 0.000855674792547, 0.00250128796324, 0.00226799608208, 0.00338099477813, 0.00353033351712, 0.0017358569894, 0.000402641599067, 0.000333550735377, 7.93661456555e-05, 0.000111728397314, 0.00461691617966, 0.00580813363194, 0.000445017183665, 0.00106871046592, 0.00132102484349, 0.000229576966376, 0.00423637125641, 0.00178126886021, 0.000617243582383, 0.000179752882104, 0.0015836317325, 0.00398875353858, 0.000231698242715, 0.000136616261443, 0.00021326058777, 0.000319077895256, 0.000139664800372, 0.00216898182407, 0.0015918147983, 0.000985531136394, 0.000139120544191, 0.000210741069168, 0.00105376110878, 0.000289635907393, 5.75206431677e-05, 0.000920548220165, 0.00143272301648, 0.00142520025838, 0.00017379943165, 6.7172353738e-05, 0.000517797539942, 0.000496018445119, 0.000226265430683, 0.000289210438496, 0.000515619292855, 7.37721056794e-05, 6.61227240926e-05, 4.00654644181e-05, 0.000100645534985, 2.276917985e-05, 0.000158655137056, 2.35380557569e-05, 1.97912650037e-05, 7.30630854378e-05, 0.000104880600702, 2.49349977821e-05, 6.56235306451e-06, 5.77471109864e-05, 3.3855849324e-05, 5.73418037675e-05, 8.59289320942e-06, 1.99584446818e-05, 1.14688054964e-05, 8.86776979314e-06, 5.33254524271e-06, 6.81420851834e-06, 2.40819554165e-06, 5.70612701267e-06, 3.59293198926e-06, 1.5837540559e-06, 3.3842181324e-07, 2.77762211454e-07, 3.01698754868e-08, 6.44181596954e-09, 8.64625349095e-09, 3.66801913287e-08, 2.57337546827e-08, 1.043409803e-08, 1.25338486257e-08, 8.81667350239e-10, 4.07736761021e-11, 3.88832681331e-11, 3.71909066044e-11, 3.53525091146e-11, 3.3733845578e-11, 3.23184708162e-11, 3.09431681667e-11, 2.97421531847e-11, 2.85903228175e-11, 2.75063825883e-11, 2.63466557598e-11, 2.5535107015e-11, 2.49247705808e-11, 2.4045657826e-11, 2.34569620672e-11, 2.28537362645e-11, 2.23314942926e-11, 2.18534409319e-11, 2.15554605415e-11, 2.09722465089e-11, 2.06763443172e-11, 2.04041627344e-11, 2.02678707151e-11],
        "mean": [5.35434355697e-06, 5.16142836204e-06, 1.2647238691e-05, 4.74986554764e-05, 5.27081974724e-05, 2.26125121117e-05, 7.85640258982e-06, 1.09044203782e-05, 1.69381182786e-05, 2.9312521292e-05, 3.47315253748e-05, 5.21770016348e-05, 7.22208060324e-05, 9.11884853849e-05, 7.88119141362e-05, 7.79372712714e-05, 5.65778027521e-05, 6.67442072881e-05, 5.12847727805e-05, 7.11939355824e-05, 5.18180895597e-05, 5.35532017238e-05, 4.30272593803e-05, 1.72570289578e-05, 2.37073763856e-05, 0.000107025909529, 0.000315740879159, 8.90890514711e-05, 4.10157881561e-05, 0.000196905806661, 0.000128381056129, 1.47958899106e-05, 1.31996630444e-05, 5.81655694987e-06, 6.68443317409e-06, 8.65465844981e-05, 0.000131671244162, 9.37929598877e-06, 2.934015356e-05, 2.39485070779e-05, 2.14330048038e-05, 0.000373299903003, 0.000188903795788, 1.57750473591e-05, 7.57139787311e-06, 5.58007341169e-05, 0.000109184540634, 8.08010190667e-06, 5.39816119272e-06, 6.97655241311e-06, 7.0485989454e-06, 1.73088119482e-05, 0.000228255710681, 0.000113437992695, 2.44937982643e-05, 5.58189594813e-06, 9.14831980481e-06, 3.44979780493e-05, 1.02253070509e-05, 7.68904919823e-06, 8.58837956912e-05, 0.000116557370347, 2.07956782106e-05, 7.71222767071e-06, 6.14983628111e-06, 1.55699453899e-05, 1.95290485863e-05, 2.29817578656e-05, 2.10251891986e-05, 7.27183760318e-06, 3.94987318941e-06, 3.58141664947e-06, 3.08527728521e-06, 6.71329144097e-06, 1.55191548856e-06, 2.67839914159e-06, 9.10344738259e-07, 1.19048809211e-06, 4.87574379804e-06, 2.85610599349e-06, 6.34718787751e-07, 3.95492577354e-07, 3.9024544094e-06, 3.77761716663e-06, 1.34724712098e-06, 3.05377170662e-07, 1.24115342715e-06, 8.2334003082e-07, 2.75166627262e-07, 1.3146511435e-07, 3.2261041838e-07, 7.28965758867e-08, 1.10482119453e-07, 1.65419891118e-07, 4.87463829302e-08, 1.03823474262e-08, 1.70315637149e-08, 2.71683830988e-09, 1.41032141521e-09, 1.30587662905e-09, 1.29645327807e-09, 1.27384158777e-09, 1.13988563033e-09, 9.49523237814e-10, 1.75964548488e-10, 2.88032293329e-12, 2.677922337e-12, 2.4719586187e-12, 2.39154659618e-12, 2.29369908483e-12, 2.20633038749e-12, 2.13311529898e-12, 2.03615423133e-12, 1.95706211653e-12, 1.90088895145e-12, 1.87124881562e-12, 1.81702569657e-12, 1.68123457864e-12, 1.62891737859e-12, 1.59319497699e-12, 1.5483950927e-12, 1.52575608398e-12, 1.49900881638e-12, 1.45823977893e-12, 1.3567156296e-12, 1.19499809353e-12, 1.10543952464e-12, 1.087653188e-12],
        "min": [1.96817784293e-09, 2.85614421003e-09, 4.33897984209e-09, 6.68512800672e-09, 9.94707516355e-09, 1.09201430121e-08, 6.31832453024e-09, 7.25860838102e-09, 4.28724078461e-09, 5.55601875618e-09, 3.63009666771e-09, 6.01960659097e-09, 1.72445402402e-09, 3.0325171263e-09, 5.06179986814e-09, 4.3628873847e-09, 4.39591829604e-09, 7.29161664381e-09, 4.40151071146e-09, 3.08307379626e-09, 2.84932988315e-09, 2.72189182304e-09, 1.23485976999e-09, 3.66728286627e-10, 1.6432308847e-09, 1.06705277947e-09, 1.12982700973e-09, 7.54077467136e-10, 9.96853044555e-10, 3.93812316091e-10, 3.19037574137e-10, 7.08630931712e-10, 1.58511637149e-09, 1.54098644956e-09, 8.41103298121e-10, 1.7010531872e-09, 6.99643454283e-10, 7.02539193487e-10, 1.14394771433e-09, 8.00529198486e-10, 5.81690529078e-10, 1.38002353989e-09, 1.46584910876e-09, 1.37134681388e-09, 8.13379474884e-10, 2.73342704027e-09, 3.14282710967e-09, 3.47340245455e-09, 9.97646076861e-10, 1.0621640234e-09, 1.58466328948e-09, 1.32188038293e-09, 2.54503779162e-10, 8.11487377295e-10, 6.59411969473e-10, 1.55300239335e-09, 3.4297389373e-09, 8.06808342357e-10, 1.9617933944e-09, 1.0225065239e-09, 1.28284505241e-09, 2.19529550094e-09, 8.97455776361e-10, 1.34305722099e-09, 1.10627551564e-09, 1.37930755706e-09, 2.29096341897e-09, 2.08297978865e-09, 1.2993820464e-09, 1.68471914197e-09, 6.88912871194e-10, 7.17871984079e-10, 8.20525036804e-10, 9.00537977522e-10, 1.2200337407e-09, 1.0550479379e-09, 6.3977856346e-10, 8.3926654515e-10, 5.50319456671e-10, 6.05349603777e-10, 5.30363752915e-10, 7.85514209234e-10, 9.12829145605e-10, 8.90179596702e-10, 6.77022771178e-10, 5.852728302e-10, 6.28560925531e-10, 5.00366553746e-11, 6.94924326416e-11, 2.08474487673e-10, 9.97345955822e-11, 7.09654626729e-11, 6.08189193452e-11, 1.59299136382e-11, 8.72473187447e-12, 3.64357363725e-11, 2.32902273856e-11, 1.24006360736e-11, 1.86792387113e-11, 7.32118619201e-12, 4.60777561939e-11, 4.47208034493e-11, 2.54557781104e-11, 5.43148468909e-12, 1.01732749828e-12, 9.55241948367e-14, 4.09557099606e-14, 1.15666970359e-13, 9.13559321507e-14, 1.70103826315e-13, 1.16524953749e-13, 1.3540412552e-13, 1.07394189299e-13, 1.15386324627e-13, 9.00736801227e-14, 9.75585579118e-14, 9.48541443416e-14, 3.92520861463e-14, 6.42263545407e-14, 8.73648213235e-14, 8.95247350102e-14, 8.83214129003e-14, 7.10987529701e-14, 5.88329569524e-14, 4.31463540026e-14, 1.90278836524e-14, 2.56273269851e-15, 1.70275155564e-16],
        "stdev": [5.88252578382e-06, 5.27991460331e-06, 4.26580481871e-05, 0.000216284475755, 0.000231030207942, 7.72563435021e-05, 1.86548422789e-05, 3.39484213328e-05, 3.94934322685e-05, 6.23455343884e-05, 8.47612100188e-05, 0.000120867167425, 0.000182609524927, 0.000300457351841, 0.0002757179318, 0.000296166806947, 0.000182220566785, 0.000139203097206, 0.000101542602351, 0.000186081975698, 9.94287547655e-05, 0.000105893734144, 0.00011846270354, 4.04006132158e-05, 6.53598544886e-05, 0.000140265037771, 0.00045645274804, 0.000240343026235, 0.000179912705789, 0.000366016640328, 0.000210028811125, 3.93583213736e-05, 3.08087801386e-05, 1.09274851638e-05, 1.18971829579e-05, 0.000510828802362, 0.000787630793639, 3.71127134713e-05, 0.000118874188047, 0.000107152452983, 3.91193461837e-05, 0.000735153153073, 0.000364663108485, 6.13766023889e-05, 1.48367698785e-05, 0.000180359274964, 0.000419095187681, 2.27634118346e-05, 1.28710635181e-05, 1.73435528268e-05, 2.30125297094e-05, 2.21922964556e-05, 0.000421924021794, 0.000237397922319, 8.45803660923e-05, 1.20181384773e-05, 2.35087481997e-05, 0.000115185532195, 2.45823102887e-05, 1.05108665593e-05, 0.000154973837198, 0.000229031487834, 9.34586278163e-05, 1.71471019712e-05, 8.86628640728e-06, 4.11367000197e-05, 5.78681720071e-05, 4.28972452937e-05, 4.68095277029e-05, 3.52492716047e-05, 8.22142283141e-06, 8.38981850393e-06, 5.89823002883e-06, 1.24552589114e-05, 2.36914434026e-06, 1.09463171611e-05, 2.01539251066e-06, 2.55524423665e-06, 1.0144175576e-05, 9.43614213611e-06, 1.76897981419e-06, 6.49563105526e-07, 9.03614909475e-06, 6.84076894686e-06, 5.58954525332e-06, 8.20203865715e-07, 2.94400820167e-06, 1.77381355115e-06, 1.0066513596e-06, 4.14265940663e-07, 8.02872477834e-07, 1.88871112528e-07, 4.64443786541e-07, 4.11731463146e-07, 1.18807029992e-07, 2.93996702538e-08, 4.06585840551e-08, 3.94170562856e-09, 8.5981749498e-10, 7.62902629958e-10, 1.62231461598e-09, 1.18786958048e-09, 6.47454201363e-10, 6.58247678587e-10, 1.31216704169e-10, 4.46038345148e-12, 4.19554755521e-12, 4.01334174227e-12, 3.8244810964e-12, 3.65781493636e-12, 3.49417196566e-12, 3.35594616332e-12, 3.2246399561e-12, 3.09959241433e-12, 2.9908011831e-12, 2.87155130403e-12, 2.77922433331e-12, 2.72422991283e-12, 2.6450308957e-12, 2.57732962576e-12, 2.51154761051e-12, 2.45263054657e-12, 2.40404050833e-12, 2.36464407083e-12, 2.32138050102e-12, 2.29352279356e-12, 2.27269722139e-12, 2.25962109267e-12]
    },
    "mfcc": {
        "mean": [-748.106384277, 108.475364685, -74.0366210938, 28.4172992706, -24.771030426, 2.76624417305, -17.2259216309, 7.31327819824, -3.55643963814, 9.80218029022, 1.91834163666, -3.88223409653, -5.47759342194],
        "cov": [[12598.3662109, 217.548736572, -2423.25024414, 945.555541992, -2139.35107422, -421.842193604, -1281.10620117, 563.609375, -692.89453125, 344.657836914, -67.0348892212, -201.690536499, -415.032196045], [217.548736572, 1323.64550781, -4.64611673355, 132.077804565, -21.1333255768, -328.011749268, 116.774650574, -251.964675903, 107.476623535, -229.934463501, -174.027496338, -124.116973877, -11.9138097763], [-2423.25024414, -4.64611673355, 809.874938965, 23.8110980988, 416.929656982, 83.6118469238, 168.767318726, -141.919036865, 84.2886962891, -98.1888656616, -17.9529533386, 39.5070762634, 61.7316207886], [945.555541992, 132.077804565, 23.8110980988, 440.696594238, -122.960754395, -48.1100845337, -91.0738983154, -36.6675453186, -82.9849243164, -60.4269065857, -67.2910690308, 31.2981300354, 35.8357124329], [-2139.35107422, -21.1333255768, 416.929656982, -122.960754395, 486.566040039, 119.790626526, 228.31930542, -83.42527771, 129.67137146, -47.4989242554, 8.4154586792, 43.0580940247, 103.582809448], [-421.842193604, -328.011749268, 83.6118469238, -48.1100845337, 119.790626526, 223.199783325, 53.5936775208, 33.2789459229, 28.5986232758, 38.8649291992, 48.3377876282, 78.6322174072, 60.4975166321], [-1281.10620117, 116.774650574, 168.767318726, -91.0738983154, 228.31930542, 53.5936775208, 256.015838623, -60.1021614075, 113.62322998, -59.5800666809, -21.3224887848, 39.6684646606, 76.6294708252], [563.609375, -251.964675903, -141.919036865, -36.6675453186, -83.42527771, 33.2789459229, -60.1021614075, 186.88633728, -6.10800600052, 96.9998321533, 47.8191680908, -17.8102054596, -44.0548973083], [-692.89453125, 107.476623535, 84.2886962891, -82.9849243164, 129.67137146, 28.5986232758, 113.62322998, -6.10800600052, 144.247940063, -14.6185512543, -4.01288700104, -8.95041656494, 17.8346633911], [344.657836914, -229.934463501, -98.1888656616, -60.4269065857, -47.4989242554, 38.8649291992, -59.5800666809, 96.9998321533, -14.6185512543, 121.290031433, 66.6128311157, -6.61204528809, -41.1836662292], [-67.0348892212, -174.027496338, -17.9529533386, -67.2910690308, 8.4154586792, 48.3377876282, -21.3224887848, 47.8191680908, -4.01288700104, 66.6128311157, 131.819122314, 28.1896343231, -21.3386726379], [-201.690536499, -124.116973877, 39.5070762634, 31.2981300354, 43.0580940247, 78.6322174072, 39.6684646606, -17.8102054596, -8.95041656494, -6.61204528809, 28.1896343231, 128.093093872, 93.9755096436], [-415.032196045, -11.9138097763, 61.7316207886, 35.8357124329, 103.582809448, 60.4975166321, 76.6294708252, -44.0548973083, 17.8346633911, -41.1836662292, -21.3386726379, 93.9755096436, 154.95526123]],
        "icov": [[0.00315845315345, -0.00383800338022, 0.00460334727541, -0.00367921497673, 0.00470628356561, -0.00573394726962, 0.00607058126479, -0.00500025926158, 0.00450712442398, -0.00422043446451, 0.00271949218586, -0.00150262063835, 0.00149579765275], [-0.00383800338022, 0.00744163664058, -0.00491905165836, 0.00368705089204, -0.00550123630092, 0.00988016277552, -0.00812509097159, 0.00850697327405, -0.00816079601645, 0.00720148719847, -0.00349081424065, 0.00327096390538, -0.00195509009063], [0.00460334727541, -0.00491905165836, 0.00968733802438, -0.00629268214107, 0.00405345996842, -0.00794602744281, 0.00915434490889, -0.00602572690696, 0.0059393234551, -0.00449312245473, 0.00398778729141, -0.00281064049341, 0.00407580519095], [-0.00367921497673, 0.00368705089204, -0.00629268214107, 0.0080247214064, -0.00451872078702, 0.00611437251791, -0.00563446665183, 0.0047064665705, -0.00376141723245, 0.005779851228, -0.00186163221952, 0.000299854815239, -0.00263106962666], [0.00470628356561, -0.00550123630092, 0.00405345996842, -0.00451872078702, 0.014628152363, -0.00987553689629, 0.00587837537751, -0.00624101283029, 0.00529600447044, -0.00737987598404, 0.00258139218204, 0.00125627452508, -0.00196907483041], [-0.00573394726962, 0.00988016277552, -0.00794602744281, 0.00611437251791, -0.00987553689629, 0.0212475601584, -0.011675639078, 0.0101214563474, -0.0114427488297, 0.00750358123332, -0.00519950361922, -9.03804102563e-05, -0.00323899486102], [0.00607058126479, -0.00812509097159, 0.00915434490889, -0.00563446665183, 0.00587837537751, -0.011675639078, 0.0220588259399, -0.010297620669, 0.0047339447774, -0.00537211634219, 0.00661937939003, -0.00633945921436, 0.00286696432158], [-0.00500025926158, 0.00850697327405, -0.00602572690696, 0.0047064665705, -0.00624101283029, 0.0101214563474, -0.010297620669, 0.02031471394, -0.0109187057242, 0.00150864012539, -0.00464537320659, 0.00507143139839, -0.00239585898817], [0.00450712442398, -0.00816079601645, 0.0059393234551, -0.00376141723245, 0.00529600447044, -0.0114427488297, 0.0047339447774, -0.0109187057242, 0.021434340626, -0.00747551955283, 0.003833146533, -0.000538388034329, 0.00183066539466], [-0.00422043446451, 0.00720148719847, -0.00449312245473, 0.005779851228, -0.00737987598404, 0.00750358123332, -0.00537211634219, 0.00150864012539, -0.00747551955283, 0.0283171813935, -0.00911578256637, 0.00286180712283, 0.000187792975339], [0.00271949218586, -0.00349081424065, 0.00398778729141, -0.00186163221952, 0.00258139218204, -0.00519950361922, 0.00661937939003, -0.00464537320659, 0.003833146533, -0.00911578256637, 0.0159090347588, -0.00830047391355, 0.00592842884362], [-0.00150262063835, 0.00327096390538, -0.00281064049341, 0.000299854815239, 0.00125627452508, -9.03804102563e-05, -0.00633945921436, 0.00507143139839, -0.000538388034329, 0.00286180712283, -0.00830047391355, 0.0236140508205, -0.0135920401663], [0.00149579765275, -0.00195509009063, 0.00407580519095, -0.00263106962666, -0.00196907483041, -0.00323899486102, 0.00286696432158, -0.00239585898817, 0.00183066539466, 0.000187792975339, 0.00592842884362, -0.0135920401663, 0.0186748765409]]
    },
    "spectral_contrast_coeffs": {
        "max": [-0.474394410849, -0.535107553005, -0.48306709528, -0.536897301674, -0.610815167427, -0.539637386799],
        "mean": [-0.756750464439, -0.780354499817, -0.704046189785, -0.720379292965, -0.756072044373, -0.682841181755],
        "min": [-0.931041061878, -0.959816455841, -0.92694735527, -0.922495901585, -0.908603012562, -0.876716315746],
        "stdev": [0.096859484911, 0.0796243995428, 0.10906124115, 0.0995754152536, 0.0726010575891, 0.0904996171594]
    },
    "spectral_contrast_valleys": {
        "max": [-6.54665374756, -6.06855297089, -6.72458362579, -6.94903039932, -6.6683883667, -11.187171936],
        "mean": [-8.91751480103, -7.98860883713, -8.46205997467, -8.3235912323, -8.16533088684, -12.3507022858],
        "min": [-11.4859027863, -11.1405591965, -11.6422300339, -11.3626651764, -10.8717956543, -14.4932785034],
        "stdev": [0.810110151768, 1.14026677608, 0.928887605667, 0.888165414333, 1.04702270031, 0.335514008999]
    }
},
"rhythm": {
    "beats_count": 32,
    "beats_loudness": {
        "max": 0.0319945402443,
        "mean": 0.0109113361686,
        "min": 4.61015179098e-06,
        "stdev": 0.0100617734715
    },
    "bpm": 172.265609741,
    "bpm_histogram_first_peak_bpm": 172,
    "bpm_histogram_first_peak_weight": 0,
    "bpm_histogram_second_peak_bpm": 129,
    "bpm_histogram_second_peak_spread": 0.25,
    "bpm_histogram_second_peak_weight": 0.193548381329,
    "danceability": 0.7205747962,
    "onset_rate": 1.01885950565,
    "beats_loudness_band_ratio": {
        "max": [0.610492110252, 0.434162706137, 0.481840580702, 0.711869001389, 0.697057187557, 0.208441480994],
        "mean": [0.084299236536, 0.0763979479671, 0.178135976195, 0.290873348713, 0.3082434237, 0.0827343985438],
        "min": [0.000771332415752, 0.000255586346611, 0.0105899143964, 0.0256685763597, 0.0746092349291, 0.00488604931161],
        "stdev": [0.162396922708, 0.110432952642, 0.114775151014, 0.19101138413, 0.163503795862, 0.0454042777419]
    },
    "beats_position": [0.336689323187, 0.684988677502, 1.03328800201, 1.369977355, 1.71827661991, 2.06657600403, 2.42648530006, 2.77478456497, 3.11147379875, 3.45977306366, 3.78485250473, 4.12154197693, 4.46984100342, 4.80653047562, 5.13160991669, 5.47990942001, 5.81659841537, 6.15328788757, 6.5015873909, 6.82666635513, 7.1517457962, 7.59292507172, 8.03410434723, 8.47528362274, 8.93968200684, 9.4040813446, 9.85687065125, 10.3328800201, 10.7972784042, 11.261677742, 11.7260770798, 12.1904764175],
