{
"metadata": {
    "version": {
        "essentia": "2.1-beta5",
        "essentia_git_sha": "Undefined",
        "extractor": "music 2.0"
    },
    "audio_properties": {
        "analysis": {
            "equal_loudness": 0,
            "length": 48.7502937317,
            "sample_rate": 44100,
            "start_time": 110.248344421,
            "downmix": "mix"
        },
        "bit_rate": 192000,
        "length": 189.567703247,
        "lossless": 0,
        "number_channels": 2,
        "replay_gain": 1.91693305969,
        "sample_rate": 44100,
        "codec": "mp3",
        "md5_encoded": "f66937cf1f0bb476b0da6a0476d64ecf"
    },
    "tags": {
        "file_name": "United KingdomUK_Looking High, High, High_Bryan Johnson.mp3",
        "encoding": ["Lavf58.29.100"]
    }
},
"lowlevel": {
    "average_loudness": 0.950702667236,
    "barkbands_crest": {
        "max": 25.2438335419,
        "mean": 10.3578681946,
        "min": 3.17051959038,
        "stdev": 3.98525309563
    },
    "barkbands_flatness_db": {
        "max": 0.312989979982,
        "mean": 0.197101071477,
        "min": 0.0728449895978,
        "stdev": 0.0375382117927
    },
    "barkbands_kurtosis": {
        "max": 41.7813568115,
        "mean": 2.0416893959,
        "min": -1.86011707783,
        "stdev": 3.83220338821
    },
    "barkbands_skewness": {
        "max": 4.49056482315,
        "mean": 0.795626521111,
        "min": -4.63355112076,
        "stdev": 1.00306606293
    },
    "barkbands_spread": {
        "max": 34.2360992432,
        "mean": 10.7705221176,
        "min": 1.16740632057,
        "stdev": 5.41471862793
    },
    "dissonance": {
        "max": 0.499994248152,
        "mean": 0.432737797499,
        "min": 0.195931151509,
        "stdev": 0.0441978685558
    },
    "dynamic_complexity": 3.28151011467,
    "erbbands_crest": {
        "max": 33.2432365417,
        "mean": 11.6108341217,
        "min": 3.78213214874,
        "stdev": 4.92179822922
    },
    "erbbands_flatness_db": {
        "max": 0.408335626125,
        "mean": 0.268739521503,
        "min": 0.106324464083,
        "stdev": 0.0452768988907
    },
    "erbbands_kurtosis": {
        "max": 72.7874145508,
        "mean": 1.21681988239,
        "min": -1.82049381733,
        "stdev": 4.39027929306
    },
    "erbbands_skewness": {
        "max": 4.08166599274,
        "mean": 0.243593931198,
        "min": -5.36376142502,
        "stdev": 0.959217429161
    },
    "erbbands_spread": {
        "max": 59.8262367249,
        "mean": 17.3384952545,
        "min": 1.15568041801,
        "stdev": 8.05754852295
    },
    "hfc": {
        "max": 124.806861877,
        "mean": 20.0009422302,
        "min": 0.131593540311,
        "stdev": 16.6556777954
    },
    "loudness_ebu128": {
        "integrated": -26.2299232483,
        "loudness_range": 2.72045898438,
        "momentary": {
            "max": -22.309633255,
            "mean": -26.8114395142,
            "min": -36.4469223022,
            "stdev": 2.47286748886
        },
        "short_term": {
            "max": -24.4422245026,
            "mean": -26.3484973907,
            "min": -29.4182300568,
            "stdev": 0.938576579094
        }
    },
    "melbands_crest": {
        "max": 30.3937683105,
        "mean": 12.7148323059,
        "min": 3.69009709358,
        "stdev": 4.7193608284
    },
    "melbands_flatness_db": {
        "max": 0.376180231571,
        "mean": 0.257344245911,
        "min": 0.121971204877,
        "stdev": 0.0385902784765
    },
    "melbands_kurtosis": {
        "max": 50.3555335999,
        "mean": 3.29522109032,
        "min": -1.87182915211,
        "stdev": 4.87963867188
    },
    "melbands_skewness": {
        "max": 5.97008943558,
        "mean": 1.10792720318,
        "min": -3.08843517303,
        "stdev": 1.01048111916
    },
    "melbands_spread": {
        "max": 64.5038528442,
        "mean": 17.7383174896,
        "min": 2.06522679329,
        "stdev": 10.1742258072
    },
    "pitch_salience": {
        "max": 0.854661881924,
        "mean": 0.611617028713,
        "min": 0.196530118585,
        "stdev": 0.10600566119
    },
    "silence_rate_20dB": {
        "max": 1,
        "mean": 1,
        "min": 1,
        "stdev": 0
    },
    "silence_rate_30dB": {
        "max": 1,
        "mean": 0.999524056911,
        "min": 0,
        "stdev": 0.0218115244061
    },
    "silence_rate_60dB": {
        "max": 1,
        "mean": 0.109471678734,
        "min": 0,
        "stdev": 0.312227845192
    },
    "spectral_centroid": {
        "max": 2398.43359375,
        "mean": 1023.84033203,
        "min": 322.154876709,
        "stdev": 353.886779785
    },
    "spectral_complexity": {
        "max": 34,
        "mean": 15.6178007126,
        "min": 0,
        "stdev": 6.5323176384
    },
    "spectral_decrease": {
        "max": -4.1142127899e-11,
        "mean": -5.60546364881e-09,
        "min": -2.91454576029e-08,
        "stdev": 4.35187841319e-09
    },
    "spectral_energy": {
        "max": 0.12132190913,
        "mean": 0.0229704752564,
        "min": 0.000171120875166,
        "stdev": 0.0177995357662
    },
    "spectral_energyband_high": {
        "max": 0.000132071319968,
        "mean": 1.11659928734e-05,
        "min": 3.77868036594e-06,
        "stdev": 7.51800598664e-06
    },
    "spectral_energyband_low": {
        "max": 0.0165197420865,
        "mean": 0.000340101425536,
        "min": 3.52235701939e-06,
        "stdev": 0.000701186014339
    },
    "spectral_energyband_middle_high": {
        "max": 0.0709359571338,
        "mean": 0.00975929759443,
        "min": 2.01757666218e-05,
        "stdev": 0.0104618724436
    },
    "spectral_energyband_middle_low": {
        "max": 0.0948929041624,
        "mean": 0.0137112755328,
        "min": 9.46377549553e-05,
        "stdev": 0.0123295150697
    },
    "spectral_entropy": {
        "max": 8.05244064331,
        "mean": 6.89048337936,
        "min": 5.87599515915,
        "stdev": 0.287459254265
    },
    "spectral_flux": {
        "max": 0.260569632053,
        "mean": 0.0900277346373,
        "min": 0.0078289071098,
        "stdev": 0.0481677651405
    },
    "spectral_kurtosis": {
        "max": 49.0887985229,
        "mean": 18.5595569611,
        "min": 2.99890327454,
        "stdev": 6.97242927551
    },
    "spectral_rms": {
        "max": 0.0108794691041,
        "mean": 0.00432795193046,
        "min": 0.00040859170258,
        "stdev": 0.00191808282398
    },
    "spectral_rolloff": {
        "max": 3079.24804688,
        "mean": 1307.66296387,
        "min": 258.3984375,
        "stdev": 515.892150879
    },
    "spectral_skewness": {
        "max": 5.24991130829,
        "mean": 2.9899327755,
        "min": 1.47263967991,
        "stdev": 0.585000216961
    },
    "spectral_spread": {
        "max": 20616322,
        "mean": 2264799,
        "min": 1246981.25,
        "stdev": 924628.25
    },
    "spectral_strongpeak": {
        "max": 16.0726013184,
        "mean": 1.84726810455,
        "min": 0.0144870216027,
        "stdev": 1.64042150974
    },
    "zerocrossingrate": {
        "max": 0.09326171875,
        "mean": 0.0440805703402,
        "min": 0.00927734375,
        "stdev": 0.0126788057387
    },
    "barkbands": {
        "max": [8.75565165188e-05, 0.00563909672201, 0.00869018118829, 0.00986198335886, 0.0417479090393, 0.0253340825438, 0.0844398364425, 0.0725105851889, 0.0695258527994, 0.07658726722, 0.0298065040261, 0.041438292712, 0.0587448887527, 0.0447382852435, 0.049351837486, 0.0378616116941, 0.00625297054648, 0.00256313080899, 0.00168994674459, 0.000366480875527, 3.01530690194e-05, 3.51490166395e-06, 1.84015391369e-06, 2.800743232e-06, 4.72748570246e-06, 3.47790160049e-06, 7.53823940158e-07],
        "mean": [7.95391770225e-06, 6.58508070046e-05, 0.000115302231279, 0.000424365280196, 0.00181474967394, 0.00160712201614, 0.00220876070671, 0.00336429220624, 0.00302769918926, 0.00311690475792, 0.0011192309903, 0.00143631675746, 0.00144849694334, 0.00106593535747, 0.000521365145687, 0.000711445056368, 0.000594898941927, 0.000254744925769, 4.88709447382e-05, 7.76996330387e-06, 2.3097995836e-06, 9.78513867267e-07, 7.19717945685e-07, 1.23390259432e-06, 2.48807600656e-06, 6.44235512937e-07, 1.99042062832e-08],
        "min": [1.17745123873e-07, 1.11920917334e-06, 9.10680881816e-08, 2.45081054118e-07, 7.82110237196e-06, 3.60765761798e-06, 1.16291414543e-06, 1.16807063932e-06, 1.88718331628e-06, 6.72421379022e-07, 6.24603785582e-07, 9.44366604472e-07, 5.79753248076e-07, 9.07867729438e-07, 4.89880164878e-07, 6.96509289355e-07, 5.9940242636e-07, 3.11959439614e-07, 3.37651982818e-07, 1.75705707761e-07, 1.94382437257e-07, 3.13027527454e-07, 3.01216573462e-07, 5.70181612147e-07, 4.67307017971e-07, 2.79168403949e-07, 3.23218007914e-10],
        "stdev": [6.55017583995e-06, 0.000144788078615, 0.0003923116019, 0.000743758108001, 0.00257193902507, 0.00250542582944, 0.00445266952738, 0.00614697346464, 0.00607769051567, 0.00605482747778, 0.00221989047714, 0.0030099239666, 0.00352862826549, 0.00317162903957, 0.00175947416574, 0.00144986528903, 0.000749260478187, 0.00033805379644, 0.000101554571302, 1.91595227079e-05, 2.57090573541e-06, 4.40613519004e-07, 1.78291742259e-07, 2.4376194574e-07, 4.10121373307e-07, 1.61025127454e-07, 2.70960622828e-08]
    },
    "erbbands": {
        "max": [0.053843177855, 1.7221480608, 9.26406383514, 28.8129482269, 42.1936378479, 157.805435181, 234.282546997, 306.160400391, 1507.94482422, 811.27557373, 1313.07373047, 1697.47961426, 2865.46484375, 1106.58044434, 1416.13598633, 1957.76330566, 2000.87585449, 1811.3125, 2702.37426758, 1109.47216797, 2131.87280273, 247.745925903, 172.029663086, 126.233032227, 24.8280906677, 8.45186328888, 3.62736582756, 0.567091703415, 0.155061602592, 0.0999646633863, 0.0625861436129, 0.0608485266566, 0.0450141616166, 0.0491280183196, 0.0363283604383, 0.0154814552516, 0.00634869560599, 0.00144817202818, 0.000116414550575, 0.000146140533616],
        "mean": [0.00113732751925, 0.0184988733381, 0.107555158436, 0.80003041029, 3.00147128105, 6.26439523697, 10.1522130966, 15.0489645004, 29.4714107513, 50.5897026062, 69.5591125488, 72.2984085083, 98.2279815674, 63.171962738, 57.4736213684, 58.9637451172, 69.4688644409, 53.8596076965, 38.8556442261, 28.7655487061, 42.9890670776, 31.3921089172, 16.9506931305, 5.5496301651, 1.15543007851, 0.35324677825, 0.147152334452, 0.0661575049162, 0.0373619124293, 0.024724278599, 0.0212657488883, 0.0219201631844, 0.0237563867122, 0.0247935410589, 0.0183052122593, 0.00536397891119, 0.000733190972824, 6.1029830249e-05, 1.40765268952e-05, 2.72664965451e-05],
        "min": [1.72615546035e-05, 0.000153370099724, 0.000782742863521, 0.00433034123853, 0.0207978915423, 0.0394639931619, 0.0334838405252, 0.0243257917464, 0.0301696676761, 0.0332851409912, 0.0474413186312, 0.052068322897, 0.0382642671466, 0.0185918398201, 0.0384272001684, 0.0355103835464, 0.0333779491484, 0.0782293453813, 0.0501697361469, 0.0726407542825, 0.0454781539738, 0.0352220460773, 0.0232477895916, 0.0182562377304, 0.0136907501146, 0.00869385991246, 0.00914095900953, 0.00804748944938, 0.00955662224442, 0.00954543240368, 0.00938623398542, 0.010484598577, 0.00889344885945, 0.00451107090339, 0.00390034657903, 0.00204833480529, 0.000330445647705, 1.31749384309e-05, 7.34219042897e-07, 3.02101540228e-07],
        "stdev": [0.0016030902043, 0.0436175055802, 0.31365853548, 1.35864520073, 4.26803684235, 10.2488775253, 19.6771411896, 24.0590877533, 66.0520019531, 88.2817993164, 122.35710144, 152.037002563, 195.2237854, 113.018196106, 110.174446106, 121.712547302, 154.69468689, 132.426986694, 118.80632019, 61.8141021729, 77.877243042, 36.5000534058, 21.1715888977, 8.482670784, 1.78998661041, 0.622332334518, 0.211817130446, 0.0567789971828, 0.0184338930994, 0.00754809100181, 0.00538427662104, 0.00501449592412, 0.00480062700808, 0.00478698406368, 0.00345678068697, 0.00107842008583, 0.000223161216127, 5.31033765583e-05, 1.00908837339e-05, 2.09814825212e-05]
    },
    "gfcc": {
        "mean": [-68.8202819824, 135.313339233, -155.496536255, -28.09882164, -48.8118629456, -4.21562337875, -61.3998565674, 14.9913873672, -26.6144504547, -8.84511184692, -14.6736898422, -3.89058327675, -7.61118793488],
        "cov": [[1903.2668457, 540.016662598, -795.663085938, -480.464294434, 212.846252441, -319.525054932, 259.100463867, 116.126472473, 67.8048095703, -229.921615601, 91.0885238647, -57.4530029297, 40.9954032898], [540.016662598, 300.703796387, -59.5364074707, -193.991287231, -29.4091415405, -102.087120056, 48.2820930481, 23.0845432281, 17.0063457489, -96.9237747192, 26.3247852325, 3.41633892059, 11.0352344513], [-795.663085938, -59.5364074707, 591.11517334, 196.875305176, -174.296035767, 105.331001282, -146.402633667, -73.2161254883, -40.0085906982, 52.4954147339, -47.9092407227, 37.5206871033, -20.0658969879], [-480.464294434, -193.991287231, 196.875305176, 360.8359375, 95.381111145, 53.2360458374, -130.040130615, -52.4824638367, -9.31011009216, 93.7683258057, -61.3608436584, -30.2336902618, -12.5304088593], [212.846252441, -29.4091415405, -174.296035767, 95.381111145, 221.960510254, 30.0858135223, -3.09506797791, -30.0671463013, 23.883649826, 25.4140949249, -16.7891616821, -55.4032096863, -0.264818102121], [-319.525054932, -102.087120056, 105.331001282, 53.2360458374, 30.0858135223, 203.145706177, 44.0049552917, -38.2375259399, -44.3902854919, 36.9411964417, -13.3979578018, -1.87904727459, -10.0614643097], [259.100463867, 48.2820930481, -146.402633667, -130.040130615, -3.09506797791, 44.0049552917, 222.26789856, 94.0600509644, -48.6508979797, -86.3356781006, 31.2345123291, 8.07172203064, -10.9635295868], [116.126472473, 23.0845432281, -73.2161254883, -52.4824638367, -30.0671463013, -38.2375259399, 94.0600509644, 122.119438171, 29.722076416, -44.6932754517, 5.81307888031, 18.6843223572, -13.4278106689], [67.8048095703, 17.0063457489, -40.0085906982, -9.31011009216, 23.883649826, -44.3902854919, -48.6508979797, 29.722076416, 118.014686584, 59.1439361572, -8.68354797363, -14.4825801849, 3.49564433098], [-229.921615601, -96.9237747192, 52.4954147339, 93.7683258057, 25.4140949249, 36.9411964417, -86.3356781006, -44.6932754517, 59.1439361572, 137.69909668, 10.7234153748, -19.9850521088, 0.44836679101], [91.0885238647, 26.3247852325, -47.9092407227, -61.3608436584, -16.7891616821, -13.3979578018, 31.2345123291, 5.81307888031, -8.68354797363, 10.7234153748, 70.3685455322, 29.3230419159, -2.14589738846], [-57.4530029297, 3.41633892059, 37.5206871033, -30.2336902618, -55.4032096863, -1.87904727459, 8.07172203064, 18.6843223572, -14.4825801849, -19.9850521088, 29.3230419159, 79.0710983276, 27.9380550385], [40.9954032898, 11.0352344513, -20.0658969879, -12.5304088593, -0.264818102121, -10.0614643097, -10.9635295868, -13.4278106689, 3.49564433098, 0.44836679101, -2.14589738846, 27.9380550385, 74.3146591187]],
        "icov": [[0.0270963516086, -0.0311348587275, 0.0167748630047, 0.00299193523824, -0.0191583465785, 0.0248295143247, -0.023307563737, 0.016920812428, -0.00936450250447, 0.00728880055249, -0.003591054352, 0.00226040557027, -0.0029350721743], [-0.0311348587275, 0.0485930070281, -0.0274496376514, 0.00583318062127, 0.0128159467131, -0.020437637344, 0.0237041339278, -0.0175526030362, 0.00691698584706, -0.00159642915241, -0.00113180605695, 0.00203039590269, 2.38594748225e-05], [0.0167748630047, -0.0274496376514, 0.025898238644, -0.0148356547579, 0.0089213848114, 0.00119614216965, -0.0100131351501, 0.0174988042563, -0.0150009999052, 0.0133377164602, -0.00556364655495, 0.000785252079368, 0.00136130372994], [0.00299193523824, 0.00583318062127, -0.0148356547579, 0.0295023471117, -0.0310217607766, 0.0195351969451, -0.000434844492702, -0.0155113236979, 0.0238730888814, -0.0221551991999, 0.0152645241469, -0.00386274117045, -0.000976899289526], [-0.0191583465785, 0.0128159467131, 0.0089213848114, -0.0310217607766, 0.0518623553216, -0.0389031171799, 0.0179199483246, 0.0060931541957, -0.0192441213876, 0.0190128255635, -0.0124042183161, 0.00658686086535, 0.0024621845223], [0.0248295143247, -0.020437637344, 0.00119614216965, 0.0195351969451, -0.0389031171799, 0.0497420243919, -0.0366255156696, 0.0179281570017, 0.00483973976225, -0.014669678174, 0.0152283720672, -0.00968603417277, 0.00132863491308], [-0.023307563737, 0.0237041339278, -0.0100131351501, -0.000434844492702, 0.0179199483246, -0.0366255156696, 0.049517672509, -0.0405296683311, 0.0206686332822, -0.000157032569405, -0.00956687517464, 0.0115156425163, -0.00392896961421], [0.016920812428, -0.0175526030362, 0.0174988042563, -0.0155113236979, 0.0060931541957, 0.0179281570017, -0.0405296683311, 0.0598091669381, -0.0431073568761, 0.0253273583949, -0.0041239480488, -0.00923208054155, 0.00788473617285], [-0.00936450250447, 0.00691698584706, -0.0150009999052, 0.0238730888814, -0.0192441213876, 0.00483973976225, 0.0206686332822, -0.0431073568761, 0.0607360079885, -0.0498615726829, 0.0298959892243, -0.00934309884906, 0.00178014661651], [0.00728880055249, -0.00159642915241, 0.0133377164602, -0.0221551991999, 0.0190128255635, -0.014669678174, -0.000157032569405, 0.0253273583949, -0.0498615726829, 0.0657328814268, -0.0467126555741, 0.026079101488, -0.0104875536636], [-0.003591054352, -0.00113180605695, -0.00556364655495, 0.0152645241469, -0.0124042183161, 0.0152283720672, -0.00956687517464, -0.0041239480488, 0.0298959892243, -0.0467126555741, 0.0590589568019, -0.0345822758973, 0.0166635345668], [0.00226040557027, 0.00203039590269, 0.000785252079368, -0.00386274117045, 0.00658686086535, -0.00968603417277, 0.0115156425163, -0.00923208054155, -0.00934309884906, 0.026079101488, -0.0345822758973, 0.0424916781485, -0.0199357811362], [-0.0029350721743, 2.38594748225e-05, 0.00136130372994, -0.000976899289526, 0.0024621845223, 0.00132863491308, -0.00392896961421, 0.00788473617285, 0.00178014661651, -0.0104875536636, 0.0166635345668, -0.0199357811362, 0.0242638550699]]
    },
    "melbands": {
        "max": [0.00101286254358, 0.00396283203736, 0.00421653268859, 0.00509491795674, 0.00938068982214, 0.0059066475369, 0.0197855439037, 0.0104544535279, 0.00858129374683, 0.0101062366739, 0.0143968733028, 0.00479538133368, 0.00425430526957, 0.00393726630136, 0.00411570910364, 0.00767288822681, 0.00425767060369, 0.00491808960214, 0.00232649873942, 0.00208790972829, 0.00205580866896, 0.000341925304383, 0.000225090872846, 0.000102121972304, 0.000129100837512, 3.22091473208e-05, 2.11504648178e-05, 4.5277697609e-06, 3.69384792975e-06, 7.03287639681e-07, 2.74579264214e-07, 9.80191288136e-08, 7.01098343825e-08, 4.64195792915e-08, 3.06610559164e-08, 4.3871821731e-08, 3.85560170457e-08, 3.1849612725e-08, 3.75877711178e-08, 4.8211358461e-08],
        "mean": [1.50321811816e-05, 5.13395279995e-05, 0.000203226183658, 0.00032835669117, 0.000361029407941, 0.000342186598573, 0.000445810292149, 0.000611724855844, 0.000558294006623, 0.000445420504548, 0.00049195002066, 0.000266800314421, 0.000168649479747, 0.000167728532688, 0.00015876343241, 0.000131132997922, 0.000101519581222, 7.1151778684e-05, 3.70581656171e-05, 4.30923537351e-05, 5.22985537827e-05, 3.53260256816e-05, 2.15255367948e-05, 9.88508782029e-06, 3.99840428145e-06, 1.06291736302e-06, 3.92232180957e-07, 1.84171099704e-07, 1.02978376049e-07, 5.43121885244e-08, 3.17139026151e-08, 2.07161150456e-08, 1.79776726839e-08, 1.22517684886e-08, 1.19164127454e-08, 1.22273329239e-08, 1.38372069358e-08, 1.5447849222e-08, 1.9212274438e-08, 2.16331876857e-08],
        "min": [3.25396200651e-07, 4.06234164529e-07, 1.16677460937e-06, 2.06338995667e-06, 1.22360586374e-06, 5.37887046903e-07, 2.76061001614e-07, 3.31689733457e-07, 4.23627938062e-07, 3.16248929266e-07, 1.83254499575e-07, 6.92379344969e-08, 1.25960127662e-07, 1.01917848383e-07, 6.06206498333e-08, 5.5198022153e-08, 1.1376961595e-07, 8.21131251882e-08, 2.59289514304e-08, 6.89201371529e-08, 4.52681305774e-08, 3.32815623949e-08, 2.26255778557e-08, 1.54534980368e-08, 1.04521289401e-08, 1.0656526328e-08, 4.44502479269e-09, 6.22825968577e-09, 4.99933605624e-09, 5.10237274653e-09, 4.20549062241e-09, 4.11485601148e-09, 5.17928677723e-09, 4.16964240912e-09, 4.60633531318e-09, 4.15798284692e-09, 5.37628652708e-09, 6.23051610305e-09, 4.94278884489e-09, 3.31171645662e-09],
        "stdev": [2.67535560852e-05, 0.000132334360387, 0.000294632976875, 0.00043626470142, 0.000668685766868, 0.000534160120878, 0.000946989574004, 0.00109326536767, 0.000977732241154, 0.000948260887526, 0.000996754388325, 0.000502361450344, 0.000319092883728, 0.000337874196703, 0.000338626268785, 0.000367438769899, 0.000288753362838, 0.000230114674196, 0.000109053253254, 9.50831890805e-05, 8.70432777447e-05, 4.47284946858e-05, 2.88827941404e-05, 1.23764966702e-05, 7.70491897129e-06, 1.84995576546e-06, 1.06157392565e-06, 3.27974305492e-07, 1.83696812428e-07, 6.13809802985e-08, 2.60168633304e-08, 1.18115925929e-08, 6.82614942349e-09, 4.08871425606e-09, 3.47064177397e-09, 3.48464235245e-09, 3.6236784684e-09, 3.76253650458e-09, 4.51875248331e-09, 4.91750684617e-09]
    },
    "melbands128": {
        "max": [5.12391379743e-05, 0.000127039122162, 0.00105893728323, 0.00337906321511, 0.00490830792114, 0.00517160538584, 0.00691596278921, 0.00456883385777, 0.00557030597702, 0.00601021340117, 0.00914428662509, 0.0184509847313, 0.0113240918145, 0.00663978373632, 0.00965842511505, 0.00872951373458, 0.0343820303679, 0.0265658441931, 0.011896261014, 0.0140381148085, 0.0191007219255, 0.0236057788134, 0.0146280871704, 0.0175340604037, 0.0205424819142, 0.0208981633186, 0.0160556100309, 0.0294062439352, 0.016376087442, 0.0085172727704, 0.00493883388117, 0.00624647084624, 0.00603755330667, 0.010729316622, 0.00732026714832, 0.0056014796719, 0.0126186916605, 0.0059629380703, 0.00878032576293, 0.00773838488385, 0.0174314603209, 0.00434960471466, 0.00315216230229, 0.0118602989241, 0.00684934016317, 0.00942638050765, 0.00302725913934, 0.00445618992671, 0.00397347845137, 0.00285606156103, 0.00145814521238, 0.00749758025631, 0.00259559322149, 0.00120453746058, 0.00115503009874, 0.000473197229439, 0.000455707253423, 0.000394630071241, 0.000424295052653, 0.000278827850707, 0.000160973708262, 0.0001323602919, 0.000251017627306, 0.000197113578906, 9.30935348151e-05, 3.29622780555e-05, 3.10959330818e-05, 4.12467852584e-05, 2.89994659397e-05, 1.23803838505e-05, 5.32706917511e-06, 9.81913399301e-06, 7.67753499531e-06, 3.14933231493e-06, 1.13552459879e-06, 1.68238011611e-06, 6.32086880614e-07, 6.03572289037e-07, 3.31956329092e-07, 1.85764776006e-07, 1.63262569686e-07, 1.09731665532e-07, 9.70497922026e-08, 9.83105366004e-08, 7.59137179784e-08, 5.56129897689e-08, 6.24537932481e-08, 4.66306246949e-08, 4.27655564295e-08, 5.85910804318e-08, 4.77580854863e-08, 4.08875813207e-08, 4.00076700657e-08, 4.20689865166e-08, 5.43511831097e-08, 4.07847338124e-08, 5.01300263522e-08, 4.81564299548e-08, 5.96070464098e-08, 6.55621903434e-08, 5.79324854755e-08, 7.29990006221e-08, 5.82527093229e-08, 7.85424560945e-08, 5.34503961092e-08, 4.77372772423e-08, 4.85812421402e-08, 2.91549291376e-08, 5.27147925311e-08, 3.32114069579e-08, 2.53356837732e-08, 1.91496685176e-08, 2.23352660811e-08, 2.03619325845e-08, 2.09626378478e-08, 1.83839024004e-08, 1.57806958612e-08, 3.53858231605e-09, 3.46014483732e-09, 3.38517747167e-09, 3.26927040994e-09, 3.22459281499e-09, 3.14160786274e-09, 3.04746805568e-09, 2.97699953578e-09, 3.0034150722e-09, 2.93971802456e-09, 2.94516988575e-09],
        "mean": [5.4597644521e-06, 6.09347125646e-06, 1.82368130481e-05, 3.33999523718e-05, 3.7293699279e-05, 6.61415469949e-05, 0.000133681460284, 0.000246112263994, 0.0003086993529, 0.000311098265229, 0.000336412835168, 0.000445845682407, 0.000354170158971, 0.000273442070466, 0.00031342857983, 0.000375593808712, 0.000478356174426, 0.000472123618238, 0.000383563019568, 0.000546488096006, 0.000790482852608, 0.000635021540802, 0.000524537346791, 0.000471098755952, 0.000484795687953, 0.000415040878579, 0.000395469309296, 0.000611237250268, 0.000460982235381, 0.000330356822815, 0.000195855594939, 0.000119750315207, 0.000144775549415, 0.00024283635139, 0.000175672117621, 0.000137501192512, 0.000161396019394, 0.000142726436025, 0.000178312853677, 0.000167914418853, 0.00012736057397, 6.82175232214e-05, 7.54258799134e-05, 0.000156277325004, 9.04155749595e-05, 5.54295766051e-05, 4.10335305787e-05, 3.91688627133e-05, 3.23056774505e-05, 3.66882632079e-05, 4.22355878982e-05, 5.29680728505e-05, 5.26152543898e-05, 5.30524557689e-05, 5.01583817822e-05, 3.21235675074e-05, 2.4788419978e-05, 2.36382802541e-05, 2.18890454562e-05, 1.4670514247e-05, 9.22135404835e-06, 6.14076316197e-06, 5.26018857272e-06, 3.34854621542e-06, 1.93795904124e-06, 9.65117806118e-07, 5.48012621948e-07, 5.06647666043e-07, 3.4727256093e-07, 2.4975727797e-07, 1.73150851879e-07, 1.74791679797e-07, 1.24295240767e-07, 9.44294384908e-08, 6.63466153128e-08, 6.15396942294e-08, 4.52394814943e-08, 3.76439146521e-08, 3.06546787954e-08, 2.53584282461e-08, 2.08658335055e-08, 1.71264158411e-08, 2.27898624416e-08, 1.97995895235e-08, 1.25388082139e-08, 1.17916671982e-08, 1.32043940226e-08, 1.10775744133e-08, 1.1518790366e-08, 1.32715989309e-08, 1.07449125153e-08, 1.27104611281e-08, 1.32313688894e-08, 1.17635536867e-08, 1.75386798418e-08, 1.30557058498e-08, 1.61549227329e-08, 1.64084479337e-08, 1.85316260115e-08, 2.18405116215e-08, 1.91542532946e-08, 2.1611196388e-08, 2.20760512093e-08, 3.0314588173e-08, 2.00120684468e-08, 1.73323098096e-08, 1.8002394242e-08, 1.17234986163e-08, 8.15454814784e-09, 5.73834402218e-09, 3.97427513121e-09, 2.67758504258e-09, 1.78853543087e-09, 1.03937525253e-09, 2.3731527854e-10, 3.44693412702e-10, 6.29946095287e-10, 9.26892677194e-12, 8.41247557726e-12, 8.28698394628e-12, 8.11591766015e-12, 8.00907951071e-12, 7.83701575857e-12, 7.6652928796e-12, 7.61610999961e-12, 7.60262599403e-12, 7.5637040034e-12, 7.5234983174e-12],
        "min": [1.04913524979e-07, 7.17376451576e-08, 1.61065642601e-07, 6.18260287411e-08, 1.61140292221e-08, 4.88030487134e-08, 7.25566948745e-08, 1.04146678837e-07, 2.51233331028e-07, 3.49320515625e-07, 3.611767454e-07, 3.03887560449e-07, 2.74833382718e-07, 2.69850062296e-07, 2.09181337141e-07, 1.48120264498e-07, 1.97313511308e-07, 1.46525167111e-07, 2.13864311149e-07, 1.02135402358e-07, 1.17465766891e-07, 9.25027379139e-08, 1.42643457934e-07, 1.52151713451e-07, 1.07137509531e-07, 4.45986714226e-08, 5.91795910054e-08, 6.39342161435e-08, 8.20798575774e-08, 5.01205441594e-08, 4.53624267038e-08, 4.02056627991e-08, 5.75144838422e-08, 5.69689859731e-08, 7.51940376631e-08, 1.74825398602e-08, 5.55840315997e-08, 3.66008414687e-08, 2.70132201052e-08, 3.6609250742e-08, 2.75188156706e-08, 2.70353002207e-08, 5.69829801123e-08, 5.23129344288e-08, 4.99428516321e-08, 4.34227054313e-08, 2.50509533117e-08, 2.49365683658e-08, 2.03710062152e-08, 1.54333470448e-08, 5.37375441922e-08, 6.16851139057e-08, 3.44279200704e-08, 1.53731960495e-08, 1.80464230226e-08, 9.90108617316e-09, 2.41941435775e-08, 1.62690341199e-08, 1.92679916466e-08, 1.36348319302e-08, 7.55316165169e-09, 5.72738967364e-09, 7.23878468278e-09, 9.8959933581e-09, 5.53579315721e-09, 5.63597124525e-09, 4.16140322201e-09, 3.68766372993e-09, 2.51127185713e-09, 3.52710216589e-09, 2.97149904682e-09, 3.95503318984e-09, 2.82795054041e-09, 2.78639111784e-09, 3.33357164095e-09, 2.28640906208e-09, 2.37346386989e-09, 2.61151611447e-09, 2.65983879366e-09, 1.69016300955e-09, 2.49865261814e-09, 1.61311697333e-09, 4.26333901515e-09, 4.95854290961e-09, 1.42705314232e-09, 2.39888930942e-09, 2.75050493492e-09, 2.21472840067e-09, 3.17373594072e-09, 2.33295360808e-09, 2.03065564364e-09, 2.23151963574e-09, 2.55361976009e-09, 2.09148076635e-09, 2.8115005879e-09, 3.00396330033e-09, 3.53914519913e-09, 4.15257739306e-09, 5.43912870299e-09, 4.24225365947e-09, 2.82643330962e-09, 2.73877942547e-09, 3.65780272737e-09, 7.07379621545e-09, 4.50266979257e-09, 2.49066589575e-09, 4.08360545379e-09, 3.5343472593e-09, 2.60467403201e-09, 1.6213579368e-09, 1.01829022991e-09, 7.61616936185e-10, 3.37855465826e-10, 1.03320602074e-10, 1.82368356527e-12, 1.15435308881e-12, 1.22504816621e-12, 8.36073018543e-13, 7.05395540156e-13, 8.02767140956e-13, 6.83722338728e-13, 5.53109641421e-13, 7.24694338827e-13, 6.56615658113e-13, 6.55502074062e-13, 9.01384706892e-13, 8.28073774915e-13, 7.25187705025e-13],
        "stdev": [4.00029693992e-06, 7.34673585612e-06, 3.08056587528e-05, 8.62854794832e-05, 0.000127534993226, 0.000228576318477, 0.000281921180431, 0.000457307382021, 0.00051547709154, 0.000546737865079, 0.000675117829815, 0.00100545026362, 0.000832444871776, 0.000569587748032, 0.000649894878734, 0.000738842005376, 0.00127890880685, 0.00140967522748, 0.000886641209945, 0.00124579214025, 0.00185141514521, 0.00157553306781, 0.0013207977172, 0.0013808630174, 0.00154431210831, 0.00123558158521, 0.001056093839, 0.00166631664615, 0.00125119963195, 0.000797748507466, 0.000482211122289, 0.000348921894329, 0.000344917498296, 0.000685290317051, 0.000490372243803, 0.000423304940341, 0.000583569286391, 0.000455592758954, 0.000546544964891, 0.000489300931804, 0.000683961377945, 0.000225851952564, 0.000215058142203, 0.000671093643177, 0.000335780205205, 0.000332221650751, 0.000165830817423, 0.000175351320649, 0.000117949297419, 0.000120429554954, 0.000106819068606, 0.000223858514801, 0.000118767638924, 9.73604692263e-05, 9.29779125727e-05, 5.45669026906e-05, 4.27722116001e-05, 4.10741740779e-05, 3.94218004658e-05, 2.49382010225e-05, 1.45583035192e-05, 1.06272973426e-05, 1.39043240779e-05, 8.81228515937e-06, 4.84950260216e-06, 2.10928396882e-06, 1.11280382953e-06, 1.8562633386e-06, 1.33618061682e-06, 5.96067536662e-07, 3.21658603752e-07, 4.86612975692e-07, 3.31351373006e-07, 2.00216973667e-07, 9.34408035391e-08, 1.04965970138e-07, 4.96398264715e-08, 4.10547045249e-08, 2.92571940008e-08, 2.08816572922e-08, 1.59200546079e-08, 1.20781411539e-08, 1.09794564551e-08, 9.17889853014e-09, 6.58489174299e-09, 5.65834401556e-09, 6.16253537089e-09, 5.18717557796e-09, 4.72805439244e-09, 5.80535175487e-09, 4.85878937084e-09, 5.21893728234e-09, 5.12239628492e-09, 4.66929828136e-09, 7.07742353612e-09, 5.07941155803e-09, 5.93351767719e-09, 5.8035727335e-09, 6.19788309564e-09, 7.55324869317e-09, 6.78094691509e-09, 7.68946506469e-09, 7.4486306012e-09, 1.02045456529e-08, 6.58836407652e-09, 5.563549621e-09, 5.76906566963e-09, 3.76208619812e-09, 3.16014436841e-09, 2.31009478213e-09, 1.46102718812e-09, 1.04737440942e-09, 8.29713464601e-10, 6.82860157308e-10, 6.64330535027e-10, 6.26629748091e-10, 6.40143216213e-10, 1.0092390812e-10, 9.74985578384e-11, 9.53004411497e-11, 9.24019125104e-11, 9.10564748602e-11, 8.87473566857e-11, 8.63456944833e-11, 8.49439060757e-11, 8.49761927491e-11, 8.36690022821e-11, 8.36032978957e-11]
    },
    "mfcc": {
        "mean": [-710.985412598, 187.224349976, -47.7554244995, -17.4633426666, 13.0180063248, -26.5403499603, -13.148727417, -1.67101204395, -4.45436429977, -12.4146604538, -1.87784647942, -1.72458386421, -6.33247852325],
        "cov": [[2202.0078125, 682.454650879, -1043.06213379, -144.308059692, -183.983581543, -341.713745117, 60.9896850586, 186.080215454, 73.0154800415, -70.6671905518, 27.0889263153, 94.9256896973, -54.8686447144], [682.454650879, 434.919799805, -134.589599609, -154.149505615, -133.993270874, -162.54977417, -13.6465930939, 83.1146697998, -0.933810710907, -73.9429779053, -21.3177604675, 38.6582221985, 18.4920597076], [-1043.06213379, -134.589599609, 734.711547852, 51.1064910889, 22.8392810822, 97.5635375977, -56.1653366089, -67.4331893921, -58.8538589478, -20.4898147583, -58.5213012695, -48.4170417786, 62.0212783813], [-144.308059692, -154.149505615, 51.1064910889, 235.375244141, 137.725112915, 22.9503536224, -48.464176178, -61.6835861206, 10.1654405594, 26.8414516449, -5.56521272659, -21.9832630157, -8.62255096436], [-183.983581543, -133.993270874, 22.8392810822, 137.725112915, 225.029144287, 122.995315552, -91.3815536499, -117.346206665, 11.0494174957, 49.8717308044, 5.44943475723, -26.3597927094, -18.3439064026], [-341.713745117, -162.54977417, 97.5635375977, 22.9503536224, 122.995315552, 224.449920654, 43.5222244263, -84.7272033691, -12.2893095016, 57.1907920837, 3.32488894463, -46.0009994507, -28.3358192444], [60.9896850586, -13.6465930939, -56.1653366089, -48.464176178, -91.3815536499, 43.5222244263, 203.384643555, 110.512214661, -22.1629276276, -9.87095165253, 7.49390029907, -15.8195199966, -28.2045211792], [186.080215454, 83.1146697998, -67.4331893921, -61.6835861206, -117.346206665, -84.7272033691, 110.512214661, 187.523788452, 30.9793510437, -58.884475708, 3.32787823677, 31.8367233276, -3.03737711906], [73.0154800415, -0.933810710907, -58.8538589478, 10.1654405594, 11.0494174957, -12.2893095016, -22.1629276276, 30.9793510437, 88.9646453857, 29.0695304871, -4.62969875336, 10.7076301575, 4.45368385315], [-70.6671905518, -73.9429779053, -20.4898147583, 26.8414516449, 49.8717308044, 57.1907920837, -9.87095165253, -58.884475708, 29.0695304871, 107.008872986, 37.3763465881, -30.3101615906, -21.6361522675], [27.0889263153, -21.3177604675, -58.5213012695, -5.56521272659, 5.44943475723, 3.32488894463, 7.49390029907, 3.32787823677, -4.62969875336, 37.3763465881, 92.67162323, 36.0164985657, -31.9473838806], [94.9256896973, 38.6582221985, -48.4170417786, -21.9832630157, -26.3597927094, -46.0009994507, -15.8195199966, 31.8367233276, 10.7076301575, -30.3101615906, 36.0164985657, 106.501403809, 46.2983398438], [-54.8686447144, 18.4920597076, 62.0212783813, -8.62255096436, -18.3439064026, -28.3358192444, -28.2045211792, -3.03737711906, 4.45368385315, -21.6361522675, -31.9473838806, 46.2983398438, 109.235305786]],
        "icov": [[0.0185476355255, -0.0261726267636, 0.0230731908232, -0.0157775077969, 0.00950665958226, -0.00456163519993, 0.000875170866493, -0.000611504423432, 0.000658131146338, -0.000866017304361, 0.00273611862212, -0.000751489074901, 0.000943764229305], [-0.0261726267636, 0.0416643880308, -0.0325152166188, 0.0262253824621, -0.0158140901476, 0.0111562879756, -0.00263324566185, 0.00198701443151, -0.00131224223878, 0.00219716108404, -0.00237462040968, 0.0005256201257, -0.000483098352561], [0.0230731908232, -0.0325152166188, 0.0317146293819, -0.0226124059409, 0.0171725638211, -0.0122225880623, 0.00806951429695, -0.00589358666912, 0.00547014549375, -0.00235229404643, 0.0041011152789, 0.000678723794408, -0.000842041859869], [-0.0157775077969, 0.0262253824621, -0.0226124059409, 0.0289753712714, -0.0253166630864, 0.0214462466538, -0.0152257420123, 0.0109491636977, -0.00805144198239, 0.00415179086849, -0.00203745206818, -5.91909047216e-05, 0.00102612550836], [0.00950665958226, -0.0158140901476, 0.0171725638211, -0.0253166630864, 0.0377527549863, -0.0316293127835, 0.027617610991, -0.015114932321, 0.0108419787139, -0.00470517855138, 0.00155317061581, 0.00166441337205, -0.00107577210292], [-0.00456163519993, 0.0111562879756, -0.0122225880623, 0.0214462466538, -0.0316293127835, 0.0399124510586, -0.0343149825931, 0.0263832230121, -0.0176560450345, 0.00776561768726, -0.00260278512724, -0.00130734278355, 0.00341887190007], [0.000875170866493, -0.00263324566185, 0.00806951429695, -0.0152257420123, 0.027617610991, -0.0343149825931, 0.0443688668311, -0.0363503098488, 0.0280820392072, -0.0173270665109, 0.00905027333647, -0.000443805503892, -0.000458345894003], [-0.000611504423432, 0.00198701443151, -0.00589358666912, 0.0109491636977, -0.015114932321, 0.0263832230121, -0.0363503098488, 0.0437435470521, -0.0334559008479, 0.026578085497, -0.0154859246686, 0.00485998485237, -0.000257311970927], [0.000658131146338, -0.00131224223878, 0.00547014549375, -0.00805144198239, 0.0108419787139, -0.0176560450345, 0.0280820392072, -0.0334559008479, 0.0427113957703, -0.0310327596962, 0.0225641019642, -0.0127664608881, 0.00449463492259], [-0.000866017304361, 0.00219716108404, -0.00235229404643, 0.00415179086849, -0.00470517855138, 0.00776561768726, -0.0173270665109, 0.026578085497, -0.0310327596962, 0.043186802417, -0.0308781955391, 0.0216518249363, -0.0100426394492], [0.00273611862212, -0.00237462040968, 0.0041011152789, -0.00203745206818, 0.00155317061581, -0.00260278512724, 0.00905027333647, -0.0154859246686, 0.0225641019642, -0.0308781955391, 0.0425549075007, -0.0282404832542, 0.0181580688804], [-0.000751489074901, 0.0005256201257, 0.000678723794408, -5.91909047216e-05, 0.00166441337205, -0.00130734278355, -0.000443805503892, 0.00485998485237, -0.0127664608881, 0.0216518249363, -0.0282404832542, 0.0335625894368, -0.0185710024089], [0.000943764229305, -0.000483098352561, -0.000842041859869, 0.00102612550836, -0.00107577210292, 0.00341887190007, -0.000458345894003, -0.000257311970927, 0.00449463492259, -0.0100426394492, 0.0181580688804, -0.0185710024089, 0.0218595098704]]
    },
    "spectral_contrast_coeffs": {
        "max": [-0.386168718338, -0.403523862362, -0.462404668331, -0.511789679527, -0.577116727829, -0.791705846786],
        "mean": [-0.63795620203, -0.710180044174, -0.722946822643, -0.757549643517, -0.710915267467, -0.851626157761],
        "min": [-0.875380039215, -0.926992237568, -0.924552857876, -0.906074047089, -0.889097332954, -0.948038458824],
        "stdev": [0.0741929933429, 0.0844523757696, 0.0815944671631, 0.0631710961461, 0.0627410262823, 0.0180770587176]
    },
    "spectral_contrast_valleys": {
        "max": [-5.40908670425, -4.75392627716, -4.71017074585, -5.62410497665, -7.50842952728, -10.5602712631],
        "mean": [-7.82120513916, -6.61330032349, -7.25229406357, -7.52056312561, -8.79498100281, -11.4367637634],
        "min": [-9.53261184692, -8.76416492462, -9.64296340942, -9.77381515503, -10.2161769867, -11.7658748627],
        "stdev": [0.496077746153, 0.680670320988, 0.751421689987, 0.640981912613, 0.466036885977, 0.0935697108507]
    }
},
"rhythm": {
    "beats_count": 90,
    "beats_loudness": {
        "max": 0.0844632610679,
        "mean": 0.0341036170721,
        "min": 0.00159510027152,
        "stdev": 0.0184509120882
    },
    "bpm": 111.915313721,
    "bpm_histogram_first_peak_bpm": 112,
    "bpm_histogram_first_peak_weight": 0.494382023811,
    "bpm_histogram_second_peak_bpm": 0,
    "bpm_histogram_second_peak_spread": 0,
    "bpm_histogram_second_peak_weight": 0,
    "danceability": 1.21723568439,
    "onset_rate": 3.03515625,
    "beats_loudness_band_ratio": {
        "max": [0.379343986511, 0.672270059586, 0.763140559196, 0.782806813717, 0.841298878193, 0.0503119789064],
        "mean": [0.0571454688907, 0.141717299819, 0.380490064621, 0.320476949215, 0.152458205819, 0.00351579068229],
        "min": [0.00261679594405, 0.00355554721318, 0.0040770242922, 0.014701324515, 0.0118033085018, 0.000365120038623],
        "stdev": [0.0651177912951, 0.141030982137, 0.185249984264, 0.188349574804, 0.164999261498, 0.0072318171151]
    },
