{
"metadata": {
    "version": {
        "essentia": "2.1-beta5",
        "essentia_git_sha": "Undefined",
        "extractor": "music 2.0"
    },
    "audio_properties": {
        "analysis": {
            "equal_loudness": 0,
            "length": 32.4963264465,
            "sample_rate": 44100,
            "start_time": 175.240997314,
            "downmix": "mix"
        },
        "bit_rate": 192000,
        "length": 237.284729004,
        "lossless": 0,
        "number_channels": 2,
        "replay_gain": -4.89956665039,
        "sample_rate": 48000,
        "codec": "mp3",
        "md5_encoded": "29c472c8eea74d1487861775988d4c86"
    },
    "tags": {
        "file_name": "Austria_Du Hast Mich So Fasziniert_Harry Winter.mp3",
        "encoding": ["Lavf58.29.100"]
    }
},
"lowlevel": {
    "average_loudness": 0.611306130886,
    "barkbands_crest": {
        "max": 22.5298843384,
        "mean": 8.85622310638,
        "min": 3.54095697403,
        "stdev": 3.65099453926
    },
    "barkbands_flatness_db": {
        "max": 0.286288678646,
        "mean": 0.18151602149,
        "min": 0.0891651064157,
        "stdev": 0.0286140777171
    },
    "barkbands_kurtosis": {
        "max": 18.7471065521,
        "mean": 0.131571009755,
        "min": -1.86560428143,
        "stdev": 2.16112995148
    },
    "barkbands_skewness": {
        "max": 3.74315810204,
        "mean": 0.487483918667,
        "min": -2.32348036766,
        "stdev": 0.829564034939
    },
    "barkbands_spread": {
        "max": 68.3725509644,
        "mean": 23.8812866211,
        "min": 3.21402001381,
        "stdev": 9.95662498474
    },
    "dissonance": {
        "max": 0.499519556761,
        "mean": 0.462208926678,
        "min": 0.289477407932,
        "stdev": 0.0250287484378
    },
    "dynamic_complexity": 3.67420220375,
    "erbbands_crest": {
        "max": 26.4061126709,
        "mean": 9.80289173126,
        "min": 3.58718061447,
        "stdev": 4.20592975616
    },
    "erbbands_flatness_db": {
        "max": 0.354567229748,
        "mean": 0.253399133682,
        "min": 0.171388849616,
        "stdev": 0.0293208546937
    },
    "erbbands_kurtosis": {
        "max": 10.3246860504,
        "mean": -0.103275448084,
        "min": -1.69784080982,
        "stdev": 1.46445941925
    },
    "erbbands_skewness": {
        "max": 2.79918408394,
        "mean": -0.137392580509,
        "min": -2.70996546745,
        "stdev": 0.768442928791
    },
    "erbbands_spread": {
        "max": 80.1414489746,
        "mean": 28.9900436401,
        "min": 6.78384208679,
        "stdev": 10.495306015
    },
    "hfc": {
        "max": 108.395088196,
        "mean": 13.0790815353,
        "min": 0.0996465161443,
        "stdev": 16.0356636047
    },
    "loudness_ebu128": {
        "integrated": -22.1151313782,
        "loudness_range": 5.92336654663,
        "momentary": {
            "max": -14.5013084412,
            "mean": -23.5746841431,
            "min": -31.7278804779,
            "stdev": 3.40399932861
        },
        "short_term": {
            "max": -18.3090553284,
            "mean": -22.3815822601,
            "min": -27.120300293,
            "stdev": 2.13210821152
        }
    },
    "melbands_crest": {
        "max": 28.7219390869,
        "mean": 12.2630167007,
        "min": 3.71657443047,
        "stdev": 4.98110866547
    },
    "melbands_flatness_db": {
        "max": 0.325310140848,
        "mean": 0.182556852698,
        "min": 0.0791940465569,
        "stdev": 0.0414640270174
    },
    "melbands_kurtosis": {
        "max": 35.7369499207,
        "mean": 2.56902289391,
        "min": -1.716178298,
        "stdev": 4.49955177307
    },
    "melbands_skewness": {
        "max": 5.1665096283,
        "mean": 1.30217123032,
        "min": -1.16670608521,
        "stdev": 0.890393316746
    },
    "melbands_spread": {
        "max": 112.591766357,
        "mean": 37.5739364624,
        "min": 3.44630742073,
        "stdev": 19.687625885
    },
    "pitch_salience": {
        "max": 0.877403259277,
        "mean": 0.555385172367,
        "min": 0.284859806299,
        "stdev": 0.0913845822215
    },
    "silence_rate_20dB": {
        "max": 1,
        "mean": 1,
        "min": 1,
        "stdev": 0
    },
    "silence_rate_30dB": {
        "max": 1,
        "mean": 1,
        "min": 1,
        "stdev": 0
    },
    "silence_rate_60dB": {
        "max": 1,
        "mean": 0.17630264163,
        "min": 0,
        "stdev": 0.381077229977
    },
    "spectral_centroid": {
        "max": 3897.91674805,
        "mean": 1950.04943848,
        "min": 607.921447754,
        "stdev": 627.367858887
    },
    "spectral_complexity": {
        "max": 36,
        "mean": 14.8665237427,
        "min": 0,
        "stdev": 6.58043241501
    },
    "spectral_decrease": {
        "max": -2.2702985325e-11,
        "mean": -2.52590148797e-09,
        "min": -2.41767104114e-08,
        "stdev": 3.21142512583e-09
    },
    "spectral_energy": {
        "max": 0.101080358028,
        "mean": 0.0107196355239,
        "min": 9.47247099248e-05,
        "stdev": 0.0135010704398
    },
    "spectral_energyband_high": {
        "max": 0.00404431018978,
        "mean": 0.000260775326751,
        "min": 8.22327535843e-07,
        "stdev": 0.000363840605132
    },
    "spectral_energyband_low": {
        "max": 0.0211428999901,
        "mean": 0.000501503353007,
        "min": 4.83335134049e-06,
        "stdev": 0.000879427883774
    },
    "spectral_energyband_middle_high": {
        "max": 0.093720369041,
        "mean": 0.00515823205933,
        "min": 4.72223764518e-05,
        "stdev": 0.00884954910725
    },
    "spectral_energyband_middle_low": {
        "max": 0.0657747760415,
        "mean": 0.00505258562043,
        "min": 3.81558638765e-05,
        "stdev": 0.00700034480542
    },
    "spectral_entropy": {
        "max": 8.2027463913,
        "mean": 7.29688358307,
        "min": 6.55835294724,
        "stdev": 0.213855221868
    },
    "spectral_flux": {
        "max": 0.281269669533,
        "mean": 0.0504814125597,
        "min": 0.0107224863023,
        "stdev": 0.0344106443226
    },
    "spectral_kurtosis": {
        "max": 25.1545848846,
        "mean": 4.36566114426,
        "min": -0.909641981125,
        "stdev": 3.37467694283
    },
    "spectral_rms": {
        "max": 0.00993050727993,
        "mean": 0.00286398292519,
        "min": 0.000303997279843,
        "stdev": 0.00150193227455
    },
    "spectral_rolloff": {
        "max": 5878.56445312,
        "mean": 2371.23803711,
        "min": 279.931640625,
        "stdev": 983.314025879
    },
    "spectral_skewness": {
        "max": 3.53251957893,
        "mean": 0.945116043091,
        "min": -0.237629175186,
        "stdev": 0.474686980247
    },
    "spectral_spread": {
        "max": 9883840,
        "mean": 2594951,
        "min": 1379729.5,
        "stdev": 458543.4375
    },
    "spectral_strongpeak": {
        "max": 13.5148944855,
        "mean": 1.18776428699,
        "min": 0.0057467399165,
        "stdev": 1.35348439217
    },
    "zerocrossingrate": {
        "max": 0.17041015625,
        "mean": 0.0733965858817,
        "min": 0.01171875,
        "stdev": 0.0265049431473
    },
    "barkbands": {
        "max": [0.000191788683878, 0.0131969023496, 0.00790664553642, 0.00138200656511, 0.0070436806418, 0.0129576660693, 0.0466959178448, 0.0175082199275, 0.0524277836084, 0.0747759491205, 0.0346381552517, 0.0124296341091, 0.0205543600023, 0.00976894423366, 0.00333940866403, 0.00741207785904, 0.0104554062709, 0.00898039061576, 0.00938426144421, 0.0014073777711, 0.00218881899491, 0.00225199735723, 0.000331680173986, 0.000101486672065, 5.46822593606e-06, 1.40479798461e-07, 1.47951070062e-07],
        "mean": [1.21646762636e-05, 0.000375542993424, 9.817796672e-05, 5.52673955099e-05, 0.00053883966757, 0.000648538058158, 0.00140429078601, 0.000604821834713, 0.00132575794123, 0.0012833197834, 0.000516830361448, 0.000483092793729, 0.00041174213402, 0.000386846048059, 0.000247134739766, 0.000473631313071, 0.00044986399007, 0.000610435730778, 0.000455251865787, 0.000154183988343, 0.000109360247734, 6.13708398305e-05, 1.13780961328e-05, 1.70957889623e-06, 9.2908756244e-08, 5.08319886183e-10, 5.40988365216e-10],
        "min": [1.64598041863e-08, 6.91204775194e-07, 1.97593493567e-07, 1.0380838944e-07, 7.57603118018e-07, 1.61463617587e-06, 9.40938775784e-07, 4.95433027936e-07, 1.37495067065e-06, 7.43597468045e-07, 5.41147301192e-07, 1.4638196717e-06, 7.73619262873e-07, 1.50936921273e-06, 1.36180460686e-06, 7.05502486653e-07, 1.88639751286e-06, 1.70644125319e-06, 8.16837484763e-07, 2.48986793849e-07, 2.48142697501e-07, 1.33741551167e-07, 3.51351197025e-08, 2.4006798327e-08, 1.44115812617e-08, 3.22351381699e-11, 5.00422411842e-11],
        "stdev": [1.65521814779e-05, 0.000641188875306, 0.000310053204885, 8.79102153704e-05, 0.000803611066658, 0.00124190049246, 0.00338705885224, 0.00153912173118, 0.00409940350801, 0.00569664733484, 0.00191985198762, 0.00101656687912, 0.00139000557829, 0.000947815366089, 0.000369193177903, 0.000789614161476, 0.000790603633504, 0.00101684010588, 0.000747097947169, 0.000186465666047, 0.000168944330653, 0.000136683142046, 2.45849405474e-05, 5.6218032114e-06, 2.59832205529e-07, 3.85623177834e-09, 4.05903977097e-09]
    },
    "erbbands": {
        "max": [0.156482800841, 3.71804857254, 11.0780248642, 4.22446155548, 7.01491308212, 42.5261611938, 39.0111694336, 123.016708374, 258.838256836, 1316.10498047, 312.239685059, 1129.94494629, 2205.59204102, 1510.70300293, 1315.16296387, 490.385528564, 1090.74707031, 581.86340332, 207.631210327, 181.005767822, 490.83480835, 385.363220215, 434.499053955, 814.825561523, 195.90222168, 86.3599090576, 52.869304657, 108.630187988, 99.9101333618, 27.4272174835, 8.1585149765, 4.27206754684, 0.414447724819, 0.126895070076, 0.0238049402833, 0.000642807804979, 0.000259300199104, 9.17322249734e-05, 5.88953007536e-05, 0.000122969169752],
        "mean": [0.00806381460279, 0.0924795269966, 0.151776641607, 0.13464012742, 0.758908808231, 2.52570176125, 1.89463078976, 6.62636327744, 18.0784244537, 17.2550945282, 16.0724277496, 29.6436729431, 42.0269050598, 31.1171226501, 21.3406600952, 21.3337001801, 20.0557117462, 22.3625602722, 11.0890655518, 17.4428062439, 30.4755592346, 22.9348087311, 29.4662494659, 37.5344734192, 12.8285751343, 7.2863407135, 4.4071598053, 4.43026065826, 2.36265516281, 0.882392704487, 0.257120937109, 0.0788939371705, 0.0102268019691, 0.00181970791891, 0.000411053741118, 2.72638626484e-05, 9.24229607335e-06, 3.59006048711e-06, 6.84786800775e-06, 1.35227228384e-05],
        "min": [2.65293856501e-05, 0.000147176993778, 0.000717641087249, 0.0014098106185, 0.00309489108622, 0.00234587443992, 0.00254999613389, 0.0121873011813, 0.0092165004462, 0.0283484626561, 0.0250025391579, 0.049785874784, 0.0906695947051, 0.0380787067115, 0.0430370308459, 0.0813367664814, 0.0993332490325, 0.12453622371, 0.112761825323, 0.156493455172, 0.0653251484036, 0.111361935735, 0.118158109486, 0.0528226643801, 0.0273632742465, 0.0116555197164, 0.00958119891584, 0.00995636545122, 0.00514897471294, 0.00307127903216, 0.000821789959446, 0.000484701507958, 0.000428206229117, 0.000184748438187, 9.14769698284e-05, 4.98038298247e-06, 6.87515409936e-07, 1.41911272067e-07, 3.4258789583e-07, 2.43059901095e-07],
        "stdev": [0.0137307764962, 0.167359441519, 0.441636681557, 0.191895663738, 0.893097877502, 4.48364114761, 3.20551490784, 12.5492258072, 35.4177017212, 67.511177063, 35.6602172852, 92.9239501953, 170.263595581, 113.912826538, 69.9885177612, 42.4089775085, 68.0735549927, 52.2988014221, 19.3420333862, 24.6951618195, 49.7103385925, 36.8856048584, 49.2777061462, 66.1961746216, 17.9368076324, 9.5077419281, 5.35742664337, 7.94612407684, 5.66862916946, 1.65698421001, 0.608856856823, 0.2552690804, 0.0245407409966, 0.00482763536274, 0.000917452562135, 3.51171984221e-05, 1.15996181194e-05, 4.46126705356e-06, 8.04265073384e-06, 1.66149384313e-05]
    },
    "gfcc": {
        "mean": [-92.2786254883, 135.962356567, -201.302780151, 49.404258728, -65.8337478638, -14.9833421707, -13.4379081726, -12.5894031525, 0.214215233922, -17.7833271027, 3.78359031677, -6.52552843094, 1.88287127018],
        "cov": [[1655.00683594, -191.154937744, -566.777099609, -252.37739563, -36.2906990051, -162.202545166, 175.032485962, 52.2453804016, 225.746292114, -0.916623532772, 35.6789970398, 78.9525146484, -94.4760971069], [-191.154937744, 553.475769043, 257.448608398, -203.365890503, 98.7159957886, -3.76295685768, -22.4261341095, 94.8282241821, 30.8321590424, 53.2729415894, 38.8583145142, -51.6839408875, -2.90100383759], [-566.777099609, 257.448608398, 442.577575684, 191.779174805, 85.1775131226, 93.0558700562, -40.3050994873, 25.1348381042, -50.5837287903, 26.7169857025, 16.9348526001, -5.27628040314, 53.5088882446], [-252.37739563, -203.365890503, 191.779174805, 585.963256836, 143.505157471, 64.5006408691, -26.6692829132, -73.3197174072, -30.2515392303, 8.50880622864, -11.6238613129, 57.617389679, 71.4659118652], [-36.2906990051, 98.7159957886, 85.1775131226, 143.505157471, 274.96395874, 90.9500198364, -8.7485704422, 46.2876358032, 32.1101799011, 42.1183547974, 15.1398935318, -7.38979196548, 22.3594341278], [-162.202545166, -3.76295685768, 93.0558700562, 64.5006408691, 90.9500198364, 269.903137207, 133.263778687, 62.9832191467, -14.0597171783, 7.85337495804, 19.354013443, -2.75259113312, 25.408744812], [175.032485962, -22.4261341095, -40.3050994873, -26.6692829132, -8.7485704422, 133.263778687, 238.789459229, 90.9897689819, -9.21963310242, -35.6460838318, 13.7862119675, 31.1288948059, 2.15676498413], [52.2453804016, 94.8282241821, 25.1348381042, -73.3197174072, 46.2876358032, 62.9832191467, 90.9897689819, 128.20098877, 40.5464324951, 7.37252092361, 18.7249279022, -6.09656095505, -7.62064361572], [225.746292114, 30.8321590424, -50.5837287903, -30.2515392303, 32.1101799011, -14.0597171783, -9.21963310242, 40.5464324951, 142.546096802, 77.1036605835, 29.6013565063, 5.13138055801, -31.5236854553], [-0.916623532772, 53.2729415894, 26.7169857025, 8.50880622864, 42.1183547974, 7.85337495804, -35.6460838318, 7.37252092361, 77.1036605835, 102.123504639, 40.6603736877, -7.21957397461, -8.2257976532], [35.6789970398, 38.8583145142, 16.9348526001, -11.6238613129, 15.1398935318, 19.354013443, 13.7862119675, 18.7249279022, 29.6013565063, 40.6603736877, 64.850151062, 26.6535072327, -5.39642000198], [78.9525146484, -51.6839408875, -5.27628040314, 57.617389679, -7.38979196548, -2.75259113312, 31.1288948059, -6.09656095505, 5.13138055801, -7.21957397461, 26.6535072327, 73.2581787109, 28.3304443359], [-94.4760971069, -2.90100383759, 53.5088882446, 71.4659118652, 22.3594341278, 25.408744812, 2.15676498413, -7.62064361572, -31.5236854553, -8.2257976532, -5.39642000198, 28.3304443359, 76.4047241211]],
        "icov": [[0.00220172898844, 0.000305871886667, 0.00126586703118, 0.000623870000709, -0.00142933719326, 0.00206124293618, -0.00299021671526, 0.00208315299824, -0.00445681484416, 0.00269911577925, -0.00161769182887, 0.00015389440523, -0.000430539512308], [0.000305871886667, 0.0112819885835, -0.0107315964997, 0.00810578744859, -0.0071512805298, 0.00710179610178, -0.00648262305185, 0.0047508450225, -0.00634118076414, 0.00339752831496, -0.00594472326338, 0.00783950183541, -0.00444887392223], [0.00126586703118, -0.0107315964997, 0.0154976798221, -0.00896463822573, 0.00670988485217, -0.00677861040458, 0.00688358722255, -0.00724736275151, 0.00640462292358, -0.00362235540524, 0.00380744435824, -0.00734451273456, 0.00330759095959], [0.000623870000709, 0.00810578744859, -0.00896463822573, 0.00935715436935, -0.00732286181301, 0.00524076167494, -0.00613740691915, 0.00721009261906, -0.00595498317853, 0.00241997488774, -0.00182976282667, 0.00229709479026, -0.0032797222957], [-0.00142933719326, -0.0071512805298, 0.00670988485217, -0.00732286181301, 0.0113892033696, -0.00755746848881, 0.00832121726125, -0.00835262332112, 0.0065172445029, -0.0045925565064, 0.00386418309063, -0.00374789792113, 0.00208083027974], [0.00206124293618, 0.00710179610178, -0.00677861040458, 0.00524076167494, -0.00755746848881, 0.0139393303543, -0.0123396348208, 0.00641450518742, -0.00796022079885, 0.00429763225839, -0.00787487719208, 0.00980035122484, -0.00578382657841], [-0.00299021671526, -0.00648262305185, 0.00688358722255, -0.00613740691915, 0.00832121726125, -0.0123396348208, 0.0199015233666, -0.0149779822677, 0.0129813896492, -0.0054740132764, 0.0074025481008, -0.0119352294132, 0.00630399538204], [0.00208315299824, 0.0047508450225, -0.00724736275151, 0.00721009261906, -0.00835262332112, 0.00641450518742, -0.0149779822677, 0.0259303171188, -0.0175540279597, 0.0121608069167, -0.00988588854671, 0.011346491985, -0.00643071345985], [-0.00445681484416, -0.00634118076414, 0.00640462292358, -0.00595498317853, 0.0065172445029, -0.00796022079885, 0.0129813896492, -0.0175540279597, 0.0346702486277, -0.0267219822854, 0.0155570954084, -0.0167790260166, 0.0127036198974], [0.00269911577925, 0.00339752831496, -0.00362235540524, 0.00241997488774, -0.0045925565064, 0.00429763225839, -0.0054740132764, 0.0121608069167, -0.0267219822854, 0.0383943021297, -0.0255009848624, 0.0195108857006, -0.0109051922336], [-0.00161769182887, -0.00594472326338, 0.00380744435824, -0.00182976282667, 0.00386418309063, -0.00787487719208, 0.0074025481008, -0.00988588854671, 0.0155570954084, -0.0255009848624, 0.043699350208, -0.0298979282379, 0.014957645908], [0.00015389440523, 0.00783950183541, -0.00734451273456, 0.00229709479026, -0.00374789792113, 0.00980035122484, -0.0119352294132, 0.011346491985, -0.0167790260166, 0.0195108857006, -0.0298979282379, 0.0446696542203, -0.0207079779357], [-0.000430539512308, -0.00444887392223, 0.00330759095959, -0.0032797222957, 0.00208083027974, -0.00578382657841, 0.00630399538204, -0.00643071345985, 0.0127036198974, -0.0109051922336, 0.014957645908, -0.0207079779357, 0.0264355000108]]
    },
    "melbands": {
        "max": [0.00258216587827, 0.00537100387737, 0.000642519851681, 0.00179962825496, 0.0012488059001, 0.00280067813583, 0.00487987231463, 0.012212773785, 0.00293953437358, 0.00744391931221, 0.0115341041237, 0.00694772833958, 0.00568022346124, 0.00117763096932, 0.00181414477993, 0.00158494093921, 0.00124676001724, 0.000441568117822, 0.000261778623099, 0.000262940651737, 0.000689764856361, 0.000334189186106, 0.000670537061524, 0.000550733006094, 0.000752373598516, 0.000177096502739, 0.000103405989648, 7.107143756e-05, 4.02673467761e-05, 6.87881110935e-05, 7.30562969693e-05, 7.17139118933e-05, 4.14779751736e-05, 1.08781277959e-05, 5.67071765545e-06, 5.00525811731e-06, 1.83743429716e-06, 2.81638051547e-07, 2.29896642168e-07, 7.29185671844e-08],
        "mean": [9.22967956285e-05, 9.35071584536e-05, 3.68222863472e-05, 0.000125668782857, 7.2333146818e-05, 0.00015232845908, 0.000285389774945, 0.000168693892192, 0.000131016917294, 0.000200427064556, 0.000210845115362, 0.000129787949845, 7.02475954313e-05, 5.61546003155e-05, 5.28710843355e-05, 3.99449345423e-05, 4.14415990235e-05, 1.58617913257e-05, 2.06281147257e-05, 2.78370171145e-05, 3.85650273529e-05, 2.49555650953e-05, 2.21506306843e-05, 3.04477707687e-05, 3.20995168295e-05, 9.69620759861e-06, 6.2869771682e-06, 4.57156829725e-06, 2.52806671597e-06, 2.99346947941e-06, 2.55371651292e-06, 1.53050712015e-06, 7.29133034838e-07, 3.72893481426e-07, 1.5118287422e-07, 7.94732883946e-08, 3.41084280819e-08, 6.97076973921e-09, 1.63573210532e-09, 1.24356780429e-09],
        "min": [3.17041894959e-07, 2.7634624189e-07, 3.81189522614e-07, 2.03706434831e-07, 7.38433101333e-08, 2.56313711589e-07, 1.54708814648e-07, 3.24946142882e-07, 1.0441092968e-07, 2.55692214068e-07, 1.76998511847e-07, 1.27366377001e-07, 8.36603888388e-08, 1.4581304697e-07, 1.77934424528e-07, 1.11652333601e-07, 1.63457158919e-07, 1.73326085928e-07, 1.1434031677e-07, 6.75713565101e-08, 8.02204382921e-08, 1.09498422773e-07, 5.62403883464e-08, 7.32148848215e-08, 2.95630666614e-08, 1.98062100054e-08, 1.70775340536e-08, 4.16224166244e-09, 6.24745322142e-09, 5.15416864744e-09, 4.45065673205e-09, 2.94295943171e-09, 2.18868079216e-09, 1.20314991303e-09, 4.49835224625e-10, 3.03398389745e-10, 2.82632195425e-10, 3.43536893377e-10, 1.81173173686e-10, 1.4338744081e-10],
        "stdev": [0.000151138316141, 0.000213214327232, 3.74302326236e-05, 0.000204539450351, 0.000104121019831, 0.000286695722025, 0.000557331368327, 0.000632402545307, 0.000304339715512, 0.000653356546536, 0.000881111249328, 0.000530156830791, 0.000279972184217, 9.96802191366e-05, 0.000163525139214, 0.000116596667795, 0.000102153724583, 3.38224817824e-05, 2.87150869553e-05, 4.37599883298e-05, 6.74345501466e-05, 4.0718485252e-05, 4.99061570736e-05, 5.27376505488e-05, 6.01492756687e-05, 1.67135476659e-05, 7.7164522736e-06, 7.65474669606e-06, 3.94417884308e-06, 4.55845975011e-06, 5.29682574779e-06, 3.76055982088e-06, 1.89898889857e-06, 6.55019618989e-07, 3.79024925223e-07, 2.67541821586e-07, 1.08690549894e-07, 1.5903259154e-08, 7.19465731436e-09, 3.26077276291e-09]
    },
    "melbands128": {
        "max": [0.000190862832824, 0.000930213311221, 0.00322372233495, 0.00734741380438, 0.00728383753449, 0.00282256049104, 0.00100530870259, 0.000521249778103, 0.000581325846724, 0.00250766449608, 0.00330634973943, 0.00161334604491, 0.00184846424963, 0.00169921631459, 0.00245646201074, 0.00653396174312, 0.00522610545158, 0.00702830124646, 0.0119275711477, 0.0255463309586, 0.0060653295368, 0.00371479801834, 0.0055154603906, 0.00906780548394, 0.00978218764067, 0.013633643277, 0.0160037893802, 0.0191468261182, 0.0269226580858, 0.0163660626858, 0.00583290914074, 0.00654735555872, 0.0119434446096, 0.00542287807912, 0.00210955785587, 0.0018493316602, 0.00220578559674, 0.00271691498347, 0.00418290961534, 0.00445170328021, 0.00173863954842, 0.00120098190382, 0.00262497342192, 0.00170671986416, 0.000969363318291, 0.000551779579837, 0.000341272098012, 0.000288248498691, 0.000628652982414, 0.000454451859696, 0.000550272408873, 0.000770683924202, 0.00139755941927, 0.000951934722252, 0.000740665302146, 0.000609346083365, 0.00052179407794, 0.0019206936704, 0.00149605143815, 0.000704364210833, 0.000675236573443, 0.0013808287913, 0.00211426569149, 0.000645308406092, 0.000269551121164, 0.000336310913553, 0.000408261141274, 0.00010468018445, 0.000186405319255, 0.000126466708025, 0.000134238609462, 0.00016913296713, 8.21931680548e-05, 3.76248790417e-05, 3.62361970474e-05, 7.16050126357e-05, 0.000101055542473, 9.75782968453e-05, 8.45097383717e-05, 7.3711409641e-05, 0.000101494442788, 7.02325196471e-05, 6.2746956246e-05, 4.84709853481e-05, 1.73798907781e-05, 1.43459355968e-05, 1.01180994534e-05, 9.35820389714e-06, 5.66578682992e-06, 4.42341342932e-06, 5.75670947001e-06, 6.02951058681e-06, 3.7612160213e-06, 2.06844492823e-06, 7.98471319285e-07, 3.89930846723e-07, 3.22581371393e-07, 3.59120804205e-07, 2.94979372484e-07, 1.20987706964e-07, 8.21789356564e-08, 7.27783415755e-08, 5.57082238117e-08, 8.93724276807e-08, 1.29865744825e-08, 1.12750642156e-09, 1.073073852e-09, 1.00880881426e-09, 9.76007719089e-10, 9.39463951077e-10, 9.04564756432e-10, 8.43290215435e-10, 8.1867951307e-10, 7.80598252703e-10, 7.63053287223e-10, 7.38415939505e-10, 7.08754555045e-10, 6.88477108657e-10, 6.68511024315e-10, 6.58335941317e-10, 6.41313724348e-10, 6.2882804519e-10, 6.11408312867e-10, 6.04223615586e-10, 5.93544324801e-10, 5.89189530498e-10, 5.83173398461e-10, 5.7999671732e-10],
        "mean": [7.52594814912e-06, 4.54549990536e-05, 0.000139784198836, 0.000160561336088, 0.000101755445939, 3.74682931579e-05, 2.04159550776e-05, 3.1898416637e-05, 5.82683860557e-05, 0.000156817884999, 0.000167713413248, 6.27423432888e-05, 5.64229267184e-05, 6.22137958999e-05, 0.000110950313683, 0.00022447007359, 0.000276273785857, 0.000310333445668, 0.000284078647383, 0.000200883310754, 8.95336852409e-05, 0.000118148192996, 0.000148479244672, 0.000126918952446, 0.000167141362908, 0.00025331726647, 0.000225234427489, 0.000228013872402, 0.000164549579495, 0.000176208239282, 0.000100839592051, 7.07087092451e-05, 7.0533977123e-05, 7.35331050237e-05, 4.94315718242e-05, 5.50840195501e-05, 6.01176543569e-05, 5.2929535741e-05, 4.97691980854e-05, 4.25014986831e-05, 3.29457325279e-05, 4.08283594879e-05, 5.51828816242e-05, 3.69570370822e-05, 1.39696421684e-05, 1.31387423608e-05, 1.45459116538e-05, 2.15600703086e-05, 2.30065979849e-05, 2.05206251849e-05, 2.86977483483e-05, 3.49157926394e-05, 3.50284462911e-05, 4.28560997534e-05, 4.16926923208e-05, 1.87621735677e-05, 1.51925914906e-05, 2.07226003113e-05, 2.3726523068e-05, 2.75116781268e-05, 2.57017036347e-05, 3.40583828802e-05, 5.15592400916e-05, 2.72486322501e-05, 8.67812377692e-06, 9.73516762315e-06, 1.0129760085e-05, 6.99201564203e-06, 5.59494810659e-06, 4.47255251856e-06, 4.55903636976e-06, 5.52152005184e-06, 2.71872454505e-06, 1.60141746619e-06, 2.17272258851e-06, 4.21491722591e-06, 2.53527559835e-06, 2.1508460577e-06, 2.86404019789e-06, 2.75505476566e-06, 1.63264769526e-06, 1.04474133877e-06, 9.76790602181e-07, 6.84244810145e-07, 5.61663341614e-07, 4.88950774979e-07, 2.82733225276e-07, 1.95659623614e-07, 1.46652439525e-07, 1.134872889e-07, 1.02028486992e-07, 6.33914609693e-08, 5.53766419387e-08, 3.58845682058e-08, 2.20081481928e-08, 9.17986131554e-09, 4.10274925144e-09, 1.97804195246e-09, 1.63476721049e-09, 1.41017231226e-09, 1.27720001242e-09, 1.22066534658e-09, 1.19177800961e-09, 1.03050590283e-09, 1.89879612034e-10, 4.20398091339e-12, 3.81503769548e-12, 3.61646064657e-12, 3.48358039463e-12, 3.34982410734e-12, 3.22805627714e-12, 3.10126794037e-12, 2.99126912476e-12, 2.87138065061e-12, 2.78348806677e-12, 2.70177196587e-12, 2.63770060481e-12, 2.54864358784e-12, 2.48574880297e-12, 2.42501960353e-12, 2.35397010044e-12, 2.31091209536e-12, 2.27636551102e-12, 2.23130693609e-12, 2.12641124327e-12, 1.9722986265e-12, 1.8841729392e-12, 1.86376261646e-12],
        "min": [2.25961183098e-09, 8.49199466302e-08, 1.34857259582e-07, 3.817284977e-08, 1.60872730248e-07, 7.66973613509e-08, 7.58378515542e-09, 5.53729968544e-08, 1.61489893458e-07, 2.33670078842e-07, 1.15632211362e-07, 2.83449743677e-08, 2.00775520653e-08, 1.42941615877e-07, 1.19478002603e-07, 1.68102562981e-08, 2.27152252563e-08, 1.30081598826e-08, 2.79917014012e-08, 6.27228118333e-08, 5.20801215487e-08, 3.13574481936e-08, 3.09139949195e-08, 4.54921078585e-08, 2.84437398079e-08, 1.70140381783e-08, 2.39562965021e-08, 6.26712264307e-08, 2.39462938367e-08, 3.72273554206e-08, 2.75985740927e-08, 1.79427530611e-08, 1.47867886824e-08, 1.75805627833e-08, 4.96458234522e-08, 5.59924639987e-09, 2.87587127445e-08, 1.37396147792e-08, 2.43195721339e-08, 3.01366824829e-08, 3.68548711549e-08, 4.50086794501e-08, 4.48075425652e-08, 6.1989965161e-08, 2.20251799021e-08, 1.7203849012e-08, 3.68953756436e-08, 3.27199671801e-08, 1.76362746629e-08, 1.67505902482e-08, 4.03292688134e-08, 1.75723755547e-08, 3.366629997e-08, 9.63554072086e-08, 9.510129928e-08, 4.94833081177e-08, 1.12123101914e-08, 2.40631674586e-08, 3.30129594772e-08, 5.01005743558e-08, 2.99597111564e-08, 3.88044085753e-08, 2.40858817335e-08, 3.28255289617e-08, 1.19051044578e-08, 1.44678784508e-08, 1.08298250368e-08, 1.28208741401e-08, 1.04315063254e-08, 4.03326527731e-09, 3.7606260328e-09, 3.00044589174e-09, 6.07237460315e-09, 3.52431861472e-09, 3.43288286686e-09, 5.1169890547e-09, 3.47807116441e-09, 4.54293536123e-09, 2.06840189421e-09, 3.71396580157e-09, 2.3609516564e-09, 2.18389484274e-09, 1.85872750524e-09, 1.71605551991e-09, 1.54758650339e-09, 1.44816880709e-09, 4.58447529939e-10, 5.38131539329e-10, 4.00422889291e-10, 4.01255334515e-10, 2.99507668666e-10, 2.98778335406e-10, 2.62143584617e-10, 3.02936814522e-10, 2.67737526594e-10, 2.77698697371e-10, 2.86415696715e-10, 2.4896332218e-10, 1.36716943322e-10, 1.60196203525e-10, 1.78529357964e-10, 1.36455652333e-10, 1.04170762294e-10, 1.44681766567e-10, 3.32826084401e-12, 2.06275345112e-13, 1.50960705525e-13, 1.49224952057e-13, 1.31993604957e-13, 1.50822144487e-13, 1.30059740647e-13, 1.91258684237e-13, 1.43170848441e-13, 1.28084581786e-13, 1.15660831065e-13, 1.67932697913e-13, 1.76040185576e-13, 1.4503928115e-13, 1.74373482233e-13, 1.40028722125e-13, 1.32697550322e-13, 1.41809700376e-13, 1.72592083854e-13, 1.44422573401e-13, 1.29111375454e-13, 4.38520408679e-14, 6.84902667282e-15, 2.11885635863e-16],
        "stdev": [1.14730146379e-05, 8.42383669806e-05, 0.000247876916546, 0.000319613871397, 0.000296799116768, 0.00010802543693, 4.01885336032e-05, 4.97800720041e-05, 6.55815310893e-05, 0.00028585511609, 0.000332253053784, 0.000111958950583, 0.000138585543027, 0.000163728283951, 0.000255576713243, 0.000571802840568, 0.000659841985907, 0.000807256437838, 0.000917965720873, 0.00122569128871, 0.000359883444617, 0.000359050056431, 0.000431405787822, 0.000502118084114, 0.000715490488801, 0.00113052816596, 0.00101237255149, 0.00128653005231, 0.0013259347761, 0.00102299684659, 0.000363572762581, 0.000342511426425, 0.000517399283126, 0.000261187640717, 0.000151344705955, 0.000108308537165, 0.000161874369951, 0.00023492591572, 0.000252199155511, 0.000248354393989, 9.53375201789e-05, 0.000125665872474, 0.000189460275578, 0.000102583973785, 5.42693815078e-05, 4.49208600912e-05, 2.79785108432e-05, 3.62420469173e-05, 4.85541786475e-05, 4.65029006591e-05, 5.94905104663e-05, 7.67939272919e-05, 8.94588665687e-05, 9.44051644183e-05, 8.49192583701e-05, 4.0484170313e-05, 4.2938052502e-05, 8.32434016047e-05, 6.81825258653e-05, 6.13093870925e-05, 5.91092612012e-05, 8.71797383297e-05, 0.000140525618917, 4.58314971183e-05, 1.61180596479e-05, 2.3832790248e-05, 2.45861883741e-05, 1.19618553072e-05, 9.97201095743e-06, 9.65768413153e-06, 1.10165310616e-05, 1.41673581311e-05, 6.47503429718e-06, 3.75178274226e-06, 3.66605945601e-06, 6.59626493871e-06, 5.44540034753e-06, 5.40433802598e-06, 7.21278956917e-06, 6.2059029915e-06, 4.93519519296e-06, 3.42260341313e-06, 3.14568728754e-06, 2.11546989703e-06, 1.02792625967e-06, 8.86277007339e-07, 6.22662810201e-07, 5.54231348815e-07, 4.1481058588e-07, 2.96330796346e-07, 3.16961887847e-07, 3.05770470277e-07, 2.08044724559e-07, 1.16192921951e-07, 5.38985709397e-08, 2.23578595637e-08, 1.12410516451e-08, 1.04763193676e-08, 8.84765771758e-09, 5.1288258085e-09, 3.77105591198e-09, 3.24099191928e-09, 2.49112686035e-09, 2.91983459633e-09, 4.81620632264e-10, 3.0952004848e-11, 2.94564789227e-11, 2.77117877256e-11, 2.67893849465e-11, 2.577496723e-11, 2.48123882551e-11, 2.31681982626e-11, 2.24774556606e-11, 2.14420824846e-11, 2.09397204437e-11, 2.02616881606e-11, 1.94588529318e-11, 1.88980307098e-11, 1.83503750389e-11, 1.8055685419e-11, 1.7590073495e-11, 1.72429553275e-11, 1.67755115354e-11, 1.65705660998e-11, 1.62816791299e-11, 1.6161695246e-11, 1.59992626786e-11, 1.59122229282e-11]
    },
    "mfcc": {
        "mean": [-701.640319824, 138.523712158, -62.2681732178, 45.4999732971, -27.9054050446, 5.75719118118, -16.2967319489, 11.2311735153, -7.65271091461, -1.77736234665, -0.492419958115, 0.196929261088, -1.54331064224],
        "cov": [[1979.48291016, -208.397140503, -666.228149414, -111.366134644, -317.900970459, -105.350471497, -202.23210144, 152.586654663, -23.6249084473, 62.5013618469, 86.4308700562, 171.324234009, -54.7655639648], [-208.397140503, 777.737060547, 63.2115440369, -247.391601562, 79.9738769531, -169.656021118, 30.2882442474, -40.7220115662, 49.8024902344, 23.5759658813, 158.714492798, 7.24116754532, 12.4493312836], [-666.228149414, 63.2115440369, 425.480133057, 119.539520264, 81.2123260498, 75.4177322388, 86.4586639404, -14.982544899, 17.6813545227, -30.4310131073, -42.3472290039, -42.6327362061, 36.75258255], [-111.366134644, -247.391601562, 119.539520264, 410.069458008, 150.456390381, 91.6677474976, -21.1215629578, -33.8084487915, -5.42404556274, -30.2579345703, -97.3073120117, -33.8087882996, 71.7915802002], [-317.900970459, 79.9738769531, 81.2123260498, 150.456390381, 338.234863281, 81.1927261353, 14.0448036194, -69.7696380615, 23.603685379, 44.1900482178, 0.254297345877, -15.1118431091, 72.4430465698], [-105.350471497, -169.656021118, 75.4177322388, 91.6677474976, 81.1927261353, 193.105987549, 83.608833313, 32.7076950073, 20.8348121643, 29.4388637543, -37.6313285828, 5.85242938995, 28.1786689758], [-202.23210144, 30.2882442474, 86.4586639404, -21.1215629578, 14.0448036194, 83.608833313, 227.380249023, 106.873146057, 58.006061554, 10.9072151184, -26.5426311493, -5.04658222198, 8.06810092926], [152.586654663, -40.7220115662, -14.982544899, -33.8084487915, -69.7696380615, 32.7076950073, 106.873146057, 172.056411743, 48.1678695679, 12.1343917847, 14.5380315781, 26.3798599243, -14.343334198], [-23.6249084473, 49.8024902344, 17.6813545227, -5.42404556274, 23.603685379, 20.8348121643, 58.006061554, 48.1678695679, 90.0708312988, 33.0355377197, 9.50375843048, 11.8077192307, 10.0932207108], [62.5013618469, 23.5759658813, -30.4310131073, -30.2579345703, 44.1900482178, 29.4388637543, 10.9072151184, 12.1343917847, 33.0355377197, 103.183746338, 56.1436538696, 31.2347049713, 4.12881708145], [86.4308700562, 158.714492798, -42.3472290039, -97.3073120117, 0.254297345877, -37.6313285828, -26.5426311493, 14.5380315781, 9.50375843048, 56.1436538696, 151.830856323, 55.6067848206, -22.4356689453], [171.324234009, 7.24116754532, -42.6327362061, -33.8087882996, -15.1118431091, 5.85242938995, -5.04658222198, 26.3798599243, 11.8077192307, 31.2347049713, 55.6067848206, 96.3016281128, 15.069776535], [-54.7655639648, 12.4493312836, 36.75258255, 71.7915802002, 72.4430465698, 28.1786689758, 8.06810092926, -14.343334198, 10.0932207108, 4.12881708145, -22.4356689453, 15.069776535, 98.9870452881]],
        "icov": [[0.00223066890612, -0.00111598812509, 0.00310274818912, -0.00146851770114, 0.00184367259499, -0.00116303085815, 0.00232906569727, -0.00258311885409, 0.000798337801825, -0.00142156565562, 0.00163350510411, -0.00248443172313, 0.000431574357208], [-0.00111598812509, 0.00475397286937, -0.00259566726163, 0.00308023602702, -0.00278508313932, 0.00433792406693, -0.00294234068133, 0.00269820052199, -0.00249725067988, 0.00239759148099, -0.00483702355996, 0.00266312877648, -0.0023985391017], [0.00310274818912, -0.00259566726163, 0.00782439205796, -0.00340124801733, 0.003178286599, -0.0033706270624, 0.00206201151013, -0.00264021754265, 0.000949318055063, -0.000924867519643, 0.00201961863786, -0.00257773231715, 0.000479615002405], [-0.00146851770114, 0.00308023602702, -0.00340124801733, 0.00667444197461, -0.00393525278196, 0.00154851272237, -0.000332003837684, 0.0011009874288, -0.00163888582028, 0.00273584737442, -0.00107407546602, 0.00254885666072, -0.00273046339862], [0.00184367259499, -0.00278508313932, 0.003178286599, -0.00393525278196, 0.00801127124578, -0.00402963394299, 0.00142947293352, 0.000446446676506, 0.000244680210017, -0.00338089605793, 0.00072948000161, -0.000736990245059, -0.00132975657471], [-0.00116303085815, 0.00433792406693, -0.0033706270624, 0.00154851272237, -0.00402963394299, 0.0128667177632, -0.0052815140225, 0.00145559979137, -0.000424064608524, -0.00151093199383, -0.00140847545117, 0.000277142418781, -0.00138811429497], [0.00232906569727, -0.00294234068133, 0.00206201151013, -0.000332003837684, 0.00142947293352, -0.0052815140225, 0.0128478305414, -0.00878126733005, -0.000650381378364, -0.00185611459892, 0.00556731922552, -0.00219309749082, 0.00101102143526], [-0.00258311885409, 0.00269820052199, -0.00264021754265, 0.0011009874288, 0.000446446676506, 0.00145559979137, -0.00878126733005, 0.0155493477359, -0.00549216428772, 0.00329099036753, -0.00565928220749, 0.00182378245518, -0.00049655768089], [0.000798337801825, -0.00249725067988, 0.000949318055063, -0.00163888582028, 0.000244680210017, -0.000424064608524, -0.000650381378364, -0.00549216428772, 0.0180574674159, -0.00661556934938, 0.00387448375113, -0.0022279091645, 0.000442801596364], [-0.00142156565562, 0.00239759148099, -0.000924867519643, 0.00273584737442, -0.00338089605793, -0.00151093199383, -0.00185611459892, 0.00329099036753, -0.00661556934938, 0.0185361076146, -0.00832352973521, 0.00128303887323, -0.00137676706072], [0.00163350510411, -0.00483702355996, 0.00201961863786, -0.00107407546602, 0.00072948000161, -0.00140847545117, 0.00556731922552, -0.00565928220749, 0.00387448375113, -0.00832352973521, 0.0189821403474, -0.00963576324284, 0.00585591327399], [-0.00248443172313, 0.00266312877648, -0.00257773231715, 0.00254885666072, -0.000736990245059, 0.000277142418781, -0.00219309749082, 0.00182378245518, -0.0022279091645, 0.00128303887323, -0.00963576324284, 0.0200901199132, -0.00676633091643], [0.000431574357208, -0.0023985391017, 0.000479615002405, -0.00273046339862, -0.00132975657471, -0.00138811429497, 0.00101102143526, -0.00049655768089, 0.000442801596364, -0.00137676706072, 0.00585591327399, -0.00676633091643, 0.0160286016762]]
    },
    "spectral_contrast_coeffs": {
        "max": [-0.475622117519, -0.489771157503, -0.491746008396, -0.578055381775, -0.558631122112, -0.474381297827],
        "mean": [-0.709907412529, -0.705215334892, -0.704984426498, -0.74307090044, -0.719699800014, -0.642306208611],
        "min": [-0.931312203407, -0.947033464909, -0.966523706913, -0.884821534157, -0.880616664886, -0.857604622841],
        "stdev": [0.0750812590122, 0.0778848454356, 0.0610942207277, 0.0468510016799, 0.0416433401406, 0.0540074370801]
    },
    "spectral_contrast_valleys": {
        "max": [-6.44505739212, -5.77286529541, -5.99241399765, -5.69875669479, -6.38815689087, -10.1917352676],
        "mean": [-8.03449726105, -7.46644020081, -8.0244102478, -8.15966796875, -7.9603395462, -12.3521413803],
        "min": [-9.8007183075, -9.28736114502, -9.75807762146, -9.66882228851, -9.80308628082, -12.9012203217],
        "stdev": [0.546793162823, 0.647973239422, 0.65692871809, 0.630739271641, 0.601424574852, 0.28241237998]
    }
},
"rhythm": {
    "beats_count": 62,
    "beats_loudness": {
        "max": 0.0876151695848,
        "mean": 0.0138175506145,
        "min": 0.00181106862146,
        "stdev": 0.0173760280013
    },
    "bpm": 133.55821228,
    "bpm_histogram_first_peak_bpm": 133,
    "bpm_histogram_first_peak_weight": 0.52941173315,
    "bpm_histogram_second_peak_bpm": 105,
    "bpm_histogram_second_peak_spread": 0.363636374474,
    "bpm_histogram_second_peak_weight": 0.114754095674,
    "danceability": 0.964918196201,
    "onset_rate": 2.18408179283,
    "beats_loudness_band_ratio": {
        "max": [0.524521410465, 0.714060127735, 0.743495225906, 0.650482535362, 0.647017896175, 0.250943869352],
        "mean": [0.0952707156539, 0.179923757911, 0.289876788855, 0.203455120325, 0.214141860604, 0.0787015035748],
        "min": [0.000836400024127, 0.0115620167926, 0.0114927599207, 0.0246354211122, 0.0348136797547, 0.00523127010092],
        "stdev": [0.109990730882, 0.169580474496, 0.185832500458, 0.143185004592, 0.137363612652, 0.0630434006453]
    },
    "beats_position": [0.592108845711, 1.19582760334, 1.79954648018, 2.41487526894, 3.03020405769, 3.64553284645, 4.26086139679, 4.841360569, 5.41024923325, 5.97913837433, 6.54802703857, 7.11691617966, 7.6858048439, 8.23147392273, 8.78875255585, 9.287981987, 9.79882049561, 10.3096599579, 10.774058342, 11.2268476486, 11.6796369553, 12.1904764175, 12.7013149261, 13.2005443573, 13.6765527725, 14.1641721725, 14.6517915726, 15.1161899567, 15.5921993256, 16.0682086945, 16.5442180634, 17.0202255249, 17.4962348938, 18.0535144806, 18.6224040985, 19.1680717468, 19.7369613647, 20.2942390442, 20.8282985687, 21.3739681244, 21.9196376801, 22.4536952972, 22.9877548218, 23.4985942841, 24.0442619324, 24.589931488, 25.1239910126, 25.5651702881, 25.9947395325, 26.4243087769, 26.865486145, 27.3066654205, 27.747844696, 28.1890239716, 28.6302032471, 29.0713825226, 29.5241718292, 29.9769611359, 30.4297504425, 30.8825397491, 31.3353290558, 31.7881164551],
