{
"metadata": {
    "version": {
        "essentia": "2.1-beta5",
        "essentia_git_sha": "Undefined",
        "extractor": "music 2.0"
    },
    "audio_properties": {
        "analysis": {
            "equal_loudness": 0,
            "length": 48.7502937317,
            "sample_rate": 44100,
            "start_time": 126.502311707,
            "downmix": "mix"
        },
        "bit_rate": 192000,
        "length": 261.224487305,
        "lossless": 0,
        "number_channels": 2,
        "replay_gain": 1.07885551453,
        "sample_rate": 44100,
        "codec": "mp3",
        "md5_encoded": "008d4d22d446e2c75542403932287e8e"
    },
    "tags": {
        "file_name": "Denmark_Det Var En Yndig Tid_Katy Bødtger.mp3",
        "encoding": ["Lavf58.29.100"]
    }
},
"lowlevel": {
    "average_loudness": 0.915033042431,
    "barkbands_crest": {
        "max": 26.6461658478,
        "mean": 14.2085552216,
        "min": 3.95706772804,
        "stdev": 5.33594608307
    },
    "barkbands_flatness_db": {
        "max": 0.425054758787,
        "mean": 0.239797458053,
        "min": 0.0948341414332,
        "stdev": 0.0524171553552
    },
    "barkbands_kurtosis": {
        "max": 341.821472168,
        "mean": 11.2186231613,
        "min": -1.65829956532,
        "stdev": 22.3857784271
    },
    "barkbands_skewness": {
        "max": 13.296957016,
        "mean": 1.97182917595,
        "min": -3.73095774651,
        "stdev": 1.85736966133
    },
    "barkbands_spread": {
        "max": 27.2323608398,
        "mean": 6.17860555649,
        "min": 0.194697901607,
        "stdev": 3.99794530869
    },
    "dissonance": {
        "max": 0.499999582767,
        "mean": 0.402491688728,
        "min": 0.10876660049,
        "stdev": 0.0559423938394
    },
    "dynamic_complexity": 3.80037474632,
    "erbbands_crest": {
        "max": 32.9284286499,
        "mean": 15.4912757874,
        "min": 4.48122262955,
        "stdev": 6.68268442154
    },
    "erbbands_flatness_db": {
        "max": 0.463365852833,
        "mean": 0.28721639514,
        "min": 0.160742297769,
        "stdev": 0.0529644861817
    },
    "erbbands_kurtosis": {
        "max": 144.39213562,
        "mean": 4.53224182129,
        "min": -1.81974279881,
        "stdev": 9.81866645813
    },
    "erbbands_skewness": {
        "max": 8.97165107727,
        "mean": 1.20130205154,
        "min": -3.24345111847,
        "stdev": 1.3252645731
    },
    "erbbands_spread": {
        "max": 43.9873733521,
        "mean": 14.4402770996,
        "min": 0.581934988499,
        "stdev": 8.43378734589
    },
    "hfc": {
        "max": 83.3618621826,
        "mean": 12.2629365921,
        "min": 0.174342736602,
        "stdev": 12.1721048355
    },
    "loudness_ebu128": {
        "integrated": -26.5662231445,
        "loudness_range": 4.37417030334,
        "momentary": {
            "max": -20.5839195251,
            "mean": -27.6942214966,
            "min": -42.3040618896,
            "stdev": 3.41138005257
        },
        "short_term": {
            "max": -23.4988765717,
            "mean": -26.9763069153,
            "min": -31.9368267059,
            "stdev": 1.63013589382
        }
    },
    "melbands_crest": {
        "max": 33.3806648254,
        "mean": 16.5786972046,
        "min": 5.47676563263,
        "stdev": 6.02708816528
    },
    "melbands_flatness_db": {
        "max": 0.512365937233,
        "mean": 0.309281170368,
        "min": 0.171365335584,
        "stdev": 0.0534609220922
    },
    "melbands_kurtosis": {
        "max": 188.529876709,
        "mean": 13.5412521362,
        "min": -1.76563978195,
        "stdev": 20.8466014862
    },
    "melbands_skewness": {
        "max": 9.90957927704,
        "mean": 2.05249333382,
        "min": -2.85614228249,
        "stdev": 1.84074854851
    },
    "melbands_spread": {
        "max": 43.7101211548,
        "mean": 8.94221782684,
        "min": 0.371281653643,
        "stdev": 5.9889998436
    },
    "pitch_salience": {
        "max": 0.844181001186,
        "mean": 0.488283514977,
        "min": 0.0667384788394,
        "stdev": 0.152833908796
    },
    "silence_rate_20dB": {
        "max": 1,
        "mean": 1,
        "min": 1,
        "stdev": 0
    },
    "silence_rate_30dB": {
        "max": 1,
        "mean": 0.997620165348,
        "min": 0,
        "stdev": 0.0487256608903
    },
    "silence_rate_60dB": {
        "max": 1,
        "mean": 0.148976683617,
        "min": 0,
        "stdev": 0.356067806482
    },
    "spectral_centroid": {
        "max": 1885.32104492,
        "mean": 702.634399414,
        "min": 299.562103271,
        "stdev": 241.094345093
    },
    "spectral_complexity": {
        "max": 22,
        "mean": 9.6534986496,
        "min": 0,
        "stdev": 3.28176355362
    },
    "spectral_decrease": {
        "max": -6.56095733298e-11,
        "mean": -4.846369972e-09,
        "min": -2.94678255131e-08,
        "stdev": 4.67039251717e-09
    },
    "spectral_energy": {
        "max": 0.116382099688,
        "mean": 0.0194036122411,
        "min": 0.000265008304268,
        "stdev": 0.0186339430511
    },
    "spectral_energyband_high": {
        "max": 7.47988597141e-05,
        "mean": 7.16838758308e-06,
        "min": 2.32620982388e-06,
        "stdev": 5.90303488934e-06
    },
    "spectral_energyband_low": {
        "max": 0.001202820451,
        "mean": 0.000104342485429,
        "min": 2.23424876822e-06,
        "stdev": 0.000146764839883
    },
    "spectral_energyband_middle_high": {
        "max": 0.0797735676169,
        "mean": 0.0046543921344,
        "min": 3.72342110495e-05,
        "stdev": 0.00846738740802
    },
    "spectral_energyband_middle_low": {
        "max": 0.116032727063,
        "mean": 0.0150522720069,
        "min": 0.000160764655448,
        "stdev": 0.0174274109304
    },
    "spectral_entropy": {
        "max": 7.82131958008,
        "mean": 6.44115209579,
        "min": 4.53726530075,
        "stdev": 0.424434453249
    },
    "spectral_flux": {
        "max": 0.346985250711,
        "mean": 0.0610403195024,
        "min": 0.00576350744814,
        "stdev": 0.04229914397
    },
    "spectral_kurtosis": {
        "max": 54.2404060364,
        "mean": 20.200176239,
        "min": 5.43940258026,
        "stdev": 7.99075317383
    },
    "spectral_rms": {
        "max": 0.01065567974,
        "mean": 0.00388921052217,
        "min": 0.000508472905494,
        "stdev": 0.00195048446767
    },
    "spectral_rolloff": {
        "max": 2627.05078125,
        "mean": 825.90838623,
        "min": 236.865234375,
        "stdev": 398.136138916
    },
    "spectral_skewness": {
        "max": 5.99523496628,
        "mean": 3.38882946968,
        "min": 1.57426166534,
        "stdev": 0.719545304775
    },
    "spectral_spread": {
        "max": 19829212,
        "mean": 2461304,
        "min": 1378957.625,
        "stdev": 729469.25
    },
    "spectral_strongpeak": {
        "max": 8.92963886261,
        "mean": 1.84266078472,
        "min": 0.0379416272044,
        "stdev": 1.61896038055
    },
    "zerocrossingrate": {
        "max": 0.07275390625,
        "mean": 0.0324131846428,
        "min": 0.01171875,
        "stdev": 0.00985436141491
    },
    "barkbands": {
        "max": [2.39049441007e-05, 0.000235651183175, 0.000861237873323, 0.0019230323378, 0.0243000779301, 0.0598917752504, 0.107681572437, 0.0929606482387, 0.0928674787283, 0.0959436669946, 0.0525062270463, 0.0356233268976, 0.00885812658817, 0.00522665726021, 0.0093935765326, 0.00658225221559, 0.00322993984446, 0.000974321214017, 0.000541582587175, 8.78111386555e-05, 3.61192505807e-05, 4.74866737932e-06, 3.17108515446e-06, 2.67490077022e-06, 2.97222163681e-06, 2.54074393524e-06, 2.32107072407e-06],
        "mean": [3.64769971384e-06, 2.08770343306e-05, 2.91907417704e-05, 0.000131087464979, 0.00126563373487, 0.00331274652854, 0.00590568687767, 0.00177024619188, 0.00194388628006, 0.00169382756576, 0.00163062557112, 0.000716341310181, 0.0001744596957, 0.000159576797159, 0.000248930184171, 0.000131900436827, 0.000177358408109, 5.62438144698e-05, 2.11625883821e-05, 5.22545269632e-06, 1.36948585805e-06, 5.29248040948e-07, 4.42857157168e-07, 7.46583509681e-07, 1.45255103234e-06, 3.98363539489e-07, 2.05884820303e-08],
        "min": [5.68426727909e-08, 2.77823716033e-07, 8.1412217412e-08, 1.79617671847e-07, 7.14512407285e-06, 2.20919196181e-06, 4.71820658277e-06, 3.92793651827e-07, 1.64917491929e-06, 1.60636045621e-06, 1.30493162942e-06, 1.03187369405e-06, 4.20551941716e-07, 6.02100215019e-07, 4.28086337934e-07, 3.52385626456e-07, 3.39246270187e-07, 1.27337514755e-07, 1.50208848027e-07, 1.02549144287e-07, 1.15003466306e-07, 1.58422935215e-07, 1.85478739922e-07, 3.59435176733e-07, 6.89791306741e-07, 1.78416442509e-07, 3.18092802098e-10],
        "stdev": [2.63379138232e-06, 2.27485670621e-05, 6.0555197706e-05, 0.000221812893869, 0.00200804020278, 0.00621060654521, 0.0141920018941, 0.00527247181162, 0.00637649558485, 0.00560805108398, 0.00487987231463, 0.00274292984977, 0.000538951426279, 0.000367300992366, 0.000686739105731, 0.000353767536581, 0.000377344229491, 9.58367090789e-05, 4.00526332669e-05, 8.52017274156e-06, 2.09544259633e-06, 2.71907879323e-07, 1.27893812873e-07, 1.73706737883e-07, 2.93378462857e-07, 1.15183318883e-07, 5.77012748693e-08]
    },
    "erbbands": {
        "max": [0.00355041120201, 0.064488992095, 0.618229627609, 3.43947815895, 22.9971504211, 136.905899048, 319.241790771, 763.461364746, 1226.92102051, 2310.26977539, 1468.01135254, 2460.31933594, 3300.93237305, 1887.25402832, 1797.77758789, 1405.51831055, 443.380401611, 217.265777588, 559.379150391, 382.672424316, 91.4196777344, 212.40977478, 68.43334198, 39.778881073, 14.7720127106, 5.25606584549, 1.69825029373, 0.773173868656, 0.207217678428, 0.104889675975, 0.0815740078688, 0.0603267624974, 0.046079441905, 0.0324258990586, 0.0224652849138, 0.0110624702647, 0.0045964634046, 0.00148338417057, 0.000333632633556, 0.000131079330458],
        "mean": [0.000451150030131, 0.00554545689374, 0.0281231347471, 0.258941024542, 1.3595802784, 5.1913523674, 14.5601472855, 30.0044975281, 58.2671089172, 94.8654022217, 34.6051673889, 42.3359260559, 59.0410652161, 59.5057754517, 49.947429657, 23.4931564331, 8.83673858643, 8.03366565704, 10.2159805298, 12.6801223755, 7.52484273911, 8.82086277008, 3.80454540253, 1.93490958214, 0.545469582081, 0.233080297709, 0.100505441427, 0.0348958596587, 0.0191202964634, 0.0152479298413, 0.0130794243887, 0.0133105637506, 0.0143429543823, 0.0149377593771, 0.010652451776, 0.00314599648118, 0.000426938466262, 4.86264907522e-05, 1.12711613838e-05, 2.23389615712e-05],
        "min": [2.04982006835e-05, 6.99035081198e-05, 0.00024450084311, 0.00228598504327, 0.00799378473312, 0.0266227684915, 0.027079327032, 0.0556717179716, 0.0898999869823, 0.0891793072224, 0.0517490953207, 0.12776966393, 0.0901768803596, 0.0857777744532, 0.0681328773499, 0.0440525859594, 0.0501330606639, 0.0573265589774, 0.0590895861387, 0.0435573384166, 0.0222074408084, 0.0171000342816, 0.00874591991305, 0.0071468972601, 0.00690285628662, 0.00567612145096, 0.00480494275689, 0.00413928227499, 0.00530489813536, 0.00439987657592, 0.00492292549461, 0.00570403458551, 0.00715404329821, 0.00721294200048, 0.00510262977332, 0.00138688005973, 0.000193938845769, 1.02536369013e-05, 7.81464507327e-07, 3.60265460131e-07],
        "stdev": [0.000410760956584, 0.00610220292583, 0.0438691563904, 0.403356909752, 1.92785346508, 10.2193059921, 27.4133472443, 62.6821098328, 126.600387573, 263.385925293, 85.2724075317, 142.641204834, 190.607254028, 168.640380859, 138.793548584, 89.7974700928, 24.2546901703, 16.547328949, 28.1344108582, 31.8245124817, 12.1352272034, 19.6370105743, 6.42445516586, 3.4186296463, 0.989080488682, 0.380352705717, 0.151551917195, 0.0428850650787, 0.0112937232479, 0.00505696795881, 0.0037548772525, 0.00350718852133, 0.00342103419825, 0.0033661860507, 0.00233885389753, 0.00069935596548, 0.00017676022253, 4.64048571303e-05, 1.22841020129e-05, 2.12696286326e-05]
    },
    "gfcc": {
        "mean": [-108.582733154, 133.352935791, -140.251464844, -32.3488845825, -64.5107955933, -14.535153389, -62.6917686462, 10.9878072739, -25.6135540009, -5.23874092102, -11.1600513458, -1.4212372303, 0.313832014799],
        "cov": [[1238.28234863, 244.82862854, -539.05078125, -199.524551392, 246.3722229, -195.777908325, 175.47883606, 31.6808509827, -5.80118656158, -124.843482971, 100.91947937, -43.193977356, 71.8398208618], [244.82862854, 161.715957642, 12.8653068542, -76.7668533325, 13.3073472977, -9.43755626678, 6.07550477982, -46.532699585, -28.4655838013, -48.1934089661, 10.6962985992, -20.6819229126, 9.68667411804], [-539.05078125, 12.8653068542, 500.00894165, 108.053535461, -173.831817627, 36.4998474121, -131.636123657, -71.7979431152, 16.7612094879, 52.570980072, -37.2470321655, -6.40180253983, -67.4763717651], [-199.524551392, -76.7668533325, 108.053535461, 291.05166626, 58.1661300659, -67.0254745483, -85.5561676025, 24.0258731842, 4.3298997879, 28.6646842957, -37.2012710571, -2.17630434036, -45.4201202393], [246.3722229, 13.3073472977, -173.831817627, 58.1661300659, 179.980941772, 4.80698633194, 26.7065792084, 5.35575580597, -25.0429191589, -39.5806503296, 0.525627613068, -7.87287569046, 8.67186164856], [-195.777908325, -9.43755626678, 36.4998474121, -67.0254745483, 4.80698633194, 277.229949951, 82.9905395508, -78.4754714966, -135.940704346, -46.3009910583, -49.9658203125, 6.20760536194, 21.4407615662], [175.47883606, 6.07550477982, -131.636123657, -85.5561676025, 26.7065792084, 82.9905395508, 173.068572998, 34.0968818665, -63.7244415283, -50.3465690613, 11.6452493668, -9.13865756989, 22.7371559143], [31.6808509827, -46.532699585, -71.7979431152, 24.0258731842, 5.35575580597, -78.4754714966, 34.0968818665, 139.660186768, 104.863677979, 27.9600944519, 6.88889551163, -6.41954278946, -24.6063308716], [-5.80118656158, -28.4655838013, 16.7612094879, 4.3298997879, -25.0429191589, -135.940704346, -63.7244415283, 104.863677979, 217.699523926, 108.683387756, 25.0960006714, -16.4277095795, -39.4802589417], [-124.843482971, -48.1934089661, 52.570980072, 28.6646842957, -39.5806503296, -46.3009910583, -50.3465690613, 27.9600944519, 108.683387756, 128.573654175, 49.0130882263, -3.11069226265, -38.5767860413], [100.91947937, 10.6962985992, -37.2470321655, -37.2012710571, 0.525627613068, -49.9658203125, 11.6452493668, 6.88889551163, 25.0960006714, 49.0130882263, 109.24899292, 34.9214401245, -10.6866054535], [-43.193977356, -20.6819229126, -6.40180253983, -2.17630434036, -7.87287569046, 6.20760536194, -9.13865756989, -6.41954278946, -16.4277095795, -3.11069226265, 34.9214401245, 81.9259490967, 47.7218894958], [71.8398208618, 9.68667411804, -67.4763717651, -45.4201202393, 8.67186164856, 21.4407615662, 22.7371559143, -24.6063308716, -39.4802589417, -38.5767860413, -10.6866054535, 47.7218894958, 112.994140625]],
        "icov": [[0.0159427374601, -0.0179978106171, 0.0102863684297, 0.0010835918365, -0.0092892665416, 0.015616751276, -0.0178269818425, 0.0144521584734, -0.00820146501064, 0.00455220602453, -0.00101867306512, 0.000141708223964, 0.00100141216535], [-0.0179978106171, 0.0337379723787, -0.01648597233, 0.0048562400043, 0.00427151517943, -0.0141928354278, 0.0208606570959, -0.0151558574289, 0.0102622816339, 2.89604213322e-05, -0.00308854039758, 0.00603722268716, -0.00372151774354], [0.0102863684297, -0.01648597233, 0.0194011684507, -0.0132027463987, 0.0117160137743, -8.95212360774e-05, -0.00936808437109, 0.0189461298287, -0.0197522342205, 0.0156890414655, -0.00931677315384, 0.00313019729219, 0.00253249728121], [0.0010835918365, 0.0048562400043, -0.0132027463987, 0.0261059012264, -0.0257311314344, 0.0181537289172, -0.000804150593467, -0.0139383338392, 0.026287894696, -0.0257087610662, 0.0217486917973, -0.0110458862036, 0.00429080286995], [-0.0092892665416, 0.00427151517943, 0.0117160137743, -0.0257311314344, 0.039534881711, -0.0274149365723, 0.0133182993159, 0.00598806748167, -0.0215905494988, 0.0257242079824, -0.0217642020434, 0.0118136079982, -0.00282413419336], [0.015616751276, -0.0141928354278, -8.95212360774e-05, 0.0181537289172, -0.0274149365723, 0.0371336229146, -0.0270207673311, 0.0113220503554, 0.0122696515173, -0.0199227705598, 0.0243156757206, -0.0157217346132, 0.00791714619845], [-0.0178269818425, 0.0208606570959, -0.00936808437109, -0.000804150593467, 0.0133182993159, -0.0270207673311, 0.0420293360949, -0.0316870212555, 0.015060572885, 0.00255548721179, -0.0143567016348, 0.0153076043352, -0.00931255426258], [0.0144521584734, -0.0151558574289, 0.0189461298287, -0.0139383338392, 0.00598806748167, 0.0113220503554, -0.0316870212555, 0.0505347326398, -0.0382206775248, 0.0223933886737, -0.00347170466557, -0.00544723216444, 0.00885820109397], [-0.00820146501064, 0.0102622816339, -0.0197522342205, 0.026287894696, -0.0215905494988, 0.0122696515173, 0.015060572885, -0.0382206775248, 0.0537824854255, -0.0454450026155, 0.02654533647, -0.00972156785429, 0.000974072143435], [0.00455220602453, 2.89604213322e-05, 0.0156890414655, -0.0257087610662, 0.0257242079824, -0.0199227705598, 0.00255548721179, 0.0223933886737, -0.0454450026155, 0.062383826822, -0.0450315102935, 0.0257340166718, -0.00740119116381], [-0.00101867306512, -0.00308854039758, -0.00931677315384, 0.0217486917973, -0.0217642020434, 0.0243156757206, -0.0143567016348, -0.00347170466557, 0.02654533647, -0.0450315102935, 0.055763065815, -0.0382777638733, 0.0186214111745], [0.000141708223964, 0.00603722268716, 0.00313019729219, -0.0110458862036, 0.0118136079982, -0.0157217346132, 0.0153076043352, -0.00544723216444, -0.00972156785429, 0.0257340166718, -0.0382777638733, 0.0461598858237, -0.0230947416276], [0.00100141216535, -0.00372151774354, 0.00253249728121, 0.00429080286995, -0.00282413419336, 0.00791714619845, -0.00931255426258, 0.00885820109397, 0.000974072143435, -0.00740119116381, 0.0186214111745, -0.0230947416276, 0.0236153565347]]
    },
    "melbands": {
        "max": [5.04573399667e-05, 0.000228328746744, 0.000847755931318, 0.00618803640828, 0.00829766131938, 0.0147321140394, 0.0177481230348, 0.0203169099987, 0.0108489161357, 0.017219722271, 0.0169983133674, 0.00882380269468, 0.00678548123688, 0.00531343463808, 0.00171402934939, 0.00100706308149, 0.000457395275589, 0.000804096052889, 0.000752651190851, 0.000589364964981, 0.000130250584334, 0.000300002284348, 0.00012250659347, 4.63154246972e-05, 3.82954895031e-05, 1.69647028088e-05, 3.89763499697e-06, 3.95996994484e-06, 1.48757828811e-06, 1.12243355943e-06, 2.86903969027e-07, 1.58998190614e-07, 6.84257983607e-08, 5.8877681397e-08, 4.53001938183e-08, 4.71633505583e-08, 3.33055716339e-08, 3.19381960878e-08, 2.9937517354e-08, 2.97628925949e-08],
        "mean": [5.33694401383e-06, 1.40659358294e-05, 7.01179524185e-05, 0.000222745511564, 0.000453140208265, 0.000701482349541, 0.000989700900391, 0.000906617380679, 0.000258367275819, 0.000277881714283, 0.000293249438982, 0.000235492465436, 0.000188217847608, 0.000101677695056, 2.9817549148e-05, 1.5300078303e-05, 1.51120111695e-05, 1.48622621055e-05, 2.09917325265e-05, 1.27415241877e-05, 8.41849850985e-06, 1.11527833724e-05, 4.09671019952e-06, 2.50578273153e-06, 1.52979521317e-06, 4.59678062725e-07, 2.42401938522e-07, 1.32653468654e-07, 7.45219210785e-08, 3.19180486485e-08, 1.57767985343e-08, 1.00714663276e-08, 1.09342037646e-08, 7.45079198339e-09, 7.31895966055e-09, 7.53579598722e-09, 8.36602520593e-09, 9.36589028555e-09, 1.14881943958e-08, 1.32218795912e-08],
        "min": [2.47607033543e-07, 1.49404172589e-07, 3.8878923192e-07, 1.10915084406e-06, 1.27154009988e-06, 6.51597702017e-07, 9.3504280585e-07, 3.41098768786e-07, 3.57331913392e-07, 3.8248217038e-07, 2.20420005803e-07, 1.3551264999e-07, 2.45850458214e-07, 1.12167711563e-07, 4.8590774071e-08, 7.01624642829e-08, 5.0484231906e-08, 7.94424295236e-08, 3.95098744832e-08, 1.81308976721e-08, 2.94046387239e-08, 2.0446835336e-08, 1.02712105488e-08, 5.86577231232e-09, 5.81282533219e-09, 4.9098627386e-09, 4.65692684415e-09, 3.27942495382e-09, 2.42269804218e-09, 2.03398120568e-09, 2.12276285438e-09, 2.26961271999e-09, 2.86573054176e-09, 1.67936520246e-09, 2.23162710533e-09, 2.76048495174e-09, 3.14570547388e-09, 4.02757205364e-09, 5.15631537468e-09, 5.57399459922e-09],
        "stdev": [5.15429837833e-06, 1.93173218577e-05, 9.22770268517e-05, 0.00041213305667, 0.000767865392845, 0.00138823408633, 0.00208270177245, 0.0024432875216, 0.000710421823896, 0.00100600160658, 0.000969407672528, 0.00070039764978, 0.000546914467122, 0.000406221952289, 0.000104116777948, 4.89439662488e-05, 3.39522812283e-05, 4.41173469881e-05, 5.83943983656e-05, 3.53353170794e-05, 1.54937479238e-05, 2.68594249064e-05, 8.93395736057e-06, 4.47660795544e-06, 3.04007539853e-06, 9.84940584203e-07, 4.36128829051e-07, 2.51005076279e-07, 1.2833352514e-07, 5.10830950873e-08, 1.92322655579e-08, 7.23646653711e-09, 4.60664173474e-09, 2.70911737488e-09, 2.34762365103e-09, 2.33667707406e-09, 2.44829956308e-09, 2.53350251889e-09, 3.14092574172e-09, 3.3418090517e-09]
    },
    "melbands128": {
        "max": [1.39785424835e-05, 1.97074950847e-05, 9.0073546744e-05, 0.000123438949231, 0.000199280228117, 0.000526650925167, 0.000797238142695, 0.00128946232144, 0.00164994108491, 0.00799861550331, 0.0100820763037, 0.00498393177986, 0.0135947624221, 0.018301576376, 0.0220691002905, 0.0239177215844, 0.0310347471386, 0.0245032366365, 0.0408464223146, 0.040450733155, 0.0298257395625, 0.0258105024695, 0.0161705110222, 0.0155660128221, 0.0221559908241, 0.0336577668786, 0.0285623129457, 0.0295186825097, 0.0195385180414, 0.0204613693058, 0.0110448691994, 0.0172923617065, 0.0132606755942, 0.0137903904542, 0.00800632312894, 0.0112815173343, 0.00243316660635, 0.00388868129812, 0.00191447651014, 0.00181897357106, 0.00163917092141, 0.0010460827034, 0.000920045829844, 0.000864725327119, 0.00114947964903, 0.00154213886708, 0.00201332825236, 0.00160373351537, 0.0011678977171, 0.00121975876391, 0.000701429904439, 0.000400655524572, 0.000193877043785, 0.000333930249326, 0.000599377206527, 0.000692727800924, 0.00028861942701, 0.000333687057719, 0.000123166581034, 0.000154007982928, 9.06455825316e-05, 5.58528881811e-05, 8.47077171784e-05, 4.02623227274e-05, 1.78828813659e-05, 2.91812448268e-05, 1.77254205482e-05, 1.02470412457e-05, 5.96949348619e-06, 5.43446640222e-06, 9.69436223386e-06, 4.35131642007e-06, 4.2061979002e-06, 2.69663132713e-06, 1.92363199858e-06, 1.49709569541e-06, 8.99876681615e-07, 8.92437356015e-07, 3.77001981633e-07, 2.2125443877e-07, 2.08954958225e-07, 1.53849981643e-07, 7.06821623453e-08, 1.35718408956e-07, 5.09902591261e-08, 6.0753258424e-08, 6.30156264947e-08, 5.58101369563e-08, 4.04670323917e-08, 3.5444113422e-08, 6.13493611468e-08, 4.67215954814e-08, 3.13792050122e-08, 3.346245947e-08, 3.73554307487e-08, 2.53091556601e-08, 3.66340344726e-08, 3.28814699913e-08, 2.9866555451e-08, 3.76388236134e-08, 3.46446498156e-08, 4.07439344485e-08, 4.69233150113e-08, 5.54817063403e-08, 3.66354413472e-08, 3.20452500091e-08, 2.70693156779e-08, 2.19301306004e-08, 2.07748165337e-08, 2.0294239178e-08, 1.6965246985e-08, 1.41743043969e-08, 1.53166990202e-08, 1.57942050549e-08, 1.27676598183e-08, 1.2994636478e-08, 1.12998499446e-08, 1.03991331102e-08, 1.0400212247e-08, 1.01869614966e-08, 9.99717109096e-09, 9.80932757244e-09, 9.677462387e-09, 9.56881329728e-09, 9.36236244087e-09, 9.25189702627e-09, 9.15252318379e-09, 9.14664077811e-09],
        "mean": [2.54525593846e-06, 2.72011425295e-06, 6.98700614521e-06, 9.43699251366e-06, 8.99638780538e-06, 1.70615930983e-05, 4.35278561781e-05, 7.35295543564e-05, 0.000123021716718, 0.000209169636946, 0.000306033383822, 0.000318418751704, 0.000498707813676, 0.000617727928329, 0.000614289019722, 0.000744126795325, 0.000975755916443, 0.000699512136634, 0.00151012768038, 0.00126109574921, 0.000508897879627, 0.000205546151847, 0.000251499586739, 0.000276424369076, 0.000215503692743, 0.000338091078447, 0.000270900869509, 0.000341762613971, 0.000257688661804, 0.000161231597303, 0.000255181599641, 0.000333197385771, 0.000118268260849, 0.000175115535967, 0.000125869337353, 9.12592804525e-05, 3.00101910398e-05, 3.8256712287e-05, 1.81776413228e-05, 1.41796081152e-05, 1.83490883501e-05, 1.03589327409e-05, 1.2827315004e-05, 2.03383242479e-05, 1.4476016986e-05, 1.26515851662e-05, 1.5385563529e-05, 2.63054607785e-05, 2.07278317248e-05, 1.45381036418e-05, 1.38224941111e-05, 8.97965946933e-06, 3.75197942049e-06, 9.29381712922e-06, 1.64166940522e-05, 1.24759662867e-05, 5.87247313888e-06, 4.07636980526e-06, 3.47007858181e-06, 4.23301571573e-06, 2.10368853004e-06, 1.42000476444e-06, 2.4251423838e-06, 1.27180362597e-06, 7.08195102561e-07, 4.27921378332e-07, 3.22812184095e-07, 2.89225141614e-07, 2.36854617697e-07, 1.49956463247e-07, 1.26671110934e-07, 1.37439727155e-07, 1.02484300157e-07, 5.87276645092e-08, 4.3940030281e-08, 3.9808913499e-08, 2.21603499995e-08, 1.81584560721e-08, 1.58036677078e-08, 1.25301635734e-08, 1.02754409426e-08, 9.12153907962e-09, 8.9026839234e-09, 1.51384718095e-08, 7.69775532206e-09, 7.13743064651e-09, 8.00513344501e-09, 6.75847022791e-09, 7.06964042863e-09, 8.12276912399e-09, 6.85447476556e-09, 7.75140662768e-09, 7.99771093796e-09, 7.14599890372e-09, 1.05399742267e-08, 7.94271315385e-09, 9.84493908618e-09, 9.83811876409e-09, 1.12017861653e-08, 1.2923047521e-08, 1.1380789644e-08, 1.28965078616e-08, 1.4841281093e-08, 1.70475651373e-08, 1.15283684821e-08, 1.03476480717e-08, 9.29824217621e-09, 7.78498421283e-09, 4.71919658906e-09, 3.19527981851e-09, 2.31097008196e-09, 1.54343249292e-09, 1.01962649435e-09, 6.08229300259e-10, 1.55838689175e-10, 3.36757510766e-10, 6.2880778362e-10, 1.3206939882e-11, 1.26451635621e-11, 1.24016118555e-11, 1.21732112238e-11, 1.19868550849e-11, 1.17717181489e-11, 1.15779105053e-11, 1.14390007883e-11, 1.13417591291e-11, 1.1250922069e-11, 1.11925009191e-11],
        "min": [8.11916578414e-09, 2.81491630005e-08, 6.66901414093e-08, 2.42986892829e-08, 6.57992060837e-08, 3.18349222539e-08, 5.67189424316e-08, 7.85795180036e-08, 1.37588315852e-07, 3.2893362345e-07, 5.7450236568e-08, 1.24529663026e-07, 4.10940742768e-07, 1.55535957447e-07, 1.59824480761e-07, 1.23247374972e-07, 1.75154170279e-07, 1.35284309977e-07, 1.44501299815e-07, 9.13678377401e-08, 9.0320405377e-08, 6.47739000215e-08, 7.12819669957e-08, 1.29438802787e-07, 4.73664982792e-08, 6.62780834659e-08, 7.16208532481e-08, 9.16501932124e-08, 6.76590019566e-08, 3.1388736943e-08, 4.29203126373e-08, 5.80043391096e-08, 3.59451988174e-08, 5.47267262618e-08, 2.30731593831e-08, 2.00336955913e-08, 1.56449910804e-08, 2.60781156669e-08, 2.58630485916e-08, 2.51425049669e-08, 1.11986793172e-08, 2.65872177607e-08, 3.87641136967e-08, 2.1555651486e-08, 1.79394881172e-08, 1.25805064144e-08, 1.88735018725e-08, 1.82940897986e-08, 2.70159556948e-08, 2.07073735936e-08, 2.0989734395e-08, 8.81625172866e-09, 1.08506501562e-08, 2.20913030091e-08, 2.02050323139e-08, 1.19952803246e-08, 7.25515514333e-09, 1.40256757319e-08, 9.47821199304e-09, 6.1074545421e-09, 2.56160292977e-09, 4.93640728294e-09, 3.20451642999e-09, 4.94241980675e-09, 3.53027296285e-09, 2.84684142926e-09, 2.6774995554e-09, 3.14313597372e-09, 3.4978926422e-09, 2.38095676508e-09, 2.01602068373e-09, 1.30367450168e-09, 1.57246704546e-09, 1.6695691496e-09, 1.47301937314e-09, 1.22210430664e-09, 1.08812059363e-09, 1.30065980208e-09, 1.06064113048e-09, 1.04642949861e-09, 1.53734291963e-09, 9.4231478176e-10, 1.43617728821e-09, 2.28427055049e-09, 1.40109768232e-09, 1.27014077034e-09, 1.16640164194e-09, 1.40778222413e-09, 1.19478293925e-09, 1.05148101337e-09, 1.15858533878e-09, 1.11729681063e-09, 1.64405200564e-09, 1.45138634444e-09, 1.85008675047e-09, 2.08781503197e-09, 2.49908804761e-09, 2.56906673712e-09, 3.27024696212e-09, 3.3269331734e-09, 3.1470854811e-09, 3.02014813158e-09, 3.29684768374e-09, 4.63436933273e-09, 2.82023560061e-09, 3.51437723367e-09, 2.33913000081e-09, 1.9507222504e-09, 1.33397515256e-09, 8.86904993891e-10, 6.78657408049e-10, 4.39166730759e-10, 2.72080080688e-10, 8.39719266343e-11, 1.47120705375e-12, 1.18812490228e-12, 1.43127740562e-12, 6.06551159126e-13, 5.65318896296e-13, 5.44595943862e-13, 5.80880666918e-13, 6.43252974757e-13, 5.66831304116e-13, 6.58006201609e-13, 6.62800652036e-13, 6.00824999562e-13, 6.70048272509e-13, 6.08336243792e-13],
        "stdev": [1.66668507973e-06, 2.65526296062e-06, 7.94144034444e-06, 1.15847869893e-05, 1.33238590934e-05, 3.72422473447e-05, 8.42623630888e-05, 0.000128532381495, 0.000181115072337, 0.000452008156572, 0.000760435999837, 0.000580433988944, 0.00111163733527, 0.00152996520046, 0.00172551895957, 0.00211636861786, 0.00304036214948, 0.00200456776656, 0.00487761152908, 0.00421977462247, 0.00187366665341, 0.000999738462269, 0.000903064850718, 0.00103219295852, 0.000940071593504, 0.00184810510837, 0.0015491131926, 0.00136201013811, 0.00120467925444, 0.000945714127738, 0.000953705864958, 0.00132103485521, 0.000585059518926, 0.000783959403634, 0.000537683954462, 0.000650044414215, 0.000117932890134, 0.000191776722204, 8.71381198522e-05, 6.64540129947e-05, 7.54200809752e-05, 5.09701130795e-05, 3.98167248932e-05, 5.78494691581e-05, 5.65060581721e-05, 6.14173259237e-05, 8.06878306321e-05, 9.72063280642e-05, 7.95377636678e-05, 6.466233026e-05, 5.09555866302e-05, 2.58377167484e-05, 1.07864252641e-05, 2.6580202757e-05, 4.73176951346e-05, 4.62470925413e-05, 1.7333739379e-05, 1.96310738829e-05, 8.82594940776e-06, 1.00569050119e-05, 6.20794162387e-06, 4.02985097026e-06, 6.16908710072e-06, 3.09261577058e-06, 1.68171493442e-06, 1.46011689139e-06, 1.16016883567e-06, 7.55046187351e-07, 5.30118654751e-07, 3.36354361252e-07, 4.34281133721e-07, 3.48732584143e-07, 2.37848837514e-07, 1.57621826702e-07, 8.77841159763e-08, 8.33616695672e-08, 3.81286575646e-08, 3.40358532469e-08, 2.38651391982e-08, 1.31779671619e-08, 9.22539999948e-09, 7.07257097332e-09, 5.65417357379e-09, 7.88904408466e-09, 4.10034139975e-09, 3.56168672333e-09, 3.86590315316e-09, 3.26342552981e-09, 3.0967053366e-09, 3.49627171659e-09, 3.12747694409e-09, 3.27437210679e-09, 3.33526450902e-09, 3.07955017043e-09, 4.40519043465e-09, 3.11261372232e-09, 3.8501051236e-09, 3.71043351599e-09, 4.16418988181e-09, 4.86850737502e-09, 4.09393319245e-09, 4.82841189253e-09, 4.98545693617e-09, 5.85483705962e-09, 4.07330968955e-09, 3.61222340928e-09, 3.07731995441e-09, 2.58350207893e-09, 1.70615654937e-09, 1.21196264136e-09, 9.52089518336e-10, 7.32485794241e-10, 6.18120887808e-10, 5.50514966946e-10, 4.58493742972e-10, 4.52996973266e-10, 4.99472296855e-10, 2.57406429505e-10, 2.56135807009e-10, 2.50485687747e-10, 2.45469949922e-10, 2.40825942521e-10, 2.3733170984e-10, 2.34369995633e-10, 2.29751245806e-10, 2.26796692537e-10, 2.24509091873e-10, 2.24224486201e-10]
    },
    "mfcc": {
        "mean": [-756.871337891, 185.812088013, -28.2705612183, -15.1299171448, 2.48998999596, -32.7962684631, -18.7062320709, -10.4764966965, -7.20349788666, -11.1402645111, -9.1006975174, -7.1552529335, -1.59129607677],
        "cov": [[1368.13806152, 270.033843994, -721.317871094, 42.264213562, -21.532875061, -144.977874756, 132.586242676, 79.9475402832, 16.2907390594, -30.5453395844, -65.6591720581, 14.6677722931, 10.9680738449], [270.033843994, 229.671844482, -18.9493141174, -121.691818237, -37.6505279541, -0.747508704662, 15.633357048, -0.169723808765, -35.0534133911, -20.3648586273, -23.451051712, -36.1706809998, -20.0907993317], [-721.317871094, -18.9493141174, 585.375610352, -23.4067840576, -22.4856300354, 74.7095184326, -98.0193939209, -78.6075744629, -50.5877342224, -8.41823387146, 33.6889152527, -3.192882061, -12.9022188187], [42.264213562, -121.691818237, -23.4067840576, 316.268768311, 109.845825195, -97.6353225708, -68.9325408936, -25.2359638214, 15.0020771027, -10.4990491867, 18.7751846313, 89.5691680908, 46.6698188782], [-21.532875061, -37.6505279541, -22.4856300354, 109.845825195, 143.947540283, 20.0969467163, -48.9240531921, -18.1143398285, 1.06112647057, -11.5368146896, 0.363901823759, 10.7517957687, 3.15138912201], [-144.977874756, -0.747508704662, 74.7095184326, -97.6353225708, 20.0969467163, 196.309753418, 110.401809692, -1.18590497971, -29.6297187805, -22.5560932159, -48.9953727722, -90.6839981079, -55.5618247986], [132.586242676, 15.633357048, -98.0193939209, -68.9325408936, -48.9240531921, 110.401809692, 224.924240112, 79.0923080444, -29.955406189, -28.7616519928, -62.0902519226, -77.2766265869, -41.1191978455], [79.9475402832, -0.169723808765, -78.6075744629, -25.2359638214, -18.1143398285, -1.18590497971, 79.0923080444, 106.517936707, 37.1755561829, -16.5929012299, -25.0987300873, -25.914642334, -22.2565460205], [16.2907390594, -35.0534133911, -50.5877342224, 15.0020771027, 1.06112647057, -29.6297187805, -29.955406189, 37.1755561829, 103.745002747, 43.198474884, -6.02727794647, -1.48731732368, -6.25720977783], [-30.5453395844, -20.3648586273, -8.41823387146, -10.4990491867, -11.5368146896, -22.5560932159, -28.7616519928, -16.5929012299, 43.198474884, 96.2160873413, 56.1346702576, 12.4946975708, 5.1048412323], [-65.6591720581, -23.451051712, 33.6889152527, 18.7751846313, 0.363901823759, -48.9953727722, -62.0902519226, -25.0987300873, -6.02727794647, 56.1346702576, 130.095977783, 91.3369979858, 21.1945362091], [14.6677722931, -36.1706809998, -3.192882061, 89.5691680908, 10.7517957687, -90.6839981079, -77.2766265869, -25.914642334, -1.48731732368, 12.4946975708, 91.3369979858, 169.603179932, 97.4404907227], [10.9680738449, -20.0907993317, -12.9022188187, 46.6698188782, 3.15138912201, -55.5618247986, -41.1191978455, -22.2565460205, -6.25720977783, 5.1048412323, 21.1945362091, 97.4404907227, 139.499237061]],
        "icov": [[0.0118240136653, -0.0172298438847, 0.0145994704217, -0.0109138619155, 0.0089552262798, -0.0041765240021, 0.00090651557548, 0.000136823946377, -0.000175235356437, 0.000513561069965, 0.000617867219262, -0.00223179766908, 0.00145207368769], [-0.0172298438847, 0.0321225635707, -0.0216307919472, 0.0206976253539, -0.0160250570625, 0.0110596744344, -0.00363656086847, 0.00220967945643, 0.00149108259939, 0.000135134527227, 0.000973805203103, 0.00251713208854, -0.000740641902667], [0.0145994704217, -0.0216307919472, 0.0217611454427, -0.0166245121509, 0.0167676638812, -0.0123878037557, 0.0087605221197, -0.00443188520148, 0.00449964217842, -0.00131581746973, 0.00108881201595, -0.0024796850048, 0.00169030274265], [-0.0109138619155, 0.0206976253539, -0.0166245121509, 0.0239930860698, -0.0227607805282, 0.0199512429535, -0.0144525542855, 0.0120561569929, -0.00752552971244, 0.00512859458104, 0.00027898841654, -0.00126163626555, 0.000712177716196], [0.0089552262798, -0.0160250570625, 0.0167676638812, -0.0227607805282, 0.0330674536526, -0.0264323279262, 0.0235052052885, -0.0168427620083, 0.0124133201316, -0.00650586560369, 0.00228564441204, -0.00057366018882, -3.18339734804e-05], [-0.0041765240021, 0.0110596744344, -0.0123878037557, 0.0199512429535, -0.0264323279262, 0.0367371737957, -0.0309606827796, 0.0258578378707, -0.0177444815636, 0.0133368158713, -0.00556178670377, 0.00456783827394, 0.000699929660186], [0.00090651557548, -0.00363656086847, 0.0087605221197, -0.0144525542855, 0.0235052052885, -0.0309606827796, 0.0392346717417, -0.0337067320943, 0.0280392691493, -0.0191683769226, 0.0123971728608, -0.00418000109494, 0.00137039425317], [0.000136823946377, 0.00220967945643, -0.00443188520148, 0.0120561569929, -0.0168427620083, 0.0258578378707, -0.0337067320943, 0.0448645465076, -0.0333218425512, 0.0263920184225, -0.0157437771559, 0.00754531333223, -0.00157269183546], [-0.000175235356437, 0.00149108259939, 0.00449964217842, -0.00752552971244, 0.0124133201316, -0.0177444815636, 0.0280392691493, -0.0333218425512, 0.0432748012245, -0.0321474820375, 0.0234993733466, -0.011917267926, 0.00663438159972], [0.000513561069965, 0.000135134527227, -0.00131581746973, 0.00512859458104, -0.00650586560369, 0.0133368158713, -0.0191683769226, 0.0263920184225, -0.0321474820375, 0.0422658436, -0.0299812816083, 0.0178756639361, -0.00875851605088], [0.000617867219262, 0.000973805203103, 0.00108881201595, 0.00027898841654, 0.00228564441204, -0.00556178670377, 0.0123971728608, -0.0157437771559, 0.0234993733466, -0.0299812816083, 0.0387053713202, -0.0259662121534, 0.0133825642988], [-0.00223179766908, 0.00251713208854, -0.0024796850048, -0.00126163626555, -0.00057366018882, 0.00456783827394, -0.00418000109494, 0.00754531333223, -0.011917267926, 0.0178756639361, -0.0259662121534, 0.0308920908719, -0.0162869971246], [0.00145207368769, -0.000740641902667, 0.00169030274265, 0.000712177716196, -3.18339734804e-05, 0.000699929660186, 0.00137039425317, -0.00157269183546, 0.00663438159972, -0.00875851605088, 0.0133825642988, -0.0162869971246, 0.0172595977783]]
    },
    "spectral_contrast_coeffs": {
        "max": [-0.353846013546, -0.367473006248, -0.371653199196, -0.574859976768, -0.614045023918, -0.764095187187],
        "mean": [-0.608439743519, -0.668376624584, -0.700267016888, -0.772024273872, -0.762544631958, -0.860781908035],
        "min": [-0.852761685848, -0.913397550583, -0.895227015018, -0.894633352757, -0.908042132854, -0.960152387619],
        "stdev": [0.0834986194968, 0.100771069527, 0.0879873931408, 0.0510189831257, 0.0515955761075, 0.0158364530653]
    },
    "spectral_contrast_valleys": {
        "max": [-6.86134433746, -5.02504014969, -5.58935928345, -6.32554292679, -7.50115346909, -10.6764335632],
        "mean": [-8.29115009308, -6.96467590332, -7.92437267303, -8.3818655014, -9.24239730835, -11.690571785],
        "min": [-10.0931005478, -9.05081176758, -9.67557811737, -9.89060497284, -10.4694318771, -12.0459060669],
        "stdev": [0.462407320738, 0.582449018955, 0.566514313221, 0.447446078062, 0.406258970499, 0.108274266124]
    }
},
"rhythm": {
    "beats_count": 83,
    "beats_loudness": {
        "max": 0.0990294665098,
        "mean": 0.0254237372428,
        "min": 0.000535820377991,
        "stdev": 0.0208830665797
    },
    "bpm": 130.047622681,
    "bpm_histogram_first_peak_bpm": 129,
    "bpm_histogram_first_peak_weight": 0.5,
    "bpm_histogram_second_peak_bpm": 98,
    "bpm_histogram_second_peak_spread": 0.608695626259,
    "bpm_histogram_second_peak_weight": 0.109756097198,
    "danceability": 1.10696125031,
    "onset_rate": 2.091796875,
    "beats_loudness_band_ratio": {
        "max": [0.23031423986, 0.867287635803, 0.977986037731, 0.888397455215, 0.313144415617, 0.00713993329555],
        "mean": [0.0268063638359, 0.271937072277, 0.454247713089, 0.261287122965, 0.0506583116949, 0.00174121791497],
        "min": [0.00031951291021, 0.00269867922179, 0.0313466824591, 0.00199879542924, 0.00158028409351, 0.000127335544676],
        "stdev": [0.040329657495, 0.236112043262, 0.296660810709, 0.289340257645, 0.0602022968233, 0.00171192537528]
    },
