{
"metadata": {
    "version": {
        "essentia": "2.1-beta5",
        "essentia_git_sha": "Undefined",
        "extractor": "music 2.0"
    },
    "audio_properties": {
        "analysis": {
            "equal_loudness": 0,
            "length": 32.4963264465,
            "sample_rate": 44100,
            "start_time": 126.502311707,
            "downmix": "mix"
        },
        "bit_rate": 192000,
        "length": 181.254959106,
        "lossless": 0,
        "number_channels": 2,
        "replay_gain": 1.22797203064,
        "sample_rate": 44100,
        "codec": "mp3",
        "md5_encoded": "80e69c381320038650ae9145d4ac7132"
    },
    "tags": {
        "file_name": "Norway_Voi-voi_Nora Brockstedt.mp3",
        "encoding": ["Lavf58.29.100"]
    }
},
"lowlevel": {
    "average_loudness": 0.947933018208,
    "barkbands_crest": {
        "max": 25.397146225,
        "mean": 11.282699585,
        "min": 3.23203706741,
        "stdev": 5.166015625
    },
    "barkbands_flatness_db": {
        "max": 0.364852279425,
        "mean": 0.204576864839,
        "min": 0.0874377563596,
        "stdev": 0.054025541991
    },
    "barkbands_kurtosis": {
        "max": 64.6318817139,
        "mean": 3.16607689857,
        "min": -1.68126428127,
        "stdev": 6.78955745697
    },
    "barkbands_skewness": {
        "max": 7.35518455505,
        "mean": 0.852145671844,
        "min": -3.11028242111,
        "stdev": 1.37434566021
    },
    "barkbands_spread": {
        "max": 31.1006526947,
        "mean": 10.2136449814,
        "min": 1.10270035267,
        "stdev": 5.5802192688
    },
    "dissonance": {
        "max": 0.500000119209,
        "mean": 0.43377289176,
        "min": 0.153792798519,
        "stdev": 0.0492243468761
    },
    "dynamic_complexity": 3.37936067581,
    "erbbands_crest": {
        "max": 30.9563541412,
        "mean": 12.556227684,
        "min": 3.61091899872,
        "stdev": 6.23404693604
    },
    "erbbands_flatness_db": {
        "max": 0.445218861103,
        "mean": 0.278571456671,
        "min": 0.135529384017,
        "stdev": 0.0538767278194
    },
    "erbbands_kurtosis": {
        "max": 33.2860374451,
        "mean": 1.09690582752,
        "min": -1.77159690857,
        "stdev": 3.57846808434
    },
    "erbbands_skewness": {
        "max": 4.39565753937,
        "mean": 0.337318599224,
        "min": -2.38208794594,
        "stdev": 0.850727319717
    },
    "erbbands_spread": {
        "max": 44.4102210999,
        "mean": 18.0046977997,
        "min": 1.18338918686,
        "stdev": 9.3264799118
    },
    "hfc": {
        "max": 96.2947235107,
        "mean": 19.1854724884,
        "min": 0.0999997481704,
        "stdev": 17.2996711731
    },
    "loudness_ebu128": {
        "integrated": -25.6929569244,
        "loudness_range": 3.54399108887,
        "momentary": {
            "max": -22.0627174377,
            "mean": -26.3695220947,
            "min": -36.6030044556,
            "stdev": 2.583360672
        },
        "short_term": {
            "max": -23.9797534943,
            "mean": -25.8415699005,
            "min": -29.2179908752,
            "stdev": 1.17248737812
        }
    },
    "melbands_crest": {
        "max": 32.9908561707,
        "mean": 13.9906625748,
        "min": 3.90971803665,
        "stdev": 6.1542596817
    },
    "melbands_flatness_db": {
        "max": 0.435370951891,
        "mean": 0.261973172426,
        "min": 0.121957272291,
        "stdev": 0.0541233085096
    },
    "melbands_kurtosis": {
        "max": 114.265586853,
        "mean": 6.04778766632,
        "min": -1.51846063137,
        "stdev": 13.1235208511
    },
    "melbands_skewness": {
        "max": 9.09534549713,
        "mean": 1.31171917915,
        "min": -2.64951300621,
        "stdev": 1.67387914658
    },
    "melbands_spread": {
        "max": 53.5143928528,
        "mean": 15.7826557159,
        "min": 1.49096703529,
        "stdev": 8.50209617615
    },
    "pitch_salience": {
        "max": 0.872617125511,
        "mean": 0.56566798687,
        "min": 0.0907048881054,
        "stdev": 0.136407315731
    },
    "silence_rate_20dB": {
        "max": 1,
        "mean": 1,
        "min": 1,
        "stdev": 0
    },
    "silence_rate_30dB": {
        "max": 1,
        "mean": 1,
        "min": 1,
        "stdev": 0
    },
    "silence_rate_60dB": {
        "max": 1,
        "mean": 0.085653103888,
        "min": 0,
        "stdev": 0.279851406813
    },
    "spectral_centroid": {
        "max": 2170.29858398,
        "mean": 1046.52404785,
        "min": 415.025085449,
        "stdev": 295.747436523
    },
    "spectral_complexity": {
        "max": 33,
        "mean": 15.0292644501,
        "min": 0,
        "stdev": 6.30655384064
    },
    "spectral_decrease": {
        "max": -3.5127237924e-11,
        "mean": -5.44304468164e-09,
        "min": -2.40343833724e-08,
        "stdev": 4.39763558902e-09
    },
    "spectral_energy": {
        "max": 0.0975783318281,
        "mean": 0.022283481434,
        "min": 0.000141648342833,
        "stdev": 0.018007857725
    },
    "spectral_energyband_high": {
        "max": 6.08042028034e-05,
        "mean": 1.15698367154e-05,
        "min": 8.55164842051e-07,
        "stdev": 7.13311465006e-06
    },
    "spectral_energyband_low": {
        "max": 0.0318918116391,
        "mean": 0.000255658640526,
        "min": 2.41915859078e-06,
        "stdev": 0.00110480852891
    },
    "spectral_energyband_middle_high": {
        "max": 0.0782483816147,
        "mean": 0.0109461173415,
        "min": 1.39832854984e-05,
        "stdev": 0.0142156044021
    },
    "spectral_energyband_middle_low": {
        "max": 0.0935908332467,
        "mean": 0.0121584543958,
        "min": 8.36328181322e-05,
        "stdev": 0.0126165542752
    },
    "spectral_entropy": {
        "max": 8.38368606567,
        "mean": 6.80798435211,
        "min": 5.38029241562,
        "stdev": 0.421711802483
    },
    "spectral_flux": {
        "max": 0.263085186481,
        "mean": 0.0701709911227,
        "min": 0.00854770187289,
        "stdev": 0.0398144796491
    },
    "spectral_kurtosis": {
        "max": 51.1734580994,
        "mean": 17.3910446167,
        "min": 2.66726255417,
        "stdev": 7.29415225983
    },
    "spectral_rms": {
        "max": 0.0097569655627,
        "mean": 0.00425764871761,
        "min": 0.000371743866708,
        "stdev": 0.00190063321497
    },
    "spectral_rolloff": {
        "max": 2777.78320312,
        "mean": 1323.48620605,
        "min": 322.998046875,
        "stdev": 528.401367188
    },
    "spectral_skewness": {
        "max": 5.57988023758,
        "mean": 2.83615970612,
        "min": 1.4575394392,
        "stdev": 0.664784133434
    },
    "spectral_spread": {
        "max": 21715718,
        "mean": 2204349,
        "min": 1371742.5,
        "stdev": 741281.625
    },
    "spectral_strongpeak": {
        "max": 13.8974199295,
        "mean": 2.1527197361,
        "min": 0.0179326832294,
        "stdev": 2.17833709717
    },
    "zerocrossingrate": {
        "max": 0.0791015625,
        "mean": 0.0455607175827,
        "min": 0.01220703125,
        "stdev": 0.0122822336853
    },
    "barkbands": {
        "max": [0.000532860634848, 0.00142588466406, 0.00936062075198, 0.0337789542973, 0.0283845420927, 0.0807462781668, 0.0567613355815, 0.0471971109509, 0.0441326573491, 0.0660800114274, 0.0573245696723, 0.0455624274909, 0.061750728637, 0.0301007833332, 0.0225640814751, 0.00621628016233, 0.00517120584846, 0.00186601874884, 0.000639959995169, 0.000125410224427, 2.47627758654e-05, 4.6268769438e-06, 4.47313550467e-06, 5.37321557204e-06, 6.39605150354e-06, 5.9092826632e-06, 1.95623238142e-06],
        "mean": [6.25057646175e-06, 3.79704906663e-05, 9.53822018346e-05, 0.00026294394047, 0.00147848809138, 0.00268175872043, 0.00281498930417, 0.00177091395017, 0.00133325427305, 0.00306640937924, 0.00283522391692, 0.001722770161, 0.00149738183245, 0.000909761467483, 0.000730539963115, 0.000322833657265, 0.00048526583123, 0.000133018271299, 7.56681693019e-05, 1.5242390873e-05, 2.93471111945e-06, 8.95785319699e-07, 5.38364304248e-07, 8.73905378285e-07, 1.69193356214e-06, 4.64189810145e-07, 1.72514358354e-08],
        "min": [1.6518880841e-07, 6.62706156618e-07, 2.91187745916e-07, 2.36181506352e-07, 1.30827311295e-06, 8.69020823302e-06, 2.65601943283e-06, 8.06353909866e-07, 9.28159352043e-07, 2.94666983791e-06, 1.22215374176e-06, 6.38458800495e-07, 5.70178485759e-07, 5.63434525702e-07, 5.21160188782e-07, 9.69274083218e-07, 1.45831904774e-06, 9.15261068712e-07, 3.68682492535e-07, 2.46423581984e-07, 1.58044869636e-07, 1.07815296246e-07, 8.8132068754e-08, 1.05810073592e-07, 1.13775222133e-07, 7.26016153862e-08, 2.52651427557e-10],
        "stdev": [1.46843585753e-05, 5.38594431418e-05, 0.000382030295441, 0.00113213667646, 0.00304685160518, 0.00647718226537, 0.00539749721065, 0.00454415520653, 0.00307659967802, 0.00654014293104, 0.00833671167493, 0.00469161244109, 0.00605650246143, 0.00228826003149, 0.00187962432392, 0.000536044302862, 0.000684043741785, 0.000164548182511, 8.21096837171e-05, 1.52842440002e-05, 2.56567136603e-06, 4.65793590365e-07, 1.80789371029e-07, 2.23516892106e-07, 3.46304517507e-07, 1.85843802569e-07, 5.52650689656e-08]
    },
    "erbbands": {
        "max": [0.0459020771086, 0.339379131794, 6.696849823, 79.4274902344, 48.5247840881, 153.08052063, 221.330184937, 820.453674316, 998.696044922, 1097.03137207, 397.214019775, 754.29498291, 2947.12036133, 2199.13916016, 1307.10949707, 2130.17089844, 2656.96875, 1377.3605957, 1513.78808594, 703.398132324, 335.503875732, 210.084289551, 94.8725280762, 55.0160064697, 12.1697673798, 6.56528759003, 1.75577366352, 0.410355716944, 0.147923618555, 0.116785243154, 0.127281755209, 0.13877440989, 0.077515386045, 0.0696596577764, 0.0439697951078, 0.025019781664, 0.0108358850703, 0.00228851055726, 0.000290289171971, 0.000115063063276],
        "mean": [0.000757808447815, 0.0108122667298, 0.0810726359487, 0.564505815506, 2.04839015007, 6.08512830734, 9.78912162781, 24.1929531097, 45.3815307617, 46.6774749756, 25.1004810333, 30.3751068115, 100.963676453, 107.932518005, 65.9693603516, 82.4289932251, 66.9419021606, 50.0571861267, 43.4199485779, 32.7945594788, 21.5700836182, 22.8335895538, 8.5759344101, 7.02283859253, 1.38113248348, 0.736756920815, 0.207265734673, 0.0759136006236, 0.0338453054428, 0.021049009636, 0.0158421266824, 0.0157339088619, 0.0167752597481, 0.0176110435277, 0.012212049216, 0.00367939798161, 0.000507204793394, 4.78013680549e-05, 1.33420699058e-05, 2.63813308266e-05],
        "min": [3.299720629e-05, 0.000110782246338, 0.000584335299209, 0.00312512274832, 0.00484233302996, 0.0079615553841, 0.037535417825, 0.0577077120543, 0.100555844605, 0.0434304960072, 0.0217969771475, 0.0278646871448, 0.0588143952191, 0.0817433074117, 0.0504954308271, 0.0643006786704, 0.0305118653923, 0.0382657572627, 0.0386206358671, 0.0288105588406, 0.0591829791665, 0.0836863815784, 0.0468094162643, 0.028615212068, 0.0189158432186, 0.0110835973173, 0.00857594143599, 0.00542092928663, 0.0042396215722, 0.00362918665633, 0.00208094669506, 0.00227042706683, 0.00168164435308, 0.00140136992559, 0.000679632008541, 0.000293805234833, 0.000127489678562, 9.72799807641e-06, 9.35364710131e-07, 2.19647319e-07],
        "stdev": [0.00138362310827, 0.0151406992227, 0.280577480793, 2.647605896, 3.75081801414, 15.3919992447, 19.6325187683, 60.2653198242, 101.588882446, 99.7271499634, 42.7570877075, 66.1162490845, 242.828826904, 279.273101807, 144.753479004, 222.7056427, 231.085494995, 119.412055969, 141.373397827, 64.316986084, 29.9334602356, 30.3023414612, 10.0303125381, 7.35892534256, 1.24643981457, 0.769597768784, 0.201064959168, 0.0573721267283, 0.0195476263762, 0.00758384121582, 0.00524222804233, 0.00496172113344, 0.00409456668422, 0.00393202295527, 0.00273995799944, 0.00102261849679, 0.00030808855081, 7.03109981259e-05, 1.22662195281e-05, 2.1244159143e-05]
    },
    "gfcc": {
        "mean": [-74.8958969116, 132.363327026, -166.403579712, -27.026714325, -50.2932167053, -10.7764291763, -54.8502426147, 12.8498210907, -30.9683685303, -5.13637113571, -8.14697551727, -3.41540884972, -2.25250792503],
        "cov": [[1280.92138672, 418.122802734, -342.940460205, -184.262008667, 171.614379883, -118.476951599, 90.044960022, -76.7791290283, 36.4068145752, -70.5107498169, -27.1757640839, -144.054870605, 19.4689254761], [418.122802734, 230.326828003, -7.16422653198, -23.9524669647, 24.8307514191, -76.1350097656, -20.204000473, -35.5054969788, 6.11511707306, -46.0159912109, -40.0730705261, -59.9037780762, -3.36961388588], [-342.940460205, -7.16422653198, 306.831726074, 137.476837158, -97.6054153442, -63.6653175354, -92.3347091675, 2.73263978958, -14.4799766541, -10.5162267685, -0.871919393539, 49.8813896179, -20.9013290405], [-184.262008667, -23.9524669647, 137.476837158, 314.221374512, 9.89535903931, -133.268096924, -144.641845703, 48.2956123352, 0.177725359797, -13.8439817429, -75.4903259277, 15.7855901718, -13.5765275955], [171.614379883, 24.8307514191, -97.6054153442, 9.89535903931, 132.103363037, 59.5254402161, 17.608959198, -24.0837059021, 4.49511146545, -1.57223975658, -16.9184627533, -33.0762481689, 0.588247776031], [-118.476951599, -76.1350097656, -63.6653175354, -133.268096924, 59.5254402161, 283.943786621, 172.886428833, -32.6257019043, -74.4922409058, 5.56330490112, 19.0418205261, -21.1209506989, -16.1085014343], [90.044960022, -20.204000473, -92.3347091675, -144.641845703, 17.608959198, 172.886428833, 231.319778442, 8.73641490936, -69.6627426147, -24.8257904053, 42.7895545959, -15.686501503, -9.40849685669], [-76.7791290283, -35.5054969788, 2.73263978958, 48.2956123352, -24.0837059021, -32.6257019043, 8.73641490936, 93.1479644775, 40.993270874, 3.34271335602, -12.6014118195, 12.1740903854, -3.95093154907], [36.4068145752, 6.11511707306, -14.4799766541, 0.177725359797, 4.49511146545, -74.4922409058, -69.6627426147, 40.993270874, 121.691291809, 56.9307250977, 8.58572292328, 6.69707393646, 9.89970302582], [-70.5107498169, -46.0159912109, -10.5162267685, -13.8439817429, -1.57223975658, 5.56330490112, -24.8257904053, 3.34271335602, 56.9307250977, 84.3645019531, 47.4495201111, 12.2083311081, -7.02083349228], [-27.1757640839, -40.0730705261, -0.871919393539, -75.4903259277, -16.9184627533, 19.0418205261, 42.7895545959, -12.6014118195, 8.58572292328, 47.4495201111, 115.67301178, 51.2713737488, 0.12444319576], [-144.054870605, -59.9037780762, 49.8813896179, 15.7855901718, -33.0762481689, -21.1209506989, -15.686501503, 12.1740903854, 6.69707393646, 12.2083311081, 51.2713737488, 83.5698471069, 33.0164413452], [19.4689254761, -3.36961388588, -20.9013290405, -13.5765275955, 0.588247776031, -16.1085014343, -9.40849685669, -3.95093154907, 9.89970302582, -7.02083349228, 0.12444319576, 33.0164413452, 65.1318435669]],
        "icov": [[0.0149596678093, -0.0206053219736, 0.0115605620667, 6.91454551998e-05, -0.00940759200603, 0.0137960230932, -0.0142019689083, 0.0100971497595, -0.00549152446911, 0.00140524189919, -0.00100875284988, 0.000120979435451, 0.00117134884931], [-0.0206053219736, 0.0387500561774, -0.0195667315274, 0.00338162109256, 0.00804847758263, -0.0122930286452, 0.0167191550136, -0.0108001986519, 0.00622561573982, 0.00162085657939, 0.00209827697836, 0.00735627347603, -0.00326783908531], [0.0115605620667, -0.0195667315274, 0.0217743478715, -0.0122397635132, 0.00892668124288, -0.000246102310484, -0.00819460302591, 0.0170695912093, -0.01707922481, 0.0142332753167, -0.00914626661688, -0.00243512075394, 0.00506062200293], [6.91454551998e-05, 0.00338162109256, -0.0122397635132, 0.0254909768701, -0.0244134645909, 0.0176288820803, 0.00224949000403, -0.0191761460155, 0.0279913023114, -0.0243964083493, 0.0204349197447, -0.0094101279974, 0.00312894838862], [-0.00940759200603, 0.00804847758263, 0.00892668124288, -0.0244134645909, 0.0427334718406, -0.030949594453, 0.0108684897423, 0.0139194643125, -0.0269293934107, 0.0267064850777, -0.0193489026278, 0.00890846084803, -0.00212885253131], [0.0137960230932, -0.0122930286452, -0.000246102310484, 0.0176288820803, -0.030949594453, 0.0387802012265, -0.0243386588991, 0.00339477043599, 0.0160246156156, -0.0239351168275, 0.0212906133384, -0.00838960148394, 0.00459314230829], [-0.0142019689083, 0.0167191550136, -0.00819460302591, 0.00224949000403, 0.0108684897423, -0.0243386588991, 0.035810045898, -0.0251455493271, 0.01377719827, 0.00704440614209, -0.0147175835446, 0.00966372154653, -0.00572605803609], [0.0100971497595, -0.0108001986519, 0.0170695912093, -0.0191761460155, 0.0139194643125, 0.00339477043599, -0.0251455493271, 0.0494691692293, -0.0404072962701, 0.0216308161616, -0.00111364771146, -0.00531865330413, 0.00915759056807], [-0.00549152446911, 0.00622561573982, -0.01707922481, 0.0279913023114, -0.0269293934107, 0.0160246156156, 0.01377719827, -0.0404072962701, 0.0610019341111, -0.0468538627028, 0.0208287164569, -0.00722279027104, -0.00463808700442], [0.00140524189919, 0.00162085657939, 0.0142332753167, -0.0243964083493, 0.0267064850777, -0.0239351168275, 0.00704440614209, 0.0216308161616, -0.0468538627028, 0.0662174299359, -0.0408191867173, 0.0221326928586, -0.00156717479695], [-0.00100875284988, 0.00209827697836, -0.00914626661688, 0.0204349197447, -0.0193489026278, 0.0212906133384, -0.0147175835446, -0.00111364771146, 0.0208287164569, -0.0408191867173, 0.0538650937378, -0.0390188321471, 0.0170918609947], [0.000120979435451, 0.00735627347603, -0.00243512075394, -0.0094101279974, 0.00890846084803, -0.00838960148394, 0.00966372154653, -0.00531865330413, -0.00722279027104, 0.0221326928586, -0.0390188321471, 0.0574275068939, -0.0290334373713], [0.00117134884931, -0.00326783908531, 0.00506062200293, 0.00312894838862, -0.00212885253131, 0.00459314230829, -0.00572605803609, 0.00915759056807, -0.00463808700442, -0.00156717479695, 0.0170918609947, -0.0290334373713, 0.0332149788737]]
    },
    "melbands": {
        "max": [0.000422979908762, 0.00344676757231, 0.012133195065, 0.00554938381538, 0.00612063892186, 0.0177264418453, 0.0134458057582, 0.0110255181789, 0.00343255698681, 0.00521955918521, 0.0141981076449, 0.008903067559, 0.00456540985033, 0.00390144228004, 0.00720943696797, 0.00744469463825, 0.00295174657367, 0.003025095677, 0.00121959624812, 0.000621473358478, 0.000482332485262, 0.000292782933684, 0.000149102022988, 6.63254395477e-05, 5.07720396854e-05, 1.16311603051e-05, 5.13926124768e-06, 3.62592686542e-06, 1.59386843279e-06, 6.11066298006e-07, 2.02042372166e-07, 1.14314943289e-07, 6.11661263861e-08, 6.47395452802e-08, 6.05964487477e-08, 9.04063170992e-08, 8.82647199774e-08, 5.14561797615e-08, 6.29317327139e-08, 5.38598428079e-08],
        "mean": [9.28792178456e-06, 3.77426367777e-05, 0.000134479560074, 0.000278064893791, 0.000338388083037, 0.000585943460464, 0.000657342548948, 0.0004995916388, 0.000192924300791, 0.000198527413886, 0.000500460912008, 0.000413876230596, 0.000278273946606, 0.000175546651008, 0.000214680738281, 0.000124558835523, 8.98537546163e-05, 7.46959631215e-05, 4.7832949349e-05, 3.31968003593e-05, 2.58418822341e-05, 2.90797324851e-05, 1.00791921795e-05, 5.64990750718e-06, 6.06956609772e-06, 9.59469389272e-07, 7.02012073361e-07, 3.99286761876e-07, 1.39891966455e-07, 7.39571248687e-08, 3.23044737627e-08, 1.98000158491e-08, 1.46049803362e-08, 1.00459276453e-08, 8.80784511992e-09, 9.00720387165e-09, 9.83640369157e-09, 1.09334221676e-08, 1.34638478144e-08, 1.56514943228e-08],
        "min": [2.7896624033e-07, 2.72540887636e-07, 6.56493853057e-07, 3.63285124649e-07, 1.03199806745e-06, 1.50960988776e-06, 5.93187508002e-07, 3.2692048535e-07, 8.86992097549e-08, 1.83153701983e-07, 2.99630897871e-07, 3.04205940438e-07, 1.26253070221e-07, 1.99178103344e-07, 1.0040438525e-07, 6.97671609373e-08, 5.47213900859e-08, 6.74468338957e-08, 2.68640967249e-08, 5.89380633187e-08, 5.54528298835e-08, 8.26835702128e-08, 5.28446655323e-08, 3.62859964298e-08, 2.14338413684e-08, 1.45780401084e-08, 9.6248555792e-09, 6.78535894139e-09, 5.73564129525e-09, 3.79551012841e-09, 2.67336242032e-09, 2.32924701749e-09, 2.1336792333e-09, 2.03798578013e-09, 1.09732178899e-09, 1.34444322342e-09, 1.36422262376e-09, 1.07141073791e-09, 1.38208489098e-09, 1.1391183552e-09],
        "stdev": [1.38193081511e-05, 0.000132676839712, 0.000428347062552, 0.000574882898945, 0.000655807321891, 0.00142104888801, 0.00137244164944, 0.00115605897736, 0.000336481432896, 0.000462226686068, 0.00121376127936, 0.0010594985215, 0.000709933810867, 0.000445981189841, 0.000696757982951, 0.000581360829528, 0.000221770096687, 0.000269118900178, 0.000105638035166, 6.27788904239e-05, 4.07462757721e-05, 4.22852644988e-05, 1.2958717889e-05, 6.3569464146e-06, 6.75323872201e-06, 1.16105775305e-06, 6.91403499786e-07, 4.43399784444e-07, 1.57221492714e-07, 6.8698476241e-08, 2.3659321613e-08, 1.36148372576e-08, 5.75342040676e-09, 3.89198273609e-09, 3.1072766582e-09, 3.32574900952e-09, 3.38338534966e-09, 3.0635680659e-09, 3.63927354918e-09, 3.88618781599e-09]
    },
    "melbands128": {
        "max": [0.000294283643598, 0.000392748974264, 0.000450914667454, 0.000528997916263, 0.000869768031407, 0.00631639128551, 0.0188406538218, 0.0136564746499, 0.00481204083189, 0.00753850722685, 0.0117480121553, 0.0109100742266, 0.0108599876985, 0.0112862298265, 0.0128486864269, 0.0392433851957, 0.020265173167, 0.020167760551, 0.0117630632594, 0.0212793499231, 0.0192176382989, 0.00456459727138, 0.00383932632394, 0.00998688489199, 0.00683149183169, 0.00955293048173, 0.0298634488136, 0.0255362000316, 0.0103591857478, 0.0123284123838, 0.0177444610745, 0.0166709162295, 0.00434213317931, 0.010031866841, 0.00672302441671, 0.00777696631849, 0.01349516958, 0.0151397520676, 0.0191041659564, 0.00683768512681, 0.0172174666077, 0.00729954987764, 0.00292653986253, 0.0081702908501, 0.00335514498875, 0.006791674532, 0.00584791367874, 0.00235827220604, 0.00121410517022, 0.00190165184904, 0.00125448696781, 0.000494813604746, 0.00105919828638, 0.000803466711659, 0.00104003131855, 0.000570173142478, 0.000232712598518, 0.000331879535224, 0.00029576261295, 0.000172569591086, 0.000133425899548, 8.21979556349e-05, 0.000126021710457, 6.36449840385e-05, 2.77951767202e-05, 1.91821545741e-05, 1.85095741472e-05, 8.75399200595e-06, 5.5761151998e-06, 1.31984097607e-05, 4.42887630925e-06, 2.42623423219e-06, 3.5056402794e-06, 2.15464228859e-06, 6.80768323491e-07, 1.0342286032e-06, 7.23938228475e-07, 4.0536045276e-07, 2.52226698194e-07, 3.34658409429e-07, 2.66909069069e-07, 1.17177030745e-07, 7.83915936609e-08, 6.7060689446e-08, 7.08632441615e-08, 5.80069858813e-08, 8.15892917672e-08, 4.92830238841e-08, 4.7538254222e-08, 7.76528708002e-08, 1.28225167373e-07, 6.99170712437e-08, 7.40479464412e-08, 1.00991854879e-07, 9.45763503069e-08, 6.07098016303e-08, 4.03828792628e-08, 3.94264425552e-08, 5.53304531081e-08, 8.83221460413e-08, 7.19738153521e-08, 4.16161931582e-08, 5.05570163511e-08, 6.29058902746e-08, 4.39441087963e-08, 5.35205124663e-08, 4.17457108881e-08, 4.29776534361e-08, 5.02812405045e-08, 5.57246231381e-08, 4.84841216064e-08, 2.9574096061e-08, 2.87774195584e-08, 4.17465422231e-08, 2.78963590006e-08, 2.15592610431e-08, 2.42171473985e-08, 9.17390963195e-09, 8.92658480467e-09, 8.70169714062e-09, 8.50366976834e-09, 8.33086222229e-09, 8.17392109553e-09, 8.01004773621e-09, 7.91347165574e-09, 7.86625786731e-09, 7.77144837372e-09, 7.69537233936e-09],
        "mean": [4.30470981883e-06, 4.41281099484e-06, 1.15875009215e-05, 1.8138649466e-05, 2.44200509769e-05, 5.64662914257e-05, 0.000105098712083, 0.000139259092975, 0.000209109915886, 0.000234067294514, 0.000374663737603, 0.000363827508409, 0.0003145536175, 0.00034473388223, 0.000360415899195, 0.000868421804626, 0.00100049399771, 0.000514426385053, 0.000385602092138, 0.000577040074859, 0.000602886662818, 0.000137899056426, 0.000155480272952, 0.00021205113444, 0.000154463021317, 0.000163960066857, 0.000345702224877, 0.000794928288087, 0.000341952429153, 0.000226632575504, 0.000540532928426, 0.000619572470896, 0.000136207978358, 0.00019129976863, 0.000102885125671, 0.000180026618182, 0.000283728237264, 0.000226607473451, 0.000196906839847, 8.52959637996e-05, 0.000173646185431, 5.67831230001e-05, 7.88508477854e-05, 0.000127843042719, 5.80880005145e-05, 9.32786279009e-05, 4.51561245427e-05, 4.48027822131e-05, 4.71118983114e-05, 5.26647454535e-05, 2.7277146728e-05, 2.18378700083e-05, 1.53177115862e-05, 2.63214315055e-05, 5.31202786078e-05, 2.63820220425e-05, 1.49901479745e-05, 1.06346797111e-05, 8.94058393897e-06, 7.79697347753e-06, 4.02074147132e-06, 3.52643223778e-06, 1.17832487376e-05, 4.70146096632e-06, 1.20360743949e-06, 9.36766753057e-07, 7.55099279104e-07, 6.52129642731e-07, 6.34335890481e-07, 8.93767150956e-07, 3.57521599881e-07, 2.17680309333e-07, 1.85202608805e-07, 1.28286714585e-07, 7.00433488987e-08, 1.08951311972e-07, 5.20451131081e-08, 3.68233941117e-08, 3.19647810443e-08, 2.54362468866e-08, 2.36085977434e-08, 1.65108442474e-08, 1.24271437585e-08, 1.70792429088e-08, 1.37943949596e-08, 9.70608482476e-09, 9.79698988601e-09, 8.11537592682e-09, 8.5451414833e-09, 9.77475078656e-09, 8.1298558996e-09, 9.37368316301e-09, 9.36947852637e-09, 8.52483150737e-09, 1.21882246518e-08, 9.40353928058e-09, 1.14325739986e-08, 1.15326459493e-08, 1.2979628039e-08, 1.52713166557e-08, 1.3402063459e-08, 1.49729437737e-08, 1.86528961166e-08, 1.85202626568e-08, 1.32997275415e-08, 1.19818777122e-08, 1.01858930179e-08, 9.25091558912e-09, 5.58377699633e-09, 3.8347329756e-09, 2.72886646613e-09, 1.82825443673e-09, 1.23023680132e-09, 7.35795313567e-10, 1.82776849211e-10, 2.89196361303e-10, 5.22396237379e-10, 1.2128596738e-11, 1.13248377689e-11, 1.11094501654e-11, 1.09144915328e-11, 1.07390294574e-11, 1.05240972187e-11, 1.02979638705e-11, 1.02104600816e-11, 1.01880014841e-11, 1.00989286378e-11, 9.99157527548e-12],
        "min": [1.36417483532e-07, 8.85078108581e-08, 6.4590935267e-08, 1.0199335776e-07, 8.6205282912e-08, 1.72198866721e-07, 2.49919821727e-07, 1.07187389631e-07, 2.88656309522e-07, 2.45797338039e-07, 3.19755685041e-07, 1.73121634361e-07, 6.62573370391e-07, 3.81736242616e-07, 4.65558173346e-07, 2.66229619683e-07, 1.33892513077e-07, 2.43634076469e-07, 3.0761256653e-08, 1.48645071363e-07, 6.34819272705e-08, 7.96300270167e-08, 6.71432616173e-08, 3.90305672227e-08, 1.34493831183e-07, 6.24953884198e-08, 9.38105841897e-08, 3.38327907912e-07, 3.63029954542e-07, 2.67622652927e-07, 4.19073877822e-08, 5.08072268701e-08, 3.29543645705e-08, 1.2967444718e-07, 6.53230998182e-08, 1.76900805116e-08, 4.13773975083e-08, 3.63827616923e-08, 4.235771911e-08, 3.51089894934e-08, 3.98899047127e-08, 3.83713505414e-08, 3.36333023654e-08, 6.33226804325e-08, 6.29371754712e-08, 2.78842140489e-08, 3.12499821575e-08, 1.51611239119e-08, 8.94645069138e-09, 4.42344720852e-08, 5.2738567291e-08, 3.53448932344e-08, 1.98625009773e-08, 1.95436555828e-08, 3.23900444243e-08, 6.17350792709e-08, 3.30296074935e-08, 3.99375750249e-08, 1.39586289194e-08, 1.30365753748e-08, 8.05892774736e-09, 2.68045887708e-08, 2.32412578072e-08, 1.37082389884e-08, 1.06119175669e-08, 7.80712738901e-09, 1.08085558281e-08, 7.63566454509e-09, 6.62538424123e-09, 3.27096416619e-09, 4.55370097185e-09, 8.77479067185e-09, 4.84105111553e-09, 2.83032108861e-09, 4.30337676605e-09, 3.27341442841e-09, 3.37612426904e-09, 2.10949435697e-09, 2.21423279712e-09, 1.62155466832e-09, 2.08900163834e-09, 1.19876997218e-09, 2.00160688024e-09, 2.22951834772e-09, 1.43380674e-09, 1.62220192834e-09, 1.65843350164e-09, 1.38951639084e-09, 9.05297947718e-10, 1.0052019217e-09, 9.5489460783e-10, 1.63402491538e-09, 1.65005786812e-09, 1.15992015992e-09, 1.56211588109e-09, 7.71490649143e-10, 1.29668897841e-09, 8.35280955513e-10, 1.62084090594e-09, 1.49742807043e-09, 1.11770026567e-09, 9.10660935549e-10, 1.24535892709e-09, 1.34964972531e-09, 2.49475384795e-10, 7.57600315815e-10, 7.16081527408e-10, 6.8846905954e-10, 3.4150293704e-10, 3.97562066601e-10, 5.61267421428e-10, 3.92235577351e-10, 3.27823379553e-10, 8.56840570718e-11, 1.08656638374e-12, 1.03704187165e-12, 8.14107407789e-13, 7.4166915014e-13, 5.20266609742e-13, 7.04444423801e-13, 6.45868287238e-13, 7.32113696923e-13, 6.41570130355e-13, 7.6039879688e-13, 7.11061255449e-13, 7.45442715801e-13, 6.89482975921e-13, 7.75481946453e-13],
        "stdev": [8.17326235847e-06, 1.13020569188e-05, 1.66329973581e-05, 2.57381852862e-05, 5.92118849454e-05, 0.000244984723395, 0.000623934611212, 0.000484314979985, 0.000425341073424, 0.000527007796336, 0.00112265453208, 0.000981343095191, 0.000782677845564, 0.000867570575792, 0.000937091535889, 0.00306611321867, 0.00275674974546, 0.00143883679993, 0.000900673097931, 0.00148029869888, 0.0017938693054, 0.000314903620165, 0.000344918982591, 0.000600781815592, 0.000534152844921, 0.000587793940213, 0.00131167599466, 0.00223758467473, 0.000859114981722, 0.000785254174843, 0.00188500224613, 0.00225834478624, 0.000403715472203, 0.000782680464908, 0.000319148792187, 0.000710517109837, 0.00107330398168, 0.000955814495683, 0.00122291711159, 0.000394938513637, 0.00115603592712, 0.000379544653697, 0.000212524071685, 0.000443012366304, 0.00026851252187, 0.000502523093019, 0.000258423446212, 0.000150472202222, 0.00012348992459, 0.000169838676811, 6.83196558384e-05, 3.92382098653e-05, 5.32168269274e-05, 5.35966719326e-05, 0.000107833788206, 5.04304734932e-05, 2.44678722083e-05, 1.9578366846e-05, 1.99791065825e-05, 1.41775108204e-05, 8.05860690889e-06, 5.62232116863e-06, 1.59135506692e-05, 5.83233440921e-06, 2.41977727455e-06, 1.78513118954e-06, 1.1222498415e-06, 8.6242874886e-07, 7.10927508862e-07, 1.30626926875e-06, 5.15170711424e-07, 2.34334024185e-07, 2.89839135803e-07, 1.80966210905e-07, 7.4082393553e-08, 1.22542928693e-07, 5.65871545177e-08, 3.52378073387e-08, 2.9348726116e-08, 2.27140901643e-08, 2.49361225002e-08, 1.34169244603e-08, 7.31543270405e-09, 7.86641773942e-09, 6.99946234306e-09, 5.12310949219e-09, 5.27725196875e-09, 3.91777188469e-09, 3.89203558271e-09, 4.59061633151e-09, 4.68279326427e-09, 4.07330658092e-09, 4.10991107813e-09, 4.29314139794e-09, 5.42071143528e-09, 4.06796152319e-09, 4.45208847566e-09, 4.33595070959e-09, 4.72037298138e-09, 5.64456836827e-09, 4.97859975468e-09, 5.49993384169e-09, 6.54016352186e-09, 6.37649888446e-09, 4.68486094363e-09, 4.27854818241e-09, 3.71186081871e-09, 3.39887784584e-09, 2.3826001172e-09, 2.15885487265e-09, 1.55908175259e-09, 1.00173891404e-09, 9.09462949394e-10, 1.16674958583e-09, 8.01968769171e-10, 6.46831310736e-10, 7.76023134641e-10, 2.45559711454e-10, 2.38621955528e-10, 2.32595095961e-10, 2.27304272626e-10, 2.22680263118e-10, 2.18488505066e-10, 2.14102693907e-10, 2.1152309071e-10, 2.10254091915e-10, 2.07717593126e-10, 2.05691880195e-10]
    },
    "mfcc": {
        "mean": [-715.256225586, 182.357757568, -57.1695594788, -11.0088453293, 4.78154611588, -28.9261054993, -7.11328697205, -7.46734476089, -7.40712976456, -10.1587734222, -6.1240773201, -4.88465118408, -2.11882019043],
        "cov": [[1442.19091797, 461.925933838, -484.876861572, -4.04424571991, -15.4688816071, -41.3496665955, -19.8750267029, -47.6912956238, 81.4304962158, 32.8978309631, -28.3323383331, 16.4695262909, -32.4122772217], [461.925933838, 262.473937988, -67.0409622192, -46.3904190063, -20.1355056763, -15.6425237656, -24.4314460754, -27.7544059753, 7.05575275421, 1.39437627792, -14.2820940018, -9.46456432343, -13.7898950577], [-484.876861572, -67.0409622192, 346.951568604, 91.0305328369, -0.193734720349, -36.3652572632, -43.0030632019, 1.50457453728, -51.1421546936, -55.0286979675, -17.6997089386, -4.49866628647, 14.7887010574], [-4.04424571991, -46.3904190063, 91.0305328369, 288.209594727, 103.238380432, -107.219200134, -123.11428833, -23.1088466644, 12.9446554184, -47.3051452637, -41.7643089294, 12.4777078629, 1.61225795746], [-15.4688816071, -20.1355056763, -0.193734720349, 103.238380432, 138.64289856, -0.0767641589046, -90.4303436279, -34.494594574, 11.5574035645, 4.05271530151, -9.25353717804, -11.0332651138, -11.4124450684], [-41.3496665955, -15.6425237656, -36.3652572632, -107.219200134, -0.0767641589046, 154.543899536, 122.516807556, 12.8059387207, -7.43103218079, 18.9140129089, 5.67771339417, -21.9955787659, -22.0958156586], [-19.8750267029, -24.4314460754, -43.0030632019, -123.11428833, -90.4303436279, 122.516807556, 226.885910034, 79.0241851807, -17.1654396057, 5.31159305573, 7.21204471588, -11.5973167419, -15.1175861359], [-47.6912956238, -27.7544059753, 1.50457453728, -23.1088466644, -34.494594574, 12.8059387207, 79.0241851807, 86.0583572388, 22.0787715912, -8.59389400482, -2.59754800797, -6.39230251312, -6.06714820862], [81.4304962158, 7.05575275421, -51.1421546936, 12.9446554184, 11.5574035645, -7.43103218079, -17.1654396057, 22.0787715912, 80.6460266113, 33.4291915894, -15.5781574249, -8.60311222076, -11.8402147293], [32.8978309631, 1.39437627792, -55.0286979675, -47.3051452637, 4.05271530151, 18.9140129089, 5.31159305573, -8.59389400482, 33.4291915894, 83.0993499756, 38.0826644897, -6.28369760513, -9.90214824677], [-28.3323383331, -14.2820940018, -17.6997089386, -41.7643089294, -9.25353717804, 5.67771339417, 7.21204471588, -2.59754800797, -15.5781574249, 38.0826644897, 80.3051986694, 31.9245758057, 6.13415575027], [16.4695262909, -9.46456432343, -4.49866628647, 12.4777078629, -11.0332651138, -21.9955787659, -11.5973167419, -6.39230251312, -8.60311222076, -6.28369760513, 31.9245758057, 73.4483413696, 42.2517967224], [-32.4122772217, -13.7898950577, 14.7887010574, 1.61225795746, -11.4124450684, -22.0958156586, -15.1175861359, -6.06714820862, -11.8402147293, -9.90214824677, 6.13415575027, 42.2517967224, 71.7015304565]],
        "icov": [[0.0122512960806, -0.0191565603018, 0.016254009679, -0.0120031153783, 0.00816142931581, -0.00448957690969, 0.00158494198695, -0.00104120641481, 0.00128668849356, -0.0015689934371, 0.00154395657592, -0.00318020558916, 0.000670599751174], [-0.0191565603018, 0.0347256213427, -0.0247444994748, 0.0203977935016, -0.01260262914, 0.00873011164367, -0.00273223244585, 0.00413023773581, -0.00298698549159, 0.00369852059521, -0.00136841414496, 0.0047303577885, 0.000468863931019], [0.016254009679, -0.0247444994748, 0.0264986529946, -0.0192358419299, 0.0158953275532, -0.0112204551697, 0.00871055573225, -0.00721796602011, 0.0082895476371, -0.00417576637119, 0.00366092519835, -0.00330702285282, 0.000281436165096], [-0.0120031153783, 0.0203977935016, -0.0192358419299, 0.0252794083208, -0.0223825238645, 0.0201352555305, -0.0132027408108, 0.0109213385731, -0.010314672254, 0.00930208433419, -0.000725069781765, -7.93937288108e-05, 0.00236912118271], [0.00816142931581, -0.01260262914, 0.0158953275532, -0.0223825238645, 0.0364275053144, -0.0299461148679, 0.0285569727421, -0.0181700587273, 0.015750752762, -0.0125387385488, 0.00500863185152, -0.000971309898887, 0.000556746148504], [-0.00448957690969, 0.00873011164367, -0.0112204551697, 0.0201352555305, -0.0299461148679, 0.0425982661545, -0.0369671434164, 0.0285930950195, -0.0209997631609, 0.014931358397, -0.00714109232649, 0.00412311591208, 0.00127275625709], [0.00158494198695, -0.00273223244585, 0.00871055573225, -0.0132027408108, 0.0285569727421, -0.0369671434164, 0.045556794852, -0.0382065139711, 0.0299315787852, -0.0207101739943, 0.013866561465, -0.00699913222343, 0.0032375883311], [-0.00104120641481, 0.00413023773581, -0.00721796602011, 0.0109213385731, -0.0181700587273, 0.0285930950195, -0.0382065139711, 0.0514083355665, -0.0374080948532, 0.0283142402768, -0.0194416549057, 0.0112047204748, -0.00342574017122], [0.00128668849356, -0.00298698549159, 0.0082895476371, -0.010314672254, 0.015750752762, -0.0209997631609, 0.0299315787852, -0.0374080948532, 0.050338819623, -0.0356969609857, 0.0275136828423, -0.0140043487772, 0.00699168536812], [-0.0015689934371, 0.00369852059521, -0.00417576637119, 0.00930208433419, -0.0125387385488, 0.014931358397, -0.0207101739943, 0.0283142402768, -0.0356969609857, 0.0455815605819, -0.0306094884872, 0.0171239431947, -0.00578275276348], [0.00154395657592, -0.00136841414496, 0.00366092519835, -0.000725069781765, 0.00500863185152, -0.00714109232649, 0.013866561465, -0.0194416549057, 0.0275136828423, -0.0306094884872, 0.0412026792765, -0.0246228799224, 0.010871916078], [-0.00318020558916, 0.0047303577885, -0.00330702285282, -7.93937288108e-05, -0.000971309898887, 0.00412311591208, -0.00699913222343, 0.0112047204748, -0.0140043487772, 0.0171239431947, -0.0246228799224, 0.0371616333723, -0.0189951118082], [0.000670599751174, 0.000468863931019, 0.000281436165096, 0.00236912118271, 0.000556746148504, 0.00127275625709, 0.0032375883311, -0.00342574017122, 0.00699168536812, -0.00578275276348, 0.010871916078, -0.0189951118082, 0.02572141774]]
    },
    "spectral_contrast_coeffs": {
        "max": [-0.394286513329, -0.414510339499, -0.404178738594, -0.535536766052, -0.599752783775, -0.773664295673],
        "mean": [-0.655006527901, -0.718996226788, -0.698140978813, -0.753033697605, -0.727030813694, -0.842218220234],
        "min": [-0.900109648705, -0.910035789013, -0.886211574078, -0.896970033646, -0.87934756279, -0.948242604733],
        "stdev": [0.0805576294661, 0.0863947048783, 0.086538285017, 0.0626589879394, 0.0409813560545, 0.0176130086184]
    },
    "spectral_contrast_valleys": {
        "max": [-5.84914970398, -5.05327701569, -5.68847513199, -5.98875617981, -7.39302158356, -10.4449338913],
        "mean": [-7.97565984726, -6.66694355011, -7.32361507416, -7.7232708931, -8.64559650421, -11.5987968445],
        "min": [-9.4386138916, -9.1079454422, -9.45863342285, -9.81297588348, -9.94560146332, -11.9200763702],
        "stdev": [0.528032839298, 0.693559587002, 0.606998801231, 0.590792477131, 0.417083054781, 0.10702034086]
    }
},
"rhythm": {
    "beats_count": 61,
    "beats_loudness": {
        "max": 0.0853372365236,
        "mean": 0.0310561284423,
        "min": 0.0014570109779,
        "stdev": 0.0183465443552
    },
    "bpm": 156.029388428,
    "bpm_histogram_first_peak_bpm": 157,
    "bpm_histogram_first_peak_weight": 0.416666686535,
    "bpm_histogram_second_peak_bpm": 129,
    "bpm_histogram_second_peak_spread": 0.444444477558,
    "bpm_histogram_second_peak_weight": 0.0833333358169,
    "danceability": 1.34872984886,
    "onset_rate": 2.36865210533,
    "beats_loudness_band_ratio": {
        "max": [0.336566567421, 0.953936576843, 0.82093501091, 0.981968522072, 0.432998806238, 0.0150600122288],
        "mean": [0.0466565899551, 0.22487296164, 0.362437039614, 0.346917003393, 0.11808282882, 0.00315841264091],
        "min": [0.00159178581089, 0.000446847087005, 0.0117335850373, 0.00908667966723, 0.00247514527291, 0.000287177885184],
        "stdev": [0.057316083461, 0.220955327153, 0.19735018909, 0.255650222301, 0.105147920549, 0.00298107927665]
    },
    "beats_position": [0.359909296036, 0.731428563595, 1.11455774307, 1.49768710136, 1.88081634045, 2.26394557953, 2.63546490669, 3.01859402657, 3.39011335373, 3.78485250473, 4.1679816246, 4.55111122131, 4.92263031006, 5.2941493988, 5.67727899551, 6.06040811539, 6.44353723526, 6.81505680084, 7.19818592072, 7.56970500946, 7.94122457504, 8.31274318695, 8.68426322937, 9.07900238037, 9.46213150024, 9.84526062012, 10.22838974, 10.6927890778, 11.1571884155, 11.6331968307, 12.0975961685, 12.5619955063, 13.0263938904, 13.5024032593, 13.9784126282, 14.4544210434, 15.0117006302, 15.5689792633, 16.114648819, 16.7648067474, 17.4033565521, 18.0302944183, 18.6572322845, 19.4002723694, 20.1433105469, 20.8979587555, 21.6526069641, 22.3608150482, 23.0806350708, 23.7772331238, 24.4738311768, 25.1704311371, 25.9018592834, 26.6332874298, 27.3763256073, 28.1309738159, 28.897233963, 29.6518821716, 30.4181404114, 31.1843986511, 31.9506568909],
