{
"metadata": {
    "version": {
        "essentia": "2.1-beta5",
        "essentia_git_sha": "Undefined",
        "extractor": "music 2.0"
    },
    "audio_properties": {
        "analysis": {
            "equal_loudness": 0,
            "length": 29.0017242432,
            "sample_rate": 44100,
            "start_time": 0,
            "downmix": "mix"
        },
        "bit_rate": 192000,
        "length": 301.67364502,
        "lossless": 0,
        "number_channels": 2,
        "replay_gain": 1.4053440094,
        "sample_rate": 44100,
        "codec": "mp3",
        "md5_encoded": "8facb120664ac5e1c5ed54f1960067d3"
    },
    "tags": {
        "file_name": "Italy_Romantica_Renato Rascel.mp3",
        "encoding": ["Lavf58.29.100"]
    }
},
"lowlevel": {
    "average_loudness": 0.918007850647,
    "barkbands_crest": {
        "max": 25.2648410797,
        "mean": 9.60495948792,
        "min": 3.06370186806,
        "stdev": 4.51707649231
    },
    "barkbands_flatness_db": {
        "max": 0.433693230152,
        "mean": 0.210674166679,
        "min": 0.0503990612924,
        "stdev": 0.0799387842417
    },
    "barkbands_kurtosis": {
        "max": 147.160675049,
        "mean": 9.57615089417,
        "min": -1.69561970234,
        "stdev": 15.8762865067
    },
    "barkbands_skewness": {
        "max": 10.2294197083,
        "mean": 1.51674008369,
        "min": -2.03094482422,
        "stdev": 1.80757188797
    },
    "barkbands_spread": {
        "max": 45.1191749573,
        "mean": 9.68579292297,
        "min": 0.562644183636,
        "stdev": 8.17006778717
    },
    "dissonance": {
        "max": 0.500000119209,
        "mean": 0.41835001111,
        "min": 0.111907213926,
        "stdev": 0.0837783142924
    },
    "dynamic_complexity": 4.96796941757,
    "erbbands_crest": {
        "max": 30.4981212616,
        "mean": 10.7653121948,
        "min": 2.71070384979,
        "stdev": 5.07965517044
    },
    "erbbands_flatness_db": {
        "max": 0.397909045219,
        "mean": 0.246067434549,
        "min": 0.0942149013281,
        "stdev": 0.0658614113927
    },
    "erbbands_kurtosis": {
        "max": 113.797828674,
        "mean": 3.51325631142,
        "min": -1.57627654076,
        "stdev": 6.71684598923
    },
    "erbbands_skewness": {
        "max": 7.12587308884,
        "mean": 0.80801910162,
        "min": -2.19868350029,
        "stdev": 1.27494239807
    },
    "erbbands_spread": {
        "max": 68.7750396729,
        "mean": 18.8563117981,
        "min": 1.46541059017,
        "stdev": 13.4714727402
    },
    "hfc": {
        "max": 57.2071266174,
        "mean": 10.7453212738,
        "min": 1.20142332675e-16,
        "stdev": 10.850487709
    },
    "loudness_ebu128": {
        "integrated": -26.9310131073,
        "loudness_range": 3.31111335754,
        "momentary": {
            "max": -22.3850402832,
            "mean": -28.2493438721,
            "min": -49.5161056519,
            "stdev": 4.12009477615
        },
        "short_term": {
            "max": -25.2968273163,
            "mean": -27.2159919739,
            "min": -29.467798233,
            "stdev": 1.14234411716
        }
    },
    "melbands_crest": {
        "max": 32.2277450562,
        "mean": 11.7177944183,
        "min": 1.743486166,
        "stdev": 5.49474430084
    },
    "melbands_flatness_db": {
        "max": 0.523073136806,
        "mean": 0.271706432104,
        "min": 0.00377971353009,
        "stdev": 0.0954834371805
    },
    "melbands_kurtosis": {
        "max": 151.451095581,
        "mean": 9.94264030457,
        "min": -1.59038424492,
        "stdev": 14.5310649872
    },
    "melbands_skewness": {
        "max": 8.96994495392,
        "mean": 1.56856942177,
        "min": -1.15941607952,
        "stdev": 1.56598722935
    },
    "melbands_spread": {
        "max": 144.058868408,
        "mean": 15.0949754715,
        "min": 0.853615999222,
        "stdev": 14.3783245087
    },
    "pitch_salience": {
        "max": 0.929996848106,
        "mean": 0.691999435425,
        "min": 0.202565312386,
        "stdev": 0.119866870344
    },
    "silence_rate_20dB": {
        "max": 1,
        "mean": 1,
        "min": 1,
        "stdev": 0
    },
    "silence_rate_30dB": {
        "max": 1,
        "mean": 0.999199986458,
        "min": 0,
        "stdev": 0.0282731447369
    },
    "silence_rate_60dB": {
        "max": 1,
        "mean": 0.288800001144,
        "min": 0,
        "stdev": 0.453203082085
    },
    "spectral_centroid": {
        "max": 11346.0097656,
        "mean": 943.891601562,
        "min": 232.749099731,
        "stdev": 786.387817383
    },
    "spectral_complexity": {
        "max": 41,
        "mean": 11.0128002167,
        "min": 0,
        "stdev": 9.72262382507
    },
    "spectral_decrease": {
        "max": 4.53231231073e-19,
        "mean": -4.68754191019e-09,
        "min": -2.96229583086e-08,
        "stdev": 5.33073629683e-09
    },
    "spectral_energy": {
        "max": 0.116413921118,
        "mean": 0.018666503951,
        "min": 1.05134978973e-20,
        "stdev": 0.0208751466125
    },
    "spectral_energyband_high": {
        "max": 0.000260130531387,
        "mean": 1.58058537636e-05,
        "min": 7.49528143977e-21,
        "stdev": 2.59223306784e-05
    },
    "spectral_energyband_low": {
        "max": 0.019691767171,
        "mean": 0.00116104295012,
        "min": 6.2387702089e-23,
        "stdev": 0.00260104076006
    },
    "spectral_energyband_middle_high": {
        "max": 0.0322661958635,
        "mean": 0.00335060642101,
        "min": 1.57266270031e-21,
        "stdev": 0.00547542842105
    },
    "spectral_energyband_middle_low": {
        "max": 0.114943556488,
        "mean": 0.014934817329,
        "min": 2.34199019782e-22,
        "stdev": 0.0204558242112
    },
    "spectral_entropy": {
        "max": 9.80408287048,
        "mean": 6.86868429184,
        "min": 4.52093791962,
        "stdev": 0.764195144176
    },
    "spectral_flux": {
        "max": 0.288101643324,
        "mean": 0.0762482360005,
        "min": 6.52043211091e-11,
        "stdev": 0.0538553223014
    },
    "spectral_kurtosis": {
        "max": 72.0431365967,
        "mean": 17.3712596893,
        "min": -1.23973357677,
        "stdev": 11.1431760788
    },
    "spectral_rms": {
        "max": 0.0106571363285,
        "mean": 0.00353594007902,
        "min": 3.20266621383e-12,
        "stdev": 0.00238921446726
    },
    "spectral_rolloff": {
        "max": 19143.0175781,
        "mean": 1150.69958496,
        "min": 193.798828125,
        "stdev": 1369.24279785
    },
    "spectral_skewness": {
        "max": 7.4039273262,
        "mean": 2.97265744209,
        "min": -0.0179854687303,
        "stdev": 1.1157271862
    },
    "spectral_spread": {
        "max": 41317836,
        "mean": 2973891.5,
        "min": 1231571.25,
        "stdev": 2339414.75
    },
    "spectral_strongpeak": {
        "max": 6.85465431213,
        "mean": 0.948090732098,
        "min": 0,
        "stdev": 0.999130129814
    },
    "zerocrossingrate": {
        "max": 0.52392578125,
        "mean": 0.0441792979836,
        "min": 0.00830078125,
        "stdev": 0.0365144126117
    },
    "barkbands": {
        "max": [0.000313925731461, 0.000961541256402, 0.0121216159314, 0.0194810722023, 0.0751929879189, 0.0572594180703, 0.108152747154, 0.0816018357873, 0.039111237973, 0.0258993897587, 0.00734531600028, 0.0156370736659, 0.0075703766197, 0.00931017845869, 0.00555737270042, 0.00418788939714, 0.00372849940322, 0.00103122927248, 0.000580957741477, 0.000283863773802, 0.000137665396323, 1.19875739983e-05, 3.01439990835e-06, 2.83146323454e-06, 7.49379796616e-06, 7.87082171883e-06, 3.83932530212e-07],
        "mean": [4.10471920986e-06, 3.4032142139e-05, 0.000450870895293, 0.00135352066718, 0.00380350695923, 0.00314445048571, 0.00338602554984, 0.0016414904967, 0.00136572250631, 0.000666199659463, 0.000365827872884, 0.000479067268316, 0.000498328532558, 0.000470528611913, 0.000416495313402, 0.000295425299555, 0.000173997570528, 6.20341961621e-05, 2.93938464893e-05, 1.62539417943e-05, 4.8289643928e-06, 7.82295956014e-07, 5.11349185217e-07, 8.97263248589e-07, 1.74964520738e-06, 4.62829831349e-07, 1.37085931495e-09],
        "min": [7.71809992299e-24, 3.24004863742e-23, 7.12990945484e-24, 6.57113008782e-24, 3.79873949425e-23, 1.9463386832e-23, 1.72037152793e-23, 2.41196730349e-23, 5.05199902784e-23, 2.66886380158e-23, 3.69290339085e-23, 5.82417710264e-23, 5.48936686398e-23, 5.4393524515e-23, 6.18795242048e-23, 1.01909292653e-22, 1.40650441035e-22, 2.48642848387e-22, 2.98198888504e-22, 3.25211101486e-22, 3.04169669411e-22, 3.34820714733e-22, 5.19404144866e-22, 7.24531658672e-22, 1.05484046768e-21, 1.42833190129e-21, 2.61310455058e-21],
        "stdev": [9.36207561608e-06, 7.06578139216e-05, 0.00116211443674, 0.00281586009078, 0.00686198379844, 0.00703954184428, 0.00837394502014, 0.00505641009659, 0.00350849493407, 0.00183019821998, 0.000696259725373, 0.00106651766691, 0.00100155151449, 0.000991952023469, 0.0009105996578, 0.000628679350484, 0.000335958320647, 0.000121154036606, 5.28223827132e-05, 2.8352254958e-05, 1.31928491101e-05, 9.67227151705e-07, 1.46969142634e-07, 2.10941351497e-07, 4.01618279966e-07, 2.40560069642e-07, 1.1272168976e-08]
    },
    "erbbands": {
        "max": [0.0257965140045, 0.254064828157, 7.63808727264, 45.8658103943, 109.578048706, 326.229003906, 527.175720215, 616.463195801, 1814.98876953, 1781.234375, 1382.71899414, 888.216491699, 976.259338379, 254.452148438, 337.976074219, 710.48614502, 404.59286499, 415.799407959, 429.481872559, 289.252197266, 184.045639038, 180.779006958, 70.2652893066, 46.1964797974, 19.8356342316, 12.9356365204, 8.97684001923, 3.89265727997, 0.544677197933, 0.12390486896, 0.0817174986005, 0.064374729991, 0.049912199378, 0.0726737976074, 0.0558567978442, 0.0343555063009, 0.0133368549868, 0.0024092849344, 7.45582583477e-05, 0.000130423592054],
        "mean": [0.000755316228606, 0.0140752457082, 0.331092834473, 2.95375418663, 7.24894142151, 13.856004715, 18.9235038757, 28.3199596405, 50.3038253784, 40.9050750732, 35.8595809937, 31.2603054047, 22.3154754639, 17.5910186768, 15.9125862122, 20.2459907532, 23.0962734222, 24.1476631165, 23.7097454071, 19.5248908997, 15.1194934845, 9.72113704681, 4.16052007675, 2.0250120163, 1.28221011162, 0.761451840401, 0.324795007706, 0.118028245866, 0.0302714351565, 0.0202518813312, 0.0152779631317, 0.0158363711089, 0.0173477530479, 0.0187314469367, 0.012370348908, 0.00374282686971, 0.000502725248225, 2.2723346774e-05, 9.99814892566e-06, 2.13819330384e-05],
        "min": [1.78835519471e-21, 4.5886883207e-21, 8.65828364853e-21, 1.42707606502e-20, 7.60125927055e-20, 1.09325708601e-19, 9.17643604658e-20, 1.63521121844e-19, 2.14591795701e-19, 3.81392145837e-19, 7.00808146169e-19, 1.04910096999e-18, 1.2669348484e-18, 8.31660984642e-19, 1.48817484978e-18, 2.81654047317e-18, 3.17543635657e-18, 3.57760578013e-18, 2.96504731046e-18, 3.59302525393e-18, 6.27902173718e-18, 9.23841630214e-18, 1.39425428149e-17, 1.68230024291e-17, 1.1507668853e-17, 1.48207803236e-17, 1.1270303586e-17, 1.18305770031e-17, 1.09561354263e-17, 1.4972710241e-17, 1.52471042482e-17, 1.52525421335e-17, 1.07097125315e-17, 9.28271844138e-18, 7.30105508278e-18, 4.8887437129e-18, 2.88649596475e-18, 1.25103188753e-18, 3.42130638447e-19, 3.60455390277e-20],
        "stdev": [0.00131770444568, 0.0226139239967, 0.745429635048, 6.07556295395, 12.7520723343, 29.6368865967, 47.261390686, 67.0338363647, 137.426986694, 109.454025269, 91.4473800659, 79.0067214966, 67.2865524292, 34.4278335571, 30.6456012726, 44.8102149963, 45.6674423218, 48.7649459839, 50.6979484558, 43.0422744751, 30.5840454102, 18.5290374756, 7.7982506752, 4.20729494095, 2.02046775818, 1.31421995163, 0.796081840992, 0.34348154068, 0.0492965839803, 0.00769325625151, 0.00435532536358, 0.00414724647999, 0.00427387421951, 0.00470980303362, 0.00309146568179, 0.00123683677521, 0.000384312355891, 6.88879663358e-05, 1.01445184555e-05, 2.33201335504e-05]
    },
    "gfcc": {
        "mean": [-117.858413696, 130.780639648, -129.430587769, -8.02562141418, -59.8630447388, -7.5722360611, -61.9799308777, 7.8785033226, -33.1434860229, -2.16469860077, -15.4870548248, -12.6742753983, -7.69533443451],
        "cov": [[7903.35644531, 1751.29528809, -1534.73132324, -914.04473877, 274.723358154, -398.267059326, 87.5036087036, -45.9852371216, -28.6346302032, -245.363067627, 115.796546936, -328.721954346, 74.4254302979], [1751.29528809, 868.888183594, 262.899078369, -404.233093262, -133.930679321, -273.24395752, -28.480430603, -118.770980835, 26.8639411926, -199.90032959, 35.2504272461, -152.835388184, -33.5808944702], [-1534.73132324, 262.899078369, 1862.04040527, 318.792694092, -686.703918457, -296.078674316, -312.244659424, -217.883789062, -21.5687007904, -101.047111511, -82.1452484131, -1.46126616001, -115.354469299], [-914.04473877, -404.233093262, 318.792694092, 651.344482422, -7.636698246, 2.68434810638, -89.6793899536, 1.36209928989, -51.671005249, 151.21194458, -67.6627426147, 64.3070678711, 24.229013443], [274.723358154, -133.930679321, -686.703918457, -7.636698246, 482.871032715, 138.800323486, 63.7083091736, 62.5682868958, 61.9201812744, 26.8198680878, 28.5304336548, 18.1336956024, 66.4030151367], [-398.267059326, -273.24395752, -296.078674316, 2.68434810638, 138.800323486, 339.224121094, 120.871208191, 73.2281036377, -29.3114280701, 53.2904434204, -20.9810905457, 68.1453094482, -9.11249828339], [87.5036087036, -28.480430603, -312.244659424, -89.6793899536, 63.7083091736, 120.871208191, 288.878967285, 68.9742431641, -54.2753753662, 21.1967182159, 31.2283668518, -16.738111496, 11.9326543808], [-45.9852371216, -118.770980835, -217.883789062, 1.36209928989, 62.5682868958, 73.2281036377, 68.9742431641, 111.288566589, 15.8401021957, 19.0690040588, 1.76049566269, 24.9350261688, 2.78420782089], [-28.6346302032, 26.8639411926, -21.5687007904, -51.671005249, 61.9201812744, -29.3114280701, -54.2753753662, 15.8401021957, 105.242866516, 15.4537267685, 2.34388375282, -2.48711681366, 10.9134778976], [-245.363067627, -199.90032959, -101.047111511, 151.21194458, 26.8198680878, 53.2904434204, 21.1967182159, 19.0690040588, 15.4537267685, 144.400390625, 3.76538920403, 8.98151111603, 11.793381691], [115.796546936, 35.2504272461, -82.1452484131, -67.6627426147, 28.5304336548, -20.9810905457, 31.2283668518, 1.76049566269, 2.34388375282, 3.76538920403, 64.1147079468, 11.1588020325, 2.75382375717], [-328.721954346, -152.835388184, -1.46126616001, 64.3070678711, 18.1336956024, 68.1453094482, -16.738111496, 24.9350261688, -2.48711681366, 8.98151111603, 11.1588020325, 96.6139068604, 25.4480743408], [74.4254302979, -33.5808944702, -115.354469299, 24.229013443, 66.4030151367, -9.11249828339, 11.9326543808, 2.78420782089, 10.9134778976, 11.793381691, 2.75382375717, 25.4480743408, 66.9692459106]],
        "icov": [[0.00153328862507, -0.00534432893619, 0.00385200488381, -0.002810228616, 0.00315427430905, -0.00112207524944, 0.00192376528867, 0.000422826851718, -0.000111554742034, 0.000418947136495, -0.000449311221018, -0.000852338504046, -8.59308129293e-05], [-0.00534432893619, 0.0226746499538, -0.0135085927323, 0.0101902056485, -0.0100122662261, 0.00406721234322, -0.00706582516432, 0.000587965827435, -0.00181982456706, 0.00332495407201, -0.00171154050622, 0.00854256749153, -0.00139515462797], [0.00385200488381, -0.0135085927323, 0.0160434115678, -0.0157299339771, 0.0182235110551, -0.0075626950711, 0.00369461951777, 0.0106517467648, -0.0145738255233, 0.0145745389163, -0.00883806589991, 0.00106004963163, 0.00184051995166], [-0.002810228616, 0.0101902056485, -0.0157299339771, 0.0225567165762, -0.0224270466715, 0.0137979267165, -0.00195443653502, -0.0136063089594, 0.0255944617093, -0.0269105751067, 0.0213970150799, -0.0108306109905, 0.0018098106375], [0.00315427430905, -0.0100122662261, 0.0182235110551, -0.0224270466715, 0.0289682950824, -0.0160218514502, 0.00349305709824, 0.0152776567265, -0.0286958087236, 0.0290584098548, -0.0235113520175, 0.0134138651192, -0.00575437350199], [-0.00112207524944, 0.00406721234322, -0.0075626950711, 0.0137979267165, -0.0160218514502, 0.0184861309826, -0.00535509595647, -0.00616879668087, 0.0173744428903, -0.0205188058317, 0.0240919236094, -0.0196774415672, 0.0121488468722], [0.00192376528867, -0.00706582516432, 0.00369461951777, -0.00195443653502, 0.00349305709824, -0.00535509595647, 0.0115948645398, -0.00704755168408, 0.00697837211192, -0.00168969063088, -0.00669017108157, 0.00681969057769, -0.00773112941533], [0.000422826851718, 0.000587965827435, 0.0106517467648, -0.0136063089594, 0.0152776567265, -0.00616879668087, -0.00704755168408, 0.0306679271162, -0.027375349775, 0.0221581198275, -0.00868096482009, 7.07067156327e-05, 0.00797726586461], [-0.000111554742034, -0.00181982456706, -0.0145738255233, 0.0255944617093, -0.0286958087236, 0.0173744428903, 0.00697837211192, -0.027375349775, 0.0543692037463, -0.0436911247671, 0.0288814455271, -0.0168843250722, -0.000377549644327], [0.000418947136495, 0.00332495407201, 0.0145745389163, -0.0269105751067, 0.0290584098548, -0.0205188058317, -0.00168969063088, 0.0221581198275, -0.0436911247671, 0.0546718277037, -0.0379024632275, 0.0280469488353, -0.0077894278802], [-0.000449311221018, -0.00171154050622, -0.00883806589991, 0.0213970150799, -0.0235113520175, 0.0240919236094, -0.00669017108157, -0.00868096482009, 0.0288814455271, -0.0379024632275, 0.0573245808482, -0.0373721905053, 0.0186321251094], [-0.000852338504046, 0.00854256749153, 0.00106004963163, -0.0108306109905, 0.0134138651192, -0.0196774415672, 0.00681969057769, 7.07067156327e-05, -0.0168843250722, 0.0280469488353, -0.0373721905053, 0.0486697405577, -0.0253660157323], [-8.59308129293e-05, -0.00139515462797, 0.00184051995166, 0.0018098106375, -0.00575437350199, 0.0121488468722, -0.00773112941533, 0.00797726586461, -0.000377549644327, -0.0077894278802, 0.0186321251094, -0.0253660157323, 0.03555444628]]
    },
    "melbands": {
        "max": [0.000237334868871, 0.00324926292524, 0.00675223581493, 0.010591709055, 0.0155538637191, 0.0135414162651, 0.0259336233139, 0.0211540199816, 0.0113144880161, 0.00479146558791, 0.00477277720347, 0.00118426349945, 0.00112350005656, 0.00128748791758, 0.00156291888561, 0.000825531082228, 0.000861478620209, 0.000824454706162, 0.000496470602229, 0.000358133838745, 0.000213111794437, 0.000221200796659, 0.000100248238596, 4.92817998747e-05, 3.84411541745e-05, 2.03958861675e-05, 1.04702703538e-05, 8.51172262628e-06, 6.53075767332e-06, 3.43601823261e-06, 2.02415799322e-06, 3.71220608031e-07, 7.12490333399e-08, 6.63107826426e-08, 4.97103798125e-08, 3.73130788489e-08, 3.94948287408e-08, 3.46759563286e-08, 4.18946619618e-08, 6.81443452777e-08],
        "mean": [7.95343112259e-06, 0.000152080552652, 0.000616154749878, 0.000762958778068, 0.000676744326483, 0.000653441704344, 0.000749769620597, 0.00042199678137, 0.000293382181553, 0.000183380805538, 0.000108569780423, 7.22635304555e-05, 5.16484687978e-05, 5.14517778356e-05, 5.28351556568e-05, 4.97417313454e-05, 4.41802185378e-05, 3.88720436604e-05, 3.02468270093e-05, 2.2202366381e-05, 1.66032350535e-05, 1.07711512101e-05, 5.54208736503e-06, 2.58734235103e-06, 1.52849156621e-06, 1.02047522432e-06, 7.49920161525e-07, 4.44285376489e-07, 2.30508135246e-07, 1.11628054356e-07, 5.048367413e-08, 1.65723630374e-08, 1.1661545507e-08, 1.01890753612e-08, 8.40910718836e-09, 8.86645157294e-09, 1.00035020267e-08, 1.13277422997e-08, 1.38955087436e-08, 1.68543685675e-08],
        "min": [1.31724104394e-23, 6.33275486049e-24, 4.72083277436e-24, 7.01115196758e-24, 4.78133446149e-24, 4.15251371242e-24, 3.4786158735e-24, 4.10803655129e-24, 7.3857914778e-24, 5.92481240387e-24, 6.36593198358e-24, 2.72663539888e-24, 4.50586936098e-24, 6.92823164239e-24, 5.59567833496e-24, 6.91880712116e-24, 6.30919552956e-24, 4.15573068719e-24, 4.61397683159e-24, 5.16755799967e-24, 7.04310320083e-24, 9.00029550567e-24, 9.38010757685e-24, 1.35269623956e-23, 1.44448320355e-23, 8.85931975102e-24, 8.97476796678e-24, 9.49592576837e-24, 8.03138262086e-24, 4.60792863503e-24, 5.99974196252e-24, 6.13223391256e-24, 6.78073753008e-24, 7.84601292991e-24, 7.7622737671e-24, 7.0328330207e-24, 9.40662750276e-24, 7.42691321907e-24, 7.33664544341e-24, 7.77604017876e-24],
        "stdev": [1.60605668498e-05, 0.000338598765666, 0.00104700715747, 0.00129805796314, 0.00157949433196, 0.00151688593905, 0.00193445244804, 0.00120523350779, 0.000764737545978, 0.000462571217213, 0.000336713623255, 0.000148898529005, 9.95123555185e-05, 0.000111475208541, 0.000111526198452, 0.000101837831608, 9.20911843423e-05, 8.46416660352e-05, 6.74645489198e-05, 4.95605891047e-05, 3.37040764862e-05, 2.09361114685e-05, 1.07119658423e-05, 5.20590219821e-06, 3.41263944392e-06, 1.75119669166e-06, 1.20451136354e-06, 8.43838279252e-07, 5.90052252392e-07, 3.21131778946e-07, 1.58362183811e-07, 2.87927210962e-08, 5.6861519937e-09, 3.62829166711e-09, 2.75283351669e-09, 2.68688116201e-09, 2.91939805663e-09, 3.13588821577e-09, 3.94998878051e-09, 4.72298644638e-09]
    },
    "melbands128": {
        "max": [0.000185880271601, 0.000217109554796, 0.000326460722135, 0.00048214927665, 0.00126049946994, 0.00782398506999, 0.0113201364875, 0.0102443480864, 0.0117294229567, 0.018768729642, 0.0209259837866, 0.0324698165059, 0.0264266505837, 0.0178383141756, 0.0189975593239, 0.0299296379089, 0.0367419831455, 0.0466757267714, 0.029090391472, 0.0268366336823, 0.0310993604362, 0.0169620476663, 0.020783085376, 0.0153193753213, 0.00993318390101, 0.00665867328644, 0.0114952735603, 0.00878289248794, 0.004478787072, 0.00269740214571, 0.00140890676994, 0.00105057319161, 0.00158583850134, 0.00123907497618, 0.00212185946293, 0.00150723243132, 0.00373349175788, 0.00195022614207, 0.00100124010351, 0.00170560879633, 0.00099195248913, 0.00101196148898, 0.000910974515136, 0.00126586935949, 0.00126998091582, 0.000849317351822, 0.00109929929022, 0.000589828181546, 0.000691046356224, 0.000668353633955, 0.000414388196077, 0.000327839661622, 0.00036208704114, 0.000323206098983, 0.000344103842508, 0.000217398031964, 0.000178309797775, 0.000157579750521, 0.000125114995171, 7.76907181717e-05, 5.92874966969e-05, 9.33558621909e-05, 6.63705650368e-05, 3.35686054314e-05, 3.19825412589e-05, 2.9093991543e-05, 1.45285412145e-05, 1.42249018609e-05, 1.38132536449e-05, 1.07635132736e-05, 9.44369458011e-06, 1.02755147964e-05, 1.02001040432e-05, 8.6181134975e-06, 7.91983075032e-06, 5.17840317116e-06, 3.71658825316e-06, 4.73527688882e-06, 1.66036500104e-06, 1.08397284748e-06, 3.77183312139e-07, 2.27254432161e-07, 7.52655608949e-08, 6.93382062877e-08, 8.95855123417e-08, 7.63053193964e-08, 5.40595870291e-08, 5.84541233195e-08, 5.46652358935e-08, 4.10362552827e-08, 3.53261206953e-08, 3.18199013805e-08, 4.72128363072e-08, 3.3376284847e-08, 4.45859313913e-08, 4.01365660707e-08, 3.40066712567e-08, 3.07565493074e-08, 4.58737439146e-08, 5.94755888983e-08, 6.11130133166e-08, 6.75770266412e-08, 8.11236517961e-08, 6.68136337367e-08, 5.49867209543e-08, 4.93784426681e-08, 8.55704769265e-08, 8.78384582848e-08, 4.06348164006e-08, 5.14143856378e-08, 6.15389694758e-08, 4.08560580922e-08, 4.05852382812e-08, 4.27370814293e-08, 3.03313711925e-08, 3.21358477606e-08, 1.58550808038e-08, 8.56812676364e-10, 5.93647006553e-11, 5.74886388494e-11, 5.64435338746e-11, 5.55400656022e-11, 5.42648564972e-11, 5.35812748337e-11, 5.3319713228e-11, 5.2181061555e-11, 5.26624681363e-11, 5.1588358585e-11],
        "mean": [2.83972576653e-06, 3.88684065911e-06, 9.51839137997e-06, 1.67047564901e-05, 5.69228905078e-05, 0.000288079521852, 0.00059542915551, 0.000678760930896, 0.000706769758835, 0.000790668069385, 0.000772794883233, 0.000776832632255, 0.00065069005359, 0.000552410958335, 0.00057727942476, 0.000722937867977, 0.00089527585078, 0.000779360125307, 0.000561009335797, 0.000440817733761, 0.000366407213733, 0.000288984068902, 0.000290469266474, 0.000299107370665, 0.000214039115235, 0.000132042900077, 0.000111798777652, 0.000115587041364, 9.62271224125e-05, 8.52779121487e-05, 5.99596860411e-05, 5.32650228706e-05, 5.29561875737e-05, 4.89301601192e-05, 4.80996386614e-05, 5.18352971994e-05, 5.73658835492e-05, 5.43491078133e-05, 4.72480132885e-05, 5.36241714144e-05, 5.02628136019e-05, 4.55363297078e-05, 4.39735304099e-05, 4.46191879746e-05, 4.03202648158e-05, 3.91641187889e-05, 3.53147370333e-05, 3.08695889544e-05, 2.86784979835e-05, 2.49446766247e-05, 2.12200648093e-05, 1.93047708308e-05, 1.87673649634e-05, 1.5084646293e-05, 1.23648824228e-05, 1.08454323708e-05, 9.30429814616e-06, 6.3790052991e-06, 4.39796258433e-06, 3.23837025462e-06, 2.5210745207e-06, 2.10748203244e-06, 1.74748026893e-06, 1.37552240176e-06, 1.10695725652e-06, 1.06870470518e-06, 9.10579672109e-07, 8.59422073063e-07, 7.2151084396e-07, 6.03802618571e-07, 4.58593063968e-07, 3.66960591691e-07, 2.81264931346e-07, 2.15403716197e-07, 1.57249786525e-07, 1.16660608285e-07, 9.31283423711e-08, 7.30917122382e-08, 4.57295996625e-08, 2.76649601005e-08, 1.76446448563e-08, 1.27017472096e-08, 1.0302050768e-08, 9.68342028784e-09, 1.62372462142e-08, 1.02485060438e-08, 8.97525698207e-09, 7.653579992e-09, 8.12706968389e-09, 9.45011269238e-09, 8.04183475367e-09, 9.15171050053e-09, 9.35970945193e-09, 8.63885674107e-09, 1.25753158997e-08, 9.77352065945e-09, 1.17481446793e-08, 1.20062493281e-08, 1.34986812839e-08, 1.55614419128e-08, 1.39886831008e-08, 1.85390280905e-08, 1.7360626714e-08, 1.83682846711e-08, 1.38144340411e-08, 1.22248264844e-08, 1.05769943914e-08, 7.95234278428e-09, 6.743690939e-09, 3.89127796652e-09, 2.74484857066e-09, 1.80646930747e-09, 1.20364795908e-09, 7.31733895698e-10, 1.79770309749e-10, 5.46394075818e-11, 2.49703556443e-11, 4.71607041613e-12, 3.88439324109e-12, 3.86732919994e-12, 3.82575698551e-12, 3.78342582957e-12, 3.72407139848e-12, 3.61780223834e-12, 3.6296885636e-12, 3.64216122539e-12, 3.62681716257e-12, 3.5885862424e-12],
        "min": [7.63243672843e-24, 1.69140913089e-23, 1.0115658051e-23, 4.5457249805e-24, 4.99840886665e-24, 3.76101900566e-24, 1.48650040055e-24, 5.02728985326e-24, 1.0137345415e-23, 2.70722508188e-24, 3.53915384822e-24, 5.59746707707e-24, 1.24473277551e-24, 1.89046887176e-24, 1.03282856472e-24, 7.77054102939e-24, 1.24585887445e-24, 2.08196958967e-24, 3.99457113742e-24, 3.82312247486e-24, 3.09122186294e-24, 3.14231224226e-24, 4.14180689778e-24, 8.51676025559e-25, 2.55198474991e-24, 2.46991521121e-24, 3.34260836483e-24, 4.96488977236e-24, 2.50937995014e-24, 2.6965086037e-24, 3.1286819091e-24, 2.51658363071e-24, 3.70644915812e-24, 5.28822610804e-24, 2.83074926116e-24, 6.91156064488e-24, 5.85534215711e-24, 2.37970916391e-24, 4.07408555565e-24, 8.84645342966e-24, 4.31532040376e-24, 5.96145578177e-24, 6.61530195978e-24, 4.66549418186e-24, 5.66140346457e-24, 1.67507690969e-24, 6.27659940252e-24, 4.04706312534e-24, 4.99615233003e-24, 3.89560419812e-24, 4.95673531718e-24, 3.23083683253e-24, 4.75619622545e-24, 7.2229256219e-24, 7.54802151182e-24, 8.73030864972e-24, 6.15903467296e-24, 5.45278919819e-24, 8.50375016433e-24, 1.20886575506e-23, 1.13579719817e-23, 8.19938632785e-24, 9.46095398672e-24, 1.02216462467e-23, 4.68544131871e-24, 7.86412044313e-24, 6.03687127874e-24, 6.15725697491e-24, 9.18338933292e-24, 1.35625526442e-23, 6.98857003531e-24, 9.15878870559e-24, 8.73918333491e-24, 6.58668405829e-24, 6.74064761888e-24, 2.96025911976e-24, 3.68910289567e-24, 6.11977661558e-24, 6.0992670209e-24, 6.79279526902e-24, 6.31968106871e-24, 5.03321183207e-24, 4.53517712133e-24, 5.4875065722e-24, 7.82499294223e-24, 7.24803664223e-24, 5.26598930241e-24, 7.39421020139e-24, 6.90799499359e-24, 7.17600890842e-24, 7.55070206118e-24, 5.66436958158e-24, 6.12645945074e-24, 1.02857262069e-23, 5.54563023812e-24, 9.62103043047e-24, 5.69977996989e-24, 6.42371801704e-24, 7.35049231888e-24, 7.85720292185e-24, 6.28215850532e-24, 7.29778063319e-24, 1.00626071551e-23, 7.75685113724e-24, 4.84003596803e-24, 7.3528809897e-24, 8.22124803011e-24, 9.30263512507e-24, 7.91063247096e-24, 6.13888400999e-24, 7.06857394174e-24, 6.7669151093e-24, 9.5521960056e-24, 7.27819242805e-24, 7.90524455098e-24, 6.22747230079e-24, 7.87756421068e-24, 1.0509320153e-23, 1.36411074131e-23, 8.88347624966e-24, 9.74645773668e-24, 1.0207466472e-23, 8.34363585526e-24, 1.20540912435e-23, 8.93007426334e-24, 7.58424600459e-24, 1.07011624477e-23, 8.11383751812e-24],
        "stdev": [5.64009815207e-06, 8.24726339488e-06, 2.29055895034e-05, 3.57033677574e-05, 0.000127247811179, 0.000761513889302, 0.00144056393765, 0.00145257159602, 0.00152396212798, 0.00180028402247, 0.00199868460186, 0.0024827150628, 0.0020756572485, 0.00161616900004, 0.00172840699088, 0.00255881738849, 0.00317670451477, 0.00261401105672, 0.00176243553869, 0.0015939285513, 0.00161648145877, 0.000994015135802, 0.00107517803553, 0.00109501951374, 0.000720083131455, 0.000445856712759, 0.00047109767911, 0.000537328887731, 0.00028963360819, 0.000246847979724, 0.000131128661451, 0.00011385869584, 0.00012305357086, 0.000114563626994, 0.000127653227537, 0.000131456443341, 0.000177397145308, 0.000139401105116, 0.000106231556856, 0.000130744781927, 0.000116060706205, 0.000101663150417, 0.000100157027191, 0.00011239554442, 9.8685217381e-05, 9.20830716495e-05, 8.99760125321e-05, 7.64472424635e-05, 7.25862919353e-05, 6.49694047752e-05, 5.2510004025e-05, 4.43123062723e-05, 4.25421421824e-05, 3.28332353092e-05, 2.65642011072e-05, 2.32094680541e-05, 1.95323227672e-05, 1.39890817081e-05, 9.51588754106e-06, 7.14586167305e-06, 5.53824338567e-06, 5.45903094462e-06, 4.73349837193e-06, 3.09736606141e-06, 2.2555382202e-06, 2.23384790843e-06, 1.5775610791e-06, 1.52177312884e-06, 1.31543276893e-06, 1.10660914743e-06, 9.33350690957e-07, 8.89201885457e-07, 7.34181412554e-07, 6.3815230078e-07, 5.14254111295e-07, 3.63194317288e-07, 2.91464374413e-07, 2.78034690382e-07, 1.47801657135e-07, 7.38642427223e-08, 3.35291474585e-08, 1.67254068373e-08, 8.17603051928e-09, 5.69807800943e-09, 7.95096521955e-09, 4.73254901934e-09, 4.45173808927e-09, 3.6262117753e-09, 3.69857500182e-09, 4.26843493884e-09, 3.49173645553e-09, 3.80474496353e-09, 3.85958021099e-09, 3.69072328255e-09, 5.46972156457e-09, 3.9453094125e-09, 4.58431470562e-09, 4.56676518823e-09, 5.15077935859e-09, 5.9848028755e-09, 5.46131317947e-09, 7.01724145458e-09, 6.21075102458e-09, 6.78321310232e-09, 5.2819952856e-09, 4.30067848001e-09, 4.09243927635e-09, 3.65699603933e-09, 2.70477951148e-09, 1.95139682191e-09, 1.9405606011e-09, 1.28270283284e-09, 1.21018028931e-09, 1.24285826075e-09, 8.71115402035e-10, 9.2294283327e-10, 4.62353849651e-10, 2.48786911211e-11, 5.71304765648e-12, 5.55043684625e-12, 5.43392587871e-12, 5.34391454698e-12, 5.21000560402e-12, 5.1016890365e-12, 5.02861901425e-12, 4.99339415302e-12, 4.96151427234e-12, 4.90307620893e-12]
    },
    "mfcc": {
        "mean": [-760.691711426, 175.154388428, -19.0581817627, -0.619934141636, 7.73397111893, -22.7952785492, -9.1201543808, -15.4556217194, -8.96025753021, -6.0014166832, -7.11793518066, -5.47678899765, -4.02256345749],
        "cov": [[4659.18847656, 1515.52539062, -1897.31750488, -435.301055908, -72.4415283203, -200.333618164, 239.626647949, 26.0587749481, 52.6052474976, 107.835716248, -32.7795600891, 35.9988746643, 15.8790502548], [1515.52539062, 1191.00061035, 140.802368164, -291.508666992, -134.668273926, -258.157409668, -136.378646851, -11.3934469223, -125.558761597, -73.3462905884, -44.9507064819, -32.3443183899, -40.620136261], [-1897.31750488, 140.802368164, 2196.46582031, 400.244903564, -198.377120972, -161.781417847, -375.330780029, -183.703231812, -211.895736694, -220.558044434, -76.8993606567, -59.2880554199, -85.7348861694], [-435.301055908, -291.508666992, 400.244903564, 522.721496582, 70.5081481934, -7.3694934845, -64.9334487915, -141.847946167, -2.42936348915, -17.0072479248, -54.504486084, -6.4990696907, 5.96205091476], [-72.4415283203, -134.668273926, -198.377120972, 70.5081481934, 315.785217285, 63.9568214417, -102.35319519, 2.57639861107, 18.7117519379, 6.73621177673, -17.9958057404, -22.1302928925, 36.6044845581], [-200.333618164, -258.157409668, -161.781417847, -7.3694934845, 63.9568214417, 205.322128296, 108.761886597, 13.7922525406, 64.3608169556, 22.2126274109, 21.6397781372, 24.9011592865, -3.94066810608], [239.626647949, -136.378646851, -375.330780029, -64.9334487915, -102.35319519, 108.761886597, 271.714447021, 90.7616348267, 51.1708068848, 43.4740867615, 34.4234428406, 32.0692367554, -8.71218490601], [26.0587749481, -11.3934469223, -183.703231812, -141.847946167, 2.57639861107, 13.7922525406, 90.7616348267, 160.855392456, 34.7294235229, -12.4059495926, 18.6581573486, -0.293946027756, 7.08151531219], [52.6052474976, -125.558761597, -211.895736694, -2.42936348915, 18.7117519379, 64.3608169556, 51.1708068848, 34.7294235229, 105.318817139, 48.8242759705, 6.02362298965, 11.6126499176, 12.2171850204], [107.835716248, -73.3462905884, -220.558044434, -17.0072479248, 6.73621177673, 22.2126274109, 43.4740867615, -12.4059495926, 48.8242759705, 110.077964783, 38.3136367798, -4.71019601822, 8.84237861633], [-32.7795600891, -44.9507064819, -76.8993606567, -54.504486084, -17.9958057404, 21.6397781372, 34.4234428406, 18.6581573486, 6.02362298965, 38.3136367798, 74.2580871582, 26.0106086731, -8.93061828613], [35.9988746643, -32.3443183899, -59.2880554199, -6.4990696907, -22.1302928925, 24.9011592865, 32.0692367554, -0.293946027756, 11.6126499176, -4.71019601822, 26.0106086731, 65.9522323608, 17.2390499115], [15.8790502548, -40.620136261, -85.7348861694, 5.96205091476, 36.6044845581, -3.94066810608, -8.71218490601, 7.08151531219, 12.2171850204, 8.84237861633, -8.93061828613, 17.2390499115, 71.4854888916]],
        "icov": [[0.00339709920809, -0.0057236761786, 0.00404080469161, -0.00330182304606, 0.00154546031263, -0.00074149214197, -0.000851119752042, 0.00184956390876, -0.0014220419107, 0.00204170169309, -0.000900435261428, 0.000694693240803, -0.000294027093332], [-0.0057236761786, 0.0114874113351, -0.00721864588559, 0.00769645627588, -0.0039758044295, 0.00478416308761, -0.000489278289024, -0.000595158257056, 0.0013207438169, -0.00223041209392, 0.00241865939461, -0.00162718887441, 0.00154304050375], [0.00404080469161, -0.00721864588559, 0.00753024918959, -0.007792012766, 0.00818041991442, -0.00759419240057, 0.00785450544208, -0.00444420939311, 0.00489205121994, 0.000255649239989, 0.000359338184353, 0.000933273578994, 0.000423904537456], [-0.00330182304606, 0.00769645627588, -0.007792012766, 0.0134521033615, -0.0128656001762, 0.0148775596172, -0.0151085946709, 0.0145908538252, -0.0114520518109, 0.00581767316908, -0.00136020535138, 0.000414264708525, -0.000271324941423], [0.00154546031263, -0.0039758044295, 0.00818041991442, -0.0128656001762, 0.0233103372157, -0.0236445162445, 0.0278479922563, -0.0224374011159, 0.0196145903319, -0.0109662599862, 0.00672347005457, -0.000381963443942, -0.000405029015383], [-0.00074149214197, 0.00478416308761, -0.00759419240057, 0.0148775596172, -0.0236445162445, 0.035386107862, -0.033529844135, 0.0297581665218, -0.027854969725, 0.0179388001561, -0.0102866888046, 0.00273441942409, 0.00015515089035], [-0.000851119752042, -0.000489278289024, 0.00785450544208, -0.0151085946709, 0.0278479922563, -0.033529844135, 0.0448917150497, -0.0374978147447, 0.0313496105373, -0.02247704193, 0.0139623470604, -0.00807715300471, 0.00478362850845], [0.00184956390876, -0.000595158257056, -0.00444420939311, 0.0145908538252, -0.0224374011159, 0.0297581665218, -0.0374978147447, 0.0447983182967, -0.0341619588435, 0.0292738340795, -0.0191518738866, 0.0131747182459, -0.00652658753097], [-0.0014220419107, 0.0013207438169, 0.00489205121994, -0.0114520518109, 0.0196145903319, -0.027854969725, 0.0313496105373, -0.0341619588435, 0.0440536811948, -0.0290720034391, 0.0202888511121, -0.0127987414598, 0.00520250154659], [0.00204170169309, -0.00223041209392, 0.000255649239989, 0.00581767316908, -0.0109662599862, 0.0179388001561, -0.02247704193, 0.0292738340795, -0.0290720034391, 0.0403172634542, -0.0274698603898, 0.0204704944044, -0.00932142138481], [-0.000900435261428, 0.00241865939461, 0.000359338184353, -0.00136020535138, 0.00672347005457, -0.0102866888046, 0.0139623470604, -0.0191518738866, 0.0202888511121, -0.0274698603898, 0.0388533398509, -0.0228635612875, 0.0120057892054], [0.000694693240803, -0.00162718887441, 0.000933273578994, 0.000414264708525, -0.000381963443942, 0.00273441942409, -0.00807715300471, 0.0131747182459, -0.0127987414598, 0.0204704944044, -0.0228635612875, 0.0339035317302, -0.0133144045249], [-0.000294027093332, 0.00154304050375, 0.000423904537456, -0.000271324941423, -0.000405029015383, 0.00015515089035, 0.00478362850845, -0.00652658753097, 0.00520250154659, -0.00932142138481, 0.0120057892054, -0.0133144045249, 0.0218820646405]]
    },
    "spectral_contrast_coeffs": {
        "max": [-0.279802083969, -0.353165835142, -0.490269124508, -0.642822861671, -0.631647229195, -0.68869715929],
        "mean": [-0.623879790306, -0.74767434597, -0.806538939476, -0.826455652714, -0.792412221432, -0.85290235281],
        "min": [-0.968023657799, -0.972281694412, -0.967017114162, -0.960008144379, -0.962841272354, -0.962389349937],
        "stdev": [0.127663508058, 0.119618810713, 0.069200463593, 0.0491621308029, 0.0531104542315, 0.0339481532574]
    },
    "spectral_contrast_valleys": {
        "max": [-5.89414739609, -4.7918639183, -5.40106201172, -5.33306121826, -6.99692153931, -10.6302089691],
        "mean": [-8.10647678375, -6.95409440994, -7.78951787949, -8.04777812958, -8.91954421997, -11.6480197906],
        "min": [-27.4999027252, -27.5863838196, -27.4762096405, -27.5620269775, -27.1743431091, -27.2779197693],
        "stdev": [1.20655620098, 1.32472920418, 1.48180150986, 1.52677726746, 1.19356071949, 0.817187488079]
    }
},
"rhythm": {
    "beats_count": 63,
    "beats_loudness": {
        "max": 0.0858422666788,
        "mean": 0.0299656260759,
        "min": 0.000112967063615,
        "stdev": 0.0215002186596
    },
    "bpm": 152.40486145,
    "bpm_histogram_first_peak_bpm": 152,
    "bpm_histogram_first_peak_weight": 0.100000023842,
    "bpm_histogram_second_peak_bpm": 172,
    "bpm_histogram_second_peak_spread": 0,
    "bpm_histogram_second_peak_weight": 0.112903222442,
    "danceability": 1.34876394272,
    "onset_rate": 3.75689315796,
    "beats_loudness_band_ratio": {
        "max": [0.859363377094, 0.935269474983, 0.912903189659, 0.57644456625, 0.532474577427, 0.0335278399289],
        "mean": [0.163815498352, 0.368956148624, 0.337154060602, 0.150286898017, 0.0752234086394, 0.00392126478255],
        "min": [0.0106022208929, 0.0149774830788, 0.0063006109558, 0.000797203800175, 0.000478934845887, 0.000131293956656],
        "stdev": [0.150683298707, 0.252560138702, 0.210888713598, 0.188497796655, 0.133047610521, 0.00637381477281]
    },
    "beats_position": [0.359909296036, 0.731428563595, 1.11455774307, 1.50929701328, 1.89242625237, 2.29877543449, 2.71673464775, 3.13469386101, 3.56426286697, 3.99383211136, 4.42340135574, 4.77170038223, 5.11999988556, 5.45668935776, 5.80498838425, 6.14167785645, 6.48997735977, 6.82666635513, 7.17496585846, 7.51165533066, 7.87156438828, 8.2198638916, 8.56816291809, 8.98612213135, 9.4040813446, 9.82204055786, 10.2167797089, 10.6115188599, 11.0062580109, 11.4009971619, 11.7957363129, 12.1904764175, 12.5852155685, 12.9799547195, 13.4443531036, 13.9203624725, 14.3963718414, 14.9536504745, 15.5109291077, 16.0798187256, 16.6487064362, 17.2292060852, 17.7980957031, 18.3785934448, 18.970703125, 19.4931507111, 20.0272102356, 20.5264396667, 21.037279129, 21.548116684, 22.0589561462, 22.5697956085, 23.0922451019, 23.5914726257, 24.1255321503, 24.6712017059, 25.2168693542, 25.774148941, 26.3314285278, 26.865486145, 27.3995456696, 27.9452152252, 28.4908847809],
