{
"metadata": {
    "version": {
        "essentia": "2.1-beta5",
        "essentia_git_sha": "Undefined",
        "extractor": "music 2.0"
    },
    "audio_properties": {
        "analysis": {
            "equal_loudness": 0,
            "length": 32.4963264465,
            "sample_rate": 44100,
            "start_time": 158.998641968,
            "downmix": "mix"
        },
        "bit_rate": 192000,
        "length": 301.67364502,
        "lossless": 0,
        "number_channels": 2,
        "replay_gain": 2.20437431335,
        "sample_rate": 44100,
        "codec": "mp3",
        "md5_encoded": "8facb120664ac5e1c5ed54f1960067d3"
    },
    "tags": {
        "file_name": "Italy_Romantica_Renato Rascel.mp3",
        "encoding": ["Lavf58.29.100"]
    }
},
"lowlevel": {
    "average_loudness": 0.945069372654,
    "barkbands_crest": {
        "max": 26.9219551086,
        "mean": 14.1548786163,
        "min": 4.70433092117,
        "stdev": 4.56451129913
    },
    "barkbands_flatness_db": {
        "max": 0.475482165813,
        "mean": 0.279614567757,
        "min": 0.143746554852,
        "stdev": 0.0470345169306
    },
    "barkbands_kurtosis": {
        "max": 838.978393555,
        "mean": 13.2327566147,
        "min": -1.0183506012,
        "stdev": 47.7702331543
    },
    "barkbands_skewness": {
        "max": 26.7051372528,
        "mean": 1.95680856705,
        "min": -1.75044465065,
        "stdev": 2.1961274147
    },
    "barkbands_spread": {
        "max": 18.2306251526,
        "mean": 4.68131971359,
        "min": 0.17766943574,
        "stdev": 3.1631193161
    },
    "dissonance": {
        "max": 0.499675363302,
        "mean": 0.371255546808,
        "min": 0.153465047479,
        "stdev": 0.0691228806973
    },
    "dynamic_complexity": 2.36372280121,
    "erbbands_crest": {
        "max": 31.0908870697,
        "mean": 16.2282733917,
        "min": 4.27251529694,
        "stdev": 5.81496095657
    },
    "erbbands_flatness_db": {
        "max": 0.416004151106,
        "mean": 0.303611010313,
        "min": 0.136900082231,
        "stdev": 0.0449187941849
    },
    "erbbands_kurtosis": {
        "max": 86.5614852905,
        "mean": 4.16239213943,
        "min": -1.78023552895,
        "stdev": 6.47071027756
    },
    "erbbands_skewness": {
        "max": 8.42444705963,
        "mean": 1.16815125942,
        "min": -2.27071714401,
        "stdev": 1.05805408955
    },
    "erbbands_spread": {
        "max": 45.2720069885,
        "mean": 12.3340845108,
        "min": 1.53261899948,
        "stdev": 8.44781780243
    },
    "hfc": {
        "max": 51.1942558289,
        "mean": 14.1438179016,
        "min": 0.0988263562322,
        "stdev": 9.25498390198
    },
    "loudness_ebu128": {
        "integrated": -26.3928375244,
        "loudness_range": 2.23649787903,
        "momentary": {
            "max": -22.988073349,
            "mean": -26.7687301636,
            "min": -32.8923416138,
            "stdev": 1.89256060123
        },
        "short_term": {
            "max": -24.5306339264,
            "mean": -26.443655014,
            "min": -28.6368408203,
            "stdev": 0.76892721653
        }
    },
    "melbands_crest": {
        "max": 32.1656341553,
        "mean": 16.556344986,
        "min": 6.16313505173,
        "stdev": 5.28678131104
    },
    "melbands_flatness_db": {
        "max": 0.53375941515,
        "mean": 0.349683314562,
        "min": 0.216259986162,
        "stdev": 0.0493247397244
    },
    "melbands_kurtosis": {
        "max": 359.655303955,
        "mean": 10.9174213409,
        "min": -1.42642426491,
        "stdev": 25.8950958252
    },
    "melbands_skewness": {
        "max": 14.1991596222,
        "mean": 1.63497948647,
        "min": -1.56901204586,
        "stdev": 1.60258662701
    },
    "melbands_spread": {
        "max": 30.4628772736,
        "mean": 7.2125453949,
        "min": 0.37014991045,
        "stdev": 4.52629518509
    },
    "pitch_salience": {
        "max": 0.839189648628,
        "mean": 0.521243691444,
        "min": 0.0310963131487,
        "stdev": 0.119371287525
    },
    "silence_rate_20dB": {
        "max": 1,
        "mean": 1,
        "min": 1,
        "stdev": 0
    },
    "silence_rate_30dB": {
        "max": 1,
        "mean": 0.999286234379,
        "min": 0,
        "stdev": 0.0267070494592
    },
    "silence_rate_60dB": {
        "max": 1,
        "mean": 0.0235546045005,
        "min": 0,
        "stdev": 0.151657223701
    },
    "spectral_centroid": {
        "max": 1412.49169922,
        "mean": 561.260009766,
        "min": 232.042663574,
        "stdev": 180.473098755
    },
    "spectral_complexity": {
        "max": 24,
        "mean": 9.7437543869,
        "min": 0,
        "stdev": 3.32972574234
    },
    "spectral_decrease": {
        "max": -6.05382757812e-11,
        "mean": -7.06234182246e-09,
        "min": -2.57037928719e-08,
        "stdev": 4.35866764903e-09
    },
    "spectral_energy": {
        "max": 0.101655527949,
        "mean": 0.0279378090054,
        "min": 0.000237692176597,
        "stdev": 0.0171813108027
    },
    "spectral_energyband_high": {
        "max": 4.81792849314e-05,
        "mean": 5.67015376873e-06,
        "min": 4.5757539624e-07,
        "stdev": 3.84410805054e-06
    },
    "spectral_energyband_low": {
        "max": 0.0122857224196,
        "mean": 0.000488666642923,
        "min": 6.14362261331e-06,
        "stdev": 0.0011602420127
    },
    "spectral_energyband_middle_high": {
        "max": 0.0465725325048,
        "mean": 0.0032014308963,
        "min": 6.0580769059e-06,
        "stdev": 0.00488172611222
    },
    "spectral_energyband_middle_low": {
        "max": 0.0980311408639,
        "mean": 0.0248952135444,
        "min": 0.000193587387912,
        "stdev": 0.0169480256736
    },
    "spectral_entropy": {
        "max": 8.28737068176,
        "mean": 6.14769792557,
        "min": 4.45332527161,
        "stdev": 0.450654506683
    },
    "spectral_flux": {
        "max": 0.21757543087,
        "mean": 0.0701909437776,
        "min": 0.00910759717226,
        "stdev": 0.0353415347636
    },
    "spectral_kurtosis": {
        "max": 57.9071769714,
        "mean": 26.7542247772,
        "min": 3.30308866501,
        "stdev": 11.14868927
    },
    "spectral_rms": {
        "max": 0.00995872076601,
        "mean": 0.00493539124727,
        "min": 0.000481554568978,
        "stdev": 0.00170243531466
    },
    "spectral_rolloff": {
        "max": 2153.3203125,
        "mean": 672.925476074,
        "min": 215.33203125,
        "stdev": 287.734313965
    },
    "spectral_skewness": {
        "max": 6.35560894012,
        "mean": 3.98008394241,
        "min": 1.68126022816,
        "stdev": 0.983951508999
    },
    "spectral_spread": {
        "max": 25062814,
        "mean": 2189580.5,
        "min": 1323636.125,
        "stdev": 885247.9375
    },
    "spectral_strongpeak": {
        "max": 8.75922870636,
        "mean": 1.97297501564,
        "min": 0.0261647272855,
        "stdev": 1.33467197418
    },
    "zerocrossingrate": {
        "max": 0.0546875,
        "mean": 0.027210265398,
        "min": 0.00830078125,
        "stdev": 0.00806070771068
    },
    "barkbands": {
        "max": [1.73555490619e-05, 0.0003026718623, 0.00389883480966, 0.0226056165993, 0.0711293667555, 0.050086017698, 0.0774406939745, 0.0663459450006, 0.0506319999695, 0.0228205341846, 0.0288071595132, 0.012270219624, 0.00758920237422, 0.00225365580991, 0.0068085049279, 0.00208074203692, 0.00193847133778, 0.000510134093929, 0.000543735164683, 0.000124352591229, 1.25960441437e-05, 2.00686645258e-06, 1.43532611219e-06, 1.57510191912e-06, 2.57187889474e-06, 1.24790790323e-06, 1.19563492262e-06],
        "mean": [3.37582719112e-06, 2.31612866628e-05, 0.000109894652269, 0.000995091628283, 0.00618632277474, 0.00323496269993, 0.00699660321698, 0.0044858190231, 0.0023478558287, 0.00142749503721, 0.000812463636976, 0.000442165648565, 0.000330702197971, 0.000122349345475, 0.000185853772564, 8.96547135198e-05, 8.75763289514e-05, 3.2890613511e-05, 1.39774074341e-05, 5.28868258698e-06, 7.26332871182e-07, 4.48847373491e-07, 4.28901728355e-07, 7.80604864303e-07, 1.5349445448e-06, 4.04380045893e-07, 2.38574560107e-09],
        "min": [1.3378931385e-07, 3.06752212964e-07, 3.37346875767e-07, 3.70147631656e-07, 1.35043756018e-05, 1.42090243571e-06, 5.7658262449e-06, 1.59416788392e-06, 1.70274847733e-06, 3.84496161132e-07, 4.44109730324e-07, 2.56529602893e-07, 4.69970530048e-07, 4.40175625727e-07, 1.84891206345e-07, 2.70759869636e-07, 2.78793635289e-07, 1.6734060182e-07, 2.01346310291e-07, 1.31939756898e-07, 7.53936575393e-08, 5.99396656753e-08, 3.7872734282e-08, 4.38969287586e-08, 9.32206489779e-08, 4.43773835457e-08, 3.14920617361e-10],
        "stdev": [2.14966212297e-06, 3.04299428535e-05, 0.00031735363882, 0.00225604232401, 0.00898340065032, 0.00554961478338, 0.0111749162897, 0.00939916446805, 0.0045896996744, 0.00301309325732, 0.00218303105794, 0.00106887647416, 0.000708264415152, 0.000233286555158, 0.000503953022417, 0.000167247795616, 0.000186506775208, 5.55417827854e-05, 2.82743803837e-05, 1.1538822946e-05, 9.50123876464e-07, 1.22950993386e-07, 1.00569934602e-07, 1.50963103351e-07, 2.71777395255e-07, 8.89712978847e-08, 3.1984736637e-08]
    },
    "erbbands": {
        "max": [0.00419115973637, 0.0841003656387, 2.58749341965, 35.3334197998, 130.783676147, 440.779541016, 490.792266846, 635.305664062, 933.344116211, 1781.59558105, 1453.01428223, 1452.40405273, 995.225708008, 904.814331055, 1706.24645996, 299.858032227, 417.460388184, 121.66809845, 395.264434814, 89.8135223389, 124.910202026, 101.201622009, 20.6021976471, 55.9646949768, 5.24607563019, 5.89753389359, 1.28951263428, 0.217490836978, 0.0768287703395, 0.0506840124726, 0.0416980870068, 0.0341919884086, 0.0265563465655, 0.0313844643533, 0.0173510592431, 0.00622809538618, 0.00216235197149, 0.000746658071876, 0.000177069174242, 0.00011476041982],
        "mean": [0.000490229169372, 0.00754103157669, 0.104251518846, 1.82956731319, 10.5010919571, 25.7471160889, 18.7567272186, 31.2853794098, 82.1585617065, 112.918281555, 89.4326782227, 58.9603118896, 49.0863838196, 34.9785766602, 41.0834770203, 15.8148241043, 15.7099542618, 8.0802564621, 10.3591022491, 5.61581277847, 5.82401561737, 4.17758750916, 1.97305214405, 1.2974858284, 0.453494787216, 0.269736945629, 0.0518200397491, 0.0215527117252, 0.0142890065908, 0.0158799439669, 0.0128545491025, 0.0138974143192, 0.0150119103491, 0.0164968669415, 0.0108012855053, 0.00327756931074, 0.000438104761997, 2.05137639568e-05, 1.43030802064e-05, 3.16311634379e-05],
        "min": [1.94371968973e-05, 9.94316360448e-05, 0.00136165856384, 0.0108565492555, 0.0767233967781, 0.0293418988585, 0.0317471176386, 0.0896507501602, 0.107607029378, 0.21282838285, 0.0553321428597, 0.0365147329867, 0.0236261319369, 0.018113873899, 0.0225041098893, 0.0147300250828, 0.0200041811913, 0.0241319444031, 0.0194901619107, 0.0159606225789, 0.0130398320034, 0.0120803033933, 0.0122929243371, 0.011387726292, 0.00610328977928, 0.00538800749928, 0.00472149485722, 0.00211690599099, 0.00162700528745, 0.00193486479111, 0.00104506663047, 0.000717659015208, 0.000930905109271, 0.00100835843477, 0.000626444758382, 0.000258330401266, 5.21550136909e-05, 7.93537583377e-06, 4.87072441047e-07, 3.15030717957e-07],
        "stdev": [0.000438325194409, 0.00915885716677, 0.21972976625, 3.80302500725, 14.5427875519, 51.0686225891, 33.6796875, 53.1124038696, 131.283493042, 220.648849487, 194.542053223, 109.621398926, 104.558547974, 87.381401062, 123.337310791, 30.0999259949, 33.0357131958, 12.1202669144, 28.5645370483, 8.93344688416, 11.1771068573, 8.85662269592, 2.61309552193, 3.36846280098, 0.590194761753, 0.615934967995, 0.0888110101223, 0.0196594279259, 0.00477890158072, 0.0040191556327, 0.00313200056553, 0.00297694932669, 0.00309670926072, 0.00343794655055, 0.00209485343657, 0.00063324306393, 0.000105942541268, 2.55368813669e-05, 9.36663491302e-06, 1.93138912437e-05]
    },
    "gfcc": {
        "mean": [-98.104347229, 151.867660522, -124.394584656, -34.6293563843, -69.251449585, -16.3161907196, -66.2540893555, 3.72844028473, -30.41264534, -11.0838537216, -12.4644603729, -12.7900924683, -7.32719373703],
        "cov": [[915.424438477, 264.569030762, -433.167907715, -275.108673096, 150.68182373, -88.2689971924, 96.9416885376, 37.2799720764, 17.6329402924, -68.9661254883, 79.7504501343, -12.0392942429, 67.1409912109], [264.569030762, 188.244842529, 23.3603858948, -132.64630127, -0.325678765774, 19.6906604767, 31.3377113342, -12.6874780655, 36.5403022766, -16.7536964417, 18.2201652527, -14.2741451263, -9.41145610809], [-433.167907715, 23.3603858948, 588.542785645, 195.180603027, -144.071350098, -31.7415237427, -106.009880066, -67.220161438, 49.6696357727, 18.540309906, -52.6446762085, -18.9297885895, -74.7371520996], [-275.108673096, -132.64630127, 195.180603027, 562.337402344, 167.4634552, -174.968902588, -207.828170776, -21.5106220245, -38.265663147, -12.0412483215, -97.0609283447, -17.7952232361, 3.05982494354], [150.68182373, -0.325678765774, -144.071350098, 167.4634552, 224.33102417, -23.2057590485, -80.4570922852, -12.3786249161, -12.3164577484, -23.8823356628, -32.6786956787, 11.5444917679, 50.2293968201], [-88.2689971924, 19.6906604767, -31.7415237427, -174.968902588, -23.2057590485, 258.096191406, 122.109657288, -12.9671621323, -23.6529903412, 18.2732505798, 1.93563508987, 21.0682296753, -5.42525911331], [96.9416885376, 31.3377113342, -106.009880066, -207.828170776, -80.4570922852, 122.109657288, 205.530273438, 58.569770813, -45.1437568665, -12.3279495239, 49.9083213806, 1.51660656929, -19.3034362793], [37.2799720764, -12.6874780655, -67.220161438, -21.5106220245, -12.3786249161, -12.9671621323, 58.569770813, 83.5097503662, 23.5894680023, 6.45494222641, 11.3573637009, -15.9677305222, -24.8428535461], [17.6329402924, 36.5403022766, 49.6696357727, -38.265663147, -12.3164577484, -23.6529903412, -45.1437568665, 23.5894680023, 136.171020508, 65.5991287231, -9.59436416626, -26.8426933289, -17.5167922974], [-68.9661254883, -16.7536964417, 18.540309906, -12.0412483215, -23.8823356628, 18.2732505798, -12.3279495239, 6.45494222641, 65.5991287231, 89.3455276489, 18.3597927094, -12.2982969284, -21.4984397888], [79.7504501343, 18.2201652527, -52.6446762085, -97.0609283447, -32.6786956787, 1.93563508987, 49.9083213806, 11.3573637009, -9.59436416626, 18.3597927094, 98.7212600708, 50.789276123, -2.4106733799], [-12.0392942429, -14.2741451263, -18.9297885895, -17.7952232361, 11.5444917679, 21.0682296753, 1.51660656929, -15.9677305222, -26.8426933289, -12.2982969284, 50.789276123, 95.5828704834, 56.9031639099], [67.1409912109, -9.41145610809, -74.7371520996, 3.05982494354, 50.2293968201, -5.42525911331, -19.3034362793, -24.8428535461, -17.5167922974, -21.4984397888, -2.4106733799, 56.9031639099, 110.883972168]],
        "icov": [[0.0208428055048, -0.02341257222, 0.0101895807311, 0.0045220577158, -0.0143397245556, 0.0191603004932, -0.0170468911529, 0.0113285873085, -0.00660687312484, 0.00491773383692, -0.00475107692182, 0.00516932597384, -0.00370716489851], [-0.02341257222, 0.0403888300061, -0.0187136959285, 0.00404674978927, 0.00333600328304, -0.0171243697405, 0.0149951679632, -0.0110189914703, 0.00641459180042, -0.00316594913602, 0.00191488617565, -7.80720511102e-05, 0.00315351760946], [0.0101895807311, -0.0187136959285, 0.0216462947428, -0.0177196804434, 0.0166556816548, -0.0004902202636, -0.0102317864075, 0.022457273677, -0.0246926806867, 0.0195152014494, -0.00847719889134, -5.70611409785e-05, 0.00272979470901], [0.0045220577158, 0.00404674978927, -0.0177196804434, 0.0328933298588, -0.0356979705393, 0.0218799915165, 0.00108399393503, -0.0203274190426, 0.0326438769698, -0.0285409465432, 0.0189985726029, -0.00481856474653, 0.000139344047057], [-0.0143397245556, 0.00333600328304, 0.0166556816548, -0.0356979705393, 0.0536166764796, -0.0342606157064, 0.0169078446925, 0.00947792734951, -0.0257194675505, 0.0264530833811, -0.0147114917636, 0.00161647505593, 0.000196334323846], [0.0191603004932, -0.0171243697405, -0.0004902202636, 0.0218799915165, -0.0342606157064, 0.0416654460132, -0.0297307483852, 0.0109338760376, 0.0104083558545, -0.0208466015756, 0.0233438313007, -0.0150541737676, 0.00667834701017], [-0.0170468911529, 0.0149951679632, -0.0102317864075, 0.00108399393503, 0.0169078446925, -0.0297307483852, 0.0488076582551, -0.0394876338542, 0.0238826293498, -0.00345313432626, -0.0109968902543, 0.0124743897468, -0.00833276286721], [0.0113285873085, -0.0110189914703, 0.022457273677, -0.0203274190426, 0.00947792734951, 0.0109338760376, -0.0394876338542, 0.0633583888412, -0.0468525588512, 0.0273338854313, -0.00603779219091, -0.0055115618743, 0.0120601551607], [-0.00660687312484, 0.00641459180042, -0.0246926806867, 0.0326438769698, -0.0257194675505, 0.0104083558545, 0.0238826293498, -0.0468525588512, 0.0653323158622, -0.0519576966763, 0.0275488495827, -0.00761307869107, -0.00242553395219], [0.00491773383692, -0.00316594913602, 0.0195152014494, -0.0285409465432, 0.0264530833811, -0.0208466015756, -0.00345313432626, 0.0273338854313, -0.0519576966763, 0.0644134804606, -0.0435408838093, 0.0254185330123, -0.00649565318599], [-0.00475107692182, 0.00191488617565, -0.00847719889134, 0.0189985726029, -0.0147114917636, 0.0233438313007, -0.0109968902543, -0.00603779219091, 0.0275488495827, -0.0435408838093, 0.0657564103603, -0.0499323345721, 0.0243044439703], [0.00516932597384, -7.80720511102e-05, -5.70611409785e-05, -0.00481856474653, 0.00161647505593, -0.0150541737676, 0.0124743897468, -0.0055115618743, -0.00761307869107, 0.0254185330123, -0.0499323345721, 0.0581985898316, -0.0308004207909], [-0.00370716489851, 0.00315351760946, 0.00272979470901, 0.000139344047057, 0.000196334323846, 0.00667834701017, -0.00833276286721, 0.0120601551607, -0.00242553395219, -0.00649565318599, 0.0243044439703, -0.0308004207909, 0.0295479837805]]
    },
    "melbands": {
        "max": [6.18427438894e-05, 0.0013512391597, 0.00720675848424, 0.0174293722957, 0.0149044012651, 0.0121858995408, 0.0130341006443, 0.0169120971113, 0.0112197585404, 0.00788968708366, 0.00483570294455, 0.00381670659408, 0.00424583861604, 0.0026776867453, 0.00094049848849, 0.00062700221315, 0.000256970175542, 0.000554600846954, 0.000314006552799, 0.000113250585855, 0.00013336109987, 0.00013421451149, 5.00049900438e-05, 3.38523750543e-05, 5.1468367019e-05, 5.54000234843e-06, 6.48161221761e-06, 3.45920580003e-06, 9.85695351119e-07, 3.20072700788e-07, 7.49570219227e-08, 4.54394992744e-08, 3.27650440113e-08, 2.4975552293e-08, 2.38663915297e-08, 2.26532019809e-08, 2.07698906962e-08, 2.03338466065e-08, 2.42333388911e-08, 3.11748564741e-08],
        "mean": [5.50574850422e-06, 5.14318162459e-05, 0.000540253764484, 0.00133482203819, 0.000793811574113, 0.000709648127668, 0.00131629849784, 0.00118566362653, 0.000651495589409, 0.000352704519173, 0.000235617015278, 0.000138643226819, 0.000119538330182, 7.3110248195e-05, 3.36892990163e-05, 2.92323766189e-05, 1.3055438103e-05, 1.54927274707e-05, 1.10761984615e-05, 5.95540313952e-06, 7.32764647182e-06, 4.88378009322e-06, 2.47162279265e-06, 1.44363320942e-06, 1.03007573671e-06, 3.35500629944e-07, 2.60532203811e-07, 1.47794040117e-07, 3.06802370176e-08, 1.78867232137e-08, 1.02182564632e-08, 7.75084707527e-09, 8.74675798457e-09, 8.32593816114e-09, 7.07009251144e-09, 7.6371007296e-09, 8.8414875421e-09, 9.76480407644e-09, 1.21235057549e-08, 1.48795882282e-08],
        "min": [1.36748511181e-07, 5.67278561903e-07, 3.01149725601e-06, 3.84288750865e-06, 6.13748909473e-07, 7.60515320053e-07, 1.76803791874e-06, 3.39511956327e-07, 3.34793753609e-07, 2.32794718613e-07, 8.30906472515e-08, 6.68876865006e-08, 6.33019325846e-08, 3.35184786593e-08, 5.41673692567e-08, 3.62315333291e-08, 4.54309088127e-08, 1.07451540998e-08, 1.56732653522e-08, 1.0800644823e-08, 1.22567076488e-08, 9.55768975075e-09, 9.0260270369e-09, 6.43777475773e-09, 8.94068197255e-09, 4.97484897721e-09, 3.50266926574e-09, 3.39686367923e-09, 2.31321561905e-09, 1.85608650671e-09, 1.06798603294e-09, 8.35983060554e-10, 1.22330734431e-09, 9.38689459495e-10, 5.38501077063e-10, 5.30681165678e-10, 4.23187901388e-10, 5.17908771425e-10, 9.71678737471e-10, 8.47047487706e-10],
        "stdev": [6.02521640758e-06, 0.000112758854812, 0.000852836528793, 0.00201975251548, 0.00129370880313, 0.00117561221123, 0.00201499951072, 0.00223751552403, 0.0014350063866, 0.000673165195622, 0.000519801047631, 0.000368915818399, 0.00032259587897, 0.000207505945582, 8.50659198477e-05, 6.13363008597e-05, 2.32234760915e-05, 4.14811329392e-05, 2.70143827947e-05, 9.09543359739e-06, 1.5144126337e-05, 1.14908634714e-05, 3.75633544536e-06, 3.21900438394e-06, 2.91471474156e-06, 4.46459694103e-07, 4.68844461921e-07, 3.62631567441e-07, 6.25979410529e-08, 2.39956250425e-08, 7.01586122531e-09, 3.04097502735e-09, 2.58874899295e-09, 2.28367214028e-09, 2.01370409236e-09, 2.00415684048e-09, 2.1694259722e-09, 2.37222708144e-09, 2.95930013827e-09, 3.56562002146e-09]
    },
    "melbands128": {
        "max": [8.56395854498e-06, 2.28827939281e-05, 7.58056121413e-05, 0.000192068619072, 0.0003336861555, 0.0026881119702, 0.00715040834621, 0.0130534488708, 0.0172787811607, 0.0217798650265, 0.0353161506355, 0.0228346753865, 0.0243936963379, 0.0177324246615, 0.0224241595715, 0.0213366337121, 0.0215554013848, 0.0245521962643, 0.0255389865488, 0.0325798727572, 0.0237859226763, 0.0276227593422, 0.0217584725469, 0.013487749733, 0.0178412441164, 0.0100120631978, 0.00970943178982, 0.00839561503381, 0.00496200472116, 0.00526200328022, 0.00539818871766, 0.00603102240711, 0.00379606918432, 0.0134300645441, 0.00328207318671, 0.00201820209622, 0.000880200765096, 0.00209010625258, 0.00162859004922, 0.00171029823832, 0.00133923953399, 0.00064707029378, 0.000552996993065, 0.000332480325596, 0.00046938599553, 0.000548216921743, 0.00159660435747, 0.000601550273132, 0.000129038075102, 0.000168103419128, 8.47653209348e-05, 0.000348573288647, 0.000260896864347, 0.000189075639355, 0.000194345557247, 0.000238828084548, 0.000135749141918, 0.000134478817927, 4.84508818772e-05, 2.37571730395e-05, 5.05039206473e-05, 7.33434717404e-05, 0.000103629368823, 3.33803654939e-05, 6.17016848992e-06, 9.57409429247e-06, 6.57474402033e-06, 6.47289925837e-06, 8.60708587425e-06, 1.35604177558e-05, 3.96975110561e-06, 2.40251370087e-06, 1.43078113979e-06, 1.07111577563e-06, 8.47071305543e-07, 4.63277700646e-07, 2.51628193837e-07, 1.35470017426e-07, 9.20313709685e-08, 6.40298409849e-08, 3.88313239341e-08, 4.97539573985e-08, 3.62390011333e-08, 2.98375368857e-08, 4.59154030352e-08, 2.95031519215e-08, 2.81429315407e-08, 2.12850395087e-08, 2.7151369153e-08, 2.36040111901e-08, 2.28354988252e-08, 2.39313191486e-08, 2.81970908844e-08, 2.32605295025e-08, 3.26629105984e-08, 2.29777832317e-08, 2.76803007182e-08, 2.88968085016e-08, 3.15237116411e-08, 3.77993956135e-08, 3.33839302868e-08, 4.45658656645e-08, 3.46617490266e-08, 4.6946286858e-08, 2.81556733484e-08, 2.64185668897e-08, 2.80304330857e-08, 1.77006143076e-08, 1.91683948714e-08, 9.73817471106e-09, 8.85903972403e-09, 6.80293110733e-09, 5.7529208064e-09, 7.84271847465e-09, 6.22957818663e-09, 8.06642308504e-09, 5.74742342607e-09, 5.5907998231e-09, 5.43158940047e-09, 5.2943422979e-09, 5.11627185062e-09, 5.06462560779e-09, 4.92644769423e-09, 4.88447282621e-09, 4.81990092283e-09, 4.78762096634e-09, 4.73204053719e-09, 4.70116789941e-09],
        "mean": [2.36337041315e-06, 2.59184230345e-06, 6.63835771775e-06, 1.13535870696e-05, 1.57138492796e-05, 7.05711354385e-05, 0.000284686073428, 0.000580961466767, 0.00106028863229, 0.00140158820432, 0.00164438073989, 0.00100451160688, 0.000519519380759, 0.000565772817936, 0.000627497385722, 0.000789936631918, 0.0011261930922, 0.00148980866652, 0.00141975423321, 0.0014092331985, 0.000925666594412, 0.000896391749848, 0.000656713848002, 0.000360397389159, 0.000370980793377, 0.000361540325684, 0.000274650548818, 0.000281944550807, 0.000108411077235, 0.000191069237189, 0.0001323789038, 6.50757137919e-05, 8.27835247037e-05, 0.000233641971136, 8.37002880871e-05, 3.0682203942e-05, 2.86696140392e-05, 2.76317750831e-05, 4.58553622593e-05, 3.60974991054e-05, 2.86058748316e-05, 1.20417507787e-05, 1.39426165333e-05, 1.3759081412e-05, 7.22283857613e-06, 1.49080497067e-05, 2.93875837087e-05, 7.51801690058e-06, 6.26564587947e-06, 6.94595155437e-06, 5.32633566763e-06, 5.72253657083e-06, 6.62952152197e-06, 8.70747317094e-06, 7.84578787716e-06, 3.89392744182e-06, 2.88537785309e-06, 3.37857068189e-06, 2.09642894333e-06, 1.22886842746e-06, 1.40898657719e-06, 1.46734555528e-06, 1.68066014794e-06, 7.31200827886e-07, 3.10289948402e-07, 3.3013736811e-07, 3.67649818145e-07, 2.34488837236e-07, 2.07940516361e-07, 3.49611042338e-07, 1.48904746311e-07, 6.12058741467e-08, 3.57219107627e-08, 2.58250043572e-08, 2.24391030201e-08, 2.09838884047e-08, 1.45836960286e-08, 1.16232579117e-08, 9.56998391644e-09, 8.89732287845e-09, 7.97877319769e-09, 7.19454718023e-09, 7.22309856371e-09, 7.24401472141e-09, 1.31265140979e-08, 8.08875810776e-09, 7.55492113313e-09, 6.43927311472e-09, 6.81704470651e-09, 7.94967203177e-09, 6.77876155208e-09, 7.94508547841e-09, 8.33247870702e-09, 7.62625429473e-09, 1.11386118107e-08, 8.43929992556e-09, 1.00713499762e-08, 1.02996970952e-08, 1.17062368687e-08, 1.37365923081e-08, 1.23466232793e-08, 1.64253535218e-08, 1.52366492756e-08, 1.59839732561e-08, 1.20230385647e-08, 1.06313944315e-08, 9.27932131134e-09, 7.01982738605e-09, 5.88610227226e-09, 3.37139782758e-09, 2.37349651044e-09, 1.541441641e-09, 1.02955810544e-09, 6.55708209951e-10, 1.58051335908e-10, 4.4844628011e-11, 2.32736243472e-11, 9.79975562504e-12, 9.50945832495e-12, 9.35102429517e-12, 9.14218700743e-12, 9.06277223406e-12, 8.85011595259e-12, 8.6941643121e-12, 8.63584984773e-12, 8.62018963155e-12, 8.59502226336e-12, 8.50401780245e-12],
        "min": [1.00964342664e-07, 3.73283626232e-08, 5.0383118122e-08, 4.60672033853e-08, 6.29738252655e-08, 1.4969481299e-07, 1.25497663817e-07, 1.21954556676e-07, 7.0325870638e-07, 2.01442662728e-06, 6.14207579019e-07, 1.46099282006e-07, 1.04762264641e-07, 1.24358194853e-07, 9.18795564075e-08, 1.91982110209e-07, 3.23926059309e-07, 1.17203427408e-07, 1.50784558173e-07, 7.31084099925e-08, 1.92568478496e-07, 8.96245779813e-08, 6.23703471092e-08, 3.13885983871e-08, 3.40005215094e-08, 6.25446290314e-08, 1.13345670627e-08, 4.15086311989e-08, 3.50926185888e-08, 2.07226413806e-08, 2.10128678901e-08, 1.94984028923e-08, 2.5866047082e-08, 1.74179515255e-08, 1.45053071776e-08, 1.54373491768e-08, 2.24079279576e-08, 2.74961102775e-08, 3.24604059188e-08, 1.69433373998e-08, 1.88280804281e-08, 1.79356547392e-08, 3.42786243834e-08, 1.52349990401e-08, 8.80598793884e-09, 9.82964909468e-09, 9.62787627401e-09, 7.37946415086e-09, 6.85449208504e-09, 1.09971667328e-08, 1.15761160657e-08, 5.15379650068e-09, 6.33285601737e-09, 8.14839129504e-09, 8.81807427078e-09, 6.98979230052e-09, 4.63935023731e-09, 8.0130977409e-09, 4.62094229547e-09, 4.96732832644e-09, 2.21740403816e-09, 3.425077999e-09, 4.35987157488e-09, 2.01894834184e-09, 5.21806153841e-09, 3.01832780991e-09, 2.44588616027e-09, 1.61491364725e-09, 2.98090863105e-09, 2.3656618886e-09, 1.54878809777e-09, 1.8960923942e-09, 9.26233090226e-10, 1.81363457585e-09, 1.94189642144e-09, 1.88351556574e-09, 1.72772618434e-09, 7.24260817986e-10, 7.9691248045e-10, 1.47087431124e-09, 5.69616021018e-10, 5.39628397522e-10, 1.07969944096e-09, 1.14017573161e-09, 1.63956070942e-09, 1.17693821355e-09, 7.18796633326e-10, 3.86554482867e-10, 3.65992430806e-10, 8.16994971675e-10, 7.05016933722e-10, 3.50393714044e-10, 4.32950536533e-10, 2.84528456351e-10, 5.66142965841e-10, 5.58200596856e-10, 3.2217653545e-10, 7.39534045113e-10, 1.11416031956e-09, 1.16548515283e-09, 4.89731255549e-10, 8.39961433741e-10, 1.06117725718e-09, 1.28060462234e-09, 3.79411335683e-10, 6.93939239405e-10, 3.36040417714e-10, 7.50521700343e-10, 3.17792153703e-10, 4.59513843643e-10, 3.12112391487e-10, 1.07852574094e-10, 9.13570816219e-11, 1.47207440682e-10, 4.21453323629e-12, 9.45480998181e-13, 7.51047498932e-13, 7.92618954411e-13, 8.65847649655e-13, 8.06205471306e-13, 7.15745876196e-13, 7.96422877734e-13, 6.35642526028e-13, 8.39686447544e-13, 8.27870378587e-13, 8.97322363982e-13, 7.0662003809e-13, 1.00569541844e-12],
        "stdev": [1.33543949232e-06, 2.51126743933e-06, 8.379593055e-06, 1.76888224814e-05, 3.11120820697e-05, 0.0002118787379, 0.000755582004786, 0.00128872087225, 0.00189601443708, 0.00220932113007, 0.00398689834401, 0.00207450869493, 0.00148790539242, 0.00151925720274, 0.00151465635281, 0.00187516713049, 0.00222670286894, 0.00332345301285, 0.0030537750572, 0.00382285029627, 0.00246390327811, 0.00267998781055, 0.00197543832473, 0.00123807252385, 0.00106583978049, 0.000932782422751, 0.000880659499671, 0.000824209302664, 0.000350672140485, 0.00060414877953, 0.000449369399576, 0.000244559341809, 0.00021713328897, 0.000937887758482, 0.000276138336631, 0.000110781962576, 8.32734294818e-05, 0.000130896369228, 0.000138756644446, 0.000104728787846, 9.24924752326e-05, 3.56670643669e-05, 3.63362050848e-05, 2.9120086765e-05, 2.80064596154e-05, 4.48744431196e-05, 0.000116936287668, 2.70207110589e-05, 1.42134185808e-05, 1.63201657415e-05, 9.67613505054e-06, 1.61568586918e-05, 2.23779152293e-05, 2.17470806092e-05, 1.97597037186e-05, 1.52890243044e-05, 7.70724636823e-06, 7.16729937267e-06, 3.74123146685e-06, 2.06562299354e-06, 3.9714277591e-06, 5.54559937882e-06, 5.50136473976e-06, 1.99874853024e-06, 6.14813586708e-07, 5.73396391701e-07, 6.36708364254e-07, 4.39991111989e-07, 4.90372030981e-07, 1.12437840016e-06, 3.8890877363e-07, 1.59999743232e-07, 8.96969822861e-08, 5.19879677086e-08, 4.30109352578e-08, 3.04559897302e-08, 2.0895470243e-08, 1.20118075486e-08, 7.12597403307e-09, 5.21188603386e-09, 4.35956248879e-09, 3.67760488729e-09, 3.47744522067e-09, 3.28615090694e-09, 5.62530289017e-09, 3.16467518857e-09, 3.34781535827e-09, 2.78835532441e-09, 2.82616596792e-09, 3.47865514172e-09, 2.72199329743e-09, 3.01413582982e-09, 3.15843595722e-09, 2.97393176751e-09, 4.22533341649e-09, 3.10549963523e-09, 3.72497832579e-09, 3.70641584091e-09, 4.0098475651e-09, 4.8069579428e-09, 4.38044223117e-09, 5.72238922913e-09, 4.93979568361e-09, 5.38454258958e-09, 3.92939991656e-09, 3.57678708873e-09, 3.10814307625e-09, 2.25016583144e-09, 2.03981587177e-09, 1.08779796282e-09, 7.94632470935e-10, 5.40000877347e-10, 3.92827381734e-10, 4.18384549228e-10, 2.52365850439e-10, 3.32932320601e-10, 1.82562728823e-10, 1.49395121274e-10, 1.45121831219e-10, 1.414518086e-10, 1.3669876342e-10, 1.35312872018e-10, 1.31624128263e-10, 1.30508659435e-10, 1.28779195641e-10, 1.27913651893e-10, 1.26430685365e-10, 1.25604165957e-10]
    },
    "mfcc": {
        "mean": [-750.418457031, 203.818786621, -12.167804718, -16.4397506714, 2.0450387001, -33.3198204041, -18.4737815857, -14.1705112457, -14.7471675873, -11.2528562546, -7.21247720718, -9.59649944305, -5.77561283112],
        "cov": [[1086.4486084, 333.728485107, -617.52545166, -138.302337646, -30.3987808228, -126.505332947, 76.7201538086, 56.3922538757, 2.50206446648, 27.6372966766, -56.0136032104, -51.4215240479, 35.522644043], [333.728485107, 320.993469238, -23.8801250458, -257.259368896, -108.476799011, -1.61504685879, 13.7694749832, 36.6678466797, -5.21406602859, 9.35303211212, 35.7807922363, 5.65463352203, 20.8731060028], [-617.52545166, -23.8801250458, 622.420837402, 65.9138412476, -39.1670532227, 58.6597137451, -91.7455291748, -48.6690406799, -19.922952652, -30.2918777466, 61.7455863953, 52.0514526367, -26.5950031281], [-138.302337646, -257.259368896, 65.9138412476, 563.815917969, 277.505279541, -72.1651916504, -115.836051941, -91.9815750122, 3.08734035492, -33.8911132812, -97.7862167358, -5.97352695465, -1.53757119179], [-30.3987808228, -108.476799011, -39.1670532227, 277.505279541, 290.708831787, 38.0718574524, -116.688674927, -64.5518569946, 33.6046943665, -22.9413356781, -87.3644790649, -18.1935920715, 21.7883968353], [-126.505332947, -1.61504685879, 58.6597137451, -72.1651916504, 38.0718574524, 151.441375732, 38.3276329041, 1.35492479801, 26.0303535461, -3.60593652725, -20.7037086487, -17.1413593292, 3.27887392044], [76.7201538086, 13.7694749832, -91.7455291748, -115.836051941, -116.688674927, 38.3276329041, 196.507827759, 96.4172134399, -27.6531410217, -13.6609764099, 2.83769822121, -23.2151374817, -13.0783367157], [56.3922538757, 36.6678466797, -48.6690406799, -91.9815750122, -64.5518569946, 1.35492479801, 96.4172134399, 103.515098572, 4.51959705353, -18.6240100861, 3.43301439285, -9.54292011261, -5.25233459473], [2.50206446648, -5.21406602859, -19.922952652, 3.08734035492, 33.6046943665, 26.0303535461, -27.6531410217, 4.51959705353, 89.9532165527, 48.6725120544, -18.4509372711, -12.5877399445, 1.12753641605], [27.6372966766, 9.35303211212, -30.2918777466, -33.8911132812, -22.9413356781, -3.60593652725, -13.6609764099, -18.6240100861, 48.6725120544, 105.844474792, 63.212600708, 5.75155496597, -21.3413066864], [-56.0136032104, 35.7807922363, 61.7455863953, -97.7862167358, -87.3644790649, -20.7037086487, 2.83769822121, 3.43301439285, -18.4509372711, 63.212600708, 157.281402588, 73.6392822266, -37.0634613037], [-51.4215240479, 5.65463352203, 52.0514526367, -5.97352695465, -18.1935920715, -17.1413593292, -23.2151374817, -9.54292011261, -12.5877399445, 5.75155496597, 73.6392822266, 101.990905762, 31.7525997162], [35.522644043, 20.8731060028, -26.5950031281, -1.53757119179, 21.7883968353, 3.27887392044, -13.0783367157, -5.25233459473, 1.12753641605, -21.3413066864, -37.0634613037, 31.7525997162, 120.243782043]],
        "icov": [[0.016162103042, -0.0227979980409, 0.0170404464006, -0.0114860320464, 0.00729423295707, -0.00057439529337, 0.000264399364823, 0.00149359344505, -0.000164197248523, 0.000451747124316, 0.00161665538326, -0.000481307448354, 0.00229998258874], [-0.0227979980409, 0.0379761680961, -0.0252028238028, 0.0210943538696, -0.0134683037177, 0.00474470900372, -0.00131090311334, -0.00187001132872, 0.000788683188148, -0.001797900768, -0.000751432438847, 0.000318141072057, -0.00371705461293], [0.0170404464006, -0.0252028238028, 0.0234542358667, -0.0190329626203, 0.0179441981018, -0.0118615962565, 0.0106322271749, -0.00413038115948, 0.00228734081611, 0.00289818271995, -0.00177969830111, 0.000915175944101, 0.00203558546491], [-0.0114860320464, 0.0210943538696, -0.0190329626203, 0.0254812072963, -0.0258387457579, 0.0220151934773, -0.0176431387663, 0.0118647068739, -0.00480355042964, -0.0018104048213, 0.00550425052643, -0.00437856419012, 0.00110524124466], [0.00729423295707, -0.0134683037177, 0.0179441981018, -0.0258387457579, 0.0370446145535, -0.0315047428012, 0.0298991985619, -0.0181629676372, 0.00921153556556, 0.000195157597773, -0.00165631680284, 0.00276373024099, -0.000865432084538], [-0.00057439529337, 0.00474470900372, -0.0118615962565, 0.0220151934773, -0.0315047428012, 0.0411309078336, -0.0347831770778, 0.0268014278263, -0.0188434459269, 0.00665526231751, 0.000632418668829, -0.000707695900928, 0.000718425028026], [0.000264399364823, -0.00131090311334, 0.0106322271749, -0.0176431387663, 0.0298991985619, -0.0347831770778, 0.0446933917701, -0.0365595668554, 0.025522813201, -0.0130298724398, 0.00582449464127, -0.000470481114462, 0.000437908078311], [0.00149359344505, -0.00187001132872, -0.00413038115948, 0.0118647068739, -0.0181629676372, 0.0268014278263, -0.0365595668554, 0.0475680679083, -0.0321166999638, 0.0258671566844, -0.014692931436, 0.00674828747287, -0.00163546507247], [-0.000164197248523, 0.000788683188148, 0.00228734081611, -0.00480355042964, 0.00921153556556, -0.0188434459269, 0.025522813201, -0.0321166999638, 0.0478496104479, -0.0385833904147, 0.0276725925505, -0.0138983754441, 0.00547708105296], [0.000451747124316, -0.001797900768, 0.00289818271995, -0.0018104048213, 0.000195157597773, 0.00665526231751, -0.0130298724398, 0.0258671566844, -0.0385833904147, 0.0503329858184, -0.0374851897359, 0.0211672205478, -0.00755644217134], [0.00161665538326, -0.000751432438847, -0.00177969830111, 0.00550425052643, -0.00165631680284, 0.000632418668829, 0.00582449464127, -0.014692931436, 0.0276725925505, -0.0374851897359, 0.0475448556244, -0.0318559408188, 0.0157588813454], [-0.000481307448354, 0.000318141072057, 0.000915175944101, -0.00437856419012, 0.00276373024099, -0.000707695900928, -0.000470481114462, 0.00674828747287, -0.0138983754441, 0.0211672205478, -0.0318559408188, 0.034495010972, -0.0150455413386], [0.00229998258874, -0.00371705461293, 0.00203558546491, 0.00110524124466, -0.000865432084538, 0.000718425028026, 0.000437908078311, -0.00163546507247, 0.00547708105296, -0.00755644217134, 0.0157588813454, -0.0150455413386, 0.0162979941815]]
    },
    "spectral_contrast_coeffs": {
        "max": [-0.244842082262, -0.402687519789, -0.465924918652, -0.614977777004, -0.624162793159, -0.801798641682],
        "mean": [-0.53870254755, -0.638294517994, -0.701407849789, -0.769989550114, -0.774651587009, -0.869675159454],
        "min": [-0.892157495022, -0.881811976433, -0.914070725441, -0.901069283485, -0.891651272774, -0.946453273296],
        "stdev": [0.0873462483287, 0.0909035652876, 0.0837312191725, 0.0512940175831, 0.0478513985872, 0.0116439526901]
    },
    "spectral_contrast_valleys": {
        "max": [-6.24214410782, -5.11392688751, -5.9655213356, -6.89394712448, -7.99618339539, -10.833026886],
        "mean": [-8.06516170502, -6.73199176788, -7.91868877411, -8.41123580933, -9.32836341858, -11.6587409973],
        "min": [-9.85268974304, -8.93244838715, -9.94684505463, -10.2507638931, -10.367603302, -11.9278459549],
        "stdev": [0.564198553562, 0.566807985306, 0.582885921001, 0.52112787962, 0.404539138079, 0.0892520546913]
    }
},
"rhythm": {
    "beats_count": 64,
    "beats_loudness": {
        "max": 0.0767430886626,
        "mean": 0.0305787734687,
        "min": 0.00186559616122,
        "stdev": 0.0167862642556
    },
    "bpm": 98.3853225708,
    "bpm_histogram_first_peak_bpm": 98,
    "bpm_histogram_first_peak_weight": 0.153846144676,
    "bpm_histogram_second_peak_bpm": 112,
    "bpm_histogram_second_peak_spread": 0.45454543829,
    "bpm_histogram_second_peak_weight": 0.095238097012,
    "danceability": 1.18124580383,
    "onset_rate": 1.56884753704,
    "beats_loudness_band_ratio": {
        "max": [0.491088926792, 0.942804217339, 0.93353843689, 0.703398883343, 0.122034348547, 0.00391992554069],
        "mean": [0.103886298835, 0.374477982521, 0.495705336332, 0.117743588984, 0.0203257724643, 0.000812494312413],
        "min": [0.000585060741287, 0.0253765117377, 0.0511932633817, 0.000484908639919, 0.000695831608027, 8.99750957615e-05],
        "stdev": [0.123185053468, 0.266879528761, 0.273647725582, 0.172015577555, 0.0277200434357, 0.000814652012195]
    },
    "beats_position": [0.46439909935, 0.952018141747, 1.42802715302, 1.90403628349, 2.39165520668, 2.85605430603, 3.28562355042, 3.70358276367, 4.12154197693, 4.53950119019, 4.96907043457, 5.39863920212, 5.8282084465, 6.2229475975, 6.6176867485, 7.01242637634, 7.39555549622, 7.77868461609, 8.16181373596, 8.54494285583, 8.93968200684, 9.32281208038, 9.71755123138, 10.1006803513, 10.5418596268, 10.9830379486, 11.4358272552, 11.8886165619, 12.3414058685, 12.7941951752, 13.235373497, 13.7113828659, 14.1873922348, 14.66340065, 15.2090702057, 15.7431287766, 16.2771873474, 16.8925170898, 17.5078449249, 18.1115646362, 18.7152824402, 19.3190021515, 19.9227199554, 20.5380496979, 21.153377533, 21.7570972443, 22.3840351105, 22.9993648529, 23.614692688, 24.195192337, 24.7756919861, 25.3561897278, 25.9250793457, 26.5055770874, 27.0860767365, 27.6781845093, 28.2354640961, 28.7927436829, 29.3268013, 29.8608608246, 30.3949203491, 30.9405899048, 31.474647522, 32.0203170776],
