{
"metadata": {
    "version": {
        "essentia": "2.1-beta5",
        "essentia_git_sha": "Undefined",
        "extractor": "music 2.0"
    },
    "audio_properties": {
        "analysis": {
            "equal_loudness": 0,
            "length": 29.0017242432,
            "sample_rate": 44100,
            "start_time": 0,
            "downmix": "mix"
        },
        "bit_rate": 192000,
        "length": 181.254959106,
        "lossless": 0,
        "number_channels": 2,
        "replay_gain": 1.25961875916,
        "sample_rate": 44100,
        "codec": "mp3",
        "md5_encoded": "80e69c381320038650ae9145d4ac7132"
    },
    "tags": {
        "file_name": "Norway_Voi-voi_Nora Brockstedt.mp3",
        "encoding": ["Lavf58.29.100"]
    }
},
"lowlevel": {
    "average_loudness": 0.906315684319,
    "barkbands_crest": {
        "max": 25.4137058258,
        "mean": 10.2410459518,
        "min": 2.75125002861,
        "stdev": 4.66632175446
    },
    "barkbands_flatness_db": {
        "max": 0.430216491222,
        "mean": 0.205234259367,
        "min": 0.0420603230596,
        "stdev": 0.0857416465878
    },
    "barkbands_kurtosis": {
        "max": 307.224029541,
        "mean": 9.77391815186,
        "min": -1.74964392185,
        "stdev": 21.432674408
    },
    "barkbands_skewness": {
        "max": 15.1573495865,
        "mean": 1.32600986958,
        "min": -2.31263923645,
        "stdev": 1.88234102726
    },
    "barkbands_spread": {
        "max": 59.0102500916,
        "mean": 10.216545105,
        "min": 0.452536076307,
        "stdev": 9.42304134369
    },
    "dissonance": {
        "max": 0.500000119209,
        "mean": 0.408094286919,
        "min": 0.129311680794,
        "stdev": 0.0913563072681
    },
    "dynamic_complexity": 5.41059494019,
    "erbbands_crest": {
        "max": 31.4577522278,
        "mean": 11.6786937714,
        "min": 2.73452568054,
        "stdev": 5.54834651947
    },
    "erbbands_flatness_db": {
        "max": 0.437427580357,
        "mean": 0.250430941582,
        "min": 0.0674975141883,
        "stdev": 0.0729990899563
    },
    "erbbands_kurtosis": {
        "max": 73.3997573853,
        "mean": 4.06180381775,
        "min": -1.53461289406,
        "stdev": 7.45931005478
    },
    "erbbands_skewness": {
        "max": 6.38706350327,
        "mean": 0.806183516979,
        "min": -2.05891275406,
        "stdev": 1.35105979443
    },
    "erbbands_spread": {
        "max": 84.985496521,
        "mean": 17.89935112,
        "min": 1.3109254837,
        "stdev": 14.1535797119
    },
    "hfc": {
        "max": 75.0266189575,
        "mean": 10.8996858597,
        "min": 1.11796569986e-16,
        "stdev": 11.8427190781
    },
    "loudness_ebu128": {
        "integrated": -26.8859634399,
        "loudness_range": 3.48462295532,
        "momentary": {
            "max": -22.5682582855,
            "mean": -28.6760349274,
            "min": -53.7332382202,
            "stdev": 5.33810567856
        },
        "short_term": {
            "max": -24.9346237183,
            "mean": -27.2819156647,
            "min": -30.3295211792,
            "stdev": 1.16928493977
        }
    },
    "melbands_crest": {
        "max": 31.5570907593,
        "mean": 12.1927595139,
        "min": 1.75619602203,
        "stdev": 5.79854774475
    },
    "melbands_flatness_db": {
        "max": 0.492077350616,
        "mean": 0.269253820181,
        "min": 0.00436784280464,
        "stdev": 0.0998179987073
    },
    "melbands_kurtosis": {
        "max": 214.471847534,
        "mean": 8.93248176575,
        "min": -1.62516283989,
        "stdev": 16.0555686951
    },
    "melbands_skewness": {
        "max": 9.09759616852,
        "mean": 1.31680512428,
        "min": -1.56138312817,
        "stdev": 1.51712548733
    },
    "melbands_spread": {
        "max": 142.162307739,
        "mean": 15.9087934494,
        "min": 0.681436121464,
        "stdev": 15.4695558548
    },
    "pitch_salience": {
        "max": 0.928559362888,
        "mean": 0.665186703205,
        "min": 0.242349803448,
        "stdev": 0.132171079516
    },
    "silence_rate_20dB": {
        "max": 1,
        "mean": 1,
        "min": 1,
        "stdev": 0
    },
    "silence_rate_30dB": {
        "max": 1,
        "mean": 0.993600010872,
        "min": 0,
        "stdev": 0.0797438323498
    },
    "silence_rate_60dB": {
        "max": 1,
        "mean": 0.294400006533,
        "min": 0,
        "stdev": 0.455770403147
    },
    "spectral_centroid": {
        "max": 11415.2773438,
        "mean": 1005.29077148,
        "min": 255.77796936,
        "stdev": 810.297058105
    },
    "spectral_complexity": {
        "max": 38,
        "mean": 9.76560020447,
        "min": 0,
        "stdev": 9.07965087891
    },
    "spectral_decrease": {
        "max": 2.34424536561e-20,
        "mean": -4.43756187352e-09,
        "min": -3.69195198857e-08,
        "stdev": 5.33708321981e-09
    },
    "spectral_energy": {
        "max": 0.146147415042,
        "mean": 0.0177369881421,
        "min": 9.80244972689e-21,
        "stdev": 0.0210182759911
    },
    "spectral_energyband_high": {
        "max": 0.00023702144972,
        "mean": 1.35106165544e-05,
        "min": 7.35352982464e-21,
        "stdev": 2.3363294531e-05
    },
    "spectral_energyband_low": {
        "max": 0.0194805823267,
        "mean": 0.000841912289616,
        "min": 3.85741275957e-23,
        "stdev": 0.00207922840491
    },
    "spectral_energyband_middle_high": {
        "max": 0.0540558323264,
        "mean": 0.0034456893336,
        "min": 1.20532190789e-21,
        "stdev": 0.00599442981184
    },
    "spectral_energyband_middle_low": {
        "max": 0.144555822015,
        "mean": 0.0141323516145,
        "min": 2.38418706184e-22,
        "stdev": 0.0205683615059
    },
    "spectral_entropy": {
        "max": 9.81432151794,
        "mean": 6.82476234436,
        "min": 4.79316997528,
        "stdev": 0.821862459183
    },
    "spectral_flux": {
        "max": 0.346020877361,
        "mean": 0.0733755230904,
        "min": 6.42412442686e-11,
        "stdev": 0.0537718050182
    },
    "spectral_kurtosis": {
        "max": 68.5706481934,
        "mean": 17.1253318787,
        "min": -1.2819019556,
        "stdev": 10.4604177475
    },
    "spectral_rms": {
        "max": 0.0119408052415,
        "mean": 0.00340371555649,
        "min": 3.09246920606e-12,
        "stdev": 0.00239145895466
    },
    "spectral_rolloff": {
        "max": 19810.546875,
        "mean": 1246.27416992,
        "min": 172.265625,
        "stdev": 1370.1427002
    },
    "spectral_skewness": {
        "max": 6.91780900955,
        "mean": 2.98854827881,
        "min": -0.0207744203508,
        "stdev": 1.06603467464
    },
    "spectral_spread": {
        "max": 42003564,
        "mean": 3123024.25,
        "min": 1119549,
        "stdev": 2550003.75
    },
    "spectral_strongpeak": {
        "max": 8.60495376587,
        "mean": 1.10831034184,
        "min": 0,
        "stdev": 1.20000112057
    },
    "zerocrossingrate": {
        "max": 0.509765625,
        "mean": 0.0488652326167,
        "min": 0.01025390625,
        "stdev": 0.0391514375806
    },
    "barkbands": {
        "max": [2.56863077084e-05, 0.000846761744469, 0.00988283287734, 0.02251374349, 0.0593363679945, 0.0449153520167, 0.122264459729, 0.102102391422, 0.0558153316379, 0.0476151295006, 0.00972480233759, 0.0318817049265, 0.00917418673635, 0.00985637772828, 0.00875082798302, 0.0062149730511, 0.00505264848471, 0.00116439745761, 0.0039135273546, 0.000326200213749, 0.000106467930891, 6.08870468568e-05, 1.3809038137e-05, 1.34066531245e-05, 1.28718720589e-05, 1.21966986626e-05, 1.24626858451e-05],
        "mean": [4.25896405432e-06, 2.65582712018e-05, 0.000306456175167, 0.00108839268796, 0.00322175608017, 0.00227791187353, 0.00359984440729, 0.00187826878391, 0.00170025369152, 0.00077309954213, 0.000309346447466, 0.000619479629677, 0.000446516467491, 0.000465864752186, 0.000394095433876, 0.000298025697703, 0.000201107090106, 5.87907961744e-05, 4.71687126264e-05, 1.09598840936e-05, 4.25338521381e-06, 1.05221533886e-06, 5.32713784196e-07, 8.62338310981e-07, 1.67530629369e-06, 4.58022498151e-07, 2.31707435461e-08],
        "min": [3.45193699211e-24, 1.49600938907e-23, 7.75845489146e-24, 2.24643564992e-24, 3.22381451108e-23, 2.78478501834e-23, 1.83116104673e-23, 3.13228739787e-23, 6.4990678019e-23, 3.22846500389e-23, 1.50454596847e-23, 4.33758734387e-23, 7.07325062473e-23, 3.92559085217e-23, 1.18795813273e-22, 1.28484804859e-22, 1.03235519296e-22, 1.45146506432e-22, 2.34654640598e-22, 2.18989579581e-22, 4.57723653423e-22, 4.70777546977e-22, 6.10767566284e-22, 6.73637281319e-22, 1.2271029507e-21, 1.60094163458e-21, 2.23918276494e-21],
        "stdev": [3.74725163965e-06, 5.03224582644e-05, 0.000870703952387, 0.00247408240102, 0.00642926478758, 0.00519819138572, 0.0108163403347, 0.00585240777582, 0.00489938724786, 0.00311910780147, 0.000754347303882, 0.00224748114124, 0.000981412129477, 0.000955873634666, 0.00085919938283, 0.000668838096317, 0.000434499321273, 0.00010965137335, 0.000205650809221, 2.48591531999e-05, 1.17458357636e-05, 2.59489434029e-06, 4.09607110896e-07, 4.11414760038e-07, 4.88777857299e-07, 3.59813270734e-07, 3.52214954091e-07]
    },
    "erbbands": {
        "max": [0.0113498158753, 0.228969350457, 6.04080438614, 47.3152427673, 121.421562195, 266.640319824, 537.174438477, 558.322875977, 1830.1796875, 2660.33862305, 1252.46447754, 1596.1862793, 1769.54333496, 398.212982178, 760.177001953, 1630.35168457, 387.266357422, 480.742218018, 345.924591064, 488.56842041, 298.062805176, 143.628158569, 134.528518677, 311.054992676, 92.231918335, 15.6501893997, 5.70580673218, 4.87896299362, 1.9788595438, 0.468007087708, 0.375828206539, 0.302677482367, 0.211434170604, 0.136591553688, 0.0956884101033, 0.0512171089649, 0.0219674054533, 0.00760877132416, 0.00178457738366, 0.000209219040698],
        "mean": [0.000635793840047, 0.0102350078523, 0.226317599416, 2.25808787346, 5.63090133667, 12.7272996902, 15.071762085, 20.9185352325, 44.3338546753, 53.4939918518, 38.7768936157, 41.1097679138, 29.2120990753, 16.0073757172, 15.2117643356, 27.0935935974, 21.5065383911, 23.2166824341, 22.6811084747, 18.7266902924, 16.3081150055, 9.85735797882, 3.85134720802, 3.49083518982, 1.31071555614, 0.542240262032, 0.251593619585, 0.120819203556, 0.0403146632016, 0.020891007036, 0.0155692659318, 0.0155345518142, 0.0165435485542, 0.0174541156739, 0.0120794950053, 0.00362530699931, 0.000496230670251, 4.66209930892e-05, 1.14644826681e-05, 2.05541928153e-05],
        "min": [3.10959426777e-22, 4.10104919373e-21, 7.93022496119e-21, 7.94166654927e-21, 4.52793982109e-20, 1.3503145766e-19, 1.78032028213e-19, 3.0512392201e-19, 2.29336936354e-19, 3.88015510248e-19, 9.94791599689e-19, 1.64535126368e-18, 1.26366893255e-18, 8.25875735137e-19, 1.22249529377e-18, 2.07608581873e-18, 3.05247761287e-18, 2.56985101947e-18, 3.59759790835e-18, 5.62131761084e-18, 6.73272947599e-18, 6.21094890867e-18, 8.69497601048e-18, 1.01020582089e-17, 8.96415960696e-18, 9.48551417626e-18, 1.45669384459e-17, 1.81346792701e-17, 1.59308087291e-17, 1.58239419571e-17, 1.88147606999e-17, 1.46904150047e-17, 9.87804115542e-18, 1.30371762637e-17, 8.81719856343e-18, 5.28965168602e-18, 2.90151570352e-18, 1.04031414053e-18, 2.91047660279e-19, 3.32538755462e-20],
        "stdev": [0.000842119508889, 0.0161788258702, 0.559693574905, 5.08517599106, 10.8000659943, 30.9004974365, 42.891746521, 51.6440620422, 135.162780762, 169.681472778, 102.980743408, 121.958679199, 117.490058899, 37.6026268005, 37.1985931396, 105.552223206, 44.8154983521, 45.1925430298, 45.3402862549, 41.351600647, 34.0315246582, 18.4157390594, 7.28580665588, 15.6300497055, 4.5982427597, 1.23835408688, 0.602395117283, 0.398638874292, 0.102234765887, 0.0192185621709, 0.0111667430028, 0.00906373746693, 0.00692581478506, 0.00540592707694, 0.0037033976987, 0.00161875481717, 0.000635788659565, 0.000219384106458, 5.12066690135e-05, 2.42184978561e-05]
    },
    "gfcc": {
        "mean": [-126.434326172, 122.91204834, -129.963119507, -10.8102035522, -58.5198516846, -4.45756006241, -59.2111320496, 8.64995670319, -29.4136695862, 0.327801018953, -16.2031612396, -10.7800168991, -8.54601097107],
        "cov": [[8504.73632812, 1967.29663086, -1749.36633301, -988.742797852, 225.937393188, -619.08380127, -19.1628837585, -117.819778442, -11.5433835983, -300.562011719, 116.431335449, -313.180969238, 153.362716675], [1967.29663086, 1016.51800537, 262.782348633, -412.473754883, -186.804779053, -411.733520508, -118.423240662, -192.22114563, 6.01230955124, -202.622055054, 11.2768573761, -212.642868042, -17.5958118439], [-1749.36633301, 262.782348633, 2015.08947754, 349.214324951, -724.783996582, -320.338989258, -347.223510742, -252.859283447, -75.9741363525, -72.9704971313, -118.583930969, -90.0127792358, -186.792572021], [-988.742797852, -412.473754883, 349.214324951, 645.446228027, 26.4180850983, 24.8432750702, -91.5891036987, 16.5782108307, -60.4643478394, 96.7932128906, -91.3068771362, 74.8767929077, -16.2750453949], [225.937393188, -186.804779053, -724.783996582, 26.4180850983, 492.757141113, 191.11781311, 66.2696914673, 83.952331543, 59.1692276001, 14.0484762192, 22.2681522369, 65.6002883911, 97.3502655029], [-619.08380127, -411.733520508, -320.338989258, 24.8432750702, 191.11781311, 451.328765869, 141.978408813, 108.250015259, -12.2483501434, 76.4943847656, -6.96872711182, 109.789909363, 4.9364657402], [-19.1628837585, -118.423240662, -347.223510742, -91.5891036987, 66.2696914673, 141.978408813, 272.341674805, 90.1039199829, -37.2419166565, 15.1718950272, 41.0960083008, 20.1699180603, 11.5466079712], [-117.819778442, -192.22114563, -252.859283447, 16.5782108307, 83.952331543, 108.250015259, 90.1039199829, 150.257843018, 33.0877685547, 25.9870910645, 4.19409656525, 43.5487709045, 5.14586591721], [-11.5433835983, 6.01230955124, -75.9741363525, -60.4643478394, 59.1692276001, -12.2483501434, -37.2419166565, 33.0877685547, 116.431091309, 33.4401779175, -2.71999430656, -7.79286766052, 21.5468273163], [-300.562011719, -202.622055054, -72.9704971313, 96.7932128906, 14.0484762192, 76.4943847656, 15.1718950272, 25.9870910645, 33.4401779175, 129.748596191, 11.3025350571, 20.3490066528, -0.933994948864], [116.431335449, 11.2768573761, -118.583930969, -91.3068771362, 22.2681522369, -6.96872711182, 41.0960083008, 4.19409656525, -2.71999430656, 11.3025350571, 89.6165237427, 29.500087738, 5.76309204102], [-313.180969238, -212.642868042, -90.0127792358, 74.8767929077, 65.6002883911, 109.789909363, 20.1699180603, 43.5487709045, -7.79286766052, 20.3490066528, 29.500087738, 121.530708313, 34.9652023315], [153.362716675, -17.5958118439, -186.792572021, -16.2750453949, 97.3502655029, 4.9364657402, 11.5466079712, 5.14586591721, 21.5468273163, -0.933994948864, 5.76309204102, 34.9652023315, 77.8125076294]],
        "icov": [[0.00108727661427, -0.00341373682022, 0.00261868257076, -0.00192327995319, 0.0025568746496, -0.00112929649185, 0.00148717558477, -0.000346750370227, -2.29235265579e-05, 0.000515677616931, -0.000795879692305, -0.00039274955634, -0.000107907071651], [-0.00341373682022, 0.015020637773, -0.0078755049035, 0.00663549406454, -0.00699271587655, 0.00424025999382, -0.00418600486591, 0.00385800446384, -0.00167057686485, 0.00355996727012, 0.000163510281709, 0.00633587408811, -0.000901104824152], [0.00261868257076, -0.0078755049035, 0.0112058976665, -0.0114996694028, 0.0150799537078, -0.00772611005232, 0.00468404684216, 0.00562027702108, -0.0101887211204, 0.0127247059718, -0.009242689237, 0.00385031872429, 3.84452359867e-05], [-0.00192327995319, 0.00663549406454, -0.0114996694028, 0.0197675563395, -0.0204072762281, 0.0144075350836, -0.00335215963423, -0.00861877109855, 0.0210102200508, -0.0245978739113, 0.0227435361594, -0.0142049053684, 0.0060902335681], [0.0025568746496, -0.00699271587655, 0.0150799537078, -0.0204072762281, 0.0282185841352, -0.0168220289052, 0.00617443211377, 0.00997474975884, -0.0231031626463, 0.0283625945449, -0.0237266160548, 0.0155827095732, -0.00900843553245], [-0.00112929649185, 0.00424025999382, -0.00772611005232, 0.0144075350836, -0.0168220289052, 0.0164738930762, -0.00501111336052, -0.00554088922217, 0.0157701242715, -0.0205123499036, 0.0213242210448, -0.0167042277753, 0.0100755654275], [0.00148717558477, -0.00418600486591, 0.00468404684216, -0.00335215963423, 0.00617443211377, -0.00501111336052, 0.010533622466, -0.00463368277997, 0.003031155793, 0.00288244895637, -0.00709153339267, 0.00601509353146, -0.0049804719165], [-0.000346750370227, 0.00385800446384, 0.00562027702108, -0.00861877109855, 0.00997474975884, -0.00554088922217, -0.00463368277997, 0.0235076043755, -0.0211575292051, 0.018500700593, -0.00761654321104, 0.00310909375548, 0.00549789052457], [-2.29235265579e-05, -0.00167057686485, -0.0101887211204, 0.0210102200508, -0.0231031626463, 0.0157701242715, 0.003031155793, -0.0211575292051, 0.0436139963567, -0.0380249433219, 0.0259176921099, -0.0155883189291, 0.0010079909116], [0.000515677616931, 0.00355996727012, 0.0127247059718, -0.0245978739113, 0.0283625945449, -0.0205123499036, 0.00288244895637, 0.018500700593, -0.0380249433219, 0.0534077510238, -0.0368514768779, 0.0285722892731, -0.00958311744034], [-0.000795879692305, 0.000163510281709, -0.009242689237, 0.0227435361594, -0.0237266160548, 0.0213242210448, -0.00709153339267, -0.00761654321104, 0.0259176921099, -0.0368514768779, 0.0499705523252, -0.0347531624138, 0.0183585900813], [-0.00039274955634, 0.00633587408811, 0.00385031872429, -0.0142049053684, 0.0155827095732, -0.0167042277753, 0.00601509353146, 0.00310909375548, -0.0155883189291, 0.0285722892731, -0.0347531624138, 0.0438997671008, -0.0235481932759], [-0.000107907071651, -0.000901104824152, 3.84452359867e-05, 0.0060902335681, -0.00900843553245, 0.0100755654275, -0.0049804719165, 0.00549789052457, 0.0010079909116, -0.00958311744034, 0.0183585900813, -0.0235481932759, 0.034060601145]]
    },
    "melbands": {
        "max": [0.000179361915798, 0.00259627378546, 0.00736353686079, 0.0100731048733, 0.0160849858075, 0.0109177893028, 0.0279799997807, 0.0300129875541, 0.0101658347994, 0.00869020074606, 0.00895837787539, 0.00202702614479, 0.00196116021834, 0.00395111273974, 0.00295055028982, 0.00111865624785, 0.0011010436574, 0.000674324983265, 0.000628317182418, 0.000601082690991, 0.000383325299481, 0.000215607826249, 0.000342929270118, 4.20104988734e-05, 0.00031610467704, 7.90655030869e-05, 2.3693055482e-05, 9.72455472947e-06, 3.98480551667e-06, 2.84700490738e-06, 3.13303644361e-06, 1.57180852511e-06, 2.78740571957e-07, 2.53312947507e-07, 2.19785064814e-07, 1.86912330946e-07, 1.88441546811e-07, 1.5853908053e-07, 1.21898395378e-07, 1.09081142341e-07],
        "mean": [6.64774051984e-06, 0.000105943967355, 0.000478488160297, 0.000643324339762, 0.000561458757147, 0.00047305674525, 0.000705394544639, 0.000551938137505, 0.000313306460157, 0.000247191550443, 0.000140814314364, 6.51445516269e-05, 4.51042069471e-05, 6.5766624175e-05, 6.06929497735e-05, 4.38361930719e-05, 4.33992754552e-05, 3.75017916667e-05, 2.85997266474e-05, 2.21798545681e-05, 1.88583217096e-05, 1.1416257621e-05, 5.36333573109e-06, 2.35107017943e-06, 3.02858120449e-06, 1.0881963135e-06, 5.47399906736e-07, 3.11925816732e-07, 1.69833683117e-07, 1.0411181961e-07, 5.75585410445e-08, 2.37089938793e-08, 1.49564112206e-08, 9.74652358821e-09, 8.67568594742e-09, 8.81994033364e-09, 9.78753877945e-09, 1.08140820743e-08, 1.32296289479e-08, 1.55868420393e-08],
        "min": [4.37913767327e-24, 5.3286094755e-24, 2.49340315023e-24, 6.03486559989e-24, 6.20112671314e-24, 6.25756024458e-24, 3.16407553412e-24, 4.67177312024e-24, 8.4616691682e-24, 1.02114218205e-23, 6.23723366563e-24, 3.56547103688e-24, 2.58972030574e-24, 5.81072694532e-24, 6.53906328645e-24, 6.75847508648e-24, 4.24263002678e-24, 4.4680592578e-24, 1.00454226091e-23, 7.60587420403e-24, 7.8635682405e-24, 5.27416426797e-24, 9.91361026275e-24, 5.82479470184e-24, 8.43416237729e-24, 6.31786313875e-24, 6.23282590532e-24, 5.19746884419e-24, 8.64948038365e-24, 1.050376815e-23, 1.04163536842e-23, 8.52183874488e-24, 7.29616583492e-24, 1.01046076874e-23, 1.07379493983e-23, 8.76062536317e-24, 9.85478569391e-24, 6.0804680711e-24, 8.77662661777e-24, 1.16271660325e-23],
        "stdev": [1.09773882286e-05, 0.000259686785284, 0.000913397991098, 0.00122850062326, 0.00143246212974, 0.00111375038978, 0.00211849133484, 0.00173164892476, 0.00086127029499, 0.000755743531045, 0.000590674928389, 0.000168370635947, 0.000110806460725, 0.000241844652919, 0.000196186243556, 9.58822856774e-05, 8.8537526608e-05, 7.59927206673e-05, 6.39858990326e-05, 5.16923028044e-05, 4.02756159019e-05, 2.2733815058e-05, 1.35942391353e-05, 4.50723700851e-06, 1.54844929057e-05, 4.1910575419e-06, 1.47914863646e-06, 7.46171565424e-07, 4.11854671256e-07, 2.99567489037e-07, 2.1933242067e-07, 7.05851377347e-08, 1.59812341138e-08, 8.54302051323e-09, 6.61442811634e-09, 5.69808022988e-09, 5.81372683328e-09, 5.18626963597e-09, 4.84631001996e-09, 4.94809482277e-09]
    },
    "melbands128": {
        "max": [1.60555755429e-05, 5.54713624297e-05, 0.000264287897153, 0.000457846123027, 0.00104772206396, 0.00647483346984, 0.0110025899485, 0.0115739945322, 0.0145440194756, 0.0127253383398, 0.0208044163883, 0.0282357633114, 0.0269083250314, 0.014071748592, 0.0144892940298, 0.0198817700148, 0.031381893903, 0.051688157022, 0.0467744171619, 0.0511762425303, 0.0367537289858, 0.0125438868999, 0.0148472711444, 0.0175399854779, 0.0195396076888, 0.0199487544596, 0.0109705207869, 0.0182791464031, 0.0112244868651, 0.00420325994492, 0.00223066471517, 0.00227897264995, 0.00179747003131, 0.00484722340479, 0.00274519389495, 0.00863010063767, 0.00745223043486, 0.00607498921454, 0.00159352878109, 0.00117820955347, 0.00233373302035, 0.00089055148419, 0.00107915548142, 0.0021921065636, 0.00194357184228, 0.000633018265944, 0.00101128220558, 0.000719755946193, 0.000490932608955, 0.00100460869726, 0.000719780509826, 0.000553854042664, 0.000780645408668, 0.000737242866307, 0.000631381641142, 0.000159460498253, 0.000114506794489, 0.000749605009332, 0.000239188753767, 5.49578035134e-05, 7.55931105232e-05, 5.49579053768e-05, 0.000441437441623, 0.000433431530837, 9.81978155323e-05, 8.20721834316e-05, 0.000165939083672, 2.01179736905e-05, 2.30212062888e-05, 1.6969641365e-05, 1.52061584231e-05, 1.01800096672e-05, 6.78031847201e-06, 4.65157199869e-06, 4.69795395475e-06, 3.93045183955e-06, 4.16789089286e-06, 3.74186834051e-06, 3.39941902894e-06, 5.38736730959e-06, 1.51106382873e-06, 4.18926333623e-07, 4.63829280761e-07, 2.6123066732e-07, 2.57441058693e-07, 2.65919538833e-07, 2.57804970261e-07, 2.16534473907e-07, 2.25712184942e-07, 2.14852988734e-07, 1.97105975985e-07, 1.78049560873e-07, 1.65481424119e-07, 2.03954527933e-07, 1.81990159831e-07, 1.97421158532e-07, 1.45576592558e-07, 1.18107010394e-07, 1.23671824781e-07, 1.18687374595e-07, 1.24918614119e-07, 1.02162879045e-07, 9.42696516404e-08, 1.31716149099e-07, 1.14370720894e-07, 9.17788298693e-08, 1.03450801703e-07, 1.03233880111e-07, 8.8590176972e-08, 7.4306683473e-08, 7.791473422e-08, 7.35719893896e-08, 7.02058571278e-08, 6.49264180197e-08, 6.23655296295e-08, 5.85184984914e-08, 5.95852860386e-08, 5.87599764401e-08, 5.69566793729e-08, 5.54027010935e-08, 5.41252198616e-08, 5.27829833175e-08, 5.17090228414e-08, 5.08209119232e-08, 4.99347514449e-08, 4.93667258183e-08, 4.89012599303e-08, 4.86116249476e-08],
        "mean": [2.9541731692e-06, 3.43050442098e-06, 8.4866733232e-06, 1.22284827739e-05, 3.51453963958e-05, 0.000197944929823, 0.000441661919467, 0.000566309317946, 0.000539949745871, 0.000592836120632, 0.000780376489274, 0.000681373407133, 0.000524764123838, 0.000378184544388, 0.000428544939496, 0.0005260190228, 0.000638655677903, 0.000763964722864, 0.000780232192483, 0.000607959169429, 0.000461384624941, 0.000294132303679, 0.00030466451426, 0.000310229777824, 0.000289505260298, 0.000228096672799, 0.000132531640702, 0.000168592770933, 0.000101537050796, 7.70523038227e-05, 5.0644564908e-05, 4.1434475861e-05, 4.33998757217e-05, 5.00350251968e-05, 4.77314133605e-05, 7.68247336964e-05, 8.74812467373e-05, 6.02878135396e-05, 4.39178729721e-05, 4.54005312349e-05, 4.57606874988e-05, 3.84966733691e-05, 4.15594113292e-05, 4.94834675919e-05, 4.04569254897e-05, 3.58051074727e-05, 3.31741321133e-05, 2.95930949505e-05, 2.69786214631e-05, 2.29380020755e-05, 2.27786586038e-05, 1.96292057808e-05, 1.80304323294e-05, 1.98285270017e-05, 1.81940104085e-05, 9.04323496798e-06, 7.42541988075e-06, 7.26343614588e-06, 4.19965408582e-06, 2.51438746091e-06, 1.9486342353e-06, 1.90595915228e-06, 4.58307158624e-06, 3.07777531816e-06, 1.09427219286e-06, 1.08691835976e-06, 1.11435315375e-06, 5.726272434e-07, 4.51330947726e-07, 4.25660573455e-07, 3.19437646112e-07, 2.60110482486e-07, 2.00833099484e-07, 1.57487562547e-07, 1.26428773228e-07, 1.17277735967e-07, 8.98009062666e-08, 6.96873385664e-08, 5.55278738545e-08, 4.49251160717e-08, 2.55367567092e-08, 1.61211826111e-08, 1.30278055011e-08, 1.81950792211e-08, 1.30152839617e-08, 9.40518685155e-09, 9.52508916185e-09, 8.17079293114e-09, 8.36672064963e-09, 9.58071399992e-09, 8.0153119697e-09, 9.14243969419e-09, 9.11874753484e-09, 8.41997138679e-09, 1.24089751807e-08, 9.33833099737e-09, 1.11278746218e-08, 1.14409113294e-08, 1.28217960693e-08, 1.47972079034e-08, 1.33806592473e-08, 1.50725512071e-08, 1.83965092049e-08, 1.8467581242e-08, 1.30450308333e-08, 1.18419984929e-08, 1.0126236738e-08, 9.2223286785e-09, 5.43430678235e-09, 3.75548303566e-09, 2.71006550534e-09, 1.7959443932e-09, 1.19584409042e-09, 7.18658299537e-10, 2.05530883979e-10, 2.85321544169e-10, 4.84621287544e-10, 5.0931918405e-11, 4.91662717483e-11, 4.78737327558e-11, 4.68280796084e-11, 4.57440266222e-11, 4.47984704888e-11, 4.40006087121e-11, 4.33036974334e-11, 4.28592335233e-11, 4.24726920301e-11, 4.22049999116e-11],
        "min": [1.26158008343e-24, 4.87538028924e-25, 7.44714907901e-24, 4.84240886163e-24, 9.85838487179e-25, 3.17882723305e-24, 1.15963055966e-24, 1.31261396058e-24, 3.11270254539e-24, 2.68566945765e-24, 6.3690925548e-24, 6.51178408192e-24, 6.70757462543e-24, 3.97380674067e-24, 3.16762560541e-24, 3.42476112836e-24, 4.5892381536e-24, 2.69296070178e-24, 1.55296321372e-24, 2.12134163745e-24, 3.32123299531e-24, 6.89394380315e-24, 7.27808829842e-24, 1.11072640974e-23, 1.15714314318e-23, 5.61197462354e-24, 4.52692958057e-24, 6.46716216481e-24, 5.92568961719e-24, 3.62541933808e-24, 7.6152978378e-25, 1.20393328392e-24, 1.65536761441e-24, 4.5617495065e-24, 4.98120617689e-24, 4.93725203055e-24, 4.99074942169e-24, 6.3180800755e-24, 3.35030409739e-24, 6.32912097273e-24, 6.91070394194e-24, 6.32919946439e-24, 2.26089547032e-24, 4.84098181226e-24, 3.91262426658e-24, 4.02938711904e-24, 4.75954691215e-24, 1.23277739128e-23, 5.98999676933e-24, 4.52555459601e-24, 8.34298188956e-24, 7.20196795423e-24, 5.68453404961e-24, 5.41634342994e-24, 5.92613847905e-24, 3.21061970804e-24, 5.09925566149e-24, 9.57915374932e-24, 1.24526087844e-23, 4.03787762896e-24, 5.93822974457e-24, 3.62668900971e-24, 8.42568370029e-24, 1.0703911628e-23, 6.80263157565e-24, 4.58091291004e-24, 5.06720621506e-24, 6.64665168658e-24, 3.00415469319e-24, 8.25650064625e-24, 3.57374066575e-24, 1.59275079398e-24, 3.10248147186e-24, 9.22753793348e-24, 3.9987946987e-24, 6.87980978231e-24, 1.06832829153e-23, 1.17409789396e-23, 8.27113243832e-24, 6.84784987159e-24, 6.33375513612e-24, 8.1650480015e-24, 9.90429775976e-24, 5.44322268199e-24, 4.69990153354e-24, 6.85239844357e-24, 9.94777503969e-24, 1.0597215824e-23, 6.11974269456e-24, 1.27478021129e-23, 9.08399522544e-24, 6.63241984699e-24, 4.73722135967e-24, 9.13674793189e-24, 4.3522103007e-24, 7.43737193695e-24, 6.50558797394e-24, 4.05062246575e-24, 8.59379863666e-24, 8.03884997819e-24, 7.4305790557e-24, 1.02183006876e-23, 1.04269480862e-23, 8.06846066113e-24, 9.09290698709e-24, 1.12669942312e-23, 5.7996343777e-24, 5.20097730306e-24, 8.63556566615e-24, 7.69669576005e-24, 8.70546110893e-24, 1.04079704594e-23, 8.82739139475e-24, 9.22517687279e-24, 7.08773300654e-24, 7.0837910686e-24, 7.3412563354e-24, 7.04019072637e-24, 9.2167321168e-24, 8.07263531304e-24, 7.70214915549e-24, 7.83750112074e-24, 1.00107892488e-23, 6.71921032378e-24, 7.54262333665e-24, 6.8157826758e-24, 7.05617778147e-24, 8.95277058044e-24],
        "stdev": [2.47877801485e-06, 4.69618817078e-06, 1.57512440637e-05, 2.60373544734e-05, 8.77483034856e-05, 0.000574507052079, 0.00117829197552, 0.00132475188002, 0.00131004292052, 0.0013864452485, 0.00227270834148, 0.00216628424823, 0.00196510623209, 0.00112781196367, 0.00136616337113, 0.00173179677222, 0.00223802076653, 0.00324887805618, 0.00308006862178, 0.00266907410696, 0.00191802764311, 0.00110000232235, 0.0012174147414, 0.00119191210251, 0.00112543848809, 0.0011580552673, 0.000597281032242, 0.00105230801273, 0.000498864625115, 0.000275462982245, 0.000145692421938, 0.000137233204441, 0.000123556324979, 0.000185013384908, 0.000158886323334, 0.000429825740866, 0.000451970059657, 0.000295699835988, 0.00012026240438, 0.00011640003504, 0.000132507906528, 9.3723378086e-05, 9.39392848522e-05, 0.000132975488668, 0.000107799212856, 8.1948353909e-05, 8.33715967019e-05, 7.48258535168e-05, 6.67930289637e-05, 5.95150268055e-05, 6.13871306996e-05, 5.00608548464e-05, 4.57968162664e-05, 5.30342913407e-05, 5.0707913033e-05, 1.93074993149e-05, 1.52165075633e-05, 2.68769599643e-05, 1.054234599e-05, 5.24901088284e-06, 4.60732326246e-06, 4.76506738778e-06, 2.28895314649e-05, 2.16655280383e-05, 4.84149313706e-06, 4.61884974357e-06, 6.72665510137e-06, 1.52480026827e-06, 1.19438925594e-06, 1.09769530354e-06, 8.74007980656e-07, 7.45710451611e-07, 5.12354233706e-07, 4.27517534263e-07, 3.67449985106e-07, 3.45705416294e-07, 3.15164925269e-07, 2.92949437153e-07, 2.21458890337e-07, 2.10583337434e-07, 7.53997682068e-08, 3.38219834362e-08, 2.32612222817e-08, 1.5557370503e-08, 1.3572879709e-08, 1.02401918056e-08, 8.49779890899e-09, 7.15455694689e-09, 7.22274284826e-09, 7.12665171321e-09, 6.42891340163e-09, 6.06135586168e-09, 5.67661384565e-09, 6.52016352021e-09, 7.32806659798e-09, 6.50766596166e-09, 5.80266279471e-09, 5.35907229704e-09, 5.69518743276e-09, 6.34053121118e-09, 6.04622485412e-09, 6.13992101606e-09, 7.08242309244e-09, 7.10185288355e-09, 5.34050492718e-09, 5.09470510224e-09, 4.67909400115e-09, 4.24922408371e-09, 3.11479553261e-09, 2.44745712585e-09, 2.37690933602e-09, 2.2203885397e-09, 2.02884398171e-09, 1.87453874645e-09, 1.88649518229e-09, 1.7995878121e-09, 1.7385471951e-09, 1.66122005041e-09, 1.61023860912e-09, 1.56630430848e-09, 1.53018664406e-09, 1.49223777779e-09, 1.46187617567e-09, 1.43676903708e-09, 1.41171407897e-09, 1.39565403678e-09, 1.38249434123e-09, 1.3743063354e-09]
    },
    "mfcc": {
        "mean": [-770.57635498, 169.172332764, -20.0822200775, -3.69928622246, 7.11963748932, -19.447719574, -10.2608156204, -13.9873886108, -5.85184955597, -4.93256521225, -3.79223632812, -3.75887346268, -4.91898298264],
        "cov": [[5419.63964844, 1709.57299805, -2091.3984375, -371.711181641, -111.840698242, -323.248657227, 78.7391891479, -31.8070793152, 43.7523269653, 1.77300393581, -118.188591003, -15.3624887466, 27.2380218506], [1709.57299805, 1286.15344238, 174.240081787, -203.007034302, -156.422744751, -303.216156006, -200.171524048, -148.642837524, -151.92401123, -73.0766830444, -97.1617431641, -46.8507843018, -51.3437576294], [-2091.3984375, 174.240081787, 2297.90478516, 437.029174805, -190.172912598, -164.844970703, -342.13293457, -261.505279541, -259.254547119, -151.573272705, -50.736579895, -56.7429237366, -114.514961243], [-371.711181641, -203.007034302, 437.029174805, 530.388427734, 62.8626976013, -53.4321250916, -90.2791366577, -114.958679199, -28.5656967163, -47.4202957153, -47.9356269836, -37.7571487427, -31.9231128693], [-111.840698242, -156.422744751, -190.172912598, 62.8626976013, 317.393676758, 93.4747772217, -68.9736785889, 20.8266582489, 42.7872924805, 4.37805604935, -23.0764217377, -18.481470108, 18.2373504639], [-323.248657227, -303.216156006, -164.844970703, -53.4321250916, 93.4747772217, 236.694885254, 114.379150391, 46.8645553589, 64.5544509888, 11.8748397827, 25.0289764404, 21.5173301697, 3.77173066139], [78.7391891479, -200.171524048, -342.13293457, -90.2791366577, -68.9736785889, 114.379150391, 250.649765015, 129.841812134, 35.8711547852, 18.3613491058, 37.5614395142, 16.6193389893, -0.420143336058], [-31.8070793152, -148.642837524, -261.505279541, -114.958679199, 20.8266582489, 46.8645553589, 129.841812134, 187.841323853, 63.2725753784, 0.242526486516, 22.3765907288, 4.11019611359, 16.7866287231], [43.7523269653, -151.92401123, -259.254547119, -28.5656967163, 42.7872924805, 64.5544509888, 35.8711547852, 63.2725753784, 129.353637695, 57.1262512207, 5.1557674408, 2.43631410599, 18.7252883911], [1.77300393581, -73.0766830444, -151.573272705, -47.4202957153, 4.37805604935, 11.8748397827, 18.3613491058, 0.242526486516, 57.1262512207, 118.800064087, 47.2687797546, -9.75106048584, -0.532364785671], [-118.188591003, -97.1617431641, -50.736579895, -47.9356269836, -23.0764217377, 25.0289764404, 37.5614395142, 22.3765907288, 5.1557674408, 47.2687797546, 86.6563644409, 30.9382820129, -8.12770652771], [-15.3624887466, -46.8507843018, -56.7429237366, -37.7571487427, -18.481470108, 21.5173301697, 16.6193389893, 4.11019611359, 2.43631410599, -9.75106048584, 30.9382820129, 77.1189727783, 39.9916381836], [27.2380218506, -51.3437576294, -114.514961243, -31.9231128693, 18.2373504639, 3.77173066139, -0.420143336058, 16.7866287231, 18.7252883911, -0.532364785671, -8.12770652771, 39.9916381836, 92.8101425171]],
        "icov": [[0.00316708371975, -0.00552096962929, 0.00400208774954, -0.00357602583244, 0.00190998835023, -0.00124160631094, -2.2628926672e-05, 0.000247525313171, -0.000921194558032, 0.00148633611389, -0.00176392379217, 0.000650628237054, -0.000885911518708], [-0.00552096962929, 0.0117664039135, -0.00700228381902, 0.00822508241981, -0.00387571519241, 0.00530346855521, -0.00073866249295, 0.00215093442239, 0.00106718810275, -0.000915951794013, 0.00435734866187, -0.000906649976969, 0.00302424421534], [0.00400208774954, -0.00700228381902, 0.00675562629476, -0.00648259464651, 0.00602732971311, -0.00581876374781, 0.00598490657285, -0.00419514719397, 0.00422928854823, -0.000887691450771, -6.79746517562e-05, 0.000138015879202, -2.83892950392e-05], [-0.00357602583244, 0.00822508241981, -0.00648259464651, 0.0111292218789, -0.00858270097524, 0.0115379588678, -0.00999552104622, 0.0116938762367, -0.0088096447289, 0.00713251670823, -0.00178900256287, 0.00257829320617, 0.00103709334508], [0.00190998835023, -0.00387571519241, 0.00602732971311, -0.00858270097524, 0.016333879903, -0.0172433909029, 0.0202890653163, -0.0172220282257, 0.0153192784637, -0.0106688728556, 0.00762709742412, -0.00175117107574, 0.000748571241274], [-0.00124160631094, 0.00530346855521, -0.00581876374781, 0.0115379588678, -0.0172433909029, 0.029079914093, -0.0269781444222, 0.0255681741983, -0.0241080038249, 0.0185511894524, -0.0108416676521, 0.00410876888782, -0.000202176452149], [-2.2628926672e-05, -0.00073866249295, 0.00598490657285, -0.00999552104622, 0.0202890653163, -0.0269781444222, 0.0381247512996, -0.0320216864347, 0.0288849007338, -0.0210830532014, 0.0149121116847, -0.00727365911007, 0.00510976742953], [0.000247525313171, 0.00215093442239, -0.00419514719397, 0.0116938762367, -0.0172220282257, 0.0255681741983, -0.0320216864347, 0.0392898842692, -0.0316783748567, 0.027799969539, -0.019953623414, 0.0130491266027, -0.00576234934852], [-0.000921194558032, 0.00106718810275, 0.00422928854823, -0.0088096447289, 0.0153192784637, -0.0241080038249, 0.0288849007338, -0.0316783748567, 0.0423006974161, -0.0306182876229, 0.0233417674899, -0.012307593599, 0.00551608158275], [0.00148633611389, -0.000915951794013, -0.000887691450771, 0.00713251670823, -0.0106688728556, 0.0185511894524, -0.0210830532014, 0.027799969539, -0.0306182876229, 0.0391765385866, -0.0291267577559, 0.0196529962122, -0.00798291712999], [-0.00176392379217, 0.00435734866187, -6.79746517562e-05, -0.00178900256287, 0.00762709742412, -0.0108416676521, 0.0149121116847, -0.019953623414, 0.0233417674899, -0.0291267577559, 0.0412830151618, -0.02416995354, 0.014000967145], [0.000650628237054, -0.000906649976969, 0.000138015879202, 0.00257829320617, -0.00175117107574, 0.00410876888782, -0.00727365911007, 0.0130491266027, -0.012307593599, 0.0196529962122, -0.02416995354, 0.0341218933463, -0.0160751696676], [-0.000885911518708, 0.00302424421534, -2.83892950392e-05, 0.00103709334508, 0.000748571241274, -0.000202176452149, 0.00510976742953, -0.00576234934852, 0.00551608158275, -0.00798291712999, 0.014000967145, -0.0160751696676, 0.0209500677884]]
    },
    "spectral_contrast_coeffs": {
        "max": [-0.306234151125, -0.358148932457, -0.407185614109, -0.604650199413, -0.61697614193, -0.658753454685],
        "mean": [-0.640177071095, -0.736846506596, -0.789767444134, -0.816802740097, -0.794763565063, -0.85075378418],
        "min": [-0.971590459347, -0.975908994675, -0.961442053318, -0.965789914131, -0.968597173691, -0.960453569889],
        "stdev": [0.140737041831, 0.132033199072, 0.0899061337113, 0.0564226098359, 0.0593455545604, 0.0349650159478]
    },
    "spectral_contrast_valleys": {
        "max": [-6.10580968857, -4.90421438217, -5.36315536499, -5.28982925415, -6.79488945007, -8.79008293152],
        "mean": [-8.32770347595, -7.21251249313, -7.99873352051, -8.18992996216, -9.04439544678, -11.6630315781],
        "min": [-27.926486969, -27.1061763763, -27.7873840332, -27.3927192688, -27.5144615173, -27.2968959808],
        "stdev": [1.19075131416, 1.338311553, 1.47621119022, 1.54180824757, 1.19066548347, 0.821190297604]
    }
},
"rhythm": {
    "beats_count": 64,
    "beats_loudness": {
        "max": 0.143667295575,
        "mean": 0.0243801642209,
        "min": 4.86837743665e-05,
        "stdev": 0.0242341831326
    },
    "bpm": 156.250869751,
    "bpm_histogram_first_peak_bpm": 157,
    "bpm_histogram_first_peak_weight": 0.400000035763,
    "bpm_histogram_second_peak_bpm": 136,
    "bpm_histogram_second_peak_spread": 0.533333361149,
    "bpm_histogram_second_peak_weight": 0.111111111939,
    "danceability": 1.32896459103,
    "onset_rate": 4.1015625,
    "beats_loudness_band_ratio": {
        "max": [0.765062987804, 0.753134489059, 0.920778095722, 0.60536634922, 0.520863890648, 0.436662167311],
        "mean": [0.161340758204, 0.232695803046, 0.342165738344, 0.178928941488, 0.133445456624, 0.0188645962626],
        "min": [0.000211732331081, 0.0118114510551, 0.00731191691011, 0.00163052114658, 0.000610274146311, 0.000101819343399],
        "stdev": [0.204343810678, 0.203277021646, 0.24893245101, 0.196578741074, 0.173012748361, 0.06813903898]
    },
    "beats_position": [0.476009070873, 0.952018141747, 1.4164172411, 1.88081634045, 2.33360528946, 2.7863945961, 3.21596360207, 3.65714287758, 4.1099319458, 4.58594083786, 5.06195020676, 5.52634906769, 5.99074840546, 6.45514726639, 6.8963265419, 7.4303855896, 7.96444416046, 8.51011276245, 9.06739234924, 9.62467098236, 10.1703395844, 10.6927890778, 11.2268476486, 11.749297142, 12.2833557129, 12.8290243149, 13.3514738083, 13.8623123169, 14.3499317169, 14.8607711792, 15.3716096878, 15.8940582275, 16.3468475342, 16.7764167786, 17.1827659607, 17.600725174, 18.0419044495, 18.483083725, 18.9242630005, 19.365442276, 19.8066215515, 20.2361907959, 20.6657600403, 21.0488891602, 21.4204082489, 21.8035373688, 22.1750564575, 22.5465755463, 22.918094635, 23.2896137238, 23.6611328125, 24.0326519012, 24.4157810211, 24.7873020172, 25.1704311371, 25.553560257, 25.9366893768, 26.3198184967, 26.7029476166, 27.0976867676, 27.4808158875, 27.8639450073, 28.2470741272, 28.6302032471],
