{
"metadata": {
    "version": {
        "essentia": "2.1-beta5",
        "essentia_git_sha": "Undefined",
        "extractor": "music 2.0"
    },
    "audio_properties": {
        "analysis": {
            "equal_loudness": 0,
            "length": 48.7502937317,
            "sample_rate": 44100,
            "start_time": 77.7520217896,
            "downmix": "mix"
        },
        "bit_rate": 192000,
        "length": 214.482727051,
        "lossless": 0,
        "number_channels": 2,
        "replay_gain": -4.98478317261,
        "sample_rate": 48000,
        "codec": "mp3",
        "md5_encoded": "db8d418620d6416614da91d30ed4ca1a"
    },
    "tags": {
        "file_name": "Monaco_Ce Soir-là_François Deguelt.mp3",
        "encoding": ["Lavf58.29.100"]
    }
},
"lowlevel": {
    "average_loudness": 0.275756031275,
    "barkbands_crest": {
        "max": 25.0691108704,
        "mean": 9.41185760498,
        "min": 2.63060760498,
        "stdev": 4.2142124176
    },
    "barkbands_flatness_db": {
        "max": 0.370892882347,
        "mean": 0.181713238358,
        "min": 0.0550122112036,
        "stdev": 0.0425156056881
    },
    "barkbands_kurtosis": {
        "max": 86.0867156982,
        "mean": 1.57647883892,
        "min": -1.91563344002,
        "stdev": 5.8965010643
    },
    "barkbands_skewness": {
        "max": 7.44479513168,
        "mean": 0.805363476276,
        "min": -3.19543027878,
        "stdev": 1.0486342907
    },
    "barkbands_spread": {
        "max": 92.8402786255,
        "mean": 19.9631671906,
        "min": 1.00277090073,
        "stdev": 10.7111091614
    },
    "dissonance": {
        "max": 0.499999910593,
        "mean": 0.458442002535,
        "min": 0.274719029665,
        "stdev": 0.0327690131962
    },
    "dynamic_complexity": 7.51654672623,
    "erbbands_crest": {
        "max": 30.6355953217,
        "mean": 9.95862388611,
        "min": 3.0758960247,
        "stdev": 4.65102243423
    },
    "erbbands_flatness_db": {
        "max": 0.367493063211,
        "mean": 0.245637744665,
        "min": 0.0987889841199,
        "stdev": 0.0495720095932
    },
    "erbbands_kurtosis": {
        "max": 26.1976852417,
        "mean": 0.180666327477,
        "min": -1.81192433834,
        "stdev": 2.35822153091
    },
    "erbbands_skewness": {
        "max": 3.95794868469,
        "mean": 0.0848873704672,
        "min": -3.74042081833,
        "stdev": 0.813082396984
    },
    "erbbands_spread": {
        "max": 81.9371185303,
        "mean": 27.8915748596,
        "min": 2.60405564308,
        "stdev": 11.467373848
    },
    "hfc": {
        "max": 148.47996521,
        "mean": 10.0355815887,
        "min": 0.00496655283496,
        "stdev": 17.9330444336
    },
    "loudness_ebu128": {
        "integrated": -22.5627422333,
        "loudness_range": 13.3224487305,
        "momentary": {
            "max": -14.5004882812,
            "mean": -27.7908287048,
            "min": -56.6777114868,
            "stdev": 7.88250541687
        },
        "short_term": {
            "max": -17.3835678101,
            "mean": -25.8267765045,
            "min": -40.0155334473,
            "stdev": 5.19451093674
        }
    },
    "melbands_crest": {
        "max": 33.946346283,
        "mean": 12.9051475525,
        "min": 3.16286373138,
        "stdev": 5.71175050735
    },
    "melbands_flatness_db": {
        "max": 0.468050330877,
        "mean": 0.202269211411,
        "min": 0.0463775619864,
        "stdev": 0.055747102946
    },
    "melbands_kurtosis": {
        "max": 163.356292725,
        "mean": 5.32615947723,
        "min": -1.77507531643,
        "stdev": 11.0347757339
    },
    "melbands_skewness": {
        "max": 9.76630878448,
        "mean": 1.58788144588,
        "min": -1.73834836483,
        "stdev": 1.25305306911
    },
    "melbands_spread": {
        "max": 161.100891113,
        "mean": 28.6062259674,
        "min": 0.755476355553,
        "stdev": 18.0494251251
    },
    "pitch_salience": {
        "max": 0.840327262878,
        "mean": 0.566112995148,
        "min": 0.0697573721409,
        "stdev": 0.119417339563
    },
    "silence_rate_20dB": {
        "max": 1,
        "mean": 1,
        "min": 1,
        "stdev": 0
    },
    "silence_rate_30dB": {
        "max": 1,
        "mean": 1,
        "min": 1,
        "stdev": 0
    },
    "silence_rate_60dB": {
        "max": 1,
        "mean": 0.506425499916,
        "min": 0,
        "stdev": 0.499961346388
    },
    "spectral_centroid": {
        "max": 4325.20849609,
        "mean": 1638.05151367,
        "min": 174.342498779,
        "stdev": 676.227905273
    },
    "spectral_complexity": {
        "max": 47,
        "mean": 10.7539262772,
        "min": 0,
        "stdev": 9.45413017273
    },
    "spectral_decrease": {
        "max": -6.3227521092e-13,
        "mean": -1.84825366123e-09,
        "min": -2.17174296324e-08,
        "stdev": 2.79158940408e-09
    },
    "spectral_energy": {
        "max": 0.0906891077757,
        "mean": 0.00788598880172,
        "min": 3.00449869428e-06,
        "stdev": 0.012088060379
    },
    "spectral_energyband_high": {
        "max": 0.00293322768994,
        "mean": 0.000118667237984,
        "min": 3.29807704702e-07,
        "stdev": 0.000276656413916
    },
    "spectral_energyband_low": {
        "max": 0.0101058445871,
        "mean": 0.000468186946819,
        "min": 5.14270254826e-07,
        "stdev": 0.000875521509442
    },
    "spectral_energyband_middle_high": {
        "max": 0.058461304754,
        "mean": 0.00409600557759,
        "min": 7.55356211357e-07,
        "stdev": 0.00792676676065
    },
    "spectral_energyband_middle_low": {
        "max": 0.0493382364511,
        "mean": 0.00331403850578,
        "min": 4.19633323645e-07,
        "stdev": 0.00556012429297
    },
    "spectral_entropy": {
        "max": 8.48572731018,
        "mean": 7.30730724335,
        "min": 5.95300865173,
        "stdev": 0.333262354136
    },
    "spectral_flux": {
        "max": 0.222648799419,
        "mean": 0.0395150072873,
        "min": 0.00098350585904,
        "stdev": 0.0354386977851
    },
    "spectral_kurtosis": {
        "max": 52.245765686,
        "mean": 6.12206029892,
        "min": -0.943648576736,
        "stdev": 5.31795310974
    },
    "spectral_rms": {
        "max": 0.00940623134375,
        "mean": 0.00218804948963,
        "min": 5.41407243873e-05,
        "stdev": 0.0017047264846
    },
    "spectral_rolloff": {
        "max": 6718.359375,
        "mean": 1853.74353027,
        "min": 64.599609375,
        "stdev": 1045.42663574
    },
    "spectral_skewness": {
        "max": 5.40920066833,
        "mean": 1.29005527496,
        "min": -0.385812789202,
        "stdev": 0.668693959713
    },
    "spectral_spread": {
        "max": 16274308,
        "mean": 2668644.25,
        "min": 1280865.75,
        "stdev": 843760.25
    },
    "spectral_strongpeak": {
        "max": 11.0875520706,
        "mean": 0.938682317734,
        "min": 0,
        "stdev": 1.26384413242
    },
    "zerocrossingrate": {
        "max": 0.1953125,
        "mean": 0.061001457274,
        "min": 0.00439453125,
        "stdev": 0.0263801980764
    },
    "barkbands": {
        "max": [0.000602636195254, 0.00940260663629, 0.00407373532653, 0.000844746129587, 0.00424671638757, 0.0248176176101, 0.0324861481786, 0.0445334129035, 0.0474486090243, 0.0126939276233, 0.0115320486948, 0.0153331859037, 0.0159139893949, 0.0390306934714, 0.0248907189816, 0.00741392327473, 0.0084978165105, 0.0204329993576, 0.0108103211969, 0.00299564586021, 0.00118185614701, 0.000790622434579, 0.000794834864791, 8.41490036692e-05, 8.11831705505e-06, 7.45989973439e-06, 7.54625671107e-06],
        "mean": [1.09540578705e-05, 0.000297311053146, 0.000150748499436, 3.6038341932e-05, 0.000188050282304, 0.00057526875753, 0.000666996988002, 0.000665928644594, 0.000990962260403, 0.000411245506257, 0.00035559484968, 0.000562861561775, 0.000471132923849, 0.000461166986497, 0.000321588100633, 0.00028964370722, 0.000350319198333, 0.000581199012231, 0.000327072135406, 9.02322717593e-05, 4.58522008557e-05, 2.55099766946e-05, 8.86729321792e-06, 1.36531070893e-06, 7.3349085028e-08, 3.89973475734e-09, 3.95288690669e-09],
        "min": [1.33529374224e-08, 9.79222249953e-08, 5.55482060349e-08, 2.77240861379e-08, 3.420777972e-08, 2.39983517503e-08, 2.44465816479e-08, 3.07937746413e-08, 1.12817275522e-08, 5.99380456379e-09, 4.91313034701e-09, 6.84140522011e-09, 7.69940555756e-09, 8.64484661633e-09, 1.01433151656e-07, 1.20311174356e-08, 2.08332568974e-08, 9.82609691391e-08, 9.29134316152e-08, 5.29190558041e-08, 3.95447976587e-08, 5.38186064603e-08, 3.67668206991e-08, 1.80146617623e-08, 1.8724994888e-08, 3.69380151466e-11, 4.82945454461e-11],
        "stdev": [2.46245963353e-05, 0.000641105230898, 0.000336808967404, 5.88607217651e-05, 0.000288721232209, 0.00181852281094, 0.00173353799619, 0.00279288948514, 0.00337121263146, 0.00114027096424, 0.000929398636799, 0.00161187862977, 0.00127434439491, 0.00199206150137, 0.00129847391509, 0.000663178157993, 0.0009203554946, 0.00147810333874, 0.000835040525999, 0.000226144489716, 0.000109643900942, 6.78008364048e-05, 3.76424432034e-05, 4.73770842291e-06, 1.77726533934e-07, 1.62705092066e-07, 1.6458776031e-07]
    },
    "erbbands": {
        "max": [0.397517055273, 1.57525122166, 5.50950622559, 1.4666852951, 7.30640745163, 23.2337837219, 84.1102828979, 236.713638306, 285.114624023, 895.949462891, 1133.15136719, 1417.34387207, 443.896850586, 471.735443115, 744.367431641, 608.782592773, 861.095214844, 1924.26208496, 894.315063477, 1220.70300293, 414.421936035, 385.472320557, 839.832214355, 1185.69787598, 131.780761719, 183.943908691, 53.6573181152, 57.0437698364, 35.1169586182, 26.4496612549, 23.1152629852, 6.78492116928, 0.441599816084, 0.0884803310037, 0.0592003129423, 0.0306103341281, 0.0137084685266, 0.00477846805006, 0.00109193811659, 0.000142894146848],
        "mean": [0.004762805067, 0.0787487030029, 0.206160962582, 0.121190816164, 0.311125546694, 0.732977211475, 1.71388840675, 5.67933034897, 8.47756290436, 13.3367319107, 15.430223465, 25.2953071594, 15.7372293472, 10.3698387146, 17.7489452362, 23.9836902618, 23.9493770599, 24.5928535461, 15.438955307, 18.4679031372, 18.9548130035, 18.4681148529, 25.1996936798, 33.5990791321, 7.65022230148, 4.46021175385, 2.1654586792, 1.60460579395, 0.988387346268, 0.531403183937, 0.226055040956, 0.0662144348025, 0.00804231874645, 0.00139687815681, 0.000344023399521, 3.43724896084e-05, 1.30914067995e-05, 4.84974634674e-06, 5.54377129447e-06, 1.00290471892e-05],
        "min": [4.20485639552e-06, 4.09429703723e-05, 7.21279793652e-05, 0.000135288937599, 0.000114781956654, 5.77788814553e-05, 0.000157463509822, 0.000161952673807, 0.000454318942502, 0.000492196937557, 0.000513744889759, 0.00024969826336, 0.000393231835915, 0.000197973553441, 0.000241574263782, 0.000325107743265, 0.000419140356826, 0.000661260797642, 0.00430356850848, 0.00239455560222, 0.00170024647377, 0.00181053404231, 0.00620344933122, 0.00475887069479, 0.00521408999339, 0.00322550698183, 0.00228387163952, 0.00179366860539, 0.00160608300939, 0.00129826320335, 0.00120745517779, 0.000433229666669, 0.000336624012562, 0.000209791091038, 0.000101450365037, 3.06392007587e-06, 3.15899228553e-07, 7.89463001638e-08, 1.72754965888e-08, 6.10262729239e-09],
        "stdev": [0.015180693008, 0.164619386196, 0.473322629929, 0.159019589424, 0.614567041397, 1.31847453117, 5.98531198502, 17.0596504211, 20.2529468536, 43.6262626648, 62.2994117737, 92.2335281372, 40.3089981079, 27.7067127228, 48.3458023071, 67.2738952637, 62.8922653198, 99.4721298218, 51.8261299133, 66.7862930298, 43.0542640686, 44.1661911011, 61.0211868286, 87.9217376709, 15.1662464142, 11.7284889221, 4.96445322037, 4.03262853622, 2.65309429169, 1.61847400665, 1.02602267265, 0.277574837208, 0.0232634805143, 0.00219430355355, 0.00129437528085, 0.000667669344693, 0.000299042818369, 0.000104265760456, 2.50149296335e-05, 1.58290367835e-05]
    },
    "gfcc": {
        "mean": [-154.438796997, 141.115493774, -184.45652771, 38.8730239868, -62.8069801331, -9.3679151535, -25.773557663, -4.24638032913, -1.61048007011, -13.134636879, 7.91575336456, -11.4644422531, -0.641389667988],
        "cov": [[8576.40917969, 521.556396484, -2546.38500977, -591.160888672, 242.034713745, -829.539306641, 856.589111328, -491.376159668, 541.690063477, -540.424682617, 92.1708450317, 144.722351074, -306.893188477], [521.556396484, 708.009887695, 85.1296157837, -324.941864014, 142.088973999, -76.2777099609, 7.43712234497, 7.83448219299, 4.69547939301, -64.5538787842, 54.2367401123, -47.5518417358, 13.9377317429], [-2546.38500977, 85.1296157837, 1107.07739258, 244.437866211, -19.1629867554, 329.072723389, -237.818725586, 159.690628052, -133.132644653, 167.055648804, 3.37247562408, -49.5328903198, 116.442565918], [-591.160888672, -324.941864014, 244.437866211, 647.013244629, 52.9782752991, 75.8143920898, -11.6189365387, 5.71447658539, -18.225566864, 89.6913909912, -37.3993301392, 11.6452312469, 73.9488067627], [242.034713745, 142.088973999, -19.1629867554, 52.9782752991, 267.209014893, 25.55037117, 35.4781494141, 42.6766471863, 20.8050460815, 14.1968240738, 32.6934661865, -5.22313737869, -16.4251155853], [-829.539306641, -76.2777099609, 329.072723389, 75.8143920898, 25.55037117, 392.367034912, 74.1283340454, 59.4523239136, -36.6650466919, 46.5722045898, -16.5658092499, 5.85031366348, 78.1610946655], [856.589111328, 7.43712234497, -237.818725586, -11.6189365387, 35.4781494141, 74.1283340454, 328.152740479, 47.4320755005, 47.563079834, -76.8170700073, -10.5609903336, 54.2269935608, 11.1633968353], [-491.376159668, 7.83448219299, 159.690628052, 5.71447658539, 42.6766471863, 59.4523239136, 47.4320755005, 188.796768188, 1.08459496498, 7.85398340225, 10.8728065491, 10.0764656067, 1.67471659184], [541.690063477, 4.69547939301, -133.132644653, -18.225566864, 20.8050460815, -36.6650466919, 47.563079834, 1.08459496498, 139.595046997, 19.4013824463, 15.7003793716, -0.755237281322, -34.4392051697], [-540.424682617, -64.5538787842, 167.055648804, 89.6913909912, 14.1968240738, 46.5722045898, -76.8170700073, 7.85398340225, 19.4013824463, 141.146682739, 20.9634208679, -26.7407550812, 11.4488954544], [92.1708450317, 54.2367401123, 3.37247562408, -37.3993301392, 32.6934661865, -16.5658092499, -10.5609903336, 10.8728065491, 15.7003793716, 20.9634208679, 91.3928833008, 32.7306518555, -29.1599216461], [144.722351074, -47.5518417358, -49.5328903198, 11.6452312469, -5.22313737869, 5.85031366348, 54.2269935608, 10.0764656067, -0.755237281322, -26.7407550812, 32.7306518555, 81.4342269897, 23.2589130402], [-306.893188477, 13.9377317429, 116.442565918, 73.9488067627, -16.4251155853, 78.1610946655, 11.1633968353, 1.67471659184, -34.4392051697, 11.4488954544, -29.1599216461, 23.2589130402, 140.993911743]],
        "icov": [[0.00208647269756, -0.000722784898244, 0.00161232973915, -0.000187061319593, -0.00131794880144, 0.00192735577002, -0.00375910545699, 0.00468076905236, -0.00486461399123, 0.00418698508292, -0.00228701392189, 0.000748899183236, 0.000274789141258], [-0.000722784898244, 0.00779086304829, -0.00541278114542, 0.0046765464358, -0.00489157950506, 0.00445604464039, -0.00317226094194, 0.00248139048927, -0.000512433820404, 0.00450778566301, -0.0059665790759, 0.0087194563821, -0.00630789762363], [0.00161232973915, -0.00541278114542, 0.00747998198494, -0.00389366131276, 0.0032101215329, -0.00401446409523, 0.00235906708986, -0.00168484123424, -0.00100420159288, -0.00117883970961, 0.000907969602849, -0.00338842719793, 0.002939036116], [-0.000187061319593, 0.0046765464358, -0.00389366131276, 0.00506758363917, -0.00398474792019, 0.00356889958493, -0.00304552074522, 0.00289037893526, -0.000877690210473, 0.00150417478289, -0.00157502980437, 0.00332064251415, -0.00375756504945], [-0.00131794880144, -0.00489157950506, 0.0032101215329, -0.00398474792019, 0.00928521156311, -0.00558769796044, 0.00553680537269, -0.00729960156605, 0.00461290916428, -0.00641097407788, 0.00305534247309, -0.00416794978082, 0.00384801067412], [0.00192735577002, 0.00445604464039, -0.00401446409523, 0.00356889958493, -0.00558769796044, 0.0103677250445, -0.00951654277742, 0.00830042827874, -0.00564080895856, 0.00643332535401, -0.00523697165772, 0.00588137051091, -0.00449873926118], [-0.00375910545699, -0.00317226094194, 0.00235906708986, -0.00304552074522, 0.00553680537269, -0.00951654277742, 0.016350755468, -0.0136701315641, 0.00858111493289, -0.00867229513824, 0.00844397768378, -0.00833219476044, 0.00248986086808], [0.00468076905236, 0.00248139048927, -0.00168484123424, 0.00289037893526, -0.00729960156605, 0.00830042827874, -0.0136701315641, 0.0209464840591, -0.0128817502409, 0.0124574350193, -0.00757010793313, 0.00451490562409, -0.00126814015675], [-0.00486461399123, -0.000512433820404, -0.00100420159288, -0.000877690210473, 0.00461290916428, -0.00564080895856, 0.00858111493289, -0.0128817502409, 0.0219555944204, -0.0152216134593, 0.00656556384638, -0.00369342719205, 0.00245584943332], [0.00418698508292, 0.00450778566301, -0.00117883970961, 0.00150417478289, -0.00641097407788, 0.00643332535401, -0.00867229513824, 0.0124574350193, -0.0152216134593, 0.0264389086515, -0.015934240073, 0.014409089461, -0.00645928969607], [-0.00228701392189, -0.0059665790759, 0.000907969602849, -0.00157502980437, 0.00305534247309, -0.00523697165772, 0.00844397768378, -0.00757010793313, 0.00656556384638, -0.015934240073, 0.0305315013975, -0.0234699230641, 0.0114521700889], [0.000748899183236, 0.0087194563821, -0.00338842719793, 0.00332064251415, -0.00416794978082, 0.00588137051091, -0.00833219476044, 0.00451490562409, -0.00369342719205, 0.014409089461, -0.0234699230641, 0.0359842069447, -0.0141771957278], [0.000274789141258, -0.00630789762363, 0.002939036116, -0.00375756504945, 0.00384801067412, -0.00449873926118, 0.00248986086808, -0.00126814015675, 0.00245584943332, -0.00645928969607, 0.0114521700889, -0.0141771957278, 0.0164494048804]]
    },
    "melbands": {
        "max": [0.00302572804503, 0.00226494832896, 0.000365842570318, 0.00100000109524, 0.00242088944651, 0.00496910465881, 0.00371028739028, 0.00975709501654, 0.00758592551574, 0.00931984838098, 0.00213468307629, 0.00206440361217, 0.00172512885183, 0.00182950880844, 0.00212928722613, 0.00162702286616, 0.00440552225336, 0.00228516361676, 0.00227060983889, 0.00100883876439, 0.000593187636696, 0.000465608929517, 0.000676275871228, 0.0010338377906, 0.00103833491448, 0.000167278805748, 0.000139251787914, 0.000113975278509, 5.46067058167e-05, 3.05396970361e-05, 3.11204930767e-05, 1.92203897313e-05, 1.56971327669e-05, 1.50413679876e-05, 1.44036139318e-05, 1.01035584521e-05, 1.88626813724e-06, 2.72769142384e-07, 8.01985251542e-08, 7.22712698575e-08],
        "mean": [6.39431018499e-05, 0.000105899795017, 2.70939235634e-05, 3.64692859876e-05, 5.64463734918e-05, 0.000126758415718, 0.000131836815854, 0.000149253857671, 0.000131903507281, 0.000152472523041, 7.38966555218e-05, 4.01483812311e-05, 5.41271547263e-05, 5.97353791818e-05, 6.27224872005e-05, 4.4913340389e-05, 4.67998470413e-05, 2.42575588345e-05, 2.53947655438e-05, 2.15840900637e-05, 2.29457764362e-05, 2.04769166885e-05, 1.58577586262e-05, 2.98774812109e-05, 2.85120622721e-05, 6.80550783727e-06, 3.35281288244e-06, 2.71905901172e-06, 1.4150939478e-06, 1.09538495963e-06, 8.57673683186e-07, 6.01814519996e-07, 3.97719333023e-07, 2.44732575538e-07, 1.41895540651e-07, 7.12370038514e-08, 2.70594888718e-08, 5.50590062431e-09, 1.19938103893e-09, 9.69891500446e-10],
        "min": [4.18011723013e-08, 6.49957740961e-08, 2.77592189235e-08, 8.66948735023e-09, 4.47938042214e-09, 3.21189674857e-09, 6.72351063713e-09, 6.43960706981e-09, 3.33476468661e-09, 1.37475986151e-09, 1.82086357103e-09, 6.63700372439e-10, 7.88926035611e-10, 6.86046164322e-10, 9.43031763789e-10, 9.71493663293e-10, 5.57009161017e-10, 4.39934133567e-09, 5.39706634939e-09, 9.40489797152e-10, 1.39671352262e-09, 1.11744691278e-09, 3.11247982943e-09, 4.51581971816e-09, 3.18309822944e-09, 3.8478580322e-09, 2.72958278202e-09, 1.78783166049e-09, 1.11559983473e-09, 8.63970728293e-10, 8.51603620955e-10, 7.94578625118e-10, 7.58099916176e-10, 5.06057529215e-10, 6.22239038073e-10, 4.20591145245e-10, 2.091424256e-10, 2.31890145974e-10, 2.17474011022e-10, 1.60661123294e-10],
        "stdev": [0.000152022432303, 0.00022082059877, 3.58315774065e-05, 6.0860071244e-05, 0.000173331587575, 0.000371010450181, 0.000306408852339, 0.00049653154565, 0.000471068167826, 0.000568947638385, 0.000197794026462, 0.000117711744679, 0.000144038989674, 0.000165247940458, 0.000184576478205, 0.000124657293782, 0.000212868064409, 9.72743073362e-05, 0.000115059112431, 5.49369469809e-05, 5.69855619688e-05, 5.23558337591e-05, 4.17688170273e-05, 7.65181684983e-05, 7.7131553553e-05, 1.46627116919e-05, 8.57962641021e-06, 7.80540358392e-06, 3.62245896213e-06, 2.84333918898e-06, 2.2689364414e-06, 1.63152333243e-06, 1.15725208616e-06, 8.15389853415e-07, 6.49855508073e-07, 3.85167197692e-07, 9.99333167329e-08, 1.52436943068e-08, 1.92338811544e-09, 1.59922075582e-09]
    },
    "melbands128": {
        "max": [0.000600059749559, 0.00346636283211, 0.00415441673249, 0.00280513195321, 0.00355605804361, 0.00135045056231, 0.000320762046613, 0.000456700567156, 0.000883699161932, 0.00117700221017, 0.00168359233066, 0.00130794988945, 0.00200651190244, 0.00675857113674, 0.00730071170256, 0.00687048584223, 0.00692845787853, 0.00675091240555, 0.00816960260272, 0.016553690657, 0.0179773438722, 0.0183146875352, 0.00774758728221, 0.010670225136, 0.0147865256295, 0.0162532124668, 0.0049062166363, 0.00330152595416, 0.00436039967462, 0.00416706688702, 0.00163766136393, 0.00167143705767, 0.00216119340621, 0.0052352999337, 0.00376381538808, 0.00330650713295, 0.00348035502248, 0.00435264501721, 0.00387133588083, 0.00251725269482, 0.00250889942981, 0.0040111313574, 0.00701236305758, 0.0096549494192, 0.00574886845425, 0.0015593970893, 0.00163397879805, 0.0033642151393, 0.00394534133375, 0.00332123087719, 0.000699771626387, 0.000677363830619, 0.00108167307917, 0.00103775656316, 0.00149504072033, 0.000921271101106, 0.000740901334211, 0.000726416590624, 0.00138723116834, 0.00111271406058, 0.00128973484971, 0.00151700282004, 0.00154834613204, 0.00136615918018, 0.000564657850191, 0.000197411543922, 8.99182559806e-05, 0.000180910486961, 0.000120393415273, 0.000340868689818, 0.000193855114048, 0.000231435813475, 6.84307669871e-05, 8.56287952047e-05, 3.82956095564e-05, 4.77945686725e-05, 3.88987245969e-05, 5.72060744162e-05, 4.24762038165e-05, 3.41326522175e-05, 2.94785386359e-05, 3.72151371266e-05, 1.91875406017e-05, 2.13556231756e-05, 1.36362032208e-05, 2.49395543506e-05, 1.33505127451e-05, 1.77572364919e-05, 1.82491512533e-05, 1.40796255437e-05, 1.91564104171e-05, 1.03490610854e-05, 2.97281962958e-06, 2.30132263823e-06, 1.20052141028e-06, 4.0499966758e-07, 1.4640561119e-07, 7.84528211284e-08, 8.64145874857e-08, 7.74633548417e-08, 6.76176910019e-08, 7.12157870453e-08, 7.81327784694e-08, 7.22515451912e-08, 6.84720760091e-08, 6.23068956429e-08, 5.84773260925e-08, 5.52586669755e-08, 5.23904404304e-08, 4.98039938179e-08, 4.7436891748e-08, 4.52000072926e-08, 4.32527365035e-08, 4.14413641181e-08, 3.97848474165e-08, 3.83279008531e-08, 3.6936118164e-08, 3.56792142497e-08, 3.45386474976e-08, 3.34971055338e-08, 3.26089661939e-08, 3.17950714646e-08, 3.10688292871e-08, 3.0468523704e-08, 2.9999782214e-08, 2.96058892957e-08, 2.93169719612e-08, 2.91330390922e-08],
        "mean": [5.98756378167e-06, 2.42718506342e-05, 8.12471771496e-05, 0.000151915271999, 0.000132553352159, 5.90194540564e-05, 1.9804612748e-05, 2.02613373403e-05, 3.2596039091e-05, 3.42087078025e-05, 4.27719460276e-05, 4.07182014897e-05, 3.94040253013e-05, 0.000102305210021, 0.000128279338242, 0.000144593868754, 0.000139008945553, 0.000124110738398, 0.000123757447, 0.000167379679624, 0.000147466605995, 0.000137224633363, 9.94826550595e-05, 0.000161015297635, 0.000218204091652, 0.000121039927762, 7.30131941964e-05, 8.83619577507e-05, 5.37621308467e-05, 4.25709222327e-05, 3.08768503601e-05, 4.11661021644e-05, 5.65027112316e-05, 6.79192307871e-05, 4.9175156164e-05, 5.9318204876e-05, 7.27511942387e-05, 5.95507226535e-05, 6.45347608952e-05, 5.19364002685e-05, 3.45576881955e-05, 4.08919877373e-05, 5.49660326215e-05, 4.6032568207e-05, 3.13400414598e-05, 1.90378523257e-05, 1.68116148416e-05, 2.70785221801e-05, 2.80006406683e-05, 2.69769952865e-05, 1.77639467438e-05, 1.96202017833e-05, 2.23065162572e-05, 2.40889949055e-05, 2.66743609245e-05, 2.02870651265e-05, 1.52086813614e-05, 1.34416222863e-05, 1.59305436682e-05, 2.1412542992e-05, 2.63351503236e-05, 4.06404433306e-05, 4.00538810936e-05, 2.39210967266e-05, 1.15106367957e-05, 6.37725588604e-06, 3.46867000189e-06, 3.42406065101e-06, 2.84212842416e-06, 4.16943566961e-06, 2.62915614258e-06, 2.5700705919e-06, 1.40430267948e-06, 1.35618506647e-06, 9.69315010479e-07, 1.23588517909e-06, 1.10310736545e-06, 9.47462353906e-07, 8.53696235481e-07, 6.85203360717e-07, 7.31616637495e-07, 4.76788130754e-07, 4.86787541831e-07, 3.78580978122e-07, 3.54832394578e-07, 2.89007800802e-07, 1.97695115389e-07, 1.75539682346e-07, 1.44918956835e-07, 1.09916811653e-07, 9.9097775319e-08, 4.74374779458e-08, 5.17187750404e-08, 2.57522323466e-08, 1.58529545047e-08, 7.41215400168e-09, 3.56437368509e-09, 1.41529588049e-09, 1.16959331109e-09, 1.04798836276e-09, 9.71313474096e-10, 9.586513805e-10, 9.69620050917e-10, 8.31691715497e-10, 1.84723000785e-10, 3.24896672066e-11, 3.04144105734e-11, 2.87478322397e-11, 2.73051997679e-11, 2.59978011341e-11, 2.47926713881e-11, 2.36544898252e-11, 2.26341393544e-11, 2.17087077481e-11, 2.08658802042e-11, 2.01441450326e-11, 1.94696932188e-11, 1.87032975912e-11, 1.81010900713e-11, 1.75631783422e-11, 1.70952921957e-11, 1.66838765026e-11, 1.63016510013e-11, 1.59683290896e-11, 1.56543961821e-11, 1.53218288751e-11, 1.51051064018e-11, 1.50014705519e-11],
        "min": [8.47927239533e-09, 1.31095596601e-08, 1.90887838869e-08, 1.21643841666e-08, 1.94836982104e-08, 2.30842651661e-08, 1.51859147479e-08, 1.14550653407e-08, 5.27809174145e-09, 3.82641029972e-09, 1.23220023074e-09, 1.9340433699e-09, 3.12020875803e-09, 3.45987039019e-09, 2.34904939944e-09, 1.31369493062e-09, 1.69433511665e-09, 3.76924980117e-09, 4.20083479113e-09, 5.41301281576e-10, 7.43211980847e-09, 3.34460525941e-09, 4.09175138216e-10, 7.11028014244e-10, 5.43276812426e-10, 6.11870609735e-10, 1.5486931737e-09, 6.73589461986e-10, 4.37940655962e-10, 2.94740593043e-10, 2.89427953826e-10, 1.60257696002e-10, 5.13505848954e-10, 4.57095639117e-10, 2.35290092965e-10, 1.58974888809e-10, 2.57023458072e-10, 4.30547097974e-10, 2.62154520314e-10, 3.48089446156e-10, 3.25469817763e-10, 3.86086301818e-10, 2.82776357885e-10, 4.00046801241e-10, 3.36647210109e-10, 4.27317647933e-09, 4.67739180721e-09, 2.36211761262e-09, 6.41976416471e-10, 3.19486714861e-10, 6.78480216454e-10, 3.86776610739e-10, 5.33395716484e-10, 4.25329355069e-10, 6.42410180607e-10, 6.37593200459e-10, 4.00755262309e-10, 6.32783936361e-10, 3.39095018731e-09, 4.38552882898e-09, 2.83415380053e-09, 2.38763542271e-09, 3.20168602741e-09, 2.20977636189e-09, 1.33173760908e-09, 2.25404406251e-09, 3.68388564098e-09, 1.30465471759e-09, 1.02007835512e-09, 8.73491334819e-10, 8.27542090409e-10, 8.48500603112e-10, 9.00481189614e-10, 8.30932045393e-10, 3.24631016513e-10, 8.01254451677e-10, 5.34168764776e-10, 4.29337648766e-10, 4.53113935261e-10, 6.86391554705e-10, 4.74390804417e-10, 6.66031674257e-10, 2.88029877726e-10, 5.54918000439e-10, 3.6543232329e-10, 2.79306022755e-10, 3.39181766007e-10, 4.28129282026e-10, 4.20555645864e-10, 3.32788241408e-10, 3.07036618352e-10, 2.53520787696e-10, 1.62113225621e-10, 2.43348313722e-10, 1.70471858851e-10, 2.17603476904e-10, 2.00879105017e-10, 2.63751770424e-10, 1.9985929578e-10, 2.31153929331e-10, 1.63113522689e-10, 1.58255922256e-10, 1.36633038217e-10, 1.4651456437e-10, 6.94996881226e-12, 1.87189768352e-13, 1.42905544169e-13, 1.43307796728e-13, 1.42488736196e-13, 1.5949245505e-13, 1.44698245356e-13, 1.47690236776e-13, 1.44748416812e-13, 1.36909526684e-13, 1.24766841823e-13, 1.47096365036e-13, 1.17812376066e-13, 1.3356507469e-13, 1.25842668534e-13, 1.14034703989e-13, 1.16292555013e-13, 1.34723544712e-13, 1.58077354375e-13, 1.41230777073e-13, 8.21135084299e-14, 3.60453007232e-14, 4.85986847553e-15, 1.24719089917e-16],
        "stdev": [2.01450366148e-05, 0.000109761604108, 0.000234423365328, 0.000328914407874, 0.00031931954436, 0.00011881669343, 3.14537428494e-05, 3.67283755622e-05, 7.98545443104e-05, 6.9521520345e-05, 9.2362803116e-05, 7.13903355063e-05, 0.000137353708851, 0.000476575427456, 0.000472173909657, 0.000426556885941, 0.000402776320698, 0.000427501596278, 0.000445010053227, 0.000692507717758, 0.00065540074138, 0.000933074567001, 0.000451755564427, 0.000723020115402, 0.000927240762394, 0.000692871573847, 0.000288578274194, 0.000282347231405, 0.000228908422287, 0.000197783403564, 0.000107196101453, 0.000127711813548, 0.00019699864788, 0.000283257802948, 0.00020688897348, 0.000236659820075, 0.000273573736195, 0.000271162658464, 0.000231277910643, 0.00017372671573, 0.00014706228103, 0.000209059624467, 0.000314955395879, 0.000321229861584, 0.000216214379179, 8.40943321236e-05, 7.73007050157e-05, 0.000160616065841, 0.000172709216713, 0.000119978656585, 5.02257425978e-05, 5.61606684641e-05, 7.23808334442e-05, 8.00096677267e-05, 9.83953796094e-05, 6.53941751807e-05, 5.36364459549e-05, 4.63529395347e-05, 5.72798962821e-05, 6.07211586612e-05, 7.89484693087e-05, 0.000130596585223, 0.000113748748845, 8.07773831184e-05, 3.1852232496e-05, 1.52742504724e-05, 7.9165556599e-06, 1.17101626529e-05, 8.32475598145e-06, 1.62634150911e-05, 1.03026295619e-05, 1.09217389763e-05, 4.00409226131e-06, 5.06619744556e-06, 2.67020618594e-06, 3.95227061745e-06, 3.36027005687e-06, 2.84017164631e-06, 2.70922464551e-06, 2.25765847972e-06, 2.36713981394e-06, 1.64864309227e-06, 1.66690631431e-06, 1.24549796965e-06, 1.16038302167e-06, 1.09687141503e-06, 6.81961466853e-07, 7.53551148591e-07, 7.30301110252e-07, 6.39565769234e-07, 6.36299660073e-07, 2.86899421553e-07, 2.20177028609e-07, 1.03050730615e-07, 6.02714962383e-08, 2.14892583728e-08, 9.21336340554e-09, 2.25898078021e-09, 2.06317141149e-09, 1.78471537549e-09, 1.53278911785e-09, 1.59105373321e-09, 1.73430059203e-09, 1.60360069668e-09, 1.49419754347e-09, 1.35891708997e-09, 1.27542698625e-09, 1.20524878966e-09, 1.14265319429e-09, 1.08626319051e-09, 1.03465158663e-09, 9.85844961221e-10, 9.4335150802e-10, 9.03859376233e-10, 8.67742100397e-10, 8.35966684765e-10, 8.05587485608e-10, 7.78185682559e-10, 7.5331918481e-10, 7.30608906707e-10, 7.11240122353e-10, 6.93476831515e-10, 6.77613132272e-10, 6.64526322858e-10, 6.54308718318e-10, 6.45722697534e-10, 6.39425346005e-10, 6.35415442485e-10]
    },
    "mfcc": {
        "mean": [-768.280334473, 148.367111206, -49.6988525391, 33.5936050415, -13.6355686188, -2.56059503555, -13.2803707123, 5.58780193329, -9.4446144104, 0.660401523113, 4.0861697197, 2.76177954674, 0.827099561691],
        "cov": [[9839.79882812, 484.58795166, -2796.98901367, 128.061965942, -1135.11767578, 89.3486557007, -569.476867676, 629.67755127, -324.062561035, 79.3848266602, -89.3631896973, 130.973495483, -105.101463318], [484.58795166, 1016.16394043, -113.616348267, -314.738128662, 72.0123672485, -188.190475464, 28.6492538452, 0.463092774153, -23.68060112, -83.1761016846, 79.5581741333, 16.6597652435, 31.9361763], [-2796.98901367, -113.616348267, 1112.0501709, 11.4618406296, 304.554962158, 73.7668609619, 164.477645874, -151.133163452, 107.085205078, 18.0907821655, -34.9642944336, -28.9483299255, 31.9561462402], [128.061965942, -314.738128662, 11.4618406296, 496.893157959, 74.5127639771, 33.6631698608, -10.4361610413, -34.439491272, 19.1234951019, 32.8151817322, -32.4508666992, -31.7317962646, 8.8386964798], [-1135.11767578, 72.0123672485, 304.554962158, 74.5127639771, 378.234832764, 10.0979509354, 61.3004493713, -107.588607788, 10.1367902756, 15.9204874039, 52.0997848511, -9.05787181854, 14.8863334656], [89.3486557007, -188.190475464, 73.7668609619, 33.6631698608, 10.0979509354, 275.094421387, 66.9610290527, 15.0867414474, 49.6857223511, 67.7767410278, -61.2998962402, 0.220098987222, 2.64685463905], [-569.476867676, 28.6492538452, 164.477645874, -10.4361610413, 61.3004493713, 66.9610290527, 232.751525879, 78.3070678711, 84.0589981079, -2.62329030037, -6.53083658218, -2.29132032394, 37.2025184631], [629.67755127, 0.463092774153, -151.133163452, -34.439491272, -107.588607788, 15.0867414474, 78.3070678711, 264.821044922, 42.2544517517, 7.01381731033, 7.5693192482, 18.4266147614, 8.75477600098], [-324.062561035, -23.68060112, 107.085205078, 19.1234951019, 10.1367902756, 49.6857223511, 84.0589981079, 42.2544517517, 151.793899536, 46.9924736023, -18.8972072601, -20.9572238922, 9.39120674133], [79.3848266602, -83.1761016846, 18.0907821655, 32.8151817322, 15.9204874039, 67.7767410278, -2.62329030037, 7.01381731033, 46.9924736023, 116.875808716, 7.31082057953, 1.30447852612, -5.76972866058], [-89.3631896973, 79.5581741333, -34.9642944336, -32.4508666992, 52.0997848511, -61.2998962402, -6.53083658218, 7.5693192482, -18.8972072601, 7.31082057953, 161.963150024, 60.2319374084, 5.19589281082], [130.973495483, 16.6597652435, -28.9483299255, -31.7317962646, -9.05787181854, 0.220098987222, -2.29132032394, 18.4266147614, -20.9572238922, 1.30447852612, 60.2319374084, 99.3690948486, 29.8721942902], [-105.101463318, 31.9361763, 31.9561462402, 8.8386964798, 14.8863334656, 2.64685463905, 37.2025184631, 8.75477600098, 9.39120674133, -5.76972866058, 5.19589281082, 29.8721942902, 78.8220291138]],
        "icov": [[0.00314630940557, -0.00399113586172, 0.00487922877073, -0.00403683912009, 0.00452221510932, -0.00473623350263, 0.00449973484501, -0.00492983078584, 0.00420893775299, -0.00379558862187, 0.00298997410573, -0.00348974647932, 0.00236179749481], [-0.00399113586172, 0.00673165265471, -0.00575204379857, 0.00623644143343, -0.0065147029236, 0.00693930592388, -0.00603023124859, 0.00642787804827, -0.00572188897058, 0.00528760952875, -0.00385376345366, 0.0046923304908, -0.00374249997549], [0.00487922877073, -0.00575204379857, 0.00914535485208, -0.00577507494017, 0.00588280614465, -0.00707150856033, 0.00611970806494, -0.00675889663398, 0.00563606107607, -0.00571834715083, 0.00523559236899, -0.00565403793007, 0.00347271421924], [-0.00403683912009, 0.00623644143343, -0.00577507494017, 0.00816546194255, -0.00694721424952, 0.00657480210066, -0.00565574737266, 0.00651208264753, -0.00587143562734, 0.00470818206668, -0.00342373922467, 0.00524106249213, -0.00416285032406], [0.00452221510932, -0.0065147029236, 0.00588280614465, -0.00694721424952, 0.0113933524117, -0.00736541487277, 0.00526664266363, -0.00567534891888, 0.00715080555528, -0.00628656335175, 0.00200858013704, -0.00375813432038, 0.00328339030966], [-0.00473623350263, 0.00693930592388, -0.00707150856033, 0.00657480210066, -0.00736541487277, 0.0132167711854, -0.00887917354703, 0.0078058312647, -0.00631046062335, 0.00252909096889, -0.00153039756697, 0.00320161134005, -0.0029016812332], [0.00449973484501, -0.00603023124859, 0.00611970806494, -0.00565574737266, 0.00526664266363, -0.00887917354703, 0.014876935631, -0.00990677438676, 0.00278317788616, -0.00260671088472, 0.00355469319038, -0.00402090977877, 0.000745700206608], [-0.00492983078584, 0.00642787804827, -0.00675889663398, 0.00651208264753, -0.00567534891888, 0.0078058312647, -0.00990677438676, 0.0136454673484, -0.00754089280963, 0.00547705497593, -0.00502771651372, 0.00461985357106, -0.00331796356477], [0.00420893775299, -0.00572188897058, 0.00563606107607, -0.00587143562734, 0.00715080555528, -0.00631046062335, 0.00278317788616, -0.00754089280963, 0.0166362319142, -0.00974590424448, 0.00411467254162, -0.00233428506181, 0.00260721915402], [-0.00379558862187, 0.00528760952875, -0.00571834715083, 0.00470818206668, -0.00628656335175, 0.00252909096889, -0.00260671088472, 0.00547705497593, -0.00974590424448, 0.0175744388252, -0.00580614665523, 0.0042781336233, -0.0024796850048], [0.00298997410573, -0.00385376345366, 0.00523559236899, -0.00342373922467, 0.00200858013704, -0.00153039756697, 0.00355469319038, -0.00502771651372, 0.00411467254162, -0.00580614665523, 0.0137897552922, -0.0104262959212, 0.00448941905051], [-0.00348974647932, 0.0046923304908, -0.00565403793007, 0.00524106249213, -0.00375813432038, 0.00320161134005, -0.00402090977877, 0.00461985357106, -0.00233428506181, 0.0042781336233, -0.0104262959212, 0.0212754458189, -0.00964739918709], [0.00236179749481, -0.00374249997549, 0.00347271421924, -0.00416285032406, 0.00328339030966, -0.0029016812332, 0.000745700206608, -0.00331796356477, 0.00260721915402, -0.0024796850048, 0.00448941905051, -0.00964739918709, 0.0187732838094]]
    },
    "spectral_contrast_coeffs": {
        "max": [-0.492549926043, -0.416122168303, -0.507045507431, -0.585071325302, -0.529629170895, -0.504213631153],
        "mean": [-0.737335145473, -0.743090212345, -0.758470833302, -0.78312587738, -0.759465932846, -0.726759314537],
        "min": [-0.952429771423, -0.953198492527, -0.941180229187, -0.916071951389, -0.905156135559, -0.901061654091],
        "stdev": [0.0669857189059, 0.0812060832977, 0.0706645324826, 0.0562953315675, 0.0736810192466, 0.0783578753471]
    },
    "spectral_contrast_valleys": {
        "max": [-6.51310110092, -5.38942050934, -5.35225009918, -6.03032445908, -6.14484882355, -10.1145496368],
        "mean": [-8.35550689697, -7.60885667801, -8.43534660339, -8.4708366394, -8.58572673798, -12.490105629],
        "min": [-10.9986982346, -11.4352636337, -12.2130498886, -11.9233560562, -10.8431978226, -13.0505990982],
        "stdev": [0.773663640022, 1.03081119061, 1.13168466091, 1.0755263567, 1.00734961033, 0.312385171652]
    }
},
"rhythm": {
    "beats_count": 78,
    "beats_loudness": {
        "max": 0.0726397484541,
        "mean": 0.0113860564306,
        "min": 3.92121228288e-06,
        "stdev": 0.0160024613142
    },
    "bpm": 97.2528915405,
    "bpm_histogram_first_peak_bpm": 98,
    "bpm_histogram_first_peak_weight": 0.373333334923,
    "bpm_histogram_second_peak_bpm": 86,
    "bpm_histogram_second_peak_spread": 0.5,
    "bpm_histogram_second_peak_weight": 0.0129870129749,
    "danceability": 0.921767830849,
    "onset_rate": 3.0966796875,
    "beats_loudness_band_ratio": {
        "max": [0.884870886803, 0.67079859972, 0.815180182457, 0.633335411549, 0.626951158047, 0.232647001743],
        "mean": [0.133544623852, 0.196324020624, 0.327285170555, 0.1897431463, 0.166886255145, 0.0428047440946],
        "min": [0.00301812868565, 0.00299567286856, 0.0162093769759, 0.00338649679907, 0.00566918356344, 0.000733988708816],
        "stdev": [0.181404426694, 0.188491255045, 0.209606170654, 0.149095267057, 0.146675214171, 0.0474140867591]
    },
