{
"metadata": {
    "version": {
        "essentia": "2.1-beta5",
        "essentia_git_sha": "Undefined",
        "extractor": "music 2.0"
    },
    "audio_properties": {
        "analysis": {
            "equal_loudness": 0,
            "length": 29.0017242432,
            "sample_rate": 44100,
            "start_time": 0,
            "downmix": "mix"
        },
        "bit_rate": 192000,
        "length": 261.224487305,
        "lossless": 0,
        "number_channels": 2,
        "replay_gain": 2.12122154236,
        "sample_rate": 44100,
        "codec": "mp3",
        "md5_encoded": "008d4d22d446e2c75542403932287e8e"
    },
    "tags": {
        "file_name": "Denmark_Det Var En Yndig Tid_Katy Bødtger.mp3",
        "encoding": ["Lavf58.29.100"]
    }
},
"lowlevel": {
    "average_loudness": 0.958038449287,
    "barkbands_crest": {
        "max": 26.7916641235,
        "mean": 10.0949048996,
        "min": 3.11161828041,
        "stdev": 4.9378528595
    },
    "barkbands_flatness_db": {
        "max": 0.434353202581,
        "mean": 0.202819555998,
        "min": 0.0298315901309,
        "stdev": 0.080847889185
    },
    "barkbands_kurtosis": {
        "max": 971.722961426,
        "mean": 11.5923585892,
        "min": -1.61287689209,
        "stdev": 39.8100776672
    },
    "barkbands_skewness": {
        "max": 28.1758041382,
        "mean": 1.38790607452,
        "min": -2.04254627228,
        "stdev": 2.20425581932
    },
    "barkbands_spread": {
        "max": 56.1561393738,
        "mean": 9.56782817841,
        "min": 0.185342654586,
        "stdev": 8.39198684692
    },
    "dissonance": {
        "max": 0.500000059605,
        "mean": 0.408804893494,
        "min": 0.0994034036994,
        "stdev": 0.0931358933449
    },
    "dynamic_complexity": 5.09985208511,
    "erbbands_crest": {
        "max": 30.4920406342,
        "mean": 11.6753292084,
        "min": 2.42523550987,
        "stdev": 5.96810388565
    },
    "erbbands_flatness_db": {
        "max": 0.430791705847,
        "mean": 0.249521359801,
        "min": 0.065931327641,
        "stdev": 0.072458550334
    },
    "erbbands_kurtosis": {
        "max": 108.14025116,
        "mean": 4.66583347321,
        "min": -1.74694371223,
        "stdev": 7.99638748169
    },
    "erbbands_skewness": {
        "max": 9.34676742554,
        "mean": 0.833475768566,
        "min": -1.80064952374,
        "stdev": 1.40480995178
    },
    "erbbands_spread": {
        "max": 82.0237350464,
        "mean": 17.5383815765,
        "min": 1.44183981419,
        "stdev": 14.7933301926
    },
    "hfc": {
        "max": 69.8973999023,
        "mean": 13.5288467407,
        "min": 1.12920304774e-16,
        "stdev": 14.3063201904
    },
    "loudness_ebu128": {
        "integrated": -27.1232967377,
        "loudness_range": 2.89850997925,
        "momentary": {
            "max": -23.5843505859,
            "mean": -28.6330871582,
            "min": -51.395690918,
            "stdev": 4.62128734589
        },
        "short_term": {
            "max": -24.5544509888,
            "mean": -27.7412776947,
            "min": -29.3736629486,
            "stdev": 0.925772607327
        }
    },
    "melbands_crest": {
        "max": 32.0008201599,
        "mean": 11.8962125778,
        "min": 1.91202282906,
        "stdev": 5.90984010696
    },
    "melbands_flatness_db": {
        "max": 0.516843378544,
        "mean": 0.269905656576,
        "min": 0.0036726121325,
        "stdev": 0.0949551612139
    },
    "melbands_kurtosis": {
        "max": 246.603179932,
        "mean": 10.4639492035,
        "min": -1.55812323093,
        "stdev": 19.6258716583
    },
    "melbands_skewness": {
        "max": 12.7488384247,
        "mean": 1.34109282494,
        "min": -1.31061422825,
        "stdev": 1.76105856895
    },
    "melbands_spread": {
        "max": 140.113601685,
        "mean": 14.7197265625,
        "min": 0.370514452457,
        "stdev": 13.0170202255
    },
    "pitch_salience": {
        "max": 0.929009497166,
        "mean": 0.683578014374,
        "min": 0.0670352503657,
        "stdev": 0.127858549356
    },
    "silence_rate_20dB": {
        "max": 1,
        "mean": 1,
        "min": 1,
        "stdev": 0
    },
    "silence_rate_30dB": {
        "max": 1,
        "mean": 0.999199986458,
        "min": 0,
        "stdev": 0.028273133561
    },
    "silence_rate_60dB": {
        "max": 1,
        "mean": 0.266400009394,
        "min": 0,
        "stdev": 0.442074686289
    },
    "spectral_centroid": {
        "max": 11210.9423828,
        "mean": 945.107116699,
        "min": 228.370910645,
        "stdev": 747.726745605
    },
    "spectral_complexity": {
        "max": 40,
        "mean": 11.8472003937,
        "min": 0,
        "stdev": 10.948176384
    },
    "spectral_decrease": {
        "max": 6.39797297903e-29,
        "mean": -4.91120699664e-09,
        "min": -3.51870106385e-08,
        "stdev": 5.22955456717e-09
    },
    "spectral_energy": {
        "max": 0.138075590134,
        "mean": 0.0197631195188,
        "min": 1.00007226579e-20,
        "stdev": 0.0206691417843
    },
    "spectral_energyband_high": {
        "max": 0.000260173284914,
        "mean": 1.25591996039e-05,
        "min": 7.411497091e-21,
        "stdev": 1.5865358364e-05
    },
    "spectral_energyband_low": {
        "max": 0.021541763097,
        "mean": 0.00109162926674,
        "min": 4.27074905264e-23,
        "stdev": 0.00227660988458
    },
    "spectral_energyband_middle_high": {
        "max": 0.0456218011677,
        "mean": 0.00517532136291,
        "min": 1.23117897607e-21,
        "stdev": 0.00840611290187
    },
    "spectral_energyband_middle_low": {
        "max": 0.137222871184,
        "mean": 0.0143367154524,
        "min": 2.50569284583e-22,
        "stdev": 0.0200553759933
    },
    "spectral_entropy": {
        "max": 9.80867290497,
        "mean": 6.85166501999,
        "min": 4.59578943253,
        "stdev": 0.810293257236
    },
    "spectral_flux": {
        "max": 0.299857884645,
        "mean": 0.0757539942861,
        "min": 6.61011315128e-11,
        "stdev": 0.0527908578515
    },
    "spectral_kurtosis": {
        "max": 59.5661506653,
        "mean": 17.986618042,
        "min": -1.20954751968,
        "stdev": 10.8543405533
    },
    "spectral_rms": {
        "max": 0.0116063728929,
        "mean": 0.00365838687867,
        "min": 3.12358819365e-12,
        "stdev": 0.00242843758315
    },
    "spectral_rolloff": {
        "max": 19379.8828125,
        "mean": 1183.24169922,
        "min": 215.33203125,
        "stdev": 1325.05383301
    },
    "spectral_skewness": {
        "max": 6.6811132431,
        "mean": 3.08401751518,
        "min": -0.0282822083682,
        "stdev": 1.05459070206
    },
    "spectral_spread": {
        "max": 40620644,
        "mean": 3227221.25,
        "min": 1134002.375,
        "stdev": 2622702.75
    },
    "spectral_strongpeak": {
        "max": 6.22439193726,
        "mean": 1.18295395374,
        "min": 0,
        "stdev": 1.20456147194
    },
    "zerocrossingrate": {
        "max": 0.50390625,
        "mean": 0.0486066415906,
        "min": 0.01025390625,
        "stdev": 0.038336224854
    },
    "barkbands": {
        "max": [3.76431416953e-05, 0.00121615326498, 0.00800553616136, 0.0262914653867, 0.0557741783559, 0.0589646436274, 0.122536614537, 0.0716530606151, 0.0523984357715, 0.0334901884198, 0.0103274947032, 0.0158323571086, 0.0135005759075, 0.0127152530476, 0.0078916028142, 0.00662416685373, 0.00372499995865, 0.00153093237896, 0.000319816812407, 0.000252792495303, 0.000102359168523, 1.77816582436e-05, 3.180220574e-06, 3.29268414134e-06, 4.61923582407e-06, 3.21807419823e-06, 2.41318275584e-06],
        "mean": [5.23621793036e-06, 3.38980680681e-05, 0.000337665784173, 0.00137570104562, 0.00263480725698, 0.00284762261435, 0.00385669129901, 0.00159414974041, 0.0017745392397, 0.000959527038503, 0.00049060524907, 0.000733813969418, 0.000796358275693, 0.00073079764843, 0.000688973232172, 0.000520159490407, 0.000262525922153, 8.08926197351e-05, 2.12012528209e-05, 9.09303344088e-06, 3.45089802067e-06, 9.26283291847e-07, 6.35692686046e-07, 1.09741358756e-06, 2.15590421249e-06, 5.90685715451e-07, 2.22748663958e-08],
        "min": [2.59908960672e-24, 1.68321397049e-23, 1.23032884591e-23, 9.44801509015e-24, 3.13626767446e-23, 8.47160644902e-24, 3.36297304575e-23, 1.13817813816e-23, 4.23862600549e-23, 4.98475652428e-23, 2.6149049268e-23, 1.00801012501e-22, 5.39101673503e-23, 6.60776084395e-23, 3.36341039024e-23, 1.49184729582e-22, 1.46660500903e-22, 2.04453990676e-22, 1.98687644651e-22, 3.49290998577e-22, 3.98064337215e-22, 5.043158737e-22, 5.43148277511e-22, 8.79472523264e-22, 1.09061199021e-21, 1.46991701315e-21, 2.24699089756e-21],
        "stdev": [4.85814098283e-06, 7.25867430447e-05, 0.000823836540803, 0.00266102189198, 0.00534184835851, 0.00676876306534, 0.0102016283199, 0.00497952103615, 0.00464047910646, 0.00286695780233, 0.000934125040658, 0.0014686944196, 0.00156788225286, 0.00145871308632, 0.00141507992521, 0.00106843572576, 0.000509568664711, 0.000158984737936, 3.68388682546e-05, 1.63670229085e-05, 8.26248196972e-06, 1.13538612823e-06, 1.9778740068e-07, 2.71321937362e-07, 4.623688028e-07, 1.73620392729e-07, 6.9147837678e-08]
    },
    "erbbands": {
        "max": [0.0163824353367, 0.337087750435, 5.00543117523, 58.4782104492, 139.648590088, 328.234222412, 219.317657471, 736.477661133, 2061.47290039, 1661.32568359, 1111.54907227, 1551.5090332, 1016.79022217, 771.941223145, 327.782043457, 680.496337891, 655.613525391, 606.757324219, 602.971496582, 474.521057129, 364.065002441, 181.59463501, 96.2169494629, 23.8470878601, 11.6498241425, 11.3921375275, 6.51885557175, 3.06987500191, 0.781147181988, 0.106119714677, 0.0883872509003, 0.0716603547335, 0.057235699147, 0.0534199140966, 0.0322019457817, 0.0166108161211, 0.00502646062523, 0.00151680212002, 0.000348890083842, 0.000154380322783],
        "mean": [0.000827873416711, 0.0120194982737, 0.2513448596, 2.92551398277, 5.91602706909, 9.23351669312, 15.5364456177, 25.5059967041, 51.1636810303, 45.9785919189, 41.4172668457, 39.1902236938, 30.3663539886, 25.9956493378, 22.7094898224, 30.8948554993, 36.5422935486, 37.2052307129, 37.7122459412, 33.956703186, 25.9290237427, 14.2442770004, 5.64930725098, 1.8906904459, 0.834307730198, 0.424706578255, 0.203632339835, 0.0962321460247, 0.0359717831016, 0.0223076269031, 0.0187923442572, 0.019410867244, 0.021272432059, 0.0222021173686, 0.0157673116773, 0.00464704073966, 0.000630545779131, 5.93415388721e-05, 1.20014356071e-05, 2.29840043175e-05],
        "min": [6.59098764162e-22, 3.32747699346e-21, 1.08174795023e-20, 2.25055665992e-20, 4.48584957572e-20, 7.40409818661e-20, 7.26349816199e-20, 6.4561692379e-20, 2.72988963339e-19, 4.28185597992e-19, 4.93577689233e-19, 7.27621515918e-19, 9.12870113364e-19, 1.77923654628e-18, 2.10276714977e-18, 2.65996924528e-18, 2.77835492096e-18, 2.47298093191e-18, 2.90924136364e-18, 4.2845234306e-18, 5.71642063382e-18, 8.14331354354e-18, 1.08646566951e-17, 1.12133455834e-17, 1.15357326097e-17, 1.63234035371e-17, 1.38517448534e-17, 1.65613387316e-17, 1.94558074767e-17, 2.13832656897e-17, 1.52567442111e-17, 1.42522226926e-17, 1.60467629074e-17, 1.08692343126e-17, 7.43432215127e-18, 4.10178144891e-18, 2.59248929847e-18, 1.24722551255e-18, 2.64285032891e-19, 3.25515992061e-20],
        "stdev": [0.00130440236535, 0.0205193143338, 0.529815256596, 5.65219449997, 11.1581096649, 25.798997879, 30.8767795563, 70.4917907715, 144.515899658, 133.605911255, 109.842575073, 109.096862793, 81.0096664429, 64.6418151855, 39.8835678101, 62.2969512939, 71.4631500244, 70.5359344482, 77.3947296143, 69.3172531128, 52.7956771851, 27.2257976532, 10.6954421997, 3.52985954285, 1.31921124458, 0.756529450417, 0.442690014839, 0.246402159333, 0.0520352423191, 0.00937451701611, 0.00574312219396, 0.00540206814185, 0.00539316795766, 0.00521580409259, 0.0037203070242, 0.00112870684825, 0.000238029591856, 5.49351607333e-05, 1.4024036318e-05, 2.34120252571e-05]
    },
    "gfcc": {
        "mean": [-117.399047852, 123.190383911, -127.314002991, -14.9064121246, -58.4427375793, -1.35774624348, -60.7049865723, 8.09546947479, -29.4650650024, -1.00348067284, -16.1433029175, -7.99596309662, -8.90604019165],
        "cov": [[9076.91699219, 2122.72900391, -2258.19433594, -1216.24633789, 530.467529297, -432.866394043, 31.1391963959, -63.4438438416, 43.1956520081, -364.804199219, 112.50643158, -332.859436035, 111.148284912], [2122.72900391, 1026.64172363, 56.8879966736, -456.661315918, -96.3018264771, -334.118530273, -45.616104126, -123.823509216, -2.6893992424, -257.833526611, 27.2280082703, -179.323898315, -40.409942627], [-2258.19433594, 56.8879966736, 2276.27392578, 534.633178711, -907.67376709, -327.575439453, -313.109527588, -186.783432007, -136.18170166, -82.7473297119, -99.1235046387, -4.39433574677, -203.49659729], [-1216.24633789, -456.661315918, 534.633178711, 621.37902832, -90.0072937012, -0.584106624126, -131.860305786, -27.9575443268, -56.0403556824, 143.071563721, -56.165058136, 80.6541976929, -12.6333351135], [530.467529297, -96.3018264771, -907.67376709, -90.0072937012, 585.332641602, 180.252029419, 50.3595466614, 42.1923904419, 96.2265472412, 39.696105957, 39.0077629089, 29.280418396, 97.417640686], [-432.866394043, -334.118530273, -327.575439453, -0.584106624126, 180.252029419, 386.241424561, 129.910736084, 82.6595687866, -6.56303882599, 92.4461746216, -18.8105449677, 65.5199813843, 15.7156267166], [31.1391963959, -45.616104126, -313.109527588, -131.860305786, 50.3595466614, 129.910736084, 261.248046875, 88.1711654663, -22.9991855621, 12.8445682526, 18.9502906799, -14.16938591, 18.1734008789], [-63.4438438416, -123.823509216, -186.783432007, -27.9575443268, 42.1923904419, 82.6595687866, 88.1711654663, 115.692367554, 35.4919815063, 29.4632358551, 5.40014648438, 19.518529892, 6.36622476578], [43.1956520081, -2.6893992424, -136.18170166, -56.0403556824, 96.2265472412, -6.56303882599, -22.9991855621, 35.4919815063, 113.901046753, 36.4236755371, 10.592830658, -0.783968627453, 16.3917293549], [-364.804199219, -257.833526611, -82.7473297119, 143.071563721, 39.696105957, 92.4461746216, 12.8445682526, 29.4632358551, 36.4236755371, 157.137435913, 11.8723583221, 32.7365341187, 10.994811058], [112.50643158, 27.2280082703, -99.1235046387, -56.165058136, 39.0077629089, -18.8105449677, 18.9502906799, 5.40014648438, 10.592830658, 11.8723583221, 62.9353179932, 14.9371137619, 7.4955534935], [-332.859436035, -179.323898315, -4.39433574677, 80.6541976929, 29.280418396, 65.5199813843, -14.16938591, 19.518529892, -0.783968627453, 32.7365341187, 14.9371137619, 82.7183456421, 29.8902568817], [111.148284912, -40.409942627, -203.49659729, -12.6333351135, 97.417640686, 15.7156267166, 18.1734008789, 6.36622476578, 16.3917293549, 10.994811058, 7.4955534935, 29.8902568817, 68.3353729248]],
        "icov": [[0.00114760454744, -0.00367648736574, 0.00287829665467, -0.00206758105196, 0.00261317263357, -0.000945911859162, 0.00162746256683, -0.000519516353961, -3.77802425646e-05, 0.000109408938442, 7.91114434833e-05, -0.00130892696325, 0.000811542442534], [-0.00367648736574, 0.015976248309, -0.0092241615057, 0.00779999559745, -0.00784553401172, 0.00353468791582, -0.00459318002686, 0.00382687640376, -0.000961000972893, 0.00384438177571, -0.003532608971, 0.0105825802311, -0.00399221247062], [0.00287829665467, -0.0092241615057, 0.0130018601194, -0.013202464208, 0.0163603909314, -0.00765909580514, 0.0037347257603, 0.00692652259022, -0.0119503578171, 0.0123776374385, -0.00727452058345, -0.00111129239667, 0.00510023441166], [-0.00206758105196, 0.00779999559745, -0.013202464208, 0.0217442493886, -0.020672891289, 0.0146971503273, -0.00170517223887, -0.0106666805223, 0.0231600422412, -0.0250838827342, 0.0205154847354, -0.0091296788305, 0.000441189884441], [0.00261317263357, -0.00784553401172, 0.0163603909314, -0.020672891289, 0.0276646856219, -0.0165729876608, 0.00456283101812, 0.0133596127853, -0.025396682322, 0.026176886633, -0.0212485492229, 0.00945732183754, -0.00200252374634], [-0.000945911859162, 0.00353468791582, -0.00765909580514, 0.0146971503273, -0.0165729876608, 0.0183142237365, -0.00499336607754, -0.00753433490172, 0.0182223841548, -0.0215712804347, 0.0231471918523, -0.0173715762794, 0.00914103910327], [0.00162746256683, -0.00459318002686, 0.0037347257603, -0.00170517223887, 0.00456283101812, -0.00499336607754, 0.013121522963, -0.00914550200105, 0.00598077755421, -9.97363167698e-05, -0.00632267910987, 0.00905021186918, -0.00723438570276], [-0.000519516353961, 0.00382687640376, 0.00692652259022, -0.0106666805223, 0.0133596127853, -0.00753433490172, -0.00914550200105, 0.0316257178783, -0.0270507205278, 0.0208657346666, -0.0100838029757, -0.000549814081751, 0.00841408409178], [-3.77802425646e-05, -0.000961000972893, -0.0119503578171, 0.0231600422412, -0.025396682322, 0.0182223841548, 0.00598077755421, -0.0270507205278, 0.0484014824033, -0.0394476987422, 0.0262870155275, -0.0114379972219, -0.00201198412105], [0.000109408938442, 0.00384438177571, 0.0123776374385, -0.0250838827342, 0.026176886633, -0.0215712804347, -9.97363167698e-05, 0.0208657346666, -0.0394476987422, 0.0516708791256, -0.0374980978668, 0.0247054230422, -0.00550053501502], [7.91114434833e-05, -0.003532608971, -0.00727452058345, 0.0205154847354, -0.0212485492229, 0.0231471918523, -0.00632267910987, -0.0100838029757, 0.0262870155275, -0.0374980978668, 0.056723009795, -0.0389149151742, 0.0180288162082], [-0.00130892696325, 0.0105825802311, -0.00111129239667, -0.0091296788305, 0.00945732183754, -0.0173715762794, 0.00905021186918, -0.000549814081751, -0.0114379972219, 0.0247054230422, -0.0389149151742, 0.0591455064714, -0.0312863178551], [0.000811542442534, -0.00399221247062, 0.00510023441166, 0.000441189884441, -0.00200252374634, 0.00914103910327, -0.00723438570276, 0.00841408409178, -0.00201198412105, -0.00550053501502, 0.0180288162082, -0.0312863178551, 0.0411900319159]]
    },
    "melbands": {
        "max": [0.00025183847174, 0.00231330934912, 0.00863265339285, 0.0148106077686, 0.00660507474095, 0.0143433911726, 0.0291114337742, 0.0184783283621, 0.00981175526977, 0.00867515522987, 0.00504306191579, 0.00366450892761, 0.00146670150571, 0.00127443589736, 0.00244409055449, 0.00118973874487, 0.00120338774286, 0.00118978007231, 0.00067256874172, 0.00049511907855, 0.00049306533765, 0.000227457057917, 0.000109779408376, 7.19469753676e-05, 1.94313051907e-05, 1.01930754681e-05, 7.18285355106e-06, 8.06123807706e-06, 4.6134796321e-06, 2.53982921095e-06, 1.70428438651e-06, 5.34684716058e-07, 1.14288738473e-07, 5.36808961726e-08, 5.3326825622e-08, 4.68787462182e-08, 4.31657660727e-08, 3.96475776654e-08, 4.77785526698e-08, 4.28191455626e-08],
        "mean": [8.62633987708e-06, 0.000125312421005, 0.000577689381316, 0.000541734101716, 0.000517317035701, 0.000590223120525, 0.000795803731307, 0.00044851921848, 0.000352424336597, 0.000234008737607, 0.000152116757818, 0.000110255357868, 7.11309767212e-05, 7.78318426455e-05, 8.5547551862e-05, 7.70332189859e-05, 6.76130439388e-05, 6.11555660726e-05, 5.11367397849e-05, 3.9771086449e-05, 2.83310182567e-05, 1.60153722391e-05, 7.81537801231e-06, 3.14994645123e-06, 1.33829360038e-06, 6.77809055105e-07, 4.36883937027e-07, 2.4214520522e-07, 1.38392550753e-07, 8.29493558285e-08, 4.50180266398e-08, 1.96195113489e-08, 1.6356150212e-08, 1.06876747452e-08, 1.04300701409e-08, 1.10123892227e-08, 1.21361072303e-08, 1.37726763327e-08, 1.7314306433e-08, 1.95355660537e-08],
        "min": [5.13779940532e-24, 6.31502600051e-24, 5.15214996847e-24, 4.97015699662e-24, 2.78660519655e-24, 1.56759194895e-24, 5.9563309469e-24, 3.70283972504e-24, 4.84126698547e-24, 4.90181048223e-24, 4.44861265319e-24, 7.30353379577e-24, 6.42091598311e-24, 1.14627200882e-23, 7.24226612471e-24, 4.37890298715e-24, 4.71422685314e-24, 4.72682575066e-24, 3.63053470662e-24, 7.40189134002e-24, 4.41503518319e-24, 9.60140830431e-24, 7.15656506483e-24, 1.05618007025e-23, 8.95030381239e-24, 8.83379615644e-24, 8.56005826688e-24, 9.33939367667e-24, 7.0450974412e-24, 1.17859582107e-23, 8.05598798136e-24, 1.02089250758e-23, 1.13355336221e-23, 1.0921380858e-23, 7.37765279985e-24, 6.98967365172e-24, 8.18228540114e-24, 1.1517058405e-23, 8.9490100805e-24, 9.41164150268e-24],
        "stdev": [1.63312979566e-05, 0.000261097302428, 0.00095648720162, 0.00123429927044, 0.000982287572697, 0.0015547494404, 0.00212778686546, 0.00132479867898, 0.000941354839597, 0.000671849178616, 0.000422234734287, 0.000302730419207, 0.000129829044454, 0.000151253334479, 0.000183337528142, 0.000149323910591, 0.00013157860667, 0.000129557214677, 0.000106052830233, 8.23056107038e-05, 5.92520627833e-05, 3.16000077873e-05, 1.47636010297e-05, 6.30225122222e-06, 2.58393583863e-06, 1.16137982786e-06, 7.19894558188e-07, 4.79363222894e-07, 3.09830681999e-07, 2.06194584962e-07, 1.24040852256e-07, 3.35770771187e-08, 8.32831759112e-09, 4.42795089484e-09, 3.59426821639e-09, 3.62851548807e-09, 3.65443453276e-09, 3.92852950171e-09, 4.95412111334e-09, 5.11854203467e-09]
    },
    "melbands128": {
        "max": [2.40896169998e-05, 8.5891384515e-05, 0.000345362146618, 0.000643218343612, 0.000661898870021, 0.00534512056038, 0.0140810497105, 0.0107039697468, 0.0139253605157, 0.0261993985623, 0.0259104073048, 0.01243285276, 0.0111764315516, 0.0157584343106, 0.0223978608847, 0.0300629753619, 0.0429985299706, 0.0490585230291, 0.0429922118783, 0.0277346298099, 0.0282198004425, 0.0123985875398, 0.0194121766835, 0.0117544000968, 0.0191124584526, 0.0147990183905, 0.0159869678319, 0.00926790945232, 0.0111636249349, 0.00873782206327, 0.00307533494197, 0.00196571508422, 0.00247975345701, 0.00142977130599, 0.00184339936823, 0.00154927873518, 0.0035155066289, 0.00410734955221, 0.00267277495004, 0.00206615333445, 0.00133344111964, 0.00112979009282, 0.0015647332184, 0.00185615918599, 0.00149699568283, 0.00186121463776, 0.00124185194727, 0.00115665292833, 0.00106348888949, 0.000869110226631, 0.000608293630648, 0.00087190780323, 0.000717437476851, 0.00104187463876, 0.000512857048307, 0.00030155616696, 0.000192028426682, 0.000187028053915, 0.000140757751069, 8.58530474943e-05, 9.11956376513e-05, 6.96214556228e-05, 3.21274601447e-05, 2.35532825172e-05, 1.97888275579e-05, 1.03735128505e-05, 1.24301850519e-05, 1.09579432319e-05, 7.82133884059e-06, 7.75421267463e-06, 7.22469621905e-06, 1.29524460135e-05, 4.19553225584e-06, 3.70248631043e-06, 3.92638867197e-06, 2.95657741844e-06, 3.41297368323e-06, 2.34344770433e-06, 2.42835790232e-06, 1.15302555059e-06, 8.89767477474e-07, 3.34972725113e-07, 2.55222516898e-07, 1.02995699081e-07, 7.86016158827e-08, 8.03211719358e-08, 6.32146353041e-08, 6.3596075961e-08, 4.64908929132e-08, 4.97075802741e-08, 5.22452374696e-08, 5.09126287795e-08, 5.34069926061e-08, 3.70429837915e-08, 5.05977517662e-08, 4.49094663679e-08, 5.06323125649e-08, 4.65244056613e-08, 6.2931668765e-08, 6.40859667556e-08, 5.85700128397e-08, 5.63335049719e-08, 5.45691563048e-08, 7.45288275539e-08, 4.72011549846e-08, 4.24500896656e-08, 3.46895063785e-08, 3.62358321127e-08, 2.79959753158e-08, 2.60839030375e-08, 2.03872740911e-08, 2.27193108771e-08, 1.36048541322e-08, 1.19987308977e-08, 1.25415109409e-08, 1.2241455849e-08, 1.17281224732e-08, 1.13573417337e-08, 1.09709663576e-08, 1.06855653215e-08, 1.03957260578e-08, 1.01742489989e-08, 9.99766580634e-09, 9.82217329693e-09, 9.63909574381e-09, 9.50446032988e-09, 9.41299482804e-09, 9.3980361271e-09],
        "mean": [3.65026221516e-06, 4.63892274638e-06, 1.12964116852e-05, 1.51538442879e-05, 2.99846979033e-05, 0.000223506445764, 0.000607185298577, 0.0006713377079, 0.000576758466195, 0.000551881676074, 0.000507125165313, 0.000482497445773, 0.000558071827982, 0.000507244258188, 0.000494732754305, 0.000669630826451, 0.00082693452714, 0.000826253206469, 0.000784053176176, 0.000503607268911, 0.000272862322163, 0.00026940528187, 0.000414311944041, 0.000383783946745, 0.000236025429331, 0.000197144297999, 0.000154305627802, 0.000133766312501, 0.000166069876286, 0.000143074867083, 7.84597505117e-05, 7.05501952325e-05, 6.95321141393e-05, 7.10061940481e-05, 7.84395742812e-05, 7.54787397454e-05, 8.48472554935e-05, 8.91868621693e-05, 8.33948215586e-05, 8.12544822111e-05, 7.38458547858e-05, 7.50790568418e-05, 6.74121038173e-05, 6.49663561489e-05, 6.27245390206e-05, 6.25747052254e-05, 5.5898566643e-05, 5.31714249519e-05, 4.86118442495e-05, 4.46886842838e-05, 3.88327134715e-05, 3.51581838913e-05, 2.95600057143e-05, 2.74303947663e-05, 2.07033353945e-05, 1.50899886648e-05, 1.18995976663e-05, 9.21300943446e-06, 6.63843229631e-06, 4.32686465501e-06, 3.03396245727e-06, 2.23607617045e-06, 1.59288538271e-06, 1.09976031126e-06, 8.41805217533e-07, 6.57059274545e-07, 6.01082319918e-07, 5.12257884111e-07, 4.05753183941e-07, 3.18662017662e-07, 2.4928507969e-07, 2.08475213981e-07, 1.56809818463e-07, 1.3160111223e-07, 1.07777211156e-07, 8.60774349576e-08, 7.35033154342e-08, 5.83448986902e-08, 4.37192859692e-08, 2.91788957441e-08, 2.07610959535e-08, 1.58183635079e-08, 1.46020600056e-08, 2.20154863229e-08, 1.09226592215e-08, 1.03051238654e-08, 1.15751115359e-08, 9.53899181866e-09, 9.97510429812e-09, 1.17928671273e-08, 9.72636193808e-09, 1.1518476839e-08, 1.18198704158e-08, 1.04459711991e-08, 1.49392214155e-08, 1.16225225e-08, 1.46111878152e-08, 1.46486858199e-08, 1.69251759274e-08, 1.95731981734e-08, 1.69230354174e-08, 1.91923579251e-08, 2.13125481707e-08, 2.56065852966e-08, 1.68758536034e-08, 1.54345123349e-08, 1.3973337154e-08, 1.11856151008e-08, 7.00773172824e-09, 4.82981121763e-09, 3.47286177593e-09, 2.2816422085e-09, 1.53146806348e-09, 8.90412688026e-10, 2.12848114134e-10, 3.71126962495e-10, 6.90778934054e-10, 1.39499731211e-11, 1.31482437785e-11, 1.28878583153e-11, 1.26136922088e-11, 1.24091301471e-11, 1.21707531206e-11, 1.19157721884e-11, 1.17857702764e-11, 1.16944448916e-11, 1.15912201712e-11, 1.15489631747e-11],
        "min": [2.59671099387e-24, 5.10172045738e-24, 4.9902469173e-24, 5.22745660264e-24, 4.49003771148e-24, 7.05992171533e-24, 3.41363542858e-24, 5.46581763047e-24, 4.7768971189e-24, 7.49943241323e-25, 8.79914780776e-25, 3.60613563325e-24, 4.88956696655e-25, 2.12725020563e-24, 6.59441667009e-25, 1.99503337082e-24, 2.57904820099e-24, 2.38494660868e-24, 5.39634343941e-24, 5.44222122307e-24, 6.18323278401e-25, 1.82601518871e-24, 5.61230752285e-24, 8.65292218378e-24, 3.10534779796e-24, 2.80606225356e-24, 4.20532163913e-24, 2.65064245573e-24, 3.21930270002e-24, 5.32236958574e-24, 5.9055022722e-24, 3.88549060689e-24, 2.44368400839e-24, 7.08390308685e-24, 4.55361003968e-24, 1.07286601667e-24, 4.19079161012e-24, 5.06669503319e-24, 5.7226356369e-24, 3.30143988355e-24, 4.98797263131e-24, 4.3265466833e-24, 3.74523744882e-24, 4.19441327054e-24, 7.84121113358e-24, 3.47964060381e-24, 1.29746053424e-24, 3.31343352754e-24, 3.50369888927e-24, 5.18377816318e-24, 6.22896561448e-24, 4.15633337692e-24, 5.010912312e-24, 5.28367753606e-24, 1.92131274151e-24, 9.26613058668e-24, 3.05491947016e-24, 3.79123908365e-24, 5.91499305775e-24, 5.85281425234e-24, 8.23077904757e-24, 9.59376818645e-24, 6.00346065282e-24, 7.82178858923e-24, 7.27150683188e-24, 8.26580210518e-24, 5.24276839281e-24, 1.02396030875e-23, 7.22629879113e-24, 7.94304913214e-24, 7.38743704165e-24, 8.2255907094e-24, 7.70696909562e-24, 3.18824366846e-24, 8.10276348873e-24, 9.89480618535e-24, 1.05882527864e-23, 8.43056438271e-24, 3.94495415306e-24, 5.15283785518e-24, 6.82005277988e-24, 1.23179163069e-23, 7.81667992601e-24, 1.11043153354e-23, 8.95525549229e-24, 7.46414429836e-24, 7.70677503583e-24, 7.31614531507e-24, 4.92010337776e-24, 6.96758160207e-24, 7.02713823383e-24, 7.47856152026e-24, 5.61536948645e-24, 5.68520142593e-24, 8.09790489442e-24, 9.94749893837e-24, 1.16848049434e-23, 1.25813698168e-23, 7.28868901126e-24, 6.00371348274e-24, 7.45024299148e-24, 9.97095019536e-24, 5.68496003449e-24, 6.05868209948e-24, 8.66749323356e-24, 8.74423362242e-24, 7.1453506182e-24, 5.55533480498e-24, 4.72493918981e-24, 6.74556301118e-24, 8.52718012207e-24, 7.06176922757e-24, 7.60513109706e-24, 8.19014482234e-24, 9.21723225461e-24, 6.82498079395e-24, 6.99454329009e-24, 8.62472750617e-24, 7.33741458279e-24, 7.81885166008e-24, 7.65795795644e-24, 5.87712891759e-24, 6.76933849e-24, 1.00187291338e-23, 9.26345477049e-24, 8.68212581449e-24, 9.03082600043e-24, 8.24102398415e-24],
        "stdev": [3.26891085933e-06, 7.60067177907e-06, 2.38061420532e-05, 3.62403443432e-05, 6.53702445561e-05, 0.000556387181859, 0.00133848760743, 0.00134206889197, 0.00128886371385, 0.00173751881812, 0.00188146985602, 0.00126794585958, 0.00136740622111, 0.00136205530725, 0.00174489431083, 0.00266192387789, 0.00313309393823, 0.00293233245611, 0.0028093077708, 0.00192244909704, 0.00134761549998, 0.000999830546789, 0.00150750763714, 0.00131287262775, 0.000946193758864, 0.000906258530449, 0.000663618498947, 0.000524935836438, 0.000696315313689, 0.000581279338803, 0.000206074706512, 0.000165417528478, 0.00015648639237, 0.000147671118611, 0.000180520146387, 0.000173873937456, 0.000228001837968, 0.000235598665313, 0.000204477226362, 0.000196473862161, 0.000159203045769, 0.000162072130479, 0.000144984238432, 0.000151486281538, 0.000147997881868, 0.000150784413563, 0.000129311563796, 0.000124017518829, 0.000109681961476, 0.000104564605863, 8.80037405295e-05, 8.1619793491e-05, 6.88320360496e-05, 6.4964457124e-05, 4.63311262138e-05, 3.38996833307e-05, 2.48698324867e-05, 1.89228012459e-05, 1.42040689752e-05, 9.2292420959e-06, 6.74752345731e-06, 4.98624194734e-06, 3.39825896845e-06, 2.35259881265e-06, 1.78483321633e-06, 1.19557330436e-06, 1.08220410766e-06, 9.14142447073e-07, 7.37200423373e-07, 6.46248395242e-07, 5.08272250954e-07, 5.70293252622e-07, 3.42113082752e-07, 3.21885892163e-07, 3.00390780694e-07, 2.10112474974e-07, 2.12725666415e-07, 1.74798529429e-07, 1.39551730172e-07, 7.22345063764e-08, 4.4852065173e-08, 1.97193124052e-08, 1.33046942352e-08, 1.10816085197e-08, 6.70636390865e-09, 6.05939343146e-09, 5.94376770024e-09, 4.6845163304e-09, 4.68400784825e-09, 5.30491028883e-09, 4.48758497029e-09, 5.18912424141e-09, 5.18690201901e-09, 4.56426452189e-09, 6.44008624207e-09, 4.77690287326e-09, 5.82950665518e-09, 5.63626523231e-09, 6.44584519094e-09, 7.44897166172e-09, 6.36515329333e-09, 7.15218195779e-09, 7.54637508038e-09, 9.90881154905e-09, 6.02434457875e-09, 5.74337377657e-09, 4.85054130195e-09, 3.97375021777e-09, 2.66850053166e-09, 1.83897708173e-09, 1.39505529351e-09, 1.13870879392e-09, 8.06547162391e-10, 5.74039316081e-10, 5.78428860365e-10, 5.69360225633e-10, 5.91419191398e-10, 3.2104024994e-10, 3.10104469881e-10, 3.02034869337e-10, 2.93840757282e-10, 2.87578266756e-10, 2.82587842015e-10, 2.7762850352e-10, 2.72451616823e-10, 2.68644162471e-10, 2.66058924892e-10, 2.65636512786e-10]
    },
    "mfcc": {
        "mean": [-761.998962402, 171.628173828, -18.4717159271, -9.3213558197, 8.5964307785, -18.1168384552, -10.7948112488, -12.02003479, -6.21595239639, -8.01865673065, -4.51617145538, -2.82237100601, -3.64470624924],
        "cov": [[6280.76757812, 2034.22497559, -2798.14233398, -699.772277832, 40.2486877441, -240.65927124, 129.332763672, 79.311126709, 99.6892471313, 50.0588226318, -44.1671943665, 14.1009511948, -32.9778251648], [2034.22497559, 1316.00341797, -127.617507935, -277.880645752, -132.401275635, -292.226104736, -119.282951355, 4.13251543045, -123.13407135, -86.6870651245, -48.0024757385, -60.5927505493, -79.7380218506], [-2798.14233398, -127.617507935, 2750.6652832, 604.693603516, -294.377319336, -217.533782959, -307.699645996, -182.947540283, -284.588012695, -214.374832153, -61.2870368958, -77.5059738159, -85.8814926147], [-699.772277832, -277.880645752, 604.693603516, 498.488739014, 49.702796936, -40.8227043152, -110.988601685, -140.241714478, -59.8408927917, -71.064125061, -48.6811561584, 4.12672376633, -2.86726570129], [40.2486877441, -132.401275635, -294.377319336, 49.702796936, 329.21673584, 108.279624939, -78.6456298828, -16.5904979706, 17.7150745392, -2.54804420471, -5.63232135773, 2.21912503242, 20.680393219], [-240.65927124, -292.226104736, -217.533782959, -40.8227043152, 108.279624939, 224.505386353, 99.1083908081, 8.32758235931, 67.4507598877, 38.9906845093, 20.4367923737, 18.8067474365, 12.4576511383], [129.332763672, -119.282951355, -307.699645996, -110.988601685, -78.6456298828, 99.1083908081, 217.021560669, 88.4811325073, 50.8408584595, 45.4703979492, 21.869430542, 11.6185750961, 5.07909536362], [79.311126709, 4.13251543045, -182.947540283, -140.241714478, -16.5904979706, 8.32758235931, 88.4811325073, 135.652099609, 44.4985923767, 13.123090744, 15.5258483887, -5.30368947983, -4.11138820648], [99.6892471313, -123.13407135, -284.588012695, -59.8408927917, 17.7150745392, 67.4507598877, 50.8408584595, 44.4985923767, 115.19442749, 64.2961196899, 18.1098594666, 16.8719520569, 10.1964092255], [50.0588226318, -86.6870651245, -214.374832153, -71.064125061, -2.54804420471, 38.9906845093, 45.4703979492, 13.123090744, 64.2961196899, 109.386283875, 52.4840316772, 8.98519325256, 13.7193660736], [-44.1671943665, -48.0024757385, -61.2870368958, -48.6811561584, -5.63232135773, 20.4367923737, 21.869430542, 15.5258483887, 18.1098594666, 52.4840316772, 71.7483825684, 26.7327766418, 3.77539658546], [14.1009511948, -60.5927505493, -77.5059738159, 4.12672376633, 2.21912503242, 18.8067474365, 11.6185750961, -5.30368947983, 16.8719520569, 8.98519325256, 26.7327766418, 57.4311180115, 29.695734024], [-32.9778251648, -79.7380218506, -85.8814926147, -2.86726570129, 20.680393219, 12.4576511383, 5.07909536362, -4.11138820648, 10.1964092255, 13.7193660736, 3.77539658546, 29.695734024, 70.4331970215]],
        "icov": [[0.00303625944071, -0.00519922934473, 0.00349968764931, -0.00301528163254, 0.00135733280331, -0.000719685922377, -0.000672390509862, 0.00109766109381, -0.00150210654829, 0.00116911227815, -0.000844101363327, 1.28082665469e-05, -0.000449045212008], [-0.00519922934473, 0.0109483106062, -0.00597848044708, 0.00741102080792, -0.00320733804256, 0.00476317014545, 7.42666597944e-05, 0.000723098870367, 0.00231316243298, -0.000271194119705, 0.00173598271795, -2.01288385142e-05, 0.00274176266976], [0.00349968764931, -0.00597848044708, 0.0060408259742, -0.00640079472214, 0.00652039144188, -0.00601537432522, 0.0058644618839, -0.00404292019084, 0.00369652011432, 1.50798960021e-05, -0.00112805655226, 0.0013379661832, -0.000575636455324], [-0.00301528163254, 0.00741102080792, -0.00640079472214, 0.0131183136255, -0.0106335002929, 0.0138335460797, -0.0116470484063, 0.0140781775117, -0.00846831966192, 0.00557024311274, 0.000822661153506, -0.00173679122236, 0.00287380209193], [0.00135733280331, -0.00320733804256, 0.00652039144188, -0.0106335002929, 0.0200671199709, -0.021605828777, 0.0237082056701, -0.0193809345365, 0.0160031318665, -0.00693746376783, 0.00207632710226, 0.00221973541193, -0.00240202643909], [-0.000719685922377, 0.00476317014545, -0.00601537432522, 0.0138335460797, -0.021605828777, 0.0345239453018, -0.0307434368879, 0.0290809813887, -0.023993730545, 0.0145354447886, -0.00645651156083, 0.000683018297423, 0.00313623389229], [-0.000672390509862, 7.42666597944e-05, 0.0058644618839, -0.0116470484063, 0.0237082056701, -0.0307434368879, 0.0400903448462, -0.0334078595042, 0.0269307941198, -0.0166062023491, 0.00859178043902, -0.00233112624846, -6.05059649388e-05], [0.00109766109381, 0.000723098870367, -0.00404292019084, 0.0140781775117, -0.0193809345365, 0.0290809813887, -0.0334078595042, 0.0432399846613, -0.0309182330966, 0.0234983116388, -0.0141266444698, 0.00815397873521, -0.00032567261951], [-0.00150210654829, 0.00231316243298, 0.00369652011432, -0.00846831966192, 0.0160031318665, -0.023993730545, 0.0269307941198, -0.0309182330966, 0.0429443232715, -0.0281560905278, 0.0186738353223, -0.0123213632032, 0.00533757871017], [0.00116911227815, -0.000271194119705, 1.50798960021e-05, 0.00557024311274, -0.00693746376783, 0.0145354447886, -0.0166062023491, 0.0234983116388, -0.0281560905278, 0.0415321998298, -0.0309000909328, 0.0206616260111, -0.0085479952395], [-0.000844101363327, 0.00173598271795, -0.00112805655226, 0.000822661153506, 0.00207632710226, -0.00645651156083, 0.00859178043902, -0.0141266444698, 0.0186738353223, -0.0309000909328, 0.0443363785744, -0.0280978288502, 0.0121017331257], [1.28082665469e-05, -2.01288385142e-05, 0.0013379661832, -0.00173679122236, 0.00221973541193, 0.000683018297423, -0.00233112624846, 0.00815397873521, -0.0123213632032, 0.0206616260111, -0.0280978288502, 0.0426440127194, -0.0172986779362], [-0.000449045212008, 0.00274176266976, -0.000575636455324, 0.00287380209193, -0.00240202643909, 0.00313623389229, -6.05059649388e-05, -0.00032567261951, 0.00533757871017, -0.0085479952395, 0.0121017331257, -0.0172986779362, 0.024179616943]]
    },
    "spectral_contrast_coeffs": {
        "max": [-0.308787882328, -0.378939807415, -0.452329158783, -0.650869965553, -0.635443925858, -0.684973061085],
        "mean": [-0.62954646349, -0.731861054897, -0.798514544964, -0.828931927681, -0.790861606598, -0.853446960449],
        "min": [-0.97132062912, -0.980066537857, -0.962279081345, -0.963107347488, -0.962073743343, -0.960032880306],
        "stdev": [0.139069497585, 0.132928743958, 0.0827701687813, 0.0471601523459, 0.0636710822582, 0.0306812655181]
    },
    "spectral_contrast_valleys": {
        "max": [-6.46273756027, -4.81798505783, -5.16141986847, -5.12239933014, -7.24807786942, -9.60516548157],
        "mean": [-8.29064559937, -7.13833284378, -7.77287244797, -8.00064659119, -9.06075572968, -11.5538406372],
        "min": [-27.6055870056, -27.6060695648, -27.4785671234, -27.3766918182, -27.2964229584, -27.2219944],
        "stdev": [1.16879212856, 1.35318350792, 1.58946228027, 1.70700824261, 1.20191979408, 0.823324322701]
    }
},
"rhythm": {
    "beats_count": 59,
    "beats_loudness": {
        "max": 0.104714766145,
        "mean": 0.0306060072035,
        "min": 7.73732244852e-05,
        "stdev": 0.0214698221534
    },
    "bpm": 117.234115601,
    "bpm_histogram_first_peak_bpm": 117,
    "bpm_histogram_first_peak_weight": 0.571428537369,
    "bpm_histogram_second_peak_bpm": 110,
    "bpm_histogram_second_peak_spread": 0.5,
    "bpm_histogram_second_peak_weight": 0.12068965286,
    "danceability": 1.44621694088,
    "onset_rate": 3.34329032898,
    "beats_loudness_band_ratio": {
        "max": [0.722198665142, 0.862152099609, 0.83483672142, 0.782980263233, 0.540425181389, 0.0541898086667],
        "mean": [0.152694255114, 0.278782606125, 0.356408059597, 0.193768233061, 0.0967443734407, 0.00336041953415],
        "min": [0.00210878415965, 0.0102032562718, 0.0267760269344, 0.000727544189431, 0.000390732311644, 0.000111373810796],
        "stdev": [0.154908820987, 0.240508317947, 0.246273562312, 0.216779753566, 0.152641698718, 0.0076860752888]
    },
    "beats_position": [0.406349211931, 0.812698423862, 1.21904754639, 1.62539684772, 2.00852608681, 2.41487526894, 2.82122445107, 3.21596360207, 3.62231278419, 4.01705217361, 4.43501138687, 4.85297060013, 5.27092981339, 5.6888885498, 6.10684776306, 6.52480697632, 6.93115615845, 7.4303855896, 7.90639448166, 8.38240337372, 8.85841274261, 9.35764122009, 9.86848068237, 10.3677091599, 10.8901586533, 11.4009971619, 11.9118366241, 12.445895195, 12.9567346573, 13.4675731659, 13.966802597, 14.4776411057, 15.0000905991, 15.5341491699, 16.0449886322, 16.50938797, 16.99700737, 17.4614048004, 17.9838542938, 18.5063037872, 19.0287532806, 19.5163707733, 20.0156002045, 20.5264396667, 21.0488891602, 21.5713367462, 22.0821762085, 22.6278457642, 23.1619052887, 23.707572937, 24.2416324615, 24.7756919861, 25.3213596344, 25.8670291901, 26.4010887146, 26.9467563629, 27.5040359497, 28.0497055054, 28.5953731537],
