{
"metadata": {
    "version": {
        "essentia": "2.1-beta5",
        "essentia_git_sha": "Undefined",
        "extractor": "music 2.0"
    },
    "audio_properties": {
        "analysis": {
            "equal_loudness": 0,
            "length": 43.6419029236,
            "sample_rate": 44100,
            "start_time": 142.744674683,
            "downmix": "mix"
        },
        "bit_rate": 192000,
        "length": 186.409790039,
        "lossless": 0,
        "number_channels": 2,
        "replay_gain": 1.5866985321,
        "sample_rate": 44100,
        "codec": "mp3",
        "md5_encoded": "2086de311582c18642d831cc8663925c"
    },
    "tags": {
        "file_name": "Sweden_Alla Andra Får Varann_Siw Malmkvist.mp3",
        "encoding": ["Lavf58.29.100"]
    }
},
"lowlevel": {
    "average_loudness": 0.967114508152,
    "barkbands_crest": {
        "max": 25.2493114471,
        "mean": 10.5848751068,
        "min": 2.94501399994,
        "stdev": 4.93892478943
    },
    "barkbands_flatness_db": {
        "max": 0.361335009336,
        "mean": 0.212480783463,
        "min": 0.082953132689,
        "stdev": 0.0450240857899
    },
    "barkbands_kurtosis": {
        "max": 51.9627456665,
        "mean": 2.47145962715,
        "min": -1.66852688789,
        "stdev": 4.65352773666
    },
    "barkbands_skewness": {
        "max": 6.24783611298,
        "mean": 0.253431260586,
        "min": -3.36009788513,
        "stdev": 1.2323192358
    },
    "barkbands_spread": {
        "max": 30.4756584167,
        "mean": 8.31837844849,
        "min": 0.842342495918,
        "stdev": 4.00263834
    },
    "dissonance": {
        "max": 0.500000059605,
        "mean": 0.438431143761,
        "min": 0.142558276653,
        "stdev": 0.0561066828668
    },
    "dynamic_complexity": 2.5365486145,
    "erbbands_crest": {
        "max": 31.8419246674,
        "mean": 12.6570119858,
        "min": 4.16119766235,
        "stdev": 5.34909534454
    },
    "erbbands_flatness_db": {
        "max": 0.41929346323,
        "mean": 0.297305881977,
        "min": 0.142358005047,
        "stdev": 0.0470636747777
    },
    "erbbands_kurtosis": {
        "max": 39.3846168518,
        "mean": 1.6168743372,
        "min": -1.86147201061,
        "stdev": 2.98054242134
    },
    "erbbands_skewness": {
        "max": 4.65983533859,
        "mean": 0.024806888774,
        "min": -3.21160936356,
        "stdev": 0.946197450161
    },
    "erbbands_spread": {
        "max": 46.3443603516,
        "mean": 11.9626846313,
        "min": 1.85725736618,
        "stdev": 7.02905893326
    },
    "hfc": {
        "max": 106.576919556,
        "mean": 25.4562282562,
        "min": 0.0487763397396,
        "stdev": 17.5471286774
    },
    "loudness_ebu128": {
        "integrated": -25.2856884003,
        "loudness_range": 2.31858062744,
        "momentary": {
            "max": -21.643037796,
            "mean": -25.6833381653,
            "min": -34.7797164917,
            "stdev": 2.08724975586
        },
        "short_term": {
            "max": -24.0251750946,
            "mean": -25.3579883575,
            "min": -28.4515132904,
            "stdev": 0.889263629913
        }
    },
    "melbands_crest": {
        "max": 31.8383865356,
        "mean": 12.0519952774,
        "min": 3.1460211277,
        "stdev": 6.12482500076
    },
    "melbands_flatness_db": {
        "max": 0.413170874119,
        "mean": 0.259480834007,
        "min": 0.113115906715,
        "stdev": 0.0476902201772
    },
    "melbands_kurtosis": {
        "max": 74.9125518799,
        "mean": 2.78809404373,
        "min": -1.73141503334,
        "stdev": 5.80987501144
    },
    "melbands_skewness": {
        "max": 6.47943735123,
        "mean": 0.485625952482,
        "min": -2.6546664238,
        "stdev": 1.24448513985
    },
    "melbands_spread": {
        "max": 70.7953033447,
        "mean": 16.3751621246,
        "min": 1.67729866505,
        "stdev": 8.22817611694
    },
    "pitch_salience": {
        "max": 0.887992203236,
        "mean": 0.642851650715,
        "min": 0.149487093091,
        "stdev": 0.137541636825
    },
    "silence_rate_20dB": {
        "max": 1,
        "mean": 1,
        "min": 1,
        "stdev": 0
    },
    "silence_rate_30dB": {
        "max": 1,
        "mean": 0.999468386173,
        "min": 0,
        "stdev": 0.0230512320995
    },
    "silence_rate_60dB": {
        "max": 1,
        "mean": 0.0691121742129,
        "min": 0,
        "stdev": 0.25364407897
    },
    "spectral_centroid": {
        "max": 2724.03735352,
        "mean": 1135.70092773,
        "min": 314.097900391,
        "stdev": 374.527130127
    },
    "spectral_complexity": {
        "max": 39,
        "mean": 17.1127052307,
        "min": 0,
        "stdev": 8.69515609741
    },
    "spectral_decrease": {
        "max": -8.23420585189e-12,
        "mean": -5.94893423411e-09,
        "min": -2.66594195608e-08,
        "stdev": 4.02391320264e-09
    },
    "spectral_energy": {
        "max": 0.107412673533,
        "mean": 0.0247616171837,
        "min": 3.55020092684e-05,
        "stdev": 0.0165701769292
    },
    "spectral_energyband_high": {
        "max": 0.000130267537315,
        "mean": 1.27711955429e-05,
        "min": 1.92790508891e-07,
        "stdev": 9.28136432776e-06
    },
    "spectral_energyband_low": {
        "max": 0.0124675342813,
        "mean": 0.000203417075682,
        "min": 1.03080253666e-07,
        "stdev": 0.000483564741444
    },
    "spectral_energyband_middle_high": {
        "max": 0.0946106910706,
        "mean": 0.0146725755185,
        "min": 2.97298956866e-05,
        "stdev": 0.0131989140064
    },
    "spectral_energyband_middle_low": {
        "max": 0.0985310077667,
        "mean": 0.0105788679793,
        "min": 6.84929136696e-06,
        "stdev": 0.012438731268
    },
    "spectral_entropy": {
        "max": 7.90013742447,
        "mean": 6.81144618988,
        "min": 5.39892196655,
        "stdev": 0.427183717489
    },
    "spectral_flux": {
        "max": 0.29783526063,
        "mean": 0.0863095670938,
        "min": 0.0085247894749,
        "stdev": 0.0486590638757
    },
    "spectral_kurtosis": {
        "max": 53.9493675232,
        "mean": 21.8476657867,
        "min": 3.13242197037,
        "stdev": 8.02551555634
    },
    "spectral_rms": {
        "max": 0.0102368379012,
        "mean": 0.00459022680297,
        "min": 0.000186107776244,
        "stdev": 0.00175711628981
    },
    "spectral_rolloff": {
        "max": 3186.9140625,
        "mean": 1443.93774414,
        "min": 258.3984375,
        "stdev": 507.65838623
    },
    "spectral_skewness": {
        "max": 5.6971321106,
        "mean": 3.24632740021,
        "min": 1.1650993824,
        "stdev": 0.638187289238
    },
    "spectral_spread": {
        "max": 11641488,
        "mean": 1998218.875,
        "min": 1158786.125,
        "stdev": 711192.1875
    },
    "spectral_strongpeak": {
        "max": 12.7723798752,
        "mean": 2.51353573799,
        "min": 0.0160385034978,
        "stdev": 2.11223483086
    },
    "zerocrossingrate": {
        "max": 0.09912109375,
        "mean": 0.0508085079491,
        "min": 0.01416015625,
        "stdev": 0.0153174502775
    },
    "barkbands": {
        "max": [3.79307784897e-05, 0.00262890080921, 0.00384009280242, 0.0139933461323, 0.0256451722234, 0.0326318070292, 0.0717185661197, 0.0383836068213, 0.085432074964, 0.0855992436409, 0.0669756308198, 0.0327640511096, 0.0245710685849, 0.0514482557774, 0.0439248681068, 0.025879746303, 0.00426026294008, 0.00154887745157, 0.0006059872685, 0.000106726874947, 5.76202983211e-05, 1.80636689038e-05, 1.55557445396e-05, 1.37499328048e-05, 1.32078075694e-05, 1.20226250147e-05, 1.2297221474e-05],
        "mean": [7.00439159118e-06, 5.76496422582e-05, 6.29787537036e-05, 0.000167753416463, 0.00092845101608, 0.00196613441221, 0.0014368359698, 0.00124002632219, 0.00361777748913, 0.00349785550497, 0.00158148130868, 0.00290396204218, 0.00147952209227, 0.00258958502673, 0.00190474709962, 0.000733867054805, 0.000391481822589, 0.000123600664665, 5.25118412043e-05, 1.01244813777e-05, 3.27029965774e-06, 8.7334632326e-07, 5.9689216414e-07, 1.01008924958e-06, 1.97110443878e-06, 5.38381016213e-07, 2.05754808746e-08],
        "min": [6.35766372881e-09, 5.24323908735e-08, 2.74861360339e-08, 5.37208748597e-08, 4.1555361463e-07, 1.02133674318e-06, 9.30606745442e-07, 5.08661514687e-07, 6.52940514101e-07, 3.25652854372e-06, 5.97628456944e-07, 1.73610533238e-06, 9.34389674967e-07, 1.46416221014e-06, 1.4728801716e-06, 3.13339228342e-07, 3.25140575796e-07, 2.15781923885e-07, 2.19227786147e-07, 4.72074148661e-08, 1.9727256273e-08, 2.19515712274e-08, 4.02215789563e-08, 2.98780804542e-08, 4.36537632709e-08, 1.35467255191e-08, 2.94978458326e-10],
        "stdev": [5.0695111895e-06, 0.000112624024041, 0.000167599864653, 0.000534293882083, 0.00182342203334, 0.00391104537994, 0.00344376871362, 0.00273493141867, 0.0086085787043, 0.00811095628887, 0.00486973207444, 0.00425981450826, 0.00230054254644, 0.0041932715103, 0.00321451714262, 0.00126129447017, 0.000533547368832, 0.000153642104124, 6.43811144982e-05, 1.12908819574e-05, 3.87541649616e-06, 7.26963264697e-07, 3.73841800183e-07, 3.55196277724e-07, 4.24832535373e-07, 2.97973457464e-07, 2.83371349497e-07]
    },
    "erbbands": {
        "max": [0.0404202453792, 0.714146018028, 2.62170577049, 31.7706985474, 52.9450378418, 114.733283997, 250.319335938, 392.317687988, 776.039367676, 920.08996582, 1093.59570312, 2725.44726562, 2870.3503418, 2569.86279297, 1766.20910645, 1511.76452637, 1005.99334717, 2685.125, 3125.99755859, 1331.1427002, 610.177978516, 178.189941406, 106.425163269, 54.845413208, 23.0276374817, 5.48697948456, 2.87666702271, 1.88189899921, 0.680802643299, 0.512439310551, 0.438943475485, 0.326596558094, 0.203189432621, 0.137733116746, 0.0986314117908, 0.0499436743557, 0.0220315735787, 0.0076472372748, 0.00175053288694, 0.000193905158085],
        "mean": [0.00114907801617, 0.0151446601376, 0.0608627833426, 0.363186329603, 1.36159300804, 3.45258164406, 7.94937086105, 18.7363166809, 20.9914131165, 22.3310966492, 40.2864875793, 82.1560897827, 100.683731079, 93.2785263062, 65.5824432373, 132.703079224, 77.9871673584, 122.037231445, 106.702690125, 87.1022720337, 36.2100105286, 19.8812713623, 8.17463207245, 4.51854801178, 1.50530195236, 0.519815802574, 0.22436414659, 0.0806829556823, 0.0336450859904, 0.0212933067232, 0.0175891853869, 0.0179675519466, 0.0194885078818, 0.0202182922512, 0.0144319003448, 0.00425666477531, 0.000594944751356, 5.17160078743e-05, 1.59424726007e-05, 2.99626208289e-05],
        "min": [1.48873425587e-06, 1.17951121865e-05, 3.22016639984e-05, 0.000107041327283, 0.000543355359696, 0.00155192683451, 0.00384232122451, 0.010155254975, 0.0234455354512, 0.025139093399, 0.00650714943185, 0.013616562821, 0.0915781036019, 0.0904892832041, 0.0470640175045, 0.0735306665301, 0.0529787242413, 0.0865526273847, 0.0623540058732, 0.0554029271007, 0.016723241657, 0.0217891391367, 0.0173515863717, 0.0155164124444, 0.00605181744322, 0.00215788534842, 0.000887669855729, 0.00099611945916, 0.000633981369901, 0.000839076936245, 0.00113992323168, 0.000619188358542, 0.000606655492447, 0.000338115816703, 0.000361183483619, 9.23409606912e-05, 1.90930222743e-05, 4.30656200479e-06, 7.26154496533e-07, 1.16919508741e-07],
        "stdev": [0.00208129780367, 0.0300584677607, 0.139806553721, 1.14160311222, 3.01301383972, 7.42019748688, 15.7700004578, 42.5663414001, 46.5928153992, 49.1256980896, 97.825050354, 210.734344482, 241.600204468, 209.558074951, 120.616287231, 196.340698242, 103.914657593, 187.262573242, 186.674850464, 128.028091431, 51.2928466797, 25.8246135712, 9.77287578583, 5.3644900322, 1.87744557858, 0.574158787727, 0.232642352581, 0.106618277729, 0.0296190194786, 0.0131724607199, 0.0106408232823, 0.00809587724507, 0.00592079339549, 0.0047904048115, 0.00341940578073, 0.00137035793159, 0.000529914861545, 0.000177983514732, 4.10280263168e-05, 2.00564245461e-05]
    },
    "gfcc": {
        "mean": [-69.7283477783, 130.786972046, -172.325180054, -36.3613243103, -44.045124054, 2.12675666809, -54.1843032837, 9.34670066833, -27.0495548248, -0.626193106174, -9.67551898956, -6.99708986282, -0.627006471157],
        "cov": [[1438.18945312, 327.938446045, -666.264831543, -200.005172729, 371.456359863, -100.327819824, 149.594818115, -59.3104629517, 56.7113227844, -28.5287132263, 70.1469802856, -88.5583114624, 88.0278320312], [327.938446045, 248.18157959, 61.0317459106, -57.4263763428, -36.5446968079, -101.02557373, -26.5932655334, -16.1956291199, -3.17814397812, -56.0795783997, -6.64274406433, -35.3010025024, -15.4388475418], [-666.264831543, 61.0317459106, 672.839782715, 108.40511322, -369.62512207, -104.030021667, -146.263702393, 28.9157524109, -51.4190177917, -53.5115203857, -57.2111854553, 18.3791408539, -90.0357284546], [-200.005172729, -57.4263763428, 108.40511322, 244.957809448, 44.239151001, -40.8324928284, -97.1645278931, 28.1305065155, 8.3236913681, 12.0327606201, -42.5712776184, 14.6579055786, -29.0185375214], [371.456359863, -36.5446968079, -369.62512207, 44.239151001, 340.59487915, 116.883651733, 47.2766990662, -36.9139251709, 44.6358375549, 49.380771637, 21.6732692719, -6.38156700134, 45.4743347168], [-100.327819824, -101.02557373, -104.030021667, -40.8324928284, 116.883651733, 250.179916382, 120.570976257, -25.7911148071, -26.2140007019, 38.6780090332, 17.5522327423, 16.9676589966, 15.6856021881], [149.594818115, -26.5932655334, -146.263702393, -97.1645278931, 47.2766990662, 120.570976257, 216.843673706, 41.8319816589, -29.9088058472, -8.23841285706, 31.7942199707, -11.516210556, 24.6228351593], [-59.3104629517, -16.1956291199, 28.9157524109, 28.1305065155, -36.9139251709, -25.7911148071, 41.8319816589, 127.339309692, 51.8238639832, -24.9224243164, -32.1782341003, 3.02068901062, -11.5176830292], [56.7113227844, -3.17814397812, -51.4190177917, 8.3236913681, 44.6358375549, -26.2140007019, -29.9088058472, 51.8238639832, 106.119346619, 32.2309532166, -19.2658348083, -7.90202569962, 7.73346328735], [-28.5287132263, -56.0795783997, -53.5115203857, 12.0327606201, 49.380771637, 38.6780090332, -8.23841285706, -24.9224243164, 32.2309532166, 82.9121246338, 39.8850364685, 5.82067346573, 7.32956075668], [70.1469802856, -6.64274406433, -57.2111854553, -42.5712776184, 21.6732692719, 17.5522327423, 31.7942199707, -32.1782341003, -19.2658348083, 39.8850364685, 90.4454193115, 30.7086315155, 12.4584693909], [-88.5583114624, -35.3010025024, 18.3791408539, 14.6579055786, -6.38156700134, 16.9676589966, -11.516210556, 3.02068901062, -7.90202569962, 5.82067346573, 30.7086315155, 67.5364379883, 24.31341362], [88.0278320312, -15.4388475418, -90.0357284546, -29.0185375214, 45.4743347168, 15.6856021881, 24.6228351593, -11.5176830292, 7.73346328735, 7.32956075668, 12.4584693909, 24.31341362, 69.6183395386]],
        "icov": [[0.0140457302332, -0.0167983677238, 0.00859171058983, 0.00168081116863, -0.00951610319316, 0.0137237608433, -0.0132505875081, 0.00892586447299, -0.00518552074209, 0.00140463549178, 0.000107481668238, -0.000979444943368, 0.00036483979784], [-0.0167983677238, 0.0293036457151, -0.0149890510365, 0.00300392741337, 0.00449746474624, -0.0107228420675, 0.0141563359648, -0.00843544956297, 0.0045657758601, 0.0039428700693, -0.00189173780382, 0.00334705226123, 0.000929181172978], [0.00859171058983, -0.0149890510365, 0.0178156625479, -0.0118282288313, 0.0132450070232, -0.00257921987213, -0.00458090798929, 0.0105710187927, -0.0124193364754, 0.0103346407413, -0.00754335615784, 0.00294112483971, -0.000164492725162], [0.00168081116863, 0.00300392741337, -0.0118282288313, 0.0272199045867, -0.0280726905912, 0.0181044600904, 0.000824347662274, -0.0163866020739, 0.0262693464756, -0.0258034672588, 0.0215282514691, -0.0118708843365, 0.00593664683402], [-0.00951610319316, 0.00449746474624, 0.0132450070232, -0.0280726905912, 0.0442443154752, -0.0314857624471, 0.0114545514807, 0.0103614861146, -0.02423129417, 0.0243345480412, -0.0213984437287, 0.01299442444, -0.0062643638812], [0.0137237608433, -0.0107228420675, -0.00257921987213, 0.0181044600904, -0.0314857624471, 0.0381672233343, -0.0256334859878, 0.00822964124382, 0.00949299708009, -0.020736021921, 0.0240247622132, -0.0200159978122, 0.0106942094862], [-0.0132505875081, 0.0141563359648, -0.00458090798929, 0.000824347662274, 0.0114545514807, -0.0256334859878, 0.0375332646072, -0.0304380673915, 0.0190188325942, 0.000800095964223, -0.0141874365509, 0.0193460807204, -0.0121185043827], [0.00892586447299, -0.00843544956297, 0.0105710187927, -0.0163866020739, 0.0103614861146, 0.00822964124382, -0.0304380673915, 0.0509167574346, -0.045082166791, 0.0279236081988, -0.00367743941024, -0.0104114199057, 0.010613122955], [-0.00518552074209, 0.0045657758601, -0.0124193364754, 0.0262693464756, -0.02423129417, 0.00949299708009, 0.0190188325942, -0.045082166791, 0.0643074437976, -0.0501692220569, 0.0284245703369, -0.00621206918731, -0.00281761260703], [0.00140463549178, 0.0039428700693, 0.0103346407413, -0.0258034672588, 0.0243345480412, -0.020736021921, 0.000800095964223, 0.0279236081988, -0.0501692220569, 0.0708075463772, -0.0481740869582, 0.0256867725402, -0.00740976398811], [0.000107481668238, -0.00189173780382, -0.00754335615784, 0.0215282514691, -0.0213984437287, 0.0240247622132, -0.0141874365509, -0.00367743941024, 0.0284245703369, -0.0481740869582, 0.0585605427623, -0.0389297939837, 0.0166667532176], [-0.000979444943368, 0.00334705226123, 0.00294112483971, -0.0118708843365, 0.01299442444, -0.0200159978122, 0.0193460807204, -0.0104114199057, -0.00621206918731, 0.0256867725402, -0.0389297939837, 0.0506264977157, -0.0244350302964], [0.00036483979784, 0.000929181172978, -0.000164492725162, 0.00593664683402, -0.0062643638812, 0.0106942094862, -0.0121185043827, 0.010613122955, -0.00281761260703, -0.00740976398811, 0.0166667532176, -0.0244350302964, 0.0307390578091]]
    },
    "melbands": {
        "max": [0.000548369367607, 0.00132975447923, 0.00491474149749, 0.00437686452642, 0.00795001722872, 0.00766184041277, 0.0115445144475, 0.0084738759324, 0.0112100988626, 0.0168348643929, 0.0149260088801, 0.0115065174177, 0.00876821856946, 0.00492335250601, 0.00247040344402, 0.00289642787538, 0.00613436335698, 0.00548707693815, 0.00375566887669, 0.00270797731355, 0.000601236126386, 0.000239592816797, 8.97190911928e-05, 0.00011765279487, 4.72257052024e-05, 2.83564586425e-05, 5.94513812757e-06, 3.80034862246e-06, 2.24062819143e-06, 1.32919694806e-06, 1.11903955258e-06, 4.64411783696e-07, 3.01904407252e-07, 2.76166076674e-07, 2.58930100472e-07, 2.27043699397e-07, 1.89400353179e-07, 1.43478573023e-07, 1.20395881709e-07, 1.16842812758e-07],
        "mean": [1.40805514093e-05, 3.10842478939e-05, 8.67774215294e-05, 0.000171306077391, 0.000259530905169, 0.000411353394156, 0.000317854690365, 0.000236774954828, 0.000396217044909, 0.00051139225252, 0.00050208932953, 0.000389528082451, 0.000218795845285, 0.00030535046244, 0.000262760004262, 0.000140807169373, 0.000246006005909, 0.000180906921742, 0.000130905376864, 7.96215172159e-05, 3.72540489479e-05, 2.30785426538e-05, 1.04506589196e-05, 5.40354312761e-06, 3.52461324837e-06, 1.48718947912e-06, 4.77547644095e-07, 2.99155857419e-07, 1.59176934744e-07, 7.69033050574e-08, 3.53788607299e-08, 1.83808452903e-08, 1.57111585963e-08, 1.02768877852e-08, 9.82446746178e-09, 1.00092707456e-08, 1.13458193951e-08, 1.27757333601e-08, 1.55200421403e-08, 1.78149797136e-08],
        "min": [1.42709071227e-08, 1.66775411259e-08, 3.00180680313e-08, 7.33171034994e-08, 1.22987984241e-07, 1.61699858836e-07, 3.7600833025e-07, 2.28999368801e-07, 3.62858436631e-08, 9.59609067763e-08, 2.29614045111e-07, 2.08899720633e-07, 1.33813159664e-07, 2.04505184342e-07, 7.19046369113e-08, 1.31106290269e-07, 1.46522623368e-07, 8.4882650242e-08, 9.47424183551e-08, 6.02939422834e-08, 9.25120158257e-09, 2.02975325436e-08, 1.36325128963e-08, 9.8890788891e-09, 1.28311619108e-08, 7.71110642006e-09, 1.70546254896e-09, 1.27171839726e-09, 5.90954174484e-10, 4.96043095488e-10, 6.3270721995e-10, 3.37880501355e-10, 4.40414010816e-10, 4.8665543817e-10, 6.6774458185e-10, 6.35329289178e-10, 2.93303825671e-10, 4.84525697342e-10, 3.52440771012e-10, 2.34037206281e-10],
        "stdev": [2.52117151831e-05, 6.72000969644e-05, 0.000211388236494, 0.000343992229318, 0.000505193136632, 0.000872380333021, 0.000699360389262, 0.000493634433951, 0.00105498754419, 0.0012679429492, 0.001239357749, 0.000913871219382, 0.00059371109819, 0.000471788720461, 0.000345835927874, 0.000222063303227, 0.000415229529608, 0.000338294834364, 0.000220268877456, 0.000126585306134, 5.76216807531e-05, 3.29776848957e-05, 1.34012052513e-05, 7.81243033998e-06, 4.57978103441e-06, 2.27837608691e-06, 5.34997298018e-07, 3.76981944328e-07, 1.80238274083e-07, 9.37508559673e-08, 5.5437251234e-08, 1.86489597098e-08, 9.39095379238e-09, 6.98794933029e-09, 6.40323039036e-09, 5.64783553259e-09, 4.99421259903e-09, 4.40591430007e-09, 4.49082238063e-09, 4.64148053325e-09]
    },
    "melbands128": {
        "max": [3.09986971843e-05, 0.000261385808699, 0.000731124833692, 0.00137705018278, 0.00118091644254, 0.00256090471521, 0.00741029856727, 0.00590560445562, 0.00738023174927, 0.00689913937822, 0.00916703883559, 0.0099982842803, 0.0104740764946, 0.0102896615863, 0.014170806855, 0.0125211263075, 0.014912603423, 0.0175053328276, 0.0250423140824, 0.0165449120104, 0.00618771836162, 0.0083872154355, 0.0162690915167, 0.029802557081, 0.0307394340634, 0.0161685608327, 0.0199394263327, 0.0263323448598, 0.0186068415642, 0.0244990624487, 0.0131154051051, 0.0203473009169, 0.0144990971312, 0.00270934845321, 0.00652371998876, 0.0104461601004, 0.00773158390075, 0.00411538826302, 0.00391443213448, 0.00518543599173, 0.00620053848252, 0.00526505894959, 0.00695305597037, 0.0124873407185, 0.00776432547718, 0.0120088951662, 0.00873576011509, 0.00802411325276, 0.00531952409074, 0.00258591561578, 0.0060675307177, 0.00142320478335, 0.00117229425814, 0.000731598061975, 0.000748487771489, 0.00037235149648, 0.000169734674273, 0.000248270662269, 0.000100333658338, 0.000197074798052, 0.000260025291936, 0.00010565094999, 0.000138655275805, 7.67453602748e-05, 6.50854126434e-05, 4.74242333439e-05, 3.0544182664e-05, 7.28438453734e-06, 1.22882465803e-05, 1.06391444206e-05, 8.73681528901e-06, 4.37983271695e-06, 4.611564691e-06, 2.16056128011e-06, 1.46481534102e-06, 1.58846899012e-06, 1.30501723561e-06, 1.43735246638e-06, 1.55277587055e-06, 1.09401946702e-06, 5.12813755904e-07, 3.78259102263e-07, 3.25285810732e-07, 2.82862544054e-07, 2.96969432156e-07, 2.80338952052e-07, 2.60539650299e-07, 2.82873998003e-07, 2.62040430243e-07, 2.50227998322e-07, 2.2030124569e-07, 2.29176663424e-07, 2.13624360867e-07, 1.86947076486e-07, 1.84506490086e-07, 1.50524897435e-07, 1.28017731527e-07, 1.44748725006e-07, 1.21764273331e-07, 1.10507549778e-07, 9.96781110985e-08, 1.16653133375e-07, 1.37061817895e-07, 1.32024638333e-07, 1.1606788064e-07, 9.01206860249e-08, 1.00233570777e-07, 9.42622264688e-08, 7.73671615661e-08, 8.12816693951e-08, 8.89872353582e-08, 7.75357165139e-08, 6.59174119733e-08, 6.02535479288e-08, 6.45541220479e-08, 6.04733045861e-08, 6.02275207484e-08, 5.79186050231e-08, 5.58298971498e-08, 5.43681188958e-08, 5.30656230069e-08, 5.19486853534e-08, 5.07794908344e-08, 4.98757586342e-08, 4.91472249564e-08, 4.85560605057e-08, 4.81972541877e-08, 4.78908823709e-08],
        "mean": [4.95002996104e-06, 6.62164165988e-06, 1.8705983166e-05, 2.68118037638e-05, 2.35744846577e-05, 3.56398777512e-05, 6.828779442e-05, 8.73672324815e-05, 0.000134436108056, 0.000176538043888, 0.000193099258468, 0.000207442586543, 0.000245446368353, 0.000352581380866, 0.000461851508589, 0.000433187844465, 0.000347106804838, 0.000312480318826, 0.000248802942224, 0.000262534420472, 0.000209992329474, 0.000213984982111, 0.000373786664568, 0.000638738973066, 0.000612436851952, 0.000385206716601, 0.000464621902211, 0.000580932828598, 0.000444289966254, 0.00050423812354, 0.000301952473819, 0.000293808436254, 0.000244826514972, 0.000133006105898, 0.000179613256478, 0.000388341257349, 0.000494894396979, 0.000204576601391, 0.0001855185983, 0.000156425507157, 0.00011051344336, 0.000149466679431, 0.000232009988395, 0.000351713213604, 0.000185158234672, 0.000162288692081, 0.000152274616994, 9.80306285783e-05, 0.00015175511362, 0.000136363349156, 5.59999280085e-05, 4.05049831897e-05, 3.7003250327e-05, 3.60056219506e-05, 3.71633759642e-05, 1.98691650439e-05, 1.34297724799e-05, 1.4331903003e-05, 8.15702878754e-06, 5.78243088967e-06, 5.54334292246e-06, 4.61271883978e-06, 4.6918858061e-06, 2.99807356896e-06, 2.04817365557e-06, 1.6678314978e-06, 1.04541186374e-06, 4.65040557174e-07, 3.79842873599e-07, 4.14881156985e-07, 3.21280793969e-07, 2.29588110301e-07, 2.07805399555e-07, 1.47485181401e-07, 9.84063461829e-08, 9.67293800613e-08, 5.68407294566e-08, 4.10096632208e-08, 3.57264688944e-08, 2.6501417949e-08, 1.84296045092e-08, 1.47602232659e-08, 1.68895581965e-08, 1.93738962651e-08, 1.06169064651e-08, 1.01101136352e-08, 1.09594768816e-08, 9.02292640603e-09, 9.46907174892e-09, 1.11006794867e-08, 8.79032491241e-09, 1.03890878123e-08, 1.06538786682e-08, 9.81496484087e-09, 1.42229117372e-08, 1.10029656497e-08, 1.33956712389e-08, 1.33748843112e-08, 1.48503174202e-08, 1.77194205975e-08, 1.54867265678e-08, 1.78305192833e-08, 1.8503955701e-08, 2.41501361131e-08, 1.52282471078e-08, 1.38898572644e-08, 1.33748443432e-08, 9.82408554506e-09, 6.40049968581e-09, 4.51177673e-09, 3.25683036095e-09, 2.11767225977e-09, 1.45614986735e-09, 8.76247518988e-10, 2.32130897837e-10, 2.81688644632e-10, 4.81791662121e-10, 3.63262961378e-11, 3.49094572694e-11, 3.40538708343e-11, 3.32884934895e-11, 3.26417746999e-11, 3.19113659109e-11, 3.13269063468e-11, 3.09239162055e-11, 3.06076587686e-11, 3.04004321716e-11, 3.01837443928e-11],
        "min": [4.83297268872e-09, 1.1562069524e-08, 1.79235541964e-08, 2.01049612514e-08, 1.69422857965e-08, 1.30288562161e-08, 1.66642983856e-08, 3.17924531146e-08, 5.35999973295e-08, 7.19849992947e-08, 2.30565735393e-08, 5.80405057349e-08, 8.3753050717e-08, 9.34653598961e-08, 1.19753437389e-07, 1.26054437999e-08, 5.61264030807e-08, 1.04431777004e-07, 1.31605361275e-07, 1.17664072263e-07, 6.96218620533e-08, 5.45331424462e-08, 1.45405190111e-08, 2.00319352217e-08, 2.27066561109e-08, 4.93082907838e-08, 3.07309875325e-08, 2.99485023447e-08, 1.12300973854e-07, 2.03948236077e-08, 1.54640957817e-08, 8.77945893762e-08, 3.41227810452e-08, 3.4449787023e-08, 6.90449510898e-08, 7.9223930527e-08, 6.05621934824e-08, 7.47855821714e-08, 3.91615273543e-08, 4.39620535531e-08, 6.57181757902e-08, 7.35885166137e-08, 7.81913200854e-08, 8.40166549665e-08, 5.78231933446e-08, 5.20196792309e-08, 2.84504508841e-08, 4.06665421337e-08, 3.72846464813e-08, 3.47926594202e-08, 1.2558700746e-08, 1.19696794698e-08, 6.15528072956e-09, 7.30864258003e-09, 1.08425588508e-08, 7.09199454718e-09, 1.57331978556e-08, 1.36060842593e-08, 8.06744271387e-09, 7.85604559184e-09, 8.75429329028e-09, 6.29577812106e-09, 6.83658685219e-09, 6.71972255617e-09, 6.95852264698e-09, 3.03931124712e-09, 1.69463709732e-09, 1.23436405541e-09, 2.08541872659e-09, 2.13492268308e-09, 9.56560719523e-10, 9.42700806306e-10, 1.21035947931e-09, 2.91631607752e-10, 2.55149623651e-10, 5.4978560593e-10, 5.91896587299e-10, 4.75441852554e-10, 6.96093849228e-10, 7.51121220777e-10, 3.74782371804e-10, 1.29629931789e-10, 2.76097172902e-10, 5.84838233397e-10, 4.65358251933e-10, 3.74223291244e-10, 3.51667500675e-10, 9.66668523006e-10, 6.00883121038e-10, 4.47204551168e-10, 1.07355302426e-09, 5.22199949948e-10, 2.71775851823e-10, 1.72177674895e-10, 3.26167232112e-10, 6.80104139672e-10, 5.41516331776e-10, 2.06357264609e-10, 4.36720798414e-10, 3.89643040055e-10, 1.45739725843e-10, 1.39701167301e-10, 3.48631234992e-10, 9.30965193824e-10, 3.68235719694e-10, 2.2121668386e-10, 3.28683275042e-10, 1.44127057511e-10, 8.54980253262e-11, 2.00881214441e-10, 9.10466216308e-11, 5.17162632163e-11, 3.174726107e-11, 6.34714780734e-11, 1.66600674228e-12, 1.09493122034e-12, 7.98460364666e-13, 7.26969211825e-13, 6.92279350165e-13, 7.02478277371e-13, 7.8615526632e-13, 6.68032035939e-13, 5.55377792366e-13, 6.842423763e-13, 6.48925628944e-13, 6.7486462382e-13, 8.12119035215e-13, 6.72380662432e-13],
        "stdev": [3.34238984578e-06, 1.23423697005e-05, 3.69973968191e-05, 5.70611082367e-05, 5.75727572141e-05, 0.000103670972749, 0.000260150118265, 0.000266278366325, 0.000358148216037, 0.000442667456809, 0.000503495510202, 0.000559105305001, 0.000606727960985, 0.000898765749298, 0.00139870855492, 0.00102354050614, 0.000905258522835, 0.000939624616876, 0.00087931624148, 0.000740959309042, 0.000492665218189, 0.000601203704719, 0.00133880239446, 0.00239095813595, 0.00215934310108, 0.00132737774402, 0.00142898946069, 0.00201257364824, 0.00160699978005, 0.00154687860049, 0.000972482666839, 0.0013365765335, 0.000839232874569, 0.000260964065092, 0.000426360784331, 0.000822994683404, 0.000962085148785, 0.000465490942588, 0.000361153914127, 0.000397019641241, 0.000269853539066, 0.000332443072693, 0.000501441245433, 0.000848278345075, 0.000558865373023, 0.000499943096656, 0.000485053111333, 0.000299992680084, 0.000370318768546, 0.000237146916334, 0.000182891424629, 9.19576705201e-05, 7.93883154984e-05, 6.81431629346e-05, 6.81498495396e-05, 3.63487633877e-05, 2.26457177632e-05, 2.38564898609e-05, 1.22812643895e-05, 1.13666319521e-05, 1.22890287457e-05, 8.30405770103e-06, 8.49434127304e-06, 5.21751326232e-06, 4.34650064562e-06, 3.63106914847e-06, 1.80375661785e-06, 6.18999877133e-07, 6.91062780334e-07, 6.79467063947e-07, 6.03977980518e-07, 3.81636937163e-07, 2.92016551384e-07, 2.16120838559e-07, 1.2570622232e-07, 1.38624670853e-07, 8.80296013861e-08, 7.14912644639e-08, 6.69741524462e-08, 4.05210336396e-08, 2.16561524269e-08, 1.48806336142e-08, 1.18596057419e-08, 1.1636466013e-08, 8.81167849798e-09, 7.8983770635e-09, 7.62245377928e-09, 7.40388683695e-09, 7.05501257414e-09, 7.23552640025e-09, 6.0992109141e-09, 6.44231512581e-09, 6.10852834981e-09, 5.64975577433e-09, 6.83113032807e-09, 5.31448085539e-09, 5.70508129627e-09, 5.8235585243e-09, 5.78215209046e-09, 6.5746927902e-09, 5.7218842997e-09, 6.68910171697e-09, 6.41190212036e-09, 8.77767636354e-09, 5.6683147065e-09, 4.9556003745e-09, 4.86678475298e-09, 3.74667497027e-09, 2.81575451844e-09, 2.51304022036e-09, 2.28151764148e-09, 1.91913285263e-09, 1.66602664997e-09, 1.51578116725e-09, 1.56778512395e-09, 1.42741385378e-09, 1.43321665647e-09, 1.33497879418e-09, 1.28682597911e-09, 1.25314036925e-09, 1.22312082684e-09, 1.19736887072e-09, 1.17041010217e-09, 1.14958575992e-09, 1.13279641223e-09, 1.11917419776e-09, 1.11090481258e-09, 1.10384468233e-09]
    },
    "mfcc": {
        "mean": [-709.226928711, 184.491943359, -64.9759750366, -25.9070510864, 8.93179130554, -17.9295959473, -6.01352500916, -10.4040584564, -4.82180738449, -4.20567560196, -3.14667510986, -5.40917396545, -4.19203329086],
        "cov": [[1768.52685547, 389.149017334, -985.932373047, -52.8141746521, 67.5531082153, 43.6343841553, 91.4190292358, -27.0491142273, 90.5652694702, 32.5516204834, -27.6897888184, 44.4283752441, 54.0036468506], [389.149017334, 306.615722656, 6.88364219666, -59.3372993469, -56.5628852844, -77.4619064331, -32.0903244019, -7.69879484177, -25.2688426971, -21.3713054657, -13.2275514603, -7.86714363098, -7.08564519882], [-985.932373047, 6.88364219666, 909.137756348, 93.9726791382, -135.107589722, -181.851593018, -128.509109497, 5.8717250824, -117.110626221, -60.7072067261, 0.438401967287, -46.2851142883, -54.3695755005], [-52.8141746521, -59.3372993469, 93.9726791382, 242.263290405, 83.2576522827, -86.9980163574, -81.6408615112, -23.1752414703, -4.3678150177, -16.3722858429, -13.2005138397, 6.9189786911, 7.71820354462], [67.5531082153, -56.5628852844, -135.107589722, 83.2576522827, 190.886764526, 70.0218811035, -62.7306480408, -34.3813896179, 30.7454147339, 5.40010499954, 1.30010724068, 11.8479146957, 15.9735965729], [43.6343841553, -77.4619064331, -181.851593018, -86.9980163574, 70.0218811035, 223.385620117, 114.006011963, -21.5336818695, 11.5834312439, 16.7136173248, 10.0311346054, -0.786964476109, -7.37650299072], [91.4190292358, -32.0903244019, -128.509109497, -81.6408615112, -62.7306480408, 114.006011963, 201.398803711, 55.6216125488, -5.03311443329, 6.06413125992, 1.79827487469, 1.90250182152, -2.19613337517], [-27.0491142273, -7.69879484177, 5.8717250824, -23.1752414703, -34.3813896179, -21.5336818695, 55.6216125488, 114.821037292, 51.2647476196, -4.68564653397, -5.0966091156, 9.59716701508, 14.4322528839], [90.5652694702, -25.2688426971, -117.110626221, -4.3678150177, 30.7454147339, 11.5834312439, -5.03311443329, 51.2647476196, 113.884590149, 44.7275695801, -6.3970541954, 7.5941991806, 13.9137678146], [32.5516204834, -21.3713054657, -60.7072067261, -16.3722858429, 5.40010499954, 16.7136173248, 6.06413125992, -4.68564653397, 44.7275695801, 78.5284500122, 31.4428119659, -5.32280445099, -6.720890522], [-27.6897888184, -13.2275514603, 0.438401967287, -13.2005138397, 1.30010724068, 10.0311346054, 1.79827487469, -5.0966091156, -6.3970541954, 31.4428119659, 65.6089935303, 22.3655166626, -13.1213769913], [44.4283752441, -7.86714363098, -46.2851142883, 6.9189786911, 11.8479146957, -0.786964476109, 1.90250182152, 9.59716701508, 7.5941991806, -5.32280445099, 22.3655166626, 65.0941009521, 33.6985092163], [54.0036468506, -7.08564519882, -54.3695755005, 7.71820354462, 15.9735965729, -7.37650299072, -2.19613337517, 14.4322528839, 13.9137678146, -6.720890522, -13.1213769913, 33.6985092163, 83.9691467285]],
        "icov": [[0.0119712455198, -0.0169450454414, 0.0148913934827, -0.0107544874772, 0.00761433178559, -0.00345697277226, 0.00147662241943, -0.00047101668315, 0.000291062169708, -0.000242768306634, -0.000413220288465, 0.000424176861998, -0.000433479581261], [-0.0169450454414, 0.0285821203142, -0.0208871588111, 0.0180120840669, -0.0120826736093, 0.00889252126217, -0.00337450299412, 0.00265050888993, -0.000755402434152, 0.00186420732643, 0.00102559896186, -0.000521923822816, 0.00130989670288], [0.0148913934827, -0.0208871588111, 0.0214395839721, -0.016097093001, 0.0144978677854, -0.00861452333629, 0.00848243478686, -0.00654771178961, 0.00610004831105, -0.0024033812806, 0.000440592819359, 0.00102193374187, 0.000309968774673], [-0.0107544874772, 0.0180120840669, -0.016097093001, 0.0229724794626, -0.0206523425877, 0.0189205761999, -0.0138995153829, 0.0117011656985, -0.00743708759546, 0.00511948857456, 4.32925153291e-05, -0.00104450376239, 0.00118641986046], [0.00761433178559, -0.0120826736093, 0.0144978677854, -0.0206523425877, 0.0322403907776, -0.0270094741136, 0.0257854908705, -0.0164825450629, 0.0105042792857, -0.0057073822245, 0.00149862456601, -6.83007456246e-05, -0.00156536407303], [-0.00345697277226, 0.00889252126217, -0.00861452333629, 0.0189205761999, -0.0270094741136, 0.0363742299378, -0.032110158354, 0.0268509667367, -0.0192905049771, 0.0134824924171, -0.00725726457313, 0.00329655222595, 0.000353894691216], [0.00147662241943, -0.00337450299412, 0.00848243478686, -0.0138995153829, 0.0257854908705, -0.032110158354, 0.039968688041, -0.0327959097922, 0.0266495868564, -0.0175539907068, 0.0109715927392, -0.00484045129269, 0.00232780259103], [-0.00047101668315, 0.00265050888993, -0.00654771178961, 0.0117011656985, -0.0164825450629, 0.0268509667367, -0.0327959097922, 0.0436176806688, -0.0352983437479, 0.0251911338419, -0.0154987527058, 0.00661365687847, -0.00485964724794], [0.000291062169708, -0.000755402434152, 0.00610004831105, -0.00743708759546, 0.0105042792857, -0.0192905049771, 0.0266495868564, -0.0352983437479, 0.0449294671416, -0.0330612771213, 0.0230302233249, -0.0116598783061, 0.00564051838592], [-0.000242768306634, 0.00186420732643, -0.0024033812806, 0.00511948857456, -0.0057073822245, 0.0134824924171, -0.0175539907068, 0.0251911338419, -0.0330612771213, 0.0443954616785, -0.0300600863993, 0.0175468642265, -0.00693955132738], [-0.000413220288465, 0.00102559896186, 0.000440592819359, 4.32925153291e-05, 0.00149862456601, -0.00725726457313, 0.0109715927392, -0.0154987527058, 0.0230302233249, -0.0300600863993, 0.0421446189284, -0.0238221175969, 0.0125856464729], [0.000424176861998, -0.000521923822816, 0.00102193374187, -0.00104450376239, -6.83007456246e-05, 0.00329655222595, -0.00484045129269, 0.00661365687847, -0.0116598783061, 0.0175468642265, -0.0238221175969, 0.033468618989, -0.0143375508487], [-0.000433479581261, 0.00130989670288, 0.000309968774673, 0.00118641986046, -0.00156536407303, 0.000353894691216, 0.00232780259103, -0.00485964724794, 0.00564051838592, -0.00693955132738, 0.0125856464729, -0.0143375508487, 0.0198456682265]]
    },
    "spectral_contrast_coeffs": {
        "max": [-0.351024180651, -0.391300439835, -0.382464170456, -0.507009088993, -0.60610884428, -0.709385752678],
        "mean": [-0.6733481884, -0.739092350006, -0.708792567253, -0.741430163383, -0.739216864109, -0.847386956215],
        "min": [-0.888169169426, -0.930237174034, -0.90152078867, -0.898160874844, -0.894256293774, -0.93728864193],
        "stdev": [0.0893794298172, 0.0946236550808, 0.0999499037862, 0.0776670053601, 0.0430600531399, 0.0206412002444]
    },
    "spectral_contrast_valleys": {
        "max": [-6.01569223404, -4.81707715988, -5.10288238525, -5.28167915344, -7.29355621338, -9.82612991333],
        "mean": [-7.9842414856, -6.62040901184, -7.05592918396, -7.31461191177, -8.6846075058, -11.5324172974],
        "min": [-11.0887613297, -9.72675895691, -9.64286899567, -9.79257392883, -10.9963750839, -12.4295215607],
        "stdev": [0.519639492035, 0.722042441368, 0.854832708836, 0.933986723423, 0.528412759304, 0.0978088080883]
    }
},
"rhythm": {
    "beats_count": 96,
    "beats_loudness": {
        "max": 0.0988649949431,
        "mean": 0.0321987196803,
        "min": 0.00206500967033,
        "stdev": 0.0182469394058
    },
    "bpm": 132.012542725,
    "bpm_histogram_first_peak_bpm": 133,
    "bpm_histogram_first_peak_weight": 0.594594597816,
    "bpm_histogram_second_peak_bpm": 123,
    "bpm_histogram_second_peak_spread": 0.590909123421,
    "bpm_histogram_second_peak_weight": 0.0947368443012,
    "danceability": 1.32253289223,
    "onset_rate": 2.13041257858,
    "beats_loudness_band_ratio": {
        "max": [0.0880458056927, 0.689496278763, 0.910632967949, 0.952926874161, 0.630164384842, 0.0092953639105],
        "mean": [0.0156742893159, 0.118855558336, 0.31011530757, 0.41893735528, 0.18032771349, 0.00234718318097],
        "min": [0.00103303359356, 0.00128267332911, 0.00747355306521, 0.0128439879045, 0.000805982388556, 0.000265712180408],
        "stdev": [0.0172328930348, 0.146345674992, 0.237054556608, 0.238529995084, 0.143428847194, 0.00169770501088]
    },
