{
"metadata": {
    "version": {
        "essentia": "2.1-beta5",
        "essentia_git_sha": "Undefined",
        "extractor": "music 2.0"
    },
    "audio_properties": {
        "analysis": {
            "equal_loudness": 0,
            "length": 22.2331066132,
            "sample_rate": 44100,
            "start_time": 158.998641968,
            "downmix": "mix"
        },
        "bit_rate": 192000,
        "length": 181.254959106,
        "lossless": 0,
        "number_channels": 2,
        "replay_gain": 2.22976493835,
        "sample_rate": 44100,
        "codec": "mp3",
        "md5_encoded": "80e69c381320038650ae9145d4ac7132"
    },
    "tags": {
        "file_name": "Norway_Voi-voi_Nora Brockstedt.mp3",
        "encoding": ["Lavf58.29.100"]
    }
},
"lowlevel": {
    "average_loudness": 0.825518131256,
    "barkbands_crest": {
        "max": 25.3567638397,
        "mean": 9.12355995178,
        "min": 3.49210572243,
        "stdev": 5.00014543533
    },
    "barkbands_flatness_db": {
        "max": 0.393139511347,
        "mean": 0.191403254867,
        "min": 0.0625224038959,
        "stdev": 0.0488631911576
    },
    "barkbands_kurtosis": {
        "max": 87.9850387573,
        "mean": 4.17389917374,
        "min": -1.72294151783,
        "stdev": 8.70415019989
    },
    "barkbands_skewness": {
        "max": 8.23540687561,
        "mean": 0.487339764833,
        "min": -1.67637729645,
        "stdev": 1.63495767117
    },
    "barkbands_spread": {
        "max": 35.1938476562,
        "mean": 8.98900794983,
        "min": 1.00871193409,
        "stdev": 4.57136487961
    },
    "dissonance": {
        "max": 0.500000119209,
        "mean": 0.457696259022,
        "min": 0.174705430865,
        "stdev": 0.0518321581185
    },
    "dynamic_complexity": 3.73681855202,
    "erbbands_crest": {
        "max": 31.421792984,
        "mean": 10.3652648926,
        "min": 3.97927451134,
        "stdev": 5.42884492874
    },
    "erbbands_flatness_db": {
        "max": 0.468871980906,
        "mean": 0.272761791945,
        "min": 0.103887371719,
        "stdev": 0.0521598681808
    },
    "erbbands_kurtosis": {
        "max": 32.2913856506,
        "mean": 1.42311608791,
        "min": -1.6374874115,
        "stdev": 2.7607665062
    },
    "erbbands_skewness": {
        "max": 4.08911085129,
        "mean": 0.0774645209312,
        "min": -1.56544864178,
        "stdev": 0.978273630142
    },
    "erbbands_spread": {
        "max": 48.1867675781,
        "mean": 13.7512550354,
        "min": 1.27489066124,
        "stdev": 8.00479888916
    },
    "hfc": {
        "max": 127.954658508,
        "mean": 24.796579361,
        "min": 0.0950964167714,
        "stdev": 22.0905189514
    },
    "loudness_ebu128": {
        "integrated": -26.1436672211,
        "loudness_range": 6.38957595825,
        "momentary": {
            "max": -20.6708507538,
            "mean": -27.7707958221,
            "min": -44.9399871826,
            "stdev": 4.33400201797
        },
        "short_term": {
            "max": -24.0010795593,
            "mean": -26.7281589508,
            "min": -31.9198112488,
            "stdev": 2.58594369888
        }
    },
    "melbands_crest": {
        "max": 31.2742023468,
        "mean": 10.7099180222,
        "min": 3.23640680313,
        "stdev": 6.53954648972
    },
    "melbands_flatness_db": {
        "max": 0.439749568701,
        "mean": 0.239898681641,
        "min": 0.111298903823,
        "stdev": 0.0605395957828
    },
    "melbands_kurtosis": {
        "max": 123.399551392,
        "mean": 4.87500476837,
        "min": -1.4628354311,
        "stdev": 11.5355262756
    },
    "melbands_skewness": {
        "max": 7.96562147141,
        "mean": 0.752230703831,
        "min": -1.61493682861,
        "stdev": 1.60112929344
    },
    "melbands_spread": {
        "max": 51.1873283386,
        "mean": 17.7159957886,
        "min": 1.30060839653,
        "stdev": 9.20566368103
    },
    "pitch_salience": {
        "max": 0.877120196819,
        "mean": 0.662105083466,
        "min": 0.168046951294,
        "stdev": 0.16439551115
    },
    "silence_rate_20dB": {
        "max": 1,
        "mean": 1,
        "min": 1,
        "stdev": 0
    },
    "silence_rate_30dB": {
        "max": 1,
        "mean": 0.98957246542,
        "min": 0,
        "stdev": 0.101581417024
    },
    "silence_rate_60dB": {
        "max": 1,
        "mean": 0.147028148174,
        "min": 0,
        "stdev": 0.354131370783
    },
    "spectral_centroid": {
        "max": 2108.24707031,
        "mean": 1224.00830078,
        "min": 282.00579834,
        "stdev": 542.000732422
    },
    "spectral_complexity": {
        "max": 42,
        "mean": 20.2982273102,
        "min": 0,
        "stdev": 12.252163887
    },
    "spectral_decrease": {
        "max": -2.67468096282e-11,
        "mean": -5.20137533044e-09,
        "min": -4.15492564798e-08,
        "stdev": 5.04550179414e-09
    },
    "spectral_energy": {
        "max": 0.16367316246,
        "mean": 0.0218803044409,
        "min": 0.000109574008093,
        "stdev": 0.0206903032959
    },
    "spectral_energyband_high": {
        "max": 0.000254732352914,
        "mean": 1.95748780243e-05,
        "min": 5.59482430162e-07,
        "stdev": 1.80747338163e-05
    },
    "spectral_energyband_low": {
        "max": 0.0127236992121,
        "mean": 0.000262919609668,
        "min": 3.4996201066e-06,
        "stdev": 0.00067667249823
    },
    "spectral_energyband_middle_high": {
        "max": 0.112400606275,
        "mean": 0.0140167530626,
        "min": 1.66908866959e-05,
        "stdev": 0.0156443919986
    },
    "spectral_energyband_middle_low": {
        "max": 0.160981670022,
        "mean": 0.00782503932714,
        "min": 5.07447075506e-05,
        "stdev": 0.0145387277007
    },
    "spectral_entropy": {
        "max": 8.01201534271,
        "mean": 7.02889251709,
        "min": 5.02145004272,
        "stdev": 0.486918509007
    },
    "spectral_flux": {
        "max": 0.355317085981,
        "mean": 0.0797252506018,
        "min": 0.00611539138481,
        "stdev": 0.0464157834649
    },
    "spectral_kurtosis": {
        "max": 57.2348899841,
        "mean": 18.7746429443,
        "min": 3.37628316879,
        "stdev": 7.74093723297
    },
    "spectral_rms": {
        "max": 0.0126365004107,
        "mean": 0.00414037052542,
        "min": 0.000326957902871,
        "stdev": 0.00205035530962
    },
    "spectral_rolloff": {
        "max": 2713.18359375,
        "mean": 1509.23413086,
        "min": 258.3984375,
        "stdev": 679.274353027
    },
    "spectral_skewness": {
        "max": 6.2214050293,
        "mean": 2.93706560135,
        "min": 1.52464103699,
        "stdev": 0.618182778358
    },
    "spectral_spread": {
        "max": 6802459.5,
        "mean": 2211295.5,
        "min": 1159415.75,
        "stdev": 964194.6875
    },
    "spectral_strongpeak": {
        "max": 13.4264001846,
        "mean": 1.55264925957,
        "min": 0.012993610464,
        "stdev": 1.7948538065
    },
    "zerocrossingrate": {
        "max": 0.087890625,
        "mean": 0.0533631816506,
        "min": 0.01171875,
        "stdev": 0.0206924714148
    },
    "barkbands": {
        "max": [3.67005704902e-05, 0.00419966317713, 0.00817062053829, 0.00507772527635, 0.0566941127181, 0.0895464941859, 0.0940859913826, 0.153354033828, 0.0426172427833, 0.0214483402669, 0.0950174927711, 0.0602566152811, 0.0292489919811, 0.0515993349254, 0.0112101202831, 0.0125989438966, 0.00494194077328, 0.00459890300408, 0.000712868815754, 0.000367518572602, 3.98363881686e-05, 1.86212928384e-05, 2.14525716729e-05, 2.82975506707e-05, 2.90247244266e-05, 3.00382507703e-05, 1.88737385542e-06],
        "mean": [8.33550438983e-06, 7.21804462955e-05, 0.000112036737846, 0.000195976157556, 0.00173344952054, 0.000975450850092, 0.00166205596179, 0.00192258285824, 0.00098203367088, 0.00107117102016, 0.00225001270883, 0.00242238375358, 0.00196167104878, 0.0020775385201, 0.00181578984484, 0.0014932093909, 0.000774543208536, 0.000248172145803, 7.09235828253e-05, 1.91980088857e-05, 5.49812284589e-06, 1.37203721806e-06, 7.49951084345e-07, 1.15895045383e-06, 2.17810315917e-06, 6.21249739652e-07, 2.14412274602e-08],
        "min": [2.41701172854e-07, 1.53078360654e-07, 5.08433544155e-08, 2.83705531956e-07, 4.62359639641e-06, 1.69634654412e-06, 9.88051624518e-07, 2.01420129997e-06, 1.25608835333e-06, 1.73727892161e-06, 1.1571437426e-06, 1.42200485698e-06, 1.00502575151e-06, 1.04299397208e-06, 1.10663586383e-06, 8.80716868323e-07, 6.01398141953e-07, 3.12114593726e-07, 2.52954492908e-07, 2.02430811669e-07, 1.43440729516e-07, 3.66947396913e-08, 3.79512954396e-08, 5.57487744857e-08, 1.01669662911e-07, 3.42973223155e-08, 3.45755146736e-10],
        "stdev": [6.83881899022e-06, 0.000170108440216, 0.000436824891949, 0.000415531976614, 0.00453204847872, 0.00446739420295, 0.00655743246898, 0.00718910200521, 0.00220692786388, 0.0016032414278, 0.00737612089142, 0.00601964956149, 0.00267654214986, 0.00293427426368, 0.00219487817958, 0.00182091805618, 0.000905141409021, 0.000324414926581, 7.68088139012e-05, 2.49652130151e-05, 5.43974556422e-06, 1.12034945232e-06, 7.00210478044e-07, 9.10905953333e-07, 9.58985765465e-07, 9.62323497333e-07, 6.46194635578e-08]
    },
    "erbbands": {
        "max": [0.0660846307874, 1.10163390636, 5.20204639435, 20.7299880981, 25.0447387695, 174.225402832, 1304.05004883, 271.013519287, 635.62310791, 2156.79199219, 1511.11242676, 1156.18896484, 855.032653809, 1234.296875, 4478.75, 1142.08947754, 1174.55712891, 2021.85778809, 833.151306152, 597.350036621, 599.798461914, 221.409240723, 281.667388916, 48.6591453552, 11.3626689911, 22.7743968964, 2.72872900963, 0.921351253986, 0.760464787483, 0.488350063562, 0.671457469463, 0.646019101143, 0.431036889553, 0.293352603912, 0.21466371417, 0.124934241176, 0.0527935326099, 0.011770025827, 0.000244924303843, 0.000185459866771],
        "mean": [0.00141057313886, 0.0195615757257, 0.0995171368122, 0.415342092514, 1.28491508961, 6.369181633, 13.1037597656, 5.89193487167, 13.3728809357, 47.1889343262, 31.5464916229, 22.6562862396, 30.3395175934, 45.7534980774, 123.885864258, 84.2167816162, 89.2348480225, 105.373008728, 100.916030884, 90.2856674194, 75.9307403564, 42.4134216309, 17.2677574158, 6.52229452133, 2.15340662003, 0.951472640038, 0.375350534916, 0.141603976488, 0.0533109493554, 0.0300217289478, 0.0217741634697, 0.0211361479014, 0.0219724308699, 0.0228315964341, 0.0156510733068, 0.00478973565623, 0.000702072808053, 7.14879352017e-05, 1.44581845234e-05, 2.68394796876e-05],
        "min": [1.23724985315e-05, 0.000108601583634, 0.000703183177393, 0.0026823412627, 0.0056886090897, 0.0106699382886, 0.0229851286858, 0.035305056721, 0.0178111717105, 0.0274015180767, 0.0470244809985, 0.0708958804607, 0.0589665398002, 0.0613312870264, 0.114931628108, 0.0760436728597, 0.0576455071568, 0.0687677115202, 0.0588995032012, 0.0502437017858, 0.0390297919512, 0.0303644482046, 0.0194358322769, 0.0122995013371, 0.0119447363541, 0.0108376042917, 0.00785055942833, 0.00405509397388, 0.0015615291195, 0.00129659147933, 0.00114320928697, 0.000928095250856, 0.000971883360762, 0.00139213644434, 0.000562707253266, 0.000192948733456, 5.19688583154e-05, 1.16097889986e-05, 6.73158012887e-07, 2.07529268437e-07],
        "stdev": [0.00291700521484, 0.0454544723034, 0.303690046072, 1.06883120537, 2.29339051247, 15.0958585739, 62.2197532654, 18.7090835571, 43.4847755432, 169.126358032, 95.8186569214, 56.079826355, 46.8288040161, 79.1082611084, 444.893157959, 125.783493042, 113.750427246, 140.293121338, 118.482208252, 106.993148804, 91.2923965454, 48.7995758057, 21.5096130371, 6.75871992111, 2.19330096245, 1.40838706493, 0.385840713978, 0.131583884358, 0.0452204160392, 0.0188477989286, 0.0218036286533, 0.0208210665733, 0.0140334749594, 0.00995558779687, 0.00720999855548, 0.00401026709005, 0.00169418985024, 0.000380368786864, 1.37887600431e-05, 2.4537459467e-05]
    },
    "gfcc": {
        "mean": [-73.3224868774, 123.503791809, -168.987167358, -23.5909194946, -41.9455871582, 2.74085831642, -54.1612243652, 10.2907161713, -28.4658107758, -2.58017420769, -13.2561845779, -5.00336456299, -3.19708132744],
        "cov": [[2569.54296875, 230.328186035, -1678.91040039, -295.847839355, 853.516052246, 4.36172962189, 428.076446533, 82.3561477661, 254.094161987, 116.409202576, 142.49269104, -143.044448853, 141.644638062], [230.328186035, 221.916748047, 125.868125916, -32.0586280823, -51.8105583191, -85.4482345581, -36.9614219666, -35.0447120667, 1.42204248905, -44.6807861328, -21.0392208099, -45.248714447, 7.03730678558], [-1678.91040039, 125.868125916, 1598.53662109, 191.820068359, -792.937255859, -162.9349823, -398.945281982, -128.32673645, -195.890548706, -155.866088867, -133.88130188, 53.5757980347, -105.261672974], [-295.847839355, -32.0586280823, 191.820068359, 245.213500977, 2.98496651649, -16.8988246918, -82.5441131592, 3.0732281208, -75.3188247681, -59.9176483154, -76.6159591675, 18.7243900299, 3.51728630066], [853.516052246, -51.8105583191, -792.937255859, 2.98496651649, 505.052490234, 134.946350098, 209.059020996, 69.286781311, 90.5012130737, 66.7958602905, 39.9314041138, -41.4567680359, 48.4446220398], [4.36172962189, -85.4482345581, -162.9349823, -16.8988246918, 134.946350098, 187.758651733, 110.032226562, 23.2034854889, 15.4237270355, 50.617565155, 20.899263382, 3.30206823349, -13.9000682831], [428.076446533, -36.9614219666, -398.945281982, -82.5441131592, 209.059020996, 110.032226562, 197.694747925, 60.1625900269, 50.9219703674, 51.899356842, 61.82837677, -18.1837253571, 1.91034984589], [82.3561477661, -35.0447120667, -128.32673645, 3.0732281208, 69.286781311, 23.2034854889, 60.1625900269, 73.1781997681, 45.3205566406, 23.0063667297, 15.8174295425, -0.837772488594, -11.4289464951], [254.094161987, 1.42204248905, -195.890548706, -75.3188247681, 90.5012130737, 15.4237270355, 50.9219703674, 45.3205566406, 130.858215332, 82.320526123, 30.6600322723, -27.5942173004, -1.89674437046], [116.409202576, -44.6807861328, -155.866088867, -59.9176483154, 66.7958602905, 50.617565155, 51.899356842, 23.0063667297, 82.320526123, 93.9214935303, 48.799079895, -3.90228152275, -5.5250287056], [142.49269104, -21.0392208099, -133.88130188, -76.6159591675, 39.9314041138, 20.899263382, 61.82837677, 15.8174295425, 30.6600322723, 48.799079895, 84.2691345215, 23.2243824005, -2.31472039223], [-143.044448853, -45.248714447, 53.5757980347, 18.7243900299, -41.4567680359, 3.30206823349, -18.1837253571, -0.837772488594, -27.5942173004, -3.90228152275, 23.2243824005, 65.0112915039, 20.0163936615], [141.644638062, 7.03730678558, -105.261672974, 3.51728630066, 48.4446220398, -13.9000682831, 1.91034984589, -11.4289464951, -1.89674437046, -5.5250287056, -2.31472039223, 20.0163936615, 66.7847747803]],
        "icov": [[0.00971181690693, -0.0118579547852, 0.00674514332786, 0.000919088488445, -0.00603540660813, 0.00969192292541, -0.0103365844116, 0.00934656243771, -0.00566889951006, 0.00123355106916, 0.000463922217023, -0.00237714056857, 0.000194378430024], [-0.0118579547852, 0.0257685463876, -0.0133369117975, 0.0029452056624, 0.000764641677961, -0.00672063231468, 0.0102606443688, -0.00836740992963, 0.00312652415596, 0.0056558419019, -0.00405931752175, 0.0102583300322, -0.00507891783491], [0.00674514332786, -0.0133369117975, 0.016973502934, -0.012381776236, 0.0160665977746, -0.00436627212912, -0.0034773030784, 0.0120884459466, -0.0128061631694, 0.0105910804123, -0.00698221474886, 0.00124859402422, 0.00400530174375], [0.000919088488445, 0.0029452056624, -0.012381776236, 0.0266650766134, -0.0274456869811, 0.0144568821415, 0.00234175985679, -0.0148338126019, 0.0215392895043, -0.0190842617303, 0.0203320141882, -0.0104427179322, 2.34375292507e-07], [-0.00603540660813, 0.000764641677961, 0.0160665977746, -0.0274456869811, 0.0446085780859, -0.0274103991687, 0.00708064436913, 0.00575543707237, -0.0180483534932, 0.0212015397847, -0.0195151083171, 0.0149162048474, -0.0016980106011], [0.00969192292541, -0.00672063231468, -0.00436627212912, 0.0144568821415, -0.0274103991687, 0.0353829190135, -0.0237994100899, 0.0093899499625, 0.00839183200151, -0.0212186947465, 0.0222620274872, -0.0174003057182, 0.00651398440823], [-0.0103365844116, 0.0102606443688, -0.0034773030784, 0.00234175985679, 0.00708064436913, -0.0237994100899, 0.0401952750981, -0.0284588560462, 0.0138376653194, 0.00269878050312, -0.0163698643446, 0.016883822158, -0.00588323920965], [0.00934656243771, -0.00836740992963, 0.0120884459466, -0.0148338126019, 0.00575543707237, 0.0093899499625, -0.0284588560462, 0.0545778535306, -0.0377215817571, 0.022556450218, -0.00194417126477, -0.0131270438433, 0.0134878912941], [-0.00566889951006, 0.00312652415596, -0.0128061631694, 0.0215392895043, -0.0180483534932, 0.00839183200151, 0.0138376653194, -0.0377215817571, 0.0587923452258, -0.0518729612231, 0.0212982967496, 0.000901145162061, -0.00379090500064], [0.00123355106916, 0.0056558419019, 0.0105910804123, -0.0190842617303, 0.0212015397847, -0.0212186947465, 0.00269878050312, 0.022556450218, -0.0518729612231, 0.0737458392978, -0.0408421941102, 0.0171228796244, -0.00344670796767], [0.000463922217023, -0.00405931752175, -0.00698221474886, 0.0203320141882, -0.0195151083171, 0.0222620274872, -0.0163698643446, -0.00194417126477, 0.0212982967496, -0.0408421941102, 0.0612221993506, -0.0408765599132, 0.0178923457861], [-0.00237714056857, 0.0102583300322, 0.00124859402422, -0.0104427179322, 0.0149162048474, -0.0174003057182, 0.016883822158, -0.0131270438433, 0.000901145162061, 0.0171228796244, -0.0408765599132, 0.0589566789567, -0.0283370669931], [0.000194378430024, -0.00507891783491, 0.00400530174375, 2.34375292507e-07, -0.0016980106011, 0.00651398440823, -0.00588323920965, 0.0134878912941, -0.00379090500064, -0.00344670796767, 0.0178923457861, -0.0283370669931, 0.0351936072111]]
    },
    "melbands": {
        "max": [0.000910685164854, 0.0021845086012, 0.00333479419351, 0.00522479228675, 0.0360499471426, 0.00725557515398, 0.0103046745062, 0.0302569009364, 0.0101132430136, 0.00697258580476, 0.0041739908047, 0.00444206502289, 0.015462692827, 0.0075736423023, 0.00357016082853, 0.0027248125989, 0.00481155375019, 0.00221280707046, 0.000917734985705, 0.000857791397721, 0.000540164182894, 0.000303425913444, 0.000520889880136, 7.68755198806e-05, 4.36700502178e-05, 1.95859993255e-05, 6.66290316076e-06, 1.81567647815e-05, 1.50137009314e-06, 8.89670161541e-07, 6.13730094301e-07, 4.55557341184e-07, 3.46769581938e-07, 2.53589433896e-07, 3.78961146907e-07, 4.01745069212e-07, 3.90731173638e-07, 3.25609789797e-07, 2.41154197056e-07, 2.51608327062e-07],
        "mean": [1.73584667209e-05, 4.625933434e-05, 9.56437288551e-05, 0.000239033848629, 0.000460364710307, 0.000142501783557, 0.000239991481067, 0.00052133470308, 0.000230837802519, 0.00013879648759, 0.000149099447299, 0.000168318525539, 0.000356163101969, 0.000305137771647, 0.00019850715762, 0.000193264640984, 0.00019732202054, 0.000164733850397, 0.000134939822601, 0.000110299726657, 8.32181394799e-05, 4.76094537589e-05, 2.34649505728e-05, 9.83269364951e-06, 4.83834355691e-06, 1.90673733869e-06, 9.11566360173e-07, 5.52739322757e-07, 2.61142730551e-07, 1.2863611687e-07, 6.37077022247e-08, 3.06474206013e-08, 2.14832205359e-08, 1.42439295914e-08, 1.21739613945e-08, 1.21911307716e-08, 1.31326567399e-08, 1.44328753393e-08, 1.73807901405e-08, 2.0313150273e-08],
        "min": [1.97737605845e-07, 4.75685311585e-07, 9.37384754707e-07, 6.42760824121e-07, 6.10279641933e-07, 3.00214196614e-07, 2.65406413291e-07, 3.67213317531e-07, 4.78154845496e-07, 1.93962421235e-07, 1.09601323572e-07, 2.30639400911e-07, 3.46694491782e-07, 3.37751458801e-07, 1.56181386046e-07, 1.42321553653e-07, 9.5693664548e-08, 8.59257127672e-08, 1.08252848463e-07, 4.07040836592e-08, 3.4865422549e-08, 3.38989707416e-08, 1.7872014979e-08, 1.33445716699e-08, 8.70870042746e-09, 8.95256846434e-09, 6.53722587174e-09, 5.1647308652e-09, 5.01828312238e-09, 3.01598634955e-09, 1.98144878283e-09, 5.41895139872e-10, 1.12077935821e-09, 6.51597720225e-10, 7.2603451029e-10, 3.69678565537e-10, 7.18044512737e-10, 8.31811508561e-10, 5.46006018176e-10, 1.42188139041e-09],
        "stdev": [3.74991032004e-05, 0.000127631006762, 0.000204454016057, 0.0004807508667, 0.00183478079271, 0.000500453519635, 0.000823843933176, 0.00182811019477, 0.000663265236653, 0.000331369490596, 0.000234418243053, 0.000301563326502, 0.00119213934522, 0.000866835587658, 0.000297154241707, 0.000264602218522, 0.000283605389996, 0.000204028488952, 0.000166600875673, 0.000133315450512, 0.000101118275779, 5.7025001297e-05, 3.29003632942e-05, 1.1585681932e-05, 5.30010856892e-06, 2.13115458791e-06, 9.67792516349e-07, 1.01057867141e-06, 2.75459314025e-07, 1.28892764906e-07, 6.26770031431e-08, 2.9889783093e-08, 1.47218539581e-08, 9.42277100791e-09, 1.2430332319e-08, 1.30549961952e-08, 1.27063870536e-08, 1.07019371143e-08, 8.39376124162e-09, 8.88699780432e-09]
    },
    "melbands128": {
        "max": [3.58551551471e-05, 0.000286615540972, 0.00128242315259, 0.00210146931931, 0.00141697609797, 0.00523625593632, 0.00505078490824, 0.00184815202374, 0.00250806496479, 0.00332783581689, 0.00893948879093, 0.0259759109467, 0.0663547664881, 0.0218848064542, 0.00416121864691, 0.0105322627351, 0.00964681711048, 0.0158426854759, 0.0306967739016, 0.0326492190361, 0.0632878392935, 0.0272106453776, 0.0100815268233, 0.00659711938351, 0.0113276038319, 0.00583686446771, 0.0068812854588, 0.00599146867171, 0.002602026565, 0.00597713142633, 0.00475655356422, 0.0222667343915, 0.0297982189804, 0.0342825688422, 0.0187806468457, 0.00381405418739, 0.00432881200686, 0.00626012682915, 0.00788563117385, 0.00574062438682, 0.00498505588621, 0.00752698816359, 0.00309175951406, 0.0141493827105, 0.00273799430579, 0.001516125747, 0.00129031541292, 0.00135955866426, 0.00106773432344, 0.00132527737878, 0.000725361460354, 0.00271900417283, 0.00086829031352, 0.00060547166504, 0.000755266053602, 0.000382590165827, 0.000361980870366, 0.00063403416425, 0.000876139441971, 0.000146122591104, 6.96191709721e-05, 7.50854087528e-05, 0.000106354062154, 7.20520474715e-05, 7.58206806495e-05, 2.26217525778e-05, 1.13375845103e-05, 1.4828431631e-05, 5.73514671487e-06, 1.78948484972e-05, 3.11433177558e-05, 1.08639542304e-05, 3.18896832141e-06, 1.69229213043e-06, 2.11038286579e-06, 1.02093849819e-06, 8.76277567841e-07, 6.02240163516e-07, 1.15261559586e-06, 1.02845820038e-06, 7.24859319234e-07, 2.78725849512e-07, 6.45709178571e-07, 3.40865085491e-07, 1.35965734671e-07, 2.52752869301e-07, 2.72040153959e-07, 3.14928428224e-07, 3.6764774336e-07, 4.93204368013e-07, 3.16614006124e-07, 4.0890188302e-07, 4.53438389059e-07, 3.48749949808e-07, 4.2333445549e-07, 3.36934789402e-07, 3.47985462668e-07, 2.34363071172e-07, 2.24557425099e-07, 2.60594788415e-07, 2.25006786536e-07, 2.19630550191e-07, 3.22879628811e-07, 2.75635244407e-07, 2.10894782526e-07, 2.24891508083e-07, 2.42328411559e-07, 2.58272393694e-07, 2.27693561783e-07, 1.7495500515e-07, 1.77919346811e-07, 1.82604452448e-07, 1.73191949671e-07, 1.39505416996e-07, 1.70021010604e-07, 1.7944064723e-07, 7.13698824484e-08, 2.65777533315e-09, 2.58973287259e-09, 2.49275844411e-09, 2.41032149795e-09, 2.35903985235e-09, 2.30150787317e-09, 2.24841345542e-09, 2.20874141199e-09, 2.21616813789e-09, 2.16741002923e-09, 2.18714957256e-09],
        "mean": [5.93013419348e-06, 8.10197889223e-06, 2.25829480769e-05, 3.41522500094e-05, 3.84537815989e-05, 6.29989081062e-05, 7.28253653506e-05, 0.000112564783194, 0.000120708129543, 0.000132459754241, 0.000360675505362, 0.000626355060376, 0.000541393528692, 0.000205885036848, 9.37967342907e-05, 0.000131725362735, 0.000149127750774, 0.000203854971915, 0.00039294353337, 0.000650054076687, 0.000554661732167, 0.000281998451101, 0.000193598825717, 0.000159094604896, 0.000140580130392, 0.000124312122352, 0.000146002494148, 0.000168604499777, 0.00012913523824, 0.000148559178342, 0.00018021534197, 0.000211560967728, 0.000253370992141, 0.000636031851172, 0.000392350309994, 0.000176846660906, 0.000188267513295, 0.000207290810067, 0.000199994959985, 0.000191427170648, 0.000194357708097, 0.000192452978808, 0.000188168589375, 0.000221678434173, 0.000171190942638, 0.000156068155775, 0.000151681379066, 0.00013782523456, 0.000130066342535, 0.00011411390733, 0.00010692125943, 0.000108994754555, 9.16400022106e-05, 7.10694439476e-05, 6.36116456008e-05, 4.658513717e-05, 3.39659527526e-05, 2.8253545679e-05, 1.98204688786e-05, 1.34475685627e-05, 9.53648577706e-06, 6.94112168276e-06, 5.79376455789e-06, 4.51674759461e-06, 2.6742461614e-06, 1.85142926057e-06, 1.45332410284e-06, 1.03276329355e-06, 7.77528271101e-07, 7.42228564832e-07, 6.0618134512e-07, 4.35775547203e-07, 3.24227983128e-07, 2.39495818732e-07, 1.7656428497e-07, 1.39930719456e-07, 1.06088748453e-07, 7.83480587074e-08, 6.06958749927e-08, 4.69522269952e-08, 3.28303073616e-08, 2.47947635756e-08, 2.07881178937e-08, 2.45524187648e-08, 1.87043625033e-08, 1.37073712381e-08, 1.4249970981e-08, 1.1542495848e-08, 1.18367387003e-08, 1.32075781423e-08, 1.08281703604e-08, 1.28192150228e-08, 1.27985604337e-08, 1.13230331777e-08, 1.61197277748e-08, 1.24583943162e-08, 1.51981218721e-08, 1.49444989717e-08, 1.66885456565e-08, 1.96796303698e-08, 1.75627690169e-08, 1.94725782166e-08, 2.39666722024e-08, 2.37753869925e-08, 1.6926000157e-08, 1.52967647438e-08, 1.31028272676e-08, 1.20749801269e-08, 7.35096694626e-09, 4.94786567273e-09, 3.65558716631e-09, 2.53723331234e-09, 1.80100623304e-09, 1.06258291055e-09, 4.03425987061e-10, 5.47325185174e-10, 6.96807389566e-10, 9.48461101324e-12, 7.84708409363e-12, 7.66857237433e-12, 7.54180225215e-12, 7.42897063311e-12, 7.24722105244e-12, 7.0915426309e-12, 7.07096837679e-12, 7.05736207321e-12, 7.00249320335e-12, 6.98180098804e-12],
        "min": [1.56280961505e-07, 4.98826935313e-08, 8.80320740748e-08, 5.72355318695e-08, 1.39726409998e-07, 3.29948228739e-08, 8.65477716161e-08, 1.76839321853e-07, 1.55488876885e-07, 2.6311127499e-07, 1.54673472252e-07, 3.62224938044e-07, 5.46289243175e-07, 3.43723172591e-07, 1.35834966386e-07, 3.07709946412e-08, 1.56089939196e-07, 9.95881279664e-08, 1.00108685785e-07, 1.50586913605e-07, 2.33039514796e-07, 1.7554856413e-07, 6.01673235678e-08, 1.01973085975e-07, 1.23678134401e-07, 1.30443055468e-07, 5.17765563757e-08, 8.82126585111e-08, 1.26761634078e-07, 8.19600600721e-08, 1.73625579691e-07, 1.51258973347e-07, 5.87837085675e-08, 7.90525405137e-08, 5.86017634419e-08, 9.41405318144e-08, 7.14865322493e-08, 3.34316219153e-08, 1.80807191441e-08, 8.38324325514e-08, 3.71296131618e-08, 5.03449868461e-08, 6.3042200793e-08, 4.42173728743e-08, 3.78517412969e-08, 4.27839950135e-08, 2.86461130372e-08, 4.38924665502e-08, 3.0299116105e-08, 3.89131429301e-08, 3.45082753483e-08, 1.49260515059e-08, 1.57045576543e-08, 3.19354427347e-08, 3.44445787448e-08, 2.02172891761e-08, 2.37748203347e-08, 1.49055967569e-08, 1.10865414626e-08, 1.7072702363e-08, 9.97431826022e-09, 4.14141165805e-09, 6.91650559048e-09, 7.22352933025e-09, 8.3996516409e-09, 4.83730078216e-09, 3.83931775261e-09, 3.72820530004e-09, 3.20324899938e-09, 4.31845093019e-09, 4.42469483275e-09, 2.52580467652e-09, 3.58556584423e-09, 3.18683746059e-09, 2.71851430256e-09, 1.59720192627e-09, 1.37428513014e-09, 3.57934948347e-09, 1.95233718081e-09, 2.32805205669e-10, 2.05743769244e-10, 6.59625076782e-10, 1.33030919613e-09, 1.71208081046e-09, 3.06846270615e-10, 3.32175342788e-10, 1.12358700122e-09, 6.40223540849e-10, 6.00146377039e-10, 1.028311436e-09, 2.19205403829e-10, 2.85116041887e-10, 3.40892758466e-10, 4.3965692198e-10, 1.16427889552e-09, 1.39297828827e-09, 5.49054635091e-10, 3.60800195276e-10, 3.95166566136e-10, 4.16855078234e-10, 1.77821191105e-09, 1.5791586927e-09, 1.22103627209e-09, 6.32998820027e-10, 4.02980010472e-10, 4.96161223218e-10, 7.9037015821e-10, 3.99740851531e-10, 1.43547312925e-10, 3.15703463372e-10, 2.83434165027e-10, 1.71456307485e-10, 1.40204778343e-10, 1.06528758037e-10, 1.7453338037e-12, 1.23945157523e-12, 1.17312117052e-12, 8.41737270163e-13, 7.7991232179e-13, 7.11528221325e-13, 8.95985596914e-13, 8.62308217452e-13, 8.86695231128e-13, 8.19452416079e-13, 8.52516679212e-13, 9.52661343909e-13, 9.44266691748e-13, 8.14407677581e-13],
        "stdev": [4.84304337078e-06, 1.58088205353e-05, 5.39434659004e-05, 8.57390186866e-05, 9.66102816164e-05, 0.000270280783297, 0.000242697642534, 0.00024845689768, 0.000248225900577, 0.000273170298897, 0.000871987023856, 0.00200099148788, 0.00306023610756, 0.00102900911588, 0.000276812264929, 0.000533897255082, 0.000578823499382, 0.000869634910487, 0.0020057419315, 0.00264548626728, 0.00268002622761, 0.00131345039699, 0.000633417977951, 0.000511232705321, 0.000559365784284, 0.000274915015325, 0.000303369743051, 0.000345128733898, 0.000221856476855, 0.000315110344673, 0.000377328804461, 0.000835372484289, 0.00115457316861, 0.00310208275914, 0.00164907611907, 0.000290107826004, 0.000329346978106, 0.000434620684246, 0.000382119585993, 0.000319142796798, 0.000330853537889, 0.000372398208128, 0.000277885468677, 0.000567604962271, 0.0002496955276, 0.000225205527386, 0.000214798696106, 0.000203227900784, 0.000184978795005, 0.000165002958965, 0.000141770564369, 0.000184985998203, 0.000131708948174, 9.40815007198e-05, 8.72089367476e-05, 6.53883034829e-05, 4.77411886095e-05, 4.40495168732e-05, 4.28088897024e-05, 1.86470479093e-05, 1.23707604871e-05, 9.53525614023e-06, 7.28567601982e-06, 6.6900188358e-06, 4.24401650889e-06, 2.38696270571e-06, 1.71888302702e-06, 1.30475166316e-06, 8.88014369593e-07, 1.23025472476e-06, 1.53512712586e-06, 7.17318641819e-07, 3.92999083942e-07, 2.79645803403e-07, 2.22564807473e-07, 1.54101670091e-07, 1.13370660415e-07, 8.40609999386e-08, 7.45021964121e-08, 5.93651741099e-08, 4.30475104451e-08, 2.18302229626e-08, 2.51100367166e-08, 1.64879239151e-08, 1.04857864613e-08, 1.04641184606e-08, 1.09442748197e-08, 1.12948415065e-08, 1.25546524288e-08, 1.64597810937e-08, 1.08907558527e-08, 1.37576314785e-08, 1.51084744715e-08, 1.17567173774e-08, 1.47772851733e-08, 1.15665104161e-08, 1.21630829852e-08, 8.82657680279e-09, 8.77636185947e-09, 1.04411554958e-08, 8.95750140728e-09, 9.50054612758e-09, 1.29766748458e-08, 1.14594795875e-08, 8.49049985874e-09, 8.47941450388e-09, 8.5783344872e-09, 8.95040130899e-09, 7.56678097957e-09, 5.74573189027e-09, 5.76897019045e-09, 5.88889115249e-09, 5.57413715185e-09, 4.52795623218e-09, 5.52077672467e-09, 5.8052189722e-09, 2.34453967352e-09, 9.21896586847e-11, 8.37785743557e-11, 8.06417016497e-11, 7.79757300395e-11, 7.63133722881e-11, 7.44544911835e-11, 7.27396615163e-11, 7.14556677717e-11, 7.1686843961e-11, 7.01124991398e-11, 7.07515643295e-11]
    },
    "mfcc": {
        "mean": [-710.696289062, 173.452178955, -62.8216972351, -16.9393291473, 11.4891710281, -15.1194295883, -4.86023950577, -6.78664445877, -2.42642354965, -7.79181194305, -4.56913900375, -2.52887010574, -2.26414299011],
        "cov": [[3579.16772461, 318.354919434, -2482.64794922, -164.010437012, 145.228057861, 184.445678711, 299.565490723, 50.1156692505, 331.791534424, 230.978744507, 141.5493927, 176.725524902, 80.8247375488], [318.354919434, 251.124206543, 34.6595802307, -28.6055984497, -35.8967170715, -53.7014770508, -51.1352233887, -39.1741905212, -12.4661102295, 2.41829895973, -12.6837587357, -32.3846740723, -29.354681015], [-2482.64794922, 34.6595802307, 2142.48974609, 173.183242798, -168.598983765, -241.784301758, -324.326507568, -94.0766067505, -296.492340088, -205.116470337, -157.133041382, -197.691146851, -102.927062988], [-164.010437012, -28.6055984497, 173.183242798, 179.317184448, 49.8399391174, -52.2474784851, -31.8510913849, 6.94844436646, -16.6723461151, -36.7705993652, -52.0443992615, -51.3091239929, -41.1318588257], [145.228057861, -35.8967170715, -168.598983765, 49.8399391174, 105.103897095, 52.2121086121, 20.6462020874, 14.4323368073, 39.5820350647, 20.7335987091, 0.543923199177, 1.6418659687, -9.65391159058], [184.445678711, -53.7014770508, -241.784301758, -52.2474784851, 52.2121086121, 136.437866211, 93.1463470459, 21.5305080414, 47.9171333313, 37.5315895081, 27.6843471527, 31.1759300232, 17.3745956421], [299.565490723, -51.1352233887, -324.326507568, -31.8510913849, 20.6462020874, 93.1463470459, 161.455200195, 67.686958313, 34.8083534241, 22.4619674683, 25.7698478699, 32.2338600159, 17.2652244568], [50.1156692505, -39.1741905212, -94.0766067505, 6.94844436646, 14.4323368073, 21.5305080414, 67.686958313, 70.5569839478, 24.570432663, -0.347943216562, 7.80301713943, 12.6476068497, 3.58406925201], [331.791534424, -12.4661102295, -296.492340088, -16.6723461151, 39.5820350647, 47.9171333313, 34.8083534241, 24.570432663, 97.7674102783, 60.8193397522, 26.5943527222, 27.5758247375, 13.5826969147], [230.978744507, 2.41829895973, -205.116470337, -36.7705993652, 20.7335987091, 37.5315895081, 22.4619674683, -0.347943216562, 60.8193397522, 86.9242553711, 57.5150756836, 30.5601882935, 19.817407608], [141.5493927, -12.6837587357, -157.133041382, -52.0443992615, 0.543923199177, 27.6843471527, 25.7698478699, 7.80301713943, 26.5943527222, 57.5150756836, 92.4100036621, 67.1149673462, 31.0845279694], [176.725524902, -32.3846740723, -197.691146851, -51.3091239929, 1.6418659687, 31.1759300232, 32.2338600159, 12.6476068497, 27.5758247375, 30.5601882935, 67.1149673462, 100.577888489, 65.323677063], [80.8247375488, -29.354681015, -102.927062988, -41.1318588257, -9.65391159058, 17.3745956421, 17.2652244568, 3.58406925201, 13.5826969147, 19.817407608, 31.0845279694, 65.323677063, 92.9270706177]],
        "icov": [[0.00852164253592, -0.0128451855853, 0.0113018890843, -0.00802512094378, 0.00711857667193, -0.00464149331674, 0.00335600040853, -0.00111074419692, 0.00162739981897, -0.00137096806429, 0.00205167103559, -0.00116185110528, -0.00129190483131], [-0.0128451855853, 0.0248147714883, -0.0168938282877, 0.0142365954816, -0.0110223470256, 0.0103249279782, -0.00588046992198, 0.00441834470257, -0.00312087894417, 0.00142229557969, -0.00259097036906, 0.00281106028706, 0.00349080050364], [0.0113018890843, -0.0168938282877, 0.0170136205852, -0.0129723660648, 0.0135832736269, -0.0104962103069, 0.0108301816508, -0.0065043317154, 0.00814816821367, -0.00397621048614, 0.00358496629633, -0.000403113546781, -0.00171053735539], [-0.00802512094378, 0.0142365954816, -0.0129723660648, 0.0233990252018, -0.0217270758003, 0.0192594770342, -0.013166368939, 0.00772183435038, -0.00846048910171, 0.00561205530539, -0.000846031063702, 0.00236860848963, 0.0024139015004], [0.00711857667193, -0.0110223470256, 0.0135832736269, -0.0217270758003, 0.037113007158, -0.0270778890699, 0.0221768990159, -0.0157935358584, 0.0114896548912, -0.0101034939289, 0.00610964559019, -0.00307192606851, 0.00175282126293], [-0.00464149331674, 0.0103249279782, -0.0104962103069, 0.0192594770342, -0.0270778890699, 0.0392336547375, -0.0311536956578, 0.0236933622509, -0.0195331610739, 0.00924610346556, -0.00459986645728, 0.00129155511968, 0.000437350186985], [0.00335600040853, -0.00588046992198, 0.0108301816508, -0.013166368939, 0.0221768990159, -0.0311536956578, 0.0428318679333, -0.035760242492, 0.0258854553103, -0.0148499850184, 0.00801705662161, -0.00157909502741, 0.000753023021389], [-0.00111074419692, 0.00441834470257, -0.0065043317154, 0.00772183435038, -0.0157935358584, 0.0236933622509, -0.035760242492, 0.0500138141215, -0.0309083294123, 0.0234275702387, -0.0139498487115, 0.00435069808736, -0.00165069638751], [0.00162739981897, -0.00312087894417, 0.00814816821367, -0.00846048910171, 0.0114896548912, -0.0195331610739, 0.0258854553103, -0.0309083294123, 0.0507514327765, -0.0374481193721, 0.0230787228793, -0.0122664039955, 0.00557817844674], [-0.00137096806429, 0.00142229557969, -0.00397621048614, 0.00561205530539, -0.0101034939289, 0.00924610346556, -0.0148499850184, 0.0234275702387, -0.0374481193721, 0.0578086189926, -0.0410993173718, 0.0247630774975, -0.0117152342573], [0.00205167103559, -0.00259097036906, 0.00358496629633, -0.000846031063702, 0.00610964559019, -0.00459986645728, 0.00801705662161, -0.0139498487115, 0.0230787228793, -0.0410993173718, 0.0537847056985, -0.0365412868559, 0.0146237444133], [-0.00116185110528, 0.00281106028706, -0.000403113546781, 0.00236860848963, -0.00307192606851, 0.00129155511968, -0.00157909502741, 0.00435069808736, -0.0122664039955, 0.0247630774975, -0.0365412868559, 0.0480674095452, -0.0229886583984], [-0.00129190483131, 0.00349080050364, -0.00171053735539, 0.0024139015004, 0.00175282126293, 0.000437350186985, 0.000753023021389, -0.00165069638751, 0.00557817844674, -0.0117152342573, 0.0146237444133, -0.0229886583984, 0.0251367557794]]
    },
    "spectral_contrast_coeffs": {
        "max": [-0.329869270325, -0.383705884218, -0.397005826235, -0.503673434258, -0.626084208488, -0.755065083504],
        "mean": [-0.680024504662, -0.777075946331, -0.772306919098, -0.796197116375, -0.745661079884, -0.83581584692],
        "min": [-0.921187222004, -0.915974617004, -0.907663226128, -0.918079018593, -0.892039835453, -0.892692506313],
        "stdev": [0.111289046705, 0.100483030081, 0.0775002464652, 0.0523635856807, 0.0521968081594, 0.0298629198223]
    },
    "spectral_contrast_valleys": {
        "max": [-5.58956623077, -4.73659563065, -5.2751493454, -5.10422182083, -7.06378984451, -9.54619121552],
        "mean": [-7.90556144714, -6.71845626831, -6.89256858826, -7.06994485855, -8.43712902069, -11.4563589096],
        "min": [-9.59310245514, -8.98860740662, -9.48430538177, -9.65158748627, -10.2571182251, -12.5421199799],
        "stdev": [0.548859775066, 0.749674260616, 1.05495119095, 1.36719942093, 0.814097166061, 0.121660508215]
    }
},
"rhythm": {
    "beats_count": 47,
    "beats_loudness": {
        "max": 0.10043400526,
        "mean": 0.0265266820788,
        "min": 0.000319142563967,
        "stdev": 0.0234867781401
    },
    "bpm": 152.972946167,
    "bpm_histogram_first_peak_bpm": 152,
    "bpm_histogram_first_peak_weight": 0.333333313465,
    "bpm_histogram_second_peak_bpm": 157,
    "bpm_histogram_second_peak_spread": 0.5,
    "bpm_histogram_second_peak_weight": 0.130434781313,
    "danceability": 1.0062006712,
    "onset_rate": 2.02295231819,
    "beats_loudness_band_ratio": {
        "max": [0.385291665792, 0.865631103516, 0.904325962067, 0.889840006828, 0.51864361763, 0.0156231019646],
        "mean": [0.0424178019166, 0.184905782342, 0.252079486847, 0.358504146338, 0.194864705205, 0.00431783590466],
        "min": [0.00101384276059, 7.64466167311e-05, 0.0325049422681, 0.00609669275582, 0.00419341167435, 0.000160135314218],
        "stdev": [0.0664238631725, 0.2395195961, 0.238772779703, 0.241077899933, 0.176926195621, 0.00361971789971]
    },
    "beats_position": [0.383129239082, 0.789478421211, 1.19582760334, 1.60217678547, 1.99691605568, 2.39165520668, 2.7863945961, 3.15791368484, 3.52943301201, 3.9125623703, 4.29569149017, 4.67882061005, 5.05034017563, 5.42185926437, 5.80498838425, 6.17650794983, 6.54802703857, 6.93115615845, 7.31428575516, 7.70902490616, 8.10376358032, 8.498503685, 8.97451210022, 9.45052146912, 9.93814086914, 10.4025392532, 10.866938591, 11.3429479599, 11.8189563751, 12.2833557129, 12.7477550507, 13.2121543884, 13.6997728348, 14.1409521103, 14.5937414169, 15.1626300812, 15.7315187454, 16.3004074097, 16.8460769653, 17.391746521, 17.9606342316, 18.5411338806, 19.1332416534, 19.7369613647, 20.3406791687, 20.94439888, 21.548116684],
