{
"metadata": {
    "version": {
        "essentia": "2.1-beta5",
        "essentia_git_sha": "Undefined",
        "extractor": "music 2.0"
    },
    "audio_properties": {
        "analysis": {
            "equal_loudness": 0,
            "length": 32.4963264465,
            "sample_rate": 44100,
            "start_time": 29.0017242432,
            "downmix": "mix"
        },
        "bit_rate": 192000,
        "length": 186.409790039,
        "lossless": 0,
        "number_channels": 2,
        "replay_gain": 2.01035118103,
        "sample_rate": 44100,
        "codec": "mp3",
        "md5_encoded": "2086de311582c18642d831cc8663925c"
    },
    "tags": {
        "file_name": "Sweden_Alla Andra Får Varann_Siw Malmkvist.mp3",
        "encoding": ["Lavf58.29.100"]
    }
},
"lowlevel": {
    "average_loudness": 0.961906909943,
    "barkbands_crest": {
        "max": 26.7404689789,
        "mean": 9.48139762878,
        "min": 3.11796069145,
        "stdev": 4.44972229004
    },
    "barkbands_flatness_db": {
        "max": 0.403673946857,
        "mean": 0.205017566681,
        "min": 0.0427233949304,
        "stdev": 0.0512243881822
    },
    "barkbands_kurtosis": {
        "max": 413.320465088,
        "mean": 3.78633332253,
        "min": -1.69013226032,
        "stdev": 23.292011261
    },
    "barkbands_skewness": {
        "max": 18.6903553009,
        "mean": 0.546832084656,
        "min": -1.76686549187,
        "stdev": 1.52793729305
    },
    "barkbands_spread": {
        "max": 48.8742675781,
        "mean": 9.02922534943,
        "min": 0.33351406455,
        "stdev": 5.36756849289
    },
    "dissonance": {
        "max": 0.499999880791,
        "mean": 0.43120148778,
        "min": 0.184197902679,
        "stdev": 0.0570687651634
    },
    "dynamic_complexity": 3.17386722565,
    "erbbands_crest": {
        "max": 31.4753742218,
        "mean": 11.2805204391,
        "min": 3.08641767502,
        "stdev": 4.96180772781
    },
    "erbbands_flatness_db": {
        "max": 0.41481885314,
        "mean": 0.281974434853,
        "min": 0.0748188272119,
        "stdev": 0.0512791313231
    },
    "erbbands_kurtosis": {
        "max": 75.2464981079,
        "mean": 1.63720107079,
        "min": -1.6975325346,
        "stdev": 5.29258680344
    },
    "erbbands_skewness": {
        "max": 7.98309183121,
        "mean": 0.215993404388,
        "min": -1.93276071548,
        "stdev": 0.89365953207
    },
    "erbbands_spread": {
        "max": 62.6387367249,
        "mean": 12.9944028854,
        "min": 1.67191946507,
        "stdev": 7.00720310211
    },
    "hfc": {
        "max": 87.7706985474,
        "mean": 23.244342804,
        "min": 0.00885868724436,
        "stdev": 17.6010093689
    },
    "loudness_ebu128": {
        "integrated": -25.7401332855,
        "loudness_range": 2.37330245972,
        "momentary": {
            "max": -22.6576023102,
            "mean": -26.5898590088,
            "min": -50.8324356079,
            "stdev": 3.49973344803
        },
        "short_term": {
            "max": -24.2049694061,
            "mean": -25.7625713348,
            "min": -27.5568408966,
            "stdev": 0.776130914688
        }
    },
    "melbands_crest": {
        "max": 31.8634643555,
        "mean": 11.4646930695,
        "min": 3.09833860397,
        "stdev": 5.53615427017
    },
    "melbands_flatness_db": {
        "max": 0.480908423662,
        "mean": 0.259124726057,
        "min": 0.0916794091463,
        "stdev": 0.0545308701694
    },
    "melbands_kurtosis": {
        "max": 291.248840332,
        "mean": 4.03897237778,
        "min": -1.76564335823,
        "stdev": 20.9555950165
    },
    "melbands_skewness": {
        "max": 12.7584228516,
        "mean": 0.716737091541,
        "min": -1.99686300755,
        "stdev": 1.34769570827
    },
    "melbands_spread": {
        "max": 51.3386154175,
        "mean": 15.9242115021,
        "min": 0.488440513611,
        "stdev": 7.89959526062
    },
    "pitch_salience": {
        "max": 0.911521792412,
        "mean": 0.629295825958,
        "min": 0.0538518056273,
        "stdev": 0.116453826427
    },
    "silence_rate_20dB": {
        "max": 1,
        "mean": 1,
        "min": 1,
        "stdev": 0
    },
    "silence_rate_30dB": {
        "max": 1,
        "mean": 1,
        "min": 1,
        "stdev": 0
    },
    "silence_rate_60dB": {
        "max": 1,
        "mean": 0.096359744668,
        "min": 0,
        "stdev": 0.295083731413
    },
    "spectral_centroid": {
        "max": 2057.89575195,
        "mean": 1006.00372314,
        "min": 264.127868652,
        "stdev": 312.847015381
    },
    "spectral_complexity": {
        "max": 37,
        "mean": 16.0171298981,
        "min": 0,
        "stdev": 8.05066871643
    },
    "spectral_decrease": {
        "max": -3.5585928735e-12,
        "mean": -6.15118667113e-09,
        "min": -2.62690296182e-08,
        "stdev": 4.35848512836e-09
    },
    "spectral_energy": {
        "max": 0.107106357813,
        "mean": 0.0253243371844,
        "min": 1.42344551932e-05,
        "stdev": 0.0178997553885
    },
    "spectral_energyband_high": {
        "max": 0.000109554290248,
        "mean": 1.50012583617e-05,
        "min": 2.2668844224e-07,
        "stdev": 1.11861409096e-05
    },
    "spectral_energyband_low": {
        "max": 0.00753324991092,
        "mean": 0.000205478660064,
        "min": 1.13658302325e-06,
        "stdev": 0.000438504532212
    },
    "spectral_energyband_middle_high": {
        "max": 0.0912138596177,
        "mean": 0.0130812386051,
        "min": 1.43126749208e-06,
        "stdev": 0.0125649217516
    },
    "spectral_energyband_middle_low": {
        "max": 0.092125967145,
        "mean": 0.0127307884395,
        "min": 1.17978779599e-05,
        "stdev": 0.012285922654
    },
    "spectral_entropy": {
        "max": 8.3106803894,
        "mean": 6.820789814,
        "min": 4.97531080246,
        "stdev": 0.470760047436
    },
    "spectral_flux": {
        "max": 0.327057093382,
        "mean": 0.0816802084446,
        "min": 0.00397438369691,
        "stdev": 0.0457097478211
    },
    "spectral_kurtosis": {
        "max": 54.6203651428,
        "mean": 20.0757236481,
        "min": 1.38185405731,
        "stdev": 7.82940721512
    },
    "spectral_rms": {
        "max": 0.0102222310379,
        "mean": 0.00455913692713,
        "min": 0.000117844276247,
        "stdev": 0.00198013731278
    },
    "spectral_rolloff": {
        "max": 2863.91601562,
        "mean": 1338.70153809,
        "min": 258.3984375,
        "stdev": 453.793518066
    },
    "spectral_skewness": {
        "max": 6.16643285751,
        "mean": 3.23839664459,
        "min": 1.33857893944,
        "stdev": 0.705912292004
    },
    "spectral_spread": {
        "max": 16181536,
        "mean": 2246814.75,
        "min": 1288239.875,
        "stdev": 1029407.5
    },
    "spectral_strongpeak": {
        "max": 12.6493387222,
        "mean": 2.17778134346,
        "min": 0,
        "stdev": 1.76041150093
    },
    "zerocrossingrate": {
        "max": 0.13720703125,
        "mean": 0.0470119714737,
        "min": 0.00732421875,
        "stdev": 0.0143570546061
    },
    "barkbands": {
        "max": [5.27770389454e-05, 0.000863472407218, 0.00229764450341, 0.012988127768, 0.0339800789952, 0.0872149094939, 0.0285542011261, 0.0573236718774, 0.0864861905575, 0.0932560041547, 0.0526653341949, 0.0235359128565, 0.0285913627595, 0.0395819023252, 0.0233092103153, 0.00759017700329, 0.00469309883192, 0.00152075954247, 0.00058532593539, 0.00014275702415, 3.76325333491e-05, 9.71294230112e-06, 1.27041867017e-05, 1.33311013997e-05, 1.50440728248e-05, 1.43866391227e-05, 1.32347975068e-06],
        "mean": [7.15365422366e-06, 4.79375339637e-05, 6.51994050713e-05, 0.000177924506715, 0.00172534945887, 0.00245109107345, 0.00136222469155, 0.00205837492831, 0.00343498960137, 0.00373109220527, 0.00226879329421, 0.00218213908374, 0.00193146057427, 0.00175502605271, 0.00117836089339, 0.00041204248555, 0.000335122080287, 0.00012324313866, 5.29437420482e-05, 1.45249650814e-05, 3.39804068972e-06, 9.70309656623e-07, 7.02486545379e-07, 1.21608638892e-06, 2.42312239607e-06, 6.41132146484e-07, 2.00054728339e-08],
        "min": [4.58331967934e-08, 1.5837147771e-07, 1.96875589609e-07, 1.88509886812e-07, 2.08944470614e-06, 1.77292724857e-06, 1.12803786578e-06, 4.24685765665e-07, 3.74046123852e-07, 4.04687654054e-07, 1.01316501855e-07, 4.913655971e-08, 1.00934968827e-07, 3.17074068334e-07, 6.97860684795e-08, 1.67529719874e-07, 1.43973650779e-07, 3.31394112152e-08, 2.86353998291e-08, 4.92855463108e-08, 3.09780574526e-08, 1.68203975193e-08, 2.36480062199e-08, 5.35677031621e-08, 3.76280908654e-08, 2.38885178305e-08, 3.06009023676e-10],
        "stdev": [5.31563318873e-06, 5.82397951803e-05, 0.000134441143018, 0.000532130768988, 0.00288099888712, 0.00581573555246, 0.00272766686976, 0.00465557631105, 0.00625465763733, 0.00630877399817, 0.00480578979477, 0.00368007901125, 0.00320216361433, 0.00302645331249, 0.00193225347903, 0.000693437410519, 0.000532209698576, 0.000171036022948, 7.12077890057e-05, 1.90416885744e-05, 3.96445648221e-06, 6.08252605616e-07, 3.95321791302e-07, 4.52256927019e-07, 5.95957033056e-07, 5.08166181135e-07, 4.61707010402e-08]
    },
    "erbbands": {
        "max": [0.0128008760512, 0.230005189776, 1.5038690567, 24.1559467316, 56.3804168701, 163.963424683, 374.577636719, 1114.89990234, 519.090942383, 1139.91674805, 987.077941895, 1596.41467285, 3262.11425781, 2569.58618164, 1192.18615723, 1217.42932129, 1399.36621094, 2102.58422852, 1163.87097168, 959.086791992, 363.976348877, 178.358306885, 91.0019378662, 47.5718727112, 14.2250909805, 5.69120121002, 2.61280441284, 0.529097139835, 0.327669888735, 0.329138547182, 0.385695427656, 0.315212726593, 0.217359915376, 0.142292842269, 0.116566427052, 0.0560005418956, 0.0245597343892, 0.00713869463652, 0.000159294373589, 0.00012512205285],
        "mean": [0.00109442591202, 0.0123724965379, 0.0569529496133, 0.406757265329, 1.8927052021, 6.83825302124, 14.0003261566, 20.2983169556, 18.3593616486, 34.7734832764, 47.4917640686, 71.049079895, 120.990821838, 110.85068512, 85.4789352417, 90.5097961426, 89.832359314, 99.8542785645, 65.9075469971, 48.1372108459, 22.402765274, 16.0882606506, 8.9433927536, 4.36282730103, 1.53606462479, 0.668227553368, 0.259024739265, 0.0772285908461, 0.0372729636729, 0.0244210921228, 0.0207160003483, 0.0215374194086, 0.0235356912017, 0.0243533477187, 0.017657212913, 0.0052460632287, 0.000742943608202, 6.82827812852e-05, 1.55022680701e-05, 3.01666768792e-05],
        "min": [2.9233551686e-06, 4.91879036417e-05, 0.000497934350278, 0.000859818945173, 0.00319220917299, 0.00624733790755, 0.00867493171245, 0.0175955109298, 0.013797711581, 0.0191692840308, 0.0146590461954, 0.00961921364069, 0.00693145766854, 0.0143259726465, 0.00328986695968, 0.00232039927505, 0.00518405158073, 0.0125799002126, 0.00862714275718, 0.00505160354078, 0.0109011214226, 0.00772872380912, 0.00281323073432, 0.00196961150505, 0.00139245099854, 0.00184689566959, 0.00191165111028, 0.00089238450164, 0.000519334746059, 0.000786643126048, 0.000662475300487, 0.000562814529985, 0.00126026268117, 0.000300612387946, 0.000377473275876, 0.000136608738103, 3.75136660296e-05, 1.09310394691e-05, 6.08181608186e-07, 1.39089209483e-07],
        "stdev": [0.00115291494876, 0.0153498230502, 0.0972872450948, 1.13656389713, 4.06078910828, 13.4812602997, 26.2001419067, 58.5931968689, 33.9081077576, 104.955780029, 85.8456726074, 127.970329285, 199.879562378, 203.605377197, 121.807731628, 147.388275146, 145.22114563, 158.497955322, 101.0782547, 76.5373687744, 33.9183921814, 24.1319160461, 12.4046783447, 5.36782693863, 2.0294008255, 0.794525623322, 0.309419065714, 0.0715361610055, 0.0245189126581, 0.0123987561092, 0.0119874598458, 0.0103435218334, 0.00794623140246, 0.00624773511663, 0.00477076740935, 0.00218566483818, 0.00086196907796, 0.000227562675718, 1.11606932478e-05, 2.11988153751e-05]
    },
    "gfcc": {
        "mean": [-70.4810409546, 131.821807861, -162.515106201, -37.6501617432, -52.8123435974, 2.70222139359, -53.2737388611, 9.12912940979, -31.4311408997, -3.05124855042, -11.4537029266, -5.96758937836, -0.00104942498729],
        "cov": [[2675.69506836, 729.560058594, -1130.04626465, -445.914459229, 405.734405518, -374.206970215, 238.028594971, -57.9723167419, -16.5478134155, -135.173660278, 130.498062134, -181.584381104, 105.211929321], [729.560058594, 381.482452393, -81.8212585449, -131.898605347, 4.67472076416, -155.092346191, 6.80402135849, -47.2195358276, -15.7951049805, -89.2389678955, -4.88375329971, -72.3145370483, 2.44900131226], [-1130.04626465, -81.8212585449, 896.230712891, 210.251403809, -357.395111084, 41.326133728, -171.007537842, -30.0350666046, -18.1731529236, -11.6392431259, -90.6563873291, 61.8303947449, -72.8332748413], [-445.914459229, -131.898605347, 210.251403809, 287.631103516, 11.6861009598, 1.73535859585, -114.116439819, 8.80219268799, -4.020362854, 33.2465782166, -47.8957939148, 29.9352798462, -35.1010971069], [405.734405518, 4.67472076416, -357.395111084, 11.6861009598, 256.323028564, 38.7334976196, 36.7280731201, -0.805245995522, 16.5910987854, 22.6717681885, 26.5881977081, -16.4217224121, 24.2170543671], [-374.206970215, -155.092346191, 41.326133728, 1.73535859585, 38.7334976196, 256.027770996, 83.6017532349, 6.76744365692, -24.886592865, 36.3432006836, -10.2695598602, 16.360748291, -17.2379589081], [238.028594971, 6.80402135849, -171.007537842, -114.116439819, 36.7280731201, 83.6017532349, 201.198440552, 33.2328834534, -40.7689704895, -6.67172718048, 45.7250938416, -23.7309017181, 15.8949022293], [-57.9723167419, -47.2195358276, -30.0350666046, 8.80219268799, -0.805245995522, 6.76744365692, 33.2328834534, 90.6135025024, 49.0530929565, 6.28240633011, -8.83963298798, 12.9424285889, -1.43590080738], [-16.5478134155, -15.7951049805, -18.1731529236, -4.020362854, 16.5910987854, -24.886592865, -40.7689704895, 49.0530929565, 107.52558136, 40.004776001, -8.01783561707, 13.164144516, 14.4847126007], [-135.173660278, -89.2389678955, -11.6392431259, 33.2465782166, 22.6717681885, 36.3432006836, -6.67172718048, 6.28240633011, 40.004776001, 82.9508285522, 31.5743217468, 15.7453737259, 6.51249170303], [130.498062134, -4.88375329971, -90.6563873291, -47.8957939148, 26.5881977081, -10.2695598602, 45.7250938416, -8.83963298798, -8.01783561707, 31.5743217468, 88.0071487427, 24.9023132324, 19.6371746063], [-181.584381104, -72.3145370483, 61.8303947449, 29.9352798462, -16.4217224121, 16.360748291, -23.7309017181, 12.9424285889, 13.164144516, 15.7453737259, 24.9023132324, 70.8054656982, 21.7038516998], [105.211929321, 2.44900131226, -72.8332748413, -35.1010971069, 24.2170543671, -17.2379589081, 15.8949022293, -1.43590080738, 14.4847126007, 6.51249170303, 19.6371746063, 21.7038516998, 67.6227340698]],
        "icov": [[0.0109051177278, -0.0134337507188, 0.0069582099095, 0.0018556935247, -0.00783530902117, 0.0114813558757, -0.0115195177495, 0.00752163026482, -0.00277687655762, 0.000239593777223, 0.00186792272143, -0.0029944635462, 0.0015677367337], [-0.0134337507188, 0.0250445287675, -0.0122518558055, 0.00255650281906, 0.0033841857221, -0.00791741535068, 0.0118994796649, -0.00632693804801, 0.00181318400428, 0.00483285402879, -0.00238441838883, 0.00818316172808, -0.000824149406981], [0.0069582099095, -0.0122518558055, 0.0161377675831, -0.0119621874765, 0.0139431580901, -0.00315322726965, -0.00604481855407, 0.0139127690345, -0.0141772199422, 0.0105787683278, -0.00558248069137, -0.00240636756644, 0.00112019770313], [0.0018556935247, 0.00255650281906, -0.0119621874765, 0.0256549827754, -0.0260754153132, 0.0175759438425, 0.000714606430847, -0.014784979634, 0.0254163853824, -0.0240450277925, 0.0192142892629, -0.00773213012144, 0.00456314347684], [-0.00783530902117, 0.0033841857221, 0.0139431580901, -0.0260754153132, 0.0423580594361, -0.0286449231207, 0.0106401098892, 0.0102707650512, -0.0230292603374, 0.0217866245657, -0.0197505820543, 0.00835451949388, -0.00531486235559], [0.0114813558757, -0.00791741535068, -0.00315322726965, 0.0175759438425, -0.0286449231207, 0.0341583229601, -0.0222443416715, 0.00563926994801, 0.0114478999749, -0.0189952012151, 0.0236695893109, -0.0156309716403, 0.00998493656516], [-0.0115195177495, 0.0118994796649, -0.00604481855407, 0.000714606430847, 0.0106401098892, -0.0222443416715, 0.0354493632913, -0.0276767872274, 0.0161407683045, 0.00058212922886, -0.016432274133, 0.0183655004948, -0.0116848303005], [0.00752163026482, -0.00632693804801, 0.0139127690345, -0.014784979634, 0.0102707650512, 0.00563926994801, -0.0276767872274, 0.0505195967853, -0.0400764234364, 0.0223119203001, 0.000985655700788, -0.0117612844333, 0.0110985562205], [-0.00277687655762, 0.00181318400428, -0.0141772199422, 0.0254163853824, -0.0230292603374, 0.0114478999749, 0.0161407683045, -0.0400764234364, 0.0579087100923, -0.0443457737565, 0.023327389732, -0.00675707822666, -0.00403993856162], [0.000239593777223, 0.00483285402879, 0.0105787683278, -0.0240450277925, 0.0217866245657, -0.0189952012151, 0.00058212922886, 0.0223119203001, -0.0443457737565, 0.0625523999333, -0.0406668968499, 0.0224741175771, -0.00587160605937], [0.00186792272143, -0.00238441838883, -0.00558248069137, 0.0192142892629, -0.0197505820543, 0.0236695893109, -0.016432274133, 0.000985655700788, 0.023327389732, -0.0406668968499, 0.0543291047215, -0.0348515659571, 0.0124600166455], [-0.0029944635462, 0.00818316172808, -0.00240636756644, -0.00773213012144, 0.00835451949388, -0.0156309716403, 0.0183655004948, -0.0117612844333, -0.00675707822666, 0.0224741175771, -0.0348515659571, 0.0486740171909, -0.0200043153018], [0.0015677367337, -0.000824149406981, 0.00112019770313, 0.00456314347684, -0.00531486235559, 0.00998493656516, -0.0116848303005, 0.0110985562205, -0.00403993856162, -0.00587160605937, 0.0124600166455, -0.0200043153018, 0.0276175756007]]
    },
    "melbands": {
        "max": [0.000187939527677, 0.000793939223513, 0.00424081319943, 0.00881899613887, 0.00977299548686, 0.0213621892035, 0.00676835328341, 0.013794994913, 0.0100236581638, 0.0127369947731, 0.0167200118303, 0.010377286002, 0.00554978195578, 0.0033698938787, 0.00304859434254, 0.00282206805423, 0.00479348190129, 0.0017382936785, 0.00259801233187, 0.000734198314603, 0.000509581237566, 0.000253512174822, 0.00016008374223, 5.16740838066e-05, 4.61287636426e-05, 1.69084687514e-05, 1.01634113889e-05, 3.82792131859e-06, 2.23066604121e-06, 6.13565703134e-07, 2.43182910253e-07, 1.69354635204e-07, 2.024408019e-07, 1.67707312926e-07, 2.1417956475e-07, 2.24350642952e-07, 1.80225598001e-07, 1.55300952542e-07, 1.31264854986e-07, 1.15214767504e-07],
        "mean": [1.25255119201e-05, 2.90455227514e-05, 0.000100976743852, 0.000307075039018, 0.000460992829176, 0.000458263180917, 0.000284833135083, 0.000400322023779, 0.000394875154598, 0.00048034710926, 0.000604510831181, 0.000446968333563, 0.000296921207337, 0.000276594888419, 0.000180851100595, 0.000192483479623, 0.000187291443581, 0.000105788334622, 8.08518379927e-05, 4.20277501689e-05, 2.41254329012e-05, 1.72787531483e-05, 1.30639455165e-05, 4.91325226903e-06, 3.4711401895e-06, 1.44485784404e-06, 6.56738109228e-07, 3.80343067263e-07, 1.89686261365e-07, 7.73683197508e-08, 3.20959649969e-08, 2.07481072323e-08, 1.77116916689e-08, 1.19891438999e-08, 1.15277449808e-08, 1.20533130143e-08, 1.3538640431e-08, 1.54171768685e-08, 1.88101161314e-08, 2.13228030788e-08],
        "min": [3.61406407023e-08, 2.06861130891e-07, 3.21339939546e-07, 3.62599053005e-07, 3.56394423306e-07, 4.19312499389e-07, 2.35216447209e-07, 1.7153911358e-07, 9.58578354471e-08, 5.43632729944e-08, 3.6089907951e-08, 6.31814103258e-08, 1.18658922688e-08, 5.02466912522e-09, 7.9283637433e-09, 1.15065637019e-08, 2.70846296502e-08, 1.78791665917e-08, 5.29385824066e-09, 6.78369405094e-09, 1.46862664252e-08, 8.2248909905e-09, 4.24869117666e-09, 1.80088599588e-09, 1.61097257756e-09, 7.48997308619e-10, 1.45570155929e-09, 1.19224852213e-09, 1.43968414967e-09, 6.82431666732e-10, 4.31533253575e-10, 2.24673862848e-10, 4.36606056864e-10, 4.45535358606e-10, 4.24034862778e-10, 2.49288895082e-10, 3.46979028842e-10, 1.09007725069e-09, 3.32758126609e-10, 2.33250696535e-10],
        "stdev": [1.37754841489e-05, 4.9661473895e-05, 0.000214106941712, 0.000647042237688, 0.000761619361583, 0.00121729611419, 0.000495767628308, 0.00116103934124, 0.000719748088159, 0.000893468677532, 0.00101425603498, 0.000857263396028, 0.000535466999281, 0.000478198518977, 0.00030661461642, 0.00031001563184, 0.00033495601383, 0.000177867448656, 0.000147738886881, 6.85696868459e-05, 4.10561515309e-05, 2.72247307294e-05, 2.21712634811e-05, 6.55316534903e-06, 4.65773246106e-06, 2.07265111385e-06, 1.05102492398e-06, 4.79842412915e-07, 2.58022737398e-07, 8.56647233149e-08, 2.9933609369e-08, 1.63409517029e-08, 9.20334475296e-09, 6.2978671167e-09, 6.78199452153e-09, 7.33266558584e-09, 6.26202201204e-09, 5.82403725247e-09, 5.89925797101e-09, 5.8438569539e-09]
    },
    "melbands128": {
        "max": [2.96203816106e-05, 5.63382018299e-05, 0.000277160230326, 0.000434552552179, 0.000408741005231, 0.00159781577531, 0.00505280727521, 0.00648261513561, 0.00557692768052, 0.013204857707, 0.0123674338683, 0.00584773439914, 0.0139329750091, 0.0290167070925, 0.0387210510671, 0.0307494588196, 0.0170113183558, 0.00845500081778, 0.00645029358566, 0.0204818248749, 0.0238746106625, 0.0125882839784, 0.015349779278, 0.0203502848744, 0.0158052258193, 0.0282452180982, 0.0167805571109, 0.0314148999751, 0.0228788536042, 0.0234643053263, 0.0191747900099, 0.0163799524307, 0.00924919825047, 0.00584647106007, 0.00673649599776, 0.00758394878358, 0.00693835318089, 0.00439852382988, 0.00808317866176, 0.00501850433648, 0.00614356528968, 0.00460378080606, 0.00590724265203, 0.00783375930041, 0.00198708334938, 0.00300707644783, 0.003450848395, 0.00443136272952, 0.00315411319025, 0.00158394302707, 0.00134849839378, 0.000523257593159, 0.0010140503291, 0.000720290525351, 0.000517259410117, 0.000386575440643, 0.000264279631665, 0.000448428239906, 0.000244358321652, 0.000175886103534, 6.4662337536e-05, 6.48388158879e-05, 9.50785615714e-05, 7.42246920709e-05, 3.74797637051e-05, 3.01405889331e-05, 2.05922297027e-05, 2.60410561168e-05, 8.9783770818e-06, 8.23637947178e-06, 4.85634745928e-06, 6.18596322965e-06, 6.08075833952e-06, 3.81504014513e-06, 1.71996362042e-06, 1.19736910165e-06, 7.73273427512e-07, 5.78324488743e-07, 3.29206756078e-07, 3.14941019042e-07, 2.73369693105e-07, 1.6227103572e-07, 2.00515415827e-07, 2.21484938834e-07, 1.83922495012e-07, 1.97417861614e-07, 1.28661753251e-07, 1.78482309821e-07, 1.99943571033e-07, 2.75961326679e-07, 2.26666301728e-07, 2.19450939198e-07, 1.99695520564e-07, 2.03051214953e-07, 1.30754486349e-07, 1.71302204421e-07, 1.65903685456e-07, 1.36271907536e-07, 1.28873466565e-07, 1.35411127644e-07, 1.0380838944e-07, 9.52815497612e-08, 1.45639489801e-07, 1.59576785563e-07, 1.18486532585e-07, 1.29030439666e-07, 1.50167053903e-07, 9.70367608488e-08, 8.65428333441e-08, 9.78907053195e-08, 8.09443321259e-08, 7.26242745941e-08, 7.02959397358e-08, 8.58877271526e-08, 8.22034778025e-08, 1.0459938693e-07, 6.04589018849e-08, 3.39851280451e-09, 3.27921934051e-09, 3.18145509937e-09, 3.09841419188e-09, 3.02193181589e-09, 2.94532975786e-09, 2.86895462942e-09, 2.82411627417e-09, 2.78363243567e-09, 2.73971756393e-09, 2.74810552092e-09],
        "mean": [4.97879454997e-06, 6.63019636704e-06, 1.7497670342e-05, 2.04966436286e-05, 1.76102130354e-05, 3.92750916944e-05, 7.72113999119e-05, 8.98867583601e-05, 0.000169416263816, 0.000310885108775, 0.000401387747843, 0.000420075870352, 0.000501525762957, 0.000487882905873, 0.000435264431871, 0.000516684900504, 0.000313107448164, 0.000216420419747, 0.000253760255873, 0.000454419438029, 0.000416302907979, 0.000397484836867, 0.000373628601665, 0.000426289188908, 0.00040764323785, 0.000464365788503, 0.000742119271308, 0.000671245798003, 0.00041199135012, 0.00052395905368, 0.000411589164287, 0.000409643485909, 0.000292997021461, 0.00020321617194, 0.000275392114418, 0.000353948038537, 0.000204786090762, 0.000106800587673, 0.000238038803218, 0.000200328635401, 0.000177000038093, 0.000176748886588, 0.000206296041142, 0.000202373994398, 9.62937047007e-05, 0.000105294580862, 9.01648090803e-05, 7.86711025285e-05, 8.47837291076e-05, 6.03363187111e-05, 3.63994586223e-05, 2.0989415134e-05, 2.3269742087e-05, 2.67981031357e-05, 2.4806438887e-05, 1.2181267266e-05, 1.36956896313e-05, 1.99580445042e-05, 1.01624846138e-05, 6.65010065859e-06, 4.29422379966e-06, 3.68163568965e-06, 4.12009103457e-06, 3.52237657353e-06, 2.38140137299e-06, 1.35784421218e-06, 8.25630365853e-07, 8.26165148737e-07, 5.72980070501e-07, 5.30511158559e-07, 3.7967279809e-07, 3.35186769007e-07, 2.4436499757e-07, 1.6481887144e-07, 1.13508690447e-07, 9.43573184031e-08, 5.40745084265e-08, 3.82688654099e-08, 2.98514386543e-08, 2.44326869847e-08, 2.28775576261e-08, 1.64505369327e-08, 2.07815062936e-08, 2.06933776781e-08, 1.23436683097e-08, 1.16863230204e-08, 1.28732517979e-08, 1.05122559546e-08, 1.12002993546e-08, 1.29008341787e-08, 1.05712709697e-08, 1.26235732978e-08, 1.29635218116e-08, 1.17102576525e-08, 1.66875580021e-08, 1.32866331271e-08, 1.62858775354e-08, 1.61897002471e-08, 1.80059469557e-08, 2.13288107176e-08, 1.90292901436e-08, 2.11777670955e-08, 2.18289457621e-08, 2.92074329167e-08, 1.88079471997e-08, 1.70085279194e-08, 1.73369816281e-08, 1.17548415446e-08, 7.92527821147e-09, 5.52566703504e-09, 3.98600086271e-09, 2.68075805998e-09, 1.8145557279e-09, 1.1400647093e-09, 3.72061187415e-10, 4.69449368268e-10, 6.5482091971e-10, 9.43746036181e-12, 7.62297776985e-12, 7.48099412279e-12, 7.3468705078e-12, 7.24754544573e-12, 7.09168834767e-12, 6.92215338868e-12, 6.89380930813e-12, 6.85517398055e-12, 6.82315575568e-12, 6.7745097726e-12],
        "min": [2.22571490127e-08, 2.02834460339e-08, 3.18053139381e-08, 1.98676026741e-08, 1.40416489103e-07, 8.30223712001e-08, 4.12191560883e-08, 1.41405038789e-07, 6.28225365062e-08, 1.48325000282e-07, 1.3205070104e-07, 1.60037984642e-07, 1.43573203104e-07, 1.4469192422e-07, 1.795001765e-07, 5.50979990521e-08, 3.13178034617e-08, 3.7790716334e-08, 9.09073207822e-08, 8.21510681703e-08, 4.2895599961e-08, 3.33471774638e-08, 4.51758985776e-08, 1.87713187216e-08, 3.65866164032e-08, 4.50560229126e-08, 3.17230153257e-08, 9.42298328255e-09, 5.78053267475e-08, 5.23024255017e-08, 1.70432752356e-08, 1.4191090969e-08, 1.01741930436e-08, 8.82917206013e-09, 4.48253834051e-09, 2.67185606972e-09, 7.86432519106e-09, 6.53082565805e-09, 8.08217404114e-09, 1.52131445219e-08, 1.12576543643e-08, 7.02523861307e-09, 2.31486421143e-08, 4.21559462893e-08, 3.30633689316e-08, 9.34968369393e-09, 4.12722434007e-09, 3.36935190859e-09, 6.58966925471e-09, 8.37956903865e-09, 4.9925592549e-09, 6.0683968961e-09, 1.40738389831e-08, 1.1242081932e-08, 8.34523916637e-09, 6.0434679483e-09, 9.25917742478e-09, 6.3617302537e-09, 1.49224854695e-09, 1.69952563134e-09, 2.73019740149e-09, 8.84541662138e-10, 1.39165268198e-09, 2.53102405701e-09, 6.95162427622e-10, 8.20980838867e-10, 3.59497653868e-10, 1.28154109547e-09, 2.32482966211e-09, 6.86533330185e-10, 1.00140129522e-09, 1.31876487508e-09, 1.94587368441e-09, 1.43534173436e-09, 1.13730669327e-09, 3.3719843584e-10, 7.47877648699e-10, 6.78380462915e-10, 2.69644584439e-10, 3.70489555701e-10, 2.12485251616e-10, 6.07350003623e-11, 4.54630250113e-10, 5.34278954412e-10, 3.85967702243e-10, 3.79095033143e-10, 6.40108466232e-10, 2.44458064902e-10, 5.77840775229e-10, 3.04310243671e-10, 3.07128461552e-10, 2.31827543273e-10, 2.02758532186e-10, 2.3498078483e-10, 5.7138094256e-10, 5.4984394815e-10, 1.89868876177e-09, 8.14211975619e-10, 1.35842989635e-10, 1.92122040499e-10, 9.2357073378e-11, 1.74303446676e-10, 5.3536186595e-10, 2.82030343524e-10, 6.50641152067e-10, 4.82743289787e-10, 1.38070707645e-10, 2.77953327021e-10, 2.65479305206e-10, 2.14368300888e-10, 1.0955041041e-10, 1.2755740908e-10, 1.01431328614e-10, 1.26100255238e-10, 1.72876936291e-12, 1.03099169826e-12, 1.08354633859e-12, 7.78867909838e-13, 8.83719041955e-13, 7.15702128638e-13, 8.14653357793e-13, 8.48929542115e-13, 7.76077227656e-13, 7.43648849097e-13, 8.81794637309e-13, 8.71434543449e-13, 8.23950337212e-13, 7.20391899346e-13],
        "stdev": [3.36181892635e-06, 6.93204219715e-06, 2.22402813961e-05, 2.79530613625e-05, 2.52956579061e-05, 8.97897043615e-05, 0.000259221327724, 0.000253842095844, 0.000375351897674, 0.000861777691171, 0.000931849819608, 0.000655989279039, 0.000983660458587, 0.00168007484172, 0.00172975973692, 0.0016192070907, 0.000840950466227, 0.000526054529473, 0.00054004532285, 0.00180156994611, 0.00145942065865, 0.000991622102447, 0.000903278880287, 0.00122033350635, 0.000992922578007, 0.00148649164476, 0.0017590924399, 0.00150282715913, 0.00113074178807, 0.00132598390337, 0.00118922814727, 0.00127501483075, 0.000730374187697, 0.000466772151412, 0.000711101049092, 0.000828249263577, 0.000507458113134, 0.000296518934192, 0.000647928740364, 0.000447480677394, 0.000465433229692, 0.00042660307372, 0.000506853917614, 0.000542334048077, 0.000250922923442, 0.000270580640063, 0.000243741858867, 0.000234578663367, 0.000218456523726, 0.000125813065097, 9.48012457229e-05, 4.60327755718e-05, 5.8599820477e-05, 5.65436203033e-05, 4.93252846354e-05, 2.81707980321e-05, 2.82010714727e-05, 4.72183455713e-05, 2.12878785533e-05, 1.36726175697e-05, 8.09428092907e-06, 7.33254137231e-06, 7.35360390536e-06, 6.46314583719e-06, 4.57472151538e-06, 2.63966785496e-06, 1.61066179771e-06, 2.1540599846e-06, 1.0092918501e-06, 9.04198316221e-07, 6.13249710568e-07, 6.12271037426e-07, 4.54968642316e-07, 3.04290779241e-07, 1.62631224043e-07, 1.32325169488e-07, 6.74643558796e-08, 4.7868621067e-08, 3.19579207542e-08, 2.57646206592e-08, 2.63713904047e-08, 1.3008540023e-08, 1.22592060947e-08, 1.16189395882e-08, 8.92474361081e-09, 8.24861157156e-09, 6.86408663242e-09, 6.75465683386e-09, 7.20291870593e-09, 9.35073618535e-09, 7.91945797829e-09, 8.21243784088e-09, 7.60998286609e-09, 7.57442553123e-09, 7.72325403631e-09, 6.95133950401e-09, 7.62555885103e-09, 7.22580839607e-09, 7.34785654544e-09, 8.16742229404e-09, 7.3548380719e-09, 7.95394861086e-09, 8.379620553e-09, 1.11544116166e-08, 7.1697887627e-09, 6.87935974852e-09, 7.49771622566e-09, 4.73604933049e-09, 4.26557988931e-09, 4.1294825337e-09, 3.21475535081e-09, 3.03814040592e-09, 2.35619745936e-09, 2.84424461761e-09, 2.82620082892e-09, 3.32457306129e-09, 1.86510074052e-09, 9.56183743295e-11, 8.77185060699e-11, 8.50984699374e-11, 8.28757756866e-11, 8.08297317967e-11, 7.8782695645e-11, 7.67417865366e-11, 7.55398590901e-11, 7.44565797905e-11, 7.32830809924e-11, 7.35058403034e-11]
    },
    "mfcc": {
        "mean": [-711.606628418, 185.888717651, -52.4742088318, -28.2177314758, 2.54834270477, -19.4620170593, -4.17121839523, -9.06705760956, -6.30771493912, -6.00260400772, -5.02942705154, -7.82423257828, -7.27166986465],
        "cov": [[3199.22900391, 870.959533691, -1511.41625977, -62.1953887939, -110.073257446, -214.038757324, 155.609664917, -54.2520523071, -1.75688993931, 17.7631759644, -42.1687889099, 14.597776413, -22.9144592285], [870.959533691, 472.741394043, -172.600219727, -70.8479385376, -89.5897827148, -109.409332275, -19.3387355804, -21.3435134888, -19.4707317352, -25.5058574677, -34.6222839355, -21.9001331329, -25.2472381592], [-1511.41625977, -172.600219727, 1108.86755371, 82.6603546143, -40.6291618347, 8.87093830109, -150.083877563, 2.55553913116, -41.205821991, -64.8662490845, -20.0037784576, -34.0157279968, -12.0625991821], [-62.1953887939, -70.8479385376, 82.6603546143, 227.722137451, 76.4757003784, -53.4207878113, -66.5564117432, -36.6219100952, -10.8696641922, -28.3974533081, -19.7391757965, 10.1107654572, 12.1307086945], [-110.073257446, -89.5897827148, -40.6291618347, 76.4757003784, 171.917663574, 51.5008354187, -69.6982803345, -18.9877223969, 18.4204807281, -4.19697380066, -0.610377430916, 3.63702011108, 12.1510715485], [-214.038757324, -109.409332275, 8.87093830109, -53.4207878113, 51.5008354187, 166.376449585, 85.5572052002, 0.585622727871, -4.39026403427, 17.5362129211, 17.6658420563, -5.45711612701, -15.1868028641], [155.609664917, -19.3387355804, -150.083877563, -66.5564117432, -69.6982803345, 85.5572052002, 204.689819336, 44.2845802307, -29.17395401, 17.0997467041, 17.7221088409, 0.673256635666, -17.5242156982], [-54.2520523071, -21.3435134888, 2.55553913116, -36.6219100952, -18.9877223969, 0.585622727871, 44.2845802307, 86.5365219116, 33.4296226501, -3.02476739883, 6.192964077, 4.1979842186, 7.96517038345], [-1.75688993931, -19.4707317352, -41.205821991, -10.8696641922, 18.4204807281, -4.39026403427, -29.17395401, 33.4296226501, 88.2491760254, 37.5438842773, -2.58252763748, 2.39963150024, 11.7570505142], [17.7631759644, -25.5058574677, -64.8662490845, -28.3974533081, -4.19697380066, 17.5362129211, 17.0997467041, -3.02476739883, 37.5438842773, 74.8758163452, 27.244556427, -5.55626630783, -3.86678385735], [-42.1687889099, -34.6222839355, -20.0037784576, -19.7391757965, -0.610377430916, 17.6658420563, 17.7221088409, 6.192964077, -2.58252763748, 27.244556427, 61.6818466187, 23.91132164, -7.60517597198], [14.597776413, -21.9001331329, -34.0157279968, 10.1107654572, 3.63702011108, -5.45711612701, 0.673256635666, 4.1979842186, 2.39963150024, -5.55626630783, 23.91132164, 62.6600151062, 28.4496173859], [-22.9144592285, -25.2472381592, -12.0625991821, 12.1307086945, 12.1510715485, -15.1868028641, -17.5242156982, 7.96517038345, 11.7570505142, -3.86678385735, -7.60517597198, 28.4496173859, 63.7322654724]],
        "icov": [[0.00947571638972, -0.0137052414939, 0.0119729796425, -0.0087608397007, 0.00700128776953, -0.00321080721915, 0.00141161994543, -0.000961839221418, 0.000670298119076, 0.000451597559731, 0.000395558221499, 2.44524908339e-05, 0.000259738211753], [-0.0137052414939, 0.0234942194074, -0.0168176181614, 0.0146185979247, -0.00979383010417, 0.00757067091763, -0.00241669267416, 0.00335783418268, -0.00146762758959, 0.00121020199731, 0.000575436919462, 0.000309251161525, 0.00127586966846], [0.0119729796425, -0.0168176181614, 0.0178037900478, -0.0139872953296, 0.0148716727272, -0.0104695642367, 0.00965926237404, -0.00722587946802, 0.00586832873523, -0.00118508888409, 0.00180246424861, 0.000507588149048, 0.000737503985874], [-0.0087608397007, 0.0146185979247, -0.0139872953296, 0.0205839537084, -0.0190445128828, 0.0180405452847, -0.0139867961407, 0.0135199520737, -0.00827139616013, 0.00555832963437, -0.000712182722054, -0.00109682849143, 0.000737922498956], [0.00700128776953, -0.00979383010417, 0.0148716727272, -0.0190445128828, 0.0332964472473, -0.0281183868647, 0.0273603089154, -0.0181461460888, 0.0124303055927, -0.00495306635275, 0.00245556002483, 0.00125233083963, -0.00104001234286], [-0.00321080721915, 0.00757067091763, -0.0104695642367, 0.0180405452847, -0.0281183868647, 0.0378296077251, -0.0328407026827, 0.0263691116124, -0.0194681100547, 0.0115754101425, -0.00649273162708, 0.00207558460534, 0.00107145681977], [0.00141161994543, -0.00241669267416, 0.00965926237404, -0.0139867961407, 0.0273603089154, -0.0328407026827, 0.0417291037738, -0.0341380834579, 0.0297694746405, -0.019115101546, 0.0115857226774, -0.00527532584965, 0.00382502726279], [-0.000961839221418, 0.00335783418268, -0.00722587946802, 0.0135199520737, -0.0181461460888, 0.0263691116124, -0.0341380834579, 0.0479017496109, -0.03740260005, 0.0285487547517, -0.0182296652347, 0.00964276399463, -0.00643475074321], [0.000670298119076, -0.00146762758959, 0.00586832873523, -0.00827139616013, 0.0124303055927, -0.0194681100547, 0.0297694746405, -0.03740260005, 0.0483230240643, -0.0349170863628, 0.022747470066, -0.0124809956178, 0.00544874835759], [0.000451597559731, 0.00121020199731, -0.00118508888409, 0.00555832963437, -0.00495306635275, 0.0115754101425, -0.019115101546, 0.0285487547517, -0.0349170863628, 0.0459485352039, -0.0281288716942, 0.0181372873485, -0.00798563472927], [0.000395558221499, 0.000575436919462, 0.00180246424861, -0.000712182722054, 0.00245556002483, -0.00649273162708, 0.0115857226774, -0.0182296652347, 0.022747470066, -0.0281288716942, 0.0421161018312, -0.024328738451, 0.0142784463242], [2.44524908339e-05, 0.000309251161525, 0.000507588149048, -0.00109682849143, 0.00125233083963, 0.00207558460534, -0.00527532584965, 0.00964276399463, -0.0124809956178, 0.0181372873485, -0.024328738451, 0.0352023914456, -0.0171780791134], [0.000259738211753, 0.00127586966846, 0.000737503985874, 0.000737922498956, -0.00104001234286, 0.00107145681977, 0.00382502726279, -0.00643475074321, 0.00544874835759, -0.00798563472927, 0.0142784463242, -0.0171780791134, 0.0264805015177]]
    },
    "spectral_contrast_coeffs": {
        "max": [-0.322959303856, -0.391395449638, -0.430063486099, -0.534020245075, -0.605474829674, -0.779949963093],
        "mean": [-0.641340494156, -0.744158983231, -0.701382577419, -0.747689902782, -0.75663536787, -0.851463198662],
        "min": [-0.890604436398, -0.920380711555, -0.91485708952, -0.911441266537, -0.898350119591, -0.905932486057],
        "stdev": [0.0932299047709, 0.0845850929618, 0.0947958156466, 0.0711795538664, 0.0509925298393, 0.0196067932993]
    },
    "spectral_contrast_valleys": {
        "max": [-6.50136232376, -4.74484157562, -5.23761367798, -5.92567777634, -7.31916332245, -10.1610851288],
        "mean": [-7.9604434967, -6.56054973602, -7.04725408554, -7.50331783295, -8.7414598465, -11.4542999268],
        "min": [-9.8501329422, -9.51008796692, -10.7612123489, -10.6321840286, -11.324007988, -12.9276599884],
        "stdev": [0.563015758991, 0.797859311104, 0.818612754345, 0.799462914467, 0.599244475365, 0.114779531956]
    }
},
"rhythm": {
    "beats_count": 81,
    "beats_loudness": {
        "max": 0.0787689238787,
        "mean": 0.0331253409386,
        "min": 7.02920151525e-05,
        "stdev": 0.0159432440996
    },
    "bpm": 151.698547363,
    "bpm_histogram_first_peak_bpm": 152,
    "bpm_histogram_first_peak_weight": 0.413043439388,
    "bpm_histogram_second_peak_bpm": 157,
    "bpm_histogram_second_peak_spread": 0.363636374474,
    "bpm_histogram_second_peak_weight": 0.17499999702,
    "danceability": 1.28570818901,
    "onset_rate": 2.49169898033,
    "beats_loudness_band_ratio": {
        "max": [0.233836382627, 0.972008347511, 0.833273947239, 0.968211770058, 0.418938845396, 0.0580386407673],
        "mean": [0.0219358876348, 0.182329908013, 0.302152663469, 0.420391827822, 0.115556001663, 0.00366878439672],
        "min": [0.00129155197646, 0.00306297536008, 0.00875811558217, 0.00249494682066, 0.00148732238449, 0.000241810339503],
        "stdev": [0.0329134464264, 0.197296097875, 0.197905942798, 0.227746456861, 0.0922600924969, 0.00653207814321]
    },
