{
"metadata": {
    "version": {
        "essentia": "2.1-beta5",
        "essentia_git_sha": "Undefined",
        "extractor": "music 2.0"
    },
    "audio_properties": {
        "analysis": {
            "equal_loudness": 0,
            "length": 48.7502937317,
            "sample_rate": 44100,
            "start_time": 29.0017242432,
            "downmix": "mix"
        },
        "bit_rate": 192000,
        "length": 284.76953125,
        "lossless": 0,
        "number_channels": 2,
        "replay_gain": 1.95609474182,
        "sample_rate": 44100,
        "codec": "mp3",
        "md5_encoded": "64da2ecdf41477555633f5de0f7d2fe3"
    },
    "tags": {
        "file_name": "Germany_Bonne Nuit, Ma Chérie!_Wyn Hoop.mp3",
        "encoding": ["Lavf58.29.100"]
    }
},
"lowlevel": {
    "average_loudness": 0.958508729935,
    "barkbands_crest": {
        "max": 26.0959453583,
        "mean": 10.4417381287,
        "min": 3.26529049873,
        "stdev": 4.21233797073
    },
    "barkbands_flatness_db": {
        "max": 0.414589494467,
        "mean": 0.231613516808,
        "min": 0.0490891672671,
        "stdev": 0.0588802844286
    },
    "barkbands_kurtosis": {
        "max": 143.930267334,
        "mean": 7.82316446304,
        "min": -1.63446176052,
        "stdev": 14.4043178558
    },
    "barkbands_skewness": {
        "max": 8.89412498474,
        "mean": 1.44738602638,
        "min": -6.63283252716,
        "stdev": 1.55953729153
    },
    "barkbands_spread": {
        "max": 46.955493927,
        "mean": 8.26533794403,
        "min": 0.48354524374,
        "stdev": 5.30265903473
    },
    "dissonance": {
        "max": 0.500000059605,
        "mean": 0.416809111834,
        "min": 0.107178501785,
        "stdev": 0.056968960911
    },
    "dynamic_complexity": 3.06192779541,
    "erbbands_crest": {
        "max": 34.3662414551,
        "mean": 11.978061676,
        "min": 2.98509263992,
        "stdev": 5.61319732666
    },
    "erbbands_flatness_db": {
        "max": 0.486549854279,
        "mean": 0.265551030636,
        "min": 0.0766753256321,
        "stdev": 0.0495811142027
    },
    "erbbands_kurtosis": {
        "max": 100.724754333,
        "mean": 3.28622031212,
        "min": -1.82828748226,
        "stdev": 9.31087970734
    },
    "erbbands_skewness": {
        "max": 6.40838527679,
        "mean": 0.639006972313,
        "min": -6.52939748764,
        "stdev": 1.198092103
    },
    "erbbands_spread": {
        "max": 65.6111679077,
        "mean": 17.6943912506,
        "min": 0.355115950108,
        "stdev": 9.82945156097
    },
    "hfc": {
        "max": 112.842948914,
        "mean": 16.4412651062,
        "min": 0.0551233552396,
        "stdev": 14.7358846664
    },
    "loudness_ebu128": {
        "integrated": -25.9520187378,
        "loudness_range": 3.60264778137,
        "momentary": {
            "max": -21.4046268463,
            "mean": -26.9128189087,
            "min": -52.0630264282,
            "stdev": 3.85879969597
        },
        "short_term": {
            "max": -24.2483692169,
            "mean": -26.2426624298,
            "min": -29.482749939,
            "stdev": 1.17175900936
        }
    },
    "melbands_crest": {
        "max": 34.3830337524,
        "mean": 13.0667982101,
        "min": 4.18800544739,
        "stdev": 5.12713479996
    },
    "melbands_flatness_db": {
        "max": 0.506136119366,
        "mean": 0.299434632063,
        "min": 0.105738379061,
        "stdev": 0.0693719536066
    },
    "melbands_kurtosis": {
        "max": 135.295028687,
        "mean": 8.05359840393,
        "min": -1.76354444027,
        "stdev": 11.8858537674
    },
    "melbands_skewness": {
        "max": 8.82447433472,
        "mean": 1.57553994656,
        "min": -6.46954917908,
        "stdev": 1.42661857605
    },
    "melbands_spread": {
        "max": 39.791431427,
        "mean": 12.275554657,
        "min": 0.990576684475,
        "stdev": 7.34159564972
    },
    "pitch_salience": {
        "max": 0.851394295692,
        "mean": 0.590577304363,
        "min": 0.0648203194141,
        "stdev": 0.121066868305
    },
    "silence_rate_20dB": {
        "max": 1,
        "mean": 1,
        "min": 1,
        "stdev": 0
    },
    "silence_rate_30dB": {
        "max": 1,
        "mean": 1,
        "min": 1,
        "stdev": 0
    },
    "silence_rate_60dB": {
        "max": 1,
        "mean": 0.0604474060237,
        "min": 0,
        "stdev": 0.238314807415
    },
    "spectral_centroid": {
        "max": 2550.91943359,
        "mean": 724.38684082,
        "min": 214.884887695,
        "stdev": 334.020172119
    },
    "spectral_complexity": {
        "max": 37,
        "mean": 13.5663967133,
        "min": 0,
        "stdev": 6.9432682991
    },
    "spectral_decrease": {
        "max": -9.32638341555e-12,
        "mean": -6.70704691785e-09,
        "min": -2.75114295789e-08,
        "stdev": 4.5366932433e-09
    },
    "spectral_energy": {
        "max": 0.106204546988,
        "mean": 0.026805177331,
        "min": 4.08549749409e-05,
        "stdev": 0.0181307196617
    },
    "spectral_energyband_high": {
        "max": 0.000216255080886,
        "mean": 1.16284700198e-05,
        "min": 1.10138455511e-06,
        "stdev": 1.54021090566e-05
    },
    "spectral_energyband_low": {
        "max": 0.0390421636403,
        "mean": 0.00212654867209,
        "min": 4.20719516114e-06,
        "stdev": 0.00438751559705
    },
    "spectral_energyband_middle_high": {
        "max": 0.104420609772,
        "mean": 0.00698407646269,
        "min": 5.97852613282e-06,
        "stdev": 0.0108093246818
    },
    "spectral_energyband_middle_low": {
        "max": 0.105671390891,
        "mean": 0.0194740109146,
        "min": 1.9239163521e-05,
        "stdev": 0.0154838981107
    },
    "spectral_entropy": {
        "max": 8.30063438416,
        "mean": 6.61276245117,
        "min": 4.71896505356,
        "stdev": 0.556949079037
    },
    "spectral_flux": {
        "max": 0.257561385632,
        "mean": 0.0711805075407,
        "min": 0.00377847952768,
        "stdev": 0.0396516360343
    },
    "spectral_kurtosis": {
        "max": 53.8163375854,
        "mean": 19.742351532,
        "min": 1.49399805069,
        "stdev": 8.25430011749
    },
    "spectral_rms": {
        "max": 0.0101791052148,
        "mean": 0.00474829226732,
        "min": 0.000199645975954,
        "stdev": 0.00189871445764
    },
    "spectral_rolloff": {
        "max": 3531.4453125,
        "mean": 927.13873291,
        "min": 193.798828125,
        "stdev": 481.24520874
    },
    "spectral_skewness": {
        "max": 5.70678520203,
        "mean": 3.25521492958,
        "min": 0.655636906624,
        "stdev": 0.800515949726
    },
    "spectral_spread": {
        "max": 8287864.5,
        "mean": 2402768.25,
        "min": 1329852.875,
        "stdev": 984854.4375
    },
    "spectral_strongpeak": {
        "max": 14.0041675568,
        "mean": 1.60549557209,
        "min": 0,
        "stdev": 1.69183552265
    },
    "zerocrossingrate": {
        "max": 0.1357421875,
        "mean": 0.0351041927934,
        "min": 0.0068359375,
        "stdev": 0.0161811560392
    },
    "barkbands": {
        "max": [0.000191642262507, 0.000896870507859, 0.0211604293436, 0.0502151288092, 0.0370599217713, 0.050189755857, 0.0605288371444, 0.0668845027685, 0.0310586150736, 0.0468805134296, 0.0842080414295, 0.0850768610835, 0.0278854127973, 0.0347333475947, 0.0068277977407, 0.00485187955201, 0.00428949575871, 0.00144177500624, 0.000753331289161, 0.000318470294587, 0.000138257135404, 1.11497838589e-05, 2.08463848139e-06, 2.51859432865e-06, 4.17769297201e-06, 2.17857041207e-06, 1.92168045032e-06],
        "mean": [5.86377291256e-06, 4.30407308158e-05, 0.000710825901479, 0.00299520604312, 0.00417865719646, 0.00454438710585, 0.00280053634197, 0.00280360528268, 0.00132567703258, 0.00166338996496, 0.00124302157201, 0.00174969760701, 0.000762614188716, 0.000916378223337, 0.000374696101062, 0.000263757741777, 0.000247042393312, 0.000110311651952, 4.78583278891e-05, 1.08378098957e-05, 2.48178548645e-06, 7.90147453245e-07, 6.4091676677e-07, 1.12334964797e-06, 2.19032676796e-06, 5.77505204546e-07, 2.99466607068e-09],
        "min": [2.79201817222e-08, 2.3915842462e-07, 1.37790948429e-07, 2.25210271765e-07, 2.35082416111e-06, 1.04759192254e-06, 6.43241776288e-07, 6.24752203748e-07, 8.52447044508e-07, 4.38868255515e-07, 3.54895121291e-07, 3.12245447276e-07, 3.17152881735e-07, 5.32165529421e-07, 1.7683329645e-07, 3.07148980028e-07, 1.9729375822e-07, 1.98030534193e-07, 1.95945105474e-07, 2.31359408076e-07, 1.66085129649e-07, 1.56881114322e-07, 1.10788377583e-07, 1.2259341986e-07, 1.66898075804e-07, 1.19611812011e-07, 2.97998209442e-10],
        "stdev": [6.12640496911e-06, 7.53815256758e-05, 0.00199902895838, 0.00576524296775, 0.00457458756864, 0.0059749330394, 0.00550695136189, 0.00595129281282, 0.0025501078926, 0.00347812427208, 0.00482211029157, 0.0055228206329, 0.00206415797584, 0.00242713978514, 0.000711664266419, 0.000541139161214, 0.000464814045699, 0.000179021473741, 8.13599763205e-05, 2.31967405853e-05, 7.71218856244e-06, 5.97844120875e-07, 1.58859549515e-07, 2.33574922959e-07, 3.90231548408e-07, 1.30472855631e-07, 4.21762287317e-08]
    },
    "erbbands": {
        "max": [0.0194033998996, 0.281813561916, 12.7185306549, 72.9688186646, 146.355560303, 135.784988403, 406.510253906, 555.659606934, 922.932006836, 1056.22888184, 1863.75402832, 799.704406738, 1233.87878418, 1104.72668457, 3860.85693359, 1225.30773926, 1261.7689209, 1418.08813477, 633.738769531, 281.199798584, 189.413742065, 174.736022949, 106.617149353, 55.4437332153, 25.733291626, 14.6849269867, 5.92166376114, 4.02701854706, 0.514027655125, 0.091987028718, 0.0690856128931, 0.0571798495948, 0.0464706383646, 0.045877430588, 0.030266199261, 0.0139848208055, 0.00394123885781, 0.00121437059715, 0.000277713610558, 0.000126409184304],
        "mean": [0.0010184753919, 0.0191237237304, 0.527989149094, 5.99901437759, 12.3020095825, 11.978014946, 28.0658855438, 36.4151153564, 44.1630134583, 40.0137176514, 64.6382064819, 33.0596542358, 57.2380752563, 35.5734519958, 67.1262512207, 68.5842819214, 38.7640304565, 48.6149635315, 28.8207492828, 17.3485164642, 14.5027160645, 11.9211835861, 6.4541144371, 4.06229686737, 1.41160190105, 0.534146845341, 0.168495878577, 0.0665558576584, 0.0274131800979, 0.0245418716222, 0.019051713869, 0.0199558604509, 0.0216000452638, 0.0234142914414, 0.0154666220769, 0.00469585321844, 0.000625299639069, 2.82798428088e-05, 1.44471887324e-05, 3.08226772177e-05],
        "min": [1.86490469787e-05, 4.18278832512e-05, 0.000432958011515, 0.00124616350513, 0.00567254098132, 0.00762664992362, 0.00499256374314, 0.0101075898856, 0.0136335557327, 0.0113889183849, 0.0221887081861, 0.0269576944411, 0.013279709965, 0.0178232192993, 0.0155639341101, 0.0172097533941, 0.0166548602283, 0.0303133446723, 0.0152685241774, 0.0229568444192, 0.0122822895646, 0.0151456454769, 0.0144258392975, 0.0110040875152, 0.0094794947654, 0.0112829366699, 0.00674027390778, 0.00755733205006, 0.00631551723927, 0.00382110476494, 0.00268703233451, 0.00317041366361, 0.00164089316968, 0.00202267733403, 0.00110142293852, 0.000553226971533, 0.000210833051824, 1.03705669972e-05, 4.97500366237e-07, 1.16893168922e-07],
        "stdev": [0.00127257616259, 0.0294118672609, 1.24621915817, 10.9527416229, 18.9626083374, 14.5837345123, 41.8143196106, 57.5059051514, 77.8714294434, 75.5244140625, 150.243682861, 64.0613327026, 115.262901306, 80.4045791626, 286.289367676, 145.316741943, 90.3591079712, 106.241386414, 55.8208198547, 30.9279747009, 25.0843276978, 20.2002811432, 10.2451820374, 6.32372379303, 2.66193079948, 1.07542610168, 0.444413393736, 0.193686500192, 0.028493097052, 0.00762644223869, 0.00479071587324, 0.00467201322317, 0.00467727240175, 0.00483664916828, 0.00308815250173, 0.000940907455515, 0.000168737358763, 3.12858755933e-05, 1.08787717181e-05, 2.08248820854e-05]
    },
    "gfcc": {
        "mean": [-77.090927124, 146.933120728, -133.84223938, -20.7707920074, -55.4537391663, -8.85366916656, -66.037727356, 3.78931331635, -35.1800460815, -10.4528160095, -12.1002073288, -10.1805105209, -8.77862262726],
        "cov": [[2162.81274414, 666.309570312, -1027.01062012, -611.348571777, 315.917205811, -248.328918457, 159.597259521, 38.0016288757, 90.2135772705, -75.997833252, 142.99307251, -130.458145142, 59.8258743286], [666.309570312, 420.488250732, 37.8192214966, -151.389266968, 63.7746582031, -112.902542114, -31.755487442, -36.9479866028, 46.7423095703, -91.9163208008, 23.8991107941, -58.2549552917, -25.653837204], [-1027.01062012, 37.8192214966, 1326.31713867, 548.29876709, -182.506607056, -54.3482780457, -254.160476685, -143.100891113, 10.2485818863, -83.2198181152, -109.737174988, 21.5946445465, -81.4975967407], [-611.348571777, -151.389266968, 548.29876709, 525.280090332, -0.940121650696, -79.9943389893, -138.568130493, -35.7212028503, -3.27551460266, 24.5036621094, -88.5685882568, -5.61095952988, -1.08630132675], [315.917205811, 63.7746582031, -182.506607056, -0.940121650696, 191.30770874, 7.14014482498, -23.1658420563, -33.5641098022, 23.0053958893, 12.4501457214, 16.1172580719, -28.7263698578, 24.2028675079], [-248.328918457, -112.902542114, -54.3482780457, -79.9943389893, 7.14014482498, 265.078796387, 91.2573852539, -47.2259712219, -67.0011749268, 43.2309494019, 8.98504257202, 38.0848312378, 10.4645271301], [159.597259521, -31.755487442, -254.160476685, -138.568130493, -23.1658420563, 91.2573852539, 210.785003662, 85.8662490845, -44.4342269897, -2.61015701294, 26.4712409973, 12.168255806, 5.68847608566], [38.0016288757, -36.9479866028, -143.100891113, -35.7212028503, -33.5641098022, -47.2259712219, 85.8662490845, 174.502441406, 41.7153587341, -28.785654068, -11.3075027466, -7.96614599228, -39.9727745056], [90.2135772705, 46.7423095703, 10.2485818863, -3.27551460266, 23.0053958893, -67.0011749268, -44.4342269897, 41.7153587341, 99.9389648438, 20.8237762451, -3.77954792976, -31.5771312714, -24.2988510132], [-75.997833252, -91.9163208008, -83.2198181152, 24.5036621094, 12.4501457214, 43.2309494019, -2.61015701294, -28.785654068, 20.8237762451, 121.655563354, 26.6634979248, -6.86489677429, 16.0374965668], [142.99307251, 23.8991107941, -109.737174988, -88.5685882568, 16.1172580719, 8.98504257202, 26.4712409973, -11.3075027466, -3.77954792976, 26.6634979248, 83.487701416, 37.4690246582, 5.20493507385], [-130.458145142, -58.2549552917, 21.5946445465, -5.61095952988, -28.7263698578, 38.0848312378, 12.168255806, -7.96614599228, -31.5771312714, -6.86489677429, 37.4690246582, 94.8740539551, 43.3178634644], [59.8258743286, -25.653837204, -81.4975967407, -1.08630132675, 24.2028675079, 10.4645271301, 5.68847608566, -39.9727745056, -24.2988510132, 16.0374965668, 5.20493507385, 43.3178634644, 106.112068176]],
        "icov": [[0.0213811844587, -0.0244582723826, 0.013369823806, 0.000790915859398, -0.0115710925311, 0.0189336873591, -0.0213469192386, 0.0171358138323, -0.0113656409085, 0.00640505645424, -0.00694898283109, 0.00620440999046, -0.0050823232159], [-0.0244582723826, 0.0366183109581, -0.0200592335314, 0.00649629347026, 0.006180702243, -0.0157813858241, 0.0215591602027, -0.0189911611378, 0.0145171256736, -0.00628692936152, 0.00652512954548, -0.00241312920116, 0.00407913932577], [0.013369823806, -0.0200592335314, 0.0211397483945, -0.0172839015722, 0.0114130852744, -7.30493457013e-06, -0.0113663077354, 0.0238907616585, -0.0268332976848, 0.0235831029713, -0.0144568700343, 0.00599144864827, -0.00076741934754], [0.000790915859398, 0.00649629347026, -0.0172839015722, 0.0292514823377, -0.0287075601518, 0.0208821967244, -0.00324808829464, -0.0163017846644, 0.0296962205321, -0.0313399285078, 0.0225174464285, -0.00889962445945, 0.000736561836675], [-0.0115710925311, 0.006180702243, 0.0114130852744, -0.0287075601518, 0.0428119711578, -0.0325912572443, 0.0170903485268, 0.00827787350863, -0.0263030063361, 0.0309375952929, -0.0225643254817, 0.0115154599771, -0.00215205550194], [0.0189336873591, -0.0157813858241, -7.30493457013e-06, 0.0208821967244, -0.0325912572443, 0.0406283996999, -0.0284821912646, 0.0112042147666, 0.0108356801793, -0.0204032566398, 0.018379881978, -0.0109732914716, 0.00403559533879], [-0.0213469192386, 0.0215591602027, -0.0113663077354, -0.00324808829464, 0.0170903485268, -0.0284821912646, 0.039001904428, -0.030111161992, 0.0183773990721, -0.00366265419871, -0.00438899034634, 0.00421152869239, -0.00278058159165], [0.0171358138323, -0.0189911611378, 0.0238907616585, -0.0163017846644, 0.00827787350863, 0.0112042147666, -0.030111161992, 0.0503090210259, -0.0434579513967, 0.0305137373507, -0.00796873681247, -0.00105827930383, 0.00776188354939], [-0.0113656409085, 0.0145171256736, -0.0268332976848, 0.0296962205321, -0.0263030063361, 0.0108356801793, 0.0183773990721, -0.0434579513967, 0.0654107257724, -0.0497273765504, 0.0274046193808, -0.0111380033195, 0.00288446061313], [0.00640505645424, -0.00628692936152, 0.0235831029713, -0.0313399285078, 0.0309375952929, -0.0204032566398, -0.00366265419871, 0.0305137373507, -0.0497273765504, 0.0624816864729, -0.044385496527, 0.0289037097245, -0.011145349592], [-0.00694898283109, 0.00652512954548, -0.0144568700343, 0.0225174464285, -0.0225643254817, 0.018379881978, -0.00438899034634, -0.00796873681247, 0.0274046193808, -0.044385496527, 0.0638680905104, -0.0453026629984, 0.0235347505659], [0.00620440999046, -0.00241312920116, 0.00599144864827, -0.00889962445945, 0.0115154599771, -0.0109732914716, 0.00421152869239, -0.00105827930383, -0.0111380033195, 0.0289037097245, -0.0453026629984, 0.0518397130072, -0.0275989118963], [-0.0050823232159, 0.00407913932577, -0.00076741934754, 0.000736561836675, -0.00215205550194, 0.00403559533879, -0.00278058159165, 0.00776188354939, 0.00288446061313, -0.011145349592, 0.0235347505659, -0.0275989118963, 0.0283168125898]]
    },
    "melbands": {
        "max": [0.000201991002541, 0.00575121119618, 0.0167730282992, 0.00698046758771, 0.0111238332465, 0.0114584742114, 0.0123586840928, 0.0102480528876, 0.0146341584623, 0.00485593173653, 0.00637499755248, 0.00445409212261, 0.0132255433127, 0.0100884381682, 0.00277515174821, 0.00371294468641, 0.00333494856022, 0.00169369508512, 0.000561756954994, 0.000472201936645, 0.000295089150313, 0.000214604704524, 0.000124569589389, 6.42886152491e-05, 4.53643297078e-05, 3.26204426528e-05, 1.49755896928e-05, 8.80587322172e-06, 4.54230666946e-06, 4.14569649365e-06, 1.59768626418e-06, 3.22815736808e-07, 7.3687914437e-08, 4.2894594543e-08, 4.23053982956e-08, 3.24113500483e-08, 3.60894318874e-08, 2.97806774796e-08, 3.72811399529e-08, 4.6365883577e-08],
        "mean": [1.01834402813e-05, 0.000252868077951, 0.0012465986656, 0.00082478026161, 0.000899010687135, 0.000851761491504, 0.00065326038748, 0.000450404448202, 0.00048614264233, 0.000197731103981, 0.000285321875708, 0.00013678430696, 0.00019899813924, 0.000203747549676, 0.000114001690235, 8.55574617162e-05, 9.41507387324e-05, 5.1526036259e-05, 2.35443130805e-05, 2.37409167312e-05, 1.61261923495e-05, 1.45645608427e-05, 7.0068945206e-06, 4.61948229713e-06, 3.19952687278e-06, 1.32427726385e-06, 5.33213039944e-07, 2.98819998079e-07, 1.12924190887e-07, 6.23177314196e-08, 2.82220913306e-08, 1.5031531575e-08, 1.42195357711e-08, 1.25855974531e-08, 1.05271702466e-08, 1.10867217629e-08, 1.26321975102e-08, 1.40689291328e-08, 1.73469540954e-08, 2.11029416164e-08],
        "min": [1.62419595995e-07, 3.60122072607e-07, 2.82539900809e-07, 8.3935509565e-07, 1.93877852439e-07, 2.4003347221e-07, 1.88971952753e-07, 1.29370590685e-07, 1.90791752175e-07, 1.1970175251e-07, 4.44836025792e-08, 6.24517397796e-08, 5.22905914124e-08, 3.81970224339e-08, 4.39037819433e-08, 3.368246837e-08, 5.17335791983e-08, 2.33949215556e-08, 1.73609517873e-08, 2.36968151768e-08, 8.92064999647e-09, 1.36895712544e-08, 1.40765692436e-08, 8.49705639183e-09, 7.93888421668e-09, 7.26449167487e-09, 5.09181941055e-09, 5.10703568324e-09, 3.92184151821e-09, 4.04440969604e-09, 3.60508711772e-09, 2.80022027788e-09, 2.15902873357e-09, 2.17870477215e-09, 1.47299505926e-09, 1.73079039989e-09, 2.04341832344e-09, 1.1423018087e-09, 1.10111431084e-09, 1.88346827024e-09],
        "stdev": [1.51171980178e-05, 0.000570827687625, 0.00199830462225, 0.000947051914409, 0.00125134317204, 0.00123011087999, 0.00117115431931, 0.000817994005047, 0.00114599987864, 0.00040297061787, 0.000587816990446, 0.000326069450239, 0.000866180285811, 0.000652695831377, 0.000238968990743, 0.000261785229668, 0.000237721105805, 0.000118805131933, 4.60297342215e-05, 5.06608157593e-05, 3.07695408992e-05, 2.65956714429e-05, 1.22048259072e-05, 7.38777589504e-06, 5.20513685842e-06, 2.69217593996e-06, 1.1574625205e-06, 6.32504907117e-07, 3.12973497785e-07, 2.03528472298e-07, 7.85408431625e-08, 1.64072027076e-08, 5.9628089133e-09, 3.8163237015e-09, 3.08926484394e-09, 3.01346392284e-09, 3.43272943404e-09, 3.5381872987e-09, 4.35963798395e-09, 5.04863839623e-09]
    },
    "melbands128": {
        "max": [6.64074104861e-05, 8.69651266839e-05, 0.000341557402862, 0.000607659167144, 0.00237310281955, 0.0141886547208, 0.0185735225677, 0.0321199893951, 0.0180132500827, 0.00869332347065, 0.00990316085517, 0.0173713378608, 0.0193769354373, 0.0159063320607, 0.0186908114702, 0.0226917900145, 0.0241778418422, 0.0212833601981, 0.021371550858, 0.0199477598071, 0.0150634758174, 0.0238120369613, 0.0261092558503, 0.00862668268383, 0.00826168153435, 0.00635730847716, 0.00789033807814, 0.0119226258248, 0.0167744141072, 0.00470404792577, 0.00853917002678, 0.00449462607503, 0.0258248522878, 0.024038374424, 0.0238794237375, 0.00596373481676, 0.00787062291056, 0.00607862183824, 0.00286764279008, 0.00468511553481, 0.00545232836157, 0.00169370602816, 0.00199790182523, 0.00965961813927, 0.00333467056043, 0.000780628819484, 0.00132319447584, 0.00120716216043, 0.00066320062615, 0.000448122096714, 0.000816684507299, 0.000607054156717, 0.000357253738912, 0.000735818583053, 0.000514532672241, 0.000414928334067, 0.000347293942468, 0.000224151153816, 0.000148976614582, 0.000150990250404, 0.000100612254755, 7.68373647588e-05, 0.000102273777884, 7.80625268817e-05, 5.40892069694e-05, 6.7398250394e-05, 2.44969560299e-05, 2.34232848015e-05, 1.72962991201e-05, 1.27227222038e-05, 1.38732084451e-05, 7.11947132004e-06, 6.35160222373e-06, 6.64798335492e-06, 4.88772730023e-06, 4.82165478388e-06, 4.21624781666e-06, 2.90117782242e-06, 1.29462694076e-06, 9.63766979112e-07, 3.85782755075e-07, 2.04509476021e-07, 1.31036301809e-07, 1.11145148196e-07, 7.39714849374e-08, 4.57773197127e-08, 5.59985977588e-08, 4.87837077401e-08, 4.72576822119e-08, 4.75550336887e-08, 3.01188691765e-08, 3.58619693941e-08, 4.0714621008e-08, 4.24810266964e-08, 5.04419048752e-08, 3.45307178407e-08, 4.6813742216e-08, 3.99381150373e-08, 4.76347601364e-08, 5.28407042566e-08, 5.17993150595e-08, 6.09104731097e-08, 5.8419622917e-08, 6.12908266362e-08, 4.16441530149e-08, 4.38505338707e-08, 3.44508492844e-08, 2.6451314028e-08, 4.52040538335e-08, 3.19935580251e-08, 1.9072162516e-08, 1.37900020292e-08, 1.32213777704e-08, 1.09514051161e-08, 1.00749026899e-08, 9.71838165498e-09, 9.31929378112e-09, 9.02209951192e-09, 8.73975292137e-09, 8.51923598333e-09, 8.32327717859e-09, 8.12464051592e-09, 7.92485810308e-09, 7.74003350301e-09, 7.68699148779e-09, 7.66456320633e-09, 7.507415134e-09, 7.44435313393e-09],
        "mean": [4.06826256949e-06, 5.10353129357e-06, 1.20723670989e-05, 2.10224843613e-05, 6.89978114679e-05, 0.000465319229988, 0.00117209495511, 0.00157216924708, 0.00133754650597, 0.000638796249405, 0.000560542452149, 0.000870934163686, 0.00108233396895, 0.000835679180454, 0.000744970340747, 0.000946565065533, 0.000890555267688, 0.000532842648681, 0.000466285739094, 0.000432643049862, 0.000393940659706, 0.000605263106991, 0.00064326566644, 0.000177286652615, 0.000152087101014, 0.000211853999645, 0.000245897012064, 0.0003827685141, 0.000231373094721, 0.000128047220642, 0.000120956094179, 0.000102241850982, 0.000204738491448, 0.000281879270915, 0.000185249082278, 0.000200539769139, 0.000211300881347, 0.000113784837595, 4.39734940301e-05, 8.24276503408e-05, 0.0001126852585, 5.60006192245e-05, 8.12151629361e-05, 0.000144843070302, 5.85108646192e-05, 3.78724471375e-05, 3.57476383215e-05, 1.87757377716e-05, 2.25975782087e-05, 1.94357289729e-05, 3.2624364394e-05, 1.70194125531e-05, 9.60375382419e-06, 1.96387463802e-05, 2.2247668312e-05, 1.44117148011e-05, 7.50928074922e-06, 6.82067411617e-06, 8.02529575594e-06, 5.04542276758e-06, 4.81466759084e-06, 2.96643929687e-06, 5.17991156812e-06, 2.56825683209e-06, 1.65158348864e-06, 1.51077165356e-06, 9.32305454171e-07, 5.79895242936e-07, 4.45350849532e-07, 4.9379156053e-07, 2.85361977603e-07, 2.44798911808e-07, 1.2780813563e-07, 1.00337111064e-07, 7.09410699073e-08, 7.08453811171e-08, 5.82017882778e-08, 3.7486270088e-08, 2.30729515494e-08, 1.94679667942e-08, 1.57175961135e-08, 1.33190729557e-08, 1.24191297246e-08, 1.16347615986e-08, 2.10576054371e-08, 1.15497726938e-08, 1.15278409041e-08, 9.65591251401e-09, 1.01392121366e-08, 1.17752962936e-08, 9.93563631368e-09, 1.14789466821e-08, 1.19346124094e-08, 1.08807576282e-08, 1.59310609149e-08, 1.19611449634e-08, 1.46812411117e-08, 1.48605181494e-08, 1.68955835989e-08, 1.94270395326e-08, 1.748877132e-08, 2.28269279035e-08, 2.24940386317e-08, 2.25589360525e-08, 1.71533400817e-08, 1.54478847492e-08, 1.33034268046e-08, 1.0088538005e-08, 8.42789305011e-09, 4.78146322536e-09, 3.42147066235e-09, 2.23157625712e-09, 1.50088197426e-09, 9.07093122837e-10, 2.070823929e-10, 4.64282362556e-11, 3.90844336062e-11, 1.02391246523e-11, 9.92687355927e-12, 9.75320779001e-12, 9.5725155233e-12, 9.42045920438e-12, 9.2041261765e-12, 9.00150700506e-12, 8.9656233826e-12, 8.94562115356e-12, 8.84478081054e-12, 8.75114824356e-12],
        "min": [1.41328886372e-08, 8.33098283692e-08, 4.48925305818e-08, 2.78979577217e-08, 4.61576696864e-08, 4.09348963615e-08, 5.97602962671e-08, 1.67480280311e-07, 2.6047382562e-07, 4.15310069002e-07, 1.56513237926e-07, 1.96522449869e-07, 8.15739014115e-08, 1.5538222442e-07, 6.77448497299e-08, 7.40692769341e-08, 2.08789458611e-07, 8.23189623134e-08, 7.85727536368e-08, 3.5487964567e-08, 5.51366632351e-08, 1.32056001689e-07, 9.83446284408e-08, 5.82261492355e-08, 3.02312628264e-08, 2.85701826641e-08, 8.71834959781e-09, 2.33298678154e-08, 4.08283469255e-08, 1.07705453445e-08, 3.33715739487e-08, 4.51338095786e-08, 3.05308098802e-08, 2.45138043198e-08, 1.17617560136e-08, 9.49728384825e-09, 2.09431192388e-08, 1.95566620675e-08, 9.83811698774e-09, 1.95582234852e-08, 1.63779603213e-08, 1.64920095358e-08, 2.22338911726e-08, 1.2821958606e-08, 1.58299009456e-08, 2.13830393392e-08, 1.15797069711e-08, 9.11057806974e-09, 5.46574607796e-09, 1.5929433772e-08, 1.12172990896e-08, 1.1608404904e-08, 6.10811445867e-09, 2.99733615705e-09, 6.26829343986e-09, 1.22396164315e-08, 7.25271753765e-09, 7.49410133949e-09, 6.55022436291e-09, 8.48546033438e-09, 5.70589975268e-09, 5.76006931041e-09, 3.42483597038e-09, 3.74940878345e-09, 6.09647354821e-09, 4.9821546888e-09, 2.7984681239e-09, 3.74653774671e-09, 2.80890133375e-09, 2.6767568162e-09, 2.80234546679e-09, 3.17868886768e-09, 1.35095601372e-09, 2.55209720024e-09, 2.60561794363e-09, 2.53895660052e-09, 1.44869571894e-09, 1.22084331533e-09, 1.79844850123e-09, 1.40591638331e-09, 1.54043466871e-09, 1.87720106126e-09, 1.5629612049e-09, 1.9239374538e-09, 1.61890034711e-09, 2.3969846108e-09, 2.30885977004e-09, 1.76689796128e-09, 1.565679697e-09, 7.36950445113e-10, 1.67987679323e-09, 1.70926484078e-09, 1.99645766585e-09, 2.27668373043e-09, 2.11360728919e-09, 1.28299060265e-09, 7.57074569702e-10, 1.1458237692e-09, 6.07156380728e-10, 1.12473719227e-09, 2.67922928288e-09, 1.70316127868e-09, 1.6687881077e-09, 1.02293185034e-09, 1.38819733486e-09, 1.25227550551e-09, 8.54841919473e-10, 7.69325270156e-10, 1.17898435459e-09, 9.44275879711e-10, 6.20173468135e-10, 5.84734038966e-10, 4.71670980051e-10, 1.45790740591e-10, 1.68658576688e-12, 7.15803555752e-13, 7.38237216583e-13, 6.76659520516e-13, 6.47370449348e-13, 7.82259023183e-13, 8.02605649042e-13, 7.96319715897e-13, 5.78944715519e-13, 7.12849213252e-13, 7.87227596478e-13, 8.94613213804e-13, 8.22909557337e-13, 7.82171365437e-13],
        "stdev": [3.28057058141e-06, 7.1920994742e-06, 2.08422625292e-05, 4.38593415311e-05, 0.000180768940481, 0.00132599007338, 0.00242715096101, 0.00326250679791, 0.00232374737971, 0.000983651843853, 0.000934200361371, 0.0014035361819, 0.0018892174121, 0.00153921020683, 0.00181271741167, 0.00186243536882, 0.001820176607, 0.00158134498633, 0.00157122954261, 0.00106904725544, 0.000975459290203, 0.00160455028526, 0.00185572833288, 0.000472452316899, 0.000515014049597, 0.000561527383979, 0.000594162440393, 0.000945985899307, 0.000812009733636, 0.000323085929267, 0.000530121847987, 0.00027683339431, 0.00136747187935, 0.00145546812564, 0.00140922504943, 0.000542856345419, 0.000542106921785, 0.0003770867188, 0.000156268812134, 0.000276492733974, 0.000438158924226, 0.000142855031299, 0.000174399887328, 0.000594406272285, 0.000222047237912, 8.55918624438e-05, 8.87776041054e-05, 6.06701396464e-05, 5.51901139261e-05, 4.00291755795e-05, 9.070491069e-05, 4.20758442488e-05, 2.29671932175e-05, 5.55978331249e-05, 5.31328369107e-05, 3.53055074811e-05, 1.71930150827e-05, 1.48990302478e-05, 1.70168659679e-05, 1.03042102637e-05, 9.78732077783e-06, 5.423861694e-06, 9.79746982921e-06, 5.21291349287e-06, 4.3107561396e-06, 4.06710205425e-06, 2.29786132877e-06, 1.73754040134e-06, 1.18385605674e-06, 1.2760840491e-06, 6.9607409614e-07, 5.9412769815e-07, 3.50086935441e-07, 3.64972265743e-07, 2.48939500125e-07, 2.37360936239e-07, 2.13942257687e-07, 1.34527724072e-07, 6.05923275998e-08, 3.80807136935e-08, 1.943389627e-08, 1.21372778494e-08, 9.11393538416e-09, 6.52123466338e-09, 9.60744994671e-09, 4.90047424861e-09, 5.5131406107e-09, 4.46699877088e-09, 4.1816572427e-09, 5.02462027541e-09, 4.14209377908e-09, 4.56404558591e-09, 4.67825111983e-09, 4.37788294505e-09, 6.63238086673e-09, 4.60442883821e-09, 5.45762102178e-09, 5.32026733779e-09, 5.89637494386e-09, 6.9366881128e-09, 6.20999829337e-09, 8.03216870793e-09, 7.16947345936e-09, 7.88747378522e-09, 5.66352875708e-09, 5.38259259386e-09, 4.44505943165e-09, 3.17849369047e-09, 2.97541524752e-09, 1.83356074768e-09, 1.22110987988e-09, 8.22700740866e-10, 6.7051475483e-10, 5.22974052952e-10, 3.51513235186e-10, 2.9404728652e-10, 2.39529618362e-10, 1.97438704275e-10, 1.91267224281e-10, 1.86436532879e-10, 1.82137513405e-10, 1.77784592603e-10, 1.73425690475e-10, 1.69388419957e-10, 1.68214567275e-10, 1.67702879361e-10, 1.64277480508e-10, 1.62914556845e-10]
    },
    "mfcc": {
        "mean": [-724.285888672, 195.008163452, -24.8496322632, -8.93566131592, 11.8963470459, -25.0576705933, -10.9833955765, -11.061706543, -15.4081840515, -13.2360868454, -6.43827486038, -9.16932487488, -7.27742958069],
        "cov": [[2634.41699219, 818.737243652, -1472.26916504, -387.447296143, -152.883087158, -256.942596436, 99.5774612427, -3.71147751808, 14.6404438019, 123.843002319, 59.6808052063, 16.7292766571, 8.42484664917], [818.737243652, 549.027160645, -174.246704102, -168.864517212, -0.378715515137, -101.417350769, -51.8604164124, 25.128162384, -52.1831169128, -27.2448863983, 32.9960517883, -6.95803785324, -23.1929779053], [-1472.26916504, -174.246704102, 1324.5345459, 410.541107178, 160.351028442, 104.094894409, -173.791549683, -17.5304870605, -59.3496589661, -152.905593872, -53.2247314453, -35.6480979919, -43.3636436462], [-387.447296143, -168.864517212, 410.541107178, 489.059814453, 173.423171997, -45.9897613525, -122.613822937, -60.1498031616, 16.802696228, -20.5188789368, -45.4726028442, -36.7694473267, -30.379283905], [-152.883087158, -0.378715515137, 160.351028442, 173.423171997, 241.225006104, 49.4355888367, -117.190406799, -60.9099807739, -25.4286975861, -16.945848465, -27.2094516754, -38.9393005371, -12.3876895905], [-256.942596436, -101.417350769, 104.094894409, -45.9897613525, 49.4355888367, 252.091964722, 83.1968765259, -78.3389053345, -21.9041366577, -12.9891300201, -56.1473846436, -14.297709465, 28.7304534912], [99.5774612427, -51.8604164124, -173.791549683, -122.613822937, -117.190406799, 83.1968765259, 189.748153687, 50.8930664062, 11.489487648, 7.08468723297, -15.9202156067, 19.83319664, 30.6741161346], [-3.71147751808, 25.128162384, -17.5304870605, -60.1498031616, -60.9099807739, -78.3389053345, 50.8930664062, 157.205871582, 34.5362854004, -27.8254547119, 21.8442192078, 24.0118465424, 4.23988008499], [14.6404438019, -52.1831169128, -59.3496589661, 16.802696228, -25.4286975861, -21.9041366577, 11.489487648, 34.5362854004, 84.4653701782, 43.8671722412, -9.74345302582, -4.99030351639, 1.90059459209], [123.843002319, -27.2448863983, -152.905593872, -20.5188789368, -16.945848465, -12.9891300201, 7.08468723297, -27.8254547119, 43.8671722412, 110.624847412, 48.2196235657, -8.3008928299, -19.5056056976], [59.6808052063, 32.9960517883, -53.2247314453, -45.4726028442, -27.2094516754, -56.1473846436, -15.9202156067, 21.8442192078, -9.74345302582, 48.2196235657, 134.122268677, 51.3301620483, -36.8990287781], [16.7292766571, -6.95803785324, -35.6480979919, -36.7694473267, -38.9393005371, -14.297709465, 19.83319664, 24.0118465424, -4.99030351639, -8.3008928299, 51.3301620483, 79.9831085205, 27.1816864014], [8.42484664917, -23.1929779053, -43.3636436462, -30.379283905, -12.3876895905, 28.7304534912, 30.6741161346, 4.23988008499, 1.90059459209, -19.5056056976, -36.8990287781, 27.1816864014, 87.7434234619]],
        "icov": [[0.0137696145102, -0.0202035792172, 0.0158549603075, -0.0123254628852, 0.00840999931097, -0.00395465642214, 0.000459519214928, 0.00198897882365, -0.000717079674359, 0.000234116989304, 0.00114478298929, -0.0013495272724, 9.83149147942e-05], [-0.0202035792172, 0.03256219998, -0.0234503000975, 0.0202427059412, -0.0142687670887, 0.00869499333203, -0.00182775431313, -0.00126197049394, 0.00100013439078, 0.00144108128734, -0.00219639693387, 0.00287580327131, 0.000288754381472], [0.0158549603075, -0.0234503000975, 0.0214330330491, -0.0184327587485, 0.0151319485158, -0.0123255578801, 0.00898605585098, -0.00484699150547, 0.00408332236111, -0.000651525158901, 0.00188483193051, -0.00113571004476, 0.000665719271637], [-0.0123254628852, 0.0202427059412, -0.0184327587485, 0.0218693073839, -0.0195770654827, 0.0184868033975, -0.0143380090594, 0.0125088114291, -0.0102313756943, 0.00591461919248, -0.00238961796276, 0.00098344986327, 0.000813960388768], [0.00840999931097, -0.0142687670887, 0.0151319485158, -0.0195770654827, 0.0281158126891, -0.0251476746053, 0.0263275783509, -0.019393151626, 0.0160475838929, -0.00945069268346, 0.00501438044012, 0.000143582539749, -0.000326223467709], [-0.00395465642214, 0.00869499333203, -0.0123255578801, 0.0184868033975, -0.0251476746053, 0.0353909768164, -0.0338624194264, 0.0303270909935, -0.0199580248445, 0.0134569201618, -0.0059193703346, 0.00246071722358, -0.00160669477191], [0.000459519214928, -0.00182775431313, 0.00898605585098, -0.0143380090594, 0.0263275783509, -0.0338624194264, 0.0444908775389, -0.0353561714292, 0.0264039263129, -0.0189138092101, 0.0126618295908, -0.00569126894698, 0.00222050142474], [0.00198897882365, -0.00126197049394, -0.00484699150547, 0.0125088114291, -0.019393151626, 0.0303270909935, -0.0353561714292, 0.0435682572424, -0.0338868051767, 0.0278124120086, -0.0173431709409, 0.00793847441673, -0.00383819802664], [-0.000717079674359, 0.00100013439078, 0.00408332236111, -0.0102313756943, 0.0160475838929, -0.0199580248445, 0.0264039263129, -0.0338868051767, 0.0471262708306, -0.0343382954597, 0.0236945617944, -0.0123571651056, 0.00515452213585], [0.000234116989304, 0.00144108128734, -0.000651525158901, 0.00591461919248, -0.00945069268346, 0.0134569201618, -0.0189138092101, 0.0278124120086, -0.0343382954597, 0.0448560789227, -0.0303248595446, 0.020977223292, -0.00692380825058], [0.00114478298929, -0.00219639693387, 0.00188483193051, -0.00238961796276, 0.00501438044012, -0.0059193703346, 0.0126618295908, -0.0173431709409, 0.0236945617944, -0.0303248595446, 0.0387546010315, -0.0294313617051, 0.0166319087148], [-0.0013495272724, 0.00287580327131, -0.00113571004476, 0.00098344986327, 0.000143582539749, 0.00246071722358, -0.00569126894698, 0.00793847441673, -0.0123571651056, 0.020977223292, -0.0294313617051, 0.0389362499118, -0.0180183146149], [9.83149147942e-05, 0.000288754381472, 0.000665719271637, 0.000813960388768, -0.000326223467709, -0.00160669477191, 0.00222050142474, -0.00383819802664, 0.00515452213585, -0.00692380825058, 0.0166319087148, -0.0180183146149, 0.0228890720755]]
    },
    "spectral_contrast_coeffs": {
        "max": [-0.345791220665, -0.446663171053, -0.409374415874, -0.510287463665, -0.542105078697, -0.690987467766],
        "mean": [-0.571802258492, -0.70017439127, -0.73190164566, -0.773162722588, -0.752973198891, -0.858897447586],
        "min": [-0.837286233902, -0.941018402576, -0.915695786476, -0.914604246616, -0.897548079491, -0.923961400986],
        "stdev": [0.0900611877441, 0.0959107130766, 0.0826094001532, 0.0631735697389, 0.061411254108, 0.0215113442391]
    },
    "spectral_contrast_valleys": {
        "max": [-5.96681976318, -4.35996961594, -5.32049274445, -5.96430969238, -7.25539588928, -10.8511047363],
        "mean": [-7.66582107544, -6.66058969498, -7.48150682449, -7.93812847137, -8.92438316345, -11.4864473343],
        "min": [-10.1444482803, -9.19571685791, -9.96888828278, -10.0712032318, -10.5109558105, -12.1101980209],
        "stdev": [0.662005066872, 0.742377817631, 0.871548235416, 0.777954995632, 0.545641839504, 0.0939901918173]
    }
},
"rhythm": {
    "beats_count": 99,
    "beats_loudness": {
        "max": 0.0935759842396,
        "mean": 0.0344317369163,
        "min": 5.20649373357e-05,
        "stdev": 0.0183120761067
    },
    "bpm": 122.442741394,
    "bpm_histogram_first_peak_bpm": 123,
    "bpm_histogram_first_peak_weight": 0.53125,
    "bpm_histogram_second_peak_bpm": 157,
    "bpm_histogram_second_peak_spread": 0.25,
    "bpm_histogram_second_peak_weight": 0.15306122601,
    "danceability": 1.05083072186,
    "onset_rate": 2.05078125,
    "beats_loudness_band_ratio": {
        "max": [0.81388348341, 0.906236469746, 0.821977972984, 0.986821770668, 0.275796771049, 0.0895751416683],
        "mean": [0.199822202325, 0.311225265265, 0.313867658377, 0.21129027009, 0.0542182065547, 0.00345114176162],
        "min": [0.00154120346997, 0.00331666250713, 0.00178447039798, 0.000205058735446, 0.000407442945288, 0.00014268560335],
        "stdev": [0.211154818535, 0.22564586997, 0.22146192193, 0.209027767181, 0.0586860962212, 0.00929054711014]
    },
