{
"metadata": {
    "version": {
        "essentia": "2.1-beta5",
        "essentia_git_sha": "Undefined",
        "extractor": "music 2.0"
    },
    "audio_properties": {
        "analysis": {
            "equal_loudness": 0,
            "length": 32.4963264465,
            "sample_rate": 44100,
            "start_time": 12.7477550507,
            "downmix": "mix"
        },
        "bit_rate": 192000,
        "length": 167.322998047,
        "lossless": 0,
        "number_channels": 2,
        "replay_gain": -2.65145111084,
        "sample_rate": 48000,
        "codec": "mp3",
        "md5_encoded": "3a5b2a06f38158e36cae7c6b943f36b1"
    },
    "tags": {
        "file_name": "Luxembourg_So Laang We_s Du Do Bast_Camillo Felgen.mp3",
        "encoding": ["Lavf58.29.100"]
    }
},
"lowlevel": {
    "average_loudness": 0.302672803402,
    "barkbands_crest": {
        "max": 23.1712493896,
        "mean": 9.58885002136,
        "min": 3.04904341698,
        "stdev": 3.62747120857
    },
    "barkbands_flatness_db": {
        "max": 0.334033161402,
        "mean": 0.20338332653,
        "min": 0.0864159017801,
        "stdev": 0.0454223826528
    },
    "barkbands_kurtosis": {
        "max": 12.8738498688,
        "mean": 0.298188596964,
        "min": -1.84122467041,
        "stdev": 1.81034314632
    },
    "barkbands_skewness": {
        "max": 3.18671751022,
        "mean": 0.693133354187,
        "min": -1.50530183315,
        "stdev": 0.703667283058
    },
    "barkbands_spread": {
        "max": 73.0518188477,
        "mean": 17.1591339111,
        "min": 3.77440214157,
        "stdev": 8.70375347137
    },
    "dissonance": {
        "max": 0.498246610165,
        "mean": 0.444124162197,
        "min": 0.196909889579,
        "stdev": 0.0325568169355
    },
    "dynamic_complexity": 5.28098678589,
    "erbbands_crest": {
        "max": 24.8413848877,
        "mean": 10.2394561768,
        "min": 3.51309514046,
        "stdev": 3.56407237053
    },
    "erbbands_flatness_db": {
        "max": 0.380454540253,
        "mean": 0.280652523041,
        "min": 0.160732313991,
        "stdev": 0.0438591912389
    },
    "erbbands_kurtosis": {
        "max": 13.8758506775,
        "mean": -0.353156834841,
        "min": -1.82151603699,
        "stdev": 1.39565753937
    },
    "erbbands_skewness": {
        "max": 2.16644906998,
        "mean": 0.0993555411696,
        "min": -3.38323664665,
        "stdev": 0.730819404125
    },
    "erbbands_spread": {
        "max": 78.1930084229,
        "mean": 24.7757930756,
        "min": 6.10975456238,
        "stdev": 8.89537811279
    },
    "hfc": {
        "max": 116.77205658,
        "mean": 13.2211580276,
        "min": 0.0549551807344,
        "stdev": 18.7376422882
    },
    "loudness_ebu128": {
        "integrated": -23.5710811615,
        "loudness_range": 9.9893283844,
        "momentary": {
            "max": -14.9425268173,
            "mean": -26.6335277557,
            "min": -43.6291885376,
            "stdev": 5.43802499771
        },
        "short_term": {
            "max": -19.0360679626,
            "mean": -24.9715805054,
            "min": -35.655166626,
            "stdev": 3.57442784309
        }
    },
    "melbands_crest": {
        "max": 32.1343574524,
        "mean": 12.9273319244,
        "min": 4.11478805542,
        "stdev": 5.07641935349
    },
    "melbands_flatness_db": {
        "max": 0.356323033571,
        "mean": 0.221480503678,
        "min": 0.0631816610694,
        "stdev": 0.0525368005037
    },
    "melbands_kurtosis": {
        "max": 25.2211322784,
        "mean": 2.60262727737,
        "min": -1.84752750397,
        "stdev": 3.40591216087
    },
    "melbands_skewness": {
        "max": 4.69906663895,
        "mean": 1.34807634354,
        "min": -0.553508222103,
        "stdev": 0.756239593029
    },
    "melbands_spread": {
        "max": 119.760566711,
        "mean": 26.4225692749,
        "min": 4.55220460892,
        "stdev": 16.0405139923
    },
    "pitch_salience": {
        "max": 0.828647792339,
        "mean": 0.59725946188,
        "min": 0.219576582313,
        "stdev": 0.0937327370048
    },
    "silence_rate_20dB": {
        "max": 1,
        "mean": 1,
        "min": 1,
        "stdev": 0
    },
    "silence_rate_30dB": {
        "max": 1,
        "mean": 0.994289815426,
        "min": 0,
        "stdev": 0.0753490328789
    },
    "silence_rate_60dB": {
        "max": 1,
        "mean": 0.351177722216,
        "min": 0,
        "stdev": 0.477336198092
    },
    "spectral_centroid": {
        "max": 3824.16748047,
        "mean": 1490.75354004,
        "min": 511.080596924,
        "stdev": 527.128479004
    },
    "spectral_complexity": {
        "max": 29,
        "mean": 11.6923627853,
        "min": 0,
        "stdev": 5.67075300217
    },
    "spectral_decrease": {
        "max": -1.33411164061e-11,
        "mean": -3.06112646342e-09,
        "min": -2.97521776105e-08,
        "stdev": 4.39908420802e-09
    },
    "spectral_energy": {
        "max": 0.122330442071,
        "mean": 0.0127525869757,
        "min": 5.53369500267e-05,
        "stdev": 0.0182612407953
    },
    "spectral_energyband_high": {
        "max": 0.00164028257132,
        "mean": 5.6767847127e-05,
        "min": 1.10569078515e-06,
        "stdev": 0.000118364849186
    },
    "spectral_energyband_low": {
        "max": 0.00178345292807,
        "mean": 0.000136465896503,
        "min": 5.21276888321e-06,
        "stdev": 0.000172127765836
    },
    "spectral_energyband_middle_high": {
        "max": 0.0837788134813,
        "mean": 0.00523411296308,
        "min": 1.87352852663e-05,
        "stdev": 0.00858583673835
    },
    "spectral_energyband_middle_low": {
        "max": 0.0867423340678,
        "mean": 0.00750617589802,
        "min": 2.41461875703e-05,
        "stdev": 0.011345198378
    },
    "spectral_entropy": {
        "max": 8.34737300873,
        "mean": 7.03481245041,
        "min": 6.09624767303,
        "stdev": 0.366483062506
    },
    "spectral_flux": {
        "max": 0.288034081459,
        "mean": 0.0478078760207,
        "min": 0.00410759123042,
        "stdev": 0.0393243916333
    },
    "spectral_kurtosis": {
        "max": 44.4694786072,
        "mean": 9.60706043243,
        "min": -0.91345500946,
        "stdev": 6.97265100479
    },
    "spectral_rms": {
        "max": 0.0109245954081,
        "mean": 0.00292284763418,
        "min": 0.000232351609156,
        "stdev": 0.00197446602397
    },
    "spectral_rolloff": {
        "max": 6481.49414062,
        "mean": 1936.71008301,
        "min": 452.197265625,
        "stdev": 888.187744141
    },
    "spectral_skewness": {
        "max": 4.22902345657,
        "mean": 1.60107314587,
        "min": -0.357037097216,
        "stdev": 0.698514759541
    },
    "spectral_spread": {
        "max": 20419398,
        "mean": 2252081.75,
        "min": 1255567.5,
        "stdev": 802423.9375
    },
    "spectral_strongpeak": {
        "max": 11.8680086136,
        "mean": 1.3119995594,
        "min": 0,
        "stdev": 1.27816081047
    },
    "zerocrossingrate": {
        "max": 0.18115234375,
        "mean": 0.0574802160263,
        "min": 0.013671875,
        "stdev": 0.0223360843956
    },
    "barkbands": {
        "max": [0.000878484570421, 0.00118833570741, 0.000970452209003, 0.000994216883555, 0.00422107987106, 0.0238508675247, 0.0278304964304, 0.0635979473591, 0.0744579508901, 0.020700737834, 0.0245533101261, 0.0651270747185, 0.0174813289195, 0.0116792097688, 0.0172534603626, 0.00502452254295, 0.0191752426326, 0.00538615416735, 0.00145391060505, 0.000528204254806, 0.000621859566309, 0.000648505636491, 0.000309235270834, 0.000105572544271, 2.19952062253e-06, 1.87045884559e-06, 1.97287226911e-06],
        "mean": [1.49163470269e-05, 7.83550349297e-05, 3.32846575475e-05, 6.14278178546e-05, 0.000289262912702, 0.000976336479653, 0.00162220036145, 0.00247757812031, 0.00174934370443, 0.000748232821934, 0.000567029754166, 0.00108981749509, 0.000362496852176, 0.00024264267995, 0.000282449065708, 0.000373940565623, 0.00118233973626, 0.00044386688387, 8.50432261359e-05, 3.01514864987e-05, 2.38281991187e-05, 1.25012193166e-05, 4.47880574939e-06, 9.54693177846e-07, 1.13038012728e-07, 3.36908190235e-09, 3.53940565745e-09],
        "min": [3.62290855094e-08, 5.2710242926e-07, 1.0195146416e-07, 1.53140735648e-08, 9.67399500951e-07, 2.58472596215e-06, 1.30633225126e-06, 8.84925782429e-07, 7.36528249945e-07, 1.58262764671e-06, 7.15041778676e-07, 4.70317530699e-07, 2.24462738174e-07, 1.93780394397e-07, 5.25857842604e-07, 1.00143132897e-07, 5.18351384926e-07, 5.50692675461e-07, 4.7457740493e-07, 2.36796680042e-07, 2.53175528542e-07, 1.61503677987e-07, 9.95838007611e-08, 7.51469144689e-08, 3.63993990504e-08, 5.83576728608e-11, 8.21937171103e-11],
        "stdev": [3.8777357986e-05, 0.000118441137602, 6.26358232694e-05, 0.000107225270767, 0.000491143320687, 0.00207862420939, 0.00340672768652, 0.00662140687928, 0.00591001519933, 0.00228108395822, 0.00192833354231, 0.00380050041713, 0.00100297562312, 0.000920525984839, 0.000905369699467, 0.000649461871944, 0.00193770928308, 0.000703196972609, 0.000138978779432, 5.70612937736e-05, 5.18062988704e-05, 3.26485023834e-05, 2.1015835955e-05, 5.34208538738e-06, 7.98067318897e-08, 7.09541296828e-08, 7.49006119349e-08]
    },
    "erbbands": {
        "max": [0.0738145783544, 0.227540642023, 0.979339361191, 1.35235357285, 5.14389419556, 25.6792793274, 23.1461620331, 211.242004395, 469.608154297, 1756.58483887, 1576.25830078, 1713.96447754, 782.659729004, 601.919189453, 1205.22155762, 3285.45922852, 619.156555176, 689.838562012, 922.268798828, 240.63432312, 484.650390625, 925.316223145, 423.883453369, 113.987030029, 55.5155563354, 26.1806316376, 16.8598022461, 28.6911621094, 26.9381980896, 21.6483421326, 7.41782426834, 4.10621070862, 0.539162516594, 0.0277413632721, 0.0147973038256, 0.00756949232891, 0.00349560240284, 0.0012408477487, 0.000338128651492, 0.000156075300765],
        "mean": [0.0019551704172, 0.018480790779, 0.0464062616229, 0.108370088041, 0.593230187893, 1.12632381916, 1.80641388893, 10.0962276459, 21.816942215, 33.6671867371, 58.9057998657, 43.039024353, 25.7090034485, 17.6563892365, 31.9705677032, 43.7588272095, 18.8380737305, 13.0023584366, 14.9046440125, 12.6353311539, 33.3608627319, 63.7216949463, 31.4364452362, 9.54009342194, 2.5532438755, 1.28128540516, 0.965754628181, 0.923843741417, 0.472451478243, 0.289762496948, 0.102864094079, 0.0396179296076, 0.00685540260747, 0.00194431724958, 0.000506116834003, 3.67259053746e-05, 1.32483846755e-05, 4.70811301057e-06, 7.77783316153e-06, 1.55375491886e-05],
        "min": [2.01259335881e-05, 0.000145183046698, 0.000199006783077, 0.00058754789643, 0.000365311047062, 0.00641527492553, 0.0138457389548, 0.00888204667717, 0.0157953184098, 0.0243319906294, 0.0368002057076, 0.0502298660576, 0.0971047654748, 0.0764324516058, 0.0334287174046, 0.0271354801953, 0.0159456133842, 0.0110745187849, 0.0240293834358, 0.0337936244905, 0.0231157708913, 0.0418899394572, 0.0416805297136, 0.0211720764637, 0.0256079509854, 0.0116810733452, 0.00837229471654, 0.00932671315968, 0.00550095643848, 0.00340294861235, 0.00268540158868, 0.00202888716012, 0.00108741153963, 0.00065367174102, 0.000135541049531, 6.13016345596e-06, 6.70597273711e-07, 1.31269473513e-07, 6.15535569182e-08, 7.2015780006e-08],
        "stdev": [0.00494670309126, 0.0249149128795, 0.0810900554061, 0.154211774468, 0.786199808121, 2.57691407204, 2.52118349075, 20.8391036987, 46.2099189758, 120.405212402, 156.172805786, 133.733306885, 72.0004272461, 42.21900177, 104.515869141, 163.17250061, 44.6002998352, 43.3836517334, 48.8108558655, 25.6601696014, 49.7448883057, 104.914024353, 51.1921920776, 14.8431634903, 3.77450966835, 2.39302778244, 1.90216565132, 2.02727293968, 1.23188507557, 1.07694852352, 0.462727218866, 0.222235202789, 0.0282479934394, 0.00133978179656, 0.000545070855878, 0.00028558933991, 0.000132179236971, 4.69243132102e-05, 1.53363434947e-05, 2.21147947741e-05]
    },
    "gfcc": {
        "mean": [-124.167205811, 147.724075317, -195.318572998, 16.6230354309, -61.1555480957, -16.734790802, -30.6284408569, 0.443669110537, 2.89070749283, -16.9677066803, 3.67362213135, -5.22198724747, 2.78151583672],
        "cov": [[2772.38378906, 124.139610291, -709.004699707, -389.761413574, 260.160186768, -529.297546387, 261.856231689, -49.1910552979, 262.47253418, -226.112426758, -82.5459899902, 162.697387695, -346.407653809], [124.139610291, 503.315979004, 119.263839722, -339.461395264, 199.804153442, -105.649864197, -146.742874146, 55.4361038208, 8.46256160736, -84.4993209839, -18.3246269226, 7.49732542038, 20.588344574], [-709.004699707, 119.263839722, 446.956329346, 147.601989746, -63.8853530884, 139.774169922, -147.10319519, -14.6835670471, -55.6903953552, 21.5835552216, 4.25084114075, -43.9490890503, 75.7403488159], [-389.761413574, -339.461395264, 147.601989746, 600.629089355, -140.726211548, 129.665039062, 16.7179775238, -120.657554626, -16.6414699554, 121.315689087, 36.3355293274, -28.2958393097, 39.7566108704], [260.160186768, 199.804153442, -63.8853530884, -140.726211548, 292.780548096, -86.0823822021, -150.130050659, 1.07355308533, 66.9902648926, -2.95646977425, -2.99999547005, 22.7042961121, -23.8148212433], [-529.297546387, -105.649864197, 139.774169922, 129.665039062, -86.0823822021, 312.020263672, 86.8144836426, -27.7284660339, -80.3891830444, 66.8659973145, 32.7137641907, -43.4373703003, 61.0417366028], [261.856231689, -146.742874146, -147.10319519, 16.7179775238, -150.130050659, 86.8144836426, 347.866485596, 79.800453186, -47.4886054993, -31.5466518402, 17.3390235901, 26.0343132019, -25.6828804016], [-49.1910552979, 55.4361038208, -14.6835670471, -120.657554626, 1.07355308533, -27.7284660339, 79.800453186, 167.169387817, 2.98999834061, -41.1060256958, 10.3304920197, 20.3228759766, 7.53485965729], [262.47253418, 8.46256160736, -55.6903953552, -16.6414699554, 66.9902648926, -80.3891830444, -47.4886054993, 2.98999834061, 120.166297913, 22.5324478149, -8.01459121704, 15.4446678162, -48.104385376], [-226.112426758, -84.4993209839, 21.5835552216, 121.315689087, -2.95646977425, 66.8659973145, -31.5466518402, -41.1060256958, 22.5324478149, 145.474761963, 48.0047988892, -29.4870052338, 42.6474876404], [-82.5459899902, -18.3246269226, 4.25084114075, 36.3355293274, -2.99999547005, 32.7137641907, 17.3390235901, 10.3304920197, -8.01459121704, 48.0047988892, 81.4071121216, 23.0631542206, 9.99022483826], [162.697387695, 7.49732542038, -43.9490890503, -28.2958393097, 22.7042961121, -43.4373703003, 26.0343132019, 20.3228759766, 15.4446678162, -29.4870052338, 23.0631542206, 79.1433334351, -10.881403923], [-346.407653809, 20.588344574, 75.7403488159, 39.7566108704, -23.8148212433, 61.0417366028, -25.6828804016, 7.53485965729, -48.104385376, 42.6474876404, 9.99022483826, -10.881403923, 130.215667725]],
        "icov": [[0.00406120344996, 0.000963921658695, -0.00108849839307, 0.00199210247956, -0.00500822719187, 0.00645454507321, -0.00959181319922, 0.00921627692878, -0.00724469264969, 0.00498914765194, -0.00251715164632, 0.00148529664148, 0.000316458434099], [0.000963921658695, 0.0130003718659, -0.0103272916749, 0.00788237247616, -0.0105400336906, 0.00814471952617, -0.00910488236696, 0.00825881026685, -0.00464920513332, 0.00707234302536, -0.00764896301553, 0.00707944482565, -0.00676563102752], [-0.00108849839307, -0.0103272916749, 0.0138113545254, -0.00764245353639, 0.0108396830037, -0.0102367559448, 0.0130496025085, -0.0101486789063, 0.00488305371255, -0.0038928068243, 0.00605377648026, -0.00572562217712, 0.00511525943875], [0.00199210247956, 0.00788237247616, -0.00764245353639, 0.00820712931454, -0.00712501630187, 0.00733112497255, -0.009814995341, 0.0102398386225, -0.00575693650171, 0.00388492061757, -0.00543564930558, 0.00413227174431, -0.00391210522503], [-0.00500822719187, -0.0105400336906, 0.0108396830037, -0.00712501630187, 0.0196176785976, -0.0144057776779, 0.0213215947151, -0.0172965805978, 0.00983122643083, -0.0104639139026, 0.00829997565597, -0.00882776919752, 0.00544526521116], [0.00645454507321, 0.00814471952617, -0.0102367559448, 0.00733112497255, -0.0144057776779, 0.0211193952709, -0.0234837010503, 0.0203500688076, -0.0108933383599, 0.00831019133329, -0.00878650974482, 0.00833540316671, -0.004120497033], [-0.00959181319922, -0.00910488236696, 0.0130496025085, -0.009814995341, 0.0213215947151, -0.0234837010503, 0.0366619862616, -0.0308412071317, 0.0211668908596, -0.0143693368882, 0.0111058624461, -0.0107194008306, 0.00603058002889], [0.00921627692878, 0.00825881026685, -0.0101486789063, 0.0102398386225, -0.0172965805978, 0.0203500688076, -0.0308412071317, 0.0354420281947, -0.0220762249082, 0.0177345201373, -0.0140603668988, 0.009531266056, -0.00693664327264], [-0.00724469264969, -0.00464920513332, 0.00488305371255, -0.00575693650171, 0.00983122643083, -0.0108933383599, 0.0211668908596, -0.0220762249082, 0.0323651246727, -0.0213173720986, 0.0147479185835, -0.0113429920748, 0.00959526561201], [0.00498914765194, 0.00707234302536, -0.0038928068243, 0.00388492061757, -0.0104639139026, 0.00831019133329, -0.0143693368882, 0.0177345201373, -0.0213173720986, 0.0309844110161, -0.0214076954871, 0.0164053365588, -0.0114468634129], [-0.00251715164632, -0.00764896301553, 0.00605377648026, -0.00543564930558, 0.00829997565597, -0.00878650974482, 0.0111058624461, -0.0140603668988, 0.0147479185835, -0.0214076954871, 0.0315284132957, -0.018626332283, 0.00977650284767], [0.00148529664148, 0.00707944482565, -0.00572562217712, 0.00413227174431, -0.00882776919752, 0.00833540316671, -0.0107194008306, 0.009531266056, -0.0113429920748, 0.0164053365588, -0.018626332283, 0.027899114415, -0.00908994115889], [0.000316458434099, -0.00676563102752, 0.00511525943875, -0.00391210522503, 0.00544526521116, -0.004120497033, 0.00603058002889, -0.00693664327264, 0.00959526561201, -0.0114468634129, 0.00977650284767, -0.00908994115889, 0.0181125700474]]
    },
    "melbands": {
        "max": [0.000490375736263, 0.000417289644247, 0.000332811294356, 0.000984614016488, 0.000725648598745, 0.00576421897858, 0.00612471671775, 0.0192331112921, 0.0137240793556, 0.00921882875264, 0.0038871744182, 0.00248696608469, 0.00345467799343, 0.00670944387093, 0.00529394671321, 0.00125336775091, 0.00151152722538, 0.00122728175484, 0.0009570660186, 0.00025638952502, 0.000690830522217, 0.00129982468206, 0.00050015677698, 0.000261123670498, 0.000106531231722, 2.46326835622e-05, 4.66017372673e-05, 2.45070277742e-05, 1.04642285805e-05, 1.86521901924e-05, 1.42492162922e-05, 1.32776440296e-05, 1.49905035869e-05, 1.09812981464e-05, 4.33515288023e-06, 3.13047553391e-06, 2.42523469751e-06, 4.79452921809e-07, 2.4236578966e-08, 2.27490684068e-08],
        "mean": [2.04379684874e-05, 2.4130451493e-05, 3.29951872118e-05, 6.45115433144e-05, 5.84696681472e-05, 0.000237535787164, 0.000332051509758, 0.000387842475902, 0.000493191531859, 0.000241988906055, 0.000122272103908, 6.94772606948e-05, 8.86188208824e-05, 0.000133264897158, 6.90674060024e-05, 3.41133927577e-05, 2.28565168072e-05, 2.28369099204e-05, 2.16487842408e-05, 1.70816147147e-05, 4.57063542854e-05, 7.34923014534e-05, 4.05036225857e-05, 1.8575352442e-05, 6.61468311591e-06, 2.05260289476e-06, 1.23309064293e-06, 7.85826102856e-07, 6.04326942266e-07, 6.1122580064e-07, 5.03699766341e-07, 2.65706233904e-07, 2.17120117441e-07, 1.35010097324e-07, 6.0673400526e-08, 3.69715529303e-08, 1.88388717959e-08, 4.93259966206e-09, 1.65944591402e-09, 1.52654211494e-09],
        "min": [2.17190219587e-07, 2.08733482054e-07, 8.31570403648e-08, 2.02429930596e-07, 2.62571433041e-07, 2.3623849188e-07, 2.44593678644e-07, 1.58899823077e-07, 2.19711893124e-07, 1.33231552013e-07, 2.87188015591e-07, 2.32427623814e-07, 9.04922288214e-08, 4.32408100437e-08, 2.69195492564e-08, 2.96620346063e-08, 1.48145868906e-08, 1.7196565949e-08, 5.17510549969e-08, 1.48649776932e-08, 3.42949668664e-08, 3.57428469044e-08, 2.66113744374e-08, 2.219086781e-08, 1.4649019775e-08, 1.68325104966e-08, 7.70009833673e-09, 5.78186387656e-09, 4.1938355011e-09, 4.35875646687e-09, 4.88077800398e-09, 2.74726730254e-09, 2.28555352422e-09, 1.43209322179e-09, 1.47191214772e-09, 1.01420849496e-09, 9.43306877055e-10, 6.34404306865e-10, 5.81699743929e-10, 4.55143284173e-10],
        "stdev": [3.76424795832e-05, 3.50347727363e-05, 4.16229813709e-05, 0.00011527910101, 8.49566786201e-05, 0.000503914663568, 0.00066171400249, 0.00135994085576, 0.00143259973265, 0.000758841750212, 0.000363938946975, 0.000188212332432, 0.000306638132315, 0.000469681603136, 0.000237556188949, 8.66385889822e-05, 8.86152702151e-05, 7.89648183854e-05, 6.44696265226e-05, 3.09610950353e-05, 7.09022424417e-05, 0.000123636855278, 6.61754311295e-05, 3.134068902e-05, 1.15308666864e-05, 3.12271163239e-06, 2.90058505925e-06, 1.88329602224e-06, 1.22135463698e-06, 1.47903608649e-06, 1.12094073756e-06, 6.75617457091e-07, 6.77507898672e-07, 5.89343585489e-07, 2.75492595847e-07, 1.94984508539e-07, 1.15492092334e-07, 2.16322693092e-08, 1.0201335332e-09, 8.48716263935e-10]
    },
    "melbands128": {
        "max": [0.000734766945243, 0.000852064287756, 0.000515479594469, 0.000364921928849, 0.000493332394399, 0.000466078345198, 0.000290093565127, 0.000644265499432, 0.000631552713457, 0.00130689027719, 0.0020254754927, 0.00162592076231, 0.00112468446605, 0.00161701068282, 0.00381693756208, 0.0125142643228, 0.0157090183347, 0.00979907624424, 0.010394282639, 0.030731510371, 0.0257821884006, 0.00811149179935, 0.0275334604084, 0.0293849259615, 0.0168943554163, 0.00789030548185, 0.00406576367095, 0.00782068166882, 0.00759108038619, 0.00482077617198, 0.00398151017725, 0.00153439736459, 0.00646894983947, 0.00835810508579, 0.00666390731931, 0.0130070801824, 0.0199950039387, 0.0031925146468, 0.00444384710863, 0.00228524836712, 0.00161326199304, 0.00186395307537, 0.00302934995852, 0.00257145939395, 0.00243292818777, 0.0017422066303, 0.00452144443989, 0.00197044317611, 0.000735605601221, 0.000186087971088, 0.000540595268831, 0.000629823422059, 0.000769492762629, 0.000866715388838, 0.00305171287619, 0.00205692602322, 0.00187420018483, 0.000935383199248, 0.000494254170917, 0.000852979719639, 0.00037643808173, 0.000207958117244, 0.000241218018346, 0.000121862394735, 8.37201805552e-05, 4.3688374717e-05, 4.04001875722e-05, 0.000132405315526, 6.75397895975e-05, 1.30613088913e-05, 2.65934777417e-05, 5.76250131417e-05, 1.61087227752e-05, 1.48522094605e-05, 1.48915269165e-05, 1.55892084877e-05, 3.01550408039e-05, 1.85005701496e-05, 1.47395794556e-05, 1.89386028069e-05, 6.56468318994e-06, 1.83689935511e-05, 2.53809339483e-05, 1.0165027561e-05, 1.05861290649e-05, 2.00330759981e-05, 1.09939983304e-05, 5.96620657234e-06, 3.40614883498e-06, 5.35655544809e-06, 3.44448039868e-06, 4.14808118876e-06, 3.06550873574e-06, 3.7455824895e-06, 1.94131052922e-06, 7.96802169134e-07, 2.27182852086e-07, 2.73574904952e-08, 2.44607409883e-08, 2.21889475682e-08, 2.40325910283e-08, 2.37344135456e-08, 1.9739850643e-08, 1.77567152093e-08, 1.66246483246e-08, 1.46796317324e-08, 1.40542786298e-08, 1.3435177415e-08, 1.28706671987e-08, 1.23509060757e-08, 1.1859939697e-08, 1.13848361849e-08, 1.09616680177e-08, 1.05499209369e-08, 1.01753894199e-08, 9.83936043752e-09, 9.52566825418e-09, 9.23172116529e-09, 8.98524898929e-09, 8.73346905905e-09, 8.52413251096e-09, 8.34589108933e-09, 8.16472756071e-09, 8.02299382485e-09, 7.90739473899e-09, 7.81327003097e-09, 7.73661668063e-09, 7.69483410323e-09],
        "mean": [8.38174582896e-06, 1.45468357005e-05, 2.46489089477e-05, 3.32400122716e-05, 2.84086545435e-05, 1.30589187393e-05, 1.42044445965e-05, 3.89627857658e-05, 6.01745778113e-05, 7.38872331567e-05, 6.58533390379e-05, 3.98107295041e-05, 4.48290484201e-05, 8.82754757185e-05, 0.00017877688515, 0.000344267697074, 0.000429074105341, 0.000269332318567, 0.000311662646709, 0.000386383268051, 0.000411592191085, 0.000405076454626, 0.000638790719677, 0.000403799815103, 0.000283997185761, 0.000179154667421, 9.11738970899e-05, 0.000152504289872, 0.000107480482257, 7.90781487012e-05, 5.27501251781e-05, 5.41073823115e-05, 8.62039378262e-05, 0.000118870040751, 0.000121337085147, 0.00015308795264, 0.000128173021949, 6.42074955977e-05, 3.45767948602e-05, 3.64342085959e-05, 4.15656977566e-05, 1.61317348102e-05, 2.23941988224e-05, 2.66434817604e-05, 2.27120926866e-05, 1.88397516467e-05, 2.78982024611e-05, 2.82776145468e-05, 1.61219304573e-05, 7.84386247688e-06, 1.88701433217e-05, 2.38575357798e-05, 2.76280898106e-05, 5.81088315812e-05, 8.29452474136e-05, 7.68449390307e-05, 6.91615132382e-05, 4.2322310037e-05, 3.19731843774e-05, 3.15498145937e-05, 1.76697885763e-05, 9.46180898609e-06, 9.55262930802e-06, 5.15680267199e-06, 3.19695391227e-06, 1.84211035048e-06, 1.44865578022e-06, 1.48854076087e-06, 1.38694542784e-06, 4.96077745993e-07, 6.10478423368e-07, 1.2014471622e-06, 6.57423754546e-07, 4.72177561051e-07, 4.90879301651e-07, 6.77215723499e-07, 6.17505406808e-07, 5.87088322845e-07, 5.43213388937e-07, 3.75449303647e-07, 2.42249996063e-07, 2.42102601078e-07, 2.39722936612e-07, 2.17888995735e-07, 2.01993358928e-07, 1.5861223801e-07, 1.1347191986e-07, 8.1328288104e-08, 5.46351017761e-08, 5.01496444372e-08, 3.99571362664e-08, 3.69794896926e-08, 2.44696867213e-08, 2.10915942489e-08, 1.37373570297e-08, 6.25703222568e-09, 3.38826211532e-09, 1.81536830013e-09, 1.62074342835e-09, 1.56576707155e-09, 1.51644963253e-09, 1.51739909526e-09, 1.55400181612e-09, 1.30834520995e-09, 2.65974769986e-10, 2.64905059694e-11, 2.52367519243e-11, 2.41035871817e-11, 2.31088117392e-11, 2.22012859485e-11, 2.13605348687e-11, 2.05253487817e-11, 1.97836746985e-11, 1.90500584057e-11, 1.84122665031e-11, 1.78399933715e-11, 1.73164382139e-11, 1.65893878495e-11, 1.61166861107e-11, 1.56940831858e-11, 1.5320217317e-11, 1.49898947421e-11, 1.46917946559e-11, 1.44146725806e-11, 1.40921319752e-11, 1.3707189897e-11, 1.3461671014e-11, 1.33728019977e-11],
        "min": [1.34334872115e-08, 3.03954301728e-08, 4.81764459437e-08, 8.55101518482e-08, 2.65731241456e-08, 3.470503529e-08, 1.14449800748e-08, 1.13957163705e-08, 1.36880489165e-08, 3.22399884567e-08, 6.67172699309e-08, 7.82217597362e-08, 8.60009947701e-08, 4.57406166277e-08, 9.5446829107e-08, 6.72457822759e-09, 4.85915698789e-08, 8.64944240675e-08, 3.19584998465e-08, 1.03160964215e-08, 2.53175791443e-08, 4.03129618576e-08, 2.95276691986e-08, 5.63375834872e-08, 4.41653682515e-08, 5.1414281721e-09, 1.82764328116e-08, 7.04930869233e-08, 4.7597303876e-08, 2.77568972251e-08, 2.72499747211e-08, 4.60113902534e-08, 8.73535821455e-09, 2.73607048129e-09, 2.15094897449e-09, 6.88771528701e-09, 1.37744562423e-08, 5.42109201973e-09, 2.75116263104e-09, 1.17746035144e-08, 1.22734329366e-08, 1.14307461274e-08, 8.33813462719e-09, 2.25835758982e-08, 8.8860687697e-09, 4.96019714191e-09, 1.17076801587e-08, 2.63084558583e-08, 1.72877161475e-08, 1.00949453241e-08, 3.97438615352e-09, 4.08644185157e-09, 3.30218297151e-09, 1.29493296086e-08, 1.52406123277e-08, 5.95104232559e-09, 6.41474207086e-09, 6.00942140494e-09, 1.76735035495e-08, 1.6292794669e-08, 8.81649597773e-09, 1.01586072887e-08, 1.49402730187e-08, 9.07246811011e-09, 4.58185178687e-09, 7.43078842902e-09, 6.70051258922e-09, 4.40761516174e-09, 2.33586727738e-09, 1.22100041189e-09, 2.28324692486e-09, 3.33807914643e-09, 2.89459545222e-09, 1.94725924274e-09, 1.79946924028e-09, 2.70457456431e-09, 2.40533037932e-09, 2.30564656256e-09, 2.43648456966e-09, 2.64537303174e-09, 1.71092184864e-09, 1.30725497094e-09, 2.06138262016e-09, 1.55824420034e-09, 1.10712539136e-09, 1.30828825551e-09, 1.27587296284e-09, 1.04182495964e-09, 9.09908870472e-10, 8.62807270074e-10, 7.48305639675e-10, 6.44318653986e-10, 6.49005960085e-10, 5.98198657276e-10, 5.07387465376e-10, 4.6819531585e-10, 4.53123094601e-10, 4.11568612524e-10, 3.27061655536e-10, 3.41021877404e-10, 4.13874795546e-10, 3.98130889367e-10, 3.18955112322e-10, 2.55264115401e-10, 1.40610387916e-11, 2.58262730863e-13, 2.19195768849e-13, 1.82959170817e-13, 2.2277316168e-13, 2.44734869306e-13, 1.9881326945e-13, 2.05614957569e-13, 2.22820216054e-13, 2.38484037206e-13, 1.9717875336e-13, 2.61883071652e-13, 2.25608458781e-13, 2.21303308795e-13, 2.31279649295e-13, 2.13937198577e-13, 1.4888968964e-13, 2.14690597114e-13, 2.44215943041e-13, 2.23600665436e-13, 1.91778044183e-13, 6.13275231921e-14, 9.47872558438e-15, 3.69867868438e-16],
        "stdev": [3.12351839966e-05, 4.75560918858e-05, 5.0379861932e-05, 4.50038860436e-05, 5.17580519954e-05, 2.34221497522e-05, 2.48308970185e-05, 7.00199088897e-05, 9.14805641514e-05, 0.000153231259901, 0.000190458202269, 0.000109687178337, 8.32296791486e-05, 0.000195385684492, 0.000446221529273, 0.000998211558908, 0.00127081433311, 0.000706029299181, 0.000926158158109, 0.00198979512788, 0.00180840573739, 0.00110433984082, 0.00241572130471, 0.00207986682653, 0.00125417485833, 0.000626842142083, 0.000327368499711, 0.000621432031039, 0.000513450533617, 0.000331680173986, 0.000150224659592, 0.000130633707158, 0.000461843301309, 0.000573478639126, 0.000568115385249, 0.000731946376618, 0.000770812854171, 0.000203549963771, 0.000190400271094, 0.000134564586915, 0.000118095187645, 8.64652101882e-05, 0.000148237944813, 0.000130116284708, 0.000127868479467, 9.17779616429e-05, 0.000167920894455, 0.000109529413749, 5.23284397786e-05, 1.59327191795e-05, 4.71982348245e-05, 5.42757297808e-05, 6.64254039293e-05, 0.000105152379547, 0.00020041395328, 0.000170341780176, 0.000167525591678, 9.05720953597e-05, 5.59940745006e-05, 7.07492508809e-05, 3.82023936254e-05, 1.7817978005e-05, 2.19451139856e-05, 9.76775390882e-06, 6.6022048486e-06, 3.4407446492e-06, 3.47368495568e-06, 4.8098163461e-06, 4.31012585977e-06, 1.10426208266e-06, 1.84944292414e-06, 3.72321233044e-06, 1.48008984979e-06, 1.37052916216e-06, 1.2824367559e-06, 1.71231295099e-06, 1.74891135885e-06, 1.53478356424e-06, 1.31038336804e-06, 9.97999904939e-07, 5.70445479298e-07, 8.04594776582e-07, 9.05532999695e-07, 6.74069383422e-07, 7.04421665887e-07, 8.06887157978e-07, 5.88968532611e-07, 3.80868016236e-07, 2.45409239596e-07, 2.60951651398e-07, 1.97699918658e-07, 2.26421235539e-07, 1.49111869518e-07, 1.4603483578e-07, 8.19457852685e-08, 3.23975513083e-08, 1.10189555258e-08, 1.51361789769e-09, 1.04580888394e-09, 9.76840608402e-10, 9.79379910504e-10, 9.57038226446e-10, 8.83395523399e-10, 7.82727105353e-10, 6.12888073626e-10, 5.57095147791e-10, 5.33325661412e-10, 5.09721598263e-10, 4.88446449953e-10, 4.68834748801e-10, 4.50001869101e-10, 4.32150093488e-10, 4.16003426151e-10, 4.00492805586e-10, 3.86204068725e-10, 3.73466702008e-10, 3.61627006118e-10, 3.50439649521e-10, 3.41000089277e-10, 3.31586286206e-10, 3.23642473932e-10, 3.16859261051e-10, 3.09944292454e-10, 3.04571895482e-10, 3.00257152475e-10, 2.96591640137e-10, 2.93758434244e-10, 2.92169760607e-10]
    },
    "mfcc": {
        "mean": [-740.444213867, 164.0546875, -64.0648193359, 19.727722168, -12.5365800858, -14.4277048111, -22.5141410828, 8.18862533569, -0.973850548267, -11.2018003464, 4.34201002121, 7.74596214294, 0.660587966442],
        "cov": [[2873.56494141, 194.757095337, -975.994628906, 133.100296021, -297.636749268, -118.725097656, -268.592315674, 307.728942871, 24.5058097839, -295.561950684, 226.133331299, 332.890289307, -38.2041397095], [194.757095337, 959.508544922, -232.059570312, -311.486907959, 292.863739014, -305.681762695, -91.4750595093, 37.3586349487, 88.5036010742, -232.398086548, 89.2274475098, 28.3635025024, -66.3233261108], [-975.994628906, -232.059570312, 661.706787109, 79.7956542969, -7.24558162689, 152.382446289, 102.155799866, -73.3713378906, -40.855632782, 142.533050537, -139.496856689, -78.9122924805, 4.80976581573], [133.100296021, -311.486907959, 79.7956542969, 344.646728516, -1.7392295599, 72.6065368652, -66.9711151123, -44.785118103, -42.8505439758, 50.6905860901, -37.52394104, 0.266491889954, 45.5458068848], [-297.636749268, 292.863739014, -7.24558162689, -1.7392295599, 453.972229004, -19.9927787781, -168.299301147, -130.178665161, -18.6242141724, -38.592124939, 26.8196964264, -66.7696838379, -12.885304451], [-118.725097656, -305.681762695, 152.382446289, 72.6065368652, -19.9927787781, 302.810394287, 52.0954780579, -81.0314483643, -55.1901245117, 103.911224365, -34.5670776367, -36.1219825745, 15.6188573837], [-268.592315674, -91.4750595093, 102.155799866, -66.9711151123, -168.299301147, 52.0954780579, 263.389312744, 55.3269195557, 8.11227989197, 65.102394104, -52.8308868408, -11.2062702179, 16.5223999023], [307.728942871, 37.3586349487, -73.3713378906, -44.785118103, -130.178665161, -81.0314483643, 55.3269195557, 217.169113159, 39.9265823364, -90.4457626343, 42.4404983521, 91.0960693359, -13.804983139], [24.5058097839, 88.5036010742, -40.855632782, -42.8505439758, -18.6242141724, -55.1901245117, 8.11227989197, 39.9265823364, 95.2640533447, -12.3662471771, 6.41933965683, 8.37391281128, -25.5579929352], [-295.561950684, -232.398086548, 142.533050537, 50.6905860901, -38.592124939, 103.911224365, 65.102394104, -90.4457626343, -12.3662471771, 206.083221436, -41.5719032288, -75.3800582886, 6.5316901207], [226.133331299, 89.2274475098, -139.496856689, -37.52394104, 26.8196964264, -34.5670776367, -52.8308868408, 42.4404983521, 6.41933965683, -41.5719032288, 146.905731201, 66.035987854, -21.9579792023], [332.890289307, 28.3635025024, -78.9122924805, 0.266491889954, -66.7696838379, -36.1219825745, -11.2062702179, 91.0960693359, 8.37391281128, -75.3800582886, 66.035987854, 163.979675293, 25.627948761], [-38.2041397095, -66.3233261108, 4.80976581573, 45.5458068848, -12.885304451, 15.6188573837, 16.5223999023, -13.804983139, -25.5579929352, 6.5316901207, -21.9579792023, 25.627948761, 111.680511475]],
        "icov": [[0.00514617050067, -0.00579229556024, 0.00753566715866, -0.0057803443633, 0.00667642382905, -0.0067321723327, 0.00706165330485, -0.00635659554973, 0.00471807550639, -0.00409884378314, 0.00422812346369, -0.00493772281334, 0.0035185769666], [-0.00579229556024, 0.0107829971239, -0.00850466173142, 0.008958700113, -0.00997490715235, 0.0102467676625, -0.00911707431078, 0.0086680855602, -0.0069882790558, 0.0076497788541, -0.00525713246316, 0.00504450686276, -0.00326658389531], [0.00753566715866, -0.00850466173142, 0.0133872544393, -0.00867804978043, 0.00924712885171, -0.010394429788, 0.00983930844814, -0.00969108846039, 0.00759503664449, -0.00721270265058, 0.00829038303345, -0.00780894467607, 0.00593867804855], [-0.0057803443633, 0.008958700113, -0.00867804978043, 0.0119359502569, -0.00855845585465, 0.00847478024662, -0.00643228832632, 0.00740051129833, -0.00528977438807, 0.00507006887347, -0.00379034806974, 0.00469596032053, -0.00478729605675], [0.00667642382905, -0.00997490715235, 0.00924712885171, -0.00855845585465, 0.0139964753762, -0.0101056098938, 0.0115712676197, -0.00701843621209, 0.00686650862917, -0.00540454592556, 0.00429166015238, -0.00433165533468, 0.00362622155808], [-0.0067321723327, 0.0102467676625, -0.010394429788, 0.00847478024662, -0.0101056098938, 0.0153552778065, -0.0109671633691, 0.0105962408707, -0.00530337495729, 0.00610130932182, -0.00626890128478, 0.0056910472922, -0.00371642061509], [0.00706165330485, -0.00911707431078, 0.00983930844814, -0.00643228832632, 0.0115712676197, -0.0109671633691, 0.0174323748797, -0.0117646344006, 0.00702115707099, -0.00862372387201, 0.00768764456734, -0.00587936863303, 0.00300824921578], [-0.00635659554973, 0.0086680855602, -0.00969108846039, 0.00740051129833, -0.00701843621209, 0.0105962408707, -0.0117646344006, 0.0187306199223, -0.00853040907532, 0.0101857865229, -0.00737660424784, 0.00350134330802, -0.00266510667279], [0.00471807550639, -0.0069882790558, 0.00759503664449, -0.00528977438807, 0.00686650862917, -0.00530337495729, 0.00702115707099, -0.00853040907532, 0.018610233441, -0.00686435215175, 0.00575596047565, -0.00517623312771, 0.00571472616866], [-0.00409884378314, 0.0076497788541, -0.00721270265058, 0.00507006887347, -0.00540454592556, 0.00610130932182, -0.00862372387201, 0.0101857865229, -0.00686435215175, 0.0153379430994, -0.00636378023773, 0.00682236207649, -0.00284292316064], [0.00422812346369, -0.00525713246316, 0.00829038303345, -0.00379034806974, 0.00429166015238, -0.00626890128478, 0.00768764456734, -0.00737660424784, 0.00575596047565, -0.00636378023773, 0.0160105507821, -0.00926155410707, 0.00579843483865], [-0.00493772281334, 0.00504450686276, -0.00780894467607, 0.00469596032053, -0.00433165533468, 0.0056910472922, -0.00587936863303, 0.00350134330802, -0.00517623312771, 0.00682236207649, -0.00926155410707, 0.0169383510947, -0.00755669968203], [0.0035185769666, -0.00326658389531, 0.00593867804855, -0.00478729605675, 0.00362622155808, -0.00371642061509, 0.00300824921578, -0.00266510667279, 0.00571472616866, -0.00284292316064, 0.00579843483865, -0.00755669968203, 0.0144263105467]]
    },
    "spectral_contrast_coeffs": {
        "max": [-0.502755343914, -0.416518300772, -0.471430242062, -0.564820051193, -0.526665687561, -0.514307081699],
        "mean": [-0.715300381184, -0.668283045292, -0.692771911621, -0.743942141533, -0.703239202499, -0.736528337002],
        "min": [-0.923518359661, -0.884104251862, -0.87895488739, -0.890521883965, -0.879661798477, -0.883001446724],
        "stdev": [0.0663525983691, 0.0991112738848, 0.0650779902935, 0.0543974041939, 0.081341765821, 0.0619137622416]
    },
    "spectral_contrast_valleys": {
        "max": [-6.8731803894, -5.93863201141, -6.16248130798, -6.48484325409, -7.02662992477, -9.68531131744],
        "mean": [-8.35592556, -7.46338272095, -8.2420539856, -8.37390708923, -8.64512443542, -12.3305454254],
        "min": [-9.95953845978, -9.39427566528, -10.3813362122, -10.5088596344, -10.0049962997, -12.7347545624],
        "stdev": [0.479777157307, 0.587780296803, 0.700207948685, 0.646038293839, 0.621578812599, 0.223898142576]
    }
},
"rhythm": {
    "beats_count": 68,
    "beats_loudness": {
        "max": 0.117113299668,
        "mean": 0.0157166831195,
        "min": 8.93566102604e-05,
        "stdev": 0.0199912600219
    },
    "bpm": 122.496917725,
    "bpm_histogram_first_peak_bpm": 123,
    "bpm_histogram_first_peak_weight": 0.519999980927,
    "bpm_histogram_second_peak_bpm": 136,
    "bpm_histogram_second_peak_spread": 0.41666662693,
    "bpm_histogram_second_peak_weight": 0.104477614164,
    "danceability": 0.940541505814,
    "onset_rate": 2.49169898033,
    "beats_loudness_band_ratio": {
        "max": [0.407795190811, 0.598779916763, 0.885230958462, 0.564786195755, 0.775255024433, 0.641677320004],
        "mean": [0.0537928044796, 0.155626893044, 0.395431399345, 0.20621059835, 0.2157292068, 0.0340721122921],
        "min": [0.00160218717065, 0.00623148819432, 0.0499295890331, 0.0178701169789, 0.013281552121, 0.00101628736593],
        "stdev": [0.0768325030804, 0.151322618127, 0.19718657434, 0.132599204779, 0.156575515866, 0.0891781821847]
    },
    "beats_position": [0.394739210606, 0.812698423862, 1.23065757751, 1.64861679077, 2.06657600403, 2.48453521729, 2.90249419212, 3.30884337425, 3.7151927948, 4.12154197693, 4.52789115906, 4.93424034119, 5.34058952332, 5.74693870544, 6.17650794983, 6.6176867485, 7.05886602402, 7.50004529953, 7.94122457504, 8.38240337372, 8.8119726181, 9.26476192474, 9.70594120026, 10.1471195221, 10.5650787354, 10.9946479797, 11.4474372864, 11.9582767487, 12.4691152573, 12.9799547195, 13.4675731659, 13.9551925659, 14.4312019348, 14.90721035, 15.3948297501, 15.8824491501, 16.3468475342, 16.8112468719, 17.2872562408, 17.8329238892, 18.3669834137, 18.9010429382, 19.458322525, 20.0156002045, 20.5728797913, 21.1185474396, 21.6642169952, 22.221496582, 22.7439460754, 23.2780036926, 23.7772331238, 24.2648525238, 24.7524719238, 25.2516994476, 25.7509288788, 26.2501583099, 26.7493877411, 27.2486171722, 27.747844696, 28.2470741272, 28.7346935272, 29.2107028961, 29.6983222961, 30.1859397888, 30.6735591888, 31.1611785889, 31.6487979889, 32.1480255127],
