{
"metadata": {
    "version": {
        "essentia": "2.1-beta5",
        "essentia_git_sha": "Undefined",
        "extractor": "music 2.0"
    },
    "audio_properties": {
        "analysis": {
            "equal_loudness": 0,
            "length": 48.7502937317,
            "sample_rate": 44100,
            "start_time": 77.7520217896,
            "downmix": "mix"
        },
        "bit_rate": 192000,
        "length": 261.224487305,
        "lossless": 0,
        "number_channels": 2,
        "replay_gain": 1.14659309387,
        "sample_rate": 44100,
        "codec": "mp3",
        "md5_encoded": "008d4d22d446e2c75542403932287e8e"
    },
    "tags": {
        "file_name": "Denmark_Det Var En Yndig Tid_Katy Bødtger.mp3",
        "encoding": ["Lavf58.29.100"]
    }
},
"lowlevel": {
    "average_loudness": 0.945331573486,
    "barkbands_crest": {
        "max": 26.6268920898,
        "mean": 14.0428953171,
        "min": 3.45086240768,
        "stdev": 5.64298009872
    },
    "barkbands_flatness_db": {
        "max": 0.418614476919,
        "mean": 0.228430449963,
        "min": 0.0861606150866,
        "stdev": 0.0577020458877
    },
    "barkbands_kurtosis": {
        "max": 331.161956787,
        "mean": 10.2312250137,
        "min": -1.58867204189,
        "stdev": 19.8777770996
    },
    "barkbands_skewness": {
        "max": 14.7110691071,
        "mean": 1.96394181252,
        "min": -1.52238917351,
        "stdev": 1.82736814022
    },
    "barkbands_spread": {
        "max": 26.8338050842,
        "mean": 7.40377998352,
        "min": 0.195185124874,
        "stdev": 4.71383857727
    },
    "dissonance": {
        "max": 0.499176621437,
        "mean": 0.41211938858,
        "min": 0.179741740227,
        "stdev": 0.0526160597801
    },
    "dynamic_complexity": 3.49290895462,
    "erbbands_crest": {
        "max": 33.0788154602,
        "mean": 14.8690071106,
        "min": 4.14745426178,
        "stdev": 6.32645845413
    },
    "erbbands_flatness_db": {
        "max": 0.435856282711,
        "mean": 0.278002381325,
        "min": 0.158226460218,
        "stdev": 0.0502420179546
    },
    "erbbands_kurtosis": {
        "max": 125.652664185,
        "mean": 3.096971035,
        "min": -1.8003064394,
        "stdev": 6.62364721298
    },
    "erbbands_skewness": {
        "max": 9.35010814667,
        "mean": 1.14907026291,
        "min": -1.67639410496,
        "stdev": 1.12546205521
    },
    "erbbands_spread": {
        "max": 45.5988693237,
        "mean": 16.8205318451,
        "min": 0.899186074734,
        "stdev": 9.01115703583
    },
    "hfc": {
        "max": 71.318611145,
        "mean": 12.4032316208,
        "min": 0.217726990581,
        "stdev": 11.5927696228
    },
    "loudness_ebu128": {
        "integrated": -26.5943393707,
        "loudness_range": 3.00231361389,
        "momentary": {
            "max": -21.9063911438,
            "mean": -27.330116272,
            "min": -36.5451812744,
            "stdev": 2.77653431892
        },
        "short_term": {
            "max": -24.9560565948,
            "mean": -26.775346756,
            "min": -29.2548789978,
            "stdev": 0.990156948566
        }
    },
    "melbands_crest": {
        "max": 33.3332252502,
        "mean": 16.4691104889,
        "min": 4.69759082794,
        "stdev": 6.39445447922
    },
    "melbands_flatness_db": {
        "max": 0.496547490358,
        "mean": 0.294642925262,
        "min": 0.145146295428,
        "stdev": 0.061046268791
    },
    "melbands_kurtosis": {
        "max": 175.551055908,
        "mean": 14.594168663,
        "min": -1.4257953167,
        "stdev": 23.3476924896
    },
    "melbands_skewness": {
        "max": 10.4318304062,
        "mean": 2.208091259,
        "min": -2.21450805664,
        "stdev": 1.9887958765
    },
    "melbands_spread": {
        "max": 41.7544937134,
        "mean": 10.5449314117,
        "min": 0.351013302803,
        "stdev": 7.13163137436
    },
    "pitch_salience": {
        "max": 0.882482469082,
        "mean": 0.498570203781,
        "min": 0.0690324306488,
        "stdev": 0.155861973763
    },
    "silence_rate_20dB": {
        "max": 1,
        "mean": 1,
        "min": 1,
        "stdev": 0
    },
    "silence_rate_30dB": {
        "max": 1,
        "mean": 0.998096168041,
        "min": 0,
        "stdev": 0.0435914844275
    },
    "silence_rate_60dB": {
        "max": 1,
        "mean": 0.147548779845,
        "min": 0,
        "stdev": 0.354653835297
    },
    "spectral_centroid": {
        "max": 2165.0246582,
        "mean": 792.668640137,
        "min": 312.217285156,
        "stdev": 297.766143799
    },
    "spectral_complexity": {
        "max": 25,
        "mean": 10.0442647934,
        "min": 1,
        "stdev": 3.5546245575
    },
    "spectral_decrease": {
        "max": -5.84475731702e-11,
        "mean": -4.95584151494e-09,
        "min": -3.67802144297e-08,
        "stdev": 4.68062966164e-09
    },
    "spectral_energy": {
        "max": 0.144362866879,
        "mean": 0.0198295023292,
        "min": 0.0002403427643,
        "stdev": 0.0185864046216
    },
    "spectral_energyband_high": {
        "max": 8.35384198581e-05,
        "mean": 9.09061964194e-06,
        "min": 3.22624600813e-06,
        "stdev": 7.01395492797e-06
    },
    "spectral_energyband_low": {
        "max": 0.00215136213228,
        "mean": 0.000133627734613,
        "min": 4.49161370852e-06,
        "stdev": 0.000194949258002
    },
    "spectral_energyband_middle_high": {
        "max": 0.0689985826612,
        "mean": 0.00459178816527,
        "min": 5.61047854717e-05,
        "stdev": 0.00791111588478
    },
    "spectral_energyband_middle_low": {
        "max": 0.143716812134,
        "mean": 0.0154994893819,
        "min": 7.18195660738e-05,
        "stdev": 0.0174301862717
    },
    "spectral_entropy": {
        "max": 7.96530485153,
        "mean": 6.5506978035,
        "min": 4.62368440628,
        "stdev": 0.455253750086
    },
    "spectral_flux": {
        "max": 0.279074251652,
        "mean": 0.0665677189827,
        "min": 0.00889958441257,
        "stdev": 0.0421586111188
    },
    "spectral_kurtosis": {
        "max": 46.9258995056,
        "mean": 17.0830097198,
        "min": 5.00468254089,
        "stdev": 6.72894716263
    },
    "spectral_rms": {
        "max": 0.0118676796556,
        "mean": 0.00392048805952,
        "min": 0.00048423212138,
        "stdev": 0.00199389201589
    },
    "spectral_rolloff": {
        "max": 2820.84960938,
        "mean": 923.929931641,
        "min": 279.931640625,
        "stdev": 501.017272949
    },
    "spectral_skewness": {
        "max": 5.61789751053,
        "mean": 3.02192568779,
        "min": 1.37534594536,
        "stdev": 0.618198573589
    },
    "spectral_spread": {
        "max": 16911712,
        "mean": 2514476.75,
        "min": 1331202.125,
        "stdev": 655038
    },
    "spectral_strongpeak": {
        "max": 8.43960952759,
        "mean": 1.74195516109,
        "min": 0.0138903139159,
        "stdev": 1.47344386578
    },
    "zerocrossingrate": {
        "max": 0.0830078125,
        "mean": 0.0353651829064,
        "min": 0.0087890625,
        "stdev": 0.0122633175924
    },
    "barkbands": {
        "max": [3.64788429579e-05, 0.000503006216604, 0.00116424914449, 0.00240348768421, 0.0350334346294, 0.108901150525, 0.138061240315, 0.0566533952951, 0.0678656175733, 0.053811378777, 0.0580158270895, 0.0140027785674, 0.0187894515693, 0.00552989495918, 0.011755081825, 0.00735656032339, 0.00425739632919, 0.0017557926476, 0.000416740978835, 0.000111325214675, 4.24989812018e-05, 4.76802779303e-06, 1.00054103314e-06, 1.49309687458e-06, 2.64940285888e-06, 1.7535154484e-06, 4.73862428407e-07],
        "mean": [4.23555502493e-06, 3.36569391948e-05, 3.5288008803e-05, 0.000128140061861, 0.00157073733862, 0.00577634945512, 0.00363211659715, 0.00119544193149, 0.00251628644764, 0.00168360560201, 0.00155013054609, 0.000432113331044, 0.00019628078735, 0.000220040165004, 0.000308272370603, 0.000207742705243, 0.00021789681341, 7.65187724028e-05, 3.03781525872e-05, 8.30376211525e-06, 1.99417127078e-06, 6.44549515982e-07, 4.90356626415e-07, 8.17560589894e-07, 1.57885779117e-06, 4.36684700844e-07, 2.22189058263e-08],
        "min": [8.51513846101e-08, 7.65745596709e-07, 4.12174721021e-08, 1.78877385792e-07, 2.32936031352e-06, 1.38326936394e-06, 1.22731364627e-06, 6.82645236338e-07, 1.85777878414e-06, 1.08932556486e-06, 1.04959315195e-06, 6.51710934108e-07, 7.31610839466e-07, 5.9982988887e-07, 9.43294367062e-07, 5.75139949888e-07, 9.25561721488e-07, 4.88280591071e-07, 3.10857558361e-07, 2.04992005592e-07, 1.91235045577e-07, 1.99230626663e-07, 2.23820805445e-07, 3.4828079265e-07, 3.94723485897e-07, 1.98318829803e-07, 4.04373395879e-10],
        "stdev": [3.22358437188e-06, 4.06867475249e-05, 7.86188029451e-05, 0.000236612657318, 0.00303347804584, 0.0118554830551, 0.0100309755653, 0.00309527874924, 0.00649280054495, 0.00528400670737, 0.00460417754948, 0.00131508219056, 0.000691112596542, 0.000481979717733, 0.000830895267427, 0.000488587305881, 0.000396634306526, 0.000126890023239, 4.2703057261e-05, 1.0944366295e-05, 2.91081778414e-06, 3.19964783557e-07, 1.14043920973e-07, 1.58848109777e-07, 2.70889984222e-07, 1.00422980154e-07, 1.92344451477e-08]
    },
    "erbbands": {
        "max": [0.0069380751811, 0.133069291711, 0.739206373692, 4.25386142731, 15.7588386536, 111.453590393, 538.894104004, 1390.85424805, 2434.09106445, 1986.45910645, 1497.67272949, 1907.81335449, 1867.11938477, 2131.36914062, 1730.95178223, 625.625671387, 711.620849609, 273.458709717, 412.706115723, 404.914459229, 265.386077881, 276.538391113, 82.4664306641, 31.7949981689, 9.46692180634, 5.93089914322, 2.95701527596, 0.720390677452, 0.230805054307, 0.0463004410267, 0.0324019379914, 0.0307545401156, 0.0318850837648, 0.0293955635279, 0.0219649858773, 0.00844274926931, 0.00227354769595, 0.00065898388857, 6.97456489434e-05, 0.000161377218319],
        "mean": [0.000631151895504, 0.00895796529949, 0.0347846671939, 0.27313926816, 1.16310703754, 6.61814212799, 24.127117157, 52.4334220886, 50.4787559509, 46.6177024841, 32.5075302124, 55.471408844, 59.026966095, 59.2002716064, 42.0579185486, 17.1499958038, 9.53489398956, 11.0301218033, 13.0948095322, 15.2590370178, 11.2050008774, 11.5747375488, 5.26596736908, 2.73115730286, 0.773748278618, 0.370400100946, 0.145235240459, 0.0521014742553, 0.024250254035, 0.0173943396658, 0.0143929449841, 0.0145754190162, 0.0156784895808, 0.01636720635, 0.0115231256932, 0.00343144615181, 0.00046652337187, 5.49293254153e-05, 1.14800068332e-05, 2.28170283663e-05],
        "min": [2.31596241065e-05, 8.81520390976e-05, 0.000745590135921, 0.00114237936214, 0.00304798455909, 0.00755551178008, 0.00745260110125, 0.0194148048759, 0.0447647199035, 0.0329356826842, 0.0886021107435, 0.111201137304, 0.229693010449, 0.0804072320461, 0.0799683779478, 0.050570409745, 0.0474596731365, 0.0819508954883, 0.0681690275669, 0.0657296404243, 0.0521564595401, 0.0545275211334, 0.0349805951118, 0.0243989042938, 0.0182220432907, 0.0103413732722, 0.0100220404565, 0.00664077047259, 0.00657197926193, 0.00612677494064, 0.00622364785522, 0.0062395692803, 0.00560643570498, 0.00481966510415, 0.00248886900954, 0.00141105172224, 0.000239317829255, 1.17892059279e-05, 7.30863064291e-07, 3.40323765613e-07],
        "stdev": [0.00061114539858, 0.0110482005402, 0.0563740953803, 0.481781214476, 1.7840064764, 11.7171602249, 51.4129295349, 127.375434875, 146.211624146, 134.592056274, 79.0221939087, 147.504013062, 175.990432739, 160.047775269, 117.646133423, 50.338306427, 27.802816391, 24.0822849274, 30.0921096802, 33.7883682251, 19.9620895386, 20.8568630219, 8.15933609009, 3.62736916542, 0.922410070896, 0.507695257664, 0.217476323247, 0.0546491369605, 0.0140966847539, 0.00492502935231, 0.0034236847423, 0.00323031446896, 0.00323244091123, 0.00317605957389, 0.00224391440861, 0.000682592741214, 0.000111311375804, 3.22189189319e-05, 9.46705222304e-06, 2.11047281482e-05]
    },
    "gfcc": {
        "mean": [-100.214782715, 129.020751953, -146.15788269, -24.5221061707, -60.0590209961, -17.5618991852, -60.816783905, 15.4597702026, -25.2413864136, -4.971534729, -11.3034849167, -0.865011453629, 1.7177054882],
        "cov": [[1193.10266113, 342.116027832, -401.142822266, -221.445281982, 170.604156494, -219.589080811, 107.704902649, -70.8284988403, -30.2795982361, -124.810302734, 58.3485031128, -62.941493988, 108.213615417], [342.116027832, 252.301040649, 98.5443954468, -48.5190353394, -7.45768785477, -81.9904632568, -26.2498283386, -69.8909378052, -24.6604042053, -57.174911499, 4.9430398941, -36.205242157, 7.39517498016], [-401.142822266, 98.5443954468, 571.958190918, 171.544509888, -160.35496521, -67.4851760864, -169.214294434, -68.4630203247, 14.880906105, 21.6094856262, -3.3569009304, 24.1704921722, -48.739276886], [-221.445281982, -48.5190353394, 171.544509888, 306.888702393, 42.8241157532, -70.0435562134, -131.705093384, -9.82003688812, -3.69918417931, 11.3218011856, -62.4779090881, 6.56802082062, -17.623260498], [170.604156494, -7.45768785477, -160.35496521, 42.8241157532, 152.878890991, 29.8567829132, 17.2062091827, -1.84871184826, -15.3456125259, -25.3354358673, -23.3346786499, -8.82625293732, 27.3919715881], [-219.589080811, -81.9904632568, -67.4851760864, -70.0435562134, 29.8567829132, 289.503845215, 144.65385437, 28.217458725, -64.1487121582, 10.8523006439, -26.4591503143, -7.39236927032, -27.9099445343], [107.704902649, -26.2498283386, -169.214294434, -131.705093384, 17.2062091827, 144.65385437, 238.813156128, 74.8115463257, -54.4266281128, -29.3397121429, 18.4096698761, -11.3731412888, 10.0322999954], [-70.8284988403, -69.8909378052, -68.4630203247, -9.82003688812, -1.84871184826, 28.217458725, 74.8115463257, 124.532264709, 54.7739753723, 6.34855079651, -17.8873920441, -5.13204336166, -14.9138526917], [-30.2795982361, -24.6604042053, 14.880906105, -3.69918417931, -15.3456125259, -64.1487121582, -54.4266281128, 54.7739753723, 149.266113281, 76.8749389648, 11.0650367737, 1.73318827152, -4.08214092255], [-124.810302734, -57.174911499, 21.6094856262, 11.3218011856, -25.3354358673, 10.8523006439, -29.3397121429, 6.34855079651, 76.8749389648, 121.047142029, 52.0138702393, 11.5410900116, -22.1368026733], [58.3485031128, 4.9430398941, -3.3569009304, -62.4779090881, -23.3346786499, -26.4591503143, 18.4096698761, -17.8873920441, 11.0650367737, 52.0138702393, 120.588500977, 52.5209236145, 11.8557662964], [-62.941493988, -36.205242157, 24.1704921722, 6.56802082062, -8.82625293732, -7.39236927032, -11.3731412888, -5.13204336166, 1.73318827152, 11.5410900116, 52.5209236145, 79.6049194336, 37.3826026917], [108.213615417, 7.39517498016, -48.739276886, -17.623260498, 27.3919715881, -27.9099445343, 10.0322999954, -14.9138526917, -4.08214092255, -22.1368026733, 11.8557662964, 37.3826026917, 90.6139373779]],
        "icov": [[0.0277123060077, -0.0332782939076, 0.0180483739823, 0.00195348379202, -0.0165712554008, 0.0249207317829, -0.0235057789832, 0.0191102363169, -0.0104797109962, 0.0048291455023, -0.00379728642292, 0.00226450990885, -0.00158794620074], [-0.0332782939076, 0.0504803732038, -0.0268352888525, 0.00264395377599, 0.0137432562187, -0.0255758985877, 0.025741558522, -0.019042417407, 0.0123311495408, -0.0028179360088, 0.00346829043701, 0.00318980333395, 0.00178329239134], [0.0180483739823, -0.0268352888525, 0.0230203066021, -0.0119114536792, 0.00574066722766, 0.00637819850817, -0.0127972941846, 0.0191480703652, -0.0194952860475, 0.0167895331979, -0.0127893621102, 0.00364121166058, -0.00110617862083], [0.00195348379202, 0.00264395377599, -0.0119114536792, 0.0251648239791, -0.0249664504081, 0.0184417385608, -0.000839047715999, -0.0123010566458, 0.0249205715954, -0.0276174172759, 0.0233099330217, -0.0110668083653, 0.00312591134571], [-0.0165712554008, 0.0137432562187, 0.00574066722766, -0.0249664504081, 0.0440897941589, -0.0335616841912, 0.0172241535038, 0.00108859315515, -0.0180536620319, 0.0251942276955, -0.0195329748094, 0.0095194587484, -0.00452279439196], [0.0249207317829, -0.0255758985877, 0.00637819850817, 0.0184417385608, -0.0335616841912, 0.0436287783086, -0.0299451146275, 0.0121462577954, 0.0104600163177, -0.0216933023185, 0.0214433502406, -0.0124857071787, 0.0057586194016], [-0.0235057789832, 0.025741558522, -0.0127972941846, -0.000839047715999, 0.0172241535038, -0.0299451146275, 0.0405416190624, -0.0328044332564, 0.0175324808806, -0.00138668902218, -0.00905070826411, 0.00922661274672, -0.00756517564878], [0.0191102363169, -0.019042417407, 0.0191480703652, -0.0123010566458, 0.00108859315515, 0.0121462577954, -0.0328044332564, 0.0507586970925, -0.0398691445589, 0.0270074550062, -0.00751788448542, -0.000342926039593, 0.00796416122466], [-0.0104797109962, 0.0123311495408, -0.0194952860475, 0.0249205715954, -0.0180536620319, 0.0104600163177, 0.0175324808806, -0.0398691445589, 0.0563666857779, -0.0497000403702, 0.0287730675191, -0.0117548499256, -0.00247181486338], [0.0048291455023, -0.0028179360088, 0.0167895331979, -0.0276174172759, 0.0251942276955, -0.0216933023185, -0.00138668902218, 0.0270074550062, -0.0497000403702, 0.0655923485756, -0.0461667254567, 0.0250509995967, -0.00208608526736], [-0.00379728642292, 0.00346829043701, -0.0127893621102, 0.0233099330217, -0.0195329748094, 0.0214433502406, -0.00905070826411, -0.00751788448542, 0.0287730675191, -0.0461667254567, 0.0554002150893, -0.0377906151116, 0.0125400368124], [0.00226450990885, 0.00318980333395, 0.00364121166058, -0.0110668083653, 0.0095194587484, -0.0124857071787, 0.00922661274672, -0.000342926039593, -0.0117548499256, 0.0250509995967, -0.0377906151116, 0.0478249341249, -0.0201551057398], [-0.00158794620074, 0.00178329239134, -0.00110617862083, 0.00312591134571, -0.00452279439196, 0.0057586194016, -0.00756517564878, 0.00796416122466, -0.00247181486338, -0.00208608526736, 0.0125400368124, -0.0201551057398, 0.024142164737]]
    },
    "melbands": {
        "max": [0.000106798761408, 0.000325888104271, 0.000969965476543, 0.00405054260045, 0.0152884200215, 0.0268061086535, 0.0320536121726, 0.0175450909883, 0.0107175987214, 0.0119665004313, 0.00966410897672, 0.00787689443678, 0.00665795430541, 0.00193655537441, 0.00237072119489, 0.000700451666489, 0.000625234679319, 0.000567474111449, 0.00110423413571, 0.000724718149286, 0.000424965808634, 0.000354241201421, 0.000207358243642, 4.50899096904e-05, 3.06726105919e-05, 1.31665346998e-05, 6.06674257142e-06, 4.55133294963e-06, 2.87179796032e-06, 6.99843894836e-07, 4.68619134608e-07, 1.5383911034e-07, 5.41626974382e-08, 2.42164386322e-08, 2.04974952567e-08, 1.74791257024e-08, 1.99708445336e-08, 2.10061248396e-08, 2.75500653402e-08, 2.98998195092e-08],
        "mean": [8.09971061244e-06, 1.86593770195e-05, 6.28196357866e-05, 0.000252587225987, 0.000734340574127, 0.00117678276729, 0.000774746527895, 0.000449319282779, 0.00028447600198, 0.000357613753295, 0.000290514813969, 0.000235118772252, 0.000174681568751, 5.64225338167e-05, 3.38549107255e-05, 1.65683341038e-05, 2.1426971216e-05, 1.88286521734e-05, 2.57072388195e-05, 1.78246373252e-05, 1.20281902127e-05, 1.34619986056e-05, 6.64290246277e-06, 3.13653367812e-06, 2.21974346459e-06, 6.54316181681e-07, 3.77506808036e-07, 2.07797143048e-07, 1.08221456685e-07, 4.37292513311e-08, 2.46054749908e-08, 1.29636825719e-08, 1.25431496301e-08, 8.43818348528e-09, 8.04220334771e-09, 8.25155055395e-09, 9.15880438157e-09, 1.02248653988e-08, 1.25653700778e-08, 1.45029268594e-08],
        "min": [3.43847091244e-07, 3.59446460152e-07, 3.17744820677e-07, 5.03085516357e-07, 1.80830625141e-07, 2.56618847061e-07, 5.45722286915e-07, 3.45013177139e-07, 1.8415025238e-07, 2.76158914403e-07, 6.67871063342e-07, 1.13588249917e-07, 1.28502804841e-07, 8.09220992437e-08, 8.17291407884e-08, 8.53539958712e-08, 3.95874550918e-08, 9.43710176671e-08, 8.71130367841e-08, 4.54041106934e-08, 3.7278496734e-08, 5.19164657931e-08, 3.40063195381e-08, 2.50657201661e-08, 1.46485650276e-08, 8.30989854705e-09, 5.91520921134e-09, 6.19050144479e-09, 4.45373382618e-09, 4.14226297707e-09, 3.2545133255e-09, 2.81795653478e-09, 4.0046290728e-09, 2.44738695976e-09, 3.02026714749e-09, 3.04894864911e-09, 3.72630015733e-09, 3.87689969017e-09, 4.09254452549e-09, 4.00632149677e-09],
        "stdev": [8.61994067236e-06, 2.62357862084e-05, 9.5391056675e-05, 0.000437545095338, 0.00146254664287, 0.00265430333093, 0.00205449061468, 0.00124383263756, 0.000745207653381, 0.000993492314592, 0.000899088394362, 0.000661208527163, 0.000513179751579, 0.000178146205144, 0.000117709481856, 5.16345826327e-05, 5.05179523316e-05, 4.35457404819e-05, 7.53351487219e-05, 4.4367814553e-05, 2.29934448726e-05, 2.54269234574e-05, 1.34422407427e-05, 4.44643319497e-06, 3.24523989548e-06, 1.01972204902e-06, 5.07290963014e-07, 3.23452979956e-07, 1.90870963479e-07, 5.74187808411e-08, 2.98361122475e-08, 8.99337226912e-09, 4.67062832854e-09, 2.60774446481e-09, 2.23110441233e-09, 2.21436247116e-09, 2.34967401092e-09, 2.47348075355e-09, 3.09237524476e-09, 3.25919868871e-09]
    },
    "melbands128": {
        "max": [1.60812232934e-05, 3.00894862448e-05, 0.0001547770662, 0.000259779335465, 0.000159018352861, 0.000759479298722, 0.00108067318797, 0.00170614640228, 0.00176855886821, 0.00542466295883, 0.00741559127346, 0.0161731913686, 0.0273348130286, 0.0304868351668, 0.0411920025945, 0.0351067148149, 0.0572760589421, 0.0419674105942, 0.031299572438, 0.0330042093992, 0.0124125257134, 0.020218487829, 0.0139869553968, 0.016631372273, 0.0205850861967, 0.0256906468421, 0.0240043587983, 0.0181594640017, 0.0159002691507, 0.0141466315836, 0.0158616155386, 0.0136235309765, 0.0127685004845, 0.00801998376846, 0.00412241788581, 0.00411105807871, 0.00338391843252, 0.00365587417036, 0.00509826699272, 0.00128744635731, 0.00129783409648, 0.00143612246029, 0.000928482040763, 0.00146144337486, 0.00101293402258, 0.00111879850738, 0.00181934726425, 0.00270324572921, 0.00165399943944, 0.00118630146608, 0.00155295280274, 0.000909891037736, 0.000419091287768, 0.000801568618044, 0.000765956938267, 0.000682400888763, 0.00048560166033, 0.000392349844333, 0.000270215445198, 0.00017757738533, 5.24447823409e-05, 9.03392574401e-05, 6.90868037054e-05, 5.13502272952e-05, 4.46965095762e-05, 1.94428284885e-05, 1.09471120595e-05, 6.79051254338e-06, 1.14035392471e-05, 1.25520600704e-05, 8.0716336015e-06, 6.37559878669e-06, 4.07986817663e-06, 4.36246318714e-06, 3.16572754855e-06, 1.1097447441e-06, 4.59897535166e-07, 7.63503066992e-07, 6.07012111686e-07, 2.31891306157e-07, 1.90170410974e-07, 2.8494741855e-07, 1.43115386209e-07, 5.79358641062e-08, 3.88683467634e-08, 3.46716468869e-08, 3.98297821391e-08, 2.68498858702e-08, 2.62230379633e-08, 2.95535524941e-08, 2.59285481974e-08, 2.56013077404e-08, 3.6300797035e-08, 2.43913333975e-08, 3.47733823958e-08, 3.07635801278e-08, 2.9219068054e-08, 3.3138594091e-08, 3.44024861931e-08, 3.99823107955e-08, 3.37015535479e-08, 4.25241282187e-08, 3.79449076604e-08, 4.93118967881e-08, 3.29724336723e-08, 3.02650420281e-08, 2.79428853389e-08, 2.79567604622e-08, 2.17676614511e-08, 1.16497629321e-08, 9.15976805516e-09, 9.03724473034e-09, 6.83109124822e-09, 9.08573571934e-09, 9.58215995439e-09, 1.35841311533e-08, 5.50725687276e-09, 2.02872274535e-09, 1.97219818254e-09, 1.91450899578e-09, 1.88287674341e-09, 1.81378334574e-09, 1.81364590013e-09, 1.7703294386e-09, 1.75164971417e-09, 1.7519540263e-09, 1.72104652751e-09, 1.6987832252e-09],
        "mean": [2.92784989142e-06, 3.32350327881e-06, 1.08827634904e-05, 1.60496219905e-05, 1.2285383491e-05, 2.07203738682e-05, 5.21064648638e-05, 6.5408370574e-05, 8.43265370349e-05, 0.00022028638341, 0.000389749620808, 0.000445100886282, 0.000789342564531, 0.00114751723595, 0.00122601701878, 0.00120991491713, 0.000973241345491, 0.000550069962628, 0.000761186820455, 0.000556412211154, 0.000273327779723, 0.000195633867406, 0.000272784847766, 0.000408739695558, 0.000333199597662, 0.000388867163565, 0.000282005232293, 0.000322684762068, 0.000252272322541, 0.000178289832547, 0.000251195044257, 0.000310095405439, 0.000144344696309, 0.000125982129248, 5.66069393244e-05, 4.05407663493e-05, 4.11694127251e-05, 4.27776503784e-05, 2.28964745475e-05, 1.32057966766e-05, 1.97554145416e-05, 1.25084043248e-05, 2.12777667912e-05, 2.81932698272e-05, 1.66553054441e-05, 1.53903783939e-05, 2.15139880311e-05, 3.45008775184e-05, 2.35008337768e-05, 1.29236532302e-05, 2.28057197091e-05, 1.6399048036e-05, 8.02648082754e-06, 1.14786935228e-05, 1.69353534147e-05, 1.38179420901e-05, 1.15333168651e-05, 6.62841421217e-06, 5.39950769962e-06, 5.47767149328e-06, 2.29803845286e-06, 1.89586671695e-06, 3.29498629981e-06, 2.04838534046e-06, 1.09456459541e-06, 5.77874459395e-07, 3.94590216501e-07, 4.21771488845e-07, 3.95683940724e-07, 2.93599697443e-07, 1.84531529612e-07, 1.94178028323e-07, 1.49301243368e-07, 8.88963995749e-08, 6.16905069251e-08, 5.05461699163e-08, 3.09660137532e-08, 3.01679605741e-08, 2.6118826213e-08, 1.69313274512e-08, 1.35587026051e-08, 1.13295310911e-08, 1.04648645305e-08, 1.71406995264e-08, 8.77591510573e-09, 8.17213052784e-09, 9.02613095377e-09, 7.54789830637e-09, 7.6810398042e-09, 8.92940033026e-09, 7.49580308934e-09, 8.4635187747e-09, 8.75427907943e-09, 7.92038257202e-09, 1.13871392315e-08, 8.76999983745e-09, 1.06727533478e-08, 1.07935083093e-08, 1.23103012228e-08, 1.40021203521e-08, 1.25976731269e-08, 1.42577594175e-08, 1.60100661617e-08, 1.86124111679e-08, 1.22956391735e-08, 1.11417044479e-08, 1.02060235818e-08, 8.4053644045e-09, 5.16142328877e-09, 3.54759022159e-09, 2.56309906632e-09, 1.6802903513e-09, 1.10012798871e-09, 6.69576616374e-10, 1.56839763399e-10, 4.02874678063e-10, 7.27681803703e-10, 6.81878642092e-12, 6.39182630435e-12, 6.311261843e-12, 6.21615909788e-12, 6.1251993061e-12, 6.01625129923e-12, 5.88038472082e-12, 5.85826612914e-12, 5.84692884387e-12, 5.82896491491e-12, 5.76616141987e-12],
        "min": [2.50785525679e-08, 6.94730530881e-08, 7.88768232951e-08, 1.1775595965e-07, 4.36295337636e-08, 1.48977479242e-08, 5.10653634933e-08, 8.5146112383e-08, 1.10529256858e-07, 1.13512051314e-07, 1.00461932107e-07, 8.34116491433e-08, 4.95663385891e-08, 1.59600531902e-07, 5.1307115001e-08, 5.20246850044e-08, 1.01510586603e-07, 8.39110896322e-08, 1.44739885855e-07, 9.60362598335e-08, 1.37788562782e-08, 5.21481773319e-08, 3.83809464211e-08, 4.71830681192e-08, 6.0730911855e-08, 8.90743976356e-08, 6.93588901868e-08, 7.38372634146e-08, 5.07825816953e-08, 5.05483157553e-08, 3.60954466316e-08, 3.67732155837e-08, 3.7074158854e-08, 1.97228526844e-08, 4.30227160564e-08, 1.68424723057e-08, 2.01427745594e-08, 4.40652456746e-08, 3.62939651666e-08, 4.91654148504e-08, 2.39714701422e-08, 1.61462363479e-08, 9.0918366169e-09, 2.38678161679e-08, 1.58159512154e-08, 2.30353496278e-08, 2.81596577167e-08, 3.80532512168e-08, 1.51185108876e-08, 1.67607510093e-08, 1.59189603721e-08, 1.84254247415e-08, 2.8755424708e-08, 1.9876582158e-08, 1.44059635332e-08, 2.3035266139e-08, 1.67571148069e-08, 1.07809778882e-08, 1.24866810225e-08, 1.23606431757e-08, 8.38572233874e-09, 6.55751852818e-09, 6.92181245654e-09, 1.02108179689e-08, 5.7923408292e-09, 4.12567713326e-09, 4.30152491404e-09, 3.09351766425e-09, 3.71442454572e-09, 2.10357975483e-09, 2.34995312098e-09, 3.2923981319e-09, 2.17616991094e-09, 1.44680911696e-09, 2.66103339364e-09, 2.43676390177e-09, 2.23648832787e-09, 1.89016136076e-09, 1.47412704266e-09, 1.03605968249e-09, 1.3597829529e-09, 1.3184369152e-09, 1.56259327699e-09, 2.95977553577e-09, 1.65569302712e-09, 1.35706379467e-09, 1.4730375808e-09, 1.2109423464e-09, 1.46412326707e-09, 1.57701751657e-09, 1.36429312292e-09, 2.16953544019e-09, 1.97307969962e-09, 1.97230409782e-09, 3.07562708635e-09, 1.72242664576e-09, 2.54129339794e-09, 2.85709167436e-09, 2.63798027866e-09, 3.92223853396e-09, 3.50171358576e-09, 3.24306159705e-09, 3.92744281541e-09, 2.4428457035e-09, 2.58135512965e-09, 2.92703483673e-09, 2.49674037001e-09, 2.64504618208e-09, 1.19216936323e-09, 1.13968501303e-09, 6.33166241659e-10, 5.13381670508e-10, 3.2955063678e-10, 1.07086325918e-10, 1.05164499071e-12, 3.77401365367e-12, 1.88202665258e-12, 6.57625267176e-13, 6.2330707002e-13, 6.64507836777e-13, 5.92941006624e-13, 4.54845633813e-13, 6.555913039e-13, 6.77813111628e-13, 6.53440680471e-13, 6.57698233982e-13, 6.04863327393e-13, 6.58588363966e-13],
        "stdev": [1.96542623598e-06, 3.33730918101e-06, 1.29898680825e-05, 2.18486184167e-05, 1.83197826118e-05, 4.97031942359e-05, 0.000108582309622, 0.000124795755255, 0.000160216688528, 0.000457662448753, 0.000796053849626, 0.00122893368825, 0.00212351814844, 0.00285872817039, 0.00367185636424, 0.00383715354837, 0.00400981027633, 0.0019910975825, 0.00272213853896, 0.00213170424104, 0.000804010021966, 0.00084721064195, 0.000920276681427, 0.00142459745985, 0.00118606036995, 0.00161992385983, 0.00134279031772, 0.00133312481921, 0.00115955690853, 0.000870784569997, 0.000957650016062, 0.00116098776925, 0.000680093246046, 0.000528974109329, 0.00024595571449, 0.000224894916755, 0.000200787675567, 0.000184030737728, 0.000144385936437, 5.18913657288e-05, 8.36542458273e-05, 6.9066969445e-05, 6.71204907121e-05, 8.81880623638e-05, 5.51041630388e-05, 5.58294595976e-05, 9.19628218981e-05, 0.000144310033647, 8.28657939564e-05, 4.92722356285e-05, 8.00298294052e-05, 5.37510823051e-05, 2.74779195024e-05, 3.33201860485e-05, 5.43408241356e-05, 3.32277704729e-05, 3.30022012349e-05, 2.3243479518e-05, 1.50918931467e-05, 1.11245117296e-05, 4.79537584397e-06, 5.08494213136e-06, 5.95454866925e-06, 4.03131343774e-06, 2.5786275728e-06, 1.42383214552e-06, 7.85352540333e-07, 7.86410396358e-07, 7.25687982595e-07, 7.64339972648e-07, 4.10303016452e-07, 3.84921918339e-07, 3.32224090016e-07, 2.44858000542e-07, 1.34235222049e-07, 8.68846399271e-08, 4.1912738169e-08, 4.55171615954e-08, 4.39177263445e-08, 1.97289278248e-08, 1.15490266239e-08, 1.00473229736e-08, 6.75409062012e-09, 7.8025141903e-09, 4.28078328341e-09, 3.82817466615e-09, 3.96080279685e-09, 3.31548588584e-09, 3.08167025231e-09, 3.71486263973e-09, 3.08153325079e-09, 3.26638982528e-09, 3.3889708817e-09, 3.1258466926e-09, 4.58929694247e-09, 3.32572080985e-09, 3.79959130825e-09, 3.82299347734e-09, 4.31069357987e-09, 4.91357710075e-09, 4.24762625073e-09, 4.99492536221e-09, 4.98387775494e-09, 6.11044548293e-09, 4.01696231833e-09, 3.63549634841e-09, 3.16907899922e-09, 2.7410500536e-09, 1.85170689893e-09, 1.19900578355e-09, 8.62515947553e-10, 5.8177018758e-10, 4.16300743877e-10, 4.36625985367e-10, 2.85996337723e-10, 4.73275030277e-10, 4.53480669682e-10, 6.69757097005e-11, 6.59295465444e-11, 6.43331221628e-11, 6.34055863369e-11, 6.16365569694e-11, 6.09999412093e-11, 5.97119714785e-11, 5.92278240341e-11, 5.89304022247e-11, 5.82141140848e-11, 5.7631628636e-11]
    },
    "mfcc": {
        "mean": [-746.727905273, 179.024002075, -35.1836547852, -6.65314483643, 4.23634910583, -35.4643783569, -16.7604808807, -8.55175971985, -5.16014051437, -9.38523578644, -7.72107839584, -6.33965110779, -2.97699999809],
        "cov": [[1306.86791992, 377.063598633, -587.148925781, 9.46576786041, -41.1365203857, -108.165145874, 59.1411972046, -8.8645772934, -5.24571657181, -25.6114349365, -80.71068573, -75.4496231079, -60.6786842346], [377.063598633, 316.21697998, 37.7498855591, -52.6130371094, -32.9425392151, -37.3741149902, -16.9835605621, -27.8298206329, -55.1069068909, -33.8026542664, -20.1897697449, -23.9044208527, -38.2874298096], [-587.148925781, 37.7498855591, 604.101623535, 89.7724533081, 16.8144111633, 7.63646411896, -109.954284668, -62.2632637024, -75.1875915527, -49.8953361511, 23.8057136536, 48.9528503418, 0.546485066414], [9.46576786041, -52.6130371094, 89.7724533081, 299.340911865, 117.756874084, -65.4047927856, -99.2536392212, -50.1336288452, -6.61954593658, -48.53881073, -38.8551483154, 12.2525596619, -14.2698259354], [-41.1365203857, -32.9425392151, 16.8144111633, 117.756874084, 157.375183105, 21.8063049316, -87.2973251343, -37.302280426, 3.67125630379, -21.6894721985, -19.4178771973, -9.05247211456, -8.44530391693], [-108.165145874, -37.3741149902, 7.63646411896, -65.4047927856, 21.8063049316, 147.672012329, 85.8346710205, 2.62048220634, 2.33286428452, 8.90134525299, -6.88322734833, -23.4398860931, 1.49447178841], [59.1411972046, -16.9835605621, -109.954284668, -99.2536392212, -87.2973251343, 85.8346710205, 235.219039917, 99.7082672119, 4.05083942413, 13.9334697723, -30.7425956726, -39.221157074, 3.08450698853], [-8.8645772934, -27.8298206329, -62.2632637024, -50.1336288452, -37.302280426, 2.62048220634, 99.7082672119, 126.451843262, 57.4659500122, 7.69583415985, -18.3300704956, -23.7645397186, -6.46251440048], [-5.24571657181, -55.1069068909, -75.1875915527, -6.61954593658, 3.67125630379, 2.33286428452, 4.05083942413, 57.4659500122, 118.198890686, 59.612991333, -5.25232553482, -19.5887813568, -9.17510128021], [-25.6114349365, -33.8026542664, -49.8953361511, -48.53881073, -21.6894721985, 8.90134525299, 13.9334697723, 7.69583415985, 59.612991333, 111.384628296, 48.8056716919, -15.4831428528, -4.28969764709], [-80.71068573, -20.1897697449, 23.8057136536, -38.8551483154, -19.4178771973, -6.88322734833, -30.7425956726, -18.3300704956, -5.25232553482, 48.8056716919, 106.260322571, 51.7598419189, 1.85539078712], [-75.4496231079, -23.9044208527, 48.9528503418, 12.2525596619, -9.05247211456, -23.4398860931, -39.221157074, -23.7645397186, -19.5887813568, -15.4831428528, 51.7598419189, 120.313285828, 67.9536132812], [-60.6786842346, -38.2874298096, 0.546485066414, -14.2698259354, -8.44530391693, 1.49447178841, 3.08450698853, -6.46251440048, -9.17510128021, -4.28969764709, 1.85539078712, 67.9536132812, 128.694534302]],
        "icov": [[0.0188241042197, -0.0268108677119, 0.0228717029095, -0.016536148265, 0.0118377264589, -0.00469163991511, 0.0023472267203, 0.00182166253217, -3.12655015478e-06, 0.00148007879034, 8.82584645296e-05, 0.000250429438893, -0.000249490636634], [-0.0268108677119, 0.0427160821855, -0.0331806354225, 0.0260401237756, -0.0179710108787, 0.00992114190012, -0.00478579569608, -9.37437143875e-05, 0.000399191107135, -0.00114699313417, 0.00130254682153, -0.000259049207671, 0.00201911525801], [0.0228717029095, -0.0331806354225, 0.0310296714306, -0.0232250038534, 0.0191064942628, -0.01208082214, 0.00979246199131, -0.0039706309326, 0.00588830839843, -0.00151761388406, 0.00206540990621, -0.00122988480143, 0.000154300942086], [-0.016536148265, 0.0260401237756, -0.0232250038534, 0.026333514601, -0.0227250661701, 0.0182928480208, -0.0139701562002, 0.0113046169281, -0.0092789484188, 0.00544241443276, -0.000531714526005, -0.00061922671739, 0.00202222890221], [0.0118377264589, -0.0179710108787, 0.0191064942628, -0.0227250661701, 0.033352330327, -0.0257280599326, 0.0252103339881, -0.0174592975527, 0.0143307195976, -0.00802191719413, 0.00636240746826, -0.00054514297517, -0.000409095868235], [-0.00469163991511, 0.00992114190012, -0.01208082214, 0.0182928480208, -0.0257280599326, 0.0363950580359, -0.0321297384799, 0.0291644968092, -0.0229680016637, 0.0161959379911, -0.0103591801599, 0.00598168885335, -0.00116397487], [0.0023472267203, -0.00478579569608, 0.00979246199131, -0.0139701562002, 0.0252103339881, -0.0321297384799, 0.0403260812163, -0.0364888831973, 0.0302156265825, -0.0215326603502, 0.0157934520394, -0.0060992022045, 0.00175019260496], [0.00182166253217, -9.37437143875e-05, -0.0039706309326, 0.0113046169281, -0.0174592975527, 0.0291644968092, -0.0364888831973, 0.0480155907571, -0.0369402766228, 0.0269406922162, -0.015821326524, 0.00919345393777, -0.00245922105387], [-3.12655015478e-06, 0.000399191107135, 0.00588830839843, -0.0092789484188, 0.0143307195976, -0.0229680016637, 0.0302156265825, -0.0369402766228, 0.0448167137802, -0.0328027196229, 0.0217350497842, -0.0116815976799, 0.00564791867509], [0.00148007879034, -0.00114699313417, -0.00151761388406, 0.00544241443276, -0.00802191719413, 0.0161959379911, -0.0215326603502, 0.0269406922162, -0.0328027196229, 0.0403407141566, -0.027372924611, 0.0176475886256, -0.00779670150951], [8.82584645296e-05, 0.00130254682153, 0.00206540990621, -0.000531714526005, 0.00636240746826, -0.0103591801599, 0.0157934520394, -0.015821326524, 0.0217350497842, -0.027372924611, 0.0353219546378, -0.021496180445, 0.0112045994028], [0.000250429438893, -0.000259049207671, -0.00122988480143, -0.00061922671739, -0.00054514297517, 0.00598168885335, -0.0060992022045, 0.00919345393777, -0.0116815976799, 0.0176475886256, -0.021496180445, 0.02741859667, -0.0139321396127], [-0.000249490636634, 0.00201911525801, 0.000154300942086, 0.00202222890221, -0.000409095868235, -0.00116397487, 0.00175019260496, -0.00245922105387, 0.00564791867509, -0.00779670150951, 0.0112045994028, -0.0139321396127, 0.0156359318644]]
    },
    "spectral_contrast_coeffs": {
        "max": [-0.320521891117, -0.378780603409, -0.403061777353, -0.551207900047, -0.59578615427, -0.77635961771],
        "mean": [-0.619805932045, -0.677645742893, -0.698232889175, -0.760423779488, -0.744527995586, -0.854705691338],
        "min": [-0.901580750942, -0.925312995911, -0.879256844521, -0.902228415012, -0.892951607704, -0.936930894852],
        "stdev": [0.102289907634, 0.101447381079, 0.090443558991, 0.0567378923297, 0.045994579792, 0.0181144569069]
    },
    "spectral_contrast_valleys": {
        "max": [-6.79731559753, -5.08090877533, -5.61459255219, -6.39446115494, -7.26585292816, -10.9134635925],
        "mean": [-8.18393516541, -6.97351884842, -7.95596218109, -8.3413476944, -9.03659534454, -11.630033493],
        "min": [-9.76712799072, -8.93612384796, -9.63975334167, -9.67762184143, -10.0003442764, -11.8985977173],
        "stdev": [0.503221809864, 0.607111811638, 0.54492855072, 0.472097307444, 0.377849429846, 0.0857844203711]
    }
},
"rhythm": {
    "beats_count": 81,
    "beats_loudness": {
        "max": 0.091832511127,
        "mean": 0.025902505964,
        "min": 0.0017228834331,
        "stdev": 0.0173321776092
    },
    "bpm": 98.5060653687,
    "bpm_histogram_first_peak_bpm": 98,
    "bpm_histogram_first_peak_weight": 0.490909099579,
    "bpm_histogram_second_peak_bpm": 103,
    "bpm_histogram_second_peak_spread": 0.133333384991,
    "bpm_histogram_second_peak_weight": 0.16249999404,
    "danceability": 1.35575413704,
    "onset_rate": 2.6455078125,
    "beats_loudness_band_ratio": {
        "max": [0.123485721648, 0.95988881588, 0.947224080563, 0.894233882427, 0.500857234001, 0.021135462448],
        "mean": [0.0233769249171, 0.313925802708, 0.381333112717, 0.274184584618, 0.0821570381522, 0.0026446513366],
        "min": [0.000910517468583, 0.00239968649112, 0.0140222012997, 0.00151513970923, 0.00281462143175, 0.000187392681255],
        "stdev": [0.0287614949048, 0.277070611715, 0.265289843082, 0.279974877834, 0.0942927524447, 0.00322054023854]
    },
