{
"metadata": {
    "version": {
        "essentia": "2.1-beta5",
        "essentia_git_sha": "Undefined",
        "extractor": "music 2.0"
    },
    "audio_properties": {
        "analysis": {
            "equal_loudness": 0,
            "length": 32.4963264465,
            "sample_rate": 44100,
            "start_time": 12.7477550507,
            "downmix": "mix"
        },
        "bit_rate": 192000,
        "length": 224.92010498,
        "lossless": 0,
        "number_channels": 2,
        "replay_gain": -5.58375740051,
        "sample_rate": 48000,
        "codec": "mp3",
        "md5_encoded": "8b185f07463da7d1d64236fef0f4dfd2"
    },
    "tags": {
        "file_name": "Switzerland_Cielo E Terra_Anita Traversi.mp3",
        "encoding": ["Lavf58.29.100"]
    }
},
"lowlevel": {
    "average_loudness": 0.0272119641304,
    "barkbands_crest": {
        "max": 25.4482879639,
        "mean": 11.4649343491,
        "min": 3.29949069023,
        "stdev": 4.84029340744
    },
    "barkbands_flatness_db": {
        "max": 0.390289664268,
        "mean": 0.211144551635,
        "min": 0.0814206525683,
        "stdev": 0.0533178038895
    },
    "barkbands_kurtosis": {
        "max": 78.8341217041,
        "mean": 3.11529684067,
        "min": -1.85783827305,
        "stdev": 6.52549171448
    },
    "barkbands_skewness": {
        "max": 8.19386959076,
        "mean": 1.16926193237,
        "min": -2.24450755119,
        "stdev": 1.18923616409
    },
    "barkbands_spread": {
        "max": 84.3259048462,
        "mean": 15.4930410385,
        "min": 1.50150179863,
        "stdev": 9.92267990112
    },
    "dissonance": {
        "max": 0.499522507191,
        "mean": 0.443580120802,
        "min": 0.262490391731,
        "stdev": 0.0363101437688
    },
    "dynamic_complexity": 6.51558351517,
    "erbbands_crest": {
        "max": 30.5309352875,
        "mean": 12.4741477966,
        "min": 2.87651276588,
        "stdev": 5.91199588776
    },
    "erbbands_flatness_db": {
        "max": 0.419100254774,
        "mean": 0.261164873838,
        "min": 0.0975052639842,
        "stdev": 0.0505496561527
    },
    "erbbands_kurtosis": {
        "max": 29.8436965942,
        "mean": 0.797217607498,
        "min": -1.80244457722,
        "stdev": 3.01285743713
    },
    "erbbands_skewness": {
        "max": 3.41954255104,
        "mean": 0.407456994057,
        "min": -4.82775688171,
        "stdev": 0.886527717113
    },
    "erbbands_spread": {
        "max": 102.687324524,
        "mean": 26.9647884369,
        "min": 3.29849171638,
        "stdev": 14.7206401825
    },
    "hfc": {
        "max": 309.546020508,
        "mean": 8.21346759796,
        "min": 0.00483900262043,
        "stdev": 24.6959476471
    },
    "loudness_ebu128": {
        "integrated": -22.2295799255,
        "loudness_range": 14.2273740768,
        "momentary": {
            "max": -11.7016849518,
            "mean": -27.3483963013,
            "min": -51.6741790771,
            "stdev": 6.4021897316
        },
        "short_term": {
            "max": -14.8789367676,
            "mean": -25.2199001312,
            "min": -32.1397323608,
            "stdev": 4.26199579239
        }
    },
    "melbands_crest": {
        "max": 31.9407901764,
        "mean": 13.4209051132,
        "min": 3.57648706436,
        "stdev": 5.44225120544
    },
    "melbands_flatness_db": {
        "max": 0.441132247448,
        "mean": 0.235230013728,
        "min": 0.06587664783,
        "stdev": 0.0572246573865
    },
    "melbands_kurtosis": {
        "max": 145.026245117,
        "mean": 7.75350952148,
        "min": -1.86223101616,
        "stdev": 13.8870811462
    },
    "melbands_skewness": {
        "max": 10.2363576889,
        "mean": 1.81601154804,
        "min": -1.62502014637,
        "stdev": 1.47619199753
    },
    "melbands_spread": {
        "max": 246.486022949,
        "mean": 21.4586963654,
        "min": 1.33476662636,
        "stdev": 17.7719020844
    },
    "pitch_salience": {
        "max": 0.860763609409,
        "mean": 0.556839585304,
        "min": 0.136932834983,
        "stdev": 0.125867590308
    },
    "silence_rate_20dB": {
        "max": 1,
        "mean": 1,
        "min": 1,
        "stdev": 0
    },
    "silence_rate_30dB": {
        "max": 1,
        "mean": 0.985724508762,
        "min": 0,
        "stdev": 0.11862513423
    },
    "silence_rate_60dB": {
        "max": 1,
        "mean": 0.486081361771,
        "min": 0,
        "stdev": 0.499804884195
    },
    "spectral_centroid": {
        "max": 5049.90039062,
        "mean": 1205.79455566,
        "min": 335.32220459,
        "stdev": 536.59197998
    },
    "spectral_complexity": {
        "max": 30,
        "mean": 7.28265523911,
        "min": 0,
        "stdev": 5.0778427124
    },
    "spectral_decrease": {
        "max": -1.41074359226e-12,
        "mean": -2.06251837831e-09,
        "min": -4.87229847579e-08,
        "stdev": 4.92262763885e-09
    },
    "spectral_energy": {
        "max": 0.211968451738,
        "mean": 0.00852939207107,
        "min": 5.85004045206e-06,
        "stdev": 0.0206882543862
    },
    "spectral_energyband_high": {
        "max": 0.00228837667964,
        "mean": 6.35131291347e-05,
        "min": 4.71186396567e-08,
        "stdev": 0.000201579270652
    },
    "spectral_energyband_low": {
        "max": 0.00234925397672,
        "mean": 0.000114056827442,
        "min": 2.29431861953e-07,
        "stdev": 0.000151621527039
    },
    "spectral_energyband_middle_high": {
        "max": 0.113392576575,
        "mean": 0.00309603451751,
        "min": 6.05128775533e-07,
        "stdev": 0.0115708084777
    },
    "spectral_energyband_middle_low": {
        "max": 0.126699358225,
        "mean": 0.00528170308098,
        "min": 1.70940518274e-06,
        "stdev": 0.0124196149409
    },
    "spectral_entropy": {
        "max": 8.33615779877,
        "mean": 7.0529665947,
        "min": 5.5178976059,
        "stdev": 0.445774972439
    },
    "spectral_flux": {
        "max": 0.231424540281,
        "mean": 0.0286419335753,
        "min": 0.00110564532224,
        "stdev": 0.028737116605
    },
    "spectral_kurtosis": {
        "max": 24.932472229,
        "mean": 6.36232089996,
        "min": -0.973792314529,
        "stdev": 4.48446416855
    },
    "spectral_rms": {
        "max": 0.014380489476,
        "mean": 0.00213852571324,
        "min": 7.55470464355e-05,
        "stdev": 0.0019359953003
    },
    "spectral_rolloff": {
        "max": 8074.95117188,
        "mean": 1407.94018555,
        "min": 107.666015625,
        "stdev": 1037.52416992
    },
    "spectral_skewness": {
        "max": 3.69913458824,
        "mean": 1.4574174881,
        "min": -0.372870981693,
        "stdev": 0.594294726849
    },
    "spectral_spread": {
        "max": 7705487,
        "mean": 2750666.75,
        "min": 1280736.625,
        "stdev": 772169.9375
    },
    "spectral_strongpeak": {
        "max": 15.403049469,
        "mean": 1.00555241108,
        "min": 0,
        "stdev": 1.58886003494
    },
    "zerocrossingrate": {
        "max": 0.28076171875,
        "mean": 0.0497764572501,
        "min": 0.0048828125,
        "stdev": 0.0254241414368
    },
    "barkbands": {
        "max": [0.000179704889888, 0.00166549091227, 0.00050734198885, 0.000752284307964, 0.0182191468775, 0.0407414846122, 0.0403912886977, 0.0121776303276, 0.11673296988, 0.100182384253, 0.00565376831219, 0.00667654909194, 0.00770130846649, 0.00379784731194, 0.0760140866041, 0.0420716442168, 0.00937294680625, 0.0265991687775, 0.0118596311659, 0.00592545745894, 0.000544178881682, 0.00099619559478, 0.000734395696782, 0.000248668744462, 5.53195206976e-07, 1.96575733469e-08, 2.02566727836e-08],
        "mean": [7.7686536315e-06, 6.34131429251e-05, 3.71176683984e-05, 2.9690696465e-05, 0.000605675450061, 0.00120882946067, 0.00102611922193, 0.000477194960695, 0.0018522272585, 0.00114439835306, 0.000107187697722, 0.000133589070174, 0.000169423845364, 0.000117064933875, 0.000620956066996, 0.000221866444917, 0.000150372172357, 0.000259730324615, 0.000198110050405, 6.58951757941e-05, 1.19685118989e-05, 1.11916760943e-05, 7.88621127867e-06, 1.66987206285e-06, 5.80006727091e-08, 3.35637656557e-10, 3.39309635944e-10],
        "min": [4.73226435815e-09, 3.00985867341e-08, 1.98552498887e-08, 4.81851429868e-08, 1.88321521932e-07, 6.67237500807e-08, 4.33297202562e-08, 3.03271399105e-08, 2.44954083684e-08, 2.95578441722e-08, 7.06384062354e-09, 1.26110997201e-08, 1.80430408392e-08, 2.30422312342e-08, 5.82601664689e-08, 3.07594127946e-08, 3.07426191171e-08, 8.10335265555e-08, 5.85289896549e-08, 5.86891113485e-09, 7.61511209646e-09, 7.00662283748e-09, 7.44069073022e-09, 5.24691134984e-09, 7.34834149085e-09, 3.28858988652e-11, 4.04711819613e-11],
        "stdev": [1.38816667459e-05, 9.66763545875e-05, 6.08393856965e-05, 7.21589749446e-05, 0.00110614683945, 0.00358272646554, 0.00380271766335, 0.00121323298663, 0.00967153068632, 0.00799918733537, 0.000393450376578, 0.000421374832513, 0.000522996066138, 0.0002562571608, 0.00433015264571, 0.00153207057156, 0.000615599565208, 0.0014631585218, 0.000798076973297, 0.000298279454, 3.00498668366e-05, 6.04634988122e-05, 4.52321874036e-05, 1.15046968858e-05, 2.97882642997e-08, 1.19514620422e-09, 1.25512555904e-09]
    },
    "erbbands": {
        "max": [0.0245524868369, 0.467930734158, 0.956079185009, 1.44129061699, 5.39049625397, 67.121635437, 176.504165649, 505.580688477, 568.759887695, 285.448516846, 299.812683105, 2265.47558594, 2369.80419922, 3191.28686523, 334.624572754, 90.5694961548, 358.093139648, 255.228759766, 1295.63000488, 3050.72631836, 2892.1237793, 639.966003418, 1412.78503418, 675.118286133, 411.17477417, 198.352310181, 35.1693077087, 9.83839607239, 30.1069202423, 35.6930923462, 21.8160705566, 10.7767486572, 1.12745988369, 0.0309902653098, 0.00230236887001, 0.00031704432331, 0.000161478019436, 6.75483970554e-05, 0.000136689137435, 0.000272115023108],
        "mean": [0.00152675970457, 0.0154320867732, 0.0461035817862, 0.067086815834, 0.418399959803, 2.17634487152, 5.89893436432, 11.7375440598, 15.2760810852, 12.3448781967, 11.1481018066, 32.9754295349, 35.9325408936, 38.2377586365, 7.46037197113, 4.41712141037, 7.71317338943, 6.7780623436, 19.5036506653, 21.5198993683, 15.6391448975, 9.22494125366, 13.4374628067, 12.486041069, 7.75837421417, 3.57755541801, 0.859342038631, 0.381832093, 0.378220438957, 0.348782539368, 0.197529450059, 0.0795049890876, 0.00840597786009, 0.00116653216537, 0.000268514704658, 1.68660080817e-05, 5.57111843591e-06, 1.92256811715e-06, 4.88837804369e-06, 1.03017255242e-05],
        "min": [9.92610353023e-07, 7.72308248997e-06, 5.31719451828e-05, 0.000228517586947, 0.000307326437905, 0.00066663249163, 0.000406367849791, 0.000436933740275, 0.00116684229579, 0.000613602285739, 0.00120003439952, 0.000637676159386, 0.000773594889324, 0.000726175261661, 0.000548159994651, 0.000586695794482, 0.000910231843591, 0.00161118607502, 0.00218992144801, 0.00277586840093, 0.00184479134623, 0.00203601340763, 0.00361204752699, 0.00391180580482, 0.00240366673097, 0.00104886305053, 0.000208656711038, 0.000386254716432, 0.000248523108894, 0.000264687812887, 0.000208469631616, 0.00012656947365, 8.96584097063e-05, 9.38150697039e-05, 4.23601013608e-05, 2.26363317779e-06, 3.1226230135e-07, 6.44574882358e-08, 1.68255063215e-08, 9.18783182868e-09],
        "stdev": [0.00222158920951, 0.0252672340721, 0.0727942511439, 0.124057002366, 0.62903636694, 3.61742639542, 12.7522974014, 39.3952178955, 55.9704933167, 26.5503787994, 28.2353038788, 170.975921631, 173.350128174, 267.897338867, 22.9940891266, 9.72262763977, 23.8196125031, 15.0080823898, 106.266563416, 156.137573242, 105.576950073, 40.4436035156, 74.7578048706, 54.2922821045, 32.6732139587, 13.106010437, 2.28821825981, 0.940404951572, 1.88190162182, 2.16095113754, 1.17719066143, 0.538004696369, 0.0502229258418, 0.00167351402342, 0.000182686722837, 3.00071988022e-05, 1.33469748107e-05, 5.37558889846e-06, 1.22600331451e-05, 2.54563037743e-05]
    },
    "gfcc": {
        "mean": [-168.235290527, 149.215118408, -179.31942749, 29.1737766266, -66.0987167358, -15.1933784485, -29.4551048279, -7.59420394897, -7.5217757225, -14.9061717987, 5.70221662521, -13.9626588821, 8.83455562592],
        "cov": [[5394.60205078, 369.460571289, -1540.90942383, -482.525665283, -48.2085151672, -1228.6907959, 315.993255615, -257.538726807, 315.938598633, -94.8826141357, 218.670150757, 92.8665618896, -42.8034553528], [369.460571289, 613.85144043, -2.20985221863, -251.076766968, 127.886772156, -134.811065674, 61.1665916443, -72.5704421997, -163.131576538, -17.6919345856, 50.503364563, -35.9697761536, 63.9328689575], [-1540.90942383, -2.20985221863, 754.995178223, 276.479309082, -25.7829742432, 348.218231201, -124.897079468, 17.3603572845, -98.1298446655, 5.54491329193, -35.792175293, 14.9247674942, 14.4263820648], [-482.525665283, -251.076766968, 276.479309082, 565.458618164, -7.74452352524, 105.513580322, -119.293403625, -7.02832651138, 90.8711090088, 10.6859960556, -50.4271774292, 74.3734054565, -25.8599529266], [-48.2085151672, 127.886772156, -25.7829742432, -7.74452352524, 214.494369507, 60.3432884216, 32.7480506897, 43.8922386169, -31.9494342804, 33.2208442688, 9.31118583679, 1.68316078186, 53.3376846313], [-1228.6907959, -134.811065674, 348.218231201, 105.513580322, 60.3432884216, 646.443359375, 87.8470687866, 74.174331665, -60.5530586243, 30.2628326416, -50.1185722351, -14.0284767151, 3.3767156601], [315.993255615, 61.1665916443, -124.897079468, -119.293403625, 32.7480506897, 87.8470687866, 208.57913208, 51.6095809937, -21.3061389923, 25.3250255585, 38.8927536011, -1.38329839706, -5.20042943954], [-257.538726807, -72.5704421997, 17.3603572845, -7.02832651138, 43.8922386169, 74.174331665, 51.6095809937, 144.290969849, 36.6997108459, 36.5185699463, 1.22436571121, -5.6447968483, 10.2818450928], [315.938598633, -163.131576538, -98.1298446655, 90.8711090088, -31.9494342804, -60.5530586243, -21.3061389923, 36.6997108459, 191.060073853, 41.0229606628, -9.45325565338, 18.5781040192, -20.908870697], [-94.8826141357, -17.6919345856, 5.54491329193, 10.6859960556, 33.2208442688, 30.2628326416, 25.3250255585, 36.5185699463, 41.0229606628, 94.2631454468, 29.7265377045, -0.255540341139, -5.60460472107], [218.670150757, 50.503364563, -35.792175293, -50.4271774292, 9.31118583679, -50.1185722351, 38.8927536011, 1.22436571121, -9.45325565338, 29.7265377045, 107.497711182, 40.3749351501, -7.53182554245], [92.8665618896, -35.9697761536, 14.9247674942, 74.3734054565, 1.68316078186, -14.0284767151, -1.38329839706, -5.6447968483, 18.5781040192, -0.255540341139, 40.3749351501, 87.7414703369, 25.199798584], [-42.8034553528, 63.9328689575, 14.4263820648, -25.8599529266, 53.3376846313, 3.3767156601, -5.20042943954, 10.2818450928, -20.908870697, -5.60460472107, -7.53182554245, 25.199798584, 88.2670593262]],
        "icov": [[0.002384360414, -0.000481130351545, 0.00161176000256, -0.000117704315926, -0.00131710455753, 0.00297019490972, -0.0054721920751, 0.00496161449701, -0.00545461289585, 0.00444826157764, -0.00255474611185, 0.000272246310487, -0.000316638877848], [-0.000481130351545, 0.00512461503968, -0.00281697884202, 0.00166412908584, -0.00349729834124, 0.00187905319035, -0.00219241925515, 0.00285088503733, 0.00168205762748, -7.71907434682e-05, -0.000595868390519, 0.00263765593991, -0.00182732311077], [0.00161176000256, -0.00281697884202, 0.00594127736986, -0.00244672363624, 0.00274949730374, -0.00105571711902, 0.000695221766364, 7.23386256141e-05, -0.00113555660937, 0.00141476630233, -0.00250069540925, -0.000397362135118, -0.000733540859073], [-0.000117704315926, 0.00166412908584, -0.00244672363624, 0.00474497582763, -0.00274723325856, 0.000795834348537, -4.44678662461e-05, 0.00158901663963, -0.00131650851108, -0.000445062934887, 0.00352062797174, -0.00480874022469, 0.00330271478742], [-0.00131710455753, -0.00349729834124, 0.00274949730374, -0.00274723325856, 0.0111418748274, -0.00445291260257, 0.00613214075565, -0.00747818732634, 0.00529792997986, -0.00576019892469, 0.000467269594083, 0.000258960702922, -0.00383467460051], [0.00297019490972, 0.00187905319035, -0.00105571711902, 0.000795834348537, -0.00445291260257, 0.00808493513614, -0.0109606925398, 0.00787897408009, -0.0064840586856, 0.00539622595534, -0.00129049737006, 0.000900200742763, -0.00025747687323], [-0.0054721920751, -0.00219241925515, 0.000695221766364, -4.44678662461e-05, 0.00613214075565, -0.0109606925398, 0.0241178888828, -0.0168535280973, 0.0145660694689, -0.0121289696544, 0.00448172492906, -0.00382215180434, 0.00305958022363], [0.00496161449701, 0.00285088503733, 7.23386256141e-05, 0.00158901663963, -0.00747818732634, 0.00787897408009, -0.0168535280973, 0.0234233886003, -0.0145912943408, 0.0089674917981, -0.00601163785905, 0.00401976751164, -0.00325675262138], [-0.00545461289585, 0.00168205762748, -0.00113555660937, -0.00131650851108, 0.00529792997986, -0.0064840586856, 0.0145660694689, -0.0145912943408, 0.0233472045511, -0.0157785005867, 0.00859810877591, -0.00354263070039, 0.0018146893708], [0.00444826157764, -7.71907434682e-05, 0.00141476630233, -0.000445062934887, -0.00576019892469, 0.00539622595534, -0.0121289696544, 0.0089674917981, -0.0157785005867, 0.0258499756455, -0.0124978544191, 0.00638827681541, -0.00162001536228], [-0.00255474611185, -0.000595868390519, -0.00250069540925, 0.00352062797174, 0.000467269594083, -0.00129049737006, 0.00448172492906, -0.00601163785905, 0.00859810877591, -0.0124978544191, 0.0244438741356, -0.0164306927472, 0.00938406027853], [0.000272246310487, 0.00263765593991, -0.000397362135118, -0.00480874022469, 0.000258960702922, 0.000900200742763, -0.00382215180434, 0.00401976751164, -0.00354263070039, 0.00638827681541, -0.0164306927472, 0.0290615595877, -0.0141392257065], [-0.000316638877848, -0.00182732311077, -0.000733540859073, 0.00330271478742, -0.00383467460051, -0.00025747687323, 0.00305958022363, -0.00325675262138, 0.0018146893708, -0.00162001536228, 0.00938406027853, -0.0141392257065, 0.0216378588229]]
    },
    "melbands": {
        "max": [0.00030116547714, 0.000559209962375, 0.000269460841082, 0.00197394751012, 0.00588142406195, 0.00988405011594, 0.00865600816905, 0.00254556559958, 0.0045799468644, 0.0180905628949, 0.0117534501478, 0.0148485237733, 0.000918408157304, 0.000773517764173, 0.000823151145596, 0.00042847340228, 0.000429563020589, 0.00216869381256, 0.00858661625534, 0.000887880509254, 0.00361907226034, 0.000602780259214, 0.000438971008407, 0.00210299761966, 0.000498663226608, 0.000408357154811, 0.000265640992438, 0.000109514468932, 2.78900370176e-05, 8.87029455043e-06, 6.2872527451e-06, 1.39840813063e-05, 2.67483446805e-05, 1.75906061486e-05, 1.01262985481e-05, 1.46380361912e-05, 4.26998076364e-06, 1.20218339816e-06, 1.06184714355e-08, 7.83060105647e-09],
        "mean": [1.60749077622e-05, 2.22697490244e-05, 1.93384021259e-05, 8.70504591148e-05, 0.000194636057131, 0.000248430267675, 0.000236869746004, 0.000131650551339, 8.86258130777e-05, 0.000251247081906, 0.000189188460354, 0.000168042155565, 2.05912710953e-05, 1.64247176144e-05, 1.34215379148e-05, 1.60722865985e-05, 1.08641597762e-05, 2.24775030802e-05, 5.41490771866e-05, 1.04622022263e-05, 1.88116537174e-05, 7.58273199608e-06, 9.02592455532e-06, 1.65375276993e-05, 9.06757031771e-06, 7.60885905038e-06, 3.0908320241e-06, 2.18449918066e-06, 5.41243196039e-07, 2.54937248201e-07, 2.08613727182e-07, 2.12939085031e-07, 2.20876941626e-07, 1.83295512102e-07, 1.16725992427e-07, 8.60724469476e-08, 3.34268435154e-08, 5.48112710774e-09, 9.02842856032e-10, 7.8687667493e-10],
        "min": [8.52977777299e-09, 3.62385605968e-08, 6.18618685166e-08, 3.12768442257e-08, 1.96485032689e-08, 1.19213323657e-08, 1.61445008473e-08, 3.37005512385e-09, 1.07926227955e-08, 3.27881743978e-09, 3.87071930064e-09, 3.26490323665e-09, 1.39542666311e-09, 9.41837052792e-10, 2.34055974602e-09, 1.74118497398e-09, 1.94791205388e-09, 2.91568591493e-09, 3.61685925654e-09, 1.19887555439e-09, 1.83164639012e-09, 1.75740522135e-09, 2.12124207088e-09, 3.42243611229e-09, 2.8707869415e-09, 1.73687131344e-09, 1.75313075168e-09, 1.45571971144e-10, 9.68146604552e-11, 1.36396394179e-10, 2.55868826127e-10, 1.26222518548e-10, 1.50551140998e-10, 1.41672493181e-10, 1.30997754311e-10, 8.262845963e-11, 7.43943934234e-11, 6.04798988668e-11, 6.99445779073e-11, 8.02454908078e-11],
        "stdev": [2.19834710151e-05, 3.35638251272e-05, 3.09859606205e-05, 0.000126130020362, 0.000401456665713, 0.000799345201813, 0.00086642045062, 0.000259203981841, 0.000275246042293, 0.00137369148433, 0.000912361952942, 0.00122680619825, 6.59813085804e-05, 5.20749563293e-05, 5.17323387612e-05, 4.05595565098e-05, 2.53364705713e-05, 0.000108411390102, 0.000453874003142, 4.86744684167e-05, 0.000133612193167, 3.35573822667e-05, 3.32527233695e-05, 0.000108442342025, 3.82094440283e-05, 3.31507035298e-05, 1.5390201952e-05, 8.04539104138e-06, 1.51344420374e-06, 6.23102152986e-07, 5.61482067951e-07, 9.35510740874e-07, 1.54575025135e-06, 1.09599363896e-06, 6.58331657633e-07, 6.21038793724e-07, 2.26239166068e-07, 4.02370758934e-08, 7.38516303667e-10, 4.17866463653e-10]
    },
    "melbands128": {
        "max": [0.000101606201497, 0.000243938353378, 0.00034075891017, 0.000995138427243, 0.00071133102756, 0.000205676726182, 0.000289058312774, 0.000386478815926, 0.000636379234493, 0.00115522707347, 0.00392092298716, 0.00832919310778, 0.00802929326892, 0.0116697652265, 0.0133680477738, 0.0151508431882, 0.00488396175206, 0.0165477078408, 0.011089393869, 0.00519347609952, 0.00344488094561, 0.00495097553357, 0.00260369060561, 0.0149335358292, 0.0126122413203, 0.0433459430933, 0.0388381332159, 0.00697801308706, 0.00993938185275, 0.0357473753393, 0.00954508874565, 0.000761715578847, 0.00193708320148, 0.00237525696866, 0.00187249528244, 0.000708687817678, 0.000248765136348, 0.000886828114744, 0.00241843378171, 0.000701823504642, 0.000471209961688, 0.00149909197353, 0.000405298080295, 0.000271954020718, 0.00044422026258, 0.00461423490196, 0.00460688956082, 0.0152966054156, 0.00845814030617, 0.00216140481643, 8.15710518509e-05, 0.00143530603964, 0.00940274074674, 0.00178894982673, 0.000160018433235, 0.000376986514311, 0.00176211679354, 0.00120906264056, 0.000150760082761, 0.00077764922753, 0.00483962614089, 0.00156404380687, 0.000428237312008, 0.000641970604192, 0.00101119477767, 0.000890388560947, 0.000471375038614, 0.000691744557116, 0.0003987653472, 9.81743141892e-05, 0.000265551469056, 0.000169740102137, 2.46265117312e-05, 4.89259728056e-05, 2.22177186515e-05, 9.48760589381e-06, 1.30518574224e-05, 6.06609728493e-06, 8.47493811307e-06, 9.1711863206e-06, 1.56393944053e-05, 1.58596667461e-05, 3.05483990815e-05, 2.98284139717e-05, 2.87317434413e-05, 1.87431705854e-05, 1.69473350979e-05, 1.17519730338e-05, 8.47605952004e-06, 1.57481172209e-05, 2.74259291473e-05, 1.17288573165e-05, 9.23536481423e-06, 4.23757182944e-06, 3.0543064895e-06, 2.46354034061e-06, 3.9040898514e-07, 3.01527443014e-08, 1.38177878029e-08, 8.54401616124e-09, 6.38076835813e-09, 8.336973778e-09, 9.4120951033e-09, 4.61586946443e-09, 9.90738602269e-10, 1.54839502331e-10, 1.49518813997e-10, 1.45811779317e-10, 1.39693381862e-10, 1.30381871966e-10, 1.24728546935e-10, 1.18403342686e-10, 1.13296393101e-10, 1.09037098794e-10, 1.0511159998e-10, 1.01536508368e-10, 9.8271502047e-11, 9.50126227695e-11, 9.23360346516e-11, 8.9806065362e-11, 8.75387540233e-11, 8.5632965996e-11, 8.39814121023e-11, 8.23275753126e-11, 8.09126099455e-11, 7.98608609798e-11, 7.90589746447e-11, 7.86061840619e-11],
        "mean": [4.07547349823e-06, 1.06257730295e-05, 2.09159788938e-05, 2.68845960818e-05, 2.69377342192e-05, 1.53237142513e-05, 9.7797565104e-06, 1.79640192073e-05, 3.27855850628e-05, 7.80019181548e-05, 0.000116376038932, 0.000194950131117, 0.000192752035218, 0.000222926202696, 0.000280164415017, 0.000277056649793, 0.000160339201102, 0.00032787345117, 0.000183413911145, 0.000119145566714, 0.000117208852316, 0.000125038684928, 4.56898487755e-05, 0.000106645951746, 0.000122999685118, 0.000396619434468, 0.000398568605306, 4.78775327792e-05, 8.28058036859e-05, 0.000359935424058, 9.79146570899e-05, 1.82500371011e-05, 2.19074827328e-05, 1.41742202686e-05, 3.18212951242e-05, 1.01369942058e-05, 5.5314412748e-06, 7.8827215475e-06, 2.64228110609e-05, 1.72445543285e-05, 9.17458055483e-06, 2.11206261156e-05, 1.1786021787e-05, 4.87724400955e-06, 8.49077423482e-06, 2.18908917304e-05, 3.56722630386e-05, 9.25228450797e-05, 3.92522561015e-05, 1.14468421089e-05, 1.77729282314e-06, 1.11917961476e-05, 3.6822315451e-05, 1.19772748803e-05, 3.79759944735e-06, 4.24477002525e-06, 1.46116817632e-05, 1.21654256873e-05, 4.66226310891e-06, 6.6821735345e-06, 2.69568681688e-05, 1.45696976688e-05, 5.93749791733e-06, 9.72033194557e-06, 1.06464613054e-05, 7.39833149055e-06, 5.99702752879e-06, 3.92198808186e-06, 1.9168869585e-06, 2.61966238213e-06, 3.18606157634e-06, 1.41372970575e-06, 5.39501399999e-07, 5.27023189534e-07, 3.07625043661e-07, 2.96975940728e-07, 2.04821816396e-07, 1.74958046273e-07, 2.11856445276e-07, 2.35006893945e-07, 2.4042819291e-07, 1.7036860811e-07, 2.18328622736e-07, 2.32870533523e-07, 2.31575171483e-07, 1.82693170814e-07, 1.80348067147e-07, 1.48473290551e-07, 1.00681823767e-07, 1.06399234312e-07, 1.05638690684e-07, 8.01665152039e-08, 5.54120305196e-08, 3.47818982505e-08, 1.92924769493e-08, 7.59660157001e-09, 2.7375868239e-09, 1.0388538918e-09, 8.59145532495e-10, 8.24676549271e-10, 7.83525078152e-10, 7.89736775975e-10, 7.78850928196e-10, 6.74515165944e-10, 1.31688535077e-10, 2.73545834421e-12, 2.60214918189e-12, 2.3824262875e-12, 2.32113286924e-12, 2.20593096741e-12, 2.11817043939e-12, 2.04248098469e-12, 1.96698191589e-12, 1.89988714865e-12, 1.84035772732e-12, 1.80242778168e-12, 1.75471410405e-12, 1.6049791704e-12, 1.55028247184e-12, 1.51571376977e-12, 1.47066701265e-12, 1.44412281612e-12, 1.42513626768e-12, 1.39496107807e-12, 1.31174845291e-12, 1.18587561646e-12, 1.11551783435e-12, 1.1007088253e-12],
        "min": [1.36488698121e-09, 8.52379944405e-09, 8.94539553542e-09, 1.11473772435e-08, 2.23248974862e-08, 8.5659586091e-09, 4.27815338711e-09, 1.53976884576e-08, 1.52805448295e-08, 1.29578268115e-08, 3.03340925711e-08, 1.24182690797e-08, 2.28049357176e-09, 5.93422910811e-09, 1.12229692206e-09, 2.24906870905e-09, 1.39162104063e-09, 4.83549333907e-09, 3.29000493515e-09, 1.9733110701e-09, 4.71277239456e-10, 1.62594515629e-09, 4.03388167314e-09, 2.68938959991e-09, 3.99375033044e-10, 2.55620369316e-09, 1.17657561471e-09, 1.67521407857e-09, 2.07081995995e-09, 4.07461975271e-09, 1.0088597735e-09, 1.12129361352e-09, 8.61718196798e-10, 6.78079425942e-10, 2.22466350897e-10, 1.96404420505e-10, 8.36757663158e-10, 8.59634863293e-10, 1.29262212045e-09, 1.15093368169e-09, 6.42604469636e-10, 6.06263539371e-10, 9.63831681133e-10, 5.92661808518e-10, 6.18615936254e-10, 2.69057154334e-09, 2.63604693629e-09, 2.24204410593e-09, 9.8035568552e-10, 1.06493569518e-09, 4.95752383589e-10, 5.85370418804e-10, 1.17785081688e-09, 1.34254340978e-09, 1.03080632918e-09, 1.01200814395e-09, 7.90596865752e-10, 1.49504364444e-09, 1.06908748521e-09, 1.06095499053e-09, 1.75809122815e-09, 2.71111022521e-09, 2.71252242889e-09, 1.66909630561e-09, 2.08056261108e-09, 1.49128531746e-09, 1.09172626495e-09, 1.31738231435e-09, 1.82089759937e-10, 1.65700592136e-10, 1.96687360843e-10, 8.46908099206e-11, 1.13225519238e-10, 6.53471998735e-11, 1.42572675887e-10, 7.56716356243e-11, 1.61615942851e-10, 2.54820775591e-10, 3.54253071322e-10, 1.4312308283e-10, 1.27803018168e-10, 9.90580534266e-11, 1.47106923865e-10, 1.57345067531e-10, 1.48064380201e-10, 1.76392830897e-10, 9.7566336954e-11, 1.61555963052e-10, 1.33964936366e-10, 1.16790049853e-10, 9.93651688708e-11, 5.53974401074e-11, 8.01430449782e-11, 9.43439354417e-11, 5.61619119266e-11, 5.77099895649e-11, 6.9234465383e-11, 5.15586288941e-11, 4.9911550587e-11, 8.60958665472e-11, 1.17885437523e-10, 4.95499336006e-11, 8.59546531173e-11, 6.04915076363e-11, 4.0710065527e-12, 1.73267392729e-13, 1.25331060634e-13, 1.14423946121e-13, 1.01365422132e-13, 1.00942779797e-13, 1.10613869952e-13, 1.60099703135e-13, 1.35472796176e-13, 1.42563762987e-13, 1.12889176631e-13, 1.37857146488e-13, 1.0472142088e-13, 1.21897121303e-13, 9.5103863207e-14, 1.25228739054e-13, 1.18894802857e-13, 1.20683980387e-13, 1.30390896648e-13, 1.25426063849e-13, 7.64130986676e-14, 3.87477152957e-14, 4.88686934479e-15, 1.53404522421e-16],
        "stdev": [6.45043201075e-06, 1.86578345165e-05, 3.0266090107e-05, 5.07436852786e-05, 4.43613207608e-05, 2.43902577495e-05, 2.20685560635e-05, 4.2789044528e-05, 6.05219684076e-05, 0.000130752057885, 0.000207323973882, 0.000488615303766, 0.000466847181087, 0.000842918176204, 0.00104088475928, 0.00123623141553, 0.000492937164381, 0.00159573799465, 0.000743227370549, 0.0003180836502, 0.000315670884447, 0.000397000461817, 0.000209234771319, 0.000717033399269, 0.00067589210812, 0.00292592030019, 0.00247687869705, 0.000302781962091, 0.000651713402476, 0.00282910140231, 0.0006588291144, 7.24078054191e-05, 0.000103113285149, 0.000100562770967, 0.000123019723105, 3.07784830511e-05, 1.85698427231e-05, 4.33667482866e-05, 0.000139991389005, 6.12291187281e-05, 3.30080547428e-05, 7.85796510172e-05, 3.33005555149e-05, 1.71075080289e-05, 3.06182519125e-05, 0.000146740261698, 0.000254569051322, 0.000914611446206, 0.000370142108295, 8.8560009317e-05, 4.29534793511e-06, 7.80396221671e-05, 0.000325618573697, 7.79949841672e-05, 1.1526974049e-05, 1.96958699235e-05, 9.67337400652e-05, 5.37152700417e-05, 1.08164040284e-05, 3.3237360185e-05, 0.000218842222239, 9.76554802037e-05, 2.62402063527e-05, 4.84140364279e-05, 6.51223526802e-05, 4.64752338303e-05, 3.12763295369e-05, 3.04270906781e-05, 1.70932053152e-05, 8.14599570731e-06, 1.51994445332e-05, 7.46234672988e-06, 1.60617241818e-06, 1.90081220808e-06, 9.19383751352e-07, 7.82604274718e-07, 6.63554942548e-07, 4.51710121752e-07, 6.40381756511e-07, 7.97080076609e-07, 1.03184663658e-06, 9.11969948447e-07, 1.62654498581e-06, 1.69865154476e-06, 1.69430222741e-06, 1.14668694096e-06, 1.0750451338e-06, 8.24634184937e-07, 5.63338574011e-07, 7.55439202749e-07, 9.04975308913e-07, 5.6444571328e-07, 4.15305834167e-07, 2.32466589978e-07, 1.42362551969e-07, 7.32154319394e-08, 1.37282594181e-08, 1.41815137411e-09, 7.49470874251e-10, 5.58223745006e-10, 4.69014327376e-10, 4.94768115367e-10, 4.36348707167e-10, 3.6154368388e-10, 9.49360798308e-11, 9.37391570616e-12, 8.97769272118e-12, 8.7071331048e-12, 8.37008674176e-12, 7.94633716467e-12, 7.57262828832e-12, 7.23901537672e-12, 6.95871398698e-12, 6.68803380732e-12, 6.46122565173e-12, 6.24758751677e-12, 6.06477108117e-12, 5.87542948322e-12, 5.71203371061e-12, 5.56228067078e-12, 5.42494608263e-12, 5.30546787059e-12, 5.20021742681e-12, 5.10438566415e-12, 5.02947987077e-12, 4.9710045108e-12, 4.92667321869e-12, 4.89917481583e-12]
    },
    "mfcc": {
        "mean": [-787.414245605, 158.895126343, -45.9001541138, 30.6144485474, -15.2426548004, -8.26847267151, -11.743768692, -1.9493881464, -9.98554325104, 0.1419916749, -4.6667804718, -2.75221967697, -3.33057904243],
        "cov": [[6006.97363281, 431.236694336, -1768.12536621, 426.076568604, -784.840087891, -463.611877441, -523.561889648, -74.7961807251, -375.769226074, 91.1721572876, -172.184616089, 11.5208435059, 165.066879272], [431.236694336, 878.090026855, -230.829315186, -154.446914673, -82.6405639648, -158.885848999, 229.888458252, -142.307861328, -36.6234779358, -128.424438477, -22.2992973328, -76.3298187256, 3.82940745354], [-1768.12536621, -230.829315186, 878.014038086, -13.0627269745, 206.901809692, 240.765563965, 63.5747871399, 68.4838485718, 52.9428749084, -49.6471710205, 10.152841568, 9.73344135284, -17.8103103638], [426.076568604, -154.446914673, -13.0627269745, 399.316864014, 51.10181427, -62.9861717224, -181.078811646, -29.7473945618, -34.0112762451, -45.6889801025, -34.5978889465, 20.3929443359, 75.9718856812], [-784.840087891, -82.6405639648, 206.901809692, 51.10181427, 263.830841064, 73.6700973511, 19.1007080078, 11.5516490936, 69.7199935913, -4.9269118309, 4.17868232727, -17.144235611, -4.76796150208], [-463.611877441, -158.885848999, 240.765563965, -62.9861717224, 73.6700973511, 273.932067871, 75.3667068481, 77.5659561157, 54.7117805481, 27.0872707367, 16.1794147491, 21.2694816589, 2.60086536407], [-523.561889648, 229.888458252, 63.5747871399, -181.078811646, 19.1007080078, 75.3667068481, 333.036804199, 35.7805328369, 40.5555343628, -16.2173976898, 38.4464035034, -13.5329437256, -11.7284917831], [-74.7961807251, -142.307861328, 68.4838485718, -29.7473945618, 11.5516490936, 77.5659561157, 35.7805328369, 127.789955139, 26.8287525177, 41.8641242981, 2.27582550049, 9.77435302734, 0.589757502079], [-375.769226074, -36.6234779358, 52.9428749084, -34.0112762451, 69.7199935913, 54.7117805481, 40.5555343628, 26.8287525177, 150.290740967, 43.273059845, 17.4091911316, -13.6094923019, -3.90306735039], [91.1721572876, -128.424438477, -49.6471710205, -45.6889801025, -4.9269118309, 27.0872707367, -16.2173976898, 41.8641242981, 43.273059845, 154.1927948, 47.7981910706, -1.83684957027, -3.62856268883], [-172.184616089, -22.2992973328, 10.152841568, -34.5978889465, 4.17868232727, 16.1794147491, 38.4464035034, 2.27582550049, 17.4091911316, 47.7981910706, 114.421440125, 34.8926315308, -14.821059227], [11.5208435059, -76.3298187256, 9.73344135284, 20.3929443359, -17.144235611, 21.2694816589, -13.5329437256, 9.77435302734, -13.6094923019, -1.83684957027, 34.8926315308, 106.783439636, 33.6133804321], [165.066879272, 3.82940745354, -17.8103103638, 75.9718856812, -4.76796150208, 2.60086536407, -11.7284917831, 0.589757502079, -3.90306735039, -3.62856268883, -14.821059227, 33.6133804321, 122.770736694]],
        "icov": [[0.0033207081724, -0.00351351359859, 0.00498874066398, -0.00425033550709, 0.0053969877772, -0.00364599330351, 0.00439787004143, -0.00469506066293, 0.00399128813297, -0.00395804317668, 0.00272375252098, -0.000441503798356, 0.000187854544492], [-0.00351351359859, 0.0067262398079, -0.00479518901557, 0.00541560910642, -0.0054278653115, 0.00486999610439, -0.0066821789369, 0.00744193093851, -0.00425184657797, 0.00613523414358, -0.00310167460702, 0.00225953012705, -0.00146770500578], [0.00498874066398, -0.00479518901557, 0.00942381471395, -0.00611865334213, 0.00705828657374, -0.00666364142671, 0.00651405192912, -0.00716280471534, 0.00614430150017, -0.00453138770536, 0.00359084573574, -0.000256082770647, 0.00023254667758], [-0.00425033550709, 0.00541560910642, -0.00611865334213, 0.0102472128347, -0.00819752551615, 0.00555725535378, -0.00376530829817, 0.00619046250358, -0.00472406018525, 0.00736407376826, -0.00427421322092, 0.00143974658567, -0.00335125462152], [0.0053969877772, -0.0054278653115, 0.00705828657374, -0.00819752551615, 0.0145449545234, -0.00639207242057, 0.00649975659326, -0.00677843950689, 0.00421762559563, -0.0062336679548, 0.00424065906554, 0.000325494882418, 0.000736091926228], [-0.00364599330351, 0.00486999610439, -0.00666364142671, 0.00555725535378, -0.00639207242057, 0.0105727473274, -0.00615633092821, 0.00383106293157, -0.00519266491756, 0.00417907489464, -0.00253228680231, -0.000289464718662, -0.0010021693306], [0.00439787004143, -0.0066821789369, 0.00651405192912, -0.00376530829817, 0.00649975659326, -0.00615633092821, 0.0123649686575, -0.00933195184916, 0.00470749242231, -0.00371482595801, 0.00102345354389, -2.85715796053e-05, -0.000649400986731], [-0.00469506066293, 0.00744193093851, -0.00716280471534, 0.00619046250358, -0.00677843950689, 0.00383106293157, -0.00933195184916, 0.0197116173804, -0.00605671433732, 0.00337566551752, -0.00130131468177, 0.000313245458528, -0.000455623841844], [0.00399128813297, -0.00425184657797, 0.00614430150017, -0.00472406018525, 0.00421762559563, -0.00519266491756, 0.00470749242231, -0.00605671433732, 0.013797685504, -0.00691933557391, 0.00294108781964, 0.000478691072203, -0.000208318175282], [-0.00395804317668, 0.00613523414358, -0.00453138770536, 0.00736407376826, -0.0062336679548, 0.00417907489464, -0.00371482595801, 0.00337566551752, -0.00691933557391, 0.0171960052103, -0.00919098593295, 0.00451874546707, -0.00284426123835], [0.00272375252098, -0.00310167460702, 0.00359084573574, -0.00427421322092, 0.00424065906554, -0.00253228680231, 0.00102345354389, -0.00130131468177, 0.00294108781964, -0.00919098593295, 0.0164709407836, -0.00689287530258, 0.00362028973177], [-0.000441503798356, 0.00225953012705, -0.000256082770647, 0.00143974658567, 0.000325494882418, -0.000289464718662, -2.85715796053e-05, 0.000313245458528, 0.000478691072203, 0.00451874546707, -0.00689287530258, 0.0148635813966, -0.00514325546101], [0.000187854544492, -0.00146770500578, 0.00023254667758, -0.00335125462152, 0.000736091926228, -0.0010021693306, -0.000649400986731, -0.000455623841844, -0.000208318175282, -0.00284426123835, 0.00362028973177, -0.00514325546101, 0.0117904981598]]
    },
    "spectral_contrast_coeffs": {
        "max": [-0.373963773251, -0.383067071438, -0.431624293327, -0.452415645123, -0.535717070103, -0.545477569103],
        "mean": [-0.677965342999, -0.724462866783, -0.72495007515, -0.7541847229, -0.784939885139, -0.752987265587],
        "min": [-0.921003639698, -0.932996630669, -0.915711045265, -0.920977115631, -0.902341604233, -0.872304201126],
        "stdev": [0.10615491122, 0.101008802652, 0.0817269608378, 0.0603515282273, 0.0560011491179, 0.0588786937296]
    },
    "spectral_contrast_valleys": {
        "max": [-6.49281215668, -5.6248588562, -6.50298595428, -6.75993442535, -6.64190769196, -11.1013755798],
        "mean": [-8.49094009399, -7.8327665329, -8.78843402863, -8.94141387939, -8.79291057587, -12.6381673813],
        "min": [-10.7609004974, -10.9825630188, -11.7540283203, -11.5890855789, -11.2487373352, -14.3348722458],
        "stdev": [0.706645965576, 0.90222799778, 0.845986485481, 0.770504772663, 0.827458620071, 0.287126362324]
    }
},
"rhythm": {
    "beats_count": 71,
    "beats_loudness": {
        "max": 0.211172372103,
        "mean": 0.0109622776508,
        "min": 2.69459287665e-05,
        "stdev": 0.030172130093
    },
    "bpm": 152.657073975,
    "bpm_histogram_first_peak_bpm": 152,
    "bpm_histogram_first_peak_weight": 0,
    "bpm_histogram_second_peak_bpm": 136,
    "bpm_histogram_second_peak_spread": 0.5,
    "bpm_histogram_second_peak_weight": 0.142857149243,
    "danceability": 0.857116758823,
    "onset_rate": 1.56884753704,
    "beats_loudness_band_ratio": {
        "max": [0.789311647415, 0.891060948372, 0.901051282883, 0.719598650932, 0.68218934536, 0.147449284792],
        "mean": [0.0935328453779, 0.299200385809, 0.335074156523, 0.183600381017, 0.112661480904, 0.0232321005315],
        "min": [0.000413344940171, 0.00443769944832, 0.0018203946529, 0.00152390007861, 0.00105904345401, 0.00124199572019],
        "stdev": [0.136262357235, 0.215548470616, 0.219132333994, 0.180081948638, 0.126492381096, 0.0274077001959]
    },
