{
"metadata": {
    "version": {
        "essentia": "2.1-beta5",
        "essentia_git_sha": "Undefined",
        "extractor": "music 2.0"
    },
    "audio_properties": {
        "analysis": {
            "equal_loudness": 0,
            "length": 48.7502937317,
            "sample_rate": 44100,
            "start_time": 29.0017242432,
            "downmix": "mix"
        },
        "bit_rate": 192000,
        "length": 214.482727051,
        "lossless": 0,
        "number_channels": 2,
        "replay_gain": -6.15794754028,
        "sample_rate": 48000,
        "codec": "mp3",
        "md5_encoded": "db8d418620d6416614da91d30ed4ca1a"
    },
    "tags": {
        "file_name": "Monaco_Ce Soir-là_François Deguelt.mp3",
        "encoding": ["Lavf58.29.100"]
    }
},
"lowlevel": {
    "average_loudness": 0.634166657925,
    "barkbands_crest": {
        "max": 24.69830513,
        "mean": 9.28396701813,
        "min": 2.82246828079,
        "stdev": 3.81423830986
    },
    "barkbands_flatness_db": {
        "max": 0.319473266602,
        "mean": 0.189985126257,
        "min": 0.0936037376523,
        "stdev": 0.0364100262523
    },
    "barkbands_kurtosis": {
        "max": 36.7955284119,
        "mean": 0.268025904894,
        "min": -1.88038957119,
        "stdev": 3.09205150604
    },
    "barkbands_skewness": {
        "max": 5.74385786057,
        "mean": 0.475331455469,
        "min": -2.42943406105,
        "stdev": 0.927988708019
    },
    "barkbands_spread": {
        "max": 71.7951431274,
        "mean": 21.794670105,
        "min": 2.60062003136,
        "stdev": 9.27274227142
    },
    "dissonance": {
        "max": 0.499948889017,
        "mean": 0.462454885244,
        "min": 0.331512868404,
        "stdev": 0.0250325072557
    },
    "dynamic_complexity": 5.61406183243,
    "erbbands_crest": {
        "max": 27.0651741028,
        "mean": 9.91232204437,
        "min": 3.48641967773,
        "stdev": 3.79858517647
    },
    "erbbands_flatness_db": {
        "max": 0.371516525745,
        "mean": 0.264613211155,
        "min": 0.152698278427,
        "stdev": 0.0430137626827
    },
    "erbbands_kurtosis": {
        "max": 21.9695320129,
        "mean": 0.0685390606523,
        "min": -1.83393919468,
        "stdev": 2.22627711296
    },
    "erbbands_skewness": {
        "max": 2.81826519966,
        "mean": -0.26996409893,
        "min": -3.99778556824,
        "stdev": 0.862591445446
    },
    "erbbands_spread": {
        "max": 77.3269348145,
        "mean": 28.1983718872,
        "min": 5.73130750656,
        "stdev": 10.6502246857
    },
    "hfc": {
        "max": 158.823852539,
        "mean": 13.2111778259,
        "min": 0.0348096862435,
        "stdev": 17.8629665375
    },
    "loudness_ebu128": {
        "integrated": -20.6562824249,
        "loudness_range": 12.2466602325,
        "momentary": {
            "max": -13.5678300858,
            "mean": -23.9076080322,
            "min": -38.585899353,
            "stdev": 5.39068222046
        },
        "short_term": {
            "max": -17.0098342896,
            "mean": -22.9176139832,
            "min": -32.9644241333,
            "stdev": 4.07645320892
        }
    },
    "melbands_crest": {
        "max": 29.4555301666,
        "mean": 12.372795105,
        "min": 3.40252685547,
        "stdev": 5.15098619461
    },
    "melbands_flatness_db": {
        "max": 0.402210563421,
        "mean": 0.195134654641,
        "min": 0.0690347626805,
        "stdev": 0.046708099544
    },
    "melbands_kurtosis": {
        "max": 117.996414185,
        "mean": 2.91100382805,
        "min": -1.82437753677,
        "stdev": 6.88877010345
    },
    "melbands_skewness": {
        "max": 9.60383987427,
        "mean": 1.33218336105,
        "min": -1.07668125629,
        "stdev": 1.02647721767
    },
    "melbands_spread": {
        "max": 170.979919434,
        "mean": 35.9400100708,
        "min": 2.63247728348,
        "stdev": 19.96185112
    },
    "pitch_salience": {
        "max": 0.850010573864,
        "mean": 0.5841396451,
        "min": 0.161059379578,
        "stdev": 0.101001597941
    },
    "silence_rate_20dB": {
        "max": 1,
        "mean": 1,
        "min": 1,
        "stdev": 0
    },
    "silence_rate_30dB": {
        "max": 1,
        "mean": 0.999048054218,
        "min": 0,
        "stdev": 0.0308393798769
    },
    "silence_rate_60dB": {
        "max": 1,
        "mean": 0.429319381714,
        "min": 0,
        "stdev": 0.494985789061
    },
    "spectral_centroid": {
        "max": 4428.54052734,
        "mean": 1923.29394531,
        "min": 354.067687988,
        "stdev": 634.520690918
    },
    "spectral_complexity": {
        "max": 40,
        "mean": 12.4545450211,
        "min": 0,
        "stdev": 8.28177642822
    },
    "spectral_decrease": {
        "max": -1.15586646157e-11,
        "mean": -2.12264317234e-09,
        "min": -2.53827323604e-08,
        "stdev": 2.73142908291e-09
    },
    "spectral_energy": {
        "max": 0.110206067562,
        "mean": 0.00920964032412,
        "min": 4.68220096081e-05,
        "stdev": 0.0118432985619
    },
    "spectral_energyband_high": {
        "max": 0.0029890013393,
        "mean": 0.000136934511829,
        "min": 3.6304271589e-07,
        "stdev": 0.000249292963417
    },
    "spectral_energyband_low": {
        "max": 0.00681429449469,
        "mean": 0.000294693658361,
        "min": 1.92500260709e-06,
        "stdev": 0.000562395667657
    },
    "spectral_energyband_middle_high": {
        "max": 0.0595695339143,
        "mean": 0.00487819174305,
        "min": 4.3242657739e-06,
        "stdev": 0.00695060798898
    },
    "spectral_energyband_middle_low": {
        "max": 0.0561168268323,
        "mean": 0.00398325314745,
        "min": 1.85279277503e-05,
        "stdev": 0.00588727556169
    },
    "spectral_entropy": {
        "max": 8.80030441284,
        "mean": 7.22025203705,
        "min": 6.34437227249,
        "stdev": 0.272347539663
    },
    "spectral_flux": {
        "max": 0.295921474695,
        "mean": 0.0479949340224,
        "min": 0.00358550902456,
        "stdev": 0.0382485799491
    },
    "spectral_kurtosis": {
        "max": 30.9667472839,
        "mean": 6.30350971222,
        "min": -1.00966477394,
        "stdev": 5.03832530975
    },
    "spectral_rms": {
        "max": 0.0103690940887,
        "mean": 0.00251548853703,
        "min": 0.000213728824747,
        "stdev": 0.00163013092242
    },
    "spectral_rolloff": {
        "max": 6696.82617188,
        "mean": 2376.79833984,
        "min": 107.666015625,
        "stdev": 995.895263672
    },
    "spectral_skewness": {
        "max": 4.03188800812,
        "mean": 1.10096526146,
        "min": -0.39914342761,
        "stdev": 0.544727087021
    },
    "spectral_spread": {
        "max": 21716832,
        "mean": 2427187.75,
        "min": 1090518.75,
        "stdev": 751314.6875
    },
    "spectral_strongpeak": {
        "max": 10.3434047699,
        "mean": 1.18740713596,
        "min": 0,
        "stdev": 1.37940084934
    },
    "zerocrossingrate": {
        "max": 0.21484375,
        "mean": 0.0720534399152,
        "min": 0.005859375,
        "stdev": 0.02715722844
    },
    "barkbands": {
        "max": [0.000643333885819, 0.0045126224868, 0.0039466698654, 0.000714797875844, 0.0053865686059, 0.0153638580814, 0.0542672984302, 0.038881637156, 0.0467738807201, 0.0156316943467, 0.0184521488845, 0.0100026838481, 0.0231472942978, 0.0316998921335, 0.00672236457467, 0.00984473992139, 0.0106284655631, 0.0197938624769, 0.0110974935815, 0.00253687030636, 0.00100626028143, 0.00137089029886, 0.000465247692773, 3.36939010595e-05, 1.14618262614e-06, 8.77933416632e-07, 8.87539727046e-07],
        "mean": [1.17112131193e-05, 0.000180181988981, 9.49435052462e-05, 3.47928253177e-05, 0.000203964547836, 0.000591164338402, 0.000757502915803, 0.000795542553533, 0.00142882787623, 0.000294403434964, 0.000321311905282, 0.000516980304383, 0.000607595487963, 0.000351735303411, 0.000214049301576, 0.000382846075809, 0.00051416066708, 0.00123609811999, 0.000465522054583, 0.000117666044389, 4.10599677707e-05, 3.74187075067e-05, 9.14090014703e-06, 9.61652176557e-07, 6.10607031604e-08, 1.21082743831e-09, 1.24301113846e-09],
        "min": [2.42595881161e-08, 8.19097820681e-08, 5.01769150674e-08, 1.29673736637e-07, 4.44400853894e-07, 1.73795001501e-06, 9.5827124369e-07, 2.74729643479e-07, 1.34647223149e-07, 1.69344893663e-08, 4.04284357103e-08, 9.17322466876e-08, 3.03239801269e-07, 2.28811330771e-07, 8.54576782672e-08, 2.08457521467e-07, 6.62273720309e-08, 2.36971416712e-07, 1.98915898864e-07, 6.05551733202e-08, 8.93188314421e-08, 5.73218663646e-08, 3.6364053102e-08, 3.01137106362e-08, 2.23155858237e-08, 2.71509776467e-11, 3.7439162881e-11],
        "stdev": [2.68738840532e-05, 0.000403356913012, 0.000240426845266, 5.98308943154e-05, 0.000322818232235, 0.00137455086224, 0.00235358811915, 0.00242180400528, 0.00396547093987, 0.000938987359405, 0.000998884439468, 0.00137353176251, 0.00176938204095, 0.00137385702692, 0.000504716124851, 0.000879953324329, 0.000900297134649, 0.00204204278998, 0.000929392059334, 0.00022023524798, 7.52497726353e-05, 8.71765878401e-05, 2.53043144767e-05, 2.232462748e-06, 4.20038581694e-08, 2.72146838398e-08, 2.75448091003e-08]
    },
    "erbbands": {
        "max": [0.071012198925, 1.22869253159, 5.03669786453, 1.41499567032, 5.36701631546, 24.5006103516, 59.3952331543, 141.923156738, 879.673034668, 432.416107178, 1117.14892578, 1149.11425781, 727.465393066, 326.983001709, 686.403869629, 495.169616699, 868.92755127, 1733.83691406, 468.824554443, 295.878875732, 662.790100098, 598.408081055, 1009.88909912, 779.44934082, 118.127212524, 168.487182617, 32.588218689, 51.4060935974, 54.7385253906, 29.6430644989, 10.3543291092, 1.54238247871, 0.126137018204, 0.0161285325885, 0.00750967534259, 0.00368166388944, 0.00165168545209, 0.000580758904107, 0.000159095972776, 0.000141763710417],
        "mean": [0.00318352668546, 0.0471328347921, 0.123954169452, 0.100631088018, 0.289044439793, 0.874694228172, 1.9455498457, 5.62306785583, 7.10642051697, 19.8811092377, 18.2288188934, 34.9389953613, 15.7933483124, 8.52139377594, 13.1713380814, 24.6470508575, 30.354352951, 21.1407222748, 11.1918115616, 13.5816431046, 23.9547710419, 30.6896018982, 56.4702339172, 56.2616500854, 9.88475608826, 6.29182481766, 1.86840081215, 1.9914894104, 1.26984465122, 0.638438165188, 0.182321205735, 0.0439807362854, 0.00607616314664, 0.00118493533228, 0.000280403997749, 2.46724357567e-05, 9.61545902101e-06, 3.92771880797e-06, 6.29353007753e-06, 1.19435171655e-05],
        "min": [4.73869295092e-06, 4.45247314929e-05, 0.000174624059582, 0.000500420690514, 0.00124532566406, 0.00326511822641, 0.0122596807778, 0.0221213549376, 0.018214456737, 0.0180081501603, 0.00908879004419, 0.00456723943353, 0.00204322999343, 0.0013994310284, 0.00192934938241, 0.00868289638311, 0.0198596045375, 0.0127611765638, 0.01108400058, 0.0089389802888, 0.00949297565967, 0.00699744140729, 0.0104963043705, 0.00932796858251, 0.00652282731608, 0.00302246655338, 0.00308563816361, 0.00299055175856, 0.00223765289411, 0.00147956341971, 0.00109054706991, 0.000730012368876, 0.000540483626537, 0.000311233889079, 8.32561418065e-05, 3.09487791128e-06, 3.07887006556e-07, 6.26278833238e-08, 5.07294366514e-08, 5.85472044179e-08],
        "stdev": [0.00866578146815, 0.105490326881, 0.313559472561, 0.143951103091, 0.486727058887, 1.57196342945, 4.2366476059, 13.1670007706, 29.1559486389, 47.7933578491, 56.1339378357, 106.143783569, 48.5348701477, 20.5920257568, 35.6045341492, 64.0484695435, 81.9873733521, 76.874961853, 28.3477306366, 26.5537548065, 54.0889320374, 52.3750152588, 92.4492721558, 97.7707061768, 15.7557859421, 12.9174232483, 3.31107711792, 3.92161941528, 2.94042563438, 1.66472411156, 0.545229792595, 0.106444470584, 0.0105675328523, 0.000854982761666, 0.000259535270743, 0.00011397281196, 5.12401784363e-05, 1.8113934857e-05, 8.89529746928e-06, 1.53082473844e-05]
    },
    "gfcc": {
        "mean": [-126.706047058, 135.668243408, -199.517379761, 41.1229324341, -62.3839797974, -19.0818939209, -24.5320034027, -8.37261581421, 0.903689026833, -17.5351810455, 7.36056566238, -8.31856918335, -3.96404147148],
        "cov": [[3910.16162109, -420.40145874, -1203.08947754, -200.466659546, 108.442893982, -425.729248047, 525.230285645, 22.897102356, 259.817932129, -295.598907471, 35.9415779114, 150.422424316, -447.295593262], [-420.40145874, 489.646148682, 319.82699585, -145.304107666, 138.343978882, 57.6360549927, -69.2293243408, 108.506156921, -10.433382988, 10.5150051117, 53.5210418701, -33.9204597473, 47.9701957703], [-1203.08947754, 319.82699585, 714.975708008, 211.485275269, 10.851726532, 209.348358154, -154.359344482, 6.33944749832, -31.1566982269, 113.407958984, 25.7281494141, -38.894821167, 146.4949646], [-200.466659546, -145.304107666, 211.485275269, 526.961791992, -2.2724366188, 66.4944534302, -11.0081653595, -134.254196167, 16.521780014, 99.3584671021, -44.3319091797, -0.342874825001, 89.298828125], [108.442893982, 138.343978882, 10.851726532, -2.2724366188, 323.029418945, -7.13326692581, -66.482749939, 82.2670059204, 29.0328807831, 2.60413050652, 45.9768333435, -10.2399902344, -42.5839157104], [-425.729248047, 57.6360549927, 209.348358154, 66.4944534302, -7.13326692581, 262.600280762, 41.7871513367, -25.418088913, -18.2359333038, 40.3531455994, -17.4590072632, -25.1254196167, 81.5034255981], [525.230285645, -69.2293243408, -154.359344482, -11.0081653595, -66.482749939, 41.7871513367, 339.481964111, 104.88269043, -6.40106964111, -68.931640625, -30.4460353851, 51.0213432312, -8.10199165344], [22.897102356, 108.506156921, 6.33944749832, -134.254196167, 82.2670059204, -25.418088913, 104.88269043, 229.742218018, 20.7852993011, -47.8361701965, 33.3244895935, 17.4033222198, -38.568813324], [259.817932129, -10.433382988, -31.1566982269, 16.521780014, 29.0328807831, -18.2359333038, -6.40106964111, 20.7852993011, 133.387924194, 51.3625869751, 22.9558944702, -9.00319862366, -51.0902023315], [-295.598907471, 10.5150051117, 113.407958984, 99.3584671021, 2.60413050652, 40.3531455994, -68.931640625, -47.8361701965, 51.3625869751, 157.685028076, 20.2241172791, -39.2334136963, 51.9623832703], [35.9415779114, 53.5210418701, 25.7281494141, -44.3319091797, 45.9768333435, -17.4590072632, -30.4460353851, 33.3244895935, 22.9558944702, 20.2241172791, 87.6991043091, 35.674041748, -23.2804145813], [150.422424316, -33.9204597473, -38.894821167, -0.342874825001, -10.2399902344, -25.1254196167, 51.0213432312, 17.4033222198, -9.00319862366, -39.2334136963, 35.674041748, 100.76109314, 18.3201980591], [-447.295593262, 47.9701957703, 146.4949646, 89.298828125, -42.5839157104, 81.5034255981, -8.10199165344, -38.568813324, -51.0902023315, 51.9623832703, -23.2804145813, 18.3201980591, 177.556045532]],
        "icov": [[0.00256285723299, 4.46245503554e-05, 0.00102221732959, 0.000397604948375, -0.00239551649429, 0.00323741254397, -0.00583149213344, 0.00585409812629, -0.00595889240503, 0.00487656658515, -0.00360343372449, 0.00163021066692, 0.000563386827707], [4.46245503554e-05, 0.00900229625404, -0.00718385446817, 0.00562529964373, -0.00518789933994, 0.00452310172841, -0.00488701881841, 0.00424015102908, -0.00331888603978, 0.00410299329087, -0.00427942210808, 0.00631683226675, -0.00521276704967], [0.00102221732959, -0.00718385446817, 0.0103563759476, -0.00655644247308, 0.00471402471885, -0.00552116148174, 0.00490079633892, -0.00492252875119, 0.00140581245068, -0.00122826127335, -0.000279128202237, -0.00332619785331, 0.00315866619349], [0.000397604948375, 0.00562529964373, -0.00655644247308, 0.00770315248519, -0.00528422929347, 0.00484990142286, -0.00620895298198, 0.00718093197793, -0.0038675237447, 0.00115023355465, 0.000315298122587, 0.00187148188706, -0.00280111655593], [-0.00239551649429, -0.00518789933994, 0.00471402471885, -0.00528422929347, 0.0101064136252, -0.0073202890344, 0.0109956776723, -0.0116627123207, 0.00771041633561, -0.00610759435222, 0.00338140618987, -0.00410861568525, 0.0027608606033], [0.00323741254397, 0.00452310172841, -0.00552116148174, 0.00484990142286, -0.0073202890344, 0.0141373192891, -0.0141949281096, 0.0136906290427, -0.0103391883895, 0.00877683516592, -0.00716015417129, 0.00796681363136, -0.00417358707637], [-0.00583149213344, -0.00488701881841, 0.00490079633892, -0.00620895298198, 0.0109956776723, -0.0141949281096, 0.0242239609361, -0.0223815441132, 0.0164604634047, -0.0135468225926, 0.0130181321874, -0.0107818040997, 0.00262583955191], [0.00585409812629, 0.00424015102908, -0.00492252875119, 0.00718093197793, -0.0116627123207, 0.0136906290427, -0.0223815441132, 0.0276018604636, -0.0182082783431, 0.0154539598152, -0.012323978357, 0.00878570321947, -0.00233957334422], [-0.00595889240503, -0.00331888603978, 0.00140581245068, -0.0038675237447, 0.00771041633561, -0.0103391883895, 0.0164604634047, -0.0182082783431, 0.0279464125633, -0.0204527154565, 0.011631381698, -0.00945927761495, 0.00658941781148], [0.00487656658515, 0.00410299329087, -0.00122826127335, 0.00115023355465, -0.00610759435222, 0.00877683516592, -0.0135468225926, 0.0154539598152, -0.0204527154565, 0.029088569805, -0.0205399226397, 0.0179948341101, -0.0100912889466], [-0.00360343372449, -0.00427942210808, -0.000279128202237, 0.000315298122587, 0.00338140618987, -0.00716015417129, 0.0130181321874, -0.012323978357, 0.011631381698, -0.0205399226397, 0.0358941555023, -0.023679908365, 0.010672384873], [0.00163021066692, 0.00631683226675, -0.00332619785331, 0.00187148188706, -0.00410861568525, 0.00796681363136, -0.0107818040997, 0.00878570321947, -0.00945927761495, 0.0179948341101, -0.023679908365, 0.0308132395148, -0.0132948476821], [0.000563386827707, -0.00521276704967, 0.00315866619349, -0.00280111655593, 0.0027608606033, -0.00417358707637, 0.00262583955191, -0.00233957334422, 0.00658941781148, -0.0100912889466, 0.010672384873, -0.0132948476821, 0.0170722398907]]
    },
    "melbands": {
        "max": [0.000885964953341, 0.0020419661887, 0.000251625548117, 0.000760198628996, 0.00171374087222, 0.00300641683862, 0.0127776116133, 0.00525762792677, 0.00974204670638, 0.00700192339718, 0.00352729018778, 0.00120166048873, 0.0028822585009, 0.00104661926161, 0.00301216053776, 0.00269544427283, 0.00299614900723, 0.000883197353687, 0.000333975825924, 0.000560721207876, 0.000808294746093, 0.000648859248031, 0.000664177641738, 0.00107502588071, 0.000789124926087, 0.000151275016833, 8.14132581581e-05, 0.00012659051572, 2.27020336752e-05, 2.27760283451e-05, 3.2796702726e-05, 3.33804964612e-05, 2.5637627914e-05, 1.40802267197e-05, 7.06068476575e-06, 2.12528107113e-06, 6.7200318199e-07, 9.58888577429e-08, 1.95207991993e-08, 1.11327205232e-08],
        "mean": [4.07571642427e-05, 6.35106771369e-05, 2.28805965889e-05, 3.9981892769e-05, 6.50386718917e-05, 0.000123878620798, 0.000121900506201, 0.000213486258872, 0.000168996921275, 0.000210304904613, 7.07727667759e-05, 3.08138005494e-05, 4.43559802079e-05, 4.95645617775e-05, 7.75470543886e-05, 5.50295444555e-05, 3.73798029614e-05, 1.72832424141e-05, 1.53663222591e-05, 2.19045850827e-05, 2.87344591925e-05, 2.94937217404e-05, 3.66377280443e-05, 6.58054632368e-05, 4.55110421171e-05, 9.08824949875e-06, 4.03091235057e-06, 3.90728155253e-06, 1.07951916561e-06, 9.13661381219e-07, 1.34091089876e-06, 8.27786038826e-07, 4.60098021904e-07, 3.10652325197e-07, 1.1316308246e-07, 4.24426715995e-08, 1.83686186261e-08, 4.1913206239e-09, 1.07692976758e-09, 8.19842693733e-10],
        "min": [5.42461151554e-08, 1.12667024155e-07, 9.33445321039e-08, 9.65570734479e-08, 4.93335733154e-07, 3.40554294098e-07, 2.15480724819e-07, 1.04266355549e-07, 3.34862697571e-08, 1.93660465442e-08, 7.13440817535e-09, 5.01440222678e-09, 5.73793013103e-09, 9.89644455274e-09, 3.49574698078e-08, 3.44340946867e-08, 1.73556742311e-08, 1.06647028986e-08, 6.7701466655e-09, 1.5663975006e-08, 7.08872205379e-09, 5.18713205722e-09, 7.10845160512e-09, 1.15793206135e-08, 6.88010315386e-09, 4.54249704518e-09, 1.88535342893e-09, 1.76931180818e-09, 1.71684644279e-09, 1.43263145791e-09, 1.32539634823e-09, 1.1521145149e-09, 9.35653776679e-10, 6.30146657077e-10, 5.70427816093e-10, 4.56893550771e-10, 3.93586524483e-10, 3.13021109033e-10, 2.38323527579e-10, 2.52548926216e-10],
        "stdev": [9.33975970838e-05, 0.000142613731441, 3.22907399095e-05, 6.1027087213e-05, 0.000126742757857, 0.000290564610623, 0.000439772265963, 0.000511072343215, 0.000516669417266, 0.000631873088423, 0.000235778934439, 7.64789656387e-05, 0.000136416419991, 0.00013047309767, 0.000209143850952, 0.00017004001711, 0.000150178704644, 4.99230009154e-05, 3.20641338476e-05, 4.76584536955e-05, 6.91098030074e-05, 5.48198986507e-05, 5.99496561335e-05, 0.000113037618576, 8.33935337141e-05, 1.65093115356e-05, 7.7185122791e-06, 8.84959172254e-06, 2.34904518948e-06, 1.91979188457e-06, 2.9580530736e-06, 2.00233785108e-06, 1.30353407712e-06, 8.36594040265e-07, 3.69317348259e-07, 1.14434804743e-07, 4.32896349878e-08, 7.4763377711e-09, 1.03225317183e-09, 4.81672757235e-10]
    },
    "melbands128": {
        "max": [0.000538327440154, 0.000754679844249, 0.00124313752167, 0.00251879612915, 0.00313740293495, 0.00141393532977, 0.000316755962558, 0.000399478449253, 0.000692750152666, 0.000724037294276, 0.00165500980802, 0.00245496444404, 0.00160094629973, 0.00424039922655, 0.00435458915308, 0.00502080144361, 0.0101462565362, 0.022602038458, 0.00741880107671, 0.00848701968789, 0.00849143322557, 0.0127282654867, 0.0181768350303, 0.0166148655117, 0.0143976006657, 0.0108567522839, 0.00898012239486, 0.00579808000475, 0.00137280893978, 0.000910209084395, 0.00213782559149, 0.00345528335311, 0.00577859440818, 0.00449480116367, 0.00114778452553, 0.0021598637104, 0.00288736191578, 0.00462235463783, 0.00601987354457, 0.00377759500407, 0.0063115847297, 0.00754087790847, 0.00529324030504, 0.00325397541746, 0.00150983605999, 0.0020985074807, 0.000713540764991, 0.000804544659331, 0.000408988358686, 0.000785462150816, 0.000767357996665, 0.00110700551886, 0.0021454305388, 0.00143529032357, 0.000881064450368, 0.000886389287189, 0.000704690639395, 0.000699595315382, 0.000793817918748, 0.000998194562271, 0.00191342609469, 0.00165200850461, 0.00140763958916, 0.00161866983399, 0.000488530320581, 0.000178575210157, 0.000191137936781, 0.000139340758324, 0.000128174375277, 0.000282711000182, 0.000260448199697, 9.52719710767e-05, 6.04470769758e-05, 3.06707697746e-05, 4.79112313769e-05, 2.92614004138e-05, 2.91692231258e-05, 3.36893099302e-05, 4.53283537354e-05, 6.72699097777e-05, 4.04962920584e-05, 3.26176450471e-05, 3.53546784027e-05, 3.45946682501e-05, 2.42503301706e-05, 1.69428039953e-05, 1.44526838994e-05, 1.09377933768e-05, 7.44984254197e-06, 4.60781802758e-06, 2.4033677164e-06, 1.79107928489e-06, 1.18285663575e-06, 8.97398138022e-07, 3.35958588948e-07, 1.69024545471e-07, 6.39169144279e-08, 4.50101005356e-08, 2.34880452865e-08, 1.4352409039e-08, 1.2181012643e-08, 1.02004777958e-08, 1.04310577953e-08, 9.45522593554e-09, 8.00651989152e-09, 7.32661575853e-09, 6.87923362719e-09, 6.50166187555e-09, 6.16573636592e-09, 5.85619419624e-09, 5.57981172378e-09, 5.3180073678e-09, 5.08986497394e-09, 4.88129003884e-09, 4.68188332547e-09, 4.51028148163e-09, 4.33693703172e-09, 4.19463974666e-09, 4.06084144089e-09, 3.94816224158e-09, 3.83935816473e-09, 3.736483567e-09, 3.65517838219e-09, 3.58720630977e-09, 3.52595619368e-09, 3.47986461868e-09, 3.44638229066e-09, 3.4255513981e-09],
        "mean": [6.29256101092e-06, 1.70591811184e-05, 5.40164510312e-05, 8.79790459294e-05, 7.69080288592e-05, 3.89338565583e-05, 1.68195456354e-05, 1.97786448553e-05, 2.80901640508e-05, 3.59780424333e-05, 5.41558074474e-05, 4.63513970317e-05, 4.32071028627e-05, 0.000121758654132, 0.000133901427034, 0.000131350796437, 9.68412714428e-05, 9.25065178308e-05, 0.0001735065307, 0.000279238127405, 0.000208049881621, 0.000108063773951, 0.000132319299155, 0.000256523053395, 0.000306543865008, 0.00014741907944, 0.000104933067632, 7.61360643082e-05, 2.96533871733e-05, 2.27241253015e-05, 2.9259648727e-05, 4.933891978e-05, 5.20068351761e-05, 3.71512760466e-05, 2.93686243822e-05, 5.65916234336e-05, 7.62604395277e-05, 7.78035609983e-05, 8.00923298812e-05, 7.43064301787e-05, 4.18702438765e-05, 3.95861279685e-05, 4.66807832709e-05, 3.25792425429e-05, 1.52898901433e-05, 1.69059658219e-05, 1.58307993843e-05, 1.38734694701e-05, 1.4539012227e-05, 2.0500694518e-05, 1.88476369658e-05, 2.86435897578e-05, 3.19001483149e-05, 2.74819885817e-05, 2.49972945312e-05, 2.94902056339e-05, 3.28439855366e-05, 3.50023256033e-05, 3.45229818777e-05, 4.59553739347e-05, 7.31517357053e-05, 7.67966485e-05, 6.27194385743e-05, 3.58472680091e-05, 1.76841713255e-05, 8.2661590568e-06, 3.58945317203e-06, 3.01357340504e-06, 3.40260703524e-06, 6.51675964036e-06, 5.0065891628e-06, 2.14373358176e-06, 1.27614555367e-06, 7.73828787715e-07, 9.73541432359e-07, 9.26219343e-07, 8.99476390259e-07, 8.96067604117e-07, 1.435122158e-06, 1.93996470443e-06, 7.71867405547e-07, 4.62526372758e-07, 5.34470302682e-07, 4.90028241984e-07, 3.76369769128e-07, 3.57696364972e-07, 2.99021081673e-07, 1.90847174508e-07, 9.34412369702e-08, 6.6398875731e-08, 5.07274151573e-08, 3.32434417771e-08, 3.33903464877e-08, 1.83964630196e-08, 1.02644373001e-08, 5.60491608681e-09, 3.12141690273e-09, 1.33022037829e-09, 1.067971378e-09, 9.05425123765e-10, 8.19130541174e-10, 8.18211887132e-10, 8.04347033423e-10, 6.78068268201e-10, 1.32826902255e-10, 1.00573048153e-11, 9.36645379312e-12, 8.83559718445e-12, 8.43265561545e-12, 8.04038259583e-12, 7.68625007391e-12, 7.36401131046e-12, 7.05256946593e-12, 6.77413463865e-12, 6.52129652362e-12, 6.30468203686e-12, 6.09794593293e-12, 5.87026087462e-12, 5.69202584372e-12, 5.53889356256e-12, 5.38938164929e-12, 5.25330603671e-12, 5.15242102456e-12, 5.05300488951e-12, 4.91605627734e-12, 4.7547512802e-12, 4.65691200879e-12, 4.6220696541e-12],
        "min": [5.82121684189e-09, 1.47285819097e-08, 1.52761554517e-08, 2.86311987452e-08, 5.41359383988e-08, 1.57901052233e-08, 2.98525613118e-08, 6.07471193348e-08, 1.32072708325e-08, 5.50451133563e-08, 3.22250137685e-08, 3.01305433936e-08, 4.67232794676e-08, 9.22117351365e-08, 8.73410641589e-08, 2.88159540673e-08, 7.41248200598e-08, 1.4096553258e-08, 7.09368208618e-08, 4.32549418505e-09, 3.3033721536e-08, 3.24685380804e-08, 8.08494160509e-09, 1.36508635507e-08, 7.05103175846e-09, 4.42575620596e-09, 1.81509807184e-09, 5.05956387897e-09, 1.50903234353e-09, 1.12717724043e-09, 3.12846282213e-09, 4.22111190446e-09, 4.67300864671e-09, 4.10396250317e-09, 5.17956566526e-09, 2.9819084979e-09, 7.25233206822e-09, 9.74842073731e-09, 1.41051135216e-08, 6.48021103444e-09, 6.53118359395e-09, 5.54649215445e-09, 1.30934827425e-08, 7.06045355514e-09, 6.88472123755e-09, 6.51054499201e-09, 5.77603520568e-09, 6.46062092713e-09, 4.45745529376e-09, 3.6453169372e-09, 7.39734140609e-09, 7.57306484189e-09, 3.4629916712e-09, 5.21082865745e-09, 1.95275884352e-09, 2.9158226944e-09, 2.66463917598e-09, 2.42066189315e-09, 5.44429523686e-09, 5.72163516566e-09, 8.01812660711e-09, 1.10877582671e-08, 7.93185073178e-09, 4.80754147603e-09, 3.85101817102e-09, 2.52080467611e-09, 2.96816082823e-09, 1.16991472066e-09, 1.48834211622e-09, 2.20041695975e-09, 8.1647927308e-10, 1.21032839306e-09, 9.09551434169e-10, 1.06976971725e-09, 7.85010334514e-10, 1.15199549899e-09, 8.30492397075e-10, 6.33049168641e-10, 7.40009609146e-10, 6.20053230982e-10, 6.07699224275e-10, 6.6025518386e-10, 5.98842309074e-10, 6.77757072687e-10, 3.14471115814e-10, 6.06708350226e-10, 3.49989953685e-10, 5.29180643749e-10, 3.84801107645e-10, 3.10820424954e-10, 3.9681705144e-10, 3.29283933453e-10, 3.2850913656e-10, 2.52875997919e-10, 2.78309930657e-10, 1.7958179388e-10, 1.80916712167e-10, 1.60554208817e-10, 1.84487550237e-10, 1.68188463157e-10, 1.58538127071e-10, 1.64910751721e-10, 1.4900519707e-10, 1.50004453303e-10, 6.47520275246e-12, 1.31106741132e-13, 1.06209922042e-13, 1.17516714133e-13, 1.06056351581e-13, 7.25351040082e-14, 1.10320207017e-13, 1.16398739063e-13, 1.06847127988e-13, 8.5909537405e-14, 1.16347686693e-13, 9.85392797632e-14, 1.09514001058e-13, 9.79285486795e-14, 8.53320709991e-14, 8.96883004605e-14, 1.09367118768e-13, 9.05799822084e-14, 9.42292034331e-14, 1.0451962375e-13, 8.76376201426e-14, 3.08270932652e-14, 4.78376849445e-15, 8.7509236947e-17],
        "stdev": [1.94707863557e-05, 5.78741528443e-05, 0.000147971804836, 0.000209221019759, 0.000203785675694, 9.05265042093e-05, 2.69445517915e-05, 3.61800448445e-05, 6.27163462923e-05, 6.05452114542e-05, 0.000112927133159, 0.000107547471998, 0.000108400941826, 0.000328600493958, 0.000346020795405, 0.000436112924945, 0.000467179343104, 0.000686914310791, 0.000587695278227, 0.000775930646341, 0.000688458909281, 0.000496723398101, 0.000737833790481, 0.000915381999221, 0.00117672304623, 0.000640770653263, 0.000452259380836, 0.000337955105351, 9.83425561571e-05, 6.67992280796e-05, 0.00010895813466, 0.000208559256862, 0.000218611909077, 0.000152718508616, 0.000100026227301, 0.000211681050132, 0.000275492609944, 0.00028718134854, 0.000297467748169, 0.000301723688608, 0.000251595367445, 0.000230272911722, 0.000248640775681, 0.000158967843163, 6.08343907516e-05, 8.76488702488e-05, 5.19318346051e-05, 4.63863143523e-05, 3.7708083255e-05, 5.78149447392e-05, 5.42662310181e-05, 8.82997119334e-05, 0.000131752327434, 8.06750031188e-05, 6.31199800409e-05, 7.31132604415e-05, 7.7230775787e-05, 6.81935998728e-05, 6.85545892338e-05, 9.06227141968e-05, 0.000157999878866, 0.00015188321413, 0.000129150066641, 9.06322165974e-05, 3.8946440327e-05, 1.64991997735e-05, 1.01327350421e-05, 8.17502041173e-06, 9.37598815653e-06, 1.83394276974e-05, 1.48913413796e-05, 6.60299156152e-06, 4.12976987718e-06, 2.04056777875e-06, 2.74733110928e-06, 2.44573084274e-06, 2.15995169128e-06, 2.42702776632e-06, 3.67213033314e-06, 5.7554666455e-06, 2.34397248278e-06, 1.55100531174e-06, 1.6991962184e-06, 1.48762683239e-06, 1.19760204598e-06, 1.10449911972e-06, 7.99002691565e-07, 5.95027074723e-07, 3.83171254725e-07, 2.34630178397e-07, 1.43226074556e-07, 1.00886389021e-07, 8.94750584735e-08, 4.95866636641e-08, 2.43817765977e-08, 1.19223031447e-08, 5.06068431605e-09, 1.80041592746e-09, 1.20764753753e-09, 6.87688295198e-10, 5.47422496222e-10, 5.22197229902e-10, 5.21698240163e-10, 4.51720910677e-10, 2.58803756203e-10, 2.26799995451e-10, 2.13017034567e-10, 2.01396704869e-10, 1.91101662272e-10, 1.81549275613e-10, 1.72994160663e-10, 1.64900107458e-10, 1.57790114308e-10, 1.51399226489e-10, 1.45207734725e-10, 1.39929165477e-10, 1.345339673e-10, 1.30179145241e-10, 1.25992383193e-10, 1.22541754521e-10, 1.19171353341e-10, 1.15936864276e-10, 1.13442082117e-10, 1.11349290899e-10, 1.09451600561e-10, 1.08018712031e-10, 1.0698681524e-10, 1.06340762585e-10]
    },
    "mfcc": {
        "mean": [-737.977661133, 142.670196533, -64.1867523193, 40.0041389465, -17.6261081696, -4.14862728119, -20.5857925415, 9.10931301117, -13.9282445908, -2.89587068558, 6.40101146698, 2.66222643852, -2.01740932465],
        "cov": [[4432.65429688, -414.875183105, -1370.93518066, 124.186950684, -621.915405273, -131.811950684, -206.169525146, 578.10559082, -186.464065552, -1.97571313381, 213.864776611, 180.027175903, -95.6989593506], [-414.875183105, 693.725158691, 73.713973999, -223.932342529, 228.249237061, -207.10345459, 88.3845672607, 42.8591499329, 13.2438325882, -28.904006958, 104.883308411, 3.08257246017, 13.2527656555], [-1370.93518066, 73.713973999, 794.473693848, 64.093788147, 123.011268616, 200.753082275, 52.0631599426, -168.184234619, 66.4483947754, 60.121471405, -127.706665039, -41.2559013367, 56.3851661682], [124.186950684, -223.932342529, 64.093788147, 362.619537354, 32.6202125549, 90.2095413208, -22.8847084045, -43.533416748, 33.0882339478, 22.2062091827, -51.2135009766, -7.17617177963, 40.9591598511], [-621.915405273, 228.249237061, 123.011268616, 32.6202125549, 469.924316406, 18.5606498718, -41.5439453125, -114.029655457, -33.9448280334, 30.7915019989, 43.6007003784, -24.2672901154, -6.62818002701], [-131.811950684, -207.10345459, 200.753082275, 90.2095413208, 18.5606498718, 319.346191406, 3.16696691513, -111.626930237, 31.0506439209, 67.8842391968, -93.9663543701, -23.0061607361, 3.32933974266], [-206.169525146, 88.3845672607, 52.0631599426, -22.8847084045, -41.5439453125, 3.16696691513, 220.644897461, 85.7487564087, 82.45337677, -17.5062885284, -24.5093784332, 5.45872545242, 21.6504154205], [578.10559082, 42.8591499329, -168.184234619, -43.533416748, -114.029655457, -111.626930237, 85.7487564087, 316.99621582, 6.72737550735, -46.545589447, 73.7197494507, 32.8975639343, -9.97130584717], [-186.464065552, 13.2438325882, 66.4483947754, 33.0882339478, -33.9448280334, 31.0506439209, 82.45337677, 6.72737550735, 148.510986328, 43.8478050232, -31.8215923309, -10.2533712387, 24.6138076782], [-1.97571313381, -28.904006958, 60.121471405, 22.2062091827, 30.7915019989, 67.8842391968, -17.5062885284, -46.545589447, 43.8478050232, 135.853256226, 22.5827674866, -1.47779560089, 0.168829187751], [213.864776611, 104.883308411, -127.706665039, -51.2135009766, 43.6007003784, -93.9663543701, -24.5093784332, 73.7197494507, -31.8215923309, 22.5827674866, 174.721679688, 45.2836341858, -21.3749027252], [180.027175903, 3.08257246017, -41.2559013367, -7.17617177963, -24.2672901154, -23.0061607361, 5.45872545242, 32.8975639343, -10.2533712387, -1.47779560089, 45.2836341858, 124.778373718, 37.141910553], [-95.6989593506, 13.2527656555, 56.3851661682, 40.9591598511, -6.62818002701, 3.32933974266, 21.6504154205, -9.97130584717, 24.6138076782, 0.168829187751, -21.3749027252, 37.141910553, 96.090385437]],
        "icov": [[0.00283132493496, -0.00296136271209, 0.00471206055954, -0.00340374186635, 0.00374958547764, -0.00363841559738, 0.00334872002713, -0.00438265921548, 0.00354605074972, -0.00376249989495, 0.00221050763503, -0.00264409207739, 0.00170151318889], [-0.00296136271209, 0.0070818150416, -0.0056851869449, 0.00571975065395, -0.00595297478139, 0.0060336375609, -0.00479515781626, 0.00466456077993, -0.00463677290827, 0.00451097916812, -0.00369615899399, 0.00340023334138, -0.00303999800235], [0.00471206055954, -0.0056851869449, 0.00983964465559, -0.00592124182731, 0.00617602281272, -0.00716050853953, 0.00532671157271, -0.00685537513345, 0.00594887509942, -0.00675463769585, 0.00465809972957, -0.00420879060403, 0.00214069988579], [-0.00340374186635, 0.00571975065395, -0.00592124182731, 0.00858368631452, -0.00596881192178, 0.00470606936142, -0.00382886244915, 0.0050031482242, -0.00560811115429, 0.00493707880378, -0.00285257119685, 0.00374704692513, -0.00421099364758], [0.00374958547764, -0.00595297478139, 0.00617602281272, -0.00596881192178, 0.00875564943999, -0.0058236150071, 0.00477239117026, -0.0047366861254, 0.00591193139553, -0.00532895000651, 0.0019990268629, -0.00303980219178, 0.00282912235707], [-0.00363841559738, 0.0060336375609, -0.00716050853953, 0.00470606936142, -0.0058236150071, 0.0111386328936, -0.00563066964969, 0.00636787479743, -0.00428739283234, 0.00244206795469, -0.00110247277189, 0.00299340579659, -0.00142653542571], [0.00334872002713, -0.00479515781626, 0.00532671157271, -0.00382886244915, 0.00477239117026, -0.00563066964969, 0.0118535906076, -0.0074486057274, 0.000160193114425, -0.0027067870833, 0.0037086752709, -0.00374300405383, 0.00181888858788], [-0.00438265921548, 0.00466456077993, -0.00685537513345, 0.0050031482242, -0.0047366861254, 0.00636787479743, -0.0074486057274, 0.0121096512303, -0.00544766662642, 0.0069789653644, -0.00571157224476, 0.00396280689165, -0.00214964756742], [0.00354605074972, -0.00463677290827, 0.00594887509942, -0.00560811115429, 0.00591193139553, -0.00428739283234, 0.000160193114425, -0.00544766662642, 0.0161436740309, -0.00968797877431, 0.00455830153078, -0.00224622595124, 0.000789780169725], [-0.00376249989495, 0.00451097916812, -0.00675463769585, 0.00493707880378, -0.00532895000651, 0.00244206795469, -0.0027067870833, 0.0069789653644, -0.00968797877431, 0.0169001296163, -0.00751946400851, 0.00389362801798, -0.00235410174355], [0.00221050763503, -0.00369615899399, 0.00465809972957, -0.00285257119685, 0.0019990268629, -0.00110247277189, 0.0037086752709, -0.00571157224476, 0.00455830153078, -0.00751946400851, 0.0135163851082, -0.00604163855314, 0.00412918301299], [-0.00264409207739, 0.00340023334138, -0.00420879060403, 0.00374704692513, -0.00303980219178, 0.00299340579659, -0.00374300405383, 0.00396280689165, -0.00224622595124, 0.00389362801798, -0.00604163855314, 0.0139185739681, -0.00744398543611], [0.00170151318889, -0.00303999800235, 0.00214069988579, -0.00421099364758, 0.00282912235707, -0.00142653542571, 0.00181888858788, -0.00214964756742, 0.000789780169725, -0.00235410174355, 0.00412918301299, -0.00744398543611, 0.0162689108402]]
    },
    "spectral_contrast_coeffs": {
        "max": [-0.46240696311, -0.463053792715, -0.484340876341, -0.56703132391, -0.454772889614, -0.489120721817],
        "mean": [-0.718861103058, -0.717472910881, -0.750673055649, -0.757821261883, -0.710436403751, -0.689427316189],
        "min": [-0.898679494858, -0.892023324966, -0.921731233597, -0.906098425388, -0.892500042915, -0.902983129025],
        "stdev": [0.061572406441, 0.0826068520546, 0.0710032880306, 0.0558742843568, 0.0814440771937, 0.0680783316493]
    },
    "spectral_contrast_valleys": {
        "max": [-6.70393133163, -5.60607719421, -5.83963298798, -6.12384033203, -6.32737731934, -9.15954399109],
        "mean": [-8.26673984528, -7.50786209106, -8.31339740753, -8.26637554169, -8.32363033295, -12.5026702881],
        "min": [-10.3922538757, -9.73164176941, -11.0269641876, -10.5156497955, -10.7048578262, -13.1608543396],
        "stdev": [0.588071346283, 0.658032476902, 0.811545372009, 0.743247926235, 0.793970704079, 0.31069496274]
    }
},
"rhythm": {
    "beats_count": 85,
    "beats_loudness": {
        "max": 0.109086975455,
        "mean": 0.0121364211664,
        "min": 0.000348386383848,
        "stdev": 0.0149982329458
    },
    "bpm": 96.7372665405,
    "bpm_histogram_first_peak_bpm": 96,
    "bpm_histogram_first_peak_weight": 0.604166686535,
    "bpm_histogram_second_peak_bpm": 115,
    "bpm_histogram_second_peak_spread": 0.5,
    "bpm_histogram_second_peak_weight": 0.0595238097012,
    "danceability": 0.948439836502,
    "onset_rate": 2.9326171875,
    "beats_loudness_band_ratio": {
        "max": [0.830514192581, 0.645705640316, 0.783031046391, 0.624336481094, 0.749006271362, 0.246713429689],
        "mean": [0.134039148688, 0.1519356668, 0.268816649914, 0.150343358517, 0.267708331347, 0.0563165731728],
        "min": [0.0015954367118, 0.00689713889733, 0.0228992830962, 0.00904922466725, 0.0033518942073, 0.000428232626291],
        "stdev": [0.210258036852, 0.160187661648, 0.19142600894, 0.119899369776, 0.196119308472, 0.0557628273964]
    },
