{
"metadata": {
    "version": {
        "essentia": "2.1-beta5",
        "essentia_git_sha": "Undefined",
        "extractor": "music 2.0"
    },
    "audio_properties": {
        "analysis": {
            "equal_loudness": 0,
            "length": 48.7502937317,
            "sample_rate": 44100,
            "start_time": 77.7520217896,
            "downmix": "mix"
        },
        "bit_rate": 192000,
        "length": 284.76953125,
        "lossless": 0,
        "number_channels": 2,
        "replay_gain": 2.24953269958,
        "sample_rate": 44100,
        "codec": "mp3",
        "md5_encoded": "64da2ecdf41477555633f5de0f7d2fe3"
    },
    "tags": {
        "file_name": "Germany_Bonne Nuit, Ma Chérie!_Wyn Hoop.mp3",
        "encoding": ["Lavf58.29.100"]
    }
},
"lowlevel": {
    "average_loudness": 0.956984221935,
    "barkbands_crest": {
        "max": 23.9687995911,
        "mean": 10.8039360046,
        "min": 3.33699274063,
        "stdev": 3.53197693825
    },
    "barkbands_flatness_db": {
        "max": 0.417861968279,
        "mean": 0.23032951355,
        "min": 0.115256078541,
        "stdev": 0.0415469072759
    },
    "barkbands_kurtosis": {
        "max": 167.153015137,
        "mean": 6.55639457703,
        "min": -1.61649990082,
        "stdev": 11.4593067169
    },
    "barkbands_skewness": {
        "max": 9.75912284851,
        "mean": 1.71779668331,
        "min": -1.89620649815,
        "stdev": 1.13717603683
    },
    "barkbands_spread": {
        "max": 30.7431621552,
        "mean": 8.05774974823,
        "min": 0.544533789158,
        "stdev": 4.39155817032
    },
    "dissonance": {
        "max": 0.500000178814,
        "mean": 0.419595390558,
        "min": 0.237189650536,
        "stdev": 0.0468915700912
    },
    "dynamic_complexity": 2.00542759895,
    "erbbands_crest": {
        "max": 27.5251941681,
        "mean": 11.5781154633,
        "min": 3.62196969986,
        "stdev": 4.47330856323
    },
    "erbbands_flatness_db": {
        "max": 0.35786908865,
        "mean": 0.262658983469,
        "min": 0.14975400269,
        "stdev": 0.0332270674407
    },
    "erbbands_kurtosis": {
        "max": 34.1812324524,
        "mean": 1.29151415825,
        "min": -1.81598377228,
        "stdev": 3.36681199074
    },
    "erbbands_skewness": {
        "max": 4.65744161606,
        "mean": 0.807201802731,
        "min": -2.18929195404,
        "stdev": 0.820321679115
    },
    "erbbands_spread": {
        "max": 50.4151039124,
        "mean": 19.6563796997,
        "min": 3.16284823418,
        "stdev": 8.25972747803
    },
    "hfc": {
        "max": 65.8233566284,
        "mean": 16.2666683197,
        "min": 0.0334280841053,
        "stdev": 9.55200481415
    },
    "loudness_ebu128": {
        "integrated": -25.9528636932,
        "loudness_range": 1.97093963623,
        "momentary": {
            "max": -22.8237953186,
            "mean": -26.358921051,
            "min": -37.0212783813,
            "stdev": 2.05358481407
        },
        "short_term": {
            "max": -24.8860340118,
            "mean": -26.0317344666,
            "min": -28.1943016052,
            "stdev": 0.737172842026
        }
    },
    "melbands_crest": {
        "max": 29.5184612274,
        "mean": 13.5269136429,
        "min": 4.31278181076,
        "stdev": 4.41100788116
    },
    "melbands_flatness_db": {
        "max": 0.513015985489,
        "mean": 0.303479015827,
        "min": 0.159180387855,
        "stdev": 0.0508767478168
    },
    "melbands_kurtosis": {
        "max": 137.144729614,
        "mean": 8.10257816315,
        "min": -1.61819314957,
        "stdev": 8.80571365356
    },
    "melbands_skewness": {
        "max": 7.11288928986,
        "mean": 1.90276837349,
        "min": -1.27802395821,
        "stdev": 1.07354211807
    },
    "melbands_spread": {
        "max": 51.603729248,
        "mean": 11.267991066,
        "min": 1.04590582848,
        "stdev": 6.85851573944
    },
    "pitch_salience": {
        "max": 0.850938200951,
        "mean": 0.588679730892,
        "min": 0.23104763031,
        "stdev": 0.106829240918
    },
    "silence_rate_20dB": {
        "max": 1,
        "mean": 1,
        "min": 1,
        "stdev": 0
    },
    "silence_rate_30dB": {
        "max": 1,
        "mean": 0.999524056911,
        "min": 0,
        "stdev": 0.0218116473407
    },
    "silence_rate_60dB": {
        "max": 1,
        "mean": 0.011423131451,
        "min": 0,
        "stdev": 0.106265626848
    },
    "spectral_centroid": {
        "max": 2007.73791504,
        "mean": 691.135253906,
        "min": 212.467102051,
        "stdev": 294.272888184
    },
    "spectral_complexity": {
        "max": 31,
        "mean": 15.3817234039,
        "min": 0,
        "stdev": 5.11895275116
    },
    "spectral_decrease": {
        "max": -1.42961996408e-11,
        "mean": -7.60627472118e-09,
        "min": -3.00005993381e-08,
        "stdev": 4.30003987972e-09
    },
    "spectral_energy": {
        "max": 0.117120154202,
        "mean": 0.0301832742989,
        "min": 5.69893272768e-05,
        "stdev": 0.0168537255377
    },
    "spectral_energyband_high": {
        "max": 0.000161997188115,
        "mean": 1.31361875901e-05,
        "min": 1.29719467168e-07,
        "stdev": 1.35506679726e-05
    },
    "spectral_energyband_low": {
        "max": 0.0521979369223,
        "mean": 0.00274535873905,
        "min": 2.77177082353e-06,
        "stdev": 0.00496767135337
    },
    "spectral_energyband_middle_high": {
        "max": 0.038694165647,
        "mean": 0.00482923397794,
        "min": 9.1801648523e-06,
        "stdev": 0.00509897200391
    },
    "spectral_energyband_middle_low": {
        "max": 0.113187633455,
        "mean": 0.0244002025574,
        "min": 4.59130460513e-05,
        "stdev": 0.0156804900616
    },
    "spectral_entropy": {
        "max": 7.5216960907,
        "mean": 6.61730241776,
        "min": 4.68261671066,
        "stdev": 0.387139320374
    },
    "spectral_flux": {
        "max": 0.298480302095,
        "mean": 0.0748881474137,
        "min": 0.0138163939118,
        "stdev": 0.0314203314483
    },
    "spectral_kurtosis": {
        "max": 55.5107727051,
        "mean": 18.9836769104,
        "min": 4.93109703064,
        "stdev": 7.4100060463
    },
    "spectral_rms": {
        "max": 0.0106894141063,
        "mean": 0.00520894583315,
        "min": 0.00023579513072,
        "stdev": 0.00152118166443
    },
    "spectral_rolloff": {
        "max": 2605.51757812,
        "mean": 830.795532227,
        "min": 193.798828125,
        "stdev": 461.728393555
    },
    "spectral_skewness": {
        "max": 6.25923204422,
        "mean": 3.10136675835,
        "min": 1.27113199234,
        "stdev": 0.751130700111
    },
    "spectral_spread": {
        "max": 8742168,
        "mean": 2205587.5,
        "min": 1357591.25,
        "stdev": 487193.4375
    },
    "spectral_strongpeak": {
        "max": 8.10917854309,
        "mean": 1.57502174377,
        "min": 0.0132144307718,
        "stdev": 1.19840359688
    },
    "zerocrossingrate": {
        "max": 0.08349609375,
        "mean": 0.0313027575612,
        "min": 0.005859375,
        "stdev": 0.011515378952
    },
    "barkbands": {
        "max": [2.95231911878e-05, 0.00220098625869, 0.0280953440815, 0.0679104477167, 0.0623729377985, 0.0782511010766, 0.0735320001841, 0.0507441684604, 0.0385391674936, 0.0211348552257, 0.0182067975402, 0.0344684123993, 0.00797592289746, 0.0108822686598, 0.0126049546525, 0.00598130468279, 0.00308428215794, 0.00206264760345, 0.00111652701162, 0.000238159787841, 3.22002561006e-05, 7.7289150795e-06, 8.31465604278e-06, 1.24118769236e-05, 1.58281545737e-05, 1.3456094166e-05, 7.89629893916e-07],
        "mean": [5.49453079657e-06, 5.96217723796e-05, 0.00108410255052, 0.00339510454796, 0.00495733413845, 0.00589907029644, 0.00381955062039, 0.00418218923733, 0.00171721260995, 0.0010810123058, 0.000859485880937, 0.000876865291502, 0.000426646322012, 0.000537405023351, 0.000482592120534, 0.000265278853476, 0.00027819047682, 0.000167869482539, 6.77703792462e-05, 1.31818324007e-05, 1.85988733392e-06, 7.92397713667e-07, 6.61662340917e-07, 1.14145427688e-06, 2.23729921345e-06, 6.00295038566e-07, 6.88824686179e-09],
        "min": [2.05305624945e-07, 1.70215500361e-07, 2.40578430066e-07, 5.84057318065e-07, 6.88114505465e-06, 1.73918651853e-05, 7.56709539473e-07, 4.7164580792e-06, 2.24503787649e-06, 1.70468808847e-06, 7.87612805198e-07, 1.40874340104e-06, 7.72929070081e-07, 1.36795122785e-07, 2.9532796475e-07, 4.50161081744e-07, 7.50172318931e-07, 3.46559225761e-08, 3.23625570786e-08, 2.56534420373e-08, 1.49901335789e-08, 1.59291939639e-08, 1.1502129027e-08, 2.88456405428e-08, 3.54459821494e-08, 1.51479415678e-08, 2.99826913297e-10],
        "stdev": [3.63453796126e-06, 0.000103168997157, 0.00255608744919, 0.00568938069046, 0.00576085643843, 0.0075907590799, 0.00596214039251, 0.00639568734914, 0.00350709166378, 0.00190027302597, 0.00149959721602, 0.00280202715658, 0.000871167518198, 0.000968603708316, 0.00112051307224, 0.000482335948618, 0.00034993441659, 0.000234573308262, 0.000107399224362, 2.03656090889e-05, 2.41682141677e-06, 3.80928014465e-07, 2.22192468868e-07, 3.26210766843e-07, 4.7215826271e-07, 3.03781973798e-07, 2.44559910101e-08]
    },
    "erbbands": {
        "max": [0.0170590747148, 0.669112384319, 17.8773593903, 112.613227844, 217.981231689, 214.902664185, 843.639953613, 837.599975586, 766.981994629, 1271.5032959, 1336.66723633, 1018.62023926, 668.01574707, 724.785461426, 1131.79650879, 1338.88623047, 344.286743164, 760.189147949, 758.147705078, 270.586700439, 393.968475342, 152.91595459, 139.986099243, 80.1017913818, 54.6360855103, 9.50866413116, 4.44590711594, 0.603379189968, 0.326183289289, 0.239209964871, 0.246591344476, 0.242381647229, 0.219936072826, 0.18138949573, 0.104367122054, 0.0579128749669, 0.0249980390072, 0.00377749465406, 0.000118463220133, 0.000133125082357],
        "mean": [0.00122938165441, 0.0280001834035, 0.774142622948, 7.1564207077, 14.2677211761, 14.5777578354, 29.2228832245, 52.50806427, 66.1626739502, 60.2917327881, 86.8532104492, 42.3652877808, 36.8501701355, 29.6220474243, 39.1032142639, 34.9094772339, 20.5505657196, 28.2718372345, 30.0569152832, 16.4013633728, 15.2186012268, 14.9169454575, 9.69012355804, 6.55698204041, 1.77964067459, 0.615168988705, 0.178510949016, 0.0507890693843, 0.0268858931959, 0.0252049900591, 0.019724432379, 0.0203727222979, 0.0219860114157, 0.023808516562, 0.0158484335989, 0.00484983157367, 0.00065444316715, 3.69031295122e-05, 1.60258805408e-05, 3.44034706359e-05],
        "min": [3.58632387361e-05, 0.000231184531003, 0.000788563105743, 0.00174074352253, 0.00178906042129, 0.0234085805714, 0.12985701859, 0.123944737017, 0.0204039365053, 0.0306828450412, 0.0714779049158, 0.0763894170523, 0.0695662721992, 0.0469698049128, 0.0392377898097, 0.081461623311, 0.0544576831162, 0.0126373739913, 0.0128674786538, 0.0177272744477, 0.0378204844892, 0.0355915650725, 0.003717697924, 0.00172594795004, 0.00159760529641, 0.00132005277555, 0.000487972109113, 0.000689826905727, 0.000558504951186, 0.000445281417342, 0.000328990223352, 0.000457546993857, 0.000576847756747, 0.000409819651395, 0.000221471957047, 6.86141866026e-05, 3.44107502315e-05, 2.29900683735e-06, 3.50361375467e-07, 9.4188159494e-08],
        "stdev": [0.00131024664734, 0.0408779457211, 1.59743010998, 11.3194570541, 20.9609413147, 17.9205265045, 48.8944625854, 76.4610519409, 93.109992981, 94.5456161499, 148.968093872, 86.087348938, 57.225189209, 56.3321075439, 82.846031189, 94.3047027588, 36.3495063782, 58.142490387, 67.398399353, 22.5748977661, 28.374835968, 18.142534256, 13.6139392853, 9.14132976532, 3.1658809185, 0.932282149792, 0.272886276245, 0.0505726598203, 0.0159674808383, 0.00842266064137, 0.00665690237656, 0.00650238478556, 0.00611706776544, 0.00573216285557, 0.00357461790554, 0.00145772530232, 0.000544195645489, 8.39766580611e-05, 8.70125677466e-06, 1.88696449186e-05]
    },
    "gfcc": {
        "mean": [-59.2954292297, 154.077865601, -135.648300171, -19.134469986, -53.1782722473, -16.0969009399, -65.6510009766, 6.71581363678, -33.8490066528, -11.8046894073, -12.1214485168, -11.94602108, -9.47327136993],
        "cov": [[859.57824707, 184.883514404, -518.634277344, -175.643478394, 160.436889648, -173.868179321, 83.4393005371, 168.538711548, 100.684844971, -15.0879087448, 54.3520469666, -70.3270339966, -46.651927948], [184.883514404, 186.322052002, 122.55506134, -27.5835113525, 19.5526027679, -13.7470788956, -4.57550668716, 1.57473313808, 34.7344474792, -33.8233909607, 7.96127223969, -20.5364551544, -40.1963691711], [-518.634277344, 122.55506134, 830.706726074, 211.22718811, -126.762306213, 102.91343689, -113.398956299, -195.484939575, -42.074962616, -41.5476989746, -52.4695777893, 29.8658123016, -8.73930740356], [-175.643478394, -27.5835113525, 211.22718811, 270.082092285, 44.8244972229, -19.4992923737, -55.7498435974, -40.8368110657, -26.1253910065, 11.2993993759, -54.4061088562, -13.0626525879, 30.7257766724], [160.436889648, 19.5526027679, -126.762306213, 44.8244972229, 153.925125122, 14.5738182068, -24.509437561, -8.36671066284, 13.0841693878, 12.372423172, -4.68277788162, -22.375743866, 8.77993202209], [-173.868179321, -13.7470788956, 102.91343689, -19.4992923737, 14.5738182068, 210.790435791, 47.435256958, -83.823387146, -53.8219108582, 15.6235084534, -7.05011701584, 19.1305160522, 17.6472263336], [83.4393005371, -4.57550668716, -113.398956299, -55.7498435974, -24.509437561, 47.435256958, 170.112747192, 116.150032043, -16.3385009766, -29.3896389008, 0.673436284065, -1.33643233776, -21.4964084625], [168.538711548, 1.57473313808, -195.484939575, -40.8368110657, -8.36671066284, -83.823387146, 116.150032043, 219.460784912, 61.7141265869, -41.4669876099, -4.5849146843, -16.1597042084, -52.386844635], [100.684844971, 34.7344474792, -42.074962616, -26.1253910065, 13.0841693878, -53.8219108582, -16.3385009766, 61.7141265869, 92.9756546021, 24.9050769806, 3.0715816021, -23.5474472046, -27.7131938934], [-15.0879087448, -33.8233909607, -41.5476989746, 11.2993993759, 12.372423172, 15.6235084534, -29.3896389008, -41.4669876099, 24.9050769806, 95.4199371338, 22.7515182495, -15.0194749832, 17.7982654572], [54.3520469666, 7.96127223969, -52.4695777893, -54.4061088562, -4.68277788162, -7.05011701584, 0.673436284065, -4.5849146843, 3.0715816021, 22.7515182495, 62.8172111511, 32.2647895813, -0.561710059643], [-70.3270339966, -20.5364551544, 29.8658123016, -13.0626525879, -22.375743866, 19.1305160522, -1.33643233776, -16.1597042084, -23.5474472046, -15.0194749832, 32.2647895813, 79.6553726196, 39.4228668213], [-46.651927948, -40.1963691711, -8.73930740356, 30.7257766724, 8.77993202209, 17.6472263336, -21.4964084625, -52.386844635, -27.7131938934, 17.7982654572, -0.561710059643, 39.4228668213, 86.4917297363]],
        "icov": [[0.0165882576257, -0.0189451854676, 0.00932545959949, 0.00195957138203, -0.010333574377, 0.0153464581817, -0.0167205501348, 0.0125157348812, -0.00758332759142, 0.00207985541783, -0.00200477312319, 0.0023016994819, -0.00218833354302], [-0.0189451854676, 0.0375192090869, -0.0194772221148, 0.00629816111177, -0.000446680205641, -0.0107360677794, 0.0124801164493, -0.0138158956543, 0.00544999958947, 0.0019315747777, -0.00571493711323, 0.0061871483922, -0.00152620126028], [0.00932545959949, -0.0194772221148, 0.0204700827599, -0.0172893963754, 0.0148786632344, -0.00362373632379, -0.0063030384481, 0.0203132983297, -0.0203819405288, 0.0167030990124, -0.00565715366974, -0.00112542987335, 0.00466274376959], [0.00195957138203, 0.00629816111177, -0.0172893963754, 0.0298231914639, -0.0290338806808, 0.0197239648551, -0.00391015596688, -0.0163960382342, 0.0261809378862, -0.0276576709002, 0.0189184565097, -0.00472647696733, -0.00397993996739], [-0.010333574377, -0.000446680205641, 0.0148786632344, -0.0290338806808, 0.0444052517414, -0.0317396484315, 0.0197136495262, 0.00572536373511, -0.0191017836332, 0.025335656479, -0.0152120180428, 0.00627317279577, 0.0020796940662], [0.0153464581817, -0.0107360677794, -0.00362373632379, 0.0197239648551, -0.0317396484315, 0.0399236120284, -0.0318400748074, 0.0143830487505, 0.00649242242798, -0.0199580714107, 0.018705572933, -0.0119127519429, 0.00352797587402], [-0.0167205501348, 0.0124801164493, -0.0063030384481, -0.00391015596688, 0.0197136495262, -0.0318400748074, 0.0479419752955, -0.03803659603, 0.0233057253063, -0.00258261011913, -0.00501081906259, 0.0070246537216, -0.00432953657582], [0.0125157348812, -0.0138158956543, 0.0203132983297, -0.0163960382342, 0.00572536373511, 0.0143830487505, -0.03803659603, 0.0560751184821, -0.0453103035688, 0.0266975387931, -0.00353950867429, -0.006958455313, 0.0123383998871], [-0.00758332759142, 0.00544999958947, -0.0203819405288, 0.0261809378862, -0.0191017836332, 0.00649242242798, 0.0233057253063, -0.0453103035688, 0.065491579473, -0.0478128492832, 0.0267878696322, -0.0104890493676, 0.00182359968312], [0.00207985541783, 0.0019315747777, 0.0167030990124, -0.0276576709002, 0.025335656479, -0.0199580714107, -0.00258261011913, 0.0266975387931, -0.0478128492832, 0.0647547468543, -0.0488239787519, 0.0334183610976, -0.0136331040412], [-0.00200477312319, -0.00571493711323, -0.00565715366974, 0.0189184565097, -0.0152120180428, 0.018705572933, -0.00501081906259, -0.00353950867429, 0.0267878696322, -0.0488239787519, 0.0739524140954, -0.0516864582896, 0.0259779561311], [0.0023016994819, 0.0061871483922, -0.00112542987335, -0.00472647696733, 0.00627317279577, -0.0119127519429, 0.0070246537216, -0.006958455313, -0.0104890493676, 0.0334183610976, -0.0516864582896, 0.05946245417, -0.0326689742506], [-0.00218833354302, -0.00152620126028, 0.00466274376959, -0.00397993996739, 0.0020796940662, 0.00352797587402, -0.00432953657582, 0.0123383998871, 0.00182359968312, -0.0136331040412, 0.0259779561311, -0.0326689742506, 0.0354722924531]]
    },
    "melbands": {
        "max": [0.000333819712978, 0.00745047722012, 0.0222036466002, 0.0111442608759, 0.0246809404343, 0.0176930017769, 0.00996665004641, 0.0116847055033, 0.0109254159033, 0.00597742432728, 0.0033366184216, 0.00309538538568, 0.00278646801598, 0.00435968674719, 0.0016788126668, 0.00122575310525, 0.00124140281696, 0.00106961815618, 0.000536608335096, 0.000321049767081, 0.000491353450343, 0.000177718757186, 0.000201802686206, 9.62257472565e-05, 7.87297904026e-05, 4.38437455159e-05, 1.53561686602e-05, 7.219168765e-06, 4.14943315263e-06, 8.60511818246e-07, 2.62888619318e-07, 2.29472320257e-07, 1.5191777436e-07, 1.26179713789e-07, 1.43167724787e-07, 1.40821597938e-07, 1.4982217067e-07, 1.55141648861e-07, 1.55608447017e-07, 1.5233709405e-07],
        "mean": [1.31030565171e-05, 0.000357217242708, 0.00146348925773, 0.000994146568701, 0.000958546996117, 0.00120487704407, 0.000954949238803, 0.000703482422978, 0.000657005584799, 0.000242262802203, 0.000180523842573, 0.000117576521006, 0.00012138402235, 0.000108129679575, 6.23544547125e-05, 4.48321807198e-05, 5.29525823367e-05, 4.7652869398e-05, 3.09265851683e-05, 1.95172615349e-05, 1.73005300894e-05, 1.66836671269e-05, 1.07112273326e-05, 7.35567437005e-06, 5.28913597009e-06, 1.53903738465e-06, 6.53821302876e-07, 3.60763465324e-07, 1.3730563353e-07, 4.30761595283e-08, 2.29048158218e-08, 1.48059884353e-08, 1.46029091042e-08, 1.29212072153e-08, 1.09486233413e-08, 1.13569962323e-08, 1.29047963426e-08, 1.43376777118e-08, 1.76637033888e-08, 2.14088533568e-08],
        "min": [9.90785409272e-08, 3.81956255069e-07, 2.76724762216e-07, 6.73506519888e-07, 3.93403752241e-06, 2.8137380923e-06, 2.60174118694e-07, 4.61581493028e-07, 5.28160967406e-07, 3.71393753085e-07, 2.8032994237e-07, 1.53376390699e-07, 1.01189847612e-07, 1.45728009215e-07, 8.81034907252e-08, 7.5406205724e-08, 1.65334412827e-08, 1.83841457613e-08, 1.98387457573e-08, 2.45314542013e-08, 5.54491066396e-08, 5.04290689207e-08, 5.37331379391e-09, 1.40211919852e-09, 1.34528388429e-09, 1.00885866328e-09, 1.35616762265e-09, 6.88470835897e-10, 2.49105014394e-10, 3.36730254791e-10, 3.76304126748e-10, 3.00984792645e-10, 3.43643336009e-10, 1.8782267408e-10, 1.52666421172e-10, 2.31633212611e-10, 3.11462716729e-10, 3.72155750661e-10, 5.02241082057e-10, 2.88288171113e-10],
        "stdev": [1.8750781237e-05, 0.000704891572241, 0.00202866783366, 0.00114182068501, 0.00150460039731, 0.00163030950353, 0.00133201247081, 0.0010774001712, 0.00116008694749, 0.000518940505572, 0.000286222057184, 0.000236338673858, 0.000238210617681, 0.000349632173311, 0.000123641963, 0.000105128645373, 0.00010503239173, 0.000103031547042, 5.98457590968e-05, 3.03710166918e-05, 3.58846846211e-05, 2.20855799853e-05, 1.68631431734e-05, 9.98097766569e-06, 8.06159914646e-06, 2.78845868706e-06, 1.18044533792e-06, 6.56864358461e-07, 2.43402922706e-07, 6.26066238851e-08, 2.02796073268e-08, 1.03025721288e-08, 6.1135008167e-09, 4.41981073962e-09, 4.13281719958e-09, 4.04926581155e-09, 4.41403047446e-09, 4.5949137828e-09, 4.98496710577e-09, 5.64967628236e-09]
    },
    "melbands128": {
        "max": [1.59716983035e-05, 7.60694529163e-05, 0.000348429253791, 0.00148214830551, 0.00323384720832, 0.0179396495223, 0.0259207859635, 0.0380478948355, 0.0309811215848, 0.0145179321989, 0.0141136404127, 0.0281800329685, 0.0414291843772, 0.0155654866248, 0.0220228787512, 0.0367072448134, 0.0247241463512, 0.0167878158391, 0.0298954620957, 0.0243175476789, 0.021164810285, 0.0169709250331, 0.0208818074316, 0.0152805130929, 0.0122703528032, 0.00603831326589, 0.00433601159602, 0.00565957324579, 0.00610776524991, 0.00471265427768, 0.00540958624333, 0.00385301117785, 0.00554128875956, 0.00536406040192, 0.0111882044002, 0.00981188844889, 0.00267294165678, 0.00303586642258, 0.00177481770515, 0.00170256639831, 0.0020448633004, 0.00491085555404, 0.00108324666508, 0.0016285199672, 0.00177138508298, 0.00144634605385, 0.00270135328174, 0.000998006900772, 0.000872376607731, 0.000538327847607, 0.00048595428234, 0.00103541882709, 0.00108245643787, 0.00059088296257, 0.000574718113057, 0.00033002148848, 0.000226603835472, 0.000386952451663, 0.00030709351995, 0.00028896908043, 0.000190852399101, 0.000107435545942, 0.000143862242112, 0.000148869352415, 6.96970091667e-05, 3.73138827854e-05, 9.97510360321e-05, 1.97547778953e-05, 2.05391825148e-05, 2.02210212592e-05, 9.14016527531e-06, 1.8900469513e-05, 8.51354798215e-06, 3.77954825126e-06, 1.52823167809e-06, 1.37475797146e-06, 5.83166581691e-07, 3.43863433727e-07, 3.4283496575e-07, 2.97641605584e-07, 3.16370886821e-07, 1.84244640877e-07, 1.5489406735e-07, 1.62356386113e-07, 1.35621206709e-07, 1.17888177442e-07, 1.12141712805e-07, 1.61424978273e-07, 1.40093177947e-07, 1.42088026678e-07, 1.32857195467e-07, 1.44206879327e-07, 1.43655299212e-07, 1.55598883111e-07, 1.41603436532e-07, 1.72018246758e-07, 1.60471103072e-07, 1.25396482531e-07, 1.68124927313e-07, 1.47444396248e-07, 1.7597770352e-07, 1.4397033965e-07, 1.4402736781e-07, 1.27715765075e-07, 7.7821425748e-08, 1.0072842116e-07, 1.89791308003e-07, 1.59990293014e-07, 6.82799026208e-08, 5.3073140549e-08, 8.74638104165e-08, 1.12884350756e-07, 8.95753515806e-08, 5.94043640945e-08, 4.18181222983e-08, 4.3345096401e-08, 3.09679855093e-08, 3.70361541435e-09, 3.62131480358e-09, 3.47773632114e-09, 3.42498029937e-09, 3.33079319681e-09, 3.27240456954e-09, 3.208683097e-09, 3.16816217705e-09, 3.10426950811e-09, 3.08953684858e-09, 3.07952174872e-09],
        "mean": [3.84352415495e-06, 5.12187580171e-06, 1.54128265422e-05, 3.10364557663e-05, 0.00011653213005, 0.000702978053596, 0.00142270710785, 0.00175522186328, 0.00154392898548, 0.000817993015517, 0.000701242126524, 0.00099687371403, 0.00107987981755, 0.000847396266181, 0.00104747130536, 0.00156091642566, 0.00139099359512, 0.000767459045164, 0.000529925222509, 0.000634529395029, 0.000812966260128, 0.000812351994682, 0.000779068679549, 0.000311036157655, 0.000227301425184, 0.000236355350353, 0.000177296387847, 0.000200540438527, 0.000153762404807, 0.000125523336465, 0.000107201340143, 9.57609663601e-05, 0.000114301685244, 0.000160041090567, 0.000100114710222, 0.000107671396108, 9.49388704612e-05, 6.59183569951e-05, 3.48156681866e-05, 3.97361436626e-05, 4.05875653087e-05, 6.58456556266e-05, 4.89851081511e-05, 5.23418857483e-05, 4.3535081204e-05, 4.49207982456e-05, 6.07662768743e-05, 3.18912279909e-05, 1.94053045561e-05, 1.3586129171e-05, 2.50487719313e-05, 1.81950181286e-05, 1.52909378812e-05, 1.80047190952e-05, 1.93341929844e-05, 1.75272107299e-05, 1.3621063772e-05, 1.12881543828e-05, 1.0275061868e-05, 8.23257505544e-06, 7.00153213984e-06, 6.18979447609e-06, 8.2517572082e-06, 4.31774424214e-06, 2.06718505069e-06, 1.43622742144e-06, 1.30469732085e-06, 7.66059486068e-07, 5.72905435092e-07, 3.42580563029e-07, 3.18701466995e-07, 4.78638810364e-07, 1.76404256536e-07, 8.25852879416e-08, 5.36382174232e-08, 5.40164144525e-08, 3.18749044936e-08, 2.58561065891e-08, 2.30077787933e-08, 1.87771558302e-08, 1.51175374441e-08, 1.34516620065e-08, 1.25859642708e-08, 1.22822330084e-08, 2.11592823263e-08, 1.21997780766e-08, 1.16561071906e-08, 1.00722656882e-08, 1.06429638436e-08, 1.21705356904e-08, 1.02781836375e-08, 1.17364455932e-08, 1.19765832807e-08, 1.12705986766e-08, 1.62057336439e-08, 1.22968675242e-08, 1.49866306032e-08, 1.50038896862e-08, 1.70864957738e-08, 2.00317487042e-08, 1.76944716657e-08, 2.31348273871e-08, 2.27228067473e-08, 2.33917596404e-08, 1.75445293848e-08, 1.58075312839e-08, 1.35888251762e-08, 1.041984099e-08, 8.77895622864e-09, 4.94553464847e-09, 3.54779672307e-09, 2.35412689342e-09, 1.56722590461e-09, 9.55510337519e-10, 2.26501525868e-10, 1.3430542789e-10, 1.88794119227e-10, 9.01137671427e-12, 7.86374264317e-12, 7.72925213416e-12, 7.62040951174e-12, 7.50793784782e-12, 7.36384998118e-12, 7.20830643439e-12, 7.1510328041e-12, 7.11559153613e-12, 7.10381666685e-12, 7.04752532374e-12],
        "min": [4.01657160864e-08, 7.74581678797e-08, 4.97452603554e-08, 6.93390020956e-08, 7.5596545912e-08, 1.60685942774e-07, 2.32384891774e-07, 2.44737464072e-07, 8.80986874563e-08, 2.14451290503e-07, 8.25716597319e-07, 1.47455693877e-06, 6.363197258e-07, 1.23194649859e-06, 2.17592764784e-06, 5.59607428841e-07, 2.70370719591e-07, 9.35671380375e-08, 1.2186933418e-07, 1.89946518958e-07, 4.86113549414e-07, 4.49449998996e-07, 9.09962238893e-08, 1.1800553068e-07, 5.49075274137e-08, 4.96741598965e-08, 1.6580648321e-07, 2.96641246678e-07, 8.80587904817e-08, 6.39605701735e-08, 2.7958810378e-08, 3.04801517359e-08, 4.1218800817e-08, 3.28527818283e-08, 6.36607921933e-08, 1.65661315776e-08, 2.87304811053e-08, 2.7626885668e-08, 2.34496457807e-08, 2.78538792031e-08, 2.14146851363e-08, 3.044177177e-08, 1.83718427138e-08, 6.23673512834e-09, 8.10736988655e-09, 2.37972610506e-08, 8.70855565438e-09, 9.45703959587e-09, 1.55620973885e-08, 2.52986005478e-08, 2.19486953057e-08, 2.10484394358e-08, 1.16146976481e-08, 1.8436722371e-08, 3.49503359587e-08, 4.14249292646e-08, 8.95546126145e-09, 8.99942431687e-09, 2.76785949715e-09, 7.42662153996e-10, 1.92817073419e-09, 1.36873135048e-09, 7.50992379395e-10, 2.0414279156e-09, 1.09303543994e-09, 6.53781251359e-10, 1.05242481396e-09, 1.55565615945e-09, 1.06995989846e-09, 1.7600298996e-09, 7.68747676627e-10, 1.05570586995e-10, 2.2229858232e-10, 2.47733056291e-10, 3.3398536714e-10, 2.92609464436e-10, 2.08174838479e-10, 7.77683140107e-10, 2.9521707301e-10, 1.41033643097e-10, 3.24231003157e-10, 4.12419015605e-10, 1.70125538657e-10, 4.25633972512e-10, 4.00187244454e-10, 2.08242326161e-10, 1.06760558727e-10, 1.27430538344e-10, 9.38490257729e-11, 2.71365291349e-10, 1.98493346759e-10, 2.59155669147e-10, 1.76120146245e-10, 2.71941941188e-10, 4.99611907401e-10, 2.9154736958e-10, 3.85102422173e-10, 3.24781729288e-10, 6.25013540922e-10, 5.93048554709e-10, 2.20408358231e-10, 2.56125565201e-10, 2.47252884833e-10, 5.06594988181e-10, 2.05627265215e-10, 1.47953108098e-10, 2.23369628349e-10, 8.4357229535e-11, 5.90886506391e-11, 9.63446059044e-11, 2.00234259728e-10, 2.317727954e-10, 1.0399964917e-10, 2.08427927695e-11, 1.77898223496e-12, 7.99728284897e-13, 8.10074446758e-13, 8.44042175561e-13, 8.80121659146e-13, 7.24543146834e-13, 8.28048079323e-13, 9.06801435156e-13, 8.98241442164e-13, 9.16715162981e-13, 9.25031427325e-13, 9.23704580706e-13, 8.39193894497e-13, 8.21141657274e-13],
        "stdev": [2.28997760132e-06, 6.12772873865e-06, 2.27405434998e-05, 6.35197284282e-05, 0.000273154757451, 0.00167208677158, 0.00259414478205, 0.00322570488788, 0.00264074606821, 0.00133131619077, 0.00108076131437, 0.00185473344754, 0.00225661229342, 0.00147293764167, 0.00206876383163, 0.00293131568469, 0.00236008828506, 0.00166373013053, 0.00149812211748, 0.00138191005681, 0.00167395570315, 0.00177207880188, 0.00183697300963, 0.000919513578992, 0.000820516725071, 0.000624624313787, 0.000407619780162, 0.000407405721489, 0.000414346141042, 0.000330955983372, 0.000318205886288, 0.000261639186647, 0.00031909919926, 0.000347324530594, 0.000647310051136, 0.000558906584047, 0.000279168772977, 0.000174597851583, 0.000103627578937, 0.000124972197227, 0.000102980884549, 0.000319242768455, 0.000104045837361, 0.000111855406431, 0.00012993197015, 0.000127316263388, 0.00022289622575, 8.0345380411e-05, 4.54849832749e-05, 3.18282473017e-05, 4.77468165627e-05, 5.01457761857e-05, 5.71004784433e-05, 3.84796549042e-05, 3.66303502233e-05, 3.22087980749e-05, 2.28806020459e-05, 2.35841871472e-05, 2.23199040192e-05, 1.63252771017e-05, 1.21194070744e-05, 9.90039734461e-06, 1.44049272421e-05, 8.73564567883e-06, 4.3984664444e-06, 3.16616728924e-06, 4.95119775223e-06, 1.58214390922e-06, 1.14171484711e-06, 8.27089309041e-07, 6.57157670503e-07, 1.26778706999e-06, 3.92629260659e-07, 1.67381884353e-07, 9.84453265573e-08, 1.01739850322e-07, 4.41396785789e-08, 2.84248589111e-08, 2.64621569102e-08, 1.56455222111e-08, 1.48360905783e-08, 1.02456390039e-08, 8.52661496964e-09, 7.05338187856e-09, 9.6978887143e-09, 5.74944580833e-09, 5.44033174066e-09, 5.37352695673e-09, 5.06170261261e-09, 5.72591751791e-09, 4.87898965673e-09, 5.35569322224e-09, 5.40672573379e-09, 5.3740714101e-09, 7.04624580905e-09, 5.64196733777e-09, 6.34137942157e-09, 5.77024517057e-09, 6.55411280803e-09, 7.1435306559e-09, 6.95378776783e-09, 8.266340501e-09, 7.64287833022e-09, 8.08079203551e-09, 6.03082916939e-09, 5.55597168272e-09, 5.76186076628e-09, 4.51214177133e-09, 3.30819616146e-09, 1.92643212493e-09, 2.15429185602e-09, 2.52228771203e-09, 1.98974836607e-09, 1.33538458069e-09, 9.34008537179e-10, 9.75640901402e-10, 7.12319037088e-10, 8.96903246117e-11, 7.91712251313e-11, 7.60384741283e-11, 7.48786588289e-11, 7.2820784125e-11, 7.15431741627e-11, 7.01507740786e-11, 6.92629634202e-11, 6.78681139066e-11, 6.75435887776e-11, 6.73254021977e-11]
    },
    "mfcc": {
        "mean": [-706.3125, 201.725067139, -28.5903968811, -2.59161305428, 12.5414028168, -31.1875553131, -12.1479415894, -10.6347799301, -14.5849533081, -11.7306728363, -6.93536329269, -9.04232692719, -6.30391168594],
        "cov": [[1146.83837891, 212.575561523, -794.66394043, -45.2371520996, -41.8890800476, -268.267852783, 20.2553081512, 76.2815322876, 55.5269393921, 135.180618286, 118.701576233, 50.4585418701, 19.0996856689], [212.575561523, 227.667312622, 23.5210380554, -71.2655181885, 5.25458145142, -46.9210853577, -30.2685909271, 43.7038192749, -16.5197486877, -13.5449552536, 53.0903091431, 22.6141357422, -6.140001297], [-794.66394043, 23.5210380554, 861.171875, 94.9493713379, 39.1306114197, 193.063903809, -50.5064849854, -47.2308311462, -51.1289329529, -132.256622314, -85.7761154175, -28.4944133759, -9.40919017792], [-45.2371520996, -71.2655181885, 94.9493713379, 258.891204834, 86.3008880615, -32.9942550659, -38.8419303894, -34.4456138611, 28.1447124481, 10.6473741531, -54.6420059204, -22.3963031769, 20.3495883942], [-41.8890800476, 5.25458145142, 39.1306114197, 86.3008880615, 183.341445923, 79.9086990356, -69.6207580566, -72.1853713989, -20.3180580139, -8.00214672089, -35.4732170105, -36.0501022339, 7.78691482544], [-268.267852783, -46.9210853577, 193.063903809, -32.9942550659, 79.9086990356, 265.762268066, 49.58360672, -101.568557739, -35.0642700195, -29.4942550659, -74.0262756348, -41.8751144409, 8.45775508881], [20.2553081512, -30.2685909271, -50.5064849854, -38.8419303894, -69.6207580566, 49.58360672, 144.865859985, 62.8132667542, 17.0328140259, 4.32394790649, -13.0637903214, 5.04978322983, 7.50694513321], [76.2815322876, 43.7038192749, -47.2308311462, -34.4456138611, -72.1853713989, -101.568557739, 62.8132667542, 178.60887146, 52.9352035522, -14.9529981613, 38.7638511658, 30.1869888306, -4.37205171585], [55.5269393921, -16.5197486877, -51.1289329529, 28.1447124481, -20.3180580139, -35.0642700195, 17.0328140259, 52.9352035522, 83.0770568848, 44.5227127075, -0.391191214323, 1.79861152172, 3.41239595413], [135.180618286, -13.5449552536, -132.256622314, 10.6473741531, -8.00214672089, -29.4942550659, 4.32394790649, -14.9529981613, 44.5227127075, 106.452087402, 48.1893501282, 2.29403138161, -10.6510686874], [118.701576233, 53.0903091431, -85.7761154175, -54.6420059204, -35.4732170105, -74.0262756348, -13.0637903214, 38.7638511658, -0.391191214323, 48.1893501282, 127.116844177, 50.6058311462, -29.1560192108], [50.4585418701, 22.6141357422, -28.4944133759, -22.3963031769, -36.0501022339, -41.8751144409, 5.04978322983, 30.1869888306, 1.79861152172, 2.29403138161, 50.6058311462, 64.2864837646, 14.5517396927], [19.0996856689, -6.140001297, -9.40919017792, 20.3495883942, 7.78691482544, 8.45775508881, 7.50694513321, -4.37205171585, 3.41239595413, -10.6510686874, -29.1560192108, 14.5517396927, 61.8652458191]],
        "icov": [[0.0133088566363, -0.0186508744955, 0.0148175740615, -0.0113418353721, 0.00903530325741, -0.00491845747456, 0.00223544589244, 0.000500481983181, 8.71198062669e-05, -0.000645434658509, 0.000213750987314, 0.000203178758966, -0.000739282753784], [-0.0186508744955, 0.033039342612, -0.0225271973759, 0.0201363377273, -0.0173372831196, 0.0115204546601, -0.00529930787161, -0.000159972041729, -0.000373400369426, 0.00101949204691, -0.00211483519524, 9.41399266594e-05, -0.000596290396061], [0.0148175740615, -0.0225271973759, 0.0206189695746, -0.0181381311268, 0.0170995555818, -0.0148222129792, 0.0108244623989, -0.00544226262718, 0.00369986286387, -0.000176379442564, 0.000954875606112, -0.000264115835307, 0.000745496887248], [-0.0113418353721, 0.0201363377273, -0.0181381311268, 0.0248303990811, -0.0229820702225, 0.0219550989568, -0.0162902027369, 0.0117075350136, -0.00951444730163, 0.00209035421722, 0.000829530181363, -0.000535159837455, -0.00132937100716], [0.00903530325741, -0.0173372831196, 0.0170995555818, -0.0229820702225, 0.0333458483219, -0.0286498069763, 0.0268703680485, -0.0171154513955, 0.0132356006652, -0.00556831620634, 0.00185619632248, 0.00305365747772, -0.000632606446743], [-0.00491845747456, 0.0115204546601, -0.0148222129792, 0.0219550989568, -0.0286498069763, 0.0380825735629, -0.0337788574398, 0.0282871741802, -0.0185455270112, 0.0103354444727, -0.00452046701685, 0.00325172184967, -0.00240950961597], [0.00223544589244, -0.00529930787161, 0.0108244623989, -0.0162902027369, 0.0268703680485, -0.0337788574398, 0.0428670831025, -0.0337131693959, 0.0241942182183, -0.0176646970212, 0.0124611649662, -0.0056057269685, 0.00225581671111], [0.000500481983181, -0.000159972041729, -0.00544226262718, 0.0117075350136, -0.0171154513955, 0.0282871741802, -0.0337131693959, 0.0426226258278, -0.0352683253586, 0.0279285106808, -0.01847753115, 0.00807723216712, -0.00331335212104], [8.71198062669e-05, -0.000373400369426, 0.00369986286387, -0.00951444730163, 0.0132356006652, -0.0185455270112, 0.0241942182183, -0.0352683253586, 0.0494947396219, -0.0354133248329, 0.0235486887395, -0.0111657707021, 0.00396705092862], [-0.000645434658509, 0.00101949204691, -0.000176379442564, 0.00209035421722, -0.00556831620634, 0.0103354444727, -0.0176646970212, 0.0279285106808, -0.0354133248329, 0.0443641245365, -0.0297022406012, 0.0166785418987, -0.00533875310794], [0.000213750987314, -0.00211483519524, 0.000954875606112, 0.000829530181363, 0.00185619632248, -0.00452046701685, 0.0124611649662, -0.01847753115, 0.0235486887395, -0.0297022406012, 0.040830116719, -0.0284335482866, 0.0166809074581], [0.000203178758966, 9.41399266594e-05, -0.000264115835307, -0.000535159837455, 0.00305365747772, 0.00325172184967, -0.0056057269685, 0.00807723216712, -0.0111657707021, 0.0166785418987, -0.0284335482866, 0.0420032292604, -0.0192881338298], [-0.000739282753784, -0.000596290396061, 0.000745496887248, -0.00132937100716, -0.000632606446743, -0.00240950961597, 0.00225581671111, -0.00331335212104, 0.00396705092862, -0.00533875310794, 0.0166809074581, -0.0192881338298, 0.028045380488]]
    },
    "spectral_contrast_coeffs": {
        "max": [-0.308184146881, -0.429476201534, -0.546549320221, -0.6002343297, -0.559750914574, -0.763142943382],
        "mean": [-0.570339620113, -0.675037324429, -0.721297383308, -0.76817804575, -0.733900666237, -0.858884811401],
        "min": [-0.799606800079, -0.885155677795, -0.903808057308, -0.905506432056, -0.891165316105, -0.90406781435],
        "stdev": [0.0795855894685, 0.0753462687135, 0.0582784377038, 0.0514291375875, 0.0624317638576, 0.0147975720465]
    },
    "spectral_contrast_valleys": {
        "max": [-5.76065301895, -4.53313541412, -5.33614397049, -6.45372819901, -7.27316236496, -9.88233184814],
        "mean": [-7.39681577682, -6.40056467056, -7.41915655136, -7.8077545166, -8.73404788971, -11.4640312195],
        "min": [-9.60896968842, -8.5008020401, -9.81012153625, -10.0672054291, -11.4429531097, -13.0577011108],
        "stdev": [0.59966468811, 0.562597513199, 0.592381417751, 0.54548984766, 0.422196775675, 0.0957049503922]
    }
},
"rhythm": {
    "beats_count": 108,
    "beats_loudness": {
        "max": 0.0932404473424,
        "mean": 0.0334208756685,
        "min": 0.00122920493595,
        "stdev": 0.019858751446
    },
    "bpm": 132.962005615,
    "bpm_histogram_first_peak_bpm": 133,
    "bpm_histogram_first_peak_weight": 0.62790697813,
    "bpm_histogram_second_peak_bpm": 123,
    "bpm_histogram_second_peak_spread": 0.600000023842,
    "bpm_histogram_second_peak_weight": 0.0747663527727,
    "danceability": 1.07045209408,
    "onset_rate": 1.0458984375,
    "beats_loudness_band_ratio": {
        "max": [0.786178767681, 0.896019220352, 0.827449142933, 0.697220087051, 0.33892339468, 0.0314066708088],
        "mean": [0.215283364058, 0.359139233828, 0.349940866232, 0.115789651871, 0.055229332298, 0.00320179434493],
        "min": [0.00525040505454, 0.028152378276, 0.00925301574171, 0.000888056878466, 0.000748082238715, 0.000114304253657],
        "stdev": [0.180710494518, 0.227201879025, 0.214507296681, 0.129939064384, 0.0732933357358, 0.00491824839264]
    },
