{
"metadata": {
    "version": {
        "essentia": "2.1-beta5",
        "essentia_git_sha": "Undefined",
        "extractor": "music 2.0"
    },
    "audio_properties": {
        "analysis": {
            "equal_loudness": 0,
            "length": 48.7502937317,
            "sample_rate": 44100,
            "start_time": 126.502311707,
            "downmix": "mix"
        },
        "bit_rate": 192000,
        "length": 284.76953125,
        "lossless": 0,
        "number_channels": 2,
        "replay_gain": 2.10348320007,
        "sample_rate": 44100,
        "codec": "mp3",
        "md5_encoded": "64da2ecdf41477555633f5de0f7d2fe3"
    },
    "tags": {
        "file_name": "Germany_Bonne Nuit, Ma Chérie!_Wyn Hoop.mp3",
        "encoding": ["Lavf58.29.100"]
    }
},
"lowlevel": {
    "average_loudness": 0.865555763245,
    "barkbands_crest": {
        "max": 24.883682251,
        "mean": 11.4401769638,
        "min": 3.48484396935,
        "stdev": 4.35489416122
    },
    "barkbands_flatness_db": {
        "max": 0.444598674774,
        "mean": 0.238296985626,
        "min": 0.0398263148963,
        "stdev": 0.0603861697018
    },
    "barkbands_kurtosis": {
        "max": 320.484344482,
        "mean": 11.161447525,
        "min": -1.6310557127,
        "stdev": 23.2372970581
    },
    "barkbands_skewness": {
        "max": 10.3316831589,
        "mean": 1.82226705551,
        "min": -6.14320325851,
        "stdev": 1.64342188835
    },
    "barkbands_spread": {
        "max": 47.7433547974,
        "mean": 7.68493366241,
        "min": 0.256131887436,
        "stdev": 5.70374011993
    },
    "dissonance": {
        "max": 0.5,
        "mean": 0.415726423264,
        "min": 0.179880842566,
        "stdev": 0.0556875094771
    },
    "dynamic_complexity": 3.32504796982,
    "erbbands_crest": {
        "max": 32.7501068115,
        "mean": 12.6913137436,
        "min": 2.70094585419,
        "stdev": 5.44635391235
    },
    "erbbands_flatness_db": {
        "max": 0.451867222786,
        "mean": 0.267870247364,
        "min": 0.0812815949321,
        "stdev": 0.0508944056928
    },
    "erbbands_kurtosis": {
        "max": 101.902656555,
        "mean": 3.35658454895,
        "min": -1.85256850719,
        "stdev": 8.04695415497
    },
    "erbbands_skewness": {
        "max": 8.32920742035,
        "mean": 0.928259074688,
        "min": -5.04708194733,
        "stdev": 1.20607113838
    },
    "erbbands_spread": {
        "max": 75.2292556763,
        "mean": 18.0809001923,
        "min": 0.608760356903,
        "stdev": 10.653547287
    },
    "hfc": {
        "max": 97.3475799561,
        "mean": 15.6958627701,
        "min": 0.0566240735352,
        "stdev": 14.2576436996
    },
    "loudness_ebu128": {
        "integrated": -26.1049156189,
        "loudness_range": 3.68843078613,
        "momentary": {
            "max": -22.1469764709,
            "mean": -27.2345428467,
            "min": -53.6209564209,
            "stdev": 4.08627653122
        },
        "short_term": {
            "max": -24.2618656158,
            "mean": -26.4741897583,
            "min": -30.7255821228,
            "stdev": 1.37157285213
        }
    },
    "melbands_crest": {
        "max": 31.8961448669,
        "mean": 14.4567956924,
        "min": 4.34332036972,
        "stdev": 5.60110473633
    },
    "melbands_flatness_db": {
        "max": 0.542952656746,
        "mean": 0.308922111988,
        "min": 0.0877723917365,
        "stdev": 0.0712558627129
    },
    "melbands_kurtosis": {
        "max": 167.382553101,
        "mean": 11.165971756,
        "min": -1.77697062492,
        "stdev": 16.4752140045
    },
    "melbands_skewness": {
        "max": 8.64950752258,
        "mean": 1.9052811861,
        "min": -4.88398504257,
        "stdev": 1.44903874397
    },
    "melbands_spread": {
        "max": 40.9769439697,
        "mean": 10.7117671967,
        "min": 0.381558209658,
        "stdev": 6.97549581528
    },
    "pitch_salience": {
        "max": 0.857285916805,
        "mean": 0.581770122051,
        "min": 0.087955519557,
        "stdev": 0.126417070627
    },
    "silence_rate_20dB": {
        "max": 1,
        "mean": 1,
        "min": 1,
        "stdev": 0
    },
    "silence_rate_30dB": {
        "max": 1,
        "mean": 0.997620165348,
        "min": 0,
        "stdev": 0.0487258844078
    },
    "silence_rate_60dB": {
        "max": 1,
        "mean": 0.0866254195571,
        "min": 0,
        "stdev": 0.281287163496
    },
    "spectral_centroid": {
        "max": 2303.40722656,
        "mean": 703.633239746,
        "min": 185.465759277,
        "stdev": 345.345672607
    },
    "spectral_complexity": {
        "max": 33,
        "mean": 12.6092338562,
        "min": 0,
        "stdev": 6.47310256958
    },
    "spectral_decrease": {
        "max": -7.03711741656e-12,
        "mean": -6.73102196203e-09,
        "min": -2.90492678801e-08,
        "stdev": 4.79193351666e-09
    },
    "spectral_energy": {
        "max": 0.11198784411,
        "mean": 0.0268280878663,
        "min": 3.23832609865e-05,
        "stdev": 0.0190241169184
    },
    "spectral_energyband_high": {
        "max": 0.00028176070191,
        "mean": 1.01762625491e-05,
        "min": 3.16810201184e-06,
        "stdev": 1.34398005684e-05
    },
    "spectral_energyband_low": {
        "max": 0.0699150562286,
        "mean": 0.00217836746015,
        "min": 1.86746194686e-06,
        "stdev": 0.00416852813214
    },
    "spectral_energyband_middle_high": {
        "max": 0.08980640769,
        "mean": 0.00589934363961,
        "min": 7.26683947505e-06,
        "stdev": 0.00960950925946
    },
    "spectral_energyband_middle_low": {
        "max": 0.11179690063,
        "mean": 0.0206233896315,
        "min": 1.54576737259e-05,
        "stdev": 0.0172503199428
    },
    "spectral_entropy": {
        "max": 8.31330394745,
        "mean": 6.55754518509,
        "min": 4.36217069626,
        "stdev": 0.567193806171
    },
    "spectral_flux": {
        "max": 0.273092448711,
        "mean": 0.0688361674547,
        "min": 0.00335868587717,
        "stdev": 0.0389933362603
    },
    "spectral_kurtosis": {
        "max": 57.3937683105,
        "mean": 19.5919799805,
        "min": 1.28976154327,
        "stdev": 8.83337783813
    },
    "spectral_rms": {
        "max": 0.0104525806382,
        "mean": 0.00472348509356,
        "min": 0.000177745401743,
        "stdev": 0.00196529598907
    },
    "spectral_rolloff": {
        "max": 3316.11328125,
        "mean": 860.324584961,
        "min": 172.265625,
        "stdev": 498.435760498
    },
    "spectral_skewness": {
        "max": 6.18543195724,
        "mean": 3.23373317719,
        "min": 0.900610268116,
        "stdev": 0.860653340816
    },
    "spectral_spread": {
        "max": 8327891.5,
        "mean": 2446488.25,
        "min": 1330958.625,
        "stdev": 991289.25
    },
    "spectral_strongpeak": {
        "max": 12.6223688126,
        "mean": 1.62175524235,
        "min": 0.00234629586339,
        "stdev": 1.63895022869
    },
    "zerocrossingrate": {
        "max": 0.14404296875,
        "mean": 0.0331303812563,
        "min": 0.00341796875,
        "stdev": 0.0165503602475
    },
    "barkbands": {
        "max": [3.19461687468e-05, 0.00168066844344, 0.0371473953128, 0.0611478835344, 0.088003501296, 0.0577796623111, 0.0682960152626, 0.095346391201, 0.0452107265592, 0.0445402413607, 0.0353671126068, 0.0814798921347, 0.0180722996593, 0.0299853961915, 0.00539633119479, 0.00522487377748, 0.00407276023179, 0.00212279194966, 0.00115437700879, 0.000304912449792, 6.74339316902e-05, 1.06894358396e-05, 9.23884454096e-06, 1.1263316992e-05, 1.37419392559e-05, 1.44796385939e-05, 1.32854415824e-06],
        "mean": [5.04512991029e-06, 4.02682089771e-05, 0.00072888401337, 0.00330085703172, 0.00426822854206, 0.00416611507535, 0.00248398305848, 0.00400925800204, 0.00141264160629, 0.00161199644208, 0.000991974957287, 0.00154052197468, 0.000521849549841, 0.000828034884762, 0.000297353923088, 0.00017616704281, 0.000232957405387, 0.000139831434353, 5.63943031011e-05, 8.68245024321e-06, 1.99536771106e-06, 7.41486815059e-07, 6.13881070421e-07, 1.07463063159e-06, 2.07609468816e-06, 5.56927659545e-07, 5.30043253733e-09],
        "min": [1.468977473e-08, 1.99887026042e-07, 3.86614516401e-07, 1.33263839075e-07, 2.05007313525e-06, 9.86048803497e-07, 4.41812005647e-07, 5.87249246564e-07, 6.39200493424e-07, 5.9815062059e-07, 1.95441970163e-07, 4.53187453786e-07, 3.90034131215e-07, 3.82930494425e-07, 2.29755755754e-07, 3.58180017201e-07, 2.96026172464e-07, 1.99730294526e-07, 2.50319970974e-07, 2.00040105369e-07, 1.61183209002e-07, 1.67218331626e-07, 1.95377708678e-07, 4.66718915959e-07, 1.08456515591e-06, 2.83501179865e-07, 2.83801204759e-10],
        "stdev": [4.1212697397e-06, 8.2610618847e-05, 0.00188478198834, 0.00696810986847, 0.00707335630432, 0.00544430082664, 0.00524048367515, 0.00914489850402, 0.00318450969644, 0.00368059868924, 0.00274578738026, 0.00501354783773, 0.00139851041604, 0.00206318823621, 0.000593162432779, 0.000406987994211, 0.000407274084864, 0.000251556950388, 0.000120051343401, 1.84418877325e-05, 4.96686288898e-06, 5.1876162388e-07, 2.44325377707e-07, 3.14350728559e-07, 4.61447285716e-07, 3.40511320474e-07, 4.72545629293e-08]
    },
    "erbbands": {
        "max": [0.0169628281146, 0.517304182053, 23.1528549194, 126.680831909, 357.126220703, 291.212677002, 761.676391602, 544.416381836, 998.818664551, 1409.41296387, 2584.88110352, 934.606262207, 1697.63317871, 681.199035645, 3322.14624023, 1744.28039551, 749.787475586, 1054.08093262, 656.574707031, 284.641235352, 152.384979248, 148.985107422, 108.691062927, 98.9742584229, 23.8672924042, 15.5513820648, 5.72174024582, 1.29391491413, 0.493701606989, 0.271980255842, 0.251068234444, 0.258343696594, 0.169420525432, 0.146004453301, 0.101427793503, 0.0427741482854, 0.0314962118864, 0.00598494755104, 0.000207868404686, 0.000127534032799],
        "mean": [0.000907230132725, 0.0192856565118, 0.552214086056, 6.34629917145, 12.938955307, 12.2764158249, 28.9992675781, 32.5775718689, 37.9008789062, 42.7443885803, 94.6135101318, 36.463394165, 59.6894836426, 29.6522121429, 53.3883552551, 61.9831581116, 28.5246963501, 43.207824707, 22.7295875549, 13.2508049011, 10.7766542435, 11.7709054947, 8.11622714996, 5.2176117897, 1.25857722759, 0.43640139699, 0.13925267756, 0.054111994803, 0.0250086020678, 0.0236017145216, 0.0182604454458, 0.0190940331668, 0.0206477995962, 0.0220639090985, 0.0147563051432, 0.0044846246019, 0.000611634401139, 3.3092484955e-05, 1.44885707414e-05, 3.07470327243e-05],
        "min": [9.69664779404e-06, 7.38483577152e-05, 0.000660976627842, 0.000730925996322, 0.00476609077305, 0.00615597190335, 0.00580237107351, 0.00857580360025, 0.00632589543238, 0.0103366132826, 0.0356330797076, 0.016169173643, 0.0158019382507, 0.0156987458467, 0.0120395654812, 0.0249205492437, 0.0179143119603, 0.026192586869, 0.0256243720651, 0.0265492424369, 0.0194618888199, 0.0178505815566, 0.0170609280467, 0.0141379442066, 0.0107187284157, 0.0112496074289, 0.00768922129646, 0.00726281385869, 0.0053221527487, 0.00703797256574, 0.00707052042708, 0.00806890893728, 0.00869810953736, 0.011229576543, 0.00716140447184, 0.00209177401848, 0.000304130691802, 8.33908779896e-06, 5.01430349686e-07, 1.03251629469e-07],
        "stdev": [0.00107491994277, 0.0321766659617, 1.20807123184, 11.7384595871, 31.8094844818, 18.9382400513, 49.9581222534, 48.6370010376, 72.5331954956, 88.0804824829, 235.86151123, 72.0756759644, 129.093093872, 63.1627159119, 204.165924072, 163.747787476, 67.5424118042, 97.3737411499, 48.816734314, 27.5605144501, 19.1678905487, 19.0223922729, 13.9906654358, 9.78608608246, 2.32971644402, 0.918594479561, 0.357675433159, 0.111483633518, 0.0224208738655, 0.00913606770337, 0.00684323627502, 0.00693454872817, 0.00552742183208, 0.00531537691131, 0.00361851346679, 0.00131091941148, 0.000705317303073, 0.00014088426542, 1.14443428174e-05, 2.16796870518e-05]
    },
    "gfcc": {
        "mean": [-83.7625732422, 145.187438965, -130.101303101, -18.6843643188, -55.8799972534, -10.2146806717, -65.8689956665, 5.30916929245, -33.8116340637, -10.2915267944, -11.5765972137, -10.1948680878, -10.0964574814],
        "cov": [[2130.95068359, 649.890441895, -1079.57910156, -731.501220703, 273.834442139, -244.825286865, 205.938659668, 135.687683105, 130.62663269, -114.473518372, 177.250579834, -95.1100463867, -4.26128816605], [649.890441895, 434.001983643, 57.8176994324, -181.016082764, 55.1076202393, -89.0124053955, -35.1770248413, -60.4597129822, 38.8520050049, -95.0011291504, 31.6719150543, -40.9721374512, -22.4851932526], [-1079.57910156, 57.8176994324, 1488.70568848, 669.656677246, -152.674514771, -25.7558116913, -317.247070312, -287.574676514, -51.4235649109, -65.7820892334, -151.575775146, 1.92090773582, -34.3952598572], [-731.501220703, -181.016082764, 669.656677246, 668.909606934, 31.34948349, -87.2865600586, -193.865081787, -68.8956222534, -5.88347005844, 39.8078422546, -122.972465515, -22.3408622742, -7.83629751205], [273.834442139, 55.1076202393, -152.674514771, 31.34948349, 188.63772583, -11.1785173416, -30.34441185, 0.253409743309, 37.2556152344, -3.36631035805, 3.36659359932, -29.6501808167, 1.36660504341], [-244.825286865, -89.0124053955, -25.7558116913, -87.2865600586, -11.1785173416, 270.84475708, 86.9251098633, -77.8588027954, -87.0358276367, 34.9526176453, -2.09960460663, 44.3615264893, 40.7803268433], [205.938659668, -35.1770248413, -317.247070312, -193.865081787, -30.34441185, 86.9251098633, 239.776687622, 119.087844849, -35.4156303406, -15.1488351822, 35.3393516541, 9.56285953522, -3.70500898361], [135.687683105, -60.4597129822, -287.574676514, -68.8956222534, 0.253409743309, -77.8588027954, 119.087844849, 272.918792725, 92.7702331543, -30.3821735382, -5.16586780548, -27.7923755646, -79.1941070557], [130.62663269, 38.8520050049, -51.4235649109, -5.88347005844, 37.2556152344, -87.0358276367, -35.4156303406, 92.7702331543, 126.896186829, 18.2064914703, -8.95588779449, -42.1534957886, -45.4101028442], [-114.473518372, -95.0011291504, -65.7820892334, 39.8078422546, -3.36631035805, 34.9526176453, -15.1488351822, -30.3821735382, 18.2064914703, 124.563972473, 22.7362823486, 5.52735853195, 28.1446342468], [177.250579834, 31.6719150543, -151.575775146, -122.972465515, 3.36659359932, -2.09960460663, 35.3393516541, -5.16586780548, -8.95588779449, 22.7362823486, 96.5538635254, 49.7150535583, 15.2756404877], [-95.1100463867, -40.9721374512, 1.92090773582, -22.3408622742, -29.6501808167, 44.3615264893, 9.56285953522, -27.7923755646, -42.1534957886, 5.52735853195, 49.7150535583, 99.1979217529, 56.1290931702], [-4.26128816605, -22.4851932526, -34.3952598572, -7.83629751205, 1.36660504341, 40.7803268433, -3.70500898361, -79.1941070557, -45.4101028442, 28.1446342468, 15.2756404877, 56.1290931702, 113.3724823]],
        "icov": [[0.0190883725882, -0.0205620080233, 0.00978158786893, 0.00457824347541, -0.0153730781749, 0.0211459882557, -0.0215022563934, 0.0155100505799, -0.00820734072477, 0.00136791134719, 0.00228802743368, -0.00132926693186, -0.000643117993604], [-0.0205620080233, 0.0297054499388, -0.0148329399526, 0.00199172645807, 0.00977638084441, -0.0176037214696, 0.0209922995418, -0.0158286001533, 0.00968731474131, -0.00189652724657, -0.00221929117106, 0.00313114165328, -0.000300435174722], [0.00978158786893, -0.0148329399526, 0.0165977533907, -0.0134417619556, 0.00902390759438, 0.000722554221284, -0.00936768949032, 0.0199552793056, -0.0206533949822, 0.0182531606406, -0.00718847475946, 0.00125676149037, 0.00233930139802], [0.00457824347541, 0.00199172645807, -0.0134417619556, 0.027289448306, -0.0295427888632, 0.0232129134238, -0.0073630050756, -0.010656404309, 0.0234903991222, -0.0281488616019, 0.0220199096948, -0.00994941405952, 0.00105291698128], [-0.0153730781749, 0.00977638084441, 0.00902390759438, -0.0295427888632, 0.0459587424994, -0.0370663926005, 0.0228348765522, 0.00200408394448, -0.0211108960211, 0.0301477089524, -0.025337362662, 0.0148219764233, -0.00288225524127], [0.0211459882557, -0.0176037214696, 0.000722554221284, 0.0232129134238, -0.0370663926005, 0.0459111519158, -0.0332969613373, 0.015223832801, 0.00833140872419, -0.0222914554179, 0.0276425667107, -0.0190552640706, 0.00718612829223], [-0.0215022563934, 0.0209922995418, -0.00936768949032, -0.0073630050756, 0.0228348765522, -0.0332969613373, 0.0414767041802, -0.0302037224174, 0.0164296105504, 0.00263719679788, -0.0151438396424, 0.0143037540838, -0.00715184351429], [0.0155100505799, -0.0158286001533, 0.0199552793056, -0.010656404309, 0.00200408394448, 0.015223832801, -0.0302037224174, 0.046385359019, -0.0379710532725, 0.0220523402095, 0.00321804080158, -0.0111254137009, 0.0130665879697], [-0.00820734072477, 0.00968731474131, -0.0206533949822, 0.0234903991222, -0.0211108960211, 0.00833140872419, 0.0164296105504, -0.0379710532725, 0.0562122911215, -0.0402617491782, 0.0189136788249, -0.0038443307858, 0.000106244864583], [0.00136791134719, -0.00189652724657, 0.0182531606406, -0.0281488616019, 0.0301477089524, -0.0222914554179, 0.00263719679788, 0.0220523402095, -0.0402617491782, 0.0527919344604, -0.0364757850766, 0.0219259224832, -0.00875986274332], [0.00228802743368, -0.00221929117106, -0.00718847475946, 0.0220199096948, -0.025337362662, 0.0276425667107, -0.0151438396424, 0.00321804080158, 0.0189136788249, -0.0364757850766, 0.060060121119, -0.0430989451706, 0.0209783408791], [-0.00132926693186, 0.00313114165328, 0.00125676149037, -0.00994941405952, 0.0148219764233, -0.0190552640706, 0.0143037540838, -0.0111254137009, -0.0038443307858, 0.0219259224832, -0.0430989451706, 0.0498789846897, -0.0262340046465], [-0.000643117993604, -0.000300435174722, 0.00233930139802, 0.00105291698128, -0.00288225524127, 0.00718612829223, -0.00715184351429, 0.0130665879697, 0.000106244864583, -0.00875986274332, 0.0209783408791, -0.0262340046465, 0.0282414425164]]
    },
    "melbands": {
        "max": [0.000260267348494, 0.0103445751593, 0.0201068017632, 0.020988188684, 0.0207946989685, 0.0117046805099, 0.0150513304397, 0.0129885310307, 0.0194169692695, 0.00540236709639, 0.00851961132139, 0.00346403918229, 0.0076571223326, 0.00929833482951, 0.00204475224018, 0.00242609181441, 0.00256682420149, 0.00150056648999, 0.00045427569421, 0.000524290371686, 0.00023234821856, 0.000190454607946, 0.000146396225318, 7.26513171685e-05, 8.88918657438e-05, 3.63737781299e-05, 7.485587048e-06, 1.20504955703e-05, 4.72450528832e-06, 1.74486683591e-06, 6.93260176376e-07, 3.20539584209e-07, 1.65686202536e-07, 1.46895146713e-07, 1.39437204894e-07, 1.51421787109e-07, 1.72433146872e-07, 1.20238809131e-07, 1.1746092099e-07, 1.23888099779e-07],
        "mean": [9.10759899853e-06, 0.000260812201304, 0.00133879110217, 0.000843224814162, 0.000931164890062, 0.000754525419325, 0.000563670473639, 0.000521543668583, 0.000714432797395, 0.000204780910281, 0.000294795609079, 0.00011204630573, 0.000153060871526, 0.000187667887076, 9.27407818381e-05, 5.61959350307e-05, 8.73546814546e-05, 3.98354241042e-05, 1.95078337129e-05, 1.54494609887e-05, 1.27234661704e-05, 1.3448210666e-05, 9.25636868487e-06, 5.72957924305e-06, 4.21457252742e-06, 1.23312099731e-06, 4.15238304186e-07, 2.43870772465e-07, 9.44571851846e-08, 4.97454450965e-08, 2.38273045738e-08, 1.37633522357e-08, 1.34390250039e-08, 1.21516405827e-08, 1.01185646528e-08, 1.05562865116e-08, 1.21378596063e-08, 1.3485514927e-08, 1.65016960096e-08, 1.97992200413e-08],
        "min": [9.6808399519e-08, 3.86957850651e-07, 1.95710583739e-07, 5.16474642609e-07, 2.89093577521e-07, 1.84926022939e-07, 1.06594647775e-07, 1.2829161733e-07, 2.75396843108e-07, 9.17845852655e-08, 8.02241473252e-08, 5.4441994024e-08, 3.06179934739e-08, 7.32505611722e-08, 6.04107981417e-08, 3.52469413656e-08, 3.3071913208e-08, 3.66245913597e-08, 2.43429472135e-08, 2.44284130702e-08, 2.03120880116e-08, 1.65123239526e-08, 1.01425010612e-08, 1.09309095109e-08, 1.13604272656e-08, 7.70172192688e-09, 5.83862025394e-09, 5.96371219075e-09, 4.14364631496e-09, 3.11855075097e-09, 3.05936698197e-09, 2.88372348223e-09, 3.27376770137e-09, 3.74859476793e-09, 3.38790417942e-09, 3.82477471916e-09, 4.91376406231e-09, 5.13336084751e-09, 6.89072177096e-09, 8.28022805877e-09],
        "stdev": [1.50092018885e-05, 0.000540122040547, 0.00253526982851, 0.00158302369528, 0.00148526148405, 0.00104381691199, 0.00107832450885, 0.00101730891038, 0.00183011358604, 0.000418266659835, 0.000650425674394, 0.000275993021205, 0.000529201643076, 0.000612660020124, 0.000206969329156, 0.000165539735463, 0.00021736882627, 9.92813584162e-05, 3.91842841054e-05, 3.97114781663e-05, 2.45440423896e-05, 2.33283844864e-05, 1.72330583155e-05, 9.84623056866e-06, 8.4784342107e-06, 2.94480378216e-06, 7.77961133736e-07, 6.01121712407e-07, 2.6886036153e-07, 1.29334978283e-07, 4.28211777148e-08, 1.39721496595e-08, 6.27189145064e-09, 4.84554529834e-09, 4.06510336504e-09, 4.34500657676e-09, 4.78542228066e-09, 4.13059630944e-09, 4.71530414714e-09, 5.25387999772e-09]
    },
    "melbands128": {
        "max": [1.96598539333e-05, 7.96850436018e-05, 0.000315616227454, 0.00111786671914, 0.00294760800898, 0.0244996659458, 0.0327272489667, 0.0386100448668, 0.0492511205375, 0.0265670921654, 0.0228755734861, 0.0164527222514, 0.0374804362655, 0.0170304160565, 0.0185862705112, 0.0247518308461, 0.026960991323, 0.02452480793, 0.0246651247144, 0.0273688789457, 0.0189661402255, 0.0293937623501, 0.0371876470745, 0.0190643146634, 0.01039466355, 0.00680126808584, 0.00596878118813, 0.017126057297, 0.0097784968093, 0.00753556750715, 0.0047122486867, 0.00385096063837, 0.00969670712948, 0.0213015936315, 0.0247176066041, 0.00972429197282, 0.00637664319947, 0.00424761557952, 0.00202848622575, 0.00276702689007, 0.00411499943584, 0.00112901616376, 0.00247965357266, 0.00742795551196, 0.00474293343723, 0.000864172005095, 0.000806940253824, 0.000936300028116, 0.000603471591603, 0.000613633019384, 0.00101250247099, 0.000347098713974, 0.000155051762704, 0.000473501015222, 0.000504850118887, 0.000424768426456, 0.000288301933324, 0.000262618879788, 0.000231842626818, 0.000187130106497, 9.41394609981e-05, 6.93890906405e-05, 0.000240816239966, 8.7716129201e-05, 0.000151346714119, 4.14502173953e-05, 2.05823253054e-05, 1.53667915583e-05, 8.98336293176e-06, 1.19983133118e-05, 1.60303043231e-05, 1.01047216958e-05, 1.08033154902e-05, 3.91163894164e-06, 3.73461762138e-06, 2.5516774258e-06, 1.95579696083e-06, 9.1394105084e-07, 1.13607200092e-06, 6.28070097264e-07, 3.32770611067e-07, 3.41169737794e-07, 1.80300418151e-07, 1.6537202896e-07, 1.43757247884e-07, 1.48777459685e-07, 1.48593287008e-07, 1.42207255749e-07, 1.43452965062e-07, 1.25366767634e-07, 1.5854472224e-07, 1.68002117107e-07, 1.27266730487e-07, 1.40345818522e-07, 2.57608348875e-07, 1.40670621818e-07, 7.18163377655e-08, 1.03849480126e-07, 1.15547919677e-07, 1.29590546294e-07, 1.265824352e-07, 1.11254202295e-07, 1.35163134019e-07, 1.40220464573e-07, 1.28640479602e-07, 1.1432069158e-07, 6.58228387351e-08, 5.43039746503e-08, 4.67560887785e-08, 9.69661968497e-08, 1.29854569764e-07, 1.39522967402e-07, 8.34661761928e-08, 9.30527050969e-08, 8.80097346112e-08, 8.52379500316e-08, 3.44603563462e-08, 6.18785112039e-09, 6.04316197084e-09, 5.88406523505e-09, 5.70859315374e-09, 5.60841373343e-09, 5.52481926874e-09, 5.41519984409e-09, 5.35352429054e-09, 5.29545207684e-09, 5.2520041649e-09, 5.2027560038e-09],
        "mean": [3.48749472323e-06, 4.18235367761e-06, 1.02219646578e-05, 2.06562617677e-05, 7.88066754467e-05, 0.000472345884191, 0.00120053451974, 0.00179188349284, 0.00138366164174, 0.000603507040069, 0.000580184336286, 0.0009300824604, 0.00114719953854, 0.000800031935796, 0.000693830195814, 0.000776135828346, 0.000697671202943, 0.000509671168402, 0.00042687120731, 0.000432465458289, 0.000506309734192, 0.000914716802072, 0.000960424949881, 0.000235793733737, 0.000150895866682, 0.000187429424841, 0.000271784112556, 0.000429954670835, 0.000182029078132, 0.000105329309008, 9.58920063567e-05, 9.77486779448e-05, 0.000134026980959, 0.000234636783716, 0.00015123024059, 0.000215766223846, 0.000186051547644, 7.44457211113e-05, 3.99737546104e-05, 6.37806733721e-05, 6.30791619187e-05, 3.82788857678e-05, 9.00637169252e-05, 0.000129260864924, 4.18959498347e-05, 2.95854933938e-05, 2.5803963581e-05, 1.68168917298e-05, 2.03351301025e-05, 1.47617238326e-05, 1.88067133422e-05, 1.07306632344e-05, 7.11082839189e-06, 1.70618095581e-05, 1.83340598596e-05, 1.26402510432e-05, 9.64365790423e-06, 9.27378914639e-06, 1.07039222712e-05, 6.18826925347e-06, 5.75356489207e-06, 3.8648699956e-06, 6.73914018989e-06, 3.39339726452e-06, 2.2778026505e-06, 1.14167767151e-06, 6.56546035316e-07, 4.38010772541e-07, 3.56443706551e-07, 4.20249932631e-07, 2.176039402e-07, 1.99429308623e-07, 1.16296135388e-07, 7.858211859e-08, 5.92206852446e-08, 5.88587631967e-08, 4.36349694155e-08, 2.79009650939e-08, 2.18704290234e-08, 1.82317734243e-08, 1.43990295243e-08, 1.19754091088e-08, 1.13927693945e-08, 1.12721805223e-08, 1.96435738786e-08, 1.17514469267e-08, 1.08950404254e-08, 9.31605015353e-09, 9.87765069738e-09, 1.11600790831e-08, 9.50532008659e-09, 1.0942419415e-08, 1.12505205152e-08, 1.05447712784e-08, 1.52903609774e-08, 1.16869367517e-08, 1.39016194112e-08, 1.42355185417e-08, 1.60925601733e-08, 1.8546478131e-08, 1.62999818087e-08, 2.14833164591e-08, 2.08916350886e-08, 2.17594724461e-08, 1.65420566134e-08, 1.46548924107e-08, 1.26044668036e-08, 9.56793133611e-09, 8.05868349829e-09, 4.65469751632e-09, 3.29461613546e-09, 2.21231721831e-09, 1.45653100692e-09, 9.06373642806e-10, 2.5164623163e-10, 1.21544066478e-10, 1.14690132391e-10, 1.24522189435e-11, 1.10500922648e-11, 1.08332657081e-11, 1.05969937686e-11, 1.04495726308e-11, 1.02521793138e-11, 1.00441269885e-11, 9.9832121736e-12, 9.94074440819e-12, 9.88133620067e-12, 9.78073351476e-12],
        "min": [7.894989551e-09, 5.17385743137e-08, 6.12603017203e-08, 6.4005419631e-08, 9.1448590922e-08, 1.17524081134e-07, 9.87004327158e-08, 9.94318440917e-08, 3.24940515384e-07, 1.51942074922e-07, 9.90001538526e-08, 1.86156761117e-08, 2.64991033561e-08, 1.03802541673e-07, 9.42405762316e-08, 8.84410624735e-08, 6.42159747599e-08, 3.87028045168e-08, 4.68193910308e-08, 1.35927651357e-08, 6.22898781444e-08, 5.68537856793e-08, 5.16094011971e-08, 4.37139604514e-08, 2.00348875268e-08, 2.67595314796e-08, 2.72185154415e-08, 1.53502899281e-08, 3.21990825114e-08, 3.6641015555e-08, 2.07912407291e-08, 2.27886278736e-08, 1.02615098641e-08, 1.83851565083e-08, 1.35132367518e-08, 2.53659706573e-08, 2.56200642923e-08, 1.06336113248e-08, 1.30924284747e-08, 9.23995813196e-09, 2.05093915184e-08, 7.2354295888e-09, 1.29163950646e-08, 2.21289173652e-08, 1.46789282951e-08, 1.10091438188e-08, 1.58376991521e-08, 6.48115916491e-09, 1.27409709449e-08, 1.17891287843e-08, 1.74816161547e-08, 1.01037338496e-08, 7.63589369512e-09, 1.77166139537e-08, 1.22991705709e-08, 1.07263682381e-08, 6.79307810003e-09, 5.7646381002e-09, 5.41200417814e-09, 7.23541893066e-09, 1.04632240649e-08, 5.01677810405e-09, 6.10584871552e-09, 5.58222357228e-09, 6.48895737143e-09, 7.90736365275e-09, 2.54287990664e-09, 2.64506283543e-09, 3.24204640911e-09, 4.22602752792e-09, 1.97222616016e-09, 2.73147704455e-09, 2.99068858567e-09, 2.0634387532e-09, 1.83297765854e-09, 1.95023242e-09, 2.130322585e-09, 1.35867805895e-09, 1.98090210901e-09, 1.87834725551e-09, 1.66329594542e-09, 1.01699559885e-09, 1.01769936922e-09, 1.43751677228e-09, 3.0315066013e-09, 2.26737983944e-09, 1.77270709223e-09, 1.88669369017e-09, 2.51014720121e-09, 9.98830906873e-10, 1.93575022678e-09, 2.59995935892e-09, 2.35706854035e-09, 2.09343276047e-09, 3.0552482766e-09, 1.93789118086e-09, 2.21672280531e-09, 3.59841734188e-09, 3.76081032982e-09, 5.21063991954e-09, 4.80706141559e-09, 6.23903950725e-09, 5.05241137816e-09, 5.85914339268e-09, 4.18109635802e-09, 3.66126884366e-09, 3.10079695254e-09, 2.84434986675e-09, 2.40913888838e-09, 1.29077359912e-09, 7.35952909725e-10, 6.29429230958e-10, 2.98290891987e-10, 4.63649674209e-11, 2.22625563817e-12, 8.70762175472e-13, 7.40298284913e-13, 7.25699502661e-13, 8.385117687e-13, 8.47216340052e-13, 7.78635890573e-13, 6.85327012154e-13, 5.94928294996e-13, 8.78603776105e-13, 7.31885580786e-13, 9.65927966952e-13, 8.3292243545e-13, 7.88267129521e-13],
        "stdev": [2.55372583524e-06, 5.51338098376e-06, 1.71575920831e-05, 5.07403347001e-05, 0.000217107663047, 0.00122626149096, 0.00237661693245, 0.0042451848276, 0.00409409077838, 0.00162566534709, 0.00120501604397, 0.00162646267563, 0.00237449677661, 0.0013294754317, 0.0014599149581, 0.00151563703548, 0.00160453864373, 0.00150621368084, 0.00132000073791, 0.00135959207546, 0.00140089378692, 0.0024295700714, 0.00301944999956, 0.000982166966423, 0.000509848236106, 0.000510271580424, 0.000658408738673, 0.00113975186832, 0.00070278334897, 0.000402666628361, 0.000327339017531, 0.000286166294245, 0.000552783661988, 0.00122504623141, 0.00114422652405, 0.000777076988015, 0.00056546588894, 0.000257161504123, 0.000132146131364, 0.00023568868346, 0.000249854580034, 9.68984168139e-05, 0.000241624031332, 0.000423786812462, 0.000221973299631, 7.73068531998e-05, 6.88629515935e-05, 5.00071328133e-05, 5.25966170244e-05, 3.79898810934e-05, 6.6211046942e-05, 2.66237948381e-05, 1.45831145346e-05, 4.47217571491e-05, 4.33958375652e-05, 3.01339769067e-05, 2.09786776395e-05, 2.15539548662e-05, 2.46004783548e-05, 1.29173067762e-05, 1.16187020467e-05, 7.61845694797e-06, 1.66596837516e-05, 7.81334983913e-06, 9.49285731622e-06, 2.82875498669e-06, 1.38424798024e-06, 1.11609597298e-06, 7.6528539239e-07, 1.12041971079e-06, 6.35716844499e-07, 6.39043719275e-07, 4.05947275794e-07, 2.51162362019e-07, 1.80178673759e-07, 1.66909728705e-07, 1.31014829208e-07, 6.25344185323e-08, 4.27436503969e-08, 2.81245053912e-08, 1.56968908982e-08, 1.22229346644e-08, 8.4676550216e-09, 6.87104773078e-09, 9.46282074921e-09, 5.7751989857e-09, 6.10475581198e-09, 5.11465758635e-09, 4.98176833119e-09, 5.25999332979e-09, 5.28343191419e-09, 5.57857893213e-09, 5.24032195415e-09, 5.10596631642e-09, 8.27677926196e-09, 5.19371834429e-09, 5.39651479059e-09, 5.55565904392e-09, 6.12608896944e-09, 6.96184399018e-09, 6.26308471752e-09, 7.72724284559e-09, 7.32344229704e-09, 7.98443355876e-09, 6.21802342948e-09, 5.37005862e-09, 4.49291182036e-09, 3.29374461039e-09, 3.06477887513e-09, 2.74880140871e-09, 3.01814329084e-09, 3.13659898055e-09, 1.90328042216e-09, 2.12153006274e-09, 2.02881378364e-09, 1.94683202892e-09, 9.4949315077e-10, 1.93641824797e-10, 1.86180959538e-10, 1.81300696678e-10, 1.75972569849e-10, 1.72817218869e-10, 1.70206099215e-10, 1.66891875319e-10, 1.64935815006e-10, 1.63150132293e-10, 1.61796895326e-10, 1.60330623777e-10]
    },
    "mfcc": {
        "mean": [-732.048278809, 193.0262146, -21.5288906097, -6.41171693802, 12.4835691452, -26.4702606201, -11.9839611053, -10.1858720779, -15.5953903198, -12.8113794327, -4.33723592758, -8.48709869385, -8.08737754822],
        "cov": [[2571.2878418, 836.130554199, -1509.9609375, -498.869812012, -215.163879395, -370.966094971, 82.730682373, 132.344390869, 23.1814899445, 110.480201721, 157.491744995, 92.2424545288, 35.880355835], [836.130554199, 593.618896484, -178.713058472, -238.246963501, -32.1811027527, -98.4218292236, -41.4753684998, 44.7475204468, -63.2217559814, -46.6721992493, 32.757396698, 6.2150220871, -7.55505752563], [-1509.9609375, -178.713058472, 1436.61071777, 480.194519043, 210.030990601, 234.916091919, -161.035095215, -136.643997192, -84.1382217407, -174.623443604, -158.044967651, -87.9636459351, -50.5114364624], [-498.869812012, -238.246963501, 480.194519043, 594.499389648, 243.133621216, -26.1268062592, -147.531036377, -89.3276138306, 22.6557540894, -14.0472278595, -52.2590026855, -30.3129196167, -22.019908905], [-215.163879395, -32.1811027527, 210.030990601, 243.133621216, 286.832672119, 54.4457550049, -141.73550415, -70.1727905273, -12.0429267883, -15.7316017151, -38.1724357605, -43.9761772156, -8.01715278625], [-370.966094971, -98.4218292236, 234.916091919, -26.1268062592, 54.4457550049, 310.016235352, 80.8983840942, -119.074760437, -35.5118865967, -49.1115951538, -123.320465088, -49.3475875854, 20.6887683868], [82.730682373, -41.4753684998, -161.035095215, -147.531036377, -141.73550415, 80.8983840942, 201.354400635, 60.135509491, 3.090747118, -5.95300865173, -24.4500713348, 13.8033695221, 23.2658882141], [132.344390869, 44.7475204468, -136.643997192, -89.3276138306, -70.1727905273, -119.074760437, 60.135509491, 189.566589355, 46.2125434875, 2.78849816322, 64.5914077759, 37.9891967773, -0.281343221664], [23.1814899445, -63.2217559814, -84.1382217407, 22.6557540894, -12.0429267883, -35.5118865967, 3.090747118, 46.2125434875, 102.515617371, 65.6822662354, 10.9586677551, 7.46381425858, 4.57384252548], [110.480201721, -46.6721992493, -174.623443604, -14.0472278595, -15.7316017151, -49.1115951538, -5.95300865173, 2.78849816322, 65.6822662354, 122.387542725, 69.3355789185, 5.93335342407, -15.9598436356], [157.491744995, 32.757396698, -158.044967651, -52.2590026855, -38.1724357605, -123.320465088, -24.4500713348, 64.5914077759, 10.9586677551, 69.3355789185, 168.887268066, 63.9226036072, -36.908744812], [92.2424545288, 6.2150220871, -87.9636459351, -30.3129196167, -43.9761772156, -49.3475875854, 13.8033695221, 37.9891967773, 7.46381425858, 5.93335342407, 63.9226036072, 79.6947174072, 23.0160713196], [35.880355835, -7.55505752563, -50.5114364624, -22.019908905, -8.01715278625, 20.6887683868, 23.2658882141, -0.281343221664, 4.57384252548, -15.9598436356, -36.908744812, 23.0160713196, 84.0450973511]],
        "icov": [[0.0135450260714, -0.0195520743728, 0.0160667523742, -0.0127510763705, 0.00959774665534, -0.00561058521271, 0.00332782417536, -0.00067747302819, 0.000143375509651, -5.04429044668e-05, 0.00213138479739, -0.00187635724433, 0.00158081122208], [-0.0195520743728, 0.0310912225395, -0.0235014818609, 0.0207728594542, -0.015660719946, 0.0107265291736, -0.00536842970178, 0.00216219644062, 9.90044441096e-07, 0.00148620619439, -0.00265679485165, 0.00260014343075, -0.00177759537473], [0.0160667523742, -0.0235014818609, 0.0221732091159, -0.0193109866232, 0.0168034285307, -0.0141373435035, 0.011946791783, -0.00716587109491, 0.00441559357569, -0.000790491176303, 0.00362473470159, -0.00182576593943, 0.00274809170514], [-0.0127510763705, 0.0207728594542, -0.0193109866232, 0.0227464940399, -0.0213513076305, 0.01987121813, -0.0163981448859, 0.0137896370143, -0.00964279286563, 0.00535050919279, -0.00289588677697, 0.000229263721849, -0.000471768056741], [0.00959774665534, -0.015660719946, 0.0168034285307, -0.0213513076305, 0.0293210931122, -0.0258271265775, 0.0278156735003, -0.0204147137702, 0.0143813146278, -0.00848447997123, 0.00497956201434, 0.000953435024712, -8.23054579087e-05], [-0.00561058521271, 0.0107265291736, -0.0141373435035, 0.01987121813, -0.0258271265775, 0.0347783640027, -0.0330069437623, 0.0289631169289, -0.0185199268162, 0.0121839335188, -0.00504805380479, 0.00201986567117, -0.0011699507013], [0.00332782417536, -0.00536842970178, 0.011946791783, -0.0163981448859, 0.0278156735003, -0.0330069437623, 0.0439094863832, -0.0339498966932, 0.0251542553306, -0.0173851642758, 0.0138615285978, -0.00590372644365, 0.00252374680713], [-0.00067747302819, 0.00216219644062, -0.00716587109491, 0.0137896370143, -0.0204147137702, 0.0289631169289, -0.0339498966932, 0.0399009771645, -0.0317518860102, 0.0257247705013, -0.0181335136294, 0.00803888402879, -0.00330732529983], [0.000143375509651, 9.90044441096e-07, 0.00441559357569, -0.00964279286563, 0.0143813146278, -0.0185199268162, 0.0251542553306, -0.0317518860102, 0.045259911567, -0.0354789718986, 0.0244970861822, -0.0142245739698, 0.00438038632274], [-5.04429044668e-05, 0.00148620619439, -0.000790491176303, 0.00535050919279, -0.00848447997123, 0.0121839335188, -0.0173851642758, 0.0257247705013, -0.0354789718986, 0.0447998791933, -0.0298386253417, 0.0203923769295, -0.00607804954052], [0.00213138479739, -0.00265679485165, 0.00362473470159, -0.00289588677697, 0.00497956201434, -0.00504805380479, 0.0138615285978, -0.0181335136294, 0.0244970861822, -0.0298386253417, 0.0384384803474, -0.0289948321879, 0.0159120671451], [-0.00187635724433, 0.00260014343075, -0.00182576593943, 0.000229263721849, 0.000953435024712, 0.00201986567117, -0.00590372644365, 0.00803888402879, -0.0142245739698, 0.0203923769295, -0.0289948321879, 0.0397438444197, -0.0177181363106], [0.00158081122208, -0.00177759537473, 0.00274809170514, -0.000471768056741, -8.23054579087e-05, -0.0011699507013, 0.00252374680713, -0.00330732529983, 0.00438038632274, -0.00607804954052, 0.0159120671451, -0.0177181363106, 0.0226095952094]]
    },
    "spectral_contrast_coeffs": {
        "max": [-0.281007528305, -0.415048956871, -0.429282873869, -0.564508855343, -0.542716503143, -0.730027258396],
        "mean": [-0.580282747746, -0.687064945698, -0.733653008938, -0.777667820454, -0.749378979206, -0.860257029533],
        "min": [-0.926605582237, -0.927531480789, -0.918939352036, -0.919939398766, -0.901532769203, -0.910691142082],
        "stdev": [0.0965697020292, 0.0932929068804, 0.0854107812047, 0.0616230405867, 0.0738383233547, 0.020014770329]
    },
    "spectral_contrast_valleys": {
        "max": [-5.77031803131, -4.55912590027, -5.27214479446, -6.20245885849, -7.27289581299, -10.053976059],
        "mean": [-7.66404342651, -6.76230716705, -7.65651130676, -8.05790519714, -8.99051189423, -11.5136528015],
        "min": [-9.93154335022, -9.5563249588, -10.0646677017, -10.1918649673, -11.2689723969, -12.703037262],
        "stdev": [0.645377635956, 0.733345270157, 0.863518953323, 0.728127658367, 0.51475918293, 0.101114064455]
    }
},
"rhythm": {
    "beats_count": 96,
    "beats_loudness": {
        "max": 0.0791613608599,
        "mean": 0.0319493450224,
        "min": 6.23690211796e-05,
        "stdev": 0.0180294495076
    },
    "bpm": 125.522796631,
    "bpm_histogram_first_peak_bpm": 126,
    "bpm_histogram_first_peak_weight": 0.552631556988,
    "bpm_histogram_second_peak_bpm": 133,
    "bpm_histogram_second_peak_spread": 0.133333325386,
    "bpm_histogram_second_peak_weight": 0.136842101812,
    "danceability": 1.05300283432,
    "onset_rate": 2.091796875,
    "beats_loudness_band_ratio": {
        "max": [0.914016723633, 0.882600545883, 0.838672578335, 0.953295648098, 0.342045515776, 0.0691610574722],
        "mean": [0.208601295948, 0.316616207361, 0.327124685049, 0.165892317891, 0.0533762462437, 0.00343593000434],
        "min": [0.00358629389666, 0.0108473598957, 0.0029208783526, 0.000135589434649, 0.000240200883127, 0.000104116174043],
        "stdev": [0.234139487147, 0.242178991437, 0.235223993659, 0.205020129681, 0.0660996288061, 0.00789907108992]
    },
