{
"metadata": {
    "version": {
        "essentia": "2.1-beta5",
        "essentia_git_sha": "Undefined",
        "extractor": "music 2.0"
    },
    "audio_properties": {
        "analysis": {
            "equal_loudness": 0,
            "length": 29.0017242432,
            "sample_rate": 44100,
            "start_time": 0,
            "downmix": "mix"
        },
        "bit_rate": 192000,
        "length": 186.409790039,
        "lossless": 0,
        "number_channels": 2,
        "replay_gain": 1.90884590149,
        "sample_rate": 44100,
        "codec": "mp3",
        "md5_encoded": "2086de311582c18642d831cc8663925c"
    },
    "tags": {
        "file_name": "Sweden_Alla Andra Får Varann_Siw Malmkvist.mp3",
        "encoding": ["Lavf58.29.100"]
    }
},
"lowlevel": {
    "average_loudness": 0.890861332417,
    "barkbands_crest": {
        "max": 25.7717952728,
        "mean": 9.76205062866,
        "min": 2.40083575249,
        "stdev": 4.9536113739
    },
    "barkbands_flatness_db": {
        "max": 0.413293927908,
        "mean": 0.203464031219,
        "min": 0.0276621561497,
        "stdev": 0.0832996889949
    },
    "barkbands_kurtosis": {
        "max": 201.468841553,
        "mean": 8.84585857391,
        "min": -1.62741041183,
        "stdev": 17.9155445099
    },
    "barkbands_skewness": {
        "max": 11.4636468887,
        "mean": 1.11436676979,
        "min": -2.88628554344,
        "stdev": 1.8419919014
    },
    "barkbands_spread": {
        "max": 67.238822937,
        "mean": 9.99625301361,
        "min": 0.442254632711,
        "stdev": 10.4603815079
    },
    "dissonance": {
        "max": 0.5,
        "mean": 0.408502191305,
        "min": 0.123493783176,
        "stdev": 0.0973417013884
    },
    "dynamic_complexity": 4.73503780365,
    "erbbands_crest": {
        "max": 31.6155757904,
        "mean": 11.3852243423,
        "min": 2.35680413246,
        "stdev": 6.02120733261
    },
    "erbbands_flatness_db": {
        "max": 0.442396253347,
        "mean": 0.258908897638,
        "min": 0.0643565654755,
        "stdev": 0.0729628801346
    },
    "erbbands_kurtosis": {
        "max": 71.9088592529,
        "mean": 4.06026315689,
        "min": -1.67177629471,
        "stdev": 7.87391090393
    },
    "erbbands_skewness": {
        "max": 7.26923704147,
        "mean": 0.723354637623,
        "min": -1.85068035126,
        "stdev": 1.32425880432
    },
    "erbbands_spread": {
        "max": 87.3324050903,
        "mean": 16.5353393555,
        "min": 1.38012874126,
        "stdev": 15.5266876221
    },
    "hfc": {
        "max": 82.7403182983,
        "mean": 12.4650001526,
        "min": 1.10213869071e-16,
        "stdev": 12.9111461639
    },
    "loudness_ebu128": {
        "integrated": -27.2502593994,
        "loudness_range": 3.4850063324,
        "momentary": {
            "max": -20.9636745453,
            "mean": -28.6098022461,
            "min": -54.7353057861,
            "stdev": 4.31888198853
        },
        "short_term": {
            "max": -25.2926979065,
            "mean": -27.6035633087,
            "min": -29.775806427,
            "stdev": 1.14691364765
        }
    },
    "melbands_crest": {
        "max": 32.2989463806,
        "mean": 11.6477031708,
        "min": 1.74640643597,
        "stdev": 6.10091304779
    },
    "melbands_flatness_db": {
        "max": 0.481928616762,
        "mean": 0.265744566917,
        "min": 0.00437273737043,
        "stdev": 0.0970826521516
    },
    "melbands_kurtosis": {
        "max": 203.218582153,
        "mean": 8.27058696747,
        "min": -1.57029771805,
        "stdev": 14.7615184784
    },
    "melbands_skewness": {
        "max": 8.46317863464,
        "mean": 1.08773612976,
        "min": -1.34354758263,
        "stdev": 1.56828296185
    },
    "melbands_spread": {
        "max": 157.225265503,
        "mean": 15.5735063553,
        "min": 0.821399748325,
        "stdev": 14.2380962372
    },
    "pitch_salience": {
        "max": 0.930217921734,
        "mean": 0.698576927185,
        "min": 0.199995845556,
        "stdev": 0.127458035946
    },
    "silence_rate_20dB": {
        "max": 1,
        "mean": 1,
        "min": 1,
        "stdev": 0
    },
    "silence_rate_30dB": {
        "max": 1,
        "mean": 0.991199970245,
        "min": 0,
        "stdev": 0.0933940857649
    },
    "silence_rate_60dB": {
        "max": 1,
        "mean": 0.216800004244,
        "min": 0,
        "stdev": 0.412064164877
    },
    "spectral_centroid": {
        "max": 11211.3154297,
        "mean": 1017.40997314,
        "min": 238.288360596,
        "stdev": 755.568725586
    },
    "spectral_complexity": {
        "max": 38,
        "mean": 12.1464004517,
        "min": 0,
        "stdev": 9.66387367249
    },
    "spectral_decrease": {
        "max": 2.61748509392e-19,
        "mean": -4.76344963474e-09,
        "min": -3.98857835648e-08,
        "stdev": 5.62790081204e-09
    },
    "spectral_energy": {
        "max": 0.158042669296,
        "mean": 0.0191089827567,
        "min": 1.04270526765e-20,
        "stdev": 0.0222597010434
    },
    "spectral_energyband_high": {
        "max": 0.000189421654795,
        "mean": 1.07831228888e-05,
        "min": 7.43975936453e-21,
        "stdev": 1.4167624613e-05
    },
    "spectral_energyband_low": {
        "max": 0.0136623186991,
        "mean": 0.000574869278353,
        "min": 8.15517335624e-23,
        "stdev": 0.00131051114295
    },
    "spectral_energyband_middle_high": {
        "max": 0.0471029132605,
        "mean": 0.00444592116401,
        "min": 1.20752223659e-21,
        "stdev": 0.0068189157173
    },
    "spectral_energyband_middle_low": {
        "max": 0.15708938241,
        "mean": 0.0145903974771,
        "min": 3.22886120139e-22,
        "stdev": 0.0214372165501
    },
    "spectral_entropy": {
        "max": 9.81304740906,
        "mean": 6.85595941544,
        "min": 4.64193868637,
        "stdev": 0.820459246635
    },
    "spectral_flux": {
        "max": 0.332453072071,
        "mean": 0.0784359127283,
        "min": 6.57816023875e-11,
        "stdev": 0.0551226995885
    },
    "spectral_kurtosis": {
        "max": 71.0457992554,
        "mean": 19.7971286774,
        "min": -1.22808027267,
        "stdev": 10.8130149841
    },
    "spectral_rms": {
        "max": 0.0124172447249,
        "mean": 0.0035984616261,
        "min": 3.18947255759e-12,
        "stdev": 0.00238620419987
    },
    "spectral_rolloff": {
        "max": 19853.6132812,
        "mean": 1317.6081543,
        "min": 150.732421875,
        "stdev": 1401.90222168
    },
    "spectral_skewness": {
        "max": 7.24030971527,
        "mean": 3.26620650291,
        "min": -0.0301895290613,
        "stdev": 1.05897581577
    },
    "spectral_spread": {
        "max": 41155428,
        "mean": 2945603.25,
        "min": 1237775.875,
        "stdev": 2571070.75
    },
    "spectral_strongpeak": {
        "max": 7.52167224884,
        "mean": 1.23899328709,
        "min": 0,
        "stdev": 1.29675710201
    },
    "zerocrossingrate": {
        "max": 0.515625,
        "mean": 0.0516226552427,
        "min": 0.01171875,
        "stdev": 0.0402421541512
    },
    "barkbands": {
        "max": [2.56760285993e-05, 0.000773230043706, 0.00735899759457, 0.0140617806464, 0.0463446117938, 0.0550437420607, 0.136079847813, 0.111523494124, 0.0600318200886, 0.0344348549843, 0.0200801286846, 0.0132237011567, 0.0132903074846, 0.00715972436592, 0.00620309775695, 0.00359388603829, 0.00188235903624, 0.00041866657557, 0.000261807406787, 0.000289805786451, 8.80362349562e-05, 1.70126768353e-05, 1.26462862227e-06, 1.9932244868e-06, 3.60447620551e-06, 1.39008068345e-06, 6.98022063261e-07],
        "mean": [4.88902423967e-06, 2.63943729806e-05, 0.000204761483474, 0.000773831270635, 0.00247490708716, 0.00196490832604, 0.00431254506111, 0.00222656084225, 0.0024160775356, 0.00127147557214, 0.000676366034895, 0.000731537409592, 0.000615696713794, 0.00050117331557, 0.000404853868531, 0.000278621562757, 0.000152782551595, 4.27549275628e-05, 1.4131660464e-05, 6.871171081e-06, 2.71543694907e-06, 7.96512040324e-07, 5.89402930018e-07, 1.05118476768e-06, 2.14827105083e-06, 5.36791674222e-07, 1.96833358501e-08],
        "min": [4.26355298457e-24, 2.60165695453e-23, 5.41722458757e-24, 4.16176113438e-24, 3.77073240776e-23, 4.84909201234e-23, 2.11074455336e-23, 5.73965286546e-23, 7.71203863134e-23, 3.35787637322e-23, 1.95783380653e-23, 5.26456611845e-23, 6.84378171591e-23, 5.44866164127e-23, 6.23647998792e-23, 1.03915429044e-22, 9.6437475735e-23, 9.00244404724e-23, 2.4852180557e-22, 3.00287034875e-22, 3.51386970447e-22, 4.52712657491e-22, 5.10344235141e-22, 7.32379322688e-22, 9.76161778157e-22, 1.5439554335e-21, 2.02022365432e-21],
        "stdev": [3.95531515096e-06, 4.13238121837e-05, 0.000614887685515, 0.00163101556245, 0.00487601058558, 0.00491618784145, 0.0123406061903, 0.00734303891659, 0.00603877659887, 0.00390928890556, 0.00157272676006, 0.00143801560625, 0.00109892676119, 0.000866630696692, 0.000733178749215, 0.00048507284373, 0.000223740644287, 6.15713288425e-05, 2.21337595576e-05, 1.62129181263e-05, 6.91717377777e-06, 9.34721185786e-07, 1.54025642018e-07, 2.50429764037e-07, 4.50742533076e-07, 1.27189352384e-07, 2.33882069267e-08]
    },
    "erbbands": {
        "max": [0.0111090829596, 0.209420159459, 4.56910467148, 29.7800102234, 79.9173965454, 219.292510986, 332.588348389, 668.309570312, 1532.3170166, 2880.82055664, 977.685913086, 1869.8918457, 1848.75305176, 1361.17260742, 570.032165527, 681.83984375, 704.293884277, 335.537078857, 390.844177246, 338.217224121, 160.099914551, 104.482498169, 35.3572387695, 16.8038406372, 13.9087896347, 13.3935623169, 5.88937997818, 2.80596804619, 0.742058336735, 0.075515396893, 0.0378599539399, 0.0362108312547, 0.0371855273843, 0.0381795167923, 0.0289215240628, 0.0133958049119, 0.00179113470949, 0.000459733477328, 0.000102520760265, 0.000178534770384],
        "mean": [0.000626769207884, 0.00893876515329, 0.15415866673, 1.57636761665, 4.76997613907, 9.15140628815, 10.3317222595, 19.3689689636, 49.2893409729, 70.1170272827, 44.547416687, 57.3305892944, 42.9868278503, 38.5638465881, 25.5573883057, 31.119644165, 29.1616630554, 26.2184181213, 23.2410087585, 19.7547187805, 13.6528997421, 8.44310760498, 3.11649656296, 1.05365824699, 0.594851732254, 0.325697541237, 0.164431720972, 0.0729250386357, 0.0308876670897, 0.0197203997523, 0.0174849200994, 0.0183742456138, 0.020392941311, 0.0214531254023, 0.0157273430377, 0.00452233524993, 0.000605035806075, 5.4533349612e-05, 1.12477173388e-05, 2.20815254579e-05],
        "min": [6.46002663394e-22, 5.14116136325e-21, 7.72819659789e-21, 1.54092632879e-20, 4.13837232614e-20, 8.64503777273e-20, 2.30298275322e-19, 3.29453035735e-19, 2.56224829906e-19, 5.27732390316e-19, 1.28421806352e-18, 1.65447641001e-18, 7.80329102658e-19, 1.30300529978e-18, 1.28745988773e-18, 2.07654159525e-18, 3.23246983942e-18, 2.85959667162e-18, 2.92777972194e-18, 4.93590293398e-18, 5.32606169504e-18, 5.65910694354e-18, 6.7939627616e-18, 9.87758455172e-18, 8.59227161126e-18, 1.55322565664e-17, 1.25081859901e-17, 1.74402015888e-17, 1.66018573467e-17, 1.59481414717e-17, 1.42716184236e-17, 1.67070019287e-17, 1.16038517603e-17, 1.07763766714e-17, 6.2647321921e-18, 5.05815774697e-18, 2.78292385307e-18, 1.19902342351e-18, 2.89182161203e-19, 2.7106275696e-20],
        "stdev": [0.000731715990696, 0.0130345048383, 0.392368495464, 3.19480895996, 9.15264606476, 20.0780849457, 28.9391021729, 52.5943107605, 139.973327637, 245.332015991, 108.464416504, 159.222610474, 123.096984863, 117.74697876, 49.0264015198, 62.5906486511, 52.0783348083, 43.0785522461, 40.0725440979, 35.4089927673, 22.7440414429, 12.2944812775, 4.31506872177, 1.46153903008, 1.05229687691, 0.768239617348, 0.419295072556, 0.182043612003, 0.0418282411993, 0.00702249910682, 0.00459255371243, 0.00476355059072, 0.00491523044184, 0.0051188422367, 0.00354747124948, 0.00103720754851, 0.000140318079502, 2.52321679e-05, 1.12018306027e-05, 2.51272504102e-05]
    },
    "gfcc": {
        "mean": [-116.657485962, 121.825523376, -135.758102417, -21.1391086578, -55.9074668884, 1.42869794369, -60.3786048889, 9.81350898743, -27.197019577, -0.794933438301, -16.7492485046, -7.9894080162, -7.51849460602],
        "cov": [[8320.99707031, 1998.22180176, -1859.02197266, -1294.82421875, 137.476974487, -362.180511475, -38.1484794617, -36.452495575, 45.6734886169, -322.181335449, 61.4200172424, -292.961608887, 93.8029251099], [1998.22180176, 1016.1965332, 144.214767456, -479.822753906, -193.208602905, -389.263397217, -123.945518494, -146.774688721, 49.16664505, -212.909347534, 12.8460292816, -180.561233521, -41.7345275879], [-1859.02197266, 144.214767456, 2015.86828613, 563.931518555, -670.307128906, -451.053253174, -366.601745605, -235.658569336, -37.9671401978, -40.2588844299, -76.5717697144, -42.1551208496, -172.162521362], [-1294.82421875, -479.822753906, 563.931518555, 763.415466309, -0.897631764412, -20.2531013489, -161.521133423, -45.1960144043, -87.563911438, 142.850387573, -58.0558891296, 71.8028106689, -14.6354551315], [137.476974487, -193.208602905, -670.307128906, -0.897631764412, 433.219818115, 216.721252441, 54.6792984009, 60.0738830566, 24.2339782715, 36.7041816711, 21.4508113861, 48.7491226196, 70.025352478], [-362.180511475, -389.263397217, -451.053253174, -20.2531013489, 216.721252441, 445.204315186, 206.384552002, 112.461341858, -51.8090248108, 57.9822807312, -12.2098140717, 85.0126037598, 22.0654125214], [-38.1484794617, -123.945518494, -366.601745605, -161.521133423, 54.6792984009, 206.384552002, 314.69317627, 115.936195374, -46.4383888245, -1.20617318153, 16.8328514099, 6.65762376785, 23.4959449768], [-36.452495575, -146.774688721, -235.658569336, -45.1960144043, 60.0738830566, 112.461341858, 115.936195374, 131.538650513, 30.3356628418, 22.6179542542, 9.23181819916, 25.3445358276, 9.83421707153], [45.6734886169, 49.16664505, -37.9671401978, -87.563911438, 24.2339782715, -51.8090248108, -46.4383888245, 30.3356628418, 122.015487671, 24.4280376434, 12.7622566223, -10.7679576874, 4.23853588104], [-322.181335449, -212.909347534, -40.2588844299, 142.850387573, 36.7041816711, 57.9822807312, -1.20617318153, 22.6179542542, 24.4280376434, 119.831443787, 11.5699672699, 26.8288249969, 10.7342939377], [61.4200172424, 12.8460292816, -76.5717697144, -58.0558891296, 21.4508113861, -12.2098140717, 16.8328514099, 9.23181819916, 12.7622566223, 11.5699672699, 62.6334877014, 24.2272891998, 11.118929863], [-292.961608887, -180.561233521, -42.1551208496, 71.8028106689, 48.7491226196, 85.0126037598, 6.65762376785, 25.3445358276, -10.7679576874, 26.8288249969, 24.2272891998, 89.7568588257, 31.3505764008], [93.8029251099, -41.7345275879, -172.162521362, -14.6354551315, 70.025352478, 22.0654125214, 23.4959449768, 9.83421707153, 4.23853588104, 10.7342939377, 11.118929863, 31.3505764008, 64.8828964233]],
        "icov": [[0.00122543808538, -0.00388958840631, 0.00291268946603, -0.00230343779549, 0.0031971342396, -0.0016040840419, 0.00177589524537, -0.00111536961049, -6.16159450146e-05, 0.000335092132445, -0.000502669019625, -0.000574032543227, -0.000131457767566], [-0.00388958840631, 0.0172039084136, -0.00888707116246, 0.0086024152115, -0.00915382057428, 0.00602292688563, -0.00439139734954, 0.00614354992285, -0.000813732214738, 0.0041337874718, -0.00161310459953, 0.00806711707264, -0.000713613932021], [0.00291268946603, -0.00888707116246, 0.013230134733, -0.0144714210182, 0.0178791955113, -0.00854717195034, 0.0031392974779, 0.00681714341044, -0.0133774010465, 0.0141983609647, -0.00876383110881, 0.00118161761202, 0.00280983443372], [-0.00230343779549, 0.0086024152115, -0.0144714210182, 0.0239129364491, -0.0232662912458, 0.0158471912146, -0.000467721780296, -0.0123660052195, 0.0267810318619, -0.0279656797647, 0.0211456362158, -0.00966120604426, 0.00154477241449], [0.0031971342396, -0.00915382057428, 0.0178791955113, -0.0232662912458, 0.0312314946204, -0.0184706542641, 0.00546136172488, 0.0121285868809, -0.0257968343794, 0.0283945146948, -0.0222479142249, 0.0116954036057, -0.00440923916176], [-0.0016040840419, 0.00602292688563, -0.00854717195034, 0.0158471912146, -0.0184706542641, 0.0202491935343, -0.00644891196862, -0.00623619696125, 0.0181481726468, -0.0212107114494, 0.0228321887553, -0.0180491600186, 0.0105491774157], [0.00177589524537, -0.00439139734954, 0.0031392974779, -0.000467721780296, 0.00546136172488, -0.00644891196862, 0.0145954536274, -0.0114692198113, 0.0082461675629, -0.000145577636431, -0.00678213965148, 0.00997116416693, -0.00858612544835], [-0.00111536961049, 0.00614354992285, 0.00681714341044, -0.0123660052195, 0.0121285868809, -0.00623619696125, -0.0114692198113, 0.0348761752248, -0.0306812096387, 0.0238093007356, -0.0108573753387, 0.00148351793177, 0.00797088630497], [-6.16159450146e-05, -0.000813732214738, -0.0133774010465, 0.0267810318619, -0.0257968343794, 0.0181481726468, 0.0082461675629, -0.0306812096387, 0.0522110275924, -0.0433691553771, 0.0255873948336, -0.0118429875001, -0.00145395542495], [0.000335092132445, 0.0041337874718, 0.0141983609647, -0.0279656797647, 0.0283945146948, -0.0212107114494, -0.000145577636431, 0.0238093007356, -0.0433691553771, 0.0590231157839, -0.0380832366645, 0.0260964836925, -0.00646177306771], [-0.000502669019625, -0.00161310459953, -0.00876383110881, 0.0211456362158, -0.0222479142249, 0.0228321887553, -0.00678213965148, -0.0108573753387, 0.0255873948336, -0.0380832366645, 0.0548293367028, -0.0374320521951, 0.0148723619059], [-0.000574032543227, 0.00806711707264, 0.00118161761202, -0.00966120604426, 0.0116954036057, -0.0180491600186, 0.00997116416693, 0.00148351793177, -0.0118429875001, 0.0260964836925, -0.0374320521951, 0.0534295551479, -0.0262904372066], [-0.000131457767566, -0.000713613932021, 0.00280983443372, 0.00154477241449, -0.00440923916176, 0.0105491774157, -0.00858612544835, 0.00797088630497, -0.00145395542495, -0.00646177306771, 0.0148723619059, -0.0262904372066, 0.0373384132981]]
    },
    "melbands": {
        "max": [0.000161218282301, 0.00203574215993, 0.00486038951203, 0.0126628680155, 0.0117161506787, 0.0129173565656, 0.0246573723853, 0.0319844149053, 0.00965240038931, 0.0117581803352, 0.0089638819918, 0.00590305076912, 0.00215465412475, 0.00134751643054, 0.00189745402895, 0.00124128314201, 0.000652640068438, 0.00065943604568, 0.00051398947835, 0.000359054974979, 0.00018216141325, 0.000119182121125, 6.25423490419e-05, 1.62867381732e-05, 1.59281626111e-05, 1.07683708848e-05, 1.51644817379e-05, 9.17112993193e-06, 4.45375781055e-06, 2.21580762627e-06, 1.52715347213e-06, 4.98063570831e-07, 7.93773509145e-08, 2.78040914736e-08, 2.22178044851e-08, 2.48826115268e-08, 2.90092767585e-08, 2.81705148097e-08, 3.35568550724e-08, 4.00649078358e-08],
        "mean": [6.79361073708e-06, 7.2488670412e-05, 0.000358593446435, 0.00050678109983, 0.000384325103369, 0.00043808479677, 0.000802373571787, 0.000714799447451, 0.000358147575753, 0.000354643620085, 0.000206262877327, 0.0001575229835, 8.77206839505e-05, 7.99996414571e-05, 7.53405329306e-05, 5.83635373914e-05, 4.76963468827e-05, 3.84169507015e-05, 2.99320072372e-05, 2.21847167268e-05, 1.46415159179e-05, 9.53016569838e-06, 4.53300981462e-06, 1.62442643159e-06, 7.51058564674e-07, 4.94289622566e-07, 3.16306028481e-07, 1.90729281258e-07, 1.13533054957e-07, 6.37637356249e-08, 3.41043921992e-08, 1.68362355168e-08, 1.42914444723e-08, 9.78613545755e-09, 9.76697211996e-09, 1.01464836533e-08, 1.1655133747e-08, 1.32508910511e-08, 1.66269842339e-08, 1.87572108956e-08],
        "min": [7.15356581567e-24, 6.49856671745e-24, 4.83731084803e-24, 3.19425833843e-24, 8.12562862207e-24, 8.20754157189e-24, 4.01975867726e-24, 6.15724632528e-24, 1.13753253439e-23, 9.55556444167e-24, 3.62352409976e-24, 5.64208978303e-24, 3.32356447371e-24, 7.11139725598e-24, 4.48441983854e-24, 7.85916718551e-24, 4.58412160177e-24, 4.50075202029e-24, 5.11553775057e-24, 7.95484260267e-24, 5.87139744868e-24, 4.69405094663e-24, 8.03100317877e-24, 4.71336147273e-24, 8.281399463e-24, 5.72278354832e-24, 8.08004271694e-24, 1.05676161851e-23, 7.67053792129e-24, 6.53752027452e-24, 1.14419856681e-23, 8.85148793996e-24, 9.41264730033e-24, 8.60218265036e-24, 7.51414388025e-24, 9.05932991152e-24, 9.19299686988e-24, 7.62124673649e-24, 7.35869805002e-24, 1.0343970963e-23],
        "stdev": [9.12388350116e-06, 0.000175507113454, 0.000626624852885, 0.000940272875596, 0.0010277411202, 0.00116659794003, 0.00219366536476, 0.00247434084304, 0.000900107959751, 0.000966381572653, 0.000612955540419, 0.000503814779222, 0.000181568728294, 0.000156579582836, 0.000148622973938, 9.97186361928e-05, 8.21116918814e-05, 6.79556542309e-05, 5.49287251488e-05, 3.99729033234e-05, 2.45761621045e-05, 1.43035013025e-05, 6.40864027446e-06, 2.37638823819e-06, 1.11523843316e-06, 8.56935173488e-07, 7.19868353372e-07, 4.86178123538e-07, 2.98583898939e-07, 1.64601004826e-07, 9.03637413785e-08, 2.70909801259e-08, 6.82039758004e-09, 3.47725159777e-09, 2.8816131703e-09, 2.97486546508e-09, 3.40244632469e-09, 3.61487662026e-09, 4.55990711856e-09, 5.02082064813e-09]
    },
    "melbands128": {
        "max": [1.70104467543e-05, 4.77444118587e-05, 0.00020753883291, 0.000407255196478, 0.00116005213931, 0.00485461624339, 0.00686040893197, 0.0083299279213, 0.00906396470964, 0.0214877836406, 0.0133636025712, 0.0210770256817, 0.0156703740358, 0.00952092371881, 0.0196290183812, 0.023360773921, 0.0477097965777, 0.0443830899894, 0.0578905232251, 0.0525260642171, 0.0402108542621, 0.0140729835257, 0.0170355029404, 0.0146399941295, 0.0193672832102, 0.0126567836851, 0.0162503365427, 0.0126085551456, 0.0108985509723, 0.0117328250781, 0.00807625800371, 0.00552327185869, 0.002874574624, 0.00349279702641, 0.00274220341817, 0.00235751457512, 0.00338993268088, 0.00290896929801, 0.00244690384716, 0.00303581682965, 0.0010017278837, 0.000898313010111, 0.00102600466926, 0.00112395046744, 0.000877218146343, 0.000812898564618, 0.000672061985824, 0.000599062652327, 0.000700104865246, 0.00056450557895, 0.000466834986582, 0.000299162522424, 0.000349618319888, 0.000195649248781, 0.000144074889249, 0.00017560638662, 0.00015742238611, 0.000100915705843, 4.76229797641e-05, 3.2367384847e-05, 1.9244145733e-05, 1.46926295201e-05, 1.86143952305e-05, 2.04010229936e-05, 1.35760365083e-05, 1.64425709954e-05, 1.17567669804e-05, 1.651731327e-05, 2.85165460809e-05, 1.30801745399e-05, 1.08765325422e-05, 1.02375024653e-05, 3.60203603122e-06, 7.46386876926e-06, 4.36169602835e-06, 2.78918969343e-06, 2.59746843767e-06, 1.94168501366e-06, 1.96997575586e-06, 1.20852882901e-06, 6.00648320415e-07, 3.90428112951e-07, 1.47652855276e-07, 1.05026629171e-07, 6.45061675186e-08, 3.59514800152e-08, 4.2769904951e-08, 2.7990903817e-08, 3.03759648546e-08, 3.694644235e-08, 2.89346058224e-08, 2.82578547228e-08, 3.27839728698e-08, 3.0998947409e-08, 4.25330810572e-08, 3.49427047297e-08, 3.72862665188e-08, 4.23563122354e-08, 4.62035281146e-08, 5.77196814788e-08, 4.49655388479e-08, 5.26034575898e-08, 5.1347019081e-08, 6.49872688996e-08, 5.17907423614e-08, 4.61180107436e-08, 3.91733969707e-08, 2.42025386399e-08, 3.97246608941e-08, 2.94452391358e-08, 9.24473564368e-09, 6.73120359451e-09, 5.04868458151e-09, 4.59359306149e-09, 3.94712529328e-09, 3.50474915756e-09, 3.38648553644e-09, 3.30948179972e-09, 3.19308735008e-09, 3.12342485209e-09, 3.02558245124e-09, 2.93862134626e-09, 2.8661195639e-09, 2.82234946525e-09, 2.7760416188e-09, 2.7211464193e-09, 2.70122435531e-09, 2.69780020545e-09],
        "mean": [3.40347332894e-06, 3.60278886546e-06, 8.74812667462e-06, 1.18846992336e-05, 2.5378936698e-05, 0.000131807522848, 0.000296475860523, 0.000413857458625, 0.000475145003293, 0.000524329720065, 0.000528262171429, 0.000469301274279, 0.0003460435546, 0.000266438233666, 0.000371444853954, 0.000551492266823, 0.000692248984706, 0.000840251450427, 0.000961592595559, 0.000873724813573, 0.000555349746719, 0.000326191919157, 0.000333828967996, 0.00036701321369, 0.000437174428953, 0.000308893475449, 0.000259947875747, 0.000198447029106, 0.000156255686306, 0.000181746727321, 0.000157281829161, 0.000112915338832, 8.14792438177e-05, 7.14567213436e-05, 7.10334570613e-05, 8.58588464325e-05, 9.01393286767e-05, 7.48422535253e-05, 6.69289147481e-05, 6.50440051686e-05, 5.5651718867e-05, 5.11882972205e-05, 4.56419038528e-05, 4.93851184729e-05, 4.26495207648e-05, 3.66659805877e-05, 3.30412694893e-05, 2.99825005641e-05, 2.90206317004e-05, 2.66834667855e-05, 2.14505398617e-05, 1.76983812707e-05, 1.57286540343e-05, 1.35864002004e-05, 1.1342194739e-05, 9.88605370367e-06, 7.29427210899e-06, 5.51957555217e-06, 3.59476871381e-06, 2.34667004406e-06, 1.51349661337e-06, 1.12265593089e-06, 8.42884730901e-07, 6.49712205814e-07, 5.64963556826e-07, 5.23700350641e-07, 4.36808733184e-07, 3.52891078137e-07, 3.02764505022e-07, 2.42150008489e-07, 1.96006027409e-07, 1.67780555671e-07, 1.26747679019e-07, 1.11667873171e-07, 8.63959854769e-08, 6.75788598414e-08, 5.35840989357e-08, 4.27945536785e-08, 3.31903038386e-08, 2.39182806894e-08, 1.67485101343e-08, 1.31120936331e-08, 1.71621721279e-08, 1.66960294479e-08, 9.47042710919e-09, 9.36636723736e-09, 1.08198365822e-08, 8.81665407348e-09, 9.43650846352e-09, 1.10542766052e-08, 8.95294149927e-09, 1.04319752836e-08, 1.11131823743e-08, 9.76626601812e-09, 1.49369530078e-08, 1.12751568082e-08, 1.38079627732e-08, 1.40621168043e-08, 1.60413140549e-08, 1.90772517783e-08, 1.64831757132e-08, 1.86038864314e-08, 1.9197385015e-08, 2.6570612377e-08, 1.68245293253e-08, 1.50507784014e-08, 1.51048276109e-08, 1.01009938192e-08, 6.77664502291e-09, 4.75968553459e-09, 3.28619642609e-09, 2.19884999098e-09, 1.4689734984e-09, 8.42718339555e-10, 1.85547410769e-10, 3.24472171354e-10, 6.37554398164e-10, 7.13472466871e-12, 6.7176242867e-12, 6.65408136577e-12, 6.51957437689e-12, 6.42494998176e-12, 6.313338307e-12, 6.17223329738e-12, 6.14458440726e-12, 6.11786966573e-12, 6.06726778193e-12, 6.01825490484e-12],
        "min": [4.24846838634e-24, 4.58234548144e-24, 9.02460188789e-24, 5.83046937277e-24, 4.19827356138e-24, 2.4587023423e-24, 1.7376895886e-24, 3.21353790174e-24, 3.20716430006e-24, 1.17046181711e-24, 2.57818124285e-24, 5.27031817663e-24, 4.90026273713e-24, 7.18219042247e-24, 7.89224491212e-24, 2.53722082364e-24, 5.48017844882e-24, 1.13475156304e-24, 4.92682762811e-24, 6.07549272537e-24, 4.45920034983e-24, 6.44939741166e-24, 1.15502875929e-23, 1.24898106759e-23, 8.06234146709e-24, 4.72509301768e-24, 3.8232084607e-24, 2.37356590961e-24, 3.39919966845e-24, 8.96550516203e-24, 1.41619376402e-24, 1.80482165163e-24, 3.44576100008e-24, 4.72146780739e-24, 3.82623098126e-24, 7.52194492574e-24, 3.2569469452e-24, 2.29106801943e-24, 2.75924631706e-24, 9.60146589116e-24, 3.81058037533e-24, 5.01490592033e-24, 4.68649997005e-24, 2.74471352703e-24, 5.50700800263e-24, 2.14965385534e-24, 6.23675443263e-24, 4.11874967681e-24, 4.44029490381e-24, 4.13864119897e-24, 5.20766211037e-24, 5.97794810229e-24, 7.06498146917e-24, 3.59894832155e-24, 3.47495200902e-24, 3.30217135482e-24, 3.36235276442e-24, 9.70405804075e-24, 3.13708722205e-24, 7.66885133668e-24, 4.35769958931e-24, 3.60223944924e-24, 3.87426827165e-24, 7.37210395224e-24, 1.20488019311e-23, 3.57500244877e-24, 2.73797941592e-24, 6.05807231e-24, 6.25920225855e-24, 9.3000113737e-24, 1.45795458123e-23, 4.30584578986e-24, 6.1769923026e-24, 7.93129668237e-24, 5.56557895269e-24, 6.91739506014e-24, 5.21374777783e-24, 9.10160575629e-24, 7.87563386804e-24, 6.85207185516e-24, 4.70009046572e-24, 7.5121875052e-24, 8.3904018963e-24, 8.20362014433e-24, 7.54603358234e-24, 7.37982374506e-24, 8.98425638575e-24, 8.25674834857e-24, 6.1352043683e-24, 7.16150017865e-24, 7.84125530979e-24, 3.64920743868e-24, 1.08013272723e-23, 8.09944238432e-24, 8.07149383131e-24, 5.21272383637e-24, 9.35446644199e-24, 5.14786014287e-24, 7.4191500389e-24, 6.62053960176e-24, 6.22178540252e-24, 1.28031904036e-23, 8.4581358602e-24, 5.10060382477e-24, 4.51699900506e-24, 5.4118485005e-24, 1.07643383733e-23, 6.9114028727e-24, 5.87052181308e-24, 7.05894589439e-24, 8.05487174318e-24, 7.05221691087e-24, 8.33847276063e-24, 7.735533749e-24, 1.14277490954e-23, 1.05938221444e-23, 4.89878796167e-24, 7.02005347404e-24, 7.89393938535e-24, 6.11415519277e-24, 7.50760895651e-24, 9.24406930261e-24, 7.21759055559e-24, 7.60642640666e-24, 6.78768345035e-24, 7.8321849871e-24, 7.56649584536e-24, 1.08324170694e-23],
        "stdev": [2.54779433817e-06, 4.48257696917e-06, 1.28541414597e-05, 2.15112359001e-05, 6.8968940468e-05, 0.000401380704716, 0.000719566596672, 0.000920531456359, 0.00110591424163, 0.00135702244006, 0.00132939952891, 0.00173703872133, 0.0012549116509, 0.000747272453737, 0.00129017583095, 0.0019859962631, 0.00263807200827, 0.00314969895408, 0.00355720613152, 0.00408664345741, 0.00249857199378, 0.00114460394252, 0.00126680720132, 0.00131971447263, 0.00170659821015, 0.00103464373387, 0.00100628321525, 0.00084734155098, 0.000653246999718, 0.000810545869172, 0.000614218006376, 0.000371574016754, 0.000201397779165, 0.000189735001186, 0.000172062093043, 0.000227677257499, 0.000251158431638, 0.000195152024389, 0.000165055767866, 0.00015672374866, 0.000106493367639, 9.51357724261e-05, 9.38181110541e-05, 0.000103017919173, 8.60522122821e-05, 7.43664131733e-05, 6.85614068061e-05, 6.10021052125e-05, 6.07310394116e-05, 5.53532881895e-05, 4.36297814304e-05, 3.41739541909e-05, 3.10778996209e-05, 2.4779665182e-05, 1.924877688e-05, 1.75195254997e-05, 1.21930870591e-05, 8.8224242063e-06, 5.82177972319e-06, 3.94189510189e-06, 2.43232670982e-06, 1.83494273642e-06, 1.39337532801e-06, 1.13554426662e-06, 1.00030615613e-06, 1.0391726164e-06, 8.65082540713e-07, 8.10044753052e-07, 9.61385126175e-07, 6.41470080609e-07, 5.44244926459e-07, 4.92468245739e-07, 3.08107928504e-07, 3.67444613403e-07, 2.54028151403e-07, 1.90482012385e-07, 1.45716597899e-07, 1.24611318597e-07, 9.80608092505e-08, 6.15935888959e-08, 3.17529291749e-08, 1.84557027438e-08, 1.10287707855e-08, 8.30070767677e-09, 5.32942578957e-09, 4.6241019902e-09, 5.28977617265e-09, 3.96926935764e-09, 3.91314225467e-09, 4.7504498113e-09, 3.89196852524e-09, 4.2733709904e-09, 4.70351091408e-09, 4.18023482496e-09, 6.23841067693e-09, 4.53167947612e-09, 5.28173371706e-09, 5.18930365345e-09, 5.88308246563e-09, 7.12456227348e-09, 6.2613567664e-09, 7.1005130664e-09, 6.89605217374e-09, 9.37344424301e-09, 5.78348924307e-09, 5.26740828732e-09, 5.26608934237e-09, 3.48638962144e-09, 2.62200217094e-09, 1.82501802559e-09, 1.16150333795e-09, 8.22296786218e-10, 5.53701806627e-10, 3.56473017771e-10, 1.68926483912e-10, 2.32794242216e-10, 4.638360529e-10, 9.35973312743e-11, 9.03127711505e-11, 8.83396272799e-11, 8.55701898228e-11, 8.31120797185e-11, 8.10626565872e-11, 7.98256738488e-11, 7.85143269844e-11, 7.69610347673e-11, 7.63954038918e-11, 7.62989116332e-11]
    },
    "mfcc": {
        "mean": [-759.727172852, 172.42829895, -27.4417972565, -16.0554485321, 9.50988292694, -17.7244091034, -11.2997560501, -10.8427362442, -3.80768990517, -6.19769239426, -4.01164627075, -3.03057432175, -3.41909456253],
        "cov": [[5308.20556641, 1881.77087402, -2133.99536133, -861.15814209, -152.008789062, -278.863189697, 75.9186248779, 74.5899353027, 85.9635467529, 24.2659015656, -28.4286804199, 23.6922855377, -57.9076385498], [1881.77087402, 1320.21838379, 10.2812051773, -316.57800293, -174.346206665, -324.429077148, -227.918914795, -62.6980209351, -119.324172974, -79.9273986816, -17.1051006317, -44.3629264832, -83.0361404419], [-2133.99536133, 10.2812051773, 2257.18383789, 697.010498047, -117.595222473, -197.83190918, -388.42578125, -261.947845459, -261.250427246, -165.208312988, -39.750579834, -83.8530273438, -69.2940826416], [-861.15814209, -316.57800293, 697.010498047, 635.225830078, 132.096847534, -28.0551338196, -141.281707764, -191.697998047, -88.1691360474, -57.7801361084, -59.5256881714, -33.783657074, -2.46780586243], [-152.008789062, -174.346206665, -117.595222473, 132.096847534, 309.590637207, 86.861366272, -86.3184356689, -40.5120391846, -13.412771225, -13.9242925644, -19.9806842804, -11.6046590805, 33.6484222412], [-278.863189697, -324.429077148, -197.83190918, -28.0551338196, 86.861366272, 222.499069214, 144.697219849, 40.0212402344, 55.9974975586, 18.1223430634, -2.02789640427, 12.0518817902, 16.8798484802], [75.9186248779, -227.918914795, -388.42578125, -141.281707764, -86.3184356689, 144.697219849, 299.556304932, 145.240661621, 75.621055603, 44.2596855164, 8.15344429016, 13.1847963333, 7.65983104706], [74.5899353027, -62.6980209351, -261.947845459, -191.697998047, -40.5120391846, 40.0212402344, 145.240661621, 175.247070312, 68.8426895142, 20.745349884, 18.3754863739, 9.55795288086, 12.5495243073], [85.9635467529, -119.324172974, -261.250427246, -88.1691360474, -13.412771225, 55.9974975586, 75.621055603, 68.8426895142, 111.472602844, 57.71900177, 12.8316707611, 18.0437831879, 9.28925704956], [24.2659015656, -79.9273986816, -165.208312988, -57.7801361084, -13.9242925644, 18.1223430634, 44.2596855164, 20.745349884, 57.71900177, 102.115814209, 47.9476394653, 2.77916908264, -0.386012077332], [-28.4286804199, -17.1051006317, -39.750579834, -59.5256881714, -19.9806842804, -2.02789640427, 8.15344429016, 18.3754863739, 12.8316707611, 47.9476394653, 73.0445327759, 27.9428195953, -5.17651748657], [23.6922855377, -44.3629264832, -83.8530273438, -33.783657074, -11.6046590805, 12.0518817902, 13.1847963333, 9.55795288086, 18.0437831879, 2.77916908264, 27.9428195953, 64.3331375122, 24.6558265686], [-57.9076385498, -83.0361404419, -69.2940826416, -2.46780586243, 33.6484222412, 16.8798484802, 7.65983104706, 12.5495243073, 9.28925704956, -0.386012077332, -5.17651748657, 24.6558265686, 65.1607818604]],
        "icov": [[0.00341536267661, -0.00605994137004, 0.00384316523559, -0.0030623737257, 0.000811450998299, -0.000423562421929, -0.00170376780443, 0.00138964562211, -0.00234909239225, 0.00122837210074, -0.000673290516715, -0.000538779073395, -0.000600303814281], [-0.00605994137004, 0.013254894875, -0.00691016018391, 0.00804616138339, -0.00219555594958, 0.00468474254012, 0.00214141258039, 0.000445173791377, 0.00387294078246, 0.000175661407411, 0.00133867841214, 0.0020549048204, 0.00282235164195], [0.00384316523559, -0.00691016018391, 0.00699108606204, -0.007306819316, 0.00680881366134, -0.00646826438606, 0.00596648314968, -0.00473295105621, 0.00333470292389, -0.000210443933611, -0.000831027049571, 0.00070790288737, -0.000673375907354], [-0.0030623737257, 0.00804616138339, -0.007306819316, 0.0136490268633, -0.0113346390426, 0.014285793528, -0.0124249011278, 0.0148048223928, -0.00780398258939, 0.00547909690067, 0.000283582485281, 0.00108647719026, 0.00179661996663], [0.000811450998299, -0.00219555594958, 0.00680881366134, -0.0113346390426, 0.0211106576025, -0.0216996185482, 0.024648539722, -0.0197959877551, 0.0167225729674, -0.00821547862142, 0.00309229502454, 0.00221087411046, -0.00265382113867], [-0.000423562421929, 0.00468474254012, -0.00646826438606, 0.014285793528, -0.0216996185482, 0.0347842238843, -0.0314227379858, 0.0285618659109, -0.0231847260147, 0.0165122635663, -0.00724386936054, 0.00258745322935, 0.00149211089592], [-0.00170376780443, 0.00214141258039, 0.00596648314968, -0.0124249011278, 0.024648539722, -0.0314227379858, 0.0420245528221, -0.0353296399117, 0.0285299848765, -0.0188901387155, 0.0116074439138, -0.0027217224706, 0.00213790033013], [0.00138964562211, 0.000445173791377, -0.00473295105621, 0.0148048223928, -0.0197959877551, 0.0285618659109, -0.0353296399117, 0.0436657518148, -0.0319206006825, 0.0248364545405, -0.0163326859474, 0.00991357769817, -0.00445425929502], [-0.00234909239225, 0.00387294078246, 0.00333470292389, -0.00780398258939, 0.0167225729674, -0.0231847260147, 0.0285299848765, -0.0319206006825, 0.0454701408744, -0.0304468479007, 0.0217535346746, -0.0132825020701, 0.00635446747765], [0.00122837210074, 0.000175661407411, -0.000210443933611, 0.00547909690067, -0.00821547862142, 0.0165122635663, -0.0188901387155, 0.0248364545405, -0.0304468479007, 0.0437357723713, -0.0333586782217, 0.0219511985779, -0.00765514839441], [-0.000673290516715, 0.00133867841214, -0.000831027049571, 0.000283582485281, 0.00309229502454, -0.00724386936054, 0.0116074439138, -0.0163326859474, 0.0217535346746, -0.0333586782217, 0.0466128252447, -0.0277685094625, 0.0132067510858], [-0.000538779073395, 0.0020549048204, 0.00070790288737, 0.00108647719026, 0.00221087411046, 0.00258745322935, -0.0027217224706, 0.00991357769817, -0.0132825020701, 0.0219511985779, -0.0277685094625, 0.0382921472192, -0.0151390917599], [-0.000600303814281, 0.00282235164195, -0.000673375907354, 0.00179661996663, -0.00265382113867, 0.00149211089592, 0.00213790033013, -0.00445425929502, 0.00635446747765, -0.00765514839441, 0.0132067510858, -0.0151390917599, 0.0251784808934]]
    },
    "spectral_contrast_coeffs": {
        "max": [-0.340461909771, -0.346466630697, -0.455686688423, -0.642662703991, -0.655207633972, -0.70409399271],
        "mean": [-0.644728958607, -0.729086577892, -0.794118583202, -0.826130867004, -0.785832941532, -0.856377661228],
        "min": [-0.97007471323, -0.964153826237, -0.969814002514, -0.965203285217, -0.9654058218, -0.959642469883],
        "stdev": [0.134166836739, 0.142005220056, 0.0898634418845, 0.0482652410865, 0.0538955368102, 0.0262312013656]
    },
    "spectral_contrast_valleys": {
        "max": [-6.5731253624, -4.77502012253, -4.95599985123, -5.21222019196, -7.14738225937, -10.8594923019],
        "mean": [-8.38020515442, -7.1415977478, -7.63812589645, -7.82937335968, -9.07511901855, -11.5763292313],
        "min": [-27.3430233002, -27.7121181488, -27.4978504181, -27.5352516174, -27.3942050934, -27.347694397],
        "stdev": [1.1467949152, 1.34512519836, 1.58869504929, 1.59724068642, 1.14935112, 0.825001776218]
    }
},
"rhythm": {
    "beats_count": 44,
    "beats_loudness": {
        "max": 0.073018155992,
        "mean": 0.0262442417443,
        "min": 2.76097216556e-05,
        "stdev": 0.0215126741678
    },
    "bpm": 85.2297592163,
    "bpm_histogram_first_peak_bpm": 86,
    "bpm_histogram_first_peak_weight": 0.416666686535,
    "bpm_histogram_second_peak_bpm": 103,
    "bpm_histogram_second_peak_spread": 0.428571462631,
    "bpm_histogram_second_peak_weight": 0.0930232554674,
    "danceability": 1.39901375771,
    "onset_rate": 3.48115801811,
    "beats_loudness_band_ratio": {
        "max": [0.792836666107, 0.866854965687, 0.905593514442, 0.657237291336, 0.447824388742, 0.140220806003],
        "mean": [0.106031753123, 0.245189845562, 0.385335236788, 0.216294139624, 0.103530146182, 0.00501581607386],
        "min": [0.0016020530602, 0.012131200172, 0.0370098538697, 0.000793921528384, 0.00147952942643, 0.000132785280584],
        "stdev": [0.152047872543, 0.274619042873, 0.299971729517, 0.237956017256, 0.139617547393, 0.0207125600427]
    },
    "beats_position": [0.708208620548, 1.40480720997, 2.11301589012, 2.82122445107, 3.54104304314, 4.26086139679, 4.96907043457, 5.66566896439, 6.35065746307, 7.03564596176, 7.73224496841, 8.42884349823, 9.16027164459, 9.89170074463, 10.623128891, 11.354557991, 12.144036293, 12.9102945328, 13.6185035706, 14.3267116547, 15.0233106613, 15.7199087143, 16.4165077209, 17.1131057739, 17.8097057343, 18.4946937561, 19.1680717468, 19.7253513336, 20.2942390442, 20.8747386932, 21.4552383423, 22.0241260529, 22.5930156708, 23.1735134125, 23.7540130615, 24.2416324615, 24.7292518616, 25.2168693542, 25.7277088165, 26.2385482788, 26.73777771, 27.2486171722, 27.747844696, 28.2586841583],
