{
"metadata": {
    "version": {
        "essentia": "2.1-beta5",
        "essentia_git_sha": "Undefined",
        "extractor": "music 2.0"
    },
    "audio_properties": {
        "analysis": {
            "equal_loudness": 0,
            "length": 48.7502937317,
            "sample_rate": 44100,
            "start_time": 110.236732483,
            "downmix": "mix"
        },
        "bit_rate": 192000,
        "length": 204.881271362,
        "lossless": 0,
        "number_channels": 2,
        "replay_gain": -6.38387680054,
        "sample_rate": 48000,
        "codec": "mp3",
        "md5_encoded": "d9c5e2fc51974fc95343b2df2f687fdd"
    },
    "tags": {
        "file_name": "Belgium_Mon Amour Pour Toi_Fud Leclerc.mp3",
        "encoding": ["Lavf58.29.100"]
    }
},
"lowlevel": {
    "average_loudness": 0.14978697896,
    "barkbands_crest": {
        "max": 24.5364723206,
        "mean": 8.97485351562,
        "min": 3.02409076691,
        "stdev": 3.83879470825
    },
    "barkbands_flatness_db": {
        "max": 0.320114076138,
        "mean": 0.193511024117,
        "min": 0.0989298373461,
        "stdev": 0.0381363667548
    },
    "barkbands_kurtosis": {
        "max": 25.3711452484,
        "mean": 0.169642388821,
        "min": -1.89443314075,
        "stdev": 2.10371875763
    },
    "barkbands_skewness": {
        "max": 5.00271463394,
        "mean": 0.441936165094,
        "min": -2.91682386398,
        "stdev": 0.80455070734
    },
    "barkbands_spread": {
        "max": 77.3110427856,
        "mean": 20.1556491852,
        "min": 3.37104058266,
        "stdev": 10.3230829239
    },
    "dissonance": {
        "max": 0.499999970198,
        "mean": 0.456044763327,
        "min": 0.281884074211,
        "stdev": 0.0305926892906
    },
    "dynamic_complexity": 5.49085140228,
    "erbbands_crest": {
        "max": 26.5025405884,
        "mean": 10.5494661331,
        "min": 3.43209433556,
        "stdev": 4.35751914978
    },
    "erbbands_flatness_db": {
        "max": 0.38063198328,
        "mean": 0.267976850271,
        "min": 0.141043499112,
        "stdev": 0.0396913141012
    },
    "erbbands_kurtosis": {
        "max": 32.7012672424,
        "mean": 0.108028821647,
        "min": -1.79701709747,
        "stdev": 2.27674603462
    },
    "erbbands_skewness": {
        "max": 2.43062806129,
        "mean": -0.111947797239,
        "min": -4.50852870941,
        "stdev": 0.814378499985
    },
    "erbbands_spread": {
        "max": 88.3013381958,
        "mean": 24.9484500885,
        "min": 4.20181035995,
        "stdev": 10.0658893585
    },
    "hfc": {
        "max": 122.006546021,
        "mean": 11.457865715,
        "min": 0.00842826999724,
        "stdev": 16.6932239532
    },
    "loudness_ebu128": {
        "integrated": -20.9083766937,
        "loudness_range": 11.1774425507,
        "momentary": {
            "max": -11.8020925522,
            "mean": -24.0127277374,
            "min": -38.487487793,
            "stdev": 5.15516233444
        },
        "short_term": {
            "max": -15.8821249008,
            "mean": -22.539100647,
            "min": -31.6976585388,
            "stdev": 3.63272452354
        }
    },
    "melbands_crest": {
        "max": 32.1136856079,
        "mean": 12.271944046,
        "min": 3.79473567009,
        "stdev": 5.82337093353
    },
    "melbands_flatness_db": {
        "max": 0.353833049536,
        "mean": 0.200069189072,
        "min": 0.0589004568756,
        "stdev": 0.050915710628
    },
    "melbands_kurtosis": {
        "max": 106.640258789,
        "mean": 2.20912623405,
        "min": -1.90509343147,
        "stdev": 5.08187770844
    },
    "melbands_skewness": {
        "max": 9.43836402893,
        "mean": 1.1635684967,
        "min": -1.23266196251,
        "stdev": 0.895096242428
    },
    "melbands_spread": {
        "max": 188.054916382,
        "mean": 32.9251823425,
        "min": 3.91641139984,
        "stdev": 19.5223770142
    },
    "pitch_salience": {
        "max": 0.845626890659,
        "mean": 0.585771977901,
        "min": 0.191810011864,
        "stdev": 0.103033736348
    },
    "silence_rate_20dB": {
        "max": 1,
        "mean": 1,
        "min": 1,
        "stdev": 0
    },
    "silence_rate_30dB": {
        "max": 1,
        "mean": 0.99857211113,
        "min": 0,
        "stdev": 0.0377609990537
    },
    "silence_rate_60dB": {
        "max": 1,
        "mean": 0.461684912443,
        "min": 0,
        "stdev": 0.498534590006
    },
    "spectral_centroid": {
        "max": 4533.83105469,
        "mean": 1735.8182373,
        "min": 449.795135498,
        "stdev": 634.799621582
    },
    "spectral_complexity": {
        "max": 47,
        "mean": 12.0871009827,
        "min": 0,
        "stdev": 8.03611278534
    },
    "spectral_decrease": {
        "max": -3.07874754336e-12,
        "mean": -2.11622874779e-09,
        "min": -2.76723142179e-08,
        "stdev": 3.05555380997e-09
    },
    "spectral_energy": {
        "max": 0.115157432854,
        "mean": 0.00902641285211,
        "min": 1.23843701658e-05,
        "stdev": 0.0129641583189
    },
    "spectral_energyband_high": {
        "max": 0.00314887100831,
        "mean": 0.000141867014463,
        "min": 8.11921978539e-08,
        "stdev": 0.000303560547763
    },
    "spectral_energyband_low": {
        "max": 0.00223065027967,
        "mean": 0.000235349347349,
        "min": 5.2276459428e-07,
        "stdev": 0.000259982654825
    },
    "spectral_energyband_middle_high": {
        "max": 0.0405464358628,
        "mean": 0.00435438659042,
        "min": 2.14107376451e-06,
        "stdev": 0.00680187996477
    },
    "spectral_energyband_middle_low": {
        "max": 0.0806500762701,
        "mean": 0.00443553458899,
        "min": 8.0948939285e-06,
        "stdev": 0.00809943396598
    },
    "spectral_entropy": {
        "max": 8.14963150024,
        "mean": 7.17859745026,
        "min": 6.08564281464,
        "stdev": 0.324232816696
    },
    "spectral_flux": {
        "max": 0.249225854874,
        "mean": 0.0424998141825,
        "min": 0.00321682542562,
        "stdev": 0.0332544445992
    },
    "spectral_kurtosis": {
        "max": 32.1467666626,
        "mean": 7.08458328247,
        "min": -1.26254236698,
        "stdev": 5.21816253662
    },
    "spectral_rms": {
        "max": 0.0105994679034,
        "mean": 0.00246509560384,
        "min": 0.000109919572424,
        "stdev": 0.00165213551372
    },
    "spectral_rolloff": {
        "max": 7342.82226562,
        "mean": 2193.49560547,
        "min": 107.666015625,
        "stdev": 973.108703613
    },
    "spectral_skewness": {
        "max": 4.12461853027,
        "mean": 1.32564198971,
        "min": -0.401049345732,
        "stdev": 0.629881680012
    },
    "spectral_spread": {
        "max": 9000784,
        "mean": 2387255.25,
        "min": 1187164.625,
        "stdev": 613246.625
    },
    "spectral_strongpeak": {
        "max": 9.60175418854,
        "mean": 1.2123837471,
        "min": 0,
        "stdev": 1.22010743618
    },
    "zerocrossingrate": {
        "max": 0.22119140625,
        "mean": 0.0664562135935,
        "min": 0.0087890625,
        "stdev": 0.0265843290836
    },
    "barkbands": {
        "max": [0.000437900307588, 0.00123336014803, 0.000975674251094, 0.000751822721213, 0.0040064076893, 0.00342441676185, 0.029627006501, 0.0799003243446, 0.0293298270553, 0.0259193722159, 0.00850538257509, 0.0110350558534, 0.0137851573527, 0.0167826227844, 0.014272980392, 0.0132149495184, 0.00985904317349, 0.00853964779526, 0.00456767296419, 0.0011887968285, 0.00189823063556, 0.00105848151725, 0.000257482635789, 7.71806662669e-05, 2.68111222113e-07, 3.25779474508e-08, 3.34590666284e-08],
        "mean": [9.88607098407e-06, 0.000140955497045, 6.79077566019e-05, 4.68673715659e-05, 0.000234792110859, 0.000278404157143, 0.000874735240359, 0.00175333104562, 0.001024036319, 0.000577944156248, 0.000227125128731, 0.000300088548101, 0.000533236190677, 0.000437477661762, 0.000400865421398, 0.000386025843909, 0.000674871553201, 0.000626439170446, 0.000258213520283, 6.1746337451e-05, 6.42559607513e-05, 3.38140707754e-05, 1.08892663775e-05, 2.4494356694e-06, 5.69559510666e-08, 3.4796690529e-10, 3.64708041545e-10],
        "min": [2.45781226482e-08, 1.32661114094e-07, 2.35103776447e-08, 5.82486450185e-08, 2.58554209154e-08, 3.2412907558e-07, 1.18636066304e-07, 2.75859321164e-07, 1.39462116522e-07, 1.23714599454e-07, 7.06788370053e-08, 5.41354694406e-08, 9.46607769947e-09, 2.72073954477e-08, 5.32855572999e-08, 1.12212909187e-07, 2.18107317096e-07, 5.5420873224e-08, 2.48727332064e-08, 3.22747979453e-08, 8.21300893961e-09, 1.6034773509e-08, 9.58360057979e-09, 8.40997849139e-09, 8.21760171021e-09, 2.40886043751e-11, 3.30517661851e-11],
        "stdev": [2.29339857469e-05, 0.000187564772204, 0.000106209983642, 8.71416341397e-05, 0.00035813631257, 0.000422496348619, 0.00237831939012, 0.00652574980631, 0.00277023762465, 0.00192080449779, 0.000603434105869, 0.000843419402372, 0.00133141106926, 0.00122543727048, 0.00117193488404, 0.000900457787793, 0.0012848735787, 0.000976873910986, 0.000467850069981, 0.000129373685922, 0.000164155426319, 8.13995720819e-05, 2.37151180045e-05, 7.70005590311e-06, 2.51630485337e-08, 1.01666708385e-09, 1.05912878468e-09]
    },
    "erbbands": {
        "max": [0.0641300901771, 0.366238474846, 1.360683918, 1.30482566357, 5.10676383972, 21.0051498413, 19.1064014435, 37.415096283, 118.166023254, 1384.14831543, 961.078674316, 858.507141113, 1055.21520996, 637.500488281, 207.787384033, 344.601226807, 758.147827148, 518.46105957, 778.5078125, 661.251708984, 461.714263916, 449.716491699, 449.93637085, 375.9425354, 166.12008667, 66.2612991333, 93.7903518677, 60.4438934326, 21.94572258, 11.3360996246, 8.54039764404, 3.01274394989, 0.412546813488, 0.0171407349408, 0.00135917100124, 0.000194517895579, 7.10680396878e-05, 2.96775433526e-05, 6.57777927699e-05, 0.000139846437378],
        "mean": [0.00268358294852, 0.0360174737871, 0.0906192138791, 0.113678999245, 0.387731403112, 0.957676529884, 1.19066143036, 2.72172451019, 7.36593484879, 37.2713699341, 23.2114868164, 26.0867977142, 17.9952526093, 16.7410736084, 9.98804664612, 13.7077503204, 26.406747818, 20.4154262543, 26.234172821, 14.79570961, 27.9988746643, 34.3994750977, 37.8711700439, 21.8582992554, 7.68751192093, 3.16478919983, 2.89226770401, 2.29504156113, 1.15335512161, 0.530332922935, 0.283519238234, 0.107263833284, 0.0135461101308, 0.00134574843105, 0.000273034034763, 2.08102028409e-05, 7.40376344766e-06, 2.89917397822e-06, 5.73852867092e-06, 1.14073181976e-05],
        "min": [5.54965436095e-06, 5.84438166698e-05, 0.000225958036026, 0.000262150831986, 8.75971309142e-05, 0.000111918132461, 0.00129831908271, 0.00215256214142, 0.00211785803549, 0.00450715795159, 0.00511739077047, 0.00543168280274, 0.00486530410126, 0.00485208863392, 0.00382401212119, 0.00247273291461, 0.000686433515511, 0.000996372080408, 0.00283140572719, 0.00453599682078, 0.0107075655833, 0.0107921734452, 0.00308775273152, 0.00220025493763, 0.00135443860199, 0.00140269449912, 0.000568845309317, 0.000337226694683, 0.000672472990118, 0.000319358136039, 0.000256883504335, 0.000175920431502, 0.000144799661939, 8.81204978214e-05, 6.44689789624e-05, 2.87008901978e-06, 3.13782038575e-07, 7.75311548296e-08, 3.72468988985e-08, 4.62783944499e-08],
        "stdev": [0.00520644662902, 0.0468288175762, 0.138914600015, 0.162807136774, 0.561919033527, 1.66712713242, 1.87739694118, 4.14810752869, 11.8538322449, 130.910491943, 63.3390579224, 72.4566268921, 69.0990753174, 46.4603919983, 20.0653438568, 32.6611289978, 66.8586578369, 50.0593223572, 68.4883804321, 44.8540496826, 50.9961471558, 61.7098846436, 59.9997673035, 35.822555542, 14.2778377533, 6.77067375183, 7.92636823654, 5.14854288101, 2.34228754044, 1.15459382534, 0.662661969662, 0.307598352432, 0.0394737161696, 0.00152253266424, 0.000159222487127, 2.39708915615e-05, 1.01229015854e-05, 4.15750901084e-06, 8.08955155662e-06, 1.62596934388e-05]
    },
    "gfcc": {
        "mean": [-130.233276367, 140.591079712, -197.280349731, 35.5744628906, -61.1186828613, -13.2034931183, -23.6943664551, -3.41202068329, 6.35813522339, -18.8888702393, 4.59751176834, -10.1094226837, -5.14472341537],
        "cov": [[4274.74951172, -592.821960449, -1359.40344238, 49.8818130493, 0.769901573658, -333.682128906, 382.232849121, -277.814300537, 352.826385498, -144.439727783, -34.7346954346, 72.6497955322, -224.518966675], [-592.821960449, 735.91204834, 401.504455566, -320.047119141, 119.254776001, -9.84974098206, -104.732040405, 62.5245895386, -103.453308105, 17.6929779053, 53.6954460144, -7.49173116684, 39.6349449158], [-1359.40344238, 401.504455566, 789.35534668, 100.840606689, -20.0707511902, 188.32208252, -150.800354004, 61.4325790405, -108.503814697, 62.1960449219, 43.2023925781, -17.8096542358, 114.128738403], [49.8818130493, -320.047119141, 100.840606689, 649.953735352, 31.5259342194, 49.0239601135, -13.1940765381, -78.9001235962, 46.2807769775, 50.6411361694, -37.696472168, -18.0191822052, 59.0336761475], [0.769901573658, 119.254776001, -20.0707511902, 31.5259342194, 259.466247559, -47.6431732178, -79.2930831909, 33.1068458557, 37.0455131531, 44.5353126526, 7.14696788788, -21.330532074, -15.9784879684], [-333.682128906, -9.84974098206, 188.32208252, 49.0239601135, -47.6431732178, 305.354553223, 98.2297744751, 2.96660494804, -49.1140899658, 16.0960559845, 34.6790885925, 7.01939964294, 62.017162323], [382.232849121, -104.732040405, -150.800354004, -13.1940765381, -79.2930831909, 98.2297744751, 292.912353516, 66.8638763428, -17.7481594086, -54.8457450867, -0.581138849258, 44.4139862061, 6.46337795258], [-277.814300537, 62.5245895386, 61.4325790405, -78.9001235962, 33.1068458557, 2.96660494804, 66.8638763428, 178.920852661, 7.21502017975, -27.7187614441, 15.0046749115, 18.8005313873, -5.3635468483], [352.826385498, -103.453308105, -108.503814697, 46.2807769775, 37.0455131531, -49.1140899658, -17.7481594086, 7.21502017975, 162.514785767, 60.4089050293, 6.55700349808, -12.4461288452, -58.4662017822], [-144.439727783, 17.6929779053, 62.1960449219, 50.6411361694, 44.5353126526, 16.0960559845, -54.8457450867, -27.7187614441, 60.4089050293, 143.918365479, 32.1453514099, -33.9404640198, 11.8097162247], [-34.7346954346, 53.6954460144, 43.2023925781, -37.696472168, 7.14696788788, 34.6790885925, -0.581138849258, 15.0046749115, 6.55700349808, 32.1453514099, 69.7280578613, 27.4838409424, 1.78668165207], [72.6497955322, -7.49173116684, -17.8096542358, -18.0191822052, -21.330532074, 7.01939964294, 44.4139862061, 18.8005313873, -12.4461288452, -33.9404640198, 27.4838409424, 76.7864227295, 21.9662704468], [-224.518966675, 39.6349449158, 114.128738403, 59.0336761475, -15.9784879684, 62.017162323, 6.46337795258, -5.3635468483, -58.4662017822, 11.8097162247, 1.78668165207, 21.9662704468, 120.252189636]],
        "icov": [[0.00172665982973, -0.000542088004295, 0.00124491099268, -0.000203964373213, -0.000865278590936, 0.00168164202478, -0.00341504369862, 0.00472948607057, -0.00497029768303, 0.00450349459425, -0.00371885090135, 0.00189901143312, -0.00141712184995], [-0.000542088004295, 0.00768473325297, -0.00724857440218, 0.00519481906667, -0.00583271961659, 0.00439706910402, -0.00401351647452, 0.00387282902375, 0.000848021183629, 0.00146102125291, -0.00307720177807, 0.00261789816432, -0.00203365646303], [0.00124491099268, -0.00724857440218, 0.0105705680326, -0.00561657128856, 0.00628527440131, -0.0055310879834, 0.00565482536331, -0.00485596992075, -0.000407558312872, -0.00108602736145, 0.00101217499468, -0.00172277900856, 0.00081373291323], [-0.000203964373213, 0.00519481906667, -0.00561657128856, 0.00569017557427, -0.00478370860219, 0.00326982047409, -0.00400269078091, 0.00475928327069, -0.00159342167899, 0.00164321670309, -0.0010105521651, 0.00185990438331, -0.0027112250682], [-0.000865278590936, -0.00583271961659, 0.00628527440131, -0.00478370860219, 0.0107768354937, -0.00535761890933, 0.00850795675069, -0.00981717649847, 0.00411658827215, -0.00654333923012, 0.00523510621861, -0.00345999118872, 0.00318830180913], [0.00168164202478, 0.00439706910402, -0.0055310879834, 0.00326982047409, -0.00535761890933, 0.0113919461146, -0.0109676392749, 0.0107463588938, -0.00623534992337, 0.00774308945984, -0.0105479089543, 0.00715913064778, -0.00512657035142], [-0.00341504369862, -0.00401351647452, 0.00565482536331, -0.00400269078091, 0.00850795675069, -0.0109676392749, 0.0191498231143, -0.018513103947, 0.0128452340141, -0.0125633720309, 0.0126516958699, -0.00954179652035, 0.00551076512784], [0.00472948607057, 0.00387282902375, -0.00485596992075, 0.00475928327069, -0.00981717649847, 0.0107463588938, -0.018513103947, 0.0277065522969, -0.0182954594493, 0.0187312010676, -0.0158109795302, 0.00906882435083, -0.00694612972438], [-0.00497029768303, 0.000848021183629, -0.000407558312872, -0.00159342167899, 0.00411658827215, -0.00623534992337, 0.0128452340141, -0.0182954594493, 0.0278051178902, -0.0217413343489, 0.0141642671078, -0.0102937901393, 0.0111897625029], [0.00450349459425, 0.00146102125291, -0.00108602736145, 0.00164321670309, -0.00654333923012, 0.00774308945984, -0.0125633720309, 0.0187312010676, -0.0217413343489, 0.0307752750814, -0.0235944911838, 0.0180534068495, -0.0117413755506], [-0.00371885090135, -0.00307720177807, 0.00101217499468, -0.0010105521651, 0.00523510621861, -0.0105479089543, 0.0126516958699, -0.0158109795302, 0.0141642671078, -0.0235944911838, 0.0404857508838, -0.0236636251211, 0.0112814325839], [0.00189901143312, 0.00261789816432, -0.00172277900856, 0.00185990438331, -0.00345999118872, 0.00715913064778, -0.00954179652035, 0.00906882435083, -0.0102937901393, 0.0180534068495, -0.0236636251211, 0.03141412884, -0.0119943926111], [-0.00141712184995, -0.00203365646303, 0.00081373291323, -0.0027112250682, 0.00318830180913, -0.00512657035142, 0.00551076512784, -0.00694612972438, 0.0111897625029, -0.0117413755506, 0.0112814325839, -0.0119943926111, 0.0179774090648]]
    },
    "melbands": {
        "max": [0.000452687643701, 0.000617162731942, 0.000293379474897, 0.00104647467379, 0.000584698107559, 0.000753588567022, 0.00240598456003, 0.0165366884321, 0.00623020809144, 0.00521811889485, 0.00516975531355, 0.00276701129042, 0.000621423183475, 0.00148652913049, 0.00157955568284, 0.00138275616337, 0.00128237495665, 0.00113690108992, 0.000732852204237, 0.00123572233133, 0.00068501586793, 0.000646846019663, 0.000596134574153, 0.00038834658335, 0.000338028155966, 0.000147755868966, 8.87227288331e-05, 4.1479801439e-05, 9.12816176424e-05, 4.94530322612e-05, 4.61551571789e-05, 1.808801062e-05, 1.76794201252e-05, 5.24888946529e-06, 6.3914335442e-06, 2.53784764936e-06, 1.69009865658e-06, 3.84077878834e-07, 1.6649764234e-08, 3.61356966572e-09],
        "mean": [3.26786866935e-05, 4.76247696497e-05, 2.63293404714e-05, 5.14323837706e-05, 4.2286941607e-05, 5.99296399741e-05, 0.000124904297991, 0.000437002716353, 0.000171812149347, 0.000159178773174, 8.5319072241e-05, 6.82166864863e-05, 3.01406944345e-05, 3.57809076377e-05, 5.13642044098e-05, 4.52607091574e-05, 3.86565297958e-05, 4.3819181883e-05, 2.39892979153e-05, 1.95262527996e-05, 3.67025313608e-05, 3.45849985024e-05, 3.98435695388e-05, 2.93243138003e-05, 1.67520520336e-05, 7.44549197407e-06, 2.54533665611e-06, 1.87804016605e-06, 2.12097256735e-06, 1.23795655327e-06, 1.42604051234e-06, 7.62275192301e-07, 3.63118090263e-07, 2.57724536823e-07, 1.81055526127e-07, 9.42798266124e-08, 4.98459655773e-08, 9.59886659047e-09, 1.0990303112e-09, 7.71380237463e-10],
        "min": [5.89943667251e-08, 1.02405508073e-07, 4.25548982719e-08, 4.40453762351e-09, 3.32266196779e-08, 6.23209785999e-08, 3.36434382575e-08, 4.54593269694e-08, 3.32087566335e-08, 1.69712670584e-08, 1.83060322456e-08, 1.10467821557e-08, 1.0096283809e-08, 9.49412726214e-09, 2.4352995176e-09, 1.12478948378e-09, 1.85150261789e-09, 4.33190017191e-09, 4.19699253129e-09, 6.23089846385e-09, 1.06548032619e-08, 1.00467669739e-08, 2.006339761e-09, 2.58945154208e-09, 1.71811298522e-09, 8.35063906912e-10, 1.04974973159e-09, 9.60550750051e-10, 4.24255464093e-10, 2.23098206575e-10, 1.68653563337e-10, 4.20352003205e-10, 2.76535072619e-10, 1.47682532869e-10, 1.41815045818e-10, 1.5257616004e-10, 8.9333013209e-11, 1.1168496683e-10, 7.80425793434e-11, 7.14645287392e-11],
        "stdev": [4.83380426886e-05, 6.26523542451e-05, 3.25750479533e-05, 8.68712813826e-05, 6.07236470387e-05, 8.97279096534e-05, 0.00022919345065, 0.00156748562586, 0.000425744539825, 0.000459059374407, 0.000344591971952, 0.000195279077161, 6.49206122034e-05, 0.000101883873867, 0.000125432401546, 0.000112072906632, 0.000109342581709, 0.000117858937301, 6.9193985837e-05, 5.66610506212e-05, 6.88807849656e-05, 6.79531076457e-05, 7.66074444982e-05, 4.66502278869e-05, 2.98389531963e-05, 1.36733533509e-05, 6.44757938062e-06, 3.97121539208e-06, 6.56811880617e-06, 3.09177244162e-06, 3.50011441697e-06, 1.62171158991e-06, 9.36191383971e-07, 5.58292867936e-07, 4.42512970267e-07, 2.37879532961e-07, 1.59470857852e-07, 3.09450918223e-08, 1.20372489754e-09, 3.4807587368e-10]
    },
    "melbands128": {
        "max": [0.000397533323849, 0.000666556181386, 0.000636591867078, 0.00081738672452, 0.000894165830687, 0.00033416604856, 0.000281129847281, 0.000468690181151, 0.000534409715328, 0.00152663444169, 0.00145385053474, 0.00128367519937, 0.000911570677999, 0.00107084447518, 0.00143223605119, 0.00163968699053, 0.00203302851878, 0.00332307210192, 0.00794363580644, 0.021159818396, 0.0332829281688, 0.0138917993754, 0.00462114159018, 0.00830663461238, 0.0107741830871, 0.0103377541527, 0.0109368562698, 0.00972804427147, 0.00240377755836, 0.00495825149119, 0.00386275490746, 0.00165307905991, 0.00105564959813, 0.00136923906393, 0.00304814730771, 0.00181843072642, 0.00129625643604, 0.00359357590787, 0.00260169361718, 0.00350273121148, 0.00177947967313, 0.00128336646594, 0.00216589029878, 0.00332465325482, 0.00250926124863, 0.0017036307836, 0.00276135769673, 0.00120094930753, 0.000899708771612, 0.0024247141555, 0.00212182337418, 0.000726261991076, 0.000806695024949, 0.00186444353312, 0.00173567875754, 0.00101661798544, 0.00123218039516, 0.00157425005455, 0.00126366934273, 0.000835738086607, 0.000808424840216, 0.000399489072151, 0.000463014497655, 0.000522674934473, 0.000302150583593, 0.000156802329002, 0.000270595250186, 0.000248257245403, 5.40525797987e-05, 0.00013135781046, 9.42028636928e-05, 8.80865190993e-05, 6.98050207575e-05, 0.000171337611391, 6.62889215164e-05, 0.000105704544694, 5.50546756131e-05, 3.31538576575e-05, 4.94449195685e-05, 9.65220897342e-05, 1.63612530741e-05, 1.29962072606e-05, 1.80092920345e-05, 3.29185277224e-05, 1.51680424096e-05, 7.07825256541e-06, 8.20350578579e-06, 3.99451846533e-06, 1.16000946946e-05, 6.21435174253e-06, 2.5134063435e-06, 3.13904365612e-06, 5.01878412251e-06, 2.24938912652e-06, 1.02869978491e-06, 4.87139629968e-07, 6.03398461863e-07, 3.07409813161e-08, 9.60070156708e-09, 7.26074311785e-09, 4.65105953751e-09, 3.76405129288e-09, 3.26807469975e-09, 3.30482263777e-09, 8.5450763132e-10, 2.76861700232e-10, 2.5921825797e-10, 2.42345504775e-10, 2.29367164151e-10, 2.19297663362e-10, 2.09111949978e-10, 1.95704966122e-10, 1.88965662562e-10, 1.81617013095e-10, 1.71910582991e-10, 1.64580418738e-10, 1.63361324468e-10, 1.5400766773e-10, 1.53177623363e-10, 1.51046022911e-10, 1.45823894626e-10, 1.38882932932e-10, 1.37417049961e-10, 1.36095593128e-10, 1.33035416017e-10, 1.32826541432e-10, 1.31189337171e-10, 1.30074243043e-10],
        "mean": [6.2073436311e-06, 1.58156835823e-05, 4.24843783549e-05, 6.71232701279e-05, 5.60750886507e-05, 2.79866053461e-05, 2.00630656764e-05, 2.52574845945e-05, 3.28756214003e-05, 6.44676620141e-05, 5.58235296921e-05, 3.7563193473e-05, 3.35958611686e-05, 5.298258111e-05, 6.08038171777e-05, 6.18478370598e-05, 7.55421424401e-05, 0.000120559074276, 0.000181156850886, 0.000499343266711, 0.00059712107759, 0.000189119527931, 9.63740167208e-05, 0.000150831474457, 0.000205959819141, 0.000153207874973, 8.32777805044e-05, 0.000100644494523, 4.8356672778e-05, 9.0255845862e-05, 7.18245646567e-05, 3.35591976182e-05, 2.07246230275e-05, 3.21890038322e-05, 4.15216927649e-05, 3.61096608685e-05, 2.8193295293e-05, 3.17073718179e-05, 9.11335009732e-05, 6.76823183312e-05, 2.77181698038e-05, 2.06018812605e-05, 3.75848576368e-05, 5.09061537741e-05, 4.12951194448e-05, 4.33247441833e-05, 5.03428818774e-05, 1.90185364772e-05, 1.48044364323e-05, 1.94852709683e-05, 1.57704707817e-05, 2.40175904764e-05, 3.52309798473e-05, 4.16874754592e-05, 4.48480859632e-05, 2.71071294264e-05, 2.87355214823e-05, 5.13828454132e-05, 3.67151042155e-05, 3.42270250258e-05, 3.33187854267e-05, 2.1016177925e-05, 2.07729917747e-05, 1.59149822139e-05, 9.97536972136e-06, 7.48154616304e-06, 6.20656783212e-06, 2.40478402702e-06, 1.79008770829e-06, 2.3816214707e-06, 1.58651857873e-06, 2.02617775358e-06, 2.00973681785e-06, 2.72150168712e-06, 1.10209248305e-06, 1.38534062444e-06, 1.21073412629e-06, 1.14121257866e-06, 1.50738696902e-06, 1.83794895747e-06, 6.8682015808e-07, 4.56276552541e-07, 3.8219104681e-07, 3.93929070697e-07, 3.19399390492e-07, 2.62290541286e-07, 2.62015646513e-07, 1.82457370101e-07, 2.09562642794e-07, 1.46356100572e-07, 1.02237315502e-07, 7.21854718222e-08, 9.35247328471e-08, 5.46957075187e-08, 2.3751240974e-08, 1.23160557308e-08, 8.36689295625e-09, 1.36821676211e-09, 9.27701693243e-10, 8.3478074453e-10, 7.78202502438e-10, 7.64871777026e-10, 7.59477536416e-10, 6.42264574857e-10, 1.20772822298e-10, 2.869158253e-12, 2.66827705764e-12, 2.48260353247e-12, 2.38613404209e-12, 2.28841273188e-12, 2.20264106433e-12, 2.12075864682e-12, 2.04810582556e-12, 1.97370375252e-12, 1.90495882957e-12, 1.85262395702e-12, 1.80751225619e-12, 1.71657805158e-12, 1.67169468372e-12, 1.63232578496e-12, 1.58731838437e-12, 1.55507529596e-12, 1.53590345737e-12, 1.50215972473e-12, 1.42605350271e-12, 1.31861134425e-12, 1.25630473906e-12, 1.24203501217e-12],
        "min": [3.41121492164e-10, 1.55513575351e-08, 3.14691916969e-08, 1.24253336509e-08, 2.04093826284e-08, 9.27784604698e-09, 2.09438066889e-08, 1.91268103578e-08, 4.90951190812e-09, 8.57694471001e-10, 5.00586461172e-09, 9.47446743282e-09, 8.79347084037e-09, 2.31474963641e-08, 8.0486657339e-09, 1.53199160025e-08, 1.09116724545e-08, 1.50186902914e-08, 3.3947220146e-08, 3.0978696941e-08, 4.38176890327e-08, 5.01241324002e-08, 1.49412713313e-08, 1.42659004609e-08, 1.66714464456e-08, 4.74477301893e-09, 5.27450927379e-09, 4.18698009597e-09, 1.07949045258e-08, 1.35588322792e-08, 2.76343259387e-09, 1.85713688872e-09, 2.7587967466e-09, 7.92241827696e-09, 3.01566682737e-09, 5.03285146891e-09, 3.56411344882e-09, 1.6195673691e-09, 8.20991830075e-10, 1.96113147943e-09, 5.65805569064e-10, 9.36602573276e-10, 2.09579065213e-09, 1.77872272467e-09, 1.54141588382e-09, 4.55233806207e-09, 5.03506436544e-09, 3.57391538586e-09, 1.74668646213e-09, 4.88164664247e-09, 4.83763518133e-09, 5.21112086815e-09, 3.2652902604e-09, 3.46080186731e-09, 2.49033593747e-09, 6.63167298853e-10, 1.40153721961e-09, 1.2142183925e-09, 2.59573296191e-09, 3.08097680701e-09, 1.67532832052e-09, 3.39651595738e-09, 2.69238986661e-09, 1.06223729812e-09, 1.83242754304e-10, 1.11306464046e-09, 9.73499503232e-10, 8.51563597415e-10, 1.48595935556e-09, 5.92668802923e-10, 8.16571088524e-10, 1.52051660152e-09, 4.97078822548e-10, 2.30469421325e-10, 1.9681824226e-10, 2.62151605979e-10, 2.3546584127e-10, 1.36207919943e-10, 1.24894261599e-10, 1.76961945098e-10, 5.2477300283e-10, 4.85487317015e-10, 3.18900156282e-10, 3.43630512933e-10, 1.25285032349e-10, 1.34788818995e-10, 1.61047300495e-10, 1.47522716265e-10, 1.44571563054e-10, 1.28998992044e-10, 1.67246216876e-10, 1.79741596606e-10, 9.10056474623e-11, 7.15280057406e-11, 8.79502720652e-11, 1.37974409675e-10, 1.03020911246e-10, 9.83650452757e-11, 8.41630029558e-11, 5.79350699359e-11, 8.13725128945e-11, 6.11451930754e-11, 7.89995222017e-11, 9.66029270466e-11, 6.61695828338e-12, 1.12989099414e-13, 8.64783640748e-14, 1.05451285453e-13, 9.36574968513e-14, 9.41047980101e-14, 6.92993297295e-14, 8.19030580119e-14, 9.21129830939e-14, 9.75941604007e-14, 8.73484769758e-14, 9.56987242814e-14, 1.06086661808e-13, 8.79044694023e-14, 9.42353088466e-14, 9.50391837711e-14, 9.47629561626e-14, 6.92259834525e-14, 1.09622719431e-13, 1.01239376854e-13, 6.13697799718e-14, 2.82962604628e-14, 3.8790733558e-15, 1.31246061111e-16],
        "stdev": [1.842927486e-05, 4.10734974139e-05, 7.74123836891e-05, 9.09241862246e-05, 9.11612660275e-05, 4.20923679485e-05, 3.404502786e-05, 5.07209224452e-05, 5.03518276673e-05, 0.000137859417009, 0.00010894958541, 7.91759739514e-05, 7.10995154805e-05, 0.000114447866508, 0.000125244783703, 0.000139559313538, 0.000150238527567, 0.00028526186361, 0.000526381714735, 0.00201230309904, 0.00261997291818, 0.000750398728997, 0.000318810984027, 0.000523893802892, 0.000710544351023, 0.000662536127493, 0.000472100684419, 0.00061359553365, 0.000192842649994, 0.00032730033854, 0.000251497083809, 0.000127207516925, 6.94459595252e-05, 8.85725239641e-05, 0.00016887835227, 0.00012773644994, 0.000103704260255, 0.00015554644051, 0.000267593859462, 0.000229901881539, 0.000101291341707, 6.98211006238e-05, 0.000136339120218, 0.000218791508814, 0.000169635022758, 0.000142717646668, 0.000179230846697, 6.05777167948e-05, 5.41020162927e-05, 0.000107962543552, 6.23451851425e-05, 5.77172941121e-05, 8.66618502187e-05, 0.000115733411803, 0.000134553905809, 7.79960173531e-05, 8.32806763356e-05, 0.000143297947943, 8.39686399559e-05, 6.85472841724e-05, 7.01587923686e-05, 4.24752761319e-05, 4.35610345448e-05, 3.79193224944e-05, 2.31909070862e-05, 1.49745264935e-05, 1.63090644492e-05, 1.11715107778e-05, 4.72802184959e-06, 8.61706939759e-06, 4.31419175584e-06, 5.14647990713e-06, 5.75458352614e-06, 1.126382449e-05, 3.49507467945e-06, 5.21775291418e-06, 3.53323252966e-06, 2.79593541563e-06, 4.05692298955e-06, 6.06861976848e-06, 1.55040038408e-06, 9.87166913546e-07, 1.04696152903e-06, 1.372487759e-06, 8.79363483364e-07, 6.01266094691e-07, 6.71853342737e-07, 3.94854282604e-07, 6.54719769955e-07, 4.21144591201e-07, 2.67987786629e-07, 2.18417568476e-07, 3.48626656432e-07, 1.9010566632e-07, 8.55949124912e-08, 4.28033537503e-08, 3.24591731271e-08, 2.04208716603e-09, 7.47839734583e-10, 5.45109402061e-10, 4.4376036179e-10, 3.96168292616e-10, 3.67522123845e-10, 3.25878990459e-10, 8.98662325111e-11, 8.36283646499e-12, 7.92766980534e-12, 7.46122694878e-12, 7.10436397211e-12, 6.78571478521e-12, 6.48277525411e-12, 6.14557970485e-12, 5.9179137285e-12, 5.69772137457e-12, 5.44776680364e-12, 5.23934498217e-12, 5.13654310058e-12, 4.92054487433e-12, 4.83458368825e-12, 4.73799818823e-12, 4.59936125644e-12, 4.43798643668e-12, 4.36895918748e-12, 4.3082625141e-12, 4.22917603715e-12, 4.19833222007e-12, 4.15527508235e-12, 4.12668553842e-12]
    },
    "mfcc": {
        "mean": [-742.229187012, 148.531890869, -62.5625228882, 33.0584259033, -15.5659542084, -3.65865015984, -21.729259491, 14.0414733887, -7.26858234406, -0.62980723381, 8.06062507629, 6.788813591, -4.91899585724],
        "cov": [[5173.02880859, -866.840515137, -1510.46166992, 249.710632324, -610.652526855, 277.756561279, -390.742126465, 302.246765137, -165.024078369, 198.382675171, -71.6557159424, 130.921066284, -199.551315308], [-866.840515137, 1110.87158203, 182.817993164, -332.81640625, 199.478744507, -264.831329346, 90.2924118042, -93.9051055908, 1.10363161564, -177.006774902, 133.926757812, -36.9768409729, 66.3912277222], [-1510.46166992, 182.817993164, 864.427001953, -5.10690069199, 136.80770874, 70.7390441895, 137.506973267, -68.922706604, 27.4873943329, -12.6157197952, -83.1561737061, -21.0920238495, 52.4970779419], [249.710632324, -332.81640625, -5.10690069199, 443.025695801, 94.7576675415, 67.4655914307, -69.1604156494, -49.6389770508, 25.2631092072, 60.2773857117, -68.3630142212, -27.264333725, 31.2196731567], [-610.652526855, 199.478744507, 136.80770874, 94.7576675415, 381.467407227, -19.0006389618, -61.8997497559, -132.185943604, -2.80212545395, 5.26458024979, 38.5056114197, -22.0362129211, 46.8141288757], [277.756561279, -264.831329346, 70.7390441895, 67.4655914307, -19.0006389618, 277.031799316, 24.4710884094, -25.2586803436, -13.0675468445, 85.9462509155, -47.7893333435, 4.13549661636, -8.1008644104], [-390.742126465, 90.2924118042, 137.506973267, -69.1604156494, -61.8997497559, 24.4710884094, 249.452682495, 77.7235870361, 52.8169136047, -25.1289157867, -26.7634410858, -4.64192676544, 17.9835624695], [302.246765137, -93.9051055908, -68.922706604, -49.6389770508, -132.185943604, -25.2586803436, 77.7235870361, 254.630630493, 24.1136417389, -31.4569168091, 17.0849094391, 41.1037483215, -44.7788963318], [-165.024078369, 1.10363161564, 27.4873943329, 25.2631092072, -2.80212545395, -13.0675468445, 52.8169136047, 24.1136417389, 98.3588256836, 28.9003353119, -1.27669584751, -1.54668271542, 12.8749504089], [198.382675171, -177.006774902, -12.6157197952, 60.2773857117, 5.26458024979, 85.9462509155, -25.1289157867, -31.4569168091, 28.9003353119, 150.081497192, 3.81442975998, 13.5926103592, -0.977758228779], [-71.6557159424, 133.926757812, -83.1561737061, -68.3630142212, 38.5056114197, -47.7893333435, -26.7634410858, 17.0849094391, -1.27669584751, 3.81442975998, 178.043045044, 41.6789703369, 2.94634246826], [130.921066284, -36.9768409729, -21.0920238495, -27.264333725, -22.0362129211, 4.13549661636, -4.64192676544, 41.1037483215, -1.54668271542, 13.5926103592, 41.6789703369, 113.235641479, 17.0229454041], [-199.551315308, 66.3912277222, 52.4970779419, 31.2196731567, 46.8141288757, -8.1008644104, 17.9835624695, -44.7788963318, 12.8749504089, -0.977758228779, 2.94634246826, 17.0229454041, 95.4481582642]],
        "icov": [[0.00264420360327, -0.00311940954998, 0.00420411862433, -0.00309359375387, 0.00349365221336, -0.00419558165595, 0.00365100265481, -0.00380341242999, 0.0035613970831, -0.00400005979463, 0.00397218810394, -0.0028664637357, 0.00172292871866], [-0.00311940954998, 0.00645844452083, -0.00524247437716, 0.00542858336121, -0.00530709791929, 0.00649495283142, -0.00525651033968, 0.00563083961606, -0.00461008958519, 0.00651383353397, -0.00605951668695, 0.00435640057549, -0.00302129052579], [0.00420411862433, -0.00524247437716, 0.00827326532453, -0.00486983777955, 0.00494050094858, -0.00717367976904, 0.00502065429464, -0.00586428726092, 0.00552035216242, -0.00633235741407, 0.00722273951396, -0.00485750939697, 0.00258321408182], [-0.00309359375387, 0.00542858336121, -0.00486983777955, 0.00794931408018, -0.00571392197162, 0.00517603009939, -0.00362594472244, 0.00454305671155, -0.00555509887636, 0.00519601115957, -0.00408325204626, 0.00466414261609, -0.00401228712872], [0.00349365221336, -0.00530709791929, 0.00494050094858, -0.00571392197162, 0.0091418735683, -0.00588863436133, 0.00584140280262, -0.00398113718256, 0.00471529271454, -0.00564228370786, 0.00419068383053, -0.00365417194553, 0.00202384358272], [-0.00419558165595, 0.00649495283142, -0.00717367976904, 0.00517603009939, -0.00588863436133, 0.0129924304783, -0.00781802088022, 0.00711821950972, -0.00325266574509, 0.00383574329317, -0.00614743307233, 0.0044700531289, -0.00236283265986], [0.00365100265481, -0.00525651033968, 0.00502065429464, -0.00362594472244, 0.00584140280262, -0.00781802088022, 0.0123126031831, -0.00771922431886, 0.00146689475514, -0.00460447790101, 0.00640767579898, -0.00298236915842, 0.000333219533786], [-0.00380341242999, 0.00563083961606, -0.00586428726092, 0.00454305671155, -0.00398113718256, 0.00711821950972, -0.00771922431886, 0.0127963880077, -0.00668977526948, 0.00812748540193, -0.00699421437457, 0.00162921263836, 0.000796516076662], [0.0035613970831, -0.00461008958519, 0.00552035216242, -0.00555509887636, 0.00471529271454, -0.00325266574509, 0.00146689475514, -0.00668977526948, 0.0196158569306, -0.0105434581637, 0.00536930840462, -0.00300745037384, 0.00104620400816], [-0.00400005979463, 0.00651383353397, -0.00633235741407, 0.00519601115957, -0.00564228370786, 0.00383574329317, -0.00460447790101, 0.00812748540193, -0.0105434581637, 0.0178588014096, -0.00791028048843, 0.00338456081226, -0.00209129881114], [0.00397218810394, -0.00605951668695, 0.00722273951396, -0.00408325204626, 0.00419068383053, -0.00614743307233, 0.00640767579898, -0.00699421437457, 0.00536930840462, -0.00791028048843, 0.0144800888374, -0.00709991995245, 0.00283069652505], [-0.0028664637357, 0.00435640057549, -0.00485750939697, 0.00466414261609, -0.00365417194553, 0.0044700531289, -0.00298236915842, 0.00162921263836, -0.00300745037384, 0.00338456081226, -0.00709991995245, 0.0153343025595, -0.00645440770313], [0.00172292871866, -0.00302129052579, 0.00258321408182, -0.00401228712872, 0.00202384358272, -0.00236283265986, 0.000333219533786, 0.000796516076662, 0.00104620400816, -0.00209129881114, 0.00283069652505, -0.00645440770313, 0.0160910207778]]
    },
    "spectral_contrast_coeffs": {
        "max": [-0.486704438925, -0.339260458946, -0.502588331699, -0.543056666851, -0.526144385338, -0.543281674385],
        "mean": [-0.729127883911, -0.710859954357, -0.73654872179, -0.748728275299, -0.723447024822, -0.69715744257],
        "min": [-0.90160036087, -0.92614197731, -0.905693113804, -0.913605511189, -0.921577572823, -0.905672430992],
        "stdev": [0.0649409592152, 0.101292550564, 0.069576151669, 0.0560137033463, 0.0702544748783, 0.0743246003985]
    },
    "spectral_contrast_valleys": {
        "max": [-6.62313270569, -5.7466583252, -6.0539188385, -5.87647104263, -6.23009061813, -11.129981041],
        "mean": [-8.34816551208, -7.52978658676, -8.36304283142, -8.36247730255, -8.45384025574, -12.5298013687],
        "min": [-10.4432573318, -9.974360466, -11.0360898972, -11.3791475296, -11.3394498825, -14.0676488876],
        "stdev": [0.636707901955, 0.667921304703, 0.753584802151, 0.852904856205, 0.909432053566, 0.352844804525]
    }
},
"rhythm": {
    "beats_count": 87,
    "beats_loudness": {
        "max": 0.113183818758,
        "mean": 0.0115087637678,
        "min": 0.000153183907969,
        "stdev": 0.015911899507
    },
    "bpm": 104.544021606,
    "bpm_histogram_first_peak_bpm": 103,
    "bpm_histogram_first_peak_weight": 0.416666686535,
    "bpm_histogram_second_peak_bpm": 96,
    "bpm_histogram_second_peak_spread": 0.5,
    "bpm_histogram_second_peak_weight": 0.104651160538,
    "danceability": 0.898629426956,
    "onset_rate": 2.419921875,
    "beats_loudness_band_ratio": {
        "max": [0.501921594143, 0.519222319126, 0.898769319057, 0.538718640804, 0.836070537567, 0.802932202816],
        "mean": [0.0855648070574, 0.110754355788, 0.394631922245, 0.161197200418, 0.238474816084, 0.0501838326454],
        "min": [0.000280536682112, 0.00130928342696, 0.00484875123948, 0.0016828328371, 0.00763568142429, 0.00109451275785],
        "stdev": [0.105183526874, 0.116432338953, 0.223183467984, 0.123419947922, 0.183624088764, 0.0970676317811]
    },
