{
"metadata": {
    "version": {
        "essentia": "2.1-beta5",
        "essentia_git_sha": "Undefined",
        "extractor": "music 2.0"
    },
    "audio_properties": {
        "analysis": {
            "equal_loudness": 0,
            "length": 48.7502937317,
            "sample_rate": 44100,
            "start_time": 191.4949646,
            "downmix": "mix"
        },
        "bit_rate": 192000,
        "length": 301.67364502,
        "lossless": 0,
        "number_channels": 2,
        "replay_gain": 2.05977058411,
        "sample_rate": 44100,
        "codec": "mp3",
        "md5_encoded": "8facb120664ac5e1c5ed54f1960067d3"
    },
    "tags": {
        "file_name": "Italy_Romantica_Renato Rascel.mp3",
        "encoding": ["Lavf58.29.100"]
    }
},
"lowlevel": {
    "average_loudness": 0.962406814098,
    "barkbands_crest": {
        "max": 25.3379802704,
        "mean": 11.7288570404,
        "min": 3.32701349258,
        "stdev": 4.67913389206
    },
    "barkbands_flatness_db": {
        "max": 0.386439681053,
        "mean": 0.243618637323,
        "min": 0.0418728552759,
        "stdev": 0.0461186058819
    },
    "barkbands_kurtosis": {
        "max": 109.711853027,
        "mean": 3.57251906395,
        "min": -1.56181097031,
        "stdev": 6.6170964241
    },
    "barkbands_skewness": {
        "max": 9.23709201813,
        "mean": 1.11022472382,
        "min": -1.04964137077,
        "stdev": 1.109598279
    },
    "barkbands_spread": {
        "max": 35.7377929688,
        "mean": 7.94870185852,
        "min": 1.00698816776,
        "stdev": 4.8191242218
    },
    "dissonance": {
        "max": 0.499097943306,
        "mean": 0.407727301121,
        "min": 0.172371089458,
        "stdev": 0.0629027038813
    },
    "dynamic_complexity": 2.03830051422,
    "erbbands_crest": {
        "max": 30.8958148956,
        "mean": 12.0640506744,
        "min": 3.40458393097,
        "stdev": 4.68965911865
    },
    "erbbands_flatness_db": {
        "max": 0.407511085272,
        "mean": 0.291534274817,
        "min": 0.0978770703077,
        "stdev": 0.0408246181905
    },
    "erbbands_kurtosis": {
        "max": 28.2047710419,
        "mean": 1.24306750298,
        "min": -1.74085354805,
        "stdev": 2.56931495667
    },
    "erbbands_skewness": {
        "max": 4.32053995132,
        "mean": 0.537409245968,
        "min": -1.94384586811,
        "stdev": 0.761993825436
    },
    "erbbands_spread": {
        "max": 65.1916885376,
        "mean": 15.6112680435,
        "min": 1.8102170229,
        "stdev": 9.0604839325
    },
    "hfc": {
        "max": 59.4259109497,
        "mean": 19.6284618378,
        "min": 0.00203684391454,
        "stdev": 10.9516038895
    },
    "loudness_ebu128": {
        "integrated": -25.7681255341,
        "loudness_range": 1.98023986816,
        "momentary": {
            "max": -22.7735862732,
            "mean": -26.1683826447,
            "min": -41.6673278809,
            "stdev": 2.09529566765
        },
        "short_term": {
            "max": -24.6417655945,
            "mean": -25.8319568634,
            "min": -28.1125087738,
            "stdev": 0.741500735283
        }
    },
    "melbands_crest": {
        "max": 31.8181762695,
        "mean": 13.5543365479,
        "min": 4.33847236633,
        "stdev": 5.57053184509
    },
    "melbands_flatness_db": {
        "max": 0.448962807655,
        "mean": 0.300394058228,
        "min": 0.108371637762,
        "stdev": 0.0513250976801
    },
    "melbands_kurtosis": {
        "max": 155.347793579,
        "mean": 5.11769151688,
        "min": -1.51708579063,
        "stdev": 9.32680130005
    },
    "melbands_skewness": {
        "max": 9.12190055847,
        "mean": 1.31154417992,
        "min": -1.30970275402,
        "stdev": 1.23358631134
    },
    "melbands_spread": {
        "max": 60.5891685486,
        "mean": 12.7382030487,
        "min": 1.34726274014,
        "stdev": 8.14211177826
    },
    "pitch_salience": {
        "max": 0.850681841373,
        "mean": 0.558989048004,
        "min": 0.149235725403,
        "stdev": 0.115199096501
    },
    "silence_rate_20dB": {
        "max": 1,
        "mean": 1,
        "min": 1,
        "stdev": 0
    },
    "silence_rate_30dB": {
        "max": 1,
        "mean": 0.999048054218,
        "min": 0,
        "stdev": 0.0308387521654
    },
    "silence_rate_60dB": {
        "max": 1,
        "mean": 0.0223702993244,
        "min": 0,
        "stdev": 0.147882759571
    },
    "spectral_centroid": {
        "max": 2601.1496582,
        "mean": 826.517456055,
        "min": 278.424438477,
        "stdev": 337.586242676
    },
    "spectral_complexity": {
        "max": 29,
        "mean": 14.2508325577,
        "min": 0,
        "stdev": 5.38525152206
    },
    "spectral_decrease": {
        "max": -3.48747343937e-13,
        "mean": -7.07676317546e-09,
        "min": -3.07329308669e-08,
        "stdev": 3.89544396739e-09
    },
    "spectral_energy": {
        "max": 0.119764335454,
        "mean": 0.0284897089005,
        "min": 1.5010016341e-06,
        "stdev": 0.0154859088361
    },
    "spectral_energyband_high": {
        "max": 0.000230506440857,
        "mean": 1.27851508296e-05,
        "min": 1.11829997707e-07,
        "stdev": 1.62078686117e-05
    },
    "spectral_energyband_low": {
        "max": 0.0057033309713,
        "mean": 0.000188022837392,
        "min": 1.16003832318e-07,
        "stdev": 0.000306552625261
    },
    "spectral_energyband_middle_high": {
        "max": 0.0460580848157,
        "mean": 0.00880455877632,
        "min": 4.35229111417e-07,
        "stdev": 0.00794097874314
    },
    "spectral_energyband_middle_low": {
        "max": 0.112138241529,
        "mean": 0.0199924055487,
        "min": 8.44031319502e-07,
        "stdev": 0.0148648666218
    },
    "spectral_entropy": {
        "max": 8.7146320343,
        "mean": 6.50564479828,
        "min": 5.02763319016,
        "stdev": 0.421156257391
    },
    "spectral_flux": {
        "max": 0.218594223261,
        "mean": 0.0698522776365,
        "min": 0.00490354979411,
        "stdev": 0.0306287631392
    },
    "spectral_kurtosis": {
        "max": 55.2672920227,
        "mean": 22.1770877838,
        "min": 2.56664705276,
        "stdev": 9.78148174286
    },
    "spectral_rms": {
        "max": 0.0108094057068,
        "mean": 0.00505405245349,
        "min": 3.82673715649e-05,
        "stdev": 0.00150045531336
    },
    "spectral_rolloff": {
        "max": 3337.64648438,
        "mean": 1037.28320312,
        "min": 258.3984375,
        "stdev": 477.579772949
    },
    "spectral_skewness": {
        "max": 6.1160531044,
        "mean": 3.3387234211,
        "min": 0.858425080776,
        "stdev": 0.937448203564
    },
    "spectral_spread": {
        "max": 24568108,
        "mean": 2063961,
        "min": 1269200.125,
        "stdev": 749197.375
    },
    "spectral_strongpeak": {
        "max": 7.35752677917,
        "mean": 2.10557675362,
        "min": 0.000828529708087,
        "stdev": 1.41790401936
    },
    "zerocrossingrate": {
        "max": 0.09814453125,
        "mean": 0.0376380942762,
        "min": 0.01220703125,
        "stdev": 0.012501901947
    },
    "barkbands": {
        "max": [3.71484093193e-05, 0.000658089586068, 0.00162969436496, 0.0055438154377, 0.0975139141083, 0.0312869623303, 0.0550872795284, 0.0976882651448, 0.0638611465693, 0.042274300009, 0.0224421024323, 0.0274321176112, 0.0131605230272, 0.0112848393619, 0.00458619697019, 0.00622420292348, 0.00464490521699, 0.00186401745304, 0.0024920431897, 0.000537946762051, 3.30149960064e-05, 4.62282105218e-06, 1.26039492443e-06, 1.77147899194e-06, 3.04730087919e-06, 2.36388700614e-06, 1.91808283034e-07],
        "mean": [5.01876274939e-06, 3.43848296325e-05, 5.76861384616e-05, 0.000263429479674, 0.00556633155793, 0.00255323108286, 0.00311538530514, 0.00463858386502, 0.00309317745268, 0.00330878142267, 0.00129473337438, 0.00155018619262, 0.00109798950143, 0.000760703755077, 0.000340983009664, 0.000341556646163, 0.000223592040129, 0.000122875790112, 9.63627608144e-05, 1.80133465619e-05, 2.55404620475e-06, 6.43060104721e-07, 4.9345055686e-07, 8.76052808962e-07, 1.69857582932e-06, 4.56823840977e-07, 1.71199421306e-09],
        "min": [3.85738907482e-08, 6.2372222942e-08, 2.46287754635e-08, 9.22651732793e-09, 8.41461513801e-08, 2.90742946163e-07, 1.78230678216e-07, 7.70009762618e-08, 1.73759346467e-07, 1.60096590207e-07, 6.08584258543e-08, 5.746610654e-08, 3.85978680129e-08, 2.08229167242e-08, 1.80385519855e-08, 2.11762944957e-08, 2.37991635288e-08, 1.78962125119e-08, 2.0740126061e-08, 1.93202573939e-08, 7.77467601409e-09, 9.6069276978e-09, 1.22252030721e-08, 2.08798969226e-08, 4.01477961987e-08, 8.22921997212e-09, 2.98096519691e-10],
        "stdev": [3.3084622828e-06, 4.79729460494e-05, 0.000111583540274, 0.000498586974572, 0.00798370502889, 0.00373192154802, 0.00553067680448, 0.00953538715839, 0.0059588230215, 0.00541685475037, 0.00229059578851, 0.00254061562009, 0.00180545449257, 0.001412277692, 0.000569544557948, 0.000664194405545, 0.000392396643292, 0.00019789543876, 0.000216120039113, 3.06861911668e-05, 3.40696124113e-06, 3.56267577217e-07, 1.21979596202e-07, 1.86152504966e-07, 3.18234583574e-07, 1.12936774599e-07, 6.2992868699e-09]
    },
    "erbbands": {
        "max": [0.0139328446239, 0.160005658865, 1.09647214413, 13.8069858551, 103.184684753, 504.498321533, 514.087463379, 289.479522705, 960.75, 1782.76135254, 1520.5246582, 1641.4140625, 1647.73535156, 869.787475586, 967.437927246, 744.573425293, 701.728942871, 742.326843262, 515.127624512, 240.716461182, 350.004119873, 316.547424316, 126.559654236, 176.676879883, 42.0831108093, 14.4968957901, 3.14415097237, 0.677048444748, 0.196698620915, 0.0449184700847, 0.0427077896893, 0.0406298302114, 0.0355171188712, 0.034525949508, 0.0245207119733, 0.011150887236, 0.00426890235394, 0.000886939116754, 5.6457323808e-05, 0.000132957400638],
        "mean": [0.000667946704198, 0.00952860154212, 0.0558363609016, 0.54371881485, 4.64656829834, 21.7505912781, 28.7762336731, 22.1920890808, 40.2486381531, 73.734375, 88.4203414917, 63.6631126404, 102.399765015, 75.0986709595, 59.4259414673, 49.8307647705, 52.3541679382, 41.4378089905, 26.1112804413, 17.2448444366, 19.1836223602, 13.8257818222, 7.33386230469, 6.5854678154, 2.50880694389, 0.705733537674, 0.228654012084, 0.0573626942933, 0.0231187157333, 0.0189964342862, 0.0147405359894, 0.0156495999545, 0.0168172232807, 0.0181591287255, 0.0120063861832, 0.00369966821745, 0.000499989953823, 2.31721387536e-05, 1.52274669745e-05, 3.2983301935e-05],
        "min": [2.62864409706e-06, 1.11256067612e-05, 2.57811643678e-05, 3.89449342038e-05, 5.99257036811e-05, 0.000370424590074, 0.00102866184898, 0.00282995169982, 0.00304493447766, 0.00137522537261, 0.00311883236282, 0.00381741416641, 0.00365495844744, 0.00479916250333, 0.00200014701113, 0.0024097643327, 0.00181410112418, 0.00102926348336, 0.00124711042736, 0.00116845453158, 0.00104915106203, 0.00129368784837, 0.0010968844872, 0.000999381532893, 0.00105296017136, 0.000822819711175, 0.000452026200946, 0.000260792905465, 0.000298863305943, 0.00052065460477, 0.000275914033409, 0.00038382835919, 0.000320962833939, 0.000371929607354, 0.000311922834953, 6.47853812552e-05, 1.05273265945e-05, 2.33334253608e-06, 4.71691635084e-07, 5.34272182051e-08],
        "stdev": [0.000762818963267, 0.0133325280622, 0.085263967514, 0.897718250751, 7.93827772141, 36.2651557922, 48.2480926514, 30.9468269348, 73.9121856689, 146.366317749, 145.351882935, 124.921333313, 163.847290039, 104.971488953, 93.402923584, 77.2668380737, 82.3399734497, 83.056060791, 42.1730728149, 27.0586032867, 33.2816123962, 24.2271060944, 10.4193458557, 12.3110113144, 4.14726161957, 1.07615721226, 0.322898089886, 0.0652399510145, 0.0147108221427, 0.00532174250111, 0.00372412987053, 0.00365296611562, 0.00381512986496, 0.00381191284396, 0.00253296596929, 0.000788317003753, 0.000141264026752, 2.76477985608e-05, 7.69180951465e-06, 1.76019839273e-05]
    },
    "gfcc": {
        "mean": [-69.9240188599, 146.707733154, -155.499786377, -36.113948822, -60.7100372314, -15.537935257, -57.5094070435, 8.13208770752, -35.5859565735, -10.6576328278, -8.84528923035, -10.317574501, -2.52543711662],
        "cov": [[1122.7956543, 255.099349976, -567.383178711, -143.37121582, 262.827728271, -82.7956466675, 83.4036102295, -17.7401409149, -21.4463844299, 2.20538330078, 91.6932830811, -27.4409217834, 67.0917129517], [255.099349976, 193.699447632, 37.0113563538, -110.053466797, -7.6796541214, -15.4813556671, -11.1503925323, -32.0464706421, 8.08110332489, -26.9787483215, 20.9842376709, -18.7924613953, -12.4782686234], [-567.383178711, 37.0113563538, 592.572143555, 55.8797302246, -240.674728394, -7.60973787308, -92.8789138794, -36.297454834, 12.9776248932, -47.7901077271, -57.027923584, 4.31163883209, -46.8903923035], [-143.37121582, -110.053466797, 55.8797302246, 470.805969238, 147.045288086, -111.149414062, -101.12323761, -7.08997297287, -60.2738113403, 17.5213088989, -69.3049240112, 15.659122467, 66.4191665649], [262.827728271, -7.6796541214, -240.674728394, 147.045288086, 232.02746582, -3.26425528526, -14.006061554, 0.417895913124, -18.1914577484, 18.559053421, -1.77229440212, -1.41755568981, 37.8021392822], [-82.7956466675, -15.4813556671, -7.60973787308, -111.149414062, -3.26425528526, 177.373321533, 93.9863204956, 7.06435680389, -9.46671295166, 9.25805568695, 14.5395374298, 1.66309344769, -37.0642127991], [83.4036102295, -11.1503925323, -92.8789138794, -101.12323761, -14.006061554, 93.9863204956, 165.589004517, 53.2645721436, -21.5670089722, -3.34540677071, 29.8411464691, -1.11176109314, -8.63713169098], [-17.7401409149, -32.0464706421, -36.297454834, -7.08997297287, 0.417895913124, 7.06435680389, 53.2645721436, 81.2822875977, 38.7597351074, 0.875255823135, -8.21778202057, -9.36561012268, -9.24233341217], [-21.4463844299, 8.08110332489, 12.9776248932, -60.2738113403, -18.1914577484, -9.46671295166, -21.5670089722, 38.7597351074, 101.907905579, 31.8106842041, -13.0678215027, -24.8499164581, -18.8928565979], [2.20538330078, -26.9787483215, -47.7901077271, 17.5213088989, 18.559053421, 9.25805568695, -3.34540677071, 0.875255823135, 31.8106842041, 76.7456665039, 25.6437473297, -7.83228969574, -8.45976924896], [91.6932830811, 20.9842376709, -57.027923584, -69.3049240112, -1.77229440212, 14.5395374298, 29.8411464691, -8.21778202057, -13.0678215027, 25.6437473297, 84.3225250244, 32.2680587769, -10.7775163651], [-27.4409217834, -18.7924613953, 4.31163883209, 15.659122467, -1.41755568981, 1.66309344769, -1.11176109314, -9.36561012268, -24.8499164581, -7.83228969574, 32.2680587769, 67.7984237671, 35.9538192749], [67.0917129517, -12.4782686234, -46.8903923035, 66.4191665649, 37.8021392822, -37.0642127991, -8.63713169098, -9.24233341217, -18.8928565979, -8.45976924896, -10.7775163651, 35.9538192749, 86.9608612061]],
        "icov": [[0.0140336807817, -0.0184655394405, 0.0106678130105, 0.000274094054475, -0.00613998994231, 0.0106700574979, -0.0116421338171, 0.00857033859938, -0.00332372938283, 0.0012526481878, -0.00210239854641, 0.00168678187765, -0.00252083525993], [-0.0184655394405, 0.0371754541993, -0.0219332594424, 0.00884753745049, -0.00506469421089, -0.00589370587841, 0.0112790120766, -0.0079462537542, 0.00665882229805, -0.00190288992599, -8.07203377917e-06, 0.00301493960433, 0.000975984381512], [0.0106678130105, -0.0219332594424, 0.0249055065215, -0.0185560304672, 0.0214054062963, -0.00735816406086, -0.00293855974451, 0.0140384519473, -0.0194794442505, 0.0191839113832, -0.0107770618051, 0.00382343307137, -0.000298768194625], [0.000274094054475, 0.00884753745049, -0.0185560304672, 0.0300627592951, -0.0331511758268, 0.0220251530409, -0.0025899244938, -0.0155930873007, 0.0315012410283, -0.031581223011, 0.023007940501, -0.0100911799818, 0.000770199985709], [-0.00613998994231, -0.00506469421089, 0.0214054062963, -0.0331511758268, 0.0508100874722, -0.0334285907447, 0.0169879309833, 0.00562972668558, -0.0258861724287, 0.0304029304534, -0.0214215070009, 0.0112306578085, -0.00314127653837], [0.0106700574979, -0.00589370587841, -0.00735816406086, 0.0220251530409, -0.0334285907447, 0.0388005152345, -0.0260332655162, 0.00755694787949, 0.0140153327957, -0.0237243063748, 0.0224606618285, -0.0164203867316, 0.00972819142044], [-0.0116421338171, 0.0112790120766, -0.00293855974451, -0.0025899244938, 0.0169879309833, -0.0260332655162, 0.0393876880407, -0.031638186425, 0.0160211641341, 0.00122977071442, -0.0104530854151, 0.0126983495429, -0.00988210458308], [0.00857033859938, -0.0079462537542, 0.0140384519473, -0.0155930873007, 0.00562972668558, 0.00755694787949, -0.031638186425, 0.0561669841409, -0.0430886149406, 0.0261090230197, -0.00774652324617, -0.00249071721919, 0.00857619661838], [-0.00332372938283, 0.00665882229805, -0.0194794442505, 0.0315012410283, -0.0258861724287, 0.0140153327957, 0.0160211641341, -0.0430886149406, 0.0626442357898, -0.0476879179478, 0.0289686787874, -0.0079355398193, -0.00096387101803], [0.0012526481878, -0.00190288992599, 0.0191839113832, -0.031581223011, 0.0304029304534, -0.0237243063748, 0.00122977071442, 0.0261090230197, -0.0476879179478, 0.0632225498557, -0.0445976220071, 0.0260357670486, -0.00770675204694], [-0.00210239854641, -8.07203377917e-06, -0.0107770618051, 0.023007940501, -0.0214215070009, 0.0224606618285, -0.0104530854151, -0.00774652324617, 0.0289686787874, -0.0445976220071, 0.0623477995396, -0.0442542620003, 0.0232392884791], [0.00168678187765, 0.00301493960433, 0.00382343307137, -0.0100911799818, 0.0112306578085, -0.0164203867316, 0.0126983495429, -0.00249071721919, -0.0079355398193, 0.0260357670486, -0.0442542620003, 0.0557806864381, -0.0297221112996], [-0.00252083525993, 0.000975984381512, -0.000298768194625, 0.000770199985709, -0.00314127653837, 0.00972819142044, -0.00988210458308, 0.00857619661838, -0.00096387101803, -0.00770675204694, 0.0232392884791, -0.0297221112996, 0.0324863828719]]
    },
    "melbands": {
        "max": [0.000160935902386, 0.000570176285692, 0.00365276518278, 0.0166799612343, 0.0174860749394, 0.00553365051746, 0.0124591272324, 0.0214428845793, 0.0103907762095, 0.0116924224421, 0.00793455541134, 0.00353252608329, 0.00267357891425, 0.00395687296987, 0.00316972960718, 0.00165649503469, 0.00134110322688, 0.00111453433055, 0.000442941120127, 0.000629255140666, 0.000496765540447, 0.000375520961825, 0.000107878273411, 8.60873406054e-05, 0.000175078603206, 7.69228427089e-05, 3.48307803506e-05, 1.30274866024e-05, 3.4568411138e-06, 7.44524413676e-07, 5.93771630975e-07, 1.33809066938e-07, 3.83315956753e-08, 2.25875105286e-08, 2.47172433632e-08, 2.39043238537e-08, 2.52841410031e-08, 2.84431109776e-08, 3.03017237968e-08, 3.41797843362e-08],
        "mean": [8.22516540211e-06, 2.64899044851e-05, 0.000184455522685, 0.00089931191178, 0.00111500907224, 0.000498477078509, 0.000617610290647, 0.000919246522244, 0.000674466835335, 0.000403099518735, 0.000532319711056, 0.000334304349963, 0.000174413522473, 0.000180971401278, 0.000115713977721, 0.000116486640763, 7.16711292625e-05, 4.52967797173e-05, 2.9543572964e-05, 2.17354190681e-05, 2.09941681533e-05, 1.53485452756e-05, 7.70647238824e-06, 5.32292051503e-06, 5.56270742891e-06, 2.92508207167e-06, 9.20198317544e-07, 3.52382954816e-07, 1.80983434461e-07, 4.84419828695e-08, 2.50302818472e-08, 1.2929031179e-08, 1.09285274164e-08, 9.69474545087e-09, 8.11283396018e-09, 8.61508286931e-09, 9.96153826094e-09, 1.10091766814e-08, 1.34473312485e-08, 1.63086575355e-08],
        "min": [2.21665032996e-08, 1.38006512884e-08, 6.26337692822e-09, 1.45886787095e-08, 3.27510214504e-08, 6.2354814645e-08, 4.44781846909e-08, 1.22837917615e-08, 3.08147782846e-08, 2.18004423402e-08, 1.86452808748e-08, 2.08372092914e-08, 7.31012450572e-09, 5.71214808787e-09, 5.83247183883e-09, 3.42905881467e-09, 1.69383551629e-09, 2.29575647381e-09, 1.14478915236e-09, 1.68273173173e-09, 1.13386389167e-09, 1.09494624478e-09, 1.75218928256e-09, 5.64052249352e-10, 8.36432978435e-10, 8.26178181423e-10, 7.2800521167e-10, 5.32843158485e-10, 2.8352184489e-10, 2.64235439085e-10, 1.15870896211e-10, 1.87848861466e-10, 1.78865047773e-10, 3.19549608996e-10, 1.49254220094e-10, 1.24673715796e-10, 3.14131387569e-10, 2.58641663642e-10, 1.6237991507e-10, 3.88387016992e-10],
        "stdev": [1.00497936728e-05, 3.97188414354e-05, 0.00031148258131, 0.00129032786936, 0.00178226688877, 0.000678640790284, 0.0010848013917, 0.00186356110498, 0.00107800448313, 0.000860070751514, 0.000861676002387, 0.000491515675094, 0.000281168788206, 0.000295833247947, 0.000246349431109, 0.000209804653423, 0.000159053379321, 8.51689546835e-05, 5.28929049324e-05, 5.00542591908e-05, 4.04547245125e-05, 2.93008415611e-05, 1.09771444841e-05, 9.55776795308e-06, 1.15588654808e-05, 6.97704172126e-06, 1.83001736787e-06, 7.8200525877e-07, 2.97323225595e-07, 7.22267827769e-08, 3.25856603922e-08, 1.06582618287e-08, 3.80780118547e-09, 2.87546075839e-09, 2.39483188835e-09, 2.43701214764e-09, 2.66162780704e-09, 2.91171575739e-09, 3.48960194074e-09, 3.89480314666e-09]
    },
    "melbands128": {
        "max": [2.26821339311e-05, 7.57257876103e-05, 0.000250117329415, 0.000280468841083, 0.000361542013707, 0.00110865652096, 0.00345869571902, 0.00422962987795, 0.0130915129557, 0.0122544756159, 0.037708889693, 0.0402789674699, 0.0240779444575, 0.0105415005237, 0.0101734371856, 0.0104049947113, 0.0234812926501, 0.0215542819351, 0.0237110815942, 0.027652643621, 0.0402455031872, 0.026637788862, 0.0143138645217, 0.0191178992391, 0.0118654975668, 0.0254361331463, 0.0187362786382, 0.0100614335388, 0.0145821683109, 0.00673596048728, 0.00665365345776, 0.00665442692116, 0.00437568314373, 0.00680526439101, 0.00710181845352, 0.00431795278564, 0.00381383299828, 0.00727344211191, 0.00206247530878, 0.00374307413585, 0.00250451918691, 0.00393597362563, 0.00185194972437, 0.00136592809577, 0.00243003666401, 0.0015215271851, 0.000848935218528, 0.00100023648702, 0.000616311852355, 0.000372348324163, 0.00138128083199, 0.000892140786164, 0.000907939334866, 0.00060888734879, 0.000376386393327, 0.000647561682854, 0.000454944762168, 0.000140579548315, 0.000179528433364, 0.000234101476963, 0.000155430330778, 9.2146343377e-05, 0.000222132453928, 0.000297756982036, 0.000319390615914, 7.41791445762e-05, 1.76537705556e-05, 4.85647469759e-05, 4.96636494063e-05, 6.20643777438e-06, 2.09322170122e-05, 2.34779381572e-05, 1.01245504993e-05, 3.63781623491e-06, 2.11032624975e-06, 1.47314358401e-06, 6.2166287762e-07, 9.14624251891e-07, 1.16493060887e-06, 6.12849248682e-07, 1.71259500803e-07, 7.21003132753e-08, 5.11611339959e-08, 4.10841423104e-08, 5.4505239433e-08, 3.29066978111e-08, 3.37990897492e-08, 3.71647210784e-08, 2.75286424767e-08, 2.9631030074e-08, 3.01336484654e-08, 2.65323141235e-08, 2.96475128891e-08, 2.83146253111e-08, 4.46034178481e-08, 2.82515273398e-08, 3.92548678008e-08, 3.18450936732e-08, 3.55807792118e-08, 4.34417906092e-08, 3.81988130016e-08, 5.17551583812e-08, 4.94966236886e-08, 4.66555469814e-08, 4.69297525285e-08, 3.3898022167e-08, 2.75532361371e-08, 2.37671144987e-08, 2.51826914877e-08, 2.7856462026e-08, 1.45764742498e-08, 1.71831988638e-08, 1.05686801533e-08, 1.26835804082e-08, 1.53966066563e-08, 1.24716583727e-08, 7.16334991324e-09, 9.14769093807e-10, 8.72796279694e-10, 8.46670233923e-10, 8.50208792258e-10, 8.10752520675e-10, 7.83815901073e-10, 7.7321865577e-10, 7.72965913498e-10, 7.68053398659e-10, 7.78650088851e-10, 7.56078866182e-10],
        "mean": [3.5114212551e-06, 3.82450389225e-06, 1.01059686131e-05, 1.67284488271e-05, 1.76806279342e-05, 3.35994591296e-05, 7.87348035374e-05, 0.000154418477905, 0.000431771273725, 0.000748343707528, 0.00129952514544, 0.00167067209259, 0.00104133714922, 0.000479077629279, 0.000463333213702, 0.000488799065351, 0.000615528668277, 0.000651217007544, 0.000623153930064, 0.000711009837687, 0.00127848389093, 0.000988479354419, 0.000502542301547, 0.000522051355802, 0.000308576592943, 0.000426979240729, 0.000425261561759, 0.000472159939818, 0.000795049127191, 0.000332959374646, 0.000241925896262, 0.000164942684933, 0.000107771709736, 0.000222825052333, 0.000286207621684, 0.000123926263768, 7.02081015334e-05, 0.000176281071617, 7.62271301937e-05, 0.000123070713016, 0.000133094290504, 9.65208237176e-05, 6.60522055114e-05, 5.35763392691e-05, 8.00117704784e-05, 3.68880500901e-05, 1.52114116645e-05, 4.82775867567e-05, 2.53839898505e-05, 7.82352799433e-06, 2.81765078398e-05, 2.50479079114e-05, 2.78795414488e-05, 1.6669915567e-05, 1.0795964954e-05, 2.13505027205e-05, 1.29230711536e-05, 5.44719978279e-06, 8.44630540087e-06, 6.58642738927e-06, 5.07180129716e-06, 3.66383278561e-06, 5.25424866282e-06, 5.29225917489e-06, 8.562153198e-06, 1.71102271906e-06, 6.71458565193e-07, 1.34016966058e-06, 1.03044658317e-06, 2.6802538855e-07, 3.05767088093e-07, 4.87152703954e-07, 2.16848206946e-07, 1.52463371705e-07, 7.34027310045e-08, 5.10895397099e-08, 3.50807560778e-08, 3.46768871395e-08, 2.28626948484e-08, 1.69822396145e-08, 1.43024161403e-08, 1.08759934392e-08, 9.62452162412e-09, 9.26986132299e-09, 1.53313965967e-08, 9.40859035126e-09, 8.81049722068e-09, 7.45273265323e-09, 7.79180719945e-09, 9.11328257303e-09, 7.67534036328e-09, 8.98334562294e-09, 9.23360321536e-09, 8.58215809529e-09, 1.26497567976e-08, 9.54286250021e-09, 1.14314593347e-08, 1.14069855783e-08, 1.29363613155e-08, 1.52976529222e-08, 1.36409186169e-08, 1.77518444389e-08, 1.68844529469e-08, 1.7665984231e-08, 1.3354751971e-08, 1.19950716027e-08, 1.02868940033e-08, 7.79450903821e-09, 6.78066713888e-09, 3.86698140176e-09, 2.664146459e-09, 1.7830622534e-09, 1.19832710421e-09, 7.24724613654e-10, 1.79534095923e-10, 3.71348958528e-11, 2.00141431206e-11, 6.55986810011e-12, 6.1127561346e-12, 6.04646931482e-12, 5.97044419112e-12, 5.8880973014e-12, 5.76205576308e-12, 5.64953075641e-12, 5.6217183686e-12, 5.62419468636e-12, 5.61831744322e-12, 5.55823009146e-12],
        "min": [1.76768488735e-10, 2.48002294256e-08, 2.28244552147e-08, 1.69133222983e-08, 1.30515047658e-08, 1.23401964203e-08, 9.09379416214e-09, 2.7016484605e-09, 3.25132409884e-09, 1.462372623e-08, 2.23575842284e-08, 2.2603909855e-08, 2.98237310403e-08, 3.45617792163e-08, 6.8274552234e-08, 6.70014657089e-08, 5.5884751049e-08, 3.23826512272e-08, 2.77494009993e-08, 1.17531948618e-08, 3.56734730644e-09, 1.34245148331e-08, 3.7837036615e-08, 4.57821904831e-08, 2.69777142847e-08, 1.01219814752e-08, 1.25581722799e-08, 1.69110414561e-08, 2.70412563452e-08, 2.6928034913e-08, 1.76072614266e-08, 1.13148397318e-08, 6.26031004813e-09, 4.70105643302e-09, 5.09037922924e-09, 5.36307487309e-09, 7.89396814582e-09, 6.85628975816e-09, 3.79084275082e-09, 3.62085672556e-09, 3.67049857175e-09, 2.9756590525e-09, 5.43105227457e-10, 1.61739621696e-09, 3.07331471383e-09, 2.50238008093e-09, 1.48428869196e-09, 3.89892451658e-10, 1.23099330729e-09, 2.40009345731e-09, 1.50541823452e-09, 1.35365685328e-09, 1.2887484413e-09, 9.03262409313e-10, 1.04933850498e-09, 4.66473970562e-10, 1.82139525684e-09, 2.41187803063e-09, 1.65096003535e-09, 7.00994262637e-10, 2.46194148401e-10, 6.75129729899e-10, 7.8603767939e-10, 7.21908643975e-10, 1.23913346251e-09, 8.35350733031e-10, 5.52242251928e-10, 8.42955039104e-10, 9.13825848325e-10, 3.13970044408e-10, 5.2441856413e-10, 7.26157300956e-10, 3.30071275867e-10, 2.15746823184e-10, 1.55050861039e-10, 3.89379306576e-10, 2.59531868219e-10, 5.53210394161e-11, 5.67510274885e-11, 2.07507566685e-10, 2.76153488965e-10, 1.32055172353e-10, 9.86261072811e-11, 1.22892168664e-10, 2.73278288887e-10, 4.9309750727e-10, 2.55720278286e-10, 1.55132073854e-10, 1.47100567838e-10, 1.2528640625e-10, 1.62665256265e-10, 1.1520724652e-10, 9.65088703397e-11, 2.67678962329e-10, 5.51846346397e-10, 3.01228403332e-10, 2.20271550999e-10, 1.20227050537e-10, 1.80566034347e-10, 1.21696014377e-10, 2.46182685348e-10, 1.87442436572e-10, 9.35522992407e-10, 7.9443213119e-10, 2.75325179322e-10, 8.87246248693e-11, 1.45358905468e-10, 4.97128380128e-11, 1.67673722129e-10, 9.34211943915e-11, 6.14689410483e-11, 1.16475735307e-11, 3.47137076029e-11, 2.08198371737e-11, 1.64416581478e-12, 6.59080049651e-13, 7.56124058764e-13, 6.35725955385e-13, 6.41359036192e-13, 7.94398292807e-13, 8.0065804247e-13, 7.97685973265e-13, 8.10632485616e-13, 7.74545575247e-13, 7.52102102385e-13, 8.95732598337e-13, 8.07610705741e-13, 8.2600061773e-13],
        "stdev": [2.13000180338e-06, 4.45245450464e-06, 1.46004631461e-05, 2.64483715e-05, 3.02505050058e-05, 7.04547928763e-05, 0.000174122949829, 0.00031089753611, 0.000985356164165, 0.0012330035679, 0.00255112932064, 0.00320975249633, 0.0021154996939, 0.000921827217098, 0.000926372944377, 0.000906796834897, 0.00146706972737, 0.00157667614985, 0.00149333768059, 0.00201383349486, 0.0033871170599, 0.0023903620895, 0.00113195343874, 0.00139709212817, 0.000928908237256, 0.0015123434132, 0.00131656753365, 0.0010810054373, 0.00165083108004, 0.000706849910785, 0.000581447035074, 0.000437126320321, 0.000325699656969, 0.00055100483587, 0.000592960393988, 0.0002886033908, 0.000212280807318, 0.000512012687977, 0.000200633046916, 0.000296250538668, 0.000290588417556, 0.000343513180269, 0.000192726249225, 0.000138742791023, 0.00017132848734, 0.000110296983621, 4.55138397228e-05, 0.000103279366158, 5.26894182258e-05, 1.85625540325e-05, 9.86228551483e-05, 6.55002222629e-05, 7.25062927813e-05, 4.33890854765e-05, 2.67054110736e-05, 5.10721001774e-05, 3.44590152963e-05, 1.10860428322e-05, 1.91195322259e-05, 1.46731681525e-05, 1.37068736876e-05, 8.47330466058e-06, 1.49912302732e-05, 1.58939201356e-05, 2.59108728642e-05, 4.33211334894e-06, 1.19618607641e-06, 3.00023384625e-06, 2.58013074017e-06, 5.25135078533e-07, 8.78242758517e-07, 1.49068955579e-06, 4.96307222875e-07, 3.11769525752e-07, 1.5291368527e-07, 1.19444521829e-07, 5.2795968486e-08, 6.3866970379e-08, 4.38617355769e-08, 3.10690069227e-08, 1.74812289089e-08, 7.72702879459e-09, 5.67747004965e-09, 4.78124784209e-09, 6.78380152053e-09, 3.81660836268e-09, 4.09224965026e-09, 3.37869265898e-09, 3.29790972309e-09, 3.92809740291e-09, 3.26040017207e-09, 3.63540042514e-09, 3.73029962475e-09, 3.4553713224e-09, 5.22773113687e-09, 3.66359764747e-09, 4.54195792088e-09, 4.27835322725e-09, 4.7008308357e-09, 5.57888846231e-09, 4.78227901723e-09, 6.15312512053e-09, 5.75385472601e-09, 6.12434458702e-09, 4.66351623984e-09, 4.18338341746e-09, 3.42802608522e-09, 2.56191601267e-09, 2.47113618457e-09, 1.44985456974e-09, 9.39716526815e-10, 6.90484169841e-10, 4.93511564947e-10, 4.54882881362e-10, 4.15363715645e-10, 4.00404959189e-10, 1.99265590139e-10, 2.24032944973e-11, 1.992719878e-11, 1.93317428038e-11, 1.93607022775e-11, 1.85076936415e-11, 1.7912227257e-11, 1.76659364221e-11, 1.76352370207e-11, 1.75143285291e-11, 1.77188680395e-11, 1.72397218029e-11]
    },
    "mfcc": {
        "mean": [-714.552246094, 199.420272827, -43.0459709167, -18.2959785461, -1.88679933548, -33.6070213318, -6.89457035065, -10.4784650803, -14.2687253952, -9.83062171936, -7.29381847382, -10.4282884598, -7.30307579041],
        "cov": [[1415.2076416, 308.083221436, -791.783874512, -46.2104568481, 43.5166778564, -8.90339565277, 119.876777649, -37.9494743347, -6.60035133362, 25.5312690735, -30.824344635, 12.2498321533, 25.256483078], [308.083221436, 311.252990723, -5.13004970551, -201.022613525, -59.7346534729, -31.2752494812, -16.4232788086, 10.2826509476, -47.5555992126, -2.73415160179, 39.9072380066, 4.12372350693, -8.63936901093], [-791.783874512, -5.13004970551, 697.514831543, 16.053030014, -77.658416748, -29.5692176819, -109.50592041, 4.978764534, -35.1207885742, -36.6689414978, 12.0140562057, -34.9440193176, -31.0942192078], [-46.2104568481, -201.022613525, 16.053030014, 434.830291748, 170.73034668, -18.0714015961, -46.3597679138, -79.9693527222, 37.8479347229, -20.4385795593, -114.838531494, -35.5060462952, 10.7217407227], [43.5166778564, -59.7346534729, -77.658416748, 170.73034668, 185.945465088, 26.8216724396, -57.4003410339, -47.343120575, 20.0402927399, -6.59984827042, -48.9366950989, -2.46422028542, 7.36215782166], [-8.90339565277, -31.2752494812, -29.5692176819, -18.0714015961, 26.8216724396, 105.974182129, 61.6242446899, -0.649393618107, 5.63582468033, 2.53168988228, -1.76754081249, -1.20164084435, 1.73763370514], [119.876777649, -16.4232788086, -109.50592041, -46.3597679138, -57.4003410339, 61.6242446899, 163.702163696, 63.4480209351, -10.7998847961, 1.16114652157, 11.5816745758, -9.26128005981, 3.4947924614], [-37.9494743347, 10.2826509476, 4.978764534, -79.9693527222, -47.343120575, -0.649393618107, 63.4480209351, 104.031135559, 21.7013759613, -4.47629880905, 17.9853572845, -0.652224004269, -3.82033753395], [-6.60035133362, -47.5555992126, -35.1207885742, 37.8479347229, 20.0402927399, 5.63582468033, -10.7998847961, 21.7013759613, 95.2422943115, 37.1149597168, -23.2670059204, -2.59255123138, 0.0941362679005], [25.5312690735, -2.73415160179, -36.6689414978, -20.4385795593, -6.59984827042, 2.53168988228, 1.16114652157, -4.47629880905, 37.1149597168, 86.0280303955, 48.1715774536, -8.37685966492, -13.6878566742], [-30.824344635, 39.9072380066, 12.0140562057, -114.838531494, -48.9366950989, -1.76754081249, 11.5816745758, 17.9853572845, -23.2670059204, 48.1715774536, 121.915260315, 35.988407135, -27.9097480774], [12.2498321533, 4.12372350693, -34.9440193176, -35.5060462952, -2.46422028542, -1.20164084435, -9.26128005981, -0.652224004269, -2.59255123138, -8.37685966492, 35.988407135, 84.2199478149, 30.7206459045], [25.256483078, -8.63936901093, -31.0942192078, 10.7217407227, 7.36215782166, 1.73763370514, 3.4947924614, -3.82033753395, 0.0941362679005, -13.6878566742, -27.9097480774, 30.7206459045, 94.3140487671]],
        "icov": [[0.0113908080384, -0.0161791685969, 0.013823130168, -0.00952545087785, 0.0076308962889, -0.00361594883725, 0.000182387477253, 0.00111694890074, -0.000114595939522, 0.000489203084726, 0.000361431855708, 0.000744422548451, 0.000552808458451], [-0.0161791685969, 0.0287756007165, -0.0201492924243, 0.018132481724, -0.01381083671, 0.00951931718737, -0.00245948485099, 0.00107566069346, 0.000869386072736, -0.000709950807504, 0.000720691401511, -0.000498037959915, -0.000426768674515], [0.013823130168, -0.0201492924243, 0.0205482058227, -0.0155989658087, 0.0159599315375, -0.0116695836186, 0.00973985530436, -0.00554739916697, 0.00440950039774, -3.97554867959e-05, -0.000164972690982, 0.00223898747936, 0.000595639052335], [-0.00952545087785, 0.018132481724, -0.0155989658087, 0.0215124301612, -0.0208876654506, 0.0191409662366, -0.0163099113852, 0.0143540697172, -0.00888211652637, 0.00377007317729, 0.0013674251968, 0.000651608686894, -0.000164485652931], [0.0076308962889, -0.01381083671, 0.0159599315375, -0.0208876654506, 0.0315633565187, -0.026609973982, 0.0265454370528, -0.0183495227247, 0.0134239299223, -0.00676087290049, 0.00364271085709, -0.00155683094636, 0.00121771346312], [-0.00361594883725, 0.00951931718737, -0.0116695836186, 0.0191409662366, -0.026609973982, 0.0398066006601, -0.0347343012691, 0.0277184024453, -0.019748730585, 0.0108827725053, -0.00472495658323, 0.00232515786774, -0.000985806807876], [0.000182387477253, -0.00245948485099, 0.00973985530436, -0.0163099113852, 0.0265454370528, -0.0347343012691, 0.0448670983315, -0.0351760350168, 0.0253469236195, -0.0138109987602, 0.00643670419231, -0.00135706609581, 0.00058861792786], [0.00111694890074, 0.00107566069346, -0.00554739916697, 0.0143540697172, -0.0183495227247, 0.0277184024453, -0.0351760350168, 0.044782653451, -0.0319907553494, 0.0240641832352, -0.015390381217, 0.0091865863651, -0.00364447641186], [-0.000114595939522, 0.000869386072736, 0.00440950039774, -0.00888211652637, 0.0134239299223, -0.019748730585, 0.0253469236195, -0.0319907553494, 0.0445915348828, -0.0353793725371, 0.0272461697459, -0.0158936921507, 0.0077153830789], [0.000489203084726, -0.000709950807504, -3.97554867959e-05, 0.00377007317729, -0.00676087290049, 0.0108827725053, -0.0138109987602, 0.0240641832352, -0.0353793725371, 0.0490391068161, -0.0360169820487, 0.022912973538, -0.00979322008789], [0.000361431855708, 0.000720691401511, -0.000164972690982, 0.0013674251968, 0.00364271085709, -0.00472495658323, 0.00643670419231, -0.015390381217, 0.0272461697459, -0.0360169820487, 0.0424696318805, -0.0250085145235, 0.0141595229506], [0.000744422548451, -0.000498037959915, 0.00223898747936, 0.000651608686894, -0.00155683094636, 0.00232515786774, -0.00135706609581, 0.0091865863651, -0.0158936921507, 0.022912973538, -0.0250085145235, 0.0301007404923, -0.0129437875003], [0.000552808458451, -0.000426768674515, 0.000595639052335, -0.000164485652931, 0.00121771346312, -0.000985806807876, 0.00058861792786, -0.00364447641186, 0.0077153830789, -0.00979322008789, 0.0141595229506, -0.0129437875003, 0.0173617713153]]
    },
    "spectral_contrast_coeffs": {
        "max": [-0.256407529116, -0.389367699623, -0.433114647865, -0.551525771618, -0.571059942245, -0.776974737644],
        "mean": [-0.558718323708, -0.676535367966, -0.667840003967, -0.736711263657, -0.732955515385, -0.856339514256],
        "min": [-0.871390342712, -0.940389811993, -0.923583626747, -0.942454755306, -0.928387820721, -0.90743637085],
        "stdev": [0.0848882347345, 0.0900823622942, 0.0776299983263, 0.0543925240636, 0.0476712696254, 0.0180134046823]
    },
    "spectral_contrast_valleys": {
        "max": [-6.34499931335, -4.87249183655, -5.66025352478, -6.4753780365, -7.60275268555, -11.176440239],
        "mean": [-7.98175239563, -6.58433294296, -7.37770318985, -7.92786455154, -8.90968132019, -11.6133270264],
        "min": [-11.0704965591, -9.81945610046, -10.6617336273, -11.5343227386, -11.6562480927, -13.1784553528],
        "stdev": [0.540763914585, 0.690828502178, 0.660462021828, 0.612015485764, 0.442236632109, 0.0994804427028]
    }
},
"rhythm": {
    "beats_count": 90,
    "beats_loudness": {
        "max": 0.0802356898785,
        "mean": 0.0308695007116,
        "min": 0.000888954731636,
        "stdev": 0.0158445145935
    },
    "bpm": 122.490570068,
    "bpm_histogram_first_peak_bpm": 123,
    "bpm_histogram_first_peak_weight": 0.428571403027,
    "bpm_histogram_second_peak_bpm": 110,
    "bpm_histogram_second_peak_spread": 0.5,
    "bpm_histogram_second_peak_weight": 0.112359553576,
    "danceability": 1.09299385548,
    "onset_rate": 1.025390625,
    "beats_loudness_band_ratio": {
        "max": [0.53394061327, 0.825099885464, 0.941290020943, 0.731881737709, 0.388199001551, 0.0625502988696],
        "mean": [0.0461093150079, 0.310551583767, 0.379733532667, 0.241542160511, 0.0665051788092, 0.00606649694964],
        "min": [0.000540509645361, 0.0152222784236, 0.0241334531456, 0.00569956796244, 0.00148079416249, 0.000145758443978],
        "stdev": [0.0735980793834, 0.240306258202, 0.235261544585, 0.192803993821, 0.079597376287, 0.0132330032066]
    },
