{
"metadata": {
    "version": {
        "essentia": "2.1-beta5",
        "essentia_git_sha": "Undefined",
        "extractor": "music 2.0"
    },
    "audio_properties": {
        "analysis": {
            "equal_loudness": 0,
            "length": 48.7502937317,
            "sample_rate": 44100,
            "start_time": 29.0017242432,
            "downmix": "mix"
        },
        "bit_rate": 192000,
        "length": 261.224487305,
        "lossless": 0,
        "number_channels": 2,
        "replay_gain": 1.32196617126,
        "sample_rate": 44100,
        "codec": "mp3",
        "md5_encoded": "008d4d22d446e2c75542403932287e8e"
    },
    "tags": {
        "file_name": "Denmark_Det Var En Yndig Tid_Katy Bødtger.mp3",
        "encoding": ["Lavf58.29.100"]
    }
},
"lowlevel": {
    "average_loudness": 0.877393245697,
    "barkbands_crest": {
        "max": 26.8049373627,
        "mean": 12.8156642914,
        "min": 3.26792240143,
        "stdev": 5.22088623047
    },
    "barkbands_flatness_db": {
        "max": 0.454930365086,
        "mean": 0.225034430623,
        "min": 0.0414887294173,
        "stdev": 0.0534536913037
    },
    "barkbands_kurtosis": {
        "max": 704.397216797,
        "mean": 8.22045135498,
        "min": -1.4770617485,
        "stdev": 29.599861145
    },
    "barkbands_skewness": {
        "max": 19.0219078064,
        "mean": 1.50708830357,
        "min": -1.70845329762,
        "stdev": 1.77514517307
    },
    "barkbands_spread": {
        "max": 42.3002967834,
        "mean": 7.73154640198,
        "min": 0.102570690215,
        "stdev": 4.68143749237
    },
    "dissonance": {
        "max": 0.499918729067,
        "mean": 0.411054849625,
        "min": 0.153590619564,
        "stdev": 0.0573577359319
    },
    "dynamic_complexity": 3.39326334,
    "erbbands_crest": {
        "max": 33.111125946,
        "mean": 13.5784826279,
        "min": 3.86906480789,
        "stdev": 6.47583532333
    },
    "erbbands_flatness_db": {
        "max": 0.48016923666,
        "mean": 0.276648342609,
        "min": 0.0864840373397,
        "stdev": 0.0502623394132
    },
    "erbbands_kurtosis": {
        "max": 147.494216919,
        "mean": 2.89032506943,
        "min": -1.73346292973,
        "stdev": 9.16276264191
    },
    "erbbands_skewness": {
        "max": 8.60592460632,
        "mean": 0.764583528042,
        "min": -2.85404753685,
        "stdev": 1.1651570797
    },
    "erbbands_spread": {
        "max": 53.9819717407,
        "mean": 15.8585643768,
        "min": 0.528228282928,
        "stdev": 8.47245311737
    },
    "hfc": {
        "max": 113.970794678,
        "mean": 14.5325489044,
        "min": 0.0328133329749,
        "stdev": 13.8890790939
    },
    "loudness_ebu128": {
        "integrated": -26.1730136871,
        "loudness_range": 3.63314437866,
        "momentary": {
            "max": -19.4238758087,
            "mean": -27.1920261383,
            "min": -43.4089508057,
            "stdev": 3.24885416031
        },
        "short_term": {
            "max": -23.6523303986,
            "mean": -26.4515914917,
            "min": -31.3373394012,
            "stdev": 1.39049911499
        }
    },
    "melbands_crest": {
        "max": 34.2925949097,
        "mean": 14.9332113266,
        "min": 3.24734449387,
        "stdev": 5.8653421402
    },
    "melbands_flatness_db": {
        "max": 0.535287082195,
        "mean": 0.291967839003,
        "min": 0.110645599663,
        "stdev": 0.0574151724577
    },
    "melbands_kurtosis": {
        "max": 174.375961304,
        "mean": 8.76497364044,
        "min": -1.73170936108,
        "stdev": 17.0754985809
    },
    "melbands_skewness": {
        "max": 11.3621406555,
        "mean": 1.62909078598,
        "min": -2.05010795593,
        "stdev": 1.57238435745
    },
    "melbands_spread": {
        "max": 44.9082107544,
        "mean": 11.8279829025,
        "min": 0.359320610762,
        "stdev": 7.32628536224
    },
    "pitch_salience": {
        "max": 0.865154623985,
        "mean": 0.526757597923,
        "min": 0.0559559687972,
        "stdev": 0.143263116479
    },
    "silence_rate_20dB": {
        "max": 1,
        "mean": 1,
        "min": 1,
        "stdev": 0
    },
    "silence_rate_30dB": {
        "max": 1,
        "mean": 0.991908609867,
        "min": 0,
        "stdev": 0.0895865038037
    },
    "silence_rate_60dB": {
        "max": 1,
        "mean": 0.0961446911097,
        "min": 0,
        "stdev": 0.294792503119
    },
    "spectral_centroid": {
        "max": 1924.26062012,
        "mean": 785.990600586,
        "min": 316.053985596,
        "stdev": 314.061645508
    },
    "spectral_complexity": {
        "max": 33,
        "mean": 11.9048070908,
        "min": 0,
        "stdev": 5.09860563278
    },
    "spectral_decrease": {
        "max": -8.46397951726e-12,
        "mean": -5.43741052184e-09,
        "min": -5.30352828321e-08,
        "stdev": 5.19294474088e-09
    },
    "spectral_energy": {
        "max": 0.209447205067,
        "mean": 0.0218401998281,
        "min": 3.49213005393e-05,
        "stdev": 0.0207160096616
    },
    "spectral_energyband_high": {
        "max": 0.000126930695842,
        "mean": 1.01843770608e-05,
        "min": 7.44897306504e-07,
        "stdev": 9.39728943194e-06
    },
    "spectral_energyband_low": {
        "max": 0.0104717575014,
        "mean": 0.000255007995293,
        "min": 7.93133665411e-07,
        "stdev": 0.000713187153451
    },
    "spectral_energyband_middle_high": {
        "max": 0.120510831475,
        "mean": 0.00668056821451,
        "min": 8.88976410351e-06,
        "stdev": 0.010716647841
    },
    "spectral_energyband_middle_low": {
        "max": 0.208811581135,
        "mean": 0.0156274661422,
        "min": 1.58045550052e-05,
        "stdev": 0.0187388639897
    },
    "spectral_entropy": {
        "max": 8.28890419006,
        "mean": 6.55881214142,
        "min": 4.34916210175,
        "stdev": 0.461288720369
    },
    "spectral_flux": {
        "max": 0.33074721694,
        "mean": 0.0685345605016,
        "min": 0.00364955468103,
        "stdev": 0.0439841672778
    },
    "spectral_kurtosis": {
        "max": 57.6011581421,
        "mean": 19.7592277527,
        "min": 1.65367794037,
        "stdev": 7.89501190186
    },
    "spectral_rms": {
        "max": 0.0142947100103,
        "mean": 0.00416900170967,
        "min": 0.000184579417692,
        "stdev": 0.00198165653273
    },
    "spectral_rolloff": {
        "max": 2799.31640625,
        "mean": 979.203186035,
        "min": 258.3984375,
        "stdev": 483.72769165
    },
    "spectral_skewness": {
        "max": 6.54173278809,
        "mean": 3.30715751648,
        "min": 1.26323211193,
        "stdev": 0.743810713291
    },
    "spectral_spread": {
        "max": 19917486,
        "mean": 2410737.25,
        "min": 1311448.75,
        "stdev": 769577.125
    },
    "spectral_strongpeak": {
        "max": 12.0527467728,
        "mean": 1.7703166008,
        "min": 0.00480053201318,
        "stdev": 1.69548344612
    },
    "zerocrossingrate": {
        "max": 0.12744140625,
        "mean": 0.036658976227,
        "min": 0.00830078125,
        "stdev": 0.0133492574096
    },
    "barkbands": {
        "max": [2.62644534814e-05, 0.000450605642982, 0.00149612443056, 0.0176943764091, 0.0414624921978, 0.0855854600668, 0.195340275764, 0.0694796219468, 0.0809417068958, 0.114818692207, 0.0860265865922, 0.0307000614703, 0.0141412522644, 0.0111011909321, 0.0179131235927, 0.00592299317941, 0.00562601257116, 0.00149160204455, 0.000991989276372, 0.000216859043576, 3.16132063745e-05, 7.9285891843e-06, 3.04413674712e-06, 3.35251161232e-06, 3.58347506335e-06, 2.51427240983e-06, 2.00113822757e-06],
        "mean": [5.01978774992e-06, 2.99423627439e-05, 5.89112532907e-05, 0.00036788842408, 0.00260681286454, 0.00362219545059, 0.00483705941588, 0.00126904342324, 0.00178447482176, 0.00282173603773, 0.00199896772392, 0.000757399655413, 0.000311093928758, 0.000351234310074, 0.00039702365757, 0.000213350736885, 0.000262078800006, 9.18010482565e-05, 3.58750403393e-05, 1.16035207611e-05, 2.02011619876e-06, 7.51995116843e-07, 5.7717988966e-07, 9.55404175329e-07, 1.86043496342e-06, 5.10015070176e-07, 2.31569057263e-08],
        "min": [1.64486721133e-07, 2.27929618291e-07, 1.46566961234e-07, 2.46929147352e-07, 4.72668625662e-06, 1.22747508158e-06, 3.85308510431e-07, 3.84584666335e-07, 5.31087437139e-07, 1.22985022699e-06, 6.53229335512e-07, 5.88269358559e-07, 6.7657612135e-07, 5.88804880408e-07, 5.60492651402e-07, 1.93296244788e-07, 2.96733787764e-07, 2.15407780502e-07, 7.6447435049e-08, 1.34303206778e-07, 1.330549253e-07, 1.62375741297e-07, 6.8121622121e-08, 5.30177679536e-08, 1.02010595526e-07, 7.27846583004e-08, 2.7206067954e-10],
        "stdev": [3.75466061087e-06, 3.45429616573e-05, 0.000129929205286, 0.00109095976222, 0.00412505725399, 0.00703676510602, 0.0148420073092, 0.00392676284537, 0.0055063534528, 0.00789473671466, 0.00586242880672, 0.00212623202242, 0.000804646755569, 0.000723713019397, 0.00103857461363, 0.000467396021122, 0.000515175343025, 0.000161524891155, 7.30103565729e-05, 2.19586818275e-05, 2.66777556135e-06, 4.93696916237e-07, 1.62155956218e-07, 2.08665923651e-07, 3.37028382091e-07, 1.27341323264e-07, 4.5763616896e-08]
    },
    "erbbands": {
        "max": [0.00943180080503, 0.120391257107, 1.47372090816, 33.7012519836, 86.572883606, 201.958343506, 368.468353271, 904.913696289, 1908.31323242, 4156.79003906, 844.063598633, 2491.44750977, 2397.81494141, 4855.61181641, 2153.14526367, 1390.29125977, 605.327453613, 516.652832031, 603.215393066, 517.746154785, 237.848068237, 347.692596436, 106.25617981, 75.7472610474, 18.9980812073, 6.5965218544, 2.33069038391, 1.1103284359, 0.1867967695, 0.114882312715, 0.0744200348854, 0.0594162084162, 0.0646339133382, 0.0442592389882, 0.0242181215435, 0.0117481565103, 0.00450217304751, 0.00126919103786, 0.000289052317385, 0.000235972940573],
        "mean": [0.000681098375935, 0.00810583401471, 0.0559344254434, 0.7224791646, 3.02582263947, 11.2693805695, 19.3757972717, 32.2042160034, 55.2324485779, 65.9190750122, 25.3117027283, 38.988319397, 86.9650344849, 88.8322067261, 54.1093635559, 29.7441577911, 15.9411735535, 16.5861282349, 17.2915687561, 20.7082977295, 12.1779928207, 13.5238761902, 6.40720558167, 3.12114262581, 0.987679064274, 0.433460235596, 0.15021468699, 0.0585704520345, 0.0281728766859, 0.0204521026462, 0.0169060230255, 0.0170541591942, 0.0183627605438, 0.0192296244204, 0.0135967731476, 0.00402465648949, 0.000546243565623, 5.84390436416e-05, 1.27768589664e-05, 2.52596491919e-05],
        "min": [8.28211614134e-06, 4.78207221022e-05, 0.000205296164495, 0.00117566285189, 0.00321212154813, 0.0115630337968, 0.00865333806723, 0.0167743582278, 0.0090342387557, 0.00432662805542, 0.0145697267726, 0.0117789003998, 0.0207034386694, 0.033109869808, 0.0276275593787, 0.0448350012302, 0.0443558059633, 0.0443262755871, 0.0408394224942, 0.0296380035579, 0.00953896716237, 0.0199165418744, 0.0145752355456, 0.00475891213864, 0.00384064717218, 0.0066273608245, 0.0038296263665, 0.00757633149624, 0.00552759692073, 0.00378521741368, 0.00155215023551, 0.00111856788862, 0.00101626454853, 0.000762275420129, 0.000917084806133, 0.00037516411976, 0.000122664714581, 1.23809677461e-05, 6.30970134807e-07, 1.14137428397e-07],
        "stdev": [0.000653880240861, 0.00940980855376, 0.111767739058, 2.1445338726, 5.48904275894, 20.4923038483, 33.3313865662, 72.3037948608, 160.711700439, 226.427276611, 60.7728919983, 120.992546082, 229.843353271, 274.576263428, 149.272369385, 82.1870269775, 36.7735519409, 33.2912445068, 34.7600517273, 44.9246101379, 21.619966507, 26.4940109253, 11.3816328049, 5.68594121933, 1.71428465843, 0.722873568535, 0.21661926806, 0.0821164399385, 0.0199551656842, 0.00777118932456, 0.0045985034667, 0.00414275284857, 0.004130538553, 0.00400400999933, 0.00272865593433, 0.000846805691253, 0.000164445125847, 4.27350678365e-05, 1.20928252727e-05, 2.36451487581e-05]
    },
    "gfcc": {
        "mean": [-89.3357086182, 135.423599243, -144.177459717, -30.3384532928, -59.7073135376, -9.74701595306, -61.5631217957, 7.4106388092, -31.4671173096, -8.48876667023, -13.3700389862, -1.99572515488, 1.32157182693],
        "cov": [[1504.55297852, 379.73236084, -579.361572266, -115.758842468, 259.2628479, -286.752624512, 178.927856445, 21.6073608398, -42.0965499878, -136.786376953, 62.3418083191, -111.617286682, 56.696144104], [379.73236084, 248.816116333, 54.4798202515, -58.1804542542, -8.76263618469, -74.0626525879, 1.11092126369, -62.7399330139, -37.6041679382, -47.5223503113, 17.9587020874, -55.281463623, -20.7248344421], [-579.361572266, 54.4798202515, 610.241577148, 50.4297714233, -252.014190674, 20.4175777435, -138.405349731, -94.2852859497, -0.651038408279, 40.0286369324, -0.129547774792, 16.8296489716, -81.3992462158], [-115.758842468, -58.1804542542, 50.4297714233, 249.975601196, 36.5258026123, -57.1790122986, -48.6141090393, 38.5831336975, -11.5820064545, 10.2240409851, -44.0384864807, -2.80955791473, -32.2819252014], [259.2628479, -8.76263618469, -252.014190674, 36.5258026123, 191.107269287, 45.12292099, 61.1617202759, 27.863193512, -17.2487564087, -24.6481742859, -13.8286819458, -16.0203037262, 24.6002998352], [-286.752624512, -74.0626525879, 20.4175777435, -57.1790122986, 45.12292099, 300.121704102, 62.1311264038, -50.3661384583, -60.6955299377, 11.3309593201, -44.58335495, -10.1695137024, -7.76666069031], [178.927856445, 1.11092126369, -138.405349731, -48.6141090393, 61.1617202759, 62.1311264038, 150.632766724, 39.3971138, -43.1486663818, -38.9068870544, 2.85878801346, -24.1426963806, 8.87740516663], [21.6073608398, -62.7399330139, -94.2852859497, 38.5831336975, 27.863193512, -50.3661384583, 39.3971138, 123.290390015, 67.3040313721, 2.36056113243, -7.77064847946, 7.08186388016, 2.15794086456], [-42.0965499878, -37.6041679382, -0.651038408279, -11.5820064545, -17.2487564087, -60.6955299377, -43.1486663818, 67.3040313721, 140.334625244, 62.4908943176, 9.04360389709, 12.7365341187, 3.35073065758], [-136.786376953, -47.5223503113, 40.0286369324, 10.2240409851, -24.6481742859, 11.3309593201, -38.9068870544, 2.36056113243, 62.4908943176, 96.778717041, 37.0367240906, 4.9749379158, -20.6981525421], [62.3418083191, 17.9587020874, -0.129547774792, -44.0384864807, -13.8286819458, -44.58335495, 2.85878801346, -7.77064847946, 9.04360389709, 37.0367240906, 111.003684998, 44.8868675232, -5.86428165436], [-111.617286682, -55.281463623, 16.8296489716, -2.80955791473, -16.0203037262, -10.1695137024, -24.1426963806, 7.08186388016, 12.7365341187, 4.9749379158, 44.8868675232, 95.7847137451, 41.8138084412], [56.696144104, -20.7248344421, -81.3992462158, -32.2819252014, 24.6002998352, -7.76666069031, 8.87740516663, 2.15794086456, 3.35073065758, -20.6981525421, -5.86428165436, 41.8138084412, 94.9305114746]],
        "icov": [[0.0171357933432, -0.0215399842709, 0.0128481388092, -0.00174939422868, -0.00725605711341, 0.014351115562, -0.0165756493807, 0.0139617267996, -0.0094175087288, 0.00483866082504, -0.00241712853312, 0.00250117620453, -9.123396012e-05], [-0.0215399842709, 0.0383167527616, -0.0199949480593, 0.00537082692608, 0.00355504825711, -0.0135072357953, 0.0200157538056, -0.0124199735001, 0.0102578746155, 0.000518978282344, -0.00153603160288, 0.0053054089658, -0.000385281658964], [0.0128481388092, -0.0199949480593, 0.0203006770462, -0.0114797903225, 0.0107668144628, 0.00174110743683, -0.0103404959664, 0.0167437959462, -0.0175059735775, 0.0141704585403, -0.0096138548106, 0.00330302980728, 0.00106212531682], [-0.00174939422868, 0.00537082692608, -0.0114797903225, 0.0226210523397, -0.0201415214688, 0.0137882707641, 0.00306935259141, -0.0148108415306, 0.0250223390758, -0.0253822226077, 0.0225131716579, -0.0117376996204, 0.00660694669932], [-0.00725605711341, 0.00355504825711, 0.0107668144628, -0.0201415214688, 0.0368930920959, -0.0244220029563, 0.00900639686733, 0.00366131635383, -0.0170788764954, 0.021957334131, -0.0195200182498, 0.00906393676996, -0.00479937158525], [0.014351115562, -0.0135072357953, 0.00174110743683, 0.0137882707641, -0.0244220029563, 0.0315351970494, -0.0216696560383, 0.0103452708572, 0.00880128145218, -0.0190338566899, 0.0209666062146, -0.0110224978998, 0.0070514366962], [-0.0165756493807, 0.0200157538056, -0.0103404959664, 0.00306935259141, 0.00900639686733, -0.0216696560383, 0.0380574315786, -0.0291281268001, 0.016828071326, 0.00236242706887, -0.00968429725617, 0.00967137888074, -0.00549410143867], [0.0139617267996, -0.0124199735001, 0.0167437959462, -0.0148108415306, 0.00366131635383, 0.0103452708572, -0.0291281268001, 0.0492699183524, -0.0384142920375, 0.0240303315222, -0.00833733193576, 0.00205923756585, 0.0049454444088], [-0.0094175087288, 0.0102578746155, -0.0175059735775, 0.0250223390758, -0.0170788764954, 0.00880128145218, 0.016828071326, -0.0384142920375, 0.0544974543154, -0.0464406684041, 0.0294005088508, -0.0158035811037, 0.00253566540778], [0.00483866082504, 0.000518978282344, 0.0141704585403, -0.0253822226077, 0.021957334131, -0.0190338566899, 0.00236242706887, 0.0240303315222, -0.0464406684041, 0.0675307363272, -0.0482092015445, 0.0318985022604, -0.007936893031], [-0.00241712853312, -0.00153603160288, -0.0096138548106, 0.0225131716579, -0.0195200182498, 0.0209666062146, -0.00968429725617, -0.00833733193576, 0.0294005088508, -0.0482092015445, 0.0557767003775, -0.0394759513438, 0.0176739096642], [0.00250117620453, 0.0053054089658, 0.00330302980728, -0.0117376996204, 0.00906393676996, -0.0110224978998, 0.00967137888074, 0.00205923756585, -0.0158035811037, 0.0318985022604, -0.0394759513438, 0.0462275706232, -0.0209842324257], [-9.123396012e-05, -0.000385281658964, 0.00106212531682, 0.00660694669932, -0.00479937158525, 0.0070514366962, -0.00549410143867, 0.0049454444088, 0.00253566540778, -0.007936893031, 0.0176739096642, -0.0209842324257, 0.0243985038251]]
    },
    "melbands": {
        "max": [0.000103339945781, 0.000877669895999, 0.00640014465898, 0.0090361898765, 0.0100726168603, 0.018398700282, 0.0292536057532, 0.0365133471787, 0.00863407086581, 0.0155950402841, 0.0116115109995, 0.0203765239567, 0.00742992246523, 0.003679508809, 0.00393317919225, 0.00142729945946, 0.00117610942107, 0.000651162583381, 0.00158709380776, 0.000468673766591, 0.000310594157781, 0.000361387297744, 0.000225273732212, 8.01549031166e-05, 6.94589616614e-05, 2.93444190902e-05, 1.38497907756e-05, 6.03968419455e-06, 2.40169856625e-06, 7.62279967148e-07, 5.64190884234e-07, 1.49940476035e-07, 1.00005571824e-07, 6.01266094691e-08, 4.35364384543e-08, 4.21108694582e-08, 3.17924175874e-08, 4.15781222785e-08, 4.91564264848e-08, 3.63276164705e-08],
        "mean": [7.74181444285e-06, 2.90938041871e-05, 0.000175365130417, 0.000498794892337, 0.000658821430989, 0.000742057745811, 0.000900222687051, 0.000628257053904, 0.000191531245946, 0.000262881629169, 0.000437991926447, 0.000359785626642, 0.000214035593672, 9.65183280641e-05, 5.71362870687e-05, 2.79215983028e-05, 3.22174164467e-05, 2.64811224042e-05, 3.49557121808e-05, 1.99237292691e-05, 1.3525623217e-05, 1.62880405696e-05, 7.00056716596e-06, 4.06139270126e-06, 2.48404762715e-06, 8.17553313937e-07, 5.708678259e-07, 2.14060918324e-07, 1.12314403111e-07, 4.56380497837e-08, 2.9504573007e-08, 1.48891183827e-08, 1.46712739735e-08, 9.97299931527e-09, 9.43439548706e-09, 9.67687618925e-09, 1.07197948296e-08, 1.19560326084e-08, 1.48181920068e-08, 1.69778680004e-08],
        "min": [7.86198484093e-08, 1.01303527344e-07, 2.4454772074e-07, 8.06033938261e-07, 4.82108077904e-07, 4.12620693169e-07, 1.13635387322e-07, 4.31110329657e-08, 1.40708976915e-07, 7.19946982031e-08, 1.05479443846e-07, 1.31025785777e-07, 8.16546190663e-08, 8.48910985951e-08, 6.62732659862e-08, 4.11314680093e-08, 8.22318142468e-08, 4.57288287237e-08, 4.07769924493e-08, 2.39655211232e-08, 7.34483185383e-09, 1.62838844631e-08, 1.43396281516e-08, 7.39034788921e-09, 2.36726283021e-09, 2.66813748873e-09, 2.90531421143e-09, 3.96650401413e-09, 2.39524466927e-09, 2.79107847945e-09, 3.10957326555e-09, 3.09713654723e-09, 3.0853051225e-09, 1.68679226142e-09, 7.57700235887e-10, 9.07617259127e-10, 6.22249196613e-10, 6.88969381546e-10, 7.15888071046e-10, 5.8352200849e-10],
        "stdev": [7.82134884503e-06, 6.3077910454e-05, 0.000410866632592, 0.000881909392774, 0.00101249583531, 0.0015727437567, 0.00251322146505, 0.00206770724617, 0.000502573442645, 0.000842745997943, 0.00117144931573, 0.00113445788156, 0.000606293673627, 0.00028522813227, 0.00019730583881, 7.33459164621e-05, 7.15525893611e-05, 5.42626148672e-05, 9.74351714831e-05, 4.46691665275e-05, 2.79112755379e-05, 3.27454545186e-05, 1.39701714943e-05, 7.34221475795e-06, 5.11114649271e-06, 1.88999013062e-06, 1.26943371015e-06, 4.06029045052e-07, 1.9336111734e-07, 6.27334557635e-08, 5.04742985186e-08, 1.21650733931e-08, 6.79534872816e-09, 3.97039601197e-09, 2.90825230564e-09, 2.89355783778e-09, 2.91445934053e-09, 3.14179571248e-09, 3.82727272097e-09, 3.98060295836e-09]
    },
    "melbands128": {
        "max": [2.08162527997e-05, 6.5230022301e-05, 0.000119148826343, 0.000213697261643, 0.000346334563801, 0.00104838062543, 0.00695091160014, 0.0088066700846, 0.0113778999075, 0.0147451907396, 0.0155224995688, 0.0176210086793, 0.0182502958924, 0.0233724154532, 0.0340781696141, 0.0282541103661, 0.0590990819037, 0.0423785224557, 0.0719359666109, 0.0711970627308, 0.0278139673173, 0.0117731066421, 0.012930188328, 0.0187866892666, 0.025979263708, 0.0191628262401, 0.0295057110488, 0.019747171551, 0.0165207181126, 0.033125795424, 0.0332804508507, 0.0212601050735, 0.0104341777042, 0.0169364120811, 0.00469981320202, 0.00648895185441, 0.00821954105049, 0.0081935999915, 0.00226863869466, 0.00134648079984, 0.00249936478212, 0.00157293188386, 0.00143039505929, 0.00295258825645, 0.00146459392272, 0.001285403152, 0.00198229169473, 0.00357678998262, 0.00207244954072, 0.00107657245826, 0.000784065749031, 0.00109249120578, 0.000321870611515, 0.000810227589682, 0.00065209629247, 0.000599578954279, 0.000999244046398, 0.000502466748003, 0.000143090990605, 0.000262887129793, 9.92236746242e-05, 7.18964802218e-05, 0.000194432228454, 5.57566854695e-05, 0.000103795719042, 2.54335045611e-05, 1.89470101759e-05, 1.8865457605e-05, 2.38261491177e-05, 1.04465871118e-05, 5.02204648001e-06, 1.55378875206e-05, 6.2753133534e-06, 3.46615888702e-06, 1.17249282994e-06, 1.55527629886e-06, 4.31862900996e-07, 1.81949951639e-06, 1.18169384677e-06, 7.44652652429e-07, 1.47610379031e-07, 1.62269287785e-07, 9.92908724129e-08, 1.4745374699e-07, 1.44285209558e-07, 5.85449910773e-08, 6.76337279515e-08, 5.7646644791e-08, 3.69222732388e-08, 3.56483944586e-08, 4.54373711989e-08, 6.5116047665e-08, 4.07143261327e-08, 3.48916806558e-08, 4.08798186413e-08, 3.66590775513e-08, 3.93322991954e-08, 6.37535819692e-08, 4.21187955624e-08, 5.16436671205e-08, 5.00698327244e-08, 4.28745110526e-08, 4.74849848331e-08, 5.56335351121e-08, 3.93232468809e-08, 3.75197579672e-08, 3.04650384919e-08, 2.79258820512e-08, 2.70623878862e-08, 1.88280306901e-08, 1.36008786455e-08, 1.55814454672e-08, 1.33030013671e-08, 1.98901730641e-08, 1.0690491159e-08, 1.01474260106e-08, 9.70522151533e-09, 9.38543198714e-09, 9.12669229081e-09, 8.78014905226e-09, 8.60802007452e-09, 8.47172287877e-09, 8.30614244052e-09, 8.12907074987e-09, 8.02351607376e-09, 7.93004861777e-09, 7.77841968613e-09, 7.76834063743e-09],
        "mean": [3.52032657247e-06, 4.14344594901e-06, 1.02685762613e-05, 1.32157483677e-05, 1.28186993607e-05, 3.64567276847e-05, 0.000132040731842, 0.000196262742975, 0.000257424137089, 0.000483685929794, 0.000706401478965, 0.000598355662078, 0.00065105187241, 0.000730534666218, 0.000707124418113, 0.00071539147757, 0.000903275853489, 0.000763587013353, 0.00121111422777, 0.000765505363233, 0.000357659038855, 0.000155346337124, 0.000180804534466, 0.000208931131056, 0.000197679008124, 0.000306325702695, 0.000356171891326, 0.000537519052159, 0.000430955638876, 0.000280790700344, 0.000399207696319, 0.000391370384023, 0.000132012253744, 0.000189010170288, 8.77144411788e-05, 8.44518872327e-05, 6.96069255355e-05, 7.50136896386e-05, 3.25432629324e-05, 2.49412350968e-05, 3.47329369106e-05, 1.76350404217e-05, 2.77114231721e-05, 4.5815249905e-05, 3.18577804137e-05, 2.08203582588e-05, 1.83347856364e-05, 4.74768567074e-05, 3.52975293936e-05, 2.19093981286e-05, 2.15601648961e-05, 1.45333624459e-05, 6.71004818287e-06, 1.78351783688e-05, 1.87734658539e-05, 1.79599719559e-05, 1.28470273921e-05, 5.63665844311e-06, 5.36020752406e-06, 8.376245205e-06, 2.98386112263e-06, 1.85935914487e-06, 3.5680250221e-06, 2.32211164075e-06, 1.60612739819e-06, 6.47165109058e-07, 4.39348156078e-07, 5.90726244809e-07, 7.62011609368e-07, 2.31512146343e-07, 1.71092054302e-07, 2.57803606019e-07, 1.57690109859e-07, 7.56119860057e-08, 6.33363583802e-08, 5.68456144379e-08, 2.88407306925e-08, 3.39203616306e-08, 3.4184836295e-08, 2.04461318987e-08, 1.45084708691e-08, 1.32939961262e-08, 1.24692594028e-08, 1.98505318849e-08, 1.03524371298e-08, 9.65978408374e-09, 1.07237410063e-08, 8.78867734144e-09, 8.99392826881e-09, 1.05400568273e-08, 8.8201845827e-09, 9.90776083398e-09, 1.01812780429e-08, 9.26694365688e-09, 1.33908519828e-08, 1.02622701448e-08, 1.24848735794e-08, 1.25783792271e-08, 1.44099914223e-08, 1.67153366704e-08, 1.48647885112e-08, 1.66525015999e-08, 1.86049238238e-08, 2.16912621198e-08, 1.46594407724e-08, 1.33271109704e-08, 1.20613234955e-08, 9.83429693235e-09, 6.03579541902e-09, 4.1392653749e-09, 2.94534174827e-09, 1.96825600263e-09, 1.3174109581e-09, 7.92827969942e-10, 1.85424328669e-10, 3.89505594445e-10, 7.39967587204e-10, 9.7593695278e-12, 9.231603329e-12, 9.02377998713e-12, 8.86137257322e-12, 8.75033812769e-12, 8.58228332151e-12, 8.38487699412e-12, 8.33202083717e-12, 8.27729291358e-12, 8.1871402019e-12, 8.13448093606e-12],
        "min": [2.14982964764e-08, 3.24804005913e-08, 6.21753599717e-08, 3.43920127932e-08, 7.84241152019e-08, 8.09931037793e-08, 1.5719965063e-07, 1.49516864667e-07, 2.49994911883e-07, 4.05171988405e-07, 1.90775750752e-07, 2.91369929073e-07, 2.5288466432e-08, 2.80213271253e-07, 5.08828712498e-08, 3.51662983178e-08, 9.72033049607e-08, 3.83253038194e-08, 7.7419748834e-08, 3.36906680332e-08, 2.19505498222e-08, 7.26202173951e-08, 1.37690250313e-07, 6.26596943221e-08, 5.15508098431e-08, 3.35448220312e-08, 3.02091116566e-08, 6.87513903586e-08, 1.01954938714e-07, 1.05442794052e-07, 6.7695737016e-08, 4.62235973941e-08, 2.587607284e-08, 4.69172576345e-08, 4.32231956893e-08, 3.59995731003e-08, 3.63011380955e-08, 3.13545420738e-08, 2.90141013437e-08, 3.21172812789e-08, 2.01925001164e-08, 1.63112208185e-08, 2.19080948938e-08, 2.77188476616e-08, 3.11974162059e-08, 1.02791295475e-08, 2.04048316021e-08, 3.68544270657e-08, 2.3411356409e-08, 2.83983663252e-08, 2.34073063154e-08, 7.20094295303e-09, 4.22924006926e-09, 5.2278124052e-09, 1.79740755613e-08, 1.15517106991e-08, 1.32971003097e-08, 4.40514957845e-09, 1.24689494285e-08, 9.14503583971e-09, 6.7225736089e-09, 1.96509919448e-09, 2.98200841797e-09, 1.77926062772e-09, 2.07147055065e-09, 2.78133605036e-09, 2.11573625286e-09, 2.13012052441e-09, 2.49538301134e-09, 2.79526246594e-09, 2.65617994266e-09, 2.54321541604e-09, 1.65168700939e-09, 1.72074510196e-09, 1.634550717e-09, 1.43177536494e-09, 1.77699044368e-09, 1.79590475824e-09, 1.46388412503e-09, 1.43951472964e-09, 1.60976465491e-09, 1.38052591581e-09, 2.15451589902e-09, 3.10529935099e-09, 1.59084678764e-09, 1.54599499869e-09, 1.74318848245e-09, 9.12973197043e-10, 4.21356366465e-10, 7.44036776634e-10, 1.37699285307e-09, 7.36488092734e-10, 5.23089960236e-10, 6.66261545934e-10, 6.44041542319e-10, 6.75142719508e-10, 7.39716732312e-10, 6.76292244428e-10, 7.83582532193e-10, 7.04218461323e-10, 4.79595918534e-10, 5.69684854845e-10, 4.80743223008e-10, 1.53449697393e-09, 1.32862509883e-09, 8.33039692782e-10, 8.93317475548e-10, 5.20098464296e-10, 5.87683623987e-10, 8.16157474937e-10, 4.07081868214e-10, 3.68863356526e-10, 3.39394762294e-10, 1.53313833851e-10, 1.56405509204e-12, 1.2583990924e-12, 8.34038838427e-13, 7.01067350874e-13, 6.72320706052e-13, 6.14725664035e-13, 6.40218997608e-13, 5.75783290404e-13, 6.99603840571e-13, 6.77199670038e-13, 6.06029874721e-13, 7.27223457234e-13, 5.87971728597e-13, 7.26177147928e-13],
        "stdev": [2.42284522756e-06, 4.41342081103e-06, 1.17565687106e-05, 1.75322784344e-05, 1.90262362594e-05, 8.68461429491e-05, 0.000470545841381, 0.000546258001123, 0.000565898488276, 0.00104528001975, 0.00148028088734, 0.00117455748841, 0.00131268368568, 0.00174774986226, 0.00220429082401, 0.00208562542684, 0.00356894917786, 0.00289166672155, 0.0049122790806, 0.00328235328197, 0.00142855464946, 0.000689729582518, 0.000588369439356, 0.000817329215351, 0.000976822338998, 0.0013320556609, 0.00162645662203, 0.00176771753468, 0.00161059526727, 0.00141010584775, 0.0017766635865, 0.00148170883767, 0.000613074400462, 0.000889945018571, 0.00031824639882, 0.000404619815527, 0.000289708288619, 0.00036369409645, 0.000125215912703, 7.73859501351e-05, 0.000118286639918, 6.07448600931e-05, 7.28431332391e-05, 0.000144355915836, 8.53813544381e-05, 6.45326945232e-05, 7.59481990826e-05, 0.000182609510375, 0.000113322486868, 7.58047608542e-05, 6.28740890534e-05, 4.79734007968e-05, 2.25617350225e-05, 5.33468191861e-05, 4.88215046062e-05, 4.83918374812e-05, 4.30913714808e-05, 2.14308383875e-05, 1.29755653688e-05, 2.21138070629e-05, 7.69845064497e-06, 4.88113528263e-06, 1.03773909359e-05, 5.32319245394e-06, 5.84015833738e-06, 1.68736630712e-06, 1.20964534744e-06, 1.40793281389e-06, 2.07567359212e-06, 5.62938566873e-07, 4.09172599802e-07, 7.88057377576e-07, 3.67661840528e-07, 1.663544964e-07, 1.10870914227e-07, 1.09493505818e-07, 3.58966900649e-08, 7.55364695237e-08, 8.15629519479e-08, 3.60113290299e-08, 1.26562369474e-08, 1.19301937218e-08, 8.41421954334e-09, 1.07723714393e-08, 6.75827793728e-09, 5.11613817977e-09, 5.66906388499e-09, 4.15808365517e-09, 3.85152088e-09, 4.52886617097e-09, 3.91749432893e-09, 4.21754631219e-09, 4.07760758492e-09, 3.79081521729e-09, 5.51227907764e-09, 4.10244460625e-09, 4.74780303961e-09, 4.64583971294e-09, 5.14641307348e-09, 6.08267081148e-09, 5.43543832165e-09, 5.79542813739e-09, 6.08032868499e-09, 7.48194484146e-09, 4.89356599687e-09, 4.68788874386e-09, 3.86863741042e-09, 3.25193449946e-09, 2.24366947243e-09, 1.48946199818e-09, 1.01869612745e-09, 7.72140629213e-10, 5.88492532483e-10, 6.67444266522e-10, 3.72667369186e-10, 4.49642795219e-10, 5.57045964911e-10, 2.04941022486e-10, 1.99293220815e-10, 1.91722721032e-10, 1.87958662523e-10, 1.84981030493e-10, 1.81362314056e-10, 1.77494574594e-10, 1.75191375296e-10, 1.73148773097e-10, 1.69844707743e-10, 1.69625244406e-10]
    },
    "mfcc": {
        "mean": [-736.334716797, 186.935211182, -32.8902778625, -15.6434526443, 4.67870855331, -27.0120849609, -13.2870378494, -9.31479644775, -8.2175359726, -13.095908165, -11.5445404053, -11.1484594345, -5.64266109467],
        "cov": [[1725.15979004, 361.694244385, -823.71875, 171.624099731, -26.5927867889, -176.116485596, 143.365951538, 44.6070861816, 22.3135509491, 13.1730146408, -52.2456970215, -20.9985351562, -31.8108177185], [361.694244385, 297.643768311, 34.9240570068, -55.2066650391, -44.2924690247, -21.5367164612, 8.54601764679, -34.7872848511, -67.0988082886, -19.1877880096, -7.92845535278, -25.8746929169, -26.4241218567], [-823.71875, 34.9240570068, 741.356384277, -35.0338516235, -48.9050331116, 45.4195480347, -123.719726562, -88.8060836792, -103.875968933, -49.6273765564, 35.0941200256, 15.7538890839, 4.7364025116], [171.624099731, -55.2066650391, -35.0338516235, 282.709259033, 35.711391449, -128.476776123, -42.5638771057, 0.357675552368, 5.73063659668, -26.3151187897, -0.925206124783, 48.025352478, 15.8407144547], [-26.5927867889, -44.2924690247, -48.9050331116, 35.711391449, 96.5618362427, 30.2278156281, -25.6131038666, 0.196365952492, 18.5078277588, 3.0825445652, -1.17491495609, 1.8965215683, 5.0835351944], [-176.116485596, -21.5367164612, 45.4195480347, -128.476776123, 30.2278156281, 195.326843262, 85.6416778564, -7.60990142822, -5.68610095978, 19.4260063171, -7.72793960571, -53.6035499573, -23.7073936462], [143.365951538, 8.54601764679, -123.719726562, -42.5638771057, -25.6131038666, 85.6416778564, 186.212799072, 58.5062599182, -15.6998586655, 9.50486946106, -19.0590858459, -37.9789390564, -21.109495163], [44.6070861816, -34.7872848511, -88.8060836792, 0.357675552368, 0.196365952492, -7.60990142822, 58.5062599182, 98.1919403076, 48.0442695618, -9.4078207016, -12.78358078, -3.11446976662, -15.2010087967], [22.3135509491, -67.0988082886, -103.875968933, 5.73063659668, 18.5078277588, -5.68610095978, -15.6998586655, 48.0442695618, 123.44543457, 48.3085327148, -13.6696386337, -11.8892717361, -22.7823753357], [13.1730146408, -19.1877880096, -49.6273765564, -26.3151187897, 3.0825445652, 19.4260063171, 9.50486946106, -9.4078207016, 48.3085327148, 104.584068298, 37.0754852295, -22.2773647308, -17.8467712402], [-52.2456970215, -7.92845535278, 35.0941200256, -0.925206124783, -1.17491495609, -7.72793960571, -19.0590858459, -12.78358078, -13.6696386337, 37.0754852295, 88.4409790039, 47.9530525208, 5.12838077545], [-20.9985351562, -25.8746929169, 15.7538890839, 48.025352478, 1.8965215683, -53.6035499573, -37.9789390564, -3.11446976662, -11.8892717361, -22.2773647308, 47.9530525208, 125.550926208, 65.6599121094], [-31.8108177185, -26.4241218567, 4.7364025116, 15.8407144547, 5.0835351944, -23.7073936462, -21.109495163, -15.2010087967, -22.7823753357, -17.8467712402, 5.12838077545, 65.6599121094, 112.797325134]],
        "icov": [[0.0124223316088, -0.018342487514, 0.0153857581317, -0.0124167231843, 0.00969819258898, -0.00520151620731, 0.00232040486299, -0.000147661208757, -2.15341533476e-05, -0.000451747386251, -3.52077622665e-05, -0.000226930438657, -0.000754029490054], [-0.018342487514, 0.0319263115525, -0.022780450061, 0.0202742684633, -0.014606917277, 0.0105705661699, -0.00485415849835, 0.00242163380608, 0.00195445748977, 0.00101631798316, 0.000764289521612, 0.000463694508653, 0.00296435202472], [0.0153857581317, -0.022780450061, 0.0221490934491, -0.0173604357988, 0.0169464536011, -0.012105689384, 0.00957738142461, -0.00426019402221, 0.0049641309306, -0.00245454302058, 0.00109108351171, -0.00107045751065, -0.000391616165871], [-0.0124167231843, 0.0202742684633, -0.0173604357988, 0.0219299457967, -0.0190215818584, 0.0177127867937, -0.0122059881687, 0.00917272269726, -0.00583711313084, 0.00562471942976, -0.00204274686985, 0.000480423244881, 0.00195313245058], [0.00969819258898, -0.014606917277, 0.0169464536011, -0.0190215818584, 0.0335742533207, -0.0241228956729, 0.0217152480036, -0.0148740867153, 0.0111278546974, -0.00807399395853, 0.00492657162249, -0.0025816350244, -0.00100196141284], [-0.00520151620731, 0.0105705661699, -0.012105689384, 0.0177127867937, -0.0241228956729, 0.0323378443718, -0.027326412499, 0.0224110800773, -0.0167092997581, 0.0127023197711, -0.00869444943964, 0.00645712018013, 9.16675053304e-05], [0.00232040486299, -0.00485415849835, 0.00957738142461, -0.0122059881687, 0.0217152480036, -0.027326412499, 0.0361756533384, -0.0307035464793, 0.0264891274273, -0.0194014254957, 0.0137275867164, -0.00617749243975, 0.00199188035913], [-0.000147661208757, 0.00242163380608, -0.00426019402221, 0.00917272269726, -0.0148740867153, 0.0224110800773, -0.0307035464793, 0.0428540110588, -0.0309408102185, 0.0248688384891, -0.0156907234341, 0.00698347762227, -0.000840146793053], [-2.15341533476e-05, 0.00195445748977, 0.0049641309306, -0.00583711313084, 0.0111278546974, -0.0167092997581, 0.0264891274273, -0.0309408102185, 0.040773075074, -0.0293099917471, 0.0226523466408, -0.0118620377034, 0.00731009151787], [-0.000451747386251, 0.00101631798316, -0.00245454302058, 0.00562471942976, -0.00807399395853, 0.0127023197711, -0.0194014254957, 0.0248688384891, -0.0293099917471, 0.0375618077815, -0.0273222606629, 0.0159688871354, -0.00585226202384], [-3.52077622665e-05, 0.000764289521612, 0.00109108351171, -0.00204274686985, 0.00492657162249, -0.00869444943964, 0.0137275867164, -0.0156907234341, 0.0226523466408, -0.0273222606629, 0.0366523563862, -0.0209464989603, 0.00959424395114], [-0.000226930438657, 0.000463694508653, -0.00107045751065, 0.000480423244881, -0.0025816350244, 0.00645712018013, -0.00617749243975, 0.00698347762227, -0.0118620377034, 0.0159688871354, -0.0209464989603, 0.0252277832478, -0.0123215112835], [-0.000754029490054, 0.00296435202472, -0.000391616165871, 0.00195313245058, -0.00100196141284, 9.16675053304e-05, 0.00199188035913, -0.000840146793053, 0.00731009151787, -0.00585226202384, 0.00959424395114, -0.0123215112835, 0.0167001020163]]
    },
    "spectral_contrast_coeffs": {
        "max": [-0.350132226944, -0.326388657093, -0.357671558857, -0.568160235882, -0.609590053558, -0.781139314175],
        "mean": [-0.594167590141, -0.684263706207, -0.686638534069, -0.763348937035, -0.754377007484, -0.855848431587],
        "min": [-0.884126603603, -0.927431225777, -0.915453732014, -0.947717428207, -0.9046702981, -0.923042714596],
        "stdev": [0.0888804197311, 0.103014983237, 0.090542525053, 0.0544799678028, 0.0543103143573, 0.0185365136713]
    },
    "spectral_contrast_valleys": {
        "max": [-6.14506673813, -5.26651382446, -5.58607912064, -5.635679245, -7.45625305176, -10.7667322159],
        "mean": [-8.06278800964, -6.93233537674, -7.64563512802, -8.12712574005, -9.06811904907, -11.5648050308],
        "min": [-9.76934051514, -9.29849624634, -9.60276126862, -9.92605018616, -11.0291061401, -11.9554224014],
        "stdev": [0.5306661129, 0.597143352032, 0.58209425211, 0.607896506786, 0.462337046862, 0.0938868820667]
    }
},
"rhythm": {
    "beats_count": 80,
    "beats_loudness": {
        "max": 0.107482343912,
        "mean": 0.0306550357491,
        "min": 8.39412750793e-05,
        "stdev": 0.0219830051064
    },
    "bpm": 89.9930648804,
    "bpm_histogram_first_peak_bpm": 98,
    "bpm_histogram_first_peak_weight": 0.518518447876,
    "bpm_histogram_second_peak_bpm": 89,
    "bpm_histogram_second_peak_spread": 0.45454543829,
    "bpm_histogram_second_peak_weight": 0.151898741722,
    "danceability": 1.15833246708,
    "onset_rate": 2.091796875,
    "beats_loudness_band_ratio": {
        "max": [0.218789741397, 0.9771027565, 0.982194900513, 0.922254860401, 0.36535602808, 0.0572486966848],
        "mean": [0.0308901518583, 0.313033699989, 0.375440776348, 0.263606727123, 0.073279581964, 0.00373758934438],
        "min": [0.00141663569957, 0.00180224445648, 0.013305102475, 0.0064609660767, 0.00190743373241, 0.000123099016491],
        "stdev": [0.0414048694074, 0.256426900625, 0.277044743299, 0.273124396801, 0.0893674045801, 0.00782735832036]
    },
