{
"metadata": {
    "version": {
        "essentia": "2.1-beta5",
        "essentia_git_sha": "Undefined",
        "extractor": "music 2.0"
    },
    "audio_properties": {
        "analysis": {
            "equal_loudness": 0,
            "length": 32.4963264465,
            "sample_rate": 44100,
            "start_time": 142.733062744,
            "downmix": "mix"
        },
        "bit_rate": 192000,
        "length": 224.92010498,
        "lossless": 0,
        "number_channels": 2,
        "replay_gain": -4.32848358154,
        "sample_rate": 48000,
        "codec": "mp3",
        "md5_encoded": "8b185f07463da7d1d64236fef0f4dfd2"
    },
    "tags": {
        "file_name": "Switzerland_Cielo E Terra_Anita Traversi.mp3",
        "encoding": ["Lavf58.29.100"]
    }
},
"lowlevel": {
    "average_loudness": 0.843010902405,
    "barkbands_crest": {
        "max": 21.8067321777,
        "mean": 8.8725938797,
        "min": 2.92459654808,
        "stdev": 3.62409257889
    },
    "barkbands_flatness_db": {
        "max": 0.32142791152,
        "mean": 0.201816558838,
        "min": 0.0635588094592,
        "stdev": 0.0335019417107
    },
    "barkbands_kurtosis": {
        "max": 12.4951400757,
        "mean": 0.414190500975,
        "min": -1.84664320946,
        "stdev": 1.54177641869
    },
    "barkbands_skewness": {
        "max": 2.82388877869,
        "mean": 0.403777748346,
        "min": -1.3610278368,
        "stdev": 0.682442307472
    },
    "barkbands_spread": {
        "max": 51.76795578,
        "mean": 15.2699861526,
        "min": 3.33526110649,
        "stdev": 6.53491640091
    },
    "dissonance": {
        "max": 0.499795645475,
        "mean": 0.455968946218,
        "min": 0.306513488293,
        "stdev": 0.0293298792094
    },
    "dynamic_complexity": 3.97338151932,
    "erbbands_crest": {
        "max": 25.2454662323,
        "mean": 10.2154693604,
        "min": 3.67364645004,
        "stdev": 3.5747191906
    },
    "erbbands_flatness_db": {
        "max": 0.366527020931,
        "mean": 0.277744412422,
        "min": 0.135366529226,
        "stdev": 0.0321788601577
    },
    "erbbands_kurtosis": {
        "max": 11.6094779968,
        "mean": 0.405574679375,
        "min": -1.66073358059,
        "stdev": 1.42656242847
    },
    "erbbands_skewness": {
        "max": 2.26134395599,
        "mean": 0.179556056857,
        "min": -1.96183764935,
        "stdev": 0.601173460484
    },
    "erbbands_spread": {
        "max": 52.9019966125,
        "mean": 19.6294307709,
        "min": 4.99107503891,
        "stdev": 8.42192554474
    },
    "hfc": {
        "max": 126.88369751,
        "mean": 16.5926437378,
        "min": 0.00870781950653,
        "stdev": 17.5830802917
    },
    "loudness_ebu128": {
        "integrated": -21.3947200775,
        "loudness_range": 6.80772018433,
        "momentary": {
            "max": -15.8436012268,
            "mean": -23.2052154541,
            "min": -45.9219207764,
            "stdev": 4.38826322556
        },
        "short_term": {
            "max": -17.9555549622,
            "mean": -22.1097049713,
            "min": -27.0261287689,
            "stdev": 2.36875724792
        }
    },
    "melbands_crest": {
        "max": 29.1660346985,
        "mean": 11.0258426666,
        "min": 3.32287788391,
        "stdev": 4.79104709625
    },
    "melbands_flatness_db": {
        "max": 0.335751563311,
        "mean": 0.209424957633,
        "min": 0.0705099031329,
        "stdev": 0.04497006163
    },
    "melbands_kurtosis": {
        "max": 26.3865718842,
        "mean": 1.71613848209,
        "min": -1.61457848549,
        "stdev": 3.21324467659
    },
    "melbands_skewness": {
        "max": 4.56910133362,
        "mean": 0.884171128273,
        "min": -0.689752936363,
        "stdev": 0.822502493858
    },
    "melbands_spread": {
        "max": 95.1267471313,
        "mean": 25.6247749329,
        "min": 5.10099172592,
        "stdev": 11.9546775818
    },
    "pitch_salience": {
        "max": 0.874479234219,
        "mean": 0.5589671731,
        "min": 0.258328586817,
        "stdev": 0.0981530025601
    },
    "silence_rate_20dB": {
        "max": 1,
        "mean": 1,
        "min": 1,
        "stdev": 0
    },
    "silence_rate_30dB": {
        "max": 1,
        "mean": 1,
        "min": 1,
        "stdev": 0
    },
    "silence_rate_60dB": {
        "max": 1,
        "mean": 0.137758746743,
        "min": 0,
        "stdev": 0.344646722078
    },
    "spectral_centroid": {
        "max": 3066.44140625,
        "mean": 1466.9621582,
        "min": 486.595245361,
        "stdev": 523.069030762
    },
    "spectral_complexity": {
        "max": 38,
        "mean": 15.5967168808,
        "min": 0,
        "stdev": 7.73440790176
    },
    "spectral_decrease": {
        "max": -1.54401762643e-12,
        "mean": -3.30465299569e-09,
        "min": -1.97945286828e-08,
        "stdev": 2.72933098344e-09
    },
    "spectral_energy": {
        "max": 0.086217828095,
        "mean": 0.0139775304124,
        "min": 6.61729336571e-06,
        "stdev": 0.0118083981797
    },
    "spectral_energyband_high": {
        "max": 0.00192239508033,
        "mean": 0.000131201115437,
        "min": 4.24058328008e-07,
        "stdev": 0.000206292170333
    },
    "spectral_energyband_low": {
        "max": 0.00853207055479,
        "mean": 0.000401793338824,
        "min": 1.31602030251e-06,
        "stdev": 0.000775011663791
    },
    "spectral_energyband_middle_high": {
        "max": 0.0796754285693,
        "mean": 0.00758146774024,
        "min": 2.35929178416e-06,
        "stdev": 0.00855829380453
    },
    "spectral_energyband_middle_low": {
        "max": 0.0485456585884,
        "mean": 0.00617717159912,
        "min": 8.42574877424e-07,
        "stdev": 0.00594441965222
    },
    "spectral_entropy": {
        "max": 8.39430046082,
        "mean": 7.14409542084,
        "min": 6.20636463165,
        "stdev": 0.299305200577
    },
    "spectral_flux": {
        "max": 0.18906852603,
        "mean": 0.0481928698719,
        "min": 0.00146246945951,
        "stdev": 0.0276929382235
    },
    "spectral_kurtosis": {
        "max": 41.4048995972,
        "mean": 7.46071386337,
        "min": -0.401106595993,
        "stdev": 5.31286668777
    },
    "spectral_rms": {
        "max": 0.0091714207083,
        "mean": 0.00335881230421,
        "min": 8.03485891083e-05,
        "stdev": 0.00153459433932
    },
    "spectral_rolloff": {
        "max": 5060.30273438,
        "mean": 1737.63720703,
        "min": 322.998046875,
        "stdev": 700.564880371
    },
    "spectral_skewness": {
        "max": 4.61368608475,
        "mean": 1.4979852438,
        "min": 0.0792134925723,
        "stdev": 0.593611299992
    },
    "spectral_spread": {
        "max": 24431090,
        "mean": 2345964.5,
        "min": 1542981.125,
        "stdev": 807916.125
    },
    "spectral_strongpeak": {
        "max": 11.4256095886,
        "mean": 1.68624150753,
        "min": 0,
        "stdev": 1.52090835571
    },
    "zerocrossingrate": {
        "max": 0.130859375,
        "mean": 0.0575656071305,
        "min": 0.01171875,
        "stdev": 0.0184865817428
    },
    "barkbands": {
        "max": [0.000372806185624, 0.00584797561169, 0.00430000992492, 0.000307197566144, 0.0135079696774, 0.0200692377985, 0.0122679835185, 0.0172339826822, 0.0440718457103, 0.0333905927837, 0.0235839746892, 0.0161089953035, 0.0127664031461, 0.0387244448066, 0.0177611261606, 0.0110135274008, 0.00940604507923, 0.0079391207546, 0.00788350589573, 0.00415007164702, 0.000676304567605, 0.000273962563369, 0.00019858055748, 5.17568187206e-05, 8.4398573108e-07, 8.60800810187e-07, 9.40964525853e-07],
        "mean": [1.48621111293e-05, 0.000324687833199, 6.08871669101e-05, 2.01489219762e-05, 0.000643201405182, 0.00139449955896, 0.00042418614612, 0.00104628875852, 0.00210152403452, 0.00146091007628, 0.000591507880017, 0.000809299293905, 0.000919634592719, 0.00111985567492, 0.000825666531455, 0.000582544540521, 0.0004325020127, 0.000555503356736, 0.000365522690117, 0.000200113092433, 5.08087796334e-05, 2.13922048715e-05, 9.69077882473e-06, 2.21101004172e-06, 8.27154238436e-08, 1.58014168417e-09, 1.69624303492e-09],
        "min": [1.97172767002e-08, 1.57771395948e-07, 5.41110125596e-08, 3.48603386158e-08, 2.29509765859e-07, 7.50248148051e-08, 2.07707877564e-08, 7.56143236913e-08, 7.20355473049e-08, 6.95902713232e-08, 2.32756445229e-08, 4.74796109984e-07, 1.29740499233e-07, 2.8105185379e-07, 5.86803388103e-08, 4.68651961683e-08, 6.4336617811e-08, 1.16783013482e-07, 1.28799655386e-07, 6.62410855057e-08, 6.70853239626e-08, 7.26169417931e-08, 5.75358818367e-08, 5.86798591939e-08, 3.31372227436e-08, 4.30452999634e-11, 5.78374882709e-11],
        "stdev": [2.16877579078e-05, 0.000608489499427, 0.000225868498092, 3.59218211088e-05, 0.00088033429347, 0.00252470024861, 0.000956788193434, 0.00160070054699, 0.00398121308535, 0.00269072293304, 0.00171934987884, 0.00138813466765, 0.00136752007529, 0.00248995469883, 0.00178183312528, 0.00119820376858, 0.000826792791486, 0.00103123451117, 0.000804933661129, 0.000401841418352, 9.81746197795e-05, 3.78705226467e-05, 1.88848916878e-05, 4.58981003248e-06, 3.58632519237e-08, 2.6304048717e-08, 2.85684329526e-08]
    },
    "erbbands": {
        "max": [0.0984091833234, 1.67585206032, 5.92301940918, 0.962324142456, 4.01440906525, 32.9263458252, 117.058158875, 207.695632935, 305.578613281, 139.090484619, 477.357635498, 1207.91931152, 1279.65881348, 669.059509277, 701.331787109, 453.993804932, 671.349243164, 968.469238281, 1085.75463867, 1056.27087402, 690.492675781, 379.759460449, 494.984863281, 527.18548584, 195.191055298, 267.745513916, 39.090461731, 17.9465389252, 10.3569698334, 7.25991535187, 4.40341901779, 2.27552914619, 0.177121430635, 0.0103923929855, 0.00573316961527, 0.00339924823493, 0.00160872354172, 0.000580820371397, 0.000140932315844, 0.00011010018352],
        "mean": [0.00734667107463, 0.0776121392846, 0.105420783162, 0.0591137669981, 0.355035632849, 2.24701023102, 8.91962528229, 10.4891014099, 7.88747930527, 9.36297130585, 31.2761669159, 51.8660774231, 42.8839492798, 35.6898422241, 30.2203979492, 34.1770706177, 46.701423645, 55.7959938049, 40.8367004395, 42.4772911072, 34.0741500854, 22.4927349091, 30.9621505737, 25.7249183655, 13.6179533005, 10.6903629303, 3.14816212654, 1.26184749603, 0.806783854961, 0.495748072863, 0.245489165187, 0.102041907609, 0.0109410295263, 0.00165226776153, 0.000384530838346, 3.1408668292e-05, 1.19231835924e-05, 4.53425263913e-06, 8.68346978677e-06, 1.74021315615e-05],
        "min": [1.07666855911e-05, 5.72595818085e-05, 5.2526811487e-05, 9.34480121941e-05, 0.00025692008785, 0.00026673276443, 0.000194628155441, 0.000632483977824, 0.00049224961549, 0.000606734945904, 0.00124227011111, 0.00152218993753, 0.00188607303426, 0.00227254163474, 0.00326476967894, 0.0251216832548, 0.00811069086194, 0.017838826403, 0.00784099940211, 0.00396764371544, 0.00289315124974, 0.00334943062626, 0.00620790291578, 0.00831815227866, 0.00442885467783, 0.00346536398865, 0.00286935549229, 0.00318528478965, 0.00300647784024, 0.00186402688269, 0.00146988022607, 0.00128947081976, 0.000900649058167, 0.00055396836251, 0.00011225756316, 3.87053933082e-06, 4.08189748669e-07, 9.96119382535e-08, 2.33029417984e-08, 1.09346469657e-08],
        "stdev": [0.0128890909255, 0.1583455652, 0.347449630499, 0.0825565308332, 0.44057071209, 2.92376351357, 12.6750364304, 22.2531967163, 23.3307132721, 13.3072662354, 45.6254234314, 101.241409302, 90.8525238037, 59.3716697693, 58.6880073547, 53.4988899231, 69.0476455688, 86.0582504272, 92.2322006226, 100.433204651, 68.0555725098, 39.1204452515, 53.5232124329, 49.8738975525, 25.1195602417, 24.0485401154, 5.36034297943, 2.2503862381, 1.42696988583, 0.94358253479, 0.472705692053, 0.2086815238, 0.0186090953648, 0.000954243703745, 0.000227867101785, 0.000105403159978, 4.96639841003e-05, 1.80210354301e-05, 8.68952611199e-06, 1.5174253349e-05]
    },
    "gfcc": {
        "mean": [-96.6242446899, 146.891860962, -205.797821045, 18.2100563049, -61.7609672546, -8.12659168243, -18.2414989471, -9.37434005737, -1.84380662441, -15.3244600296, 9.46433448792, -12.7518415451, 7.10771512985],
        "cov": [[3877.328125, -189.86756897, -1144.76708984, -126.139640808, 5.46573543549, -457.256530762, 250.459197998, -180.684616089, 337.988922119, -109.164588928, 158.712417603, 109.619895935, -35.2984695435], [-189.86756897, 675.253234863, 366.997924805, -243.594024658, 138.975524902, 38.2093849182, 65.5926589966, 95.6364822388, -67.0574035645, 3.37063765526, -18.5717067719, -94.9529342651, 14.7635030746], [-1144.76708984, 366.997924805, 660.651428223, 50.8436393738, 59.3766403198, 242.405776978, -15.3367099762, 99.8387832642, -94.4139862061, 40.9638137817, -29.8637161255, -71.1977157593, 2.49756002426], [-126.139640808, -243.594024658, 50.8436393738, 395.24798584, 37.7416648865, 116.78313446, 21.7222175598, 10.7966499329, 62.29322052, 27.1321392059, 20.8508377075, 56.5844535828, -6.80152606964], [5.46573543549, 138.975524902, 59.3766403198, 37.7416648865, 220.174179077, 47.72996521, 40.4486885071, 84.2954864502, 9.18448162079, 29.4282569885, 7.53690767288, -8.20762729645, 10.7456979752], [-457.256530762, 38.2093849182, 242.405776978, 116.78313446, 47.72996521, 429.790344238, 135.238220215, -36.2219848633, -1.9224281311, 45.703453064, -34.7281684875, -16.0083637238, -39.6051559448], [250.459197998, 65.5926589966, -15.3367099762, 21.7222175598, 40.4486885071, 135.238220215, 195.494491577, 17.3789730072, 20.4440803528, 20.2777786255, 4.94072961807, 1.23223674297, -17.2535247803], [-180.684616089, 95.6364822388, 99.8387832642, 10.7966499329, 84.2954864502, -36.2219848633, 17.3789730072, 145.134460449, 12.0754537582, 8.85223865509, 3.08823037148, -17.4946727753, 18.3705215454], [337.988922119, -67.0574035645, -94.4139862061, 62.29322052, 9.18448162079, -1.9224281311, 20.4440803528, 12.0754537582, 126.075790405, 17.3243350983, 6.96092510223, 17.0469493866, -7.79048061371], [-109.164588928, 3.37063765526, 40.9638137817, 27.1321392059, 29.4282569885, 45.703453064, 20.2777786255, 8.85223865509, 17.3243350983, 71.1189041138, 23.7191848755, 3.98374557495, -5.20674800873], [158.712417603, -18.5717067719, -29.8637161255, 20.8508377075, 7.53690767288, -34.7281684875, 4.94072961807, 3.08823037148, 6.96092510223, 23.7191848755, 92.1172714233, 40.237411499, 5.89221334457], [109.619895935, -94.9529342651, -71.1977157593, 56.5844535828, -8.20762729645, -16.0083637238, 1.23223674297, -17.4946727753, 17.0469493866, 3.98374557495, 40.237411499, 82.9207382202, 25.0041370392], [-35.2984695435, 14.7635030746, 2.49756002426, -6.80152606964, 10.7456979752, -39.6051559448, -17.2535247803, 18.3705215454, -7.79048061371, -5.20674800873, 5.89221334457, 25.0041370392, 66.225982666]],
        "icov": [[0.00224395026453, -0.000194264823222, 0.000914633099455, 0.000408736814279, -0.00240797689185, 0.00324211176485, -0.00481755612418, 0.00548463501036, -0.00584410643205, 0.00498525332659, -0.00379396486096, 0.00167338247411, 0.000210158614209], [-0.000194264823222, 0.0100965853781, -0.00984568893909, 0.00676020374522, -0.00745947472751, 0.00588937522843, -0.00787714589387, 0.00672338996083, -0.00448473496363, 0.00421275291592, -0.000993312336504, 0.00232776976191, -0.0014604042517], [0.000914633099455, -0.00984568893909, 0.0141037590802, -0.00676028663293, 0.00759924389422, -0.00828062836081, 0.00883842725307, -0.00923461373895, 0.00547505589202, -0.00383472442627, -0.00119023688603, 0.000872987147886, 0.00025416634162], [0.000408736814279, 0.00676020374522, -0.00676028663293, 0.00826632976532, -0.00593806244433, 0.00370909576304, -0.0057788877748, 0.00525406096131, -0.00603129854426, 0.00416396791115, -0.00147624511737, -0.00124151806813, 0.000251392979408], [-0.00240797689185, -0.00745947472751, 0.00759924389422, -0.00593806244433, 0.0152131048962, -0.00991902686656, 0.0118432017043, -0.0162399169058, 0.0110645368695, -0.0107968878001, 0.0044957222417, -0.00264769233763, -0.000274663034361], [0.00324211176485, 0.00588937522843, -0.00828062836081, 0.00370909576304, -0.00991902686656, 0.0158909894526, -0.0171187948436, 0.0180707145482, -0.0128413615748, 0.00873513519764, -0.00319377332926, 0.00234038964845, 0.0013252630597], [-0.00481755612418, -0.00787714589387, 0.00883842725307, -0.0057788877748, 0.0118432017043, -0.0171187948436, 0.0263240002096, -0.0222539510578, 0.017358712852, -0.0148909566924, 0.00752359163016, -0.00523797981441, 0.00131284538656], [0.00548463501036, 0.00672338996083, -0.00923461373895, 0.00525406096131, -0.0162399169058, 0.0180707145482, -0.0222539510578, 0.0341452881694, -0.0217847041786, 0.0165856275707, -0.00988257676363, 0.00766836758703, -0.00278971833177], [-0.00584410643205, -0.00448473496363, 0.00547505589202, -0.00603129854426, 0.0110645368695, -0.0128413615748, 0.017358712852, -0.0217847041786, 0.0293920636177, -0.0187270734459, 0.0114709315822, -0.0059502935037, 0.00136056996416], [0.00498525332659, 0.00421275291592, -0.00383472442627, 0.00416396791115, -0.0107968878001, 0.00873513519764, -0.0148909566924, 0.0165856275707, -0.0187270734459, 0.0324375070632, -0.0150676192716, 0.00597525527701, 0.000217747408897], [-0.00379396486096, -0.000993312336504, -0.00119023688603, -0.00147624511737, 0.0044957222417, -0.00319377332926, 0.00752359163016, -0.00988257676363, 0.0114709315822, -0.0150676192716, 0.0238188803196, -0.0125877093524, 0.00295265135355], [0.00167338247411, 0.00232776976191, 0.000872987147886, -0.00124151806813, -0.00264769233763, 0.00234038964845, -0.00523797981441, 0.00766836758703, -0.0059502935037, 0.00597525527701, -0.0125877093524, 0.0261904057115, -0.0104485955089], [0.000210158614209, -0.0014604042517, 0.00025416634162, 0.000251392979408, -0.000274663034361, 0.0013252630597, 0.00131284538656, -0.00278971833177, 0.00136056996416, 0.000217747408897, 0.00295265135355, -0.0104485955089, 0.0213660281152]]
    },
    "melbands": {
        "max": [0.00100859010126, 0.00248382729478, 0.00018583185738, 0.000903973821551, 0.00406223908067, 0.00441400520504, 0.00405055098236, 0.00198142253794, 0.00410931184888, 0.00661436002702, 0.00636948831379, 0.0028595267795, 0.00332967657596, 0.00241988105699, 0.00137570127845, 0.0010533031309, 0.00247356016189, 0.00272976560518, 0.00125673261937, 0.00105378881563, 0.00107483845204, 0.000519765540957, 0.000510835263412, 0.000419105461333, 0.000482458941406, 0.000218766610487, 0.000148586696014, 0.000168207407114, 2.7998805308e-05, 1.43511679198e-05, 1.29102627398e-05, 5.92100650465e-06, 7.40002815292e-06, 5.37773803444e-06, 2.73523232863e-06, 3.09015922539e-06, 1.02820888515e-06, 1.24824950376e-07, 1.15336540318e-08, 7.8133304271e-09],
        "mean": [8.09214106994e-05, 7.16971844668e-05, 1.60280287673e-05, 8.39788408484e-05, 0.000276872655377, 0.000245393544901, 0.000112985493615, 0.000122379235108, 0.000300371320918, 0.000301409279928, 0.000209529753192, 0.000149083294673, 9.19099256862e-05, 0.000100166151242, 9.42531769397e-05, 9.14727206691e-05, 0.000107197760371, 6.6176035034e-05, 5.75015546929e-05, 4.06973922509e-05, 4.26036058343e-05, 2.06542117667e-05, 2.48195265158e-05, 3.35336262651e-05, 1.95089614863e-05, 1.12283669296e-05, 8.63405330165e-06, 6.15034468865e-06, 2.11412066164e-06, 8.93072694907e-07, 7.15380735983e-07, 4.19538707774e-07, 4.43535071781e-07, 2.25361631578e-07, 1.46028099834e-07, 1.01727941626e-07, 4.54110065107e-08, 6.69288535704e-09, 1.3397498666e-09, 1.1180080195e-09],
        "min": [1.364937674e-07, 3.72450585928e-08, 1.93930400627e-08, 6.01838721082e-08, 6.36411412458e-09, 1.39700846447e-08, 6.24609297617e-09, 9.39809829958e-09, 7.38300487413e-09, 1.09638369494e-08, 7.50055573207e-09, 7.68487673497e-09, 3.48440098996e-09, 4.89176557039e-08, 3.426788453e-08, 2.39624444731e-08, 3.06940783901e-08, 4.9976338623e-09, 4.45738912447e-09, 3.36544792034e-09, 2.98132940557e-09, 2.7088531418e-09, 3.02543301522e-09, 6.03525673881e-09, 6.38193942137e-09, 3.00242763984e-09, 2.38278241582e-09, 2.04493177947e-09, 1.81530002141e-09, 1.18996235088e-09, 1.74017467103e-09, 1.54432078237e-09, 1.31562549743e-09, 8.54235071568e-10, 6.46959097406e-10, 8.62654614409e-10, 5.81962922297e-10, 5.27481280876e-10, 4.29456331608e-10, 4.1470868406e-10],
        "stdev": [0.000140314499731, 0.00018187086971, 1.96684432012e-05, 0.000102867474197, 0.000369572167983, 0.000511828577146, 0.000315620243782, 0.000179286973435, 0.000461590680061, 0.000574817706365, 0.000457739428384, 0.000255194725469, 0.000245464645559, 0.000167539677932, 0.000150283216499, 0.000120900578622, 0.000188231904758, 0.000183042910066, 0.000126553393784, 9.75862349151e-05, 9.37816148507e-05, 4.08586056437e-05, 4.92532490171e-05, 6.10636197962e-05, 4.30923901149e-05, 2.16077605728e-05, 1.69610320881e-05, 1.44591904245e-05, 4.00051339966e-06, 1.62869639553e-06, 1.46840716297e-06, 7.10481629085e-07, 9.06038167159e-07, 4.62713643401e-07, 2.83138035684e-07, 2.2206313588e-07, 9.48262197653e-08, 1.18215179867e-08, 7.44349415438e-10, 4.38121594559e-10]
    },
    "melbands128": {
        "max": [0.000336286146194, 0.000822215108201, 0.00172919442412, 0.00370416161604, 0.00385937327519, 0.00139976316132, 9.06461427803e-05, 0.000193760628463, 0.000352755712811, 0.00088079564739, 0.00161709508393, 0.00642218906432, 0.00529464893043, 0.00699695711955, 0.0046646958217, 0.0102728642523, 0.00992922950536, 0.0021100435406, 0.00209886603989, 0.00156366464216, 0.00432263175026, 0.00431871647015, 0.00593949761242, 0.0127522461116, 0.0138805685565, 0.00770573224872, 0.00613310467452, 0.0129757868126, 0.00445889914408, 0.00456679891795, 0.00343603850342, 0.00600253744051, 0.006363353692, 0.00292644836009, 0.00453906739131, 0.00292072887532, 0.00223314575851, 0.00260201236233, 0.00382356531918, 0.0021902162116, 0.000627154426184, 0.00249396427535, 0.000999070354737, 0.00510284118354, 0.00851437356323, 0.00143470801413, 0.00474904105067, 0.00238608685322, 0.0035556955263, 0.00326786912046, 0.00183350266889, 0.000232784077525, 0.00150536326692, 0.00136667781044, 0.00199574185535, 0.000560558401048, 0.000312202202622, 0.000959766621236, 0.00133747269865, 0.000630175170954, 0.000629167014267, 0.000711900473107, 0.00107682892121, 0.000862388289534, 0.000718842144124, 0.000214449333725, 0.000322432635585, 0.000196020220756, 0.000131279579364, 0.000626140856184, 0.000279728672467, 0.000131235792651, 4.20144133386e-05, 5.87295398873e-05, 2.82589480776e-05, 3.62868449884e-05, 8.43672842166e-06, 6.88631052981e-06, 2.48863343586e-05, 1.29545542222e-05, 6.60244131723e-06, 7.17981129128e-06, 1.29714226205e-05, 1.28058918563e-05, 1.11238196041e-05, 4.70682061859e-06, 1.05712779259e-05, 6.53833149045e-06, 4.12627969126e-06, 3.57026397069e-06, 4.66321080239e-06, 2.97750148093e-06, 2.86930276161e-06, 1.11224983357e-06, 3.8307589989e-07, 3.58663442057e-07, 9.45034202005e-08, 1.67408487073e-08, 1.353864576e-08, 9.46256939471e-09, 6.75967148922e-09, 9.0147169729e-09, 6.69291733146e-09, 6.3452509913e-09, 5.99861316175e-09, 6.52458131967e-09, 6.26124618819e-09, 6.05317573843e-09, 5.84782799962e-09, 5.655020896e-09, 5.43785727558e-09, 5.24370991073e-09, 5.07832975671e-09, 4.92150897813e-09, 4.76358641421e-09, 4.60916282918e-09, 4.48526282781e-09, 4.376897067e-09, 4.24615143046e-09, 4.16335144138e-09, 4.07777678291e-09, 3.98604305119e-09, 3.90639653958e-09, 3.8620200371e-09, 3.79348863433e-09, 3.75562514421e-09, 3.72498765167e-09, 3.7076384185e-09],
        "mean": [9.00647592061e-06, 4.50855804957e-05, 0.000118451127491, 0.000136460264912, 7.5073010521e-05, 2.28113622143e-05, 8.44766873342e-06, 1.17293957373e-05, 2.52946010733e-05, 7.31249165256e-05, 0.000110355082143, 0.000223469600314, 0.00031747482717, 0.000366679567378, 0.000225267198402, 0.000216134125367, 0.000153782340931, 9.12783798412e-05, 6.62728052703e-05, 8.15148159745e-05, 0.000152143955347, 0.000230050747632, 0.000258689658949, 0.000439657684183, 0.000457823538454, 0.000151725049363, 0.000195973989321, 0.000255306746112, 0.000167036909261, 0.00021418450342, 0.000109048953163, 8.19408523967e-05, 9.37588483794e-05, 9.1330781288e-05, 0.000121767974633, 9.46746731643e-05, 8.67957933224e-05, 4.46625999757e-05, 0.000166240875842, 0.000101553123386, 3.55215306627e-05, 0.000139033931191, 9.34364943532e-05, 0.000117827607028, 8.02536742412e-05, 4.42683158326e-05, 7.34599307179e-05, 3.51583876181e-05, 6.10731440247e-05, 8.69008799782e-05, 2.04411044251e-05, 1.13077239803e-05, 6.44782412564e-05, 4.26414626418e-05, 2.56979692494e-05, 1.29337358885e-05, 1.75811637746e-05, 3.90239110857e-05, 1.97955505428e-05, 1.67533362401e-05, 5.0055081374e-05, 2.92998465738e-05, 1.72909421963e-05, 1.98360503418e-05, 1.81311934284e-05, 7.73296324041e-06, 1.08582353278e-05, 7.68608060753e-06, 5.0699068197e-06, 1.53994151333e-05, 5.87446311329e-06, 2.67666109721e-06, 1.75756304088e-06, 2.66001370619e-06, 1.52258826347e-06, 9.41894029438e-07, 6.29744761227e-07, 4.52958715869e-07, 1.00683553228e-06, 6.32183628113e-07, 3.31774316464e-07, 2.64782215709e-07, 6.60937246266e-07, 4.97435621583e-07, 2.67733184955e-07, 1.96249160922e-07, 2.60957563114e-07, 1.83733021686e-07, 1.11927661806e-07, 1.35540688007e-07, 1.42939185821e-07, 6.31061709555e-08, 9.37046209515e-08, 4.7264517633e-08, 1.85749016168e-08, 9.65512469975e-09, 4.60024418558e-09, 1.53165680139e-09, 1.28173260894e-09, 1.18838505703e-09, 1.12796838536e-09, 1.11286591054e-09, 1.10450770752e-09, 9.33894739319e-10, 1.88437432325e-10, 1.23057883328e-11, 1.17112188003e-11, 1.11792511012e-11, 1.07643408076e-11, 1.03589506764e-11, 9.98557920379e-12, 9.63698912337e-12, 9.31647901187e-12, 9.00212630134e-12, 8.71074479908e-12, 8.45572136615e-12, 8.2074538138e-12, 7.93916668518e-12, 7.70766089842e-12, 7.53167233442e-12, 7.35252917577e-12, 7.20396138576e-12, 7.07454450924e-12, 6.95863462338e-12, 6.76732628269e-12, 6.53700314365e-12, 6.40227584489e-12, 6.35873948981e-12],
        "min": [1.04253827793e-09, 5.06527442212e-08, 2.45998688087e-08, 3.16490478269e-08, 2.03524255227e-08, 3.04401694962e-08, 1.45024534604e-08, 1.61652593533e-08, 3.60294549751e-09, 7.94093679701e-09, 5.15301845638e-09, 6.64501431658e-09, 4.21297974285e-09, 2.63986521531e-09, 1.12493117044e-08, 4.0762544451e-09, 5.46425749093e-09, 3.27598259631e-09, 3.02151326181e-09, 2.79646750201e-09, 1.39806264343e-08, 9.82982584219e-09, 4.0755132602e-09, 4.6585957314e-09, 4.30523838801e-09, 9.23436438427e-09, 5.80086378932e-09, 1.50171930446e-09, 5.58028023789e-09, 5.87449733302e-09, 3.29482130468e-09, 2.82018541853e-09, 3.0481157598e-09, 2.6875048853e-09, 1.84853388152e-09, 6.96032316228e-08, 2.26031744432e-08, 4.15262801923e-09, 1.26354260388e-09, 1.08521136521e-09, 9.11055142438e-09, 2.82512075955e-08, 2.24859864062e-08, 6.86225687385e-10, 2.03959871214e-09, 4.31086188968e-09, 5.39954436718e-09, 1.77128511858e-09, 1.55459733975e-09, 2.59082488796e-09, 3.13059445034e-09, 2.57422128058e-09, 6.07637606898e-10, 2.58808507958e-09, 3.03146796554e-09, 1.72846803537e-09, 9.54626155902e-10, 1.91557947282e-09, 3.8222953691e-09, 5.12426634458e-09, 2.73683742336e-09, 2.94545343671e-09, 3.30918537017e-09, 6.06286798543e-09, 2.26996199615e-09, 2.41756326069e-09, 2.55403387328e-09, 2.10442174797e-09, 1.33719757489e-09, 1.64049884788e-09, 1.82894643874e-09, 1.91701499119e-09, 1.30843447188e-09, 1.57230684028e-09, 1.00655062063e-09, 5.77272785129e-10, 1.3020223788e-09, 8.15695677669e-10, 1.2532914706e-09, 1.6958611182e-09, 9.08674802069e-10, 1.03732056278e-09, 1.41237854745e-09, 7.7534562104e-10, 8.36504143731e-10, 6.61823595927e-10, 6.69487021376e-10, 5.53090406807e-10, 4.48074050086e-10, 6.32794261435e-10, 6.69970523504e-10, 4.67116956226e-10, 4.60915139389e-10, 3.30755006717e-10, 3.40226707918e-10, 3.84777404383e-10, 2.66344252209e-10, 2.3689433748e-10, 2.81496548293e-10, 2.8627269999e-10, 2.58064347669e-10, 2.7116955903e-10, 3.18127330035e-10, 1.92654364684e-10, 1.59050533161e-11, 1.79861754288e-13, 1.25951630852e-13, 1.47650039981e-13, 1.31309581806e-13, 1.97694955567e-13, 2.02578635832e-13, 1.84791743539e-13, 1.55473751278e-13, 1.78340184959e-13, 1.33743981601e-13, 1.48197995759e-13, 1.85031203141e-13, 1.52437415989e-13, 1.52005415633e-13, 1.44219949568e-13, 1.67343921923e-13, 1.54915319396e-13, 1.71034600328e-13, 1.75850843219e-13, 1.27048748583e-13, 4.99836615511e-14, 6.43054962171e-15, 2.10769828773e-16],
        "stdev": [1.47849768837e-05, 8.75568584888e-05, 0.00022179519874, 0.000312595133437, 0.000244625058258, 7.44078861317e-05, 1.25877877508e-05, 2.29718461924e-05, 3.5714940168e-05, 0.00011243771587, 0.000175792738446, 0.000395114882849, 0.000517631298862, 0.000785918906331, 0.000524667615537, 0.00087235920364, 0.000746668782085, 0.000185278055142, 0.000136971139, 0.00015478360001, 0.000328511843691, 0.000430643034633, 0.000505060772412, 0.00114709557965, 0.00109225907363, 0.000413352216128, 0.000529073702637, 0.000859185412992, 0.000402820034651, 0.000450102961622, 0.000234272069065, 0.000381037039915, 0.000401920202421, 0.00021239441412, 0.000315723707899, 0.0001956961205, 0.000215831416426, 0.00016137912462, 0.000335166900186, 0.000176226953045, 6.0849248257e-05, 0.000295387697406, 0.000140929056215, 0.000338310084771, 0.000476126238937, 0.00012846061145, 0.000255996768828, 0.000152546170284, 0.000222001443035, 0.000267722847639, 8.46025359351e-05, 2.30695477512e-05, 0.000181980081834, 0.000103908234451, 0.000113631409477, 3.56258751708e-05, 3.94955495722e-05, 9.13119874895e-05, 8.41216751724e-05, 4.62999923911e-05, 9.67405430856e-05, 7.60267212172e-05, 6.89609150868e-05, 5.81825333938e-05, 5.27186566615e-05, 1.58226775966e-05, 3.12762713293e-05, 2.00046761165e-05, 1.17426661745e-05, 4.65850498585e-05, 1.8122851543e-05, 8.21310277388e-06, 3.7176926071e-06, 6.64317121846e-06, 3.76526736545e-06, 2.16008993448e-06, 1.1399166624e-06, 8.25549989258e-07, 2.59362400357e-06, 1.28477950057e-06, 6.22548100182e-07, 5.13564714311e-07, 1.53703058459e-06, 1.17883064377e-06, 8.5001380512e-07, 4.6855697633e-07, 6.76089143781e-07, 4.22135599365e-07, 2.77297033335e-07, 3.45093042142e-07, 3.78156727265e-07, 1.67960237718e-07, 2.37887888943e-07, 1.13647438127e-07, 3.81643765479e-08, 2.31354722047e-08, 8.19406675845e-09, 1.19747145533e-09, 7.75750963466e-10, 6.31290519859e-10, 5.63834257061e-10, 5.28018795354e-10, 5.19165932467e-10, 4.46241849028e-10, 2.19828474868e-10, 2.00406885531e-10, 1.92643664909e-10, 1.85714832401e-10, 1.79221318342e-10, 1.72856617908e-10, 1.66291189152e-10, 1.60261248716e-10, 1.55035345673e-10, 1.49991255527e-10, 1.45097406312e-10, 1.40537151361e-10, 1.36574959675e-10, 1.33073496666e-10, 1.29100730106e-10, 1.26399127276e-10, 1.23716870082e-10, 1.21012061483e-10, 1.18560952722e-10, 1.17046247694e-10, 1.15014525681e-10, 1.13793446888e-10, 1.1285864604e-10, 1.12321131562e-10]
    },
    "mfcc": {
        "mean": [-707.798583984, 160.3150177, -72.1496505737, 17.1464042664, -23.4089202881, -0.628652155399, -9.79051399231, 6.00795888901, -11.5382022858, 7.21688175201, -1.67300260067, -0.731882333755, -6.31634998322],
        "cov": [[4553.80126953, -330.346405029, -1258.05273438, 131.745529175, -509.553924561, 7.83109092712, -420.673248291, 169.975036621, -282.746368408, 252.488754272, -159.848052979, 54.7156143188, 22.0166530609], [-330.346405029, 954.869384766, 169.506607056, -185.462554932, 86.8433380127, -170.818435669, 190.053909302, -73.9452819824, 112.448478699, -35.0234832764, 73.3198776245, -18.5381889343, -23.6058559418], [-1258.05273438, 169.506607056, 645.489440918, -53.1373558044, 113.584991455, 133.42791748, 146.787902832, 0.281298488379, 86.2553329468, -37.4829978943, 68.4428253174, 36.6415023804, -29.1458435059], [131.745529175, -185.462554932, -53.1373558044, 255.679931641, 78.3563690186, -66.0420150757, -32.2858772278, 41.1295127869, -10.7013435364, 27.602022171, -12.594543457, 6.54147958755, 37.3356323242], [-509.553924561, 86.8433380127, 113.584991455, 78.3563690186, 251.824645996, -31.1015071869, 55.497543335, 5.19034719467, 48.6190567017, 7.94523859024, 23.0407733917, 11.0835752487, 0.0793474838138], [7.83109092712, -170.818435669, 133.42791748, -66.0420150757, -31.1015071869, 379.535614014, 73.8888244629, 63.3732032776, 43.5220184326, 15.6112852097, 59.956993103, 52.6150398254, -1.15606594086], [-420.673248291, 190.053909302, 146.787902832, -32.2858772278, 55.497543335, 73.8888244629, 225.03477478, 30.1820335388, 63.9943656921, -4.76822948456, 51.3863220215, 11.5814676285, 5.37173032761], [169.975036621, -73.9452819824, 0.281298488379, 41.1295127869, 5.19034719467, 63.3732032776, 30.1820335388, 115.605537415, 31.1878604889, 33.3877868652, 10.7391452789, 13.0079689026, 2.47771000862], [-282.746368408, 112.448478699, 86.2553329468, -10.7013435364, 48.6190567017, 43.5220184326, 63.9943656921, 31.1878604889, 144.365280151, 13.8829574585, 32.1369171143, -8.05342769623, 10.2761554718], [252.488754272, -35.0234832764, -37.4829978943, 27.602022171, 7.94523859024, 15.6112852097, -4.76822948456, 33.3877868652, 13.8829574585, 115.877609253, 16.0089168549, -0.284270823002, -5.62534332275], [-159.848052979, 73.3198776245, 68.4428253174, -12.594543457, 23.0407733917, 59.956993103, 51.3863220215, 10.7391452789, 32.1369171143, 16.0089168549, 109.194206238, 19.3132801056, 2.20356702805], [54.7156143188, -18.5381889343, 36.6415023804, 6.54147958755, 11.0835752487, 52.6150398254, 11.5814676285, 13.0079689026, -8.05342769623, -0.284270823002, 19.3132801056, 105.607017517, 29.6256694794], [22.0166530609, -23.6058559418, -29.1458435059, 37.3356323242, 0.0793474838138, -1.15606594086, 5.37173032761, 2.47771000862, 10.2761554718, -5.62534332275, 2.20356702805, 29.6256694794, 82.4528427124]],
        "icov": [[0.00361980497837, -0.00455653481185, 0.00577169144526, -0.00457229465246, 0.0050530731678, -0.00520011549816, 0.00504262279719, -0.00516985729337, 0.00494125345722, -0.0053279302083, 0.00397452665493, -0.0030648058746, 0.00160422432236], [-0.00455653481185, 0.0083026131615, -0.00736322347075, 0.00775955524296, -0.00675531197339, 0.00871515925974, -0.00816048402339, 0.00728482287377, -0.00768029922619, 0.00677258521318, -0.00625419057906, 0.00330516509712, -0.00168243935332], [0.00577169144526, -0.00736322347075, 0.0115046482533, -0.00733094895259, 0.00733363348991, -0.00893991626799, 0.00725647900254, -0.00765307666734, 0.00709981378168, -0.00763449724764, 0.00598498154432, -0.00563474465162, 0.003820781596], [-0.00457229465246, 0.00775955524296, -0.00733094895259, 0.0133982561529, -0.00893946923316, 0.00916739366949, -0.00666811130941, 0.00414996594191, -0.0060023968108, 0.00595940137282, -0.00590542610735, 0.0040520010516, -0.00491240993142], [0.0050530731678, -0.00675531197339, 0.00733363348991, -0.00893946923316, 0.0128428079188, -0.00681047467515, 0.00624523265287, -0.00629345979542, 0.00542114116251, -0.00767836580053, 0.0054028541781, -0.00525774946436, 0.00357657903805], [-0.00520011549816, 0.00871515925974, -0.00893991626799, 0.00916739366949, -0.00681047467515, 0.0131661295891, -0.00906782969832, 0.00608816603199, -0.00860812142491, 0.00748963700607, -0.00789635442197, 0.00250837462954, -0.0019350372022], [0.00504262279719, -0.00816048402339, 0.00725647900254, -0.00666811130941, 0.00624523265287, -0.00906782969832, 0.0147329336032, -0.00939515419304, 0.00688844360411, -0.00686048856005, 0.00474861171097, -0.00334279169329, 0.000838603999], [-0.00516985729337, 0.00728482287377, -0.00765307666734, 0.00414996594191, -0.00629345979542, 0.00608816603199, -0.00939515419304, 0.0201913509518, -0.0100395502523, 0.00530672771856, -0.00507267471403, 0.00277855759487, -0.000271069147857], [0.00494125345722, -0.00768029922619, 0.00709981378168, -0.0060023968108, 0.00542114116251, -0.00860812142491, 0.00688844360411, -0.0100395502523, 0.0175125170499, -0.00821764953434, 0.00483858259395, -0.00107600982301, -0.00104955909774], [-0.0053279302083, 0.00677258521318, -0.00763449724764, 0.00595940137282, -0.00767836580053, 0.00748963700607, -0.00686048856005, 0.00530672771856, -0.00821764953434, 0.0181206446141, -0.00766827631742, 0.00444153277203, -0.00076612533303], [0.00397452665493, -0.00625419057906, 0.00598498154432, -0.00590542610735, 0.0054028541781, -0.00789635442197, 0.00474861171097, -0.00507267471403, 0.00483858259395, -0.00766827631742, 0.0166795514524, -0.00458718556911, 0.00174120150041], [-0.0030648058746, 0.00330516509712, -0.00563474465162, 0.0040520010516, -0.00525774946436, 0.00250837462954, -0.00334279169329, 0.00277855759487, -0.00107600982301, 0.00444153277203, -0.00458718556911, 0.0153567874804, -0.00684549799189], [0.00160422432236, -0.00168243935332, 0.003820781596, -0.00491240993142, 0.00357657903805, -0.0019350372022, 0.000838603999, -0.000271069147857, -0.00104955909774, -0.00076612533303, 0.00174120150041, -0.00684549799189, 0.0172076560557]]
    },
    "spectral_contrast_coeffs": {
        "max": [-0.35934728384, -0.400767117739, -0.515651762486, -0.550768554211, -0.531874358654, -0.545489668846],
        "mean": [-0.668234229088, -0.713211417198, -0.705943524837, -0.714371562004, -0.749263763428, -0.713979303837],
        "min": [-0.913527548313, -0.960847139359, -0.891305804253, -0.891261875629, -0.894705951214, -0.953681230545],
        "stdev": [0.0903432443738, 0.0883372426033, 0.0589349269867, 0.0550393238664, 0.0626072958112, 0.0617199614644]
    },
    "spectral_contrast_valleys": {
        "max": [-6.27163219452, -5.45837402344, -5.6986374855, -6.44562530518, -6.37858486176, -10.2780952454],
        "mean": [-8.17422866821, -7.14874887466, -7.65577936172, -8.01788711548, -8.12549972534, -12.3385667801],
        "min": [-10.814204216, -10.6255531311, -11.0948867798, -11.1680335999, -10.7063026428, -12.9235076904],
        "stdev": [0.662851214409, 0.804674446583, 0.8017116189, 0.744194626808, 0.704492866993, 0.275829613209]
    }
},
"rhythm": {
    "beats_count": 45,
    "beats_loudness": {
        "max": 0.0533086694777,
        "mean": 0.0193042736501,
        "min": 4.7613040806e-05,
        "stdev": 0.0120971212164
    },
    "bpm": 83.7702941895,
    "bpm_histogram_first_peak_bpm": 82,
    "bpm_histogram_first_peak_weight": 0.375,
    "bpm_histogram_second_peak_bpm": 88,
    "bpm_histogram_second_peak_spread": 0,
    "bpm_histogram_second_peak_weight": 0.0909090936184,
    "danceability": 0.920625627041,
    "onset_rate": 2.70703101158,
    "beats_loudness_band_ratio": {
        "max": [0.541051864624, 0.626341819763, 0.730907976627, 0.73361158371, 0.469590872526, 0.115311644971],
        "mean": [0.0925179794431, 0.123642772436, 0.292269140482, 0.370969891548, 0.126408234239, 0.0310229808092],
        "min": [0.00135980278719, 0.00583714386448, 0.0236643198878, 0.0360598154366, 0.0125920586288, 0.00170212972444],
        "stdev": [0.13739746809, 0.117099575698, 0.167746111751, 0.204451620579, 0.113390244544, 0.028442658484]
    },
    "beats_position": [0.673378646374, 1.35836732388, 2.04335594177, 2.72834467888, 3.41333317757, 4.1099319458, 4.80653047562, 5.50312900543, 6.19972801208, 6.90793657303, 7.6277551651, 8.34757328033, 9.05578231812, 9.76399040222, 10.47219944, 11.1687984467, 11.8653964996, 12.5736055374, 13.2818136215, 14.0016326904, 14.7098407745, 15.4180498123, 16.1262588501, 16.8576869965, 17.5775051117, 18.3205432892, 19.0635814667, 19.7950115204, 20.5264396667, 21.246257782, 21.9776859283, 22.6975059509, 23.4405441284, 24.1719722748, 24.9034004211, 25.6348285675, 26.3778686523, 27.0976867676, 27.8175048828, 28.5489330292, 29.2803630829, 30.0117912292, 30.7432193756, 31.474647522, 32.2060775757],
