{
"metadata": {
    "version": {
        "essentia": "2.1-beta5",
        "essentia_git_sha": "Undefined",
        "extractor": "music 2.0"
    },
    "audio_properties": {
        "analysis": {
            "equal_loudness": 0,
            "length": 29.0017242432,
            "sample_rate": 44100,
            "start_time": 0,
            "downmix": "mix"
        },
        "bit_rate": 192000,
        "length": 214.482727051,
        "lossless": 0,
        "number_channels": 2,
        "replay_gain": -2.20061683655,
        "sample_rate": 48000,
        "codec": "mp3",
        "md5_encoded": "db8d418620d6416614da91d30ed4ca1a"
    },
    "tags": {
        "file_name": "Monaco_Ce Soir-là_François Deguelt.mp3",
        "encoding": ["Lavf58.29.100"]
    }
},
"lowlevel": {
    "average_loudness": 0.278091609478,
    "barkbands_crest": {
        "max": 26.1353855133,
        "mean": 9.85230445862,
        "min": 2.60983324051,
        "stdev": 4.63509082794
    },
    "barkbands_flatness_db": {
        "max": 0.42383569479,
        "mean": 0.182067781687,
        "min": 0.0569614432752,
        "stdev": 0.054881606251
    },
    "barkbands_kurtosis": {
        "max": 245.387329102,
        "mean": 5.43962049484,
        "min": -1.92457318306,
        "stdev": 15.9053945541
    },
    "barkbands_skewness": {
        "max": 12.5296525955,
        "mean": 1.12935531139,
        "min": -2.54576969147,
        "stdev": 1.7107077837
    },
    "barkbands_spread": {
        "max": 86.8981018066,
        "mean": 19.3307914734,
        "min": 0.373427033424,
        "stdev": 13.5380487442
    },
    "dissonance": {
        "max": 0.499999821186,
        "mean": 0.461782127619,
        "min": 0.286972522736,
        "stdev": 0.0343049019575
    },
    "dynamic_complexity": 7.92265462875,
    "erbbands_crest": {
        "max": 26.8021697998,
        "mean": 9.53545093536,
        "min": 3.45197248459,
        "stdev": 3.87739872932
    },
    "erbbands_flatness_db": {
        "max": 0.347662299871,
        "mean": 0.226740986109,
        "min": 0.099172487855,
        "stdev": 0.0460680425167
    },
    "erbbands_kurtosis": {
        "max": 25.1083774567,
        "mean": 0.758030712605,
        "min": -1.87539243698,
        "stdev": 2.62115621567
    },
    "erbbands_skewness": {
        "max": 4.1153011322,
        "mean": 0.207089066505,
        "min": -4.44454526901,
        "stdev": 0.96476995945
    },
    "erbbands_spread": {
        "max": 105.202430725,
        "mean": 28.4287776947,
        "min": 5.1357383728,
        "stdev": 13.4789352417
    },
    "hfc": {
        "max": 164.298248291,
        "mean": 9.99036598206,
        "min": 0.0124560231343,
        "stdev": 19.3991527557
    },
    "loudness_ebu128": {
        "integrated": -25.0162372589,
        "loudness_range": 12.4492797852,
        "momentary": {
            "max": -16.4862785339,
            "mean": -30.200504303,
            "min": -54.5159378052,
            "stdev": 8.05181503296
        },
        "short_term": {
            "max": -20.8792285919,
            "mean": -27.7735729218,
            "min": -38.2649383545,
            "stdev": 4.59768199921
        }
    },
    "melbands_crest": {
        "max": 36.3451042175,
        "mean": 12.4501972198,
        "min": 2.75159573555,
        "stdev": 5.91286802292
    },
    "melbands_flatness_db": {
        "max": 0.527672052383,
        "mean": 0.210313752294,
        "min": 0.0559186413884,
        "stdev": 0.0814350694418
    },
    "melbands_kurtosis": {
        "max": 220.705551147,
        "mean": 10.6666183472,
        "min": -1.88457047939,
        "stdev": 21.4693145752
    },
    "melbands_skewness": {
        "max": 10.9947881699,
        "mean": 1.90854907036,
        "min": -1.42440629005,
        "stdev": 1.80294108391
    },
    "melbands_spread": {
        "max": 182.225692749,
        "mean": 28.7600975037,
        "min": 0.484264791012,
        "stdev": 25.3048858643
    },
    "pitch_salience": {
        "max": 0.866499423981,
        "mean": 0.586322069168,
        "min": 0.0712876170874,
        "stdev": 0.139539822936
    },
    "silence_rate_20dB": {
        "max": 1,
        "mean": 1,
        "min": 1,
        "stdev": 0
    },
    "silence_rate_30dB": {
        "max": 1,
        "mean": 0.993600010872,
        "min": 0,
        "stdev": 0.0797436162829
    },
    "silence_rate_60dB": {
        "max": 1,
        "mean": 0.44960001111,
        "min": 0,
        "stdev": 0.497452050447
    },
    "spectral_centroid": {
        "max": 4536.37109375,
        "mean": 1553.76855469,
        "min": 138.877426147,
        "stdev": 875.143188477
    },
    "spectral_complexity": {
        "max": 43,
        "mean": 10.3296003342,
        "min": 0,
        "stdev": 9.30868911743
    },
    "spectral_decrease": {
        "max": -1.8157935008e-12,
        "mean": -2.15195816722e-09,
        "min": -3.97309598554e-08,
        "stdev": 3.80809472844e-09
    },
    "spectral_energy": {
        "max": 0.163478672504,
        "mean": 0.00902814418077,
        "min": 8.20591321826e-06,
        "stdev": 0.015899816528
    },
    "spectral_energyband_high": {
        "max": 0.00762531440705,
        "mean": 0.000239013505052,
        "min": 6.81525591517e-07,
        "stdev": 0.000706962775439
    },
    "spectral_energyband_low": {
        "max": 0.0345908403397,
        "mean": 0.00149591721129,
        "min": 9.00072407717e-08,
        "stdev": 0.00351157248951
    },
    "spectral_energyband_middle_high": {
        "max": 0.0691274255514,
        "mean": 0.00347078288905,
        "min": 1.95105872081e-06,
        "stdev": 0.00750898430124
    },
    "spectral_energyband_middle_low": {
        "max": 0.11811722815,
        "mean": 0.00391245353967,
        "min": 2.50052153206e-07,
        "stdev": 0.0100300777704
    },
    "spectral_entropy": {
        "max": 8.267619133,
        "mean": 7.31263494492,
        "min": 5.71014928818,
        "stdev": 0.408642590046
    },
    "spectral_flux": {
        "max": 0.32913672924,
        "mean": 0.0394978709519,
        "min": 0.00183824903797,
        "stdev": 0.0399191491306
    },
    "spectral_kurtosis": {
        "max": 24.4393672943,
        "mean": 5.3811416626,
        "min": -0.889744520187,
        "stdev": 3.6974029541
    },
    "spectral_rms": {
        "max": 0.0126289902255,
        "mean": 0.00231690471992,
        "min": 8.94749682629e-05,
        "stdev": 0.00185469631106
    },
    "spectral_rolloff": {
        "max": 6223.09570312,
        "mean": 1659.17333984,
        "min": 64.599609375,
        "stdev": 1196.2545166
    },
    "spectral_skewness": {
        "max": 3.31577849388,
        "mean": 1.35349357128,
        "min": -0.601722955704,
        "stdev": 0.62140494585
    },
    "spectral_spread": {
        "max": 5502807,
        "mean": 2914011.75,
        "min": 1505264.5,
        "stdev": 740279.75
    },
    "spectral_strongpeak": {
        "max": 13.9034528732,
        "mean": 0.935851454735,
        "min": 0,
        "stdev": 1.55262315273
    },
    "zerocrossingrate": {
        "max": 0.21923828125,
        "mean": 0.0588960945606,
        "min": 0.001953125,
        "stdev": 0.0346787534654
    },
    "barkbands": {
        "max": [0.000353910058038, 0.0339586734772, 0.0128871342167, 0.003639515955, 0.0106625128537, 0.0565601363778, 0.0768761783838, 0.107918187976, 0.0314582213759, 0.0101563772187, 0.0264654047787, 0.0270895250142, 0.0202010683715, 0.0116707980633, 0.0239853207022, 0.0136457495391, 0.0127072194591, 0.0144587466493, 0.0118925571442, 0.00922063458711, 0.00492706662044, 0.00239603011869, 0.000548043637536, 0.000234157589148, 1.09933273507e-06, 3.26250926719e-07, 3.6118620983e-07],
        "mean": [2.03793570108e-05, 0.00100063835271, 0.000434169633081, 0.000112901056127, 0.000524966861121, 0.000667481275741, 0.000955082417931, 0.00116557907313, 0.000403368554544, 0.000220560235903, 0.000351551454514, 0.000356904551154, 0.000343829451595, 0.000258613872575, 0.000352420262061, 0.000336650380632, 0.000435997440945, 0.000440730480477, 0.00033912062645, 0.000146687132656, 8.2325648691e-05, 6.20645223535e-05, 1.38889226946e-05, 2.09234394788e-06, 1.37892754992e-07, 7.24757642789e-10, 7.47555961578e-10],
        "min": [2.46023468264e-08, 4.33950120282e-08, 2.55673384686e-08, 1.3713374436e-08, 1.4562327344e-08, 1.92747364736e-08, 7.51004058941e-09, 3.00314013657e-08, 3.16016510737e-08, 2.61445904925e-08, 4.39463709867e-09, 1.40321532172e-08, 1.81019483847e-08, 3.45818307323e-08, 2.05551003774e-07, 6.94907384968e-08, 8.4597573391e-08, 3.01320426388e-07, 8.74015597674e-08, 1.50531022314e-07, 1.53961849492e-07, 9.7446338998e-08, 8.64368914222e-08, 2.98856086545e-08, 2.16750839499e-09, 3.65420055326e-11, 4.00128784273e-11],
        "stdev": [3.31634801114e-05, 0.00291218794882, 0.00117596657947, 0.000253106700256, 0.000866390299052, 0.00265647168271, 0.00425337208435, 0.00611909525469, 0.00188900111243, 0.000676937343087, 0.00156384380534, 0.00142837688327, 0.0011276419973, 0.000890694034752, 0.00149708404206, 0.000906223838683, 0.00113100721501, 0.00124210759532, 0.00103600078728, 0.000539582630154, 0.000280458800262, 0.000217767155846, 4.14463975176e-05, 8.61457010615e-06, 5.83684780509e-08, 9.27975296605e-09, 1.02693755721e-08]
    },
    "erbbands": {
        "max": [1.04037463665, 7.37861013412, 19.7677593231, 7.38520860672, 15.2784786224, 64.3804473877, 187.462173462, 529.070129395, 704.166442871, 1971.40124512, 2245.01708984, 643.245666504, 249.209732056, 359.46081543, 1356.80322266, 998.242797852, 727.665405273, 528.365905762, 1333.97106934, 427.848876953, 428.321411133, 494.153686523, 525.251525879, 878.263061523, 352.031768799, 609.139892578, 288.467010498, 124.420898438, 50.3387947083, 33.4327697754, 17.50689888, 9.11563777924, 0.750814497471, 0.0378924198449, 0.00392000330612, 0.00126246362925, 0.000611558149103, 0.000221408481593, 9.11472307052e-05, 0.000195742031792],
        "mean": [0.0218029655516, 0.248408004642, 0.541653692722, 0.415698677301, 0.723165333271, 2.40492320061, 2.73837614059, 6.31586742401, 8.27382278442, 27.2045783997, 20.0817489624, 9.74349880219, 6.48168087006, 7.41780996323, 17.2569770813, 17.417722702, 17.5262393951, 12.9769716263, 20.3559341431, 15.1538715363, 19.9451675415, 20.6122055054, 22.8424472809, 25.3274211884, 9.93483161926, 8.98610305786, 3.72062182426, 3.56913232803, 1.84271347523, 0.954968094826, 0.317400097847, 0.0930475890636, 0.0121564343572, 0.00259571359493, 0.000592605618294, 3.07247864839e-05, 8.67931976245e-06, 3.18891329698e-06, 5.72619228478e-06, 1.12771604108e-05],
        "min": [1.51991093844e-06, 8.9460882009e-06, 2.73421828751e-05, 4.27553168265e-05, 3.49600304617e-05, 4.87847028126e-05, 0.000124880563817, 0.000158487149747, 0.000139192197821, 0.00016047860845, 0.000686316401698, 0.000821773894131, 0.001016006805, 0.00103448610753, 0.000872270727996, 0.000956276897341, 0.00139748724177, 0.00173958926462, 0.00643835077062, 0.0050547500141, 0.00488017732278, 0.00758443493396, 0.0174833144993, 0.00640655914322, 0.00489305192605, 0.00710466550663, 0.00547858141363, 0.00429318519309, 0.00421063881367, 0.00302620022558, 0.00216067559086, 0.00111208029557, 0.000168439029949, 4.72844039905e-05, 6.48992772767e-06, 3.48398970118e-07, 8.66182929826e-08, 3.16568176117e-08, 1.38364333324e-08, 1.2968188301e-08],
        "stdev": [0.0799095183611, 0.688740313053, 1.45881223679, 0.788675785065, 1.19734942913, 4.70820665359, 9.28929615021, 24.8254051208, 33.979095459, 114.211708069, 108.241210938, 45.704788208, 17.9038391113, 22.5438194275, 78.8397903442, 64.4164352417, 54.0513267517, 37.6939506531, 87.9188232422, 39.3183059692, 46.8924255371, 43.0554008484, 58.9336776733, 83.589553833, 25.0591869354, 34.6134986877, 13.4990186691, 11.796462059, 5.7891254425, 3.11721587181, 0.940694689751, 0.357230395079, 0.0331276357174, 0.00191460899077, 0.000266859336989, 4.76458990306e-05, 2.17824417632e-05, 8.36395156512e-06, 9.89746513369e-06, 1.96721994143e-05]
    },
    "gfcc": {
        "mean": [-150.668701172, 138.203277588, -166.732925415, 50.8912773132, -59.9819793701, -1.23746025562, -29.0529212952, -5.95718622208, -4.6439909935, -13.3154840469, 5.09360694885, -11.9976978302, 1.46898877621],
        "cov": [[8975.93945312, 1140.84436035, -2174.36010742, -262.603668213, 260.90020752, -1047.33654785, 833.921936035, -612.835083008, 474.795227051, -595.006530762, 171.498779297, 156.73399353, -309.093078613], [1140.84436035, 1263.09387207, 536.694335938, -318.740203857, 9.28427791595, -399.451873779, -4.8117890358, -25.2179470062, 46.6787605286, -75.4214324951, 159.450942993, -37.8033599854, -7.76877212524], [-2174.36010742, 536.694335938, 1604.81103516, 125.655464172, -110.285400391, 134.31918335, -189.641983032, 124.762649536, -126.924751282, 147.038223267, 63.1689147949, -67.9191513062, 74.1177597046], [-262.603668213, -318.740203857, 125.655464172, 518.785949707, 111.131095886, 119.19342804, 116.967399597, -5.10836315155, -25.3494148254, 55.7550086975, -47.969367981, 49.0793914795, 70.8611602783], [260.90020752, 9.28427791595, -110.285400391, 111.131095886, 270.67868042, 26.9604091644, 63.687461853, 57.4741859436, 47.9269180298, 18.0467891693, 13.0417642593, 18.6042022705, 38.8635673523], [-1047.33654785, -399.451873779, 134.31918335, 119.19342804, 26.9604091644, 388.031188965, 23.3460235596, 40.2708587646, -40.6796112061, 57.2566108704, -64.4678726196, -18.7439804077, 56.6242980957], [833.921936035, -4.8117890358, -189.641983032, 116.967399597, 63.687461853, 23.3460235596, 306.406158447, 12.0404195786, 35.8936309814, -58.2635421753, 0.84996676445, 42.1510314941, -0.219323530793], [-612.835083008, -25.2179470062, 124.762649536, -5.10836315155, 57.4741859436, 40.2708587646, 12.0404195786, 203.001861572, -4.93513154984, 37.6849746704, 13.2694635391, 3.09692072868, 15.5287475586], [474.795227051, 46.6787605286, -126.924751282, -25.3494148254, 47.9269180298, -40.6796112061, 35.8936309814, -4.93513154984, 113.745819092, 15.2652215958, 23.1760520935, -3.47793149948, -26.603351593], [-595.006530762, -75.4214324951, 147.038223267, 55.7550086975, 18.0467891693, 57.2566108704, -58.2635421753, 37.6849746704, 15.2652215958, 128.058914185, 15.3451681137, -11.7670993805, 32.414478302], [171.498779297, 159.450942993, 63.1689147949, -47.969367981, 13.0417642593, -64.4678726196, 0.84996676445, 13.2694635391, 23.1760520935, 15.3451681137, 94.1415863037, 23.8968486786, -24.3005332947], [156.73399353, -37.8033599854, -67.9191513062, 49.0793914795, 18.6042022705, -18.7439804077, 42.1510314941, 3.09692072868, -3.47793149948, -11.7670993805, 23.8968486786, 64.2545166016, 22.957567215], [-309.093078613, -7.76877212524, 74.1177597046, 70.8611602783, 38.8635673523, 56.6242980957, -0.219323530793, 15.5287475586, -26.603351593, 32.414478302, -24.3005332947, 22.957567215, 153.050247192]],
        "icov": [[0.00248827668838, -0.00171905045863, 0.00199676095508, -0.000628963753115, -0.00123214791529, 0.00270075909793, -0.00399838015437, 0.00513929408044, -0.00474792486057, 0.00454269861802, -0.00113044271711, -0.000381678401027, 0.00113905919716], [-0.00171905045863, 0.00769309746101, -0.00512694939971, 0.00459069851786, -0.0025957680773, 0.00436902232468, -0.000793026760221, -0.000580930092838, 0.00195256993175, 0.00070054945536, -0.00404445827007, 0.00587668642402, -0.00495595205575], [0.00199676095508, -0.00512694939971, 0.00497055193409, -0.00377984833904, 0.00182219501585, -0.00167599902488, -0.00064100936288, 0.00162747083232, -0.00214519700967, 0.00157564645633, -0.000733626249712, -0.000835659273434, 0.00240887701511], [-0.000628963753115, 0.00459069851786, -0.00377984833904, 0.00696607353166, -0.00389395398088, 0.00337767857127, -0.00311899394728, 0.00223011244088, 0.0014434417244, -0.00204537622631, 0.00191778584849, -0.00142454309389, -0.00172131462023], [-0.00123214791529, -0.0025957680773, 0.00182219501585, -0.00389395398088, 0.0083160046488, -0.00510665727779, 0.00427242973819, -0.00628079008311, 0.000677295145579, -0.00266610411927, -0.00021122333419, -0.000176158864633, -0.000603397202212], [0.00270075909793, 0.00436902232468, -0.00167599902488, 0.00337767857127, -0.00510665727779, 0.0125860571861, -0.0087018404156, 0.00829185545444, -0.00516742980108, 0.00642655044794, -0.00303425686434, 0.00511529576033, -0.00279799895361], [-0.00399838015437, -0.000793026760221, -0.00064100936288, -0.00311899394728, 0.00427242973819, -0.0087018404156, 0.0138090727851, -0.0111289257184, 0.00595977529883, -0.00534961605445, 0.0024658490438, -0.00284872343764, -8.94468394108e-05], [0.00513929408044, -0.000580930092838, 0.00162747083232, 0.00223011244088, -0.00628079008311, 0.00829185545444, -0.0111289257184, 0.0185265485197, -0.00919908750802, 0.00838400237262, -0.00287479977123, -0.000617385318037, 0.00142187008169], [-0.00474792486057, 0.00195256993175, -0.00214519700967, 0.0014434417244, 0.000677295145579, -0.00516742980108, 0.00595977529883, -0.00919908750802, 0.0231520738453, -0.0142940431833, 0.00134381325915, 0.00214530597441, 0.000505913165398], [0.00454269861802, 0.00070054945536, 0.00157564645633, -0.00204537622631, -0.00266610411927, 0.00642655044794, -0.00534961605445, 0.00838400237262, -0.0142940431833, 0.0259630922228, -0.0118203060701, 0.00820899382234, -0.00425667641684], [-0.00113044271711, -0.00404445827007, -0.000733626249712, 0.00191778584849, -0.00021122333419, -0.00303425686434, 0.0024658490438, -0.00287479977123, 0.00134381325915, -0.0118203060701, 0.028195079416, -0.0198298767209, 0.00863866880536], [-0.000381678401027, 0.00587668642402, -0.000835659273434, -0.00142454309389, -0.000176158864633, 0.00511529576033, -0.00284872343764, -0.000617385318037, 0.00214530597441, 0.00820899382234, -0.0198298767209, 0.0365944541991, -0.0112008517608], [0.00113905919716, -0.00495595205575, 0.00240887701511, -0.00172131462023, -0.000603397202212, -0.00279799895361, -8.94468394108e-05, 0.00142187008169, 0.000505913165398, -0.00425667641684, 0.00863866880536, -0.0112008517608, 0.0132982358336]]
    },
    "melbands": {
        "max": [0.00992649514228, 0.00926957279444, 0.00130087847356, 0.00261289835908, 0.00634711096063, 0.0112953977659, 0.0135883064941, 0.0182288754731, 0.0161724258214, 0.00351079599932, 0.00124180410057, 0.00162001384888, 0.00360306445509, 0.00195777392946, 0.00373656256124, 0.000776332453825, 0.00119310105219, 0.00184940791223, 0.001217601588, 0.00125691201538, 0.000685841077939, 0.00041007596883, 0.00112593872473, 0.000829482334666, 0.000850508164149, 0.000504876545165, 0.000233678423683, 0.000385683873901, 0.000286521186354, 5.93969380134e-05, 0.000114558002679, 4.65113007522e-05, 2.01346520043e-05, 1.43011020555e-05, 1.25243304865e-05, 6.20973605692e-06, 5.02449529449e-06, 2.62116003569e-07, 3.59728211663e-08, 1.38357352242e-08],
        "mean": [0.000244954746449, 0.000295170844765, 8.17803738755e-05, 0.000105455008452, 0.00010739582649, 0.000137939132401, 0.000145734462421, 0.00030363179394, 0.000145282814628, 5.42555681022e-05, 3.07737354888e-05, 2.75905167655e-05, 5.10317804583e-05, 4.59434013464e-05, 4.9687903811e-05, 2.58165327978e-05, 2.43389768002e-05, 3.12032716465e-05, 2.01643215405e-05, 2.54195874732e-05, 2.34164454014e-05, 1.90801420104e-05, 2.84590605588e-05, 1.88054509636e-05, 2.13830553548e-05, 9.20094953472e-06, 4.18932131652e-06, 6.12859139437e-06, 2.51660026152e-06, 1.30157195599e-06, 2.66737242782e-06, 1.33382059175e-06, 5.09963683726e-07, 4.95367487474e-07, 2.0734809425e-07, 7.39745118494e-08, 4.604957482e-08, 7.35785121719e-09, 2.13571693664e-09, 1.93601179532e-09],
        "min": [1.39923370668e-08, 1.34585054212e-08, 7.09539982324e-09, 2.67774846741e-09, 4.04035827017e-09, 3.58857166205e-09, 1.95159310934e-09, 2.27315544166e-09, 5.32182031776e-09, 4.23177981546e-09, 4.87237317159e-09, 4.11435863157e-09, 2.27062946223e-09, 2.07993422485e-09, 3.374780011e-09, 3.00208768955e-09, 2.94021518243e-09, 7.45439443506e-09, 1.24022347947e-08, 4.96455010435e-09, 5.26977395054e-09, 5.1073461016e-09, 1.33347910491e-08, 1.33525608348e-08, 4.00314892346e-09, 4.13675316224e-09, 2.54608734096e-09, 3.32715566209e-09, 3.46620132596e-09, 2.52018250713e-09, 1.82330106568e-09, 2.44888420653e-09, 1.74597059033e-09, 1.52441204104e-09, 1.21458765268e-09, 1.05841868603e-09, 5.01164942879e-10, 1.35519512279e-10, 2.0601492734e-11, 4.4542015909e-11],
        "stdev": [0.000778709014412, 0.000718994764611, 0.000140125790494, 0.000179243666935, 0.000298936822219, 0.000535556755494, 0.000614669348579, 0.0012963708723, 0.000782370043453, 0.000255382212345, 8.56372207636e-05, 9.25745553104e-05, 0.000214053696254, 0.000161022893735, 0.000200336318812, 6.88472937327e-05, 8.02564172773e-05, 0.000129729640321, 7.49878308852e-05, 8.10486380942e-05, 6.25305910944e-05, 3.91717730963e-05, 9.64610662777e-05, 5.64752954233e-05, 7.51417974243e-05, 2.78997104033e-05, 1.19538945e-05, 2.49333206739e-05, 1.19829346659e-05, 4.4663574954e-06, 9.93587218545e-06, 4.74750959256e-06, 1.74372576112e-06, 1.6218757537e-06, 6.44902968361e-07, 2.7046664286e-07, 1.90726353821e-07, 1.86992430429e-08, 1.62043145568e-09, 8.6626578133e-10]
    },
    "melbands128": {
        "max": [0.000237419240875, 0.00648007821292, 0.0178037174046, 0.014934675768, 0.0137078240514, 0.00513091031462, 0.00158008409198, 0.00226376927458, 0.00201687589288, 0.00277614081278, 0.0050420393236, 0.00382577255368, 0.00271170656197, 0.017418237403, 0.0162146762013, 0.00828108750284, 0.00482499785721, 0.0192595962435, 0.0287491660565, 0.03866430372, 0.0387831293046, 0.0270703807473, 0.0225036013871, 0.0128855761141, 0.00737572228536, 0.00373845826834, 0.0016199904494, 0.00252436241135, 0.000576390651986, 0.00353620573878, 0.00117947999388, 0.00209764717147, 0.00244663911872, 0.00968603137881, 0.00186453631613, 0.00283926259726, 0.0054662944749, 0.00780702382326, 0.00525769032538, 0.00192127819173, 0.000268231029622, 0.000732208660338, 0.00130792462733, 0.00229774042964, 0.0018996152794, 0.00159100210294, 0.00592250050977, 0.00023948319722, 0.000213400300709, 0.000618478516117, 0.00240019918419, 0.00141602382064, 0.000504822935909, 0.00166461267509, 0.00104503869079, 0.000371601054212, 0.000280954496702, 0.00259653665125, 0.00150422903243, 0.000273232464679, 0.00067196204327, 0.00176396640018, 0.00157226528972, 0.00108195492066, 0.00075610895874, 0.000827040174045, 0.000333376636263, 6.8227724114e-05, 5.76709790039e-05, 0.00102287717164, 0.000716268608812, 0.000413240195485, 0.000179572889465, 0.000586390902754, 7.60675902711e-05, 0.000105784238258, 7.50242252252e-05, 8.6483785708e-05, 0.00018754589837, 0.000263447669568, 3.85776656913e-05, 2.90385305561e-05, 1.97790686798e-05, 1.37837050715e-05, 6.72739843139e-05, 2.88060527964e-05, 3.21412444464e-05, 1.49311354107e-05, 1.78051268449e-05, 6.22695688435e-06, 4.76326704302e-06, 7.14530051482e-06, 7.08026482243e-06, 7.0173223321e-06, 1.81197685833e-06, 3.85473640563e-07, 1.80297178076e-07, 4.31624300745e-08, 3.67124748379e-08, 3.43272006376e-08, 2.50943159585e-08, 1.14926095307e-08, 9.70666214073e-09, 9.43179756518e-09, 2.11716844056e-09, 2.37218866772e-09, 2.33952812678e-09, 2.26141616544e-09, 2.17825157911e-09, 2.12230233387e-09, 2.0567587633e-09, 2.0152932656e-09, 1.96501837024e-09, 1.86697723947e-09, 1.80941317485e-09, 1.76234149496e-09, 1.74026604238e-09, 1.68070135587e-09, 1.64123759028e-09, 1.58545088169e-09, 1.57321367045e-09, 1.52913759432e-09, 1.50812484723e-09, 1.47016920859e-09, 1.4539398574e-09, 1.4313858987e-09, 1.42771572342e-09, 1.42097245082e-09],
        "mean": [1.12600837383e-05, 0.000124959013192, 0.000370634807041, 0.000425414502388, 0.000325193570461, 0.000189509621123, 7.62512718211e-05, 6.02664404141e-05, 6.83950711391e-05, 8.23659065645e-05, 0.00016199197853, 0.000121692231914, 5.74907353439e-05, 0.000141152486322, 0.000145358892041, 0.00015155908477, 9.58303717198e-05, 0.000118526542792, 0.000215046311496, 0.00038026162656, 0.000313339900458, 0.0002045516012, 0.000119851531053, 9.02205138118e-05, 6.58583885524e-05, 3.48212379322e-05, 3.51045528078e-05, 3.61440943379e-05, 1.61380376085e-05, 3.7596157199e-05, 2.3417884222e-05, 2.40012905124e-05, 5.35606668564e-05, 8.30706412671e-05, 2.92971726594e-05, 4.82005307276e-05, 4.57406385976e-05, 4.09382955695e-05, 6.69115397613e-05, 3.76645912183e-05, 7.85997872299e-06, 2.13314287976e-05, 2.42369478656e-05, 2.77325743809e-05, 2.14954507101e-05, 2.55852046394e-05, 6.01864085183e-05, 7.52031519369e-06, 1.14117729026e-05, 2.02535466087e-05, 3.42344901583e-05, 2.27168711717e-05, 1.71829360625e-05, 3.17505546263e-05, 2.12077102333e-05, 1.49157658598e-05, 1.2661573237e-05, 4.44581164629e-05, 2.87211187242e-05, 8.64451340021e-06, 1.91253311641e-05, 2.25962685363e-05, 2.99247658404e-05, 1.93175619643e-05, 1.11735798782e-05, 9.71505323832e-06, 8.39394488139e-06, 2.67045948021e-06, 1.50482060235e-06, 8.23477239464e-06, 8.83608936419e-06, 3.75408376385e-06, 1.99152555069e-06, 3.35757363246e-06, 1.26444774651e-06, 1.59808269018e-06, 1.0099715837e-06, 1.08730534976e-06, 3.09992606162e-06, 4.63361175207e-06, 1.06404945655e-06, 3.63081852583e-07, 4.42939438017e-07, 3.6589648289e-07, 8.54447478105e-07, 4.70017397447e-07, 4.73444771387e-07, 3.23388775314e-07, 1.84241770285e-07, 1.22254533608e-07, 8.59332232039e-08, 4.83892712566e-08, 7.0482990111e-08, 6.26925995562e-08, 2.04317061048e-08, 9.16859388411e-09, 5.7353179983e-09, 2.345766692e-09, 2.10236184017e-09, 1.91624516255e-09, 2.01958338941e-09, 1.98419880526e-09, 1.77311598737e-09, 1.51057399922e-09, 2.87031787227e-10, 5.65209727979e-12, 5.20246432739e-12, 5.02513959263e-12, 4.86492617024e-12, 4.73310756907e-12, 4.62977529578e-12, 4.46675639185e-12, 4.30430430881e-12, 4.12557921853e-12, 4.02323053345e-12, 3.9371891164e-12, 3.98469495247e-12, 3.55115893289e-12, 3.42515208904e-12, 3.333125876e-12, 3.25949185177e-12, 3.20065458512e-12, 3.13763316544e-12, 3.01603902443e-12, 2.84216118522e-12, 2.56159178071e-12, 2.41713593585e-12, 2.38614423359e-12],
        "min": [1.06364641539e-08, 1.36238629267e-08, 1.45098599802e-08, 1.48419490031e-08, 1.4216304578e-08, 1.23128280904e-08, 9.29496479785e-09, 5.93177817976e-09, 3.1411098167e-09, 1.98579330757e-09, 2.55495136159e-09, 3.74206488019e-09, 4.51760540088e-09, 4.41041425603e-09, 3.74984665541e-09, 3.12688741566e-09, 2.57794030567e-09, 1.89771753867e-09, 9.9473407289e-10, 7.26121385242e-10, 2.69272470987e-09, 1.91929272475e-09, 2.65439248359e-09, 2.64453059451e-09, 1.36574895837e-09, 9.47484757319e-10, 1.75630254784e-09, 1.27525767724e-09, 1.49660417392e-09, 5.22101140099e-10, 9.39557542878e-10, 7.7043355029e-10, 3.9821995701e-10, 2.05739736359e-09, 7.99130761564e-10, 8.07039324258e-10, 1.48718026782e-09, 1.87699322751e-09, 1.72908642959e-09, 5.32454358382e-10, 4.00411093171e-10, 2.4546680244e-09, 1.72273040278e-09, 1.30478006177e-09, 1.61720881131e-09, 5.28288657264e-09, 1.07390158988e-08, 7.25564852644e-09, 2.30274732615e-09, 1.96026772592e-09, 1.93666971349e-09, 1.49325996013e-09, 3.2049027876e-09, 2.9072355634e-09, 3.2113025572e-09, 2.09075934343e-09, 2.87183787862e-09, 3.13249359785e-09, 7.26839477494e-09, 6.72326105899e-09, 4.82650097666e-09, 2.64748334367e-09, 3.41910544321e-09, 2.45460030079e-09, 2.69855338075e-09, 3.60891405649e-09, 4.17750412041e-09, 1.82401960203e-09, 1.45876155599e-09, 3.43220651899e-09, 2.60701193966e-09, 2.15553486171e-09, 1.85225756955e-09, 2.82185075307e-09, 1.91056237497e-09, 1.39464551019e-09, 2.23595009174e-09, 1.81690795742e-09, 1.14216514024e-09, 1.5111931706e-09, 1.7776655703e-09, 1.45632195192e-09, 1.48695700197e-09, 1.10655917762e-09, 1.09016473626e-09, 3.30423022277e-10, 7.15379921967e-10, 9.96065341319e-10, 6.97953028705e-10, 7.24440840649e-10, 7.07671199418e-10, 6.42571440501e-10, 5.73788350167e-10, 3.76320336004e-10, 4.03279659666e-10, 1.68988073534e-10, 1.00373008516e-10, 2.16137975573e-11, 1.11571550609e-11, 1.12169353667e-11, 5.61168299329e-11, 6.32125324307e-11, 1.09062698109e-11, 1.11320978477e-11, 3.37621228717e-12, 2.25592249959e-13, 2.14918211808e-13, 2.01108566107e-13, 2.73058648175e-13, 2.50212854993e-13, 2.57585836341e-13, 1.81412827469e-13, 1.57440317836e-13, 1.89962669618e-13, 1.82144596172e-13, 2.28897115021e-13, 1.95437768616e-13, 1.27857224591e-13, 2.09186563471e-13, 1.64173321747e-13, 1.62889951636e-13, 2.93844267495e-13, 2.11992519351e-13, 1.36364281412e-13, 1.20034448418e-13, 6.53246445652e-14, 9.0419471159e-15, 3.39696846024e-16],
        "stdev": [1.92368388525e-05, 0.000514991930686, 0.00133216218092, 0.00119758432265, 0.000937597767916, 0.000488499354105, 0.000162879761774, 0.000147541766637, 0.000136362272315, 0.000173275650013, 0.000352167058736, 0.000233953629504, 0.000183534473763, 0.000799833447672, 0.000696510600392, 0.000599786522798, 0.00032345901127, 0.000881371437572, 0.0011840602383, 0.00185845280066, 0.00199353019707, 0.00153063074686, 0.000879510946106, 0.000576156191528, 0.000415671704104, 0.000222163027502, 0.000117338291602, 0.000135967478855, 5.20008652529e-05, 0.00017471879255, 8.18123444333e-05, 7.40310642868e-05, 0.000157086149557, 0.000554593454581, 0.00012124771456, 0.000216148313484, 0.000247201765887, 0.000317194295349, 0.000261128821876, 0.000147885948536, 2.17508004425e-05, 5.74730511289e-05, 8.63841705723e-05, 0.0001256991236, 0.000104635226307, 0.000113018671982, 0.000342728279065, 2.28442095249e-05, 2.58783456957e-05, 4.9385776947e-05, 0.000149666069774, 8.11063437141e-05, 4.47551938123e-05, 0.000130094151245, 7.52870182623e-05, 3.28028218064e-05, 2.72397683148e-05, 0.00017128008767, 0.000123143690871, 2.47236002906e-05, 5.79462393944e-05, 9.37359000091e-05, 0.000120455944852, 7.61784685892e-05, 4.76793939015e-05, 3.80657584174e-05, 2.80345611827e-05, 7.18885848983e-06, 4.4189455366e-06, 4.25667312811e-05, 4.3601867219e-05, 1.83793617907e-05, 9.18375008041e-06, 2.38857192016e-05, 4.36901154899e-06, 7.12751079845e-06, 4.16987404606e-06, 4.72684905617e-06, 1.28636729642e-05, 2.1505082259e-05, 3.99403688789e-06, 1.46040372329e-06, 1.43195370583e-06, 1.15321245175e-06, 4.43669023298e-06, 2.03491777029e-06, 2.15164322981e-06, 1.22408789593e-06, 7.48518743876e-07, 4.48905467465e-07, 2.95571140896e-07, 2.55447702102e-07, 2.93898324344e-07, 2.80277930642e-07, 7.78568676196e-08, 2.54646970177e-08, 1.34291751053e-08, 2.21764362429e-09, 1.7731002222e-09, 1.44791223455e-09, 1.2389164139e-09, 1.01397157337e-09, 7.84634746065e-10, 6.9030958727e-10, 2.00965771802e-10, 6.7569526363e-11, 6.66043747932e-11, 6.43595732264e-11, 6.19858192552e-11, 6.03792710274e-11, 5.85059778402e-11, 5.73109511237e-11, 5.58741178325e-11, 5.30967284029e-11, 5.14543511965e-11, 5.01101937722e-11, 4.94679470997e-11, 4.77886168138e-11, 4.66655290798e-11, 4.50842245481e-11, 4.47269998816e-11, 4.34765660973e-11, 4.28762060578e-11, 4.18024399818e-11, 4.13432517388e-11, 4.07107091094e-11, 4.06066673342e-11, 4.04150324318e-11]
    },
    "mfcc": {
        "mean": [-768.267150879, 142.058334351, -32.3443107605, 38.5211410522, -5.0314912796, 4.96978092194, -9.72873687744, 5.00546693802, -7.24810838699, -1.38888943195, 1.39211881161, 2.76694703102, 1.45224630833],
        "cov": [[9957.55175781, 821.0546875, -2553.61083984, 523.399597168, -1046.46057129, 102.609130859, -553.530944824, 615.53515625, -411.874023438, -39.0868759155, -201.494094849, 158.800872803, 39.6955184937], [821.0546875, 1527.29699707, 384.923126221, -24.3336811066, 10.4122695923, -378.209747314, -96.4357376099, -79.398109436, -167.196838379, -82.7846374512, 90.185508728, -27.9793338776, 40.9885520935], [-2553.61083984, 384.923126221, 1448.4375, 59.510509491, 216.302810669, -31.574256897, 152.538772583, -182.118164062, 3.22902750969, -5.64029884338, 54.4988059998, -52.7591629028, -31.8616447449], [523.399597168, -24.3336811066, 59.510509491, 498.183532715, 2.68571424484, 49.4045982361, 58.7437515259, 45.9789581299, 28.0797386169, 6.12023544312, -42.9618644714, 23.4834365845, 43.879360199], [-1046.46057129, 10.4122695923, 216.302810669, 2.68571424484, 319.870880127, -2.64147567749, 42.9675369263, -87.9752349854, 50.3176651001, 39.7795066833, 28.6890296936, -30.0527420044, 12.6048564911], [102.609130859, -378.209747314, -31.574256897, 49.4045982361, -2.64147567749, 314.732299805, 62.7988510132, 32.0113945007, 62.1676826477, 60.6244354248, -66.8500518799, 1.19881808758, -22.3169689178], [-553.530944824, -96.4357376099, 152.538772583, 58.7437515259, 42.9675369263, 62.7988510132, 203.802947998, 64.2337722778, 91.9409561157, 15.0126867294, -11.5879192352, 6.53094911575, 24.7899780273], [615.53515625, -79.398109436, -182.118164062, 45.9789581299, -87.9752349854, 32.0113945007, 64.2337722778, 208.654830933, 16.0846118927, 12.9456262589, 6.73098707199, 20.7848587036, 11.3409662247], [-411.874023438, -167.196838379, 3.22902750969, 28.0797386169, 50.3176651001, 62.1676826477, 91.9409561157, 16.0846118927, 173.034301758, 45.1073265076, -29.9458065033, -12.3619594574, 9.99270534515], [-39.0868759155, -82.7846374512, -5.64029884338, 6.12023544312, 39.7795066833, 60.6244354248, 15.0126867294, 12.9456262589, 45.1073265076, 106.926925659, 18.1247444153, -7.87115478516, 0.136136040092], [-201.494094849, 90.185508728, 54.4988059998, -42.9618644714, 28.6890296936, -66.8500518799, -11.5879192352, 6.73098707199, -29.9458065033, 18.1247444153, 147.339660645, 31.3311767578, 4.8907251358], [158.800872803, -27.9793338776, -52.7591629028, 23.4834365845, -30.0527420044, 1.19881808758, 6.53094911575, 20.7848587036, -12.3619594574, -7.87115478516, 31.3311767578, 80.0250854492, 29.5150527954], [39.6955184937, 40.9885520935, -31.8616447449, 43.879360199, 12.6048564911, -22.3169689178, 24.7899780273, 11.3409662247, 9.99270534515, 0.136136040092, 4.8907251358, 29.5150527954, 75.0147094727]],
        "icov": [[0.00360996252857, -0.00479247188196, 0.00541964266449, -0.0042483555153, 0.00510984938592, -0.00538436183706, 0.00565787917003, -0.00558909960091, 0.00359479896724, -0.00318680889904, 0.00359321408905, -0.00312943896279, 0.00253404630348], [-0.00479247188196, 0.0074831135571, -0.00751955993474, 0.00560719519854, -0.00664515467361, 0.00824028719217, -0.00727265654132, 0.00732354307547, -0.0041302847676, 0.00417864602059, -0.00482821650803, 0.00480686733499, -0.00419615348801], [0.00541964266449, -0.00751955993474, 0.00936023518443, -0.00662838481367, 0.00741845835, -0.00826238840818, 0.00679836887866, -0.0070629841648, 0.00588149065152, -0.0047629182227, 0.00481939036399, -0.00430026650429, 0.00481319474056], [-0.0042483555153, 0.00560719519854, -0.00662838481367, 0.00733666913584, -0.00613346137106, 0.0061070099473, -0.00660534482449, 0.00591277889907, -0.00427222717553, 0.00363659812137, -0.00329188676551, 0.00300949742086, -0.0041931560263], [0.00510984938592, -0.00664515467361, 0.00741845835, -0.00613346137106, 0.0118766492233, -0.00751972431317, 0.00700352294371, -0.00576368672773, 0.00448014959693, -0.00565760536119, 0.00364668411203, -0.00233515771106, 0.00208426103927], [-0.00538436183706, 0.00824028719217, -0.00826238840818, 0.0061070099473, -0.00751972431317, 0.0140294395387, -0.00966598186642, 0.00826393533498, -0.00469323247671, 0.00147014437243, -0.0025964458473, 0.00301529327407, -0.0017472486943], [0.00565787917003, -0.00727265654132, 0.00679836887866, -0.00660534482449, 0.00700352294371, -0.00966598186642, 0.0194611512125, -0.0132149504498, 0.00103709870018, -0.00291365920566, 0.00583593454212, -0.00546783162281, 0.000883271102794], [-0.00558909960091, 0.00732354307547, -0.0070629841648, 0.00591277889907, -0.00576368672773, 0.00826393533498, -0.0132149504498, 0.0169701296836, -0.00452847545967, 0.00368944206275, -0.00712704705074, 0.00531471567228, -0.00330398674123], [0.00359479896724, -0.0041302847676, 0.00588149065152, -0.00427222717553, 0.00448014959693, -0.00469323247671, 0.00103709870018, -0.00452847545967, 0.0135628450662, -0.00669599371031, 0.00524942856282, -0.00203523016535, 0.00220849062316], [-0.00318680889904, 0.00417864602059, -0.0047629182227, 0.00363659812137, -0.00565760536119, 0.00147014437243, -0.00291365920566, 0.00368944206275, -0.00669599371031, 0.0166502390057, -0.00718092918396, 0.00552610727027, -0.00379831460305], [0.00359321408905, -0.00482821650803, 0.00481939036399, -0.00329188676551, 0.00364668411203, -0.0025964458473, 0.00583593454212, -0.00712704705074, 0.00524942856282, -0.00718092918396, 0.0145522598177, -0.00911679118872, 0.00442505162209], [-0.00312943896279, 0.00480686733499, -0.00430026650429, 0.00300949742086, -0.00233515771106, 0.00301529327407, -0.00546783162281, 0.00531471567228, -0.00203523016535, 0.00552610727027, -0.00911679118872, 0.0223778150976, -0.0102137271315], [0.00253404630348, -0.00419615348801, 0.00481319474056, -0.0041931560263, 0.00208426103927, -0.0017472486943, 0.000883271102794, -0.00330398674123, 0.00220849062316, -0.00379831460305, 0.00442505162209, -0.0102137271315, 0.0215601380914]]
    },
    "spectral_contrast_coeffs": {
        "max": [-0.429919302464, -0.46085780859, -0.539144158363, -0.565831840038, -0.482156842947, -0.504228234291],
        "mean": [-0.745210766792, -0.759951293468, -0.787034392357, -0.793654859066, -0.778165578842, -0.735355734825],
        "min": [-0.938132584095, -0.947079837322, -0.93442940712, -0.922285556793, -0.900463223457, -0.867272615433],
        "stdev": [0.0795373693109, 0.0920809656382, 0.0758974477649, 0.0701643526554, 0.0811074674129, 0.0830884799361]
    },
    "spectral_contrast_valleys": {
        "max": [-5.93669939041, -5.04951667786, -5.95822715759, -5.90176534653, -6.04919147491, -10.5891656876],
        "mean": [-7.93415641785, -7.74327945709, -8.45638561249, -8.54711437225, -8.58326148987, -12.2073898315],
        "min": [-11.4816617966, -11.1011705399, -11.4359502792, -11.0624084473, -10.3875656128, -14.0115003586],
        "stdev": [1.00624668598, 1.00594878197, 0.999635636806, 1.03319907188, 0.956209003925, 0.270337820053]
    }
},
"rhythm": {
    "beats_count": 75,
    "beats_loudness": {
        "max": 0.127302959561,
        "mean": 0.0105512300506,
        "min": 1.53693708853e-05,
        "stdev": 0.0177892055362
    },
    "bpm": 163.47505188,
    "bpm_histogram_first_peak_bpm": 161,
    "bpm_histogram_first_peak_weight": 0.181818187237,
    "bpm_histogram_second_peak_bpm": 167,
    "bpm_histogram_second_peak_spread": 0,
    "bpm_histogram_second_peak_weight": 0.148648649454,
    "danceability": 0.929216742516,
    "onset_rate": 2.20588231087,
    "beats_loudness_band_ratio": {
        "max": [0.988489747047, 0.826690673828, 0.844996273518, 0.599695384502, 0.626469671726, 0.44986474514],
        "mean": [0.26683652401, 0.198961704969, 0.210803940892, 0.11697049439, 0.175600960851, 0.0620228275657],
        "min": [0.00464945659041, 0.0037534092553, 0.00143190019298, 0.000681341160089, 0.000243101167143, 0.00012172282004],
        "stdev": [0.266264498234, 0.218419462442, 0.222957506776, 0.108885832131, 0.187272161245, 0.0845656245947]
    },
