{
"metadata": {
    "version": {
        "essentia": "2.1-beta5",
        "essentia_git_sha": "Undefined",
        "extractor": "music 2.0"
    },
    "audio_properties": {
        "analysis": {
            "equal_loudness": 0,
            "length": 48.7502937317,
            "sample_rate": 44100,
            "start_time": 110.248344421,
            "downmix": "mix"
        },
        "bit_rate": 192000,
        "length": 301.67364502,
        "lossless": 0,
        "number_channels": 2,
        "replay_gain": 2.1229724884,
        "sample_rate": 44100,
        "codec": "mp3",
        "md5_encoded": "8facb120664ac5e1c5ed54f1960067d3"
    },
    "tags": {
        "file_name": "Italy_Romantica_Renato Rascel.mp3",
        "encoding": ["Lavf58.29.100"]
    }
},
"lowlevel": {
    "average_loudness": 0.9562458992,
    "barkbands_crest": {
        "max": 25.2492485046,
        "mean": 13.3370676041,
        "min": 4.67504692078,
        "stdev": 4.20463752747
    },
    "barkbands_flatness_db": {
        "max": 0.450264573097,
        "mean": 0.273900717497,
        "min": 0.0769831463695,
        "stdev": 0.049154125154
    },
    "barkbands_kurtosis": {
        "max": 131.082077026,
        "mean": 8.98384094238,
        "min": -1.2333534956,
        "stdev": 11.3838500977
    },
    "barkbands_skewness": {
        "max": 10.420788765,
        "mean": 1.61993837357,
        "min": -2.24336266518,
        "stdev": 1.48472392559
    },
    "barkbands_spread": {
        "max": 38.2006568909,
        "mean": 5.08159017563,
        "min": 0.732086896896,
        "stdev": 3.89305257797
    },
    "dissonance": {
        "max": 0.498779654503,
        "mean": 0.364102572203,
        "min": 0.116857625544,
        "stdev": 0.0789865031838
    },
    "dynamic_complexity": 2.70163965225,
    "erbbands_crest": {
        "max": 32.4588623047,
        "mean": 15.8973608017,
        "min": 3.53552150726,
        "stdev": 5.87885808945
    },
    "erbbands_flatness_db": {
        "max": 0.418105691671,
        "mean": 0.299035549164,
        "min": 0.123323351145,
        "stdev": 0.0537885949016
    },
    "erbbands_kurtosis": {
        "max": 50.451259613,
        "mean": 3.86389350891,
        "min": -1.80776417255,
        "stdev": 4.43334960938
    },
    "erbbands_skewness": {
        "max": 5.62066221237,
        "mean": 1.05458307266,
        "min": -3.21493625641,
        "stdev": 1.00965416431
    },
    "erbbands_spread": {
        "max": 71.6840362549,
        "mean": 13.1466064453,
        "min": 1.63220095634,
        "stdev": 10.6924858093
    },
    "hfc": {
        "max": 56.3938903809,
        "mean": 14.3402004242,
        "min": 0.125052958727,
        "stdev": 10.3019742966
    },
    "loudness_ebu128": {
        "integrated": -26.4376106262,
        "loudness_range": 1.72123527527,
        "momentary": {
            "max": -22.8077735901,
            "mean": -26.92603302,
            "min": -37.872505188,
            "stdev": 2.28229403496
        },
        "short_term": {
            "max": -25.1782093048,
            "mean": -26.4895896912,
            "min": -29.8855419159,
            "stdev": 0.711682915688
        }
    },
    "melbands_crest": {
        "max": 31.8662853241,
        "mean": 15.8439750671,
        "min": 5.74943065643,
        "stdev": 4.97035646439
    },
    "melbands_flatness_db": {
        "max": 0.530429363251,
        "mean": 0.343850463629,
        "min": 0.112364791334,
        "stdev": 0.0509389005601
    },
    "melbands_kurtosis": {
        "max": 157.144363403,
        "mean": 8.96763896942,
        "min": -1.64160478115,
        "stdev": 11.785235405
    },
    "melbands_skewness": {
        "max": 9.51787757874,
        "mean": 1.46021735668,
        "min": -2.27259731293,
        "stdev": 1.51976275444
    },
    "melbands_spread": {
        "max": 48.5876579285,
        "mean": 7.67287540436,
        "min": 1.0347328186,
        "stdev": 4.69724798203
    },
    "pitch_salience": {
        "max": 0.852179527283,
        "mean": 0.55392074585,
        "min": 0.144854471087,
        "stdev": 0.11111600697
    },
    "silence_rate_20dB": {
        "max": 1,
        "mean": 1,
        "min": 1,
        "stdev": 0
    },
    "silence_rate_30dB": {
        "max": 1,
        "mean": 0.998096168041,
        "min": 0,
        "stdev": 0.0435913726687
    },
    "silence_rate_60dB": {
        "max": 1,
        "mean": 0.0399809628725,
        "min": 0,
        "stdev": 0.195915803313
    },
    "spectral_centroid": {
        "max": 2777.14648438,
        "mean": 605.213806152,
        "min": 234.504867554,
        "stdev": 233.160491943
    },
    "spectral_complexity": {
        "max": 20,
        "mean": 9.11089992523,
        "min": 0,
        "stdev": 2.85598111153
    },
    "spectral_decrease": {
        "max": -6.07792496887e-11,
        "mean": -6.74652866905e-09,
        "min": -3.66766990112e-08,
        "stdev": 4.51290205206e-09
    },
    "spectral_energy": {
        "max": 0.142517596483,
        "mean": 0.0267636328936,
        "min": 0.000244766008109,
        "stdev": 0.01779990457
    },
    "spectral_energyband_high": {
        "max": 8.11303179944e-05,
        "mean": 6.20791388428e-06,
        "min": 1.8911027837e-06,
        "stdev": 5.37886444363e-06
    },
    "spectral_energyband_low": {
        "max": 0.0153854675591,
        "mean": 0.000826037488878,
        "min": 3.85170824302e-06,
        "stdev": 0.00158399913926
    },
    "spectral_energyband_middle_high": {
        "max": 0.0498555600643,
        "mean": 0.00402041198686,
        "min": 1.30449925564e-05,
        "stdev": 0.00623466540128
    },
    "spectral_energyband_middle_low": {
        "max": 0.136169761419,
        "mean": 0.0228317826986,
        "min": 0.00013430933177,
        "stdev": 0.0175801999867
    },
    "spectral_entropy": {
        "max": 7.88658094406,
        "mean": 6.17093467712,
        "min": 4.45065069199,
        "stdev": 0.459614932537
    },
    "spectral_flux": {
        "max": 0.228682935238,
        "mean": 0.0693113207817,
        "min": 0.00641703652218,
        "stdev": 0.0373268686235
    },
    "spectral_kurtosis": {
        "max": 64.1701202393,
        "mean": 25.6221427917,
        "min": 2.33783769608,
        "stdev": 10.8488464355
    },
    "spectral_rms": {
        "max": 0.0117915887386,
        "mean": 0.00478720013052,
        "min": 0.000488667690661,
        "stdev": 0.00178705807775
    },
    "spectral_rolloff": {
        "max": 3854.44335938,
        "mean": 703.914794922,
        "min": 193.798828125,
        "stdev": 317.99105835
    },
    "spectral_skewness": {
        "max": 6.73468875885,
        "mean": 3.87985229492,
        "min": 0.709718644619,
        "stdev": 0.968883872032
    },
    "spectral_spread": {
        "max": 20469890,
        "mean": 2226566.75,
        "min": 1214061.75,
        "stdev": 739771.1875
    },
    "spectral_strongpeak": {
        "max": 8.89904212952,
        "mean": 2.02534341812,
        "min": 0.0345817320049,
        "stdev": 1.5417560339
    },
    "zerocrossingrate": {
        "max": 0.091796875,
        "mean": 0.0287179555744,
        "min": 0.00732421875,
        "stdev": 0.00940858386457
    },
    "barkbands": {
        "max": [2.8880622267e-05, 0.000566384987906, 0.00566738890484, 0.0306285303086, 0.111317552626, 0.0571766421199, 0.0668760016561, 0.0707553327084, 0.0674440041184, 0.0432532094419, 0.02523227036, 0.0361310616136, 0.0149573348463, 0.00349196558818, 0.00612835027277, 0.00181305094156, 0.00154861353803, 0.000360364996595, 0.000448130216682, 0.000138717572554, 2.55167997238e-05, 8.20021523396e-06, 8.46330112836e-06, 1.18101415865e-05, 1.26958475448e-05, 1.50936330101e-05, 9.87003545561e-07],
        "mean": [3.46059300682e-06, 3.10965078825e-05, 0.000247653515544, 0.00139951659366, 0.00554136373103, 0.00336666451767, 0.00429187621921, 0.00293630175292, 0.00422871252522, 0.00247185747139, 0.000659513054416, 0.000494492531288, 0.00063607445918, 0.000129343316075, 0.000112156732939, 8.81880623638e-05, 6.71502566547e-05, 3.51848902937e-05, 1.43748193295e-05, 4.15047179558e-06, 8.93290177828e-07, 4.74808445006e-07, 4.40163034909e-07, 7.85046381679e-07, 1.53282633164e-06, 4.10914879012e-07, 2.08891415276e-09],
        "min": [1.27490018542e-08, 2.41422810632e-07, 6.72093705134e-08, 1.90555681456e-07, 2.93094599328e-05, 6.84597011968e-07, 5.04301715409e-06, 2.64523305304e-06, 2.67919631369e-06, 1.88158071524e-06, 8.69845848683e-07, 4.73568377402e-07, 6.41252029254e-07, 5.37272228485e-07, 4.80185747165e-07, 2.11434326047e-07, 4.3549800921e-07, 3.01466343444e-07, 1.56470633783e-07, 1.7561623622e-07, 1.47487725144e-07, 1.90033034642e-07, 1.90804001932e-07, 2.40333804413e-07, 2.02012188311e-07, 1.87861417089e-07, 2.98760377548e-10],
        "stdev": [2.39964128923e-06, 4.75348897453e-05, 0.000545357121155, 0.00254407874309, 0.00927227083594, 0.00625278428197, 0.00831826683134, 0.00583637133241, 0.00776264118031, 0.00552569516003, 0.00189368030988, 0.00209608185105, 0.00151521235239, 0.000301905558445, 0.000305448076688, 0.00017413108435, 0.000130376138259, 4.51910091215e-05, 2.94980145554e-05, 8.63845343702e-06, 1.73071111931e-06, 2.35162943341e-07, 2.26449969887e-07, 3.15798644124e-07, 3.98683766889e-07, 3.98961248038e-07, 2.31949446317e-08]
    },
    "erbbands": {
        "max": [0.00710551999509, 0.169506773353, 3.54977941513, 53.5448265076, 227.074020386, 641.018493652, 335.531066895, 624.989074707, 1011.7076416, 1609.03710938, 1226.29516602, 2164.93652344, 2035.0032959, 1433.67236328, 1975.00085449, 488.062347412, 830.293884277, 227.732528687, 260.397796631, 129.388046265, 86.9072647095, 45.5096626282, 23.8768730164, 22.3981533051, 26.1851806641, 6.56196832657, 2.31298589706, 0.385556221008, 0.303892016411, 0.225032970309, 0.259374350309, 0.24237935245, 0.201485112309, 0.13018399477, 0.0975852683187, 0.0578212253749, 0.0281630791724, 0.0055681373924, 0.000148612074554, 0.000157652582857],
        "mean": [0.000595768447965, 0.0112889120355, 0.202236250043, 2.66401576996, 10.7398118973, 20.3609905243, 20.3673381805, 32.2685585022, 54.6724967957, 73.2525939941, 64.194519043, 98.3934249878, 87.8726730347, 55.9082565308, 36.2680015564, 17.2543983459, 29.543964386, 10.029173851, 7.2492723465, 4.43980884552, 4.64142608643, 3.34290122986, 2.37786245346, 1.15752923489, 0.449912071228, 0.204744294286, 0.0671913176775, 0.0244816243649, 0.0152500979602, 0.0165061354637, 0.0131395868957, 0.0139225749299, 0.015160901472, 0.0164060145617, 0.0108005646616, 0.003293864429, 0.000455344677903, 2.32525308093e-05, 1.37882925628e-05, 3.0396549846e-05],
        "min": [2.51179426414e-05, 9.54058486968e-05, 0.000729713239707, 0.00647764932364, 0.0344708636403, 0.107486061752, 0.0476392172277, 0.0528243295848, 0.0835728421807, 0.107962451875, 0.127995476127, 0.0866800621152, 0.0892340019345, 0.0643173903227, 0.0547966957092, 0.0357308425009, 0.0345261394978, 0.0380380302668, 0.0344423614442, 0.033165179193, 0.0173946991563, 0.0231355335563, 0.019881170243, 0.0145424474031, 0.0102504845709, 0.00934211537242, 0.00827565137297, 0.00567563762888, 0.00608719047159, 0.00559313734993, 0.00553328497335, 0.00540319038555, 0.0040406207554, 0.00229276437312, 0.00136250734795, 0.00077032588888, 0.000202114752028, 7.5120042311e-06, 5.36167362952e-07, 3.27652088572e-07],
        "stdev": [0.000569930649363, 0.0146656231955, 0.359254747629, 4.62125396729, 20.086889267, 45.0661354065, 38.1332321167, 65.3894882202, 102.118141174, 163.347091675, 115.857215881, 190.731369019, 196.025543213, 155.635864258, 138.164520264, 39.4397697449, 73.8251266479, 18.0285511017, 17.1142349243, 8.73079681396, 8.94121265411, 5.11177206039, 2.82225561142, 2.27809786797, 0.985908746719, 0.414746046066, 0.142092198133, 0.0312717407942, 0.00925148371607, 0.00668089836836, 0.00684069423005, 0.00639622285962, 0.00563308084384, 0.00464112218469, 0.00303026894107, 0.00157921935897, 0.000755829154514, 0.000136931688758, 9.19004105526e-06, 2.00425183721e-05]
    },
    "gfcc": {
        "mean": [-98.7027206421, 151.456665039, -123.769393921, -30.756734848, -66.9912719727, -12.9388179779, -61.1703033447, 7.62733221054, -31.1532230377, -13.6650352478, -14.7984285355, -13.6259145737, -8.54646778107],
        "cov": [[786.005065918, 274.657409668, -298.638397217, -345.202941895, 104.936210632, -73.7782363892, 44.8938751221, 10.5128479004, 75.6292648315, -82.597694397, 44.5177993774, -53.2660255432, 2.210968256], [274.657409668, 243.961883545, 113.669082642, -109.284011841, 15.4139966965, -9.09684467316, -21.9978847504, -41.4650993347, 37.0425567627, -48.0879440308, 10.1320524216, -24.4598369598, -28.6664848328], [-298.638397217, 113.669082642, 636.338867188, 341.056732178, -71.88722229, -95.6547393799, -177.392227173, -117.818595886, -2.65705966949, 15.8031711578, -32.3604698181, 17.8313694, -15.8077859879], [-345.202941895, -109.284011841, 341.056732178, 748.822509766, 148.229400635, -221.737884521, -257.549041748, -62.1319541931, -71.0564804077, 84.164642334, -42.0528526306, 15.2990722656, 38.5420455933], [104.936210632, 15.4139966965, -71.88722229, 148.229400635, 190.271392822, -6.55395460129, -67.5639724731, -4.6710934639, 8.25082397461, -0.397006094456, -18.8636474609, -12.6153297424, 13.093328476], [-73.7782363892, -9.09684467316, -95.6547393799, -221.737884521, -6.55395460129, 302.574127197, 198.806518555, 33.1999969482, -42.9833984375, -34.3435325623, -8.80271530151, 0.636767685413, -43.7781181335], [44.8938751221, -21.9978847504, -177.392227173, -257.549041748, -67.5639724731, 198.806518555, 267.662322998, 80.4431381226, -72.328453064, -59.0779571533, 21.7809200287, 1.5772151947, -26.9024467468], [10.5128479004, -41.4650993347, -117.818595886, -62.1319541931, -4.6710934639, 33.1999969482, 80.4431381226, 90.2270355225, 22.2184906006, -4.94815254211, -2.83282232285, -4.07182741165, -3.15071725845], [75.6292648315, 37.0425567627, -2.65705966949, -71.0564804077, 8.25082397461, -42.9833984375, -72.328453064, 22.2184906006, 173.581481934, 71.1062240601, -23.4018001556, -40.3317375183, 3.22141218185], [-82.597694397, -48.0879440308, 15.8031711578, 84.164642334, -0.397006094456, -34.3435325623, -59.0779571533, -4.94815254211, 71.1062240601, 127.064285278, 17.7764110565, -27.8229598999, -13.8883266449], [44.5177993774, 10.1320524216, -32.3604698181, -42.0528526306, -18.8636474609, -8.80271530151, 21.7809200287, -2.83282232285, -23.4018001556, 17.7764110565, 79.2864532471, 30.6555309296, -18.040058136], [-53.2660255432, -24.4598369598, 17.8313694, 15.2990722656, -12.6153297424, 0.636767685413, 1.5772151947, -4.07182741165, -40.3317375183, -27.8229598999, 30.6555309296, 84.581199646, 47.14894104], [2.210968256, -28.6664848328, -15.8077859879, 38.5420455933, 13.093328476, -43.7781181335, -26.9024467468, -3.15071725845, 3.22141218185, -13.8883266449, -18.040058136, 47.14894104, 111.602638245]],
        "icov": [[0.0176571179181, -0.018187167123, 0.00743454741314, 0.00508574210107, -0.0141937797889, 0.0186117142439, -0.0167040284723, 0.0113812210038, -0.00505708809942, 0.000693023612257, 0.000259492982877, -0.000256901839748, -8.13009100966e-05], [-0.018187167123, 0.0325685255229, -0.016512369737, 0.00363543443382, 0.00260542985052, -0.0137869883329, 0.015114675276, -0.011740420945, 0.00676804268733, 0.0012646218529, -0.00523204542696, 0.00646734330803, -0.000886267633177], [0.00743454741314, -0.016512369737, 0.019655097276, -0.0175904650241, 0.0165453683585, -0.00396336615086, -0.00637436285615, 0.0193224269897, -0.0220298320055, 0.0180276688188, -0.00738620199263, -0.000439641531557, 0.00185443880036], [0.00508574210107, 0.00363543443382, -0.0175904650241, 0.032162476331, -0.0352029800415, 0.0238561313599, -0.00225397269242, -0.0180319007486, 0.0335392393172, -0.0330500937998, 0.0211718305945, -0.00726615916938, 0.00108084618114], [-0.0141937797889, 0.00260542985052, 0.0165453683585, -0.0352029800415, 0.0533424019814, -0.0393880158663, 0.0224075000733, 0.00532427337021, -0.0258034914732, 0.0329224094748, -0.0226694457233, 0.0121181095019, -0.00464785890654], [0.0186117142439, -0.0137869883329, -0.00396336615086, 0.0238561313599, -0.0393880158663, 0.0450472347438, -0.0339264385402, 0.0106421774253, 0.0110584879294, -0.0246115457267, 0.0262515097857, -0.0190738029778, 0.0106233172119], [-0.0167040284723, 0.015114675276, -0.00637436285615, -0.00225397269242, 0.0224075000733, -0.0339264385402, 0.0488862022758, -0.0356525853276, 0.0198602061719, 0.00303089385852, -0.0140023715794, 0.0184205342084, -0.0113121736795], [0.0113812210038, -0.011740420945, 0.0193224269897, -0.0180319007486, 0.00532427337021, 0.0106421774253, -0.0356525853276, 0.056812595576, -0.0420574657619, 0.0244170203805, -0.00482815504074, -0.00838010199368, 0.00929512456059], [-0.00505708809942, 0.00676804268733, -0.0220298320055, 0.0335392393172, -0.0258034914732, 0.0110584879294, 0.0198602061719, -0.0420574657619, 0.0603582933545, -0.0490221828222, 0.0291378311813, -0.00533271580935, -0.00277915713377], [0.000693023612257, 0.0012646218529, 0.0180276688188, -0.0330500937998, 0.0329224094748, -0.0246115457267, 0.00303089385852, 0.0244170203805, -0.0490221828222, 0.0635932832956, -0.0470784455538, 0.0282882992178, -0.00805054511875], [0.000259492982877, -0.00523204542696, -0.00738620199263, 0.0211718305945, -0.0226694457233, 0.0262515097857, -0.0140023715794, -0.00482815504074, 0.0291378311813, -0.0470784455538, 0.0637705996633, -0.0441378392279, 0.0219940915704], [-0.000256901839748, 0.00646734330803, -0.000439641531557, -0.00726615916938, 0.0121181095019, -0.0190738029778, 0.0184205342084, -0.00838010199368, -0.00533271580935, 0.0282882992178, -0.0441378392279, 0.0538371093571, -0.0267916284502], [-8.13009100966e-05, -0.000886267633177, 0.00185443880036, 0.00108084618114, -0.00464785890654, 0.0106233172119, -0.0113121736795, 0.00929512456059, -0.00277915713377, -0.00805054511875, 0.0219940915704, -0.0267916284502, 0.0248240716755]]
    },
    "melbands": {
        "max": [0.000100972582004, 0.00147432740778, 0.00978177320212, 0.0285501610488, 0.015624939464, 0.0130199976265, 0.0135117424652, 0.0188670884818, 0.00883869081736, 0.0129546802491, 0.00983170885593, 0.00631365180016, 0.00466410070658, 0.00439819460735, 0.00100577448029, 0.00142817839514, 0.000389958906453, 0.000380614801543, 0.000452542037237, 0.000133207984618, 0.000100722158095, 6.78352080286e-05, 3.25259024976e-05, 2.76696591754e-05, 2.24542509386e-05, 2.16424377868e-05, 9.62027752394e-06, 4.09330687035e-06, 2.02936485039e-06, 4.34047422004e-07, 1.72195029791e-07, 1.6801330105e-07, 1.60078229783e-07, 1.09272313864e-07, 1.42208961051e-07, 1.53235632183e-07, 1.48732524963e-07, 1.38442302955e-07, 1.30664332687e-07, 1.0381238269e-07],
        "mean": [6.92870025887e-06, 9.65997533058e-05, 0.0006887933705, 0.0011238460429, 0.000801343878265, 0.000715668895282, 0.00085122481687, 0.000763787829783, 0.000522661663126, 0.000637850083876, 0.000423053483246, 0.00022949349659, 0.0001034808447, 6.87298379489e-05, 5.62363056815e-05, 5.42267844139e-05, 1.45094591062e-05, 1.14752019726e-05, 7.02514216755e-06, 6.66929827275e-06, 5.02454849993e-06, 3.53743462256e-06, 3.00485635307e-06, 1.44142893532e-06, 9.0769134431e-07, 3.68765114445e-07, 2.02076904543e-07, 1.19361956763e-07, 4.89545897153e-08, 2.03902210671e-08, 1.16054721389e-08, 8.27611046361e-09, 9.16517084448e-09, 8.62781490696e-09, 7.26587146005e-09, 7.66743468716e-09, 8.8538385512e-09, 9.8655785763e-09, 1.22035865857e-08, 1.4762259859e-08],
        "min": [2.38662039465e-07, 1.91076523492e-07, 6.80558230215e-07, 4.91626633448e-06, 1.3821606899e-06, 1.20076890653e-07, 1.179519586e-06, 9.00463078324e-07, 3.54068959041e-07, 4.41345747504e-07, 3.69673244904e-07, 6.64763035729e-08, 1.6595130603e-07, 5.16012796936e-08, 3.70806105821e-08, 4.16025329741e-08, 4.42194298955e-08, 5.00972632267e-08, 4.31866382655e-08, 2.33341292954e-08, 1.52292543021e-08, 1.9610551405e-08, 1.88128179701e-08, 1.59390030063e-08, 8.55035064973e-09, 5.62448487784e-09, 4.47120207525e-09, 4.70409711184e-09, 4.391009778e-09, 2.69542721476e-09, 2.56892795925e-09, 2.47120213182e-09, 2.8660787077e-09, 2.86516899095e-09, 2.83662360268e-09, 3.00779534612e-09, 3.05870839767e-09, 2.89706036938e-09, 2.36758723737e-09, 1.86299664584e-09],
        "stdev": [8.68009919941e-06, 0.000173485372216, 0.00107479887083, 0.00196445500478, 0.00146575842518, 0.00139289279468, 0.00152474665083, 0.00163647555746, 0.000994774280116, 0.00124061584938, 0.000962306163274, 0.00067908881465, 0.000339995429385, 0.000293143850286, 0.000137682727654, 0.00013388437219, 3.08810995193e-05, 2.86999784294e-05, 2.06864078791e-05, 1.26441373141e-05, 1.05502122096e-05, 6.50523043078e-06, 3.87518321077e-06, 2.18611717173e-06, 2.15005070459e-06, 8.72155737852e-07, 4.89663648295e-07, 2.5018823635e-07, 1.14412266328e-07, 3.71944821609e-08, 1.19737242343e-08, 5.37590016947e-09, 4.38495018074e-09, 3.62848129321e-09, 3.9633114568e-09, 4.05839895024e-09, 4.13019263235e-09, 3.98910993127e-09, 4.32850022491e-09, 4.36355618305e-09]
    },
    "melbands128": {
        "max": [1.44021933011e-05, 4.74790213048e-05, 0.000122128898511, 0.000377675663913, 0.00062952080043, 0.00363073963672, 0.0106800757349, 0.0160621870309, 0.0304741226137, 0.0363803952932, 0.0480136871338, 0.0346569232643, 0.016938906163, 0.0102180670947, 0.0154720712453, 0.0265480540693, 0.0204460583627, 0.0225129425526, 0.0227189771831, 0.0289578177035, 0.0262904409319, 0.015275593847, 0.0155883394182, 0.0203271303326, 0.0263628792018, 0.0211027320474, 0.0158209875226, 0.0160396117717, 0.00501042790711, 0.012436516583, 0.0082523599267, 0.00408948631957, 0.00256139109842, 0.0145505769178, 0.00977300386876, 0.0016869151732, 0.00123038433958, 0.00168525497429, 0.00235800654627, 0.00370406499133, 0.00287130870856, 0.00109836633783, 0.000715951551683, 0.000511616584845, 0.00074335327372, 0.000781285809353, 0.00121403450612, 0.000700503296684, 0.000528242380824, 0.000324564578477, 0.000246003357461, 0.000400337827159, 0.000262798945187, 0.000216383021325, 0.000206126380363, 6.22361476417e-05, 7.13069748599e-05, 7.32969128876e-05, 5.21253678016e-05, 5.91846837779e-05, 5.74369660171e-05, 3.11396361212e-05, 5.19439454365e-05, 3.80310120818e-05, 3.82919679396e-05, 1.69790400832e-05, 4.19410134782e-05, 1.703572525e-05, 6.92392723067e-06, 6.48556078886e-06, 5.11365260536e-06, 5.2573686844e-06, 2.48557648774e-06, 1.93029200091e-06, 8.77414890965e-07, 5.93670165472e-07, 4.70536605235e-07, 2.2792245602e-07, 1.87213984759e-07, 1.70531009758e-07, 1.40242804036e-07, 1.95158889937e-07, 1.73708102125e-07, 1.72188336478e-07, 1.29720461928e-07, 1.07105016411e-07, 1.09857516861e-07, 9.35122557166e-08, 1.42297352568e-07, 1.84307310747e-07, 1.54087445026e-07, 1.52324062697e-07, 1.28759879203e-07, 1.72517019337e-07, 1.3665305687e-07, 1.35453049666e-07, 1.24500047605e-07, 1.69909242231e-07, 1.23596933577e-07, 1.37787367294e-07, 8.03557540507e-08, 1.11108697354e-07, 1.06169686376e-07, 1.009626871e-07, 1.18215574219e-07, 1.34002831942e-07, 8.88504985141e-08, 7.03756271037e-08, 9.84567307682e-08, 1.11933545099e-07, 1.48980433323e-07, 7.66424435028e-08, 6.63377548449e-08, 1.11289381266e-07, 8.64736762196e-08, 6.36881765104e-08, 3.29849605407e-08, 9.6719681153e-09, 2.71149258602e-09, 8.03981603514e-10, 7.84779852214e-10, 7.69184549387e-10, 7.48716477705e-10, 7.31019966782e-10, 7.30098148605e-10, 7.22118087548e-10, 7.10352110467e-10, 7.14623693554e-10],
        "mean": [2.41886618824e-06, 2.81202369479e-06, 8.02939121058e-06, 1.61347761605e-05, 3.17927770084e-05, 0.000159398987307, 0.000456743844552, 0.000789300072938, 0.00115348852705, 0.00108882109635, 0.0011902092956, 0.0010808770312, 0.00064718129579, 0.000505453266669, 0.000713979301509, 0.000832774851006, 0.00085672509158, 0.000871820608154, 0.000775657768827, 0.000966926920228, 0.000645473890472, 0.000477130437503, 0.000514561019372, 0.000547387986444, 0.000640221405774, 0.000711503380444, 0.000552788202185, 0.000458020804217, 0.000196214372409, 0.000348141446011, 0.00020604893507, 6.33001036476e-05, 6.20560967945e-05, 0.000192260064068, 9.3551381724e-05, 2.60876186076e-05, 2.74380436167e-05, 4.51099476777e-05, 8.76418271218e-05, 7.7523625805e-05, 4.85447817482e-05, 1.76712874236e-05, 1.42011922435e-05, 1.20858812807e-05, 9.89539330476e-06, 1.1155854736e-05, 1.4998804545e-05, 6.21557910563e-06, 4.20943069912e-06, 4.84434349346e-06, 7.50538629291e-06, 8.70831172506e-06, 3.90653030991e-06, 4.31302987636e-06, 5.21067022419e-06, 2.52762947639e-06, 3.09542724608e-06, 3.85696966987e-06, 2.49857362178e-06, 2.45387127507e-06, 1.22260166791e-06, 7.13829535925e-07, 1.53064183905e-06, 7.40398604648e-07, 3.78554574354e-07, 3.8404272118e-07, 3.65090045307e-07, 2.29546174069e-07, 1.5391576369e-07, 1.78450861199e-07, 1.10515166796e-07, 1.15114318078e-07, 6.1404065832e-08, 3.84754770266e-08, 2.68898787681e-08, 2.30555059488e-08, 1.67019411634e-08, 1.24762591369e-08, 1.14372848969e-08, 1.01233164074e-08, 8.31826252323e-09, 7.59532792216e-09, 7.6145632022e-09, 7.71865682481e-09, 1.34673729946e-08, 8.51682813163e-09, 7.77210917846e-09, 6.66143984418e-09, 7.03016977965e-09, 8.12814260343e-09, 6.85643852805e-09, 7.91391130406e-09, 8.29734325691e-09, 7.68255059569e-09, 1.10812088394e-08, 8.5637852365e-09, 1.01892112525e-08, 1.04575175186e-08, 1.18116760817e-08, 1.38654634441e-08, 1.20571561624e-08, 1.62791433667e-08, 1.53150487847e-08, 1.58107660297e-08, 1.20078125221e-08, 1.07733635346e-08, 9.27864984845e-09, 7.03387259549e-09, 5.92656501652e-09, 3.36812977508e-09, 2.45796960563e-09, 1.61018598455e-09, 1.08012609967e-09, 7.13869741098e-10, 2.1848835241e-10, 7.37914659932e-11, 3.39822302242e-11, 1.08785844916e-11, 7.23758813298e-12, 5.88397039425e-12, 5.79821173713e-12, 5.7404562874e-12, 5.62596800743e-12, 5.50584100881e-12, 5.49850703163e-12, 5.50212393008e-12, 5.47225112446e-12, 5.41802887277e-12],
        "min": [6.06928329816e-09, 4.39467200408e-08, 8.91073455023e-08, 1.89844584497e-08, 2.87885359995e-08, 4.68319889535e-08, 7.49926485355e-08, 4.49153638726e-08, 7.24124674889e-07, 1.42049771057e-06, 1.64047548878e-07, 1.25565662756e-07, 8.36493683209e-08, 4.36442171292e-08, 4.24722301773e-08, 2.8973362376e-08, 9.05290349351e-08, 2.51774849858e-07, 9.51549736783e-08, 2.03152808353e-07, 2.99501891732e-07, 1.18257233339e-07, 9.41183202485e-08, 5.51922241243e-08, 5.32744515169e-08, 1.46194508943e-07, 7.44266657193e-08, 1.91041095832e-07, 9.20126552728e-08, 5.51509415914e-08, 4.03172641938e-08, 7.62821095179e-09, 5.65594859836e-08, 3.80630993391e-08, 1.64667852687e-08, 2.78281504507e-08, 1.05671462691e-08, 2.06105941203e-08, 2.08426698123e-08, 1.66245719413e-08, 2.091620388e-08, 4.11653537924e-08, 2.34348789263e-08, 1.14567360043e-08, 5.29998711585e-09, 2.73968847608e-08, 2.50793679157e-08, 1.18595195886e-08, 9.05464947465e-09, 1.42335796482e-08, 1.07068007793e-08, 1.03714707933e-08, 1.13863274365e-08, 1.32278401566e-08, 1.14791998129e-08, 9.37847843829e-09, 1.21946284182e-08, 8.71271410574e-09, 9.09617359213e-09, 9.32748545068e-09, 8.55403037292e-09, 4.68743976967e-09, 5.43898348582e-09, 4.64168126157e-09, 5.00357577593e-09, 3.2621705337e-09, 2.11161754748e-09, 2.63221378027e-09, 3.6025691319e-09, 2.75590816834e-09, 2.86367196622e-09, 1.6742485176e-09, 1.21082666116e-09, 2.3098616353e-09, 1.5389307606e-09, 1.76424019838e-09, 1.21949450538e-09, 1.7022424581e-09, 1.45950496133e-09, 1.15986442673e-09, 1.32621424953e-09, 1.06969311187e-09, 1.26462362804e-09, 9.71284608298e-10, 2.72603628559e-09, 2.05099248696e-09, 1.45209388958e-09, 1.18116016967e-09, 1.19523735354e-09, 1.44264600266e-09, 1.53963319871e-09, 1.86899962173e-09, 1.99354088792e-09, 1.81239334651e-09, 2.17187379192e-09, 2.32681163226e-09, 2.59959631599e-09, 2.52632381681e-09, 2.63718802351e-09, 2.15994377939e-09, 1.22528820423e-09, 1.84257298308e-09, 2.61583332772e-09, 2.14740358828e-09, 1.41935563303e-09, 1.10948339405e-09, 8.80965744798e-10, 1.16103437975e-09, 1.49428025509e-09, 8.20352785702e-10, 6.0124194512e-10, 3.45022288517e-10, 3.20856091696e-10, 1.39817490918e-10, 1.85389832826e-12, 6.78122868188e-13, 7.85892835184e-13, 7.43811208372e-13, 7.28775492644e-13, 8.34869554132e-13, 7.8053573804e-13, 8.34592269426e-13, 8.48561238637e-13, 7.48402750363e-13, 7.94199558549e-13, 8.31202728174e-13, 7.83568630987e-13, 7.8788689982e-13],
        "stdev": [1.47637172176e-06, 2.95369591186e-06, 1.12700226964e-05, 2.93546618195e-05, 5.96127247263e-05, 0.000360723061021, 0.000983110163361, 0.00142706849147, 0.00268044718541, 0.00226091593504, 0.00330410688184, 0.00265367887914, 0.00171072548255, 0.0011506555602, 0.00182054098696, 0.00239825621247, 0.00212761643343, 0.00226222258061, 0.00216166814789, 0.00280672893859, 0.00184542592615, 0.00129877973814, 0.00134722783696, 0.00175029609818, 0.00175197503995, 0.00201501627453, 0.00164861732628, 0.00150659459177, 0.000569244613871, 0.0012121173786, 0.000757429108489, 0.000238741209614, 0.000186308461707, 0.000983638223261, 0.000564052956179, 8.84307082742e-05, 9.4972892839e-05, 0.000163099830388, 0.00027468832559, 0.000283553788904, 0.000178133021109, 5.40774599358e-05, 4.69281840196e-05, 3.85523599107e-05, 4.71478597319e-05, 3.80020865123e-05, 5.65057416679e-05, 2.88365808956e-05, 1.95723678189e-05, 1.6430805772e-05, 1.68659098563e-05, 2.55168870353e-05, 1.34059928314e-05, 1.38743198477e-05, 1.60400104505e-05, 5.66606786379e-06, 6.28358247923e-06, 7.29435032554e-06, 4.3623840611e-06, 5.13141003466e-06, 3.09824054057e-06, 1.62426272254e-06, 4.57502164863e-06, 2.19971025217e-06, 1.29119518988e-06, 9.47707121668e-07, 1.25037786347e-06, 6.56747772609e-07, 4.43147996521e-07, 4.92337846936e-07, 2.79950342019e-07, 2.97850618836e-07, 1.55909361865e-07, 1.14528589279e-07, 6.24191187626e-08, 4.58723761199e-08, 2.90908275247e-08, 1.58015964757e-08, 1.34759403636e-08, 9.08757513685e-09, 5.81940096112e-09, 6.08182304518e-09, 5.53274315251e-09, 5.0396633533e-09, 6.05915806418e-09, 4.35641167584e-09, 4.56824089667e-09, 3.7768872474e-09, 4.54614301759e-09, 5.35312993932e-09, 4.51759563092e-09, 4.73065275841e-09, 4.30633750881e-09, 5.04604091844e-09, 5.4229780666e-09, 4.4682368916e-09, 4.70261340979e-09, 5.40074429622e-09, 5.0429269649e-09, 5.92212456851e-09, 4.88426143974e-09, 6.34704688807e-09, 5.5440825264e-09, 5.67774005589e-09, 4.81296735799e-09, 4.65485205936e-09, 3.84848330981e-09, 2.95351321178e-09, 3.12391867929e-09, 3.1074021134e-09, 3.68101749082e-09, 2.33499641844e-09, 2.06408001802e-09, 2.76812395228e-09, 2.32879671103e-09, 1.56800927797e-09, 7.66267327368e-10, 2.12720493997e-10, 6.48126691205e-11, 2.63426485486e-11, 2.56988284819e-11, 2.51730684908e-11, 2.45465453519e-11, 2.39711740041e-11, 2.39519046957e-11, 2.36470530657e-11, 2.32154052926e-11, 2.34329101262e-11]
    },
    "mfcc": {
        "mean": [-751.733947754, 201.762023926, -11.2912597656, -14.3484077454, 1.49138689041, -31.8764839172, -14.176399231, -8.86400222778, -10.8746500015, -9.96974849701, -5.1245341301, -8.75276470184, -10.6428909302],
        "cov": [[839.542053223, 333.032196045, -466.083465576, -220.452270508, -26.1616153717, -104.944229126, 0.261154264212, 43.5379257202, 0.37465134263, 31.9831542969, 25.473274231, -4.02353239059, -5.22923755646], [333.032196045, 383.793029785, 5.931224823, -270.373840332, -51.4768066406, -14.0163202286, -32.0088577271, 56.4138450623, -13.5970964432, -20.1522140503, 43.079826355, 8.3632516861, -15.7330856323], [-466.083465576, 5.931224823, 612.042541504, 238.703994751, 56.4975509644, 52.3184661865, -90.4019546509, -83.0908584595, -46.34425354, -77.0210266113, -53.9779281616, 7.46285915375, 37.6404266357], [-220.452270508, -270.373840332, 238.703994751, 720.090515137, 310.450622559, -37.2297477722, -134.914337158, -211.839797974, -46.7476463318, -36.6997528076, -160.195846558, -21.2100410461, 105.479560852], [-26.1616153717, -51.4768066406, 56.4975509644, 310.450622559, 302.806060791, 32.5238113403, -149.430938721, -121.071472168, 3.71503472328, -3.68216252327, -80.4146270752, -16.3596363068, 63.3766975403], [-104.944229126, -14.0163202286, 52.3184661865, -37.2297477722, 32.5238113403, 132.648513794, 63.9385490417, 12.2617931366, 11.8599996567, 6.59147977829, 3.3952050209, -9.90934562683, -2.77551054955], [0.261154264212, -32.0088577271, -90.4019546509, -134.914337158, -149.430938721, 63.9385490417, 274.443206787, 154.669219971, -29.8054885864, -21.4531288147, 26.0146541595, -19.3542232513, -35.2253913879], [43.5379257202, 56.4138450623, -83.0908584595, -211.839797974, -121.071472168, 12.2617931366, 154.669219971, 193.18296814, 30.1386623383, -27.8159942627, 16.3259067535, -19.9136810303, -37.3855895996], [0.37465134263, -13.5970964432, -46.34425354, -46.7476463318, 3.71503472328, 11.8599996567, -29.8054885864, 30.1386623383, 118.363204956, 62.9247169495, -16.1368026733, -25.0299339294, -6.25299739838], [31.9831542969, -20.1522140503, -77.0210266113, -36.6997528076, -3.68216252327, 6.59147977829, -21.4531288147, -27.8159942627, 62.9247169495, 128.837860107, 64.6319503784, -5.35521411896, -20.049905777], [25.473274231, 43.079826355, -53.9779281616, -160.195846558, -80.4146270752, 3.3952050209, 26.0146541595, 16.3259067535, -16.1368026733, 64.6319503784, 159.093093872, 66.6388320923, -53.6205062866], [-4.02353239059, 8.3632516861, 7.46285915375, -21.2100410461, -16.3596363068, -9.90934562683, -19.3542232513, -19.9136810303, -25.0299339294, -5.35521411896, 66.6388320923, 98.0340423584, 21.7477588654], [-5.22923755646, -15.7330856323, 37.6404266357, 105.479560852, 63.3766975403, -2.77551054955, -35.2253913879, -37.3855895996, -6.25299739838, -20.049905777, -53.6205062866, 21.7477588654, 120.268165588]],
        "icov": [[0.01423904486, -0.0189718306065, 0.0147788599133, -0.00987643096596, 0.00701148621738, -0.00183350616135, 0.0011846832931, 0.000916564313229, 0.000345472682966, -0.00111459358595, 0.00223898491822, -0.00117349892389, 0.000111298038973], [-0.0189718306065, 0.0309516638517, -0.021888801828, 0.0188503284007, -0.0144399683923, 0.00747345993295, -0.00355485361069, 3.05092180497e-05, 0.000839635147713, 0.000966054038145, -0.0019005171489, 0.00167973642237, -0.0006540507311], [0.0147788599133, -0.021888801828, 0.0207238160074, -0.0174785144627, 0.0164115019143, -0.0129211507738, 0.0112009681761, -0.00576659943908, 0.00387928471901, -8.63398599904e-05, 0.000380613462767, 0.000438137503807, -0.000558053317945], [-0.00987643096596, 0.0188503284007, -0.0174785144627, 0.0238419715315, -0.0238636750728, 0.0218305587769, -0.019503813237, 0.0152431167662, -0.00587513670325, 0.000929126108531, 0.00386644597165, -0.00228451099247, 0.000687767111231], [0.00701148621738, -0.0144399683923, 0.0164115019143, -0.0238636750728, 0.0328402556479, -0.0301297213882, 0.0290561597794, -0.0199879184365, 0.0125364828855, -0.00446891598403, 0.00034149660496, 0.00235589267686, -0.00186199997552], [-0.00183350616135, 0.00747345993295, -0.0129211507738, 0.0218305587769, -0.0301297213882, 0.0417220182717, -0.0361611023545, 0.0286473501474, -0.0200890582055, 0.00850438326597, -0.0027757124044, 6.94585032761e-05, 7.27838196326e-05], [0.0011846832931, -0.00355485361069, 0.0112009681761, -0.019503813237, 0.0290561597794, -0.0361611023545, 0.044098213315, -0.0374673940241, 0.0279388464987, -0.0141506586224, 0.00538988271728, 0.000320767750964, -0.000251834106166], [0.000916564313229, 3.05092180497e-05, -0.00576659943908, 0.0152431167662, -0.0199879184365, 0.0286473501474, -0.0374673940241, 0.0450553931296, -0.0329393595457, 0.0248721521348, -0.0133234327659, 0.00757396314293, -0.00217031966895], [0.000345472682966, 0.000839635147713, 0.00387928471901, -0.00587513670325, 0.0125364828855, -0.0200890582055, 0.0279388464987, -0.0329393595457, 0.0449079200625, -0.0354634337127, 0.0269096214324, -0.0127574801445, 0.00566443614662], [-0.00111459358595, 0.000966054038145, -8.63398599904e-05, 0.000929126108531, -0.00446891598403, 0.00850438326597, -0.0141506586224, 0.0248721521348, -0.0354634337127, 0.0463909730315, -0.0373404994607, 0.0234363377094, -0.00956761091948], [0.00223898491822, -0.0019005171489, 0.000380613462767, 0.00386644597165, 0.00034149660496, -0.0027757124044, 0.00538988271728, -0.0133234327659, 0.0269096214324, -0.0373404994607, 0.0477930791676, -0.0319646820426, 0.0157938785851], [-0.00117349892389, 0.00167973642237, 0.000438137503807, -0.00228451099247, 0.00235589267686, 6.94585032761e-05, 0.000320767750964, 0.00757396314293, -0.0127574801445, 0.0234363377094, -0.0319646820426, 0.034334115684, -0.0139722740278], [0.000111298038973, -0.0006540507311, -0.000558053317945, 0.000687767111231, -0.00186199997552, 7.27838196326e-05, -0.000251834106166, -0.00217031966895, 0.00566443614662, -0.00956761091948, 0.0157938785851, -0.0139722740278, 0.0163075812161]]
    },
    "spectral_contrast_coeffs": {
        "max": [-0.257260352373, -0.34907951951, -0.408104002476, -0.573113918304, -0.636622369289, -0.769299507141],
        "mean": [-0.562957584858, -0.642324090004, -0.679223120213, -0.761413216591, -0.767847537994, -0.866960167885],
        "min": [-0.842644572258, -0.931856572628, -0.884554922581, -0.910522460938, -0.903463542461, -0.949602127075],
        "stdev": [0.0864978507161, 0.0961988344789, 0.100847557187, 0.0633054971695, 0.0447166375816, 0.0134881557897]
    },
    "spectral_contrast_valleys": {
        "max": [-6.10694885254, -5.20695734024, -6.16081190109, -7.02376365662, -7.69052839279, -9.94317150116],
        "mean": [-7.92794895172, -6.90709257126, -8.02217006683, -8.4891204834, -9.34355831146, -11.6718826294],
        "min": [-10.0212583542, -9.06961250305, -9.78992557526, -9.91199588776, -10.3064279556, -11.9573478699],
        "stdev": [0.647662699223, 0.573672533035, 0.532865285873, 0.44509729743, 0.362270414829, 0.10249735415]
    }
},
"rhythm": {
    "beats_count": 112,
    "beats_loudness": {
        "max": 0.089417591691,
        "mean": 0.0312226656824,
        "min": 0.000771376537159,
        "stdev": 0.0185839179903
    },
    "bpm": 161.871307373,
    "bpm_histogram_first_peak_bpm": 161,
    "bpm_histogram_first_peak_weight": 0.38095241785,
    "bpm_histogram_second_peak_bpm": 178,
    "bpm_histogram_second_peak_spread": 0,
    "bpm_histogram_second_peak_weight": 0.0990990996361,
    "danceability": 1.22470080853,
    "onset_rate": 1.96875,
    "beats_loudness_band_ratio": {
        "max": [0.611809253693, 0.943433344364, 0.936309456825, 0.73620402813, 0.139816716313, 0.0848989933729],
        "mean": [0.133469611406, 0.360901772976, 0.4444206357, 0.123997077346, 0.0186039060354, 0.00239347503521],
        "min": [0.000323236192344, 0.0171514376998, 0.0309711955488, 0.00116085493937, 0.000380720361136, 0.000117907962704],
        "stdev": [0.152429372072, 0.278456777334, 0.269807845354, 0.170265689492, 0.0254288949072, 0.0100903790444]
    },
