{
"metadata": {
    "version": {
        "essentia": "2.1-beta5",
        "essentia_git_sha": "Undefined",
        "extractor": "music 2.0"
    },
    "audio_properties": {
        "analysis": {
            "equal_loudness": 0,
            "length": 97.5005874634,
            "sample_rate": 44100,
            "start_time": 12.7477550507,
            "downmix": "mix"
        },
        "bit_rate": 192000,
        "length": 189.567703247,
        "lossless": 0,
        "number_channels": 2,
        "replay_gain": 1.75281715393,
        "sample_rate": 44100,
        "codec": "mp3",
        "md5_encoded": "f66937cf1f0bb476b0da6a0476d64ecf"
    },
    "tags": {
        "file_name": "United KingdomUK_Looking High, High, High_Bryan Johnson.mp3",
        "encoding": ["Lavf58.29.100"]
    }
},
"lowlevel": {
    "average_loudness": 0.89365208149,
    "barkbands_crest": {
        "max": 26.3962669373,
        "mean": 10.6947536469,
        "min": 3.07760906219,
        "stdev": 4.45808458328
    },
    "barkbands_flatness_db": {
        "max": 0.360172182322,
        "mean": 0.195562794805,
        "min": 0.0444799847901,
        "stdev": 0.043453335762
    },
    "barkbands_kurtosis": {
        "max": 70.5512084961,
        "mean": 2.5559463501,
        "min": -1.88560783863,
        "stdev": 5.2329750061
    },
    "barkbands_skewness": {
        "max": 6.56695795059,
        "mean": 0.700660169125,
        "min": -7.46526384354,
        "stdev": 1.24258208275
    },
    "barkbands_spread": {
        "max": 36.8713226318,
        "mean": 11.1879692078,
        "min": 1.23811244965,
        "stdev": 5.64270353317
    },
    "dissonance": {
        "max": 0.499999880791,
        "mean": 0.432638734579,
        "min": 0.218859136105,
        "stdev": 0.0482498668134
    },
    "dynamic_complexity": 3.88448429108,
    "erbbands_crest": {
        "max": 33.9063796997,
        "mean": 12.3656291962,
        "min": 3.81330609322,
        "stdev": 5.55724811554
    },
    "erbbands_flatness_db": {
        "max": 0.442313849926,
        "mean": 0.268561720848,
        "min": 0.086127564311,
        "stdev": 0.0541848056018
    },
    "erbbands_kurtosis": {
        "max": 159.96913147,
        "mean": 2.05985879898,
        "min": -1.80030357838,
        "stdev": 7.61825990677
    },
    "erbbands_skewness": {
        "max": 4.26595592499,
        "mean": 0.15443828702,
        "min": -8.60590648651,
        "stdev": 1.17048346996
    },
    "erbbands_spread": {
        "max": 68.8743057251,
        "mean": 17.4319972992,
        "min": 0.602141141891,
        "stdev": 8.90539836884
    },
    "hfc": {
        "max": 187.892440796,
        "mean": 19.2046375275,
        "min": 0.0755572617054,
        "stdev": 17.6646938324
    },
    "loudness_ebu128": {
        "integrated": -26.3466110229,
        "loudness_range": 4.76305198669,
        "momentary": {
            "max": -21.2090644836,
            "mean": -27.288274765,
            "min": -38.5365371704,
            "stdev": 3.10468316078
        },
        "short_term": {
            "max": -24.1632804871,
            "mean": -26.7114486694,
            "min": -31.3756790161,
            "stdev": 1.68595230579
        }
    },
    "melbands_crest": {
        "max": 31.4063339233,
        "mean": 12.9410190582,
        "min": 3.22214150429,
        "stdev": 5.14492511749
    },
    "melbands_flatness_db": {
        "max": 0.474783271551,
        "mean": 0.253825932741,
        "min": 0.0965623408556,
        "stdev": 0.0423873849213
    },
    "melbands_kurtosis": {
        "max": 104.161132812,
        "mean": 3.75624275208,
        "min": -1.91630136967,
        "stdev": 6.18571472168
    },
    "melbands_skewness": {
        "max": 7.23895072937,
        "mean": 1.04702317715,
        "min": -4.98399543762,
        "stdev": 1.17935192585
    },
    "melbands_spread": {
        "max": 72.7676315308,
        "mean": 18.5204582214,
        "min": 1.30971753597,
        "stdev": 10.3620948792
    },
    "pitch_salience": {
        "max": 0.884339690208,
        "mean": 0.618018567562,
        "min": 0.18420958519,
        "stdev": 0.119826227427
    },
    "silence_rate_20dB": {
        "max": 1,
        "mean": 1,
        "min": 1,
        "stdev": 0
    },
    "silence_rate_30dB": {
        "max": 1,
        "mean": 0.999285697937,
        "min": 0,
        "stdev": 0.0267166141421
    },
    "silence_rate_60dB": {
        "max": 1,
        "mean": 0.173333331943,
        "min": 0,
        "stdev": 0.37852486968
    },
    "spectral_centroid": {
        "max": 2524.64672852,
        "mean": 1078.77929688,
        "min": 197.518539429,
        "stdev": 363.804107666
    },
    "spectral_complexity": {
        "max": 37,
        "mean": 14.0104761124,
        "min": 0,
        "stdev": 7.0793390274
    },
    "spectral_decrease": {
        "max": -1.63727312957e-11,
        "mean": -5.0262749518e-09,
        "min": -3.12664987234e-08,
        "stdev": 4.41731362599e-09
    },
    "spectral_energy": {
        "max": 0.120567888021,
        "mean": 0.0207122415304,
        "min": 6.86475468683e-05,
        "stdev": 0.0181173924357
    },
    "spectral_energyband_high": {
        "max": 0.000114321686851,
        "mean": 1.02605263237e-05,
        "min": 3.71610371985e-06,
        "stdev": 6.20063610768e-06
    },
    "spectral_energyband_low": {
        "max": 0.0398544967175,
        "mean": 0.000323767890222,
        "min": 3.14650014843e-06,
        "stdev": 0.000846500159241
    },
    "spectral_energyband_middle_high": {
        "max": 0.106754690409,
        "mean": 0.00905852671713,
        "min": 6.06453795626e-06,
        "stdev": 0.0103219179437
    },
    "spectral_energyband_middle_low": {
        "max": 0.104227349162,
        "mean": 0.0120587106794,
        "min": 2.78930219793e-05,
        "stdev": 0.0130317937583
    },
    "spectral_entropy": {
        "max": 8.07833576202,
        "mean": 6.89792203903,
        "min": 5.52824306488,
        "stdev": 0.34076833725
    },
    "spectral_flux": {
        "max": 0.346092522144,
        "mean": 0.0863104909658,
        "min": 0.00448248162866,
        "stdev": 0.0521565824747
    },
    "spectral_kurtosis": {
        "max": 56.2722892761,
        "mean": 17.8743896484,
        "min": 2.03101205826,
        "stdev": 7.34993982315
    },
    "spectral_rms": {
        "max": 0.0108456080779,
        "mean": 0.00398683967069,
        "min": 0.000258791842498,
        "stdev": 0.00207657879218
    },
    "spectral_rolloff": {
        "max": 3316.11328125,
        "mean": 1368.19946289,
        "min": 150.732421875,
        "stdev": 539.642456055
    },
    "spectral_skewness": {
        "max": 6.36412572861,
        "mean": 2.94218945503,
        "min": 1.33279895782,
        "stdev": 0.599119126797
    },
    "spectral_spread": {
        "max": 8487659,
        "mean": 2423099,
        "min": 1218413.875,
        "stdev": 1043880.875
    },
    "spectral_strongpeak": {
        "max": 22.2149047852,
        "mean": 1.86341667175,
        "min": 0.0105545241386,
        "stdev": 1.81950855255
    },
    "zerocrossingrate": {
        "max": 0.109375,
        "mean": 0.0467149131,
        "min": 0.0107421875,
        "stdev": 0.0139716677368
    },
    "barkbands": {
        "max": [5.53491299797e-05, 0.00167913082987, 0.0153109338135, 0.0485146343708, 0.0279296338558, 0.0375008285046, 0.0714573264122, 0.0778014883399, 0.0690991804004, 0.0517885833979, 0.0297056995332, 0.0390434078872, 0.0432686470449, 0.0974485576153, 0.10073094815, 0.0171218533069, 0.0109762959182, 0.00432095630094, 0.00476353242993, 0.000318757549394, 6.54582909192e-05, 1.55290108523e-05, 1.29694089992e-05, 1.28221499835e-05, 1.14921467684e-05, 1.17516628961e-05, 1.01789864857e-05],
        "mean": [7.27660153643e-06, 6.622512592e-05, 0.000111778193968, 0.000348015571944, 0.00110679818317, 0.00134354596958, 0.00211179349571, 0.00307651911862, 0.00289144762792, 0.00245633674785, 0.000928691239096, 0.00124859041534, 0.00127187499311, 0.0012313418556, 0.000778568326496, 0.000802451570053, 0.000610352202784, 0.000251175108133, 5.54152175027e-05, 6.14196414972e-06, 2.24740301746e-06, 9.56828671406e-07, 6.73957742947e-07, 1.13679459446e-06, 2.29776946981e-06, 5.94502751028e-07, 1.95098230904e-08],
        "min": [6.92545611969e-08, 3.53122146635e-07, 9.89441701904e-08, 2.77622007161e-07, 2.12819895751e-06, 1.40137763083e-06, 3.71813428046e-07, 1.12730572255e-06, 6.42468251044e-07, 4.37873609371e-07, 3.0097163517e-07, 5.60159719498e-07, 3.16133139222e-07, 3.91049013615e-07, 4.54478026768e-07, 1.90938777678e-07, 3.29254305598e-07, 1.96905745042e-07, 1.55486887365e-07, 1.29399126081e-07, 1.64127342828e-07, 2.53653780646e-07, 2.68786692459e-07, 5.37269215783e-07, 1.16250532756e-06, 2.38027482169e-07, 3.01636132738e-10],
        "stdev": [5.96710833634e-06, 9.43514678511e-05, 0.000421789853135, 0.000976984156296, 0.00167432904709, 0.00263347080909, 0.00480732228607, 0.00681282905862, 0.00632345490158, 0.00547105632722, 0.00201394525357, 0.00276455585845, 0.00293754483573, 0.00378302182071, 0.00354446447454, 0.00126768357586, 0.000892206153367, 0.000390349712688, 0.000195268425159, 1.08455315058e-05, 2.72904662779e-06, 6.00460055011e-07, 2.96609925954e-07, 3.12489333965e-07, 4.41326790224e-07, 2.97506289826e-07, 1.58147585694e-07]
    },
    "erbbands": {
        "max": [0.0376269631088, 0.481607437134, 12.1327066422, 100.144821167, 113.463851929, 111.599029541, 335.277923584, 374.335693359, 980.561706543, 1923.71240234, 2007.03930664, 2206.56494141, 1846.34362793, 1154.50292969, 1731.60144043, 1946.63793945, 2087.36669922, 4144.734375, 5933.03662109, 2675.70703125, 619.392578125, 667.731384277, 216.824996948, 351.191070557, 47.9077339172, 19.671459198, 2.55981349945, 1.4941368103, 0.593162298203, 0.449111193419, 0.359916776419, 0.275751531124, 0.20386596024, 0.122420549393, 0.0827387943864, 0.0397787690163, 0.0245135240257, 0.00636160839349, 0.00144904234912, 0.000159690782311],
        "mean": [0.00113880692516, 0.0184814296663, 0.103168092668, 0.689075469971, 2.15486383438, 3.97284960747, 5.75261306763, 12.9717502594, 25.1344509125, 50.9951248169, 64.7107009888, 68.1560974121, 86.5326538086, 47.6464233398, 45.9791069031, 54.2886047363, 62.2844810486, 59.690196991, 53.9884223938, 35.7094841003, 46.6142730713, 32.1472625732, 16.8131542206, 6.10074615479, 1.11949729919, 0.325633525848, 0.131676748395, 0.0665410533547, 0.0367809571326, 0.0235376432538, 0.0197471771389, 0.0201913546771, 0.0219274554402, 0.0229362752289, 0.0169102270156, 0.00492297532037, 0.000682719110046, 5.71121272515e-05, 1.31536571644e-05, 2.47920743277e-05],
        "min": [1.21938892335e-05, 8.37213519844e-05, 0.000435673748143, 0.00104758667294, 0.0036145101767, 0.00341795315035, 0.00620910618454, 0.0134262200445, 0.0058213789016, 0.0176372565329, 0.0246247090399, 0.0167060587555, 0.013752873987, 0.0103396186605, 0.0240016486496, 0.0271096080542, 0.0141291469336, 0.0215899776667, 0.0213005635887, 0.0193259771913, 0.0139843672514, 0.0150119205937, 0.0163187664002, 0.00832267664373, 0.00806648936123, 0.00544019462541, 0.00578850414604, 0.00639929715544, 0.0088293235749, 0.00752914184704, 0.00811102520674, 0.00908221304417, 0.0092798396945, 0.0102529814467, 0.00816933810711, 0.00249410420656, 0.000275980390143, 1.2702514141e-05, 5.50964614376e-07, 1.41804719078e-07],
        "stdev": [0.00150916981511, 0.0276264008135, 0.312020152807, 1.97506940365, 3.55210232735, 6.84745883942, 11.1731338501, 26.6388282776, 58.0132713318, 112.044471741, 149.400756836, 158.624954224, 189.13861084, 100.156799316, 94.3389282227, 119.636169434, 136.585754395, 155.410812378, 215.679244995, 91.0633087158, 65.655128479, 46.1485595703, 24.3831672668, 14.8541927338, 1.9259455204, 0.609868824482, 0.164937451482, 0.0694249868393, 0.0241727437824, 0.0124035822228, 0.00840633921325, 0.00641984771937, 0.0058180950582, 0.00506842741743, 0.00366915552877, 0.00142617465463, 0.000538872089237, 0.000127057981445, 2.43673002842e-05, 2.15574691538e-05]
    },
    "gfcc": {
        "mean": [-81.9393386841, 130.041091919, -154.116378784, -24.2458209991, -46.7274971008, -1.27586054802, -61.2758178711, 16.1674442291, -24.0286426544, -6.28595876694, -15.4875688553, -4.14390850067, -7.83964395523],
        "cov": [[2651.01293945, 718.4375, -1134.93322754, -619.704467773, 282.267852783, -513.111450195, 311.594238281, 138.143844604, 112.540878296, -288.057373047, 122.868171692, -104.608688354, 56.2114105225], [718.4375, 364.323822021, -117.51374054, -206.549560547, -29.958738327, -174.636367798, 57.7811851501, 43.4066619873, 27.3608894348, -117.476577759, 25.3469238281, -10.416434288, 2.32255578041], [-1134.93322754, -117.51374054, 799.82232666, 299.25592041, -220.389358521, 153.094039917, -182.845077515, -63.9868850708, -44.245300293, 79.0921783447, -69.1642684937, 55.4129295349, -45.3650856018], [-619.704467773, -206.549560547, 299.25592041, 383.198699951, 76.8306274414, 83.1533584595, -153.618942261, -65.0178146362, -5.61767101288, 111.695541382, -54.4183502197, -9.81266784668, -13.4358272552], [282.267852783, -29.958738327, -220.389358521, 76.8306274414, 268.633209229, 42.4052581787, -7.56137704849, -59.6496429443, 23.6115913391, 36.3130302429, 0.94890910387, -66.9803771973, 10.9203805923], [-513.111450195, -174.636367798, 153.094039917, 83.1533584595, 42.4052581787, 298.236663818, 47.9239578247, -63.4730300903, -78.4280014038, 61.2855033875, -19.2517147064, -4.68492794037, -6.34946537018], [311.594238281, 57.7811851501, -182.845077515, -153.618942261, -7.56137704849, 47.9239578247, 250.684570312, 106.651321411, -54.2775421143, -101.834953308, 29.4753437042, 10.562037468, 1.57226538658], [138.143844604, 43.4066619873, -63.9868850708, -65.0178146362, -59.6496429443, -63.4730300903, 106.651321411, 153.497268677, 39.2421646118, -71.5160446167, -1.25901389122, 37.7165718079, -3.59074187279], [112.540878296, 27.3608894348, -44.245300293, -5.61767101288, 23.6115913391, -78.4280014038, -54.2775421143, 39.2421646118, 122.326622009, 41.6773834229, -12.1965894699, -14.1858987808, 3.32460832596], [-288.057373047, -117.476577759, 79.0921783447, 111.695541382, 36.3130302429, 61.2855033875, -101.834953308, -71.5160446167, 41.6773834229, 150.743850708, 12.5862903595, -28.4794788361, -5.51482868195], [122.868171692, 25.3469238281, -69.1642684937, -54.4183502197, 0.94890910387, -19.2517147064, 29.4753437042, -1.25901389122, -12.1965894699, 12.5862903595, 76.1615524292, 19.9826259613, -9.39510154724], [-104.608688354, -10.416434288, 55.4129295349, -9.81266784668, -66.9803771973, -4.68492794037, 10.562037468, 37.7165718079, -14.1858987808, -28.4794788361, 19.9826259613, 84.2824401855, 18.9372329712], [56.2114105225, 2.32255578041, -45.3650856018, -13.4358272552, 10.9203805923, -6.34946537018, 1.57226538658, -3.59074187279, 3.32460832596, -5.51482868195, -9.39510154724, 18.9372329712, 69.7073287964]],
        "icov": [[0.0194114483893, -0.0216656457633, 0.011439519003, 0.00250664702617, -0.0140701830387, 0.0189042016864, -0.0190229490399, 0.0139061957598, -0.00834764074534, 0.0044297655113, -0.00197466183454, 0.00117312360089, -0.00176812685095], [-0.0216656457633, 0.0336084328592, -0.0183743424714, 0.00423781527206, 0.00963996164501, -0.0138799548149, 0.0181136038154, -0.0137021243572, 0.00843396689743, -0.00180968816858, 0.000671840680297, 0.00110996467993, 0.00056484848028], [0.011439519003, -0.0183743424714, 0.0186651907861, -0.0124695301056, 0.00803027488291, -0.00114328647032, -0.00668177660555, 0.0135761778802, -0.0145174404606, 0.0125371096656, -0.00685856910422, 0.00254888110794, 0.000686494924594], [0.00250664702617, 0.00423781527206, -0.0124695301056, 0.0258173346519, -0.0264135804027, 0.0185711141676, -0.00212385086343, -0.0126167936251, 0.0217267796397, -0.0217706300318, 0.0164035204798, -0.00708938809112, 0.00130433368031], [-0.0140701830387, 0.00963996164501, 0.00803027488291, -0.0264135804027, 0.0423293299973, -0.0334511846304, 0.0165538731962, 0.00559923797846, -0.0195182543248, 0.0221201945096, -0.0172471124679, 0.0111376363784, -0.00127281679306], [0.0189042016864, -0.0138799548149, -0.00114328647032, 0.0185711141676, -0.0334511846304, 0.0427303873003, -0.0318845734, 0.0136287147179, 0.00800312403589, -0.0179166458547, 0.0175305977464, -0.0109989829361, 0.0021592953708], [-0.0190229490399, 0.0181136038154, -0.00668177660555, -0.00212385086343, 0.0165538731962, -0.0318845734, 0.0455379970372, -0.036619272083, 0.0186593029648, 0.00315564335324, -0.0107028130442, 0.0124581968412, -0.003899743082], [0.0139061957598, -0.0137021243572, 0.0135761778802, -0.0126167936251, 0.00559923797846, 0.0136287147179, -0.036619272083, 0.0546477586031, -0.0406901985407, 0.0223957877606, -0.00323718762957, -0.00922113098204, 0.00543259736151], [-0.00834764074534, 0.00843396689743, -0.0145174404606, 0.0217267796397, -0.0195182543248, 0.00800312403589, 0.0186593029648, -0.0406901985407, 0.0558792427182, -0.042090062052, 0.0255658384413, -0.00777321727946, 0.00202266266569], [0.0044297655113, -0.00180968816858, 0.0125371096656, -0.0217706300318, 0.0221201945096, -0.0179166458547, 0.00315564335324, 0.0223957877606, -0.042090062052, 0.0572296604514, -0.0401070825756, 0.0244659800082, -0.00908095389605], [-0.00197466183454, 0.000671840680297, -0.00685856910422, 0.0164035204798, -0.0172471124679, 0.0175305977464, -0.0107028130442, -0.00323718762957, 0.0255658384413, -0.0401070825756, 0.0510058924556, -0.0307083614171, 0.0154662206769], [0.00117312360089, 0.00110996467993, 0.00254888110794, -0.00708938809112, 0.0111376363784, -0.0109989829361, 0.0124581968412, -0.00922113098204, -0.00777321727946, 0.0244659800082, -0.0307083614171, 0.0397838689387, -0.0168338343501], [-0.00176812685095, 0.00056484848028, 0.000686494924594, 0.00130433368031, -0.00127281679306, 0.0021592953708, -0.003899743082, 0.00543259736151, 0.00202266266569, -0.00908095389605, 0.0154662206769, -0.0168338343501, 0.023057570681]]
    },
    "melbands": {
        "max": [0.00041321120807, 0.0053417365998, 0.0181552115828, 0.0056740664877, 0.00998697802424, 0.00826810766011, 0.0146464025602, 0.0187320318073, 0.0154092581943, 0.0131054706872, 0.00911980029196, 0.00488594919443, 0.00435297423974, 0.00357331638224, 0.00357469380833, 0.00543226068839, 0.00970619078726, 0.00843755621463, 0.00450141681358, 0.0023343693465, 0.000725521997083, 0.000911106006242, 0.00036505391472, 0.000149122468429, 0.000354298827006, 8.72746604728e-05, 9.53423568717e-06, 1.20906979646e-05, 2.22067001232e-06, 3.32894342137e-06, 4.39316181655e-07, 3.42216281979e-07, 2.77163309192e-07, 2.43798723432e-07, 2.13524359083e-07, 1.81085624718e-07, 1.62129694559e-07, 1.45146103137e-07, 1.28185092763e-07, 9.55804964065e-08],
        "mean": [1.50531795953e-05, 4.97020628245e-05, 0.000162126903888, 0.000218727203901, 0.000206277749385, 0.000292768876534, 0.000397433817852, 0.00059230637271, 0.000520996749401, 0.000423517252784, 0.000427831721026, 0.000194996071514, 0.00013842228509, 0.000146698832395, 0.000140358955832, 0.000116559647722, 0.00011598358833, 9.52349073486e-05, 4.99370325997e-05, 5.0725415349e-05, 5.57569619559e-05, 3.61325110134e-05, 2.17032338696e-05, 9.7619895314e-06, 4.58113345303e-06, 9.88963392956e-07, 3.22011175058e-07, 1.74172669176e-07, 8.57784456798e-08, 5.62870816623e-08, 3.18136486044e-08, 2.07446380074e-08, 1.68368430309e-08, 1.17302825231e-08, 1.10576490187e-08, 1.12852278633e-08, 1.27380532788e-08, 1.42750140597e-08, 1.77401968671e-08, 1.99894021335e-08],
        "min": [2.08449449701e-07, 3.41701820616e-07, 4.58722638541e-07, 4.72329105605e-07, 2.31534130535e-07, 2.7866695973e-07, 7.42370644957e-08, 2.37031798633e-07, 1.67073352486e-07, 9.1024183746e-08, 5.56704122801e-08, 3.24413882424e-08, 5.20245713176e-08, 7.96789336732e-08, 2.82065393264e-08, 3.44339809999e-08, 3.58138230183e-08, 2.70470632557e-08, 3.60702898661e-08, 1.509009806e-08, 1.36977131859e-08, 1.47710208509e-08, 1.24984254057e-08, 7.96370613898e-09, 4.61952298636e-09, 5.10004394272e-09, 4.0112180244e-09, 3.1264639766e-09, 2.7165556471e-09, 3.40309580515e-09, 3.07836689473e-09, 3.93235355389e-09, 4.70860728186e-09, 3.2008591333e-09, 3.7543785858e-09, 4.43186021215e-09, 5.0205377633e-09, 5.06822406265e-09, 7.39319672149e-09, 8.59818261034e-09],
        "stdev": [1.96576766029e-05, 0.000131765191327, 0.000374783034204, 0.000311723852064, 0.000381680496503, 0.000598518294282, 0.000880039820913, 0.00125143362675, 0.00119762332179, 0.000969282118604, 0.000958006130531, 0.000444373436039, 0.000285539688775, 0.000314737349981, 0.000294813886285, 0.00028800056316, 0.000350445276126, 0.000358763645636, 0.000185423952644, 0.000102186546428, 7.97008178779e-05, 5.57056591788e-05, 3.32738600264e-05, 1.50965270223e-05, 1.45840158439e-05, 2.15786349145e-06, 5.52808160137e-07, 3.61578457841e-07, 1.15371229015e-07, 8.87569839847e-08, 3.06581604548e-08, 1.5631279382e-08, 8.80305606188e-09, 6.62639454418e-09, 5.31000532433e-09, 4.31884839003e-09, 4.25807122895e-09, 4.37638458806e-09, 4.86840212588e-09, 4.90790341701e-09]
    },
    "melbands128": {
        "max": [3.20527797157e-05, 0.000206856129807, 0.000685471342877, 0.000930823618546, 0.00276738242246, 0.00926098693162, 0.0207415185869, 0.0243913419545, 0.0106278974563, 0.00611106166616, 0.00818614568561, 0.0096747931093, 0.0151107236743, 0.00870083272457, 0.00736124627292, 0.0183525178581, 0.0205427426845, 0.0261419452727, 0.0274464897811, 0.0367870554328, 0.0284331981093, 0.0296118371189, 0.0264054872096, 0.0267018415034, 0.0269340556115, 0.0119628235698, 0.0176572389901, 0.0179124698043, 0.0175820235163, 0.00823642034084, 0.0077764778398, 0.00536622991785, 0.00482239853591, 0.0135443033651, 0.00872725527734, 0.00796434655786, 0.0124678984284, 0.00744245201349, 0.00700294692069, 0.00824862904847, 0.0118429921567, 0.00433627190068, 0.00441070273519, 0.0270965117961, 0.00511977402493, 0.0109233334661, 0.0225561354309, 0.00564813986421, 0.00585769256577, 0.00712573574856, 0.0015274931211, 0.00188671762589, 0.0018534748815, 0.00158638006542, 0.00113461748697, 0.00172714609653, 0.00124974071514, 0.000640675483737, 0.000635713979136, 0.000395280076191, 0.000256816361798, 0.00017283129273, 0.0006000676658, 0.000536862527952, 0.000339810270816, 5.29461540282e-05, 2.46041072387e-05, 1.73695498233e-05, 4.6895243031e-06, 3.78501063096e-05, 1.30155522129e-05, 3.54519374923e-06, 5.0105631999e-06, 1.79025164471e-06, 1.18971331631e-06, 7.38086964702e-06, 1.65204153291e-06, 6.89635385243e-07, 6.02606803568e-07, 3.79425245001e-07, 3.72312968011e-07, 2.9531932455e-07, 3.30054263031e-07, 2.88849378194e-07, 2.23284061462e-07, 2.75462753052e-07, 2.55125797821e-07, 2.46074989718e-07, 2.04144768645e-07, 2.00922841032e-07, 1.75597577368e-07, 1.87868479884e-07, 1.70507192365e-07, 1.62840052553e-07, 1.57413865054e-07, 1.44624891618e-07, 1.51195649778e-07, 1.26986137161e-07, 1.4623370248e-07, 1.2545798711e-07, 1.1821676793e-07, 9.74270761844e-08, 1.20498910405e-07, 9.68543361068e-08, 9.33446742124e-08, 8.66669722654e-08, 8.80227517541e-08, 8.58174189489e-08, 7.31438021262e-08, 9.91655326743e-08, 7.01464699659e-08, 7.11498273631e-08, 9.00048959807e-08, 9.56815924269e-08, 6.25162144274e-08, 5.09033810658e-08, 4.92393148477e-08, 4.76967869645e-08, 4.64073686146e-08, 4.49992967333e-08, 4.38539480285e-08, 4.3015511153e-08, 4.21258086192e-08, 4.13886382944e-08, 4.07519458179e-08, 4.03135089755e-08, 3.99603123924e-08, 3.96845294404e-08],
        "mean": [5.04191484652e-06, 6.08645723332e-06, 1.8412954887e-05, 3.35354925483e-05, 3.65350133507e-05, 6.41195729258e-05, 0.000123647099826, 0.000193250074517, 0.000222067901632, 0.000210218844586, 0.000220524787437, 0.000239569708356, 0.000176371031557, 0.000198390946025, 0.000265165959718, 0.000367682339856, 0.000386682368116, 0.000386857398553, 0.000412799388869, 0.000617835146841, 0.000675741874147, 0.000549128453713, 0.000528431497514, 0.000437853683252, 0.000458004040411, 0.000378701835871, 0.000427382910857, 0.000543366244528, 0.000312393967761, 0.000236678271904, 0.000147999671753, 0.000106211351522, 0.000134914793307, 0.000174828848685, 0.000135035341373, 0.000141352473292, 0.000160942319781, 0.000106852246972, 0.000164421813679, 0.00015521174646, 0.000102839447209, 6.55313342577e-05, 8.81592786754e-05, 0.000192231411347, 9.38523880905e-05, 8.14744416857e-05, 8.52131270221e-05, 4.25314501626e-05, 3.73667753593e-05, 4.97271976201e-05, 4.8192057875e-05, 5.79471052333e-05, 5.8572182752e-05, 5.35079889232e-05, 5.29795070179e-05, 3.24880529661e-05, 2.45212031587e-05, 2.5132088922e-05, 2.13541643461e-05, 1.39925496114e-05, 9.31441172725e-06, 6.13561041973e-06, 6.18922877038e-06, 4.2712144932e-06, 1.49734273691e-06, 9.58082637226e-07, 6.13743679878e-07, 3.76748232611e-07, 2.28794618806e-07, 2.86894362489e-07, 1.76969166432e-07, 1.28139916455e-07, 9.99255291845e-08, 7.91451597593e-08, 6.38683559373e-08, 6.839178468e-08, 4.60920830392e-08, 3.68024686281e-08, 3.09197396575e-08, 2.62684221042e-08, 2.11050661392e-08, 1.65604010505e-08, 2.26877521214e-08, 1.73504410839e-08, 1.20605276877e-08, 1.16906688774e-08, 1.23792620599e-08, 1.03844648436e-08, 1.06489927987e-08, 1.22746133258e-08, 9.94864635118e-09, 1.17540661648e-08, 1.20904548595e-08, 1.08592157488e-08, 1.61261599629e-08, 1.21726015934e-08, 1.49492365153e-08, 1.4979764984e-08, 1.72228507012e-08, 2.00924308302e-08, 1.77865313589e-08, 2.00927789962e-08, 2.04832613093e-08, 2.74528630939e-08, 1.86676860636e-08, 1.6171609829e-08, 1.67096096959e-08, 1.04135331469e-08, 7.57584928124e-09, 5.28456167714e-09, 3.67890695685e-09, 2.50308529459e-09, 1.67194591505e-09, 9.86365988886e-10, 2.39268327373e-10, 3.24185872591e-10, 5.68549929358e-10, 1.74223083876e-11, 1.6327147967e-11, 1.59286941276e-11, 1.55785991746e-11, 1.53285110299e-11, 1.50198742332e-11, 1.47337107792e-11, 1.45612012031e-11, 1.44530229798e-11, 1.43443234721e-11, 1.42365355615e-11],
        "min": [1.91815563433e-09, 3.37592140909e-08, 9.68487654518e-08, 5.23714192013e-08, 1.3924859843e-07, 6.71692959031e-08, 2.47948683807e-08, 1.46213807284e-07, 9.23845107081e-08, 9.36522823736e-08, 4.04665678744e-09, 7.18129058441e-08, 7.7164798995e-08, 1.38573000186e-07, 5.51685204186e-08, 5.30729593606e-08, 7.8791977387e-08, 3.1059226302e-08, 5.40852411746e-08, 7.96281653948e-08, 1.13927235645e-07, 1.04652613686e-07, 8.28426678368e-08, 3.57025946585e-08, 5.6293835371e-08, 4.12014102835e-08, 2.49658498319e-08, 2.34240324914e-08, 4.51783961353e-08, 2.90828676697e-08, 2.06460999408e-08, 2.00037000297e-08, 1.73708620821e-08, 2.80284258025e-08, 2.22877467593e-08, 1.14404237195e-08, 2.20092886138e-08, 1.47277710028e-08, 1.46242893351e-08, 1.16442242515e-08, 2.30891892272e-08, 1.7663211338e-08, 2.44234730218e-08, 1.34518280959e-08, 1.63415325716e-08, 1.59833177804e-08, 1.81660162468e-08, 9.30123711385e-09, 7.31785210206e-09, 1.42495037991e-08, 1.32044881695e-08, 7.20176673852e-09, 7.89664067469e-09, 1.07149222828e-08, 1.2493837076e-08, 5.01449326507e-09, 5.94636961893e-09, 9.14650488681e-09, 4.42996306305e-09, 6.6088077233e-09, 2.60869303936e-09, 4.61467752899e-09, 1.84185700025e-09, 3.02734681767e-09, 2.39067143859e-09, 2.10438511061e-09, 2.52301513015e-09, 3.07186165394e-09, 1.56377022442e-09, 1.7722121548e-09, 1.85764981175e-09, 2.17376672218e-09, 1.91495774793e-09, 1.65227709292e-09, 1.29772437241e-09, 1.53912027567e-09, 9.52882661664e-10, 1.76861036927e-09, 1.62998126108e-09, 1.72957836941e-09, 1.81370518604e-09, 1.36658584449e-09, 3.35366823201e-09, 3.03027447579e-09, 1.59173130232e-09, 2.12655004717e-09, 1.72606484661e-09, 1.59529534027e-09, 1.97030547433e-09, 2.4921371633e-09, 1.48585954651e-09, 2.25472773785e-09, 2.40774022942e-09, 2.44580689035e-09, 2.97144264749e-09, 2.48146370119e-09, 3.80376352638e-09, 3.73862141245e-09, 4.00259780875e-09, 5.72791680753e-09, 4.80187178908e-09, 5.78166581278e-09, 5.21209608806e-09, 7.37093941439e-09, 4.26472768211e-09, 5.04269781487e-09, 3.93904775464e-09, 3.15515369387e-09, 1.98348937275e-09, 1.23570564892e-09, 1.01526176355e-09, 5.47578871135e-10, 3.42673583953e-10, 1.06530895216e-10, 1.67108438632e-12, 9.99823596311e-13, 8.70472151391e-13, 5.53294552102e-13, 5.84780542132e-13, 3.85800847649e-13, 7.40853992737e-13, 6.43333151508e-13, 6.76700557568e-13, 7.01892970828e-13, 7.61009419543e-13, 7.63716726578e-13, 6.85954656791e-13, 7.03583838326e-13],
        "stdev": [3.78488016395e-06, 8.55366033647e-06, 2.77319068118e-05, 5.23477319803e-05, 9.01869207155e-05, 0.000255685212323, 0.000410443812143, 0.000520681205671, 0.000411052722484, 0.000368743843865, 0.000444667792181, 0.000576169637498, 0.00045077042887, 0.000464603275759, 0.000663546612486, 0.00101694115438, 0.00117965682875, 0.0012673670426, 0.0012216551695, 0.00180395366624, 0.00178153556772, 0.00168350629974, 0.00175727449823, 0.001530935755, 0.00164809136186, 0.0010857747402, 0.00122934277169, 0.00155187468044, 0.00111147540156, 0.000676603289321, 0.000468893762445, 0.00031231410685, 0.000360641250154, 0.000556915823836, 0.000396133284084, 0.000448792707175, 0.000571829732507, 0.00036230427213, 0.000478033296531, 0.000482654490042, 0.000454624125268, 0.000227734955843, 0.000277517625364, 0.000865254260134, 0.000348245463101, 0.000497346918564, 0.000688491971232, 0.000206890021218, 0.000157176677021, 0.000209783262108, 0.000110276472697, 0.000131255423184, 0.000122662750073, 9.96513481368e-05, 9.73812275333e-05, 7.44350181776e-05, 5.81652093388e-05, 4.84499141749e-05, 4.2868876335e-05, 2.91565575026e-05, 1.83879092219e-05, 1.22727460621e-05, 2.10820944631e-05, 2.13638522837e-05, 5.97885264142e-06, 2.49346294368e-06, 1.41452153457e-06, 9.20183140352e-07, 3.66853129208e-07, 1.04619448393e-06, 3.87538449331e-07, 2.27629186611e-07, 1.84827413818e-07, 1.2563788232e-07, 8.77108021768e-08, 1.71220250422e-07, 6.39781774225e-08, 4.33174349723e-08, 3.3957295642e-08, 2.71272018182e-08, 2.06761470167e-08, 1.43195295621e-08, 1.3240875063e-08, 1.01948005593e-08, 8.80452066809e-09, 9.98980986822e-09, 7.69000063627e-09, 6.97308166764e-09, 6.04529759585e-09, 6.54549925372e-09, 5.19112264286e-09, 5.53113421731e-09, 5.52473489179e-09, 5.1493960207e-09, 7.20341297722e-09, 5.38618571966e-09, 6.12211126239e-09, 5.80985526355e-09, 6.44020481388e-09, 7.27266247225e-09, 6.52622667019e-09, 7.31035143531e-09, 7.05571467918e-09, 9.44687794657e-09, 6.42856523569e-09, 5.69098279612e-09, 5.835967265e-09, 3.88397092266e-09, 3.52013818095e-09, 3.03891511955e-09, 2.00399274952e-09, 1.81100445751e-09, 1.90804905209e-09, 1.88540072443e-09, 1.52834200851e-09, 1.19614917971e-09, 1.00241781542e-09, 7.37871208578e-10, 7.17768011693e-10, 6.96045943105e-10, 6.7830208117e-10, 6.65324850768e-10, 6.51579734612e-10, 6.40168529298e-10, 6.30278274016e-10, 6.23467111271e-10, 6.18003426212e-10, 6.13777029201e-10]
    },
    "mfcc": {
        "mean": [-724.717102051, 181.039749146, -46.2747459412, -15.9874734879, 15.5872745514, -23.6923313141, -13.7161216736, -1.71990406513, -1.86012160778, -10.2043027878, -0.588636934757, -0.67115342617, -4.93227720261],
        "cov": [[3097.97924805, 918.507507324, -1470.32263184, -151.486572266, -255.054153442, -489.719573975, 32.2670516968, 202.327713013, 81.1834259033, -86.9752120972, 38.9270896912, 109.19884491, -62.1385536194], [918.507507324, 500.037445068, -231.267562866, -122.165344238, -154.510528564, -223.093933105, -26.2169742584, 89.9773101807, 6.99588632584, -77.6574325562, -18.7503032684, 53.4748268127, 20.9922142029], [-1470.32263184, -231.267562866, 986.376342773, 99.4471359253, 51.0676765442, 131.568450928, -66.0412902832, -68.1837081909, -53.0770072937, -16.1388874054, -58.6760482788, -37.6874427795, 72.1687393188], [-151.486572266, -122.165344238, 99.4471359253, 250.48425293, 145.411865234, 1.07186377048, -85.6517791748, -62.5093383789, 7.1456823349, 12.0978527069, -1.78509604931, -17.4035167694, -1.89062404633], [-255.054153442, -154.510528564, 51.0676765442, 145.411865234, 260.776092529, 153.724639893, -93.698928833, -139.045120239, -5.91002988815, 55.5837516785, 9.41055488586, -37.4643592834, -16.510679245], [-489.719573975, -223.093933105, 131.568450928, 1.07186377048, 153.724639893, 307.586364746, 84.0690994263, -118.227600098, -32.9609184265, 81.0030822754, 6.27754497528, -68.4829177856, -40.1106872559], [32.2670516968, -26.2169742584, -66.0412902832, -85.6517791748, -93.698928833, 84.0690994263, 233.854812622, 106.266975403, -20.5291004181, 3.10638833046, 2.54671239853, -23.1951007843, -25.9542045593], [202.327713013, 89.9773101807, -68.1837081909, -62.5093383789, -139.045120239, -118.227600098, 106.266975403, 221.360900879, 54.2616996765, -70.7287521362, -12.1095409393, 44.4227561951, 21.7049732208], [81.1834259033, 6.99588632584, -53.0770072937, 7.1456823349, -5.91002988815, -32.9609184265, -20.5291004181, 54.2616996765, 103.909355164, 19.8027629852, -22.8659362793, 11.8935480118, 20.2248249054], [-86.9752120972, -77.6574325562, -16.1388874054, 12.0978527069, 55.5837516785, 81.0030822754, 3.10638833046, -70.7287521362, 19.8027629852, 117.154022217, 35.9122505188, -50.2432746887, -32.3372612], [38.9270896912, -18.7503032684, -58.6760482788, -1.78509604931, 9.41055488586, 6.27754497528, 2.54671239853, -12.1095409393, -22.8659362793, 35.9122505188, 105.008079529, 29.2460975647, -48.5876808167], [109.19884491, 53.4748268127, -37.6874427795, -17.4035167694, -37.4643592834, -68.4829177856, -23.1951007843, 44.4227561951, 11.8935480118, -50.2432746887, 29.2460975647, 120.479293823, 53.6810112], [-62.1385536194, 20.9922142029, 72.1687393188, -1.89062404633, -16.510679245, -40.1106872559, -25.9542045593, 21.7049732208, 20.2248249054, -32.3372612, -48.5876808167, 53.6810112, 125.172538757]],
        "icov": [[0.0142867630348, -0.0203060042113, 0.0182711798698, -0.0133600691333, 0.00906462781131, -0.00533887045458, 0.00276826508343, -0.00232082861476, 0.00170912803151, -0.0018599992618, 0.00140398263466, -0.000331540562911, 0.000153376429807], [-0.0203060042113, 0.0328865870833, -0.0258220098913, 0.0217300262302, -0.014682170935, 0.0121679836884, -0.00563053786755, 0.005082805641, -0.00278884265572, 0.00363028934225, -0.000970859371591, 5.45820730622e-05, 0.000522224232554], [0.0182711798698, -0.0258220098913, 0.0257085971534, -0.0196997523308, 0.0162130258977, -0.0127025330439, 0.00966308452189, -0.0077318563126, 0.00649004243314, -0.00415385048836, 0.00303811370395, 9.34362906264e-05, -0.0012892835075], [-0.0133600691333, 0.0217300262302, -0.0196997523308, 0.0254547167569, -0.0226187594235, 0.0203960873187, -0.0143605936319, 0.0119455857202, -0.00918547715992, 0.00687657669187, -0.0032891551964, 0.00132565584499, 0.0013846316142], [0.00906462781131, -0.014682170935, 0.0162130258977, -0.0226187594235, 0.0336811169982, -0.0303694996983, 0.0261103101075, -0.0163177698851, 0.0120665328577, -0.00713826250285, 0.00233589508571, 0.00100068910979, -0.0030889774207], [-0.00533887045458, 0.0121679836884, -0.0127025330439, 0.0203960873187, -0.0303694996983, 0.0404045172036, -0.0348052047193, 0.0281851962209, -0.0186575092375, 0.0102276410908, -0.00412912946194, 0.000300061423331, 0.00370354671031], [0.00276826508343, -0.00563053786755, 0.00966308452189, -0.0143605936319, 0.0261103101075, -0.0348052047193, 0.0420466065407, -0.0353782624006, 0.0277603399009, -0.018971119076, 0.0109421713278, -0.00277191773057, -0.000276168982964], [-0.00232082861476, 0.005082805641, -0.0077318563126, 0.0119455857202, -0.0163177698851, 0.0281851962209, -0.0353782624006, 0.0421396754682, -0.0336247198284, 0.0274512283504, -0.0168360993266, 0.00769376894459, -0.00243950542063], [0.00170912803151, -0.00278884265572, 0.00649004243314, -0.00918547715992, 0.0120665328577, -0.0186575092375, 0.0277603399009, -0.0336247198284, 0.0423879548907, -0.032079860568, 0.0245247036219, -0.0145838586614, 0.00527268601581], [-0.0018599992618, 0.00363028934225, -0.00415385048836, 0.00687657669187, -0.00713826250285, 0.0102276410908, -0.018971119076, 0.0274512283504, -0.032079860568, 0.0432348772883, -0.0302307922393, 0.0228307917714, -0.0105642313138], [0.00140398263466, -0.000970859371591, 0.00303811370395, -0.0032891551964, 0.00233589508571, -0.00412912946194, 0.0109421713278, -0.0168360993266, 0.0245247036219, -0.0302307922393, 0.0398322083056, -0.026521390304, 0.0182945467532], [-0.000331540562911, 5.45820730622e-05, 9.34362906264e-05, 0.00132565584499, 0.00100068910979, 0.000300061423331, -0.00277191773057, 0.00769376894459, -0.0145838586614, 0.0228307917714, -0.026521390304, 0.0309766829014, -0.0172129888088], [0.000153376429807, 0.000522224232554, -0.0012892835075, 0.0013846316142, -0.0030889774207, 0.00370354671031, -0.000276168982964, -0.00243950542063, 0.00527268601581, -0.0105642313138, 0.0182945467532, -0.0172129888088, 0.0207889601588]]
    },
    "spectral_contrast_coeffs": {
        "max": [-0.369204878807, -0.379335254431, -0.426884680986, -0.475871801376, -0.547763228416, -0.756310105324],
        "mean": [-0.665032982826, -0.713483870029, -0.731715381145, -0.750008523464, -0.717778146267, -0.851486206055],
        "min": [-0.882868766785, -0.930767655373, -0.921198964119, -0.91874653101, -0.899592041969, -0.894465923309],
        "stdev": [0.0723524317145, 0.0998698100448, 0.0875602439046, 0.0721685066819, 0.0697561278939, 0.0206186175346]
    },
    "spectral_contrast_valleys": {
        "max": [-5.55739831924, -4.69248628616, -4.4736623764, -5.56806087494, -7.29568147659, -9.88435840607],
        "mean": [-7.91337966919, -6.84509468079, -7.46846008301, -7.66110277176, -8.90232753754, -11.4786539078],
        "min": [-10.2613620758, -9.09438705444, -10.1115665436, -10.2500867844, -10.3821153641, -11.810795784],
        "stdev": [0.516971945763, 0.738412380219, 0.819847822189, 0.754042267799, 0.544199883938, 0.100801326334]
    }
},
"rhythm": {
    "beats_count": 183,
    "beats_loudness": {
        "max": 0.0809278041124,
        "mean": 0.0306863002479,
        "min": 0.000694074609783,
        "stdev": 0.0176892410964
    },
    "bpm": 112.863265991,
    "bpm_histogram_first_peak_bpm": 112,
    "bpm_histogram_first_peak_weight": 0.49696969986,
    "bpm_histogram_second_peak_bpm": 117,
    "bpm_histogram_second_peak_spread": 0.117647051811,
    "bpm_histogram_second_peak_weight": 0.0824175849557,
    "danceability": 1.18226802349,
    "onset_rate": 3.44572281837,
    "beats_loudness_band_ratio": {
        "max": [0.940388083458, 0.66349953413, 0.885375201702, 0.835477650166, 0.882159173489, 0.0969099104404],
        "mean": [0.0694721788168, 0.133661776781, 0.413242101669, 0.289802640676, 0.164616793394, 0.00346438353881],
        "min": [0.00156949879602, 0.0024563993793, 0.0055622397922, 0.00539375143126, 0.00375973642804, 0.000396150135202],
        "stdev": [0.106534615159, 0.141827851534, 0.234467789531, 0.205075532198, 0.17721401155, 0.00963213574141]
    },
