{
"metadata": {
    "version": {
        "essentia": "2.1-beta5",
        "essentia_git_sha": "Undefined",
        "extractor": "music 2.0"
    },
    "audio_properties": {
        "analysis": {
            "equal_loudness": 0,
            "length": 48.7502937317,
            "sample_rate": 44100,
            "start_time": 93.9943771362,
            "downmix": "mix"
        },
        "bit_rate": 192000,
        "length": 237.284729004,
        "lossless": 0,
        "number_channels": 2,
        "replay_gain": -3.45845794678,
        "sample_rate": 48000,
        "codec": "mp3",
        "md5_encoded": "29c472c8eea74d1487861775988d4c86"
    },
    "tags": {
        "file_name": "Austria_Du Hast Mich So Fasziniert_Harry Winter.mp3",
        "encoding": ["Lavf58.29.100"]
    }
},
"lowlevel": {
    "average_loudness": 0.579141557217,
    "barkbands_crest": {
        "max": 25.7112216949,
        "mean": 10.1452312469,
        "min": 3.03508400917,
        "stdev": 4.43535804749
    },
    "barkbands_flatness_db": {
        "max": 0.359880506992,
        "mean": 0.189889520407,
        "min": 0.0932854861021,
        "stdev": 0.0385476499796
    },
    "barkbands_kurtosis": {
        "max": 83.8364944458,
        "mean": 2.25683999062,
        "min": -1.8923330307,
        "stdev": 6.16549825668
    },
    "barkbands_skewness": {
        "max": 8.08653831482,
        "mean": 1.06512331963,
        "min": -3.17169070244,
        "stdev": 1.07900345325
    },
    "barkbands_spread": {
        "max": 88.1747512817,
        "mean": 19.2987651825,
        "min": 1.18549561501,
        "stdev": 11.1663532257
    },
    "dissonance": {
        "max": 0.499854803085,
        "mean": 0.454266667366,
        "min": 0.314463436604,
        "stdev": 0.0301640834659
    },
    "dynamic_complexity": 5.86323928833,
    "erbbands_crest": {
        "max": 32.3661575317,
        "mean": 10.1537084579,
        "min": 3.00228977203,
        "stdev": 4.51657676697
    },
    "erbbands_flatness_db": {
        "max": 0.388358563185,
        "mean": 0.246132448316,
        "min": 0.105426050723,
        "stdev": 0.0455739684403
    },
    "erbbands_kurtosis": {
        "max": 43.0985908508,
        "mean": 0.0753033906221,
        "min": -1.72848856449,
        "stdev": 2.75946092606
    },
    "erbbands_skewness": {
        "max": 5.84176301956,
        "mean": 0.208385139704,
        "min": -5.06254291534,
        "stdev": 0.922371864319
    },
    "erbbands_spread": {
        "max": 72.0962371826,
        "mean": 30.2701911926,
        "min": 3.1340136528,
        "stdev": 11.3498754501
    },
    "hfc": {
        "max": 121.22958374,
        "mean": 11.8070144653,
        "min": 0.0241510961205,
        "stdev": 16.2260169983
    },
    "loudness_ebu128": {
        "integrated": -23.0961399078,
        "loudness_range": 9.39547729492,
        "momentary": {
            "max": -16.1774311066,
            "mean": -26.6719379425,
            "min": -44.3648071289,
            "stdev": 6.11349821091
        },
        "short_term": {
            "max": -20.2102565765,
            "mean": -25.0522079468,
            "min": -36.9755325317,
            "stdev": 3.67665886879
        }
    },
    "melbands_crest": {
        "max": 31.5264663696,
        "mean": 13.1383600235,
        "min": 3.39055466652,
        "stdev": 5.44239664078
    },
    "melbands_flatness_db": {
        "max": 0.397644996643,
        "mean": 0.208999752998,
        "min": 0.056426923722,
        "stdev": 0.0523971393704
    },
    "melbands_kurtosis": {
        "max": 122.038841248,
        "mean": 6.44899940491,
        "min": -1.86455774307,
        "stdev": 9.44717407227
    },
    "melbands_skewness": {
        "max": 8.33957290649,
        "mean": 1.82917559147,
        "min": -0.860596776009,
        "stdev": 1.11037898064
    },
    "melbands_spread": {
        "max": 178.35760498,
        "mean": 27.4512329102,
        "min": 1.26198494434,
        "stdev": 22.1000709534
    },
    "pitch_salience": {
        "max": 0.830523729324,
        "mean": 0.579137027264,
        "min": 0.209808439016,
        "stdev": 0.0996246635914
    },
    "silence_rate_20dB": {
        "max": 1,
        "mean": 1,
        "min": 1,
        "stdev": 0
    },
    "silence_rate_30dB": {
        "max": 1,
        "mean": 0.999048054218,
        "min": 0,
        "stdev": 0.0308393295854
    },
    "silence_rate_60dB": {
        "max": 1,
        "mean": 0.331746786833,
        "min": 0,
        "stdev": 0.47083902359
    },
    "spectral_centroid": {
        "max": 4896.13671875,
        "mean": 1529.63952637,
        "min": 348.054351807,
        "stdev": 737.029418945
    },
    "spectral_complexity": {
        "max": 38,
        "mean": 12.0980482101,
        "min": 0,
        "stdev": 8.27569293976
    },
    "spectral_decrease": {
        "max": -1.56588769729e-11,
        "mean": -2.60590904411e-09,
        "min": -2.7659476487e-08,
        "stdev": 3.33960059606e-09
    },
    "spectral_energy": {
        "max": 0.115389190614,
        "mean": 0.0109062185511,
        "min": 6.23190644546e-05,
        "stdev": 0.0139954863116
    },
    "spectral_energyband_high": {
        "max": 0.00968666747212,
        "mean": 0.000199498259462,
        "min": 7.87174428751e-07,
        "stdev": 0.000522698333953
    },
    "spectral_energyband_low": {
        "max": 0.00654875626788,
        "mean": 0.000407662271755,
        "min": 2.70956638815e-06,
        "stdev": 0.000652770628221
    },
    "spectral_energyband_middle_high": {
        "max": 0.108804352582,
        "mean": 0.00447719916701,
        "min": 2.59218359133e-06,
        "stdev": 0.00829070433974
    },
    "spectral_energyband_middle_low": {
        "max": 0.0831931531429,
        "mean": 0.00603064429015,
        "min": 2.27824566537e-05,
        "stdev": 0.00811798404902
    },
    "spectral_entropy": {
        "max": 8.82264328003,
        "mean": 7.25742053986,
        "min": 5.98362827301,
        "stdev": 0.325990110636
    },
    "spectral_flux": {
        "max": 0.308391809464,
        "mean": 0.0465121343732,
        "min": 0.00326069025323,
        "stdev": 0.0370989181101
    },
    "spectral_kurtosis": {
        "max": 36.6169586182,
        "mean": 5.35059213638,
        "min": -0.916484117508,
        "stdev": 4.41060018539
    },
    "spectral_rms": {
        "max": 0.0106101278216,
        "mean": 0.00272798421793,
        "min": 0.00024657472386,
        "stdev": 0.00178838474676
    },
    "spectral_rolloff": {
        "max": 6546.09375,
        "mean": 1784.80639648,
        "min": 129.19921875,
        "stdev": 1185.04455566
    },
    "spectral_skewness": {
        "max": 4.11388969421,
        "mean": 1.21249854565,
        "min": -0.955633342266,
        "stdev": 0.60937076807
    },
    "spectral_spread": {
        "max": 29556194,
        "mean": 2756313.25,
        "min": 1422434.625,
        "stdev": 873706.9375
    },
    "spectral_strongpeak": {
        "max": 10.3131780624,
        "mean": 1.10127687454,
        "min": 0,
        "stdev": 1.18991827965
    },
    "zerocrossingrate": {
        "max": 0.23828125,
        "mean": 0.0580276139081,
        "min": 0.00537109375,
        "stdev": 0.0310160815716
    },
    "barkbands": {
        "max": [0.000954625196755, 0.00517740985379, 0.00213771942072, 0.00275874184445, 0.00498427310959, 0.0199932549149, 0.0304965116084, 0.0454038120806, 0.0782660990953, 0.0863537043333, 0.0199376940727, 0.0117060681805, 0.0194364823401, 0.0147070204839, 0.0064475722611, 0.00764619931579, 0.0159857980907, 0.0106845404953, 0.00558446766809, 0.00256909243762, 0.00421259459108, 0.00448683602735, 0.000849388190545, 0.00012398637773, 1.17758227134e-05, 1.00234346974e-05, 1.04531045508e-05],
        "mean": [1.89279653569e-05, 0.000292970886221, 7.41037438274e-05, 9.28102963371e-05, 0.000552159443032, 0.000745233788621, 0.00182975362986, 0.0011661015451, 0.00126981351059, 0.000944108702242, 0.000464739656309, 0.000482207717141, 0.000433206529124, 0.000437874929048, 0.000291273521725, 0.000426228885772, 0.000402214907808, 0.000455716595752, 0.000266895251116, 0.000107976185973, 7.31957479729e-05, 6.31998918834e-05, 1.39018702612e-05, 1.49274444539e-06, 1.12949706477e-07, 5.28373389486e-09, 5.50888001882e-09],
        "min": [2.60760408821e-08, 2.97499155977e-07, 1.0321997479e-07, 1.97075038955e-07, 1.26587246996e-06, 6.91800380537e-07, 1.57265532152e-07, 3.08428326434e-07, 1.12045619005e-07, 5.6463218101e-08, 3.18810258193e-08, 5.65205056091e-08, 8.0239090039e-08, 7.74703536877e-08, 2.77233311863e-07, 1.08414894839e-07, 1.50145694988e-07, 2.04612774724e-07, 2.47343365345e-07, 1.5121563024e-07, 1.45416265696e-07, 1.19308452895e-07, 7.40505186059e-08, 6.86352024104e-08, 4.46093437745e-08, 5.17365490726e-11, 6.77643149927e-11],
        "stdev": [4.55808549304e-05, 0.000559157284442, 0.000159968461958, 0.000200073845917, 0.000766184006352, 0.0015474432148, 0.00366626214236, 0.00388161092997, 0.00457536056638, 0.00482865795493, 0.00133881450165, 0.00106039422099, 0.00118053145707, 0.00128105469048, 0.000529832206666, 0.000974528375082, 0.00101944128983, 0.000852883153129, 0.000470120168757, 0.000208040641155, 0.000201981150894, 0.000252501078648, 5.5861492001e-05, 6.23217783868e-06, 3.54230621724e-07, 2.18644601091e-07, 2.28014684467e-07]
    },
    "erbbands": {
        "max": [0.1451177001, 1.43555688858, 3.24932003021, 3.70605182648, 10.7775659561, 28.3837432861, 142.889358521, 132.3855896, 374.294464111, 909.53314209, 833.89276123, 2407.34936523, 2417.43701172, 1440.86621094, 971.372680664, 532.316711426, 804.083557129, 880.64263916, 367.330993652, 310.651855469, 504.722564697, 622.635925293, 356.297302246, 508.838256836, 142.820739746, 71.066368103, 134.338485718, 247.25869751, 192.016586304, 60.8229637146, 17.9364414215, 5.23122644424, 0.521119892597, 0.228621944785, 0.0744227692485, 0.0402914583683, 0.0185175407678, 0.00654041254893, 0.00149549508933, 0.000174934350071],
        "mean": [0.00720542157069, 0.068992421031, 0.106088079512, 0.186968028545, 0.855915546417, 2.53182315826, 2.47502541542, 7.48006105423, 21.1089477539, 27.2206935883, 26.5033950806, 31.2242527008, 33.2156982422, 22.0939388275, 19.267698288, 20.6222438812, 19.5056152344, 25.7382698059, 14.5124702454, 17.7389965057, 25.2865219116, 22.1313762665, 24.366815567, 22.4735660553, 8.59377861023, 4.1562333107, 3.15822505951, 3.16588306427, 2.59626054764, 0.912916064262, 0.316885381937, 0.0766344591975, 0.00970248505473, 0.00208260631189, 0.000513669743668, 4.68515136163e-05, 1.74618253368e-05, 6.27740155323e-06, 7.34356990506e-06, 1.35376894832e-05],
        "min": [1.30108173835e-05, 0.000102477439214, 0.000590117124375, 0.000800859823357, 0.00236422941089, 0.00381024787202, 0.005528525915, 0.00802394468337, 0.00763983279467, 0.00488047394902, 0.00330036273226, 0.00324214808643, 0.00298155448399, 0.00158785248641, 0.00254487642087, 0.00272777001373, 0.00389638310298, 0.00476546911523, 0.0114599373192, 0.0103648686782, 0.00811541918665, 0.00947504211217, 0.0144111383706, 0.0120695009828, 0.0113376071677, 0.00844598654658, 0.00582367181778, 0.00575370807201, 0.00388109916821, 0.00277601741254, 0.0021567652002, 0.0014942890266, 0.00113100884482, 0.000733180029783, 0.000170421277289, 4.954886208e-06, 5.62989100672e-07, 1.08911628161e-07, 5.79452823501e-08, 7.44737391756e-08],
        "stdev": [0.0148628531024, 0.135921731591, 0.239575386047, 0.305021494627, 1.04745459557, 4.17613601685, 7.302298069, 14.2397680283, 42.0287246704, 64.9474639893, 82.7432632446, 120.816688538, 143.514038086, 82.2236404419, 59.8013267517, 45.9836540222, 50.769618988, 68.4729156494, 31.0886154175, 35.0536880493, 52.9024162292, 48.962928772, 45.3158798218, 38.975528717, 14.7700433731, 6.87537622452, 6.93877124786, 10.4190406799, 10.2825040817, 3.53827095032, 1.29186475277, 0.327673137188, 0.0291313435882, 0.00589404208586, 0.00180662295315, 0.000878944701981, 0.000403888465371, 0.000142663091538, 3.35071417794e-05, 1.75046898221e-05]
    },
    "gfcc": {
        "mean": [-121.31993103, 143.317855835, -183.35697937, 42.2260093689, -65.6740264893, -13.6534900665, -26.29088974, -9.03009319305, 0.110190913081, -14.2138977051, 3.96739792824, -10.551566124, 0.870702564716],
        "cov": [[5748.53320312, -141.376617432, -2146.64355469, -602.088745117, -100.273521423, -575.383544922, 909.267150879, -232.556350708, 465.802337646, -254.626312256, 76.7609329224, 298.776184082, -227.221481323], [-141.376617432, 525.868041992, 182.592330933, -225.011825562, 198.389129639, -58.7130737305, -98.1807632446, 112.170982361, 2.91450357437, 27.4418697357, 69.6318283081, -35.1090660095, 20.2907123566], [-2146.64355469, 182.592330933, 1078.44787598, 341.125915527, 66.8980178833, 227.198608398, -350.298431396, 96.1566543579, -136.188461304, 124.927452087, -6.25772333145, -81.6873321533, 97.2043380737], [-602.088745117, -225.011825562, 341.125915527, 595.966125488, 2.29606056213, 135.814331055, -31.6008300781, -58.1883430481, -32.8522377014, 44.6905784607, -40.4960365295, 16.6649456024, 50.9662132263], [-100.273521423, 198.389129639, 66.8980178833, 2.29606056213, 293.342926025, 30.203086853, -102.158874512, 72.5762710571, 30.7475280762, 43.4804840088, 32.156452179, -48.2188529968, 1.97503304482], [-575.383544922, -58.7130737305, 227.198608398, 135.814331055, 30.203086853, 336.330993652, 96.8331756592, 41.1610908508, -72.5887069702, 35.3549423218, 1.57200098038, -14.3815250397, 34.5541114807], [909.267150879, -98.1807632446, -350.298431396, -31.6008300781, -102.158874512, 96.8331756592, 447.390472412, 26.4948177338, -3.72182774544, -72.9222717285, 13.8870458603, 96.9159393311, -13.064414978], [-232.556350708, 112.170982361, 96.1566543579, -58.1883430481, 72.5762710571, 41.1610908508, 26.4948177338, 155.982162476, 5.42181301117, 3.8359105587, 19.046792984, -16.6469078064, 0.611826062202], [465.802337646, 2.91450357437, -136.188461304, -32.8522377014, 30.7475280762, -72.5887069702, -3.72182774544, 5.42181301117, 180.842132568, 52.8225975037, 10.3867044449, 10.0898590088, -28.7613811493], [-254.626312256, 27.4418697357, 124.927452087, 44.6905784607, 43.4804840088, 35.3549423218, -72.9222717285, 3.8359105587, 52.8225975037, 116.132766724, 30.0716056824, -24.986749649, 17.1771888733], [76.7609329224, 69.6318283081, -6.25772333145, -40.4960365295, 32.156452179, 1.57200098038, 13.8870458603, 19.046792984, 10.3867044449, 30.0716056824, 69.5942077637, 23.6358280182, 2.5270242691], [298.776184082, -35.1090660095, -81.6873321533, 16.6649456024, -48.2188529968, -14.3815250397, 96.9159393311, -16.6469078064, 10.0898590088, -24.986749649, 23.6358280182, 92.5840301514, 28.0933246613], [-227.221481323, 20.2907123566, 97.2043380737, 50.9662132263, 1.97503304482, 34.5541114807, -13.064414978, 0.611826062202, -28.7613811493, 17.1771888733, 2.5270242691, 28.0933246613, 91.7144546509]],
        "icov": [[0.0026386170648, -0.000394264439819, 0.00158532219939, 0.000496828812174, -0.0021758202929, 0.00260441936553, -0.00481012742966, 0.00485932733864, -0.00501843355596, 0.00339503143914, -0.00209842226468, -0.000483249808894, 0.00101230212022], [-0.000394264439819, 0.00760630518198, -0.0051393401809, 0.00407046172768, -0.00531085720286, 0.00378397665918, -0.00381174404174, 0.00183782668319, -0.00138416944537, 0.00313246971928, -0.00516543863341, 0.00443234434351, -0.00357720907778], [0.00158532219939, -0.0051393401809, 0.00800699274987, -0.00392256211489, 0.00381469982676, -0.0031140150968, 0.00391617510468, -0.00278370035812, 0.000975749280769, -0.00293877488002, 0.00278090359643, -0.00481368601322, 0.00267990655266], [0.000496828812174, 0.00407046172768, -0.00392256211489, 0.0053869029507, -0.00459737610072, 0.00264703761786, -0.00454092677683, 0.00460293982178, -0.00237434264272, 0.00166256271768, -0.000559288542718, 0.000328885624185, -0.00122295750771], [-0.0021758202929, -0.00531085720286, 0.00381469982676, -0.00459737610072, 0.0117896981537, -0.00670774327591, 0.00985916145146, -0.00913206860423, 0.00469183269888, -0.00430554989725, 0.00171550177038, 0.000159790957696, 0.000216286498471], [0.00260441936553, 0.00378397665918, -0.0031140150968, 0.00264703761786, -0.00670774327591, 0.0111480252817, -0.011439259164, 0.00727085024118, -0.00465438049287, 0.00324286730029, -0.00436677318066, 0.0042941365391, -0.00155092717614], [-0.00481012742966, -0.00381174404174, 0.00391617510468, -0.00454092677683, 0.00985916145146, -0.011439259164, 0.0197805780917, -0.0154440375045, 0.0120984036475, -0.00884537864476, 0.00747173698619, -0.00799907650799, 0.00201233639382], [0.00485932733864, 0.00183782668319, -0.00278370035812, 0.00460293982178, -0.00913206860423, 0.00727085024118, -0.0154440375045, 0.0226091053337, -0.0138630270958, 0.0122055932879, -0.00893505010754, 0.00572862382978, -0.00101063994225], [-0.00501843355596, -0.00138416944537, 0.000975749280769, -0.00237434264272, 0.00469183269888, -0.00465438049287, 0.0120984036475, -0.0138630270958, 0.0230616740882, -0.0196051709354, 0.0128743834794, -0.00907285977155, 0.00495511945337], [0.00339503143914, 0.00313246971928, -0.00293877488002, 0.00166256271768, -0.00430554989725, 0.00324286730029, -0.00884537864476, 0.0122055932879, -0.0196051709354, 0.0318644791842, -0.0218161772937, 0.0160933323205, -0.00900606345385], [-0.00209842226468, -0.00516543863341, 0.00278090359643, -0.000559288542718, 0.00171550177038, -0.00436677318066, 0.00747173698619, -0.00893505010754, 0.0128743834794, -0.0218161772937, 0.0364537276328, -0.0213890708983, 0.00971026252955], [-0.000483249808894, 0.00443234434351, -0.00481368601322, 0.000328885624185, 0.000159790957696, 0.0042941365391, -0.00799907650799, 0.00572862382978, -0.00907285977155, 0.0160933323205, -0.0213890708983, 0.03560725227, -0.0162346977741], [0.00101230212022, -0.00357720907778, 0.00267990655266, -0.00122295750771, 0.000216286498471, -0.00155092717614, 0.00201233639382, -0.00101063994225, 0.00495511945337, -0.00900606345385, 0.00971026252955, -0.0162346977741, 0.0208611339331]]
    },
    "melbands": {
        "max": [0.0012716994388, 0.00172056967858, 0.00101067801006, 0.00127916911151, 0.00381161854602, 0.00313427112997, 0.00634203618392, 0.0111095821485, 0.00546336034313, 0.0153478123248, 0.012946720235, 0.00680283969268, 0.00323349121027, 0.00167506723665, 0.00224775448442, 0.00141852139495, 0.0017593895318, 0.000883424363565, 0.000722817203496, 0.000501685135532, 0.000613859971054, 0.000501851318404, 0.000984893995337, 0.000432271539466, 0.000421097880462, 0.000159946575877, 0.000168493876117, 6.92257890478e-05, 8.08529439382e-05, 0.00010092141747, 0.000165948600625, 0.000116082257591, 7.39821261959e-05, 2.4537283025e-05, 1.12785955935e-05, 6.65691777613e-06, 2.5327781259e-06, 3.87928338341e-07, 2.54298072377e-07, 1.83120974384e-07],
        "mean": [7.62440031394e-05, 6.80117009324e-05, 4.91242753924e-05, 0.000127126128064, 9.02687825146e-05, 0.000165742385434, 0.000353809708031, 0.000292263110168, 0.000200885973754, 0.000200433438295, 0.000164468074217, 9.14258926059e-05, 5.87712929701e-05, 6.02222389716e-05, 4.38441056758e-05, 4.66583005618e-05, 4.7707289923e-05, 2.17148099182e-05, 2.37005860981e-05, 2.59760872723e-05, 3.04219538521e-05, 2.31348294619e-05, 2.07647281059e-05, 2.21431128011e-05, 1.86654269783e-05, 6.76997524351e-06, 4.73432828585e-06, 2.35862148656e-06, 2.07790662898e-06, 1.82067776677e-06, 1.84670943781e-06, 1.72136742549e-06, 7.72453972786e-07, 4.03259008408e-07, 2.01249832799e-07, 8.59708606527e-08, 2.90946982062e-08, 6.6077623373e-09, 1.75417569359e-09, 1.5269018272e-09],
        "min": [8.93564120474e-08, 2.8262937235e-07, 2.67166768708e-07, 1.81097846053e-07, 2.27387658924e-07, 1.34409745556e-07, 9.87757573512e-08, 4.33677591616e-08, 1.59317359305e-08, 1.4691303285e-08, 1.09422737538e-08, 4.78928274816e-09, 5.90813975521e-09, 6.28372021083e-09, 4.61748284053e-09, 7.30357596623e-09, 7.44566275301e-09, 1.64702385064e-08, 2.04490238076e-08, 6.42764952374e-09, 9.66660085311e-09, 9.1637133437e-09, 1.0528157901e-08, 1.06667865651e-08, 6.53067022682e-09, 9.13609099484e-09, 7.87160825411e-09, 4.59953097831e-09, 3.5428402434e-09, 2.56848253777e-09, 2.65693045343e-09, 1.91312654607e-09, 1.83458637171e-09, 9.73622626965e-10, 9.4481733548e-10, 8.28819513021e-10, 7.67542529534e-10, 6.96764868025e-10, 5.62113078306e-10, 5.46588718731e-10],
        "stdev": [0.000144994017319, 0.000133752269903, 7.14825873729e-05, 0.000190170059795, 0.000211820879485, 0.000318084901664, 0.000696521077771, 0.000726427475456, 0.000607883033808, 0.000806435360573, 0.000745637749787, 0.000398228788981, 0.000194069856661, 0.000127598294057, 0.00012926501222, 0.000121571167256, 0.000135630732984, 5.7923469285e-05, 4.31110966019e-05, 6.19254133198e-05, 6.56071206322e-05, 4.95563799632e-05, 5.50869335711e-05, 4.28691637353e-05, 3.28636124323e-05, 1.39587355079e-05, 1.0593152183e-05, 5.1684914979e-06, 5.29449334863e-06, 4.87467968924e-06, 6.81389337842e-06, 6.69983410262e-06, 3.52405959347e-06, 1.56842577326e-06, 8.40603377128e-07, 3.82255478826e-07, 1.27301049702e-07, 1.81002839383e-08, 6.23628082508e-09, 4.66403538013e-09]
    },
    "melbands128": {
        "max": [0.000618865131401, 0.00112665107008, 0.00215036422014, 0.0030663118232, 0.00235990528017, 0.000716736773029, 0.000572001154069, 0.00184895272832, 0.00119355937932, 0.00181028107181, 0.00212898780592, 0.0018128498923, 0.00512953661382, 0.00887149851769, 0.00450058607385, 0.00409435201436, 0.00886427331716, 0.0113177578896, 0.00833568535745, 0.0138025227934, 0.0177136994898, 0.015444451943, 0.00881082750857, 0.0118920132518, 0.0245112217963, 0.0182318091393, 0.0129141630605, 0.0194574743509, 0.0281643588096, 0.0160748511553, 0.00294522056356, 0.00217299116775, 0.00591954728588, 0.00587465753779, 0.00257134088315, 0.00334968371317, 0.00201540580019, 0.00444773677737, 0.00524399895221, 0.00333683611825, 0.00280044507235, 0.00349434022792, 0.00418442906812, 0.00184494047426, 0.00291957333684, 0.00130725651979, 0.00109024590347, 0.00127451703884, 0.000726749771275, 0.00097565917531, 0.000975322618615, 0.00122168730013, 0.00108600710519, 0.00133288220968, 0.000987565144897, 0.00092014297843, 0.000815239502117, 0.00286209373735, 0.00053916091565, 0.000731189153157, 0.000505921256263, 0.000588904076722, 0.00110385555308, 0.000416641356423, 0.000229116209084, 0.000288721552351, 0.000175306093297, 0.000167577978573, 0.000322098931065, 3.30775619659e-05, 3.75174749934e-05, 0.000197036526515, 0.000180837145308, 0.000100708355603, 0.000115568109322, 8.5997635324e-05, 0.000130926375277, 0.000121179087728, 0.000186515695532, 0.000212608356378, 0.000120464464999, 0.000145889702253, 0.000126545506646, 6.58030767227e-05, 3.58654688171e-05, 2.8834281693e-05, 2.86151553155e-05, 2.39985856751e-05, 1.46041102198e-05, 1.46398269862e-05, 1.13185642476e-05, 6.28703173788e-06, 4.99689713251e-06, 2.92918593914e-06, 1.01809189346e-06, 4.93831350923e-07, 3.06057557964e-07, 5.11650739554e-07, 1.71705949015e-07, 1.91994956822e-07, 2.36066568959e-07, 1.26399740452e-07, 2.26195609798e-07, 9.03018886333e-08, 8.34905549141e-08, 7.9209399928e-08, 7.58004006229e-08, 7.24782367456e-08, 6.92813131309e-08, 6.63987336225e-08, 6.35921466596e-08, 6.09562178511e-08, 5.86999746588e-08, 5.64026443328e-08, 5.43542348908e-08, 5.24506553745e-08, 5.07651378712e-08, 4.91411711323e-08, 4.7621909971e-08, 4.62908964494e-08, 4.51975417093e-08, 4.41144578645e-08, 4.31529549871e-08, 4.24457908821e-08, 4.176303392e-08, 4.12563068153e-08, 4.08900646676e-08, 4.0654416722e-08],
        "mean": [1.09492984848e-05, 4.56576126453e-05, 0.000114449161629, 0.000115666945931, 6.66177293169e-05, 3.23753847624e-05, 2.85998230538e-05, 5.60972766834e-05, 6.89919106662e-05, 0.000150540974573, 0.000166291050846, 7.14567577234e-05, 6.88048676238e-05, 0.000106430321466, 0.000149372339365, 0.000212180704693, 0.000230834120885, 0.000418466661358, 0.000486810633447, 0.00026754164719, 0.000213666950003, 0.000261896726443, 0.000204224474146, 0.000136726041092, 0.000195485088625, 0.00025032548001, 0.000148247083416, 0.000182285657502, 0.000146795529872, 0.000103807731648, 7.67732199165e-05, 5.72327953705e-05, 4.28862804256e-05, 8.1383579527e-05, 5.35488252353e-05, 6.23638261459e-05, 5.39639913768e-05, 4.44605357188e-05, 3.63584404113e-05, 3.73366274289e-05, 5.50466938876e-05, 4.66370875074e-05, 5.89088158449e-05, 4.39097966591e-05, 2.19569865294e-05, 1.77744204848e-05, 1.9858855012e-05, 2.70603704848e-05, 2.3098766178e-05, 2.06136191991e-05, 2.73156238109e-05, 3.03431079374e-05, 2.96617399727e-05, 3.38344543707e-05, 2.5529139748e-05, 2.06998010981e-05, 2.22405560635e-05, 1.97206973098e-05, 1.87492314581e-05, 2.65697672148e-05, 1.9340957806e-05, 2.22254639084e-05, 2.43974700425e-05, 1.81991490535e-05, 8.41884593683e-06, 6.55976964481e-06, 5.14947669217e-06, 5.58935698791e-06, 5.69936173633e-06, 1.68274152657e-06, 1.51890492361e-06, 3.52845245288e-06, 2.73744240076e-06, 1.42295107253e-06, 1.69141617334e-06, 2.01936768462e-06, 1.68026929259e-06, 1.89518095794e-06, 1.81306666036e-06, 1.90079947515e-06, 1.99316218641e-06, 1.6521098587e-06, 9.98279233499e-07, 7.52177925278e-07, 5.03722844769e-07, 4.3204170197e-07, 3.80199310257e-07, 3.08018940132e-07, 1.91512327774e-07, 1.25987284605e-07, 1.12058970103e-07, 7.15704047138e-08, 4.76376662562e-08, 2.90180111051e-08, 1.88776159149e-08, 8.8823028932e-09, 4.17477430403e-09, 2.07699657473e-09, 1.67373148674e-09, 1.59212876216e-09, 1.56430757237e-09, 1.49217072032e-09, 1.53770951528e-09, 1.24528209966e-09, 2.64267191463e-10, 4.18510538724e-11, 3.98574437344e-11, 3.81027050189e-11, 3.64465783942e-11, 3.49643682063e-11, 3.35109336114e-11, 3.21483673016e-11, 3.09636101481e-11, 2.97635180391e-11, 2.87148412687e-11, 2.77445288965e-11, 2.68987714047e-11, 2.59136306163e-11, 2.51108283472e-11, 2.44179364228e-11, 2.38371128392e-11, 2.32857691462e-11, 2.27877144238e-11, 2.23902563157e-11, 2.19353372272e-11, 2.14859068037e-11, 2.11989818061e-11, 2.10636941916e-11],
        "min": [3.46443901345e-10, 6.74992861605e-08, 2.75111702308e-08, 6.45187014925e-08, 6.25613196803e-08, 4.0499749332e-08, 3.24143130115e-08, 6.25262117637e-08, 7.21908506307e-08, 3.88531837814e-08, 3.43897283983e-08, 1.83488921834e-08, 2.01178895765e-08, 2.27026077937e-08, 5.05321970934e-08, 1.98576266541e-08, 5.8710270423e-08, 2.06744417142e-08, 2.02914556269e-08, 1.28011743428e-08, 3.2132728478e-08, 1.31678872251e-08, 5.20758591804e-09, 1.48790659793e-08, 1.05957713714e-08, 5.05191444233e-09, 6.04796213111e-09, 4.82028816862e-09, 2.80154477394e-09, 3.11556580534e-09, 3.88974097376e-09, 1.04722652772e-09, 1.28063382121e-09, 1.90327553717e-09, 3.92970322949e-09, 3.04628411385e-09, 2.60464294577e-09, 4.04905087237e-09, 1.51979862029e-09, 2.85745915818e-09, 2.48999931785e-09, 2.79436696005e-09, 7.18456227844e-09, 3.83288023542e-09, 2.67833888401e-09, 8.62051141581e-09, 8.83425066434e-09, 3.81609766009e-09, 4.98546093297e-09, 5.13838482874e-09, 4.45843051367e-09, 5.47088685465e-09, 6.0052207651e-09, 4.41073000346e-09, 3.87759779841e-09, 3.97727806245e-09, 5.1628297193e-09, 4.92015805875e-09, 7.18415016365e-09, 1.10797468977e-08, 7.60970930713e-09, 4.86617413031e-09, 6.27413454524e-09, 2.80695133803e-09, 2.2729211846e-09, 4.81371120742e-09, 8.08182765155e-09, 4.5614818589e-09, 2.88696089257e-09, 3.56344465047e-09, 2.32751395934e-09, 1.57633084363e-09, 1.5371794948e-09, 1.8623861342e-09, 1.66950009373e-09, 1.35020772341e-09, 5.82820458561e-10, 1.83635562312e-09, 1.63534286113e-09, 1.8121190104e-09, 1.47132239725e-09, 1.28421429046e-09, 1.18727416787e-09, 8.47075465327e-10, 1.13307541127e-09, 6.96116775334e-10, 6.69736321957e-10, 7.99935173657e-10, 4.33117958165e-10, 5.60180957176e-10, 4.42341219209e-10, 4.42718778304e-10, 4.70970151767e-10, 4.84626561104e-10, 4.51879506036e-10, 3.86240456285e-10, 4.08716227529e-10, 3.1628319408e-10, 1.40482292466e-10, 3.67639862997e-10, 3.28168381358e-10, 3.42876088633e-10, 3.76986331041e-10, 2.68376432189e-10, 8.05991558217e-12, 3.21142065848e-13, 1.37006495016e-13, 2.06460160925e-13, 1.63675090191e-13, 1.79218402271e-13, 1.68996666162e-13, 1.98096327211e-13, 1.70188787108e-13, 2.1961315958e-13, 1.9073996126e-13, 1.83517616251e-13, 1.72441000281e-13, 2.24577219885e-13, 1.93824543546e-13, 1.45493575412e-13, 1.58045112913e-13, 1.77485399966e-13, 2.07853360717e-13, 1.8387160826e-13, 1.32280430641e-13, 5.48031909295e-14, 6.73413215924e-15, 2.07208412572e-16],
        "stdev": [3.1382576708e-05, 0.000104263548565, 0.000242085166974, 0.000248302705586, 0.000170749015524, 6.09651760897e-05, 5.12995575264e-05, 0.000126586848637, 9.49649838731e-05, 0.000263870664639, 0.000307032314595, 0.000147425453179, 0.000252922269283, 0.000447154976428, 0.000396008079406, 0.00046346191084, 0.000616419303697, 0.00111553666648, 0.00115418992937, 0.000976432580501, 0.000952960457653, 0.00118182087317, 0.000742670556065, 0.00060527928872, 0.00103621720336, 0.00128127029166, 0.00074568198761, 0.0010547748534, 0.00119120941963, 0.000773612700868, 0.000205744479899, 0.000149272076669, 0.000294212048175, 0.000315328012221, 0.000150432882947, 0.000186353820027, 0.000158633250976, 0.000187766752788, 0.000189316575415, 0.000156091264216, 0.000179845286766, 0.000188530611922, 0.000242309819441, 0.000151115978952, 0.000129213032778, 6.48972418276e-05, 5.67685056012e-05, 6.49116191198e-05, 5.66460512346e-05, 6.67032363708e-05, 8.48140916787e-05, 9.53471389948e-05, 8.37967236293e-05, 9.5367358881e-05, 6.61949597998e-05, 5.60321459488e-05, 7.36367510399e-05, 0.000121609897178, 4.45898804173e-05, 5.59400832572e-05, 4.91325336043e-05, 5.69282383367e-05, 5.21125330124e-05, 3.76750758733e-05, 1.88320082088e-05, 1.93326395674e-05, 1.33565908982e-05, 1.24476882775e-05, 1.83180491149e-05, 2.97634733215e-06, 3.24762072523e-06, 1.21149314509e-05, 9.99795156531e-06, 4.79532900499e-06, 4.90983575219e-06, 5.14737348567e-06, 5.91354955759e-06, 6.37566790829e-06, 7.52132200432e-06, 8.3917630036e-06, 7.22431423128e-06, 7.01278804627e-06, 5.54941198061e-06, 3.56767532139e-06, 1.9285291728e-06, 1.67579059962e-06, 1.66155064107e-06, 1.38805876304e-06, 8.13076667328e-07, 6.41148744762e-07, 5.1958579661e-07, 3.22993741975e-07, 2.36364272155e-07, 1.40397361292e-07, 6.35894181755e-08, 2.45669617982e-08, 1.10140145893e-08, 1.15544507295e-08, 4.85603690592e-09, 5.0123230011e-09, 5.76900571758e-09, 3.6750342769e-09, 5.42546718663e-09, 2.37606867515e-09, 1.82581150199e-09, 1.72780489915e-09, 1.65345559466e-09, 1.58095114777e-09, 1.51124412984e-09, 1.44838796512e-09, 1.38714462139e-09, 1.32961186505e-09, 1.28041499625e-09, 1.23032373178e-09, 1.18565313123e-09, 1.1441013692e-09, 1.10733333614e-09, 1.07192787979e-09, 1.03879926883e-09, 1.00977137762e-09, 9.85919346164e-10, 9.62246282654e-10, 9.41280720035e-10, 9.25862220225e-10, 9.10976738489e-10, 8.99930852061e-10, 8.91947793402e-10, 8.86809903289e-10]
    },
    "mfcc": {
        "mean": [-735.849609375, 149.16003418, -48.0483016968, 38.3722686768, -16.2495346069, -0.611624062061, -18.6808547974, 4.46123600006, -7.79148721695, -1.72434282303, 2.97271966934, -0.417761981487, -0.304114580154],
        "cov": [[6777.24560547, -90.296546936, -2221.46972656, -125.360519409, -1312.3236084, 41.3106536865, -376.999359131, 609.374938965, -132.467605591, 24.6915950775, 86.2914581299, 176.670562744, -24.9369659424], [-90.296546936, 813.804321289, -119.004684448, -220.608230591, 230.679428101, -264.369628906, 32.0863876343, -64.3098983765, 6.4245595932, -15.068862915, 100.664642334, -29.9663105011, 90.1940994263], [-2221.46972656, -119.004684448, 1017.0760498, 170.198455811, 327.245117188, 108.464035034, 122.914100647, -154.97833252, 53.0973167419, -35.183265686, -62.8755722046, -19.3545875549, 21.0111045837], [-125.360519409, -220.608230591, 170.198455811, 349.777008057, 84.9099807739, 66.5568771362, -46.7174110413, -27.2365837097, 2.94576430321, -14.3644313812, -35.2705192566, -23.9680233002, 13.8532943726], [-1312.3236084, 230.679428101, 327.245117188, 84.9099807739, 621.409851074, -52.4282417297, -19.6420326233, -201.143936157, 4.95452404022, 70.9524154663, 29.5566539764, -75.3021392822, 49.1519203186], [41.3106536865, -264.369628906, 108.464035034, 66.5568771362, -52.4282417297, 268.472106934, 73.2631225586, 36.0045127869, 24.3048038483, 30.5185184479, -39.4289321899, 35.5446739197, -16.262966156], [-376.999359131, 32.0863876343, 122.914100647, -46.7174110413, -19.6420326233, 73.2631225586, 301.845153809, 92.5215377808, 44.9903182983, -16.5190696716, -15.2643375397, 38.7495002747, -25.4690647125], [609.374938965, -64.3098983765, -154.97833252, -27.2365837097, -201.143936157, 36.0045127869, 92.5215377808, 230.646286011, 34.7099227905, -13.126332283, 9.26489830017, 42.0836143494, -13.7763662338], [-132.467605591, 6.4245595932, 53.0973167419, 2.94576430321, 4.95452404022, 24.3048038483, 44.9903182983, 34.7099227905, 92.0363311768, 25.2110309601, 5.49447774887, 6.67543077469, 6.5106139183], [24.6915950775, -15.068862915, -35.183265686, -14.3644313812, 70.9524154663, 30.5185184479, -16.5190696716, -13.126332283, 25.2110309601, 128.401107788, 46.2183189392, 10.2199296951, 2.27516293526], [86.2914581299, 100.664642334, -62.8755722046, -35.2705192566, 29.5566539764, -39.4289321899, -15.2643375397, 9.26489830017, 5.49447774887, 46.2183189392, 115.704116821, 30.337310791, 1.5539046526], [176.670562744, -29.9663105011, -19.3545875549, -23.9680233002, -75.3021392822, 35.5446739197, 38.7495002747, 42.0836143494, 6.67543077469, 10.2199296951, 30.337310791, 94.9844894409, 10.153002739], [-24.9369659424, 90.1940994263, 21.0111045837, 13.8532943726, 49.1519203186, -16.262966156, -25.4690647125, -13.7763662338, 6.5106139183, 2.27516293526, 1.5539046526, 10.153002739, 100.50718689]],
        "icov": [[0.0033546150662, -0.00361562869512, 0.00521856639534, -0.0037234001793, 0.0042191692628, -0.00423852819949, 0.00454508094117, -0.00434540119022, 0.00316691095941, -0.00251018535346, 0.00242504198104, -0.00313497637399, 0.00143704446964], [-0.00361562869512, 0.00773026421666, -0.00491846166551, 0.0058915312402, -0.00589017383754, 0.00676621403545, -0.00647071795538, 0.00553439371288, -0.00448402250186, 0.00477419467643, -0.0052321436815, 0.00461209286004, -0.00472636567429], [0.00521856639534, -0.00491846166551, 0.0100006461143, -0.00595745211467, 0.00556626357138, -0.0067801354453, 0.00604960368946, -0.00542472489178, 0.00354097224772, -0.00236222008243, 0.0036135641858, -0.00516864517704, 0.0016996486811], [-0.0037234001793, 0.0058915312402, -0.00595745211467, 0.00874373782426, -0.00594357447699, 0.00462943734601, -0.00453761313111, 0.00442721508443, -0.00410638796166, 0.0045913932845, -0.00355376233347, 0.00450381496921, -0.00329584418796], [0.0042191692628, -0.00589017383754, 0.00556626357138, -0.00594357447699, 0.00932315550745, -0.00538594415411, 0.00517448037863, -0.00359044293873, 0.00472003687173, -0.00593995349482, 0.00255657033995, -0.00183850189205, 0.00135132716969], [-0.00423852819949, 0.00676621403545, -0.0067801354453, 0.00462943734601, -0.00538594415411, 0.0123723922297, -0.00753861991689, 0.00566054601222, -0.00446444936097, 0.00127868168056, -0.00177540455479, 0.00251606130041, -0.00280926865526], [0.00454508094117, -0.00647071795538, 0.00604960368946, -0.00453761313111, 0.00517448037863, -0.00753861991689, 0.0122787663713, -0.00889930222183, 0.00336101325229, -0.00300852558576, 0.0053145242855, -0.00668205600232, 0.00487978151068], [-0.00434540119022, 0.00553439371288, -0.00542472489178, 0.00442721508443, -0.00359044293873, 0.00566054601222, -0.00889930222183, 0.0143614979461, -0.00699829729274, 0.00439794361591, -0.00511562544852, 0.00412907684222, -0.00311989849433], [0.00316691095941, -0.00448402250186, 0.00354097224772, -0.00410638796166, 0.00472003687173, -0.00446444936097, 0.00336101325229, -0.00699829729274, 0.0175288431346, -0.00678583746776, 0.00287392502651, -0.00196889624931, 0.000669795670547], [-0.00251018535346, 0.00477419467643, -0.00236222008243, 0.0045913932845, -0.00593995349482, 0.00127868168056, -0.00300852558576, 0.00439794361591, -0.00678583746776, 0.0156072014943, -0.00746177555993, 0.00235209567472, -0.00212989677675], [0.00242504198104, -0.0052321436815, 0.0036135641858, -0.00355376233347, 0.00255657033995, -0.00177540455479, 0.0053145242855, -0.00511562544852, 0.00287392502651, -0.00746177555993, 0.0172456167638, -0.00894801411778, 0.00475938571617], [-0.00313497637399, 0.00461209286004, -0.00516864517704, 0.00450381496921, -0.00183850189205, 0.00251606130041, -0.00668205600232, 0.00412907684222, -0.00196889624931, 0.00235209567472, -0.00894801411778, 0.0197863150388, -0.00606414815411], [0.00143704446964, -0.00472636567429, 0.0016996486811, -0.00329584418796, 0.00135132716969, -0.00280926865526, 0.00487978151068, -0.00311989849433, 0.000669795670547, -0.00212989677675, 0.00475938571617, -0.00606414815411, 0.014883778058]]
    },
    "spectral_contrast_coeffs": {
        "max": [-0.435947299004, -0.459592729807, -0.467590451241, -0.590232133865, -0.535362005234, -0.434060633183],
        "mean": [-0.709520816803, -0.702326595783, -0.741482973099, -0.76461827755, -0.7516913414, -0.697769999504],
        "min": [-0.88672542572, -0.922141194344, -0.909543931484, -0.908812880516, -0.893759131432, -0.948615014553],
        "stdev": [0.0757233500481, 0.0938740521669, 0.0795413702726, 0.0626979619265, 0.0671749189496, 0.084621630609]
    },
    "spectral_contrast_valleys": {
        "max": [-6.41572618484, -5.64935970306, -5.76237249374, -5.91128253937, -6.47384643555, -9.911277771],
        "mean": [-8.05338478088, -7.48716306686, -8.28364467621, -8.33034324646, -8.32477092743, -12.3070831299],
        "min": [-9.96539115906, -10.020116806, -10.8964471817, -10.6754865646, -10.3375072479, -12.8775463104],
        "stdev": [0.571014106274, 0.777613043785, 0.942918181419, 0.869748830795, 0.832561254501, 0.266903758049]
    }
},
"rhythm": {
    "beats_count": 126,
    "beats_loudness": {
        "max": 0.12452891469,
        "mean": 0.0141177792102,
        "min": 0.000126025814097,
        "stdev": 0.0181235484779
    },
    "bpm": 152.875320435,
    "bpm_histogram_first_peak_bpm": 152,
    "bpm_histogram_first_peak_weight": 0.148148179054,
    "bpm_histogram_second_peak_bpm": 172,
    "bpm_histogram_second_peak_spread": 0,
    "bpm_histogram_second_peak_weight": 0.12800000608,
    "danceability": 0.980221807957,
    "onset_rate": 2.4609375,
    "beats_loudness_band_ratio": {
        "max": [0.839678287506, 0.807862520218, 0.820772469044, 0.88133919239, 0.605428278446, 0.799888670444],
        "mean": [0.13501906395, 0.220926329494, 0.340310752392, 0.165190905333, 0.141618013382, 0.0522756837308],
        "min": [0.00143747089896, 0.00900295283645, 0.00640627322719, 0.00138456886634, 0.00779386237264, 0.00160056899767],
        "stdev": [0.173210531473, 0.209586575627, 0.213859319687, 0.152992412448, 0.118180915713, 0.0956456959248]
    },
