{
"metadata": {
    "version": {
        "essentia": "2.1-beta5",
        "essentia_git_sha": "Undefined",
        "extractor": "music 2.0"
    },
    "audio_properties": {
        "analysis": {
            "equal_loudness": 0,
            "length": 32.4963264465,
            "sample_rate": 44100,
            "start_time": 207.737319946,
            "downmix": "mix"
        },
        "bit_rate": 192000,
        "length": 272.834472656,
        "lossless": 0,
        "number_channels": 2,
        "replay_gain": 4.77940177917,
        "sample_rate": 48000,
        "codec": "mp3",
        "md5_encoded": "2c12092b1e478d477032a3a91f223e06"
    },
    "tags": {
        "file_name": "France_Tom Pillibi_Jacqueline Boyer.mp3",
        "encoding": ["Lavf58.29.100"]
    }
},
"lowlevel": {
    "average_loudness": 0.869012475014,
    "barkbands_crest": {
        "max": 26.7590751648,
        "mean": 9.11590957642,
        "min": 2.91341471672,
        "stdev": 5.5539522171
    },
    "barkbands_flatness_db": {
        "max": 0.505491018295,
        "mean": 0.260920524597,
        "min": 0.0643711909652,
        "stdev": 0.0635140016675
    },
    "barkbands_kurtosis": {
        "max": 582.291564941,
        "mean": 7.89182472229,
        "min": -1.78545725346,
        "stdev": 39.2812232971
    },
    "barkbands_skewness": {
        "max": 20.1217517853,
        "mean": 0.820921957493,
        "min": -2.50319957733,
        "stdev": 1.96316838264
    },
    "barkbands_spread": {
        "max": 35.1208114624,
        "mean": 8.5039358139,
        "min": 0.12639978528,
        "stdev": 4.26148176193
    },
    "dissonance": {
        "max": 0.499996930361,
        "mean": 0.452589452267,
        "min": 0.144908130169,
        "stdev": 0.0586225353181
    },
    "dynamic_complexity": 4.44317340851,
    "erbbands_crest": {
        "max": 33.0968704224,
        "mean": 10.1638612747,
        "min": 3.05226612091,
        "stdev": 6.19388103485
    },
    "erbbands_flatness_db": {
        "max": 0.511702895164,
        "mean": 0.338132292032,
        "min": 0.125677332282,
        "stdev": 0.0691414251924
    },
    "erbbands_kurtosis": {
        "max": 166.257553101,
        "mean": 3.4248213768,
        "min": -1.80153882504,
        "stdev": 16.2624969482
    },
    "erbbands_skewness": {
        "max": 9.3933763504,
        "mean": 0.425233721733,
        "min": -4.74547338486,
        "stdev": 1.42626965046
    },
    "erbbands_spread": {
        "max": 54.4551353455,
        "mean": 13.9040584564,
        "min": 0.428415447474,
        "stdev": 8.04610538483
    },
    "hfc": {
        "max": 97.8125839233,
        "mean": 24.0993461609,
        "min": 0.0327997691929,
        "stdev": 17.5149402618
    },
    "loudness_ebu128": {
        "integrated": -28.1056938171,
        "loudness_range": 8.50029182434,
        "momentary": {
            "max": -24.895149231,
            "mean": -30.626958847,
            "min": -51.3362579346,
            "stdev": 5.59148645401
        },
        "short_term": {
            "max": -26.4511833191,
            "mean": -29.4274539948,
            "min": -38.6838989258,
            "stdev": 3.33142638206
        }
    },
    "melbands_crest": {
        "max": 34.2407798767,
        "mean": 10.5862865448,
        "min": 3.13736915588,
        "stdev": 6.3421998024
    },
    "melbands_flatness_db": {
        "max": 0.590765297413,
        "mean": 0.321212261915,
        "min": 0.1088559255,
        "stdev": 0.0650819316506
    },
    "melbands_kurtosis": {
        "max": 206.24822998,
        "mean": 6.48341846466,
        "min": -1.93506622314,
        "stdev": 20.7977581024
    },
    "melbands_skewness": {
        "max": 11.2808275223,
        "mean": 0.94929343462,
        "min": -1.78643226624,
        "stdev": 1.43343603611
    },
    "melbands_spread": {
        "max": 60.3375663757,
        "mean": 15.7046232224,
        "min": 0.29202362895,
        "stdev": 8.21742153168
    },
    "pitch_salience": {
        "max": 0.87736004591,
        "mean": 0.677307665348,
        "min": 0.051963429898,
        "stdev": 0.171840891242
    },
    "silence_rate_20dB": {
        "max": 1,
        "mean": 1,
        "min": 1,
        "stdev": 0
    },
    "silence_rate_30dB": {
        "max": 1,
        "mean": 0.996431112289,
        "min": 0,
        "stdev": 0.0596343390644
    },
    "silence_rate_60dB": {
        "max": 1,
        "mean": 0.181299075484,
        "min": 0,
        "stdev": 0.385264694691
    },
    "spectral_centroid": {
        "max": 2175.57250977,
        "mean": 1057.15795898,
        "min": 211.723754883,
        "stdev": 429.884185791
    },
    "spectral_complexity": {
        "max": 41,
        "mean": 19.9600276947,
        "min": 0,
        "stdev": 12.5509414673
    },
    "spectral_decrease": {
        "max": -9.46886579561e-12,
        "mean": -5.85401238595e-09,
        "min": -3.63237937506e-08,
        "stdev": 4.53712134529e-09
    },
    "spectral_energy": {
        "max": 0.142482563853,
        "mean": 0.0242802537978,
        "min": 3.91250941902e-05,
        "stdev": 0.0184083431959
    },
    "spectral_energyband_high": {
        "max": 7.39254319342e-05,
        "mean": 8.22316997073e-06,
        "min": 1.02951176473e-07,
        "stdev": 9.56677195063e-06
    },
    "spectral_energyband_low": {
        "max": 0.0376654751599,
        "mean": 0.0003630440915,
        "min": 2.87850298264e-06,
        "stdev": 0.00152876682114
    },
    "spectral_energyband_middle_high": {
        "max": 0.0559550188482,
        "mean": 0.0132888508961,
        "min": 4.00240196541e-06,
        "stdev": 0.0117272147909
    },
    "spectral_energyband_middle_low": {
        "max": 0.142117515206,
        "mean": 0.0110464859754,
        "min": 1.57146168931e-05,
        "stdev": 0.0146708376706
    },
    "spectral_entropy": {
        "max": 7.99531984329,
        "mean": 6.8223233223,
        "min": 3.95558452606,
        "stdev": 0.615041017532
    },
    "spectral_flux": {
        "max": 0.339298695326,
        "mean": 0.0817357823253,
        "min": 0.00330131105147,
        "stdev": 0.0423019714653
    },
    "spectral_kurtosis": {
        "max": 107.468391418,
        "mean": 23.6037368774,
        "min": 1.55288696289,
        "stdev": 15.9673461914
    },
    "spectral_rms": {
        "max": 0.0117901386693,
        "mean": 0.00438527716324,
        "min": 0.000195373548195,
        "stdev": 0.00211126008071
    },
    "spectral_rolloff": {
        "max": 2842.3828125,
        "mean": 1331.8918457,
        "min": 193.798828125,
        "stdev": 603.659912109
    },
    "spectral_skewness": {
        "max": 8.06503295898,
        "mean": 2.55764889717,
        "min": 0.626333415508,
        "stdev": 1.14537847042
    },
    "spectral_spread": {
        "max": 4549794,
        "mean": 1447688.25,
        "min": 763108.9375,
        "stdev": 645082
    },
    "spectral_strongpeak": {
        "max": 13.333779335,
        "mean": 1.60264098644,
        "min": 0.00322534702718,
        "stdev": 1.75809395313
    },
    "zerocrossingrate": {
        "max": 0.09033203125,
        "mean": 0.0469318106771,
        "min": 0.00341796875,
        "stdev": 0.0174209941179
    },
    "barkbands": {
        "max": [4.47770071332e-05, 0.000792777340394, 0.0176092647016, 0.0326289534569, 0.0243704207242, 0.113099701703, 0.122861288488, 0.0271598659456, 0.0456368587911, 0.0507879666984, 0.0321063734591, 0.0372778847814, 0.0236587710679, 0.0180956739932, 0.0490182451904, 0.0171989686787, 0.00346962781623, 0.00321238185279, 0.000557860010304, 0.00013722141739, 3.78402146453e-05, 3.21818265547e-06, 2.68978783424e-06, 2.71208068625e-06, 2.51346841651e-06, 2.52038967119e-06, 2.69322890745e-06],
        "mean": [6.12293479207e-06, 4.2672494601e-05, 0.000125618753373, 0.000386950501706, 0.000868890492711, 0.00179148651659, 0.00311863538809, 0.00110546674114, 0.00329988333397, 0.00264564342797, 0.00189497007523, 0.00180081720464, 0.002126008505, 0.00163466681261, 0.00165720807854, 0.00103157828562, 0.000471584877232, 0.000175641398528, 7.24867495592e-05, 2.25733492698e-05, 1.06441905245e-06, 1.66499418697e-07, 8.94505589599e-08, 4.90907190454e-08, 2.21216875929e-08, 5.34799760032e-09, 4.02274169531e-09],
        "min": [2.52540246493e-08, 4.04971274293e-07, 2.31405039131e-07, 1.21919740081e-07, 3.77933520213e-06, 1.02962417259e-06, 5.52306232748e-07, 5.2156417496e-07, 9.29553834794e-07, 4.56780611557e-07, 1.00905225509e-07, 4.80348319343e-07, 4.62273817448e-07, 3.20460571857e-07, 1.34982911959e-07, 1.23779457795e-07, 2.6146560117e-07, 1.2090551138e-07, 2.02547909112e-07, 1.39033261348e-07, 1.22391219382e-09, 4.80394612978e-09, 6.03223737627e-09, 1.07090061263e-08, 1.03988471167e-08, 7.10982606122e-10, 5.89682358498e-10],
        "stdev": [5.84471990805e-06, 5.53402969672e-05, 0.000670245033689, 0.00159837049432, 0.00165407708846, 0.00729388836771, 0.0107129206881, 0.0015787712764, 0.00613266322762, 0.00646009808406, 0.00380179728381, 0.00235739955679, 0.00267737149261, 0.0019887574017, 0.00262779230252, 0.00135145895183, 0.000547430478036, 0.00021289367578, 7.44369463064e-05, 2.4564911655e-05, 2.46891045208e-06, 2.92460441642e-07, 1.6073393283e-07, 9.19138898325e-08, 6.67426718337e-08, 6.72392985734e-08, 7.18887420703e-08]
    },
    "erbbands": {
        "max": [0.00910247117281, 0.228096619248, 11.5380725861, 83.8849258423, 51.7778625488, 136.386306763, 335.978118896, 1213.54577637, 2206.5625, 1021.14849854, 527.053894043, 1367.68103027, 1231.17797852, 1653.92492676, 1036.91113281, 869.9921875, 1203.7668457, 894.840454102, 2997.20166016, 1199.20483398, 984.552429199, 225.231933594, 182.901077271, 33.640586853, 20.8052558899, 7.26829147339, 3.19609236717, 0.277481913567, 0.116684377193, 0.0947036743164, 0.0745036229491, 0.0598350167274, 0.042892858386, 0.0282981805503, 0.0177540890872, 0.0100625129417, 0.0046840463765, 0.00167324172799, 0.000388189888326, 0.00015909128706],
        "mean": [0.000867987924721, 0.0123048843816, 0.105140008032, 0.814559102058, 1.59312283993, 3.1133711338, 7.11644506454, 18.4339637756, 45.9319877625, 29.622543335, 34.3192596436, 75.7168655396, 72.5779724121, 87.1066207886, 74.4085388184, 75.9070053101, 96.9793319702, 87.3163986206, 85.8535690308, 79.1181564331, 48.621471405, 26.22407341, 11.6732006073, 5.3925538063, 2.62643122673, 1.08882713318, 0.174151197076, 0.0150738144293, 0.00512179080397, 0.00584283098578, 0.00265612709336, 0.00142017821781, 0.000611312163528, 0.000332050316501, 0.000144972116686, 5.35623075848e-05, 1.70556595549e-05, 6.375502835e-06, 1.38986843012e-05, 2.91488995572e-05],
        "min": [1.48081344378e-05, 9.86755258054e-05, 0.000456204375951, 0.00235501420684, 0.00429928628728, 0.00963261257857, 0.0166219230741, 0.00888537336141, 0.00947871431708, 0.00781563669443, 0.0155543107539, 0.0227803420275, 0.0229393951595, 0.0151308625937, 0.00728277442977, 0.0191802158952, 0.0238370317966, 0.01633044146, 0.0163716543466, 0.00708275940269, 0.00787341501564, 0.0137312104926, 0.00514198187739, 0.0109984893352, 0.0117557514459, 0.00626757834107, 0.00159887981135, 0.000609047187027, 0.000393805443309, 0.000359398691216, 0.000213504637941, 0.00029786414234, 0.000212039769394, 0.000138124712976, 6.43221210339e-05, 1.57273516379e-05, 1.74737044745e-06, 7.36643301025e-07, 2.04530110182e-07, 5.82636410229e-08],
        "stdev": [0.000953834096435, 0.0174419619143, 0.458955854177, 3.5545334816, 3.63671898842, 6.35638332367, 22.6258869171, 73.1295547485, 168.505950928, 74.8066711426, 47.5979728699, 149.365432739, 140.876800537, 172.483718872, 108.699874878, 85.8718643188, 123.473068237, 102.775352478, 144.097351074, 95.3792877197, 60.4542236328, 29.6894798279, 13.6814918518, 5.50792217255, 2.62101554871, 1.18981778622, 0.24873316288, 0.0209274273366, 0.00828423257917, 0.00953766983002, 0.0046643204987, 0.00254720100202, 0.00117218878586, 0.000750761653762, 0.000471471314086, 0.000267919618636, 0.000125001388369, 4.46524536528e-05, 1.39281346492e-05, 2.15564159589e-05]
    },
    "gfcc": {
        "mean": [-127.225151062, 189.307098389, -191.327819824, -30.4511947632, -25.5317516327, -31.91264534, -33.6015548706, -3.25933098793, -18.4753684998, -14.1229467392, 0.423158168793, -20.53125, 1.26628029346],
        "cov": [[3151.68896484, 940.79901123, -1964.28662109, -1512.82177734, 1421.91003418, -488.83026123, 346.843017578, 459.259246826, -115.798088074, 132.720779419, 301.453674316, -337.540008545, 170.124160767], [940.79901123, 473.703308105, -391.202178955, -457.724121094, 352.519622803, -181.845977783, 54.5447044373, 98.6052246094, -35.5722084045, -7.18083000183, 69.482635498, -132.083282471, 24.0859508514], [-1964.28662109, -391.202178955, 1772.94665527, 1043.15344238, -1145.25512695, 171.11958313, -266.720916748, -406.845458984, 117.607032776, -129.480697632, -198.629257202, 217.12046814, -150.393890381], [-1512.82177734, -457.724121094, 1043.15344238, 947.023132324, -699.646179199, 266.587738037, -143.720550537, -269.098571777, 56.5642967224, -57.5379905701, -172.798980713, 163.201812744, -120.229255676], [1421.91003418, 352.519622803, -1145.25512695, -699.646179199, 918.314025879, -102.756652832, 162.91998291, 279.343231201, -99.0881576538, 49.7105865479, 132.426208496, -157.294845581, 94.6070556641], [-488.83026123, -181.845977783, 171.11958313, 266.587738037, -102.756652832, 251.256622314, -3.59652757645, -53.4249000549, -5.78593301773, -27.0033397675, -70.4401321411, 40.8858718872, -40.6824874878], [346.843017578, 54.5447044373, -266.720916748, -143.720550537, 162.91998291, -3.59652757645, 131.022903442, 76.6545181274, -15.5505828857, 41.476234436, 26.3137054443, -36.9418258667, 29.1579265594], [459.259246826, 98.6052246094, -406.845458984, -269.098571777, 279.343231201, -53.4249000549, 76.6545181274, 162.69354248, 0.805439651012, 27.5675258636, 58.3172492981, -45.095954895, 40.9450645447], [-115.798088074, -35.5722084045, 117.607032776, 56.5642967224, -99.0881576538, -5.78593301773, -15.5505828857, 0.805439651012, 77.5107192993, 18.846118927, -0.302500516176, 28.3365039825, -9.37761878967], [132.720779419, -7.18083000183, -129.480697632, -57.5379905701, 49.7105865479, -27.0033397675, 41.476234436, 27.5675258636, 18.846118927, 81.6378936768, 37.5399589539, -16.5938491821, 13.0799446106], [301.453674316, 69.482635498, -198.629257202, -172.798980713, 132.426208496, -70.4401321411, 26.3137054443, 58.3172492981, -0.302500516176, 37.5399589539, 99.0536956787, 4.96779203415, 24.3337631226], [-337.540008545, -132.083282471, 217.12046814, 163.201812744, -157.294845581, 40.8858718872, -36.9418258667, -45.095954895, 28.3365039825, -16.5938491821, 4.96779203415, 121.23991394, 20.3214550018], [170.124160767, 24.0859508514, -150.393890381, -120.229255676, 94.6070556641, -40.6824874878, 29.1579265594, 40.9450645447, -9.37761878967, 13.0799446106, 24.3337631226, 20.3214550018, 90.1263885498]],
        "icov": [[0.00901817902923, -0.00657774833962, 0.00430062506348, 0.00123987998813, -0.00547244912013, 0.00724750990048, -0.0103619834408, 0.00867268815637, -0.00676207151264, 0.00382035784423, -0.00382479233667, 0.00110029277857, 0.00152028456796], [-0.00657774833962, 0.0122887408361, -0.00543585140258, 0.0018513854593, 0.000800710869953, -0.00304837035947, 0.00517822476104, -0.00303474417888, 0.00224389508367, 0.00187777157407, 0.000241681278567, 0.00474994629622, -0.00115729193203], [0.00430062506348, -0.00543585140258, 0.00820222310722, -0.00297911209054, 0.00209793867543, 0.00374382850714, -0.00384805072099, 0.00640257634223, -0.00580984400585, 0.00609086034819, -0.00330632878467, 0.000334290962201, 0.000200412599952], [0.00123987998813, 0.0018513854593, -0.00297911209054, 0.00819993298501, -0.00227003893815, -0.00073702953523, -0.00160825357307, 0.00208791322075, 0.00122913287487, -0.00410136720166, 0.00552243180573, -0.00455938465893, 0.00501440884545], [-0.00547244912013, 0.000800710869953, 0.00209793867543, -0.00227003893815, 0.0117211630568, -0.00636717816815, 0.00792908016592, -0.00877970829606, 0.0066916695796, -0.000784141710028, 0.000108735097456, 0.000170185929164, -0.00242371880449], [0.00724750990048, -0.00304837035947, 0.00374382850714, -0.00073702953523, -0.00636717816815, 0.0145095745102, -0.011158907786, 0.00804617349058, -0.00533390650526, 0.00508400518447, 0.000382234778954, -0.00123931257986, 0.00446965033188], [-0.0103619834408, 0.00517822476104, -0.00384805072099, -0.00160825357307, 0.00792908016592, -0.011158907786, 0.0268242303282, -0.0164097994566, 0.0123474793509, -0.01263466198, 0.00712192291394, -0.00239527272061, -0.00323896366172], [0.00867268815637, -0.00303474417888, 0.00640257634223, 0.00208791322075, -0.00877970829606, 0.00804617349058, -0.0164097994566, 0.0318244174123, -0.0196705367416, 0.0134112015367, -0.00988064426929, 0.00632525514811, -0.0011428904254], [-0.00676207151264, 0.00224389508367, -0.00580984400585, 0.00122913287487, 0.0066916695796, -0.00533390650526, 0.0123474793509, -0.0196705367416, 0.0322773531079, -0.0187208577991, 0.0115581024438, -0.0121768545359, 0.00531940348446], [0.00382035784423, 0.00187777157407, 0.00609086034819, -0.00410136720166, -0.000784141710028, 0.00508400518447, -0.01263466198, 0.0134112015367, -0.0187208577991, 0.0352721139789, -0.0202337130904, 0.016963686794, -0.00733663793653], [-0.00382479233667, 0.000241681278567, -0.00330632878467, 0.00552243180573, 0.000108735097456, 0.000382234778954, 0.00712192291394, -0.00988064426929, 0.0115581024438, -0.0202337130904, 0.0347329974174, -0.0221282802522, 0.0109987612814], [0.00110029277857, 0.00474994629622, 0.000334290962201, -0.00455938465893, 0.000170185929164, -0.00123931257986, -0.00239527272061, 0.00632525514811, -0.0121768545359, 0.016963686794, -0.0221282802522, 0.0332017615438, -0.0169481225312], [0.00152028456796, -0.00115729193203, 0.000200412599952, 0.00501440884545, -0.00242371880449, 0.00446965033188, -0.00323896366172, -0.0011428904254, 0.00531940348446, -0.00733663793653, 0.0109987612814, -0.0169481225312, 0.0241577066481]]
    },
    "melbands": {
        "max": [0.000144338715472, 0.00510667357594, 0.0125533621758, 0.00585254468024, 0.00950662977993, 0.0256423037499, 0.0292266979814, 0.00907202344388, 0.00455219391733, 0.00867860019207, 0.00679119070992, 0.00681208726019, 0.00470654992387, 0.00525994133204, 0.00212485180236, 0.00297401193529, 0.00194861390628, 0.00452601769939, 0.00186363467947, 0.00137567252386, 0.0012232218869, 0.000249750679359, 0.00042981831939, 4.47915954283e-05, 2.8081369237e-05, 2.87230304821e-05, 8.35875198391e-06, 4.2731112444e-06, 2.45453293246e-06, 4.16394016156e-07, 1.30685606337e-07, 6.76335787375e-08, 5.79164165515e-08, 5.02346644282e-08, 4.35572644619e-08, 3.89319190219e-08, 3.57035716547e-08, 3.05188443406e-08, 2.68629385403e-08, 2.29121628337e-08],
        "mean": [1.0404159184e-05, 5.00141795783e-05, 0.000160910261911, 0.000163619828527, 0.000234640727285, 0.000425757287303, 0.000678307143971, 0.000289012677968, 0.000328168447595, 0.000475921173347, 0.000367596046999, 0.000365958490875, 0.000259843887761, 0.000201390881557, 0.000216939253733, 0.000198609952349, 0.000156695445185, 0.000135774462251, 0.000123698555399, 8.55919279275e-05, 5.06145552208e-05, 2.91585147352e-05, 1.49903171405e-05, 7.21388778402e-06, 4.06774324802e-06, 2.38270968111e-06, 1.25395274608e-06, 5.73317208818e-07, 1.26736352968e-07, 1.39082452222e-08, 3.92468502142e-09, 2.43566211644e-09, 3.23757531895e-09, 2.80315948231e-09, 1.48704804026e-09, 1.17070775296e-09, 6.88545942484e-10, 4.0710140814e-10, 3.44384326612e-10, 2.20488849401e-10],
        "min": [1.82566196827e-07, 2.55532057736e-07, 5.24472341112e-07, 5.43437920442e-07, 6.35864410015e-07, 1.96887555148e-07, 1.45381889638e-07, 8.31288886616e-08, 1.09581961283e-07, 1.3082947703e-07, 9.2958003961e-08, 6.13484942846e-08, 1.70969887137e-08, 4.3915772352e-08, 3.76947326686e-08, 4.34154543427e-08, 2.13700399598e-08, 3.00772526884e-08, 7.03430691473e-09, 8.77339978445e-09, 9.63842250457e-09, 1.70190688209e-08, 4.41244418781e-09, 7.06678449092e-09, 7.53426654398e-09, 7.0447705447e-09, 6.91426071953e-09, 2.2112578435e-09, 4.8572937339e-11, 1.35922384459e-11, 6.28067129554e-12, 4.65460760213e-11, 5.83241441254e-11, 1.05344795387e-10, 6.92683618797e-11, 7.46444364652e-11, 1.12994155699e-10, 9.77975200822e-11, 1.09753074684e-10, 7.03504754451e-11],
        "stdev": [1.20831837194e-05, 0.000204904863494, 0.000579751096666, 0.000305608293274, 0.00069629191421, 0.00161801103968, 0.00238797836937, 0.000668375636451, 0.000548005686142, 0.000936237513088, 0.000784157542512, 0.000772511644755, 0.000473961990792, 0.000286471477011, 0.000265448034042, 0.000248044059845, 0.000195516360691, 0.0002298928448, 0.00017520916299, 0.000111456683953, 6.74889743095e-05, 3.43396895914e-05, 2.06274689845e-05, 8.25277402328e-06, 4.3837458179e-06, 2.58046839008e-06, 1.34812694341e-06, 6.76809975175e-07, 2.10295596048e-07, 3.66464902868e-08, 9.17825015989e-09, 5.18065546018e-09, 5.89494719705e-09, 4.80074291431e-09, 2.94855806438e-09, 2.25847585078e-09, 1.36421107744e-09, 8.59169568823e-10, 7.15526971007e-10, 6.09340522484e-10]
    },
    "melbands128": {
        "max": [2.4119635782e-05, 4.93316656502e-05, 0.00018422777066, 0.000473980675451, 0.00179855444003, 0.0113779362291, 0.0201667323709, 0.0125324837863, 0.00454944977537, 0.00488066812977, 0.010532092303, 0.00756775354967, 0.00687416736037, 0.0330911949277, 0.0287374313921, 0.0534900985658, 0.0552869923413, 0.0472238361835, 0.0369390808046, 0.0121888862923, 0.0116932196543, 0.00436716061085, 0.00655279029161, 0.0146087640896, 0.0141103742644, 0.0148388603702, 0.00965972710401, 0.00679095322266, 0.0182590074837, 0.0161475725472, 0.0125473616645, 0.0108450306579, 0.00971443671733, 0.00283222948201, 0.0117540629581, 0.00396733032539, 0.00306061422452, 0.00284058763646, 0.0061890524812, 0.00562855321914, 0.00317791709676, 0.00189299858175, 0.00268217618577, 0.00329640926793, 0.00351281790063, 0.0103763947263, 0.0094918962568, 0.00411009881645, 0.00227295653895, 0.00436365231872, 0.00187105080113, 0.00319932843558, 0.00303493090905, 0.000378279481083, 0.00030486434116, 0.000452079140814, 0.000275184749626, 0.000623217725661, 0.000465073884698, 9.27996370592e-05, 6.16207471467e-05, 5.77604332648e-05, 5.21664333064e-05, 4.73746258649e-05, 7.84034637036e-05, 6.27326808171e-05, 2.62438152276e-05, 1.56999867613e-05, 1.04295932033e-05, 1.69153099705e-05, 8.15863040771e-06, 3.61702564078e-06, 3.15015245178e-06, 3.98524935008e-06, 1.78007235263e-06, 8.71493114118e-07, 5.49528920146e-07, 1.39992266668e-07, 1.88966893688e-07, 2.61287766534e-07, 7.76794806256e-08, 6.61817125547e-08, 6.11687198671e-08, 6.36977190993e-08, 8.92072904435e-08, 5.19199829796e-08, 5.65299522748e-08, 4.90688201182e-08, 4.37518004048e-08, 3.9974896282e-08, 3.95783139595e-08, 3.93346937244e-08, 3.67537005275e-08, 3.54576350503e-08, 3.64958836485e-08, 3.12928953861e-08, 2.98891222883e-08, 2.75099356628e-08, 2.90941724046e-08, 2.46494877842e-08, 2.33262600347e-08, 2.27791581153e-08, 2.25851017888e-08, 2.0906078646e-08, 1.90386675314e-08, 2.0124582889e-08, 1.86869915098e-08, 1.74405911935e-08, 1.7676860864e-08, 1.67845488619e-08, 1.6134125147e-08, 1.5413107235e-08, 1.4816331273e-08, 1.42965648209e-08, 1.37160700575e-08, 1.33611797182e-08, 1.30557156197e-08, 1.27763639668e-08, 1.2157242324e-08, 1.18407479377e-08, 1.16239942116e-08, 1.12328910618e-08, 1.12632250193e-08, 1.09693143457e-08, 1.07706314978e-08, 1.06919921805e-08, 1.06120410237e-08, 1.05526964944e-08],
        "mean": [4.24480640504e-06, 5.05496791448e-06, 1.32002141982e-05, 2.01631792152e-05, 2.86223948933e-05, 7.57045054343e-05, 0.000165128003573, 0.000195190514205, 0.000144901438034, 0.000157878690516, 0.000167231046362, 0.000206816141144, 0.000203399176826, 0.000335646735039, 0.000370727910195, 0.000438131246483, 0.00077080266783, 0.000812614394818, 0.000461620016722, 0.00029379237094, 0.000213014573092, 0.000216320273466, 0.000271308381343, 0.000538468593732, 0.000544701120816, 0.000463171221782, 0.000322898238664, 0.000284609850496, 0.000506374286488, 0.000391239911551, 0.000311632116791, 0.000314048229484, 0.000273288373137, 0.000200633468921, 0.000220865986194, 0.000193148676772, 0.000185663913726, 0.000211344377021, 0.000250118406257, 0.000216493179323, 0.000183290831046, 0.000176649569767, 0.000163417556905, 0.000142196149682, 0.000137260736665, 0.000133227469632, 0.000136772519909, 0.00013020177721, 0.000114958151244, 0.000109429332952, 8.03123402875e-05, 6.43379462417e-05, 5.75642916374e-05, 4.34596877312e-05, 3.66632666555e-05, 2.94353721983e-05, 2.14659230551e-05, 1.74251563294e-05, 1.27879666252e-05, 9.42839960771e-06, 7.28257555238e-06, 5.33194133823e-06, 4.3657223614e-06, 3.73482112082e-06, 3.52541997017e-06, 2.38762390836e-06, 1.71396743553e-06, 1.43553472753e-06, 1.17204785965e-06, 9.92500872599e-07, 6.24104984581e-07, 3.49906315478e-07, 1.88959077718e-07, 9.94472415528e-08, 3.17627240065e-08, 1.20601244546e-08, 7.27603355344e-09, 4.09023170889e-09, 3.70897002e-09, 3.73709552193e-09, 2.12522199838e-09, 2.2439754499e-09, 2.11184714161e-09, 2.22075335898e-09, 6.20304385635e-09, 2.88530732639e-09, 2.06100758682e-09, 1.41253464481e-09, 1.41774969542e-09, 1.72015324207e-09, 9.24646303968e-10, 1.27719190779e-09, 1.06160213953e-09, 5.26713006543e-10, 6.51066922597e-10, 3.95320082225e-10, 3.74134306869e-10, 3.53933410357e-10, 3.52347040433e-10, 3.41807554483e-10, 2.9484675812e-10, 1.92630411622e-10, 1.41803901954e-10, 1.31042524054e-10, 1.35848610139e-10, 1.35726679895e-10, 1.33858563123e-10, 1.17654774812e-10, 3.83148547611e-11, 2.11045451948e-11, 2.06135351843e-11, 2.01436610447e-11, 1.97302365418e-11, 1.90964969532e-11, 1.85500208943e-11, 1.82569636492e-11, 1.93779072649e-11, 2.31851308985e-11, 3.66989806599e-11, 1.60420982054e-11, 1.44256351656e-11, 1.41029930789e-11, 1.40645628824e-11, 1.36429062492e-11, 1.27624976559e-11, 1.14418830313e-11, 1.07030417515e-11, 1.05520479507e-11],
        "min": [4.6285677513e-09, 4.36458726938e-08, 6.42426556396e-08, 5.26683230362e-08, 5.60686750362e-08, 9.81330501304e-08, 3.46782016436e-08, 6.98997126847e-08, 3.08572111862e-07, 1.84058507102e-07, 2.41531040501e-07, 3.17566048125e-07, 1.33430745564e-07, 2.14273626398e-07, 9.60124495464e-08, 4.36853611063e-08, 4.47117685098e-08, 8.52758645919e-08, 6.61528360979e-08, 3.2770309133e-08, 1.26284662727e-08, 4.61378206751e-08, 2.8388857487e-08, 4.39669847196e-08, 2.88289090378e-08, 4.11951290857e-08, 9.67264668361e-09, 2.39167690097e-08, 2.16685016596e-08, 2.49558915755e-08, 1.1476243067e-08, 1.02143440373e-08, 1.48185508309e-08, 1.82134076709e-08, 2.25154259681e-08, 2.02609307109e-08, 1.02039461325e-08, 1.59005288936e-08, 2.0006996948e-08, 1.67651386107e-08, 8.78335448817e-09, 2.19857430039e-08, 7.5681505507e-09, 1.42537883718e-08, 1.91308195951e-08, 1.32323156876e-08, 5.19357090667e-09, 5.56310597588e-09, 5.64827873362e-09, 1.20251888447e-08, 6.75622580104e-09, 4.31999236383e-09, 7.81881048795e-09, 7.1814607594e-09, 8.08188183044e-09, 1.27118120474e-08, 7.08123248927e-09, 6.58080656635e-09, 8.16494594158e-10, 5.799533076e-10, 6.14340889271e-09, 2.22029772345e-09, 4.61528548712e-09, 4.36451541574e-09, 3.64497809713e-09, 4.67395677717e-09, 6.55714482711e-10, 1.34967637067e-09, 1.31816679794e-09, 1.45510825611e-10, 1.65293487231e-10, 4.50606600644e-11, 3.19183984798e-11, 1.92845617947e-11, 1.20803662212e-11, 6.11053829064e-12, 5.41606950261e-12, 4.27451823937e-12, 4.0973205731e-12, 3.49427648275e-12, 3.82321474826e-12, 3.12076475772e-11, 2.58797670794e-11, 1.09947866783e-11, 2.89396163283e-11, 4.94729292255e-11, 4.94163980569e-11, 3.18553274037e-11, 5.58516947968e-11, 2.82383907924e-11, 2.93148838537e-11, 5.59264821953e-11, 3.48916798232e-11, 4.46354272987e-11, 4.16682070792e-11, 4.17411591402e-11, 2.07825250065e-11, 2.46683680427e-11, 5.74551586863e-11, 5.89906665183e-11, 5.88283102787e-11, 1.61287701944e-11, 1.47179299997e-11, 1.80440037911e-11, 9.5262617239e-12, 1.73978245005e-11, 2.1493100702e-11, 1.12942164301e-11, 2.42047159225e-12, 1.15900301509e-12, 1.12251213099e-12, 1.30598808677e-12, 1.81910172689e-12, 1.54264524332e-12, 1.38054585125e-12, 1.52814523188e-12, 1.87008416565e-12, 2.13806186297e-12, 2.23852186787e-12, 1.55986855377e-12, 1.26193088097e-12, 1.3531123921e-12, 1.35099050003e-12, 1.22004262162e-12, 1.05869783426e-12, 4.18908777024e-13, 4.51385314488e-14, 1.5892419674e-15],
        "stdev": [3.82244115826e-06, 5.93721006226e-06, 1.76055054908e-05, 2.93246266665e-05, 8.7927444838e-05, 0.000427989813033, 0.000816715124529, 0.000761308765505, 0.000330836453941, 0.000309900962748, 0.000422117824201, 0.000562735367566, 0.000579323794227, 0.00200454960577, 0.0018297751667, 0.00254434091039, 0.00352539657615, 0.00343786156736, 0.00210556737147, 0.000865525275003, 0.000441601150669, 0.000356559903594, 0.000477645400679, 0.00145240256097, 0.00141853257082, 0.00129645818379, 0.000785456388257, 0.00059369840892, 0.00200368720107, 0.00116038869601, 0.000947410822846, 0.000895687728189, 0.000738750211895, 0.000301207095617, 0.000497542088851, 0.000296440412058, 0.000281449902104, 0.000314936594805, 0.000468637736049, 0.00038226795732, 0.000278146093478, 0.000243398011662, 0.00025922752684, 0.000208760946407, 0.000196254783077, 0.000361711863661, 0.000416864611907, 0.000274395541055, 0.000184758289834, 0.000223954222747, 0.000125586549984, 0.00012094280828, 0.000112869158329, 5.73050856474e-05, 4.94452651765e-05, 4.08012456319e-05, 2.92196837108e-05, 2.8401529562e-05, 2.10490634345e-05, 1.27589964904e-05, 9.65031449596e-06, 6.92299863658e-06, 5.79008701607e-06, 5.07924323756e-06, 5.55928636459e-06, 3.4288830193e-06, 2.25043777391e-06, 1.86322017726e-06, 1.47665059558e-06, 1.50121377374e-06, 8.78522598668e-07, 5.1481168839e-07, 3.57364768888e-07, 2.61169049054e-07, 1.10016728172e-07, 5.20030951634e-08, 2.82998424694e-08, 1.08116307018e-08, 1.21176100265e-08, 1.38530049654e-08, 5.71002800598e-09, 5.93693805229e-09, 5.32233190853e-09, 5.78751091496e-09, 1.19898357909e-08, 5.49788436999e-09, 5.10868458647e-09, 3.65676999792e-09, 3.35000405194e-09, 4.35057412318e-09, 2.39834108129e-09, 2.99254421243e-09, 2.55740872923e-09, 1.33256350399e-09, 1.77579750904e-09, 9.30333643456e-10, 8.38001223968e-10, 7.46495087967e-10, 7.806863489e-10, 6.62975840893e-10, 6.26519613967e-10, 6.08834094251e-10, 6.02733474242e-10, 5.58128987471e-10, 5.08287245626e-10, 5.3700904834e-10, 4.98550034589e-10, 4.65350258327e-10, 4.71682581882e-10, 4.48120984764e-10, 4.3074510625e-10, 4.11486789087e-10, 3.95547317122e-10, 3.81671583227e-10, 3.66171037935e-10, 3.56688401038e-10, 3.48499062941e-10, 3.4096550583e-10, 3.24279741948e-10, 3.16103948572e-10, 3.10346776056e-10, 2.99903379908e-10, 3.00712815759e-10, 2.92867119445e-10, 2.87581791714e-10, 2.8551400133e-10, 2.83393919442e-10, 2.81811074476e-10]
    },
    "mfcc": {
        "mean": [-767.650085449, 244.999755859, -96.0313491821, -0.395096123219, 9.61796855927, -31.4932327271, -1.53032743931, -5.78716802597, -17.8594493866, 9.52801895142, -12.3155918121, -8.36640357971, 5.34832525253],
        "cov": [[2993.44702148, 1891.21032715, -2865.43334961, -845.996582031, 630.063354492, -866.158813477, 691.483154297, -9.30303001404, -99.986907959, 513.682495117, 3.26084184647, 64.0223388672, 254.115005493], [1891.21032715, 1457.6628418, -1734.07409668, -590.563049316, 437.143218994, -635.301940918, 397.005584717, -18.7570419312, -97.6366500854, 310.801391602, 9.19768333435, -29.732542038, 162.125732422], [-2865.43334961, -1734.07409668, 3317.61743164, 989.86706543, -804.331848145, 887.19921875, -821.851257324, -57.6873550415, 62.595615387, -569.155395508, 36.4642448425, -78.684425354, -317.951660156], [-845.996582031, -590.563049316, 989.86706543, 438.868438721, -250.254776001, 278.417358398, -223.02104187, -52.5394248962, 48.1791610718, -188.483810425, -7.41198587418, 20.5064258575, -108.178390503], [630.063354492, 437.143218994, -804.331848145, -250.254776001, 344.46105957, -189.237945557, 195.143280029, 68.528137207, -41.0396728516, 119.625778198, -12.4376440048, -1.2808753252, 85.9199295044], [-866.158813477, -635.301940918, 887.19921875, 278.417358398, -189.237945557, 409.479553223, -176.723953247, 17.7361125946, 55.3938522339, -164.610626221, 5.58814620972, -5.4536075592, -90.7969436646], [691.483154297, 397.005584717, -821.851257324, -223.02104187, 195.143280029, -176.723953247, 295.938934326, 18.9517498016, 1.02724504471, 150.752548218, -32.1227226257, 38.0100135803, 66.3603591919], [-9.30303001404, -18.7570419312, -57.6873550415, -52.5394248962, 68.528137207, 17.7361125946, 18.9517498016, 116.964981079, -3.53341937065, -1.61108577251, 12.5092134476, -15.5454950333, 22.2377510071], [-99.986907959, -97.6366500854, 62.595615387, 48.1791610718, -41.0396728516, 55.3938522339, 1.02724504471, -3.53341937065, 98.5658721924, -9.03552913666, -21.265165329, 7.30848407745, -19.5298118591], [513.682495117, 310.801391602, -569.155395508, -188.483810425, 119.625778198, -164.610626221, 150.752548218, -1.61108577251, -9.03552913666, 190.22517395, 15.1276035309, 0.4682982862, 54.2851066589], [3.26084184647, 9.19768333435, 36.4642448425, -7.41198587418, -12.4376440048, 5.58814620972, -32.1227226257, 12.5092134476, -21.265165329, 15.1276035309, 100.808044434, 3.41565322876, -2.22835016251], [64.0223388672, -29.732542038, -78.684425354, 20.5064258575, -1.2808753252, -5.4536075592, 38.0100135803, -15.5454950333, 7.30848407745, 0.4682982862, 3.41565322876, 95.3818664551, 4.46119594574], [254.115005493, 162.125732422, -317.951660156, -108.178390503, 85.9199295044, -90.7969436646, 66.3603591919, 22.2377510071, -19.5298118591, 54.2851066589, -2.22835016251, 4.46119594574, 101.69203186]],
        "icov": [[0.00859386567026, -0.00877943541855, 0.00767596857622, -0.00524033047259, 0.00642589759082, -0.00515339989215, 0.00381062156521, -0.00385167263448, 0.00380900059827, -0.0031081920024, 0.00157252734061, -0.00382106634788, 0.00186503946315], [-0.00877943541855, 0.0125722363591, -0.00787440501153, 0.00692491745576, -0.00801172107458, 0.00884945690632, -0.00579967303202, 0.00626024976373, -0.00396698713303, 0.00436108373106, -0.00334302987903, 0.00603894190863, -0.00170054938644], [0.00767596857622, -0.00787440501153, 0.011288497597, -0.00805026944727, 0.00911554787308, -0.00787687301636, 0.00827335286885, -0.00517583545297, 0.00582394935191, -0.00210652640089, 0.00231433100998, -0.00171340850648, 0.00347090931609], [-0.00524033047259, 0.00692491745576, -0.00805026944727, 0.013676200062, -0.00585591420531, 0.00500486651435, -0.00478714006022, 0.00648854207247, -0.00507116131485, 0.00425295950845, -0.00158976472449, -0.000274543941487, -0.000712591630872], [0.00642589759082, -0.00801172107458, 0.00911554787308, -0.00585591420531, 0.014730764553, -0.00687464047223, 0.0046792011708, -0.00803100783378, 0.00629521161318, -0.00220578396693, 0.00324696977623, -0.00206583598629, 0.00165363948327], [-0.00515339989215, 0.00884945690632, -0.00787687301636, 0.00500486651435, -0.00687464047223, 0.0146845374256, -0.00771500822157, 0.00340545200743, -0.00574327725917, 0.00433923304081, -0.00397422071546, 0.00362786813639, -0.000990788917989], [0.00381062156521, -0.00579967303202, 0.00827335286885, -0.00478714006022, 0.0046792011708, -0.00771500822157, 0.017917547375, -0.00515365600586, 0.00294474721886, -0.00591353187338, 0.00617853505537, -0.00543683161959, 0.00318811764009], [-0.00385167263448, 0.00626024976373, -0.00517583545297, 0.00648854207247, -0.00803100783378, 0.00340545200743, -0.00515365600586, 0.0162934884429, -0.00379347451963, 0.00449032243341, -0.00463521759957, 0.00426295120269, -0.00342425261624], [0.00380900059827, -0.00396698713303, 0.00582394935191, -0.00507116131485, 0.00629521161318, -0.00574327725917, 0.00294474721886, -0.00379347451963, 0.0158484037966, -0.00311470404267, 0.00418715272099, -0.00142083363608, 0.00294247199781], [-0.0031081920024, 0.00436108373106, -0.00210652640089, 0.00425295950845, -0.00220578396693, 0.00433923304081, -0.00591353187338, 0.00449032243341, -0.00311470404267, 0.0150071270764, -0.00527379103005, 0.00452712038532, -0.00155629566871], [0.00157252734061, -0.00334302987903, 0.00231433100998, -0.00158976472449, 0.00324696977623, -0.00397422071546, 0.00617853505537, -0.00463521759957, 0.00418715272099, -0.00527379103005, 0.0142382578924, -0.00413444684818, 0.00174773880281], [-0.00382106634788, 0.00603894190863, -0.00171340850648, -0.000274543941487, -0.00206583598629, 0.00362786813639, -0.00543683161959, 0.00426295120269, -0.00142083363608, 0.00452712038532, -0.00413444684818, 0.0169299785048, -0.00165121722966], [0.00186503946315, -0.00170054938644, 0.00347090931609, -0.000712591630872, 0.00165363948327, -0.000990788917989, 0.00318811764009, -0.00342425261624, 0.00294247199781, -0.00155629566871, 0.00174773880281, -0.00165121722966, 0.015871597454]]
    },
    "spectral_contrast_coeffs": {
        "max": [-0.319864958525, -0.329537600279, -0.422433704138, -0.530347406864, -0.468548506498, -0.723581433296],
        "mean": [-0.679874241352, -0.767877578735, -0.778026878834, -0.807423233986, -0.715212643147, -0.851148605347],
        "min": [-0.879896640778, -0.922898769379, -0.91089630127, -0.913263320923, -0.903971374035, -0.925694346428],
        "stdev": [0.0740897879004, 0.106960088015, 0.0888833478093, 0.0635692551732, 0.0813227444887, 0.0500598661602]
    },
    "spectral_contrast_valleys": {
        "max": [-5.94875907898, -4.60996818542, -4.9972782135, -5.38029098511, -7.14260673523, -10.5946760178],
        "mean": [-7.85340118408, -6.41136980057, -6.91253757477, -7.11342144012, -8.99444007874, -13.4417724609],
        "min": [-9.61291885376, -9.30679130554, -10.0833339691, -10.202829361, -11.1553726196, -14.0402259827],
        "stdev": [0.53387516737, 0.911667823792, 1.30255460739, 1.37458062172, 0.790809452534, 0.231125250459]
    }
},
"rhythm": {
    "beats_count": 63,
    "beats_loudness": {
        "max": 0.0658873319626,
        "mean": 0.0264620762318,
        "min": 0.000156934387633,
        "stdev": 0.0159354619682
    },
    "bpm": 112.800231934,
    "bpm_histogram_first_peak_bpm": 112,
    "bpm_histogram_first_peak_weight": 0.411764681339,
    "bpm_histogram_second_peak_bpm": 117,
    "bpm_histogram_second_peak_spread": 0.411764681339,
    "bpm_histogram_second_peak_weight": 0.161290317774,
    "danceability": 0.886872410774,
    "onset_rate": 1.35351550579,
    "beats_loudness_band_ratio": {
        "max": [0.806154727936, 0.987313508987, 0.852607488632, 0.76101398468, 0.509707689285, 0.0172789301723],
        "mean": [0.0790014192462, 0.179361537099, 0.291550755501, 0.339198887348, 0.150161758065, 0.00402364414185],
        "min": [0.000543741683941, 0.00096380681498, 0.00299403676763, 0.000378604367143, 0.000436799280578, 7.5947442383e-05],
        "stdev": [0.154880017042, 0.213987722993, 0.192704185843, 0.220363780856, 0.127409845591, 0.00323492102325]
    },
    "beats_position": [0.476009070873, 0.952018141747, 1.42802715302, 1.90403628349, 2.36843538284, 2.82122445107, 3.28562355042, 3.75002264977, 4.22603178024, 4.71365070343, 5.20126962662, 5.6888885498, 6.1648979187, 6.66412687302, 7.1517457962, 7.63936471939, 8.11537361145, 8.59138298035, 9.06739234924, 9.54340076447, 10.0078001022, 10.5186395645, 11.0294780731, 11.5403175354, 12.051156044, 12.5503854752, 13.0496139526, 13.572063446, 14.0945119858, 14.6053514481, 15.1161899567, 15.6038093567, 16.114648819, 16.6138763428, 17.1131057739, 17.600725174, 18.0999546051, 18.5991840363, 19.0868015289, 19.574420929, 20.062040329, 20.5380496979, 21.0604991913, 21.5945568085, 22.128616333, 22.6510658264, 23.1735134125, 23.6843528748, 24.195192337, 24.7060317993, 25.2400894165, 25.7857589722, 26.3314285278, 26.9351463318, 27.5388660431, 28.142583847, 28.6766433716, 29.2107028961, 29.7447605133, 30.2788200378, 30.8128795624, 31.3469390869, 31.8809967041],
