{
"metadata": {
    "version": {
        "essentia": "2.1-beta5",
        "essentia_git_sha": "Undefined",
        "extractor": "music 2.0"
    },
    "audio_properties": {
        "analysis": {
            "equal_loudness": 0,
            "length": 12.7477550507,
            "sample_rate": 44100,
            "start_time": 0,
            "downmix": "mix"
        },
        "bit_rate": 192000,
        "length": 177.14503479,
        "lossless": 0,
        "number_channels": 2,
        "replay_gain": 2.03157234192,
        "sample_rate": 44100,
        "codec": "mp3",
        "md5_encoded": "fbb4c74cd9c3e19c3e45ee298da8e952"
    },
    "tags": {
        "file_name": "Belgium_Si Tu Aimes Ma Musique_Stella.mp3",
        "encoding": ["Lavf58.29.100"]
    }
},
"lowlevel": {
    "average_loudness": 0.962973892689,
    "barkbands_crest": {
        "max": 22.8029022217,
        "mean": 9.20684242249,
        "min": 3.1129386425,
        "stdev": 4.13156890869
    },
    "barkbands_flatness_db": {
        "max": 0.248454630375,
        "mean": 0.166639387608,
        "min": 0.0538144446909,
        "stdev": 0.0263531245291
    },
    "barkbands_kurtosis": {
        "max": 30.4593353271,
        "mean": 2.07541942596,
        "min": -1.74389135838,
        "stdev": 4.91615152359
    },
    "barkbands_skewness": {
        "max": 5.30632448196,
        "mean": -0.0926480963826,
        "min": -3.11936545372,
        "stdev": 1.39560985565
    },
    "barkbands_spread": {
        "max": 82.5266723633,
        "mean": 16.9781112671,
        "min": 5.01673364639,
        "stdev": 7.59314918518
    },
    "dissonance": {
        "max": 0.499985486269,
        "mean": 0.478627830744,
        "min": 0.387475937605,
        "stdev": 0.0174899827689
    },
    "dynamic_complexity": 4.37904882431,
    "erbbands_crest": {
        "max": 23.8562908173,
        "mean": 9.81777858734,
        "min": 2.58804821968,
        "stdev": 3.65684223175
    },
    "erbbands_flatness_db": {
        "max": 0.34415525198,
        "mean": 0.256432205439,
        "min": 0.0850513651967,
        "stdev": 0.0541078932583
    },
    "erbbands_kurtosis": {
        "max": 8.63894557953,
        "mean": 0.569712460041,
        "min": -1.54266953468,
        "stdev": 1.4780100584
    },
    "erbbands_skewness": {
        "max": 2.00012922287,
        "mean": -0.0814428851008,
        "min": -1.89944005013,
        "stdev": 0.680025219917
    },
    "erbbands_spread": {
        "max": 74.5688400269,
        "mean": 22.3624324799,
        "min": 4.63249397278,
        "stdev": 13.1031274796
    },
    "hfc": {
        "max": 154.197311401,
        "mean": 23.6278266907,
        "min": 1.25039744828e-16,
        "stdev": 21.5476016998
    },
    "loudness_ebu128": {
        "integrated": -27.5665035248,
        "loudness_range": 4.96244049072,
        "momentary": {
            "max": -23.7338409424,
            "mean": -30.0901355743,
            "min": -54.2509078979,
            "stdev": 6.60190963745
        },
        "short_term": {
            "max": -25.9505977631,
            "mean": -27.9249706268,
            "min": -32.5386505127,
            "stdev": 1.69556725025
        }
    },
    "melbands_crest": {
        "max": 33.3537635803,
        "mean": 10.9600925446,
        "min": 2.68131828308,
        "stdev": 6.27973127365
    },
    "melbands_flatness_db": {
        "max": 0.287149757147,
        "mean": 0.138196885586,
        "min": 0.00797067116946,
        "stdev": 0.0430085323751
    },
    "melbands_kurtosis": {
        "max": 108.934295654,
        "mean": 5.22303438187,
        "min": -1.52359426022,
        "stdev": 17.1387500763
    },
    "melbands_skewness": {
        "max": 9.14410114288,
        "mean": 0.680028259754,
        "min": -1.86637973785,
        "stdev": 1.92945897579
    },
    "melbands_spread": {
        "max": 195.281906128,
        "mean": 42.0647888184,
        "min": 4.11125421524,
        "stdev": 24.4617214203
    },
    "pitch_salience": {
        "max": 0.84890961647,
        "mean": 0.477734863758,
        "min": 0.159125760198,
        "stdev": 0.0893592387438
    },
    "silence_rate_20dB": {
        "max": 1,
        "mean": 1,
        "min": 1,
        "stdev": 0
    },
    "silence_rate_30dB": {
        "max": 1,
        "mean": 1,
        "min": 1,
        "stdev": 0
    },
    "silence_rate_60dB": {
        "max": 1,
        "mean": 0.169090911746,
        "min": 0,
        "stdev": 0.374835044146
    },
    "spectral_centroid": {
        "max": 10880.0751953,
        "mean": 2530.46972656,
        "min": 1084.16687012,
        "stdev": 685.202453613
    },
    "spectral_complexity": {
        "max": 37,
        "mean": 14.9672727585,
        "min": 0,
        "stdev": 7.47863388062
    },
    "spectral_decrease": {
        "max": 6.53504155554e-20,
        "mean": -2.12036010971e-09,
        "min": -8.66092708662e-09,
        "stdev": 1.49947321226e-09
    },
    "spectral_energy": {
        "max": 0.045538764447,
        "mean": 0.0101458383724,
        "min": 1.08528317799e-20,
        "stdev": 0.00748253799975
    },
    "spectral_energyband_high": {
        "max": 0.020973296836,
        "mean": 0.00140798825305,
        "min": 7.53873023235e-21,
        "stdev": 0.00206719478592
    },
    "spectral_energyband_low": {
        "max": 0.000221210386371,
        "mean": 8.98148646229e-05,
        "min": 1.39243810533e-23,
        "stdev": 3.58743964171e-05
    },
    "spectral_energyband_middle_high": {
        "max": 0.0375953689218,
        "mean": 0.0069685978815,
        "min": 1.60250612877e-21,
        "stdev": 0.00573720876127
    },
    "spectral_energyband_middle_low": {
        "max": 0.00900055654347,
        "mean": 0.00179233308882,
        "min": 3.30809035175e-22,
        "stdev": 0.00162727269344
    },
    "spectral_entropy": {
        "max": 9.78004932404,
        "mean": 7.36407899857,
        "min": 6.5370926857,
        "stdev": 0.330920040607
    },
    "spectral_flux": {
        "max": 0.122952051461,
        "mean": 0.0472071394324,
        "min": 1.04176924032e-10,
        "stdev": 0.0225221775472
    },
    "spectral_kurtosis": {
        "max": 18.7829341888,
        "mean": 3.72142457962,
        "min": -1.18917429447,
        "stdev": 2.85438275337
    },
    "spectral_rms": {
        "max": 0.00666543794796,
        "mean": 0.00287685962394,
        "min": 3.25394051981e-12,
        "stdev": 0.0012736027129
    },
    "spectral_rolloff": {
        "max": 19659.8144531,
        "mean": 3342.34545898,
        "min": 64.599609375,
        "stdev": 1977.30395508
    },
    "spectral_skewness": {
        "max": 3.09755921364,
        "mean": 1.02894878387,
        "min": 0.0375010594726,
        "stdev": 0.345731645823
    },
    "spectral_spread": {
        "max": 40580552,
        "mean": 3132634.75,
        "min": 1738268.875,
        "stdev": 1888550.125
    },
    "spectral_strongpeak": {
        "max": 19.8682880402,
        "mean": 3.58473157883,
        "min": 0,
        "stdev": 3.35103917122
    },
    "zerocrossingrate": {
        "max": 0.5244140625,
        "mean": 0.112118251622,
        "min": 0.01708984375,
        "stdev": 0.0481910631061
    },
    "barkbands": {
        "max": [2.53149137279e-05, 0.000186828052392, 6.60317673464e-05, 5.53970166948e-05, 8.2376645878e-05, 0.000395583512727, 0.00242546829395, 0.00437179813161, 0.00670103030279, 0.0058066137135, 0.004175725393, 0.00402595568448, 0.0110077755526, 0.0071653961204, 0.0085157584399, 0.0139144072309, 0.018494464457, 0.007962718606, 0.00366933038458, 0.0205303225666, 0.0116581199691, 0.00826399121433, 0.00505775818601, 0.000976561103016, 5.82474131079e-05, 5.02205921293e-07, 1.87454006095e-07],
        "mean": [6.12242683928e-06, 6.95849012118e-05, 1.00231654869e-05, 7.08269271854e-06, 1.05563412944e-05, 1.91491999431e-05, 0.00025504763471, 0.000561917026062, 0.000734998669941, 0.0002487617312, 0.000456962472526, 0.000273510755505, 0.00052814144874, 0.000491458165925, 0.000874797638971, 0.00141760718543, 0.00145393190905, 0.000664431252517, 0.00026994626387, 0.000516558240633, 0.000779180845711, 0.000262705550995, 0.000197222238057, 3.3286793041e-05, 2.82793462247e-06, 3.87516472244e-08, 1.27935928518e-09],
        "min": [8.61207181067e-24, 3.63305827266e-24, 4.35121396938e-24, 4.25173900366e-24, 5.00185524218e-23, 3.64311648586e-23, 3.94597344024e-23, 4.14183845222e-23, 8.58617792477e-23, 1.41009265461e-22, 7.13327978417e-23, 1.16851239587e-22, 8.43035328353e-23, 1.30945167359e-22, 1.37011608695e-22, 1.99330408517e-22, 2.0279343216e-22, 2.35934210851e-22, 2.263322464e-22, 2.92787731835e-22, 3.03262567722e-22, 5.67108040552e-22, 7.49950246408e-22, 7.35179640062e-22, 9.68142407521e-22, 1.76251145513e-21, 2.43690801191e-21],
        "stdev": [4.01684292228e-06, 3.35869117407e-05, 9.2036125352e-06, 6.83594225848e-06, 9.14305564947e-06, 4.303521564e-05, 0.000403038895456, 0.000794394232798, 0.000974695547484, 0.000643196923193, 0.000548612966668, 0.000439211842604, 0.00109917845111, 0.000773575913627, 0.00111697835382, 0.00176855246536, 0.00243481481448, 0.000867769529577, 0.000351094728103, 0.00130620354321, 0.00138435792178, 0.000627753906883, 0.000522855320014, 9.07271751203e-05, 6.15741237198e-06, 5.62742101806e-08, 7.98106292166e-09]
    },
    "erbbands": {
        "max": [0.00987019483, 0.0314044356346, 0.0664638802409, 0.134793683887, 0.186214983463, 0.261361569166, 0.920172691345, 4.93600416183, 13.7828598022, 60.684135437, 94.3503875732, 192.785644531, 227.010879517, 60.3175964355, 158.073181152, 173.396987915, 464.189697266, 365.996795654, 503.273101807, 452.96875, 924.590942383, 631.861633301, 426.896911621, 193.390563965, 247.320510864, 1261.5390625, 540.667358398, 250.764587402, 190.664642334, 215.939682007, 224.348724365, 27.2745952606, 26.5964813232, 1.26400303841, 0.0383260399103, 0.00291799544357, 0.00230436609127, 0.000608364236541, 7.32649496058e-05, 8.36565523059e-05],
        "mean": [0.00346106593497, 0.00977611169219, 0.0126371430233, 0.0190442465246, 0.0241704843938, 0.0379812568426, 0.0603061877191, 0.232456848025, 1.23574614525, 8.44443416595, 12.4791259766, 15.4584751129, 16.8758049011, 6.37720823288, 19.2892589569, 12.0764398575, 23.4804000854, 23.7750816345, 34.6675567627, 53.8927726746, 102.784965515, 59.3553199768, 52.7662277222, 20.7235584259, 16.4526462555, 30.9722557068, 37.2581138611, 15.4119634628, 9.38307952881, 6.37457466125, 6.52483510971, 1.30158340931, 0.509592592716, 0.0799520909786, 0.00256295315921, 0.000202299444936, 0.000154641704285, 2.88841947622e-05, 1.10313367259e-05, 1.56789501489e-05],
        "min": [1.77568563419e-22, 7.47828223194e-22, 3.24859635554e-21, 1.15935009326e-20, 7.0840452055e-20, 1.92006960319e-19, 3.2448183535e-19, 2.7081764008e-19, 4.20243630136e-19, 6.60232352184e-19, 1.37006534903e-18, 1.56385649915e-18, 5.16196601872e-18, 2.4148963093e-18, 4.60891099321e-18, 3.49884619169e-18, 3.62680441501e-18, 3.60447591515e-18, 8.79501854249e-18, 8.38240017343e-18, 1.18557820236e-17, 1.2433167326e-17, 1.33214641781e-17, 7.5056921217e-18, 1.41634976458e-17, 1.32406188538e-17, 1.52377289831e-17, 1.15925557818e-17, 1.78340867985e-17, 1.75683368288e-17, 2.31392907208e-17, 2.09335342081e-17, 1.04152329247e-17, 9.35056544959e-18, 7.90531052025e-18, 6.92740974187e-18, 3.39382279163e-18, 1.21993651395e-18, 3.32564889199e-19, 3.67478476795e-20],
        "stdev": [0.00180440035183, 0.00475752493367, 0.0107241598889, 0.0158746447414, 0.0246047116816, 0.0327976122499, 0.0872974172235, 0.530097842216, 1.87016880512, 11.0011701584, 17.1221961975, 23.5360565186, 26.6581439972, 7.4949221611, 21.6685657501, 18.0210704803, 47.47448349, 38.236907959, 47.9113197327, 64.615234375, 125.098098755, 88.3814468384, 66.9445419312, 23.20495224, 23.8524227142, 79.5618591309, 70.6447753906, 25.5965766907, 20.2185344696, 16.0647735596, 21.2248191833, 3.05473542213, 1.87675750256, 0.130638852715, 0.00380975613371, 0.000270380172879, 0.000197588349693, 4.82070718135e-05, 9.96291964839e-06, 1.24651733131e-05]
    },
    "gfcc": {
        "mean": [-94.7233505249, 56.8094406128, -210.401641846, 52.124168396, -64.3656921387, 21.4410591125, -11.0063858032, 10.6176786423, 15.8319692612, -7.18887615204, -2.15544700623, -11.8193025589, 0.12539562583],
        "cov": [[13011.0341797, 375.527496338, -3690.08789062, -154.828216553, -719.662414551, -546.246948242, 457.477020264, -90.4168243408, 676.714660645, -111.076164246, -102.241065979, -423.898803711, 31.2280311584], [375.527496338, 888.961425781, -128.39654541, -362.774505615, -85.236907959, -103.746032715, 82.5658035278, -24.21808815, 91.5804595947, 65.2830047607, 4.04863786697, -64.4165115356, -15.0916547775], [-3690.08789062, -128.39654541, 1602.60205078, 330.363128662, 163.729553223, 346.760925293, -267.588775635, 99.7169418335, -290.237731934, -17.2138137817, 89.1034545898, 210.327301025, -36.5904464722], [-154.828216553, -362.774505615, 330.363128662, 490.644927979, 137.867660522, 77.967010498, -139.052780151, 14.9349470139, -73.1528778076, -63.0063591003, 25.0632781982, 69.8298873901, 18.7130813599], [-719.662414551, -85.236907959, 163.729553223, 137.867660522, 257.454803467, 85.3555145264, -89.333946228, -58.4062957764, -97.3330459595, -2.15953159332, 18.2686214447, 29.2300987244, 37.7801628113], [-546.246948242, -103.746032715, 346.760925293, 77.967010498, 85.3555145264, 331.27154541, -50.9083366394, -12.0259847641, -168.642166138, -46.6936149597, 31.5818252563, 69.1720657349, 21.8565883636], [457.477020264, 82.5658035278, -267.588775635, -139.052780151, -89.333946228, -50.9083366394, 176.953933716, 33.5668907166, 31.2755966187, -44.0475082397, -53.1782188416, -34.2851028442, 9.38558197021], [-90.4168243408, -24.21808815, 99.7169418335, 14.9349470139, -58.4062957764, -12.0259847641, 33.5668907166, 126.484046936, 5.63252210617, -56.0717735291, -43.4678153992, 12.2372627258, 8.10840415955], [676.714660645, 91.5804595947, -290.237731934, -73.1528778076, -97.3330459595, -168.642166138, 31.2755966187, 5.63252210617, 198.321731567, 43.8425788879, -39.817489624, -64.2529983521, -23.0821285248], [-111.076164246, 65.2830047607, -17.2138137817, -63.0063591003, -2.15953159332, -46.6936149597, -44.0475082397, -56.0717735291, 43.8425788879, 187.64553833, 59.9220466614, -40.9601364136, -25.5805664062], [-102.241065979, 4.04863786697, 89.1034545898, 25.0632781982, 18.2686214447, 31.5818252563, -53.1782188416, -43.4678153992, -39.817489624, 59.9220466614, 126.945068359, 38.896030426, -43.9990196228], [-423.898803711, -64.4165115356, 210.327301025, 69.8298873901, 29.2300987244, 69.1720657349, -34.2851028442, 12.2372627258, -64.2529983521, -40.9601364136, 38.896030426, 104.950904846, 16.9617385864], [31.2280311584, -15.0916547775, -36.5904464722, 18.7130813599, 37.7801628113, 21.8565883636, 9.38558197021, 8.10840415955, -23.0821285248, -25.5805664062, -43.9990196228, 16.9617385864, 100.986351013]],
        "icov": [[0.00141896784771, -0.00188879750203, 0.00507986498997, -0.00395126733929, 0.00405856734142, -0.00256897183135, 0.00306458282284, -0.00219164276496, 0.00142371747643, -0.000273341225693, 0.000221870461246, -0.000678755750414, 0.00124736549333], [-0.00188879750203, 0.00444354629144, -0.00750991282985, 0.00686183664948, -0.00569093832746, 0.0038198272232, -0.0046725505963, 0.00356534519233, -0.00323205417953, 0.00137032009661, -0.00209923321381, 0.00253146886826, -0.00302558881231], [0.00507986498997, -0.00750991282985, 0.0205232389271, -0.0149911325425, 0.0145804546773, -0.01006669458, 0.0134434476495, -0.0103277079761, 0.00773082254454, -0.00314182764851, 0.00378138292581, -0.00618085591123, 0.00748161692172], [-0.00395126733929, 0.00686183664948, -0.0149911325425, 0.0156770944595, -0.0126856742427, 0.00767159368843, -0.00683107320219, 0.00584125332534, -0.00549818808213, 0.00333414738998, -0.00300045730546, 0.00330211687833, -0.00511214789003], [0.00405856734142, -0.00569093832746, 0.0145804546773, -0.0126856742427, 0.0189108923078, -0.00697603682056, 0.0110945468768, -0.00300170574337, 0.00751152588055, -0.000870282296091, 0.00221192347817, -0.0014383016387, 0.00187481730245], [-0.00256897183135, 0.0038198272232, -0.01006669458, 0.00767159368843, -0.00697603682056, 0.0105669144541, -0.00535714672878, 0.00564165273681, 0.000987686566077, 0.00169486436062, -0.000711871078238, 0.00166739453562, -0.00327121769078], [0.00306458282284, -0.0046725505963, 0.0134434476495, -0.00683107320219, 0.0110945468768, -0.00535714672878, 0.0197495035827, -0.00778533797711, 0.00723816780373, 0.000381518329959, 0.00436444440857, -0.00283728330396, 0.00441846158355], [-0.00219164276496, 0.00356534519233, -0.0103277079761, 0.00584125332534, -0.00300170574337, 0.00564165273681, -0.00778533797711, 0.0179563648999, -0.00343578821048, 0.00372354919091, 0.00119441107381, 0.00220086262561, -0.00412152567878], [0.00142371747643, -0.00323205417953, 0.00773082254454, -0.00549818808213, 0.00751152588055, 0.000987686566077, 0.00723816780373, -0.00343578821048, 0.0166282523423, -0.00459341192618, 0.00812367349863, -0.00368272769265, 0.0062710265629], [-0.000273341225693, 0.00137032009661, -0.00314182764851, 0.00333414738998, -0.000870282296091, 0.00169486436062, 0.000381518329959, 0.00372354919091, -0.00459341192618, 0.0125462682918, -0.00964222941548, 0.0091704428196, -0.00545573234558], [0.000221870461246, -0.00209923321381, 0.00378138292581, -0.00300045730546, 0.00221192347817, -0.000711871078238, 0.00436444440857, 0.00119441107381, 0.00812367349863, -0.00964222941548, 0.0241727344692, -0.0146474763751, 0.0127752581611], [-0.000678755750414, 0.00253146886826, -0.00618085591123, 0.00330211687833, -0.0014383016387, 0.00166739453562, -0.00283728330396, 0.00220086262561, -0.00368272769265, 0.0091704428196, -0.0146474763751, 0.0252003967762, -0.0111322989687], [0.00124736549333, -0.00302558881231, 0.00748161692172, -0.00511214789003, 0.00187481730245, -0.00327121769078, 0.00441846158355, -0.00412152567878, 0.0062710265629, -0.00545573234558, 0.0127752581611, -0.0111322989687, 0.0201366972178]]
    },
    "melbands": {
        "max": [6.71027446515e-05, 2.71798780886e-05, 2.15835589188e-05, 1.24448624774e-05, 2.95079662465e-05, 9.90610133158e-05, 0.000278764287941, 0.000681131612509, 0.000735569745302, 0.00129132647999, 0.00112598657142, 0.000243108428549, 0.000673699774779, 0.000544562702999, 0.000425588368671, 0.00152721535414, 0.000616405101027, 0.000743852229789, 0.000550716940779, 0.000473172724014, 0.00113948993385, 0.000488489633426, 0.00109909055755, 0.00060732383281, 0.000165130200912, 0.000125036065583, 0.00064010504866, 0.00074076972669, 0.000523303868249, 0.000293270888506, 0.00022897310555, 8.17497784737e-05, 0.000300544954371, 7.49910977902e-05, 0.000120772339869, 7.74377404014e-05, 1.42822573252e-05, 2.48399392149e-05, 3.62212131222e-06, 5.69528083361e-07],
        "mean": [2.36768210016e-05, 7.99556437414e-06, 3.31648675456e-06, 2.13867474486e-06, 2.09744825952e-06, 4.54439123132e-06, 2.79355717794e-05, 0.000108274631202, 9.60094839684e-05, 0.000103831021988, 8.18718472146e-05, 1.80226234079e-05, 7.479613123e-05, 3.49216788891e-05, 2.76009868685e-05, 6.72759779263e-05, 3.78453805752e-05, 5.34676000825e-05, 5.90807685512e-05, 7.12261899025e-05, 0.000129081585328, 5.08624580107e-05, 7.41541371099e-05, 4.06497238146e-05, 1.27385119413e-05, 1.1408534192e-05, 1.68634142028e-05, 1.77268648258e-05, 2.69816391665e-05, 1.28835308715e-05, 8.57946361066e-06, 4.32060232924e-06, 6.49856337986e-06, 2.49392951446e-06, 3.92092351831e-06, 1.98488828573e-06, 4.50568791166e-07, 3.94210530885e-07, 1.68255084532e-07, 2.62937387419e-08],
        "min": [1.98340674437e-24, 1.48674899035e-24, 3.44627809841e-24, 9.55740169872e-24, 1.05700435101e-23, 6.22114366418e-24, 6.8037202037e-24, 6.1096740684e-24, 1.25772125199e-23, 1.09147425935e-23, 2.64368793688e-23, 9.71812343069e-24, 1.33455101879e-23, 1.20439804133e-23, 1.0363877868e-23, 6.50409821012e-24, 7.2585198148e-24, 1.57224285591e-23, 1.06541991915e-23, 1.20093999066e-23, 1.36462397422e-23, 1.11137737776e-23, 1.71455620311e-23, 8.65674027056e-24, 5.34169746678e-24, 9.05301586883e-24, 9.50904531409e-24, 9.52621250511e-24, 9.69679420953e-24, 8.05056692922e-24, 6.60103817132e-24, 9.33225448548e-24, 1.21249640849e-23, 8.69661482274e-24, 1.25399924846e-23, 1.50827380956e-23, 1.23261480704e-23, 6.78448540824e-24, 7.19718351284e-24, 8.23384140561e-24],
        "stdev": [1.20424328998e-05, 4.31227044828e-06, 2.71514386441e-06, 1.82440476237e-06, 2.75593743027e-06, 1.09987713586e-05, 4.30479885836e-05, 0.000135473281262, 0.00013707614562, 0.000148263963638, 0.000132911402034, 2.59069111053e-05, 8.8523614977e-05, 5.53905119887e-05, 4.80517010146e-05, 0.000151609478053, 6.10531205893e-05, 8.09143675724e-05, 7.45332581573e-05, 7.51088155084e-05, 0.000159163057106, 7.48140228097e-05, 0.000148789360537, 6.28100387985e-05, 1.57542308443e-05, 1.53033925017e-05, 4.27531012974e-05, 4.72313586215e-05, 5.91250682191e-05, 3.32382951456e-05, 1.93063042389e-05, 8.54935660755e-06, 2.01552647923e-05, 7.04321018929e-06, 1.17190329547e-05, 7.74159252614e-06, 1.23040410926e-06, 1.78722007149e-06, 3.3458144344e-07, 4.6782226093e-08]
    },
    "melbands128": {
        "max": [2.50639477599e-05, 9.51086985879e-05, 8.08922050055e-05, 4.20147116529e-05, 3.59919540642e-05, 3.33689531544e-05, 3.04682362184e-05, 2.7681402571e-05, 2.2459325919e-05, 1.50417699842e-05, 1.38015293487e-05, 3.52447095793e-05, 4.28049606853e-05, 7.05495040165e-05, 0.000176960573299, 8.98250436876e-05, 0.000117026203952, 0.000311603682349, 0.000703783822246, 0.00113531469833, 0.00107673415914, 0.00162840797566, 0.00115569389891, 0.00135726318695, 0.0020110278856, 0.0021710395813, 0.00171210605185, 0.00224152090959, 0.000328597321641, 0.000309255672619, 0.000363063183613, 0.000530297344085, 0.00140297226608, 0.000407423271099, 0.000690169108566, 0.000755912740715, 0.000850185810123, 0.000730974483304, 0.000806615746114, 0.00146001041867, 0.00274039269425, 0.00212400313467, 0.000610371760558, 0.000547100557014, 0.00197224295698, 0.00108413374983, 0.00153176265303, 0.00101713300683, 0.000853764242493, 0.00123342277948, 0.000405414582929, 0.000525176641531, 0.0029661336448, 0.00103495689109, 0.00142109394073, 0.00057493330678, 0.000325859495206, 0.00314220692962, 0.000391428475268, 0.000510256330017, 0.00108615274075, 0.000635993143078, 0.0001626679732, 0.000169884107891, 0.000516360276379, 0.000161797186593, 0.00013502893853, 0.00026904034894, 0.000236129781115, 0.00275805103593, 0.0005890437169, 0.000164362980286, 0.000323394546285, 0.00114545947872, 0.000332962517859, 0.000690898974426, 3.42146922776e-05, 8.92380412552e-05, 0.000397981406422, 0.000307707028696, 3.19573191518e-05, 4.52467975265e-05, 0.00037079124013, 0.000629639718682, 0.000198073670617, 0.000179175287485, 0.000173867767444, 5.21399742865e-05, 0.0001253366936, 0.000435081281466, 8.82475069375e-05, 1.14979166028e-05, 4.99215529999e-05, 2.2088892365e-05, 4.34688081441e-06, 5.05335265188e-06, 6.58509743516e-05, 4.51249570688e-06, 4.43839326181e-06, 2.65296512225e-06, 1.98071506929e-06, 2.44160744955e-08, 2.98369862151e-09, 2.58386245733e-09, 2.27935403885e-09, 2.0282187041e-09, 1.9696233533e-09, 1.45070455648e-09, 1.43348521942e-09, 1.39767408758e-09, 1.27268362515e-09, 1.54887114245e-09, 2.43929569876e-08, 9.64285806759e-09, 1.18723226805e-08, 1.2140949579e-08, 9.850319449e-10, 9.17700304637e-10, 8.8065144066e-10, 8.38750513488e-10, 7.93234089524e-10, 7.64762642103e-10, 7.61986862496e-10, 7.4490597024e-10, 7.26693150099e-10, 7.08378800063e-10, 7.09412861788e-10, 6.96643354114e-10],
        "mean": [5.63383946428e-06, 3.31559022015e-05, 2.81556494883e-05, 1.19271853691e-05, 6.98546045896e-06, 4.14692021877e-06, 4.13539646615e-06, 2.94498022413e-06, 2.39564110416e-06, 1.92910579244e-06, 2.14746569327e-06, 2.16113971874e-06, 1.66488382547e-06, 2.26027827921e-06, 5.68945051782e-06, 4.97289374835e-06, 4.46629883299e-06, 1.60825584317e-05, 7.29071543901e-05, 9.58942109719e-05, 0.000121711062093, 0.000175271081389, 5.06344622409e-05, 7.47441226849e-05, 0.000105112841993, 9.91909400909e-05, 0.000153290602611, 8.80518564372e-05, 1.72280961124e-05, 7.46126352169e-06, 9.4945080491e-06, 5.04486888531e-05, 0.000137211653055, 2.58576201304e-05, 4.12264053011e-05, 3.89041670132e-05, 2.80934400507e-05, 1.34373158289e-05, 4.18101772084e-05, 5.24610441062e-05, 7.46068253648e-05, 8.15215680632e-05, 2.72602701443e-05, 1.1742507013e-05, 6.70201188768e-05, 5.10545396537e-05, 6.40887665213e-05, 3.16618861689e-05, 5.3469397244e-05, 0.000131161214085, 1.63282784342e-05, 4.66832170787e-05, 0.000257977459114, 7.84396252129e-05, 7.26710350136e-05, 1.74452688952e-05, 2.77732615359e-05, 0.000181948154932, 2.84540146822e-05, 2.02467545023e-05, 6.413464871e-05, 3.35533040925e-05, 6.02252839599e-06, 9.83637983154e-06, 1.83097163244e-05, 9.570741895e-06, 8.24175731395e-06, 1.21087805383e-05, 9.25385938899e-06, 4.15622598666e-05, 1.84247510333e-05, 7.66308130551e-06, 1.05453609649e-05, 4.82917639602e-05, 1.37052138598e-05, 2.45905466727e-05, 2.98232748719e-06, 5.04198033013e-06, 1.25129927255e-05, 9.39856181503e-06, 1.84459759112e-06, 1.76708715571e-06, 8.9699487944e-06, 9.27311430132e-06, 1.95205529963e-06, 2.63353899754e-06, 3.30393618242e-06, 1.2833774008e-06, 2.98971986012e-06, 7.97598386271e-06, 2.23371762331e-06, 3.19519529057e-07, 7.73929457409e-07, 5.65179391288e-07, 1.93206844301e-07, 1.91294631691e-07, 7.62044578551e-07, 1.80395403504e-07, 1.9032347609e-07, 9.84043353469e-08, 6.8011487997e-08, 4.95355645391e-10, 2.17082966186e-11, 2.20852502952e-11, 2.83434560544e-11, 2.7525731694e-11, 3.01055534668e-11, 3.17222741131e-11, 3.39574202091e-11, 3.45113035372e-11, 3.50609749566e-11, 7.17080145263e-11, 7.68612451463e-10, 5.83725678904e-10, 3.25824117686e-10, 1.70195094129e-10, 1.65454386303e-11, 4.6956917521e-12, 4.62467130563e-12, 4.51365811047e-12, 4.42030136452e-12, 4.39265334176e-12, 4.30817447689e-12, 4.19665257406e-12, 4.19908292165e-12, 4.17412111819e-12, 4.18508066743e-12, 4.13709431296e-12],
        "min": [4.53710943612e-24, 1.67956730318e-24, 1.83681489172e-24, 8.40230935723e-25, 9.48579403334e-25, 2.58130907634e-24, 1.86596961306e-24, 2.5437482532e-24, 7.30604158459e-24, 1.02811303033e-23, 1.21947230548e-23, 7.6585196254e-24, 1.35995675756e-23, 8.44430870626e-24, 6.84843836183e-24, 3.77989289725e-24, 5.72604272715e-24, 7.1477093123e-24, 7.86168365179e-24, 9.54570841352e-24, 2.82403861865e-24, 2.81986160016e-24, 2.16985184995e-23, 1.24124447203e-23, 2.0250175794e-24, 1.40777466573e-23, 2.15423934601e-23, 3.54734372325e-23, 2.45654472884e-23, 5.90035337707e-24, 6.61019408541e-24, 1.07166848638e-23, 8.30831460822e-24, 2.06193583589e-23, 2.09764488694e-23, 5.05215396013e-24, 5.18627017478e-24, 1.56484775824e-23, 8.8391320116e-24, 6.63766656087e-24, 7.28503421869e-24, 3.90661709079e-24, 2.54596495234e-24, 6.24442137177e-24, 2.89353107184e-23, 1.15468915467e-23, 1.18653468056e-23, 7.94375358493e-24, 1.35165967633e-23, 1.03002838461e-23, 8.63919600403e-24, 1.74067649209e-23, 1.80537981017e-23, 8.99575166686e-24, 9.32322202811e-24, 1.28459269432e-23, 9.45234751425e-24, 2.03460701201e-23, 2.15023035489e-23, 7.56268801377e-24, 8.96445676589e-24, 8.66361598221e-24, 4.34797214549e-24, 3.88912449465e-24, 6.62718259944e-24, 9.37459738343e-24, 6.67503963511e-24, 2.04187715411e-23, 5.47697330696e-24, 3.50606744414e-24, 1.07390687919e-23, 1.00143533224e-23, 1.31567010634e-23, 6.750078451e-24, 1.08661771607e-23, 9.95428787532e-24, 5.61733651112e-24, 5.42593558411e-24, 4.9980791228e-24, 1.05971598148e-23, 8.04624949348e-24, 8.15124056908e-24, 1.38459998337e-23, 1.17406555066e-23, 1.42007032512e-23, 4.89720511226e-24, 9.18000038647e-24, 9.86992393468e-24, 1.28724776347e-23, 1.22252519718e-23, 1.92369411537e-23, 1.4746484557e-23, 1.11319349334e-23, 1.57239684156e-23, 9.61172502723e-24, 8.23928217927e-24, 5.81717115006e-24, 5.68553866397e-24, 7.76794883245e-24, 7.71570336356e-24, 5.84393207298e-24, 1.12443909997e-23, 7.14202793607e-24, 5.83018853828e-24, 9.03311290819e-24, 1.07598970864e-23, 9.88333851437e-24, 8.98178488453e-24, 1.74340058657e-23, 1.13934888663e-23, 8.53466404548e-24, 1.1420071901e-23, 1.43017689549e-23, 8.00926374994e-24, 8.32575158967e-24, 8.25286005317e-24, 9.6727686618e-24, 8.52576253903e-24, 1.70544911951e-23, 9.87480619482e-24, 9.06538441896e-24, 8.36843212009e-24, 1.08383169602e-23, 8.55910295632e-24, 1.40768205346e-23, 8.72114839689e-24, 1.60466519689e-23, 1.69563647871e-23],
        "stdev": [3.72808358406e-06, 1.74357810465e-05, 1.55329289555e-05, 6.31433431408e-06, 6.52216749586e-06, 3.80424171453e-06, 3.65788423551e-06, 3.23778203892e-06, 2.84028601527e-06, 2.20713991439e-06, 2.06368849831e-06, 2.63442620962e-06, 3.01279624182e-06, 5.70745760342e-06, 1.585933569e-05, 1.24633024825e-05, 1.26912354972e-05, 3.62382015737e-05, 0.000122860699776, 0.000181532042916, 0.000194571184693, 0.000286055088509, 9.69319444266e-05, 0.000174797765794, 0.000233684550039, 0.000211683800444, 0.000231523081311, 0.000241375688347, 4.4222073484e-05, 2.89157615043e-05, 2.94695219054e-05, 6.33220261079e-05, 0.000176016154001, 4.55609151686e-05, 7.22444747225e-05, 7.09318410372e-05, 7.32447660994e-05, 6.04138258495e-05, 8.6673462647e-05, 0.000140740521601, 0.000254743994446, 0.000191067534615, 5.73816578253e-05, 4.19615171268e-05, 0.00016786402557, 9.56024450716e-05, 0.000135086171213, 9.35440184548e-05, 8.56573460624e-05, 0.000185059048817, 3.39038197126e-05, 6.86710045557e-05, 0.00037448736839, 0.000127250386868, 0.000149031737237, 4.49557810498e-05, 5.23755006725e-05, 0.000425345700933, 4.94032356073e-05, 4.2276642489e-05, 0.000121024204418, 5.53193531232e-05, 1.40302072396e-05, 1.79574544745e-05, 3.86536012229e-05, 1.9665732907e-05, 1.5639612684e-05, 2.8566488254e-05, 2.13337352761e-05, 0.000165498815477, 4.25060825364e-05, 1.76269713847e-05, 2.57272040471e-05, 0.00012689192954, 3.63295985153e-05, 7.9426317825e-05, 4.11788232668e-06, 7.33547267373e-06, 3.36498051183e-05, 2.75616657746e-05, 3.71663418264e-06, 4.15551539845e-06, 3.40193873853e-05, 3.40091573889e-05, 1.19209280456e-05, 1.0826527614e-05, 1.25192536871e-05, 3.03383967548e-06, 1.02199210232e-05, 3.78859986085e-05, 9.0383728093e-06, 7.94585389485e-07, 3.61508364222e-06, 1.89428146768e-06, 4.58674890069e-07, 5.25466305135e-07, 4.53512075183e-06, 3.59108724979e-07, 5.5158034229e-07, 2.55746527955e-07, 1.41541804055e-07, 1.40191958042e-09, 1.30605012916e-10, 1.13527284795e-10, 1.00114722068e-10, 8.90157114686e-11, 8.52987194766e-11, 6.3532588912e-11, 6.19708728777e-11, 6.04232913703e-11, 5.49570562669e-11, 1.05206877932e-10, 1.55624280129e-09, 1.33449162831e-09, 8.89871343279e-10, 8.0786061174e-10, 4.62411775537e-11, 3.90551688212e-11, 3.74736179587e-11, 3.56894722109e-11, 3.37508909709e-11, 3.2537774558e-11, 3.24215931879e-11, 3.16932452504e-11, 3.09173381341e-11, 3.01361088861e-11, 3.01753899645e-11, 2.96349923767e-11]
    },
    "mfcc": {
        "mean": [-697.568786621, 61.4703140259, -65.8639526367, 18.1666984558, -17.09349823, 11.9498405457, -10.8167524338, 17.4071998596, 14.5375385284, 18.593038559, 5.34886264801, 11.7436752319, 5.27349424362],
        "cov": [[10016.0419922, -182.671310425, -2955.64135742, -61.5269966125, -1429.10742188, -164.187454224, -729.743347168, -65.3695297241, 393.247497559, 338.954223633, -32.0692100525, 381.302246094, 32.0704460144], [-182.671310425, 949.979431152, -110.054367065, -239.44493103, -240.246444702, -77.2626953125, -56.3255271912, -104.383659363, 53.7380714417, 55.391292572, 66.3070907593, 14.4620227814, 81.894317627], [-2955.64135742, -110.054367065, 1330.69970703, 40.850025177, 541.602478027, 31.1213817596, 283.050323486, 125.819099426, -179.655029297, -106.158927917, 46.075881958, -155.278549194, -23.9111709595], [-61.5269966125, -239.44493103, 40.850025177, 346.697814941, 110.530563354, -16.7657737732, -95.0806274414, 51.5224838257, -26.8716678619, -3.54206585884, -36.5461616516, 30.3127307892, -19.2059879303], [-1429.10742188, -240.246444702, 541.602478027, 110.530563354, 569.287475586, 112.066139221, 194.802825928, -22.7686042786, -119.103294373, -113.043792725, 7.99643278122, -88.6830749512, -32.5150680542], [-164.187454224, -77.2626953125, 31.1213817596, -16.7657737732, 112.066139221, 211.912307739, 62.7874832153, -16.6899585724, -52.3946990967, -10.1350765228, -54.1555366516, 6.3313202858, -24.1013355255], [-729.743347168, -56.3255271912, 283.050323486, -95.0806274414, 194.802825928, 62.7874832153, 289.793731689, 24.4050445557, -47.2586746216, -84.6004562378, -2.76025795937, -98.0416641235, -13.4556837082], [-65.3695297241, -104.383659363, 125.819099426, 51.5224838257, -22.7686042786, -16.6899585724, 24.4050445557, 299.36706543, -14.0402765274, -39.6337661743, -76.2058181763, -31.0927791595, -67.9933547974], [393.247497559, 53.7380714417, -179.655029297, -26.8716678619, -119.103294373, -52.3946990967, -47.2586746216, -14.0402765274, 241.2240448, 18.0439968109, -54.2134933472, -4.94760036469, -33.8717193604], [338.954223633, 55.391292572, -106.158927917, -3.54206585884, -113.043792725, -10.1350765228, -84.6004562378, -39.6337661743, 18.0439968109, 166.357955933, -13.4744052887, -18.9826030731, 17.507276535], [-32.0692100525, 66.3070907593, 46.075881958, -36.5461616516, 7.99643278122, -54.1555366516, -2.76025795937, -76.2058181763, -54.2134933472, -13.4744052887, 212.94682312, 27.4143486023, 18.217048645], [381.302246094, 14.4620227814, -155.278549194, 30.3127307892, -88.6830749512, 6.3313202858, -98.0416641235, -31.0927791595, -4.94760036469, -18.9826030731, 27.4143486023, 189.726654053, 8.01613330841], [32.0704460144, 81.894317627, -23.9111709595, -19.2059879303, -32.5150680542, -24.1013355255, -13.4556837082, -67.9933547974, -33.8717193604, 17.507276535, 18.217048645, 8.01613330841, 143.664901733]],
        "icov": [[0.000368159497157, 0.000257246167166, 0.000747029553168, 0.000128656218294, 0.000167175399838, 3.75967647415e-05, 5.49922988284e-05, -0.000308120186673, -6.32362789474e-05, -0.000300571380649, -0.000282439752482, -9.96781382128e-05, -0.00012072896061], [0.000257246167166, 0.00169547251426, 0.000280384876532, 0.00104149337858, 0.000607281690463, 0.000233164231759, 0.000495056097861, 0.000160415409482, -0.000140800344525, -0.000119929703942, -0.000272055825917, 2.08233832382e-05, -0.000524406612385], [0.000747029553168, 0.000280384876532, 0.00316169415601, 0.000424432597356, -0.0013527367264, 0.0007063371595, -0.00050899659982, -0.00165882485453, 0.000229258439504, -0.00118946353905, -0.000915035256185, -0.000155849105795, -0.000440319621703], [0.000128656218294, 0.00104149337858, 0.000424432597356, 0.00535450875759, -0.00205406569876, 0.00132522650529, 0.00273576821201, -0.000965233077295, 0.000395331648178, -0.000418111245381, 0.000812097568996, -0.000735442736186, -0.00019688429893], [0.000167175399838, 0.000607281690463, -0.0013527367264, -0.00205406569876, 0.00594234559685, -0.00188412051648, -0.00112777960021, 0.00235245027579, 0.00076876883395, 0.00246948003769, -4.85395539727e-05, 0.00171625684015, 0.000944029074162], [3.75967647415e-05, 0.000233164231759, 0.0007063371595, 0.00132522650529, -0.00188412051648, 0.00762940524146, -0.00113529094961, 0.00076100777369, 0.00202811416239, -0.00126541790087, 0.00281341839582, -0.0018737813225, 0.00164092273917], [5.49922988284e-05, 0.000495056097861, -0.00050899659982, 0.00273576821201, -0.00112777960021, -0.00113529094961, 0.00799091719091, -0.000188367252122, 0.000307098525809, 0.00297772465274, 0.00013936990581, 0.0029044651892, -0.000270081189228], [-0.000308120186673, 0.000160415409482, -0.00165882485453, -0.000965233077295, 0.00235245027579, 0.00076100777369, -0.000188367252122, 0.00626103114337, 0.00161018536892, 0.00240650796331, 0.00260371551849, 0.00119191291742, 0.00286756781861], [-6.32362789474e-05, -0.000140800344525, 0.000229258439504, 0.000395331648178, 0.00076876883395, 0.00202811416239, 0.000307098525809, 0.00161018536892, 0.0063303806819, 0.000851236924063, 0.00247107143514, 0.000763110700063, 0.0025232990738], [-0.000300571380649, -0.000119929703942, -0.00118946353905, -0.000418111245381, 0.00246948003769, -0.00126541790087, 0.00297772465274, 0.00240650796331, 0.000851236924063, 0.00996397156268, 0.00100867531728, 0.00369693897665, 0.000298338971334], [-0.000282439752482, -0.000272055825917, -0.000915035256185, 0.000812097568996, -4.85395539727e-05, 0.00281341839582, 0.00013936990581, 0.00260371551849, 0.00247107143514, 0.00100867531728, 0.00740791158751, -0.000874424003996, 0.00144986284431], [-9.96781382128e-05, 2.08233832382e-05, -0.000155849105795, -0.000735442736186, 0.00171625684015, -0.0018737813225, 0.0029044651892, 0.00119191291742, 0.000763110700063, 0.00369693897665, -0.000874424003996, 0.00852975156158, 0.000160690571647], [-0.00012072896061, -0.000524406612385, -0.000440319621703, -0.00019688429893, 0.000944029074162, 0.00164092273917, -0.000270081189228, 0.00286756781861, 0.0025232990738, 0.000298338971334, 0.00144986284431, 0.000160690571647, 0.0093734646216]]
    },
    "spectral_contrast_coeffs": {
        "max": [-0.721086144447, -0.509266734123, -0.506838083267, -0.508934080601, -0.462435424328, -0.396247535944],
        "mean": [-0.859096050262, -0.736945509911, -0.717360377312, -0.694194257259, -0.713631868362, -0.613794386387],
        "min": [-0.97164362669, -0.962885379791, -0.956404685974, -0.958939194679, -0.96430182457, -0.957737445831],
        "stdev": [0.0310346670449, 0.0953920334578, 0.0923714190722, 0.0858450829983, 0.0633358061314, 0.0881709605455]
    },
    "spectral_contrast_valleys": {
        "max": [-7.75411748886, -6.36320400238, -6.25616788864, -6.21765851974, -6.11360025406, -9.818775177],
        "mean": [-8.71001720428, -8.13486003876, -8.36263751984, -8.22267150879, -8.01435279846, -12.212896347],
        "min": [-27.0649166107, -27.1812858582, -27.6412506104, -27.10131073, -27.2017040253, -27.2876548767],
        "stdev": [1.10611569881, 1.32872021198, 1.34152519703, 1.3399285078, 1.38420891762, 1.02856564522]
    }
},
"rhythm": {
    "beats_count": 18,
    "beats_loudness": {
        "max": 0.0268201567233,
        "mean": 0.0113468114287,
        "min": 0.000141283715493,
        "stdev": 0.00622804323211
    },
    "bpm": 85.5625305176,
    "bpm_histogram_first_peak_bpm": 85,
    "bpm_histogram_first_peak_weight": 0.235294222832,
    "bpm_histogram_second_peak_bpm": 0,
    "bpm_histogram_second_peak_spread": 0,
    "bpm_histogram_second_peak_weight": 0,
    "danceability": 0.907588481903,
    "onset_rate": 1.88097131252,
    "beats_loudness_band_ratio": {
        "max": [0.905806422234, 0.0257574487478, 0.648644983768, 0.749389111996, 0.812935590744, 0.436493307352],
        "mean": [0.0599123574793, 0.00430869543925, 0.169250264764, 0.13755479455, 0.428153216839, 0.202539339662],
        "min": [0.00264246016741, 0.000398889911594, 0.000833263096865, 0.00144648517016, 0.0146200070158, 0.0124126076698],
        "stdev": [0.205348297954, 0.00640704389662, 0.155743733048, 0.163247615099, 0.220320060849, 0.127595052123]
    },
    "beats_position": [0.684988677502, 1.369977355, 2.0549659729, 2.73995471001, 3.43655323982, 4.13315200806, 4.82975053787, 5.53795909882, 6.24616765976, 6.9543762207, 7.66258478165, 8.37079334259, 9.07900238037, 9.77560043335, 10.4838094711, 11.1920175552, 11.8886165619, 12.6084346771],
