{
"metadata": {
    "version": {
        "essentia": "2.1-beta5",
        "essentia_git_sha": "Undefined",
        "extractor": "music 2.0"
    },
    "audio_properties": {
        "analysis": {
            "equal_loudness": 0,
            "length": 52.2448997498,
            "sample_rate": 44100,
            "start_time": 61.4980506897,
            "downmix": "mix"
        },
        "bit_rate": 192000,
        "length": 155.643356323,
        "lossless": 0,
        "number_channels": 2,
        "replay_gain": -7.53156089783,
        "sample_rate": 44100,
        "codec": "mp3",
        "md5_encoded": "3b6c9fbccd7ec7a1d1009c10bc085ad4"
    },
    "tags": {
        "file_name": "Yugoslavia_Halo Halo_Aska.mp3",
        "encoding": ["Lavf58.29.100"]
    }
},
"lowlevel": {
    "average_loudness": 0.895121634007,
    "barkbands_crest": {
        "max": 24.5381774902,
        "mean": 8.68959522247,
        "min": 2.61410498619,
        "stdev": 3.74828624725
    },
    "barkbands_flatness_db": {
        "max": 0.350664973259,
        "mean": 0.160306304693,
        "min": 0.0541189089417,
        "stdev": 0.0351528674364
    },
    "barkbands_kurtosis": {
        "max": 53.6118812561,
        "mean": 1.84908664227,
        "min": -1.79628777504,
        "stdev": 4.17841434479
    },
    "barkbands_skewness": {
        "max": 5.23485851288,
        "mean": 0.971675336361,
        "min": -1.67372190952,
        "stdev": 0.856028914452
    },
    "barkbands_spread": {
        "max": 64.426071167,
        "mean": 18.3325805664,
        "min": 0.787336707115,
        "stdev": 8.51965618134
    },
    "dissonance": {
        "max": 0.499775052071,
        "mean": 0.46403324604,
        "min": 0.324096530676,
        "stdev": 0.028220910579
    },
    "dynamic_complexity": 3.38053274155,
    "erbbands_crest": {
        "max": 32.2062797546,
        "mean": 9.34703540802,
        "min": 2.5510289669,
        "stdev": 4.71999740601
    },
    "erbbands_flatness_db": {
        "max": 0.410314619541,
        "mean": 0.222578853369,
        "min": 0.123366720974,
        "stdev": 0.0437398664653
    },
    "erbbands_kurtosis": {
        "max": 48.3894691467,
        "mean": 0.626968681812,
        "min": -1.67484688759,
        "stdev": 2.97153806686
    },
    "erbbands_skewness": {
        "max": 5.40976572037,
        "mean": 0.36503380537,
        "min": -2.64470982552,
        "stdev": 0.839057028294
    },
    "erbbands_spread": {
        "max": 95.0913238525,
        "mean": 29.4574947357,
        "min": 1.64710628986,
        "stdev": 14.260477066
    },
    "hfc": {
        "max": 92.1015014648,
        "mean": 16.3073730469,
        "min": 0.256146043539,
        "stdev": 15.6420917511
    },
    "loudness_ebu128": {
        "integrated": -18.0861320496,
        "loudness_range": 4.03919792175,
        "momentary": {
            "max": -13.0738315582,
            "mean": -19.032333374,
            "min": -28.4510440826,
            "stdev": 3.05539250374
        },
        "short_term": {
            "max": -15.2616252899,
            "mean": -18.2712745667,
            "min": -21.1853561401,
            "stdev": 1.42492604256
        }
    },
    "melbands_crest": {
        "max": 32.6546173096,
        "mean": 11.2311687469,
        "min": 3.80663251877,
        "stdev": 4.71790027618
    },
    "melbands_flatness_db": {
        "max": 0.392139047384,
        "mean": 0.170625850558,
        "min": 0.0491714552045,
        "stdev": 0.0419320911169
    },
    "melbands_kurtosis": {
        "max": 69.6768417358,
        "mean": 5.43484973907,
        "min": -1.70307266712,
        "stdev": 7.62132978439
    },
    "melbands_skewness": {
        "max": 6.63891935349,
        "mean": 1.57970416546,
        "min": -0.797943115234,
        "stdev": 1.08235502243
    },
    "melbands_spread": {
        "max": 120.805854797,
        "mean": 25.7222690582,
        "min": 1.60756933689,
        "stdev": 14.4187393188
    },
    "pitch_salience": {
        "max": 0.848034322262,
        "mean": 0.620057821274,
        "min": 0.137455940247,
        "stdev": 0.0906754881144
    },
    "silence_rate_20dB": {
        "max": 1,
        "mean": 1,
        "min": 1,
        "stdev": 0
    },
    "silence_rate_30dB": {
        "max": 1,
        "mean": 0.997778773308,
        "min": 0,
        "stdev": 0.0470776744187
    },
    "silence_rate_60dB": {
        "max": 1,
        "mean": 0.0986228361726,
        "min": 0,
        "stdev": 0.298153340816
    },
    "spectral_centroid": {
        "max": 3731.19580078,
        "mean": 1390.22595215,
        "min": 491.773254395,
        "stdev": 492.819091797
    },
    "spectral_complexity": {
        "max": 42,
        "mean": 18.0666370392,
        "min": 0,
        "stdev": 7.83969974518
    },
    "spectral_decrease": {
        "max": -5.59162230407e-11,
        "mean": -3.90861654154e-09,
        "min": -3.50276216921e-08,
        "stdev": 3.49892315121e-09
    },
    "spectral_energy": {
        "max": 0.13972170651,
        "mean": 0.0162311624736,
        "min": 0.000234273902606,
        "stdev": 0.0144278910011
    },
    "spectral_energyband_high": {
        "max": 0.00528602628037,
        "mean": 0.000295354286209,
        "min": 3.72163185602e-06,
        "stdev": 0.000444333563792
    },
    "spectral_energyband_low": {
        "max": 0.0124097177759,
        "mean": 0.000823929498438,
        "min": 7.19284935258e-06,
        "stdev": 0.000951649912167
    },
    "spectral_energyband_middle_high": {
        "max": 0.0590830259025,
        "mean": 0.00643056817353,
        "min": 5.33066559001e-05,
        "stdev": 0.00746565172449
    },
    "spectral_energyband_middle_low": {
        "max": 0.135571032763,
        "mean": 0.00910404883325,
        "min": 0.000137360213557,
        "stdev": 0.0108786877245
    },
    "spectral_entropy": {
        "max": 8.28731250763,
        "mean": 7.51670265198,
        "min": 5.86020612717,
        "stdev": 0.274599224329
    },
    "spectral_flux": {
        "max": 0.213456690311,
        "mean": 0.0718611478806,
        "min": 0.0117429485545,
        "stdev": 0.033998709172
    },
    "spectral_kurtosis": {
        "max": 33.9570503235,
        "mean": 3.93094658852,
        "min": -0.560113668442,
        "stdev": 3.17150855064
    },
    "spectral_rms": {
        "max": 0.0116753522307,
        "mean": 0.0036406100262,
        "min": 0.000478079396999,
        "stdev": 0.00160662073176
    },
    "spectral_rolloff": {
        "max": 6890.625,
        "mean": 1599.66699219,
        "min": 215.33203125,
        "stdev": 796.571899414
    },
    "spectral_skewness": {
        "max": 4.36216115952,
        "mean": 1.28916788101,
        "min": -0.185916304588,
        "stdev": 0.415608495474
    },
    "spectral_spread": {
        "max": 9037358,
        "mean": 3204648.25,
        "min": 1702292.5,
        "stdev": 743234
    },
    "spectral_strongpeak": {
        "max": 12.7951059341,
        "mean": 1.31532478333,
        "min": 0.0108064897358,
        "stdev": 1.46564424038
    },
    "zerocrossingrate": {
        "max": 0.17626953125,
        "mean": 0.0593078434467,
        "min": 0.02392578125,
        "stdev": 0.0188792813569
    },
    "barkbands": {
        "max": [0.000227575859753, 0.00583298271522, 0.00623882608488, 0.021341662854, 0.0173612833023, 0.0352827683091, 0.0204623453319, 0.126578435302, 0.0688777863979, 0.0500929877162, 0.021616820246, 0.0160888954997, 0.0189658328891, 0.0176059212536, 0.0216412749141, 0.016273425892, 0.0180061683059, 0.00641575921327, 0.00492406822741, 0.004429936409, 0.00234900624491, 0.00270710862242, 0.00118859158829, 0.000322603067616, 3.36947923643e-05, 2.40663553086e-07, 2.24247912683e-07],
        "mean": [9.78638854576e-06, 0.000322369567584, 0.000303083506878, 0.000479769369122, 0.00153058883734, 0.00117152323946, 0.00110564462375, 0.0028116942849, 0.00155341858044, 0.00160947442055, 0.000635725737084, 0.000784080009907, 0.00065551843727, 0.000669810979161, 0.000499767251313, 0.000448645150755, 0.000514527782798, 0.00048429693561, 0.000254636921454, 0.000173552398337, 6.92623507348e-05, 7.80071568443e-05, 4.43307035312e-05, 2.02446644835e-05, 1.40569864016e-06, 6.8995933411e-09, 7.12000181036e-10],
        "min": [1.14395186657e-08, 3.89220133457e-07, 7.12657367785e-07, 1.01273303699e-06, 1.01007854028e-05, 1.74423325916e-06, 3.50027312379e-06, 2.91299693345e-06, 3.51420521838e-06, 2.68278972726e-06, 6.97735003996e-07, 1.45110197991e-06, 1.26824500057e-06, 1.85608826087e-06, 9.53186997776e-07, 2.70691384685e-06, 1.92342758965e-06, 2.41043653659e-06, 1.94277049559e-06, 2.01012676371e-06, 1.0497058156e-06, 7.67596077367e-07, 3.86222239968e-07, 8.42017797709e-08, 4.71952234238e-11, 3.18167055202e-11, 1.99373330345e-11],
        "stdev": [1.59294722835e-05, 0.000390022440115, 0.000468673795694, 0.00111101381481, 0.0018172590062, 0.00172896927688, 0.00200437288731, 0.0086155962199, 0.00357346935198, 0.00329185603186, 0.00154592678882, 0.00149707787205, 0.00160517753102, 0.00144790660124, 0.00119310966693, 0.00099206645973, 0.00133849307895, 0.000720097275916, 0.000472524465295, 0.000334505864885, 0.000123384626932, 0.000143920828123, 7.34691711841e-05, 2.82168584818e-05, 2.46602439802e-06, 1.16093836766e-08, 5.86665960256e-09]
    },
    "erbbands": {
        "max": [0.0853725150228, 1.74685180187, 7.83820915222, 30.6051826477, 102.618858337, 57.7127532959, 140.730163574, 367.229309082, 306.632507324, 596.374938965, 3171.54711914, 2129.3659668, 1218.05847168, 1213.35412598, 964.189025879, 626.209411621, 777.73425293, 986.721740723, 1256.58227539, 639.547790527, 1027.03308105, 1261.6574707, 494.653167725, 313.312896729, 158.05241394, 254.652999878, 139.642303467, 64.181312561, 100.169639587, 87.8134994507, 27.4792118073, 10.5338869095, 3.72179889679, 0.809760034084, 0.0248675532639, 0.00175305618905, 0.000432124914369, 0.000146053702338, 6.88261425239e-05, 0.000159046583576],
        "mean": [0.00683317426592, 0.0825847089291, 0.328905194998, 1.01245641708, 3.55703520775, 4.92146682739, 8.14809417725, 9.41113185883, 14.6738615036, 23.1089687347, 69.8291625977, 38.6337127686, 49.2728614807, 37.4989204407, 32.0982398987, 27.561668396, 27.1916809082, 39.5451927185, 28.27866745, 24.3962936401, 23.7493858337, 31.6335964203, 27.9952468872, 18.1711769104, 10.720202446, 7.78647232056, 4.1617231369, 2.37115454674, 2.71460962296, 2.34690237045, 1.10886383057, 0.59195959568, 0.227401286364, 0.0391232818365, 0.00119796814397, 0.00012525251077, 1.97190183826e-05, 5.6231247072e-06, 9.96397920972e-06, 1.99316800717e-05],
        "min": [1.44730302054e-05, 0.00022053765133, 0.00168835686054, 0.0124214747921, 0.0323755405843, 0.0414588488638, 0.0134054142982, 0.0236598756164, 0.118751481175, 0.0594565160573, 0.091104015708, 0.102169834077, 0.102364771068, 0.0901978611946, 0.0893558487296, 0.0622153803706, 0.0740669667721, 0.127824425697, 0.0878410860896, 0.106127232313, 0.192332684994, 0.148330047727, 0.147046074271, 0.124660298228, 0.0936423242092, 0.0780404433608, 0.0539050288498, 0.0316023118794, 0.0290056262165, 0.0217238068581, 0.0118433991447, 0.00481407204643, 0.00133327080403, 0.000208698314964, 8.89315469976e-06, 2.27967507271e-06, 6.72625560583e-07, 1.65833057508e-07, 1.87598502066e-07, 3.05204139295e-07],
        "stdev": [0.00797791406512, 0.106932878494, 0.49116769433, 1.81324398518, 6.49488973618, 6.25623369217, 9.58195972443, 16.4917945862, 28.5144386292, 47.3902282715, 220.177474976, 99.803314209, 96.7532043457, 73.8386764526, 62.6106491089, 47.9443664551, 58.1460113525, 86.801071167, 56.8546104431, 48.3316116333, 53.1116981506, 86.6356506348, 42.7201423645, 31.2114486694, 16.0456314087, 14.6194190979, 8.07151889801, 3.83515334129, 5.00278282166, 4.46574258804, 1.68654191494, 0.80785381794, 0.328151732683, 0.0618217028677, 0.0018272199668, 0.000164000754012, 2.07347147807e-05, 6.3073371166e-06, 8.42088502395e-06, 1.74179222086e-05]
    },
    "gfcc": {
        "mean": [-52.4708900452, 137.893829346, -180.52355957, 44.8786201477, -79.8638000488, 3.69031739235, -30.3750724792, -11.7254734039, 0.558854520321, -28.4856300354, 6.0339717865, -17.3264694214, 0.721315205097],
        "cov": [[2187.23925781, -319.849853516, -485.584625244, -96.5532608032, 1.12644779682, 22.2687721252, 120.558654785, 26.9002532959, -8.87273216248, -1.72005057335, -4.80406761169, -57.4708175659, -52.1869659424], [-319.849853516, 420.504211426, 15.7642116547, -209.165786743, 72.441078186, -62.6099357605, 127.249153137, -32.5027542114, 27.3413276672, -32.2160491943, 39.643901825, -2.17946147919, -28.8812503815], [-485.584625244, 15.7642116547, 493.223449707, 210.635498047, -100.278465271, 109.678871155, -148.58656311, 23.3763885498, -55.2904167175, 19.6807689667, -21.1102428436, -21.1399478912, 36.833442688], [-96.5532608032, -209.165786743, 210.635498047, 411.906524658, 30.5853443146, 51.3236160278, -171.005371094, -2.14258432388, -24.8702583313, 12.5824804306, -54.8763389587, 12.6258468628, 60.2122306824], [1.12644779682, 72.441078186, -100.278465271, 30.5853443146, 167.670944214, -3.36980414391, 39.9170608521, -3.48412871361, 25.1998214722, -14.8070030212, -0.00503922533244, 10.0439062119, 1.57655966282], [22.2687721252, -62.6099357605, 109.678871155, 51.3236160278, -3.36980414391, 226.202087402, 24.001159668, 28.8483295441, -75.2836227417, 11.9300842285, 6.85314178467, -37.707824707, -2.86473035812], [120.558654785, 127.249153137, -148.58656311, -171.005371094, 39.9170608521, 24.001159668, 241.207199097, 21.9471435547, 8.50447845459, -6.48909044266, 37.8326911926, -7.17436313629, -55.6480636597], [26.9002532959, -32.5027542114, 23.3763885498, -2.14258432388, -3.48412871361, 28.8483295441, 21.9471435547, 91.5923461914, 31.3450546265, 16.8668498993, 9.52581882477, -5.5704407692, -3.84680390358], [-8.87273216248, 27.3413276672, -55.2904167175, -24.8702583313, 25.1998214722, -75.2836227417, 8.50447845459, 31.3450546265, 122.970710754, 36.8913726807, -5.12448453903, 12.6191930771, -5.08102083206], [-1.72005057335, -32.2160491943, 19.6807689667, 12.5824804306, -14.8070030212, 11.9300842285, -6.48909044266, 16.8668498993, 36.8913726807, 69.0820083618, 23.067691803, -4.63483095169, -0.965710163116], [-4.80406761169, 39.643901825, -21.1102428436, -54.8763389587, -0.00503922533244, 6.85314178467, 37.8326911926, 9.52581882477, -5.12448453903, 23.067691803, 66.6361160278, 21.357881546, -11.4872112274], [-57.4708175659, -2.17946147919, -21.1399478912, 12.6258468628, 10.0439062119, -37.707824707, -7.17436313629, -5.5704407692, 12.6191930771, -4.63483095169, 21.357881546, 65.6314163208, 28.2669258118], [-52.1869659424, -28.8812503815, 36.833442688, 60.2122306824, 1.57655966282, -2.86473035812, -55.6480636597, -3.84680390358, -5.08102083206, -0.965710163116, -11.4872112274, 28.2669258118, 69.1900177002]],
        "icov": [[0.000753186410293, 0.000482366769575, 0.000893721124157, -0.000242572525167, 0.000408448715461, -0.000133929133881, -0.000210630503716, -8.85681511136e-05, -0.000154578970978, 0.000525432697032, -0.000651183654554, 0.0012513884576, -0.000307787413476], [0.000482366769575, 0.0150708239526, -0.0106760682538, 0.00893885921687, -0.0110087431967, 0.00521992286667, -0.0068080322817, 0.00984041858464, -0.00761974649504, 0.0104150595143, -0.0110357161611, 0.00880599021912, -0.0057463622652], [0.000893721124157, -0.0106760682538, 0.0135432500392, -0.00897582899779, 0.0115138655528, -0.00565827544779, 0.00598821602762, -0.00821109674871, 0.00503062084317, -0.00591035233811, 0.00566072016954, -0.00313946814276, 0.00319148669951], [-0.000242572525167, 0.00893885921687, -0.00897582899779, 0.0117053315043, -0.0106352902949, 0.00310111790895, -0.00136054574978, 0.00474135624245, -0.000894937140401, 0.000639421865344, 0.000777740380727, -0.000562366796657, -0.00201774761081], [0.000408448715461, -0.0110087431967, 0.0115138655528, -0.0106352902949, 0.0187153592706, -0.00615384569392, 0.0031288091559, -0.00535819400102, -0.000494417850859, -0.000333730364218, 0.00207524606958, -0.0020172665827, 0.00150368828326], [-0.000133929133881, 0.00521992286667, -0.00565827544779, 0.00310111790895, -0.00615384569392, 0.010996542871, -0.00439905934036, -0.000242181660724, 0.00512572191656, -0.0018695872277, -0.00197606673464, 0.00504138274118, -0.00260203890502], [-0.000210630503716, -0.0068080322817, 0.00598821602762, -0.00136054574978, 0.0031288091559, -0.00439905934036, 0.011533562094, -0.00622081011534, 0.0038659858983, -0.00455693993717, 0.00470730895177, -0.006193340756, 0.00720445765182], [-8.85681511136e-05, 0.00984041858464, -0.00821109674871, 0.00474135624245, -0.00535819400102, -0.000242181660724, -0.00622081011534, 0.0225475858897, -0.0145832262933, 0.0116922035813, -0.0134753072634, 0.00934050604701, -0.00631271442398], [-0.000154578970978, -0.00761974649504, 0.00503062084317, -0.000894937140401, -0.000494417850859, 0.00512572191656, 0.0038659858983, -0.0145832262933, 0.0291041005403, -0.0257030203938, 0.0221477951854, -0.0148131297901, 0.00883292593062], [0.000525432697032, 0.0104150595143, -0.00591035233811, 0.000639421865344, -0.000333730364218, -0.0018695872277, -0.00455693993717, 0.0116922035813, -0.0257030203938, 0.0437215529382, -0.032395478338, 0.0216720663011, -0.0112607330084], [-0.000651183654554, -0.0110357161611, 0.00566072016954, 0.000777740380727, 0.00207524606958, -0.00197606673464, 0.00470730895177, -0.0134753072634, 0.0221477951854, -0.032395478338, 0.0489163845778, -0.0306786578149, 0.015948748216], [0.0012513884576, 0.00880599021912, -0.00313946814276, -0.000562366796657, -0.0020172665827, 0.00504138274118, -0.006193340756, 0.00934050604701, -0.0148131297901, 0.0216720663011, -0.0306786578149, 0.04226532951, -0.0205726325512], [-0.000307787413476, -0.0057463622652, 0.00319148669951, -0.00201774761081, 0.00150368828326, -0.00260203890502, 0.00720445765182, -0.00631271442398, 0.00883292593062, -0.0112607330084, 0.015948748216, -0.0205726325512, 0.0287246350199]]
    },
    "melbands": {
        "max": [0.00103796017356, 0.00336215086281, 0.00851912796497, 0.00467229261994, 0.00390687258914, 0.00786249618977, 0.00409571547061, 0.0118532963097, 0.0246980860829, 0.0120620839298, 0.00616865232587, 0.00524015072733, 0.0028122169897, 0.00219948845915, 0.000953954993747, 0.00254130549729, 0.00217874790542, 0.00178935774602, 0.00131629814859, 0.0009670361178, 0.00116366904695, 0.00147623568773, 0.00107813347131, 0.000475588254631, 0.000304620072711, 0.000161896226928, 0.000213167426409, 0.000148934370372, 0.000131479086122, 3.0988434446e-05, 4.47235361207e-05, 6.36550466879e-05, 7.36374058761e-05, 3.9682687202e-05, 1.50774740177e-05, 1.07678379209e-05, 5.57979046789e-06, 3.40296310242e-06, 1.42545275139e-06, 3.6794119751e-07],
        "mean": [7.54630673327e-05, 0.000154233639478, 0.00024887768086, 0.00032379059121, 0.000265224400209, 0.000219722642214, 0.000220864501898, 0.000307497481117, 0.000542412570212, 0.000224691742915, 0.000250492856139, 0.000162472657394, 9.70014152699e-05, 0.000101579636976, 4.18922136305e-05, 8.01409914857e-05, 7.00242599123e-05, 4.37763956143e-05, 3.80714009225e-05, 3.09281276714e-05, 2.52946574619e-05, 3.19967039104e-05, 2.67813793471e-05, 2.48797241511e-05, 1.35755217343e-05, 8.78811079019e-06, 6.64879325996e-06, 4.85517284687e-06, 3.03748765873e-06, 1.56948738095e-06, 1.26913380427e-06, 1.47333594214e-06, 1.63339859682e-06, 1.16067667477e-06, 6.80650146023e-07, 4.34576747921e-07, 3.26565384512e-07, 1.74383544049e-07, 8.47332159992e-08, 1.28136061761e-08],
        "min": [9.58334851475e-08, 6.81042251927e-07, 3.74921387447e-06, 2.91237324745e-06, 6.40829284748e-07, 4.22910517273e-07, 1.38782388603e-06, 7.98613768893e-07, 6.77972252561e-07, 5.23838025401e-07, 3.64579022971e-07, 2.66688687134e-07, 1.55289143322e-07, 2.00910463377e-07, 1.4172644569e-07, 6.2875038509e-08, 2.16280270138e-07, 1.21755732607e-07, 8.54061852351e-08, 2.01718066251e-07, 1.95756413746e-07, 1.09924421565e-07, 1.16546758022e-07, 1.06173771997e-07, 8.61088764736e-08, 5.07793238569e-08, 5.09692625883e-08, 3.94225416755e-08, 2.84973946663e-08, 1.53102348577e-08, 1.70567115987e-08, 1.50235681673e-08, 1.66194951134e-08, 9.92892168483e-09, 7.11887970795e-09, 3.73088093752e-09, 1.20454923813e-09, 8.70095495653e-10, 9.13136996572e-11, 4.10481625903e-13],
        "stdev": [8.45776812639e-05, 0.000205932985409, 0.00047053254093, 0.000453432963695, 0.000286907190457, 0.000355900207069, 0.00040418599383, 0.000719400763046, 0.0016817121068, 0.000579180312343, 0.000502727052663, 0.000332566007273, 0.000206759796129, 0.000200497393962, 7.51920379116e-05, 0.000204637981369, 0.000160179159138, 8.85716362973e-05, 9.33566043386e-05, 7.01067692717e-05, 6.13038209849e-05, 9.36465439736e-05, 5.284765939e-05, 4.31153348472e-05, 2.64560767391e-05, 1.54007593665e-05, 1.19384985737e-05, 9.95118261926e-06, 7.09237929186e-06, 2.6235165933e-06, 2.22514790948e-06, 2.75597381005e-06, 3.26536132889e-06, 2.22241942538e-06, 1.06377672182e-06, 6.26180906238e-07, 4.56912488289e-07, 2.62776893578e-07, 1.34352589498e-07, 2.29081749126e-08]
    },
    "melbands128": {
        "max": [0.000165784382261, 0.000765492091887, 0.00102568196598, 0.00355746224523, 0.00480923708528, 0.00285403430462, 0.00387668027543, 0.0139249507338, 0.0123754758388, 0.00776119483635, 0.00411932077259, 0.00377346295863, 0.00642772298306, 0.00460587255657, 0.00606974028051, 0.0169262699783, 0.00776424957439, 0.00637537520379, 0.00807879120111, 0.0104712406173, 0.021177329123, 0.0502088218927, 0.0428618080914, 0.00895181391388, 0.0271295756102, 0.00910947937518, 0.00999525655061, 0.0123809147626, 0.0166610982269, 0.00885509327054, 0.00584897445515, 0.00667636003345, 0.00367870670743, 0.00615249248222, 0.00452510360628, 0.00345523189753, 0.00233412859961, 0.00147960113827, 0.002542730188, 0.00308380601928, 0.00492116296664, 0.00400984985754, 0.00344138266519, 0.00338175101206, 0.00252193282358, 0.00195710221305, 0.00483726756647, 0.00239017559215, 0.00232607987709, 0.00106709892862, 0.00161517050583, 0.00162467779592, 0.00261365040205, 0.00121378281619, 0.000510280835442, 0.00267582386732, 0.0031340001151, 0.00217359722592, 0.000820474349894, 0.000437624548795, 0.0010131605668, 0.000492169521749, 0.000313221593387, 0.000750851875637, 0.000613537617028, 0.000336892640917, 0.00027116338606, 0.000142831995618, 0.000418168958277, 0.000516513595358, 0.00015458346752, 0.00032579008257, 0.000274876365438, 0.000275771308225, 5.6580749515e-05, 6.12499788986e-05, 3.50015980075e-05, 4.22837292717e-05, 6.46586995572e-05, 4.82477735204e-05, 9.62853882811e-05, 4.91322098242e-05, 6.88433938194e-05, 9.00803715922e-05, 6.50914080325e-05, 4.95703243359e-05, 3.70824127458e-05, 2.9642285881e-05, 1.41874270412e-05, 1.6673700884e-05, 1.16025821626e-05, 1.46567663251e-05, 8.56530823512e-06, 6.22433117314e-06, 7.35519142836e-06, 5.52232859263e-06, 3.04007471641e-06, 2.53242774306e-06, 2.01309512704e-06, 1.52994948621e-06, 8.35535900023e-07, 1.12259606055e-08, 2.93048740829e-09, 2.51603760049e-09, 2.23376228625e-09, 2.02452810072e-09, 1.92049576242e-09, 4.97714136571e-09, 2.31852514965e-09, 1.52970069944e-09, 1.45441092503e-09, 1.3789757114e-09, 1.3180222469e-09, 1.25021881736e-09, 1.20360132971e-09, 1.14819820318e-09, 1.10138287379e-09, 1.06693776036e-09, 1.03301311949e-09, 9.97502414002e-10, 9.70305280568e-10, 9.40467259625e-10, 9.22705190032e-10, 9.00732488596e-10, 8.84973205828e-10, 8.7733542653e-10, 8.66549554335e-10, 8.60178206441e-10],
        "mean": [7.81564176577e-06, 4.43503558927e-05, 9.69795146375e-05, 0.000147431055666, 0.00016434097779, 0.000145799858728, 0.000176685920451, 0.000268340256298, 0.000373152084649, 0.000386300904211, 0.00023891289311, 0.000235515239183, 0.000307455018628, 0.000260490807705, 0.00019072140276, 0.000204902418773, 0.00024754734477, 0.00022336555412, 0.000182214804227, 0.000217346241698, 0.000322359410347, 0.00070514343679, 0.000693002424669, 0.000220219226321, 0.000229540848522, 0.000203600182431, 0.000235022278503, 0.000243546644924, 0.000297676364426, 0.000204086580197, 0.000106109313492, 8.72561868164e-05, 9.05596243683e-05, 0.00010394196579, 0.000131242835778, 0.000101559009636, 5.49002834305e-05, 3.58898323611e-05, 3.35551412718e-05, 5.10613899678e-05, 0.000103246944491, 0.000102961334051, 7.64993455959e-05, 4.75571323477e-05, 4.60291230411e-05, 4.08987580158e-05, 4.62566240458e-05, 4.26585720561e-05, 3.12222000503e-05, 2.90449806926e-05, 3.2777999877e-05, 3.01377240248e-05, 3.11130788759e-05, 2.07636458072e-05, 1.79456783371e-05, 3.58112774848e-05, 4.38516835857e-05, 2.55956892943e-05, 2.18649129238e-05, 2.42634432652e-05, 3.12338852382e-05, 2.03565923584e-05, 1.22477558762e-05, 1.33093471959e-05, 1.28453148136e-05, 7.94888364908e-06, 6.8348831519e-06, 6.98957455825e-06, 7.0435435191e-06, 5.6024564401e-06, 4.42976397608e-06, 5.02718557982e-06, 4.09088943343e-06, 2.62690377895e-06, 1.84694488325e-06, 1.65210849445e-06, 1.36309631671e-06, 1.33907280997e-06, 1.2160218148e-06, 1.21999687508e-06, 1.46256786593e-06, 1.50858920733e-06, 1.71207398125e-06, 1.65451024259e-06, 1.63006711773e-06, 1.26466989059e-06, 1.04085563635e-06, 8.51361050991e-07, 6.88950819949e-07, 5.34802040875e-07, 4.33814363987e-07, 4.21817986762e-07, 4.08364030591e-07, 3.51303697244e-07, 2.56502687535e-07, 2.05122830721e-07, 1.59529520261e-07, 1.29658047854e-07, 9.47064791035e-08, 5.99027529802e-08, 2.78955294419e-08, 2.5562546524e-10, 1.00523660576e-11, 6.80835509498e-12, 6.07989353307e-12, 5.68233914783e-12, 5.51362983048e-11, 2.43981279624e-10, 9.04844463245e-11, 1.30163839776e-11, 4.54291465557e-12, 4.30098057863e-12, 4.10745482765e-12, 3.94461329919e-12, 3.82781393388e-12, 3.65478697653e-12, 3.45392551365e-12, 3.3189553536e-12, 3.2268569327e-12, 3.14860962823e-12, 3.07488084474e-12, 3.01266411991e-12, 2.95169162549e-12, 2.89481871633e-12, 2.85670554052e-12, 2.82777295503e-12, 2.80624525353e-12, 2.78696900627e-12],
        "min": [4.69147116988e-11, 3.85530682934e-08, 4.55099140595e-08, 1.75358138677e-07, 2.66918959824e-07, 5.01937620356e-07, 3.718572259e-07, 3.59796899829e-07, 6.94968207426e-07, 3.81825884688e-07, 3.18893114581e-07, 5.42749603483e-07, 3.34921196554e-07, 3.83122795711e-07, 3.57272398332e-07, 2.83955614577e-07, 7.4145174267e-07, 5.23191374668e-07, 9.31090085032e-08, 4.61047484634e-08, 3.0144016705e-07, 4.20475345209e-07, 4.54970177088e-07, 1.87907005511e-07, 2.37584927731e-07, 1.90793258525e-07, 9.10703690238e-08, 1.01825435195e-07, 2.51922415373e-07, 1.22233899447e-07, 1.04824785296e-07, 4.20661834255e-08, 7.45604111785e-08, 1.22172338024e-07, 8.96058622857e-08, 8.46316510206e-08, 7.40919716691e-08, 9.32567587597e-08, 1.26030712977e-07, 3.62438363766e-08, 2.03752037464e-08, 6.72902942256e-08, 3.73897428574e-08, 3.04362615111e-08, 3.61035290553e-08, 8.38453715346e-08, 5.60358870416e-08, 6.43558522029e-08, 3.36847278959e-08, 9.32151564825e-08, 6.27554825883e-08, 7.36900744869e-08, 1.10007981391e-07, 5.52418590871e-08, 6.12338340034e-08, 2.87719323921e-08, 1.03464905976e-07, 3.0471316137e-08, 6.85339784923e-08, 7.95632644213e-08, 8.58406608018e-08, 1.64755054044e-08, 5.10526021458e-08, 2.77078466837e-08, 2.34262760301e-08, 1.077908518e-08, 2.41050504002e-08, 1.95327203301e-08, 3.40633938833e-08, 4.2006170986e-08, 1.64155391502e-08, 1.86868511776e-08, 2.29503474003e-08, 1.79846306736e-08, 1.19466125881e-08, 1.55070556396e-09, 1.04786996857e-08, 7.45296091509e-09, 1.41856526525e-08, 7.2697421416e-09, 8.94414231567e-09, 1.1593416005e-08, 1.49082808321e-08, 1.1897753005e-08, 7.71879182793e-09, 8.88964279966e-09, 8.31136137691e-09, 6.83987089189e-09, 1.71594405352e-09, 1.40669498272e-09, 1.54870893887e-09, 1.62345481503e-09, 5.81023951174e-10, 1.02880415298e-09, 9.38402022754e-10, 8.86320600246e-11, 1.91395371774e-10, 7.71209762718e-11, 6.30162675513e-12, 4.56821592273e-13, 4.71716578559e-13, 1.16902256105e-13, 6.82646959251e-14, 4.71099125422e-14, 5.50570873614e-14, 7.46330826458e-14, 8.65209122338e-14, 1.40936267106e-13, 1.58336953032e-13, 8.35243468356e-14, 8.53639329904e-14, 5.69295383946e-14, 7.73083311777e-14, 7.49704253756e-14, 7.51923412315e-14, 6.81996099134e-14, 5.29061115664e-14, 6.9943630423e-14, 5.74951598917e-14, 6.55383001558e-14, 6.85809848039e-14, 7.16395259087e-14, 6.06158325573e-14, 6.61095188466e-14, 7.7999571049e-14, 7.85183346835e-14, 7.01647670086e-14, 7.06089849675e-14],
        "stdev": [1.30279295263e-05, 6.38070850982e-05, 0.000115418821224, 0.000214445084566, 0.000264183065156, 0.00022304111917, 0.000292344222544, 0.000702330726199, 0.00075887539424, 0.000656309712213, 0.000377887830837, 0.000329641799908, 0.000424813275458, 0.000402973179007, 0.000392426212784, 0.000599932274781, 0.000603253371082, 0.000522907415871, 0.000427122897236, 0.000666365202051, 0.00102127937134, 0.00250569195487, 0.00272476510145, 0.000604403729085, 0.00109347573016, 0.000570803647861, 0.000638372264802, 0.000664172228426, 0.000803327711765, 0.000535814557225, 0.000311977870297, 0.000318832899211, 0.000256377330516, 0.000304183893604, 0.000347046152456, 0.000254489772487, 0.00013207810116, 9.43020349951e-05, 0.000109327906102, 0.000151292813825, 0.000350217917003, 0.000301497260807, 0.00023482668621, 0.000160455747391, 0.000123093719594, 0.000108879416075, 0.000174662025529, 0.000135577909532, 0.000112973277282, 8.12384314486e-05, 0.000101275283669, 0.000103776837932, 0.000106396430056, 6.72414389555e-05, 3.95773495256e-05, 0.00014483142877, 0.000177394511411, 8.42280132929e-05, 4.01846955356e-05, 4.59181865153e-05, 7.60568436817e-05, 4.27218074037e-05, 2.76377704722e-05, 4.22224838985e-05, 3.99868440581e-05, 1.75530785782e-05, 1.41713944686e-05, 1.31173965201e-05, 1.72469626705e-05, 1.61751777341e-05, 9.93615685729e-06, 1.58343573275e-05, 1.46668098751e-05, 8.97282006918e-06, 4.407632332e-06, 3.51863263859e-06, 2.35768084167e-06, 2.61566719928e-06, 2.46167678597e-06, 2.36345022131e-06, 3.27655857291e-06, 3.00312058243e-06, 3.78472236662e-06, 3.80466985916e-06, 3.34652327183e-06, 2.83373015009e-06, 2.05487481253e-06, 1.55942927904e-06, 1.13746727948e-06, 9.13548035442e-07, 6.50991012208e-07, 7.26525456685e-07, 6.30415911473e-07, 5.11608902798e-07, 4.18426225224e-07, 3.41023707051e-07, 2.55181078046e-07, 2.04500281598e-07, 1.63750314641e-07, 1.07584789077e-07, 5.3872621919e-08, 6.18930517948e-10, 6.99680313687e-11, 5.99120128508e-11, 5.4200512134e-11, 5.01025332333e-11, 1.0884949192e-10, 4.03768352086e-10, 1.58630983349e-10, 4.33051060289e-11, 3.67066377294e-11, 3.50559026252e-11, 3.36456348893e-11, 3.20665403952e-11, 3.10308063967e-11, 2.97470832689e-11, 2.86584055098e-11, 2.77327223686e-11, 2.68538160458e-11, 2.60481063802e-11, 2.5363079692e-11, 2.4704143245e-11, 2.42237271908e-11, 2.37074214426e-11, 2.32915978171e-11, 2.30246169353e-11, 2.27957583365e-11, 2.26488897082e-11]
    },
    "mfcc": {
        "mean": [-659.195861816, 132.249389648, -29.3757324219, 20.880022049, -14.9547357559, 1.52760875225, -16.9145755768, 11.4502916336, -13.1069688797, 3.38393568993, -5.76830196381, 0.0529470779002, -8.84125995636],
        "cov": [[2456.3918457, -363.609802246, -503.207611084, -107.553703308, -150.046127319, -3.24527525902, 57.2912101746, 36.8681488037, -16.8947658539, 93.4592666626, 77.9187011719, -118.741447449, -31.8202438354], [-363.609802246, 643.280517578, -184.028106689, -132.798156738, -155.594329834, -33.4259414673, 28.8328018188, 61.136806488, -41.6355781555, 20.3460693359, 57.2277641296, 21.5738887787, 5.31413507462], [-503.207611084, -184.028106689, 640.16204834, 43.6672058105, 144.753341675, 23.2451553345, 30.5493850708, -81.2023925781, 34.4686393738, -57.6297302246, -57.8764953613, 52.9392929077, -14.9969272614], [-107.553703308, -132.798156738, 43.6672058105, 263.760803223, 114.191932678, 8.87654018402, -94.9435424805, -19.701713562, 21.6982574463, -25.5969486237, -70.9849700928, 12.9659080505, 31.2546977997], [-150.046127319, -155.594329834, 144.753341675, 114.191932678, 243.119522095, 26.3070907593, -34.8855934143, -38.9663047791, 36.2412490845, -22.5753326416, -55.8985710144, -7.3810095787, -1.0083193779], [-3.24527525902, -33.4259414673, 23.2451553345, 8.87654018402, 26.3070907593, 119.473861694, 60.6059989929, 5.96722221375, -2.70747113228, 12.90092659, 4.90328884125, -27.7139339447, -31.5184440613], [57.2912101746, 28.8328018188, 30.5493850708, -94.9435424805, -34.8855934143, 60.6059989929, 203.13961792, 48.2774047852, -18.1927127838, 10.9598236084, 41.6510009766, -16.979516983, -38.4832267761], [36.8681488037, 61.136806488, -81.2023925781, -19.701713562, -38.9663047791, 5.96722221375, 48.2774047852, 93.3835830688, 8.07905006409, 8.32852745056, 22.4133377075, 1.51990771294, -0.0605135075748], [-16.8947658539, -41.6355781555, 34.4686393738, 21.6982574463, 36.2412490845, -2.70747113228, -18.1927127838, 8.07905006409, 82.4377059937, 18.1694717407, -5.82017469406, 12.0544919968, 3.91080331802], [93.4592666626, 20.3460693359, -57.6297302246, -25.5969486237, -22.5753326416, 12.90092659, 10.9598236084, 8.32852745056, 18.1694717407, 92.6944732666, 51.3319740295, -10.478764534, -9.18309688568], [77.9187011719, 57.2277641296, -57.8764953613, -70.9849700928, -55.8985710144, 4.90328884125, 41.6510009766, 22.4133377075, -5.82017469406, 51.3319740295, 106.361114502, 14.640748024, -9.92809963226], [-118.741447449, 21.5738887787, 52.9392929077, 12.9659080505, -7.3810095787, -27.7139339447, -16.979516983, 1.51990771294, 12.0544919968, -10.478764534, 14.640748024, 85.4125976562, 31.09116745], [-31.8202438354, 5.31413507462, -14.9969272614, 31.2546977997, -1.0083193779, -31.5184440613, -38.4832267761, -0.0605135075748, 3.91080331802, -9.18309688568, -9.92809963226, 31.09116745, 72.4233474731]],
        "icov": [[0.00071487337118, 0.000729324237909, 0.000639316393062, 0.000227731274208, 0.000349843932781, 0.000278487510514, -0.000281337881461, 0.000164392477018, -5.77798382437e-05, -0.000226644551731, -0.00011731046834, 0.000423560471972, 4.78607980767e-05], [0.000729324237909, 0.00284027401358, 0.000974351074547, 0.00104957865551, 0.000883198925294, 0.000375807576347, 2.36092346313e-05, -0.000798207998741, 0.000799152010586, -0.000514009443577, 0.000154400957399, -0.000518932065461, 0.000184180142242], [0.000639316393062, 0.000974351074547, 0.0032181891147, 0.000447183061624, -0.000616232864559, 0.000106486870209, -0.00158192263916, 0.00241171033122, -0.000976389565039, 0.0006530675455, 0.000857211474795, -0.00210272194818, 0.00103775039315], [0.000227731274208, 0.00104957865551, 0.000447183061624, 0.00706812506542, -0.00198913854547, -0.00197148462757, 0.00276707205921, -0.00175773224328, 0.000862650107592, -0.000859852589201, 0.00315458420664, -0.00182718562428, -0.00129022751935], [0.000349843932781, 0.000883198925294, -0.000616232864559, -0.00198913854547, 0.00704351486638, -0.000777279317845, -0.000140966003528, 0.0013947871048, -0.00231852731667, 0.000605105888098, 0.000486806995468, 0.00152526085731, 0.000119644246297], [0.000278487510514, 0.000375807576347, 0.000106486870209, -0.00197148462757, -0.000777279317845, 0.0123178428039, -0.00403965404257, 0.000478219881188, 0.000350955873728, -0.00157026888337, -0.000453464803286, 0.00244471640326, 0.00284164608456], [-0.000281337881461, 2.36092346313e-05, -0.00158192263916, 0.00276707205921, -0.000140966003528, -0.00403965404257, 0.00974923744798, -0.00543483579531, 0.00218559685163, 0.000445684941951, -0.00140038132668, 0.000367289845599, 0.00135763606522], [0.000164392477018, -0.000798207998741, 0.00241171033122, -0.00175773224328, 0.0013947871048, 0.000478219881188, -0.00543483579531, 0.0168670061976, -0.0048472317867, 0.00212157983333, -0.0015710197622, -0.000410151347751, -0.000766019395087], [-5.77798382437e-05, 0.000799152010586, -0.000976389565039, 0.000862650107592, -0.00231852731667, 0.000350955873728, 0.00218559685163, -0.0048472317867, 0.0166994351894, -0.00614545121789, 0.00298770098016, -0.00327026285231, 0.00075176282553], [-0.000226644551731, -0.000514009443577, 0.0006530675455, -0.000859852589201, 0.000605105888098, -0.00157026888337, 0.000445684941951, 0.00212157983333, -0.00614545121789, 0.0185284148902, -0.0098953647539, 0.00413120770827, -0.000440725299995], [-0.00011731046834, 0.000154400957399, 0.000857211474795, 0.00315458420664, 0.000486806995468, -0.000453464803286, -0.00140038132668, -0.0015710197622, 0.00298770098016, -0.0098953647539, 0.0192804094404, -0.00730141252279, 0.00217873882502], [0.000423560471972, -0.000518932065461, -0.00210272194818, -0.00182718562428, 0.00152526085731, 0.00244471640326, 0.000367289845599, -0.000410151347751, -0.00327026285231, 0.00413120770827, -0.00730141252279, 0.0197539739311, -0.00692354235798], [4.78607980767e-05, 0.000184180142242, 0.00103775039315, -0.00129022751935, 0.000119644246297, 0.00284164608456, 0.00135763606522, -0.000766019395087, 0.00075176282553, -0.000440725299995, 0.00217873882502, -0.00692354235798, 0.0197204668075]]
    },
    "spectral_contrast_coeffs": {
        "max": [-0.434965133667, -0.466414541006, -0.505805671215, -0.550735116005, -0.624114751816, -0.504442512989],
        "mean": [-0.696382462978, -0.753613114357, -0.753832638264, -0.780811846256, -0.777135193348, -0.70132035017],
        "min": [-0.859912753105, -0.904785037041, -0.906081318855, -0.911383509636, -0.880578279495, -0.808833777905],
        "stdev": [0.0633054450154, 0.0787325948477, 0.0689658746123, 0.0543325617909, 0.0433621555567, 0.0400882996619]
    },
    "spectral_contrast_valleys": {
        "max": [-5.63731575012, -5.02812576294, -5.66197443008, -6.1771030426, -6.17774343491, -9.54817771912],
        "mean": [-7.21978092194, -6.61236953735, -7.2164440155, -7.54853487015, -7.60875654221, -11.3028125763],
        "min": [-9.37892913818, -8.6404094696, -9.42369174957, -9.46540164948, -9.2594499588, -13.3484315872],
        "stdev": [0.50095641613, 0.499566763639, 0.592849850655, 0.564440369606, 0.562428772449, 0.696502327919]
    }
},
"rhythm": {
    "beats_count": 75,
    "beats_loudness": {
        "max": 0.0453310124576,
        "mean": 0.0197333376855,
        "min": 0.00245309481397,
        "stdev": 0.0108253890648
    },
    "bpm": 87.9365158081,
    "bpm_histogram_first_peak_bpm": 89,
    "bpm_histogram_first_peak_weight": 0.308823406696,
    "bpm_histogram_second_peak_bpm": 83,
    "bpm_histogram_second_peak_spread": 0,
    "bpm_histogram_second_peak_weight": 0.0810810774565,
    "danceability": 1.06751155853,
    "onset_rate": 3.63591074944,
    "beats_loudness_band_ratio": {
        "max": [0.790311217308, 0.622649610043, 0.821310579777, 0.580724298954, 0.617041230202, 0.178949862719],
        "mean": [0.142639115453, 0.205840632319, 0.301535069942, 0.212587282062, 0.15394474566, 0.0495087578893],
        "min": [0.00624788319692, 0.0178826190531, 0.0391917601228, 0.0184682440013, 0.0118732005358, 0.00870326347649],
        "stdev": [0.156503170729, 0.153316810727, 0.196123227477, 0.158753529191, 0.124708972871, 0.0326271317899]
    },
