{
"metadata": {
    "version": {
        "essentia": "2.1-beta5",
        "essentia_git_sha": "Undefined",
        "extractor": "music 2.0"
    },
    "audio_properties": {
        "analysis": {
            "equal_loudness": 0,
            "length": 12.7477550507,
            "sample_rate": 44100,
            "start_time": 0,
            "downmix": "mix"
        },
        "bit_rate": 192000,
        "length": 161.843078613,
        "lossless": 0,
        "number_channels": 2,
        "replay_gain": -0.525861740112,
        "sample_rate": 44100,
        "codec": "mp3",
        "md5_encoded": "b90c4c891c48d92fccb64e2977000e35"
    },
    "tags": {
        "file_name": "Austria_Sonntag_Mess.mp3",
        "encoding": ["Lavf58.29.100"]
    }
},
"lowlevel": {
    "average_loudness": 0.969089984894,
    "barkbands_crest": {
        "max": 23.3557434082,
        "mean": 9.05992794037,
        "min": 2.72309494019,
        "stdev": 4.36353158951
    },
    "barkbands_flatness_db": {
        "max": 0.233893156052,
        "mean": 0.139042675495,
        "min": 0.065521299839,
        "stdev": 0.0304018072784
    },
    "barkbands_kurtosis": {
        "max": 29.9062957764,
        "mean": 2.8210208416,
        "min": -1.68233406544,
        "stdev": 4.7182970047
    },
    "barkbands_skewness": {
        "max": 5.12904071808,
        "mean": 1.45730578899,
        "min": -2.12602376938,
        "stdev": 0.951057851315
    },
    "barkbands_spread": {
        "max": 50.8881111145,
        "mean": 21.8391246796,
        "min": 5.26490402222,
        "stdev": 8.09290790558
    },
    "dissonance": {
        "max": 0.499939203262,
        "mean": 0.464268684387,
        "min": 0.376069754362,
        "stdev": 0.0238156057894
    },
    "dynamic_complexity": 3.08296847343,
    "erbbands_crest": {
        "max": 22.9810256958,
        "mean": 8.05575370789,
        "min": 2.5190680027,
        "stdev": 3.42692708969
    },
    "erbbands_flatness_db": {
        "max": 0.250764906406,
        "mean": 0.175457313657,
        "min": 0.0846340283751,
        "stdev": 0.0265299975872
    },
    "erbbands_kurtosis": {
        "max": 3.25949239731,
        "mean": -0.264830172062,
        "min": -1.44342982769,
        "stdev": 0.821760416031
    },
    "erbbands_skewness": {
        "max": 1.59027862549,
        "mean": 0.301520556211,
        "min": -1.52324938774,
        "stdev": 0.469364851713
    },
    "erbbands_spread": {
        "max": 73.7653884888,
        "mean": 41.1970596313,
        "min": 16.3869533539,
        "stdev": 11.0933885574
    },
    "hfc": {
        "max": 83.1818313599,
        "mean": 18.0563964844,
        "min": 1.1078958016e-16,
        "stdev": 11.2244529724
    },
    "loudness_ebu128": {
        "integrated": -23.6041584015,
        "loudness_range": 1.83902168274,
        "momentary": {
            "max": -19.8669471741,
            "mean": -24.5985832214,
            "min": -52.5000839233,
            "stdev": 4.58599615097
        },
        "short_term": {
            "max": -22.6767444611,
            "mean": -23.7439727783,
            "min": -24.6883621216,
            "stdev": 0.623076140881
        }
    },
    "melbands_crest": {
        "max": 33.1595573425,
        "mean": 11.8122987747,
        "min": 1.94452440739,
        "stdev": 5.38867378235
    },
    "melbands_flatness_db": {
        "max": 0.306218355894,
        "mean": 0.175266653299,
        "min": 0.00464514922351,
        "stdev": 0.0446594767272
    },
    "melbands_kurtosis": {
        "max": 90.0572967529,
        "mean": 10.3041152954,
        "min": -1.35110616684,
        "stdev": 12.9299678802
    },
    "melbands_skewness": {
        "max": 8.48030662537,
        "mean": 2.48155808449,
        "min": -0.169259756804,
        "stdev": 1.33044981956
    },
    "melbands_spread": {
        "max": 164.366317749,
        "mean": 24.7866477966,
        "min": 3.45730543137,
        "stdev": 16.1615028381
    },
    "pitch_salience": {
        "max": 0.851607084274,
        "mean": 0.559860765934,
        "min": 0.167849048972,
        "stdev": 0.112666264176
    },
    "silence_rate_20dB": {
        "max": 1,
        "mean": 1,
        "min": 1,
        "stdev": 0
    },
    "silence_rate_30dB": {
        "max": 1,
        "mean": 0.996363639832,
        "min": 0,
        "stdev": 0.0601925998926
    },
    "silence_rate_60dB": {
        "max": 1,
        "mean": 0.0527272708714,
        "min": 0,
        "stdev": 0.223490074277
    },
    "spectral_centroid": {
        "max": 11482.3544922,
        "mean": 1396.5892334,
        "min": 442.664245605,
        "stdev": 851.862609863
    },
    "spectral_complexity": {
        "max": 42,
        "mean": 19.956363678,
        "min": 0,
        "stdev": 7.54898786545
    },
    "spectral_decrease": {
        "max": 1.32575817361e-28,
        "mean": -6.23197227156e-09,
        "min": -3.10640722034e-08,
        "stdev": 4.46684111921e-09
    },
    "spectral_energy": {
        "max": 0.12079179287,
        "mean": 0.0251586716622,
        "min": 9.96885762506e-21,
        "stdev": 0.0176146999002
    },
    "spectral_energyband_high": {
        "max": 0.00499798124656,
        "mean": 0.000721705844626,
        "min": 6.90604126912e-21,
        "stdev": 0.000658305943944
    },
    "spectral_energyband_low": {
        "max": 0.0405259691179,
        "mean": 0.00365256820805,
        "min": 5.49164635645e-23,
        "stdev": 0.00326984096318
    },
    "spectral_energyband_middle_high": {
        "max": 0.0311201196164,
        "mean": 0.00531312590465,
        "min": 1.42711283983e-21,
        "stdev": 0.00392602756619
    },
    "spectral_energyband_middle_low": {
        "max": 0.114926122129,
        "mean": 0.0164163578302,
        "min": 2.96516456453e-22,
        "stdev": 0.0152236521244
    },
    "spectral_entropy": {
        "max": 9.79805088043,
        "mean": 7.53779554367,
        "min": 6.88769960403,
        "stdev": 0.310622990131
    },
    "spectral_flux": {
        "max": 0.282954007387,
        "mean": 0.070930108428,
        "min": 6.36521668707e-11,
        "stdev": 0.0341229960322
    },
    "spectral_kurtosis": {
        "max": 15.6527862549,
        "mean": 2.14840221405,
        "min": -1.23492848873,
        "stdev": 1.53972351551
    },
    "spectral_rms": {
        "max": 0.0108556738123,
        "mean": 0.0046362830326,
        "min": 3.11860780255e-12,
        "stdev": 0.0017464045668
    },
    "spectral_rolloff": {
        "max": 19143.0175781,
        "mean": 1469.85546875,
        "min": 64.599609375,
        "stdev": 1831.18249512
    },
    "spectral_skewness": {
        "max": 2.64831924438,
        "mean": 1.102470994,
        "min": -0.0588841177523,
        "stdev": 0.252547353506
    },
    "spectral_spread": {
        "max": 41462268,
        "mean": 4097465.25,
        "min": 2614278.75,
        "stdev": 2814565.75
    },
    "spectral_strongpeak": {
        "max": 5.13037395477,
        "mean": 0.928905487061,
        "min": 0,
        "stdev": 0.802148103714
    },
    "zerocrossingrate": {
        "max": 0.51220703125,
        "mean": 0.0613663010299,
        "min": 0.01220703125,
        "stdev": 0.0463111884892
    },
    "barkbands": {
        "max": [0.000439598603407, 0.0148262996227, 0.0237092785537, 0.0338078588247, 0.0768510773778, 0.021154589951, 0.0121454168111, 0.0149335153401, 0.010986616835, 0.026379218325, 0.00579040171579, 0.00307931751013, 0.00854676123708, 0.00274527305737, 0.00277493498288, 0.00302190193906, 0.00502991722897, 0.006287551485, 0.00199790252373, 0.00118169805501, 0.00158085138537, 0.00110160559416, 0.00168668909464, 0.00153313507326, 0.00025040586479, 2.28949488701e-06, 1.24542009416e-06],
        "mean": [3.75881791115e-05, 0.00155546760652, 0.0015629195841, 0.00202856748365, 0.00819437019527, 0.00146253337152, 0.00121049012523, 0.00130515592173, 0.00138463068288, 0.0018494304968, 0.000518135610037, 0.000236939653405, 0.000907214242034, 0.000345492648194, 0.000346358196111, 0.000284566369373, 0.000422448501922, 0.000449019571533, 0.000252598838415, 0.000249360949965, 0.000155268091476, 0.000210908139707, 0.00010155421478, 7.73508800194e-05, 1.01860969153e-05, 1.15948232349e-07, 4.85198237143e-09],
        "min": [3.50907773735e-24, 2.01242613662e-23, 4.14219580621e-24, 5.65946010573e-24, 3.70801102382e-23, 6.26354296568e-23, 5.67969060142e-23, 1.69482048099e-23, 3.87347238988e-23, 8.91403230351e-23, 3.3126913672e-23, 7.15655749176e-23, 8.58746787012e-23, 7.76593613274e-23, 4.90387366904e-23, 1.01811947217e-22, 1.21556801198e-22, 1.43017452891e-22, 1.60419699216e-22, 3.17284021265e-22, 2.9593971709e-22, 4.01251739169e-22, 5.27596837709e-22, 6.31134566462e-22, 1.05887327609e-21, 1.67515100424e-21, 2.1032088933e-21],
        "stdev": [4.8654503189e-05, 0.0014365039533, 0.00171172223054, 0.00284510920756, 0.0106690665707, 0.00197404786013, 0.00152145244647, 0.00199357210658, 0.00178407807834, 0.00282576633617, 0.000590068520978, 0.000348083907738, 0.00103972770739, 0.000333508767653, 0.000399414013373, 0.000347628985764, 0.000564039917663, 0.000552907004021, 0.000241800124058, 0.000203295101528, 0.000172191561433, 0.000170724350028, 0.00017005004338, 0.000185795099242, 2.12875584111e-05, 2.38926674001e-07, 5.34766080307e-08]
    },
    "erbbands": {
        "max": [0.151565521955, 4.13048362732, 17.7934894562, 80.5784835815, 346.594421387, 234.662002563, 188.570602417, 143.813446045, 283.87487793, 234.737945557, 406.556030273, 321.363861084, 405.12286377, 999.826416016, 314.193328857, 116.653442383, 444.513702393, 165.748748779, 136.482574463, 166.466537476, 184.24520874, 200.091644287, 341.271606445, 133.503982544, 77.7060775757, 69.239364624, 49.3024139404, 60.712272644, 45.7952919006, 79.0065689087, 32.4516487122, 40.8655395508, 16.9583015442, 5.01763248444, 0.150117278099, 0.00632090074942, 0.00936868600547, 0.000828481337521, 0.000183348616702, 0.000137395982165],
        "mean": [0.0272642057389, 0.414431810379, 1.88746273518, 4.18762016296, 32.0147628784, 14.6476488113, 11.2846393585, 10.2924432755, 14.0756034851, 26.1155548096, 29.0723419189, 40.461605072, 46.2915534973, 43.3454055786, 24.2472496033, 13.4141387939, 42.0289611816, 24.6833820343, 17.4448795319, 17.1708469391, 16.1195716858, 21.7239513397, 27.5308952332, 15.8704242706, 9.94250583649, 13.3154163361, 6.3846039772, 8.08126544952, 7.03907299042, 5.29862213135, 2.5877122879, 2.01648378372, 0.909731805325, 0.234225735068, 0.00700645474717, 0.000381663703592, 0.000455935747596, 5.46882620256e-05, 1.66924728546e-05, 3.0386945582e-05],
        "min": [9.58219774267e-22, 2.59139368483e-21, 6.99190972529e-21, 1.92689381093e-20, 2.8385096923e-20, 9.61033040572e-20, 2.29342157932e-19, 4.92506438641e-19, 4.27013302119e-19, 4.94354308431e-19, 5.01743461144e-19, 6.67021592158e-19, 2.36020354078e-18, 2.30202172445e-18, 1.95967193484e-18, 2.89456531842e-18, 3.50460957261e-18, 2.99164447588e-18, 4.63985127043e-18, 5.62870019781e-18, 7.3020311559e-18, 6.8092540224e-18, 7.91999297612e-18, 6.10185495281e-18, 1.21769448225e-17, 1.15076936684e-17, 1.1350973548e-17, 1.36687145993e-17, 1.37142806705e-17, 1.36213262492e-17, 1.5628816668e-17, 1.12878927545e-17, 1.21887238745e-17, 1.17942960343e-17, 7.55779374694e-18, 5.13409830388e-18, 2.84944137524e-18, 1.14119305553e-18, 2.87095132819e-19, 3.37133259088e-20],
        "stdev": [0.0251640770584, 0.409468948841, 1.81531965733, 5.49101018906, 45.6302528381, 19.6563129425, 17.1890678406, 12.906288147, 21.0200061798, 33.3295860291, 50.3347969055, 50.6034545898, 66.3775253296, 94.9810028076, 29.645242691, 15.3274478912, 49.5587425232, 21.7091026306, 19.7378787994, 19.1544704437, 21.0345420837, 26.0487041473, 30.8266124725, 14.8156404495, 11.7935361862, 10.7177906036, 5.95925235748, 8.19418239594, 5.9589099884, 7.55070734024, 3.70006632805, 4.74399900436, 2.09649372101, 0.478941112757, 0.0148214353248, 0.000741622352507, 0.000940229918342, 0.00010454410949, 1.38611403599e-05, 2.05476353585e-05]
    },
    "gfcc": {
        "mean": [-22.4487438202, 127.481460571, -151.749252319, 57.7937889099, -74.4579544067, 14.6225814819, -27.2157344818, -10.0374975204, -7.7855629921, -22.9725532532, -4.18245077133, -17.1280231476, -4.85191774368],
        "cov": [[17989.3808594, 1821.22070312, -2029.90527344, 482.501068115, -1157.42321777, -200.023361206, -314.075836182, -363.160430908, -170.960861206, -598.731201172, -115.025192261, -488.298675537, -119.621658325], [1821.22070312, 507.255249023, -214.225830078, 76.5966567993, -48.7426376343, -87.7833099365, 14.5599212646, -92.80859375, 28.976316452, -96.9631347656, 8.32657432556, -76.208442688, -2.86509919167], [-2029.90527344, -214.225830078, 415.446350098, -47.074432373, 120.849967957, 56.0058860779, -32.9130401611, 54.5110816956, 0.13957478106, 86.3702774048, 9.27265548706, 49.4959640503, 23.6603107452], [482.501068115, 76.5966567993, -47.074432373, 126.623374939, 21.3453235626, -10.1751880646, -3.18325638771, -42.6747589111, -13.0559358597, -8.98690128326, 4.60167694092, -2.51539516449, -7.5528178215], [-1157.42321777, -48.7426376343, 120.849967957, 21.3453235626, 165.580093384, 13.7787942886, 26.2380371094, 2.00901675224, 3.59756374359, 19.7860565186, 13.8092861176, 36.097202301, 2.96431422234], [-200.023361206, -87.7833099365, 56.0058860779, -10.1751880646, 13.7787942886, 116.933479309, 3.4705748558, 34.8797836304, -18.8117256165, 22.440618515, 6.39920473099, 34.2660942078, 1.1524258852], [-314.075836182, 14.5599212646, -32.9130401611, -3.18325638771, 26.2380371094, 3.4705748558, 104.205024719, 5.7555308342, 8.17182350159, -14.6203508377, -12.6335048676, -0.439584314823, -9.23437309265], [-363.160430908, -92.80859375, 54.5110816956, -42.6747589111, 2.00901675224, 34.8797836304, 5.7555308342, 113.641662598, 34.1322288513, 45.1987686157, -9.80798339844, 32.7789001465, 21.0918502808], [-170.960861206, 28.976316452, 0.13957478106, -13.0559358597, 3.59756374359, -18.8117256165, 8.17182350159, 34.1322288513, 70.6322631836, 30.8879432678, 5.51181840897, 3.28196501732, 11.4224967957], [-598.731201172, -96.9631347656, 86.3702774048, -8.98690128326, 19.7860565186, 22.440618515, -14.6203508377, 45.1987686157, 30.8879432678, 116.065177917, 26.0955886841, 41.2740592957, 21.7868938446], [-115.025192261, 8.32657432556, 9.27265548706, 4.60167694092, 13.8092861176, 6.39920473099, -12.6335048676, -9.80798339844, 5.51181840897, 26.0955886841, 52.1324081421, 26.5119514465, 2.26724076271], [-488.298675537, -76.208442688, 49.4959640503, -2.51539516449, 36.097202301, 34.2660942078, -0.439584314823, 32.7789001465, 3.28196501732, 41.2740592957, 26.5119514465, 72.3567123413, 23.2253322601], [-119.621658325, -2.86509919167, 23.6603107452, -7.5528178215, 2.96431422234, 1.1524258852, -9.23437309265, 21.0918502808, 11.4224967957, 21.7868938446, 2.26724076271, 23.2253322601, 45.4689292908]],
        "icov": [[0.000873840006534, -0.00199023890309, 0.00243748817593, -0.00212665181607, 0.00326759577729, -0.00143867579754, 0.00294365826994, -0.0017510157777, 0.00213777972385, 0.000421947450377, 0.00061220373027, 0.00123670510948, 0.00038395888987], [-0.00199023890309, 0.00901235360652, -0.00463271327317, 0.00276057631709, -0.00731391878799, 0.00345285655931, -0.00729568861425, 0.00528457900509, -0.00829537026584, 0.00232218718156, -0.00532905012369, 0.00146323093213, -0.00485309632495], [0.00243748817593, -0.00463271327317, 0.0116383461282, -0.00428208708763, 0.00525893783197, -0.00500485114753, 0.0102779697627, -0.00505979172885, 0.00671644741669, -0.00102200568654, 0.0024315523915, 0.00505399517715, -0.000328617054038], [-0.00212665181607, 0.00276057631709, -0.00428208708763, 0.0164911095053, -0.0108277611434, 0.00309128803201, -0.00541709410027, 0.00762737262994, -0.00312733324245, -0.00438306946307, 0.00239759380929, -0.00620015524328, 0.00146916264202], [0.00326759577729, -0.00731391878799, 0.00525893783197, -0.0108277611434, 0.0229140203446, -0.00447750650346, 0.0072955978103, -0.00507590500638, 0.00605452805758, 0.00349048245698, 0.00132221064996, -0.000287965522148, 0.00294407154433], [-0.00143867579754, 0.00345285655931, -0.00500485114753, 0.00309128803201, -0.00447750650346, 0.0148351406679, -0.0059724515304, -0.00122905208264, 0.00174628419336, -0.00118588260375, -0.00194898934569, -0.00621526129544, 0.00222498830408], [0.00294365826994, -0.00729568861425, 0.0102779697627, -0.00541709410027, 0.0072955978103, -0.0059724515304, 0.0223128069192, -0.00597393279895, 0.00538364006206, 0.00156109582167, 0.00690533407032, 0.00184206094127, 0.00462922640145], [-0.0017510157777, 0.00528457900509, -0.00505979172885, 0.00762737262994, -0.00507590500638, -0.00122905208264, -0.00597393279895, 0.0227918364108, -0.0138293411583, -0.00302484934218, 0.00776103511453, -0.00948745850474, -0.00241478718817], [0.00213777972385, -0.00829537026584, 0.00671644741669, -0.00312733324245, 0.00605452805758, 0.00174628419336, 0.00538364006206, -0.0138293411583, 0.0310149546713, -0.00673515349627, -0.00100904540159, 0.00606729788706, 0.000543399888556], [0.000421947450377, 0.00232218718156, -0.00102200568654, -0.00438306946307, 0.00349048245698, -0.00118588260375, 0.00156109582167, -0.00302484934218, -0.00673515349627, 0.0185693986714, -0.00833227764815, 0.000187406491023, -0.00430314941332], [0.00061220373027, -0.00532905012369, 0.0024315523915, 0.00239759380929, 0.00132221064996, -0.00194898934569, 0.00690533407032, 0.00776103511453, -0.00100904540159, -0.00833227764815, 0.0368302725255, -0.0181270726025, 0.00984199065715], [0.00123670510948, 0.00146323093213, 0.00505399517715, -0.00620015524328, -0.000287965522148, -0.00621526129544, 0.00184206094127, -0.00948745850474, 0.00606729788706, 0.000187406491023, -0.0181270726025, 0.0387899801135, -0.0158865079284], [0.00038395888987, -0.00485309632495, -0.000328617054038, 0.00146916264202, 0.00294407154433, 0.00222498830408, 0.00462922640145, -0.00241478718817, 0.000543399888556, -0.00430314941332, 0.00984199065715, -0.0158865079284, 0.0344737879932]]
    },
    "melbands": {
        "max": [0.00268012983724, 0.00706382328644, 0.0158275216818, 0.0176521465182, 0.00665886886418, 0.003864684375, 0.00380126247182, 0.00215820129961, 0.00313464784995, 0.00176308117807, 0.00200731633231, 0.00441212626174, 0.000828651303891, 0.000478246365674, 0.00073122017784, 0.000895818695426, 0.000263513473328, 0.000190668695723, 0.000185167431482, 0.000281377258943, 0.000297396123642, 0.000244533264777, 0.0004376580182, 0.00015477531997, 0.000120021402836, 7.51340194256e-05, 4.47087113571e-05, 4.78004585602e-05, 3.33336793119e-05, 3.95073620894e-05, 5.6860724726e-05, 3.04900113406e-05, 2.27631062444e-05, 5.74604891881e-05, 2.26297725021e-05, 1.58897655638e-05, 3.71400928998e-05, 1.51911635839e-05, 7.48822822061e-06, 2.68652001978e-06],
        "mean": [0.000321559520671, 0.000821540597826, 0.001595664653, 0.0018644365482, 0.000360067089787, 0.000247164833127, 0.000223943628953, 0.000277118873782, 0.000234169361647, 0.000241270608967, 0.00022523329244, 0.000179439302883, 7.62240233598e-05, 3.84375052818e-05, 5.75735757593e-05, 8.77534694155e-05, 4.17876217398e-05, 2.59148800978e-05, 2.16285952774e-05, 2.37210242631e-05, 1.87528785318e-05, 1.85578865057e-05, 3.76698553737e-05, 1.49168799908e-05, 1.28099118228e-05, 7.46289697418e-06, 5.56379382033e-06, 1.00607658169e-05, 4.35804440713e-06, 2.92493223242e-06, 5.87506838201e-06, 4.9790205594e-06, 2.41581460614e-06, 2.9205800729e-06, 1.63623917615e-06, 9.53468486387e-07, 1.37899974106e-06, 7.05968204784e-07, 4.11989589111e-07, 1.00901608846e-07],
        "min": [1.05261481339e-23, 4.01742719885e-24, 3.7714059372e-24, 8.1375774982e-24, 9.6620843297e-24, 1.10190292163e-23, 8.01420438579e-24, 4.54993237014e-24, 4.19095174888e-24, 4.76698153175e-24, 1.15577809827e-23, 1.05403452636e-23, 5.98410871153e-24, 7.88042067601e-24, 7.20528826978e-24, 7.16987788146e-24, 4.75681390354e-24, 8.15448199854e-24, 5.4414820604e-24, 7.37839590682e-24, 8.401241634e-24, 7.15700288263e-24, 5.53092587085e-24, 6.15856293414e-24, 4.55799886732e-24, 6.74946156177e-24, 9.17400504359e-24, 7.20064818993e-24, 7.18081859336e-24, 7.95924917969e-24, 7.83603068402e-24, 8.03166739965e-24, 6.98859922317e-24, 7.79212426375e-24, 8.25049978134e-24, 8.02481219838e-24, 6.3585403569e-24, 8.02737520746e-24, 6.91094217793e-24, 8.9328857636e-24],
        "stdev": [0.000276782171568, 0.000770918675698, 0.00203377963044, 0.00248770881444, 0.00056258920813, 0.00033272933797, 0.000300874991808, 0.000335362215992, 0.000393944676034, 0.000306978443405, 0.000329011061694, 0.000420564290835, 8.53880264913e-05, 5.2755291108e-05, 8.22015645099e-05, 9.81796983979e-05, 3.9133035898e-05, 2.85295045614e-05, 2.45284500124e-05, 2.98112972814e-05, 2.90443476842e-05, 2.65862472588e-05, 4.40489457105e-05, 1.7111262423e-05, 1.35277923619e-05, 1.06844927359e-05, 5.53911695533e-06, 8.97768131836e-06, 4.52182939625e-06, 3.46672459273e-06, 7.04134208718e-06, 4.36998880105e-06, 2.7717364901e-06, 5.01703425471e-06, 2.25927328756e-06, 1.74160220467e-06, 3.84755367122e-06, 1.82546455108e-06, 7.71001111843e-07, 2.39790438172e-07]
    },
    "melbands128": {
        "max": [0.000412577879615, 0.00158929405734, 0.00269319186918, 0.00892172660679, 0.00880280230194, 0.0139233823866, 0.0162144862115, 0.0174399279058, 0.049535036087, 0.0171930026263, 0.0166492126882, 0.00994830206037, 0.00932030566037, 0.00360672129318, 0.0013730864739, 0.0067865466699, 0.00807139929384, 0.00218966882676, 0.00209468789399, 0.00451300432906, 0.00251301890239, 0.00343031622469, 0.00543073192239, 0.0025494499132, 0.00368130602874, 0.00306213204749, 0.00125085585751, 0.00396564463153, 0.000784346600994, 0.00887692440301, 0.00366982305422, 0.000707486236934, 0.000806641357485, 0.0022247263696, 0.000571439799387, 0.000600707659032, 0.000563610403333, 0.000290458498057, 0.00211745453998, 0.00123338378035, 0.00190020515583, 0.000756721303333, 0.000304258079268, 0.000408628489822, 0.00032902971725, 0.000297780439723, 0.000628674344625, 0.0001974455663, 0.000283271423541, 0.00034811758087, 0.000536722189281, 0.000192399020307, 0.000227019467275, 0.000509093166329, 0.000605328008533, 0.000233148166444, 0.000220307483687, 0.000553515448701, 0.000950374931563, 0.00023327555391, 0.000217374559725, 8.48613490234e-05, 0.000348425237462, 8.89939547051e-05, 7.41138137528e-05, 0.000132122586365, 0.000128032479552, 5.04836898472e-05, 4.25522885052e-05, 9.91559500108e-05, 7.32687694835e-05, 0.000108702377474, 5.93074873905e-05, 4.56804809801e-05, 3.2760151953e-05, 6.28894922556e-05, 5.19742097822e-05, 5.70509364479e-05, 0.000119049291243, 7.34987843316e-05, 4.48238679382e-05, 2.84817888314e-05, 2.53142807196e-05, 1.95089742192e-05, 3.45791122527e-05, 8.5264997324e-05, 7.57250963943e-05, 3.43380670529e-05, 3.28800488205e-05, 2.56404728134e-05, 2.39997789322e-05, 1.62444921443e-05, 1.93098421732e-05, 5.20507746842e-05, 6.12024523434e-05, 2.44025613938e-05, 1.10775054054e-05, 9.37790628086e-06, 8.3060012912e-06, 9.72693032963e-06, 6.71156476528e-06, 4.31604085804e-08, 1.01383372808e-08, 9.91431470254e-09, 9.48775902287e-09, 8.99424268397e-09, 8.5799971572e-09, 8.15274692201e-09, 7.77125741536e-09, 7.39333128053e-09, 6.97699142904e-09, 6.2617644403e-09, 6.7773498813e-08, 4.47209593801e-08, 1.7910529948e-08, 7.08577285735e-09, 5.99101568355e-09, 5.83033576973e-09, 5.65615154713e-09, 5.50018652845e-09, 5.39184563664e-09, 5.25925969441e-09, 5.13077758058e-09, 5.071342013e-09, 4.99489027916e-09, 4.97258145771e-09, 4.91133267388e-09, 4.86681761558e-09],
        "mean": [3.3568328945e-05, 0.00019259173132, 0.000301397434669, 0.00082064216258, 0.00106929324102, 0.000652862421703, 0.000492314691655, 0.00131122767925, 0.00435638893396, 0.00199866900221, 0.000375038391212, 0.000325119501213, 0.00045760392095, 0.000265289476374, 0.00018470940995, 0.000288126262603, 0.000256758881733, 0.00016698379477, 0.000215605541598, 0.000386406522011, 0.00021797385125, 0.000220220346819, 0.000267145893304, 0.000172802596353, 0.00033451084164, 0.000227561002248, 0.000139891038998, 0.000345444917912, 9.91327615338e-05, 0.000309769849991, 0.000142175791552, 5.6938821217e-05, 7.65966397012e-05, 0.000108838736196, 2.91518863378e-05, 2.86861923087e-05, 2.79684463749e-05, 1.66849786183e-05, 0.000122208613902, 0.00010913326696, 9.2063586635e-05, 3.260239464e-05, 4.17464034399e-05, 5.53280369786e-05, 8.47125465953e-06, 2.40244553424e-05, 4.32910637755e-05, 9.53009930527e-06, 1.84599484783e-05, 3.08436210616e-05, 2.35484731093e-05, 2.05390570045e-05, 1.15859756988e-05, 2.25521143875e-05, 2.5121784347e-05, 9.85089718597e-06, 1.65493038367e-05, 4.77603207401e-05, 4.54554246971e-05, 2.11985789065e-05, 1.00636370917e-05, 8.79784420249e-06, 2.36528139794e-05, 9.59525823419e-06, 3.77284118258e-06, 8.35230912344e-06, 1.02647818494e-05, 3.82612324756e-06, 3.59426940122e-06, 9.03867476154e-06, 9.06208333618e-06, 1.50130081238e-05, 4.00838780479e-06, 2.83072222373e-06, 2.63485958385e-06, 3.73335933546e-06, 2.40892472902e-06, 2.40799454332e-06, 7.10719677954e-06, 8.96004985407e-06, 6.11147697782e-06, 3.15427155329e-06, 1.62881349297e-06, 1.76089554316e-06, 3.93348273064e-06, 3.39809662364e-06, 2.64934806182e-06, 1.78432071607e-06, 2.0561076326e-06, 9.3389525091e-07, 9.31836154905e-07, 8.6124362042e-07, 1.18822799777e-06, 1.51104575252e-06, 1.5666115587e-06, 8.30715407574e-07, 5.41259623787e-07, 4.04099722573e-07, 4.5844146257e-07, 4.15284716837e-07, 2.36905577822e-07, 1.3673828736e-09, 5.17501909381e-11, 3.03940275725e-11, 2.520465954e-11, 2.26275526094e-11, 2.21119043214e-11, 2.28027804972e-11, 2.38242932327e-11, 2.34565665502e-11, 2.39769315513e-11, 1.34461594636e-10, 2.8700297694e-09, 2.13408135608e-09, 6.75070666034e-10, 2.64716804033e-10, 8.76078029566e-11, 1.40934468956e-11, 1.363159325e-11, 1.33080386988e-11, 1.30732404069e-11, 1.28033764146e-11, 1.24828810483e-11, 1.23031619614e-11, 1.21593317012e-11, 1.21142002679e-11, 1.19959727915e-11, 1.18678478503e-11],
        "min": [2.76938027077e-25, 1.03673804104e-23, 6.0458142004e-24, 2.30645889291e-24, 2.03385439926e-24, 1.52027074704e-24, 2.81515624207e-24, 3.49724364048e-24, 8.04222985274e-25, 4.22586081609e-24, 4.1841442737e-24, 5.57604082602e-24, 6.33187015299e-24, 3.83175655747e-24, 1.06963543405e-23, 1.11391238228e-23, 4.39560396137e-24, 3.05893477217e-24, 1.52136890059e-23, 2.54909396913e-24, 1.08621324737e-24, 2.32780980774e-24, 5.88300119817e-24, 2.5600966066e-24, 9.91923562986e-25, 6.72799507882e-24, 7.47833117287e-24, 5.08190979347e-24, 9.77345019027e-24, 1.01900847108e-23, 4.69606924726e-24, 4.08931372656e-24, 6.03458989301e-24, 4.22556065452e-24, 7.15641675898e-24, 6.83941458194e-24, 7.03081195906e-24, 3.45587577461e-24, 1.01612857657e-23, 5.69479121353e-24, 8.80148283604e-24, 5.17885212125e-24, 5.40362935873e-24, 2.12985384105e-24, 6.13635571079e-24, 3.64733626061e-24, 3.25399680263e-24, 4.36609109719e-24, 3.09826678526e-24, 6.22765847196e-24, 6.95718993736e-24, 6.44048841103e-24, 5.06190822522e-24, 8.45834806379e-24, 7.18277812385e-24, 3.71425612006e-24, 6.02823522398e-24, 4.01081496675e-24, 5.12737184744e-24, 9.00361897667e-24, 5.12208450722e-24, 5.42205833276e-24, 3.61671859673e-24, 4.88293146304e-24, 5.26815906433e-24, 4.53679586391e-24, 6.22675285964e-24, 9.62174198301e-24, 1.02958062716e-23, 4.98844200355e-24, 2.4668039438e-24, 6.12330164053e-24, 1.03815167978e-23, 3.68908238529e-24, 5.76567628232e-24, 7.09384273425e-24, 7.8300905614e-24, 6.91853969731e-24, 7.57071704007e-24, 8.79915332978e-24, 7.51414230253e-24, 5.00748865567e-24, 6.68242731749e-24, 6.90587532434e-24, 8.58435281618e-24, 6.82630686913e-24, 7.32137151856e-24, 7.3231787989e-24, 6.81396040711e-24, 6.48078224277e-24, 8.58744830637e-24, 7.62518394127e-24, 5.67437588773e-24, 6.18516371829e-24, 7.0638691753e-24, 5.95011708955e-24, 6.79245290339e-24, 8.54602443138e-24, 4.33901620763e-24, 5.70058500244e-24, 1.1659506963e-23, 7.88868714944e-24, 6.79401169254e-24, 8.28358934087e-24, 8.34710684324e-24, 8.08960844428e-24, 7.54456393448e-24, 8.48368627606e-24, 8.56266466331e-24, 6.24027787986e-24, 1.01775378781e-23, 8.38056322309e-24, 7.5264051453e-24, 7.33324466405e-24, 6.34993072898e-24, 9.68551034314e-24, 6.59293104779e-24, 9.60111090375e-24, 6.83520995331e-24, 7.659003986e-24, 9.93555163996e-24, 9.14423658847e-24, 8.45655261637e-24, 1.08097649285e-23, 9.51645192913e-24, 6.65048949488e-24, 9.58789353929e-24, 1.08585504535e-23],
        "stdev": [4.47550228273e-05, 0.000224773495574, 0.000317044439726, 0.000880446343217, 0.00104824441951, 0.00084604654694, 0.00097258988535, 0.00186015106738, 0.00643236190081, 0.00273296539672, 0.00103376980405, 0.000648760295007, 0.000805784598924, 0.000343474035617, 0.000210989630432, 0.00059419759782, 0.000591446820181, 0.000283609522739, 0.000316224555718, 0.000606468413025, 0.0003542083723, 0.000456412642961, 0.000654621399008, 0.00032993836794, 0.000537405081559, 0.000425751873991, 0.000203019328183, 0.000656765361782, 0.000131684064399, 0.000850532087497, 0.000360387231922, 8.80626321305e-05, 9.24384003156e-05, 0.000208553101402, 5.46646915609e-05, 5.97321377427e-05, 5.37048945262e-05, 3.08952585328e-05, 0.000234973806073, 0.00014228503278, 0.0001732436358, 6.51885638945e-05, 4.29518731835e-05, 6.42227460048e-05, 1.75471668626e-05, 3.59567457053e-05, 7.51360639697e-05, 2.08427991311e-05, 2.58818781731e-05, 4.31698717875e-05, 4.34153225797e-05, 2.80085332633e-05, 2.23449551413e-05, 4.72911669931e-05, 5.93074400967e-05, 1.89611819224e-05, 2.6481846362e-05, 7.39473689464e-05, 7.41469484637e-05, 3.23710919474e-05, 1.708002128e-05, 1.08052663563e-05, 2.97146907542e-05, 1.15632328743e-05, 6.57750570099e-06, 1.41866812555e-05, 1.77550537046e-05, 6.32546607449e-06, 5.87885051573e-06, 9.85942642728e-06, 9.55463929131e-06, 2.01305338123e-05, 5.56091936232e-06, 4.96590519106e-06, 3.42266503139e-06, 5.29683802597e-06, 3.41483473676e-06, 4.15571639678e-06, 1.28628735183e-05, 1.16669953059e-05, 8.04769115348e-06, 4.06197113989e-06, 2.76892728834e-06, 2.84879752144e-06, 5.18182287124e-06, 6.74617240293e-06, 6.09386643191e-06, 3.0048215649e-06, 2.91978676614e-06, 1.93963251149e-06, 2.08133246815e-06, 1.67076245816e-06, 2.2048000119e-06, 4.56174211649e-06, 5.66643757338e-06, 2.50081779996e-06, 1.29128045501e-06, 8.30647820749e-07, 8.54730842548e-07, 8.19853539724e-07, 6.43799353384e-07, 3.95563182209e-09, 4.54538379158e-10, 4.30792929107e-10, 4.05160682782e-10, 3.82977344282e-10, 3.65326324747e-10, 3.47093437325e-10, 3.30789146075e-10, 3.14687581549e-10, 2.969558488e-10, 4.26783913765e-10, 6.9580856632e-09, 4.13293932411e-09, 1.39351363782e-09, 7.39252714599e-10, 3.82168685586e-10, 2.48258164026e-10, 2.40843178734e-10, 2.34200048244e-10, 2.29585392364e-10, 2.2393804866e-10, 2.18467272051e-10, 2.15937989712e-10, 2.12681025569e-10, 2.11730452615e-10, 2.09121497896e-10, 2.07227096594e-10]
    },
    "mfcc": {
        "mean": [-635.043151855, 123.078384399, -6.01022195816, 28.3569011688, -7.41479349136, 12.6398515701, -7.32494783401, 9.76224708557, -3.68948483467, 0.188060969114, -1.29172384739, -1.22721517086, -11.5899658203],
        "cov": [[9815.31445312, 666.157531738, -399.016784668, 118.699249268, -475.52130127, -175.59147644, -229.104827881, -47.1610450745, -182.746994019, -97.0616455078, -139.735687256, -120.600112915, -295.391296387], [666.157531738, 398.467956543, -66.7342147827, 93.5975418091, -23.2372970581, 20.7928600311, -31.9268703461, 28.4797344208, -25.7839546204, 8.24931716919, -5.43184185028, -7.85985326767, -16.6935787201], [-399.016784668, -66.7342147827, 213.728652954, -51.0624198914, 68.2976455688, -9.48438262939, 14.6448574066, -35.15102005, 8.13589382172, 27.6510772705, -18.209148407, -16.0338439941, 28.6220340729], [118.699249268, 93.5975418091, -51.0624198914, 157.02947998, 8.32399940491, 29.7694568634, -13.1310472488, -6.7842335701, -12.245098114, -15.9295310974, 9.44348526001, -6.82626771927, -4.07470273972], [-475.52130127, -23.2372970581, 68.2976455688, 8.32399940491, 137.226242065, 10.4095077515, 14.1611604691, -13.2946968079, -0.964265286922, 5.02749061584, -18.5859203339, 13.8317070007, 39.6037101746], [-175.59147644, 20.7928600311, -9.48438262939, 29.7694568634, 10.4095077515, 107.031211853, 35.6865653992, 21.1777381897, -29.4989204407, -22.6437702179, 17.0061225891, 2.60577368736, -17.2630329132], [-229.104827881, -31.9268703461, 14.6448574066, -13.1310472488, 14.1611604691, 35.6865653992, 70.8982162476, 20.4421520233, 5.2238612175, -21.6927146912, 9.95010948181, 0.284516185522, -1.85272920132], [-47.1610450745, 28.4797344208, -35.15102005, -6.7842335701, -13.2946968079, 21.1777381897, 20.4421520233, 91.4472503662, 6.66636323929, -10.1871271133, 4.61533498764, 18.461359024, -26.0810451508], [-182.746994019, -25.7839546204, 8.13589382172, -12.245098114, -0.964265286922, -29.4989204407, 5.2238612175, 6.66636323929, 101.134315491, 14.3535642624, 20.659948349, -7.15835094452, 10.8459873199], [-97.0616455078, 8.24931716919, 27.6510772705, -15.9295310974, 5.02749061584, -22.6437702179, -21.6927146912, -10.1871271133, 14.3535642624, 76.6870803833, -3.60348534584, -13.5586061478, -0.0815932899714], [-139.735687256, -5.43184185028, -18.209148407, 9.44348526001, -18.5859203339, 17.0061225891, 9.95010948181, 4.61533498764, 20.659948349, -3.60348534584, 74.0866241455, 12.5984210968, -9.70602226257], [-120.600112915, -7.85985326767, -16.0338439941, -6.82626771927, 13.8317070007, 2.60577368736, 0.284516185522, 18.461359024, -7.15835094452, -13.5586061478, 12.5984210968, 63.7728767395, 21.4091911316], [-295.391296387, -16.6935787201, 28.6220340729, -4.07470273972, 39.6037101746, -17.2630329132, -1.85272920132, -26.0810451508, 10.8459873199, -0.0815932899714, -9.70602226257, 21.4091911316, 93.0532455444]],
        "icov": [[0.000182527874131, -0.000272774021141, 9.60857141763e-05, 4.2394924094e-05, 0.000414978596382, 0.000327164452756, 0.000185027776752, 0.000320368300891, 0.000140932403156, 0.000390414148569, 0.000372347072698, -3.41931269077e-07, 0.000503177405335], [-0.000272774021141, 0.00371786113828, 0.000181830866495, -0.00186155096162, -0.000247662799666, -0.000871605996508, 0.00104879983701, -0.00210032099858, 0.000486435834318, -0.00140291289426, -0.00031528424006, 0.000707697530743, -0.00121409690473], [9.60857141763e-05, 0.000181830866495, 0.00729755265638, 0.00224653701298, -0.00303755747154, -5.6134082115e-05, -0.00124144158326, 0.00207197573036, 0.000104375882074, -0.00158872338943, 0.000479747075588, 0.00206240755506, -0.000408255844377], [4.2394924094e-05, -0.00186155096162, 0.00224653701298, 0.00943467952311, -0.00225918903016, -0.00245414231904, 0.00266069895588, 0.0016665761359, -0.000281548680505, 0.00218741665594, -0.0013802468311, 0.00225397641771, -7.8753233538e-05], [0.000414978596382, -0.000247662799666, -0.00303755747154, -0.00225918903016, 0.0120953451842, -0.000811681326013, -0.0017128570471, 0.00134793424513, -0.000334405718604, -0.000556120823603, 0.00416691182181, -0.00369138433598, -0.0015239987988], [0.000327164452756, -0.000871605996508, -5.6134082115e-05, -0.00245414231904, -0.000811681326013, 0.0161106698215, -0.00653712777421, -0.00180554192048, 0.00552730727941, 0.00176490389276, -0.00343653466552, 0.00123875273857, 0.00220389803872], [0.000185027776752, 0.00104879983701, -0.00124144158326, 0.00266069895588, -0.0017128570471, -0.00653712777421, 0.0231690295041, -0.0046138651669, -0.00187238294166, 0.00623642513528, -0.00198231707327, 0.00415970897302, -0.000981861609034], [0.000320368300891, -0.00210032099858, 0.00207197573036, 0.0016665761359, 0.00134793424513, -0.00180554192048, -0.0046138651669, 0.0178698357195, -0.00352760497481, 0.000168531783856, 0.00420002965257, -0.00777098955587, 0.00672123255208], [0.000140932403156, 0.000486435834318, 0.000104375882074, -0.000281548680505, -0.000334405718604, 0.00552730727941, -0.00187238294166, -0.00352760497481, 0.0141144255176, -0.00143244897481, -0.00562952691689, 0.00447392463684, -0.00263096834533], [0.000390414148569, -0.00140291289426, -0.00158872338943, 0.00218741665594, -0.000556120823603, 0.00176490389276, 0.00623642513528, 0.000168531783856, -0.00143244897481, 0.0179357603192, -0.0005579238059, 0.00359596475028, 0.00160478707403], [0.000372347072698, -0.00031528424006, 0.000479747075588, -0.0013802468311, 0.00416691182181, -0.00343653466552, -0.00198231707327, 0.00420002965257, -0.00562952691689, -0.0005579238059, 0.019623439759, -0.00731190992519, 0.0040289578028], [-3.41931269077e-07, 0.000707697530743, 0.00206240755506, 0.00225397641771, -0.00369138433598, 0.00123875273857, 0.00415970897302, -0.00777098955587, 0.00447392463684, 0.00359596475028, -0.00731190992519, 0.0248013082892, -0.0076913041994], [0.000503177405335, -0.00121409690473, -0.000408255844377, -7.8753233538e-05, -0.0015239987988, 0.00220389803872, -0.000981861609034, 0.00672123255208, -0.00263096834533, 0.00160478707403, 0.0040289578028, -0.0076913041994, 0.0176678039134]]
    },
    "spectral_contrast_coeffs": {
        "max": [-0.455302596092, -0.560728132725, -0.549673676491, -0.655650734901, -0.644103944302, -0.452082663774],
        "mean": [-0.692919373512, -0.761296927929, -0.729524374008, -0.773391366005, -0.762176096439, -0.66428899765],
        "min": [-0.968516290188, -0.968791365623, -0.966020226479, -0.965692877769, -0.960235178471, -0.959944188595],
        "stdev": [0.0839745700359, 0.0686518996954, 0.0695540681481, 0.0468024238944, 0.0482273809612, 0.0736791491508]
    },
    "spectral_contrast_valleys": {
        "max": [-5.16752672195, -4.84737920761, -5.93741369247, -5.96078014374, -6.16282129288, -8.83948802948],
        "mean": [-6.67165708542, -6.70890474319, -7.57319688797, -7.70877742767, -7.75822973251, -11.325676918],
        "min": [-27.4922027588, -27.1840801239, -27.2829856873, -27.513584137, -27.2635917664, -27.3016319275],
        "stdev": [1.80648171902, 1.83152496815, 1.72801434994, 1.72845625877, 1.72998034954, 1.62723565102]
    }
},
"rhythm": {
    "beats_count": 33,
    "beats_loudness": {
        "max": 0.103654377162,
        "mean": 0.0341167263687,
        "min": 0.0001027379476,
        "stdev": 0.0164067931473
    },
    "bpm": 161.499008179,
    "bpm_histogram_first_peak_bpm": 161,
    "bpm_histogram_first_peak_weight": 0.258064508438,
    "bpm_histogram_second_peak_bpm": 152,
    "bpm_histogram_second_peak_spread": 0,
    "bpm_histogram_second_peak_weight": 0.03125,
    "danceability": 1.09843301773,
    "onset_rate": 3.29169988632,
    "beats_loudness_band_ratio": {
        "max": [0.833739459515, 0.54347383976, 0.457368731499, 0.403385341167, 0.191865667701, 0.162593126297],
        "mean": [0.408740878105, 0.264632999897, 0.198874011636, 0.156857296824, 0.0726915597916, 0.0527131780982],
        "min": [0.116204947233, 0.0515412576497, 0.0751370936632, 0.0188320018351, 0.00730467541143, 0.00769709935412],
        "stdev": [0.186785131693, 0.14664568007, 0.0986004173756, 0.09822139889, 0.04191820696, 0.041935801506]
    },
    "beats_position": [0.371519267559, 0.743038535118, 1.11455774307, 1.48607707024, 1.8575963974, 2.22911548615, 2.60063481331, 2.97215414047, 3.34367346764, 3.7151927948, 4.1099319458, 4.48145103455, 4.85297060013, 5.23609972, 5.61922883987, 6.00235795975, 6.38548755646, 6.76861667633, 7.1517457962, 7.52326536179, 7.89478445053, 8.26630401611, 8.63782310486, 9.0093421936, 9.38086128235, 9.75238037109, 10.1239004135, 10.4954195023, 10.866938591, 11.2384576797, 11.6215867996, 11.9931058884, 12.3762359619],
