{
"metadata": {
    "version": {
        "essentia": "2.1-beta5",
        "essentia_git_sha": "Undefined",
        "extractor": "music 2.0"
    },
    "audio_properties": {
        "analysis": {
            "equal_loudness": 0,
            "length": 48.7502937317,
            "sample_rate": 44100,
            "start_time": 29.0017242432,
            "downmix": "mix"
        },
        "bit_rate": 192000,
        "length": 164.699142456,
        "lossless": 0,
        "number_channels": 2,
        "replay_gain": -7.11436843872,
        "sample_rate": 44100,
        "codec": "mp3",
        "md5_encoded": "c312a505a628cf27f160af5eed216b9c"
    },
    "tags": {
        "file_name": "Netherlands_Jij En Ik_Bill van Dijk.mp3",
        "encoding": ["Lavf58.29.100"]
    }
},
"lowlevel": {
    "average_loudness": 0.884613513947,
    "barkbands_crest": {
        "max": 23.028055191,
        "mean": 8.34582328796,
        "min": 2.68717861176,
        "stdev": 3.49949765205
    },
    "barkbands_flatness_db": {
        "max": 0.287652701139,
        "mean": 0.155737012625,
        "min": 0.0659615844488,
        "stdev": 0.0362896807492
    },
    "barkbands_kurtosis": {
        "max": 37.077960968,
        "mean": 1.12572216988,
        "min": -1.86174571514,
        "stdev": 3.40478086472
    },
    "barkbands_skewness": {
        "max": 5.40276956558,
        "mean": 0.994142472744,
        "min": -2.14091157913,
        "stdev": 0.861034631729
    },
    "barkbands_spread": {
        "max": 84.4659118652,
        "mean": 21.6692810059,
        "min": 2.91556382179,
        "stdev": 9.60214805603
    },
    "dissonance": {
        "max": 0.499998480082,
        "mean": 0.470417767763,
        "min": 0.286684274673,
        "stdev": 0.0189431831241
    },
    "dynamic_complexity": 3.14927983284,
    "erbbands_crest": {
        "max": 25.5551376343,
        "mean": 8.49806880951,
        "min": 2.96407532692,
        "stdev": 3.55759596825
    },
    "erbbands_flatness_db": {
        "max": 0.326825529337,
        "mean": 0.21323159337,
        "min": 0.124168753624,
        "stdev": 0.0309722051024
    },
    "erbbands_kurtosis": {
        "max": 15.7425708771,
        "mean": -0.196969628334,
        "min": -1.66436135769,
        "stdev": 1.32425606251
    },
    "erbbands_skewness": {
        "max": 2.66536164284,
        "mean": 0.0861408263445,
        "min": -3.70173883438,
        "stdev": 0.632610142231
    },
    "erbbands_spread": {
        "max": 104.807418823,
        "mean": 33.3491516113,
        "min": 8.01970291138,
        "stdev": 10.8802108765
    },
    "hfc": {
        "max": 124.37461853,
        "mean": 18.1022415161,
        "min": 0.214632377028,
        "stdev": 15.8799695969
    },
    "loudness_ebu128": {
        "integrated": -18.097410202,
        "loudness_range": 4.6320066452,
        "momentary": {
            "max": -13.8476037979,
            "mean": -18.9665584564,
            "min": -28.426492691,
            "stdev": 2.93518471718
        },
        "short_term": {
            "max": -15.3746557236,
            "mean": -18.3472270966,
            "min": -24.3895359039,
            "stdev": 1.93337714672
        }
    },
    "melbands_crest": {
        "max": 28.9792537689,
        "mean": 11.6508760452,
        "min": 3.6742708683,
        "stdev": 4.71697044373
    },
    "melbands_flatness_db": {
        "max": 0.343984901905,
        "mean": 0.170568466187,
        "min": 0.0276620481163,
        "stdev": 0.0484836883843
    },
    "melbands_kurtosis": {
        "max": 73.4475860596,
        "mean": 5.28899002075,
        "min": -1.83700561523,
        "stdev": 7.12394618988
    },
    "melbands_skewness": {
        "max": 7.17263650894,
        "mean": 1.84340322018,
        "min": -0.29968520999,
        "stdev": 1.00980341434
    },
    "melbands_spread": {
        "max": 189.547470093,
        "mean": 29.4580745697,
        "min": 2.61306929588,
        "stdev": 18.6907787323
    },
    "pitch_salience": {
        "max": 0.828791320324,
        "mean": 0.589707493782,
        "min": 0.2189463377,
        "stdev": 0.0978924781084
    },
    "silence_rate_20dB": {
        "max": 1,
        "mean": 1,
        "min": 1,
        "stdev": 0
    },
    "silence_rate_30dB": {
        "max": 1,
        "mean": 1,
        "min": 1,
        "stdev": 0
    },
    "silence_rate_60dB": {
        "max": 1,
        "mean": 0.0694907158613,
        "min": 0,
        "stdev": 0.254287183285
    },
    "spectral_centroid": {
        "max": 4641.00488281,
        "mean": 1537.7401123,
        "min": 323.805114746,
        "stdev": 598.170776367
    },
    "spectral_complexity": {
        "max": 48,
        "mean": 20.7877197266,
        "min": 0,
        "stdev": 9.57943153381
    },
    "spectral_decrease": {
        "max": -6.8158402533e-11,
        "mean": -4.24576906966e-09,
        "min": -2.06121661961e-08,
        "stdev": 3.18128723364e-09
    },
    "spectral_energy": {
        "max": 0.0821025967598,
        "mean": 0.0176664032042,
        "min": 0.000276713893982,
        "stdev": 0.0131477983668
    },
    "spectral_energyband_high": {
        "max": 0.0140589019284,
        "mean": 0.000587078277022,
        "min": 2.2593230824e-06,
        "stdev": 0.00108839559834
    },
    "spectral_energyband_low": {
        "max": 0.0278966557235,
        "mean": 0.00152756704483,
        "min": 9.97874303721e-06,
        "stdev": 0.00244973995723
    },
    "spectral_energyband_middle_high": {
        "max": 0.0630318149924,
        "mean": 0.00616617081687,
        "min": 5.24099632457e-05,
        "stdev": 0.00671077240258
    },
    "spectral_energyband_middle_low": {
        "max": 0.0750861242414,
        "mean": 0.0100489314646,
        "min": 0.000125122387544,
        "stdev": 0.00895030796528
    },
    "spectral_entropy": {
        "max": 8.61295700073,
        "mean": 7.51360321045,
        "min": 6.26591205597,
        "stdev": 0.287452638149
    },
    "spectral_flux": {
        "max": 0.197870954871,
        "mean": 0.0741813853383,
        "min": 0.00815990380943,
        "stdev": 0.0351456962526
    },
    "spectral_kurtosis": {
        "max": 26.5892753601,
        "mean": 3.38004255295,
        "min": -0.93154001236,
        "stdev": 2.55257105827
    },
    "spectral_rms": {
        "max": 0.00894986558706,
        "mean": 0.0038603451103,
        "min": 0.000519581371918,
        "stdev": 0.00152750336565
    },
    "spectral_rolloff": {
        "max": 8182.6171875,
        "mean": 1850.20568848,
        "min": 193.798828125,
        "stdev": 1065.39794922
    },
    "spectral_skewness": {
        "max": 3.63500380516,
        "mean": 1.14244771004,
        "min": -0.508013427258,
        "stdev": 0.405454069376
    },
    "spectral_spread": {
        "max": 20533096,
        "mean": 3219931.25,
        "min": 1948634,
        "stdev": 752873.4375
    },
    "spectral_strongpeak": {
        "max": 11.6881065369,
        "mean": 1.10076153278,
        "min": 0,
        "stdev": 1.13826298714
    },
    "zerocrossingrate": {
        "max": 0.25634765625,
        "mean": 0.0631835013628,
        "min": 0.01025390625,
        "stdev": 0.0266661178321
    },
    "barkbands": {
        "max": [0.000520563800819, 0.00548052275553, 0.0144831985235, 0.0380766838789, 0.0512601919472, 0.0212871078402, 0.0700245648623, 0.03308320418, 0.020377073437, 0.0287582501769, 0.00989455170929, 0.0131563665345, 0.0111572155729, 0.0138049824163, 0.0378351956606, 0.0163379944861, 0.00545211182907, 0.0102424332872, 0.00388041720726, 0.00481420941651, 0.00548454700038, 0.00593217974529, 0.00365719059482, 0.00322730233893, 0.000664948951453, 5.94250241193e-06, 9.50948049194e-08],
        "mean": [6.28567840977e-06, 0.000368948618416, 0.000658920209389, 0.000990680535324, 0.00240734149702, 0.00205492507666, 0.00230541289784, 0.00103771325666, 0.000953362730797, 0.0011496625375, 0.000473072956083, 0.000631925067864, 0.000536148261745, 0.00063859007787, 0.000780825852416, 0.000613325915765, 0.000479767797515, 0.000406255741837, 0.000315865763696, 0.000490834354423, 0.000118607043987, 0.000112598230771, 8.78768478287e-05, 4.13881753047e-05, 6.03252738074e-06, 6.66892461254e-08, 1.14540554819e-09],
        "min": [2.78972489554e-09, 6.90819263127e-07, 2.58862513647e-07, 2.40360407133e-07, 2.87153397949e-06, 1.63998436165e-06, 1.13390456136e-06, 3.40195379067e-06, 7.23247637779e-07, 2.60090615711e-07, 1.71529131876e-06, 2.45797673415e-06, 5.31390526248e-07, 1.67871758094e-06, 1.74354852334e-06, 2.16001444642e-06, 2.23723168347e-06, 2.31793865169e-06, 9.38127584504e-07, 1.13544126634e-06, 2.25912785368e-07, 2.84398936401e-07, 1.77960771452e-07, 5.12897386784e-08, 2.56735639692e-11, 6.81261852487e-11, 2.38340857467e-11],
        "stdev": [1.55155521497e-05, 0.000655674783047, 0.00129592628218, 0.00210532848723, 0.00385585171171, 0.00261416775174, 0.00522288726643, 0.00220023840666, 0.00166381592862, 0.00248079490848, 0.000882677908521, 0.00111789628863, 0.000857121485751, 0.00114226783626, 0.00169148575515, 0.00122062233277, 0.000643273291644, 0.000690249435138, 0.000438184768427, 0.000711405475158, 0.000311674899422, 0.000351335969754, 0.00019810028607, 0.000159749004524, 3.13713680953e-05, 3.0283030128e-07, 4.09139211399e-09]
    },
    "erbbands": {
        "max": [0.0760512501001, 1.69213974476, 13.1892461777, 73.3738632202, 97.2826843262, 262.679870605, 282.74810791, 173.272354126, 899.276794434, 493.467498779, 926.719787598, 646.068054199, 634.660400391, 1058.90063477, 420.205078125, 681.269165039, 515.760192871, 798.283813477, 2012.14904785, 886.196044922, 612.098693848, 303.033569336, 467.265838623, 249.149887085, 197.06388855, 232.520935059, 281.980804443, 253.217681885, 228.049179077, 171.032363892, 116.643424988, 81.4465789795, 48.0574378967, 13.4369373322, 0.366022527218, 0.0169845074415, 0.0233958717436, 0.00212830887176, 0.000126238810481, 0.000100118326372],
        "mean": [0.00498083094135, 0.109303735197, 0.659865617752, 2.25203132629, 4.53055906296, 8.52429389954, 14.3113470078, 17.2370929718, 32.000995636, 27.1968288422, 23.0308132172, 23.7869720459, 26.0702362061, 34.8816452026, 22.6740722656, 27.55717659, 25.05519104, 35.0792007446, 44.1910209656, 32.106010437, 29.7363204956, 26.7891902924, 25.2089538574, 14.8806772232, 20.0205307007, 23.8831863403, 7.79007148743, 4.1520280838, 3.78394579887, 3.70038414001, 2.30934762955, 1.14014315605, 0.553429424763, 0.141701370478, 0.00414663972333, 0.000229785218835, 0.00026438452187, 3.32657873514e-05, 1.21690909509e-05, 2.21286736632e-05],
        "min": [3.3353575418e-05, 0.000380618585041, 0.000627687317319, 0.00363673036918, 0.00783157907426, 0.00629543093964, 0.0107470229268, 0.0269265566021, 0.0182400941849, 0.0540446303785, 0.0928565040231, 0.0205328240991, 0.0151070570573, 0.0547781735659, 0.0831368342042, 0.103788368404, 0.035162884742, 0.0647758096457, 0.13400965929, 0.217910721898, 0.323119699955, 0.184881240129, 0.185675770044, 0.0818980708718, 0.0356721319258, 0.0527685545385, 0.0271097514778, 0.0148111348972, 0.00942406710237, 0.0067770392634, 0.00650049606338, 0.00452839024365, 0.0011744761141, 0.000134055197123, 1.36839807965e-05, 3.32804120262e-06, 1.72928344e-06, 3.81737663702e-07, 4.64719306592e-07, 9.84929101833e-07],
        "stdev": [0.00725213717669, 0.196509853005, 1.26978206635, 4.37237024307, 8.77837181091, 16.5738124847, 23.5538005829, 23.2801322937, 67.1038589478, 50.9198188782, 56.4346237183, 42.9156074524, 45.6421356201, 83.422416687, 36.9998550415, 47.7614822388, 37.7793388367, 58.2089157104, 94.6633682251, 57.9976119995, 51.4787635803, 35.4197540283, 39.409866333, 23.2536125183, 25.8193416595, 35.8465690613, 14.1647100449, 12.2944107056, 12.3409252167, 9.49864673615, 5.54260587692, 3.67175745964, 2.49514055252, 0.692010939121, 0.0191328302026, 0.000915995973628, 0.00115061434917, 0.000129182924866, 1.07040141302e-05, 1.63108852576e-05]
    },
    "gfcc": {
        "mean": [-39.3346862793, 129.851882935, -179.031784058, 45.0845832825, -77.3186035156, -1.62877976894, -35.867515564, -17.8916034698, -4.67207813263, -22.2931919098, 4.55796289444, -17.4700775146, -1.30194485188],
        "cov": [[2669.45263672, -605.523254395, -302.802337646, 44.0523452759, -193.036132812, 39.8970069885, -8.97835063934, 118.53843689, -92.7981719971, 71.4726715088, 10.9186182022, -47.6227874756, -46.8713798523], [-605.523254395, 644.272766113, 46.597858429, -90.8915481567, 192.895782471, -125.622619629, 59.0682067871, -77.6881561279, 59.2920074463, -88.66822052, 39.1616668701, -38.2640075684, 2.97814464569], [-302.802337646, 46.597858429, 498.291473389, 153.669403076, 52.0653114319, 153.939682007, -61.9679641724, 13.4633817673, -61.3089027405, 10.0652236938, -96.6754837036, -14.576458931, -24.1395626068], [44.0523452759, -90.8915481567, 153.669403076, 233.670791626, 63.7064208984, 73.2009353638, 2.80679607391, 3.42259931564, 0.986970901489, 4.99235773087, -58.0695838928, 6.07132816315, -13.3118848801], [-193.036132812, 192.895782471, 52.0653114319, 63.7064208984, 187.34197998, 39.0215301514, 27.2107315063, 12.7170238495, 26.9590473175, -23.1400794983, -24.8898296356, -16.1803073883, 12.8145999908], [39.8970069885, -125.622619629, 153.939682007, 73.2009353638, 39.0215301514, 251.932296753, 44.7087249756, 84.2699890137, -32.3066635132, 38.951385498, -44.9606704712, -8.63870811462, -5.51553916931], [-8.97835063934, 59.0682067871, -61.9679641724, 2.80679607391, 27.2107315063, 44.7087249756, 150.543487549, 46.5221710205, 27.3909854889, -8.22091007233, 27.6207008362, -7.06730794907, -8.42844867706], [118.53843689, -77.6881561279, 13.4633817673, 3.42259931564, 12.7170238495, 84.2699890137, 46.5221710205, 137.687286377, 19.3248348236, 30.0187759399, -10.0407934189, -11.2840261459, 3.09809017181], [-92.7981719971, 59.2920074463, -61.3089027405, 0.986970901489, 26.9590473175, -32.3066635132, 27.3909854889, 19.3248348236, 117.813331604, 18.5243110657, 17.2375679016, 9.05348491669, 7.80864858627], [71.4726715088, -88.66822052, 10.0652236938, 4.99235773087, -23.1400794983, 38.951385498, -8.22091007233, 30.0187759399, 18.5243110657, 97.9085235596, 27.6863708496, 4.205514431, 3.97968244553], [10.9186182022, 39.1616668701, -96.6754837036, -58.0695838928, -24.8898296356, -44.9606704712, 27.6207008362, -10.0407934189, 17.2375679016, 27.6863708496, 103.103134155, 22.0593471527, -4.71156597137], [-47.6227874756, -38.2640075684, -14.576458931, 6.07132816315, -16.1803073883, -8.63870811462, -7.06730794907, -11.2840261459, 9.05348491669, 4.205514431, 22.0593471527, 66.4787445068, 29.5879421234], [-46.8713798523, 2.97814464569, -24.1395626068, -13.3118848801, 12.8145999908, -5.51553916931, -8.42844867706, 3.09809017181, 7.80864858627, 3.97968244553, -4.71156597137, 29.5879421234, 71.2322998047]],
        "icov": [[0.00058929505758, 0.000214373474591, 0.000597890058998, -0.000556694867555, 0.000341848033713, -1.71337924257e-05, 0.000285171845462, -0.000575160607696, 0.000595018093009, -7.97060201876e-05, -0.000168889513589, 0.000665605533868, 0.000124892467284], [0.000214373474591, 0.0114824669436, -0.00696508074179, 0.00852305628359, -0.0121852047741, 0.00632219528779, -0.00668753450736, 0.00587653834373, -0.0044404854998, 0.00510663259774, -0.00588703202084, 0.0057452484034, -0.00204616552219], [0.000597890058998, -0.00696508074179, 0.0087736947462, -0.00732972798869, 0.00749651528895, -0.0056593939662, 0.0062270835042, -0.00425085192546, 0.00449330219999, -0.00366069679148, 0.00499584944919, -0.00324878934771, 0.00281483796425], [-0.000556694867555, 0.00852305628359, -0.00732972798869, 0.0144312977791, -0.0119587471709, 0.00489655463025, -0.00706329615787, 0.0063528129831, -0.00432854471728, 0.00150258047506, 0.000384827028029, -0.000721384363715, 0.00162443972658], [0.000341848033713, -0.0121852047741, 0.00749651528895, -0.0119587471709, 0.0213021356612, -0.0083542605862, 0.00733729498461, -0.00662591122091, 0.00253251986578, -0.00193866412155, 0.00401763105765, -0.00105587544385, -0.00174773728941], [-1.71337924257e-05, 0.00632219528779, -0.0056593939662, 0.00489655463025, -0.0083542605862, 0.0122657557949, -0.00743900099769, 0.000137517883559, 0.000952850212343, -0.00183569313958, 0.000635422125924, 0.000442965916591, 0.00014419654326], [0.000285171845462, -0.00668753450736, 0.0062270835042, -0.00706329615787, 0.00733729498461, -0.00743900099769, 0.0153471883386, -0.00649707019329, 0.000648190150969, 0.00193607551046, -0.00236188131385, -0.000262713438133, 0.00123373186216], [-0.000575160607696, 0.00587653834373, -0.00425085192546, 0.0063528129831, -0.00662591122091, 0.000137517883559, -0.00649707019329, 0.0149861630052, -0.00510405050591, 0.000279437022982, -0.00102907058317, 0.00369392591529, -0.00215390906669], [0.000595018093009, -0.0044404854998, 0.00449330219999, -0.00432854471728, 0.00253251986578, 0.000952850212343, 0.000648190150969, -0.00510405050591, 0.0145857818425, -0.00670334231108, 0.00424122763798, -0.00477650202811, 0.00224798172712], [-7.97060201876e-05, 0.00510663259774, -0.00366069679148, 0.00150258047506, -0.00193866412155, -0.00183569313958, 0.00193607551046, 0.000279437022982, -0.00670334231108, 0.0202147699893, -0.0124327773228, 0.0075367144309, -0.00514958705753], [-0.000168889513589, -0.00588703202084, 0.00499584944919, 0.000384827028029, 0.00401763105765, 0.000635422125924, -0.00236188131385, -0.00102907058317, 0.00424122763798, -0.0124327773228, 0.024540791288, -0.0135130966082, 0.00845752283931], [0.000665605533868, 0.0057452484034, -0.00324878934771, -0.000721384363715, -0.00105587544385, 0.000442965916591, -0.000262713438133, 0.00369392591529, -0.00477650202811, 0.0075367144309, -0.0135130966082, 0.0294881816953, -0.0140453474596], [0.000124892467284, -0.00204616552219, 0.00281483796425, 0.00162443972658, -0.00174773728941, 0.00014419654326, 0.00123373186216, -0.00215390906669, 0.00224798172712, -0.00514958705753, 0.00845752283931, -0.0140453474596, 0.02246376127]]
    },
    "melbands": {
        "max": [0.000935687916353, 0.00520200189203, 0.0133951641619, 0.0137539440766, 0.00959459412843, 0.00422574020922, 0.0148640982807, 0.00450317421928, 0.00770669896156, 0.00402483157814, 0.00318228406832, 0.00472045876086, 0.00131213909481, 0.00161789474078, 0.00125497556292, 0.00121264043264, 0.00175600976218, 0.00271116546355, 0.00209141336381, 0.00148166413419, 0.000888841226697, 0.00022203043045, 0.00106720242184, 0.000215433145058, 0.000248759228271, 0.0001597476803, 0.000269737036433, 0.000191056053154, 0.000164569457411, 0.000196371387574, 0.000184221295058, 0.000163781034644, 0.000109776767204, 8.01018541097e-05, 6.9342488132e-05, 5.29935132363e-05, 5.82494139962e-05, 3.78020631615e-05, 2.91688775178e-05, 5.96772042627e-06],
        "mean": [7.32374101062e-05, 0.000290943396976, 0.000449177576229, 0.000459670671262, 0.000490587786771, 0.000390088185668, 0.000504247611389, 0.000277492712485, 0.000182820862392, 0.000145062425872, 0.000129977110191, 0.000146801248775, 6.55690018903e-05, 8.02031063358e-05, 5.24810493516e-05, 5.78631370445e-05, 6.48235436529e-05, 6.81029778207e-05, 4.84747433802e-05, 4.61953713966e-05, 3.12659758492e-05, 2.48686192208e-05, 3.37387282343e-05, 1.50042351379e-05, 1.13572277769e-05, 1.18338566608e-05, 1.77310485014e-05, 1.54433273565e-05, 5.38865242561e-06, 2.62129788098e-06, 2.32262505051e-06, 2.17289425564e-06, 2.10024381886e-06, 1.99793498723e-06, 1.443405381e-06, 9.08437982616e-07, 6.10073527696e-07, 4.15047452407e-07, 2.7362816013e-07, 5.69362512692e-08],
        "min": [1.61196538784e-07, 5.80736468692e-07, 1.14133376883e-06, 5.92049843817e-07, 3.70731697785e-07, 3.91079822748e-07, 2.36278225429e-07, 4.72898676662e-07, 4.47637802381e-07, 1.14123238859e-07, 4.52946089524e-08, 9.16484452773e-08, 2.41657176048e-07, 3.50859494347e-07, 1.2420868245e-07, 5.53779919699e-08, 1.3704942603e-07, 1.50323344883e-07, 1.06324577587e-07, 2.97276102401e-07, 3.37025170438e-07, 1.58129779493e-07, 1.24016992231e-07, 1.04188885075e-07, 5.62801965032e-08, 2.48404781189e-08, 2.43175968251e-08, 2.97112485725e-08, 1.47800047756e-08, 2.8462452395e-09, 6.60561161325e-10, 1.01968478106e-09, 3.88800147633e-09, 3.36524541567e-09, 2.71854132088e-12, 9.46283633049e-13, 4.07101213851e-10, 8.83608778594e-13, 2.380045759e-13, 1.68475029392e-13],
        "stdev": [0.000119001117127, 0.000511250284035, 0.00081284850603, 0.000860031810589, 0.000774694082793, 0.000527816417161, 0.00108627416193, 0.000481988332467, 0.000453443295555, 0.000269453041255, 0.000237417596509, 0.000366061576642, 0.000118090036267, 0.000135359412525, 8.66495611263e-05, 9.17177821975e-05, 0.000118673859106, 0.000145200174302, 9.50645844568e-05, 9.86663944786e-05, 5.67201823287e-05, 3.12572992698e-05, 6.88638756401e-05, 2.04980060516e-05, 2.13977618841e-05, 1.67924717971e-05, 2.62253997789e-05, 2.57289739238e-05, 9.89446380117e-06, 8.33954709378e-06, 7.45270654079e-06, 7.61421097195e-06, 6.29242595096e-06, 4.76513241665e-06, 3.4016572954e-06, 2.43756267082e-06, 2.31974490816e-06, 1.88438764326e-06, 1.44142836689e-06, 2.78447089386e-07]
    },
    "melbands128": {
        "max": [0.000348362373188, 0.000675947521813, 0.00106964365114, 0.00341614452191, 0.00571477413177, 0.00735466601327, 0.0146981040016, 0.0199985280633, 0.0127250961959, 0.0213200524449, 0.0177839100361, 0.01453960035, 0.0136731555685, 0.00762365711853, 0.00503457104787, 0.00666753947735, 0.0150905679911, 0.0261918902397, 0.0189754273742, 0.00899553392082, 0.00481117563322, 0.00900179892778, 0.0149383861572, 0.00498938420787, 0.00702206091955, 0.00469876872376, 0.00294282846153, 0.00613875314593, 0.00415422301739, 0.00993790570647, 0.00476082414389, 0.00304779666476, 0.00253395619802, 0.00294617447071, 0.00262575759552, 0.00265819812194, 0.00362882879563, 0.00233069271781, 0.00177423842251, 0.00167135579977, 0.00161018501967, 0.00398361962289, 0.00329277827404, 0.00227779429406, 0.00351100275293, 0.00369442440569, 0.00865905638784, 0.00143314129673, 0.00196922942996, 0.00291501451284, 0.00261494191363, 0.00208725617267, 0.00174912274815, 0.000942546583246, 0.000718285213225, 0.000442426913651, 0.000488442194182, 0.00148246448953, 0.00137245759834, 0.000701234443113, 0.000445485697128, 0.000252772500971, 0.0004365601053, 0.00049824238522, 0.00028939844924, 0.000225537180086, 0.000356432574335, 0.000364668958355, 0.000395791459596, 0.000440437986981, 0.000382480502594, 0.00033378979424, 0.000237052590819, 0.00018814158102, 0.000299269944662, 0.000321940751746, 0.000292837794404, 0.000147606842802, 0.0002657979785, 0.00018379514222, 0.000210720885661, 0.000164833370945, 0.000132257671794, 0.000113242756925, 0.000200521142688, 0.000120662320114, 6.55547846691e-05, 5.27420634171e-05, 6.79112927173e-05, 9.53341077548e-05, 6.37584525975e-05, 3.58866636816e-05, 4.68059915875e-05, 5.6889908592e-05, 8.15461971797e-05, 3.72050017177e-05, 4.63735050289e-05, 4.52855565527e-05, 3.69364861399e-05, 3.71292117052e-05, 9.0786106739e-06, 4.56623467926e-08, 2.38469999303e-09, 1.03429731446e-09, 9.2131496876e-10, 8.36832991791e-10, 7.76033237671e-10, 7.26760152059e-10, 6.83338052809e-10, 6.4597516225e-10, 6.1436283838e-10, 6.44748832102e-09, 1.46586742744e-07, 1.41071595294e-07, 4.14298142459e-08, 9.65211910398e-09, 2.50179432726e-09, 4.46596704062e-10, 4.32160390806e-10, 4.21211399093e-10, 4.10425665676e-10, 4.01904565184e-10, 3.9326980561e-10, 3.86011278497e-10, 3.79797387984e-10, 3.74784814294e-10, 3.70241615144e-10, 3.68414243557e-10],
        "mean": [4.63702872366e-06, 2.16325970541e-05, 8.3752158389e-05, 0.000203809933737, 0.000300070212688, 0.000331566203386, 0.000452798674814, 0.000495503481943, 0.000434462126577, 0.000446101126727, 0.00047188665485, 0.000529007113073, 0.000537468411494, 0.000381903606467, 0.000362934719305, 0.000421195465606, 0.000415643764427, 0.000617233396042, 0.000511010293849, 0.000248562864726, 0.000202706534765, 0.000181682378752, 0.000206202486879, 0.000141846016049, 0.000162242911756, 0.000144996636664, 0.000104483915493, 0.000137932001962, 0.00011455155618, 0.000221362526645, 0.000133775407448, 5.52403653273e-05, 4.98404224345e-05, 9.19382655411e-05, 6.2492210418e-05, 9.49674940784e-05, 8.10627389001e-05, 2.90903426503e-05, 5.70746742596e-05, 5.36092702532e-05, 5.58616084163e-05, 6.6312670242e-05, 6.76008421578e-05, 7.10117456038e-05, 3.70228990505e-05, 7.500040374e-05, 0.000101237099443, 3.83374026569e-05, 3.11551557388e-05, 4.14324385929e-05, 5.57864841539e-05, 4.24679747084e-05, 3.34819960699e-05, 2.63532365352e-05, 2.53924608842e-05, 2.13823914237e-05, 2.43967133429e-05, 4.46959966212e-05, 3.38341196766e-05, 1.94540607481e-05, 1.4497389202e-05, 9.84607686405e-06, 1.45021322169e-05, 1.14163094622e-05, 7.15474197932e-06, 1.05161761894e-05, 1.57909616973e-05, 1.59293067554e-05, 1.83143365575e-05, 1.97755216504e-05, 1.84505406651e-05, 1.21151952044e-05, 6.7255700742e-06, 4.64799450128e-06, 2.89837544187e-06, 2.79876644527e-06, 2.48417541115e-06, 2.00408226192e-06, 2.37106701206e-06, 2.54008705269e-06, 2.30747605201e-06, 1.92291736312e-06, 1.98793463824e-06, 1.96931227947e-06, 2.43691147261e-06, 2.14289934775e-06, 1.85221858828e-06, 1.72484089944e-06, 1.48900687691e-06, 1.17418653645e-06, 1.02755893749e-06, 8.33609078654e-07, 7.12837902483e-07, 6.22443621978e-07, 5.49627486635e-07, 4.5598591214e-07, 3.94339849663e-07, 3.33243491468e-07, 2.93285495445e-07, 2.57820317984e-07, 1.25394578276e-07, 7.26005700002e-10, 1.27890831605e-11, 7.19155160769e-12, 6.11165241679e-12, 5.68494817194e-12, 5.42505146708e-12, 5.37082184282e-12, 5.33478599837e-12, 5.10088152272e-12, 4.93770562632e-12, 6.47467149339e-11, 1.56589752276e-09, 1.27856070176e-09, 4.69300542871e-10, 1.3540614463e-10, 2.34351062861e-11, 3.26450693734e-12, 3.1600150014e-12, 3.08710175478e-12, 3.01352324171e-12, 2.95048967897e-12, 2.88908285316e-12, 2.83455355542e-12, 2.80033114752e-12, 2.771265422e-12, 2.74713346689e-12, 2.72984521273e-12],
        "min": [4.77135997379e-10, 8.62117399691e-09, 3.10547036975e-08, 9.2226358106e-08, 1.24649062627e-07, 1.10275031773e-07, 9.81298384772e-08, 7.98641579536e-08, 6.01907117925e-07, 3.6571458395e-07, 1.42658649338e-07, 1.88567753412e-07, 3.40356734796e-07, 1.6393019564e-07, 6.17358892896e-08, 1.93655836256e-07, 2.03808255606e-07, 1.03056478906e-07, 1.82527273296e-07, 8.08062026181e-08, 2.30844690918e-07, 4.06942490372e-07, 3.08488239398e-08, 1.13759996978e-08, 6.51198988066e-08, 2.40241782024e-08, 2.79416489946e-08, 3.10307761708e-08, 1.91069382538e-08, 3.2493371549e-08, 5.70533664757e-08, 2.60951953379e-08, 1.44827779991e-07, 4.41661605066e-08, 1.06781754994e-07, 6.21042701709e-08, 3.17530783889e-08, 6.67195152459e-08, 4.65905500846e-08, 9.59658379429e-08, 4.95132290723e-08, 1.20748637755e-08, 9.03903725202e-08, 4.0090789355e-08, 2.09788204586e-08, 8.5251208759e-08, 1.04935566014e-07, 6.12662134358e-08, 2.19295124282e-08, 7.29359825868e-08, 6.92736961128e-08, 8.61301501232e-08, 1.2313876141e-07, 5.7973153389e-08, 2.97978033359e-08, 4.66913405717e-08, 2.70514242118e-08, 8.55053983173e-08, 2.75108753556e-08, 5.58138779638e-08, 4.46849384161e-08, 1.25754713309e-08, 2.94190343197e-08, 2.48097364874e-08, 6.97557167584e-09, 8.80901396272e-09, 1.54774095762e-08, 8.04791877584e-09, 6.30203089713e-09, 1.5906051587e-08, 1.63391487007e-08, 1.5603820458e-08, 1.47207304124e-08, 7.72542296801e-09, 4.08720224332e-10, 3.45793615963e-10, 5.25737342549e-10, 6.19101991894e-11, 7.51100986962e-11, 1.62011598581e-10, 1.89605345313e-10, 2.38535731965e-12, 9.47549400054e-11, 1.76317113687e-10, 3.13837311694e-09, 3.07393110965e-09, 3.4288200057e-10, 2.84526091923e-12, 7.62580211651e-13, 2.80295399521e-13, 5.44187145433e-13, 4.68069918762e-13, 1.59535069617e-12, 1.65288980419e-11, 4.92092217669e-12, 8.35601499018e-13, 1.61486194425e-13, 2.15385516497e-13, 2.44785420232e-13, 2.11309797243e-13, 1.54346140361e-13, 1.43417260489e-13, 9.35364863363e-14, 7.206560381e-14, 5.84727714381e-14, 5.71924777502e-14, 6.61927584684e-14, 7.8484026461e-14, 5.33317490105e-14, 8.22570635738e-14, 8.21486975666e-14, 1.26151557733e-13, 1.41603444465e-13, 1.44936281943e-13, 1.72323093295e-13, 1.48469154722e-13, 7.35427615074e-14, 7.66919012562e-14, 7.06184039739e-14, 7.23405371521e-14, 6.92831141308e-14, 7.53947143432e-14, 5.78006948402e-14, 7.29722001141e-14, 4.87014840619e-14, 6.9107812192e-14, 6.79885496318e-14, 7.8441864549e-14],
        "stdev": [1.08582980829e-05, 3.39594625984e-05, 0.000144673133036, 0.000403442827519, 0.000644737621769, 0.000650491274428, 0.000949868641328, 0.0010935459286, 0.0010208823951, 0.00124189781491, 0.00110564834904, 0.00108783261385, 0.00106346583925, 0.000606103625614, 0.000578307954129, 0.000832525431179, 0.000933019793592, 0.00172815658152, 0.00148508534767, 0.000552117824554, 0.000399478536565, 0.000532756675966, 0.000748159829527, 0.000349282083334, 0.000386928441003, 0.000373457238311, 0.000234221850405, 0.00033819838427, 0.000328957394231, 0.000678680313285, 0.000367376807844, 0.000183837255463, 0.0001377229637, 0.000200332986424, 0.000165341567481, 0.000206876386073, 0.000188008983969, 9.12734903977e-05, 0.000126903993078, 0.000113703055831, 0.000116940340376, 0.000192694962607, 0.000160703959409, 0.000176848581759, 0.000124477344798, 0.000205394389923, 0.000314240867738, 9.17818906601e-05, 8.02929862402e-05, 0.000137062263093, 0.000152027190779, 0.000111311252113, 0.000104600359919, 4.89932717755e-05, 4.45016521553e-05, 3.68864275515e-05, 4.50687257398e-05, 0.000108674903458, 8.87412243173e-05, 4.2877112719e-05, 2.65553007921e-05, 1.71353040059e-05, 3.14257158607e-05, 3.09117822326e-05, 1.46723787111e-05, 1.92660518223e-05, 2.78474635707e-05, 3.03616852761e-05, 3.5954049963e-05, 3.66425192624e-05, 3.68277724192e-05, 2.75170732493e-05, 1.44317218655e-05, 1.06114712253e-05, 1.03905586002e-05, 1.01311479739e-05, 9.24588402995e-06, 6.75633737046e-06, 8.58123985381e-06, 8.34806269268e-06, 9.50346202444e-06, 7.08018751538e-06, 7.04579861122e-06, 5.9548920035e-06, 8.00872658147e-06, 5.5520135902e-06, 4.53193615613e-06, 3.80977280656e-06, 3.71092733076e-06, 3.59022624252e-06, 2.82504197457e-06, 2.21412710744e-06, 2.32326760852e-06, 2.45319665737e-06, 2.66737424681e-06, 2.08239021049e-06, 1.85964279353e-06, 1.92184324987e-06, 1.66133554558e-06, 1.50210826177e-06, 5.53309519091e-07, 2.71319988698e-09, 8.70835348277e-11, 3.66667217422e-11, 3.14885964525e-11, 2.84614935786e-11, 2.61758982545e-11, 2.43731614752e-11, 2.28690122395e-11, 2.15274898602e-11, 2.04204674004e-11, 2.60339888536e-10, 6.96807012091e-09, 6.82331968704e-09, 2.19837215099e-09, 6.13955886131e-10, 1.15547044155e-10, 1.46657998246e-11, 1.42006562759e-11, 1.38292224894e-11, 1.34650771436e-11, 1.31558349284e-11, 1.28722466713e-11, 1.26329311595e-11, 1.24231631926e-11, 1.22623864188e-11, 1.21184191154e-11, 1.20490822181e-11]
    },
    "mfcc": {
        "mean": [-649.723876953, 129.099121094, -32.3596839905, 24.8923110962, -13.0998449326, 3.71129488945, -18.131067276, 0.930797755718, -16.7768287659, 3.8344938755, -11.9698162079, -0.0711843296885, -2.77486276627],
        "cov": [[3062.46630859, -738.388183594, -206.732879639, -144.025878906, -155.281951904, -132.53364563, 41.3134689331, -27.0515022278, -89.6428222656, 173.051528931, 20.0003681183, -119.459243774, 10.9543972015], [-738.388183594, 737.157714844, -159.02255249, 72.5316162109, 25.8642883301, -20.4599914551, -39.8543167114, 30.743888855, -49.6705131531, 1.69733119011, -27.8676891327, 9.80772209167, 15.5236167908], [-206.732879639, -159.02255249, 505.78225708, -12.9018735886, 155.242370605, 67.4679870605, 108.116615295, -50.7901573181, 122.314468384, -113.082473755, 55.5229530334, 18.5574951172, -52.2754745483], [-144.025878906, 72.5316162109, -12.9018735886, 233.400604248, 20.877155304, 60.8045539856, -68.6534881592, 44.8863372803, -17.7829227448, 7.60921096802, -30.5578384399, 4.07087469101, 13.0077295303], [-155.281951904, 25.8642883301, 155.242370605, 20.877155304, 228.810531616, 33.9941520691, 60.0524940491, -29.7075157166, 113.209648132, -64.6820297241, 27.2086467743, 5.35534906387, -18.3855304718], [-132.53364563, -20.4599914551, 67.4679870605, 60.8045539856, 33.9941520691, 153.878356934, 21.6201057434, 38.2360839844, 22.6899261475, -0.671485066414, -0.674289464951, 20.2031803131, -14.6340322495], [41.3134689331, -39.8543167114, 108.116615295, -68.6534881592, 60.0524940491, 21.6201057434, 202.128387451, 13.9365882874, 80.1621170044, -9.10949325562, 44.6345481873, 8.65092563629, -12.3268728256], [-27.0515022278, 30.743888855, -50.7901573181, 44.8863372803, -29.7075157166, 38.2360839844, 13.9365882874, 140.063339233, 7.94816017151, 47.4976463318, -19.6552505493, 8.55881500244, 14.4526233673], [-89.6428222656, -49.6705131531, 122.314468384, -17.7829227448, 113.209648132, 22.6899261475, 80.1621170044, 7.94816017151, 201.323364258, -23.1576557159, 33.6021652222, 12.5517129898, -12.6177883148], [173.051528931, 1.69733119011, -113.082473755, 7.60921096802, -64.6820297241, -0.671485066414, -9.10949325562, 47.4976463318, -23.1576557159, 140.911010742, -2.17534255981, 16.0772571564, 23.7787399292], [20.0003681183, -27.8676891327, 55.5229530334, -30.5578384399, 27.2086467743, -0.674289464951, 44.6345481873, -19.6552505493, 33.6021652222, -2.17534255981, 89.2163467407, 25.0789546967, 3.15523219109], [-119.459243774, 9.80772209167, 18.5574951172, 4.07087469101, 5.35534906387, 20.2031803131, 8.65092563629, 8.55881500244, 12.5517129898, 16.0772571564, 25.0789546967, 88.8358230591, 29.1006069183], [10.9543972015, 15.5236167908, -52.2754745483, 13.0077295303, -18.3855304718, -14.6340322495, -12.3268728256, 14.4526233673, -12.6177883148, 23.7787399292, 3.15523219109, 29.1006069183, 108.64037323]],
        "icov": [[0.000597705598921, 0.000665123341605, 0.000293152261293, 1.45514832184e-06, -0.000185679105925, 0.000370933965314, -0.000284529931378, 9.44784696912e-05, 0.000336571480148, -0.000668035878334, -0.000244558032136, 0.000775166554376, -5.59607287869e-05], [0.000665123341605, 0.00237488839775, 0.00101480353624, -0.000432030356023, -0.00100009550806, 0.000809744757134, -0.000462585216155, -0.000265724869678, 0.000867639202625, -0.000323180778651, -0.000130091837491, 0.000310838455334, 0.000148327249917], [0.000293152261293, 0.00101480353624, 0.00386820570566, -0.000361804181011, -0.00111609639134, -0.000687262043357, -0.00116946583148, 0.000654910865705, -0.000408653751947, 0.00175853027031, -0.000895256467629, -0.000561380118597, 0.000972793437541], [1.45514832184e-06, -0.000432030356023, -0.000361804181011, 0.00640627136454, -0.00136972905602, -0.00226383493282, 0.00261719874106, -0.00178181519732, 0.000498811539728, -0.000307999405777, 0.000699299562257, 0.000425696809543, -0.000891280069482], [-0.000185679105925, -0.00100009550806, -0.00111609639134, -0.00136972905602, 0.00828421488404, -0.000882659398485, -0.000879099359736, 0.00183762575034, -0.00380095979199, 0.00192777207121, -0.000272607780062, 8.0678750237e-05, -0.000149648694787], [0.000370933965314, 0.000809744757134, -0.000687262043357, -0.00226383493282, -0.000882659398485, 0.00928761158139, -0.00109730334952, -0.00208209338598, 0.000625605462119, -0.000602300395258, 0.000434487999883, -0.00175485271029, 0.00170333893038], [-0.000284529931378, -0.000462585216155, -0.00116946583148, 0.00261719874106, -0.000879099359736, -0.00109730334952, 0.00798884406686, -0.00206544948742, -0.00146714237053, -0.000232718986808, -0.00221504829824, 0.00041144239367, -6.19931670371e-05], [9.44784696912e-05, -0.000265724869678, 0.000654910865705, -0.00178181519732, 0.00183762575034, -0.00208209338598, -0.00206544948742, 0.0105098448694, -0.00167197349947, -0.00243897014298, 0.0022649273742, -6.20559876552e-05, -0.000754575245082], [0.000336571480148, 0.000867639202625, -0.000408653751947, 0.000498811539728, -0.00380095979199, 0.000625605462119, -0.00146714237053, -0.00167197349947, 0.00845198146999, -0.000718279567081, -0.00104724557605, -4.49039689556e-05, 0.000263998721493], [-0.000668035878334, -0.000323180778651, 0.00175853027031, -0.000307999405777, 0.00192777207121, -0.000602300395258, -0.000232718986808, -0.00243897014298, -0.000718279567081, 0.0112445224077, -0.000901529972907, -0.00251672975719, -0.000304506364046], [-0.000244558032136, -0.000130091837491, -0.000895256467629, 0.000699299562257, -0.000272607780062, 0.000434487999883, -0.00221504829824, 0.0022649273742, -0.00104724557605, -0.000901529972907, 0.0152629902586, -0.00415495689958, -0.000266139017185], [0.000775166554376, 0.000310838455334, -0.000561380118597, 0.000425696809543, 8.0678750237e-05, -0.00175485271029, 0.00041144239367, -6.20559876552e-05, -4.49039689556e-05, -0.00251672975719, -0.00415495689958, 0.0157187562436, -0.00415560603142], [-5.59607287869e-05, 0.000148327249917, 0.000972793437541, -0.000891280069482, -0.000149648694787, 0.00170333893038, -6.19931670371e-05, -0.000754575245082, 0.000263998721493, -0.000304506364046, -0.000266139017185, -0.00415560603142, 0.0112795652822]]
    },
    "spectral_contrast_coeffs": {
        "max": [-0.346831709146, -0.4579667449, -0.519807338715, -0.581938564777, -0.619238555431, -0.363103628159],
        "mean": [-0.667454957962, -0.74300968647, -0.755672574043, -0.777650594711, -0.773383975029, -0.680905878544],
        "min": [-0.89441049099, -0.946720838547, -0.929676890373, -0.899523019791, -0.891163825989, -0.87924939394],
        "stdev": [0.0846627280116, 0.0675170943141, 0.0564124658704, 0.0489355362952, 0.0423805937171, 0.058734472841]
    },
    "spectral_contrast_valleys": {
        "max": [-5.56017494202, -5.06862068176, -5.54397392273, -5.86927080154, -5.98115062714, -8.35380268097],
        "mean": [-7.23249053955, -6.59500789642, -7.3094830513, -7.37878751755, -7.45861625671, -11.5053768158],
        "min": [-9.4962387085, -9.26829433441, -9.79823493958, -9.46615791321, -9.68140983582, -16.1344490051],
        "stdev": [0.652654647827, 0.631067931652, 0.642325639725, 0.646036803722, 0.670057833195, 1.11934125423]
    }
},
"rhythm": {
    "beats_count": 94,
    "beats_loudness": {
        "max": 0.0670366063714,
        "mean": 0.0268599167466,
        "min": 0.00424945121631,
        "stdev": 0.0142604382709
    },
    "bpm": 117.188583374,
    "bpm_histogram_first_peak_bpm": 117,
    "bpm_histogram_first_peak_weight": 0.413043498993,
    "bpm_histogram_second_peak_bpm": 112,
    "bpm_histogram_second_peak_spread": 0,
    "bpm_histogram_second_peak_weight": 0.010752688162,
    "danceability": 1.01359403133,
    "onset_rate": 3.0146484375,
    "beats_loudness_band_ratio": {
        "max": [0.869374930859, 0.680074512959, 0.831495821476, 0.518486380577, 0.436407238245, 0.631485641003],
        "mean": [0.283796846867, 0.164383172989, 0.217132613063, 0.172710582614, 0.13824044168, 0.0702116265893],
        "min": [0.0149499783292, 0.00257191085257, 0.0164995137602, 0.00795766152442, 0.0151852332056, 0.00203076004982],
        "stdev": [0.205244928598, 0.127836689353, 0.162581250072, 0.13017450273, 0.0952051207423, 0.076485067606]
    },
