{
"metadata": {
    "version": {
        "essentia": "2.1-beta5",
        "essentia_git_sha": "Undefined",
        "extractor": "music 2.0"
    },
    "audio_properties": {
        "analysis": {
            "equal_loudness": 0,
            "length": 12.7477550507,
            "sample_rate": 44100,
            "start_time": 0,
            "downmix": "mix"
        },
        "bit_rate": 192000,
        "length": 155.643356323,
        "lossless": 0,
        "number_channels": 2,
        "replay_gain": -6.1755771637,
        "sample_rate": 44100,
        "codec": "mp3",
        "md5_encoded": "3b6c9fbccd7ec7a1d1009c10bc085ad4"
    },
    "tags": {
        "file_name": "Yugoslavia_Halo Halo_Aska.mp3",
        "encoding": ["Lavf58.29.100"]
    }
},
"lowlevel": {
    "average_loudness": 0.953004658222,
    "barkbands_crest": {
        "max": 18.589050293,
        "mean": 7.36059761047,
        "min": 2.76997923851,
        "stdev": 2.78838229179
    },
    "barkbands_flatness_db": {
        "max": 0.205223798752,
        "mean": 0.132677078247,
        "min": 0.0659467875957,
        "stdev": 0.021733418107
    },
    "barkbands_kurtosis": {
        "max": 10.9132099152,
        "mean": 0.347009599209,
        "min": -1.69137144089,
        "stdev": 1.68168509007
    },
    "barkbands_skewness": {
        "max": 3.183344841,
        "mean": 0.693008601665,
        "min": -2.68000364304,
        "stdev": 0.670369684696
    },
    "barkbands_spread": {
        "max": 40.9888305664,
        "mean": 22.8677654266,
        "min": 7.29581212997,
        "stdev": 6.19528913498
    },
    "dissonance": {
        "max": 0.499928146601,
        "mean": 0.469621956348,
        "min": 0.386389493942,
        "stdev": 0.0180581193417
    },
    "dynamic_complexity": 2.34954380989,
    "erbbands_crest": {
        "max": 20.1988563538,
        "mean": 7.11016845703,
        "min": 2.91464924812,
        "stdev": 2.80338048935
    },
    "erbbands_flatness_db": {
        "max": 0.287242144346,
        "mean": 0.196720704436,
        "min": 0.0953468978405,
        "stdev": 0.0272614583373
    },
    "erbbands_kurtosis": {
        "max": 4.72619104385,
        "mean": -0.20559823513,
        "min": -1.60659325123,
        "stdev": 0.825246334076
    },
    "erbbands_skewness": {
        "max": 1.72947001457,
        "mean": 0.040083181113,
        "min": -1.57412075996,
        "stdev": 0.465974509716
    },
    "erbbands_spread": {
        "max": 69.7921295166,
        "mean": 32.6855964661,
        "min": 9.73334503174,
        "stdev": 9.83591842651
    },
    "hfc": {
        "max": 71.562789917,
        "mean": 21.2848720551,
        "min": 1.18599065115e-16,
        "stdev": 15.4813556671
    },
    "loudness_ebu128": {
        "integrated": -18.5166473389,
        "loudness_range": 3.32217025757,
        "momentary": {
            "max": -14.6241350174,
            "mean": -18.9491405487,
            "min": -26.3861522675,
            "stdev": 1.98422217369
        },
        "short_term": {
            "max": -16.8018894196,
            "mean": -18.6966438293,
            "min": -20.4818878174,
            "stdev": 1.17917478085
        }
    },
    "melbands_crest": {
        "max": 25.2498683929,
        "mean": 9.46895122528,
        "min": 2.08531999588,
        "stdev": 3.70641517639
    },
    "melbands_flatness_db": {
        "max": 0.246379390359,
        "mean": 0.136605203152,
        "min": 0.00583387166262,
        "stdev": 0.0330244526267
    },
    "melbands_kurtosis": {
        "max": 38.2767677307,
        "mean": 3.29554390907,
        "min": -1.28204441071,
        "stdev": 4.28954839706
    },
    "melbands_skewness": {
        "max": 5.20104503632,
        "mean": 1.46386158466,
        "min": -0.46669203043,
        "stdev": 0.8314473629
    },
    "melbands_spread": {
        "max": 142.660247803,
        "mean": 32.9723472595,
        "min": 8.5607881546,
        "stdev": 14.2469320297
    },
    "pitch_salience": {
        "max": 0.915701627731,
        "mean": 0.619753062725,
        "min": 0.359585672617,
        "stdev": 0.0827635973692
    },
    "silence_rate_20dB": {
        "max": 1,
        "mean": 1,
        "min": 1,
        "stdev": 0
    },
    "silence_rate_30dB": {
        "max": 1,
        "mean": 1,
        "min": 1,
        "stdev": 0
    },
    "silence_rate_60dB": {
        "max": 1,
        "mean": 0.0218181814998,
        "min": 0,
        "stdev": 0.146089017391
    },
    "spectral_centroid": {
        "max": 11140.0908203,
        "mean": 1719.5559082,
        "min": 535.366821289,
        "stdev": 895.579589844
    },
    "spectral_complexity": {
        "max": 45,
        "mean": 23.3327274323,
        "min": 0,
        "stdev": 7.58804368973
    },
    "spectral_decrease": {
        "max": 5.93454074257e-20,
        "mean": -4.58419613381e-09,
        "min": -1.87760083037e-08,
        "stdev": 3.00082070304e-09
    },
    "spectral_energy": {
        "max": 0.0759090334177,
        "mean": 0.0192324128002,
        "min": 1.04771730362e-20,
        "stdev": 0.0125593040138
    },
    "spectral_energyband_high": {
        "max": 0.00420876778662,
        "mean": 0.000623792177066,
        "min": 7.46487528211e-21,
        "stdev": 0.000561401830055
    },
    "spectral_energyband_low": {
        "max": 0.0083646401763,
        "mean": 0.00131155923009,
        "min": 2.11702798825e-23,
        "stdev": 0.00104720843956
    },
    "spectral_energyband_middle_high": {
        "max": 0.044831674546,
        "mean": 0.00804097391665,
        "min": 1.3449338798e-21,
        "stdev": 0.00692985579371
    },
    "spectral_energyband_middle_low": {
        "max": 0.0607041530311,
        "mean": 0.00960813369602,
        "min": 2.06638529539e-22,
        "stdev": 0.00788631942123
    },
    "spectral_entropy": {
        "max": 9.80622768402,
        "mean": 7.65187168121,
        "min": 6.89761257172,
        "stdev": 0.270245045424
    },
    "spectral_flux": {
        "max": 0.180070668459,
        "mean": 0.0730784311891,
        "min": 6.38309058387e-11,
        "stdev": 0.0272755473852
    },
    "spectral_kurtosis": {
        "max": 14.7045307159,
        "mean": 2.83507943153,
        "min": -1.21432507038,
        "stdev": 1.85172998905
    },
    "spectral_rms": {
        "max": 0.00860567204654,
        "mean": 0.00409148912877,
        "min": 3.19712875965e-12,
        "stdev": 0.001422340516
    },
    "spectral_rolloff": {
        "max": 19272.2167969,
        "mean": 2106.77075195,
        "min": 344.53125,
        "stdev": 1715.6036377
    },
    "spectral_skewness": {
        "max": 3.20615124702,
        "mean": 1.12311911583,
        "min": -0.0472264327109,
        "stdev": 0.274157166481
    },
    "spectral_spread": {
        "max": 41801620,
        "mean": 3742964.75,
        "min": 2090704.25,
        "stdev": 3206170.25
    },
    "spectral_strongpeak": {
        "max": 8.59790325165,
        "mean": 1.41836571693,
        "min": 1.58818502793e-09,
        "stdev": 1.44412481785
    },
    "zerocrossingrate": {
        "max": 0.5185546875,
        "mean": 0.072715729475,
        "min": 0.0234375,
        "stdev": 0.0439125671983
    },
    "barkbands": {
        "max": [0.00022833867115, 0.00309764407575, 0.00449444027618, 0.0134490821511, 0.026644686237, 0.0136571787298, 0.0522621162236, 0.0233971588314, 0.0184963867068, 0.0272605642676, 0.0122183961794, 0.0113888513297, 0.00829606316984, 0.0242991279811, 0.00317749660462, 0.00507234781981, 0.00793368835002, 0.00510099111125, 0.00392274931073, 0.00220699422061, 0.00108165317215, 0.000927247689106, 0.000773613865022, 0.00046723158448, 3.3044929296e-05, 1.82136534477e-06, 2.02729665943e-06],
        "mean": [1.53468408826e-05, 0.000608590198681, 0.000390203756979, 0.0008173113456, 0.00267292815261, 0.00128873484209, 0.00211166217923, 0.00138683139812, 0.00121355650481, 0.00106633570977, 0.000421900564106, 0.00146472547203, 0.00103910895996, 0.00124171143398, 0.000285132060526, 0.00069388456177, 0.000673448259477, 0.000580678344704, 0.00045888585737, 0.000329895439791, 0.000176915418706, 0.000130865053507, 9.34031268116e-05, 6.56479969621e-05, 4.68850385005e-06, 2.58639989426e-08, 4.30582058897e-09],
        "min": [2.05811680248e-24, 8.11809657815e-24, 2.00597151892e-24, 1.78825868863e-23, 1.00583615057e-23, 2.52988575829e-23, 2.96954460426e-24, 1.49746057759e-23, 5.97133626461e-23, 6.6634859783e-23, 3.93462330953e-23, 6.01055842882e-23, 4.1274695086e-23, 8.63935472285e-23, 6.97411668358e-23, 6.86030046326e-23, 1.4192262755e-22, 1.41121056518e-22, 1.86835053726e-22, 2.83802265337e-22, 3.67000307432e-22, 3.92485790572e-22, 4.90979403858e-22, 7.92675306444e-22, 9.99598090966e-22, 1.64896667869e-21, 2.14539126752e-21],
        "stdev": [2.35463267018e-05, 0.000540666165762, 0.000498513923958, 0.0012629867997, 0.00316770840436, 0.00159708294086, 0.00458285631612, 0.0026579122059, 0.00211791228503, 0.00230546225794, 0.000827173353173, 0.00189652829431, 0.00127702008467, 0.0024117459543, 0.000365249317838, 0.00075070845196, 0.000981077202596, 0.000659984187223, 0.000523031514604, 0.000338004872901, 0.000178627189598, 0.000136297472636, 0.000108780834125, 7.26802027202e-05, 5.71182545173e-06, 8.16329759346e-08, 8.6345210093e-08]
    },
    "erbbands": {
        "max": [0.0893544405699, 0.821688055992, 5.15700149536, 22.2816486359, 90.656791687, 65.62940979, 103.432159424, 147.554901123, 937.331970215, 325.314666748, 384.659606934, 235.263153076, 624.334228516, 439.183990479, 230.679885864, 424.496917725, 359.215393066, 770.168395996, 742.527526855, 174.549362183, 316.99887085, 495.68371582, 277.475860596, 202.466781616, 140.159225464, 104.0054245, 56.2001152039, 40.3483963013, 31.0162315369, 31.3180961609, 17.238079071, 13.2436628342, 4.83555173874, 0.96800339222, 0.028107188642, 0.00726358406246, 0.00340450555086, 0.00124406325631, 0.000300492392853, 8.95408156794e-05],
        "mean": [0.0128117660061, 0.152172237635, 0.455101132393, 1.63777399063, 6.97176408768, 7.00555086136, 12.2783079147, 10.7700653076, 34.5658493042, 20.5467166901, 28.062078476, 21.0074138641, 37.4471130371, 25.0530357361, 30.4236087799, 44.8782196045, 50.1809082031, 54.8358383179, 39.3050231934, 22.2461185455, 37.624130249, 44.3640823364, 34.4180259705, 26.2738876343, 19.6753082275, 14.1620769501, 8.86249446869, 6.0291428566, 4.69325971603, 3.83700156212, 2.39137291908, 1.76859939098, 0.768057763577, 0.134272485971, 0.0040904157795, 0.000395474053221, 4.93788902531e-05, 1.28827587105e-05, 1.36849457704e-05, 2.44064922299e-05],
        "min": [1.9723545901e-22, 2.08583991797e-21, 2.40015683774e-21, 3.24483793441e-20, 4.45758164764e-20, 3.75697291662e-20, 1.4906487402e-19, 1.38791626854e-19, 7.71511357328e-20, 6.97970541852e-20, 7.07650790991e-19, 1.25099786973e-18, 2.31159179055e-18, 1.56352955602e-18, 1.4623527526e-18, 2.44397873886e-18, 2.88609064625e-18, 3.58929963245e-18, 4.04986469853e-18, 4.81944293477e-18, 4.18792279713e-18, 8.78647955702e-18, 8.46695540282e-18, 9.6514226189e-18, 9.82465822741e-18, 1.31721870289e-17, 1.33068495511e-17, 1.40662195514e-17, 1.24733037837e-17, 1.50626975655e-17, 1.31505678364e-17, 1.73965032914e-17, 1.3574844489e-17, 1.13505252162e-17, 6.61848880236e-18, 4.64346977202e-18, 3.27580459094e-18, 1.22840198373e-18, 2.5046863512e-19, 3.16081189381e-20],
        "stdev": [0.0133196227252, 0.142300799489, 0.510626375675, 2.13376021385, 11.3448858261, 7.64964437485, 12.2154979706, 15.1982164383, 81.7376022339, 33.9029006958, 45.1973686218, 29.6333065033, 67.3671035767, 43.5561027527, 39.9563026428, 55.5855560303, 58.4105987549, 92.3759918213, 63.8326530457, 23.0654277802, 40.7746772766, 64.804069519, 39.9514656067, 28.6443977356, 18.5638751984, 13.9777336121, 8.55531692505, 6.0213971138, 4.72704410553, 4.3402838707, 2.70851063728, 2.0101647377, 0.843538880348, 0.153601437807, 0.00463212560862, 0.000510083395056, 0.000148423379869, 5.33072525286e-05, 1.50407668116e-05, 1.59467526828e-05]
    },
    "gfcc": {
        "mean": [-23.7366638184, 123.969345093, -179.313568115, 53.1278572083, -77.4540023804, 11.5746002197, -36.7615013123, -11.7799005508, -5.60191249847, -22.2028102875, 9.26295375824, -18.90574646, 1.64349782467],
        "cov": [[15496.5683594, 1238.95568848, -2065.50317383, 568.019592285, -983.642089844, 136.015808105, -355.91293335, -122.265480042, -133.513549805, -272.355010986, 136.897521973, -224.575057983, -16.9804897308], [1238.95568848, 454.059234619, -88.0286560059, 69.6068191528, -22.331609726, -53.8495979309, -23.6096038818, -24.1570034027, 28.0760631561, -49.0578079224, 19.7425765991, -44.7938919067, 5.19270420074], [-2065.50317383, -88.0286560059, 586.667053223, 35.277256012, 103.618537903, 28.3216705322, -8.73122692108, 28.1345424652, 0.251362353563, 26.2390956879, -45.5883750916, 5.18906545639, -13.5413255692], [568.019592285, 69.6068191528, 35.277256012, 163.929168701, 2.21806788445, 15.5213422775, -45.8680839539, 1.10278964043, -8.3421497345, -18.7344779968, -1.99038374424, -14.258600235, -8.51538944244], [-983.642089844, -22.331609726, 103.618537903, 2.21806788445, 165.353912354, -15.3005390167, 35.3715057373, 9.11372375488, 21.4517860413, 10.3356542587, -3.6160390377, 15.965921402, -1.42002189159], [136.015808105, -53.8495979309, 28.3216705322, 15.5213422775, -15.3005390167, 135.105194092, 12.5832824707, 10.0748033524, -12.5473632812, 17.6713123322, -10.645778656, -13.2225179672, -6.35091209412], [-355.91293335, -23.6096038818, -8.73122692108, -45.8680839539, 35.3715057373, 12.5832824707, 100.423652649, 33.3353042603, 17.3504524231, 25.9014606476, 9.16452980042, 0.604129195213, -3.69556212425], [-122.265480042, -24.1570034027, 28.1345424652, 1.10278964043, 9.11372375488, 10.0748033524, 33.3353042603, 58.9171562195, 27.8412590027, 15.0027341843, -0.833491623402, 4.01622867584, -1.07529807091], [-133.513549805, 28.0760631561, 0.251362353563, -8.3421497345, 21.4517860413, -12.5473632812, 17.3504524231, 27.8412590027, 60.850025177, 29.5719356537, 6.20856666565, -1.96895372868, -3.57462787628], [-272.355010986, -49.0578079224, 26.2390956879, -18.7344779968, 10.3356542587, 17.6713123322, 25.9014606476, 15.0027341843, 29.5719356537, 75.5956878662, 30.440662384, -2.39395642281, -8.61653900146], [136.897521973, 19.7425765991, -45.5883750916, -1.99038374424, -3.6160390377, -10.645778656, 9.16452980042, -0.833491623402, 6.20856666565, 30.440662384, 61.7818031311, 26.4069480896, 6.19628143311], [-224.575057983, -44.7938919067, 5.18906545639, -14.258600235, 15.965921402, -13.2225179672, 0.604129195213, 4.01622867584, -1.96895372868, -2.39395642281, 26.4069480896, 64.8742675781, 30.2432613373], [-16.9804897308, 5.19270420074, -13.5413255692, -8.51538944244, -1.42002189159, -6.35091209412, -3.69556212425, -1.07529807091, -3.57462787628, -8.61653900146, 6.19628143311, 30.2432613373, 47.5982971191]],
        "icov": [[0.000716061273124, -0.00147054949775, 0.00221929699183, -0.00185104913544, 0.00228980649263, -0.00106473371852, 0.00124466698617, -0.00160286179744, 0.001549936831, -0.00040993624134, 0.000301762775052, -0.000332113908371, 0.000916700228117], [-0.00147054949775, 0.00833406485617, -0.00532535975799, 0.00238901400007, -0.0040659350343, 0.00256404862739, -0.00397113058716, 0.00686637917534, -0.0108304126188, 0.0103258071467, -0.00992104504257, 0.00979024358094, -0.00632701488212], [0.00221929699183, -0.00532535975799, 0.00954960566014, -0.00600951584056, 0.00541200907901, -0.00325771910138, 0.00534718949348, -0.00719814794138, 0.00797375570983, -0.00574159994721, 0.00582655938342, -0.00406001415104, 0.0043743303977], [-0.00185104913544, 0.00238901400007, -0.00600951584056, 0.0139666702598, -0.00791809428483, 0.000878774560988, 0.00272035575472, -0.000982922501862, -0.00142170977779, 0.00257402821444, -0.00368731818162, 0.00304903299548, -0.00116005784366], [0.00228980649263, -0.0040659350343, 0.00541200907901, -0.00791809428483, 0.0164411813021, -0.00220794323832, -0.00143194000702, -0.000306141999317, -6.92683825037e-05, 6.62451056996e-05, 0.00212761573493, -0.00417593633756, 0.00384451868013], [-0.00106473371852, 0.00256404862739, -0.00325771910138, 0.000878774560988, -0.00220794323832, 0.0110812140629, -0.00358448876068, 0.00102329649962, 0.00193125661463, -0.00436728680506, 0.00333524541929, 0.000682227080688, -0.00178487272933], [0.00124466698617, -0.00397113058716, 0.00534718949348, 0.00272035575472, -0.00143194000702, -0.00358448876068, 0.0212894715369, -0.0156116429716, 0.00853110477328, -0.00518666580319, -0.000604299770202, 0.00118576560635, 0.0026914307382], [-0.00160286179744, 0.00686637917534, -0.00719814794138, -0.000982922501862, -0.000306141999317, 0.00102329649962, -0.0156116429716, 0.0373366214335, -0.0230818782002, 0.00823277793825, -0.00235412851907, -4.7127068683e-05, -0.00369247468188], [0.001549936831, -0.0108304126188, 0.00797375570983, -0.00142170977779, -6.92683825037e-05, 0.00193125661463, 0.00853110477328, -0.0230818782002, 0.0448166429996, -0.0276451930404, 0.0180501192808, -0.0119111547247, 0.00772477826104], [-0.00040993624134, 0.0103258071467, -0.00574159994721, 0.00257402821444, 6.62451056996e-05, -0.00436728680506, -0.00518666580319, 0.00823277793825, -0.0276451930404, 0.0479373522103, -0.0371761284769, 0.0250191483647, -0.00769861740991], [0.000301762775052, -0.00992104504257, 0.00582655938342, -0.00368731818162, 0.00212761573493, 0.00333524541929, -0.000604299770202, -0.00235412851907, 0.0180501192808, -0.0371761284769, 0.0540433786809, -0.0355530641973, 0.0127766244113], [-0.000332113908371, 0.00979024358094, -0.00406001415104, 0.00304903299548, -0.00417593633756, 0.000682227080688, 0.00118576560635, -4.7127068683e-05, -0.0119111547247, 0.0250191483647, -0.0355530641973, 0.0499723628163, -0.0252275243402], [0.000916700228117, -0.00632701488212, 0.0043743303977, -0.00116005784366, 0.00384451868013, -0.00178487272933, 0.0026914307382, -0.00369247468188, 0.00772477826104, -0.00769861740991, 0.0127766244113, -0.0252275243402, 0.0366178788245]]
    },
    "melbands": {
        "max": [0.00072130758781, 0.00208250409923, 0.00538074225187, 0.00651901541278, 0.00279196514748, 0.0037046787329, 0.0120997922495, 0.00453932955861, 0.00251437327825, 0.00200709304772, 0.00352441729046, 0.00210001622327, 0.000968436535913, 0.0016053316649, 0.00193132029381, 0.00139274925459, 0.00136929529253, 0.00166372570675, 0.000351515132934, 0.000531938043423, 0.000379145261832, 0.000698158051819, 0.000395783310523, 0.000364458712284, 0.000189189144294, 0.000117825540656, 9.91177876131e-05, 9.30325695663e-05, 5.25969808223e-05, 2.84766738332e-05, 2.04474981729e-05, 2.05368214665e-05, 2.17854958464e-05, 2.10542002606e-05, 1.06517545646e-05, 1.21709363157e-05, 7.73123065301e-06, 4.21037975684e-06, 2.55325585385e-06, 4.0331690343e-07],
        "mean": [0.000143019191455, 0.000234187493334, 0.000443697324954, 0.000543236150406, 0.000401081517339, 0.000286336435238, 0.000467612757348, 0.000248205760727, 0.000214317667997, 0.000145162412082, 0.000197499102796, 0.000114261507406, 7.55298678996e-05, 0.000136549642775, 0.00012075707491, 0.000129895779537, 9.56238509389e-05, 7.67079618527e-05, 2.36831783695e-05, 4.33587629232e-05, 3.90446693928e-05, 5.02647199028e-05, 2.74593185168e-05, 3.02020798699e-05, 2.01588100026e-05, 1.66293411894e-05, 1.29927802845e-05, 8.895688552e-06, 6.09245444139e-06, 4.14018813899e-06, 3.13512737193e-06, 2.71273688668e-06, 2.42129499384e-06, 2.07410130315e-06, 1.38632651669e-06, 1.19424601053e-06, 1.03790284811e-06, 6.10940105616e-07, 2.74719383242e-07, 4.74615156065e-08],
        "min": [2.84135963755e-24, 2.07492861166e-24, 7.65576650084e-24, 2.18763790235e-24, 5.18759191122e-24, 3.54933962023e-24, 1.06506960574e-24, 9.78822161072e-25, 7.40231180288e-24, 8.54678016012e-24, 1.10268397281e-23, 6.30437992816e-24, 5.48555138044e-24, 3.85003052034e-24, 8.29014398613e-24, 5.65333893954e-24, 6.99631428282e-24, 6.40422289749e-24, 6.10643382223e-24, 4.93206132579e-24, 3.16178764028e-24, 7.50776199553e-24, 9.13619178496e-24, 6.09995332989e-24, 6.91398481444e-24, 6.92644881675e-24, 7.49942058031e-24, 7.84421590477e-24, 6.90494131303e-24, 6.76921463884e-24, 8.73908551616e-24, 7.56313687563e-24, 6.747203053e-24, 8.42096946752e-24, 6.70645602066e-24, 9.27635737946e-24, 1.09682991492e-23, 7.79453423382e-24, 9.40925046527e-24, 7.27139402477e-24],
        "stdev": [0.000126805680338, 0.000219609646592, 0.000617910758592, 0.000765750824939, 0.000384274462704, 0.000401009630878, 0.00105997291394, 0.0004671519564, 0.000314922392135, 0.000250653276453, 0.000362821825547, 0.000211691090954, 9.74770446192e-05, 0.000208109646337, 0.000223356924835, 0.000193203013623, 0.000167717298609, 0.000141859374708, 3.2537671359e-05, 5.56848390261e-05, 4.91347200295e-05, 8.3051949332e-05, 3.052736065e-05, 4.21354743594e-05, 2.38610409724e-05, 1.7839965949e-05, 1.47452046804e-05, 9.74418708211e-06, 6.75116507409e-06, 4.04802221965e-06, 3.1691085951e-06, 2.87152101919e-06, 2.89193371827e-06, 2.47550883614e-06, 1.55422208081e-06, 1.44378964251e-06, 1.20515824165e-06, 6.97459597632e-07, 3.18661136589e-07, 6.05727734637e-08]
    },
    "melbands128": {
        "max": [0.000227869400987, 0.000778779562097, 0.00120145792607, 0.00167584652081, 0.00282043986954, 0.00196168757975, 0.00371573097073, 0.00796070788056, 0.0113132484257, 0.00976161472499, 0.00238819653168, 0.00453722663224, 0.00435762060806, 0.00461138086393, 0.00460296496749, 0.00490839546546, 0.0234577469528, 0.0131413992494, 0.00317515665665, 0.00455373246223, 0.00962228514254, 0.00707151414827, 0.00169822270982, 0.00243885582313, 0.00147261784878, 0.00284564774483, 0.00709151290357, 0.00252806674689, 0.0095202839002, 0.00218097679317, 0.00292955269106, 0.00306951673701, 0.000552838668227, 0.00155708787497, 0.00308235641569, 0.00216626585461, 0.0010717313271, 0.00431150058284, 0.00056043965742, 0.00127836875618, 0.00209241290577, 0.00298085785471, 0.00172132928856, 0.000399073993322, 0.00485908612609, 0.000848566822242, 0.00048518483527, 0.000565079215448, 0.000385170627851, 0.000248846889008, 0.00121287361253, 0.000296622602036, 0.000969145505223, 0.000371119822375, 0.000341807201039, 0.00151932437439, 0.000543081085198, 0.000338326732162, 0.000968085310888, 0.000261821900494, 0.000842327601276, 0.000237946223933, 0.000292506651022, 0.000299446546705, 0.000456642446807, 9.90823245957e-05, 7.57192028686e-05, 0.000221207825234, 0.00014409540745, 0.000116858063848, 5.96809768467e-05, 0.000254334911006, 0.000135404276079, 0.000102016245364, 4.20485484938e-05, 2.85861260636e-05, 6.94680784363e-05, 3.67942266166e-05, 1.76120865945e-05, 2.30978075706e-05, 5.00359419675e-05, 1.91393428395e-05, 2.521670649e-05, 4.43937860837e-05, 1.88814319699e-05, 2.05673622986e-05, 4.26875267294e-05, 9.82928486337e-06, 1.46836882777e-05, 1.76763987838e-05, 1.43716324601e-05, 1.86797715287e-05, 1.43550323628e-05, 9.47074113355e-06, 1.05899216578e-05, 6.14121745457e-06, 4.63609603685e-06, 5.90250419918e-06, 2.7480305107e-06, 1.69203678979e-06, 1.13297630833e-06, 1.2601208077e-08, 1.30527366693e-08, 1.3213838912e-08, 1.31575959017e-08, 1.29153789885e-08, 1.23333814273e-08, 1.33257263002e-08, 1.28898474117e-08, 1.1219710494e-08, 1.12757270188e-08, 1.10579474466e-08, 1.07640989455e-08, 1.04717798877e-08, 1.01555199805e-08, 9.89520021477e-09, 9.63152047007e-09, 9.39787181409e-09, 9.17167763959e-09, 8.93672336133e-09, 8.76640182668e-09, 8.60275317649e-09, 8.44277003864e-09, 8.31211988128e-09, 8.1952418185e-09, 8.11963118963e-09, 8.05904409873e-09, 8.00593991102e-09],
        "mean": [1.25906790345e-05, 8.12060534372e-05, 0.000189571364899, 0.000276155624306, 0.000237666259636, 0.000188369071111, 0.000268197938567, 0.000471366598504, 0.000796300417278, 0.000646942178719, 0.000262118992396, 0.000426177837653, 0.00047632335918, 0.000338330835802, 0.000154236171511, 0.000182999283425, 0.00077475910075, 0.000497580855154, 0.000168455109815, 0.00015067604545, 0.000362827762729, 0.000329433882143, 0.000162780008395, 0.000164820521604, 7.25732606952e-05, 0.000165284145623, 0.000234456092585, 0.000112496170914, 0.000322553038131, 0.00010203346028, 7.42771226214e-05, 5.47763775103e-05, 3.20050530718e-05, 9.11751121748e-05, 0.000250754063018, 7.701843424e-05, 6.90979359206e-05, 0.000231981219258, 3.95458373532e-05, 9.121610492e-05, 0.00016789700021, 0.000154285546159, 8.03820948931e-05, 3.75966483261e-05, 0.000185987970326, 4.55299741589e-05, 2.14021965803e-05, 3.36818520736e-05, 1.69951290445e-05, 1.64161701832e-05, 6.55144322081e-05, 3.84619452234e-05, 6.17232071818e-05, 2.37501080846e-05, 2.43740487349e-05, 8.45516697154e-05, 3.67029242625e-05, 1.87768546311e-05, 3.06229885609e-05, 2.8600990845e-05, 4.62287680421e-05, 1.32016621137e-05, 1.18472953545e-05, 2.32590427913e-05, 3.56399359589e-05, 1.0591690625e-05, 8.4913262981e-06, 1.78120462806e-05, 1.46241854964e-05, 6.61802278046e-06, 7.80596928962e-06, 1.25517717606e-05, 5.17268244948e-06, 6.38136270936e-06, 4.37106291429e-06, 3.51633980245e-06, 4.83777148474e-06, 3.70202246813e-06, 2.47779848905e-06, 2.77913636637e-06, 3.50697177964e-06, 2.1503822154e-06, 2.2975518732e-06, 2.87463262794e-06, 2.15001114157e-06, 1.68569977177e-06, 2.78675020127e-06, 1.31591912123e-06, 1.38484813306e-06, 1.2421782003e-06, 1.09816460281e-06, 1.34486015213e-06, 1.10744338144e-06, 1.12116720175e-06, 9.10337973892e-07, 6.94051038863e-07, 5.91610046285e-07, 3.98823146952e-07, 3.17471517519e-07, 1.92917056552e-07, 1.11331864616e-07, 7.51396889154e-10, 3.83357616485e-11, 3.01528871316e-11, 2.92421434289e-11, 2.86815744766e-11, 2.10827244551e-10, 9.17385889476e-10, 2.81425854842e-10, 5.27089517866e-11, 2.47172976531e-11, 2.39571504995e-11, 2.33117709164e-11, 2.26387884134e-11, 2.18546465647e-11, 2.12868438154e-11, 2.05485593818e-11, 1.99567567333e-11, 1.94711018142e-11, 1.898447545e-11, 1.86144155645e-11, 1.82651446051e-11, 1.79204429074e-11, 1.76319774753e-11, 1.73889565941e-11, 1.72260209569e-11, 1.71047551123e-11, 1.69892988566e-11],
        "min": [6.7333512225e-26, 1.06196888934e-24, 4.01907986245e-24, 2.91014436418e-24, 7.6217817814e-25, 1.40881140645e-24, 5.74152570013e-24, 1.00154861266e-23, 2.15109510421e-24, 1.00257150888e-24, 1.75332579782e-24, 3.24611765991e-24, 2.78716016019e-24, 3.967705296e-24, 2.52697647871e-24, 1.62039484668e-24, 1.07995728457e-24, 4.38690381166e-25, 5.81821451721e-25, 2.67178954863e-25, 9.32903553856e-25, 3.65099184205e-24, 6.46185944181e-24, 5.90040110315e-24, 2.81739424046e-24, 6.78970214541e-24, 4.8496525769e-24, 7.93328934502e-24, 1.01943240493e-23, 2.48838362829e-24, 3.69712521665e-24, 4.63646528384e-24, 8.56069803307e-24, 2.53012778081e-24, 2.83353334851e-24, 3.14092009997e-24, 1.51682401653e-24, 8.58668390015e-24, 5.02493707561e-24, 3.27982430589e-24, 4.0253765502e-24, 5.53308064441e-24, 2.08674081764e-24, 6.57691283268e-24, 8.05713814056e-24, 3.10664172706e-24, 3.21595753535e-24, 6.15679983001e-24, 4.17615745147e-24, 5.63800703342e-24, 2.98875336731e-24, 4.02466854753e-24, 2.56446236007e-24, 1.51601523689e-24, 2.23889098423e-24, 4.12934092333e-24, 1.13949458923e-23, 9.66360525353e-24, 7.85594863301e-24, 5.77553901578e-24, 6.96104036744e-24, 3.31745356271e-24, 5.35803674828e-24, 4.02404968615e-24, 5.85673804648e-24, 5.51473765621e-24, 5.32986415877e-24, 5.08449134078e-24, 6.92579879536e-24, 7.94630712768e-24, 5.45984792557e-24, 7.76656753701e-24, 3.77946730679e-24, 5.34227372967e-24, 5.12301694081e-24, 6.57961665344e-24, 2.78940328618e-24, 9.61868988016e-24, 6.56639140036e-24, 3.23706666432e-24, 6.49241951885e-24, 5.03541235957e-24, 4.6472332352e-24, 3.72433184598e-24, 9.51229857646e-24, 7.33579505135e-24, 5.62196909678e-24, 7.48306512717e-24, 4.38792085059e-24, 6.46449699825e-24, 8.04118106217e-24, 6.80952069793e-24, 9.50234472956e-24, 9.21588724677e-24, 1.02132732771e-23, 6.34200622676e-24, 5.36903780803e-24, 5.58857030378e-24, 5.8716321348e-24, 8.61792673631e-24, 8.75414250425e-24, 5.05841199369e-24, 5.62646757609e-24, 5.20860677131e-24, 6.53468195298e-24, 7.20962227159e-24, 8.26575004036e-24, 6.95517045345e-24, 5.71158211789e-24, 6.42253590898e-24, 7.41379525108e-24, 9.26023069597e-24, 8.62114134449e-24, 8.87709830925e-24, 9.07837380263e-24, 8.74942984921e-24, 6.56398655789e-24, 6.34617693436e-24, 7.81412874984e-24, 8.61764984613e-24, 5.54372277245e-24, 5.88123651632e-24, 6.89774769043e-24, 6.97145885342e-24, 9.0663239523e-24, 8.37895315798e-24, 7.17584245877e-24, 8.63477049435e-24],
        "stdev": [2.11624555959e-05, 0.000113823269203, 0.000190555874724, 0.000286006339593, 0.000279873202089, 0.000247019925155, 0.000361241371138, 0.000798418186605, 0.00140525912866, 0.00112744234502, 0.000299626059132, 0.000555206264835, 0.000520607980434, 0.000500609283336, 0.000353863521013, 0.000377357704565, 0.00202778936364, 0.00120717787649, 0.00033262729994, 0.000377995020244, 0.000832232879475, 0.000797769695055, 0.000228219592827, 0.000281824206468, 0.000131503868033, 0.00037085681106, 0.000781142967753, 0.000203155781492, 0.00082555267727, 0.000214589046664, 0.000233499929891, 0.000175746332388, 5.07953700435e-05, 0.000146476886584, 0.000501604517922, 0.000161534931976, 0.000115305250802, 0.000504607975017, 6.02140207775e-05, 0.00016345315089, 0.00029205478495, 0.000363610248314, 0.000192924577277, 4.32065025961e-05, 0.000420191470766, 7.80219925218e-05, 3.92911497329e-05, 5.67795941606e-05, 2.94212841254e-05, 2.56022194662e-05, 0.00012008214253, 4.40151306975e-05, 0.000108684427687, 4.05249229516e-05, 4.03768426622e-05, 0.00017166302132, 6.29393980489e-05, 2.99142775475e-05, 5.77352147957e-05, 3.87238396797e-05, 9.11241731956e-05, 1.81251616596e-05, 2.17910364881e-05, 3.5995606595e-05, 5.82062493777e-05, 1.47745322465e-05, 9.88813098957e-06, 2.53046619036e-05, 1.98500820261e-05, 1.1102636563e-05, 9.52394020715e-06, 1.9227149096e-05, 8.56540282257e-06, 1.05829867607e-05, 5.09581605002e-06, 4.01924853577e-06, 7.18249202691e-06, 4.78688662042e-06, 2.69812858278e-06, 3.63364006262e-06, 5.39086977369e-06, 2.39441897065e-06, 2.73134810413e-06, 5.06608921569e-06, 2.57966803474e-06, 2.40594499701e-06, 4.23983965447e-06, 1.40506051594e-06, 1.73352464117e-06, 1.7927660565e-06, 1.6111810055e-06, 1.88806745882e-06, 1.43446231959e-06, 1.32593197577e-06, 1.24220741782e-06, 8.74036857113e-07, 7.5012775369e-07, 5.21992774338e-07, 4.0451067207e-07, 2.42763832148e-07, 1.55094483034e-07, 1.35188249484e-09, 5.57460577699e-10, 5.62813851079e-10, 5.60433865981e-10, 5.50118839371e-10, 5.92040860781e-10, 1.32993183133e-09, 6.28009810821e-10, 4.797321429e-10, 4.80265438529e-10, 4.70978755995e-10, 4.58480919896e-10, 4.46030073986e-10, 4.32541391593e-10, 4.21460005784e-10, 4.10218276015e-10, 4.00268290734e-10, 3.90634385949e-10, 3.80626835605e-10, 3.73372693874e-10, 3.66402547192e-10, 3.59588803178e-10, 3.54024587423e-10, 3.49046486159e-10, 3.4582600672e-10, 3.43245182277e-10, 3.40983602465e-10]
    },
    "mfcc": {
        "mean": [-622.895507812, 114.390724182, -26.513671875, 20.6111278534, -7.22790575027, 5.21989059448, -9.58521080017, 4.02133464813, -14.2627496719, 1.88847196102, -6.284491539, 4.20010566711, -7.74893379211],
        "cov": [[5585.76220703, 322.301849365, -210.137084961, 90.0925445557, -181.087814331, -9.36579036713, 1.84915184975, 32.1620864868, -129.532180786, 10.8785429001, -4.20264816284, -8.93416976929, -67.5506362915], [322.301849365, 421.865509033, -10.5978984833, 73.9072723389, 22.6876029968, -7.75801181793, -22.0747699738, 3.70547604561, -0.26871278882, 13.6605491638, -6.25562906265, 15.7370147705, -12.9679803848], [-210.137084961, -10.5978984833, 336.53024292, 25.9286212921, 70.3397216797, 21.0035095215, -0.139662012458, -7.25180625916, 12.5886888504, -5.46837711334, 3.03487062454, -13.8931388855, -9.11427879333], [90.0925445557, 73.9072723389, 25.9286212921, 161.454681396, 59.3850212097, -21.409696579, -12.3813610077, 7.06310367584, -12.7153253555, -9.11886787415, -11.6339025497, 8.28476333618, -0.0440295375884], [-181.087814331, 22.6876029968, 70.3397216797, 59.3850212097, 122.297058105, 26.2351837158, -12.8946027756, 7.14927148819, 2.09489655495, -11.1771268845, -9.09867095947, -5.98457336426, -2.50421833992], [-9.36579036713, -7.75801181793, 21.0035095215, -21.409696579, 26.2351837158, 70.1977767944, 22.0328273773, -2.2272465229, 4.11706924438, 13.4025745392, 6.62322282791, -1.58303141594, -4.02285766602], [1.84915184975, -22.0747699738, -0.139662012458, -12.3813610077, -12.8946027756, 22.0328273773, 65.3135757446, 12.7351303101, 3.6892592907, 7.19491624832, 8.53552627563, 4.01122522354, 6.44786167145], [32.1620864868, 3.70547604561, -7.25180625916, 7.06310367584, 7.14927148819, -2.2272465229, 12.7351303101, 58.3517112732, 20.3702087402, -10.4888753891, -6.34530162811, 2.62932682037, 1.36497294903], [-129.532180786, -0.26871278882, 12.5886888504, -12.7153253555, 2.09489655495, 4.11706924438, 3.6892592907, 20.3702087402, 67.8733444214, 22.3780288696, 5.63039016724, 8.4284620285, 5.34043884277], [10.8785429001, 13.6605491638, -5.46837711334, -9.11886787415, -11.1771268845, 13.4025745392, 7.19491624832, -10.4888753891, 22.3780288696, 73.6729507446, 35.7879905701, 9.42912387848, -4.58365869522], [-4.20264816284, -6.25562906265, 3.03487062454, -11.6339025497, -9.09867095947, 6.62322282791, 8.53552627563, -6.34530162811, 5.63039016724, 35.7879905701, 64.5698776245, 23.0645217896, 2.12795996666], [-8.93416976929, 15.7370147705, -13.8931388855, 8.28476333618, -5.98457336426, -1.58303141594, 4.01122522354, 2.62932682037, 8.4284620285, 9.42912387848, 23.0645217896, 54.3749198914, 23.8734340668], [-67.5506362915, -12.9679803848, -9.11427879333, -0.0440295375884, -2.50421833992, -4.02285766602, 6.44786167145, 1.36497294903, 5.34043884277, -4.58365869522, 2.12795996666, 23.8734340668, 54.9419059753]],
        "icov": [[0.000227481272304, -0.000145258061821, 3.68851251551e-05, -0.000264710077317, 0.000577237515245, -0.000358714954928, 0.00017330981791, -0.000406597711844, 0.000510234327521, -0.000109778440674, -4.66368601337e-06, 6.29218557151e-05, 0.000155200570589], [-0.000145258061821, 0.00283250655048, 8.6485320935e-05, -0.00100874283817, -0.000266726798145, -5.61833076063e-05, 0.000732622866053, -6.17852274445e-05, -0.000163788878126, -0.000895421835594, 0.000906363187823, -0.00134612782858, 0.000893823395018], [3.68851251551e-05, 8.6485320935e-05, 0.0035805485677, -0.000221696333028, -0.00192456948571, -0.000149597108248, -0.000584150140639, 0.00127400609199, -0.00131642958149, 0.00100504886359, -0.00106064695865, 0.000990027328953, 0.000420489057433], [-0.000264710077317, -0.00100874283817, -0.000221696333028, 0.0104571785778, -0.00683591002598, 0.00620050542057, -0.00181247177534, -0.000394992006477, 0.00232779537328, -0.00195045443252, 0.00235515576787, -0.00312846852466, 0.000652178598102], [0.000577237515245, -0.000266726798145, -0.00192456948571, -0.00683591002598, 0.0166663005948, -0.00993825029582, 0.00566208083183, -0.00310927466489, -5.48811112822e-05, 0.00244255294092, -0.00101629539859, 0.00248243729584, -0.00106347398832], [-0.000358714954928, -5.61833076063e-05, -0.000149597108248, 0.00620050542057, -0.00993825029582, 0.0235166829079, -0.00916834082454, 0.00289965746924, 0.000319737620885, -0.00419385544956, 0.00167870009318, -0.00188694871031, 0.00217264913954], [0.00017330981791, 0.000732622866053, -0.000584150140639, -0.00181247177534, 0.00566208083183, -0.00916834082454, 0.0212007835507, -0.00667705154046, 0.00190513802227, -0.000922356673982, -0.00187691347674, 0.00108393956907, -0.00310821132734], [-0.000406597711844, -6.17852274445e-05, 0.00127400609199, -0.000394992006477, -0.00310927466489, 0.00289965746924, -0.00667705154046, 0.0243055149913, -0.0103230634704, 0.00668356334791, -0.000160258670803, -0.000938438170124, 0.00192187842913], [0.000510234327521, -0.000163788878126, -0.00131642958149, 0.00232779537328, -5.48811112822e-05, 0.000319737620885, 0.00190513802227, -0.0103230634704, 0.0228726100177, -0.0101487115026, 0.00394331896678, -0.00300060934387, -0.00149288761895], [-0.000109778440674, -0.000895421835594, 0.00100504886359, -0.00195045443252, 0.00244255294092, -0.00419385544956, -0.000922356673982, 0.00668356334791, -0.0101487115026, 0.0248705148697, -0.0127900084481, 0.00247334945016, 0.00204729987308], [-4.66368601337e-06, 0.000906363187823, -0.00106064695865, 0.00235515576787, -0.00101629539859, 0.00167870009318, -0.00187691347674, -0.000160258670803, 0.00394331896678, -0.0127900084481, 0.0268729440868, -0.0119314650074, 0.00302830245346], [6.29218557151e-05, -0.00134612782858, 0.000990027328953, -0.00312846852466, 0.00248243729584, -0.00188694871031, 0.00108393956907, -0.000938438170124, -0.00300060934387, 0.00247334945016, -0.0119314650074, 0.0302400365472, -0.0123873623088], [0.000155200570589, 0.000893823395018, 0.000420489057433, 0.000652178598102, -0.00106347398832, 0.00217264913954, -0.00310821132734, 0.00192187842913, -0.00149288761895, 0.00204729987308, 0.00302830245346, -0.0123873623088, 0.0246819406748]]
    },
    "spectral_contrast_coeffs": {
        "max": [-0.493875861168, -0.503042638302, -0.54108941555, -0.604019761086, -0.64592218399, -0.575983703136],
        "mean": [-0.694048047066, -0.758420169353, -0.744747281075, -0.763243436813, -0.763794839382, -0.702849149704],
        "min": [-0.970193624496, -0.972431302071, -0.962169885635, -0.965664029121, -0.961900889874, -0.96135699749],
        "stdev": [0.0664065927267, 0.0717978477478, 0.0688760727644, 0.0535124689341, 0.0441251732409, 0.0392142049968]
    },
    "spectral_contrast_valleys": {
        "max": [-5.60273218155, -5.20294570923, -5.84561681747, -6.13821077347, -6.08812665939, -9.34385585785],
        "mean": [-7.07644128799, -6.67052555084, -7.29168796539, -7.40629529953, -7.4411854744, -10.8232288361],
        "min": [-27.2845840454, -27.1255722046, -27.4809360504, -27.3245410919, -27.2511348724, -27.3120956421],
        "stdev": [1.89120817184, 1.8724322319, 1.84106791019, 1.81304216385, 1.81062781811, 1.56224691868]
    }
},
"rhythm": {
    "beats_count": 18,
    "beats_loudness": {
        "max": 0.0431647635996,
        "mean": 0.0283016823232,
        "min": 0.0154708968475,
        "stdev": 0.00980428326875
    },
    "bpm": 88.9404754639,
    "bpm_histogram_first_peak_bpm": 89,
    "bpm_histogram_first_peak_weight": 0.375,
    "bpm_histogram_second_peak_bpm": 96,
    "bpm_histogram_second_peak_spread": 0,
    "bpm_histogram_second_peak_weight": 0.0588235296309,
    "danceability": 1.06451952457,
    "onset_rate": 3.99706411362,
    "beats_loudness_band_ratio": {
        "max": [0.374460339546, 0.54370290041, 0.673611462116, 0.385280787945, 0.492919772863, 0.160297781229],
        "mean": [0.156890928745, 0.240707501769, 0.24770334363, 0.199898824096, 0.164617046714, 0.0737360194325],
        "min": [0.0280349217355, 0.0320955440402, 0.080205053091, 0.0824585780501, 0.0260875746608, 0.020923955366],
        "stdev": [0.0965550467372, 0.122734420002, 0.156154960394, 0.0954359173775, 0.0971049591899, 0.0326892249286]
    },
    "beats_position": [0.696598649025, 1.39319729805, 2.08979582787, 2.76317453384, 3.43655323982, 4.1099319458, 4.78331041336, 5.45668935776, 6.13006782532, 6.81505680084, 7.47682523727, 8.16181373596, 8.84680271149, 9.47374153137, 10.1355104446, 10.7856683731, 11.4474372864, 12.1208162308],
