{
"metadata": {
    "version": {
        "essentia": "2.1-beta5",
        "essentia_git_sha": "Undefined",
        "extractor": "music 2.0"
    },
    "audio_properties": {
        "analysis": {
            "equal_loudness": 0,
            "length": 32.4963264465,
            "sample_rate": 44100,
            "start_time": 93.9943771362,
            "downmix": "mix"
        },
        "bit_rate": 192000,
        "length": 233.615966797,
        "lossless": 0,
        "number_channels": 2,
        "replay_gain": 1.68897819519,
        "sample_rate": 44100,
        "codec": "mp3",
        "md5_encoded": "d7877190f1826943c9fc0c4fc7e648fb"
    },
    "tags": {
        "file_name": "Spain_Él_Lucía.mp3",
        "encoding": ["Lavf58.29.100"]
    }
},
"lowlevel": {
    "average_loudness": 0.904157519341,
    "barkbands_crest": {
        "max": 23.3899440765,
        "mean": 8.73721122742,
        "min": 2.4487965107,
        "stdev": 3.91998958588
    },
    "barkbands_flatness_db": {
        "max": 0.253382831812,
        "mean": 0.130644008517,
        "min": 0.0605746470392,
        "stdev": 0.0373352319002
    },
    "barkbands_kurtosis": {
        "max": 50.1579246521,
        "mean": 0.760036587715,
        "min": -1.85856819153,
        "stdev": 2.81793832779
    },
    "barkbands_skewness": {
        "max": 6.29461336136,
        "mean": 0.747749149799,
        "min": -1.39952647686,
        "stdev": 0.855499148369
    },
    "barkbands_spread": {
        "max": 78.8528442383,
        "mean": 23.5301570892,
        "min": 2.38585686684,
        "stdev": 9.02373123169
    },
    "dissonance": {
        "max": 0.499981313944,
        "mean": 0.468998938799,
        "min": 0.334165602922,
        "stdev": 0.0225660540164
    },
    "dynamic_complexity": 3.55370593071,
    "erbbands_crest": {
        "max": 27.9878349304,
        "mean": 9.42493534088,
        "min": 2.53027224541,
        "stdev": 4.49658870697
    },
    "erbbands_flatness_db": {
        "max": 0.333288729191,
        "mean": 0.19291947782,
        "min": 0.106902115047,
        "stdev": 0.0392193347216
    },
    "erbbands_kurtosis": {
        "max": 12.1311969757,
        "mean": -0.0115877436474,
        "min": -1.8378572464,
        "stdev": 1.49285769463
    },
    "erbbands_skewness": {
        "max": 2.56409859657,
        "mean": 0.0760697051883,
        "min": -3.21164274216,
        "stdev": 0.709671676159
    },
    "erbbands_spread": {
        "max": 97.0791015625,
        "mean": 33.6706161499,
        "min": 5.76246500015,
        "stdev": 12.3954610825
    },
    "hfc": {
        "max": 95.245803833,
        "mean": 18.3920536041,
        "min": 0.0467373095453,
        "stdev": 18.8152923584
    },
    "loudness_ebu128": {
        "integrated": -27.4647941589,
        "loudness_range": 5.60382652283,
        "momentary": {
            "max": -23.6170463562,
            "mean": -28.485578537,
            "min": -43.2262878418,
            "stdev": 3.19397163391
        },
        "short_term": {
            "max": -24.6129665375,
            "mean": -27.8354854584,
            "min": -31.452627182,
            "stdev": 2.03741526604
        }
    },
    "melbands_crest": {
        "max": 29.6630249023,
        "mean": 11.3077144623,
        "min": 3.70445156097,
        "stdev": 4.51198625565
    },
    "melbands_flatness_db": {
        "max": 0.327572792768,
        "mean": 0.154776632786,
        "min": 0.0410182885826,
        "stdev": 0.0499543584883
    },
    "melbands_kurtosis": {
        "max": 84.0922851562,
        "mean": 4.26884698868,
        "min": -1.82855951786,
        "stdev": 6.2152633667
    },
    "melbands_skewness": {
        "max": 6.88836240768,
        "mean": 1.55409955978,
        "min": -0.987980663776,
        "stdev": 1.02397501469
    },
    "melbands_spread": {
        "max": 151.831161499,
        "mean": 34.1713562012,
        "min": 2.1814866066,
        "stdev": 17.1754055023
    },
    "pitch_salience": {
        "max": 0.846900820732,
        "mean": 0.57334792614,
        "min": 0.209107026458,
        "stdev": 0.099561393261
    },
    "silence_rate_20dB": {
        "max": 1,
        "mean": 1,
        "min": 1,
        "stdev": 0
    },
    "silence_rate_30dB": {
        "max": 1,
        "mean": 1,
        "min": 1,
        "stdev": 0
    },
    "silence_rate_60dB": {
        "max": 1,
        "mean": 0.19414703548,
        "min": 0,
        "stdev": 0.395542889833
    },
    "spectral_centroid": {
        "max": 3888.74291992,
        "mean": 1778.48730469,
        "min": 344.223449707,
        "stdev": 600.22253418
    },
    "spectral_complexity": {
        "max": 43,
        "mean": 16.8922195435,
        "min": 0,
        "stdev": 9.61087226868
    },
    "spectral_decrease": {
        "max": -7.95995214187e-12,
        "mean": -3.22274162912e-09,
        "min": -1.68046714322e-08,
        "stdev": 2.68483657528e-09
    },
    "spectral_energy": {
        "max": 0.0699843987823,
        "mean": 0.0138315819204,
        "min": 3.42818675563e-05,
        "stdev": 0.0116520877928
    },
    "spectral_energyband_high": {
        "max": 0.00744564505294,
        "mean": 0.000808685785159,
        "min": 1.49609616074e-06,
        "stdev": 0.00110521388706
    },
    "spectral_energyband_low": {
        "max": 0.00911802425981,
        "mean": 0.000902404892258,
        "min": 5.58442752663e-06,
        "stdev": 0.00111323001329
    },
    "spectral_energyband_middle_high": {
        "max": 0.0360806845129,
        "mean": 0.00623638555408,
        "min": 1.79555918294e-05,
        "stdev": 0.00681280065328
    },
    "spectral_energyband_middle_low": {
        "max": 0.0419773571193,
        "mean": 0.00615088269114,
        "min": 7.17284137863e-06,
        "stdev": 0.00598168512806
    },
    "spectral_entropy": {
        "max": 8.34053039551,
        "mean": 7.4998216629,
        "min": 6.38313245773,
        "stdev": 0.313604682684
    },
    "spectral_flux": {
        "max": 0.199515104294,
        "mean": 0.0676524192095,
        "min": 0.00352769275196,
        "stdev": 0.0350573286414
    },
    "spectral_kurtosis": {
        "max": 16.669801712,
        "mean": 3.64032769203,
        "min": -0.601080656052,
        "stdev": 2.02912998199
    },
    "spectral_rms": {
        "max": 0.00826301798224,
        "mean": 0.00331501034088,
        "min": 0.000182881733053,
        "stdev": 0.00158269808162
    },
    "spectral_rolloff": {
        "max": 7385.88867188,
        "mean": 2125.79467773,
        "min": 279.931640625,
        "stdev": 1086.8572998
    },
    "spectral_skewness": {
        "max": 2.66530227661,
        "mean": 1.16717946529,
        "min": -0.0283339563757,
        "stdev": 0.300021082163
    },
    "spectral_spread": {
        "max": 8778430,
        "mean": 3537086.5,
        "min": 1934856.625,
        "stdev": 792539.3125
    },
    "spectral_strongpeak": {
        "max": 16.3810253143,
        "mean": 1.42338037491,
        "min": 0.0104681970552,
        "stdev": 1.892162323
    },
    "zerocrossingrate": {
        "max": 0.22216796875,
        "mean": 0.0731588900089,
        "min": 0.01611328125,
        "stdev": 0.0259203035384
    },
    "barkbands": {
        "max": [0.000197292130906, 0.00392259377986, 0.00590751972049, 0.00763451680541, 0.0125546008348, 0.0291601419449, 0.0387844257057, 0.0160554014146, 0.0187107417732, 0.0169811677188, 0.0202191434801, 0.0255468841642, 0.0125122908503, 0.0209609046578, 0.0150104416534, 0.0151542769745, 0.0297173317522, 0.0129964761436, 0.00614673551172, 0.00839251931757, 0.00430841045454, 0.00116110697854, 0.00120834843256, 0.000786452321336, 0.00055191438878, 4.23601341026e-05, 2.68543516313e-07],
        "mean": [1.84891960089e-05, 0.000271335215075, 0.000398798205424, 0.000681982608512, 0.00113320129458, 0.00122276530601, 0.00181224499829, 0.00046053074766, 0.000724038516637, 0.000532270409167, 0.00110015575774, 0.000559184700251, 0.000494299689308, 0.000426400481956, 0.000686124782078, 0.000561482622288, 0.000764793134294, 0.000722381984815, 0.000210266938666, 0.000527979282197, 0.000279842352029, 9.11454335437e-05, 7.01742610545e-05, 5.15734463988e-05, 2.82289074676e-05, 1.89971240161e-06, 1.25000987339e-09],
        "min": [7.39479872891e-08, 9.83328732218e-07, 5.1454367167e-07, 8.62747100427e-08, 6.28803547897e-07, 7.85741747222e-07, 4.34090850376e-07, 2.71484907444e-07, 1.540467224e-06, 4.51273024282e-07, 2.33895093515e-06, 1.71614010469e-06, 1.87841828847e-06, 9.55921791501e-07, 8.7574750296e-07, 1.56292657039e-07, 3.77041573074e-07, 3.66066558399e-07, 2.13952674244e-07, 7.88823456332e-07, 6.12113353782e-07, 3.66257921769e-07, 1.47354910496e-07, 3.4832094542e-08, 3.86466894042e-08, 3.23765689814e-08, 2.71788785922e-10],
        "stdev": [2.33751143242e-05, 0.000461068470031, 0.000596127531026, 0.00101792858914, 0.00152544199955, 0.00238810526207, 0.00364158092998, 0.00128728535492, 0.00176942930557, 0.00136036321055, 0.00225633941591, 0.00194358907174, 0.00109850219451, 0.00126036815345, 0.00139546464197, 0.00132971222047, 0.00226206262596, 0.00127286883071, 0.00038933637552, 0.000871540978551, 0.000453506974736, 0.000147969069076, 0.00014417944476, 0.000105331819213, 6.43997336738e-05, 4.62833304482e-06, 9.99207561136e-09]
    },
    "erbbands": {
        "max": [0.0411768592894, 1.13080227375, 5.45734167099, 14.9510269165, 40.0938873291, 65.5101547241, 90.6313247681, 374.227172852, 465.57232666, 503.901062012, 348.626647949, 517.987854004, 545.270141602, 511.049346924, 766.95123291, 919.039611816, 527.848754883, 454.292572021, 1098.90441895, 936.787719727, 1087.01037598, 1609.36425781, 642.860473633, 372.61529541, 287.773498535, 421.461151123, 274.891418457, 76.6402359009, 63.3407936096, 40.1473350525, 28.0291957855, 19.3803253174, 11.9458312988, 9.32637405396, 2.19408082962, 0.412247776985, 0.0245292186737, 0.000765555771068, 8.89428338269e-05, 8.72195741977e-05],
        "mean": [0.00342910015024, 0.0796312764287, 0.435587912798, 1.27727198601, 3.40272331238, 4.08696269989, 4.25201511383, 13.0583314896, 23.0767555237, 21.1233711243, 10.6275558472, 14.0620326996, 19.650800705, 33.8809928894, 31.7332458496, 20.159204483, 20.16056633, 21.3701095581, 28.1603431702, 39.911075592, 34.6613960266, 44.0202636719, 42.1325683594, 18.0282554626, 14.974606514, 22.691362381, 17.9375915527, 6.63430786133, 4.10414123535, 2.36310720444, 1.6710832119, 1.18191480637, 0.819025635719, 0.445867598057, 0.135790243745, 0.0217929091305, 0.00139614555519, 5.98716251261e-05, 1.33948433358e-05, 1.86424567801e-05],
        "min": [3.0233995858e-05, 0.000179257258424, 0.000832129211631, 0.00108391512185, 0.00225193030201, 0.00164355523884, 0.003036450129, 0.0098150363192, 0.00724720489234, 0.00391634181142, 0.00828181020916, 0.0343367233872, 0.0349400751293, 0.0418658554554, 0.0772010758519, 0.0669224560261, 0.0983651503921, 0.0526904650033, 0.0602234974504, 0.0429661870003, 0.0163994375616, 0.0197204183787, 0.0208520572633, 0.0163036100566, 0.0199823342264, 0.0338571853936, 0.0339245162904, 0.0112139480188, 0.0165988393128, 0.00479737948626, 0.00477219792083, 0.00242627109401, 0.00050799472956, 0.000447779195383, 0.000211019229027, 0.000170658939169, 4.65258308395e-05, 3.21459924635e-06, 1.59122535592e-07, 5.60130786198e-08],
        "stdev": [0.00407576747239, 0.13501906395, 0.629717767239, 1.76325500011, 4.96711826324, 6.78484916687, 7.24102497101, 27.2078742981, 49.5632400513, 42.5053939819, 26.830242157, 35.9465065002, 46.2165374756, 61.2460823059, 68.4249954224, 65.2916870117, 40.1420402527, 42.1155395508, 68.6228942871, 84.6517181396, 77.9116210938, 119.99634552, 70.4504013062, 30.9220905304, 23.2571868896, 38.1938476562, 30.1313438416, 9.23005485535, 7.08321237564, 4.37122154236, 3.13653898239, 2.32443118095, 1.73141038418, 1.0248978138, 0.29424893856, 0.0494624227285, 0.00300673162565, 9.43740233197e-05, 1.46939510159e-05, 1.63109634741e-05]
    },
    "gfcc": {
        "mean": [-40.9048156738, 99.9620361328, -160.33416748, 42.7800941467, -70.404083252, 2.85810565948, -40.966884613, 3.41394948959, -25.6891059875, -3.91144824028, -12.4456958771, -6.17712497711, -1.78527164459],
        "cov": [[4479.96679688, -837.109313965, -464.775939941, 202.242095947, -159.4949646, 241.939971924, -328.409881592, 153.83493042, -80.1265869141, -20.950717926, 25.2923526764, -180.26776123, 70.0246200562], [-837.109313965, 748.86529541, 145.197418213, -85.3195037842, 147.016723633, -282.493896484, 159.279907227, -115.135398865, 40.3685836792, -45.2243270874, -10.5118656158, 7.36426877975, 3.72476530075], [-464.775939941, 145.197418213, 375.497894287, 71.4688034058, -77.862121582, 6.32686233521, -54.0624542236, 3.93939208984, -9.5593996048, -38.3216209412, -43.1888198853, 30.1620235443, -26.9666233063], [202.242095947, -85.3195037842, 71.4688034058, 192.41255188, 7.85526514053, -20.0025444031, -61.7409858704, 20.3470096588, 26.1265907288, -3.49071264267, -25.1584033966, -4.28698015213, 0.951935231686], [-159.4949646, 147.016723633, -77.862121582, 7.85526514053, 168.671722412, -78.2592773438, 59.9334526062, -21.7776584625, 22.95353508, 11.4252214432, -4.62959051132, -1.30505383015, 0.0379540584981], [241.939971924, -282.493896484, 6.32686233521, -20.0025444031, -78.2592773438, 332.514556885, -18.3950901031, 11.826374054, -80.6922454834, 5.7468123436, -3.19004559517, -14.8927955627, -27.1070556641], [-328.409881592, 159.279907227, -54.0624542236, -61.7409858704, 59.9334526062, -18.3950901031, 193.520401001, -23.6263751984, -26.2893714905, 0.790378570557, 20.5932807922, 8.24639034271, 5.29464578629], [153.83493042, -115.135398865, 3.93939208984, 20.3470096588, -21.7776584625, 11.826374054, -23.6263751984, 107.982666016, 33.5981636047, 4.00506639481, -6.38319730759, 5.50107812881, 2.67778372765], [-80.1265869141, 40.3685836792, -9.5593996048, 26.1265907288, 22.95353508, -80.6922454834, -26.2893714905, 33.5981636047, 117.147140503, 28.9418334961, -12.2450151443, 2.02864456177, -0.0904195532203], [-20.950717926, -45.2243270874, -38.3216209412, -3.49071264267, 11.4252214432, 5.7468123436, 0.790378570557, 4.00506639481, 28.9418334961, 80.7071685791, 33.7093276978, 0.725011467934, -3.77093577385], [25.2923526764, -10.5118656158, -43.1888198853, -25.1584033966, -4.62959051132, -3.19004559517, 20.5932807922, -6.38319730759, -12.2450151443, 33.7093276978, 87.8849716187, 26.0483398438, 0.499675869942], [-180.26776123, 7.36426877975, 30.1620235443, -4.28698015213, -1.30505383015, -14.8927955627, 8.24639034271, 5.50107812881, 2.02864456177, 0.725011467934, 26.0483398438, 73.665802002, 16.5680198669], [70.0246200562, 3.72476530075, -26.9666233063, 0.951935231686, 0.0379540584981, -27.1070556641, 5.29464578629, 2.67778372765, -0.0904195532203, -3.77093577385, 0.499675869942, 16.5680198669, 64.1451263428]],
        "icov": [[0.000532732345164, -0.000530429533683, 0.00128581584431, -0.00102593575139, 0.000730316678528, -0.00044211599743, 0.00110982835758, -0.00107935559936, 0.000885113840923, 0.000200281647267, -0.000401743775001, 0.000864160654601, -0.00043584566447], [-0.000530429533683, 0.0100501431152, -0.0090991742909, 0.00698353582993, -0.00750073278323, 0.0053827627562, -0.00628843996674, 0.00846131611615, -0.00663586938754, 0.00556952599436, -0.0037092815619, 0.00483379885554, -0.00239006266929], [0.00128581584431, -0.0090991742909, 0.0138060012832, -0.00887052621692, 0.00968219246715, -0.00444270158187, 0.00692274747416, -0.00814738869667, 0.00771219469607, -0.00403924845159, 0.00530118169263, -0.00600427109748, 0.00422887783498], [-0.00102593575139, 0.00698353582993, -0.00887052621692, 0.0124170351774, -0.00741348834708, 0.0039461478591, -0.00333600258455, 0.00573630211875, -0.00580825237557, 0.00310636521317, -0.00157318299171, 0.00290521304123, -0.00205481285229], [0.000730316678528, -0.00750073278323, 0.00968219246715, -0.00741348834708, 0.0152416853234, -0.00217416300438, 0.00243233470246, -0.00503892544657, 0.00502448063344, -0.00538542773575, 0.00548359332606, -0.00480063771829, 0.00378822116181], [-0.00044211599743, 0.0053827627562, -0.00444270158187, 0.0039461478591, -0.00217416300438, 0.00769316824153, -0.00340970000252, 0.00350493239239, 0.000503459654283, 0.000272012490314, 0.000412090681493, 0.00162780447863, 0.00122431048658], [0.00110982835758, -0.00628843996674, 0.00692274747416, -0.00333600258455, 0.00243233470246, -0.00340970000252, 0.0121834790334, -0.00624952744693, 0.00663873134181, -0.00254512787797, 0.000440748117398, -0.00158427946735, 0.000191842555068], [-0.00107935559936, 0.00846131611615, -0.00814738869667, 0.00573630211875, -0.00503892544657, 0.00350493239239, -0.00624952744693, 0.0192237459123, -0.0106003563851, 0.00501216715202, -0.00213510007598, 0.00144652847666, -0.00170314789284], [0.000885113840923, -0.00663586938754, 0.00771219469607, -0.00580825237557, 0.00502448063344, 0.000503459654283, 0.00663873134181, -0.0106003563851, 0.0206933747977, -0.0106039606035, 0.0072066616267, -0.0041788215749, 0.00328081985936], [0.000200281647267, 0.00556952599436, -0.00403924845159, 0.00310636521317, -0.00538542773575, 0.000272012490314, -0.00254512787797, 0.00501216715202, -0.0106039606035, 0.0229358039796, -0.0119837941602, 0.00648521631956, -0.00241559115238], [-0.000401743775001, -0.0037092815619, 0.00530118169263, -0.00157318299171, 0.00548359332606, 0.000412090681493, 0.000440748117398, -0.00213510007598, 0.0072066616267, -0.0119837941602, 0.0223010908812, -0.0117407077923, 0.00529401609674], [0.000864160654601, 0.00483379885554, -0.00600427109748, 0.00290521304123, -0.00480063771829, 0.00162780447863, -0.00158427946735, 0.00144652847666, -0.0041788215749, 0.00648521631956, -0.0117407077923, 0.0243404209614, -0.00885031279176], [-0.00043584566447, -0.00239006266929, 0.00422887783498, -0.00205481285229, 0.00378822116181, 0.00122431048658, 0.000191842555068, -0.00170314789284, 0.00328081985936, -0.00241559115238, 0.00529401609674, -0.00885031279176, 0.0206902716309]]
    },
    "melbands": {
        "max": [0.000740170420613, 0.002033875091, 0.00332219246775, 0.00328153721057, 0.00265954155475, 0.00716682709754, 0.0060901469551, 0.00448664370924, 0.00293719000183, 0.0034486092627, 0.00263647385873, 0.00189955323003, 0.00265011959709, 0.00393393542618, 0.000580336491112, 0.00149191287346, 0.000806561904028, 0.00239952700213, 0.00121221854351, 0.00138981710188, 0.00193806190509, 0.00161868997384, 0.000635679229163, 0.0010335840052, 0.000288613984594, 0.000320253806422, 0.000278621446341, 0.000329021771904, 0.00029280979652, 0.000146752019646, 3.83381084248e-05, 4.7660429118e-05, 3.05055746139e-05, 2.91742981062e-05, 2.00878766918e-05, 1.72418385773e-05, 1.08118965727e-05, 8.99245787878e-06, 9.17777470022e-06, 6.94684604241e-06],
        "mean": [5.28532764292e-05, 0.000188919904758, 0.000303151406115, 0.000261493318249, 0.000154974739417, 0.000281755812466, 0.000368973676814, 0.000197961169761, 8.02837093943e-05, 9.89938198472e-05, 9.81669872999e-05, 0.000130610540509, 0.000130098065711, 7.22064723959e-05, 2.90827319986e-05, 6.12357689533e-05, 3.38914360327e-05, 4.24019308412e-05, 5.93691402173e-05, 4.17256960645e-05, 4.13956004195e-05, 4.82029572595e-05, 3.16617515637e-05, 3.97066396545e-05, 1.13535716082e-05, 9.12932682695e-06, 1.45365638673e-05, 1.54396802827e-05, 1.30632824948e-05, 6.88347836331e-06, 2.55190798271e-06, 2.4723617571e-06, 1.45350566072e-06, 1.38142615924e-06, 1.00425313576e-06, 8.52412085806e-07, 6.70169413297e-07, 6.05106720286e-07, 4.82478526465e-07, 3.36753572583e-07],
        "min": [3.42927990005e-07, 4.27547206527e-07, 2.34878982042e-07, 1.58498252745e-07, 9.57280761327e-08, 2.29627218573e-07, 8.58968860484e-08, 3.15663477579e-08, 7.03253633105e-08, 2.03818629529e-07, 1.31506283196e-07, 1.38268120509e-07, 2.82468789692e-07, 1.29428599394e-07, 3.42489556715e-08, 1.72519278863e-07, 7.7884955374e-08, 8.3936889439e-08, 6.4206034267e-08, 2.26265228775e-08, 1.98091711923e-08, 2.0969583403e-08, 1.45324898781e-08, 1.84996462593e-08, 1.02731005924e-08, 5.27502841408e-09, 2.93618427349e-08, 1.88966726711e-08, 2.10747401752e-08, 1.12718590017e-08, 4.39396030671e-09, 8.39134894903e-09, 5.86783555079e-09, 1.12906595184e-09, 2.33372143832e-09, 2.03459094017e-09, 3.17494364133e-10, 2.73969374964e-10, 1.775189995e-10, 3.3731487048e-10],
        "stdev": [7.93633516878e-05, 0.000264118687483, 0.000415445072576, 0.000357611774234, 0.000237391563132, 0.000560148386285, 0.000736107118428, 0.000410541862948, 0.000228398828767, 0.000260358210653, 0.000238609340158, 0.000240674475208, 0.000277561688563, 0.000286037568003, 5.36565821676e-05, 0.000137665279908, 7.46832301957e-05, 0.000136927861604, 0.000129885171191, 0.000101345642179, 0.00011925335275, 0.000144035060657, 5.85968737141e-05, 8.06715470389e-05, 2.14058054553e-05, 1.92814495676e-05, 2.50401262747e-05, 2.95606314467e-05, 2.5260485927e-05, 1.14319873319e-05, 3.83182077712e-06, 4.60223736809e-06, 2.72124907497e-06, 2.9826426271e-06, 1.98376278604e-06, 1.87342641311e-06, 1.33525327328e-06, 1.30404316678e-06, 1.13119619982e-06, 7.84099938755e-07]
    },
    "melbands128": {
        "max": [0.000119924654427, 0.000189671365661, 0.000853756442666, 0.00229709595442, 0.00297071924433, 0.00292404927313, 0.00317002343945, 0.00477413786575, 0.00485218921676, 0.00422882661223, 0.00511269178241, 0.00336378347129, 0.00373605592176, 0.0088498191908, 0.0131258163601, 0.0110500780866, 0.0128807481378, 0.0101101137698, 0.0170796662569, 0.00687891524285, 0.00535641238093, 0.00521150883287, 0.00534184463322, 0.00567113421857, 0.0043110921979, 0.00740475580096, 0.00632822234184, 0.0040060961619, 0.0056452783756, 0.00258166436106, 0.00354344304651, 0.00564759084955, 0.00455831782892, 0.0051791309379, 0.00515964254737, 0.00756235513836, 0.000800188397989, 0.00102524529211, 0.00121995632071, 0.00205804477446, 0.00344068137929, 0.00230180216022, 0.00157232652418, 0.00138742639683, 0.0039099091664, 0.00322570558637, 0.00153353204951, 0.00245847785845, 0.00310236332007, 0.00298705883324, 0.00173515756615, 0.0019071882125, 0.00167208677158, 0.00437509734184, 0.00477488059551, 0.00345989037305, 0.00422096019611, 0.000445748155471, 0.000844245194457, 0.00140608951915, 0.00238649174571, 0.00169918744359, 0.000657340686303, 0.000250773882726, 0.000882901193108, 0.000537216721568, 0.000414937589085, 0.00024377113732, 0.000493193685543, 0.000547182222363, 0.000620340579189, 0.00104118708987, 0.000851501303259, 0.00056148978183, 0.000347232678905, 0.000342931220075, 0.000102027981484, 0.000122242388898, 3.30671464326e-05, 2.76454320556e-05, 6.11964569543e-05, 9.67534069787e-05, 7.86101154517e-05, 3.49977090082e-05, 2.12608174479e-05, 2.71204989986e-05, 5.96437894274e-05, 2.87337115878e-05, 3.01905256492e-05, 1.2717966456e-05, 3.03224624076e-05, 3.03494725813e-05, 3.22218547808e-05, 1.53508535732e-05, 2.78415991488e-05, 2.51657565968e-05, 2.14043975575e-05, 1.44057703437e-05, 2.39061391767e-05, 1.30339667521e-05, 2.03832369152e-05, 1.06187717392e-05, 1.02324629552e-05, 8.26053383207e-06, 4.5572514864e-06, 2.54398105426e-06, 3.27029806613e-06, 1.60619265444e-06, 7.64050867019e-07, 7.83213863542e-07, 3.59346870482e-07, 1.03732276102e-07, 2.95585689258e-08, 6.94077639807e-09, 9.10684061495e-09, 5.04960384617e-09, 1.28571098212e-09, 1.22943144554e-09, 1.2234571134e-09, 1.19036536184e-09, 1.161941654e-09, 1.13747855579e-09, 1.10005549114e-09, 1.10755649096e-09, 1.09678077731e-09, 1.07259268134e-09, 1.0547412943e-09, 1.06267317168e-09],
        "mean": [1.13922260425e-05, 1.69602917595e-05, 5.03679038957e-05, 0.000156308451551, 0.000221740090637, 0.000185233453522, 0.000206160679227, 0.000410426786402, 0.000362277001841, 0.000214565807255, 0.000254081998719, 0.000152127075125, 0.000125659717014, 0.000149053055793, 0.000288265116978, 0.000356984732207, 0.000326105538988, 0.000389420660213, 0.000413169531384, 0.000229252967983, 9.25401909626e-05, 7.97425673227e-05, 9.0768931841e-05, 6.79738150211e-05, 6.00079547439e-05, 0.000131498964038, 0.000141039636219, 6.55090552755e-05, 0.000104366488813, 6.93831243552e-05, 0.000156226800755, 0.000226552234381, 0.000130418746267, 5.73791985516e-05, 8.41383152874e-05, 9.01016028365e-05, 2.79579235212e-05, 3.40957303706e-05, 1.75935892912e-05, 3.67157845176e-05, 9.18209043448e-05, 6.37670964352e-05, 2.69664051302e-05, 1.4168747839e-05, 4.96780339745e-05, 4.97372093378e-05, 2.71937842626e-05, 6.90546148689e-05, 6.84070109855e-05, 5.17879598192e-05, 3.83957922168e-05, 2.98408576782e-05, 4.00436329073e-05, 4.50194165751e-05, 4.93945954076e-05, 4.63520991616e-05, 5.87443973927e-05, 1.72615054908e-05, 2.52896097663e-05, 4.95725253131e-05, 4.79471709696e-05, 3.04000750475e-05, 8.03505736258e-06, 7.91545153334e-06, 1.18472271424e-05, 9.02071860764e-06, 6.16634451944e-06, 1.35017426146e-05, 1.78939189937e-05, 1.35057252919e-05, 1.31291617436e-05, 1.98888646992e-05, 1.51716158143e-05, 1.1902483493e-05, 1.00434745036e-05, 7.64728429203e-06, 5.34152695764e-06, 4.17052069679e-06, 1.78398681783e-06, 1.26647682919e-06, 2.55576333075e-06, 2.92228355647e-06, 2.29260012929e-06, 1.28502551888e-06, 8.02276872491e-07, 1.11884094167e-06, 1.94757626559e-06, 1.14165550258e-06, 1.21395714814e-06, 3.98836817794e-07, 1.11526412638e-06, 8.42452834604e-07, 7.22165111711e-07, 5.44496572275e-07, 8.6652300979e-07, 5.32491981176e-07, 6.62099409965e-07, 4.57340121329e-07, 5.55585700113e-07, 3.98727365791e-07, 4.31899650266e-07, 3.38531862099e-07, 2.36349876559e-07, 1.97880950736e-07, 1.72147977651e-07, 7.52612834276e-08, 7.79484423674e-08, 4.94550782548e-08, 2.46900047074e-08, 1.91158342489e-08, 1.17036540459e-08, 2.08813344393e-09, 6.91941726139e-10, 3.24272358965e-10, 3.90667137529e-10, 1.8081161568e-10, 8.23416508589e-12, 5.58324176822e-12, 5.48281081994e-12, 5.42310770943e-12, 5.33114568116e-12, 5.28302965611e-12, 5.17181393198e-12, 5.06572084627e-12, 5.06558813992e-12, 5.06056568178e-12, 5.01296790537e-12, 4.94898956885e-12],
        "min": [9.7319503567e-09, 9.68864100059e-08, 1.72485300709e-07, 2.42249655003e-07, 1.60972746244e-07, 1.999799224e-07, 1.35365183951e-07, 2.99065554543e-08, 1.80514859949e-07, 3.23735598329e-08, 6.46202096277e-08, 6.83934118229e-08, 2.66407660376e-08, 7.19970927321e-08, 2.34974862678e-07, 8.44090521923e-08, 1.2414815842e-07, 8.13158536062e-08, 2.73984177568e-08, 1.94460429981e-08, 2.77186149589e-08, 2.55744350142e-08, 3.31373719575e-08, 6.94252619837e-08, 9.83117303122e-08, 4.4806441224e-08, 1.65424118848e-08, 7.92282506268e-08, 1.48426035906e-08, 3.88974079613e-08, 1.51307133933e-07, 1.67032766285e-07, 6.81960727889e-08, 3.10445322782e-08, 4.34715694553e-08, 4.95008691814e-08, 2.98456832581e-08, 5.79411718604e-09, 2.38889210635e-08, 2.04213410626e-08, 7.50288222662e-08, 1.38142311812e-07, 3.18564019608e-08, 2.41957609504e-09, 2.2974305125e-08, 2.86925549986e-09, 2.80241927442e-08, 4.79499675521e-08, 4.22596464489e-08, 1.28526158605e-08, 1.29904620394e-08, 8.81632189476e-09, 1.48754564222e-08, 1.10120828012e-08, 9.65876179038e-09, 1.49242094238e-08, 1.30575967816e-08, 5.09643260926e-09, 7.48041717458e-09, 1.58948392226e-08, 1.76454868495e-08, 9.89662218842e-09, 7.92524179616e-09, 2.24302110219e-09, 3.80449494131e-09, 4.43402914385e-09, 4.42111902643e-09, 9.05918806637e-09, 2.37234072387e-08, 7.43774331013e-09, 1.09333537779e-08, 1.08321849268e-08, 1.03111963412e-08, 1.23677503794e-08, 8.81324435653e-09, 8.09151767811e-09, 4.65898786217e-09, 1.64779667688e-09, 8.59457435776e-11, 4.25470964016e-10, 2.51269316465e-09, 4.76803707627e-09, 2.76583822512e-09, 2.31973928955e-09, 3.2342486328e-11, 1.53047863272e-09, 6.6802036125e-10, 3.07449843362e-10, 1.42264991454e-10, 1.49134293803e-09, 3.32595034847e-10, 2.5236296386e-10, 3.48334944222e-10, 1.27078963671e-11, 1.44206743768e-10, 4.94617957703e-11, 1.85156946199e-12, 6.21790882671e-11, 6.59879303977e-11, 1.66152768627e-11, 9.19076897921e-11, 3.46952241242e-12, 2.4032659543e-11, 5.75849567683e-12, 4.15578127466e-11, 5.00313609986e-11, 2.06784450674e-11, 6.07905947803e-11, 4.68640100684e-12, 9.07260638144e-12, 2.50390203363e-12, 1.87259105791e-12, 9.41815419056e-13, 6.78799085083e-13, 9.82744051067e-13, 8.80231380406e-13, 8.22075805866e-13, 6.85531709524e-13, 6.56509894191e-13, 6.77830404652e-13, 5.85078318259e-13, 6.22973948903e-13, 7.13330165335e-13, 6.7510921983e-13, 7.99377274444e-13, 7.63142478898e-13, 8.59026012216e-13, 8.11244463533e-13],
        "stdev": [1.31547385536e-05, 1.98527213797e-05, 7.75285298005e-05, 0.00028985197423, 0.000350994669134, 0.000284140347503, 0.00031822436722, 0.000639541249257, 0.000587100163102, 0.000355507421773, 0.000496717460919, 0.000296902348055, 0.000290127267363, 0.000384318555007, 0.000728672603145, 0.000877986254636, 0.000956506817602, 0.00102643552236, 0.00100551708601, 0.000578363309614, 0.000355561205652, 0.000286970520392, 0.00034152859007, 0.000302054686472, 0.00022609817097, 0.000464159704279, 0.000488185702125, 0.000231152342167, 0.000391298264731, 0.000200303926249, 0.0003814494994, 0.00052801851416, 0.000422658777097, 0.0002489683975, 0.000362626597052, 0.000506145355757, 6.39145655441e-05, 8.29632263049e-05, 5.43456117157e-05, 0.000108402811748, 0.000260231172433, 0.000176243469468, 9.02947285795e-05, 6.4406900492e-05, 0.000215880849282, 0.000199281537789, 8.14014638308e-05, 0.000201983464649, 0.000199878981221, 0.000198038280359, 0.000125141421449, 0.00011021240789, 0.000123741832795, 0.000204542593565, 0.000276089878753, 0.000167364356457, 0.000261393259279, 3.61080747098e-05, 6.5921289206e-05, 0.00011339259072, 0.000144821911817, 0.000102068734122, 2.50284756476e-05, 1.90772552742e-05, 3.74231385649e-05, 2.55428312812e-05, 2.09771424124e-05, 2.73779041891e-05, 4.07830739277e-05, 3.74340925191e-05, 3.8540114474e-05, 5.54110811208e-05, 5.16864165547e-05, 3.44829932146e-05, 2.52137015195e-05, 1.89831662283e-05, 1.00543284134e-05, 9.43315808399e-06, 3.23522317558e-06, 2.12976283365e-06, 5.38460153621e-06, 7.53432641432e-06, 5.82707889407e-06, 2.96254165733e-06, 1.66156212345e-06, 2.65187100013e-06, 5.44243766853e-06, 2.67989435088e-06, 3.06592755805e-06, 8.10361996173e-07, 2.94836922876e-06, 2.3673915166e-06, 2.27324107982e-06, 1.28644637698e-06, 2.55235590885e-06, 1.66242932664e-06, 1.98920838557e-06, 1.16064268241e-06, 1.95959660232e-06, 1.1206640238e-06, 1.41326654557e-06, 1.0355440736e-06, 7.24466815427e-07, 5.98860594891e-07, 4.14369026203e-07, 2.21338481765e-07, 2.43634019625e-07, 1.4687580574e-07, 6.48215916499e-08, 6.03092544793e-08, 3.5133016496e-08, 5.5907625196e-09, 1.95104998824e-09, 5.70993197169e-10, 6.66009802863e-10, 3.20123205722e-10, 4.94080679148e-11, 4.61517005168e-11, 4.54382573234e-11, 4.41824146713e-11, 4.31323934902e-11, 4.23388685222e-11, 4.12857872889e-11, 4.09913457344e-11, 4.05518882363e-11, 3.99155083985e-11, 3.93488019945e-11, 3.93705346102e-11]
    },
    "mfcc": {
        "mean": [-665.010925293, 113.513832092, -26.9833889008, 29.347902298, -7.90870714188, -2.3466231823, -5.26460123062, -2.77979397774, -2.65948677063, -5.61459779739, -9.57626152039, 1.81643366814, -2.50148534775],
        "cov": [[4947.00488281, -1114.92663574, -185.243652344, -252.309570312, 209.891220093, -114.082771301, 26.6843891144, -96.9337158203, 10.3645944595, 46.4428443909, -64.2753753662, -37.4464569092, 23.8498859406], [-1114.92663574, 868.625244141, -82.039642334, 220.91859436, -95.8648300171, -21.2848033905, -17.2429447174, -11.1532449722, 7.66194820404, -49.3388557434, -10.2283792496, 31.1087284088, -36.8356399536], [-185.243652344, -82.039642334, 430.324188232, -41.9973335266, 29.3460063934, 10.3496217728, -37.1894378662, 42.7517433167, -19.1572036743, -37.4461669922, 29.4100532532, -42.008846283, -33.1636047363], [-252.309570312, 220.91859436, -41.9973335266, 327.295684814, 20.7186412811, -78.469543457, -67.4432220459, -14.1420621872, 34.6171875, -28.2429466248, -17.0454235077, 56.5684928894, -8.96383476257], [209.891220093, -95.8648300171, 29.3460063934, 20.7186412811, 124.962387085, -13.3489532471, -50.3728065491, -4.76391124725, 12.3466796875, 1.95167040825, 7.73905467987, -2.3565530777, -2.46914672852], [-114.082771301, -21.2848033905, 10.3496217728, -78.469543457, -13.3489532471, 159.414077759, 67.9966201782, 2.68533110619, -16.9013996124, 6.31503915787, 4.23294687271, -29.2058792114, -9.98826503754], [26.6843891144, -17.2429447174, -37.1894378662, -67.4432220459, -50.3728065491, 67.9966201782, 160.595550537, 22.2845363617, -28.3968925476, 5.79419088364, -15.5787935257, -14.2244138718, 7.16949224472], [-96.9337158203, -11.1532449722, 42.7517433167, -14.1420621872, -4.76391124725, 2.68533110619, 22.2845363617, 86.6644287109, 11.9415397644, -9.15984630585, 4.11604356766, -18.9575614929, -1.48067712784], [10.3645944595, 7.66194820404, -19.1572036743, 34.6171875, 12.3466796875, -16.9013996124, -28.3968925476, 11.9415397644, 91.1072692871, 16.3834400177, -0.701612114906, 7.76625823975, -18.7182388306], [46.4428443909, -49.3388557434, -37.4461669922, -28.2429466248, 1.95167040825, 6.31503915787, 5.79419088364, -9.15984630585, 16.3834400177, 74.8157730103, 16.5715351105, -1.47812724113, 8.94559383392], [-64.2753753662, -10.2283792496, 29.4100532532, -17.0454235077, 7.73905467987, 4.23294687271, -15.5787935257, 4.11604356766, -0.701612114906, 16.5715351105, 70.1228408813, 11.5215702057, -8.49454212189], [-37.4464569092, 31.1087284088, -42.008846283, 56.5684928894, -2.3565530777, -29.2058792114, -14.2244138718, -18.9575614929, 7.76625823975, -1.47812724113, 11.5215702057, 92.3208084106, 31.8994865417], [23.8498859406, -36.8356399536, -33.1636047363, -8.96383476257, -2.46914672852, -9.98826503754, 7.16949224472, -1.48067712784, -18.7182388306, 8.94559383392, -8.49454212189, 31.8994865417, 104.909629822]],
        "icov": [[0.000350442220224, 0.000425117352279, 0.00021618687606, 0.000123754900414, -0.00038265902549, 0.000447107333457, -0.000290832889732, 0.000469384045573, -0.000122149722301, 0.000244020062382, 0.000178512433195, 0.000150010193465, 0.000134813497425], [0.000425117352279, 0.00222367048264, 0.000551638484467, -0.00106668681838, 0.00108516495675, 0.000202354014618, -3.61053862434e-05, 0.000597897276748, -2.04069383472e-05, 0.00109126383904, -0.000199139700271, 0.000374666036805, 0.000596337486058], [0.00021618687606, 0.000551638484467, 0.00316877267323, 0.000221210764721, -0.000398928998038, 2.0622262582e-06, 0.000880942330696, -0.00108808127698, 0.000707369763404, 0.00175701163244, -0.00118618109263, 0.00100076419767, 0.000656437303405], [0.000123754900414, -0.00106668681838, 0.000221210764721, 0.00522020272911, -0.00156383169815, 0.00148325460032, 0.000695901806466, 1.91784019989e-05, -0.000902990344912, 0.000835944665596, 0.00168882787693, -0.00256455084309, 0.000854561745655], [-0.00038265902549, 0.00108516495675, -0.000398928998038, -0.00156383169815, 0.011177521199, -0.00127843092196, 0.00346333091147, -0.000315582205076, -0.000305638997816, 2.28713773254e-07, -0.000949952169321, 0.000846672453918, -0.000280408887193], [0.000447107333457, 0.000202354014618, 2.0622262582e-06, 0.00148325460032, -0.00127843092196, 0.00929877907038, -0.00410726619884, 0.00206539547071, -0.000460086768726, 0.000552379409783, -0.00105023325887, 0.00192441360559, 0.000462485884782], [-0.000290832889732, -3.61053862434e-05, 0.000880942330696, 0.000695901806466, 0.00346333091147, -0.00410726619884, 0.0109329177067, -0.00420049205422, 0.00326237850823, -0.00168676534668, 0.00280924420804, -0.00139833928552, 0.00065397383878], [0.000469384045573, 0.000597897276748, -0.00108808127698, 1.91784019989e-05, -0.000315582205076, 0.00206539547071, -0.00420049205422, 0.0157784130424, -0.00481321522966, 0.00370438792743, -0.00287923123688, 0.00432575447485, -0.00226323306561], [-0.000122149722301, -2.04069383472e-05, 0.000707369763404, -0.000902990344912, -0.000305638997816, -0.000460086768726, 0.00326237850823, -0.00481321522966, 0.0151312695816, -0.00519739510491, 0.00279196444899, -0.00292174168862, 0.00408258708194], [0.000244020062382, 0.00109126383904, 0.00175701163244, 0.000835944665596, 2.28713773254e-07, 0.000552379409783, -0.00168676534668, 0.00370438792743, -0.00519739510491, 0.0185429751873, -0.00606436701491, 0.00314608286135, -0.00278144795448], [0.000178512433195, -0.000199139700271, -0.00118618109263, 0.00168882787693, -0.000949952169321, -0.00105023325887, 0.00280924420804, -0.00287923123688, 0.00279196444899, -0.00606436701491, 0.0191472806036, -0.00594167597592, 0.00367613113485], [0.000150010193465, 0.000374666036805, 0.00100076419767, -0.00256455084309, 0.000846672453918, 0.00192441360559, -0.00139833928552, 0.00432575447485, -0.00292174168862, 0.00314608286135, -0.00594167597592, 0.0171872992069, -0.00594230182469], [0.000134813497425, 0.000596337486058, 0.000656437303405, 0.000854561745655, -0.000280408887193, 0.000462485884782, 0.00065397383878, -0.00226323306561, 0.00408258708194, -0.00278144795448, 0.00367613113485, -0.00594230182469, 0.0130221834406]]
    },
    "spectral_contrast_coeffs": {
        "max": [-0.505920231342, -0.495864361525, -0.479408800602, -0.542564809322, -0.521739006042, -0.552533626556],
        "mean": [-0.717002272606, -0.731483221054, -0.743089914322, -0.763437986374, -0.756354212761, -0.693774878979],
        "min": [-0.927663207054, -0.907813072205, -0.91125524044, -0.904412686825, -0.890351831913, -0.854627251625],
        "stdev": [0.0618618503213, 0.0795853734016, 0.0751088410616, 0.0618949085474, 0.0605904310942, 0.0588488504291]
    },
    "spectral_contrast_valleys": {
        "max": [-5.88996696472, -5.42731332779, -5.89657783508, -6.21098566055, -6.09574604034, -8.75274848938],
        "mean": [-7.36285591125, -7.03247308731, -7.62368249893, -7.83076286316, -7.63203954697, -11.3807134628],
        "min": [-10.049115181, -9.54273796082, -9.65066242218, -9.92227840424, -10.041431427, -14.392083168],
        "stdev": [0.61622428894, 0.611126840115, 0.654409706593, 0.671191751957, 0.628025531769, 1.04726743698]
    }
},
"rhythm": {
    "beats_count": 69,
    "beats_loudness": {
        "max": 0.0581550523639,
        "mean": 0.0232988391072,
        "min": 0.00134270754643,
        "stdev": 0.0132431033999
    },
    "bpm": 128.619949341,
    "bpm_histogram_first_peak_bpm": 129,
    "bpm_histogram_first_peak_weight": 0.288135588169,
    "bpm_histogram_second_peak_bpm": 136,
    "bpm_histogram_second_peak_spread": 0.200000047684,
    "bpm_histogram_second_peak_weight": 0.0588235296309,
    "danceability": 1.17176485062,
    "onset_rate": 3.81445288658,
    "beats_loudness_band_ratio": {
        "max": [0.490201354027, 0.804530084133, 0.812778115273, 0.657311081886, 0.636116564274, 0.279939264059],
        "mean": [0.18994294107, 0.2051422894, 0.229110658169, 0.171781525016, 0.162519603968, 0.087265573442],
        "min": [0.0190205592662, 0.0381930992007, 0.0455843620002, 0.0109023600817, 0.0267139337957, 0.00517933117226],
        "stdev": [0.125458613038, 0.154018133879, 0.175237044692, 0.153408572078, 0.13428927958, 0.057224214077]
    },
