{
"metadata": {
    "version": {
        "essentia": "2.1-beta5",
        "essentia_git_sha": "Undefined",
        "extractor": "music 2.0"
    },
    "audio_properties": {
        "analysis": {
            "equal_loudness": 0,
            "length": 52.2448997498,
            "sample_rate": 44100,
            "start_time": 77.7520217896,
            "downmix": "mix"
        },
        "bit_rate": 192000,
        "length": 156.920455933,
        "lossless": 0,
        "number_channels": 2,
        "replay_gain": -1.26585769653,
        "sample_rate": 48000,
        "codec": "mp3",
        "md5_encoded": "1c679aad15f5d37a314924621bf9282e"
    },
    "tags": {
        "file_name": "Switzerland_Amour On T_aime_Arlette Zola.mp3",
        "encoding": ["Lavf58.29.100"]
    }
},
"lowlevel": {
    "average_loudness": 0.979706406593,
    "barkbands_crest": {
        "max": 21.4628391266,
        "mean": 7.29164838791,
        "min": 2.34848666191,
        "stdev": 3.0876095295
    },
    "barkbands_flatness_db": {
        "max": 0.239514037967,
        "mean": 0.140711307526,
        "min": 0.0748353525996,
        "stdev": 0.0254707355052
    },
    "barkbands_kurtosis": {
        "max": 9.4599571228,
        "mean": 0.214822560549,
        "min": -1.7152762413,
        "stdev": 1.47081136703
    },
    "barkbands_skewness": {
        "max": 2.66800737381,
        "mean": 0.647815287113,
        "min": -1.12010848522,
        "stdev": 0.530160605907
    },
    "barkbands_spread": {
        "max": 59.0179595947,
        "mean": 23.3686408997,
        "min": 5.14652490616,
        "stdev": 9.21824741364
    },
    "dissonance": {
        "max": 0.499944537878,
        "mean": 0.470747590065,
        "min": 0.368959456682,
        "stdev": 0.0203454755247
    },
    "dynamic_complexity": 1.90705227852,
    "erbbands_crest": {
        "max": 27.8825855255,
        "mean": 8.422498703,
        "min": 2.64297032356,
        "stdev": 3.57813239098
    },
    "erbbands_flatness_db": {
        "max": 0.304339200258,
        "mean": 0.200442001224,
        "min": 0.116491697729,
        "stdev": 0.0292509030551
    },
    "erbbands_kurtosis": {
        "max": 11.028512001,
        "mean": -0.0113072143868,
        "min": -1.62965500355,
        "stdev": 1.30242371559
    },
    "erbbands_skewness": {
        "max": 2.22017979622,
        "mean": 0.388370484114,
        "min": -2.02063512802,
        "stdev": 0.601519167423
    },
    "erbbands_spread": {
        "max": 73.7809371948,
        "mean": 32.1292152405,
        "min": 5.10227298737,
        "stdev": 11.0905675888
    },
    "hfc": {
        "max": 92.1024856567,
        "mean": 33.1818771362,
        "min": 1.14907109737,
        "stdev": 16.372341156
    },
    "loudness_ebu128": {
        "integrated": -21.0680923462,
        "loudness_range": 1.468957901,
        "momentary": {
            "max": -18.5329589844,
            "mean": -21.2608394623,
            "min": -27.8763847351,
            "stdev": 1.38798499107
        },
        "short_term": {
            "max": -20.0110626221,
            "mean": -21.0703792572,
            "min": -22.5806274414,
            "stdev": 0.513991355896
        }
    },
    "melbands_crest": {
        "max": 29.0179920197,
        "mean": 9.5529088974,
        "min": 2.9741704464,
        "stdev": 3.85233807564
    },
    "melbands_flatness_db": {
        "max": 0.21566966176,
        "mean": 0.111471608281,
        "min": 0.0320255383849,
        "stdev": 0.0312762856483
    },
    "melbands_kurtosis": {
        "max": 25.156879425,
        "mean": 2.96131443977,
        "min": -1.66581499577,
        "stdev": 2.80681610107
    },
    "melbands_skewness": {
        "max": 4.79679727554,
        "mean": 1.30655920506,
        "min": -1.06486928463,
        "stdev": 0.627013206482
    },
    "melbands_spread": {
        "max": 132.232620239,
        "mean": 35.962387085,
        "min": 8.11864852905,
        "stdev": 16.1721229553
    },
    "pitch_salience": {
        "max": 0.868842363358,
        "mean": 0.610910236835,
        "min": 0.271656066179,
        "stdev": 0.0811917707324
    },
    "silence_rate_20dB": {
        "max": 1,
        "mean": 1,
        "min": 1,
        "stdev": 0
    },
    "silence_rate_30dB": {
        "max": 1,
        "mean": 1,
        "min": 1,
        "stdev": 0
    },
    "silence_rate_60dB": {
        "max": 1,
        "mean": 0.0159928929061,
        "min": 0,
        "stdev": 0.125447005033
    },
    "spectral_centroid": {
        "max": 3590.42822266,
        "mean": 2059.49682617,
        "min": 856.752441406,
        "stdev": 468.446655273
    },
    "spectral_complexity": {
        "max": 52,
        "mean": 26.5139942169,
        "min": 2,
        "stdev": 7.97096395493
    },
    "spectral_decrease": {
        "max": -1.7884511927e-10,
        "mean": -5.19056175818e-09,
        "min": -1.62067816945e-08,
        "stdev": 2.61728749784e-09
    },
    "spectral_energy": {
        "max": 0.0654568374157,
        "mean": 0.0226000696421,
        "min": 0.000859355088323,
        "stdev": 0.0110718961805
    },
    "spectral_energyband_high": {
        "max": 0.00890195183456,
        "mean": 0.00150716665667,
        "min": 2.41756406467e-05,
        "stdev": 0.00119033444207
    },
    "spectral_energyband_low": {
        "max": 0.0103204455227,
        "mean": 0.000430235581007,
        "min": 4.78986203234e-06,
        "stdev": 0.000700849341229
    },
    "spectral_energyband_middle_high": {
        "max": 0.0494126565754,
        "mean": 0.0118471765891,
        "min": 0.00022742888541,
        "stdev": 0.00784723460674
    },
    "spectral_energyband_middle_low": {
        "max": 0.0566318519413,
        "mean": 0.00932319462299,
        "min": 0.00019080263155,
        "stdev": 0.00647502904758
    },
    "spectral_entropy": {
        "max": 8.51773548126,
        "mean": 7.73568344116,
        "min": 7.14069461823,
        "stdev": 0.207697555423
    },
    "spectral_flux": {
        "max": 0.203403607011,
        "mean": 0.0832873359323,
        "min": 0.0156219946221,
        "stdev": 0.0267846863717
    },
    "spectral_kurtosis": {
        "max": 11.2648258209,
        "mean": 2.35856795311,
        "min": -0.82203578949,
        "stdev": 1.25860643387
    },
    "spectral_rms": {
        "max": 0.00799126550555,
        "mean": 0.00453028595075,
        "min": 0.000915639218874,
        "stdev": 0.00123506539967
    },
    "spectral_rolloff": {
        "max": 9431.54296875,
        "mean": 2717.87963867,
        "min": 452.197265625,
        "stdev": 1243.52075195
    },
    "spectral_skewness": {
        "max": 2.6591694355,
        "mean": 1.06115353107,
        "min": 0.164310395718,
        "stdev": 0.207324445248
    },
    "spectral_spread": {
        "max": 10066617,
        "mean": 4004256.25,
        "min": 2627716,
        "stdev": 828196.8125
    },
    "spectral_strongpeak": {
        "max": 11.696269989,
        "mean": 1.92179322243,
        "min": 0.0345722772181,
        "stdev": 1.48070287704
    },
    "zerocrossingrate": {
        "max": 0.2451171875,
        "mean": 0.0906630456448,
        "min": 0.0390625,
        "stdev": 0.0251450389624
    },
    "barkbands": {
        "max": [0.000103286372905, 0.00431997235864, 0.00620600627735, 0.0122778378427, 0.0151193113998, 0.0508649609983, 0.028339702636, 0.0186244361103, 0.0306767225266, 0.0336081422865, 0.0169083811343, 0.0280730202794, 0.0402945838869, 0.0136387869716, 0.0126792667434, 0.0123787540942, 0.0149132944643, 0.00860884319991, 0.00687043182552, 0.00546997552738, 0.0045947637409, 0.00302724866197, 0.00330427987501, 0.00274017057382, 0.00155975145753, 7.01592125552e-06, 7.26568987375e-06],
        "mean": [3.95124334318e-06, 0.000155270565301, 0.000166036639712, 0.000275212194538, 0.0013334370451, 0.0011793775484, 0.00158999301493, 0.00137251440901, 0.0027776719071, 0.00292203808203, 0.00160443678033, 0.00133941718377, 0.00160577893257, 0.000847843650263, 0.0008096229285, 0.00048182986211, 0.000588381430134, 0.000669957895298, 0.000929566624109, 0.000711229688022, 0.000407712475862, 0.000309507828206, 0.000243907503318, 0.000213793056901, 6.15708631813e-05, 8.16845435736e-09, 4.10392964056e-09],
        "min": [2.59822208193e-09, 9.05787373995e-07, 2.30343744079e-07, 5.566961363e-07, 8.78335958987e-06, 1.1441416973e-05, 5.92731112192e-06, 3.03671640722e-06, 2.28545650316e-05, 3.64702759725e-06, 3.01392765323e-06, 3.49188644577e-06, 1.74669912667e-05, 8.90497904038e-06, 8.69802818215e-07, 3.80381266041e-06, 9.87069688563e-06, 7.89884597907e-06, 9.52891696215e-06, 8.78834725881e-06, 6.27609733783e-06, 4.28591465607e-06, 2.95336758427e-06, 2.16785565499e-06, 1.02839317151e-06, 8.36337457621e-11, 1.05295397401e-10],
        "stdev": [6.50678930469e-06, 0.00030758898356, 0.000326631125063, 0.000587386311963, 0.00131059566047, 0.00270498194732, 0.00269319489598, 0.00186115922406, 0.00395933259279, 0.00364834070206, 0.00219379505143, 0.00232568080537, 0.0026304454077, 0.0012391989585, 0.0012505663326, 0.000828863529023, 0.000749556638766, 0.000726844067685, 0.00085288612172, 0.000641576887574, 0.000403470883612, 0.000284113630187, 0.000245938281296, 0.00029918475775, 0.000119196425658, 1.4986142105e-07, 1.53091050947e-07]
    },
    "erbbands": {
        "max": [0.0532856434584, 1.29575407505, 6.21647500992, 23.5571231842, 64.2116546631, 50.4598579407, 73.5551757812, 647.820739746, 614.675842285, 414.351409912, 552.585083008, 708.328491211, 873.880615234, 1397.18640137, 775.999694824, 1092.8717041, 1842.87585449, 1136.87255859, 915.270935059, 641.366333008, 467.18548584, 901.8984375, 456.143371582, 469.879180908, 445.105438232, 238.338806152, 256.235626221, 208.610565186, 127.703636169, 89.6647109985, 94.1450271606, 60.1408538818, 56.0356483459, 35.8095970154, 6.35178470612, 0.260750889778, 0.0129781216383, 0.00455821072683, 0.0010400764877, 0.000117655799841],
        "mean": [0.00209312140942, 0.0437171831727, 0.17783883214, 0.584027469158, 2.26137661934, 5.12177467346, 5.72403430939, 12.2513933182, 19.7206668854, 28.2048206329, 32.6653442383, 62.9565620422, 81.8871459961, 87.3487548828, 64.7183151245, 61.1230506897, 77.6122055054, 47.2281646729, 44.9101600647, 35.2402572632, 24.6889305115, 30.6515617371, 36.8125228882, 41.1199645996, 49.7230644226, 35.9161949158, 17.841091156, 15.0515079498, 10.9721298218, 10.2271699905, 6.46136569977, 5.12656259537, 2.8275604248, 1.09852457047, 0.261687815189, 0.00925300549716, 0.000391317211324, 5.00548339915e-05, 2.35590468947e-05, 3.17959638778e-05],
        "min": [2.72069173661e-05, 0.000182154471986, 0.000736781628802, 0.00327449082397, 0.0275396946818, 0.0261328332126, 0.076834090054, 0.0680355429649, 0.0867595076561, 0.0675221681595, 0.222104012966, 0.898567795753, 0.564797461033, 0.482035160065, 0.388338685036, 0.423605829477, 0.9430295825, 0.330427706242, 0.285195142031, 0.139324426651, 0.280760526657, 0.721521019936, 0.906428098679, 0.481686770916, 0.747971475124, 0.424520879984, 0.403787851334, 0.248327344656, 0.141649067402, 0.101086333394, 0.0733225420117, 0.0492405332625, 0.0246352981776, 0.0151725225151, 0.00436963746324, 0.000171786450665, 1.27434668684e-05, 1.48137689848e-06, 7.40199880056e-07, 1.1548315797e-06],
        "stdev": [0.00308254826814, 0.0892124399543, 0.366289645433, 1.06252908707, 3.45804190636, 5.422727108, 6.96640539169, 33.2288551331, 36.7298049927, 41.6597824097, 44.1150283813, 92.1913528442, 104.407814026, 108.791954041, 86.9436645508, 99.7805709839, 121.958145142, 70.5514678955, 73.1757507324, 60.4046630859, 30.2715892792, 41.9301185608, 36.1421470642, 40.4255485535, 45.9386520386, 32.6633872986, 16.801448822, 15.2505292892, 10.2596511841, 9.97849369049, 6.4890203476, 6.7604637146, 4.45500659943, 2.14488983154, 0.457327365875, 0.0163046251982, 0.000671302492265, 0.000114163645776, 2.59543048742e-05, 1.4999324776e-05]
    },
    "gfcc": {
        "mean": [12.357966423, 80.7845230103, -184.615722656, 36.0492401123, -98.8942947388, 14.2878789902, -39.2322006226, 1.2592099905, -24.4260883331, -15.1379508972, -0.774465382099, -16.816450119, 1.01830124855],
        "cov": [[1252.21740723, -264.925933838, 65.0162506104, 36.098449707, -59.5100402832, 108.643112183, -55.2937507629, 89.6451416016, 21.8031253815, 23.9984264374, -34.0055580139, -28.8067855835, -16.8852424622], [-264.925933838, 445.363037109, -22.7678012848, -37.8906555176, 81.4929580688, -71.5937576294, 115.901367188, -55.0464477539, 15.8825483322, -28.4729709625, 39.2459602356, -4.37086820602, -4.18917322159], [65.0162506104, -22.7678012848, 301.839874268, 99.6970825195, -30.3354434967, 73.4434051514, -60.8197212219, 56.6750602722, -30.1503543854, 13.4432401657, 0.623732864857, 12.9067115784, -39.3275527954], [36.098449707, -37.8906555176, 99.6970825195, 204.795639038, 59.7638549805, -15.9842691422, -63.7567977905, 7.34668684006, 19.9928359985, 20.0913944244, -2.20586371422, 7.50685167313, -7.42919540405], [-59.5100402832, 81.4929580688, -30.3354434967, 59.7638549805, 129.891845703, 26.7751255035, 17.6035690308, -21.8111209869, 3.50331497192, 5.25402259827, -1.12904405594, -3.20521306992, 2.21312952042], [108.643112183, -71.5937576294, 73.4434051514, -15.9842691422, 26.7751255035, 183.268753052, 55.2456893921, 16.9994373322, -45.1332511902, -1.29348027706, -10.4899940491, -4.59297132492, -24.6414852142], [-55.2937507629, 115.901367188, -60.8197212219, -63.7567977905, 17.6035690308, 55.2456893921, 164.552505493, 1.46385002136, -17.6458053589, -23.6066131592, 12.0126466751, -7.55752515793, -7.15368080139], [89.6451416016, -55.0464477539, 56.6750602722, 7.34668684006, -21.8111209869, 16.9994373322, 1.46385002136, 95.8364028931, 27.3305931091, 5.72119379044, -21.5508937836, -9.61057186127, -3.40954089165], [21.8031253815, 15.8825483322, -30.1503543854, 19.9928359985, 3.50331497192, -45.1332511902, -17.6458053589, 27.3305931091, 91.5252151489, 27.5507144928, -10.0806560516, -5.03021717072, 11.7121515274], [23.9984264374, -28.4729709625, 13.4432401657, 20.0913944244, 5.25402259827, -1.29348027706, -23.6066131592, 5.72119379044, 27.5507144928, 63.9977722168, 22.2390136719, 2.84793949127, -5.855697155], [-34.0055580139, 39.2459602356, 0.623732864857, -2.20586371422, -1.12904405594, -10.4899940491, 12.0126466751, -21.5508937836, -10.0806560516, 22.2390136719, 74.7431716919, 32.3701210022, -9.22109222412], [-28.8067855835, -4.37086820602, 12.9067115784, 7.50685167313, -3.20521306992, -4.59297132492, -7.55752515793, -9.61057186127, -5.03021717072, 2.84793949127, 32.3701210022, 55.1696968079, 16.1182231903], [-16.8852424622, -4.18917322159, -39.3275527954, -7.42919540405, 2.21312952042, -24.6414852142, -7.15368080139, -3.40954089165, 11.7121515274, -5.855697155, -9.22109222412, 16.1182231903, 54.3563308716]],
        "icov": [[0.00103541940916, -0.000117587776913, 0.000752181513235, -0.000723794510122, 0.00108677067328, -0.00139238848351, 0.000832012388855, -0.000938922166824, -0.000123476842418, 5.08730954607e-05, -0.000365826679626, 0.000571658427361, -6.64767358103e-05], [-0.000117587776913, 0.01496301312, -0.0154039757326, 0.0115533340722, -0.0175594221801, 0.0160461571068, -0.0147243114188, 0.0120085990056, -0.010540522635, 0.00788455829024, -0.00630308687687, 0.00630379654467, -0.00146264291834], [0.000752181513235, -0.0154039757326, 0.0242222249508, -0.0165150854737, 0.0219217929989, -0.0205532964319, 0.0180462431163, -0.0169802457094, 0.0136575549841, -0.00819261837751, 0.00599268358201, -0.00851759687066, 0.00513123953715], [-0.000723794510122, 0.0115533340722, -0.0165150854737, 0.0190072879195, -0.0202086437494, 0.0157435704023, -0.0101859364659, 0.0103529170156, -0.00976543780416, 0.00549632264301, -0.0036546413321, 0.00343455234542, -0.000358929246431], [0.00108677067328, -0.0175594221801, 0.0219217929989, -0.0202086437494, 0.0341599173844, -0.0237615630031, 0.0165753141046, -0.0125291347504, 0.0115655958652, -0.00956260599196, 0.00681619159877, -0.00575058767572, 0.000655141251627], [-0.00139238848351, 0.0160461571068, -0.0205532964319, 0.0157435704023, -0.0237615630031, 0.029268309474, -0.0205442775041, 0.0129301901907, -0.00637217378244, 0.00384794431739, -0.000837814062834, 0.00307738035917, 0.00116119289305], [0.000832012388855, -0.0147243114188, 0.0180462431163, -0.0101859364659, 0.0165753141046, -0.0205442775041, 0.0252858065069, -0.0148207321763, 0.00940091628581, -0.00240986119024, 0.000282252236502, -0.00317291473038, 0.00190162262879], [-0.000938922166824, 0.0120085990056, -0.0169802457094, 0.0103529170156, -0.0125291347504, 0.0129301901907, -0.0148207321763, 0.0267285648733, -0.0149772176519, 0.00578865408897, -0.000953338632826, 0.00550235807896, -0.0020813671872], [-0.000123476842418, -0.010540522635, 0.0136575549841, -0.00976543780416, 0.0115655958652, -0.00637217378244, 0.00940091628581, -0.0149772176519, 0.0274404026568, -0.0155816301703, 0.00979345198721, -0.00657686684281, 0.000654640723951], [5.08730954607e-05, 0.00788455829024, -0.00819261837751, 0.00549632264301, -0.00956260599196, 0.00384794431739, -0.00240986119024, 0.00578865408897, -0.0155816301703, 0.0306232031435, -0.0170213002712, 0.00967934075743, -0.00147449458018], [-0.000365826679626, -0.00630308687687, 0.00599268358201, -0.0036546413321, 0.00681619159877, -0.000837814062834, 0.000282252236502, -0.000953338632826, 0.00979345198721, -0.0170213002712, 0.0335070230067, -0.0224881134927, 0.0109655885026], [0.000571658427361, 0.00630379654467, -0.00851759687066, 0.00343455234542, -0.00575058767572, 0.00307738035917, -0.00317291473038, 0.00550235807896, -0.00657686684281, 0.00967934075743, -0.0224881134927, 0.0376638807356, -0.0159964933991], [-6.64767358103e-05, -0.00146264291834, 0.00513123953715, -0.000358929246431, 0.000655141251627, 0.00116119289305, 0.00190162262879, -0.0020813671872, 0.000654640723951, -0.00147449458018, 0.0109655885026, -0.0159964933991, 0.0288503989577]]
    },
    "melbands": {
        "max": [0.000759722141083, 0.00242197839543, 0.0054771755822, 0.00388954835944, 0.00235452177003, 0.0124513944611, 0.00814183056355, 0.00392573466524, 0.00571720162407, 0.00451103551313, 0.00430019106716, 0.00572979357094, 0.00277446606196, 0.00411617942154, 0.00420797383413, 0.00216065929271, 0.00187697284855, 0.00169161055237, 0.000618349178694, 0.00122322712559, 0.000738946022466, 0.00128078903072, 0.000756627123337, 0.000516108120792, 0.000433640379924, 0.000395237497287, 0.000304650369799, 0.000209837395232, 0.000139590032632, 0.000108949832793, 0.000147872284288, 7.48411548557e-05, 5.62831119169e-05, 7.07921644789e-05, 7.18655792298e-05, 4.24700847361e-05, 3.83690166927e-05, 3.64175139111e-05, 4.74101325381e-05, 2.49255899689e-05],
        "mean": [3.14556309604e-05, 8.47761984915e-05, 0.000147122147609, 0.00026563857682, 0.000220785223064, 0.000262120127445, 0.000311429641442, 0.000308692106046, 0.000281163112959, 0.000408716528909, 0.000409409287386, 0.000363256898709, 0.000220237139729, 0.000153400222189, 0.000201442162506, 0.000124318656162, 8.34886086523e-05, 7.2387905675e-05, 5.02395268995e-05, 4.26056540164e-05, 2.61071927525e-05, 2.96911330224e-05, 3.5959896195e-05, 3.3707547118e-05, 3.20442122757e-05, 3.6361750972e-05, 3.15016768582e-05, 2.1669527996e-05, 1.09123948278e-05, 1.00540237327e-05, 8.45804515848e-06, 6.26217843092e-06, 5.6146523093e-06, 5.6738153944e-06, 3.87613181374e-06, 3.26723625221e-06, 2.88394858217e-06, 2.06868639907e-06, 1.46976958604e-06, 7.85321333296e-07],
        "min": [3.4312660091e-07, 5.16224645253e-07, 1.19836204249e-06, 2.0318004772e-06, 2.13695875573e-06, 1.89729473732e-06, 1.12851353151e-06, 6.60358750793e-07, 1.59510727826e-06, 3.50289974449e-06, 1.97673466573e-06, 1.56129772222e-06, 1.00121030755e-06, 3.77222789893e-07, 1.11339102205e-06, 1.01438467937e-06, 5.6774638324e-07, 6.18230615146e-07, 9.9216769911e-08, 2.56046007507e-07, 2.4938933052e-07, 3.47414129465e-07, 5.00415467286e-07, 2.91629135063e-07, 2.98442984104e-07, 3.63090094879e-07, 2.92963619586e-07, 2.24885511102e-07, 1.81605699368e-07, 1.18628200596e-07, 1.07332169819e-07, 7.76288189286e-08, 6.37871551135e-08, 4.64398652866e-08, 4.76891948153e-08, 2.14126938403e-08, 2.58727563818e-08, 1.55896469067e-08, 1.12209370684e-08, 1.18789396097e-08],
        "stdev": [5.56422965019e-05, 0.000161343865329, 0.000260665226961, 0.000267308350885, 0.000248735741479, 0.000657057040371, 0.000557425257284, 0.000428475730587, 0.000388418062357, 0.000600165454671, 0.000531103811227, 0.000465360732051, 0.000298049271805, 0.000249345379416, 0.000338989630109, 0.000175653229235, 0.000134353991598, 0.000129990832647, 7.43280688766e-05, 8.32763980725e-05, 3.55208685505e-05, 4.95669555676e-05, 4.00400276703e-05, 4.01166653319e-05, 3.53621035174e-05, 3.56672317139e-05, 2.97290735034e-05, 2.13766525121e-05, 1.07893038148e-05, 1.16823102871e-05, 9.64985338214e-06, 6.43790644972e-06, 5.76719185119e-06, 6.31790362604e-06, 4.1763983063e-06, 4.09157519243e-06, 3.98791598855e-06, 3.27793691213e-06, 2.87226907858e-06, 1.6058924075e-06]
    },
    "melbands128": {
        "max": [4.31693624705e-05, 0.000217624299694, 0.00105307425838, 0.00272386125289, 0.00336260069162, 0.00294267199934, 0.00421381602064, 0.00689040124416, 0.00760519364849, 0.00359039055184, 0.00354708102532, 0.00392303569242, 0.00369524816051, 0.00555311050266, 0.0227029621601, 0.0118052521721, 0.0181639734656, 0.0111070005223, 0.00789377745241, 0.00750118307769, 0.0066370354034, 0.00637647230178, 0.00898099411279, 0.00979465432465, 0.00841906666756, 0.00876433309168, 0.0120173310861, 0.00795556418598, 0.0106313442811, 0.00770101277158, 0.00891573727131, 0.00339055736549, 0.00566162914038, 0.00492359418422, 0.00733076781034, 0.00549339829013, 0.00664842128754, 0.00564433401451, 0.0124725662172, 0.00462515465915, 0.00165606802329, 0.00762092508376, 0.00234867515974, 0.0034932133276, 0.00175396748818, 0.00405802158639, 0.00193042634055, 0.000952359347139, 0.00140957639087, 0.00212393165566, 0.00234427396208, 0.000888496462721, 0.000521866080817, 0.00151634647045, 0.00156013213564, 0.00250058434904, 0.00104475731496, 0.000939309655223, 0.00108395202551, 0.000980295240879, 0.000780283357017, 0.00138721382245, 0.00116053852253, 0.000647994922474, 0.000385623774491, 0.000507098040543, 0.000662421691231, 0.000885253597517, 0.000449588813353, 0.000554087397177, 0.000280522741377, 0.000614808464888, 0.000235468323808, 0.000105735089164, 0.000469387625344, 0.000234528051806, 0.000174195869477, 0.000137301816721, 0.000319339800626, 0.000312170101097, 0.000108643173007, 9.17237921385e-05, 8.0685262219e-05, 6.97979558026e-05, 0.000134053494548, 8.43180168886e-05, 0.000159866569447, 0.000122357494547, 8.81528540049e-05, 3.97868025175e-05, 4.48221326224e-05, 5.1555398386e-05, 8.4517923824e-05, 4.47702332167e-05, 4.53867141914e-05, 4.35844231106e-05, 3.97164149035e-05, 5.66655653529e-05, 6.60760051687e-05, 5.06683318235e-05, 3.87331929232e-05, 2.8031085094e-05, 1.98988800548e-05, 1.36152630148e-05, 5.08593711857e-06, 2.9497750802e-06, 7.80239474807e-07, 6.37653059243e-08, 4.86103139963e-08, 4.65019951434e-08, 4.45239116686e-08, 4.26563531164e-08, 4.08970315391e-08, 3.9444337574e-08, 3.78900821829e-08, 3.65321923823e-08, 3.52833886552e-08, 3.41551924521e-08, 3.31783418517e-08, 3.22503694861e-08, 3.14584802652e-08, 3.06772705017e-08, 2.99773752488e-08, 2.94651396615e-08, 2.89699109146e-08, 2.86170145358e-08, 2.83509393739e-08, 2.81844467764e-08],
        "mean": [2.39129985857e-06, 8.53489564179e-06, 3.83242622775e-05, 8.44472742756e-05, 8.79387371242e-05, 8.29587661428e-05, 0.000100305383967, 0.000155566580361, 0.000232818754739, 0.000260245316895, 0.000304158631479, 0.000278799940133, 0.000165950783412, 0.000181754832738, 0.000304531218717, 0.000278687977698, 0.000263183668721, 0.000352258502971, 0.00031702130218, 0.000334748998284, 0.000291857664706, 0.000258411222603, 0.000245614093728, 0.0003286023275, 0.000456495792605, 0.000387167005101, 0.000442901247879, 0.000395301263779, 0.000399176875362, 0.000450268911663, 0.000334327633027, 0.000215253428905, 0.000238395834458, 0.00020807038527, 0.000151936765178, 0.00013350462541, 0.000157749978825, 0.000163079472259, 0.000316236983053, 0.000143518511322, 6.57466734992e-05, 0.000104171696876, 8.32786536193e-05, 8.28821503092e-05, 5.48198840988e-05, 8.76123667695e-05, 7.16580907465e-05, 4.21421900683e-05, 4.1386250814e-05, 5.59554173378e-05, 4.50791994808e-05, 2.82497985609e-05, 2.43253125518e-05, 2.57746414718e-05, 2.9176570024e-05, 2.5980763894e-05, 2.874141137e-05, 5.07390723214e-05, 3.00005121971e-05, 2.8946022212e-05, 3.49956426362e-05, 3.27611414832e-05, 4.17721130361e-05, 2.88322607958e-05, 2.33342489082e-05, 3.5385510273e-05, 4.81389870401e-05, 3.31578376063e-05, 2.3771495762e-05, 3.60684389307e-05, 1.92157331185e-05, 2.04033949558e-05, 1.04247146737e-05, 9.32405691856e-06, 9.313253031e-06, 1.23982936202e-05, 9.21076662053e-06, 7.42476095184e-06, 9.92833611235e-06, 7.53761605665e-06, 6.0963748183e-06, 6.07253559792e-06, 5.45040438737e-06, 4.95342919749e-06, 6.83777307131e-06, 5.35214758202e-06, 6.24176118436e-06, 4.17929231844e-06, 4.25963253292e-06, 2.88906517198e-06, 2.87005627797e-06, 2.95146082863e-06, 4.95168069392e-06, 2.33033301811e-06, 2.40464146373e-06, 2.06314780371e-06, 2.01940542865e-06, 1.91568869923e-06, 1.81284417522e-06, 1.10752353066e-06, 6.18097942606e-07, 8.12018186025e-07, 8.84651683464e-07, 4.31204682627e-07, 2.57059696196e-07, 8.32616962043e-08, 9.82712755615e-09, 3.66121966078e-10, 2.86359998214e-11, 2.6498249775e-11, 2.53084497803e-11, 2.40883528402e-11, 2.30588863975e-11, 2.21977315001e-11, 2.13562466322e-11, 2.0619152219e-11, 1.99414356555e-11, 1.93233259255e-11, 1.88005548629e-11, 1.82774108348e-11, 1.78125968836e-11, 1.7388160356e-11, 1.70354581136e-11, 1.67155282671e-11, 1.62773631379e-11, 1.57767358205e-11, 1.54694798638e-11, 1.53558259858e-11],
        "min": [4.90812168685e-10, 1.84769159972e-08, 1.00246914769e-07, 1.9313151256e-07, 7.09099623464e-08, 1.07674878791e-07, 2.1036029807e-08, 3.10072863385e-07, 8.64091589392e-07, 9.8769635315e-07, 4.90763682137e-07, 3.62557045719e-07, 3.69655595023e-07, 1.52682605403e-06, 4.54753916301e-07, 2.43326070404e-07, 1.41192387559e-07, 3.3286028156e-07, 5.32038029633e-07, 9.81663674793e-08, 2.40741314883e-07, 2.35838612639e-07, 2.77550583405e-07, 7.4568134778e-07, 2.87531946697e-07, 6.36126912923e-07, 6.12636767983e-07, 7.06804371475e-07, 6.74668967804e-07, 4.1930985617e-07, 3.3368229424e-07, 2.52717910598e-07, 1.01115062989e-07, 1.49963540252e-07, 1.35431918125e-07, 1.25433842868e-07, 1.20854494412e-07, 1.79292428015e-07, 2.59448341922e-07, 3.34697773496e-07, 1.74834426048e-07, 1.69267295291e-07, 1.07450262021e-07, 2.19174097538e-07, 2.03908186336e-07, 1.34596206181e-07, 5.45869909274e-08, 5.76211540704e-08, 4.52635475767e-08, 1.40989257602e-07, 1.13926006406e-07, 8.5604469291e-08, 2.29720562572e-08, 6.0762701537e-08, 1.11958350146e-07, 1.20841619378e-07, 1.70947799916e-07, 1.86073037867e-07, 1.71889439571e-07, 2.2406280209e-07, 9.48633953612e-08, 1.10977012469e-07, 1.35524075517e-07, 1.06274072209e-07, 1.78893415637e-07, 2.94284461688e-07, 1.2852306952e-07, 2.06985774298e-07, 1.0943386286e-07, 1.5183481139e-07, 1.41129689268e-07, 1.67517271166e-07, 9.05097579107e-08, 8.76986234744e-08, 8.10638240978e-08, 6.139247688e-08, 8.88266598054e-08, 8.44636502961e-08, 2.68902446976e-08, 1.86075403974e-08, 4.26780815133e-08, 2.0916253618e-08, 1.55710644378e-08, 3.90882632928e-08, 6.10341217566e-08, 3.62625449668e-08, 4.62197533579e-08, 2.68907935919e-08, 2.81061165452e-08, 2.11956940888e-08, 2.33958488138e-08, 1.14339222534e-08, 2.66403112903e-08, 1.31863302499e-08, 6.04506356083e-09, 5.84836445938e-09, 8.33326652128e-09, 9.83477832506e-09, 7.66172547628e-09, 5.41210543048e-09, 1.42552358806e-09, 8.81791639706e-10, 4.37408242959e-09, 1.5894487948e-09, 3.23345655806e-10, 2.45661324616e-10, 8.11040210685e-12, 4.89442091457e-13, 3.16258195847e-13, 2.97383591277e-13, 2.68906587535e-13, 3.5072980761e-13, 3.59353524585e-13, 3.36086817014e-13, 3.09001739127e-13, 3.80924512853e-13, 3.14596059706e-13, 2.59630560323e-13, 3.73049437478e-13, 3.51509213447e-13, 3.42289564748e-13, 2.64788733474e-13, 3.49681546739e-13, 2.69742968196e-13, 2.13163213751e-13, 6.45842700066e-14, 1.28520698722e-14, 5.16818846833e-16],
        "stdev": [3.60290869139e-06, 1.12998504846e-05, 6.45692198304e-05, 0.000186722463695, 0.000211203761864, 0.000153862230945, 0.000189182086615, 0.000362993567251, 0.000422230397817, 0.000282780645648, 0.00037074580905, 0.000386372877983, 0.000251237652265, 0.000359259895049, 0.00109412695747, 0.000752259104047, 0.000671117275488, 0.00085816741921, 0.000607858935837, 0.000688919739332, 0.000483410985908, 0.000516951025929, 0.000513277191203, 0.000691761320923, 0.000889530288987, 0.000826696516015, 0.000935493560974, 0.000752694788389, 0.000761282281019, 0.000682140875142, 0.000606918823905, 0.000366800319171, 0.00046410880168, 0.000473274383694, 0.000373633607524, 0.000318473728839, 0.000469968683319, 0.000430196087109, 0.000719587900676, 0.00026342793717, 0.000124020458315, 0.000340286322171, 0.000165906632901, 0.000182564937859, 0.00012042655726, 0.000254794082139, 0.000139096882776, 8.78102946444e-05, 0.000104378508695, 0.000161124684382, 0.000134398636874, 5.74256700929e-05, 4.63622054667e-05, 5.56985687581e-05, 6.34076204733e-05, 8.09674966149e-05, 6.11521609244e-05, 7.41601397749e-05, 5.09536766913e-05, 5.22172340425e-05, 6.30928916507e-05, 6.62746460875e-05, 7.64478681958e-05, 4.12264926126e-05, 3.04305031023e-05, 4.42529235443e-05, 6.56149495626e-05, 5.40405635547e-05, 3.76965217583e-05, 5.7664263295e-05, 2.50634748227e-05, 3.57565586455e-05, 1.38306495501e-05, 1.14624654088e-05, 1.74210490513e-05, 2.02741593966e-05, 1.51574531628e-05, 1.14595568448e-05, 1.68161495822e-05, 1.18186171676e-05, 9.34135096031e-06, 8.88101476448e-06, 6.88237969371e-06, 6.70421150062e-06, 1.09399779831e-05, 6.41395081402e-06, 1.12289417302e-05, 6.18534568275e-06, 6.17145497017e-06, 3.80724941351e-06, 4.30997215517e-06, 5.01893373439e-06, 9.3289072538e-06, 3.82250163966e-06, 4.30176896771e-06, 3.75006334252e-06, 3.78408526558e-06, 3.66712379218e-06, 4.05979244533e-06, 2.67127416009e-06, 1.60803995186e-06, 2.05140440812e-06, 1.62022126915e-06, 8.89398904746e-07, 4.92052038226e-07, 1.77084046982e-07, 2.92565243143e-08, 2.10489692343e-09, 1.02431363391e-09, 9.79832437409e-10, 9.38166211384e-10, 8.98789431769e-10, 8.61724080981e-10, 8.31109403521e-10, 7.9836676159e-10, 7.69755925667e-10, 7.43433314909e-10, 7.19662940352e-10, 6.99085178635e-10, 6.79535649972e-10, 6.62851051825e-10, 6.46387166015e-10, 6.31630914238e-10, 6.20846263288e-10, 6.10414940816e-10, 6.02984273623e-10, 5.97376315081e-10, 5.93867677257e-10]
    },
    "mfcc": {
        "mean": [-595.36920166, 85.2654953003, -27.3954048157, 3.90015721321, -25.8769111633, -6.93180370331, -3.78233981133, 1.47577369213, -12.886305809, -0.188584983349, -5.13912534714, -6.23059511185, -6.33454465866],
        "cov": [[1287.00134277, -283.033599854, 36.7722587585, -71.4509963989, 43.2753181458, -20.6095523834, -16.5758914948, -1.74565923214, 67.0997161865, 47.0762367249, 1.14087426662, 2.78574419022, 12.3987932205], [-283.033599854, 441.457885742, -92.2134094238, 19.2221984863, -94.0586166382, 28.436422348, 46.2982826233, 35.2395172119, -27.4462299347, -6.52186870575, 25.5016860962, -21.2878265381, 8.70137214661], [36.7722587585, -92.2134094238, 337.798431396, -2.07182812691, 65.5899581909, -23.4341049194, 18.7381076813, 18.8665904999, -9.50881290436, -7.22980213165, 5.32454633713, 46.900642395, 16.7199192047], [-71.4509963989, 19.2221984863, -2.07182812691, 216.679656982, 80.5871582031, -15.9582862854, -57.5523872375, -29.923412323, -4.32060670853, -6.51938915253, -1.91019034386, 17.0532722473, 15.9862642288], [43.2753181458, -94.0586166382, 65.5899581909, 80.5871582031, 174.139953613, 16.556640625, -34.8737373352, -25.6594924927, 11.5477771759, 3.6878323555, -7.42158842087, 12.2152929306, 7.95892190933], [-20.6095523834, 28.436422348, -23.4341049194, -15.9582862854, 16.556640625, 137.824707031, 71.2354278564, 18.3134593964, -13.9914617538, -5.45345497131, 11.4275941849, -6.09926795959, 1.89783525467], [-16.5758914948, 46.2982826233, 18.7381076813, -57.5523872375, -34.8737373352, 71.2354278564, 151.030090332, 56.9860153198, -15.2618732452, -7.83904409409, 11.3464450836, 1.85695874691, 0.130783379078], [-1.74565923214, 35.2395172119, 18.8665904999, -29.923412323, -25.6594924927, 18.3134593964, 56.9860153198, 89.0241546631, 19.619058609, 2.13371968269, 0.439854234457, -5.78036260605, 3.8591697216], [67.0997161865, -27.4462299347, -9.50881290436, -4.32060670853, 11.5477771759, -13.9914617538, -15.2618732452, 19.619058609, 94.4656448364, 38.5456581116, -0.985945403576, -14.0646934509, -14.6580524445], [47.0762367249, -6.52186870575, -7.22980213165, -6.51938915253, 3.6878323555, -5.45345497131, -7.83904409409, 2.13371968269, 38.5456581116, 71.1835861206, 19.07903862, -10.5772399902, -14.3418655396], [1.14087426662, 25.5016860962, 5.32454633713, -1.91019034386, -7.42158842087, 11.4275941849, 11.3464450836, 0.439854234457, -0.985945403576, 19.07903862, 63.9364738464, 20.8401889801, 3.5341386795], [2.78574419022, -21.2878265381, 46.900642395, 17.0532722473, 12.2152929306, -6.09926795959, 1.85695874691, -5.78036260605, -14.0646934509, -10.5772399902, 20.8401889801, 82.3271026611, 25.2565441132], [12.3987932205, 8.70137214661, 16.7199192047, 15.9862642288, 7.95892190933, 1.89783525467, 0.130783379078, 3.8591697216, -14.6580524445, -14.3418655396, 3.5341386795, 25.2565441132, 66.1638946533]],
        "icov": [[0.000967003928963, 0.000614290300291, 7.48765887693e-05, 0.000275328347925, -4.58025679109e-05, 8.56897750054e-05, -8.99274309631e-05, 1.05210083348e-05, -0.000398783391574, -0.000381604448194, -0.000172186380951, 0.000140697011375, -0.000560403510462], [0.000614290300291, 0.0035060159862, 0.000539324886631, -0.00103137444239, 0.00166528299451, -0.000269039941486, -0.000420138327172, -0.00103801186197, 0.000593745731749, -0.000187343262951, -0.00142970390152, 0.00116899772547, -0.000873459328432], [7.48765887693e-05, 0.000539324886631, 0.00401390530169, 0.000577957485802, -0.00202742312104, 0.00164450739976, -0.000995983951725, -0.00145811983384, 0.000926402688492, -6.87753054081e-05, -0.00029083280242, -0.00166926835664, -0.000112140012789], [0.000275328347925, -0.00103137444239, 0.000577957485802, 0.00683633005247, -0.00359838875011, 0.000656248826999, 0.00170459109358, 0.000231372832786, 0.000192275765585, 0.000391579378629, 2.74564063147e-05, -0.00115478376392, -0.000749789061956], [-4.58025679109e-05, 0.00166528299451, -0.00202742312104, -0.00359838875011, 0.010136297904, -0.00356934312731, 0.00150121038314, 0.00164767482784, -0.00153923325706, -0.000576302933041, 0.00103840662632, 0.00024886438041, -0.000661039084662], [8.56897750054e-05, -0.000269039941486, 0.00164450739976, 0.000656248826999, -0.00356934312731, 0.0115018859506, -0.00593968853354, 0.000261963461526, 0.00102428544778, 0.000625621411018, -0.00199671182781, 0.00129857019056, -0.000485419906909], [-8.99274309631e-05, -0.000420138327172, -0.000995983951725, 0.00170459109358, 0.00150121038314, -0.00593968853354, 0.0134852109477, -0.00668698269874, 0.00237831450067, 0.000166426310898, -0.000511825608555, -0.00116993358824, 0.00130201305728], [1.05210083348e-05, -0.00103801186197, -0.00145811983384, 0.000231372832786, 0.00164767482784, 0.000261963461526, -0.00668698269874, 0.0182437859476, -0.00613067485392, 0.0011708085658, 0.00100788334385, 0.00132777635008, -0.00247459555976], [-0.000398783391574, 0.000593745731749, 0.000926402688492, 0.000192275765585, -0.00153923325706, 0.00102428544778, 0.00237831450067, -0.00613067485392, 0.0167622976005, -0.00796324759722, 0.00138638273347, 0.00028688024031, 0.00202858983539], [-0.000381604448194, -0.000187343262951, -6.87753054081e-05, 0.000391579378629, -0.000576302933041, 0.000625621411018, 0.000166426310898, 0.0011708085658, -0.00796324759722, 0.0216345228255, -0.00773914018646, 0.00281604914926, 0.00226546730846], [-0.000172186380951, -0.00142970390152, -0.00029083280242, 2.74564063147e-05, 0.00103840662632, -0.00199671182781, -0.000511825608555, 0.00100788334385, 0.00138638273347, -0.00773914018646, 0.0212799664587, -0.00662401411682, 0.000183220108738], [0.000140697011375, 0.00116899772547, -0.00166926835664, -0.00115478376392, 0.00024886438041, 0.00129857019056, -0.00116993358824, 0.00132777635008, 0.00028688024031, 0.00281604914926, -0.00662401411682, 0.0175213180482, -0.0052821431309], [-0.000560403510462, -0.000873459328432, -0.000112140012789, -0.000749789061956, -0.000661039084662, -0.000485419906909, 0.00130201305728, -0.00247459555976, 0.00202858983539, 0.00226546730846, 0.000183220108738, -0.0052821431309, 0.0187256094068]]
    },
    "spectral_contrast_coeffs": {
        "max": [-0.463171333075, -0.438542842865, -0.514267742634, -0.540810704231, -0.64820420742, -0.602414786816],
        "mean": [-0.67361664772, -0.744706511497, -0.707347869873, -0.745594322681, -0.754744708538, -0.714168667793],
        "min": [-0.848424017429, -0.914142847061, -0.882110476494, -0.880574405193, -0.85372543335, -0.865439355373],
        "stdev": [0.063925601542, 0.0640467107296, 0.0645970106125, 0.0464539341629, 0.0338196568191, 0.0383942648768]
    },
    "spectral_contrast_valleys": {
        "max": [-5.71947574615, -4.862637043, -5.39897584915, -6.11704444885, -5.74319887161, -7.78157281876],
        "mean": [-7.5743894577, -6.40840768814, -6.89039802551, -7.33400583267, -6.94793176651, -9.91397857666],
        "min": [-9.60079669952, -8.29977226257, -8.80696487427, -9.09563922882, -8.51868629456, -11.7659835815],
        "stdev": [0.580615639687, 0.484804689884, 0.516837477684, 0.442991524935, 0.415309011936, 0.683098316193]
    }
},
"rhythm": {
    "beats_count": 83,
    "beats_loudness": {
        "max": 0.0544072166085,
        "mean": 0.0294660292566,
        "min": 0.00813137553632,
        "stdev": 0.0101853813976
    },
    "bpm": 95.8840637207,
    "bpm_histogram_first_peak_bpm": 96,
    "bpm_histogram_first_peak_weight": 0.421052634716,
    "bpm_histogram_second_peak_bpm": 101,
    "bpm_histogram_second_peak_spread": 0.166666686535,
    "bpm_histogram_second_peak_weight": 0.0609756112099,
    "danceability": 1.45242726803,
    "onset_rate": 2.94700145721,
    "beats_loudness_band_ratio": {
        "max": [0.283244669437, 0.6017395854, 0.6170566082, 0.744161427021, 0.497890174389, 0.34868979454],
        "mean": [0.0810947716236, 0.11765589565, 0.26359423995, 0.311434745789, 0.130572512746, 0.138604030013],
        "min": [0.0024999526795, 0.0225249249488, 0.0479853376746, 0.0621628984809, 0.0185289885849, 0.0238319076598],
        "stdev": [0.0738293305039, 0.0831040218472, 0.121752440929, 0.174411267042, 0.0774900913239, 0.0751197338104]
    },
