{
"metadata": {
    "version": {
        "essentia": "2.1-beta5",
        "essentia_git_sha": "Undefined",
        "extractor": "music 2.0"
    },
    "audio_properties": {
        "analysis": {
            "equal_loudness": 0,
            "length": 12.7477550507,
            "sample_rate": 44100,
            "start_time": 0,
            "downmix": "mix"
        },
        "bit_rate": 192000,
        "length": 186.955474854,
        "lossless": 0,
        "number_channels": 2,
        "replay_gain": 26.5891857147,
        "sample_rate": 48000,
        "codec": "mp3",
        "md5_encoded": "de76b20ec9142150fb28fd858b0eb6d5"
    },
    "tags": {
        "file_name": "Norway_Adieu_Jahn Teigen _ Anita Skorgan.mp3",
        "encoding": ["Lavf58.29.100"]
    }
},
"lowlevel": {
    "average_loudness": 9.6660478448e-05,
    "barkbands_crest": {
        "max": 24.1959552765,
        "mean": 7.15019655228,
        "min": 3.02078676224,
        "stdev": 2.54496788979
    },
    "barkbands_flatness_db": {
        "max": 0.288638979197,
        "mean": 0.0849061980844,
        "min": 0.0367848463356,
        "stdev": 0.0357552729547
    },
    "barkbands_kurtosis": {
        "max": 46.8286895752,
        "mean": 3.78466176987,
        "min": -1.74784255028,
        "stdev": 4.23322200775
    },
    "barkbands_skewness": {
        "max": 6.47974395752,
        "mean": -1.5784163475,
        "min": -4.86527013779,
        "stdev": 1.17688238621
    },
    "barkbands_spread": {
        "max": 55.5687713623,
        "mean": 25.5474510193,
        "min": 3.16645646095,
        "stdev": 5.80148649216
    },
    "dissonance": {
        "max": 0.499972909689,
        "mean": 0.48907071352,
        "min": 0.356520265341,
        "stdev": 0.0175108145922
    },
    "dynamic_complexity": 11.4336328506,
    "erbbands_crest": {
        "max": 27.1629123688,
        "mean": 4.39821481705,
        "min": 2.66472887993,
        "stdev": 3.31366586685
    },
    "erbbands_flatness_db": {
        "max": 0.333569973707,
        "mean": 0.112643383443,
        "min": 0.0796812400222,
        "stdev": 0.0440366603434
    },
    "erbbands_kurtosis": {
        "max": 32.4590148926,
        "mean": 0.532059133053,
        "min": -1.66271710396,
        "stdev": 2.7106821537
    },
    "erbbands_skewness": {
        "max": 2.71377897263,
        "mean": -0.600085437298,
        "min": -4.62631082535,
        "stdev": 0.632834553719
    },
    "erbbands_spread": {
        "max": 83.5290679932,
        "mean": 35.5322723389,
        "min": 2.90483307838,
        "stdev": 6.95531845093
    },
    "hfc": {
        "max": 2805.90063477,
        "mean": 35.4433250427,
        "min": 1.04572265683e-16,
        "stdev": 236.344589233
    },
    "loudness_ebu128": {
        "integrated": -39.0282363892,
        "loudness_range": 20.6571769714,
        "momentary": {
            "max": -35.552734375,
            "mean": -272.921875,
            "min": -300.691009521,
            "stdev": 78.4940490723
        },
        "short_term": {
            "max": -43.3600616455,
            "mean": -266.815551758,
            "min": -300.691009521,
            "stdev": 83.8353118896
        }
    },
    "melbands_crest": {
        "max": 25.6778774261,
        "mean": 3.62270212173,
        "min": 1.46000945568,
        "stdev": 4.29188251495
    },
    "melbands_flatness_db": {
        "max": 0.322225391865,
        "mean": 0.0240869168192,
        "min": 0.00213168677874,
        "stdev": 0.0575262755156
    },
    "melbands_kurtosis": {
        "max": 145.552383423,
        "mean": 0.787277340889,
        "min": -1.43349921703,
        "stdev": 11.98133564
    },
    "melbands_skewness": {
        "max": 9.88201713562,
        "mean": 0.216019839048,
        "min": -2.59685015678,
        "stdev": 1.15324497223
    },
    "melbands_spread": {
        "max": 176.724838257,
        "mean": 122.26373291,
        "min": 3.13003993034,
        "stdev": 32.5340118408
    },
    "pitch_salience": {
        "max": 0.981514394283,
        "mean": 0.774614810944,
        "min": 0.268863737583,
        "stdev": 0.0718842595816
    },
    "silence_rate_20dB": {
        "max": 1,
        "mean": 0.972727298737,
        "min": 0,
        "stdev": 0.162877038121
    },
    "silence_rate_30dB": {
        "max": 1,
        "mean": 0.963636338711,
        "min": 0,
        "stdev": 0.187193274498
    },
    "silence_rate_60dB": {
        "max": 1,
        "mean": 0.910909116268,
        "min": 0,
        "stdev": 0.284874886274
    },
    "spectral_centroid": {
        "max": 11927.1875,
        "mean": 10098.2695312,
        "min": 391.858764648,
        "stdev": 2762.86474609
    },
    "spectral_complexity": {
        "max": 60,
        "mean": 2.64545464516,
        "min": 0,
        "stdev": 9.6929101944
    },
    "spectral_decrease": {
        "max": 2.10211706853e-17,
        "mean": -5.18325693477e-09,
        "min": -2.52315317084e-07,
        "stdev": 2.80723035928e-08
    },
    "spectral_energy": {
        "max": 1.20680058002,
        "mean": 0.0227776262909,
        "min": 9.7267804723e-21,
        "stdev": 0.124532133341
    },
    "spectral_energyband_high": {
        "max": 0.249343946576,
        "mean": 0.00270194909535,
        "min": 6.97565207196e-21,
        "stdev": 0.0216426756233
    },
    "spectral_energyband_low": {
        "max": 0.00386011134833,
        "mean": 2.95088466373e-05,
        "min": 8.71596321416e-24,
        "stdev": 0.000201947594178
    },
    "spectral_energyband_middle_high": {
        "max": 0.484625518322,
        "mean": 0.0068563898094,
        "min": 1.10250099495e-21,
        "stdev": 0.0445773489773
    },
    "spectral_energyband_middle_low": {
        "max": 0.669990420341,
        "mean": 0.0133458497003,
        "min": 1.31156897626e-22,
        "stdev": 0.0775842145085
    },
    "spectral_entropy": {
        "max": 9.83472442627,
        "mean": 9.55773067474,
        "min": 6.59902191162,
        "stdev": 0.744073331356
    },
    "spectral_flux": {
        "max": 0.927442789078,
        "mean": 0.0255405772477,
        "min": 6.23441506753e-11,
        "stdev": 0.111355446279
    },
    "spectral_kurtosis": {
        "max": 31.6230125427,
        "mean": -0.38037404418,
        "min": -1.28132998943,
        "stdev": 3.15198206902
    },
    "spectral_rms": {
        "max": 0.0343127734959,
        "mean": 0.00108360871673,
        "min": 3.08051002242e-12,
        "stdev": 0.00458779511973
    },
    "spectral_rolloff": {
        "max": 19789.0136719,
        "mean": 17111.6679688,
        "min": 258.3984375,
        "stdev": 4855.31152344
    },
    "spectral_skewness": {
        "max": 2.97618556023,
        "mean": 0.162623181939,
        "min": -0.0951628088951,
        "stdev": 0.522366821766
    },
    "spectral_spread": {
        "max": 43484948,
        "mean": 36851396,
        "min": 1319920.875,
        "stdev": 11040415
    },
    "spectral_strongpeak": {
        "max": 15.4102516174,
        "mean": 0.369710206985,
        "min": 0,
        "stdev": 1.54955840111
    },
    "zerocrossingrate": {
        "max": 0.623046875,
        "mean": 0.459328830242,
        "min": 0.0205078125,
        "stdev": 0.123083211482
    },
    "barkbands": {
        "max": [0.000566722126678, 0.00167929567397, 0.00133497687057, 0.00146077491809, 0.100262090564, 0.618007421494, 0.137042909861, 0.0985917747021, 0.10735694319, 0.148665323853, 0.14362193644, 0.116353616118, 0.0751894637942, 0.0712802484632, 0.0391724742949, 0.0264855530113, 0.16041187942, 0.276574015617, 0.203487828374, 0.111815482378, 0.155709564686, 0.0828710272908, 0.0850371494889, 0.00850344356149, 0.00453417515382, 0.00182705326006, 0.000509149220306],
        "mean": [6.11051109445e-06, 1.90694499906e-05, 4.43891212853e-06, 5.78688786845e-06, 0.000861719192471, 0.00916338991374, 0.000805614283308, 0.000942951883189, 0.00131352827884, 0.000605462642852, 0.000442788237706, 0.000487710232846, 0.000299061561236, 0.000394586590119, 0.000319453654811, 0.000230363017181, 0.000924351101276, 0.00177309801802, 0.00129540171474, 0.000811164500192, 0.00124942779075, 0.000263754045591, 0.000384571350878, 0.000109112384962, 5.07959048264e-05, 1.00286551969e-05, 3.17712374454e-06],
        "min": [3.39826825791e-26, 1.51437637836e-24, 6.74211854865e-25, 2.60151806571e-25, 3.56567969059e-24, 6.77298460511e-24, 4.89146536032e-24, 3.60501623963e-24, 1.24112598512e-23, 1.44122883677e-23, 5.28706017162e-24, 1.2887011608e-23, 2.03947949027e-23, 2.14761954083e-23, 2.54398869801e-23, 4.78099690791e-23, 3.80499484569e-23, 8.85515235663e-23, 7.35229470828e-23, 1.38544106687e-22, 1.78965490932e-22, 2.58170420099e-22, 3.45122076952e-22, 5.10376900294e-22, 7.75599004823e-22, 1.16473815713e-21, 1.89113077024e-21],
        "stdev": [4.22935918323e-05, 0.000110640583443, 5.8377863752e-05, 6.44267711323e-05, 0.00663452688605, 0.0644346773624, 0.00749743403867, 0.0076264529489, 0.00910716876388, 0.00708533031866, 0.00627593742684, 0.00591350952163, 0.00359302409925, 0.0038334724959, 0.00219145347364, 0.00177261338104, 0.00963673181832, 0.0149578293785, 0.0134338801727, 0.00773034896702, 0.0110874576494, 0.00366130052134, 0.00400644820184, 0.000650591449812, 0.000368548906408, 0.000107427447801, 3.40169426636e-05]
    },
    "erbbands": {
        "max": [0.0637793168426, 0.393014103174, 1.36323070526, 3.67138290405, 27.0243549347, 341.472839355, 4030.16918945, 5983.93945312, 4114.91943359, 2933.94970703, 2319.83618164, 2815.39990234, 5108.71386719, 2035.09558105, 6386.10009766, 5381.76855469, 3750.36010742, 2864.21606445, 3271.41210938, 2128.00927734, 2847.77832031, 11055.6396484, 19956.7441406, 18162.1347656, 2356.52246094, 4807.18847656, 9995.23535156, 2634.13330078, 3067.81860352, 1827.55505371, 2516.68798828, 302.627349854, 153.257736206, 67.9952011108, 27.4599437714, 9.9628868103, 2.84043431282, 0.539901793003, 0.0732829347253, 0.00991102494299],
        "mean": [0.000869240029715, 0.0030825312715, 0.00537986587733, 0.0176291484386, 0.273584276438, 4.09906625748, 33.0984382629, 84.5855331421, 21.5971126556, 17.9828548431, 18.6234893799, 33.3497085571, 24.4641361237, 12.8120651245, 22.2284412384, 19.5388774872, 15.3599357605, 16.2038612366, 20.3310432434, 14.6321935654, 20.1055679321, 58.7178382874, 100.299446106, 114.058021545, 20.3752307892, 34.7345504761, 80.0271682739, 24.1492214203, 10.4542264938, 6.14321994781, 12.8843784332, 3.33347439766, 1.50766611099, 0.818539083004, 0.236721217632, 0.0527238473296, 0.0178439244628, 0.00344565859996, 0.000516616972163, 7.35013672966e-05],
        "min": [4.05589489649e-23, 2.4879153289e-22, 1.54314562045e-21, 3.7725268202e-21, 4.15331909207e-21, 1.33977886438e-20, 2.22489176583e-20, 6.9039337357e-20, 8.71436067794e-20, 1.14706686506e-19, 2.02543212145e-19, 2.89688085545e-19, 3.95044813545e-19, 5.23278591404e-19, 8.62141556239e-19, 7.04782387121e-19, 1.41799384808e-18, 1.53968834961e-18, 1.80976054486e-18, 2.37560006032e-18, 3.07659633838e-18, 3.21595766003e-18, 4.88165394787e-18, 5.44182479459e-18, 5.68284992225e-18, 6.85966282252e-18, 7.32276940104e-18, 9.07444263495e-18, 9.79081082392e-18, 1.11028623777e-17, 9.6900180391e-18, 9.94167202404e-18, 8.34091541135e-18, 7.15384092198e-18, 6.12978636056e-18, 4.06027021705e-18, 2.22490657107e-18, 8.43445206444e-19, 2.2494209991e-19, 2.6633905483e-20],
        "stdev": [0.00475073279813, 0.0208059381694, 0.0607795082033, 0.166148245335, 2.07689809799, 28.2701454163, 288.975158691, 610.883422852, 214.316390991, 171.814239502, 150.144241333, 232.554718018, 240.32170105, 111.770843506, 287.066741943, 249.005172729, 187.181015015, 148.822967529, 171.706161499, 108.686569214, 164.79864502, 623.884155273, 996.957885742, 1088.06713867, 166.750732422, 313.265411377, 755.343933105, 189.483718872, 136.695251465, 80.6367721558, 124.943031311, 21.2273025513, 9.54494476318, 5.65866994858, 1.84542274475, 0.541323244572, 0.193568125367, 0.0365095809102, 0.00530158355832, 0.000606831046753]
    },
    "gfcc": {
        "mean": [-1138.33740234, 3.94766378403, -16.3702335358, 1.62419033051, -8.51299667358, -1.20668375492, -5.26233768463, 1.33158397675, -1.19374454021, 0.342188149691, 0.305920898914, 0.567868053913, 0.185358598828],
        "cov": [[146229.421875, 4862.99804688, -18761.78125, 1958.42529297, -9855.69042969, -1416.79577637, -6011.50341797, 1536.76977539, -1349.25366211, 310.534454346, 390.877807617, 609.246826172, 340.555999756], [4862.99804688, 338.080566406, -619.073852539, 34.3398361206, -329.149871826, -40.470905304, -236.133407593, 36.027759552, -40.5593566895, 0.613550126553, 22.6355075836, 6.25845861435, 16.9266357422], [-18761.78125, -619.073852539, 2515.68139648, -230.215164185, 1228.29443359, 161.878860474, 742.643859863, -219.887573242, 158.870147705, -50.5016174316, -60.9873695374, -82.0983428955, -26.7335567474], [1958.42529297, 34.3398361206, -230.215164185, 79.9519119263, -128.670028687, -25.8954524994, -68.8707275391, 33.0212631226, -27.9503936768, -3.04814386368, 1.99704098701, 4.28573131561, 0.00897478032857], [-9855.69042969, -329.149871826, 1228.29443359, -128.670028687, 704.295471191, 96.2646942139, 422.336883545, -78.2473678589, 96.1426544189, -18.6910152435, -23.277677536, -33.0726013184, -36.7289085388], [-1416.79577637, -40.470905304, 161.878860474, -25.8954524994, 96.2646942139, 64.1465835571, 65.5911483765, -16.3659591675, 14.0226020813, -7.38080310822, -10.3926115036, -20.3643035889, -5.00784444809], [-6011.50341797, -236.133407593, 742.643859863, -68.8707275391, 422.336883545, 65.5911483765, 279.41027832, -49.5436630249, 57.0402946472, -12.5632629395, -14.6790332794, -21.833814621, -21.0123844147], [1536.76977539, 36.027759552, -219.887573242, 33.0212631226, -78.2473678589, -16.3659591675, -49.5436630249, 48.7816352844, -14.5979194641, -1.4952300787, 7.85208177567, 11.1258096695, -3.35853290558], [-1349.25366211, -40.5593566895, 158.870147705, -27.9503936768, 96.1426544189, 14.0226020813, 57.0402946472, -14.5979194641, 23.1208705902, 4.78154754639, -3.51256990433, -1.87697315216, -1.81953644753], [310.534454346, 0.613550126553, -50.5016174316, -3.04814386368, -18.6910152435, -7.38080310822, -12.5632629395, -1.4952300787, 4.78154754639, 13.8105478287, -1.55080521107, 6.63588428497, -0.961802303791], [390.877807617, 22.6355075836, -60.9873695374, 1.99704098701, -23.277677536, -10.3926115036, -14.6790332794, 7.85208177567, -3.51256990433, -1.55080521107, 18.0067825317, 10.4076318741, 1.72738146782], [609.246826172, 6.25845861435, -82.0983428955, 4.28573131561, -33.0726013184, -20.3643035889, -21.833814621, 11.1258096695, -1.87697315216, 6.63588428497, 10.4076318741, 21.9468097687, 2.74492478371], [340.555999756, 16.9266357422, -26.7335567474, 0.00897478032857, -36.7289085388, -5.00784444809, -21.0123844147, -3.35853290558, -1.81953644753, -0.961802303791, 1.72738146782, 2.74492478371, 15.926697731]],
        "icov": [[0.00166911596898, -0.00141861254815, 0.006153983064, -0.00334813445807, 0.00888903997838, 0.000490156409796, 0.00333367986605, -0.00223257695325, 0.00141046498902, 0.00432791374624, 0.0080016227439, -0.00917323213071, 0.00186538801063], [-0.00141861254815, 0.0148587096483, 0.000436932692537, 0.002094455529, -0.0201807003468, 0.00187760952394, 0.0185813065618, 0.0148977646604, -0.0161095950752, 0.0199527852237, -0.0148434545845, 0.0189254675061, -0.00530550070107], [0.006153983064, 0.000436932692537, 0.0374052636325, -0.0176062788814, 0.00421516690403, 0.00891279708594, 0.0228841118515, 0.0231380425394, 0.010114684701, 0.0422018319368, 0.0381150208414, -0.0297871101648, -0.0169594381005], [-0.00334813445807, 0.002094455529, -0.0176062788814, 0.0386365689337, -0.000335881690262, 0.00403859000653, -0.0205733124167, -0.0199493654072, 0.0174470208585, -0.0183924715966, -0.0128200417385, 0.02407807298, 0.00706054968759], [0.00888903997838, -0.0201807003468, 0.00421516690403, -0.000335881690262, 0.12892434001, -0.00467479694635, -0.0325153283775, -0.0709163323045, -0.0381117612123, 0.00479187909514, 0.0374848991632, -0.0640349015594, 0.0793503299356], [0.000490156409796, 0.00187760952394, 0.00891279708594, 0.00403859000653, -0.00467479694635, 0.0339953713119, -0.00465568387881, 0.0111066065729, -0.009710136801, 0.0263016708195, 0.0115507096052, 0.0190708059818, -0.00547043094411], [0.00333367986605, 0.0185813065618, 0.0228841118515, -0.0205733124167, -0.0325153283775, -0.00465568387881, 0.0859078466892, 0.0270373485982, -0.0227251891047, 0.0482349731028, 0.00160195573699, -0.00596121326089, -0.00884421635419], [-0.00223257695325, 0.0148977646604, 0.0231380425394, -0.0199493654072, -0.0709163323045, 0.0111066065729, 0.0270373485982, 0.111329078674, -0.0137839009985, 0.0823154076934, 0.0081085562706, -0.00447596050799, -0.02685915865], [0.00141046498902, -0.0161095950752, 0.010114684701, 0.0174470208585, -0.0381117612123, -0.009710136801, -0.0227251891047, -0.0137839009985, 0.291167140007, -0.182019233704, -0.000904027954675, 0.0105994017795, -0.099358998239], [0.00432791374624, 0.0199527852237, 0.0422018319368, -0.0183924715966, 0.00479187909514, 0.0263016708195, 0.0482349731028, 0.0823154076934, -0.182019233704, 0.316317826509, 0.0865453332663, -0.0863990411162, 0.0612275227904], [0.0080016227439, -0.0148434545845, 0.0381150208414, -0.0128200417385, 0.0374848991632, 0.0115507096052, 0.00160195573699, 0.0081085562706, -0.000904027954675, 0.0865453332663, 0.152662098408, -0.107980236411, 0.00973950140178], [-0.00917323213071, 0.0189254675061, -0.0297871101648, 0.02407807298, -0.0640349015594, 0.0190708059818, -0.00596121326089, -0.00447596050799, 0.0105994017795, -0.0863990411162, -0.107980236411, 0.180448576808, -0.0478570461273], [0.00186538801063, -0.00530550070107, -0.0169594381005, 0.00706054968759, 0.0793503299356, -0.00547043094411, -0.00884421635419, -0.02685915865, -0.099358998239, 0.0612275227904, 0.00973950140178, -0.0478570461273, 0.163545385003]]
    },
    "melbands": {
        "max": [0.000465150515083, 0.000657763739582, 0.000921069411561, 0.0113349696621, 0.105697616935, 0.123970977962, 0.0554959140718, 0.0297182910144, 0.0193753354251, 0.0199418701231, 0.0262540597469, 0.00814760383219, 0.0217146240175, 0.00816499162465, 0.0143883032724, 0.00723561225459, 0.00554203661159, 0.00713657494634, 0.00354913063347, 0.00255168508738, 0.00519675482064, 0.0147922458127, 0.0122188376263, 0.0129192071036, 0.016963686794, 0.00186659756582, 0.00118788680993, 0.00382924289443, 0.0065762065351, 0.00399892637506, 0.00195500510745, 0.00218258658424, 0.00081296422286, 0.00123685330618, 0.00194400397595, 0.000397197611164, 9.42746119108e-05, 0.000118487943837, 7.48424281483e-05, 7.41292678867e-05],
        "mean": [6.52984499538e-06, 3.06459264721e-06, 5.37923597221e-06, 0.000119149386592, 0.000989157357253, 0.00181987415999, 0.000281915185042, 0.000196562381461, 0.000152029009769, 0.000212807019125, 0.000119355929201, 5.04876988998e-05, 6.78156939102e-05, 5.71408454562e-05, 4.36391710537e-05, 2.94968358503e-05, 3.08471098833e-05, 3.48117500835e-05, 2.48044052569e-05, 1.50577279783e-05, 2.40558274527e-05, 6.71479283483e-05, 6.45844338578e-05, 8.85669869604e-05, 0.000101536854345, 1.34710235216e-05, 1.01646364783e-05, 2.62173689407e-05, 5.18342312716e-05, 3.30252005369e-05, 9.39581332204e-06, 7.14665111445e-06, 2.44992997978e-06, 3.80273354494e-06, 9.59224871622e-06, 3.10990094476e-06, 1.54969939103e-06, 1.08076449123e-06, 7.9037681644e-07, 7.08946913619e-07],
        "min": [5.09815411584e-25, 8.84658595829e-25, 8.46872257077e-25, 4.56921844155e-25, 5.99154451442e-25, 1.56215334465e-24, 1.36139603428e-24, 1.07656439381e-24, 1.86769228806e-24, 1.71153096098e-24, 1.66648798937e-24, 1.86003994285e-24, 1.44440944506e-24, 1.17460442154e-24, 1.68444502737e-24, 1.85080139557e-24, 2.47096143798e-24, 2.00678976489e-24, 2.08926162266e-24, 3.04034388443e-24, 2.98383087526e-24, 2.34943248515e-24, 1.73814180311e-24, 3.44304731857e-24, 3.72132628593e-24, 2.91574330445e-24, 3.70293912152e-24, 3.76432906602e-24, 3.6831296409e-24, 3.51851645808e-24, 4.21228964751e-24, 4.61358792316e-24, 4.74944949256e-24, 5.9295092817e-24, 4.93169647762e-24, 5.30699902543e-24, 5.00928646968e-24, 4.9537202908e-24, 5.53884011788e-24, 5.71637287017e-24],
        "stdev": [3.6610148527e-05, 2.984175444e-05, 5.14245330123e-05, 0.000897237390745, 0.00808364804834, 0.0129034835845, 0.00292274402454, 0.00187404011376, 0.00124499190133, 0.00155254697893, 0.00123495410662, 0.000469728431199, 0.000949234177824, 0.00057770148851, 0.000645383726805, 0.000349860783899, 0.000288710783934, 0.000341849168763, 0.000182570525794, 0.000128772007884, 0.000257139909081, 0.000778874033131, 0.000640287296847, 0.000727045349777, 0.00101336080115, 0.000108064654341, 8.46997936605e-05, 0.000242716705543, 0.000492573715746, 0.000286503636744, 9.42861151998e-05, 9.73821224761e-05, 3.53905488737e-05, 5.40662913409e-05, 9.68665044638e-05, 2.34034105233e-05, 9.00391296454e-06, 7.03485329723e-06, 5.1831248129e-06, 5.43901433048e-06]
    },
    "melbands128": {
        "max": [0.000336974830134, 0.000652571732644, 0.000579765590373, 0.000658073171508, 0.00065054721199, 0.000677061267197, 0.000642763392534, 0.000790956197307, 0.0023760558106, 0.00996390730143, 0.0264180861413, 0.0458583198488, 0.201575934887, 0.27631315589, 0.221936836839, 0.189120292664, 0.134328246117, 0.0106041328982, 0.0244036968797, 0.0489196255803, 0.0359312109649, 0.0231650769711, 0.0373786427081, 0.0241061933339, 0.0240761693567, 0.0428769700229, 0.0160971097648, 0.0443912893534, 0.0262941867113, 0.00716127920896, 0.0131181841716, 0.00600735470653, 0.0324092060328, 0.0290779322386, 0.0154561698437, 0.0126862498, 0.0241215992719, 0.0210455898196, 0.00823120586574, 0.0143240438774, 0.00540848262608, 0.00568718835711, 0.00879106204957, 0.00376278208569, 0.0159669369459, 0.00587984640151, 0.00411063199863, 0.00595393683761, 0.00110218569171, 0.00365699734539, 0.00332657550462, 0.00167515897192, 0.00321965874173, 0.0075403181836, 0.0165514666587, 0.0340362377465, 0.0115935709327, 0.00331537122838, 0.0131900971755, 0.0495863072574, 0.00453972537071, 0.00723977992311, 0.0439831614494, 0.0160511396825, 0.0039579430595, 0.0012755029602, 0.00223046704195, 0.00045375461923, 0.00131348904688, 0.00356978108175, 0.00238437554799, 0.00633350340649, 0.0100379372016, 0.00557928066701, 0.0177804939449, 0.00424942187965, 0.00146977091208, 0.000831040728372, 0.00174310186412, 0.00442309770733, 0.00202591810375, 0.00120382476598, 0.00184774643276, 0.00054556055693, 0.00036454203655, 0.000623293861281, 0.00135715107899, 0.00288713350892, 0.00228780251928, 0.00111540034413, 0.000636055134237, 0.000348588422639, 0.00017067664885, 9.80511176749e-05, 0.000123913021525, 0.000166975631146, 0.000108052714495, 8.66568952915e-05, 9.14445699891e-05, 6.81045785313e-05, 5.26562180312e-05, 0.000118334166473, 5.64975380257e-05, 2.42427431658e-05, 2.03872350539e-05, 3.42457824445e-05, 4.12490153394e-05, 3.18148013321e-05, 1.35730278998e-05, 5.54407370146e-06, 7.71967643232e-06, 1.01976356746e-05, 1.29344662128e-05, 1.08264875962e-05, 6.25648362984e-06, 5.8705295487e-06, 3.05285152535e-06, 5.12127098773e-06, 2.9260897918e-06, 1.96224232241e-06, 3.25923883793e-06, 2.41786710831e-06, 2.95420818475e-06, 3.51988182956e-06, 1.52105303641e-06, 1.35381105792e-06, 1.41186728797e-06, 1.91191770682e-06],
        "mean": [3.53300447387e-06, 8.16174542706e-06, 7.38421022106e-06, 4.27411760029e-06, 2.70007421932e-06, 2.11692326957e-06, 2.33658010984e-06, 3.13968530463e-06, 1.11308627311e-05, 6.88356230967e-05, 0.000224797026021, 0.000303217035253, 0.000788610836025, 0.0023488078732, 0.00253761792555, 0.00120332231745, 0.000447842699941, 7.36172441975e-05, 8.97370991879e-05, 0.000249630596954, 0.000223417722736, 0.000122950485093, 0.0001619324903, 0.000138191026053, 0.00022626054124, 0.000284038105747, 9.81131524895e-05, 0.000126685743453, 0.000105177357909, 4.72779393021e-05, 3.94956405216e-05, 3.23207859765e-05, 7.73324354668e-05, 9.04232874746e-05, 5.67866736674e-05, 4.60532974103e-05, 5.64057518204e-05, 4.95019266964e-05, 2.94367564493e-05, 3.56094024028e-05, 2.82166165562e-05, 2.30770110647e-05, 2.82937980955e-05, 3.16641890095e-05, 4.88331861561e-05, 2.99079038086e-05, 2.61058539763e-05, 3.34566175297e-05, 1.82348394446e-05, 1.71216761373e-05, 1.57899212354e-05, 1.18450152513e-05, 1.43358465721e-05, 2.99479888781e-05, 4.47443708254e-05, 0.000111311601358, 3.87847103411e-05, 2.2231201001e-05, 6.75558694638e-05, 0.000167236066773, 4.24184072472e-05, 6.21286162641e-05, 0.000187544632354, 8.42382723931e-05, 1.57779068104e-05, 1.32783834488e-05, 1.30769303723e-05, 4.19640173277e-06, 8.94072763913e-06, 1.99460300792e-05, 1.14651293188e-05, 3.97095063818e-05, 5.06283213326e-05, 3.41390405083e-05, 9.39426827244e-05, 2.65983617282e-05, 1.65061701409e-05, 9.33682895266e-06, 6.54272616885e-06, 1.26347749756e-05, 7.882549653e-06, 4.64619324703e-06, 4.42781083621e-06, 1.92603602045e-06, 1.29674208438e-06, 2.04227239919e-06, 4.042812634e-06, 8.58648400026e-06, 1.40156589623e-05, 6.48981722406e-06, 3.61065167453e-06, 2.31758986047e-06, 1.87214845937e-06, 1.51545680183e-06, 1.48336380335e-06, 1.05229219116e-06, 1.06913830678e-06, 9.26302732296e-07, 9.69252482719e-07, 5.85701172895e-07, 5.16201453138e-07, 9.23330219393e-07, 6.91692719101e-07, 2.93804930607e-07, 1.74349409576e-07, 1.54373466899e-07, 1.5972537426e-07, 1.28354287199e-07, 7.23934832081e-08, 4.4224250928e-08, 4.04085795935e-08, 5.21477865334e-08, 7.13946519681e-08, 6.11934538597e-08, 3.81226534785e-08, 2.96202209427e-08, 1.96892209203e-08, 1.77825487668e-08, 1.27612009848e-08, 1.29081803024e-08, 1.75535390667e-08, 1.32107356166e-08, 1.26816042112e-08, 1.20921619384e-08, 9.29967747254e-09, 9.95664262149e-09, 8.82108697198e-09, 1.03584678612e-08],
        "min": [1.84939179358e-26, 2.32682905642e-25, 1.55297943467e-25, 2.20985774747e-25, 3.58215968515e-25, 2.97210396486e-25, 4.12780787076e-25, 9.84554985834e-26, 1.61785560203e-25, 1.68366730913e-25, 1.58093691167e-25, 1.68060122866e-25, 2.29717059809e-25, 1.53699292191e-25, 4.02509004578e-25, 2.05248726919e-25, 5.49659444704e-25, 2.20602881385e-25, 2.44481553075e-25, 3.61778267148e-25, 4.93464346475e-25, 1.40418177902e-25, 5.14600296708e-25, 3.38620860845e-25, 6.82296200029e-25, 3.50050962324e-25, 2.10874254272e-25, 5.25218167277e-25, 7.61852279979e-25, 6.35715541297e-25, 3.80650087976e-25, 2.83554573267e-25, 1.14249896599e-24, 1.11348880342e-24, 8.09181419798e-25, 5.62536612905e-25, 8.28197947298e-25, 2.18061541327e-25, 1.06099839321e-24, 5.83256340404e-25, 7.21346836293e-25, 1.14498387784e-24, 7.29549313378e-25, 7.22462088398e-25, 4.98947965146e-25, 7.7640922887e-25, 6.56786213291e-25, 3.86795117213e-25, 1.06446366196e-24, 7.85365166727e-25, 1.55192270618e-24, 1.35103957249e-24, 1.4299656977e-24, 1.37787918428e-24, 6.9004582165e-25, 1.47807526748e-24, 1.75936433083e-24, 1.43396837794e-24, 8.1716237488e-25, 1.38565695838e-24, 1.61015750289e-24, 1.31334306527e-24, 1.97913940131e-24, 1.66393701042e-24, 1.73172126421e-24, 2.01913622692e-24, 1.71784165101e-24, 8.35341970263e-25, 1.65645072043e-24, 2.03108490584e-24, 2.32396450526e-24, 2.69970704024e-24, 2.33410965093e-24, 2.28205469195e-24, 1.24616998147e-24, 2.07879718554e-24, 2.98426159331e-24, 2.70811826964e-24, 2.02468606061e-24, 2.7419063655e-24, 2.19118245162e-24, 3.30327437959e-24, 2.62528393029e-24, 2.37725245384e-24, 2.72954945107e-24, 3.35730011033e-24, 3.21891556653e-24, 3.31383229673e-24, 2.94619254653e-24, 2.6437487975e-24, 3.41689815728e-24, 3.33841951342e-24, 2.86664815159e-24, 2.38874142406e-24, 3.33574054179e-24, 2.71642379168e-24, 3.81745687584e-24, 3.20213393128e-24, 4.00861207267e-24, 4.24599806842e-24, 3.47000348456e-24, 4.26374152233e-24, 3.54243787617e-24, 4.11954169316e-24, 3.88704979047e-24, 4.42740176117e-24, 3.8677203317e-24, 4.49476338273e-24, 4.38730356693e-24, 3.59974507106e-24, 3.92017129886e-24, 4.12683747324e-24, 3.52829241685e-24, 4.33989381539e-24, 3.43679480704e-24, 4.28024449247e-24, 3.81663606606e-24, 4.5873484373e-24, 4.6968805907e-24, 5.28821348627e-24, 4.9616353267e-24, 4.00898835932e-24, 4.2515362664e-24, 4.442522647e-24, 5.48248902241e-24, 4.06914768081e-24, 4.71441065773e-24, 5.6539692394e-24],
        "stdev": [2.26343236136e-05, 4.49748476967e-05, 4.15485446865e-05, 3.26654080709e-05, 2.96747402899e-05, 2.93290322588e-05, 2.8087550163e-05, 3.50324989995e-05, 0.000125767604914, 0.00060661660973, 0.00189341045916, 0.00259888055734, 0.0101986424997, 0.0212721060961, 0.0202294308692, 0.0117121776566, 0.00644071958959, 0.00067670707358, 0.00107465707697, 0.00276915961877, 0.00209436193109, 0.00119433377404, 0.00194332806859, 0.00128755089827, 0.00181544397492, 0.00278191827238, 0.000901399180293, 0.00193175824825, 0.00144998007454, 0.00044542530668, 0.000569092226215, 0.000347393244738, 0.00138613616582, 0.00129943236243, 0.000787472468801, 0.000624054402579, 0.00103802676313, 0.000909409485757, 0.000395615003072, 0.00062404689379, 0.000330475188093, 0.000256395898759, 0.000381772144465, 0.000263328023721, 0.000707219762262, 0.000295899255434, 0.000225224997848, 0.000289699004497, 0.000108629901661, 0.000185069889994, 0.000158335999004, 9.51054898906e-05, 0.000146347592818, 0.00037585030077, 0.000712652807124, 0.00161348818801, 0.000526911811903, 0.000204929892789, 0.000761268893257, 0.00227425363846, 0.000312162126647, 0.000492050836328, 0.00216427491978, 0.000911132956389, 0.000175790730282, 9.96571252472e-05, 0.000127002247609, 3.26940062223e-05, 7.58905662224e-05, 0.000203128773137, 0.000116293696919, 0.000395939685404, 0.000573722471017, 0.000337434437824, 0.00109437014908, 0.000238885651925, 0.00012701311789, 6.96311399224e-05, 7.79698675615e-05, 0.000195354528842, 9.58808595897e-05, 5.73516590521e-05, 7.92048376752e-05, 2.44360235229e-05, 1.62264987011e-05, 2.73258574452e-05, 5.94959456066e-05, 0.000126419196022, 0.000134614339913, 5.74838813918e-05, 3.14959215757e-05, 1.89290767594e-05, 1.26870763779e-05, 8.88577415026e-06, 9.38618268265e-06, 8.3766235548e-06, 7.38543803891e-06, 6.17725345364e-06, 6.76839226799e-06, 4.23678739025e-06, 4.04206230087e-06, 8.18769149191e-06, 5.04087574882e-06, 2.07619609682e-06, 1.49976619923e-06, 1.70622877249e-06, 1.97070789909e-06, 1.57323518124e-06, 7.75725823132e-07, 3.94573930862e-07, 4.16670872028e-07, 5.96747383952e-07, 8.23308539566e-07, 6.83392556766e-07, 4.26223351724e-07, 3.34827944926e-07, 2.10591878158e-07, 2.37730787944e-07, 1.4873447185e-07, 1.33973102834e-07, 1.93214034994e-07, 1.42538922887e-07, 1.49608609945e-07, 1.63113782037e-07, 9.84597647857e-08, 1.03912924487e-07, 9.34679889042e-08, 1.13720659556e-07]
    },
    "mfcc": {
        "mean": [-1201.6796875, 7.33562707901, -3.10297989845, 0.681021988392, -1.25220274925, -2.73812675476, -2.30205559731, -0.564006090164, -1.19774389267, -0.250797480345, 0.196505606174, 0.64293384552, -1.05028569698],
        "cov": [[39168.6132812, 4137.88525391, -1838.08911133, 360.790008545, -851.859558105, -1658.64819336, -1338.65905762, -319.558441162, -681.186645508, -135.018295288, 15.8930835724, 392.546447754, -659.068908691], [4137.88525391, 619.090881348, -214.307144165, 2.11152386665, -63.0581588745, -184.443771362, -175.240722656, -47.2119255066, -94.6407241821, -20.3026409149, 17.080368042, 39.5882492065, -76.5932388306], [-1838.08911133, -214.307144165, 204.200302124, -8.2029466629, 37.7327156067, 76.1210708618, 53.1447944641, -19.7843894958, 29.680021286, -10.3957452774, -38.1646118164, -13.3584871292, 17.194568634], [360.790008545, 2.11152386665, -8.2029466629, 64.5284118652, -7.44038009644, -34.289932251, -5.6277794838, 2.83082127571, -5.60885334015, -12.8205337524, 9.15562915802, 6.01683473587, -5.9564576149], [-851.859558105, -63.0581588745, 37.7327156067, -7.44038009644, 42.3110198975, 27.921339035, 30.1223640442, 16.9825515747, 16.7282772064, 0.25858387351, 9.05419540405, -8.55861759186, 8.56360435486], [-1658.64819336, -184.443771362, 76.1210708618, -34.289932251, 27.921339035, 104.566246033, 60.4337348938, 10.3323411942, 33.9980545044, 16.6242618561, -4.01885080338, -20.0022163391, 31.4349021912], [-1338.65905762, -175.240722656, 53.1447944641, -5.6277794838, 30.1223640442, 60.4337348938, 68.7680130005, 30.9781780243, 25.7249107361, 9.48750114441, 2.52514958382, -14.2255563736, 19.599067688], [-319.558441162, -47.2119255066, -19.7843894958, 2.83082127571, 16.9825515747, 10.3323411942, 30.9781780243, 37.6649398804, 6.60407924652, 5.30309438705, 17.740114212, -4.09496831894, 4.46461391449], [-681.186645508, -94.6407241821, 29.680021286, -5.60885334015, 16.7282772064, 33.9980545044, 25.7249107361, 6.60407924652, 31.2796459198, 8.53476142883, -2.49326658249, -7.92867088318, 12.2974300385], [-135.018295288, -20.3026409149, -10.3957452774, -12.8205337524, 0.25858387351, 16.6242618561, 9.48750114441, 5.30309438705, 8.53476142883, 14.2561664581, 1.38201439381, -4.98309469223, 3.15292334557], [15.8930835724, 17.080368042, -38.1646118164, 9.15562915802, 9.05419540405, -4.01885080338, 2.52514958382, 17.740114212, -2.49326658249, 1.38201439381, 24.6847953796, -1.04072153568, 2.41771030426], [392.546447754, 39.5882492065, -13.3584871292, 6.01683473587, -8.55861759186, -20.0022163391, -14.2255563736, -4.09496831894, -7.92867088318, -4.98309469223, -1.04072153568, 8.13409900665, -5.52251577377], [-659.068908691, -76.5932388306, 17.194568634, -5.9564576149, 8.56360435486, 31.4349021912, 19.599067688, 4.46461391449, 12.2974300385, 3.15292334557, 2.41771030426, -5.52251577377, 21.8345165253]],
        "icov": [[0.000524078030139, -0.000658686098177, 0.00165629631374, -0.00171624310315, 0.00275092828088, -0.000273301790003, 0.0048470646143, -0.00318527431227, 0.000103679652966, -0.00170224776957, 0.00336180813611, -0.00561006646603, 0.00574730103835], [-0.000658686098177, 0.021305968985, 0.0111576858908, 0.00425872718915, -0.0271460283548, -0.00670413766056, 0.0317483618855, 0.00574889266863, 0.0255713518709, -0.000562558241654, 0.00312655768357, -0.00318520446308, 0.0223846603185], [0.00165629631374, 0.0111576858908, 0.0438947230577, -0.0143939703703, -0.0329524464905, -0.0237563755363, 0.0251759812236, 0.0111287068576, 0.0207653343678, 0.0219351705164, 0.0574756190181, -0.0227562636137, 0.0459106713533], [-0.00171624310315, 0.00425872718915, -0.0143939703703, 0.0450830683112, 0.0185848828405, 0.0269585065544, -0.0394056737423, 0.0276460666209, -0.0189330819994, 0.0311317369342, -0.0607335269451, 0.0210725720972, -0.0113912979141], [0.00275092828088, -0.0271460283548, -0.0329524464905, 0.0185848828405, 0.12939094007, 0.0287912748754, -0.0351811461151, -0.0251860450953, -0.0667812973261, 0.0259860530496, -0.0703937411308, 0.0114156436175, 0.00790277309716], [-0.000273301790003, -0.00670413766056, -0.0237563755363, 0.0269585065544, 0.0287912748754, 0.0690018460155, -0.0556018352509, 0.0284518506378, -0.023086708039, -0.0197030305862, -0.0516699291766, 0.0341993644834, -0.0420272871852], [0.0048470646143, 0.0317483618855, 0.0251759812236, -0.0394056737423, -0.0351811461151, -0.0556018352509, 0.243695899844, -0.140011712909, 0.0579838715494, -0.0474511757493, 0.106716133654, -0.0381378978491, 0.0835641920567], [-0.00318527431227, 0.00574889266863, 0.0111287068576, 0.0276460666209, -0.0251860450953, 0.0284518506378, -0.140011712909, 0.170723184943, -0.0066351336427, 0.0217785015702, -0.0907179638743, -0.00155648600776, -0.00727372895926], [0.000103679652966, 0.0255713518709, 0.0207653343678, -0.0189330819994, -0.0667812973261, -0.023086708039, 0.0579838715494, -0.0066351336427, 0.111750341952, -0.0539512969553, 0.0530745238066, -0.0177919864655, 0.0145273255184], [-0.00170224776957, -0.000562558241654, 0.0219351705164, 0.0311317369342, 0.0259860530496, -0.0197030305862, -0.0474511757493, 0.0217785015702, -0.0539512969553, 0.203404456377, -0.0146834338084, 0.087812282145, 0.0190279334784], [0.00336180813611, 0.00312655768357, 0.0574756190181, -0.0607335269451, -0.0703937411308, -0.0516699291766, 0.106716133654, -0.0907179638743, 0.0530745238066, -0.0146834338084, 0.222955644131, -0.0138644427061, 0.0194034650922], [-0.00561006646603, -0.00318520446308, -0.0227562636137, 0.0210725720972, 0.0114156436175, 0.0341993644834, -0.0381378978491, -0.00155648600776, -0.0177919864655, 0.087812282145, -0.0138644427061, 0.361311793327, -0.0857440233231], [0.00574730103835, 0.0223846603185, 0.0459106713533, -0.0113912979141, 0.00790277309716, -0.0420272871852, 0.0835641920567, -0.00727372895926, 0.0145273255184, 0.0190279334784, 0.0194034650922, -0.0857440233231, 0.207661092281]]
    },
    "spectral_contrast_coeffs": {
        "max": [-0.238060712814, -0.421835482121, -0.428975939751, -0.594885885715, -0.439460009336, -0.56042355299],
        "mean": [-0.927443444729, -0.934579432011, -0.939440250397, -0.943408846855, -0.93506103754, -0.93895816803],
        "min": [-0.987680912018, -0.982804954052, -0.978086948395, -0.972982883453, -0.971309125423, -0.966530144215],
        "stdev": [0.121313199401, 0.0977826192975, 0.0743389502168, 0.0572887919843, 0.0836262404919, 0.0663997530937]
    },
    "spectral_contrast_valleys": {
        "max": [-5.86925029755, -4.60129928589, -5.63008928299, -5.39663696289, -3.75780487061, -7.2438044548],
        "mean": [-25.3296375275, -25.1296787262, -25.2387771606, -25.219121933, -25.2200660706, -25.4835662842],
        "min": [-28.1253299713, -27.9703292847, -27.8507328033, -27.7400722504, -27.6248645782, -27.4390487671],
        "stdev": [5.63861989975, 6.20808267593, 5.98339319229, 6.01699304581, 6.06136226654, 5.28628969193]
    }
},
"rhythm": {
    "beats_count": 29,
    "beats_loudness": {
        "max": 1.05793726444,
        "mean": 0.0475704185665,
        "min": 0,
        "stdev": 0.199103266001
    },
    "bpm": 132.029190063,
    "bpm_histogram_first_peak_bpm": 133,
    "bpm_histogram_first_peak_weight": 0.461538434029,
    "bpm_histogram_second_peak_bpm": 157,
    "bpm_histogram_second_peak_spread": 0,
    "bpm_histogram_second_peak_weight": 0.25,
    "danceability": 2.08075118065,
    "onset_rate": 0.470242828131,
    "beats_loudness_band_ratio": {
        "max": [0.00608355272561, 0.459262400866, 0.566348135471, 0.487396359444, 0.491542696953, 0.396784901619],
        "mean": [0.000312881573336, 0.02775083296, 0.0337434858084, 0.0194407440722, 0.0452959984541, 0.0226510483772],
        "min": [0, 0, 0, 0, 0, 0],
        "stdev": [0.00113561504986, 0.0996373146772, 0.11044626683, 0.0890154540539, 0.130857586861, 0.0800019651651]
    },
    "beats_position": [0.441179126501, 0.893968224525, 1.34675729275, 1.79954648018, 2.26394557953, 2.72834467888, 3.1811337471, 3.62231278419, 4.06349182129, 4.51628112793, 4.96907043457, 5.42185926437, 5.94430828094, 6.43192720413, 6.91954612732, 7.41877555847, 7.89478445053, 8.35918331146, 8.82358264923, 9.2067117691, 9.58984088898, 9.97297000885, 10.3560991287, 10.7392292023, 11.1223583221, 11.505487442, 11.8537864685, 12.1904764175, 12.538775444],
    "bpm_histogram": [0, 0, 0, 0, 0, 0, 0, 0, 0, 0, 0, 0, 0, 0, 0, 0, 0, 0, 0, 0, 0, 0, 0, 0, 0, 0, 0, 0, 0, 0, 0, 0, 0, 0, 0, 0, 0, 0, 0, 0, 0, 0, 0, 0, 0, 0, 0, 0, 0, 0, 0, 0, 0, 0, 0, 0, 0, 0, 0, 0, 0, 0, 0, 0, 0, 0, 0, 0, 0, 0, 0, 0, 0, 0, 0, 0, 0, 0, 0, 0, 0, 0, 0, 0, 0, 0, 0, 0, 0, 0, 0, 0, 0, 0, 0, 0, 0, 0, 0, 0, 0, 0, 0, 0, 0, 0, 0, 0, 0, 0, 0, 0, 0, 0, 0, 0.0357142873108, 0, 0, 0, 0, 0.0357142873108, 0, 0, 0.0714285746217, 0, 0, 0.0357142873108, 0, 0, 0.142857149243, 0, 0, 0, 0.25, 0, 0, 0.0714285746217, 0, 0, 0, 0, 0, 0, 0, 0, 0, 0, 0, 0, 0, 0, 0, 0, 0, 0, 0, 0, 0.25, 0, 0, 0, 0, 0, 0, 0, 0, 0, 0, 0, 0, 0, 0, 0.0714285746217, 0, 0, 0, 0, 0, 0.0357142873108, 0, 0, 0, 0, 0, 0, 0, 0, 0, 0, 0, 0, 0, 0, 0, 0, 0, 0, 0, 0, 0, 0, 0, 0, 0, 0, 0, 0, 0, 0, 0, 0, 0, 0, 0, 0, 0, 0, 0, 0, 0, 0, 0, 0, 0, 0, 0, 0, 0, 0, 0, 0, 0, 0, 0, 0, 0, 0, 0, 0, 0, 0, 0, 0, 0, 0, 0, 0, 0, 0, 0]
},
"tonal": {
    "chords_changes_rate": 0.0144927538931,
    "chords_number_rate": 0.0108695654199,
    "chords_strength": {
        "max": 0.619346857071,
