{
"metadata": {
    "version": {
        "essentia": "2.1-beta5",
        "essentia_git_sha": "Undefined",
        "extractor": "music 2.0"
    },
    "audio_properties": {
        "analysis": {
            "equal_loudness": 0,
            "length": 12.7477550507,
            "sample_rate": 44100,
            "start_time": 0,
            "downmix": "mix"
        },
        "bit_rate": 192000,
        "length": 233.615966797,
        "lossless": 0,
        "number_channels": 2,
        "replay_gain": 0.7044506073,
        "sample_rate": 44100,
        "codec": "mp3",
        "md5_encoded": "d7877190f1826943c9fc0c4fc7e648fb"
    },
    "tags": {
        "file_name": "Spain_Él_Lucía.mp3",
        "encoding": ["Lavf58.29.100"]
    }
},
"lowlevel": {
    "average_loudness": 0.937504291534,
    "barkbands_crest": {
        "max": 24.7301540375,
        "mean": 8.5653963089,
        "min": 3.08900308609,
        "stdev": 4.28034257889
    },
    "barkbands_flatness_db": {
        "max": 0.355481892824,
        "mean": 0.154832035303,
        "min": 0.0660912618041,
        "stdev": 0.0688470304012
    },
    "barkbands_kurtosis": {
        "max": 47.6482276917,
        "mean": 2.26465344429,
        "min": -1.54654848576,
        "stdev": 5.03220462799
    },
    "barkbands_skewness": {
        "max": 6.39942979813,
        "mean": 0.857995927334,
        "min": -4.50638103485,
        "stdev": 1.1536976099
    },
    "barkbands_spread": {
        "max": 47.4504928589,
        "mean": 14.3589839935,
        "min": 1.23231482506,
        "stdev": 7.34118938446
    },
    "dissonance": {
        "max": 0.499983131886,
        "mean": 0.466241121292,
        "min": 0.282131493092,
        "stdev": 0.0347389578819
    },
    "dynamic_complexity": 5.55519294739,
    "erbbands_crest": {
        "max": 29.6721935272,
        "mean": 9.00596141815,
        "min": 3.2244207859,
        "stdev": 3.8117389679
    },
    "erbbands_flatness_db": {
        "max": 0.423300683498,
        "mean": 0.232516124845,
        "min": 0.104873277247,
        "stdev": 0.0618529506028
    },
    "erbbands_kurtosis": {
        "max": 23.3759460449,
        "mean": 0.73056691885,
        "min": -1.7903636694,
        "stdev": 2.36294293404
    },
    "erbbands_skewness": {
        "max": 3.58531546593,
        "mean": 0.391360372305,
        "min": -4.41131067276,
        "stdev": 0.814299881458
    },
    "erbbands_spread": {
        "max": 56.558807373,
        "mean": 21.7852993011,
        "min": 1.8906109333,
        "stdev": 9.61072635651
    },
    "hfc": {
        "max": 94.6964035034,
        "mean": 7.99165821075,
        "min": 1.21986071939e-16,
        "stdev": 13.331363678
    },
    "loudness_ebu128": {
        "integrated": -28.5757408142,
        "loudness_range": 2.61565208435,
        "momentary": {
            "max": -23.0700283051,
            "mean": -31.1317882538,
            "min": -39.887298584,
            "stdev": 4.86171150208
        },
        "short_term": {
            "max": -26.9288425446,
            "mean": -28.6881904602,
            "min": -30.5006256104,
            "stdev": 0.88925331831
        }
    },
    "melbands_crest": {
        "max": 31.8906764984,
        "mean": 10.5870819092,
        "min": 2.12786364555,
        "stdev": 5.46106815338
    },
    "melbands_flatness_db": {
        "max": 0.432317405939,
        "mean": 0.176969394088,
        "min": 0.00819513853639,
        "stdev": 0.0837660059333
    },
    "melbands_kurtosis": {
        "max": 69.4387359619,
        "mean": 4.77867889404,
        "min": -1.5939899683,
        "stdev": 7.90502405167
    },
    "melbands_skewness": {
        "max": 7.13056707382,
        "mean": 1.40791654587,
        "min": -3.47367501259,
        "stdev": 1.27050411701
    },
    "melbands_spread": {
        "max": 140.16859436,
        "mean": 23.4948043823,
        "min": 1.51997077465,
        "stdev": 15.2229146957
    },
    "pitch_salience": {
        "max": 0.931635499001,
        "mean": 0.683333158493,
        "min": 0.170459121466,
        "stdev": 0.119925059378
    },
    "silence_rate_20dB": {
        "max": 1,
        "mean": 1,
        "min": 1,
        "stdev": 0
    },
    "silence_rate_30dB": {
        "max": 1,
        "mean": 1,
        "min": 1,
        "stdev": 0
    },
    "silence_rate_60dB": {
        "max": 1,
        "mean": 0.576363623142,
        "min": 0,
        "stdev": 0.494133323431
    },
    "spectral_centroid": {
        "max": 11360.3603516,
        "mean": 1468.04223633,
        "min": 467.74005127,
        "stdev": 722.070983887
    },
    "spectral_complexity": {
        "max": 33,
        "mean": 9.77272701263,
        "min": 0,
        "stdev": 6.34988975525
    },
    "spectral_decrease": {
        "max": 5.2764913335e-29,
        "mean": -2.33465913269e-09,
        "min": -2.08039274696e-08,
        "stdev": 4.02974187352e-09
    },
    "spectral_energy": {
        "max": 0.0818496495485,
        "mean": 0.00953640416265,
        "min": 1.08653477335e-20,
        "stdev": 0.0162396486849
    },
    "spectral_energyband_high": {
        "max": 0.000288727198495,
        "mean": 3.90400200558e-05,
        "min": 7.92111628093e-21,
        "stdev": 3.8397123717e-05
    },
    "spectral_energyband_low": {
        "max": 0.000306116358843,
        "mean": 2.70504024229e-05,
        "min": 8.97044721783e-23,
        "stdev": 2.79430441879e-05
    },
    "spectral_energyband_middle_high": {
        "max": 0.0459224022925,
        "mean": 0.002691173926,
        "min": 1.50325647119e-21,
        "stdev": 0.00530083710328
    },
    "spectral_energyband_middle_low": {
        "max": 0.0793753638864,
        "mean": 0.00684954691678,
        "min": 2.40179039828e-22,
        "stdev": 0.013453874737
    },
    "spectral_entropy": {
        "max": 9.81182003021,
        "mean": 7.29986000061,
        "min": 5.65491485596,
        "stdev": 0.516968250275
    },
    "spectral_flux": {
        "max": 0.223469406366,
        "mean": 0.0541255138814,
        "min": 1.04236980158e-10,
        "stdev": 0.0485023632646
    },
    "spectral_kurtosis": {
        "max": 69.2053985596,
        "mean": 10.6714324951,
        "min": -1.22264373302,
        "stdev": 10.0541658401
    },
    "spectral_rms": {
        "max": 0.00893606804311,
        "mean": 0.00231091561727,
        "min": 3.25581618957e-12,
        "stdev": 0.00199084752239
    },
    "spectral_rolloff": {
        "max": 19272.2167969,
        "mean": 1857.06335449,
        "min": 366.064453125,
        "stdev": 1429.76489258
    },
    "spectral_skewness": {
        "max": 5.77264928818,
        "mean": 2.12842702866,
        "min": -0.0233656577766,
        "stdev": 0.815342307091
    },
    "spectral_spread": {
        "max": 40130888,
        "mean": 2990666.5,
        "min": 669445.6875,
        "stdev": 1917680
    },
    "spectral_strongpeak": {
        "max": 9.20367431641,
        "mean": 0.781890332699,
        "min": 0,
        "stdev": 0.92936527729
    },
    "zerocrossingrate": {
        "max": 0.49755859375,
        "mean": 0.0650585964322,
        "min": 0.01806640625,
        "stdev": 0.0350503958762
    },
    "barkbands": {
        "max": [7.56381341489e-05, 0.000177051013452, 0.000120692362543, 0.000237874715822, 0.00154991017189, 0.0565985590219, 0.0704689323902, 0.0363563746214, 0.0221129711717, 0.013379487209, 0.0124519765377, 0.0133360112086, 0.0110681531951, 0.020971801132, 0.0107715949416, 0.0114199714735, 0.0214132554829, 0.0143808079883, 0.00557348039001, 0.00018009696214, 6.89223379595e-05, 4.92074577778e-05, 5.15276515216e-05, 3.53301547875e-05, 2.74254380201e-05, 2.28309659178e-06, 7.99386583594e-08],
        "mean": [6.95389962857e-06, 1.0747561646e-05, 6.85983650328e-06, 1.30548314701e-05, 9.6812051197e-05, 0.00156670459546, 0.00230032810941, 0.00175657158252, 0.000967137515545, 0.000429001753218, 0.000276985636447, 0.000255485909292, 0.000308998132823, 0.000435086840298, 0.000292065204121, 0.000335730204824, 0.000243102200329, 0.000108784304757, 7.33821798349e-05, 2.34655126405e-05, 9.61368914432e-06, 7.14972020432e-06, 5.11217058374e-06, 4.34005414718e-06, 2.69069118985e-06, 2.51514137517e-07, 7.19693693529e-10],
        "min": [7.04494696598e-25, 4.19450564615e-23, 2.73788218881e-23, 2.19671635031e-23, 8.35013370253e-24, 1.28537350884e-23, 6.44932538866e-23, 9.08416167509e-24, 9.30035200384e-23, 8.13272868576e-23, 3.95001777233e-23, 1.71447596018e-22, 2.0118434524e-22, 1.03394414815e-22, 1.24784226798e-22, 1.15354183537e-22, 1.2935564419e-22, 2.9635810367e-22, 1.27483443759e-22, 2.51270424155e-22, 4.72280648857e-22, 4.90316407288e-22, 1.07466735688e-21, 8.09970722071e-22, 1.23037108153e-21, 1.24369573739e-21, 2.63460599585e-21],
        "stdev": [9.34350919124e-06, 1.50819287228e-05, 1.03810407381e-05, 2.24737232202e-05, 0.000122951081721, 0.0052558039315, 0.00657540140674, 0.00527020450681, 0.00275368825532, 0.00123159633949, 0.00106623361353, 0.0009527739021, 0.000952414353378, 0.00144911953248, 0.000980460317805, 0.00123932072893, 0.00107887177728, 0.00069592311047, 0.00037170026917, 2.69446627499e-05, 9.78813022812e-06, 7.51420657252e-06, 6.52458311379e-06, 5.04331046614e-06, 3.52414326699e-06, 3.25760936448e-07, 3.45315886996e-09]
    },
    "erbbands": {
        "max": [0.00415923958644, 0.0488538555801, 0.15983594954, 0.349643975496, 1.4888625145, 3.46036338806, 84.3139724731, 637.924865723, 1255.86499023, 550.129577637, 858.233764648, 572.145935059, 381.406097412, 656.163513184, 407.777038574, 554.702819824, 486.462097168, 633.762695312, 730.858947754, 848.461975098, 748.112792969, 1253.66918945, 1004.03173828, 325.646484375, 101.05519104, 8.78950405121, 2.75593400002, 3.09715056419, 2.92378020287, 1.85410249233, 1.57231891155, 0.857248187065, 0.910031616688, 0.453433513641, 0.201250970364, 0.0254853498191, 0.002205936471, 0.000218150918954, 3.96974137402e-05, 9.18527730391e-05],
        "mean": [0.00033516579424, 0.00241096387617, 0.00800941511989, 0.0273746084422, 0.118350856006, 0.39292216301, 3.03841114044, 17.1487483978, 32.5768890381, 32.8980140686, 38.1909675598, 22.4429683685, 15.1421718597, 13.5639848709, 8.7627658844, 11.3140420914, 14.3055791855, 20.4609642029, 18.5775871277, 15.9462623596, 18.5542583466, 13.8315162659, 8.06930541992, 4.44341135025, 2.15552544594, 0.960524320602, 0.514969229698, 0.33510273695, 0.287261873484, 0.193807601929, 0.138064697385, 0.0889698863029, 0.0711840167642, 0.040529627353, 0.0150312092155, 0.00279373116791, 0.000227913857088, 1.68630012922e-05, 5.76140610065e-06, 1.13537762445e-05],
        "min": [5.37401936999e-22, 1.17245775558e-20, 3.91980471268e-20, 6.24121213856e-20, 2.97027504024e-20, 2.66230148102e-20, 8.29805424658e-20, 1.35142403259e-19, 7.35389827544e-19, 7.37305319349e-19, 5.79224228351e-19, 1.9547454539e-18, 2.62869726863e-18, 2.00960696726e-18, 2.63729270917e-18, 6.26515736293e-18, 1.02279253196e-17, 5.05841334578e-18, 7.05470663429e-18, 6.58088434453e-18, 6.45397539982e-18, 8.83051286257e-18, 1.48649898186e-17, 8.41516397031e-18, 8.28290854371e-18, 1.25735100975e-17, 1.68489428131e-17, 1.9437182678e-17, 1.67686583172e-17, 2.90611875683e-17, 2.64066938451e-17, 2.13468316925e-17, 1.23737567329e-17, 1.17275657199e-17, 9.97236869657e-18, 4.41644467623e-18, 2.48584379723e-18, 1.30958055847e-18, 3.73479542892e-19, 4.00056403609e-20],
        "stdev": [0.00040387219633, 0.00368365063332, 0.0119004398584, 0.0381580814719, 0.14862960577, 0.428485691547, 8.89401245117, 59.2796936035, 107.965179443, 84.374710083, 112.447410583, 63.4260292053, 37.8891677856, 48.1036491394, 30.5545730591, 42.0672302246, 41.5567588806, 60.7515945435, 61.3702774048, 61.7750320435, 66.8985137939, 63.1932220459, 51.9226112366, 21.6301078796, 7.72596693039, 1.15004503727, 0.502471804619, 0.369411796331, 0.304493248463, 0.22315210104, 0.181469202042, 0.101859554648, 0.0928109660745, 0.0502540916204, 0.0202848799527, 0.00373923778534, 0.000253034202615, 1.50012338054e-05, 8.41139990371e-06, 1.88209633052e-05]
    },
    "gfcc": {
        "mean": [-124.471733093, 93.0765228271, -177.314025879, 0.00576731935143, -77.000831604, 1.56933653355, -51.2807540894, 8.11212253571, -13.2252149582, 4.71923208237, -5.76292419434, -3.29931211472, -0.577688515186],
        "cov": [[7174.02246094, 934.286682129, -799.552307129, -295.489898682, -394.766174316, -175.916778564, -312.097686768, 16.9141540527, 183.785217285, -4.18096446991, 90.3877639771, -133.719451904, 121.554603577], [934.286682129, 1055.0880127, 5.91307258606, -527.220336914, -65.2311248779, -506.057098389, 18.0319766998, -157.39982605, 213.399780273, -10.6663684845, 114.59211731, -67.530670166, 16.3678264618], [-799.552307129, 5.91307258606, 280.330322266, 65.7993087769, -79.7412261963, -56.3355407715, 11.8298244476, -42.6689491272, -44.0633354187, 7.9632101059, 1.45361578465, 10.6500864029, -1.60830771923], [-295.489898682, -527.220336914, 65.7993087769, 717.090515137, 76.3999252319, 202.122848511, -103.43460083, 42.8962593079, -281.236053467, -75.5247497559, -114.924461365, 45.369682312, -34.2701683044], [-394.766174316, -65.2311248779, -79.7412261963, 76.3999252319, 336.082183838, 18.5203876495, -22.0881175995, 10.6005020142, 17.2801017761, -24.4477577209, -16.1564750671, 26.0816917419, -31.1939506531], [-175.916778564, -506.057098389, -56.3355407715, 202.122848511, 18.5203876495, 449.41217041, 61.2078781128, 94.0798492432, -127.481216431, 25.202911377, -82.6351470947, 1.7751096487, -31.5110454559], [-312.097686768, 18.0319766998, 11.8298244476, -103.43460083, -22.0881175995, 61.2078781128, 144.202102661, 30.7316322327, -6.55696725845, -8.35011672974, -4.63011407852, -26.0864448547, -33.0948066711], [16.9141540527, -157.39982605, -42.6689491272, 42.8962593079, 10.6005020142, 94.0798492432, 30.7316322327, 109.023498535, 3.80809426308, -9.61711883545, -24.7591438293, 5.88090085983, -9.91060447693], [183.785217285, 213.399780273, -44.0633354187, -281.236053467, 17.2801017761, -127.481216431, -6.55696725845, 3.80809426308, 213.521011353, 57.5571937561, 58.9288978577, -11.6696815491, 31.3570804596], [-4.18096446991, -10.6663684845, 7.9632101059, -75.5247497559, -24.4477577209, 25.202911377, -8.35011672974, -9.61711883545, 57.5571937561, 87.5559921265, 33.6464729309, -8.06640434265, 2.75765132904], [90.3877639771, 114.59211731, 1.45361578465, -114.924461365, -16.1564750671, -82.6351470947, -4.63011407852, -24.7591438293, 58.9288978577, 33.6464729309, 82.1390457153, 10.0053243637, 6.19843959808], [-133.719451904, -67.530670166, 10.6500864029, 45.369682312, 26.0816917419, 1.7751096487, -26.0864448547, 5.88090085983, -11.6696815491, -8.06640434265, 10.0053243637, 88.0501022339, 37.8189125061], [121.554603577, 16.3678264618, -1.60830771923, -34.2701683044, -31.1939506531, -31.5110454559, -33.0948066711, -9.91060447693, 31.3570804596, 2.75765132904, 6.19843959808, 37.8189125061, 74.3923797607]],
        "icov": [[0.000673743023071, -0.00141336896922, 0.00190455839038, -0.000498987443279, 0.00115533766802, -0.00109993747901, 0.00201312080026, -0.00123723468278, 0.000234272709349, 0.000256819301285, -0.000958047865424, 0.000766467070207, -0.000647397828288], [-0.00141336896922, 0.00668932218105, -0.00341153633781, 0.00256289797835, -0.00205070408992, 0.00528361275792, -0.00499188294634, 0.00548439333215, -0.00101058115251, 0.000916084332857, 0.00239935400896, -0.00058920372976, 0.00232416624203], [0.00190455839038, -0.00341153633781, 0.0107167605311, -0.00272511458024, 0.00468836026266, -0.000939098361414, 0.00275239814073, -0.000885203306098, 0.000465742341476, -0.00174828304444, -0.00105925870594, 0.000299640640151, -0.000905986467842], [-0.000498987443279, 0.00256289797835, -0.00272511458024, 0.00690733222291, -0.00209066155367, 0.0017041831743, 0.00386077305302, -0.00176751741674, 0.00666324933991, 4.86040989927e-05, 0.00278250616975, -0.000404662598157, 0.00186523632146], [0.00115533766802, -0.00205070408992, 0.00468836026266, -0.00209066155367, 0.00672522140667, -0.0022056393791, 0.00313892401755, 0.000634066062048, -0.00382341118529, 0.00279345270246, -0.000363370811101, -0.00217129010707, 0.00371043430641], [-0.00109993747901, 0.00528361275792, -0.000939098361414, 0.0017041831743, -0.0022056393791, 0.0105125717819, -0.00676262378693, 0.000590780866332, 0.0040064365603, -0.00728059140965, 0.00637613330036, -0.00110698514618, 0.000610417162534], [0.00201312080026, -0.00499188294634, 0.00275239814073, 0.00386077305302, 0.00313892401755, -0.00676262378693, 0.0213485844433, -0.00897743925452, 0.00494220806286, 0.00485619390383, -0.00374045968056, 0.0033925245516, 0.00272380397655], [-0.00123723468278, 0.00548439333215, -0.000885203306098, -0.00176751741674, 0.000634066062048, 0.000590780866332, -0.00897743925452, 0.0222156587988, -0.0111488997936, 0.00593886291608, 0.00387418363243, -0.00502358656377, 0.00617373222485], [0.000234272709349, -0.00101058115251, 0.000465742341476, 0.00666324933991, -0.00382341118529, 0.0040064365603, 0.00494220806286, -0.0111488997936, 0.0217976402491, -0.0108780162409, -0.000509548583068, 0.00442183669657, -0.00726378988475], [0.000256819301285, 0.000916084332857, -0.00174828304444, 4.86040989927e-05, 0.00279345270246, -0.00728059140965, 0.00485619390383, 0.00593886291608, -0.0108780162409, 0.0267686899751, -0.00987945497036, 0.00218010158278, 0.00371014559641], [-0.000958047865424, 0.00239935400896, -0.00105925870594, 0.00278250616975, -0.000363370811101, 0.00637613330036, -0.00374045968056, 0.00387418363243, -0.000509548583068, -0.00987945497036, 0.0261106155813, -0.00914844870567, 0.00675320485607], [0.000766467070207, -0.00058920372976, 0.000299640640151, -0.000404662598157, -0.00217129010707, -0.00110698514618, 0.0033925245516, -0.00502358656377, 0.00442183669657, 0.00218010158278, -0.00914844870567, 0.022224932909, -0.0143229626119], [-0.000647397828288, 0.00232416624203, -0.000905986467842, 0.00186523632146, 0.00371043430641, 0.000610417162534, 0.00272380397655, 0.00617373222485, -0.00726378988475, 0.00371014559641, 0.00675320485607, -0.0143229626119, 0.0283198915422]]
    },
    "melbands": {
        "max": [4.07202714996e-05, 7.53425774747e-05, 9.66026855167e-05, 0.000114300077257, 0.00226901075803, 0.0123975826427, 0.0166952516884, 0.00693912757561, 0.0067007956095, 0.00338115822524, 0.00207868800499, 0.0026591278147, 0.00176144693978, 0.00141224614345, 0.0011817185441, 0.00131887057796, 0.00150416896213, 0.00156689225696, 0.000772346742451, 0.0011082009878, 0.000878532649949, 0.00105362106115, 0.00131538091227, 0.000779199239332, 0.000277824263321, 0.000166813537362, 9.37108143262e-06, 6.4748855948e-06, 2.2235653887e-06, 3.13310533784e-06, 1.65335859492e-06, 1.87846910649e-06, 9.3728522188e-07, 1.24079804209e-06, 1.18625916912e-06, 7.1388797096e-07, 5.10041957114e-07, 6.84682675001e-07, 4.31410825286e-07, 3.61251352388e-07],
        "mean": [3.45354374076e-06, 3.92969786844e-06, 6.92920684742e-06, 1.63066561072e-05, 8.70683506946e-05, 0.000382900965633, 0.000487181649078, 0.000360779464245, 0.000298851984553, 0.000128767467686, 7.33422129997e-05, 5.5107728258e-05, 3.31467890646e-05, 2.56855528278e-05, 3.10099349008e-05, 3.29119829985e-05, 3.92662768718e-05, 3.20861472574e-05, 2.08973524423e-05, 2.21007594519e-05, 2.13170387724e-05, 1.46597049024e-05, 1.00595570984e-05, 4.23704841523e-06, 3.68214000446e-06, 2.3663783395e-06, 8.67347125677e-07, 5.75114086132e-07, 3.36389121003e-07, 2.99007950844e-07, 1.42768556088e-07, 1.89162065567e-07, 1.0062917255e-07, 1.04190220895e-07, 8.55550936762e-08, 6.47069455795e-08, 5.09710424978e-08, 5.17310319026e-08, 4.39417640052e-08, 3.15081294389e-08],
        "min": [8.29057075988e-24, 1.90294896683e-23, 8.68459337141e-24, 1.58130826794e-24, 2.5275708854e-24, 3.10860106033e-24, 1.17186360321e-23, 6.48811667704e-24, 7.3547655784e-24, 1.18515843382e-23, 1.31100975277e-23, 8.40980945229e-24, 7.47520965027e-24, 1.3606228717e-23, 2.18694930567e-23, 2.10204120877e-23, 7.57974397541e-24, 1.22696979729e-23, 8.10532097579e-24, 8.98159161361e-24, 7.45975428742e-24, 8.7501382463e-24, 1.22682843342e-23, 1.28717842259e-23, 6.13525051666e-24, 4.88522625942e-24, 7.39421966772e-24, 8.34634874791e-24, 8.83287003373e-24, 1.33950916735e-23, 1.06465488184e-23, 9.02071517021e-24, 1.03037919105e-23, 1.83446637392e-23, 1.42305427038e-23, 1.62827643487e-23, 1.18889376909e-23, 8.72426439747e-24, 8.80996624621e-24, 9.45300384652e-24],
        "stdev": [4.09261929235e-06, 5.42061570741e-06, 9.52998834691e-06, 1.57917565957e-05, 0.000260210508713, 0.00126199249644, 0.0014973746147, 0.000975957023911, 0.000879952393007, 0.00036197740701, 0.000185911267181, 0.000196778695681, 0.000128123137983, 9.47124717641e-05, 0.000103412930912, 0.000105036669993, 0.000124753220007, 0.000114242022391, 6.52290182188e-05, 8.96832862054e-05, 7.91565034888e-05, 5.68701398151e-05, 6.60916120978e-05, 3.43280589732e-05, 1.79674316314e-05, 1.20442728075e-05, 1.14901195047e-06, 8.00364944098e-07, 3.52229335476e-07, 3.78800763201e-07, 1.72087382566e-07, 2.12495919527e-07, 1.18442954999e-07, 1.31779714252e-07, 1.26399058331e-07, 8.44966976388e-08, 6.0509513844e-08, 6.93957744602e-08, 5.84108050816e-08, 4.06817299847e-08]
    },
    "melbands128": {
        "max": [3.71678470401e-05, 2.8276554076e-05, 6.80896046106e-05, 9.62986814557e-05, 0.000101397723483, 4.56914713141e-05, 8.23444788693e-05, 0.000151863932842, 0.000193231302546, 0.000118315030704, 0.000124356505694, 0.000702947436366, 0.00244623259641, 0.00782014895231, 0.0195026062429, 0.0279658399522, 0.0339686907828, 0.0271993614733, 0.00959447771311, 0.00968504603952, 0.01328325551, 0.0131954401731, 0.0121426684782, 0.00795992463827, 0.00613823812455, 0.0033291769214, 0.00214996049181, 0.00230269622989, 0.00421661091968, 0.00288983923383, 0.00312330154702, 0.00280153239146, 0.002970877802, 0.0016057837056, 0.00115828786511, 0.00115373951849, 0.00261022243649, 0.00121949589811, 0.001248201821, 0.00217263447121, 0.00200252886862, 0.00258899619803, 0.00232917559333, 0.00289632985368, 0.00367435649969, 0.00128674111329, 0.00125873100478, 0.000390147935832, 0.00162854953669, 0.00198779045604, 0.00131038110703, 0.0010908653494, 0.00173496431671, 0.000834762060549, 0.000550981843844, 0.000355923868483, 0.0033062286675, 0.00154532445595, 0.000835858983919, 0.00203891890123, 0.000774710439146, 3.05449211737e-05, 0.000189274505829, 0.000330591195961, 0.000580354069825, 0.000234564635321, 1.85997414519e-05, 1.47400733113e-05, 1.30086218633e-05, 1.56379883265e-05, 3.2818679756e-06, 1.75036966539e-05, 5.10343716087e-06, 2.07481070902e-06, 2.29269198826e-06, 7.34016066417e-06, 6.85226405039e-06, 5.70455404159e-06, 1.65346307313e-06, 1.07650544123e-06, 3.23017911796e-06, 5.24660208612e-06, 2.65777771347e-06, 7.59420743179e-07, 2.79673486148e-06, 1.18060245313e-06, 3.10972882289e-06, 1.15474165341e-06, 2.09955874197e-06, 7.4042606002e-07, 1.04022194591e-06, 1.34422805331e-06, 7.03419175352e-07, 6.74758837249e-07, 1.42948840676e-06, 1.11900794764e-06, 1.13123030587e-06, 9.61194018601e-07, 9.82690607998e-07, 4.83995165723e-07, 6.10037545812e-07, 5.7183615354e-07, 3.34245157774e-07, 3.24855022882e-07, 3.05296680381e-07, 1.99821599267e-07, 1.63325466929e-07, 7.32753235866e-08, 4.91674860825e-08, 2.34325003845e-08, 2.45376394759e-08, 7.13320069679e-09, 1.2492423096e-08, 8.52171577748e-09, 2.78625167383e-09, 2.0021004854e-09, 4.05856098729e-10, 3.9147701747e-10, 3.68951841301e-10, 3.61446594876e-10, 3.35256128414e-10, 3.27746413342e-10, 3.29061222715e-10, 3.13686826514e-10, 3.05824199298e-10, 3.15424880659e-10, 3.04979541621e-10, 2.9932534229e-10],
        "mean": [4.00784801968e-06, 2.93664606943e-06, 3.33242974193e-06, 4.20647711508e-06, 4.15912381868e-06, 3.18672778121e-06, 4.7515368351e-06, 7.1588310675e-06, 1.12317993626e-05, 1.61046918947e-05, 1.95228694793e-05, 2.39474920818e-05, 6.42514787614e-05, 0.000204107127502, 0.000383692793548, 0.000451004889328, 0.00057378411293, 0.000502221228089, 0.000373758084606, 0.000359428027878, 0.000359747587936, 0.000349539768649, 0.000324614113197, 0.000210735204746, 0.000131081615109, 0.000105798855657, 8.24015660328e-05, 7.14745619916e-05, 6.54825489619e-05, 5.15453248227e-05, 5.69038711546e-05, 5.16789295943e-05, 3.08392300212e-05, 1.99959795282e-05, 2.22935486818e-05, 2.55819613812e-05, 3.49791043845e-05, 3.25199471263e-05, 2.7193038477e-05, 3.11158946715e-05, 3.55781048711e-05, 3.20511171594e-05, 3.78868608095e-05, 4.56707821286e-05, 3.97203439206e-05, 3.02005119011e-05, 2.28602311836e-05, 1.84997024917e-05, 2.20172187255e-05, 2.04904099519e-05, 2.24674586207e-05, 2.21135560423e-05, 2.57360479736e-05, 1.94918866327e-05, 1.50274690895e-05, 1.36243879751e-05, 1.62677824846e-05, 9.29719408305e-06, 8.35568152979e-06, 1.03229021988e-05, 2.70291093329e-06, 8.08551419595e-07, 3.77152969122e-06, 4.04588718084e-06, 4.8263550525e-06, 2.50475545727e-06, 7.77880302394e-07, 9.10129813292e-07, 9.66994207374e-07, 6.39924280676e-07, 3.48530591054e-07, 9.10940912036e-07, 3.97417096565e-07, 1.65224449233e-07, 2.39337623498e-07, 4.22756585294e-07, 2.60510290673e-07, 2.08711853134e-07, 1.06880236217e-07, 7.51828395096e-08, 2.44345898182e-07, 2.23184173365e-07, 9.08092729901e-08, 6.24950473593e-08, 1.52148615484e-07, 9.55098755639e-08, 1.04935203638e-07, 7.78491298092e-08, 1.16557941965e-07, 4.71864289864e-08, 7.35482146297e-08, 7.3551611024e-08, 4.47195134257e-08, 4.02993514115e-08, 6.43810835754e-08, 6.22726261668e-08, 3.9824385567e-08, 4.77902588614e-08, 5.74389424912e-08, 2.98095699236e-08, 3.64145407161e-08, 3.39855468212e-08, 2.38327970692e-08, 2.07607477876e-08, 1.85895085991e-08, 1.14356693004e-08, 1.05133164396e-08, 4.76314809816e-09, 4.81750062065e-09, 1.79124137745e-09, 1.6706668271e-09, 4.74167427544e-10, 2.70928696144e-10, 2.14564102596e-10, 2.45173659152e-10, 1.58432780784e-10, 8.04553385719e-12, 3.02476663508e-12, 2.9618835596e-12, 2.96367292686e-12, 2.89575828594e-12, 2.86482664848e-12, 2.83865205647e-12, 2.71965739859e-12, 2.72696362019e-12, 2.74407883569e-12, 2.75025857123e-12, 2.71043929488e-12],
        "min": [5.11570183364e-25, 2.24119938845e-24, 9.58617224479e-24, 2.32818049348e-23, 2.4649618747e-23, 9.73209573504e-24, 1.57103510987e-23, 5.84706306191e-24, 2.88118449149e-24, 8.52589230665e-25, 1.26896125771e-24, 2.11246636062e-24, 3.3762994308e-24, 2.42853354027e-24, 3.24592872773e-24, 1.15070469713e-24, 9.0061567422e-24, 1.54480106715e-23, 1.28029782e-23, 9.23943947795e-24, 2.38169827668e-24, 5.69776827597e-25, 3.69261529885e-24, 2.02155657051e-23, 1.66138476929e-23, 3.64891871559e-24, 1.32368856189e-23, 1.56289059434e-23, 1.27857755103e-23, 8.68067509929e-24, 5.22583943778e-24, 9.98394983422e-24, 5.94862732573e-24, 5.10342715795e-24, 1.75603308956e-23, 1.15896422858e-23, 1.35137773744e-23, 3.11224275781e-23, 1.63094736012e-23, 2.78867441814e-23, 2.36314785751e-23, 8.04144611943e-24, 4.66559594492e-24, 1.01073119026e-23, 1.02159664482e-23, 1.62569654417e-23, 8.57237159675e-24, 6.75711035711e-24, 8.69403524758e-24, 9.20424208208e-24, 9.75646128182e-24, 9.11536033503e-24, 2.86438076813e-24, 1.11954003709e-23, 8.08542590376e-24, 9.91453717431e-24, 7.98449746182e-24, 4.5114300415e-24, 2.08581623321e-23, 1.40723224497e-23, 1.08684333029e-23, 1.49820999545e-23, 5.61772581397e-24, 4.41881619351e-24, 4.29467315285e-24, 3.99714282397e-24, 4.94134030219e-24, 8.81321871972e-24, 5.46029402641e-24, 1.06023292204e-23, 7.91374768268e-24, 8.35787321687e-24, 6.67062438063e-24, 8.42427873901e-24, 1.15309502456e-23, 1.43604933384e-23, 1.45866155837e-23, 1.0459139922e-23, 9.68907047241e-24, 1.16332923262e-23, 7.85958843723e-24, 1.02895072173e-23, 7.3423560075e-24, 9.25470314761e-24, 8.91063278633e-24, 2.8433604649e-23, 1.46621300827e-23, 1.46963934673e-23, 1.49208985478e-23, 1.13440430647e-23, 2.15895452541e-23, 1.36499079454e-23, 1.47649044592e-23, 1.15500706562e-23, 1.19283633813e-23, 9.10797107493e-24, 8.17280013762e-24, 7.65392056632e-24, 4.79379057518e-24, 1.30814082343e-23, 1.32146342194e-23, 7.83373588764e-24, 6.14881695208e-24, 6.66373762493e-24, 1.56151371651e-23, 1.31659638681e-23, 1.0710740008e-23, 1.1360363808e-23, 6.80781281407e-24, 3.82405569731e-24, 4.4159652502e-24, 7.25195806979e-24, 1.10210084683e-23, 5.98610886835e-24, 1.03172806431e-23, 8.13239073775e-24, 8.83455661835e-24, 1.78045622318e-23, 6.45499398535e-24, 1.19540068827e-23, 1.1733734041e-23, 1.49373794298e-23, 8.98337443926e-24, 1.03309539692e-23, 1.47421679102e-23, 1.043307438e-23, 1.38594278241e-23, 1.296854906e-23],
        "stdev": [4.6024420044e-06, 3.45767534782e-06, 5.17671969646e-06, 6.83228790876e-06, 6.9137599894e-06, 4.62654088551e-06, 7.14061525287e-06, 1.38656059789e-05, 1.76221637957e-05, 1.84201853699e-05, 2.12914947042e-05, 4.97767723573e-05, 0.000189365557162, 0.000796839711256, 0.0016646651784, 0.00188895780593, 0.00237384531647, 0.00195375923067, 0.00108173454646, 0.00111022451892, 0.00138568144757, 0.00123538146727, 0.00120296969544, 0.000742282194551, 0.00047262076987, 0.000325594679452, 0.000227213808103, 0.000192780003999, 0.000239528468228, 0.000202226045076, 0.000223105147597, 0.000238413238549, 0.000160673676874, 7.64948927099e-05, 8.9023495093e-05, 9.27665241761e-05, 0.000185786746442, 0.000107098741864, 0.00010061309149, 0.00013178861991, 0.000131014719955, 0.000139620547998, 0.000138763090945, 0.000183279771591, 0.000199372210773, 0.000119152871775, 9.19006488402e-05, 3.71311616618e-05, 9.89472755464e-05, 0.000111167901196, 9.77533054538e-05, 8.76126869116e-05, 0.000121245422633, 6.69988730806e-05, 4.4196662202e-05, 3.74084011128e-05, 0.000147486687638, 7.36733418307e-05, 4.77288085676e-05, 8.9837849373e-05, 3.32398376486e-05, 2.01700345315e-06, 1.3102916455e-05, 2.16725620703e-05, 3.42103921867e-05, 1.32581590151e-05, 1.49930895077e-06, 1.43369049965e-06, 1.66113375144e-06, 1.43417935305e-06, 4.66705586177e-07, 1.83285135336e-06, 5.76484126213e-07, 2.47329552394e-07, 3.48857128074e-07, 7.63967477724e-07, 5.3832559388e-07, 4.33923617038e-07, 1.53139382064e-07, 1.26668581402e-07, 3.51543405941e-07, 3.39836020657e-07, 2.29719844924e-07, 9.3209727936e-08, 2.5284231242e-07, 1.3760856632e-07, 2.41272203994e-07, 1.26622182961e-07, 2.34907091112e-07, 8.98536711702e-08, 1.17558073498e-07, 1.23916763073e-07, 7.26323179379e-08, 6.10523329669e-08, 1.22594215668e-07, 1.10505155249e-07, 8.17162515432e-08, 9.13197268915e-08, 9.94703839297e-08, 5.79368730769e-08, 5.56889538927e-08, 5.7768740902e-08, 3.73592570213e-08, 3.50540716454e-08, 3.02798355278e-08, 2.08129868895e-08, 1.770570357e-08, 8.40923242151e-09, 7.60873497541e-09, 2.93477664393e-09, 2.52570342418e-09, 6.9924260826e-10, 6.96989022053e-10, 4.54343923595e-10, 2.87578932889e-10, 1.84984083607e-10, 2.25806717075e-11, 1.68558916824e-11, 1.5896917463e-11, 1.55649885342e-11, 1.44583112843e-11, 1.41314087168e-11, 1.41823601474e-11, 1.35337401008e-11, 1.31963563341e-11, 1.35940338847e-11, 1.3153695147e-11, 1.29091711279e-11]
    },
    "mfcc": {
        "mean": [-744.958496094, 125.078094482, -45.0164871216, -10.1315832138, -11.3094205856, -15.2549715042, -19.2850341797, -9.85110664368, -4.66800737381, 0.213028728962, -1.15269947052, 1.97113144398, 2.51574993134],
        "cov": [[3706.48901367, 399.60168457, -233.256164551, -244.509765625, -38.6789321899, -203.950317383, -238.239730835, -106.955223083, 18.8178272247, 79.6197433472, 34.2519569397, 19.5296020508, 11.8205785751], [399.60168457, 1522.01098633, -176.134353638, -205.084960938, -265.91204834, -318.140686035, -335.471069336, -206.588775635, -66.840675354, 64.750579834, 64.2063217163, 57.0126495361, 61.1808242798], [-233.256164551, -176.134353638, 389.977630615, 77.5955657959, -140.225341797, -3.79273176193, 48.2727241516, -51.6745681763, -36.2285995483, -25.370464325, -61.6039047241, -17.2043151855, -4.638048172], [-244.509765625, -205.084960938, 77.5955657959, 418.369720459, 147.924377441, -11.4297609329, 36.2471542358, 17.5063533783, -71.6132049561, -89.5937805176, -85.7705612183, -58.3449134827, -39.2959365845], [-38.6789321899, -265.91204834, -140.225341797, 147.924377441, 288.317718506, 85.2931442261, 14.3653421402, 51.8813743591, 7.2628569603, -38.5135421753, -6.48194265366, -19.2454681396, -13.0276765823], [-203.950317383, -318.140686035, -3.79273176193, -11.4297609329, 85.2931442261, 199.080596924, 129.716110229, 44.4046058655, 20.8761901855, -6.19643640518, 1.353053689, -14.8759841919, -23.4670276642], [-238.239730835, -335.471069336, 48.2727241516, 36.2471542358, 14.3653421402, 129.716110229, 219.490997314, 96.0365753174, -0.258186995983, -14.0650453568, -0.835121154785, -27.3629589081, -44.011505127], [-106.955223083, -206.588775635, -51.6745681763, 17.5063533783, 51.8813743591, 44.4046058655, 96.0365753174, 146.111816406, 45.919960022, -18.3756198883, -6.53679466248, -12.1566009521, -14.1214504242], [18.8178272247, -66.840675354, -36.2285995483, -71.6132049561, 7.2628569603, 20.8761901855, -0.258186995983, 45.919960022, 89.0969848633, 26.3644371033, 4.35993003845, 2.1459338665, -0.405348241329], [79.6197433472, 64.750579834, -25.370464325, -89.5937805176, -38.5135421753, -6.19643640518, -14.0650453568, -18.3756198883, 26.3644371033, 91.5056304932, 50.1684188843, 6.20443487167, -7.37557125092], [34.2519569397, 64.2063217163, -61.6039047241, -85.7705612183, -6.48194265366, 1.353053689, -0.835121154785, -6.53679466248, 4.35993003845, 50.1684188843, 99.2421722412, 31.8361625671, -3.61038208008], [19.5296020508, 57.0126495361, -17.2043151855, -58.3449134827, -19.2454681396, -14.8759841919, -27.3629589081, -12.1566009521, 2.1459338665, 6.20443487167, 31.8361625671, 68.4094238281, 26.284954071], [11.8205785751, 61.1808242798, -4.638048172, -39.2959365845, -13.0276765823, -23.4670276642, -44.011505127, -14.1214504242, -0.405348241329, -7.37557125092, -3.61038208008, 26.284954071, 62.1383895874]],
        "icov": [[0.000331007293426, 0.000105324768811, 0.000225182520808, 0.000340182741638, -0.000104176913737, 0.000476600223919, 0.00010341466259, 0.000242040769081, 0.000160601586686, -9.55350114964e-05, 0.00028677858063, 6.66236373945e-05, 0.000329859176418], [0.000105324768811, 0.001932435669, 0.00169602734968, 0.000134447196615, 0.00203820969909, 0.00102844333742, 0.00164151424542, 0.000990123371594, 0.00122427183669, 0.000309583818307, -0.000266187853413, 0.000462350231828, 0.000326003500959], [0.000225182520808, 0.00169602734968, 0.00637897197157, -0.0017064998392, 0.00498719932511, 0.000225695548579, -0.000339147722116, 0.00354481069371, -0.000105029510451, 0.000632861163467, 0.0015182379866, 3.86267420254e-05, -0.000473264954053], [0.000340182741638, 0.000134447196615, -0.0017064998392, 0.00717618968338, -0.0050911558792, 0.00409511383623, -0.00129359995481, -0.000151458909386, 0.00410494627431, 0.00116474926472, 0.00353349372745, 0.00111883156933, 0.00363928149454], [-0.000104176913737, 0.00203820969909, 0.00498719932511, -0.0050911558792, 0.0123112071306, -0.00595078244805, 0.00611361535266, -0.00128122547176, 5.31028090336e-05, 0.00211593951099, -0.00326715968549, 0.00132648507133, -0.000961038691457], [0.000476600223919, 0.00102844333742, 0.000225695548579, 0.00409511383623, -0.00595078244805, 0.0154113387689, -0.010046241805, 0.00661188364029, -0.00287942960858, 0.000878861756064, 0.00227672653273, 9.48975502979e-05, 0.000640609592665], [0.00010341466259, 0.00164151424542, -0.000339147722116, -0.00129359995481, 0.00611361535266, -0.010046241805, 0.0192020237446, -0.0113913109526, 0.00807143375278, -0.000443055061623, -0.00301970145665, 0.00185326405335, 0.00506079709157], [0.000242040769081, 0.000990123371594, 0.00354481069371, -0.000151458909386, -0.00128122547176, 0.00661188364029, -0.0113913109526, 0.019572544843, -0.0110376793891, 0.0049244640395, 0.000154626046424, 0.000425775069743, -0.00190254522022], [0.000160601586686, 0.00122427183669, -0.000105029510451, 0.00410494627431, 5.31028090336e-05, -0.00287942960858, 0.00807143375278, -0.0110376793891, 0.0237432345748, -0.00748216779903, 0.00508510833606, -0.000643585051876, 0.00331877055578], [-9.55350114964e-05, 0.000309583818307, 0.000632861163467, 0.00116474926472, 0.00211593951099, 0.000878861756064, -0.000443055061623, 0.0049244640395, -0.00748216779903, 0.0216756667942, -0.0104017332196, 0.00475194351748, 0.0019875576254], [0.00028677858063, -0.000266187853413, 0.0015182379866, 0.00353349372745, -0.00326715968549, 0.00227672653273, -0.00301970145665, 0.000154626046424, 0.00508510833606, -0.0104017332196, 0.0220937728882, -0.00936082750559, 0.00466851703823], [6.66236373945e-05, 0.000462350231828, 3.86267420254e-05, 0.00111883156933, 0.00132648507133, 9.48975502979e-05, 0.00185326405335, 0.000425775069743, -0.000643585051876, 0.00475194351748, -0.00936082750559, 0.0233707651496, -0.00790417287499], [0.000329859176418, 0.000326003500959, -0.000473264954053, 0.00363928149454, -0.000961038691457, 0.000640609592665, 0.00506079709157, -0.00190254522022, 0.00331877055578, 0.0019875576254, 0.00466851703823, -0.00790417287499, 0.0250403974205]]
    },
    "spectral_contrast_coeffs": {
        "max": [-0.453773111105, -0.471621453762, -0.571728825569, -0.564661860466, -0.455482542515, -0.60885065794],
        "mean": [-0.713056743145, -0.788356482983, -0.798429965973, -0.808438241482, -0.752387166023, -0.739789545536],
        "min": [-0.955745637417, -0.95172983408, -0.963843107224, -0.962294995785, -0.958375692368, -0.962699055672],
        "stdev": [0.0793546959758, 0.0827534198761, 0.053352072835, 0.0466651804745, 0.0662110224366, 0.062893293798]
    },
    "spectral_contrast_valleys": {
        "max": [-7.51785755157, -4.38967466354, -4.83087539673, -5.24124717712, -7.46759462357, -9.95358467102],
        "mean": [-8.94582176208, -6.97816610336, -7.72356891632, -7.8439116478, -8.93999958038, -12.3809137344],
        "min": [-27.7628288269, -27.8424720764, -27.1264400482, -27.2022037506, -27.2790164948, -27.1857852936],
        "stdev": [1.1034142971, 1.36763679981, 1.20822679996, 1.21494579315, 1.04583752155, 1.27555525303]
    }
},
"rhythm": {
    "beats_count": 24,
    "beats_loudness": {
        "max": 0.0585613884032,
        "mean": 0.0180598050356,
        "min": 0.00063651939854,
        "stdev": 0.0218004416674
    },
    "bpm": 120.029197693,
    "bpm_histogram_first_peak_bpm": 120,
    "bpm_histogram_first_peak_weight": 0.466666638851,
    "bpm_histogram_second_peak_bpm": 105,
    "bpm_histogram_second_peak_spread": 0,
    "bpm_histogram_second_peak_weight": 0.173913046718,
    "danceability": 1.29833543301,
    "onset_rate": 4.23218536377,
    "beats_loudness_band_ratio": {
        "max": [0.0782241597772, 0.873991429806, 0.899657487869, 0.664198219776, 0.5817669034, 0.317972898483],
        "mean": [0.0181986074895, 0.163637012243, 0.36819088459, 0.251616567373, 0.190409168601, 0.0449812375009],
        "min": [0.000716454931535, 0.0210455432534, 0.0340754799545, 0.00357159553096, 0.00256925914437, 0.000263669528067],
        "stdev": [0.0210966225713, 0.223134234548, 0.286956548691, 0.162279739976, 0.166525512934, 0.0658411607146]
    },
    "beats_position": [0.557278871536, 1.1261677742, 1.69505667686, 2.26394557953, 2.83283448219, 3.34367346764, 3.85451245308, 4.37696123123, 4.8994102478, 5.41024923325, 5.90947818756, 6.420317173, 6.94276618958, 7.4303855896, 7.92961454391, 8.4172334671, 8.91646194458, 9.4040813446, 9.90331077576, 10.4025392532, 10.9017686844, 11.3777770996, 11.8770065308, 12.3762359619],
