{
"metadata": {
    "version": {
        "essentia": "2.1-beta5",
        "essentia_git_sha": "Undefined",
        "extractor": "music 2.0"
    },
    "audio_properties": {
        "analysis": {
            "equal_loudness": 0,
            "length": 25.7625389099,
            "sample_rate": 44100,
            "start_time": 191.483352661,
            "downmix": "mix"
        },
        "bit_rate": 192000,
        "length": 217.269119263,
        "lossless": 0,
        "number_channels": 2,
        "replay_gain": -0.78818321228,
        "sample_rate": 48000,
        "codec": "mp3",
        "md5_encoded": "d262a00b4d30d6834acc2f507ba84087"
    },
    "tags": {
        "file_name": "Israel_Hora_Avi Toledano.mp3",
        "encoding": ["Lavf58.29.100"]
    }
},
"lowlevel": {
    "average_loudness": 0.513526976109,
    "barkbands_crest": {
        "max": 20.9863109589,
        "mean": 6.60001325607,
        "min": 2.6050183773,
        "stdev": 2.63031816483
    },
    "barkbands_flatness_db": {
        "max": 0.25796315074,
        "mean": 0.115164339542,
        "min": 0.0564965084195,
        "stdev": 0.0375869087875
    },
    "barkbands_kurtosis": {
        "max": 27.6197795868,
        "mean": 1.37234282494,
        "min": -1.45788061619,
        "stdev": 2.35179233551
    },
    "barkbands_skewness": {
        "max": 3.45889854431,
        "mean": -0.42824652791,
        "min": -4.82991266251,
        "stdev": 1.21988797188
    },
    "barkbands_spread": {
        "max": 108.194900513,
        "mean": 22.4098529816,
        "min": 2.51289486885,
        "stdev": 11.4757738113
    },
    "dissonance": {
        "max": 0.500000059605,
        "mean": 0.484430700541,
        "min": 0.327404409647,
        "stdev": 0.0203253980726
    },
    "dynamic_complexity": 3.96572828293,
    "erbbands_crest": {
        "max": 20.0274753571,
        "mean": 6.0446805954,
        "min": 2.6175558567,
        "stdev": 3.30575227737
    },
    "erbbands_flatness_db": {
        "max": 0.331928521395,
        "mean": 0.175978392363,
        "min": 0.0809761658311,
        "stdev": 0.0647393018007
    },
    "erbbands_kurtosis": {
        "max": 9.93433570862,
        "mean": 0.0961779877543,
        "min": -1.49797427654,
        "stdev": 0.976737201214
    },
    "erbbands_skewness": {
        "max": 2.60011148453,
        "mean": -0.0290385186672,
        "min": -1.28874087334,
        "stdev": 0.637142062187
    },
    "erbbands_spread": {
        "max": 53.7898445129,
        "mean": 28.8930435181,
        "min": 5.6609916687,
        "stdev": 8.28964328766
    },
    "hfc": {
        "max": 101.983589172,
        "mean": 18.7919025421,
        "min": 1.07855524205e-16,
        "stdev": 21.5790405273
    },
    "loudness_ebu128": {
        "integrated": -21.8293895721,
        "loudness_range": 8.19967842102,
        "momentary": {
            "max": -19.3846073151,
            "mean": -128.729934692,
            "min": -300.691009521,
            "stdev": 133.008010864
        },
        "short_term": {
            "max": -20.5561294556,
            "mean": -110.260421753,
            "min": -300.691009521,
            "stdev": 125.935325623
        }
    },
    "melbands_crest": {
        "max": 26.8796825409,
        "mean": 6.23295927048,
        "min": 1.49594712257,
        "stdev": 4.62024021149
    },
    "melbands_flatness_db": {
        "max": 0.284110993147,
        "mean": 0.0666278973222,
        "min": 0.00085754081374,
        "stdev": 0.0550973415375
    },
    "melbands_kurtosis": {
        "max": 28.7049674988,
        "mean": 0.735917508602,
        "min": -1.62714469433,
        "stdev": 2.72482275963
    },
    "melbands_skewness": {
        "max": 5.09166383743,
        "mean": 0.612351477146,
        "min": -0.438958466053,
        "stdev": 0.665775179863
    },
    "melbands_spread": {
        "max": 213.877685547,
        "mean": 73.0122375488,
        "min": 3.54041147232,
        "stdev": 51.9187164307
    },
    "pitch_salience": {
        "max": 0.985626757145,
        "mean": 0.728159725666,
        "min": 0.343086957932,
        "stdev": 0.0957445204258
    },
    "silence_rate_20dB": {
        "max": 1,
        "mean": 1,
        "min": 1,
        "stdev": 0
    },
    "silence_rate_30dB": {
        "max": 1,
        "mean": 1,
        "min": 1,
        "stdev": 0
    },
    "silence_rate_60dB": {
        "max": 1,
        "mean": 0.468946903944,
        "min": 0,
        "stdev": 0.499032258987
    },
    "spectral_centroid": {
        "max": 11853.7197266,
        "mean": 5614.19433594,
        "min": 611.878112793,
        "stdev": 4273.67138672
    },
    "spectral_complexity": {
        "max": 57,
        "mean": 17.5913581848,
        "min": 0,
        "stdev": 17.2743721008
    },
    "spectral_decrease": {
        "max": 6.36189634375e-26,
        "mean": -2.58149679411e-09,
        "min": -1.7539905528e-08,
        "stdev": 3.16497228425e-09
    },
    "spectral_energy": {
        "max": 0.0741581022739,
        "mean": 0.0114476522431,
        "min": 9.8521241845e-21,
        "stdev": 0.013839523308
    },
    "spectral_energyband_high": {
        "max": 0.00627051433548,
        "mean": 0.00069215206895,
        "min": 6.90626825911e-21,
        "stdev": 0.000841852044687
    },
    "spectral_energyband_low": {
        "max": 0.00515564158559,
        "mean": 0.000132565866807,
        "min": 9.05459122406e-24,
        "stdev": 0.000417890521931
    },
    "spectral_energyband_middle_high": {
        "max": 0.05140491575,
        "mean": 0.00769138522446,
        "min": 1.12270956661e-21,
        "stdev": 0.00950647797436
    },
    "spectral_energyband_middle_low": {
        "max": 0.04428666085,
        "mean": 0.00320277828723,
        "min": 1.46489854512e-22,
        "stdev": 0.00503129325807
    },
    "spectral_entropy": {
        "max": 9.83197402954,
        "mean": 8.60623264313,
        "min": 6.81125831604,
        "stdev": 0.966643691063
    },
    "spectral_flux": {
        "max": 0.202845439315,
        "mean": 0.0491189584136,
        "min": 6.13101860947e-11,
        "stdev": 0.0485479272902
    },
    "spectral_kurtosis": {
        "max": 16.6576709747,
        "mean": 1.39286530018,
        "min": -1.26975023746,
        "stdev": 2.46804904938
    },
    "spectral_rms": {
        "max": 0.00850584264845,
        "mean": 0.00239458074793,
        "min": 3.10029497734e-12,
        "stdev": 0.00233119190671
    },
    "spectral_rolloff": {
        "max": 20585.7421875,
        "mean": 9164.36621094,
        "min": 430.6640625,
        "stdev": 7790.26513672
    },
    "spectral_skewness": {
        "max": 3.02644562721,
        "mean": 0.728441596031,
        "min": -0.0952750295401,
        "stdev": 0.620698392391
    },
    "spectral_spread": {
        "max": 43584448,
        "mean": 17761062,
        "min": 2370759,
        "stdev": 17952994
    },
    "spectral_strongpeak": {
        "max": 8.91332626343,
        "mean": 0.975968539715,
        "min": 0,
        "stdev": 1.29141116142
    },
    "zerocrossingrate": {
        "max": 0.84375,
        "mean": 0.264294654131,
        "min": 0.02783203125,
        "stdev": 0.209936738014
    },
    "barkbands": {
        "max": [4.57500464108e-05, 0.00200693402439, 0.00283655175008, 0.00684139644727, 0.00782196130604, 0.00490212952718, 0.00520364940166, 0.0165581386536, 0.0325139015913, 0.0361775122583, 0.0145036866888, 0.0157177280635, 0.0286065954715, 0.0130316819996, 0.0105121955276, 0.00573404505849, 0.00604929449037, 0.00683740060776, 0.00499376095831, 0.0045517492108, 0.001418971573, 0.00192634935956, 0.00155324093066, 0.00107624917291, 0.000150266147102, 2.05632977668e-06, 1.72492343609e-06],
        "mean": [1.21647678952e-06, 4.75318156532e-05, 4.85099153593e-05, 8.8960492576e-05, 0.000287084374577, 0.000263631052803, 0.000328070716932, 0.000612821488176, 0.00113757571671, 0.00148709840141, 0.000788612873293, 0.000854772049934, 0.00103438377846, 0.000894691096619, 0.000649664492812, 0.000441144162323, 0.000568694144022, 0.000545218004845, 0.000466692523332, 0.000342522718711, 0.000190776438103, 0.00018949394871, 0.000105349434307, 5.76110687689e-05, 1.54407389346e-05, 7.84372957696e-08, 2.0310253479e-09],
        "min": [1.24225969657e-25, 2.04552658243e-24, 2.45866546305e-25, 5.96353058456e-25, 3.81572374843e-24, 7.75883827786e-24, 3.32239814287e-24, 4.0029938053e-24, 1.15802390638e-23, 1.32446085672e-23, 8.32900642977e-24, 2.3264920156e-23, 2.1702270322e-23, 2.39752341809e-23, 2.56507416114e-23, 3.73053142494e-23, 5.0596721201e-23, 7.25897624972e-23, 9.96124704846e-23, 1.71087673497e-22, 1.8717379691e-22, 2.80899888294e-22, 3.30600927357e-22, 5.67921286726e-22, 8.31069482246e-22, 1.18571110346e-21, 1.85622560631e-21],
        "stdev": [3.09918050334e-06, 0.000153530883836, 0.000184123666259, 0.000386676634662, 0.000777707609814, 0.000536314677447, 0.000629958580248, 0.00146869278979, 0.00261913589202, 0.00362135493197, 0.001602481585, 0.00150675396435, 0.00224686739966, 0.00146023847628, 0.00117952376604, 0.000692160334438, 0.000824588933028, 0.000804668467026, 0.000686763960402, 0.00049119675532, 0.000241298126639, 0.000257196574239, 0.000156571928528, 8.83742904989e-05, 2.4585004212e-05, 1.75266123392e-07, 5.1720157046e-08]
    },
    "erbbands": {
        "max": [0.0210686922073, 0.555206179619, 2.44669604301, 11.3429574966, 39.4914550781, 34.6811485291, 47.8750610352, 34.3886528015, 68.169670105, 105.768821716, 454.152770996, 907.050292969, 1095.0670166, 1006.85284424, 875.692932129, 775.427307129, 1064.03356934, 801.538452148, 620.252807617, 516.802001953, 368.301330566, 298.527099609, 434.938568115, 429.371063232, 305.945007324, 187.839752197, 62.9559783936, 65.1288986206, 65.1834030151, 64.2779769897, 45.5841674805, 45.623500824, 7.93786716461, 2.39662885666, 0.661751627922, 0.0375002138317, 0.00348212756217, 0.00114733946975, 0.000260982080363, 9.41107791732e-05],
        "mean": [0.000614081451204, 0.0134574407712, 0.0541970878839, 0.18389081955, 0.616637170315, 0.896854996681, 2.11957335472, 1.84839916229, 4.22932434082, 5.98079776764, 17.7849674225, 25.4876289368, 39.5131530762, 45.9032936096, 32.0643577576, 37.48802948, 44.8701019287, 53.6674461365, 39.4170532227, 26.2742996216, 25.8006095886, 30.2423839569, 32.6651115417, 22.9608402252, 24.810087204, 15.9889602661, 8.55699920654, 7.41437005997, 7.01054859161, 4.95243453979, 2.7236199379, 1.60392475128, 0.724779605865, 0.266832888126, 0.0630821436644, 0.00263089034706, 0.000188012418221, 1.80731221917e-05, 1.06204852273e-05, 1.59683586389e-05],
        "min": [5.62813254592e-23, 4.47818236269e-22, 1.3737812988e-21, 3.34674711094e-21, 5.96867640234e-21, 2.30072096355e-20, 2.53177722712e-20, 8.38833777926e-20, 6.91105976743e-20, 1.28878642694e-19, 2.33962297695e-19, 3.18043578449e-19, 4.52811798804e-19, 5.76549953431e-19, 5.53496171265e-19, 1.20100917396e-18, 1.25699596315e-18, 1.48912300556e-18, 1.43150801474e-18, 2.39807166243e-18, 2.92687333879e-18, 3.59035263337e-18, 3.81431716089e-18, 4.4944560798e-18, 3.9251709435e-18, 7.90347169775e-18, 7.78410126355e-18, 8.21905599069e-18, 9.94677820996e-18, 9.93742114287e-18, 9.29497725806e-18, 1.03778575959e-17, 9.00939976902e-18, 8.37617563932e-18, 5.04339174586e-18, 3.43900360348e-18, 2.28452003025e-18, 8.54939863332e-19, 2.31355696489e-19, 2.55120595487e-20],
        "stdev": [0.0017826637486, 0.0436255596578, 0.186605110765, 0.716894209385, 2.38353729248, 2.55735015869, 5.48504638672, 3.58510756493, 8.44733905792, 10.6719846725, 41.8730392456, 60.4963684082, 96.4291534424, 103.065834045, 67.3099822998, 66.0194091797, 89.838722229, 83.8280334473, 67.3790512085, 43.090423584, 36.6188392639, 41.2606201172, 48.771697998, 32.5289840698, 38.637172699, 22.9743251801, 10.7067518234, 9.51057243347, 9.45453929901, 7.40199232101, 4.022564888, 2.74509596825, 1.09292769432, 0.417274832726, 0.103475570679, 0.00401661172509, 0.000304172193864, 4.02444857173e-05, 1.40016136356e-05, 1.87938912859e-05]
    },
    "gfcc": {
        "mean": [-517.499023438, 33.373046875, -128.887145996, 14.9037942886, -56.1640586853, 10.0391216278, -23.1218471527, 1.36221063137, -9.78109741211, -6.90845298767, -1.58276200294, -7.59083890915, -0.409215718508],
        "cov": [[368119, 18697.2382812, -62224.7070312, 7744.01171875, -27002.2851562, 4739.53466797, -11057.3837891, 338.726043701, -4731.14208984, -3811.30126953, -733.539672852, -4050.39868164, -133.724655151], [18697.2382812, 1946.19104004, -2736.71948242, 577.313781738, -1280.69580078, 30.6538963318, -443.03604126, -88.4396362305, -223.511199951, -315.03692627, -18.6019935608, -251.788742065, -49.1561431885], [-62224.7070312, -2736.71948242, 10863.9267578, -1124.75085449, 4640.80175781, -871.717590332, 1944.74255371, -107.155250549, 789.924499512, 576.923278809, 116.087173462, 654.046813965, -17.058221817], [7744.01171875, 577.313781738, -1124.75085449, 341.223602295, -496.432037354, 70.5922622681, -194.832077026, -24.9744243622, -110.441055298, -115.408111572, -23.8961296082, -99.0251693726, -25.0604572296], [-27002.2851562, -1280.69580078, 4640.80175781, -496.432037354, 2065.84472656, -336.145263672, 854.648193359, -40.1773033142, 346.580749512, 262.188415527, 50.8879318237, 286.727111816, 3.66859436035], [4739.53466797, 30.6538963318, -871.717590332, 70.5922622681, -336.145263672, 168.767349243, -138.973312378, 32.2776145935, -68.3569488525, -26.0951900482, -15.6516695023, -44.1864967346, 8.13783740997], [-11057.3837891, -443.03604126, 1944.74255371, -194.832077026, 854.648193359, -138.973312378, 440.129211426, -12.5034694672, 146.297698975, 90.0479202271, 19.7913322449, 114.446731567, -18.8272018433], [338.726043701, -88.4396362305, -107.155250549, -24.9744243622, -40.1773033142, 32.2776145935, -12.5034694672, 46.0174636841, 6.28359985352, 16.5881748199, -3.12271666527, 2.71012687683, 4.66411972046], [-4731.14208984, -223.511199951, 789.924499512, -110.441055298, 346.580749512, -68.3569488525, 146.297698975, 6.28359985352, 97.443572998, 59.2480506897, 15.3743257523, 54.0189704895, 1.6951854229], [-3811.30126953, -315.03692627, 576.923278809, -115.408111572, 262.188415527, -26.0951900482, 90.0479202271, 16.5881748199, 59.2480506897, 85.1250839233, 18.7991294861, 53.0309562683, 9.87690067291], [-733.539672852, -18.6019935608, 116.087173462, -23.8961296082, 50.8879318237, -15.6516695023, 19.7913322449, -3.12271666527, 15.3743257523, 18.7991294861, 29.4057540894, 18.9875125885, 5.34319400787], [-4050.39868164, -251.788742065, 654.046813965, -99.0251693726, 286.727111816, -44.1864967346, 114.446731567, 2.71012687683, 54.0189704895, 53.0309562683, 18.9875125885, 76.088973999, 14.3383703232], [-133.724655151, -49.1561431885, -17.058221817, -25.0604572296, 3.66859436035, 8.13783740997, -18.8272018433, 4.66411972046, 1.6951854229, 9.87690067291, 5.34319400787, 14.3383703232, 37.7506637573]],
        "icov": [[0.000832106859889, -0.00126074790023, 0.0027975847479, -0.00286501948722, 0.00255838804878, -0.00187250459567, -5.5928605434e-05, -0.000377277086955, 0.000423331424827, 0.000449316954473, -9.35860953177e-05, 0.00106684013736, 0.000313365919283], [-0.00126074790023, 0.00493373675272, -0.00426418473944, 0.00224303407595, -0.00183019647375, 0.00566587038338, -0.00184446503408, 0.00253095082007, -0.00279511348344, 0.00448697246611, -0.00429453654215, 0.00195222068578, -0.00193761580158], [0.0027975847479, -0.00426418473944, 0.0128327719867, -0.00933078955859, 0.00206262711436, -0.00259833224118, -0.00093730178196, -0.00156323192641, 0.00213183672167, 0.000989192863926, 0.00109918788075, 0.00150790612679, 0.00296444213018], [-0.00286501948722, 0.00224303407595, -0.00933078955859, 0.0179753899574, -0.0108079919592, 0.00404453044757, 0.00237977225333, 0.0016623577103, 0.00161432032473, 8.75145706232e-05, 0.00221109506674, -0.00435603829101, 0.00289453496225], [0.00255838804878, -0.00183019647375, 0.00206262711436, -0.0108079919592, 0.0269989799708, -0.00943297892809, -0.00704201776534, 0.00589797273278, -0.00431362865493, -0.000695153372362, -0.000977118732408, 0.00648652156815, -0.00634414702654], [-0.00187250459567, 0.00566587038338, -0.00259833224118, 0.00404453044757, -0.00943297892809, 0.0229008980095, -0.00398275488988, -0.00430439552292, 0.00452326564118, -0.00151208799798, 0.000313578551868, 2.2083620479e-06, -0.00307170674205], [-5.5928605434e-05, -0.00184446503408, -0.00093730178196, 0.00237977225333, -0.00704201776534, -0.00398275488988, 0.0171737000346, -0.00568477250636, -0.00124917842913, 0.00647540390491, -0.00140260835178, -0.00441816495731, 0.00960514228791], [-0.000377277086955, 0.00253095082007, -0.00156323192641, 0.0016623577103, 0.00589797273278, -0.00430439552292, -0.00568477250636, 0.0387590005994, -0.0112932175398, -0.00854504108429, 0.00774165894836, -0.00108331954107, -0.00285423547029], [0.000423331424827, -0.00279511348344, 0.00213183672167, 0.00161432032473, -0.00431362865493, 0.00452326564118, -0.00124917842913, -0.0112932175398, 0.0371925756335, -0.0108967060223, -0.00119315460324, -0.000606483605225, 0.00169141811784], [0.000449316954473, 0.00448697246611, 0.000989192863926, 8.75145706232e-05, -0.000695153372362, -0.00151208799798, 0.00647540390491, -0.00854504108429, -0.0108967060223, 0.0502659156919, -0.0218026917428, 0.000273011595709, 0.0029382314533], [-9.35860953177e-05, -0.00429453654215, 0.00109918788075, 0.00221109506674, -0.000977118732408, 0.000313578551868, -0.00140260835178, 0.00774165894836, -0.00119315460324, -0.0218026917428, 0.0563350357115, -0.0178911108524, -0.00100800371729], [0.00106684013736, 0.00195222068578, 0.00150790612679, -0.00435603829101, 0.00648652156815, 2.2083620479e-06, -0.00441816495731, -0.00108331954107, -0.000606483605225, 0.000273011595709, -0.0178911108524, 0.0473647303879, -0.0140915336087], [0.000313365919283, -0.00193761580158, 0.00296444213018, 0.00289453496225, -0.00634414702654, -0.00307170674205, 0.00960514228791, -0.00285423547029, 0.00169141811784, 0.0029382314533, -0.00100800371729, -0.0140915336087, 0.0394094996154]]
    },
    "melbands": {
        "max": [0.000384877726901, 0.000932362221647, 0.00278442446142, 0.00184729986358, 0.00148182339035, 0.00077494623838, 0.00111152615864, 0.00130973185878, 0.00354986288585, 0.00600880011916, 0.00577786238864, 0.00441470043734, 0.00217065075412, 0.00185432925355, 0.00118415348697, 0.00364476488903, 0.00159813510254, 0.000946395099163, 0.000755170302, 0.000438123679487, 0.000386824307498, 0.000374559342163, 0.000415473274188, 0.000277502113022, 0.000382018712116, 0.000252563651884, 0.000242008783971, 0.000107567255327, 5.21503789059e-05, 4.11455330322e-05, 4.34729154222e-05, 4.26289152529e-05, 5.14267776452e-05, 3.12108422804e-05, 2.38189059019e-05, 3.40839396813e-05, 2.53235721175e-05, 5.97585039941e-06, 3.8102034523e-06, 1.91914136849e-06],
        "mean": [9.49448258325e-06, 2.59051466855e-05, 4.48357168352e-05, 5.39858338016e-05, 6.53519819025e-05, 4.35037218267e-05, 6.79452787153e-05, 7.33317647246e-05, 0.000151165339048, 0.000168614744325, 0.000197619461687, 0.000188259306015, 0.000101083300251, 0.000100903664134, 8.65265392349e-05, 0.000112506648293, 9.70846012933e-05, 6.23426749371e-05, 4.27735503763e-05, 3.26164081343e-05, 2.96642720059e-05, 3.07565751427e-05, 3.40647020494e-05, 2.41905545408e-05, 1.75178884092e-05, 1.8138303858e-05, 1.57053837029e-05, 9.38541052165e-06, 5.29714225195e-06, 4.90607089887e-06, 4.06015578847e-06, 4.18492209064e-06, 3.27683983414e-06, 2.50420271186e-06, 1.63383742802e-06, 1.19615549465e-06, 8.8202830284e-07, 5.3994750715e-07, 3.34315700457e-07, 1.93511695556e-07],
        "min": [8.63367042782e-25, 8.16567623061e-25, 8.06040274281e-25, 8.82042042814e-25, 8.35877804033e-25, 1.61187495169e-24, 9.33343245203e-25, 1.93715129355e-24, 1.56667361625e-24, 1.60964434887e-24, 2.08829428198e-24, 1.88787805533e-24, 1.47439799237e-24, 1.66030450317e-24, 2.51164141714e-24, 2.12078391279e-24, 2.10796038713e-24, 2.07420700115e-24, 2.37192645944e-24, 2.68680107861e-24, 3.08053240325e-24, 2.95616374837e-24, 2.48398750368e-24, 3.2500964771e-24, 3.03494294824e-24, 3.00707466183e-24, 3.04856913988e-24, 3.74132193772e-24, 4.07230036342e-24, 3.07001491523e-24, 4.24975462405e-24, 4.67893637169e-24, 4.25646151947e-24, 4.36565170166e-24, 4.89339491409e-24, 3.72009724064e-24, 5.66142160837e-24, 5.70546292385e-24, 5.74592320525e-24, 6.08046018249e-24],
        "stdev": [2.96002799587e-05, 8.36951876408e-05, 0.000177034438821, 0.000162141019246, 0.000163121629157, 8.46119073685e-05, 0.000133614361403, 0.000136373972055, 0.000357935612556, 0.000417392991949, 0.000490403792355, 0.0004468417319, 0.000205588235985, 0.000179134760401, 0.000142796096043, 0.000270211021416, 0.000161181262229, 0.000106378953205, 7.33927663532e-05, 5.33541679033e-05, 4.25423168053e-05, 4.40148105554e-05, 5.19052155141e-05, 3.54619260179e-05, 2.7000087357e-05, 2.98645463772e-05, 2.47948137257e-05, 1.37542610901e-05, 7.14344696462e-06, 6.45702948532e-06, 5.48001344214e-06, 5.73484112465e-06, 5.09655183123e-06, 3.81763265977e-06, 2.43720978688e-06, 2.12964755519e-06, 1.5150493482e-06, 8.25692723083e-07, 5.31214595867e-07, 3.11584557267e-07]
    },
    "melbands128": {
        "max": [2.37018521148e-05, 8.62138331286e-05, 0.000480259419419, 0.00114425062202, 0.00133325881325, 0.00160641106777, 0.00195830129087, 0.00416626408696, 0.00519784446806, 0.00285691930912, 0.00219717109576, 0.00193597073667, 0.00233013113029, 0.00129128224216, 0.000823404407129, 0.00165241095237, 0.00158137641847, 0.00195700093172, 0.00206686090678, 0.00129062589258, 0.00217853533104, 0.00403558462858, 0.00567023223266, 0.00442477641627, 0.00746825896204, 0.00854646041989, 0.00826766714454, 0.0086044035852, 0.00911431666464, 0.0085249049589, 0.00532618211582, 0.00274805398658, 0.00340152112767, 0.00687464280054, 0.0017988269683, 0.00364996655844, 0.0028517099563, 0.00207696994767, 0.0029989851173, 0.0035503115505, 0.00783051270992, 0.0018411494093, 0.00373168266378, 0.00186419230886, 0.00078217353439, 0.0015711474698, 0.00247270963155, 0.000633759249467, 0.00133385742083, 0.00058591569541, 0.00041028051055, 0.000864684523549, 0.000700395379681, 0.000474065600429, 0.000566195929423, 0.000703701283783, 0.0004837680317, 0.0011781527428, 0.000723388046026, 0.00100299634505, 0.00046641213703, 0.000340743281413, 0.00114703865256, 0.000180833405466, 0.000344019732438, 0.000292990152957, 0.000481238501379, 0.000248622673098, 0.0003388064506, 0.000392820656998, 0.000143037206726, 0.000184793112567, 0.000102131110907, 8.76491249073e-05, 5.22932714375e-05, 7.03945115674e-05, 6.48552158964e-05, 4.70089435112e-05, 6.93022448104e-05, 4.4869408157e-05, 7.61541523389e-05, 4.442394129e-05, 5.60165135539e-05, 5.90258532611e-05, 8.22449219413e-05, 4.43888820882e-05, 3.9919745177e-05, 3.6165205529e-05, 3.37006204063e-05, 2.96728121612e-05, 3.04895129375e-05, 4.79428381368e-05, 3.81397912861e-05, 4.3510881369e-05, 8.55715006765e-06, 9.7327892945e-06, 7.98853852757e-06, 6.52189601169e-06, 5.1406991588e-06, 3.71026885659e-06, 2.20505080506e-06, 2.4059156658e-06, 2.27081636694e-06, 1.53737744313e-06, 1.15382692911e-06, 4.33957694668e-07, 1.09879088939e-07, 7.45102184396e-08, 4.96688450369e-08, 3.24752882364e-08, 3.5146889843e-08, 2.03267909171e-08, 1.0737359446e-08, 1.01486516968e-08, 9.60258539351e-09, 9.18570375319e-09, 8.7078673161e-09, 8.34253910398e-09, 8.02532706956e-09, 7.71216068784e-09, 7.42599981507e-09, 7.20468618098e-09, 7.04851910172e-09, 6.84974477139e-09, 6.71462352386e-09, 6.57997878406e-09, 6.51110676486e-09, 6.46445919017e-09],
        "mean": [7.17092177638e-07, 2.39354062614e-06, 1.13534897537e-05, 2.62156590907e-05, 2.7598840461e-05, 2.34780636674e-05, 3.22680280078e-05, 4.94940468343e-05, 6.89611260896e-05, 5.26255680597e-05, 4.56324851257e-05, 5.43628302694e-05, 9.23925690586e-05, 5.04452473251e-05, 3.30139082507e-05, 4.6566783567e-05, 4.80528942717e-05, 8.50728829391e-05, 7.82670686021e-05, 4.89645353809e-05, 7.19950039638e-05, 0.000131895430968, 0.000188634439837, 0.00013818446314, 0.000131896857056, 0.000208468496567, 0.000182611285709, 0.000221729409532, 0.000159554780112, 0.000235595565755, 0.000196541121113, 0.000105276420072, 7.83876894275e-05, 0.000122368437587, 8.40737411636e-05, 0.000107879073767, 0.000105444771179, 8.06161260698e-05, 7.95871383161e-05, 8.73143799254e-05, 0.000150340638356, 9.51127658482e-05, 0.000106635081465, 0.000100255434518, 4.69391779916e-05, 6.20742503088e-05, 7.2794049629e-05, 3.88729058614e-05, 3.48570065398e-05, 2.88356186502e-05, 3.61689089914e-05, 3.14004464599e-05, 2.57398587564e-05, 3.1003717595e-05, 3.48008034052e-05, 2.81670436379e-05, 2.73519563052e-05, 3.84871455026e-05, 3.37893761753e-05, 3.3856362279e-05, 2.23283423111e-05, 1.65047385963e-05, 2.42118549068e-05, 1.49094939843e-05, 1.27065595734e-05, 1.8008011466e-05, 2.35249754041e-05, 1.57218801178e-05, 1.47648961502e-05, 1.40759475471e-05, 8.16744341137e-06, 8.87897112989e-06, 5.90044510318e-06, 4.39375162387e-06, 4.37212793258e-06, 5.85403722653e-06, 4.64794447907e-06, 3.95448978452e-06, 4.05016271543e-06, 4.00541921408e-06, 4.41310521637e-06, 4.15624026573e-06, 3.75285821974e-06, 3.0028695619e-06, 3.22798632624e-06, 2.77739559351e-06, 2.28050203077e-06, 1.84426153282e-06, 1.72647480667e-06, 1.34951983455e-06, 1.2108333749e-06, 1.21273694731e-06, 1.07607445443e-06, 9.08537458599e-07, 7.55024302634e-07, 5.9645373085e-07, 5.04172817273e-07, 4.38817522763e-07, 3.65634690525e-07, 2.83222277631e-07, 1.64840457728e-07, 2.04572003781e-07, 1.87846822541e-07, 1.15897059061e-07, 6.32038279491e-08, 1.60758659717e-08, 2.69629518712e-09, 1.31978850071e-09, 7.74802721981e-10, 7.98277943748e-10, 9.997445094e-10, 4.13828554757e-10, 9.72239233565e-11, 1.73248915214e-11, 1.11927533214e-11, 1.0668277893e-11, 1.01663200427e-11, 9.7698515944e-12, 9.43683759608e-12, 9.10374900465e-12, 8.79624411504e-12, 8.55540551598e-12, 8.38428632077e-12, 8.15949738331e-12, 7.89536491741e-12, 7.5517482892e-12, 7.36518658562e-12, 7.29914826497e-12],
        "min": [1.84767817815e-26, 1.05482585245e-25, 7.66012720067e-26, 4.53673462858e-25, 3.41578744113e-25, 1.01107710576e-25, 2.63730843846e-25, 2.3147067295e-25, 3.59584395667e-25, 2.85702148474e-25, 2.38363591628e-25, 3.00737812676e-25, 1.36784240838e-25, 2.29336754897e-25, 4.48319809021e-25, 3.78004223848e-25, 4.93198401742e-25, 6.83331481359e-25, 4.06753298115e-25, 3.79648949532e-25, 3.21341331102e-25, 4.57224421616e-25, 5.23947460271e-25, 4.19989447332e-25, 2.5806285359e-25, 3.79047862174e-25, 6.9977025794e-25, 3.47219370756e-25, 7.99664552533e-25, 7.95456719161e-25, 5.98142194989e-25, 8.10156944915e-25, 7.64693954174e-25, 6.13884851125e-25, 5.95239827808e-25, 6.01699267419e-25, 1.16304021371e-24, 9.6118165351e-25, 1.04160069799e-24, 8.67465175185e-25, 9.84664957974e-25, 8.19359845539e-25, 1.21438943801e-24, 5.84250255841e-25, 9.6800115882e-25, 7.96804734537e-25, 1.16844647471e-24, 7.77955149725e-25, 8.93940037417e-25, 5.08285760985e-25, 1.0594776666e-24, 9.17341300348e-25, 1.29560454174e-24, 1.05207174182e-24, 9.62152051031e-25, 1.33082580066e-24, 8.60587294167e-25, 8.51923333453e-25, 1.61031557089e-24, 6.94176050831e-25, 1.70127004997e-24, 1.58258671564e-24, 1.40446152882e-24, 1.69855538238e-24, 1.28407464936e-24, 1.53000943213e-24, 1.53776659724e-24, 1.51739288385e-24, 2.05037985193e-24, 1.13760526737e-24, 1.8862468882e-24, 1.75448581778e-24, 2.54468640603e-24, 1.34204734703e-24, 1.99641486348e-24, 1.93680892792e-24, 2.13494534654e-24, 2.55457832735e-24, 1.99755812015e-24, 2.12480611733e-24, 2.06400150761e-24, 2.85150162777e-24, 1.74758446815e-24, 2.65237775251e-24, 3.06522593789e-24, 2.5462195572e-24, 2.45479787525e-24, 2.90750010242e-24, 3.57957902531e-24, 3.17890375256e-24, 2.78529963175e-24, 3.11484272503e-24, 2.91462923564e-24, 2.89916164544e-24, 3.85367032455e-24, 2.48336055648e-24, 3.38559812872e-24, 3.36030290936e-24, 3.20722247855e-24, 4.05220452629e-24, 3.15419110698e-24, 4.93575240597e-24, 3.97199472717e-24, 3.93114040975e-24, 4.47354381324e-24, 3.00381114427e-24, 3.79862913261e-24, 3.6037789113e-24, 4.39609226627e-24, 3.27982943348e-24, 3.99445556929e-24, 3.96701385941e-24, 4.54806079764e-24, 4.12228929569e-24, 4.65536481341e-24, 4.50691499611e-24, 4.12908336024e-24, 4.84978195008e-24, 4.37785261885e-24, 4.19636767343e-24, 4.51022347875e-24, 5.5693895453e-24, 4.00386431331e-24, 4.31608835985e-24, 4.19740187008e-24, 4.0707108087e-24, 5.42126592198e-24, 4.42198347004e-24],
        "stdev": [1.81534801413e-06, 6.52630478726e-06, 3.73944276362e-05, 8.81154846866e-05, 9.53321432462e-05, 9.42440456129e-05, 0.000131520893774, 0.000237197309616, 0.000296914979117, 0.00016884318029, 0.000151793021359, 0.000142857199535, 0.000261232518824, 0.000128569707158, 7.74524232838e-05, 0.000125668913824, 0.000118134405056, 0.000209317076951, 0.00017560525157, 0.000106103310827, 0.000174023545696, 0.00036808475852, 0.000546597875655, 0.000443436176283, 0.00042943644803, 0.00069278490264, 0.000555148348212, 0.000745588971768, 0.000572984223254, 0.00077109556878, 0.000507495598868, 0.000259392661974, 0.000216856526094, 0.000422481505666, 0.000185260927537, 0.000259188149357, 0.000236733321799, 0.00018304909463, 0.000183381343959, 0.00023268671066, 0.00050663278671, 0.000206111362786, 0.000240892142756, 0.000218971836148, 9.83792851912e-05, 0.000135404334287, 0.000189648199012, 7.58715395932e-05, 7.98936016508e-05, 5.92453652644e-05, 6.44870597171e-05, 6.58345597913e-05, 5.16153413628e-05, 5.33244601684e-05, 6.23442028882e-05, 5.37829364475e-05, 4.62003663415e-05, 8.63241948537e-05, 6.52079834254e-05, 7.96912718215e-05, 4.30267791671e-05, 2.78748393612e-05, 5.50165568711e-05, 2.3802407668e-05, 2.74629437627e-05, 3.37474011758e-05, 5.12160331709e-05, 2.98574359476e-05, 2.87833227048e-05, 3.09170645778e-05, 1.42226917887e-05, 1.61439347721e-05, 9.56298026722e-06, 7.49086620999e-06, 6.74006287227e-06, 9.33373303269e-06, 7.68635618442e-06, 6.28307589068e-06, 6.50738638797e-06, 6.16946454102e-06, 7.08496463631e-06, 6.36630329609e-06, 6.53543384033e-06, 5.22181153428e-06, 5.94180482949e-06, 4.56334055343e-06, 3.81230415769e-06, 3.02462581203e-06, 2.80136146102e-06, 2.17341266762e-06, 2.43075373874e-06, 2.37440895035e-06, 2.03928561859e-06, 1.97937470148e-06, 1.13758642328e-06, 9.94534389065e-07, 8.60842533257e-07, 7.57138877816e-07, 6.14102646068e-07, 4.74883933066e-07, 2.99584115737e-07, 3.48705583519e-07, 3.08507480895e-07, 2.08383440281e-07, 1.25799800799e-07, 4.0255965672e-08, 7.63090834965e-09, 5.12529751973e-09, 2.88056134501e-09, 2.52961296354e-09, 2.61520360922e-09, 1.42164724437e-09, 5.2157800301e-10, 3.0855973332e-10, 2.87928847431e-10, 2.75423461815e-10, 2.61098781484e-10, 2.50140491653e-10, 2.40628766912e-10, 2.31243441062e-10, 2.2265941868e-10, 2.1602412914e-10, 2.11340875356e-10, 2.05381531226e-10, 2.01333671956e-10, 1.97299940274e-10, 1.95236993239e-10, 1.93839819196e-10]
    },
    "mfcc": {
        "mean": [-881.783691406, 41.1343154907, -34.3767662048, -4.79596281052, -15.7305192947, -2.65835213661, -6.41228246689, 1.74292206764, -5.2738494873, -0.0581321120262, -0.93258368969, -1.02581059933, -3.52083444595],
        "cov": [[103174.59375, 10499.5742188, -9025.95703125, -1022.63458252, -4110.15429688, -500.392730713, -1555.64611816, 578.423583984, -1384.24597168, 25.6532344818, -229.048400879, -335.565979004, -983.820617676], [10499.5742188, 1688.72351074, -732.026977539, 142.530288696, -468.41116333, -71.2353210449, -178.249328613, 95.2838363647, -193.55531311, -11.3544750214, -1.92112493515, -42.424697876, -125.062347412], [-9025.95703125, -732.026977539, 1021.61010742, 281.390991211, 376.469696045, 67.57472229, 151.709503174, -20.1959896088, 96.7449188232, -7.04930496216, 26.5808849335, 18.3670063019, 56.8449554443], [-1022.63458252, 142.530288696, 281.390991211, 296.419219971, 65.9158782959, 41.9021835327, 30.3326015472, 31.6850795746, -18.138463974, -2.66368079185, 9.20693492889, -16.7673377991, -15.3003902435], [-4110.15429688, -468.41116333, 376.469696045, 65.9158782959, 226.369567871, 39.233921051, 64.4217605591, -30.7043361664, 59.1347198486, -1.32487785816, -3.22974181175, 12.8600912094, 38.5821456909], [-500.392730713, -71.2353210449, 67.57472229, 41.9021835327, 39.233921051, 68.0254974365, 43.233581543, 20.2013015747, 8.65490436554, 2.74080371857, 6.24806594849, -4.21055603027, -1.12595880032], [-1555.64611816, -178.249328613, 151.709503174, 30.3326015472, 64.4217605591, 43.233581543, 85.2619476318, 16.8999614716, 27.5102024078, 4.55811595917, 7.96699047089, -0.0335585772991, 9.44770240784], [578.423583984, 95.2838363647, -20.1959896088, 31.6850795746, -30.7043361664, 20.2013015747, 16.8999614716, 55.0250816345, -0.340808600187, 3.23751759529, 11.2784481049, -7.89119577408, -12.1405487061], [-1384.24597168, -193.55531311, 96.7449188232, -18.138463974, 59.1347198486, 8.65490436554, 27.5102024078, -0.340808600187, 53.2657661438, 11.5545110703, 3.83007955551, 3.8445520401, 13.7066507339], [25.6532344818, -11.3544750214, -7.04930496216, -2.66368079185, -1.32487785816, 2.74080371857, 4.55811595917, 3.23751759529, 11.5545110703, 26.9653396606, 9.04920864105, -0.343544512987, -1.63383948803], [-229.048400879, -1.92112493515, 26.5808849335, 9.20693492889, -3.22974181175, 6.24806594849, 7.96699047089, 11.2784481049, 3.83007955551, 9.04920864105, 35.6333084106, 10.4916324615, -0.825806438923], [-335.565979004, -42.424697876, 18.3670063019, -16.7673377991, 12.8600912094, -4.21055603027, -0.0335585772991, -7.89119577408, 3.8445520401, -0.343544512987, 10.4916324615, 32.1345672607, 13.7659635544], [-983.820617676, -125.062347412, 56.8449554443, -15.3003902435, 38.5821456909, -1.12595880032, 9.44770240784, -12.1405487061, 13.7066507339, -1.63383948803, -0.825806438923, 13.7659635544, 42.6457519531]],
        "icov": [[0.00015104765771, -0.000249832577538, 0.000926455482841, -0.000245526229264, 0.000441704993136, -0.000380701152608, 0.00030977462302, -0.000363014580216, 0.000516562780831, -0.000371574889868, 0.000638767087366, -0.000337699137162, 0.000788415141869], [-0.000249832577538, 0.00352584943175, -0.000556089158636, -0.00290913740173, 0.00331881968305, 0.0016399336746, 0.00112229282968, -0.00109690672252, 0.00160276144743, 0.000629059912171, -0.000197068089619, -0.000890227616765, 0.000546152004972], [0.000926455482841, -0.000556089158636, 0.0106625808403, -0.00600893283263, -0.00137800001539, 0.00118915282656, -0.00142779166345, -0.00156592368148, 0.00141234067269, 0.0008272662526, 0.000452074222267, -0.0023626324255, 0.00487131625414], [-0.000245526229264, -0.00290913740173, -0.00600893283263, 0.0119516998529, -0.00541256833822, -0.00298035773449, 0.000897997466382, -0.00295692775398, 0.00471919309348, -0.00295493425801, -0.000669483328238, 0.00445332378149, -0.00120090495329], [0.000441704993136, 0.00331881968305, -0.00137800001539, -0.00541256833822, 0.0264165624976, -0.00822371244431, 0.00331395212561, 0.00649303151295, -0.00597733166069, 0.000514150771778, 0.00862875208259, -0.00548812700436, 0.000694853661116], [-0.000380701152608, 0.0016399336746, 0.00118915282656, -0.00298035773449, -0.00822371244431, 0.0291185975075, -0.0126353139058, -0.0067276339978, 0.00366453593597, 0.000677726930007, -0.00458925683051, 0.00224974681623, 0.000498189590871], [0.00030977462302, 0.00112229282968, -0.00142779166345, 0.000897997466382, 0.00331395212561, -0.0126353139058, 0.027509091422, -0.00843039341271, -0.000701646669768, -0.00289664440788, 0.00287122838199, -0.000392249552533, 0.00113360700198], [-0.000363014580216, -0.00109690672252, -0.00156592368148, -0.00295692775398, 0.00649303151295, -0.0067276339978, -0.00843039341271, 0.0355576388538, -0.013718271628, 0.00644343718886, -0.00973891559988, 0.0050064609386, -0.00177521549631], [0.000516562780831, 0.00160276144743, 0.00141234067269, 0.00471919309348, -0.00597733166069, 0.00366453593597, -0.000701646669768, -0.013718271628, 0.0465631186962, -0.019092399627, 0.00420414004475, 0.000488782592583, 0.00240873242728], [-0.000371574889868, 0.000629059912171, 0.0008272662526, -0.00295493425801, 0.000514150771778, 0.000677726930007, -0.00289664440788, 0.00644343718886, -0.019092399627, 0.0508485548198, -0.0159251112491, 0.00468052225187, -0.000596098718233], [0.000638767087366, -0.000197068089619, 0.000452074222267, -0.000669483328238, 0.00862875208259, -0.00458925683051, 0.00287122838199, -0.00973891559988, 0.00420414004475, -0.0159251112491, 0.0454265661538, -0.0191821604967, 0.00708934199065], [-0.000337699137162, -0.000890227616765, -0.0023626324255, 0.00445332378149, -0.00548812700436, 0.00224974681623, -0.000392249552533, 0.0050064609386, 0.000488782592583, 0.00468052225187, -0.0191821604967, 0.0462303124368, -0.014389757067], [0.000788415141869, 0.000546152004972, 0.00487131625414, -0.00120090495329, 0.000694853661116, 0.000498189590871, 0.00113360700198, -0.00177521549631, 0.00240873242728, -0.000596098718233, 0.00708934199065, -0.014389757067, 0.0389281846583]]
    },
    "spectral_contrast_coeffs": {
        "max": [-0.507667422295, -0.584531962872, -0.523084104061, -0.616578996181, -0.652318477631, -0.571469247341],
        "mean": [-0.812859237194, -0.853598475456, -0.836954414845, -0.856650352478, -0.848720133305, -0.812316834927],
        "min": [-0.986811816692, -0.986326754093, -0.993268311024, -0.996566474438, -0.989057421684, -0.966861605644],
        "stdev": [0.130456343293, 0.103386774659, 0.117936432362, 0.0957782715559, 0.0967627689242, 0.125525340438]
    },
    "spectral_contrast_valleys": {
        "max": [-6.01537132263, -5.48361349106, -5.13236427307, -5.4744591713, -5.81052112579, -8.61092472076],
        "mean": [-15.8509511948, -14.7879867554, -14.7928476334, -14.8546686172, -14.8652925491, -16.7769470215],
        "min": [-28.3836345673, -28.483133316, -28.006067276, -27.7368793488, -27.5835590363, -27.4142131805],
        "stdev": [9.07464981079, 9.88646125793, 9.91381454468, 9.84303855896, 9.84520339966, 8.32950592041]
    }
},
"rhythm": {
    "beats_count": 56,
    "beats_loudness": {
        "max": 0.0601903535426,
        "mean": 0.0144595196471,
        "min": 0,
        "stdev": 0.0173511095345
    },
    "bpm": 122.04510498,
    "bpm_histogram_first_peak_bpm": 123,
    "bpm_histogram_first_peak_weight": 0.47058826685,
    "bpm_histogram_second_peak_bpm": 136,
    "bpm_histogram_second_peak_spread": 0.399999976158,
    "bpm_histogram_second_peak_weight": 0.163636356592,
    "danceability": 0.831744372845,
    "onset_rate": 1.24155414104,
    "beats_loudness_band_ratio": {
        "max": [0.174681290984, 0.819431304932, 0.826583862305, 0.67035394907, 0.521476924419, 0.782338440418],
        "mean": [0.0166547466069, 0.0359495468438, 0.121419928968, 0.230906918645, 0.141598790884, 0.0772366002202],
        "min": [0, 0, 0, 0, 0, 0],
        "stdev": [0.0349580459297, 0.111237682402, 0.149089634418, 0.212120547891, 0.154997006059, 0.112401485443]
    },
    "beats_position": [0.510838985443, 1.02167797089, 1.52090704441, 1.99691605568, 2.48453521729, 2.94893407822, 3.44816327095, 3.94739222527, 4.43501138687, 4.92263031006, 5.41024923325, 5.89786815643, 6.38548755646, 6.88471651077, 7.38394546509, 7.8831744194, 8.38240337372, 8.87002277374, 9.287981987, 9.69433116913, 10.1006803513, 10.5070295334, 10.9133787155, 11.3197278976, 11.7376871109, 12.1672563553, 12.5852155685, 13.0031747818, 13.4675731659, 13.9319725037, 14.3963718414, 14.8607711792, 15.3251695633, 15.8127889633, 16.3004074097, 16.6951465607, 17.0898857117, 17.4846248627, 17.8793640137, 18.2741031647, 18.6688423157, 19.0635814667, 19.5047607422, 19.9343299866, 20.363899231, 20.7934684753, 21.2346477509, 21.6642169952, 22.0937862396, 22.5349655151, 22.9761447906, 23.4173240662, 23.8585033417, 24.2996826172, 24.7408618927, 25.1820411682],
