{
"metadata": {
    "version": {
        "essentia": "2.1-beta5",
        "essentia_git_sha": "Undefined",
        "extractor": "music 2.0"
    },
    "audio_properties": {
        "analysis": {
            "equal_loudness": 0,
            "length": 60.9988212585,
            "sample_rate": 44100,
            "start_time": 110.248344421,
            "downmix": "mix"
        },
        "bit_rate": 192000,
        "length": 171.270385742,
        "lossless": 0,
        "number_channels": 2,
        "replay_gain": -11.7987518311,
        "sample_rate": 44100,
        "codec": "mp3",
        "md5_encoded": "320bd90f4cefc6af601c86a12da3ece1"
    },
    "tags": {
        "file_name": "Sweden_Dag Efter Dag_Chips.mp3",
        "encoding": ["Lavf58.29.100"]
    }
},
"lowlevel": {
    "average_loudness": 0.975228726864,
    "barkbands_crest": {
        "max": 24.1149578094,
        "mean": 7.50017595291,
        "min": 2.24325203896,
        "stdev": 3.28126811981
    },
    "barkbands_flatness_db": {
        "max": 0.265447884798,
        "mean": 0.149178132415,
        "min": 0.0664176419377,
        "stdev": 0.0272251963615
    },
    "barkbands_kurtosis": {
        "max": 29.5901947021,
        "mean": -0.328560709953,
        "min": -1.74617052078,
        "stdev": 1.41813576221
    },
    "barkbands_skewness": {
        "max": 4.79128217697,
        "mean": 0.419740259647,
        "min": -1.28240132332,
        "stdev": 0.593490600586
    },
    "barkbands_spread": {
        "max": 57.003326416,
        "mean": 25.9650287628,
        "min": 4.60456848145,
        "stdev": 7.95777654648
    },
    "dissonance": {
        "max": 0.499999970198,
        "mean": 0.47608551383,
        "min": 0.377646505833,
        "stdev": 0.0154326707125
    },
    "dynamic_complexity": 1.40843355656,
    "erbbands_crest": {
        "max": 31.3020782471,
        "mean": 8.72647476196,
        "min": 2.40374588966,
        "stdev": 3.91204881668
    },
    "erbbands_flatness_db": {
        "max": 0.339833557606,
        "mean": 0.210829347372,
        "min": 0.121154040098,
        "stdev": 0.0354954190552
    },
    "erbbands_kurtosis": {
        "max": 11.4306097031,
        "mean": -0.483554959297,
        "min": -1.63789904118,
        "stdev": 0.919132947922
    },
    "erbbands_skewness": {
        "max": 2.51360464096,
        "mean": 0.00270049553365,
        "min": -2.08285737038,
        "stdev": 0.540916740894
    },
    "erbbands_spread": {
        "max": 84.5884094238,
        "mean": 33.8665885925,
        "min": 5.60538959503,
        "stdev": 11.7060289383
    },
    "hfc": {
        "max": 98.9872436523,
        "mean": 29.7748012543,
        "min": 0.754783809185,
        "stdev": 14.2172851562
    },
    "loudness_ebu128": {
        "integrated": -12.4512205124,
        "loudness_range": 1.43876457214,
        "momentary": {
            "max": -9.90804481506,
            "mean": -12.6271896362,
            "min": -18.4779605865,
            "stdev": 1.28912889957
        },
        "short_term": {
            "max": -11.2513017654,
            "mean": -12.452583313,
            "min": -13.678440094,
            "stdev": 0.490937918425
        }
    },
    "melbands_crest": {
        "max": 30.8739757538,
        "mean": 10.4756631851,
        "min": 3.04319310188,
        "stdev": 4.40445137024
    },
    "melbands_flatness_db": {
        "max": 0.303927451372,
        "mean": 0.115917488933,
        "min": 0.0332087799907,
        "stdev": 0.0298028234392
    },
    "melbands_kurtosis": {
        "max": 75.9924316406,
        "mean": 2.33752655983,
        "min": -1.64636445045,
        "stdev": 4.61184692383
    },
    "melbands_skewness": {
        "max": 8.14196681976,
        "mean": 1.22636783123,
        "min": -0.66801327467,
        "stdev": 0.833985567093
    },
    "melbands_spread": {
        "max": 116.11932373,
        "mean": 41.5149765015,
        "min": 3.50227999687,
        "stdev": 13.7675209045
    },
    "pitch_salience": {
        "max": 0.826669871807,
        "mean": 0.583546578884,
        "min": 0.169994950294,
        "stdev": 0.0850025638938
    },
    "silence_rate_20dB": {
        "max": 1,
        "mean": 1,
        "min": 1,
        "stdev": 0
    },
    "silence_rate_30dB": {
        "max": 1,
        "mean": 1,
        "min": 1,
        "stdev": 0
    },
    "silence_rate_60dB": {
        "max": 1,
        "mean": 0.0106544904411,
        "min": 0,
        "stdev": 0.102671585977
    },
    "spectral_centroid": {
        "max": 3617.90673828,
        "mean": 2334.12841797,
        "min": 384.02432251,
        "stdev": 440.249359131
    },
    "spectral_complexity": {
        "max": 50,
        "mean": 26.1811256409,
        "min": 3,
        "stdev": 6.92792272568
    },
    "spectral_decrease": {
        "max": -2.20513829419e-10,
        "mean": -4.21588497446e-09,
        "min": -1.19161951417e-08,
        "stdev": 1.70028890967e-09
    },
    "spectral_energy": {
        "max": 0.0517290718853,
        "mean": 0.0186123996973,
        "min": 0.000900731189176,
        "stdev": 0.00743667175993
    },
    "spectral_energyband_high": {
        "max": 0.0131116798148,
        "mean": 0.00135143776424,
        "min": 3.17521735269e-05,
        "stdev": 0.00103710487019
    },
    "spectral_energyband_low": {
        "max": 0.00756481289864,
        "mean": 0.000646467553452,
        "min": 3.92894207835e-06,
        "stdev": 0.00079596292926
    },
    "spectral_energyband_middle_high": {
        "max": 0.0387744940817,
        "mean": 0.0102760661393,
        "min": 0.00017478823429,
        "stdev": 0.00638227118179
    },
    "spectral_energyband_middle_low": {
        "max": 0.0408075451851,
        "mean": 0.00665751192719,
        "min": 0.000255092279986,
        "stdev": 0.00502255605534
    },
    "spectral_entropy": {
        "max": 8.3413105011,
        "mean": 7.66624307632,
        "min": 6.98672771454,
        "stdev": 0.208812698722
    },
    "spectral_flux": {
        "max": 0.193037137389,
        "mean": 0.0797718316317,
        "min": 0.0159472264349,
        "stdev": 0.0249071493745
    },
    "spectral_kurtosis": {
        "max": 12.5581531525,
        "mean": 2.41921615601,
        "min": -0.434788227081,
        "stdev": 1.49371063709
    },
    "spectral_rms": {
        "max": 0.00710404012352,
        "mean": 0.00416243681684,
        "min": 0.000937423144933,
        "stdev": 0.000912413815968
    },
    "spectral_rolloff": {
        "max": 7859.61914062,
        "mean": 3057.45849609,
        "min": 258.3984375,
        "stdev": 815.260498047
    },
    "spectral_skewness": {
        "max": 2.25664138794,
        "mean": 0.885510802269,
        "min": 0.242469236255,
        "stdev": 0.217405602336
    },
    "spectral_spread": {
        "max": 6984677,
        "mean": 3537314.75,
        "min": 2077722.375,
        "stdev": 672966.9375
    },
    "spectral_strongpeak": {
        "max": 15.1404895782,
        "mean": 1.905128479,
        "min": 0.0296512749046,
        "stdev": 1.6903450489
    },
    "zerocrossingrate": {
        "max": 0.20947265625,
        "mean": 0.0943560749292,
        "min": 0.025390625,
        "stdev": 0.0182230249047
    },
    "barkbands": {
        "max": [0.00012417450489, 0.00330175831914, 0.00452686939389, 0.0138573981822, 0.0190099962056, 0.0218905787915, 0.0140915103257, 0.0226431041956, 0.0279862470925, 0.0233030673116, 0.0263491906226, 0.0184633247554, 0.0364821180701, 0.0299515929073, 0.0165993571281, 0.00870847236365, 0.0105706900358, 0.0176492072642, 0.0107863275334, 0.0138836381957, 0.00535170035437, 0.00229822820984, 0.00600870791823, 0.00433866679668, 0.000499384012073, 5.57786188438e-06, 1.56030898779e-06],
        "mean": [4.55745157524e-06, 0.000168556260178, 0.000292818556773, 0.000384490907891, 0.00177111686207, 0.00106483756099, 0.000808640092146, 0.00110929075163, 0.00127702811733, 0.00170229410287, 0.000986178754829, 0.00106802454684, 0.00125090510119, 0.000814487924799, 0.000762678799219, 0.000463059055619, 0.000611035677139, 0.000935805728659, 0.00131467252504, 0.000940141966566, 0.000369028304704, 0.000192510182387, 0.000186310731806, 0.00011107725004, 2.28326225624e-05, 4.60649740575e-09, 1.38020650464e-09],
        "min": [2.97519964221e-09, 2.00219446356e-07, 5.14176292654e-07, 1.35989239425e-07, 6.40587040834e-06, 3.55981364919e-06, 3.94760036215e-06, 3.98023667003e-06, 4.59008697362e-06, 6.32863702776e-06, 2.86909198621e-06, 5.12146380061e-06, 6.76736590322e-06, 4.86799945065e-06, 4.08463756685e-06, 4.33135483036e-06, 1.13698242785e-05, 1.13759051601e-05, 1.47093178384e-05, 2.13769981201e-05, 6.84970746079e-06, 6.48561217531e-06, 5.67096276427e-06, 1.28322824366e-07, 1.16589767354e-11, 7.15904072135e-12, 8.79314416419e-12],
        "stdev": [6.99499787515e-06, 0.000264005095232, 0.000442893098807, 0.000699045893271, 0.00222826120444, 0.00166821666062, 0.00114685273729, 0.00159844348673, 0.00232043187134, 0.0021817390807, 0.00227251951583, 0.00193280656822, 0.00258113024756, 0.00165245705284, 0.00149329239503, 0.00074121914804, 0.000635216827504, 0.00132405455224, 0.00113422016148, 0.000974098802544, 0.000398896605475, 0.000163824355695, 0.000227249605814, 0.000144653124153, 4.08554515161e-05, 1.21359050809e-07, 3.13409920238e-08]
    },
    "erbbands": {
        "max": [0.0492154657841, 0.875901699066, 4.26269245148, 20.6990699768, 68.4081039429, 102.588607788, 328.745910645, 81.7053985596, 198.42829895, 271.057495117, 499.15435791, 445.813354492, 619.54510498, 915.058532715, 955.707458496, 896.098083496, 1874.95703125, 1655.41052246, 1052.22375488, 814.898864746, 596.004638672, 734.559387207, 760.479553223, 525.206237793, 620.343322754, 547.187316895, 357.562347412, 114.00138855, 70.2796859741, 180.648727417, 131.839920044, 157.228561401, 16.2907180786, 7.96259689331, 4.48589754105, 0.144149616361, 0.00438895262778, 0.00096291792579, 0.00022983099916, 6.93518377375e-05],
        "mean": [0.00235503190197, 0.0492018535733, 0.277518689632, 0.912329733372, 2.28004837036, 6.32923841476, 14.1429719925, 5.30084085464, 9.54316329956, 13.0154275894, 29.5991840363, 25.0507030487, 37.7318840027, 65.8814086914, 40.309879303, 47.8856964111, 54.5455322266, 54.0365486145, 41.1191215515, 29.5857505798, 28.7849502563, 31.8076400757, 47.192440033, 54.7972145081, 69.6773071289, 48.5027923584, 22.8474578857, 10.7258834839, 6.92620706558, 6.0967874527, 5.11638879776, 3.02796173096, 1.39358770847, 0.396830052137, 0.106042020023, 0.00340967532247, 0.000165415840456, 2.60179440374e-05, 1.71949814103e-05, 2.60415708908e-05],
        "min": [8.02816430223e-06, 0.000109262553451, 0.00150596536696, 0.00654866499826, 0.0092159928754, 0.033119995147, 0.0163912083954, 0.0402497202158, 0.0661535635591, 0.193981155753, 0.199913397431, 0.346782028675, 0.295601934195, 0.230149790645, 0.258976012468, 0.398648411036, 0.416424959898, 0.43031206727, 0.443352997303, 0.281118094921, 0.284832417965, 0.672643661499, 0.703105688095, 0.786736667156, 0.966142892838, 0.639133453369, 0.3103903234, 0.292478621006, 0.227426767349, 0.211149260402, 0.129662081599, 0.0164484232664, 0.000838652253151, 8.31614961498e-05, 2.49055738095e-05, 5.92831247559e-06, 1.5310499748e-06, 3.91201098182e-07, 5.71701548324e-07, 1.1053111848e-06],
        "stdev": [0.00314017059281, 0.0749099999666, 0.387110263109, 1.42228829861, 3.94948172569, 9.39739990234, 26.1590690613, 6.58069849014, 15.0321512222, 18.0403862, 39.1478309631, 39.0285797119, 55.4794044495, 82.8985671997, 79.9682388306, 78.7815551758, 112.102203369, 98.8625335693, 81.8139724731, 59.657951355, 42.5782966614, 35.1043815613, 59.2987823486, 53.5568199158, 59.3948974609, 48.4194221497, 28.1322021484, 8.94189929962, 5.98190498352, 7.04693555832, 5.78954648972, 4.53965759277, 1.50384306908, 0.581019222736, 0.266398370266, 0.00910313334316, 0.000305262685288, 3.36452430929e-05, 9.17591478355e-06, 1.04135770016e-05]
    },
    "gfcc": {
        "mean": [-2.48520040512, 90.6653671265, -190.92868042, 51.3757781982, -90.607421875, 8.19590377808, -32.6348228455, -4.95225381851, -18.7816028595, -23.6332473755, 4.88338804245, -22.14594841, 0.0397358797491],
        "cov": [[949.380493164, -225.208389282, 175.586517334, -7.24235916138, -15.8320770264, 103.160522461, -178.385498047, 135.414398193, -142.042617798, 73.0213012695, -89.7147903442, 7.19418334961, -4.63116645813], [-225.208389282, 397.948150635, 28.6129322052, 63.0054588318, 43.1882171631, -114.488975525, 97.9506149292, -74.3142318726, 101.208854675, -93.4349594116, 29.6790390015, -9.48025035858, -0.338683307171], [175.586517334, 28.6129322052, 434.454162598, 109.217201233, -67.100769043, 49.1366882324, -162.848617554, 117.042121887, -58.5882263184, 55.1129074097, -107.215026855, 42.8913383484, -3.8724758625], [-7.24235916138, 63.0054588318, 109.217201233, 144.738632202, 45.0343437195, -14.556974411, -15.3672904968, -3.50295495987, 25.5717277527, -17.5689144135, -26.2119464874, 4.86754608154, 7.74649524689], [-15.8320770264, 43.1882171631, -67.100769043, 45.0343437195, 124.332687378, 22.0317058563, 47.1712188721, -23.7171916962, 18.797460556, -17.9794826508, 14.6925525665, -17.789604187, -1.47210741043], [103.160522461, -114.488975525, 49.1366882324, -14.556974411, 22.0317058563, 181.822250366, 40.2615432739, 14.0734376907, -75.4868774414, 50.7997245789, 1.77154231071, -5.72054862976, -21.3326721191], [-178.385498047, 97.9506149292, -162.848617554, -15.3672904968, 47.1712188721, 40.2615432739, 249.977752686, -78.0262756348, 22.2640380859, -41.5106658936, 81.1357803345, -28.9866943359, -16.6312541962], [135.414398193, -74.3142318726, 117.042121887, -3.50295495987, -23.7171916962, 14.0734376907, -78.0262756348, 179.627655029, 13.0234766006, 38.303943634, -69.3311309814, 10.2821397781, 6.35690498352], [-142.042617798, 101.208854675, -58.5882263184, 25.5717277527, 18.797460556, -75.4868774414, 22.2640380859, 13.0234766006, 152.164840698, -17.0097446442, -2.07498002052, -3.01359319687, 7.58529806137], [73.0213012695, -93.4349594116, 55.1129074097, -17.5689144135, -17.9794826508, 50.7997245789, -41.5106658936, 38.303943634, -17.0097446442, 109.275192261, 16.7287425995, 9.78735923767, -12.8987436295], [-89.7147903442, 29.6790390015, -107.215026855, -26.2119464874, 14.6925525665, 1.77154231071, 81.1357803345, -69.3311309814, -2.07498002052, 16.7287425995, 127.464683533, 0.247662559152, -9.56717395782], [7.19418334961, -9.48025035858, 42.8913383484, 4.86754608154, -17.789604187, -5.72054862976, -28.9866943359, 10.2821397781, -3.01359319687, 9.78735923767, 0.247662559152, 63.5464477539, 24.2578392029], [-4.63116645813, -0.338683307171, -3.8724758625, 7.74649524689, -1.47210741043, -21.3326721191, -16.6312541962, 6.35690498352, 7.58529806137, -12.8987436295, -9.56717395782, 24.2578392029, 59.4706420898]],
        "icov": [[0.00160470814444, -0.000119240830827, 0.000478976813611, -0.000409633183153, -0.00012146395602, -0.000538111082278, 0.000969573622569, -0.0010193559574, 0.00148490653373, -0.000347559078364, 0.00040688921581, 9.69518514466e-05, 0.000154038280016], [-0.000119240830827, 0.0139845777303, -0.0151744810864, 0.0106371045113, -0.0107002649456, 0.0103302011266, -0.00807205308229, 0.00695495074615, -0.00903101451695, 0.00828841421753, -0.00523293949664, 0.00340700545348, -0.00114541244693], [0.000478976813611, -0.0151744810864, 0.0249610245228, -0.0199173465371, 0.0169408079237, -0.0135492673144, 0.0110390931368, -0.0105341020972, 0.0125857684761, -0.0102927619591, 0.00813340581954, -0.00683003943413, 0.00419954303652], [-0.000409633183153, 0.0106371045113, -0.0199173465371, 0.025202864781, -0.0170826334506, 0.0105707179755, -0.00771328993142, 0.00917080044746, -0.0105914687738, 0.00779641326517, -0.00408597430214, 0.00398529274389, -0.00356050650589], [-0.00012146395602, -0.0107002649456, 0.0169408079237, -0.0170826334506, 0.0230057071894, -0.0123027097434, 0.0070403018035, -0.006661134772, 0.0063728033565, -0.00508065335453, 0.0034326587338, -0.00153339782264, 0.00135800533462], [-0.000538111082278, 0.0103302011266, -0.0135492673144, 0.0105707179755, -0.0123027097434, 0.0195106137544, -0.0109326438978, 0.00536530232057, -0.00197068997659, 0.000254592159763, -0.00104957865551, 0.00225068768486, 4.0650855226e-05], [0.000969573622569, -0.00807205308229, 0.0110390931368, -0.00771328993142, 0.0070403018035, -0.0109326438978, 0.0137004163116, -0.00439493870363, 0.00374073185958, -0.00031533947913, -0.00126780860592, -0.000699328142218, 0.00184265128337], [-0.0010193559574, 0.00695495074615, -0.0105341020972, 0.00917080044746, -0.006661134772, 0.00536530232057, -0.00439493870363, 0.0136865945533, -0.00788032077253, 0.00149667717051, 0.00112641311716, 0.002206687117, -0.00224178377539], [0.00148490653373, -0.00903101451695, 0.0125857684761, -0.0105914687738, 0.0063728033565, -0.00197068997659, 0.00374073185958, -0.00788032077253, 0.0179635789245, -0.00819966103882, 0.00568753061816, -0.00318532227539, 0.00174725090619], [-0.000347559078364, 0.00828841421753, -0.0102927619591, 0.00779641326517, -0.00508065335453, 0.000254592159763, -0.00031533947913, 0.00149667717051, -0.00819966103882, 0.0216770283878, -0.0105040585622, 0.00159738445655, 0.00145781820174], [0.00040688921581, -0.00523293949664, 0.00813340581954, -0.00408597430214, 0.0034326587338, -0.00104957865551, -0.00126780860592, 0.00112641311716, 0.00568753061816, -0.0105040585622, 0.0180358141661, -0.00492102606222, 0.00220229802653], [9.69518514466e-05, 0.00340700545348, -0.00683003943413, 0.00398529274389, -0.00153339782264, 0.00225068768486, -0.000699328142218, 0.002206687117, -0.00318532227539, 0.00159738445655, -0.00492102606222, 0.0230979826301, -0.0100594582036], [0.000154038280016, -0.00114541244693, 0.00419954303652, -0.00356050650589, 0.00135800533462, 4.0650855226e-05, 0.00184265128337, -0.00224178377539, 0.00174725090619, 0.00145781820174, 0.00220229802653, -0.0100594582036, 0.0229116976261]]
    },
    "melbands": {
        "max": [0.000714935944416, 0.00164395081811, 0.00574009958655, 0.00339275319129, 0.00943262316287, 0.00179320003372, 0.00315768900327, 0.00363135663792, 0.00378790148534, 0.00348132266663, 0.00332172168419, 0.00400797417387, 0.00423907721415, 0.00251051946543, 0.00317676411942, 0.00308734015562, 0.00294697866775, 0.0017450475134, 0.00102324353065, 0.000686246785335, 0.000723612029105, 0.000793800048996, 0.000420852331445, 0.00120477005839, 0.000499751477037, 0.000562410627026, 0.00030221423367, 0.000403230980737, 0.000325590517605, 0.000123532270663, 6.22051593382e-05, 5.56572522328e-05, 5.53358368052e-05, 0.000139909374411, 9.61381956586e-05, 0.000104579179606, 7.51489133108e-05, 1.30390026243e-05, 7.11032589606e-06, 7.05174443283e-06],
        "mean": [3.44117470377e-05, 0.000124530983157, 0.000192461127881, 0.000289614719804, 0.00045622442849, 0.000132119064801, 0.000153890476213, 0.000149536354002, 0.000233915270655, 0.000167635414982, 0.000191213883227, 0.000273413956165, 0.000142298813444, 0.000125348975416, 0.000109035754576, 0.000132534332806, 8.92680982361e-05, 6.22580919298e-05, 4.68693724542e-05, 3.22971936839e-05, 3.38484824169e-05, 3.01181607938e-05, 3.45180560544e-05, 5.53792742721e-05, 3.92584552174e-05, 6.15754615865e-05, 3.44771215168e-05, 3.13136115437e-05, 1.72752061189e-05, 6.74911962051e-06, 6.08597065366e-06, 3.86013380194e-06, 3.54410553882e-06, 3.41664076586e-06, 3.25675523527e-06, 2.18140189645e-06, 1.6829615106e-06, 1.09448387775e-06, 5.45116222384e-07, 2.64135508132e-07],
        "min": [6.55362200064e-08, 4.39190529278e-07, 2.03518311537e-06, 2.1870191631e-06, 6.38299695765e-07, 7.79559741204e-07, 1.02805802271e-06, 2.07173548006e-06, 1.24522944134e-06, 6.44711178666e-07, 1.42128180869e-06, 7.16652152732e-07, 5.47272122731e-07, 4.17383802187e-07, 7.63118350733e-07, 1.1147224086e-06, 6.57581153973e-07, 5.72388728415e-07, 2.90436673822e-07, 1.53982057327e-07, 1.71759268142e-07, 6.28256202617e-07, 3.89468823414e-07, 6.50348397357e-07, 5.45084560599e-07, 5.19871207416e-07, 5.05675814111e-07, 2.98169226198e-07, 2.06982434747e-07, 1.44408900837e-07, 1.23850938394e-07, 1.06488862173e-07, 1.14753348157e-07, 1.16520190829e-07, 6.85581298399e-08, 2.50676226443e-08, 2.2946313738e-09, 1.13455973783e-10, 7.78943402835e-12, 7.36718154472e-14],
        "stdev": [5.07511067553e-05, 0.000159608855029, 0.000300306797726, 0.00038984513958, 0.000761746487115, 0.000165311270393, 0.000234370847465, 0.000207999328268, 0.000294714322081, 0.000301646708976, 0.000283805245999, 0.000354296673322, 0.000327346730046, 0.000244982948061, 0.000203603805858, 0.000256601197179, 0.000172524582013, 0.00013699727424, 9.26672728383e-05, 5.92685864831e-05, 5.28228483745e-05, 3.70155794371e-05, 3.23683852912e-05, 9.20929014683e-05, 4.5071792556e-05, 5.86817659496e-05, 3.13658347295e-05, 3.47032691934e-05, 2.53565704043e-05, 9.05587694433e-06, 5.33536558578e-06, 3.67832217307e-06, 3.27780207954e-06, 4.88065916215e-06, 3.78927643396e-06, 3.36664788847e-06, 2.44439888775e-06, 1.21242635487e-06, 6.56554448142e-07, 4.80718028939e-07]
    },
    "melbands128": {
        "max": [5.20593712281e-05, 0.000179173512151, 0.00104316940997, 0.00166453886777, 0.00233607180417, 0.00260302051902, 0.00376015016809, 0.00911215227097, 0.00835764221847, 0.00425312155858, 0.00785295479, 0.00761699210852, 0.016095077619, 0.00606273766607, 0.00187251577154, 0.00279929349199, 0.00184198922943, 0.00593223143369, 0.00279112905264, 0.00526990788057, 0.00667033810169, 0.00824784301221, 0.00617241021246, 0.00406243186444, 0.00459994003177, 0.00631767418236, 0.00852973293513, 0.00416699098423, 0.00504226796329, 0.00723540224135, 0.00400240207091, 0.00661761313677, 0.00872475653887, 0.00486363144591, 0.00533318333328, 0.00477940309793, 0.00335972825997, 0.00295403762721, 0.00933268945664, 0.006226062309, 0.00725534791127, 0.00673287687823, 0.00550318183377, 0.00280913733877, 0.00280693918467, 0.00367880659178, 0.00330786802806, 0.00167376780882, 0.00216725980863, 0.00225784885697, 0.00101804104634, 0.000637577439193, 0.00192493340001, 0.000518197426572, 0.000603339343797, 0.00109114730731, 0.00147528806701, 0.00100965599995, 0.000355249387212, 0.000695867347531, 0.00251445220783, 0.00172747264151, 0.00125275412574, 0.000757280795369, 0.00125609512907, 0.00101869367063, 0.00117602676619, 0.000582221779041, 0.000562079541851, 0.00128078402486, 0.000529533601366, 0.00109888007864, 0.000851105025504, 0.000666579056997, 0.000197498651687, 0.000330586772179, 0.000303415348753, 8.60057189129e-05, 0.000104481601738, 0.000105576509668, 8.99153601495e-05, 5.85932612012e-05, 6.65334591758e-05, 6.99349402566e-05, 6.9734036515e-05, 0.000103999882413, 0.000188700156286, 0.000170498155057, 9.32912444114e-05, 7.05521524651e-05, 6.84080587234e-05, 0.000105723906017, 0.000272135075647, 5.42222514923e-05, 4.34432076872e-05, 1.67955877259e-05, 2.73242912954e-05, 9.75381954049e-06, 8.44644546305e-06, 9.14033535082e-06, 7.61149249229e-06, 1.05202470877e-05, 9.42536098592e-06, 1.51959138748e-05, 6.71090674587e-06, 1.08311701297e-06, 5.40294479379e-07, 2.77244311064e-07, 9.65987467794e-09, 9.31754584599e-09, 8.99086494144e-09, 8.69304805917e-09, 8.42124503464e-09, 8.1547515407e-09, 7.9004225384e-09, 7.67208696573e-09, 7.45554729065e-09, 7.25098558974e-09, 7.0648056294e-09, 6.89577728252e-09, 6.75243505555e-09, 6.61431487359e-09, 6.48164633077e-09, 6.37886587995e-09, 6.29067642421e-09, 6.22371176817e-09, 6.17752871079e-09, 6.14199802129e-09],
        "mean": [2.60565434473e-06, 9.72666384769e-06, 4.23299752583e-05, 9.09434311325e-05, 0.000120399032312, 0.000154608176672, 0.000178230460733, 0.00019788647478, 0.000224180213991, 0.000245834933594, 0.000359699479304, 0.000464362790808, 0.000638967787381, 0.000243725109613, 8.39761341922e-05, 9.08816582523e-05, 9.52800546656e-05, 0.000207001736271, 0.000158761118655, 0.000145882484503, 0.000100116048998, 0.000275767990388, 0.000300310348393, 0.000126883445773, 0.000129782274598, 0.000164946628502, 0.000298444734653, 0.000123444784549, 0.00014073390048, 0.00040763252764, 0.000250384793617, 0.0001588062878, 0.000186445438885, 7.08500665496e-05, 0.000108898399048, 0.000158127309987, 0.000136397837196, 6.84894039296e-05, 0.000134972782689, 0.000114385948109, 0.00010673559882, 0.000209989244468, 8.97091740626e-05, 3.25272339978e-05, 3.98805459554e-05, 7.59374452173e-05, 8.5206462245e-05, 3.35053518938e-05, 3.91795219912e-05, 4.58349641121e-05, 2.40354675043e-05, 2.42751884798e-05, 4.50761763204e-05, 3.15403594868e-05, 2.71147218882e-05, 2.46934414463e-05, 3.27590605593e-05, 5.33562160854e-05, 2.2259519028e-05, 2.522082832e-05, 8.0287027231e-05, 5.48782591068e-05, 3.57041462848e-05, 3.38075296895e-05, 4.48038481409e-05, 7.65428339946e-05, 6.70106092002e-05, 2.76455684798e-05, 2.74925241683e-05, 4.12781810155e-05, 3.56368655048e-05, 2.36637224589e-05, 2.10865109693e-05, 2.00600843527e-05, 6.6406582846e-06, 7.53755557525e-06, 6.49885487292e-06, 4.5478627726e-06, 7.33188926461e-06, 6.39446943751e-06, 3.01892782772e-06, 3.16278305945e-06, 4.19733987655e-06, 3.50088930645e-06, 3.25677592627e-06, 3.00841475109e-06, 3.76373509425e-06, 3.64041375178e-06, 3.65188702744e-06, 2.52792597166e-06, 2.23150709644e-06, 2.09338008972e-06, 2.13241037272e-06, 1.71120473169e-06, 1.42615272125e-06, 1.19577020996e-06, 1.13552687253e-06, 7.30507849767e-07, 6.43422026769e-07, 4.01209689471e-07, 2.18053500589e-07, 2.61273157776e-07, 2.73669087392e-07, 2.66639602842e-07, 9.2955808384e-08, 1.84649842083e-08, 2.47815479248e-09, 1.71517799963e-10, 1.29005695015e-11, 9.11301503009e-12, 8.69453207347e-12, 8.33484670171e-12, 8.00704034326e-12, 7.66733204705e-12, 7.29592514875e-12, 6.9733576552e-12, 6.68725881961e-12, 6.45981098474e-12, 6.28016085316e-12, 6.11559717797e-12, 5.96911062245e-12, 5.83553518008e-12, 5.71039439692e-12, 5.60822482204e-12, 5.52418527588e-12, 5.45885342138e-12, 5.41298820003e-12, 5.38086719279e-12],
        "min": [4.09017569813e-10, 9.14198405866e-09, 3.45657902301e-08, 7.48602175804e-08, 1.22757285226e-07, 2.97674660032e-07, 9.53432888195e-08, 8.58000532844e-08, 4.17318403834e-07, 2.54714706216e-07, 2.43814923806e-07, 1.0649397808e-07, 1.72453255232e-07, 1.24001189761e-07, 3.91656982401e-07, 7.59704192888e-08, 3.4712857655e-07, 2.0061322914e-07, 5.14605176249e-07, 3.82475434435e-07, 3.60768950713e-07, 4.17758030835e-07, 4.39423956777e-07, 5.65616460335e-07, 1.57904267439e-07, 2.81358836673e-07, 2.46644106028e-07, 5.96139216213e-07, 4.12544409301e-07, 3.75755519144e-07, 1.99336213313e-07, 1.41754213701e-07, 1.62215698651e-07, 1.94438257495e-07, 5.15354763309e-08, 4.05991542607e-08, 2.16599900682e-07, 3.30266033188e-07, 2.02266676297e-07, 1.439349262e-07, 4.64059262129e-08, 2.99801740766e-07, 6.39482919951e-08, 5.51308225738e-08, 1.80388539661e-08, 2.3682906658e-07, 2.66124473569e-08, 5.05099109205e-08, 1.1454639548e-07, 2.44994033949e-08, 7.43377768231e-08, 1.23179875189e-08, 6.97317270593e-09, 1.11834502547e-07, 1.96156065613e-07, 1.44143982084e-07, 3.55692293397e-07, 2.54385923881e-07, 2.04417304417e-07, 1.03261648121e-07, 4.40561905179e-07, 2.47199238856e-07, 2.26156473104e-07, 2.87589728032e-07, 1.13599796236e-07, 1.54962663146e-07, 4.2612902007e-07, 3.02213663872e-07, 2.13053979792e-07, 2.11579418874e-07, 1.70731354387e-07, 1.34189249934e-07, 8.97859564475e-08, 8.02575499392e-08, 1.01133139196e-07, 1.34548855613e-07, 7.53561479883e-08, 8.4115107768e-08, 9.12637858619e-08, 6.94959183534e-08, 6.78484468608e-08, 1.05397880645e-07, 1.02539488012e-07, 1.01989563461e-07, 8.29373050237e-08, 8.19883467784e-08, 5.16318543475e-08, 5.26926591249e-08, 2.46077362931e-08, 2.70486246734e-08, 3.45172956884e-08, 6.09355632619e-09, 2.77646766689e-10, 8.78109307489e-10, 1.29309216113e-10, 3.53272203157e-11, 1.35628952513e-10, 3.45066835349e-12, 6.43766019225e-13, 8.91864571561e-14, 8.76048704608e-14, 6.39161304179e-14, 5.44905544568e-14, 3.51565530973e-14, 4.84476655571e-14, 3.78316491632e-14, 2.98606794944e-14, 2.1048402821e-14, 2.41912643617e-14, 3.62711129306e-14, 3.2862964059e-14, 2.83415851958e-14, 3.49247879423e-14, 3.8898402457e-14, 3.25055330959e-14, 2.80219928885e-14, 3.49845207057e-14, 2.83203924315e-14, 2.44742258821e-14, 2.55278738822e-14, 2.80991372612e-14, 2.67664393389e-14, 2.48567273264e-14, 2.52751632964e-14, 3.25464786686e-14, 2.47935285041e-14, 2.94456502909e-14, 2.84710033598e-14],
        "stdev": [3.5944569845e-06, 1.33730409289e-05, 6.72860551276e-05, 0.000153913279064, 0.000184443750186, 0.000242530964897, 0.000310741655994, 0.000407779531088, 0.000477816909552, 0.000385452935006, 0.000674223119859, 0.00074956798926, 0.00131639500614, 0.000427953957114, 0.000138893330586, 0.000194913372979, 0.000158120252308, 0.000418919749791, 0.000242889072979, 0.000289294112008, 0.000258548068814, 0.000491960207, 0.000437310809502, 0.000225953379413, 0.000301804713672, 0.000449692481197, 0.000755797547754, 0.000246889394475, 0.000317711266689, 0.000606666901149, 0.000421506469138, 0.00041363335913, 0.000572778692003, 0.000278611230897, 0.000313141441438, 0.000364709558198, 0.000309613446007, 0.00016599240189, 0.000448893930297, 0.000354518764652, 0.000361122278264, 0.000475692970213, 0.000244394614128, 0.000108717104013, 0.000153186760144, 0.000206029930268, 0.000245289236773, 0.000100860241218, 0.000129484731588, 0.0001455629681, 5.82851134823e-05, 5.41738590982e-05, 0.000114587761345, 5.28868113179e-05, 4.93288425787e-05, 5.02765942656e-05, 6.5872030973e-05, 6.62077145535e-05, 3.06048386847e-05, 4.45209952886e-05, 0.000172736632521, 0.000111101842776, 7.72694911575e-05, 5.51160301256e-05, 7.66784069128e-05, 9.68256063061e-05, 8.99081278476e-05, 4.49321341875e-05, 4.13238267356e-05, 6.94022382959e-05, 5.24560236954e-05, 4.55736335425e-05, 4.79398440802e-05, 3.65565574612e-05, 1.24206717373e-05, 1.5561679902e-05, 1.36474518513e-05, 5.94364655626e-06, 8.16679857962e-06, 7.37770733394e-06, 4.53518850918e-06, 4.14276746596e-06, 5.32873355041e-06, 3.79293624064e-06, 3.67980874216e-06, 4.83331996293e-06, 6.86147450324e-06, 5.95359779254e-06, 4.37112475993e-06, 3.42234534401e-06, 3.49013157575e-06, 3.61791353498e-06, 5.99837812842e-06, 2.37447852669e-06, 2.01790976462e-06, 1.36343339818e-06, 1.51731899223e-06, 9.58903342507e-07, 8.57015152178e-07, 5.89992680489e-07, 4.35631648088e-07, 5.35178287464e-07, 5.74060038616e-07, 7.91409433987e-07, 3.39020999718e-07, 8.30751858416e-08, 1.93828579853e-08, 5.77576741989e-09, 2.43093656316e-10, 1.89980794985e-10, 1.82775017343e-10, 1.76432160548e-10, 1.70810865452e-10, 1.65475688707e-10, 1.59639149122e-10, 1.54773305283e-10, 1.50151363565e-10, 1.45833387033e-10, 1.42070188947e-10, 1.38612080147e-10, 1.3564026291e-10, 1.32796357244e-10, 1.30084915062e-10, 1.27985747e-10, 1.26166840864e-10, 1.24786098121e-10, 1.23829765886e-10, 1.23113477746e-10]
    },
    "mfcc": {
        "mean": [-606.930908203, 87.3487854004, -34.4857444763, 21.26704216, -23.5283813477, -2.65399670601, -4.59406375885, 6.57577800751, -18.7439346313, 7.14258480072, -10.5682420731, -2.50820684433, -10.639544487],
        "cov": [[897.504943848, -205.845397949, 91.9435043335, -116.234817505, 141.904708862, -91.8469009399, 73.1619949341, -74.5137710571, 52.645072937, -58.5150909424, 39.8787231445, -67.8495407104, 30.471622467], [-205.845397949, 340.258178711, -47.017074585, 132.118713379, -74.9132766724, 38.6039390564, -70.0413742065, 82.6974182129, -47.4935531616, 40.8886222839, -41.4733009338, 40.7307929993, -35.7647476196], [91.9435043335, -47.017074585, 475.560180664, -6.77085924149, 138.796218872, -82.5002593994, -6.12245368958, -63.1304321289, 103.325195312, -119.08455658, 82.0178985596, -42.2310066223, 45.4172706604], [-116.234817505, 132.118713379, -6.77085924149, 214.14553833, 6.58753967285, 24.67345047, -87.5411758423, 53.5588951111, -12.6909008026, 32.4156188965, -49.0438957214, 18.1376304626, -35.9901618958], [141.904708862, -74.9132766724, 138.796218872, 6.58753967285, 216.620605469, -76.5091705322, -25.3099536896, -52.7465667725, 84.2882461548, -60.2324905396, 43.1270294189, -48.1668357849, 34.7215156555], [-91.8469009399, 38.6039390564, -82.5002593994, 24.67345047, -76.5091705322, 221.298065186, 66.5512084961, 38.2309150696, -76.4776153564, 48.3949394226, -37.1791801453, 42.7186431885, -35.8470039368], [73.1619949341, -70.0413742065, -6.12245368958, -87.5411758423, -25.3099536896, 66.5512084961, 213.289535522, -9.41694355011, -32.3999633789, 6.12441492081, 18.2793540955, -2.3634288311, 18.9893035889], [-74.5137710571, 82.6974182129, -63.1304321289, 53.5588951111, -52.7465667725, 38.2309150696, -9.41694355011, 118.766555786, 8.44771575928, 41.853931427, -35.4657821655, 20.6525745392, -27.8812065125], [52.645072937, -47.4935531616, 103.325195312, -12.6909008026, 84.2882461548, -76.4776153564, -32.3999633789, 8.44771575928, 155.610229492, -22.6127471924, 38.1337089539, -35.9910926819, 20.1059303284], [-58.5150909424, 40.8886222839, -119.08455658, 32.4156188965, -60.2324905396, 48.3949394226, 6.12441492081, 41.853931427, -22.6127471924, 128.993530273, -13.9030504227, 31.9526500702, -27.6231536865], [39.8787231445, -41.4733009338, 82.0178985596, -49.0438957214, 43.1270294189, -37.1791801453, 18.2793540955, -35.4657821655, 38.1337089539, -13.9030504227, 98.9103927612, 1.67779815197, 32.3078422546], [-67.8495407104, 40.7307929993, -42.2310066223, 18.1376304626, -48.1668357849, 42.7186431885, -2.3634288311, 20.6525745392, -35.9910926819, 31.9526500702, 1.67779815197, 99.2495117188, 10.4605541229], [30.471622467, -35.7647476196, 45.4172706604, -35.9901618958, 34.7215156555, -35.8470039368, 18.9893035889, -27.8812065125, 20.1059303284, -27.6231536865, 32.3078422546, 10.4605541229, 77.4598617554]],
        "icov": [[0.00147246278357, 0.00049177010078, -4.58549366158e-05, 0.000439717812696, -0.00087083451217, 0.000472404062748, -0.000427888880949, -7.87164317444e-05, 0.000257837062236, -7.25524805603e-05, 0.000251689285506, 0.000161407733685, 0.000344969070284], [0.00049177010078, 0.0050340378657, -0.000352413888322, -0.00201093731448, 0.000809683871921, 0.000337595818564, 0.000827253388707, -0.00246939854696, 0.00160914496519, 7.37729787943e-05, -0.000668732332997, -0.000161396921612, 1.4142045984e-05], [-4.58549366158e-05, -0.000352413888322, 0.00376320932992, -0.00119016994722, -0.000429203006206, -0.000158299240866, -0.000616774719674, 0.0010589734884, -0.00178591604345, 0.00289388140664, -0.00217192084529, -1.452192123e-06, 0.000148989201989], [0.000439717812696, -0.00201093731448, -0.00119016994722, 0.009256914258, -0.00306415650994, -0.000557948078495, 0.00253589148633, -0.00199974584393, 0.00132042006589, -0.00221226224676, 0.00327009079047, -0.000842781038955, 0.00128947058693], [-0.00087083451217, 0.000809683871921, -0.000429203006206, -0.00306415650994, 0.00923727825284, -0.000114421585749, 0.000350322254235, 0.0025830892846, -0.00319960783236, 0.00155197910499, -0.00160251767375, 0.00203362316824, -0.00202758377418], [0.000472404062748, 0.000337595818564, -0.000158299240866, -0.000557948078495, -0.000114421585749, 0.00752466358244, -0.00273186317645, -0.000978899654001, 0.00198653317057, -0.000705502927303, 0.00111998722423, -0.00229579443112, 0.00273021915928], [-0.000427888880949, 0.000827253388707, -0.000616774719674, 0.00253589148633, 0.000350322254235, -0.00273186317645, 0.00762107782066, -0.00167579262052, 0.0020186600741, -0.0010547923157, -0.00103450508323, 0.00187331659254, -0.00252424413338], [-7.87164317444e-05, -0.00246939854696, 0.0010589734884, -0.00199974584393, 0.0025830892846, -0.000978899654001, -0.00167579262052, 0.0154263861477, -0.00629591289908, -0.000971193716396, 0.00316691817716, -0.00202717329375, 0.00193403591402], [0.000257837062236, 0.00160914496519, -0.00178591604345, 0.00132042006589, -0.00319960783236, 0.00198653317057, 0.0020186600741, -0.00629591289908, 0.0128093557432, -0.0016883991193, -0.00256701465696, 0.00283880811185, -0.00134495866951], [-7.25524805603e-05, 7.37729787943e-05, 0.00289388140664, -0.00221226224676, 0.00155197910499, -0.000705502927303, -0.0010547923157, -0.000971193716396, -0.0016883991193, 0.0127936154604, -0.00294273113832, -0.00218129833229, 0.00274735339917], [0.000251689285506, -0.000668732332997, -0.00217192084529, 0.00327009079047, -0.00160251767375, 0.00111998722423, -0.00103450508323, 0.00316691817716, -0.00256701465696, -0.00294273113832, 0.0168757494539, -0.00307760224678, -0.0019909858238], [0.000161407733685, -0.000161396921612, -1.452192123e-06, -0.000842781038955, 0.00203362316824, -0.00229579443112, 0.00187331659254, -0.00202717329375, 0.00283880811185, -0.00218129833229, -0.00307760224678, 0.0152615094557, -0.00598376709968], [0.000344969070284, 1.4142045984e-05, 0.000148989201989, 0.00128947058693, -0.00202758377418, 0.00273021915928, -0.00252424413338, 0.00193403591402, -0.00134495866951, 0.00274735339917, -0.0019909858238, -0.00598376709968, 0.0197471771389]]
    },
    "spectral_contrast_coeffs": {
        "max": [-0.413178741932, -0.527354955673, -0.507329046726, -0.505852520466, -0.588645100594, -0.460673362017],
        "mean": [-0.674902975559, -0.762001633644, -0.713250339031, -0.752396285534, -0.732757866383, -0.697884380817],
        "min": [-0.857227921486, -0.896437048912, -0.901179134846, -0.894590914249, -0.856462955475, -0.827376544476],
        "stdev": [0.071726128459, 0.0542404986918, 0.0637961104512, 0.052853744477, 0.0403587892652, 0.0552863515913]
    },
    "spectral_contrast_valleys": {
        "max": [-5.74113273621, -5.13121843338, -5.651263237, -6.19644975662, -5.78339099884, -8.21315765381],
        "mean": [-7.44760513306, -6.69766902924, -7.12417602539, -7.38398075104, -6.92078971863, -10.2943468094],
        "min": [-9.47558879852, -8.33163070679, -8.62340641022, -9.12549304962, -8.34362030029, -14.1583328247],
        "stdev": [0.572292387486, 0.469268679619, 0.436633169651, 0.413462609053, 0.345006287098, 0.892703533173]
    }
},
"rhythm": {
    "beats_count": 133,
    "beats_loudness": {
        "max": 0.0436634197831,
        "mean": 0.0223997198045,
        "min": 0.00332068628632,
        "stdev": 0.00676288362592
    },
    "bpm": 132.180297852,
    "bpm_histogram_first_peak_bpm": 133,
    "bpm_histogram_first_peak_weight": 0.352459013462,
    "bpm_histogram_second_peak_bpm": 112,
    "bpm_histogram_second_peak_spread": 0.166666686535,
    "bpm_histogram_second_peak_weight": 0.0378787890077,
    "danceability": 1.32596707344,
    "onset_rate": 2.6552836895,
    "beats_loudness_band_ratio": {
        "max": [0.667423129082, 0.669382333755, 0.613293528557, 0.734741687775, 0.621965646744, 0.483138769865],
        "mean": [0.106145590544, 0.133995637298, 0.203002795577, 0.27163797617, 0.151632323861, 0.168001621962],
        "min": [0.00309414765798, 0.00828475877643, 0.0119866523892, 0.0139731634408, 0.0194302536547, 0.0364487543702],
        "stdev": [0.106803119183, 0.108660876751, 0.128775075078, 0.188782036304, 0.117149725556, 0.076976723969]
    },
