{
"metadata": {
    "version": {
        "essentia": "2.1-beta5",
        "essentia_git_sha": "Undefined",
        "extractor": "music 2.0"
    },
    "audio_properties": {
        "analysis": {
            "equal_loudness": 0,
            "length": 32.4963264465,
            "sample_rate": 44100,
            "start_time": 77.7404098511,
            "downmix": "mix"
        },
        "bit_rate": 192000,
        "length": 217.269119263,
        "lossless": 0,
        "number_channels": 2,
        "replay_gain": -1.7087059021,
        "sample_rate": 48000,
        "codec": "mp3",
        "md5_encoded": "d262a00b4d30d6834acc2f507ba84087"
    },
    "tags": {
        "file_name": "Israel_Hora_Avi Toledano.mp3",
        "encoding": ["Lavf58.29.100"]
    }
},
"lowlevel": {
    "average_loudness": 0.966259002686,
    "barkbands_crest": {
        "max": 26.5142345428,
        "mean": 9.0821762085,
        "min": 2.56491947174,
        "stdev": 4.83531427383
    },
    "barkbands_flatness_db": {
        "max": 0.359722584486,
        "mean": 0.145086824894,
        "min": 0.06843457371,
        "stdev": 0.0407559797168
    },
    "barkbands_kurtosis": {
        "max": 91.3558654785,
        "mean": 1.17531883717,
        "min": -1.77238404751,
        "stdev": 6.48770666122
    },
    "barkbands_skewness": {
        "max": 8.93918323517,
        "mean": 0.61869341135,
        "min": -4.8103928566,
        "stdev": 1.08944141865
    },
    "barkbands_spread": {
        "max": 63.7149658203,
        "mean": 22.3335819244,
        "min": 1.10723149776,
        "stdev": 9.31206130981
    },
    "dissonance": {
        "max": 0.499962508678,
        "mean": 0.466220319271,
        "min": 0.297960639,
        "stdev": 0.0272370949388
    },
    "dynamic_complexity": 2.84010457993,
    "erbbands_crest": {
        "max": 32.1326789856,
        "mean": 10.5412511826,
        "min": 2.732172966,
        "stdev": 5.52925443649
    },
    "erbbands_flatness_db": {
        "max": 0.388774365187,
        "mean": 0.218997642398,
        "min": 0.102143183351,
        "stdev": 0.0404945984483
    },
    "erbbands_kurtosis": {
        "max": 45.5906562805,
        "mean": 0.642262339592,
        "min": -1.59254908562,
        "stdev": 3.77671551704
    },
    "erbbands_skewness": {
        "max": 6.37583780289,
        "mean": 0.221307396889,
        "min": -3.59085297585,
        "stdev": 1.0196532011
    },
    "erbbands_spread": {
        "max": 84.7599639893,
        "mean": 29.2732200623,
        "min": 2.89860773087,
        "stdev": 11.7258853912
    },
    "hfc": {
        "max": 163.065658569,
        "mean": 24.9376220703,
        "min": 0.376389741898,
        "stdev": 17.6703681946
    },
    "loudness_ebu128": {
        "integrated": -22.1094989777,
        "loudness_range": 3.31337738037,
        "momentary": {
            "max": -18.9139385223,
            "mean": -22.6815395355,
            "min": -34.2266616821,
            "stdev": 2.46703267097
        },
        "short_term": {
            "max": -20.6215515137,
            "mean": -22.2469081879,
            "min": -27.0488491058,
            "stdev": 1.32342040539
        }
    },
    "melbands_crest": {
        "max": 34.6085624695,
        "mean": 11.509601593,
        "min": 3.09516859055,
        "stdev": 5.85331344604
    },
    "melbands_flatness_db": {
        "max": 0.351131767035,
        "mean": 0.132156327367,
        "min": 0.0286506339908,
        "stdev": 0.0457619391382
    },
    "melbands_kurtosis": {
        "max": 169.318557739,
        "mean": 4.36422681808,
        "min": -1.69564032555,
        "stdev": 11.6011190414
    },
    "melbands_skewness": {
        "max": 10.3676958084,
        "mean": 1.33489191532,
        "min": -2.00744247437,
        "stdev": 1.07381439209
    },
    "melbands_spread": {
        "max": 150.582122803,
        "mean": 37.4963569641,
        "min": 1.24960637093,
        "stdev": 19.8912792206
    },
    "pitch_salience": {
        "max": 0.834240198135,
        "mean": 0.56539529562,
        "min": 0.0627839788795,
        "stdev": 0.121369957924
    },
    "silence_rate_20dB": {
        "max": 1,
        "mean": 1,
        "min": 1,
        "stdev": 0
    },
    "silence_rate_30dB": {
        "max": 1,
        "mean": 1,
        "min": 1,
        "stdev": 0
    },
    "silence_rate_60dB": {
        "max": 1,
        "mean": 0.0813704505563,
        "min": 0,
        "stdev": 0.273403942585
    },
    "spectral_centroid": {
        "max": 4815.53515625,
        "mean": 2095.7722168,
        "min": 743.408813477,
        "stdev": 592.42364502
    },
    "spectral_complexity": {
        "max": 45,
        "mean": 19.8765163422,
        "min": 0,
        "stdev": 8.32210731506
    },
    "spectral_decrease": {
        "max": -4.17127894725e-11,
        "mean": -4.034085066e-09,
        "min": -2.76035621027e-08,
        "stdev": 3.03476466179e-09
    },
    "spectral_energy": {
        "max": 0.112214073539,
        "mean": 0.0174874830991,
        "min": 0.000205137373996,
        "stdev": 0.012722893618
    },
    "spectral_energyband_high": {
        "max": 0.0280530937016,
        "mean": 0.000979844829999,
        "min": 9.97422102955e-06,
        "stdev": 0.0015381682897
    },
    "spectral_energyband_low": {
        "max": 0.00765108456835,
        "mean": 0.000382488709874,
        "min": 3.48389539795e-06,
        "stdev": 0.000551560078748
    },
    "spectral_energyband_middle_high": {
        "max": 0.0423896275461,
        "mean": 0.00804827176034,
        "min": 5.59315485589e-05,
        "stdev": 0.00673769600689
    },
    "spectral_energyband_middle_low": {
        "max": 0.105312265456,
        "mean": 0.00829340610653,
        "min": 1.89731654245e-05,
        "stdev": 0.00995262153447
    },
    "spectral_entropy": {
        "max": 8.42434978485,
        "mean": 7.59375286102,
        "min": 6.0264840126,
        "stdev": 0.311693757772
    },
    "spectral_flux": {
        "max": 0.234792619944,
        "mean": 0.0771841481328,
        "min": 0.00968057475984,
        "stdev": 0.0359084233642
    },
    "spectral_kurtosis": {
        "max": 18.7338619232,
        "mean": 2.68415522575,
        "min": -0.692241668701,
        "stdev": 1.7804441452
    },
    "spectral_rms": {
        "max": 0.010463132523,
        "mean": 0.00384004972875,
        "min": 0.000447363418061,
        "stdev": 0.0015215104213
    },
    "spectral_rolloff": {
        "max": 7859.61914062,
        "mean": 2644.70947266,
        "min": 366.064453125,
        "stdev": 1094.2779541
    },
    "spectral_skewness": {
        "max": 3.21737480164,
        "mean": 0.989385485649,
        "min": -0.512746155262,
        "stdev": 0.306659907103
    },
    "spectral_spread": {
        "max": 14493836,
        "mean": 3580541.25,
        "min": 2044382.25,
        "stdev": 712885.6875
    },
    "spectral_strongpeak": {
        "max": 12.0779085159,
        "mean": 2.13426303864,
        "min": 0.0152236027643,
        "stdev": 1.76323974133
    },
    "zerocrossingrate": {
        "max": 0.24072265625,
        "mean": 0.0868349447846,
        "min": 0.01904296875,
        "stdev": 0.0272828992456
    },
    "barkbands": {
        "max": [5.06774085807e-05, 0.00207013054751, 0.00369442044757, 0.0121589489281, 0.0132609307766, 0.00568481674418, 0.0257644429803, 0.0452018044889, 0.0997875705361, 0.0332010798156, 0.0145853031427, 0.0397153943777, 0.0149600766599, 0.0147490035743, 0.0204457957298, 0.0146213518456, 0.0121149551123, 0.0100211538374, 0.014871833846, 0.00788529217243, 0.0145766753703, 0.0218067932874, 0.00251612113789, 0.000715054688044, 0.000169051490957, 6.00533212491e-06, 1.7982109739e-06],
        "mean": [2.64758159574e-06, 0.000101743105915, 0.000165135497809, 0.000275906699244, 0.000747330079321, 0.000461871502921, 0.000822796486318, 0.00201468612067, 0.00367540703155, 0.00115097023081, 0.000813363643829, 0.00105895509478, 0.000959229830187, 0.000761933100875, 0.000603451568168, 0.00044906619587, 0.00064601568738, 0.000665952509735, 0.000777784967795, 0.000599362771027, 0.000247569638304, 0.000296069745673, 0.000132129498525, 4.94013693242e-05, 8.52748507896e-06, 1.76692623199e-07, 2.46485631905e-09],
        "min": [1.15561349379e-09, 4.96001632655e-07, 8.6102780017e-08, 1.30400735543e-07, 3.57748695023e-06, 2.30792693401e-06, 1.78587436039e-06, 1.23694007925e-06, 2.23320876103e-06, 9.84129428616e-07, 6.36194840808e-07, 4.20025315861e-07, 6.87448789449e-07, 1.28614965433e-06, 5.14239673066e-07, 2.05029141398e-06, 3.07346022055e-06, 2.5375752557e-06, 3.02386888507e-06, 3.22300093103e-06, 6.92721414453e-07, 2.69684414889e-06, 7.16062004358e-07, 7.45010197534e-07, 4.71844820993e-08, 1.31705410467e-10, 1.07273537275e-10],
        "stdev": [4.20356673203e-06, 0.000150204243255, 0.000264395144768, 0.000711128814146, 0.00116572331171, 0.000635659089312, 0.00203493167646, 0.00428534206003, 0.00867796968669, 0.00234061689116, 0.0017331923591, 0.00247724330984, 0.00174797116779, 0.00146747217514, 0.00147018977441, 0.000792122154962, 0.000925088184886, 0.000864139467012, 0.00120149948634, 0.000886385620106, 0.000561197870411, 0.000803503324278, 0.000162686294061, 7.10184467607e-05, 1.26916229419e-05, 2.99388375424e-07, 5.00133481296e-08]
    },
    "erbbands": {
        "max": [0.016717819497, 0.595254838467, 3.35467672348, 20.309261322, 65.8220291138, 50.4138870239, 79.3149337769, 69.3632736206, 392.286621094, 912.330505371, 1170.47119141, 2132.49902344, 1324.7355957, 600.708496094, 546.034912109, 1227.49804688, 781.259277344, 713.093566895, 1083.0579834, 650.169250488, 424.373657227, 855.344482422, 470.292663574, 544.767456055, 621.485107422, 337.984619141, 289.946228027, 817.249328613, 920.776672363, 195.33984375, 41.4186859131, 21.9001750946, 10.1042881012, 3.68532156944, 0.514912366867, 0.0565875098109, 0.00745742022991, 0.0011064914288, 0.000268928502919, 0.000132565415697],
        "mean": [0.0013484058436, 0.0294744838029, 0.158133119345, 0.600829482079, 1.75021469593, 2.20511126518, 3.38519668579, 4.49503946304, 9.02544116974, 24.1221866608, 48.5040245056, 81.1053466797, 59.2707557678, 33.6138191223, 42.0767021179, 37.5048904419, 44.7922286987, 37.1258201599, 46.0603065491, 20.4579925537, 28.4738388062, 38.5883369446, 38.4624862671, 35.250289917, 38.4155502319, 29.2649307251, 12.6299953461, 9.16749286652, 11.397687912, 7.28732252121, 3.05052304268, 1.52662038803, 0.506040334702, 0.151049569249, 0.0350777208805, 0.00259935972281, 0.000200263180886, 1.83195224963e-05, 1.40804449984e-05, 2.34055569308e-05],
        "min": [1.26672293845e-05, 0.000190782768186, 0.00118795130402, 0.00243689236231, 0.00515592191368, 0.012607996352, 0.0134915113449, 0.0182777848095, 0.026472216472, 0.0283018890768, 0.0358413942158, 0.057184766978, 0.0385183691978, 0.0379050374031, 0.0205587148666, 0.0177373476326, 0.0365821942687, 0.0574670732021, 0.0384819954634, 0.044067826122, 0.144223734736, 0.250465214252, 0.270756483078, 0.097593665123, 0.165906086564, 0.158826932311, 0.09880322963, 0.0401725247502, 0.0764346122742, 0.0719358250499, 0.0214602071792, 0.0122309559956, 0.0121023068205, 0.00130529003218, 0.000603576540016, 0.000147593949805, 1.31234692162e-05, 1.60410570516e-06, 3.49355332219e-07, 4.25259372605e-07],
        "stdev": [0.00164916436188, 0.0440980121493, 0.250722914934, 1.2330994606, 4.39091920853, 3.372174263, 5.13148784637, 6.65531301498, 21.5694580078, 62.668258667, 102.149421692, 199.651397705, 145.573898315, 60.8092308044, 69.740447998, 75.144317627, 82.2270736694, 63.9044265747, 99.072303772, 34.7310791016, 42.4485816956, 55.6594238281, 46.2156066895, 52.6641807556, 52.2144546509, 41.8109779358, 18.9069538116, 29.8987846375, 33.3674850464, 11.5880727768, 3.57787823677, 2.09952402115, 0.733393788338, 0.230722725391, 0.0494237020612, 0.00324714556336, 0.000323636020767, 3.48735520674e-05, 1.15894154078e-05, 1.61780899361e-05]
    },
    "gfcc": {
        "mean": [-25.3539600372, 86.9349975586, -187.171936035, 42.4694633484, -89.4231719971, 7.87675952911, -33.3596076965, 0.08233358711, -15.4658994675, -16.6241226196, -6.30958843231, -14.5569887161, -6.54768228531],
        "cov": [[1810.52539062, -21.0995922089, -418.926300049, -107.840492249, -84.9763031006, -10.6901674271, 59.2667503357, -62.8070907593, 42.2272834778, -71.6660995483, 148.889602661, -90.1561355591, 3.82624030113], [-21.0995922089, 378.271484375, 79.4194717407, -27.5580768585, 71.0813369751, -64.3779373169, 25.7967529297, 13.5015554428, 56.5905914307, -27.3234462738, -9.63684844971, -39.7015190125, -15.5578403473], [-418.926300049, 79.4194717407, 450.2527771, 181.679458618, 8.6594991684, 68.3330307007, -94.6922302246, 34.8720283508, -21.7442626953, 13.6470785141, -70.5859146118, 38.5329551697, -40.600528717], [-107.840492249, -27.5580768585, 181.679458618, 277.882415771, 72.4349822998, 7.68025970459, -65.4457778931, -27.0551986694, -20.4710350037, 9.13249206543, -16.9649753571, 50.5106964111, -13.422785759], [-84.9763031006, 71.0813369751, 8.6594991684, 72.4349822998, 166.209945679, 11.1706352234, -38.8753395081, 2.75725841522, 12.7099647522, 8.23339748383, -15.3154830933, 0.670451641083, 0.802619814873], [-10.6901674271, -64.3779373169, 68.3330307007, 7.68025970459, 11.1706352234, 173.004455566, 19.6826553345, -3.19252729416, -52.9760932922, 8.99477386475, -1.30394148827, 8.15838527679, -10.3748493195], [59.2667503357, 25.7967529297, -94.6922302246, -65.4457778931, -38.8753395081, 19.6826553345, 262.883880615, 18.4972324371, -4.01787757874, -23.7515602112, 12.8885250092, -22.5790805817, -11.0094099045], [-62.8070907593, 13.5015554428, 34.8720283508, -27.0551986694, 2.75725841522, -3.19252729416, 18.4972324371, 109.250717163, 53.2086982727, -16.3361816406, -28.743434906, -15.8680038452, 14.6439495087], [42.2272834778, 56.5905914307, -21.7442626953, -20.4710350037, 12.7099647522, -52.9760932922, -4.01787757874, 53.2086982727, 157.665664673, 11.2650251389, -31.6539459229, -33.3370132446, 5.32845020294], [-71.6660995483, -27.3234462738, 13.6470785141, 9.13249206543, 8.23339748383, 8.99477386475, -23.7515602112, -16.3361816406, 11.2650251389, 87.8760070801, 24.7997875214, 0.00467178365216, -19.2991638184], [148.889602661, -9.63684844971, -70.5859146118, -16.9649753571, -15.3154830933, -1.30394148827, 12.8885250092, -28.743434906, -31.6539459229, 24.7997875214, 94.5220108032, 26.9547595978, -16.6755256653], [-90.1561355591, -39.7015190125, 38.5329551697, 50.5106964111, 0.670451641083, 8.15838527679, -22.5790805817, -15.8680038452, -33.3370132446, 0.00467178365216, 26.9547595978, 100.353897095, 11.332482338], [3.82624030113, -15.5578403473, -40.600528717, -13.422785759, 0.802619814873, -10.3748493195, -11.0094099045, 14.6439495087, 5.32845020294, -19.2991638184, -16.6755256653, 11.332482338, 101.216674805]],
        "icov": [[0.00112704117782, -0.00035593402572, 0.00122733192984, -0.000993383931927, 0.0010888526449, -0.00106101692654, 0.000551746867131, 0.000232354257605, -0.000870385614689, 0.00160954764578, -0.00201965961605, 0.0013894190779, 3.66809654224e-05], [-0.00035593402572, 0.00711088115349, -0.00634146109223, 0.00483819097281, -0.00640348810703, 0.00434619700536, -0.00249485997483, 0.00412124115974, -0.00284488196485, 0.00413869461045, -0.00505822664127, 0.0028421075549, -0.00137966265902], [0.00122733192984, -0.00634146109223, 0.0118344658986, -0.00807173456997, 0.00830193981528, -0.00616654008627, 0.00402107881382, -0.00647974060848, 0.00301951449364, -0.00374920293689, 0.00706974510103, -0.00290309940465, 0.00394844636321], [-0.000993383931927, 0.00483819097281, -0.00807173456997, 0.0106735657901, -0.00792505964637, 0.00466430839151, -0.00225384160876, 0.00526871625334, -0.00162356696092, 0.0020708842203, -0.00239753141068, -0.00099909468554, -0.00131037086248], [0.0010888526449, -0.00640348810703, 0.00830193981528, -0.00792505964637, 0.0141485044733, -0.00579384434968, 0.0037272812333, -0.00482119200751, 0.00162239256315, -0.00333099416457, 0.00474672671407, -0.00124608760234, 0.00185158848763], [-0.00106101692654, 0.00434619700536, -0.00616654008627, 0.00466430839151, -0.00579384434968, 0.0107587762177, -0.00296847964637, 0.00197636475787, 0.00175789021887, -0.0001502095256, -0.00115503545385, 0.000600511324592, -0.000985643360764], [0.000551746867131, -0.00249485997483, 0.00402107881382, -0.00225384160876, 0.0037272812333, -0.00296847964637, 0.00585690606385, -0.00277251866646, 0.000908104644623, 0.000321103550959, 0.000914123433176, 5.08921984874e-05, 0.00177240476478], [0.000232354257605, 0.00412124115974, -0.00647974060848, 0.00526871625334, -0.00482119200751, 0.00197636475787, -0.00277251866646, 0.01681705378, -0.00705485837534, 0.00598108721897, -0.00441182032228, 0.00279570464045, -0.00329767353833], [-0.000870385614689, -0.00284488196485, 0.00301951449364, -0.00162356696092, 0.00162239256315, 0.00175789021887, 0.000908104644623, -0.00705485837534, 0.012326516211, -0.0067179822363, 0.0075954888016, -0.00141295301728, 0.00135801639408], [0.00160954764578, 0.00413869461045, -0.00374920293689, 0.0020708842203, -0.00333099416457, -0.0001502095256, 0.000321103550959, 0.00598108721897, -0.0067179822363, 0.0202663969249, -0.0124748721719, 0.00564464041963, 5.72997560084e-05], [-0.00201965961605, -0.00505822664127, 0.00706974510103, -0.00239753141068, 0.00474672671407, -0.00115503545385, 0.000914123433176, -0.00441182032228, 0.0075954888016, -0.0124748721719, 0.0273337569088, -0.01117806416, 0.00537477619946], [0.0013894190779, 0.0028421075549, -0.00290309940465, -0.00099909468554, -0.00124608760234, 0.000600511324592, 5.08921984874e-05, 0.00279570464045, -0.00141295301728, 0.00564464041963, -0.01117806416, 0.0173379741609, -0.00387232052162], [3.66809654224e-05, -0.00137966265902, 0.00394844636321, -0.00131037086248, 0.00185158848763, -0.000985643360764, 0.00177240476478, -0.00329767353833, 0.00135801639408, 5.72997560084e-05, 0.00537477619946, -0.00387232052162, 0.0128890546039]]
    },
    "melbands": {
        "max": [0.000355685217073, 0.00144078861922, 0.0050556184724, 0.00292639690451, 0.00300457701087, 0.0013540716609, 0.00596488919109, 0.0107641043141, 0.0132925966755, 0.0136206615716, 0.00639839097857, 0.00280246394686, 0.00185938226059, 0.00609256792814, 0.00124474999029, 0.0019733030349, 0.00129709613975, 0.00173394766171, 0.001240707119, 0.00150593696162, 0.000558639760129, 0.00102003652137, 0.000409577012761, 0.000799107772764, 0.000502743409015, 0.000566755014006, 0.000525398587342, 0.000298755185213, 0.000293227290967, 0.000281190674286, 0.000477733672597, 0.00064471992664, 0.000186630044482, 8.82713138708e-05, 2.40929221036e-05, 1.79243579623e-05, 1.60093313752e-05, 5.88195098317e-06, 7.08405877958e-06, 2.21797245104e-06],
        "mean": [2.0268602384e-05, 7.23767225281e-05, 0.000139741794555, 0.000141804644954, 0.000120072319987, 9.90298431134e-05, 0.000142265329487, 0.000311120209517, 0.000399880809709, 0.000538942869753, 0.000287793431198, 0.00013568054419, 0.000130303844344, 0.000139393509016, 7.15885107638e-05, 0.000106505111034, 6.01857536822e-05, 8.0314144725e-05, 3.34247160936e-05, 2.45821083809e-05, 3.38440695486e-05, 3.8360554754e-05, 3.79791417799e-05, 3.32947129209e-05, 2.71941353276e-05, 3.09916249535e-05, 2.53021553362e-05, 1.77956371772e-05, 8.82403310243e-06, 5.05476737089e-06, 5.1101610552e-06, 6.70218560117e-06, 5.32682452103e-06, 3.6592507513e-06, 1.91431763596e-06, 1.06205686734e-06, 8.59277179188e-07, 3.77829707077e-07, 1.85313254519e-07, 1.10393543196e-07],
        "min": [1.41059601333e-07, 5.45519412753e-07, 4.80745711684e-07, 5.49114020032e-07, 4.56948185956e-07, 4.43717510734e-07, 3.54699380978e-07, 2.58034503986e-07, 2.86431344421e-07, 2.28063498753e-07, 1.83527404829e-07, 1.39771231034e-07, 6.25573690627e-08, 5.55574253269e-08, 3.48085009705e-08, 6.78458036418e-08, 1.00729415919e-07, 5.87718531619e-08, 4.42094645337e-08, 7.25549398339e-08, 7.69053016825e-08, 2.05844941092e-07, 2.84849477339e-07, 8.63245261939e-08, 6.94003006174e-08, 1.26125897282e-07, 1.01882442038e-07, 7.69163364112e-08, 5.90187241301e-08, 1.51012322647e-08, 2.17224478405e-08, 2.48887985776e-08, 6.41573763005e-08, 2.12722248705e-08, 1.33949340508e-08, 6.88147272498e-09, 8.00142352375e-09, 3.99774657822e-09, 1.58704471787e-09, 3.71936335897e-11],
        "stdev": [2.76346636383e-05, 0.000106582090666, 0.00032072653994, 0.000248670956353, 0.000184060336323, 0.000142898759805, 0.000344520813087, 0.000737453694455, 0.0009217102197, 0.00132844224572, 0.000724312441889, 0.000263984606136, 0.000238920591073, 0.000350151443854, 0.000119304138934, 0.000197525092517, 0.000115270035167, 0.000177662732312, 7.44768694858e-05, 5.67300121475e-05, 5.41859444638e-05, 6.39981299173e-05, 5.03347073391e-05, 5.12657497893e-05, 4.73863547086e-05, 4.72284409625e-05, 4.21048825956e-05, 2.85541445919e-05, 1.54422723426e-05, 1.1978017028e-05, 1.82867661351e-05, 2.2316678951e-05, 1.0362953617e-05, 5.29249791725e-06, 2.26496490541e-06, 1.39216729167e-06, 1.31448075535e-06, 5.55026190341e-07, 3.12966221827e-07, 1.75639726763e-07]
    },
    "melbands128": {
        "max": [2.65970793407e-05, 5.41258123121e-05, 0.000335089920554, 0.0012844747398, 0.00135797960684, 0.00197530863807, 0.00315564451739, 0.00742664514109, 0.00870861951262, 0.00280045904219, 0.00290682306513, 0.00610627280548, 0.0032667289488, 0.00195336644538, 0.00252620619722, 0.00249579222873, 0.00363060715608, 0.0111501347274, 0.00773929525167, 0.0159384943545, 0.0176790785044, 0.0110345045105, 0.0177912283689, 0.0401876531541, 0.021314965561, 0.0209581851959, 0.0169336982071, 0.0100648775697, 0.0119201596826, 0.00467397226021, 0.00512614939362, 0.00475419592112, 0.00387581926771, 0.00283501832746, 0.00837740860879, 0.00907872896641, 0.00212788907811, 0.00160191685427, 0.00240881368518, 0.00419791834429, 0.00425251061097, 0.00380278658122, 0.00186266656965, 0.00242973957211, 0.00411340221763, 0.00416848249733, 0.0055610043928, 0.000766123819631, 0.00131865474395, 0.00126436748542, 0.00294052483514, 0.000580930267461, 0.00136943568941, 0.000700377335306, 0.000722338387277, 0.00191430142149, 0.00110774999484, 0.00112654746044, 0.000732403481379, 0.00078053586185, 0.00167055916972, 0.000480223912746, 0.00106983853038, 0.000885883753654, 0.00117774354294, 0.000683844496962, 0.00113206531387, 0.00136159115937, 0.000890739087481, 0.00051536859246, 0.000517928216141, 0.000605895707849, 0.0002227928926, 0.000583882967476, 0.000120115058962, 0.000137884228025, 0.000404732680181, 0.00104046042543, 0.000396466319216, 0.000884896609932, 0.000435359426774, 0.000956470961682, 0.000302947242744, 0.000162831114721, 0.000146879901877, 0.000202624534722, 5.07421646034e-05, 3.01157670037e-05, 4.26967490057e-05, 2.47483130806e-05, 1.47775144796e-05, 2.42074602284e-05, 2.11914302781e-05, 2.33106093219e-05, 1.64029770531e-05, 8.51368440635e-06, 6.86979046804e-06, 1.23256304505e-05, 9.35853313422e-06, 3.43054648511e-06, 1.48248602727e-06, 3.28256714965e-06, 2.86429371954e-06, 9.18057196486e-07, 6.65211928208e-07, 2.20300933051e-07, 2.10692590485e-07, 2.00184246069e-07, 9.79588961059e-08, 4.53246435939e-08, 1.04201205886e-07, 1.72021596967e-08, 1.14884697311e-08, 9.32677224341e-09, 9.05710351162e-09, 8.81769235406e-09, 8.58955040428e-09, 8.36952551708e-09, 8.15311906877e-09, 7.97914534445e-09, 7.76786990286e-09, 7.61214646872e-09, 7.49236672704e-09, 7.33960847654e-09, 7.23510673595e-09, 7.1656769407e-09, 7.10815584171e-09, 7.07074265804e-09],
        "mean": [1.57404087986e-06, 5.61693423151e-06, 2.35487914324e-05, 5.6211156334e-05, 6.82969402988e-05, 8.81970117916e-05, 0.000109349828563, 0.000151779531734, 0.00019895422156, 0.000130931861349, 0.000108856344013, 0.000150652194861, 0.000122822500998, 7.93444196461e-05, 0.000100989884231, 0.000100211822428, 0.000127242412418, 0.000147960148752, 0.00014938316599, 0.000258247979218, 0.000395581679186, 0.000482140341774, 0.000348562374711, 0.000373186776415, 0.000548570009414, 0.000607089896221, 0.000534876482561, 0.000167925609276, 0.000191702507436, 0.000168175640283, 9.56581061473e-05, 0.000106249281089, 0.00015411026834, 0.000100638499134, 0.000204131851206, 0.000139310825034, 5.92868709646e-05, 5.322256402e-05, 8.28549236758e-05, 0.000124786529341, 9.33741102926e-05, 0.000120661927212, 4.76385539514e-05, 2.50940665865e-05, 9.16854623938e-05, 9.97320967144e-05, 6.58879434923e-05, 2.46818890446e-05, 2.50255670835e-05, 2.40227982431e-05, 2.4027109248e-05, 1.86394136108e-05, 5.20709072589e-05, 2.59307835222e-05, 2.7889969715e-05, 4.49828512501e-05, 4.00323297072e-05, 4.43709286628e-05, 3.65040978068e-05, 2.7017773391e-05, 4.51610685559e-05, 2.50487137237e-05, 1.71474111994e-05, 2.90622556349e-05, 4.33463319496e-05, 2.75865331787e-05, 2.81515349343e-05, 2.53620855801e-05, 2.5488960091e-05, 2.42832611548e-05, 1.83140982699e-05, 1.65508499776e-05, 7.52207051846e-06, 1.06731577034e-05, 4.66755227535e-06, 4.23135224992e-06, 5.69964777242e-06, 5.46588034922e-06, 4.4716798584e-06, 5.3507519624e-06, 6.4693404056e-06, 7.63429670769e-06, 6.69838118483e-06, 5.00597661812e-06, 4.33349441664e-06, 3.75533591068e-06, 3.84146414945e-06, 2.66320216724e-06, 1.84405496384e-06, 1.27113344206e-06, 1.08735650883e-06, 9.65721369539e-07, 1.10725625291e-06, 9.27715518628e-07, 7.09957532763e-07, 4.12674125982e-07, 3.28861574417e-07, 2.82711880573e-07, 1.85650421258e-07, 1.50922105036e-07, 8.68008456223e-08, 1.17657414478e-07, 1.19845168456e-07, 6.01338854267e-08, 2.75909375347e-08, 1.12129256991e-08, 6.07355943316e-09, 4.30534674578e-09, 2.00856442589e-09, 1.76855141643e-09, 1.15019371805e-09, 3.83541809423e-10, 1.62616503596e-10, 3.82472491178e-11, 1.34458980408e-11, 1.30868952827e-11, 1.19607110674e-11, 1.15509017282e-11, 1.12771779762e-11, 1.10044647006e-11, 1.06862877922e-11, 1.0476543244e-11, 1.02980592803e-11, 1.00750709858e-11, 9.78923019035e-12, 9.40670978611e-12, 9.17553880098e-12, 9.10361803302e-12],
        "min": [4.62284481528e-11, 6.3596683475e-09, 3.21603295106e-08, 1.14238176252e-07, 1.15100149856e-07, 3.42873391901e-08, 1.65123424267e-07, 3.0351912983e-08, 2.46045374297e-07, 3.80537017008e-07, 2.69522786311e-07, 1.09329072018e-07, 8.87536657501e-08, 7.38980787673e-08, 1.95789027657e-07, 2.42443405796e-07, 3.34744981956e-07, 1.73890342126e-07, 1.55210329922e-07, 7.77991360223e-08, 1.47376539417e-07, 2.80437575384e-07, 6.74669422551e-08, 1.78095362457e-07, 4.50220056791e-08, 9.84215020594e-08, 5.72427083512e-08, 1.32819423015e-07, 1.55856170636e-07, 1.79403443212e-07, 1.30738104787e-08, 3.35076890678e-08, 1.27413448681e-08, 3.29179350445e-08, 6.33253236515e-08, 3.10334975495e-08, 2.05210266557e-08, 3.03315843553e-08, 4.42913368204e-08, 2.48705962491e-08, 4.0099958909e-08, 3.38892540697e-08, 3.42004256026e-08, 3.30771889878e-08, 2.10292245839e-08, 2.87864647674e-08, 4.54985844556e-08, 1.21005907516e-08, 1.99959053759e-08, 5.4031843888e-08, 4.43529089011e-08, 3.6014057514e-08, 6.86846988174e-08, 3.36885648267e-08, 2.74551048562e-08, 1.39487241313e-07, 6.66785524572e-08, 1.00345815213e-07, 3.62000598386e-08, 1.15485072172e-07, 5.52024737033e-08, 6.04001613169e-08, 2.31760139968e-08, 6.98939999211e-08, 2.64396522454e-08, 5.46859979522e-08, 7.43512131862e-08, 6.4550782497e-08, 7.91639394038e-08, 5.19986258496e-08, 2.41608120177e-08, 1.34804976071e-08, 1.45003085095e-08, 2.10310773241e-08, 7.71029906588e-09, 7.46998196632e-09, 1.83272668153e-08, 3.35579706245e-08, 1.50364076745e-08, 1.6780855816e-08, 1.38906628422e-08, 1.35545557001e-08, 6.61249899281e-08, 2.58234695849e-08, 1.72840852741e-08, 2.13491535561e-08, 8.33252578047e-09, 1.55585624384e-08, 1.25941337359e-08, 1.04144231017e-08, 4.45279191297e-09, 6.10578476667e-09, 5.03695085641e-09, 4.21837587083e-09, 4.66806060473e-09, 1.97030969318e-09, 4.57856697e-10, 4.56930847326e-11, 4.24593582515e-10, 2.62523908862e-11, 1.86635581122e-12, 8.36094865217e-13, 1.46327806642e-12, 7.70624189461e-12, 1.32501626858e-12, 2.61665905957e-12, 1.99486889681e-12, 9.58995686681e-13, 3.81675702328e-13, 3.94985530828e-13, 4.34665243252e-13, 3.15286777805e-13, 2.71846239096e-13, 2.30666126391e-13, 2.93739235409e-13, 3.32164498814e-13, 3.15254658316e-13, 3.21935132632e-13, 3.21304506438e-13, 3.01443494732e-13, 3.05064594463e-13, 3.25161284617e-13, 2.82902173909e-13, 3.57589121074e-13, 2.44667079565e-13, 8.21562056667e-14, 1.0326667398e-14, 3.90901681751e-16],
        "stdev": [2.37292442762e-06, 7.04500052962e-06, 3.3325773984e-05, 9.06565255718e-05, 0.000119524032925, 0.000141345226439, 0.000209750942304, 0.000444477016572, 0.000550615950488, 0.000241749701672, 0.000194379797904, 0.000303116801661, 0.000221103982767, 0.000145154466736, 0.000185917713679, 0.0002138447162, 0.0002945222368, 0.00057109980844, 0.000497076427564, 0.00100064813159, 0.00110414170194, 0.0011053357739, 0.00124354823492, 0.00175811292138, 0.00174972799141, 0.00205079070292, 0.00199554255232, 0.000580419262405, 0.000543841277249, 0.00039055920206, 0.000339055841323, 0.00032894013566, 0.00039586998173, 0.000252734287642, 0.000631446193438, 0.000429995794548, 0.000158773123985, 0.000132965447847, 0.000217276799958, 0.000345862237737, 0.000276000879239, 0.000308374001179, 0.000136584130814, 0.000110179782496, 0.000269010430202, 0.00030167971272, 0.000287850212771, 6.6922752012e-05, 7.56063745939e-05, 6.26121109235e-05, 0.000101535770227, 3.81237841793e-05, 0.000113949652587, 4.68435791845e-05, 6.01041174377e-05, 0.000112882182293, 7.7744050941e-05, 8.92992902664e-05, 7.03780533513e-05, 5.32400299562e-05, 0.000100057557574, 4.08659179811e-05, 4.78076472064e-05, 7.45096331229e-05, 0.000104279119114, 5.49297074031e-05, 6.36405820842e-05, 6.07248257438e-05, 6.40814905637e-05, 5.06691867486e-05, 3.96874675062e-05, 3.89347842429e-05, 1.59076662385e-05, 2.57434021478e-05, 8.67200651555e-06, 8.25094866741e-06, 1.65166384249e-05, 3.17083104164e-05, 1.4053128325e-05, 2.63651945716e-05, 2.07853991014e-05, 3.10693503707e-05, 1.42921608131e-05, 9.62073499977e-06, 8.0757363321e-06, 7.85159045336e-06, 5.16008503837e-06, 3.29289650836e-06, 2.71981389233e-06, 1.84554801308e-06, 1.51449000896e-06, 1.55858140261e-06, 1.81853056347e-06, 1.66182462635e-06, 1.17890976981e-06, 6.92417756909e-07, 5.24422432591e-07, 5.49895617041e-07, 3.69626860675e-07, 2.44821819706e-07, 1.44133750268e-07, 2.28128484991e-07, 1.96190796942e-07, 9.16227875791e-08, 5.03640045224e-08, 1.87545019514e-08, 1.18168488328e-08, 1.01533466079e-08, 4.59198057357e-09, 3.11045833534e-09, 3.43710571116e-09, 1.3553320688e-09, 8.36780700286e-10, 3.52654239144e-10, 2.5379365276e-10, 2.46931725068e-10, 2.39439773564e-10, 2.33091546065e-10, 2.2699811475e-10, 2.22026855234e-10, 2.16028722688e-10, 2.11632225633e-10, 2.08112402311e-10, 2.03872072002e-10, 2.01028124702e-10, 1.99024158265e-10, 1.97387384215e-10, 1.96335295244e-10]
    },
    "mfcc": {
        "mean": [-635.522949219, 90.5506973267, -34.8596038818, 17.2129116058, -25.0745506287, -2.00544786453, -11.7127056122, 9.21870040894, -10.5783853531, 1.27348232269, -0.958295166492, -3.48535847664, -5.84571838379],
        "cov": [[2171.20703125, -134.449981689, -376.549865723, -171.142852783, -141.21697998, -49.1615905762, 19.0533065796, -9.4241476059, -136.470275879, 43.9100914001, 0.899486243725, 8.69838619232, 35.2590141296], [-134.449981689, 414.798828125, -21.9992008209, 10.7521314621, 15.8596487045, -42.1458778381, -33.7147674561, 20.9415645599, 16.40376091, 60.5300559998, 28.2755050659, -11.9392852783, -14.629322052], [-376.549865723, -21.9992008209, 410.152984619, 71.4201431274, 93.2030029297, 41.8421554565, -6.12920188904, 9.75825309753, 28.8086051941, -42.5111274719, -10.2116956711, 30.0933361053, -3.26824808121], [-171.142852783, 10.7521314621, 71.4201431274, 256.872558594, 66.5994186401, 24.8201732635, -41.9398422241, 15.4179105759, 8.92762374878, -21.4732303619, -3.46326971054, 6.12758922577, 9.91408634186], [-141.21697998, 15.8596487045, 93.2030029297, 66.5994186401, 290.197784424, 6.86194133759, -76.8660354614, -29.1941776276, 22.3639431, -15.5751409531, -27.6070919037, 3.00567269325, -17.1868076324], [-49.1615905762, -42.1458778381, 41.8421554565, 24.8201732635, 6.86194133759, 159.061904907, 60.998664856, 3.11457300186, -34.0600967407, -22.276102066, 18.4612312317, 8.82588481903, 3.03004002571], [19.0533065796, -33.7147674561, -6.12920188904, -41.9398422241, -76.8660354614, 60.998664856, 198.203857422, 16.6875896454, -27.0119113922, -37.5265808105, -8.14545726776, 25.0165462494, 17.0383529663], [-9.4241476059, 20.9415645599, 9.75825309753, 15.4179105759, -29.1941776276, 3.11457300186, 16.6875896454, 122.590042114, 31.6812438965, 1.33932960033, 10.817489624, -5.59384489059, 1.08768832684], [-136.470275879, 16.40376091, 28.8086051941, 8.92762374878, 22.3639431, -34.0600967407, -27.0119113922, 31.6812438965, 143.870239258, 51.2582855225, -28.0840568542, -21.1821250916, -15.687743187], [43.9100914001, 60.5300559998, -42.5111274719, -21.4732303619, -15.5751409531, -22.276102066, -37.5265808105, 1.33932960033, 51.2582855225, 143.766418457, 37.659122467, -37.3834838867, -25.7484798431], [0.899486243725, 28.2755050659, -10.2116956711, -3.46326971054, -27.6070919037, 18.4612312317, -8.14545726776, 10.817489624, -28.0840568542, 37.659122467, 118.176048279, 11.2940139771, -16.2843017578], [8.69838619232, -11.9392852783, 30.0933361053, 6.12758922577, 3.00567269325, 8.82588481903, 25.0165462494, -5.59384489059, -21.1821250916, -37.3834838867, 11.2940139771, 100.307792664, 32.8749961853], [35.2590141296, -14.629322052, -3.26824808121, 9.91408634186, -17.1868076324, 3.03004002571, 17.0383529663, 1.08768832684, -15.687743187, -25.7484798431, -16.2843017578, 32.8749961853, 94.6766052246]],
        "icov": [[0.000646728556603, 0.000280321226455, 0.000468829210149, 0.00024445928284, 2.71193493973e-05, 0.000144760459079, 0.000109988810436, -0.000333275384037, 0.000825428520329, -0.000570772856008, 0.000394374947064, -0.00029779606848, -6.9845780672e-05], [0.000280321226455, 0.00282777613029, 0.000248311640462, -9.84039361356e-05, -0.000310615083436, 0.000809926714282, -1.30323724079e-05, -0.000738410337362, 0.000746251025703, -0.00139799632598, -0.000136688293424, -0.000230309538892, 7.98572218628e-05], [0.000468829210149, 0.000248311640462, 0.00331592559814, -0.000271788274404, -0.000677124829963, -0.000618785910774, 0.000133276422275, -0.000341251346981, -0.000451480475022, 0.000504722469486, 6.0598278651e-05, -0.000977896619588, 0.000295954261674], [0.00024445928284, -9.84039361356e-05, -0.000271788274404, 0.00471756374463, -0.000609998765867, -0.00096169085009, 0.00125722482335, -0.000838112726342, 1.70294842974e-05, 0.000550638011191, 4.10370266763e-05, -5.42481211596e-05, -0.000727741280571], [2.71193493973e-05, -0.000310615083436, -0.000677124829963, -0.000609998765867, 0.00471320096403, -0.000902304833289, 0.00188572332263, 0.0010779350996, -0.000571693701204, 0.000607000605669, 0.00113835779484, -0.000620255421381, 0.000996657181531], [0.000144760459079, 0.000809926714282, -0.000618785910774, -0.00096169085009, -0.000902304833289, 0.00854546949267, -0.00303053087555, -0.000259909837041, 0.00179259467404, -0.000303781765979, -0.00157271930948, 0.000812148326077, -7.64344367781e-05], [0.000109988810436, -1.30323724079e-05, 0.000133276422275, 0.00125722482335, 0.00188572332263, -0.00303053087555, 0.00753836333752, -0.000957470736466, 0.000322724488797, 0.00100014905911, 0.00149084173609, -0.0015979410382, 6.04127671977e-05], [-0.000333275384037, -0.000738410337362, -0.000341251346981, -0.000838112726342, 0.0010779350996, -0.000259909837041, -0.000957470736466, 0.0100214174017, -0.00381839182228, 0.00214301631786, -0.00236152252182, 0.00132784142625, -0.000569954630919], [0.000825428520329, 0.000746251025703, -0.000451480475022, 1.70294842974e-05, -0.000571693701204, 0.00179259467404, 0.000322724488797, -0.00381839182228, 0.0122183207422, -0.00598766468465, 0.00478209089488, -0.000841181259602, 0.00112591404468], [-0.000570772856008, -0.00139799632598, 0.000504722469486, 0.000550638011191, 0.000607000605669, -0.000303781765979, 0.00100014905911, 0.00214301631786, -0.00598766468465, 0.0127057619393, -0.00533098727465, 0.00359175167978, 0.000170850616996], [0.000394374947064, -0.000136688293424, 6.0598278651e-05, 4.10370266763e-05, 0.00113835779484, -0.00157271930948, 0.00149084173609, -0.00236152252182, 0.00478209089488, -0.00533098727465, 0.0129017857835, -0.00379286403768, 0.00272428314202], [-0.00029779606848, -0.000230309538892, -0.000977896619588, -5.42481211596e-05, -0.000620255421381, 0.000812148326077, -0.0015979410382, 0.00132784142625, -0.000841181259602, 0.00359175167978, -0.00379286403768, 0.0137127228081, -0.00439549423754], [-6.9845780672e-05, 7.98572218628e-05, 0.000295954261674, -0.000727741280571, 0.000996657181531, -7.64344367781e-05, 6.04127671977e-05, -0.000569954630919, 0.00112591404468, 0.000170850616996, 0.00272428314202, -0.00439549423754, 0.0130939604715]]
    },
    "spectral_contrast_coeffs": {
        "max": [-0.479100465775, -0.44989874959, -0.447011888027, -0.566818475723, -0.574464559555, -0.446790248156],
        "mean": [-0.709896624088, -0.733783364296, -0.709848403931, -0.743795573711, -0.741283357143, -0.687279045582],
        "min": [-0.870093286037, -0.914936006069, -0.928934216499, -0.900182187557, -0.862206816673, -0.863607227802],
        "stdev": [0.0601115003228, 0.0862660184503, 0.0786965489388, 0.0559204034507, 0.0508315563202, 0.0512379594147]
    },
    "spectral_contrast_valleys": {
        "max": [-5.96719360352, -5.25298500061, -5.6973991394, -6.25802659988, -5.87025165558, -8.38159751892],
        "mean": [-7.73370885849, -6.85612392426, -7.42790317535, -7.69133424759, -7.32174682617, -10.6070976257],
        "min": [-9.84581565857, -8.88689613342, -9.95947742462, -9.74709415436, -9.08516788483, -12.6116638184],
        "stdev": [0.584258139133, 0.534883379936, 0.577058672905, 0.563839554787, 0.529798030853, 0.641724944115]
    }
},
"rhythm": {
    "beats_count": 67,
    "beats_loudness": {
        "max": 0.0818451121449,
        "mean": 0.0235696528107,
        "min": 0.00252350931987,
        "stdev": 0.0146326357499
    },
    "bpm": 125.404556274,
    "bpm_histogram_first_peak_bpm": 126,
    "bpm_histogram_first_peak_weight": 0.457627117634,
    "bpm_histogram_second_peak_bpm": 120,
    "bpm_histogram_second_peak_spread": 0,
    "bpm_histogram_second_peak_weight": 0.0606060624123,
    "danceability": 1.14583909512,
    "onset_rate": 3.59912085533,
    "beats_loudness_band_ratio": {
        "max": [0.462047338486, 0.449781030416, 0.920963764191, 0.628151595592, 0.500656843185, 0.865167319775],
        "mean": [0.104519605637, 0.106825463474, 0.348677515984, 0.183969855309, 0.161723941565, 0.136403113604],
        "min": [0.00454652076587, 0.00704368855804, 0.0157035253942, 0.0125305186957, 0.00619916478172, 0.0115597611293],
        "stdev": [0.121362358332, 0.100992836058, 0.246908992529, 0.15307380259, 0.120053194463, 0.11355458945]
    },
    "beats_position": [0.429569154978, 0.882358253002, 1.34675729275, 1.8111563921, 2.27555561066, 2.73995471001, 3.21596360207, 3.66875267029, 4.12154197693, 4.58594083786, 5.07355976105, 5.54956912994, 6.025578022, 6.5015873909, 6.97759628296, 7.45360517502, 7.94122457504, 8.4172334671, 8.893242836, 9.36925125122, 9.84526062012, 10.3328800201, 10.8088884354, 11.2848978043, 11.7609071732, 12.2369155884, 12.7245349884, 13.2005443573, 13.6765527725, 14.1641721725, 14.6517915726, 15.1277999878, 15.6154193878, 16.1030387878, 16.5790481567, 17.0550556183, 17.5310649872, 18.0186843872, 18.4946937561, 18.9823131561, 19.458322525, 19.9575500488, 20.45677948, 20.9560089111, 21.4552383423, 21.942855835, 22.430475235, 22.9064846039, 23.3824939728, 23.8701133728, 24.3577327728, 24.8337402344, 25.3097496033, 25.7973690033, 26.2617683411, 26.7493877411, 27.2137870789, 27.6897945404, 28.1658039093, 28.6418132782, 29.1294326782, 29.6054420471, 30.0930614471, 30.5806789398, 31.0566883087, 31.5326976776, 32.0203170776],
