{
"metadata": {
    "version": {
        "essentia": "2.1-beta5",
        "essentia_git_sha": "Undefined",
        "extractor": "music 2.0"
    },
    "audio_properties": {
        "analysis": {
            "equal_loudness": 0,
            "length": 29.0017242432,
            "sample_rate": 44100,
            "start_time": 0,
            "downmix": "mix"
        },
        "bit_rate": 192000,
        "length": 156.920455933,
        "lossless": 0,
        "number_channels": 2,
        "replay_gain": -1.28864097595,
        "sample_rate": 48000,
        "codec": "mp3",
        "md5_encoded": "1c679aad15f5d37a314924621bf9282e"
    },
    "tags": {
        "file_name": "Switzerland_Amour On T_aime_Arlette Zola.mp3",
        "encoding": ["Lavf58.29.100"]
    }
},
"lowlevel": {
    "average_loudness": 0.936275422573,
    "barkbands_crest": {
        "max": 23.6228218079,
        "mean": 9.96549415588,
        "min": 2.46585631371,
        "stdev": 4.18317508698
    },
    "barkbands_flatness_db": {
        "max": 0.359234660864,
        "mean": 0.160061195493,
        "min": 0.0517617352307,
        "stdev": 0.0451828166842
    },
    "barkbands_kurtosis": {
        "max": 55.7276496887,
        "mean": 2.9651055336,
        "min": -1.79850888252,
        "stdev": 5.72292757034
    },
    "barkbands_skewness": {
        "max": 6.37167549133,
        "mean": 1.28841531277,
        "min": -4.47961235046,
        "stdev": 1.04210805893
    },
    "barkbands_spread": {
        "max": 91.436882019,
        "mean": 23.4870319366,
        "min": 1.09009945393,
        "stdev": 13.915810585
    },
    "dissonance": {
        "max": 0.500000178814,
        "mean": 0.452532947063,
        "min": 0.219694271684,
        "stdev": 0.0376389659941
    },
    "dynamic_complexity": 2.77959895134,
    "erbbands_crest": {
        "max": 29.1659984589,
        "mean": 10.0079555511,
        "min": 2.21526026726,
        "stdev": 4.70235538483
    },
    "erbbands_flatness_db": {
        "max": 0.381835281849,
        "mean": 0.193822979927,
        "min": 0.0966775491834,
        "stdev": 0.0486478842795
    },
    "erbbands_kurtosis": {
        "max": 30.0641746521,
        "mean": 0.914876639843,
        "min": -1.83377492428,
        "stdev": 3.72349190712
    },
    "erbbands_skewness": {
        "max": 3.97105693817,
        "mean": 0.591951489449,
        "min": -4.35299539566,
        "stdev": 1.02744889259
    },
    "erbbands_spread": {
        "max": 119.440048218,
        "mean": 39.9770889282,
        "min": 2.77261996269,
        "stdev": 18.8458309174
    },
    "hfc": {
        "max": 243.176132202,
        "mean": 19.78191185,
        "min": 1.18809261635e-16,
        "stdev": 20.0561199188
    },
    "loudness_ebu128": {
        "integrated": -23.2777843475,
        "loudness_range": 4.31675338745,
        "momentary": {
            "max": -19.6285648346,
            "mean": -23.8235855103,
            "min": -30.7368755341,
            "stdev": 2.31932997704
        },
        "short_term": {
            "max": -21.1207523346,
            "mean": -23.4816513062,
            "min": -26.6977653503,
            "stdev": 1.42835211754
        }
    },
    "melbands_crest": {
        "max": 30.3682746887,
        "mean": 12.3298969269,
        "min": 1.97461152077,
        "stdev": 4.57825279236
    },
    "melbands_flatness_db": {
        "max": 0.409185230732,
        "mean": 0.155034303665,
        "min": 0.00418831920251,
        "stdev": 0.0568310581148
    },
    "melbands_kurtosis": {
        "max": 83.0267562866,
        "mean": 8.9432144165,
        "min": -1.83339595795,
        "stdev": 8.5940322876
    },
    "melbands_skewness": {
        "max": 6.16651439667,
        "mean": 2.17891120911,
        "min": -2.81040358543,
        "stdev": 1.08615243435
    },
    "melbands_spread": {
        "max": 263.431427002,
        "mean": 29.8540782928,
        "min": 1.56672120094,
        "stdev": 25.1090927124
    },
    "pitch_salience": {
        "max": 0.893651306629,
        "mean": 0.588400900364,
        "min": 0.238945752382,
        "stdev": 0.109984889627
    },
    "silence_rate_20dB": {
        "max": 1,
        "mean": 1,
        "min": 1,
        "stdev": 0
    },
    "silence_rate_30dB": {
        "max": 1,
        "mean": 1,
        "min": 1,
        "stdev": 0
    },
    "silence_rate_60dB": {
        "max": 1,
        "mean": 0.0960000008345,
        "min": 0,
        "stdev": 0.294591605663
    },
    "spectral_centroid": {
        "max": 11090.9970703,
        "mean": 1640.88671875,
        "min": 416.348327637,
        "stdev": 765.44744873
    },
    "spectral_complexity": {
        "max": 45,
        "mean": 14.7407999039,
        "min": 0,
        "stdev": 7.00696468353
    },
    "spectral_decrease": {
        "max": -5.29892962105e-29,
        "mean": -3.89688592506e-09,
        "min": -2.16368292172e-08,
        "stdev": 3.31797478381e-09
    },
    "spectral_energy": {
        "max": 0.0858515948057,
        "mean": 0.016502039507,
        "min": 1.09763498787e-20,
        "stdev": 0.0136525500566
    },
    "spectral_energyband_high": {
        "max": 0.0293305777013,
        "mean": 0.00112943944987,
        "min": 7.98639327128e-21,
        "stdev": 0.00198370660655
    },
    "spectral_energyband_low": {
        "max": 0.0296023394912,
        "mean": 0.000900845800061,
        "min": 7.29119963998e-23,
        "stdev": 0.00156079069711
    },
    "spectral_energyband_middle_high": {
        "max": 0.0733403638005,
        "mean": 0.00554755609483,
        "min": 1.56631202923e-21,
        "stdev": 0.00793114677072
    },
    "spectral_energyband_middle_low": {
        "max": 0.0834203287959,
        "mean": 0.00930766109377,
        "min": 3.18389335301e-22,
        "stdev": 0.0103147076443
    },
    "spectral_entropy": {
        "max": 9.82252311707,
        "mean": 7.59512662888,
        "min": 5.60529756546,
        "stdev": 0.433438897133
    },
    "spectral_flux": {
        "max": 0.237766772509,
        "mean": 0.0675809457898,
        "min": 1.04768076159e-10,
        "stdev": 0.0378342941403
    },
    "spectral_kurtosis": {
        "max": 43.8360786438,
        "mean": 2.98097705841,
        "min": -1.46879899502,
        "stdev": 4.28369092941
    },
    "spectral_rms": {
        "max": 0.00915192067623,
        "mean": 0.00367997819558,
        "min": 3.27240491649e-12,
        "stdev": 0.00159915175755
    },
    "spectral_rolloff": {
        "max": 19078.4179688,
        "mean": 2282.24145508,
        "min": 258.3984375,
        "stdev": 1879.95202637
    },
    "spectral_skewness": {
        "max": 5.03811120987,
        "mean": 1.1964006424,
        "min": -0.507547080517,
        "stdev": 0.606864869595
    },
    "spectral_spread": {
        "max": 40354764,
        "mean": 4697517.5,
        "min": 1252048,
        "stdev": 1747208.625
    },
    "spectral_strongpeak": {
        "max": 10.8770360947,
        "mean": 1.42104959488,
        "min": 0,
        "stdev": 1.39455711842
    },
    "zerocrossingrate": {
        "max": 0.65283203125,
        "mean": 0.0832101553679,
        "min": 0.017578125,
        "stdev": 0.0454333201051
    },
    "barkbands": {
        "max": [0.000101553057902, 0.00677511096001, 0.0207255464047, 0.010568398051, 0.0311039611697, 0.0411176420748, 0.0637318491936, 0.0325419791043, 0.0383013561368, 0.0649032667279, 0.0223771259189, 0.00974650029093, 0.00494721485302, 0.0103024505079, 0.0100569687784, 0.019135357812, 0.010535386391, 0.00757864210755, 0.00578523054719, 0.00868028122932, 0.00463858339936, 0.00475161336362, 0.00578348292038, 0.0207047462463, 0.00366109865718, 7.93777473973e-07, 1.63991416002e-08],
        "mean": [5.9418375713e-06, 0.00022961650393, 0.000442815828137, 0.000407844578149, 0.00161732267588, 0.00163445714861, 0.00286506908014, 0.00110194075387, 0.00145437044557, 0.00244464958087, 0.000520527362823, 0.000393936585169, 0.000231502621318, 0.000247722462518, 0.000228482836974, 0.000302883592667, 0.000362204445992, 0.000362580962246, 0.000284735113382, 0.000408689695178, 0.000230761987041, 0.000223334573093, 0.000210285783396, 0.000222350863623, 6.79937875248e-05, 8.32745072898e-09, 6.8153133137e-10],
        "min": [3.19276084378e-23, 3.50512988295e-23, 1.39339026044e-23, 1.39224325668e-23, 7.44564724562e-23, 5.71417328931e-23, 6.80100210456e-23, 1.31429630507e-23, 6.56185103253e-23, 8.63041219562e-23, 1.4069166375e-22, 9.87085873485e-23, 6.06758045049e-23, 8.41973458465e-23, 1.51338584911e-22, 1.81607909907e-22, 1.60857056324e-22, 2.91389617875e-22, 1.70325091126e-22, 4.02350893778e-22, 5.84405425175e-22, 5.24431700565e-22, 8.92619060644e-22, 8.05694262927e-22, 1.09704111823e-21, 1.65182414746e-21, 2.34318982176e-21],
        "stdev": [9.1327865448e-06, 0.00039259067853, 0.000945041480009, 0.000839682586957, 0.00251161376946, 0.00284595391713, 0.00580921769142, 0.0023502910044, 0.00350828445517, 0.00593581050634, 0.00171207648236, 0.000763062736951, 0.00041692215018, 0.00058043707395, 0.000620728416834, 0.00125348882284, 0.000913979543839, 0.000843144604005, 0.000500265916344, 0.000775619701017, 0.000432651839219, 0.000467758683953, 0.000392628426198, 0.000953305279836, 0.000210116995731, 4.50919124262e-08, 9.89553550212e-10]
    },
    "erbbands": {
        "max": [0.0568271614611, 2.10162758827, 14.9081830978, 41.0820732117, 59.2653427124, 165.632354736, 132.808456421, 352.819732666, 1088.66821289, 758.812866211, 542.395690918, 1013.38116455, 1772.58520508, 897.843139648, 742.70135498, 223.423446655, 239.431121826, 304.449829102, 434.479705811, 655.330749512, 445.932220459, 666.73260498, 456.610321045, 377.980499268, 309.873260498, 483.860229492, 205.990432739, 188.399520874, 189.519073486, 151.754226685, 211.284362793, 492.020019531, 259.541717529, 62.725730896, 12.766377449, 0.40658056736, 0.0171793270856, 0.0018523685867, 0.000440720818006, 0.000197011817363],
        "mean": [0.00318547943607, 0.0683486536145, 0.430140197277, 1.08717870712, 2.36653995514, 5.68866348267, 10.9525003433, 15.4385032654, 42.4344024658, 27.4899215698, 26.3835067749, 35.5720939636, 52.3578720093, 56.8002929688, 22.0370292664, 13.7021074295, 11.5922193527, 8.44164276123, 14.2713108063, 16.0020008087, 13.6154174805, 21.6023979187, 20.8677558899, 17.2809867859, 14.7594013214, 20.0192317963, 11.3586597443, 8.32823371887, 7.56442832947, 7.77699279785, 5.60312700272, 5.10227632523, 3.19826388359, 1.17132031918, 0.278662830591, 0.0106246443465, 0.000414334383095, 4.6937904699e-05, 1.84169512067e-05, 2.30828136409e-05],
        "min": [1.27043532004e-21, 6.88010220989e-21, 1.66130534172e-20, 3.57461351889e-20, 1.6580819869e-19, 2.94066740268e-19, 1.56116110528e-19, 6.447653155e-19, 8.82372377769e-19, 8.86870689338e-19, 4.31089777424e-19, 1.0369962157e-18, 2.3432049792e-18, 3.9314471764e-18, 5.05078715413e-18, 4.18395357096e-18, 3.15444416698e-18, 4.37222773659e-18, 8.8751657264e-18, 8.49427304255e-18, 8.54614719313e-18, 1.01348236602e-17, 1.31539402517e-17, 1.53504025631e-17, 9.64964583494e-18, 1.60314335963e-17, 2.9607705799e-17, 1.82092793808e-17, 2.15193203569e-17, 1.85735879205e-17, 2.90141772397e-17, 1.47223623743e-17, 1.61859459716e-17, 1.10316197931e-17, 8.45975975868e-18, 7.41557079396e-18, 2.71940713538e-18, 1.01782268609e-18, 2.95568098929e-19, 4.01115711781e-20],
        "stdev": [0.00433528237045, 0.118659809232, 0.850808441639, 2.13431501389, 4.61235952377, 10.1275262833, 15.3388090134, 28.111661911, 83.2526321411, 63.7072868347, 47.2560119629, 90.1374588013, 142.660263062, 121.634544373, 51.5816192627, 22.1718616486, 19.469959259, 18.2534351349, 31.8751354218, 50.6863937378, 36.2535820007, 55.4091911316, 46.3993186951, 36.3047027588, 24.3390464783, 38.9173545837, 19.6945667267, 18.0688724518, 16.1824741364, 14.4559001923, 11.6666612625, 21.5063858032, 13.098897934, 3.8019554615, 0.739324688911, 0.0269087925553, 0.00108969921712, 0.0001222914143, 2.72468842013e-05, 1.93685245904e-05]
    },
    "gfcc": {
        "mean": [-33.6625862122, 88.690864563, -154.308105469, 40.2927856445, -100.597434998, 10.3582925797, -45.0559234619, 7.49946260452, -19.0788116455, -11.5197668076, -2.38046336174, -11.6515989304, 4.5403547287],
        "cov": [[5492.78076172, 205.308227539, -20.0023078918, 565.210693359, -302.013092041, 89.6343841553, -33.5521125793, -231.710235596, -211.94758606, -321.939086914, -73.4904022217, -202.983474731, -124.803833008], [205.308227539, 782.245666504, 40.7208404541, -141.752670288, 74.4819030762, -211.908325195, 1.1925753355, -70.9324264526, 35.3223686218, -32.2259788513, 73.3913574219, -38.692073822, -8.12498855591], [-20.0023078918, 40.7208404541, 590.028320312, 191.065383911, -46.9448013306, 123.884719849, -72.1327972412, -29.0533294678, -72.1159667969, 2.17737698555, -28.0911979675, -46.5182876587, -88.1463394165], [565.210693359, -141.752670288, 191.065383911, 590.836791992, 51.6199455261, 80.193687439, 26.5662288666, -67.3256988525, -107.907653809, -43.8757362366, -80.6798858643, -77.329284668, -86.848991394], [-302.013092041, 74.4819030762, -46.9448013306, 51.6199455261, 211.232681274, 47.0194473267, 7.77026605606, 31.7850437164, 9.10401535034, 9.55365371704, -34.8649139404, -33.455619812, 11.0818071365], [89.6343841553, -211.908325195, 123.884719849, 80.193687439, 47.0194473267, 359.953674316, 73.8390808105, 41.0877571106, -58.5020751953, 11.563451767, -107.72215271, -51.4730682373, -15.159995079], [-33.5521125793, 1.1925753355, -72.1327972412, 26.5662288666, 7.77026605606, 73.8390808105, 192.852874756, 29.8251953125, -19.2456989288, -16.769241333, -37.4317092896, -28.8621273041, 4.75577306747], [-231.710235596, -70.9324264526, -29.0533294678, -67.3256988525, 31.7850437164, 41.0877571106, 29.8251953125, 133.948165894, 42.346496582, 11.3478546143, -12.0347118378, 7.30004453659, 19.9906158447], [-211.94758606, 35.3223686218, -72.1159667969, -107.907653809, 9.10401535034, -58.5020751953, -19.2456989288, 42.346496582, 123.279312134, 35.3907089233, 15.9821481705, 20.9305267334, 26.1782684326], [-321.939086914, -32.2259788513, 2.17737698555, -43.8757362366, 9.55365371704, 11.563451767, -16.769241333, 11.3478546143, 35.3907089233, 100.746032715, 25.6978168488, 18.3304748535, 0.316807061434], [-73.4904022217, 73.3913574219, -28.0911979675, -80.6798858643, -34.8649139404, -107.72215271, -37.4317092896, -12.0347118378, 15.9821481705, 25.6978168488, 132.605300903, 66.4686737061, -13.1350784302], [-202.983474731, -38.692073822, -46.5182876587, -77.329284668, -33.455619812, -51.4730682373, -28.8621273041, 7.30004453659, 20.9305267334, 18.3304748535, 66.4686737061, 124.309608459, 29.0548305511], [-124.803833008, -8.12498855591, -88.1463394165, -86.848991394, 11.0818071365, -15.159995079, 4.75577306747, 19.9906158447, 26.1782684326, 0.316807061434, -13.1350784302, 29.0548305511, 94.6164550781]],
        "icov": [[0.000462164811324, -0.000605304318015, 0.000756653840654, -0.000788972363807, 0.00142970797606, -0.000998814357445, 0.000927051529288, -0.000147397164255, -9.57182055572e-06, 0.0010742956074, -0.00046092068078, 0.000660256599076, -7.228164759e-05], [-0.000605304318015, 0.00358706293628, -0.00233498681337, 0.00237310584635, -0.00416443450376, 0.00315470248461, -0.00286403275095, 0.00235462025739, -0.000827750423923, -5.77174323553e-05, -0.000677370466292, 0.000598662882112, 0.000103607468191], [0.000756653840654, -0.00233498681337, 0.00451668584719, -0.00250626564957, 0.00436865584925, -0.00347316847183, 0.00382758886553, -0.0016656111693, 0.000996951712295, 0.000826862233225, -0.000214848594624, 0.000906390312593, 0.00120945530944], [-0.000788972363807, 0.00237310584635, -0.00250626564957, 0.00477850763127, -0.00451346021146, 0.00310339662246, -0.0028629344888, 0.0021857121028, 0.000985520076938, -0.00100235361606, 0.00209348625503, -0.000893698656, 0.00221815914847], [0.00142970797606, -0.00416443450376, 0.00436865584925, -0.00451346021146, 0.0121993506327, -0.00535457674414, 0.00514747435227, -0.00368692609482, 0.00036819599336, 0.00143292895518, -0.00053273543017, 0.00266067520715, -0.00130896491464], [-0.000998814357445, 0.00315470248461, -0.00347316847183, 0.00310339662246, -0.00535457674414, 0.00866814237088, -0.00453716889024, 0.000285863614408, 0.00223136506975, -0.00370789738372, 0.00455138832331, -0.00149151170626, 0.00123494642321], [0.000927051529288, -0.00286403275095, 0.00382758886553, -0.0028629344888, 0.00514747435227, -0.00453716889024, 0.00978103745729, -0.00324060465209, 0.00145551143214, 0.00194487522822, -0.000216781714698, 0.00188154145144, -0.000239085333305], [-0.000147397164255, 0.00235462025739, -0.0016656111693, 0.0021857121028, -0.00368692609482, 0.000285863614408, -0.00324060465209, 0.0119730746374, -0.00445549329743, 0.00146275095176, -0.000667672953568, -0.000152077671373, -0.000244976603426], [-9.57182055572e-06, -0.000827750423923, 0.000996951712295, 0.000985520076938, 0.00036819599336, 0.00223136506975, 0.00145551143214, -0.00445549329743, 0.0137746939436, -0.00485606025904, 0.00278217135929, -0.000693838868756, -0.000263311521849], [0.0010742956074, -5.77174323553e-05, 0.000826862233225, -0.00100235361606, 0.00143292895518, -0.00370789738372, 0.00194487522822, 0.00146275095176, -0.00485606025904, 0.0160300973803, -0.00520088663325, 0.00185114564374, 9.30380847421e-05], [-0.00046092068078, -0.000677370466292, -0.000214848594624, 0.00209348625503, -0.00053273543017, 0.00455138832331, -0.000216781714698, -0.000667672953568, 0.00278217135929, -0.00520088663325, 0.0181090962142, -0.00891478545964, 0.00649811746553], [0.000660256599076, 0.000598662882112, 0.000906390312593, -0.000893698656, 0.00266067520715, -0.00149151170626, 0.00188154145144, -0.000152077671373, -0.000693838868756, 0.00185114564374, -0.00891478545964, 0.0155295543373, -0.00548728602007], [-7.228164759e-05, 0.000103607468191, 0.00120945530944, 0.00221815914847, -0.00130896491464, 0.00123494642321, -0.000239085333305, -0.000244976603426, -0.000263311521849, 9.30380847421e-05, 0.00649811746553, -0.00548728602007, 0.016719982028]]
    },
    "melbands": {
        "max": [0.00116098416038, 0.00577452965081, 0.00593749992549, 0.00779977161437, 0.00463512120768, 0.00868408195674, 0.0151435118169, 0.00750602083281, 0.00582534261048, 0.00577818276361, 0.00959115196019, 0.00386420777068, 0.00346862408333, 0.00140525994357, 0.000724452664144, 0.000452048669104, 0.000666561885737, 0.000995175796561, 0.00111139321234, 0.00200305390172, 0.000293055258226, 0.00066594069358, 0.000464969663881, 0.000590285810176, 0.000327752961311, 0.000181556169991, 0.00034636084456, 0.00027844280703, 0.000134676985908, 0.000121783101349, 0.000115742986964, 0.000110589200631, 0.000124634549138, 7.19061572454e-05, 7.99066328909e-05, 0.000223824827117, 0.000352405128069, 0.000235547224293, 6.77030984662e-05, 4.71391467727e-05],
        "mean": [4.5972657972e-05, 0.000184681877727, 0.000215137930354, 0.0002869128366, 0.000374774623197, 0.000369681161828, 0.000614691060036, 0.000286300346488, 0.000231858735788, 0.000201323084184, 0.000279917847365, 0.000267307652393, 7.6809861639e-05, 4.72258761874e-05, 3.39653088304e-05, 1.66941044881e-05, 1.6295700334e-05, 2.49438307947e-05, 1.70715975401e-05, 2.56443054241e-05, 1.24359003166e-05, 2.11223432416e-05, 1.98288526008e-05, 1.97128883883e-05, 1.32031027533e-05, 1.06281440821e-05, 1.32109571496e-05, 1.28779947772e-05, 7.87506814959e-06, 4.83345002067e-06, 4.85558712171e-06, 4.03074227506e-06, 4.56040061181e-06, 4.32370688941e-06, 3.25655150846e-06, 3.03240040012e-06, 3.20331037074e-06, 2.43660724664e-06, 1.52619816163e-06, 8.28490954063e-07],
        "min": [1.23275782753e-23, 9.17994043304e-24, 9.77263293037e-24, 1.62760953186e-23, 7.63848965816e-24, 1.39995721193e-23, 1.34235443086e-23, 7.99946925294e-24, 4.21504671637e-24, 7.73247927957e-24, 1.17248183351e-23, 1.52680557218e-23, 1.97145506778e-23, 1.01225463844e-23, 9.36502613406e-24, 6.90867735827e-24, 7.2416650127e-24, 1.48645786123e-23, 9.24868729435e-24, 1.12616141999e-23, 9.95657083878e-24, 1.05239779775e-23, 8.38712339038e-24, 1.53133158273e-23, 1.26479536215e-23, 4.54312252837e-24, 9.26878510363e-24, 1.07603396374e-23, 2.1957119726e-23, 1.24000398826e-23, 8.90065685132e-24, 1.36953684216e-23, 7.63621142786e-24, 1.12219187191e-23, 1.98199361839e-23, 9.52237548566e-24, 8.37695891761e-24, 1.22327272177e-23, 1.02855621239e-23, 9.05351916209e-24],
        "stdev": [7.18744486221e-05, 0.000337542063789, 0.000395877170376, 0.000517112028319, 0.000515620398801, 0.00065511779394, 0.0012249625288, 0.000644693849608, 0.000423074176069, 0.000523565453477, 0.000779937312473, 0.000574573641643, 0.000231594618526, 0.000104339298559, 6.54902178212e-05, 3.26769186358e-05, 3.77096985176e-05, 5.93272015976e-05, 5.38186905032e-05, 0.00012660343782, 2.57686660916e-05, 5.66704038647e-05, 4.73022664664e-05, 4.87828438054e-05, 2.93224948109e-05, 1.66188674484e-05, 2.78241368505e-05, 2.56790863205e-05, 1.43071838465e-05, 9.86863142316e-06, 1.16517912829e-05, 8.94785534911e-06, 9.94704623736e-06, 7.80251048127e-06, 5.95784695179e-06, 9.87629391602e-06, 1.56789465109e-05, 1.12492298285e-05, 4.93164679938e-06, 2.71002045338e-06]
    },
    "melbands128": {
        "max": [7.42637785152e-05, 0.000167511971085, 0.00105093989987, 0.00420956546441, 0.00658345781267, 0.0121862664819, 0.0101402830333, 0.00765090622008, 0.00708215218037, 0.0116052282974, 0.0123376566917, 0.00723732588813, 0.00587178580463, 0.00604294007644, 0.00739523256198, 0.0200980529189, 0.0251762475818, 0.0249373894185, 0.0227828044444, 0.0113042145967, 0.0120298024267, 0.00811233371496, 0.00770798418671, 0.010806331411, 0.01276606787, 0.00871619582176, 0.00793600641191, 0.0106386672705, 0.0214462932199, 0.00627116393298, 0.0061608874239, 0.00409005302936, 0.00694205285981, 0.00217191176489, 0.00277921929955, 0.00150105869398, 0.000459484232124, 0.00161521416157, 0.00115845631808, 0.000770665181335, 0.000843338551931, 0.000841893255711, 0.000922378734685, 0.000935750256758, 0.0027765580453, 0.00113379326649, 0.00123435363639, 0.00166343245655, 0.00141202856321, 0.00213542976417, 0.00450711231679, 0.00111507088877, 0.000771375896875, 0.000241862333496, 0.000250123208389, 0.00102974125184, 0.00212224200368, 0.00117206398863, 0.00045141793089, 0.000955285737291, 0.00135523756035, 0.000734935281798, 0.000774535583332, 0.000501197471749, 0.000632198236417, 0.00018903662567, 0.000416699564084, 0.000301450199913, 0.000486505858134, 0.00114991818555, 0.000425943377195, 0.000451856438303, 0.000266773568001, 0.000191201092093, 0.000226297051995, 0.000130726592033, 0.000159028029884, 0.000173805194208, 0.000242384645389, 0.000158025140991, 8.6959800683e-05, 0.00015515711857, 0.000170557803358, 0.000152170658112, 0.000152816341142, 8.84822948137e-05, 7.87968892837e-05, 7.64624928706e-05, 7.56858134991e-05, 0.000169543738593, 0.000189429541933, 0.000238048232859, 0.000268765696092, 0.000387810228858, 0.000454370805528, 0.000354662974132, 0.000210442551179, 0.000127071572933, 7.23178236512e-05, 7.53608401283e-05, 7.29524253984e-05, 4.25428006565e-05, 4.69270307804e-05, 2.45751889452e-05, 8.62150318426e-06, 4.1211151256e-06, 9.13835776828e-07, 7.0367967453e-08, 4.47610309928e-10, 3.61785462699e-10, 3.05355102315e-10, 2.55412441197e-10, 2.17855955498e-10, 1.82193038434e-10, 1.50220669237e-10, 1.34594613233e-10, 1.15149716151e-10, 1.0340205775e-10, 8.95311255689e-11, 8.0789944179e-11, 7.05699387815e-11, 6.1255618633e-11, 5.68359873054e-11, 5.2689727581e-11, 4.59256487007e-11, 4.04393254994e-11, 3.91295953972e-11, 3.82178941272e-11],
        "mean": [3.58341299034e-06, 1.44244613693e-05, 5.2446317568e-05, 0.000126064041979, 0.000197364701307, 0.000223010065383, 0.000224953866564, 0.000191836094018, 0.000223301060032, 0.000296489917673, 0.000304510176647, 0.000394972099457, 0.000365793763194, 0.000393311376683, 0.000302567466861, 0.000289877527393, 0.000747441546991, 0.000746322330087, 0.00037485777284, 0.00025297285174, 0.000286466674879, 0.000259536551312, 0.000138503368362, 0.000316275225487, 0.000313858006848, 9.7674987046e-05, 9.70928012975e-05, 0.000201869799639, 0.000604200526141, 0.000345488602761, 0.000148114180774, 7.88396500866e-05, 9.79898031801e-05, 3.94127418986e-05, 7.37985392334e-05, 4.17782684963e-05, 1.62801188708e-05, 4.15033682657e-05, 4.17749324697e-05, 2.14557676372e-05, 8.79728213476e-06, 1.20728591355e-05, 1.2813583453e-05, 1.40316005854e-05, 3.99409182137e-05, 2.09693662327e-05, 1.95825032279e-05, 1.36270136863e-05, 1.75853110704e-05, 2.21066929953e-05, 3.62777827831e-05, 1.63484346558e-05, 1.55390971486e-05, 9.34069703362e-06, 7.13002327757e-06, 2.49965778494e-05, 2.92082913802e-05, 2.55190752796e-05, 1.22100336739e-05, 1.71785850398e-05, 2.49117456406e-05, 1.80834576895e-05, 1.09429338409e-05, 1.23242716654e-05, 1.65885812748e-05, 8.47492810863e-06, 9.50044250203e-06, 8.52917492011e-06, 1.31320284709e-05, 2.27984219237e-05, 1.00665074569e-05, 1.15437196655e-05, 8.37475272419e-06, 8.19430806587e-06, 5.73162833462e-06, 4.38897177446e-06, 4.82855193695e-06, 4.51907999377e-06, 5.35795334144e-06, 4.72652209282e-06, 3.42507814821e-06, 3.80457686333e-06, 5.03250339534e-06, 4.18417266701e-06, 5.11537155035e-06, 3.66674817087e-06, 4.75857177662e-06, 4.19634216087e-06, 2.85002738565e-06, 2.75515412795e-06, 3.11466465064e-06, 2.98113423014e-06, 3.20091953654e-06, 3.21566312778e-06, 3.34085120812e-06, 2.70189048024e-06, 2.2007136522e-06, 2.15225509237e-06, 1.58899945291e-06, 1.30090757011e-06, 7.46198850266e-07, 8.57119800912e-07, 7.55009750719e-07, 4.8016954679e-07, 2.97189842513e-07, 1.10853640933e-07, 1.51550096916e-08, 5.86216519771e-10, 5.68488572189e-12, 4.7233887808e-12, 4.28014438128e-12, 4.29515797928e-12, 4.16279814439e-12, 3.88807952847e-12, 3.75057623847e-12, 3.61830964496e-12, 3.66829266615e-12, 3.31879207276e-12, 3.16270360595e-12, 3.04015189759e-12, 2.94612099473e-12, 2.90604649719e-12, 2.85562719304e-12, 2.7758774012e-12, 2.56356004133e-12, 2.22694150447e-12, 2.04612910816e-12, 2.01046948187e-12],
        "min": [1.79951746924e-23, 1.26419432903e-23, 9.12745041727e-24, 1.30685853003e-23, 9.40588991782e-24, 6.9342869387e-24, 6.18337418733e-24, 7.55640789211e-24, 2.08437277553e-23, 1.31046662203e-23, 1.96748536194e-23, 1.0760308083e-23, 1.23715310411e-24, 7.95255332833e-24, 1.44253313939e-23, 1.72983249454e-23, 1.6290345302e-23, 1.16154972019e-23, 1.04334703881e-23, 1.36189672429e-23, 3.57365310219e-24, 1.42560004285e-24, 2.82906780414e-24, 1.04228160328e-23, 2.80909384602e-24, 7.59583279357e-24, 1.6985737234e-23, 1.20015467963e-23, 5.37116181602e-24, 1.74616317746e-23, 1.01243923189e-23, 2.76784186381e-23, 2.58598954587e-23, 1.09541130636e-23, 7.55525694405e-24, 1.11626713208e-23, 1.15709612707e-23, 1.32178117511e-23, 3.47665437085e-24, 6.49115024165e-24, 8.12693576459e-24, 6.28077918203e-24, 1.04143744322e-23, 5.31335606104e-24, 4.85401773871e-24, 3.06430778268e-23, 6.25841418651e-24, 6.737646792e-24, 8.30610106452e-24, 1.73125118199e-23, 1.16944842667e-23, 4.57251943e-24, 1.29143188171e-23, 9.39635180061e-24, 9.3375366981e-24, 1.14547194609e-23, 1.2357865012e-23, 5.20341488326e-24, 8.01764066389e-24, 1.23265314568e-23, 1.36740833767e-23, 1.9941621134e-23, 1.84564958166e-23, 9.4146052531e-24, 4.96484322957e-24, 2.26583354237e-24, 4.88055107526e-24, 1.1441277271e-23, 9.56952727969e-24, 7.46507830967e-24, 6.18491088837e-24, 1.39513932284e-23, 2.42889720515e-23, 2.56687686608e-23, 1.76015772769e-23, 6.81374110377e-24, 1.59809335446e-23, 1.18970219375e-23, 5.39732004921e-24, 7.48063149127e-24, 1.47457509164e-23, 1.84261325603e-23, 7.73873336883e-24, 5.39925709716e-24, 8.12919111792e-24, 9.28869437515e-24, 1.17218719396e-23, 1.55860692185e-23, 2.65397042323e-23, 1.82493251657e-23, 9.38766486432e-24, 5.84124718488e-24, 1.07548262885e-23, 6.26009879897e-24, 8.45952031109e-24, 1.40339648771e-23, 1.38358203726e-23, 8.59059586138e-24, 1.13558633565e-23, 1.05669109434e-23, 7.46801208337e-24, 8.9929441109e-24, 1.01666310872e-23, 9.37759821031e-24, 8.2180239556e-24, 8.04582903062e-24, 1.26794583595e-23, 1.60156039814e-23, 1.66796355369e-23, 9.76227518669e-24, 7.6314143647e-24, 1.23394001448e-23, 8.48213853097e-24, 6.06875388109e-24, 5.40567684721e-24, 9.64473412295e-24, 7.16762805016e-24, 8.28353885377e-24, 9.04943838463e-24, 1.02008510844e-23, 8.07175336655e-24, 9.3947417355e-24, 1.05500869069e-23, 1.50766780661e-23, 1.29753876952e-23, 8.69608313049e-24, 1.2053804887e-23, 1.29903870964e-23],
        "stdev": [5.42842690265e-06, 1.86743181985e-05, 8.81470259628e-05, 0.000238695021835, 0.000407699058997, 0.000506249605678, 0.000484778109239, 0.000456483918242, 0.000483872601762, 0.000707716448233, 0.000665719737299, 0.000753043277655, 0.000630050257314, 0.000739288982004, 0.000634149066173, 0.00102418696042, 0.00164233893156, 0.0017278479645, 0.00146211858373, 0.000792213482782, 0.0007509480929, 0.000617278157733, 0.000400809512939, 0.000857914041262, 0.000983973965049, 0.000429847452324, 0.000411676766817, 0.000806603115052, 0.00183691713028, 0.000833552039694, 0.000566419679672, 0.000289746472845, 0.000435186200775, 0.000102856887679, 0.000194500928046, 0.000112625224574, 3.78468103008e-05, 0.000116866423923, 8.67588896654e-05, 4.85049313284e-05, 3.52741008101e-05, 3.92021320295e-05, 4.5982797019e-05, 4.75506858493e-05, 0.000123042307678, 6.72693277011e-05, 7.47137164581e-05, 7.15248897905e-05, 7.39204333513e-05, 9.13739932002e-05, 0.000273474375717, 7.62798663345e-05, 4.62578354927e-05, 1.8955755877e-05, 1.78850659722e-05, 8.59095671331e-05, 0.000120577366033, 9.3557035143e-05, 3.56777236448e-05, 6.69529326842e-05, 8.43638117658e-05, 6.37179982732e-05, 4.73234176752e-05, 3.78082149837e-05, 3.57768622052e-05, 1.44976511365e-05, 2.53353973676e-05, 1.81195719051e-05, 3.48378380295e-05, 6.90656233928e-05, 2.60245287791e-05, 3.09187635139e-05, 2.08558085433e-05, 1.82128642336e-05, 1.45508183778e-05, 1.0173352166e-05, 1.19124697449e-05, 1.08190406536e-05, 1.63195509231e-05, 1.32684717755e-05, 8.54513655213e-06, 9.78915795713e-06, 1.34747451739e-05, 1.09785241875e-05, 1.15278426165e-05, 8.75569821801e-06, 9.15554392122e-06, 7.28865825295e-06, 5.73366878598e-06, 7.6795959103e-06, 8.8490141934e-06, 1.06824481918e-05, 1.32920458782e-05, 1.73646494659e-05, 1.86963479791e-05, 1.59174142027e-05, 9.84042708296e-06, 7.15779333404e-06, 5.25543055119e-06, 4.55680719824e-06, 3.2847001421e-06, 2.79175583273e-06, 2.26463316721e-06, 1.31420335947e-06, 7.48476622903e-07, 2.86284119966e-07, 4.10102103388e-08, 3.02966540744e-09, 1.57933718187e-11, 1.21141438894e-11, 1.01648715486e-11, 9.05910242655e-12, 8.31649159261e-12, 7.31214568062e-12, 6.40414457576e-12, 5.94740576232e-12, 5.85987725357e-12, 5.20201806978e-12, 4.7646916794e-12, 4.49332931973e-12, 4.26892592456e-12, 4.10054238828e-12, 3.9540276435e-12, 3.84238344267e-12, 3.71636532312e-12, 3.62991689658e-12, 3.58895378694e-12, 3.56314565526e-12]
    },
    "mfcc": {
        "mean": [-651.577819824, 94.2417449951, -0.906067788601, 12.1053237915, -18.6143226624, -11.8076486588, -10.934466362, 0.889308571815, -7.90077590942, -0.561340332031, -7.15184831619, -3.91032195091, -1.27078568935],
        "cov": [[4490.79980469, -301.664672852, 293.328765869, 348.098968506, -76.4731903076, 166.883163452, 114.656723022, 87.0419769287, -174.023880005, -46.6694221497, -179.793304443, -103.647621155, -112.628425598], [-301.664672852, 940.009521484, -131.804977417, -91.8548431396, -22.3869819641, -167.891448975, -99.6355361938, -65.0500946045, -63.5928192139, -42.8304138184, 38.3684234619, 37.2515830994, 41.8413047791], [293.328765869, -131.804977417, 618.011230469, 76.4589920044, 57.7493553162, 113.540382385, 64.1128616333, 4.41528367996, -50.3189163208, -1.02682983875, -29.9555950165, 14.8669281006, 14.6664800644], [348.098968506, -91.8548431396, 76.4589920044, 443.239501953, 34.4194869995, 55.1333389282, 30.8416023254, 4.45703220367, -61.4080276489, -4.95777893066, -41.7110900879, 3.26335883141, 7.84318399429], [-76.4731903076, -22.3869819641, 57.7493553162, 34.4194869995, 248.127304077, 42.6166038513, 10.9587192535, -9.96216869354, 30.0678596497, 26.8707523346, -11.6508054733, 8.39657974243, -12.2284193039], [166.883163452, -167.891448975, 113.540382385, 55.1333389282, 42.6166038513, 253.235992432, 118.244773865, 18.5509929657, 49.564289093, 53.577255249, -14.6705970764, -52.9734535217, -20.4776973724], [114.656723022, -99.6355361938, 64.1128616333, 30.8416023254, 10.9587192535, 118.244773865, 190.173416138, 60.3842086792, 24.5952911377, 56.714302063, -17.9241924286, -38.1333656311, -15.959025383], [87.0419769287, -65.0500946045, 4.41528367996, 4.45703220367, -9.96216869354, 18.5509929657, 60.3842086792, 112.991043091, 38.3755111694, 8.34156036377, -0.71446710825, -9.99532794952, -7.95488643646], [-174.023880005, -63.5928192139, -50.3189163208, -61.4080276489, 30.0678596497, 49.564289093, 24.5952911377, 38.3755111694, 180.726272583, 75.6249160767, 2.09483504295, -46.2361183167, -50.4495391846], [-46.6694221497, -42.8304138184, -1.02682983875, -4.95777893066, 26.8707523346, 53.577255249, 56.714302063, 8.34156036377, 75.6249160767, 145.416290283, 10.4917087555, -48.1582603455, -39.9886016846], [-179.793304443, 38.3684234619, -29.9555950165, -41.7110900879, -11.6508054733, -14.6705970764, -17.9241924286, -0.71446710825, 2.09483504295, 10.4917087555, 96.2004470825, 33.4738960266, -6.61737728119], [-103.647621155, 37.2515830994, 14.8669281006, 3.26335883141, 8.39657974243, -52.9734535217, -38.1333656311, -9.99532794952, -46.2361183167, -48.1582603455, 33.4738960266, 124.921913147, 45.4944725037], [-112.628425598, 41.8413047791, 14.6664800644, 7.84318399429, -12.2284193039, -20.4776973724, -15.959025383, -7.95488643646, -50.4495391846, -39.9886016846, -6.61737728119, 45.4944725037, 116.104621887]],
        "icov": [[0.000302285363432, 2.09204863495e-05, -5.81379135838e-05, -0.000104488972283, 0.00013081014913, -0.000217830209294, 0.000153444751049, -0.000374953378923, 0.000495768152177, -3.58306242561e-05, 0.000522319925949, 1.88622234418e-05, 0.000496315886267], [2.09204863495e-05, 0.00129897147417, 0.000130426706164, 0.000146107689943, -0.000107392093923, 0.000719224801287, -7.14923007763e-05, 0.000545612710994, 0.000237473315792, 5.57020903216e-05, -0.000425488804467, 0.000295025209198, -0.000348555186065], [-5.81379135838e-05, 0.000130426706164, 0.00197721039876, 3.52059832949e-05, -0.000354384159436, -0.000874147808645, -9.51437323238e-05, -0.000105369566882, 0.000800069014076, -0.000193266285351, 0.000490304839332, -0.000610507908277, -1.90932296391e-05], [-0.000104488972283, 0.000146107689943, 3.52059832949e-05, 0.00273211137392, -0.000354063726263, -0.000637536286376, 0.000249299046118, -0.000436150672613, 0.0013170678867, -0.000545519753359, 0.00104713661131, -0.000464786309749, 0.000137832292239], [0.00013081014913, -0.000107392093923, -0.000354384159436, -0.000354063726263, 0.00462971813977, -0.000747567857616, 0.000275470229099, 0.000476198300021, -0.000714708177838, -0.00070274277823, 0.00116496765986, -0.00142904091626, 0.000734294822905], [-0.000217830209294, 0.000719224801287, -0.000874147808645, -0.000637536286376, -0.000747567857616, 0.00763898948207, -0.00434297369793, 0.00249995756894, -0.00239981547929, 0.000774576503318, -0.00185838877223, 0.00224819406867, -0.00123694480862], [0.000153444751049, -7.14923007763e-05, -9.51437323238e-05, 0.000249299046118, 0.000275470229099, -0.00434297369793, 0.0105786053464, -0.00569718331099, 0.00274192797951, -0.00366769335233, 0.00211394508369, -0.00011368325795, 0.000589776376728], [-0.000374953378923, 0.000545612710994, -0.000105369566882, -0.000436150672613, 0.000476198300021, 0.00249995756894, -0.00569718331099, 0.0134292030707, -0.00457463413477, 0.0027599981986, -0.00202680844814, 0.000241593312239, -0.00113685021643], [0.000495768152177, 0.000237473315792, 0.000800069014076, 0.0013170678867, -0.000714708177838, -0.00239981547929, 0.00274192797951, -0.00457463413477, 0.0108728175983, -0.00434528198093, 0.00194958946668, 0.000474338885397, 0.00292331841774], [-3.58306242561e-05, 5.57020903216e-05, -0.000193266285351, -0.000545519753359, -0.00070274277823, 0.000774576503318, -0.00366769335233, 0.0027599981986, -0.00434528198093, 0.011602608487, -0.00319825974293, 0.00300679495558, 0.000501579663251], [0.000522319925949, -0.000425488804467, 0.000490304839332, 0.00104713661131, 0.00116496765986, -0.00185838877223, 0.00211394508369, -0.00202680844814, 0.00194958946668, -0.00319825974293, 0.0148584712297, -0.0055871848017, 0.00325570930727], [1.88622234418e-05, 0.000295025209198, -0.000610507908277, -0.000464786309749, -0.00142904091626, 0.00224819406867, -0.00011368325795, 0.000241593312239, 0.000474338885397, 0.00300679495558, -0.0055871848017, 0.0133555736393, -0.00404255650938], [0.000496315886267, -0.000348555186065, -1.90932296391e-05, 0.000137832292239, 0.000734294822905, -0.00123694480862, 0.000589776376728, -0.00113685021643, 0.00292331841774, 0.000501579663251, 0.00325570930727, -0.00404255650938, 0.0122880227864]]
    },
    "spectral_contrast_coeffs": {
        "max": [-0.437679648399, -0.533127486706, -0.399142861366, -0.532490551472, -0.525943279266, -0.530473530293],
        "mean": [-0.683858811855, -0.724540412426, -0.725310146809, -0.784437298775, -0.772699832916, -0.749417304993],
        "min": [-0.958789527416, -0.966954231262, -0.970278918743, -0.960367560387, -0.959939002991, -0.961524248123],
        "stdev": [0.0794304907322, 0.0763340517879, 0.0815664231777, 0.0553562417626, 0.0524897761643, 0.0520683638752]
    },
    "spectral_contrast_valleys": {
        "max": [-5.58232498169, -4.43799734116, -5.78447055817, -6.23969173431, -5.94969892502, -7.543217659],
        "mean": [-7.57269430161, -6.76437425613, -7.65784978867, -8.0360326767, -7.65347719193, -10.1917562485],
        "min": [-27.3416843414, -27.1825218201, -27.0779247284, -27.2756347656, -27.2254714966, -27.2606430054],
        "stdev": [1.11275160313, 0.934982299805, 0.859340965748, 0.818306565285, 0.883294761181, 0.989621698856]
    }
},
"rhythm": {
    "beats_count": 46,
    "beats_loudness": {
        "max": 0.0717891305685,
        "mean": 0.0244965013117,
        "min": 0.00319421291351,
        "stdev": 0.0153906680644
    },
    "bpm": 95.9907836914,
    "bpm_histogram_first_peak_bpm": 96,
    "bpm_histogram_first_peak_weight": 0.349999964237,
    "bpm_histogram_second_peak_bpm": 101,
    "bpm_histogram_second_peak_spread": 0.199999988079,
    "bpm_histogram_second_peak_weight": 0.0888888910413,
    "danceability": 1.10360372066,
    "onset_rate": 4.03262853622,
    "beats_loudness_band_ratio": {
        "max": [0.486800372601, 0.888780772686, 0.829231202602, 0.620811581612, 0.353505134583, 0.763936519623],
        "mean": [0.173087611794, 0.249968320131, 0.26117888093, 0.124244764447, 0.0698717087507, 0.175665393472],
        "min": [0.000582284352276, 0.032057851553, 0.0355625338852, 0.00753960711882, 0.00156852940563, 0.000380487239454],
        "stdev": [0.156451255083, 0.189850077033, 0.211783245206, 0.114025771618, 0.0673520341516, 0.145608380437]
    },
    "beats_position": [0.626938760281, 1.26548755169, 1.88081634045, 2.47292518616, 3.06503391266, 3.64553284645, 4.23764181137, 4.82975053787, 5.4334692955, 6.04879808426, 6.66412687302, 7.2910656929, 7.89478445053, 8.498503685, 9.12544155121, 9.75238037109, 10.3560991287, 10.9830379486, 11.6099767685, 12.2369155884, 12.8754644394, 13.5024032593, 14.1409521103, 14.7678909302, 15.3948297501, 16.0217685699, 16.6487064362, 17.2756462097, 17.9025840759, 18.5295238495, 19.1564617157, 19.7834014893, 20.4103393555, 21.037279129, 21.6642169952, 22.2911567688, 22.918094635, 23.5566444397, 24.195192337, 24.8337402344, 25.4490699768, 26.076007843, 26.7029476166, 27.3298854828, 27.9568252563, 28.5837631226],
