{
"metadata": {
    "version": {
        "essentia": "2.1-beta5",
        "essentia_git_sha": "Undefined",
        "extractor": "music 2.0"
    },
    "audio_properties": {
        "analysis": {
            "equal_loudness": 0,
            "length": 26.9003181458,
            "sample_rate": 44100,
            "start_time": 129.996917725,
            "downmix": "mix"
        },
        "bit_rate": 192000,
        "length": 156.920455933,
        "lossless": 0,
        "number_channels": 2,
        "replay_gain": -1.46647644043,
        "sample_rate": 48000,
        "codec": "mp3",
        "md5_encoded": "1c679aad15f5d37a314924621bf9282e"
    },
    "tags": {
        "file_name": "Switzerland_Amour On T_aime_Arlette Zola.mp3",
        "encoding": ["Lavf58.29.100"]
    }
},
"lowlevel": {
    "average_loudness": 0.973627865314,
    "barkbands_crest": {
        "max": 25.7358627319,
        "mean": 6.7494058609,
        "min": 2.20915126801,
        "stdev": 3.17831802368
    },
    "barkbands_flatness_db": {
        "max": 0.277029156685,
        "mean": 0.137664884329,
        "min": 0.053884871304,
        "stdev": 0.0289369579405
    },
    "barkbands_kurtosis": {
        "max": 19.4992618561,
        "mean": 0.0845885276794,
        "min": -1.74582970142,
        "stdev": 1.6405711174
    },
    "barkbands_skewness": {
        "max": 4.590031147,
        "mean": 0.412963956594,
        "min": -2.09045243263,
        "stdev": 0.708387196064
    },
    "barkbands_spread": {
        "max": 119.628623962,
        "mean": 23.335767746,
        "min": 5.88888263702,
        "stdev": 8.91556358337
    },
    "dissonance": {
        "max": 0.499999791384,
        "mean": 0.475455075502,
        "min": 0.377679675817,
        "stdev": 0.0199955012649
    },
    "dynamic_complexity": 2.44255208969,
    "erbbands_crest": {
        "max": 27.1579380035,
        "mean": 8.31412696838,
        "min": 2.76117539406,
        "stdev": 4.15292835236
    },
    "erbbands_flatness_db": {
        "max": 0.301446318626,
        "mean": 0.201366245747,
        "min": 0.0869628712535,
        "stdev": 0.0343515463173
    },
    "erbbands_kurtosis": {
        "max": 9.1550989151,
        "mean": -0.0814029276371,
        "min": -1.6266720295,
        "stdev": 1.14491736889
    },
    "erbbands_skewness": {
        "max": 2.41887617111,
        "mean": 0.290589362383,
        "min": -2.24014854431,
        "stdev": 0.631596803665
    },
    "erbbands_spread": {
        "max": 76.6577224731,
        "mean": 30.5830917358,
        "min": 8.42997837067,
        "stdev": 9.29402351379
    },
    "hfc": {
        "max": 85.0179290771,
        "mean": 39.4030189514,
        "min": 1.0703322065e-16,
        "stdev": 17.1426620483
    },
    "loudness_ebu128": {
        "integrated": -20.3686161041,
        "loudness_range": 1.3856754303,
        "momentary": {
            "max": -18.7200832367,
            "mean": -27.9901428223,
            "min": -300.691009521,
            "stdev": 43.667224884
        },
        "short_term": {
            "max": -19.5063724518,
            "mean": -20.3999252319,
            "min": -21.7684383392,
            "stdev": 0.435761392117
        }
    },
    "melbands_crest": {
        "max": 38.3329086304,
        "mean": 8.84030723572,
        "min": 1.06933653355,
        "stdev": 4.17042446136
    },
    "melbands_flatness_db": {
        "max": 0.236786544323,
        "mean": 0.0930570214987,
        "min": 1.44975938383e-05,
        "stdev": 0.0383805185556
    },
    "melbands_kurtosis": {
        "max": 51.3411102295,
        "mean": 2.26199793816,
        "min": -1.65543746948,
        "stdev": 3.35071444511
    },
    "melbands_skewness": {
        "max": 6.63979148865,
        "mean": 1.143258214,
        "min": -0.404087781906,
        "stdev": 0.641748487949
    },
    "melbands_spread": {
        "max": 176.332550049,
        "mean": 43.2588729858,
        "min": 6.6897854805,
        "stdev": 25.0256004333
    },
    "pitch_salience": {
        "max": 0.997227966785,
        "mean": 0.63124781847,
        "min": 0.0574218183756,
        "stdev": 0.107162438333
    },
    "silence_rate_20dB": {
        "max": 1,
        "mean": 1,
        "min": 1,
        "stdev": 0
    },
    "silence_rate_30dB": {
        "max": 1,
        "mean": 1,
        "min": 1,
        "stdev": 0
    },
    "silence_rate_60dB": {
        "max": 1,
        "mean": 0.0405172407627,
        "min": 0,
        "stdev": 0.197168946266
    },
    "spectral_centroid": {
        "max": 11740.8769531,
        "mean": 2649.10595703,
        "min": 928.582580566,
        "stdev": 1678.15393066
    },
    "spectral_complexity": {
        "max": 54,
        "mean": 29.1258621216,
        "min": 0,
        "stdev": 10.2456655502
    },
    "spectral_decrease": {
        "max": 4.03210632258e-24,
        "mean": -5.07932762517e-09,
        "min": -1.65184896872e-08,
        "stdev": 2.37572583828e-09
    },
    "spectral_energy": {
        "max": 0.0669375211,
        "mean": 0.0227445382625,
        "min": 9.99767808394e-21,
        "stdev": 0.0100549142808
    },
    "spectral_energyband_high": {
        "max": 0.0106394141912,
        "mean": 0.00215489906259,
        "min": 6.98490777065e-21,
        "stdev": 0.00145340641029
    },
    "spectral_energyband_low": {
        "max": 0.00644623255357,
        "mean": 0.000294176628813,
        "min": 2.08679584069e-23,
        "stdev": 0.000582198146731
    },
    "spectral_energyband_middle_high": {
        "max": 0.0390056185424,
        "mean": 0.0134359160438,
        "min": 1.24561404516e-21,
        "stdev": 0.00719453720376
    },
    "spectral_energyband_middle_low": {
        "max": 0.056362029165,
        "mean": 0.00724360207096,
        "min": 1.28693796201e-22,
        "stdev": 0.00639411294833
    },
    "spectral_entropy": {
        "max": 9.81738758087,
        "mean": 7.8899230957,
        "min": 7.16033124924,
        "stdev": 0.446687728167
    },
    "spectral_flux": {
        "max": 0.173030078411,
        "mean": 0.0824714228511,
        "min": 6.49180709189e-11,
        "stdev": 0.026669640094
    },
    "spectral_kurtosis": {
        "max": 8.35525417328,
        "mean": 2.16666793823,
        "min": -1.24992954731,
        "stdev": 1.22646164894
    },
    "spectral_rms": {
        "max": 0.00808114465326,
        "mean": 0.00451444694772,
        "min": 3.12311244574e-12,
        "stdev": 0.00134518172126
    },
    "spectral_rolloff": {
        "max": 19487.5488281,
        "mean": 3801.00634766,
        "min": 21.533203125,
        "stdev": 3164.81542969
    },
    "spectral_skewness": {
        "max": 2.15189361572,
        "mean": 1.00214362144,
        "min": -0.156019464135,
        "stdev": 0.276747018099
    },
    "spectral_spread": {
        "max": 42571672,
        "mean": 5351719.5,
        "min": 2919595.5,
        "stdev": 6784755.5
    },
    "spectral_strongpeak": {
        "max": 10.087187767,
        "mean": 2.13700866699,
        "min": 0,
        "stdev": 1.70333123207
    },
    "zerocrossingrate": {
        "max": 0.68408203125,
        "mean": 0.120282195508,
        "min": 0.03466796875,
        "stdev": 0.0830966904759
    },
    "barkbands": {
        "max": [0.00013830626267, 0.00328448694199, 0.00290561979637, 0.0074389372021, 0.0201321542263, 0.0104893567041, 0.0533916279674, 0.026628151536, 0.0253921076655, 0.0234014485031, 0.0216608084738, 0.0196385774761, 0.0228939596564, 0.0119983004406, 0.0131412418559, 0.00794953480363, 0.00558065064251, 0.00860601197928, 0.00728831160814, 0.00496503710747, 0.00351740978658, 0.0036371385213, 0.00184209470171, 0.00206936197355, 0.00209158123471, 9.55925679591e-06, 2.55734062193e-06],
        "mean": [3.12177303385e-06, 9.79361502687e-05, 0.000121127006423, 0.000186325487448, 0.000922582403291, 0.000980116426945, 0.00126580090728, 0.00122612842824, 0.00206768396311, 0.00211232504807, 0.00249207974412, 0.00174774590414, 0.00149996951222, 0.000826578994747, 0.00108008249663, 0.000691459688824, 0.000691088964231, 0.00084700982552, 0.00138874375261, 0.000783692812547, 0.00058324332349, 0.000455233152024, 0.000304654211504, 0.000278323073871, 9.14466872928e-05, 2.40403803531e-08, 4.4499834928e-09],
        "min": [6.54346069296e-25, 6.32952131964e-24, 2.8094926152e-24, 1.03824685585e-24, 1.08205683786e-23, 1.11811764199e-23, 6.34111678609e-24, 7.27931734371e-24, 1.54345085282e-23, 1.91808137003e-23, 9.01997048551e-24, 2.47906355224e-23, 3.4044374682e-23, 4.86294661864e-23, 5.63345704149e-23, 4.83359689089e-23, 8.70464653116e-23, 8.87369626771e-23, 1.36846011013e-22, 1.75646305031e-22, 2.17020759467e-22, 3.22735668587e-22, 4.11270348396e-22, 5.66919774164e-22, 8.26589358149e-22, 1.39538089098e-21, 2.00516920951e-21],
        "stdev": [5.90563877267e-06, 0.000227041629842, 0.000279761734419, 0.000525811046828, 0.00138103810605, 0.00128066679463, 0.00345606193878, 0.00190903805196, 0.00318588200025, 0.00285675842315, 0.0033168096561, 0.00260416348465, 0.00183322757948, 0.00105261593126, 0.00145259150304, 0.000813845836092, 0.000669792934787, 0.000799281231593, 0.00116744695697, 0.000577788392548, 0.000481834955281, 0.000359004043275, 0.000254135578871, 0.00026709359372, 0.000136631497298, 2.985799199e-07, 8.72111272088e-08]
    },
    "erbbands": {
        "max": [0.020753281191, 0.990583002567, 3.95510983467, 12.7987613678, 55.7909431458, 60.5414810181, 45.601726532, 124.009651184, 650.046264648, 549.251220703, 313.127227783, 750.285583496, 821.055114746, 776.382568359, 1291.62231445, 1001.23693848, 1158.03735352, 547.241333008, 831.50604248, 511.058013916, 509.519683838, 266.0859375, 366.450805664, 415.733581543, 432.573516846, 270.752838135, 149.426269531, 161.404937744, 123.174446106, 110.350700378, 48.7664375305, 33.4100608826, 38.6519088745, 30.7467079163, 13.7147550583, 0.334681540728, 0.022114418447, 0.00497901393101, 0.00049279310042, 8.07444157545e-05],
        "mean": [0.00143136689439, 0.0275262910873, 0.124945439398, 0.401911646128, 1.43639409542, 3.48880696297, 4.67322254181, 10.3854980469, 16.9023666382, 22.9776611328, 23.9682312012, 53.2278137207, 52.2158355713, 77.0609664917, 132.806213379, 59.0830612183, 68.7201309204, 50.6216888428, 61.358379364, 39.2225990295, 37.3950500488, 35.0412788391, 48.635269165, 54.8706588745, 71.6491851807, 37.3484458923, 26.9355545044, 20.7751045227, 15.4012260437, 13.968670845, 9.00265312195, 6.37178468704, 3.8146147728, 1.58734858036, 0.392842590809, 0.0145207392052, 0.000597617647145, 7.34319110052e-05, 2.84727884718e-05, 3.40166006936e-05],
        "min": [1.04791481167e-22, 1.40374630019e-21, 2.69415754734e-21, 6.14605696443e-21, 1.54703567154e-20, 3.43107603374e-20, 6.20008316754e-20, 7.21322690649e-20, 8.50251649189e-20, 1.36494662615e-19, 3.96538158894e-19, 3.92073554936e-19, 4.88983890003e-19, 7.21747861484e-19, 7.23611085814e-19, 1.17594673878e-18, 2.14940338592e-18, 2.33165422912e-18, 3.61556592562e-18, 3.06298590858e-18, 2.78832989197e-18, 5.75734001795e-18, 5.18590752078e-18, 5.18819715671e-18, 9.91477790078e-18, 8.42423979599e-18, 1.27301847229e-17, 9.31557488249e-18, 1.09559526193e-17, 1.25646145971e-17, 1.1541852919e-17, 8.25080400978e-18, 1.02690676289e-17, 7.01776392095e-18, 6.75107592838e-18, 5.02718479612e-18, 2.26996082429e-18, 1.02006289798e-18, 2.5022585761e-19, 2.88514716921e-20],
        "stdev": [0.0022186760325, 0.0667613744736, 0.304159581661, 0.950042068958, 3.00999593735, 5.63439846039, 5.43632459641, 14.4111499786, 41.5821914673, 41.3229064941, 35.4572219849, 84.9734573364, 80.5494766235, 87.8089141846, 186.65335083, 72.4497833252, 84.9073181152, 49.1608314514, 84.9757385254, 52.6693611145, 40.9819564819, 33.2094955444, 41.5190925598, 43.9164543152, 68.6010131836, 26.055398941, 21.2969551086, 17.1136436462, 12.3514966965, 11.8852767944, 7.47921133041, 5.82184648514, 4.04237747192, 2.12950468063, 0.659590125084, 0.0208364576101, 0.00100550265051, 0.000166328172782, 2.35765583056e-05, 1.38480218084e-05]
    },
    "gfcc": {
        "mean": [-30.0518798828, 57.4447669983, -186.40322876, 33.1040725708, -96.0653991699, 16.0072879791, -39.2292137146, 2.50151801109, -24.2724075317, -12.2747058868, 0.893927395344, -12.5369291306, 2.2911632061],
        "cov": [[61726.5507812, 3118.85986328, -9075.13574219, 1668.2512207, -4735.92529297, 796.270202637, -1978.15979004, 99.4476470947, -1175.05383301, -657.23034668, 7.81949281693, -720.086364746, 125.81703949], [3118.85986328, 1079.81811523, -260.790771484, 195.099655151, -241.192276001, -207.842590332, 48.3215141296, -99.7287445068, -81.9155426025, -155.905502319, 76.4267044067, -76.4930877686, 2.62582731247], [-9075.13574219, -260.790771484, 1668.1072998, -64.4078826904, 705.669250488, -131.585205078, 269.862609863, -16.1832180023, 127.643562317, 65.9035644531, -4.07328510284, 84.896270752, -52.2485313416], [1668.2512207, 195.099655151, -64.4078826904, 294.883666992, -46.7495002747, 0.375358849764, -78.6010131836, -19.4092998505, -32.0249557495, -18.2229213715, -5.53102302551, -43.5677833557, -24.7106990814], [-4735.92529297, -241.192276001, 705.669250488, -46.7495002747, 495.499176025, 13.7546005249, 155.663711548, -4.72271680832, 106.138908386, 73.6955490112, -12.6305561066, 41.5349388123, -24.1187705994], [796.270202637, -207.842590332, -131.585205078, 0.375358849764, 13.7546005249, 227.742904663, -8.25651264191, 33.3273735046, -40.3495635986, 12.5187911987, -28.9044971466, -11.4496097565, -10.1833868027], [-1978.15979004, 48.3215141296, 269.862609863, -78.6010131836, 155.663711548, -8.25651264191, 194.734222412, -8.6029214859, 13.2150325775, -27.678144455, 17.4602489471, 18.4868736267, 1.7544709444], [99.4476470947, -99.7287445068, -16.1832180023, -19.4092998505, -4.72271680832, 33.3273735046, -8.6029214859, 78.251373291, 33.2886695862, 22.1546783447, -18.3534526825, 1.54151725769, -2.34113430977], [-1175.05383301, -81.9155426025, 127.643562317, -32.0249557495, 106.138908386, -40.3495635986, 13.2150325775, 33.2886695862, 131.075759888, 73.2382583618, -11.3776397705, 8.25270271301, -3.35234856606], [-657.23034668, -155.905502319, 65.9035644531, -18.2229213715, 73.6955490112, 12.5187911987, -27.678144455, 22.1546783447, 73.2382583618, 101.004898071, 6.14223623276, 10.607375145, -9.13424777985], [7.81949281693, 76.4267044067, -4.07328510284, -5.53102302551, -12.6305561066, -28.9044971466, 17.4602489471, -18.3534526825, -11.3776397705, 6.14223623276, 67.6937408447, 25.6510448456, -1.85899686813], [-720.086364746, -76.4930877686, 84.896270752, -43.5677833557, 41.5349388123, -11.4496097565, 18.4868736267, 1.54151725769, 8.25270271301, 10.607375145, 25.6510448456, 60.189907074, 18.2048454285], [125.81703949, 2.62582731247, -52.2485313416, -24.7106990814, -24.1187705994, -10.1833868027, 1.7544709444, -2.34113430977, -3.35234856606, -9.13424777985, -1.85899686813, 18.2048454285, 44.2671852112]],
        "icov": [[0.00153773906641, -0.00297577795573, 0.0044825701043, -0.00410631718114, 0.00535335950553, -0.00452643772587, 0.0034534947481, -0.00344643462449, 0.00242752488703, -0.00156287488062, 0.00132098665927, -0.00104133726563, 0.000705884303898], [-0.00297577795573, 0.00863240286708, -0.0084904525429, 0.0063542984426, -0.00963222421706, 0.0104041835293, -0.00817994307727, 0.00777166616172, -0.00626933434978, 0.0065001482144, -0.00659524835646, 0.00619732076302, -0.00260700122453], [0.0044825701043, -0.0084904525429, 0.0152590479702, -0.0123124420643, 0.0128483744338, -0.0109832426533, 0.00893064867705, -0.0107898563147, 0.00882183481008, -0.00513183185831, 0.00539250066504, -0.00492676720023, 0.00431131990626], [-0.00410631718114, 0.0063542984426, -0.0123124420643, 0.0165857393295, -0.0155215999112, 0.0109321735799, -0.0053134476766, 0.00893670227379, -0.00570846814662, 0.00452826404944, -0.00348483189009, 0.00416447129101, -0.000595469027758], [0.00535335950553, -0.00963222421706, 0.0128483744338, -0.0155215999112, 0.0277533829212, -0.0185455679893, 0.00794736482203, -0.00760874478146, 0.00386906554922, -0.00766891334206, 0.00635841488838, -0.00532373785973, 0.00316105154343], [-0.00452643772587, 0.0104041835293, -0.0109832426533, 0.0109321735799, -0.0185455679893, 0.0231472346932, -0.0130031108856, 0.00637901527807, 0.000320822116919, 0.000895852572285, -0.000888174807187, 0.00364192156121, 0.000134233181598], [0.0034534947481, -0.00817994307727, 0.00893064867705, -0.0053134476766, 0.00794736482203, -0.0130031108856, 0.0211865287274, -0.0092575410381, 0.00249281572178, 0.00493280217052, -0.00347616546787, 0.000831156794447, -0.00102724996395], [-0.00344643462449, 0.00777166616172, -0.0107898563147, 0.00893670227379, -0.00760874478146, 0.00637901527807, -0.0092575410381, 0.0275259464979, -0.0136804543436, 0.00441246945411, 0.000303322303807, -0.000323852495058, 0.000752794148866], [0.00242752488703, -0.00626933434978, 0.00882183481008, -0.00570846814662, 0.00386906554922, 0.000320822116919, 0.00249281572178, -0.0136804543436, 0.0285446178168, -0.0205713640898, 0.0118268961087, -0.0045636179857, 0.00234806817025], [-0.00156287488062, 0.0065001482144, -0.00513183185831, 0.00452826404944, -0.00766891334206, 0.000895852572285, 0.00493280217052, 0.00441246945411, -0.0205713640898, 0.0346554964781, -0.0183602180332, 0.00916323903948, -0.00235365587287], [0.00132098665927, -0.00659524835646, 0.00539250066504, -0.00348483189009, 0.00635841488838, -0.000888174807187, -0.00347616546787, 0.000303322303807, 0.0118268961087, -0.0183602180332, 0.0371564812958, -0.0244090892375, 0.0131757417694], [-0.00104133726563, 0.00619732076302, -0.00492676720023, 0.00416447129101, -0.00532373785973, 0.00364192156121, 0.000831156794447, -0.000323852495058, -0.0045636179857, 0.00916323903948, -0.0244090892375, 0.0414355657995, -0.0195313934237], [0.000705884303898, -0.00260700122453, 0.00431131990626, -0.000595469027758, 0.00316105154343, 0.000134233181598, -0.00102724996395, 0.000752794148866, 0.00234806817025, -0.00235365587287, 0.0131757417694, -0.0195313934237, 0.0356061384082]]
    },
    "melbands": {
        "max": [0.000527361757122, 0.00175590557046, 0.00329590262845, 0.0044636647217, 0.00204174849205, 0.00247486657463, 0.0109807634726, 0.00658562267199, 0.00288321706466, 0.00459192926064, 0.0041116271168, 0.00332116242498, 0.00320191239007, 0.00221734377556, 0.00209759478457, 0.0014966619201, 0.00122524402104, 0.00131633284036, 0.000649072986562, 0.000562281522434, 0.000569580006413, 0.000273529760307, 0.000680773286149, 0.00022696328233, 0.000367555039702, 0.000427593739005, 0.000255325401668, 0.000193574465811, 0.000137362192618, 0.000103856131318, 0.000109274529677, 9.08044166863e-05, 7.89103723946e-05, 5.49943397345e-05, 3.75617310056e-05, 2.45620485657e-05, 2.27907385124e-05, 2.85749556497e-05, 2.23616370931e-05, 3.45785047102e-05],
        "mean": [2.02362298296e-05, 5.78511753702e-05, 9.80092445388e-05, 0.00017466666759, 0.000175477704033, 0.000216525077121, 0.000267640833044, 0.000263010675553, 0.000191710249055, 0.000348745757947, 0.000254100974416, 0.000302041968098, 0.000368723412976, 0.00027043101727, 0.000124717116705, 0.000142463060911, 8.83718967088e-05, 9.67669693637e-05, 6.33389354334e-05, 5.47377057956e-05, 4.09199237765e-05, 3.3250242268e-05, 4.78808469779e-05, 3.93467962567e-05, 4.22540142608e-05, 5.85208617849e-05, 3.21310435538e-05, 2.42652549787e-05, 1.9013945348e-05, 1.2615995729e-05, 1.23004911075e-05, 8.84701603354e-06, 8.36625895317e-06, 6.89568560119e-06, 5.43045734958e-06, 4.0715308387e-06, 3.84727218261e-06, 2.8721074159e-06, 2.07906145988e-06, 1.14558372388e-06],
        "min": [2.30702549226e-24, 1.61844941708e-24, 1.32785110479e-24, 2.95928744034e-24, 2.36748043937e-24, 1.66227093619e-24, 1.20601420038e-24, 1.4796428327e-24, 3.00315895351e-24, 1.9078086261e-24, 2.60119783748e-24, 2.43517259365e-24, 1.60139690671e-24, 2.88228100814e-24, 2.36589837883e-24, 3.01651732687e-24, 3.87928503257e-24, 5.45367627228e-24, 4.57050467925e-24, 1.70579140625e-24, 3.44043934442e-24, 5.13840840593e-24, 4.78831469721e-24, 3.77134282833e-24, 3.57031188183e-24, 5.66807328353e-24, 4.45324760544e-24, 5.45051688435e-24, 5.46777913311e-24, 4.51220312519e-24, 5.43081863312e-24, 5.91703226319e-24, 5.446429796e-24, 7.04785924323e-24, 5.04704884678e-24, 5.72846847443e-24, 4.5615203424e-24, 6.6599021832e-24, 6.05367362159e-24, 5.57984155786e-24],
        "stdev": [4.01905454055e-05, 0.000131859022076, 0.000228834556765, 0.000275178754237, 0.000215964828385, 0.000296035490464, 0.000698722840752, 0.000455715489807, 0.000314114062348, 0.000552148616407, 0.000401839177357, 0.000361559563316, 0.000487099081511, 0.000366996566299, 0.000183285126695, 0.000163185672136, 9.93601061055e-05, 0.000140131029184, 8.22314395919e-05, 6.98796866345e-05, 4.9898022553e-05, 3.46127453668e-05, 5.15262872796e-05, 3.2782641938e-05, 3.9216294681e-05, 6.5483043727e-05, 2.58775580733e-05, 1.96220316866e-05, 1.7917725927e-05, 1.12008983706e-05, 1.1826523405e-05, 7.78132653068e-06, 7.34640070732e-06, 6.09967491982e-06, 4.72386636829e-06, 3.69315921489e-06, 3.74265914616e-06, 3.07927166432e-06, 2.41791508415e-06, 1.89158959074e-06]
    },
    "melbands128": {
        "max": [6.80151133565e-05, 8.93334508874e-05, 0.00039031758206, 0.0021370141767, 0.00263159605674, 0.0014454232296, 0.00218109996058, 0.00431953556836, 0.00637186225504, 0.0049217552878, 0.00369164603762, 0.00371216773055, 0.00154335191473, 0.00294894562103, 0.00377695821226, 0.00370402541012, 0.00485353078693, 0.0188113823533, 0.0159107614309, 0.00790035538375, 0.0100144343451, 0.00317789544351, 0.00399739621207, 0.00648012012243, 0.00809762068093, 0.00881731882691, 0.00472250394523, 0.0079213809222, 0.00441314093769, 0.00429723365232, 0.00578062981367, 0.00333692901768, 0.00435419660062, 0.0100746117532, 0.00602919515222, 0.00228736060672, 0.00623578391969, 0.00219389609993, 0.00623076921329, 0.00267395982519, 0.00212270254269, 0.0014246753417, 0.000908611225896, 0.00285004917532, 0.00161172566004, 0.00253809732385, 0.00242867460474, 0.00143817579374, 0.0015283448156, 0.00164079351816, 0.00109528459143, 0.000612291623838, 0.00147644022945, 0.000899776001461, 0.00074892223347, 0.000452105043223, 0.000686219951604, 0.000812973361462, 0.00111250416376, 0.000823374488391, 0.000422321405495, 0.000457938847831, 0.00108415831346, 0.00038675320684, 0.000298832834233, 0.00070601614425, 0.000725633290131, 0.000518540735357, 0.000439166964497, 0.000235922008869, 0.000429472565884, 0.000548867334146, 0.000164898679941, 0.000193095911527, 0.000125593534904, 0.000215033185668, 0.000158415146871, 0.000149358616909, 0.000205901451409, 0.000118079420645, 0.000139213210787, 9.55782306846e-05, 8.63805325935e-05, 0.000108841566544, 0.000145582889672, 8.52092125569e-05, 6.3572639192e-05, 7.41672192817e-05, 6.90165252308e-05, 6.50608344586e-05, 3.64507650374e-05, 3.78339209419e-05, 4.83097755932e-05, 2.8465887226e-05, 4.12372137362e-05, 2.49541026278e-05, 3.93310328946e-05, 3.81926256523e-05, 3.30046277668e-05, 2.53535126831e-05, 1.73977787199e-05, 4.43172575615e-05, 6.26465625828e-05, 4.69860278827e-05, 4.0184372665e-06, 2.03675108423e-06, 3.33226665816e-07, 5.75845788831e-08, 3.69048507309e-08, 6.04552852224e-08, 5.92299400637e-08, 7.69326504724e-08, 8.7576729868e-08, 4.55561632862e-08, 4.31597619865e-08, 6.17892297328e-08, 4.07891711518e-08, 1.34536382035e-08, 1.60813691252e-08, 1.96876470682e-08, 2.53554173213e-08, 1.16908829284e-08, 6.07435346467e-09, 3.31154603739e-10, 7.13920936257e-11, 7.1534063395e-11, 7.16457518313e-11, 7.10414088667e-11],
        "mean": [1.87746638858e-06, 6.68471784593e-06, 2.44100992859e-05, 5.2272589528e-05, 5.97173020651e-05, 6.11646682955e-05, 7.02832185198e-05, 0.000104682185338, 0.000144977399032, 0.000165507837664, 0.000201785631361, 0.000218754212256, 0.000140510353958, 0.000144859688589, 0.000284424517304, 0.000211346210563, 0.000182265503099, 0.000346821179846, 0.000298403319903, 0.000213627397898, 0.000313173484756, 0.000183764568646, 0.000177446738235, 0.000166825309861, 0.000354370044079, 0.000485417549498, 0.000206238211831, 0.000268508505542, 0.00019394478295, 0.000369385903468, 0.000347807421349, 0.000164869474247, 0.000194101114175, 0.000802480964921, 0.000337259087246, 0.000107622123323, 0.000125341495732, 7.01297467458e-05, 0.000196618697373, 0.000150178806507, 0.000160875322763, 7.04304256942e-05, 7.57298621465e-05, 0.000122887853649, 5.02329385199e-05, 0.000115115377412, 0.000122441691929, 5.50894765183e-05, 4.42370837845e-05, 4.01824072469e-05, 6.83800390107e-05, 5.68665382161e-05, 3.44260333804e-05, 3.85822240787e-05, 4.36517548223e-05, 2.24456980504e-05, 2.90217521979e-05, 5.99940140091e-05, 4.46900485258e-05, 5.11199286848e-05, 3.23008971463e-05, 2.89700838039e-05, 6.65432453388e-05, 3.68012697436e-05, 2.31874983001e-05, 6.59378274577e-05, 8.27620315249e-05, 3.38668723998e-05, 2.39193977905e-05, 2.12686773011e-05, 1.74445358425e-05, 3.71804926544e-05, 2.02403571166e-05, 1.67574198713e-05, 1.19495107356e-05, 1.60868130479e-05, 1.10573773782e-05, 8.89645707502e-06, 1.61095431395e-05, 1.14696003948e-05, 8.1892221715e-06, 8.95572338777e-06, 6.29175292488e-06, 7.35984258426e-06, 1.20291060739e-05, 7.49430364522e-06, 5.25226460013e-06, 4.78592710351e-06, 6.3644306465e-06, 5.01017484567e-06, 4.09324229622e-06, 3.5850553104e-06, 4.6239583753e-06, 2.90634989142e-06, 4.95173026138e-06, 2.88390151582e-06, 2.60693354903e-06, 1.97451595341e-06, 2.92298886961e-06, 1.64822699844e-06, 7.58314172344e-07, 1.24933001189e-06, 1.37231813824e-06, 6.18522449258e-07, 3.82828346801e-07, 1.44975757621e-07, 1.96910043826e-08, 1.07716158215e-09, 5.01222813254e-11, 7.28984927978e-11, 8.41284750197e-11, 8.90658727326e-11, 9.68490565523e-11, 5.77873304763e-11, 5.75188750795e-11, 6.96563778879e-11, 4.20432542947e-11, 2.22177606174e-11, 2.93430522935e-11, 2.48181163121e-11, 3.34296097748e-11, 1.83019710498e-11, 1.09233958684e-11, 4.22475856382e-12, 3.47008207759e-12, 3.15122168811e-12, 2.97317704311e-12, 2.93407594228e-12],
        "min": [3.25888547227e-25, 1.18830851319e-25, 9.30186716898e-25, 1.42466248166e-24, 9.47908674349e-25, 1.71623651628e-24, 8.71280796776e-25, 3.15838705814e-25, 1.17255555256e-24, 1.14744630716e-24, 5.76504726435e-25, 2.06681507864e-25, 7.52883720347e-25, 5.45415520945e-25, 7.61793707056e-25, 5.63988560705e-25, 1.06080206546e-24, 6.64563790171e-25, 5.31639297831e-25, 1.0805885705e-24, 5.90655214745e-25, 8.02931817187e-25, 1.06292597484e-24, 1.77693936294e-24, 1.2613270563e-24, 7.53146509636e-25, 1.34006562983e-24, 6.97031875219e-25, 1.07986429759e-24, 1.83595759713e-24, 8.81113652136e-25, 7.63372612158e-25, 1.07276701463e-24, 1.38414520506e-24, 1.82141119926e-24, 1.18730380022e-24, 8.21896033349e-25, 1.04461286474e-24, 1.29937431079e-24, 3.02557226677e-24, 7.19935761349e-25, 2.67046731914e-24, 2.11727308733e-24, 6.16695956961e-25, 8.82058411678e-25, 3.24321445457e-24, 2.02609023302e-24, 2.33671703344e-24, 2.10361691898e-24, 9.70768187053e-25, 1.4011118282e-24, 1.33806192313e-24, 1.22439288454e-24, 1.83697226947e-24, 1.96923939416e-24, 2.74038070851e-24, 3.5538479603e-24, 2.72155059871e-24, 2.67486009109e-24, 3.66667242469e-24, 1.98484247122e-24, 3.54808651468e-24, 3.18135572947e-24, 2.89002190299e-24, 1.58840880495e-24, 3.7344052053e-24, 3.83500114237e-24, 3.37972032611e-24, 2.5826698614e-24, 2.51981559384e-24, 3.07552984182e-24, 3.33276338073e-24, 2.85974404094e-24, 3.15576192626e-24, 4.72613391965e-24, 2.42494678695e-24, 2.44952788997e-24, 3.62746485441e-24, 3.64037969072e-24, 4.2729191301e-24, 3.74011419168e-24, 3.26576897392e-24, 4.076105434e-24, 3.92380558105e-24, 4.76732192523e-24, 4.03767883601e-24, 5.45547369185e-24, 3.99943367604e-24, 2.8441930287e-24, 3.8168411699e-24, 4.13792175782e-24, 3.61287644969e-24, 3.09630646591e-24, 4.14202896212e-24, 3.74810969138e-24, 5.39535854657e-24, 4.8806410054e-24, 4.90222660635e-24, 3.47553103293e-24, 4.75114909338e-24, 4.18542972255e-24, 4.30107712568e-24, 3.90588187242e-24, 5.37603105996e-24, 6.48206808605e-24, 5.60925778659e-24, 5.97396908788e-24, 6.08444945209e-24, 5.60491313515e-24, 5.6785473842e-24, 5.32136970454e-24, 5.55864092103e-24, 5.91281027962e-24, 7.08166272188e-24, 6.38273984846e-24, 6.15498702765e-24, 5.76915279233e-24, 6.2087759029e-24, 6.0961506259e-24, 5.72158053544e-24, 7.15175695761e-24, 6.08667877301e-24, 6.75360939241e-24, 6.43953152275e-24, 6.74459507885e-24, 5.07188179364e-24, 6.6008630442e-24, 5.91578270751e-24],
        "stdev": [3.20894400829e-06, 9.60352736001e-06, 4.37825510744e-05, 0.000140246193041, 0.00017014920013, 0.000134234258439, 0.000166558107594, 0.000317357451422, 0.000347320747096, 0.000290530413622, 0.000363669358194, 0.000394752598368, 0.000201320639462, 0.000214403597056, 0.000463522941573, 0.000378203025321, 0.000420797005063, 0.00113942101598, 0.00104025157634, 0.000418499752413, 0.000664535968099, 0.000332949915901, 0.000386985746445, 0.000509482633788, 0.000736331159715, 0.000912221439648, 0.000435469584772, 0.000690370274242, 0.000354857562343, 0.000540388398804, 0.000521710899193, 0.000305366498651, 0.000334823562298, 0.00135780218989, 0.000667499145493, 0.000194503983948, 0.000329396716552, 0.000145532103488, 0.000419229269028, 0.000210324418731, 0.000254345621215, 0.000127962368424, 0.000106865161797, 0.000186072982615, 0.00011762673239, 0.000247035874054, 0.000212096449104, 0.000108276071842, 0.000101149802504, 0.000114677583042, 0.000103541875433, 7.69300822867e-05, 7.73542342358e-05, 7.13250992703e-05, 7.16009744792e-05, 3.71580244973e-05, 4.67343597848e-05, 8.65192923811e-05, 7.71695922595e-05, 6.91490276949e-05, 4.78711990581e-05, 3.78022450604e-05, 9.61229379755e-05, 3.52424322045e-05, 2.79642608803e-05, 9.3787064543e-05, 0.000109113541839, 4.29470746894e-05, 3.38323734468e-05, 2.63713209279e-05, 2.31151989283e-05, 4.64229997306e-05, 2.29110610235e-05, 2.49330187216e-05, 1.35894615596e-05, 1.83986030606e-05, 1.43344177559e-05, 1.13206224341e-05, 2.16827702388e-05, 1.2870908904e-05, 1.01949635791e-05, 9.78328080237e-06, 6.91050991009e-06, 8.45513386594e-06, 1.48395020005e-05, 8.07428205007e-06, 6.07345555181e-06, 5.40183145858e-06, 7.03881732989e-06, 6.00494740866e-06, 4.65886023449e-06, 4.14801388615e-06, 5.47677018403e-06, 3.61227375834e-06, 6.22904917691e-06, 3.50904701918e-06, 3.32274544235e-06, 2.90544721793e-06, 3.9984461182e-06, 2.14610895455e-06, 1.22701533201e-06, 2.32469619732e-06, 2.95862446364e-06, 1.69978761733e-06, 5.57230237064e-07, 2.0866374939e-07, 3.83447584795e-08, 3.26638049941e-09, 1.13405973501e-09, 1.82896342515e-09, 1.93662619274e-09, 2.31926033933e-09, 2.61493782183e-09, 1.39819733569e-09, 1.35184274885e-09, 1.84138215786e-09, 1.19876097937e-09, 4.49041359651e-10, 6.08101013988e-10, 5.92087934237e-10, 7.88432485965e-10, 3.74304559569e-10, 1.89778040505e-10, 1.41507014439e-11, 4.66093006204e-12, 4.60741471017e-12, 4.57338810919e-12, 4.54442950285e-12]
    },
    "mfcc": {
        "mean": [-611.596008301, 63.197052002, -33.932800293, -1.11824548244, -25.203371048, -6.98545646667, -3.42810106277, 0.677073001862, -12.0040616989, -2.65916156769, -5.99395179749, -5.21671247482, -3.36040043831],
        "cov": [[18731.4882812, 1534.91149902, -964.357849121, -103.870735168, -644.548217773, -179.498977661, -113.630340576, -16.8573722839, -297.739959717, -34.0451202393, -169.282028198, -136.770706177, -114.412879944], [1534.91149902, 854.226989746, 25.3342113495, 224.83883667, -201.955627441, -72.9167022705, 23.7834472656, 38.0251045227, -115.52381134, -31.6411743164, -28.0015182495, -59.6770782471, 5.78661775589], [-964.357849121, 25.3342113495, 363.462310791, 159.864639282, 71.1766433716, -1.68273293972, 43.491355896, 13.8785877228, -20.8234004974, -23.9906177521, -11.305644989, 0.625277340412, -7.34897136688], [-103.870735168, 224.83883667, 159.864639282, 322.379425049, 43.1668052673, -10.4443092346, -19.087594986, -12.7672491074, -34.5693206787, -15.8070640564, 1.54055535793, 4.96972703934, 4.32429695129], [-644.548217773, -201.955627441, 71.1766433716, 43.1668052673, 205.321380615, 72.7399597168, -5.44002008438, -23.3883171082, 43.6717720032, 20.9898357391, 35.8739967346, 40.3551483154, -1.20491218567], [-179.498977661, -72.9167022705, -1.68273293972, -10.4443092346, 72.7399597168, 130.518447876, 60.2995567322, 10.4848556519, 16.0208587646, 15.3746194839, 14.507689476, -2.01190590858, -9.08806800842], [-113.630340576, 23.7834472656, 43.491355896, -19.087594986, -5.44002008438, 60.2995567322, 140.178085327, 57.5355033875, -18.1064815521, -14.8096485138, -19.4398117065, -20.130437851, -7.05947494507], [-16.8573722839, 38.0251045227, 13.8785877228, -12.7672491074, -23.3883171082, 10.4848556519, 57.5355033875, 82.2534637451, 12.5821590424, -7.91189956665, -15.8590679169, -13.4147443771, 3.48360991478], [-297.739959717, -115.52381134, -20.8234004974, -34.5693206787, 43.6717720032, 16.0208587646, -18.1064815521, 12.5821590424, 91.2421340942, 37.0871047974, 12.9915103912, 6.52499818802, -4.76055574417], [-34.0451202393, -31.6411743164, -23.9906177521, -15.8070640564, 20.9898357391, 15.3746194839, -14.8096485138, -7.91189956665, 37.0871047974, 72.2046890259, 34.1267204285, 1.37102305889, -10.9171943665], [-169.282028198, -28.0015182495, -11.305644989, 1.54055535793, 35.8739967346, 14.507689476, -19.4398117065, -15.8590679169, 12.9915103912, 34.1267204285, 68.4388580322, 31.6300354004, 3.7601082325], [-136.770706177, -59.6770782471, 0.625277340412, 4.96972703934, 40.3551483154, -2.01190590858, -20.130437851, -13.4147443771, 6.52499818802, 1.37102305889, 31.6300354004, 67.4456329346, 28.5795650482], [-114.412879944, 5.78661775589, -7.34897136688, 4.32429695129, -1.20491218567, -9.08806800842, -7.05947494507, 3.48360991478, -4.76055574417, -10.9171943665, 3.7601082325, 28.5795650482, 62.5186767578]],
        "icov": [[8.47451665322e-05, -0.000162066207849, 0.000226340765948, 4.86220233142e-05, -1.36659145937e-05, -3.84947597922e-05, 0.000108711792564, -4.86706267111e-05, 0.000226595715503, -0.000147070400999, 0.000344469124684, -0.000249726348557, 0.000287474307697], [-0.000162066207849, 0.00299741211347, 2.63761266979e-05, -0.00240097334608, 0.00237537943758, 0.00020554283401, -0.000376672949642, -0.00112714653369, 0.00147895351984, -0.000382240570616, -0.00164140609559, 0.00180148927029, -0.000987860141322], [0.000226340765948, 2.63761266979e-05, 0.00507444282994, -0.00218984624371, -0.00180315738544, 0.0020559055265, -0.00208296347409, -0.00054138986161, 0.00117909407709, 5.45374132344e-05, 0.000986498431303, -0.000128657193272, 0.00131759408396], [4.86220233142e-05, -0.00240097334608, -0.00218984624371, 0.0064566670917, -0.00273674353957, -0.000494416162837, 0.00215207599103, 0.000254254613537, 0.000660451652948, 0.000297320540994, 0.000875144498423, -0.000675589486491, 6.98392177583e-05], [-1.36659145937e-05, 0.00237537943758, -0.00180315738544, -0.00273674353957, 0.0123750912026, -0.00587528804317, 0.000871900178026, 0.00195440859534, -0.00310986978002, 0.000510684796609, -0.00175648427103, -0.00387908751145, 0.000837742467411], [-3.84947597922e-05, 0.00020554283401, 0.0020559055265, -0.000494416162837, -0.00587528804317, 0.0152932563797, -0.00846830755472, 0.00190849089995, -0.000988119631074, -0.000688503903802, -0.00289165927097, 0.00359285576269, -0.000430271989899], [0.000108711792564, -0.000376672949642, -0.00208296347409, 0.00215207599103, 0.000871900178026, -0.00846830755472, 0.0173553265631, -0.0105412052944, 0.00616359943524, -0.000647681648843, 0.00286741484888, -0.000552869227249, 0.00160951970611], [-4.86706267111e-05, -0.00112714653369, -0.00054138986161, 0.000254254613537, 0.00195440859534, 0.00190849089995, -0.0105412052944, 0.0225861985236, -0.00962678343058, 0.00319893471897, -5.73795950913e-05, 0.00126714422368, -0.00294993328862], [0.000226595715503, 0.00147895351984, 0.00117909407709, 0.000660451652948, -0.00310986978002, -0.000988119631074, 0.00616359943524, -0.00962678343058, 0.0221116878092, -0.0104365022853, 0.0040970495902, -0.00100904121064, 0.00147565815132], [-0.000147070400999, -0.000382240570616, 5.45374132344e-05, 0.000297320540994, 0.000510684796609, -0.000688503903802, -0.000647681648843, 0.00319893471897, -0.0104365022853, 0.0258672051132, -0.0137785011902, 0.00586005207151, 0.00128260743804], [0.000344469124684, -0.00164140609559, 0.000986498431303, 0.000875144498423, -0.00175648427103, -0.00289165927097, 0.00286741484888, -5.73795950913e-05, 0.0040970495902, -0.0137785011902, 0.0299510918558, -0.0146735887975, 0.00352292601019], [-0.000249726348557, 0.00180148927029, -0.000128657193272, -0.000675589486491, -0.00387908751145, 0.00359285576269, -0.000552869227249, 0.00126714422368, -0.00100904121064, 0.00586005207151, -0.0146735887975, 0.0306131280959, -0.0124430563301], [0.000287474307697, -0.000987860141322, 0.00131759408396, 6.98392177583e-05, 0.000837742467411, -0.000430271989899, 0.00160951970611, -0.00294993328862, 0.00147565815132, 0.00128260743804, 0.00352292601019, -0.0124430563301, 0.0228751469404]]
    },
    "spectral_contrast_coeffs": {
        "max": [-0.429726541042, -0.45534530282, -0.500329911709, -0.594812691212, -0.642468810081, -0.589011013508],
        "mean": [-0.695511579514, -0.766563892365, -0.72808110714, -0.759962439537, -0.758109748363, -0.724318683147],
        "min": [-0.979060530663, -0.995663821697, -0.997654855251, -0.985377907753, -0.9896017313, -0.964320421219],
        "stdev": [0.085528023541, 0.075805529952, 0.0897692516446, 0.0647752583027, 0.0568184442818, 0.0611708462238]
    },
    "spectral_contrast_valleys": {
        "max": [-5.71707296371, -5.17803001404, -5.55804204941, -5.55057191849, -5.86795377731, -7.93010473251],
        "mean": [-8.61535644531, -7.25060796738, -7.51254701614, -7.89450025558, -7.50881099701, -10.2423381805],
        "min": [-28.1379776001, -27.7400875092, -27.8836860657, -27.6110706329, -27.5820903778, -27.430431366],
        "stdev": [3.71549129486, 3.92661643028, 3.88407635689, 3.82249879837, 3.86083865166, 3.37931776047]
    }
},
"rhythm": {
    "beats_count": 41,
    "beats_loudness": {
        "max": 0.0501856952906,
        "mean": 0.0273269619793,
        "min": 0,
        "stdev": 0.0100754154846
    },
    "bpm": 91.6214141846,
    "bpm_histogram_first_peak_bpm": 96,
    "bpm_histogram_first_peak_weight": 0.733333349228,
    "bpm_histogram_second_peak_bpm": 89,
    "bpm_histogram_second_peak_spread": 0.5,
    "bpm_histogram_second_peak_weight": 0.125,
    "danceability": 1.14392876625,
    "onset_rate": 1.70927917957,
    "beats_loudness_band_ratio": {
        "max": [0.203051328659, 0.33931094408, 0.712032258511, 0.710933685303, 0.403617441654, 0.357848614454],
        "mean": [0.0340724550188, 0.0809362903237, 0.218115389347, 0.31111562252, 0.204058095813, 0.153617396951],
        "min": [0, 0, 0, 0, 0, 0],
        "stdev": [0.0455745458603, 0.0678198337555, 0.163162142038, 0.167572751641, 0.110576197505, 0.0735490247607]
    },
    "beats_position": [0.650158703327, 1.27709746361, 1.91564619541, 2.55419492722, 3.15791368484, 3.76163268089, 4.3653512001, 4.98067998886, 5.60761880875, 6.2229475975, 6.82666635513, 7.44199514389, 8.05732440948, 8.68426322937, 9.29959201813, 9.93814086914, 10.5650787354, 11.1920175552, 11.807346344, 12.4342851639, 13.0728340149, 13.6997728348, 14.3151016235, 14.9420404434, 15.5805892944, 16.2191371918, 16.8692970276, 17.5194549561, 18.181224823, 18.8546028137, 19.5279808044, 20.2013607025, 20.8631286621, 21.5248966217, 22.1866664886, 22.8484344482, 23.5218143463, 24.195192337, 24.8453502655, 25.4955101013, 26.1456680298],
