{
"metadata": {
    "version": {
        "essentia": "2.1-beta5",
        "essentia_git_sha": "Undefined",
        "extractor": "music 2.0"
    },
    "audio_properties": {
        "analysis": {
            "equal_loudness": 0,
            "length": 48.7502937317,
            "sample_rate": 44100,
            "start_time": 61.4980506897,
            "downmix": "mix"
        },
        "bit_rate": 192000,
        "length": 183.298324585,
        "lossless": 0,
        "number_channels": 2,
        "replay_gain": -11.4828414917,
        "sample_rate": 44100,
        "codec": "mp3",
        "md5_encoded": "1fbc17b023981245090eb2e5fd58f4a6"
    },
    "tags": {
        "file_name": "Finland_Nuku Pommiin_Kojo.mp3",
        "encoding": ["Lavf58.29.100"]
    }
},
"lowlevel": {
    "average_loudness": 0.969211101532,
    "barkbands_crest": {
        "max": 22.7648220062,
        "mean": 6.94837522507,
        "min": 2.23315954208,
        "stdev": 3.21796894073
    },
    "barkbands_flatness_db": {
        "max": 0.276184856892,
        "mean": 0.141573220491,
        "min": 0.0373685471714,
        "stdev": 0.028867367655
    },
    "barkbands_kurtosis": {
        "max": 35.7474327087,
        "mean": 0.492437511683,
        "min": -1.85875189304,
        "stdev": 2.94250702858
    },
    "barkbands_skewness": {
        "max": 5.24602413177,
        "mean": 0.771039009094,
        "min": -1.43353533745,
        "stdev": 0.82848662138
    },
    "barkbands_spread": {
        "max": 77.1955795288,
        "mean": 32.2353439331,
        "min": 3.84730648994,
        "stdev": 13.264336586
    },
    "dissonance": {
        "max": 0.499987006187,
        "mean": 0.473235219717,
        "min": 0.374450594187,
        "stdev": 0.0198299735785
    },
    "dynamic_complexity": 1.68467032909,
    "erbbands_crest": {
        "max": 27.9836483002,
        "mean": 7.61011791229,
        "min": 2.09191298485,
        "stdev": 3.80637764931
    },
    "erbbands_flatness_db": {
        "max": 0.310102641582,
        "mean": 0.181688413024,
        "min": 0.0905700996518,
        "stdev": 0.0322107970715
    },
    "erbbands_kurtosis": {
        "max": 9.164021492,
        "mean": -0.304587990046,
        "min": -1.66467487812,
        "stdev": 1.12851583958
    },
    "erbbands_skewness": {
        "max": 3.06485295296,
        "mean": 0.110805757344,
        "min": -1.72436475754,
        "stdev": 0.700929164886
    },
    "erbbands_spread": {
        "max": 107.993087769,
        "mean": 43.235294342,
        "min": 9.13109111786,
        "stdev": 14.4650354385
    },
    "hfc": {
        "max": 198.977096558,
        "mean": 31.9276752472,
        "min": 1.11794912815,
        "stdev": 26.9551582336
    },
    "loudness_ebu128": {
        "integrated": -12.8438873291,
        "loudness_range": 2.32003688812,
        "momentary": {
            "max": -10.4644851685,
            "mean": -13.0968122482,
            "min": -22.9443073273,
            "stdev": 1.57290458679
        },
        "short_term": {
            "max": -11.0864171982,
            "mean": -12.9061670303,
            "min": -14.7523832321,
            "stdev": 0.788823366165
        }
    },
    "melbands_crest": {
        "max": 28.2079124451,
        "mean": 10.4510221481,
        "min": 2.73308730125,
        "stdev": 4.38220405579
    },
    "melbands_flatness_db": {
        "max": 0.276613593102,
        "mean": 0.122717089951,
        "min": 0.025522409007,
        "stdev": 0.0473192147911
    },
    "melbands_kurtosis": {
        "max": 71.0174026489,
        "mean": 5.57918310165,
        "min": -1.54161024094,
        "stdev": 7.79649543762
    },
    "melbands_skewness": {
        "max": 6.99262428284,
        "mean": 1.84707713127,
        "min": -0.0880615338683,
        "stdev": 1.03543841839
    },
    "melbands_spread": {
        "max": 168.207473755,
        "mean": 43.493106842,
        "min": 3.62877321243,
        "stdev": 22.9114341736
    },
    "pitch_salience": {
        "max": 0.857459783554,
        "mean": 0.623858451843,
        "min": 0.2364680022,
        "stdev": 0.0841889306903
    },
    "silence_rate_20dB": {
        "max": 1,
        "mean": 1,
        "min": 1,
        "stdev": 0
    },
    "silence_rate_30dB": {
        "max": 1,
        "mean": 1,
        "min": 1,
        "stdev": 0
    },
    "silence_rate_60dB": {
        "max": 1,
        "mean": 0.0133269866928,
        "min": 0,
        "stdev": 0.114670082927
    },
    "spectral_centroid": {
        "max": 3884.48583984,
        "mean": 2094.33276367,
        "min": 475.14364624,
        "stdev": 670.251159668
    },
    "spectral_complexity": {
        "max": 57,
        "mean": 26.5787715912,
        "min": 0,
        "stdev": 11.1771287918
    },
    "spectral_decrease": {
        "max": -7.44488637405e-11,
        "mean": -4.41210623592e-09,
        "min": -1.8423953918e-08,
        "stdev": 2.38876896042e-09
    },
    "spectral_energy": {
        "max": 0.0841665044427,
        "mean": 0.0195482484996,
        "min": 0.000410291075241,
        "stdev": 0.0107989879325
    },
    "spectral_energyband_high": {
        "max": 0.0241075772792,
        "mean": 0.00246516126208,
        "min": 2.38143020397e-05,
        "stdev": 0.00300323194824
    },
    "spectral_energyband_low": {
        "max": 0.0303033366799,
        "mean": 0.00209896150045,
        "min": 8.79757408256e-06,
        "stdev": 0.00319173629396
    },
    "spectral_energyband_middle_high": {
        "max": 0.0335599705577,
        "mean": 0.00682654650882,
        "min": 0.000147188417031,
        "stdev": 0.0051055457443
    },
    "spectral_energyband_middle_low": {
        "max": 0.0634160861373,
        "mean": 0.00864301249385,
        "min": 0.000103948208562,
        "stdev": 0.00684214802459
    },
    "spectral_entropy": {
        "max": 8.6976146698,
        "mean": 7.86576986313,
        "min": 6.84130001068,
        "stdev": 0.238547712564
    },
    "spectral_flux": {
        "max": 0.239497765899,
        "mean": 0.0816338211298,
        "min": 0.0200252700597,
        "stdev": 0.0298658162355
    },
    "spectral_kurtosis": {
        "max": 8.19205379486,
        "mean": 1.31134676933,
        "min": -0.875333070755,
        "stdev": 1.13087213039
    },
    "spectral_rms": {
        "max": 0.00906165875494,
        "mean": 0.00420319661498,
        "min": 0.000632679963019,
        "stdev": 0.00118515535723
    },
    "spectral_rolloff": {
        "max": 8720.94726562,
        "mean": 3090.15258789,
        "min": 215.33203125,
        "stdev": 1770.78601074
    },
    "spectral_skewness": {
        "max": 1.97912704945,
        "mean": 0.790564835072,
        "min": -0.0322504900396,
        "stdev": 0.27958765626
    },
    "spectral_spread": {
        "max": 14751438,
        "mean": 4398395,
        "min": 2442463,
        "stdev": 1173199.375
    },
    "spectral_strongpeak": {
        "max": 16.3442001343,
        "mean": 1.27916955948,
        "min": 0.00414559943601,
        "stdev": 1.35468864441
    },
    "zerocrossingrate": {
        "max": 0.25341796875,
        "mean": 0.0988935679197,
        "min": 0.01953125,
        "stdev": 0.0351312980056
    },
    "barkbands": {
        "max": [0.000129942083731, 0.0159575715661, 0.0169568564743, 0.0301668643951, 0.0238031577319, 0.0511283911765, 0.0193998645991, 0.0524812415242, 0.0262668821961, 0.0318752080202, 0.0215366855264, 0.0117101194337, 0.0184545200318, 0.00643419660628, 0.00844258349389, 0.00397919490933, 0.00790375377983, 0.00941124930978, 0.0067636994645, 0.0105111729354, 0.00702112261206, 0.0066935243085, 0.00884643010795, 0.00807407032698, 0.00448588794097, 3.33948701154e-05, 5.04211186581e-07],
        "mean": [7.06451373844e-06, 0.000612204661593, 0.00109918939415, 0.000970436260104, 0.00192915427033, 0.00171021057758, 0.001170936157, 0.00120007898659, 0.00145424297079, 0.00107727875002, 0.000974189082626, 0.000787143188063, 0.000775857886765, 0.000406465114793, 0.000350860471372, 0.000286128866719, 0.000510422803927, 0.00059731816873, 0.000781192851719, 0.000676047115121, 0.000533217098564, 0.000716678914614, 0.000391344277887, 0.000385961291613, 0.000144449921208, 1.73476450982e-07, 1.14300957588e-09],
        "min": [6.24097840074e-09, 7.47241131194e-07, 9.38767527714e-07, 6.35316041553e-07, 7.66670655139e-06, 5.22882601217e-06, 7.20830939827e-06, 2.12715667658e-06, 2.36502341977e-06, 5.9970784605e-06, 4.61080026071e-06, 6.36568438495e-06, 3.59526688953e-06, 3.23379936162e-06, 4.0539694055e-06, 4.82018094772e-06, 3.45298690263e-06, 4.0394397729e-06, 5.47970148546e-06, 5.58762485525e-06, 4.09630865761e-06, 3.13140503749e-06, 3.84935354703e-08, 6.12473682882e-11, 5.11223095107e-12, 7.58927382744e-12, 8.72960991688e-12],
        "stdev": [1.05966573756e-05, 0.00123884400818, 0.00190035731066, 0.00206116284244, 0.00242437468842, 0.00259609380737, 0.00154818349984, 0.002780537121, 0.00232544657774, 0.00176083284896, 0.0022627862636, 0.00122914381791, 0.00128197914455, 0.00056407408556, 0.000489683297928, 0.000341299193678, 0.000628683483228, 0.000701278506313, 0.000778968911618, 0.000884511857294, 0.000604331260547, 0.000697745999787, 0.000712664390448, 0.000834218168166, 0.000406650797231, 1.51435267526e-06, 1.55345603048e-08]
    },
    "erbbands": {
        "max": [0.213954016566, 4.7590379715, 20.2184085846, 45.717918396, 153.913650513, 53.4993782043, 453.805206299, 207.219314575, 216.589065552, 580.096069336, 1465.6373291, 458.462402344, 1203.8848877, 735.993225098, 781.249755859, 502.639190674, 991.627380371, 365.536499023, 511.27444458, 241.430389404, 256.300567627, 495.961273193, 481.541503906, 333.311889648, 379.499389648, 659.303771973, 210.219238281, 313.47442627, 295.155883789, 177.391693115, 374.139678955, 184.759399414, 129.689178467, 65.7999191284, 20.7174224854, 0.812119841576, 0.0573832988739, 0.00281705334783, 0.00040261799586, 0.000198608846404],
        "mean": [0.00599701330066, 0.190916597843, 1.17644941807, 2.21202874184, 5.18805503845, 6.03190851212, 11.6503725052, 13.3910589218, 14.2935028076, 20.3136138916, 31.3295707703, 32.9188728333, 28.3959407806, 41.5396652222, 40.2924156189, 33.1852149963, 38.2615890503, 23.4464492798, 19.0619449615, 16.7762260437, 18.7991504669, 29.0688076019, 31.4975986481, 37.8250083923, 38.0660247803, 34.2210655212, 22.408952713, 23.6897258759, 27.3669719696, 14.4591398239, 11.2286529541, 9.11761760712, 5.61015510559, 2.36707019806, 0.649758577347, 0.0239064246416, 0.0010117967613, 9.97722236207e-05, 3.07727932523e-05, 3.09978349833e-05],
        "min": [1.86698362086e-05, 0.000317697878927, 0.00250196363777, 0.00898141693324, 0.0350221991539, 0.0376131907105, 0.0347834937274, 0.048906866461, 0.147585421801, 0.174839809537, 0.169895708561, 0.0568050667644, 0.143742308021, 0.507941603661, 0.285324811935, 0.297077327967, 0.295930296183, 0.207342088223, 0.202184528112, 0.199403196573, 0.25324857235, 0.304888248444, 0.273688167334, 0.518746256828, 0.34545597434, 0.274634063244, 0.225437983871, 0.149060279131, 0.136926546693, 0.077964797616, 0.0154202012345, 0.00132839672733, 0.00022342565353, 5.32664344064e-05, 1.44969199027e-05, 5.86002715863e-06, 2.29746160585e-06, 6.29178600775e-07, 8.66157904511e-07, 1.5324120568e-06],
        "stdev": [0.0118286013603, 0.372735530138, 2.02784919739, 3.81287050247, 10.6846456528, 6.58423852921, 23.3972873688, 18.5492706299, 18.4674415588, 32.134021759, 70.8440246582, 48.5903358459, 54.9394989014, 65.6221160889, 81.999382019, 46.7553977966, 64.2864303589, 30.8537120819, 28.8352794647, 18.9600124359, 22.0331134796, 37.027381897, 35.7493553162, 40.7964248657, 36.0755767822, 47.6660842896, 25.2850494385, 26.4688987732, 27.4995555878, 17.9495201111, 22.7675800323, 19.5212154388, 12.5362596512, 6.31769561768, 1.90751945972, 0.0733575671911, 0.00337708112784, 0.000244397378992, 4.51210908068e-05, 2.33477057918e-05]
    },
    "gfcc": {
        "mean": [5.54703140259, 95.1747894287, -167.997833252, 58.2062568665, -94.7350692749, 12.5285043716, -33.2428359985, -7.32183599472, -15.4918775558, -19.288476944, -1.10330832005, -16.9054317474, -3.56127786636],
        "cov": [[2090.29760742, -1084.8223877, 264.647247314, -4.6266875267, -220.832260132, 355.397247314, -350.070556641, 315.088500977, -334.214355469, 99.0883712769, -116.401405334, -44.4715690613, -11.454788208], [-1084.8223877, 1098.77893066, -244.056640625, 51.2021865845, 238.891494751, -282.021240234, 385.9453125, -278.318847656, 295.641357422, -128.493804932, 99.8775100708, 16.6643257141, 8.80460453033], [264.647247314, -244.056640625, 722.137756348, 23.3536319733, -69.3080978394, 198.07383728, -298.942321777, 218.994689941, -174.48236084, 135.286773682, -60.84532547, 25.2605056763, 35.1825790405], [-4.6266875267, 51.2021865845, 23.3536319733, 198.341644287, 114.083869934, -34.9950485229, 27.9094963074, -21.0698719025, 32.3097419739, -18.1758880615, 13.2757501602, -13.2499027252, -13.1230373383], [-220.832260132, 238.891494751, -69.3080978394, 114.083869934, 213.938217163, -14.2393283844, 129.776748657, -40.0442276001, 50.2388305664, -17.917301178, 10.7363090515, 0.727490723133, -17.969285965], [355.397247314, -282.021240234, 198.07383728, -34.9950485229, -14.2393283844, 290.953186035, -72.2183303833, 137.319152832, -123.031341553, 56.9381637573, -8.4005651474, -0.313609689474, 12.8232059479], [-350.070556641, 385.9453125, -298.942321777, 27.9094963074, 129.776748657, -72.2183303833, 332.808166504, -121.828109741, 125.752693176, -85.5257568359, 42.0483016968, 9.13487434387, -30.2791690826], [315.088500977, -278.318847656, 218.994689941, -21.0698719025, -40.0442276001, 137.319152832, -121.828109741, 222.343887329, -91.1752090454, 79.535949707, -33.7913742065, -12.0444526672, 16.1850357056], [-334.214355469, 295.641357422, -174.48236084, 32.3097419739, 50.2388305664, -123.031341553, 125.752693176, -91.1752090454, 193.985198975, -34.353012085, 45.5086631775, -4.3541636467, -5.50945615768], [99.0883712769, -128.493804932, 135.286773682, -18.1758880615, -17.917301178, 56.9381637573, -85.5257568359, 79.535949707, -34.353012085, 107.813598633, -5.7211856842, 14.9702329636, 5.72399139404], [-116.401405334, 99.8775100708, -60.84532547, 13.2757501602, 10.7363090515, -8.4005651474, 42.0483016968, -33.7913742065, 45.5086631775, -5.7211856842, 86.6611862183, 12.1729793549, 8.42311000824], [-44.4715690613, 16.6643257141, 25.2605056763, -13.2499027252, 0.727490723133, -0.313609689474, 9.13487434387, -12.0444526672, -4.3541636467, 14.9702329636, 12.1729793549, 69.4035873413, 17.7622661591], [-11.454788208, 8.80460453033, 35.1825790405, -13.1230373383, -17.969285965, 12.8232059479, -30.2791690826, 16.1850357056, -5.50945615768, 5.72399139404, 8.42311000824, 17.7622661591, 59.1910324097]],
        "icov": [[0.00113702646922, 0.000210833415622, 0.000714928319212, -0.00130931416061, 0.00125500245485, -0.00100579450373, 0.000379581033485, -0.000709836604074, 0.000753208994865, -5.39618777111e-05, 0.000860176689457, -0.000239256347413, 0.000485327764181], [0.000210833415622, 0.0104595907032, -0.00804270431399, 0.00950804911554, -0.0109286829829, 0.0077868970111, -0.0084021827206, 0.00618564616889, -0.00596680305898, 0.00401373161003, -0.00707661919296, 0.00662758667022, -0.00754610542208], [0.000714928319212, -0.00804270431399, 0.0101305376738, -0.00987165421247, 0.00972339231521, -0.0079621905461, 0.00877846591175, -0.00645789410919, 0.00548284314573, -0.00425847200677, 0.00735743204132, -0.00718270475045, 0.00608839467168], [-0.00130931416061, 0.00950804911554, -0.00987165421247, 0.0197985563427, -0.0176290739328, 0.010119731538, -0.00674312980846, 0.0064640417695, -0.00703883450478, 0.00630321586505, -0.0101252794266, 0.00811083242297, -0.00642954790965], [0.00125500245485, -0.0109286829829, 0.00972339231521, -0.0176290739328, 0.023399842903, -0.0108060790226, 0.00532968482003, -0.00683839665726, 0.00725759658962, -0.00698329368606, 0.0106051126495, -0.00770029705018, 0.00837402325124], [-0.00100579450373, 0.0077868970111, -0.0079621905461, 0.010119731538, -0.0108060790226, 0.0136853745207, -0.0081515070051, 0.00293424353004, -0.00180250185076, 0.00263511086814, -0.00886156503111, 0.00667559774593, -0.00675905123353], [0.000379581033485, -0.0084021827206, 0.00877846591175, -0.00674312980846, 0.00532968482003, -0.0081515070051, 0.0154841728508, -0.00555615779012, 0.00220353715122, 0.000759571790695, 0.00546204997227, -0.00870642717928, 0.00940161012113], [-0.000709836604074, 0.00618564616889, -0.00645789410919, 0.0064640417695, -0.00683839665726, 0.00293424353004, -0.00555615779012, 0.0139072518796, -0.0034493659623, -0.0020540880505, -0.00303935888223, 0.00744224572554, -0.00706575810909], [0.000753208994865, -0.00596680305898, 0.00548284314573, -0.00703883450478, 0.00725759658962, -0.00180250185076, 0.00220353715122, -0.0034493659623, 0.0144858323038, -0.00468577584252, 0.00133249151986, -0.0014604893513, 0.00292809680104], [-5.39618777111e-05, 0.00401373161003, -0.00425847200677, 0.00630321586505, -0.00698329368606, 0.00263511086814, 0.000759571790695, -0.0020540880505, -0.00468577584252, 0.0186124555767, -0.00476287351921, -0.00226962403394, 0.000703341444023], [0.000860176689457, -0.00707661919296, 0.00735743204132, -0.0101252794266, 0.0106051126495, -0.00886156503111, 0.00546204997227, -0.00303935888223, 0.00133249151986, -0.00476287351921, 0.0212519466877, -0.00716163869947, 0.0030750259757], [-0.000239256347413, 0.00662758667022, -0.00718270475045, 0.00811083242297, -0.00770029705018, 0.00667559774593, -0.00870642717928, 0.00744224572554, -0.0014604893513, -0.00226962403394, -0.00716163869947, 0.0239244699478, -0.0113139031455], [0.000485327764181, -0.00754610542208, 0.00608839467168, -0.00642954790965, 0.00837402325124, -0.00675905123353, 0.00940161012113, -0.00706575810909, 0.00292809680104, 0.000703341444023, 0.0030750259757, -0.0113139031455, 0.0269764717668]]
    },
    "melbands": {
        "max": [0.0033741556108, 0.00855901185423, 0.0122434822842, 0.00601467024535, 0.0119680631906, 0.00566171947867, 0.00365781644359, 0.00544238789007, 0.0117187574506, 0.00312399421819, 0.0058227404952, 0.00295305205509, 0.00338153215125, 0.00177859677933, 0.00138709705789, 0.00146284117363, 0.000702591554727, 0.000786243064795, 0.000354987685569, 0.000190617050976, 0.000307214970235, 0.000696059607435, 0.000272258679615, 0.000685745559167, 0.000331123475917, 0.000248314929195, 0.000330567505443, 0.000399392534746, 0.000147483660839, 0.000117323528684, 0.000206325290492, 0.000212024664506, 0.000137104536407, 0.000115468195872, 0.000214005442103, 0.000146314545418, 0.000127055609482, 0.000108782165626, 9.37512813834e-05, 5.27459524164e-05],
        "mean": [0.000109758213512, 0.000487959536258, 0.000487773533678, 0.000405017490266, 0.000376693671569, 0.00030207351665, 0.000227773009101, 0.000222045666305, 0.000261747773038, 0.000201746093808, 0.000138937597512, 0.000166484533111, 0.00014893176558, 8.97308273125e-05, 8.92715688678e-05, 6.80219454807e-05, 4.01872093789e-05, 3.0490109566e-05, 2.30650421145e-05, 1.92996849364e-05, 2.21648078877e-05, 3.04337736452e-05, 2.60540909949e-05, 3.2636209653e-05, 3.00471383525e-05, 2.90194329864e-05, 2.57753890764e-05, 2.12210052268e-05, 1.45831454574e-05, 1.13954502012e-05, 1.47015616676e-05, 1.69304912561e-05, 1.13637888717e-05, 6.78034803059e-06, 6.43129078526e-06, 5.98862379775e-06, 5.48944626644e-06, 4.16669990955e-06, 2.95623021884e-06, 1.72748593741e-06],
        "min": [1.34228940851e-07, 1.72035925061e-06, 2.75189540844e-06, 2.52296331382e-06, 7.72772239088e-07, 9.25442918742e-07, 2.36935056819e-06, 1.36522123739e-06, 1.22145797832e-06, 2.91441352829e-07, 7.12837959327e-07, 1.77076015007e-06, 1.1165802789e-06, 7.52954349537e-07, 6.46214061817e-07, 4.18355853071e-07, 2.48095886946e-07, 2.5215214805e-07, 2.52108350196e-07, 3.22707506939e-07, 2.6139261422e-07, 2.05712453294e-07, 1.84662297897e-07, 1.02907669941e-07, 3.78544655177e-07, 2.72027676829e-07, 1.70517481024e-07, 1.47925646843e-07, 1.15702370351e-07, 5.71011256056e-08, 7.7301734791e-08, 6.7592836217e-08, 4.03712263619e-08, 3.15319255151e-08, 2.43726927529e-10, 1.45036352719e-11, 9.0701312563e-13, 4.10756606679e-13, 3.66213576662e-14, 3.44073389029e-14],
        "stdev": [0.000219134934014, 0.000818623811938, 0.000882880180143, 0.000552282552235, 0.000664304650854, 0.000415374088334, 0.000291711010505, 0.000360302685294, 0.000567095179576, 0.000319492653944, 0.000277764193015, 0.000274695514236, 0.000342549144989, 0.000148909079144, 0.000128399886307, 0.000102739766589, 5.68434952584e-05, 4.88777950522e-05, 3.02306834783e-05, 2.0932424377e-05, 2.77688250208e-05, 4.35400143033e-05, 3.25806613546e-05, 4.19625430368e-05, 3.50853733835e-05, 2.85725072899e-05, 2.9282316973e-05, 3.11877156491e-05, 1.77879737748e-05, 1.29074242068e-05, 1.72068866959e-05, 1.75525437953e-05, 1.2677282939e-05, 9.76290084509e-06, 1.31918232e-05, 1.26705535877e-05, 1.24501857499e-05, 9.04620264919e-06, 7.7286395026e-06, 4.86432008984e-06]
    },
    "melbands128": {
        "max": [7.25450299797e-05, 0.000552264100406, 0.00506051676348, 0.0101947970688, 0.0126146785915, 0.0100013017654, 0.0111555894837, 0.0204991772771, 0.0189341213554, 0.00566807342693, 0.00355371460319, 0.00605881679803, 0.0195275526494, 0.0199830122292, 0.00752125727013, 0.00640681851655, 0.00258461222984, 0.00639385916293, 0.00481568463147, 0.0114131402224, 0.0102595407516, 0.0138031477109, 0.0215676445514, 0.00936242379248, 0.0058987098746, 0.00683997478336, 0.014545279555, 0.00581813510507, 0.0110613359138, 0.00443323468789, 0.00578443706036, 0.00543552683666, 0.00688580377027, 0.00455515133217, 0.003649644088, 0.00243355543353, 0.00307876546867, 0.00188958609942, 0.00347968144342, 0.00363824260421, 0.00126226886641, 0.00146430323366, 0.00159338873345, 0.00151738477871, 0.00148966698907, 0.00120821828023, 0.00168089929502, 0.000834904611111, 0.000578112667426, 0.000487125886139, 0.000263350375462, 0.000173311476829, 0.000758577371016, 0.000246095412876, 0.000615318247583, 0.00144638982601, 0.000795869564172, 0.000537271494977, 0.000366581662092, 0.000473516091006, 0.00139159127139, 0.000579439394642, 0.000629941176157, 0.000559948908631, 0.000643285631668, 0.000342107901815, 0.000411551329307, 0.000410680659115, 0.000535264320206, 0.00133106915746, 0.000403930840548, 0.000275669503026, 0.000228126562433, 0.000191802784684, 0.0002063348511, 0.000120363169117, 0.000165154939168, 0.000270037009614, 0.000254543003393, 0.00021787485457, 0.000229473647778, 0.000308512157062, 0.000196505381609, 0.00018988874217, 0.000170040453668, 0.000208745739656, 0.000159221395734, 0.000133093897603, 0.000144022094901, 0.000600802130066, 0.000158462222316, 0.000189430458704, 0.000171685853275, 0.000182504416443, 0.000142859717016, 0.000188307705685, 8.95890771062e-05, 9.67273226706e-05, 0.000119709628052, 0.000104235143226, 3.53220420948e-05, 7.44514618418e-05, 5.90396448388e-05, 4.37365742982e-05, 4.31662811025e-05, 8.53991241456e-06, 2.95246763926e-06, 1.67657719885e-06, 3.53779427087e-07, 5.28402267719e-07, 4.0612809471e-07, 3.138785587e-07, 1.70997864757e-07, 1.21952410836e-07, 2.87416535016e-09, 2.70337441322e-09, 2.56307353119e-09, 2.44538878036e-09, 2.33786834336e-09, 2.25069474169e-09, 2.17137396952e-09, 2.10614881091e-09, 2.04786365643e-09, 2.00028305031e-09, 1.95998461905e-09, 1.92711935298e-09, 1.90386062471e-09, 1.88955828762e-09],
        "mean": [3.82466350857e-06, 1.62357609952e-05, 0.000108280830318, 0.000368792156223, 0.000609607377555, 0.000498331151903, 0.000394630129449, 0.000543877773453, 0.00055114121642, 0.000403493002523, 0.000303340522805, 0.000315529003274, 0.000424701400334, 0.000420564640081, 0.000315780285746, 0.000247302639764, 0.000176852830919, 0.000256069615716, 0.000225369585678, 0.000254510494415, 0.000171034233063, 0.000268312112894, 0.000291817472316, 0.000225871466682, 0.000239191431319, 0.000158935508807, 0.000197620960535, 0.0001042938311, 0.000114770366054, 0.000211758830119, 0.000154727429617, 0.000134178539156, 0.000222545611905, 7.28051745682e-05, 0.000101116318547, 9.1336965852e-05, 8.59084175318e-05, 6.2628845626e-05, 0.000127156687086, 8.99230508367e-05, 3.62236532965e-05, 6.74211114529e-05, 4.01687830163e-05, 2.61247241724e-05, 3.3033262298e-05, 2.99977546092e-05, 3.39584585163e-05, 1.49036932271e-05, 2.23126880883e-05, 3.01160089293e-05, 1.23763556985e-05, 1.51059703057e-05, 2.84615744022e-05, 1.86427405424e-05, 2.46319723374e-05, 3.70569396182e-05, 2.74719604931e-05, 3.1570030842e-05, 2.37745480263e-05, 1.99117130251e-05, 4.15218637499e-05, 3.24373686453e-05, 2.72335691989e-05, 3.00921547023e-05, 3.43842730217e-05, 2.56189614447e-05, 2.92616805382e-05, 2.80096755887e-05, 1.89004567801e-05, 3.35257354891e-05, 2.32443708228e-05, 1.3484678675e-05, 1.59252413141e-05, 1.58714610734e-05, 1.18716516226e-05, 1.01620689748e-05, 1.18396419566e-05, 1.30077896756e-05, 1.3735045286e-05, 1.81901996257e-05, 1.79985054274e-05, 1.63494132721e-05, 1.45981848618e-05, 1.15647571874e-05, 8.02751856099e-06, 6.69268820275e-06, 6.71059751767e-06, 6.1096002355e-06, 6.45066438665e-06, 6.61955391479e-06, 6.35042033537e-06, 5.55008409719e-06, 5.77394393986e-06, 5.88943203184e-06, 4.74729131383e-06, 5.22976415596e-06, 3.61500315194e-06, 3.48136109096e-06, 3.54477992914e-06, 2.49867730417e-06, 1.38080713441e-06, 1.86098861832e-06, 1.73021578576e-06, 1.23754546166e-06, 7.36290871828e-07, 2.02322965492e-07, 2.39429986948e-08, 4.85654760851e-09, 1.45205414359e-09, 1.06242969977e-09, 9.66155822013e-10, 7.07959579849e-10, 1.80018056017e-10, 8.6573637148e-11, 6.63631346057e-12, 6.11938841613e-12, 5.71997570836e-12, 5.45899003085e-12, 5.25324402034e-12, 5.08177614572e-12, 4.92641344385e-12, 4.79767007372e-12, 4.67791864273e-12, 4.5771034532e-12, 4.49763577076e-12, 4.43502613107e-12, 4.38815867324e-12, 4.35762970846e-12],
        "min": [4.88800444565e-10, 5.93560889328e-09, 5.00212458121e-08, 2.48934497904e-07, 1.38620777079e-07, 3.76148761916e-07, 3.93245329633e-07, 2.63491017449e-07, 6.74139414514e-07, 1.21946209219e-06, 3.10869893383e-07, 1.52538291331e-07, 3.37937336781e-07, 9.22109109069e-07, 4.92506728733e-07, 6.53948120544e-07, 4.781509233e-07, 3.38134555022e-07, 6.47660044706e-07, 2.97689098261e-07, 4.94089704262e-07, 2.95719360111e-07, 1.76518113904e-07, 5.8526813973e-07, 1.52255992703e-07, 2.02660416448e-07, 1.15036726811e-08, 9.80270868922e-08, 4.09745183561e-07, 5.02175055317e-07, 3.80189646876e-07, 2.71820795206e-07, 1.80964235597e-07, 4.02691426871e-07, 1.70397413513e-07, 3.80190328997e-07, 1.56755092462e-07, 2.59424183469e-07, 1.92986632896e-07, 2.49969019706e-07, 1.27498609004e-07, 2.80500103145e-08, 8.29529653856e-08, 2.7439238437e-08, 1.9171240595e-08, 2.0534660905e-07, 4.58955859983e-08, 3.03209439778e-08, 4.18013890169e-08, 6.68561455086e-08, 9.0798963015e-08, 2.65238959685e-08, 1.7020109766e-08, 1.05369736048e-07, 6.42174029508e-08, 5.34421822351e-08, 1.02972812499e-07, 2.14571169721e-08, 2.75838658581e-08, 5.51795622528e-08, 6.43993747218e-09, 2.11679136441e-08, 3.41620172151e-08, 7.67650263356e-08, 1.18110889957e-07, 1.74706300982e-07, 7.80815909707e-08, 1.37239624109e-07, 1.2721324083e-07, 1.05794278227e-07, 1.03057999468e-07, 6.80892711102e-08, 4.28790052354e-08, 1.05342419232e-08, 4.25816182315e-08, 2.28307648342e-08, 3.51038877966e-08, 2.28613696862e-08, 4.88467932769e-08, 3.81146243456e-08, 4.4822719758e-08, 4.89601141851e-08, 3.03500939935e-08, 2.46033415863e-08, 2.70597926288e-08, 1.96812912634e-08, 9.8851382635e-10, 5.42195510711e-10, 1.15198163508e-10, 4.50440310051e-11, 1.22165862496e-11, 9.33250612206e-12, 1.31750296437e-12, 7.09319593079e-13, 4.98067244999e-13, 8.18009261673e-14, 1.15547111809e-13, 6.33925082024e-14, 2.71723324451e-14, 2.89939072913e-14, 3.64231248515e-14, 3.0654454398e-14, 3.71050033147e-14, 5.13865005777e-14, 5.40271766127e-14, 5.59316488795e-14, 4.30407594873e-14, 2.75252487225e-14, 3.79387242921e-14, 3.13858436311e-14, 2.57338807653e-14, 3.14195148848e-14, 2.68701619115e-14, 3.29568864603e-14, 3.65795006861e-14, 3.90250474351e-14, 3.0209589306e-14, 2.79685739087e-14, 2.73179729841e-14, 2.60081246226e-14, 3.07497456046e-14, 2.50396779727e-14, 2.61432179073e-14, 2.99669719649e-14, 2.74486786382e-14, 2.67589430974e-14, 2.62094965414e-14, 2.84576371799e-14],
        "stdev": [5.32449303137e-06, 3.48086505255e-05, 0.000254467886407, 0.000767328194343, 0.00114083918743, 0.000877020182088, 0.000723500910681, 0.0012951468816, 0.00130513962358, 0.000574741279706, 0.000380369863706, 0.000574638368562, 0.00108616310172, 0.000832917634398, 0.000514970801305, 0.000526364077814, 0.000252816476859, 0.00049544184003, 0.00035425418173, 0.000571099168155, 0.000480548071209, 0.000754329375923, 0.000930275768042, 0.000471337640192, 0.000463136384496, 0.000439977855422, 0.000657901982777, 0.000258027372183, 0.000348999659764, 0.000425413105404, 0.000368194421753, 0.000352018163539, 0.000641045626253, 0.000215242791455, 0.000250834447797, 0.000195932909264, 0.000202143855859, 0.000130739936139, 0.000280742387986, 0.000214668092667, 7.82284841989e-05, 0.000135082460474, 8.29508717288e-05, 6.03314729233e-05, 6.91330133122e-05, 6.50249930914e-05, 7.69148318795e-05, 3.74831652152e-05, 3.91371286241e-05, 4.40871299361e-05, 1.97176777874e-05, 2.21769714699e-05, 5.24632632732e-05, 2.64112695731e-05, 4.51303021691e-05, 7.54726497689e-05, 4.60271803604e-05, 5.22709487996e-05, 3.74494047719e-05, 3.16313817166e-05, 6.7447013862e-05, 4.74575681437e-05, 4.03634112445e-05, 4.54548353446e-05, 5.43453134014e-05, 3.23461936205e-05, 3.62728751497e-05, 3.99287600885e-05, 2.93024077109e-05, 7.09558735252e-05, 3.9075872337e-05, 2.09795525734e-05, 2.27620603255e-05, 2.202657015e-05, 1.67753969436e-05, 1.32475843202e-05, 1.56938949658e-05, 1.92107254406e-05, 2.03701183636e-05, 2.21752034122e-05, 2.25406402024e-05, 2.1720001314e-05, 1.90720511455e-05, 1.43898196256e-05, 1.21533503261e-05, 1.13005025923e-05, 1.06042898551e-05, 1.19778133012e-05, 1.33189396365e-05, 2.06535951293e-05, 1.43973829836e-05, 1.25304131871e-05, 1.31955948746e-05, 1.5166517187e-05, 1.10499013317e-05, 1.23856416394e-05, 7.84860367276e-06, 8.95409721124e-06, 9.59416047408e-06, 7.52599908083e-06, 3.79526250072e-06, 5.76168349653e-06, 5.17716443937e-06, 3.6477613321e-06, 2.59815215031e-06, 7.35528885798e-07, 1.18516027214e-07, 4.99971832824e-08, 1.59980579895e-08, 1.64383742174e-08, 1.47950292018e-08, 1.27781900616e-08, 4.55730919668e-09, 2.83624168596e-09, 8.85618800517e-11, 8.32723126565e-11, 7.89392301526e-11, 7.53396928177e-11, 7.20241574714e-11, 6.93382989914e-11, 6.68997496289e-11, 6.49030065802e-11, 6.31014268615e-11, 6.16434750467e-11, 6.03911295971e-11, 5.93942325877e-11, 5.86687989856e-11, 5.82305870189e-11]
    },
    "mfcc": {
        "mean": [-604.855651855, 91.6158752441, -13.48695755, 27.0036144257, -24.541015625, 6.70428085327, -9.9765291214, 7.01424360275, -13.0798044205, -0.141009896994, -4.44267940521, 0.076715990901, -8.50006008148],
        "cov": [[2154.6003418, -1092.21057129, 289.357543945, -402.693481445, 208.014984131, -217.133956909, 212.75881958, -97.2363510132, 76.5536804199, -85.9152755737, 10.628074646, -16.6707191467, -59.989780426], [-1092.21057129, 1048.65917969, -398.022247314, 376.411071777, -258.77557373, 233.237487793, -155.054458618, 144.851760864, -45.2123336792, 62.9145393372, 7.07759523392, 31.2310714722, -1.22346663475], [289.357543945, -398.022247314, 841.122375488, -312.36706543, 359.4609375, -220.395355225, 136.314254761, -161.625564575, 76.7417755127, -77.2471847534, 31.7726898193, -66.1937866211, 83.5496063232], [-402.693481445, 376.411071777, -312.36706543, 452.326934814, -111.922996521, 140.447433472, -120.027381897, 85.9937896729, -47.9957809448, 66.3244247437, -35.4045677185, 41.585105896, -32.8236045837], [208.014984131, -258.77557373, 359.4609375, -111.922996521, 323.326568604, -99.7710723877, 111.391487122, -89.6549987793, 65.3879699707, -22.1926612854, 15.7277565002, -16.1399669647, 48.1652450562], [-217.133956909, 233.237487793, -220.395355225, 140.447433472, -99.7710723877, 225.849151611, -15.9909353256, 98.9235305786, -45.2142105103, 35.3997612, -3.45189666748, 26.1144104004, -27.3739700317], [212.75881958, -155.054458618, 136.314254761, -120.027381897, 111.391487122, -15.9909353256, 219.398300171, 3.74273014069, 58.9999847412, -34.9735832214, 38.9421195984, -21.0770549774, 26.9614658356], [-97.2363510132, 144.851760864, -161.625564575, 85.9937896729, -89.6549987793, 98.9235305786, 3.74273014069, 140.325683594, -11.5951938629, 44.2584533691, -17.3923053741, 36.970085144, -33.4049606323], [76.5536804199, -45.2123336792, 76.7417755127, -47.9957809448, 65.3879699707, -45.2142105103, 58.9999847412, -11.5951938629, 109.845451355, -8.41890239716, 36.6839027405, -26.7188110352, 27.0126953125], [-85.9152755737, 62.9145393372, -77.2471847534, 66.3244247437, -22.1926612854, 35.3997612, -34.9735832214, 44.2584533691, -8.41890239716, 112.753463745, -13.0350265503, 42.0002861023, -27.2506599426], [10.628074646, 7.07759523392, 31.7726898193, -35.4045677185, 15.7277565002, -3.45189666748, 38.9421195984, -17.3923053741, 36.6839027405, -13.0350265503, 89.3054275513, -10.9221630096, 32.4746246338], [-16.6707191467, 31.2310714722, -66.1937866211, 41.585105896, -16.1399669647, 26.1144104004, -21.0770549774, 36.970085144, -26.7188110352, 42.0002861023, -10.9221630096, 96.531539917, -8.34617710114], [-59.989780426, -1.22346663475, 83.5496063232, -32.8236045837, 48.1652450562, -27.3739700317, 26.9614658356, -33.4049606323, 27.0126953125, -27.2506599426, 32.4746246338, -8.34617710114, 107.895927429]],
        "icov": [[0.0011158172274, 0.00117128691636, 0.000137213181006, 4.33859895566e-05, 0.000140956588439, 5.77731625526e-05, -0.000251783290878, -0.000195076005184, -0.000485015742015, 0.000557246734388, -0.000272179138847, -0.000420952128479, 0.000806400727015], [0.00117128691636, 0.00308427540585, -8.20225250209e-05, -0.000983497011475, 0.00104706850834, -0.000924820895307, 0.000463621603558, -0.000876825477462, -0.000972451816779, 0.000572310294956, -0.000876627280377, -0.000183308686246, -1.1695866533e-06], [0.000137213181006, -8.20225250209e-05, 0.00321871251799, 0.00123306328896, -0.00299793598242, 0.00126101623755, 9.88618994597e-05, -8.05361632956e-05, 0.000829404394608, 0.000272793346085, -0.000166001482285, 0.000989789841697, -0.000445585232228], [4.33859895566e-05, -0.000983497011475, 0.00123306328896, 0.00436040991917, -0.00164370576385, -0.000717221468221, 0.00140919466503, -0.000536006875336, 0.000206816330319, -0.000517765060067, 0.000750306004193, 9.38693046919e-05, 1.72420513991e-05], [0.000140956588439, 0.00104706850834, -0.00299793598242, -0.00164370576385, 0.00871158298105, -0.00104300852399, -0.00280859926715, 0.00370947178453, -0.00303764711134, -0.00123894831631, 0.00172351964284, -0.00211814208888, -0.000626559718512], [5.77731625526e-05, -0.000924820895307, 0.00126101623755, -0.000717221468221, -0.00104300852399, 0.00910568796098, -0.00126194942277, -0.00426043896005, 0.00384467723779, -0.000253911683103, -0.00197695125826, 0.00117456610315, 0.00025825278135], [-0.000251783290878, 0.000463621603558, 9.88618994597e-05, 0.00140919466503, -0.00280859926715, -0.00126194942277, 0.00856510084122, -0.00394312757999, -0.0017017890932, 0.00199134205468, -0.00224770139903, 0.000881179817952, -0.000536392442882], [-0.000195076005184, -0.000876825477462, -8.05361632956e-05, -0.000536006875336, 0.00370947178453, -0.00426043896005, -0.00394312757999, 0.0161478258669, -0.00343434978276, -0.00280254636891, 0.00384472706355, -0.00399482017383, 0.00171460804995], [-0.000485015742015, -0.000972451816779, 0.000829404394608, 0.000206816330319, -0.00303764711134, 0.00384467723779, -0.0017017890932, -0.00343434978276, 0.0154642472044, -0.00185664347373, -0.0047667673789, 0.00450599985197, -0.00172389345244], [0.000557246734388, 0.000572310294956, 0.000272793346085, -0.000517765060067, -0.00123894831631, -0.000253911683103, 0.00199134205468, -0.00280254636891, -0.00185664347373, 0.0130825852975, -0.000436431262642, -0.00433668168262, 0.0026358559262], [-0.000272179138847, -0.000876627280377, -0.000166001482285, 0.000750306004193, 0.00172351964284, -0.00197695125826, -0.00224770139903, 0.00384472706355, -0.0047667673789, -0.000436431262642, 0.0159125290811, -0.000937970471568, -0.00310217030346], [-0.000420952128479, -0.000183308686246, 0.000989789841697, 9.38693046919e-05, -0.00211814208888, 0.00117456610315, 0.000881179817952, -0.00399482017383, 0.00450599985197, -0.00433668168262, -0.000937970471568, 0.0148916942999, -0.00197664136067], [0.000806400727015, -1.1695866533e-06, -0.000445585232228, 1.72420513991e-05, -0.000626559718512, 0.00025825278135, -0.000536392442882, 0.00171460804995, -0.00172389345244, 0.0026358559262, -0.00310217030346, -0.00197664136067, 0.0129550313577]]
    },
    "spectral_contrast_coeffs": {
        "max": [-0.413628578186, -0.535609424114, -0.535422205925, -0.622568964958, -0.665787100792, -0.340837717056],
        "mean": [-0.695145308971, -0.763134717941, -0.755549430847, -0.787872195244, -0.780426800251, -0.662377238274],
        "min": [-0.86684679985, -0.929206848145, -0.904523551464, -0.892944931984, -0.868340015411, -0.840193748474],
        "stdev": [0.0685939192772, 0.0609096996486, 0.0583169609308, 0.0422143302858, 0.0317792110145, 0.0963339880109]
    },
    "spectral_contrast_valleys": {
        "max": [-5.48097896576, -5.16530132294, -5.26856231689, -6.05077123642, -5.49590873718, -7.43098449707],
        "mean": [-6.96585512161, -6.4133310318, -7.05810117722, -7.39094877243, -6.90110349655, -10.3023223877],
        "min": [-9.15353775024, -8.24455738068, -8.83888816833, -9.18443584442, -8.75587749481, -15.8172359467],
        "stdev": [0.554861783981, 0.419059336185, 0.468826651573, 0.463419675827, 0.584070384502, 1.58423268795]
    }
},
"rhythm": {
    "beats_count": 124,
    "beats_loudness": {
        "max": 0.07442355901,
        "mean": 0.0294305738062,
        "min": 0.00208452763036,
        "stdev": 0.0133791854605
    },
    "bpm": 153.156494141,
    "bpm_histogram_first_peak_bpm": 152,
    "bpm_histogram_first_peak_weight": 0.0864197611809,
    "bpm_histogram_second_peak_bpm": 157,
    "bpm_histogram_second_peak_spread": 0.100000023842,
    "bpm_histogram_second_peak_weight": 0.292682915926,
    "danceability": 1.27480208874,
    "onset_rate": 3.52734375,
    "beats_loudness_band_ratio": {
        "max": [0.781214237213, 0.696436226368, 0.661114394665, 0.677221000195, 0.381909042597, 0.622053444386],
        "mean": [0.263975888491, 0.158932119608, 0.174843788147, 0.153706476092, 0.0876654088497, 0.210945993662],
        "min": [0.00776407402009, 0.011432970874, 0.0198482573032, 0.0120095629245, 0.00784036703408, 0.0228649806231],
        "stdev": [0.176356211305, 0.114785030484, 0.133978962898, 0.144080236554, 0.0602782778442, 0.132096484303]
    },
