{
"metadata": {
    "version": {
        "essentia": "2.1-beta5",
        "essentia_git_sha": "Undefined",
        "extractor": "music 2.0"
    },
    "audio_properties": {
        "analysis": {
            "equal_loudness": 0,
            "length": 52.2448997498,
            "sample_rate": 44100,
            "start_time": 93.9943771362,
            "downmix": "mix"
        },
        "bit_rate": 192000,
        "length": 178.468566895,
        "lossless": 0,
        "number_channels": 2,
        "replay_gain": -9.86228370667,
        "sample_rate": 44100,
        "codec": "mp3",
        "md5_encoded": "09c42181cb7e5eb7bb9dbfc111ba4f1a"
    },
    "tags": {
        "file_name": "Ireland_Here Today, Gone Tomorrow_The Duskeys.mp3",
        "encoding": ["Lavf58.29.100"]
    }
},
"lowlevel": {
    "average_loudness": 0.972886562347,
    "barkbands_crest": {
        "max": 24.4372692108,
        "mean": 8.92016983032,
        "min": 2.30513143539,
        "stdev": 4.3623008728
    },
    "barkbands_flatness_db": {
        "max": 0.29653313756,
        "mean": 0.159454613924,
        "min": 0.0758352503181,
        "stdev": 0.0349446795881
    },
    "barkbands_kurtosis": {
        "max": 29.6403312683,
        "mean": 1.8022544384,
        "min": -1.82008016109,
        "stdev": 3.35998368263
    },
    "barkbands_skewness": {
        "max": 4.97217082977,
        "mean": 1.0973815918,
        "min": -3.5586669445,
        "stdev": 0.734254419804
    },
    "barkbands_spread": {
        "max": 73.599647522,
        "mean": 21.5816402435,
        "min": 2.10763144493,
        "stdev": 10.3121671677
    },
    "dissonance": {
        "max": 0.499999970198,
        "mean": 0.46419647336,
        "min": 0.297556072474,
        "stdev": 0.0265565365553
    },
    "dynamic_complexity": 2.13518428802,
    "erbbands_crest": {
        "max": 30.4078998566,
        "mean": 9.49602508545,
        "min": 2.77220153809,
        "stdev": 4.84067487717
    },
    "erbbands_flatness_db": {
        "max": 0.353372067213,
        "mean": 0.202032461762,
        "min": 0.114394642413,
        "stdev": 0.0374060533941
    },
    "erbbands_kurtosis": {
        "max": 22.1021671295,
        "mean": 0.572671771049,
        "min": -1.78415846825,
        "stdev": 2.32460713387
    },
    "erbbands_skewness": {
        "max": 4.18899917603,
        "mean": 0.604865372181,
        "min": -3.93799376488,
        "stdev": 0.760477304459
    },
    "erbbands_spread": {
        "max": 95.2452163696,
        "mean": 34.0455474854,
        "min": 4.37690830231,
        "stdev": 13.8415298462
    },
    "hfc": {
        "max": 104.521316528,
        "mean": 25.0093536377,
        "min": 1.39790034294,
        "stdev": 16.7708091736
    },
    "loudness_ebu128": {
        "integrated": -14.1520795822,
        "loudness_range": 1.27462482452,
        "momentary": {
            "max": -11.6413097382,
            "mean": -14.3371353149,
            "min": -17.9089374542,
            "stdev": 1.29386258125
        },
        "short_term": {
            "max": -12.8438205719,
            "mean": -14.181060791,
            "min": -15.3805961609,
            "stdev": 0.422173142433
        }
    },
    "melbands_crest": {
        "max": 31.5028152466,
        "mean": 12.0494861603,
        "min": 3.68045973778,
        "stdev": 5.25268268585
    },
    "melbands_flatness_db": {
        "max": 0.320989251137,
        "mean": 0.154175236821,
        "min": 0.041661772877,
        "stdev": 0.0444227717817
    },
    "melbands_kurtosis": {
        "max": 70.6556625366,
        "mean": 6.20605230331,
        "min": -1.84997534752,
        "stdev": 6.31483268738
    },
    "melbands_skewness": {
        "max": 6.75926685333,
        "mean": 1.78682291508,
        "min": -1.22376024723,
        "stdev": 0.890305519104
    },
    "melbands_spread": {
        "max": 162.994873047,
        "mean": 27.2508563995,
        "min": 2.8560230732,
        "stdev": 15.3838729858
    },
    "pitch_salience": {
        "max": 0.867269873619,
        "mean": 0.596247553825,
        "min": 0.181026220322,
        "stdev": 0.10535722971
    },
    "silence_rate_20dB": {
        "max": 1,
        "mean": 1,
        "min": 1,
        "stdev": 0
    },
    "silence_rate_30dB": {
        "max": 1,
        "mean": 1,
        "min": 1,
        "stdev": 0
    },
    "silence_rate_60dB": {
        "max": 1,
        "mean": 0.00310972891748,
        "min": 0,
        "stdev": 0.0556781329215
    },
    "spectral_centroid": {
        "max": 4800.5234375,
        "mean": 1486.72924805,
        "min": 470.932556152,
        "stdev": 485.102996826
    },
    "spectral_complexity": {
        "max": 55,
        "mean": 23.1163921356,
        "min": 4,
        "stdev": 8.61449623108
    },
    "spectral_decrease": {
        "max": -4.34733221644e-10,
        "mean": -5.82177994701e-09,
        "min": -2.88367409951e-08,
        "stdev": 3.67396713052e-09
    },
    "spectral_energy": {
        "max": 0.116376146674,
        "mean": 0.024241162464,
        "min": 0.00189129542559,
        "stdev": 0.0151107320562
    },
    "spectral_energyband_high": {
        "max": 0.0148389972746,
        "mean": 0.00101833068766,
        "min": 2.75628262898e-05,
        "stdev": 0.00127036101185
    },
    "spectral_energyband_low": {
        "max": 0.0334297642112,
        "mean": 0.00240616220981,
        "min": 4.93021707371e-06,
        "stdev": 0.00307576195337
    },
    "spectral_energyband_middle_high": {
        "max": 0.0605303049088,
        "mean": 0.00816322211176,
        "min": 0.000283004163066,
        "stdev": 0.00814314931631
    },
    "spectral_energyband_middle_low": {
        "max": 0.110514715314,
        "mean": 0.01346348878,
        "min": 0.000691953580827,
        "stdev": 0.0114304684103
    },
    "spectral_entropy": {
        "max": 8.49571895599,
        "mean": 7.66533470154,
        "min": 6.48086118698,
        "stdev": 0.277439653873
    },
    "spectral_flux": {
        "max": 0.268318384886,
        "mean": 0.087823048234,
        "min": 0.0250764545053,
        "stdev": 0.0334944836795
    },
    "spectral_kurtosis": {
        "max": 11.0895051956,
        "mean": 2.24883961678,
        "min": -0.961142539978,
        "stdev": 1.60209286213
    },
    "spectral_rms": {
        "max": 0.0106554068625,
        "mean": 0.00463269883767,
        "min": 0.00135836901609,
        "stdev": 0.00147921300959
    },
    "spectral_rolloff": {
        "max": 8333.34960938,
        "mean": 1782.21936035,
        "min": 301.46484375,
        "stdev": 1115.71777344
    },
    "spectral_skewness": {
        "max": 2.30542993546,
        "mean": 1.12072098255,
        "min": -0.149788871408,
        "stdev": 0.289431810379
    },
    "spectral_spread": {
        "max": 14469064,
        "mean": 4009312,
        "min": 1798526.25,
        "stdev": 910643.75
    },
    "spectral_strongpeak": {
        "max": 9.74558353424,
        "mean": 1.55976760387,
        "min": 0.0567086264491,
        "stdev": 1.48178434372
    },
    "zerocrossingrate": {
        "max": 0.28173828125,
        "mean": 0.0683626309037,
        "min": 0.015625,
        "stdev": 0.0253089554608
    },
    "barkbands": {
        "max": [0.000190004735487, 0.0126985833049, 0.0208342112601, 0.0203078612685, 0.0267168395221, 0.0555061399937, 0.0773580670357, 0.0593428909779, 0.0850287303329, 0.0609997957945, 0.0461516752839, 0.0352149009705, 0.0192546639591, 0.023453110829, 0.0167499948293, 0.00686393771321, 0.00829179119319, 0.00302758510225, 0.00505290646106, 0.00281215738505, 0.00349857611582, 0.00759019749239, 0.00745742022991, 0.00257576140575, 0.000457937014289, 1.59446808539e-05, 2.56525845543e-06],
        "mean": [7.78924186307e-06, 0.000657517171931, 0.00140802201349, 0.000606876041275, 0.00189762760419, 0.00227682013065, 0.00225301645696, 0.00233548437245, 0.00317624490708, 0.00172638089862, 0.00180541863665, 0.00109819392674, 0.000857158971485, 0.000703621015418, 0.00058808166068, 0.000445001933258, 0.000484168820549, 0.0003797308309, 0.000344723754097, 0.000339607970091, 0.000214911604417, 0.000302185100736, 0.0001936211047, 0.000114268746984, 2.4689545171e-05, 3.30885363553e-08, 1.86567494787e-09],
        "min": [6.88040957542e-10, 8.01569683517e-07, 2.74266312772e-07, 1.0257580243e-06, 3.68114669982e-05, 2.3427146516e-05, 9.34772651817e-06, 3.21628340316e-06, 6.4280739025e-06, 3.51647508978e-06, 4.60159617433e-06, 5.70664496991e-06, 7.6967962741e-06, 7.25962809156e-06, 3.66460380974e-06, 4.42374448539e-06, 3.70440670849e-06, 4.46786953034e-06, 4.42691361968e-06, 5.16803811479e-06, 3.46155843545e-06, 5.76751426706e-06, 1.56649286964e-06, 9.52734002801e-10, 1.06478836165e-11, 8.69963823202e-12, 1.1139589251e-11],
        "stdev": [1.19885044114e-05, 0.00122775183991, 0.00199426990002, 0.00108426122461, 0.00224098097533, 0.0032255789265, 0.00562522467226, 0.00495266914368, 0.00744588114321, 0.00376242212951, 0.00440774764866, 0.00201046164148, 0.0016400514869, 0.00128148822114, 0.00113251642324, 0.000648399873171, 0.000663479149807, 0.000371547619579, 0.000380326760933, 0.000378199038096, 0.000284802168608, 0.000532688805833, 0.000325704517309, 0.000170729515958, 4.17669289163e-05, 4.75099596997e-07, 5.405245318e-08]
    },
    "erbbands": {
        "max": [0.0954291522503, 3.630423069, 24.2594833374, 57.4288711548, 60.801197052, 91.2737503052, 217.202270508, 706.284484863, 909.363525391, 998.548400879, 1751.81811523, 1943.06933594, 1923.52575684, 1817.29528809, 1909.61193848, 1130.30651855, 957.931884766, 1241.4407959, 449.707824707, 659.813842773, 363.613250732, 452.175537109, 212.621948242, 152.231903076, 259.664215088, 156.803588867, 133.106994629, 253.41545105, 256.448455811, 235.965667725, 204.15284729, 72.4747848511, 28.5829372406, 8.36839962006, 1.31046187878, 0.150508016348, 0.00816085003316, 0.00157789047807, 0.000376186333597, 0.000137809038279],
        "mean": [0.00644882488996, 0.204406604171, 1.35464930534, 2.08824300766, 3.18057656288, 6.99150657654, 13.2700948715, 19.4754314423, 30.2632541656, 45.4458274841, 47.458896637, 72.2945327759, 69.1533584595, 63.9401855469, 56.628944397, 46.7865219116, 38.9761962891, 41.1941261292, 30.0975151062, 27.0653438568, 26.2780799866, 25.0275726318, 22.2637271881, 18.1226139069, 17.9733371735, 15.5739355087, 10.4230394363, 8.23303794861, 10.7467279434, 8.9360704422, 5.12179517746, 3.14507722855, 1.39399003983, 0.458794295788, 0.0866176262498, 0.00305932736956, 0.000165404751897, 2.42679998337e-05, 1.84370746865e-05, 3.09919632855e-05],
        "min": [1.7599628336e-05, 0.0002633027907, 0.000721730408259, 0.00937922671437, 0.0137491393834, 0.121979139745, 0.246570497751, 0.217457413673, 0.230912476778, 0.44826182723, 0.457764595747, 0.260987043381, 0.467366635799, 0.264332205057, 0.567547082901, 0.644103229046, 0.547919213772, 0.455333948135, 0.389571428299, 0.294966667891, 0.346489846706, 0.242603048682, 0.350751072168, 0.104375943542, 0.285907268524, 0.25052022934, 0.133274257183, 0.152489185333, 0.212829470634, 0.133204847574, 0.0461093746126, 0.00218787556514, 0.000156452268129, 3.58881734428e-05, 1.66674763022e-05, 4.76452805742e-06, 2.14843362301e-06, 6.35648916614e-07, 1.09138125026e-06, 2.24990139941e-06],
        "stdev": [0.00953239947557, 0.367226004601, 1.96281528473, 3.10093903542, 5.54737186432, 8.75417232513, 19.3999500275, 32.990814209, 68.7759780884, 86.2352523804, 99.4162826538, 170.289199829, 145.376022339, 156.625778198, 112.185691833, 76.5592956543, 65.8268585205, 68.4741134644, 44.5213470459, 43.7511825562, 34.5431976318, 31.1805343628, 22.2292060852, 18.2984237671, 20.3161811829, 17.4743671417, 12.6182346344, 13.373963356, 18.4348335266, 16.0035076141, 8.07440471649, 4.59692573547, 2.1148250103, 0.737204551697, 0.163266271353, 0.00737925618887, 0.000386264728149, 4.4950083975e-05, 1.42263115777e-05, 1.88281046576e-05]
    },
    "gfcc": {
        "mean": [-4.60595703125, 115.824188232, -172.573745728, 45.5634841919, -91.9132919312, 12.2249145508, -34.2457695007, -8.9831571579, -7.2065782547, -21.5605583191, 2.33300232887, -17.8472499847, -1.56260681152],
        "cov": [[1778.34716797, -687.058044434, 74.7640380859, -14.8551769257, -108.121162415, 336.418182373, -217.562072754, 263.038238525, -263.11050415, 113.635108948, -96.1359024048, -75.6691665649, 27.9445533752], [-687.058044434, 826.174194336, -98.4566421509, 52.5106239319, 261.109863281, -263.433380127, 241.968383789, -174.772949219, 230.385070801, -131.056365967, 98.6973800659, 19.2925930023, -28.8223266602], [74.7640380859, -98.4566421509, 405.924346924, 129.631896973, -58.857749939, 113.651687622, -111.191841125, 104.737121582, -59.0083694458, 79.1863174438, -29.3769035339, 17.8125190735, -16.7342395782], [-14.8551769257, 52.5106239319, 129.631896973, 221.546218872, 87.9283370972, -6.06779193878, -12.8018112183, -5.54904460907, 43.735824585, 15.9490032196, -15.967414856, 15.7582931519, -0.93050801754], [-108.121162415, 261.109863281, -58.857749939, 87.9283370972, 222.63420105, -33.767326355, 56.3772888184, -43.0784606934, 75.126373291, -26.3071632385, 19.1417503357, 12.5511693954, 4.91198730469], [336.418182373, -263.433380127, 113.651687622, -6.06779193878, -33.767326355, 275.308990479, -38.0290412903, 77.9942703247, -128.973892212, 50.9926986694, -25.8626232147, -22.4764328003, -2.01466655731], [-217.562072754, 241.968383789, -111.191841125, -12.8018112183, 56.3772888184, -38.0290412903, 252.187088013, -66.7857589722, 79.9855041504, -72.0031356812, 23.2916164398, -3.81120920181, -34.227973938], [263.038238525, -174.772949219, 104.737121582, -5.54904460907, -43.0784606934, 77.9942703247, -66.7857589722, 179.325073242, -40.5892295837, 54.9244842529, -24.4798297882, -11.7742176056, 19.3938999176], [-263.11050415, 230.385070801, -59.0083694458, 43.735824585, 75.126373291, -128.973892212, 79.9855041504, -40.5892295837, 207.60144043, -15.9295902252, 14.9149980545, 15.2582521439, -8.24317169189], [113.635108948, -131.056365967, 79.1863174438, 15.9490032196, -26.3071632385, 50.9926986694, -72.0031356812, 54.9244842529, -15.9295902252, 100.318336487, 1.46465778351, 5.9082736969, 7.9311413765], [-96.1359024048, 98.6973800659, -29.3769035339, -15.967414856, 19.1417503357, -25.8626232147, 23.2916164398, -24.4798297882, 14.9149980545, 1.46465778351, 90.3642501831, 16.6407356262, 0.302043259144], [-75.6691665649, 19.2925930023, 17.8125190735, 15.7582931519, 12.5511693954, -22.4764328003, -3.81120920181, -11.7742176056, 15.2582521439, 5.9082736969, 16.6407356262, 74.1974945068, 19.9926815033], [27.9445533752, -28.8223266602, -16.7342395782, -0.93050801754, 4.91198730469, -2.01466655731, -34.227973938, 19.3938999176, -8.24317169189, 7.9311413765, 0.302043259144, 19.9926815033, 68.0264892578]],
        "icov": [[0.00109633419197, 0.000220290545258, 0.000797619693913, -0.000582515669521, -9.77436957328e-06, -0.000698758638464, 0.000428600702435, -0.00121889822185, 0.000621342391241, -0.000117277842946, 0.00028051447589, 0.000332035910105, 0.000364516425179], [0.000220290545258, 0.0129466885701, -0.0100161265582, 0.00765278516337, -0.0141921229661, 0.00906942319125, -0.00700635835528, 0.00538511388004, -0.00358320376836, 0.006514956709, -0.00758705101907, 0.00620071822777, -0.00371395493858], [0.000797619693913, -0.0100161265582, 0.0143217062578, -0.0105787171051, 0.013270762749, -0.00913628563285, 0.00713239843026, -0.00752614019439, 0.00361437979154, -0.00586117058992, 0.00603487016633, -0.00698474468663, 0.00645982427523], [-0.000582515669521, 0.00765278516337, -0.0105787171051, 0.0138665921986, -0.0125525332987, 0.00666263140738, -0.00461121555418, 0.00578827876598, -0.00356152211316, 0.00318524218164, -0.00282452534884, 0.00395693583414, -0.00375090749003], [-9.77436957328e-06, -0.0141921229661, 0.013270762749, -0.0125525332987, 0.0229856316, -0.011448466219, 0.00768904853612, -0.00625556334853, 0.00229403260164, -0.00582276517525, 0.00682352436706, -0.00736361462623, 0.0038278917782], [-0.000698758638464, 0.00906942319125, -0.00913628563285, 0.00666263140738, -0.011448466219, 0.0139025012031, -0.00719057675451, 0.00380962109193, 0.00125643319916, 0.00166271894705, -0.00439506582916, 0.00553180184215, -0.00314021459781], [0.000428600702435, -0.00700635835528, 0.00713239843026, -0.00461121555418, 0.00768904853612, -0.00719057675451, 0.0109641486779, -0.00342504750006, -0.000492740247864, 0.000574018165935, 0.00295682949945, -0.00396846421063, 0.00529839470983], [-0.00121889822185, 0.00538511388004, -0.00752614019439, 0.00578827876598, -0.00625556334853, 0.00380962109193, -0.00342504750006, 0.0126153426245, -0.00283014820889, 0.000241653106059, -0.00223372061737, 0.00449884450063, -0.00542863737792], [0.000621342391241, -0.00358320376836, 0.00361437979154, -0.00356152211316, 0.00229403260164, 0.00125643319916, -0.000492740247864, -0.00283014820889, 0.0105739487335, -0.00491237640381, 0.00305348564871, -0.00201609870419, 0.00193048594519], [-0.000117277842946, 0.006514956709, -0.00586117058992, 0.00318524218164, -0.00582276517525, 0.00166271894705, 0.000574018165935, 0.000241653106059, -0.00491237640381, 0.0199585538357, -0.00679075205699, 0.0017711147666, -0.00131270498969], [0.00028051447589, -0.00758705101907, 0.00603487016633, -0.00282452534884, 0.00682352436706, -0.00439506582916, 0.00295682949945, -0.00223372061737, 0.00305348564871, -0.00679075205699, 0.0177484545857, -0.00601085927337, 0.00246730074286], [0.000332035910105, 0.00620071822777, -0.00698474468663, 0.00395693583414, -0.00736361462623, 0.00553180184215, -0.00396846421063, 0.00449884450063, -0.00201609870419, 0.0017711147666, -0.00601085927337, 0.0202877242118, -0.00814368482679], [0.000364516425179, -0.00371395493858, 0.00645982427523, -0.00375090749003, 0.0038278917782, -0.00314021459781, 0.00529839470983, -0.00542863737792, 0.00193048594519, -0.00131270498969, 0.00246730074286, -0.00814368482679, 0.0211282260716]]
    },
    "melbands": {
        "max": [0.00215737475082, 0.00921670719981, 0.0100600849837, 0.00387834361754, 0.00777775561437, 0.0135724870488, 0.0148924225941, 0.0130158104002, 0.0178884360939, 0.0135854166001, 0.0101020587608, 0.00677262572572, 0.00549895688891, 0.0048248632811, 0.00301412935369, 0.00242600752972, 0.00281598442234, 0.0008474609931, 0.00188361713663, 0.000723758537788, 0.00060499709798, 0.000386132742278, 0.000406905834097, 0.000208583893254, 0.000141607859405, 0.000334665499395, 0.000146592938108, 0.000117967596452, 0.000102519836219, 0.000100615361589, 0.000167936654179, 0.000170460800291, 0.000180521514267, 0.000129223233671, 0.000134251167765, 7.65251024859e-05, 5.28920318175e-05, 2.05857886613e-05, 1.21379280245e-05, 5.9753288042e-06],
        "mean": [0.000116174021969, 0.000565408379771, 0.000389380147681, 0.000344615604263, 0.000448707141913, 0.000442490942078, 0.000475251319585, 0.000516424595844, 0.00040074554272, 0.000470406055683, 0.000331980874762, 0.000241322311922, 0.0001996353094, 0.000133635738166, 0.000109772277938, 7.720279973e-05, 7.84038347774e-05, 4.57531532447e-05, 4.53267493867e-05, 3.36714547302e-05, 2.98156483041e-05, 2.68809744739e-05, 2.35405350395e-05, 1.64505308931e-05, 1.44186178659e-05, 1.23368809e-05, 1.27606581373e-05, 9.91470824374e-06, 6.87399324306e-06, 5.35359731657e-06, 4.47509000878e-06, 5.94855191594e-06, 6.25920029051e-06, 4.42819646196e-06, 3.06980768983e-06, 2.3038044219e-06, 1.75909826794e-06, 1.04554919744e-06, 6.2180487248e-07, 3.15406339269e-07],
        "min": [1.4727783082e-07, 3.72256664605e-07, 2.50998846241e-06, 5.60023636353e-06, 8.38605046738e-06, 5.41767258255e-06, 1.4173258478e-06, 1.80124152394e-06, 1.12539930797e-06, 1.01879561498e-06, 1.92416428035e-06, 6.85625593633e-07, 9.06998309347e-07, 7.68700374465e-07, 1.03463378309e-06, 5.09602500642e-07, 6.36359231976e-07, 6.61774436139e-07, 4.0327250872e-07, 3.71989614223e-07, 3.65460067542e-07, 2.04512346613e-07, 2.98351864103e-07, 1.26862175875e-07, 2.44852738085e-09, 1.26773045395e-07, 2.69786170293e-07, 8.04009374633e-08, 6.66738912969e-08, 7.76236248612e-08, 7.46442978539e-08, 1.01439383116e-07, 8.82146409253e-08, 3.88995253786e-08, 2.76440808022e-08, 1.43187484092e-09, 1.99399576711e-11, 7.06856491742e-12, 1.7605458107e-12, 1.059681043e-13],
        "stdev": [0.000202354640351, 0.000792141421698, 0.000552565907128, 0.000433522945968, 0.000591736810748, 0.000692734087352, 0.00112762430217, 0.00102629582398, 0.000959601893555, 0.00114658859093, 0.00073417252861, 0.00060099264374, 0.000421406410169, 0.000256304861978, 0.000227721699048, 0.000163873919519, 0.000145088051795, 7.07726940163e-05, 0.000107581305201, 5.02624388901e-05, 4.30867839896e-05, 3.5837663745e-05, 2.89894142043e-05, 1.79236558324e-05, 1.59271876328e-05, 1.5538675143e-05, 1.5171582163e-05, 1.22699557323e-05, 9.12737505132e-06, 7.32554917704e-06, 8.29088912724e-06, 1.05243207145e-05, 1.23302779684e-05, 8.34919046611e-06, 5.11322014063e-06, 3.39046300724e-06, 2.78217112282e-06, 1.60404351846e-06, 9.98314362732e-07, 5.34882246939e-07]
    },
    "melbands128": {
        "max": [6.86610874254e-05, 0.000425151898526, 0.00197915593162, 0.00794383976609, 0.0149328317493, 0.0125639457256, 0.0124660283327, 0.00947155896574, 0.00721851689741, 0.00470145931467, 0.00533093232661, 0.0126238204539, 0.00943776406348, 0.0139773888513, 0.0244221370667, 0.0118549093604, 0.0165102537721, 0.0274476055056, 0.0288609005511, 0.0116666499525, 0.0239256191999, 0.0107812341303, 0.0316759720445, 0.0324335582554, 0.0174455549568, 0.027008516714, 0.02044358477, 0.0163867678493, 0.0147830983624, 0.00879004783928, 0.0151480669156, 0.0128253139555, 0.00536642130464, 0.0123244365677, 0.00797314196825, 0.00536227133125, 0.00346859451383, 0.00668820505962, 0.00403204280883, 0.00312718236819, 0.00471972580999, 0.00298594054766, 0.00340763083659, 0.00519275153056, 0.00162842904683, 0.00162547884975, 0.00139948620927, 0.00381803163327, 0.00181394116953, 0.00075892318273, 0.00164806784596, 0.000917795114219, 0.00102535425685, 0.00154060591012, 0.00100419914816, 0.000485295109684, 0.00115830334835, 0.00102201045956, 0.000420106865931, 0.000518862216268, 0.00047790480312, 0.000197512621526, 0.000305100315018, 0.000203626113944, 0.000175599067006, 0.000736524118111, 0.000167898935615, 0.000312420335831, 0.000194453183212, 0.000174672051799, 0.000190245584236, 0.000221193869947, 0.000204170646612, 0.00017410221335, 0.000126261264086, 0.000107083331386, 0.000155544956215, 0.000228383345529, 0.000173469714355, 0.000227215874474, 0.000265184498858, 0.000174380460521, 0.000110142224003, 0.000339460879331, 0.000315851852065, 0.000174187967787, 0.000212174505577, 0.000264374713879, 9.83357313089e-05, 0.00010900626512, 9.62588310358e-05, 6.28696652711e-05, 4.70050472359e-05, 8.82985114004e-05, 4.24364079663e-05, 2.71167100436e-05, 1.70528091985e-05, 2.34337639995e-05, 1.40817746797e-05, 1.22705487229e-05, 6.35270134808e-06, 6.90599927111e-06, 4.63170636067e-06, 3.13157033816e-06, 1.80306108177e-06, 1.2583706166e-06, 2.89447996238e-07, 3.77468381885e-07, 2.25904997819e-07, 2.329567792e-07, 9.88315704831e-08, 3.82540044086e-08, 1.34955353559e-08, 1.31356978628e-08, 1.27572716835e-08, 1.24316299477e-08, 1.21418501919e-08, 1.18499050572e-08, 1.15738023609e-08, 1.1317887072e-08, 1.10881259729e-08, 1.08754489858e-08, 1.06968691682e-08, 1.05421786856e-08, 1.04148485391e-08, 1.03000266094e-08, 1.02115258471e-08, 1.01928403495e-08],
        "mean": [4.66501614937e-06, 2.11855349335e-05, 0.000104598781036, 0.000400247838115, 0.000647388107609, 0.000702240155078, 0.000431751133874, 0.000284637499135, 0.00033055600943, 0.000286784517812, 0.000405533035519, 0.000457522604847, 0.000474781321827, 0.000423269404564, 0.000420920870965, 0.000479431007989, 0.000445062614745, 0.000490084756166, 0.000523716036696, 0.000456894049421, 0.000646476924885, 0.000295442558127, 0.000399783544708, 0.000449209677754, 0.000411610410083, 0.00058641191572, 0.000351554510416, 0.000412939843955, 0.000174015774974, 0.000139445226523, 0.000347174354829, 0.000291782198474, 0.000111823857878, 0.000243487884291, 0.000111491681309, 0.000119959870062, 0.000124216792756, 0.000123632853501, 9.38276498346e-05, 6.55306430417e-05, 9.56535077421e-05, 5.45334478375e-05, 7.79048350523e-05, 0.000106409934233, 3.28662899847e-05, 3.79489429179e-05, 4.9953116104e-05, 5.72547687625e-05, 3.75979252567e-05, 2.44321454375e-05, 3.91275789298e-05, 3.60249105142e-05, 2.62490611931e-05, 2.81896482193e-05, 3.61133752449e-05, 2.36856449192e-05, 2.18687091547e-05, 2.55879876931e-05, 2.36485593632e-05, 2.24335253733e-05, 1.39276226037e-05, 1.20047780001e-05, 2.08602050407e-05, 1.28430774566e-05, 8.71139673109e-06, 1.28210185721e-05, 1.35830769068e-05, 1.43341076182e-05, 1.23967338368e-05, 1.12928701128e-05, 9.0287594503e-06, 1.05678791442e-05, 8.41364362714e-06, 5.61938804822e-06, 5.54557209398e-06, 6.26529845249e-06, 4.64476033812e-06, 4.4811886255e-06, 4.39989798906e-06, 4.25118878411e-06, 6.03100897933e-06, 6.6742945819e-06, 6.05051991442e-06, 6.82928657625e-06, 5.84746067034e-06, 4.56731550003e-06, 4.20142714574e-06, 3.53360746885e-06, 3.05130970446e-06, 2.64824120677e-06, 2.47135972131e-06, 2.14066335502e-06, 2.22111384574e-06, 1.77701122084e-06, 1.51458573328e-06, 1.18624643619e-06, 9.4758661362e-07, 8.42110068788e-07, 6.81079256992e-07, 5.28518967258e-07, 2.66888832812e-07, 3.38745053341e-07, 2.69069602155e-07, 1.71728586906e-07, 6.26340650456e-08, 1.75950365389e-08, 2.63698929359e-09, 1.00398744873e-09, 3.67539859658e-10, 2.45210907135e-10, 1.36669064954e-10, 4.37986001633e-11, 1.09481416988e-11, 1.01030147789e-11, 9.68373992105e-12, 9.26963106967e-12, 8.92164293831e-12, 8.65957566071e-12, 8.43972634834e-12, 8.24141796474e-12, 8.06187321761e-12, 7.89859757461e-12, 7.75702418965e-12, 7.63317013763e-12, 7.53601868408e-12, 7.45330793611e-12, 7.38975373948e-12, 7.36526291345e-12],
        "min": [4.43653280779e-10, 4.23925650139e-09, 5.42747535803e-08, 2.91004255359e-07, 7.65438272765e-08, 1.92691729239e-07, 5.63323624192e-07, 2.6365762551e-07, 1.66104982213e-07, 1.07829271201e-06, 1.91929439097e-06, 1.25144154595e-07, 2.55682778061e-07, 2.06875415643e-06, 1.54308622768e-06, 5.73940440063e-07, 6.7688819172e-07, 4.90535796871e-07, 1.06475363282e-06, 2.04603324505e-07, 3.29331896864e-07, 4.37320380797e-07, 2.98378267871e-07, 1.66941433122e-07, 4.76900481772e-07, 3.12650655587e-07, 3.95443549905e-07, 5.2778028703e-07, 2.36574962287e-07, 2.91304132816e-07, 4.5567816187e-07, 2.52668996836e-07, 1.22379404388e-07, 3.65423687754e-07, 3.04378829696e-07, 1.00383800827e-07, 6.02892782808e-07, 2.94733297324e-07, 3.65099339206e-07, 5.77595073992e-08, 1.34066823421e-07, 1.92264977272e-07, 3.73369971385e-07, 1.84727838359e-07, 5.46234950605e-08, 1.26821149138e-07, 6.23049274395e-08, 1.75644927936e-07, 2.32362168617e-07, 1.19185216363e-07, 1.88852496308e-07, 2.07849709e-07, 8.27828614547e-08, 5.84994843678e-08, 1.46340326523e-07, 1.48530006072e-07, 1.14254099515e-07, 1.55322794626e-07, 5.17409013412e-08, 1.81813277322e-07, 8.9784455426e-09, 2.38343100811e-09, 6.44636233282e-10, 2.12250861331e-09, 1.99496374975e-09, 9.46981870698e-08, 9.55172652084e-08, 1.27448686271e-07, 7.52071329657e-08, 4.78202473175e-08, 3.3483949835e-08, 2.21423235303e-08, 3.77771058879e-08, 5.81784886933e-09, 4.05206712628e-08, 4.53809114731e-08, 1.71699845453e-08, 1.17423892831e-08, 1.28904060759e-08, 2.69340478809e-08, 3.8142164982e-08, 4.61308964361e-08, 6.53960725572e-08, 4.94485448144e-08, 1.70886824691e-08, 1.48290695279e-08, 1.07564268603e-08, 3.08403755866e-08, 1.21093393091e-08, 6.28256469071e-09, 2.01309768855e-09, 2.93894041048e-11, 1.31081690641e-11, 1.62218970895e-11, 1.42177138118e-11, 4.78458201877e-12, 1.73058702785e-12, 2.37121975701e-12, 2.7650204717e-13, 1.14121941606e-13, 1.08244224131e-13, 1.00624844286e-13, 6.22242600327e-14, 6.35701953859e-14, 5.45460554437e-14, 4.55676789975e-14, 4.07618546121e-14, 4.79234775236e-14, 3.83070074413e-14, 5.30850794637e-14, 4.71026992096e-14, 3.44525738505e-14, 4.59548306526e-14, 4.68244048407e-14, 4.18236883386e-14, 2.68135360649e-14, 3.15492125697e-14, 4.97634499255e-14, 3.7922498529e-14, 3.78767756905e-14, 3.56362854536e-14, 3.72856720542e-14, 4.30822776542e-14, 3.99819846013e-14, 4.30585268504e-14, 4.03852468231e-14, 3.64598962458e-14, 4.18530803818e-14],
        "stdev": [6.69439759804e-06, 3.46378110407e-05, 0.000193791158381, 0.000795773230493, 0.00109920243267, 0.00103047443554, 0.000705807062332, 0.000604201573879, 0.000672392488923, 0.000436142989201, 0.000586408015806, 0.000727922131773, 0.000836189952679, 0.000810775498394, 0.00105017854366, 0.000898283615243, 0.000994590576738, 0.00179127650335, 0.00171675323509, 0.000939021876547, 0.00176415208261, 0.000671128393151, 0.00143814424518, 0.00167803151999, 0.00126406096388, 0.00201425049454, 0.00104601529893, 0.00117214897182, 0.000583224871662, 0.000446075631771, 0.00110650411807, 0.00107185333036, 0.000285630754661, 0.000697165029123, 0.00036067358451, 0.000305927213049, 0.000244237540755, 0.000426343583968, 0.000233634127653, 0.000162704382092, 0.000287307426333, 0.000164531753398, 0.000174534579855, 0.000261856737779, 8.11304125818e-05, 9.68883396126e-05, 0.000113888752821, 0.000196343797143, 0.000103558617411, 5.07743534399e-05, 8.72038071975e-05, 6.36088298052e-05, 6.26749897492e-05, 6.11869691056e-05, 7.2201830335e-05, 4.17966439272e-05, 4.48841892648e-05, 5.58967221878e-05, 3.12335832859e-05, 3.35158292728e-05, 2.75939983112e-05, 1.71421488631e-05, 2.93188077194e-05, 1.86070210475e-05, 1.33582307171e-05, 2.3673141186e-05, 1.91218405234e-05, 2.43440517806e-05, 1.86209417734e-05, 1.68224214576e-05, 1.52734337462e-05, 1.79949311132e-05, 1.52348102347e-05, 9.30967416934e-06, 9.08977290237e-06, 9.27282962948e-06, 9.27640030568e-06, 9.69248139882e-06, 8.89547845873e-06, 9.65188246482e-06, 1.29907939481e-05, 1.25965507323e-05, 1.07034484245e-05, 1.85107728612e-05, 1.19283849926e-05, 9.62983904174e-06, 8.97121208254e-06, 8.28148040455e-06, 4.89516878588e-06, 4.6692180149e-06, 4.03579952035e-06, 3.29090244122e-06, 3.48825824403e-06, 3.3316923691e-06, 2.61464333562e-06, 1.89763659364e-06, 1.54674887654e-06, 1.47814580487e-06, 1.14622685032e-06, 9.76733872449e-07, 4.86884005113e-07, 6.27871372672e-07, 5.02470754782e-07, 3.46674966067e-07, 1.67912915572e-07, 6.14856787706e-08, 1.5730680758e-08, 1.36623281577e-08, 6.4631695551e-09, 5.70005953549e-09, 2.8551370157e-09, 1.01066111036e-09, 2.84990170352e-10, 2.76779488217e-10, 2.68805755432e-10, 2.61945215518e-10, 2.55840792995e-10, 2.49689546816e-10, 2.43871561834e-10, 2.38478958803e-10, 2.33637442726e-10, 2.29155999731e-10, 2.2539302369e-10, 2.22133533789e-10, 2.19450388417e-10, 2.17030893257e-10, 2.15166093276e-10, 2.14772241658e-10]
    },
    "mfcc": {
        "mean": [-614.460754395, 112.885734558, -17.9881629944, 16.0609779358, -20.7182006836, 5.1242556572, -15.4562454224, 7.55985784531, -13.3408870697, 3.03000211716, -7.41754770279, 0.836678981781, -4.70862674713],
        "cov": [[1866.8729248, -728.516784668, 150.561645508, -354.066680908, 205.670089722, -141.252059937, 266.157958984, -134.384780884, 137.808990479, -61.2442016602, 76.0317764282, -97.3354644775, -14.9169301987], [-728.516784668, 837.584411621, -322.687133789, 318.166564941, -117.06136322, 112.504249573, -142.833557129, 158.372406006, -94.7863998413, 90.956489563, -63.9584388733, 90.6594390869, 1.07076883316], [150.561645508, -322.687133789, 527.449768066, -112.53187561, 125.998184204, -64.9973983765, 97.9041213989, -75.3624267578, 61.4322166443, -59.6763343811, 77.8799514771, -8.83536434174, 36.0522994995], [-354.066680908, 318.166564941, -112.53187561, 382.019836426, -14.1687173843, 86.2035980225, -142.491867065, 87.7731704712, -17.3680095673, 60.5929222107, -44.8494338989, 64.442741394, 27.7985801697], [205.670089722, -117.06136322, 125.998184204, -14.1687173843, 264.393554688, -34.9703826904, 41.6547660828, -66.5606079102, 62.8535194397, -36.4359931946, 16.5223255157, 15.879067421, 30.5965862274], [-141.252059937, 112.504249573, -64.9973983765, 86.2035980225, -34.9703826904, 212.88142395, -4.84250974655, 66.9599533081, -33.0950775146, 37.3807907104, -15.3055591583, 18.5510749817, -24.2199058533], [266.157958984, -142.833557129, 97.9041213989, -142.491867065, 41.6547660828, -4.84250974655, 226.716033936, -16.481136322, 15.8749389648, -36.6277656555, 32.7099571228, -23.8210258484, -11.2945709229], [-134.384780884, 158.372406006, -75.3624267578, 87.7731704712, -66.5606079102, 66.9599533081, -16.481136322, 142.924545288, -6.27276325226, 44.5452270508, -11.2081480026, 19.8466796875, -8.02505588531], [137.808990479, -94.7863998413, 61.4322166443, -17.3680095673, 62.8535194397, -33.0950775146, 15.8749389648, -6.27276325226, 123.696098328, 4.7809009552, 26.5345916748, -10.7331562042, 19.5669384003], [-61.2442016602, 90.956489563, -59.6763343811, 60.5929222107, -36.4359931946, 37.3807907104, -36.6277656555, 44.5452270508, 4.7809009552, 113.688728333, 5.76580238342, 12.7464561462, -16.4883270264], [76.0317764282, -63.9584388733, 77.8799514771, -44.8494338989, 16.5223255157, -15.3055591583, 32.7099571228, -11.2081480026, 26.5345916748, 5.76580238342, 89.4328079224, 1.82651257515, 12.3082513809], [-97.3354644775, 90.6594390869, -8.83536434174, 64.442741394, 15.879067421, 18.5510749817, -23.8210258484, 19.8466796875, -10.7331562042, 12.7464561462, 1.82651257515, 92.9029388428, 18.2646369934], [-14.9169301987, 1.07076883316, 36.0522994995, 27.7985801697, 30.5965862274, -24.2199058533, -11.2945709229, -8.02505588531, 19.5669384003, -16.4883270264, 12.3082513809, 18.2646369934, 86.2665863037]],
        "icov": [[0.0010439864127, 0.000843559100758, 0.000551576667931, 5.57042803848e-05, -0.000555119884666, 0.000324889784679, -0.000777485955041, -0.000144150209962, -0.000262803194346, -0.000310645409627, -0.000230517194723, 0.000143551806104, 9.72180641838e-05], [0.000843559100758, 0.00325379963033, 0.00137842271943, -0.00124431285076, -0.000396620569518, 0.000457705173176, -0.000575340585783, -0.00145386101212, 0.00103886937723, -0.000600207189564, -0.000267838593572, -0.000925076485146, -0.000127300270833], [0.000551576667931, 0.00137842271943, 0.00332337571308, -0.000331694900524, -0.00095572596183, 0.000365165877156, -0.000937530945521, -6.31676084595e-05, -0.00012581210467, 0.000486364413518, -0.00189766287804, -0.000316664052662, -0.00043157816981], [5.57042803848e-05, -0.00124431285076, -0.000331694900524, 0.00562567962334, -0.000867684197146, -0.00125292723533, 0.00234300480224, -0.00130470993463, -0.00045413558837, -0.000919476791751, 0.00153086043429, -0.00102879863698, -0.00158108898904], [-0.000555119884666, -0.000396620569518, -0.00095572596183, -0.000867684197146, 0.00603490089998, -0.000396249903133, -0.000631333794445, 0.00273162312806, -0.00256518926471, 0.000964502745774, 0.000774886226282, -0.00173295207787, -0.000469741877168], [0.000324889784679, 0.000457705173176, 0.000365165877156, -0.00125292723533, -0.000396249903133, 0.00642466032878, -0.00116815406363, -0.00210620509461, 0.00139867106918, -0.000931914895773, -0.000111495486635, -0.000265274284175, 0.00147377070971], [-0.000777485955041, -0.000575340585783, -0.000937530945521, 0.00234300480224, -0.000631333794445, -0.00116815406363, 0.00722619704902, -0.00146723550279, 0.000318031583447, 0.00145693484228, -0.000931168789975, 0.000298543367535, 0.00049103947822], [-0.000144150209962, -0.00145386101212, -6.31676084595e-05, -0.00130470993463, 0.00273162312806, -0.00210620509461, -0.00146723550279, 0.0118974326178, -0.00240309839137, -0.00161867134739, 0.000460567913251, -0.000892164360266, 0.000153322383994], [-0.000262803194346, 0.00103886937723, -0.00012581210467, -0.00045413558837, -0.00256518926471, 0.00139867106918, 0.000318031583447, -0.00240309839137, 0.0116248615086, -0.00188741867896, -0.00196767551824, 0.00176844594534, -0.00183000660036], [-0.000310645409627, -0.000600207189564, 0.000486364413518, -0.000919476791751, 0.000964502745774, -0.000931914895773, 0.00145693484228, -0.00161867134739, -0.00188741867896, 0.0122766811401, -0.00272515113465, -0.00071400240995, 0.00279777310789], [-0.000230517194723, -0.000267838593572, -0.00189766287804, 0.00153086043429, 0.000774886226282, -0.000111495486635, -0.000931168789975, 0.000460567913251, -0.00196767551824, -0.00272515113465, 0.0149092385545, -0.00141859648284, -0.00202339189127], [0.000143551806104, -0.000925076485146, -0.000316664052662, -0.00102879863698, -0.00173295207787, -0.000265274284175, 0.000298543367535, -0.000892164360266, 0.00176844594534, -0.00071400240995, -0.00141859648284, 0.0138954436406, -0.00228075939231], [9.72180641838e-05, -0.000127300270833, -0.00043157816981, -0.00158108898904, -0.000469741877168, 0.00147377070971, 0.00049103947822, 0.000153322383994, -0.00183000660036, 0.00279777310789, -0.00202339189127, -0.00228075939231, 0.0146805550903]]
    },
    "spectral_contrast_coeffs": {
        "max": [-0.456791639328, -0.425271749496, -0.498486161232, -0.603065311909, -0.663148522377, -0.391213595867],
        "mean": [-0.684779167175, -0.736989021301, -0.740364193916, -0.778651297092, -0.779439866543, -0.691364228725],
        "min": [-0.838015139103, -0.92766058445, -0.90229678154, -0.887070536613, -0.86446750164, -0.824079394341],
        "stdev": [0.0623482502997, 0.0738243237138, 0.0725737586617, 0.0478071942925, 0.0336780250072, 0.0712715014815]
    },
    "spectral_contrast_valleys": {
        "max": [-5.31995344162, -4.78527355194, -5.33444166183, -5.98245763779, -5.65924310684, -8.16467761993],
        "mean": [-7.03827095032, -6.28420114517, -6.92548751831, -7.30595970154, -7.23332738876, -10.5804710388],
        "min": [-9.71869182587, -8.04310798645, -8.70745754242, -8.80644226074, -9.31070137024, -15.4172725677],
        "stdev": [0.578707098961, 0.438568502665, 0.475173741579, 0.49638479948, 0.48529830575, 1.3461163044]
    }
},
"rhythm": {
    "beats_count": 114,
    "beats_loudness": {
        "max": 0.0880611017346,
        "mean": 0.0344678238034,
        "min": 0.0121455918998,
        "stdev": 0.0124126747251
    },
    "bpm": 132.507141113,
    "bpm_histogram_first_peak_bpm": 133,
    "bpm_histogram_first_peak_weight": 0.300000011921,
    "bpm_histogram_second_peak_bpm": 120,
    "bpm_histogram_second_peak_spread": 0,
    "bpm_histogram_second_peak_weight": 0.0176991149783,
    "danceability": 1.55401515961,
    "onset_rate": 4.11432027817,
    "beats_loudness_band_ratio": {
        "max": [0.697892606258, 0.670677125454, 0.860389411449, 0.726170420647, 0.341506361961, 0.202988535166],
        "mean": [0.211045429111, 0.170853853226, 0.293115615845, 0.20240521431, 0.0990710258484, 0.0776942297816],
        "min": [0.00291839847341, 0.0196409523487, 0.0235253944993, 0.0252592302859, 0.0076684714295, 0.00858650542796],
        "stdev": [0.140373557806, 0.123710542917, 0.180943757296, 0.151043668389, 0.063320286572, 0.0409188680351]
    },
