{
"metadata": {
    "version": {
        "essentia": "2.1-beta5",
        "essentia_git_sha": "Undefined",
        "extractor": "music 2.0"
    },
    "audio_properties": {
        "analysis": {
            "equal_loudness": 0,
            "length": 32.4963264465,
            "sample_rate": 44100,
            "start_time": 126.490699768,
            "downmix": "mix"
        },
        "bit_rate": 192000,
        "length": 233.615966797,
        "lossless": 0,
        "number_channels": 2,
        "replay_gain": 1.20112037659,
        "sample_rate": 44100,
        "codec": "mp3",
        "md5_encoded": "d7877190f1826943c9fc0c4fc7e648fb"
    },
    "tags": {
        "file_name": "Spain_Él_Lucía.mp3",
        "encoding": ["Lavf58.29.100"]
    }
},
"lowlevel": {
    "average_loudness": 0.93609303236,
    "barkbands_crest": {
        "max": 22.3868236542,
        "mean": 8.18146705627,
        "min": 2.63994264603,
        "stdev": 3.35712718964
    },
    "barkbands_flatness_db": {
        "max": 0.249767810106,
        "mean": 0.120197281241,
        "min": 0.0610878430307,
        "stdev": 0.0274722874165
    },
    "barkbands_kurtosis": {
        "max": 11.5897626877,
        "mean": -0.024014396593,
        "min": -1.76387250423,
        "stdev": 1.48416662216
    },
    "barkbands_skewness": {
        "max": 3.23180413246,
        "mean": 0.516462266445,
        "min": -2.47532057762,
        "stdev": 0.689037203789
    },
    "barkbands_spread": {
        "max": 53.5839805603,
        "mean": 25.2593708038,
        "min": 5.56108474731,
        "stdev": 7.46918916702
    },
    "dissonance": {
        "max": 0.499823093414,
        "mean": 0.470836818218,
        "min": 0.341109454632,
        "stdev": 0.0206127483398
    },
    "dynamic_complexity": 3.08609366417,
    "erbbands_crest": {
        "max": 29.9347057343,
        "mean": 9.61029434204,
        "min": 2.61188721657,
        "stdev": 4.35177373886
    },
    "erbbands_flatness_db": {
        "max": 0.307068884373,
        "mean": 0.187053844333,
        "min": 0.109217450023,
        "stdev": 0.0324289388955
    },
    "erbbands_kurtosis": {
        "max": 14.1709079742,
        "mean": -0.0407186821103,
        "min": -1.71537160873,
        "stdev": 1.25091636181
    },
    "erbbands_skewness": {
        "max": 2.19563603401,
        "mean": -0.0816519930959,
        "min": -2.5623884201,
        "stdev": 0.568219959736
    },
    "erbbands_spread": {
        "max": 75.5265731812,
        "mean": 31.7528495789,
        "min": 5.20880746841,
        "stdev": 10.7026453018
    },
    "hfc": {
        "max": 90.4044952393,
        "mean": 18.8769512177,
        "min": 0.0350821465254,
        "stdev": 16.4583530426
    },
    "loudness_ebu128": {
        "integrated": -26.8722400665,
        "loudness_range": 4.14165878296,
        "momentary": {
            "max": -23.1832103729,
            "mean": -27.5542449951,
            "min": -36.8431549072,
            "stdev": 2.58433628082
        },
        "short_term": {
            "max": -24.406709671,
            "mean": -27.0776519775,
            "min": -30.5711574554,
            "stdev": 1.56790018082
        }
    },
    "melbands_crest": {
        "max": 28.3803443909,
        "mean": 10.9170093536,
        "min": 3.40665721893,
        "stdev": 4.03918409348
    },
    "melbands_flatness_db": {
        "max": 0.298230528831,
        "mean": 0.137436822057,
        "min": 0.0464341193438,
        "stdev": 0.0374444164336
    },
    "melbands_kurtosis": {
        "max": 25.6256561279,
        "mean": 2.57111120224,
        "min": -1.6372320652,
        "stdev": 3.80512142181
    },
    "melbands_skewness": {
        "max": 4.40323591232,
        "mean": 1.3238645792,
        "min": -1.45875322819,
        "stdev": 0.86388117075
    },
    "melbands_spread": {
        "max": 92.9086608887,
        "mean": 37.9729385376,
        "min": 5.89696073532,
        "stdev": 14.1671466827
    },
    "pitch_salience": {
        "max": 0.854557931423,
        "mean": 0.547990322113,
        "min": 0.254133820534,
        "stdev": 0.0960178673267
    },
    "silence_rate_20dB": {
        "max": 1,
        "mean": 1,
        "min": 1,
        "stdev": 0
    },
    "silence_rate_30dB": {
        "max": 1,
        "mean": 1,
        "min": 1,
        "stdev": 0
    },
    "silence_rate_60dB": {
        "max": 1,
        "mean": 0.119200572371,
        "min": 0,
        "stdev": 0.324023038149
    },
    "spectral_centroid": {
        "max": 3261.27319336,
        "mean": 1915.22570801,
        "min": 523.135375977,
        "stdev": 502.076049805
    },
    "spectral_complexity": {
        "max": 53,
        "mean": 19.1441822052,
        "min": 0,
        "stdev": 9.17117595673
    },
    "spectral_decrease": {
        "max": -5.02925825985e-12,
        "mean": -3.33103411521e-09,
        "min": -1.52189087999e-08,
        "stdev": 2.55985410647e-09
    },
    "spectral_energy": {
        "max": 0.0630731135607,
        "mean": 0.0142842903733,
        "min": 2.21636473725e-05,
        "stdev": 0.0109847784042
    },
    "spectral_energyband_high": {
        "max": 0.00748364394531,
        "mean": 0.000780299247708,
        "min": 1.50402183863e-06,
        "stdev": 0.000904120272025
    },
    "spectral_energyband_low": {
        "max": 0.0172894112766,
        "mean": 0.000929316971451,
        "min": 3.0507769111e-07,
        "stdev": 0.00123940594494
    },
    "spectral_energyband_middle_high": {
        "max": 0.0356291159987,
        "mean": 0.00677174376324,
        "min": 1.20060321933e-05,
        "stdev": 0.0060691931285
    },
    "spectral_energyband_middle_low": {
        "max": 0.0468694791198,
        "mean": 0.00606892211363,
        "min": 9.09094978851e-06,
        "stdev": 0.00616647396237
    },
    "spectral_entropy": {
        "max": 8.38230323792,
        "mean": 7.5226483345,
        "min": 6.36323642731,
        "stdev": 0.286020517349
    },
    "spectral_flux": {
        "max": 0.197399318218,
        "mean": 0.0680279359221,
        "min": 0.007147887256,
        "stdev": 0.0325254797935
    },
    "spectral_kurtosis": {
        "max": 15.4481239319,
        "mean": 3.62299537659,
        "min": 0.729297637939,
        "stdev": 1.80483841896
    },
    "spectral_rms": {
        "max": 0.00784440897405,
        "mean": 0.00344556197524,
        "min": 0.000147047860082,
        "stdev": 0.00143666833173
    },
    "spectral_rolloff": {
        "max": 5297.16796875,
        "mean": 2325.87768555,
        "min": 366.064453125,
        "stdev": 828.048522949
    },
    "spectral_skewness": {
        "max": 2.60658073425,
        "mean": 1.21183848381,
        "min": 0.402247697115,
        "stdev": 0.245610743761
    },
    "spectral_spread": {
        "max": 11207600,
        "mean": 3636833.25,
        "min": 2092577.25,
        "stdev": 723538
    },
    "spectral_strongpeak": {
        "max": 13.8784580231,
        "mean": 1.4546444416,
        "min": 0.0096115861088,
        "stdev": 1.69695985317
    },
    "zerocrossingrate": {
        "max": 0.1396484375,
        "mean": 0.0791155025363,
        "min": 0.015625,
        "stdev": 0.0203541386873
    },
    "barkbands": {
        "max": [0.000146677237353, 0.00679148035124, 0.00900198705494, 0.0164965558797, 0.0139030618593, 0.0379632860422, 0.0399984009564, 0.0130175268278, 0.0327951721847, 0.0138034969568, 0.0245069433004, 0.0127527108416, 0.0134037984535, 0.0163694620132, 0.0143070435151, 0.0153718162328, 0.0246713142842, 0.00999758113176, 0.00321692065336, 0.00975669082254, 0.00715083954856, 0.00106698053423, 0.00117831316311, 0.000860600266606, 0.000323372543789, 4.90366910526e-05, 1.06981997305e-06],
        "mean": [1.64142256835e-05, 0.000272308534477, 0.000416533381213, 0.000967384083197, 0.00167742103804, 0.000884191831574, 0.00143650872633, 0.000343610066921, 0.000691764464136, 0.000630183960311, 0.00153142772615, 0.000378912227461, 0.000409357890021, 0.000447889411589, 0.000833259546198, 0.00059491826687, 0.000725008780137, 0.000736699439585, 0.000247450021561, 0.000472914107377, 0.000295183010167, 0.000111365407065, 7.93718863861e-05, 5.3107367421e-05, 2.90299321932e-05, 2.08718802241e-06, 1.57873170092e-09],
        "min": [9.14286069076e-09, 1.68444003634e-07, 1.21073497894e-07, 1.71062488619e-08, 6.05615980476e-07, 1.6192327621e-06, 1.07978974029e-06, 1.34003164476e-06, 1.21810660403e-06, 5.33279376214e-07, 2.88335627374e-07, 5.37168489245e-07, 3.50324853571e-07, 1.33662501867e-06, 1.39115570619e-06, 3.22398449271e-07, 7.69197640693e-07, 3.60326765758e-07, 4.574347372e-07, 5.15235569765e-07, 8.06853449831e-07, 2.74125170563e-07, 1.11715358742e-07, 5.0739380697e-08, 2.32226504693e-08, 1.39305411651e-08, 2.370455221e-10],
        "stdev": [1.89367874555e-05, 0.000496222288348, 0.000603685213719, 0.0016034663422, 0.00213056337088, 0.00208425568417, 0.00323604536243, 0.000703129160684, 0.00183085678145, 0.00128612364642, 0.00254361284897, 0.000872469041497, 0.00085889355978, 0.00107890495565, 0.00156598293688, 0.00133009569254, 0.00155646074563, 0.00107109081, 0.0003788965696, 0.000683841702994, 0.000468713609735, 0.000130684187752, 0.000124118232634, 8.37893021526e-05, 4.40858930233e-05, 3.75013905796e-06, 2.85677916878e-08]
    },
    "erbbands": {
        "max": [0.041537694633, 2.12386274338, 11.3097305298, 28.2871627808, 65.965133667, 73.1554870605, 38.4788589478, 426.875732422, 478.36907959, 561.809448242, 143.411010742, 794.566711426, 363.537017822, 806.914978027, 696.765258789, 326.389068604, 344.236480713, 913.922424316, 648.518981934, 861.442993164, 991.770568848, 1061.70739746, 493.411773682, 242.501098633, 179.773498535, 582.670227051, 463.127166748, 118.52179718, 52.0157928467, 43.4377365112, 18.8236312866, 17.0444469452, 13.8655748367, 6.33727169037, 2.16648459435, 0.375854849815, 0.0270756129175, 0.000692093162797, 0.000161863441463, 7.99744011601e-05],
        "mean": [0.00326881580986, 0.08096344769, 0.460942327976, 1.59599065781, 5.55782175064, 6.01763820648, 2.73636937141, 10.1475391388, 16.4429855347, 18.06590271, 8.25950145721, 13.8022251129, 20.5502433777, 49.7378044128, 34.0247764587, 15.567155838, 17.4115123749, 20.2933139801, 32.7587471008, 44.3023376465, 36.7808494568, 43.5048141479, 42.9984283447, 18.2759208679, 17.8625049591, 20.5398044586, 16.2920417786, 7.88542699814, 4.81327104568, 2.9147772789, 1.87904560566, 1.25069820881, 0.807292163372, 0.460580170155, 0.151978000998, 0.0236464776099, 0.00143478240352, 5.85394627706e-05, 1.39254807436e-05, 1.9269034965e-05],
        "min": [3.84149279853e-06, 4.16688526457e-05, 0.000137962328154, 0.00010435256263, 0.000703243131284, 0.00259552639909, 0.00369134708308, 0.0175663698465, 0.0260903928429, 0.0387964844704, 0.0296520534903, 0.0249300841242, 0.0445495396852, 0.0529142655432, 0.0144892688841, 0.0243001021445, 0.0183327235281, 0.0318471007049, 0.0930815637112, 0.0469399169087, 0.0331472977996, 0.0388563387096, 0.0359963178635, 0.0257162321359, 0.0486467778683, 0.0197627414018, 0.0342192091048, 0.0240154433995, 0.0115856006742, 0.0048204944469, 0.00329287513159, 0.00156958901789, 0.000505686795805, 0.000298713304801, 0.000139660856803, 6.7522189056e-05, 2.33555001614e-05, 3.65007986147e-06, 2.41558097969e-07, 1.51856212938e-07],
        "stdev": [0.00396678503603, 0.146872743964, 0.673748075962, 2.4705414772, 7.98900318146, 9.25146102905, 3.70891284943, 23.9153575897, 36.5617446899, 40.0709838867, 13.2711105347, 38.6668052673, 38.7900123596, 75.7870788574, 61.6790008545, 27.0895175934, 31.9689769745, 45.4669036865, 61.232635498, 77.7580566406, 81.1181640625, 83.7802581787, 60.3388595581, 26.4753704071, 22.4914321899, 32.5769844055, 30.2392158508, 9.51769638062, 6.01754236221, 4.00447702408, 2.54912137985, 1.83674287796, 1.35621142387, 0.719601809978, 0.240466028452, 0.0373339951038, 0.00240747560747, 7.39614042686e-05, 1.29071195261e-05, 1.50298847075e-05]
    },
    "gfcc": {
        "mean": [-23.4198818207, 88.3430404663, -164.003738403, 43.5726928711, -71.9446563721, 11.221991539, -43.3855743408, 5.65817975998, -28.8860988617, -8.71126937866, -16.9702453613, -6.88098955154, -0.337001919746],
        "cov": [[3407.05151367, -424.371826172, -22.8736495972, 182.684020996, -284.977752686, 51.4971809387, -301.48916626, 86.708946228, -60.0551452637, 43.0606040955, 31.8287715912, -156.276489258, 38.1716957092], [-424.371826172, 469.018890381, 131.471572876, -38.1569824219, 101.319229126, -102.639511108, 62.5598373413, -62.6711273193, 41.6231002808, -42.5116615295, -62.6715011597, -55.8439903259, -12.3777723312], [-22.8736495972, 131.471572876, 342.08505249, 110.710136414, -20.9240627289, 62.5948371887, -42.8394813538, -9.98212051392, -61.5323448181, -66.2798233032, -76.4212646484, -2.41367554665, -12.8194713593], [182.684020996, -38.1569824219, 110.710136414, 172.154953003, 27.5618114471, 30.0258979797, -18.9822368622, 7.47672367096, -41.9412460327, -41.0688972473, -25.3110961914, 6.61984157562, 11.8158359528], [-284.977752686, 101.319229126, -20.9240627289, 27.5618114471, 137.807235718, -12.2824525833, 53.9742622375, -8.16079425812, 9.19576454163, -22.2487640381, -19.3873004913, 5.32750082016, 6.06964015961], [51.4971809387, -102.639511108, 62.5948371887, 30.0258979797, -12.2824525833, 165.655090332, 21.9418563843, 15.3129138947, -51.6002616882, -14.0600671768, -12.1225643158, 12.8183174133, -1.0563454628], [-301.48916626, 62.5598373413, -42.8394813538, -18.9822368622, 53.9742622375, 21.9418563843, 133.502731323, 9.47081565857, -0.433653086424, -6.86175918579, -4.95812654495, 9.94933891296, 10.2590303421], [86.708946228, -62.6711273193, -9.98212051392, 7.47672367096, -8.16079425812, 15.3129138947, 9.47081565857, 78.8274688721, 28.4547691345, 11.8347263336, 7.51969051361, 3.38938069344, 6.59668874741], [-60.0551452637, 41.6231002808, -61.5323448181, -41.9412460327, 9.19576454163, -51.6002616882, -0.433653086424, 28.4547691345, 109.346130371, 63.2401885986, 22.0550937653, -19.4681491852, -10.8819770813], [43.0606040955, -42.5116615295, -66.2798233032, -41.0688972473, -22.2487640381, -14.0600671768, -6.86175918579, 11.8347263336, 63.2401885986, 113.966529846, 60.4156265259, -10.8782520294, -17.4682846069], [31.8287715912, -62.6715011597, -76.4212646484, -25.3110961914, -19.3873004913, -12.1225643158, -4.95812654495, 7.51969051361, 22.0550937653, 60.4156265259, 99.22265625, 37.3035392761, -8.04004001617], [-156.276489258, -55.8439903259, -2.41367554665, 6.61984157562, 5.32750082016, 12.8183174133, 9.94933891296, 3.38938069344, -19.4681491852, -10.8782520294, 37.3035392761, 100.331596375, 26.7371616364], [38.1716957092, -12.3777723312, -12.8194713593, 11.8158359528, 6.06964015961, -1.0563454628, 10.2590303421, 6.59668874741, -10.8819770813, -17.4682846069, -8.04004001617, 26.7371616364, 64.8527374268]],
        "icov": [[0.000675672956277, -0.000732333690394, 0.00121105939616, -0.00139487127308, 0.00145708117634, -0.000652007118333, 0.00161700719036, -0.00126036524307, 0.00109835644253, -0.000419484917074, -0.000171674822923, 0.00107530131936, -0.000711814092938], [-0.000732333690394, 0.0151683585718, -0.0144356070086, 0.0102049885318, -0.0105835683644, 0.00883164722472, -0.0101976897568, 0.0117032583803, -0.0106448736042, 0.00871479231864, -0.00780359702185, 0.00918345246464, -0.00402195099741], [0.00121105939616, -0.0144356070086, 0.01956483908, -0.0133031243458, 0.0123993176967, -0.00959946773946, 0.0115544544533, -0.0111230276525, 0.0107709411532, -0.00836026202887, 0.0116525236517, -0.00969885941595, 0.00580860488117], [-0.00139487127308, 0.0102049885318, -0.0133031243458, 0.0174198243767, -0.0120981419459, 0.00607877969742, -0.00632172683254, 0.00615787832066, -0.0049860086292, 0.00635947426781, -0.0063822963275, 0.00536545785144, -0.00355671788566], [0.00145708117634, -0.0105835683644, 0.0123993176967, -0.0120981419459, 0.0200176071376, -0.00599032687023, 0.00414551096037, -0.00618517771363, 0.00429930305108, -0.00382586847991, 0.00700573716313, -0.00595436571166, 0.00279417890124], [-0.000652007118333, 0.00883164722472, -0.00959946773946, 0.00607877969742, -0.00599032687023, 0.0140323713422, -0.00820328015834, 0.00366866332479, -0.000561069289688, 0.00178348668851, -0.00261808815412, 0.00372647913173, -0.000696638249792], [0.00161700719036, -0.0101976897568, 0.0115544544533, -0.00632172683254, 0.00414551096037, -0.00820328015834, 0.0193595495075, -0.010928937234, 0.00937470793724, -0.00611948082224, 0.00509666604921, -0.00399608165026, 0.000269334035693], [-0.00126036524307, 0.0117032583803, -0.0111230276525, 0.00615787832066, -0.00618517771363, 0.00366866332479, -0.010928937234, 0.0269908308983, -0.0174990426749, 0.00950676482171, -0.00669879000634, 0.00511003565043, -0.00403587566689], [0.00109835644253, -0.0106448736042, 0.0107709411532, -0.0049860086292, 0.00429930305108, -0.000561069289688, 0.00937470793724, -0.0174990426749, 0.0301243215799, -0.0179797001183, 0.00866204779595, -0.00432931259274, 0.00331539590843], [-0.000419484917074, 0.00871479231864, -0.00836026202887, 0.00635947426781, -0.00382586847991, 0.00178348668851, -0.00611948082224, 0.00950676482171, -0.0179797001183, 0.027837689966, -0.0179500933737, 0.0107583384961, -0.00269236089662], [-0.000171674822923, -0.00780359702185, 0.0116525236517, -0.0063822963275, 0.00700573716313, -0.00261808815412, 0.00509666604921, -0.00669879000634, 0.00866204779595, -0.0179500933737, 0.0311025250703, -0.0185547992587, 0.00937877874821], [0.00107530131936, 0.00918345246464, -0.00969885941595, 0.00536545785144, -0.00595436571166, 0.00372647913173, -0.00399608165026, 0.00511003565043, -0.00432931259274, 0.0107583384961, -0.0185547992587, 0.0267010815442, -0.0121817104518], [-0.000711814092938, -0.00402195099741, 0.00580860488117, -0.00355671788566, 0.00279417890124, -0.000696638249792, 0.000269334035693, -0.00403587566689, 0.00331539590843, -0.00269236089662, 0.00937877874821, -0.0121817104518, 0.0229782015085]]
    },
    "melbands": {
        "max": [0.00105948746204, 0.0046928236261, 0.00614552246407, 0.00355544500053, 0.0015204945812, 0.00872993469238, 0.0073359743692, 0.00494187977165, 0.00111002894118, 0.0058022052981, 0.00182146276347, 0.00306530063972, 0.00311755435541, 0.00171163468622, 0.000607781228609, 0.0015578835737, 0.00158628576901, 0.00136032828595, 0.00155575852841, 0.00147605186794, 0.00128169870004, 0.00164114299696, 0.000415074260673, 0.000791004160419, 0.000211954844417, 0.000191796993022, 0.000319702900015, 0.000338789570378, 0.000382704136427, 8.61134903971e-05, 6.12572621321e-05, 3.41897903127e-05, 2.12523209484e-05, 3.2788819226e-05, 1.21232660604e-05, 1.76438970811e-05, 9.03382988326e-06, 1.34884894578e-05, 8.28666543384e-06, 4.66188930659e-06],
        "mean": [5.18681226822e-05, 0.000196577457245, 0.000431445019785, 0.000417328963522, 0.000129120409838, 0.000210307975067, 0.000277916289633, 0.00016847391089, 5.93596741965e-05, 9.92440836853e-05, 0.000103748017864, 0.000192890336621, 0.000162252385053, 4.23820347351e-05, 3.11917538056e-05, 5.04732161062e-05, 3.33328571287e-05, 4.74143234896e-05, 7.37661248422e-05, 4.22015327786e-05, 4.28147468483e-05, 4.71861421829e-05, 3.196760008e-05, 3.97604890168e-05, 1.14529539132e-05, 1.09902375698e-05, 1.6309266357e-05, 1.27400981e-05, 1.12701209218e-05, 7.11709935786e-06, 3.37696496899e-06, 2.91392962026e-06, 1.78188861355e-06, 1.65934920915e-06, 1.09797815639e-06, 9.57775228017e-07, 6.92351022735e-07, 5.89919579852e-07, 4.7550267368e-07, 3.59615285106e-07],
        "min": [4.1112748761e-08, 6.48081126542e-08, 3.04536378337e-08, 1.21953220855e-07, 1.28380065689e-07, 3.94841521256e-07, 4.27237864642e-07, 4.11482659501e-07, 2.1466571809e-07, 1.68607840578e-07, 1.2966945917e-07, 2.24930161608e-07, 4.13605150129e-08, 5.35282538294e-08, 6.12736528183e-08, 2.84949255303e-08, 6.31195078427e-08, 7.64034240319e-08, 8.0952347048e-08, 3.30842766516e-08, 3.12914423262e-08, 4.75858819016e-08, 3.0855286326e-08, 1.48268171074e-08, 1.97855527517e-08, 1.83113133545e-08, 3.03897706999e-08, 8.67346727773e-09, 2.34766606155e-08, 1.10205116144e-08, 9.87655024431e-09, 7.26816251628e-09, 3.63279095694e-09, 2.3139485883e-09, 1.95033411643e-09, 1.45984457856e-09, 7.67081342889e-10, 2.78229494999e-10, 2.57105697843e-10, 1.91301516295e-10],
        "stdev": [8.32667792565e-05, 0.000286627939204, 0.000635246629827, 0.000525248062331, 0.000188716614502, 0.000490875856485, 0.000599848979618, 0.000365165062249, 9.81101329671e-05, 0.00028792914236, 0.000204629424843, 0.000293682533083, 0.0002809301659, 0.000116297553177, 4.62688221887e-05, 0.000111817382276, 8.14814848127e-05, 0.000110642482468, 0.000149098326801, 8.19253546069e-05, 0.000109665903437, 0.000105125029222, 4.63491305709e-05, 6.50906658848e-05, 1.95725842786e-05, 1.65177298186e-05, 2.43527792918e-05, 2.18285349547e-05, 2.39600485656e-05, 1.0474539522e-05, 4.63631613457e-06, 4.12293093177e-06, 2.14462966142e-06, 2.78584047919e-06, 1.50675452915e-06, 1.54253302753e-06, 1.04333071249e-06, 1.08195615667e-06, 7.87739111274e-07, 5.73981992602e-07]
    },
    "melbands128": {
        "max": [8.75547484611e-05, 0.00018170470139, 0.00084648252232, 0.00450327899307, 0.00684810150415, 0.00337364687584, 0.00508667947724, 0.00974080339074, 0.00802127271891, 0.00593748874962, 0.00541693670675, 0.0031193816103, 0.000919422484003, 0.00416978215799, 0.00857508275658, 0.0172387529165, 0.0141734853387, 0.0124717466533, 0.017339758575, 0.00826056487858, 0.0050480030477, 0.00165217020549, 0.00187097315211, 0.000892427226063, 0.00490728579462, 0.0132332304493, 0.00599605450407, 0.00183080730494, 0.00468763709068, 0.00303236441687, 0.00470644794405, 0.00686842435971, 0.00546135148033, 0.00423411885276, 0.00412721326575, 0.00234996690415, 0.000872822711244, 0.00117992726155, 0.000605752400588, 0.00105426751543, 0.00216405745596, 0.00414338475093, 0.00241391570307, 0.000930085487198, 0.00210984330624, 0.0023298591841, 0.00268187234178, 0.00322020566091, 0.00221254653297, 0.00258410535753, 0.00202485988848, 0.00128918536939, 0.00275022350252, 0.00190341216512, 0.00509496266022, 0.00132550788112, 0.00159087602515, 0.00107359723188, 0.000850741344038, 0.00098362355493, 0.00172455993015, 0.00104527536314, 0.000472801068099, 0.00033461372368, 0.000326373527059, 0.000326871842844, 0.000305610796204, 0.00031254440546, 0.000392820249544, 0.00143506168388, 0.000278037274256, 0.000400878023356, 0.000411924091168, 0.000939615478273, 0.00035782327177, 0.000180443676072, 0.000127896069898, 0.000206719239941, 5.7338460465e-05, 3.25495311699e-05, 5.9993344621e-05, 4.50904226454e-05, 6.19436395937e-05, 1.93799733097e-05, 2.70588243438e-05, 5.17880289408e-05, 5.29166427441e-05, 2.34625949815e-05, 2.10630296351e-05, 1.40512356666e-05, 2.77527651633e-05, 1.99808418984e-05, 2.81573775283e-05, 9.7609081422e-06, 1.84731306945e-05, 1.35259260787e-05, 2.83158260572e-05, 1.14560043585e-05, 1.40392658068e-05, 6.03577109359e-06, 1.21594539451e-05, 7.33592969482e-06, 6.79333288645e-06, 4.7122093747e-06, 4.98132112625e-06, 1.65690255471e-06, 2.17598176278e-06, 1.43693830523e-06, 3.39526081916e-07, 6.35240553493e-07, 5.07792947246e-07, 4.41049898825e-08, 1.54589923085e-08, 1.52707286816e-08, 1.10604130299e-08, 5.33820543325e-09, 5.10731679171e-09, 4.99336394455e-09, 4.8040238454e-09, 4.7499395528e-09, 4.65509053527e-09, 4.57695792377e-09, 4.46174741597e-09, 4.35694635925e-09, 4.26548041332e-09, 4.25863344589e-09, 4.24512824893e-09, 4.19828083409e-09],
        "mean": [1.04432210719e-05, 1.56119240273e-05, 4.73743857583e-05, 0.000159553150297, 0.000234126477153, 0.00019149412401, 0.000213571373024, 0.000630328955594, 0.000599372200668, 0.000371190282749, 0.000377173302695, 0.000157624410349, 5.45200673514e-05, 8.19043416413e-05, 0.000245627044933, 0.000275384110864, 0.000192100662389, 0.000284505978925, 0.000393619877286, 0.000192928157048, 6.09682720096e-05, 6.44984902465e-05, 7.11483953637e-05, 3.72847935068e-05, 5.92564465478e-05, 0.000150451422087, 0.000133595080115, 5.05515090481e-05, 0.000145520069054, 9.26071661524e-05, 0.000254226790275, 0.000319439335726, 0.000160134964972, 4.71518214908e-05, 4.30009822594e-05, 4.41253359895e-05, 3.71413552784e-05, 3.86677202187e-05, 1.75947589014e-05, 3.17138510582e-05, 6.98126750649e-05, 5.8289970184e-05, 2.77468370768e-05, 1.36258022394e-05, 5.72151620872e-05, 5.14406165166e-05, 3.60853300663e-05, 9.34235504246e-05, 7.85686497693e-05, 5.14312632731e-05, 3.56701457349e-05, 3.246952474e-05, 5.27950323885e-05, 3.68260371033e-05, 4.53921275039e-05, 5.14731400472e-05, 5.36435436516e-05, 1.64385764947e-05, 2.75931106444e-05, 5.30520010216e-05, 4.5348679123e-05, 3.06861693389e-05, 8.43763882585e-06, 7.98956989456e-06, 1.14090262286e-05, 1.06297220555e-05, 9.96619291982e-06, 1.61021653184e-05, 1.84063646884e-05, 1.53882447194e-05, 1.13572586997e-05, 1.34448455356e-05, 1.14630147436e-05, 1.17542285807e-05, 9.42014412431e-06, 7.79813217378e-06, 5.5704076658e-06, 5.8463347159e-06, 2.42378700932e-06, 1.73226794686e-06, 3.18745492223e-06, 3.17592753163e-06, 2.55101372204e-06, 1.65746882885e-06, 1.19371179608e-06, 1.47521529925e-06, 2.18099785343e-06, 1.27716793941e-06, 1.19085734696e-06, 5.64703782402e-07, 1.31437900563e-06, 8.82981055383e-07, 7.6532313642e-07, 5.89942771967e-07, 8.54948780216e-07, 5.20782862168e-07, 6.10663619227e-07, 4.74822911656e-07, 5.8015950799e-07, 3.43124639812e-07, 4.67347035737e-07, 3.64768908412e-07, 2.6306804557e-07, 2.095758731e-07, 2.07853844358e-07, 8.55883612871e-08, 8.12298281971e-08, 5.82914978509e-08, 2.44202347233e-08, 2.02144736505e-08, 1.10828501931e-08, 2.43433873059e-09, 5.59585433546e-10, 2.65307859015e-10, 3.02709635136e-10, 1.0999531147e-10, 8.95133186324e-12, 7.15156493053e-12, 6.97180421033e-12, 6.92511022485e-12, 6.80223325583e-12, 6.71195174093e-12, 6.5422181561e-12, 6.38841323591e-12, 6.32152013028e-12, 6.33662219918e-12, 6.32272012524e-12, 6.24556656392e-12],
        "min": [3.57817053764e-10, 2.65921755727e-08, 5.18574267971e-08, 7.44092574223e-08, 7.82402054256e-08, 5.36680175856e-08, 1.6899198485e-08, 9.29850507703e-09, 6.21254088173e-08, 1.39155076795e-07, 1.11375015877e-07, 1.19251282626e-07, 5.80777950177e-08, 1.64166834793e-07, 2.59612733089e-07, 3.61809611604e-07, 1.20548477867e-07, 4.41923830863e-08, 1.35468297913e-07, 1.04892890818e-07, 2.05296473155e-08, 1.60160293916e-08, 1.33338261321e-07, 8.15758482986e-08, 5.1275151236e-08, 9.30384373987e-08, 6.70321682605e-08, 7.62614149608e-08, 4.17033696465e-08, 3.39323094067e-08, 5.78277195018e-08, 3.18347552763e-08, 4.816624255e-08, 3.83136189441e-08, 1.8926614942e-08, 2.15501838596e-08, 8.00280304247e-08, 6.84201779677e-08, 2.71301594523e-08, 8.17290857213e-09, 2.62378438975e-08, 1.25140298124e-08, 2.39822597337e-08, 1.8903492105e-08, 1.57234190112e-08, 4.14892653566e-08, 8.52350510172e-08, 5.24519379042e-08, 2.89302253265e-08, 5.6962150552e-08, 1.37906557285e-08, 1.3652782016e-08, 1.15985736571e-08, 8.86311468662e-09, 3.41801289494e-08, 3.03431697546e-08, 8.50049897139e-09, 1.27917934023e-08, 1.91839664154e-08, 5.09297626294e-09, 1.01508312866e-08, 1.09587627861e-08, 3.10437719975e-09, 9.42324351882e-09, 1.70040337366e-09, 6.44760156376e-09, 7.22346404913e-09, 2.82547318875e-08, 2.9875117491e-08, 2.79656386937e-09, 3.4022522577e-09, 4.54444570863e-09, 1.30666313325e-08, 8.61362803306e-09, 2.29586682998e-09, 3.69858321747e-09, 3.54358675736e-09, 1.37781774878e-09, 4.5314827446e-09, 2.40708475374e-09, 9.26474785778e-10, 1.67230174153e-10, 3.95721810875e-09, 8.70236382955e-10, 2.46994542874e-11, 7.84018197586e-11, 4.01922578552e-10, 2.36089731098e-10, 1.34847775307e-11, 1.23484472647e-10, 2.25756791733e-11, 7.50974227248e-10, 1.63354746396e-11, 7.5211521039e-12, 1.02600506216e-11, 4.21160085973e-11, 3.05329416264e-12, 8.67623473066e-11, 5.40505452895e-11, 1.52524503444e-11, 1.46550396818e-10, 1.25677602006e-11, 2.34923001191e-11, 3.3748958489e-11, 2.62510898436e-11, 5.82232387303e-11, 2.25454008761e-12, 2.23052097625e-11, 4.78176786362e-12, 5.0610050005e-12, 3.89047214583e-12, 1.73167936154e-12, 1.06800256573e-12, 6.93416895084e-13, 7.18955331467e-13, 7.9975490206e-13, 6.0347934332e-13, 5.62216505989e-13, 6.44558083122e-13, 6.72913114119e-13, 5.15728356288e-13, 7.22870764983e-13, 7.13324256434e-13, 5.79900006053e-13, 6.5242695144e-13, 7.41673378529e-13, 6.46980570247e-13, 6.04544084064e-13],
        "stdev": [1.07935629785e-05, 1.77944239113e-05, 7.73830906837e-05, 0.000316294754157, 0.000383175240131, 0.000276455277344, 0.000384593644412, 0.00103676004801, 0.000948959786911, 0.000580049818382, 0.000680436322, 0.000314982724376, 8.79304207047e-05, 0.000223278751946, 0.000611663155723, 0.000823715468869, 0.000598556653131, 0.000805893796496, 0.00106712582055, 0.000492390128784, 0.00021092958923, 0.000142125558341, 0.00014408682182, 7.22522599972e-05, 0.000206881682971, 0.000554782222025, 0.000457776186522, 0.000122572775581, 0.000387352891266, 0.000226497169933, 0.000505324685946, 0.000595805759076, 0.000430391752161, 0.000201851915335, 0.000216383123188, 0.000140060044941, 7.50327162677e-05, 7.92229548097e-05, 3.99716045649e-05, 8.71546872077e-05, 0.000185367665836, 0.000199729838641, 0.000120711985801, 4.31763655797e-05, 0.000178316331585, 0.000159110844834, 0.00012585989316, 0.000242262263782, 0.000188899313798, 0.000158900031238, 9.70797991613e-05, 0.00010585077689, 0.000194165419089, 0.000104057158751, 0.000243245493039, 0.00012079392036, 0.000140520496643, 5.27290030732e-05, 6.34506213828e-05, 0.000104928272776, 0.000112664820335, 7.59343674872e-05, 2.39427463384e-05, 2.19002213271e-05, 2.73094083241e-05, 1.97405915969e-05, 2.3216527552e-05, 2.72318393399e-05, 3.15347970172e-05, 5.69806798012e-05, 2.33158662013e-05, 2.96439702652e-05, 3.21568550135e-05, 4.15949689341e-05, 2.5846022254e-05, 1.57691756613e-05, 9.57178508543e-06, 1.07892437882e-05, 4.5153060455e-06, 3.04530908579e-06, 5.36358948011e-06, 5.40780683878e-06, 4.55019562651e-06, 2.24507220992e-06, 1.97106805899e-06, 3.00572128253e-06, 4.85840155307e-06, 2.21298409997e-06, 2.08814503821e-06, 9.76277078735e-07, 2.56331304627e-06, 1.65293226928e-06, 1.5771084918e-06, 9.81715515991e-07, 1.83475958693e-06, 1.09611926291e-06, 1.60912122737e-06, 9.33845058171e-07, 1.29202999233e-06, 6.27405825071e-07, 8.91875913567e-07, 7.37472248602e-07, 5.36676395768e-07, 3.98357826725e-07, 4.25965197337e-07, 1.64504839972e-07, 1.40060166132e-07, 1.19705177326e-07, 4.23784172199e-08, 4.78233275203e-08, 3.0168408216e-08, 4.49005588266e-09, 1.22962595661e-09, 6.24259088866e-10, 6.12904005326e-10, 2.42991848864e-10, 1.37261799149e-10, 1.33344085773e-10, 1.28285909673e-10, 1.26837054748e-10, 1.2430431684e-10, 1.2221486323e-10, 1.19138907073e-10, 1.16342740997e-10, 1.13898106224e-10, 1.13713670424e-10, 1.13352736919e-10, 1.12102452321e-10]
    },
    "mfcc": {
        "mean": [-645.898620605, 101.372299194, -26.5942573547, 22.3892364502, -5.83733129501, -0.408766567707, -3.82947230339, 1.30461359024, -0.466214418411, -5.21817874908, -11.9375267029, -5.59069252014, -3.42153477669],
        "cov": [[3704.31689453, -635.939880371, 152.77331543, -81.0642929077, 72.4964752197, -194.779449463, -52.7217407227, -194.337661743, -34.2010650635, 17.8778152466, 18.1759586334, 61.7162322998, -59.9475517273], [-635.939880371, 521.245422363, -27.6665878296, 76.282913208, -11.0262231827, 22.4327526093, -37.64087677, -8.08760070801, 32.9067764282, 35.1346359253, -7.02923250198, -25.4710102081, -61.870059967], [152.77331543, -27.6665878296, 372.96270752, 29.0778121948, 55.029296875, 37.4974784851, 16.6558303833, 36.6023139954, 2.02543830872, -43.1612663269, -15.9406261444, -74.3905258179, -30.4904880524], [-81.0642929077, 76.282913208, 29.0778121948, 172.926864624, 43.5256576538, 1.37962424755, 1.69971144199, 18.0396060944, 18.3636455536, -16.8727493286, -22.4856796265, -16.1743736267, -25.705034256], [72.4964752197, -11.0262231827, 55.029296875, 43.5256576538, 97.5306396484, 8.97832489014, -4.98277425766, 12.2939567566, 5.60680484772, -13.3725013733, -3.37230110168, -18.1884479523, -6.78500509262], [-194.779449463, 22.4327526093, 37.4974784851, 1.37962424755, 8.97832489014, 111.066741943, 53.0178756714, 24.9387054443, 4.54796981812, -8.55017471313, -4.1470913887, -29.6260890961, -12.0508871078], [-52.7217407227, -37.64087677, 16.6558303833, 1.69971144199, -4.98277425766, 53.0178756714, 109.724243164, 49.0110397339, 5.92798566818, -18.7229862213, -10.2752456665, -18.6601390839, -13.7986497879], [-194.337661743, -8.08760070801, 36.6023139954, 18.0396060944, 12.2939567566, 24.9387054443, 49.0110397339, 109.725212097, 25.144285202, -36.7291221619, -21.5748958588, -30.5691566467, -3.39768242836], [-34.2010650635, 32.9067764282, 2.02543830872, 18.3636455536, 5.60680484772, 4.54796981812, 5.92798566818, 25.144285202, 82.8679962158, 34.0123596191, -8.92985725403, -29.8611278534, -25.4031391144], [17.8778152466, 35.1346359253, -43.1612663269, -16.8727493286, -13.3725013733, -8.55017471313, -18.7229862213, -36.7291221619, 34.0123596191, 109.04851532, 38.6018257141, 1.97244715691, -13.7405319214], [18.1759586334, -7.02923250198, -15.9406261444, -22.4856796265, -3.37230110168, -4.1470913887, -10.2752456665, -21.5748958588, -8.92985725403, 38.6018257141, 73.9939956665, 38.037979126, 4.95562458038], [61.7162322998, -25.4710102081, -74.3905258179, -16.1743736267, -18.1884479523, -29.6260890961, -18.6601390839, -30.5691566467, -29.8611278534, 1.97244715691, 38.037979126, 121.565856934, 52.7285614014], [-59.9475517273, -61.870059967, -30.4904880524, -25.705034256, -6.78500509262, -12.0508871078, -13.7986497879, -3.39768242836, -25.4031391144, -13.7405319214, 4.95562458038, 52.7285614014, 109.084762573]],
        "icov": [[0.000511143705808, 0.000629343616311, -0.00029031682061, 0.000157809190569, -0.000440702831838, 0.000796627311502, -0.00030285466346, 0.00105137226637, -0.000258615444181, -6.40811231278e-06, 0.00036401647958, -0.000459723436506, 0.000793566403445], [0.000629343616311, 0.00327779282816, -0.000110327076982, -0.000973720685579, 0.000373516202671, -0.000366875698091, 0.00141566328239, 0.000845733040478, -0.000396790623199, -0.000673725095112, 0.000823354290333, -0.000771153194364, 0.00229084980674], [-0.00029031682061, -0.000110327076982, 0.00368817313574, -0.000260373490164, -0.000953829614446, -0.00108189927414, 0.000587974151131, -0.000788301113062, 0.000237032363657, 0.00150675303303, -0.00146696367301, 0.00243136286736, -0.000245229108259], [0.000157809190569, -0.000973720685579, -0.000260373490164, 0.00779196899384, -0.00360446446575, 0.0010572160827, -0.000713994028047, 0.000115677627036, -0.00121830077842, 0.000818714965135, 0.00203817919828, -0.00136575975921, 0.00149067572784], [-0.000440702831838, 0.000373516202671, -0.000953829614446, -0.00360446446575, 0.0136827919632, -0.00210171099752, 0.00265060923994, -0.00153078627773, -0.000461919145891, 0.00128009950276, -0.00231341575272, 0.00179727119394, -0.000949804671109], [0.000796627311502, -0.000366875698091, -0.00108189927414, 0.0010572160827, -0.00210171099752, 0.0145587073639, -0.00747465901077, 0.00242140353657, -0.000247411895543, 0.000554157712031, -0.00110587768722, 0.00202642870136, -0.000133138804813], [-0.00030285466346, 0.00141566328239, 0.000587974151131, -0.000713994028047, 0.00265060923994, -0.00747465901077, 0.0162414703518, -0.00681005744264, 0.00125280069187, -0.000377379532438, 0.000745646480937, -0.000919617537875, 0.00246891379356], [0.00105137226637, 0.000845733040478, -0.000788301113062, 0.000115677627036, -0.00153078627773, 0.00242140353657, -0.00681005744264, 0.0182503964752, -0.00757524603978, 0.00690963026136, -0.00133833801374, 0.00198151404038, -0.0010470704874], [-0.000258615444181, -0.000396790623199, 0.000237032363657, -0.00121830077842, -0.000461919145891, -0.000247411895543, 0.00125280069187, -0.00757524603978, 0.020256459713, -0.010080428794, 0.00470495922491, 0.000969950691797, 0.00204334734008], [-6.40811231278e-06, -0.000673725095112, 0.00150675303303, 0.000818714965135, 0.00128009950276, 0.000554157712031, -0.000377379532438, 0.00690963026136, -0.010080428794, 0.019315559417, -0.0106012849137, 0.00373005634174, -0.000699097116012], [0.00036401647958, 0.000823354290333, -0.00146696367301, 0.00203817919828, -0.00231341575272, -0.00110587768722, 0.000745646480937, -0.00133833801374, 0.00470495922491, -0.0106012849137, 0.0239505637437, -0.00922925490886, 0.00365727534518], [-0.000459723436506, -0.000771153194364, 0.00243136286736, -0.00136575975921, 0.00179727119394, 0.00202642870136, -0.000919617537875, 0.00198151404038, 0.000969950691797, 0.00373005634174, -0.00922925490886, 0.0168635826558, -0.00708759995177], [0.000793566403445, 0.00229084980674, -0.000245229108259, 0.00149067572784, -0.000949804671109, -0.000133138804813, 0.00246891379356, -0.0010470704874, 0.00204334734008, -0.000699097116012, 0.00365727534518, -0.00708759995177, 0.015038815327]]
    },
    "spectral_contrast_coeffs": {
        "max": [-0.48062813282, -0.484231054783, -0.51023042202, -0.547564089298, -0.503697395325, -0.519751787186],
        "mean": [-0.702117562294, -0.758937418461, -0.712299644947, -0.755356967449, -0.735729157925, -0.679884433746],
        "min": [-0.925743281841, -0.938064694405, -0.893717169762, -0.904001951218, -0.865650773048, -0.855438292027],
        "stdev": [0.0662518888712, 0.0701752454042, 0.0649083480239, 0.0558523610234, 0.0566869899631, 0.0563535839319]
    },
    "spectral_contrast_valleys": {
        "max": [-5.81084918976, -5.43861341476, -6.00846910477, -6.14326906204, -5.96760654449, -8.72892856598],
        "mean": [-7.40906667709, -6.9988360405, -7.54069709778, -7.6734495163, -7.65176153183, -11.2635097504],
        "min": [-9.56154251099, -8.93192100525, -9.59463405609, -9.61602878571, -10.1569032669, -14.374958992],
        "stdev": [0.655512392521, 0.669787943363, 0.608657717705, 0.623791694641, 0.727921426296, 1.1777433157]
    }
},
"rhythm": {
    "beats_count": 70,
    "beats_loudness": {
        "max": 0.0574929453433,
        "mean": 0.0229290686548,
        "min": 0.00260486430489,
        "stdev": 0.0124390963465
    },
    "bpm": 130.408782959,
    "bpm_histogram_first_peak_bpm": 129,
    "bpm_histogram_first_peak_weight": 0.424242436886,
    "bpm_histogram_second_peak_bpm": 136,
    "bpm_histogram_second_peak_spread": 0,
    "bpm_histogram_second_peak_weight": 0.0289855077863,
    "danceability": 1.23298215866,
    "onset_rate": 3.22998023033,
    "beats_loudness_band_ratio": {
        "max": [0.668644011021, 0.649154782295, 0.662196934223, 0.624594092369, 0.480216741562, 0.269857257605],
        "mean": [0.211740747094, 0.23132969439, 0.172375038266, 0.18205024302, 0.172066941857, 0.0852615237236],
        "min": [0.00637996476144, 0.0331883877516, 0.0218760371208, 0.0298599377275, 0.04731682688, 0.0068879169412],
        "stdev": [0.154039695859, 0.141507029533, 0.135967984796, 0.124149680138, 0.102730162442, 0.0474297404289]
    },
    "beats_position": [0.452789098024, 0.905578196049, 1.369977355, 1.83437633514, 2.29877543449, 2.76317453384, 3.22757363319, 3.69197273254, 4.15637159348, 4.62077093124, 5.08516979218, 5.54956912994, 5.99074840546, 6.44353723526, 6.8963265419, 7.3491153717, 7.80190467834, 8.25469398499, 8.73070240021, 9.19510173798, 9.65950107574, 10.1122903824, 10.5766887665, 11.0294780731, 11.4938774109, 11.9582767487, 12.4226751328, 12.8870744705, 13.3514738083, 13.8158731461, 14.2802715302, 14.7330608368, 15.1858501434, 15.6386394501, 16.0914287567, 16.5558280945, 17.0202255249, 17.4846248627, 17.9374141693, 18.4018135071, 18.8662128448, 19.3190021515, 19.7717914581, 20.2245807648, 20.6889801025, 21.153377533, 21.6061668396, 22.0589561462, 22.523355484, 22.9761447906, 23.4405441284, 23.9049434662, 24.3809528351, 24.8453502655, 25.3097496033, 25.774148941, 26.2385482788, 26.6565074921, 27.0976867676, 27.5504760742, 28.014875412, 28.4676647186, 28.9204521179, 29.3732414246, 29.8376407623, 30.3020401001, 30.7664394379, 31.2192287445, 31.6720180511, 32.1248054504],
