{
"metadata": {
    "version": {
        "essentia": "2.1-beta5",
        "essentia_git_sha": "Undefined",
        "extractor": "music 2.0"
    },
    "audio_properties": {
        "analysis": {
            "equal_loudness": 0,
            "length": 45.2556915283,
            "sample_rate": 44100,
            "start_time": 16.2423591614,
            "downmix": "mix"
        },
        "bit_rate": 192000,
        "length": 183.298324585,
        "lossless": 0,
        "number_channels": 2,
        "replay_gain": -10.442325592,
        "sample_rate": 44100,
        "codec": "mp3",
        "md5_encoded": "1fbc17b023981245090eb2e5fd58f4a6"
    },
    "tags": {
        "file_name": "Finland_Nuku Pommiin_Kojo.mp3",
        "encoding": ["Lavf58.29.100"]
    }
},
"lowlevel": {
    "average_loudness": 0.961220860481,
    "barkbands_crest": {
        "max": 22.9276065826,
        "mean": 8.67808532715,
        "min": 2.12641954422,
        "stdev": 3.62736177444
    },
    "barkbands_flatness_db": {
        "max": 0.263447672129,
        "mean": 0.153492242098,
        "min": 0.0723746940494,
        "stdev": 0.0311462040991
    },
    "barkbands_kurtosis": {
        "max": 30.0377006531,
        "mean": 1.77662825584,
        "min": -1.85847473145,
        "stdev": 3.85832619667
    },
    "barkbands_skewness": {
        "max": 4.939909935,
        "mean": 1.12372839451,
        "min": -2.65952205658,
        "stdev": 0.946037054062
    },
    "barkbands_spread": {
        "max": 87.379737854,
        "mean": 28.0081100464,
        "min": 3.34187245369,
        "stdev": 13.8940134048
    },
    "dissonance": {
        "max": 0.499999940395,
        "mean": 0.465068846941,
        "min": 0.304043471813,
        "stdev": 0.025910589844
    },
    "dynamic_complexity": 1.97581470013,
    "erbbands_crest": {
        "max": 28.0497894287,
        "mean": 9.49590301514,
        "min": 2.39644837379,
        "stdev": 4.96775531769
    },
    "erbbands_flatness_db": {
        "max": 0.315897732973,
        "mean": 0.186064079404,
        "min": 0.0915110036731,
        "stdev": 0.034023527056
    },
    "erbbands_kurtosis": {
        "max": 19.0396366119,
        "mean": 0.236460208893,
        "min": -1.79822957516,
        "stdev": 1.91524088383
    },
    "erbbands_skewness": {
        "max": 3.2088136673,
        "mean": 0.449554771185,
        "min": -3.15212440491,
        "stdev": 0.839954376221
    },
    "erbbands_spread": {
        "max": 109.503417969,
        "mean": 44.4658203125,
        "min": 5.02329778671,
        "stdev": 17.8655738831
    },
    "hfc": {
        "max": 274.74017334,
        "mean": 33.5708084106,
        "min": 1.00645446777,
        "stdev": 25.8307094574
    },
    "loudness_ebu128": {
        "integrated": -13.275642395,
        "loudness_range": 2.16950702667,
        "momentary": {
            "max": -10.693397522,
            "mean": -13.5614471436,
            "min": -22.0350112915,
            "stdev": 1.69003653526
        },
        "short_term": {
            "max": -11.7300109863,
            "mean": -13.3538188934,
            "min": -14.8805656433,
            "stdev": 0.726990580559
        }
    },
    "melbands_crest": {
        "max": 27.1285495758,
        "mean": 11.6395816803,
        "min": 3.41210031509,
        "stdev": 4.46220111847
    },
    "melbands_flatness_db": {
        "max": 0.302730679512,
        "mean": 0.138613536954,
        "min": 0.0222461428493,
        "stdev": 0.0475220121443
    },
    "melbands_kurtosis": {
        "max": 95.1643981934,
        "mean": 8.84487438202,
        "min": -1.73385596275,
        "stdev": 10.615691185
    },
    "melbands_skewness": {
        "max": 8.28735733032,
        "mean": 2.18499779701,
        "min": -0.353303015232,
        "stdev": 1.2895834446
    },
    "melbands_spread": {
        "max": 202.68939209,
        "mean": 35.4283409119,
        "min": 3.67212510109,
        "stdev": 23.8793392181
    },
    "pitch_salience": {
        "max": 0.837006807327,
        "mean": 0.624022185802,
        "min": 0.210806652904,
        "stdev": 0.0877523869276
    },
    "silence_rate_20dB": {
        "max": 1,
        "mean": 1,
        "min": 1,
        "stdev": 0
    },
    "silence_rate_30dB": {
        "max": 1,
        "mean": 1,
        "min": 1,
        "stdev": 0
    },
    "silence_rate_60dB": {
        "max": 1,
        "mean": 0.0158974360675,
        "min": 0,
        "stdev": 0.125080987811
    },
    "spectral_centroid": {
        "max": 4868.18066406,
        "mean": 1770.4675293,
        "min": 389.230316162,
        "stdev": 682.112121582
    },
    "spectral_complexity": {
        "max": 57,
        "mean": 23.9897441864,
        "min": 3,
        "stdev": 11.1243915558
    },
    "spectral_decrease": {
        "max": -2.8208319014e-10,
        "mean": -5.58059776168e-09,
        "min": -1.9942556051e-08,
        "stdev": 3.13889803039e-09
    },
    "spectral_energy": {
        "max": 0.0836294963956,
        "mean": 0.0241074729711,
        "min": 0.00120468263049,
        "stdev": 0.0133240688592
    },
    "spectral_energyband_high": {
        "max": 0.0350134186447,
        "mean": 0.00244963751175,
        "min": 2.74860049103e-05,
        "stdev": 0.00282327295281
    },
    "spectral_energyband_low": {
        "max": 0.0306008271873,
        "mean": 0.00178554770537,
        "min": 1.27247631099e-05,
        "stdev": 0.00249713589437
    },
    "spectral_energyband_middle_high": {
        "max": 0.0562708191574,
        "mean": 0.00828253850341,
        "min": 0.000218622910324,
        "stdev": 0.00786659121513
    },
    "spectral_energyband_middle_low": {
        "max": 0.0673926770687,
        "mean": 0.0121028590947,
        "min": 0.000298211467452,
        "stdev": 0.00998364109546
    },
    "spectral_entropy": {
        "max": 8.65430831909,
        "mean": 7.80818605423,
        "min": 6.77651929855,
        "stdev": 0.287873715162
    },
    "spectral_flux": {
        "max": 0.224975436926,
        "mean": 0.084655188024,
        "min": 0.0191518757492,
        "stdev": 0.0315638594329
    },
    "spectral_kurtosis": {
        "max": 9.72003555298,
        "mean": 1.18029630184,
        "min": -1.11267459393,
        "stdev": 1.17842233181
    },
    "spectral_rms": {
        "max": 0.00903270486742,
        "mean": 0.00464900908992,
        "min": 0.00108411256224,
        "stdev": 0.00138063193299
    },
    "spectral_rolloff": {
        "max": 9388.4765625,
        "mean": 2558.36083984,
        "min": 150.732421875,
        "stdev": 1853.43579102
    },
    "spectral_skewness": {
        "max": 2.5042154789,
        "mean": 0.864591240883,
        "min": -0.167271018028,
        "stdev": 0.316575318575
    },
    "spectral_spread": {
        "max": 10151625,
        "mean": 4814235.5,
        "min": 2477393.5,
        "stdev": 1224004.375
    },
    "spectral_strongpeak": {
        "max": 13.0377588272,
        "mean": 1.72916519642,
        "min": 0.0435228645802,
        "stdev": 1.68091368675
    },
    "zerocrossingrate": {
        "max": 0.32666015625,
        "mean": 0.0907789990306,
        "min": 0.01318359375,
        "stdev": 0.037680990994
    },
    "barkbands": {
        "max": [0.000302544038277, 0.0265220087022, 0.0130988676101, 0.0188663601875, 0.0251882039011, 0.0510543100536, 0.0260102190077, 0.0317096412182, 0.0638560801744, 0.043183170259, 0.0463434420526, 0.0307994987816, 0.0232387725264, 0.017533313483, 0.00672448193654, 0.00386746646836, 0.00528874760494, 0.0147696388885, 0.00476744398475, 0.00601797364652, 0.00473095988855, 0.00908551178873, 0.0153975319117, 0.0150961577892, 0.00327503494918, 3.90228706237e-05, 1.46691846226e-07],
        "mean": [7.47716330807e-06, 0.000550388125703, 0.000882843509316, 0.000804080395028, 0.00263880076818, 0.00387608865276, 0.00142735254485, 0.00129992025904, 0.00165036285762, 0.00183751713485, 0.00140016921796, 0.000849321484566, 0.00168569548987, 0.00042909491458, 0.000338537531206, 0.000288468232611, 0.000402844831115, 0.000501138041727, 0.000514615909196, 0.000518016400747, 0.000513251521625, 0.000720687909052, 0.000457828020444, 0.000389294320485, 0.000123527017422, 1.31337003495e-07, 8.63916327365e-10],
        "min": [4.53757920127e-09, 1.14779095384e-06, 1.0818030205e-06, 1.8932275907e-06, 1.8216931494e-05, 1.19964151963e-05, 6.76052241033e-06, 5.63145977139e-06, 1.53705641424e-05, 4.46535068477e-06, 1.72187901626e-06, 5.12290444021e-06, 4.02985824621e-06, 3.73124680664e-06, 6.38714197976e-07, 3.47266023937e-07, 2.99061957776e-06, 1.71835296214e-07, 6.44245619696e-06, 5.21571837453e-06, 2.29940681606e-07, 2.60571437138e-06, 2.28036310546e-06, 4.42017933366e-09, 8.17226755018e-12, 9.89117902167e-12, 1.09876205356e-11],
        "stdev": [1.34904403239e-05, 0.00125451944768, 0.0012698242208, 0.00153309945017, 0.00300325965509, 0.00567466486245, 0.00195983820595, 0.00249876780435, 0.00394209614024, 0.00351528218016, 0.00348276575096, 0.00186787592247, 0.0034187445417, 0.000990044791251, 0.000561459513847, 0.000372003996745, 0.000554018653929, 0.000705128361005, 0.000562197703402, 0.000638923316728, 0.000564499699976, 0.000821642810479, 0.000945083796978, 0.00084242556477, 0.000298573402688, 1.38574944231e-06, 3.51286888467e-09]
    },
    "erbbands": {
        "max": [0.391218096018, 7.00962972641, 14.204703331, 48.1522064209, 112.492401123, 83.2751846313, 434.379455566, 600.689086914, 442.863433838, 444.224884033, 688.755249023, 1500.78393555, 2126.60449219, 1524.89880371, 1807.75073242, 796.752685547, 1257.19628906, 1023.57818604, 436.923339844, 292.944946289, 215.363891602, 294.580352783, 642.307250977, 310.328826904, 243.318283081, 310.195343018, 171.194335938, 276.734985352, 486.457519531, 368.017822266, 513.323425293, 476.863250732, 180.166000366, 52.8333473206, 16.0934181213, 0.607354342937, 0.106008306146, 0.00503389071673, 0.00043307634769, 0.000210371741559],
        "mean": [0.00585560221225, 0.167924314737, 0.954525470734, 1.89610052109, 5.17849397659, 8.32763957977, 25.5241584778, 29.1245307922, 23.5925521851, 19.3028507233, 32.2407302856, 38.7266349792, 39.2217788696, 71.0631561279, 60.4705314636, 37.7514648438, 87.7462081909, 27.6463088989, 20.6428146362, 14.5710229874, 18.219707489, 22.4385948181, 26.7352657318, 27.2574977875, 25.1240997314, 25.1223239899, 19.8723316193, 23.3805274963, 27.0430774689, 17.3873233795, 12.8141317368, 9.63798522949, 5.40039730072, 2.07401847839, 0.547946214676, 0.0204757098109, 0.000909861410037, 9.49766981648e-05, 3.17070735036e-05, 3.57883000106e-05],
        "min": [1.25525102703e-05, 0.000305280962493, 0.00405122013763, 0.0116328848526, 0.0266406740993, 0.06315010041, 0.119069203734, 0.281159818172, 0.347057342529, 0.142550706863, 0.207748815417, 0.349777460098, 0.251964896917, 0.307297766209, 0.221378326416, 0.431466728449, 0.239512965083, 0.341155558825, 0.255703806877, 0.0674289762974, 0.0597767941654, 0.179463729262, 0.0366077795625, 0.0894027799368, 0.345513850451, 0.204253777862, 0.108010366559, 0.0168172698468, 0.104157604277, 0.0893256664276, 0.0664109736681, 0.00383291160688, 0.000344899162883, 6.3690909883e-05, 1.61873358593e-05, 6.7512928581e-06, 2.28621001952e-06, 6.61520004996e-07, 8.07561548299e-07, 1.49207141931e-06],
        "stdev": [0.016710774973, 0.351113080978, 1.33741378784, 3.13980507851, 7.64632368088, 9.50736236572, 46.5667114258, 44.66147995, 35.1296882629, 27.5870990753, 55.3862113953, 88.6940917969, 114.176467896, 128.634552002, 140.145004272, 63.6240577698, 183.393386841, 53.7999687195, 33.2061920166, 20.737783432, 22.2447967529, 29.9264087677, 34.5767440796, 30.5769195557, 27.0480308533, 31.043012619, 23.223772049, 25.7449626923, 32.7636299133, 24.5807189941, 28.6583251953, 22.8943862915, 11.2529592514, 4.72498464584, 1.41004598141, 0.0562203526497, 0.00342900841497, 0.000235435218201, 3.72314170818e-05, 2.25020485232e-05]
    },
    "gfcc": {
        "mean": [7.98928642273, 94.1980514526, -159.96144104, 53.4686393738, -100.153236389, 13.6874914169, -39.3878669739, -10.0719232559, -16.9683017731, -19.2026729584, -0.0637552365661, -14.0058870316, -1.12873923779],
        "cov": [[1906.76525879, -846.9609375, 38.7035217285, -82.7660903931, -181.558898926, 295.240142822, -191.830566406, 188.702987671, -222.289855957, 97.8571777344, -90.5457687378, -17.8033428192, -15.9898481369], [-846.9609375, 968.080749512, -133.343093872, 90.2026824951, 194.257873535, -276.325683594, 283.132080078, -182.566146851, 234.564193726, -96.5045928955, 114.378852844, -11.1300029755, 21.0513381958], [38.7035217285, -133.343093872, 788.913085938, 66.6016235352, -53.2243003845, 104.65978241, -284.536773682, 252.435470581, -129.115829468, 137.714904785, -79.3016586304, 24.1769428253, 64.2841949463], [-82.7660903931, 90.2026824951, 66.6016235352, 286.377044678, 122.657951355, -168.56690979, -36.1630401611, 3.47047281265, 67.0511779785, 7.78473806381, 11.5431728363, -15.2230033875, 15.7716693878], [-181.558898926, 194.257873535, -53.2243003845, 122.657951355, 200.92918396, -31.341085434, 65.7187194824, -26.2960472107, 41.2533569336, -3.88393259048, 20.9029598236, -11.4179334641, -15.3543615341], [295.240142822, -276.325683594, 104.65978241, -168.56690979, -31.341085434, 386.724182129, 14.5289239883, 80.5092010498, -121.242462158, 18.3981113434, -37.6249008179, 2.24140167236, -30.8140964508], [-191.830566406, 283.132080078, -284.536773682, -36.1630401611, 65.7187194824, 14.5289239883, 324.080566406, -101.06665802, 78.3787002563, -92.1055221558, 39.7847366333, 13.9926776886, -39.8841094971], [188.702987671, -182.566146851, 252.435470581, 3.47047281265, -26.2960472107, 80.5092010498, -101.06665802, 235.385818481, -67.8842010498, 75.7626953125, -39.8364257812, -6.80757331848, 21.6405944824], [-222.289855957, 234.564193726, -129.115829468, 67.0511779785, 41.2533569336, -121.242462158, 78.3787002563, -67.8842010498, 173.359924316, -28.5834407806, 50.8821525574, -11.2801895142, 4.83189344406], [97.8571777344, -96.5045928955, 137.714904785, 7.78473806381, -3.88393259048, 18.3981113434, -92.1055221558, 75.7626953125, -28.5834407806, 103.03288269, -6.85099744797, 4.53883171082, 10.8603467941], [-90.5457687378, 114.378852844, -79.3016586304, 11.5431728363, 20.9029598236, -37.6249008179, 39.7847366333, -39.8364257812, 50.8821525574, -6.85099744797, 84.1802825928, 2.50021409988, -1.03674185276], [-17.8033428192, -11.1300029755, 24.1769428253, -15.2230033875, -11.4179334641, 2.24140167236, 13.9926776886, -6.80757331848, -11.2801895142, 4.53883171082, 2.50021409988, 72.1386413574, 21.0167369843], [-15.9898481369, 21.0513381958, 64.2841949463, 15.7716693878, -15.3543615341, -30.8140964508, -39.8841094971, 21.6405944824, 4.83189344406, 10.8603467941, -1.03674185276, 21.0167369843, 70.5436782837]],
        "icov": [[0.000963282189332, 0.000291406584438, 0.000636650132947, -0.000866982503794, 0.000936942233238, -0.000708075705916, 0.000112376306788, -0.000378279219149, 0.000586747657508, -0.000704354024492, 0.00015831120254, 0.000177220877958, -0.000162947821082], [0.000291406584438, 0.00885357428342, -0.00648821191862, 0.00779547123238, -0.00899976026267, 0.00758893275633, -0.00802765134722, 0.00401739915833, -0.00429986137897, 0.00299347215332, -0.00498028472066, 0.00628236681223, -0.00493260426447], [0.000636650132947, -0.00648821191862, 0.00846765562892, -0.00802775565535, 0.00817494280636, -0.00732922554016, 0.00762323383242, -0.00502463430166, 0.00403098994866, -0.00386105850339, 0.00474985782057, -0.00589453615248, 0.00273253559135], [-0.000866982503794, 0.00779547123238, -0.00802775565535, 0.0164755079895, -0.0144286481664, 0.0110253514722, -0.00637706927955, 0.00344365742058, -0.00598842138425, 0.00507641769946, -0.00439465325326, 0.00620019063354, -0.00416039535776], [0.000936942233238, -0.00899976026267, 0.00817494280636, -0.0144286481664, 0.0195724647492, -0.0104670701548, 0.0064188009128, -0.00395233277231, 0.00564876757562, -0.00635624909773, 0.0047773970291, -0.00563446618617, 0.00554435281083], [-0.000708075705916, 0.00758893275633, -0.00732922554016, 0.0110253514722, -0.0104670701548, 0.0125748133287, -0.00821279548109, 0.00297138863243, -0.00235401117243, 0.00365850329399, -0.00447359820828, 0.0059776972048, -0.00280022714287], [0.000112376306788, -0.00802765134722, 0.00762323383242, -0.00637706927955, 0.0064188009128, -0.00821279548109, 0.0143346898258, -0.00474934792146, 0.00172064173967, 0.00112594163511, 0.00419810507447, -0.00897255167365, 0.00671483343467], [-0.000378279219149, 0.00401739915833, -0.00502463430166, 0.00344365742058, -0.00395233277231, 0.00297138863243, -0.00474934792146, 0.0100543880835, -0.00140148645733, -0.00202525989152, -0.00127994734794, 0.00519772758707, -0.00396716780961], [0.000586747657508, -0.00429986137897, 0.00403098994866, -0.00598842138425, 0.00564876757562, -0.00235401117243, 0.00172064173967, -0.00140148645733, 0.0131347551942, -0.00275441468693, -0.00098451890517, -0.000468424521387, 0.000335143791744], [-0.000704354024492, 0.00299347215332, -0.00386105850339, 0.00507641769946, -0.00635624909773, 0.00365850329399, 0.00112594163511, -0.00202525989152, -0.00275441468693, 0.018508085981, -0.00425054132938, -0.00038009067066, 0.000193086409126], [0.00015831120254, -0.00498028472066, 0.00474985782057, -0.00439465325326, 0.0047773970291, -0.00447359820828, 0.00419810507447, -0.00127994734794, -0.00098451890517, -0.00425054132938, 0.0185301844031, -0.00450621685013, 0.00236477865838], [0.000177220877958, 0.00628236681223, -0.00589453615248, 0.00620019063354, -0.00563446618617, 0.0059776972048, -0.00897255167365, 0.00519772758707, -0.000468424521387, -0.00038009067066, -0.00450621685013, 0.0222564935684, -0.00973836611956], [-0.000162947821082, -0.00493260426447, 0.00273253559135, -0.00416039535776, 0.00554435281083, -0.00280022714287, 0.00671483343467, -0.00396716780961, 0.000335143791744, 0.000193086409126, 0.00236477865838, -0.00973836611956, 0.0219311565161]]
    },
    "melbands": {
        "max": [0.0058280499652, 0.0069625931792, 0.00776541419327, 0.00553563423455, 0.0116619821638, 0.011788604781, 0.00612362008542, 0.00587923126295, 0.00466149253771, 0.0109294550493, 0.0102649927139, 0.00628383178264, 0.00755209149793, 0.00452123954892, 0.00195739208721, 0.00225986517034, 0.00226293317974, 0.000942606129684, 0.000720193784218, 0.000367296277545, 0.000294796394883, 0.000369032728486, 0.000259455322521, 0.00114613072947, 0.000183849784662, 0.000191665982129, 0.000172054424183, 0.000230868259678, 0.00014378601918, 9.29141824599e-05, 0.000196594861336, 0.000308630696964, 0.000223718074267, 0.000291957054287, 0.000266682036454, 0.000342639745213, 0.000276582926745, 0.000159273200552, 6.17237164988e-05, 4.28769271821e-05],
        "mean": [0.000101662008092, 0.000404389516916, 0.000426454149419, 0.000478964764625, 0.000781653216109, 0.000669483852107, 0.00034980737837, 0.000224348434131, 0.000266238726908, 0.00024114245025, 0.000187599114724, 0.000283007044345, 0.000214413899812, 0.000113970127131, 0.000141165059176, 0.000146938458784, 4.229741171e-05, 3.24478642142e-05, 2.16120406549e-05, 1.83278261829e-05, 2.16699645534e-05, 2.26643260248e-05, 2.25458952627e-05, 2.70376913249e-05, 2.12189079321e-05, 1.93843352463e-05, 1.76976845978e-05, 1.58780749189e-05, 1.30510998133e-05, 1.02742533272e-05, 1.49485476868e-05, 1.58017410286e-05, 1.27222492665e-05, 8.57250597619e-06, 7.40983114156e-06, 6.59743091092e-06, 5.65339860259e-06, 4.02995920012e-06, 2.68965436589e-06, 1.47014964114e-06],
        "min": [2.22484146661e-07, 2.17664000957e-06, 2.49357822213e-06, 3.94749940824e-06, 3.56352825293e-06, 5.80891355639e-06, 5.05640537085e-06, 1.21538221265e-06, 1.05869912659e-06, 1.79069559181e-06, 5.30459203674e-07, 1.05338460799e-06, 6.36760205452e-07, 6.37967616512e-07, 4.52841817378e-07, 4.50551283393e-07, 3.18754246109e-07, 1.98313770738e-07, 5.00781034418e-08, 1.48312562231e-08, 2.34034835955e-08, 1.04194946005e-07, 9.53643066737e-08, 6.88656243142e-09, 1.60725086573e-08, 1.9380604499e-07, 1.80246573223e-07, 7.71968302615e-08, 1.7538143382e-08, 3.70485575552e-09, 3.82115405984e-09, 2.76447575942e-08, 2.91000947783e-08, 3.17331263489e-08, 3.85769176603e-08, 2.87262241772e-10, 5.3021743246e-11, 1.39576475378e-11, 8.1128659834e-14, 6.01424902176e-14],
        "stdev": [0.000255866616499, 0.000581067812163, 0.00064697075868, 0.000522341171745, 0.00132206664421, 0.000986402272247, 0.000504554132931, 0.000363071332686, 0.000434196612332, 0.000607027730439, 0.000560917542316, 0.000535532541107, 0.00052637810586, 0.000267259019893, 0.000255550839938, 0.000293301243801, 0.000107473410026, 5.64706133446e-05, 3.90672212234e-05, 2.6737614462e-05, 2.89847521344e-05, 3.33966454491e-05, 2.78152347164e-05, 4.73759610031e-05, 2.47193893301e-05, 2.16007902054e-05, 2.17128108488e-05, 2.07991961361e-05, 1.65085275512e-05, 1.21940784084e-05, 1.71238552866e-05, 2.01224993361e-05, 1.59379760589e-05, 1.47753999045e-05, 1.64111152117e-05, 1.6866988517e-05, 1.34806696224e-05, 8.53251458466e-06, 5.84387089475e-06, 3.6227900182e-06]
    },
    "melbands128": {
        "max": [0.000124055412016, 0.00114821549505, 0.0091701336205, 0.0131026189774, 0.00906646065414, 0.00760473217815, 0.0111851040274, 0.0117480959743, 0.0145755428821, 0.00576378684491, 0.00578350760043, 0.0108189303428, 0.0187908429652, 0.0185141619295, 0.0226879194379, 0.0156401935965, 0.0131658613682, 0.00966862216592, 0.00330223562196, 0.00649561779574, 0.0107861422002, 0.0131478933617, 0.00862651411444, 0.00694051757455, 0.0107528073713, 0.024111174047, 0.016175577417, 0.0161474272609, 0.00624863384292, 0.00654087495059, 0.0112428758293, 0.00579615589231, 0.0154215004295, 0.00829078350216, 0.00862468220294, 0.00494168233126, 0.00288464431651, 0.00232001487166, 0.00568427797407, 0.00645242398605, 0.00168897863477, 0.00167594570667, 0.00439313286915, 0.00276978942566, 0.00192332908046, 0.00117997638881, 0.00139328220394, 0.00107591343112, 0.000880907173268, 0.000757828296628, 0.000766242970712, 0.0005362877273, 0.000591055024415, 0.000641698366962, 0.000601279258262, 0.000572198012378, 0.000499009445775, 0.000406097038649, 0.000531101308297, 0.000498169567436, 0.00224240729585, 0.000908510235604, 0.00025365818874, 0.000295361038297, 0.000503045739606, 0.000276827719063, 0.000272443779977, 0.000419398478698, 0.000180816670763, 0.000315038079862, 0.000343527033692, 0.000210830432479, 0.000256297120359, 0.00026771920966, 0.000152601947775, 0.000184372402146, 0.000193584477529, 0.000164655531989, 0.000286371621769, 0.000188163030543, 0.000267434923444, 0.000604522821959, 0.000255012302659, 0.000367506785551, 0.000213872423046, 0.000246969342697, 0.000484218558995, 0.000551466189791, 0.000234484337852, 0.000391163601307, 0.000462349504232, 0.000325139379129, 0.000308481714455, 0.000411833287217, 0.000256518251263, 0.000194664971787, 0.000166741330759, 0.00011641823221, 8.12231592136e-05, 7.00115051586e-05, 3.21585757774e-05, 5.14480707352e-05, 5.0889688282e-05, 2.83588979073e-05, 2.70528380497e-05, 6.62007596475e-06, 2.19001844926e-06, 9.77755121312e-07, 4.95338383644e-07, 7.14479142516e-07, 3.76182271111e-07, 4.64769129849e-07, 3.22733058056e-07, 2.39083050246e-07, 8.50081676163e-08, 1.49805572391e-08, 1.66820846026e-09, 1.29984678576e-09, 1.014472506e-09, 7.77347408665e-10, 5.83971815349e-10, 4.27416102511e-10, 3.09940628718e-10, 2.12668313515e-10, 1.39374678465e-10, 8.09964387227e-11, 6.37371960766e-11, 6.41654576694e-11],
        "mean": [4.02486693929e-06, 1.78793543455e-05, 0.00010708480113, 0.00032380677294, 0.000496415712405, 0.000401353434427, 0.000347186374711, 0.000433111476013, 0.000552857236471, 0.000486172386445, 0.000398597010644, 0.000565488357097, 0.000959348573815, 0.000976831652224, 0.000675160787068, 0.000543474103324, 0.000370034802472, 0.000370351277525, 0.00024085190671, 0.000176236411789, 0.000226366930292, 0.000324830820318, 0.000245214789174, 0.000236409381614, 0.000288225157419, 0.000202917988645, 0.000240403256612, 0.000179518508958, 0.000112129207992, 0.000361352169421, 0.000322351726936, 0.000164292316185, 0.000293786171824, 0.000154580600793, 0.000140167569043, 0.000105812876427, 6.96277566021e-05, 5.01325957885e-05, 0.000250551674981, 0.000315228273394, 4.4990760216e-05, 5.58676583751e-05, 4.79075679323e-05, 3.18004967994e-05, 3.03079705191e-05, 2.93596185656e-05, 4.52363346994e-05, 1.36955468406e-05, 1.5575069483e-05, 2.42134483415e-05, 1.42298022183e-05, 1.68979531736e-05, 2.72033830697e-05, 1.93370469788e-05, 2.10220732697e-05, 2.402024802e-05, 2.12801533053e-05, 2.70379259746e-05, 2.15721138375e-05, 1.76231023943e-05, 3.5295401176e-05, 2.54490496445e-05, 1.82721614692e-05, 2.11655169551e-05, 2.49841850746e-05, 1.72518302861e-05, 1.85475273611e-05, 1.66216505022e-05, 1.54769950313e-05, 2.27872515097e-05, 1.63296608662e-05, 1.18872894745e-05, 1.4019149603e-05, 1.44508276207e-05, 1.05081653601e-05, 9.29638554226e-06, 9.9131711977e-06, 1.31968336063e-05, 1.55969464686e-05, 1.75818731805e-05, 1.42223070725e-05, 1.65644632943e-05, 1.58712027769e-05, 1.25770757222e-05, 9.96007202048e-06, 8.63661171024e-06, 8.55401049193e-06, 7.39479037293e-06, 7.27373662812e-06, 7.57997986511e-06, 6.70828831062e-06, 6.39594009044e-06, 6.22142124485e-06, 5.94209541305e-06, 4.98187182529e-06, 4.80513108414e-06, 3.56759619535e-06, 3.4272384255e-06, 3.10121185976e-06, 2.23694337365e-06, 1.24194116324e-06, 1.54002339059e-06, 1.40237057167e-06, 1.07470611965e-06, 5.97482141984e-07, 1.79014236323e-07, 2.64134882855e-08, 3.51373063978e-09, 7.75837061262e-10, 8.18339396247e-10, 5.5897225737e-10, 5.8038585049e-10, 3.84699272438e-10, 3.37895128544e-10, 1.20379803348e-10, 2.30231198689e-11, 4.82308420632e-12, 4.38386740104e-12, 4.11510582554e-12, 3.89132476242e-12, 3.69808697553e-12, 3.53709943279e-12, 3.40128272769e-12, 3.28688942383e-12, 3.20168501086e-12, 3.13422356644e-12, 3.08599001388e-12, 3.05142001077e-12],
        "min": [9.73460090314e-10, 1.48557957047e-08, 1.44637040123e-08, 1.24661099221e-07, 3.89642195842e-07, 6.60741818592e-07, 9.4815356988e-07, 7.60545731282e-07, 1.86552233572e-06, 7.53308313506e-07, 1.20451079511e-06, 7.84052701874e-07, 6.63000832901e-07, 1.9228259589e-06, 1.14806789497e-06, 2.80242545614e-07, 6.53438746667e-07, 2.89908314244e-07, 1.57727384931e-07, 2.07293993526e-07, 4.55341393035e-07, 4.45094144652e-07, 2.53456107657e-07, 1.66863401319e-07, 5.9165068933e-07, 4.97475468819e-07, 1.42479990473e-07, 5.8758860888e-08, 1.20833533401e-07, 3.79176782417e-07, 4.28471309988e-07, 2.11433572872e-07, 9.61623811691e-08, 3.78725871997e-07, 7.08446918907e-08, 1.13211669373e-07, 1.00384447421e-07, 9.9518473462e-08, 1.72081257688e-07, 2.72497373999e-07, 6.19539690661e-08, 2.86616241851e-08, 9.62410524608e-08, 3.82075384664e-08, 1.55904018584e-08, 1.03172297372e-07, 1.80088175483e-08, 1.70567471258e-08, 2.38395081453e-09, 5.03918373695e-09, 7.96188537322e-09, 3.75581787893e-09, 4.12999368038e-09, 1.56060195877e-08, 1.07642810221e-08, 5.05254238448e-09, 1.58560993668e-07, 7.67743983943e-08, 6.54965948144e-09, 1.00058814567e-08, 1.14042564281e-09, 5.28437338332e-09, 8.62516014166e-09, 7.10551173455e-10, 5.58895507652e-09, 1.35349011998e-07, 1.24384072819e-07, 8.16911693846e-08, 1.27864893784e-07, 5.50102079444e-08, 3.48970026209e-08, 3.86919438711e-08, 1.60010813488e-08, 1.06802389155e-08, 7.14381309663e-09, 2.2062942584e-09, 9.62465551702e-10, 4.16693568539e-09, 3.86077125825e-09, 4.28689306275e-09, 6.9749148679e-09, 3.42461028424e-08, 1.45252307959e-08, 1.45470178126e-08, 4.4761225837e-08, 7.25038429295e-09, 1.73315695129e-09, 2.15296243056e-08, 1.06528803556e-08, 5.66689584147e-10, 2.68091715494e-10, 8.06916825025e-11, 1.95976204015e-11, 5.38041521059e-11, 4.37583788648e-11, 5.0096726897e-13, 9.87167975402e-14, 8.74033172769e-14, 5.82723566666e-14, 6.66617911045e-14, 5.48125726665e-14, 3.00551989167e-14, 3.60152479942e-14, 5.59119841626e-14, 4.56742967286e-14, 4.86820158567e-14, 5.75429189974e-14, 5.93043612807e-14, 4.45224335643e-14, 4.63848252343e-14, 4.32665344253e-14, 4.69891188676e-14, 3.18014318763e-14, 4.06526517365e-14, 2.55013007645e-14, 3.68493416661e-14, 4.81792204873e-14, 3.41717925928e-14, 3.20099307304e-14, 3.26896272367e-14, 3.3924736799e-14, 4.4199110924e-14, 3.06765009716e-14, 3.81312413285e-14, 2.73363976448e-14, 3.41422277548e-14, 3.23029363675e-14, 3.53361342465e-14],
        "stdev": [6.49181720291e-06, 5.49552423763e-05, 0.000380452082027, 0.000693371752277, 0.000766022945754, 0.000624288455583, 0.000658059958369, 0.000884690496605, 0.000930961978156, 0.000641898484901, 0.000561484601349, 0.00109808798879, 0.00210023694672, 0.00184545037337, 0.001251620939, 0.00133508909494, 0.00084916385822, 0.000659151352011, 0.000351887283614, 0.000370772264432, 0.000592147582211, 0.000801333284471, 0.000533779209945, 0.000621538609266, 0.000717024551705, 0.00101467384957, 0.000986270606518, 0.000838879903313, 0.000305671041133, 0.000753352069296, 0.000803553441074, 0.000507382676005, 0.000946710992139, 0.000558951520361, 0.000435957772424, 0.000329253030941, 0.000202011622605, 0.000146367179696, 0.000587941147387, 0.000795526080765, 0.000111292705697, 0.000128045794554, 0.00017872567696, 0.00012411060743, 7.69216712797e-05, 7.14494162821e-05, 9.46984800976e-05, 5.10283061885e-05, 3.7364923628e-05, 3.93705595343e-05, 3.92659385398e-05, 2.97568058159e-05, 4.40611001977e-05, 4.0527083911e-05, 4.51282066933e-05, 4.56411107734e-05, 3.78023942176e-05, 4.08814230468e-05, 3.37015480909e-05, 2.83886074612e-05, 8.46277544042e-05, 4.70956292702e-05, 2.61784080067e-05, 2.95479112538e-05, 3.93361733586e-05, 2.41918096435e-05, 2.4890208806e-05, 2.78834395431e-05, 2.27591917792e-05, 3.41326995112e-05, 2.47895040957e-05, 1.83616466529e-05, 2.14998726733e-05, 2.18681034312e-05, 1.57109825523e-05, 1.45994235936e-05, 1.40693073263e-05, 1.90731789189e-05, 2.23605002247e-05, 2.22009348363e-05, 2.00740050786e-05, 2.90172974928e-05, 2.20036617975e-05, 1.90179362107e-05, 1.61925836437e-05, 1.59645333042e-05, 1.73758362507e-05, 1.93310224859e-05, 1.54780464072e-05, 2.22230773943e-05, 1.89527072507e-05, 1.75164987013e-05, 1.56392252393e-05, 1.61187817866e-05, 1.23385361803e-05, 1.08317954073e-05, 7.83212090028e-06, 8.03131206339e-06, 6.83108191879e-06, 5.56657460038e-06, 3.09950178234e-06, 4.16803004555e-06, 3.74975297746e-06, 2.71909857474e-06, 1.88333319784e-06, 5.72971146084e-07, 1.21361424021e-07, 3.70224242374e-08, 1.26987229621e-08, 1.82109776148e-08, 1.04832986736e-08, 1.19896599315e-08, 9.37782917987e-09, 7.61627383383e-09, 2.59576871109e-09, 4.27776092327e-10, 3.82034195945e-11, 2.98820169997e-11, 2.35285436967e-11, 1.83059244846e-11, 1.4119422645e-11, 1.08416817191e-11, 8.51456318646e-12, 6.77321913833e-12, 5.66820418726e-12, 5.02306356231e-12, 4.73473083656e-12, 4.64247130322e-12]
    },
    "mfcc": {
        "mean": [-604.760986328, 91.344543457, -2.60402417183, 20.3667640686, -22.657995224, 5.36321973801, -12.8967351913, 4.16332101822, -15.5010938644, -4.49657869339, -6.36245059967, -0.858582019806, -7.44066047668],
        "cov": [[2031.72363281, -837.967224121, -3.79820179939, -353.526611328, 31.3852653503, -82.7234725952, 139.22946167, -71.0657501221, 55.0239372253, -72.7529907227, 39.9862098694, -20.7563247681, -40.4977912903], [-837.967224121, 875.923156738, -224.792205811, 302.07711792, -167.87562561, 133.582351685, -84.6693878174, 108.548583984, -49.9403114319, 65.2134780884, 0.436079323292, 45.5838737488, 20.9760665894], [-3.79820179939, -224.792205811, 818.367370605, -200.44871521, 312.532470703, -225.662536621, 103.004272461, -145.582015991, 136.432510376, -77.8966445923, 58.4603691101, -77.6257019043, 79.0486068726], [-353.526611328, 302.07711792, -200.44871521, 604.146728516, -6.21757745743, -0.911605775356, -169.211135864, 3.54686594009, -46.0090065002, 89.1736373901, -91.7599411011, 82.9745254517, -6.24295806885], [31.3852653503, -167.87562561, 312.532470703, -6.21757745743, 341.897735596, -122.723510742, 51.0636520386, -118.099975586, 73.0044784546, -2.23412251472, 17.4480495453, -14.3610038757, 37.8065986633], [-82.7234725952, 133.582351685, -225.662536621, -0.911605775356, -122.723510742, 261.447662354, 5.37140083313, 113.894737244, -62.4195785522, 24.0715751648, -8.89197158813, 11.361661911, -41.0459899902], [139.22946167, -84.6693878174, 103.004272461, -169.211135864, 51.0636520386, 5.37140083313, 213.940689087, 27.1556835175, 57.633895874, -36.927696228, 55.2909431458, -29.3672561646, 24.5135440826], [-71.0657501221, 108.548583984, -145.582015991, 3.54686594009, -118.099975586, 113.894737244, 27.1556835175, 170.703842163, -17.3257198334, 36.8209609985, -10.7412757874, 18.1762142181, -26.5923023224], [55.0239372253, -49.9403114319, 136.432510376, -46.0090065002, 73.0044784546, -62.4195785522, 57.633895874, -17.3257198334, 123.689353943, -17.2505741119, 33.0312194824, -25.7669811249, 28.5765914917], [-72.7529907227, 65.2134780884, -77.8966445923, 89.1736373901, -2.23412251472, 24.0715751648, -36.927696228, 36.8209609985, -17.2505741119, 123.114776611, -13.5137300491, 40.2280006409, -24.9150390625], [39.9862098694, 0.436079323292, 58.4603691101, -91.7599411011, 17.4480495453, -8.89197158813, 55.2909431458, -10.7412757874, 33.0312194824, -13.5137300491, 97.5428619385, -17.4666595459, 23.5945301056], [-20.7563247681, 45.5838737488, -77.6257019043, 82.9745254517, -14.3610038757, 11.361661911, -29.3672561646, 18.1762142181, -25.7669811249, 40.2280006409, -17.4666595459, 92.7797775269, -3.61554884911], [-40.4977912903, 20.9760665894, 79.0486068726, -6.24295806885, 37.8065986633, -41.0459899902, 24.5135440826, -26.5923023224, 28.5765914917, -24.9150390625, 23.5945301056, -3.61554884911, 83.4907150269]],
        "icov": [[0.000931210932322, 0.000918564212043, 0.000286928872811, 4.66698948003e-05, 0.0003202726366, 6.3797175244e-05, -0.000341056293109, 0.000280931330053, -0.000328285997966, 0.00010243554425, -0.000340523314662, -0.000355733674951, 0.000252450292464], [0.000918564212043, 0.00274966866709, 6.55345065752e-05, -0.00100749882404, 0.00107939809095, -0.000630483613349, -0.000100400524389, -0.000276235252386, -0.000190739840036, -0.00024741870584, -0.00139034923632, -0.000164032389876, -0.000862629211042], [0.000286928872811, 6.55345065752e-05, 0.00278084469028, 0.000791324884631, -0.00181756401435, 0.00125577358995, 1.81239247468e-05, -3.85326457035e-05, -0.000825464667287, 0.00060083263088, 6.46211901767e-06, 0.000719635165296, -0.000537027255632], [4.66698948003e-05, -0.00100749882404, 0.000791324884631, 0.00338685349561, -0.00111169193406, 0.00059015431907, 0.00147767039016, 0.000140203293995, -0.000544816721231, -0.000696716364473, 0.00213100714609, -0.00113257556222, -0.000488584977575], [0.0003202726366, 0.00107939809095, -0.00181756401435, -0.00111169193406, 0.00666520278901, -0.000548094103578, -0.00194660690613, 0.00356688676402, -0.00134154630359, -0.00218756264076, 0.000295273668598, -0.000583833316341, -0.000360463978723], [6.3797175244e-05, -0.000630483613349, 0.00125577358995, 0.00059015431907, -0.000548094103578, 0.00712780281901, -0.00052431266522, -0.00332733243704, 0.00226967572235, 0.000477150897495, -0.000449697050499, 0.000769120408222, 0.00141699961387], [-0.000341056293109, -0.000100400524389, 1.81239247468e-05, 0.00147767039016, -0.00194660690613, -0.00052431266522, 0.00836272351444, -0.00327797653154, -0.00172513793223, 0.00158657075372, -0.00215908978134, 9.68057356658e-05, -0.00124430819415], [0.000280931330053, -0.000276235252386, -3.85326457035e-05, 0.000140203293995, 0.00356688676402, -0.00332733243704, -0.00327797653154, 0.0122115286067, -0.00218706065789, -0.00321272900328, 0.00214450247586, -0.00120166724082, 0.000985317979939], [-0.000328285997966, -0.000190739840036, -0.000825464667287, -0.000544816721231, -0.00134154630359, 0.00226967572235, -0.00172513793223, -0.00218706065789, 0.0127033991739, -6.43645616947e-05, -0.00224318215623, 0.00228996644728, -0.00147141923662], [0.00010243554425, -0.00024741870584, 0.00060083263088, -0.000696716364473, -0.00218756264076, 0.000477150897495, 0.00158657075372, -0.00321272900328, -6.43645616947e-05, 0.012076552026, -0.00155241135508, -0.0034190446604, 0.00314347073436], [-0.000340523314662, -0.00139034923632, 6.46211901767e-06, 0.00213100714609, 0.000295273668598, -0.000449697050499, -0.00215908978134, 0.00214450247586, -0.00224318215623, -0.00155241135508, 0.0150297656655, 0.000481186027173, -0.00262253312394], [-0.000355733674951, -0.000164032389876, 0.000719635165296, -0.00113257556222, -0.000583833316341, 0.000769120408222, 9.68057356658e-05, -0.00120166724082, 0.00228996644728, -0.0034190446604, 0.000481186027173, 0.0146078011021, -0.00197353377007], [0.000252450292464, -0.000862629211042, -0.000537027255632, -0.000488584977575, -0.000360463978723, 0.00141699961387, -0.00124430819415, 0.000985317979939, -0.00147141923662, 0.00314347073436, -0.00262253312394, -0.00197353377007, 0.0164248626679]]
    },
    "spectral_contrast_coeffs": {
        "max": [-0.408808350563, -0.516016960144, -0.478722900152, -0.562390446663, -0.666475713253, -0.364080011845],
        "mean": [-0.674188137054, -0.749304056168, -0.745597541332, -0.776845514774, -0.788284480572, -0.68395370245],
        "min": [-0.85005313158, -0.943976461887, -0.906759560108, -0.890148699284, -0.87448489666, -0.852507054806],
        "stdev": [0.0732035338879, 0.0668464377522, 0.0726519227028, 0.050266392529, 0.0308449715376, 0.0875073075294]
    },
    "spectral_contrast_valleys": {
        "max": [-5.5291261673, -5.16511726379, -5.63320302963, -6.13463830948, -5.60775661469, -7.38073587418],
        "mean": [-6.93486356735, -6.37444925308, -7.14258241653, -7.49566888809, -7.0490527153, -10.0204315186],
        "min": [-9.14926624298, -8.16830921173, -9.00270843506, -9.85341358185, -9.40628433228, -15.8483219147],
        "stdev": [0.563843131065, 0.45656093955, 0.512319386005, 0.532341957092, 0.624028742313, 1.37444531918]
    }
},
"rhythm": {
    "beats_count": 114,
    "beats_loudness": {
        "max": 0.0722547397017,
        "mean": 0.0331085138023,
        "min": 0.00297843804583,
        "stdev": 0.0144653273746
    },
    "bpm": 152.878494263,
    "bpm_histogram_first_peak_bpm": 152,
    "bpm_histogram_first_peak_weight": 0.214285731316,
    "bpm_histogram_second_peak_bpm": 157,
    "bpm_histogram_second_peak_spread": 0.10526317358,
    "bpm_histogram_second_peak_weight": 0.300884962082,
    "danceability": 1.23455905914,
    "onset_rate": 3.75547003746,
    "beats_loudness_band_ratio": {
        "max": [0.681969583035, 0.778912603855, 0.671043872833, 0.769145607948, 0.394753158092, 0.49287584424],
        "mean": [0.195561900735, 0.245683431625, 0.18285150826, 0.19802954793, 0.0728567913175, 0.159684628248],
        "min": [0.00899727176875, 0.00114387320355, 0.00756833329797, 0.00572092691436, 0.00712188752368, 0.00945966690779],
        "stdev": [0.148962125182, 0.174138754606, 0.141835853457, 0.183246359229, 0.0677188187838, 0.0969603657722]
    },
