{
"metadata": {
    "version": {
        "essentia": "2.1-beta5",
        "essentia_git_sha": "Undefined",
        "extractor": "music 2.0"
    },
    "audio_properties": {
        "analysis": {
            "equal_loudness": 0,
            "length": 32.4963264465,
            "sample_rate": 44100,
            "start_time": 175.252609253,
            "downmix": "mix"
        },
        "bit_rate": 192000,
        "length": 320.85333252,
        "lossless": 0,
        "number_channels": 1,
        "replay_gain": -20.0888595581,
        "sample_rate": 48000,
        "codec": "mp3",
        "md5_encoded": "9b29d2fac6144a86eedb3e64d1a9a0d7"
    },
    "tags": {
        "file_name": "Belgium_Messieurs Les Noyés De La Seine_Fud Leclerc.mp3",
        "encoding": ["Lavf58.29.100"]
    }
},
"lowlevel": {
    "average_loudness": 0.527851581573,
    "barkbands_crest": {
        "max": 25.7995834351,
        "mean": 13.1986141205,
        "min": 3.84739923477,
        "stdev": 5.41038894653
    },
    "barkbands_flatness_db": {
        "max": 0.366950213909,
        "mean": 0.234405606985,
        "min": 0.11239990592,
        "stdev": 0.0409759394825
    },
    "barkbands_kurtosis": {
        "max": 124.476661682,
        "mean": 5.71379709244,
        "min": -1.86668419838,
        "stdev": 10.0360279083
    },
    "barkbands_skewness": {
        "max": 8.81519126892,
        "mean": 1.71856427193,
        "min": -1.08981573582,
        "stdev": 1.21394646168
    },
    "barkbands_spread": {
        "max": 44.1431465149,
        "mean": 10.828371048,
        "min": 0.916917443275,
        "stdev": 6.80185556412
    },
    "dissonance": {
        "max": 0.499185860157,
        "mean": 0.423756539822,
        "min": 0.276020795107,
        "stdev": 0.0411188788712
    },
    "dynamic_complexity": 6.85985660553,
    "erbbands_crest": {
        "max": 30.603887558,
        "mean": 13.3134269714,
        "min": 3.34086608887,
        "stdev": 5.65797710419
    },
    "erbbands_flatness_db": {
        "max": 0.37084966898,
        "mean": 0.268188387156,
        "min": 0.128896519542,
        "stdev": 0.0427674874663
    },
    "erbbands_kurtosis": {
        "max": 20.1331691742,
        "mean": 0.967891514301,
        "min": -1.80043447018,
        "stdev": 2.69521999359
    },
    "erbbands_skewness": {
        "max": 4.30637073517,
        "mean": 0.769229352474,
        "min": -1.89584612846,
        "stdev": 0.885883152485
    },
    "erbbands_spread": {
        "max": 94.4574966431,
        "mean": 24.775762558,
        "min": 4.47483110428,
        "stdev": 12.6654634476
    },
    "hfc": {
        "max": 54.0988540649,
        "mean": 9.68099975586,
        "min": 0.0115530397743,
        "stdev": 12.8902368546
    },
    "loudness_ebu128": {
        "integrated": -9.36707305908,
        "loudness_range": 7.74155139923,
        "momentary": {
            "max": -3.17918610573,
            "mean": -12.9481592178,
            "min": -27.9242191315,
            "stdev": 5.73488998413
        },
        "short_term": {
            "max": -5.30807495117,
            "mean": -10.4092683792,
            "min": -16.8684597015,
            "stdev": 2.64214110374
        }
    },
    "melbands_crest": {
        "max": 33.449420929,
        "mean": 16.4947032928,
        "min": 4.10814142227,
        "stdev": 6.34984111786
    },
    "melbands_flatness_db": {
        "max": 0.446976453066,
        "mean": 0.274895012379,
        "min": 0.136022359133,
        "stdev": 0.0480151735246
    },
    "melbands_kurtosis": {
        "max": 214.014053345,
        "mean": 11.1761960983,
        "min": -1.61681580544,
        "stdev": 17.2016639709
    },
    "melbands_skewness": {
        "max": 10.9214229584,
        "mean": 2.27008390427,
        "min": -0.708013296127,
        "stdev": 1.44957911968
    },
    "melbands_spread": {
        "max": 60.7430839539,
        "mean": 13.5886173248,
        "min": 0.708385467529,
        "stdev": 8.91174221039
    },
    "pitch_salience": {
        "max": 0.840496480465,
        "mean": 0.515490531921,
        "min": 0.107441745698,
        "stdev": 0.13748562336
    },
    "silence_rate_20dB": {
        "max": 1,
        "mean": 1,
        "min": 1,
        "stdev": 0
    },
    "silence_rate_30dB": {
        "max": 1,
        "mean": 1,
        "min": 1,
        "stdev": 0
    },
    "silence_rate_60dB": {
        "max": 1,
        "mean": 0.415417551994,
        "min": 0,
        "stdev": 0.492795735598
    },
    "spectral_centroid": {
        "max": 2592.49511719,
        "mean": 901.024963379,
        "min": 176.77015686,
        "stdev": 373.544616699
    },
    "spectral_complexity": {
        "max": 26,
        "mean": 7.95717334747,
        "min": 0,
        "stdev": 4.68809461594
    },
    "spectral_decrease": {
        "max": -7.28736342104e-12,
        "mean": -3.2896203539e-09,
        "min": -2.17114060064e-08,
        "stdev": 4.27842739015e-09
    },
    "spectral_energy": {
        "max": 0.0868116244674,
        "mean": 0.0132938604802,
        "min": 2.85521400656e-05,
        "stdev": 0.0172781702131
    },
    "spectral_energyband_high": {
        "max": 0.00065536017064,
        "mean": 2.94502260658e-05,
        "min": 2.47878631399e-07,
        "stdev": 5.65432674193e-05
    },
    "spectral_energyband_low": {
        "max": 0.00342955393717,
        "mean": 0.000372865761165,
        "min": 4.52276208307e-06,
        "stdev": 0.000426075916039
    },
    "spectral_energyband_middle_high": {
        "max": 0.0386811494827,
        "mean": 0.00293802004308,
        "min": 1.67775476712e-06,
        "stdev": 0.00519130378962
    },
    "spectral_energyband_middle_low": {
        "max": 0.0821711421013,
        "mean": 0.0101597523317,
        "min": 4.41700194642e-06,
        "stdev": 0.0148314796388
    },
    "spectral_entropy": {
        "max": 8.2689371109,
        "mean": 6.7674741745,
        "min": 5.74121427536,
        "stdev": 0.350949048996
    },
    "spectral_flux": {
        "max": 0.211966007948,
        "mean": 0.0448214672506,
        "min": 0.00290012755431,
        "stdev": 0.0384449623525
    },
    "spectral_kurtosis": {
        "max": 51.3175544739,
        "mean": 9.60969352722,
        "min": -0.506202220917,
        "stdev": 6.59085464478
    },
    "spectral_rms": {
        "max": 0.00920294877142,
        "mean": 0.00290690897964,
        "min": 0.000166900412296,
        "stdev": 0.00212591141462
    },
    "spectral_rolloff": {
        "max": 3208.44726562,
        "mean": 940.945861816,
        "min": 129.19921875,
        "stdev": 565.672119141
    },
    "spectral_skewness": {
        "max": 5.44232463837,
        "mean": 1.89496743679,
        "min": 0.160212904215,
        "stdev": 0.67796587944
    },
    "spectral_spread": {
        "max": 23372260,
        "mean": 2505470,
        "min": 1303883,
        "stdev": 858763.5
    },
    "spectral_strongpeak": {
        "max": 8.6674785614,
        "mean": 1.33730566502,
        "min": 0.0073826815933,
        "stdev": 1.5355246067
    },
    "zerocrossingrate": {
        "max": 0.09228515625,
        "mean": 0.034849897027,
        "min": 0.00537109375,
        "stdev": 0.0135735776275
    },
    "barkbands": {
        "max": [0.000195738393813, 0.00195419415832, 0.00289351446554, 0.00287611642852, 0.0197919923812, 0.0125640453771, 0.0603756941855, 0.0816809907556, 0.0244406834245, 0.0331519395113, 0.0125451460481, 0.0225779339671, 0.0129648325965, 0.0189164429903, 0.0136157181114, 0.00264941062778, 0.00676276627928, 0.00457324273884, 0.00190915376879, 0.000523302645888, 0.000489574973471, 0.000123479170725, 2.57539668382e-05, 1.36381941047e-05, 5.01224440086e-06, 1.63422532751e-06, 1.71912643054e-06],
        "mean": [4.11430255554e-06, 0.000111410867248, 0.000179951122846, 0.000156163732754, 0.000878612278029, 0.000520537083503, 0.00205727131106, 0.00592099362984, 0.000396114162868, 0.000716644048225, 0.00014497077791, 0.000508549856022, 0.000346915912814, 0.000400144373998, 0.000408679450629, 8.80534716998e-05, 0.00018775909848, 0.000105842918856, 0.000119513686514, 2.04890820896e-05, 1.26099976114e-05, 5.14699559062e-06, 1.88578019333e-06, 1.03984189082e-06, 4.09521135225e-07, 4.26694519717e-08, 1.21031638045e-08],
        "min": [4.15725853742e-09, 1.43266720443e-06, 9.87738530966e-07, 1.19292096201e-07, 1.12536849883e-06, 3.91965897961e-07, 5.29075094846e-08, 3.54937469638e-07, 1.43427527632e-07, 1.23882728076e-07, 3.5899493156e-08, 4.8712411882e-08, 1.07796786608e-07, 2.56267114196e-08, 3.1033330572e-08, 1.09411516291e-07, 2.92059674223e-08, 4.61760158998e-08, 6.1246097971e-08, 3.28148637152e-08, 3.99199748813e-08, 3.21564748162e-08, 3.048977959e-08, 2.99012228311e-08, 8.59760085348e-09, 2.60216696281e-12, 3.180532877e-12],
        "stdev": [1.16921028166e-05, 0.00018306018319, 0.000269009848125, 0.000272932840744, 0.00164899905212, 0.00128079112619, 0.0059145190753, 0.0135717904195, 0.00145861529745, 0.00281861214899, 0.000640015059616, 0.00222942093387, 0.00109680311289, 0.00117388111539, 0.00128379755188, 0.000194032589206, 0.00039049325278, 0.000270147254923, 0.000211926890188, 4.15556241933e-05, 2.96009311569e-05, 1.00399274743e-05, 3.53894688487e-06, 2.05917717722e-06, 8.4836960923e-07, 1.16601476918e-07, 6.99677400462e-08]
    },
    "erbbands": {
        "max": [0.0425289645791, 0.551522552967, 2.49688720703, 4.69849157333, 36.9016876221, 73.0903778076, 110.381958008, 151.51335144, 961.755554199, 1131.99243164, 1686.57763672, 489.394836426, 1103.32250977, 823.311401367, 688.414611816, 1149.64428711, 698.656066895, 671.596008301, 597.702026367, 416.454528809, 174.660049438, 301.515258789, 202.115371704, 137.455383301, 73.6827392578, 16.1016235352, 11.2047281265, 19.3390407562, 3.34054660797, 1.44433569908, 0.78437012434, 0.401517391205, 0.19633680582, 0.0907981321216, 0.0264813620597, 0.00656810216606, 0.00302833062597, 0.00107531098183, 0.000261849490926, 9.9717413832e-05],
        "mean": [0.00175701663829, 0.0323728509247, 0.182841032743, 0.40707886219, 1.16282248497, 3.20105099678, 4.28931665421, 4.88670301437, 23.6330795288, 76.3637313843, 97.736541748, 13.5942611694, 19.3304309845, 13.9792833328, 9.70224189758, 22.2400970459, 16.1218318939, 18.4331359863, 24.7075862885, 11.4647626877, 6.4622759819, 10.0177145004, 6.0696644783, 7.47413492203, 3.63118672371, 1.00041007996, 0.551674187183, 0.471305668354, 0.203866049647, 0.0859622359276, 0.050625924021, 0.0272060744464, 0.014848199673, 0.00717145064846, 0.00149317504838, 0.000261957960902, 7.65715012676e-05, 1.98034904315e-05, 8.73101180332e-06, 1.55595171236e-05],
        "min": [3.46476517734e-05, 0.000263820489636, 0.00113072001841, 0.00187182158697, 0.00335601670668, 0.00196454627439, 0.00257839076221, 0.00160320790019, 0.00225066184066, 0.0101663162932, 0.0104078911245, 0.00689544621855, 0.00612387899309, 0.00103446817957, 0.00359420944005, 0.0031960697379, 0.0052611976862, 0.002233723877, 0.00156128290109, 0.00383180752397, 0.00432109506801, 0.00374562107027, 0.00281147146598, 0.0027609441895, 0.00286611239426, 0.00154705927707, 0.00221066130325, 0.00156712392345, 0.00111543794628, 0.00100260414183, 0.000898498576134, 0.000536019564606, 0.000464653712697, 0.00024004826264, 9.48897468334e-06, 7.00909083662e-07, 1.06938443878e-07, 1.86557223003e-08, 1.80764843094e-08, 3.33026264343e-08],
        "stdev": [0.00331150391139, 0.0497672855854, 0.262293964624, 0.573256075382, 1.95058619976, 6.3971247673, 9.26447582245, 13.3941335678, 68.2970352173, 176.59034729, 227.12701416, 33.7657775879, 75.5585632324, 54.1289749146, 39.228805542, 102.02911377, 49.6465110779, 50.7249679565, 63.4409980774, 32.7955360413, 12.8760852814, 19.6862869263, 14.156167984, 13.0353603363, 6.59443092346, 1.81078279018, 1.12537050247, 1.19322991371, 0.383064508438, 0.161316692829, 0.0964888110757, 0.0548367723823, 0.0288526583463, 0.014236913994, 0.00337614887394, 0.000661243859213, 0.000200319918804, 5.99649574724e-05, 1.54524113896e-05, 2.02095961868e-05]
    },
    "gfcc": {
        "mean": [-151.182312012, 162.606048584, -164.623199463, 24.635679245, -58.0208282471, -14.7237691879, -32.8206100464, -7.65549945831, -5.1438574791, -17.5106544495, 4.54951858521, -20.7495822906, -2.04029369354],
        "cov": [[6596.52441406, -1605.87414551, -1298.37536621, -1183.07336426, -315.162078857, -777.635009766, -175.000839233, 378.478393555, 222.836517334, 636.456970215, -396.821868896, -14.5199956894, -606.255065918], [-1605.87414551, 981.477966309, 358.07144165, 205.871139526, 224.756256104, -16.8587779999, 33.8701095581, -187.166717529, -71.7920074463, -263.026702881, 197.570739746, 35.0289497375, 171.377227783], [-1298.37536621, 358.07144165, 609.870910645, 284.542419434, 53.1688232422, 200.652923584, 3.14619803429, -60.5583992004, 7.86126899719, -68.7013473511, 44.237953186, -16.3551292419, 120.933082581], [-1183.07336426, 205.871139526, 284.542419434, 556.659057617, 141.28704834, 144.382751465, -29.873872757, -130.137069702, -12.5039434433, -109.99080658, 33.3143157959, 13.5570936203, 156.084533691], [-315.162078857, 224.756256104, 53.1688232422, 141.28704834, 213.712524414, -23.791009903, -68.9748077393, -70.4131164551, -10.6060628891, -56.8082466125, 38.7230567932, 4.84959840775, 48.5718193054], [-777.635009766, -16.8587779999, 200.652923584, 144.382751465, -23.791009903, 399.435760498, 162.132217407, 10.2142648697, -65.8315658569, -44.9328308105, -4.05623197556, 0.375020653009, 74.9957809448], [-175.000839233, 33.8701095581, 3.14619803429, -29.873872757, -68.9748077393, 162.132217407, 250.98614502, 68.5846557617, -75.3690567017, -68.1291809082, 9.98624897003, 25.0563106537, 12.5679855347], [378.478393555, -187.166717529, -60.5583992004, -130.137069702, -70.4131164551, 10.2142648697, 68.5846557617, 164.384078979, 27.2593002319, 45.6452598572, -38.8219795227, -19.8175029755, -60.1554298401], [222.836517334, -71.7920074463, 7.86126899719, -12.5039434433, -10.6060628891, -65.8315658569, -75.3690567017, 27.2593002319, 127.037155151, 97.636932373, -37.5511703491, -50.2812957764, -37.6513710022], [636.456970215, -263.026702881, -68.7013473511, -109.99080658, -56.8082466125, -44.9328308105, -68.1291809082, 45.6452598572, 97.636932373, 200.551986694, -52.5260925293, -58.4007759094, -77.2146835327], [-396.821868896, 197.570739746, 44.237953186, 33.3143157959, 38.7230567932, -4.05623197556, 9.98624897003, -38.8219795227, -37.5511703491, -52.5260925293, 113.087265015, 46.9593429565, 26.7910804749], [-14.5199956894, 35.0289497375, -16.3551292419, 13.5570936203, 4.84959840775, 0.375020653009, 25.0563106537, -19.8175029755, -50.2812957764, -58.4007759094, 46.9593429565, 104.423484802, 33.3356018066], [-606.255065918, 171.377227783, 120.933082581, 156.084533691, 48.5718193054, 74.9957809448, 12.5679855347, -60.1554298401, -37.6513710022, -77.2146835327, 26.7910804749, 33.3356018066, 141.59324646]],
        "icov": [[0.0011584891472, 0.000250965182204, 0.000588059832808, 0.000742555363104, -0.000863758730702, 0.00150368257891, -0.000726507685613, -6.76217241562e-05, 0.000767351302784, -0.00252305530012, 0.00343350530602, -0.00286747515202, 0.00172491930425], [0.000250965182204, 0.0100200921297, -0.00458185514435, 0.00450842641294, -0.00629288889468, 0.00458004325628, -0.00704846717417, 0.00788775458932, -0.00680544786155, 0.00899825710803, -0.010229463689, 0.0067745866254, -0.0049623013474], [0.000588059832808, -0.00458185514435, 0.00537121901289, -0.0023493503686, 0.00290327426046, -0.00267570186406, 0.00367856910452, -0.00393472705036, 0.00217904383317, -0.00481684692204, 0.00541247287765, -0.00380689976737, 0.00231375941075], [0.000742555363104, 0.00450842641294, -0.0023493503686, 0.00621064240113, -0.00453463196754, 0.00174454855733, -0.00323772523552, 0.00498668011278, -0.00442632474005, 0.0038284661714, -0.0020542095881, 0.0012600281043, -0.00307682948187], [-0.000863758730702, -0.00629288889468, 0.00290327426046, -0.00453463196754, 0.0115487575531, -0.00363241764717, 0.00692899245769, -0.00448935013264, 0.00393332028762, -0.00215603900142, 0.00219803838991, -0.000788248376921, 0.00151715718675], [0.00150368257891, 0.00458004325628, -0.00267570186406, 0.00174454855733, -0.00363241764717, 0.00917859282345, -0.00722625665367, 0.00310716731474, 0.000864026253112, -0.00146814447362, 0.000955239636824, 2.00289850909e-05, -0.00115327746607], [-0.000726507685613, -0.00704846717417, 0.00367856910452, -0.00323772523552, 0.00692899245769, -0.00722625665367, 0.0144509049132, -0.00909956730902, 0.00652755238116, -0.00206899922341, 0.0040284851566, -0.00291165220551, 0.00268036941998], [-6.76217241562e-05, 0.00788775458932, -0.00393472705036, 0.00498668011278, -0.00448935013264, 0.00310716731474, -0.00909956730902, 0.0169772896916, -0.00893394369632, 0.00772156147286, -0.00678885448724, 0.00546348374337, -0.00222480064258], [0.000767351302784, -0.00680544786155, 0.00217904383317, -0.00442632474005, 0.00393332028762, 0.000864026253112, 0.00652755238116, -0.00893394369632, 0.0236623995006, -0.0152218891308, 0.011296287179, -0.00398571044207, 0.00515106646344], [-0.00252305530012, 0.00899825710803, -0.00481684692204, 0.0038284661714, -0.00215603900142, -0.00146814447362, -0.00206899922341, 0.00772156147286, -0.0152218891308, 0.0264211501926, -0.0177323482931, 0.0149845732376, -0.006631039083], [0.00343350530602, -0.010229463689, 0.00541247287765, -0.0020542095881, 0.00219803838991, 0.000955239636824, 0.0040284851566, -0.00678885448724, 0.011296287179, -0.0177323482931, 0.035499189049, -0.0215846821666, 0.0119210630655], [-0.00286747515202, 0.0067745866254, -0.00380689976737, 0.0012600281043, -0.000788248376921, 2.00289850909e-05, -0.00291165220551, 0.00546348374337, -0.00398571044207, 0.0149845732376, -0.0215846821666, 0.0276233181357, -0.0110830636695], [0.00172491930425, -0.0049623013474, 0.00231375941075, -0.00307682948187, 0.00151715718675, -0.00115327746607, 0.00268036941998, -0.00222480064258, 0.00515106646344, -0.006631039083, 0.0119210630655, -0.0110830636695, 0.0188843384385]]
    },
    "melbands": {
        "max": [0.000488914840389, 0.000854329031426, 0.00189305539243, 0.00212399777956, 0.00455872667953, 0.00300089037046, 0.0142985312268, 0.0133974924684, 0.0109793003649, 0.00277083250694, 0.00545523269102, 0.00371596822515, 0.00175286654849, 0.00308965402655, 0.00127593416255, 0.00118798320182, 0.00162442028522, 0.00100784201641, 0.00107617268804, 0.000188796431758, 0.000263763853582, 0.000451481668279, 0.000381859426852, 0.000149152750964, 0.000126275132061, 7.2087495937e-05, 3.27217203449e-05, 8.93772994459e-06, 5.81126278121e-06, 2.19778357859e-05, 7.77506193117e-06, 2.31044418797e-06, 1.2498057913e-06, 7.97000097918e-07, 4.49186273954e-07, 4.90230604555e-07, 2.97096391932e-07, 1.4921548086e-07, 1.19524983688e-07, 6.72732483054e-08],
        "mean": [2.37399453908e-05, 7.82214628998e-05, 8.79399594851e-05, 0.000155077446834, 0.000158594630193, 0.000112218163849, 0.000376412994228, 0.00103995413519, 0.000652934948448, 5.73625402467e-05, 0.000100239689345, 6.3332998252e-05, 2.20937836275e-05, 6.40701255179e-05, 3.22966443491e-05, 3.87367799703e-05, 3.4427488572e-05, 4.01816178055e-05, 3.06816145894e-05, 6.17750902165e-06, 7.72466137278e-06, 1.08607891889e-05, 7.62071567806e-06, 4.77710136693e-06, 6.37858966002e-06, 3.84748000215e-06, 1.10234475414e-06, 5.32915237272e-07, 3.33879256686e-07, 3.30124322545e-07, 2.51228158277e-07, 1.28475249994e-07, 6.13635720015e-08, 4.08765359339e-08, 3.04911615956e-08, 2.13637552093e-08, 1.48582950388e-08, 1.07418616224e-08, 8.38528446678e-09, 5.22119369961e-09],
        "min": [4.76402334471e-07, 5.42587031305e-07, 5.66962853554e-07, 2.28464131169e-07, 9.68883355768e-08, 4.01628668101e-08, 2.96424822466e-08, 1.55041504968e-07, 6.97123141435e-08, 1.93513418623e-08, 2.41341542306e-08, 1.99991401217e-09, 7.62760077322e-09, 7.13606640446e-09, 4.54052839771e-09, 9.60646318049e-09, 2.21986629079e-09, 1.57422841429e-09, 3.83179799002e-09, 2.91734902902e-09, 2.97098856628e-09, 2.96729774085e-09, 2.5286783778e-09, 1.78665116035e-09, 1.8465724505e-09, 2.37282637983e-09, 1.12978981726e-09, 8.56467119448e-10, 1.03425434883e-09, 8.88122742015e-10, 7.41901040602e-10, 5.08087349971e-10, 4.40514014155e-10, 4.17552020737e-10, 4.17069989656e-10, 2.44882086831e-10, 2.27849822343e-10, 2.35854946684e-10, 2.0173922255e-10, 1.10100310813e-10],
        "stdev": [4.05889586546e-05, 0.000100650104287, 0.000118463256513, 0.000238604348851, 0.000368906214135, 0.000302243628539, 0.00110041373409, 0.00237228744663, 0.00152094382793, 0.000204966796446, 0.000399133044994, 0.000267345138127, 9.38357115956e-05, 0.000280516891507, 0.00011853169417, 0.000122304962133, 0.000107112784463, 0.000104197170003, 0.000103755039163, 1.40921774801e-05, 1.64562261489e-05, 2.29926481552e-05, 2.38392567553e-05, 1.00627894426e-05, 1.15585999083e-05, 7.49394803279e-06, 2.2191024982e-06, 1.0589131989e-06, 6.98148085121e-07, 1.04886476038e-06, 5.84307542795e-07, 2.52739255302e-07, 1.16558211971e-07, 7.93629340023e-08, 5.85797899078e-08, 4.41435936693e-08, 3.12338670483e-08, 2.1189821453e-08, 1.66011595581e-08, 1.05992219446e-08]
    },
    "melbands128": {
        "max": [0.000103297265014, 0.000278802355751, 0.000883776461706, 0.00118331168778, 0.00134093500674, 0.00159979297314, 0.000973805668764, 0.00201676366851, 0.00491602625698, 0.002158556832, 0.00411819387227, 0.00931012630463, 0.00414141919464, 0.00191133224871, 0.00380113674328, 0.00581615976989, 0.008381257765, 0.0271328315139, 0.0218040235341, 0.0212221425027, 0.0298257283866, 0.0328707881272, 0.0126052135602, 0.00411881646141, 0.0061976951547, 0.00454234657809, 0.0125401532277, 0.0105000957847, 0.00999443791807, 0.00802094209939, 0.00240541482344, 0.00143633398693, 0.00123871676624, 0.00537039944902, 0.00594163453206, 0.00620270241052, 0.00518360175192, 0.0011384623358, 0.00251992349513, 0.00327618699521, 0.00211418932304, 0.00214030477218, 0.00245288689621, 0.00473008910194, 0.00326712126844, 0.00149574631359, 0.00302732829005, 0.00196088640951, 0.00149541464634, 0.0001397656888, 0.000190406135516, 0.000567284994759, 0.000242264242843, 0.000207884528209, 0.0012731552124, 0.000378775526769, 0.000331065122737, 0.000733800523449, 0.000588146969676, 0.000174104599864, 0.000291910546366, 0.000114051610581, 0.00018448078481, 0.000313955446472, 0.000156205976964, 0.000122886631289, 0.000127133956994, 7.59768299758e-05, 3.08850649162e-05, 1.7616795958e-05, 1.31836250148e-05, 1.7068516172e-05, 1.22930287034e-05, 1.02981875898e-05, 9.67572304944e-06, 2.24908326345e-05, 4.06245635531e-05, 1.60770960065e-05, 7.91238107922e-06, 1.04956643554e-05, 2.46541503657e-06, 2.42516034632e-06, 1.46172453697e-06, 1.73364639977e-06, 1.30866192194e-06, 1.07116943582e-06, 6.79484855937e-07, 5.41767008144e-07, 5.20378250712e-07, 6.42092516046e-07, 8.68412485033e-07, 3.64507144468e-07, 2.7314499107e-07, 5.53666268388e-07, 2.64584059551e-07, 1.80985622933e-07, 1.80376162007e-07, 1.68781369325e-07, 1.8069528096e-07, 1.1832673863e-07, 1.01218731174e-07, 8.61252615891e-08, 4.58243896162e-08, 5.94742814997e-08, 3.03829210679e-08, 2.78390768216e-08, 1.25954651153e-08, 1.19422098876e-08, 1.09507016788e-08, 1.22580319228e-08, 1.02209432029e-08, 9.96045290691e-09, 9.59451007532e-09, 9.13077347064e-09, 9.0227301186e-09, 8.68795968501e-09, 8.2766460352e-09, 8.02309596537e-09, 7.78407827084e-09, 7.61402851879e-09, 7.45382688905e-09, 7.24126891782e-09, 7.14419368109e-09, 6.99248081659e-09, 6.9001737657e-09, 6.81932288416e-09, 6.75652689353e-09, 6.72125155532e-09],
        "mean": [2.18964214582e-06, 8.26279392641e-06, 3.03063206957e-05, 5.75712801947e-05, 8.86696725502e-05, 8.64581452333e-05, 7.98715482233e-05, 7.73697247496e-05, 0.000112146008178, 0.000152661261382, 0.000179834183655, 0.000223193099373, 0.000165487886989, 6.23899759375e-05, 6.59401193843e-05, 0.00015294815239, 0.00025841005845, 0.000465072720544, 0.000454942841316, 0.000684908533003, 0.0016099116765, 0.001386711956, 0.00041513517499, 7.19264498912e-05, 5.25339710293e-05, 4.7794153943e-05, 6.0397091147e-05, 0.000112143068691, 0.000130640168209, 9.44291168707e-05, 3.03748875012e-05, 1.90263635886e-05, 1.2055615116e-05, 3.32700583385e-05, 4.4033589802e-05, 9.59148601396e-05, 6.48567875032e-05, 1.36888329507e-05, 2.20763740799e-05, 4.07915067626e-05, 5.20447792951e-05, 1.91793678823e-05, 2.86044160021e-05, 4.64382974315e-05, 4.30462860095e-05, 3.31270457536e-05, 4.35904585174e-05, 4.60696937807e-05, 1.75599980139e-05, 3.96847735828e-06, 4.85725058752e-06, 8.61328680912e-06, 5.51026141693e-06, 7.01478484189e-06, 1.32344948724e-05, 9.86403483694e-06, 1.10596902232e-05, 1.05119961518e-05, 5.31216073796e-06, 3.63411231774e-06, 4.9583704822e-06, 5.09030860485e-06, 6.68964003125e-06, 7.12168593964e-06, 5.29884300704e-06, 4.63010292151e-06, 2.22821108764e-06, 1.37668530442e-06, 8.50718492984e-07, 6.92252058343e-07, 5.60883734124e-07, 4.33108425568e-07, 3.9417304265e-07, 3.01736434949e-07, 2.91228019478e-07, 3.37305664289e-07, 3.47358820818e-07, 2.94776924648e-07, 2.4291833256e-07, 2.20172111653e-07, 1.32025277821e-07, 1.03773125204e-07, 7.23881470321e-08, 5.79485011087e-08, 5.1224539277e-08, 4.41945395835e-08, 3.71990367398e-08, 3.40364039175e-08, 3.06910159509e-08, 2.80395617835e-08, 2.40261837092e-08, 1.95853502305e-08, 1.62586957231e-08, 1.538731631e-08, 1.36844704457e-08, 1.18172591712e-08, 1.00191375196e-08, 9.25134369112e-09, 8.80351169741e-09, 7.8619448729e-09, 6.62889076963e-09, 5.01951413767e-09, 3.201947818e-09, 2.22535234684e-09, 1.34519173578e-09, 8.61314797262e-10, 5.38851407939e-10, 4.29762947451e-10, 3.69988789606e-10, 3.22069648728e-10, 2.73580547105e-10, 2.30405791668e-10, 2.12986170367e-10, 1.92321811254e-10, 1.79871964545e-10, 1.58866406141e-10, 1.36567770981e-10, 1.1205177064e-10, 9.89647808147e-11, 6.39229849608e-11, 2.50435731181e-11, 2.34366658025e-11, 2.30269484036e-11, 2.18635300836e-11, 1.83827328359e-11, 1.398147223e-11, 1.17921948248e-11, 1.14459570294e-11],
        "min": [3.51408402377e-10, 1.37662592437e-08, 5.89057940203e-08, 3.92744880173e-07, 4.18210504449e-07, 3.25909354615e-07, 4.09601383922e-08, 4.34385043491e-08, 9.22870810882e-08, 1.02023477666e-07, 6.54687113411e-08, 5.91667728145e-08, 4.64706104708e-08, 4.1027455211e-08, 1.71480074584e-08, 1.26017578594e-08, 1.25282877406e-08, 8.97936835997e-09, 5.40602229648e-09, 2.00743350831e-08, 2.75461129462e-08, 4.83337245782e-08, 2.23413998413e-08, 2.43968334424e-09, 8.73160033166e-09, 1.41665013054e-09, 1.351251111e-09, 1.11643077005e-08, 4.59468862957e-09, 9.36259736406e-10, 4.85711415532e-10, 2.70950351045e-09, 1.4319783137e-09, 1.72724323733e-09, 2.30444530125e-09, 4.62573268578e-09, 3.4508687019e-09, 9.38661037786e-10, 2.7014199766e-09, 3.6932070735e-09, 3.26520988025e-09, 4.30323110479e-10, 7.18614001638e-10, 9.75458269714e-10, 1.69629044144e-09, 8.62062865536e-10, 4.38453745533e-10, 1.07575259811e-09, 1.32855371149e-09, 2.8533797547e-09, 2.06234626599e-10, 6.19535922564e-10, 1.36543043538e-09, 1.35240751931e-09, 1.25111387916e-09, 9.14294528975e-10, 4.36054609088e-10, 1.02786634759e-09, 1.87683557584e-09, 8.18109024969e-10, 9.18220610657e-10, 6.99894420197e-10, 5.47692002861e-10, 4.61276544739e-10, 6.6996697079e-10, 4.86766404961e-10, 8.63664029183e-10, 4.56139792604e-10, 2.6333882297e-10, 4.92579921296e-10, 3.82619158579e-10, 2.39612135688e-10, 1.65190888746e-10, 9.21668782961e-11, 2.1247989479e-10, 3.87725407336e-10, 4.98443786245e-10, 1.06562314528e-10, 9.5328217542e-11, 4.30076169122e-10, 1.58021248864e-10, 2.58283464061e-11, 6.86558102037e-11, 1.09098757806e-10, 7.50696171892e-11, 3.73338547577e-11, 6.08237557542e-11, 2.47124057329e-11, 6.60078935955e-11, 5.73484801314e-11, 4.08784013584e-11, 8.89007270577e-12, 4.22031819214e-11, 1.58592097788e-11, 2.41828015946e-11, 6.12659228905e-11, 1.84460207525e-11, 6.65388855126e-11, 2.10296745295e-11, 6.83122135248e-12, 2.36975768869e-11, 1.12618389007e-12, 3.49426061274e-14, 1.80303160098e-14, 9.97595510024e-15, 1.11016305469e-14, 1.04786556019e-14, 1.24613318796e-14, 9.44427251925e-15, 1.14214803522e-14, 9.03492521277e-15, 1.02765797987e-14, 9.88830582493e-15, 8.64307421884e-15, 1.03706902414e-14, 1.04657137855e-14, 9.73195878946e-15, 1.07260696906e-14, 9.54993056206e-15, 1.11934091079e-14, 1.0742430132e-14, 1.08863588174e-14, 1.10684641248e-14, 1.07149769472e-14, 8.1845600379e-15, 2.75350654109e-15, 3.70271532576e-16, 1.35059610235e-17],
        "stdev": [5.26605754203e-06, 1.82625644811e-05, 6.46351909381e-05, 9.68078966253e-05, 0.000138057133881, 0.000129654465127, 0.000130386091769, 0.000153526125359, 0.000243181144469, 0.000273424520856, 0.000392261397792, 0.00073233054718, 0.000369296380086, 0.000156664158567, 0.000294481898891, 0.000554167898372, 0.000801456626505, 0.00182414264418, 0.00175139051862, 0.00220128172077, 0.00456013064831, 0.00381262786686, 0.00133004039526, 0.000347422086634, 0.000290569034405, 0.000275804690318, 0.000417213741457, 0.000570384203456, 0.000718128459994, 0.000506806187332, 0.000146589271026, 7.42079864722e-05, 5.99410850555e-05, 0.000246129056904, 0.000269351614406, 0.000525609240867, 0.000376073294319, 5.96620884608e-05, 0.0001400012261, 0.000182623785804, 0.000198085355805, 0.000106088293251, 0.00015294336481, 0.000201582472073, 0.000178760063136, 0.000121874531033, 0.000212036597077, 0.000190822247532, 7.81146227382e-05, 9.9439494079e-06, 1.39179310281e-05, 3.23911735904e-05, 1.41700829772e-05, 1.76979610842e-05, 5.19044260727e-05, 2.54413516814e-05, 2.82473156403e-05, 4.2303250666e-05, 2.83099434455e-05, 1.01912519312e-05, 1.64429548022e-05, 1.14720505735e-05, 1.52942247951e-05, 1.95482407435e-05, 1.24962916743e-05, 1.23265963339e-05, 6.74188822813e-06, 3.71483633899e-06, 2.161738621e-06, 1.63492165939e-06, 1.28881708861e-06, 1.11307133466e-06, 1.01802731933e-06, 7.0782681405e-07, 7.16083832231e-07, 1.1069116681e-06, 1.70110604358e-06, 8.53793608258e-07, 5.37396999789e-07, 5.93060462961e-07, 2.7372558975e-07, 2.35084542055e-07, 1.45855452161e-07, 1.16758627655e-07, 1.10124531716e-07, 9.28256582711e-08, 7.53474225235e-08, 6.82371634753e-08, 6.25059897175e-08, 5.9306866973e-08, 5.57055557238e-08, 4.19100487647e-08, 3.45833583992e-08, 3.6597736397e-08, 2.91694739474e-08, 2.48615439347e-08, 2.06414707549e-08, 1.86673467795e-08, 1.84974240369e-08, 1.61519952968e-08, 1.38522837645e-08, 1.04636663778e-08, 7.31284099942e-09, 5.5339905991e-09, 3.39559025342e-09, 2.30390728717e-09, 1.44872080998e-09, 1.23258026008e-09, 1.01466490765e-09, 9.16530240591e-10, 7.70388863813e-10, 6.53283982466e-10, 6.04669314619e-10, 5.64630397992e-10, 5.30889610051e-10, 5.20227805278e-10, 4.68756311545e-10, 4.23217710877e-10, 3.96575772221e-10, 3.35648564498e-10, 2.84511636472e-10, 2.76107997577e-10, 2.72392552958e-10, 2.665928589e-10, 2.61563298798e-10, 2.57589422015e-10, 2.55137855287e-10, 2.53800647165e-10]
    },
    "mfcc": {
        "mean": [-776.626220703, 174.410369873, -34.7995567322, 25.7565441132, -2.72925019264, -9.30860137939, -10.4456119537, -3.06516623497, -7.89007520676, -2.25991535187, 2.1465716362, -1.91108942032, -3.85392618179],
        "cov": [[6568.66845703, -977.078552246, -1601.92138672, -415.66973877, -610.185974121, -620.745483398, -627.308288574, -293.526153564, -36.4757270813, 266.589141846, 533.706176758, 124.537391663, -363.047302246], [-977.078552246, 874.017028809, 129.054092407, 72.7970733643, 138.099853516, -59.5951042175, 75.8367919922, 30.0837001801, -102.233596802, -154.618011475, -82.5638198853, -16.3620300293, 77.3069000244], [-1601.92138672, 129.054092407, 701.809936523, 95.5668106079, 114.034751892, 231.118637085, 155.086975098, 72.5365829468, 77.3709487915, -5.41652536392, -125.907287598, -0.58637201786, 94.5308914185], [-415.66973877, 72.7970733643, 95.5668106079, 313.20614624, 184.645965576, 46.3201141357, -51.2699012756, -27.541721344, -15.1113319397, -45.8365097046, -58.0372200012, -62.6448287964, 15.4437417984], [-610.185974121, 138.099853516, 114.034751892, 184.645965576, 318.574523926, 75.1505432129, -64.6245880127, -60.1599311829, -29.2657833099, -5.52907800674, -64.9815139771, -64.2767486572, 21.6960220337], [-620.745483398, -59.5951042175, 231.118637085, 46.3201141357, 75.1505432129, 260.016174316, 106.654029846, 20.1102237701, 45.1965560913, -5.76173782349, -72.4447784424, -8.64595031738, 19.5723686218], [-627.308288574, 75.8367919922, 155.086975098, -51.2699012756, -64.6245880127, 106.654029846, 276.772674561, 151.19442749, 25.6283874512, -48.8669242859, -68.2627487183, 10.8632354736, 48.1433982849], [-293.526153564, 30.0837001801, 72.5365829468, -27.541721344, -60.1599311829, 20.1102237701, 151.19442749, 197.686813354, 24.2594394684, -81.0766830444, -33.7492446899, 12.7326078415, 22.5725288391], [-36.4757270813, -102.233596802, 77.3709487915, -15.1113319397, -29.2657833099, 45.1965560913, 25.6283874512, 24.2594394684, 122.110176086, 68.3656463623, -7.26619434357, -4.97298717499, -16.7864360809], [266.589141846, -154.618011475, -5.41652536392, -45.8365097046, -5.52907800674, -5.76173782349, -48.8669242859, -81.0766830444, 68.3656463623, 198.072921753, 62.8339347839, -20.0587005615, -33.238079071], [533.706176758, -82.5638198853, -125.907287598, -58.0372200012, -64.9815139771, -72.4447784424, -68.2627487183, -33.7492446899, -7.26619434357, 62.8339347839, 153.769866943, 64.8304824829, -49.0384941101], [124.537391663, -16.3620300293, -0.58637201786, -62.6448287964, -64.2767486572, -8.64595031738, 10.8632354736, 12.7326078415, -4.97298717499, -20.0587005615, 64.8304824829, 121.055862427, 18.3819656372], [-363.047302246, 77.3069000244, 94.5308914185, 15.4437417984, 21.6960220337, 19.5723686218, 48.1433982849, 22.5725288391, -16.7864360809, -33.238079071, -49.0384941101, 18.3819656372, 106.642219543]],
        "icov": [[0.000667308864649, 0.000257907988271, 0.00105502095539, -2.1825559088e-05, 0.000834108795971, 1.21245748232e-05, 0.000933409668505, -0.000120692515338, 4.33366367361e-05, -0.000410443724832, -9.29883535719e-05, -0.000375342584448, 0.000485819880851], [0.000257907988271, 0.00204953947105, -0.000217382039409, 0.000391939858673, -0.000958716205787, 0.0017707592342, -0.00122145330533, 0.00126570358407, 7.56401641411e-05, 0.00176993443165, -0.000599647464696, 0.000441050826339, -0.000106445018901], [0.00105502095539, -0.000217382039409, 0.00452185142785, -0.000705617538188, 0.00126475200523, -0.00198596226983, 0.00169138424098, -0.00128046970349, -0.000718718103599, -0.00218414724804, 0.00128112069797, -0.00196080631576, -0.00040902296314], [-2.1825559088e-05, 0.000391939858673, -0.000705617538188, 0.00586252706125, -0.0029563663993, 0.000260214670561, 0.000314462173264, 0.000988753279671, -0.001602250617, 0.00339734065346, -0.00194647233002, 0.00311452150345, -0.00100474036299], [0.000834108795971, -0.000958716205787, 0.00126475200523, -0.0029563663993, 0.0082344841212, -0.00290577369742, 0.00423975614831, -0.00137411803007, 0.00275251083076, -0.00337817403488, 0.00183667032979, -6.02999607509e-05, 0.000311797251925], [1.21245748232e-05, 0.0017707592342, -0.00198596226983, 0.000260214670561, -0.00290577369742, 0.00910685118288, -0.00500110909343, 0.00385709479451, -0.00218561361544, 0.00259324535728, 0.000892663898412, -0.000920276914258, 0.00187477620784], [0.000933409668505, -0.00122145330533, 0.00169138424098, 0.000314462173264, 0.00423975614831, -0.00500110909343, 0.0125593123958, -0.0083726933226, 0.00287882331759, -0.0048028700985, 0.00348463631235, -0.00178094592411, -0.000458520720713], [-0.000120692515338, 0.00126570358407, -0.00128046970349, 0.000988753279671, -0.00137411803007, 0.00385709479451, -0.0083726933226, 0.0144948074594, -0.00630481634289, 0.00913793407381, -0.00467498833314, 0.00347583834082, -0.000946342945099], [4.33366367361e-05, 7.56401641411e-05, -0.000718718103599, -0.001602250617, 0.00275251083076, -0.00218561361544, 0.00287882331759, -0.00630481634289, 0.0171110965312, -0.0100789498538, 0.00693903304636, -0.00450161797926, 0.00435669533908], [-0.000410443724832, 0.00176993443165, -0.00218414724804, 0.00339734065346, -0.00337817403488, 0.00259324535728, -0.0048028700985, 0.00913793407381, -0.0100789498538, 0.0176308527589, -0.0112685728818, 0.0093711912632, -0.00367929763161], [-9.29883535719e-05, -0.000599647464696, 0.00128112069797, -0.00194647233002, 0.00183667032979, 0.000892663898412, 0.00348463631235, -0.00467498833314, 0.00693903304636, -0.0112685728818, 0.0223440248519, -0.0146099515259, 0.00851642061025], [-0.000375342584448, 0.000441050826339, -0.00196080631576, 0.00311452150345, -6.02999607509e-05, -0.000920276914258, -0.00178094592411, 0.00347583834082, -0.00450161797926, 0.0093711912632, -0.0146099515259, 0.0204253140837, -0.0080877635628], [0.000485819880851, -0.000106445018901, -0.00040902296314, -0.00100474036299, 0.000311797251925, 0.00187477620784, -0.000458520720713, -0.000946342945099, 0.00435669533908, -0.00367929763161, 0.00851642061025, -0.0080877635628, 0.016465395689]]
    },
    "spectral_contrast_coeffs": {
        "max": [-0.449470937252, -0.374778568745, -0.484030634165, -0.593945920467, -0.591205775738, -0.558648467064],
        "mean": [-0.696024119854, -0.674363791943, -0.731982111931, -0.7589635849, -0.746313035488, -0.742651462555],
        "min": [-0.935232818127, -0.912480771542, -0.902908086777, -0.90322047472, -0.895435869694, -0.949103832245],
        "stdev": [0.0695137679577, 0.119285620749, 0.0729087740183, 0.063270188868, 0.0617095530033, 0.0411036759615]
    },
    "spectral_contrast_valleys": {
        "max": [-6.2966132164, -5.42113780975, -5.7937169075, -6.73439264297, -7.00575876236, -10.1214113235],
        "mean": [-7.89036512375, -7.68634128571, -8.62289810181, -8.82927131653, -9.20096969604, -12.9373979568],
        "min": [-9.65526103973, -10.2823877335, -11.3935260773, -11.4922761917, -11.341629982, -14.6048746109],
        "stdev": [0.532691955566, 0.693513154984, 0.768606364727, 0.871376037598, 0.912370979786, 1.12679862976]
    }
},
"rhythm": {
    "beats_count": 60,
    "beats_loudness": {
        "max": 0.0848112553358,
        "mean": 0.0165992360562,
        "min": 0.000255443825154,
        "stdev": 0.0185028873384
    },
    "bpm": 114.167671204,
    "bpm_histogram_first_peak_bpm": 115,
    "bpm_histogram_first_peak_weight": 0.59375,
    "bpm_histogram_second_peak_bpm": 103,
    "bpm_histogram_second_peak_spread": 0.333333313465,
    "bpm_histogram_second_peak_weight": 0.101694911718,
    "danceability": 0.970993041992,
    "onset_rate": 2.89160132408,
    "beats_loudness_band_ratio": {
        "max": [0.933408677578, 0.870378673077, 0.942931115627, 0.694225013256, 0.348390936852, 0.0912747085094],
        "mean": [0.143118843436, 0.23693908751, 0.439979255199, 0.146755054593, 0.0665737465024, 0.0116405067965],
        "min": [0.000943304912653, 0.0038927802816, 0.012838111259, 0.00698259519413, 0.00283842533827, 0.00024918850977],
        "stdev": [0.191778704524, 0.235121920705, 0.295583575964, 0.183236375451, 0.0608902946115, 0.0151452459395]
    },
    "beats_position": [0.49922901392, 1.02167797089, 1.54412698746, 2.06657600403, 2.60063481331, 3.16952371597, 3.73841261864, 4.31891155243, 4.841360569, 5.36380958557, 5.89786815643, 6.43192720413, 6.9543762207, 7.47682523727, 7.98766422272, 8.498503685, 9.04417228699, 9.58984088898, 10.1471195221, 10.71600914, 11.2965078354, 11.8770065308, 12.3762359619, 12.8870744705, 13.3746938705, 13.873922348, 14.3731517792, 14.8491611481, 15.3251695633, 15.8243989944, 16.3468475342, 16.8576869965, 17.3685264587, 17.9490242004, 18.5295238495, 19.1100215912, 19.667301178, 20.2245807648, 20.7818584442, 21.3159179688, 21.8499774933, 22.3608150482, 22.8716545105, 23.3824939728, 23.8817234039, 24.3925609589, 24.9034004211, 25.4490699768, 25.9831295013, 26.5287971497, 27.0512466431, 27.5853061676, 28.1309738159, 28.6766433716, 29.2107028961, 29.7447605133, 30.2672100067, 30.7896595001, 31.3121089935, 31.8345565796],
