{
"metadata": {
    "version": {
        "essentia": "2.1-beta5",
        "essentia_git_sha": "Undefined",
        "extractor": "music 2.0"
    },
    "audio_properties": {
        "analysis": {
            "equal_loudness": 0,
            "length": 32.4963264465,
            "sample_rate": 44100,
            "start_time": 126.502311707,
            "downmix": "mix"
        },
        "bit_rate": 192000,
        "length": 244.36680603,
        "lossless": 0,
        "number_channels": 1,
        "replay_gain": -16.4877128601,
        "sample_rate": 48000,
        "codec": "mp3",
        "md5_encoded": "47b0032b11e8402d3803ee52588340fb"
    },
    "tags": {
        "file_name": "Italy_Aprite Le Finestre_Franca Raimondi.mp3",
        "encoding": ["Lavf58.29.100"]
    }
},
"lowlevel": {
    "average_loudness": 0.937550008297,
    "barkbands_crest": {
        "max": 26.0135288239,
        "mean": 12.2147951126,
        "min": 3.59351038933,
        "stdev": 4.53544425964
    },
    "barkbands_flatness_db": {
        "max": 0.506066322327,
        "mean": 0.278207093477,
        "min": 0.149457708001,
        "stdev": 0.0529957264662
    },
    "barkbands_kurtosis": {
        "max": 181.380889893,
        "mean": 6.8902130127,
        "min": -1.75117385387,
        "stdev": 12.0107536316
    },
    "barkbands_skewness": {
        "max": 11.0218906403,
        "mean": 1.56182897091,
        "min": -2.31890535355,
        "stdev": 1.38197374344
    },
    "barkbands_spread": {
        "max": 32.1837120056,
        "mean": 7.85722446442,
        "min": 0.465404987335,
        "stdev": 5.17225265503
    },
    "dissonance": {
        "max": 0.499623060226,
        "mean": 0.409242719412,
        "min": 0.175163850188,
        "stdev": 0.0512434877455
    },
    "dynamic_complexity": 2.7900557518,
    "erbbands_crest": {
        "max": 32.2907791138,
        "mean": 13.855140686,
        "min": 4.62991476059,
        "stdev": 5.4801735878
    },
    "erbbands_flatness_db": {
        "max": 0.41323980689,
        "mean": 0.285545527935,
        "min": 0.161789789796,
        "stdev": 0.0373798497021
    },
    "erbbands_kurtosis": {
        "max": 114.585525513,
        "mean": 2.74792432785,
        "min": -1.78382956982,
        "stdev": 7.91634702682
    },
    "erbbands_skewness": {
        "max": 8.12358570099,
        "mean": 0.713047206402,
        "min": -4.58633708954,
        "stdev": 1.19309985638
    },
    "erbbands_spread": {
        "max": 63.1270065308,
        "mean": 18.079454422,
        "min": 1.08971834183,
        "stdev": 9.30687713623
    },
    "hfc": {
        "max": 84.3408584595,
        "mean": 14.0403089523,
        "min": 0.0677049830556,
        "stdev": 14.7614459991
    },
    "loudness_ebu128": {
        "integrated": -10.3373985291,
        "loudness_range": 3.4978723526,
        "momentary": {
            "max": -5.94713687897,
            "mean": -10.8177890778,
            "min": -17.2687034607,
            "stdev": 2.13754081726
        },
        "short_term": {
            "max": -8.4124288559,
            "mean": -10.4360322952,
            "min": -13.4044885635,
            "stdev": 1.19434440136
        }
    },
    "melbands_crest": {
        "max": 30.9438018799,
        "mean": 15.8890981674,
        "min": 4.89286088943,
        "stdev": 6.20766305923
    },
    "melbands_flatness_db": {
        "max": 0.595509529114,
        "mean": 0.346230298281,
        "min": 0.186306223273,
        "stdev": 0.0669763982296
    },
    "melbands_kurtosis": {
        "max": 148.753738403,
        "mean": 10.7377090454,
        "min": -1.82068932056,
        "stdev": 15.9693078995
    },
    "melbands_skewness": {
        "max": 8.1313867569,
        "mean": 1.95859372616,
        "min": -1.8349905014,
        "stdev": 1.56579971313
    },
    "melbands_spread": {
        "max": 62.9770469666,
        "mean": 10.6016569138,
        "min": 0.525524914265,
        "stdev": 7.93587589264
    },
    "pitch_salience": {
        "max": 0.815909922123,
        "mean": 0.489732891321,
        "min": 0.0945603400469,
        "stdev": 0.139999911189
    },
    "silence_rate_20dB": {
        "max": 1,
        "mean": 1,
        "min": 1,
        "stdev": 0
    },
    "silence_rate_30dB": {
        "max": 1,
        "mean": 0.965738773346,
        "min": 0,
        "stdev": 0.181900396943
    },
    "silence_rate_60dB": {
        "max": 1,
        "mean": 0.0321199148893,
        "min": 0,
        "stdev": 0.176317185163
    },
    "spectral_centroid": {
        "max": 2043.8449707,
        "mean": 616.401367188,
        "min": 135.426620483,
        "stdev": 316.58605957
    },
    "spectral_complexity": {
        "max": 26,
        "mean": 10.8643827438,
        "min": 1,
        "stdev": 4.48347663879
    },
    "spectral_decrease": {
        "max": -8.05817218508e-11,
        "mean": -8.22132850686e-09,
        "min": -4.6570022505e-08,
        "stdev": 7.58750040575e-09
    },
    "spectral_energy": {
        "max": 0.178008124232,
        "mean": 0.0323026776314,
        "min": 0.000310275208903,
        "stdev": 0.0294682346284
    },
    "spectral_energyband_high": {
        "max": 0.000379024917493,
        "mean": 2.65907947323e-05,
        "min": 5.02466377839e-07,
        "stdev": 5.17901971762e-05
    },
    "spectral_energyband_low": {
        "max": 0.167088866234,
        "mean": 0.013578588143,
        "min": 4.71918065159e-05,
        "stdev": 0.0247412640601
    },
    "spectral_energyband_middle_high": {
        "max": 0.0738480985165,
        "mean": 0.00493593234569,
        "min": 2.01668422051e-06,
        "stdev": 0.00932714994997
    },
    "spectral_energyband_middle_low": {
        "max": 0.142597272992,
        "mean": 0.0147908171639,
        "min": 0.000197284825845,
        "stdev": 0.0143826585263
    },
    "spectral_entropy": {
        "max": 8.57578372955,
        "mean": 6.41000413895,
        "min": 4.53343820572,
        "stdev": 0.422703176737
    },
    "spectral_flux": {
        "max": 0.264488041401,
        "mean": 0.0882408171892,
        "min": 0.00969781726599,
        "stdev": 0.0476217828691
    },
    "spectral_kurtosis": {
        "max": 88.3763275146,
        "mean": 19.916639328,
        "min": 0.35157418251,
        "stdev": 13.5624761581
    },
    "spectral_rms": {
        "max": 0.0131782572716,
        "mean": 0.00508145615458,
        "min": 0.000550188648049,
        "stdev": 0.00238613504916
    },
    "spectral_rolloff": {
        "max": 2519.38476562,
        "mean": 671.694458008,
        "min": 107.666015625,
        "stdev": 432.240142822
    },
    "spectral_skewness": {
        "max": 7.40467023849,
        "mean": 2.95586395264,
        "min": 0.393036991358,
        "stdev": 1.15280783176
    },
    "spectral_spread": {
        "max": 30813314,
        "mean": 1992752,
        "min": 837622.1875,
        "stdev": 926325.8125
    },
    "spectral_strongpeak": {
        "max": 9.68555831909,
        "mean": 1.32336699963,
        "min": 0.0203747432679,
        "stdev": 1.34293091297
    },
    "zerocrossingrate": {
        "max": 0.07275390625,
        "mean": 0.0249584559351,
        "min": 0.00390625,
        "stdev": 0.0121815800667
    },
    "barkbands": {
        "max": [0.000869652954862, 0.0824376642704, 0.139653712511, 0.0202201846987, 0.0407336056232, 0.0649926140904, 0.140532046556, 0.0609265118837, 0.0453751608729, 0.0585861168802, 0.0439906306565, 0.0267066322267, 0.0114723984152, 0.0265789013356, 0.0202742721885, 0.0164766460657, 0.00791728403419, 0.00220726360567, 0.00332300644368, 0.00103561510332, 0.000181474213605, 5.33686688868e-05, 2.01949042093e-05, 1.16727806017e-05, 7.29983230485e-06, 6.4649060505e-07, 3.73381283225e-07],
        "mean": [2.26869851758e-05, 0.00400391872972, 0.00883947685361, 0.00107113807462, 0.00250132731162, 0.00466325832531, 0.00298566464335, 0.000999303651042, 0.00185538234655, 0.00204219506122, 0.000622871622909, 0.000607650785241, 0.000307343958411, 0.000486392847961, 0.000710980501026, 0.000237083790125, 0.000121262593893, 8.72735035955e-05, 9.31414906518e-05, 3.30899929395e-05, 7.6446985986e-06, 1.89465606582e-06, 8.8188846803e-07, 5.64647450574e-07, 2.63586514393e-07, 1.81315904513e-08, 1.14410747543e-08],
        "min": [5.08236155383e-08, 8.88030444912e-06, 4.25932967119e-06, 4.02305613534e-06, 4.99962479807e-05, 6.64998515276e-06, 2.65536118604e-06, 1.24643429444e-06, 1.02205751773e-06, 3.80033412739e-07, 1.94889324234e-07, 5.53985515239e-08, 1.20314894048e-07, 8.48272705412e-08, 1.08124993403e-07, 9.15260471857e-08, 1.00241322798e-07, 7.77728814683e-08, 1.33154415494e-07, 9.38157427299e-08, 8.783280947e-08, 6.66179360564e-08, 5.66235414112e-08, 6.89687524869e-08, 2.49613574255e-08, 8.2753248698e-12, 8.38834817579e-12],
        "stdev": [5.51832235942e-05, 0.00702361762524, 0.0198262780905, 0.00174293597229, 0.0039138738066, 0.00757866678759, 0.00945072434843, 0.00293994089589, 0.00422453088686, 0.0049182549119, 0.00252611585893, 0.00214129150845, 0.00108297984116, 0.00181171030272, 0.00218399544246, 0.000938785262406, 0.000446761638159, 0.000210771337152, 0.000246493378654, 7.82248462201e-05, 1.76182693394e-05, 4.73046748084e-06, 2.0047932594e-06, 1.03428374132e-06, 5.99102463639e-07, 6.13621082834e-08, 3.6474759213e-08]
    },
    "erbbands": {
        "max": [0.955060958862, 22.3380260468, 147.062988281, 70.7308425903, 56.5366706848, 144.409332275, 510.763397217, 652.107421875, 1709.6027832, 1298.45422363, 1678.3704834, 1166.63928223, 1833.58044434, 2712.42431641, 657.801086426, 1247.56860352, 612.37890625, 636.788330078, 1630.87231445, 1453.36584473, 400.045806885, 369.671081543, 109.420753479, 114.833244324, 116.224624634, 58.2443656921, 12.3627023697, 3.71266818047, 1.61342072487, 1.32372641563, 0.578873872757, 0.287114799023, 0.158482432365, 0.124597385526, 0.0286884717643, 0.00349219166674, 0.00121512415353, 0.000320834253216, 0.000116370625619, 0.000193532265257],
        "mean": [0.0450134389102, 1.29416596889, 9.26184654236, 6.55927944183, 4.66934680939, 9.62917613983, 18.9621124268, 42.7886428833, 45.2721366882, 32.5140533447, 25.0129852295, 34.2159500122, 67.2230911255, 63.4269256592, 18.4687213898, 26.4408340454, 17.2284641266, 19.6266899109, 37.8529167175, 26.543592453, 10.6657218933, 6.78974628448, 4.26620149612, 5.28136301041, 3.57657504082, 1.61738824844, 0.64024245739, 0.148827031255, 0.0737016946077, 0.0409249328077, 0.0233059320599, 0.0134184313938, 0.0088263573125, 0.00504979025573, 0.000744460150599, 0.000116960094601, 4.24569407187e-05, 1.10552364276e-05, 1.75202003447e-05, 3.64454281225e-05],
        "min": [0.000105378006992, 0.00167490984313, 0.0151459639892, 0.0319961048663, 0.0282825101167, 0.121839553118, 0.104017868638, 0.0862438604236, 0.0523196905851, 0.0521394275129, 0.034524962306, 0.0162879992276, 0.0169249624014, 0.00850011687726, 0.00908380653709, 0.00319278542884, 0.00843277852982, 0.00485122017562, 0.00756364269182, 0.00593688804656, 0.00482328841463, 0.00537986773998, 0.00507609685883, 0.00549100153148, 0.00646258145571, 0.00392381846905, 0.00357860419899, 0.00312374276109, 0.00261071440764, 0.00223445263691, 0.00161454244517, 0.00154795404524, 0.00104717630893, 0.000645640015136, 2.93551984214e-05, 2.01127772925e-06, 3.06652509607e-07, 4.84373714471e-08, 1.49077393985e-07, 3.41933201753e-07],
        "stdev": [0.0846193432808, 2.22955822945, 20.5036640167, 10.9611215591, 6.2093911171, 15.7192049026, 38.6575813293, 75.1809082031, 112.844970703, 100.88168335, 78.234413147, 74.4146652222, 155.058242798, 195.154327393, 44.9224662781, 94.0597610474, 53.9879302979, 52.8961486816, 134.761398315, 94.5622558594, 30.4025001526, 22.2520389557, 10.094370842, 12.3512639999, 9.26395130157, 3.81633520126, 1.38836789131, 0.323423534632, 0.176472455263, 0.107240393758, 0.051766898483, 0.025627007708, 0.0158999711275, 0.0104757221416, 0.00217426335439, 0.00033684502705, 0.000113553978736, 3.13039890898e-05, 1.77182591869e-05, 3.29011054419e-05]
    },
    "gfcc": {
        "mean": [-106.88898468, 196.943786621, -132.371917725, 16.299943924, -46.3555908203, -8.26321220398, -25.3925876617, -7.08329772949, -5.51296758652, -18.2531833649, 5.4407453537, -23.114982605, 7.93346214294],
        "cov": [[3778.77416992, -462.134002686, -1071.19677734, -136.442718506, 460.693450928, -182.910797119, 112.580734253, 162.490402222, -106.711799622, 312.785064697, -97.4491729736, 62.0668144226, -87.0284957886], [-462.134002686, 411.766998291, 257.808837891, -95.1903915405, 27.7983322144, 21.4957962036, 1.67234861851, -52.0795249939, 52.305721283, -60.3467788696, 38.5634498596, -50.768447876, -17.0780200958], [-1071.19677734, 257.808837891, 930.80645752, 250.124069214, 55.6540298462, 173.399917603, 59.7598419189, -44.7394866943, 49.7297554016, -89.2071762085, -0.0359282121062, -1.98331868649, -40.9460525513], [-136.442718506, -95.1903915405, 250.124069214, 490.666931152, 149.98638916, -45.6425704956, 44.7913208008, 70.9263763428, 16.2534294128, 1.1182757616, -17.0849590302, -19.8149185181, -1.24871516228], [460.693450928, 27.7983322144, 55.6540298462, 149.98638916, 318.76864624, 87.9533081055, 48.4827461243, 41.1816596985, 25.7926387787, 34.1675567627, -30.2924098969, -10.5013360977, -35.0031204224], [-182.910797119, 21.4957962036, 173.399917603, -45.6425704956, 87.9533081055, 369.07119751, 94.8149795532, -50.5786933899, -13.5030813217, -17.5865974426, -36.0061149597, 2.7716088295, -22.2601490021], [112.580734253, 1.67234861851, 59.7598419189, 44.7913208008, 48.4827461243, 94.8149795532, 177.152557373, 63.2759475708, -55.0951957703, -25.7580547333, -9.87238502502, -13.8209009171, -6.09409856796], [162.490402222, -52.0795249939, -44.7394866943, 70.9263763428, 41.1816596985, -50.5786933899, 63.2759475708, 166.765228271, 42.2039642334, -25.0877456665, -28.286151886, 6.62598514557, 9.24280929565], [-106.711799622, 52.305721283, 49.7297554016, 16.2534294128, 25.7926387787, -13.5030813217, -55.0951957703, 42.2039642334, 144.200317383, 32.0592536926, -13.4462747574, 3.00813174248, -2.64002895355], [312.785064697, -60.3467788696, -89.2071762085, 1.1182757616, 34.1675567627, -17.5865974426, -25.7580547333, -25.0877456665, 32.0592536926, 136.517654419, 39.2781715393, -2.84682679176, -27.8526821136], [-97.4491729736, 38.5634498596, -0.0359282121062, -17.0849590302, -30.2924098969, -36.0061149597, -9.87238502502, -28.286151886, -13.4462747574, 39.2781715393, 104.819656372, 25.2332649231, -13.1787595749], [62.0668144226, -50.768447876, -1.98331868649, -19.8149185181, -10.5013360977, 2.7716088295, -13.8209009171, 6.62598514557, 3.00813174248, -2.84682679176, 25.2332649231, 101.138374329, 29.0995121002], [-87.0284957886, -17.0780200958, -40.9460525513, -1.24871516228, -35.0031204224, -22.2601490021, -6.09409856796, 9.24280929565, -2.64002895355, -27.8526821136, -13.1787595749, 29.0995121002, 89.3289871216]],
        "icov": [[0.00176274625119, -0.000529427896254, 0.00135143683292, 0.000785050156992, -0.00240941275842, 0.00176705163904, -0.00158522697166, -0.000671067216899, 0.00272305565886, -0.00462485710159, 0.00479755504057, -0.00369512871839, 0.00225403090008], [-0.000529427896254, 0.0107440734282, -0.00324834301136, 0.00496565597132, -0.00440135318786, 0.00322880735621, -0.00436177058145, 0.00676449341699, -0.00981769803911, 0.0104912165552, -0.010184190236, 0.00911746080965, -0.003290358698], [0.00135143683292, -0.00324834301136, 0.00400492781773, -0.00226195855066, -8.94578697626e-05, -0.000204783558729, -0.00142406241503, 0.000102258833067, 0.00191737769637, -0.00343544711359, 0.00525649543852, -0.00561575079337, 0.0038962890394], [0.000785050156992, 0.00496565597132, -0.00226195855066, 0.00652061728761, -0.00522110098973, 0.00374875962734, -0.00271366164088, 0.0011160869617, -0.00173599936534, 0.000989810680039, -0.00177597720176, 0.00316060613841, -0.00167808949482], [-0.00240941275842, -0.00440135318786, -8.94578697626e-05, -0.00522110098973, 0.010564471595, -0.00561846001074, 0.00421722885221, -0.00289290421642, 0.000193299230887, 0.000727679522242, -0.00113463983871, 0.000588708615396, -0.000102791404061], [0.00176705163904, 0.00322880735621, -0.000204783558729, 0.00374875962734, -0.00561846001074, 0.00855109281838, -0.00793827045709, 0.00579508207738, -0.00244983914308, -0.000935082382057, 0.00414071418345, -0.0026319460012, 0.00218980084173], [-0.00158522697166, -0.00436177058145, -0.00142406241503, -0.00271366164088, 0.00421722885221, -0.00793827045709, 0.0186975225806, -0.013113765046, 0.0109128402546, -0.00251516932622, -0.00236734701321, 0.00324548245408, -0.00263040745631], [-0.000671067216899, 0.00676449341699, 0.000102258833067, 0.0011160869617, -0.00289290421642, 0.00579508207738, -0.013113765046, 0.0209453515708, -0.0165338516235, 0.0127472532913, -0.00486980006099, 0.00249765370972, -9.55108480412e-05], [0.00272305565886, -0.00981769803911, 0.00191737769637, -0.00173599936534, 0.000193299230887, -0.00244983914308, 0.0109128402546, -0.0165338516235, 0.0272925589234, -0.0211859103292, 0.0161145795137, -0.0107096647844, 0.00361806643195], [-0.00462485710159, 0.0104912165552, -0.00343544711359, 0.000989810680039, 0.000727679522242, -0.000935082382057, -0.00251516932622, 0.0127472532913, -0.0211859103292, 0.0333119556308, -0.0245887339115, 0.0161911081523, -0.00464077480137], [0.00479755504057, -0.010184190236, 0.00525649543852, -0.00177597720176, -0.00113463983871, 0.00414071418345, -0.00236734701321, -0.00486980006099, 0.0161145795137, -0.0245887339115, 0.0348802767694, -0.0215835925192, 0.0110276145861], [-0.00369512871839, 0.00911746080965, -0.00561575079337, 0.00316060613841, 0.000588708615396, -0.0026319460012, 0.00324548245408, 0.00249765370972, -0.0107096647844, 0.0161911081523, -0.0215835925192, 0.0273240935057, -0.0122024016455], [0.00225403090008, -0.003290358698, 0.0038962890394, -0.00167808949482, -0.000102791404061, 0.00218980084173, -0.00263040745631, -9.55108480412e-05, 0.00361806643195, -0.00464077480137, 0.0110276145861, -0.0122024016455, 0.0191217027605]]
    },
    "melbands": {
        "max": [0.0167355909944, 0.0507207922637, 0.0113679086789, 0.0077778371051, 0.0134834693745, 0.0141476066783, 0.0290426760912, 0.0114146145061, 0.0128726447001, 0.0076986537315, 0.00964910071343, 0.0103513030335, 0.00276867556386, 0.00356881599873, 0.00164307455998, 0.00129343464505, 0.00117409147788, 0.00331000145525, 0.00182595825754, 0.00154375715647, 0.000586606154684, 0.000562199042179, 0.00011018459918, 0.000102505116956, 9.91657216218e-05, 0.000177089241333, 3.90092282032e-05, 3.75517520297e-05, 1.25043661683e-05, 4.86645285491e-06, 1.70351665929e-06, 9.67516029959e-07, 8.45808131089e-07, 6.70568852001e-07, 3.8526027879e-07, 1.93702192064e-07, 1.90834001046e-07, 1.11052429475e-07, 1.13803466206e-07, 1.13877248964e-07],
        "mean": [0.000752543972339, 0.0035923125688, 0.00110373529606, 0.000528921140358, 0.000605547451414, 0.000939080666285, 0.000704829057213, 0.000311965093715, 0.000198407273274, 0.000243379021413, 0.000328200141666, 0.000256899598753, 6.76197232679e-05, 7.24081328372e-05, 4.51079249615e-05, 3.29161521222e-05, 3.60267040378e-05, 5.94571392867e-05, 5.32626472705e-05, 2.0276667783e-05, 1.14390586532e-05, 7.58593614592e-06, 4.38438974015e-06, 3.79939865525e-06, 4.39141513198e-06, 3.51395010512e-06, 1.5048477735e-06, 9.70174482973e-07, 4.93922527767e-07, 1.38287987284e-07, 6.4102700037e-08, 4.39930971652e-08, 2.89590484925e-08, 1.98300984522e-08, 1.39698714818e-08, 9.99906379917e-09, 7.42836459011e-09, 6.26875618082e-09, 5.47060619027e-09, 3.85369247624e-09],
        "min": [1.73782518686e-06, 7.71652412368e-06, 6.66785672365e-06, 6.36341792415e-06, 3.49519223164e-06, 7.49984792492e-07, 7.16722411198e-07, 3.67165341686e-07, 2.43003995593e-07, 1.26472954776e-07, 7.64284422416e-08, 2.95908417769e-08, 2.64257487004e-08, 1.07474926736e-08, 1.16616156731e-08, 1.62366369238e-08, 6.49416342924e-09, 8.21287482466e-09, 6.04988370512e-09, 4.11328926475e-09, 5.15860820727e-09, 6.2452976124e-09, 4.34494618062e-09, 3.9908578664e-09, 3.93349131045e-09, 4.87569096208e-09, 3.19458193232e-09, 2.07645522998e-09, 1.92597138238e-09, 2.18141238406e-09, 1.45977763211e-09, 1.38601952138e-09, 1.04448361071e-09, 8.20718548677e-10, 5.24712884253e-10, 8.31271107504e-10, 6.35483832223e-10, 6.59952925641e-10, 6.78665845744e-10, 3.72918640412e-10],
        "stdev": [0.00134126737248, 0.00723094819114, 0.00171499722637, 0.000833922298625, 0.00114356598351, 0.00159152143169, 0.00189492874779, 0.000918108795304, 0.000626145512797, 0.000556065875571, 0.000784340023529, 0.000802401278634, 0.000212904822547, 0.000274447695119, 0.000140957708936, 0.000108258172986, 0.000110748529551, 0.000249693664955, 0.000167980833794, 9.73576534307e-05, 3.68209584849e-05, 2.9728633308e-05, 1.19331161841e-05, 9.69430766418e-06, 1.0689886949e-05, 1.1206488125e-05, 3.5354182728e-06, 2.42084092861e-06, 1.20217328003e-06, 3.25476349872e-07, 1.49484932876e-07, 1.0461750577e-07, 7.81652218507e-08, 5.16746290202e-08, 3.2323541177e-08, 1.98766798576e-08, 1.41311167212e-08, 1.12124469709e-08, 1.03332027379e-08, 8.71219008047e-09]
    },
    "melbands128": {
        "max": [0.000282089051325, 0.00326781207696, 0.0242018494755, 0.0445312559605, 0.0789405927062, 0.0574537068605, 0.0165925268084, 0.00684351753443, 0.00590759795159, 0.0142299383879, 0.00887431390584, 0.0194848924875, 0.0247546993196, 0.0143944341689, 0.0202125050128, 0.0320587679744, 0.0152995241806, 0.0520655103028, 0.0454219989479, 0.0218195840716, 0.00747910374776, 0.0145473601297, 0.0217050611973, 0.00586216012016, 0.0099936183542, 0.01122920122, 0.0190879162401, 0.015124026686, 0.0144669292495, 0.0118978964165, 0.0234253387898, 0.00759938079864, 0.00539275025949, 0.00424626143649, 0.00256571499631, 0.00826979987323, 0.00359308463521, 0.00320974411443, 0.00253788055852, 0.00295097706839, 0.0022125991527, 0.00137181370519, 0.00258984835818, 0.00333106284961, 0.00525364745408, 0.00611002836376, 0.00463944487274, 0.00299195758998, 0.00481219077483, 0.00538532668725, 0.00230482174084, 0.00167874689214, 0.000945265812334, 0.00106101995334, 0.00144507712685, 0.000689918582793, 0.00054218742298, 0.000264334667008, 0.000214696599869, 0.000221738126129, 0.000217709413846, 0.000265486800345, 0.000207311983104, 0.000156392052304, 0.000395153445425, 0.00028419890441, 0.000167790029082, 4.07129591622e-05, 7.19588133506e-05, 9.84745784081e-05, 3.52156748704e-05, 3.86602441722e-05, 2.90543684969e-05, 1.80001352419e-05, 1.18573780128e-05, 5.69879784962e-06, 4.07802554037e-06, 3.94443668483e-06, 2.86472186417e-06, 1.96756195692e-06, 1.62663934589e-06, 1.40553606798e-06, 1.71324188614e-06, 8.39247547901e-07, 1.37957090374e-06, 7.37103846404e-07, 7.25614881958e-07, 7.27354120045e-07, 4.10106451909e-07, 4.1584175392e-07, 2.01578970405e-07, 2.54874038319e-07, 1.68993707916e-07, 2.38372692252e-07, 1.93299626972e-07, 1.15894621899e-07, 1.15271660661e-07, 1.63075526416e-07, 1.50308025582e-07, 9.94775319896e-08, 1.48602083527e-07, 1.35602192586e-07, 9.05796539996e-08, 5.28038555103e-08, 2.24854890263e-08, 1.00692805205e-08, 8.05373900903e-09, 6.54440501791e-09, 6.26335383558e-09, 5.79087799935e-09, 4.04832478651e-09, 3.33696070776e-09, 4.27840651795e-09, 3.96626687049e-09, 4.53258941491e-09, 3.27686655588e-09, 2.7631450461e-09, 2.41990516514e-09, 2.48958453852e-09, 2.40211006641e-09, 2.57121990366e-09, 2.66262523141e-09, 1.9975257004e-09, 1.80172754494e-09, 1.3024340495e-09, 1.28250177145e-09, 1.27095634017e-09, 1.26417276647e-09],
        "mean": [1.32139093694e-05, 0.000128063606098, 0.000850494310725, 0.00231471494772, 0.00489916745573, 0.00385138648562, 0.00133221130818, 0.000427803461207, 0.000373433955247, 0.000668657303322, 0.000528812175617, 0.00040746940067, 0.000613819342107, 0.000836086925119, 0.00101584859658, 0.00105663889553, 0.000662112957798, 0.000740438059438, 0.000634006515611, 0.000340586353559, 0.000136223563459, 0.000190415987163, 0.000248272932367, 0.000141023774631, 0.000195715867449, 0.000201448623557, 0.000534896273166, 0.000339503836585, 0.0001748661889, 0.000268188596237, 0.000351228663931, 9.77891322691e-05, 5.34648388566e-05, 2.70912896667e-05, 4.72468746011e-05, 0.000110761087853, 7.43901327951e-05, 3.1739116821e-05, 2.87918173854e-05, 5.2981551562e-05, 2.10497546504e-05, 2.8135442335e-05, 3.49684196408e-05, 4.04528836953e-05, 4.89033445774e-05, 6.26514593023e-05, 7.13697299943e-05, 6.46744156256e-05, 3.80359415431e-05, 3.24093707604e-05, 1.87589484995e-05, 7.28656596038e-06, 1.28195106299e-05, 1.15354650916e-05, 1.15687334983e-05, 7.14921634426e-06, 4.78659967484e-06, 4.6536733862e-06, 4.69729411634e-06, 2.5613253456e-06, 3.40447104463e-06, 5.20338289789e-06, 4.24926929554e-06, 3.57505814463e-06, 5.53664585823e-06, 3.75260083274e-06, 2.4642642984e-06, 1.68626831965e-06, 1.3232343008e-06, 1.08487904527e-06, 1.10619816951e-06, 8.47417197747e-07, 6.18611522896e-07, 4.98894166867e-07, 2.46597977593e-07, 1.3163320034e-07, 1.01972823074e-07, 6.75494717939e-08, 6.14829289702e-08, 5.79469165984e-08, 4.63333407197e-08, 3.93626358175e-08, 3.35576260113e-08, 2.82110637073e-08, 2.52158951497e-08, 2.14734452442e-08, 1.80163066688e-08, 1.63062541247e-08, 1.37335014472e-08, 1.27668400296e-08, 1.04823110192e-08, 9.61312718317e-09, 8.12002287631e-09, 7.45602601882e-09, 7.04334812696e-09, 6.46979358976e-09, 6.12798034538e-09, 5.83721693204e-09, 5.58271295859e-09, 5.27218135815e-09, 5.02830843629e-09, 4.01435995556e-09, 1.8762016385e-09, 1.12808784536e-09, 4.20671802948e-10, 2.09408781982e-10, 1.73688785576e-10, 1.6105812517e-10, 1.46899881148e-10, 1.33953639847e-10, 1.21279652987e-10, 1.08262024345e-10, 9.75455966001e-11, 8.80004680237e-11, 7.83850970243e-11, 6.99134292126e-11, 6.52680479107e-11, 6.2804733636e-11, 6.05648309282e-11, 5.94421317723e-11, 6.40140371266e-11, 6.99590940734e-11, 5.9918216222e-11, 3.70546753004e-11, 1.3819366658e-11, 5.85358411048e-12, 4.97339452607e-12, 4.88785617883e-12],
        "min": [7.65477181641e-10, 7.26678877072e-08, 3.5639214957e-07, 1.08252743303e-06, 1.17831632451e-06, 1.92242305275e-06, 8.65200888711e-07, 1.02418584902e-06, 1.10282951482e-06, 2.2133258426e-06, 9.85720816971e-07, 1.12659245133e-06, 2.28163514748e-07, 1.00205784292e-06, 3.61639905577e-07, 1.33869164642e-07, 1.72825380673e-07, 1.62697304518e-07, 8.91299478667e-08, 1.12756382009e-07, 8.3158973041e-08, 2.06478006248e-07, 7.77354216552e-08, 4.75886352547e-08, 5.01061165892e-08, 5.77369334565e-08, 7.2610340851e-08, 3.71144821543e-08, 1.13115694589e-08, 1.12911981986e-08, 8.55873061312e-09, 1.44889451548e-08, 1.63579318979e-08, 1.34672566432e-08, 5.11576914164e-09, 3.34557581638e-09, 4.16859968766e-09, 7.48375139636e-09, 6.64776855785e-09, 8.47001402349e-09, 4.46383108255e-09, 6.61588916984e-09, 3.22929216701e-09, 7.06293601382e-09, 5.16057507838e-09, 3.21767856803e-09, 3.96371246936e-09, 3.24667115414e-09, 4.01907529479e-09, 5.65937252617e-09, 1.46248935184e-09, 1.72202174742e-09, 3.35290661901e-09, 3.22994164748e-09, 3.41886652322e-09, 4.18296153271e-09, 2.46410070126e-09, 1.58507995618e-09, 2.52550513835e-09, 1.70435088265e-09, 2.80569367739e-09, 2.54494381124e-09, 1.68056557559e-09, 2.57145194027e-09, 3.04876124346e-09, 1.61158975054e-09, 2.66380761893e-09, 1.65991609347e-09, 4.17581719203e-10, 1.14713394339e-09, 1.2118578363e-09, 1.09341036225e-09, 8.14863287957e-10, 1.2168627217e-09, 7.00399516163e-10, 1.14148246411e-09, 7.30601523724e-10, 3.10361569777e-10, 2.30246238742e-10, 5.82261683313e-10, 5.64014113191e-10, 1.8418672143e-10, 4.68834748801e-10, 3.72084973943e-10, 1.97166893923e-10, 4.22739315775e-10, 4.69219212096e-11, 1.33097713406e-10, 7.26686696928e-11, 2.01221039831e-10, 7.4574992015e-11, 1.06940095668e-10, 1.08365288964e-10, 1.0949582907e-10, 4.70613201187e-11, 2.50661658097e-10, 4.40510024291e-11, 9.94146362454e-11, 6.68441690888e-11, 5.15283683777e-11, 1.09472604592e-10, 2.36991524495e-12, 1.97249131633e-13, 4.60779485856e-14, 1.96764347572e-14, 1.87399703774e-14, 2.48114754382e-14, 2.11222624e-14, 4.48245498878e-14, 4.33777498513e-14, 3.34653637267e-14, 4.39778049318e-14, 5.02438260268e-14, 4.69017525013e-14, 3.52499096806e-14, 3.41455311833e-14, 3.15863363297e-14, 2.6738880275e-14, 3.20501885123e-14, 2.81878639625e-14, 2.95384715494e-14, 3.02853750379e-14, 2.13800789003e-14, 2.06979022815e-14, 1.99979549115e-14, 8.40827499179e-15, 7.07197336783e-16, 4.83773272529e-17],
        "stdev": [2.37867534452e-05, 0.000314709322993, 0.00187261414248, 0.00416554836556, 0.0108830938116, 0.00836868863553, 0.00230219913647, 0.000634198018815, 0.00059130002046, 0.00134028121829, 0.000953311333433, 0.00123781373259, 0.00174246600363, 0.00175354012754, 0.00208875793032, 0.0026363322977, 0.00130509445444, 0.00312850670889, 0.00278113503009, 0.001359783113, 0.000408312567743, 0.000736190879252, 0.00101588480175, 0.000396941381041, 0.000673329806887, 0.000712427019607, 0.0016295616515, 0.00106406747364, 0.000783071795013, 0.000956249132287, 0.00136262620799, 0.000513062463142, 0.000224481351324, 0.000143703538924, 0.000182906936971, 0.000570535252336, 0.000305770168779, 0.000179746479262, 0.000138892646646, 0.000232497695833, 0.000130268934299, 0.000102013815194, 0.000130431333673, 0.000228004471865, 0.000321618979797, 0.0003974448191, 0.000292075797915, 0.000250756304013, 0.000234708189964, 0.000242626309046, 0.000120131691801, 5.28606869921e-05, 5.55243677809e-05, 4.99639463669e-05, 6.74069306115e-05, 3.94647649955e-05, 2.64177124336e-05, 1.64268403751e-05, 1.63785625773e-05, 1.04447599369e-05, 1.31341403176e-05, 1.62708674907e-05, 1.48379785969e-05, 1.26475006255e-05, 2.43276736001e-05, 1.69633494806e-05, 9.5457317002e-06, 4.43216913482e-06, 4.25737607657e-06, 4.28624889537e-06, 3.02865009871e-06, 2.62245976046e-06, 2.03122772291e-06, 1.4813369944e-06, 7.42916313357e-07, 3.52981885499e-07, 2.76340870187e-07, 1.83725390457e-07, 1.63737936987e-07, 1.49909652691e-07, 1.17073597039e-07, 1.03996960377e-07, 1.00904472333e-07, 7.79119275762e-08, 7.99275170493e-08, 5.84368038403e-08, 4.8902702332e-08, 4.52200623613e-08, 3.27571960668e-08, 2.87767765172e-08, 2.10639559128e-08, 1.99571985604e-08, 1.63676485698e-08, 1.5173300838e-08, 1.40394691428e-08, 1.13515667977e-08, 1.14734639567e-08, 1.12038218703e-08, 1.15957305979e-08, 1.01328518909e-08, 1.00745722875e-08, 9.60541424178e-09, 6.47543485499e-09, 4.2431702596e-09, 1.4101282364e-09, 7.12646497369e-10, 5.99838012594e-10, 5.67241309479e-10, 5.11002240522e-10, 4.74710215581e-10, 4.15612405602e-10, 3.56794510603e-10, 3.4798428028e-10, 3.06557529361e-10, 2.81045797745e-10, 2.40827691123e-10, 2.24840521201e-10, 2.12704381886e-10, 2.00386041094e-10, 1.91829607754e-10, 2.07100128713e-10, 2.39421343862e-10, 1.99568389592e-10, 1.30275373822e-10, 5.46184694694e-11, 3.68737818057e-11, 3.61435256724e-11, 3.59424330576e-11]
    },
    "mfcc": {
        "mean": [-744.636230469, 214.704788208, -12.9454269409, 23.9080200195, 4.67397880554, -5.51779270172, 0.161319166422, -3.73513746262, -2.37742185593, 5.4294719696, -4.95546913147, -5.02281475067, -1.87080132961],
        "cov": [[4075.01098633, -357.905548096, -1461.06604004, 136.504760742, -71.7428817749, -95.9000930786, 83.3353042603, -131.805831909, -37.8065109253, 218.305953979, 43.3348312378, -119.356697083, 54.2971305847], [-357.905548096, 532.240356445, 152.849639893, -195.287704468, 36.155632019, 22.5616397858, -18.7808055878, -3.10376644135, -8.27728939056, -25.5797176361, 17.4427089691, 54.6183776855, -0.670197606087], [-1461.06604004, 152.849639893, 823.15032959, 58.2954673767, 74.1397628784, 163.102828979, 28.9960193634, 106.165863037, 36.5289573669, -78.5206604004, 16.3073501587, 62.3546943665, -8.81928253174], [136.504760742, -195.287704468, 58.2954673767, 549.159179688, 139.412811279, -76.7665786743, 51.075592041, 30.8294639587, 28.0462379456, 49.4779701233, 10.9963550568, 31.5128650665, -0.619247198105], [-71.7428817749, 36.155632019, 74.1397628784, 139.412811279, 250.979873657, 102.542373657, -13.3953514099, 44.6024436951, 55.3356590271, 16.4020614624, 32.9669189453, 44.5338630676, 14.4112682343], [-95.9000930786, 22.5616397858, 163.102828979, -76.7665786743, 102.542373657, 309.791992188, 96.3991317749, 23.4952735901, 21.6750202179, 7.639128685, 28.5050506592, -0.442287474871, 10.5446243286], [83.3353042603, -18.7808055878, 28.9960193634, 51.075592041, -13.3953514099, 96.3991317749, 229.135620117, 80.2259902954, -10.5904140472, 44.2777519226, -6.72755241394, -53.5300064087, 2.28036403656], [-131.805831909, -3.10376644135, 106.165863037, 30.8294639587, 44.6024436951, 23.4952735901, 80.2259902954, 182.61088562, 88.8027420044, -6.16195249557, -15.4369840622, -9.84083747864, 13.3941030502], [-37.8065109253, -8.27728939056, 36.5289573669, 28.0462379456, 55.3356590271, 21.6750202179, -10.5904140472, 88.8027420044, 138.939178467, 36.6777305603, -14.7295379639, -5.97794866562, -1.96579813957], [218.305953979, -25.5797176361, -78.5206604004, 49.4779701233, 16.4020614624, 7.639128685, 44.2777519226, -6.16195249557, 36.6777305603, 141.352935791, 41.5434074402, -53.3835716248, -22.5890369415], [43.3348312378, 17.4427089691, 16.3073501587, 10.9963550568, 32.9669189453, 28.5050506592, -6.72755241394, -15.4369840622, -14.7295379639, 41.5434074402, 102.781341553, 42.4150772095, -6.78618144989], [-119.356697083, 54.6183776855, 62.3546943665, 31.5128650665, 44.5338630676, -0.442287474871, -53.5300064087, -9.84083747864, -5.97794866562, -53.3835716248, 42.4150772095, 148.177978516, 59.3360824585], [54.2971305847, -0.670197606087, -8.81928253174, -0.619247198105, 14.4112682343, 10.5446243286, 2.28036403656, 13.3941030502, -1.96579813957, -22.5890369415, -6.78618144989, 59.3360824585, 112.389419556]],
        "icov": [[0.00105398590676, -0.00047642327263, 0.00231934851035, -0.00132685841527, 0.00131993147079, -0.00173177511897, 0.000883705099113, -0.000968960637692, 0.00025087717222, 6.34118769085e-05, -0.00097617355641, 0.000775644381065, -0.00069788377732], [-0.00047642327263, 0.00348021369427, -0.00207682116888, 0.00313628325239, -0.0031457815785, 0.00303709157743, -0.00252818269655, 0.00193135859445, -0.000400002405513, -0.000802972295787, 0.00125877570827, -0.00245607201941, 0.00124908785801], [0.00231934851035, -0.00207682116888, 0.00721939560026, -0.00435723271221, 0.00446826498955, -0.00616199942306, 0.00364455883391, -0.00439476082101, 0.00135034241248, 0.00082580227172, -0.00229316740297, 0.00155719788745, -0.000906401139218], [-0.00132685841527, 0.00313628325239, -0.00435723271221, 0.00704040611163, -0.00671065598726, 0.0069408705458, -0.00573759619147, 0.00432888232172, -0.00164226896595, -0.00115446327254, 0.00228475290351, -0.0035377512686, 0.00191135064233], [0.00131993147079, -0.0031457815785, 0.00446826498955, -0.00671065598726, 0.0124171990901, -0.00932431593537, 0.00778721272945, -0.00688275787979, 0.00209825253114, -0.00144499388989, -0.00146503245924, 0.000818823406007, -0.00117239658721], [-0.00173177511897, 0.00303709157743, -0.00616199942306, 0.0069408705458, -0.00932431593537, 0.0136775448918, -0.0106678223237, 0.00961431208998, -0.00667117442936, 0.00378307118081, -0.00207108748145, -6.00883176958e-05, -5.71759373997e-05], [0.000883705099113, -0.00252818269655, 0.00364455883391, -0.00573759619147, 0.00778721272945, -0.0106678223237, 0.0169374924153, -0.0141345243901, 0.0118210976943, -0.00821249838918, 0.00430283183232, 0.000552913639694, -0.000320402934449], [-0.000968960637692, 0.00193135859445, -0.00439476082101, 0.00432888232172, -0.00688275787979, 0.00961431208998, -0.0141345243901, 0.0219184793532, -0.0172255299985, 0.0111538916826, -0.00672166794538, 0.00430071353912, -0.00292213074863], [0.00025087717222, -0.000400002405513, 0.00135034241248, -0.00164226896595, 0.00209825253114, -0.00667117442936, 0.0118210976943, -0.0172255299985, 0.0244478620589, -0.0154160372913, 0.0121732484549, -0.00701087154448, 0.00390878785402], [6.34118769085e-05, -0.000802972295787, 0.00082580227172, -0.00115446327254, -0.00144499388989, 0.00378307118081, -0.00821249838918, 0.0111538916826, -0.0154160372913, 0.0239729322493, -0.0170421898365, 0.0132799632847, -0.00480081373826], [-0.00097617355641, 0.00125877570827, -0.00229316740297, 0.00228475290351, -0.00146503245924, -0.00207108748145, 0.00430283183232, -0.00672166794538, 0.0121732484549, -0.0170421898365, 0.0259010344744, -0.0154647091404, 0.00792384333909], [0.000775644381065, -0.00245607201941, 0.00155719788745, -0.0035377512686, 0.000818823406007, -6.00883176958e-05, 0.000552913639694, 0.00430071353912, -0.00701087154448, 0.0132799632847, -0.0154647091404, 0.0218892265111, -0.0108534954488], [-0.00069788377732, 0.00124908785801, -0.000906401139218, 0.00191135064233, -0.00117239658721, -5.71759373997e-05, -0.000320402934449, -0.00292213074863, 0.00390878785402, -0.00480081373826, 0.00792384333909, -0.0108534954488, 0.0150041105226]]
    },
    "spectral_contrast_coeffs": {
        "max": [-0.440238058567, -0.387507408857, -0.463394284248, -0.582387208939, -0.608031868935, -0.657609164715],
        "mean": [-0.683963775635, -0.700126290321, -0.702079057693, -0.770778417587, -0.789805054665, -0.77644354105],
        "min": [-0.851660370827, -0.917583823204, -0.928739070892, -0.91920208931, -0.922662079334, -0.947071909904],
        "stdev": [0.0740168765187, 0.0871012285352, 0.089019715786, 0.0658456087112, 0.0502799861133, 0.0282453522086]
    },
    "spectral_contrast_valleys": {
        "max": [-5.1543135643, -4.8881778717, -5.68689680099, -6.48780822754, -6.72392034531, -10.4340429306],
        "mean": [-6.70711565018, -6.79515838623, -7.94111633301, -8.39628601074, -8.96916103363, -12.7467212677],
        "min": [-8.45984458923, -9.240193367, -10.6155023575, -10.8428564072, -10.6765832901, -13.895606041],
        "stdev": [0.574442088604, 0.67614877224, 0.690059363842, 0.748647511005, 0.806014418602, 0.733810484409]
    }
},
"rhythm": {
    "beats_count": 76,
    "beats_loudness": {
        "max": 0.174652934074,
        "mean": 0.0616381987929,
        "min": 0.00650514476001,
        "stdev": 0.036341752857
    },
    "bpm": 143.276657104,
    "bpm_histogram_first_peak_bpm": 144,
    "bpm_histogram_first_peak_weight": 0.442622959614,
    "bpm_histogram_second_peak_bpm": 136,
    "bpm_histogram_second_peak_spread": 0.363636374474,
    "bpm_histogram_second_peak_weight": 0.0933333337307,
    "danceability": 1.32686316967,
    "onset_rate": 4.15283155441,
    "beats_loudness_band_ratio": {
        "max": [0.971765697002, 0.88841688633, 0.947410643101, 0.648139774799, 0.370982348919, 0.0560341738164],
        "mean": [0.511215031147, 0.169440060854, 0.19453163445, 0.101607300341, 0.0470815002918, 0.00400298507884],
        "min": [0.0175126902759, 0.00829107034951, 0.0016827628715, 0.000244743394433, 0.000142945253174, 2.09074387385e-05],
        "stdev": [0.335529953241, 0.174478977919, 0.213964045048, 0.142556414008, 0.087435528636, 0.00873354263604]
    },
