{
"metadata": {
    "version": {
        "essentia": "2.1-beta5",
        "essentia_git_sha": "Undefined",
        "extractor": "music 2.0"
    },
    "audio_properties": {
        "analysis": {
            "equal_loudness": 0,
            "length": 31.8345584869,
            "sample_rate": 44100,
            "start_time": 288.995544434,
            "downmix": "mix"
        },
        "bit_rate": 192000,
        "length": 320.85333252,
        "lossless": 0,
        "number_channels": 1,
        "replay_gain": -17.4142971039,
        "sample_rate": 48000,
        "codec": "mp3",
        "md5_encoded": "9b29d2fac6144a86eedb3e64d1a9a0d7"
    },
    "tags": {
        "file_name": "Belgium_Messieurs Les Noyés De La Seine_Fud Leclerc.mp3",
        "encoding": ["Lavf58.29.100"]
    }
},
"lowlevel": {
    "average_loudness": 0.100908383727,
    "barkbands_crest": {
        "max": 26.2630252838,
        "mean": 8.90456771851,
        "min": 2.48755288124,
        "stdev": 5.23031139374
    },
    "barkbands_flatness_db": {
        "max": 0.416125684977,
        "mean": 0.205357432365,
        "min": 0.0724649429321,
        "stdev": 0.0701885744929
    },
    "barkbands_kurtosis": {
        "max": 140.051651001,
        "mean": 5.77934646606,
        "min": -1.65205895901,
        "stdev": 12.309343338
    },
    "barkbands_skewness": {
        "max": 9.61066436768,
        "mean": 1.07461464405,
        "min": -1.31558704376,
        "stdev": 1.66685378551
    },
    "barkbands_spread": {
        "max": 40.0398712158,
        "mean": 15.6560821533,
        "min": 0.780350267887,
        "stdev": 9.44618606567
    },
    "dissonance": {
        "max": 0.499947041273,
        "mean": 0.44537460804,
        "min": 0.145265802741,
        "stdev": 0.0671798810363
    },
    "dynamic_complexity": 6.2861700058,
    "erbbands_crest": {
        "max": 30.6933345795,
        "mean": 10.1207675934,
        "min": 3.34790945053,
        "stdev": 5.94154071808
    },
    "erbbands_flatness_db": {
        "max": 0.414320200682,
        "mean": 0.248642921448,
        "min": 0.0849001854658,
        "stdev": 0.0529452636838
    },
    "erbbands_kurtosis": {
        "max": 57.5883865356,
        "mean": 2.48789644241,
        "min": -1.59297025204,
        "stdev": 5.81030607224
    },
    "erbbands_skewness": {
        "max": 6.12054491043,
        "mean": 0.361907035112,
        "min": -1.90329277515,
        "stdev": 1.20314848423
    },
    "erbbands_spread": {
        "max": 105.867156982,
        "mean": 22.2747936249,
        "min": 2.10717844963,
        "stdev": 16.4112472534
    },
    "hfc": {
        "max": 59.9265632629,
        "mean": 7.26682281494,
        "min": 0.00733963167295,
        "stdev": 8.4029417038
    },
    "loudness_ebu128": {
        "integrated": -12.9122867584,
        "loudness_range": 10.6322536469,
        "momentary": {
            "max": -5.98994112015,
            "mean": -16.4461193085,
            "min": -36.0416412354,
            "stdev": 5.90988397598
        },
        "short_term": {
            "max": -7.18433904648,
            "mean": -14.5254058838,
            "min": -19.4036960602,
            "stdev": 3.33301091194
        }
    },
    "melbands_crest": {
        "max": 31.0364742279,
        "mean": 12.1356267929,
        "min": 2.61909985542,
        "stdev": 6.60682868958
    },
    "melbands_flatness_db": {
        "max": 0.509788393974,
        "mean": 0.233957290649,
        "min": 0.100148484111,
        "stdev": 0.0918318331242
    },
    "melbands_kurtosis": {
        "max": 250.659362793,
        "mean": 11.1406002045,
        "min": -1.56498551369,
        "stdev": 26.6076278687
    },
    "melbands_skewness": {
        "max": 11.0645399094,
        "mean": 1.68366384506,
        "min": -0.891979575157,
        "stdev": 2.01413154602
    },
    "melbands_spread": {
        "max": 80.5525436401,
        "mean": 24.5780105591,
        "min": 0.61926060915,
        "stdev": 16.7813053131
    },
    "pitch_salience": {
        "max": 0.884953439236,
        "mean": 0.598730742931,
        "min": 0.0762885734439,
        "stdev": 0.156679198146
    },
    "silence_rate_20dB": {
        "max": 1,
        "mean": 1,
        "min": 1,
        "stdev": 0
    },
    "silence_rate_30dB": {
        "max": 1,
        "mean": 0.997813403606,
        "min": 0,
        "stdev": 0.0467097051442
    },
    "silence_rate_60dB": {
        "max": 1,
        "mean": 0.387026250362,
        "min": 0,
        "stdev": 0.487069040537
    },
    "spectral_centroid": {
        "max": 2804.06713867,
        "mean": 1229.64025879,
        "min": 166.980316162,
        "stdev": 591.331604004
    },
    "spectral_complexity": {
        "max": 32,
        "mean": 12.6333818436,
        "min": 0,
        "stdev": 7.7156329155
    },
    "spectral_decrease": {
        "max": -6.477407586e-12,
        "mean": -2.91697621613e-09,
        "min": -4.15126883979e-08,
        "stdev": 4.53800508282e-09
    },
    "spectral_energy": {
        "max": 0.158130794764,
        "mean": 0.0116684641689,
        "min": 2.51129458775e-05,
        "stdev": 0.0177922658622
    },
    "spectral_energyband_high": {
        "max": 0.00351613480598,
        "mean": 0.000140298390761,
        "min": 3.37708570441e-07,
        "stdev": 0.000398831791244
    },
    "spectral_energyband_low": {
        "max": 0.152947157621,
        "mean": 0.00179867516272,
        "min": 1.23228373923e-05,
        "stdev": 0.00663156900555
    },
    "spectral_energyband_middle_high": {
        "max": 0.0148349422961,
        "mean": 0.00227410439402,
        "min": 6.0450690853e-07,
        "stdev": 0.00223358045332
    },
    "spectral_energyband_middle_low": {
        "max": 0.118907757103,
        "mean": 0.00764245213941,
        "min": 3.3280794014e-06,
        "stdev": 0.015975734219
    },
    "spectral_entropy": {
        "max": 8.10471343994,
        "mean": 7.13987064362,
        "min": 4.83871507645,
        "stdev": 0.734577834606
    },
    "spectral_flux": {
        "max": 0.201770097017,
        "mean": 0.0424777269363,
        "min": 0.00188618805259,
        "stdev": 0.0252334065735
    },
    "spectral_kurtosis": {
        "max": 56.9556694031,
        "mean": 8.01080322266,
        "min": -0.854073286057,
        "stdev": 7.95358467102
    },
    "spectral_rms": {
        "max": 0.0124207064509,
        "mean": 0.00272198626772,
        "min": 0.000156526148203,
        "stdev": 0.00199365848675
    },
    "spectral_rolloff": {
        "max": 3596.04492188,
        "mean": 1292.63684082,
        "min": 86.1328125,
        "stdev": 755.113586426
    },
    "spectral_skewness": {
        "max": 6.14855003357,
        "mean": 1.71121525764,
        "min": 0.350381702185,
        "stdev": 0.882738351822
    },
    "spectral_spread": {
        "max": 13371332,
        "mean": 2559569.25,
        "min": 1278662.75,
        "stdev": 943277.375
    },
    "spectral_strongpeak": {
        "max": 5.91442632675,
        "mean": 0.704424202442,
        "min": 0.00540355779231,
        "stdev": 0.996836483479
    },
    "zerocrossingrate": {
        "max": 0.09521484375,
        "mean": 0.047129817307,
        "min": 0.0048828125,
        "stdev": 0.0222689919174
    },
    "barkbands": {
        "max": [0.00111352838576, 0.102367281914, 0.0505537427962, 0.00724414503202, 0.0198322106153, 0.0512979179621, 0.117494866252, 0.00574755622074, 0.0188673827797, 0.00517880730331, 0.00470893178135, 0.00965084601194, 0.00746818399057, 0.00218917336315, 0.00227059284225, 0.00199641357176, 0.000939897203352, 0.00207240879536, 0.00101244344842, 0.00141377793625, 0.00176623824518, 0.000334617565386, 7.74797445047e-05, 0.000105622806586, 2.3392217372e-06, 1.20500672551e-07, 1.27010920892e-07],
        "mean": [1.59151659318e-05, 0.000965220038779, 0.000660623773001, 0.000316473335261, 0.00129085965455, 0.00187437643763, 0.00328893493861, 0.000319419865264, 0.00049144262448, 0.000293384160614, 0.000351310503902, 0.00047072515008, 0.000346343149431, 0.000188507314306, 0.000205175892916, 0.000169471662957, 0.000116792660265, 8.50872893352e-05, 6.62249003653e-05, 7.74298605393e-05, 5.30271463504e-05, 1.56127407536e-05, 3.14123121825e-06, 2.8439324069e-06, 1.41045674695e-07, 1.87753790293e-09, 8.76376637926e-10],
        "min": [1.20637695389e-08, 4.04766342399e-06, 2.34524418374e-06, 2.97300886132e-07, 4.13216213246e-07, 1.50033855562e-07, 1.34799265084e-07, 7.30087847955e-08, 9.5921713239e-08, 2.2941435418e-08, 1.92819786804e-08, 4.32681801499e-08, 1.85282225118e-08, 2.46120208658e-08, 2.13861213183e-08, 2.69250168827e-08, 2.50815883618e-08, 4.82105342314e-08, 4.1699330211e-08, 4.146961885e-08, 5.96062079694e-08, 3.96040142903e-08, 4.36663896153e-08, 5.7389225816e-08, 1.26876722462e-08, 4.52685154986e-12, 6.11510104706e-12],
        "stdev": [6.0732349084e-05, 0.00448356289417, 0.00238723680377, 0.000653076975141, 0.00239645317197, 0.00615421822295, 0.0097611984238, 0.000626641209237, 0.00150950031821, 0.000562711560633, 0.000609571754467, 0.000886470952537, 0.000590126321185, 0.000259175954852, 0.000265422393568, 0.000209975391044, 0.00013474667503, 0.000145537298522, 0.000109091270133, 0.000206576733035, 0.000156424357556, 4.02852347179e-05, 7.13850067768e-06, 1.02619997051e-05, 2.13891865997e-07, 7.84387488295e-09, 4.29775504074e-09]
    },
    "erbbands": {
        "max": [1.06517326832, 29.6915454865, 83.5050354004, 22.2118968964, 68.452507019, 40.875831604, 116.706443787, 454.687469482, 1512.15649414, 1956.60119629, 221.177185059, 373.054077148, 275.184631348, 278.726531982, 166.406570435, 491.472473145, 328.111999512, 178.927490234, 120.814491272, 108.683410645, 83.5180664062, 50.1188850403, 120.100257874, 42.6673049927, 70.5163040161, 70.3575134277, 73.9099578857, 50.2566833496, 9.77885055542, 4.96197938919, 1.38248896599, 3.3926255703, 0.178288757801, 0.0423042103648, 0.00778903905302, 0.000532766862307, 0.000240027715336, 8.1094163761e-05, 7.03573459759e-05, 0.000171130755916],
        "mean": [0.0135993678123, 0.264600664377, 0.831389129162, 0.968624174595, 4.3897562027, 2.97579193115, 2.01738762856, 18.3498039246, 57.7710227966, 17.2936477661, 9.49903869629, 10.4449796677, 9.20900440216, 14.2352828979, 13.5991039276, 22.2550601959, 17.9467773438, 10.4655351639, 11.0167884827, 9.84635639191, 9.07001876831, 6.41352844238, 4.5979924202, 3.15587639809, 3.57292127609, 3.87097668648, 2.6965405941, 1.59123599529, 0.527393162251, 0.261709064245, 0.0762872174382, 0.0887565091252, 0.0110557638109, 0.00307076587342, 0.000213276056456, 2.44927323365e-05, 8.79807157617e-06, 2.49044524026e-06, 6.1596742853e-06, 1.35017062348e-05],
        "min": [8.06102179922e-05, 0.000951623660512, 0.00422414857894, 0.00303408480249, 0.00295273773372, 0.00217240676284, 0.0013992022723, 0.00133456010371, 0.00206947838888, 0.00150993571151, 0.00271850451827, 0.00238293386064, 0.00132904318161, 0.00135932373814, 0.00139708525967, 0.00150229036808, 0.00130276288837, 0.00147939741146, 0.0015739829978, 0.00140305352397, 0.00175750418566, 0.00189489754848, 0.00284547591582, 0.00204929546453, 0.00244776811451, 0.00234683859162, 0.00126560998615, 0.00233643734828, 0.0014361247886, 0.00121524103452, 0.00121208943892, 0.000990624772385, 0.00100581918377, 0.00042263494106, 1.67335765582e-05, 9.65762865235e-07, 1.04750455421e-07, 1.69315423904e-08, 3.01463636276e-08, 5.33769117794e-08],
        "stdev": [0.0540596432984, 1.2583386898, 3.54048466682, 1.97578060627, 9.00665378571, 4.87895774841, 5.97228860855, 58.42786026, 168.764572144, 99.1251144409, 18.9100837708, 31.9183006287, 19.1275177002, 30.1239185333, 20.9575862885, 43.5958251953, 29.1556072235, 14.144698143, 14.1753053665, 12.640124321, 10.3252840042, 7.11314105988, 7.54654932022, 4.41084814072, 6.98172140121, 10.3357362747, 7.4581952095, 4.70077228546, 1.27189826965, 0.648224890232, 0.161746501923, 0.322382301092, 0.021275261417, 0.00410569505766, 0.000429284380516, 5.23626185895e-05, 1.91391427506e-05, 5.39920574738e-06, 8.77398269949e-06, 1.99549613171e-05]
    },
    "gfcc": {
        "mean": [-137.234222412, 162.15675354, -169.582733154, 38.978767395, -56.4251823425, 3.00079035759, -21.0279903412, -13.0698442459, -1.37258327007, -17.9260540009, 6.06449222565, -18.7443714142, 2.33065986633],
        "cov": [[7457.78710938, 193.530044556, -2270.63500977, -523.805725098, 277.424591064, -476.591918945, 680.864196777, -456.189819336, -211.797393799, -94.0850906372, -53.5158309937, 201.236618042, -23.9653453827], [193.530044556, 381.630249023, 211.58215332, -186.705795288, 39.5786819458, -204.200744629, -29.3817691803, -31.0284938812, -34.3706283569, -34.4346084595, 36.1052818298, 25.7738170624, 3.33856654167], [-2270.63500977, 211.58215332, 1679.08874512, 147.605712891, -370.046325684, -153.877944946, -265.795074463, 112.461524963, -76.1985473633, -0.806231737137, 47.7543296814, -45.2053031921, -39.5055885315], [-523.805725098, -186.705795288, 147.605712891, 522.653564453, 86.4424591064, 290.536834717, 49.2874031067, 2.43713068962, 36.6877975464, 43.2366027832, -33.3831558228, -82.0141143799, 24.7108383179], [277.424591064, 39.5786819458, -370.046325684, 86.4424591064, 374.769256592, 143.493118286, 31.8944206238, -15.0303258896, 95.6368560791, 45.479549408, -3.25641393661, 4.66144990921, 47.3293533325], [-476.591918945, -204.200744629, -153.877944946, 290.536834717, 143.493118286, 416.895019531, 131.07649231, 55.9478302002, 65.675567627, 21.976852417, -33.1767425537, -56.4180984497, 38.6981887817], [680.864196777, -29.3817691803, -265.795074463, 49.2874031067, 31.8944206238, 131.07649231, 250.586547852, 5.44323301315, -36.6323661804, -28.6826839447, -20.4626350403, 0.273736387491, 6.81811094284], [-456.189819336, -31.0284938812, 112.461524963, 2.43713068962, -15.0303258896, 55.9478302002, 5.44323301315, 103.832420349, 31.1051387787, 1.53227412701, 7.10960006714, -1.9919116497, -2.50469303131], [-211.797393799, -34.3706283569, -76.1985473633, 36.6877975464, 95.6368560791, 65.675567627, -36.6323661804, 31.1051387787, 112.74344635, 50.4197044373, 10.7204675674, 3.4821767807, 16.7258338928], [-94.0850906372, -34.4346084595, -0.806231737137, 43.2366027832, 45.479549408, 21.976852417, -28.6826839447, 1.53227412701, 50.4197044373, 66.0738830566, 19.8707447052, 1.27498340607, 6.45619344711], [-53.5158309937, 36.1052818298, 47.7543296814, -33.3831558228, -3.25641393661, -33.1767425537, -20.4626350403, 7.10960006714, 10.7204675674, 19.8707447052, 43.1599769592, 18.9746074677, -6.4263420105], [201.236618042, 25.7738170624, -45.2053031921, -82.0141143799, 4.66144990921, -56.4180984497, 0.273736387491, -1.9919116497, 3.4821767807, 1.27498340607, 18.9746074677, 64.9975128174, 20.0953769684], [-23.9653453827, 3.33856654167, -39.5055885315, 24.7108383179, 47.3293533325, 38.6981887817, 6.81811094284, -2.50469303131, 16.7258338928, 6.45619344711, -6.4263420105, 20.0953769684, 57.2058372498]],
        "icov": [[0.000859545951243, 7.23514967831e-05, 0.000684879894834, -0.000237266896875, -0.000397891592002, 0.00194182514679, -0.00256619555876, 0.00203776266426, 4.40443614025e-07, -0.000435311638284, 0.000865852052812, -0.00125742878299, 0.00092998688342], [7.23514967831e-05, 0.0131621062756, -0.00455655017868, 0.00466421945021, -0.00826725084335, 0.00725966412574, -0.00747264083475, 0.00658177537844, -0.00528788100928, 0.0117999762297, -0.0116338524967, 0.0101520437747, -0.00745034404099], [0.000684879894834, -0.00455655017868, 0.00360617809929, -0.00291588506661, 0.00350138382055, -0.000352183356881, 0.00197282014415, -0.00277793686837, 0.00339789385907, -0.00453304639086, 0.00315318536013, -0.00393454357982, 0.00254185451195], [-0.000237266896875, 0.00466421945021, -0.00291588506661, 0.00653041154146, -0.00328129110858, -0.0010831723921, -0.00250563188456, 0.00435283407569, -0.00189953367226, 0.00162797968369, -0.00250357412733, 0.00639614416286, -0.00342587986961], [-0.000397891592002, -0.00826725084335, 0.00350138382055, -0.00328129110858, 0.0102519877255, -0.00601945538074, 0.0060739130713, -0.00405662646517, 0.000668575405143, -0.00729208439589, 0.00559224653989, -0.00545197632164, 0.00201055617072], [0.00194182514679, 0.00725966412574, -0.000352183356881, -0.0010831723921, -0.00601945538074, 0.0158086195588, -0.0124225495383, 0.00410346733406, -0.00505646597594, 0.00630280189216, -0.00457711471245, 0.00706515600905, -0.00566810742021], [-0.00256619555876, -0.00747264083475, 0.00197282014415, -0.00250563188456, 0.0060739130713, -0.0124225495383, 0.019551852718, -0.011721579358, 0.00825946219265, -0.00472898548469, 0.00364390970208, -0.00473786797374, 0.00253301230259], [0.00203776266426, 0.00658177537844, -0.00277793686837, 0.00435283407569, -0.00405662646517, 0.00410346733406, -0.011721579358, 0.0247021373361, -0.0106246927753, 0.00867205206305, -0.00487080775201, 0.000803744827863, 0.00102808035444], [4.40443614025e-07, -0.00528788100928, 0.00339789385907, -0.00189953367226, 0.000668575405143, -0.00505646597594, 0.00825946219265, -0.0106246927753, 0.0253404267132, -0.0176407750696, 0.00591875752434, -0.00619070697576, 0.0023151433561], [-0.000435311638284, 0.0117999762297, -0.00453304639086, 0.00162797968369, -0.00729208439589, 0.00630280189216, -0.00472898548469, 0.00867205206305, -0.0176407750696, 0.0417400114238, -0.0248211957514, 0.0118484953418, -0.00849537458271], [0.000865852052812, -0.0116338524967, 0.00315318536013, -0.00250357412733, 0.00559224653989, -0.00457711471245, 0.00364390970208, -0.00487080775201, 0.00591875752434, -0.0248211957514, 0.0508583970368, -0.0235620271415, 0.0171836391091], [-0.00125742878299, 0.0101520437747, -0.00393454357982, 0.00639614416286, -0.00545197632164, 0.00706515600905, -0.00473786797374, 0.000803744827863, -0.00619070697576, 0.0118484953418, -0.0235620271415, 0.041219484061, -0.0229218304157], [0.00092998688342, -0.00745034404099, 0.00254185451195, -0.00342587986961, 0.00201055617072, -0.00566810742021, 0.00253301230259, 0.00102808035444, 0.0023151433561, -0.00849537458271, 0.0171836391091, -0.0229218304157, 0.0337186306715]]
    },
    "melbands": {
        "max": [0.0162292420864, 0.0425289012492, 0.00381833105348, 0.00487704947591, 0.00324292154983, 0.0121729746461, 0.0192900914699, 0.0170411001891, 0.00221546157263, 0.00289991125464, 0.00144368142355, 0.00112438865472, 0.000641055463348, 0.000839187530801, 0.000870949530508, 0.000882176856976, 0.000241745408857, 0.000219804962398, 0.000190311839106, 0.00017479925009, 8.494330541e-05, 5.18963970535e-05, 0.000183007039595, 8.91915842658e-05, 4.0696162614e-05, 5.73552133574e-05, 2.63337442448e-05, 6.34714378975e-05, 2.93397752102e-05, 9.45752617554e-05, 7.05528100298e-06, 5.91287744101e-06, 6.14253303866e-06, 2.45326145887e-06, 5.37274218004e-07, 2.40135136664e-06, 1.47075877521e-06, 1.15380899501e-07, 4.18859400497e-08, 3.17854187415e-08],
        "mean": [0.00019810142112, 0.000406902050599, 0.000261777167907, 0.000305172317894, 5.94237280893e-05, 0.000510241603479, 0.000801441434305, 0.000134431655169, 7.43443742977e-05, 7.09677115083e-05, 4.44842116849e-05, 5.46706978639e-05, 4.91919527121e-05, 4.63639044028e-05, 5.0709102652e-05, 3.31980700139e-05, 1.77649835678e-05, 1.75547229446e-05, 1.54451099661e-05, 1.17687040984e-05, 1.05428207462e-05, 7.07498884367e-06, 4.84921929456e-06, 3.73504349227e-06, 2.35061770582e-06, 2.65264839072e-06, 1.62036872098e-06, 3.21414631799e-06, 1.47344007928e-06, 2.42014607466e-06, 3.97858258339e-07, 2.8923471973e-07, 2.89323310199e-07, 9.78251435413e-08, 3.43706716421e-08, 6.91694879151e-08, 3.91484178408e-08, 7.03768199273e-09, 4.03515754144e-09, 1.8955657044e-09],
        "min": [1.1999434264e-06, 1.79899939212e-06, 1.0499511518e-06, 2.2446532455e-07, 4.30019859721e-08, 3.04379526028e-08, 2.93975279675e-08, 1.89262969741e-08, 1.18261898052e-08, 1.21616885451e-08, 4.72201699964e-09, 4.89152629513e-09, 3.50058848575e-09, 3.75683173459e-09, 3.73739883486e-09, 2.08258321699e-09, 2.70989874984e-09, 2.306161484e-09, 2.02283678696e-09, 2.06746930687e-09, 1.66236824306e-09, 1.6631475086e-09, 2.52116461041e-09, 2.00844296749e-09, 1.45860168388e-09, 1.78997527911e-09, 1.46638801102e-09, 1.33725897022e-09, 7.25298265891e-10, 8.45369663161e-10, 1.14944898044e-09, 7.1739514329e-10, 6.58986865076e-10, 5.8490007282e-10, 6.41388775424e-10, 5.07209219069e-10, 5.16331477574e-10, 5.2757836988e-10, 4.2721981508e-10, 2.22412421813e-10],
        "stdev": [0.000830733857583, 0.00175674539059, 0.000463880074676, 0.000580998894293, 0.000162467826158, 0.00162930111401, 0.00225642276928, 0.000861558888573, 0.000159480594448, 0.00023687153589, 9.78762327577e-05, 0.000120713833894, 8.68650895427e-05, 7.64422511565e-05, 9.40343670663e-05, 6.0528243921e-05, 2.51009878411e-05, 2.38722586801e-05, 2.01790226129e-05, 1.60161653184e-05, 1.19814376376e-05, 8.17975978862e-06, 9.43942904996e-06, 6.01115198151e-06, 3.57164367415e-06, 5.07438289787e-06, 2.99805833492e-06, 9.34606669034e-06, 3.77133778784e-06, 8.19029264676e-06, 8.67545168148e-07, 6.88583781994e-07, 8.28097711292e-07, 2.34766162066e-07, 5.65663320629e-08, 2.39652251821e-07, 1.40544543115e-07, 1.18799370341e-08, 5.11606046416e-09, 2.63194821493e-09]
    },
    "melbands128": {
        "max": [0.000945192587096, 0.00710569648072, 0.0169417094439, 0.0671121925116, 0.0601101219654, 0.0157462470233, 0.00477451225743, 0.00305951735936, 0.00880048517138, 0.00724145537242, 0.00134900538251, 0.00220892345533, 0.0057789166458, 0.00233915355057, 0.00477329920977, 0.0269059166312, 0.0429506599903, 0.0159809757024, 0.0484374687076, 0.0243154726923, 0.00127485883422, 0.00201220810413, 0.00368148693815, 0.00349214021116, 0.00411384552717, 0.00696769496426, 0.00423717498779, 0.000356050994014, 0.000252685742453, 0.00102581002284, 0.00204306491651, 0.0013066814281, 0.00126518472098, 0.000697346928064, 0.000549557735212, 0.00126330612693, 0.00300801638514, 0.00155413046014, 0.00084078242071, 0.00125490967184, 0.00202108267695, 0.000895824632607, 0.000209347490454, 0.000363425730029, 0.000259661435848, 0.000418443290982, 0.000222865171963, 0.000251813617069, 0.000283550936729, 0.000168937665876, 0.000200928465347, 0.000297541060718, 0.000130638538394, 0.000175476554432, 0.00018662797811, 7.64906362747e-05, 7.70381448092e-05, 0.000139399839099, 0.000363875820767, 0.000312834075885, 6.2200037064e-05, 0.000158302020282, 8.12540747575e-05, 3.15910328936e-05, 4.29077699664e-05, 9.59320313996e-05, 0.000150534164277, 4.07725310652e-05, 2.51750734606e-05, 8.43108955451e-06, 6.14591481281e-05, 0.000180798524525, 3.47413224517e-05, 1.65319288499e-05, 3.44928630511e-05, 0.000158488153829, 8.72673990671e-05, 4.75481374451e-06, 3.20301842294e-06, 2.02702358365e-05, 1.02409303508e-05, 6.85851773596e-06, 7.45430315874e-06, 1.31794286062e-05, 2.56771272689e-06, 5.38102540304e-06, 5.24963206772e-06, 9.36813876251e-07, 4.05423520533e-07, 4.35572871993e-07, 5.51537709725e-07, 4.49624712928e-06, 5.96318659518e-06, 5.51563971385e-07, 4.69014565851e-07, 1.31683364657e-07, 2.3351175571e-07, 6.4275980094e-08, 6.0241895028e-08, 7.99171928634e-08, 3.25067439633e-08, 4.60414142367e-08, 2.18355342696e-08, 1.49677870098e-08, 5.41504618923e-09, 2.47417819565e-09, 9.81324133065e-10, 8.65121640992e-10, 8.53412673862e-10, 8.15272627186e-10, 9.82583348019e-10, 8.61485605075e-10, 7.41663563897e-10, 6.88623547074e-10, 6.51707465771e-10, 6.41514730226e-10, 6.34187813375e-10, 6.37716546237e-10, 6.03009975286e-10, 5.32462240965e-10, 5.142921089e-10, 5.24400634028e-10, 5.21442111712e-10, 5.14451037326e-10, 5.07971664732e-10, 5.0384646455e-10, 5.00601893272e-10, 4.98318775133e-10],
        "mean": [1.31863971546e-05, 6.0369628045e-05, 0.000243758040597, 0.000516644795425, 0.000499761663377, 0.000278716150206, 0.000171585779754, 0.000157422415214, 0.000557668157853, 0.000395070179366, 0.000101254554465, 4.92036015203e-05, 6.50497022434e-05, 4.67648569611e-05, 9.11544630071e-05, 0.000904107117094, 0.00158961676061, 0.000484964577481, 0.000331979943439, 0.000171879437403, 2.48206761171e-05, 5.08076809638e-05, 0.00011948862084, 4.3718253437e-05, 3.84951563319e-05, 0.000113591304398, 7.34496352379e-05, 3.01566433336e-05, 2.07559041883e-05, 4.60003575427e-05, 7.60923066991e-05, 4.98790395795e-05, 6.42821905785e-05, 3.06464608002e-05, 2.46396866714e-05, 4.46031081083e-05, 9.9046039395e-05, 3.48531139025e-05, 3.70506604668e-05, 4.88828736707e-05, 2.85145415546e-05, 2.04168027267e-05, 1.60396411957e-05, 1.76323246706e-05, 1.71581614268e-05, 1.71499123098e-05, 1.83422889677e-05, 1.70153471117e-05, 1.34770289151e-05, 1.216984856e-05, 1.14146278065e-05, 1.19740252558e-05, 1.02410467662e-05, 9.62551257544e-06, 1.10986329673e-05, 6.20450236966e-06, 4.77443381897e-06, 5.13892155141e-06, 5.19201830684e-06, 3.62280093213e-06, 3.26133545059e-06, 4.71580960948e-06, 2.40001600105e-06, 1.71708700236e-06, 1.85412193332e-06, 1.85357089322e-06, 4.82730956719e-06, 1.75264960944e-06, 9.85353494798e-07, 7.09304117663e-07, 2.25160601985e-06, 6.94807795298e-06, 1.48027208979e-06, 5.02186821905e-07, 5.32177239165e-07, 3.89948854718e-06, 2.32688353208e-06, 2.6131630193e-07, 1.91965284557e-07, 6.57145164951e-07, 2.92806618063e-07, 1.20349000099e-07, 2.83654486566e-07, 4.88739431148e-07, 7.57895364245e-08, 8.41063183543e-08, 1.53216404897e-07, 3.59682346129e-08, 2.68011852711e-08, 2.50921203815e-08, 1.70895617657e-08, 1.10465734338e-07, 1.20353092825e-07, 8.88881324101e-09, 1.75505441291e-08, 6.96597490801e-09, 5.4560764795e-09, 4.53370851972e-09, 3.88760179604e-09, 4.26528723452e-09, 2.63136179512e-09, 1.89425053421e-09, 2.1948512452e-10, 1.17615792106e-10, 6.82917264405e-11, 4.1779170401e-11, 3.17704439146e-11, 1.78147045726e-11, 1.38300369421e-11, 1.18109081543e-11, 1.04942929346e-11, 1.12014147957e-11, 1.1045263662e-11, 1.03757193809e-11, 9.12142236742e-12, 8.06454642649e-12, 7.31183343039e-12, 7.14614695543e-12, 6.54773544412e-12, 4.55885849904e-12, 2.41033820507e-12, 2.27974388499e-12, 2.24759013484e-12, 2.16224716083e-12, 2.05517894369e-12, 1.90987546958e-12, 1.83405417589e-12, 1.81586961179e-12],
        "min": [1.06018013812e-10, 2.28353318477e-08, 2.12442586189e-07, 9.91141291706e-07, 4.71506467647e-07, 7.12693747573e-07, 1.78744386403e-07, 1.57123650979e-07, 2.2556233148e-07, 9.45661184915e-08, 1.11327498331e-08, 5.5811524291e-09, 2.10304857973e-08, 1.79891586072e-08, 8.02548338896e-09, 1.01942951858e-08, 1.83919048879e-08, 1.68059024475e-08, 1.42149563231e-08, 1.00036086081e-08, 2.61264299084e-09, 3.18456594428e-09, 2.66286370731e-09, 1.65882685366e-09, 4.56538096216e-09, 2.17849338568e-09, 4.38341318798e-09, 1.93538829407e-09, 1.22112053802e-09, 1.54509782746e-09, 1.03537667329e-09, 2.19951412639e-09, 1.59362001373e-09, 6.94084900665e-10, 7.23125503921e-10, 8.00027377679e-10, 1.76204428826e-09, 2.3788651049e-09, 1.7689361087e-09, 1.23163268473e-09, 9.39654798415e-10, 4.20038587245e-10, 4.08759276427e-10, 1.50119139342e-09, 7.8143325144e-10, 8.40180758299e-10, 9.60242441117e-10, 7.40300376556e-10, 9.85383330487e-10, 9.42339206667e-10, 7.3366612785e-10, 7.36189498252e-10, 1.00848951412e-09, 6.86394496796e-10, 9.4366059411e-10, 9.20622578171e-10, 7.28191951183e-10, 5.39767508467e-10, 8.02828803437e-10, 1.02533426194e-09, 5.88142035074e-10, 7.58882956475e-10, 8.98160434915e-10, 7.05420277747e-10, 9.1254731549e-10, 2.31301894305e-10, 4.36636699019e-10, 7.62042262625e-10, 9.23322751589e-10, 3.51880191651e-10, 5.43158906741e-10, 9.19709516878e-11, 5.93678856076e-11, 4.08136358043e-10, 3.16523363075e-10, 1.65374616778e-10, 2.38520730944e-10, 1.5331973191e-10, 2.84545692564e-10, 5.39617073247e-10, 2.31554553309e-10, 2.87432022628e-10, 2.61467986151e-10, 2.73267741768e-10, 1.78084491598e-10, 3.30902083512e-10, 1.96013830167e-10, 3.18138675126e-11, 1.14188505873e-10, 1.47015039031e-10, 8.41250055728e-11, 5.27749580148e-11, 2.45195808102e-10, 3.87267475033e-11, 6.30574828464e-11, 1.1924086718e-10, 7.18750198248e-11, 1.94367594936e-11, 1.03357163106e-10, 1.49642936931e-11, 1.16150609963e-10, 8.00531841337e-13, 5.39837373751e-14, 2.71321627546e-14, 1.73139836344e-14, 1.77809613685e-14, 1.94338529915e-14, 2.39492331674e-14, 1.96132427113e-14, 1.37107478284e-14, 2.05069590324e-14, 1.73172430172e-14, 1.26561350579e-14, 1.86525413306e-14, 1.94926472424e-14, 1.77275813522e-14, 2.03309150927e-14, 1.79136406094e-14, 1.8052970753e-14, 1.76524088722e-14, 1.88067657015e-14, 1.73743601429e-14, 1.79685588376e-14, 1.70543273785e-14, 1.24579700058e-14, 5.59910208069e-15, 5.83024318419e-16, 2.17568502329e-17],
        "stdev": [5.38686654181e-05, 0.000282387860352, 0.00100897520315, 0.00271583697759, 0.00245330994949, 0.000857693434227, 0.000429495412391, 0.000307730399072, 0.00120009412058, 0.00080333778169, 0.0001850942499, 0.000112552341307, 0.00029163484578, 0.000145817131852, 0.000328360154526, 0.00321804871783, 0.00521597778425, 0.00153840065468, 0.00236711860634, 0.0012843888253, 7.16793510946e-05, 0.000139622017741, 0.000283259025309, 0.000148828155943, 0.000173605192685, 0.00050372997066, 0.000252698053373, 4.38691495219e-05, 3.07178524963e-05, 0.000111768727947, 0.000219968889724, 0.000116285889817, 0.000152080741827, 6.11344876233e-05, 5.01665090269e-05, 9.48871966102e-05, 0.000258747371845, 8.42992667458e-05, 6.97295472492e-05, 0.000109119529952, 9.99848052743e-05, 4.71909079351e-05, 2.4795450372e-05, 3.39704893122e-05, 2.77583494608e-05, 3.01360851154e-05, 2.67974282906e-05, 2.62678804575e-05, 2.03643467103e-05, 1.94944714167e-05, 1.74243778019e-05, 2.2304839149e-05, 1.4414816178e-05, 1.39728053909e-05, 1.73645476025e-05, 8.66198752192e-06, 7.58557644076e-06, 1.00230208773e-05, 1.63554796018e-05, 1.13929872896e-05, 4.98271765537e-06, 1.17046411106e-05, 5.1598644859e-06, 2.94915366794e-06, 3.31940464093e-06, 5.12500901095e-06, 1.24961707115e-05, 3.63668368664e-06, 1.93882851818e-06, 1.05629419522e-06, 6.57047348795e-06, 2.31714639085e-05, 4.29500869359e-06, 1.01701834865e-06, 1.31065871756e-06, 1.37784145409e-05, 8.59881674842e-06, 4.12706498309e-07, 3.07087560714e-07, 2.0537004275e-06, 7.79936840445e-07, 3.16486023166e-07, 7.93556921508e-07, 1.66441077454e-06, 1.65388172491e-07, 2.63023054003e-07, 5.02924592638e-07, 6.59986554297e-08, 3.99325834621e-08, 4.26339781257e-08, 3.28479181633e-08, 4.17067383296e-07, 5.16124089245e-07, 2.40863045065e-08, 5.04287740455e-08, 1.24071242169e-08, 1.02341539687e-08, 6.00620975177e-09, 5.03461805579e-09, 8.17926171237e-09, 2.93685031849e-09, 3.59984442255e-09, 9.70332703076e-10, 6.19615581066e-10, 3.3163444213e-10, 1.72211245264e-10, 9.87953885367e-11, 7.38185970683e-11, 5.90285875735e-11, 5.29001877025e-11, 4.8517832113e-11, 5.2343289425e-11, 4.84749809737e-11, 4.66974063584e-11, 4.0688598324e-11, 3.73370327711e-11, 3.49606905925e-11, 3.39212338774e-11, 3.04643150983e-11, 2.22735944272e-11, 1.51594119202e-11, 1.50320641351e-11, 1.50071101379e-11, 1.46410973623e-11, 1.4333756404e-11, 1.40804685619e-11, 1.39589433762e-11, 1.38921478487e-11]
    },
    "mfcc": {
        "mean": [-753.471862793, 163.972549438, -35.7043075562, 25.9954071045, -5.76916122437, 9.67849731445, -3.76073002815, 3.11056613922, -1.99369966984, -1.21673607826, -1.16795766354, 5.17407178879, 0.0927108675241],
        "cov": [[8711.84863281, 116.861358643, -2832.94970703, -63.2859611511, -908.008483887, 370.168792725, 177.868911743, 141.325897217, -69.7646255493, -21.6866035461, -330.296966553, -44.3167037964, 47.036529541], [116.861358643, 691.258117676, 75.7491760254, -27.0048599243, -6.67025375366, -255.423095703, -69.4772949219, -74.5379486084, -80.9223480225, -162.340423584, -11.8155441284, -5.77519321442, 16.9578399658], [-2832.94970703, 75.7491760254, 1718.67944336, 243.633895874, 82.6378097534, -245.162155151, -20.3120746613, -73.8875732422, -68.8585968018, -78.0676803589, 13.0168247223, 57.4367408752, -20.482126236], [-63.2859611511, -27.0048599243, 243.633895874, 224.390731812, 47.2016487122, 43.0823669434, 18.3747234344, -34.8545150757, -15.4825305939, 26.0545330048, -28.4441947937, -15.4788618088, 13.4883413315], [-908.008483887, -6.67025375366, 82.6378097534, 47.2016487122, 357.179534912, 80.7491760254, -61.4341049194, -47.5037384033, 41.2190361023, 66.8777999878, 73.7242736816, -31.1384658813, 16.0616817474], [370.168792725, -255.423095703, -245.162155151, 43.0823669434, 80.7491760254, 305.591278076, 105.278015137, 56.3232307434, 82.886428833, 129.487564087, -2.31642436981, -13.3323917389, 6.76376676559], [177.868911743, -69.4772949219, -20.3120746613, 18.3747234344, -61.4341049194, 105.278015137, 171.120223999, 91.5052337646, 40.9552841187, 39.7169647217, -14.3842153549, 11.0332555771, -15.4886445999], [141.325897217, -74.5379486084, -73.8875732422, -34.8545150757, -47.5037384033, 56.3232307434, 91.5052337646, 116.06905365, 51.3528900146, 24.8778400421, 9.91934680939, 12.5547027588, -12.9300222397], [-69.7646255493, -80.9223480225, -68.8585968018, -15.4825305939, 41.2190361023, 82.886428833, 40.9552841187, 51.3528900146, 88.708694458, 55.6042060852, 9.86491394043, -4.83514451981, 5.83792352676], [-21.6866035461, -162.340423584, -78.0676803589, 26.0545330048, 66.8777999878, 129.487564087, 39.7169647217, 24.8778400421, 55.6042060852, 112.605056763, 26.1239833832, -8.16268253326, -0.435252040625], [-330.296966553, -11.8155441284, 13.0168247223, -28.4441947937, 73.7242736816, -2.31642436981, -14.3842153549, 9.91934680939, 9.86491394043, 26.1239833832, 94.1884765625, 22.6354026794, -14.3893289566], [-44.3167037964, -5.77519321442, 57.4367408752, -15.4788618088, -31.1384658813, -13.3323917389, 11.0332555771, 12.5547027588, -4.83514451981, -8.16268253326, 22.6354026794, 62.5830955505, 1.33716416359], [47.036529541, 16.9578399658, -20.482126236, 13.4883413315, 16.0616817474, 6.76376676559, -15.4886445999, -12.9300222397, 5.83792352676, -0.435252040625, -14.3893289566, 1.33716416359, 57.8966064453]],
        "icov": [[0.00102732481901, -0.000873160664923, 0.00172197271604, -0.00198294874281, 0.0024141240865, -0.00138302426785, 0.00133154750802, -0.00115153077058, 0.00131295109168, -0.000495035434142, 0.00133732880931, -0.000974410446361, 0.000301942112856], [-0.000873160664923, 0.00373193994164, -0.000973261077888, 0.00129046908114, -0.00316336611286, 0.00363776297309, -0.00348535226658, 0.00280536431819, -0.00191543297842, 0.00396316777915, -0.00168614438735, 0.00119359174278, -0.00110564823262], [0.00172197271604, -0.000973261077888, 0.00400457205251, -0.00467212963849, 0.00319880759344, -0.00047681297292, 0.00115113530774, -0.00138261553366, 0.00164670683444, -0.000283732137177, 0.00255039241165, -0.00299244257621, 0.00109354068991], [-0.00198294874281, 0.00129046908114, -0.00467212963849, 0.0114874150604, -0.00504646310583, 0.000876526755746, -0.00365207903087, 0.00362855615094, 0.000718088413123, -0.00198447238654, -0.000324392545735, 0.0033970575314, -0.00221156934276], [0.0024141240865, -0.00316336611286, 0.00319880759344, -0.00504646310583, 0.0123502798378, -0.00690651591867, 0.00593806616962, -0.000580602907576, 0.000268357951427, -0.00137463922147, -0.00298067019321, 0.00191155483481, -0.0007102151867], [-0.00138302426785, 0.00363776297309, -0.00047681297292, 0.000876526755746, -0.00690651591867, 0.014496197924, -0.00810705963522, 0.00296686496586, -0.00358772790059, -0.0046862559393, 0.00197030021809, -0.0010882159695, -0.000757172936574], [0.00133154750802, -0.00348535226658, 0.00115113530774, -0.00365207903087, 0.00593806616962, -0.00810705963522, 0.0183853488415, -0.01275216043, 0.0034060634207, -0.00380171672441, 0.00409026676789, -0.00257615814917, 0.00327152316459], [-0.00115153077058, 0.00280536431819, -0.00138261553366, 0.00362855615094, -0.000580602907576, 0.00296686496586, -0.01275216043, 0.0253729037941, -0.0130335092545, 0.00603570928797, -0.0070844492875, 0.00144491461106, 0.000414340407588], [0.00131295109168, -0.00191543297842, 0.00164670683444, 0.000718088413123, 0.000268357951427, -0.00358772790059, 0.0034060634207, -0.0130335092545, 0.0275054164231, -0.0108416657895, 0.00570533424616, -0.000482144998387, -0.00317112775519], [-0.000495035434142, 0.00396316777915, -0.000283732137177, -0.00198447238654, -0.00137463922147, -0.0046862559393, -0.00380171672441, 0.00603570928797, -0.0108416657895, 0.0289452318102, -0.0100006777793, 0.00412536086515, -0.000406933715567], [0.00133732880931, -0.00168614438735, 0.00255039241165, -0.000324392545735, -0.00298067019321, 0.00197030021809, 0.00409026676789, -0.0070844492875, 0.00570533424616, -0.0100006777793, 0.0243501365185, -0.0117951743305, 0.00616781646386], [-0.000974410446361, 0.00119359174278, -0.00299244257621, 0.0033970575314, 0.00191155483481, -0.0010882159695, -0.00257615814917, 0.00144491461106, -0.000482144998387, 0.00412536086515, -0.0117951743305, 0.0247556902468, -0.00560132367536], [0.000301942112856, -0.00110564823262, 0.00109354068991, -0.00221156934276, -0.0007102151867, -0.000757172936574, 0.00327152316459, 0.000414340407588, -0.00317112775519, -0.000406933715567, 0.00616781646386, -0.00560132367536, 0.0214850120246]]
    },
    "spectral_contrast_coeffs": {
        "max": [-0.48789191246, -0.327105402946, -0.463652789593, -0.605202257633, -0.587588429451, -0.502163231373],
        "mean": [-0.736253559589, -0.759402811527, -0.78755235672, -0.821152687073, -0.793469369411, -0.698365092278],
        "min": [-0.883676826954, -0.928020894527, -0.937076687813, -0.930437624454, -0.912266016006, -0.895600616932],
        "stdev": [0.0837164744735, 0.132843583822, 0.0929758399725, 0.0534307584167, 0.0592105425894, 0.0671040043235]
    },
    "spectral_contrast_valleys": {
        "max": [-5.58459234238, -5.99015569687, -5.68934440613, -6.02059459686, -6.90516710281, -10.6984710693],
        "mean": [-7.64621257782, -7.41605758667, -7.84588241577, -8.05570697784, -8.6313457489, -12.9250707626],
        "min": [-9.71878814697, -10.445523262, -11.3707227707, -11.3765420914, -11.3019132614, -14.6381120682],
        "stdev": [0.776856541634, 0.901843369007, 1.23335659504, 1.3676981926, 1.04769253731, 0.517457902431]
    }
},
"rhythm": {
    "beats_count": 84,
    "beats_loudness": {
        "max": 0.137229129672,
        "mean": 0.0139577873051,
        "min": 7.25938079995e-05,
        "stdev": 0.0225851237774
    },
    "bpm": 165.220230103,
    "bpm_histogram_first_peak_bpm": 167,
    "bpm_histogram_first_peak_weight": 0,
    "bpm_histogram_second_peak_bpm": 185,
    "bpm_histogram_second_peak_spread": 0,
    "bpm_histogram_second_peak_weight": 0.180722892284,
    "danceability": 0.811896324158,
    "onset_rate": 1.75845324993,
    "beats_loudness_band_ratio": {
        "max": [0.985778152943, 0.906847655773, 0.860282719135, 0.524901330471, 0.446382761002, 0.0879077762365],
        "mean": [0.242813467979, 0.205767989159, 0.263758450747, 0.20586283505, 0.152698010206, 0.0176848415285],
        "min": [0.00186691945419, 0.0110597219318, 0.000884508597665, 0.000771394406911, 0.000504259660374, 0.000182173767826],
        "stdev": [0.232072770596, 0.213734388351, 0.241074204445, 0.156159207225, 0.145971417427, 0.0173489153385]
    },
