{
"metadata": {
    "version": {
        "essentia": "2.1-beta5",
        "essentia_git_sha": "Undefined",
        "extractor": "music 2.0"
    },
    "audio_properties": {
        "analysis": {
            "equal_loudness": 0,
            "length": 48.7502937317,
            "sample_rate": 44100,
            "start_time": 45.2440834045,
            "downmix": "mix"
        },
        "bit_rate": 192000,
        "length": 139.946670532,
        "lossless": 0,
        "number_channels": 2,
        "replay_gain": -11.2506484985,
        "sample_rate": 48000,
        "codec": "mp3",
        "md5_encoded": "8efc69f84666a4186a9eb354108c9f10"
    },
    "tags": {
        "file_name": "Switzerland_Refrain_Lys Assia.mp3",
        "encoding": ["Lavf58.29.100"]
    }
},
"lowlevel": {
    "average_loudness": 0.872169733047,
    "barkbands_crest": {
        "max": 26.7482528687,
        "mean": 12.4927024841,
        "min": 3.54252672195,
        "stdev": 5.58839416504
    },
    "barkbands_flatness_db": {
        "max": 0.52885979414,
        "mean": 0.262783020735,
        "min": 0.107125550508,
        "stdev": 0.0674324333668
    },
    "barkbands_kurtosis": {
        "max": 467.658996582,
        "mean": 12.3956155777,
        "min": -1.88346409798,
        "stdev": 34.9026222229
    },
    "barkbands_skewness": {
        "max": 19.0368728638,
        "mean": 1.98932564259,
        "min": -1.45959186554,
        "stdev": 2.23297095299
    },
    "barkbands_spread": {
        "max": 78.7423553467,
        "mean": 11.4320344925,
        "min": 0.246931478381,
        "stdev": 8.92038440704
    },
    "dissonance": {
        "max": 0.499999880791,
        "mean": 0.420431315899,
        "min": 0.171450272202,
        "stdev": 0.0528926476836
    },
    "dynamic_complexity": 2.4490814209,
    "erbbands_crest": {
        "max": 32.624080658,
        "mean": 13.1728105545,
        "min": 3.51776623726,
        "stdev": 6.58694791794
    },
    "erbbands_flatness_db": {
        "max": 0.483393371105,
        "mean": 0.277679353952,
        "min": 0.144996494055,
        "stdev": 0.0517589189112
    },
    "erbbands_kurtosis": {
        "max": 270.636138916,
        "mean": 3.88474988937,
        "min": -1.89849162102,
        "stdev": 13.2689990997
    },
    "erbbands_skewness": {
        "max": 13.0835618973,
        "mean": 1.00977599621,
        "min": -2.168009758,
        "stdev": 1.46114814281
    },
    "erbbands_spread": {
        "max": 149.010452271,
        "mean": 24.8852863312,
        "min": 0.622716665268,
        "stdev": 18.4839744568
    },
    "hfc": {
        "max": 71.2330780029,
        "mean": 18.1124858856,
        "min": 0.043276630342,
        "stdev": 12.7730379105
    },
    "loudness_ebu128": {
        "integrated": -12.6783628464,
        "loudness_range": 3.5214548111,
        "momentary": {
            "max": -8.68904209137,
            "mean": -13.2070713043,
            "min": -24.389497757,
            "stdev": 2.30762624741
        },
        "short_term": {
            "max": -10.3841152191,
            "mean": -12.8617067337,
            "min": -15.5031108856,
            "stdev": 1.25829792023
        }
    },
    "melbands_crest": {
        "max": 34.3339385986,
        "mean": 15.7586641312,
        "min": 4.21284198761,
        "stdev": 6.64303874969
    },
    "melbands_flatness_db": {
        "max": 0.605572938919,
        "mean": 0.298051089048,
        "min": 0.12025205791,
        "stdev": 0.0839082077146
    },
    "melbands_kurtosis": {
        "max": 394.164276123,
        "mean": 21.2011585236,
        "min": -1.76695895195,
        "stdev": 46.8230819702
    },
    "melbands_skewness": {
        "max": 14.5290336609,
        "mean": 2.54691243172,
        "min": -0.73916053772,
        "stdev": 2.35008382797
    },
    "melbands_spread": {
        "max": 83.4184875488,
        "mean": 14.6461343765,
        "min": 0.246033743024,
        "stdev": 10.4000577927
    },
    "pitch_salience": {
        "max": 0.822970747948,
        "mean": 0.493284344673,
        "min": 0.0376181229949,
        "stdev": 0.150197610259
    },
    "silence_rate_20dB": {
        "max": 1,
        "mean": 1,
        "min": 1,
        "stdev": 0
    },
    "silence_rate_30dB": {
        "max": 1,
        "mean": 1,
        "min": 1,
        "stdev": 0
    },
    "silence_rate_60dB": {
        "max": 1,
        "mean": 0.0328415036201,
        "min": 0,
        "stdev": 0.178219854832
    },
    "spectral_centroid": {
        "max": 2951.3371582,
        "mean": 949.518737793,
        "min": 117.024940491,
        "stdev": 474.240600586
    },
    "spectral_complexity": {
        "max": 44,
        "mean": 14.8895759583,
        "min": 0,
        "stdev": 7.83760499954
    },
    "spectral_decrease": {
        "max": -2.83908070664e-11,
        "mean": -6.97900448543e-09,
        "min": -2.42108839643e-08,
        "stdev": 4.10786915594e-09
    },
    "spectral_energy": {
        "max": 0.0928296297789,
        "mean": 0.0279832612723,
        "min": 0.000111078516056,
        "stdev": 0.0162546690553
    },
    "spectral_energyband_high": {
        "max": 0.00243731983937,
        "mean": 0.000216167711187,
        "min": 3.57946959184e-07,
        "stdev": 0.000305859954096
    },
    "spectral_energyband_low": {
        "max": 0.082065269351,
        "mean": 0.00359742203727,
        "min": 3.23690755977e-06,
        "stdev": 0.00847411621362
    },
    "spectral_energyband_middle_high": {
        "max": 0.0529188401997,
        "mean": 0.00687082158402,
        "min": 1.7101068579e-06,
        "stdev": 0.00779307819903
    },
    "spectral_energyband_middle_low": {
        "max": 0.0848289430141,
        "mean": 0.0177322551608,
        "min": 7.82844581408e-05,
        "stdev": 0.0140227908269
    },
    "spectral_entropy": {
        "max": 8.14684677124,
        "mean": 6.69949579239,
        "min": 3.69385719299,
        "stdev": 0.621877551079
    },
    "spectral_flux": {
        "max": 0.24090538919,
        "mean": 0.075803078711,
        "min": 0.00627731205896,
        "stdev": 0.035635791719
    },
    "spectral_kurtosis": {
        "max": 66.0030136108,
        "mean": 7.68083953857,
        "min": -1.37607192993,
        "stdev": 7.26019477844
    },
    "spectral_rms": {
        "max": 0.00951659027487,
        "mean": 0.00495985662565,
        "min": 0.000329194910591,
        "stdev": 0.00164332671557
    },
    "spectral_rolloff": {
        "max": 7816.55273438,
        "mean": 1035.49816895,
        "min": 107.666015625,
        "stdev": 855.453186035
    },
    "spectral_skewness": {
        "max": 6.4457192421,
        "mean": 1.70502746105,
        "min": -0.202270701528,
        "stdev": 0.845492243767
    },
    "spectral_spread": {
        "max": 11464211,
        "mean": 2697537.25,
        "min": 1286644.5,
        "stdev": 900169.9375
    },
    "spectral_strongpeak": {
        "max": 10.3791637421,
        "mean": 1.70496201515,
        "min": 0.0314875170588,
        "stdev": 1.47942173481
    },
    "zerocrossingrate": {
        "max": 0.20947265625,
        "mean": 0.0388993509114,
        "min": 0.00390625,
        "stdev": 0.0212843902409
    },
    "barkbands": {
        "max": [0.000129709689645, 0.0622885301709, 0.0235783923417, 0.00873271841556, 0.0475855432451, 0.0735732614994, 0.0773227363825, 0.0611364617944, 0.0296364109963, 0.0389715544879, 0.0362382419407, 0.0186776909977, 0.0402197614312, 0.0219195224345, 0.0138098495081, 0.012637632899, 0.00676057348028, 0.00331262592226, 0.00411542737857, 0.00372920837253, 0.00131207692903, 0.000477941415738, 0.000909944705199, 0.000251918507274, 1.87690147868e-06, 1.9485487428e-06, 2.101570999e-06],
        "mean": [4.58638214695e-06, 0.00226767640561, 0.00117268564645, 0.000397145544412, 0.00485328026116, 0.0035221024882, 0.00574827706441, 0.00105708418414, 0.00147301587276, 0.00183810724411, 0.00172411499079, 0.00088981166482, 0.000619581784122, 0.000706519873347, 0.000367367989384, 0.000249634584179, 0.000282782857539, 0.000216509608435, 0.000215795618715, 0.000271629047347, 5.19918357895e-05, 2.23351817112e-05, 1.97440676857e-05, 1.14613831101e-05, 1.98469374268e-09, 4.59043025813e-09, 2.05687977761e-09],
        "min": [4.51313386662e-09, 8.91122908797e-07, 5.49942775763e-08, 5.7901260675e-08, 4.98389135828e-06, 4.03542935601e-06, 8.76011313267e-07, 3.45729418427e-08, 5.54590755542e-08, 2.26112490509e-07, 1.55768855592e-08, 4.35639506691e-08, 3.03494047671e-08, 1.1724079485e-07, 7.56566151949e-08, 3.8127176083e-08, 8.54008277429e-08, 4.69672762904e-08, 8.73282033353e-08, 6.52703135984e-08, 1.90479951812e-08, 1.77689564451e-11, 9.54388070795e-08, 5.47125758033e-08, 9.77976293698e-12, 1.11453103691e-11, 1.15985190202e-11],
        "stdev": [9.45062492974e-06, 0.00604749284685, 0.00274088606238, 0.000641647609882, 0.00617836229503, 0.00669846031815, 0.0113616539165, 0.00319657172076, 0.0025816578418, 0.00377527321689, 0.00374473072588, 0.00162048684433, 0.00222340435721, 0.0019678643439, 0.000858056126162, 0.000814634608105, 0.000549983116798, 0.000372316688299, 0.000346399581758, 0.000445031648269, 0.000116988725495, 4.11172950407e-05, 4.85222080897e-05, 2.72457709798e-05, 4.12259915095e-08, 4.33265761046e-08, 4.61842866173e-08]
    },
    "erbbands": {
        "max": [0.458628535271, 17.5205936432, 38.6799545288, 11.9323186874, 104.743896484, 233.402557373, 504.826538086, 913.442749023, 1223.02087402, 1823.06689453, 462.947967529, 626.230285645, 1184.28820801, 969.328491211, 1556.0057373, 897.004150391, 2006.97814941, 1312.22766113, 854.318603516, 284.214874268, 530.95892334, 454.725585938, 210.120437622, 154.485809326, 245.16456604, 180.522827148, 71.0125427246, 23.9689273834, 15.7862186432, 17.2795200348, 34.726978302, 11.4891767502, 1.71584033966, 0.0467754267156, 0.013661660254, 0.00777895981446, 0.00359187158756, 0.00129311752971, 0.000303103093756, 0.000102428130049],
        "mean": [0.02027056925, 0.645166218281, 1.76196146011, 1.13812673092, 7.03848028183, 18.425239563, 23.4893341064, 31.6941299438, 78.2996444702, 60.3695335388, 19.2593364716, 32.9263916016, 56.358745575, 55.4425354004, 65.6661987305, 42.1584243774, 29.4650096893, 39.8598175049, 26.8052482605, 13.7481164932, 13.242939949, 14.8550891876, 11.1118526459, 12.061132431, 12.2314214706, 13.4634075165, 3.89794158936, 1.38853907585, 0.845762133598, 0.619994938374, 0.593411386013, 0.41651391983, 0.0705052539706, 0.0019875888247, 0.000147121027112, 4.66166056867e-05, 2.39352339122e-05, 5.27483143742e-06, 1.48694743984e-05, 3.24834909406e-05],
        "min": [1.94785807253e-05, 0.000143893717905, 0.000434823974501, 0.00116507161874, 0.0107117285952, 0.0238194521517, 0.0801403298974, 0.0459179133177, 0.0893466323614, 0.0201225858182, 0.00980091746897, 0.00626713689417, 0.0124398078769, 0.00681946892291, 0.00590220326558, 0.00244689988904, 0.00176743941847, 0.00806597620249, 0.00527430512011, 0.00388284213841, 0.00297848531045, 0.00523171573877, 0.00471111899242, 0.00512059172615, 0.00333784054965, 0.00332175986841, 0.00151993485633, 0.00185903545935, 0.000604418513831, 0.0021882832516, 0.00222240760922, 0.00201156968251, 0.000419844000135, 1.52514639922e-05, 1.56498026627e-06, 6.1795617512e-07, 2.86737900979e-07, 5.94041758006e-08, 7.55530251695e-08, 1.26371460851e-07],
        "stdev": [0.0485297031701, 1.71974921227, 4.39622163773, 1.56293010712, 10.591837883, 24.8958911896, 58.2450065613, 60.2591972351, 146.742843628, 172.103347778, 32.3725395203, 57.1995620728, 104.530563354, 114.780487061, 117.93334198, 70.5150604248, 105.644989014, 108.381278992, 64.8630447388, 25.8992500305, 31.7385177612, 29.9407997131, 18.6000957489, 19.4469280243, 19.4721698761, 22.058807373, 6.94522476196, 2.75584411621, 1.52369022369, 1.15717840195, 1.55223298073, 1.00314128399, 0.166674405336, 0.00450001657009, 0.000386719533708, 0.000177006688318, 8.2599617599e-05, 2.85564346996e-05, 1.03618949652e-05, 1.85276712728e-05]
    },
    "gfcc": {
        "mean": [-77.3601303101, 163.885848999, -169.07850647, 30.988489151, -74.10546875, -16.9512653351, -18.4654865265, -24.9225006104, -3.92737412453, -28.6813697815, 14.9346590042, -15.9122810364, -1.46821308136],
        "cov": [[3913.02148438, -224.306289673, -1615.97875977, -245.298477173, 13.2491235733, 210.503372192, 131.936431885, -33.5198402405, -96.7989425659, -15.7948436737, -100.878890991, -143.381317139, -34.2411689758], [-224.306289673, 637.524597168, 340.358215332, -9.58076953888, 321.324432373, 50.3160934448, 157.271102905, -3.65384912491, 1.11722707748, -27.6895275116, -6.54862594604, -33.0624008179, -27.1914653778], [-1615.97875977, 340.358215332, 1597.21130371, 611.899780273, 121.290260315, 135.939620972, 14.0289850235, 38.8071212769, 90.1765365601, -2.38720917702, -15.8423547745, 64.1704025269, 2.85904026031], [-245.298477173, -9.58076953888, 611.899780273, 693.042053223, 126.754333496, 71.4647140503, -38.2131004333, 29.1853637695, 74.8001708984, -23.8141098022, -84.5021972656, 7.67033481598, -18.5796337128], [13.2491235733, 321.324432373, 121.290260315, 126.754333496, 461.208831787, 67.2853164673, 94.7500610352, 75.0782318115, 9.08937263489, 24.0259494781, 19.3584518433, -62.7863998413, -39.5782051086], [210.503372192, 50.3160934448, 135.939620972, 71.4647140503, 67.2853164673, 466.916015625, 106.781616211, -10.2181596756, 6.32995510101, 10.5239849091, -61.9605445862, -68.2387542725, -27.3527965546], [131.936431885, 157.271102905, 14.0289850235, -38.2131004333, 94.7500610352, 106.781616211, 222.894622803, 50.0006446838, -44.5678634644, 17.9036045074, 1.43057358265, -32.0474243164, -7.51485109329], [-33.5198402405, -3.65384912491, 38.8071212769, 29.1853637695, 75.0782318115, -10.2181596756, 50.0006446838, 154.145889282, 37.6594352722, 17.4357204437, 28.143901825, -20.1192398071, 14.2530021667], [-96.7989425659, 1.11722707748, 90.1765365601, 74.8001708984, 9.08937263489, 6.32995510101, -44.5678634644, 37.6594352722, 164.208679199, 65.3313903809, -4.20617341995, 29.8866138458, -25.7881603241], [-15.7948436737, -27.6895275116, -2.38720917702, -23.8141098022, 24.0259494781, 10.5239849091, 17.9036045074, 17.4357204437, 65.3313903809, 150.18699646, 76.6316757202, -6.55758953094, -35.885383606], [-100.878890991, -6.54862594604, -15.8423547745, -84.5021972656, 19.3584518433, -61.9605445862, 1.43057358265, 28.143901825, -4.20617341995, 76.6316757202, 141.615951538, 30.9515514374, -7.27522516251], [-143.381317139, -33.0624008179, 64.1704025269, 7.67033481598, -62.7863998413, -68.2387542725, -32.0474243164, -20.1192398071, 29.8866138458, -6.55758953094, 30.9515514374, 127.257545471, 42.5894584656], [-34.2411689758, -27.1914653778, 2.85904026031, -18.5796337128, -39.5782051086, -27.3527965546, -7.51485109329, 14.2530021667, -25.7881603241, -35.885383606, -7.27522516251, 42.5894584656, 114.783462524]],
        "icov": [[0.000646119820885, -0.000586431531701, 0.00107849878259, -0.000771920720581, 0.000417421164457, -0.00051642145263, 9.96660382953e-05, -0.000418460753281, 0.000511967868079, -0.000472279207315, 0.000220739821089, -0.000250626617344, 5.57203056815e-05], [-0.000586431531701, 0.00733184209093, -0.00311862258241, 0.00328004709445, -0.00507453409955, 0.0021482584998, -0.00576248578727, 0.00671916641295, -0.00664390949532, 0.00645035784692, -0.00272288150154, 0.00389248412102, -0.00137179880403], [0.00107849878259, -0.00311862258241, 0.0035125722643, -0.00306432577781, 0.00220869085751, -0.00162835232913, 0.00161789706908, -0.00250445539132, 0.00235836976208, -0.00224235188216, 0.000351443246473, -0.00181351823267, 0.000313867145451], [-0.000771920720581, 0.00328004709445, -0.00306432577781, 0.00469945883378, -0.00299980887212, 0.00116931751836, -0.0010890730191, 0.00184094917495, -0.00233921548352, 0.00193199806381, 0.00139034097083, 0.000631808943581, 0.000260315515334], [0.000417421164457, -0.00507453409955, 0.00220869085751, -0.00299980887212, 0.00646793050691, -0.00150162377395, 0.00269870902412, -0.00496384548023, 0.00380325876176, -0.00355681031942, 0.000264052097918, -0.00103998498525, 0.00119232700672], [-0.00051642145263, 0.0021482584998, -0.00162835232913, 0.00116931751836, -0.00150162377395, 0.00377568602562, -0.00313033419661, 0.00311267585494, -0.00294019421563, 0.001808129251, -0.000201544433367, 0.00280620856211, -0.000774070678744], [9.96660382953e-05, -0.00576248578727, 0.00161789706908, -0.0010890730191, 0.00269870902412, -0.00313033419661, 0.0128843272105, -0.0099524166435, 0.0110358539969, -0.00943831726909, 0.00645331433043, -0.00648079998791, 0.00305430870503], [-0.000418460753281, 0.00671916641295, -0.00250445539132, 0.00184094917495, -0.00496384548023, 0.00311267585494, -0.0099524166435, 0.0186319630593, -0.0141679514199, 0.0111635588109, -0.00980890076607, 0.0104867862538, -0.00631343107671], [0.000511967868079, -0.00664390949532, 0.00235836976208, -0.00233921548352, 0.00380325876176, -0.00294019421563, 0.0110358539969, -0.0141679514199, 0.0229207016528, -0.0171356536448, 0.0129633843899, -0.0130115486681, 0.00667578820139], [-0.000472279207315, 0.00645035784692, -0.00224235188216, 0.00193199806381, -0.00355681031942, 0.001808129251, -0.00943831726909, 0.0111635588109, -0.0171356536448, 0.0237357560545, -0.0157901216298, 0.0106619298458, -0.00242996029556], [0.000220739821089, -0.00272288150154, 0.000351443246473, 0.00139034097083, 0.000264052097918, -0.000201544433367, 0.00645331433043, -0.00980890076607, 0.0129633843899, -0.0157901216298, 0.0213694553822, -0.0112998057157, 0.00484367553145], [-0.000250626617344, 0.00389248412102, -0.00181351823267, 0.000631808943581, -0.00103998498525, 0.00280620856211, -0.00648079998791, 0.0104867862538, -0.0130115486681, 0.0106619298458, -0.0112998057157, 0.0194993820041, -0.00796284060925], [5.57203056815e-05, -0.00137179880403, 0.000313867145451, 0.000260315515334, 0.00119232700672, -0.000774070678744, 0.00305430870503, -0.00631343107671, 0.00667578820139, -0.00242996029556, 0.00484367553145, -0.00796284060925, 0.0136503046378]]
    },
    "melbands": {
        "max": [0.0106747690588, 0.0216181185097, 0.00510076386854, 0.0130432583392, 0.0140914702788, 0.0176082421094, 0.0183050855994, 0.0179980080575, 0.00308350520208, 0.00426268577576, 0.0059479274787, 0.00443484354764, 0.0057882652618, 0.00242139748298, 0.00356909399852, 0.00272933603264, 0.00263733137399, 0.00162425485905, 0.00057431741152, 0.00101284775883, 0.000440003263066, 0.000499639601912, 0.000201558621484, 0.000166534926393, 0.000155712783453, 0.000272421224508, 0.000205885953619, 0.000115541261039, 7.85051379353e-05, 5.81714339205e-05, 1.80842544069e-05, 1.33459680001e-05, 1.01090163298e-05, 1.17603913168e-05, 2.29578545259e-05, 1.55678280862e-05, 4.97948258271e-06, 1.77939955393e-06, 1.714832365e-08, 1.70203211525e-08],
        "mean": [0.00040605745744, 0.000905666325707, 0.000340995582519, 0.000958530756179, 0.00084053579485, 0.000740952440538, 0.00118888786528, 0.000549567514099, 0.000134374480695, 0.000224692426855, 0.000284000212559, 0.000221445225179, 0.000234537248616, 0.000131303517264, 7.39149036235e-05, 5.81206113566e-05, 7.61890623835e-05, 4.46303929493e-05, 1.8656888642e-05, 2.07755638257e-05, 1.4242301404e-05, 1.62716096384e-05, 1.14247886813e-05, 1.01915156847e-05, 9.46611271502e-06, 8.96125402505e-06, 9.86477334664e-06, 8.53537767398e-06, 2.47808634413e-06, 1.39430471791e-06, 6.47980584745e-07, 4.72331691981e-07, 4.06178770618e-07, 3.13874465974e-07, 3.32967118766e-07, 3.59883813417e-07, 2.0873308415e-07, 6.54281393508e-08, 7.37875385792e-11, 1.77162156473e-11],
        "min": [2.10387611332e-07, 3.39114706094e-07, 4.0461708295e-07, 9.9982366919e-07, 2.06030085792e-06, 8.89722230113e-07, 4.99902569118e-07, 8.84826789616e-09, 1.79275083667e-08, 1.0998317812e-08, 3.66149386366e-08, 1.17129754784e-08, 1.38659181914e-08, 3.23226956311e-09, 2.16899032068e-09, 4.42540404322e-09, 8.63977689392e-09, 9.0793497165e-09, 5.6242601687e-09, 3.13764170201e-09, 2.09692729847e-09, 5.00600272346e-09, 4.70165595345e-09, 1.17978204983e-09, 3.87020193671e-09, 2.92700952365e-09, 1.84803639058e-09, 2.32320140903e-09, 8.59181115143e-10, 3.9579738792e-11, 4.14971572729e-12, 3.22917609536e-13, 3.58844437455e-13, 4.30798886147e-12, 1.26630383956e-09, 1.0748032464e-09, 1.0190717159e-09, 3.26334532313e-12, 7.94031724052e-14, 5.61533377305e-14],
        "stdev": [0.00103927403688, 0.00227570091374, 0.000454301480204, 0.00124734488782, 0.00173032470047, 0.00131467310712, 0.00221103802323, 0.00162979355082, 0.000218122455408, 0.000399471406126, 0.000534035032615, 0.000494559295475, 0.000492667255457, 0.000226950724027, 0.000204753829166, 0.000167074482306, 0.000227262062253, 0.000121265678899, 3.68217079085e-05, 6.97134673828e-05, 3.07813170366e-05, 3.57377393811e-05, 2.11146616493e-05, 1.87659206858e-05, 1.65092587849e-05, 1.54357949214e-05, 1.75199566002e-05, 1.4253885638e-05, 4.73912814414e-06, 3.9936394387e-06, 1.49151139794e-06, 9.82438223218e-07, 7.58985549965e-07, 6.67077870276e-07, 9.11330403142e-07, 9.77555487225e-07, 4.76092679946e-07, 1.66729194007e-07, 5.36914235294e-10, 3.73829717182e-10]
    },
    "melbands128": {
        "max": [9.35195566854e-05, 0.00176852627192, 0.0103869698942, 0.0387662239373, 0.0288976468146, 0.00759369740263, 0.00294334325008, 0.00671905698255, 0.0138690881431, 0.0228106956929, 0.0174402855337, 0.0181270930916, 0.0254718102515, 0.0196070224047, 0.0349090918899, 0.0135836722329, 0.0219912678003, 0.0350853018463, 0.0316405966878, 0.0354616828263, 0.0224161073565, 0.00798267126083, 0.00255202455446, 0.00335357128642, 0.0062659252435, 0.008723850362, 0.0114092724398, 0.0119552090764, 0.0134439561516, 0.0103019271046, 0.00789373926818, 0.0117688309401, 0.0114446999505, 0.00571622373536, 0.00393409188837, 0.00537840323523, 0.00318146473728, 0.00139612762723, 0.0108176972717, 0.00466374307871, 0.00274330587126, 0.00641353335232, 0.00629242369905, 0.00456993700936, 0.00342642702162, 0.00348932971247, 0.00242572277784, 0.000782313349191, 0.00111509335693, 0.000550900411326, 0.00194587558508, 0.00250649731606, 0.000859987107106, 0.000370014982764, 0.0006054880796, 0.00076964427717, 0.000839670479763, 0.000452042673714, 0.000443303055363, 0.000386495084967, 0.000310962146614, 0.000449110084446, 0.000332431460265, 0.000261703127762, 0.000226709365961, 0.000460794515675, 0.000302873522742, 0.000190417471458, 0.000301496736938, 0.000350438640453, 0.00028483956703, 0.000150047257193, 0.000236664127442, 0.000119317148346, 0.000126843355247, 0.000147602768266, 2.49580407399e-05, 1.31353644974e-05, 4.00791759603e-05, 3.57778408215e-05, 2.8190212106e-05, 1.40795791594e-05, 3.18396923831e-05, 9.4080951385e-06, 1.33025914693e-05, 1.39247831612e-05, 1.66617719515e-05, 1.83943902812e-05, 2.76727569144e-05, 3.1015399145e-05, 1.66075369634e-05, 2.28559656534e-05, 1.33006360556e-05, 5.82863367526e-06, 5.43248188478e-06, 5.95818528382e-06, 1.00106285572e-06, 3.25018305602e-08, 1.74612591053e-08, 1.77250960576e-08, 1.73667906722e-08, 1.69952052431e-08, 1.64943170233e-08, 1.59768056562e-08, 1.55038186733e-08, 1.48216212636e-08, 1.4358551681e-08, 1.38960993823e-08, 1.34245956573e-08, 1.30149313549e-08, 1.25367982662e-08, 1.1684633705e-08, 1.1277824008e-08, 1.09770326162e-08, 1.06582840331e-08, 1.03537844964e-08, 1.00561985406e-08, 9.79583436589e-09, 9.53583700891e-09, 9.28281096435e-09, 9.08892427987e-09, 8.89888962519e-09, 8.71402328073e-09, 8.58123438974e-09, 8.46759018458e-09, 8.37697733402e-09, 8.3076825419e-09, 8.26400192722e-09],
        "mean": [3.26723625221e-06, 3.86818210245e-05, 0.000427556515206, 0.00136463169474, 0.00119403621648, 0.000422877055826, 0.000163138072821, 0.000224460818572, 0.000694155751262, 0.00112072785851, 0.00104968016967, 0.000938595389016, 0.000849598029163, 0.000614248972852, 0.000623644562438, 0.000766705197748, 0.00127383484505, 0.00136425415985, 0.000963874801528, 0.000747784681153, 0.000263964553596, 0.000134264526423, 0.000118064221169, 0.000126129045384, 0.000203748350032, 0.000248157972237, 0.000315121636959, 0.000303196924506, 0.00022667759913, 0.000281286629615, 0.000147136772284, 0.000254561775364, 0.000286062655505, 0.000214398300159, 7.90856793174e-05, 0.000171456020325, 0.000102145495475, 3.64259831258e-05, 9.70549226622e-05, 5.30483521288e-05, 4.34997346019e-05, 6.40512953396e-05, 0.000105649727629, 6.50802394375e-05, 3.28975074808e-05, 6.09152739344e-05, 3.31231385644e-05, 1.22370656754e-05, 1.75159639184e-05, 1.28930387291e-05, 2.8285658118e-05, 2.03547406272e-05, 9.03782529349e-06, 1.38422137752e-05, 1.96978071472e-05, 1.4941986592e-05, 1.53615601448e-05, 1.45215708471e-05, 8.53679011925e-06, 8.54152403917e-06, 9.47638363868e-06, 1.19524711408e-05, 1.26123895825e-05, 7.07818844603e-06, 7.26868165657e-06, 1.13005153253e-05, 8.13826954982e-06, 6.62484126224e-06, 1.11460867629e-05, 1.34224101203e-05, 9.31149861572e-06, 6.17708519712e-06, 3.14437193083e-06, 1.4174726175e-06, 2.13869725485e-06, 1.93872233467e-06, 8.45783006298e-07, 4.48322055036e-07, 8.03006003025e-07, 5.77640662414e-07, 4.80417952531e-07, 3.63487004051e-07, 5.76928925966e-07, 3.32336639985e-07, 3.9035677446e-07, 3.37350371638e-07, 2.64799922434e-07, 2.86240720015e-07, 3.63533928294e-07, 3.45745689856e-07, 3.34489328679e-07, 4.04645561503e-07, 3.54610193654e-07, 1.54740419589e-07, 1.63720301316e-07, 1.40207333743e-07, 1.95531271174e-08, 1.58237242753e-10, 3.0365907705e-11, 1.96210391684e-11, 1.82053660341e-11, 1.75505217997e-11, 1.69443903353e-11, 1.64090494664e-11, 1.64774825728e-11, 1.58108352799e-11, 1.51314343e-11, 1.46703170445e-11, 1.40675570151e-11, 1.55667735646e-11, 9.87654125151e-11, 6.49120132645e-11, 1.62836324286e-11, 1.13003113811e-11, 1.07492487134e-11, 1.04304264878e-11, 1.00472893894e-11, 9.61095179136e-12, 9.32332162862e-12, 9.06513406007e-12, 8.95603903539e-12, 8.7241507421e-12, 8.48923795843e-12, 8.34958664708e-12, 8.21861936146e-12, 8.09347380781e-12, 8.0081002593e-12, 7.96266698411e-12],
        "min": [1.77050307748e-09, 5.83517980601e-08, 9.04612988961e-08, 1.02754682985e-07, 3.07966487867e-08, 3.42296537781e-08, 9.86384662838e-08, 4.27309920781e-08, 1.4404133708e-07, 6.17696116478e-07, 2.39897758547e-07, 7.77311512934e-08, 1.11360712651e-07, 6.84791530148e-07, 1.42384578794e-07, 5.18556895202e-08, 1.51141918536e-07, 2.85326109406e-08, 1.51442858254e-08, 6.39207087261e-09, 6.37861152786e-10, 4.57128868092e-09, 4.73571448723e-09, 4.30027613518e-09, 2.89678880883e-09, 6.24282892048e-09, 4.98516294911e-09, 1.06950128753e-08, 9.04974495342e-09, 3.88281851116e-10, 6.61813093217e-09, 1.15900666842e-09, 2.18070295155e-09, 2.10118455968e-09, 1.85323434376e-09, 1.05517095061e-09, 1.40164335694e-09, 1.46566037085e-09, 9.23885412618e-10, 9.99514804256e-10, 1.0368134129e-09, 5.52132006781e-10, 2.53372933745e-10, 5.90751003671e-10, 2.91047796974e-10, 2.7098562283e-10, 3.25939025769e-10, 4.67140937044e-10, 2.30615304631e-10, 9.97976479233e-10, 1.53968296446e-10, 9.26885027064e-11, 4.08594491574e-10, 2.68365274447e-10, 1.75118697321e-10, 1.98519589656e-10, 5.44102429778e-10, 2.11623363278e-09, 8.98997543075e-11, 3.2027333563e-10, 7.89882950714e-11, 4.16897599775e-10, 1.62425128902e-10, 2.25552451716e-10, 6.36047325919e-10, 2.77408152005e-10, 1.9802091078e-09, 3.58892277008e-10, 2.88717216801e-10, 9.38912281256e-10, 1.76147940678e-09, 1.23022730891e-10, 8.97769303343e-10, 1.97446878292e-10, 3.38374259168e-11, 4.29870930518e-11, 1.01044294459e-11, 3.58929856323e-12, 3.42483907987e-13, 1.39816245604e-13, 3.35254718951e-13, 1.85810093982e-13, 2.87568037959e-13, 3.46357247353e-13, 2.85379901134e-13, 1.35959136744e-12, 2.66639943632e-12, 1.16780899187e-11, 6.84439796506e-11, 4.100373166e-11, 8.99896303308e-12, 1.17521339882e-11, 2.02187897501e-12, 3.58642412643e-12, 1.18760964604e-11, 9.17883173981e-13, 1.29414179568e-13, 8.80919482867e-14, 7.39552868815e-14, 5.35808851172e-14, 3.65248365678e-14, 5.00702689759e-14, 4.36803981115e-14, 4.19721562736e-14, 4.45454389792e-14, 5.48727086176e-14, 4.92062852053e-14, 4.96896055931e-14, 6.73662921237e-14, 3.76981296657e-14, 4.86595389904e-14, 4.65227560794e-14, 2.97328859396e-14, 4.43723494905e-14, 3.83544853321e-14, 3.8724354127e-14, 3.06943903074e-14, 4.43002195528e-14, 3.51061885183e-14, 3.30077219897e-14, 3.80364989993e-14, 3.85061008415e-14, 3.85764486219e-14, 3.19670539226e-14, 2.79675676335e-14, 9.05366158156e-15, 1.30220590086e-15, 6.61802326511e-17],
        "stdev": [6.05028481004e-06, 0.00010682111315, 0.001099910005, 0.0037932144478, 0.00315674603917, 0.000899712671526, 0.000310992327286, 0.000389525899664, 0.00121344102081, 0.00194437522441, 0.00167394045275, 0.00206305691972, 0.00279976660386, 0.00183624320198, 0.00198941049166, 0.00161099852994, 0.00274826819077, 0.00346446665935, 0.00313120917417, 0.00285239540972, 0.00108005758375, 0.000378863507649, 0.000234567414736, 0.000297985679936, 0.000481325027067, 0.000622677674983, 0.000814944738522, 0.000783988158219, 0.000728949147742, 0.000884748413227, 0.000509320816491, 0.000879665429238, 0.000758418289479, 0.000449033919722, 0.000264328380581, 0.000389634340536, 0.000225214156671, 8.82431631908e-05, 0.000561546825338, 0.000243062444497, 0.000136947550345, 0.000251935853157, 0.000423608958954, 0.000283613684587, 0.000144526537042, 0.000230426798225, 0.000111168643343, 4.53200518677e-05, 4.78979236505e-05, 3.23228705383e-05, 0.000122517594718, 0.000104872175143, 3.78342192562e-05, 3.18107740895e-05, 5.35275867151e-05, 5.03871597175e-05, 4.44483011961e-05, 3.48471148754e-05, 2.12451668631e-05, 2.43286340265e-05, 2.48661108344e-05, 3.0467799661e-05, 3.14424432872e-05, 1.8968621589e-05, 1.82773183042e-05, 2.40455592575e-05, 1.80684783118e-05, 1.50979767568e-05, 2.45128612733e-05, 2.77750805253e-05, 2.05874202948e-05, 1.37129663926e-05, 9.20027923712e-06, 4.34343110101e-06, 7.27315227778e-06, 7.88179841038e-06, 2.43999147642e-06, 1.22850383377e-06, 2.6135396638e-06, 1.87214504876e-06, 1.70009161593e-06, 8.13207918782e-07, 1.55626787546e-06, 7.82914753472e-07, 1.00169370398e-06, 8.01267844963e-07, 7.91883962847e-07, 8.16258307168e-07, 1.05000651729e-06, 1.23292647913e-06, 1.09259406145e-06, 1.26586974147e-06, 1.05906235603e-06, 4.09105865629e-07, 4.47559159511e-07, 4.37513278939e-07, 5.870772668e-08, 1.13822462566e-09, 3.8786207579e-10, 3.89255599975e-10, 3.81424447582e-10, 3.73291564326e-10, 3.62316288083e-10, 3.50955292605e-10, 3.40561662204e-10, 3.25655585831e-10, 3.15432624465e-10, 3.05244690635e-10, 2.9491450948e-10, 2.86023760232e-10, 3.64969526823e-10, 3.052420261e-10, 2.49541970421e-10, 2.41241526755e-10, 2.34228886287e-10, 2.27536531283e-10, 2.21003923495e-10, 2.15271023229e-10, 2.09550959918e-10, 2.04011682547e-10, 1.99733438122e-10, 1.95560900806e-10, 1.91500232338e-10, 1.88581525395e-10, 1.86084522791e-10, 1.8409400393e-10, 1.82571305296e-10, 1.8161001869e-10]
    },
    "mfcc": {
        "mean": [-704.317993164, 177.342147827, -37.0645866394, 38.1147842407, -31.0142326355, 5.82442045212, -18.1587409973, 13.3565807343, -34.9091949463, 15.1704807281, -26.0364074707, 8.62283420563, -8.37498092651],
        "cov": [[4820.79589844, -112.75717926, -1863.4642334, -319.804870605, -667.737487793, 319.724853516, -188.565658569, 156.863128662, -63.4316444397, 195.637771606, -218.740036011, 78.8078460693, -148.568496704], [-112.75717926, 680.246398926, -26.8338680267, -97.000617981, 148.189315796, -24.3483314514, 257.783782959, -19.998998642, 66.923034668, -2.67231655121, 73.8545837402, -24.9201698303, 23.5767345428], [-1863.4642334, -26.8338680267, 1492.09619141, 384.112365723, 275.645843506, 241.496047974, 7.48319482803, 80.518157959, 154.895065308, -102.336799622, 96.8566894531, 8.62156867981, -1.32848751545], [-319.804870605, -97.000617981, 384.112365723, 583.559814453, 252.730361938, 17.7519359589, -18.6915187836, 60.4872970581, 52.4934654236, -5.53679847717, 48.2301177979, -13.0580244064, 59.7156143188], [-667.737487793, 148.189315796, 275.645843506, 252.730361938, 493.325805664, -7.91316604614, 110.831695557, 31.2258224487, 32.9186058044, 87.4377746582, 87.7657165527, 4.46275901794, 32.5257263184], [319.724853516, -24.3483314514, 241.496047974, 17.7519359589, -7.91316604614, 455.99597168, 5.68005609512, 77.2206268311, 128.973754883, -17.908203125, 90.5981063843, 30.4538059235, -78.2026824951], [-188.565658569, 257.783782959, 7.48319482803, -18.6915187836, 110.831695557, 5.68005609512, 377.524047852, 23.3471450806, 3.30463933945, 100.234809875, -14.3889684677, 3.86115288734, 27.4051456451], [156.863128662, -19.998998642, 80.518157959, 60.4872970581, 31.2258224487, 77.2206268311, 23.3471450806, 160.979736328, 67.9138870239, 16.4751663208, -17.2486095428, -18.0157661438, -6.16748142242], [-63.4316444397, 66.923034668, 154.895065308, 52.4934654236, 32.9186058044, 128.973754883, 3.30463933945, 67.9138870239, 209.29750061, -0.917654633522, 39.008682251, -20.0791988373, -44.390460968], [195.637771606, -2.67231655121, -102.336799622, -5.53679847717, 87.4377746582, -17.908203125, 100.234809875, 16.4751663208, -0.917654633522, 221.084442139, -3.83215498924, 18.7340583801, -4.90382051468], [-218.740036011, 73.8545837402, 96.8566894531, 48.2301177979, 87.7657165527, 90.5981063843, -14.3889684677, -17.2486095428, 39.008682251, -3.83215498924, 225.479782104, 41.2228889465, 1.98117399216], [78.8078460693, -24.9201698303, 8.62156867981, -13.0580244064, 4.46275901794, 30.4538059235, 3.86115288734, -18.0157661438, -20.0791988373, 18.7340583801, 41.2228889465, 137.53666687, 46.5704917908], [-148.568496704, 23.5767345428, -1.32848751545, 59.7156143188, 32.5257263184, -78.2026824951, 27.4051456451, -6.16748142242, -44.390460968, -4.90382051468, 1.98117399216, 46.5704917908, 174.543014526]],
        "icov": [[0.00308465119451, -0.00306859915145, 0.0042371712625, -0.00333867664449, 0.00353440199979, -0.00473656691611, 0.00360025442205, -0.00387448724359, 0.00265392055735, -0.00359971355647, 0.00344893382862, -0.00347965001129, 0.0021947005298], [-0.00306859915145, 0.00601200852543, -0.00400751829147, 0.00425488641486, -0.00450576515868, 0.00515513913706, -0.00567990913987, 0.00448672985658, -0.00410787761211, 0.00496946368366, -0.00442325882614, 0.00421466073021, -0.0026899673976], [0.0042371712625, -0.00400751829147, 0.00683820294216, -0.00496680056676, 0.00435368716717, -0.0068747587502, 0.00472194608301, -0.00525435665622, 0.00319892098196, -0.00420610699803, 0.00476086512208, -0.0049075470306, 0.00303146778606], [-0.00333867664449, 0.00425488641486, -0.00496680056676, 0.00663092639297, -0.00530601665378, 0.00532049220055, -0.00398035580292, 0.00379706011154, -0.0035077102948, 0.00437659258023, -0.00406989315525, 0.00453281076625, -0.00352363707498], [0.00353440199979, -0.00450576515868, 0.00435368716717, -0.00530601665378, 0.00788897555321, -0.00501157157123, 0.00402237288654, -0.00483906920999, 0.00358652486466, -0.00582101754844, 0.00298975780606, -0.00401665549725, 0.00273384153843], [-0.00473656691611, 0.00515513913706, -0.0068747587502, 0.00532049220055, -0.00501157157123, 0.0109081156552, -0.00616958225146, 0.00468646036461, -0.00542749464512, 0.0059882751666, -0.00663503352553, 0.004137780983, -0.00188596209045], [0.00360025442205, -0.00567990913987, 0.00472194608301, -0.00398035580292, 0.00402237288654, -0.00616958225146, 0.00903611071408, -0.0051310681738, 0.00413452740759, -0.00646232115105, 0.00520322890952, -0.00422749482095, 0.00205440423451], [-0.00387448724359, 0.00448672985658, -0.00525435665622, 0.00379706011154, -0.00483906920999, 0.00468646036461, -0.0051310681738, 0.0133238937706, -0.00572987319902, 0.00414819642901, -0.00300109502859, 0.00549516873434, -0.00373792974278], [0.00265392055735, -0.00410787761211, 0.00319892098196, -0.0035077102948, 0.00358652486466, -0.00542749464512, 0.00413452740759, -0.00572987319902, 0.00992175471038, -0.00395273184404, 0.002535530366, -0.00240662228316, 0.00311218970455], [-0.00359971355647, 0.00496946368366, -0.00420610699803, 0.00437659258023, -0.00582101754844, 0.0059882751666, -0.00646232115105, 0.00414819642901, -0.00395273184404, 0.0109562091529, -0.00414913054556, 0.00300990929827, -0.00178912200499], [0.00344893382862, -0.00442325882614, 0.00476086512208, -0.00406989315525, 0.00298975780606, -0.00663503352553, 0.00520322890952, -0.00300109502859, 0.002535530366, -0.00414913054556, 0.0101438499987, -0.00554800918326, 0.00240231608041], [-0.00347965001129, 0.00421466073021, -0.0049075470306, 0.00453281076625, -0.00401665549725, 0.004137780983, -0.00422749482095, 0.00549516873434, -0.00240662228316, 0.00300990929827, -0.00554800918326, 0.0136748626828, -0.00577210914344], [0.0021947005298, -0.0026899673976, 0.00303146778606, -0.00352363707498, 0.00273384153843, -0.00188596209045, 0.00205440423451, -0.00373792974278, 0.00311218970455, -0.00178912200499, 0.00240231608041, -0.00577210914344, 0.00963426474482]]
    },
    "spectral_contrast_coeffs": {
        "max": [-0.343016982079, -0.309402555227, -0.34866052866, -0.394612938166, -0.459833949804, -0.412828356028],
        "mean": [-0.623600304127, -0.676396727562, -0.686988294125, -0.731871128082, -0.729680240154, -0.620601892471],
        "min": [-0.86273932457, -0.922759056091, -0.902980566025, -0.919427633286, -0.900782704353, -0.867506086826],
        "stdev": [0.0967329367995, 0.103975072503, 0.0935333967209, 0.0898282900453, 0.0781552493572, 0.0691906660795]
    },
    "spectral_contrast_valleys": {
        "max": [-5.38457345963, -5.02117681503, -5.35413694382, -6.62311029434, -6.01714277267, -10.8160848618],
        "mean": [-7.46827888489, -6.92133235931, -7.76139354706, -8.54404735565, -8.47091960907, -13.7753267288],
        "min": [-9.9843788147, -10.6321659088, -10.9974336624, -11.7093153, -11.7427177429, -15.9540023804],
        "stdev": [0.84339427948, 0.891455709934, 1.08459222317, 1.0154671669, 0.923734545708, 0.784240841866]
    }
},
"rhythm": {
    "beats_count": 87,
    "beats_loudness": {
        "max": 0.0806259587407,
        "mean": 0.0330732539296,
        "min": 0.0067272069864,
        "stdev": 0.0171210598201
    },
    "bpm": 104.469345093,
    "bpm_histogram_first_peak_bpm": 103,
    "bpm_histogram_first_peak_weight": 0.521739125252,
    "bpm_histogram_second_peak_bpm": 108,
    "bpm_histogram_second_peak_spread": 0,
    "bpm_histogram_second_peak_weight": 0.151162788272,
    "danceability": 1.01368057728,
    "onset_rate": 2.666015625,
    "beats_loudness_band_ratio": {
        "max": [0.975557208061, 0.989719390869, 0.972522377968, 0.732093393803, 0.297510027885, 0.213888674974],
        "mean": [0.171491593122, 0.355046987534, 0.287940710783, 0.18665933609, 0.0513837039471, 0.0205856375396],
        "min": [0.000396663905121, 0.00310463341884, 0.00111905694939, 5.84019799135e-05, 5.72920362174e-05, 0.00013999787916],
        "stdev": [0.245327174664, 0.28554725647, 0.244247615337, 0.202161237597, 0.0604937113822, 0.0313712731004]
    },
