{
"metadata": {
    "version": {
        "essentia": "2.1-beta5",
        "essentia_git_sha": "Undefined",
        "extractor": "music 2.0"
    },
    "audio_properties": {
        "analysis": {
            "equal_loudness": 0,
            "length": 29.0017242432,
            "sample_rate": 44100,
            "start_time": 0,
            "downmix": "mix"
        },
        "bit_rate": 192000,
        "length": 212.764465332,
        "lossless": 0,
        "number_channels": 1,
        "replay_gain": -18.8512306213,
        "sample_rate": 48000,
        "codec": "mp3",
        "md5_encoded": "1a54dc1ccbea0049127d698c4417b72e"
    },
    "tags": {
        "file_name": "Luxembourg_Ne Crois Pas_Michèle Arnaud.mp3",
        "encoding": ["Lavf58.29.100"]
    }
},
"lowlevel": {
    "average_loudness": 0.832566142082,
    "barkbands_crest": {
        "max": 26.1126251221,
        "mean": 10.4326601028,
        "min": 2.77774238586,
        "stdev": 4.25942277908
    },
    "barkbands_flatness_db": {
        "max": 0.448238790035,
        "mean": 0.242050394416,
        "min": 0.112890474498,
        "stdev": 0.0629864484072
    },
    "barkbands_kurtosis": {
        "max": 148.031082153,
        "mean": 11.3529376984,
        "min": -1.76026940346,
        "stdev": 13.6624803543
    },
    "barkbands_skewness": {
        "max": 10.6732006073,
        "mean": 1.8758443594,
        "min": -1.36702013016,
        "stdev": 1.6277629137
    },
    "barkbands_spread": {
        "max": 64.9212875366,
        "mean": 8.50354099274,
        "min": 0.474297016859,
        "stdev": 7.61177206039
    },
    "dissonance": {
        "max": 0.499999940395,
        "mean": 0.428857922554,
        "min": 0.152332335711,
        "stdev": 0.0719425082207
    },
    "dynamic_complexity": 9.7159614563,
    "erbbands_crest": {
        "max": 29.0770626068,
        "mean": 11.3058595657,
        "min": 2.93656373024,
        "stdev": 5.70805644989
    },
    "erbbands_flatness_db": {
        "max": 0.400282233953,
        "mean": 0.243728667498,
        "min": 0.121260486543,
        "stdev": 0.0641676187515
    },
    "erbbands_kurtosis": {
        "max": 42.3290061951,
        "mean": 4.23511552811,
        "min": -1.80104327202,
        "stdev": 5.65274143219
    },
    "erbbands_skewness": {
        "max": 5.35102462769,
        "mean": 1.16026771069,
        "min": -3.15341043472,
        "stdev": 1.24434506893
    },
    "erbbands_spread": {
        "max": 103.550735474,
        "mean": 23.4339504242,
        "min": 2.25226831436,
        "stdev": 17.1464633942
    },
    "hfc": {
        "max": 41.6988067627,
        "mean": 5.30726242065,
        "min": 0.0146678527817,
        "stdev": 8.10182476044
    },
    "loudness_ebu128": {
        "integrated": -10.7356243134,
        "loudness_range": 8.5798330307,
        "momentary": {
            "max": -6.09570169449,
            "mean": -16.3925704956,
            "min": -32.9573440552,
            "stdev": 7.98949289322
        },
        "short_term": {
            "max": -8.68322086334,
            "mean": -12.9749250412,
            "min": -24.7727527618,
            "stdev": 3.38119983673
        }
    },
    "melbands_crest": {
        "max": 30.7808380127,
        "mean": 13.733789444,
        "min": 2.90493535995,
        "stdev": 5.48782110214
    },
    "melbands_flatness_db": {
        "max": 0.54668289423,
        "mean": 0.301088899374,
        "min": 0.128266602755,
        "stdev": 0.0841994583607
    },
    "melbands_kurtosis": {
        "max": 201.313064575,
        "mean": 18.1209812164,
        "min": -1.66514968872,
        "stdev": 23.3695335388
    },
    "melbands_skewness": {
        "max": 11.7249364853,
        "mean": 2.28015089035,
        "min": -0.984905719757,
        "stdev": 1.93375229836
    },
    "melbands_spread": {
        "max": 75.6026077271,
        "mean": 11.4639177322,
        "min": 0.414572775364,
        "stdev": 12.3003034592
    },
    "pitch_salience": {
        "max": 0.871130406857,
        "mean": 0.638005256653,
        "min": 0.128975868225,
        "stdev": 0.121036916971
    },
    "silence_rate_20dB": {
        "max": 1,
        "mean": 1,
        "min": 1,
        "stdev": 0
    },
    "silence_rate_30dB": {
        "max": 1,
        "mean": 1,
        "min": 1,
        "stdev": 0
    },
    "silence_rate_60dB": {
        "max": 1,
        "mean": 0.532000005245,
        "min": 0,
        "stdev": 0.498974502087
    },
    "spectral_centroid": {
        "max": 3162.6418457,
        "mean": 691.073791504,
        "min": 129.920043945,
        "stdev": 476.685028076
    },
    "spectral_complexity": {
        "max": 32,
        "mean": 6.76399993896,
        "min": 0,
        "stdev": 7.14799451828
    },
    "spectral_decrease": {
        "max": -1.06910539449e-11,
        "mean": -3.13385428719e-09,
        "min": -2.60756607418e-08,
        "stdev": 5.14051512468e-09
    },
    "spectral_energy": {
        "max": 0.102197684348,
        "mean": 0.0123092560098,
        "min": 4.18304662162e-05,
        "stdev": 0.0200872998685
    },
    "spectral_energyband_high": {
        "max": 0.000360538659152,
        "mean": 9.67335472524e-06,
        "min": 2.94355288588e-07,
        "stdev": 1.89205002243e-05
    },
    "spectral_energyband_low": {
        "max": 0.037907704711,
        "mean": 0.00169343571179,
        "min": 1.10184246296e-05,
        "stdev": 0.00333061441779
    },
    "spectral_energyband_middle_high": {
        "max": 0.0124379685149,
        "mean": 0.000845635251608,
        "min": 1.41090379202e-06,
        "stdev": 0.00153031223454
    },
    "spectral_energyband_middle_low": {
        "max": 0.0998543873429,
        "mean": 0.0103597231209,
        "min": 1.11305807877e-05,
        "stdev": 0.0191215723753
    },
    "spectral_entropy": {
        "max": 7.94070720673,
        "mean": 6.83662557602,
        "min": 4.77932453156,
        "stdev": 0.673322141171
    },
    "spectral_flux": {
        "max": 0.267654180527,
        "mean": 0.0521818958223,
        "min": 0.00397364702076,
        "stdev": 0.0523951128125
    },
    "spectral_kurtosis": {
        "max": 87.0807723999,
        "mean": 12.9600353241,
        "min": -0.831711530685,
        "stdev": 13.0303697586
    },
    "spectral_rms": {
        "max": 0.00998524203897,
        "mean": 0.00246911076829,
        "min": 0.000202015376999,
        "stdev": 0.00243156915531
    },
    "spectral_rolloff": {
        "max": 4392.7734375,
        "mean": 701.913330078,
        "min": 86.1328125,
        "stdev": 635.233215332
    },
    "spectral_skewness": {
        "max": 7.34075069427,
        "mean": 2.40048193932,
        "min": -0.188445314765,
        "stdev": 1.17707061768
    },
    "spectral_spread": {
        "max": 17936724,
        "mean": 2751339,
        "min": 918496.5,
        "stdev": 1079769.375
    },
    "spectral_strongpeak": {
        "max": 5.09115409851,
        "mean": 0.61871612072,
        "min": 0,
        "stdev": 0.936911404133
    },
    "zerocrossingrate": {
        "max": 0.11865234375,
        "mean": 0.028905859217,
        "min": 0.00439453125,
        "stdev": 0.0182045288384
    },
    "barkbands": {
        "max": [0.00081805564696, 0.031207645312, 0.0121206082404, 0.0226812511683, 0.0614670701325, 0.0811616256833, 0.0723404735327, 0.0453386008739, 0.0320950970054, 0.0114428792149, 0.00199779658578, 0.00173970172182, 0.00217040488496, 0.00232902984135, 0.00233819312416, 0.00242076953873, 0.00106511032209, 0.000401794910431, 0.000332967669237, 0.000141619966598, 0.000171011823113, 0.000104456878034, 2.27589680435e-05, 4.39090081272e-06, 1.74312265244e-06, 2.03595064363e-07, 7.88771004068e-08],
        "mean": [1.90367536561e-05, 0.00029302938492, 0.000826470088214, 0.00116214179434, 0.00180537218694, 0.00352456932887, 0.00208934629336, 0.00100337632466, 0.000681908393744, 0.000188743098988, 9.03333275346e-05, 0.000111213623313, 0.000111100591312, 0.000103504506114, 0.000114622460387, 8.38421910885e-05, 5.54447906325e-05, 2.00634622161e-05, 1.17354329632e-05, 7.03257774148e-06, 3.84650320484e-06, 1.61219577421e-06, 5.38756580681e-07, 2.89743923076e-07, 9.88435786553e-08, 4.97626206908e-09, 2.85761725394e-09],
        "min": [1.49477088485e-08, 1.82073119959e-06, 6.91195168656e-07, 1.49968940377e-07, 1.18756497614e-06, 6.70653889756e-07, 4.50062827895e-07, 1.00888080112e-07, 1.70959609136e-07, 4.89178724195e-08, 3.47574271586e-08, 3.8978100747e-08, 3.79079203583e-08, 3.47033832782e-08, 4.15779553009e-08, 5.50273746569e-08, 4.42897309938e-08, 3.67173491611e-08, 3.31152776312e-08, 4.57234676787e-08, 4.76584105513e-08, 3.75077924275e-08, 3.54026390426e-08, 4.24279953393e-08, 1.22843628603e-08, 4.39476666864e-12, 4.5436892096e-12],
        "stdev": [5.37732630619e-05, 0.00162654812448, 0.0017354930751, 0.00295960926451, 0.00494406884536, 0.00969503819942, 0.0065478249453, 0.00412836391479, 0.00300256046467, 0.000782207702287, 0.00019541005895, 0.000241617875872, 0.000259527791059, 0.000256297906162, 0.000274501100648, 0.000195514803636, 0.000114862676128, 4.29404135502e-05, 2.87363636744e-05, 1.41606778925e-05, 8.63861168909e-06, 4.30026921094e-06, 1.01117984741e-06, 3.6177678453e-07, 1.33183732487e-07, 1.58577542209e-08, 8.399482887e-09]
    },
    "erbbands": {
        "max": [0.319951504469, 8.60565280914, 15.3636636734, 41.5397415161, 181.25050354, 341.961700439, 424.457580566, 952.125244141, 1258.41662598, 989.825317383, 1090.52062988, 889.667907715, 509.118774414, 134.84022522, 89.4271621704, 81.6613845825, 98.4547348022, 103.837409973, 184.816238403, 124.959152222, 123.544021606, 63.5867805481, 28.4495410919, 21.1086101532, 11.1341781616, 5.9347205162, 4.3418211937, 8.17803001404, 3.64217448235, 2.70487952232, 0.416301965714, 0.0930100008845, 0.067419283092, 0.0290867369622, 0.0066627166234, 0.00100547459442, 0.000374666560674, 0.000115487353469, 5.46687806491e-05, 0.000114505397505],
        "mean": [0.00400855671614, 0.0906396880746, 0.728042900562, 2.72218251228, 4.50622749329, 5.76110649109, 13.1690263748, 35.635055542, 35.2073783875, 23.2658100128, 21.754524231, 17.2734222412, 9.0980091095, 4.0306186676, 3.99567580223, 4.74118328094, 5.13303613663, 5.40345621109, 5.59359550476, 5.83874893188, 4.26779508591, 3.06070518494, 1.29600679874, 0.754198670387, 0.498952746391, 0.331188946962, 0.194048210979, 0.12901262939, 0.0634192302823, 0.0302570685744, 0.013786229305, 0.00743100745603, 0.00423092907295, 0.00198773178272, 0.000245451403316, 3.72063550458e-05, 1.22289438877e-05, 3.17899593938e-06, 6.35831065665e-06, 1.38383165904e-05],
        "min": [8.55518665048e-05, 0.000548261625227, 0.00211238395423, 0.00490226829425, 0.00676412414759, 0.00365264341235, 0.0048962039873, 0.00658610602841, 0.00695564504713, 0.0070398687385, 0.00329793686979, 0.00456739543006, 0.00314981606789, 0.00178915529978, 0.00266558025032, 0.00281789689325, 0.0019873206038, 0.00242149224505, 0.00264505203813, 0.0043565845117, 0.00373454997316, 0.00318174087442, 0.00279805390164, 0.00224503572099, 0.00148541107774, 0.00192938139662, 0.00209673354402, 0.00166463747155, 0.00134315958712, 0.0013391750399, 0.000944995263126, 0.000800304405857, 0.000624756852631, 0.00031365067116, 1.26608747451e-05, 6.72738110552e-07, 9.04595651718e-08, 1.73798841985e-08, 2.73146802954e-08, 4.87388263082e-08],
        "stdev": [0.0174592230469, 0.448384672403, 1.4452893734, 5.88420772552, 13.3873329163, 19.5354099274, 40.8929252625, 104.513214111, 110.850318909, 80.3459014893, 92.1729354858, 75.5337142944, 38.5897789001, 8.94754981995, 8.58434486389, 10.4430084229, 11.7490129471, 12.9176244736, 13.765537262, 13.843132019, 9.33692073822, 6.32263183594, 2.67653775215, 1.82475376129, 1.10570383072, 0.657579958439, 0.360540211201, 0.35269883275, 0.162250354886, 0.0922318845987, 0.0229236856103, 0.00987088866532, 0.00517525477335, 0.00225703744218, 0.000550542608835, 9.88858009805e-05, 3.02102689602e-05, 8.29589407658e-06, 1.04735490822e-05, 2.24173072638e-05]
    },
    "gfcc": {
        "mean": [-203.237243652, 172.210693359, -127.635452271, 40.4293365479, -61.0651168823, -3.93492937088, -38.3606300354, -11.6203527451, -1.97422146797, -18.1094398499, 2.70523762703, -22.0611381531, 5.92209005356],
        "cov": [[8912.75683594, 652.560241699, -1856.25500488, -1998.41052246, 388.187652588, -1317.8729248, 47.9023361206, -482.265167236, -67.2358779907, -32.8627662659, -403.536254883, 175.113952637, -335.528137207], [652.560241699, 411.680480957, 196.443710327, -375.328674316, 18.8272285461, -205.182006836, -42.3615646362, -50.4028968811, 14.6818237305, -18.3935832977, -9.42822265625, 9.37665176392, -39.4180450439], [-1856.25500488, 196.443710327, 1538.90808105, 365.246582031, -241.04107666, -144.199783325, -222.886978149, 85.8792190552, 0.176903918386, -1.37751126289, 51.5027503967, 19.1946105957, 2.79013633728], [-1998.41052246, -375.328674316, 365.246582031, 956.679138184, 44.2893943787, 223.020996094, -40.4007225037, 75.9222564697, 31.486114502, 6.01959276199, 91.0930557251, -13.9094552994, 120.39691925], [388.187652588, 18.8272285461, -241.04107666, 44.2893943787, 247.966567993, 12.1220569611, 4.64140748978, -41.2622642517, 19.780872345, -14.9625463486, 5.15259361267, 18.1009922028, 22.1261253357], [-1317.8729248, -205.182006836, -144.199783325, 223.020996094, 12.1220569611, 557.282531738, 195.625854492, 113.074180603, -4.87669944763, 7.73643779755, 74.4745254517, -55.5623931885, 61.1728744507], [47.9023361206, -42.3615646362, -222.886978149, -40.4007225037, 4.64140748978, 195.625854492, 205.13885498, 42.5715065002, -22.7867050171, -0.781965732574, 9.66723442078, -26.0300350189, -4.59277677536], [-482.265167236, -50.4028968811, 85.8792190552, 75.9222564697, -41.2622642517, 113.074180603, 42.5715065002, 115.755981445, 36.6578216553, 12.6698236465, 8.78344249725, -19.3846302032, 3.3801112175], [-67.2358779907, 14.6818237305, 0.176903918386, 31.486114502, 19.780872345, -4.87669944763, -22.7867050171, 36.6578216553, 98.720199585, 37.0008926392, -4.96481227875, -13.3680725098, 6.28189563751], [-32.8627662659, -18.3935832977, -1.37751126289, 6.01959276199, -14.9625463486, 7.73643779755, -0.781965732574, 12.6698236465, 37.0008926392, 66.2523040771, 17.4743213654, -12.7665300369, -7.56797409058], [-403.536254883, -9.42822265625, 51.5027503967, 91.0930557251, 5.15259361267, 74.4745254517, 9.66723442078, 8.78344249725, -4.96481227875, 17.4743213654, 79.5766830444, 13.7379264832, 19.8591709137], [175.113952637, 9.37665176392, 19.1946105957, -13.9094552994, 18.1009922028, -55.5623931885, -26.0300350189, -19.3846302032, -13.3680725098, -12.7665300369, 13.7379264832, 64.5446472168, 15.1487970352], [-335.528137207, -39.4180450439, 2.79013633728, 120.39691925, 22.1261253357, 61.1728744507, -4.59277677536, 3.3801112175, 6.28189563751, -7.56797409058, 19.8591709137, 15.1487970352, 65.5053787231]],
        "icov": [[0.00152832816821, 0.000201143906452, 0.000949303503148, 0.0013857485028, -0.00171737326309, 0.00305199320428, -0.00272191944532, 0.00154707685579, 3.94021444663e-05, -0.00161688483786, 0.00331446877681, -0.00325914379209, 0.00237952778116], [0.000201143906452, 0.0165796615183, -0.00560920964926, 0.00987846683711, -0.00660836650059, 0.00608019530773, -0.00662436615676, 0.00489321164787, -0.00976634863764, 0.0105598410591, -0.012648852542, 0.0112917274237, -0.00769312540069], [0.000949303503148, -0.00560920964926, 0.00379433040507, -0.00294686877169, 0.0021575728897, 0.000236303341808, 0.00172276701778, -0.0018082143506, 0.00375730753876, -0.00414634589106, 0.00569156557322, -0.00617000227794, 0.00486841285601], [0.0013857485028, 0.00987846683711, -0.00294686877169, 0.00880570337176, -0.00605048146099, 0.00581836374477, -0.00561923114583, 0.00337332976051, -0.00535510992631, 0.00469719106331, -0.00564686534926, 0.0053301109001, -0.00543904351071], [-0.00171737326309, -0.00660836650059, 0.0021575728897, -0.00605048146099, 0.0105637423694, -0.00599995348603, 0.00551888765767, -0.000716795271728, 0.000223595023272, 0.000594808952883, 0.000407633779105, -0.00266014924273, 0.00125322060194], [0.00305199320428, 0.00608019530773, 0.000236303341808, 0.00581836374477, -0.00599995348603, 0.0132370656356, -0.010736442171, 0.00119165773503, -0.00177267019171, 0.00089432724053, -0.00149716367014, 0.00178129354026, -0.00224642781541], [-0.00272191944532, -0.00662436615676, 0.00172276701778, -0.00561923114583, 0.00551888765767, -0.010736442171, 0.0176138486713, -0.0075551494956, 0.00694459863007, -0.00177276879549, -0.000607373134699, 0.00163927790709, 0.00104754196946], [0.00154707685579, 0.00489321164787, -0.0018082143506, 0.00337332976051, -0.000716795271728, 0.00119165773503, -0.0075551494956, 0.0204549618065, -0.011812097393, 0.00381774199195, 0.00112292182166, -0.00219680764712, 0.00403131078929], [3.94021444663e-05, -0.00976634863764, 0.00375730753876, -0.00535510992631, 0.000223595023272, -0.00177267019171, 0.00694459863007, -0.011812097393, 0.0258503481746, -0.0176316592842, 0.0110511155799, -0.00370414461941, -0.000326065724948], [-0.00161688483786, 0.0105598410591, -0.00414634589106, 0.00469719106331, 0.000594808952883, 0.00089432724053, -0.00177276879549, 0.00381774199195, -0.0176316592842, 0.0337668918073, -0.0209363605827, 0.0143483569846, -0.00312051712535], [0.00331446877681, -0.012648852542, 0.00569156557322, -0.00564686534926, 0.000407633779105, -0.00149716367014, -0.000607373134699, 0.00112292182166, 0.0110511155799, -0.0209363605827, 0.0386682190001, -0.0240443143994, 0.0110208755359], [-0.00325914379209, 0.0112917274237, -0.00617000227794, 0.0053301109001, -0.00266014924273, 0.00178129354026, 0.00163927790709, -0.00219680764712, -0.00370414461941, 0.0143483569846, -0.0240443143994, 0.0398123040795, -0.0198740251362], [0.00237952778116, -0.00769312540069, 0.00486841285601, -0.00543904351071, 0.00125322060194, -0.00224642781541, 0.00104754196946, 0.00403131078929, -0.000326065724948, -0.00312051712535, 0.0110208755359, -0.0198740251362, 0.03507989645]]
    },
    "melbands": {
        "max": [0.00596010778099, 0.00893210247159, 0.00946188811213, 0.0160459242761, 0.0115562556311, 0.0191642120481, 0.0170009415597, 0.0100052822381, 0.00771148269996, 0.00550686428323, 0.00237172935158, 0.000628481677268, 0.000321711151628, 0.000213134233491, 0.0001998377993, 0.000247388990829, 0.000187815603567, 0.000332271389198, 0.000176602319698, 0.000162629919942, 0.000139241470606, 6.89457228873e-05, 5.78413528274e-05, 1.56396545208e-05, 1.8638182155e-05, 1.11255103548e-05, 6.47683782518e-06, 3.71817941414e-06, 2.2154126782e-06, 4.46052308689e-06, 4.47680076832e-06, 2.23612141781e-06, 1.65137851127e-06, 1.21679840959e-06, 1.9334267165e-07, 1.07916548586e-07, 6.39639878841e-08, 7.35355811798e-08, 3.32235927658e-08, 2.17071320918e-08],
        "mean": [5.86819660384e-05, 0.000313764321618, 0.000528392149135, 0.000349113688571, 0.000433283945313, 0.000777027336881, 0.000510730431415, 0.000240724897594, 0.000165515259141, 0.000102551450254, 4.23793171649e-05, 1.58567763719e-05, 1.2899405192e-05, 1.27170742417e-05, 1.1311464732e-05, 1.12484758574e-05, 9.78608477453e-06, 8.75677051226e-06, 8.72281452757e-06, 6.5828426159e-06, 4.74401076644e-06, 3.51170001522e-06, 1.63073707427e-06, 8.5105011749e-07, 5.83937321608e-07, 4.13118243614e-07, 2.86404144845e-07, 2.0371273024e-07, 1.2840850161e-07, 9.07060666577e-08, 6.90962451699e-08, 3.84591167801e-08, 2.30333352391e-08, 1.37781679399e-08, 8.13545053546e-09, 5.73949598959e-09, 4.06293310107e-09, 3.10731018693e-09, 2.33247310355e-09, 1.43073908276e-09],
        "min": [7.20888067463e-07, 1.76909122729e-06, 1.16673800221e-06, 3.55594551138e-07, 1.88964776271e-07, 1.30346037963e-07, 1.10512743845e-07, 4.43811423168e-08, 3.12005390413e-08, 2.6325743363e-08, 1.42819507332e-08, 5.20037746199e-09, 7.58737428441e-09, 4.79433692746e-09, 3.46285333741e-09, 5.53839996087e-09, 3.48944073636e-09, 2.96844482328e-09, 3.21425108751e-09, 2.44098119495e-09, 4.51185577788e-09, 2.67844879609e-09, 2.5699009587e-09, 1.4384751168e-09, 1.70690994672e-09, 1.13732490092e-09, 1.16057241595e-09, 1.03484687486e-09, 1.09251974134e-09, 1.00850294782e-09, 7.81647579995e-10, 5.80556658303e-10, 6.00372196402e-10, 5.3281062895e-10, 3.64547114717e-10, 4.08972244959e-10, 4.15064344006e-10, 2.23133220234e-10, 3.31284638611e-10, 1.77803161083e-10],
        "stdev": [0.00031271399348, 0.000667168700602, 0.00113552808762, 0.00101085565984, 0.00127877283376, 0.00218261498958, 0.00152955704834, 0.000830679258797, 0.000694889225997, 0.000463656178908, 0.00018396343512, 3.733437552e-05, 2.83248173218e-05, 2.77895051113e-05, 2.51846522588e-05, 2.65426715487e-05, 2.42003879976e-05, 2.24820705625e-05, 2.11223577935e-05, 1.62365577125e-05, 1.05817598524e-05, 7.49537184674e-06, 3.63997469321e-06, 1.83834265499e-06, 1.53161295202e-06, 9.81176413006e-07, 6.3970287556e-07, 4.09635248388e-07, 2.36908235252e-07, 2.15931734715e-07, 1.98064412871e-07, 1.00571710959e-07, 6.52912106602e-08, 4.10433749209e-08, 1.32411024367e-08, 8.38049896146e-09, 5.51378231961e-09, 4.35148805877e-09, 2.50261722456e-09, 1.78206560619e-09]
    },
    "melbands128": {
        "max": [0.000717305054422, 0.000932766124606, 0.00764274597168, 0.0178295243531, 0.0115140415728, 0.00672350684181, 0.00908689945936, 0.0134846149012, 0.0250459033996, 0.0221441257745, 0.0247665587813, 0.0188800785691, 0.0203302074224, 0.0212607327849, 0.0292570907623, 0.031794808805, 0.0362531878054, 0.029939442873, 0.0163568425924, 0.0192283820361, 0.0139379007742, 0.0158376917243, 0.0117575004697, 0.0119136283174, 0.00934599526227, 0.0102489776909, 0.00678339740261, 0.0039461646229, 0.00275751086883, 0.00134741642978, 0.000399781565648, 0.000328963476932, 0.000589877134189, 0.000307960988721, 0.000485892785946, 0.000432320259279, 0.000327465619193, 0.0002379231737, 0.000265723560005, 0.000369275425328, 0.000269449141342, 0.000264285685262, 0.000243377668085, 0.000346814777004, 0.00022420581081, 0.000573508325033, 0.000207174613024, 0.000267541327048, 0.00017835246399, 0.00022262960556, 0.000238789973082, 0.000248705036938, 0.000127718449221, 0.000202863287996, 0.000152692809934, 9.44764324231e-05, 0.000107366169686, 7.03865880496e-05, 4.4682972657e-05, 3.16561709042e-05, 1.98250636458e-05, 2.05483102036e-05, 3.3225693187e-05, 2.71020289802e-05, 1.61699608725e-05, 1.35976479214e-05, 1.02172562038e-05, 8.64897629071e-06, 1.10212185973e-05, 7.47077456253e-06, 4.90169122713e-06, 6.21449862592e-06, 3.17110175274e-06, 2.33171431319e-06, 3.41266672876e-06, 3.35137906404e-06, 5.08551602252e-06, 8.02981594461e-06, 3.47534069078e-06, 2.03252579922e-06, 4.01795250582e-06, 1.28945555389e-06, 8.31343299978e-07, 2.02343676392e-06, 1.86360045973e-06, 2.39617838815e-06, 3.62667321951e-07, 3.61903403245e-07, 1.22300590988e-07, 1.6433736505e-07, 1.52711407964e-07, 7.80405002843e-08, 6.08056964779e-08, 5.72704337287e-08, 1.0670122208e-07, 1.62285090255e-07, 5.05981354593e-08, 3.98285848746e-08, 3.07585317216e-08, 3.62938372689e-08, 2.6556126187e-08, 2.12839630365e-08, 1.78695120923e-08, 1.16042739862e-08, 8.23452062093e-09, 2.91093726901e-09, 2.68468713926e-09, 1.96447991208e-09, 1.98559813036e-09, 1.28087151996e-09, 2.05313632762e-09, 1.52424217692e-09, 8.04359689965e-10, 9.05359509584e-10, 1.44404177504e-09, 1.02944774927e-09, 6.83401335522e-10, 8.75516048549e-10, 5.71285352358e-10, 3.74709957507e-10, 4.87048679165e-10, 4.55403742494e-10, 3.49972079094e-10, 3.23390592083e-10, 3.18174292468e-10, 3.15017956165e-10, 3.12103093369e-10, 3.10638015311e-10],
        "mean": [9.62273043115e-06, 1.80441365956e-05, 6.3742401835e-05, 0.000163412754773, 0.000281458167592, 0.000452545558801, 0.000549672520719, 0.000590758631006, 0.000459327653516, 0.00029024790274, 0.000299500010442, 0.000388223037589, 0.000405608850997, 0.000538310152479, 0.000876723090187, 0.000872437260114, 0.000703547208104, 0.000421484030085, 0.000308276270516, 0.000249821867328, 0.000203492571018, 0.00021934355027, 0.000160527095431, 0.000112098969112, 0.000123799880384, 9.71143817878e-05, 5.38462118129e-05, 4.35248039139e-05, 2.50738230534e-05, 1.60013842105e-05, 1.34802339744e-05, 1.25807719087e-05, 1.3531976947e-05, 1.25132037283e-05, 1.17936197057e-05, 1.34808524308e-05, 1.34964793688e-05, 9.8482996691e-06, 1.12824745884e-05, 1.16647606774e-05, 1.1264342902e-05, 1.05983544927e-05, 9.92639616015e-06, 9.65262552199e-06, 8.25846746011e-06, 8.93680498848e-06, 8.66608388606e-06, 8.91949912329e-06, 8.8182177933e-06, 7.92404716776e-06, 6.36091363049e-06, 5.28227565155e-06, 4.48058699476e-06, 4.89355716127e-06, 4.36887012256e-06, 3.5445168578e-06, 2.76268769994e-06, 1.7521075506e-06, 1.34389529194e-06, 1.03385445982e-06, 8.44425699142e-07, 6.98840551649e-07, 6.28246311862e-07, 5.65339462355e-07, 4.88526268327e-07, 4.33238369624e-07, 3.52051074515e-07, 3.01860865193e-07, 2.87996698489e-07, 2.35665197579e-07, 2.14533628196e-07, 1.86507691069e-07, 1.43124907481e-07, 1.19201416737e-07, 1.0900382108e-07, 9.22471201648e-08, 8.22992447524e-08, 8.0864410279e-08, 7.09081078298e-08, 5.42252323044e-08, 4.26033963663e-08, 3.1957377189e-08, 2.63497241804e-08, 2.30027143999e-08, 1.95603693243e-08, 1.59590758386e-08, 1.151727691e-08, 9.762352704e-09, 7.95022536693e-09, 7.08999658983e-09, 6.27503560224e-09, 5.52459988867e-09, 4.45541115113e-09, 3.98528809953e-09, 3.97160748733e-09, 3.35587402311e-09, 2.93333757284e-09, 2.68205568865e-09, 2.35650654545e-09, 2.16396678354e-09, 2.04050709662e-09, 1.45335599111e-09, 4.80936124259e-10, 2.97593755194e-10, 1.56349225233e-10, 8.65278335094e-11, 6.2056401684e-11, 5.10949477173e-11, 4.22402009204e-11, 3.56318238803e-11, 3.31702651457e-11, 2.78834021844e-11, 2.32374796488e-11, 2.23278617817e-11, 2.12439388997e-11, 1.9474139315e-11, 1.83042539459e-11, 1.70230062685e-11, 1.61097194612e-11, 1.52029899086e-11, 1.48451442111e-11, 1.49381045728e-11, 1.27882227377e-11, 8.78896001116e-12, 4.54973905772e-12, 2.28266212356e-12, 1.70974714421e-12, 1.64097218886e-12],
        "min": [1.83181370073e-09, 1.63371876027e-08, 2.78758648165e-07, 2.73621026281e-07, 5.31033379048e-07, 2.20998089162e-07, 2.57779817048e-07, 6.09459789302e-08, 9.1837399907e-08, 3.78820175229e-08, 5.27353378743e-08, 6.17964559524e-08, 8.5137848771e-08, 7.40457437587e-08, 8.86523139343e-08, 2.57991104036e-08, 3.75940878428e-08, 1.34129178875e-08, 4.83241215932e-08, 1.84937043457e-08, 1.0070990264e-08, 1.07553104201e-08, 1.74064727076e-08, 8.14591150089e-09, 6.51685816422e-09, 5.93816285033e-09, 6.41649489097e-09, 4.41189884626e-09, 4.92295004761e-09, 3.96434307603e-09, 2.57357379851e-09, 2.81961254345e-09, 1.85169890532e-09, 1.21169074774e-09, 1.40645584068e-09, 7.14141523694e-10, 1.35247146815e-09, 2.29837615606e-09, 2.28202279295e-09, 1.07643538527e-09, 1.1789376142e-09, 1.34870004054e-09, 2.46147324745e-09, 1.80645609582e-09, 8.60375992673e-10, 2.04278083338e-09, 1.55914536837e-09, 9.55055257101e-10, 1.76462267021e-09, 2.16696172117e-09, 7.89448562077e-10, 1.21404419851e-09, 2.0150523472e-09, 1.19369814033e-09, 1.33159394622e-09, 1.17588316861e-09, 6.93432089527e-10, 8.91834328609e-10, 1.34409772201e-09, 7.01315783225e-10, 8.36636315782e-10, 9.80170833387e-10, 7.78568265414e-10, 7.56652129841e-10, 8.15533807152e-10, 7.58133111844e-10, 7.50816020467e-10, 4.31688074176e-10, 4.61137600327e-10, 5.31670485415e-10, 5.35150979086e-10, 5.47384693128e-10, 3.5278011068e-10, 4.45087688927e-10, 3.90085630464e-10, 4.13240885955e-10, 2.28191451845e-10, 3.75752873261e-10, 3.68295810516e-10, 2.97013219575e-10, 3.82879894456e-10, 1.75421899229e-10, 6.38884223303e-11, 1.99919109045e-10, 2.21231449826e-10, 2.95693913799e-10, 1.22357943222e-10, 1.2840110919e-10, 8.27821630689e-11, 1.70303465774e-10, 1.56758175884e-10, 6.49272580144e-11, 1.94836077827e-10, 1.38588793219e-10, 8.95985508009e-11, 1.37239719589e-10, 7.79645029092e-11, 1.883881523e-10, 8.323414874e-11, 5.70648736598e-11, 1.44566733584e-10, 8.45617933315e-12, 7.31998148077e-14, 2.2347439654e-14, 9.76238675402e-15, 1.20452244031e-14, 1.21628188342e-14, 1.6205129415e-14, 1.24567782304e-14, 1.38523641139e-14, 1.999051288e-14, 1.62157139387e-14, 2.22224023444e-14, 1.73030823204e-14, 1.52638250889e-14, 1.79780710176e-14, 1.86572237287e-14, 1.26561325168e-14, 1.52300081455e-14, 1.54235856671e-14, 1.3227001383e-14, 1.54154812559e-14, 1.47251290751e-14, 1.39675224782e-14, 1.0252600296e-14, 4.41240087477e-15, 4.68976202511e-16, 1.7531295681e-17],
        "stdev": [3.32865674864e-05, 5.49617543584e-05, 0.000398903765017, 0.000930427398998, 0.000736681860872, 0.00101588515099, 0.00131828268059, 0.00168226717506, 0.00166522082873, 0.00127884896938, 0.00129260122776, 0.0015793958446, 0.00170762639027, 0.00191654986702, 0.00302537507378, 0.0032600639388, 0.00283112516627, 0.00170380214695, 0.00128644227516, 0.00123546819668, 0.000969634507783, 0.00112585222814, 0.000928529945668, 0.000679766468238, 0.000678734155372, 0.000538843567483, 0.000316777732223, 0.000256570376223, 0.00011026320135, 5.10748832312e-05, 3.26773770212e-05, 3.06586916849e-05, 3.83343685826e-05, 3.17162157444e-05, 3.15294382744e-05, 3.65191735909e-05, 3.49455767719e-05, 2.42699552473e-05, 3.01361342281e-05, 3.16518307955e-05, 3.07257105305e-05, 2.840907473e-05, 2.77560029645e-05, 2.85257283394e-05, 2.30555833696e-05, 2.84771795123e-05, 2.32576330745e-05, 2.54566348303e-05, 2.30435034609e-05, 2.27703985729e-05, 1.83833690244e-05, 1.54629487952e-05, 1.10837354441e-05, 1.30306125357e-05, 1.08424492282e-05, 8.79840172274e-06, 7.14102907295e-06, 4.31400576417e-06, 3.35822915076e-06, 2.49854815593e-06, 2.01976490644e-06, 1.72202680915e-06, 1.86087004295e-06, 1.78004302143e-06, 1.35746472552e-06, 1.1021628552e-06, 8.80080449406e-07, 7.2091546599e-07, 7.49713649384e-07, 5.62426862416e-07, 4.67755029376e-07, 4.21097723802e-07, 2.8940763741e-07, 2.34922239883e-07, 2.43789656906e-07, 2.09425152775e-07, 2.32909414422e-07, 3.02153040366e-07, 2.01700828484e-07, 1.36309168397e-07, 1.44473133901e-07, 8.42568255166e-08, 5.91340274525e-08, 7.58090337172e-08, 6.7123288261e-08, 7.29671967292e-08, 2.2126133814e-08, 1.97015257442e-08, 1.29805126647e-08, 1.23110845962e-08, 1.05031103814e-08, 8.08497535587e-09, 6.48546327753e-09, 5.51949241867e-09, 6.86892098756e-09, 6.73364786152e-09, 3.91944476874e-09, 3.35703664867e-09, 2.73000066997e-09, 2.58379806439e-09, 2.18639262251e-09, 1.97440486183e-09, 1.47794765315e-09, 9.68663815826e-10, 5.18134035676e-10, 2.75310996223e-10, 2.16642440098e-10, 1.76001907493e-10, 1.44959627635e-10, 1.12807672925e-10, 1.1650432008e-10, 9.14117045947e-11, 7.26986248978e-11, 7.01673996684e-11, 7.51867734738e-11, 6.3479353718e-11, 5.85250736762e-11, 5.43532475972e-11, 4.99785629549e-11, 4.54489813839e-11, 4.6458389219e-11, 4.64201073413e-11, 3.9545009628e-11, 2.81779963945e-11, 1.55072638758e-11, 1.01762487326e-11, 9.47472222207e-12, 9.40744704359e-12]
    },
    "mfcc": {
        "mean": [-831.610168457, 177.590057373, 2.67819499969, 30.8616313934, 6.83808422089, -0.22121335566, -12.1777009964, -6.06364393234, -2.08357405663, -2.33358836174, -4.81533384323, 1.33839428425, -1.97169721127],
        "cov": [[9114.109375, 1444.43237305, -2853.9934082, -638.712158203, -776.851257324, -358.241607666, -528.345031738, -277.629638672, -174.399032593, -268.839324951, -245.445480347, -49.2229156494, -92.967010498], [1444.43237305, 1037.89404297, -90.3422241211, -290.907012939, -150.056121826, -261.816589355, -196.150939941, -129.845428467, -76.5740966797, -137.536300659, -67.0636062622, 63.1528778076, 1.8163433075], [-2853.9934082, -90.3422241211, 1572.40551758, 386.832977295, 186.632461548, -111.671775818, -7.64305019379, -8.76445102692, -3.91326022148, -41.4473609924, 36.7273788452, 67.05809021, 39.6680488586], [-638.712158203, -290.907012939, 386.832977295, 575.058105469, 213.374343872, -35.3801002502, -84.2366638184, -44.4747123718, -20.4881439209, -55.3356742859, -43.5100784302, -2.94203710556, 24.9189052582], [-776.851257324, -150.056121826, 186.632461548, 213.374343872, 278.222381592, 52.4315032959, -15.2570304871, 7.08424091339, 8.88527107239, 4.38421726227, -11.9283714294, -6.60031604767, 30.4265670776], [-358.241607666, -261.816589355, -111.671775818, -35.3801002502, 52.4315032959, 219.371353149, 161.140441895, 74.1502685547, 37.1441764832, 71.7320632935, 38.011428833, -26.9550514221, -12.5155534744], [-528.345031738, -196.150939941, -7.64305019379, -84.2366638184, -15.2570304871, 161.140441895, 248.816101074, 115.820281982, 20.7166442871, 65.7613601685, 50.8928413391, -20.6179428101, -17.141418457], [-277.629638672, -129.845428467, -8.76445102692, -44.4747123718, 7.08424091339, 74.1502685547, 115.820281982, 125.855537415, 43.606552124, 33.6062927246, 30.1848831177, -16.6563911438, -6.20576095581], [-174.399032593, -76.5740966797, -3.91326022148, -20.4881439209, 8.88527107239, 37.1441764832, 20.7166442871, 43.606552124, 93.10496521, 62.0797958374, 27.9468975067, 2.21423459053, -3.32764649391], [-268.839324951, -137.536300659, -41.4473609924, -55.3356742859, 4.38421726227, 71.7320632935, 65.7613601685, 33.6062927246, 62.0797958374, 122.041595459, 65.7127456665, -3.92455029488, -5.737596035], [-245.445480347, -67.0636062622, 36.7273788452, -43.5100784302, -11.9283714294, 38.011428833, 50.8928413391, 30.1848831177, 27.9468975067, 65.7127456665, 86.2107772827, 19.7684192657, -8.14478302002], [-49.2229156494, 63.1528778076, 67.05809021, -2.94203710556, -6.60031604767, -26.9550514221, -20.6179428101, -16.6563911438, 2.21423459053, -3.92455029488, 19.7684192657, 62.555267334, 22.2171821594], [-92.967010498, 1.8163433075, 39.6680488586, 24.9189052582, 30.4265670776, -12.5155534744, -17.141418457, -6.20576095581, -3.32764649391, -5.737596035, -8.14478302002, 22.2171821594, 59.6026954651]],
        "icov": [[0.00110151467379, -0.00133804953657, 0.00192138785496, -0.00146083068103, 0.00246412935667, -0.000898585072719, 0.00197576731443, -0.00103656400461, 0.000757493835408, 0.000180570365046, 2.86668800982e-05, 0.000291503820335, 5.95070559939e-05], [-0.00133804953657, 0.00409865938127, -0.00229206960648, 0.00367905688472, -0.00380854168907, 0.0035689547658, -0.00288404664025, 0.00293005863205, -0.00153317407239, 0.00196421612054, 0.000262529152678, -0.00176377349999, 0.000741443887819], [0.00192138785496, -0.00229206960648, 0.00434662215412, -0.00304099312052, 0.00366031494923, -0.000234679042478, 0.00218938896433, -0.00123172067106, 0.000582614156883, 0.00119900237769, -0.00107685732655, 9.96035378193e-05, -7.4321833381e-06], [-0.00146083068103, 0.00367905688472, -0.00304099312052, 0.00642080325633, -0.00583431636915, 0.00307002686895, -0.00261790724471, 0.00336905382574, -0.00175281695556, 0.00235779955983, 0.000436492497101, -0.000709533225745, 0.000622923078481], [0.00246412935667, -0.00380854168907, 0.00366031494923, -0.00583431636915, 0.0125424498692, -0.00665900204331, 0.00774596631527, -0.00505754956976, 0.00330230058171, -0.00205705943517, 0.00134125980549, 0.00146967335604, -0.00251545221545], [-0.000898585072719, 0.0035689547658, -0.000234679042478, 0.00307002686895, -0.00665900204331, 0.0163433905691, -0.011343203485, 0.005592236761, -0.0048450184986, 0.00182558747474, -0.00136520550586, 0.000525332929101, 0.00103636656422], [0.00197576731443, -0.00288404664025, 0.00218938896433, -0.00261790724471, 0.00774596631527, -0.011343203485, 0.0196477677673, -0.0137196844444, 0.0101513965055, -0.00603238446638, 0.00210913037881, -0.00115195277613, 0.00139669049531], [-0.00103656400461, 0.00293005863205, -0.00123172067106, 0.00336905382574, -0.00505754956976, 0.005592236761, -0.0137196844444, 0.0237109512091, -0.0140358377248, 0.0109960166737, -0.00727701885626, 0.00590143445879, -0.00293504446745], [0.000757493835408, -0.00153317407239, 0.000582614156883, -0.00175281695556, 0.00330230058171, -0.0048450184986, 0.0101513965055, -0.0140358377248, 0.0255675502121, -0.0165971647948, 0.0074725872837, -0.00624739704654, 0.0035078690853], [0.000180570365046, 0.00196421612054, 0.00119900237769, 0.00235779955983, -0.00205705943517, 0.00182558747474, -0.00603238446638, 0.0109960166737, -0.0165971647948, 0.0299224499613, -0.0184105504304, 0.00833488069475, -0.00438735214993], [2.86668800982e-05, 0.000262529152678, -0.00107685732655, 0.000436492497101, 0.00134125980549, -0.00136520550586, 0.00210913037881, -0.00727701885626, 0.0074725872837, -0.0184105504304, 0.0303014218807, -0.0144598074257, 0.00762405898422], [0.000291503820335, -0.00176377349999, 9.96035378193e-05, -0.000709533225745, 0.00146967335604, 0.000525332929101, -0.00115195277613, 0.00590143445879, -0.00624739704654, 0.00833488069475, -0.0144598074257, 0.0289846342057, -0.0119445566088], [5.95070559939e-05, 0.000741443887819, -7.4321833381e-06, 0.000622923078481, -0.00251545221545, 0.00103636656422, 0.00139669049531, -0.00293504446745, 0.0035078690853, -0.00438735214993, 0.00762405898422, -0.0119445566088, 0.0234580468386]]
    },
    "spectral_contrast_coeffs": {
        "max": [-0.388140171766, -0.386086195707, -0.529785037041, -0.646067619324, -0.71121609211, -0.602556347847],
        "mean": [-0.717153668404, -0.76592284441, -0.830693840981, -0.844937205315, -0.836837768555, -0.776571810246],
        "min": [-0.893546044827, -0.949543356895, -0.933904349804, -0.922245323658, -0.906646251678, -0.887401223183],
        "stdev": [0.117652952671, 0.117269434035, 0.0590150393546, 0.0465813018382, 0.0411252863705, 0.0458420105278]
    },
    "spectral_contrast_valleys": {
        "max": [-5.81590080261, -4.97386789322, -5.77997779846, -5.9568901062, -7.20188379288, -11.0732107162],
        "mean": [-7.71680688858, -7.61968421936, -8.72475528717, -8.94398021698, -9.4217634201, -12.919919014],
        "min": [-9.20903396606, -9.9504737854, -11.1589231491, -11.0589227676, -11.0786075592, -14.2246789932],
        "stdev": [0.57833981514, 1.03177702427, 1.28802633286, 1.28295278549, 0.985831856728, 0.599872648716]
    }
},
"rhythm": {
    "beats_count": 44,
    "beats_loudness": {
        "max": 0.0922359377146,
        "mean": 0.0188158005476,
        "min": 0.000118806754472,
        "stdev": 0.0237063243985
    },
    "bpm": 96.6448516846,
    "bpm_histogram_first_peak_bpm": 96,
    "bpm_histogram_first_peak_weight": 0.571428537369,
    "bpm_histogram_second_peak_bpm": 115,
    "bpm_histogram_second_peak_spread": 0.142857134342,
    "bpm_histogram_second_peak_weight": 0.139534890652,
    "danceability": 1.17715704441,
    "onset_rate": 3.61902570724,
    "beats_loudness_band_ratio": {
        "max": [0.979886591434, 0.831040084362, 0.90548992157, 0.642451107502, 0.289365589619, 0.0255218762904],
        "mean": [0.358190745115, 0.253415703773, 0.310778647661, 0.10651139915, 0.0522110462189, 0.00375992967747],
        "min": [0.0267209950835, 0.019009610638, 0.00297803641297, 0.000635552569292, 0.000682013167534, 0.000146275968291],
        "stdev": [0.305151641369, 0.21035182476, 0.282161563635, 0.180339381099, 0.0841423943639, 0.00466163735837]
    },
    "beats_position": [0.754648506641, 1.52090704441, 2.28716540337, 3.06503391266, 3.83129239082, 4.62077093124, 5.41024923325, 6.19972801208, 6.97759628296, 7.6858048439, 8.38240337372, 9.13705158234, 9.89170074463, 10.5882987976, 11.2965078354, 11.9234466553, 12.5619955063, 13.2005443573, 13.8390922546, 14.4660310745, 15.0697498322, 15.696688652, 16.3236274719, 16.9505672455, 17.5775051117, 18.181224823, 18.784942627, 19.3886623383, 19.9807701111, 20.5844898224, 21.1765975952, 21.7687072754, 22.2911567688, 22.7903842926, 23.2896137238, 23.8352832794, 24.3925609589, 24.9498405457, 25.4722900391, 26.0063495636, 26.5287971497, 27.0512466431, 27.5736961365, 28.0961437225],
