{
"metadata": {
    "version": {
        "essentia": "2.1-beta5",
        "essentia_git_sha": "Undefined",
        "extractor": "music 2.0"
    },
    "audio_properties": {
        "analysis": {
            "equal_loudness": 0,
            "length": 32.4963264465,
            "sample_rate": 44100,
            "start_time": 12.7477550507,
            "downmix": "mix"
        },
        "bit_rate": 192000,
        "length": 245.085189819,
        "lossless": 0,
        "number_channels": 1,
        "replay_gain": -18.4118804932,
        "sample_rate": 48000,
        "codec": "mp3",
        "md5_encoded": "f064d20224101203a5cc1e68a5592380"
    },
    "tags": {
        "file_name": "France_Le Temps Perdu_Mathé Altéry.mp3",
        "encoding": ["Lavf58.29.100"]
    }
},
"lowlevel": {
    "average_loudness": 0.853888452053,
    "barkbands_crest": {
        "max": 26.4462718964,
        "mean": 10.092291832,
        "min": 2.68004655838,
        "stdev": 3.99064302444
    },
    "barkbands_flatness_db": {
        "max": 0.414986073971,
        "mean": 0.238991469145,
        "min": 0.0990794897079,
        "stdev": 0.0637753307819
    },
    "barkbands_kurtosis": {
        "max": 165.907333374,
        "mean": 9.85966110229,
        "min": -1.7093719244,
        "stdev": 11.4720544815
    },
    "barkbands_skewness": {
        "max": 12.0370292664,
        "mean": 1.72666561604,
        "min": -1.17235803604,
        "stdev": 1.54319274426
    },
    "barkbands_spread": {
        "max": 56.9487724304,
        "mean": 8.5850610733,
        "min": 0.828886687756,
        "stdev": 7.67403411865
    },
    "dissonance": {
        "max": 0.500000059605,
        "mean": 0.425992190838,
        "min": 0.199511677027,
        "stdev": 0.0689455345273
    },
    "dynamic_complexity": 8.95554351807,
    "erbbands_crest": {
        "max": 29.139831543,
        "mean": 11.2422447205,
        "min": 3.12939739227,
        "stdev": 5.52732038498
    },
    "erbbands_flatness_db": {
        "max": 0.383381575346,
        "mean": 0.24522934854,
        "min": 0.122453548014,
        "stdev": 0.0626097694039
    },
    "erbbands_kurtosis": {
        "max": 40.8254241943,
        "mean": 4.48593759537,
        "min": -1.74221348763,
        "stdev": 5.9885225296
    },
    "erbbands_skewness": {
        "max": 4.94585800171,
        "mean": 1.1958476305,
        "min": -2.20225286484,
        "stdev": 1.23476040363
    },
    "erbbands_spread": {
        "max": 95.7973632812,
        "mean": 22.7019615173,
        "min": 2.72139644623,
        "stdev": 17.3692302704
    },
    "hfc": {
        "max": 45.5376167297,
        "mean": 6.43088245392,
        "min": 0.0010018569883,
        "stdev": 9.20019340515
    },
    "loudness_ebu128": {
        "integrated": -10.6091327667,
        "loudness_range": 4.98353385925,
        "momentary": {
            "max": -6.648624897,
            "mean": -15.4572029114,
            "min": -33.4970092773,
            "stdev": 7.82723331451
        },
        "short_term": {
            "max": -9.12697315216,
            "mean": -12.3109989166,
            "min": -30.1345710754,
            "stdev": 3.51430487633
        }
    },
    "melbands_crest": {
        "max": 30.0914745331,
        "mean": 13.329908371,
        "min": 3.20517849922,
        "stdev": 5.27475786209
    },
    "melbands_flatness_db": {
        "max": 0.502474844456,
        "mean": 0.299710690975,
        "min": 0.0983916819096,
        "stdev": 0.0849084556103
    },
    "melbands_kurtosis": {
        "max": 225.851318359,
        "mean": 15.9790658951,
        "min": -1.50662910938,
        "stdev": 21.6898097992
    },
    "melbands_skewness": {
        "max": 12.0230636597,
        "mean": 2.13400173187,
        "min": -0.765955388546,
        "stdev": 1.91570460796
    },
    "melbands_spread": {
        "max": 88.1835327148,
        "mean": 11.3262119293,
        "min": 0.833578586578,
        "stdev": 11.7801303864
    },
    "pitch_salience": {
        "max": 0.877388656139,
        "mean": 0.647456645966,
        "min": 0.117814585567,
        "stdev": 0.116156049073
    },
    "silence_rate_20dB": {
        "max": 1,
        "mean": 1,
        "min": 1,
        "stdev": 0
    },
    "silence_rate_30dB": {
        "max": 1,
        "mean": 0.999286234379,
        "min": 0,
        "stdev": 0.0267073623836
    },
    "silence_rate_60dB": {
        "max": 1,
        "mean": 0.463240534067,
        "min": 0,
        "stdev": 0.498647242785
    },
    "spectral_centroid": {
        "max": 3134.02197266,
        "mean": 708.100524902,
        "min": 202.626663208,
        "stdev": 476.444274902
    },
    "spectral_complexity": {
        "max": 34,
        "mean": 7.49964332581,
        "min": 0,
        "stdev": 7.24674129486
    },
    "spectral_decrease": {
        "max": -1.60432756489e-12,
        "mean": -3.73906861029e-09,
        "min": -2.80171832401e-08,
        "stdev": 5.51424816919e-09
    },
    "spectral_energy": {
        "max": 0.109752811491,
        "mean": 0.0146953864023,
        "min": 6.14599139226e-06,
        "stdev": 0.0215943045914
    },
    "spectral_energyband_high": {
        "max": 0.000232421836699,
        "mean": 1.18330744954e-05,
        "min": 1.34196946888e-08,
        "stdev": 2.06331096706e-05
    },
    "spectral_energyband_low": {
        "max": 0.0480565205216,
        "mean": 0.00221925741062,
        "min": 4.14087844547e-06,
        "stdev": 0.00391644891351
    },
    "spectral_energyband_middle_high": {
        "max": 0.0146613186225,
        "mean": 0.00105209613685,
        "min": 1.54312061795e-07,
        "stdev": 0.00194529199507
    },
    "spectral_energyband_middle_low": {
        "max": 0.107204690576,
        "mean": 0.012235276401,
        "min": 1.37214044571e-06,
        "stdev": 0.0201733987778
    },
    "spectral_entropy": {
        "max": 8.56683635712,
        "mean": 6.84336233139,
        "min": 4.88234758377,
        "stdev": 0.684436559677
    },
    "spectral_flux": {
        "max": 0.282008767128,
        "mean": 0.062273055315,
        "min": 0.00385256367736,
        "stdev": 0.0581010840833
    },
    "spectral_kurtosis": {
        "max": 79.1922454834,
        "mean": 13.0485868454,
        "min": -0.126727819443,
        "stdev": 12.2259559631
    },
    "spectral_rms": {
        "max": 0.0103477491066,
        "mean": 0.00279676401988,
        "min": 7.74344152887e-05,
        "stdev": 0.00255246530287
    },
    "spectral_rolloff": {
        "max": 4048.2421875,
        "mean": 693.827697754,
        "min": 86.1328125,
        "stdev": 599.793945312
    },
    "spectral_skewness": {
        "max": 7.19966220856,
        "mean": 2.41906309128,
        "min": -0.0676169171929,
        "stdev": 1.14708852768
    },
    "spectral_spread": {
        "max": 26072010,
        "mean": 2687674.5,
        "min": 1030012.3125,
        "stdev": 1141827.375
    },
    "spectral_strongpeak": {
        "max": 4.85930919647,
        "mean": 0.667612493038,
        "min": 0,
        "stdev": 0.919592559338
    },
    "zerocrossingrate": {
        "max": 0.08447265625,
        "mean": 0.0284555386752,
        "min": 0.0009765625,
        "stdev": 0.0166935641319
    },
    "barkbands": {
        "max": [0.0015287452843, 0.0418315902352, 0.0195280909538, 0.0394160747528, 0.0943106040359, 0.0700239017606, 0.0735327154398, 0.0523317605257, 0.0390787757933, 0.0118418941274, 0.00390517082997, 0.00744333304465, 0.00367946899496, 0.00339175807312, 0.00294487783685, 0.00187109305989, 0.00172783189919, 0.000867127557285, 0.000288616603939, 0.000212623723201, 0.000126498925965, 8.84374894667e-05, 1.57917256729e-05, 4.61599847768e-06, 3.20739195558e-06, 3.03342972074e-07, 1.29964959683e-07],
        "mean": [3.30241018673e-05, 0.000331062590703, 0.00107571028639, 0.00141242879909, 0.00191785814241, 0.00335851940326, 0.00340744084679, 0.0012322695693, 0.000807036762126, 0.00022677546076, 0.000131558539579, 0.000144965466461, 0.000141262120451, 0.000129519306938, 0.000133873269078, 9.33695046115e-05, 6.89139269525e-05, 1.98015368369e-05, 1.28324063553e-05, 9.31005251914e-06, 4.60830051452e-06, 1.9893652734e-06, 7.31828663447e-07, 3.96621516074e-07, 1.44017988646e-07, 8.75012684531e-09, 4.94608443091e-09],
        "min": [2.83758492259e-08, 2.55795407611e-06, 8.30149815556e-07, 1.53958509941e-07, 6.91916341111e-07, 4.1181533561e-07, 6.72821940384e-08, 3.42842354506e-09, 1.02821839931e-08, 4.26429291878e-09, 3.39718688736e-08, 2.77637735024e-08, 2.05369605766e-08, 1.40047067276e-08, 1.49831560492e-08, 1.36891671332e-08, 6.85751988527e-09, 6.71297462063e-09, 1.02997343987e-08, 4.46738823712e-09, 2.48629805633e-09, 9.0085905402e-10, 3.49447315529e-09, 1.82763582046e-09, 1.1839011993e-09, 4.32886062066e-12, 5.17284869453e-12],
        "stdev": [0.000101521669421, 0.00136574718636, 0.00208482053131, 0.00337785086595, 0.00553576136008, 0.00817343965173, 0.00837265048176, 0.00411006715149, 0.00323251448572, 0.000722699274775, 0.00029997996171, 0.00038706115447, 0.00035384966759, 0.00034074659925, 0.000323846994434, 0.000221721667913, 0.000146503240103, 4.55015142506e-05, 2.52810150414e-05, 1.94683707377e-05, 8.92240586836e-06, 4.12726103605e-06, 1.21621451399e-06, 5.51100868051e-07, 2.52027660963e-07, 2.76228036e-08, 1.44120688716e-08]
    },
    "erbbands": {
        "max": [0.602873265743, 11.033000946, 13.4335985184, 86.5586776733, 181.271560669, 548.492370605, 351.824798584, 859.879272461, 1278.34875488, 1276.71166992, 1400.92163086, 755.964172363, 786.436096191, 270.027801514, 171.296646118, 229.750900269, 175.409790039, 160.747879028, 184.275543213, 141.984191895, 75.7388381958, 103.582298279, 57.7072219849, 20.6212730408, 15.9840335846, 9.8430185318, 6.8547873497, 5.94411468506, 3.44965386391, 0.894721269608, 0.494133174419, 0.111557148397, 0.0820417180657, 0.0534669198096, 0.0115621164441, 0.00204524025321, 0.000555796083063, 0.000125397302327, 5.8420089772e-05, 0.000122494093375],
        "mean": [0.00513406423852, 0.102950058877, 0.941557347775, 3.53440070152, 4.82007074356, 6.06584978104, 14.7770729065, 31.9951438904, 51.6106872559, 36.7599487305, 25.6042976379, 19.1073894501, 9.99860668182, 5.59045171738, 5.66542005539, 6.07176113129, 6.568359375, 6.59880924225, 6.89880228043, 6.65822839737, 4.77366304398, 3.77924609184, 1.37731587887, 0.757201910019, 0.618494749069, 0.437100499868, 0.236975848675, 0.149681568146, 0.0779308602214, 0.0380564667284, 0.0189117211848, 0.0102519467473, 0.00573987048119, 0.00276472955011, 0.000404364254791, 6.06102803431e-05, 1.96020810108e-05, 5.1162382988e-06, 7.88341458247e-06, 1.65482506418e-05],
        "min": [3.99231139454e-05, 0.000511178805027, 0.00104829203337, 0.000727824226487, 0.000850481097586, 0.00268104532734, 0.00428066914901, 0.00311723630875, 0.00162045133766, 0.000279065279756, 7.98665350885e-05, 0.00024850590853, 0.000121712138935, 0.000648423738312, 0.00133836490568, 0.00111889827531, 0.000968448759522, 0.000611504656263, 0.000968794163782, 0.000820298970211, 0.000596694822889, 0.000395905633923, 0.000269519921858, 0.000749232014641, 0.000260502012679, 0.000196227032575, 0.000124329060782, 9.99613548629e-05, 2.25699277507e-05, 0.000127683364553, 6.95528506185e-05, 2.80569256574e-05, 3.90863533539e-05, 2.27790187637e-05, 3.4184663491e-06, 6.05199545589e-07, 9.83311068126e-08, 1.80408310513e-08, 3.23931104163e-08, 1.10917168783e-08],
        "stdev": [0.0212229788303, 0.364693105221, 1.63021171093, 7.63829469681, 12.9550628662, 23.3852138519, 35.2651367188, 83.8401260376, 129.542373657, 105.996994019, 86.0289459229, 74.666229248, 39.4096374512, 13.8820924759, 12.8763685226, 15.2876434326, 15.9660234451, 16.6571750641, 17.1364307404, 15.8690834045, 10.2282190323, 8.08902359009, 3.05680155754, 1.60778522491, 1.24786031246, 0.905433893204, 0.445063829422, 0.311610996723, 0.163311824203, 0.0660610198975, 0.0314457453787, 0.0148799857125, 0.00793224573135, 0.00416222866625, 0.00101429130882, 0.000168710626895, 5.13693012181e-05, 1.36063226819e-05, 1.20904105643e-05, 2.42119549512e-05]
    },
    "gfcc": {
        "mean": [-188.123779297, 172.666091919, -128.541290283, 39.591381073, -60.3841667175, -5.28751659393, -37.9255981445, -10.7375793457, -1.70333898067, -16.8915519714, 3.5757215023, -20.7521476746, 5.2265996933],
        "cov": [[9665.93066406, 768.146179199, -1549.19067383, -2229.87426758, 103.729415894, -1347.4362793, 66.9038925171, -408.67956543, 16.335269928, 109.197090149, -436.556427002, 150.198120117, -333.638671875], [768.146179199, 510.190856934, 359.151702881, -368.443359375, -12.8835325241, -306.776306152, -62.6128730774, -74.3747406006, 19.5511035919, -24.7017803192, -13.672700882, 20.0246963501, -25.4400539398], [-1549.19067383, 359.151702881, 1461.29589844, 292.480407715, -167.966491699, -280.458343506, -255.430603027, 31.3770446777, -14.5578622818, -36.0750846863, 26.769569397, 5.79658222198, -1.53475940228], [-2229.87426758, -368.443359375, 292.480407715, 891.891174316, 65.3781509399, 277.489471436, -35.1609115601, 95.7926025391, 32.82081604, -3.1440243721, 106.6015625, -28.8946266174, 103.41065979], [103.729415894, -12.8835325241, -167.966491699, 65.3781509399, 206.782836914, 68.1567459106, 1.79633724689, -22.0658931732, 16.8388824463, -3.74416089058, 20.9831638336, 8.68655490875, 25.321680069], [-1347.4362793, -306.776306152, -280.458343506, 277.489471436, 68.1567459106, 591.706176758, 188.712249756, 87.5018081665, -15.9830207825, -8.70524787903, 86.9425048828, -29.3838615417, 62.9311447144], [66.9038925171, -62.6128730774, -255.430603027, -35.1609115601, 1.79633724689, 188.712249756, 193.093109131, 37.6632423401, -8.88290500641, 0.35896268487, 17.083896637, -12.3321552277, -2.33460998535], [-408.67956543, -74.3747406006, 31.3770446777, 95.7926025391, -22.0658931732, 87.5018081665, 37.6632423401, 110.998550415, 29.0522460938, 12.1883716583, 3.99708890915, -21.5150947571, -5.9956240654], [16.335269928, 19.5511035919, -14.5578622818, 32.82081604, 16.8388824463, -15.9830207825, -8.88290500641, 29.0522460938, 90.6824798584, 34.8826904297, -4.02739906311, -6.96653938293, 8.84195423126], [109.197090149, -24.7017803192, -36.0750846863, -3.1440243721, -3.74416089058, -8.70524787903, 0.35896268487, 12.1883716583, 34.8826904297, 70.6277770996, 9.39573764801, -8.62977409363, -10.8163995743], [-436.556427002, -13.672700882, 26.769569397, 106.6015625, 20.9831638336, 86.9425048828, 17.083896637, 3.99708890915, -4.02739906311, 9.39573764801, 86.0874481201, 18.4181194305, 28.1170139313], [150.198120117, 20.0246963501, 5.79658222198, -28.8946266174, 8.68655490875, -29.3838615417, -12.3321552277, -21.5150947571, -6.96653938293, -8.62977409363, 18.4181194305, 63.6800498962, 21.2076148987], [-333.638671875, -25.4400539398, -1.53475940228, 103.41065979, 25.321680069, 62.9311447144, -2.33460998535, -5.9956240654, 8.84195423126, -10.8163995743, 28.1170139313, 21.2076148987, 68.6991119385]],
        "icov": [[0.00111564970575, 0.00011025879212, 0.000777849636506, 0.00118878728244, -0.001271906076, 0.00233667995781, -0.00196555326693, 0.00125123199541, -0.000115365372039, -0.00152694724966, 0.00239023403265, -0.00233940710314, 0.00157600839157], [0.00011025879212, 0.0192758310586, -0.00768100796267, 0.0115230251104, -0.00725304195657, 0.00718932924792, -0.00871980283409, 0.0057541555725, -0.0129469456151, 0.0110861882567, -0.0138788996264, 0.0108707454056, -0.00781347695738], [0.000777849636506, -0.00768100796267, 0.00495284004137, -0.00419097580016, 0.00296515645459, -0.000641903898213, 0.00342745124362, -0.0021409811452, 0.00531310029328, -0.00457608141005, 0.00621202681214, -0.00591878779233, 0.00465757865459], [0.00118878728244, 0.0115230251104, -0.00419097580016, 0.0102907465771, -0.00616713659838, 0.0058582262136, -0.0060533923097, 0.00320073124021, -0.00781698897481, 0.00507717113942, -0.00729479221627, 0.00588051881641, -0.00558737292886], [-0.001271906076, -0.00725304195657, 0.00296515645459, -0.00616713659838, 0.0106247086078, -0.00592882186174, 0.00678710220382, -0.00151814171113, 0.00265759602189, -0.000727910199203, 0.00129156874027, -0.00192115479149, 0.00170737400185], [0.00233667995781, 0.00718932924792, -0.000641903898213, 0.0058582262136, -0.00592882186174, 0.0119244502857, -0.0101580861956, 0.0022871629335, -0.00293308333494, 0.00121544592548, -0.00249865953811, 0.00148426543456, -0.00257237907499], [-0.00196555326693, -0.00871980283409, 0.00342745124362, -0.0060533923097, 0.00678710220382, -0.0101580861956, 0.0179580319673, -0.00701035000384, 0.00606211693957, -0.00102040276397, 0.000175555993337, -0.000494988518767, 0.00235585100017], [0.00125123199541, 0.0057541555725, -0.0021409811452, 0.00320073124021, -0.00151814171113, 0.0022871629335, -0.00701035000384, 0.0183194391429, -0.00989773962647, 0.00179032830056, 0.000341915583704, 0.000574740231968, 0.00440508872271], [-0.000115365372039, -0.0129469456151, 0.00531310029328, -0.00781698897481, 0.00265759602189, -0.00293308333494, 0.00606211693957, -0.00989773962647, 0.0267187375575, -0.0161933451891, 0.0116643700749, -0.00574970291927, -0.00140728603583], [-0.00152694724966, 0.0110861882567, -0.00457608141005, 0.00507717113942, -0.000727910199203, 0.00121544592548, -0.00102040276397, 0.00179032830056, -0.0161933451891, 0.02969818376, -0.0178550370038, 0.0117678493261, -0.00134364585392], [0.00239023403265, -0.0138788996264, 0.00621202681214, -0.00729479221627, 0.00129156874027, -0.00249865953811, 0.000175555993337, 0.000341915583704, 0.0116643700749, -0.0178550370038, 0.0353276655078, -0.0199638921767, 0.006828348618], [-0.00233940710314, 0.0108707454056, -0.00591878779233, 0.00588051881641, -0.00192115479149, 0.00148426543456, -0.000494988518767, 0.000574740231968, -0.00574970291927, 0.0117678493261, -0.0199638921767, 0.034386638552, -0.0167896654457], [0.00157600839157, -0.00781347695738, 0.00465757865459, -0.00558737292886, 0.00170737400185, -0.00257237907499, 0.00235585100017, 0.00440508872271, -0.00140728603583, -0.00134364585392, 0.006828348618, -0.0167896654457, 0.0323807746172]]
    },
    "melbands": {
        "max": [0.00899907760322, 0.00998587347567, 0.0124986749142, 0.0240949559957, 0.010388459079, 0.016636826098, 0.0176271144301, 0.0124181928113, 0.011511400342, 0.0044008991681, 0.00391523819417, 0.00126332591753, 0.000522556540091, 0.00107336684596, 0.00036363909021, 0.000410247506807, 0.000300111365505, 0.000314748875098, 0.000203761912417, 0.000172416068381, 8.64370595082e-05, 0.000133924550028, 4.93751831527e-05, 4.02002006012e-05, 1.84782456927e-05, 9.47125499806e-06, 1.20930972116e-05, 7.30871761334e-06, 4.06531853514e-06, 3.45911121258e-06, 3.93727441406e-06, 2.27983423429e-06, 9.09206789856e-07, 3.08192625198e-07, 3.70718510112e-07, 1.07956161344e-07, 7.63082539379e-08, 6.07672205888e-08, 4.91753660015e-08, 5.55902950339e-08],
        "mean": [6.82311001583e-05, 0.00040089036338, 0.00063711067196, 0.000376992131351, 0.000472138868645, 0.000723355507944, 0.000765810080338, 0.000364491163054, 0.000199386835448, 0.000110730252345, 4.65594384877e-05, 2.21150057769e-05, 1.85984572454e-05, 1.68387086887e-05, 1.46634847624e-05, 1.39469684655e-05, 1.20355989566e-05, 1.10178261821e-05, 1.01243176687e-05, 7.38287053537e-06, 5.2810314628e-06, 4.37968401457e-06, 1.85910039363e-06, 8.58503824475e-07, 5.75893068344e-07, 4.72537777796e-07, 4.02445579084e-07, 2.60869114754e-07, 1.5424080857e-07, 1.10133591136e-07, 7.87169724958e-08, 4.70212171422e-08, 2.94031696768e-08, 1.75093646249e-08, 1.13955440639e-08, 7.80371145481e-09, 5.6012248173e-09, 4.18105372546e-09, 3.19726622955e-09, 2.01371896935e-09],
        "min": [8.19349736503e-07, 5.78198637413e-07, 1.27012128814e-07, 1.22512261669e-07, 1.53343890474e-07, 7.23816668824e-08, 2.14797442055e-08, 1.90410509582e-09, 7.01605551434e-10, 1.59097746089e-09, 4.86296503066e-10, 2.24534502102e-09, 4.76792116899e-09, 3.2563631791e-09, 2.35632668932e-09, 1.98160554632e-09, 1.07232112079e-09, 1.70021186019e-09, 1.02893726872e-09, 9.66847268913e-10, 6.74196198869e-10, 3.79256681615e-10, 2.8589347556e-10, 3.43144845871e-10, 6.70943522962e-10, 2.89929580344e-10, 1.13233825094e-10, 1.39633471452e-10, 8.7786847236e-11, 7.34084737442e-11, 4.26034381384e-11, 8.08804238861e-12, 2.4203162044e-11, 8.77995037785e-11, 4.21106621795e-11, 2.40670417623e-11, 1.42571267292e-11, 2.45611933569e-11, 3.58035476267e-11, 1.31652622831e-11],
        "stdev": [0.000294144731015, 0.000690193613991, 0.00124835234601, 0.00129257293884, 0.00110216310713, 0.00179261737503, 0.00185603811406, 0.00107929215301, 0.000718398368917, 0.000443537981482, 0.000190091042896, 5.82017200941e-05, 4.22082121077e-05, 4.80677445012e-05, 3.42638450093e-05, 3.58011930075e-05, 3.13704003929e-05, 2.89366362267e-05, 2.44829770963e-05, 1.86681772902e-05, 1.12385323519e-05, 9.70209202933e-06, 4.29321471529e-06, 2.05859282687e-06, 1.3032699826e-06, 9.40993857057e-07, 9.31315696562e-07, 5.55950123271e-07, 2.95146605822e-07, 2.18433797272e-07, 1.77957176106e-07, 1.04707233106e-07, 5.56892558734e-08, 3.03743803443e-08, 2.02810159777e-08, 1.21265006925e-08, 8.19845169531e-09, 5.98451954659e-09, 4.4052503867e-09, 3.39342198785e-09]
    },
    "melbands128": {
        "max": [0.000602120009717, 0.00197896943428, 0.0133729502559, 0.0211812481284, 0.0107308719307, 0.0125016355887, 0.0220656264573, 0.0175429172814, 0.0186329819262, 0.0437746532261, 0.0413508601487, 0.0183203369379, 0.013506539166, 0.0233102049679, 0.0329112187028, 0.0330169983208, 0.0220674648881, 0.0289313811809, 0.0177135374397, 0.0247103143483, 0.0199647694826, 0.01079521887, 0.0197360459715, 0.0151923429221, 0.00825675297529, 0.00742276804522, 0.0110074589029, 0.00446010753512, 0.00175053894054, 0.00271660508588, 0.00125487870537, 0.0010198939126, 0.000913790077902, 0.000500484311488, 0.00158832443412, 0.00145365833305, 0.000690843327902, 0.000432441447629, 0.000416304799728, 0.000508809927851, 0.000666683074087, 0.000538583029993, 0.000335648743203, 0.000411947694374, 0.000504454830661, 0.000379177334253, 0.000311817799229, 0.000347950815922, 0.000495891144965, 0.000243334361585, 0.000300463405438, 0.000153180459165, 0.000144094301504, 9.44968487602e-05, 0.000126618484501, 0.000266096263658, 0.000134104833705, 9.34633353609e-05, 4.51532141597e-05, 9.06509085326e-05, 4.32694359915e-05, 1.77158381121e-05, 3.78651748179e-05, 1.79019443749e-05, 1.7147820472e-05, 1.39969724842e-05, 1.26163822642e-05, 1.93619434867e-05, 1.30965472636e-05, 1.18890748126e-05, 9.39232631936e-06, 5.47760691916e-06, 2.67334985438e-06, 6.58723183733e-06, 5.27995462107e-06, 3.41873737852e-06, 3.24017628373e-06, 5.50143613509e-06, 3.60091735274e-06, 3.95514098273e-06, 2.07533867069e-06, 2.1857701995e-06, 9.92793275145e-07, 9.88892111309e-07, 6.01718568305e-07, 4.261501374e-07, 3.38360990781e-07, 4.45845813601e-07, 5.86240560096e-07, 1.6131784264e-07, 1.32506997375e-07, 1.06181126114e-07, 9.25243881511e-08, 1.06426071511e-07, 8.27982873375e-08, 7.67356027609e-08, 7.40392778198e-08, 5.83457548942e-08, 6.37374242274e-08, 4.28607194181e-08, 4.4668858834e-08, 7.56264171287e-08, 4.95276708534e-08, 2.21794920208e-08, 1.05682644858e-08, 5.65426905297e-09, 6.16635320583e-09, 3.62438501433e-09, 3.37331274025e-09, 3.23531490487e-09, 2.52671927825e-09, 2.54253285092e-09, 1.62884117305e-09, 1.81811499189e-09, 2.1936221728e-09, 1.15139275891e-09, 9.00049978991e-10, 1.1152760937e-09, 9.63250923469e-10, 7.66043894984e-10, 7.83049458608e-10, 1.28758004259e-09, 9.83974235425e-10, 3.94745486298e-10, 2.7133328917e-10, 6.49090711735e-11, 4.19921597494e-11, 4.16636065925e-11],
        "mean": [1.59892297233e-05, 2.88075207209e-05, 6.87940701027e-05, 0.00018116850697, 0.000357606710168, 0.000587788585108, 0.000760323135182, 0.000654026691336, 0.000466329074698, 0.000359469238902, 0.00029528856976, 0.000400071090553, 0.000497671251651, 0.000577255443204, 0.000706408289261, 0.000790628080722, 0.000907722744159, 0.000810074619949, 0.000536691688467, 0.000399102573283, 0.000283290894004, 0.000222442977247, 0.000195471118786, 0.00016875223082, 0.000136797913001, 7.81395283411e-05, 6.34475727566e-05, 4.70357190352e-05, 3.06182773784e-05, 2.28289463848e-05, 1.98409488803e-05, 1.83377833309e-05, 1.96930541279e-05, 1.76369976543e-05, 1.66826757777e-05, 1.71108331415e-05, 1.6438352759e-05, 1.33364173962e-05, 1.46908469105e-05, 1.524342224e-05, 1.38596687975e-05, 1.19010128401e-05, 1.21577149912e-05, 1.21700431919e-05, 1.13366404548e-05, 1.08750273284e-05, 1.05365925265e-05, 1.01743635241e-05, 1.0498136362e-05, 8.52098492032e-06, 7.42951988286e-06, 5.48384741705e-06, 5.3519879657e-06, 5.02269995195e-06, 5.29716044184e-06, 4.71887642561e-06, 3.38819563694e-06, 2.25152462008e-06, 1.27666726257e-06, 1.05150138552e-06, 8.64233356879e-07, 7.06424771124e-07, 6.15566591478e-07, 5.43077533166e-07, 4.98003089433e-07, 4.85558473429e-07, 4.37459789282e-07, 4.42466017603e-07, 4.03837390195e-07, 3.39567776564e-07, 2.80640506389e-07, 2.12271388023e-07, 1.66210284647e-07, 1.47797777572e-07, 1.36287468422e-07, 1.13157554438e-07, 9.88812587366e-08, 8.98992880138e-08, 7.92736969402e-08, 6.57125411863e-08, 4.9664091506e-08, 4.04224174133e-08, 3.46711921395e-08, 2.98402937915e-08, 2.40228352766e-08, 1.87522903872e-08, 1.56564521347e-08, 1.36192115363e-08, 1.15651070942e-08, 9.54723233804e-09, 8.35130187227e-09, 7.54004680914e-09, 6.37114494495e-09, 5.69799585293e-09, 5.04126873579e-09, 4.56204896082e-09, 4.0359329212e-09, 3.59135698957e-09, 3.22920334916e-09, 3.00776648032e-09, 2.74941358569e-09, 2.01118210974e-09, 9.06999864103e-10, 5.6136201243e-10, 2.81098783139e-10, 1.48924317322e-10, 1.11965943461e-10, 8.73514385824e-11, 7.20292089862e-11, 6.30485455511e-11, 5.73758401901e-11, 4.93139903912e-11, 4.3381295084e-11, 4.114964966e-11, 3.73170487566e-11, 3.41348338484e-11, 3.03453547013e-11, 2.95136727557e-11, 2.8493873927e-11, 2.58355767335e-11, 2.61005505403e-11, 2.84606956058e-11, 2.40141379004e-11, 1.38923438725e-11, 6.91906341249e-12, 2.7048010099e-12, 1.91358560941e-12, 1.82963496784e-12],
        "min": [2.49701770372e-09, 4.38447784745e-08, 8.2408739388e-08, 4.71988471418e-07, 5.84186466313e-07, 3.57720750799e-07, 1.47200012179e-07, 6.29541148101e-08, 7.47431698755e-08, 1.18337808885e-07, 1.28564153101e-07, 9.24163998661e-08, 8.21863039846e-08, 4.23659400894e-08, 1.32879511838e-08, 2.30929302347e-08, 3.6339063314e-08, 1.50855594683e-08, 3.86527432283e-09, 2.25702745382e-09, 9.76176806056e-10, 1.8095144827e-10, 5.43040612477e-10, 1.27072308231e-09, 1.94106730689e-09, 1.74211622905e-09, 8.56618886935e-10, 3.18651938169e-10, 9.51799125626e-11, 7.81310460773e-10, 2.9370783583e-09, 4.68931382613e-09, 4.30397362194e-09, 1.89835080988e-09, 2.1443202769e-09, 2.39083153275e-09, 2.44576559005e-09, 1.1278630252e-09, 1.551810902e-09, 1.46647327615e-09, 2.50404563751e-09, 6.51413867292e-10, 4.2488890184e-10, 1.60092428203e-09, 1.4838339446e-09, 1.47728751454e-09, 1.71846281649e-09, 5.81449166592e-10, 8.25352730605e-10, 1.66963054493e-09, 7.89181331395e-10, 4.71812755531e-10, 8.13486111806e-10, 8.18902057276e-10, 2.20982829258e-10, 2.98943481081e-10, 5.03419750331e-10, 5.33357746857e-10, 8.88089810025e-11, 5.03036605426e-11, 2.19679510693e-10, 7.41043393315e-10, 5.14757403369e-10, 7.49662609767e-10, 7.94161236772e-10, 1.47194256783e-10, 1.10039512224e-10, 9.166956777e-11, 1.38477479483e-10, 9.07607045075e-11, 1.42326456176e-10, 1.57449372984e-10, 1.60814056516e-10, 4.2843232434e-11, 5.09613497235e-11, 5.28677449041e-11, 9.74610184223e-11, 1.10429408673e-10, 1.1322456861e-11, 6.42994641906e-12, 1.14771638374e-11, 6.69357494779e-12, 6.28741806882e-12, 6.23033482444e-12, 3.93006356625e-11, 1.41498437967e-10, 8.2316625738e-11, 4.29868397822e-11, 4.92637319827e-11, 3.46687678565e-11, 2.15255122754e-11, 2.86555640328e-11, 6.48725647853e-12, 1.31747347407e-11, 1.8357256687e-11, 2.36019502553e-11, 2.60244464867e-11, 2.20619286728e-11, 4.82228180998e-11, 5.06965389807e-12, 1.59421434387e-11, 1.03949435865e-11, 9.47322935699e-14, 2.52224778471e-14, 1.13224317075e-14, 1.15035104109e-14, 1.06251440209e-14, 2.19760055422e-14, 2.20849763309e-14, 1.79774306607e-14, 1.82860928548e-14, 1.5693833223e-14, 1.73246969071e-14, 1.83754124791e-14, 1.86011806408e-14, 2.0737994045e-14, 1.95456376236e-14, 1.78976808146e-14, 1.65765025404e-14, 1.40275271393e-14, 1.75540497123e-14, 1.37783808682e-14, 1.40126490055e-14, 1.31679547163e-14, 9.47778114264e-15, 3.7780252898e-15, 4.76801198757e-16, 1.84903388093e-17],
        "stdev": [4.42215459771e-05, 0.000105223960418, 0.000431626103818, 0.000706063525286, 0.000719934410881, 0.0012358588865, 0.00182665803004, 0.00164809252601, 0.0014499676181, 0.001975458581, 0.00153870740905, 0.00134474516381, 0.00144469283987, 0.00185753265396, 0.00237629306503, 0.00280483136885, 0.00267974403687, 0.00265791267157, 0.00177736696787, 0.00162429572083, 0.00119060568977, 0.000884433626197, 0.00102235586382, 0.000876526290085, 0.000667096115649, 0.000420298572863, 0.000414711830672, 0.000220230533159, 0.000107746207505, 8.92628959264e-05, 5.77058999625e-05, 5.10334975843e-05, 5.28886048414e-05, 4.57467031083e-05, 6.1328013544e-05, 6.07044094068e-05, 4.76643908769e-05, 3.43583997164e-05, 4.02710611525e-05, 4.22492303187e-05, 4.30761538155e-05, 3.38569734595e-05, 3.33868229063e-05, 3.72203212464e-05, 3.56420787284e-05, 3.21779734804e-05, 2.88319188257e-05, 2.76932787528e-05, 3.25308283209e-05, 2.31761532632e-05, 2.3266300559e-05, 1.47953142005e-05, 1.35272721309e-05, 1.10454666356e-05, 1.21535995277e-05, 1.33476005431e-05, 8.77776528796e-06, 6.47947263133e-06, 3.04875629809e-06, 3.33568664246e-06, 2.33179775933e-06, 1.64304833561e-06, 1.79419055257e-06, 1.28686554035e-06, 1.09888492261e-06, 1.08985307179e-06, 1.00514182577e-06, 1.1532716826e-06, 1.0628043583e-06, 8.65109768711e-07, 6.83829284753e-07, 4.55129878674e-07, 3.24304977539e-07, 3.50058144249e-07, 2.98393530329e-07, 2.34388011222e-07, 2.13323900766e-07, 2.32519624888e-07, 1.84734133768e-07, 1.63854110724e-07, 1.20699155559e-07, 9.64552029359e-08, 6.86524970206e-08, 6.35852117625e-08, 4.56981013031e-08, 3.44859785173e-08, 3.01819795823e-08, 2.70888556031e-08, 2.40016717612e-08, 1.62237405732e-08, 1.40570444174e-08, 1.25266348405e-08, 1.02418367121e-08, 9.04941543922e-09, 7.67025198911e-09, 7.27902893516e-09, 6.23775697761e-09, 5.20701659568e-09, 4.87285589656e-09, 4.46437509183e-09, 4.01188238186e-09, 3.74646358381e-09, 2.92014412651e-09, 1.80982917541e-09, 9.0995311286e-10, 5.00656405222e-10, 3.90994486787e-10, 2.97209118427e-10, 2.4495416806e-10, 2.08648737177e-10, 1.93736818255e-10, 1.63033031519e-10, 1.36708228071e-10, 1.41698416889e-10, 1.32292371502e-10, 1.05590744481e-10, 9.07459871136e-11, 9.94974866386e-11, 8.92445145562e-11, 7.62023014134e-11, 8.044534483e-11, 9.33112476176e-11, 7.63219071276e-11, 4.27603161213e-11, 2.16189965235e-11, 6.5327721531e-12, 4.566226737e-12, 4.44134833077e-12]
    },
    "mfcc": {
        "mean": [-816.680236816, 178.919433594, 0.843050003052, 31.461227417, 6.35083389282, -1.07492411137, -12.2973222733, -5.93408107758, -2.54551935196, -2.32258319855, -4.50731468201, 1.87987840176, 0.00840657018125],
        "cov": [[9637.3671875, 1599.86218262, -2464.859375, -824.249755859, -992.620422363, -424.711151123, -611.721008301, -348.197601318, -103.137733459, -136.574111938, -201.353622437, -5.32765102386, -2.61496376991], [1599.86218262, 1171.1114502, 92.0039138794, -179.276473999, -172.296188354, -312.682983398, -254.81187439, -176.114776611, -78.6136550903, -144.416641235, -105.549194336, 48.565032959, 31.7012023926], [-2464.859375, 92.0039138794, 1361.51416016, 430.094940186, 213.904418945, -150.854721069, -48.6659812927, -37.5996208191, -22.007900238, -89.3888702393, -8.87575244904, 49.9463348389, 31.3025398254], [-824.249755859, -179.276473999, 430.094940186, 497.205993652, 204.412322998, -71.2892990112, -79.5718154907, -50.4975204468, -7.97696971893, -32.2518692017, -24.076467514, 11.5381669998, 34.7843818665], [-992.620422363, -172.296188354, 213.904418945, 204.412322998, 300.209869385, 68.1224136353, 18.4128227234, 12.4449367523, 3.03629016876, 4.53238677979, -8.96949768066, -5.13759708405, 25.8849697113], [-424.711151123, -312.682983398, -150.854721069, -71.2892990112, 68.1224136353, 248.136657715, 167.860427856, 87.8906860352, 29.0796909332, 56.1099624634, 39.1795425415, -16.9551849365, -15.1291513443], [-611.721008301, -254.81187439, -48.6659812927, -79.5718154907, 18.4128227234, 167.860427856, 238.301971436, 119.492401123, 7.96963787079, 55.5112495422, 49.9599456787, -16.3642463684, -20.2825775146], [-348.197601318, -176.114776611, -37.5996208191, -50.4975204468, 12.4449367523, 87.8906860352, 119.492401123, 130.906066895, 36.6772766113, 28.2950286865, 32.8822250366, -9.69386959076, -15.0829315186], [-103.137733459, -78.6136550903, -22.007900238, -7.97696971893, 3.03629016876, 29.0796909332, 7.96963787079, 36.6772766113, 81.9400939941, 49.8588294983, 22.0225563049, 4.43617582321, -4.0302772522], [-136.574111938, -144.416641235, -89.3888702393, -32.2518692017, 4.53238677979, 56.1099624634, 55.5112495422, 28.2950286865, 49.8588294983, 115.003692627, 58.8126106262, -5.66074705124, -6.26841878891], [-201.353622437, -105.549194336, -8.87575244904, -24.076467514, -8.96949768066, 39.1795425415, 49.9599456787, 32.8822250366, 22.0225563049, 58.8126106262, 88.4814453125, 18.2450370789, -14.2407979965], [-5.32765102386, 48.565032959, 49.9463348389, 11.5381669998, -5.13759708405, -16.9551849365, -16.3642463684, -9.69386959076, 4.43617582321, -5.66074705124, 18.2450370789, 56.0980796814, 22.1033420563], [-2.61496376991, 31.7012023926, 31.3025398254, 34.7843818665, 25.8849697113, -15.1291513443, -20.2825775146, -15.0829315186, -4.0302772522, -6.26841878891, -14.2407979965, 22.1033420563, 60.7436485291]],
        "icov": [[0.000872118165717, -0.00100223347545, 0.0016453822609, -0.000937212782446, 0.00184089760296, -0.000583873421419, 0.00157559290528, -0.000381150544854, 0.000609694165178, -7.69052639953e-05, 0.000278313236777, -2.65197377303e-05, -0.000141641867231], [-0.00100223347545, 0.00332746561617, -0.00214648083784, 0.00282417214476, -0.00240805465728, 0.00274558388628, -0.00167489703745, 0.00188353448175, -0.000720440817531, 0.00106698297895, 0.000774207815994, -0.00130476965569, 4.6199933422e-05], [0.0016453822609, -0.00214648083784, 0.00442704139277, -0.00270978710614, 0.00277490122244, 6.70354893373e-06, 0.00160227296874, -0.000262866029516, 0.000175695910002, 0.00123646866996, -0.000426640472142, -0.000419145013439, -5.78909166506e-05], [-0.000937212782446, 0.00282417214476, -0.00270978710614, 0.00628129439428, -0.00451343972236, 0.00313492468558, -0.00120219693054, 0.00230964343064, -0.00117520755157, 0.00109258643351, 0.000217589229578, -0.000468869169708, -0.000582151697017], [0.00184089760296, -0.00240805465728, 0.00277490122244, -0.00451343972236, 0.0103470385075, -0.00522671127692, 0.00528707634658, -0.00260840822011, 0.00301927537657, -0.00198075873777, 0.00174702855293, 0.000978905241936, -0.00205343659036], [-0.000583873421419, 0.00274558388628, 6.70354893373e-06, 0.00313492468558, -0.00522671127692, 0.0134981013834, -0.00897714775056, 0.00385972345248, -0.00490549439564, 0.00314762583002, -0.000762732583098, -0.000612994364928, 0.000336996308761], [0.00157559290528, -0.00167489703745, 0.00160227296874, -0.00120219693054, 0.00528707634658, -0.00897714775056, 0.01939095743, -0.012284733355, 0.0113232787699, -0.00732990633696, 0.00180004176218, -0.000650769448839, 0.000393826019717], [-0.000381150544854, 0.00188353448175, -0.000262866029516, 0.00230964343064, -0.00260840822011, 0.00385972345248, -0.012284733355, 0.0218312032521, -0.0129901692271, 0.00945621542633, -0.00505977356806, 0.00324937724508, -0.00104946829379], [0.000609694165178, -0.000720440817531, 0.000175695910002, -0.00117520755157, 0.00301927537657, -0.00490549439564, 0.0113232787699, -0.0129901692271, 0.0266873016953, -0.0154538257048, 0.00658502662554, -0.00640702154487, 0.00308273755945], [-7.69052639953e-05, 0.00106698297895, 0.00123646866996, 0.00109258643351, -0.00198075873777, 0.00314762583002, -0.00732990633696, 0.00945621542633, -0.0154538257048, 0.0257141515613, -0.0154630606994, 0.00905643869191, -0.00558683043346], [0.000278313236777, 0.000774207815994, -0.000426640472142, 0.000217589229578, 0.00174702855293, -0.000762732583098, 0.00180004176218, -0.00505977356806, 0.00658502662554, -0.0154630606994, 0.027485165745, -0.0152781447396, 0.00895767658949], [-2.65197377303e-05, -0.00130476965569, -0.000419145013439, -0.000468869169708, 0.000978905241936, -0.000612994364928, -0.000650769448839, 0.00324937724508, -0.00640702154487, 0.00905643869191, -0.0152781447396, 0.0313230380416, -0.0132861370221], [-0.000141641867231, 4.6199933422e-05, -5.78909166506e-05, -0.000582151697017, -0.00205343659036, 0.000336996308761, 0.000393826019717, -0.00104946829379, 0.00308273755945, -0.00558683043346, 0.00895767658949, -0.0132861370221, 0.0241881012917]]
    },
    "spectral_contrast_coeffs": {
        "max": [-0.3289912045, -0.390868276358, -0.554434418678, -0.633133172989, -0.70700353384, -0.618148684502],
        "mean": [-0.711233735085, -0.756740987301, -0.832867443562, -0.847325384617, -0.833343327045, -0.7768856287],
        "min": [-0.934950768948, -0.936823308468, -0.936855196953, -0.92086237669, -0.906678378582, -0.938648402691],
        "stdev": [0.118664689362, 0.112333446741, 0.0574953816831, 0.0437105335295, 0.0385118871927, 0.0424853228033]
    },
    "spectral_contrast_valleys": {
        "max": [-5.80711555481, -4.71929740906, -5.62138414383, -5.47997713089, -7.05985975266, -10.8489866257],
        "mean": [-7.61491107941, -7.45819187164, -8.53812789917, -8.78460693359, -9.26288700104, -12.772851944],
        "min": [-9.77060604095, -10.620267868, -11.3776369095, -11.4825572968, -12.2957906723, -14.3573112488],
        "stdev": [0.663600385189, 1.16423535347, 1.28788268566, 1.25459897518, 0.961686193943, 0.650394201279]
    }
},
"rhythm": {
    "beats_count": 54,
    "beats_loudness": {
        "max": 0.0943627953529,
        "mean": 0.0198353994638,
        "min": 7.50481631258e-05,
        "stdev": 0.0231305509806
    },
    "bpm": 95.7488327026,
    "bpm_histogram_first_peak_bpm": 96,
    "bpm_histogram_first_peak_weight": 0.608695626259,
    "bpm_histogram_second_peak_bpm": 103,
    "bpm_histogram_second_peak_spread": 0.58333337307,
    "bpm_histogram_second_peak_weight": 0.0943396240473,
    "danceability": 1.24390518665,
    "onset_rate": 4.1220703125,
    "beats_loudness_band_ratio": {
        "max": [0.977081954479, 0.897034525871, 0.76073461771, 0.613988637924, 0.325112879276, 0.0327538885176],
        "mean": [0.386893391609, 0.286766290665, 0.262340903282, 0.0908242315054, 0.0445513576269, 0.0044324202463],
        "min": [0.0410173758864, 0.00836899410933, 0.0037484401837, 0.000961464189459, 0.0007133098552, 0.000114122070954],
        "stdev": [0.254623621702, 0.230772599578, 0.236915543675, 0.163916364312, 0.0785142332315, 0.00712855951861]
    },
    "beats_position": [0.626938760281, 1.30031740665, 1.92725622654, 2.55419492722, 3.20435357094, 3.87773227692, 4.5046710968, 5.10838985443, 5.70049858093, 6.29260778427, 6.8963265419, 7.53487491608, 8.16181373596, 8.8119726181, 9.46213150024, 10.1006803513, 10.7392292023, 11.3777770996, 11.9931058884, 12.6200447083, 13.235373497, 13.7926530838, 14.361541748, 14.9304304123, 15.5341491699, 16.114648819, 16.6951465607, 17.2756462097, 17.8445339203, 18.4018135071, 18.9474830627, 19.5047607422, 20.062040329, 20.6077098846, 21.1069393158, 21.6177768707, 22.128616333, 22.6394557953, 23.1502952576, 23.6495227814, 24.1487522125, 24.6479816437, 25.1356010437, 25.6928787231, 26.2617683411, 26.8422679901, 27.4227657318, 27.9916553497, 28.6069831848, 29.2339229584, 29.8608608246, 30.4878005981, 31.1031284332, 31.7300682068],
