{
"metadata": {
    "version": {
        "essentia": "2.1-beta5",
        "essentia_git_sha": "Undefined",
        "extractor": "music 2.0"
    },
    "audio_properties": {
        "analysis": {
            "equal_loudness": 0,
            "length": 32.4963264465,
            "sample_rate": 44100,
            "start_time": 12.7477550507,
            "downmix": "mix"
        },
        "bit_rate": 192000,
        "length": 139.946670532,
        "lossless": 0,
        "number_channels": 2,
        "replay_gain": -11.1307048798,
        "sample_rate": 48000,
        "codec": "mp3",
        "md5_encoded": "8efc69f84666a4186a9eb354108c9f10"
    },
    "tags": {
        "file_name": "Switzerland_Refrain_Lys Assia.mp3",
        "encoding": ["Lavf58.29.100"]
    }
},
"lowlevel": {
    "average_loudness": 0.948810517788,
    "barkbands_crest": {
        "max": 26.7048740387,
        "mean": 10.164721489,
        "min": 2.92058420181,
        "stdev": 4.99468708038
    },
    "barkbands_flatness_db": {
        "max": 0.488870978355,
        "mean": 0.234595313668,
        "min": 0.0936159417033,
        "stdev": 0.0746801644564
    },
    "barkbands_kurtosis": {
        "max": 564.270568848,
        "mean": 10.0251893997,
        "min": -1.88671517372,
        "stdev": 38.9686508179
    },
    "barkbands_skewness": {
        "max": 19.0003204346,
        "mean": 1.55049872398,
        "min": -2.00223016739,
        "stdev": 2.12186121941
    },
    "barkbands_spread": {
        "max": 97.5355606079,
        "mean": 14.0791597366,
        "min": 0.24931794405,
        "stdev": 10.7596988678
    },
    "dissonance": {
        "max": 0.499572873116,
        "mean": 0.431108087301,
        "min": 0.196748793125,
        "stdev": 0.0523043051362
    },
    "dynamic_complexity": 3.89434695244,
    "erbbands_crest": {
        "max": 32.2412414551,
        "mean": 11.6207685471,
        "min": 3.53903508186,
        "stdev": 5.6391377449
    },
    "erbbands_flatness_db": {
        "max": 0.447546154261,
        "mean": 0.264279931784,
        "min": 0.119315750897,
        "stdev": 0.0525173768401
    },
    "erbbands_kurtosis": {
        "max": 203.817932129,
        "mean": 2.8967487812,
        "min": -1.89488506317,
        "stdev": 11.8240633011
    },
    "erbbands_skewness": {
        "max": 12.8322038651,
        "mean": 0.791446864605,
        "min": -2.41329646111,
        "stdev": 1.38384246826
    },
    "erbbands_spread": {
        "max": 149.740402222,
        "mean": 23.8211765289,
        "min": 1.47273492813,
        "stdev": 13.4622030258
    },
    "hfc": {
        "max": 91.1209030151,
        "mean": 23.5161685944,
        "min": 0.00595576968044,
        "stdev": 20.253484726
    },
    "loudness_ebu128": {
        "integrated": -12.5639543533,
        "loudness_range": 4.76315975189,
        "momentary": {
            "max": -9.55565929413,
            "mean": -14.1258449554,
            "min": -38.1784820557,
            "stdev": 4.61695051193
        },
        "short_term": {
            "max": -10.3322105408,
            "mean": -13.137295723,
            "min": -19.5337257385,
            "stdev": 1.74337184429
        }
    },
    "melbands_crest": {
        "max": 32.5854721069,
        "mean": 12.8670787811,
        "min": 3.26916146278,
        "stdev": 5.69502067566
    },
    "melbands_flatness_db": {
        "max": 0.587348520756,
        "mean": 0.252897799015,
        "min": 0.0850398764014,
        "stdev": 0.102992787957
    },
    "melbands_kurtosis": {
        "max": 405.83013916,
        "mean": 13.1993484497,
        "min": -1.60273468494,
        "stdev": 34.2840652466
    },
    "melbands_skewness": {
        "max": 14.2241954803,
        "mean": 1.94224512577,
        "min": -0.742042779922,
        "stdev": 1.72923016548
    },
    "melbands_spread": {
        "max": 136.140533447,
        "mean": 22.0794849396,
        "min": 0.432345718145,
        "stdev": 19.1203346252
    },
    "pitch_salience": {
        "max": 0.807533442974,
        "mean": 0.548677384853,
        "min": 0.069002404809,
        "stdev": 0.115094609559
    },
    "silence_rate_20dB": {
        "max": 1,
        "mean": 1,
        "min": 1,
        "stdev": 0
    },
    "silence_rate_30dB": {
        "max": 1,
        "mean": 1,
        "min": 1,
        "stdev": 0
    },
    "silence_rate_60dB": {
        "max": 1,
        "mean": 0.120628125966,
        "min": 0,
        "stdev": 0.325693696737
    },
    "spectral_centroid": {
        "max": 3744.76660156,
        "mean": 1272.65722656,
        "min": 177.545074463,
        "stdev": 768.703186035
    },
    "spectral_complexity": {
        "max": 45,
        "mean": 16.5039253235,
        "min": 0,
        "stdev": 9.17671012878
    },
    "spectral_decrease": {
        "max": -3.82163484886e-12,
        "mean": -5.71063107913e-09,
        "min": -1.71503273805e-08,
        "stdev": 3.49544260203e-09
    },
    "spectral_energy": {
        "max": 0.0674203336239,
        "mean": 0.0236862450838,
        "min": 1.49638981384e-05,
        "stdev": 0.0143770128489
    },
    "spectral_energyband_high": {
        "max": 0.00702046742663,
        "mean": 0.000593885662965,
        "min": 2.91599434377e-07,
        "stdev": 0.000976334384177
    },
    "spectral_energyband_low": {
        "max": 0.0389008820057,
        "mean": 0.0010344022885,
        "min": 2.81330653706e-06,
        "stdev": 0.00261417683214
    },
    "spectral_energyband_middle_high": {
        "max": 0.0426454953849,
        "mean": 0.0090096341446,
        "min": 9.98091081783e-07,
        "stdev": 0.00937090534717
    },
    "spectral_energyband_middle_low": {
        "max": 0.0640408620238,
        "mean": 0.0133620146662,
        "min": 1.42032854455e-06,
        "stdev": 0.0119138201699
    },
    "spectral_entropy": {
        "max": 8.41438102722,
        "mean": 6.82304573059,
        "min": 4.40281629562,
        "stdev": 0.639107882977
    },
    "spectral_flux": {
        "max": 0.201965197921,
        "mean": 0.0711820051074,
        "min": 0.00104722788092,
        "stdev": 0.036437112838
    },
    "spectral_kurtosis": {
        "max": 63.1791915894,
        "mean": 7.22375822067,
        "min": -1.18325328827,
        "stdev": 7.73089599609
    },
    "spectral_rms": {
        "max": 0.00811023637652,
        "mean": 0.00446029566228,
        "min": 0.000120826007333,
        "stdev": 0.00179284077603
    },
    "spectral_rolloff": {
        "max": 8376.41601562,
        "mean": 1525.38745117,
        "min": 107.666015625,
        "stdev": 1171.31640625
    },
    "spectral_skewness": {
        "max": 6.45445775986,
        "mean": 1.64903259277,
        "min": -0.475995659828,
        "stdev": 0.863297760487
    },
    "spectral_spread": {
        "max": 19326564,
        "mean": 2758852.5,
        "min": 1132101.5,
        "stdev": 910106.75
    },
    "spectral_strongpeak": {
        "max": 9.20356559753,
        "mean": 1.86449098587,
        "min": 0.0047391471453,
        "stdev": 1.70955657959
    },
    "zerocrossingrate": {
        "max": 0.22265625,
        "mean": 0.0521237626672,
        "min": 0.00439453125,
        "stdev": 0.0306998807937
    },
    "barkbands": {
        "max": [0.000102444930235, 0.0250151380897, 0.0169104747474, 0.00617237947881, 0.0410459712148, 0.0587425902486, 0.0400741100311, 0.018883632496, 0.0324304550886, 0.0288952905685, 0.0121244136244, 0.0158924628049, 0.0149898407981, 0.0245884992182, 0.0192774627358, 0.0099213887006, 0.0097481906414, 0.00521044014022, 0.00481104012579, 0.00292537454516, 0.00429610908031, 0.00262375967577, 0.000590060080867, 0.00100573466625, 5.11962809924e-07, 1.44184298279e-06, 5.86892383581e-07],
        "mean": [3.02313628708e-06, 0.000418098119553, 0.000438108982053, 0.000368408742361, 0.00305131473579, 0.00368327088654, 0.0029996286612, 0.00159760343377, 0.00129174347967, 0.00198522256687, 0.0010215077782, 0.000698828720488, 0.00105732970405, 0.000861305161379, 0.00120654387865, 0.000744103686884, 0.000690037850291, 0.000414645648561, 0.000485821539769, 0.000230641773669, 0.000197782530449, 0.000112776455353, 5.4137162806e-05, 7.43123746361e-05, 1.86721105244e-09, 5.37640438836e-08, 1.6141398218e-09],
        "min": [8.13929257326e-10, 2.11653215842e-07, 3.99355659653e-09, 6.19919138245e-09, 6.71852475875e-08, 1.46081674757e-07, 7.71472059569e-08, 1.7503252181e-08, 4.22963424285e-08, 6.6667524834e-08, 7.42520134267e-09, 1.51515830993e-08, 7.29528748522e-09, 4.08693914267e-08, 1.65323452705e-08, 1.83960597866e-08, 2.18616218461e-08, 2.68154725092e-08, 3.49684086132e-08, 4.15754932703e-08, 9.47532630136e-09, 9.54661141805e-11, 7.35221874493e-08, 2.75047860043e-08, 8.36185200942e-12, 9.76891224164e-12, 1.09917925456e-11],
        "stdev": [6.24096628599e-06, 0.00158644933254, 0.00119194353465, 0.000572542252485, 0.00462816702202, 0.00578302331269, 0.00548988301307, 0.00258959433995, 0.00288018258289, 0.00371321919374, 0.0015542745823, 0.0013736867113, 0.00198366423137, 0.00211483985186, 0.00235581747256, 0.00120191054884, 0.00128537626006, 0.000695199996699, 0.000681453035213, 0.000351587688783, 0.000389118446037, 0.000224370684009, 8.96518467925e-05, 0.000162109179655, 1.7804751451e-08, 1.57355259489e-07, 2.008845712e-08]
    },
    "erbbands": {
        "max": [0.245509102941, 6.87816333771, 24.8957977295, 20.181936264, 68.6864929199, 209.007614136, 264.922576904, 577.575134277, 705.046264648, 768.731262207, 364.994384766, 696.89831543, 707.178405762, 752.035522461, 617.150878906, 791.170959473, 825.12878418, 1397.62927246, 1264.21069336, 571.755310059, 479.64831543, 456.42477417, 341.114349365, 238.022064209, 316.990142822, 121.039558411, 185.309738159, 95.553855896, 51.7290802002, 34.4213180542, 25.5781879425, 20.5079364777, 18.9959945679, 0.573551177979, 0.0209163688123, 0.00721376296133, 0.00283285835758, 0.00036038068356, 8.363215602e-05, 7.60775001254e-05],
        "mean": [0.00492916302755, 0.119715452194, 0.477691501379, 0.965075612068, 3.33683395386, 11.3634300232, 22.7091407776, 35.026889801, 47.9075202942, 36.086769104, 30.1295833588, 32.4665527344, 42.0628318787, 53.6351089478, 53.1679153442, 36.5391693115, 49.3397140503, 47.3855209351, 81.3467254639, 35.570098877, 34.0315856934, 33.7883872986, 29.9382801056, 18.6966114044, 24.9165210724, 11.4291009903, 10.7884759903, 6.04732179642, 3.43593478203, 2.94801330566, 1.84164595604, 1.61773777008, 0.979023337364, 0.0274295434356, 0.00117442244664, 0.000305000896333, 0.000147904283949, 1.22935471154e-05, 1.5208671357e-05, 2.92839777103e-05],
        "min": [1.85759963642e-05, 8.76743433764e-05, 0.000288872746751, 0.00043682064279, 0.000323773623677, 0.000228914388572, 0.000292848533718, 0.0010025689844, 0.00204854249023, 0.000513136852533, 0.000443077035015, 0.00197649048641, 0.00326548633166, 0.00206337263808, 0.00059361057356, 0.000804371898994, 0.001573186717, 0.00270037841983, 0.00342611712404, 0.000981912948191, 0.000764579162933, 0.001376706874, 0.00164575083181, 0.00159379525576, 0.00190166954417, 0.00183688045945, 0.00161156081595, 0.00193443556782, 0.000852146127727, 0.00143432046752, 0.00179717491847, 0.00131947360933, 0.000270740652923, 8.55270081956e-06, 1.27473367684e-06, 5.56157260689e-07, 2.61082618636e-07, 6.0480651598e-08, 1.85029502831e-08, 1.8266259616e-08],
        "stdev": [0.0162896625698, 0.452710360289, 1.50063359737, 1.55372154713, 5.54252672195, 21.9858760834, 34.3032569885, 59.9812774658, 91.8661270142, 68.6606216431, 44.5624732971, 62.3466186523, 84.1439285278, 99.8869628906, 75.2239990234, 61.6771087646, 96.0681381226, 107.391738892, 163.439422607, 50.1560783386, 54.1914787292, 58.7019424438, 46.2158355713, 26.4251365662, 38.7471809387, 16.7459506989, 20.1062469482, 11.5558052063, 6.09988880157, 5.28510379791, 3.29911637306, 3.1075937748, 2.58105301857, 0.0750346928835, 0.00287244352512, 0.000803687609732, 0.000362824852346, 2.22701437451e-05, 1.06466713987e-05, 1.79544222192e-05]
    },
    "gfcc": {
        "mean": [-74.6044311523, 142.11491394, -182.436706543, 30.2974433899, -79.5437774658, -14.4919128418, -30.0382347107, -25.4870071411, -1.82805430889, -25.9741916656, 11.04296875, -15.2728843689, -0.68448382616],
        "cov": [[8797.31640625, -1724.2644043, -2915.98779297, -266.396270752, -281.029205322, 170.928207397, -366.906707764, 54.9578361511, -259.217071533, -182.58757019, -332.667327881, -88.0737457275, -65.4588165283], [-1724.2644043, 1666.42773438, 797.678039551, -307.160217285, 292.019561768, -494.464294434, 166.170837402, -214.794952393, 47.076789856, -109.736877441, 165.535644531, 10.8777332306, 42.2147140503], [-2915.98779297, 797.678039551, 1800.47595215, 436.918121338, 158.144546509, 35.2515411377, 66.5313034058, -11.3023099899, 46.8488502502, -26.5767631531, 11.1103143692, 3.52285933495, -4.01746702194], [-266.396270752, -307.160217285, 436.918121338, 704.16998291, 68.6212921143, 307.927886963, -11.5654144287, 51.8997039795, 70.3119888306, -11.7594099045, -189.215911865, -17.8239402771, -110.706062317], [-281.029205322, 292.019561768, 158.144546509, 68.6212921143, 291.329559326, 70.609588623, 85.9895248413, 35.9391746521, 44.8478546143, 20.2850837708, 1.2412135601, -52.3830413818, -10.6087226868], [170.928207397, -494.464294434, 35.2515411377, 307.927886963, 70.609588623, 553.048400879, 73.3682174683, 166.91343689, 22.4394721985, 57.7448196411, -116.886817932, -53.2385673523, -48.6270637512], [-366.906707764, 166.170837402, 66.5313034058, -11.5654144287, 85.9895248413, 73.3682174683, 169.73777771, 46.2629241943, 26.7049198151, 18.9338855743, 29.3718395233, -6.58671474457, -10.9271278381], [54.9578361511, -214.794952393, -11.3023099899, 51.8997039795, 35.9391746521, 166.91343689, 46.2629241943, 164.965682983, 17.0792675018, 33.0936470032, -11.3810844421, -36.49010849, -4.08553409576], [-259.217071533, 47.076789856, 46.8488502502, 70.3119888306, 44.8478546143, 22.4394721985, 26.7049198151, 17.0792675018, 134.228591919, 57.0588378906, -3.58190178871, 21.3200283051, -9.72624397278], [-182.58757019, -109.736877441, -26.5767631531, -11.7594099045, 20.2850837708, 57.7448196411, 18.9338855743, 33.0936470032, 57.0588378906, 120.640510559, 54.7895202637, -0.00206446507946, 8.34858417511], [-332.667327881, 165.535644531, 11.1103143692, -189.215911865, 1.2412135601, -116.886817932, 29.3718395233, -11.3810844421, -3.58190178871, 54.7895202637, 160.18888855, 21.1041221619, 36.1166305542], [-88.0737457275, 10.8777332306, 3.52285933495, -17.8239402771, -52.3830413818, -53.2385673523, -6.58671474457, -36.49010849, 21.3200283051, -0.00206446507946, 21.1041221619, 102.78768158, 34.7112312317], [-65.4588165283, 42.2147140503, -4.01746702194, -110.706062317, -10.6087226868, -48.6270637512, -10.9271278381, -4.08553409576, -9.72624397278, 8.34858417511, 36.1166305542, 34.7112312317, 112.490974426]],
        "icov": [[0.000365640036762, -0.000232965088799, 0.000713510613423, -0.000251456571277, 1.66241843544e-05, -0.00017285523063, 0.000735127017833, -0.000416641414631, 0.000577127852011, 0.000122665136587, 0.00034252658952, -0.000110903238237, 2.63762194663e-05], [-0.000232965088799, 0.00619190558791, -0.00315748830326, 0.00364707526751, -0.00476009771228, 0.00240981369279, -0.0048471908085, 0.00616240082309, -0.00547511596233, 0.00720917806029, -0.00218574749306, 0.00202384637669, 0.000431824941188], [0.000713510613423, -0.00315748830326, 0.00343557470478, -0.00302246049978, 0.00197476171888, -0.00119812355842, 0.00307901808992, -0.00326979113743, 0.00328830862418, -0.00236324151047, 0.000421936274506, -0.000757341622375, -0.000845116330311], [-0.000251456571277, 0.00364707526751, -0.00302246049978, 0.00630162423477, -0.00326078012586, 3.75930430891e-05, -0.00177025853191, 0.00365471327677, -0.0041795829311, 0.0035149382893, 0.00206453818828, -0.000469904829515, 0.00310814683326], [1.66241843544e-05, -0.00476009771228, 0.00197476171888, -0.00326078012586, 0.00885085016489, -0.00197493797168, 0.00123155373149, -0.00406523281708, 0.00210601021536, -0.00507124466822, 0.000848138704896, 0.00197573262267, -0.00171303958632], [-0.00017285523063, 0.00240981369279, -0.00119812355842, 3.75930430891e-05, -0.00197493797168, 0.00573739828542, -0.00386848067865, -0.000682525685988, 0.000272294215392, -0.00120753748342, 0.00248134694993, 0.000542803667486, 3.16079858749e-05], [0.000735127017833, -0.0048471908085, 0.00307901808992, -0.00177025853191, 0.00123155373149, -0.00386848067865, 0.013577378355, -0.00638447003439, 0.0032094612252, -0.0029699022416, -0.000433112174505, -0.00321860122494, 0.00177560548764], [-0.000416641414631, 0.00616240082309, -0.00326979113743, 0.00365471327677, -0.00406523281708, -0.000682525685988, -0.00638447003439, 0.0163898281753, -0.0073600448668, 0.007506350521, -0.00396514497697, 0.00553687568754, -0.00140731432475], [0.000577127852011, -0.00547511596233, 0.00328830862418, -0.0041795829311, 0.00210601021536, 0.000272294215392, 0.0032094612252, -0.0073600448668, 0.0187081228942, -0.0147979529575, 0.00682009849697, -0.00669211987406, 0.00134652550332], [0.000122665136587, 0.00720917806029, -0.00236324151047, 0.0035149382893, -0.00507124466822, -0.00120753748342, -0.0029699022416, 0.007506350521, -0.0147979529575, 0.0276166666299, -0.0128745511174, 0.00539397262037, -0.00113530212548], [0.00034252658952, -0.00218574749306, 0.000421936274506, 0.00206453818828, 0.000848138704896, 0.00248134694993, -0.000433112174505, -0.00396514497697, 0.00682009849697, -0.0128745511174, 0.0181034095585, -0.00435628229752, 0.00111000880133], [-0.000110903238237, 0.00202384637669, -0.000757341622375, -0.000469904829515, 0.00197573262267, 0.000542803667486, -0.00321860122494, 0.00553687568754, -0.00669211987406, 0.00539397262037, -0.00435628229752, 0.0166236367077, -0.00571394758299], [2.63762194663e-05, 0.000431824941188, -0.000845116330311, 0.00310814683326, -0.00171303958632, 3.16079858749e-05, 0.00177560548764, -0.00140731432475, 0.00134652550332, -0.00113530212548, 0.00111000880133, -0.00571394758299, 0.0133524695411]]
    },
    "melbands": {
        "max": [0.00477527128533, 0.0113036502153, 0.00291950418614, 0.00774059304968, 0.00795850995928, 0.0127794696018, 0.00961014162749, 0.00722317630425, 0.00264732167125, 0.00476953573525, 0.00388700328767, 0.00357805541717, 0.00172650907189, 0.00179235893302, 0.00134901271667, 0.00170569529291, 0.00314699998125, 0.0021708838176, 0.000785677751992, 0.000811059086118, 0.000746605626773, 0.000365973857697, 0.000735898793209, 0.000352250994183, 0.000237221087446, 0.000249110365985, 0.000109221873572, 9.78250682238e-05, 0.000192288716789, 7.81415365054e-05, 9.01042003534e-05, 4.03315134463e-05, 3.61081765732e-05, 1.59441024152e-05, 2.24253271881e-05, 1.29974869196e-05, 1.51951608132e-05, 2.18509121623e-05, 6.58297381051e-08, 4.64463889571e-09],
        "mean": [8.08886179584e-05, 0.000224809642532, 0.000221147274715, 0.000507277669385, 0.000778563029598, 0.00075956073124, 0.000689841399435, 0.000372755952412, 0.000221259717364, 0.000205079209991, 0.000220477348194, 0.000232434613281, 0.000154387627845, 0.000109861663077, 9.66920197243e-05, 9.50545363594e-05, 8.42499430291e-05, 0.000135319438414, 4.7490648285e-05, 6.0428686993e-05, 3.3944779716e-05, 2.86154972855e-05, 4.46738304163e-05, 1.77387009899e-05, 1.32029726956e-05, 2.33422888414e-05, 8.28515112516e-06, 7.59853310228e-06, 8.58205112308e-06, 2.97218366541e-06, 4.07165407523e-06, 1.76869230017e-06, 2.38193752011e-06, 1.15236889542e-06, 1.24168229831e-06, 7.99340853064e-07, 1.01923001239e-06, 1.09344466637e-06, 7.47054640371e-10, 1.58028451436e-11],
        "min": [8.65756675239e-08, 1.31713292717e-07, 8.25270731752e-08, 3.21049178353e-08, 6.19818774084e-09, 2.49459901625e-08, 3.08075236433e-08, 4.60234872435e-09, 2.32484498319e-09, 1.3363219864e-08, 1.50028238721e-08, 8.00170774085e-09, 1.03348729574e-09, 1.61149393829e-09, 1.68194824735e-09, 8.49471104569e-10, 4.25403356985e-09, 4.61469484847e-09, 9.84253012426e-10, 1.18255705228e-09, 6.41143693692e-10, 1.18057108534e-09, 1.23280163855e-09, 1.23155174947e-09, 1.178627973e-09, 1.2250023218e-09, 1.31038169204e-09, 1.11065190378e-09, 9.23570830924e-10, 1.41090958361e-10, 3.70195584257e-12, 1.69995994278e-12, 1.478545693e-12, 6.84945047728e-13, 7.72983455022e-10, 4.65795790827e-10, 5.84383985647e-10, 8.9296584016e-11, 1.38449093769e-13, 7.01013140765e-14],
        "stdev": [0.000290181167657, 0.000689317646902, 0.000321909639752, 0.000837965053506, 0.00113283190876, 0.00126833969261, 0.00128952215891, 0.000707500730641, 0.000328674039338, 0.00042721797945, 0.000445097626653, 0.000466973986477, 0.000231864949455, 0.000174333123141, 0.000159897695994, 0.00019581001834, 0.000233864659094, 0.000285832938971, 8.20523855509e-05, 9.44563144003e-05, 6.43616076559e-05, 4.97638102388e-05, 7.96362728579e-05, 3.61006350431e-05, 2.30300611292e-05, 3.73196853616e-05, 1.45942376548e-05, 1.26301756609e-05, 1.83375286724e-05, 6.79327422404e-06, 9.19501599128e-06, 3.56460782314e-06, 5.01990734847e-06, 1.98450288735e-06, 2.46981085184e-06, 1.41909367812e-06, 1.99738838091e-06, 2.96730650007e-06, 3.6658169833e-09, 1.6087889354e-10]
    },
    "melbands128": {
        "max": [5.74412879359e-05, 0.000933729519602, 0.00621477980167, 0.0147990267724, 0.0168610755354, 0.00583882723004, 0.0051222955808, 0.00372487283312, 0.00978065282106, 0.00812632124871, 0.0156188709661, 0.0156021118164, 0.0127312075347, 0.0124878054485, 0.0153117561713, 0.0292436573654, 0.0237488374114, 0.0176088772714, 0.00828901026398, 0.014701786451, 0.00627279421315, 0.00598196126521, 0.00331042311154, 0.00820043124259, 0.00785082578659, 0.0110066756606, 0.0108072385192, 0.00653634034097, 0.010390304029, 0.00867626536638, 0.00331545737572, 0.00115626666229, 0.00253101019189, 0.00407438538969, 0.00332404230721, 0.00355474278331, 0.00331976264715, 0.00144301110413, 0.00403606472537, 0.00418662512675, 0.00226109009236, 0.00154936139006, 0.00522070052102, 0.00335035589524, 0.00284348591231, 0.0048860698007, 0.00329476152547, 0.000721435586456, 0.00155178678688, 0.000940898549743, 0.00133816420566, 0.00155673827976, 0.000692544970661, 0.00181032868568, 0.00103129423223, 0.000221035516006, 0.00121917307843, 0.00187924969941, 0.000531391357072, 0.000663083686959, 0.000627400761005, 0.000357172102667, 0.000607072084676, 0.00034511773265, 0.000248637486948, 0.000514301296789, 0.000690368702635, 0.000339886290021, 0.000161027215654, 0.000232973092352, 0.000251287186984, 0.000174027387402, 0.000381049001589, 0.000310692092171, 0.00016100105131, 9.64576684055e-05, 0.000109258493467, 7.02765828464e-05, 0.000152990498464, 0.000199373011128, 5.77850623813e-05, 4.88443220092e-05, 3.39174257533e-05, 8.15388557385e-05, 5.33953498234e-05, 2.95994395856e-05, 2.32241909544e-05, 2.45364080911e-05, 5.56284285267e-05, 1.80538299901e-05, 1.74889537448e-05, 2.11472233786e-05, 3.33277239406e-05, 3.12364572892e-05, 1.93052856048e-05, 4.22971752414e-05, 3.18921447615e-05, 1.66261983736e-07, 1.23322436707e-08, 4.92378093853e-09, 4.77793804521e-09, 4.6138377563e-09, 4.47068515541e-09, 4.32619229329e-09, 4.1693839492e-09, 4.02632860386e-09, 3.92897891999e-09, 3.79477915757e-09, 3.64808294684e-09, 9.17089693075e-09, 7.30216882516e-08, 1.59769264485e-08, 3.10427927808e-09, 3.06851233312e-09, 2.97966895602e-09, 2.89104473694e-09, 2.80202461234e-09, 2.7303184158e-09, 2.65386645992e-09, 2.59102939104e-09, 2.54260168475e-09, 2.48820697379e-09, 2.43954456636e-09, 2.39714981198e-09, 2.36974861956e-09, 2.34166841473e-09, 2.32488961416e-09, 2.31256991334e-09],
        "mean": [2.14990154745e-06, 1.62762753462e-05, 9.57451629802e-05, 0.000235835483181, 0.000251632736763, 0.000210901504033, 0.000182156727533, 0.000188921010704, 0.000316776044201, 0.000468994578114, 0.000639991427306, 0.000842427893076, 0.000816612620838, 0.000657603319269, 0.000939356861636, 0.00064129504608, 0.000741800293326, 0.000882840948179, 0.000333891366608, 0.000440076080849, 0.000339255959261, 0.000278341962257, 0.000221435941057, 0.000132434084662, 0.000231180354604, 0.000212956103496, 0.000192349485587, 0.000168463186128, 0.000253256061114, 0.000465474440716, 0.000107893349195, 3.76132811652e-05, 0.000181942494237, 0.00025584443938, 6.38818601146e-05, 0.000118865616969, 8.41670844238e-05, 5.8348839957e-05, 0.000143677694723, 0.000121677279822, 8.80421939655e-05, 3.79210068786e-05, 0.000117388692161, 8.27324693091e-05, 4.87375436933e-05, 0.000234227787587, 0.000126084807562, 1.76268258656e-05, 2.65457219939e-05, 4.15813556174e-05, 8.38773048599e-05, 6.037528874e-05, 2.25164767471e-05, 3.93452828575e-05, 2.01176972041e-05, 7.55171322453e-06, 4.92174076498e-05, 7.48146921978e-05, 2.78896150121e-05, 2.38293068833e-05, 1.67618036357e-05, 1.20557524497e-05, 1.77413439815e-05, 1.17190038509e-05, 8.45246358949e-06, 3.31331211783e-05, 2.68059575319e-05, 8.39612039272e-06, 4.44891156803e-06, 6.57435566609e-06, 6.71173620503e-06, 7.91031652625e-06, 1.19037167678e-05, 8.44589612825e-06, 5.34753735337e-06, 3.05556704916e-06, 2.04400976145e-06, 1.87530497442e-06, 6.32915725873e-06, 4.00535964218e-06, 1.49088054968e-06, 1.1165224123e-06, 1.16763817459e-06, 3.17260287375e-06, 2.94195729111e-06, 1.03418142317e-06, 5.07900210778e-07, 1.06956065338e-06, 2.07332732316e-06, 5.72254066356e-07, 4.58249189705e-07, 9.24834409943e-07, 1.33784919853e-06, 6.54688676605e-07, 8.29342582165e-07, 2.27876580539e-06, 8.45376177949e-07, 1.45342915481e-09, 1.49208145839e-10, 2.6904766609e-11, 1.66955008846e-11, 1.44918434891e-11, 1.37384426752e-11, 1.32674695882e-11, 1.33571547919e-11, 1.27060367436e-11, 1.20622010644e-11, 1.16195187153e-11, 1.12480233461e-11, 1.25184695943e-10, 2.31811170259e-09, 5.10889275329e-10, 4.49770810873e-11, 1.10965993338e-11, 8.47852864305e-12, 8.23366635289e-12, 7.89953866209e-12, 7.5546522163e-12, 7.32847810214e-12, 7.10690577568e-12, 7.06992927743e-12, 6.86203351086e-12, 6.65832536675e-12, 6.53367767875e-12, 6.42523100697e-12, 6.31899914338e-12, 6.2491396606e-12, 6.21246890736e-12],
        "min": [6.23605833638e-10, 4.00081212604e-08, 4.62266562806e-08, 1.24310055583e-08, 2.12256310306e-08, 2.43926812082e-09, 5.15928144651e-09, 2.62237742632e-09, 1.93918285873e-08, 1.58345514478e-08, 2.12148743017e-09, 7.57757501191e-09, 2.17948570302e-09, 7.56846141314e-09, 1.20694156891e-08, 2.37289796701e-08, 3.80926543642e-08, 7.78686981562e-09, 1.9386878769e-09, 3.94012023008e-09, 4.85778439696e-09, 8.7576346175e-10, 1.43900114047e-09, 8.38270008963e-10, 9.19496423446e-10, 2.88231438716e-09, 6.14754203099e-09, 6.0564158133e-09, 5.42694289507e-09, 1.48031054081e-09, 1.51628742895e-09, 4.95576968351e-10, 1.08377196106e-09, 3.92774507363e-10, 5.48111278587e-10, 1.79540393663e-09, 2.44847808695e-09, 6.32319752114e-10, 4.23611701272e-10, 4.8815312903e-10, 3.63995777963e-10, 4.82792361645e-10, 3.05704794812e-10, 8.35494284868e-10, 3.18227832974e-10, 7.97142296616e-10, 4.00141891843e-10, 1.40386771652e-10, 3.99358851544e-10, 5.87851212153e-10, 6.00723304434e-10, 7.93152765688e-10, 2.70606315134e-10, 3.26743160306e-10, 7.2821304542e-10, 3.35034722188e-10, 2.57727117425e-10, 2.61929838929e-10, 1.01136654607e-10, 2.05440525702e-10, 2.20009413465e-10, 3.98074961883e-10, 1.12217471426e-10, 2.91343393855e-10, 5.56446000388e-10, 8.2383072586e-10, 6.58431142941e-10, 5.61452495607e-10, 4.41314693123e-11, 5.88677606661e-10, 5.5479121297e-10, 8.05327970976e-10, 3.28430393992e-10, 4.52814591378e-10, 9.49438930253e-11, 8.46122824583e-12, 4.03597424578e-12, 2.10868735667e-12, 1.06552050169e-12, 2.02258587483e-12, 1.05665573947e-12, 8.23446237412e-13, 1.6162259248e-12, 2.20457397997e-12, 5.57272381452e-13, 5.35717412271e-13, 3.70657199595e-13, 1.26561586732e-12, 4.13935248925e-12, 3.19112014591e-10, 3.97998266288e-11, 6.60259520668e-12, 3.76667924282e-12, 5.7639526832e-12, 7.3229590794e-12, 1.02298447491e-11, 2.27632067926e-13, 8.21343860979e-14, 6.44006400399e-14, 5.16657605641e-14, 6.08251174579e-14, 4.7651000577e-14, 4.80953371205e-14, 3.71941823315e-14, 2.0211993361e-14, 5.46834103064e-14, 5.02054351055e-14, 4.57489779295e-14, 4.18452605737e-14, 4.35096938675e-14, 4.36564474079e-14, 6.04285163032e-14, 5.54260616895e-14, 4.30455265887e-14, 3.53480672467e-14, 4.7363602298e-14, 3.29340775571e-14, 3.44966060112e-14, 4.21208546015e-14, 3.91286734459e-14, 4.34167743532e-14, 4.27167829375e-14, 3.89103219046e-14, 2.90077240928e-14, 2.8151809158e-14, 1.09053526843e-14, 1.03664010783e-15, 6.6235309645e-17],
        "stdev": [3.91789899368e-06, 5.24822207808e-05, 0.000369193061488, 0.000962989928667, 0.000969271233771, 0.000511496036779, 0.000347848981619, 0.000297172140563, 0.00067524361657, 0.000814824481495, 0.00159745349083, 0.00153799785767, 0.00153936306015, 0.00115397199988, 0.00186305923853, 0.00189311045688, 0.00180728349369, 0.0019783298485, 0.000714775174856, 0.00114387238864, 0.000729727791622, 0.000523741764482, 0.0004170415923, 0.000430398678873, 0.000548600801267, 0.00067923264578, 0.000717195740435, 0.000529681448825, 0.000740010524169, 0.00103397644125, 0.000250857556239, 9.8425152828e-05, 0.000329048198182, 0.000426562444773, 0.000173493899638, 0.000307247159071, 0.000219242690946, 0.000131635664729, 0.000361431855708, 0.000371835485566, 0.000224839779548, 0.000103158366983, 0.00041059742216, 0.000267036084551, 0.000194829015527, 0.000581614149269, 0.000311966461595, 5.90676099819e-05, 9.31037793634e-05, 9.94385409285e-05, 0.000154379682499, 0.00014108751202, 6.11289142398e-05, 0.000125476683024, 6.74497932778e-05, 2.01636485144e-05, 0.000128326399135, 0.000187024168554, 6.2530489231e-05, 6.63723549224e-05, 5.93866207055e-05, 2.62510202447e-05, 4.02023251809e-05, 3.53119794454e-05, 2.11494771065e-05, 6.52245507808e-05, 6.21679209871e-05, 2.76579357887e-05, 1.25811375256e-05, 1.90842783923e-05, 2.0200108338e-05, 1.74517736014e-05, 3.18711427099e-05, 2.74334288406e-05, 1.72711334017e-05, 8.9409904831e-06, 8.27541589388e-06, 5.96077870796e-06, 1.69055510923e-05, 1.26923214339e-05, 4.73657973998e-06, 3.41537634085e-06, 3.34301512339e-06, 8.96587698662e-06, 7.01428052707e-06, 2.89866238745e-06, 1.60494926149e-06, 2.69614292847e-06, 5.06871037942e-06, 1.5246764633e-06, 1.29636316615e-06, 2.12079612538e-06, 3.64260154129e-06, 2.14062788473e-06, 2.23293386625e-06, 6.21292747383e-06, 3.44747195413e-06, 8.61226912008e-09, 6.57097154466e-10, 1.87092216719e-10, 1.65702673804e-10, 1.59856808346e-10, 1.54952703446e-10, 1.49932760651e-10, 1.44528847223e-10, 1.39436517888e-10, 1.3525797149e-10, 1.30708499579e-10, 1.26080590412e-10, 6.16115047869e-10, 7.72896324719e-09, 1.45269429819e-09, 1.53968240935e-10, 1.05685238339e-10, 1.01923983142e-10, 9.89151607844e-11, 9.60123300309e-11, 9.3486107744e-11, 9.08919814413e-11, 8.87193790655e-11, 8.69697230899e-11, 8.51201747976e-11, 8.3456908051e-11, 8.20737783291e-11, 8.10275874175e-11, 8.01237201586e-11, 7.95088578309e-11, 7.90835591458e-11]
    },
    "mfcc": {
        "mean": [-696.98449707, 156.466079712, -46.4786872864, 31.2448558807, -30.8713970184, 7.18304729462, -29.6959037781, 9.63461685181, -34.5864372253, 14.7078704834, -26.5337371826, 7.96350908279, -12.8364591599],
        "cov": [[10207.6796875, -1392.2199707, -3217.36669922, -294.876373291, -1129.83837891, 446.111968994, -958.806274414, 549.263549805, -327.896484375, -5.83456897736, -457.14642334, 418.806304932, -457.419921875], [-1392.2199707, 1592.17321777, 349.441619873, -45.46434021, 242.856964111, -464.419342041, 257.105102539, -286.219787598, -101.452659607, -94.6635513306, -6.76266241074, -230.467346191, 195.998794556], [-3217.36669922, 349.441619873, 1689.41467285, 374.963165283, 391.383117676, 92.8374176025, 209.933441162, -44.3096542358, 211.926010132, -108.011505127, 163.625305176, -129.404281616, 73.904510498], [-294.876373291, -45.46434021, 374.963165283, 370.379211426, 121.705566406, 128.059906006, -46.7439575195, 50.6052780151, 90.7718582153, -68.0436401367, 50.0546646118, 14.5618572235, 19.8409729004], [-1129.83837891, 242.856964111, 391.383117676, 121.705566406, 431.250671387, 17.8447399139, 225.520202637, -26.9699802399, 76.7511520386, 136.016311646, 10.9021711349, -19.7553062439, 41.1324653625], [446.111968994, -464.419342041, 92.8374176025, 128.059906006, 17.8447399139, 424.75668335, -64.2123260498, 164.717910767, 168.404174805, -7.67327833176, 76.0185623169, 98.5991516113, -66.9617385864], [-958.806274414, 257.105102539, 209.933441162, -46.7439575195, 225.520202637, -64.2123260498, 357.219146729, -16.6288948059, -1.8828690052, 148.540237427, -2.0507068634, -35.470790863, 33.7162361145], [549.263549805, -286.219787598, -44.3096542358, 50.6052780151, -26.9699802399, 164.717910767, -16.6288948059, 210.842498779, 85.5285568237, 19.2004318237, 8.19153213501, 55.3321990967, -55.0201835632], [-327.896484375, -101.452659607, 211.926010132, 90.7718582153, 76.7511520386, 168.404174805, -1.8828690052, 85.5285568237, 210.683456421, -8.02013206482, 71.4523010254, 22.1273803711, 3.3665728569], [-5.83456897736, -94.6635513306, -108.011505127, -68.0436401367, 136.016311646, -7.67327833176, 148.540237427, 19.2004318237, -8.02013206482, 265.918884277, -24.0577926636, 26.018415451, -28.2132949829], [-457.14642334, -6.76266241074, 163.625305176, 50.0546646118, 10.9021711349, 76.0185623169, -2.0507068634, 8.19153213501, 71.4523010254, -24.0577926636, 183.397018433, 29.7475147247, 20.1466789246], [418.806304932, -230.467346191, -129.404281616, 14.5618572235, -19.7553062439, 98.5991516113, -35.470790863, 55.3321990967, 22.1273803711, 26.018415451, 29.7475147247, 160.902084351, -6.97470331192], [-457.419921875, 195.998794556, 73.904510498, 19.8409729004, 41.1324653625, -66.9617385864, 33.7162361145, -55.0201835632, 3.3665728569, -28.2132949829, 20.1466789246, -6.97470331192, 133.437316895]],
        "icov": [[0.00126220320817, -0.00115886249114, 0.00174327101558, -0.00103423406836, 0.00145889434498, -0.00199242495, 0.00187523232307, -0.00212510768324, 0.00142178568058, -0.00110871752258, 0.00198664166965, -0.0012115688296, 0.00178407155909], [-0.00115886249114, 0.00273989560083, -0.00139770680107, 0.00103072845377, -0.00234261108562, 0.00309498887509, -0.00257188547403, 0.00255852844566, -0.00153002259322, 0.00246245646849, -0.00228945817798, 0.00222499552183, -0.00237489817664], [0.00174327101558, -0.00139770680107, 0.00374514027499, -0.00232521141879, 0.00127728423104, -0.00259587564506, 0.00166691641789, -0.00239576841705, 0.00120862503536, -0.000441256037448, 0.00200155493803, -0.000724685785826, 0.00273109599948], [-0.00103423406836, 0.00103072845377, -0.00232521141879, 0.00588450022042, -0.00328849465586, 0.000995422364213, 0.000389380351407, 0.000256625615293, -0.00037883935147, 0.00188393006101, -0.00175177166238, 0.000716187758371, -0.00241601304151], [0.00145889434498, -0.00234261108562, 0.00127728423104, -0.00328849465586, 0.00838758051395, -0.00328945112415, 6.17732439423e-05, -0.000860696251038, -4.95241001772e-05, -0.00471007172018, 0.00377760245465, -0.00231898459606, 0.00193063076586], [-0.00199242495, 0.00309498887509, -0.00259587564506, 0.000995422364213, -0.00328945112415, 0.00945449341089, -0.00320231309161, 0.00197912426665, -0.00512483390048, 0.00311306025833, -0.0042431326583, 0.000789658399299, -0.0012332565384], [0.00187523232307, -0.00257188547403, 0.00166691641789, 0.000389380351407, 6.17732439423e-05, -0.00320231309161, 0.00948505382985, -0.00520444335416, 0.00361370365135, -0.00446586776525, 0.00275124632753, -0.00162634754088, 0.00152040878311], [-0.00212510768324, 0.00255852844566, -0.00239576841705, 0.000256625615293, -0.000860696251038, 0.00197912426665, -0.00520444335416, 0.0126911634579, -0.00553379347548, 0.00184729427565, -0.00222150585614, 0.0012448731577, -0.00101702765096], [0.00142178568058, -0.00153002259322, 0.00120862503536, -0.00037883935147, -4.95241001772e-05, -0.00512483390048, 0.00361370365135, -0.00553379347548, 0.0114370379597, -0.00143077108078, 0.000347618304659, -0.000453772139736, 8.95487028174e-05], [-0.00110871752258, 0.00246245646849, -0.000441256037448, 0.00188393006101, -0.00471007172018, 0.00311306025833, -0.00446586776525, 0.00184729427565, -0.00143077108078, 0.0094286641106, -0.00226815766655, 0.000867588329129, -0.000131711174618], [0.00198664166965, -0.00228945817798, 0.00200155493803, -0.00175177166238, 0.00377760245465, -0.0042431326583, 0.00275124632753, -0.00222150585614, 0.000347618304659, -0.00226815766655, 0.0106265377253, -0.00380096281879, 0.00212857988663], [-0.0012115688296, 0.00222499552183, -0.000724685785826, 0.000716187758371, -0.00231898459606, 0.000789658399299, -0.00162634754088, 0.0012448731577, -0.000453772139736, 0.000867588329129, -0.00380096281879, 0.0108145605773, -0.00375715154223], [0.00178407155909, -0.00237489817664, 0.00273109599948, -0.00241601304151, 0.00193063076586, -0.0012332565384, 0.00152040878311, -0.00101702765096, 8.95487028174e-05, -0.000131711174618, 0.00212857988663, -0.00375715154223, 0.0133794983849]]
    },
    "spectral_contrast_coeffs": {
        "max": [-0.294799864292, -0.324365496635, -0.330862373114, -0.415303498507, -0.473981797695, -0.408933013678],
        "mean": [-0.614236176014, -0.696090996265, -0.685462296009, -0.695938408375, -0.700256228447, -0.598682045937],
        "min": [-0.932466626167, -0.939209520817, -0.906643152237, -0.911219239235, -0.907156825066, -0.955595672131],
        "stdev": [0.135816052556, 0.0993008539081, 0.0986240059137, 0.0962123349309, 0.0980886369944, 0.0816336944699]
    },
    "spectral_contrast_valleys": {
        "max": [-5.76045560837, -4.94729375839, -5.99523210526, -5.90912246704, -6.30209636688, -10.7711639404],
        "mean": [-7.93636751175, -6.9063873291, -7.96250104904, -8.46338653564, -8.64486694336, -13.6491641998],
        "min": [-10.5931339264, -11.1435556412, -11.6929101944, -11.7796115875, -11.5360517502, -16.05235672],
        "stdev": [1.00448918343, 1.19237565994, 1.07729518414, 1.08948159218, 0.951090276241, 0.899396538734]
    }
},
"rhythm": {
    "beats_count": 47,
    "beats_loudness": {
        "max": 0.0454690642655,
        "mean": 0.0266619380563,
        "min": 0.000540488224942,
        "stdev": 0.0116192670539
    },
    "bpm": 82.1825637817,
    "bpm_histogram_first_peak_bpm": 81,
    "bpm_histogram_first_peak_weight": 0.461538493633,
    "bpm_histogram_second_peak_bpm": 96,
    "bpm_histogram_second_peak_spread": 0,
    "bpm_histogram_second_peak_weight": 0.108695648611,
    "danceability": 0.947184205055,
    "onset_rate": 1.66113269329,
    "beats_loudness_band_ratio": {
        "max": [0.876206696033, 0.896000802517, 0.708587765694, 0.575209319592, 0.511039316654, 0.337411850691],
        "mean": [0.110191717744, 0.276264727116, 0.26163354516, 0.206713184714, 0.136878982186, 0.0526231788099],
        "min": [0.00016961437359, 0.000443727796664, 0.0243636723608, 0.00939379353076, 0.000514507875778, 0.000533311860636],
        "stdev": [0.19455088675, 0.234688639641, 0.178500279784, 0.157393351197, 0.136011764407, 0.0661807954311]
    },
    "beats_position": [0.487619042397, 0.99845802784, 1.50929701328, 2.02013611794, 2.51936507225, 3.03020405769, 3.52943301201, 4.04027223587, 4.66721057892, 5.2941493988, 5.92108821869, 6.54802703857, 7.17496585846, 7.91800451279, 8.63782310486, 9.33442115784, 10.0426301956, 10.7508392334, 11.4474372864, 12.144036293, 12.8290243149, 13.5836734772, 14.3267116547, 15.0349206924, 15.7431287766, 16.4513378143, 17.1479358673, 17.8329238892, 18.5179138184, 19.2029018402, 19.9459400177, 20.6889801025, 21.43201828, 22.1866664886, 22.9413146973, 23.6959629059, 24.4390010834, 25.1936511993, 25.9366893768, 26.6797275543, 27.4111557007, 28.1309738159, 28.8391838074, 29.5590019226, 30.2672100067, 30.9754180908, 31.6952381134],
