{
"metadata": {
    "version": {
        "essentia": "2.1-beta5",
        "essentia_git_sha": "Undefined",
        "extractor": "music 2.0"
    },
    "audio_properties": {
        "analysis": {
            "equal_loudness": 0,
            "length": 29.0017242432,
            "sample_rate": 44100,
            "start_time": 0,
            "downmix": "mix"
        },
        "bit_rate": 192000,
        "length": 244.36680603,
        "lossless": 0,
        "number_channels": 1,
        "replay_gain": -17.6880092621,
        "sample_rate": 48000,
        "codec": "mp3",
        "md5_encoded": "47b0032b11e8402d3803ee52588340fb"
    },
    "tags": {
        "file_name": "Italy_Aprite Le Finestre_Franca Raimondi.mp3",
        "encoding": ["Lavf58.29.100"]
    }
},
"lowlevel": {
    "average_loudness": 0.735520720482,
    "barkbands_crest": {
        "max": 25.3716239929,
        "mean": 9.93869304657,
        "min": 2.5728123188,
        "stdev": 4.15095090866
    },
    "barkbands_flatness_db": {
        "max": 0.435363680124,
        "mean": 0.242737963796,
        "min": 0.106953851879,
        "stdev": 0.064669907093
    },
    "barkbands_kurtosis": {
        "max": 85.3116073608,
        "mean": 10.2355823517,
        "min": -1.73403322697,
        "stdev": 10.7471761703
    },
    "barkbands_skewness": {
        "max": 7.66188669205,
        "mean": 1.7470164299,
        "min": -1.14666414261,
        "stdev": 1.52581381798
    },
    "barkbands_spread": {
        "max": 57.1795959473,
        "mean": 8.33835315704,
        "min": 0.771982133389,
        "stdev": 7.21135187149
    },
    "dissonance": {
        "max": 0.500000119209,
        "mean": 0.424853652716,
        "min": 0.166631281376,
        "stdev": 0.0684902369976
    },
    "dynamic_complexity": 7.916431427,
    "erbbands_crest": {
        "max": 28.4322013855,
        "mean": 11.381149292,
        "min": 3.09411907196,
        "stdev": 5.52090740204
    },
    "erbbands_flatness_db": {
        "max": 0.402869820595,
        "mean": 0.25335675478,
        "min": 0.113402910531,
        "stdev": 0.0604439042509
    },
    "erbbands_kurtosis": {
        "max": 43.0365638733,
        "mean": 4.24918270111,
        "min": -1.81100034714,
        "stdev": 5.26261520386
    },
    "erbbands_skewness": {
        "max": 5.67347049713,
        "mean": 1.24381113052,
        "min": -3.46590662003,
        "stdev": 1.19396018982
    },
    "erbbands_spread": {
        "max": 94.7227630615,
        "mean": 20.7321472168,
        "min": 2.36739659309,
        "stdev": 14.0478878021
    },
    "hfc": {
        "max": 66.3092041016,
        "mean": 7.10732746124,
        "min": 0.0196622852236,
        "stdev": 9.94019508362
    },
    "loudness_ebu128": {
        "integrated": -11.4819688797,
        "loudness_range": 5.96751594543,
        "momentary": {
            "max": -5.42209529877,
            "mean": -15.4590826035,
            "min": -33.798828125,
            "stdev": 7.06076478958
        },
        "short_term": {
            "max": -8.69492340088,
            "mean": -12.455124855,
            "min": -18.3798999786,
            "stdev": 1.99684405327
        }
    },
    "melbands_crest": {
        "max": 30.7012405396,
        "mean": 13.1140546799,
        "min": 3.05628108978,
        "stdev": 5.55145645142
    },
    "melbands_flatness_db": {
        "max": 0.513939082623,
        "mean": 0.298597693443,
        "min": 0.112908340991,
        "stdev": 0.0852464064956
    },
    "melbands_kurtosis": {
        "max": 158.095550537,
        "mean": 14.4932060242,
        "min": -1.64616930485,
        "stdev": 17.0815486908
    },
    "melbands_skewness": {
        "max": 8.9752368927,
        "mean": 1.99261975288,
        "min": -1.15755927563,
        "stdev": 1.65054833889
    },
    "melbands_spread": {
        "max": 127.676979065,
        "mean": 12.0373315811,
        "min": 0.912891566753,
        "stdev": 12.9243688583
    },
    "pitch_salience": {
        "max": 0.872694313526,
        "mean": 0.652382135391,
        "min": 0.211790949106,
        "stdev": 0.11446967721
    },
    "silence_rate_20dB": {
        "max": 1,
        "mean": 1,
        "min": 1,
        "stdev": 0
    },
    "silence_rate_30dB": {
        "max": 1,
        "mean": 0.994400024414,
        "min": 0,
        "stdev": 0.074623696506
    },
    "silence_rate_60dB": {
        "max": 1,
        "mean": 0.411199986935,
        "min": 0,
        "stdev": 0.49205109477
    },
    "spectral_centroid": {
        "max": 3552.26904297,
        "mean": 715.140991211,
        "min": 206.454193115,
        "stdev": 503.322021484
    },
    "spectral_complexity": {
        "max": 36,
        "mean": 8.68239974976,
        "min": 0,
        "stdev": 8.59761810303
    },
    "spectral_decrease": {
        "max": -1.57833676684e-11,
        "mean": -3.70174157993e-09,
        "min": -3.44624702109e-08,
        "stdev": 5.52972467815e-09
    },
    "spectral_energy": {
        "max": 0.133212417364,
        "mean": 0.014615864493,
        "min": 6.19913480477e-05,
        "stdev": 0.0216811075807
    },
    "spectral_energyband_high": {
        "max": 0.000430966902059,
        "mean": 1.41629698192e-05,
        "min": 3.72233785129e-07,
        "stdev": 2.68199855782e-05
    },
    "spectral_energyband_low": {
        "max": 0.0256271027029,
        "mean": 0.00173849216662,
        "min": 1.8293991161e-05,
        "stdev": 0.00291817286052
    },
    "spectral_energyband_middle_high": {
        "max": 0.0353958941996,
        "mean": 0.00156390166376,
        "min": 1.4735884406e-06,
        "stdev": 0.00303391227499
    },
    "spectral_energyband_middle_low": {
        "max": 0.131068632007,
        "mean": 0.0120213581249,
        "min": 2.16144107981e-05,
        "stdev": 0.0207216255367
    },
    "spectral_entropy": {
        "max": 7.96454572678,
        "mean": 6.80699300766,
        "min": 4.75355100632,
        "stdev": 0.656380474567
    },
    "spectral_flux": {
        "max": 0.336402803659,
        "mean": 0.0635744780302,
        "min": 0.00322706298903,
        "stdev": 0.0566195137799
    },
    "spectral_kurtosis": {
        "max": 79.9248733521,
        "mean": 12.8506879807,
        "min": -0.020781993866,
        "stdev": 11.21920681
    },
    "spectral_rms": {
        "max": 0.0114001464099,
        "mean": 0.00286928494461,
        "min": 0.000245925533818,
        "stdev": 0.00245491182432
    },
    "spectral_rolloff": {
        "max": 4629.63867188,
        "mean": 753.455749512,
        "min": 86.1328125,
        "stdev": 654.241088867
    },
    "spectral_skewness": {
        "max": 7.06670188904,
        "mean": 2.3908188343,
        "min": -0.350093185902,
        "stdev": 1.04689049721
    },
    "spectral_spread": {
        "max": 10733476,
        "mean": 2631538.25,
        "min": 1049666.875,
        "stdev": 986329.75
    },
    "spectral_strongpeak": {
        "max": 5.86953115463,
        "mean": 0.702732801437,
        "min": 0.00654153665528,
        "stdev": 0.955794990063
    },
    "zerocrossingrate": {
        "max": 0.14013671875,
        "mean": 0.0299695320427,
        "min": 0.0048828125,
        "stdev": 0.018523843959
    },
    "barkbands": {
        "max": [0.00113045424223, 0.0184559263289, 0.0139335021377, 0.0224157553166, 0.125178724527, 0.0781264156103, 0.0991901084781, 0.0543678477407, 0.0435822606087, 0.0581727363169, 0.00406696274877, 0.00434731086716, 0.00427621789277, 0.00430896691978, 0.00266753952019, 0.00339458021335, 0.0012648194097, 0.000820544548333, 0.000625899177976, 0.000352961797034, 0.000246427225647, 7.37923182896e-05, 1.34966294354e-05, 5.14141856911e-06, 2.47836601375e-06, 3.38313981274e-07, 1.3736482174e-07],
        "mean": [2.53046928265e-05, 0.00024298367498, 0.000837802595925, 0.00119700247888, 0.00247874204069, 0.00281615438871, 0.00313043873757, 0.00100274500437, 0.001189005794, 0.000428626401117, 0.000169099395862, 0.000191494240426, 0.000212433646084, 0.00019361237355, 0.000170793646248, 0.0001442557259, 0.000104452978121, 3.95273855247e-05, 2.00879603653e-05, 1.23838444779e-05, 5.55858878215e-06, 2.15438899431e-06, 7.05455647676e-07, 3.81130689675e-07, 1.38587751053e-07, 6.76319977799e-09, 3.97829413856e-09],
        "min": [6.07020878007e-09, 3.31160981659e-06, 1.4614038264e-06, 6.58230590034e-07, 1.82171243068e-06, 7.5224744478e-07, 9.96291873889e-07, 2.83886151919e-07, 2.05854334467e-07, 1.5964008071e-07, 3.88550063235e-08, 4.85618656398e-08, 6.82746730263e-08, 8.6473633587e-08, 8.78181438679e-08, 4.36149854011e-08, 5.69426141794e-08, 6.94272728197e-08, 5.73978269358e-08, 5.58953132668e-08, 4.73820058744e-08, 5.80663659377e-08, 5.81902064312e-08, 6.38567883016e-08, 1.5537901632e-08, 5.84188860481e-12, 5.7547287248e-12],
        "stdev": [8.36753679323e-05, 0.000880113278981, 0.00151615368668, 0.00305452616885, 0.00757691450417, 0.00734055647627, 0.00815463159233, 0.00368095072918, 0.00458133872598, 0.00241498067044, 0.000385160179576, 0.000470932805911, 0.000494392530527, 0.000436230417108, 0.000365865853382, 0.000298812316032, 0.000178269576281, 7.95587984612e-05, 4.49954386568e-05, 2.56198036368e-05, 1.23428153529e-05, 4.18792615164e-06, 1.11900897082e-06, 5.01612930748e-07, 2.34194359905e-07, 2.5160371564e-08, 1.36781137527e-08]
    },
    "erbbands": {
        "max": [0.545646727085, 4.10349798203, 8.72078514099, 56.5559234619, 196.454177856, 574.057556152, 450.89944458, 925.309936523, 1745.828125, 1647.85827637, 1108.87915039, 885.228027344, 2366.19897461, 622.420715332, 176.611679077, 186.37387085, 152.881729126, 159.12109375, 162.037902832, 141.317733765, 187.641571045, 63.0806312561, 43.4396743774, 45.1780471802, 27.6668205261, 14.299826622, 13.6627902985, 5.68839645386, 2.96516084671, 0.778494119644, 0.319018721581, 0.121483311057, 0.073617644608, 0.0395074337721, 0.00834088306874, 0.00215887231752, 0.000550661119632, 0.000126870145323, 7.54658685764e-05, 0.0001476847101],
        "mean": [0.00490761548281, 0.0726822987199, 0.712388396263, 2.95297431946, 6.18716478348, 8.01766777039, 12.8412122726, 26.7505149841, 47.976890564, 30.9015007019, 24.8877792358, 26.3024158478, 17.6698246002, 8.62056922913, 7.34955787659, 7.80042028427, 9.37121677399, 9.99698162079, 9.76837253571, 8.69968318939, 7.49607896805, 5.8795800209, 2.66203165054, 1.29743731022, 0.896964430809, 0.580987989902, 0.298929780722, 0.173585385084, 0.0868061408401, 0.0385194458067, 0.0182207524776, 0.00959903374314, 0.00569403637201, 0.00278627034277, 0.000338049256243, 5.04072013428e-05, 1.61614061653e-05, 4.19387788497e-06, 7.77410605224e-06, 1.65523906617e-05],
        "min": [5.92298965785e-05, 0.000933543720748, 0.00385528896004, 0.00666180206463, 0.00547098554671, 0.00525177409872, 0.00545931840315, 0.00840046256781, 0.0140649564564, 0.00995382107794, 0.00899935048074, 0.00620423536748, 0.00589219201356, 0.00391111243516, 0.00281762890518, 0.00234683882445, 0.00441775936633, 0.00291268108413, 0.00540532777086, 0.0046809874475, 0.00237117870711, 0.00342537858523, 0.00421319017187, 0.00313201360404, 0.00319109135307, 0.00277827377431, 0.0016417466104, 0.00250952411443, 0.00195038889069, 0.00188183982391, 0.00159222597722, 0.00112025905401, 0.000886873574927, 0.000447875092505, 2.11622227653e-05, 9.56638928074e-07, 1.24842003402e-07, 2.37143016335e-08, 3.53874227699e-08, 7.21259567626e-08],
        "stdev": [0.0237428341061, 0.2150580585, 1.14847409725, 6.30559682846, 18.2265739441, 30.3869724274, 38.1287155151, 76.2631607056, 135.464645386, 100.868507385, 86.0599441528, 97.8257369995, 99.2001571655, 28.239282608, 16.2427387238, 18.7816162109, 21.2087974548, 22.1604824066, 21.5614337921, 17.832365036, 14.5295324326, 9.98271942139, 5.00512742996, 2.85965275764, 2.05898475647, 1.16758608818, 0.651416897774, 0.365663051605, 0.172057151794, 0.0684975534678, 0.0280660223216, 0.0131082637236, 0.00731799844652, 0.00397580396384, 0.000936716445722, 0.00016038827016, 4.57574278698e-05, 1.20591976156e-05, 1.20570985018e-05, 2.43437334575e-05]
    },
    "gfcc": {
        "mean": [-178.346786499, 172.968597412, -132.23890686, 36.8917541504, -62.0644950867, -9.38057899475, -39.9752922058, -11.1308488846, -1.0785163641, -19.1131725311, 2.01109242439, -21.1807365417, 5.62679862976],
        "cov": [[8447.78710938, 395.412597656, -2298.03393555, -1754.87207031, 635.819641113, -1161.32055664, 180.48739624, -332.734680176, -33.808631897, -18.6874027252, -335.372833252, 143.114501953, -286.537567139], [395.412597656, 379.690887451, 263.350494385, -240.246368408, 34.2516937256, -210.656845093, -62.8954772949, -30.9723396301, 32.2965621948, -34.2794265747, 7.15494823456, 8.08430671692, -25.7062454224], [-2298.03393555, 263.350494385, 1774.76745605, 456.967987061, -321.107299805, -149.671951294, -308.272827148, 73.7287597656, 24.9682617188, -37.5523033142, 33.0426521301, -24.6467380524, -11.0055093765], [-1754.87207031, -240.246368408, 456.967987061, 774.11920166, -29.3199863434, 138.841842651, -70.963760376, 44.7690887451, 19.3391914368, 7.45829725266, 78.6534576416, -2.64720368385, 93.8420333862], [635.819641113, 34.2516937256, -321.107299805, -29.3199863434, 238.09703064, -49.378326416, 8.18046951294, -35.7009620667, 20.0681419373, -6.08318138123, 14.6026239395, 33.736831665, 18.0051021576], [-1161.32055664, -210.656845093, -149.671951294, 138.841842651, -49.378326416, 627.577148438, 233.150588989, 80.8955154419, -37.8338470459, 39.2303619385, 74.499168396, -33.6648178101, 60.5489463806], [180.48739624, -62.8954772949, -308.272827148, -70.963760376, 8.18046951294, 233.150588989, 241.085922241, 28.2565555573, -38.6154518127, 18.243473053, 13.5888910294, -7.7201833725, 6.28649568558], [-332.734680176, -30.9723396301, 73.7287597656, 44.7690887451, -35.7009620667, 80.8955154419, 28.2565555573, 106.068344116, 35.6752662659, 17.0765838623, -1.64464831352, -21.6147823334, 0.781870543957], [-33.808631897, 32.2965621948, 24.9682617188, 19.3391914368, 20.0681419373, -37.8338470459, -38.6154518127, 35.6752662659, 93.044670105, 32.7976303101, -3.73147034645, -9.67663192749, 2.21143746376], [-18.6874027252, -34.2794265747, -37.5523033142, 7.45829725266, -6.08318138123, 39.2303619385, 18.243473053, 17.0765838623, 32.7976303101, 75.8074417114, 16.2940139771, -18.0782203674, -11.0822572708], [-335.372833252, 7.15494823456, 33.0426521301, 78.6534576416, 14.6026239395, 74.499168396, 13.5888910294, -1.64464831352, -3.73147034645, 16.2940139771, 83.9237976074, 23.2588043213, 24.6727981567], [143.114501953, 8.08430671692, -24.6467380524, -2.64720368385, 33.736831665, -33.6648178101, -7.7201833725, -21.6147823334, -9.67663192749, -18.0782203674, 23.2588043213, 66.0992507935, 22.7795524597], [-286.537567139, -25.7062454224, -11.0055093765, 93.8420333862, 18.0051021576, 60.5489463806, 6.28649568558, 0.781870543957, 2.21143746376, -11.0822572708, 24.6727981567, 22.7795524597, 68.6035614014]],
        "icov": [[0.00154039915651, 0.000364368548617, 0.000745900499169, 0.00172162265517, -0.0021645037923, 0.00280984281562, -0.0024893542286, 0.00111612665933, 0.000400007731514, -0.00164447061252, 0.0029453127645, -0.00259548332542, 0.00216255150735], [0.000364368548617, 0.0184248425066, -0.00704312277958, 0.0104052815586, -0.00837768893689, 0.00641914410517, -0.00930005311966, 0.00602256692946, -0.0110931536183, 0.0102165425196, -0.0133976740763, 0.0113194296136, -0.00655274651945], [0.000745900499169, -0.00704312277958, 0.00455297529697, -0.00369901466183, 0.00369533640333, -0.000783089955803, 0.00363014522009, -0.00249554426409, 0.0044972631149, -0.00394334970042, 0.00590081093833, -0.00602480955422, 0.00477998657152], [0.00172162265517, 0.0104052815586, -0.00369901466183, 0.00955824181437, -0.00734056998044, 0.0059673897922, -0.00699720764533, 0.00393897946924, -0.00517981126904, 0.00334896123968, -0.00525005999953, 0.00474782194942, -0.00430266512558], [-0.0021645037923, -0.00837768893689, 0.00369533640333, -0.00734056998044, 0.0137179801241, -0.00577575759962, 0.00753696868196, -0.00271019851789, 0.00118698878214, -9.02090232557e-06, -0.000256124796579, -0.00301132583991, 0.000344062194927], [0.00280984281562, 0.00641914410517, -0.000783089955803, 0.0059673897922, -0.00577575759962, 0.0108997551724, -0.0102646183223, 0.00204811687581, -0.00134944892488, -0.000287639908493, -0.00168924091849, 0.00182694406249, -0.00133613019716], [-0.0024893542286, -0.00930005311966, 0.00363014522009, -0.00699720764533, 0.00753696868196, -0.0102646183223, 0.0180864781141, -0.00729138124734, 0.00841639004648, -0.00374574237503, 0.00225649168715, -0.00266901426949, 0.000977070536464], [0.00111612665933, 0.00602256692946, -0.00249554426409, 0.00393897946924, -0.00271019851789, 0.00204811687581, -0.00729138124734, 0.018046759069, -0.0114253917709, 0.00372660765424, -0.000851370219607, 0.0029196117539, 0.000803169794381], [0.000400007731514, -0.0110931536183, 0.0044972631149, -0.00517981126904, 0.00118698878214, -0.00134944892488, 0.00841639004648, -0.0114253917709, 0.0273053590208, -0.016643954441, 0.011281684041, -0.0066605200991, 0.000144719946547], [-0.00164447061252, 0.0102165425196, -0.00394334970042, 0.00334896123968, -9.02090232557e-06, -0.000287639908493, -0.00374574237503, 0.00372660765424, -0.016643954441, 0.0297364890575, -0.0183470286429, 0.0138943893835, -0.000371903879568], [0.0029453127645, -0.0133976740763, 0.00590081093833, -0.00525005999953, -0.000256124796579, -0.00168924091849, 0.00225649168715, -0.000851370219607, 0.011281684041, -0.0183470286429, 0.0365871116519, -0.0223942063749, 0.0077208597213], [-0.00259548332542, 0.0113194296136, -0.00602480955422, 0.00474782194942, -0.00301132583991, 0.00182694406249, -0.00266901426949, 0.0029196117539, -0.0066605200991, 0.0138943893835, -0.0223942063749, 0.0367628224194, -0.0163647700101], [0.00216255150735, -0.00655274651945, 0.00477998657152, -0.00430266512558, 0.000344062194927, -0.00133613019716, 0.000977070536464, 0.000803169794381, 0.000144719946547, -0.000371903879568, 0.0077208597213, -0.0163647700101, 0.0313885174692]]
    },
    "melbands": {
        "max": [0.00525783933699, 0.00385470828041, 0.00832959450781, 0.0339659415185, 0.0121925976127, 0.0181256551296, 0.02354051359, 0.0179078541696, 0.0090981349349, 0.00549773871899, 0.0117573086172, 0.00267980946228, 0.000618580786977, 0.000612927367911, 0.000435945286881, 0.000475145468954, 0.000320993858622, 0.000303226406686, 0.00024378253147, 0.000199208850972, 0.000213870429434, 7.53483036533e-05, 5.89229020989e-05, 4.26280530519e-05, 4.05063474318e-05, 2.88655883196e-05, 1.85312856047e-05, 9.56183612288e-06, 9.00565191841e-06, 5.75451895202e-06, 2.66293614004e-06, 1.92010384126e-06, 9.84277107818e-07, 3.72779055624e-07, 2.07077832215e-07, 1.13029948068e-07, 6.35709156427e-08, 5.14732541035e-08, 5.19049692116e-08, 3.5008749677e-08],
        "mean": [5.53560494154e-05, 0.000302556785755, 0.000586521986406, 0.00054414983606, 0.000418521347456, 0.000617523619439, 0.00070115562994, 0.000295675505185, 0.000214420128032, 0.000157923845109, 8.45698014018e-05, 3.4903328924e-05, 2.37995391217e-05, 2.19660450966e-05, 1.9216669898e-05, 2.18900331674e-05, 1.80206425284e-05, 1.61376483447e-05, 1.25942115119e-05, 1.0502000805e-05, 8.43351517688e-06, 6.51459458823e-06, 3.61364550372e-06, 1.61015373124e-06, 9.80882987278e-07, 7.01883664078e-07, 5.52669121134e-07, 3.43426307836e-07, 1.96413793674e-07, 1.35872284091e-07, 8.76790124948e-08, 5.2495703784e-08, 3.09838377177e-08, 1.72661493991e-08, 1.0864672717e-08, 7.48383577331e-09, 5.18879605949e-09, 4.10546840968e-09, 3.31463168024e-09, 1.99237382148e-09],
        "min": [8.9013883553e-07, 2.54291603596e-06, 1.39269604915e-06, 6.07261426921e-07, 2.52938093581e-07, 2.05040407764e-07, 2.42589976551e-07, 1.02042690742e-07, 3.92583245912e-08, 3.14059995787e-08, 3.24926752171e-08, 1.3712363689e-08, 8.10293787623e-09, 5.57405988033e-09, 6.91805901454e-09, 6.0950582359e-09, 4.4943302413e-09, 7.24209003877e-09, 5.30578070368e-09, 4.50206538716e-09, 2.26782015389e-09, 3.42074746307e-09, 2.61456500894e-09, 3.44004025266e-09, 2.09981143584e-09, 1.94354377037e-09, 2.0373349674e-09, 1.36847499999e-09, 1.19843901469e-09, 9.25489351822e-10, 1.09331865783e-09, 9.6116259396e-10, 8.86314299731e-10, 8.6307899716e-10, 5.68828484315e-10, 6.5696570406e-10, 5.5374727026e-10, 5.42246747504e-10, 4.37145958321e-10, 2.71374839267e-10],
        "stdev": [0.000227500553592, 0.000476943270769, 0.00116981274914, 0.00195934763178, 0.00112706900109, 0.00165071175434, 0.00186423968989, 0.00102528987918, 0.000801397603936, 0.000593820237555, 0.000491048325785, 0.000121191565995, 5.35932122148e-05, 5.38435342605e-05, 4.66742785648e-05, 5.19519599038e-05, 4.0910908865e-05, 3.6969086068e-05, 2.69587635557e-05, 2.24689993047e-05, 1.65467135957e-05, 1.1207782336e-05, 6.88990667186e-06, 3.40234009855e-06, 2.32331308325e-06, 1.68339374795e-06, 1.32735033276e-06, 7.02381896645e-07, 4.33716110138e-07, 3.210345767e-07, 1.82348912858e-07, 1.05315699273e-07, 6.19190174689e-08, 3.07358618556e-08, 1.74206338244e-08, 1.09147970662e-08, 7.11338632442e-09, 5.40857536535e-09, 4.4036450042e-09, 3.11320880186e-09]
    },
    "melbands128": {
        "max": [0.00107374228537, 0.00365273398347, 0.00874896906316, 0.00623682374135, 0.00416050758213, 0.00914408266544, 0.0138543955982, 0.0156459435821, 0.0253016408533, 0.0572623685002, 0.0375888384879, 0.0124925384298, 0.0229362845421, 0.0187615677714, 0.0352272465825, 0.0263452045619, 0.0394329205155, 0.0357261486351, 0.0145016508177, 0.0290090423077, 0.0190034881234, 0.0113949459046, 0.0170260798186, 0.0181505475193, 0.0101940194145, 0.0102009819821, 0.00962812174112, 0.021258963272, 0.00517679005861, 0.00443123141304, 0.00268735410646, 0.00097259262111, 0.000826877076179, 0.000670110108331, 0.00118400563952, 0.000615459866822, 0.000807616044767, 0.000639999459963, 0.000693002482876, 0.000631936301943, 0.000692165864166, 0.000757773173973, 0.000467378296889, 0.000702504592482, 0.000679429562297, 0.000421283242758, 0.000421987380832, 0.000473322957987, 0.000256799394265, 0.000271875411272, 0.000265723676421, 0.000407705665566, 0.0002078358375, 0.000262188375928, 0.000130980639369, 0.000124582278659, 0.000129458581796, 0.000101869671198, 6.38853598502e-05, 5.00467940583e-05, 5.80216183153e-05, 4.07702355005e-05, 6.90572414896e-05, 3.35671684297e-05, 4.00571843784e-05, 2.92239783448e-05, 2.67805735348e-05, 2.39111832343e-05, 3.63644103345e-05, 1.67513535416e-05, 9.7701949926e-06, 1.08527401608e-05, 8.06678963272e-06, 1.05363460534e-05, 1.0752795788e-05, 5.93825734541e-06, 9.04022090253e-06, 4.23454139309e-06, 4.59451939605e-06, 2.77934418591e-06, 1.38593725296e-06, 2.40096437665e-06, 1.05947344764e-06, 1.25235578707e-06, 6.20402033746e-07, 4.55622028994e-07, 3.90595062072e-07, 4.22926518695e-07, 1.82252193781e-07, 2.09227891901e-07, 1.96188580048e-07, 1.17697283031e-07, 1.15124109357e-07, 7.64083196714e-08, 7.66801520058e-08, 7.2868431289e-08, 6.72661712997e-08, 7.24397892782e-08, 6.37461781139e-08, 6.07237566896e-08, 4.21167385412e-08, 3.68334944767e-08, 3.71135335797e-08, 1.99868690487e-08, 1.07995283827e-08, 6.17975137729e-09, 7.33694660582e-09, 3.87695786586e-09, 2.32650410048e-09, 2.97071522937e-09, 3.20692161715e-09, 1.33926703061e-09, 1.82173864882e-09, 1.39881861649e-09, 1.11881626186e-09, 1.05912290049e-09, 8.6099305463e-10, 8.51324843953e-10, 8.67884819566e-10, 7.99362298576e-10, 8.80503170375e-10, 8.99674001964e-10, 1.12239650907e-09, 4.73144357027e-10, 3.16223047747e-10, 8.56710119512e-11, 5.50250435494e-11, 4.98798398418e-11],
        "mean": [1.5326511857e-05, 3.2536467188e-05, 6.04227680014e-05, 0.000119836891827, 0.00025379928411, 0.000466740166303, 0.000614128774032, 0.000573135446757, 0.000612452451605, 0.000675031275023, 0.000383878767025, 0.000347757071722, 0.000443132128567, 0.000466351746581, 0.000562761852052, 0.000676134077366, 0.000916341494303, 0.000710936670657, 0.000451495347079, 0.000343792286003, 0.000208257610211, 0.000156309542945, 0.000229094963288, 0.000267099239863, 0.000168548824149, 0.000122601224575, 9.88119936665e-05, 9.55470386543e-05, 5.83840119361e-05, 3.7213532778e-05, 2.77931030723e-05, 2.54574806604e-05, 2.28473527386e-05, 2.33529262914e-05, 2.35986517509e-05, 2.12711802305e-05, 1.97841964109e-05, 1.94646181626e-05, 1.81430659723e-05, 2.04635853152e-05, 2.51540986937e-05, 2.01300317713e-05, 1.73632106453e-05, 1.67608504853e-05, 1.84163254744e-05, 1.61395764735e-05, 1.36284425025e-05, 1.2565868019e-05, 1.2194826013e-05, 1.18787047541e-05, 1.01941086541e-05, 9.50629055296e-06, 8.532456377e-06, 8.2828109953e-06, 7.18730825611e-06, 6.7053138082e-06, 5.7601350818e-06, 4.22396533395e-06, 2.98836289403e-06, 2.00766999114e-06, 1.62031597029e-06, 1.1977400618e-06, 1.08503559204e-06, 9.22488709421e-07, 8.05299350759e-07, 6.93881418101e-07, 6.48558625471e-07, 6.00949533691e-07, 5.58382112104e-07, 4.46098539442e-07, 3.59375832204e-07, 2.90573098027e-07, 2.17987803808e-07, 1.81754970185e-07, 1.68163083458e-07, 1.4027462214e-07, 1.25512272575e-07, 1.01246442341e-07, 8.71810854619e-08, 6.8400780151e-08, 5.59812356471e-08, 4.76055141974e-08, 3.80031721647e-08, 3.07560874546e-08, 2.38775719197e-08, 1.88142017521e-08, 1.53903894073e-08, 1.27407533412e-08, 1.08431708057e-08, 9.45976186273e-09, 8.0217326115e-09, 7.35818117548e-09, 5.76354031168e-09, 5.07586017662e-09, 4.92909624228e-09, 4.37159908273e-09, 3.90150800555e-09, 3.73303388201e-09, 3.38836736447e-09, 3.09595704628e-09, 2.87093815388e-09, 1.97245486611e-09, 6.97868318689e-10, 4.23435952968e-10, 2.01885966278e-10, 1.13689613279e-10, 8.61075100111e-11, 6.94219612352e-11, 5.85305900969e-11, 4.98031234308e-11, 4.70684984044e-11, 3.75239388173e-11, 3.22587546953e-11, 2.94319187077e-11, 2.73006686702e-11, 2.45515396208e-11, 2.26288206923e-11, 2.30072783741e-11, 2.29002858343e-11, 2.11673786138e-11, 2.21923607963e-11, 2.13143131617e-11, 1.91774339464e-11, 1.25537523085e-11, 5.97634745511e-12, 2.50825640639e-12, 1.95484253784e-12, 1.89176604069e-12],
        "min": [2.15430029371e-09, 5.66105455846e-08, 3.17774947689e-07, 2.55065685906e-07, 1.18167662322e-07, 8.82221286247e-07, 1.72890125327e-07, 1.97960744686e-07, 1.11548175141e-07, 3.02179444134e-07, 1.3200696003e-07, 5.58803137096e-08, 9.32514581109e-08, 8.89077398369e-08, 6.28745056019e-08, 1.31542501336e-08, 1.34283638431e-07, 6.84155025965e-08, 3.38307657444e-08, 3.38472787575e-08, 1.5782267937e-08, 1.9367295323e-08, 1.3494410922e-08, 7.85981502105e-09, 1.75484320408e-08, 1.72404313048e-08, 8.1111624084e-09, 1.07179385367e-08, 8.18134271441e-09, 2.77198486387e-09, 6.38259134433e-09, 8.11820743962e-09, 1.08589004455e-09, 5.94582472146e-09, 3.35452932099e-09, 1.66470426333e-09, 1.83177739643e-09, 2.26880203513e-09, 1.86577553407e-09, 1.19754539618e-09, 7.48514916715e-10, 2.16473772241e-09, 2.44052311693e-09, 1.45554701625e-09, 4.58306592677e-09, 1.43003853204e-09, 3.2384785964e-09, 2.96584312665e-09, 2.22230434055e-09, 2.12116257892e-09, 1.75567060889e-09, 9.64187285568e-10, 6.19741757912e-10, 9.17170672743e-10, 1.33708299987e-09, 2.12204187555e-09, 1.4761787348e-09, 9.60433843566e-10, 1.45386513939e-09, 9.89503479154e-10, 1.39970857127e-09, 6.98451296799e-10, 1.19764542728e-09, 1.2347318723e-09, 5.24686405434e-10, 2.73009503893e-10, 5.81049597326e-10, 1.08417930189e-09, 8.50230663652e-10, 5.83634196527e-10, 6.81144973758e-10, 7.22114146257e-10, 4.73973804649e-10, 7.70091101998e-10, 3.74132946845e-10, 5.77695447035e-10, 5.15413933755e-10, 5.08161235313e-10, 3.10073439147e-10, 3.59247742665e-10, 4.73667716161e-10, 2.54105264608e-10, 5.89391868644e-10, 2.47206810577e-10, 2.56525467535e-10, 2.23553203726e-10, 1.70210956441e-10, 1.37382771825e-10, 1.04344990981e-10, 1.7067650071e-10, 1.75764458543e-10, 3.29575637614e-11, 2.617044359e-10, 8.53481590957e-11, 1.2310184816e-10, 1.44093681431e-10, 5.17169536363e-11, 1.69170399911e-10, 1.5260859243e-10, 1.0600059025e-10, 1.79036743764e-10, 3.67767838752e-12, 8.98506800646e-14, 3.83470754879e-14, 1.27017105126e-14, 1.68063940586e-14, 1.56546681136e-14, 2.12057510494e-14, 2.15318011359e-14, 2.00858870958e-14, 2.06516763055e-14, 2.38052968586e-14, 2.49559741768e-14, 2.156178102e-14, 2.76810689035e-14, 2.30287844864e-14, 2.2016259936e-14, 2.21860544666e-14, 1.83085307575e-14, 1.88866138034e-14, 1.79637510786e-14, 1.9604726642e-14, 1.87947886556e-14, 1.66627067775e-14, 1.45121460286e-14, 5.18986488848e-15, 8.27213488019e-16, 1.47896518628e-17],
        "stdev": [5.75268204557e-05, 0.000184548247489, 0.000340919592418, 0.000391446665162, 0.0004642996646, 0.000905664404854, 0.00145317986608, 0.00162313634064, 0.00198664516211, 0.00327440886758, 0.00179932813626, 0.00109585770406, 0.00171356950887, 0.00163748161867, 0.00229454529472, 0.00228349282406, 0.00322611327283, 0.00235212501138, 0.00150638620835, 0.00162164925132, 0.0010288314661, 0.000664711231366, 0.00109400041401, 0.00143009761814, 0.000757492613047, 0.000658279925119, 0.000563981942832, 0.000790128426161, 0.000315662065987, 0.00017852448218, 0.000102474994492, 6.77418283885e-05, 5.99734012212e-05, 5.897111987e-05, 7.27079677745e-05, 6.07882757322e-05, 5.70698393858e-05, 5.56805971428e-05, 5.10662757733e-05, 5.42385059816e-05, 6.99054289726e-05, 5.51144148631e-05, 4.459181946e-05, 4.49777580798e-05, 4.98636982229e-05, 4.25541402365e-05, 3.56735254172e-05, 3.42696730513e-05, 2.79676751234e-05, 2.95711579383e-05, 2.42465757765e-05, 2.5136714612e-05, 1.93594041775e-05, 1.85763183254e-05, 1.39269423016e-05, 1.3392674191e-05, 1.24679627334e-05, 9.23444622458e-06, 6.72909573041e-06, 4.53009761259e-06, 3.9066167119e-06, 2.7449668778e-06, 3.17097101288e-06, 2.35120569414e-06, 2.1175146685e-06, 1.80553604423e-06, 1.79005667178e-06, 1.70027658442e-06, 1.67731752754e-06, 1.07931271032e-06, 7.94179982222e-07, 6.54618020235e-07, 5.04419574554e-07, 4.49973043715e-07, 4.39553758724e-07, 3.4380678926e-07, 3.54005123882e-07, 2.23640697072e-07, 2.09334018564e-07, 1.48791698962e-07, 1.10516282348e-07, 1.15112264609e-07, 8.00832040682e-08, 6.99656368397e-08, 4.76563997154e-08, 3.53032305611e-08, 2.96043456416e-08, 2.53635121794e-08, 1.77615042674e-08, 1.55321799866e-08, 1.31807018633e-08, 1.15993668004e-08, 8.90579876511e-09, 7.68565211473e-09, 7.29912796871e-09, 6.35326058429e-09, 5.5213638106e-09, 4.96082952495e-09, 5.18768361601e-09, 4.43282921481e-09, 3.84303167067e-09, 3.27019256119e-09, 2.56977972235e-09, 1.70773084562e-09, 8.3199758194e-10, 4.58950433213e-10, 3.6884501009e-10, 2.78263467823e-10, 2.28210852993e-10, 1.9615571667e-10, 1.90369303654e-10, 1.39835185098e-10, 1.19504961482e-10, 1.09372580437e-10, 9.97302726513e-11, 9.05718278155e-11, 8.00552332758e-11, 8.41148123376e-11, 8.35837649094e-11, 7.35420405129e-11, 7.98931615309e-11, 7.81600825728e-11, 7.38735184136e-11, 4.51649100064e-11, 2.21423209629e-11, 6.72522020712e-12, 4.84180143895e-12, 4.67434034188e-12]
    },
    "mfcc": {
        "mean": [-806.142272949, 179.888153076, -2.10944795609, 30.6803741455, 5.35408639908, -4.76877975464, -15.6416435242, -6.37537050247, -2.02987480164, -4.00205469131, -5.50969314575, 1.32371997833, -1.73294067383],
        "cov": [[8995.83691406, 1101.35021973, -3353.34179688, -588.184570312, -680.559875488, -289.721740723, -330.817901611, -168.99319458, -97.3712310791, -160.774002075, -154.463150024, -43.4333076477, -56.2934417725], [1101.35021973, 853.508422852, -50.965927124, -145.521591187, -51.8547782898, -252.442581177, -183.596710205, -95.1700744629, -56.8863792419, -110.715744019, -66.5047531128, 66.3602600098, 28.7285194397], [-3353.34179688, -50.965927124, 1895.76879883, 415.172515869, 233.482116699, -109.981620789, -62.6908531189, -22.5377063751, -11.1733417511, -43.8053512573, 6.30934667587, 70.2236557007, 29.8248214722], [-588.184570312, -145.521591187, 415.172515869, 578.641479492, 208.855865479, -118.08140564, -145.776641846, -65.3642959595, -38.3495903015, -72.4625167847, -62.1113395691, 2.74578404427, 45.7621231079], [-680.559875488, -51.8547782898, 233.482116699, 208.855865479, 261.398040771, -16.7441043854, -68.3460922241, -16.2782115936, -15.1721391678, -16.6542816162, -18.9415054321, -1.67549180984, 38.1108283997], [-289.721740723, -252.442581177, -109.981620789, -118.08140564, -16.7441043854, 256.815887451, 191.031646729, 70.750579834, 29.4580516815, 60.3745918274, 52.9667549133, -20.1064853668, -23.8744506836], [-330.817901611, -183.596710205, -62.6908531189, -145.776641846, -68.3460922241, 191.031646729, 257.164642334, 106.414291382, 17.6439857483, 63.7707214355, 53.2086410522, -25.8673610687, -23.7461166382], [-168.99319458, -95.1700744629, -22.5377063751, -65.3642959595, -16.2782115936, 70.750579834, 106.414291382, 112.099189758, 35.0286102295, 20.8190670013, 19.2986412048, -14.5815649033, -6.32868719101], [-97.3712310791, -56.8863792419, -11.1733417511, -38.3495903015, -15.1721391678, 29.4580516815, 17.6439857483, 35.0286102295, 87.6614379883, 56.4440498352, 21.9669570923, 3.36648702621, -8.16856002808], [-160.774002075, -110.715744019, -43.8053512573, -72.4625167847, -16.6542816162, 60.3745918274, 63.7707214355, 20.8190670013, 56.4440498352, 125.237625122, 65.6011047363, -12.5271234512, -12.3700199127], [-154.463150024, -66.5047531128, 6.30934667587, -62.1113395691, -18.9415054321, 52.9667549133, 53.2086410522, 19.2986412048, 21.9669570923, 65.6011047363, 86.3347015381, 16.0601425171, -14.1806144714], [-43.4333076477, 66.3602600098, 70.2236557007, 2.74578404427, -1.67549180984, -20.1064853668, -25.8673610687, -14.5815649033, 3.36648702621, -12.5271234512, 16.0601425171, 68.4474334717, 26.1797790527], [-56.2934417725, 28.7285194397, 29.8248214722, 45.7621231079, 38.1108283997, -23.8744506836, -23.7461166382, -6.32868719101, -8.16856002808, -12.3700199127, -14.1806144714, 26.1797790527, 67.4158096313]],
        "icov": [[0.00109798810445, -0.00126638531219, 0.00188469025306, -0.00112440180965, 0.00217258860357, -0.000704393198248, 0.00185599923134, -0.000910230039153, 0.000943981169257, -0.000242493115366, 2.07557532121e-05, 9.79464311968e-05, 0.000512830214575], [-0.00126638531219, 0.00413075042889, -0.00213939626701, 0.00302390707657, -0.00317994900979, 0.00373757747002, -0.00288937543519, 0.00252285110764, -0.00123964506201, 0.00184864923358, 0.000627672299743, -0.00180190324318, -0.00056276016403], [0.00188469025306, -0.00213939626701, 0.0039698490873, -0.00233391299844, 0.00314385420643, -0.000546090886928, 0.00240299501456, -0.00137283094227, 0.00129575247411, -0.000139284908073, -0.000241548390477, -0.000758550304454, 0.00143553980161], [-0.00112440180965, 0.00302390707657, -0.00233391299844, 0.00539672980085, -0.00445482414216, 0.00313997385092, -0.00224788184278, 0.0029317473527, -0.00155985576566, 0.00235778302886, 0.000568342860788, 2.86477970803e-05, -0.00139247381594], [0.00217258860357, -0.00317994900979, 0.00314385420643, -0.00445482414216, 0.0114478562027, -0.00514508830383, 0.00799645762891, -0.00471490807831, 0.00422730576247, -0.00265603675507, -5.7426523199e-06, 0.00226302724332, -0.00197244528681], [-0.000704393198248, 0.00373757747002, -0.000546090886928, 0.00313997385092, -0.00514508830383, 0.0146389948204, -0.0117455627769, 0.00603573909029, -0.0053143245168, 0.00477732205763, -0.00224189623259, -0.00121505651623, 0.00068439997267], [0.00185599923134, -0.00288937543519, 0.00240299501456, -0.00224788184278, 0.00799645762891, -0.0117455627769, 0.0213208943605, -0.0142596662045, 0.0110948383808, -0.00810762122273, 0.00162421225104, 0.000706259044819, 0.000659192970488], [-0.000910230039153, 0.00252285110764, -0.00137283094227, 0.0029317473527, -0.00471490807831, 0.00603573909029, -0.0142596662045, 0.0239524841309, -0.0144555158913, 0.0115752546117, -0.00555106578395, 0.00531972525641, -0.00405027531087], [0.000943981169257, -0.00123964506201, 0.00129575247411, -0.00155985576566, 0.00422730576247, -0.0053143245168, 0.0110948383808, -0.0144555158913, 0.0272623747587, -0.0179563816637, 0.00931548792869, -0.00869896169752, 0.00542738894001], [-0.000242493115366, 0.00184864923358, -0.000139284908073, 0.00235778302886, -0.00265603675507, 0.00477732205763, -0.00810762122273, 0.0115752546117, -0.0179563816637, 0.0287768077105, -0.0190337710083, 0.0120083615184, -0.00666737230495], [2.07557532121e-05, 0.000627672299743, -0.000241548390477, 0.000568342860788, -5.7426523199e-06, -0.00224189623259, 0.00162421225104, -0.00555106578395, 0.00931548792869, -0.0190337710083, 0.0307641848922, -0.0162583813071, 0.00915225036442], [9.79464311968e-05, -0.00180190324318, -0.000758550304454, 2.86477970803e-05, 0.00226302724332, -0.00121505651623, 0.000706259044819, 0.00531972525641, -0.00869896169752, 0.0120083615184, -0.0162583813071, 0.0299778431654, -0.0137075558305], [0.000512830214575, -0.00056276016403, 0.00143553980161, -0.00139247381594, -0.00197244528681, 0.00068439997267, 0.000659192970488, -0.00405027531087, 0.00542738894001, -0.00666737230495, 0.00915225036442, -0.0137075558305, 0.0237033329904]]
    },
    "spectral_contrast_coeffs": {
        "max": [-0.346745669842, -0.405788838863, -0.537178337574, -0.626331686974, -0.642236590385, -0.609599649906],
        "mean": [-0.701480865479, -0.751530587673, -0.82407695055, -0.837185919285, -0.821563839912, -0.769669651985],
        "min": [-0.907515406609, -0.94286096096, -0.932586669922, -0.928895115852, -0.906364560127, -0.849694013596],
        "stdev": [0.117845483124, 0.111098960042, 0.0601151399314, 0.0543943978846, 0.0497255586088, 0.0492271929979]
    },
    "spectral_contrast_valleys": {
        "max": [-6.02408838272, -4.91652584076, -5.34600496292, -5.84044933319, -7.09062433243, -10.9080305099],
        "mean": [-7.5903468132, -7.32684230804, -8.46580505371, -8.69573879242, -9.19486427307, -12.7775621414],
        "min": [-9.335978508, -9.60410690308, -10.756187439, -10.9998378754, -10.9904298782, -13.9947929382],
        "stdev": [0.537646770477, 0.981077373028, 1.29959535599, 1.32033085823, 1.02424180508, 0.568291306496]
    }
},
"rhythm": {
    "beats_count": 55,
    "beats_loudness": {
        "max": 0.118199549615,
        "mean": 0.0227565094829,
        "min": 0.000126653452753,
        "stdev": 0.0263083633035
    },
    "bpm": 119.857337952,
    "bpm_histogram_first_peak_bpm": 120,
    "bpm_histogram_first_peak_weight": 0.565217375755,
    "bpm_histogram_second_peak_bpm": 110,
    "bpm_histogram_second_peak_spread": 0.600000023842,
    "bpm_histogram_second_peak_weight": 0.074074074626,
    "danceability": 1.18967056274,
    "onset_rate": 3.92922782898,
    "beats_loudness_band_ratio": {
        "max": [0.916894316673, 0.758013129234, 0.840152144432, 0.473382145166, 0.37951824069, 0.0569177567959],
        "mean": [0.285720169544, 0.291651457548, 0.296955823898, 0.11434263736, 0.0773481950164, 0.00619783578441],
        "min": [0.0258978735656, 0.0380365252495, 0.0288601648062, 0.000480049144244, 0.000261118693743, 5.66122544114e-05],
        "stdev": [0.24314199388, 0.228131875396, 0.256669223309, 0.152666181326, 0.119047135115, 0.010171443224]
    },
    "beats_position": [0.557278871536, 1.1261677742, 1.69505667686, 2.2523355484, 2.80961441994, 3.34367346764, 3.88934230804, 4.43501138687, 4.98067998886, 5.52634906769, 6.04879808426, 6.57124710083, 7.08208608627, 7.58131504059, 8.09215450287, 8.59138298035, 9.10222244263, 9.6014509201, 10.1122903824, 10.6115188599, 11.1339683533, 11.656416893, 12.1672563553, 12.6780948639, 13.2121543884, 13.7462129593, 14.2802715302, 14.7911109924, 15.3716096878, 15.9521083832, 16.5442180634, 17.1363258362, 17.7284355164, 18.2276649475, 18.7385025024, 19.2377319336, 19.7369613647, 20.2245807648, 20.7121982574, 21.1649875641, 21.6177768707, 22.0821762085, 22.5465755463, 23.010974884, 23.4753742218, 23.9513835907, 24.4273910522, 24.9150104523, 25.4026298523, 25.9018592834, 26.4010887146, 26.8887062073, 27.3647155762, 27.8407249451, 28.3399543762],
