{
"metadata": {
    "version": {
        "essentia": "2.1-beta5",
        "essentia_git_sha": "Undefined",
        "extractor": "music 2.0"
    },
    "audio_properties": {
        "analysis": {
            "equal_loudness": 0,
            "length": 48.7502937317,
            "sample_rate": 44100,
            "start_time": 29.0017242432,
            "downmix": "mix"
        },
        "bit_rate": 192000,
        "length": 320.85333252,
        "lossless": 0,
        "number_channels": 1,
        "replay_gain": -17.7797679901,
        "sample_rate": 48000,
        "codec": "mp3",
        "md5_encoded": "9b29d2fac6144a86eedb3e64d1a9a0d7"
    },
    "tags": {
        "file_name": "Belgium_Messieurs Les Noyés De La Seine_Fud Leclerc.mp3",
        "encoding": ["Lavf58.29.100"]
    }
},
"lowlevel": {
    "average_loudness": 0.745932161808,
    "barkbands_crest": {
        "max": 24.2297973633,
        "mean": 10.6602306366,
        "min": 2.65026569366,
        "stdev": 4.18949317932
    },
    "barkbands_flatness_db": {
        "max": 0.498904645443,
        "mean": 0.252385020256,
        "min": 0.0998938605189,
        "stdev": 0.0697190240026
    },
    "barkbands_kurtosis": {
        "max": 202.006744385,
        "mean": 13.8586816788,
        "min": -1.88920652866,
        "stdev": 19.3818092346
    },
    "barkbands_skewness": {
        "max": 11.3167648315,
        "mean": 2.11164021492,
        "min": -2.52190756798,
        "stdev": 1.91556215286
    },
    "barkbands_spread": {
        "max": 75.8606109619,
        "mean": 8.99057197571,
        "min": 0.579049110413,
        "stdev": 9.38285541534
    },
    "dissonance": {
        "max": 0.5,
        "mean": 0.434511750937,
        "min": 0.17227602005,
        "stdev": 0.063357539475
    },
    "dynamic_complexity": 9.24391555786,
    "erbbands_crest": {
        "max": 28.1763381958,
        "mean": 10.7257976532,
        "min": 2.80049991608,
        "stdev": 5.18869590759
    },
    "erbbands_flatness_db": {
        "max": 0.391185939312,
        "mean": 0.233309015632,
        "min": 0.109948292375,
        "stdev": 0.0620578788221
    },
    "erbbands_kurtosis": {
        "max": 46.7787361145,
        "mean": 4.05211544037,
        "min": -1.7872427702,
        "stdev": 5.80221986771
    },
    "erbbands_skewness": {
        "max": 5.55983686447,
        "mean": 1.12037372589,
        "min": -3.90462136269,
        "stdev": 1.20372068882
    },
    "erbbands_spread": {
        "max": 108.929672241,
        "mean": 26.7101154327,
        "min": 2.29525995255,
        "stdev": 19.0655708313
    },
    "hfc": {
        "max": 87.1527557373,
        "mean": 6.23197603226,
        "min": 0.0149432066828,
        "stdev": 10.0461425781
    },
    "loudness_ebu128": {
        "integrated": -10.9342164993,
        "loudness_range": 10.6723022461,
        "momentary": {
            "max": -5.43660783768,
            "mean": -16.5099658966,
            "min": -33.6372070312,
            "stdev": 7.56909990311
        },
        "short_term": {
            "max": -8.47522544861,
            "mean": -13.6607189178,
            "min": -30.2143878937,
            "stdev": 4.53133821487
        }
    },
    "melbands_crest": {
        "max": 30.0886802673,
        "mean": 14.2551259995,
        "min": 3.13412046432,
        "stdev": 5.43141651154
    },
    "melbands_flatness_db": {
        "max": 0.597182452679,
        "mean": 0.317741930485,
        "min": 0.0967872664332,
        "stdev": 0.0943630486727
    },
    "melbands_kurtosis": {
        "max": 272.780639648,
        "mean": 25.4009590149,
        "min": -1.78433203697,
        "stdev": 35.7236061096
    },
    "melbands_skewness": {
        "max": 12.2602357864,
        "mean": 2.75996613503,
        "min": -0.729104578495,
        "stdev": 2.32376933098
    },
    "melbands_spread": {
        "max": 125.660644531,
        "mean": 11.449010849,
        "min": 0.547483205795,
        "stdev": 14.3708953857
    },
    "pitch_salience": {
        "max": 0.876821815968,
        "mean": 0.602426111698,
        "min": 0.143508762121,
        "stdev": 0.13208308816
    },
    "silence_rate_20dB": {
        "max": 1,
        "mean": 1,
        "min": 1,
        "stdev": 0
    },
    "silence_rate_30dB": {
        "max": 1,
        "mean": 0.992384552956,
        "min": 0,
        "stdev": 0.0869340002537
    },
    "silence_rate_60dB": {
        "max": 1,
        "mean": 0.476915746927,
        "min": 0,
        "stdev": 0.499468564987
    },
    "spectral_centroid": {
        "max": 3770.68359375,
        "mean": 721.975463867,
        "min": 142.263015747,
        "stdev": 587.981628418
    },
    "spectral_complexity": {
        "max": 39,
        "mean": 7.04950046539,
        "min": 0,
        "stdev": 7.10198974609
    },
    "spectral_decrease": {
        "max": -1.20173445847e-11,
        "mean": -3.96054522511e-09,
        "min": -3.60359209139e-08,
        "stdev": 6.20790174821e-09
    },
    "spectral_energy": {
        "max": 0.143912494183,
        "mean": 0.01551327575,
        "min": 4.69570150017e-05,
        "stdev": 0.0242612604052
    },
    "spectral_energyband_high": {
        "max": 0.000858468643855,
        "mean": 1.85193985089e-05,
        "min": 3.36164674763e-07,
        "stdev": 4.32075721619e-05
    },
    "spectral_energyband_low": {
        "max": 0.0645863860846,
        "mean": 0.00402621924877,
        "min": 1.86315573956e-05,
        "stdev": 0.00662786187604
    },
    "spectral_energyband_middle_high": {
        "max": 0.0194303058088,
        "mean": 0.00100489589386,
        "min": 1.07390178528e-06,
        "stdev": 0.00220259092748
    },
    "spectral_energyband_middle_low": {
        "max": 0.135794326663,
        "mean": 0.0113865174353,
        "min": 9.1510846687e-06,
        "stdev": 0.0211324356496
    },
    "spectral_entropy": {
        "max": 8.25264835358,
        "mean": 6.8353395462,
        "min": 4.88543367386,
        "stdev": 0.695093512535
    },
    "spectral_flux": {
        "max": 0.383447289467,
        "mean": 0.058021787554,
        "min": 0.00416316278279,
        "stdev": 0.0555476807058
    },
    "spectral_kurtosis": {
        "max": 98.851852417,
        "mean": 12.0381212234,
        "min": -0.92764377594,
        "stdev": 12.1655454636
    },
    "spectral_rms": {
        "max": 0.0118491537869,
        "mean": 0.00285701220855,
        "min": 0.000214036728721,
        "stdev": 0.00264052534476
    },
    "spectral_rolloff": {
        "max": 5189.50195312,
        "mean": 669.958435059,
        "min": 86.1328125,
        "stdev": 738.684082031
    },
    "spectral_skewness": {
        "max": 8.12067508698,
        "mean": 2.28986430168,
        "min": -0.347983777523,
        "stdev": 1.19082152843
    },
    "spectral_spread": {
        "max": 17962598,
        "mean": 2793718.5,
        "min": 921169.0625,
        "stdev": 1019454.875
    },
    "spectral_strongpeak": {
        "max": 7.66915416718,
        "mean": 0.579920232296,
        "min": 0.00436133192852,
        "stdev": 0.941096544266
    },
    "zerocrossingrate": {
        "max": 0.13671875,
        "mean": 0.0272029135376,
        "min": 0.00341796875,
        "stdev": 0.020767711103
    },
    "barkbands": {
        "max": [0.00220857514068, 0.048008158803, 0.0400316901505, 0.0654096379876, 0.0604027621448, 0.116104789078, 0.0781630501151, 0.129147484899, 0.0546771921217, 0.0103726163507, 0.0138352094218, 0.00987855996937, 0.00319911236875, 0.0054227290675, 0.00199884688482, 0.00454071396962, 0.00228796619922, 0.00187995587476, 0.00261320662685, 0.000460333045339, 0.000447788799647, 0.000141245647683, 3.14423705277e-05, 1.14973945529e-05, 5.20612547916e-06, 6.36916809071e-07, 2.34007700328e-07],
        "mean": [4.24299978476e-05, 0.00091525138123, 0.00218656589277, 0.0015005908208, 0.00198100041598, 0.00316433794796, 0.00259042344987, 0.00123460765462, 0.000818479398731, 0.00017693224072, 0.000133904628456, 0.000179099224624, 0.000107812011265, 0.0001240416168, 9.83821373666e-05, 0.000107770174509, 6.65626284899e-05, 3.46752785845e-05, 2.61789537035e-05, 1.15562597784e-05, 7.75001808506e-06, 3.32744207299e-06, 1.03119441519e-06, 4.42849852789e-07, 1.30007535404e-07, 8.94456064771e-09, 3.46763151526e-09],
        "min": [1.32119408747e-08, 3.50168329533e-06, 1.5604091459e-06, 8.85698909769e-08, 2.13457292375e-06, 3.05439016302e-07, 1.32149821752e-07, 6.79521363622e-08, 4.72583927547e-08, 6.10791204281e-08, 2.42565398878e-08, 4.77644697128e-08, 3.27953557644e-08, 3.15227950409e-08, 3.25623119579e-08, 4.71848160544e-08, 5.28168371261e-08, 6.26567313589e-08, 5.36751976199e-08, 4.97104011288e-08, 5.50247847286e-08, 4.98999135345e-08, 4.56134152671e-08, 3.95944645959e-08, 1.25051435873e-08, 4.0080772902e-12, 4.56252527078e-12],
        "stdev": [0.000114775612019, 0.00208831415512, 0.0043983021751, 0.0046663172543, 0.00425490597263, 0.00841207802296, 0.00781842228025, 0.00591091578826, 0.00360865448602, 0.000635294592939, 0.00070852052886, 0.00069682567846, 0.000275552243693, 0.000362525956007, 0.00024095705885, 0.000339225778589, 0.000154315130203, 0.000108529638965, 0.000112671878014, 2.87619386654e-05, 2.0846066036e-05, 8.83282973518e-06, 2.36469441006e-06, 8.75169121173e-07, 3.18674153732e-07, 4.02851121351e-08, 1.48603236383e-08]
    },
    "erbbands": {
        "max": [0.533881723881, 13.0781850815, 31.1833820343, 131.854568481, 180.863601685, 283.177124023, 550.518737793, 1447.89538574, 1368.59179688, 1676.4161377, 2227.83007812, 1065.79528809, 564.403564453, 248.121688843, 330.341186523, 439.513916016, 159.948196411, 247.126602173, 150.334487915, 116.365264893, 297.345123291, 85.9814987183, 111.605133057, 143.504745483, 107.127258301, 17.3118515015, 36.3668022156, 10.9481048584, 5.60385036469, 1.61043095589, 0.796202242374, 0.391874223948, 0.154380306602, 0.0826779156923, 0.0250969603658, 0.00402748165652, 0.00112199713476, 0.000272608333034, 0.000107972111437, 0.000164909331943],
        "mean": [0.0122071858495, 0.280693471432, 2.06194615364, 4.41676092148, 4.63980722427, 6.7479262352, 15.2707719803, 29.9671993256, 39.8586349487, 29.5666275024, 26.8368225098, 18.9303874969, 8.80598735809, 4.62674045563, 5.52728128433, 7.48636960983, 5.24875450134, 6.25426340103, 5.50963068008, 5.18906879425, 6.10096788406, 3.74034762383, 2.08701300621, 1.23088419437, 1.32178866863, 0.570110976696, 0.410398215055, 0.240856721997, 0.134101048112, 0.0571834184229, 0.0265039820224, 0.0123328911141, 0.00604863651097, 0.00253771874122, 0.000377824006137, 6.46215339657e-05, 1.97155495698e-05, 5.01644444739e-06, 7.92932132754e-06, 1.73875396285e-05],
        "min": [0.000112497917144, 0.00143275631126, 0.00312886061147, 0.00381701788865, 0.00484920525923, 0.00563535001129, 0.00344795035198, 0.00346225546673, 0.00399070698768, 0.00248988461681, 0.00203236774541, 0.00165219430346, 0.00218071648851, 0.00186146271881, 0.00206172838807, 0.00204363954253, 0.00165750843007, 0.00223507825285, 0.00230684550479, 0.00256962049752, 0.00248377094977, 0.00340446899645, 0.00331827020273, 0.00290844077244, 0.00341329816729, 0.0026704701595, 0.00251707853749, 0.00191527104471, 0.00166501407512, 0.00138187233824, 0.00130628678016, 0.00103362661321, 0.000568786577787, 0.000305227731587, 1.5903971871e-05, 7.54015275106e-07, 1.0063548217e-07, 1.83143313848e-08, 3.25322844219e-08, 6.19024618231e-08],
        "stdev": [0.0264496989548, 0.592801034451, 3.77095198631, 10.7071743011, 12.365983963, 16.5984649658, 44.06798172, 87.1060333252, 117.713783264, 104.327484131, 125.300003052, 81.190612793, 35.4588127136, 14.3343524933, 18.366027832, 30.644159317, 12.8846254349, 17.5249404907, 13.2775449753, 12.0341110229, 19.6423892975, 7.75745868683, 6.22708749771, 4.09266519547, 6.39428853989, 1.36724758148, 1.20222866535, 0.637880027294, 0.371108233929, 0.133593648672, 0.0603958442807, 0.0254136417061, 0.011438107118, 0.00518218940124, 0.00146405526903, 0.000259369204286, 7.01548997313e-05, 1.90532227862e-05, 1.30487342176e-05, 2.70929340331e-05]
    },
    "gfcc": {
        "mean": [-189.74357605, 173.155532837, -119.71446991, 51.6153373718, -54.0385704041, -2.21768260002, -32.9380760193, -9.05560970306, 1.0004966259, -16.6785850525, 3.93516898155, -20.3268966675, 5.56410741806],
        "cov": [[9566.08496094, 878.217590332, -1924.82495117, -2050.98803711, 39.0209465027, -1309.61035156, 95.0834350586, -445.600616455, -31.3361415863, 117.273033142, -381.336364746, 220.214202881, -381.868774414], [878.217590332, 633.284301758, 428.532531738, -444.314605713, 14.7485980988, -322.40737915, -70.8213653564, -66.3592834473, 32.5935897827, 2.82253861427, -26.8089809418, 13.3231191635, -36.3689346313], [-1924.82495117, 428.532531738, 1781.61828613, 250.806015015, -74.2650909424, -138.306716919, -236.382049561, 43.7534408569, 3.23446774483, -29.6868038177, 26.3024578094, -24.7237758636, 41.209728241], [-2050.98803711, -444.314605713, 250.806015015, 850.679931641, 80.5298995972, 241.455825806, -17.7181224823, 75.5365600586, 15.1560134888, -34.6173210144, 96.4135055542, -24.9426250458, 111.05241394], [39.0209465027, 14.7485980988, -74.2650909424, 80.5298995972, 203.120773315, 26.106716156, -2.94913315773, -10.4185905457, -0.12100751698, -21.8384895325, 19.2540836334, 17.0847377777, 24.7743358612], [-1309.61035156, -322.40737915, -138.306716919, 241.455825806, 26.106716156, 519.92980957, 169.32824707, 108.096038818, -18.7019023895, -12.2029743195, 58.2439041138, -49.0615272522, 41.1162605286], [95.0834350586, -70.8213653564, -236.382049561, -17.7181224823, -2.94913315773, 169.32824707, 202.248443604, 43.2950248718, -7.40736722946, 4.51423072815, 9.49466991425, -19.1987285614, -15.3589134216], [-445.600616455, -66.3592834473, 43.7534408569, 75.5365600586, -10.4185905457, 108.096038818, 43.2950248718, 108.090698242, 28.595293045, 4.26670026779, 5.44037485123, -23.5972671509, 6.19746494293], [-31.3361415863, 32.5935897827, 3.23446774483, 15.1560134888, -0.12100751698, -18.7019023895, -7.40736722946, 28.595293045, 102.536079407, 33.7608985901, -5.84842443466, -13.9988718033, 3.291015625], [117.273033142, 2.82253861427, -29.6868038177, -34.6173210144, -21.8384895325, -12.2029743195, 4.51423072815, 4.26670026779, 33.7608985901, 59.8503112793, 7.61556243896, -7.15530872345, -14.4254798889], [-381.336364746, -26.8089809418, 26.3024578094, 96.4135055542, 19.2540836334, 58.2439041138, 9.49466991425, 5.44037485123, -5.84842443466, 7.61556243896, 81.2538070679, 15.8196020126, 21.4674434662], [220.214202881, 13.3231191635, -24.7237758636, -24.9426250458, 17.0847377777, -49.0615272522, -19.1987285614, -23.5972671509, -13.9988718033, -7.15530872345, 15.8196020126, 65.0665359497, 17.1644077301], [-381.868774414, -36.3689346313, 41.209728241, 111.05241394, 24.7743358612, 41.1162605286, -15.3589134216, 6.19746494293, 3.291015625, -14.4254798889, 21.4674434662, 17.1644077301, 64.6459121704]],
        "icov": [[0.00134015071671, 0.000402462173952, 0.000785067561083, 0.00158586038742, -0.00142916606274, 0.00280382693745, -0.0022857892327, 0.00143712130375, 0.000109092608909, -0.00137297110632, 0.00281390105374, -0.00285001238808, 0.00251198420301], [0.000402462173952, 0.0147483032197, -0.00473598903045, 0.0102987233549, -0.00628444738686, 0.00793121475726, -0.00696291867644, 0.00381721928716, -0.00747137656435, 0.00646702526137, -0.00859698746353, 0.00749435974285, -0.00596592808142], [0.000785067561083, -0.00473598903045, 0.00293072545901, -0.00255026877858, 0.0015033459058, -0.000513883773237, 0.00170731218532, -0.00101697794162, 0.00283802300692, -0.00270504434593, 0.00434881588444, -0.00388701725751, 0.00357946241274], [0.00158586038742, 0.0102987233549, -0.00255026877858, 0.0105218561366, -0.00602093152702, 0.00757078826427, -0.0063595995307, 0.00344180874527, -0.00520925130695, 0.00384792685509, -0.00473040016368, 0.00374001008458, -0.0039346027188], [-0.00142916606274, -0.00628444738686, 0.0015033459058, -0.00602093152702, 0.00964801199734, -0.0060396627523, 0.00521923741326, -0.00199661031365, 0.00168060790747, 0.00122172653209, -0.000194899184862, -0.00122497591656, -0.00044058469939], [0.00280382693745, 0.00793121475726, -0.000513883773237, 0.00757078826427, -0.0060396627523, 0.0137517750263, -0.0104724578559, 0.00192877044901, -0.00154588429723, 0.000424023339292, -0.000568659510463, 0.00119873206131, -0.000714493740816], [-0.0022857892327, -0.00696291867644, 0.00170731218532, -0.0063595995307, 0.00521923741326, -0.0104724578559, 0.0155182983726, -0.00577069446445, 0.00337180774659, -0.000268699805019, -0.00150489446241, 0.00132838345598, 0.00123304186855], [0.00143712130375, 0.00381721928716, -0.00101697794162, 0.00344180874527, -0.00199661031365, 0.00192877044901, -0.00577069446445, 0.0170737672597, -0.00651729525998, 0.00124524114653, 0.00184476037975, -0.000494227744639, 0.00203131069429], [0.000109092608909, -0.00747137656435, 0.00283802300692, -0.00520925130695, 0.00168060790747, -0.00154588429723, 0.00337180774659, -0.00651729525998, 0.0190635900944, -0.0129111818969, 0.00707711558789, -0.00166321080178, -0.000414353096858], [-0.00137297110632, 0.00646702526137, -0.00270504434593, 0.00384792685509, 0.00122172653209, 0.000424023339292, -0.000268699805019, 0.00124524114653, -0.0129111818969, 0.030377773568, -0.0139115191996, 0.00819114688784, -0.000398106785724], [0.00281390105374, -0.00859698746353, 0.00434881588444, -0.00473040016368, -0.000194899184862, -0.000568659510463, -0.00150489446241, 0.00184476037975, 0.00707711558789, -0.0139115191996, 0.0304863154888, -0.0176426190883, 0.00813725683838], [-0.00285001238808, 0.00749435974285, -0.00388701725751, 0.00374001008458, -0.00122497591656, 0.00119873206131, 0.00132838345598, -0.000494227744639, -0.00166321080178, 0.00819114688784, -0.0176426190883, 0.0344197824597, -0.0178637038916], [0.00251198420301, -0.00596592808142, 0.00357946241274, -0.0039346027188, -0.00044058469939, -0.000714493740816, 0.00123304186855, 0.00203131069429, -0.000414353096858, -0.000398106785724, 0.00813725683838, -0.0178637038916, 0.0341229401529]]
    },
    "melbands": {
        "max": [0.00914703682065, 0.015297325328, 0.0209953915328, 0.00943866092712, 0.0141656547785, 0.0279016215354, 0.0187712609768, 0.0212716404349, 0.0194534566253, 0.0057777762413, 0.00268213194795, 0.000931401504204, 0.00177979120053, 0.00145204609726, 0.000432956614532, 0.000278360705124, 0.000570126227103, 0.00032963664853, 0.000176989138708, 0.000177951078513, 0.000433935958426, 0.000112508198072, 0.000134862100822, 4.87159522891e-05, 0.000132498535095, 9.86505183391e-05, 3.21057159454e-05, 1.23898726088e-05, 2.87608309009e-05, 9.64957325778e-06, 6.51287291475e-06, 4.80547123516e-06, 1.48007893586e-06, 8.52371556448e-07, 4.4465417659e-07, 3.18244360642e-07, 2.60525325757e-07, 1.33506475208e-07, 9.63301474144e-08, 6.37826929051e-08],
        "mean": [0.000178384536412, 0.00085774686886, 0.000757277011871, 0.000384894694434, 0.000500154681504, 0.000668947701342, 0.000583737739362, 0.000305300432956, 0.000213301391341, 0.00010921057401, 4.04927668569e-05, 1.75909935933e-05, 1.87078239833e-05, 2.12445993384e-05, 1.36312555696e-05, 1.08358935904e-05, 1.18391399155e-05, 8.97905374586e-06, 7.42997144698e-06, 6.43041084913e-06, 7.57168982091e-06, 4.09168478654e-06, 2.43927888732e-06, 1.39798407872e-06, 9.19808655908e-07, 1.05121284832e-06, 6.17755517851e-07, 3.34206333719e-07, 2.78841497448e-07, 1.84119386404e-07, 1.23531606278e-07, 8.44246699216e-08, 4.51403820989e-08, 2.56306815771e-08, 1.61905031604e-08, 1.00724362184e-08, 6.4372080999e-09, 4.43712977471e-09, 3.16373105491e-09, 1.74682890375e-09],
        "min": [1.02510284705e-06, 1.81169480129e-06, 1.17306672109e-06, 3.09348109795e-07, 2.33182120724e-07, 6.86227394908e-08, 5.86907340505e-08, 2.58833718902e-08, 1.14588640798e-08, 8.55249737697e-09, 8.87690809748e-09, 7.2687957875e-09, 4.73576244886e-09, 5.04880670604e-09, 2.75502953784e-09, 3.68328900713e-09, 4.15277190413e-09, 2.94436253157e-09, 1.83134940546e-09, 3.86516108009e-09, 2.4730240078e-09, 3.00904701156e-09, 2.5705884088e-09, 2.62071231383e-09, 1.90021576252e-09, 1.8347974251e-09, 1.49075973788e-09, 1.29876187582e-09, 1.28014332468e-09, 1.03864850054e-09, 8.71122229906e-10, 8.11460953987e-10, 7.133196811e-10, 6.21687645808e-10, 5.66849456263e-10, 4.92496154969e-10, 4.22535034739e-10, 4.19432877319e-10, 2.32692795588e-10, 1.84489562516e-10],
        "stdev": [0.000394467933802, 0.00145985279232, 0.00172623537946, 0.000804414972663, 0.0013313567033, 0.00180687371176, 0.001693662256, 0.00115825003013, 0.000995406880975, 0.000476046378026, 0.00016619868984, 5.36911211384e-05, 8.87316055014e-05, 8.99957012734e-05, 3.88189109799e-05, 2.80101976387e-05, 3.63737017324e-05, 2.31578633247e-05, 1.87356581591e-05, 1.58191087394e-05, 2.78266797977e-05, 8.96692381502e-06, 7.37115124139e-06, 3.80459664484e-06, 3.49365222974e-06, 5.03594992551e-06, 2.3357840746e-06, 8.18362536847e-07, 8.66970879088e-07, 5.0924217021e-07, 3.43304151329e-07, 2.57230226453e-07, 1.1244971887e-07, 6.08813337521e-08, 3.8931744939e-08, 2.14642188467e-08, 1.38884441725e-08, 8.75110206522e-09, 6.05406658138e-09, 3.91185661641e-09]
    },
    "melbands128": {
        "max": [0.000803794071544, 0.00338222784922, 0.0105334650725, 0.027419121936, 0.0203084107488, 0.022408567369, 0.0299063753337, 0.0343038067222, 0.0205894429237, 0.0140906777233, 0.0189290177077, 0.0255780816078, 0.0254529304802, 0.0327877067029, 0.0528951957822, 0.0238604228944, 0.0419203042984, 0.0318530313671, 0.0266362689435, 0.0297359786928, 0.0426381118596, 0.0402834191918, 0.0380284413695, 0.0222080890089, 0.0104416646063, 0.0113035822287, 0.00830609537661, 0.00390126393177, 0.000787852797657, 0.000410978798755, 0.000764640804846, 0.00423608254641, 0.0023338298779, 0.00068711489439, 0.00102642143611, 0.00323549541645, 0.00171390350442, 0.000650692905765, 0.000361554004485, 0.00054474134231, 0.000475690379972, 0.000368360284483, 0.000536146981176, 0.00150412856601, 0.000783681985922, 0.000487133249408, 0.000396442192141, 0.000325309403706, 0.000238635053392, 0.000388918153476, 0.000204821801162, 0.000422057230026, 0.000779485737439, 0.000396494142478, 0.000418527662987, 0.000107413601654, 7.68435638747e-05, 7.41486874176e-05, 0.000355434574885, 8.95085613593e-05, 7.05603888491e-05, 8.5662046331e-05, 0.000144370656926, 0.000154484863742, 0.000168965532794, 0.000119507487398, 0.00017832533922, 4.63442811451e-05, 2.47848711297e-05, 1.94627700694e-05, 1.03900547401e-05, 1.51565591295e-05, 4.10455832025e-05, 2.9628727134e-05, 2.02974879357e-05, 1.36287599162e-05, 7.73770716478e-06, 8.64558660396e-06, 4.80904463984e-06, 7.43227565181e-06, 6.51153504805e-06, 6.11959239905e-06, 2.27105965678e-06, 1.59094838637e-06, 9.95794948722e-07, 1.53764824518e-06, 5.16070940648e-07, 8.73564886206e-07, 7.00466841863e-07, 6.79593767927e-07, 4.34695550666e-07, 2.61919751665e-07, 2.41977915039e-07, 4.17034783595e-07, 3.53633680561e-07, 2.58724469404e-07, 1.22837121808e-07, 1.26743358919e-07, 1.26252444943e-07, 8.36935001303e-08, 1.06336216277e-07, 7.86922385032e-08, 5.01569203948e-08, 5.41082805228e-08, 2.87760233419e-08, 2.38436346223e-08, 9.56139345476e-09, 6.80390277452e-09, 7.0302048627e-09, 4.71402605839e-09, 3.4134284288e-09, 2.9481947994e-09, 3.71730979332e-09, 4.3263894689e-09, 2.18376361438e-09, 2.28651964029e-09, 2.07291317444e-09, 2.01138461442e-09, 2.24343854605e-09, 2.12770645547e-09, 9.07536990002e-10, 9.23599308145e-10, 6.86812884343e-10, 5.494369959e-10, 5.40639866209e-10, 5.33766586486e-10, 5.28921406673e-10, 5.25913534943e-10],
        "mean": [2.10399703064e-05, 5.91458338022e-05, 0.000180871225893, 0.000518061220646, 0.000932644528802, 0.00110686058179, 0.000962059595622, 0.000661811034661, 0.000433113862528, 0.000344307365594, 0.000356504460797, 0.000439625786385, 0.000509477977175, 0.000593514589127, 0.000740288174711, 0.000627735513262, 0.000717153481673, 0.000604294589721, 0.000393128982978, 0.000316649035085, 0.000266075250693, 0.000236729843891, 0.000215404725168, 0.000187453522813, 0.000123208650621, 8.17878317321e-05, 5.61677043152e-05, 4.29859755968e-05, 1.95330903807e-05, 1.47811624629e-05, 1.46886613948e-05, 2.66845327133e-05, 1.90704613487e-05, 1.34284864544e-05, 1.74693032022e-05, 2.8374053727e-05, 2.03309409699e-05, 1.10489672807e-05, 1.05454691948e-05, 1.22686878967e-05, 1.03484053398e-05, 9.74303384282e-06, 1.24831376525e-05, 1.35052332553e-05, 9.08401852939e-06, 8.34481761558e-06, 8.14056056697e-06, 7.70911174186e-06, 6.93382617101e-06, 7.02924489815e-06, 6.05054310654e-06, 6.27954159427e-06, 8.36840990814e-06, 7.66754328652e-06, 5.74355135541e-06, 3.89774641008e-06, 2.82942642116e-06, 2.42758460445e-06, 2.72181409855e-06, 1.63617210092e-06, 1.29621912492e-06, 1.20945719573e-06, 9.84365328804e-07, 8.01984185728e-07, 8.60313775775e-07, 8.63532875428e-07, 1.63513618645e-06, 6.53040274301e-07, 4.17940327679e-07, 3.79694313324e-07, 3.28678481765e-07, 3.11258986585e-07, 3.2547433193e-07, 2.68006147053e-07, 2.40114189864e-07, 1.90845170778e-07, 1.60221546253e-07, 1.43691693211e-07, 1.1911799902e-07, 1.03271396767e-07, 9.73837828155e-08, 7.35733394208e-08, 5.53337962117e-08, 4.43350671731e-08, 3.56056020223e-08, 2.86717671827e-08, 2.1729260169e-08, 1.98872172064e-08, 1.6499402733e-08, 1.33683677461e-08, 1.10166729073e-08, 9.43174249812e-09, 7.79896502934e-09, 6.36970298729e-09, 5.76103476035e-09, 4.85394258121e-09, 4.18844736672e-09, 3.7327465563e-09, 3.28499893953e-09, 2.81489231924e-09, 2.52933274325e-09, 1.66133584667e-09, 6.71664668328e-10, 4.79672912501e-10, 2.94892665842e-10, 2.06233558009e-10, 1.3124643039e-10, 1.01083211246e-10, 7.8567458095e-11, 6.04183231223e-11, 5.49082446177e-11, 4.86063585214e-11, 4.33914744413e-11, 4.15535314491e-11, 3.53468469771e-11, 3.26495774861e-11, 3.08472761223e-11, 2.88216395194e-11, 2.72389385353e-11, 2.13519271708e-11, 1.0595083838e-11, 9.24032031446e-12, 8.36922458419e-12, 7.51669993609e-12, 5.96027047162e-12, 3.74684614932e-12, 2.70631173721e-12, 2.55828930089e-12],
        "min": [1.08072333305e-08, 5.04607697849e-08, 2.48182487894e-08, 5.01486965732e-07, 5.67770712223e-07, 5.32422461674e-07, 1.37256208177e-07, 5.91294515573e-08, 2.94918038435e-07, 1.54771882421e-07, 8.27568982231e-08, 8.31493309761e-08, 5.02360180121e-08, 2.6944810827e-08, 2.4451630054e-08, 2.10873789541e-08, 8.51600745477e-09, 2.24299512297e-08, 1.60408291094e-08, 1.66234066512e-08, 5.36910915727e-09, 9.80246550597e-09, 5.80644687886e-09, 4.90375295925e-09, 1.63859814606e-09, 5.23121723717e-09, 3.20591686531e-09, 3.64515173601e-09, 2.44212294831e-09, 4.42550396329e-09, 2.89091439676e-09, 3.06004688255e-09, 1.68465574824e-09, 1.3461510795e-09, 1.75032244254e-09, 2.06539985115e-09, 2.32825825286e-09, 1.22925836177e-09, 1.11787157309e-09, 1.16317389054e-09, 9.80241998683e-10, 2.30667906997e-09, 2.28440777406e-09, 1.30251132102e-09, 1.88377646815e-09, 1.28899579899e-09, 1.79302062087e-09, 5.1016507685e-10, 1.24205401519e-09, 1.79179537874e-09, 4.33381136533e-10, 1.15722054161e-09, 8.91125617741e-10, 4.67400063098e-10, 1.28115884568e-09, 1.29565325135e-09, 1.69682812245e-09, 9.73698455198e-10, 1.06100594977e-09, 1.53898238597e-09, 9.53496392953e-10, 1.15236764575e-09, 7.6535466853e-10, 8.5039258968e-10, 8.48811576581e-10, 7.10848324648e-10, 8.73826844217e-10, 1.03773467597e-09, 4.86422790935e-10, 3.39616418321e-10, 5.26607035756e-10, 7.05040581472e-10, 3.38457512017e-10, 6.59017673765e-10, 6.53741227818e-10, 4.10967954112e-10, 5.72834502055e-10, 4.24866447579e-10, 3.07819991718e-10, 4.16605250297e-10, 1.79653292243e-10, 1.47069537104e-10, 3.82994580495e-10, 2.4723489922e-10, 6.69010125076e-11, 2.77695255679e-10, 1.34142918995e-10, 1.16307796727e-10, 6.99070870636e-11, 2.06505493261e-10, 7.45376746436e-11, 5.45870224022e-11, 1.21438012424e-10, 1.07294610696e-10, 4.94765201031e-11, 1.11042446072e-10, 1.89060694183e-11, 3.06923167437e-11, 5.01104470418e-11, 1.21780252549e-10, 1.07357726875e-10, 2.04509651401e-12, 1.10418374747e-13, 2.21691324423e-14, 1.71547295818e-14, 2.23387948357e-14, 2.09530811213e-14, 1.71003873361e-14, 1.13449475373e-14, 1.32483889649e-14, 1.47386341684e-14, 1.42776635919e-14, 1.53222940791e-14, 1.40446109468e-14, 1.31462774491e-14, 1.39555776196e-14, 1.46422147139e-14, 1.75902773115e-14, 1.29791841066e-14, 1.60091988358e-14, 1.9066283044e-14, 1.50742167636e-14, 1.4872902443e-14, 1.70824166851e-14, 1.06404067076e-14, 5.54165418862e-15, 6.21809321799e-16, 2.33164182141e-17],
        "stdev": [4.33765271737e-05, 0.000149630417582, 0.000475595094031, 0.00124021607917, 0.00180275226012, 0.00238596089184, 0.00252036866732, 0.0022950284183, 0.00139263086021, 0.000939498830121, 0.00109353975859, 0.00149780930951, 0.00187165220268, 0.00216144230217, 0.00293215736747, 0.00187096069567, 0.00241458346136, 0.00240584788844, 0.00167756725568, 0.00148041895591, 0.00158164452296, 0.00157246703748, 0.0013282058062, 0.00108984229155, 0.000667016545776, 0.000488074409077, 0.000316087214742, 0.000229067663895, 5.45605726074e-05, 3.52662682417e-05, 4.07259685744e-05, 0.000213606646867, 0.000107696083433, 3.89099295717e-05, 6.33897652733e-05, 0.000177881433046, 0.000104657556221, 3.43647770933e-05, 2.9826980608e-05, 3.70360212401e-05, 3.19357750413e-05, 2.7849815524e-05, 3.92179681512e-05, 6.82081372361e-05, 3.20034596371e-05, 2.58542913798e-05, 2.52412919508e-05, 2.38291213464e-05, 1.94052026927e-05, 2.0850193323e-05, 1.69495669979e-05, 2.36696487264e-05, 4.23155397584e-05, 3.05684552586e-05, 2.09643258131e-05, 9.26407756197e-06, 6.61672766e-06, 6.14957434664e-06, 1.60625295393e-05, 5.21591482538e-06, 4.03019839723e-06, 4.06542312703e-06, 3.95541792386e-06, 3.87364252674e-06, 4.28405746788e-06, 4.25092594014e-06, 1.18527741506e-05, 2.52909126175e-06, 1.27672251438e-06, 1.11474071218e-06, 8.60265970459e-07, 8.42315103e-07, 1.17159061119e-06, 9.19130343391e-07, 8.99597864645e-07, 6.10136510204e-07, 4.72269931606e-07, 4.59946704723e-07, 3.26479437263e-07, 3.24687249531e-07, 3.47952521906e-07, 2.4972635515e-07, 1.5803180986e-07, 1.15847285542e-07, 8.75877077533e-08, 8.21848686883e-08, 5.00964141281e-08, 5.52250547514e-08, 4.38098943789e-08, 3.29396989684e-08, 2.5448450458e-08, 2.06807477809e-08, 1.82823871597e-08, 1.55442201333e-08, 1.39733984383e-08, 1.12987139644e-08, 8.68274696586e-09, 6.97430690977e-09, 7.0634516014e-09, 5.56009016606e-09, 5.10867437242e-09, 3.96566646188e-09, 3.08179237685e-09, 2.53641441184e-09, 1.48499612607e-09, 1.11202613784e-09, 5.83297521395e-10, 4.75170069958e-10, 4.00519423183e-10, 2.77292966366e-10, 2.41020897684e-10, 2.14774684149e-10, 1.9918892924e-10, 2.08278769231e-10, 1.52233253781e-10, 1.53701551486e-10, 1.36630498582e-10, 1.29295685269e-10, 1.30667032749e-10, 1.0485332741e-10, 4.63258251204e-11, 4.24168963842e-11, 3.78941704404e-11, 3.29200937343e-11, 2.65536724553e-11, 1.8622686726e-11, 1.70038670644e-11, 1.68522262117e-11]
    },
    "mfcc": {
        "mean": [-820.232177734, 175.878768921, 7.21520328522, 41.86460495, 10.9419298172, 4.05393695831, -9.21720504761, -1.61843442917, 0.378650516272, -0.0523263439536, -2.10426592827, 3.49653172493, -0.791126549244],
        "cov": [[9898.41894531, 1458.3548584, -2768.81933594, -716.67791748, -1121.3494873, -408.48828125, -630.763549805, -329.058105469, -189.275650024, -231.946609497, -179.091278076, 67.7777709961, -20.1520442963], [1458.3548584, 1355.61181641, 188.16619873, -197.510940552, -122.98046875, -302.130218506, -249.719055176, -187.47315979, -52.9323539734, -141.073822021, -61.3030853271, 72.3967666626, 5.13799715042], [-2768.81933594, 188.16619873, 1522.28039551, 338.344116211, 303.394714355, -75.7556686401, 8.26515674591, -29.7509651184, 18.7131004333, -34.1066207886, 14.8426504135, 26.6263771057, -1.85435414314], [-716.67791748, -197.510940552, 338.344116211, 481.476806641, 207.671859741, -34.0180206299, -48.0638427734, -31.2224063873, -20.0741539001, -35.3841667175, -35.3002624512, -17.2200431824, 21.9162158966], [-1121.3494873, -122.98046875, 303.394714355, 207.671859741, 320.752990723, 39.5782623291, 23.5136566162, 17.2578964233, 7.44680356979, -8.04144859314, -21.0503101349, -19.5923480988, 28.2109737396], [-408.48828125, -302.130218506, -75.7556686401, -34.0180206299, 39.5782623291, 196.734405518, 143.142074585, 79.395652771, 28.6125545502, 49.7467346191, 32.6495285034, -14.6240673065, -4.95588588715], [-630.763549805, -249.719055176, 8.26515674591, -48.0638427734, 23.5136566162, 143.142074585, 239.849594116, 118.366409302, 14.9971313477, 53.2296409607, 38.9470443726, -20.908914566, -8.96969795227], [-329.058105469, -187.47315979, -29.7509651184, -31.2224063873, 17.2578964233, 79.395652771, 118.366409302, 124.566963196, 41.3181343079, 36.0988349915, 27.2458057404, -10.2301750183, -3.48328876495], [-189.275650024, -52.9323539734, 18.7131004333, -20.0741539001, 7.44680356979, 28.6125545502, 14.9971313477, 41.3181343079, 90.7105407715, 52.5445709229, 24.1650009155, 8.14551925659, -4.41798019409], [-231.946609497, -141.073822021, -34.1066207886, -35.3841667175, -8.04144859314, 49.7467346191, 53.2296409607, 36.0988349915, 52.5445709229, 108.073791504, 58.2595443726, -3.3359978199, -6.9899020195], [-179.091278076, -61.3030853271, 14.8426504135, -35.3002624512, -21.0503101349, 32.6495285034, 38.9470443726, 27.2458057404, 24.1650009155, 58.2595443726, 92.9391021729, 25.730506897, -14.9902925491], [67.7777709961, 72.3967666626, 26.6263771057, -17.2200431824, -19.5923480988, -14.6240673065, -20.908914566, -10.2301750183, 8.14551925659, -3.3359978199, 25.730506897, 59.6848602295, 11.6807794571], [-20.1520442963, 5.13799715042, -1.85435414314, 21.9162158966, 28.2109737396, -4.95588588715, -8.96969795227, -3.48328876495, -4.41798019409, -6.9899020195, -14.9902925491, 11.6807794571, 56.4518318176]],
        "icov": [[0.000885997840669, -0.00100930163171, 0.00149650091771, -0.000820657762233, 0.00182182912249, -0.00065242726123, 0.00138848065399, -0.000582774227951, 0.000690942804795, 7.78790999902e-05, 0.000612033007201, -0.000269117270363, 0.000274775113212], [-0.00100930163171, 0.00290036550723, -0.00195851572789, 0.00220279791392, -0.00229305634275, 0.00281945895404, -0.00191681087017, 0.0023323839996, -0.0016698417021, 0.00161032308824, -0.000772018509451, -0.000477361900266, -0.000348528439645], [0.00149650091771, -0.00195851572789, 0.00360461254604, -0.00197225646116, 0.00221454794519, -0.000442386430223, 0.00133239245042, -0.000342399172951, 0.000345949607436, 0.00064601743361, 0.00036987112253, -0.000844746246003, 0.00102169066668], [-0.000820657762233, 0.00220279791392, -0.00197225646116, 0.00495469756424, -0.00358837936074, 0.00226546521299, -0.000750870269258, 0.00167954689823, -0.000585625530221, 0.00115029106382, -0.000519119901583, 0.000465149001684, -0.000642830855213], [0.00182182912249, -0.00229305634275, 0.00221454794519, -0.00358837936074, 0.00947709567845, -0.00355417327955, 0.00351332663558, -0.00217482284643, 0.00119511445519, 0.000155907619046, 0.00176585279405, 0.00125890981872, -0.00197785091586], [-0.00065242726123, 0.00281945895404, -0.000442386430223, 0.00226546521299, -0.00355417327955, 0.0135601228103, -0.00744054745883, 0.00300206360407, -0.00381166976877, 0.00190686190035, -0.00189258647151, -0.000339518213877, 9.1513946245e-05], [0.00138848065399, -0.00191681087017, 0.00133239245042, -0.000750870269258, 0.00351332663558, -0.00744054745883, 0.0155818173662, -0.0113570913672, 0.00801157113165, -0.00428577046841, 0.00170217442792, 0.000555203238036, 0.000804939074442], [-0.000582774227951, 0.0023323839996, -0.000342399172951, 0.00167954689823, -0.00217482284643, 0.00300206360407, -0.0113570913672, 0.0225929860026, -0.0116961319, 0.00691020255908, -0.00469225551933, 0.00278737093322, -0.00202616513707], [0.000690942804795, -0.0016698417021, 0.000345949607436, -0.000585625530221, 0.00119511445519, -0.00381166976877, 0.00801157113165, -0.0116961319, 0.02340512909, -0.0138302836567, 0.00649690581486, -0.00625480199233, 0.00339541048743], [7.78790999902e-05, 0.00161032308824, 0.00064601743361, 0.00115029106382, 0.000155907619046, 0.00190686190035, -0.00428577046841, 0.00691020255908, -0.0138302836567, 0.0259339399636, -0.0151794841513, 0.00895817298442, -0.00446479814127], [0.000612033007201, -0.000772018509451, 0.00036987112253, -0.000519119901583, 0.00176585279405, -0.00189258647151, 0.00170217442792, -0.00469225551933, 0.00649690581486, -0.0151794841513, 0.0261010117829, -0.0147266117856, 0.00804174412042], [-0.000269117270363, -0.000477361900266, -0.000844746246003, 0.000465149001684, 0.00125890981872, -0.000339518213877, 0.000555203238036, 0.00278737093322, -0.00625480199233, 0.00895817298442, -0.0147266117856, 0.0287949517369, -0.00990863051265], [0.000274775113212, -0.000348528439645, 0.00102169066668, -0.000642830855213, -0.00197785091586, 9.1513946245e-05, 0.000804939074442, -0.00202616513707, 0.00339541048743, -0.00446479814127, 0.00804174412042, -0.00990863051265, 0.0230250265449]]
    },
    "spectral_contrast_coeffs": {
        "max": [-0.315114974976, -0.41053211689, -0.528143703938, -0.623374223709, -0.627114415169, -0.580711901188],
        "mean": [-0.730917513371, -0.767000973225, -0.832177579403, -0.844935715199, -0.833769261837, -0.765071451664],
        "min": [-0.898423135281, -0.942322731018, -0.940492451191, -0.924156725407, -0.918260514736, -0.920301616192],
        "stdev": [0.107942588627, 0.107798926532, 0.0618830658495, 0.0507476963103, 0.0429203510284, 0.0515167936683]
    },
    "spectral_contrast_valleys": {
        "max": [-5.02871990204, -4.69990777969, -5.94031906128, -6.04204034805, -6.59618091583, -10.4896154404],
        "mean": [-7.36416482925, -7.60415267944, -8.7516450882, -8.93044567108, -9.26638698578, -12.8641548157],
        "min": [-9.21478843689, -10.3557796478, -11.1238737106, -11.2555551529, -10.986451149, -14.062661171],
        "stdev": [0.696925580502, 1.19666135311, 1.2809637785, 1.23061645031, 1.02434325218, 0.621940851212]
    }
},
"rhythm": {
    "beats_count": 100,
    "beats_loudness": {
        "max": 0.111829012632,
        "mean": 0.021806364879,
        "min": 5.74720470468e-05,
        "stdev": 0.0256607793272
    },
    "bpm": 140.64654541,
    "bpm_histogram_first_peak_bpm": 140,
    "bpm_histogram_first_peak_weight": 0.586206912994,
    "bpm_histogram_second_peak_bpm": 120,
    "bpm_histogram_second_peak_spread": 0.5,
    "bpm_histogram_second_peak_weight": 0.111111111939,
    "danceability": 1.13992238045,
    "onset_rate": 3.28125,
    "beats_loudness_band_ratio": {
        "max": [0.945573687553, 0.715543806553, 0.788200438023, 0.508882164955, 0.48468786478, 0.136574327946],
        "mean": [0.475214362144, 0.253508925438, 0.210074216127, 0.0635298267007, 0.0509060285985, 0.0091698858887],
        "min": [0.0343717113137, 0.0244498830289, 0.00383584480733, 0.000363048078725, 0.000355021271389, 3.70807574654e-05],
        "stdev": [0.281499326229, 0.195380568504, 0.215093940496, 0.119278021157, 0.0930138006806, 0.0204181876034]
    },
