{
"metadata": {
    "version": {
        "essentia": "2.1-beta5",
        "essentia_git_sha": "Undefined",
        "extractor": "music 2.0"
    },
    "audio_properties": {
        "analysis": {
            "equal_loudness": 0,
            "length": 32.4963264465,
            "sample_rate": 44100,
            "start_time": 29.0017242432,
            "downmix": "mix"
        },
        "bit_rate": 192000,
        "length": 212.764465332,
        "lossless": 0,
        "number_channels": 1,
        "replay_gain": -18.1554946899,
        "sample_rate": 48000,
        "codec": "mp3",
        "md5_encoded": "1a54dc1ccbea0049127d698c4417b72e"
    },
    "tags": {
        "file_name": "Luxembourg_Ne Crois Pas_Michèle Arnaud.mp3",
        "encoding": ["Lavf58.29.100"]
    }
},
"lowlevel": {
    "average_loudness": 0.671609520912,
    "barkbands_crest": {
        "max": 23.0390815735,
        "mean": 11.0188570023,
        "min": 4.30060911179,
        "stdev": 3.37741279602
    },
    "barkbands_flatness_db": {
        "max": 0.460000127554,
        "mean": 0.279184728861,
        "min": 0.125063627958,
        "stdev": 0.0659703239799
    },
    "barkbands_kurtosis": {
        "max": 74.0628585815,
        "mean": 11.4958486557,
        "min": -1.8218665123,
        "stdev": 10.3683824539
    },
    "barkbands_skewness": {
        "max": 6.55686330795,
        "mean": 1.86185026169,
        "min": -1.15052056313,
        "stdev": 1.42174017429
    },
    "barkbands_spread": {
        "max": 61.5827484131,
        "mean": 6.26561641693,
        "min": 0.660949349403,
        "stdev": 7.42418336868
    },
    "dissonance": {
        "max": 0.500000059605,
        "mean": 0.401191234589,
        "min": 0.143395796418,
        "stdev": 0.0783454105258
    },
    "dynamic_complexity": 7.65866041183,
    "erbbands_crest": {
        "max": 29.2449569702,
        "mean": 13.0814056396,
        "min": 3.34132671356,
        "stdev": 5.57891464233
    },
    "erbbands_flatness_db": {
        "max": 0.412161916494,
        "mean": 0.260263025761,
        "min": 0.124272398651,
        "stdev": 0.0708007290959
    },
    "erbbands_kurtosis": {
        "max": 49.8616294861,
        "mean": 7.24986839294,
        "min": -1.78192949295,
        "stdev": 7.50927591324
    },
    "erbbands_skewness": {
        "max": 5.32357645035,
        "mean": 1.71754407883,
        "min": -2.90529179573,
        "stdev": 1.13312113285
    },
    "erbbands_spread": {
        "max": 95.7925033569,
        "mean": 21.3480682373,
        "min": 1.69440042973,
        "stdev": 18.8250865936
    },
    "hfc": {
        "max": 45.929019928,
        "mean": 5.76800012589,
        "min": 0.00066344049992,
        "stdev": 8.61303901672
    },
    "loudness_ebu128": {
        "integrated": -11.1178503036,
        "loudness_range": 4.95125198364,
        "momentary": {
            "max": -5.64978694916,
            "mean": -14.5029296875,
            "min": -32.9508056641,
            "stdev": 6.49611186981
        },
        "short_term": {
            "max": -8.0533208847,
            "mean": -12.0576696396,
            "min": -16.0440006256,
            "stdev": 1.58994519711
        }
    },
    "melbands_crest": {
        "max": 28.9230690002,
        "mean": 14.3973445892,
        "min": 6.26253175735,
        "stdev": 4.3533654213
    },
    "melbands_flatness_db": {
        "max": 0.541499197483,
        "mean": 0.352129518986,
        "min": 0.133420005441,
        "stdev": 0.0772207379341
    },
    "melbands_kurtosis": {
        "max": 128.428009033,
        "mean": 17.2779254913,
        "min": -1.56795501709,
        "stdev": 19.4053325653
    },
    "melbands_skewness": {
        "max": 8.84829330444,
        "mean": 2.1660733223,
        "min": -0.87845826149,
        "stdev": 1.79272866249
    },
    "melbands_spread": {
        "max": 116.917724609,
        "mean": 6.64166545868,
        "min": 0.709647536278,
        "stdev": 7.73193836212
    },
    "pitch_salience": {
        "max": 0.864929497242,
        "mean": 0.63092815876,
        "min": 0.214588612318,
        "stdev": 0.108227953315
    },
    "silence_rate_20dB": {
        "max": 1,
        "mean": 1,
        "min": 1,
        "stdev": 0
    },
    "silence_rate_30dB": {
        "max": 1,
        "mean": 0.999286234379,
        "min": 0,
        "stdev": 0.0267073139548
    },
    "silence_rate_60dB": {
        "max": 1,
        "mean": 0.423269093037,
        "min": 0,
        "stdev": 0.494075983763
    },
    "spectral_centroid": {
        "max": 3500.08959961,
        "mean": 519.215270996,
        "min": 169.834701538,
        "stdev": 399.319976807
    },
    "spectral_complexity": {
        "max": 20,
        "mean": 5.04282665253,
        "min": 0,
        "stdev": 3.86860013008
    },
    "spectral_decrease": {
        "max": -1.23481888777e-12,
        "mean": -4.05097067002e-09,
        "min": -2.90403434633e-08,
        "stdev": 5.56702550725e-09
    },
    "spectral_energy": {
        "max": 0.113200910389,
        "mean": 0.0158124491572,
        "min": 4.72065948998e-06,
        "stdev": 0.0217647794634
    },
    "spectral_energyband_high": {
        "max": 0.000167483754922,
        "mean": 6.88365025781e-06,
        "min": 1.44396645751e-08,
        "stdev": 1.52099764819e-05
    },
    "spectral_energyband_low": {
        "max": 0.0213960502297,
        "mean": 0.00287872646004,
        "min": 2.98814688904e-06,
        "stdev": 0.00348954112269
    },
    "spectral_energyband_middle_high": {
        "max": 0.0109676225111,
        "mean": 0.000374547787942,
        "min": 5.26439301041e-08,
        "stdev": 0.000891268602572
    },
    "spectral_energyband_middle_low": {
        "max": 0.108660161495,
        "mean": 0.0134941376746,
        "min": 1.07616654077e-06,
        "stdev": 0.0202937740833
    },
    "spectral_entropy": {
        "max": 8.77362060547,
        "mean": 6.46629571915,
        "min": 4.60956430435,
        "stdev": 0.71901589632
    },
    "spectral_flux": {
        "max": 0.262491822243,
        "mean": 0.0623735673726,
        "min": 0.00406476669014,
        "stdev": 0.0537152923644
    },
    "spectral_kurtosis": {
        "max": 100.636299133,
        "mean": 18.2893753052,
        "min": -0.698469877243,
        "stdev": 16.4757537842
    },
    "spectral_rms": {
        "max": 0.0105090392753,
        "mean": 0.00297195953317,
        "min": 6.78639917169e-05,
        "stdev": 0.00256792455912
    },
    "spectral_rolloff": {
        "max": 4220.5078125,
        "mean": 482.322570801,
        "min": 107.666015625,
        "stdev": 457.074523926
    },
    "spectral_skewness": {
        "max": 8.43468666077,
        "mean": 2.95252132416,
        "min": -0.218656748533,
        "stdev": 1.42926180363
    },
    "spectral_spread": {
        "max": 30125324,
        "mean": 2695905.25,
        "min": 880457.875,
        "stdev": 1325581.875
    },
    "spectral_strongpeak": {
        "max": 4.69025993347,
        "mean": 0.710782468319,
        "min": 0,
        "stdev": 0.944479346275
    },
    "zerocrossingrate": {
        "max": 0.12939453125,
        "mean": 0.0215690657496,
        "min": 0.001953125,
        "stdev": 0.0130002098158
    },
    "barkbands": {
        "max": [0.000849927309901, 0.00638220366091, 0.0134154018015, 0.0280356518924, 0.0348507612944, 0.0866644009948, 0.0543527454138, 0.0584901757538, 0.039943177253, 0.00929896067828, 0.00222986750305, 0.00191895361058, 0.00155902293045, 0.00110800599214, 0.00195978349075, 0.00184409029316, 0.00124022248201, 0.000212904153159, 0.000285228918074, 0.00022040589829, 7.11730172043e-05, 6.3871499151e-05, 2.23020560952e-05, 6.70685540172e-06, 2.16847911361e-06, 2.47040503609e-07, 1.15124706213e-07],
        "mean": [1.96731325559e-05, 0.000451831379905, 0.0014917307999, 0.00155559217092, 0.00198204535991, 0.00466108880937, 0.00347008928657, 0.00110971811228, 0.000659951358102, 0.000124311452964, 5.04321360495e-05, 4.34807334386e-05, 2.94403871521e-05, 2.99219937006e-05, 3.46266497218e-05, 4.08583327953e-05, 3.75639392587e-05, 7.19621766621e-06, 4.26520091423e-06, 3.88347416447e-06, 2.73069463219e-06, 1.21076936921e-06, 4.50009650876e-07, 2.7015306614e-07, 1.03385502825e-07, 5.69577407461e-09, 3.40214678651e-09],
        "min": [6.26358787059e-09, 1.30318596803e-06, 5.31500063516e-07, 7.65095649058e-08, 5.13933400725e-07, 9.1768932009e-08, 1.59429433211e-07, 8.50727843726e-08, 1.184607612e-08, 4.47186820907e-09, 1.65746580905e-08, 3.31846550239e-09, 1.08142117483e-08, 4.26202095838e-09, 1.34584565714e-09, 1.20318788266e-09, 2.17204076947e-09, 2.05495043204e-09, 5.80823478202e-09, 5.73012792771e-09, 3.02671399055e-09, 1.75144543313e-09, 2.01609307027e-09, 1.77809011959e-09, 7.66268437591e-10, 4.95711588097e-12, 5.49443910508e-12],
        "stdev": [5.78357758059e-05, 0.000749222410377, 0.00214434764348, 0.00354016269557, 0.00351013895124, 0.0101902103052, 0.0078138820827, 0.00377683062106, 0.00285448948853, 0.00053512485465, 0.000150673469761, 0.000150440188008, 0.000105480190541, 0.000102160993265, 0.000124075086205, 0.000121089295135, 9.45507999859e-05, 1.69143131643e-05, 1.57318354468e-05, 1.18583720905e-05, 6.69575365464e-06, 3.66485733139e-06, 1.23176494071e-06, 4.02319130899e-07, 1.53129377622e-07, 1.7794700824e-08, 1.003188288e-08]
    },
    "erbbands": {
        "max": [0.0564570724964, 1.80025970936, 10.722158432, 50.9405899048, 140.872467041, 105.961990356, 569.684509277, 1112.18310547, 1017.52697754, 1273.37561035, 759.70892334, 1217.05371094, 397.952972412, 231.303375244, 51.2564430237, 85.0458450317, 69.2415313721, 63.9071998596, 90.7729797363, 89.1696243286, 58.5053024292, 72.7684402466, 16.1495170593, 13.2507972717, 13.4594049454, 9.43948459625, 3.9276945591, 2.79020285606, 2.84820437431, 1.38314557076, 0.396737605333, 0.2493262887, 0.0628423839808, 0.0365554615855, 0.0086605027318, 0.00134454504587, 0.000436773931142, 0.000132368426421, 6.69431028655e-05, 0.000126250990434],
        "mean": [0.00447562942281, 0.149883374572, 1.35971224308, 4.10013437271, 4.12503385544, 6.69593143463, 24.2162971497, 40.6814346313, 50.681137085, 37.1775436401, 23.5257911682, 16.7580337524, 7.00639820099, 2.84489512444, 1.95831954479, 1.71638643742, 1.39431798458, 1.53347742558, 1.61873733997, 2.16730475426, 2.19527101517, 2.02397823334, 0.565047979355, 0.244227096438, 0.203896135092, 0.177673786879, 0.143034011126, 0.0877765640616, 0.0479103475809, 0.0224825963378, 0.0115654198453, 0.00678311707452, 0.0039699501358, 0.00203970982693, 0.000265337090241, 4.18488889409e-05, 1.44305540744e-05, 3.57892577085e-06, 7.97216671344e-06, 1.76221710717e-05],
        "min": [6.75414630678e-05, 0.000303340697428, 0.000638894503936, 0.000697490526363, 0.00118452764582, 0.00194159033708, 0.000876391015481, 0.000937361619435, 0.00221458775923, 0.00212133093737, 0.00158074300271, 0.000309992290568, 8.11244972283e-05, 0.000444633857114, 0.000484615447931, 0.000202294366318, 0.000493378844112, 0.000195304513909, 0.000194346430362, 5.05710522702e-05, 5.66217931919e-05, 0.000131599459564, 0.000112437686766, 0.000325508997776, 0.000174936285475, 0.000192657491425, 0.000219129709876, 0.000105969345896, 5.55591832381e-05, 8.23968148325e-05, 5.60371881875e-05, 3.98648880946e-05, 2.83882654912e-05, 1.65292767633e-05, 2.29602983381e-06, 6.18447870693e-07, 1.19804511201e-07, 2.32820251966e-08, 2.3839152874e-08, 7.27815852031e-09],
        "stdev": [0.00576096121222, 0.221929565072, 1.77349030972, 7.58099031448, 9.0319852829, 12.0450077057, 62.2210197449, 95.0706863403, 116.630119324, 100.9295578, 75.6291275024, 73.8541793823, 30.2598896027, 11.5780744553, 5.54172849655, 6.14187145233, 4.91983699799, 5.12094306946, 5.61687040329, 7.15573263168, 5.41628885269, 5.17783308029, 1.37033092976, 0.675440013409, 0.838410615921, 0.520898938179, 0.343282997608, 0.229786917567, 0.148713320494, 0.0741393864155, 0.0273098647594, 0.0125136477873, 0.00505532277748, 0.00257475906983, 0.000636866898276, 0.000109037304355, 3.48252979165e-05, 9.45336796576e-06, 1.14629883683e-05, 2.43132308242e-05]
    },
    "gfcc": {
        "mean": [-205.889938354, 179.996353149, -101.383674622, 44.944103241, -62.5656509399, -12.4794540405, -44.0069847107, -10.6303977966, 2.76352381706, -16.6809406281, 2.41566133499, -19.6773929596, 6.50445747375],
        "cov": [[7806.55273438, 1213.76647949, -573.847229004, -2032.34094238, 151.297164917, -1405.87780762, -59.1949234009, -383.237365723, 26.7568645477, 49.0600967407, -468.366607666, 138.289306641, -290.945343018], [1213.76647949, 627.456787109, 250.07270813, -581.768249512, 53.930809021, -286.882354736, -23.2695922852, -109.346641541, 44.7958641052, -23.5412330627, -19.8988628387, 27.1669483185, -42.0123062134], [-573.847229004, 250.07270813, 651.664428711, 31.0336685181, 10.7279462814, -39.1855354309, -73.1825256348, -101.090782166, -17.1413135529, -46.5014076233, 97.5357666016, 44.1924209595, 29.250711441], [-2032.34094238, -581.768249512, 31.0336685181, 1012.42181396, 89.1441650391, 266.81439209, -57.1338729858, 66.568031311, 25.4031200409, 7.14949560165, 108.898719788, -24.1167163849, 136.084960938], [151.297164917, 53.930809021, 10.7279462814, 89.1441650391, 207.700698853, -87.7589645386, -106.703338623, -35.0765228271, 32.7234382629, -10.6986370087, -4.50226783752, 15.2600030899, 29.4619426727], [-1405.87780762, -286.882354736, -39.1855354309, 266.81439209, -87.7589645386, 491.868804932, 158.108352661, 135.956924438, -27.8092861176, 4.93819522858, 57.5390396118, -68.4177322388, 13.3219337463], [-59.1949234009, -23.2695922852, -73.1825256348, -57.1338729858, -106.703338623, 158.108352661, 215.125183105, 70.4047393799, -30.2159996033, 9.38478279114, -6.87839078903, -40.3915100098, -35.8980484009], [-383.237365723, -109.346641541, -101.090782166, 66.568031311, -35.0765228271, 135.956924438, 70.4047393799, 125.439353943, 26.7319393158, 8.4065990448, 6.6001958847, -26.7327880859, -2.64819145203], [26.7568645477, 44.7958641052, -17.1413135529, 25.4031200409, 32.7234382629, -27.8092861176, -30.2159996033, 26.7319393158, 124.468505859, 43.6584587097, -16.3769836426, -18.339258194, 17.0022830963], [49.0600967407, -23.5412330627, -46.5014076233, 7.14949560165, -10.6986370087, 4.93819522858, 9.38478279114, 8.4065990448, 43.6584587097, 72.5866165161, 6.34528875351, -18.8445549011, -7.02716255188], [-468.366607666, -19.8988628387, 97.5357666016, 108.898719788, -4.50226783752, 57.5390396118, -6.87839078903, 6.6001958847, -16.3769836426, 6.34528875351, 97.6328811646, 21.2148933411, 11.0644664764], [138.289306641, 27.1669483185, 44.1924209595, -24.1167163849, 15.2600030899, -68.4177322388, -40.3915100098, -26.7327880859, -18.339258194, -18.8445549011, 21.2148933411, 73.0372238159, 19.4454936981], [-290.945343018, -42.0123062134, 29.250711441, 136.084960938, 29.4619426727, 13.3219337463, -35.8980484009, -2.64819145203, 17.0022830963, -7.02716255188, 11.0644664764, 19.4454936981, 69.9318695068]],
        "icov": [[0.00150198349729, 0.000540070584975, 0.000902628118638, 0.00188058719505, -0.00178729067557, 0.00289143389091, -0.00252391584218, 0.00224541150965, -0.000615890079644, -0.00104428641498, 0.00241153268144, -0.00205575022846, 0.00176269642543], [0.000540070584975, 0.0277954861522, -0.00679203495383, 0.0189219322056, -0.0125460745767, 0.00999785400927, -0.0150815108791, 0.0118612740189, -0.0202207807451, 0.0173259116709, -0.0208746157587, 0.0160188991576, -0.0134410457686], [0.000902628118638, -0.00679203495383, 0.00498642493039, -0.00334922480397, 0.00253142393194, -0.000809600576758, 0.00211626547389, 0.00140744715463, 0.0029531577602, -0.00225349166431, 0.00358040491119, -0.00490194140002, 0.00418621953577], [0.00188058719505, 0.0189219322056, -0.00334922480397, 0.0164171569049, -0.0107196597382, 0.00884036812931, -0.0118551589549, 0.00978605728596, -0.0135942148045, 0.0103090964258, -0.013276132755, 0.0103388382122, -0.0106710065156], [-0.00178729067557, -0.0125460745767, 0.00253142393194, -0.0107196597382, 0.0144113013521, -0.00681605003774, 0.011599377729, -0.00622520595789, 0.0073914709501, -0.00411586742848, 0.00623040692881, -0.0043006055057, 0.00377323152497], [0.00289143389091, 0.00999785400927, -0.000809600576758, 0.00884036812931, -0.00681605003774, 0.013521566987, -0.011461368762, 0.0043444018811, -0.00578216975555, 0.00388729409315, -0.00453375140205, 0.00527916057035, -0.00320595642552], [-0.00252391584218, -0.0150815108791, 0.00211626547389, -0.0118551589549, 0.011599377729, -0.011461368762, 0.0209759119898, -0.012439340353, 0.0137596279383, -0.0089009962976, 0.00859871320426, -0.00376641750336, 0.00566382380202], [0.00224541150965, 0.0118612740189, 0.00140744715463, 0.00978605728596, -0.00622520595789, 0.0043444018811, -0.012439340353, 0.025597114116, -0.0170357841998, 0.0114023629576, -0.00873535312712, 0.00303337490186, -0.000959272205364], [-0.000615890079644, -0.0202207807451, 0.0029531577602, -0.0135942148045, 0.0073914709501, -0.00578216975555, 0.0137596279383, -0.0170357841998, 0.0313805304468, -0.0234466008842, 0.0190599840134, -0.00798141304404, 0.00413226196542], [-0.00104428641498, 0.0173259116709, -0.00225349166431, 0.0103090964258, -0.00411586742848, 0.00388729409315, -0.0089009962976, 0.0114023629576, -0.0234466008842, 0.0362873114645, -0.023594327271, 0.0164276938885, -0.00768643105403], [0.00241153268144, -0.0208746157587, 0.00358040491119, -0.013276132755, 0.00623040692881, -0.00453375140205, 0.00859871320426, -0.00873535312712, 0.0190599840134, -0.023594327271, 0.04117051512, -0.0253072213382, 0.017669852823], [-0.00205575022846, 0.0160188991576, -0.00490194140002, 0.0103388382122, -0.0043006055057, 0.00527916057035, -0.00376641750336, 0.00303337490186, -0.00798141304404, 0.0164276938885, -0.0253072213382, 0.0380519703031, -0.0209958609194], [0.00176269642543, -0.0134410457686, 0.00418621953577, -0.0106710065156, 0.00377323152497, -0.00320595642552, 0.00566382380202, -0.000959272205364, 0.00413226196542, -0.00768643105403, 0.017669852823, -0.0209958609194, 0.0357303619385]]
    },
    "melbands": {
        "max": [0.00114455446601, 0.00375308748335, 0.0105575956404, 0.00625500222668, 0.0147128477693, 0.0213577207178, 0.0129509037361, 0.0124905630946, 0.00488104345277, 0.00779714994133, 0.00194156041835, 0.000930123729631, 0.000192200895981, 0.00027653973666, 0.00018322726828, 0.000152818960487, 0.000125884820591, 0.000148497230839, 0.000177313151653, 0.000180880510015, 7.11989632691e-05, 7.7514363511e-05, 3.18035199598e-05, 9.55556151894e-06, 1.24038697322e-05, 9.61575824476e-06, 9.51508718572e-06, 5.18570550412e-06, 3.00136161968e-06, 1.66869301665e-06, 1.66023596648e-06, 1.51805045334e-06, 1.3482850818e-06, 6.82268364471e-07, 2.20008146812e-07, 1.73960003735e-07, 1.41331412351e-07, 4.86955542556e-08, 2.97157729534e-08, 3.25353859409e-08],
        "mean": [7.96370877651e-05, 0.000566338130739, 0.000694439630024, 0.000346538901795, 0.000743691285606, 0.000924890860915, 0.000757539644837, 0.000361607439118, 0.000172825210029, 9.85755395959e-05, 3.16865371133e-05, 1.12839652502e-05, 6.67475433147e-06, 5.25369932802e-06, 3.32300055561e-06, 3.05408434542e-06, 2.80773247141e-06, 2.49302115662e-06, 2.75908769254e-06, 2.99426687889e-06, 2.52320842264e-06, 2.42325791078e-06, 8.70381541063e-07, 2.77036320995e-07, 1.83852009172e-07, 1.57074552476e-07, 1.30838984091e-07, 1.16403022332e-07, 9.99998803763e-08, 6.23840037406e-08, 4.70001673136e-08, 2.91879977965e-08, 1.73259291358e-08, 1.0537815065e-08, 6.85972212366e-09, 5.11299802497e-09, 3.72895847534e-09, 2.84296741704e-09, 2.34592323345e-09, 1.49081935685e-09],
        "min": [5.98334565893e-07, 3.49227093466e-07, 1.33032344252e-07, 1.17850476045e-07, 4.29946425129e-08, 2.11920205828e-08, 3.38038788072e-08, 2.23877716365e-08, 1.1046679127e-08, 1.34041400202e-09, 3.0957356123e-10, 1.63641544759e-09, 2.0622286101e-09, 3.8435077343e-10, 1.07144315642e-09, 8.23573098607e-10, 3.32552818616e-10, 3.95826926791e-10, 5.57811401236e-11, 7.39745209533e-11, 6.02455793586e-11, 1.26231955444e-10, 1.03052143208e-10, 1.2000332672e-10, 2.92100371668e-10, 1.72317674019e-10, 7.47183356853e-11, 1.59121715804e-10, 1.91541754679e-10, 9.06040034665e-11, 4.5650806052e-11, 2.60829483012e-11, 4.03860070386e-11, 4.56711335417e-11, 3.5174852614e-11, 2.38922527596e-11, 2.19991230094e-11, 1.98244493738e-11, 1.36935289496e-11, 1.5420954444e-11],
        "stdev": [0.000126028433442, 0.000667878775857, 0.00123162323143, 0.000543997215573, 0.0017426351551, 0.00202191714197, 0.00166628672741, 0.00101272773463, 0.000567914452404, 0.000457319285488, 0.000144381861901, 4.79863920191e-05, 1.89475485968e-05, 1.75818131538e-05, 1.15809307317e-05, 1.13847472676e-05, 9.83072732197e-06, 9.2228219728e-06, 1.00778570413e-05, 1.0560370356e-05, 6.00010253038e-06, 6.17356499788e-06, 2.42468354372e-06, 6.56569795865e-07, 5.69576911857e-07, 6.06049127327e-07, 5.88923512623e-07, 3.1841707937e-07, 2.48420718663e-07, 1.59591181159e-07, 1.27632276303e-07, 8.91940388215e-08, 6.15309474483e-08, 3.647720348e-08, 1.66602198703e-08, 1.05105186776e-08, 6.55217391454e-09, 3.83683529392e-09, 2.64759791868e-09, 2.12077599926e-09]
    },
    "melbands128": {
        "max": [0.000301175547065, 0.000135723050334, 0.00122406240553, 0.00383566459641, 0.00521202618256, 0.00815393589437, 0.011894823052, 0.0193915497512, 0.0194046907127, 0.0048469947651, 0.00727285724133, 0.0163064002991, 0.0243574921042, 0.0340740680695, 0.0344873666763, 0.0319435335696, 0.0332415178418, 0.0235685035586, 0.0216064620763, 0.023532288149, 0.0221414156258, 0.0117358900607, 0.00805676821619, 0.0102921053767, 0.011511573568, 0.00977124366909, 0.00600184500217, 0.00275936280377, 0.00165353203192, 0.00167301890906, 0.00147243577521, 0.000514348386787, 0.000231209138292, 0.000270624295808, 0.000288641778752, 0.000565316760913, 0.000473041727673, 0.000147223312524, 0.000150968102389, 0.000320070306771, 0.000241460060352, 0.000183024516446, 0.000221281428821, 0.000229349854635, 0.00024487360497, 0.000274316989817, 0.000283386092633, 0.000208682118682, 0.000231784637435, 0.000157323011081, 0.000336312456056, 0.000100108147308, 8.75782134244e-05, 8.31064462545e-05, 0.000103799335193, 8.91916206456e-05, 0.000155732850544, 4.43071294285e-05, 1.96057535504e-05, 2.29399320233e-05, 7.03499063093e-06, 6.30135809843e-06, 6.06844059803e-06, 2.47963289439e-05, 8.18314128992e-06, 1.47460996232e-05, 1.51070562424e-05, 2.29164834309e-05, 1.06549896373e-05, 1.11641538751e-05, 4.26569931733e-06, 3.99758346248e-06, 4.10434449805e-06, 3.38000518241e-06, 3.15355941893e-06, 1.65494338944e-06, 2.48286914939e-06, 2.22291237151e-06, 1.80854851806e-06, 1.18568368634e-06, 2.31023113884e-06, 2.40022723119e-06, 2.78321340375e-06, 1.23528809581e-06, 7.82400832122e-07, 9.93886487777e-07, 8.77103843777e-07, 4.98304075336e-07, 2.71973789268e-07, 2.00293769126e-07, 2.18315136635e-07, 1.63756709526e-07, 1.78812015861e-07, 1.77619313035e-07, 9.52578744773e-08, 6.51391260931e-08, 5.3412193779e-08, 4.89306515306e-08, 2.74476636974e-08, 3.140971927e-08, 3.39187167242e-08, 3.7753206783e-08, 2.53084611046e-08, 1.77845862481e-08, 7.96115529056e-09, 3.95844867995e-09, 3.4659650705e-09, 3.09947578714e-09, 1.74632075467e-09, 1.18533294291e-09, 2.49555864862e-09, 1.22629573163e-09, 1.09948572469e-09, 1.07274400474e-09, 1.79389436639e-09, 8.94963048115e-10, 9.96472460102e-10, 7.29809046529e-10, 7.8553907823e-10, 8.40171321403e-10, 5.50229528606e-10, 6.59303611705e-10, 6.47059295034e-10, 4.04941497001e-10, 3.74112685275e-10, 3.69132974187e-10, 3.66341484925e-10, 3.64591634661e-10],
        "mean": [8.70666917763e-06, 1.4880715753e-05, 6.67673593853e-05, 0.000278243329376, 0.00056582299294, 0.00078258139547, 0.000902385741938, 0.00069185520988, 0.000360176782124, 0.00027691127616, 0.000335699878633, 0.000528612465132, 0.000847796152811, 0.00102215178777, 0.00096972042229, 0.000811684818473, 0.000894457742106, 0.000751145242248, 0.00060989317717, 0.000407651561545, 0.000226150281378, 0.000230467034271, 0.000173938344233, 0.000105833183625, 0.000120721677376, 9.36032665777e-05, 4.62304815301e-05, 2.73460991593e-05, 1.73257740244e-05, 1.11290191853e-05, 1.05760227598e-05, 7.94943935034e-06, 6.19695993009e-06, 6.01499232289e-06, 5.50101594854e-06, 5.25224595549e-06, 4.61144418296e-06, 3.01417640003e-06, 2.60040155808e-06, 3.21863080899e-06, 3.19151718031e-06, 2.75828506346e-06, 2.95511404147e-06, 2.71846920441e-06, 2.58385512097e-06, 2.35384345615e-06, 2.52022960012e-06, 2.73468276646e-06, 2.88358182843e-06, 2.93787775263e-06, 3.47133959622e-06, 2.44773150371e-06, 2.18141212827e-06, 2.69258998742e-06, 2.96211123896e-06, 2.69301654043e-06, 1.7519874973e-06, 1.04161415493e-06, 5.89868989209e-07, 3.86125037721e-07, 2.56591221159e-07, 1.99931292855e-07, 1.87583239608e-07, 1.86206392527e-07, 1.66170806892e-07, 1.60309681974e-07, 1.47443884657e-07, 1.39180301062e-07, 1.30542545662e-07, 1.15603853601e-07, 1.05638612524e-07, 1.29273331595e-07, 1.15176611359e-07, 9.58809707186e-08, 8.12674230133e-08, 6.18408719788e-08, 5.53113608248e-08, 5.34543431741e-08, 4.71887240394e-08, 4.00322832661e-08, 3.1153689406e-08, 2.49359395355e-08, 2.23978702252e-08, 1.65013016584e-08, 1.37735396422e-08, 1.08677173927e-08, 9.98987736978e-09, 8.26821988653e-09, 6.8125465269e-09, 5.61470114846e-09, 5.6360556222e-09, 5.00880315002e-09, 4.24297219581e-09, 3.74287534299e-09, 3.41668693338e-09, 3.04970715348e-09, 2.70022959548e-09, 2.565855306e-09, 2.39628428211e-09, 2.22419060947e-09, 2.08044692585e-09, 1.52230283934e-09, 5.6314464203e-10, 3.28970545249e-10, 1.64104937972e-10, 9.63107163465e-11, 6.84198392387e-11, 5.68349430019e-11, 4.77514035258e-11, 4.10688774655e-11, 3.55956618348e-11, 3.22811291587e-11, 2.91346356762e-11, 2.63191655969e-11, 2.45650427083e-11, 2.26971306333e-11, 2.12020991042e-11, 1.92192494558e-11, 1.939076677e-11, 1.81939723704e-11, 1.76001678509e-11, 1.80810696276e-11, 1.55268749247e-11, 1.03630992676e-11, 5.70032129138e-12, 3.05151737212e-12, 2.34771555495e-12, 2.25788528499e-12],
        "min": [3.00225599936e-09, 7.00658304709e-08, 1.86715908512e-07, 3.60572755653e-07, 3.67642826404e-07, 2.39581083861e-07, 1.39646544994e-07, 2.3437625174e-08, 1.16399675676e-07, 7.33634806238e-08, 3.33202017089e-08, 6.76882194739e-08, 2.56210164196e-08, 7.22038606682e-09, 1.55776973543e-08, 3.12581605044e-08, 3.82043801039e-08, 2.15275850479e-08, 2.8657108686e-08, 1.47703520526e-08, 1.80786408066e-08, 8.9716172269e-09, 7.86254084062e-09, 3.79222475644e-09, 1.13244369437e-09, 5.91509230485e-10, 4.94279450702e-10, 1.79004241985e-10, 1.50200782367e-10, 9.86051018614e-10, 1.05365471903e-09, 1.63014179932e-09, 1.91145943518e-09, 1.16125797867e-09, 2.99403141168e-10, 2.50767184795e-10, 2.26132987335e-10, 6.26395935122e-10, 1.58817103912e-09, 1.22739796105e-09, 6.85828172031e-10, 1.74106826178e-10, 1.69667266348e-10, 5.26159560366e-10, 5.48079803764e-10, 4.47780590385e-10, 1.03417691077e-10, 4.1591861899e-11, 1.97443936201e-11, 7.80856004856e-11, 1.08506204022e-10, 2.91085419657e-11, 7.99462232526e-11, 6.58906887385e-11, 2.65230302998e-11, 1.24230306597e-10, 2.31313496135e-10, 1.46532522227e-10, 2.6914496673e-11, 6.62319643574e-11, 1.40535139082e-10, 1.37311648163e-10, 1.97780264388e-10, 4.50187082057e-10, 2.6418986443e-10, 1.80432474517e-10, 6.64958713092e-11, 1.17110737774e-10, 7.31144589317e-11, 3.21050894203e-11, 5.5318624681e-11, 2.5695076622e-10, 4.39565300825e-10, 1.00959261784e-10, 1.90503082059e-11, 1.01260104468e-10, 1.46138587342e-10, 2.94649547816e-11, 5.64809657377e-11, 1.77018399938e-11, 2.15346542681e-11, 2.70789467238e-11, 4.05077672794e-11, 2.37515736246e-11, 6.30558383286e-11, 5.62325082332e-11, 2.85169353409e-11, 4.93702301263e-11, 3.42637133943e-11, 2.62576974053e-11, 2.98702382273e-11, 1.31791556834e-11, 3.26127458372e-11, 3.24277375785e-11, 7.47596949624e-12, 8.76143688849e-12, 3.33885523396e-11, 1.88312889587e-11, 1.65443353461e-11, 4.60045890271e-12, 1.51880608784e-11, 1.42093802002e-11, 1.4293606446e-13, 2.84060850607e-14, 1.29187068012e-14, 1.17523305744e-14, 1.4827782692e-14, 1.63565687416e-14, 1.59590680379e-14, 2.01298989278e-14, 1.90038601039e-14, 2.41024970029e-14, 2.10284196197e-14, 2.00726411946e-14, 1.98314485629e-14, 1.93666002695e-14, 1.61547055437e-14, 1.61937774794e-14, 1.60783726285e-14, 1.96418216029e-14, 1.5030265918e-14, 1.40443288848e-14, 1.18575583244e-14, 1.64118969337e-14, 1.13126815112e-14, 4.79594332252e-15, 4.59493033391e-16, 2.55950675368e-17],
        "stdev": [2.10272846743e-05, 1.59396458912e-05, 0.000129715393996, 0.000477488734759, 0.000837996427435, 0.00119831890333, 0.00178933003917, 0.00173345475923, 0.00103601929732, 0.000603001390118, 0.000763642194215, 0.00142475997563, 0.00266030034982, 0.00314435688779, 0.00299099227414, 0.00241025420837, 0.00270752306096, 0.00216495688073, 0.0019521972863, 0.00149192556273, 0.00104399083648, 0.00100524444133, 0.000674310256727, 0.000524181232322, 0.000675373419654, 0.0005557424156, 0.000318434613291, 0.000128018204123, 8.58494313434e-05, 6.41299775452e-05, 5.79585248488e-05, 2.93866942229e-05, 2.06344830076e-05, 2.18373788812e-05, 2.04136467801e-05, 2.4886432584e-05, 2.31615431403e-05, 1.12902434921e-05, 1.01764944702e-05, 1.55427496793e-05, 1.44550922414e-05, 1.05475164673e-05, 1.26997401821e-05, 1.15669108709e-05, 1.21750299513e-05, 1.10958517325e-05, 1.20819931908e-05, 1.25368287627e-05, 1.29971458591e-05, 1.08230906335e-05, 1.67004636751e-05, 7.97502616479e-06, 6.03926855547e-06, 7.12970768291e-06, 7.84440999269e-06, 7.57467523727e-06, 6.5813310357e-06, 3.14729209094e-06, 1.60937918281e-06, 1.18906496027e-06, 6.13322413301e-07, 4.72601954016e-07, 5.2639398973e-07, 8.50928358886e-07, 5.4577640185e-07, 6.72737826335e-07, 6.85264524236e-07, 8.46319096581e-07, 6.0011569758e-07, 4.83101075588e-07, 3.03320007333e-07, 3.68352004898e-07, 3.22349507087e-07, 2.69688285925e-07, 2.28048278927e-07, 1.62716006002e-07, 1.68086600638e-07, 1.65085509707e-07, 1.31299088935e-07, 1.08774166563e-07, 1.02098397292e-07, 9.34591284363e-08, 1.01904099381e-07, 5.58547306184e-08, 4.99552967881e-08, 4.13914271746e-08, 3.77538285079e-08, 2.50733993568e-08, 1.73183742902e-08, 1.16873142275e-08, 1.29329444931e-08, 1.04205533091e-08, 9.05458108491e-09, 7.30313942654e-09, 5.64776181378e-09, 4.8739163816e-09, 3.73835451484e-09, 3.431051665e-09, 2.94564661552e-09, 2.59776178346e-09, 2.45125297837e-09, 2.40203013036e-09, 1.87087323411e-09, 1.1301644065e-09, 5.45862188783e-10, 3.21215359866e-10, 2.31231866987e-10, 1.8973127236e-10, 1.54844789768e-10, 1.28524232923e-10, 1.22268362102e-10, 1.02974205551e-10, 9.18256096161e-11, 8.35606028815e-11, 8.62986279659e-11, 7.07379294029e-11, 6.65972069158e-11, 5.86285325843e-11, 6.36113869912e-11, 5.88950069269e-11, 5.33670919955e-11, 5.55133300439e-11, 4.84838454107e-11, 3.29886430672e-11, 1.82937467258e-11, 1.17034481065e-11, 1.06777720346e-11, 1.05715462426e-11]
    },
    "mfcc": {
        "mean": [-843.190551758, 186.560653687, 25.5241909027, 41.0772285461, 12.0859460831, -5.07152175903, -19.8593940735, -8.34527873993, -0.491176873446, -4.82340192795, -5.54362726212, 4.45019578934, 0.408632546663],
        "cov": [[7086.39013672, 1995.34655762, -1357.30773926, -422.793121338, -699.555358887, -549.353210449, -672.761291504, -388.851867676, -16.7461528778, -272.907165527, -243.264755249, 91.7447738647, -26.7918796539], [1995.34655762, 1496.2109375, -55.6380805969, -383.103942871, -188.053726196, -261.028167725, -241.946289062, -160.099960327, -69.7698669434, -174.530487061, -91.4451217651, 88.5846099854, 27.37707901], [-1357.30773926, -55.6380805969, 623.681091309, 64.2583236694, 81.7112426758, 89.9393463135, 104.16469574, 37.4465141296, -55.6925430298, -24.2884788513, 19.0807247162, 13.9298410416, 27.6120223999], [-422.793121338, -383.103942871, 64.2583236694, 500.097320557, 245.247589111, 29.9905357361, -62.1086235046, -47.1895942688, -22.964597702, -23.3670387268, -59.1750793457, -35.487159729, 25.4192829132], [-699.555358887, -188.053726196, 81.7112426758, 245.247589111, 365.930938721, 48.0816574097, -56.0249061584, -18.0568981171, -22.6349086761, -3.54801273346, -42.0188560486, -34.3337020874, 34.2588844299], [-549.353210449, -261.028167725, 89.9393463135, 29.9905357361, 48.0816574097, 156.550964355, 101.967323303, 36.2964553833, 26.3026256561, 50.8287124634, 40.3093070984, -12.5960102081, -22.8235492706], [-672.761291504, -241.946289062, 104.16469574, -62.1086235046, -56.0249061584, 101.967323303, 242.107940674, 112.797073364, -9.71988391876, 49.3277740479, 67.6210861206, -15.6512594223, -27.7884216309], [-388.851867676, -160.099960327, 37.4465141296, -47.1895942688, -18.0568981171, 36.2964553833, 112.797073364, 126.447547913, 28.849489212, 25.6741828918, 37.7533226013, -9.64426803589, -10.0426197052], [-16.7461528778, -69.7698669434, -55.6925430298, -22.964597702, -22.6349086761, 26.3026256561, -9.71988391876, 28.849489212, 124.471305847, 67.4800872803, 25.0619029999, 12.0135993958, -15.2456083298], [-272.907165527, -174.530487061, -24.2884788513, -23.3670387268, -3.54801273346, 50.8287124634, 49.3277740479, 25.6741828918, 67.4800872803, 137.062133789, 78.8926696777, -8.26286697388, -20.0173988342], [-243.264755249, -91.4451217651, 19.0807247162, -59.1750793457, -42.0188560486, 40.3093070984, 67.6210861206, 37.7533226013, 25.0619029999, 78.8926696777, 113.104629517, 24.6270694733, -21.9785079956], [91.7447738647, 88.5846099854, 13.9298410416, -35.487159729, -34.3337020874, -12.5960102081, -15.6512594223, -9.64426803589, 12.0135993958, -8.26286697388, 24.6270694733, 67.6549530029, 17.8590602875], [-26.7918796539, 27.37707901, 27.6120223999, 25.4192829132, 34.2588844299, -22.8235492706, -27.7884216309, -10.0426197052, -15.2456083298, -20.0173988342, -21.9785079956, 17.8590602875, 66.1139984131]],
        "icov": [[0.00134473608341, -0.00163482944481, 0.00255693588406, -0.0013512406731, 0.00280217360705, -0.00176408619154, 0.00235518906265, -0.00095815473469, 0.00151012523565, -0.00046865537297, 0.00104417430703, -0.000134102912853, 4.65661396447e-05], [-0.00163482944481, 0.0038758800365, -0.00353397405706, 0.00340713490732, -0.00382181350142, 0.00428082887083, -0.0026503840927, 0.00322551978752, -0.0023509375751, 0.00217289151624, -0.00115400471259, -0.000709409068804, 0.000656449527014], [0.00255693588406, -0.00353397405706, 0.00704104127362, -0.00309081631713, 0.00509540410712, -0.00488456105813, 0.00379021838307, -0.00243536219932, 0.00371185946278, -0.000570003350731, 0.00157439417671, -0.000757430738304, -0.000944818835706], [-0.0013512406731, 0.00340713490732, -0.00309081631713, 0.00617542583495, -0.00514016393572, 0.00359203363769, -0.00240393099375, 0.00407761940733, -0.00253722839989, 0.0024908662308, -0.000671570771374, 0.000238444277784, 0.000352080387529], [0.00280217360705, -0.00382181350142, 0.00509540410712, -0.00514016393572, 0.0113661438227, -0.00714235333726, 0.00828251615167, -0.0051080621779, 0.00581238605082, -0.0034043143969, 0.00344231631607, 0.00087697210256, -0.00186665693764], [-0.00176408619154, 0.00428082887083, -0.00488456105813, 0.00359203363769, -0.00714235333726, 0.0181361790746, -0.010480475612, 0.00833416450769, -0.00806756969541, 0.00333374552429, -0.0033415784128, 0.00048242835328, 0.00290206656791], [0.00235518906265, -0.0026503840927, 0.00379021838307, -0.00240393099375, 0.00828251615167, -0.010480475612, 0.0192751828581, -0.0133570926264, 0.0112946070731, -0.00582051835954, 0.00291397445835, -0.00117995566688, 0.0016856463626], [-0.00095815473469, 0.00322551978752, -0.00243536219932, 0.00407761940733, -0.0051080621779, 0.00833416450769, -0.0133570926264, 0.0235586874187, -0.0129602812231, 0.0106655303389, -0.00817127525806, 0.00630504684523, -0.00296513107605], [0.00151012523565, -0.0023509375751, 0.00371185946278, -0.00253722839989, 0.00581238605082, -0.00806756969541, 0.0112946070731, -0.0129602812231, 0.0225675553083, -0.0156085900962, 0.0110208289698, -0.0100575881079, 0.0048510809429], [-0.00046865537297, 0.00217289151624, -0.000570003350731, 0.0024908662308, -0.0034043143969, 0.00333374552429, -0.00582051835954, 0.0106655303389, -0.0156085900962, 0.0273552779108, -0.0198273546994, 0.0129657294601, -0.00513129215688], [0.00104417430703, -0.00115400471259, 0.00157439417671, -0.000671570771374, 0.00344231631607, -0.0033415784128, 0.00291397445835, -0.00817127525806, 0.0110208289698, -0.0198273546994, 0.0298968348652, -0.017520358786, 0.00875754933804], [-0.000134102912853, -0.000709409068804, -0.000757430738304, 0.000238444277784, 0.00087697210256, 0.00048242835328, -0.00117995566688, 0.00630504684523, -0.0100575881079, 0.0129657294601, -0.017520358786, 0.0301772002131, -0.0117316022515], [4.65661396447e-05, 0.000656449527014, -0.000944818835706, 0.000352080387529, -0.00186665693764, 0.00290206656791, 0.0016856463626, -0.00296513107605, 0.0048510809429, -0.00513129215688, 0.00875754933804, -0.0117316022515, 0.0230041947216]]
    },
    "spectral_contrast_coeffs": {
        "max": [-0.322065651417, -0.43325445056, -0.594485163689, -0.653348088264, -0.716642856598, -0.62954723835],
        "mean": [-0.699425399303, -0.725725114346, -0.831248819828, -0.842166125774, -0.836406588554, -0.791441261768],
        "min": [-0.913806557655, -0.935220718384, -0.937013983727, -0.928575277328, -0.914007246494, -0.929247677326],
        "stdev": [0.12219119817, 0.112314008176, 0.0598313324153, 0.0503458194435, 0.0392510294914, 0.0356719046831]
    },
    "spectral_contrast_valleys": {
        "max": [-5.86347150803, -4.8500623703, -6.15069103241, -6.76154518127, -7.46160316467, -10.9650802612],
        "mean": [-7.43357229233, -7.55018234253, -9.11146450043, -9.34991931915, -9.66873645782, -12.8575162888],
        "min": [-10.2013759613, -10.2650308609, -11.2580776215, -11.782166481, -12.2447814941, -14.1501941681],
        "stdev": [0.670487165451, 1.10464370251, 1.0544962883, 0.931868910789, 0.790777146816, 0.551209568977]
    }
},
"rhythm": {
    "beats_count": 48,
    "beats_loudness": {
        "max": 0.0813021808863,
        "mean": 0.0206502713263,
        "min": 0.000132016968564,
        "stdev": 0.0191406887025
    },
    "bpm": 95.8168334961,
    "bpm_histogram_first_peak_bpm": 96,
    "bpm_histogram_first_peak_weight": 0.583333313465,
    "bpm_histogram_second_peak_bpm": 86,
    "bpm_histogram_second_peak_spread": 0.45454543829,
    "bpm_histogram_second_peak_weight": 0.255319148302,
    "danceability": 1.24774825573,
    "onset_rate": 4.46044874191,
    "beats_loudness_band_ratio": {
        "max": [0.864410281181, 0.828745365143, 0.762990295887, 0.124435454607, 0.145876035094, 0.0157044827938],
        "mean": [0.379340440035, 0.377058237791, 0.277463465929, 0.0113986684009, 0.0118728624657, 0.00153312680777],
        "min": [0.0866052135825, 0.0516056120396, 0.00464604189619, 0.00025593265309, 6.91206441843e-05, 5.02120965393e-05],
        "stdev": [0.202953547239, 0.23500931263, 0.249466404319, 0.0201663263142, 0.0221567936242, 0.00267976219766]
    },
    "beats_position": [0.626938760281, 1.25387752056, 1.88081634045, 2.51936507225, 3.14630389214, 3.78485250473, 4.43501138687, 5.0967798233, 5.73532867432, 6.3622674942, 6.98920631409, 7.6277551651, 8.26630401611, 8.893242836, 9.52018165588, 10.1239004135, 10.7392292023, 11.354557991, 11.9582767487, 12.5736055374, 13.1889343262, 13.8158731461, 14.4195919037, 15.0465307236, 15.6734695435, 16.3236274719, 17.0086174011, 17.693605423, 18.390203476, 19.0868015289, 19.760181427, 20.45677948, 21.1882076263, 21.9196376801, 22.6394557953, 23.3708839417, 24.0907020569, 24.7873020172, 25.4955101013, 26.2037181854, 26.8887062073, 27.5969161987, 28.2935142517, 28.9785022736, 29.6751022339, 30.3717002869, 31.0682983398, 31.776506424],
