{
"metadata": {
    "version": {
        "essentia": "2.1-beta5",
        "essentia_git_sha": "Undefined",
        "extractor": "music 2.0"
    },
    "audio_properties": {
        "analysis": {
            "equal_loudness": 0,
            "length": 32.4963264465,
            "sample_rate": 44100,
            "start_time": 29.0017242432,
            "downmix": "mix"
        },
        "bit_rate": 192000,
        "length": 244.36680603,
        "lossless": 0,
        "number_channels": 1,
        "replay_gain": -16.2049369812,
        "sample_rate": 48000,
        "codec": "mp3",
        "md5_encoded": "47b0032b11e8402d3803ee52588340fb"
    },
    "tags": {
        "file_name": "Italy_Aprite Le Finestre_Franca Raimondi.mp3",
        "encoding": ["Lavf58.29.100"]
    }
},
"lowlevel": {
    "average_loudness": 0.440550118685,
    "barkbands_crest": {
        "max": 25.4741020203,
        "mean": 9.78140449524,
        "min": 2.56226992607,
        "stdev": 4.33276700974
    },
    "barkbands_flatness_db": {
        "max": 0.453034132719,
        "mean": 0.223959743977,
        "min": 0.0830016285181,
        "stdev": 0.0619255937636
    },
    "barkbands_kurtosis": {
        "max": 168.301620483,
        "mean": 12.4292526245,
        "min": -1.67837142944,
        "stdev": 18.7880592346
    },
    "barkbands_skewness": {
        "max": 10.3990955353,
        "mean": 1.87268340588,
        "min": -1.40975809097,
        "stdev": 2.13528490067
    },
    "barkbands_spread": {
        "max": 59.330997467,
        "mean": 9.26954078674,
        "min": 0.424873620272,
        "stdev": 6.94336891174
    },
    "dissonance": {
        "max": 0.5,
        "mean": 0.449089884758,
        "min": 0.201137304306,
        "stdev": 0.0567205585539
    },
    "dynamic_complexity": 9.72640609741,
    "erbbands_crest": {
        "max": 28.226480484,
        "mean": 9.32323169708,
        "min": 2.95760011673,
        "stdev": 4.6738743782
    },
    "erbbands_flatness_db": {
        "max": 0.412812322378,
        "mean": 0.23280890286,
        "min": 0.11434520781,
        "stdev": 0.0683527365327
    },
    "erbbands_kurtosis": {
        "max": 32.1948127747,
        "mean": 2.20181083679,
        "min": -1.66408395767,
        "stdev": 4.12513303757
    },
    "erbbands_skewness": {
        "max": 5.07559347153,
        "mean": 0.793930053711,
        "min": -1.68334650993,
        "stdev": 1.00665080547
    },
    "erbbands_spread": {
        "max": 100.869087219,
        "mean": 27.2136859894,
        "min": 1.84422922134,
        "stdev": 20.2956733704
    },
    "hfc": {
        "max": 72.5163879395,
        "mean": 7.71333265305,
        "min": 0.0135603370145,
        "stdev": 10.6117887497
    },
    "loudness_ebu128": {
        "integrated": -12.3961210251,
        "loudness_range": 16.0568084717,
        "momentary": {
            "max": -6.97334766388,
            "mean": -19.4054088593,
            "min": -34.9155883789,
            "stdev": 8.87148761749
        },
        "short_term": {
            "max": -10.3532943726,
            "mean": -17.0598201752,
            "min": -32.2340354919,
            "stdev": 6.40430116653
        }
    },
    "melbands_crest": {
        "max": 30.9954662323,
        "mean": 13.4289112091,
        "min": 2.8913230896,
        "stdev": 6.52674865723
    },
    "melbands_flatness_db": {
        "max": 0.528485655785,
        "mean": 0.270891547203,
        "min": 0.0800689905882,
        "stdev": 0.0901813879609
    },
    "melbands_kurtosis": {
        "max": 330.286437988,
        "mean": 25.3258724213,
        "min": -1.53576588631,
        "stdev": 41.8488349915
    },
    "melbands_skewness": {
        "max": 13.4085016251,
        "mean": 2.5535504818,
        "min": -0.82010102272,
        "stdev": 2.72751545906
    },
    "melbands_spread": {
        "max": 89.731010437,
        "mean": 14.0025062561,
        "min": 0.715630710125,
        "stdev": 13.4873418808
    },
    "pitch_salience": {
        "max": 0.895524978638,
        "mean": 0.631310284138,
        "min": 0.123915761709,
        "stdev": 0.144278168678
    },
    "silence_rate_20dB": {
        "max": 1,
        "mean": 1,
        "min": 1,
        "stdev": 0
    },
    "silence_rate_30dB": {
        "max": 1,
        "mean": 0.9935759902,
        "min": 0,
        "stdev": 0.0798907801509
    },
    "silence_rate_60dB": {
        "max": 1,
        "mean": 0.459671676159,
        "min": 0,
        "stdev": 0.498374760151
    },
    "spectral_centroid": {
        "max": 3460.78662109,
        "mean": 877.134460449,
        "min": 172.857406616,
        "stdev": 588.798095703
    },
    "spectral_complexity": {
        "max": 44,
        "mean": 10.2255535126,
        "min": 0,
        "stdev": 10.0094461441
    },
    "spectral_decrease": {
        "max": -1.26397833172e-11,
        "mean": -3.33366334537e-09,
        "min": -3.84707057322e-08,
        "stdev": 5.46600187334e-09
    },
    "spectral_energy": {
        "max": 0.151081293821,
        "mean": 0.0132816210389,
        "min": 4.89353660669e-05,
        "stdev": 0.0214762110263
    },
    "spectral_energyband_high": {
        "max": 0.000590427836869,
        "mean": 2.58605814452e-05,
        "min": 5.14644511895e-07,
        "stdev": 5.14286075486e-05
    },
    "spectral_energyband_low": {
        "max": 0.0327524915338,
        "mean": 0.00150165485684,
        "min": 1.55011839524e-05,
        "stdev": 0.00309853209183
    },
    "spectral_energyband_middle_high": {
        "max": 0.0205625370145,
        "mean": 0.00241608242504,
        "min": 1.1178638033e-06,
        "stdev": 0.00370868621394
    },
    "spectral_energyband_middle_low": {
        "max": 0.148056730628,
        "mean": 0.00975083839148,
        "min": 9.38325956668e-06,
        "stdev": 0.0195777732879
    },
    "spectral_entropy": {
        "max": 8.44154071808,
        "mean": 7.07742881775,
        "min": 4.70505809784,
        "stdev": 0.648349404335
    },
    "spectral_flux": {
        "max": 0.330346554518,
        "mean": 0.0525163039565,
        "min": 0.00276227435097,
        "stdev": 0.0540069490671
    },
    "spectral_kurtosis": {
        "max": 83.3752212524,
        "mean": 11.3617010117,
        "min": -0.749412059784,
        "stdev": 12.3528223038
    },
    "spectral_rms": {
        "max": 0.0121406912804,
        "mean": 0.00265202089213,
        "min": 0.000218499015318,
        "stdev": 0.00243402062915
    },
    "spectral_rolloff": {
        "max": 4823.4375,
        "mean": 877.743225098,
        "min": 86.1328125,
        "stdev": 774.256469727
    },
    "spectral_skewness": {
        "max": 7.04534482956,
        "mean": 2.15523505211,
        "min": 0.0559881515801,
        "stdev": 1.10798346996
    },
    "spectral_spread": {
        "max": 24928908,
        "mean": 2844694.25,
        "min": 858163.875,
        "stdev": 1363707.5
    },
    "spectral_strongpeak": {
        "max": 5.71347808838,
        "mean": 0.659763514996,
        "min": 0,
        "stdev": 0.922069191933
    },
    "zerocrossingrate": {
        "max": 0.10595703125,
        "mean": 0.0354483127594,
        "min": 0.00634765625,
        "stdev": 0.0221143849194
    },
    "barkbands": {
        "max": [0.000790126505308, 0.00818364229053, 0.0167055539787, 0.0277627427131, 0.0608353316784, 0.0653566345572, 0.110448040068, 0.0735584199429, 0.0421873703599, 0.0168371759355, 0.00647332565859, 0.00670081889257, 0.00568256154656, 0.00819572247565, 0.00482230260968, 0.00408132560551, 0.00180085864849, 0.00184426119085, 0.00147568166722, 0.000508351309691, 0.000249437667662, 0.00020200657309, 4.56806410511e-05, 8.71626343724e-06, 3.61266893378e-06, 4.51681444247e-07, 4.86457224724e-07],
        "mean": [1.21191005746e-05, 0.000309970462695, 0.000837064580992, 0.000612104835454, 0.00161319505423, 0.00255893240683, 0.00265032239258, 0.0010948224226, 0.00106655212585, 0.000544111302588, 0.000299413688481, 0.000318601785693, 0.000324706692481, 0.000348589586793, 0.00029031932354, 0.000174588625669, 0.000110369059257, 4.89982085128e-05, 3.15919533023e-05, 1.8058302885e-05, 1.05362187242e-05, 4.63756487079e-06, 1.33385970003e-06, 5.36579193522e-07, 1.55891214604e-07, 4.47900072587e-09, 3.11900327787e-09],
        "min": [8.26521429076e-09, 5.26539861312e-06, 1.41606483339e-06, 3.84689855082e-07, 2.3041602617e-06, 2.63941586809e-07, 2.26068124221e-07, 8.55212007878e-08, 5.05685093799e-08, 3.17793791282e-08, 2.32884111995e-08, 3.55524463203e-08, 3.22491260363e-08, 4.26088853089e-08, 5.41174962621e-08, 3.49142759148e-08, 6.24390423809e-08, 6.26747862498e-08, 6.33462278188e-08, 6.70466988595e-08, 7.9059013558e-08, 7.19039050523e-08, 6.62411849817e-08, 8.22047709903e-08, 2.50074805308e-08, 6.36490166128e-12, 7.67236014304e-12],
        "stdev": [4.36478767369e-05, 0.000628294888884, 0.00198461394757, 0.00236769416369, 0.00541071407497, 0.00677302246913, 0.00803903397173, 0.00463186716661, 0.004187468905, 0.00158029270824, 0.000622500840109, 0.000666260893922, 0.000619164027739, 0.000695688999258, 0.000559418345802, 0.000345873297192, 0.00020623767341, 0.000102022488136, 6.99930315022e-05, 4.01360666729e-05, 2.17556298594e-05, 1.21475841297e-05, 2.77616845779e-06, 7.40841016977e-07, 2.28803216373e-07, 2.4629345674e-08, 2.10447819171e-08]
    },
    "erbbands": {
        "max": [0.187815472484, 2.09039902687, 15.2572927475, 69.0446166992, 111.964660645, 347.781036377, 653.160949707, 787.067993164, 1981.11450195, 1504.33288574, 1084.28417969, 1281.64111328, 726.245910645, 773.729187012, 271.502624512, 320.435180664, 279.496276855, 283.62310791, 287.888214111, 237.484329224, 209.923553467, 116.880516052, 89.9244537354, 76.1324157715, 48.7183113098, 23.0867099762, 15.4167060852, 10.0926761627, 8.15416622162, 3.40268659592, 1.15218770504, 0.218317434192, 0.111762732267, 0.057043556124, 0.0145421214402, 0.00197798060253, 0.000847792543937, 0.000303174485452, 8.63989480422e-05, 0.000169785693288],
        "mean": [0.00409999443218, 0.097784101963, 0.794427752495, 1.73807752132, 3.10080695152, 6.11877393723, 13.3024568558, 21.9543704987, 38.2865982056, 28.480512619, 24.7961025238, 26.2363319397, 16.0844783783, 19.6335811615, 11.5719900131, 13.6077861786, 15.5233163834, 17.1360645294, 17.5338478088, 12.2479343414, 8.97783088684, 6.28712177277, 3.04228258133, 1.99805939198, 1.3112282753, 0.854373455048, 0.547873318195, 0.334238618612, 0.185664027929, 0.0816243886948, 0.0334130115807, 0.0149601716548, 0.0073059280403, 0.00330226030201, 0.000299221253954, 3.68272230844e-05, 1.26971508507e-05, 3.65323899132e-06, 7.13619647286e-06, 1.52194170369e-05],
        "min": [6.38334749965e-05, 0.000959420169238, 0.0021299791988, 0.00281453551725, 0.00298220617697, 0.00552586140111, 0.00319068343379, 0.00314189260826, 0.00421639950946, 0.00274976878427, 0.00239329668693, 0.00132113602012, 0.00173119851388, 0.0017872180324, 0.00261992285959, 0.00245837005787, 0.00185398419853, 0.00286799878813, 0.0024163282942, 0.00334022752941, 0.0030498795677, 0.00408480269834, 0.00378653290682, 0.00398610951379, 0.00406016083434, 0.00344787561335, 0.00319330394268, 0.00301212514751, 0.00250234105624, 0.00176535686478, 0.00190549064428, 0.00159041630104, 0.00138882070314, 0.000626216584351, 2.75240308838e-05, 1.07084758838e-06, 1.55345830422e-07, 2.70086886189e-08, 3.1240471543e-08, 5.60557715801e-08],
        "stdev": [0.00759099703282, 0.189398676157, 1.68714988232, 5.49554252625, 9.89296531677, 25.6554813385, 40.0864906311, 67.4694290161, 116.859283447, 97.9260635376, 93.7754211426, 105.900810242, 59.6590309143, 54.7959899902, 22.2199859619, 29.3105392456, 28.7945537567, 32.8188323975, 32.4836807251, 24.175994873, 17.0002002716, 11.7549819946, 5.96395015717, 4.48790216446, 2.67071461678, 1.84250259399, 1.13903403282, 0.746222257614, 0.495066285133, 0.194008380175, 0.0671461597085, 0.0235847905278, 0.00894581153989, 0.00401938008144, 0.000869883282576, 0.000135934838909, 4.68460530101e-05, 1.50607011165e-05, 1.18586895042e-05, 2.41452653427e-05]
    },
    "gfcc": {
        "mean": [-178.562194824, 164.084716797, -143.396362305, 39.1259078979, -58.1075134277, 4.94723558426, -31.9286556244, -8.21225452423, -1.30668258667, -17.0784263611, 4.91506242752, -21.7978248596, 5.63455486298],
        "cov": [[10781.6855469, 988.711547852, -3455.18212891, -2845.60205078, 310.272247314, -1389.26293945, 347.191375732, -596.926940918, 145.104537964, 95.1798248291, -179.81640625, 193.546234131, -161.232559204], [988.711547852, 767.88470459, 392.329315186, -533.078674316, 16.7391166687, -411.108337402, -133.478530884, -77.2528076172, 8.01290225983, -19.2370414734, 29.0062942505, 13.1216945648, 4.08996534348], [-3455.18212891, 392.329315186, 2480.17871094, 747.327026367, -238.669265747, -0.882052242756, -363.835388184, 168.728393555, -59.1823654175, -65.7431716919, 19.8437671661, -62.0226745605, 15.0748271942], [-2845.60205078, -533.078674316, 747.327026367, 1065.70446777, -35.5312538147, 410.33706665, -46.8065032959, 149.545608521, -15.7909669876, -19.7333698273, 21.595281601, -45.141834259, 41.6078224182], [310.272247314, 16.7391166687, -238.669265747, -35.5312538147, 168.56388855, 9.98681354523, 17.1186656952, -24.5102825165, 12.2001962662, 6.30247163773, 25.5165996552, 9.34114360809, 15.6179866791], [-1389.26293945, -411.108337402, -0.882052242756, 410.33706665, 9.98681354523, 469.73425293, 116.60118103, 110.842285156, -7.40261363983, 0.842216432095, 20.2757339478, -37.574962616, 14.5612888336], [347.191375732, -133.478530884, -363.835388184, -46.8065032959, 17.1186656952, 116.60118103, 175.308502197, 21.8686485291, 9.16506576538, 7.18259477615, -8.3944311142, -4.66028261185, -13.7260704041], [-596.926940918, -77.2528076172, 168.728393555, 149.545608521, -24.5102825165, 110.842285156, 21.8686485291, 111.997367859, 19.7005958557, 4.42619419098, -3.04836916924, -24.9054374695, -6.69419622421], [145.104537964, 8.01290225983, -59.1823654175, -15.7909669876, 12.2001962662, -7.40261363983, 9.16506576538, 19.7005958557, 77.1940307617, 23.0992565155, -12.7121133804, -5.18284273148, -2.85337710381], [95.1798248291, -19.2370414734, -65.7431716919, -19.7333698273, 6.30247163773, 0.842216432095, 7.18259477615, 4.42619419098, 23.0992565155, 48.4582595825, 12.7212934494, -2.54979205132, -7.47384262085], [-179.81640625, 29.0062942505, 19.8437671661, 21.595281601, 25.5165996552, 20.2757339478, -8.3944311142, -3.04836916924, -12.7121133804, 12.7212934494, 70.1967544556, 19.109992981, 15.9547166824], [193.546234131, 13.1216945648, -62.0226745605, -45.141834259, 9.34114360809, -37.574962616, -4.66028261185, -24.9054374695, -5.18284273148, -2.54979205132, 19.109992981, 48.5370407104, 16.3847751617], [-161.232559204, 4.08996534348, 15.0748271942, 41.6078224182, 15.6179866791, 14.5612888336, -13.7260704041, -6.69419622421, -2.85337710381, -7.47384262085, 15.9547166824, 16.3847751617, 49.4490737915]],
        "icov": [[0.00182136101648, -4.28754174209e-05, 0.0010789752705, 0.00198202719912, -0.0014471616596, 0.00343097327277, -0.0029053685721, 0.00216842861846, -0.00108758406714, -0.00102395168506, 0.00315994978882, -0.00251003168523, 0.00247401720844], [-4.28754174209e-05, 0.0135272732005, -0.00533889746293, 0.00846445467323, -0.00505393836647, 0.00617046700791, -0.00300449272618, 0.00150222191587, -0.00595456827432, 0.00767040019855, -0.0107200723141, 0.0100297564641, -0.00665346626192], [0.0010789752705, -0.00533889746293, 0.00383342895657, -0.00272962125018, 0.00217422610149, 3.01826548821e-05, 0.00133923674002, -0.00074936094461, 0.00203412375413, -0.0024626753293, 0.00513364979997, -0.00451782951131, 0.00424826750532], [0.00198202719912, 0.00846445467323, -0.00272962125018, 0.00972986035049, -0.00510055525228, 0.00560726132244, -0.00425994303077, 0.00294553628191, -0.00497579900548, 0.00353649747558, -0.00268870871514, 0.00331774866208, -0.002400735626], [-0.0014471616596, -0.00505393836647, 0.00217422610149, -0.00510055525228, 0.0111302882433, -0.00510919932276, 0.00441451976076, -0.00129374035168, 0.00107340922114, -0.000202344090212, -0.00237640272826, 0.000175008506631, -0.000892170937732], [0.00343097327277, 0.00617046700791, 3.01826548821e-05, 0.00560726132244, -0.00510919932276, 0.0151471188292, -0.0102260783315, 0.00201554689556, -0.00344172376208, 0.00176368968096, -0.000825678696856, 0.00272703985684, -3.23234926327e-05], [-0.0029053685721, -0.00300449272618, 0.00133923674002, -0.00425994303077, 0.00441451976076, -0.0102260783315, 0.0177581403404, -0.00676203612238, 0.00321423239075, 0.00127696373966, -0.00201414432377, 0.000690655200742, 0.000381859776098], [0.00216842861846, 0.00150222191587, -0.00074936094461, 0.00294553628191, -0.00129374035168, 0.00201554689556, -0.00676203612238, 0.0196119230241, -0.00738309044391, -0.000409046129789, 0.00171295425389, 0.00116407719906, 0.00386288715526], [-0.00108758406714, -0.00595456827432, 0.00203412375413, -0.00497579900548, 0.00107340922114, -0.00344172376208, 0.00321423239075, -0.00738309044391, 0.0221049450338, -0.0126291392371, 0.00889927335083, -0.00385193270631, -0.00114809663501], [-0.00102395168506, 0.00767040019855, -0.0024626753293, 0.00353649747558, -0.000202344090212, 0.00176368968096, 0.00127696373966, -0.000409046129789, -0.0126291392371, 0.0350893624127, -0.0182263366878, 0.0109837139025, 0.000461637420813], [0.00315994978882, -0.0107200723141, 0.00513364979997, -0.00268870871514, -0.00237640272826, -0.000825678696856, -0.00201414432377, 0.00171295425389, 0.00889927335083, -0.0182263366878, 0.0365544371307, -0.0214363727719, 0.00562111148611], [-0.00251003168523, 0.0100297564641, -0.00451782951131, 0.00331774866208, 0.000175008506631, 0.00272703985684, 0.000690655200742, 0.00116407719906, -0.00385193270631, 0.0109837139025, -0.0214363727719, 0.0421456620097, -0.0165476389229], [0.00247401720844, -0.00665346626192, 0.00424826750532, -0.002400735626, -0.000892170937732, -3.23234926327e-05, 0.000381859776098, 0.00386288715526, -0.00114809663501, 0.000461637420813, 0.00562111148611, -0.0165476389229, 0.0341579169035]]
    },
    "melbands": {
        "max": [0.00205478700809, 0.00555794546381, 0.00945254042745, 0.0167010407895, 0.0176975689828, 0.0156395062804, 0.0257815867662, 0.016422489658, 0.00814731046557, 0.00791351683438, 0.00358125148341, 0.00310247973539, 0.0010281446157, 0.000570531818084, 0.00068227481097, 0.000700820994098, 0.000587231072132, 0.000646057014819, 0.000371040485334, 0.000285197922494, 0.000235686922679, 0.000127237173729, 6.42311424599e-05, 9.88813408185e-05, 6.68081847834e-05, 5.04361923959e-05, 2.50611228694e-05, 1.53275959747e-05, 1.24120278997e-05, 6.55529402138e-06, 5.53534937353e-06, 5.06289370605e-06, 3.97190888179e-06, 1.10791165753e-06, 8.74974261933e-07, 1.89475471757e-07, 1.46413739799e-07, 8.53216306496e-08, 4.5716639363e-08, 6.12279436041e-08],
        "mean": [5.97938196734e-05, 0.000322773325024, 0.000326532725012, 0.000342997489497, 0.000405712256907, 0.000496842898428, 0.000589564209804, 0.000293910736218, 0.000198753114091, 0.000158025140991, 7.36515648896e-05, 7.84669318818e-05, 3.9375758206e-05, 3.54666335625e-05, 3.34719952662e-05, 3.40929291269e-05, 3.12652882712e-05, 2.87753118755e-05, 2.05664800887e-05, 1.30239659484e-05, 1.0002648196e-05, 7.06226637703e-06, 3.59767113878e-06, 2.14093938666e-06, 1.57297540682e-06, 1.06279787815e-06, 7.46077489566e-07, 5.26473570517e-07, 3.65673372471e-07, 2.48280656479e-07, 1.7664558527e-07, 1.12824061205e-07, 6.76713156622e-08, 3.58818219581e-08, 2.03020729117e-08, 1.2105092928e-08, 7.82134712551e-09, 5.33779731526e-09, 3.89874887929e-09, 2.34733543714e-09],
        "min": [1.25939800455e-06, 1.32224374738e-06, 4.32426730868e-07, 1.99600165729e-07, 1.23422921661e-07, 6.28030747407e-08, 7.06171690013e-08, 2.52784264632e-08, 1.80265757876e-08, 6.63070487406e-09, 8.14866218946e-09, 4.68035210588e-09, 5.69192115663e-09, 4.41104797133e-09, 6.19610185382e-09, 2.85042212056e-09, 4.74442085618e-09, 3.06762903968e-09, 4.25218749101e-09, 3.48825723862e-09, 3.03708969085e-09, 3.47804007816e-09, 2.28764407417e-09, 2.40647235472e-09, 2.66198241228e-09, 2.32718422311e-09, 2.3785544645e-09, 1.62209090604e-09, 1.8442367633e-09, 1.62133617643e-09, 1.39772948771e-09, 1.04987618599e-09, 1.16697085328e-09, 6.94285295921e-10, 8.259002926e-10, 7.23342219455e-10, 6.44887976353e-10, 8.17654610685e-10, 5.74363334671e-10, 3.63574642614e-10],
        "stdev": [0.000115490613098, 0.000641380262095, 0.000893276243005, 0.00136412109714, 0.00113518396392, 0.00143207982183, 0.00173416081816, 0.00104846479371, 0.000752986816224, 0.000642109371256, 0.000284265581286, 0.000221733091166, 7.85385636846e-05, 6.83153266436e-05, 6.83944308548e-05, 6.49082357995e-05, 6.25516986474e-05, 5.6043612858e-05, 3.95929782826e-05, 2.73462155747e-05, 1.89731581486e-05, 1.37059350891e-05, 6.53134475215e-06, 4.88852174385e-06, 3.65329310625e-06, 2.44994566856e-06, 1.61332889093e-06, 1.17661295462e-06, 8.09940615909e-07, 5.16497664194e-07, 4.3545443873e-07, 3.05551111524e-07, 1.87668646845e-07, 8.20925620815e-08, 4.42272565238e-08, 2.09089723313e-08, 1.20657430713e-08, 6.89975143686e-09, 4.19100976146e-09, 3.37128680528e-09]
    },
    "melbands128": {
        "max": [0.000394844275434, 0.0011151144281, 0.00315950880758, 0.00445565767586, 0.00704309996217, 0.00875672325492, 0.0175041146576, 0.0156298018992, 0.0126865115017, 0.0289954524487, 0.0272258799523, 0.0102751972154, 0.0319184288383, 0.025897661224, 0.0264742039144, 0.0273057799786, 0.0477324649692, 0.0314673259854, 0.0298692137003, 0.0270870178938, 0.0298161134124, 0.018375121057, 0.0122251044959, 0.0120295127854, 0.0150613104925, 0.010188575834, 0.00692519592121, 0.00515639409423, 0.00408481340855, 0.00241793738678, 0.00608161790296, 0.00118483591359, 0.00185889517888, 0.000770709943026, 0.000708975538146, 0.00088494468946, 0.00206585018896, 0.000578017090447, 0.000666827778332, 0.00111453153659, 0.000730521685909, 0.000640877347905, 0.000750945589971, 0.000881418935023, 0.00158527889289, 0.000662010279484, 0.000763111165725, 0.000459040224086, 0.000595622346736, 0.00034304545261, 0.000385285035009, 0.000380011857487, 0.000251243385719, 0.000256424333202, 0.000113022993901, 0.000182989126188, 0.000114648137242, 6.88402215019e-05, 6.98635703884e-05, 6.41507576802e-05, 0.000134400994284, 8.47552000778e-05, 8.18110638647e-05, 5.77334867558e-05, 0.000120404241898, 4.82894611196e-05, 1.8836277377e-05, 4.03864323744e-05, 2.30536752497e-05, 2.50353587035e-05, 2.0856194169e-05, 1.5368044842e-05, 2.17661454371e-05, 1.31690439957e-05, 6.10074539509e-06, 6.27143754173e-06, 6.73479053148e-06, 8.18698481453e-06, 9.4339984571e-06, 5.79231209485e-06, 4.21035429099e-06, 6.12406483924e-06, 6.7474475145e-06, 3.72890031031e-06, 3.04844911625e-06, 1.24216023778e-06, 9.52783977937e-07, 1.53516793944e-06, 9.50331752847e-07, 4.17371609274e-07, 2.92185973194e-07, 1.80480569156e-07, 1.72063309378e-07, 1.39192849247e-07, 1.91576816633e-07, 9.04677222024e-08, 7.47461257333e-08, 8.10959406294e-08, 5.27638484016e-08, 4.14128749071e-08, 5.24288665815e-08, 6.32980459159e-08, 8.8961677136e-08, 1.90655615739e-08, 7.83028930584e-09, 8.32426128028e-09, 5.76044412171e-09, 3.20172066637e-09, 3.07386849308e-09, 3.27628613128e-09, 2.85485968199e-09, 2.75175660036e-09, 2.65667998711e-09, 2.56810861465e-09, 2.48896170341e-09, 2.4086073136e-09, 2.33629804391e-09, 2.26818364091e-09, 2.2096240393e-09, 2.152858114e-09, 2.10291117853e-09, 2.05665995345e-09, 2.01875227646e-09, 1.98388394601e-09, 1.95644211942e-09, 1.93514226865e-09, 1.91721549747e-09, 1.9074970492e-09],
        "mean": [6.86229122948e-06, 1.98588077183e-05, 5.88376351516e-05, 0.000176925968844, 0.000360385078238, 0.000417366623878, 0.000365651852917, 0.000281941931462, 0.000272264558589, 0.000423168996349, 0.000335535616614, 0.000247267162194, 0.000517869135365, 0.000465523335151, 0.000482906674733, 0.000516465166584, 0.000530328834429, 0.000728527957108, 0.000525614013895, 0.000247835909249, 0.000228138902457, 0.000224954608711, 0.000192066931049, 0.000170803119545, 0.000203148185392, 0.000134966438054, 9.33610790526e-05, 7.43285854696e-05, 4.79320697195e-05, 7.30710089556e-05, 0.000110356893856, 4.2943884182e-05, 3.510141687e-05, 3.34155738528e-05, 3.36426346621e-05, 3.42017265211e-05, 4.26242768299e-05, 2.88612791337e-05, 3.11529183818e-05, 3.87149048038e-05, 3.19985010719e-05, 3.20571853081e-05, 3.41530430887e-05, 2.75323491223e-05, 3.14145945595e-05, 2.7673504519e-05, 2.93162156595e-05, 2.05815304071e-05, 1.7863125322e-05, 1.48131366586e-05, 1.24812058857e-05, 1.11642784759e-05, 1.0564231161e-05, 9.43549912336e-06, 8.20146306069e-06, 7.66006996855e-06, 5.51591074327e-06, 3.83613405575e-06, 3.13495615956e-06, 2.47542857323e-06, 2.12058421312e-06, 1.80876122613e-06, 1.8705891307e-06, 1.37914219067e-06, 1.33524918056e-06, 1.02024216631e-06, 9.78510570349e-07, 8.40488553422e-07, 6.94224866038e-07, 6.06382172919e-07, 5.51657478809e-07, 4.72927155215e-07, 4.11669674349e-07, 3.48766889147e-07, 3.14394242196e-07, 2.64419554696e-07, 2.14327045001e-07, 1.9008156471e-07, 1.84636419931e-07, 1.49856248299e-07, 1.20093915257e-07, 9.66256834545e-08, 9.04946517721e-08, 6.36040269342e-08, 5.29054418053e-08, 3.99973991705e-08, 3.04541813989e-08, 2.52532110778e-08, 2.04767243162e-08, 1.63204934012e-08, 1.35132358636e-08, 1.10390594443e-08, 9.5015577628e-09, 7.87265630464e-09, 6.86034429265e-09, 5.78596326406e-09, 5.11090103572e-09, 4.47711601126e-09, 3.84210174786e-09, 3.66400043639e-09, 3.54846574346e-09, 2.3581943065e-09, 5.61368451724e-10, 2.81702439153e-10, 1.25135637963e-10, 6.98957142165e-11, 5.41081346395e-11, 4.17275172748e-11, 3.47584565297e-11, 3.38008787626e-11, 2.8088560991e-11, 2.56394454279e-11, 2.32178234971e-11, 2.07889452181e-11, 2.07065493224e-11, 1.92912543578e-11, 1.84454378854e-11, 1.79944566192e-11, 1.73110640406e-11, 1.69119180465e-11, 1.53904614747e-11, 1.60209588651e-11, 1.40007285279e-11, 9.67041204059e-12, 5.90050838051e-12, 4.43918946741e-12, 4.22400656119e-12, 4.18446570796e-12],
        "min": [2.93842705723e-09, 7.7162205514e-08, 2.73263566442e-07, 5.06589856286e-07, 5.55940005142e-07, 6.86459600274e-07, 1.52220337668e-07, 2.04051758601e-07, 2.11466669953e-07, 3.58771359288e-08, 5.89277746599e-08, 4.07585005746e-08, 4.34768274715e-08, 2.09501429538e-08, 2.92513000488e-08, 9.35787980438e-09, 1.34130866414e-08, 8.07186406604e-09, 2.49684077858e-08, 1.29880808331e-08, 8.46514147668e-09, 4.0360808029e-09, 7.83927411874e-09, 3.2761229285e-09, 1.70687919354e-09, 1.10041886714e-09, 1.88323223682e-09, 3.60610874495e-09, 3.92317156539e-09, 1.42893630262e-09, 2.68163713457e-09, 7.83696718631e-10, 1.34794631013e-09, 2.17573070671e-09, 1.40411937632e-09, 1.98116945072e-09, 2.17656515034e-09, 1.82780945934e-09, 2.68158162342e-09, 1.0461272959e-09, 2.59856403062e-09, 2.42206277257e-09, 1.21545307152e-09, 1.54288670728e-09, 9.88046533479e-10, 2.43614506346e-09, 1.57284296698e-09, 9.57399715062e-10, 9.23363940863e-10, 1.58343893553e-09, 1.68285663182e-09, 5.04627784004e-10, 9.5132401956e-10, 1.8551744585e-09, 8.98122687332e-10, 2.0172790105e-09, 1.01500541305e-09, 9.69612168333e-10, 1.84290038785e-09, 1.17248222242e-09, 1.39901923379e-09, 1.21380516749e-09, 1.4781186275e-09, 7.98417998382e-10, 9.98345406344e-10, 1.21906174044e-09, 1.25370402948e-09, 8.74588623745e-10, 8.20181922379e-10, 1.05327380151e-09, 9.10651276609e-10, 7.82181319714e-10, 4.94824015096e-10, 7.54652618173e-10, 6.26638962942e-10, 5.03403374541e-10, 5.99670257895e-10, 7.06027125652e-10, 6.38931185737e-10, 4.39176861544e-10, 9.46634923227e-11, 6.38683717025e-10, 5.22989762608e-10, 4.78403150428e-10, 2.57727977848e-10, 1.41179581914e-10, 1.18624346457e-10, 3.02140257258e-10, 1.57362678443e-10, 1.62991287134e-10, 1.08466742532e-10, 1.20425697192e-10, 1.3888620809e-10, 3.00543590015e-10, 1.01613994996e-10, 2.19641430044e-10, 2.05991820823e-10, 2.14978160273e-10, 1.51463910858e-10, 1.42527156743e-10, 2.28997015794e-10, 2.25230892964e-11, 1.58726981211e-13, 4.26077426921e-14, 1.61930591955e-14, 1.77284571843e-14, 2.17085633595e-14, 1.98944085218e-14, 2.30248271485e-14, 2.56421166039e-14, 2.97287727476e-14, 2.50004620413e-14, 2.93135165393e-14, 3.47487236739e-14, 3.31618209997e-14, 3.19655292633e-14, 2.99539547625e-14, 2.34598107542e-14, 2.532657142e-14, 2.37975990232e-14, 2.44509223117e-14, 2.46663160139e-14, 2.66758610237e-14, 2.28548208597e-14, 1.68232686489e-14, 6.95757860369e-15, 7.66243209443e-16, 3.04627657069e-17],
        "stdev": [1.89266393136e-05, 4.0760711272e-05, 0.000140040589031, 0.000385556428228, 0.000768156372942, 0.00107735267375, 0.00130434706807, 0.00112106325105, 0.000951692753006, 0.00211976119317, 0.00172311335336, 0.000806769297924, 0.00185632321518, 0.00157617672812, 0.00196817261167, 0.00189920386765, 0.00233366433531, 0.00249558850192, 0.00185632752255, 0.00131563039031, 0.00131466321182, 0.00109092181083, 0.000913666153792, 0.000863462220877, 0.00100325711537, 0.000641794293188, 0.000434669957031, 0.00035660280264, 0.000211554230191, 0.000208325858694, 0.000394324481022, 9.87931052805e-05, 9.58980090218e-05, 8.32809964777e-05, 7.23884586478e-05, 7.23550765542e-05, 0.000146208651131, 6.48820787319e-05, 6.77461721352e-05, 8.50287469802e-05, 7.47995727579e-05, 6.57414129819e-05, 7.50191611587e-05, 6.78791766404e-05, 8.43329107738e-05, 6.19889833615e-05, 6.36224067421e-05, 4.30642940046e-05, 4.38795032096e-05, 3.55186421075e-05, 2.96188045468e-05, 2.65850030701e-05, 2.16415246541e-05, 2.00261947612e-05, 1.63482054631e-05, 1.73939315573e-05, 1.2289067854e-05, 7.36942001822e-06, 6.45407453703e-06, 5.90135368839e-06, 5.69169424125e-06, 4.48929449703e-06, 4.61959143649e-06, 3.25514884025e-06, 4.54362589153e-06, 2.71165026788e-06, 1.90866171579e-06, 1.94412132259e-06, 1.81875566341e-06, 1.67677774243e-06, 1.30417561195e-06, 1.09978293494e-06, 1.14348858915e-06, 8.36598644582e-07, 6.70664235258e-07, 5.96696281718e-07, 4.80077801512e-07, 4.59471095837e-07, 5.51202617771e-07, 4.07113475376e-07, 3.40931705978e-07, 2.83755156261e-07, 3.1095746067e-07, 1.73656516722e-07, 1.47336720602e-07, 9.857696881e-08, 7.16755437224e-08, 6.76403857369e-08, 4.84843205584e-08, 3.16341228768e-08, 2.55962575579e-08, 2.00146104135e-08, 1.75754948373e-08, 1.32544526465e-08, 1.12566063137e-08, 8.4503364306e-09, 7.48891793023e-09, 5.85072079673e-09, 4.73951544677e-09, 4.11249567733e-09, 4.24453849845e-09, 3.6839484796e-09, 3.37330008371e-09, 1.45134626539e-09, 6.13343265066e-10, 3.95934507402e-10, 3.08213093936e-10, 2.12841480551e-10, 1.92760016282e-10, 1.94348481752e-10, 1.52008530763e-10, 1.50281717626e-10, 1.31255104008e-10, 1.25088661651e-10, 1.29201122023e-10, 1.17858944826e-10, 1.10633772976e-10, 1.0979613746e-10, 1.06638406439e-10, 1.07421779805e-10, 9.67417257414e-11, 9.98122903773e-11, 9.13390821311e-11, 8.11268621725e-11, 7.44239392336e-11, 7.30162458273e-11, 7.23353946186e-11, 7.19634560276e-11]
    },
    "mfcc": {
        "mean": [-801.724060059, 168.437225342, -11.0043802261, 23.8858985901, 4.79215431213, 3.53965091705, -6.13126373291, -1.61325776577, -0.795970380306, 1.11874604225, -1.04674553871, 1.31149172783, -1.38873326778],
        "cov": [[11868.9726562, 1803.19909668, -4491.53613281, -1413.57556152, -1431.79699707, -414.963134766, -616.715026855, -405.907501221, -213.518936157, -105.805412292, -146.932769775, -75.2823638916, 6.64306783676], [1803.19909668, 1541.30212402, -52.5860557556, -265.300994873, -145.191314697, -423.40713501, -261.050628662, -255.152877808, -164.88470459, -103.549125671, -95.4103927612, -35.8863143921, 31.3082389832], [-4491.53613281, -52.5860557556, 2443.34350586, 670.898620605, 525.375610352, -77.6711044312, 51.8271255493, 41.0239524841, 42.6132164001, -56.2304649353, -1.87553989887, 63.5016288757, -1.66567623615], [-1413.57556152, -265.300994873, 670.898620605, 442.113830566, 234.965286255, 15.7234392166, 8.54174423218, 14.5154409409, 24.2077713013, -30.4202976227, -14.6900920868, 31.6833629608, 11.6498727798], [-1431.79699707, -145.191314697, 525.375610352, 234.965286255, 311.612060547, 48.7612037659, 42.4715919495, 21.6283912659, 8.33098316193, 7.68366956711, 0.857873082161, 4.72195339203, 17.4701004028], [-414.963134766, -423.40713501, -77.6711044312, 15.7234392166, 48.7612037659, 209.955963135, 115.267692566, 84.9089584351, 48.9607772827, 42.0256118774, 34.1795425415, 6.21917819977, -7.98996925354], [-616.715026855, -261.050628662, 51.8271255493, 8.54174423218, 42.4715919495, 115.267692566, 178.173583984, 89.7115325928, 15.2389173508, 43.9468078613, 37.9385757446, -13.0937900543, -8.2964963913], [-405.907501221, -255.152877808, 41.0239524841, 14.5154409409, 21.6283912659, 84.9089584351, 89.7115325928, 116.454864502, 58.8796386719, 29.5031642914, 31.1713867188, 8.43978977203, -11.4771270752], [-213.518936157, -164.88470459, 42.6132164001, 24.2077713013, 8.33098316193, 48.9607772827, 15.2389173508, 58.8796386719, 100.723556519, 38.1242256165, 24.3845977783, 21.5271034241, -16.1154842377], [-105.805412292, -103.549125671, -56.2304649353, -30.4202976227, 7.68366956711, 42.0256118774, 43.9468078613, 29.5031642914, 38.1242256165, 89.8058166504, 46.6948699951, -8.07107448578, -7.05062294006], [-146.932769775, -95.4103927612, -1.87553989887, -14.6900920868, 0.857873082161, 34.1795425415, 37.9385757446, 31.1713867188, 24.3845977783, 46.6948699951, 69.554977417, 16.6726055145, -9.20696163177], [-75.2823638916, -35.8863143921, 63.5016288757, 31.6833629608, 4.72195339203, 6.21917819977, -13.0937900543, 8.43978977203, 21.5271034241, -8.07107448578, 16.6726055145, 63.0502281189, 11.851770401], [6.64306783676, 31.3082389832, -1.66567623615, 11.6498727798, 17.4701004028, -7.98996925354, -8.2964963913, -11.4771270752, -16.1154842377, -7.05062294006, -9.20696163177, 11.851770401, 47.4052009583]],
        "icov": [[0.00152805098332, -0.00164541078266, 0.00241556297988, -0.00137275829911, 0.00307679851539, -0.00120419054292, 0.00262374780141, -0.000914771168027, 0.000570217554923, -0.000276440609014, 0.000541404471733, -0.000795235100668, 0.000652363174595], [-0.00164541078266, 0.00411683320999, -0.00287660188042, 0.00353941577487, -0.00399576965719, 0.00486161280423, -0.00297688134015, 0.00324650830589, -0.000557502033189, 0.000947095279116, -0.000125969920191, 0.000831388577353, -0.00118324451614], [0.00241556297988, -0.00287660188042, 0.0048241596669, -0.00322548137046, 0.00380465830676, -0.00109909067396, 0.00333293853328, -0.00169107329566, 0.000354784715455, 0.000139588606544, 0.000496310647577, -0.00182243983727, 0.0018033987144], [-0.00137275829911, 0.00353941577487, -0.00322548137046, 0.00807692017406, -0.00574519718066, 0.00372481299564, -0.00233899336308, 0.00328766833991, -0.00170782173518, 0.00226393528283, 0.000636197684798, -0.000379231176339, -0.00113725091796], [0.00307679851539, -0.00399576965719, 0.00380465830676, -0.00574519718066, 0.0137509014457, -0.00583796994761, 0.00594778498635, -0.00262659555301, 0.00264907861128, -0.00297998334281, 0.00141656422056, 0.000152169013745, -0.00119873601943], [-0.00120419054292, 0.00486161280423, -0.00109909067396, 0.00372481299564, -0.00583796994761, 0.0165100004524, -0.00791139248759, 0.0028779853601, -0.00355673162267, 0.00173603906296, 0.000187162266229, -0.00119944196194, -0.000364399689715], [0.00262374780141, -0.00297688134015, 0.00333293853328, -0.00233899336308, 0.00594778498635, -0.00791139248759, 0.0201633945107, -0.0123653067276, 0.00928135495633, -0.0049885744229, -0.000719213974662, 0.00159639574122, 0.00117451208644], [-0.000914771168027, 0.00324650830589, -0.00169107329566, 0.00328766833991, -0.00262659555301, 0.0028779853601, -0.0123653067276, 0.0265823993832, -0.0138133689761, 0.00663332967088, -0.00360088422894, 0.00147479388397, -0.00193591974676], [0.000570217554923, -0.000557502033189, 0.000354784715455, -0.00170782173518, 0.00264907861128, -0.00355673162267, 0.00928135495633, -0.0138133689761, 0.0249452460557, -0.0124904373661, 0.00545959779993, -0.00810735207051, 0.00713450228795], [-0.000276440609014, 0.000947095279116, 0.000139588606544, 0.00226393528283, -0.00297998334281, 0.00173603906296, -0.0049885744229, 0.00663332967088, -0.0124904373661, 0.0269498098642, -0.0166770406067, 0.0101274270564, -0.00502331880853], [0.000541404471733, -0.000125969920191, 0.000496310647577, 0.000636197684798, 0.00141656422056, 0.000187162266229, -0.000719213974662, -0.00360088422894, 0.00545959779993, -0.0166770406067, 0.0308638773859, -0.0135382302105, 0.00713488366455], [-0.000795235100668, 0.000831388577353, -0.00182243983727, -0.000379231176339, 0.000152169013745, -0.00119944196194, 0.00159639574122, 0.00147479388397, -0.00810735207051, 0.0101274270564, -0.0135382302105, 0.0273141097277, -0.0107382917777], [0.000652363174595, -0.00118324451614, 0.0018033987144, -0.00113725091796, -0.00119873601943, -0.000364399689715, 0.00117451208644, -0.00193591974676, 0.00713450228795, -0.00502331880853, 0.00713488366455, -0.0107382917777, 0.0279934927821]]
    },
    "spectral_contrast_coeffs": {
        "max": [-0.34473747015, -0.444685578346, -0.555974364281, -0.630922913551, -0.661857128143, -0.588118731976],
        "mean": [-0.742152929306, -0.794917523861, -0.820399820805, -0.838676571846, -0.827692508698, -0.759074389935],
        "min": [-0.905018210411, -0.947752594948, -0.939555227757, -0.92577290535, -0.915565848351, -0.951057314873],
        "stdev": [0.101185142994, 0.0979533270001, 0.0731349214911, 0.0547591410577, 0.0456401668489, 0.0591415911913]
    },
    "spectral_contrast_valleys": {
        "max": [-5.54955720901, -4.71795988083, -5.37543582916, -5.63015413284, -6.47871255875, -10.2045078278],
        "mean": [-7.64611721039, -7.42016839981, -8.3188867569, -8.53933906555, -9.10333633423, -12.7673482895],
        "min": [-9.42918777466, -10.2013788223, -11.1955509186, -11.2125921249, -10.9196109772, -14.138800621],
        "stdev": [0.681948244572, 1.27890169621, 1.47219383717, 1.50378417969, 1.1314920187, 0.562738955021]
    }
},
"rhythm": {
    "beats_count": 61,
    "beats_loudness": {
        "max": 0.0900886803865,
        "mean": 0.0157316476107,
        "min": 7.78905741754e-05,
        "stdev": 0.0228841900826
    },
    "bpm": 131.759140015,
    "bpm_histogram_first_peak_bpm": 133,
    "bpm_histogram_first_peak_weight": 0.227272748947,
    "bpm_histogram_second_peak_bpm": 101,
    "bpm_histogram_second_peak_spread": 0.649999976158,
    "bpm_histogram_second_peak_weight": 0.116666667163,
    "danceability": 0.960620939732,
    "onset_rate": 2.95312476158,
    "beats_loudness_band_ratio": {
        "max": [0.976585745811, 0.710331141949, 0.841008961201, 0.542163193226, 0.490671128035, 0.186652317643],
        "mean": [0.360112041235, 0.175004541874, 0.224821060896, 0.162275627255, 0.106569007039, 0.0158314630389],
        "min": [0.00339038227685, 0.0111533980817, 0.00665168976411, 0.000918698613532, 0.00132008909713, 0.000181446113857],
        "stdev": [0.333877772093, 0.1666380018, 0.220818132162, 0.185905665159, 0.139200150967, 0.0304033663124]
    },
    "beats_position": [0.580498874187, 1.17260766029, 1.764716506, 2.34521532059, 2.92571425438, 3.51782298088, 4.1099319458, 4.69043064117, 5.27092981339, 5.83981847763, 6.47836732864, 7.11691617966, 7.77868461609, 8.40562343597, 9.03256225586, 9.63628101349, 10.2399997711, 10.8321084976, 11.4242172241, 11.9698867798, 12.5155553818, 13.0728340149, 13.5604534149, 14.0596818924, 14.5589113235, 15.0929698944, 15.6270294189, 16.1494789124, 16.6138763428, 17.0666656494, 17.5194549561, 17.9722442627, 18.4250335693, 18.877822876, 19.3306121826, 19.7950115204, 20.2594108582, 20.7121982574, 21.1649875641, 21.6177768707, 22.0705661774, 22.523355484, 22.9761447906, 23.4289340973, 23.8817234039, 24.3345127106, 24.7873020172, 25.2400894165, 25.7044887543, 26.168888092, 26.6448974609, 27.1441268921, 27.6433563232, 28.2354640961, 28.7927436829, 29.3616313934, 29.9305210114, 30.5110206604, 31.079908371, 31.6487979889, 32.2176856995],
