{
"metadata": {
    "version": {
        "essentia": "2.1-beta5",
        "essentia_git_sha": "Undefined",
        "extractor": "music 2.0"
    },
    "audio_properties": {
        "analysis": {
            "equal_loudness": 0,
            "length": 32.4963264465,
            "sample_rate": 44100,
            "start_time": 159.010253906,
            "downmix": "mix"
        },
        "bit_rate": 192000,
        "length": 388.086761475,
        "lossless": 0,
        "number_channels": 1,
        "replay_gain": -16.8993110657,
        "sample_rate": 48000,
        "codec": "mp3",
        "md5_encoded": "a3ef67290d8b442526a46b16976b81c7"
    },
    "tags": {
        "file_name": "Germany_Im Wartesaal Zum Großen Glück_Walter Andreas Schwarz.mp3",
        "encoding": ["Lavf58.29.100"]
    }
},
"lowlevel": {
    "average_loudness": 0.631040096283,
    "barkbands_crest": {
        "max": 24.8390083313,
        "mean": 11.7490558624,
        "min": 3.55560970306,
        "stdev": 4.43584108353
    },
    "barkbands_flatness_db": {
        "max": 0.454134255648,
        "mean": 0.252507448196,
        "min": 0.13232126832,
        "stdev": 0.0495061464608
    },
    "barkbands_kurtosis": {
        "max": 156.741714478,
        "mean": 9.92851161957,
        "min": -1.80861735344,
        "stdev": 13.8929309845
    },
    "barkbands_skewness": {
        "max": 9.51064777374,
        "mean": 1.90536808968,
        "min": -1.56753146648,
        "stdev": 1.61814200878
    },
    "barkbands_spread": {
        "max": 48.3296165466,
        "mean": 9.12874984741,
        "min": 0.451012283564,
        "stdev": 8.48757553101
    },
    "dissonance": {
        "max": 0.499683111906,
        "mean": 0.417900800705,
        "min": 0.182425811887,
        "stdev": 0.0569908432662
    },
    "dynamic_complexity": 8.00288581848,
    "erbbands_crest": {
        "max": 29.39412117,
        "mean": 12.2882328033,
        "min": 2.97723078728,
        "stdev": 4.94415712357
    },
    "erbbands_flatness_db": {
        "max": 0.39020010829,
        "mean": 0.254730790854,
        "min": 0.104982875288,
        "stdev": 0.0553262680769
    },
    "erbbands_kurtosis": {
        "max": 27.2730522156,
        "mean": 2.9869325161,
        "min": -1.79382193089,
        "stdev": 3.95860099792
    },
    "erbbands_skewness": {
        "max": 4.79568338394,
        "mean": 0.915547311306,
        "min": -2.71379303932,
        "stdev": 1.07992124557
    },
    "erbbands_spread": {
        "max": 113.855453491,
        "mean": 23.7226486206,
        "min": 3.00185608864,
        "stdev": 17.1670284271
    },
    "hfc": {
        "max": 80.9024353027,
        "mean": 7.48917961121,
        "min": 0.0119668897241,
        "stdev": 12.8789634705
    },
    "loudness_ebu128": {
        "integrated": -12.4435434341,
        "loudness_range": 8.48569488525,
        "momentary": {
            "max": -6.66494894028,
            "mean": -16.6982822418,
            "min": -34.9507980347,
            "stdev": 6.69786977768
        },
        "short_term": {
            "max": -9.92792320251,
            "mean": -14.4803619385,
            "min": -22.3673191071,
            "stdev": 3.40873789787
        }
    },
    "melbands_crest": {
        "max": 31.4104766846,
        "mean": 15.5693502426,
        "min": 5.24924898148,
        "stdev": 5.39883565903
    },
    "melbands_flatness_db": {
        "max": 0.540032565594,
        "mean": 0.309980779886,
        "min": 0.129917934537,
        "stdev": 0.0632995069027
    },
    "melbands_kurtosis": {
        "max": 272.309539795,
        "mean": 18.2806587219,
        "min": -1.75899577141,
        "stdev": 29.2561073303
    },
    "melbands_skewness": {
        "max": 13.128452301,
        "mean": 2.45293235779,
        "min": -1.01049661636,
        "stdev": 2.08277773857
    },
    "melbands_spread": {
        "max": 84.5884628296,
        "mean": 11.9124631882,
        "min": 0.487635403872,
        "stdev": 13.6272544861
    },
    "pitch_salience": {
        "max": 0.872017502785,
        "mean": 0.530665457249,
        "min": 0.0684159472585,
        "stdev": 0.130365595222
    },
    "silence_rate_20dB": {
        "max": 1,
        "mean": 1,
        "min": 1,
        "stdev": 0
    },
    "silence_rate_30dB": {
        "max": 1,
        "mean": 0.997858643532,
        "min": 0,
        "stdev": 0.0462244525552
    },
    "silence_rate_60dB": {
        "max": 1,
        "mean": 0.38115632534,
        "min": 0,
        "stdev": 0.485671877861
    },
    "spectral_centroid": {
        "max": 2956.78637695,
        "mean": 709.240478516,
        "min": 140.693435669,
        "stdev": 503.184539795
    },
    "spectral_complexity": {
        "max": 23,
        "mean": 7.30692338943,
        "min": 0,
        "stdev": 4.68006038666
    },
    "spectral_decrease": {
        "max": -9.42630175305e-12,
        "mean": -3.66303609667e-09,
        "min": -3.01204892139e-08,
        "stdev": 5.27811661044e-09
    },
    "spectral_energy": {
        "max": 0.120658285916,
        "mean": 0.0145044010133,
        "min": 3.66622880392e-05,
        "stdev": 0.0210027489811
    },
    "spectral_energyband_high": {
        "max": 0.000456404406577,
        "mean": 1.70165803866e-05,
        "min": 2.01849328363e-08,
        "stdev": 3.59666519216e-05
    },
    "spectral_energyband_low": {
        "max": 0.0919392704964,
        "mean": 0.00200571073219,
        "min": 1.06675415736e-05,
        "stdev": 0.00539310555905
    },
    "spectral_energyband_middle_high": {
        "max": 0.0410558991134,
        "mean": 0.00167777377646,
        "min": 1.0303988347e-06,
        "stdev": 0.00386876123957
    },
    "spectral_energyband_middle_low": {
        "max": 0.109892427921,
        "mean": 0.0112674208358,
        "min": 8.40578468342e-06,
        "stdev": 0.01869411394
    },
    "spectral_entropy": {
        "max": 8.05576515198,
        "mean": 6.63206386566,
        "min": 5.11844825745,
        "stdev": 0.508628726006
    },
    "spectral_flux": {
        "max": 0.27818018198,
        "mean": 0.0446145944297,
        "min": 0.00291519705206,
        "stdev": 0.0443517267704
    },
    "spectral_kurtosis": {
        "max": 57.8469963074,
        "mean": 12.9694652557,
        "min": -0.609587907791,
        "stdev": 10.345457077
    },
    "spectral_rms": {
        "max": 0.010849673301,
        "mean": 0.00293939909898,
        "min": 0.000189124519238,
        "stdev": 0.00234746024944
    },
    "spectral_rolloff": {
        "max": 5555.56640625,
        "mean": 709.873718262,
        "min": 107.666015625,
        "stdev": 636.751220703
    },
    "spectral_skewness": {
        "max": 5.91210174561,
        "mean": 2.38457226753,
        "min": -0.0324481800199,
        "stdev": 1.0160959959
    },
    "spectral_spread": {
        "max": 11068807,
        "mean": 2682087.25,
        "min": 1189400.5,
        "stdev": 1101977.75
    },
    "spectral_strongpeak": {
        "max": 8.89589977264,
        "mean": 0.899510979652,
        "min": 0,
        "stdev": 1.26418435574
    },
    "zerocrossingrate": {
        "max": 0.11865234375,
        "mean": 0.0280777402222,
        "min": 0.0048828125,
        "stdev": 0.0165569484234
    },
    "barkbands": {
        "max": [0.000282657973003, 0.0151389632374, 0.0773599222302, 0.0213047787547, 0.0428737550974, 0.0388331152499, 0.0862127617002, 0.103864967823, 0.0863907188177, 0.0610803291202, 0.0103919869289, 0.0130560556427, 0.019693961367, 0.0174987465143, 0.0100852521136, 0.00433762092143, 0.00319328275509, 0.00187910033856, 0.000771856692154, 0.000355598778697, 0.000100677054434, 0.000175401859451, 0.000181838666322, 3.03393317154e-05, 7.22628965377e-06, 4.8847925882e-07, 3.27828757918e-07],
        "mean": [8.64088269736e-06, 0.000577808939852, 0.00108173536137, 0.000836011953652, 0.00257045100443, 0.00162804475985, 0.0020760553889, 0.00196554511786, 0.00180634122808, 0.000684480532072, 0.000142360353493, 0.000238873632043, 0.000233398212004, 0.000191745974007, 0.000153579589096, 0.000101792749774, 8.50427823025e-05, 5.86319474678e-05, 3.48483154085e-05, 1.80716269824e-05, 5.26290386915e-06, 3.23798030877e-06, 1.57394515554e-06, 6.49462208457e-07, 2.20322235123e-07, 1.22943726311e-08, 7.5089339191e-09],
        "min": [1.55742867491e-08, 3.45076364283e-06, 2.96445045933e-06, 6.31980867638e-08, 8.98660459825e-07, 2.31133483908e-07, 1.94299786926e-07, 4.51406982904e-08, 8.30958981624e-08, 1.67897358239e-08, 2.92944069002e-08, 2.92066921759e-08, 4.20164063542e-08, 3.33372973671e-08, 4.0524515299e-08, 3.55452627332e-08, 2.59178420947e-08, 4.39413661013e-09, 2.88459145459e-09, 2.48780174239e-09, 5.55317258844e-09, 3.43466632913e-09, 6.28296570326e-09, 2.43335640526e-09, 1.08287645517e-09, 6.56493349266e-12, 6.79339180396e-12],
        "stdev": [1.96773216885e-05, 0.00152811966836, 0.00408953707665, 0.00202500936575, 0.00517001980916, 0.00411842903122, 0.00728545757011, 0.00753556843847, 0.00758869899437, 0.00306874094531, 0.000511655758601, 0.00100971374195, 0.00112307991367, 0.000752012478188, 0.000540621636901, 0.000319279264659, 0.000271398253972, 0.000157013171702, 7.27278820705e-05, 4.19330754085e-05, 1.29269756144e-05, 9.33185856411e-06, 6.03700345891e-06, 1.60583772413e-06, 5.90939180256e-07, 5.02359753796e-08, 3.05235765552e-08]
    },
    "erbbands": {
        "max": [0.238713428378, 5.68398475647, 78.4003143311, 39.8834724426, 85.4437103271, 208.853866577, 446.9815979, 464.465759277, 1011.17242432, 1456.19042969, 2133.74169922, 2268.58422852, 2604.56713867, 596.337158203, 256.732543945, 654.841308594, 976.821472168, 1044.71264648, 337.682952881, 276.242736816, 194.415039062, 140.926895142, 88.5276489258, 62.986125946, 17.6020145416, 11.1020174026, 5.37366437912, 4.74929571152, 5.42585277557, 6.5577712059, 4.35755491257, 1.76662266254, 0.307134211063, 0.132243663073, 0.0215064249933, 0.00330381398089, 0.000934624695219, 0.000271844735835, 0.000107023312012, 0.000140439835377],
        "mean": [0.00629139132798, 0.179452002048, 1.17196178436, 1.96953380108, 4.99694776535, 9.8381280899, 10.7448263168, 15.3648519516, 24.2033424377, 41.1111450195, 36.2635154724, 42.1804504395, 35.5080528259, 12.0449724197, 6.32034444809, 10.4264068604, 11.7653646469, 10.5371694565, 7.92982435226, 7.03511714935, 5.64850950241, 4.78504991531, 3.49512791634, 2.34893059731, 1.51375687122, 0.765282809734, 0.271179765463, 0.194420173764, 0.123286351562, 0.0751934498549, 0.0411599501967, 0.019511718303, 0.00855260062963, 0.00425747735426, 0.000593815697357, 8.16701576696e-05, 2.57647570834e-05, 7.31817726773e-06, 8.44817805046e-06, 1.65218552866e-05],
        "min": [7.95425949036e-05, 0.000819693144877, 0.00406315503642, 0.00485223950818, 0.00337950722314, 0.00299527333118, 0.00296658487059, 0.00214102654718, 0.00158207176719, 0.00181431230158, 0.00205203029327, 0.00184531847481, 0.00125666300301, 0.00160864973441, 0.00172247877344, 0.00153485767078, 0.00263942196034, 0.00254220352508, 0.00162420107517, 0.00171332596801, 0.00170038139913, 0.00122964684851, 0.000243082860834, 0.000185628130566, 0.000146189151565, 0.000138204224641, 0.000261482317001, 0.000162914060638, 0.000136316550197, 0.000108965228719, 0.000179192706128, 8.57653940329e-05, 3.40102524206e-05, 2.19032863242e-05, 1.56295652687e-06, 2.92945514957e-07, 1.21485697946e-07, 2.78043810198e-08, 2.55747760747e-08, 4.1478589452e-08],
        "stdev": [0.0143164070323, 0.503471434116, 4.3553943634, 3.62925052643, 9.72981452942, 24.4504680634, 26.6535243988, 44.3244590759, 80.9097290039, 131.839813232, 129.00592041, 186.398422241, 190.008987427, 40.0291862488, 18.9014167786, 44.8662528992, 52.8744316101, 45.251625061, 22.9150466919, 21.8430843353, 16.8729667664, 13.8071088791, 8.55985927582, 6.15476226807, 2.77771663666, 1.60874068737, 0.61103194952, 0.485170900822, 0.340412318707, 0.247180730104, 0.152016356587, 0.0662325024605, 0.0187112390995, 0.0102369170636, 0.0020655868575, 0.000299993698718, 8.91802337719e-05, 2.71048120339e-05, 1.45927660924e-05, 2.41109610215e-05]
    },
    "gfcc": {
        "mean": [-172.624221802, 174.120925903, -133.126480103, 35.1324577332, -57.9322090149, -2.73787164688, -32.1436576843, -9.64049625397, -5.28494739532, -21.6665039062, 4.42986917496, -24.5077152252, 2.76596856117],
        "cov": [[8156.97802734, 482.200164795, -1906.69946289, -1592.27197266, 237.281341553, -1405.76916504, 31.9983596802, -210.445175171, -92.3578491211, -111.62940979, -309.209014893, 106.794830322, -377.831817627], [482.200164795, 734.722167969, 203.312194824, -404.048980713, 1.06860125065, -295.03338623, -10.5280122757, -50.1984329224, 8.8284072876, -69.3928985596, 71.6516494751, -19.656829834, -12.4885463715], [-1906.69946289, 203.312194824, 1085.03527832, 210.77935791, -305.549255371, 167.59815979, -108.717956543, 31.2237129211, 75.3005599976, 15.5976209641, 61.7589569092, -5.68588447571, 87.0463485718], [-1592.27197266, -404.048980713, 210.77935791, 874.206604004, 229.423751831, 369.489990234, 6.14552879333, 2.56447482109, 42.4963760376, 57.2755813599, 50.3221054077, -12.879201889, 94.1883926392], [237.281341553, 1.06860125065, -305.549255371, 229.423751831, 585.926452637, 97.5936355591, 70.4612350464, -43.6602210999, -42.8072052002, -3.72668099403, 4.24898767471, -56.1781845093, -5.4046497345], [-1405.76916504, -295.03338623, 167.59815979, 369.489990234, 97.5936355591, 537.079284668, 147.926925659, 45.218624115, -51.366973877, 18.0397224426, 26.9113426208, -35.7738494873, 48.9879417419], [31.9983596802, -10.5280122757, -108.717956543, 6.14552879333, 70.4612350464, 147.926925659, 287.839202881, 76.3660354614, -116.92527771, -59.7235984802, 8.33895969391, -19.7283496857, -7.60914325714], [-210.445175171, -50.1984329224, 31.2237129211, 2.56447482109, -43.6602210999, 45.218624115, 76.3660354614, 122.605499268, 0.630896270275, -1.06899166107, 2.22958469391, -6.06605243683, -1.45718336105], [-92.3578491211, 8.8284072876, 75.3005599976, 42.4963760376, -42.8072052002, -51.366973877, -116.92527771, 0.630896270275, 136.550430298, 53.8404006958, 2.75878739357, 7.48486328125, 5.56690311432], [-111.62940979, -69.3928985596, 15.5976209641, 57.2755813599, -3.72668099403, 18.0397224426, -59.7235984802, -1.06899166107, 53.8404006958, 100.952735901, 32.523223877, 2.27635622025, -9.59541225433], [-309.209014893, 71.6516494751, 61.7589569092, 50.3221054077, 4.24898767471, 26.9113426208, 8.33895969391, 2.22958469391, 2.75878739357, 32.523223877, 97.4871749878, 19.599149704, 1.27208065987], [106.794830322, -19.656829834, -5.68588447571, -12.879201889, -56.1781845093, -35.7738494873, -19.7283496857, -6.06605243683, 7.48486328125, 2.27635622025, 19.599149704, 71.8772201538, 25.163640976], [-377.831817627, -12.4885463715, 87.0463485718, 94.1883926392, -5.4046497345, 48.9879417419, -7.60914325714, -1.45718336105, 5.56690311432, -9.59541225433, 1.27208065987, 25.163640976, 101.005981445]],
        "icov": [[0.00119254400488, -0.00027519010473, 0.000856882485095, 0.000715190835763, -0.000665843253955, 0.00211856956594, -0.00195426796563, 0.00167914887425, -0.000271450262517, -0.00174389360473, 0.00387648842297, -0.00335031026043, 0.00247053941712], [-0.00027519010473, 0.00991736445576, -0.00418708706275, 0.005304006394, -0.00365452677943, 0.00452042836696, -0.00412156432867, 0.00481748348102, -0.00619571004063, 0.00771467527375, -0.0130296684802, 0.00794163625687, -0.00450979312882], [0.000856882485095, -0.00418708706275, 0.00389061216265, -0.00199431995861, 0.00213782070205, -0.00104206823744, 0.00142291071825, -0.00123316352256, 0.00200881995261, -0.00304578966461, 0.00611883262172, -0.00362592446618, 0.00232983683236], [0.000715190835763, 0.005304006394, -0.00199431995861, 0.00567839946598, -0.00345827825367, 0.00273827998899, -0.00342318974435, 0.00386956031434, -0.00448886165395, 0.00263915630057, -0.00475108018145, 0.00160489568952, -0.00180237484165], [-0.000665843253955, -0.00365452677943, 0.00213782070205, -0.00345827825367, 0.0048741446808, -0.00309435511008, 0.00258176890202, -0.00180748675484, 0.0026881354861, -0.00136397313327, 0.0014768721303, 0.0018620910123, -0.000390314584365], [0.00211856956594, 0.00452042836696, -0.00104206823744, 0.00273827998899, -0.00309435511008, 0.0100957350805, -0.00785732921213, 0.00570473819971, -0.00257360516116, -0.00130732578691, 0.00125246786047, -0.00114486913662, 0.00154388148803], [-0.00195426796563, -0.00412156432867, 0.00142291071825, -0.00342318974435, 0.00258176890202, -0.00785732921213, 0.0146402260289, -0.0104667656124, 0.00844040885568, 0.00302976788953, -0.00309554347768, 0.00303383427672, -0.00184737087693], [0.00167914887425, 0.00481748348102, -0.00123316352256, 0.00386956031434, -0.00180748675484, 0.00570473819971, -0.0104667656124, 0.017062086612, -0.00726021034643, 0.000152522115968, -0.000232187376241, -0.000266768620349, 0.00140932062641], [-0.000271450262517, -0.00619571004063, 0.00200881995261, -0.00448886165395, 0.0026881354861, -0.00257360516116, 0.00844040885568, -0.00726021034643, 0.0185264199972, -0.00907803978771, 0.00801964011043, -0.00378530123271, 0.00155492930207], [-0.00174389360473, 0.00771467527375, -0.00304578966461, 0.00263915630057, -0.00136397313327, -0.00130732578691, 0.00302976788953, 0.000152522115968, -0.00907803978771, 0.0251183249056, -0.0208349544555, 0.0113987093791, -0.00430500134826], [0.00387648842297, -0.0130296684802, 0.00611883262172, -0.00475108018145, 0.0014768721303, 0.00125246786047, -0.00309554347768, -0.000232187376241, 0.00801964011043, -0.0208349544555, 0.0422503426671, -0.0256288275123, 0.0147134969011], [-0.00335031026043, 0.00794163625687, -0.00362592446618, 0.00160489568952, 0.0018620910123, -0.00114486913662, 0.00303383427672, -0.000266768620349, -0.00378530123271, 0.0113987093791, -0.0256288275123, 0.0354751162231, -0.0162663832307], [0.00247053941712, -0.00450979312882, 0.00232983683236, -0.00180237484165, -0.000390314584365, 0.00154388148803, -0.00184737087693, 0.00140932062641, 0.00155492930207, -0.00430500134826, 0.0147134969011, -0.0162663832307, 0.0207411721349]]
    },
    "melbands": {
        "max": [0.00227905274369, 0.0272251386195, 0.00732567161322, 0.00991720240563, 0.0145424669608, 0.00905380025506, 0.016338724643, 0.0163590982556, 0.0138565348461, 0.0151107925922, 0.0126720117405, 0.00259842374362, 0.000823294860311, 0.00156547816005, 0.00139793148264, 0.00267295353115, 0.00213182996958, 0.000390989036532, 0.000889418995939, 0.000330430164468, 0.000253222911851, 0.000190393795492, 9.59956523729e-05, 0.000143199707964, 5.86707465118e-05, 2.30526075029e-05, 2.20407782763e-05, 7.77245350037e-06, 4.79366144646e-06, 2.76863374893e-06, 3.01362410937e-06, 3.13151736009e-06, 3.46701222043e-06, 3.43705960404e-06, 1.86524584933e-06, 2.81537973024e-06, 6.00001499151e-07, 2.68312732032e-07, 1.12487590798e-07, 1.16237906411e-07],
        "mean": [0.000104496437416, 0.000475985667435, 0.000433908338891, 0.000538155436516, 0.000407817075029, 0.000333642296027, 0.000391024368582, 0.000460413342807, 0.000285641057417, 0.000267625960987, 0.000168062295415, 4.74673579447e-05, 1.99232472369e-05, 2.26524316531e-05, 2.94483452308e-05, 2.28658936976e-05, 1.97112094611e-05, 1.22546098282e-05, 1.20574122775e-05, 6.98468284099e-06, 6.59227498545e-06, 5.22244727108e-06, 3.59026171282e-06, 2.78825291389e-06, 1.84464227004e-06, 1.07518360437e-06, 9.7290399026e-07, 3.91941000544e-07, 1.72337152549e-07, 1.27432585373e-07, 1.03824916664e-07, 7.26167144194e-08, 5.32016422028e-08, 3.63423602323e-08, 2.40896209647e-08, 1.76477072955e-08, 9.7588914727e-09, 6.19666895574e-09, 4.61515714534e-09, 3.20717141733e-09],
        "min": [8.02032388947e-07, 1.48375534081e-06, 1.06246523046e-06, 1.87823431474e-07, 1.09513898394e-07, 3.78298388171e-08, 3.09752330452e-08, 1.52197099368e-08, 1.86395396895e-08, 1.0185674526e-08, 5.96960969546e-09, 3.8673748648e-09, 5.19796250487e-09, 3.6436826889e-09, 2.99912983337e-09, 4.3712957698e-09, 3.69966746128e-09, 2.112884534e-09, 2.28759433618e-09, 2.85092083274e-09, 1.80473569422e-09, 1.65866054225e-09, 2.89092638717e-10, 1.64509308953e-10, 1.47895640179e-10, 1.12650486161e-10, 8.93198362495e-11, 8.32594965194e-11, 1.47573203657e-10, 1.42818146198e-10, 9.0782846518e-11, 1.02614153286e-10, 2.54052646975e-11, 7.76746375553e-11, 1.0720374588e-10, 8.3142458196e-11, 4.45421546869e-11, 2.31625569419e-11, 1.98986868649e-11, 1.67046793065e-11],
        "stdev": [0.000252198049566, 0.00157411640976, 0.000799734203611, 0.00113194563892, 0.00094224413624, 0.000917499768548, 0.0013470610138, 0.00153618387412, 0.000984817976132, 0.00118184648454, 0.000924456864595, 0.000169201593962, 6.28212073934e-05, 9.2090376711e-05, 0.000119556636491, 0.00013343457249, 8.7824104412e-05, 3.39619291481e-05, 4.61706622445e-05, 2.24055766012e-05, 2.10992475331e-05, 1.62985179486e-05, 9.98766790872e-06, 9.79361084319e-06, 5.04823583469e-06, 2.14142005461e-06, 2.29128704632e-06, 9.17328577543e-07, 4.13360112361e-07, 3.26493875491e-07, 2.68836231498e-07, 2.11093407643e-07, 1.59289328394e-07, 1.25016271113e-07, 7.64810863529e-08, 8.85581101784e-08, 2.77025122841e-08, 1.42739731146e-08, 9.85528370023e-09, 8.40933545021e-09]
    },
    "melbands128": {
        "max": [0.000219449619181, 0.00156807561871, 0.00386132090352, 0.0102341556922, 0.040442250669, 0.033023737371, 0.00770475529134, 0.0141409356147, 0.0108479578048, 0.0150689072907, 0.0168886817992, 0.0195472221822, 0.0210956055671, 0.010796639137, 0.0177135281265, 0.0164202824235, 0.0203778892756, 0.0298199206591, 0.0329117253423, 0.027580499649, 0.0366971865296, 0.0423990190029, 0.0140975927934, 0.0146735105664, 0.0288011170924, 0.0352315604687, 0.0361232385039, 0.0228984616697, 0.00367996608838, 0.00514154229313, 0.00302789430134, 0.00239093019627, 0.00126151856966, 0.00141393824015, 0.00118385930546, 0.00322558474727, 0.00300102168694, 0.00294157047756, 0.00208933278918, 0.00519446376711, 0.00524701364338, 0.000895210949238, 0.00447799591348, 0.00250694900751, 0.000640545214992, 0.000863553374074, 0.00121807237156, 0.00200692564249, 0.000848251860589, 0.000997869996354, 0.00065732805524, 0.000346955610439, 0.000403513433412, 0.000572144926991, 0.000508405675646, 0.000376030075131, 0.000244493101491, 0.000241119007114, 0.000127046747366, 0.000162383512361, 0.000272208650131, 0.000136779635795, 0.000146876496729, 4.44373181381e-05, 4.00772551075e-05, 3.77490760002e-05, 2.35355928453e-05, 3.22076812154e-05, 3.14372082357e-05, 1.51731119331e-05, 1.93928390217e-05, 1.51064077727e-05, 8.57756731421e-06, 4.65478569822e-06, 3.69040367332e-06, 4.22044922743e-06, 3.47245236298e-06, 6.37083667243e-06, 2.59610806097e-06, 4.95613221574e-06, 5.2714622143e-06, 2.21642767428e-06, 3.1657702948e-06, 2.6015018193e-06, 4.95240237797e-06, 5.17984426551e-06, 2.58061231762e-06, 7.29583064185e-07, 8.65102208536e-07, 3.24100506077e-06, 4.95979702464e-06, 2.02143473871e-06, 5.09429582962e-07, 4.67841317686e-07, 8.65614424583e-07, 3.78787746058e-07, 1.45204751334e-07, 1.04569124915e-07, 1.13770504129e-07, 1.38926580462e-07, 1.38400167771e-07, 1.32232742089e-07, 8.13448508552e-08, 4.11711447157e-08, 1.32138353592e-08, 9.19986486991e-09, 7.14049841477e-09, 6.67784627595e-09, 6.03381566933e-09, 4.81712891798e-09, 3.19997695009e-09, 2.57932697423e-09, 3.48051654164e-09, 4.27608926046e-09, 2.29441554644e-09, 2.40691999664e-09, 2.41056863359e-09, 2.2086050766e-09, 2.62508570437e-09, 2.51926501882e-09, 2.40121433848e-09, 2.16326978553e-09, 1.38211830869e-09, 1.33590771778e-09, 1.31763355782e-09, 1.30131661003e-09, 1.29093402634e-09, 1.28437405156e-09],
        "mean": [5.37940604772e-06, 2.54491969827e-05, 9.51012407313e-05, 0.000345354026649, 0.00061684573302, 0.000477372668684, 0.000352861010469, 0.00046264543198, 0.000482976261992, 0.000554003519937, 0.000584305613302, 0.000470802333439, 0.00033912184881, 0.000338403217029, 0.000402472476708, 0.000271636759862, 0.000294386030873, 0.000442080112407, 0.000485734024551, 0.000446986843599, 0.000520223227795, 0.000295952835586, 0.000274782447377, 0.000204168652999, 0.000327517685946, 0.000220567409997, 0.000294361438137, 0.000170719518792, 6.44382744213e-05, 6.5617961809e-05, 3.69263761968e-05, 2.06504992093e-05, 1.92360985238e-05, 1.8613807697e-05, 1.87401637959e-05, 2.05611377169e-05, 3.48791327269e-05, 3.19714308716e-05, 2.34109465964e-05, 2.92778622679e-05, 2.43993981712e-05, 1.03204638435e-05, 2.08015280805e-05, 2.81589982478e-05, 9.54210463533e-06, 8.41334986035e-06, 1.56170954142e-05, 1.21270259115e-05, 1.11947101686e-05, 9.00380564417e-06, 5.60626949664e-06, 5.74911427975e-06, 7.96914264356e-06, 5.63476942261e-06, 6.27909730611e-06, 5.67636243431e-06, 3.84377926821e-06, 4.06638491768e-06, 3.37917936122e-06, 3.02970988741e-06, 3.07645336761e-06, 2.20961487685e-06, 2.19789126277e-06, 1.7964524659e-06, 1.10278335796e-06, 9.74384761321e-07, 1.1649061662e-06, 1.15339696549e-06, 9.99664166557e-07, 5.01402098507e-07, 4.99821112498e-07, 2.50379144973e-07, 2.23696275725e-07, 1.45024756648e-07, 1.33809820113e-07, 1.26509320353e-07, 1.18227106327e-07, 1.39435300639e-07, 9.27391781147e-08, 8.41444531829e-08, 7.81234632541e-08, 6.5608787736e-08, 6.46115339009e-08, 4.98247310077e-08, 4.62916318611e-08, 4.43825420859e-08, 3.04969312026e-08, 2.55156376028e-08, 2.3539769245e-08, 2.37206077003e-08, 2.10052402139e-08, 1.57780259968e-08, 1.19760068529e-08, 9.8016084138e-09, 8.45574810171e-09, 7.07819269863e-09, 5.55714185779e-09, 5.15155029746e-09, 4.50783987915e-09, 4.40799396983e-09, 4.43790160176e-09, 3.17906501124e-09, 1.55566037829e-09, 8.58522919422e-10, 3.49097944996e-10, 1.59503896202e-10, 1.29093818968e-10, 1.15569193104e-10, 1.07795397608e-10, 9.46498643351e-11, 7.90628326697e-11, 6.57133791826e-11, 5.96961230448e-11, 5.8291600713e-11, 5.36137141627e-11, 4.8433236588e-11, 4.38041339312e-11, 4.64240035303e-11, 4.60467185215e-11, 4.49187111118e-11, 4.16130255254e-11, 3.91591550852e-11, 3.39780183156e-11, 2.24517938963e-11, 8.18841001948e-12, 3.13391825511e-12, 2.65235207929e-12, 2.61117343026e-12],
        "min": [1.64145097514e-09, 7.03591496176e-08, 3.92161808804e-07, 1.00556849247e-06, 3.7246923057e-07, 1.89459319699e-06, 4.25877260568e-07, 3.7021685273e-08, 1.4733419107e-07, 5.13751317044e-08, 5.82389816373e-08, 4.42050129834e-08, 3.58987257698e-08, 1.22188348328e-09, 1.72351235506e-08, 2.76040257319e-08, 1.48303582748e-08, 5.22629273192e-09, 1.65875331248e-08, 4.51959714098e-09, 3.54093243615e-09, 4.76938932792e-09, 1.06444086878e-09, 5.28659471755e-09, 1.89031057474e-09, 2.28057572826e-09, 7.14304437821e-09, 2.99922131575e-09, 7.10530634329e-10, 1.31772170953e-09, 2.01547623035e-09, 1.57810786661e-09, 1.32541355669e-09, 8.14081246858e-10, 9.03376429218e-10, 1.49046808229e-09, 1.59608259942e-09, 2.16518225571e-09, 1.04319797245e-09, 2.56127519194e-09, 1.44608347519e-09, 1.57587853877e-09, 6.73703148824e-10, 6.04137961879e-10, 2.68944561066e-10, 6.19603479635e-10, 8.10461087131e-10, 6.97088609058e-10, 7.21605997178e-10, 1.53888701782e-09, 1.72912129059e-09, 1.50481793693e-09, 7.30303595375e-10, 1.12068798686e-09, 1.12879217085e-09, 9.86497883382e-10, 5.69774005754e-10, 2.38591979507e-10, 2.95990704169e-10, 1.32685459842e-10, 7.89909804233e-11, 2.73596562073e-10, 2.04879335719e-10, 5.28506544084e-11, 1.60373464508e-10, 7.82583511882e-11, 1.38552364026e-10, 9.31427990292e-11, 5.05726606426e-11, 1.23571444743e-10, 8.66652929976e-11, 6.93064494683e-11, 6.46777423285e-11, 1.57169319226e-10, 1.26197552408e-10, 1.7038040423e-10, 8.21438680965e-11, 6.0362291554e-11, 7.60176852022e-11, 1.18723753051e-10, 1.88873042206e-10, 5.36167325815e-11, 2.24993652181e-11, 1.64527610286e-11, 2.80916696155e-11, 6.51818529707e-11, 8.2370846255e-11, 3.24961481335e-11, 8.8552047639e-11, 1.16205114975e-10, 5.46435570403e-11, 6.17153828042e-11, 2.77550031569e-11, 6.13156261875e-11, 2.64463485833e-11, 2.26197290065e-11, 2.28289141063e-11, 2.18127287066e-11, 1.19554114872e-11, 1.95899737404e-11, 3.74083056198e-11, 1.15858121708e-11, 1.20464185502e-13, 3.42995963121e-14, 1.28703005623e-14, 1.60546201306e-14, 1.99573769511e-14, 2.18776599349e-14, 2.4162760009e-14, 1.87382881699e-14, 2.85813853054e-14, 2.82641426675e-14, 2.54183440517e-14, 3.20548776867e-14, 2.83276667504e-14, 2.93371928042e-14, 2.34087177268e-14, 2.27682795035e-14, 2.34164731605e-14, 2.35782547593e-14, 2.00243061065e-14, 2.30090249018e-14, 2.2331578115e-14, 2.07105705063e-14, 1.58897451674e-14, 6.04670097155e-15, 8.89868568067e-16, 2.46083452908e-17],
        "stdev": [1.13335445349e-05, 7.03560071997e-05, 0.000263144815108, 0.00100260367617, 0.00238581304438, 0.00170518504456, 0.000666058214847, 0.00130968890153, 0.00104540563188, 0.00152879068628, 0.00173879379872, 0.0014047633158, 0.00113623205107, 0.000932897964958, 0.00141506048385, 0.00113487429917, 0.00118281191681, 0.00203154026531, 0.00229764613323, 0.00176546454895, 0.00250226748176, 0.00175795261748, 0.00128346437123, 0.00104944617487, 0.00200807885267, 0.00137589650694, 0.00222464487888, 0.0011245245114, 0.000243739923462, 0.000307356647681, 0.000179989234312, 0.000103660531749, 8.08695112937e-05, 7.58309543016e-05, 9.18120640563e-05, 0.000138672781759, 0.000203493022127, 0.000191562459804, 0.00011395457841, 0.000184072137927, 0.000234124920098, 4.94948872074e-05, 0.000156324429554, 0.000107828593173, 3.50548762071e-05, 4.00024036935e-05, 7.04341946403e-05, 7.87746757851e-05, 4.82080322399e-05, 4.50090774393e-05, 2.58556538029e-05, 2.07012108149e-05, 2.96390080621e-05, 2.61882378254e-05, 2.66679671768e-05, 2.21133759624e-05, 1.58800285135e-05, 1.66479640029e-05, 1.08035046651e-05, 9.25187578105e-06, 1.76200373971e-05, 8.46160128276e-06, 1.04358850876e-05, 4.9617856348e-06, 3.63606682185e-06, 2.5192166504e-06, 2.60071306002e-06, 3.16634373121e-06, 3.07920845444e-06, 1.34303229515e-06, 1.54525264406e-06, 7.26224357095e-07, 6.68848940677e-07, 3.8641232436e-07, 3.65609622577e-07, 3.60777477226e-07, 3.36818970936e-07, 4.09872001228e-07, 2.51428929232e-07, 2.69890421123e-07, 2.68130492032e-07, 1.91279866613e-07, 1.89155258568e-07, 1.52070981585e-07, 1.82539423577e-07, 1.79137984446e-07, 1.05495331582e-07, 6.40133706042e-08, 6.50277414138e-08, 1.08047082392e-07, 1.44651934875e-07, 7.16172507964e-08, 3.49728743743e-08, 2.72834874693e-08, 2.94414164159e-08, 1.8466192131e-08, 1.26305064185e-08, 1.05812203444e-08, 9.87822534881e-09, 1.04857020844e-08, 1.04122364064e-08, 8.67380922642e-09, 6.77761802237e-09, 3.67785268907e-09, 1.47208645274e-09, 7.21568083062e-10, 5.6303567364e-10, 5.01840458078e-10, 4.66846727942e-10, 4.13226342033e-10, 3.28686688977e-10, 2.69717775891e-10, 2.499585261e-10, 2.54695153856e-10, 2.30237828802e-10, 2.05538294717e-10, 1.89598975409e-10, 2.021016271e-10, 2.00712391152e-10, 1.95006344406e-10, 1.8180217054e-10, 1.61186133885e-10, 1.38716579889e-10, 9.79318293126e-11, 4.47073836285e-11, 3.51755638506e-11, 3.470506868e-11, 3.45233980292e-11]
    },
    "mfcc": {
        "mean": [-802.850280762, 181.485549927, -3.19144845009, 28.2113189697, 5.41307687759, -1.50691771507, -5.85112524033, -1.40868341923, -5.33027982712, 1.74173533916, -1.45284569263, -4.9617600441, -4.5617389679],
        "cov": [[8410.77246094, 1126.65759277, -2538.33740234, -233.771469116, -703.545959473, -696.681518555, -551.09375, -160.75843811, -293.145202637, -161.378753662, -54.0643920898, -122.261116028, -94.5967407227], [1126.65759277, 1256.86914062, -105.039260864, -228.100402832, -182.550842285, -387.957489014, -126.927680969, -93.4019165039, -133.356658936, -85.4503860474, -36.3205604553, 8.11942577362, 4.21962213516], [-2538.33740234, -105.039260864, 1377.98181152, -24.2050285339, -15.1543140411, 37.1744155884, -38.0411872864, 11.2094478607, 47.1175575256, -19.6159934998, -12.4924974442, 110.101295471, 35.3901939392], [-233.771469116, -228.100402832, -24.2050285339, 382.845306396, 223.681274414, 111.825279236, 37.7423477173, 0.326038360596, 24.9920654297, 30.6979637146, -20.1209468842, -30.1929626465, 51.0429077148], [-703.545959473, -182.550842285, -15.1543140411, 223.681274414, 430.183258057, 221.703704834, 28.5731277466, -36.0965232849, 39.0417327881, 53.5833206177, 14.1094741821, -21.7185173035, 19.5527153015], [-696.681518555, -387.957489014, 37.1744155884, 111.825279236, 221.703704834, 356.759429932, 187.682052612, 51.5362892151, 61.4934921265, 50.4816360474, 14.51171875, -30.7633457184, -13.0254144669], [-551.09375, -126.927680969, -38.0411872864, 37.7423477173, 28.5731277466, 187.682052612, 402.880706787, 149.117553711, 57.1684989929, 47.6423225403, 10.3030586243, -48.0743408203, -17.916595459], [-160.75843811, -93.4019165039, 11.2094478607, 0.326038360596, -36.0965232849, 51.5362892151, 149.117553711, 147.248901367, 51.8374557495, 11.3233575821, -2.36768317223, -27.3900699615, -14.716591835], [-293.145202637, -133.356658936, 47.1175575256, 24.9920654297, 39.0417327881, 61.4934921265, 57.1684989929, 51.8374557495, 107.807380676, 49.072467804, -18.1205348969, -20.6112155914, -12.4589147568], [-161.378753662, -85.4503860474, -19.6159934998, 30.6979637146, 53.5833206177, 50.4816360474, 47.6423225403, 11.3233575821, 49.072467804, 90.4190979004, 28.8280696869, -20.1619262695, -8.37548542023], [-54.0643920898, -36.3205604553, -12.4924974442, -20.1209468842, 14.1094741821, 14.51171875, 10.3030586243, -2.36768317223, -18.1205348969, 28.8280696869, 107.761688232, 48.9314804077, -12.7658510208], [-122.261116028, 8.11942577362, 110.101295471, -30.1929626465, -21.7185173035, -30.7633457184, -48.0743408203, -27.3900699615, -20.6112155914, -20.1619262695, 48.9314804077, 121.871047974, 34.472492218], [-94.5967407227, 4.21962213516, 35.3901939392, 51.0429077148, 19.5527153015, -13.0254144669, -17.916595459, -14.716591835, -12.4589147568, -8.37548542023, -12.7658510208, 34.472492218, 98.7051773071]],
        "icov": [[0.000882985710632, -0.000670438981615, 0.00166613864712, -0.00088952522492, 0.00194388371892, -0.00101067975629, 0.0017523606075, -0.000702858902514, 0.000505992677063, -0.000264053524006, 0.0004019025655, -0.000486838398501, 0.000695821479894], [-0.000670438981615, 0.00213729008101, -0.00127871811856, 0.00161893502809, -0.00248552882113, 0.00305977300741, -0.00229826546274, 0.00111927487887, 0.000809463614132, 0.000341732200468, 0.000421649834607, 0.000576283258852, -0.00048233018606], [0.00166613864712, -0.00127871811856, 0.00398600893095, -0.00165857875254, 0.00376155553386, -0.00218943809159, 0.00349038722925, -0.00151632528286, 0.000576301477849, -0.000502158538438, 0.00128256098833, -0.00198157760315, 0.00134147936478], [-0.00088952522492, 0.00161893502809, -0.00165857875254, 0.0056877923198, -0.0047180140391, 0.00247419439256, -0.00238531059586, 0.000405494909501, 0.000474810425658, -0.000123685604194, 0.000631525297649, 0.00142428453546, -0.00274605909362], [0.00194388371892, -0.00248552882113, 0.00376155553386, -0.0047180140391, 0.0103090927005, -0.00670184288174, 0.00521934404969, 0.000221987371333, -0.00082713237498, -0.000893884396646, -0.000841863220558, -0.000422092009103, 0.000972576497588], [-0.00101067975629, 0.00305977300741, -0.00218943809159, 0.00247419439256, -0.00670184288174, 0.0106461206451, -0.00602523656562, 0.00194733194076, -0.000289838877507, 0.00114902493078, -5.34409955435e-05, 0.0010868991958, 9.66933112068e-06], [0.0017523606075, -0.00229826546274, 0.00349038722925, -0.00238531059586, 0.00521934404969, -0.00602523656562, 0.0095814075321, -0.00664300797507, 0.00198424095288, -0.00283516314812, 0.000752349791583, -0.000882598746102, 0.00109486375004], [-0.000702858902514, 0.00111927487887, -0.00151632528286, 0.000405494909501, 0.000221987371333, 0.00194733194076, -0.00664300797507, 0.0159221943468, -0.00832484196872, 0.00634101964533, -0.0044999611564, 0.0040570073761, -0.00151796836872], [0.000505992677063, 0.000809463614132, 0.000576301477849, 0.000474810425658, -0.00082713237498, -0.000289838877507, 0.00198424095288, -0.00832484196872, 0.0224956907332, -0.0142585020512, 0.011010279879, -0.00541790062562, 0.00418850965798], [-0.000264053524006, 0.000341732200468, -0.000502158538438, -0.000123685604194, -0.000893884396646, 0.00114902493078, -0.00283516314812, 0.00634101964533, -0.0142585020512, 0.0249318573624, -0.0131236137822, 0.00858602952212, -0.003644334618], [0.0004019025655, 0.000421649834607, 0.00128256098833, 0.000631525297649, -0.000841863220558, -5.34409955435e-05, 0.000752349791583, -0.0044999611564, 0.011010279879, -0.0131236137822, 0.0215832274407, -0.0123423850164, 0.00658420473337], [-0.000486838398501, 0.000576283258852, -0.00198157760315, 0.00142428453546, -0.000422092009103, 0.0010868991958, -0.000882598746102, 0.0040570073761, -0.00541790062562, 0.00858602952212, -0.0123423850164, 0.0182413104922, -0.00776785193011], [0.000695821479894, -0.00048233018606, 0.00134147936478, -0.00274605909362, 0.000972576497588, 9.66933112068e-06, 0.00109486375004, -0.00151796836872, 0.00418850965798, -0.003644334618, 0.00658420473337, -0.00776785193011, 0.0153226722032]]
    },
    "spectral_contrast_coeffs": {
        "max": [-0.386862397194, -0.386558890343, -0.405774235725, -0.56920337677, -0.625976502895, -0.600452065468],
        "mean": [-0.687163174152, -0.727213919163, -0.75153952837, -0.791863918304, -0.795500934124, -0.761010110378],
        "min": [-0.923516690731, -0.922244429588, -0.940686404705, -0.926174819469, -0.908950388432, -0.915793836117],
        "stdev": [0.0948942527175, 0.102308161557, 0.0852903574705, 0.0712283030152, 0.0639096945524, 0.0455494634807]
    },
    "spectral_contrast_valleys": {
        "max": [-5.50254392624, -5.08534765244, -5.68877649307, -6.5031452179, -6.9455780983, -10.5225868225],
        "mean": [-7.54308462143, -7.71490430832, -8.81494617462, -9.10431003571, -9.46475696564, -13.0192050934],
        "min": [-9.41181564331, -10.4919929504, -11.2549800873, -11.1715679169, -12.136721611, -14.294588089],
        "stdev": [0.694983422756, 1.08530163765, 1.02697467804, 1.00847792625, 0.896679341793, 0.77554243803]
    }
},
"rhythm": {
    "beats_count": 58,
    "beats_loudness": {
        "max": 0.0934649258852,
        "mean": 0.0195728093386,
        "min": 0.000118262352771,
        "stdev": 0.0261183418334
    },
    "bpm": 120.729270935,
    "bpm_histogram_first_peak_bpm": 120,
    "bpm_histogram_first_peak_weight": 0.54545456171,
    "bpm_histogram_second_peak_bpm": 126,
    "bpm_histogram_second_peak_spread": 0.199999988079,
    "bpm_histogram_second_peak_weight": 0.140350878239,
    "danceability": 0.967040896416,
    "onset_rate": 2.09179663658,
    "beats_loudness_band_ratio": {
        "max": [0.963076233864, 0.748428463936, 0.881953239441, 0.817128717899, 0.530633866787, 0.0970586463809],
        "mean": [0.380304306746, 0.269250333309, 0.259290575981, 0.117520809174, 0.0569944828749, 0.0099538275972],
        "min": [0.00115457375068, 0.00799772981554, 0.00293307285756, 0.000352986447979, 0.000537482323125, 6.65369370836e-05],
        "stdev": [0.290471225977, 0.221556082368, 0.265147387981, 0.190577536821, 0.125380516052, 0.0195985902101]
    },
    "beats_position": [0.615328788757, 1.23065757751, 1.84598636627, 2.46131515503, 3.13469386101, 3.80807256699, 4.45823097229, 5.10838985443, 5.75854873657, 6.420317173, 7.07047605515, 7.70902490616, 8.38240337372, 9.03256225586, 9.682721138, 10.3328800201, 10.9482088089, 11.5635375977, 12.1556463242, 12.7709751129, 13.3746938705, 13.9900226593, 14.5937414169, 15.0929698944, 15.5921993256, 16.1030387878, 16.602268219, 17.1014957428, 17.6123352051, 18.1115646362, 18.6107940674, 19.0984115601, 19.5860309601, 20.0736503601, 20.5612697601, 21.0604991913, 21.5597267151, 22.0589561462, 22.5465755463, 23.0341949463, 23.5102043152, 24.0442619324, 24.589931488, 25.1239910126, 25.6348285675, 26.1456680298, 26.6448974609, 27.1209068298, 27.5969161987, 28.0729255676, 28.537322998, 29.0249423981, 29.500951767, 29.9769611359, 30.4413604736, 30.9173698425, 31.4049873352, 31.8809967041],
