{
"metadata": {
    "version": {
        "essentia": "2.1-beta5",
        "essentia_git_sha": "Undefined",
        "extractor": "music 2.0"
    },
    "audio_properties": {
        "analysis": {
            "equal_loudness": 0,
            "length": 48.7502937317,
            "sample_rate": 44100,
            "start_time": 110.236732483,
            "downmix": "mix"
        },
        "bit_rate": 192000,
        "length": 188.499603271,
        "lossless": 0,
        "number_channels": 2,
        "replay_gain": -10.5013237,
        "sample_rate": 48000,
        "codec": "mp3",
        "md5_encoded": "89083217741c65984ac12a21a4047278"
    },
    "tags": {
        "file_name": "Netherlands_De Vogels Van Holland_Jetty Paerl.mp3",
        "encoding": ["Lavf58.29.100"]
    }
},
"lowlevel": {
    "average_loudness": 0.784089386463,
    "barkbands_crest": {
        "max": 23.9722976685,
        "mean": 11.080201149,
        "min": 4.16086053848,
        "stdev": 3.92754745483
    },
    "barkbands_flatness_db": {
        "max": 0.514775633812,
        "mean": 0.272007077932,
        "min": 0.162374123931,
        "stdev": 0.0449713729322
    },
    "barkbands_kurtosis": {
        "max": 85.5574493408,
        "mean": 6.19938611984,
        "min": -1.41323566437,
        "stdev": 7.57273054123
    },
    "barkbands_skewness": {
        "max": 6.02626657486,
        "mean": 1.53428375721,
        "min": -1.7933536768,
        "stdev": 1.0615811348
    },
    "barkbands_spread": {
        "max": 33.5704574585,
        "mean": 7.53198480606,
        "min": 0.416291952133,
        "stdev": 4.2542591095
    },
    "dissonance": {
        "max": 0.499819457531,
        "mean": 0.420083999634,
        "min": 0.217341795564,
        "stdev": 0.0460196062922
    },
    "dynamic_complexity": 3.22348618507,
    "erbbands_crest": {
        "max": 30.9740142822,
        "mean": 12.2889862061,
        "min": 4.29290914536,
        "stdev": 4.79222393036
    },
    "erbbands_flatness_db": {
        "max": 0.423617303371,
        "mean": 0.282460957766,
        "min": 0.135589882731,
        "stdev": 0.0351568162441
    },
    "erbbands_kurtosis": {
        "max": 49.5804176331,
        "mean": 2.30967473984,
        "min": -1.88136780262,
        "stdev": 3.75879240036
    },
    "erbbands_skewness": {
        "max": 5.47912454605,
        "mean": 1.0116341114,
        "min": -1.75782394409,
        "stdev": 0.761299788952
    },
    "erbbands_spread": {
        "max": 70.6435089111,
        "mean": 18.6484203339,
        "min": 1.29429125786,
        "stdev": 9.31894493103
    },
    "hfc": {
        "max": 142.408126831,
        "mean": 11.5793075562,
        "min": 0.0147557798773,
        "stdev": 14.3773336411
    },
    "loudness_ebu128": {
        "integrated": -14.2957696915,
        "loudness_range": 4.52490520477,
        "momentary": {
            "max": -8.17061233521,
            "mean": -15.297162056,
            "min": -35.3801345825,
            "stdev": 3.30558443069
        },
        "short_term": {
            "max": -10.9042882919,
            "mean": -14.6773662567,
            "min": -21.6988048553,
            "stdev": 1.85534870625
        }
    },
    "melbands_crest": {
        "max": 29.3747825623,
        "mean": 13.8067789078,
        "min": 5.19582557678,
        "stdev": 4.88189077377
    },
    "melbands_flatness_db": {
        "max": 0.623058617115,
        "mean": 0.334378391504,
        "min": 0.183413729072,
        "stdev": 0.05814043805
    },
    "melbands_kurtosis": {
        "max": 145.134109497,
        "mean": 8.96118736267,
        "min": -1.57986021042,
        "stdev": 11.1231365204
    },
    "melbands_skewness": {
        "max": 7.42046070099,
        "mean": 1.79931592941,
        "min": -1.58138597012,
        "stdev": 1.20592439175
    },
    "melbands_spread": {
        "max": 43.3050460815,
        "mean": 9.85590744019,
        "min": 0.451670825481,
        "stdev": 5.88242101669
    },
    "pitch_salience": {
        "max": 0.845269501209,
        "mean": 0.55990678072,
        "min": 0.136334404349,
        "stdev": 0.115344777703
    },
    "silence_rate_20dB": {
        "max": 1,
        "mean": 1,
        "min": 1,
        "stdev": 0
    },
    "silence_rate_30dB": {
        "max": 1,
        "mean": 0.988100886345,
        "min": 0,
        "stdev": 0.108430832624
    },
    "silence_rate_60dB": {
        "max": 1,
        "mean": 0.0380771048367,
        "min": 0,
        "stdev": 0.191381916404
    },
    "spectral_centroid": {
        "max": 2069.69580078,
        "mean": 613.477966309,
        "min": 143.013061523,
        "stdev": 258.503356934
    },
    "spectral_complexity": {
        "max": 35,
        "mean": 11.4455022812,
        "min": 0,
        "stdev": 4.39847755432
    },
    "spectral_decrease": {
        "max": -1.54752443499e-11,
        "mean": -6.11937212014e-09,
        "min": -4.1801673234e-08,
        "stdev": 5.58883916923e-09
    },
    "spectral_energy": {
        "max": 0.170686095953,
        "mean": 0.0241461917758,
        "min": 6.00878884143e-05,
        "stdev": 0.0221927259117
    },
    "spectral_energyband_high": {
        "max": 0.000956362637226,
        "mean": 2.17756514758e-05,
        "min": 2.64894396196e-07,
        "stdev": 5.70026677451e-05
    },
    "spectral_energyband_low": {
        "max": 0.115492656827,
        "mean": 0.00563791627064,
        "min": 1.39267049235e-05,
        "stdev": 0.0105284368619
    },
    "spectral_energyband_middle_high": {
        "max": 0.143455967307,
        "mean": 0.00431378325447,
        "min": 9.59953922575e-07,
        "stdev": 0.0110766366124
    },
    "spectral_energyband_middle_low": {
        "max": 0.135301679373,
        "mean": 0.0154803860933,
        "min": 2.30765326705e-05,
        "stdev": 0.0149122560397
    },
    "spectral_entropy": {
        "max": 7.81775474548,
        "mean": 6.563144207,
        "min": 4.87830591202,
        "stdev": 0.374512344599
    },
    "spectral_flux": {
        "max": 0.363899469376,
        "mean": 0.0758864432573,
        "min": 0.00410373043269,
        "stdev": 0.0458300374448
    },
    "spectral_kurtosis": {
        "max": 79.6858215332,
        "mean": 17.0658283234,
        "min": 0.287767410278,
        "stdev": 11.5229597092
    },
    "spectral_rms": {
        "max": 0.0129043804482,
        "mean": 0.0044312896207,
        "min": 0.000242120484472,
        "stdev": 0.00198013032787
    },
    "spectral_rolloff": {
        "max": 2756.25,
        "mean": 641.57824707,
        "min": 86.1328125,
        "stdev": 335.089691162
    },
    "spectral_skewness": {
        "max": 7.43959951401,
        "mean": 2.64200973511,
        "min": 0.398253679276,
        "stdev": 1.00695610046
    },
    "spectral_spread": {
        "max": 23340088,
        "mean": 1998086.875,
        "min": 1029932.9375,
        "stdev": 673287.0625
    },
    "spectral_strongpeak": {
        "max": 13.2047510147,
        "mean": 1.16064012051,
        "min": 0.0075735761784,
        "stdev": 1.3404866457
    },
    "zerocrossingrate": {
        "max": 0.07275390625,
        "mean": 0.0253606457263,
        "min": 0.0029296875,
        "stdev": 0.00976303499192
    },
    "barkbands": {
        "max": [0.000143512981595, 0.048834644258, 0.100104518235, 0.0338710024953, 0.0750407651067, 0.0558752417564, 0.106908366084, 0.111473761499, 0.0896276682615, 0.136420577765, 0.0339436158538, 0.0189326349646, 0.0238142255694, 0.00682014599442, 0.00756595376879, 0.0104644568637, 0.00224695377983, 0.00235918327235, 0.00270341569558, 0.00186473003123, 0.000135909533128, 2.63254351012e-05, 1.28635820147e-05, 2.78951370092e-06, 8.72837233601e-07, 9.04943036062e-08, 6.18808968511e-08],
        "mean": [7.25725703887e-06, 0.00261963368393, 0.00223351828754, 0.00127042725217, 0.00387189956382, 0.0028184868861, 0.0029706119094, 0.00216299085878, 0.00155294314027, 0.00241182884201, 0.000636283424683, 0.000458380964119, 0.000293285876978, 0.000202151553822, 0.000182716568816, 0.000188416132005, 8.22031288408e-05, 8.11370991869e-05, 5.78203616897e-05, 3.87843683711e-05, 3.78341042051e-06, 9.58110717875e-07, 4.31920625488e-07, 1.82204317412e-07, 7.88182248357e-08, 9.07614594592e-10, 8.82370676525e-10],
        "min": [2.25824798861e-08, 2.32252818932e-06, 2.02190267373e-06, 1.66725249073e-06, 4.01234228775e-06, 1.23345466818e-06, 8.12037512787e-07, 3.05769958686e-07, 6.6743507432e-07, 4.51686219094e-07, 7.92988572584e-08, 4.66950282885e-08, 5.14148723596e-08, 6.31913508187e-08, 3.76450302042e-08, 4.79624802097e-08, 3.70140185169e-08, 4.00495849817e-08, 3.91325620797e-08, 3.75503397265e-08, 3.3297840929e-08, 2.89384640695e-08, 2.63912305343e-08, 3.5644244889e-08, 2.1915314008e-08, 9.20609248556e-12, 1.41182942073e-11],
        "stdev": [1.04562968772e-05, 0.00485410355031, 0.00656574731693, 0.00262765563093, 0.00578162120655, 0.00462609296665, 0.00583604164422, 0.00622055958956, 0.00440373038873, 0.00875326246023, 0.00276121217757, 0.0015436358517, 0.00128688733093, 0.00054255843861, 0.00056191108888, 0.000541254354175, 0.000179753958946, 0.00016122359375, 0.00013531181321, 0.000111785739136, 8.20606874186e-06, 2.32657043853e-06, 8.61951832576e-07, 1.98820984565e-07, 5.6607426302e-08, 3.24749360736e-09, 2.43846387527e-09]
    },
    "erbbands": {
        "max": [0.639231204987, 14.5032329559, 99.1261825562, 79.9916305542, 94.7678833008, 319.125946045, 609.192993164, 402.891357422, 690.566772461, 2059.36572266, 1829.06140137, 1954.63684082, 2986.25317383, 4688.7265625, 923.343322754, 839.008911133, 1291.11865234, 746.73840332, 227.588546753, 360.401000977, 453.469146729, 115.948905945, 162.597000122, 182.050949097, 99.8115005493, 97.7824401855, 15.4145898819, 3.63409948349, 0.978012979031, 0.861892700195, 0.272373706102, 0.107429340482, 0.0256894640625, 0.013214235194, 0.00432847021148, 0.000454985245597, 0.00028235843638, 4.08253508795e-05, 8.90656156116e-05, 0.000199885951588],
        "mean": [0.0392720848322, 0.729044735432, 2.49034380913, 3.85835433006, 6.58197069168, 14.7013339996, 20.8047142029, 22.2725811005, 39.0193824768, 47.0157661438, 45.4400978088, 34.4391899109, 70.1863861084, 51.8675575256, 23.2254199982, 17.895986557, 14.5557518005, 11.4840106964, 9.06290912628, 11.2757863998, 8.43363285065, 4.79961299896, 4.40236997604, 3.81695914268, 2.34075903893, 1.92856132984, 0.408525407314, 0.0907285511494, 0.0387768149376, 0.0195801351219, 0.0106768747792, 0.00516257993877, 0.00246003223583, 0.00136142189149, 0.000307313428493, 2.3418053388e-05, 9.72030829871e-06, 2.25339863391e-06, 1.1786271898e-05, 2.72633496934e-05],
        "min": [3.91026806028e-05, 0.000667575630359, 0.00404192414135, 0.00719909416512, 0.00693681882694, 0.0116437952965, 0.00547443330288, 0.0106807397678, 0.0172197371721, 0.00865537580103, 0.00581017695367, 0.010792681016, 0.0184768307954, 0.00380645901896, 0.00295380270109, 0.00269675278105, 0.00316745345481, 0.00430543860421, 0.00239112880081, 0.00251193437725, 0.00258420826867, 0.0023158849217, 0.00225741486065, 0.00223723216914, 0.00182359211612, 0.00182249664795, 0.00123655272182, 0.00124028965365, 0.00118868879508, 0.000872330216225, 0.000825397321023, 0.000775003572926, 0.00047079694923, 0.000377456424758, 7.33230044716e-05, 2.76722903436e-06, 2.31327689448e-07, 3.3734384175e-08, 3.42075914261e-08, 6.80300829003e-08],
        "stdev": [0.072894051671, 1.36626493931, 6.86468362808, 7.49157619476, 8.70566940308, 24.8424854279, 48.3806228638, 31.0675354004, 54.8125686646, 130.235687256, 122.865089417, 92.0737838745, 228.215209961, 227.977310181, 76.8129882812, 59.6907463074, 58.1659851074, 38.7747001648, 20.9991645813, 32.4306945801, 22.337720871, 9.66784191132, 8.88232135773, 8.5157327652, 5.78589868546, 5.66442012787, 1.01378011703, 0.195719659328, 0.0910566151142, 0.047083530575, 0.0198801700026, 0.00726956455037, 0.00213842862286, 0.00101315660868, 0.000219256558921, 2.35024563153e-05, 1.16939518193e-05, 2.94781875709e-06, 1.10004903036e-05, 2.52568952419e-05]
    },
    "gfcc": {
        "mean": [-114.184890747, 203.450546265, -140.298660278, 15.8088226318, -47.2600288391, -20.8827323914, -25.3448505402, -3.50771570206, -8.51717662811, -16.0474205017, 6.88784694672, -22.3978023529, 6.44797611237],
        "cov": [[2918.27856445, 134.880447388, -1026.71679688, -347.715118408, 235.021575928, -319.50958252, 280.93927002, 57.1213531494, -64.9608840942, -43.1756210327, 9.91776943207, -38.5524368286, 17.672914505], [134.880447388, 240.806427002, 156.284927368, -73.6681060791, 127.132621765, -2.52372860909, 17.1012706757, 3.0964114666, -8.66613483429, -10.3181209564, 10.0257883072, -19.6129245758, -6.39104652405], [-1026.71679688, 156.284927368, 870.303833008, 207.8646698, 28.1638202667, 173.765609741, -28.2877483368, -19.9980831146, 44.4679031372, -0.396427929401, -10.4327344894, 3.40337944031, -34.3202476501], [-347.715118408, -73.6681060791, 207.8646698, 347.602539062, 48.3695602417, 38.9312858582, -37.4849128723, 16.6992282867, 73.9923706055, 7.48653554916, -15.4257678986, 25.2820358276, -1.29133093357], [235.021575928, 127.132621765, 28.1638202667, 48.3695602417, 270.420166016, 16.5158805847, 9.59930419922, 57.077293396, 13.5100708008, -13.6474590302, -10.1037530899, -15.9434909821, 3.6316280365], [-319.50958252, -2.52372860909, 173.765609741, 38.9312858582, 16.5158805847, 283.065795898, 120.993652344, -18.9786205292, -12.6202573776, 14.7879123688, 12.4149560928, 12.1083879471, -6.87226104736], [280.93927002, 17.1012706757, -28.2877483368, -37.4849128723, 9.59930419922, 120.993652344, 224.221725464, 55.8658828735, -40.4345626831, 0.386841505766, 16.2220134735, -16.6232528687, -8.55293083191], [57.1213531494, 3.0964114666, -19.9980831146, 16.6992282867, 57.077293396, -18.9786205292, 55.8658828735, 150.252700806, 41.5673675537, -18.7877464294, -20.1089382172, -24.0725002289, 3.66644382477], [-64.9608840942, -8.66613483429, 44.4679031372, 73.9923706055, 13.5100708008, -12.6202573776, -40.4345626831, 41.5673675537, 121.153564453, 30.8758869171, -19.6636390686, 6.87995004654, 0.0990845635533], [-43.1756210327, -10.3181209564, -0.396427929401, 7.48653554916, -13.6474590302, 14.7879123688, 0.386841505766, -18.7877464294, 30.8758869171, 87.0479507446, 42.6440658569, -7.81736516953, -12.9421958923], [9.91776943207, 10.0257883072, -10.4327344894, -15.4257678986, -10.1037530899, 12.4149560928, 16.2220134735, -20.1089382172, -19.6636390686, 42.6440658569, 88.0199813843, 36.6643829346, -12.098736763], [-38.5524368286, -19.6129245758, 3.40337944031, 25.2820358276, -15.9434909821, 12.1083879471, -16.6232528687, -24.0725002289, 6.87995004654, -7.81736516953, 36.6643829346, 105.629058838, 37.6624183655], [17.672914505, -6.39104652405, -34.3202476501, -1.29133093357, 3.6316280365, -6.87226104736, -8.55293083191, 3.66644382477, 0.0990845635533, -12.9421958923, -12.098736763, 37.6624183655, 77.2509613037]],
        "icov": [[0.00236231018789, -0.000188783291378, 0.00192141078878, 0.000863447028678, -0.0030388943851, 0.00439333170652, -0.00661914609373, 0.00483643170446, -0.00396735034883, 0.00286284927279, -0.000982424244285, 0.000474141037557, -1.69993963937e-05], [-0.000188783291378, 0.0139331873506, -0.00457724975422, 0.00589898601174, -0.00759220914915, 0.00385619071312, -0.00391590315849, 0.00563871255144, -0.00598033564165, 0.00600166572258, -0.00715431151912, 0.00478561362252, -0.00318071222864], [0.00192141078878, -0.00457724975422, 0.00461058644578, -0.00195863726549, 9.25019485294e-05, 0.000943108520005, -0.0031600126531, 0.00199933536351, -0.00150797353126, 0.00107489095535, 0.00106814270839, -0.000700129312463, 0.00152279029135], [0.000863447028678, 0.00589898601174, -0.00195863726549, 0.00685676559806, -0.00506156962365, 0.00320743420161, -0.00401846459135, 0.00415674038231, -0.00572380702943, 0.00327738095075, -0.00242780637927, 0.000749381026253, -0.000773126725107], [-0.0030388943851, -0.00759220914915, 9.25019485294e-05, -0.00506156962365, 0.0125863496214, -0.00871916860342, 0.0117193991318, -0.0113404206932, 0.00875644385815, -0.00620848406106, 0.00421666633338, -0.00203428743407, 0.00109281286132], [0.00439333170652, 0.00385619071312, 0.000943108520005, 0.00320743420161, -0.00871916860342, 0.0160654820502, -0.0183229129761, 0.0133863938972, -0.00967700313777, 0.00585062988102, -0.00251372205094, 0.000754565699026, -0.000807306263596], [-0.00661914609373, -0.00391590315849, -0.0031600126531, -0.00401846459135, 0.0117193991318, -0.0183229129761, 0.0293756388128, -0.0212655384094, 0.0176232811064, -0.0117874350399, 0.00486854976043, -0.00283841160126, 0.00194885511883], [0.00483643170446, 0.00563871255144, 0.00199933536351, 0.00415674038231, -0.0113404206932, 0.0133863938972, -0.0212655384094, 0.0263408236206, -0.0203898362815, 0.017095124349, -0.0108413426206, 0.00926136504859, -0.00488583184779], [-0.00396735034883, -0.00598033564165, -0.00150797353126, -0.00572380702943, 0.00875644385815, -0.00967700313777, 0.0176232811064, -0.0203898362815, 0.0309421643615, -0.0246233027428, 0.0199903026223, -0.0138605460525, 0.0070169758983], [0.00286284927279, 0.00600166572258, 0.00107489095535, 0.00327738095075, -0.00620848406106, 0.00585062988102, -0.0117874350399, 0.017095124349, -0.0246233027428, 0.038661133498, -0.0292423721403, 0.0194057635963, -0.00846229959279], [-0.000982424244285, -0.00715431151912, 0.00106814270839, -0.00242780637927, 0.00421666633338, -0.00251372205094, 0.00486854976043, -0.0108413426206, 0.0199903026223, -0.0292423721403, 0.0400946252048, -0.0242511611432, 0.013876516372], [0.000474141037557, 0.00478561362252, -0.000700129312463, 0.000749381026253, -0.00203428743407, 0.000754565699026, -0.00283841160126, 0.00926136504859, -0.0138605460525, 0.0194057635963, -0.0242511611432, 0.0276001300663, -0.014587319456], [-1.69993963937e-05, -0.00318071222864, 0.00152279029135, -0.000773126725107, 0.00109281286132, -0.000807306263596, 0.00194885511883, -0.00488583184779, 0.0070169758983, -0.00846229959279, 0.013876516372, -0.014587319456, 0.0215320028365]]
    },
    "melbands": {
        "max": [0.00949785951525, 0.0340637303889, 0.0111750159413, 0.00964878126979, 0.0183382593095, 0.00861122086644, 0.0110319107771, 0.0188997015357, 0.0157537087798, 0.0110466256738, 0.0162142049521, 0.0203912891448, 0.00458649732172, 0.00224873912521, 0.00283399736509, 0.0025771711953, 0.00120461184997, 0.000406673876569, 0.00075982947601, 0.000815990963019, 0.000391912355553, 0.000157477581524, 0.000139024559758, 0.000110106346256, 0.000180325543624, 7.09166342858e-05, 7.32938351575e-05, 7.21009128029e-05, 1.37901724884e-05, 4.44894521934e-06, 1.21713185308e-06, 7.58349472108e-07, 6.31431419151e-07, 5.03849662437e-07, 1.86351272191e-07, 1.17901691965e-07, 4.93186433914e-08, 1.91971381014e-08, 1.31288899752e-08, 1.09896030054e-08],
        "mean": [0.000563653942663, 0.00119953718968, 0.000712266890332, 0.000771292136051, 0.000727530918084, 0.000539897184353, 0.000589862291235, 0.000503183517139, 0.000360347446986, 0.0002084915468, 0.000357518118108, 0.000224430463277, 8.41234941618e-05, 4.8600093578e-05, 4.06175167882e-05, 2.82959863398e-05, 2.07433404285e-05, 1.4337486391e-05, 1.53571945702e-05, 1.4888340047e-05, 8.54794234328e-06, 5.18302158525e-06, 4.0214576984e-06, 3.66573817701e-06, 3.13340592584e-06, 1.72580882918e-06, 1.62006165283e-06, 1.20372260426e-06, 2.87171133095e-07, 8.24496808605e-08, 3.69256518695e-08, 2.40112196792e-08, 1.28147252809e-08, 1.00073505038e-08, 6.49551656906e-09, 4.12784295634e-09, 2.72400413337e-09, 1.75451286832e-09, 1.33712374506e-09, 1.09314191032e-09],
        "min": [6.41417159386e-07, 1.64080302056e-06, 2.35001630244e-06, 9.4999029443e-07, 2.13800248616e-07, 2.67875236659e-07, 2.36563366229e-07, 5.45971161614e-08, 3.93547701094e-08, 8.77832277979e-08, 8.58333635279e-08, 9.25181264932e-09, 9.22986131968e-09, 7.21603976572e-09, 8.64629878805e-09, 5.18068876687e-09, 6.45870379401e-09, 3.83979470442e-09, 2.92881452424e-09, 3.01634095479e-09, 2.56639021146e-09, 1.83532689046e-09, 2.25787122332e-09, 1.73344016918e-09, 1.57768309528e-09, 1.46148837477e-09, 1.24958210446e-09, 1.14020481945e-09, 7.04996616641e-10, 5.8080196208e-10, 6.13598283294e-10, 6.0047289363e-10, 4.89047968788e-10, 4.02501365571e-10, 4.14901946133e-10, 2.8008959041e-10, 3.77250480854e-10, 2.98801622334e-10, 2.66197980325e-10, 2.80100581618e-10],
        "stdev": [0.00102097506169, 0.00269358931109, 0.0011540222913, 0.00104876130354, 0.00152679928578, 0.000735825742595, 0.000886840978637, 0.00139839272015, 0.000994132715277, 0.000611952564213, 0.00119674671441, 0.00101357372478, 0.000325558532495, 0.000166777856066, 0.000160868657986, 0.000126305661979, 6.82952304487e-05, 3.43212777807e-05, 5.07408185513e-05, 4.61946619907e-05, 2.25798921747e-05, 1.18056250358e-05, 8.71671454661e-06, 7.82778261055e-06, 7.73659576225e-06, 4.23136816607e-06, 4.55100098407e-06, 3.8007110561e-06, 8.08144932307e-07, 1.99928280153e-07, 8.78537065319e-08, 6.11105193116e-08, 3.58687053392e-08, 2.53660026317e-08, 1.30280168875e-08, 7.07222369556e-09, 3.5293408196e-09, 1.58921842353e-09, 1.07161168827e-09, 8.11483880092e-10]
    },
    "melbands128": {
        "max": [0.000124116340885, 0.00336295668967, 0.0153066972271, 0.0320068784058, 0.0499811992049, 0.0435485541821, 0.0194341950119, 0.0160938315094, 0.0122015085071, 0.0133480038494, 0.0200717188418, 0.0329564586282, 0.02925099805, 0.0232695247978, 0.0122061762959, 0.0092739649117, 0.0129473628476, 0.0178649798036, 0.0380081161857, 0.0367889776826, 0.0350707806647, 0.0335785895586, 0.0308226682246, 0.0140373129398, 0.0236083716154, 0.023255025968, 0.030210705474, 0.0273494869471, 0.0376960560679, 0.0461117587984, 0.024010097608, 0.011126213707, 0.00783560890704, 0.00530283711851, 0.00540369609371, 0.00399244390428, 0.00397958513349, 0.00541727617383, 0.00348586752079, 0.00553645705804, 0.00345901353285, 0.00537451496348, 0.00147624162491, 0.00193823606241, 0.00117565493565, 0.000771542545408, 0.000698375981301, 0.00195844867267, 0.00130433193408, 0.000793038343545, 0.00112459086813, 0.00195996160619, 0.000761941715609, 0.000340540194884, 0.000408764986787, 0.000164811775903, 0.00018316587375, 0.000144769976032, 0.000201204064069, 0.000325072731357, 0.00014093091886, 0.000156361886184, 0.000115543160064, 0.000357500830432, 7.62616618886e-05, 8.37912448333e-05, 0.000206289594644, 8.56134429341e-05, 0.000108228770841, 8.82582535269e-05, 0.000115951879707, 7.9305980762e-05, 1.69878167071e-05, 8.13800306787e-06, 7.58031364967e-06, 3.87280624636e-06, 7.98534529167e-06, 3.16516548082e-06, 1.33181436013e-06, 1.39038957059e-06, 1.35524703637e-06, 9.98712152978e-07, 9.85676933851e-07, 6.43018211122e-07, 4.94970947784e-07, 8.05423155725e-07, 5.04711238136e-07, 2.41162439352e-07, 3.24224657788e-07, 1.26595466554e-07, 1.38639876468e-07, 1.30075179072e-07, 7.40410044386e-08, 6.21502849185e-08, 3.66335868307e-08, 3.02839495703e-08, 2.22271250294e-08, 1.72951519772e-08, 1.69625042901e-08, 1.17422214174e-08, 2.09034283216e-08, 1.23800951712e-08, 1.17765495133e-08, 1.18206759936e-08, 3.30419536176e-09, 4.66687355427e-10, 5.12910935946e-10, 4.26549379151e-10, 4.03369088131e-10, 5.72354053041e-10, 1.17781329134e-09, 1.26756227736e-09, 9.60981183518e-10, 3.30409949401e-10, 3.19265669457e-10, 3.0870583867e-10, 2.99040098239e-10, 2.90073409737e-10, 2.81782847056e-10, 2.73715994314e-10, 2.66719812902e-10, 2.61005772551e-10, 2.55877347088e-10, 2.52053572458e-10, 2.48384895984e-10, 2.45240883157e-10, 2.4323151826e-10, 2.41928699296e-10],
        "mean": [5.78056096856e-06, 0.000140680131153, 0.00082188466331, 0.00132381997537, 0.0013470252743, 0.0010390606476, 0.000818232481834, 0.000552103389055, 0.000611831841525, 0.000837000028696, 0.00083841686137, 0.000782253744546, 0.00077121227514, 0.000572539982386, 0.000415891758166, 0.000541222980246, 0.000776322791353, 0.000496153021231, 0.000521666370332, 0.000572518503759, 0.00048016695655, 0.000353604293196, 0.000415607035393, 0.000266392773483, 0.000186194476555, 0.000180575021659, 0.000246836309088, 0.000446452700999, 0.000394622213207, 0.000255017046584, 0.000180799150257, 0.000106567596958, 8.47336923471e-05, 6.12973162788e-05, 5.29535136593e-05, 3.57161843567e-05, 5.82320135436e-05, 4.28528910561e-05, 2.64085319941e-05, 3.69317203877e-05, 2.48667565756e-05, 2.59678763541e-05, 1.67312846315e-05, 2.35650695686e-05, 1.69145369e-05, 1.00243123597e-05, 1.40098127304e-05, 1.64311568369e-05, 1.49133002196e-05, 1.60364379553e-05, 1.49638990479e-05, 1.46542315633e-05, 8.89669991011e-06, 5.48083380636e-06, 7.8375232988e-06, 5.2440300351e-06, 3.12892098009e-06, 3.69974395653e-06, 4.61283343611e-06, 4.04818320021e-06, 3.69882536688e-06, 3.39352823175e-06, 2.99777639157e-06, 3.76810135094e-06, 2.12435907088e-06, 1.35878531182e-06, 1.71805288574e-06, 1.54481369918e-06, 1.65231904248e-06, 1.63903757766e-06, 1.45106832861e-06, 8.69252005486e-07, 3.98201734697e-07, 2.08354180131e-07, 1.10823563659e-07, 8.72554437592e-08, 7.49987307813e-08, 4.05868192388e-08, 3.12978158945e-08, 3.20196562598e-08, 2.89264363573e-08, 1.94211260407e-08, 1.48156518165e-08, 1.30023423139e-08, 9.62735846599e-09, 1.16439764497e-08, 9.43986133706e-09, 8.13546030543e-09, 6.44871267497e-09, 5.4350248746e-09, 4.58112525692e-09, 3.79094400316e-09, 3.24585869294e-09, 2.88208101829e-09, 2.29138086283e-09, 1.92558480272e-09, 1.65307667555e-09, 1.47140033491e-09, 1.38623512669e-09, 1.23761090265e-09, 1.15456300076e-09, 1.07652875503e-09, 1.01059993707e-09, 7.993957718e-10, 9.76628986016e-11, 9.26686678782e-12, 9.5043634421e-12, 6.59081990373e-12, 6.06893398383e-12, 6.00751002763e-12, 6.05972867371e-12, 5.92469172681e-12, 5.43072141077e-12, 4.90170100689e-12, 4.74574286119e-12, 4.53859432675e-12, 4.31094136083e-12, 4.14357697459e-12, 4.03268737847e-12, 3.92274580874e-12, 3.8220941169e-12, 3.73268386686e-12, 3.65347032141e-12, 3.5811282325e-12, 3.50183510661e-12, 3.41520995512e-12, 3.36394367223e-12, 3.34271195793e-12],
        "min": [2.99863606168e-10, 8.19334786684e-08, 2.76240598396e-07, 5.25224493231e-07, 8.64307310167e-07, 1.30361820538e-06, 7.21320418506e-07, 4.87122008508e-07, 1.10828210609e-07, 1.02620060716e-06, 2.80964513877e-07, 2.36277315935e-07, 5.11973716755e-08, 3.17048076681e-08, 4.64720883997e-08, 2.98167492474e-07, 4.8865666713e-07, 1.16314268439e-07, 4.86540798761e-08, 4.16280343529e-08, 1.95005736003e-08, 3.58442733273e-08, 4.51393731282e-08, 2.62315307253e-08, 1.26757049301e-08, 1.61828523915e-08, 1.13492390597e-07, 6.90148240778e-08, 7.2524275474e-09, 5.51513634761e-09, 1.1587019344e-08, 8.99061447512e-09, 5.91506088554e-09, 6.40618980086e-09, 3.37697403374e-09, 1.27607302502e-09, 2.24569252083e-09, 2.29298868781e-09, 3.99317467981e-09, 1.54113688478e-09, 3.14844128546e-09, 1.91867988164e-09, 2.40686914843e-09, 1.56951041053e-09, 3.18194315341e-09, 1.38642963776e-09, 6.79009903859e-10, 1.87899207305e-09, 1.59072821582e-09, 2.16618123439e-09, 2.05334726999e-09, 2.21113061194e-09, 1.57410873225e-09, 7.42438166501e-10, 9.81406178546e-10, 6.96271540424e-10, 1.18407517125e-09, 1.66097990917e-09, 1.2665339888e-09, 1.14745768443e-09, 1.26233490327e-09, 1.05846198473e-09, 9.93159332552e-10, 6.33981978027e-10, 1.43025502553e-09, 1.13340692387e-09, 6.89942436516e-10, 8.17277523435e-10, 6.44265585326e-10, 6.9143646364e-10, 7.539209812e-10, 7.3263811684e-10, 5.99261917866e-10, 5.36095945414e-10, 4.38195757457e-10, 4.93565743831e-10, 3.18749804329e-10, 3.25128673984e-10, 4.24141527455e-10, 2.99274438564e-10, 2.49265552643e-10, 4.96384766624e-10, 9.32713559165e-11, 2.56331622595e-10, 2.47245779406e-10, 2.51727499956e-10, 1.53963286564e-10, 2.07009534514e-10, 2.36691610755e-10, 1.2091540269e-10, 2.33174146658e-10, 2.15188283859e-10, 1.61086380346e-10, 2.37600550346e-10, 1.83572129719e-10, 2.00534769346e-10, 1.10360873218e-10, 1.51358564571e-10, 1.24876720076e-10, 1.56840040955e-10, 1.51317514074e-10, 2.03769570661e-10, 1.59419866197e-10, 1.18792628512e-10, 7.35299353957e-13, 7.23282992201e-14, 5.22354173262e-14, 4.29923735772e-14, 3.30190586787e-14, 3.40266111457e-14, 4.58661767963e-14, 3.22753332578e-14, 4.1951163409e-14, 3.9595934089e-14, 3.60301320571e-14, 4.84677266854e-14, 4.7828494637e-14, 4.08942492499e-14, 4.97646052784e-14, 4.23013369938e-14, 4.38045053789e-14, 4.51276216645e-14, 3.83577582674e-14, 4.89608963723e-14, 3.18583287735e-14, 1.3839306254e-14, 1.67953345611e-15, 6.85704471317e-17],
        "stdev": [8.98255893844e-06, 0.000302569998894, 0.00159985385835, 0.00265306490473, 0.00377472466789, 0.00294466875494, 0.00177282106597, 0.00120254070498, 0.000991262146272, 0.0013632477494, 0.001643577707, 0.00213455595076, 0.00219822186045, 0.0015131959226, 0.000846533977892, 0.000816204177681, 0.0012336607324, 0.00102103804238, 0.00175221415702, 0.00203524995595, 0.00189648941159, 0.00144150457345, 0.0015423175646, 0.000928835885134, 0.000807086529676, 0.000885303947143, 0.0011647476349, 0.00175066303927, 0.00189154734835, 0.00179378467146, 0.00107723334804, 0.00065060867928, 0.000457028887467, 0.000288308830932, 0.000282811000943, 0.000199562302441, 0.000251233053859, 0.000254141516052, 0.00016486865934, 0.000211282371311, 0.000149831612362, 0.000213865641854, 6.72602764098e-05, 8.44431560836e-05, 5.86738860875e-05, 4.27247723565e-05, 4.3199139327e-05, 8.69844006957e-05, 7.55668224883e-05, 5.92353171669e-05, 6.51073569315e-05, 6.79054210195e-05, 3.21233528666e-05, 1.9089637135e-05, 2.41239977186e-05, 1.33602488859e-05, 9.40648533287e-06, 9.63158436207e-06, 1.30930247906e-05, 1.168129711e-05, 1.03553984445e-05, 9.14744032343e-06, 7.75800435804e-06, 1.33136391014e-05, 5.34901846549e-06, 4.24698009738e-06, 7.0622804742e-06, 4.73443697047e-06, 5.89337150814e-06, 5.88000057178e-06, 4.81974620925e-06, 3.52201368514e-06, 1.25996746192e-06, 5.59172860903e-07, 3.13647234407e-07, 2.06861585639e-07, 2.82890425751e-07, 1.24411172919e-07, 8.02713842063e-08, 8.95833949244e-08, 8.90081182092e-08, 5.54143468889e-08, 4.90589755486e-08, 3.92866290611e-08, 2.7145450332e-08, 3.38964234459e-08, 2.64755684043e-08, 2.01907948139e-08, 1.52542760645e-08, 1.01047827883e-08, 8.9774410128e-09, 6.98836721824e-09, 5.08053510373e-09, 4.19678247709e-09, 2.85928636323e-09, 2.13185713527e-09, 1.52887746907e-09, 1.35520306088e-09, 1.26013555146e-09, 1.01116415241e-09, 1.04179320726e-09, 8.87590778653e-10, 7.35267180474e-10, 6.26408203086e-10, 1.25900678771e-10, 2.05738134862e-11, 2.31138806012e-11, 2.08050590644e-11, 1.90776647951e-11, 2.16892875188e-11, 3.08901203228e-11, 3.28007378203e-11, 2.52360510961e-11, 1.44536110511e-11, 1.42721815269e-11, 1.30828152131e-11, 1.20143513194e-11, 1.14829283235e-11, 1.11540143441e-11, 1.08226214449e-11, 1.05342054524e-11, 1.02820460479e-11, 1.006339196e-11, 9.89148866981e-12, 9.73732726395e-12, 9.61743098354e-12, 9.53539157356e-12, 9.48509413373e-12]
    },
    "mfcc": {
        "mean": [-750.071228027, 224.368988037, -24.9841022491, 32.0578842163, -1.16551017761, -14.1543731689, -1.47781479359, -4.39100551605, -5.83739471436, 4.67963457108, -4.70046281815, -2.63742470741, 0.901354193687],
        "cov": [[3354.59863281, 176.28565979, -1311.07397461, -52.2814865112, -303.688659668, -251.963394165, 110.122314453, 10.3456468582, -35.1557617188, 131.514663696, -113.394622803, -54.2380599976, -4.46076774597], [176.28565979, 419.83795166, -16.5852928162, -64.8935394287, 74.3571624756, -37.3929786682, 79.8555984497, -8.11209106445, -8.80439949036, 23.013792038, 0.0121361548081, -26.3406925201, -15.4575805664], [-1311.07397461, -16.5852928162, 806.845581055, 81.498916626, 89.9554977417, 198.684951782, -12.9698905945, 41.3292961121, 19.5960483551, -43.1517524719, 67.1454544067, 34.7767333984, -9.077917099], [-52.2814865112, -64.8935394287, 81.498916626, 274.489562988, 143.340927124, -37.4541664124, -64.0615158081, 19.2239971161, 33.7048568726, 3.82448840141, 0.52577650547, 31.1350345612, 18.1228084564], [-303.688659668, 74.3571624756, 89.9554977417, 143.340927124, 285.895385742, 17.5473918915, -54.2791938782, 21.2228069305, 44.2817344666, -1.71196889877, 8.7852602005, 13.6763944626, 6.31085681915], [-251.963394165, -37.3929786682, 198.684951782, -37.4541664124, 17.5473918915, 252.335540771, 73.1658401489, 17.7049922943, 2.93984866142, -24.6842327118, 36.7178649902, 24.8335475922, 1.2531182766], [110.122314453, 79.8555984497, -12.9698905945, -64.0615158081, -54.2791938782, 73.1658401489, 243.633743286, 68.0463485718, -4.34065389633, 49.5154533386, 5.96666479111, -8.63784885406, 2.59784507751], [10.3456468582, -8.11209106445, 41.3292961121, 19.2239971161, 21.2228069305, 17.7049922943, 68.0463485718, 144.857330322, 64.5993423462, 8.38263034821, -0.440388709307, 2.34192562103, 9.64123535156], [-35.1557617188, -8.80439949036, 19.5960483551, 33.7048568726, 44.2817344666, 2.93984866142, -4.34065389633, 64.5993423462, 127.075836182, 44.3301315308, -17.2700195312, -4.08006191254, 1.24864006042], [131.514663696, 23.013792038, -43.1517524719, 3.82448840141, -1.71196889877, -24.6842327118, 49.5154533386, 8.38263034821, 44.3301315308, 146.317672729, 31.9294338226, -29.6741104126, -16.2188339233], [-113.394622803, 0.0121361548081, 67.1454544067, 0.52577650547, 8.7852602005, 36.7178649902, 5.96666479111, -0.440388709307, -17.2700195312, 31.9294338226, 114.799278259, 39.053730011, -23.0505371094], [-54.2380599976, -26.3406925201, 34.7767333984, 31.1350345612, 13.6763944626, 24.8335475922, -8.63784885406, 2.34192562103, -4.08006191254, -29.6741104126, 39.053730011, 105.724899292, 36.081161499], [-4.46076774597, -15.4575805664, -9.077917099, 18.1228084564, 6.31085681915, 1.2531182766, 2.59784507751, 9.64123535156, 1.24864006042, -16.2188339233, -23.0505371094, 36.081161499, 96.4887695312]],
        "icov": [[0.00222488958389, -0.00258828839287, 0.00412249332294, -0.00324282096699, 0.0038467545528, -0.00310241896659, 0.00239546713419, -0.00329747609794, 0.00232712551951, -0.00269018416293, 0.0021523272153, -0.0012929775985, 0.0012541959295], [-0.00258828839287, 0.0067341029644, -0.0051704342477, 0.00561174703762, -0.00686323270202, 0.00558931613341, -0.00520067289472, 0.00532213319093, -0.00321386707947, 0.00378478877246, -0.00300085661002, 0.00194179499522, -0.00136200874113], [0.00412249332294, -0.0051704342477, 0.00945066008717, -0.00682769762352, 0.00735198287293, -0.00738670723513, 0.00508557725698, -0.00667906366289, 0.00423585856333, -0.00453715072945, 0.00313889561221, -0.00199833745137, 0.00235900655389], [-0.00324282096699, 0.00561174703762, -0.00682769762352, 0.0114715537056, -0.00934665463865, 0.00671783369035, -0.00369218946435, 0.00461258878931, -0.00316525367089, 0.00293703633361, -0.00213088351302, -5.33860911673e-05, -0.00183975661639], [0.0038467545528, -0.00686323270202, 0.00735198287293, -0.00934665463865, 0.0133469700813, -0.00746066588908, 0.00638163881376, -0.00675559043884, 0.00309517444111, -0.00463563436642, 0.00326690007932, -0.00172870140523, 0.00186030822806], [-0.00310241896659, 0.00558931613341, -0.00738670723513, 0.00671783369035, -0.00746066588908, 0.0120770549402, -0.00761623075232, 0.00722971465439, -0.00577911781147, 0.00682293996215, -0.00560678821057, 0.00215076375753, -0.00231298967265], [0.00239546713419, -0.00520067289472, 0.00508557725698, -0.00369218946435, 0.00638163881376, -0.00761623075232, 0.012132559903, -0.0100776292384, 0.00759565690532, -0.00848325528204, 0.00569354696199, -0.00330856256187, 0.00188448000699], [-0.00329747609794, 0.00532213319093, -0.00667906366289, 0.00461258878931, -0.00675559043884, 0.00722971465439, -0.0100776292384, 0.0187817625701, -0.0125633487478, 0.00945323891938, -0.00742515362799, 0.00461765192449, -0.00380094838329], [0.00232712551951, -0.00321386707947, 0.00423585856333, -0.00316525367089, 0.00309517444111, -0.00577911781147, 0.00759565690532, -0.0125633487478, 0.0194418467581, -0.0118513479829, 0.00994588807225, -0.00575700821355, 0.00379430153407], [-0.00269018416293, 0.00378478877246, -0.00453715072945, 0.00293703633361, -0.00463563436642, 0.00682293996215, -0.00848325528204, 0.00945323891938, -0.0118513479829, 0.0181917920709, -0.0119379125535, 0.00866733212024, -0.00387987797149], [0.0021523272153, -0.00300085661002, 0.00313889561221, -0.00213088351302, 0.00326690007932, -0.00560678821057, 0.00569354696199, -0.00742515362799, 0.00994588807225, -0.0119379125535, 0.0206913389266, -0.0118671413511, 0.00800737552345], [-0.0012929775985, 0.00194179499522, -0.00199833745137, -5.33860911673e-05, -0.00172870140523, 0.00215076375753, -0.00330856256187, 0.00461765192449, -0.00575700821355, 0.00866733212024, -0.0118671413511, 0.0188103634864, -0.00855143088847], [0.0012541959295, -0.00136200874113, 0.00235900655389, -0.00183975661639, 0.00186030822806, -0.00231298967265, 0.00188448000699, -0.00380094838329, 0.00379430153407, -0.00387987797149, 0.00800737552345, -0.00855143088847, 0.0154179744422]]
    },
    "spectral_contrast_coeffs": {
        "max": [-0.389825254679, -0.455612719059, -0.453599363565, -0.610013186932, -0.651990950108, -0.654325425625],
        "mean": [-0.683369517326, -0.705538332462, -0.729495465755, -0.778104484081, -0.784170746803, -0.801034212112],
        "min": [-0.919587612152, -0.918853402138, -0.913756430149, -0.946075260639, -0.904947161674, -0.954188704491],
        "stdev": [0.07689999789, 0.0675238221884, 0.0732636004686, 0.0517086051404, 0.0460451431572, 0.0354948379099]
    },
    "spectral_contrast_valleys": {
        "max": [-5.10207128525, -4.90169334412, -5.24462032318, -6.50649547577, -6.61277484894, -10.3044567108],
        "mean": [-6.76777601242, -6.61131811142, -7.8359541893, -8.40189361572, -8.80129241943, -12.6119222641],
        "min": [-9.57046413422, -9.56185626984, -10.8456258774, -11.241610527, -11.1001787186, -13.2256860733],
        "stdev": [0.599285423756, 0.657070755959, 0.723868250847, 0.706018507481, 0.705923557281, 0.292974531651]
    }
},
"rhythm": {
    "beats_count": 113,
    "beats_loudness": {
        "max": 0.12664681673,
        "mean": 0.0355678834021,
        "min": 0.000352980539901,
        "stdev": 0.0281910076737
    },
    "bpm": 135.738723755,
    "bpm_histogram_first_peak_bpm": 136,
    "bpm_histogram_first_peak_weight": 0.457627117634,
    "bpm_histogram_second_peak_bpm": 148,
    "bpm_histogram_second_peak_spread": 0.375,
    "bpm_histogram_second_peak_weight": 0.178571432829,
    "danceability": 1.04267549515,
    "onset_rate": 3.076171875,
    "beats_loudness_band_ratio": {
        "max": [0.911729812622, 0.824855327606, 0.93576079607, 0.858213245869, 0.180012047291, 0.0258291512728],
        "mean": [0.268079280853, 0.28443595767, 0.36032012105, 0.143087342381, 0.0332396067679, 0.00421215593815],
        "min": [0.0100812697783, 0.0265332832932, 0.0150048350915, 0.00100931490306, 0.000123433987028, 5.37562118552e-05],
        "stdev": [0.237578421831, 0.209506481886, 0.220739141107, 0.204961821437, 0.0408150143921, 0.00467138970271]
    },
