{
"metadata": {
    "version": {
        "essentia": "2.1-beta5",
        "essentia_git_sha": "Undefined",
        "extractor": "music 2.0"
    },
    "audio_properties": {
        "analysis": {
            "equal_loudness": 0,
            "length": 12.7477550507,
            "sample_rate": 44100,
            "start_time": 0,
            "downmix": "mix"
        },
        "bit_rate": 192000,
        "length": 245.085189819,
        "lossless": 0,
        "number_channels": 1,
        "replay_gain": -18.6596660614,
        "sample_rate": 48000,
        "codec": "mp3",
        "md5_encoded": "f064d20224101203a5cc1e68a5592380"
    },
    "tags": {
        "file_name": "France_Le Temps Perdu_Mathé Altéry.mp3",
        "encoding": ["Lavf58.29.100"]
    }
},
"lowlevel": {
    "average_loudness": 0.96892863512,
    "barkbands_crest": {
        "max": 22.3845024109,
        "mean": 10.8169021606,
        "min": 4.20943832397,
        "stdev": 3.32653665543
    },
    "barkbands_flatness_db": {
        "max": 0.397695183754,
        "mean": 0.25920137763,
        "min": 0.119468696415,
        "stdev": 0.0519226081669
    },
    "barkbands_kurtosis": {
        "max": 50.9397239685,
        "mean": 9.23974609375,
        "min": -1.85569572449,
        "stdev": 7.6385974884
    },
    "barkbands_skewness": {
        "max": 5.13090181351,
        "mean": 1.71097016335,
        "min": -1.45116257668,
        "stdev": 1.19930672646
    },
    "barkbands_spread": {
        "max": 65.4257736206,
        "mean": 7.02589988708,
        "min": 1.42896211147,
        "stdev": 8.9933719635
    },
    "dissonance": {
        "max": 0.499873548746,
        "mean": 0.398686468601,
        "min": 0.189880028367,
        "stdev": 0.0714375674725
    },
    "dynamic_complexity": 6.18603515625,
    "erbbands_crest": {
        "max": 28.7854576111,
        "mean": 12.7406520844,
        "min": 3.11524891853,
        "stdev": 5.34773206711
    },
    "erbbands_flatness_db": {
        "max": 0.363670796156,
        "mean": 0.259170144796,
        "min": 0.142911732197,
        "stdev": 0.0561847351491
    },
    "erbbands_kurtosis": {
        "max": 59.7446556091,
        "mean": 5.29899597168,
        "min": -1.70863080025,
        "stdev": 6.05406999588
    },
    "erbbands_skewness": {
        "max": 6.05585193634,
        "mean": 1.51453351974,
        "min": -3.10819768906,
        "stdev": 1.05229628086
    },
    "erbbands_spread": {
        "max": 99.9601211548,
        "mean": 19.9850311279,
        "min": 2.77259373665,
        "stdev": 15.9296255112
    },
    "hfc": {
        "max": 45.8675842285,
        "mean": 7.95491218567,
        "min": 0.0334368832409,
        "stdev": 10.0808582306
    },
    "loudness_ebu128": {
        "integrated": -10.0238008499,
        "loudness_range": 2.29522895813,
        "momentary": {
            "max": -6.20019769669,
            "mean": -12.2559890747,
            "min": -30.2276515961,
            "stdev": 5.41613912582
        },
        "short_term": {
            "max": -9.25099849701,
            "mean": -10.6477012634,
            "min": -12.28510952,
            "stdev": 0.755635023117
        }
    },
    "melbands_crest": {
        "max": 25.4027004242,
        "mean": 13.8758869171,
        "min": 5.14362096786,
        "stdev": 4.05705785751
    },
    "melbands_flatness_db": {
        "max": 0.487011790276,
        "mean": 0.329062879086,
        "min": 0.0946882292628,
        "stdev": 0.0652299001813
    },
    "melbands_kurtosis": {
        "max": 83.806602478,
        "mean": 13.1188421249,
        "min": -1.71950078011,
        "stdev": 13.4102487564
    },
    "melbands_skewness": {
        "max": 7.85632181168,
        "mean": 1.94474315643,
        "min": -0.789912879467,
        "stdev": 1.49990177155
    },
    "melbands_spread": {
        "max": 95.1854019165,
        "mean": 8.30100631714,
        "min": 1.20830607414,
        "stdev": 11.2302484512
    },
    "pitch_salience": {
        "max": 0.850213587284,
        "mean": 0.651161909103,
        "min": 0.320188015699,
        "stdev": 0.0989976897836
    },
    "silence_rate_20dB": {
        "max": 1,
        "mean": 1,
        "min": 1,
        "stdev": 0
    },
    "silence_rate_30dB": {
        "max": 1,
        "mean": 1,
        "min": 1,
        "stdev": 0
    },
    "silence_rate_60dB": {
        "max": 1,
        "mean": 0.387272715569,
        "min": 0,
        "stdev": 0.487126111984
    },
    "spectral_centroid": {
        "max": 3457.5012207,
        "mean": 573.516174316,
        "min": 201.11958313,
        "stdev": 480.983856201
    },
    "spectral_complexity": {
        "max": 19,
        "mean": 6.59454536438,
        "min": 0,
        "stdev": 4.56878089905
    },
    "spectral_decrease": {
        "max": -1.80670600008e-11,
        "mean": -4.72229144677e-09,
        "min": -2.41656259448e-08,
        "stdev": 5.45913714234e-09
    },
    "spectral_energy": {
        "max": 0.0948351770639,
        "mean": 0.0185445379466,
        "min": 7.12220789865e-05,
        "stdev": 0.0214789453894
    },
    "spectral_energyband_high": {
        "max": 0.00059428694658,
        "mean": 1.658752808e-05,
        "min": 3.26966642206e-07,
        "stdev": 4.3847336201e-05
    },
    "spectral_energyband_low": {
        "max": 0.0218978915364,
        "mean": 0.0028353203088,
        "min": 8.99125006981e-06,
        "stdev": 0.00328049180098
    },
    "spectral_energyband_middle_high": {
        "max": 0.0110277244821,
        "mean": 0.00087908259593,
        "min": 3.30607213073e-06,
        "stdev": 0.00162001396529
    },
    "spectral_energyband_middle_low": {
        "max": 0.0926839113235,
        "mean": 0.0156798437238,
        "min": 3.28028327203e-05,
        "stdev": 0.0197205711156
    },
    "spectral_entropy": {
        "max": 8.11960601807,
        "mean": 6.58723926544,
        "min": 5.23960256577,
        "stdev": 0.552440285683
    },
    "spectral_flux": {
        "max": 0.253995478153,
        "mean": 0.0709418281913,
        "min": 0.00639931764454,
        "stdev": 0.0571495071054
    },
    "spectral_kurtosis": {
        "max": 75.4026947021,
        "mean": 16.1535644531,
        "min": -0.437364339828,
        "stdev": 13.0949478149
    },
    "spectral_rms": {
        "max": 0.00961884204298,
        "mean": 0.00337283848785,
        "min": 0.000263599999016,
        "stdev": 0.0025915610604
    },
    "spectral_rolloff": {
        "max": 5641.69921875,
        "mean": 598.310119629,
        "min": 129.19921875,
        "stdev": 689.544616699
    },
    "spectral_skewness": {
        "max": 7.09701824188,
        "mean": 2.75747680664,
        "min": -0.184879720211,
        "stdev": 1.20351994038
    },
    "spectral_spread": {
        "max": 22157460,
        "mean": 2554830.25,
        "min": 952332.75,
        "stdev": 1148506.125
    },
    "spectral_strongpeak": {
        "max": 5.14145898819,
        "mean": 0.877563536167,
        "min": 0.00587311107665,
        "stdev": 1.08310115337
    },
    "zerocrossingrate": {
        "max": 0.14990234375,
        "mean": 0.0243155192584,
        "min": 0.00830078125,
        "stdev": 0.0171512272209
    },
    "barkbands": {
        "max": [0.000619388418272, 0.00233208574355, 0.0140676964074, 0.0185463018715, 0.0166840553284, 0.0551764518023, 0.0508456192911, 0.0556579641998, 0.0398951917887, 0.0140139581636, 0.0021531926468, 0.0033548749052, 0.00403417926282, 0.00442559598014, 0.00345952739008, 0.00257357489318, 0.00111818744335, 0.000362118589692, 0.000824672286399, 0.000429083243944, 0.000418216513935, 0.000197268906049, 4.06923718401e-05, 4.596373401e-06, 1.73631610778e-06, 1.99610767027e-07, 1.0459665134e-07],
        "mean": [2.61343593593e-05, 0.00025324447779, 0.0017237898428, 0.00147570541594, 0.00197597406805, 0.00446142069995, 0.00386291812174, 0.00249311653897, 0.00129482231569, 0.000290605530608, 0.000113455134851, 0.000106476130895, 0.000101099525637, 6.46918197162e-05, 7.84631192801e-05, 7.95557862148e-05, 8.53550809552e-05, 1.92392399185e-05, 1.52971806529e-05, 1.07820796984e-05, 7.53369931772e-06, 3.175563279e-06, 1.03815204966e-06, 4.65498089852e-07, 1.8567239124e-07, 1.31319515262e-08, 7.52272732996e-09],
        "min": [3.63937040504e-08, 2.35026982409e-06, 1.31278068238e-06, 1.47743332946e-06, 1.10848404802e-05, 2.42472970058e-06, 7.52971459406e-07, 3.93579455249e-07, 4.5083206146e-07, 2.8001170449e-07, 2.25163887535e-07, 1.27716916154e-07, 8.54689758967e-08, 7.31386933239e-08, 1.4231734724e-07, 1.1120540222e-07, 9.0006814446e-08, 9.53504439849e-08, 7.08470366817e-08, 6.37403090309e-08, 5.63918156615e-08, 4.62449385452e-08, 3.99912210014e-08, 4.99028018908e-08, 1.66495670584e-08, 4.18085921786e-12, 4.73189022687e-12],
        "stdev": [6.34964453639e-05, 0.000369476678316, 0.00226189079694, 0.00298809469678, 0.00301004946232, 0.00818511191756, 0.00739477248862, 0.00614002579823, 0.00421708729118, 0.00108645635191, 0.000253650912782, 0.000319447484799, 0.00032069554436, 0.000251688383287, 0.000271244993201, 0.000227115655434, 0.000180495160748, 3.98478368879e-05, 5.80802879995e-05, 2.89785639325e-05, 2.46410836553e-05, 1.22655983432e-05, 2.85672649625e-06, 6.79085076172e-07, 2.78187656022e-07, 2.88673813742e-08, 1.62252735691e-08]
    },
    "erbbands": {
        "max": [0.022065076977, 0.75107640028, 11.7454566956, 49.5211334229, 90.7794418335, 92.0607376099, 351.348693848, 653.709472656, 1079.19641113, 916.202514648, 1023.74182129, 765.808837891, 721.676879883, 215.493682861, 127.139427185, 130.935134888, 109.379776001, 153.942718506, 266.434936523, 98.7623901367, 91.0911483765, 69.375, 30.4653949738, 51.9668502808, 45.8847846985, 20.4922027588, 20.6753787994, 8.26374530792, 8.63017559052, 2.52052474022, 0.785932660103, 0.195625379682, 0.0617616437376, 0.0261032152921, 0.00702151004225, 0.00121182948351, 0.000311557610985, 8.38319901959e-05, 5.62016430194e-05, 0.000106343839434],
        "mean": [0.00328658637591, 0.0978586450219, 1.44060790539, 4.14594125748, 4.71285629272, 7.34935951233, 14.082028389, 46.0515213013, 57.898109436, 55.4327125549, 51.3758659363, 27.0421943665, 14.3125352859, 7.20813465118, 4.79519271851, 4.32604789734, 4.58048009872, 3.74979805946, 3.99205565453, 4.31664037704, 4.39218235016, 4.56653738022, 1.46585857868, 0.801405668259, 0.752011120319, 0.497952997684, 0.36674207449, 0.231281533837, 0.128480225801, 0.0571599192917, 0.0257985834032, 0.0121438130736, 0.0067532742396, 0.00345341302454, 0.000581235159189, 8.93590258784e-05, 2.76388127531e-05, 7.24887240722e-06, 1.01414598248e-05, 2.08661422221e-05],
        "min": [9.37376389629e-05, 0.000465642166091, 0.00317973014899, 0.0109861036763, 0.0185414068401, 0.0236162636429, 0.0246666651219, 0.0212994851172, 0.0165483914316, 0.0110834157094, 0.0175424516201, 0.0105867451057, 0.0116854608059, 0.00755861168727, 0.00884598400444, 0.00738690374419, 0.00606385106221, 0.00746820680797, 0.00825307052583, 0.0097085731104, 0.00688748434186, 0.00659251445904, 0.00484942877665, 0.00423422828317, 0.00421788170934, 0.00377189647406, 0.00349079491571, 0.0023667071946, 0.00150035484694, 0.00148436205927, 0.00105771003291, 0.000739582523238, 0.000719514966477, 0.000364922598237, 1.4112782992e-05, 7.50826245621e-07, 1.58533069339e-07, 2.67519606467e-08, 4.09557259218e-08, 8.19733330104e-08],
        "stdev": [0.00317754899152, 0.12398532778, 1.79712486267, 6.42937612534, 9.70933055878, 13.445728302, 30.4304771423, 90.5783538818, 117.501968384, 124.673950195, 130.918792725, 79.2036209106, 59.2441482544, 21.277759552, 11.7636146545, 12.998216629, 12.9459095001, 12.0641212463, 16.3782367706, 11.7795009613, 10.5487203598, 9.6460943222, 3.02894496918, 2.82225680351, 2.86061215401, 1.33189046383, 1.1747764349, 0.69752061367, 0.515905082226, 0.187601923943, 0.0638569146395, 0.0206248313189, 0.00902868900448, 0.00470441998914, 0.00110812555067, 0.000180856499355, 5.19216300745e-05, 1.41795007949e-05, 1.24393200167e-05, 2.42277856159e-05]
    },
    "gfcc": {
        "mean": [-172.395797729, 179.917907715, -115.661216736, 35.0450515747, -65.2947616577, -14.7370538712, -39.7152061462, -9.12889194489, -0.563586354256, -17.4191551208, 0.392157912254, -21.2081699371, 3.35568141937],
        "cov": [[8826.96191406, 224.464096069, -1152.17822266, -1884.45568848, 85.1539306641, -1280.62023926, -42.5680427551, -204.420089722, -115.326301575, 244.910858154, -513.42401123, 155.696884155, -581.484313965], [224.464096069, 547.992614746, 279.911437988, -406.62612915, 62.4759712219, -101.596862793, 6.43108797073, -39.187210083, 10.7771911621, -34.5006904602, 49.8384094238, 21.4142494202, 6.49603891373], [-1152.17822266, 279.911437988, 566.320922852, 115.289016724, 26.0221042633, 73.2698364258, -28.9547119141, -47.1529808044, -0.0615503974259, -57.6297454834, 118.56854248, 22.8529586792, 86.5275115967], [-1884.45568848, -406.62612915, 115.289016724, 1046.8548584, 102.588897705, 167.979995728, -66.0042037964, -2.08605575562, 64.3505630493, -41.2921104431, 96.3983840942, -22.1398258209, 177.22946167], [85.1539306641, 62.4759712219, 26.0221042633, 102.588897705, 206.054885864, -63.7551879883, -89.6544189453, -22.0789928436, 23.4858016968, -6.55632448196, 7.82427024841, 15.0593605042, 23.9528217316], [-1280.62023926, -101.596862793, 73.2698364258, 167.979995728, -63.7551879883, 398.855072021, 118.191307068, 70.1877746582, -10.8430309296, -15.5149345398, 48.6891517639, -66.8578567505, 42.613948822], [-42.5680427551, 6.43108797073, -28.9547119141, -66.0042037964, -89.6544189453, 118.191307068, 181.444076538, 38.1720619202, -34.8928146362, -0.290927290916, -5.33881092072, -26.9132347107, -26.3543758392], [-204.420089722, -39.187210083, -47.1529808044, -2.08605575562, -22.0789928436, 70.1877746582, 38.1720619202, 94.4098205566, 33.530670166, -1.34489917755, -5.70451068878, -14.2550487518, -1.65771138668], [-115.326301575, 10.7771911621, -0.0615503974259, 64.3505630493, 23.4858016968, -10.8430309296, -34.8928146362, 33.530670166, 107.558303833, 23.0727310181, -3.72885513306, -5.3510260582, 19.7364463806], [244.910858154, -34.5006904602, -57.6297454834, -41.2921104431, -6.55632448196, -15.5149345398, -0.290927290916, -1.34489917755, 23.0727310181, 72.9301223755, -3.49612569809, -11.8232545853, -31.2738780975], [-513.42401123, 49.8384094238, 118.56854248, 96.3983840942, 7.82427024841, 48.6891517639, -5.33881092072, -5.70451068878, -3.72885513306, -3.49612569809, 90.1929397583, 17.1428985596, 34.4011573792], [155.696884155, 21.4142494202, 22.8529586792, -22.1398258209, 15.0593605042, -66.8578567505, -26.9132347107, -14.2550487518, -5.3510260582, -11.8232545853, 17.1428985596, 77.1047286987, 24.8138103485], [-581.484313965, 6.49603891373, 86.5275115967, 177.22946167, 23.9528217316, 42.613948822, -26.3543758392, -1.65771138668, 19.7364463806, -31.2738780975, 34.4011573792, 24.8138103485, 104.092887878]],
        "icov": [[0.00140605971683, 0.000765751174185, 0.00100452196784, 0.00161780940834, -0.00175293534994, 0.0028539088089, -0.00210593873635, 0.00225084484555, -0.000396876625018, -0.00126319820993, 0.00260115461424, -0.00190947763622, 0.00224620127119], [0.000765751174185, 0.0253305938095, -0.00772035075352, 0.0171759985387, -0.0141795836389, 0.010558295995, -0.0151328491047, 0.010896214284, -0.0164711792022, 0.0149393193424, -0.0203751157969, 0.0177120305598, -0.0147240860388], [0.00100452196784, -0.00772035075352, 0.0066151805222, -0.00376779399812, 0.00309144915082, -0.00134710571729, 0.0031303120777, 0.000724411336705, 0.00356239965186, -0.00336117786355, 0.00505351880565, -0.00676618563011, 0.00591117283329], [0.00161780940834, 0.0171759985387, -0.00376779399812, 0.0142006566748, -0.0111764008179, 0.00881023425609, -0.011368679814, 0.00961841270328, -0.0118087371811, 0.00931851286441, -0.0127341030166, 0.0115607650951, -0.0103495521471], [-0.00175293534994, -0.0141795836389, 0.00309144915082, -0.0111764008179, 0.0156630091369, -0.0079147471115, 0.0126399779692, -0.00765495607629, 0.00863849371672, -0.00612545246258, 0.00824306346476, -0.00763934245333, 0.00588477961719], [0.0028539088089, 0.010558295995, -0.00134710571729, 0.00881023425609, -0.0079147471115, 0.0145081980154, -0.0116110574454, 0.0046994513832, -0.00487624388188, 0.0025213540066, -0.00473841559142, 0.0076119271107, -0.00414648745209], [-0.00210593873635, -0.0151328491047, 0.0031303120777, -0.011368679814, 0.0126399779692, -0.0116110574454, 0.0206765737385, -0.0113546643406, 0.0125605035573, -0.00724891060963, 0.00907724630088, -0.00770188635215, 0.00711008859798], [0.00225084484555, 0.010896214284, 0.000724411336705, 0.00961841270328, -0.00765495607629, 0.0046994513832, -0.0113546643406, 0.0257755853236, -0.0159378647804, 0.00934836547822, -0.00601192936301, 0.00322529347613, -0.000663041311782], [-0.000396876625018, -0.0164711792022, 0.00356239965186, -0.0118087371811, 0.00863849371672, -0.00487624388188, 0.0125605035573, -0.0159378647804, 0.027292586863, -0.0180729217827, 0.016747681424, -0.00978503003716, 0.00508304871619], [-0.00126319820993, 0.0149393193424, -0.00336117786355, 0.00931851286441, -0.00612545246258, 0.0025213540066, -0.00724891060963, 0.00934836547822, -0.0180729217827, 0.0325058624148, -0.0218909401447, 0.0150296790525, -0.00552500737831], [0.00260115461424, -0.0203751157969, 0.00505351880565, -0.0127341030166, 0.00824306346476, -0.00473841559142, 0.00907724630088, -0.00601192936301, 0.016747681424, -0.0218909401447, 0.0442975685, -0.0260339975357, 0.0173419713974], [-0.00190947763622, 0.0177120305598, -0.00676618563011, 0.0115607650951, -0.00763934245333, 0.0076119271107, -0.00770188635215, 0.00322529347613, -0.00978503003716, 0.0150296790525, -0.0260339975357, 0.0381107702851, -0.0231982637197], [0.00224620127119, -0.0147240860388, 0.00591117283329, -0.0103495521471, 0.00588477961719, -0.00414648745209, 0.00711008859798, -0.000663041311782, 0.00508304871619, -0.00552500737831, 0.0173419713974, -0.0231982637197, 0.0350889787078]]
    },
    "melbands": {
        "max": [0.000400974182412, 0.0041150553152, 0.00685023097321, 0.00364651926793, 0.00905139371753, 0.013068344444, 0.0139465928078, 0.00855746213347, 0.00970902852714, 0.00415962655097, 0.00348140578717, 0.000985962920822, 0.000316445308272, 0.000384708720958, 0.000286607129965, 0.000435697904322, 0.000341457693139, 0.000449126178864, 0.000182427218533, 0.000225367984967, 8.23700320325e-05, 8.93977921805e-05, 5.14090497745e-05, 1.52020693349e-05, 5.06328506162e-05, 3.64860425179e-05, 2.95570698654e-05, 8.89909551915e-06, 1.11872113848e-05, 1.16224609883e-05, 5.32224612471e-06, 4.80233575217e-06, 3.30955299432e-06, 1.12857037493e-06, 5.46830563053e-07, 2.6513421858e-07, 8.28446218293e-08, 4.75237769137e-08, 2.53546996731e-08, 2.35956463257e-08],
        "mean": [4.70689483336e-05, 0.000566373986658, 0.000722681870684, 0.000407957588322, 0.000468251324492, 0.00100701535121, 0.000864623230882, 0.00059095263714, 0.000402973528253, 0.000156266483827, 6.83532416588e-05, 2.91103260679e-05, 1.53113451233e-05, 1.22183200801e-05, 1.05384287963e-05, 1.00185779957e-05, 6.49155026622e-06, 6.28750467513e-06, 5.96395466346e-06, 5.8058740251e-06, 5.00024952999e-06, 5.34056061952e-06, 2.28757903642e-06, 7.6087474099e-07, 6.271412758e-07, 5.37758012342e-07, 5.17450587267e-07, 2.78685064359e-07, 2.32461189853e-07, 1.82907356816e-07, 1.18253161929e-07, 7.73997683723e-08, 4.63989557886e-08, 2.62407819918e-08, 1.57600172912e-08, 9.47859302158e-09, 6.55053300491e-09, 4.93397989132e-09, 3.77698494702e-09, 2.60379051653e-09],
        "min": [8.68509232532e-07, 1.71845977093e-06, 2.54264887189e-06, 2.32575575865e-06, 9.75581542662e-07, 4.85715190734e-07, 2.48903035072e-07, 1.19425166645e-07, 1.3177053404e-07, 5.94960702927e-08, 4.989493263e-08, 2.04769108336e-08, 2.49771687777e-08, 2.18497024917e-08, 1.58935158368e-08, 9.98993243684e-09, 8.4086897445e-09, 9.1460403695e-09, 1.07855786524e-08, 7.9645285922e-09, 6.84481005209e-09, 5.2558934982e-09, 3.58825746893e-09, 3.77783138106e-09, 2.7534443614e-09, 2.79895662203e-09, 2.4814692523e-09, 1.81071291294e-09, 1.79640591291e-09, 1.43559253374e-09, 8.87887485757e-10, 8.11297584669e-10, 7.04353464442e-10, 7.57235885107e-10, 5.4229432056e-10, 5.17511922205e-10, 4.17001072561e-10, 5.29494670332e-10, 4.27467838904e-10, 2.11334880151e-10],
        "stdev": [5.97563484916e-05, 0.000658042554278, 0.00107514369301, 0.000643775216304, 0.000894190103281, 0.00190697028302, 0.00163885497022, 0.0013539546635, 0.00110547686927, 0.0004771061067, 0.00029419909697, 9.14349438972e-05, 3.39523830917e-05, 3.53516588802e-05, 3.04060922645e-05, 3.40153128491e-05, 2.2792355594e-05, 2.85186524707e-05, 1.92229872482e-05, 1.83700540219e-05, 1.14580598165e-05, 1.14796403068e-05, 5.40264818483e-06, 1.58342743362e-06, 2.59537432612e-06, 2.07724610846e-06, 1.95520010493e-06, 6.55981580167e-07, 6.94377433774e-07, 6.47132424092e-07, 3.60933029242e-07, 3.03200209828e-07, 1.97203064545e-07, 8.14577774122e-08, 4.03631581491e-08, 1.93168343543e-08, 1.06304689496e-08, 6.85489442986e-09, 4.67741223531e-09, 3.87558785064e-09]
    },
    "melbands128": {
        "max": [0.000189114463865, 0.000121805838717, 0.000463024509372, 0.00153675139882, 0.00480332458392, 0.00720965582877, 0.0124783646315, 0.0104297548532, 0.0115063171834, 0.00611773692071, 0.00724256411195, 0.00765738962218, 0.0165814962238, 0.0118761938065, 0.0202239453793, 0.0243540909141, 0.0336392559111, 0.0128463674337, 0.0163962822407, 0.0181083902717, 0.0141779147089, 0.0195160340518, 0.0179510582238, 0.0153043158352, 0.00777887552977, 0.00618062494323, 0.0070525878109, 0.00521074840799, 0.00159754056949, 0.00216987356544, 0.0016103067901, 0.000346044136677, 0.000247222778853, 0.000977442134172, 0.000339485239238, 0.000625305168796, 0.000756079505663, 0.000579648360144, 0.000174053682713, 0.000536887208, 0.000872756703757, 0.000576392980292, 0.000217231048737, 0.000683714344632, 0.000557509949431, 0.000595994642936, 0.000553381396458, 0.000388433865737, 0.000286972062895, 0.000220803762204, 0.000402967561968, 0.000236365201999, 0.000112722882477, 0.000138881703606, 0.000126580780488, 0.000186322358786, 0.00011930079927, 0.000120398304716, 4.08460182371e-05, 1.91568506125e-05, 1.8104650735e-05, 1.57215927175e-05, 8.59654319356e-05, 5.45420953131e-05, 3.00502615573e-05, 3.1539475458e-05, 4.97305300087e-05, 3.4803586459e-05, 3.37163546646e-05, 1.96622531803e-05, 8.04590581538e-06, 3.71397368326e-06, 7.04896547177e-06, 1.50849537022e-05, 1.88951744349e-05, 1.23312793221e-05, 9.77407944447e-06, 3.99759119318e-06, 7.26519419914e-06, 4.42230930275e-06, 4.7578791964e-06, 5.9707958826e-06, 6.00556131758e-06, 3.08464632326e-06, 1.13600083296e-06, 1.02857677575e-06, 1.78370521553e-06, 7.67203232499e-07, 5.60333091926e-07, 4.56790274939e-07, 3.33714922363e-07, 2.28516142897e-07, 1.02533761037e-07, 1.07872068611e-07, 1.03232629556e-07, 6.82147600628e-08, 6.19402982238e-08, 3.66233656734e-08, 3.25646425381e-08, 3.06899501368e-08, 2.96861397686e-08, 2.8418810416e-08, 2.61109249777e-08, 1.29792452341e-08, 6.12667383493e-09, 3.70689878793e-09, 2.92308999228e-09, 2.4893798134e-09, 2.60915111738e-09, 1.56716950528e-09, 1.56042989641e-09, 9.73177649577e-10, 1.04820419011e-09, 8.9964197203e-10, 1.21140053544e-09, 6.10305916915e-10, 7.1289679715e-10, 9.59407220336e-10, 8.36974212159e-10, 7.23506698996e-10, 8.05551236827e-10, 9.26385801403e-10, 7.89708631821e-10, 4.45446374231e-10, 1.66708979954e-10, 4.86030694857e-11, 3.73935014897e-11, 3.7210162035e-11],
        "mean": [1.04176579043e-05, 1.54624030984e-05, 3.74095288862e-05, 0.000151594998897, 0.000536807230674, 0.000934983487241, 0.000898312777281, 0.000674255948979, 0.000437174399849, 0.000355468568159, 0.000427010090789, 0.000397643569158, 0.000418407173129, 0.000586022099014, 0.00109871616587, 0.00120037945453, 0.0010600190144, 0.000789310783148, 0.000643949140795, 0.000637295830529, 0.000569324532989, 0.000434537621913, 0.000437837821664, 0.000311095296638, 0.000132590183057, 0.000118763797218, 0.000123221630929, 5.22800219187e-05, 3.46131928382e-05, 3.77929281967e-05, 2.66343467956e-05, 1.37256201924e-05, 1.36377493618e-05, 1.83863321581e-05, 1.20310123748e-05, 1.00435936474e-05, 1.23254540085e-05, 1.11676563392e-05, 8.24230573926e-06, 1.11201807158e-05, 1.05108392745e-05, 9.38111588766e-06, 4.69675842396e-06, 6.85627674102e-06, 5.76675756747e-06, 6.50703304927e-06, 6.31102329862e-06, 6.13489646639e-06, 5.50909635422e-06, 5.8262676248e-06, 6.15745784671e-06, 5.69320854993e-06, 4.11920427723e-06, 5.20409776072e-06, 5.87483600611e-06, 5.97630787524e-06, 4.35017136624e-06, 2.93053517453e-06, 1.55469672336e-06, 9.13332712571e-07, 6.96615927609e-07, 6.20725302269e-07, 7.27120323063e-07, 5.84653491842e-07, 5.31001944637e-07, 5.31162811512e-07, 5.47799572814e-07, 5.8420721416e-07, 5.35479045993e-07, 3.89589985161e-07, 2.7448908213e-07, 2.21258730448e-07, 2.18931276663e-07, 2.38493811366e-07, 2.49406269859e-07, 1.90034867842e-07, 1.55754108278e-07, 1.38176929454e-07, 1.14773428095e-07, 9.63133430787e-08, 8.25050676667e-08, 7.16820522939e-08, 6.1588785627e-08, 4.52289761199e-08, 3.11635091066e-08, 2.96903053254e-08, 2.44242066572e-08, 1.94829308242e-08, 1.5854240587e-08, 1.27948709405e-08, 1.0300552411e-08, 8.93397267276e-09, 7.26722992894e-09, 6.50516929213e-09, 6.12326456206e-09, 5.52284040722e-09, 4.63397631378e-09, 4.1701784248e-09, 3.81329945398e-09, 3.5679519339e-09, 3.4117737524e-09, 2.636050489e-09, 1.40008149518e-09, 8.38935976244e-10, 4.31384178379e-10, 2.33654123827e-10, 1.58403248851e-10, 1.33976191252e-10, 1.13135639745e-10, 9.84331435805e-11, 8.42841352267e-11, 7.39779279502e-11, 6.58576665424e-11, 5.41216550742e-11, 5.13418196846e-11, 4.95890620233e-11, 4.50937967522e-11, 4.48110958062e-11, 4.2532765504e-11, 3.94403051884e-11, 3.95908132667e-11, 4.48367766526e-11, 3.68334633627e-11, 2.15083870853e-11, 1.02506197974e-11, 3.5787546971e-12, 2.3981788777e-12, 2.27788773087e-12],
        "min": [1.18491172429e-08, 9.34579276191e-08, 2.17675108161e-07, 9.85523058716e-08, 7.66323637436e-07, 6.04607407695e-07, 6.92280423209e-07, 7.09408425337e-07, 8.19372189653e-07, 1.26434304093e-06, 5.19606032867e-07, 5.5158517398e-07, 1.28080912987e-07, 2.76359969575e-07, 3.67897058595e-07, 2.37451772023e-07, 1.29446249275e-07, 5.84767221312e-08, 1.19766582429e-07, 2.94740019058e-08, 3.77247246774e-08, 4.87346696332e-08, 1.67164877496e-08, 1.9148142627e-08, 3.82005538313e-08, 1.7510888739e-08, 2.62542698692e-08, 1.66226108433e-08, 2.64262922656e-08, 1.95287999105e-08, 1.00132089287e-08, 6.06969852157e-09, 6.97404178851e-09, 6.24827922735e-09, 1.07558397744e-08, 6.56234266927e-09, 4.55145698908e-09, 2.93022583975e-09, 5.99022564884e-09, 7.01305236106e-09, 5.65250291018e-09, 3.8790264334e-09, 3.50896267598e-09, 3.96359212118e-09, 1.45054590561e-09, 3.82042841807e-09, 3.24952020847e-09, 4.84056883465e-09, 4.94882357316e-09, 5.19364862228e-09, 3.34520433576e-09, 3.60104768227e-09, 2.00841987485e-09, 3.55849527622e-09, 4.49522152834e-09, 3.28129234894e-09, 1.46655465549e-09, 2.12742912176e-09, 2.9616180619e-09, 2.51236875748e-09, 2.3105775071e-09, 1.37070887973e-09, 1.74736392022e-09, 1.76200931623e-09, 1.74873893144e-09, 1.25000332307e-09, 1.77695713699e-09, 1.28660471166e-09, 1.80991110987e-09, 1.41250666719e-09, 7.19192372323e-10, 1.06350306339e-09, 6.02565386476e-10, 6.99898639045e-10, 4.12442940911e-10, 6.70658140134e-10, 7.02016722531e-10, 7.22631565697e-10, 3.55691975873e-10, 4.84861373273e-10, 4.07134936875e-10, 2.93112090155e-10, 4.56597620824e-10, 5.29647603553e-10, 2.87251139541e-10, 1.40562492201e-10, 2.38144393094e-10, 2.33930957938e-10, 1.64588398466e-10, 2.36006825194e-10, 2.0760966557e-10, 1.19737969539e-10, 2.18832105214e-10, 8.10716008215e-11, 9.86899381661e-11, 2.34862379545e-10, 7.31110796903e-11, 1.38792463633e-10, 2.14722184477e-10, 1.03737317347e-10, 1.55271170921e-10, 1.1337430994e-11, 3.28515643508e-13, 2.8249783765e-14, 1.07261755698e-14, 1.26143001006e-14, 1.16729949274e-14, 1.63162482792e-14, 1.33485184237e-14, 2.31056120688e-14, 1.50877167747e-14, 3.06716762719e-14, 2.31774912847e-14, 1.478731654e-14, 2.16671519187e-14, 2.42022131096e-14, 2.09589984935e-14, 1.84224041729e-14, 1.81369405172e-14, 1.18998506795e-14, 1.16230708055e-14, 1.64309738097e-14, 1.54102228753e-14, 1.84664244752e-14, 1.11572162371e-14, 4.8018276604e-15, 4.55516054885e-16, 1.87435933887e-17],
        "stdev": [2.04362786462e-05, 1.66442896443e-05, 5.55105907551e-05, 0.0002436779032, 0.0007628009771, 0.00126262393314, 0.00153111678082, 0.00155497109517, 0.00115929974709, 0.000764374388382, 0.000982214696705, 0.000892851443496, 0.00134175794665, 0.00149223057088, 0.00271539529786, 0.00285130436532, 0.00311920582317, 0.00192010914907, 0.00167952198535, 0.00198677321896, 0.00179135159124, 0.00147671753075, 0.00168834801298, 0.00129272358026, 0.000539413536899, 0.000523350550793, 0.000624150445219, 0.000312234828016, 0.000149186205817, 0.00015682769299, 9.90094704321e-05, 3.52678725903e-05, 3.20298750012e-05, 7.07055150997e-05, 3.82258622267e-05, 4.26426704507e-05, 5.26506992173e-05, 4.1641153075e-05, 2.21786485781e-05, 4.13669695263e-05, 5.24735733052e-05, 3.9217651647e-05, 1.45943158714e-05, 3.6119028664e-05, 3.10197683575e-05, 3.52163187927e-05, 3.13507771352e-05, 2.55453633144e-05, 2.10471371247e-05, 2.15052805288e-05, 2.5515741072e-05, 2.25173007493e-05, 1.09552693175e-05, 1.34880410769e-05, 1.39008861879e-05, 1.55911493493e-05, 1.15693792395e-05, 8.89784041647e-06, 3.76626553589e-06, 2.02566002372e-06, 1.55073632868e-06, 1.46049399063e-06, 4.0457562136e-06, 2.79864366348e-06, 2.02101864488e-06, 2.06981030715e-06, 2.65450057668e-06, 2.57976785178e-06, 2.10720668292e-06, 1.23535699004e-06, 6.78440585489e-07, 4.67430311346e-07, 5.25728580669e-07, 8.72162047472e-07, 1.03168019905e-06, 6.80281914356e-07, 5.81866743232e-07, 4.01177914e-07, 3.943963236e-07, 3.03019390913e-07, 3.11764665639e-07, 3.49046530346e-07, 3.22013931964e-07, 1.9883736968e-07, 8.47054764108e-08, 9.56090815407e-08, 9.46130285229e-08, 5.68175906324e-08, 4.0061095774e-08, 3.20878186244e-08, 2.34178756386e-08, 1.79187829019e-08, 1.23193331092e-08, 1.13071285668e-08, 1.10773523687e-08, 8.43595593381e-09, 6.69184085922e-09, 5.47924550176e-09, 5.094031863e-09, 4.61279103803e-09, 4.65257699034e-09, 4.19489021297e-09, 3.23554361081e-09, 1.92543669897e-09, 9.82603443056e-10, 5.33797395175e-10, 3.77580411381e-10, 3.21078746923e-10, 2.72195127549e-10, 2.27362517702e-10, 1.94639929174e-10, 1.61688204492e-10, 1.50909396091e-10, 1.17732434912e-10, 1.16118122062e-10, 1.06414703438e-10, 1.00949672233e-10, 1.07177683395e-10, 1.02703914817e-10, 9.02957084103e-11, 9.24279819348e-11, 1.09043454821e-10, 9.004772622e-11, 5.11015257887e-11, 2.29824770326e-11, 7.21300753501e-12, 4.82891417825e-12, 4.64770496394e-12]
    },
    "mfcc": {
        "mean": [-806.748779297, 189.897445679, 11.8174915314, 34.8471107483, 3.04528164864, -8.77391529083, -17.7852249146, -7.43859577179, -1.49485111237, -3.30199480057, -5.23031282425, 2.58851003647, -0.51803612709],
        "cov": [[8467.01855469, 1067.98596191, -1811.97167969, -407.62298584, -836.63885498, -563.050537109, -630.069213867, -390.846588135, -136.286361694, -247.490692139, -51.7650718689, 135.239196777, -37.2953491211], [1067.98596191, 1209.91674805, -30.2287578583, -434.47064209, -127.001876831, -209.054092407, -74.6031799316, -83.4203948975, -63.4061851501, -122.0521698, -35.6132278442, 86.9069900513, 32.8210372925], [-1811.97167969, -30.2287578583, 621.855773926, 70.5785751343, 121.688079834, 113.589942932, 131.150497437, 65.9317169189, -4.32687616348, 6.5749464035, -5.32326173782, -2.67817020416, 19.7776260376], [-407.62298584, -434.47064209, 70.5785751343, 567.407287598, 239.000915527, 45.1619415283, -61.6588554382, -23.7702159882, -10.0070476532, -19.571723938, -69.0195846558, -29.5463981628, 39.7086296082], [-836.63885498, -127.001876831, 121.688079834, 239.000915527, 359.052398682, 52.770980835, -36.2611732483, -3.24061703682, -7.07059383392, 12.276424408, -46.7668037415, -34.2441520691, 44.6275749207], [-563.050537109, -209.054092407, 113.589942932, 45.1619415283, 52.770980835, 160.593261719, 98.5090408325, 24.9575634003, 17.3345928192, 42.7119216919, 21.7925987244, -15.7279567719, -21.2623806], [-630.069213867, -74.6031799316, 131.150497437, -61.6588554382, -36.2611732483, 98.5090408325, 202.041702271, 69.9687271118, -3.30706691742, 29.6191062927, 35.5369758606, -11.1553077698, -32.9978561401], [-390.846588135, -83.4203948975, 65.9317169189, -23.7702159882, -3.24061703682, 24.9575634003, 69.9687271118, 106.300514221, 38.4965744019, 12.8077049255, 14.9965295792, -11.8673391342, -9.24344062805], [-136.286361694, -63.4061851501, -4.32687616348, -10.0070476532, -7.07059383392, 17.3345928192, -3.30706691742, 38.4965744019, 94.4533081055, 45.5743179321, 9.34142303467, -3.86345386505, -8.82146835327], [-247.490692139, -122.0521698, 6.5749464035, -19.571723938, 12.276424408, 42.7119216919, 29.6191062927, 12.8077049255, 45.5743179321, 112.615943909, 55.0678329468, -13.5277986526, -18.4720439911], [-51.7650718689, -35.6132278442, -5.32326173782, -69.0195846558, -46.7668037415, 21.7925987244, 35.5369758606, 14.9965295792, 9.34142303467, 55.0678329468, 98.3472900391, 25.015209198, -29.9974594116], [135.239196777, 86.9069900513, -2.67817020416, -29.5463981628, -34.2441520691, -15.7279567719, -11.1553077698, -11.8673391342, -3.86345386505, -13.5277986526, 25.015209198, 62.7026824951, 14.8301534653], [-37.2953491211, 32.8210372925, 19.7776260376, 39.7086296082, 44.6275749207, -21.2623806, -32.9978561401, -9.24344062805, -8.82146835327, -18.4720439911, -29.9974594116, 14.8301534653, 69.3548812866]],
        "icov": [[0.00101254798938, -0.000943502527662, 0.00238347821869, -0.000870097370353, 0.00222925050184, -0.00126434140839, 0.00213566422462, -0.000294839235721, 0.0014883230906, -0.000131808235892, 0.00038086247514, -0.000121706609207, 0.000309181050397], [-0.000943502527662, 0.00318244495429, -0.00270357006229, 0.00288176955655, -0.0031466530636, 0.00390447932296, -0.0029628414195, 0.00253947917372, -0.00208710716106, 0.00170359516051, 0.000644473533612, -0.00197200360708, 0.000146882564877], [0.00238347821869, -0.00270357006229, 0.00795448757708, -0.00250087119639, 0.00477807270363, -0.00435292394832, 0.00407137349248, -0.00195334129967, 0.00392983760685, -0.00051456457004, 0.00108417589217, -0.000652834307402, -3.6311455915e-05], [-0.000870097370353, 0.00288176955655, -0.00250087119639, 0.00527097098529, -0.00427665794268, 0.00252258894034, -0.00184924760833, 0.00231674686074, -0.00174866884481, 0.00180971517693, 0.00146339531057, -0.00165007053874, 6.32093651802e-05], [0.00222925050184, -0.0031466530636, 0.00477807270363, -0.00427665794268, 0.0104918880388, -0.00593088334426, 0.00731498654932, -0.00301142828539, 0.00543192215264, -0.00292707793415, 0.00146565702744, 0.00222378433682, -0.00164682848845], [-0.00126434140839, 0.00390447932296, -0.00435292394832, 0.00252258894034, -0.00593088334426, 0.0171894859523, -0.0106258047745, 0.0066831773147, -0.00630939705297, 0.00137145712506, -0.000819323817268, -0.00140268623363, 0.00169902702328], [0.00213566422462, -0.0029628414195, 0.00407137349248, -0.00184924760833, 0.00731498654932, -0.0106258047745, 0.0181477237493, -0.0100012701005, 0.0104425409809, -0.00437375484034, 0.00227034091949, -0.000453809538158, 0.00302752386779], [-0.000294839235721, 0.00253947917372, -0.00195334129967, 0.00231674686074, -0.00301142828539, 0.0066831773147, -0.0100012701005, 0.0217826254666, -0.01306165196, 0.00903277192265, -0.00631920807064, 0.00488136382774, -0.00303091364913], [0.0014883230906, -0.00208710716106, 0.00392983760685, -0.00174866884481, 0.00543192215264, -0.00630939705297, 0.0104425409809, -0.01306165196, 0.0243034567684, -0.0134799834341, 0.00943497102708, -0.00642452016473, 0.00442210538313], [-0.000131808235892, 0.00170359516051, -0.00051456457004, 0.00180971517693, -0.00292707793415, 0.00137145712506, -0.00437375484034, 0.00903277192265, -0.0134799834341, 0.0246636029333, -0.0164142847061, 0.0106180310249, -0.00485525745898], [0.00038086247514, 0.000644473533612, 0.00108417589217, 0.00146339531057, 0.00146565702744, -0.000819323817268, 0.00227034091949, -0.00631920807064, 0.00943497102708, -0.0164142847061, 0.029067857191, -0.0183635242283, 0.0111238975078], [-0.000121706609207, -0.00197200360708, -0.000652834307402, -0.00165007053874, 0.00222378433682, -0.00140268623363, -0.000453809538158, 0.00488136382774, -0.00642452016473, 0.0106180310249, -0.0183635242283, 0.0319487825036, -0.0121909864247], [0.000309181050397, 0.000146882564877, -3.6311455915e-05, 6.32093651802e-05, -0.00164682848845, 0.00169902702328, 0.00302752386779, -0.00303091364913, 0.00442210538313, -0.00485525745898, 0.0111238975078, -0.0121909864247, 0.0237939879298]]
    },
    "spectral_contrast_coeffs": {
        "max": [-0.410848528147, -0.433912038803, -0.54097622633, -0.63594686985, -0.68289411068, -0.606362938881],
        "mean": [-0.685245335102, -0.716680645943, -0.810627579689, -0.835728704929, -0.827551364899, -0.782515466213],
        "min": [-0.87505698204, -0.918021142483, -0.929436445236, -0.917071700096, -0.903375446796, -0.935903668404],
        "stdev": [0.110442019999, 0.113778293133, 0.0678950250149, 0.0562391541898, 0.043687030673, 0.0390765368938]
    },
    "spectral_contrast_valleys": {
        "max": [-5.96130466461, -5.06821870804, -6.15894269943, -6.68607854843, -6.88769388199, -11.0734405518],
        "mean": [-7.41046571732, -7.16817045212, -8.61112880707, -8.93884277344, -9.27840614319, -12.6583929062],
        "min": [-9.08629798889, -9.56940746307, -10.3380842209, -10.6389198303, -10.7011184692, -14.0499315262],
        "stdev": [0.575920641422, 1.00400853157, 1.02667987347, 0.965588390827, 0.941870212555, 0.744994997978]
    }
},
"rhythm": {
    "beats_count": 18,
    "beats_loudness": {
        "max": 0.0703401938081,
        "mean": 0.0332589894533,
        "min": 0.000266191898845,
        "stdev": 0.0229710675776
    },
    "bpm": 85.1408309937,
    "bpm_histogram_first_peak_bpm": 85,
    "bpm_histogram_first_peak_weight": 0.399999976158,
    "bpm_histogram_second_peak_bpm": 91,
    "bpm_histogram_second_peak_spread": 0,
    "bpm_histogram_second_peak_weight": 0.117647059262,
    "danceability": 1.36732077599,
    "onset_rate": 4.15381193161,
    "beats_loudness_band_ratio": {
        "max": [0.870307564735, 0.8920571208, 0.764437794685, 0.149150848389, 0.210990056396, 0.0656896531582],
        "mean": [0.289085268974, 0.317648053169, 0.379653513432, 0.0304628945887, 0.0258133169264, 0.00543824909255],
        "min": [0.0518174245954, 0.0199265480042, 0.0162932761014, 0.000842156528961, 0.00108287588228, 0.000154522247612],
        "stdev": [0.220156386495, 0.245696008205, 0.279722899199, 0.0425774529576, 0.0469173640013, 0.0147064113989]
    },
    "beats_position": [0.638548731804, 1.30031740665, 1.98530614376, 2.68190479279, 3.3785033226, 4.06349182129, 4.73687076569, 5.39863920212, 6.10684776306, 6.82666635513, 7.5464849472, 8.25469398499, 8.96290206909, 9.67111110687, 10.3677091599, 11.0759181976, 11.7957363129, 12.5039453506],
