{
"metadata": {
    "version": {
        "essentia": "2.1-beta5",
        "essentia_git_sha": "Undefined",
        "extractor": "music 2.0"
    },
    "audio_properties": {
        "analysis": {
            "equal_loudness": 0,
            "length": 12.7477550507,
            "sample_rate": 44100,
            "start_time": 0,
            "downmix": "mix"
        },
        "bit_rate": 192000,
        "length": 139.946670532,
        "lossless": 0,
        "number_channels": 2,
        "replay_gain": -10.5967617035,
        "sample_rate": 48000,
        "codec": "mp3",
        "md5_encoded": "8efc69f84666a4186a9eb354108c9f10"
    },
    "tags": {
        "file_name": "Switzerland_Refrain_Lys Assia.mp3",
        "encoding": ["Lavf58.29.100"]
    }
},
"lowlevel": {
    "average_loudness": 0.96582877636,
    "barkbands_crest": {
        "max": 15.9931497574,
        "mean": 4.78077602386,
        "min": 2.32127642632,
        "stdev": 2.08748316765
    },
    "barkbands_flatness_db": {
        "max": 0.262797951698,
        "mean": 0.145493939519,
        "min": 0.0534043088555,
        "stdev": 0.0238467082381
    },
    "barkbands_kurtosis": {
        "max": 36.5119361877,
        "mean": 0.935633897781,
        "min": -1.36624014378,
        "stdev": 4.68928003311
    },
    "barkbands_skewness": {
        "max": 5.29842567444,
        "mean": 0.483621388674,
        "min": -1.97545397282,
        "stdev": 0.924069225788
    },
    "barkbands_spread": {
        "max": 63.9777030945,
        "mean": 20.5017967224,
        "min": 4.83827018738,
        "stdev": 5.75794315338
    },
    "dissonance": {
        "max": 0.5,
        "mean": 0.488900482655,
        "min": 0.384208709002,
        "stdev": 0.0107703078538
    },
    "dynamic_complexity": 2.42149305344,
    "erbbands_crest": {
        "max": 11.8221502304,
        "mean": 5.68108129501,
        "min": 2.60046505928,
        "stdev": 1.50182080269
    },
    "erbbands_flatness_db": {
        "max": 0.274853795767,
        "mean": 0.212915167212,
        "min": 0.0894368067384,
        "stdev": 0.0273281764239
    },
    "erbbands_kurtosis": {
        "max": 3.89992570877,
        "mean": 0.267672300339,
        "min": -1.43366658688,
        "stdev": 0.69800132513
    },
    "erbbands_skewness": {
        "max": 2.09259700775,
        "mean": 0.344343274832,
        "min": -1.50955367088,
        "stdev": 0.393299669027
    },
    "erbbands_spread": {
        "max": 81.9031448364,
        "mean": 28.6779022217,
        "min": 11.9037752151,
        "stdev": 11.8533859253
    },
    "hfc": {
        "max": 114.903541565,
        "mean": 42.7409934998,
        "min": 1.10014042088e-16,
        "stdev": 23.173828125
    },
    "loudness_ebu128": {
        "integrated": -11.8967399597,
        "loudness_range": 2.38502693176,
        "momentary": {
            "max": -10.2003993988,
            "mean": -13.1576328278,
            "min": -25.9874763489,
            "stdev": 3.82040739059
        },
        "short_term": {
            "max": -10.9970436096,
            "mean": -12.0947904587,
            "min": -16.3905277252,
            "stdev": 1.08354890347
        }
    },
    "melbands_crest": {
        "max": 22.7424468994,
        "mean": 5.9946231842,
        "min": 1.87431550026,
        "stdev": 3.08261489868
    },
    "melbands_flatness_db": {
        "max": 0.329114973545,
        "mean": 0.118324682117,
        "min": 0.00470654340461,
        "stdev": 0.0443266034126
    },
    "melbands_kurtosis": {
        "max": 95.6782302856,
        "mean": 4.20074510574,
        "min": -1.34728145599,
        "stdev": 12.454252243
    },
    "melbands_skewness": {
        "max": 7.22325229645,
        "mean": 1.10191750526,
        "min": -0.282924324274,
        "stdev": 1.20271646976
    },
    "melbands_spread": {
        "max": 156.216491699,
        "mean": 37.7306556702,
        "min": 3.00378417969,
        "stdev": 15.8128156662
    },
    "pitch_salience": {
        "max": 0.915946900845,
        "mean": 0.785840213299,
        "min": 0.367094159126,
        "stdev": 0.0598337352276
    },
    "silence_rate_20dB": {
        "max": 1,
        "mean": 1,
        "min": 1,
        "stdev": 0
    },
    "silence_rate_30dB": {
        "max": 1,
        "mean": 1,
        "min": 1,
        "stdev": 0
    },
    "silence_rate_60dB": {
        "max": 1,
        "mean": 0.0909090936184,
        "min": 0,
        "stdev": 0.287479877472
    },
    "spectral_centroid": {
        "max": 11472.3544922,
        "mean": 2095.79370117,
        "min": 357.694366455,
        "stdev": 986.246520996
    },
    "spectral_complexity": {
        "max": 62,
        "mean": 37.5999984741,
        "min": 0,
        "stdev": 13.9101047516
    },
    "spectral_decrease": {
        "max": 8.01067389023e-29,
        "mean": -5.41659295195e-09,
        "min": -1.23625651938e-08,
        "stdev": 2.80811662812e-09
    },
    "spectral_energy": {
        "max": 0.0537693575025,
        "mean": 0.0243202243,
        "min": 1.04787304622e-20,
        "stdev": 0.0126005280763
    },
    "spectral_energyband_high": {
        "max": 0.00949358288199,
        "mean": 0.0020366916433,
        "min": 7.57045228573e-21,
        "stdev": 0.00138462660834
    },
    "spectral_energyband_low": {
        "max": 0.00603376794606,
        "mean": 0.000326721114106,
        "min": 6.0154399001e-23,
        "stdev": 0.000591982796323
    },
    "spectral_energyband_middle_high": {
        "max": 0.0415540263057,
        "mean": 0.0163506940007,
        "min": 1.42296370914e-21,
        "stdev": 0.00916533637792
    },
    "spectral_energyband_middle_low": {
        "max": 0.0290051177144,
        "mean": 0.00595447979867,
        "min": 2.57545642262e-22,
        "stdev": 0.00382343772799
    },
    "spectral_entropy": {
        "max": 9.81464385986,
        "mean": 8.00435066223,
        "min": 7.12880420685,
        "stdev": 0.237992346287
    },
    "spectral_flux": {
        "max": 0.16117426753,
        "mean": 0.101666741073,
        "min": 6.77186987041e-11,
        "stdev": 0.0332327261567
    },
    "spectral_kurtosis": {
        "max": 9.41938114166,
        "mean": 1.57174265385,
        "min": -1.22472763062,
        "stdev": 1.22015726566
    },
    "spectral_rms": {
        "max": 0.00724278297275,
        "mean": 0.00461494829506,
        "min": 3.19736641677e-12,
        "stdev": 0.0015586205991
    },
    "spectral_rolloff": {
        "max": 19035.3515625,
        "mean": 2803.66503906,
        "min": 215.33203125,
        "stdev": 1979.40808105
    },
    "spectral_skewness": {
        "max": 2.29916882515,
        "mean": 0.990484714508,
        "min": -0.0469673536718,
        "stdev": 0.219441458583
    },
    "spectral_spread": {
        "max": 41530672,
        "mean": 3925091.5,
        "min": 2139795.75,
        "stdev": 3605577.5
    },
    "spectral_strongpeak": {
        "max": 4.76294612885,
        "mean": 0.91170167923,
        "min": 0,
        "stdev": 0.736436903477
    },
    "zerocrossingrate": {
        "max": 0.76708984375,
        "mean": 0.104117542505,
        "min": 0.013671875,
        "stdev": 0.0595930181444
    },
    "barkbands": {
        "max": [0.000120898264868, 0.00110035785474, 0.0028948422987, 0.0034127717372, 0.007605495397, 0.0156397297978, 0.00846402253956, 0.00841989088804, 0.00857817754149, 0.00913318619132, 0.0125131336972, 0.010852930136, 0.00938947033137, 0.00770291639492, 0.0135491294786, 0.00818987097591, 0.00893305893987, 0.00951403286308, 0.00535288220271, 0.00374325318262, 0.00293316459283, 0.00376069964841, 0.00270356494002, 0.00244700093754, 5.81028700708e-07, 1.17054548809e-06, 6.63865989736e-07],
        "mean": [6.31736020296e-06, 5.34032151336e-05, 0.00016004871577, 0.000222467671847, 0.000833130150568, 0.00102578965016, 0.00111784494948, 0.000903453445062, 0.00137025373988, 0.00175761070568, 0.00216300738975, 0.00214156042784, 0.00189978582785, 0.0018936166307, 0.00201838230714, 0.00164470274467, 0.00126896612346, 0.000950977613684, 0.000637434073724, 0.000455419300124, 0.000457259680843, 0.000495148473419, 0.000574837031309, 0.000268718344159, 7.060418028e-09, 8.26664177112e-08, 1.99711758242e-09],
        "min": [6.10277981851e-24, 1.36204976331e-23, 3.27643082349e-24, 7.52554370919e-24, 2.58286802326e-23, 1.10813855154e-23, 4.75412294122e-23, 2.28442427233e-23, 4.33270208606e-23, 5.18480470787e-23, 3.00769628422e-23, 5.07003933011e-23, 3.23167819213e-23, 4.94001296483e-23, 5.53658555341e-23, 1.18552579057e-22, 1.69781433434e-22, 6.69638463349e-23, 2.71657164788e-22, 2.5752463963e-22, 3.68335262032e-22, 4.39045194236e-22, 3.72583852297e-22, 6.84343070436e-22, 1.10009922273e-21, 1.53114776552e-21, 1.99269970412e-21],
        "stdev": [9.2237996796e-06, 0.00011027547589, 0.000346702261595, 0.000353379582521, 0.000810263853054, 0.00117972877342, 0.00117515504826, 0.000884934444912, 0.00114729418419, 0.00144361355342, 0.00189596158452, 0.00170114741195, 0.00153262692038, 0.00149294466246, 0.00160322117154, 0.00128388300072, 0.00112737820018, 0.000988852698356, 0.000607961614151, 0.000403668178478, 0.00038607721217, 0.000419425254222, 0.000429246865679, 0.00022845287458, 2.9332875684e-08, 8.76746284462e-08, 2.8274467212e-08]
    },
    "erbbands": {
        "max": [0.0120705710724, 0.328316956758, 2.22610163689, 10.9536304474, 15.7652444839, 31.0343055725, 49.9035835266, 154.674026489, 130.86630249, 225.416015625, 142.633926392, 158.04838562, 279.11227417, 345.82232666, 463.142791748, 494.82598877, 419.930877686, 460.675170898, 581.701599121, 507.730072021, 423.287261963, 414.381835938, 524.855224609, 396.802368164, 154.46232605, 165.562332153, 142.390518188, 121.296005249, 118.941810608, 120.164924622, 99.3530960083, 68.5143890381, 25.4588470459, 0.659726917744, 0.0307693164796, 0.00612682243809, 0.00378633593209, 0.000407845829614, 9.56806325121e-05, 8.83742904989e-05],
        "mean": [0.00110609841067, 0.0154717424884, 0.139622867107, 0.535839915276, 1.410176754, 3.20241475105, 5.01713085175, 9.54349708557, 14.8121795654, 18.2277984619, 20.8814086914, 30.1307926178, 48.0558509827, 71.2624359131, 89.1875534058, 87.0475540161, 87.4927139282, 94.0416107178, 104.601509094, 101.420372009, 87.6104736328, 72.1480255127, 54.608745575, 39.5696105957, 27.7884197235, 21.5207691193, 19.1762294769, 18.0286369324, 17.4617233276, 17.464099884, 16.1039943695, 9.8903837204, 1.96570575237, 0.0549718625844, 0.00301022920758, 0.000624896492809, 0.000300421292195, 3.41141931131e-05, 2.3869346478e-05, 3.51430244336e-05],
        "min": [7.10550771512e-22, 1.25126153194e-21, 5.27362375626e-21, 2.48441903679e-20, 1.4914560814e-20, 8.46301797141e-20, 1.44682160942e-19, 1.49780372325e-19, 5.65716782538e-19, 5.80953604518e-19, 6.39995585293e-19, 1.06514599912e-18, 1.10722467688e-18, 2.01101937816e-18, 1.89226023043e-18, 2.37399078044e-18, 1.82117563731e-18, 1.95556684425e-18, 3.67008912211e-18, 4.14741534894e-18, 6.66455531785e-18, 9.03089240288e-18, 4.19198714907e-18, 1.1099905207e-17, 1.29593253331e-17, 1.15578414931e-17, 1.33283488024e-17, 1.58762032282e-17, 1.66486807325e-17, 1.42976663411e-17, 1.21829220297e-17, 1.27111835571e-17, 1.18706075817e-17, 9.59384671236e-18, 6.91590655468e-18, 4.84147737192e-18, 2.86427148285e-18, 1.12594191299e-18, 2.6795691348e-19, 2.93079493745e-20],
        "stdev": [0.00155939650722, 0.0334800742567, 0.290551006794, 0.916795790195, 1.64101839066, 3.40098595619, 5.73319292068, 11.4998455048, 15.1195449829, 19.7708816528, 18.2831707001, 25.3635807037, 41.2176513672, 59.533241272, 72.3252258301, 67.0800018311, 68.51197052, 74.1027984619, 79.0944671631, 77.4472198486, 68.0820159912, 61.7054672241, 53.2435874939, 43.505569458, 23.7999076843, 18.8480892181, 16.766242981, 15.1048870087, 15.0537242889, 13.7813749313, 12.3468036652, 7.91659069061, 1.89679896832, 0.0511010885239, 0.0025184135884, 0.000505959615111, 0.000277292769169, 2.7426487577e-05, 1.3188830053e-05, 1.82543026312e-05]
    },
    "gfcc": {
        "mean": [-13.8452501297, 86.2631225586, -206.537200928, 36.1863670349, -93.7487182617, 12.1787843704, -37.9698104858, -24.3013114929, 0.0618152283132, -28.542345047, 1.58291625977, -11.7814512253, -4.95429515839],
        "cov": [[23662.1210938, 933.257873535, -4414.19238281, -16.2177295685, -1651.58532715, 135.476928711, -689.246154785, -474.626800537, -19.3680534363, -528.308105469, 34.731338501, -131.283828735, -24.3927078247], [933.257873535, 633.192993164, 245.271377563, 299.781860352, -24.2200336456, 4.98075675964, 3.16700291634, -43.9126091003, 38.0694694519, -48.4591064453, 10.8930397034, -74.9316101074, -16.6624393463], [-4414.19238281, 245.271377563, 1327.22558594, 299.508453369, 336.312988281, 0.989289164543, 145.528198242, 104.812866211, 11.2873497009, 83.7151412964, -15.7974243164, -37.2286911011, -25.7832336426], [-16.2177295685, 299.781860352, 299.508453369, 262.739135742, 40.2397651672, 2.22463750839, 19.1833229065, 5.21155881882, 10.0623788834, -17.1068058014, -0.0657732188702, -41.438457489, -21.1577587128], [-1651.58532715, -24.2200336456, 336.312988281, 40.2397651672, 184.071960449, 11.5352296829, 54.9012870789, 33.7306098938, 2.22990560532, 32.5547599792, -7.63878583908, 5.03275728226, 0.37127584219], [135.476928711, 4.98075675964, 0.989289164543, 2.22463750839, 11.5352296829, 68.7226104736, 16.1128253937, 1.33859300613, 0.729170918465, 1.76842463017, -10.5328636169, -6.07587957382, -3.11247110367], [-689.246154785, 3.16700291634, 145.528198242, 19.1833229065, 54.9012870789, 16.1128253937, 77.1135787964, 25.6453418732, 6.18373680115, 14.1352386475, -4.13664960861, -1.52463757992, 1.28657615185], [-474.626800537, -43.9126091003, 104.812866211, 5.21155881882, 33.7306098938, 1.33859300613, 25.6453418732, 57.7512817383, 9.24794960022, 14.7793960571, 3.95128130913, 3.62415552139, -1.68445885181], [-19.3680534363, 38.0694694519, 11.2873497009, 10.0623788834, 2.22990560532, 0.729170918465, 6.18373680115, 9.24794960022, 41.9929428101, 14.0948791504, 6.13381481171, 1.82741129398, -0.0317650474608], [-528.308105469, -48.4591064453, 83.7151412964, -17.1068058014, 32.5547599792, 1.76842463017, 14.1352386475, 14.7793960571, 14.0948791504, 51.3494186401, 12.808801651, 6.09166479111, 4.16269302368], [34.731338501, 10.8930397034, -15.7974243164, -0.0657732188702, -7.63878583908, -10.5328636169, -4.13664960861, 3.95128130913, 6.13381481171, 12.808801651, 34.2857780457, 13.1127233505, 4.91607427597], [-131.283828735, -74.9316101074, -37.2286911011, -41.438457489, 5.03275728226, -6.07587957382, -1.52463757992, 3.62415552139, 1.82741129398, 6.09166479111, 13.1127233505, 40.3532752991, 18.0231342316], [-24.3927078247, -16.6624393463, -25.7832336426, -21.1577587128, 0.37127584219, -3.11247110367, 1.28657615185, -1.68445885181, -0.0317650474608, 4.16269302368, 4.91607427597, 18.0231342316, 32.026386261]],
        "icov": [[0.000753899337724, -0.00162276916672, 0.00258553470485, -0.00169768661726, 0.00232187914662, -0.00193471543025, 0.0017276807921, -0.00175165385008, 0.00162918283604, -0.00069995992817, 0.00155132170767, -0.00110075657722, 0.000787335389759], [-0.00162276916672, 0.0118959983811, -0.00752572109923, -0.0016890806146, -0.00284992088564, 0.0023603993468, -0.00415093218908, 0.0118680885062, -0.0136083988473, 0.0118222730234, -0.0137967336923, 0.014965065755, -0.00902199093252], [0.00258553470485, -0.00752572109923, 0.0119037376717, -0.00721349706873, 0.00461200345308, -0.00496824225411, 0.00474523613229, -0.00960496626794, 0.0094452733174, -0.00821547396481, 0.00970652885735, -0.00689118169248, 0.00510478531942], [-0.00169768661726, -0.0016890806146, -0.00721349706873, 0.0155571745709, -0.00586259877309, 0.00442145718262, -0.00295360176824, 0.000729288731236, -0.00106353696901, 0.00277247698978, -0.00318419211544, 0.00156177766621, 0.00220161955804], [0.00232187914662, -0.00284992088564, 0.00461200345308, -0.00586259877309, 0.019748557359, -0.00765739334747, 0.00259434524924, -0.0035051330924, 0.00340508692898, -0.00199407874607, 0.00522176641971, -0.00468629226089, 0.000962191494182], [-0.00193471543025, 0.0023603993468, -0.00496824225411, 0.00442145718262, -0.00765739334747, 0.0220840070397, -0.0083477627486, 0.00299046840519, -0.00166546471883, -0.00320680742152, 0.00376249873079, 0.000700315809809, 0.000846847426146], [0.0017276807921, -0.00415093218908, 0.00474523613229, -0.00295360176824, 0.00259434524924, -0.0083477627486, 0.023701665923, -0.00937947258353, 0.00251736468635, -0.00162221700884, 0.00457759108394, -0.00154868559912, -0.000879383529536], [-0.00175165385008, 0.0118680885062, -0.00960496626794, 0.000729288731236, -0.0035051330924, 0.00299046840519, -0.00937947258353, 0.0354754962027, -0.0174350813031, 0.0114924395457, -0.016683138907, 0.0126994103193, -0.00593325356022], [0.00162918283604, -0.0136083988473, 0.0094452733174, -0.00106353696901, 0.00340508692898, -0.00166546471883, 0.00251736468635, -0.0174350813031, 0.0446300916374, -0.0246222298592, 0.0169285777956, -0.0205502994359, 0.012053636834], [-0.00069995992817, 0.0118222730234, -0.00821547396481, 0.00277247698978, -0.00199407874607, -0.00320680742152, -0.00162221700884, 0.0114924395457, -0.0246222298592, 0.0489993952215, -0.0306673068553, 0.0233868453652, -0.0136305186898], [0.00155132170767, -0.0137967336923, 0.00970652885735, -0.00318419211544, 0.00522176641971, 0.00376249873079, 0.00457759108394, -0.016683138907, 0.0169285777956, -0.0306673068553, 0.0612589307129, -0.0353515632451, 0.0134519813582], [-0.00110075657722, 0.014965065755, -0.00689118169248, 0.00156177766621, -0.00468629226089, 0.000700315809809, -0.00154868559912, 0.0126994103193, -0.0205502994359, 0.0233868453652, -0.0353515632451, 0.0669061392546, -0.03200167045], [0.000787335389759, -0.00902199093252, 0.00510478531942, 0.00220161955804, 0.000962191494182, 0.000846847426146, -0.000879383529536, -0.00593325356022, 0.012053636834, -0.0136305186898, 0.0134519813582, -0.03200167045, 0.0502165220678]]
    },
    "melbands": {
        "max": [0.000203009694815, 0.000878031714819, 0.00156444148161, 0.00184755760711, 0.00167499843519, 0.00320883374661, 0.00216101901606, 0.00213798787445, 0.000933705130592, 0.00116731994785, 0.00139626825694, 0.00137668510433, 0.00160710851196, 0.0013859369792, 0.000825918919872, 0.0011874033371, 0.00076440180419, 0.000897656194866, 0.00102208845783, 0.000826754199807, 0.000574475270696, 0.000508877157699, 0.000509973440785, 0.000476451270515, 0.000373938586563, 0.000143258366734, 0.000107660664071, 0.000125876453239, 0.000102955644252, 8.81228697835e-05, 7.19687959645e-05, 7.21536343917e-05, 0.000100252880657, 5.60339503863e-05, 6.37288103462e-05, 5.55037149752e-05, 4.76739514852e-05, 2.6968338716e-05, 5.77624845732e-08, 5.25534460394e-09],
        "mean": [1.22430701595e-05, 5.88776165387e-05, 0.000113723370305, 0.000166308745975, 0.000172282118001, 0.000214262705413, 0.000229096491239, 0.000198935071239, 0.000170291808899, 0.000198727124371, 0.000241345114773, 0.00027997783036, 0.00030046023312, 0.000250445184065, 0.000206666387385, 0.000185476746992, 0.00017262295296, 0.000167215286638, 0.000150972395204, 0.000121153134387, 9.80920303846e-05, 7.69493344706e-05, 5.83726505283e-05, 4.19680400228e-05, 3.12092342938e-05, 2.24799023272e-05, 1.64043813129e-05, 1.37454007927e-05, 1.2119645362e-05, 1.09462989712e-05, 1.02437743408e-05, 9.8136588349e-06, 9.57824522629e-06, 9.81587800197e-06, 9.60375382419e-06, 8.00179350335e-06, 5.38468975719e-06, 1.82271890026e-06, 7.6840525054e-09, 3.38014616297e-11],
        "min": [7.97346603092e-24, 4.37082465705e-24, 4.07850909318e-24, 4.89518128961e-24, 4.50639750336e-24, 3.920349187e-24, 9.80856002258e-24, 5.83177848744e-24, 5.55844686125e-24, 6.36423356605e-24, 5.29695485396e-24, 8.17669947708e-24, 6.88845964213e-24, 5.03827986896e-24, 3.76857432098e-24, 4.24725472384e-24, 3.50839261165e-24, 5.78613815091e-24, 4.7592108574e-24, 5.24064556811e-24, 6.97495981811e-24, 9.14743857488e-24, 5.63995906973e-24, 3.25462729971e-24, 8.05788519184e-24, 9.58786198485e-24, 9.22995736987e-24, 7.42817697424e-24, 7.7850387151e-24, 8.14502986717e-24, 9.68007351378e-24, 8.62307720916e-24, 8.19350221436e-24, 6.39119485964e-24, 7.30492061325e-24, 5.9714435497e-24, 8.65956675919e-24, 7.20771007276e-24, 8.19649436377e-24, 7.68760729356e-24],
        "stdev": [2.09804129554e-05, 0.000117141375085, 0.000159091709065, 0.00017246666539, 0.00018424836162, 0.000244544033194, 0.000234987979638, 0.000208989411476, 0.000142836448504, 0.000170702929609, 0.000209450532566, 0.000236482257606, 0.000252693047514, 0.000210390222492, 0.000158002236276, 0.000159514907864, 0.000140821517562, 0.000129298365209, 0.000122083365568, 9.89405962173e-05, 8.21408611955e-05, 6.87109859427e-05, 5.86197493249e-05, 4.57305213786e-05, 3.71866408386e-05, 2.00066369871e-05, 1.49135439642e-05, 1.29634745463e-05, 1.12496363727e-05, 9.90069838736e-06, 8.97423342394e-06, 8.73074714036e-06, 8.8874321591e-06, 7.88750003267e-06, 7.6680444181e-06, 6.70948247716e-06, 4.71143130198e-06, 1.93579217012e-06, 8.77081607342e-09, 2.31643856874e-10]
    },
    "melbands128": {
        "max": [6.23452942818e-05, 8.16833344288e-05, 0.000211544975173, 0.000643478415441, 0.000944837462157, 0.00183785881381, 0.00276611139998, 0.00134444062132, 0.00153188139666, 0.00241822842509, 0.00190186942928, 0.00168448488694, 0.00173588353209, 0.00317926541902, 0.00386362150311, 0.00403163675219, 0.00182849785779, 0.0032023685053, 0.00247016665526, 0.00415826356038, 0.00229173502885, 0.00220194365829, 0.000981603516266, 0.00107214401942, 0.00150167569518, 0.00206086691469, 0.00243281247094, 0.00146902597044, 0.00164026720449, 0.00125514448155, 0.00192916474771, 0.00215788558125, 0.00240539084189, 0.00204225350171, 0.00164035928901, 0.00245280470699, 0.00131754553877, 0.00105540803634, 0.00121762475464, 0.00178025220521, 0.00141822558362, 0.00130086624995, 0.00115806015674, 0.00106314790901, 0.000944202532992, 0.00146124220919, 0.00139962078538, 0.00131827965379, 0.00105196528602, 0.000816492713057, 0.00112073170021, 0.000971269386355, 0.000899411970749, 0.00104497908615, 0.000654993753415, 0.000601757492404, 0.000410182226915, 0.000754257373046, 0.000579327752348, 0.000845140661113, 0.000529567187186, 0.000667412648909, 0.000496581953485, 0.000425950274803, 0.000287007191218, 0.000161902498803, 0.000155792804435, 0.000182497038622, 0.000142362390761, 0.000132697256049, 0.000176805013325, 0.00014352229482, 0.00013038169709, 0.000101756180811, 7.83729483373e-05, 0.000114799833682, 8.93062533578e-05, 9.74551148829e-05, 7.72782659624e-05, 8.37316110847e-05, 7.66043449403e-05, 9.05863707885e-05, 0.000141087497468, 0.000105525890831, 8.1381520431e-05, 6.07907859376e-05, 7.4467912782e-05, 7.03120531398e-05, 5.9383783082e-05, 9.68373569776e-05, 7.1372014645e-05, 6.80707453284e-05, 4.34312896687e-05, 4.44743927801e-05, 5.20852081536e-05, 6.54357572785e-05, 9.53029484663e-06, 1.52448677682e-07, 1.61240443219e-08, 9.91491244662e-09, 5.41400124732e-09, 5.2229967018e-09, 5.0459232348e-09, 4.89483298338e-09, 4.76933337268e-09, 4.6251433794e-09, 4.44395320542e-09, 4.25183666053e-09, 4.09060341156e-09, 3.94053412123e-09, 3.07849603587e-08, 3.28420455276e-08, 3.56428020432e-09, 3.45422312975e-09, 3.36685568314e-09, 3.25780669108e-09, 3.16667314593e-09, 3.08523584458e-09, 3.01123037616e-09, 2.93248869632e-09, 2.87163404167e-09, 2.8109325978e-09, 2.7640196798e-09, 2.71453659551e-09, 2.67653255115e-09, 2.64812727302e-09, 2.62825206043e-09, 2.61475086027e-09],
        "mean": [4.17031560573e-06, 7.90470858192e-06, 1.23161053125e-05, 2.64457103185e-05, 5.27848897036e-05, 8.74704928719e-05, 0.000106205203338, 0.000112468056614, 0.000135512644192, 0.000174089989741, 0.000186740857316, 0.000165511999512, 0.000166291705682, 0.000179979440873, 0.000210099926335, 0.000237002939684, 0.000238328473642, 0.000229815355851, 0.000214361323742, 0.000209869263927, 0.000185969969607, 0.000178287184099, 0.000168222424691, 0.000160955023603, 0.000178408401553, 0.000220156434807, 0.000234928695136, 0.000238143533352, 0.000251391262282, 0.000257644365774, 0.000293348828563, 0.000321781757521, 0.000308382499497, 0.000281029439066, 0.000265952403424, 0.000243044138188, 0.000222927410505, 0.000204058378586, 0.000201119313715, 0.000188220103155, 0.000182446849067, 0.000179483380634, 0.000169663675479, 0.000170471117599, 0.000175156994374, 0.000163487260579, 0.000164659795701, 0.000153388100443, 0.000148307837662, 0.000131935608806, 0.00011665654165, 0.000111864530481, 0.000101808800537, 9.54793358687e-05, 8.23305890663e-05, 7.81427152106e-05, 6.98369112797e-05, 6.00215862505e-05, 5.68785981159e-05, 4.87529396196e-05, 4.06941398978e-05, 3.80403071176e-05, 3.42748862749e-05, 2.91931755783e-05, 2.59820044448e-05, 2.32238835451e-05, 1.97040681087e-05, 1.79703965841e-05, 1.54881054186e-05, 1.45939175127e-05, 1.38665600389e-05, 1.31589522425e-05, 1.30772086777e-05, 1.17803983812e-05, 1.12775014713e-05, 1.10861783469e-05, 1.07364348878e-05, 1.06153511297e-05, 1.00789557109e-05, 1.00290280898e-05, 9.81322500593e-06, 9.82706205832e-06, 9.58523833106e-06, 9.61707610259e-06, 9.41270263866e-06, 9.75355123956e-06, 9.90650187305e-06, 1.00672987173e-05, 9.78574462351e-06, 9.25855874812e-06, 8.44193073135e-06, 8.01667920314e-06, 6.5538661147e-06, 5.62451850783e-06, 4.43296357844e-06, 3.60393391929e-06, 7.97086329385e-07, 1.95586835616e-08, 1.65759195259e-09, 1.99703961701e-10, 3.01531993818e-11, 2.06811442971e-11, 1.78797220085e-11, 1.91654487419e-11, 3.11167966394e-11, 2.62407023194e-11, 2.1809382425e-11, 1.91130600929e-11, 1.73792612246e-11, 1.55627094545e-10, 2.69928168706e-09, 1.60916369119e-09, 1.29917673841e-10, 1.19622731859e-11, 1.0595419507e-11, 1.00315918766e-11, 9.68834387716e-12, 9.34755051141e-12, 9.08768980207e-12, 8.83938582052e-12, 8.62953371955e-12, 8.43828479313e-12, 8.28448941392e-12, 8.12916400861e-12, 7.98892722809e-12, 7.86036600392e-12, 7.77516679512e-12, 7.72988097142e-12],
        "min": [4.89697042614e-24, 4.66679106919e-24, 4.10563880857e-24, 8.98580413085e-25, 2.66575939726e-24, 1.58136546036e-24, 5.03295466342e-24, 3.03148004609e-24, 8.85767241224e-25, 3.90481981913e-25, 5.43161301605e-24, 2.00054060602e-24, 3.75250167447e-24, 3.02110573632e-24, 2.33125022736e-24, 1.22089241288e-24, 5.3096499925e-24, 9.91707257326e-24, 4.65071368951e-24, 2.96002167263e-24, 2.20768837998e-24, 5.07194253593e-24, 3.59333202633e-24, 2.71665709729e-24, 4.80409073202e-24, 1.79150094639e-24, 2.67438638012e-24, 4.58581331398e-24, 2.62516145963e-24, 1.37863412417e-24, 2.38347084714e-24, 2.4379592448e-24, 1.7505421049e-24, 1.9312663912e-24, 4.77513480364e-24, 3.66414530878e-24, 3.43033127521e-24, 1.58556831404e-24, 2.01899068208e-24, 1.99801171517e-24, 3.65211833542e-24, 2.11929020466e-24, 1.09090036304e-24, 1.50556795749e-24, 1.53696550899e-24, 3.33087563658e-24, 7.81471724008e-24, 4.93074629466e-24, 2.59946747109e-24, 3.78153175578e-24, 4.03160579033e-24, 2.56923496854e-24, 6.36091956139e-24, 8.1119190084e-24, 8.04139405461e-24, 2.24821729228e-24, 4.81015865011e-24, 4.35375134048e-24, 1.3503999049e-24, 2.334993964e-24, 2.45191084155e-24, 5.01126927156e-24, 5.36026922464e-24, 7.69366495645e-24, 4.76206377287e-24, 5.37566936723e-24, 5.51244443756e-24, 3.19383866443e-24, 5.02157534486e-24, 5.36846864489e-24, 5.16326620192e-24, 6.72604738125e-24, 9.02855092558e-24, 5.71456874528e-24, 2.74895424605e-24, 4.19721057131e-24, 6.88513380456e-24, 8.5887309942e-24, 5.23957390057e-24, 4.45922519895e-24, 3.67852229878e-24, 6.17029645124e-24, 7.73172512855e-24, 6.18001324544e-24, 5.39930600654e-24, 4.7859197155e-24, 5.65624194767e-24, 5.35507063127e-24, 7.60170507415e-24, 7.59465502424e-24, 5.68282458802e-24, 4.45774332374e-24, 7.7401888172e-24, 5.57111715068e-24, 9.14571412494e-24, 3.39020468197e-24, 5.59052707325e-24, 6.4036789779e-24, 5.56760987509e-24, 8.03610789769e-24, 5.86195596694e-24, 6.65043033032e-24, 7.49739557437e-24, 7.75154762537e-24, 7.42557609984e-24, 5.72732580941e-24, 7.93017255558e-24, 5.96075054012e-24, 5.02042558009e-24, 6.82842259408e-24, 5.98975222244e-24, 6.0674976201e-24, 8.9382350294e-24, 5.49716656841e-24, 8.81159445512e-24, 8.34052616557e-24, 8.40953966186e-24, 7.58894051584e-24, 7.54243006573e-24, 6.97261611236e-24, 7.47620755932e-24, 6.29875850535e-24, 6.05400928191e-24, 8.61058875216e-24, 7.30312201038e-24, 8.32083698623e-24, 6.15572185159e-24, 6.34235845315e-24],
        "stdev": [6.23457481197e-06, 1.06760753624e-05, 2.18273635255e-05, 6.4914340328e-05, 0.000121766628581, 0.000192573585082, 0.000211163729546, 0.000170540544786, 0.000179428418051, 0.000223631039262, 0.000227010517847, 0.000197189598111, 0.000214910978684, 0.000262384506641, 0.000305438938085, 0.000316352030495, 0.0002690787951, 0.000308359827613, 0.000299601786537, 0.000290378462523, 0.000223541908781, 0.000215301435674, 0.000169583203387, 0.000159215473104, 0.000192782565136, 0.000234453051235, 0.000262534915237, 0.000250513083301, 0.000255586986896, 0.00023716542637, 0.000305204419419, 0.000345169653883, 0.000319054757711, 0.000294386496535, 0.000269360316452, 0.000258970976574, 0.000221737587708, 0.000191623636056, 0.000197201123228, 0.000198224908672, 0.000191354047274, 0.000189164784388, 0.000173011270817, 0.000175931490958, 0.000169117978658, 0.000155827379785, 0.000166231780895, 0.000153534492711, 0.000146983104059, 0.000127495717607, 0.000121638739074, 0.000109303146019, 0.000101997196907, 0.000103889164166, 8.74322868185e-05, 8.14841405372e-05, 7.27893275325e-05, 7.08959923941e-05, 6.73066897434e-05, 5.887223233e-05, 4.90070706292e-05, 5.66649614484e-05, 4.61463205284e-05, 3.96605719288e-05, 2.93907778541e-05, 2.29311190196e-05, 1.96722903638e-05, 1.96094861167e-05, 1.6308409613e-05, 1.51384383571e-05, 1.58824168466e-05, 1.41494892887e-05, 1.47746568473e-05, 1.21612220028e-05, 1.15590109999e-05, 1.21371485875e-05, 1.040002644e-05, 1.1102127246e-05, 1.01712012111e-05, 1.00624201878e-05, 9.45025749388e-06, 1.0334459148e-05, 1.07319128801e-05, 1.00157549241e-05, 8.6691488832e-06, 9.03420732357e-06, 8.92770731298e-06, 9.52526534093e-06, 8.67038397701e-06, 8.71851079864e-06, 8.18885928311e-06, 7.72735620558e-06, 6.03843272984e-06, 5.4135616665e-06, 4.78675065096e-06, 4.26979113399e-06, 1.00333591035e-06, 2.39907578248e-08, 2.37076380749e-09, 6.21148465996e-10, 2.45551745603e-10, 2.25368043671e-10, 2.15228099232e-10, 2.08469241869e-10, 2.04617822686e-10, 1.9739193613e-10, 1.89467469491e-10, 1.81222675755e-10, 1.74287570487e-10, 2.67763117234e-10, 2.79048562035e-09, 2.09172812404e-09, 3.15972414899e-10, 1.47191689392e-10, 1.43397668739e-10, 1.38750524958e-10, 1.34870226098e-10, 1.31402402848e-10, 1.28250493558e-10, 1.24896912257e-10, 1.22304957828e-10, 1.19719442693e-10, 1.17720971859e-10, 1.15613692231e-10, 1.13995847484e-10, 1.12787487683e-10, 1.11941705905e-10, 1.11366763034e-10]
    },
    "mfcc": {
        "mean": [-611.860656738, 98.9620361328, -62.1455345154, 14.2404203415, -40.0066299438, 26.1209125519, -42.8896751404, 22.9417762756, -34.5430984497, 16.8543872833, -29.9429397583, 13.9067564011, -20.861951828],
        "cov": [[10043.1162109, 312.467498779, -1970.71520996, -490.677032471, -867.798400879, 229.888687134, -676.02154541, 299.272094727, -526.148254395, 152.148010254, -483.799743652, 223.173660278, -346.627624512], [312.467498779, 388.587463379, 219.497360229, 168.461593628, 49.0060539246, 66.7168197632, -4.40739965439, 16.4738388062, -3.53213453293, 34.7300643921, -9.44480323792, 2.83213853836, 5.18599128723], [-1970.71520996, 219.497360229, 793.054626465, 315.1355896, 251.923217773, 7.04105186462, 169.349838257, -38.980594635, 118.515777588, 9.27138328552, 104.661781311, -48.6162452698, 67.9059371948], [-490.677032471, 168.461593628, 315.1355896, 247.365890503, 108.253005981, 13.2337293625, 55.3795204163, 1.87818181515, 29.4987697601, 11.5987091064, 32.4272651672, -13.6181211472, 19.4676589966], [-867.798400879, 49.0060539246, 251.923217773, 108.253005981, 164.620605469, 2.77435016632, 70.6690979004, -21.3659076691, 52.6510238647, -11.0629234314, 43.070766449, -17.2943878174, 33.3070144653], [229.888687134, 66.7168197632, 7.04105186462, 13.2337293625, 2.77435016632, 80.5014190674, -0.169588521123, 11.4949932098, 1.43581902981, 10.8334341049, -14.1228141785, 4.95113372803, 1.1186978817], [-676.02154541, -4.40739965439, 169.349838257, 55.3795204163, 70.6690979004, -0.169588521123, 102.993782043, -8.82822036743, 46.7836494446, -5.71896743774, 31.506816864, -16.4593467712, 23.2694168091], [299.272094727, 16.4738388062, -38.980594635, 1.87818181515, -21.3659076691, 11.4949932098, -8.82822036743, 57.5871124268, -5.98162889481, 7.49207830429, -12.2949228287, 5.06594562531, -9.9420375824], [-526.148254395, -3.53213453293, 118.515777588, 29.4987697601, 52.6510238647, 1.43581902981, 46.7836494446, -5.98162889481, 70.7456207275, 0.0505317188799, 24.2080574036, -7.05637121201, 21.4123973846], [152.148010254, 34.7300643921, 9.27138328552, 11.5987091064, -11.0629234314, 10.8334341049, -5.71896743774, 7.49207830429, 0.0505317188799, 46.8786087036, 1.93466281891, 5.54865884781, -1.50516593456], [-483.799743652, -9.44480323792, 104.661781311, 32.4272651672, 43.070766449, -14.1228141785, 31.506816864, -12.2949228287, 24.2080574036, 1.93466281891, 56.2610588074, -2.39081144333, 17.6421432495], [223.173660278, 2.83213853836, -48.6162452698, -13.6181211472, -17.2943878174, 4.95113372803, -16.4593467712, 5.06594562531, -7.05637121201, 5.54865884781, -2.39081144333, 36.6953086853, 0.296724408865], [-346.627624512, 5.18599128723, 67.9059371948, 19.4676589966, 33.3070144653, 1.1186978817, 23.2694168091, -9.9420375824, 21.4123973846, -1.50516593456, 17.6421432495, 0.296724408865, 42.5454216003]],
        "icov": [[0.000936586759053, -0.00099336670246, 0.00136130547617, -0.000503610935993, 0.000973388843704, -0.00105332862586, 0.000916772347409, -0.00149072729982, 0.00169736112002, -0.00139318080619, 0.00227303430438, -0.00211914046668, 0.00239395792596], [-0.00099336670246, 0.0064585218206, -0.00311840581708, -0.00192958815023, -0.000857577135321, -0.00199860800058, 0.00151072605513, 0.00103674712591, -0.000345813605236, -0.000411597022321, 6.53176466585e-05, 0.0011177000124, -0.00275576789863], [0.00136130547617, -0.00311840581708, 0.00749007146806, -0.00407312717289, -0.000751186453272, -0.000869271403644, -0.0015712758759, -0.000523426453583, -0.000147431477671, -0.00256079155952, 1.50870573634e-05, -0.000158093476784, 0.00270643038675], [-0.000503610935993, -0.00192958815023, -0.00407312717289, 0.010995500721, -0.00305465306155, 0.00167227350175, -0.000916017859709, -0.00172597623896, 0.00158888543956, 0.000209791745874, -0.00111072917935, 0.000261921028141, -0.000286466645775], [0.000973388843704, -0.000857577135321, -0.000751186453272, -0.00305465306155, 0.0155821908265, -0.00236748019233, -0.000866301066708, 0.000511122401804, -0.0012739560334, 0.00258720736019, -0.000103689038951, -0.00142039870843, -0.000125903607113], [-0.00105332862586, -0.00199860800058, -0.000869271403644, 0.00167227350175, -0.00236748019233, 0.0173979997635, -0.00291923480108, -3.37420242431e-05, -0.00315884384327, -0.000567853683606, 0.00169728626497, 0.000881688727532, -0.0038714450784], [0.000916772347409, 0.00151072605513, -0.0015712758759, -0.000916017859709, -0.000866301066708, -0.00291923480108, 0.0206319969147, -0.00299094896764, -0.00359183340333, -0.000214232044527, 0.000757697154768, 0.00092622207012, 0.00046326321899], [-0.00149072729982, 0.00103674712591, -0.000523426453583, -0.00172597623896, 0.000511122401804, -3.37420242431e-05, -0.00299094896764, 0.0229251366109, -0.0047333384864, 0.000491674058139, -0.00201299949549, 0.00228230375797, -0.000834325677715], [0.00169736112002, -0.000345813605236, -0.000147431477671, 0.00158888543956, -0.0012739560334, -0.00315884384327, -0.00359183340333, -0.0047333384864, 0.0278109610081, -0.00445811031386, 0.00306067964993, -0.00481178052723, -7.2091614129e-05], [-0.00139318080619, -0.000411597022321, -0.00256079155952, 0.000209791745874, 0.00258720736019, -0.000567853683606, -0.000214232044527, 0.000491674058139, -0.00445811031386, 0.0273676030338, -0.00740698724985, 0.000866601942107, -0.00281030475162], [0.00227303430438, 6.53176466585e-05, 1.50870573634e-05, -0.00111072917935, -0.000103689038951, 0.00169728626497, 0.000757697154768, -0.00201299949549, 0.00306067964993, -0.00740698724985, 0.0355833284557, -0.00986800715327, 0.00165807688609], [-0.00211914046668, 0.0011177000124, -0.000158093476784, 0.000261921028141, -0.00142039870843, 0.000881688727532, 0.00092622207012, 0.00228230375797, -0.00481178052723, 0.000866601942107, -0.00986800715327, 0.037633664906, -0.00987155362964], [0.00239395792596, -0.00275576789863, 0.00270643038675, -0.000286466645775, -0.000125903607113, -0.0038714450784, 0.00046326321899, -0.000834325677715, -7.2091614129e-05, -0.00281030475162, 0.00165807688609, -0.00987155362964, 0.0382259227335]]
    },
    "spectral_contrast_coeffs": {
        "max": [-0.510469913483, -0.641589939594, -0.698293149471, -0.728654503822, -0.667131125927, -0.446899533272],
        "mean": [-0.672570645809, -0.82685905695, -0.820949733257, -0.82467508316, -0.805131196976, -0.579499542713],
        "min": [-0.969858586788, -0.971064507961, -0.96786904335, -0.973366737366, -0.965018391609, -0.963536858559],
        "stdev": [0.0663446262479, 0.0413757003844, 0.0362455397844, 0.0312164872885, 0.0372326001525, 0.0561755150557]
    },
    "spectral_contrast_valleys": {
        "max": [-6.21450662613, -4.78252220154, -4.91135311127, -5.19577026367, -5.61790037155, -9.99229049683],
        "mean": [-8.02381420135, -6.32145404816, -6.37388420105, -6.49493694305, -6.88404607773, -11.4182548523],
        "min": [-27.6308937073, -27.4075145721, -27.6105098724, -27.2913913727, -27.3105506897, -27.2912578583],
        "stdev": [2.11158442497, 2.22771453857, 2.32430768013, 2.30027675629, 2.19810032845, 1.7689538002]
    }
},
"rhythm": {
    "beats_count": 22,
    "beats_loudness": {
        "max": 0.047211535275,
        "mean": 0.0250869467854,
        "min": 0.00131147797219,
        "stdev": 0.0127631733194
    },
    "bpm": 120.645561218,
    "bpm_histogram_first_peak_bpm": 120,
    "bpm_histogram_first_peak_weight": 0.461538493633,
    "bpm_histogram_second_peak_bpm": 94,
    "bpm_histogram_second_peak_spread": 0.5,
    "bpm_histogram_second_peak_weight": 0.142857149243,
    "danceability": 1.0517321825,
    "onset_rate": 2.35121417046,
    "beats_loudness_band_ratio": {
        "max": [0.452684998512, 0.488576591015, 0.313898414373, 0.518699407578, 0.517142355442, 0.313535064459],
        "mean": [0.0576659701765, 0.0962680578232, 0.15166246891, 0.339884966612, 0.277671396732, 0.112972594798],
        "min": [0.00368163920939, 0.019819771871, 0.0526608750224, 0.0193326286972, 0.0423742681742, 0.0530186742544],
        "stdev": [0.120833531022, 0.10522339493, 0.0654385238886, 0.131944552064, 0.126136615872, 0.0581407807767]
    },
    "beats_position": [0.615328788757, 1.25387752056, 1.89242625237, 2.53097510338, 3.15791368484, 3.78485250473, 4.41179132462, 5.01551008224, 5.61922883987, 6.10684776306, 6.59446716309, 7.08208608627, 7.58131504059, 8.08054447174, 8.57977294922, 9.0906124115, 9.58984088898, 10.1006803513, 10.5882987976, 11.0875282288, 11.5867567062, 12.0859861374],
