{
"metadata": {
    "version": {
        "essentia": "2.1-beta5",
        "essentia_git_sha": "Undefined",
        "extractor": "music 2.0"
    },
    "audio_properties": {
        "analysis": {
            "equal_loudness": 0,
            "length": 32.4963264465,
            "sample_rate": 44100,
            "start_time": 45.2556915283,
            "downmix": "mix"
        },
        "bit_rate": 192000,
        "length": 388.086761475,
        "lossless": 0,
        "number_channels": 1,
        "replay_gain": -15.3763618469,
        "sample_rate": 48000,
        "codec": "mp3",
        "md5_encoded": "a3ef67290d8b442526a46b16976b81c7"
    },
    "tags": {
        "file_name": "Germany_Im Wartesaal Zum Großen Glück_Walter Andreas Schwarz.mp3",
        "encoding": ["Lavf58.29.100"]
    }
},
"lowlevel": {
    "average_loudness": 0.409550458193,
    "barkbands_crest": {
        "max": 24.390953064,
        "mean": 10.5676765442,
        "min": 2.40928506851,
        "stdev": 4.8703122139
    },
    "barkbands_flatness_db": {
        "max": 0.443118423223,
        "mean": 0.235182091594,
        "min": 0.0761613622308,
        "stdev": 0.0701707303524
    },
    "barkbands_kurtosis": {
        "max": 215.100219727,
        "mean": 17.4488716125,
        "min": -1.84034371376,
        "stdev": 26.1537322998
    },
    "barkbands_skewness": {
        "max": 11.9673290253,
        "mean": 2.47685432434,
        "min": -1.17217803001,
        "stdev": 2.47121810913
    },
    "barkbands_spread": {
        "max": 57.8366165161,
        "mean": 11.7747964859,
        "min": 0.572575449944,
        "stdev": 10.4204130173
    },
    "dissonance": {
        "max": 0.49998486042,
        "mean": 0.454811692238,
        "min": 0.214497372508,
        "stdev": 0.0530793219805
    },
    "dynamic_complexity": 8.85964679718,
    "erbbands_crest": {
        "max": 27.4442958832,
        "mean": 9.475066185,
        "min": 2.56228327751,
        "stdev": 4.77879953384
    },
    "erbbands_flatness_db": {
        "max": 0.373214811087,
        "mean": 0.215578258038,
        "min": 0.0693356096745,
        "stdev": 0.0576990321279
    },
    "erbbands_kurtosis": {
        "max": 33.84532547,
        "mean": 1.9587239027,
        "min": -1.74454498291,
        "stdev": 4.04787826538
    },
    "erbbands_skewness": {
        "max": 4.42849779129,
        "mean": 0.600965499878,
        "min": -2.66716647148,
        "stdev": 1.08166837692
    },
    "erbbands_spread": {
        "max": 110.167755127,
        "mean": 34.5448112488,
        "min": 2.94005298615,
        "stdev": 23.5662937164
    },
    "hfc": {
        "max": 81.608291626,
        "mean": 6.35419893265,
        "min": 0.0166443549097,
        "stdev": 10.5585832596
    },
    "loudness_ebu128": {
        "integrated": -13.6884670258,
        "loudness_range": 14.8541793823,
        "momentary": {
            "max": -6.97900295258,
            "mean": -19.6686458588,
            "min": -35.4272842407,
            "stdev": 7.59228515625
        },
        "short_term": {
            "max": -10.6309518814,
            "mean": -17.902053833,
            "min": -34.2790985107,
            "stdev": 5.85775327682
        }
    },
    "melbands_crest": {
        "max": 30.0800933838,
        "mean": 15.1442928314,
        "min": 2.95918488503,
        "stdev": 6.72449016571
    },
    "melbands_flatness_db": {
        "max": 0.55235272646,
        "mean": 0.290461540222,
        "min": 0.114130660892,
        "stdev": 0.0987284481525
    },
    "melbands_kurtosis": {
        "max": 372.899261475,
        "mean": 40.1848373413,
        "min": -1.49556052685,
        "stdev": 58.253528595
    },
    "melbands_skewness": {
        "max": 14.9113969803,
        "mean": 3.60898637772,
        "min": -0.697676241398,
        "stdev": 3.22665953636
    },
    "melbands_spread": {
        "max": 76.6700210571,
        "mean": 15.569149971,
        "min": 0.483968853951,
        "stdev": 16.6983737946
    },
    "pitch_salience": {
        "max": 0.85340321064,
        "mean": 0.56026661396,
        "min": 0.0843685418367,
        "stdev": 0.166466876864
    },
    "silence_rate_20dB": {
        "max": 1,
        "mean": 1,
        "min": 1,
        "stdev": 0
    },
    "silence_rate_30dB": {
        "max": 1,
        "mean": 0.986438274384,
        "min": 0,
        "stdev": 0.115660220385
    },
    "silence_rate_60dB": {
        "max": 1,
        "mean": 0.481084942818,
        "min": 0,
        "stdev": 0.499645411968
    },
    "spectral_centroid": {
        "max": 2971.43115234,
        "mean": 929.118041992,
        "min": 149.050933838,
        "stdev": 639.203979492
    },
    "spectral_complexity": {
        "max": 37,
        "mean": 9.05781555176,
        "min": 0,
        "stdev": 9.58959579468
    },
    "spectral_decrease": {
        "max": -1.20049595265e-11,
        "mean": -3.61885255096e-09,
        "min": -4.76662300741e-08,
        "stdev": 6.47322506708e-09
    },
    "spectral_energy": {
        "max": 0.186332136393,
        "mean": 0.0142347365618,
        "min": 4.6819121053e-05,
        "stdev": 0.025248715654
    },
    "spectral_energyband_high": {
        "max": 0.00057100574486,
        "mean": 3.33652969857e-05,
        "min": 6.03880437211e-07,
        "stdev": 6.18877820671e-05
    },
    "spectral_energyband_low": {
        "max": 0.126916766167,
        "mean": 0.00507180718705,
        "min": 2.37163130805e-05,
        "stdev": 0.0097779976204
    },
    "spectral_energyband_middle_high": {
        "max": 0.0352576076984,
        "mean": 0.0017333291471,
        "min": 1.26070597162e-06,
        "stdev": 0.00336942146532
    },
    "spectral_energyband_middle_low": {
        "max": 0.16600471735,
        "mean": 0.00819288380444,
        "min": 8.50234846439e-06,
        "stdev": 0.0201321858913
    },
    "spectral_entropy": {
        "max": 8.40389919281,
        "mean": 7.10715818405,
        "min": 5.06411552429,
        "stdev": 0.618383407593
    },
    "spectral_flux": {
        "max": 0.369902074337,
        "mean": 0.0535942949355,
        "min": 0.00333732319996,
        "stdev": 0.0521783307195
    },
    "spectral_kurtosis": {
        "max": 84.9595794678,
        "mean": 7.7375164032,
        "min": -0.95249247551,
        "stdev": 9.03144931793
    },
    "spectral_rms": {
        "max": 0.0134828574955,
        "mean": 0.00275013642386,
        "min": 0.000213722232729,
        "stdev": 0.00251481309533
    },
    "spectral_rolloff": {
        "max": 3617.578125,
        "mean": 814.312438965,
        "min": 86.1328125,
        "stdev": 807.10559082
    },
    "spectral_skewness": {
        "max": 7.57991027832,
        "mean": 1.776907444,
        "min": 0.0549493543804,
        "stdev": 0.970049262047
    },
    "spectral_spread": {
        "max": 21452742,
        "mean": 3053441.25,
        "min": 1046660.5625,
        "stdev": 1200062.625
    },
    "spectral_strongpeak": {
        "max": 10.4416971207,
        "mean": 0.475290089846,
        "min": 0.00624910043553,
        "stdev": 0.853655815125
    },
    "zerocrossingrate": {
        "max": 0.0947265625,
        "mean": 0.0325161851943,
        "min": 0.0029296875,
        "stdev": 0.022756351158
    },
    "barkbands": {
        "max": [0.00193185685202, 0.0822040736675, 0.0433816574514, 0.0387809500098, 0.0419046096504, 0.0646494179964, 0.114898428321, 0.0891446918249, 0.0570551678538, 0.0240844190121, 0.00436415942386, 0.00416065333411, 0.00782126653939, 0.0314455777407, 0.00672998372465, 0.00364998099394, 0.0018864935264, 0.000655452546198, 0.00103674421553, 0.000696217874065, 0.000245813367656, 0.000162764132256, 5.7240958995e-05, 1.25533479149e-05, 4.76035484098e-06, 2.17700380745e-06, 2.31716194321e-06],
        "mean": [3.28372625518e-05, 0.00161332811695, 0.00271461810917, 0.00116329162847, 0.00146236584987, 0.00221387227066, 0.00192035362124, 0.00072543421993, 0.000572628283408, 0.000306443398586, 0.000145132056787, 0.000184815333341, 0.000231517740758, 0.000316256278893, 0.000224457442528, 0.000161688367371, 0.000109823471576, 4.34066278103e-05, 4.94427295052e-05, 2.09110403375e-05, 1.35278824018e-05, 5.86631495025e-06, 1.92719949155e-06, 6.15588874098e-07, 1.6757935839e-07, 7.66828289755e-09, 6.06626393562e-09],
        "min": [5.47632694747e-08, 1.26384829855e-05, 3.04773948301e-06, 6.93280242103e-07, 1.84805492154e-06, 2.91477476821e-07, 1.70654004705e-07, 6.30913774557e-08, 8.74297469977e-08, 7.16262107403e-08, 1.98026324227e-08, 3.66111514438e-08, 3.49947626432e-08, 2.54976804115e-08, 5.80268313399e-08, 7.31876852456e-08, 3.1520052346e-08, 7.38897441011e-08, 7.48525863514e-08, 9.11941384629e-08, 8.54739141687e-08, 8.09677587199e-08, 7.3458835459e-08, 7.65759295973e-08, 2.78264700171e-08, 7.95675764859e-12, 1.00110380055e-11],
        "stdev": [9.81434714049e-05, 0.00419759983197, 0.00576821761206, 0.00412354897708, 0.00386758893728, 0.00662613753229, 0.0079213026911, 0.0039512696676, 0.00331996474415, 0.00108572817408, 0.000329140311806, 0.000431357388152, 0.000606142391916, 0.00140133348759, 0.000497756351251, 0.000375103525585, 0.000213190462091, 8.86825655471e-05, 9.89774853224e-05, 4.25369144068e-05, 2.58714699157e-05, 1.31753458845e-05, 3.93687651012e-06, 9.11932261261e-07, 2.58695223465e-07, 8.58487396727e-08, 8.86073650008e-08]
    },
    "erbbands": {
        "max": [1.60311055183, 23.8190135956, 67.7030258179, 102.872718811, 113.671401978, 225.976318359, 540.67590332, 817.29095459, 2127.21313477, 1203.40100098, 1173.90869141, 1757.7052002, 833.47668457, 351.477722168, 221.866653442, 136.906417847, 325.363769531, 1195.36767578, 531.157958984, 273.807098389, 202.029937744, 99.5539703369, 39.0727157593, 39.6195297241, 52.8280448914, 34.2203559875, 13.5004882812, 8.52316665649, 6.60989427567, 2.65132880211, 1.48970377445, 0.343949884176, 0.249013572931, 0.0890130251646, 0.0183168705553, 0.0087012257427, 0.00403919816017, 0.00143734551966, 0.000344764062902, 0.00020769238472],
        "mean": [0.0195801649243, 0.481055051088, 2.81218242645, 3.8823697567, 3.54860901833, 4.87025260925, 9.58587360382, 21.6883735657, 31.6334514618, 19.0592556, 14.8098611832, 13.7869348526, 11.9877986908, 6.60996866226, 6.5955119133, 7.78240060806, 10.5746307373, 14.8395080566, 13.149928093, 11.2642641068, 8.28314781189, 5.9755449295, 2.71479725838, 2.48923993111, 1.93662762642, 1.01944816113, 0.692838251591, 0.435605168343, 0.23156619072, 0.113061875105, 0.0484967976809, 0.0183976124972, 0.00824742019176, 0.00355651928112, 0.000325059780153, 5.08481753059e-05, 1.85467924894e-05, 5.43643318451e-06, 7.84632266004e-06, 1.61272746482e-05],
        "min": [0.00021337060025, 0.00199270946905, 0.00381032540463, 0.00611127726734, 0.00583792338148, 0.00313256541267, 0.0032025296241, 0.00235147913918, 0.00269694719464, 0.00187320658006, 0.00203018076718, 0.00194057321642, 0.00207411102019, 0.00213101040572, 0.00137250660919, 0.0021152170375, 0.00268313684501, 0.00200844672509, 0.00258550234139, 0.00374611490406, 0.0039687412791, 0.00259680813178, 0.00350634683855, 0.00437099067494, 0.00430371798575, 0.00429551303387, 0.00413927156478, 0.00365246250294, 0.00295886257663, 0.00270808441564, 0.00205142400227, 0.00163854227867, 0.00128944660537, 0.000744988210499, 3.2421459764e-05, 1.40116503644e-06, 1.91452230069e-07, 3.55589300227e-08, 3.22751567694e-08, 5.45894245363e-08],
        "stdev": [0.0581330396235, 1.20185208321, 5.8401260376, 11.1349086761, 10.9776449203, 14.9842796326, 38.2702674866, 70.5606994629, 132.353485107, 74.4769134521, 77.818397522, 84.1246643066, 46.1278839111, 17.9759197235, 15.4114265442, 17.4909687042, 26.4437923431, 56.4821510315, 31.6522960663, 26.0391674042, 18.1837444305, 11.4390592575, 5.25494146347, 4.36015558243, 3.95441317558, 2.05872964859, 1.34613609314, 0.859887599945, 0.52205747366, 0.239654287696, 0.100306563079, 0.0306494310498, 0.0119448080659, 0.00462342519313, 0.00108761200681, 0.000363750034012, 0.000158776776516, 5.57521816518e-05, 1.83574829862e-05, 2.82075034193e-05]
    },
    "gfcc": {
        "mean": [-173.013214111, 162.091873169, -132.602035522, 58.8483963013, -49.8967018127, 7.53632164001, -27.1102256775, -8.02679634094, 0.756953060627, -15.9936332703, 4.75766897202, -22.6524353027, 6.21128892899],
        "cov": [[9238.4140625, 1051.11499023, -2596.15820312, -1839.86608887, 62.5452384949, -1192.91870117, 205.459869385, -568.051269531, 167.117340088, 73.0037841797, -247.045150757, 201.070358276, -213.08001709], [1051.11499023, 599.813720703, 293.139404297, -382.07144165, -11.1822891235, -330.491638184, -59.0182418823, -78.988319397, 55.4077415466, -0.528462707996, -12.7454395294, 35.6386413574, -20.0449447632], [-2596.15820312, 293.139404297, 2138.17016602, 434.905273438, -65.5696563721, -58.4080352783, -258.177062988, 160.411651611, -5.31611394882, -18.5409030914, 43.5220298767, -23.6898040771, 14.3512029648], [-1839.86608887, -382.07144165, 434.905273438, 677.934814453, 93.0776367188, 234.491256714, -7.76291704178, 112.479240417, -27.1698932648, -15.7786397934, 60.376701355, -55.5681266785, 43.9385795593], [62.5452384949, -11.1822891235, -65.5696563721, 93.0776367188, 208.72479248, 34.7342185974, 45.803478241, 11.1673774719, -2.67667245865, -11.7966604233, 23.0729598999, -11.5116586685, 6.88489961624], [-1192.91870117, -330.491638184, -58.4080352783, 234.491256714, 34.7342185974, 441.538757324, 119.269096375, 81.4016342163, -36.4543075562, -17.6900863647, 38.8289527893, -33.8143615723, 27.3958950043], [205.459869385, -59.0182418823, -258.177062988, -7.76291704178, 45.803478241, 119.269096375, 191.993484497, 27.8623123169, -12.471411705, -6.15333843231, 14.5609807968, -22.2072257996, -10.8573560715], [-568.051269531, -78.988319397, 160.411651611, 112.479240417, 11.1673774719, 81.4016342163, 27.8623123169, 98.8993377686, 3.20806527138, -0.102941319346, 14.0617761612, -22.2774581909, 8.83964538574], [167.117340088, 55.4077415466, -5.31611394882, -27.1698932648, -2.67667245865, -36.4543075562, -12.471411705, 3.20806527138, 81.5988693237, 25.8043498993, -5.45664978027, 7.30623197556, 6.39913082123], [73.0037841797, -0.528462707996, -18.5409030914, -15.7786397934, -11.7966604233, -17.6900863647, -6.15333843231, -0.102941319346, 25.8043498993, 53.7352676392, 10.3411045074, -6.27805042267, -5.31336784363], [-247.045150757, -12.7454395294, 43.5220298767, 60.376701355, 23.0729598999, 38.8289527893, 14.5609807968, 14.0617761612, -5.45664978027, 10.3411045074, 63.2906570435, 13.7289428711, 9.29783248901], [201.070358276, 35.6386413574, -23.6898040771, -55.5681266785, -11.5116586685, -33.8143615723, -22.2072257996, -22.2774581909, 7.30623197556, -6.27805042267, 13.7289428711, 62.9374389648, 14.4282836914], [-213.08001709, -20.0449447632, 14.3512029648, 43.9385795593, 6.88489961624, 27.3958950043, -10.8573560715, 8.83964538574, 6.39913082123, -5.31336784363, 9.29783248901, 14.4282836914, 48.104347229]],
        "icov": [[0.00164061074611, -0.000283411151031, 0.00109083903953, 0.00134268868715, -0.00157709792256, 0.00310992798768, -0.00289187440649, 0.00275427382439, -0.00114487367682, -0.0013243376743, 0.00345974648371, -0.00366507284343, 0.00332954875194], [-0.000283411151031, 0.0130282016471, -0.00445407768711, 0.00841940939426, -0.00276963924989, 0.00532365450636, -0.00401444686577, 0.00734751857817, -0.0077763418667, 0.00801570061594, -0.00926021207124, 0.00785834155977, -0.00572710856795], [0.00109083903953, -0.00445407768711, 0.0029566003941, -0.00231241621077, 0.000252507801633, 0.000436249363702, 0.000747680605855, -0.00218352745287, 0.00183958944399, -0.00273642013781, 0.00443411897868, -0.00459780124947, 0.00446646939963], [0.00134268868715, 0.00841940939426, -0.00231241621077, 0.00978423468769, -0.0042809266597, 0.0053372127004, -0.00429661758244, 0.00644992990419, -0.00606861850247, 0.00479305395856, -0.00486388104036, 0.00435710232705, -0.00240316055715], [-0.00157709792256, -0.00276963924989, 0.000252507801633, -0.0042809266597, 0.00813679583371, -0.00368544459343, 0.00263875955716, -0.00404720753431, 0.00199912348762, 0.00170071120374, -0.00367121770978, 0.00320883141831, -0.00236236699857], [0.00310992798768, 0.00532365450636, 0.000436249363702, 0.0053372127004, -0.00368544459343, 0.012557990849, -0.00944286771119, 0.00710820266977, -0.00472375564277, 0.00162233004812, 0.00169240566902, -0.0030046554748, 0.00230847881176], [-0.00289187440649, -0.00401444686577, 0.000747680605855, -0.00429661758244, 0.00263875955716, -0.00944286771119, 0.0162259209901, -0.0109249418601, 0.00457912031561, 0.00180786184501, -0.00611608149484, 0.00654900632799, -0.0013026392553], [0.00275427382439, 0.00734751857817, -0.00218352745287, 0.00644992990419, -0.00404720753431, 0.00710820266977, -0.0109249418601, 0.0264232680202, -0.00927420705557, 0.00247049378231, -0.000298497005133, 0.00182065903209, 0.000249820150202], [-0.00114487367682, -0.0077763418667, 0.00183958944399, -0.00606861850247, 0.00199912348762, -0.00472375564277, 0.00457912031561, -0.00927420705557, 0.022361420095, -0.013288483955, 0.00729049555957, -0.00540400436148, -0.00240622414276], [-0.0013243376743, 0.00801570061594, -0.00273642013781, 0.00479305395856, 0.00170071120374, 0.00162233004812, 0.00180786184501, 0.00247049378231, -0.013288483955, 0.0334585867822, -0.0183000192046, 0.0151103306562, -0.00283263111487], [0.00345974648371, -0.00926021207124, 0.00443411897868, -0.00486388104036, -0.00367121770978, 0.00169240566902, -0.00611608149484, -0.000298497005133, 0.00729049555957, -0.0183000192046, 0.0381486192346, -0.0236431565136, 0.00954898633063], [-0.00366507284343, 0.00785834155977, -0.00459780124947, 0.00435710232705, 0.00320883141831, -0.0030046554748, 0.00654900632799, 0.00182065903209, -0.00540400436148, 0.0151103306562, -0.0236431565136, 0.0385603606701, -0.0177805759013], [0.00332954875194, -0.00572710856795, 0.00446646939963, -0.00240316055715, -0.00236236699857, 0.00230847881176, -0.0013026392553, 0.000249820150202, -0.00240622414276, -0.00283263111487, 0.00954898633063, -0.0177805759013, 0.0361906699836]]
    },
    "melbands": {
        "max": [0.0160749033093, 0.0344764776528, 0.0140371425077, 0.00835048034787, 0.0159341357648, 0.0157954152673, 0.027086680755, 0.0171077679843, 0.0105935065076, 0.0114147625864, 0.00390424160287, 0.00189933448564, 0.000701980607118, 0.000535755476449, 0.000647752836812, 0.000695664028171, 0.0028590306174, 0.00141675514169, 0.000549671356566, 0.000327134388499, 0.000248609372647, 0.000126917351736, 5.00283713336e-05, 3.05852408928e-05, 3.55365627911e-05, 6.91109744366e-05, 1.34833480843e-05, 2.57897772826e-05, 1.17061817946e-05, 5.98093220106e-06, 5.55571068617e-06, 4.68512871521e-06, 2.8363367619e-06, 1.53197231612e-06, 1.07048140308e-06, 6.17174976014e-07, 1.43768858152e-07, 2.09985913102e-07, 1.07839689178e-07, 6.46998330467e-08],
        "mean": [0.000303845590679, 0.00118537538219, 0.000657701457385, 0.000282346853055, 0.000319763261359, 0.000489675148856, 0.000457601330709, 0.000192937615793, 0.000111830260721, 8.62761880853e-05, 5.90911804466e-05, 2.70700020337e-05, 2.08121891774e-05, 2.101944483e-05, 2.19274497795e-05, 2.26775700867e-05, 2.92793374683e-05, 2.27009477385e-05, 1.68874012161e-05, 1.28546062115e-05, 9.07445792109e-06, 6.8862268563e-06, 3.18473325933e-06, 1.92344032257e-06, 2.00421686714e-06, 1.99553551283e-06, 7.61399974181e-07, 6.51452239708e-07, 4.56863489262e-07, 3.37267977102e-07, 2.22448932163e-07, 1.38078789291e-07, 8.99674574839e-08, 5.10866016157e-08, 2.96987145987e-08, 1.67468741097e-08, 8.88972540025e-09, 6.04628569434e-09, 4.31253166511e-09, 2.47993248159e-09],
        "min": [3.24308075506e-06, 2.49269214692e-06, 1.50374432906e-06, 4.37813810095e-07, 1.42360605082e-07, 6.07595040947e-08, 3.91701000524e-08, 2.11007105122e-08, 8.22526224908e-09, 1.2426309759e-08, 9.69895364022e-09, 6.89135726262e-09, 3.31822302968e-09, 5.4734985433e-09, 3.92479204692e-09, 4.41059722078e-09, 2.69352185001e-09, 2.98141533683e-09, 5.0393054174e-09, 4.58150761773e-09, 3.66082719694e-09, 2.12317963211e-09, 3.41017436511e-09, 2.93345148172e-09, 3.02966518539e-09, 2.2603496852e-09, 2.28044294559e-09, 2.03454786352e-09, 2.19819318303e-09, 2.08481942821e-09, 1.71986225261e-09, 1.42065592623e-09, 9.76230651872e-10, 1.24040411276e-09, 9.54989087809e-10, 7.72231223412e-10, 7.75941311204e-10, 8.27709401019e-10, 6.30005436708e-10, 4.13495321316e-10],
        "stdev": [0.000801653484814, 0.00240545975976, 0.00170004623942, 0.000714792811777, 0.00117167399731, 0.00152910861652, 0.00183996697888, 0.000822617788799, 0.000607971451245, 0.000550235679839, 0.000228160788538, 8.51230070111e-05, 4.78977781313e-05, 4.99269226566e-05, 5.4298699979e-05, 5.93009026488e-05, 0.000129765452584, 6.88017316861e-05, 3.95123461203e-05, 3.09342576656e-05, 2.01975526579e-05, 1.35731670525e-05, 6.1779041971e-06, 3.99048803956e-06, 3.69806934941e-06, 5.00932355862e-06, 1.41273562804e-06, 1.45966782839e-06, 9.55832774707e-07, 6.63598882511e-07, 4.64873636474e-07, 3.21937108083e-07, 2.05342402637e-07, 1.08170524982e-07, 6.32602521478e-08, 3.39652466153e-08, 1.40072549115e-08, 9.50318579385e-09, 5.23864684965e-09, 3.59179774811e-09]
    },
    "melbands128": {
        "max": [0.000955637020525, 0.00991479493678, 0.0269237589091, 0.0532002747059, 0.047407604754, 0.0262868795544, 0.026211084798, 0.0213675070554, 0.0143921710551, 0.0149997789413, 0.0165184773505, 0.0160040017217, 0.0270366668701, 0.0146704129875, 0.02587948367, 0.0260887797922, 0.0610016174614, 0.0345186516643, 0.0216307379305, 0.0153619218618, 0.035491168499, 0.0165370199829, 0.0201117731631, 0.0154526066035, 0.015723131597, 0.0174643788487, 0.00602262374014, 0.00368803157471, 0.00839208532125, 0.0023973248899, 0.000618907506578, 0.000796963227913, 0.000783710798714, 0.000936996832024, 0.000770994403865, 0.000645953521598, 0.000645480933599, 0.00114766263869, 0.00110412423965, 0.00140409602318, 0.00128062837757, 0.00074946670793, 0.000852288212627, 0.00854804273695, 0.00191560899839, 0.000402018398745, 0.000769848877098, 0.000589875970036, 0.000584441295359, 0.00058804883156, 0.000415175891249, 0.00028922400088, 0.000358731485903, 0.000247556250542, 0.000242902970058, 0.000185223150766, 0.000121316086734, 6.61221056362e-05, 5.82493375987e-05, 4.33542190876e-05, 3.42921121046e-05, 4.61340787297e-05, 7.89033074398e-05, 4.92575127282e-05, 6.77122079651e-05, 0.000147834754898, 3.92409383494e-05, 1.41355458254e-05, 1.31059223349e-05, 2.77064373222e-05, 2.52122954407e-05, 2.71593344223e-05, 2.24110208364e-05, 1.51600370373e-05, 1.10058199425e-05, 6.72576925353e-06, 8.32788646221e-06, 5.06587548443e-06, 8.09721041151e-06, 7.47674766899e-06, 3.86757983506e-06, 5.78649951422e-06, 3.898574505e-06, 2.95122231364e-06, 1.78402387974e-06, 2.3285485895e-06, 8.95197104001e-07, 1.63217760019e-06, 1.35561288062e-06, 8.20969717097e-07, 1.27688940665e-06, 3.42529517638e-07, 2.45207019134e-07, 1.55891640929e-07, 2.11548069728e-07, 2.49381827189e-07, 2.30931831879e-07, 1.37771962727e-07, 1.28648153463e-07, 6.76993892057e-08, 8.20032681759e-08, 7.49591535509e-08, 4.19916652561e-08, 2.19990816674e-08, 1.78317787203e-08, 1.70277534295e-08, 1.62768412082e-08, 1.56044546173e-08, 1.49461936161e-08, 1.43492009386e-08, 1.37794238242e-08, 1.32549660137e-08, 1.27708617015e-08, 1.23396048934e-08, 1.19058585213e-08, 1.15165166292e-08, 1.11610374276e-08, 1.0836143538e-08, 1.05303072928e-08, 1.02620303366e-08, 1.00168664474e-08, 9.78505987348e-09, 9.59707247006e-09, 9.43040401324e-09, 9.30866850268e-09, 9.19486708995e-09, 9.11407305182e-09, 9.06456598671e-09],
        "mean": [2.16244479816e-05, 8.98813887034e-05, 0.000296481768601, 0.00093435094459, 0.00144412007648, 0.00127116963267, 0.000834377191495, 0.000500373193063, 0.000339357065968, 0.000241265195655, 0.00025908506359, 0.000324571446981, 0.000332585826982, 0.000302926986478, 0.000471247651149, 0.000589347095229, 0.000633313669823, 0.000428683619248, 0.000263907277258, 0.000197149856831, 0.000167046615388, 0.000138441653689, 0.000110361070256, 7.78006287874e-05, 8.16552055767e-05, 0.000107231906441, 5.30858160346e-05, 6.65362676955e-05, 4.94134364999e-05, 2.66091101366e-05, 2.12724626181e-05, 2.12209033634e-05, 1.9407038053e-05, 2.17174092541e-05, 2.30478653975e-05, 1.98511643248e-05, 1.93661016965e-05, 2.10400339711e-05, 2.49060922215e-05, 2.34265753534e-05, 2.32056809182e-05, 1.90246373677e-05, 2.26717875194e-05, 4.6940993343e-05, 2.48849974014e-05, 1.78309346666e-05, 1.78886930371e-05, 1.70506173163e-05, 1.70800340129e-05, 1.45719159264e-05, 1.27324874484e-05, 1.05357721623e-05, 9.05695742404e-06, 8.5048695837e-06, 8.82498898136e-06, 7.03948990122e-06, 5.29966337126e-06, 3.39430357599e-06, 2.61732634499e-06, 2.22627113544e-06, 1.85529233931e-06, 1.7318651544e-06, 1.71592614606e-06, 2.04177490559e-06, 2.50174571192e-06, 2.62519552052e-06, 1.18977197872e-06, 7.90186675204e-07, 7.00391694863e-07, 6.54979373849e-07, 7.00300063272e-07, 6.31918680938e-07, 5.33480772447e-07, 4.03890993539e-07, 3.97409962716e-07, 3.69497001884e-07, 2.99142271842e-07, 2.55344474454e-07, 2.26010016036e-07, 1.773540248e-07, 1.42899864386e-07, 1.25091716541e-07, 1.09184412622e-07, 9.11090651812e-08, 7.03668945334e-08, 5.78457317602e-08, 4.51412205393e-08, 3.5005125909e-08, 3.01786293733e-08, 2.54419223467e-08, 1.84699793238e-08, 1.5384244989e-08, 1.14369935744e-08, 8.26026802514e-09, 7.91094301178e-09, 6.65052191096e-09, 5.70347191697e-09, 5.01178520906e-09, 4.28954249898e-09, 4.01382971305e-09, 3.77112163719e-09, 2.49017917398e-09, 5.27638321923e-10, 2.7682733883e-10, 1.58867738409e-10, 9.90598436612e-11, 8.15367287577e-11, 6.78727768433e-11, 5.92641144492e-11, 5.36541019946e-11, 4.84304610304e-11, 4.43171888076e-11, 3.97324603774e-11, 3.99677756169e-11, 3.75630637706e-11, 3.51375872842e-11, 3.31541981369e-11, 3.09581561775e-11, 3.02372640815e-11, 2.95967104991e-11, 2.86832918528e-11, 2.96677925282e-11, 2.63689729774e-11, 2.10176303445e-11, 1.74742338654e-11, 1.58624120783e-11, 1.53988436585e-11, 1.52789812052e-11],
        "min": [3.69602792816e-09, 7.35276728392e-08, 8.37978632262e-07, 2.08993424167e-06, 1.74360820893e-06, 1.70053999682e-06, 1.02415071979e-06, 3.40326266723e-07, 2.38763078642e-07, 1.36424972652e-07, 2.56819614464e-08, 1.45246135119e-08, 2.07523438434e-08, 3.70395412119e-08, 1.24900143561e-08, 7.14145009795e-09, 2.02610461741e-08, 1.49281085271e-08, 7.5558528323e-09, 5.45689005094e-09, 2.38519870521e-09, 4.85808415718e-09, 2.78923817376e-09, 4.11120160138e-09, 2.08938133461e-09, 3.23634341548e-09, 3.97944388553e-09, 4.42087433328e-09, 2.99499514078e-09, 1.73073355647e-09, 2.4132906784e-09, 2.71987343758e-09, 1.19912346719e-09, 1.67089020398e-09, 1.07170761154e-09, 1.34406952235e-09, 1.45209511082e-09, 2.10429673686e-09, 1.18341592081e-09, 1.84835746708e-09, 1.80737291799e-09, 1.34933664242e-09, 1.71759162448e-09, 2.45981524039e-09, 1.6723409324e-09, 1.45979328625e-09, 1.61103019813e-09, 1.57312418647e-09, 1.91455296061e-09, 7.65379148948e-10, 6.56919463271e-10, 2.23198060034e-09, 1.838829089e-09, 1.92376647945e-09, 6.05489547389e-10, 9.48535361367e-10, 7.96450128071e-10, 1.43165201916e-09, 1.59819235623e-09, 9.62292689977e-10, 1.0201335332e-09, 1.28581134629e-09, 1.40700662232e-09, 1.94257876451e-09, 1.0449738852e-09, 1.39974676294e-09, 8.45252368098e-10, 9.62198654086e-10, 1.35940125823e-09, 1.21278997955e-09, 7.27275739631e-10, 9.30152344036e-10, 1.04878339346e-09, 1.17725684756e-09, 3.03297248427e-10, 1.40255107528e-09, 5.11072240084e-10, 6.46218578648e-10, 7.487249154e-10, 5.18215637069e-10, 2.75004269357e-10, 3.82336579063e-10, 7.29733995453e-10, 4.75778416664e-10, 2.39335135044e-10, 4.57502147277e-10, 2.76000472477e-10, 1.43787259876e-10, 1.6012992321e-10, 2.73524730643e-10, 7.3880360163e-11, 3.5916647434e-10, 1.60336369182e-10, 1.38669437044e-10, 3.2632150454e-11, 2.82667639295e-10, 5.47107498194e-11, 1.14658185724e-10, 1.08691347589e-10, 1.24802217172e-11, 1.43100753469e-10, 2.99819956188e-12, 1.48250538907e-13, 5.35159380189e-14, 2.19135842962e-14, 2.75863401268e-14, 2.43400101235e-14, 2.91070099067e-14, 3.21466587887e-14, 3.69295014761e-14, 2.00313263156e-14, 2.97380054067e-14, 3.24798375044e-14, 3.51679643252e-14, 3.13372917025e-14, 3.66254335887e-14, 3.51827298035e-14, 3.08197681243e-14, 3.20658620099e-14, 2.41059850846e-14, 2.79557074782e-14, 2.34347860128e-14, 3.44705106202e-14, 2.92918223314e-14, 2.0411466232e-14, 8.86913206587e-15, 1.28956467527e-15, 2.56874239065e-17],
        "stdev": [4.94381602039e-05, 0.000338634388754, 0.00102008879185, 0.00250937766396, 0.00331338727847, 0.00291515421122, 0.00272228708491, 0.00192742771469, 0.00124934094492, 0.000794182298705, 0.000995651702397, 0.00134051649366, 0.00177820411045, 0.00119135284331, 0.00194891146384, 0.00225355220027, 0.00315568526275, 0.00230190902948, 0.00131855183281, 0.00100497785024, 0.00120402488392, 0.000939731311519, 0.000812902464531, 0.000644371961243, 0.000606287969276, 0.000923158077057, 0.000293341028737, 0.000256604515016, 0.000288337672828, 0.000110571643745, 5.13939012308e-05, 5.52077981411e-05, 4.99784582644e-05, 6.27003391855e-05, 6.56917036395e-05, 5.19185778103e-05, 4.7832087148e-05, 6.48261484457e-05, 7.31159816496e-05, 7.03243567841e-05, 7.34950954211e-05, 5.36682637176e-05, 6.37524208287e-05, 0.000364815437933, 8.93259420991e-05, 3.96107170673e-05, 4.53670327261e-05, 4.44120414613e-05, 4.68391081085e-05, 4.07624211221e-05, 3.48771500285e-05, 2.70016971626e-05, 2.4530241717e-05, 2.08596484299e-05, 2.01350867428e-05, 1.57124104589e-05, 1.11714862214e-05, 7.13843610356e-06, 5.97479629505e-06, 5.15699503012e-06, 4.14623309553e-06, 4.07968127547e-06, 4.12891859014e-06, 4.4741605052e-06, 6.28218595011e-06, 9.48543129198e-06, 2.60520346274e-06, 1.6138404817e-06, 1.50153857703e-06, 1.51760787048e-06, 1.69294901298e-06, 1.6095528963e-06, 1.32213051529e-06, 9.09754703571e-07, 8.86087889285e-07, 7.79724985023e-07, 6.55833048313e-07, 5.25648204075e-07, 5.17019941526e-07, 4.59246592754e-07, 3.2281459994e-07, 3.58979150406e-07, 2.70389421075e-07, 2.24960530204e-07, 1.58473667966e-07, 1.37447898396e-07, 9.75442304707e-08, 8.44791685495e-08, 6.80574885337e-08, 5.75565017868e-08, 4.8547644127e-08, 3.06805247874e-08, 2.09724202449e-08, 1.39778588704e-08, 1.42000553538e-08, 1.13424807324e-08, 1.04654924726e-08, 7.46298756127e-09, 5.91067506051e-09, 4.80961936944e-09, 4.77305395208e-09, 4.15636547402e-09, 2.67158850598e-09, 1.53319734686e-09, 1.01409014519e-09, 8.00325306027e-10, 7.65853491735e-10, 6.60705268274e-10, 6.01145466739e-10, 5.71872049715e-10, 5.4820065154e-10, 5.19001563948e-10, 4.93086849129e-10, 4.82575812644e-10, 4.65966931706e-10, 4.47983178331e-10, 4.306288659e-10, 4.17167189681e-10, 4.05790734348e-10, 3.94846405571e-10, 3.86295301302e-10, 3.81908976665e-10, 3.71242647734e-10, 3.58115231913e-10, 3.52254253544e-10, 3.47779027798e-10, 3.4470440391e-10, 3.42835121403e-10]
    },
    "mfcc": {
        "mean": [-798.482849121, 160.226348877, -2.41706037521, 40.8697929382, 11.6071557999, 11.7081422806, -2.3677482605, 1.21777069569, 2.49636268616, 4.61465883255, -0.123971410096, 0.565965414047, -1.41814756393],
        "cov": [[10259.1474609, 1466.34289551, -3344.29956055, -800.071533203, -1217.35461426, -220.46446228, -709.124389648, -315.130187988, -179.739425659, -172.957931519, -194.038131714, 11.7322416306, 12.7738494873], [1466.34289551, 1144.22912598, 98.4752426147, -110.054260254, -129.241714478, -264.313659668, -256.413299561, -162.478057861, -36.6458511353, -147.038513184, -85.584236145, 121.697273254, 55.03956604], [-3344.29956055, 98.4752426147, 1826.33837891, 421.079162598, 420.048309326, -115.81035614, 43.0489654541, 1.07212340832, 46.784324646, -51.6692199707, 17.2757911682, 108.765670776, 39.9051208496], [-800.071533203, -110.054260254, 421.079162598, 410.546966553, 204.530807495, -39.18800354, 19.3868961334, -8.83238983154, -2.92563700676, 32.5613174438, -0.558887481689, -34.9627609253, 9.22838020325], [-1217.35461426, -129.241714478, 420.048309326, 204.530807495, 299.598205566, 27.9883785248, 57.8942871094, 28.2381973267, 16.9486808777, 10.7581768036, 4.09057044983, 0.789501607418, 22.9722003937], [-220.46446228, -264.313659668, -115.81035614, -39.18800354, 27.9883785248, 176.034362793, 124.355728149, 74.7869338989, 19.7164134979, 46.3080482483, 38.1268424988, -19.1715755463, -10.7511034012], [-709.124389648, -256.413299561, 43.0489654541, 19.3868961334, 57.8942871094, 124.355728149, 246.884597778, 115.060722351, 10.5810527802, 78.9757003784, 57.4355201721, -61.1965446472, -31.8370723724], [-315.130187988, -162.478057861, 1.07212340832, -8.83238983154, 28.2381973267, 74.7869338989, 115.060722351, 117.967353821, 26.923532486, 30.6044807434, 29.6717910767, -22.8251094818, -10.3881807327], [-179.739425659, -36.6458511353, 46.784324646, -2.92563700676, 16.9486808777, 19.7164134979, 10.5810527802, 26.923532486, 67.611289978, 30.041847229, 12.5860452652, 6.07540178299, -5.44433546066], [-172.957931519, -147.038513184, -51.6692199707, 32.5613174438, 10.7581768036, 46.3080482483, 78.9757003784, 30.6044807434, 30.041847229, 118.072212219, 50.9863319397, -64.3725509644, -36.7864189148], [-194.038131714, -85.584236145, 17.2757911682, -0.558887481689, 4.09057044983, 38.1268424988, 57.4355201721, 29.6717910767, 12.5860452652, 50.9863319397, 69.2424240112, -4.18095445633, -18.1777706146], [11.7322416306, 121.697273254, 108.765670776, -34.9627609253, 0.789501607418, -19.1715755463, -61.1965446472, -22.8251094818, 6.07540178299, -64.3725509644, -4.18095445633, 124.212898254, 51.1136207581], [12.7738494873, 55.03956604, 39.9051208496, 9.22838020325, 22.9722003937, -10.7511034012, -31.8370723724, -10.3881807327, -5.44433546066, -36.7864189148, -18.1777706146, 51.1136207581, 64.5291442871]],
        "icov": [[0.00133049383294, -0.00170754012652, 0.00213726819493, -0.00158946821466, 0.0024518512655, -0.00165023922455, 0.00260273902677, -0.0013200835092, 0.00117492571007, -0.000291545205982, 0.0003016734845, -0.000322184991091, 0.000295596779324], [-0.00170754012652, 0.00386825716123, -0.0028154682368, 0.00259045511484, -0.00291580148041, 0.0041968151927, -0.00355696026236, 0.00257708714344, -0.00172177585773, 0.000796724343672, -4.21885051765e-05, -0.000270193413598, -0.000682486104779], [0.00213726819493, -0.0028154682368, 0.00465453509241, -0.00324294622988, 0.00268953107297, -0.00140119076241, 0.00311497505754, -0.00173658202402, 0.000771179737058, 0.000612480042037, -0.000247294170549, -0.00173270655796, 0.00134715088643], [-0.00158946821466, 0.00259045511484, -0.00324294622988, 0.00685742078349, -0.00530929723755, 0.00365514820442, -0.00260832859203, 0.00198173127137, 2.06547392736e-05, -0.0017030244926, 0.000123161298689, 0.00191675720271, -0.00179155962542], [0.0024518512655, -0.00291580148041, 0.00268953107297, -0.00530929723755, 0.0118251796812, -0.00518490327522, 0.0044557438232, -0.00250405515544, 0.00129638169892, -0.00016401814355, 0.00145430595148, 0.00038290701923, -0.00205837190151], [-0.00165023922455, 0.0041968151927, -0.00140119076241, 0.00365514820442, -0.00518490327522, 0.016255967319, -0.0083140945062, 0.00118894060142, -0.00341325486079, 0.000496719090734, -0.00142065994442, -0.00231493846513, -0.000836902414449], [0.00260273902677, -0.00355696026236, 0.00311497505754, -0.00260832859203, 0.0044557438232, -0.0083140945062, 0.0180621705949, -0.011463615112, 0.00822286773473, -0.00525728333741, -0.000852609344292, 0.00158303882927, 0.00126250542235], [-0.0013200835092, 0.00257708714344, -0.00173658202402, 0.00198173127137, -0.00250405515544, 0.00118894060142, -0.011463615112, 0.0217316653579, -0.0104476232082, 0.00744974520057, -0.00454131374136, 0.00370117556304, -0.00305971247144], [0.00117492571007, -0.00172177585773, 0.000771179737058, 2.06547392736e-05, 0.00129638169892, -0.00341325486079, 0.00822286773473, -0.0104476232082, 0.0259217619896, -0.0138445375487, 0.00654520839453, -0.00741062080488, 0.0041093500331], [-0.000291545205982, 0.000796724343672, 0.000612480042037, -0.0017030244926, -0.00016401814355, 0.000496719090734, -0.00525728333741, 0.00744974520057, -0.0138445375487, 0.0285441875458, -0.017321055755, 0.0127505594864, -0.00188523414545], [0.0003016734845, -4.21885051765e-05, -0.000247294170549, 0.000123161298689, 0.00145430595148, -0.00142065994442, -0.000852609344292, -0.00454131374136, 0.00654520839453, -0.017321055755, 0.0314902625978, -0.0126571562141, 0.00777986412868], [-0.000322184991091, -0.000270193413598, -0.00173270655796, 0.00191675720271, 0.00038290701923, -0.00231493846513, 0.00158303882927, 0.00370117556304, -0.00741062080488, 0.0127505594864, -0.0126571562141, 0.0237068906426, -0.013753734529], [0.000295596779324, -0.000682486104779, 0.00134715088643, -0.00179155962542, -0.00205837190151, -0.000836902414449, 0.00126250542235, -0.00305971247144, 0.0041093500331, -0.00188523414545, 0.00777986412868, -0.013753734529, 0.0285251811147]]
    },
    "spectral_contrast_coeffs": {
        "max": [-0.382960319519, -0.435110211372, -0.536749899387, -0.580711364746, -0.633480966091, -0.574652433395],
        "mean": [-0.749578654766, -0.794892609119, -0.827077448368, -0.836224853992, -0.822215259075, -0.741451501846],
        "min": [-0.918742775917, -0.942468345165, -0.933713138103, -0.92638361454, -0.911572813988, -0.926326870918],
        "stdev": [0.0907038003206, 0.101005405188, 0.0672606900334, 0.0590284392238, 0.0564205609262, 0.0634538903832]
    },
    "spectral_contrast_valleys": {
        "max": [-5.29236936569, -4.81659030914, -5.40722751617, -5.35303592682, -6.69591569901, -10.5048799515],
        "mean": [-7.36389541626, -7.69541549683, -8.54668712616, -8.64552688599, -8.98711395264, -12.7464733124],
        "min": [-9.34352302551, -10.3239440918, -11.2194671631, -11.2352199554, -10.8422374725, -13.9190616608],
        "stdev": [0.726847589016, 1.22816324234, 1.35829365253, 1.37942671776, 1.05957531929, 0.545541286469]
    }
},
"rhythm": {
    "beats_count": 61,
    "beats_loudness": {
        "max": 0.105499200523,
        "mean": 0.0192503742874,
        "min": 0.000129546460812,
        "stdev": 0.0268684290349
    },
    "bpm": 108.929100037,
    "bpm_histogram_first_peak_bpm": 108,
    "bpm_histogram_first_peak_weight": 0.409090936184,
    "bpm_histogram_second_peak_bpm": 133,
    "bpm_histogram_second_peak_spread": 0.529411792755,
    "bpm_histogram_second_peak_weight": 0.133333340287,
    "danceability": 1.00231730938,
    "onset_rate": 3.32226538658,
    "beats_loudness_band_ratio": {
        "max": [0.969289779663, 0.740051269531, 0.667492210865, 0.491812735796, 0.486293017864, 0.112140350044],
        "mean": [0.538797199726, 0.167130485177, 0.162101864815, 0.102704383433, 0.0813919529319, 0.0117264976725],
        "min": [0.0484956651926, 0.0203866958618, 0.00402018567547, 0.000471339939395, 0.00066374160815, 0.000115816583275],
        "stdev": [0.305833637714, 0.151516184211, 0.173385351896, 0.143704771996, 0.119255036116, 0.0176639277488]
    },
    "beats_position": [0.441179126501, 0.893968224525, 1.35836732388, 1.8111563921, 2.26394557953, 2.71673464775, 3.16952371597, 3.63392281532, 4.08671188354, 4.55111122131, 4.99229001999, 5.42185926437, 5.85142850876, 6.29260778427, 6.71056699753, 7.11691617966, 7.55809497833, 8.01088428497, 8.47528362274, 8.92807197571, 9.39247131348, 9.86848068237, 10.3328800201, 10.8204984665, 11.2965078354, 11.7725172043, 12.294965744, 12.8058052063, 13.328253746, 13.8507022858, 14.3731517792, 14.9304304123, 15.4877090454, 16.0449886322, 16.602268219, 17.1595458984, 17.7168254852, 18.2741031647, 18.8313827515, 19.3886623383, 19.9459400177, 20.5032196045, 21.0604991913, 21.6061668396, 22.1518363953, 22.6858959198, 23.219953537, 23.7656230927, 24.3112926483, 24.8685703278, 25.4026298523, 25.948299408, 26.4939670563, 27.1209068298, 27.747844696, 28.4328346252, 29.106212616, 29.7912006378, 30.4645805359, 31.1263484955, 31.7881164551],
