{
"metadata": {
    "version": {
        "essentia": "2.1-beta5",
        "essentia_git_sha": "Undefined",
        "extractor": "music 2.0"
    },
    "audio_properties": {
        "analysis": {
            "equal_loudness": 0,
            "length": 48.7502937317,
            "sample_rate": 44100,
            "start_time": 126.502311707,
            "downmix": "mix"
        },
        "bit_rate": 192000,
        "length": 320.85333252,
        "lossless": 0,
        "number_channels": 1,
        "replay_gain": -19.3379936218,
        "sample_rate": 48000,
        "codec": "mp3",
        "md5_encoded": "9b29d2fac6144a86eedb3e64d1a9a0d7"
    },
    "tags": {
        "file_name": "Belgium_Messieurs Les Noyés De La Seine_Fud Leclerc.mp3",
        "encoding": ["Lavf58.29.100"]
    }
},
"lowlevel": {
    "average_loudness": 0.454224944115,
    "barkbands_crest": {
        "max": 25.7248134613,
        "mean": 12.561542511,
        "min": 3.90696907043,
        "stdev": 4.87821149826
    },
    "barkbands_flatness_db": {
        "max": 0.368442356586,
        "mean": 0.243302553892,
        "min": 0.117309443653,
        "stdev": 0.043101105839
    },
    "barkbands_kurtosis": {
        "max": 135.268707275,
        "mean": 7.25052976608,
        "min": -1.82711648941,
        "stdev": 11.5451641083
    },
    "barkbands_skewness": {
        "max": 10.1741266251,
        "mean": 1.75393569469,
        "min": -1.81672751904,
        "stdev": 1.37068486214
    },
    "barkbands_spread": {
        "max": 79.1702423096,
        "mean": 9.83148288727,
        "min": 0.960874080658,
        "stdev": 7.38419723511
    },
    "dissonance": {
        "max": 0.497982650995,
        "mean": 0.418408662081,
        "min": 0.244389653206,
        "stdev": 0.0458359532058
    },
    "dynamic_complexity": 6.42853879929,
    "erbbands_crest": {
        "max": 31.9635181427,
        "mean": 14.0926361084,
        "min": 3.17232322693,
        "stdev": 5.95232486725
    },
    "erbbands_flatness_db": {
        "max": 0.38417032361,
        "mean": 0.27207660675,
        "min": 0.112042121589,
        "stdev": 0.0469336174428
    },
    "erbbands_kurtosis": {
        "max": 55.1872444153,
        "mean": 2.20119261742,
        "min": -1.79370546341,
        "stdev": 4.21447324753
    },
    "erbbands_skewness": {
        "max": 6.64532756805,
        "mean": 0.932545602322,
        "min": -3.65639686584,
        "stdev": 1.04078328609
    },
    "erbbands_spread": {
        "max": 96.4100112915,
        "mean": 23.0889663696,
        "min": 2.43408513069,
        "stdev": 14.5492219925
    },
    "hfc": {
        "max": 62.3407592773,
        "mean": 9.57303524017,
        "min": 0.00724130682647,
        "stdev": 12.4654712677
    },
    "loudness_ebu128": {
        "integrated": -10.0411157608,
        "loudness_range": 10.072722435,
        "momentary": {
            "max": -4.14632034302,
            "mean": -13.5086956024,
            "min": -35.6742019653,
            "stdev": 6.22694969177
        },
        "short_term": {
            "max": -5.98088741302,
            "mean": -11.635643959,
            "min": -19.9694747925,
            "stdev": 3.57646417618
        }
    },
    "melbands_crest": {
        "max": 32.4668235779,
        "mean": 15.8757362366,
        "min": 4.59704351425,
        "stdev": 5.64429426193
    },
    "melbands_flatness_db": {
        "max": 0.453014373779,
        "mean": 0.292039126158,
        "min": 0.119052223861,
        "stdev": 0.0564162880182
    },
    "melbands_kurtosis": {
        "max": 269.747924805,
        "mean": 13.0624465942,
        "min": -1.7910528183,
        "stdev": 23.3680934906
    },
    "melbands_skewness": {
        "max": 11.5287179947,
        "mean": 2.18777060509,
        "min": -1.08415472507,
        "stdev": 1.67645132542
    },
    "melbands_spread": {
        "max": 87.5438079834,
        "mean": 13.0887308121,
        "min": 0.743565499783,
        "stdev": 11.4408025742
    },
    "pitch_salience": {
        "max": 0.827818036079,
        "mean": 0.52497023344,
        "min": 0.165997594595,
        "stdev": 0.119402989745
    },
    "silence_rate_20dB": {
        "max": 1,
        "mean": 1,
        "min": 1,
        "stdev": 0
    },
    "silence_rate_30dB": {
        "max": 1,
        "mean": 1,
        "min": 1,
        "stdev": 0
    },
    "silence_rate_60dB": {
        "max": 1,
        "mean": 0.332698702812,
        "min": 0,
        "stdev": 0.471178114414
    },
    "spectral_centroid": {
        "max": 3646.57739258,
        "mean": 833.819152832,
        "min": 195.942504883,
        "stdev": 470.501281738
    },
    "spectral_complexity": {
        "max": 32,
        "mean": 9.14802455902,
        "min": 0,
        "stdev": 5.90995502472
    },
    "spectral_decrease": {
        "max": -6.25752357916e-12,
        "mean": -3.52041751306e-09,
        "min": -2.35727348752e-08,
        "stdev": 4.17941148356e-09
    },
    "spectral_energy": {
        "max": 0.0931918397546,
        "mean": 0.0141551727429,
        "min": 2.43298363785e-05,
        "stdev": 0.0168061256409
    },
    "spectral_energyband_high": {
        "max": 0.00139309861697,
        "mean": 3.25328001054e-05,
        "min": 1.68095823483e-07,
        "stdev": 9.14780393941e-05
    },
    "spectral_energyband_low": {
        "max": 0.0155856581405,
        "mean": 0.000561360793654,
        "min": 1.31992255774e-05,
        "stdev": 0.000963024620432
    },
    "spectral_energyband_middle_high": {
        "max": 0.0303808562458,
        "mean": 0.00242757075466,
        "min": 6.71346640502e-07,
        "stdev": 0.0039025216829
    },
    "spectral_energyband_middle_low": {
        "max": 0.0896667763591,
        "mean": 0.0113172065467,
        "min": 3.46779393112e-06,
        "stdev": 0.0147390747443
    },
    "spectral_entropy": {
        "max": 8.31819820404,
        "mean": 6.65789270401,
        "min": 5.3416466713,
        "stdev": 0.438927561045
    },
    "spectral_flux": {
        "max": 0.247859477997,
        "mean": 0.0464451909065,
        "min": 0.00213782861829,
        "stdev": 0.0371400751173
    },
    "spectral_kurtosis": {
        "max": 66.0347595215,
        "mean": 11.5669221878,
        "min": -0.673295974731,
        "stdev": 8.58205127716
    },
    "spectral_rms": {
        "max": 0.00953513849527,
        "mean": 0.00310248928145,
        "min": 0.000154066307005,
        "stdev": 0.0020455988124
    },
    "spectral_rolloff": {
        "max": 5620.16601562,
        "mean": 878.670288086,
        "min": 86.1328125,
        "stdev": 671.783569336
    },
    "spectral_skewness": {
        "max": 6.37054729462,
        "mean": 2.12200307846,
        "min": -0.161642894149,
        "stdev": 0.879105389118
    },
    "spectral_spread": {
        "max": 22615218,
        "mean": 2450242.75,
        "min": 1140658.75,
        "stdev": 943052.0625
    },
    "spectral_strongpeak": {
        "max": 8.85303592682,
        "mean": 1.23755836487,
        "min": 0,
        "stdev": 1.23566508293
    },
    "zerocrossingrate": {
        "max": 0.1220703125,
        "mean": 0.0325052142143,
        "min": 0.00390625,
        "stdev": 0.0164102017879
    },
    "barkbands": {
        "max": [0.000168570244568, 0.00433933129534, 0.0122245643288, 0.00783719867468, 0.0140581643209, 0.0411590337753, 0.0864036604762, 0.0654716193676, 0.044456962496, 0.0107256351039, 0.00880792085081, 0.0128109734505, 0.0237977374345, 0.0142991226166, 0.0148703251034, 0.00575755955651, 0.00664880685508, 0.00746190128848, 0.00482465559617, 0.000488957215566, 0.000950796122197, 0.00018369051395, 7.54475040594e-05, 2.82501314359e-05, 1.25875567392e-05, 1.38247264658e-06, 2.70670597047e-07],
        "mean": [5.8301561694e-06, 0.000188397127204, 0.000222272079554, 0.000457468093373, 0.00109089550097, 0.00188263540622, 0.00450325757265, 0.00243822927587, 0.000857848033775, 0.000302083411952, 0.000125970735098, 0.000376450683689, 0.000294049765216, 0.000382117781555, 0.000215042600757, 0.00014501241094, 0.000218586195842, 0.000210545898881, 0.000198529742192, 1.59292885655e-05, 1.52924294525e-05, 5.0595203902e-06, 2.16511512008e-06, 1.10997973479e-06, 3.81034226393e-07, 3.14337427199e-08, 7.90604737233e-09],
        "min": [8.72421690445e-09, 2.36835421674e-06, 9.56305711952e-07, 3.23328208651e-07, 7.32205990062e-07, 7.78845716809e-08, 9.01414978216e-08, 1.23007836805e-07, 3.33731975388e-08, 3.60806460264e-08, 1.48368126673e-08, 3.43355281984e-08, 2.66996291742e-08, 1.53905350686e-08, 2.40810358321e-08, 2.79240204293e-08, 2.95678752593e-08, 3.77929509909e-08, 3.82097375962e-08, 3.78927644817e-08, 3.44857866708e-08, 2.0374693932e-08, 2.96916109477e-08, 1.51553987138e-08, 1.07413962169e-08, 3.0875592881e-12, 3.44567234987e-12],
        "stdev": [1.10375221993e-05, 0.000338485115208, 0.000653097580653, 0.000723434204701, 0.00144303857815, 0.00440811831504, 0.0110505884513, 0.00660006375983, 0.00347657431848, 0.000989202293567, 0.000338796555297, 0.0010818396695, 0.00102653971408, 0.00111177563667, 0.000775975699071, 0.000355936848791, 0.000553679070435, 0.000545623828657, 0.000466325931484, 3.88334374293e-05, 5.30256984348e-05, 1.4011940948e-05, 5.78006120122e-06, 2.81167399407e-06, 1.02055582829e-06, 1.07600719446e-07, 2.56389061093e-08]
    },
    "erbbands": {
        "max": [0.0742235332727, 1.23187291622, 13.1941518784, 12.0370092392, 49.9644775391, 54.1190185547, 124.857498169, 515.597473145, 960.760620117, 1528.82397461, 1792.33984375, 1064.22387695, 768.776245117, 416.148468018, 569.028930664, 602.838928223, 1328.06835938, 840.682189941, 695.265319824, 223.226119995, 200.971176147, 430.005767822, 315.024139404, 276.375183105, 210.330749512, 34.7560653687, 62.2916183472, 9.62279891968, 5.53136014938, 2.95030975342, 2.76429414749, 0.78089094162, 0.480489403009, 0.233819529414, 0.0518901981413, 0.00802083872259, 0.00284684845246, 0.000608035828918, 7.68974568928e-05, 0.000105221697595],
        "mean": [0.00303714396432, 0.0527896285057, 0.24956792593, 0.857219099998, 3.48662376404, 3.07923030853, 4.89066934586, 19.8773708344, 53.031452179, 61.2785644531, 54.3810539246, 23.1405735016, 9.25818347931, 10.7280664444, 7.53029727936, 15.6507558823, 15.3197793961, 17.5804157257, 17.9864463806, 6.52825450897, 9.73393821716, 11.9647302628, 10.5283193588, 13.7748556137, 5.26099252701, 0.985864043236, 0.798264801502, 0.402199774981, 0.183718413115, 0.102051101625, 0.0647091120481, 0.0301122311503, 0.0155021650717, 0.00694840541109, 0.00130271853413, 0.000193641433725, 6.23989471933e-05, 1.54109475261e-05, 8.55227244756e-06, 1.64531684277e-05],
        "min": [4.4840562623e-05, 0.000410277105402, 0.00433925585821, 0.00215796940029, 0.00255493400618, 0.00252818875015, 0.0014854274923, 0.000962303427514, 0.00171637011226, 0.00298726512119, 0.003295162227, 0.00248032459058, 0.000904382672161, 0.000950330810156, 0.00141759647522, 0.00160185422283, 0.00191837560851, 0.000549690972548, 0.00151148368604, 0.00238038483076, 0.00193246128038, 0.00174231186975, 0.00232926546596, 0.00168864498846, 0.0018986222567, 0.00178851583041, 0.00154911435675, 0.001422419562, 0.000868906499818, 0.000667718122713, 0.000792556966189, 0.000450996449217, 0.000204897063668, 0.000160829542438, 1.08953208837e-05, 5.11321047725e-07, 8.14224705437e-08, 1.4740551002e-08, 1.62081299493e-08, 2.83774053145e-08],
        "stdev": [0.00501161906868, 0.099872790277, 0.693484842777, 1.15884327888, 4.98244905472, 4.39527463913, 11.0979957581, 49.1164283752, 125.989196777, 154.589294434, 153.856750488, 80.7328338623, 40.3408737183, 34.6476821899, 20.74568367, 48.0917053223, 53.8918113708, 52.2908401489, 52.2843818665, 16.3328266144, 19.9475345612, 29.0708618164, 27.3250713348, 30.4260311127, 14.4769134521, 2.43952679634, 3.29410672188, 0.933448672295, 0.45109474659, 0.275473475456, 0.201506346464, 0.0791429504752, 0.0387115851045, 0.0176615957171, 0.00394517183304, 0.000618342892267, 0.000200914946618, 4.70137056254e-05, 1.16230648928e-05, 1.95630636881e-05]
    },
    "gfcc": {
        "mean": [-148.834655762, 170.782531738, -152.87890625, 25.0885887146, -59.3670043945, -15.8787221909, -34.0148048401, -8.27022838593, -3.98924398422, -17.7742023468, 6.63106775284, -20.7035617828, -3.40490698814],
        "cov": [[7616.97119141, -986.465270996, -1916.60705566, -1107.92834473, -12.5857839584, -1165.62402344, -433.071075439, 108.032119751, -66.2518539429, 307.435943604, -100.869728088, 166.546661377, -627.566650391], [-986.465270996, 862.409851074, 315.397949219, -101.160774231, 161.994155884, -18.396648407, 90.5005645752, -122.687973022, -7.61777305603, -177.336746216, 74.2807388306, -18.4641265869, 144.911270142], [-1916.60705566, 315.397949219, 866.484619141, 313.296142578, -27.100605011, 281.225311279, 26.6012210846, -29.4535694122, 56.8783035278, -19.694475174, 11.0348052979, -56.6087875366, 145.449157715], [-1107.92834473, -101.160774231, 313.296142578, 587.518737793, 50.9254264832, 229.727813721, 54.3141212463, -23.6803874969, 6.49313354492, -22.0229721069, -9.78249073029, -4.74572610855, 120.779685974], [-12.5857839584, 161.994155884, -27.100605011, 50.9254264832, 277.567321777, -26.2880458832, -87.5495910645, -35.6980361938, -13.8953905106, -42.243522644, 48.5474510193, 31.6998519897, 12.9849338531], [-1165.62402344, -18.396648407, 281.225311279, 229.727813721, -26.2880458832, 430.124145508, 189.392837524, 14.4005880356, -25.7272720337, -26.8766365051, 6.82127904892, 9.21772384644, 112.481430054], [-433.071075439, 90.5005645752, 26.6012210846, 54.3141212463, -87.5495910645, 189.392837524, 325.909973145, 54.9332923889, -63.6655654907, -87.4502944946, -7.11919307709, 20.1997814178, 67.9006881714], [108.032119751, -122.687973022, -29.4535694122, -23.6803874969, -35.6980361938, 14.4005880356, 54.9332923889, 158.260742188, 25.0173912048, -2.57200098038, -19.7300243378, -4.22865056992, -40.8034095764], [-66.2518539429, -7.61777305603, 56.8783035278, 6.49313354492, -13.8953905106, -25.7272720337, -63.6655654907, 25.0173912048, 124.104064941, 70.8256759644, -14.8551397324, -52.5426254272, -24.3684120178], [307.435943604, -177.336746216, -19.694475174, -22.0229721069, -42.243522644, -26.8766365051, -87.4502944946, -2.57200098038, 70.8256759644, 166.860534668, -2.23941445351, -43.9691505432, -55.5934562683], [-100.869728088, 74.2807388306, 11.0348052979, -9.78249073029, 48.5474510193, 6.82127904892, -7.11919307709, -19.7300243378, -14.8551397324, -2.23941445351, 86.3692932129, 40.8340530396, 8.72438430786], [166.546661377, -18.4641265869, -56.6087875366, -4.74572610855, 31.6998519897, 9.21772384644, 20.1997814178, -4.22865056992, -52.5426254272, -43.9691505432, 40.8340530396, 110.499732971, 25.4563217163], [-627.566650391, 144.911270142, 145.449157715, 120.779685974, 12.9849338531, 112.481430054, 67.9006881714, -40.8034095764, -24.3684120178, -55.5934562683, 8.72438430786, 25.4563217163, 146.032699585]],
        "icov": [[0.00080665020505, -0.000164054363267, 0.000887398375198, 0.000263063964667, -0.000187040670426, 0.00108291429933, -9.5862262242e-05, -0.000205260774237, 0.000858444836922, -0.00190406804904, 0.00196185079403, -0.00219708145596, 0.00138181110378], [-0.000164054363267, 0.0114073622972, -0.00567729864269, 0.0061852154322, -0.00753690488636, 0.00543419690803, -0.00851494167, 0.00838120561093, -0.00755456415936, 0.0100529436022, -0.00764337042347, 0.00795665755868, -0.00706421630457], [0.000887398375198, -0.00567729864269, 0.00578340794891, -0.00326161971316, 0.00422496628016, -0.00275951018557, 0.00511478353292, -0.00431735813618, 0.00356382294558, -0.00564697105438, 0.00433236081153, -0.00451027741656, 0.00352217140608], [0.000263063964667, 0.0061852154322, -0.00326161971316, 0.00612888997421, -0.00499180471525, 0.00258342013694, -0.00467616412789, 0.00454608304426, -0.00386848882772, 0.00428003165871, -0.00226359511726, 0.00318022002466, -0.00436447607353], [-0.000187040670426, -0.00753690488636, 0.00422496628016, -0.00499180471525, 0.0105583667755, -0.00463309464976, 0.00818315334618, -0.00537676783279, 0.00437215063721, -0.00322473677807, 0.0011557926191, -0.00393284810707, 0.00403675576672], [0.00108291429933, 0.00543419690803, -0.00275951018557, 0.00258342013694, -0.00463309464976, 0.00936706550419, -0.00724863819778, 0.0034017986618, -0.00158804364037, 0.000178313610377, -0.00081856851466, 0.00023924857669, -0.00279891816899], [-9.5862262242e-05, -0.00851494167, 0.00511478353292, -0.00467616412789, 0.00818315334618, -0.00724863819778, 0.0135014401749, -0.00848454330117, 0.00713184010237, -0.00393857993186, 0.00371671677567, -0.00366405327804, 0.00312532298267], [-0.000205260774237, 0.00838120561093, -0.00431735813618, 0.00454608304426, -0.00537676783279, 0.0034017986618, -0.00848454330117, 0.0151499789208, -0.00925288908184, 0.00885116588324, -0.00397517718375, 0.00396206742153, -0.00125040090643], [0.000858444836922, -0.00755456415936, 0.00356382294558, -0.00386848882772, 0.00437215063721, -0.00158804364037, 0.00713184010237, -0.00925288908184, 0.020250717178, -0.0130602056161, 0.00674766628072, -0.00271555129439, 0.00424613291398], [-0.00190406804904, 0.0100529436022, -0.00564697105438, 0.00428003165871, -0.00322473677807, 0.000178313610377, -0.00393857993186, 0.00885116588324, -0.0130602056161, 0.0243057571352, -0.0136554166675, 0.0137278288603, -0.00612357677892], [0.00196185079403, -0.00764337042347, 0.00433236081153, -0.00226359511726, 0.0011557926191, -0.00081856851466, 0.00371671677567, -0.00397517718375, 0.00674766628072, -0.0136554166675, 0.0265228580683, -0.0172155853361, 0.00860551185906], [-0.00219708145596, 0.00795665755868, -0.00451027741656, 0.00318022002466, -0.00393284810707, 0.00023924857669, -0.00366405327804, 0.00396206742153, -0.00271555129439, 0.0137278288603, -0.0172155853361, 0.0265903938562, -0.0113330408931], [0.00138181110378, -0.00706421630457, 0.00352217140608, -0.00436447607353, 0.00403675576672, -0.00279891816899, 0.00312532298267, -0.00125040090643, 0.00424613291398, -0.00612357677892, 0.00860551185906, -0.0113330408931, 0.0197308138013]]
    },
    "melbands": {
        "max": [0.00095772719942, 0.0046264892444, 0.00302002509125, 0.00379762006924, 0.0033940768335, 0.0100528076291, 0.0158989001065, 0.0135127995163, 0.0135712847114, 0.00711058126763, 0.00391141418368, 0.00171906861942, 0.00140959327109, 0.00177980901208, 0.00155619008001, 0.00210177013651, 0.00178485573269, 0.000889235176146, 0.00101634999737, 0.000550647906493, 0.000314411707222, 0.000400056276703, 0.000551344943233, 0.000242799942498, 0.000247002026299, 0.000275731028523, 5.20199391758e-05, 2.22210946959e-05, 4.62009993498e-05, 1.05311173684e-05, 6.92382900525e-06, 3.72978706764e-06, 2.74693229585e-06, 1.35402092383e-06, 1.86041415873e-06, 6.08260108947e-07, 4.83717428779e-07, 3.45183025274e-07, 2.77212251376e-07, 1.60020263706e-07],
        "mean": [4.01090728701e-05, 0.000111171568278, 0.000233661339735, 0.000255441496847, 0.000152656139107, 0.000440070580225, 0.000871084630489, 0.000633568037301, 0.000403248443035, 0.00012266865815, 4.09038584621e-05, 4.30199761468e-05, 2.04210864467e-05, 4.00525714213e-05, 3.43115716532e-05, 3.10925242957e-05, 3.3471511415e-05, 3.14922217513e-05, 1.26148634081e-05, 7.63188199926e-06, 1.24685111587e-05, 1.22717156046e-05, 1.2025990145e-05, 8.943496141e-06, 1.19053083836e-05, 5.62134982829e-06, 1.18049877074e-06, 4.97022028867e-07, 5.40228484169e-07, 3.12462532293e-07, 2.07373460626e-07, 1.09426522954e-07, 7.42973469414e-08, 4.64964280411e-08, 3.99604758172e-08, 2.34533938936e-08, 1.63461599811e-08, 1.12797291507e-08, 8.14625877865e-09, 5.00637220568e-09],
        "min": [6.27911049378e-07, 1.6121466615e-06, 6.89121236519e-07, 1.57421894187e-07, 4.84092304021e-08, 2.49500988758e-08, 2.48538487568e-08, 3.92562782281e-08, 1.38920155379e-08, 6.26281337901e-09, 4.22109236453e-09, 3.75067621405e-09, 3.15810866347e-09, 3.72702002593e-09, 3.02737501734e-09, 1.42761447108e-09, 9.56911327954e-10, 2.29533192453e-09, 1.97909200139e-09, 1.62748703403e-09, 2.38174791001e-09, 1.59061475102e-09, 1.33565924987e-09, 1.27336241551e-09, 1.10474318582e-09, 1.31176169926e-09, 9.12990294477e-10, 9.93917281811e-10, 3.62505830909e-10, 5.89336635048e-10, 5.39884581485e-10, 4.65926797144e-10, 3.24568066867e-10, 4.36582381358e-10, 4.14001333215e-10, 3.00237390505e-10, 2.27924498719e-10, 1.47974438258e-10, 1.19715612423e-10, 1.35558578251e-10],
        "stdev": [6.7743123509e-05, 0.000256596307736, 0.000295958510833, 0.000348718749592, 0.000324571708916, 0.00104314053897, 0.00205974909477, 0.001497781137, 0.00115341704804, 0.000485303404275, 0.000198617184651, 0.00014675782586, 5.35171384399e-05, 0.000124870974105, 9.93630455923e-05, 0.000102051875729, 0.00010429588292, 9.3376111181e-05, 4.49399922218e-05, 2.46526615229e-05, 2.65700618911e-05, 2.95750796795e-05, 4.31136068073e-05, 2.09082609217e-05, 2.67697414529e-05, 1.59186711244e-05, 3.68373025594e-06, 1.33512685352e-06, 2.45147612077e-06, 7.94244442659e-07, 5.14693567766e-07, 2.84185148303e-07, 1.98169956889e-07, 1.23503156146e-07, 1.26833938907e-07, 6.1664884754e-08, 4.48728876279e-08, 2.91107440376e-08, 1.95012095361e-08, 1.3442519986e-08]
    },
    "melbands128": {
        "max": [0.000101592529973, 0.000500746653415, 0.00126422743779, 0.00235681096092, 0.00719370227307, 0.00487775634974, 0.00203956337646, 0.00464554317296, 0.00655299192294, 0.0068025784567, 0.0026651895605, 0.00395140051842, 0.00431810924783, 0.00789617374539, 0.0154889831319, 0.0180362164974, 0.0229798387736, 0.0289999693632, 0.0336041264236, 0.0264690648764, 0.0182088501751, 0.024674218148, 0.0228525213897, 0.0166853070259, 0.0123343067244, 0.0158343184739, 0.012240037322, 0.00402260757983, 0.00185137719382, 0.00291448365897, 0.00294138072059, 0.0010637473315, 0.00208512577228, 0.00421839347109, 0.00211896561086, 0.00398693326861, 0.00337394140661, 0.00175251020119, 0.00309617538005, 0.00608038250357, 0.00121835793834, 0.00452289590612, 0.00367176043801, 0.00287166493945, 0.00221997476183, 0.00182922719978, 0.00347615289502, 0.00117075734306, 0.000363496365026, 0.000379796023481, 0.00111645727884, 0.000491243437864, 0.00045466775191, 0.000722160970327, 0.000521473353729, 0.000743779412005, 0.00122903846204, 0.00113571388647, 0.000911951588932, 0.000265268288786, 0.000262265704805, 0.000637730641756, 0.000558827654459, 0.000353696785169, 0.000442420132458, 0.000607062713243, 0.000251917779678, 0.000112723755592, 2.40890349232e-05, 2.77894087048e-05, 5.27280644746e-05, 1.30549387904e-05, 3.71199057554e-05, 0.000101909921796, 3.4801018046e-05, 8.59844112711e-06, 7.75710759626e-06, 1.07952982944e-05, 1.09605716716e-05, 1.48040926433e-05, 4.31699299952e-06, 2.29705506172e-06, 7.04629064785e-06, 3.8270004552e-06, 3.71917258235e-06, 1.82885241884e-06, 1.40781241953e-06, 9.95157392936e-07, 2.56609837379e-06, 3.33259549734e-06, 8.5528870386e-07, 7.87524584211e-07, 6.53601944123e-07, 9.7275835742e-07, 4.85781640691e-07, 4.80704727579e-07, 5.51431980966e-07, 3.19656010106e-07, 1.97370852106e-07, 2.97466471011e-07, 2.88833319928e-07, 2.01956467549e-07, 1.31242913426e-07, 1.70055258764e-07, 4.5347906763e-08, 3.38308119296e-08, 2.16398188257e-08, 1.76576335775e-08, 1.43583545054e-08, 1.43634544258e-08, 1.1380256737e-08, 1.0708312459e-08, 1.08599822468e-08, 9.04668873147e-09, 6.24942009253e-09, 1.1922374199e-08, 3.30470162346e-09, 4.28595203772e-09, 2.75972733554e-09, 1.92364613127e-09, 8.56782533809e-10, 7.65656704704e-10, 8.84086914787e-10, 9.38209621104e-10, 5.10271769283e-10, 1.99933306022e-10, 5.9406507491e-11, 5.90915857912e-11],
        "mean": [3.83222732125e-06, 1.56474761752e-05, 4.9362777645e-05, 9.72949783318e-05, 0.000127056133351, 0.000101964033092, 0.000131584019982, 0.000276064907666, 0.000393707712647, 0.000301466759993, 0.000136804956128, 9.26777356653e-05, 0.000144673671457, 0.000219076420763, 0.000416169670643, 0.000562785367947, 0.000670323555823, 0.000990388565697, 0.00108429102693, 0.000639368896373, 0.00041918703937, 0.000530767254531, 0.000475560285849, 0.000173987369635, 0.000152481952682, 9.1017158411e-05, 5.9198562667e-05, 3.89544293284e-05, 1.60851850524e-05, 5.07383447257e-05, 5.58825413464e-05, 1.98587094928e-05, 1.22239653138e-05, 2.36673786276e-05, 3.56084710802e-05, 4.15739596065e-05, 5.71688287891e-05, 2.18989534915e-05, 2.8268836104e-05, 4.64305485366e-05, 2.11505685002e-05, 2.93225984933e-05, 3.35416007147e-05, 3.55950942321e-05, 3.63635044778e-05, 2.88792216452e-05, 3.16966761602e-05, 1.08716903924e-05, 5.95847814111e-06, 6.41858559902e-06, 7.63062780607e-06, 8.84870314621e-06, 1.16555111163e-05, 1.38897357829e-05, 1.48751532834e-05, 1.13413989311e-05, 1.02156845969e-05, 1.60449435498e-05, 1.13904152386e-05, 5.84043164054e-06, 8.83474422153e-06, 1.04077698779e-05, 1.36722874231e-05, 1.25397546071e-05, 9.11416736926e-06, 5.32674994247e-06, 4.20368451159e-06, 1.39685255363e-06, 5.6606478438e-07, 4.61404397356e-07, 6.65875973027e-07, 3.62726069625e-07, 3.67859854578e-07, 8.2807025592e-07, 4.00337853534e-07, 3.0233982784e-07, 2.69416290166e-07, 2.35329423504e-07, 1.97397625357e-07, 1.94993191371e-07, 1.06524872479e-07, 8.09723346151e-08, 8.43995522359e-08, 7.0379456929e-08, 7.59024700869e-08, 4.90553659915e-08, 3.7887772919e-08, 3.54617135656e-08, 4.17298835487e-08, 4.6741142512e-08, 2.18757953974e-08, 1.91939495409e-08, 1.84932424929e-08, 1.92389553177e-08, 1.23716006328e-08, 1.18312648567e-08, 1.17965690549e-08, 9.45706890576e-09, 8.07388911284e-09, 7.64768159911e-09, 6.67734134652e-09, 4.66583216507e-09, 2.87098211871e-09, 1.95818161686e-09, 1.13266340751e-09, 6.68969435402e-10, 4.05489308797e-10, 2.68817273996e-10, 2.4157881251e-10, 2.37737357578e-10, 2.0959831093e-10, 1.90244889287e-10, 1.74468883785e-10, 1.54937285224e-10, 1.42995781882e-10, 1.22244644962e-10, 9.54321691116e-11, 8.40924899159e-11, 7.37089625447e-11, 4.56922832903e-11, 1.25072426374e-11, 1.1426380675e-11, 1.08214487718e-11, 9.75466582509e-12, 7.216915867e-12, 3.71022960619e-12, 1.97764981474e-12, 1.73979862635e-12],
        "min": [2.16190065849e-09, 3.20178514812e-08, 5.34215338632e-08, 4.14879011146e-08, 7.29437488189e-08, 5.7427308775e-07, 9.86090356037e-08, 1.41957627875e-07, 6.48322426855e-08, 1.89943669682e-08, 2.51980711852e-08, 2.42037909715e-08, 6.16404172149e-09, 9.68067581653e-09, 7.78056019612e-09, 1.49598555765e-08, 7.95361820849e-09, 5.79584602534e-09, 7.77191733192e-09, 4.14147827144e-09, 3.98084631925e-09, 7.78380560007e-09, 1.01991282087e-09, 4.39893854676e-09, 1.80918535708e-09, 7.43319406027e-10, 6.80231537764e-10, 1.33678723646e-09, 2.38931630037e-09, 1.90634730224e-09, 1.74268721675e-09, 8.77576400438e-10, 1.4775297652e-09, 8.93941642932e-10, 1.66480262909e-09, 8.86412498957e-10, 2.38102004779e-09, 1.61647439878e-09, 1.00397601344e-09, 8.07521882695e-10, 7.97359178684e-10, 7.70924324378e-10, 4.54069837286e-10, 5.84709225482e-10, 4.8302695177e-10, 8.19220691284e-10, 1.05443342946e-09, 8.03055399956e-10, 5.67271896124e-10, 9.52352197103e-10, 8.42674097168e-10, 6.12646378073e-10, 1.27098620517e-09, 9.91655424443e-10, 9.05669705897e-10, 1.05903685821e-09, 6.18343320991e-10, 6.09110095695e-10, 1.12427533949e-09, 9.02074026587e-10, 6.26880547472e-10, 4.15554896049e-10, 5.67695890297e-10, 7.84413256572e-10, 5.86908133204e-10, 5.45368195048e-10, 7.82330200622e-10, 3.56245116739e-10, 3.74701492056e-10, 5.73142311389e-10, 2.87755513861e-10, 1.64795524449e-10, 1.77413375657e-10, 8.15623818484e-11, 6.23513463083e-11, 1.31142818827e-10, 2.10097203523e-10, 1.74028888522e-10, 1.57337892714e-10, 9.2685713271e-11, 1.78152548269e-10, 4.88872414772e-11, 2.10682790658e-10, 5.73536947102e-11, 6.39719943685e-11, 3.89479351548e-11, 4.12724021626e-11, 1.41014300931e-11, 4.50962461818e-11, 6.28785912227e-11, 1.70149085793e-11, 8.90334073828e-12, 4.32921719307e-11, 2.02916433656e-11, 3.43427265792e-11, 9.20047371622e-11, 3.16755961738e-11, 3.88255955164e-11, 2.21182811649e-11, 3.04767738823e-11, 4.23583321196e-11, 2.95907721069e-13, 1.91349672516e-14, 1.71977334446e-14, 1.53862044091e-14, 1.63607666369e-14, 1.23057387034e-14, 1.80927304795e-14, 1.08408833126e-14, 1.2600529039e-14, 1.01286421063e-14, 1.03811824385e-14, 1.10024277422e-14, 1.20879944848e-14, 1.02859640767e-14, 1.1846596024e-14, 9.77599687942e-15, 1.02324824165e-14, 1.15565677077e-14, 1.00549925916e-14, 1.02250480083e-14, 1.14891676021e-14, 1.32223520192e-14, 1.24171040542e-14, 9.27343867928e-15, 3.12938799934e-15, 5.28293655109e-16, 1.34818073496e-17],
        "stdev": [6.6989878178e-06, 2.8699530958e-05, 9.37576987781e-05, 0.000195246728254, 0.000377875985578, 0.000277664104942, 0.000212580664083, 0.000474023981951, 0.000631166039966, 0.000549252552446, 0.000256676459685, 0.000260817003436, 0.000437812297605, 0.000669637345709, 0.00142411177512, 0.00163602258544, 0.00186875229701, 0.00332800205797, 0.00341634079814, 0.00231708679348, 0.00152410671581, 0.00199881498702, 0.00160284747835, 0.000971841218416, 0.000761081872042, 0.000598124461249, 0.000480626593344, 0.000215111300349, 7.76672313805e-05, 0.000217359265662, 0.000201452188776, 5.2154311561e-05, 5.6039159972e-05, 0.00012442964362, 0.000123468984384, 0.000213708757656, 0.000223052920774, 9.2236630735e-05, 0.000140715463203, 0.000235059997067, 7.14433408575e-05, 0.000180438888492, 0.000157566624694, 0.000147379410919, 0.000166451151017, 0.000120264630823, 0.000160730603966, 5.11527287017e-05, 2.01483326236e-05, 2.16177086259e-05, 4.38226270489e-05, 2.82263990812e-05, 3.43406973116e-05, 3.91096436942e-05, 4.46395897598e-05, 3.85161147278e-05, 4.5608743676e-05, 7.25001009414e-05, 5.05049756612e-05, 2.02298742806e-05, 2.39194432652e-05, 3.25171786244e-05, 3.66990061593e-05, 3.32403069478e-05, 2.97833321383e-05, 2.24312934733e-05, 1.66240370163e-05, 5.46241290067e-06, 1.7275706341e-06, 1.40519432534e-06, 2.39939117819e-06, 8.97240227005e-07, 1.36245284921e-06, 5.19471859661e-06, 1.81274640454e-06, 7.7123365827e-07, 6.80064601966e-07, 5.78496099024e-07, 5.70495274133e-07, 7.48275908791e-07, 2.87507276653e-07, 1.97501407229e-07, 2.76343115502e-07, 1.99176838578e-07, 2.76239944696e-07, 1.45380965932e-07, 9.88980346506e-08, 8.85789646077e-08, 1.39904997809e-07, 2.20452790245e-07, 5.56718475764e-08, 4.97848766656e-08, 5.17125435806e-08, 6.64004957684e-08, 3.36205836504e-08, 3.36409904378e-08, 3.47834898662e-08, 2.38593678148e-08, 1.95084961518e-08, 1.9971045262e-08, 1.79551715718e-08, 1.32533068964e-08, 9.54768086814e-09, 7.06610681078e-09, 3.73560338218e-09, 2.33884533962e-09, 1.47014278529e-09, 9.75689973259e-10, 8.99731233961e-10, 9.20191589593e-10, 7.50867867882e-10, 6.9997024843e-10, 6.50896836429e-10, 5.45274048136e-10, 5.02314634332e-10, 4.76293504637e-10, 3.18305687363e-10, 2.95500457437e-10, 2.469154603e-10, 1.5579035284e-10, 5.36849210919e-11, 4.93904118992e-11, 4.79820211341e-11, 4.31677749102e-11, 3.02355189497e-11, 1.19349382807e-11, 4.51189129461e-12, 4.06207229312e-12]
    },
    "mfcc": {
        "mean": [-776.967956543, 183.073638916, -23.806930542, 26.7612991333, -1.29150080681, -10.5657606125, -12.2694072723, -3.76345968246, -8.93269348145, -3.68163776398, 2.95514774323, 2.25549983978, -3.00804257393],
        "cov": [[8106.20117188, -460.386993408, -2300.38085938, -234.908309937, -509.231262207, -859.385070801, -668.389709473, -285.428222656, -525.514892578, -38.3083877563, 398.919067383, 41.2569923401, -226.319519043], [-460.386993408, 1002.03033447, 8.82181453705, -102.991973877, 87.2728042603, -98.0110092163, 13.5414762497, -9.63789844513, -37.5003662109, -101.345596313, -88.463218689, -48.6525268555, 19.5086097717], [-2300.38085938, 8.82181453705, 995.001037598, 103.158546448, 75.5405731201, 291.3046875, 169.952423096, 48.0876350403, 180.714889526, 61.0378646851, -117.636528015, 11.4199094772, 92.5488433838], [-234.908309937, -102.991973877, 103.158546448, 294.865661621, 136.14805603, 51.48279953, -4.83639287949, -1.64309322834, 0.75346249342, -6.91209506989, -33.7277908325, -57.0577316284, -0.68903028965], [-509.231262207, 87.2728042603, 75.5405731201, 136.14805603, 379.983947754, 46.4002189636, -69.8206634521, -41.4725265503, -57.5492324829, 22.7066173553, -5.31884384155, -96.133102417, 4.97636270523], [-859.385070801, -98.0110092163, 291.3046875, 51.48279953, 46.4002189636, 286.255310059, 138.846725464, 18.5914325714, 84.4929199219, 0.468514144421, -85.4901046753, 15.1774320602, 52.9182167053], [-668.389709473, 13.5414762497, 169.952423096, -4.83639287949, -69.8206634521, 138.846725464, 272.602905273, 150.810806274, 87.0473251343, -54.8713150024, -91.964225769, 35.4340591431, 52.049446106], [-285.428222656, -9.63789844513, 48.0876350403, -1.64309322834, -41.4725265503, 18.5914325714, 150.810806274, 223.548110962, 66.1794586182, -71.0188751221, -26.9515762329, 6.32391214371, -4.08143806458], [-525.514892578, -37.5003662109, 180.714889526, 0.75346249342, -57.5492324829, 84.4929199219, 87.0473251343, 66.1794586182, 159.684326172, 34.2226104736, -42.6266021729, 30.1659698486, 5.92426967621], [-38.3083877563, -101.345596313, 61.0378646851, -6.91209506989, 22.7066173553, 0.468514144421, -54.8713150024, -71.0188751221, 34.2226104736, 155.645996094, 64.6878967285, 1.69230878353, -8.33156967163], [398.919067383, -88.463218689, -117.636528015, -33.7277908325, -5.31884384155, -85.4901046753, -91.964225769, -26.9515762329, -42.6266021729, 64.6878967285, 180.631729126, 40.4996795654, -53.0056343079], [41.2569923401, -48.6525268555, 11.4199094772, -57.0577316284, -96.133102417, 15.1774320602, 35.4340591431, 6.32391214371, 30.1659698486, 1.69230878353, 40.4996795654, 119.93598175, 25.0654850006], [-226.319519043, 19.5086097717, 92.5488433838, -0.68903028965, 4.97636270523, 52.9182167053, 52.049446106, -4.08143806458, 5.92426967621, -8.33156967163, -53.0056343079, 25.0654850006, 101.794075012]],
        "icov": [[0.000615284370724, 0.000163840304594, 0.00112531543709, -0.000292429031106, 0.000907188223209, 0.00010375281272, 0.000883877917659, -0.000262523593847, 0.000898432626855, -0.000447873433586, 0.000257914158283, -0.000199105765205, -0.000154898676556], [0.000163840304594, 0.00156862125732, 6.78604521909e-07, 0.00089001248125, -0.000703331024852, 0.00149007071741, -0.000718921539374, 0.00116072397213, -0.000538654043339, 0.00145994906779, 0.000303865235765, 0.000425488746259, -5.27495794813e-05], [0.00112531543709, 6.78604521909e-07, 0.00386165757664, -0.00100627192296, 0.00160061765928, -0.00117367273197, 0.00174180371687, -0.000818404543679, 0.000528510543518, -0.0016700605629, 0.000531063589733, -0.000306308764266, -0.00122298463248], [-0.000292429031106, 0.00089001248125, -0.00100627192296, 0.0051275677979, -0.002289918717, 0.00055091897957, -0.000938999932259, 0.00108825264033, -0.00144540786278, 0.00196749786846, -5.61060660402e-05, 0.0016038796166, 0.000299175531836], [0.000907188223209, -0.000703331024852, 0.00160061765928, -0.002289918717, 0.00650916807353, -0.00239314767532, 0.00347266788594, -0.00213050353341, 0.00358659378253, -0.00233268877491, -0.000522929942235, 0.0023913977202, -0.00151499221101], [0.00010375281272, 0.00149007071741, -0.00117367273197, 0.00055091897957, -0.00239314767532, 0.00903595797718, -0.00499335443601, 0.0043695634231, -0.00298762973398, 0.00242199818604, 0.00065732432995, -0.000372646580217, -2.9937375075e-05], [0.000883877917659, -0.000718921539374, 0.00174180371687, -0.000938999932259, 0.00347266788594, -0.00499335443601, 0.0134474523365, -0.00878324825317, 0.00338212097995, -0.00321019883268, 0.00400313735008, -0.00306053855456, -0.00191059615463], [-0.000262523593847, 0.00116072397213, -0.000818404543679, 0.00108825264033, -0.00213050353341, 0.0043695634231, -0.00878324825317, 0.0137383667752, -0.00775264948606, 0.00844613928348, -0.00543029420078, 0.00442156102508, 4.59329348814e-05], [0.000898432626855, -0.000538654043339, 0.000528510543518, -0.00144540786278, 0.00358659378253, -0.00298762973398, 0.00338212097995, -0.00775264948606, 0.0181534830481, -0.0102289402857, 0.00796501431614, -0.00672975648195, 0.00485893292353], [-0.000447873433586, 0.00145994906779, -0.0016700605629, 0.00196749786846, -0.00233268877491, 0.00242199818604, -0.00321019883268, 0.00844613928348, -0.0102289402857, 0.0168573576957, -0.00910888798535, 0.00625108601525, -0.00321615906432], [0.000257914158283, 0.000303865235765, 0.000531063589733, -5.61060660402e-05, -0.000522929942235, 0.00065732432995, 0.00400313735008, -0.00543029420078, 0.00796501431614, -0.00910888798535, 0.016681144014, -0.0105204153806, 0.00751874875277], [-0.000199105765205, 0.000425488746259, -0.000306308764266, 0.0016038796166, 0.0023913977202, -0.000372646580217, -0.00306053855456, 0.00442156102508, -0.00672975648195, 0.00625108601525, -0.0105204153806, 0.0187531225383, -0.00760840671137], [-0.000154898676556, -5.27495794813e-05, -0.00122298463248, 0.000299175531836, -0.00151499221101, -2.9937375075e-05, -0.00191059615463, 4.59329348814e-05, 0.00485893292353, -0.00321615906432, 0.00751874875277, -0.00760840671137, 0.0169143825769]]
    },
    "spectral_contrast_coeffs": {
        "max": [-0.452345341444, -0.381955653429, -0.509784698486, -0.575095593929, -0.532392859459, -0.618258953094],
        "mean": [-0.692583322525, -0.671402215958, -0.748532831669, -0.774974763393, -0.751052677631, -0.74716168642],
        "min": [-0.903722167015, -0.956866383553, -0.927175343037, -0.924249351025, -0.904168069363, -0.94586122036],
        "stdev": [0.0771646872163, 0.108399510384, 0.0722145661712, 0.0628730207682, 0.0711691603065, 0.0435490682721]
    },
    "spectral_contrast_valleys": {
        "max": [-6.00537586212, -5.26403808594, -6.1880698204, -6.35832023621, -6.61393690109, -10.0769948959],
        "mean": [-7.7257604599, -7.42954540253, -8.55797672272, -8.81018543243, -9.27623462677, -12.9600429535],
        "min": [-9.82197284698, -10.4582014084, -11.2382926941, -11.5574350357, -11.1580572128, -14.4962558746],
        "stdev": [0.549237966537, 0.866139292717, 0.858986139297, 0.974559128284, 1.00214231014, 1.0435488224]
    }
},
"rhythm": {
    "beats_count": 111,
    "beats_loudness": {
        "max": 0.0758336484432,
        "mean": 0.0180332083255,
        "min": 0.000111542081868,
        "stdev": 0.0182679332793
    },
    "bpm": 178.205978394,
    "bpm_histogram_first_peak_bpm": 178,
    "bpm_histogram_first_peak_weight": 0,
    "bpm_histogram_second_peak_bpm": 172,
    "bpm_histogram_second_peak_spread": 0,
    "bpm_histogram_second_peak_weight": 0.154545456171,
    "danceability": 0.850114703178,
    "onset_rate": 2.3173828125,
    "beats_loudness_band_ratio": {
        "max": [0.962943375111, 0.895077228546, 0.926399409771, 0.707982420921, 0.473449110985, 0.22975564003],
        "mean": [0.232422187924, 0.271626770496, 0.419250518084, 0.102807864547, 0.0601637139916, 0.0160464067012],
        "min": [0.000629059795756, 0.00327237672172, 0.00442558107898, 0.000985950580798, 0.00122521072626, 0.00021392085182],
        "stdev": [0.260601013899, 0.239973783493, 0.285667717457, 0.140745520592, 0.0844078138471, 0.0380257405341]
    },
