{
"metadata": {
    "version": {
        "essentia": "2.1-beta5",
        "essentia_git_sha": "Undefined",
        "extractor": "music 2.0"
    },
    "audio_properties": {
        "analysis": {
            "equal_loudness": 0,
            "length": 36.5946502686,
            "sample_rate": 44100,
            "start_time": 207.748931885,
            "downmix": "mix"
        },
        "bit_rate": 192000,
        "length": 244.36680603,
        "lossless": 0,
        "number_channels": 1,
        "replay_gain": -17.3727798462,
        "sample_rate": 48000,
        "codec": "mp3",
        "md5_encoded": "47b0032b11e8402d3803ee52588340fb"
    },
    "tags": {
        "file_name": "Italy_Aprite Le Finestre_Franca Raimondi.mp3",
        "encoding": ["Lavf58.29.100"]
    }
},
"lowlevel": {
    "average_loudness": 0.314276844263,
    "barkbands_crest": {
        "max": 22.5354290009,
        "mean": 6.71942329407,
        "min": 2.52469110489,
        "stdev": 3.7377114296
    },
    "barkbands_flatness_db": {
        "max": 0.384406715631,
        "mean": 0.192396178842,
        "min": 0.118413105607,
        "stdev": 0.0428752824664
    },
    "barkbands_kurtosis": {
        "max": 80.3090667725,
        "mean": 1.53807234764,
        "min": -1.83127093315,
        "stdev": 7.74377155304
    },
    "barkbands_skewness": {
        "max": 7.95545530319,
        "mean": 0.263905882835,
        "min": -1.54928016663,
        "stdev": 1.20518100262
    },
    "barkbands_spread": {
        "max": 37.2919006348,
        "mean": 14.5107326508,
        "min": 1.73830187321,
        "stdev": 5.62512874603
    },
    "dissonance": {
        "max": 0.500000119209,
        "mean": 0.468820929527,
        "min": 0.281156778336,
        "stdev": 0.0346703268588
    },
    "dynamic_complexity": 4.8350610733,
    "erbbands_crest": {
        "max": 32.0960617065,
        "mean": 9.66439914703,
        "min": 3.19705104828,
        "stdev": 5.73619651794
    },
    "erbbands_flatness_db": {
        "max": 0.376364767551,
        "mean": 0.265071302652,
        "min": 0.0942213833332,
        "stdev": 0.0367890745401
    },
    "erbbands_kurtosis": {
        "max": 18.6783905029,
        "mean": 1.13464987278,
        "min": -1.71374106407,
        "stdev": 2.37983965874
    },
    "erbbands_skewness": {
        "max": 3.0391433239,
        "mean": -0.195779323578,
        "min": -3.56819987297,
        "stdev": 0.760304927826
    },
    "erbbands_spread": {
        "max": 116.10811615,
        "mean": 17.5394744873,
        "min": 3.33664774895,
        "stdev": 12.4270181656
    },
    "hfc": {
        "max": 83.5366592407,
        "mean": 13.5066385269,
        "min": 0.000218226676225,
        "stdev": 12.5180034637
    },
    "loudness_ebu128": {
        "integrated": -10.9164924622,
        "loudness_range": 8.23661994934,
        "momentary": {
            "max": -5.10472774506,
            "mean": -13.6568527222,
            "min": -38.0127716064,
            "stdev": 5.82985258102
        },
        "short_term": {
            "max": -6.57540798187,
            "mean": -12.5962133408,
            "min": -23.4419002533,
            "stdev": 3.44485640526
        }
    },
    "melbands_crest": {
        "max": 29.6021747589,
        "mean": 8.45190048218,
        "min": 2.69950914383,
        "stdev": 5.46500778198
    },
    "melbands_flatness_db": {
        "max": 0.481131672859,
        "mean": 0.214400589466,
        "min": 0.100558362901,
        "stdev": 0.0716429576278
    },
    "melbands_kurtosis": {
        "max": 280.707794189,
        "mean": 5.07033252716,
        "min": -1.81654131413,
        "stdev": 27.4302120209
    },
    "melbands_skewness": {
        "max": 13.6892786026,
        "mean": 0.840423166752,
        "min": -1.3333067894,
        "stdev": 1.74177455902
    },
    "melbands_spread": {
        "max": 60.4367332458,
        "mean": 26.595615387,
        "min": 1.50969851017,
        "stdev": 11.0569677353
    },
    "pitch_salience": {
        "max": 0.888359189034,
        "mean": 0.679625809193,
        "min": 0.203114300966,
        "stdev": 0.153426751494
    },
    "silence_rate_20dB": {
        "max": 1,
        "mean": 1,
        "min": 1,
        "stdev": 0
    },
    "silence_rate_30dB": {
        "max": 1,
        "mean": 0.994927048683,
        "min": 0,
        "stdev": 0.0710436627269
    },
    "silence_rate_60dB": {
        "max": 1,
        "mean": 0.107165500522,
        "min": 0,
        "stdev": 0.309324592352
    },
    "spectral_centroid": {
        "max": 2589.05322266,
        "mean": 1273.22961426,
        "min": 219.953536987,
        "stdev": 440.039245605
    },
    "spectral_complexity": {
        "max": 36,
        "mean": 19.7381095886,
        "min": 0,
        "stdev": 7.90009212494
    },
    "spectral_decrease": {
        "max": -1.95808755495e-13,
        "mean": -4.46449854863e-09,
        "min": -3.39260139981e-08,
        "stdev": 5.61016566536e-09
    },
    "spectral_energy": {
        "max": 0.131026059389,
        "mean": 0.0180751364678,
        "min": 7.58820362989e-07,
        "stdev": 0.0221418049186
    },
    "spectral_energyband_high": {
        "max": 0.000425091915531,
        "mean": 4.29162719229e-05,
        "min": 1.42779201795e-08,
        "stdev": 4.94653977512e-05
    },
    "spectral_energyband_low": {
        "max": 0.108849056065,
        "mean": 0.00310387462378,
        "min": 6.44627334623e-07,
        "stdev": 0.00758127961308
    },
    "spectral_energyband_middle_high": {
        "max": 0.0738992244005,
        "mean": 0.00737926829606,
        "min": 2.41643380861e-08,
        "stdev": 0.00919987168163
    },
    "spectral_energyband_middle_low": {
        "max": 0.104869395494,
        "mean": 0.00829226989299,
        "min": 1.24336764884e-07,
        "stdev": 0.013873768039
    },
    "spectral_entropy": {
        "max": 7.97163629532,
        "mean": 7.25529575348,
        "min": 5.31996202469,
        "stdev": 0.499197512865
    },
    "spectral_flux": {
        "max": 0.262252867222,
        "mean": 0.0610593706369,
        "min": 0.001139383181,
        "stdev": 0.0331607349217
    },
    "spectral_kurtosis": {
        "max": 76.0028762817,
        "mean": 10.2140903473,
        "min": 0.07310962677,
        "stdev": 8.00468826294
    },
    "spectral_rms": {
        "max": 0.0113062057644,
        "mean": 0.00358157162555,
        "min": 2.72086854238e-05,
        "stdev": 0.00219240016304
    },
    "spectral_rolloff": {
        "max": 3273.046875,
        "mean": 1557.66784668,
        "min": 107.666015625,
        "stdev": 578.766174316
    },
    "spectral_skewness": {
        "max": 6.7784614563,
        "mean": 1.90744996071,
        "min": 0.511379897594,
        "stdev": 0.731123209
    },
    "spectral_spread": {
        "max": 7291479.5,
        "mean": 2081431.5,
        "min": 1056753,
        "stdev": 730957.25
    },
    "spectral_strongpeak": {
        "max": 11.358912468,
        "mean": 1.27455484867,
        "min": 0.000646762899123,
        "stdev": 1.85926866531
    },
    "zerocrossingrate": {
        "max": 0.08251953125,
        "mean": 0.0530610308051,
        "min": 0.00537109375,
        "stdev": 0.0168350618333
    },
    "barkbands": {
        "max": [0.000660004036035, 0.0315815284848, 0.0814060121775, 0.061147801578, 0.025683965534, 0.0552684776485, 0.065191462636, 0.0204876512289, 0.0207807440311, 0.0404442362487, 0.0654860809445, 0.022386578843, 0.020599251613, 0.0184481646866, 0.0248419996351, 0.005136763677, 0.00174982380122, 0.00187929079402, 0.0012813428184, 0.000588975322898, 0.000193658532226, 9.95774025796e-05, 1.28410720208e-05, 9.74719841906e-06, 3.50532809534e-06, 3.89189551697e-07, 2.29534734331e-07],
        "mean": [1.26217855723e-05, 0.00102256296668, 0.00139619386755, 0.0010357121937, 0.00185153342318, 0.00230058724992, 0.00160994008183, 0.00074575812323, 0.000600578496233, 0.00117190217134, 0.00228412030265, 0.00070449069608, 0.000641302787699, 0.000849406409543, 0.00105983659159, 0.00036639321479, 0.00016050323029, 0.000107025305624, 9.12709947443e-05, 4.09374006267e-05, 1.45739768413e-05, 5.0957323765e-06, 1.76025548626e-06, 7.98620988007e-07, 2.35305080309e-07, 1.05523438876e-08, 6.39512576228e-09],
        "min": [8.52037107535e-09, 3.74585255258e-07, 1.90747499573e-07, 7.2025173381e-08, 2.77326943632e-08, 1.23098764515e-09, 3.36451178029e-09, 6.83465817275e-09, 9.89558923692e-09, 9.01593288916e-09, 1.01556896226e-09, 2.5365600731e-09, 2.46792786207e-09, 1.62423030581e-09, 2.18992446399e-09, 8.11095191011e-10, 5.1558823877e-10, 2.79460232733e-09, 2.27260588126e-09, 1.58961677155e-09, 2.68032684936e-09, 2.50014542402e-09, 2.51872389612e-09, 3.74367159495e-09, 1.56763646508e-09, 3.93021292594e-12, 6.61470140814e-12],
        "stdev": [3.98898191634e-05, 0.00267952494323, 0.0048790355213, 0.00320259598084, 0.00360057223588, 0.0050045712851, 0.00433217547834, 0.00164405012038, 0.000840445049107, 0.00324686383829, 0.00739076081663, 0.00117786461487, 0.000932030088734, 0.00144391541835, 0.0022368284408, 0.000391800160287, 0.000165665318491, 0.00013737277186, 0.000147978425957, 6.50211150059e-05, 1.65868150361e-05, 5.55753149456e-06, 1.56166686338e-06, 7.44924591345e-07, 3.24787407635e-07, 3.50372069136e-08, 2.09264854334e-08]
    },
    "erbbands": {
        "max": [0.453115284443, 9.82571411133, 88.8018493652, 129.742370605, 131.636688232, 110.723136902, 587.873596191, 299.000030518, 986.539245605, 1222.96984863, 267.273620605, 229.79826355, 657.090026855, 2599.66381836, 2693.7800293, 461.911010742, 1098.78100586, 1104.90686035, 1026.08874512, 417.39239502, 332.884490967, 101.288070679, 88.2727661133, 115.179824829, 67.4935455322, 30.8133792877, 11.9498682022, 6.94373512268, 4.28371858597, 1.38007903099, 0.276081800461, 0.191724270582, 0.156393975019, 0.0615761205554, 0.0153282787651, 0.00214916374534, 0.000657982600387, 0.000210616926779, 8.10263954918e-05, 0.000145573649206],
        "mean": [0.013465307653, 0.302794784307, 1.53141415119, 2.87616229057, 3.58677530289, 6.61469316483, 17.8651275635, 15.0256519318, 21.358953476, 23.1878414154, 14.1824703217, 14.2106113434, 17.524646759, 68.400718689, 86.0812149048, 31.0139465332, 31.9134101868, 46.4179382324, 53.8245811462, 31.5562438965, 18.4436264038, 9.58943271637, 6.04296922684, 5.19256353378, 3.93322849274, 2.13261413574, 0.895805120468, 0.406573683023, 0.20220708847, 0.0970576256514, 0.045104175806, 0.0215046703815, 0.0112256463617, 0.00487481383607, 0.000546188501175, 7.7552133007e-05, 2.52096506301e-05, 7.30701276552e-06, 1.05583876575e-05, 2.11775059142e-05],
        "min": [1.20737358884e-05, 7.93211002019e-05, 0.000201276227017, 0.00026903449907, 0.000174058397533, 5.48736716155e-05, 2.4697435947e-05, 5.37932828593e-06, 2.09977388295e-05, 0.000145091267768, 0.000126892802655, 0.000243976755883, 0.00027820590185, 0.000160463387147, 7.49977916712e-05, 8.49265852594e-05, 9.74958529696e-05, 0.000118045019917, 0.000101085133792, 6.96654096828e-05, 4.7133078624e-05, 3.67901338905e-05, 0.000109326691017, 0.000138137766044, 0.000104172635474, 9.0255845862e-05, 0.000115971583, 9.37186341616e-05, 8.45931572258e-05, 6.47583510727e-05, 7.69380421843e-05, 6.90090964781e-05, 6.97572468198e-05, 3.50184927811e-05, 2.47414550358e-06, 1.21695123312e-07, 3.17450528087e-08, 1.11732374464e-08, 2.93180901778e-09, 1.09984932273e-09],
        "stdev": [0.0344932004809, 0.798824191093, 5.22949743271, 7.7105588913, 8.79055786133, 12.8396282196, 48.0252571106, 29.8498897552, 57.0674552917, 68.9776763916, 22.4851894379, 18.1775894165, 25.4438838959, 201.073165894, 278.756744385, 37.6015014648, 46.4621925354, 77.4723358154, 98.2504119873, 38.1455230713, 20.9706287384, 9.31468677521, 6.50334453583, 8.88434123993, 7.14867019653, 3.45019745827, 1.07171428204, 0.434072881937, 0.225145846605, 0.0987811610103, 0.0390062853694, 0.0191713850945, 0.0107904151082, 0.00547918817028, 0.00130481447559, 0.000212185375858, 6.40940997982e-05, 1.84101045306e-05, 1.36130702231e-05, 2.51651290455e-05]
    },
    "gfcc": {
        "mean": [-94.6079711914, 167.53465271, -185.491394043, 19.5918731689, -48.544883728, 3.12418532372, -27.061340332, -14.9042062759, -5.33873462677, -16.786397934, 5.39342069626, -21.4348487854, 5.48744106293],
        "cov": [[5231.73632812, 626.448303223, -739.305175781, -836.92364502, 223.819869995, -590.118713379, 215.507995605, -160.851455688, -182.082382202, 74.4720687866, 22.7868595123, 147.336776733, -12.3037528992], [626.448303223, 622.41796875, 485.369720459, -192.408981323, 190.716552734, -145.964279175, -54.4809837341, -28.0648403168, -47.9110946655, 35.7267303467, 24.7702445984, -35.2821426392, 24.1305007935], [-739.305175781, 485.369720459, 1371.45849609, 137.845046997, 88.4485473633, 19.5817470551, -80.2414550781, 76.4671325684, -169.152877808, 62.5105781555, 16.9725818634, -32.1825714111, 10.7070941925], [-836.92364502, -192.408981323, 137.845046997, 272.857635498, -48.0475921631, 120.212127686, -5.09200239182, 43.2938079834, 23.679933548, -10.583574295, -12.0067930222, -5.67289352417, -5.39569807053], [223.819869995, 190.716552734, 88.4485473633, -48.0475921631, 179.310317993, 1.07483625412, -35.9381027222, -13.1343889236, 17.0354309082, 18.9390182495, -8.78486156464, -24.7768287659, 13.3708047867], [-590.118713379, -145.964279175, 19.5817470551, 120.212127686, 1.07483625412, 181.934188843, 19.6673545837, 11.7840766907, 30.774274826, -2.99208927155, -10.4837779999, -15.9295301437, -0.730589210987], [215.507995605, -54.4809837341, -80.2414550781, -5.09200239182, -35.9381027222, 19.6673545837, 134.1537323, 20.6822052002, -48.2005615234, 9.97902774811, 30.6637477875, 12.6102018356, -7.42973327637], [-160.851455688, -28.0648403168, 76.4671325684, 43.2938079834, -13.1343889236, 11.7840766907, 20.6822052002, 67.9347763062, 1.74011862278, 8.9267616272, 9.71255397797, 7.61596822739, 0.0247596707195], [-182.082382202, -47.9110946655, -169.152877808, 23.679933548, 17.0354309082, 30.774274826, -48.2005615234, 1.74011862278, 137.461135864, 2.23750948906, -21.4671783447, -8.33420658112, 8.51547908783], [74.4720687866, 35.7267303467, 62.5105781555, -10.583574295, 18.9390182495, -2.99208927155, 9.97902774811, 8.9267616272, 2.23750948906, 52.403087616, 21.6515159607, -2.26124715805, 3.39949917793], [22.7868595123, 24.7702445984, 16.9725818634, -12.0067930222, -8.78486156464, -10.4837779999, 30.6637477875, 9.71255397797, -21.4671783447, 21.6515159607, 51.3764762878, 11.50187397, 1.82013940811], [147.336776733, -35.2821426392, -32.1825714111, -5.67289352417, -24.7768287659, -15.9295301437, 12.6102018356, 7.61596822739, -8.33420658112, -2.26124715805, 11.50187397, 53.8358383179, 11.972205162], [-12.3037528992, 24.1305007935, 10.7070941925, -5.39569807053, 13.3708047867, -0.730589210987, -7.42973327637, 0.0247596707195, 8.51547908783, 3.39949917793, 1.82013940811, 11.972205162, 42.3813285828]],
        "icov": [[0.00133736466523, -0.00141632242594, 0.00116620899644, 0.00100649287924, -0.0012454072712, 0.00212698755786, -0.00240510748699, 0.00103853479959, 0.00172600522637, -0.0035778877791, 0.00459402333945, -0.00464173033834, 0.00208963430487], [-0.00141632242594, 0.0155527070165, -0.00858008675277, 0.00640046410263, -0.00821718014777, 0.006870967336, -0.00366362021305, 0.00636477861553, -0.0114154098555, 0.013020940125, -0.0140446219593, 0.010808843188, -0.00541994720697], [0.00116620899644, -0.00858008675277, 0.00647129490972, -0.00382299185731, 0.00328236073256, -0.00317868124694, 0.00342856557108, -0.00499542057514, 0.00976030901074, -0.0100855398923, 0.00904958881438, -0.00636009965092, 0.00287168752402], [0.00100649287924, 0.00640046410263, -0.00382299185731, 0.011666836217, -0.00386241520755, 0.00226460956037, -0.00426392629743, 0.00190304825082, -0.00499693118036, 0.00376904779114, -0.00114350463264, -0.000474425643915, 0.00049295014469], [-0.0012454072712, -0.00821718014777, 0.00328236073256, -0.00386241520755, 0.0152446413413, -0.00928906258196, 0.00748149631545, -0.00550985755399, 0.0039266734384, -0.00495739094913, 0.00292221922427, 0.00310464459471, -0.00205265614204], [0.00212698755786, 0.006870967336, -0.00317868124694, 0.00226460956037, -0.00928906258196, 0.0185175072402, -0.0114917876199, 0.00840947870165, -0.00602611061186, 0.000925805768929, 0.0022516977042, -0.001774932025, 0.000568288669456], [-0.00240510748699, -0.00366362021305, 0.00342856557108, -0.00426392629743, 0.00748149631545, -0.0114917876199, 0.0216875299811, -0.0110640246421, 0.00910099409521, -0.00132278213277, -0.00808641593903, 0.00578670762479, -0.00178121740464], [0.00103853479959, 0.00636477861553, -0.00499542057514, 0.00190304825082, -0.00550985755399, 0.00840947870165, -0.0110640246421, 0.0258159935474, -0.00902596022934, 0.00205924035981, -0.00283204740845, -0.00346130528487, 0.000858269806486], [0.00172600522637, -0.0114154098555, 0.00976030901074, -0.00499693118036, 0.0039266734384, -0.00602611061186, 0.00910099409521, -0.00902596022934, 0.0246572401375, -0.0172241460532, 0.0154324565083, -0.00844404567033, 0.00230656634085], [-0.0035778877791, 0.013020940125, -0.0100855398923, 0.00376904779114, -0.00495739094913, 0.000925805768929, -0.00132278213277, 0.00205924035981, -0.0172241460532, 0.0444521382451, -0.0304564516991, 0.0181942339987, -0.0080141723156], [0.00459402333945, -0.0140446219593, 0.00904958881438, -0.00114350463264, 0.00292221922427, 0.0022516977042, -0.00808641593903, -0.00283204740845, 0.0154324565083, -0.0304564516991, 0.0516151189804, -0.0239902846515, 0.00850179512054], [-0.00464173033834, 0.010808843188, -0.00636009965092, -0.000474425643915, 0.00310464459471, -0.001774932025, 0.00578670762479, -0.00346130528487, -0.00844404567033, 0.0181942339987, -0.0239902846515, 0.0428642816842, -0.0167900491506], [0.00208963430487, -0.00541994720697, 0.00287168752402, 0.00049295014469, -0.00205265614204, 0.000568288669456, -0.00178121740464, 0.000858269806486, 0.00230656634085, -0.0080141723156, 0.00850179512054, -0.0167900491506, 0.0315270088613]]
    },
    "melbands": {
        "max": [0.00680554192513, 0.0324327908456, 0.0225067250431, 0.00631857197732, 0.0155445132405, 0.00584244215861, 0.0150101659819, 0.0116141270846, 0.0021175944712, 0.00230342429131, 0.00321532040834, 0.0102728009224, 0.0109251067042, 0.00401403848082, 0.00102720828727, 0.00234860507771, 0.00217599561438, 0.00136606220622, 0.00187589577399, 0.00038176093949, 0.00050791708054, 0.000117328192573, 0.000168823462445, 4.3741591071e-05, 0.00010388091323, 7.48976817704e-05, 4.25466278102e-05, 2.0804007363e-05, 8.39089443616e-06, 5.70982365389e-06, 3.34575906891e-06, 2.38942379838e-06, 1.79222467978e-06, 5.33880154308e-07, 1.85274217301e-07, 1.09736959075e-07, 1.25712247723e-07, 1.36335799539e-07, 6.06416392657e-08, 5.33208606157e-08],
        "mean": [0.00020714130369, 0.000666496809572, 0.000490971142426, 0.00037066268851, 0.000524989212863, 0.000359331723303, 0.00033649863326, 0.000232943159062, 0.000107633059088, 8.7940316007e-05, 7.81121198088e-05, 0.000256154919043, 0.000328454480041, 9.89946784102e-05, 6.65654515615e-05, 7.33151464374e-05, 8.49240968819e-05, 7.61828705436e-05, 7.69222388044e-05, 2.5604142138e-05, 2.03545678232e-05, 9.79542437562e-06, 7.13265490049e-06, 4.36861819253e-06, 4.22176572101e-06, 3.08828180096e-06, 1.99533701561e-06, 1.29835109419e-06, 6.00654686878e-07, 3.35370941684e-07, 1.9615518454e-07, 1.21215947502e-07, 7.68401591245e-08, 4.38998171148e-08, 2.73231268721e-08, 1.729253718e-08, 1.13899680798e-08, 8.22343171336e-09, 5.94529003806e-09, 3.42754957749e-09],
        "min": [1.07671965566e-07, 1.04584685801e-07, 4.34681304284e-08, 7.67709984473e-09, 8.92572515898e-10, 1.2639207736e-10, 4.05105893275e-10, 1.63596658442e-09, 1.09404951765e-09, 1.53003021364e-09, 1.40309552865e-09, 7.26445181787e-10, 1.82532780557e-10, 3.19502924118e-10, 1.62552915572e-10, 2.4669413734e-10, 2.14842310609e-10, 1.35421257541e-10, 1.65185892742e-10, 5.51885377675e-11, 5.0918869815e-11, 2.73714887561e-11, 8.03758934409e-11, 1.18496323864e-10, 1.10720273228e-10, 9.31286575634e-11, 4.27773892697e-11, 6.63800264755e-11, 8.65591279209e-11, 4.03980356112e-11, 5.90936882761e-11, 4.72940263341e-11, 4.87895522594e-11, 2.87650910036e-11, 3.98706345717e-11, 5.14035376764e-11, 4.02186790815e-11, 5.32981818402e-11, 3.99842277343e-11, 2.62519398581e-11],
        "stdev": [0.000532801030204, 0.00196909951046, 0.0012690454023, 0.000752624240704, 0.00131283781957, 0.000719135743566, 0.000891242874786, 0.000673883128911, 0.000163183009136, 0.000119620075566, 0.000117772120575, 0.000793036364485, 0.00111490453128, 0.000216431726585, 7.38388116588e-05, 0.000108362321043, 0.0001525626285, 0.000126460407046, 0.000161866570124, 2.81539796561e-05, 2.72805245913e-05, 1.04475357148e-05, 9.31006161409e-06, 4.75904107589e-06, 8.24627295515e-06, 6.0408428908e-06, 3.82342386729e-06, 2.25410894927e-06, 7.93977051217e-07, 3.92577305774e-07, 2.14236195006e-07, 1.36576659315e-07, 9.05234358584e-08, 4.37481162407e-08, 2.46211335764e-08, 1.49243906122e-08, 1.10489013494e-08, 8.22316970073e-09, 5.82315218267e-09, 4.45630909951e-09]
    },
    "melbands128": {
        "max": [0.000616626814008, 0.00288171391003, 0.0102571034804, 0.0182248316705, 0.0490873642266, 0.032826423645, 0.0281830187887, 0.0288723111153, 0.0122806811705, 0.0106039745733, 0.00680852960795, 0.00759161356837, 0.0285171382129, 0.016230802983, 0.00895890500396, 0.00886971782893, 0.0133579410613, 0.0278766751289, 0.0193503499031, 0.0234391763806, 0.00653552729636, 0.00161402195226, 0.00392053648829, 0.000920112885069, 0.00212833564728, 0.0021242252551, 0.00931386649609, 0.00221737474203, 0.000913499679882, 0.00888027064502, 0.0214479491115, 0.015342194587, 0.0226863324642, 0.0163775421679, 0.0060127871111, 0.00177909655031, 0.00284722237848, 0.00190023274627, 0.00127686688211, 0.00581595767289, 0.0015266619157, 0.00175364268944, 0.00518985744566, 0.0025594716426, 0.00372999650426, 0.00146222335752, 0.00512473331764, 0.00308694364503, 0.000433546170825, 0.00047692246153, 0.000580966996495, 0.000277002691291, 0.000780440983362, 0.000591530289967, 0.000148293605889, 0.000148272432853, 0.000112192516099, 0.000190392849618, 0.000263283582171, 5.6852994021e-05, 4.35539368482e-05, 0.000114537768241, 0.000309125054628, 0.000134668749524, 0.000162563679623, 0.000145860060002, 0.000110801025585, 0.000132635468617, 5.26196163264e-05, 4.41304691776e-05, 3.92801848648e-05, 3.11529220198e-05, 1.95838056243e-05, 1.70116709342e-05, 9.84721373243e-06, 7.50103117753e-06, 4.26283668276e-06, 5.79335846851e-06, 2.62421303887e-06, 2.17968590732e-06, 2.38220809479e-06, 1.93166670215e-06, 3.6132803416e-06, 1.6096962554e-06, 1.19886692573e-06, 7.93573235569e-07, 4.64341979978e-07, 3.75249527451e-07, 2.03875956117e-07, 1.74239701778e-07, 1.63103933914e-07, 1.08708654523e-07, 1.7896097404e-07, 1.2819502615e-07, 1.71651066694e-07, 1.53719000195e-07, 1.36686352903e-07, 1.01913855133e-07, 6.84565861775e-08, 6.67535147159e-08, 7.3897474806e-08, 5.65795730267e-08, 5.05034662979e-08, 2.7220947274e-08, 1.29084263278e-08, 5.86229376154e-09, 6.10087491637e-09, 5.74212055682e-09, 3.19328541387e-09, 3.15042480992e-09, 2.03636085772e-09, 2.26394458736e-09, 2.28106111777e-09, 2.12810502553e-09, 2.31048824517e-09, 2.16417461729e-09, 1.71824554585e-09, 1.51201995369e-09, 1.16609155665e-09, 1.63026203648e-09, 1.3361651785e-09, 1.78061221323e-09, 1.77276748836e-09, 8.27382939939e-10, 4.38114405865e-10, 4.19231788173e-10, 4.12846284936e-10, 4.09870110074e-10],
        "mean": [8.10503388493e-06, 4.5344553655e-05, 0.00026837392943, 0.00055375485681, 0.000801699643489, 0.000626794761047, 0.000636956014205, 0.000425849983003, 0.000294458848657, 0.000457133050077, 0.000337204197422, 0.000327308865963, 0.000795129511971, 0.000483387382701, 0.000285771442577, 0.000346097833244, 0.000285607646219, 0.000391398876673, 0.00032009233837, 0.000294490950182, 0.000156545967911, 0.000104879087303, 0.000123741439893, 7.40460600355e-05, 0.000104559927422, 7.34771019779e-05, 9.28150620894e-05, 7.26393045625e-05, 5.83659784752e-05, 0.00021295712213, 0.000357158074621, 0.000262012268649, 0.00046930112876, 0.000251009972999, 8.73916360433e-05, 7.09604209987e-05, 8.13781152829e-05, 5.9215559304e-05, 6.0263035266e-05, 7.92191494838e-05, 6.00744897383e-05, 8.67966664373e-05, 0.000117382434837, 6.52167509543e-05, 4.56349116575e-05, 4.26204205723e-05, 0.000169194288901, 9.35316129471e-05, 3.21944644384e-05, 2.98043632938e-05, 2.46253639489e-05, 2.08313322219e-05, 2.64477566816e-05, 1.73285043275e-05, 1.14108570415e-05, 9.64510309132e-06, 8.19558499643e-06, 7.92512309999e-06, 7.00821101418e-06, 4.66997971671e-06, 3.85518114854e-06, 3.99163627662e-06, 6.04749629929e-06, 3.64518791685e-06, 2.48329342867e-06, 3.1314732496e-06, 3.6247342905e-06, 2.58095747085e-06, 1.36125095196e-06, 1.46796344325e-06, 1.7268702095e-06, 9.36517494665e-07, 6.52807273127e-07, 6.08813081726e-07, 4.50781300287e-07, 3.35764639203e-07, 2.97649648928e-07, 2.37385876289e-07, 1.82496961543e-07, 1.54613928771e-07, 1.3399881027e-07, 1.0521132765e-07, 9.22904774825e-08, 7.80561677516e-08, 6.10683059676e-08, 4.80885020693e-08, 3.88143241992e-08, 3.23926556689e-08, 2.74967604241e-08, 2.35005348515e-08, 1.89002093975e-08, 1.61375890428e-08, 1.32390365337e-08, 1.13447082839e-08, 1.03999928669e-08, 8.89282780747e-09, 7.75175035272e-09, 7.26867144252e-09, 5.96453553214e-09, 5.32284571975e-09, 5.0236987903e-09, 3.36968430936e-09, 1.13657128153e-09, 6.58678556142e-10, 3.06323882926e-10, 1.54464191437e-10, 1.23500973337e-10, 1.06099067032e-10, 8.95411453317e-11, 8.0183144846e-11, 6.66084895573e-11, 5.79511091892e-11, 5.2743358292e-11, 4.85099634073e-11, 4.37525710106e-11, 4.13742373695e-11, 3.8260648122e-11, 3.45134268387e-11, 3.36029364056e-11, 3.44408598862e-11, 3.54076039322e-11, 3.86711253297e-11, 3.33710316325e-11, 1.93757145744e-11, 7.89446633065e-12, 3.24153811432e-12, 2.40644570243e-12, 2.32158649943e-12],
        "min": [1.63845581547e-09, 3.15889856495e-08, 1.02414880132e-07, 1.25815873275e-07, 1.04049760807e-07, 9.38846156373e-08, 5.91896522906e-08, 2.93444877286e-08, 1.7042202316e-08, 6.78165745782e-09, 1.58651314308e-09, 1.05056185973e-09, 1.01894204185e-09, 2.12034514946e-10, 7.48266726358e-11, 1.01603413183e-10, 8.73198041651e-11, 3.72873509846e-10, 7.82716780279e-10, 1.50434997792e-09, 1.92980964542e-09, 6.65609234396e-10, 1.00865649166e-09, 1.37677469425e-09, 1.82660420123e-09, 1.5214752791e-09, 9.89515469563e-10, 1.60733093502e-09, 9.56155710163e-10, 1.09860065489e-09, 3.48059081556e-10, 1.56385321359e-10, 7.79382461347e-11, 2.40750447356e-10, 4.80031014938e-10, 3.25050986127e-10, 1.14644578553e-10, 1.48676182476e-10, 1.86955367854e-10, 1.98840222065e-10, 3.03322256201e-10, 2.54300858149e-10, 2.36024366718e-10, 2.06096195665e-10, 5.27639112957e-11, 1.06564680691e-10, 2.5270510684e-10, 2.23352350504e-10, 1.04241795751e-10, 4.74498912384e-11, 3.81674102046e-11, 7.06756111968e-11, 7.43506298195e-11, 2.77865768589e-11, 3.77250730654e-11, 1.76572142324e-11, 3.27562213465e-11, 4.11335063233e-11, 1.31322050456e-10, 9.63917695662e-11, 5.44831575688e-11, 2.30621272079e-10, 8.88162252077e-11, 9.05696281861e-11, 1.18303325469e-10, 8.09093625431e-11, 9.79985467775e-11, 5.25683940822e-11, 3.21152028582e-11, 2.43225491831e-11, 5.35903578458e-11, 1.20563947714e-10, 4.25563889683e-11, 1.29608962451e-10, 5.65686039677e-11, 3.30683050387e-11, 2.25484353411e-11, 7.38034286463e-11, 6.17580916962e-11, 4.29018140458e-11, 6.96938409761e-11, 3.41765955814e-11, 3.54811388603e-11, 7.07170988434e-11, 3.5042968527e-11, 2.87394812809e-11, 2.94076880902e-11, 2.42096516445e-11, 3.91668884825e-11, 5.47964659758e-11, 4.90101084716e-11, 5.92743076844e-11, 3.37929267902e-11, 2.06774389278e-11, 6.9596398089e-11, 4.93449586747e-11, 5.00590680019e-11, 5.24452252459e-11, 3.95767030259e-11, 3.44909691086e-11, 3.90676553608e-11, 3.24866045523e-12, 5.8851612006e-14, 3.88178462356e-14, 1.51592910588e-14, 1.89059973053e-14, 1.78125285924e-14, 2.00883113041e-14, 2.53506627311e-14, 2.64462354739e-14, 2.42765199219e-14, 1.91905393893e-14, 2.15099697087e-14, 1.92974383353e-14, 1.7284923628e-14, 1.67328411055e-14, 2.31215125713e-14, 1.98197476497e-14, 2.20082012646e-14, 2.18945565481e-14, 2.22360836206e-14, 2.03032120332e-14, 1.93567357238e-14, 1.89126126327e-14, 1.52408569435e-14, 5.09729011658e-15, 6.15627304773e-16, 2.76579203269e-17],
        "stdev": [2.59373155131e-05, 0.000130929591251, 0.000772640516516, 0.00152878242079, 0.00285386573523, 0.00205818354152, 0.00176736572757, 0.00135790917557, 0.00090146221919, 0.00104003597517, 0.000725083868019, 0.000802728987765, 0.0023402669467, 0.00121620914433, 0.000669195142109, 0.000857364560943, 0.000902912812307, 0.00139855605084, 0.000920651713386, 0.00122916011605, 0.000459964183392, 0.000151008687681, 0.00027404280263, 9.34743875405e-05, 0.00017796328757, 0.000120354736282, 0.000267751398496, 0.000130684536998, 7.91890124674e-05, 0.000666258449201, 0.00148099591024, 0.0011578820413, 0.0020550864283, 0.00107326125726, 0.000301045860397, 9.71616755123e-05, 0.000152396693011, 8.35067185108e-05, 7.69422622398e-05, 0.00022056887974, 0.000102680496639, 0.000142084652907, 0.000324421358528, 0.000164828990819, 0.000113083107863, 6.4022380684e-05, 0.000476121058455, 0.000244035705691, 4.12947883888e-05, 4.03659323638e-05, 3.36568518833e-05, 2.87092007056e-05, 4.92653889523e-05, 2.62175653916e-05, 1.44790528793e-05, 1.28178407977e-05, 1.00372772067e-05, 1.23776862893e-05, 1.23698082461e-05, 6.15983526586e-06, 4.55793315268e-06, 5.93319327891e-06, 1.89196016436e-05, 8.37667721498e-06, 6.48396780889e-06, 9.14084648684e-06, 8.84318887984e-06, 8.83846041688e-06, 2.9075670227e-06, 3.59049181498e-06, 4.08393634643e-06, 2.00962631425e-06, 1.21861069147e-06, 1.0815732594e-06, 6.68550853788e-07, 4.62044482674e-07, 3.63608904763e-07, 3.08145587269e-07, 2.14614871652e-07, 1.8202737806e-07, 1.64620274745e-07, 1.29168768126e-07, 1.42535270697e-07, 9.66142437164e-08, 7.35682448294e-08, 5.4365969504e-08, 4.26224993078e-08, 3.44514141659e-08, 2.7509369005e-08, 2.32301093916e-08, 1.87154309828e-08, 1.56672346208e-08, 1.34944304619e-08, 1.2478693634e-08, 1.14966764997e-08, 9.48470368911e-09, 8.88927953469e-09, 7.89436072068e-09, 6.53900711356e-09, 5.931072522e-09, 5.3564521707e-09, 4.93268359492e-09, 3.85257781232e-09, 2.34451946746e-09, 1.11527875823e-09, 5.40777589375e-10, 4.57728466241e-10, 3.80810882827e-10, 3.02676245179e-10, 2.84149648255e-10, 2.20177723276e-10, 1.95835417327e-10, 1.7848314493e-10, 1.68177333171e-10, 1.53387136326e-10, 1.47621484481e-10, 1.37024544489e-10, 1.16597079214e-10, 1.11162822003e-10, 1.15942533352e-10, 1.19955198552e-10, 1.39212752437e-10, 1.20226037459e-10, 6.75528799565e-11, 2.76301845986e-11, 1.33651631429e-11, 1.15804553447e-11, 1.14166558152e-11]
    },
    "mfcc": {
        "mean": [-709.475402832, 178.267318726, -55.5649757385, 10.4171628952, -2.09500193596, 6.51886081696, -2.90688657761, -4.04874134064, -5.18904972076, 2.50600743294, -3.64397120476, -3.20261406898, -1.12789356709],
        "cov": [[5302.92333984, 673.213928223, -1433.90368652, -204.614883423, -531.040039062, -197.550460815, -92.5501251221, -103.476966858, -162.15222168, -71.8077774048, -131.833129883, -37.3417358398, 61.2627754211], [673.213928223, 1023.65466309, 318.481231689, 57.5017356873, 150.142532349, -113.160713196, 71.8375778198, -146.324569702, -105.829536438, 63.0963439941, -33.7761306763, -132.680999756, 24.4077720642], [-1433.90368652, 318.481231689, 1081.64575195, 244.698638916, 213.336257935, 1.51093614101, 166.147079468, -30.6394901276, -27.1845779419, 36.9750900269, -7.28217124939, -63.4755401611, 38.9116668701], [-204.614883423, 57.5017356873, 244.698638916, 151.65814209, 41.2418212891, -24.2808971405, 53.0958404541, -4.34794282913, -9.26809215546, 2.07760429382, -7.14497804642, -7.05605649948, 21.1387310028], [-531.040039062, 150.142532349, 213.336257935, 41.2418212891, 224.931915283, 40.3601226807, -17.9190196991, -17.7081871033, 19.0006961823, 34.0399017334, 29.1027870178, -40.9411964417, -26.8648815155], [-197.550460815, -113.160713196, 1.51093614101, -24.2808971405, 40.3601226807, 117.959503174, 12.6165447235, 18.750793457, 28.3852977753, 13.0050268173, 20.5932121277, -2.41855120659, -16.1351699829], [-92.5501251221, 71.8375778198, 166.147079468, 53.0958404541, -17.9190196991, 12.6165447235, 167.802459717, 2.13656902313, -28.4419937134, 22.9067058563, -17.0220832825, -18.8311424255, 39.3638801575], [-103.476966858, -146.324569702, -30.6394901276, -4.34794282913, -17.7081871033, 18.750793457, 2.13656902313, 70.2747497559, 32.7588996887, -19.4360141754, 4.06774377823, 31.0496139526, 2.35312485695], [-162.15222168, -105.829536438, -27.1845779419, -9.26809215546, 19.0006961823, 28.3852977753, -28.4419937134, 32.7588996887, 65.5992584229, 9.6636133194, 13.8734798431, 15.7907409668, -10.4235458374], [-71.8077774048, 63.0963439941, 36.9750900269, 2.07760429382, 34.0399017334, 13.0050268173, 22.9067058563, -19.4360141754, 9.6636133194, 69.841293335, 20.0326347351, -24.3160839081, 0.76002651453], [-131.833129883, -33.7761306763, -7.28217124939, -7.14497804642, 29.1027870178, 20.5932121277, -17.0220832825, 4.06774377823, 13.8734798431, 20.0326347351, 47.4933013916, 13.6360559464, -9.32709789276], [-37.3417358398, -132.680999756, -63.4755401611, -7.05605649948, -40.9411964417, -2.41855120659, -18.8311424255, 31.0496139526, 15.7907409668, -24.3160839081, 13.6360559464, 80.7375259399, 17.1237220764], [61.2627754211, 24.4077720642, 38.9116668701, 21.1387310028, -26.8648815155, -16.1351699829, 39.3638801575, 2.35312485695, -10.4235458374, 0.76002651453, -9.32709789276, 17.1237220764, 55.066947937]],
        "icov": [[0.000951487745624, -0.00145529594738, 0.00155894621275, -0.00154948909767, 0.00211109127849, -0.00120080844499, 0.000812615675386, -0.000749123224523, 0.000627046858426, 0.00022276508389, 0.000572180142626, 0.000665281841066, -0.000785439333413], [-0.00145529594738, 0.00448037590832, -0.00255832471885, 0.00326665816829, -0.00495175644755, 0.00402361061424, -0.00193060270976, 0.00347677571699, 0.000192989449715, -0.000732862390578, -0.000376523414161, 0.000595626945142, -2.06916993193e-05], [0.00155894621275, -0.00255832471885, 0.00454955920577, -0.00477572111413, 0.00193964364007, -0.00206280453131, 5.43784653928e-06, -0.00104553531855, 0.000887232366949, 0.000856335856952, 0.000967878499068, 0.00127789075486, -0.00167663698085], [-0.00154948909767, 0.00326665816829, -0.00477572111413, 0.0145676499233, -0.00526498863474, 0.00591727765277, -0.00383601221256, 0.00243983534165, -0.00213601253927, 0.00116517022252, -0.00106295873411, -0.00112468784209, -0.000389162596548], [0.00211109127849, -0.00495175644755, 0.00193964364007, -0.00526498863474, 0.014397483319, -0.00655804853886, 0.00505310948938, -0.00266177183948, -0.00072645401815, -0.000257426290773, -0.00275639700703, 0.00366391218267, 0.000360466830898], [-0.00120080844499, 0.00402361061424, -0.00206280453131, 0.00591727765277, -0.00655804853886, 0.0161352269351, -0.00591535819694, 0.00227837637067, -0.00445058755577, 0.00103132508229, -0.00419600587338, 0.00122425495647, 0.00245009735227], [0.000812615675386, -0.00193060270976, 5.43784653928e-06, -0.00383601221256, 0.00505310948938, -0.00591535819694, 0.0136928427964, -0.0069154240191, 0.00745115336031, -0.00639091292396, 0.003976396285, 0.00230505131185, -0.00588497053832], [-0.000749123224523, 0.00347677571699, -0.00104553531855, 0.00243983534165, -0.00266177183948, 0.00227837637067, -0.0069154240191, 0.0302244387567, -0.0146962320432, 0.00971182901412, -0.00266378419474, -0.00347416708246, -0.00017127225874], [0.000627046858426, 0.000192989449715, 0.000887232366949, -0.00213601253927, -0.00072645401815, -0.00445058755577, 0.00745115336031, -0.0146962320432, 0.0314125530422, -0.0119776250795, 0.00482168002054, -0.00273580197245, 0.000831813027617], [0.00022276508389, -0.000732862390578, 0.000856335856952, 0.00116517022252, -0.000257426290773, 0.00103132508229, -0.00639091292396, 0.00971182901412, -0.0119776250795, 0.0284981969744, -0.0149424578995, 0.00876545719802, -0.00456252275035], [0.000572180142626, -0.000376523414161, 0.000967878499068, -0.00106295873411, -0.00275639700703, -0.00419600587338, 0.003976396285, -0.00266378419474, 0.00482168002054, -0.0149424578995, 0.0368549525738, -0.0119950892404, 0.00504293199629], [0.000665281841066, 0.000595626945142, 0.00127789075486, -0.00112468784209, 0.00366391218267, 0.00122425495647, 0.00230505131185, -0.00347416708246, -0.00273580197245, 0.00876545719802, -0.0119950892404, 0.0260051414371, -0.0115856202319], [-0.000785439333413, -2.06916993193e-05, -0.00167663698085, -0.000389162596548, 0.000360466830898, 0.00245009735227, -0.00588497053832, -0.00017127225874, 0.000831813027617, -0.00456252275035, 0.00504293199629, -0.0115856202319, 0.0301619805396]]
    },
    "spectral_contrast_coeffs": {
        "max": [-0.499252676964, -0.536972999573, -0.454764544964, -0.576357483864, -0.665622293949, -0.603647649288],
        "mean": [-0.735739588737, -0.803211808205, -0.784373342991, -0.801245093346, -0.793069839478, -0.730957508087],
        "min": [-0.88170838356, -0.926951706409, -0.924697339535, -0.937331080437, -0.90786498785, -0.887818574905],
        "stdev": [0.0633484348655, 0.0721463784575, 0.0880017578602, 0.0698440298438, 0.0376635156572, 0.0468019284308]
    },
    "spectral_contrast_valleys": {
        "max": [-4.94665288925, -4.92794084549, -5.34769392014, -5.64619779587, -6.79930257797, -10.582690239],
        "mean": [-7.24331283569, -6.61740589142, -7.03992366791, -7.19482183456, -8.19945716858, -12.4384880066],
        "min": [-11.3855075836, -12.4251384735, -12.4452400208, -12.7360534668, -12.7107028961, -14.4372386932],
        "stdev": [0.875906944275, 0.858317911625, 0.987075150013, 1.01724207401, 0.844313263893, 0.559886813164]
    }
},
"rhythm": {
    "beats_count": 80,
    "beats_loudness": {
        "max": 0.119633287191,
        "mean": 0.0217305179685,
        "min": 5.023052654e-05,
        "stdev": 0.0274865645915
    },
    "bpm": 134.879943848,
    "bpm_histogram_first_peak_bpm": 136,
    "bpm_histogram_first_peak_weight": 0.474999964237,
    "bpm_histogram_second_peak_bpm": 120,
    "bpm_histogram_second_peak_spread": 0.5,
    "bpm_histogram_second_peak_weight": 0.101265825331,
    "danceability": 0.832742393017,
    "onset_rate": 2.15810084343,
    "beats_loudness_band_ratio": {
        "max": [0.956120669842, 0.548273384571, 0.486317664385, 0.673448085785, 0.471987128258, 0.0365271084011],
        "mean": [0.180028945208, 0.145959675312, 0.185746431351, 0.322804063559, 0.190920561552, 0.0113209513947],
        "min": [0.0123661691323, 0.0220158807933, 0.00490681827068, 0.00588906742632, 0.00125541293528, 0.000259006221313],
        "stdev": [0.211955085397, 0.115303054452, 0.103746689856, 0.169292390347, 0.12669685483, 0.00797826517373]
    },
